2013.10.10 02:00:00.086,0.92102,0.9211,1.13,1.13
2013.10.10 02:00:00.645,0.92102,0.9211,1.13,1.13
2013.10.10 02:00:01.186,0.92101,0.9211,2.25,1.13
2013.10.10 02:00:01.605,0.92101,0.92114,4.88,1.13
2013.10.10 02:00:02.126,0.92101,0.92113,3.38,1.13
2013.10.10 02:00:02.186,0.92101,0.92113,1.50,1.88
2013.10.10 02:00:02.247,0.92099,0.9211,3.00,1.13
2013.10.10 02:00:02.367,0.92098,0.9211,2.25,1.13
2013.10.10 02:00:02.917,0.92097,0.92109,1.88,1.13
2013.10.10 02:00:03.517,0.92097,0.92109,3.01,1.13
2013.10.10 02:00:03.697,0.921,0.92112,3.38,1.13
2013.10.10 02:00:03.996,0.921,0.92111,1.50,1.13
2013.10.10 02:00:04.506,0.92099,0.92111,1.88,1.13
2013.10.10 02:00:05.566,0.92099,0.9211,1.50,1.13
2013.10.10 02:00:05.687,0.92096,0.92107,2.25,1.13
2013.10.10 02:00:06.286,0.92096,0.92107,1.50,1.13
2013.10.10 02:00:07.485,0.92096,0.92108,1.50,1.13
2013.10.10 02:00:08.051,0.92096,0.92107,1.13,1.13
2013.10.10 02:00:09.005,0.92096,0.92109,1.88,1.13
2013.10.10 02:00:10.915,0.92095,0.92107,1.88,1.13
2013.10.10 02:00:11.155,0.92095,0.92108,1.50,1.13
2013.10.10 02:00:11.676,0.92095,0.92107,2.25,1.13
2013.10.10 02:00:12.225,0.92094,0.92104,1.13,1.13
2013.10.10 02:00:12.707,0.92091,0.92103,3.00,1.13
2013.10.10 02:00:12.888,0.92091,0.92101,1.13,1.13
2013.10.10 02:00:13.125,0.92087,0.92099,2.25,1.13
2013.10.10 02:00:13.772,0.92087,0.92099,2.25,1.13
2013.10.10 02:00:16.205,0.92087,0.92099,1.50,1.13
2013.10.10 02:00:19.516,0.92087,0.92099,1.88,1.13
2013.10.10 02:00:20.155,0.92087,0.92099,1.50,1.13
2013.10.10 02:00:20.222,0.92085,0.92094,1.13,1.50
2013.10.10 02:00:20.345,0.92079,0.9209,1.50,1.88
2013.10.10 02:00:20.405,0.92076,0.92089,2.25,1.88
2013.10.10 02:00:20.936,0.92076,0.92089,1.88,1.88
2013.10.10 02:00:22.366,0.92076,0.92089,1.50,2.25
2013.10.10 02:00:22.489,0.92074,0.92086,1.50,1.13
2013.10.10 02:00:22.558,0.92073,0.92086,2.63,1.13
2013.10.10 02:00:22.617,0.92073,0.92086,1.50,1.88
2013.10.10 02:00:23.096,0.92071,0.92083,1.50,1.88
2013.10.10 02:00:23.156,0.9207,0.92083,1.50,1.88
2013.10.10 02:00:23.695,0.92069,0.92081,1.50,1.50
2013.10.10 02:00:27.196,0.92069,0.92081,1.88,1.13
2013.10.10 02:00:27.736,0.92069,0.92082,4.35,1.13
2013.10.10 02:00:29.278,0.92069,0.92083,7.36,1.88
2013.10.10 02:00:29.347,0.92072,0.92085,3.75,1.13
2013.10.10 02:00:29.706,0.92076,0.92089,2.63,2.63
2013.10.10 02:00:31.056,0.92076,0.92085,1.13,1.13
2013.10.10 02:00:31.415,0.92071,0.92082,1.50,1.50
2013.10.10 02:00:31.535,0.92071,0.92082,1.13,1.50
2013.10.10 02:00:31.595,0.92071,0.9208,1.13,1.50
2013.10.10 02:00:33.034,0.92071,0.92081,1.13,1.50
2013.10.10 02:00:33.585,0.92069,0.92078,1.35,2.25
2013.10.10 02:00:33.886,0.92069,0.92079,1.13,1.88
2013.10.10 02:00:34.426,0.92069,0.92079,1.50,1.13
2013.10.10 02:00:35.110,0.92067,0.92077,2.25,1.13
2013.10.10 02:00:35.714,0.92067,0.92077,1.13,1.13
2013.10.10 02:00:36.347,0.92067,0.92077,1.13,1.13
2013.10.10 02:00:36.885,0.92067,0.92078,1.50,1.50
2013.10.10 02:00:38.866,0.92066,0.92077,1.13,1.13
2013.10.10 02:00:38.927,0.92066,0.92077,1.13,1.13
2013.10.10 02:00:39.419,0.92066,0.92078,1.13,1.50
2013.10.10 02:00:40.956,0.92066,0.92077,2.26,1.50
2013.10.10 02:00:41.316,0.92065,0.92077,1.50,1.13
2013.10.10 02:00:41.496,0.92064,0.92076,2.85,1.50
2013.10.10 02:00:42.026,0.92064,0.92076,3.60,1.50
2013.10.10 02:00:43.176,0.92064,0.92076,3.00,1.50
2013.10.10 02:00:43.486,0.92064,0.92074,2.25,1.50
2013.10.10 02:00:44.625,0.92064,0.92074,1.50,1.50
2013.10.10 02:00:45.106,0.9206,0.92072,2.25,1.88
2013.10.10 02:00:45.170,0.9206,0.92072,1.50,1.88
2013.10.10 02:00:45.776,0.9206,0.92071,1.50,1.50
2013.10.10 02:00:49.125,0.92058,0.92069,2.85,1.13
2013.10.10 02:00:49.317,0.92053,0.92065,1.50,1.13
2013.10.10 02:00:49.375,0.92053,0.92065,1.50,1.13
2013.10.10 02:00:49.558,0.92048,0.92061,1.50,1.13
2013.10.10 02:00:49.615,0.92047,0.92058,1.50,1.50
2013.10.10 02:00:49.916,0.92047,0.92058,1.50,1.50
2013.10.10 02:00:50.456,0.92047,0.92058,1.13,3.00
2013.10.10 02:00:50.576,0.92046,0.92056,1.13,1.50
2013.10.10 02:00:52.699,0.92046,0.92057,1.13,1.50
2013.10.10 02:00:52.816,0.92046,0.92058,2.25,1.88
2013.10.10 02:00:52.937,0.92046,0.92058,1.88,1.88
2013.10.10 02:00:53.116,0.92046,0.92058,2.25,1.88
2013.10.10 02:00:53.395,0.92047,0.92061,3.76,1.50
2013.10.10 02:00:53.971,0.92047,0.92062,5.26,2.63
2013.10.10 02:00:54.996,0.92048,0.92062,2.63,2.63
2013.10.10 02:00:55.115,0.92048,0.9206,1.88,1.50
2013.10.10 02:00:55.235,0.92047,0.92058,1.13,1.50
2013.10.10 02:00:55.556,0.92044,0.92055,1.50,1.13
2013.10.10 02:00:55.868,0.92042,0.92053,1.13,1.88
2013.10.10 02:00:58.347,0.92041,0.92053,1.13,2.63
2013.10.10 02:00:58.526,0.9204,0.9205,1.13,1.50
2013.10.10 02:00:58.706,0.92035,0.92047,1.50,1.13
2013.10.10 02:00:59.245,0.92035,0.92048,1.88,1.13
2013.10.10 02:01:00.237,0.92036,0.92048,2.63,1.13
2013.10.10 02:01:00.728,0.92034,0.92045,3.00,1.13
2013.10.10 02:01:00.846,0.92034,0.92045,2.25,1.13
2013.10.10 02:01:06.746,0.92032,0.92044,2.63,1.50
2013.10.10 02:01:06.806,0.92032,0.92044,2.25,1.50
2013.10.10 02:01:07.309,0.92032,0.92044,2.63,1.50
2013.10.10 02:01:07.368,0.92032,0.92045,3.38,2.25
2013.10.10 02:01:07.676,0.92034,0.92046,3.75,1.50
2013.10.10 02:01:08.185,0.92034,0.92047,3.75,1.50
2013.10.10 02:01:08.516,0.92034,0.92047,2.25,1.50
2013.10.10 02:01:09.028,0.92034,0.92047,2.85,1.50
2013.10.10 02:01:09.386,0.92032,0.92046,1.50,1.50
2013.10.10 02:01:09.928,0.92032,0.92047,2.25,1.13
2013.10.10 02:01:10.168,0.9203,0.92046,3.23,1.50
2013.10.10 02:01:10.287,0.9203,0.92046,3.23,1.50
2013.10.10 02:01:10.726,0.9203,0.92046,3.00,1.50
2013.10.10 02:01:10.846,0.9203,0.92045,2.25,1.13
2013.10.10 02:01:11.242,0.9203,0.92043,1.50,1.13
2013.10.10 02:01:11.426,0.92029,0.92041,1.50,2.63
2013.10.10 02:01:11.485,0.92028,0.9204,2.25,1.50
2013.10.10 02:01:11.846,0.92028,0.92041,3.23,1.13
2013.10.10 02:01:12.286,0.92028,0.9204,5.10,1.13
2013.10.10 02:01:12.406,0.92028,0.92041,5.86,1.13
2013.10.10 02:01:12.918,0.92028,0.92043,5.85,1.50
2013.10.10 02:01:13.475,0.92028,0.92043,5.86,1.13
2013.10.10 02:01:15.105,0.92028,0.92045,5.86,1.88
2013.10.10 02:01:15.235,0.92029,0.92045,4.36,1.13
2013.10.10 02:01:15.595,0.92033,0.92048,3.01,1.88
2013.10.10 02:01:15.776,0.92035,0.92049,3.38,1.13
2013.10.10 02:01:15.836,0.92035,0.92049,3.38,1.13
2013.10.10 02:01:17.606,0.92039,0.92054,4.88,1.88
2013.10.10 02:01:17.785,0.9204,0.92055,4.50,1.50
2013.10.10 02:01:18.606,0.9204,0.92055,1.13,3.38
2013.10.10 02:01:18.666,0.9204,0.92053,1.50,1.88
2013.10.10 02:01:19.206,0.9204,0.92052,1.13,1.13
2013.10.10 02:01:19.735,0.9204,0.92053,1.50,2.25
2013.10.10 02:01:20.246,0.9204,0.92053,1.50,2.25
2013.10.10 02:01:20.435,0.9204,0.92054,1.50,1.13
2013.10.10 02:01:21.487,0.9204,0.92054,1.50,1.13
2013.10.10 02:01:21.996,0.9204,0.92051,2.26,1.50
2013.10.10 02:01:22.176,0.92039,0.92051,1.13,2.63
2013.10.10 02:01:22.296,0.92037,0.9205,1.50,1.13
2013.10.10 02:01:22.659,0.92037,0.9205,2.26,1.13
2013.10.10 02:01:22.786,0.9204,0.92051,3.76,1.50
2013.10.10 02:01:22.846,0.92042,0.92056,2.63,1.13
2013.10.10 02:01:23.086,0.92044,0.92058,4.13,1.50
2013.10.10 02:01:23.626,0.92048,0.92061,3.38,1.13
2013.10.10 02:01:24.166,0.92048,0.92061,3.01,1.13
2013.10.10 02:01:24.825,0.92048,0.92061,2.25,1.50
2013.10.10 02:01:26.476,0.92048,0.92059,3.00,1.13
2013.10.10 02:01:27.325,0.92048,0.92059,3.01,1.13
2013.10.10 02:01:27.877,0.92048,0.92059,3.01,1.13
2013.10.10 02:01:28.145,0.92048,0.92061,3.00,1.13
2013.10.10 02:01:29.117,0.92049,0.92062,4.50,1.13
2013.10.10 02:01:29.236,0.92051,0.92062,4.50,1.13
2013.10.10 02:01:31.656,0.92051,0.92064,4.73,1.13
2013.10.10 02:01:32.518,0.92045,0.92055,2.25,1.50
2013.10.10 02:01:32.766,0.92045,0.92055,2.25,1.88
2013.10.10 02:01:34.065,0.92045,0.92058,1.50,3.00
2013.10.10 02:01:34.365,0.92042,0.92054,1.50,1.13
2013.10.10 02:01:34.488,0.92041,0.92052,1.13,1.13
2013.10.10 02:01:34.786,0.92041,0.92054,1.50,1.88
2013.10.10 02:01:35.716,0.92041,0.92052,1.50,1.13
2013.10.10 02:01:35.841,0.9204,0.92052,2.25,1.13
2013.10.10 02:01:37.316,0.92039,0.92051,1.50,1.13
2013.10.10 02:01:37.867,0.92038,0.9205,2.25,1.13
2013.10.10 02:01:38.508,0.92038,0.92047,2.25,1.13
2013.10.10 02:01:39.209,0.92038,0.92047,2.25,1.13
2013.10.10 02:01:40.325,0.92038,0.92047,2.25,1.13
2013.10.10 02:01:41.346,0.92039,0.92051,2.63,1.13
2013.10.10 02:01:41.586,0.92039,0.92051,1.88,1.13
2013.10.10 02:01:42.200,0.92039,0.9205,1.50,1.13
2013.10.10 02:01:43.726,0.92039,0.92049,1.50,1.13
2013.10.10 02:01:43.785,0.92038,0.92049,2.63,1.13
2013.10.10 02:01:44.367,0.92038,0.9205,2.25,1.13
2013.10.10 02:01:44.908,0.92038,0.9205,2.25,1.13
2013.10.10 02:01:45.645,0.92038,0.9205,4.50,1.13
2013.10.10 02:01:49.055,0.92038,0.9205,3.00,1.13
2013.10.10 02:01:49.238,0.92038,0.92048,1.50,1.50
2013.10.10 02:01:50.036,0.92035,0.92047,1.50,2.25
2013.10.10 02:01:50.602,0.92034,0.92046,1.13,1.50
2013.10.10 02:01:51.457,0.92033,0.92046,2.25,2.63
2013.10.10 02:01:51.636,0.92033,0.92045,1.13,1.88
2013.10.10 02:01:51.816,0.92033,0.92043,1.13,1.13
2013.10.10 02:01:52.338,0.92032,0.92043,1.13,1.88
2013.10.10 02:01:58.185,0.92032,0.92043,1.13,2.63
2013.10.10 02:01:58.735,0.9203,0.92043,2.25,3.38
2013.10.10 02:01:58.856,0.9203,0.92042,2.25,1.13
2013.10.10 02:02:01.168,0.9203,0.92042,2.25,1.13
2013.10.10 02:02:03.106,0.9203,0.92043,4.50,1.50
2013.10.10 02:02:03.565,0.9203,0.92042,3.75,1.13
2013.10.10 02:02:04.075,0.9203,0.92042,3.75,1.13
2013.10.10 02:02:04.556,0.92028,0.92041,3.00,1.50
2013.10.10 02:02:04.676,0.92028,0.9204,1.88,1.50
2013.10.10 02:02:04.855,0.92028,0.92041,4.13,1.13
2013.10.10 02:02:05.374,0.92032,0.92044,3.00,1.50
2013.10.10 02:02:06.008,0.92033,0.92044,3.00,1.50
2013.10.10 02:02:06.366,0.92033,0.92043,3.00,1.50
2013.10.10 02:02:06.740,0.92033,0.92043,3.00,1.50
2013.10.10 02:02:08.036,0.92035,0.92046,3.00,1.88
2013.10.10 02:02:08.276,0.92037,0.92047,3.38,1.50
2013.10.10 02:02:10.003,0.92037,0.92049,3.38,3.00
2013.10.10 02:02:13.056,0.92037,0.92048,3.38,1.88
2013.10.10 02:02:13.116,0.92037,0.92048,3.38,1.88
2013.10.10 02:02:13.416,0.92037,0.92049,3.38,3.38
2013.10.10 02:02:13.596,0.9204,0.9205,3.00,1.13
2013.10.10 02:02:13.988,0.92041,0.92052,3.00,1.13
2013.10.10 02:02:15.546,0.92043,0.92054,3.75,1.50
2013.10.10 02:02:15.785,0.92045,0.92057,2.63,1.88
2013.10.10 02:02:15.966,0.92046,0.92058,4.13,1.13
2013.10.10 02:02:16.325,0.92049,0.9206,3.00,1.88
2013.10.10 02:02:20.835,0.92049,0.92057,3.00,1.13
2013.10.10 02:02:21.603,0.92049,0.92058,3.00,1.13
2013.10.10 02:02:21.917,0.92051,0.92058,3.00,1.13
2013.10.10 02:02:22.276,0.92054,0.92062,3.00,1.13
2013.10.10 02:02:22.515,0.92055,0.92064,3.00,1.13
2013.10.10 02:02:22.696,0.92055,0.92064,3.00,1.13
2013.10.10 02:02:23.777,0.92055,0.92064,3.00,1.13
2013.10.10 02:02:25.986,0.92055,0.92066,1.50,1.88
2013.10.10 02:02:29.036,0.92055,0.92064,3.00,1.50
2013.10.10 02:02:29.396,0.92055,0.92062,3.00,1.13
2013.10.10 02:02:29.575,0.92055,0.92063,3.00,1.13
2013.10.10 02:02:29.816,0.92057,0.92066,3.00,2.25
2013.10.10 02:02:29.996,0.92057,0.92066,1.50,1.50
2013.10.10 02:02:30.116,0.92055,0.92066,2.25,1.13
2013.10.10 02:02:30.176,0.92055,0.92064,1.50,1.13
2013.10.10 02:02:30.907,0.92054,0.92062,1.50,1.88
2013.10.10 02:02:32.400,0.92054,0.92066,1.50,1.50
2013.10.10 02:02:32.466,0.92055,0.92067,4.13,3.00
2013.10.10 02:02:32.526,0.9206,0.9207,3.38,1.50
2013.10.10 02:02:32.646,0.92061,0.92073,3.38,1.13
2013.10.10 02:02:32.767,0.92061,0.92076,4.88,1.13
2013.10.10 02:02:32.826,0.92066,0.92078,2.63,1.13
2013.10.10 02:02:32.946,0.92066,0.92078,4.13,1.13
2013.10.10 02:02:33.306,0.92066,0.92074,1.50,1.13
2013.10.10 02:02:33.426,0.92065,0.92077,1.50,1.50
2013.10.10 02:02:33.606,0.92069,0.92081,3.00,1.50
2013.10.10 02:02:33.726,0.92069,0.92081,3.00,1.13
2013.10.10 02:02:34.405,0.92069,0.92078,3.00,1.13
2013.10.10 02:02:35.094,0.92069,0.92078,3.00,1.13
2013.10.10 02:02:35.615,0.92069,0.92079,3.00,1.13
2013.10.10 02:02:36.118,0.92069,0.92081,3.38,1.50
2013.10.10 02:02:36.356,0.92069,0.92081,2.48,1.50
2013.10.10 02:02:41.326,0.92069,0.92082,3.61,1.88
2013.10.10 02:02:41.775,0.9207,0.92082,3.23,1.13
2013.10.10 02:02:45.286,0.92071,0.92084,4.36,1.13
2013.10.10 02:02:47.267,0.92071,0.92084,4.36,1.13
2013.10.10 02:02:48.027,0.92071,0.92085,4.36,2.63
2013.10.10 02:02:49.107,0.92072,0.92085,3.60,1.50
2013.10.10 02:02:49.346,0.92074,0.92087,3.01,1.50
2013.10.10 02:02:50.016,0.92074,0.92087,3.01,1.88
2013.10.10 02:02:51.256,0.92074,0.92086,3.01,1.13
2013.10.10 02:02:51.375,0.92074,0.92085,1.13,1.88
2013.10.10 02:02:51.940,0.92074,0.92084,1.13,1.88
2013.10.10 02:02:52.406,0.92074,0.92082,1.13,1.50
2013.10.10 02:02:52.586,0.92072,0.92082,1.13,1.88
2013.10.10 02:02:52.766,0.9207,0.9208,1.13,2.25
2013.10.10 02:02:52.949,0.9207,0.92082,1.73,1.13
2013.10.10 02:02:55.407,0.92071,0.92084,3.61,1.88
2013.10.10 02:02:55.526,0.92074,0.92086,2.48,3.00
2013.10.10 02:02:56.046,0.92074,0.92086,1.13,2.25
2013.10.10 02:03:09.036,0.92073,0.92084,1.13,1.50
2013.10.10 02:03:09.156,0.92073,0.92084,1.13,1.88
2013.10.10 02:03:09.724,0.92071,0.92083,1.88,1.88
2013.10.10 02:03:10.255,0.92071,0.92083,1.88,1.88
2013.10.10 02:03:13.739,0.92071,0.92083,1.50,1.13
2013.10.10 02:03:14.097,0.92068,0.92078,1.13,1.88
2013.10.10 02:03:14.216,0.92068,0.92078,1.50,1.50
2013.10.10 02:03:14.341,0.92068,0.92078,1.13,1.50
2013.10.10 02:03:14.982,0.92068,0.92078,1.13,1.50
2013.10.10 02:03:17.166,0.92068,0.92078,1.13,1.88
2013.10.10 02:03:18.185,0.92068,0.92078,1.88,1.13
2013.10.10 02:03:18.716,0.92068,0.92081,2.63,3.38
2013.10.10 02:03:19.366,0.92068,0.92081,2.25,3.38
2013.10.10 02:03:20.116,0.92068,0.9208,1.50,1.13
2013.10.10 02:03:21.535,0.92068,0.9208,1.50,1.13
2013.10.10 02:03:25.806,0.92068,0.9208,1.50,1.13
2013.10.10 02:03:28.336,0.92068,0.9208,2.10,1.13
2013.10.10 02:03:28.396,0.92068,0.9208,1.73,1.13
2013.10.10 02:03:28.576,0.9207,0.92082,2.63,1.13
2013.10.10 02:03:29.097,0.9207,0.92084,4.13,2.25
2013.10.10 02:03:29.676,0.92071,0.92084,2.48,2.25
2013.10.10 02:03:29.994,0.92071,0.92084,1.13,2.63
2013.10.10 02:03:30.296,0.9207,0.92081,1.88,1.50
2013.10.10 02:03:30.478,0.92069,0.92079,1.13,1.13
2013.10.10 02:03:31.158,0.92068,0.9208,2.48,1.88
2013.10.10 02:03:31.455,0.92068,0.92079,2.48,1.13
2013.10.10 02:03:32.326,0.92068,0.92079,2.48,1.88
2013.10.10 02:03:32.565,0.92068,0.92081,4.35,2.63
2013.10.10 02:03:34.646,0.92068,0.92081,4.35,1.88
2013.10.10 02:03:34.947,0.9207,0.92081,3.23,1.13
2013.10.10 02:03:35.305,0.9207,0.92081,2.48,1.50
2013.10.10 02:03:35.387,0.9207,0.92081,2.48,1.50
2013.10.10 02:03:35.747,0.92062,0.9207,1.50,1.13
2013.10.10 02:03:35.806,0.9206,0.9207,2.63,1.13
2013.10.10 02:03:35.866,0.9206,0.92065,1.88,1.13
2013.10.10 02:03:36.166,0.92051,0.9206,1.50,1.13
2013.10.10 02:03:36.287,0.92049,0.9206,1.50,1.13
2013.10.10 02:03:37.618,0.92049,0.92062,1.50,1.88
2013.10.10 02:03:37.796,0.92047,0.92058,1.50,1.13
2013.10.10 02:03:37.976,0.92046,0.92058,1.50,1.50
2013.10.10 02:03:38.165,0.92046,0.92058,1.50,1.50
2013.10.10 02:03:38.358,0.92045,0.92058,2.25,1.50
2013.10.10 02:03:40.118,0.92045,0.92058,2.25,1.50
2013.10.10 02:03:40.426,0.92046,0.92059,3.61,1.13
2013.10.10 02:03:44.409,0.92046,0.92059,2.10,1.13
2013.10.10 02:03:45.536,0.92046,0.92059,3.98,1.13
2013.10.10 02:03:49.846,0.92047,0.92059,3.23,1.13
2013.10.10 02:03:51.965,0.92047,0.9206,3.98,1.50
2013.10.10 02:03:52.495,0.92048,0.92062,4.73,1.50
2013.10.10 02:03:53.326,0.92048,0.92061,2.63,1.50
2013.10.10 02:03:53.861,0.92048,0.92059,1.35,1.50
2013.10.10 02:03:55.386,0.92048,0.92059,1.35,1.50
2013.10.10 02:03:56.007,0.92048,0.92059,1.35,1.50
2013.10.10 02:03:56.206,0.92046,0.92058,2.10,1.50
2013.10.10 02:03:56.385,0.92045,0.92055,2.25,1.13
2013.10.10 02:03:56.446,0.92045,0.92055,1.50,1.13
2013.10.10 02:03:56.566,0.92045,0.92057,1.50,1.50
2013.10.10 02:03:56.746,0.92045,0.92057,1.50,1.13
2013.10.10 02:03:56.806,0.92045,0.92057,4.35,1.13
2013.10.10 02:03:57.107,0.92053,0.92066,3.75,2.63
2013.10.10 02:03:57.466,0.92057,0.92068,3.75,1.13
2013.10.10 02:03:58.298,0.92057,0.92066,1.88,1.13
2013.10.10 02:03:58.912,0.92057,0.92066,2.26,1.13
2013.10.10 02:03:59.736,0.92057,0.92066,1.35,1.13
2013.10.10 02:03:59.796,0.92055,0.92066,1.50,1.50
2013.10.10 02:03:59.921,0.92053,0.92063,3.00,1.13
2013.10.10 02:04:00.248,0.92052,0.9206,2.25,1.13
2013.10.10 02:04:00.820,0.92051,0.9206,1.50,1.13
2013.10.10 02:04:02.236,0.92051,0.92061,3.60,1.13
2013.10.10 02:04:02.597,0.92053,0.92062,3.60,1.13
2013.10.10 02:04:02.956,0.92055,0.92065,4.13,1.13
2013.10.10 02:04:03.136,0.92057,0.92066,2.26,1.13
2013.10.10 02:04:03.376,0.92057,0.92065,2.26,1.13
2013.10.10 02:04:05.567,0.92055,0.92065,2.10,2.25
2013.10.10 02:04:05.626,0.92054,0.92064,1.50,1.50
2013.10.10 02:04:05.686,0.92054,0.92063,1.50,2.25
2013.10.10 02:04:05.806,0.92049,0.9206,1.50,1.13
2013.10.10 02:04:05.866,0.92049,0.9206,1.50,1.13
2013.10.10 02:04:06.226,0.92049,0.92059,3.60,1.13
2013.10.10 02:04:06.346,0.92049,0.92062,3.00,3.38
2013.10.10 02:04:06.407,0.92049,0.92059,1.50,1.13
2013.10.10 02:04:06.466,0.92046,0.92058,1.50,1.13
2013.10.10 02:04:06.526,0.92045,0.92058,2.25,1.13
2013.10.10 02:04:06.826,0.92045,0.92059,5.63,1.50
2013.10.10 02:04:07.185,0.92048,0.92059,2.85,1.13
2013.10.10 02:04:08.516,0.92048,0.92059,1.50,1.13
2013.10.10 02:04:08.817,0.92048,0.92061,2.85,1.13
2013.10.10 02:04:08.939,0.92051,0.92064,3.75,1.50
2013.10.10 02:04:09.127,0.92052,0.92064,3.75,1.13
2013.10.10 02:04:09.246,0.92051,0.92063,2.10,2.25
2013.10.10 02:04:09.307,0.92051,0.92059,2.10,1.13
2013.10.10 02:04:09.486,0.92049,0.92059,2.10,1.13
2013.10.10 02:04:10.026,0.92048,0.92059,1.50,1.13
2013.10.10 02:04:15.197,0.92048,0.92059,2.10,1.50
2013.10.10 02:04:17.336,0.92049,0.92059,3.75,1.50
2013.10.10 02:04:17.516,0.92051,0.92063,3.00,1.13
2013.10.10 02:04:17.696,0.92051,0.92063,1.50,1.13
2013.10.10 02:04:18.676,0.92051,0.92061,2.85,1.13
2013.10.10 02:04:19.296,0.9205,0.92061,2.10,1.13
2013.10.10 02:04:19.416,0.92049,0.9206,2.25,2.25
2013.10.10 02:04:19.656,0.92047,0.92057,2.10,1.13
2013.10.10 02:04:19.716,0.92047,0.92057,2.10,1.13
2013.10.10 02:04:20.228,0.92047,0.92057,1.35,1.13
2013.10.10 02:04:20.886,0.92047,0.92058,2.85,1.13
2013.10.10 02:04:21.406,0.92048,0.92057,2.85,1.13
2013.10.10 02:04:21.601,0.92048,0.92057,1.35,1.13
2013.10.10 02:04:26.777,0.92048,0.92057,2.85,1.13
2013.10.10 02:04:27.016,0.92051,0.92065,4.13,1.13
2013.10.10 02:04:28.126,0.92052,0.92065,3.76,1.13
2013.10.10 02:04:28.826,0.92053,0.92065,3.23,1.13
2013.10.10 02:04:30.426,0.92053,0.92065,2.85,1.13
2013.10.10 02:04:33.176,0.92051,0.92062,2.10,1.13
2013.10.10 02:04:33.237,0.92051,0.92062,1.50,1.13
2013.10.10 02:04:33.357,0.92051,0.92063,1.88,1.88
2013.10.10 02:04:33.417,0.92051,0.92063,3.23,1.50
2013.10.10 02:04:34.250,0.92053,0.92065,3.23,1.13
2013.10.10 02:04:40.087,0.92053,0.92065,3.00,1.13
2013.10.10 02:04:40.267,0.92052,0.92063,1.13,1.13
2013.10.10 02:04:40.907,0.92052,0.92065,3.23,1.88
2013.10.10 02:04:43.996,0.92052,0.92063,1.50,1.13
2013.10.10 02:04:44.586,0.92052,0.92064,1.35,1.50
2013.10.10 02:04:45.786,0.92052,0.92065,1.50,3.00
2013.10.10 02:04:46.268,0.9205,0.92059,1.50,1.50
2013.10.10 02:04:46.447,0.92045,0.92054,1.50,1.13
2013.10.10 02:04:46.506,0.92045,0.92053,1.50,1.13
2013.10.10 02:04:46.627,0.92041,0.92052,1.88,1.13
2013.10.10 02:04:46.687,0.92041,0.92052,1.50,1.50
2013.10.10 02:04:50.496,0.92039,0.9205,2.10,1.50
2013.10.10 02:04:50.616,0.92037,0.92046,1.50,1.13
2013.10.10 02:04:50.677,0.92035,0.92046,1.88,1.88
2013.10.10 02:04:52.687,0.92035,0.92046,1.50,1.88
2013.10.10 02:04:52.928,0.92035,0.92046,1.88,1.50
2013.10.10 02:04:53.346,0.92037,0.9205,2.26,1.88
2013.10.10 02:04:54.415,0.92037,0.92047,1.13,2.25
2013.10.10 02:04:54.716,0.9203,0.92041,1.13,3.00
2013.10.10 02:04:54.836,0.92031,0.92044,3.38,1.13
2013.10.10 02:05:00.506,0.92031,0.92043,1.88,1.13
2013.10.10 02:05:00.566,0.92031,0.92041,1.50,1.13
2013.10.10 02:05:00.867,0.92031,0.92042,1.13,1.88
2013.10.10 02:05:01.166,0.92031,0.92043,1.88,2.63
2013.10.10 02:05:03.197,0.92031,0.92042,2.63,1.13
2013.10.10 02:05:09.197,0.92032,0.92042,3.00,1.13
2013.10.10 02:05:13.947,0.92032,0.92044,2.85,1.13
2013.10.10 02:05:14.469,0.92032,0.92044,3.60,1.13
2013.10.10 02:05:15.268,0.92032,0.92044,2.48,1.13
2013.10.10 02:05:15.809,0.92032,0.92044,3.60,1.13
2013.10.10 02:05:18.616,0.92032,0.92045,3.01,1.50
2013.10.10 02:05:18.676,0.92032,0.92044,3.01,1.13
2013.10.10 02:05:22.567,0.92032,0.92045,3.01,1.50
2013.10.10 02:05:22.626,0.92032,0.92044,3.01,1.13
2013.10.10 02:05:22.898,0.92032,0.92044,1.88,1.50
2013.10.10 02:05:23.017,0.92031,0.92043,1.50,1.50
2013.10.10 02:05:23.315,0.92031,0.92043,1.88,1.50
2013.10.10 02:05:23.867,0.92031,0.92043,1.50,1.50
2013.10.10 02:05:24.420,0.92031,0.92043,1.88,1.50
2013.10.10 02:05:26.036,0.92031,0.92043,1.50,1.13
2013.10.10 02:05:26.097,0.92031,0.92043,1.13,1.13
2013.10.10 02:05:26.396,0.92031,0.92043,1.13,1.13
2013.10.10 02:05:26.936,0.92031,0.92043,1.88,1.13
2013.10.10 02:05:28.516,0.92031,0.92044,3.01,2.25
2013.10.10 02:05:28.876,0.92035,0.92048,3.00,1.88
2013.10.10 02:05:29.176,0.92035,0.92048,1.50,3.00
2013.10.10 02:05:29.296,0.92034,0.92045,1.50,1.13
2013.10.10 02:05:29.816,0.92033,0.92045,1.50,1.13
2013.10.10 02:05:30.177,0.92033,0.92046,3.75,1.13
2013.10.10 02:05:30.296,0.92036,0.92048,3.38,1.13
2013.10.10 02:05:30.420,0.92037,0.9205,3.38,1.13
2013.10.10 02:05:30.943,0.92037,0.9205,2.63,1.88
2013.10.10 02:05:31.497,0.92037,0.9205,2.63,1.88
2013.10.10 02:05:32.387,0.92037,0.9205,2.63,1.88
2013.10.10 02:05:32.941,0.92037,0.92049,1.88,1.13
2013.10.10 02:05:33.485,0.92036,0.92049,2.63,1.13
2013.10.10 02:05:38.727,0.92036,0.92049,2.63,1.13
2013.10.10 02:05:42.059,0.92036,0.9205,4.51,1.88
2013.10.10 02:05:42.356,0.92038,0.9205,3.01,1.13
2013.10.10 02:05:42.416,0.92039,0.92052,3.76,1.88
2013.10.10 02:05:42.967,0.9204,0.92052,3.01,1.13
2013.10.10 02:05:43.156,0.9204,0.92052,2.25,1.13
2013.10.10 02:05:45.456,0.9204,0.92052,1.88,1.13
2013.10.10 02:05:46.107,0.9204,0.92052,2.26,1.50
2013.10.10 02:05:46.166,0.92039,0.92049,1.88,1.13
2013.10.10 02:05:46.226,0.92038,0.92045,1.50,1.13
2013.10.10 02:05:46.346,0.92035,0.92045,1.13,1.13
2013.10.10 02:05:46.465,0.92033,0.92045,2.25,1.13
2013.10.10 02:05:46.706,0.92033,0.92044,1.50,1.13
2013.10.10 02:05:47.308,0.92032,0.92043,1.50,1.13
2013.10.10 02:05:48.489,0.92032,0.92043,1.50,1.13
2013.10.10 02:05:50.446,0.92032,0.92043,1.88,1.13
2013.10.10 02:05:51.226,0.92032,0.92044,2.25,1.50
2013.10.10 02:05:51.466,0.92032,0.92044,2.25,1.50
2013.10.10 02:05:56.246,0.92032,0.92041,1.50,1.13
2013.10.10 02:05:56.547,0.9203,0.9204,1.50,1.13
2013.10.10 02:05:56.667,0.92028,0.92038,1.13,1.13
2013.10.10 02:05:56.787,0.92026,0.92038,1.50,2.25
2013.10.10 02:05:56.846,0.92023,0.92034,1.50,1.13
2013.10.10 02:05:56.973,0.92021,0.92034,1.50,1.88
2013.10.10 02:05:57.037,0.92021,0.92034,1.50,1.88
2013.10.10 02:05:57.583,0.9202,0.92032,1.50,1.13
2013.10.10 02:05:57.906,0.9202,0.92032,1.13,1.13
2013.10.10 02:05:58.026,0.9202,0.92034,4.13,1.13
2013.10.10 02:05:58.540,0.9202,0.92034,4.13,1.13
2013.10.10 02:06:03.326,0.9202,0.92031,1.13,1.13
2013.10.10 02:06:06.976,0.92018,0.92029,1.88,1.13
2013.10.10 02:06:07.036,0.92018,0.92029,1.88,1.13
2013.10.10 02:06:07.800,0.92018,0.92029,1.13,1.88
2013.10.10 02:06:07.869,0.92018,0.92029,1.13,1.88
2013.10.10 02:06:08.047,0.92016,0.92027,1.88,1.13
2013.10.10 02:06:08.596,0.92016,0.92028,2.25,1.13
2013.10.10 02:06:08.897,0.92016,0.92026,2.25,1.13
2013.10.10 02:06:09.198,0.92006,0.92014,1.13,1.50
2013.10.10 02:06:09.567,0.92005,0.92017,1.50,2.25
2013.10.10 02:06:10.046,0.92003,0.92012,1.13,1.13
2013.10.10 02:06:10.227,0.92003,0.92016,1.13,1.13
2013.10.10 02:06:10.467,0.92002,0.92011,1.13,1.50
2013.10.10 02:06:10.646,0.91998,0.9201,2.25,1.88
2013.10.10 02:06:11.218,0.91991,0.92007,2.63,2.25
2013.10.10 02:06:11.417,0.91993,0.92007,3.00,2.25
2013.10.10 02:06:11.846,0.91996,0.92007,3.23,1.50
2013.10.10 02:06:12.027,0.92,0.92008,4.35,1.50
2013.10.10 02:06:12.147,0.92002,0.92015,3.00,1.50
2013.10.10 02:06:12.206,0.92002,0.92015,3.00,2.63
2013.10.10 02:06:12.386,0.92002,0.92014,2.63,1.13
2013.10.10 02:06:12.446,0.92002,0.92014,3.38,1.13
2013.10.10 02:06:12.957,0.92002,0.92014,3.38,1.13
2013.10.10 02:06:13.546,0.92002,0.92017,4.13,3.00
2013.10.10 02:06:13.606,0.92004,0.92016,4.13,1.13
2013.10.10 02:06:13.909,0.92006,0.92019,3.00,1.13
2013.10.10 02:06:14.217,0.92006,0.92019,3.00,1.13
2013.10.10 02:06:14.336,0.92006,0.92019,3.00,1.50
2013.10.10 02:06:14.696,0.92004,0.92017,2.25,1.13
2013.10.10 02:06:14.875,0.92004,0.92015,1.50,1.13
2013.10.10 02:06:15.056,0.92004,0.92017,6.75,1.88
2013.10.10 02:06:15.175,0.92005,0.92017,6.00,1.13
2013.10.10 02:06:15.240,0.92007,0.92018,2.63,1.13
2013.10.10 02:06:15.429,0.92007,0.9202,3.01,1.50
2013.10.10 02:06:15.557,0.9201,0.92023,2.63,1.50
2013.10.10 02:06:15.617,0.9201,0.92024,3.38,2.25
2013.10.10 02:06:15.977,0.92014,0.92027,4.51,1.50
2013.10.10 02:06:16.217,0.92017,0.9203,3.01,2.25
2013.10.10 02:06:16.778,0.92017,0.92031,3.01,2.25
2013.10.10 02:06:17.209,0.92017,0.92031,2.63,2.25
2013.10.10 02:06:17.396,0.92023,0.92037,3.38,2.25
2013.10.10 02:06:17.517,0.92024,0.92037,2.26,1.50
2013.10.10 02:06:17.697,0.92024,0.92037,1.13,1.50
2013.10.10 02:06:17.757,0.92023,0.92036,2.25,1.88
2013.10.10 02:06:17.817,0.92021,0.92034,1.13,2.25
2013.10.10 02:06:17.877,0.92021,0.92034,1.13,2.25
2013.10.10 02:06:17.997,0.92021,0.92033,1.50,1.13
2013.10.10 02:06:18.116,0.92021,0.92033,1.88,1.88
2013.10.10 02:06:18.417,0.92016,0.92027,2.63,1.50
2013.10.10 02:06:18.537,0.92015,0.92026,1.50,1.13
2013.10.10 02:06:18.597,0.92013,0.92026,1.50,1.88
2013.10.10 02:06:19.179,0.92011,0.92023,2.25,2.25
2013.10.10 02:06:19.968,0.9201,0.92023,1.50,2.25
2013.10.10 02:06:20.087,0.92009,0.92021,2.25,1.88
2013.10.10 02:06:21.357,0.92009,0.9202,3.00,1.13
2013.10.10 02:06:21.536,0.92013,0.92026,2.63,1.50
2013.10.10 02:06:21.597,0.92015,0.92028,2.63,1.88
2013.10.10 02:06:21.958,0.92015,0.92028,2.63,1.50
2013.10.10 02:06:22.136,0.92016,0.92028,2.26,1.50
2013.10.10 02:06:22.618,0.92017,0.92029,3.38,1.50
2013.10.10 02:06:22.936,0.92016,0.92028,1.50,1.88
2013.10.10 02:06:23.372,0.92016,0.92027,1.13,1.50
2013.10.10 02:06:23.496,0.92016,0.92028,1.88,1.50
2013.10.10 02:06:27.707,0.92016,0.92029,3.60,1.50
2013.10.10 02:06:27.886,0.92016,0.92028,2.85,1.50
2013.10.10 02:06:28.186,0.92016,0.92025,1.13,1.88
2013.10.10 02:06:28.306,0.92016,0.92025,2.63,1.13
2013.10.10 02:06:29.845,0.92015,0.92024,1.50,2.63
2013.10.10 02:06:30.026,0.92014,0.92023,1.50,1.50
2013.10.10 02:06:30.478,0.92015,0.92022,2.63,1.50
2013.10.10 02:06:30.896,0.92015,0.92027,3.76,4.13
2013.10.10 02:06:30.956,0.92015,0.92027,3.76,1.88
2013.10.10 02:06:31.018,0.92015,0.92027,4.13,1.13
2013.10.10 02:06:34.906,0.92015,0.92025,1.13,1.50
2013.10.10 02:06:36.436,0.92015,0.92025,1.88,1.50
2013.10.10 02:06:36.616,0.92015,0.92024,1.88,1.88
2013.10.10 02:06:37.299,0.92015,0.92022,1.13,1.50
2013.10.10 02:06:37.536,0.92014,0.92021,1.50,1.50
2013.10.10 02:06:37.928,0.92011,0.92023,1.50,1.50
2013.10.10 02:06:38.246,0.92011,0.92024,1.50,3.75
2013.10.10 02:06:39.396,0.92011,0.92023,1.50,2.25
2013.10.10 02:06:39.977,0.92009,0.92021,1.50,2.25
2013.10.10 02:06:42.016,0.92009,0.9202,2.25,1.13
2013.10.10 02:06:42.436,0.92009,0.92019,2.25,1.13
2013.10.10 02:06:42.676,0.92008,0.92018,1.13,1.50
2013.10.10 02:06:43.207,0.92008,0.92017,1.13,1.50
2013.10.10 02:06:43.267,0.92008,0.92016,1.13,1.13
2013.10.10 02:06:43.386,0.92007,0.92013,1.50,1.50
2013.10.10 02:06:43.926,0.92005,0.92012,1.13,1.50
2013.10.10 02:06:44.666,0.92004,0.92012,1.50,1.50
2013.10.10 02:06:45.026,0.92004,0.92015,3.01,1.50
2013.10.10 02:06:45.336,0.92004,0.92013,1.13,1.50
2013.10.10 02:06:45.576,0.92003,0.92012,1.13,1.50
2013.10.10 02:06:45.816,0.92002,0.92012,1.50,1.88
2013.10.10 02:06:45.877,0.92002,0.92012,1.50,1.50
2013.10.10 02:06:46.966,0.92002,0.92011,1.13,1.50
2013.10.10 02:06:47.537,0.92,0.92009,1.50,1.13
2013.10.10 02:06:47.656,0.92,0.92009,1.50,2.63
2013.10.10 02:06:48.016,0.92,0.92008,1.13,1.50
2013.10.10 02:06:49.288,0.92,0.92008,1.50,1.50
2013.10.10 02:06:49.766,0.92,0.92008,1.13,2.25
2013.10.10 02:06:49.829,0.92,0.9201,1.13,2.25
2013.10.10 02:06:49.956,0.92,0.9201,1.50,1.50
2013.10.10 02:06:50.316,0.92002,0.92013,3.76,1.50
2013.10.10 02:06:50.626,0.92002,0.92016,3.76,1.88
2013.10.10 02:06:51.806,0.92003,0.92015,2.63,2.63
2013.10.10 02:06:52.382,0.92003,0.92014,1.50,1.50
2013.10.10 02:06:52.868,0.91999,0.92008,1.13,1.50
2013.10.10 02:06:53.106,0.91994,0.92,1.50,1.13
2013.10.10 02:06:53.350,0.91994,0.92001,1.13,1.50
2013.10.10 02:06:53.476,0.91994,0.92005,1.50,1.50
2013.10.10 02:06:53.537,0.91998,0.92006,3.38,1.50
2013.10.10 02:06:53.776,0.91997,0.92007,2.63,1.50
2013.10.10 02:06:54.516,0.91997,0.92007,1.88,1.13
2013.10.10 02:06:54.816,0.91997,0.92006,1.50,1.50
2013.10.10 02:06:55.116,0.91997,0.92009,1.50,1.50
2013.10.10 02:06:55.177,0.91997,0.9201,3.00,2.25
2013.10.10 02:06:55.476,0.91997,0.92009,2.25,1.50
2013.10.10 02:06:55.537,0.91998,0.92009,3.75,1.50
2013.10.10 02:06:55.897,0.91998,0.92005,1.50,1.13
2013.10.10 02:06:56.199,0.91998,0.92005,3.00,1.13
2013.10.10 02:06:56.757,0.91998,0.92006,1.50,1.88
2013.10.10 02:06:57.176,0.91995,0.92006,1.50,1.88
2013.10.10 02:06:57.686,0.91995,0.92007,1.50,1.13
2013.10.10 02:06:57.806,0.91995,0.92007,1.50,1.88
2013.10.10 02:06:57.867,0.91995,0.92007,1.50,1.88
2013.10.10 02:06:58.306,0.91995,0.92007,2.63,1.88
2013.10.10 02:06:58.636,0.91998,0.9201,3.38,1.88
2013.10.10 02:06:59.706,0.91999,0.92011,3.00,1.50
2013.10.10 02:06:59.767,0.91999,0.9201,3.00,1.50
2013.10.10 02:07:00.307,0.91995,0.92007,2.85,1.88
2013.10.10 02:07:00.867,0.91995,0.92007,2.85,2.25
2013.10.10 02:07:01.426,0.91994,0.92005,1.13,1.13
2013.10.10 02:07:02.146,0.91993,0.92003,1.50,1.13
2013.10.10 02:07:02.388,0.9199,0.92001,1.88,1.50
2013.10.10 02:07:02.448,0.9199,0.92001,1.88,3.00
2013.10.10 02:07:02.507,0.91989,0.91999,1.13,1.50
2013.10.10 02:07:02.888,0.91989,0.91997,1.13,1.50
2013.10.10 02:07:02.968,0.91987,0.91999,1.50,2.25
2013.10.10 02:07:03.567,0.91987,0.91998,1.50,1.50
2013.10.10 02:07:03.627,0.91987,0.91998,1.13,1.88
2013.10.10 02:07:03.869,0.91982,0.91992,1.50,1.13
2013.10.10 02:07:03.989,0.9198,0.91989,1.13,1.50
2013.10.10 02:07:04.527,0.9198,0.91988,1.13,1.50
2013.10.10 02:07:05.155,0.9198,0.9199,1.88,1.88
2013.10.10 02:07:06.456,0.9198,0.91991,1.88,1.50
2013.10.10 02:07:06.637,0.9198,0.91993,3.75,2.63
2013.10.10 02:07:07.016,0.91981,0.91993,2.26,1.50
2013.10.10 02:07:07.989,0.91983,0.91996,2.63,2.25
2013.10.10 02:07:08.226,0.91983,0.91995,1.88,1.88
2013.10.10 02:07:08.287,0.91983,0.91993,1.50,1.50
2013.10.10 02:07:08.586,0.91983,0.91994,3.75,1.13
2013.10.10 02:07:09.188,0.91984,0.91998,3.38,1.13
2013.10.10 02:07:09.908,0.91986,0.91999,3.00,2.63
2013.10.10 02:07:10.266,0.91989,0.92001,3.75,2.25
2013.10.10 02:07:10.808,0.91989,0.92001,4.13,1.88
2013.10.10 02:07:11.469,0.91989,0.92002,3.75,1.50
2013.10.10 02:07:12.366,0.91989,0.92002,3.75,1.50
2013.10.10 02:07:14.007,0.91989,0.92001,1.50,1.13
2013.10.10 02:07:14.516,0.91988,0.92,1.50,1.88
2013.10.10 02:07:14.917,0.91988,0.91999,1.50,1.50
2013.10.10 02:07:19.457,0.91988,0.92,3.00,1.88
2013.10.10 02:07:19.817,0.91993,0.92003,2.63,1.13
2013.10.10 02:07:19.878,0.91996,0.92009,3.00,1.13
2013.10.10 02:07:20.296,0.91996,0.92009,1.13,1.13
2013.10.10 02:07:21.276,0.91998,0.92011,4.13,1.88
2013.10.10 02:07:21.756,0.91998,0.9201,3.00,1.50
2013.10.10 02:07:21.877,0.91998,0.92009,1.50,1.50
2013.10.10 02:07:21.938,0.91998,0.92009,1.50,1.13
2013.10.10 02:07:22.179,0.91998,0.92009,1.50,1.88
2013.10.10 02:07:22.357,0.91995,0.92006,1.50,1.13
2013.10.10 02:07:22.417,0.91993,0.92006,2.85,2.25
2013.10.10 02:07:22.718,0.91993,0.92003,2.10,1.13
2013.10.10 02:07:23.077,0.9199,0.92001,2.25,1.50
2013.10.10 02:07:23.807,0.9199,0.92001,2.25,1.50
2013.10.10 02:07:24.827,0.91989,0.92001,1.50,2.63
2013.10.10 02:07:25.186,0.91987,0.91997,1.50,1.50
2013.10.10 02:07:26.256,0.91987,0.91997,1.50,1.50
2013.10.10 02:07:26.706,0.91987,0.91999,1.88,1.88
2013.10.10 02:07:27.128,0.91988,0.91999,2.63,1.88
2013.10.10 02:07:27.687,0.91988,0.92001,4.88,1.88
2013.10.10 02:07:28.206,0.91989,0.92001,2.63,2.63
2013.10.10 02:07:28.537,0.91992,0.92003,2.63,3.00
2013.10.10 02:07:28.896,0.91997,0.92009,4.13,1.50
2013.10.10 02:07:28.957,0.91998,0.92012,4.88,1.50
2013.10.10 02:07:29.076,0.91998,0.92011,3.38,1.50
2013.10.10 02:07:29.623,0.92,0.92011,2.63,1.13
2013.10.10 02:07:30.167,0.92,0.92016,1.88,1.50
2013.10.10 02:07:30.467,0.92001,0.92014,2.63,1.88
2013.10.10 02:07:30.526,0.92003,0.92015,2.26,1.88
2013.10.10 02:07:30.647,0.92003,0.92017,4.51,2.63
2013.10.10 02:07:31.166,0.92005,0.92016,2.63,1.13
2013.10.10 02:07:31.407,0.92005,0.92016,1.50,1.88
2013.10.10 02:07:31.587,0.92003,0.9201,1.13,1.13
2013.10.10 02:07:31.648,0.92003,0.92013,2.26,1.50
2013.10.10 02:07:31.707,0.92003,0.92015,2.26,1.13
2013.10.10 02:07:31.767,0.92003,0.92015,3.76,1.13
2013.10.10 02:07:31.886,0.92003,0.92015,1.13,1.13
2013.10.10 02:07:31.948,0.92003,0.92016,1.88,2.25
2013.10.10 02:07:32.486,0.92003,0.92016,1.88,1.13
2013.10.10 02:07:32.607,0.92003,0.92015,3.75,1.13
2013.10.10 02:07:32.966,0.92002,0.92013,1.50,1.13
2013.10.10 02:07:33.496,0.92002,0.92014,1.50,1.88
2013.10.10 02:07:33.797,0.9201,0.92021,3.01,1.13
2013.10.10 02:07:34.157,0.9201,0.92024,6.00,1.13
2013.10.10 02:07:34.397,0.9201,0.92025,6.38,1.50
2013.10.10 02:07:34.458,0.9201,0.92025,6.38,2.25
2013.10.10 02:07:35.026,0.9201,0.92025,6.38,2.25
2013.10.10 02:07:35.246,0.9201,0.92025,6.38,2.25
2013.10.10 02:07:35.566,0.92015,0.92027,6.38,1.50
2013.10.10 02:07:35.627,0.92017,0.9203,3.01,2.25
2013.10.10 02:07:35.807,0.92017,0.92028,3.00,1.88
2013.10.10 02:07:35.927,0.92015,0.92027,1.88,2.63
2013.10.10 02:07:36.936,0.92014,0.92025,1.50,1.13
2013.10.10 02:07:37.056,0.92014,0.92025,1.50,1.13
2013.10.10 02:07:37.807,0.92011,0.92022,1.88,1.50
2013.10.10 02:07:38.168,0.92017,0.92027,3.23,1.50
2013.10.10 02:07:38.288,0.9202,0.92032,2.48,3.75
2013.10.10 02:07:38.349,0.9202,0.92032,2.48,1.50
2013.10.10 02:07:38.469,0.9202,0.92032,1.13,1.50
2013.10.10 02:07:38.587,0.9202,0.92032,1.13,1.50
2013.10.10 02:07:38.768,0.92017,0.92029,3.38,2.25
2013.10.10 02:07:39.129,0.92016,0.92026,1.13,1.13
2013.10.10 02:07:39.200,0.92013,0.92025,1.13,2.25
2013.10.10 02:07:39.267,0.92013,0.92022,1.13,1.50
2013.10.10 02:07:39.327,0.92011,0.92019,1.13,2.25
2013.10.10 02:07:39.506,0.92009,0.92017,1.88,2.25
2013.10.10 02:07:39.868,0.92009,0.92019,1.88,2.25
2013.10.10 02:07:40.226,0.92004,0.92016,1.13,2.25
2013.10.10 02:07:40.585,0.92,0.9201,1.50,1.50
2013.10.10 02:07:40.658,0.91996,0.92008,1.50,1.50
2013.10.10 02:07:40.777,0.91997,0.92008,2.63,1.50
2013.10.10 02:07:40.838,0.92003,0.92014,3.00,1.13
2013.10.10 02:07:40.967,0.92002,0.92013,1.13,1.13
2013.10.10 02:07:41.270,0.92002,0.92015,3.98,1.50
2013.10.10 02:07:41.457,0.92008,0.92022,2.63,1.88
2013.10.10 02:07:41.518,0.9201,0.92023,2.63,2.25
2013.10.10 02:07:41.648,0.92015,0.92027,2.63,1.13
2013.10.10 02:07:41.707,0.92015,0.92027,1.13,1.13
2013.10.10 02:07:41.768,0.92015,0.92028,1.13,1.50
2013.10.10 02:07:42.126,0.9201,0.9202,2.25,1.50
2013.10.10 02:07:42.187,0.92008,0.92019,1.88,1.13
2013.10.10 02:07:42.427,0.92008,0.9202,1.88,1.88
2013.10.10 02:07:42.969,0.92008,0.9202,3.00,1.50
2013.10.10 02:07:43.216,0.92008,0.9202,1.13,1.88
2013.10.10 02:07:43.756,0.92008,0.9202,1.13,2.25
2013.10.10 02:07:44.117,0.92007,0.92013,1.50,1.13
2013.10.10 02:07:44.357,0.92,0.92012,2.25,1.88
2013.10.10 02:07:44.476,0.92,0.92012,1.13,1.50
2013.10.10 02:07:44.536,0.92,0.92012,1.13,1.50
2013.10.10 02:07:44.717,0.91999,0.9201,1.50,1.88
2013.10.10 02:07:45.020,0.91988,0.91999,2.85,1.50
2013.10.10 02:07:45.088,0.91988,0.91999,2.85,1.50
2013.10.10 02:07:45.450,0.91988,0.92,2.86,1.88
2013.10.10 02:07:45.516,0.91988,0.91999,2.86,1.50
2013.10.10 02:07:46.056,0.91989,0.92001,3.01,1.50
2013.10.10 02:07:46.719,0.91989,0.92003,5.48,1.88
2013.10.10 02:07:46.778,0.9199,0.92003,4.73,1.50
2013.10.10 02:07:47.017,0.91992,0.92007,4.88,4.50
2013.10.10 02:07:47.197,0.91992,0.92007,4.13,2.25
2013.10.10 02:07:47.569,0.91992,0.92006,2.63,2.25
2013.10.10 02:07:48.108,0.91992,0.92005,2.63,1.13
2013.10.10 02:07:48.467,0.91992,0.92002,3.00,1.13
2013.10.10 02:07:48.587,0.91992,0.92,3.00,1.13
2013.10.10 02:07:48.647,0.91991,0.92,1.50,1.50
2013.10.10 02:07:48.707,0.91991,0.92001,1.50,1.88
2013.10.10 02:07:48.827,0.91991,0.92002,2.63,1.88
2013.10.10 02:07:48.886,0.91991,0.92003,2.63,1.50
2013.10.10 02:07:48.948,0.91989,0.91997,1.88,1.50
2013.10.10 02:07:49.127,0.91991,0.92002,3.75,1.13
2013.10.10 02:07:49.657,0.91991,0.92003,1.13,1.88
2013.10.10 02:07:49.776,0.91991,0.92002,1.13,2.25
2013.10.10 02:07:49.968,0.91989,0.92,1.13,1.13
2013.10.10 02:07:50.089,0.91989,0.92001,2.63,1.50
2013.10.10 02:07:50.396,0.91989,0.92001,2.63,1.50
2013.10.10 02:07:50.697,0.91991,0.92002,4.13,1.13
2013.10.10 02:07:50.756,0.91991,0.92005,4.88,1.50
2013.10.10 02:07:50.997,0.91994,0.92006,2.63,1.50
2013.10.10 02:07:51.449,0.91994,0.92007,3.38,1.13
2013.10.10 02:07:51.510,0.91994,0.92007,3.38,1.13
2013.10.10 02:07:51.697,0.91994,0.92007,2.63,1.13
2013.10.10 02:07:52.256,0.91994,0.92007,3.38,1.13
2013.10.10 02:07:52.436,0.91994,0.92007,1.88,2.25
2013.10.10 02:07:52.737,0.91991,0.92001,1.13,1.13
2013.10.10 02:07:52.856,0.9199,0.91999,1.13,1.13
2013.10.10 02:07:52.977,0.91987,0.91999,1.13,1.50
2013.10.10 02:07:53.876,0.91986,0.91997,2.63,1.50
2013.10.10 02:07:54.116,0.91984,0.91996,1.50,1.50
2013.10.10 02:07:54.236,0.91984,0.91996,1.50,1.13
2013.10.10 02:07:54.296,0.91984,0.91996,1.50,1.13
2013.10.10 02:07:54.536,0.91984,0.91997,3.75,1.13
2013.10.10 02:07:54.596,0.91987,0.91998,2.63,1.13
2013.10.10 02:07:54.776,0.91989,0.92002,2.63,1.50
2013.10.10 02:07:54.956,0.91989,0.92002,3.01,1.50
2013.10.10 02:07:55.196,0.91992,0.92005,3.38,1.50
2013.10.10 02:07:55.319,0.91992,0.92002,1.50,2.10
2013.10.10 02:07:55.648,0.91982,0.91987,1.50,1.50
2013.10.10 02:07:55.708,0.91976,0.91986,2.70,1.13
2013.10.10 02:07:55.887,0.91976,0.91987,5.26,1.13
2013.10.10 02:07:55.948,0.91976,0.91989,5.63,1.13
2013.10.10 02:07:56.066,0.91977,0.91992,6.00,1.13
2013.10.10 02:07:56.129,0.91978,0.91992,4.88,1.13
2013.10.10 02:07:56.667,0.91978,0.91989,1.88,1.50
2013.10.10 02:07:56.997,0.91978,0.91987,2.63,1.50
2013.10.10 02:07:57.516,0.91976,0.91987,2.63,1.50
2013.10.10 02:07:57.576,0.91976,0.91984,1.88,1.88
2013.10.10 02:07:57.877,0.91976,0.91987,1.13,2.63
2013.10.10 02:07:57.997,0.91973,0.91982,1.13,1.50
2013.10.10 02:07:58.117,0.91973,0.91983,1.13,1.50
2013.10.10 02:07:58.302,0.91972,0.91982,1.13,1.50
2013.10.10 02:07:58.608,0.91972,0.91982,3.38,1.13
2013.10.10 02:07:58.668,0.9197,0.91981,1.13,1.50
2013.10.10 02:07:58.977,0.91968,0.91979,1.50,2.63
2013.10.10 02:07:59.037,0.91967,0.91979,1.88,2.63
2013.10.10 02:07:59.577,0.91967,0.91978,1.13,1.50
2013.10.10 02:07:59.936,0.91966,0.91974,1.13,1.50
2013.10.10 02:08:00.477,0.91967,0.91979,2.63,1.13
2013.10.10 02:08:00.537,0.91967,0.91979,2.63,1.13
2013.10.10 02:08:00.657,0.91968,0.9198,3.75,1.13
2013.10.10 02:08:00.777,0.91969,0.91982,2.26,3.38
2013.10.10 02:08:01.078,0.91969,0.9198,1.50,1.13
2013.10.10 02:08:01.587,0.91969,0.9198,2.25,1.13
2013.10.10 02:08:01.946,0.91974,0.91986,3.01,1.13
2013.10.10 02:08:02.367,0.91974,0.91986,2.63,1.13
2013.10.10 02:08:02.440,0.91974,0.91985,2.25,1.13
2013.10.10 02:08:03.506,0.91974,0.91985,1.13,1.88
2013.10.10 02:08:03.896,0.91972,0.91984,1.13,2.25
2013.10.10 02:08:04.376,0.91972,0.91984,1.88,1.50
2013.10.10 02:08:04.877,0.91972,0.91984,1.13,1.88
2013.10.10 02:08:05.057,0.91971,0.91981,1.88,1.13
2013.10.10 02:08:05.177,0.9197,0.91977,2.25,1.13
2013.10.10 02:08:05.297,0.91966,0.91977,2.63,1.50
2013.10.10 02:08:06.236,0.91966,0.91978,2.25,1.50
2013.10.10 02:08:06.477,0.91966,0.91978,2.63,1.13
2013.10.10 02:08:06.596,0.91967,0.91979,2.63,1.13
2013.10.10 02:08:06.898,0.91968,0.91981,2.63,2.25
2013.10.10 02:08:07.196,0.91969,0.91982,2.63,2.25
2013.10.10 02:08:07.317,0.9197,0.91983,3.38,1.88
2013.10.10 02:08:07.437,0.91973,0.91986,2.63,1.88
2013.10.10 02:08:07.947,0.91973,0.91985,2.63,1.13
2013.10.10 02:08:08.586,0.91973,0.91985,1.88,1.13
2013.10.10 02:08:09.087,0.91973,0.91985,1.50,1.13
2013.10.10 02:08:09.266,0.91973,0.91986,3.01,2.63
2013.10.10 02:08:09.567,0.91973,0.91987,5.26,1.50
2013.10.10 02:08:09.749,0.91975,0.91988,3.38,1.88
2013.10.10 02:08:10.296,0.91975,0.91988,3.38,1.13
2013.10.10 02:08:11.506,0.91975,0.91986,1.13,1.50
2013.10.10 02:08:11.837,0.91975,0.91983,1.13,1.50
2013.10.10 02:08:12.357,0.91975,0.91984,1.13,1.50
2013.10.10 02:08:13.457,0.91975,0.91982,1.13,1.50
2013.10.10 02:08:13.936,0.91974,0.91985,1.13,1.50
2013.10.10 02:08:14.166,0.91974,0.91985,1.13,1.88
2013.10.10 02:08:14.599,0.91972,0.91983,1.13,1.50
2013.10.10 02:08:14.716,0.91972,0.91983,1.88,1.88
2013.10.10 02:08:14.776,0.91972,0.91981,1.13,1.50
2013.10.10 02:08:14.956,0.9197,0.91981,1.88,1.88
2013.10.10 02:08:15.519,0.9197,0.91981,1.13,1.88
2013.10.10 02:08:15.698,0.91969,0.9198,1.13,2.25
2013.10.10 02:08:15.816,0.91966,0.91978,1.50,1.88
2013.10.10 02:08:15.877,0.91966,0.91979,5.10,1.13
2013.10.10 02:08:16.056,0.91966,0.91979,3.60,1.13
2013.10.10 02:08:16.358,0.91967,0.9198,3.98,1.13
2013.10.10 02:08:16.476,0.91968,0.91981,3.23,1.13
2013.10.10 02:08:16.597,0.91969,0.91982,5.10,1.13
2013.10.10 02:08:17.156,0.9197,0.91983,3.00,2.25
2013.10.10 02:08:17.396,0.91973,0.91987,4.13,1.50
2013.10.10 02:08:17.456,0.91973,0.91987,4.13,1.50
2013.10.10 02:08:18.218,0.91973,0.91987,4.88,1.50
2013.10.10 02:08:18.670,0.91973,0.91983,5.10,1.50
2013.10.10 02:08:18.737,0.91971,0.91982,3.00,1.50
2013.10.10 02:08:18.797,0.91971,0.9198,1.50,1.50
2013.10.10 02:08:18.857,0.91968,0.91979,1.50,1.50
2013.10.10 02:08:19.336,0.91968,0.91982,1.88,3.00
2013.10.10 02:08:19.396,0.91969,0.91982,2.63,1.50
2013.10.10 02:08:21.606,0.91969,0.91984,5.86,2.63
2013.10.10 02:08:21.667,0.9197,0.91984,3.98,2.63
2013.10.10 02:08:22.026,0.91974,0.91985,2.63,1.13
2013.10.10 02:08:22.576,0.91974,0.91985,2.48,1.13
2013.10.10 02:08:23.186,0.91974,0.91985,2.48,1.50
2013.10.10 02:08:23.616,0.91974,0.91985,2.48,1.13
2013.10.10 02:08:24.174,0.91974,0.91986,2.48,1.88
2013.10.10 02:08:24.691,0.91974,0.91986,2.48,1.88
2013.10.10 02:08:25.238,0.91974,0.91986,2.48,1.13
2013.10.10 02:08:25.857,0.91974,0.91986,3.23,1.13
2013.10.10 02:08:25.976,0.91975,0.91986,3.38,1.88
2013.10.10 02:08:26.247,0.91976,0.91986,4.88,1.13
2013.10.10 02:08:26.548,0.91977,0.91986,3.60,1.13
2013.10.10 02:08:26.607,0.91977,0.91986,3.60,1.13
2013.10.10 02:08:26.728,0.91977,0.91986,2.85,1.13
2013.10.10 02:08:26.847,0.91977,0.9199,4.35,1.88
2013.10.10 02:08:27.404,0.91978,0.91991,4.13,2.25
2013.10.10 02:08:27.907,0.91978,0.91989,2.25,1.13
2013.10.10 02:08:27.966,0.91977,0.91989,1.13,1.13
2013.10.10 02:08:28.657,0.91977,0.91987,1.13,1.13
2013.10.10 02:08:28.836,0.91977,0.91987,2.63,1.13
2013.10.10 02:08:29.427,0.91978,0.91988,2.63,1.88
2013.10.10 02:08:29.926,0.91978,0.91993,3.38,3.00
2013.10.10 02:08:30.226,0.91978,0.91993,5.26,1.13
2013.10.10 02:08:31.366,0.91981,0.91996,4.88,2.25
2013.10.10 02:08:31.677,0.91981,0.91994,4.35,1.13
2013.10.10 02:08:31.976,0.91982,0.91996,5.63,3.38
2013.10.10 02:08:32.516,0.91983,0.91994,3.38,1.13
2013.10.10 02:08:33.187,0.91984,0.91997,3.00,1.13
2013.10.10 02:08:33.247,0.91985,0.91997,2.63,1.88
2013.10.10 02:08:33.427,0.91986,0.91997,2.26,1.50
2013.10.10 02:08:33.487,0.91986,0.91998,3.01,1.13
2013.10.10 02:08:34.356,0.91986,0.91999,2.25,1.13
2013.10.10 02:08:34.417,0.91986,0.92,3.75,2.25
2013.10.10 02:08:34.946,0.91989,0.92,2.63,1.13
2013.10.10 02:08:35.587,0.9199,0.92,2.26,1.13
2013.10.10 02:08:35.946,0.9199,0.92004,4.51,1.88
2013.10.10 02:08:36.296,0.9199,0.92002,3.75,1.13
2013.10.10 02:08:36.656,0.91993,0.92005,3.75,1.88
2013.10.10 02:08:36.716,0.91993,0.92004,2.25,1.50
2013.10.10 02:08:37.257,0.91993,0.92003,1.13,1.13
2013.10.10 02:08:38.087,0.91994,0.92005,3.75,1.50
2013.10.10 02:08:38.147,0.91994,0.92008,3.38,2.25
2013.10.10 02:08:38.268,0.91996,0.92009,3.38,3.38
2013.10.10 02:08:38.330,0.91996,0.92009,4.88,1.13
2013.10.10 02:08:39.532,0.91996,0.92009,5.26,1.13
2013.10.10 02:08:42.377,0.91996,0.92007,1.88,1.50
2013.10.10 02:08:42.736,0.91995,0.92006,2.48,1.88
2013.10.10 02:08:43.276,0.91995,0.92005,2.48,1.13
2013.10.10 02:08:44.670,0.91995,0.92006,3.23,1.88
2013.10.10 02:08:44.907,0.91995,0.92009,4.88,1.50
2013.10.10 02:08:45.086,0.91995,0.92008,1.88,1.50
2013.10.10 02:08:45.836,0.91998,0.92008,2.63,1.50
2013.10.10 02:08:46.017,0.92002,0.92014,4.13,1.13
2013.10.10 02:08:46.076,0.92003,0.92015,4.88,1.50
2013.10.10 02:08:46.557,0.92003,0.92015,2.63,1.13
2013.10.10 02:08:46.737,0.92005,0.92018,2.63,1.50
2013.10.10 02:08:46.859,0.92005,0.92018,3.01,1.88
2013.10.10 02:08:47.176,0.92005,0.92018,3.00,1.13
2013.10.10 02:08:47.296,0.92005,0.92018,3.76,1.13
2013.10.10 02:08:47.808,0.92005,0.92018,3.76,1.13
2013.10.10 02:08:49.098,0.92005,0.92018,3.00,1.88
2013.10.10 02:08:49.517,0.92007,0.9202,3.01,1.88
2013.10.10 02:08:50.154,0.92007,0.9202,2.63,2.63
2013.10.10 02:08:50.687,0.92007,0.92018,1.13,1.13
2013.10.10 02:08:52.055,0.92007,0.92018,1.13,1.13
2013.10.10 02:08:52.669,0.92007,0.92018,1.13,1.13
2013.10.10 02:08:54.017,0.92006,0.92017,1.13,1.13
2013.10.10 02:08:54.437,0.92005,0.92017,2.25,1.13
2013.10.10 02:08:54.856,0.92003,0.92015,1.50,1.13
2013.10.10 02:08:54.917,0.92003,0.92014,1.88,1.13
2013.10.10 02:08:55.217,0.92004,0.92017,2.63,3.00
2013.10.10 02:08:55.518,0.92004,0.92017,4.88,1.50
2013.10.10 02:08:57.196,0.92005,0.92017,3.01,1.13
2013.10.10 02:08:57.976,0.92005,0.92018,3.01,1.50
2013.10.10 02:08:58.680,0.92006,0.92019,2.63,1.88
2013.10.10 02:08:59.369,0.92007,0.92019,3.38,1.13
2013.10.10 02:08:59.606,0.92013,0.92026,4.88,1.88
2013.10.10 02:09:00.147,0.92014,0.92027,3.00,1.13
2013.10.10 02:09:00.567,0.92014,0.92026,2.63,1.13
2013.10.10 02:09:00.926,0.92014,0.92026,3.75,1.13
2013.10.10 02:09:01.636,0.92014,0.92026,2.25,2.63
2013.10.10 02:09:02.916,0.92013,0.92025,2.25,1.13
2013.10.10 02:09:03.519,0.92013,0.92025,2.26,1.13
2013.10.10 02:09:03.887,0.92013,0.92024,1.50,1.50
2013.10.10 02:09:04.126,0.9201,0.9202,1.13,1.13
2013.10.10 02:09:05.106,0.92008,0.9202,1.88,1.88
2013.10.10 02:09:05.416,0.92008,0.92019,1.13,1.13
2013.10.10 02:09:06.028,0.92008,0.92019,1.13,1.88
2013.10.10 02:09:06.101,0.92006,0.92015,1.13,1.13
2013.10.10 02:09:06.437,0.92006,0.92014,1.88,1.50
2013.10.10 02:09:06.556,0.92006,0.92015,1.88,1.13
2013.10.10 02:09:06.739,0.92006,0.92019,3.38,1.13
2013.10.10 02:09:06.866,0.92006,0.92019,3.98,1.13
2013.10.10 02:09:08.617,0.92006,0.92019,4.73,1.50
2013.10.10 02:09:08.857,0.92006,0.92017,1.13,1.88
2013.10.10 02:09:09.156,0.92006,0.92018,2.26,1.88
2013.10.10 02:09:09.627,0.92006,0.92018,2.63,1.88
2013.10.10 02:09:09.687,0.92007,0.92018,3.38,1.13
2013.10.10 02:09:09.747,0.92009,0.92022,4.13,3.00
2013.10.10 02:09:09.867,0.92012,0.92025,2.63,3.00
2013.10.10 02:09:09.927,0.92013,0.92022,2.26,1.50
2013.10.10 02:09:10.107,0.92013,0.92023,2.26,1.50
2013.10.10 02:09:10.286,0.92011,0.92023,1.88,1.50
2013.10.10 02:09:10.406,0.92011,0.92023,1.88,2.25
2013.10.10 02:09:11.026,0.92011,0.92023,1.88,1.50
2013.10.10 02:09:11.569,0.92011,0.92022,1.88,1.13
2013.10.10 02:09:11.808,0.92011,0.92021,2.25,1.13
2013.10.10 02:09:11.866,0.92011,0.92021,1.88,1.13
2013.10.10 02:09:12.136,0.92011,0.92021,1.50,1.13
2013.10.10 02:09:12.496,0.92009,0.92018,1.13,2.25
2013.10.10 02:09:12.917,0.92011,0.92021,3.00,1.13
2013.10.10 02:09:13.037,0.92013,0.92024,2.63,1.50
2013.10.10 02:09:13.337,0.92013,0.92023,1.13,1.50
2013.10.10 02:09:13.396,0.92013,0.92022,1.13,1.50
2013.10.10 02:09:13.457,0.9201,0.9202,1.13,1.88
2013.10.10 02:09:13.518,0.9201,0.9202,1.13,3.38
2013.10.10 02:09:13.878,0.92009,0.92017,1.13,1.50
2013.10.10 02:09:13.938,0.92009,0.92018,1.13,1.50
2013.10.10 02:09:14.489,0.92004,0.92015,1.13,1.88
2013.10.10 02:09:15.132,0.92004,0.92015,1.13,1.13
2013.10.10 02:09:16.087,0.92004,0.92015,1.13,1.13
2013.10.10 02:09:16.628,0.92004,0.92015,1.50,1.88
2013.10.10 02:09:18.821,0.92004,0.92015,1.13,1.88
2013.10.10 02:09:19.296,0.92003,0.92015,3.00,1.88
2013.10.10 02:09:19.672,0.92003,0.92015,3.00,1.88
2013.10.10 02:09:20.181,0.92003,0.92015,3.01,1.88
2013.10.10 02:09:21.257,0.92004,0.92016,2.26,1.88
2013.10.10 02:09:21.837,0.92006,0.92017,2.63,1.13
2013.10.10 02:09:22.197,0.92005,0.92017,1.50,1.88
2013.10.10 02:09:22.256,0.92004,0.92015,2.25,1.13
2013.10.10 02:09:23.526,0.92004,0.92014,1.50,1.88
2013.10.10 02:09:24.231,0.92003,0.92013,2.25,1.13
2013.10.10 02:09:27.746,0.92002,0.92013,1.13,1.13
2013.10.10 02:09:28.231,0.92,0.92011,1.13,1.50
2013.10.10 02:09:28.298,0.92,0.92009,1.13,1.50
2013.10.10 02:09:29.390,0.91999,0.92009,1.13,1.50
2013.10.10 02:09:29.906,0.91999,0.92009,1.50,1.50
2013.10.10 02:09:30.048,0.91999,0.92009,1.50,1.50
2013.10.10 02:09:30.360,0.91997,0.92008,1.88,1.50
2013.10.10 02:09:30.426,0.91997,0.92008,1.88,1.50
2013.10.10 02:09:30.976,0.91996,0.92006,2.25,1.50
2013.10.10 02:09:31.817,0.91993,0.91999,1.13,1.35
2013.10.10 02:09:32.056,0.91983,0.91991,2.25,1.13
2013.10.10 02:09:32.296,0.91983,0.91992,4.13,1.50
2013.10.10 02:09:32.417,0.91982,0.91993,1.13,1.50
2013.10.10 02:09:32.477,0.91981,0.91993,1.88,1.88
2013.10.10 02:09:33.004,0.9198,0.91991,1.13,1.50
2013.10.10 02:09:34.787,0.91977,0.91989,1.50,1.50
2013.10.10 02:09:34.907,0.91977,0.91989,2.25,1.50
2013.10.10 02:09:35.146,0.91977,0.91988,2.25,1.50
2013.10.10 02:09:35.687,0.91976,0.91988,2.63,2.25
2013.10.10 02:09:35.747,0.91976,0.91988,1.88,2.25
2013.10.10 02:09:37.007,0.91974,0.91985,1.88,2.63
2013.10.10 02:09:37.127,0.91973,0.91985,1.50,2.63
2013.10.10 02:09:37.246,0.91971,0.91982,1.50,1.13
2013.10.10 02:09:38.547,0.91971,0.91983,3.00,1.50
2013.10.10 02:09:38.906,0.91972,0.91986,5.25,2.25
2013.10.10 02:09:39.577,0.91974,0.91986,3.75,1.50
2013.10.10 02:09:40.057,0.91974,0.91983,2.63,2.25
2013.10.10 02:09:40.307,0.91967,0.91979,3.00,1.88
2013.10.10 02:09:40.426,0.91967,0.91978,3.00,1.50
2013.10.10 02:09:40.786,0.9197,0.91981,3.75,1.50
2013.10.10 02:09:40.846,0.91971,0.91984,3.38,1.88
2013.10.10 02:09:40.966,0.91972,0.91984,2.63,1.50
2013.10.10 02:09:41.447,0.91973,0.91986,3.38,1.88
2013.10.10 02:09:42.106,0.91973,0.91986,3.75,1.88
2013.10.10 02:09:42.286,0.91974,0.91986,2.26,1.88
2013.10.10 02:09:42.647,0.91976,0.91988,2.63,1.88
2013.10.10 02:09:42.766,0.91976,0.91989,2.25,1.50
2013.10.10 02:09:42.947,0.91976,0.91987,1.13,1.88
2013.10.10 02:09:43.341,0.91973,0.91985,2.25,1.13
2013.10.10 02:09:43.978,0.91973,0.91985,1.50,1.50
2013.10.10 02:09:44.037,0.91973,0.91985,1.50,1.50
2013.10.10 02:09:44.826,0.91971,0.91983,1.50,1.50
2013.10.10 02:09:44.946,0.91971,0.91983,1.50,1.50
2013.10.10 02:09:47.866,0.91971,0.91981,1.50,1.13
2013.10.10 02:09:47.926,0.9197,0.9198,1.13,1.50
2013.10.10 02:09:48.467,0.9197,0.91979,1.13,1.13
2013.10.10 02:09:51.289,0.91968,0.91979,1.88,1.13
2013.10.10 02:09:52.116,0.91967,0.91978,1.13,2.25
2013.10.10 02:09:55.667,0.91967,0.91978,1.88,2.63
2013.10.10 02:09:55.847,0.91969,0.91978,2.26,1.50
2013.10.10 02:09:56.517,0.91969,0.91979,1.13,2.25
2013.10.10 02:09:57.231,0.91969,0.91979,1.13,2.25
2013.10.10 02:09:58.158,0.91969,0.91978,1.13,1.50
2013.10.10 02:09:58.278,0.91968,0.91978,1.13,3.00
2013.10.10 02:09:58.338,0.91966,0.91977,1.13,1.13
2013.10.10 02:09:58.397,0.91966,0.91977,1.13,1.13
2013.10.10 02:09:58.469,0.91965,0.91975,1.13,1.88
2013.10.10 02:09:59.016,0.91965,0.91975,1.13,2.25
2013.10.10 02:09:59.137,0.91965,0.91975,1.13,2.25
2013.10.10 02:09:59.376,0.91965,0.91974,1.13,1.13
2013.10.10 02:09:59.617,0.91957,0.91968,1.50,1.50
2013.10.10 02:09:59.678,0.91957,0.91968,1.88,3.00
2013.10.10 02:10:00.216,0.91957,0.91968,1.13,1.50
2013.10.10 02:10:00.537,0.91953,0.91964,1.88,1.88
2013.10.10 02:10:00.597,0.91953,0.9196,1.13,1.50
2013.10.10 02:10:00.777,0.91951,0.9196,1.50,1.88
2013.10.10 02:10:01.018,0.91952,0.91961,1.50,1.13
2013.10.10 02:10:01.679,0.91952,0.91961,1.50,1.13
2013.10.10 02:10:02.255,0.91949,0.91961,1.88,1.13
2013.10.10 02:10:02.676,0.9195,0.91961,1.50,4.13
2013.10.10 02:10:03.077,0.91952,0.91961,1.13,2.63
2013.10.10 02:10:03.136,0.91952,0.91961,1.13,1.88
2013.10.10 02:10:03.855,0.91953,0.91962,1.88,2.63
2013.10.10 02:10:04.997,0.91953,0.91963,1.88,1.13
2013.10.10 02:10:06.177,0.91953,0.91962,1.50,1.50
2013.10.10 02:10:06.657,0.91951,0.91961,1.13,1.50
2013.10.10 02:10:06.777,0.91952,0.91962,1.13,1.88
2013.10.10 02:10:06.958,0.91957,0.91965,1.13,2.25
2013.10.10 02:10:07.016,0.91958,0.91965,1.13,1.50
2013.10.10 02:10:07.137,0.9196,0.91967,1.13,1.50
2013.10.10 02:10:07.316,0.9196,0.91971,1.13,1.88
2013.10.10 02:10:07.698,0.91961,0.91971,1.88,1.13
2013.10.10 02:10:08.990,0.91962,0.91974,1.50,1.50
2013.10.10 02:10:09.672,0.91961,0.91973,2.25,1.50
2013.10.10 02:10:10.927,0.91962,0.91973,1.88,1.13
2013.10.10 02:10:10.986,0.91963,0.91974,1.13,1.88
2013.10.10 02:10:11.166,0.91966,0.91976,1.50,1.13
2013.10.10 02:10:11.346,0.91966,0.91977,1.88,1.50
2013.10.10 02:10:13.079,0.91966,0.91977,1.88,1.50
2013.10.10 02:10:13.619,0.91966,0.91977,1.88,1.50
2013.10.10 02:10:14.278,0.91966,0.91977,1.88,1.50
2013.10.10 02:10:15.656,0.91966,0.91976,1.88,1.13
2013.10.10 02:10:15.837,0.9197,0.91981,1.13,1.13
2013.10.10 02:10:16.186,0.9197,0.91982,1.88,1.88
2013.10.10 02:10:16.259,0.9197,0.91982,2.63,1.13
2013.10.10 02:10:16.327,0.9197,0.91982,2.63,1.13
2013.10.10 02:10:16.867,0.91973,0.91983,1.88,1.13
2013.10.10 02:10:17.438,0.91973,0.91985,1.88,1.13
2013.10.10 02:10:18.036,0.91973,0.91984,1.88,1.13
2013.10.10 02:10:18.217,0.91974,0.91985,1.88,1.13
2013.10.10 02:10:18.777,0.91975,0.91985,1.13,1.13
2013.10.10 02:10:19.727,0.91976,0.91988,2.25,1.13
2013.10.10 02:10:20.027,0.91979,0.9199,1.13,1.88
2013.10.10 02:10:20.566,0.91976,0.91986,1.13,1.50
2013.10.10 02:10:20.876,0.91973,0.91985,1.88,1.13
2013.10.10 02:10:21.776,0.91974,0.91985,1.13,1.13
2013.10.10 02:10:22.357,0.91973,0.91985,1.50,1.88
2013.10.10 02:10:22.716,0.9197,0.91981,1.88,1.13
2013.10.10 02:10:22.776,0.91968,0.9198,1.50,1.13
2013.10.10 02:10:22.836,0.91968,0.9198,1.50,1.13
2013.10.10 02:10:24.736,0.91968,0.9198,1.50,1.50
2013.10.10 02:10:25.469,0.91968,0.91976,1.50,1.13
2013.10.10 02:10:25.707,0.91963,0.91975,2.25,1.88
2013.10.10 02:10:25.887,0.91962,0.91974,1.13,1.13
2013.10.10 02:10:26.447,0.91959,0.91971,2.25,1.88
2013.10.10 02:10:27.017,0.9196,0.91972,1.88,1.88
2013.10.10 02:10:28.656,0.91961,0.91972,4.50,1.50
2013.10.10 02:10:28.957,0.91965,0.91975,1.88,1.13
2013.10.10 02:10:29.076,0.91966,0.91978,1.50,1.13
2013.10.10 02:10:29.137,0.91966,0.91978,1.88,1.13
2013.10.10 02:10:29.197,0.91967,0.9198,1.50,1.13
2013.10.10 02:10:31.586,0.91967,0.9198,1.50,1.50
2013.10.10 02:10:34.108,0.91968,0.9198,1.35,2.25
2013.10.10 02:10:34.287,0.91968,0.9198,1.35,2.25
2013.10.10 02:10:35.747,0.91968,0.9198,1.35,2.25
2013.10.10 02:10:41.867,0.91968,0.9198,2.10,1.50
2013.10.10 02:10:41.987,0.91972,0.91982,1.13,2.25
2013.10.10 02:10:42.047,0.91973,0.91982,1.50,1.13
2013.10.10 02:10:42.166,0.91974,0.91985,1.13,1.88
2013.10.10 02:10:42.226,0.91975,0.91986,1.50,3.00
2013.10.10 02:10:42.527,0.91976,0.91986,1.50,1.50
2013.10.10 02:10:42.767,0.91975,0.91986,1.50,1.50
2013.10.10 02:10:43.353,0.91975,0.91986,1.50,1.50
2013.10.10 02:10:43.576,0.91975,0.91986,1.50,1.50
2013.10.10 02:10:53.907,0.91975,0.91987,2.48,2.25
2013.10.10 02:10:54.634,0.91976,0.91987,2.10,1.50
2013.10.10 02:10:54.946,0.91977,0.91989,1.50,1.88
2013.10.10 02:10:55.006,0.91979,0.9199,1.13,2.63
2013.10.10 02:10:55.067,0.91979,0.9199,1.88,2.63
2013.10.10 02:10:55.426,0.91986,0.91998,1.50,1.13
2013.10.10 02:10:55.737,0.91986,0.91998,1.50,1.13
2013.10.10 02:10:55.796,0.91986,0.91998,1.50,1.13
2013.10.10 02:10:57.137,0.91986,0.91999,1.88,2.25
2013.10.10 02:10:57.656,0.91989,0.92,1.50,1.13
2013.10.10 02:11:04.339,0.91989,0.92,1.50,1.13
2013.10.10 02:11:06.656,0.91989,0.92,1.88,1.13
2013.10.10 02:11:06.967,0.91991,0.92002,1.88,1.13
2013.10.10 02:11:07.326,0.9199,0.92001,1.50,1.13
2013.10.10 02:11:08.106,0.91989,0.92,2.10,1.13
2013.10.10 02:11:08.488,0.91989,0.92,1.35,1.13
2013.10.10 02:11:09.316,0.91989,0.91999,1.35,1.13
2013.10.10 02:11:11.196,0.91991,0.92003,1.50,3.00
2013.10.10 02:11:11.316,0.91991,0.92003,1.50,3.00
2013.10.10 02:11:11.496,0.91991,0.92003,1.88,1.88
2013.10.10 02:11:12.056,0.91994,0.92006,1.50,2.25
2013.10.10 02:11:12.617,0.91992,0.92,1.50,1.13
2013.10.10 02:11:12.737,0.91991,0.92001,1.13,2.63
2013.10.10 02:11:12.978,0.91991,0.92003,1.50,2.25
2013.10.10 02:11:13.839,0.91991,0.92003,1.88,1.88
2013.10.10 02:11:14.017,0.92,0.92014,3.00,1.88
2013.10.10 02:11:14.079,0.92006,0.92012,1.13,1.50
2013.10.10 02:11:14.327,0.92007,0.92015,1.13,1.50
2013.10.10 02:11:14.627,0.92007,0.92019,1.50,2.25
2013.10.10 02:11:17.597,0.92009,0.9202,1.35,1.50
2013.10.10 02:11:17.837,0.92011,0.92022,1.50,1.50
2013.10.10 02:11:17.957,0.92012,0.92026,2.25,1.50
2013.10.10 02:11:18.496,0.92013,0.92024,1.13,1.13
2013.10.10 02:11:19.307,0.92013,0.92024,1.13,1.13
2013.10.10 02:11:19.841,0.92013,0.92024,1.13,1.13
2013.10.10 02:11:20.387,0.92011,0.92021,1.13,1.50
2013.10.10 02:11:20.690,0.92013,0.92024,1.13,1.13
2013.10.10 02:11:20.866,0.92013,0.92023,1.13,1.13
2013.10.10 02:11:21.407,0.92011,0.92022,1.13,1.50
2013.10.10 02:11:24.740,0.92011,0.92022,1.13,1.88
2013.10.10 02:11:25.416,0.9201,0.92022,1.88,1.13
2013.10.10 02:11:25.988,0.92011,0.92022,1.13,1.13
2013.10.10 02:11:27.779,0.92013,0.92023,1.50,1.13
2013.10.10 02:11:28.137,0.92014,0.92026,2.25,1.88
2013.10.10 02:11:28.712,0.92014,0.92026,2.63,1.88
2013.10.10 02:11:31.296,0.92016,0.92026,1.35,1.13
2013.10.10 02:11:31.606,0.92014,0.92026,1.50,1.13
2013.10.10 02:11:31.946,0.92014,0.92021,1.50,1.13
2013.10.10 02:11:32.248,0.92012,0.92021,1.50,1.88
2013.10.10 02:11:32.367,0.92009,0.92021,1.50,1.88
2013.10.10 02:11:32.547,0.92009,0.92018,1.50,1.13
2013.10.10 02:11:32.786,0.92009,0.92019,1.88,1.13
2013.10.10 02:11:33.297,0.92011,0.92021,1.13,1.13
2013.10.10 02:11:33.416,0.92011,0.92021,2.48,1.13
2013.10.10 02:11:34.038,0.92012,0.92024,1.50,1.88
2013.10.10 02:11:34.627,0.92012,0.92022,1.50,1.13
2013.10.10 02:11:35.167,0.92011,0.92021,1.13,1.50
2013.10.10 02:11:36.937,0.92011,0.92022,1.50,1.88
2013.10.10 02:11:39.277,0.92011,0.92022,1.13,1.88
2013.10.10 02:11:40.240,0.92009,0.92019,1.13,1.13
2013.10.10 02:11:40.766,0.92009,0.9202,1.13,2.63
2013.10.10 02:11:42.239,0.92009,0.92019,2.25,1.13
2013.10.10 02:11:42.358,0.92007,0.92018,1.50,1.13
2013.10.10 02:11:42.477,0.92007,0.92018,1.50,1.13
2013.10.10 02:11:42.537,0.92007,0.92018,1.50,1.13
2013.10.10 02:11:43.077,0.92006,0.92016,1.13,1.88
2013.10.10 02:11:45.106,0.92005,0.92016,1.50,1.88
2013.10.10 02:11:47.166,0.92002,0.92013,2.25,1.13
2013.10.10 02:11:47.577,0.92002,0.92013,2.25,1.13
2013.10.10 02:11:49.151,0.92002,0.92014,1.50,1.88
2013.10.10 02:11:49.677,0.92001,0.92012,1.50,1.13
2013.10.10 02:11:50.198,0.92001,0.92012,1.50,1.13
2013.10.10 02:11:50.937,0.91999,0.9201,2.48,1.13
2013.10.10 02:11:51.009,0.91999,0.9201,3.23,1.13
2013.10.10 02:11:52.566,0.91999,0.92009,1.35,1.13
2013.10.10 02:11:53.067,0.91999,0.9201,2.10,1.50
2013.10.10 02:11:54.180,0.91999,0.92009,2.10,1.13
2013.10.10 02:11:54.717,0.92001,0.92009,1.50,1.13
2013.10.10 02:11:58.277,0.92001,0.9201,1.50,1.13
2013.10.10 02:11:59.246,0.92001,0.9201,1.50,1.13
2013.10.10 02:12:01.998,0.92001,0.92013,2.25,1.88
2013.10.10 02:12:02.776,0.92004,0.92014,1.13,1.88
2013.10.10 02:12:03.136,0.92004,0.92013,1.50,1.88
2013.10.10 02:12:03.720,0.92003,0.92013,1.50,1.13
2013.10.10 02:12:05.235,0.92003,0.92013,1.50,1.50
2013.10.10 02:12:05.367,0.92001,0.92013,1.50,3.00
2013.10.10 02:12:05.899,0.91998,0.9201,1.50,1.88
2013.10.10 02:12:06.504,0.91999,0.9201,1.50,1.88
2013.10.10 02:12:08.897,0.91995,0.92007,1.74,2.25
2013.10.10 02:12:08.957,0.91995,0.92004,2.49,1.50
2013.10.10 02:12:09.076,0.91995,0.92004,1.36,2.63
2013.10.10 02:12:09.197,0.91992,0.92003,1.50,2.25
2013.10.10 02:12:09.317,0.91992,0.92003,1.50,2.25
2013.10.10 02:12:09.497,0.91993,0.92003,1.50,1.13
2013.10.10 02:12:09.857,0.91993,0.92003,1.50,1.13
2013.10.10 02:12:10.278,0.91996,0.92007,2.63,1.13
2013.10.10 02:12:10.397,0.91997,0.92008,1.50,2.63
2013.10.10 02:12:14.070,0.91999,0.92008,1.50,2.63
2013.10.10 02:12:14.248,0.92,0.92008,1.13,1.50
2013.10.10 02:12:14.368,0.92001,0.92011,1.13,1.88
2013.10.10 02:12:14.546,0.92002,0.92013,1.88,1.13
2013.10.10 02:12:15.028,0.92002,0.92014,1.50,1.50
2013.10.10 02:12:15.646,0.92,0.9201,1.13,1.13
2013.10.10 02:12:15.959,0.91999,0.92009,1.50,1.50
2013.10.10 02:12:16.787,0.91997,0.92009,1.88,2.25
2013.10.10 02:12:20.197,0.92,0.92011,1.50,1.13
2013.10.10 02:12:20.318,0.92001,0.92011,1.13,1.13
2013.10.10 02:12:20.987,0.92,0.92011,1.50,1.13
2013.10.10 02:12:21.968,0.92,0.92009,1.50,1.50
2013.10.10 02:12:22.207,0.92,0.9201,1.50,1.88
2013.10.10 02:12:22.447,0.92,0.92011,1.13,1.50
2013.10.10 02:12:22.807,0.92006,0.92017,1.50,2.63
2013.10.10 02:12:22.926,0.92006,0.92017,1.50,2.25
2013.10.10 02:12:22.987,0.92006,0.92017,1.88,1.13
2013.10.10 02:12:23.347,0.92015,0.92024,2.25,1.13
2013.10.10 02:12:23.587,0.92018,0.92028,1.50,1.13
2013.10.10 02:12:23.647,0.9202,0.92031,1.50,1.13
2013.10.10 02:12:23.767,0.9202,0.92032,1.50,1.88
2013.10.10 02:12:24.127,0.92021,0.92034,1.50,2.25
2013.10.10 02:12:24.428,0.92022,0.92034,1.50,1.13
2013.10.10 02:12:24.546,0.92021,0.92032,1.13,1.13
2013.10.10 02:12:24.787,0.9202,0.92032,1.50,1.13
2013.10.10 02:12:25.031,0.92018,0.9203,1.50,1.13
2013.10.10 02:12:25.319,0.92018,0.9203,1.50,1.13
2013.10.10 02:12:26.088,0.92021,0.9203,1.50,1.13
2013.10.10 02:12:26.449,0.92031,0.92041,2.25,2.25
2013.10.10 02:12:26.569,0.92035,0.92046,1.13,1.88
2013.10.10 02:12:26.690,0.92034,0.92044,1.88,1.13
2013.10.10 02:12:27.357,0.92037,0.92044,1.50,1.13
2013.10.10 02:12:27.897,0.92038,0.92044,1.50,1.13
2013.10.10 02:12:28.649,0.92038,0.92044,1.50,1.13
2013.10.10 02:12:29.197,0.92038,0.92045,1.50,1.13
2013.10.10 02:12:29.257,0.92034,0.92043,3.00,1.13
2013.10.10 02:12:29.619,0.92034,0.92044,2.25,1.13
2013.10.10 02:12:29.677,0.92038,0.92047,1.50,1.88
2013.10.10 02:12:29.737,0.92043,0.92049,1.50,1.13
2013.10.10 02:12:29.918,0.92043,0.9205,1.50,1.13
2013.10.10 02:12:30.358,0.92049,0.92057,1.50,1.13
2013.10.10 02:12:30.909,0.92049,0.92057,1.50,1.13
2013.10.10 02:12:31.721,0.92045,0.92054,1.50,1.13
2013.10.10 02:12:31.968,0.92043,0.92054,1.50,1.88
2013.10.10 02:12:32.027,0.92043,0.92054,1.50,1.88
2013.10.10 02:12:32.238,0.92043,0.92054,1.50,1.88
2013.10.10 02:12:32.967,0.92043,0.92049,1.50,1.13
2013.10.10 02:12:33.087,0.92041,0.92048,1.50,1.13
2013.10.10 02:12:33.327,0.92038,0.92048,1.88,1.13
2013.10.10 02:12:33.808,0.9204,0.9205,1.50,1.13
2013.10.10 02:12:34.917,0.92038,0.92048,1.50,1.13
2013.10.10 02:12:35.217,0.92039,0.92048,1.50,1.13
2013.10.10 02:12:37.338,0.92039,0.92048,1.50,1.13
2013.10.10 02:12:38.497,0.9204,0.92049,2.63,1.13
2013.10.10 02:12:38.557,0.92041,0.92051,1.13,1.13
2013.10.10 02:12:39.096,0.92038,0.9205,2.25,1.88
2013.10.10 02:12:39.628,0.92041,0.9205,1.13,1.88
2013.10.10 02:12:40.369,0.92041,0.9205,1.13,1.88
2013.10.10 02:12:41.848,0.92041,0.92052,1.13,2.63
2013.10.10 02:12:41.907,0.92041,0.92053,1.88,1.88
2013.10.10 02:12:41.967,0.92041,0.9205,1.50,1.13
2013.10.10 02:12:42.087,0.92042,0.92053,1.50,1.13
2013.10.10 02:12:42.450,0.92044,0.92054,1.13,2.63
2013.10.10 02:12:42.868,0.92043,0.92053,1.13,1.50
2013.10.10 02:12:43.271,0.92041,0.9205,1.13,1.88
2013.10.10 02:12:44.117,0.92041,0.9205,1.13,1.50
2013.10.10 02:12:44.417,0.92042,0.92052,1.13,2.25
2013.10.10 02:12:44.987,0.92043,0.92052,1.13,1.50
2013.10.10 02:12:45.407,0.92043,0.92053,1.13,1.50
2013.10.10 02:12:45.980,0.92041,0.92051,1.13,1.13
2013.10.10 02:12:46.788,0.92043,0.92053,1.13,1.88
2013.10.10 02:12:47.739,0.92043,0.92053,1.13,1.88
2013.10.10 02:12:48.426,0.92043,0.92053,1.13,1.88
2013.10.10 02:12:48.812,0.92043,0.92053,1.13,1.88
2013.10.10 02:12:51.507,0.92042,0.92053,1.13,1.13
2013.10.10 02:12:52.818,0.92043,0.92053,1.13,1.13
2013.10.10 02:12:54.897,0.92047,0.92056,1.88,1.50
2013.10.10 02:12:54.957,0.92047,0.92058,1.50,1.50
2013.10.10 02:12:55.017,0.92049,0.92058,3.75,1.13
2013.10.10 02:12:55.196,0.92054,0.92063,1.88,1.13
2013.10.10 02:12:55.377,0.92057,0.92065,1.50,1.13
2013.10.10 02:12:55.497,0.92058,0.92066,1.50,1.13
2013.10.10 02:12:56.246,0.92058,0.92065,1.50,1.13
2013.10.10 02:12:56.607,0.92056,0.92064,1.50,1.13
2013.10.10 02:12:57.147,0.92057,0.92065,2.25,1.13
2013.10.10 02:12:57.566,0.92055,0.92064,1.50,1.13
2013.10.10 02:12:57.627,0.92053,0.92064,2.25,1.13
2013.10.10 02:13:00.098,0.92053,0.92066,2.63,1.88
2013.10.10 02:13:00.458,0.92053,0.92063,2.63,1.13
2013.10.10 02:13:00.712,0.9205,0.92061,2.25,1.13
2013.10.10 02:13:01.217,0.9205,0.92061,2.25,1.13
2013.10.10 02:13:03.267,0.9205,0.9206,1.88,1.13
2013.10.10 02:13:03.446,0.9205,0.92059,1.88,1.13
2013.10.10 02:13:03.986,0.9205,0.92059,1.88,1.13
2013.10.10 02:13:04.507,0.9205,0.92059,1.50,1.13
2013.10.10 02:13:05.227,0.9205,0.92062,4.88,1.88
2013.10.10 02:13:05.469,0.92052,0.92063,1.88,1.13
2013.10.10 02:13:05.529,0.92052,0.92063,2.63,1.13
2013.10.10 02:13:05.838,0.92055,0.92064,1.50,1.13
2013.10.10 02:13:06.197,0.92052,0.92064,1.88,1.13
2013.10.10 02:13:06.317,0.92052,0.92064,1.88,1.13
2013.10.10 02:13:06.618,0.92055,0.92066,1.13,1.50
2013.10.10 02:13:06.999,0.92057,0.92067,1.13,1.88
2013.10.10 02:13:07.176,0.92058,0.92067,1.13,1.50
2013.10.10 02:13:07.847,0.92058,0.92068,1.50,1.88
2013.10.10 02:13:07.967,0.92061,0.92068,1.13,1.13
2013.10.10 02:13:08.027,0.92061,0.9207,3.38,1.50
2013.10.10 02:13:08.087,0.92069,0.92073,1.13,1.50
2013.10.10 02:13:08.327,0.92068,0.92077,1.13,1.13
2013.10.10 02:13:09.147,0.92068,0.92078,1.13,1.88
2013.10.10 02:13:10.267,0.92069,0.92079,2.25,3.38
2013.10.10 02:13:10.507,0.92073,0.92082,1.13,1.13
2013.10.10 02:13:10.748,0.92072,0.92082,1.88,1.88
2013.10.10 02:13:11.289,0.92075,0.92084,1.05,1.88
2013.10.10 02:13:11.408,0.92075,0.92084,1.05,2.25
2013.10.10 02:13:11.719,0.9208,0.92087,1.05,1.50
2013.10.10 02:13:11.778,0.9208,0.92088,1.05,1.50
2013.10.10 02:13:12.352,0.9208,0.92087,1.13,1.50
2013.10.10 02:13:12.897,0.9208,0.92088,1.13,1.50
2013.10.10 02:13:13.138,0.9208,0.9209,1.50,1.13
2013.10.10 02:13:13.200,0.92082,0.92091,1.13,1.50
2013.10.10 02:13:13.327,0.92082,0.92093,1.88,1.88
2013.10.10 02:13:13.389,0.92082,0.92092,1.88,1.13
2013.10.10 02:13:13.748,0.92079,0.92089,1.50,1.50
2013.10.10 02:13:13.869,0.92078,0.92088,1.13,1.50
2013.10.10 02:13:14.051,0.92079,0.92086,1.13,1.88
2013.10.10 02:13:14.177,0.92076,0.92087,1.50,1.13
2013.10.10 02:13:14.418,0.92076,0.92083,1.13,1.35
2013.10.10 02:13:14.487,0.92075,0.92083,1.13,1.35
2013.10.10 02:13:14.548,0.92073,0.92081,1.50,1.13
2013.10.10 02:13:14.607,0.92071,0.92081,1.88,1.88
2013.10.10 02:13:14.848,0.92072,0.92081,1.13,1.88
2013.10.10 02:13:15.267,0.92076,0.92083,1.13,1.50
2013.10.10 02:13:15.386,0.92075,0.92083,1.13,1.50
2013.10.10 02:13:15.507,0.92073,0.92084,1.50,2.25
2013.10.10 02:13:15.688,0.92073,0.92084,1.13,1.50
2013.10.10 02:13:16.048,0.92071,0.9208,1.13,1.50
2013.10.10 02:13:16.419,0.92071,0.92082,1.13,2.25
2013.10.10 02:13:17.629,0.92071,0.92081,1.50,1.50
2013.10.10 02:13:17.929,0.92068,0.92081,3.00,3.00
2013.10.10 02:13:18.717,0.92068,0.92079,1.50,1.50
2013.10.10 02:13:19.384,0.92066,0.92078,1.50,2.63
2013.10.10 02:13:19.926,0.92066,0.92077,2.25,1.13
2013.10.10 02:13:20.046,0.92066,0.92077,2.25,1.13
2013.10.10 02:13:20.107,0.92066,0.92077,2.25,1.13
2013.10.10 02:13:20.347,0.92064,0.92074,2.63,1.50
2013.10.10 02:13:20.648,0.9206,0.92072,2.25,1.50
2013.10.10 02:13:20.767,0.9206,0.92072,2.25,1.50
2013.10.10 02:13:21.740,0.9206,0.92071,1.13,1.50
2013.10.10 02:13:22.307,0.92059,0.92071,2.25,1.50
2013.10.10 02:13:22.847,0.92062,0.92074,1.50,1.50
2013.10.10 02:13:23.537,0.92061,0.92071,2.25,1.50
2013.10.10 02:13:23.778,0.92056,0.92067,1.13,1.50
2013.10.10 02:13:23.839,0.92055,0.92067,1.50,1.50
2013.10.10 02:13:24.078,0.92053,0.92066,1.13,3.75
2013.10.10 02:13:24.379,0.92055,0.92067,1.13,2.25
2013.10.10 02:13:24.618,0.92054,0.92066,1.13,1.50
2013.10.10 02:13:25.099,0.92053,0.92064,1.13,2.25
2013.10.10 02:13:25.278,0.92051,0.92062,1.13,1.50
2013.10.10 02:13:25.699,0.9205,0.92061,1.13,1.50
2013.10.10 02:13:25.819,0.9205,0.92061,1.13,1.50
2013.10.10 02:13:26.177,0.92047,0.92058,1.50,1.50
2013.10.10 02:13:26.417,0.92043,0.92053,1.13,1.50
2013.10.10 02:13:26.536,0.92043,0.92053,1.13,1.50
2013.10.10 02:13:26.837,0.9204,0.92051,1.13,1.50
2013.10.10 02:13:27.526,0.9204,0.92051,1.13,1.50
2013.10.10 02:13:28.059,0.9204,0.9205,1.13,1.50
2013.10.10 02:13:28.297,0.92043,0.92054,1.13,2.25
2013.10.10 02:13:28.418,0.92043,0.92054,1.13,1.50
2013.10.10 02:13:28.957,0.92042,0.92054,1.88,2.25
2013.10.10 02:13:29.317,0.92042,0.92054,1.88,2.63
2013.10.10 02:13:29.827,0.92045,0.92055,1.13,1.88
2013.10.10 02:13:30.187,0.92052,0.92061,2.25,1.35
2013.10.10 02:13:30.367,0.92057,0.92067,1.13,1.50
2013.10.10 02:13:30.880,0.92057,0.92067,1.13,1.50
2013.10.10 02:13:31.187,0.92055,0.92065,1.50,1.50
2013.10.10 02:13:31.367,0.92055,0.92065,1.13,2.25
2013.10.10 02:13:31.428,0.92053,0.92063,1.50,1.50
2013.10.10 02:13:31.547,0.92052,0.92061,1.13,1.50
2013.10.10 02:13:31.607,0.92051,0.9206,1.13,1.50
2013.10.10 02:13:32.087,0.92051,0.92061,1.13,1.50
2013.10.10 02:13:32.781,0.92051,0.9206,1.13,1.50
2013.10.10 02:13:33.077,0.9205,0.9206,1.50,1.50
2013.10.10 02:13:33.633,0.9205,0.92059,1.13,1.50
2013.10.10 02:13:33.987,0.9205,0.9206,1.50,1.50
2013.10.10 02:13:34.112,0.92053,0.9206,1.13,1.50
2013.10.10 02:13:34.177,0.92053,0.92062,1.13,3.00
2013.10.10 02:13:35.967,0.9205,0.92062,1.50,2.25
2013.10.10 02:13:36.207,0.9205,0.92061,1.13,1.50
2013.10.10 02:13:36.747,0.92049,0.92061,1.88,1.88
2013.10.10 02:13:37.747,0.92049,0.92061,2.25,1.50
2013.10.10 02:13:38.087,0.92049,0.92061,2.25,1.88
2013.10.10 02:13:38.482,0.92049,0.92058,1.13,1.50
2013.10.10 02:13:38.727,0.92048,0.92058,1.50,1.50
2013.10.10 02:13:39.087,0.9205,0.92059,1.50,1.50
2013.10.10 02:13:39.481,0.9205,0.92059,1.50,1.50
2013.10.10 02:13:40.027,0.9205,0.9206,1.50,1.50
2013.10.10 02:13:40.387,0.9205,0.92061,1.50,1.50
2013.10.10 02:13:41.267,0.9205,0.92061,1.50,1.50
2013.10.10 02:13:41.998,0.9205,0.9206,1.13,1.50
2013.10.10 02:13:42.357,0.92042,0.92053,1.13,1.13
2013.10.10 02:13:42.417,0.92041,0.92052,1.88,1.13
2013.10.10 02:13:43.739,0.92041,0.92053,1.88,1.50
2013.10.10 02:13:44.263,0.92041,0.92052,1.88,1.13
2013.10.10 02:13:44.334,0.92047,0.92055,1.13,1.50
2013.10.10 02:13:44.399,0.92047,0.92056,1.88,1.50
2013.10.10 02:13:44.458,0.92047,0.92058,1.88,1.88
2013.10.10 02:13:44.639,0.92047,0.92058,1.88,1.50
2013.10.10 02:13:44.867,0.92047,0.92058,1.88,1.88
2013.10.10 02:13:45.427,0.92048,0.92058,1.13,1.88
2013.10.10 02:13:45.977,0.92046,0.92058,2.25,2.25
2013.10.10 02:13:46.157,0.92043,0.92053,2.63,1.13
2013.10.10 02:13:46.398,0.9205,0.92057,2.25,1.50
2013.10.10 02:13:46.700,0.92054,0.92069,3.00,2.25
2013.10.10 02:13:46.771,0.92056,0.92067,1.13,1.13
2013.10.10 02:13:47.018,0.92047,0.92058,1.13,1.13
2013.10.10 02:13:47.079,0.92047,0.92055,1.13,1.88
2013.10.10 02:13:47.321,0.92042,0.92054,1.88,1.50
2013.10.10 02:13:47.388,0.92043,0.92053,1.13,1.88
2013.10.10 02:13:47.507,0.92041,0.92051,1.50,1.50
2013.10.10 02:13:47.747,0.9204,0.9205,1.13,1.13
2013.10.10 02:13:47.807,0.92039,0.92049,1.13,1.50
2013.10.10 02:13:47.927,0.92036,0.92047,1.50,1.13
2013.10.10 02:13:48.047,0.92037,0.92043,1.13,1.50
2013.10.10 02:13:48.107,0.92033,0.92043,1.13,1.50
2013.10.10 02:13:48.647,0.9203,0.92042,1.13,1.13
2013.10.10 02:13:48.768,0.9203,0.92041,1.13,1.13
2013.10.10 02:13:48.827,0.92029,0.92039,1.50,1.13
2013.10.10 02:13:49.007,0.92027,0.92039,2.25,1.13
2013.10.10 02:13:49.427,0.92025,0.92037,1.50,1.88
2013.10.10 02:13:49.548,0.92023,0.92036,1.88,2.63
2013.10.10 02:13:49.607,0.92023,0.92036,1.50,4.13
2013.10.10 02:13:49.968,0.92029,0.92039,3.00,1.13
2013.10.10 02:13:50.327,0.92031,0.92042,1.13,1.50
2013.10.10 02:13:50.957,0.92031,0.92042,1.13,1.88
2013.10.10 02:13:51.377,0.92029,0.92038,1.13,1.13
2013.10.10 02:13:51.437,0.92027,0.92038,1.50,1.88
2013.10.10 02:13:51.497,0.92026,0.92038,2.25,1.88
2013.10.10 02:13:51.679,0.92028,0.92038,2.25,1.13
2013.10.10 02:13:52.708,0.92029,0.9204,1.50,1.50
2013.10.10 02:13:53.017,0.92033,0.92041,1.50,1.50
2013.10.10 02:13:53.197,0.92034,0.92047,2.63,1.88
2013.10.10 02:13:53.257,0.92035,0.92047,1.50,1.88
2013.10.10 02:13:53.437,0.92034,0.92043,2.25,1.13
2013.10.10 02:13:53.617,0.92034,0.92043,2.25,1.13
2013.10.10 02:13:53.917,0.92034,0.92045,2.25,1.13
2013.10.10 02:13:54.777,0.92033,0.92045,1.50,2.25
2013.10.10 02:13:55.019,0.92031,0.92042,1.88,1.50
2013.10.10 02:13:55.376,0.9203,0.92042,1.88,1.88
2013.10.10 02:13:56.055,0.9203,0.92039,1.88,1.13
2013.10.10 02:13:56.807,0.9203,0.92039,1.13,1.13
2013.10.10 02:13:57.467,0.9203,0.9204,1.13,1.13
2013.10.10 02:13:58.057,0.92029,0.9204,1.88,1.13
2013.10.10 02:13:59.617,0.92028,0.9204,3.38,1.13
2013.10.10 02:14:00.037,0.92027,0.92039,1.50,1.88
2013.10.10 02:14:00.218,0.92022,0.92035,2.63,1.13
2013.10.10 02:14:00.277,0.92022,0.92035,2.25,1.13
2013.10.10 02:14:00.580,0.92021,0.92033,1.13,1.13
2013.10.10 02:14:01.101,0.92021,0.92033,1.13,1.13
2013.10.10 02:14:02.537,0.92021,0.92032,1.13,1.13
2013.10.10 02:14:03.038,0.92021,0.92033,1.13,1.88
2013.10.10 02:14:03.467,0.92021,0.92033,1.13,1.88
2013.10.10 02:14:06.646,0.92021,0.92033,1.73,1.88
2013.10.10 02:14:09.178,0.92021,0.92033,1.73,1.88
2013.10.10 02:14:09.717,0.92022,0.92033,2.10,1.88
2013.10.10 02:14:10.404,0.92025,0.92036,1.50,1.13
2013.10.10 02:14:11.668,0.92027,0.92036,1.35,1.13
2013.10.10 02:14:13.346,0.92027,0.92036,1.35,1.13
2013.10.10 02:14:13.467,0.92027,0.92036,1.35,1.13
2013.10.10 02:14:14.227,0.92027,0.92038,1.73,1.50
2013.10.10 02:14:14.347,0.92028,0.92039,1.35,1.50
2013.10.10 02:14:14.407,0.92029,0.92041,1.88,1.88
2013.10.10 02:14:14.648,0.92032,0.92043,1.13,1.13
2013.10.10 02:14:14.887,0.92032,0.92044,2.25,1.13
2013.10.10 02:14:15.247,0.92034,0.92045,1.88,1.13
2013.10.10 02:14:15.677,0.92036,0.92045,1.13,1.13
2013.10.10 02:14:15.861,0.92038,0.92049,3.00,1.13
2013.10.10 02:14:16.287,0.9204,0.92051,1.13,1.13
2013.10.10 02:14:16.888,0.92039,0.92051,1.50,1.13
2013.10.10 02:14:17.009,0.92037,0.92049,2.10,1.13
2013.10.10 02:14:17.187,0.92037,0.92049,2.10,1.13
2013.10.10 02:14:17.726,0.92039,0.9205,1.35,1.13
2013.10.10 02:14:18.027,0.92039,0.9205,1.35,1.13
2013.10.10 02:14:18.347,0.92039,0.9205,1.35,1.50
2013.10.10 02:14:18.467,0.92037,0.92046,1.50,1.13
2013.10.10 02:14:18.707,0.9203,0.92042,1.13,1.13
2013.10.10 02:14:19.278,0.9203,0.92042,1.50,1.13
2013.10.10 02:14:19.787,0.9203,0.92042,1.50,1.13
2013.10.10 02:14:20.277,0.9203,0.92042,2.10,1.13
2013.10.10 02:14:20.613,0.9203,0.92042,1.50,1.13
2013.10.10 02:14:20.804,0.92028,0.9204,2.10,1.13
2013.10.10 02:14:21.238,0.92028,0.9204,1.73,1.13
2013.10.10 02:14:21.437,0.92028,0.9204,1.13,1.50
2013.10.10 02:14:21.617,0.92027,0.92037,1.50,1.13
2013.10.10 02:14:21.977,0.92024,0.92036,1.35,2.25
2013.10.10 02:14:22.507,0.92024,0.92033,1.35,1.50
2013.10.10 02:14:23.028,0.92024,0.92033,1.35,1.50
2013.10.10 02:14:23.347,0.92022,0.92033,1.35,1.50
2013.10.10 02:14:23.648,0.92027,0.92037,1.35,1.50
2013.10.10 02:14:23.767,0.92027,0.92039,1.73,1.50
2013.10.10 02:14:23.889,0.9203,0.9204,1.13,1.88
2013.10.10 02:14:24.247,0.92027,0.92039,1.50,1.13
2013.10.10 02:14:24.787,0.92026,0.92033,1.50,1.50
2013.10.10 02:14:25.337,0.92026,0.92033,1.50,1.50
2013.10.10 02:14:26.021,0.92026,0.92033,1.50,1.50
2013.10.10 02:14:28.469,0.92026,0.92033,1.50,1.50
2013.10.10 02:14:28.647,0.92026,0.92033,2.10,1.50
2013.10.10 02:14:29.196,0.92027,0.92034,1.35,1.13
2013.10.10 02:14:29.498,0.92029,0.92039,1.73,1.13
2013.10.10 02:14:29.619,0.92029,0.9204,1.73,1.88
2013.10.10 02:14:30.219,0.9203,0.9204,1.13,1.13
2013.10.10 02:14:30.587,0.9203,0.9204,1.35,1.13
2013.10.10 02:14:31.128,0.92031,0.92041,2.48,1.13
2013.10.10 02:14:31.517,0.92031,0.92042,1.35,1.88
2013.10.10 02:14:32.169,0.92033,0.92042,1.35,1.13
2013.10.10 02:14:32.227,0.92032,0.92042,1.35,1.13
2013.10.10 02:14:32.767,0.92034,0.92043,1.13,1.13
2013.10.10 02:14:32.888,0.92034,0.92044,1.50,1.13
2013.10.10 02:14:33.129,0.92036,0.92047,1.13,1.88
2013.10.10 02:14:33.198,0.92035,0.92045,1.50,1.13
2013.10.10 02:14:33.617,0.9203,0.92041,2.25,1.13
2013.10.10 02:14:33.738,0.92031,0.9204,1.35,1.13
2013.10.10 02:14:34.279,0.92031,0.9204,1.35,1.50
2013.10.10 02:14:34.700,0.92031,0.9204,1.35,1.13
2013.10.10 02:14:34.757,0.92033,0.9204,1.35,1.13
2013.10.10 02:14:35.273,0.92033,0.92043,1.35,1.50
2013.10.10 02:14:35.797,0.92033,0.92043,1.35,1.13
2013.10.10 02:14:36.336,0.92034,0.92043,1.35,1.13
2013.10.10 02:14:36.998,0.92033,0.92043,1.50,1.13
2013.10.10 02:14:37.967,0.92034,0.92043,1.35,1.13
2013.10.10 02:14:38.517,0.92034,0.92045,1.35,1.88
2013.10.10 02:14:38.697,0.92036,0.92045,1.50,1.13
2013.10.10 02:14:39.297,0.92036,0.92045,2.10,1.13
2013.10.10 02:14:40.159,0.92036,0.92045,1.35,1.13
2013.10.10 02:14:40.978,0.92036,0.92045,2.10,1.13
2013.10.10 02:14:42.477,0.92036,0.92045,2.10,1.13
2013.10.10 02:14:42.967,0.92037,0.92046,1.35,1.13
2013.10.10 02:14:43.927,0.92036,0.92046,1.50,1.50
2013.10.10 02:14:44.787,0.92039,0.92046,1.35,1.13
2013.10.10 02:14:45.327,0.92039,0.92049,2.10,1.13
2013.10.10 02:14:45.858,0.9204,0.9205,1.35,1.13
2013.10.10 02:14:45.919,0.9204,0.9205,1.35,1.13
2013.10.10 02:14:46.297,0.9204,0.9205,1.35,1.13
2013.10.10 02:14:46.807,0.92041,0.92053,1.35,1.88
2013.10.10 02:14:46.931,0.92045,0.92056,1.13,3.75
2013.10.10 02:14:47.058,0.92045,0.92056,1.13,2.25
2013.10.10 02:14:47.417,0.92047,0.92058,1.13,2.25
2013.10.10 02:14:47.547,0.92047,0.92058,1.13,2.63
2013.10.10 02:14:48.987,0.92046,0.92056,1.35,1.50
2013.10.10 02:14:49.518,0.92045,0.92056,1.35,2.25
2013.10.10 02:14:50.075,0.92045,0.92056,1.73,1.50
2013.10.10 02:14:50.744,0.92045,0.92056,1.73,1.13
2013.10.10 02:14:53.397,0.92045,0.92057,1.73,1.88
2013.10.10 02:14:53.939,0.92049,0.92057,1.35,1.88
2013.10.10 02:14:54.058,0.92052,0.92061,1.13,1.13
2013.10.10 02:14:54.179,0.92052,0.92064,3.00,1.13
2013.10.10 02:14:54.587,0.92056,0.92067,1.13,1.88
2013.10.10 02:14:56.347,0.92056,0.92067,1.73,1.88
2013.10.10 02:14:56.647,0.92054,0.92066,1.73,1.13
2013.10.10 02:14:56.708,0.92053,0.92064,1.50,1.13
2013.10.10 02:14:56.887,0.92051,0.92062,1.50,1.13
2013.10.10 02:14:56.949,0.92051,0.9206,1.50,1.13
2013.10.10 02:14:57.067,0.92047,0.92057,1.35,1.50
2013.10.10 02:14:57.128,0.92044,0.92057,1.73,2.63
2013.10.10 02:14:57.366,0.92044,0.92056,1.13,1.88
2013.10.10 02:14:58.957,0.92048,0.92056,1.35,1.13
2013.10.10 02:14:59.077,0.9205,0.9206,1.13,2.25
2013.10.10 02:14:59.577,0.9205,0.92062,1.50,1.88
2013.10.10 02:15:00.082,0.92052,0.92062,1.13,1.13
2013.10.10 02:15:00.617,0.92052,0.92063,1.73,1.88
2013.10.10 02:15:01.297,0.92052,0.92063,1.73,1.88
2013.10.10 02:15:01.477,0.92052,0.92063,2.85,1.50
2013.10.10 02:15:02.017,0.92052,0.92063,2.85,1.50
2013.10.10 02:15:02.409,0.92052,0.92063,2.10,1.50
2013.10.10 02:15:04.410,0.92058,0.92066,3.00,1.13
2013.10.10 02:15:04.537,0.92063,0.92075,1.50,2.25
2013.10.10 02:15:04.597,0.92065,0.92075,1.13,1.50
2013.10.10 02:15:04.778,0.9207,0.92082,1.50,1.88
2013.10.10 02:15:05.257,0.92072,0.92083,1.50,1.50
2013.10.10 02:15:05.497,0.92072,0.92084,1.50,2.25
2013.10.10 02:15:05.617,0.92072,0.92083,1.13,1.50
2013.10.10 02:15:05.796,0.9207,0.92081,1.50,2.25
2013.10.10 02:15:06.157,0.9207,0.9208,1.50,1.13
2013.10.10 02:15:06.458,0.9207,0.92079,1.50,1.13
2013.10.10 02:15:07.897,0.92071,0.92079,1.35,1.13
2013.10.10 02:15:08.377,0.92068,0.92078,1.35,1.13
2013.10.10 02:15:08.877,0.92067,0.92078,1.50,1.88
2013.10.10 02:15:09.417,0.92067,0.92077,1.88,1.13
2013.10.10 02:15:09.977,0.92064,0.92074,2.25,1.13
2013.10.10 02:15:10.037,0.92063,0.92074,1.50,1.13
2013.10.10 02:15:11.307,0.92063,0.92075,2.10,1.88
2013.10.10 02:15:12.168,0.92063,0.92074,1.73,1.13
2013.10.10 02:15:13.520,0.92062,0.92073,1.35,1.88
2013.10.10 02:15:13.578,0.9206,0.92073,2.10,2.63
2013.10.10 02:15:13.639,0.9206,0.92071,1.35,1.50
2013.10.10 02:15:13.998,0.92058,0.92069,1.88,1.13
2013.10.10 02:15:14.357,0.92054,0.92065,1.50,1.50
2013.10.10 02:15:15.266,0.92055,0.92065,1.35,1.50
2013.10.10 02:15:15.747,0.92058,0.92066,1.35,1.13
2013.10.10 02:15:16.047,0.92058,0.92066,1.35,1.50
2013.10.10 02:15:16.849,0.92059,0.92068,1.35,1.13
2013.10.10 02:15:16.907,0.9206,0.92068,1.35,1.13
2013.10.10 02:15:18.637,0.92059,0.9207,2.10,1.88
2013.10.10 02:15:18.946,0.9206,0.92071,1.50,1.88
2013.10.10 02:15:19.007,0.92062,0.92071,1.50,1.88
2013.10.10 02:15:20.207,0.92063,0.92072,1.35,1.88
2013.10.10 02:15:20.807,0.92063,0.92072,1.35,1.88
2013.10.10 02:15:21.717,0.92063,0.92072,1.35,1.88
2013.10.10 02:15:22.567,0.92063,0.92072,1.35,1.13
2013.10.10 02:15:23.007,0.92063,0.92074,1.35,1.88
2013.10.10 02:15:23.127,0.92063,0.92074,2.48,1.88
2013.10.10 02:15:23.307,0.92063,0.92074,3.98,1.88
2013.10.10 02:15:23.850,0.92065,0.92075,1.35,1.88
2013.10.10 02:15:24.178,0.92065,0.92075,1.35,2.25
2013.10.10 02:15:24.480,0.92066,0.92076,3.60,1.13
2013.10.10 02:15:25.218,0.92068,0.92078,1.50,1.88
2013.10.10 02:15:25.519,0.92069,0.92078,1.35,1.88
2013.10.10 02:15:25.888,0.92069,0.92078,1.35,1.88
2013.10.10 02:15:28.176,0.92068,0.92078,1.35,1.13
2013.10.10 02:15:28.477,0.92069,0.92076,1.50,1.13
2013.10.10 02:15:28.657,0.92068,0.92078,1.35,1.13
2013.10.10 02:15:28.776,0.92068,0.92078,1.35,1.13
2013.10.10 02:15:29.448,0.92069,0.9208,1.35,2.63
2013.10.10 02:15:31.497,0.92072,0.9208,1.35,1.13
2013.10.10 02:15:31.857,0.92072,0.92081,1.35,1.88
2013.10.10 02:15:32.157,0.92072,0.92081,2.10,1.13
2013.10.10 02:15:32.667,0.92073,0.92081,1.35,1.13
2013.10.10 02:15:33.488,0.92071,0.92077,1.50,1.13
2013.10.10 02:15:33.549,0.92067,0.92076,1.50,1.13
2013.10.10 02:15:33.610,0.92063,0.92075,1.50,1.50
2013.10.10 02:15:33.680,0.92062,0.92069,1.50,1.13
2013.10.10 02:15:33.930,0.92056,0.92067,1.50,1.13
2013.10.10 02:15:33.988,0.92055,0.92067,1.50,1.88
2013.10.10 02:15:34.408,0.92057,0.92067,1.50,1.13
2013.10.10 02:15:34.828,0.9206,0.92071,1.50,1.50
2013.10.10 02:15:34.949,0.92059,0.92071,2.63,1.88
2013.10.10 02:15:35.067,0.92059,0.92071,1.88,1.13
2013.10.10 02:15:35.427,0.92061,0.92072,1.73,2.63
2013.10.10 02:15:35.487,0.92061,0.92072,1.73,1.13
2013.10.10 02:15:35.608,0.92062,0.92074,1.73,1.50
2013.10.10 02:15:35.788,0.92067,0.92076,1.35,2.25
2013.10.10 02:15:36.327,0.92065,0.92077,1.35,1.88
2013.10.10 02:15:36.388,0.92065,0.92077,1.35,1.88
2013.10.10 02:15:36.567,0.92064,0.92077,1.73,1.88
2013.10.10 02:15:37.127,0.92064,0.92075,1.35,1.88
2013.10.10 02:15:37.643,0.92062,0.92075,2.48,3.38
2013.10.10 02:15:37.967,0.92062,0.92074,2.10,1.13
2013.10.10 02:15:38.506,0.92061,0.92074,5.63,1.13
2013.10.10 02:15:39.027,0.92062,0.92074,1.35,1.13
2013.10.10 02:15:39.526,0.92062,0.92074,1.73,1.13
2013.10.10 02:15:39.886,0.92062,0.92074,1.35,1.13
2013.10.10 02:15:40.006,0.92062,0.92074,1.73,1.13
2013.10.10 02:15:41.087,0.92062,0.92074,1.35,1.13
2013.10.10 02:15:41.643,0.92062,0.92074,1.73,1.13
2013.10.10 02:15:41.969,0.92062,0.92074,1.35,1.13
2013.10.10 02:15:42.507,0.92062,0.92074,1.73,1.13
2013.10.10 02:15:44.437,0.92065,0.92075,1.35,2.25
2013.10.10 02:15:44.581,0.92065,0.92075,1.35,2.25
2013.10.10 02:15:45.518,0.92065,0.92075,1.35,1.13
2013.10.10 02:15:46.029,0.92065,0.92077,1.73,2.25
2013.10.10 02:15:47.219,0.92065,0.92077,1.73,1.88
2013.10.10 02:15:48.059,0.92065,0.92077,1.73,1.13
2013.10.10 02:15:48.618,0.92069,0.92079,1.35,1.88
2013.10.10 02:15:48.858,0.92069,0.92081,2.85,1.50
2013.10.10 02:15:49.099,0.92069,0.92081,2.85,1.13
2013.10.10 02:15:53.078,0.92069,0.92081,2.48,1.13
2013.10.10 02:15:55.391,0.92072,0.92082,1.13,1.88
2013.10.10 02:15:55.518,0.92072,0.92083,1.13,1.13
2013.10.10 02:15:55.638,0.92071,0.92083,1.73,1.13
2013.10.10 02:15:57.207,0.9207,0.9208,1.13,1.13
2013.10.10 02:15:57.267,0.9207,0.9208,1.13,1.13
2013.10.10 02:15:57.391,0.92069,0.9208,1.35,2.25
2013.10.10 02:15:57.937,0.92071,0.92081,1.73,1.13
2013.10.10 02:15:58.117,0.9207,0.92081,1.50,1.88
2013.10.10 02:15:58.177,0.92069,0.9208,1.35,1.13
2013.10.10 02:15:58.237,0.92068,0.9208,1.73,1.88
2013.10.10 02:15:58.790,0.92071,0.92081,1.35,1.13
2013.10.10 02:15:59.097,0.92071,0.92081,1.35,1.13
2013.10.10 02:16:00.138,0.92074,0.92082,1.35,1.13
2013.10.10 02:16:00.647,0.92074,0.92084,1.35,1.50
2013.10.10 02:16:00.948,0.92073,0.92084,1.50,1.50
2013.10.10 02:16:01.009,0.92074,0.92084,1.35,1.88
2013.10.10 02:16:01.070,0.92071,0.92083,1.35,2.25
2013.10.10 02:16:01.131,0.92072,0.92081,1.50,1.50
2013.10.10 02:16:01.258,0.92069,0.92081,2.10,1.88
2013.10.10 02:16:01.438,0.92067,0.92076,1.50,1.50
2013.10.10 02:16:01.558,0.92067,0.92076,1.50,1.50
2013.10.10 02:16:01.617,0.92065,0.92076,1.50,1.50
2013.10.10 02:16:07.391,0.92066,0.92074,1.35,1.13
2013.10.10 02:16:07.458,0.92066,0.92074,2.10,1.13
2013.10.10 02:16:07.697,0.92068,0.92076,1.50,1.50
2013.10.10 02:16:08.237,0.92068,0.92078,1.88,1.13
2013.10.10 02:16:08.807,0.92068,0.92078,2.10,1.50
2013.10.10 02:16:09.068,0.92069,0.92078,1.35,1.50
2013.10.10 02:16:10.157,0.92069,0.92078,1.35,1.50
2013.10.10 02:16:10.517,0.92069,0.92078,1.35,1.50
2013.10.10 02:16:11.427,0.92069,0.92079,1.35,1.13
2013.10.10 02:16:12.027,0.9207,0.92078,1.35,1.88
2013.10.10 02:16:12.087,0.9207,0.92077,1.35,1.13
2013.10.10 02:16:12.148,0.92069,0.92076,1.50,1.13
2013.10.10 02:16:12.387,0.92063,0.92072,1.50,1.50
2013.10.10 02:16:13.034,0.92062,0.92072,1.50,1.50
2013.10.10 02:16:13.747,0.92062,0.92072,2.10,1.50
2013.10.10 02:16:14.277,0.92063,0.92072,1.35,1.50
2013.10.10 02:16:20.599,0.92063,0.92072,1.35,1.13
2013.10.10 02:16:20.719,0.92063,0.92073,1.73,1.13
2013.10.10 02:16:21.138,0.92065,0.92074,1.73,1.13
2013.10.10 02:16:21.767,0.92066,0.92074,1.35,1.13
2013.10.10 02:16:30.307,0.92065,0.92074,1.73,1.13
2013.10.10 02:16:36.074,0.92064,0.92074,1.35,1.13
2013.10.10 02:16:37.167,0.92064,0.92074,1.35,1.13
2013.10.10 02:16:37.417,0.92063,0.92074,1.50,1.13
2013.10.10 02:16:37.718,0.92065,0.92075,1.73,1.50
2013.10.10 02:16:37.778,0.92066,0.92077,1.50,3.38
2013.10.10 02:16:37.897,0.92066,0.92077,3.60,1.13
2013.10.10 02:16:38.757,0.92068,0.92079,1.35,1.13
2013.10.10 02:16:38.937,0.92067,0.92079,1.35,1.13
2013.10.10 02:16:40.408,0.92066,0.92078,2.63,1.13
2013.10.10 02:16:40.527,0.92066,0.92077,1.73,1.13
2013.10.10 02:16:40.587,0.92066,0.92077,1.73,1.13
2013.10.10 02:16:41.381,0.92063,0.92077,3.23,1.88
2013.10.10 02:16:42.059,0.92065,0.92077,1.35,1.13
2013.10.10 02:16:42.119,0.92065,0.92077,1.35,1.13
2013.10.10 02:16:43.878,0.92063,0.92077,2.85,1.13
2013.10.10 02:16:46.449,0.92066,0.92078,1.35,1.88
2013.10.10 02:16:46.641,0.92066,0.92078,1.35,1.88
2013.10.10 02:16:46.978,0.92066,0.92078,1.35,1.88
2013.10.10 02:16:47.098,0.92063,0.92075,2.10,1.13
2013.10.10 02:16:47.649,0.92061,0.92073,1.13,1.13
2013.10.10 02:16:48.461,0.92061,0.92073,1.73,1.13
2013.10.10 02:16:49.238,0.92061,0.92073,1.73,1.13
2013.10.10 02:16:49.477,0.9206,0.92071,1.73,1.13
2013.10.10 02:16:50.063,0.9206,0.92071,1.35,1.88
2013.10.10 02:16:50.317,0.92059,0.92071,2.10,1.88
2013.10.10 02:16:50.498,0.92058,0.92069,1.73,1.13
2013.10.10 02:16:50.858,0.92058,0.92069,1.35,1.13
2013.10.10 02:16:51.637,0.92058,0.92069,1.35,1.13
2013.10.10 02:16:51.926,0.92058,0.92069,1.35,1.13
2013.10.10 02:16:52.169,0.92056,0.92068,3.23,1.88
2013.10.10 02:16:52.527,0.92056,0.92068,3.23,1.88
2013.10.10 02:16:54.647,0.92056,0.92068,3.23,1.88
2013.10.10 02:16:54.707,0.92056,0.92065,1.73,1.13
2013.10.10 02:16:54.947,0.92055,0.92067,2.10,1.88
2013.10.10 02:16:55.489,0.92053,0.92066,1.13,1.88
2013.10.10 02:16:55.607,0.92052,0.92061,1.50,1.13
2013.10.10 02:16:56.028,0.92051,0.9206,1.35,1.50
2013.10.10 02:16:56.447,0.92049,0.9206,2.10,1.50
2013.10.10 02:16:56.778,0.9205,0.92061,1.35,1.50
2013.10.10 02:16:56.837,0.9205,0.9206,1.35,1.50
2013.10.10 02:16:57.287,0.92052,0.92064,1.35,1.13
2013.10.10 02:16:57.857,0.92052,0.92064,1.35,1.13
2013.10.10 02:17:00.977,0.92052,0.92065,1.73,3.75
2013.10.10 02:17:06.187,0.92055,0.92065,1.35,2.25
2013.10.10 02:17:06.467,0.92055,0.92065,1.35,1.50
2013.10.10 02:17:07.010,0.92055,0.92065,1.35,1.13
2013.10.10 02:17:07.190,0.92054,0.92065,2.10,1.13
2013.10.10 02:17:07.309,0.92051,0.92063,1.50,1.50
2013.10.10 02:17:07.817,0.92052,0.92063,1.50,1.50
2013.10.10 02:17:08.057,0.92053,0.92063,1.35,1.88
2013.10.10 02:17:09.227,0.92053,0.92064,1.35,1.13
2013.10.10 02:17:13.250,0.92053,0.92064,1.35,1.13
2013.10.10 02:17:14.267,0.92053,0.92064,1.35,1.13
2013.10.10 02:17:19.342,0.92053,0.92064,1.35,1.13
2013.10.10 02:17:22.328,0.92053,0.92064,1.35,1.13
2013.10.10 02:17:22.859,0.92053,0.92064,1.35,1.13
2013.10.10 02:17:34.660,0.92054,0.92067,2.48,2.63
2013.10.10 02:17:38.749,0.92054,0.92066,2.48,1.50
2013.10.10 02:17:38.928,0.92054,0.92065,2.48,1.13
2013.10.10 02:17:39.108,0.92051,0.92062,1.13,1.50
2013.10.10 02:17:39.167,0.9205,0.92062,1.13,1.50
2013.10.10 02:17:39.227,0.92052,0.92062,1.13,1.13
2013.10.10 02:17:39.408,0.92051,0.92063,1.50,1.88
2013.10.10 02:17:39.957,0.92052,0.92064,1.73,1.50
2013.10.10 02:17:41.027,0.92052,0.92064,1.73,1.88
2013.10.10 02:17:45.438,0.92052,0.92063,1.35,1.88
2013.10.10 02:17:46.046,0.92051,0.92064,1.13,2.63
2013.10.10 02:17:46.547,0.92051,0.92064,1.73,2.63
2013.10.10 02:17:47.240,0.92053,0.92064,1.35,1.88
2013.10.10 02:17:48.653,0.92053,0.92064,1.35,1.13
2013.10.10 02:17:49.264,0.92055,0.92067,1.35,1.50
2013.10.10 02:17:51.428,0.92055,0.92067,1.35,1.50
2013.10.10 02:17:56.597,0.92054,0.92065,2.10,1.88
2013.10.10 02:17:56.718,0.92054,0.92064,1.50,1.13
2013.10.10 02:17:56.957,0.92054,0.92065,1.35,1.13
2013.10.10 02:18:01.450,0.92054,0.92065,1.35,1.50
2013.10.10 02:18:03.047,0.92053,0.92064,1.50,1.13
2013.10.10 02:18:03.408,0.92051,0.92063,1.88,1.50
2013.10.10 02:18:04.367,0.92052,0.92064,1.88,1.13
2013.10.10 02:18:05.630,0.92052,0.92064,2.25,1.13
2013.10.10 02:18:12.278,0.92052,0.92059,2.25,1.88
2013.10.10 02:18:12.459,0.92048,0.92059,1.88,3.38
2013.10.10 02:18:12.577,0.92045,0.92057,1.88,1.88
2013.10.10 02:18:13.203,0.92046,0.92057,1.13,1.50
2013.10.10 02:18:15.617,0.92047,0.9206,1.88,2.25
2013.10.10 02:18:17.088,0.92047,0.9206,1.50,2.25
2013.10.10 02:18:17.268,0.92046,0.92058,2.10,1.50
2013.10.10 02:18:17.448,0.92043,0.92054,1.13,1.50
2013.10.10 02:18:17.508,0.92042,0.92053,1.13,1.50
2013.10.10 02:18:18.027,0.92041,0.92053,2.25,1.13
2013.10.10 02:18:18.571,0.92042,0.92054,1.13,3.00
2013.10.10 02:18:19.130,0.92042,0.92054,1.88,2.63
2013.10.10 02:18:19.857,0.92043,0.92054,1.88,1.13
2013.10.10 02:18:22.860,0.92043,0.92054,1.35,2.25
2013.10.10 02:18:22.928,0.92045,0.92054,1.35,1.50
2013.10.10 02:18:24.657,0.92044,0.92054,1.35,1.50
2013.10.10 02:18:25.466,0.92044,0.92054,2.10,1.50
2013.10.10 02:18:26.207,0.92045,0.92054,1.35,1.13
2013.10.10 02:18:26.448,0.92046,0.92058,1.73,1.50
2013.10.10 02:18:26.958,0.92047,0.92059,1.50,1.50
2013.10.10 02:18:27.517,0.92048,0.92059,1.35,1.50
2013.10.10 02:18:28.637,0.92048,0.9206,1.73,1.13
2013.10.10 02:18:28.757,0.92048,0.92061,3.23,2.25
2013.10.10 02:18:29.547,0.92051,0.92061,1.35,1.50
2013.10.10 02:18:30.488,0.92051,0.92061,1.35,2.25
2013.10.10 02:18:30.848,0.92047,0.92058,1.88,2.25
2013.10.10 02:18:31.379,0.92047,0.92058,1.50,2.25
2013.10.10 02:18:31.947,0.92047,0.92058,2.10,1.50
2013.10.10 02:18:32.628,0.92047,0.92058,2.10,1.50
2013.10.10 02:18:33.187,0.92047,0.92058,2.10,1.50
2013.10.10 02:18:36.660,0.92047,0.92058,2.48,1.50
2013.10.10 02:18:43.260,0.92047,0.92058,2.10,1.50
2013.10.10 02:18:49.327,0.92047,0.92059,2.10,1.50
2013.10.10 02:18:49.999,0.92048,0.9206,1.50,2.25
2013.10.10 02:18:52.267,0.92049,0.9206,1.35,2.25
2013.10.10 02:18:53.898,0.9205,0.9206,2.10,1.88
2013.10.10 02:18:54.552,0.92051,0.9206,1.35,1.13
2013.10.10 02:18:55.232,0.9205,0.9206,1.50,1.13
2013.10.10 02:18:57.478,0.92051,0.92057,1.35,1.50
2013.10.10 02:18:57.600,0.92046,0.92054,1.50,1.88
2013.10.10 02:18:57.718,0.92046,0.92054,1.50,1.88
2013.10.10 02:18:58.137,0.92043,0.92054,2.10,2.25
2013.10.10 02:18:58.647,0.92044,0.92054,1.35,1.13
2013.10.10 02:18:58.827,0.92044,0.92054,1.73,1.13
2013.10.10 02:18:59.007,0.92044,0.92056,1.73,1.50
2013.10.10 02:18:59.307,0.92044,0.92056,1.73,1.50
2013.10.10 02:18:59.888,0.92043,0.92054,2.63,1.50
2013.10.10 02:19:00.407,0.92044,0.92056,1.73,1.50
2013.10.10 02:19:00.467,0.92044,0.92056,1.73,1.50
2013.10.10 02:19:00.588,0.92044,0.92054,1.13,1.50
2013.10.10 02:19:01.127,0.92045,0.92055,1.50,1.50
2013.10.10 02:19:01.187,0.92043,0.92055,1.88,2.25
2013.10.10 02:19:01.865,0.92044,0.92055,1.35,2.25
2013.10.10 02:19:02.593,0.92044,0.92055,1.73,1.88
2013.10.10 02:19:03.398,0.92044,0.92055,1.73,1.88
2013.10.10 02:19:03.935,0.92044,0.92055,1.73,1.13
2013.10.10 02:19:05.507,0.92044,0.92055,1.73,1.13
2013.10.10 02:19:06.088,0.92044,0.92055,1.73,1.13
2013.10.10 02:19:07.458,0.92044,0.92055,1.73,1.13
2013.10.10 02:19:13.527,0.92044,0.92055,1.73,1.13
2013.10.10 02:19:14.528,0.92044,0.92054,1.35,1.13
2013.10.10 02:19:14.709,0.9204,0.92051,1.13,1.88
2013.10.10 02:19:14.769,0.92039,0.92051,2.63,3.75
2013.10.10 02:19:15.615,0.92038,0.9205,1.50,2.25
2013.10.10 02:19:15.740,0.92038,0.92049,1.88,1.50
2013.10.10 02:19:16.837,0.92038,0.92049,2.48,1.50
2013.10.10 02:19:19.128,0.92038,0.9205,3.23,2.25
2013.10.10 02:19:22.789,0.9204,0.9205,1.50,2.25
2013.10.10 02:19:23.027,0.92043,0.92055,1.50,3.75
2013.10.10 02:19:23.148,0.92044,0.92055,2.25,1.50
2013.10.10 02:19:23.678,0.92045,0.92055,1.50,1.50
2013.10.10 02:19:23.987,0.92045,0.92055,1.50,1.50
2013.10.10 02:19:24.429,0.92045,0.92055,1.50,1.50
2013.10.10 02:19:25.318,0.92046,0.92057,1.35,2.25
2013.10.10 02:19:27.067,0.92047,0.92059,2.25,2.63
2013.10.10 02:19:27.398,0.92047,0.92059,2.25,1.88
2013.10.10 02:19:28.029,0.92048,0.92059,2.48,1.13
2013.10.10 02:19:28.567,0.92049,0.92061,1.35,1.50
2013.10.10 02:19:31.420,0.92051,0.92062,1.73,2.25
2013.10.10 02:19:31.599,0.92056,0.92062,2.63,1.50
2013.10.10 02:19:31.657,0.92057,0.92067,1.50,1.88
2013.10.10 02:19:31.837,0.92058,0.92069,1.50,1.13
2013.10.10 02:19:32.277,0.92058,0.92069,1.50,1.13
2013.10.10 02:19:32.578,0.92057,0.92068,1.50,1.50
2013.10.10 02:19:33.131,0.92057,0.92068,1.50,1.50
2013.10.10 02:19:33.648,0.92058,0.92068,1.35,1.50
2013.10.10 02:19:35.067,0.92059,0.92069,1.50,1.50
2013.10.10 02:19:35.622,0.92059,0.92069,1.50,1.50
2013.10.10 02:19:36.148,0.92061,0.92069,2.25,1.13
2013.10.10 02:19:36.447,0.92062,0.92074,1.88,2.25
2013.10.10 02:19:37.035,0.92062,0.92074,1.88,2.25
2013.10.10 02:19:37.568,0.92062,0.92074,1.88,2.25
2013.10.10 02:19:38.104,0.92061,0.92071,1.35,1.50
2013.10.10 02:19:38.717,0.92061,0.92069,1.35,1.50
2013.10.10 02:19:38.857,0.92061,0.92069,1.35,1.50
2013.10.10 02:19:39.220,0.92057,0.92066,2.25,1.50
2013.10.10 02:19:39.347,0.92057,0.92064,2.25,1.13
2013.10.10 02:19:39.467,0.92053,0.92063,1.13,1.13
2013.10.10 02:19:39.648,0.92054,0.92065,1.13,1.13
2013.10.10 02:19:40.187,0.92055,0.92066,2.48,2.25
2013.10.10 02:19:40.798,0.92055,0.92066,2.48,2.25
2013.10.10 02:19:42.158,0.92055,0.92066,2.10,2.25
2013.10.10 02:19:42.942,0.92055,0.92066,2.85,2.25
2013.10.10 02:19:43.678,0.92055,0.92066,2.48,3.00
2013.10.10 02:19:43.918,0.92052,0.92063,1.50,1.50
2013.10.10 02:19:44.097,0.9205,0.9206,3.38,1.13
2013.10.10 02:19:44.607,0.92051,0.92061,1.50,1.13
2013.10.10 02:19:45.498,0.92051,0.92062,2.85,1.13
2013.10.10 02:19:46.177,0.92053,0.92062,2.10,1.13
2013.10.10 02:19:46.687,0.92054,0.92063,1.35,1.13
2013.10.10 02:19:50.007,0.92054,0.92064,2.10,1.50
2013.10.10 02:19:51.397,0.92054,0.92064,3.23,1.50
2013.10.10 02:19:51.698,0.92056,0.92066,1.13,1.50
2013.10.10 02:19:52.238,0.92057,0.92066,1.50,1.13
2013.10.10 02:19:52.650,0.92058,0.92066,1.50,1.13
2013.10.10 02:19:53.484,0.92058,0.92068,2.10,1.50
2013.10.10 02:19:54.257,0.92058,0.92068,2.10,1.50
2013.10.10 02:19:54.908,0.92058,0.92068,2.10,1.50
2013.10.10 02:19:55.477,0.92058,0.92068,2.10,1.50
2013.10.10 02:19:56.209,0.92052,0.92064,1.88,1.88
2013.10.10 02:19:56.339,0.92053,0.92064,2.10,1.88
2013.10.10 02:19:56.471,0.92053,0.92064,2.85,1.13
2013.10.10 02:19:56.590,0.92053,0.92064,1.50,1.88
2013.10.10 02:19:56.892,0.92052,0.92063,1.50,1.13
2013.10.10 02:19:57.018,0.92053,0.92064,1.35,2.63
2013.10.10 02:19:57.438,0.92055,0.92064,1.35,1.13
2013.10.10 02:19:57.558,0.92052,0.92064,1.50,1.88
2013.10.10 02:19:57.678,0.92052,0.92064,1.50,1.88
2013.10.10 02:19:58.218,0.92054,0.92064,1.35,1.50
2013.10.10 02:19:58.338,0.92054,0.92064,1.35,1.13
2013.10.10 02:19:58.517,0.92053,0.92064,2.48,1.88
2013.10.10 02:19:58.638,0.92053,0.92064,2.48,1.88
2013.10.10 02:19:59.179,0.92052,0.92063,1.50,1.50
2013.10.10 02:19:59.539,0.92053,0.92064,2.10,1.50
2013.10.10 02:19:59.967,0.92055,0.92065,1.35,1.50
2013.10.10 02:20:01.658,0.92054,0.92065,2.10,1.50
2013.10.10 02:20:02.177,0.92055,0.92065,1.50,1.50
2013.10.10 02:20:02.727,0.92056,0.92065,1.50,1.13
2013.10.10 02:20:03.897,0.92058,0.92066,1.50,1.13
2013.10.10 02:20:03.957,0.92059,0.92068,1.50,1.50
2013.10.10 02:20:06.588,0.92059,0.9207,1.88,1.13
2013.10.10 02:20:06.708,0.92061,0.92071,1.50,1.50
2013.10.10 02:20:06.828,0.92061,0.92071,1.88,1.13
2013.10.10 02:20:11.908,0.92061,0.92072,1.88,1.50
2013.10.10 02:20:12.087,0.92062,0.92073,1.50,1.50
2013.10.10 02:20:12.639,0.92063,0.92074,1.50,3.00
2013.10.10 02:20:13.970,0.92063,0.92074,1.50,3.00
2013.10.10 02:20:14.447,0.92063,0.92075,2.25,3.00
2013.10.10 02:20:15.212,0.92065,0.92075,2.25,2.25
2013.10.10 02:20:15.778,0.92065,0.92077,2.63,1.88
2013.10.10 02:20:16.387,0.92066,0.92077,1.13,1.88
2013.10.10 02:20:18.518,0.92066,0.92077,1.13,1.13
2013.10.10 02:20:19.121,0.92068,0.92079,1.50,3.00
2013.10.10 02:20:19.468,0.92066,0.92078,1.50,1.50
2013.10.10 02:20:19.769,0.92067,0.92079,1.50,2.25
2013.10.10 02:20:20.248,0.92068,0.92079,1.50,1.50
2013.10.10 02:20:22.827,0.92068,0.92079,1.50,2.25
2013.10.10 02:20:22.947,0.92065,0.92077,2.10,1.13
2013.10.10 02:20:30.200,0.92065,0.92076,2.10,1.50
2013.10.10 02:20:30.727,0.92065,0.92076,2.10,1.50
2013.10.10 02:20:31.843,0.92065,0.92076,2.10,1.50
2013.10.10 02:20:32.087,0.92065,0.92076,1.35,1.50
2013.10.10 02:20:32.648,0.92065,0.92077,1.35,2.25
2013.10.10 02:20:33.387,0.92065,0.92077,1.35,2.25
2013.10.10 02:20:34.237,0.92066,0.92078,1.50,3.00
2013.10.10 02:20:34.558,0.92064,0.92075,1.73,1.50
2013.10.10 02:20:36.338,0.92064,0.92075,1.13,1.50
2013.10.10 02:20:36.517,0.92063,0.92072,1.50,1.50
2013.10.10 02:20:37.058,0.92062,0.92071,1.50,1.13
2013.10.10 02:20:37.178,0.92063,0.92074,1.13,1.88
2013.10.10 02:20:37.728,0.92062,0.92074,1.88,2.25
2013.10.10 02:20:37.849,0.92059,0.92071,1.50,1.88
2013.10.10 02:20:38.398,0.92062,0.92072,1.13,1.13
2013.10.10 02:20:38.737,0.92063,0.92072,2.10,1.13
2013.10.10 02:20:41.138,0.92063,0.92072,2.10,1.13
2013.10.10 02:20:44.600,0.92063,0.92072,2.10,1.13
2013.10.10 02:20:50.320,0.92063,0.92072,2.10,1.13
2013.10.10 02:20:56.811,0.92063,0.92074,2.10,1.50
2013.10.10 02:21:00.968,0.92063,0.92074,1.35,2.25
2013.10.10 02:21:04.067,0.92063,0.92074,2.10,1.50
2013.10.10 02:21:07.480,0.92063,0.92074,2.10,1.50
2013.10.10 02:21:10.578,0.92063,0.92074,2.10,1.50
2013.10.10 02:21:15.653,0.92063,0.92076,2.10,3.00
2013.10.10 02:21:16.178,0.92063,0.92073,1.35,1.50
2013.10.10 02:21:16.358,0.92059,0.9207,2.25,1.13
2013.10.10 02:21:16.418,0.92059,0.9207,2.25,1.50
2013.10.10 02:21:25.419,0.92059,0.92071,1.50,4.13
2013.10.10 02:21:25.597,0.92059,0.92071,1.50,3.00
2013.10.10 02:21:25.657,0.92059,0.92071,1.50,3.00
2013.10.10 02:21:36.128,0.92059,0.92071,1.50,3.00
2013.10.10 02:21:37.537,0.92059,0.92068,2.25,1.50
2013.10.10 02:21:39.421,0.92059,0.92068,2.25,1.50
2013.10.10 02:21:39.668,0.92061,0.9207,1.50,1.13
2013.10.10 02:21:39.788,0.92063,0.9207,1.50,1.13
2013.10.10 02:21:40.098,0.92063,0.92071,1.50,1.88
2013.10.10 02:21:40.278,0.92061,0.92071,1.50,1.88
2013.10.10 02:21:49.658,0.9206,0.92071,2.85,1.13
2013.10.10 02:21:53.008,0.9206,0.92069,1.50,1.13
2013.10.10 02:21:53.188,0.92058,0.92069,2.10,1.13
2013.10.10 02:21:53.860,0.92059,0.92069,2.25,1.50
2013.10.10 02:21:57.588,0.92059,0.92069,2.25,1.88
2013.10.10 02:21:57.708,0.92056,0.92066,1.50,1.50
2013.10.10 02:21:57.768,0.92055,0.92066,2.63,1.50
2013.10.10 02:21:58.248,0.92051,0.92062,2.25,1.13
2013.10.10 02:21:58.488,0.92052,0.92063,1.88,1.88
2013.10.10 02:21:58.549,0.92053,0.92063,2.25,1.88
2013.10.10 02:21:58.910,0.92055,0.92063,1.50,1.50
2013.10.10 02:21:59.029,0.92055,0.92065,1.88,1.13
2013.10.10 02:21:59.507,0.92058,0.92069,2.25,1.88
2013.10.10 02:21:59.567,0.92058,0.92069,2.63,1.88
2013.10.10 02:21:59.868,0.9206,0.92071,1.13,2.25
2013.10.10 02:21:59.928,0.92061,0.92071,1.13,2.25
2013.10.10 02:22:03.707,0.92064,0.92072,1.50,1.50
2013.10.10 02:22:03.767,0.92065,0.92074,1.50,1.13
2013.10.10 02:22:03.888,0.92066,0.92078,1.50,1.88
2013.10.10 02:22:04.069,0.92068,0.92079,1.50,1.50
2013.10.10 02:22:04.969,0.92069,0.92078,1.13,1.13
2013.10.10 02:22:05.089,0.92066,0.92076,1.50,1.50
2013.10.10 02:22:11.287,0.92065,0.92075,1.35,1.13
2013.10.10 02:22:11.882,0.92065,0.92075,1.35,1.50
2013.10.10 02:22:12.429,0.92065,0.92074,1.35,1.13
2013.10.10 02:22:12.797,0.92066,0.92076,2.48,1.13
2013.10.10 02:22:13.168,0.92066,0.92076,2.10,1.50
2013.10.10 02:22:13.740,0.92067,0.92076,2.25,1.50
2013.10.10 02:22:14.261,0.92066,0.92076,1.50,1.50
2013.10.10 02:22:15.459,0.92066,0.92076,1.50,1.50
2013.10.10 02:22:18.680,0.92067,0.92076,1.50,1.50
2013.10.10 02:22:19.039,0.92067,0.92078,1.50,2.25
2013.10.10 02:22:20.952,0.92066,0.92076,2.10,1.13
2013.10.10 02:22:21.150,0.9206,0.92069,1.50,1.73
2013.10.10 02:22:21.209,0.92058,0.92068,1.88,1.13
2013.10.10 02:22:21.269,0.92057,0.92068,1.88,1.13
2013.10.10 02:22:25.008,0.92055,0.92066,1.50,1.13
2013.10.10 02:22:26.039,0.92055,0.92065,1.50,1.13
2013.10.10 02:22:29.367,0.92053,0.92064,1.88,1.13
2013.10.10 02:22:34.238,0.92053,0.92064,1.50,1.13
2013.10.10 02:22:34.418,0.92052,0.92062,1.88,1.13
2013.10.10 02:22:37.309,0.92051,0.92062,1.50,1.88
2013.10.10 02:22:37.609,0.9205,0.9206,1.50,1.88
2013.10.10 02:22:38.159,0.92048,0.92059,1.13,1.50
2013.10.10 02:22:39.218,0.92048,0.92058,1.13,2.25
2013.10.10 02:22:39.398,0.92048,0.92058,1.88,2.25
2013.10.10 02:22:39.908,0.92048,0.92059,2.63,1.50
2013.10.10 02:22:40.458,0.9205,0.9206,1.13,1.50
2013.10.10 02:22:40.578,0.92052,0.92062,1.13,1.88
2013.10.10 02:22:46.958,0.92051,0.92061,1.13,2.63
2013.10.10 02:23:04.298,0.92051,0.92061,1.13,1.88
2013.10.10 02:23:04.868,0.92051,0.92061,1.13,1.13
2013.10.10 02:23:14.077,0.9205,0.92061,1.50,2.25
2013.10.10 02:23:14.138,0.92049,0.9206,1.13,1.13
2013.10.10 02:23:16.548,0.92049,0.92059,1.13,1.50
2013.10.10 02:23:19.750,0.92048,0.92059,1.88,1.13
2013.10.10 02:23:21.968,0.92049,0.92059,1.13,1.13
2013.10.10 02:23:22.479,0.92051,0.92061,1.50,1.13
2013.10.10 02:23:25.490,0.92051,0.92061,1.50,1.13
2013.10.10 02:23:39.368,0.92051,0.92062,1.50,1.88
2013.10.10 02:23:49.368,0.92051,0.92062,1.50,1.88
2013.10.10 02:23:51.819,0.92052,0.92062,1.13,1.13
2013.10.10 02:23:51.878,0.92052,0.92062,1.13,1.13
2013.10.10 02:23:54.548,0.92052,0.92062,1.13,1.13
2013.10.10 02:23:56.518,0.92051,0.92062,1.88,1.13
2013.10.10 02:24:03.038,0.92052,0.92063,1.50,1.88
2013.10.10 02:24:03.579,0.92052,0.92063,1.50,1.88
2013.10.10 02:24:04.118,0.92052,0.92063,1.50,1.88
2013.10.10 02:24:04.798,0.92052,0.92063,1.50,1.88
2013.10.10 02:24:07.161,0.92053,0.92063,1.13,1.13
2013.10.10 02:24:09.278,0.92052,0.92063,1.88,1.13
2013.10.10 02:24:13.138,0.92052,0.92063,1.88,1.13
2013.10.10 02:24:16.688,0.92052,0.92063,1.50,3.00
2013.10.10 02:24:17.228,0.92051,0.9206,1.13,1.13
2013.10.10 02:24:17.758,0.92051,0.92061,1.13,1.13
2013.10.10 02:24:25.158,0.92052,0.92062,1.13,1.13
2013.10.10 02:24:27.428,0.92052,0.92062,1.13,1.13
2013.10.10 02:24:27.488,0.92052,0.92062,1.13,1.13
2013.10.10 02:24:29.738,0.92052,0.92062,1.13,1.13
2013.10.10 02:24:35.268,0.92052,0.92062,1.13,1.13
2013.10.10 02:24:35.569,0.92051,0.9206,1.50,1.13
2013.10.10 02:24:35.629,0.9205,0.92059,1.50,1.50
2013.10.10 02:24:36.440,0.92048,0.92058,1.13,1.13
2013.10.10 02:24:37.030,0.92048,0.92058,1.13,1.88
2013.10.10 02:24:37.511,0.92048,0.92058,1.13,1.88
2013.10.10 02:24:39.198,0.92047,0.92056,1.50,1.50
2013.10.10 02:24:39.742,0.92046,0.92056,1.13,4.13
2013.10.10 02:24:43.438,0.92045,0.92055,1.13,2.63
2013.10.10 02:24:43.498,0.92043,0.92055,1.88,3.00
2013.10.10 02:24:44.001,0.92043,0.92054,1.88,1.13
2013.10.10 02:24:44.536,0.92043,0.92054,1.88,1.88
2013.10.10 02:24:48.213,0.92043,0.92053,1.50,1.13
2013.10.10 02:24:48.399,0.92041,0.92051,1.50,1.13
2013.10.10 02:24:50.497,0.92041,0.92052,1.88,1.13
2013.10.10 02:24:52.688,0.92041,0.92052,1.88,1.50
2013.10.10 02:24:52.888,0.92041,0.92052,1.50,1.50
2013.10.10 02:24:54.458,0.92042,0.92053,1.13,2.63
2013.10.10 02:24:55.019,0.92042,0.92053,1.13,2.63
2013.10.10 02:25:05.098,0.92042,0.92053,1.13,2.63
2013.10.10 02:25:05.218,0.92045,0.92054,1.13,1.50
2013.10.10 02:25:05.398,0.92045,0.92055,1.13,1.50
2013.10.10 02:25:05.578,0.92047,0.92057,1.13,1.88
2013.10.10 02:25:06.308,0.92048,0.92058,1.13,1.50
2013.10.10 02:25:06.930,0.92048,0.92057,1.13,1.50
2013.10.10 02:25:07.478,0.92046,0.92055,1.50,1.13
2013.10.10 02:25:07.539,0.92046,0.92055,1.50,1.13
2013.10.10 02:25:08.088,0.92046,0.92053,1.50,1.13
2013.10.10 02:25:10.308,0.92042,0.92053,2.63,1.13
2013.10.10 02:25:10.838,0.92042,0.92053,1.13,2.63
2013.10.10 02:25:11.328,0.92041,0.92051,1.50,1.13
2013.10.10 02:25:13.619,0.92042,0.92051,1.13,1.13
2013.10.10 02:25:15.688,0.92041,0.92052,1.88,3.75
2013.10.10 02:25:16.352,0.9204,0.92051,1.13,1.88
2013.10.10 02:25:17.710,0.9204,0.9205,1.13,1.13
2013.10.10 02:25:22.129,0.92038,0.92049,1.88,2.63
2013.10.10 02:25:22.701,0.92038,0.92048,1.88,1.13
2013.10.10 02:25:23.371,0.92039,0.92049,1.13,3.38
2013.10.10 02:25:23.728,0.92045,0.92052,1.13,2.25
2013.10.10 02:25:23.848,0.92045,0.92054,1.13,1.50
2013.10.10 02:25:23.969,0.92045,0.92056,1.13,2.25
2013.10.10 02:25:24.488,0.92047,0.92056,1.13,1.50
2013.10.10 02:25:28.828,0.92046,0.92056,1.50,1.88
2013.10.10 02:25:29.069,0.92041,0.92053,1.35,1.88
2013.10.10 02:25:29.128,0.92041,0.92053,1.50,1.88
2013.10.10 02:25:29.308,0.92039,0.92051,1.50,1.50
2013.10.10 02:25:29.548,0.92038,0.92047,1.13,1.13
2013.10.10 02:25:30.028,0.92039,0.92051,2.25,1.13
2013.10.10 02:25:30.088,0.92039,0.92051,2.25,1.13
2013.10.10 02:25:33.808,0.92039,0.9205,1.88,1.88
2013.10.10 02:25:49.028,0.92039,0.92049,1.13,1.13
2013.10.10 02:25:49.148,0.92038,0.92046,2.25,1.13
2013.10.10 02:25:49.688,0.92039,0.92049,1.13,1.13
2013.10.10 02:25:49.808,0.9204,0.92049,1.13,1.13
2013.10.10 02:25:51.798,0.92039,0.9205,1.88,1.88
2013.10.10 02:26:01.478,0.92039,0.9205,1.50,1.88
2013.10.10 02:26:11.378,0.92041,0.92052,1.13,1.88
2013.10.10 02:26:11.498,0.92041,0.92053,1.88,2.63
2013.10.10 02:26:14.258,0.92041,0.92052,1.50,1.50
2013.10.10 02:26:14.378,0.9204,0.9205,1.13,1.88
2013.10.10 02:26:14.964,0.9204,0.92052,1.88,1.88
2013.10.10 02:26:27.558,0.92042,0.92051,1.13,1.13
2013.10.10 02:26:27.936,0.92043,0.92054,1.50,1.13
2013.10.10 02:26:28.428,0.92042,0.92053,1.50,1.88
2013.10.10 02:26:37.928,0.92041,0.92053,2.25,1.88
2013.10.10 02:26:38.641,0.92041,0.92053,1.88,1.88
2013.10.10 02:26:40.741,0.92041,0.92053,2.25,1.88
2013.10.10 02:26:47.818,0.92043,0.92053,1.88,1.13
2013.10.10 02:26:52.296,0.92043,0.92053,1.50,1.13
2013.10.10 02:26:53.839,0.92043,0.92053,1.50,1.13
2013.10.10 02:26:56.048,0.92037,0.92049,2.63,2.63
2013.10.10 02:26:57.358,0.92037,0.92048,1.88,1.50
2013.10.10 02:27:04.029,0.9204,0.92048,1.50,1.50
2013.10.10 02:27:04.148,0.9204,0.92051,1.50,1.88
2013.10.10 02:27:04.209,0.92041,0.92051,1.13,1.13
2013.10.10 02:27:04.449,0.92041,0.92052,1.50,1.13
2013.10.10 02:27:05.509,0.92041,0.9205,1.50,1.13
2013.10.10 02:27:05.949,0.92041,0.92052,1.50,1.13
2013.10.10 02:27:06.708,0.92043,0.92054,1.50,1.50
2013.10.10 02:27:08.839,0.92043,0.92054,1.50,1.50
2013.10.10 02:27:23.311,0.92043,0.92054,1.88,1.13
2013.10.10 02:27:26.499,0.92043,0.92053,1.13,1.88
2013.10.10 02:27:27.299,0.92043,0.92053,1.13,1.88
2013.10.10 02:27:27.364,0.92043,0.92054,1.88,2.63
2013.10.10 02:27:27.909,0.92045,0.92054,2.25,1.13
2013.10.10 02:27:30.478,0.92045,0.92055,3.00,1.13
2013.10.10 02:27:36.278,0.92046,0.92055,1.35,1.13
2013.10.10 02:27:37.499,0.92047,0.92055,1.35,1.13
2013.10.10 02:27:43.159,0.92048,0.92055,1.35,1.13
2013.10.10 02:27:44.849,0.92049,0.92058,2.25,1.13
2013.10.10 02:27:53.498,0.92049,0.92059,2.63,1.13
2013.10.10 02:27:54.438,0.9205,0.9206,1.13,1.13
2013.10.10 02:27:54.995,0.92051,0.92061,1.13,1.88
2013.10.10 02:27:55.561,0.92051,0.92061,1.13,1.88
2013.10.10 02:27:57.668,0.9205,0.9206,1.50,1.50
2013.10.10 02:27:57.788,0.92047,0.92056,1.35,1.50
2013.10.10 02:27:57.848,0.92045,0.92055,2.25,1.50
2013.10.10 02:27:58.619,0.92045,0.92056,1.88,2.25
2013.10.10 02:27:59.768,0.92045,0.92057,1.88,1.50
2013.10.10 02:27:59.828,0.92045,0.92057,3.23,1.50
2013.10.10 02:27:59.888,0.92049,0.92059,1.13,2.63
2013.10.10 02:28:00.622,0.9205,0.92059,1.13,1.13
2013.10.10 02:28:01.312,0.9205,0.92059,1.13,1.13
2013.10.10 02:28:02.458,0.92049,0.92059,2.63,1.50
2013.10.10 02:28:03.888,0.92049,0.92059,2.25,1.50
2013.10.10 02:28:04.428,0.92048,0.92059,2.48,1.50
2013.10.10 02:28:04.488,0.92048,0.92059,2.48,2.25
2013.10.10 02:28:05.040,0.92048,0.92059,2.48,2.25
2013.10.10 02:28:05.411,0.92048,0.92059,2.48,2.25
2013.10.10 02:28:10.628,0.92048,0.92059,2.48,2.25
2013.10.10 02:28:12.528,0.92051,0.92061,1.88,1.13
2013.10.10 02:28:12.588,0.92054,0.92062,1.13,1.88
2013.10.10 02:28:12.908,0.92054,0.92065,1.13,1.88
2013.10.10 02:28:24.788,0.92054,0.92065,1.13,1.13
2013.10.10 02:28:29.941,0.92054,0.92065,1.13,1.88
2013.10.10 02:28:30.188,0.92054,0.92065,1.50,1.88
2013.10.10 02:28:36.969,0.92052,0.92064,1.50,3.23
2013.10.10 02:28:37.030,0.92051,0.92061,1.13,1.13
2013.10.10 02:28:37.209,0.9205,0.92062,2.25,1.50
2013.10.10 02:28:37.329,0.92051,0.92062,1.50,1.50
2013.10.10 02:28:37.890,0.92052,0.92064,1.13,2.63
2013.10.10 02:28:40.168,0.92052,0.92064,1.13,2.25
2013.10.10 02:28:46.014,0.92054,0.92064,1.13,2.25
2013.10.10 02:28:48.929,0.92054,0.92063,1.13,1.88
2013.10.10 02:28:49.349,0.92052,0.92062,1.13,1.50
2013.10.10 02:28:49.409,0.92051,0.9206,1.13,1.50
2013.10.10 02:28:49.528,0.92049,0.9206,1.50,1.88
2013.10.10 02:28:49.768,0.9205,0.9206,1.13,1.50
2013.10.10 02:28:52.188,0.9205,0.92057,1.13,1.13
2013.10.10 02:28:52.428,0.9204,0.92052,1.50,2.25
2013.10.10 02:28:52.548,0.92039,0.9205,1.50,1.13
2013.10.10 02:28:53.401,0.9204,0.9205,1.13,1.13
2013.10.10 02:28:53.519,0.92042,0.92052,1.13,1.50
2013.10.10 02:28:53.759,0.92044,0.92055,1.50,1.88
2013.10.10 02:28:53.819,0.92044,0.92055,1.88,1.88
2013.10.10 02:28:58.278,0.92044,0.92055,1.88,1.88
2013.10.10 02:28:59.158,0.92045,0.92055,1.13,1.13
2013.10.10 02:29:04.299,0.92044,0.92052,1.35,1.50
2013.10.10 02:29:04.539,0.92037,0.92048,1.88,1.13
2013.10.10 02:29:04.661,0.92037,0.92046,1.13,1.13
2013.10.10 02:29:04.849,0.92035,0.92044,1.88,2.25
2013.10.10 02:29:05.268,0.92032,0.92043,1.13,3.38
2013.10.10 02:29:05.389,0.92031,0.92042,3.38,1.50
2013.10.10 02:29:05.931,0.92031,0.92041,1.88,1.13
2013.10.10 02:29:06.437,0.92029,0.9204,1.50,1.13
2013.10.10 02:29:06.780,0.92029,0.9204,1.50,1.73
2013.10.10 02:29:07.078,0.92023,0.92035,2.25,1.13
2013.10.10 02:29:07.257,0.92023,0.92034,2.25,1.13
2013.10.10 02:29:07.319,0.92023,0.92034,2.25,1.88
2013.10.10 02:29:07.868,0.92023,0.92034,2.25,2.25
2013.10.10 02:29:08.199,0.92023,0.92034,1.50,1.13
2013.10.10 02:29:10.211,0.92025,0.92037,1.50,2.25
2013.10.10 02:29:12.310,0.92026,0.92035,1.50,1.13
2013.10.10 02:29:12.370,0.92028,0.92035,1.50,1.13
2013.10.10 02:29:12.609,0.92026,0.92035,1.88,1.13
2013.10.10 02:29:13.629,0.92027,0.92035,1.35,1.13
2013.10.10 02:29:14.949,0.92031,0.92037,1.35,1.13
2013.10.10 02:29:15.476,0.92029,0.92035,1.35,1.13
2013.10.10 02:29:16.010,0.92031,0.9204,1.35,1.50
2013.10.10 02:29:16.800,0.92029,0.92035,1.35,1.13
2013.10.10 02:29:17.318,0.9203,0.92035,1.50,1.13
2013.10.10 02:29:17.979,0.92033,0.92038,1.35,1.13
2013.10.10 02:29:18.039,0.92033,0.9204,1.35,1.50
2013.10.10 02:29:18.338,0.92034,0.92041,1.35,1.50
2013.10.10 02:29:18.915,0.92032,0.92041,1.35,3.00
2013.10.10 02:29:21.999,0.92034,0.92042,1.35,1.13
2013.10.10 02:29:22.239,0.92034,0.92043,1.35,1.13
2013.10.10 02:29:22.557,0.92034,0.92043,1.35,1.50
2013.10.10 02:29:22.739,0.92034,0.92043,1.35,1.13
2013.10.10 02:29:23.039,0.92037,0.92043,1.50,1.13
2013.10.10 02:29:23.159,0.92036,0.92043,1.35,1.13
2013.10.10 02:29:23.550,0.92035,0.92043,1.35,1.13
2013.10.10 02:29:24.008,0.92032,0.92043,1.73,1.13
2013.10.10 02:29:29.156,0.92032,0.92043,2.48,1.50
2013.10.10 02:29:29.220,0.92033,0.92044,1.73,1.50
2013.10.10 02:29:31.032,0.92033,0.92045,1.73,2.25
2013.10.10 02:29:31.589,0.92033,0.92042,1.73,1.13
2013.10.10 02:29:32.449,0.92034,0.92045,1.35,2.25
2013.10.10 02:29:33.141,0.92032,0.92042,1.50,1.13
2013.10.10 02:29:33.260,0.9203,0.9204,1.88,1.13
2013.10.10 02:29:35.269,0.9203,0.9204,1.13,1.13
2013.10.10 02:29:35.329,0.92029,0.9204,1.50,1.13
2013.10.10 02:29:37.438,0.92029,0.9204,1.50,1.13
2013.10.10 02:29:38.469,0.92027,0.92037,1.50,1.13
2013.10.10 02:29:38.528,0.92027,0.92036,1.50,1.13
2013.10.10 02:29:39.069,0.92023,0.92033,1.13,1.50
2013.10.10 02:29:39.128,0.92023,0.92032,1.13,2.25
2013.10.10 02:29:39.188,0.92022,0.92031,1.50,1.13
2013.10.10 02:29:39.549,0.92021,0.92031,1.13,1.88
2013.10.10 02:29:41.129,0.92022,0.92031,1.13,1.50
2013.10.10 02:29:41.575,0.92021,0.9203,1.50,1.50
2013.10.10 02:29:42.699,0.92019,0.92029,1.13,1.13
2013.10.10 02:29:43.219,0.92019,0.92028,1.13,1.13
2013.10.10 02:29:44.049,0.92017,0.92026,1.50,1.13
2013.10.10 02:29:44.563,0.92017,0.92026,1.50,1.13
2013.10.10 02:29:45.239,0.92017,0.92026,1.50,1.13
2013.10.10 02:29:45.820,0.92017,0.92026,1.50,1.88
2013.10.10 02:29:46.489,0.92017,0.92026,1.50,1.88
2013.10.10 02:29:46.609,0.92017,0.92026,1.50,1.88
2013.10.10 02:29:47.868,0.92015,0.92026,1.50,1.13
2013.10.10 02:29:47.928,0.92016,0.92026,1.50,1.13
2013.10.10 02:29:49.539,0.92017,0.92026,1.50,1.13
2013.10.10 02:29:49.778,0.92015,0.92026,1.50,1.13
2013.10.10 02:29:51.678,0.92014,0.92021,1.50,1.13
2013.10.10 02:29:54.378,0.92016,0.92023,1.50,1.13
2013.10.10 02:29:54.499,0.92016,0.92024,1.50,1.13
2013.10.10 02:29:54.558,0.92016,0.92025,1.50,1.13
2013.10.10 02:29:54.618,0.92019,0.92025,1.50,1.13
2013.10.10 02:29:55.278,0.92019,0.9203,1.50,1.13
2013.10.10 02:29:55.400,0.92019,0.9203,1.50,1.13
2013.10.10 02:29:55.949,0.9202,0.92031,1.50,1.13
2013.10.10 02:29:56.130,0.9202,0.92031,1.13,1.13
2013.10.10 02:29:56.429,0.9202,0.92031,1.13,1.13
2013.10.10 02:29:59.552,0.9202,0.92031,1.88,1.13
2013.10.10 02:29:59.909,0.92029,0.92036,1.50,1.50
2013.10.10 02:30:00.790,0.92029,0.92035,1.50,1.50
2013.10.10 02:30:01.590,0.92024,0.92035,1.88,1.50
2013.10.10 02:30:01.768,0.92024,0.92034,1.88,1.13
2013.10.10 02:30:02.281,0.92023,0.92034,1.50,1.13
2013.10.10 02:30:03.301,0.92023,0.92034,2.25,1.13
2013.10.10 02:30:06.499,0.92023,0.92034,1.50,1.13
2013.10.10 02:30:06.739,0.92026,0.92035,1.50,1.13
2013.10.10 02:30:06.861,0.92027,0.92036,1.50,1.13
2013.10.10 02:30:07.399,0.92029,0.92041,1.50,1.50
2013.10.10 02:30:08.448,0.92029,0.92041,1.50,1.13
2013.10.10 02:30:08.749,0.92031,0.92042,1.50,1.13
2013.10.10 02:30:09.259,0.92031,0.92042,1.50,1.13
2013.10.10 02:30:09.799,0.92032,0.92045,2.25,1.88
2013.10.10 02:30:11.359,0.92033,0.92045,1.50,2.25
2013.10.10 02:30:11.420,0.92034,0.92046,1.50,1.13
2013.10.10 02:30:11.540,0.92043,0.92048,1.13,1.50
2013.10.10 02:30:11.598,0.92043,0.9205,1.13,1.50
2013.10.10 02:30:11.659,0.92043,0.92052,1.13,1.50
2013.10.10 02:30:12.029,0.92043,0.92055,1.88,2.25
2013.10.10 02:30:12.693,0.92043,0.92053,1.88,1.50
2013.10.10 02:30:13.000,0.92047,0.92058,1.13,1.50
2013.10.10 02:30:13.731,0.92049,0.92058,1.13,1.50
2013.10.10 02:30:13.849,0.9205,0.92063,1.50,1.13
2013.10.10 02:30:14.841,0.92055,0.92067,1.50,2.63
2013.10.10 02:30:14.959,0.92058,0.9207,1.50,1.88
2013.10.10 02:30:15.378,0.92061,0.92072,1.13,1.50
2013.10.10 02:30:15.739,0.92059,0.92069,1.50,2.63
2013.10.10 02:30:15.799,0.92056,0.92068,2.25,2.63
2013.10.10 02:30:15.978,0.92054,0.92065,1.13,1.88
2013.10.10 02:30:16.098,0.92055,0.92068,2.63,1.13
2013.10.10 02:30:16.398,0.92055,0.92068,3.38,1.13
2013.10.10 02:30:16.459,0.92056,0.92068,1.50,1.13
2013.10.10 02:30:16.760,0.92059,0.9207,1.50,1.88
2013.10.10 02:30:17.270,0.9206,0.9207,1.50,1.88
2013.10.10 02:30:17.638,0.9206,0.92072,2.63,1.50
2013.10.10 02:30:17.819,0.92062,0.92074,1.50,1.50
2013.10.10 02:30:18.061,0.92064,0.92075,1.13,1.50
2013.10.10 02:30:18.125,0.92067,0.92076,1.50,1.13
2013.10.10 02:30:18.669,0.92067,0.92079,1.50,1.13
2013.10.10 02:30:18.729,0.92067,0.92079,1.88,1.13
2013.10.10 02:30:18.848,0.92067,0.92079,1.50,1.13
2013.10.10 02:30:19.999,0.92065,0.92077,2.63,1.88
2013.10.10 02:30:20.378,0.92065,0.92076,1.13,1.13
2013.10.10 02:30:20.500,0.92066,0.92076,1.13,1.88
2013.10.10 02:30:20.559,0.92065,0.92073,1.50,1.13
2013.10.10 02:30:20.678,0.92064,0.9207,1.13,1.13
2013.10.10 02:30:21.039,0.92056,0.92066,1.88,1.13
2013.10.10 02:30:21.159,0.92056,0.92066,1.50,1.50
2013.10.10 02:30:21.338,0.92055,0.92065,1.88,1.50
2013.10.10 02:30:21.459,0.92052,0.92061,1.50,1.13
2013.10.10 02:30:21.698,0.92049,0.92062,1.50,1.50
2013.10.10 02:30:22.225,0.92051,0.92063,1.13,1.50
2013.10.10 02:30:22.778,0.92052,0.92064,1.13,1.88
2013.10.10 02:30:23.259,0.92053,0.92064,1.50,1.13
2013.10.10 02:30:23.378,0.92054,0.92065,1.88,1.13
2013.10.10 02:30:23.800,0.92057,0.92067,2.63,1.13
2013.10.10 02:30:23.919,0.92061,0.92073,1.13,3.00
2013.10.10 02:30:23.979,0.92061,0.92073,1.50,1.88
2013.10.10 02:30:24.458,0.92062,0.92074,1.50,1.50
2013.10.10 02:30:24.518,0.92062,0.92074,1.50,3.00
2013.10.10 02:30:25.059,0.92062,0.92071,1.13,1.50
2013.10.10 02:30:26.209,0.92061,0.92071,1.13,1.88
2013.10.10 02:30:26.270,0.92059,0.92068,1.50,1.13
2013.10.10 02:30:26.389,0.92053,0.92063,1.50,1.88
2013.10.10 02:30:26.509,0.92052,0.92063,1.50,1.88
2013.10.10 02:30:26.989,0.92054,0.92064,1.50,1.50
2013.10.10 02:30:27.469,0.92056,0.92063,1.50,1.50
2013.10.10 02:30:27.779,0.92058,0.92069,1.88,2.25
2013.10.10 02:30:27.839,0.92058,0.9207,1.88,1.13
2013.10.10 02:30:27.898,0.92058,0.9207,1.13,1.13
2013.10.10 02:30:28.078,0.92056,0.92069,1.50,2.63
2013.10.10 02:30:28.608,0.92056,0.92068,1.88,2.25
2013.10.10 02:30:28.973,0.92056,0.92066,1.50,1.13
2013.10.10 02:30:29.281,0.92059,0.92071,3.38,1.50
2013.10.10 02:30:29.578,0.92059,0.92069,1.13,1.13
2013.10.10 02:30:29.699,0.9206,0.92068,1.13,1.13
2013.10.10 02:30:29.819,0.92062,0.92071,1.13,1.50
2013.10.10 02:30:29.878,0.92062,0.92071,1.50,1.50
2013.10.10 02:30:30.178,0.92062,0.92074,1.50,2.63
2013.10.10 02:30:30.793,0.92062,0.92074,1.50,1.50
2013.10.10 02:30:31.988,0.92062,0.92074,1.50,2.63
2013.10.10 02:30:34.649,0.92063,0.92074,1.50,2.25
2013.10.10 02:30:34.889,0.92068,0.92079,1.88,1.50
2013.10.10 02:30:35.249,0.92071,0.92081,1.88,1.50
2013.10.10 02:30:35.653,0.9207,0.92078,1.88,1.50
2013.10.10 02:30:35.923,0.92067,0.92076,1.50,1.50
2013.10.10 02:30:35.990,0.92067,0.92076,1.50,1.50
2013.10.10 02:30:36.109,0.92066,0.92076,1.50,1.50
2013.10.10 02:30:38.529,0.92069,0.92078,1.13,1.50
2013.10.10 02:30:38.769,0.92069,0.9208,1.13,1.50
2013.10.10 02:30:38.828,0.92069,0.92081,1.13,1.50
2013.10.10 02:30:39.258,0.9207,0.92082,1.50,1.88
2013.10.10 02:30:40.355,0.9207,0.92082,1.50,1.50
2013.10.10 02:30:41.008,0.9207,0.92082,1.50,1.88
2013.10.10 02:30:41.248,0.92069,0.92081,1.88,1.88
2013.10.10 02:30:42.048,0.92069,0.9208,2.25,1.13
2013.10.10 02:30:42.769,0.92069,0.9208,2.25,1.13
2013.10.10 02:30:43.180,0.92071,0.9208,1.13,1.13
2013.10.10 02:30:43.359,0.92076,0.92087,1.13,1.50
2013.10.10 02:30:43.598,0.92075,0.92087,1.13,1.50
2013.10.10 02:30:44.961,0.92075,0.92088,2.63,3.38
2013.10.10 02:30:45.319,0.92077,0.9209,1.88,2.63
2013.10.10 02:30:45.439,0.92077,0.92089,1.13,1.13
2013.10.10 02:30:46.230,0.92077,0.92082,1.13,1.13
2013.10.10 02:30:46.589,0.92065,0.92073,2.63,1.13
2013.10.10 02:30:46.710,0.92058,0.92066,4.50,1.50
2013.10.10 02:30:46.771,0.92058,0.92065,2.25,1.13
2013.10.10 02:30:46.840,0.92056,0.92064,1.50,2.25
2013.10.10 02:30:46.959,0.9205,0.92062,1.50,1.13
2013.10.10 02:30:47.319,0.92047,0.92059,1.50,1.13
2013.10.10 02:30:47.379,0.92047,0.92058,1.50,3.38
2013.10.10 02:30:47.439,0.92047,0.92058,1.50,4.13
2013.10.10 02:30:47.681,0.92042,0.92055,3.38,1.50
2013.10.10 02:30:47.740,0.92042,0.92055,1.88,2.25
2013.10.10 02:30:48.278,0.92042,0.92053,2.25,1.13
2013.10.10 02:30:48.801,0.92042,0.92054,2.25,1.88
2013.10.10 02:30:49.350,0.92042,0.92054,2.63,1.88
2013.10.10 02:30:49.878,0.92043,0.92054,1.50,2.25
2013.10.10 02:30:51.020,0.92044,0.92054,1.13,1.13
2013.10.10 02:30:52.619,0.92045,0.92054,1.13,1.13
2013.10.10 02:30:54.341,0.92045,0.92054,1.13,1.13
2013.10.10 02:30:54.589,0.92049,0.92061,2.25,3.00
2013.10.10 02:30:54.650,0.9205,0.92062,1.50,2.63
2013.10.10 02:30:55.169,0.92051,0.92062,1.88,2.25
2013.10.10 02:30:55.734,0.92051,0.92063,1.88,2.25
2013.10.10 02:30:56.578,0.92051,0.92062,1.88,1.50
2013.10.10 02:30:57.082,0.92051,0.92062,1.88,1.50
2013.10.10 02:30:58.729,0.92051,0.92062,2.25,1.50
2013.10.10 02:31:01.020,0.92051,0.92062,3.00,1.50
2013.10.10 02:31:01.753,0.92051,0.92061,2.25,1.50
2013.10.10 02:31:02.918,0.92052,0.92062,1.50,1.50
2013.10.10 02:31:03.719,0.92052,0.92062,1.13,1.88
2013.10.10 02:31:04.280,0.92052,0.92062,1.13,1.88
2013.10.10 02:31:05.919,0.92052,0.92062,1.50,1.50
2013.10.10 02:31:06.233,0.92056,0.92067,1.88,1.13
2013.10.10 02:31:06.299,0.92058,0.92067,1.13,1.13
2013.10.10 02:31:06.359,0.92058,0.92069,1.13,2.25
2013.10.10 02:31:06.479,0.92059,0.9207,1.13,1.13
2013.10.10 02:31:07.040,0.92059,0.9207,1.50,1.88
2013.10.10 02:31:07.599,0.92061,0.92069,1.13,1.50
2013.10.10 02:31:08.149,0.92061,0.92069,1.13,3.00
2013.10.10 02:31:08.909,0.92058,0.92069,1.50,3.00
2013.10.10 02:31:09.088,0.92058,0.92069,1.13,2.63
2013.10.10 02:31:09.148,0.92057,0.92069,1.13,2.63
2013.10.10 02:31:09.450,0.92055,0.92067,1.13,1.50
2013.10.10 02:31:09.511,0.92054,0.92064,1.13,1.13
2013.10.10 02:31:10.289,0.92054,0.92066,1.13,1.13
2013.10.10 02:31:10.349,0.92056,0.92066,1.13,1.50
2013.10.10 02:31:10.470,0.92052,0.92064,1.13,1.50
2013.10.10 02:31:10.530,0.92051,0.9206,1.13,1.50
2013.10.10 02:31:10.649,0.92047,0.92058,2.25,1.50
2013.10.10 02:31:10.709,0.92045,0.92058,2.63,1.50
2013.10.10 02:31:10.829,0.92045,0.92054,1.13,1.50
2013.10.10 02:31:10.890,0.92045,0.92054,1.13,1.50
2013.10.10 02:31:11.009,0.9204,0.92054,1.13,1.50
2013.10.10 02:31:11.069,0.9204,0.92052,1.13,2.25
2013.10.10 02:31:11.612,0.92037,0.9205,1.13,2.63
2013.10.10 02:31:11.682,0.92034,0.92048,1.88,1.13
2013.10.10 02:31:11.810,0.92035,0.92046,1.13,1.13
2013.10.10 02:31:11.870,0.92036,0.92042,1.13,1.50
2013.10.10 02:31:12.049,0.92033,0.92041,1.50,1.50
2013.10.10 02:31:12.352,0.92035,0.92041,1.13,1.50
2013.10.10 02:31:12.709,0.92034,0.92042,1.13,1.50
2013.10.10 02:31:13.489,0.92037,0.92043,1.13,1.50
2013.10.10 02:31:13.609,0.92042,0.9205,2.63,2.25
2013.10.10 02:31:13.730,0.92041,0.92052,1.13,2.63
2013.10.10 02:31:13.789,0.92041,0.92051,1.13,1.13
2013.10.10 02:31:13.969,0.92041,0.9205,1.50,1.88
2013.10.10 02:31:14.089,0.92041,0.92049,1.50,2.63
2013.10.10 02:31:14.602,0.92041,0.92047,1.50,1.50
2013.10.10 02:31:15.601,0.9204,0.92046,1.50,1.50
2013.10.10 02:31:16.554,0.9204,0.92048,1.50,2.25
2013.10.10 02:31:18.091,0.92046,0.92051,1.13,1.50
2013.10.10 02:31:18.150,0.92042,0.92048,1.50,1.50
2013.10.10 02:31:18.269,0.92042,0.9205,1.88,2.25
2013.10.10 02:31:18.330,0.92046,0.92055,1.13,1.50
2013.10.10 02:31:21.159,0.92046,0.92055,1.13,1.50
2013.10.10 02:31:21.670,0.92045,0.92056,1.13,1.50
2013.10.10 02:31:21.848,0.92045,0.92054,1.13,1.50
2013.10.10 02:31:22.219,0.92045,0.92053,1.50,2.25
2013.10.10 02:31:23.070,0.92047,0.92053,1.13,1.50
2013.10.10 02:31:23.682,0.92047,0.92055,1.13,2.25
2013.10.10 02:31:24.209,0.92044,0.92055,1.88,2.25
2013.10.10 02:31:24.268,0.92043,0.92054,1.88,1.13
2013.10.10 02:31:24.628,0.9204,0.92051,2.25,1.13
2013.10.10 02:31:25.795,0.9204,0.92051,1.88,1.88
2013.10.10 02:31:26.348,0.92038,0.92048,2.25,1.13
2013.10.10 02:31:26.649,0.92038,0.92049,2.25,1.13
2013.10.10 02:31:27.289,0.92038,0.92048,1.88,1.88
2013.10.10 02:31:27.529,0.9204,0.92048,1.13,1.50
2013.10.10 02:31:28.064,0.9204,0.9205,1.13,1.50
2013.10.10 02:31:28.459,0.9204,0.92051,1.13,2.63
2013.10.10 02:31:29.082,0.92041,0.9205,1.13,1.50
2013.10.10 02:31:29.643,0.92038,0.92047,1.50,2.25
2013.10.10 02:31:29.709,0.92037,0.92046,1.50,1.13
2013.10.10 02:31:30.389,0.92034,0.92046,1.50,1.88
2013.10.10 02:31:31.109,0.92033,0.92044,1.88,1.88
2013.10.10 02:31:31.170,0.92033,0.92044,1.88,1.13
2013.10.10 02:31:31.289,0.92032,0.92043,1.13,2.63
2013.10.10 02:31:31.350,0.92031,0.92042,1.88,1.13
2013.10.10 02:31:31.651,0.92034,0.92046,1.50,1.88
2013.10.10 02:31:31.780,0.92036,0.92046,1.50,1.13
2013.10.10 02:31:31.962,0.92033,0.92045,1.50,1.88
2013.10.10 02:31:32.088,0.92032,0.92043,2.25,1.13
2013.10.10 02:31:32.628,0.92032,0.92043,1.50,1.50
2013.10.10 02:31:33.949,0.9203,0.92041,1.50,1.50
2013.10.10 02:31:34.009,0.92029,0.92041,2.25,2.25
2013.10.10 02:31:34.068,0.92028,0.9204,1.50,1.88
2013.10.10 02:31:34.129,0.92028,0.92039,1.50,1.13
2013.10.10 02:31:34.309,0.92027,0.92037,1.50,1.13
2013.10.10 02:31:34.549,0.92028,0.92039,2.25,1.13
2013.10.10 02:31:35.149,0.92028,0.9204,3.00,1.88
2013.10.10 02:31:35.639,0.92028,0.9204,3.38,1.88
2013.10.10 02:31:38.320,0.92028,0.92038,3.38,1.35
2013.10.10 02:31:38.622,0.92024,0.92031,1.50,1.50
2013.10.10 02:31:38.740,0.92024,0.92033,1.50,1.13
2013.10.10 02:31:38.921,0.92023,0.92034,1.50,1.50
2013.10.10 02:31:39.438,0.92028,0.92033,1.13,1.13
2013.10.10 02:31:39.562,0.92028,0.92038,1.50,2.63
2013.10.10 02:31:40.118,0.92029,0.92039,1.13,1.88
2013.10.10 02:31:40.178,0.92029,0.92039,1.13,1.13
2013.10.10 02:31:40.701,0.92031,0.9204,1.50,1.13
2013.10.10 02:31:45.513,0.9203,0.9204,1.50,2.10
2013.10.10 02:31:45.641,0.92026,0.92037,1.88,1.13
2013.10.10 02:31:46.200,0.92026,0.92037,1.88,1.13
2013.10.10 02:31:47.370,0.92026,0.92037,2.25,1.13
2013.10.10 02:31:47.429,0.92027,0.92037,1.13,1.13
2013.10.10 02:31:47.968,0.92029,0.92041,2.63,2.25
2013.10.10 02:31:48.400,0.92029,0.92041,1.50,2.25
2013.10.10 02:31:50.098,0.9203,0.92041,1.50,1.50
2013.10.10 02:31:50.358,0.9203,0.92041,1.50,1.50
2013.10.10 02:31:51.640,0.9203,0.92041,1.50,1.50
2013.10.10 02:31:51.819,0.92031,0.92042,1.50,1.13
2013.10.10 02:31:51.939,0.92032,0.92043,1.50,3.00
2013.10.10 02:31:57.809,0.92032,0.92043,1.50,1.50
2013.10.10 02:32:06.339,0.92031,0.92042,1.50,1.50
2013.10.10 02:32:06.989,0.9203,0.92042,2.25,1.50
2013.10.10 02:32:13.294,0.92031,0.92042,1.50,1.13
2013.10.10 02:32:13.360,0.92034,0.92045,1.50,1.50
2013.10.10 02:32:16.549,0.92036,0.92046,1.50,2.63
2013.10.10 02:32:16.670,0.92042,0.92047,1.13,1.50
2013.10.10 02:32:16.789,0.92042,0.92052,1.13,3.38
2013.10.10 02:32:16.849,0.9204,0.92052,2.25,3.00
2013.10.10 02:32:17.450,0.92039,0.92051,1.50,1.13
2013.10.10 02:32:17.959,0.92039,0.92052,1.50,2.63
2013.10.10 02:32:18.200,0.9204,0.92052,1.13,2.25
2013.10.10 02:32:18.559,0.92046,0.92058,2.25,1.13
2013.10.10 02:32:18.920,0.92043,0.92055,1.50,1.13
2013.10.10 02:32:18.979,0.92042,0.92055,2.25,2.63
2013.10.10 02:32:22.583,0.92042,0.92054,1.88,1.13
2013.10.10 02:32:23.699,0.92042,0.92054,2.25,1.13
2013.10.10 02:32:23.819,0.92042,0.92054,1.88,1.13
2013.10.10 02:32:24.688,0.92042,0.92054,1.50,1.50
2013.10.10 02:32:25.889,0.92044,0.92055,1.50,2.25
2013.10.10 02:32:26.133,0.92042,0.92055,1.50,2.25
2013.10.10 02:32:26.199,0.92042,0.92055,1.50,2.25
2013.10.10 02:32:27.591,0.92042,0.92053,1.50,1.50
2013.10.10 02:32:29.829,0.92042,0.92051,1.50,1.13
2013.10.10 02:32:31.131,0.92042,0.92051,1.50,1.13
2013.10.10 02:32:31.641,0.92042,0.92051,1.50,1.13
2013.10.10 02:32:35.238,0.92042,0.92051,1.50,1.13
2013.10.10 02:32:35.998,0.92042,0.92053,1.88,1.88
2013.10.10 02:32:36.298,0.92044,0.92055,1.88,2.25
2013.10.10 02:32:37.929,0.92045,0.92055,1.88,1.88
2013.10.10 02:32:38.110,0.92047,0.92058,2.25,1.13
2013.10.10 02:32:38.169,0.92047,0.92058,2.25,1.13
2013.10.10 02:32:38.230,0.92047,0.92059,2.25,1.50
2013.10.10 02:32:38.350,0.9205,0.92061,1.13,2.63
2013.10.10 02:32:38.529,0.92051,0.92061,1.13,2.63
2013.10.10 02:32:39.189,0.92051,0.9206,1.13,1.50
2013.10.10 02:32:40.300,0.92051,0.92061,1.13,1.50
2013.10.10 02:32:43.499,0.92051,0.9206,1.13,1.50
2013.10.10 02:32:43.859,0.92049,0.9206,1.13,2.25
2013.10.10 02:32:44.461,0.92047,0.92057,1.50,1.50
2013.10.10 02:32:44.845,0.92047,0.92057,1.13,1.50
2013.10.10 02:32:47.091,0.92052,0.92058,1.13,1.50
2013.10.10 02:32:47.329,0.92055,0.92061,1.13,2.25
2013.10.10 02:32:47.389,0.92055,0.92062,1.13,1.50
2013.10.10 02:32:47.629,0.92055,0.92065,1.13,1.50
2013.10.10 02:32:47.689,0.92055,0.92066,1.13,2.25
2013.10.10 02:32:47.997,0.92055,0.92068,3.00,2.63
2013.10.10 02:32:48.539,0.92055,0.92068,2.25,2.25
2013.10.10 02:32:49.308,0.92055,0.92067,2.25,1.50
2013.10.10 02:32:49.709,0.92055,0.92067,2.25,1.50
2013.10.10 02:32:50.320,0.92055,0.92064,2.25,1.50
2013.10.10 02:32:50.728,0.92054,0.92064,1.88,1.50
2013.10.10 02:32:50.850,0.92052,0.92063,1.13,1.50
2013.10.10 02:32:51.210,0.92051,0.92063,1.13,1.50
2013.10.10 02:32:56.019,0.92049,0.92059,1.13,1.50
2013.10.10 02:32:56.264,0.92048,0.9206,1.50,1.50
2013.10.10 02:32:56.329,0.92048,0.9206,1.50,2.25
2013.10.10 02:32:56.933,0.92052,0.92061,1.50,1.50
2013.10.10 02:33:00.208,0.92049,0.92062,2.25,2.25
2013.10.10 02:33:00.808,0.92052,0.92062,1.13,1.50
2013.10.10 02:33:04.479,0.92051,0.92062,1.88,1.50
2013.10.10 02:33:04.722,0.92047,0.92059,1.88,2.25
2013.10.10 02:33:05.079,0.92045,0.92056,1.13,1.50
2013.10.10 02:33:05.199,0.92043,0.92055,1.50,1.50
2013.10.10 02:33:05.739,0.92042,0.92053,1.13,1.13
2013.10.10 02:33:06.099,0.92042,0.92053,1.13,1.13
2013.10.10 02:33:14.838,0.9204,0.92051,1.13,1.13
2013.10.10 02:33:16.911,0.92043,0.92052,1.13,1.50
2013.10.10 02:33:17.039,0.92043,0.92055,1.13,3.00
2013.10.10 02:33:17.280,0.92044,0.92056,1.88,1.50
2013.10.10 02:33:17.579,0.9205,0.9206,1.13,1.13
2013.10.10 02:33:22.309,0.92049,0.9206,1.13,1.88
2013.10.10 02:33:24.859,0.92045,0.92057,2.63,1.50
2013.10.10 02:33:25.290,0.92045,0.92056,1.88,1.50
2013.10.10 02:33:25.770,0.92043,0.92055,2.25,1.88
2013.10.10 02:33:25.833,0.92043,0.92053,1.88,1.13
2013.10.10 02:33:26.368,0.92041,0.92053,1.13,1.88
2013.10.10 02:33:31.019,0.92041,0.92051,1.13,1.88
2013.10.10 02:33:33.469,0.9204,0.9205,1.88,1.13
2013.10.10 02:33:37.899,0.92041,0.92051,1.13,1.88
2013.10.10 02:33:38.079,0.92041,0.92049,1.13,1.50
2013.10.10 02:33:38.260,0.92035,0.92046,1.50,1.50
2013.10.10 02:33:38.379,0.92033,0.92043,1.13,1.13
2013.10.10 02:33:38.500,0.92033,0.92042,1.13,1.13
2013.10.10 02:33:39.610,0.92031,0.92042,1.13,1.13
2013.10.10 02:33:39.801,0.92029,0.92037,1.50,1.13
2013.10.10 02:33:40.099,0.92029,0.92036,1.50,1.50
2013.10.10 02:33:40.161,0.92029,0.92037,1.50,1.50
2013.10.10 02:33:40.412,0.92027,0.92037,2.25,1.13
2013.10.10 02:33:40.539,0.92027,0.92037,2.25,3.38
2013.10.10 02:33:40.600,0.92024,0.92034,1.50,1.50
2013.10.10 02:33:40.719,0.92024,0.92036,1.50,1.50
2013.10.10 02:33:41.209,0.92026,0.92036,1.13,1.50
2013.10.10 02:33:41.449,0.92027,0.92037,1.50,1.13
2013.10.10 02:33:45.771,0.92027,0.92037,1.13,1.88
2013.10.10 02:33:47.581,0.92025,0.92037,1.88,1.88
2013.10.10 02:33:56.951,0.92027,0.92037,1.50,1.88
2013.10.10 02:33:57.129,0.92027,0.92037,1.88,1.88
2013.10.10 02:33:57.369,0.92027,0.92037,1.88,1.13
2013.10.10 02:33:57.429,0.92027,0.92037,1.50,1.13
2013.10.10 02:33:57.551,0.92027,0.92037,1.50,1.13
2013.10.10 02:33:58.260,0.92027,0.92037,1.50,1.13
2013.10.10 02:33:59.539,0.92026,0.92036,1.13,1.13
2013.10.10 02:33:59.839,0.92019,0.92031,1.13,1.13
2013.10.10 02:33:59.903,0.92019,0.92031,1.13,1.50
2013.10.10 02:34:00.449,0.9202,0.92029,1.13,1.88
2013.10.10 02:34:00.509,0.9202,0.92029,1.88,1.88
2013.10.10 02:34:00.570,0.92022,0.92033,1.50,1.13
2013.10.10 02:34:00.631,0.92021,0.92033,2.63,1.13
2013.10.10 02:34:00.809,0.92021,0.92034,4.13,1.13
2013.10.10 02:34:00.929,0.92021,0.92033,1.50,1.88
2013.10.10 02:34:00.988,0.92021,0.92032,2.25,1.13
2013.10.10 02:34:02.421,0.92021,0.92032,2.25,1.13
2013.10.10 02:34:02.781,0.92023,0.92035,1.50,2.25
2013.10.10 02:34:03.312,0.92022,0.92034,2.25,1.13
2013.10.10 02:34:03.709,0.9202,0.9203,1.13,1.13
2013.10.10 02:34:03.775,0.92021,0.92031,1.88,1.88
2013.10.10 02:34:04.081,0.92024,0.92034,1.88,1.13
2013.10.10 02:34:06.059,0.92025,0.92037,1.13,1.50
2013.10.10 02:34:09.069,0.92024,0.92036,1.88,1.50
2013.10.10 02:34:09.249,0.92024,0.92035,1.88,1.13
2013.10.10 02:34:10.089,0.92023,0.92034,1.13,2.63
2013.10.10 02:34:10.569,0.92021,0.92031,2.25,1.50
2013.10.10 02:34:12.200,0.92021,0.92031,2.25,2.25
2013.10.10 02:34:12.919,0.92021,0.92031,1.13,2.25
2013.10.10 02:34:13.280,0.92016,0.92026,1.50,1.50
2013.10.10 02:34:13.460,0.92016,0.92029,2.25,1.50
2013.10.10 02:34:14.010,0.92018,0.92028,1.13,1.50
2013.10.10 02:34:14.329,0.92018,0.92028,1.13,1.88
2013.10.10 02:34:14.450,0.92016,0.92028,2.25,2.25
2013.10.10 02:34:15.770,0.9202,0.92028,1.50,1.50
2013.10.10 02:34:16.809,0.92021,0.92029,1.50,1.50
2013.10.10 02:34:16.989,0.92021,0.92031,1.50,1.50
2013.10.10 02:34:19.569,0.92022,0.9203,1.50,1.50
2013.10.10 02:34:19.689,0.92024,0.92032,1.50,1.13
2013.10.10 02:34:22.457,0.92024,0.92033,1.88,2.63
2013.10.10 02:34:22.639,0.92024,0.92034,1.50,1.13
2013.10.10 02:34:24.219,0.92022,0.92034,1.88,2.25
2013.10.10 02:34:24.759,0.92024,0.92037,2.25,1.50
2013.10.10 02:34:25.999,0.92025,0.92037,1.13,2.25
2013.10.10 02:34:29.279,0.92025,0.92037,1.13,1.88
2013.10.10 02:34:29.799,0.92026,0.92036,1.13,1.13
2013.10.10 02:34:30.420,0.92026,0.92034,1.13,1.13
2013.10.10 02:34:30.480,0.92023,0.92033,1.13,1.50
2013.10.10 02:34:30.599,0.92024,0.92034,1.13,1.50
2013.10.10 02:34:30.846,0.92024,0.92033,1.13,1.50
2013.10.10 02:34:31.150,0.9202,0.92031,1.13,2.25
2013.10.10 02:34:31.271,0.9202,0.92031,1.13,2.25
2013.10.10 02:34:31.469,0.9202,0.92031,1.13,2.25
2013.10.10 02:34:32.019,0.92021,0.9203,1.13,1.50
2013.10.10 02:34:32.647,0.92021,0.92029,1.13,1.50
2013.10.10 02:34:33.198,0.92024,0.92031,2.63,1.50
2013.10.10 02:34:33.345,0.92032,0.92037,1.13,4.50
2013.10.10 02:34:33.409,0.92032,0.92037,1.13,4.50
2013.10.10 02:34:33.469,0.92032,0.92042,1.13,1.13
2013.10.10 02:34:33.589,0.92032,0.92043,1.88,1.13
2013.10.10 02:34:34.129,0.9203,0.92042,2.25,1.50
2013.10.10 02:34:34.189,0.9203,0.92041,2.25,1.50
2013.10.10 02:34:34.310,0.92027,0.92039,1.88,1.50
2013.10.10 02:34:34.887,0.92027,0.92039,1.88,2.25
2013.10.10 02:34:36.718,0.92027,0.92036,1.88,1.13
2013.10.10 02:34:37.265,0.92027,0.92036,1.13,1.13
2013.10.10 02:34:37.619,0.92027,0.92039,1.88,2.25
2013.10.10 02:34:38.220,0.92027,0.92039,2.63,1.50
2013.10.10 02:34:41.270,0.92029,0.9204,1.13,5.63
2013.10.10 02:34:43.058,0.92029,0.92039,1.13,1.88
2013.10.10 02:34:43.672,0.92029,0.9204,1.13,6.00
2013.10.10 02:34:45.671,0.92029,0.92039,1.13,1.50
2013.10.10 02:34:45.732,0.92031,0.92039,1.13,1.50
2013.10.10 02:34:45.909,0.92031,0.92043,1.50,2.25
2013.10.10 02:34:46.029,0.9203,0.92041,1.13,1.13
2013.10.10 02:34:46.089,0.9203,0.92041,1.13,1.88
2013.10.10 02:34:47.098,0.9203,0.92041,1.13,1.88
2013.10.10 02:34:50.053,0.9203,0.92041,1.13,1.50
2013.10.10 02:34:50.119,0.92031,0.92042,1.13,1.50
2013.10.10 02:34:51.268,0.9203,0.92041,1.13,1.88
2013.10.10 02:34:51.769,0.9203,0.92042,1.13,1.50
2013.10.10 02:34:52.800,0.9203,0.92041,1.13,1.50
2013.10.10 02:34:54.259,0.9203,0.92042,1.13,2.25
2013.10.10 02:34:58.209,0.92029,0.92037,1.50,1.13
2013.10.10 02:34:58.329,0.92027,0.92037,1.88,1.13
2013.10.10 02:34:58.569,0.92024,0.92034,1.50,1.13
2013.10.10 02:34:59.209,0.92024,0.92034,1.50,1.13
2013.10.10 02:34:59.509,0.92024,0.92034,2.63,1.88
2013.10.10 02:34:59.869,0.92027,0.92038,1.88,4.88
2013.10.10 02:35:00.250,0.9203,0.92038,1.13,4.13
2013.10.10 02:35:00.830,0.9203,0.92038,1.13,4.13
2013.10.10 02:35:01.345,0.9203,0.92038,1.13,4.13
2013.10.10 02:35:02.070,0.92028,0.92038,1.13,4.13
2013.10.10 02:35:03.450,0.92027,0.92038,1.88,1.13
2013.10.10 02:35:03.510,0.92026,0.92035,1.50,1.13
2013.10.10 02:35:03.629,0.92022,0.92033,3.00,1.50
2013.10.10 02:35:03.934,0.92021,0.92032,1.13,2.25
2013.10.10 02:35:04.608,0.92021,0.92031,1.13,1.50
2013.10.10 02:35:05.080,0.92021,0.92031,1.13,1.50
2013.10.10 02:35:08.819,0.9202,0.92029,1.13,1.50
2013.10.10 02:35:09.549,0.92016,0.92025,1.50,1.50
2013.10.10 02:35:10.040,0.92013,0.92024,3.38,1.50
2013.10.10 02:35:10.219,0.92014,0.92024,1.13,1.50
2013.10.10 02:35:10.924,0.92014,0.92024,1.13,1.50
2013.10.10 02:35:11.230,0.92017,0.92024,1.13,1.50
2013.10.10 02:35:11.589,0.92018,0.92027,2.25,3.75
2013.10.10 02:35:12.241,0.9202,0.92027,1.13,4.50
2013.10.10 02:35:12.300,0.9202,0.92027,1.50,3.75
2013.10.10 02:35:12.611,0.92021,0.92027,1.50,3.75
2013.10.10 02:35:13.491,0.9202,0.92029,3.75,1.50
2013.10.10 02:35:15.489,0.92019,0.92027,1.50,4.50
2013.10.10 02:35:16.259,0.92019,0.92026,1.13,1.50
2013.10.10 02:35:19.310,0.92016,0.92025,2.25,1.50
2013.10.10 02:35:20.400,0.92017,0.92025,1.50,1.50
2013.10.10 02:35:21.008,0.92019,0.92026,1.13,1.50
2013.10.10 02:35:25.652,0.92017,0.92025,1.50,1.50
2013.10.10 02:35:27.021,0.92017,0.92025,1.50,1.50
2013.10.10 02:35:27.600,0.92017,0.92025,1.50,1.50
2013.10.10 02:35:27.721,0.9202,0.92026,1.50,1.50
2013.10.10 02:35:27.900,0.92023,0.92032,1.50,1.50
2013.10.10 02:35:28.259,0.92021,0.92031,1.13,1.13
2013.10.10 02:35:28.439,0.92021,0.92031,1.50,1.13
2013.10.10 02:35:28.780,0.9202,0.9203,3.00,1.50
2013.10.10 02:35:29.397,0.9202,0.9203,2.63,1.50
2013.10.10 02:35:39.629,0.9202,0.9203,2.25,1.50
2013.10.10 02:35:39.988,0.92028,0.92039,1.50,3.75
2013.10.10 02:35:40.049,0.92028,0.92039,2.25,1.50
2013.10.10 02:35:40.229,0.9203,0.92039,1.50,1.50
2013.10.10 02:35:40.349,0.92028,0.9204,3.00,1.50
2013.10.10 02:35:40.899,0.92028,0.9204,3.38,2.25
2013.10.10 02:35:41.380,0.92028,0.92039,1.88,1.13
2013.10.10 02:35:42.049,0.92028,0.92038,1.13,1.50
2013.10.10 02:35:44.110,0.92027,0.92038,1.88,1.50
2013.10.10 02:35:51.189,0.9203,0.92041,1.50,1.50
2013.10.10 02:35:51.310,0.92029,0.92039,1.13,2.63
2013.10.10 02:35:51.429,0.92028,0.9204,3.00,1.88
2013.10.10 02:35:51.489,0.92031,0.92043,1.50,1.58
2013.10.10 02:35:52.029,0.92031,0.92042,1.50,1.88
2013.10.10 02:35:52.437,0.92031,0.92042,1.50,1.50
2013.10.10 02:36:01.510,0.92031,0.92042,1.50,1.88
2013.10.10 02:36:01.987,0.92031,0.92042,1.50,1.88
2013.10.10 02:36:02.290,0.92032,0.92043,1.88,1.13
2013.10.10 02:36:02.739,0.92031,0.92042,2.25,1.88
2013.10.10 02:36:04.789,0.9203,0.92043,2.63,1.50
2013.10.10 02:36:08.729,0.92033,0.92043,1.13,1.13
2013.10.10 02:36:16.659,0.92032,0.92044,2.25,2.63
2013.10.10 02:36:16.900,0.92036,0.92045,1.13,4.50
2013.10.10 02:36:16.959,0.92036,0.92045,1.13,5.25
2013.10.10 02:36:17.259,0.92035,0.92045,1.88,1.13
2013.10.10 02:36:17.500,0.92033,0.92044,1.88,1.13
2013.10.10 02:36:17.559,0.92033,0.92043,1.88,1.13
2013.10.10 02:36:18.450,0.92033,0.92044,1.88,1.13
2013.10.10 02:36:23.351,0.92033,0.92044,1.88,1.13
2013.10.10 02:36:23.890,0.92033,0.92045,1.88,2.25
2013.10.10 02:36:24.071,0.92035,0.92047,1.88,2.25
2013.10.10 02:36:24.132,0.92035,0.92047,2.63,2.25
2013.10.10 02:36:24.254,0.92036,0.92048,1.13,1.50
2013.10.10 02:36:24.919,0.92036,0.92048,1.13,1.50
2013.10.10 02:36:25.469,0.92038,0.92048,1.50,1.50
2013.10.10 02:36:26.009,0.92038,0.92049,2.25,5.25
2013.10.10 02:36:26.519,0.92036,0.92048,1.13,1.50
2013.10.10 02:36:28.339,0.92036,0.92049,1.88,6.38
2013.10.10 02:36:29.971,0.92036,0.92048,1.13,1.88
2013.10.10 02:36:32.133,0.92038,0.92049,1.50,5.63
2013.10.10 02:36:32.200,0.92038,0.92048,1.50,1.50
2013.10.10 02:36:32.321,0.92039,0.9205,2.25,1.50
2013.10.10 02:36:32.380,0.9204,0.92052,1.13,2.63
2013.10.10 02:36:32.981,0.9204,0.92051,1.13,1.13
2013.10.10 02:36:33.518,0.9204,0.92051,1.13,1.88
2013.10.10 02:36:33.840,0.9204,0.92051,1.13,1.88
2013.10.10 02:36:34.281,0.9204,0.92051,1.50,1.88
2013.10.10 02:36:36.592,0.9204,0.92052,1.50,2.25
2013.10.10 02:36:43.431,0.92043,0.92052,1.50,2.25
2013.10.10 02:36:43.491,0.92044,0.92052,1.50,1.50
2013.10.10 02:36:43.550,0.92048,0.92056,1.50,2.25
2013.10.10 02:36:43.611,0.92048,0.92058,1.50,2.25
2013.10.10 02:36:43.790,0.92048,0.9206,1.88,1.50
2013.10.10 02:36:45.079,0.92048,0.9206,1.88,2.25
2013.10.10 02:36:45.600,0.92048,0.92059,1.50,1.50
2013.10.10 02:36:47.670,0.92048,0.92059,1.13,1.88
2013.10.10 02:36:47.790,0.92044,0.92056,2.25,1.13
2013.10.10 02:36:47.910,0.92043,0.92054,1.50,1.13
2013.10.10 02:36:48.150,0.92042,0.92051,1.13,1.50
2013.10.10 02:36:48.704,0.92039,0.92051,1.50,1.50
2013.10.10 02:36:50.122,0.92039,0.9205,1.50,1.50
2013.10.10 02:36:50.744,0.92039,0.9205,1.50,1.50
2013.10.10 02:36:52.390,0.92042,0.92053,1.50,1.50
2013.10.10 02:36:52.452,0.92042,0.92055,2.25,2.25
2013.10.10 02:36:52.750,0.92045,0.92057,1.50,1.50
2013.10.10 02:36:53.361,0.92045,0.92058,1.50,3.00
2013.10.10 02:36:53.759,0.92045,0.92057,1.50,1.50
2013.10.10 02:36:54.079,0.92045,0.92057,1.50,1.88
2013.10.10 02:36:54.199,0.92045,0.92057,1.50,1.50
2013.10.10 02:36:54.262,0.92045,0.92057,1.50,1.88
2013.10.10 02:36:54.791,0.92045,0.92057,1.50,1.88
2013.10.10 02:36:55.180,0.92046,0.92057,1.50,1.50
2013.10.10 02:36:56.269,0.92045,0.92057,2.25,1.50
2013.10.10 02:36:57.729,0.92045,0.92057,1.88,1.88
2013.10.10 02:36:57.789,0.92044,0.92055,3.00,1.88
2013.10.10 02:36:58.149,0.92041,0.92053,1.88,1.13
2013.10.10 02:36:58.270,0.92041,0.92051,1.13,1.13
2013.10.10 02:37:00.039,0.9204,0.92051,1.50,1.50
2013.10.10 02:37:00.578,0.9204,0.92051,1.50,1.50
2013.10.10 02:37:01.009,0.92046,0.92054,1.88,4.13
2013.10.10 02:37:01.080,0.92048,0.92058,1.13,1.50
2013.10.10 02:37:01.145,0.92048,0.92059,1.50,1.50
2013.10.10 02:37:01.662,0.92048,0.9206,1.50,2.63
2013.10.10 02:37:08.809,0.92048,0.92059,2.25,1.13
2013.10.10 02:37:10.861,0.92047,0.92058,1.50,1.13
2013.10.10 02:37:11.162,0.92047,0.92058,1.13,2.63
2013.10.10 02:37:12.140,0.9205,0.9206,1.13,2.25
2013.10.10 02:37:12.201,0.9205,0.9206,1.88,1.50
2013.10.10 02:37:12.320,0.92051,0.92063,1.88,1.13
2013.10.10 02:37:12.560,0.9205,0.92062,1.13,1.88
2013.10.10 02:37:12.620,0.92049,0.9206,2.63,1.13
2013.10.10 02:37:12.800,0.92047,0.92058,1.50,1.88
2013.10.10 02:37:13.042,0.92043,0.92055,1.73,1.13
2013.10.10 02:37:13.400,0.92043,0.92053,1.13,1.88
2013.10.10 02:37:13.882,0.9204,0.92052,2.25,1.50
2013.10.10 02:37:14.300,0.92042,0.92054,1.50,1.13
2013.10.10 02:37:14.882,0.92045,0.92055,1.88,1.13
2013.10.10 02:37:14.961,0.92045,0.92056,1.88,1.50
2013.10.10 02:37:15.909,0.92045,0.92056,1.13,2.63
2013.10.10 02:37:16.369,0.92042,0.92054,1.50,1.13
2013.10.10 02:37:17.209,0.92042,0.92054,1.50,1.88
2013.10.10 02:37:20.381,0.92041,0.92049,1.50,1.13
2013.10.10 02:37:20.810,0.92038,0.92049,1.88,1.13
2013.10.10 02:37:21.110,0.92038,0.92048,1.50,1.13
2013.10.10 02:37:21.170,0.92036,0.92046,1.13,1.13
2013.10.10 02:37:22.470,0.92036,0.92047,1.13,2.25
2013.10.10 02:37:22.838,0.92037,0.92047,1.50,1.50
2013.10.10 02:37:24.799,0.92038,0.92049,2.25,1.50
2013.10.10 02:37:26.421,0.92038,0.92049,1.13,1.50
2013.10.10 02:37:26.541,0.92037,0.92047,1.50,1.13
2013.10.10 02:37:26.901,0.92033,0.92041,1.13,1.13
2013.10.10 02:37:27.259,0.92033,0.92041,1.13,1.13
2013.10.10 02:37:27.619,0.92039,0.92046,1.50,1.13
2013.10.10 02:37:27.800,0.92039,0.9205,1.88,1.13
2013.10.10 02:37:28.289,0.92042,0.9205,1.50,1.13
2013.10.10 02:37:28.617,0.92042,0.9205,1.50,1.13
2013.10.10 02:37:29.379,0.92042,0.92052,3.00,1.13
2013.10.10 02:37:29.531,0.92042,0.92052,1.50,1.13
2013.10.10 02:37:31.391,0.92041,0.92051,1.50,1.50
2013.10.10 02:37:31.932,0.92041,0.9205,1.50,1.13
2013.10.10 02:37:32.240,0.92039,0.9205,1.50,1.50
2013.10.10 02:37:32.481,0.92036,0.92047,3.60,1.13
2013.10.10 02:37:32.720,0.92036,0.92048,1.50,1.50
2013.10.10 02:37:33.080,0.92038,0.92049,1.50,1.13
2013.10.10 02:37:33.260,0.9204,0.9205,2.25,1.13
2013.10.10 02:37:35.480,0.92042,0.9205,1.50,1.50
2013.10.10 02:37:36.015,0.92042,0.92051,1.50,1.13
2013.10.10 02:37:38.870,0.92042,0.9205,1.50,1.50
2013.10.10 02:37:39.252,0.92038,0.92047,1.50,1.50
2013.10.10 02:37:39.801,0.92039,0.92047,1.13,1.13
2013.10.10 02:37:40.436,0.92044,0.9205,1.50,1.13
2013.10.10 02:37:40.508,0.92046,0.92058,1.13,2.25
2013.10.10 02:37:40.754,0.92046,0.92058,1.13,1.88
2013.10.10 02:37:41.279,0.92046,0.92058,1.13,1.13
2013.10.10 02:37:44.179,0.92046,0.92057,1.13,1.88
2013.10.10 02:37:46.389,0.92045,0.92057,1.88,1.88
2013.10.10 02:37:48.911,0.92046,0.92056,1.13,1.13
2013.10.10 02:37:49.433,0.92045,0.92056,1.88,1.13
2013.10.10 02:37:51.349,0.92045,0.92056,1.13,1.88
2013.10.10 02:37:51.882,0.92043,0.92056,2.25,2.63
2013.10.10 02:37:52.390,0.92043,0.92055,2.25,1.50
2013.10.10 02:37:54.150,0.92044,0.92054,1.50,2.25
2013.10.10 02:37:54.510,0.92044,0.92053,1.50,2.25
2013.10.10 02:37:54.570,0.9204,0.92051,1.50,1.13
2013.10.10 02:37:55.023,0.9204,0.9205,1.13,1.13
2013.10.10 02:37:55.630,0.92037,0.9205,1.13,2.63
2013.10.10 02:37:55.871,0.92036,0.92047,1.13,1.50
2013.10.10 02:37:56.179,0.92033,0.92045,2.25,1.13
2013.10.10 02:37:56.539,0.92033,0.92045,1.13,2.63
2013.10.10 02:37:57.052,0.92033,0.92042,1.13,1.13
2013.10.10 02:37:57.171,0.92032,0.92042,1.88,1.13
2013.10.10 02:37:57.731,0.92031,0.92042,1.50,1.88
2013.10.10 02:37:57.971,0.9203,0.92038,1.13,1.13
2013.10.10 02:37:58.091,0.92027,0.92038,1.13,1.13
2013.10.10 02:37:58.152,0.92026,0.92038,1.50,1.13
2013.10.10 02:37:58.700,0.92025,0.92037,3.38,1.13
2013.10.10 02:37:59.001,0.92028,0.92037,1.13,1.13
2013.10.10 02:37:59.360,0.92031,0.92041,1.13,2.25
2013.10.10 02:37:59.420,0.92032,0.92043,1.13,1.13
2013.10.10 02:37:59.599,0.92034,0.92045,1.50,1.88
2013.10.10 02:37:59.660,0.92034,0.92045,1.50,1.13
2013.10.10 02:38:00.040,0.92035,0.92047,1.50,1.13
2013.10.10 02:38:00.099,0.92035,0.92047,1.88,1.13
2013.10.10 02:38:00.962,0.92035,0.92047,3.38,1.50
2013.10.10 02:38:05.790,0.92037,0.92047,1.13,1.50
2013.10.10 02:38:06.392,0.92035,0.92047,2.63,1.50
2013.10.10 02:38:07.113,0.92035,0.92047,2.25,1.50
2013.10.10 02:38:07.820,0.92035,0.92047,2.25,1.13
2013.10.10 02:38:08.611,0.92035,0.92047,1.50,1.13
2013.10.10 02:38:08.972,0.92034,0.92044,1.13,1.13
2013.10.10 02:38:09.272,0.92034,0.92045,1.88,1.88
2013.10.10 02:38:09.332,0.92035,0.92046,1.88,1.13
2013.10.10 02:38:09.630,0.92037,0.92047,1.13,1.13
2013.10.10 02:38:10.160,0.92038,0.92049,1.88,1.13
2013.10.10 02:38:10.949,0.92037,0.92049,3.75,1.13
2013.10.10 02:38:11.490,0.92037,0.92047,2.25,1.88
2013.10.10 02:38:12.491,0.92038,0.92047,1.13,1.50
2013.10.10 02:38:12.970,0.92041,0.92047,1.13,1.50
2013.10.10 02:38:13.150,0.92039,0.92048,1.13,1.50
2013.10.10 02:38:13.700,0.92037,0.9205,2.25,2.63
2013.10.10 02:38:14.239,0.92039,0.9205,1.13,1.50
2013.10.10 02:38:14.621,0.92042,0.92051,1.50,1.13
2013.10.10 02:38:14.939,0.92042,0.92051,1.50,1.13
2013.10.10 02:38:16.530,0.9204,0.92051,2.10,1.50
2013.10.10 02:38:16.770,0.92039,0.92049,1.50,1.13
2013.10.10 02:38:17.080,0.92039,0.92047,1.50,1.13
2013.10.10 02:38:17.140,0.92037,0.92047,1.50,1.13
2013.10.10 02:38:18.492,0.92037,0.92046,1.13,1.50
2013.10.10 02:38:19.215,0.92036,0.92046,2.25,1.50
2013.10.10 02:38:21.400,0.92036,0.92046,1.88,1.13
2013.10.10 02:38:21.580,0.92034,0.92046,1.50,1.88
2013.10.10 02:38:21.699,0.92034,0.92046,1.50,1.88
2013.10.10 02:38:23.002,0.92035,0.92044,1.13,1.13
2013.10.10 02:38:23.540,0.92033,0.92044,1.13,1.13
2013.10.10 02:38:24.080,0.92032,0.92044,1.88,1.13
2013.10.10 02:38:24.762,0.92032,0.92044,1.88,1.13
2013.10.10 02:38:25.700,0.92033,0.92044,1.50,1.13
2013.10.10 02:38:26.260,0.92033,0.92044,1.50,1.13
2013.10.10 02:38:26.855,0.92033,0.92044,1.50,1.13
2013.10.10 02:38:27.733,0.92033,0.92045,1.88,2.63
2013.10.10 02:38:30.780,0.92033,0.92045,1.13,1.88
2013.10.10 02:38:32.770,0.92033,0.92044,1.50,1.88
2013.10.10 02:38:36.940,0.92033,0.92043,1.88,1.50
2013.10.10 02:38:37.741,0.92033,0.92043,1.88,1.50
2013.10.10 02:38:38.291,0.92033,0.92043,1.88,1.50
2013.10.10 02:38:38.881,0.92033,0.92043,2.25,1.50
2013.10.10 02:38:39.241,0.92035,0.92046,1.50,1.50
2013.10.10 02:38:39.813,0.92037,0.92048,1.88,1.13
2013.10.10 02:38:40.439,0.92038,0.92049,1.13,2.25
2013.10.10 02:38:43.849,0.92038,0.92049,1.13,1.50
2013.10.10 02:38:51.769,0.92038,0.92048,1.50,1.50
2013.10.10 02:38:53.460,0.92039,0.9205,1.13,2.25
2013.10.10 02:38:53.827,0.92039,0.92049,1.13,1.50
2013.10.10 02:38:55.340,0.92038,0.92049,2.63,2.25
2013.10.10 02:38:55.606,0.92038,0.92049,2.63,1.50
2013.10.10 02:38:58.399,0.92038,0.92049,1.50,1.50
2013.10.10 02:38:58.580,0.92036,0.92048,2.85,1.13
2013.10.10 02:38:58.820,0.92036,0.92047,1.13,1.50
2013.10.10 02:38:59.000,0.92034,0.92046,2.25,1.13
2013.10.10 02:39:01.654,0.92035,0.92044,1.13,1.13
2013.10.10 02:39:01.782,0.92035,0.92047,3.00,2.25
2013.10.10 02:39:01.914,0.92037,0.92048,1.88,1.88
2013.10.10 02:39:05.041,0.92036,0.92047,2.25,1.50
2013.10.10 02:39:05.401,0.92036,0.92047,1.50,1.50
2013.10.10 02:39:05.699,0.92039,0.9205,1.13,1.88
2013.10.10 02:39:06.268,0.92038,0.9205,3.38,1.88
2013.10.10 02:39:06.889,0.92038,0.92048,1.50,1.50
2013.10.10 02:39:07.190,0.92037,0.92048,1.88,1.50
2013.10.10 02:39:07.429,0.92039,0.9205,1.13,2.63
2013.10.10 02:39:08.117,0.92039,0.9205,1.88,1.50
2013.10.10 02:39:08.887,0.92039,0.9205,1.88,1.50
2013.10.10 02:39:10.561,0.92041,0.92051,2.63,1.88
2013.10.10 02:39:10.620,0.92043,0.92051,1.88,1.13
2013.10.10 02:39:10.680,0.92045,0.92055,1.13,1.13
2013.10.10 02:39:10.799,0.92045,0.92057,1.50,2.25
2013.10.10 02:39:11.100,0.92049,0.92059,1.13,2.25
2013.10.10 02:39:11.160,0.92049,0.9206,1.13,1.13
2013.10.10 02:39:11.673,0.92049,0.92061,1.50,1.13
2013.10.10 02:39:13.211,0.9205,0.92062,3.00,2.63
2013.10.10 02:39:13.513,0.92055,0.92065,1.13,1.13
2013.10.10 02:39:13.881,0.92054,0.92065,1.50,1.88
2013.10.10 02:39:14.370,0.92052,0.92064,1.13,1.13
2013.10.10 02:39:16.481,0.92052,0.92064,1.73,1.13
2013.10.10 02:39:17.040,0.92052,0.92064,1.73,1.13
2013.10.10 02:39:17.461,0.9205,0.92062,2.25,1.13
2013.10.10 02:39:18.931,0.92053,0.92063,1.35,2.25
2013.10.10 02:39:18.991,0.92057,0.92063,1.50,1.50
2013.10.10 02:39:19.110,0.92057,0.92069,1.50,1.88
2013.10.10 02:39:19.660,0.92058,0.92069,2.25,1.13
2013.10.10 02:39:20.080,0.92058,0.92069,1.50,1.13
2013.10.10 02:39:20.200,0.92056,0.92068,1.88,1.50
2013.10.10 02:39:20.710,0.92055,0.92067,1.50,1.88
2013.10.10 02:39:21.219,0.92056,0.92068,1.88,1.50
2013.10.10 02:39:22.259,0.92056,0.92067,1.13,1.13
2013.10.10 02:39:23.121,0.92053,0.92065,1.88,1.13
2013.10.10 02:39:23.241,0.92052,0.92063,2.25,1.13
2013.10.10 02:39:23.600,0.92052,0.92059,1.50,1.50
2013.10.10 02:39:24.150,0.92048,0.92059,1.88,1.50
2013.10.10 02:39:25.240,0.92048,0.92061,2.63,2.63
2013.10.10 02:39:32.111,0.92048,0.92058,1.88,1.50
2013.10.10 02:39:32.413,0.92043,0.92055,1.88,1.50
2013.10.10 02:39:34.530,0.92043,0.92054,2.25,1.50
2013.10.10 02:39:34.831,0.92048,0.92059,1.50,2.63
2013.10.10 02:39:35.303,0.92051,0.9206,3.75,1.13
2013.10.10 02:39:35.489,0.92053,0.92063,1.88,1.50
2013.10.10 02:39:35.610,0.92053,0.92063,3.38,1.13
2013.10.10 02:39:35.911,0.92054,0.92065,1.50,1.13
2013.10.10 02:39:36.171,0.92055,0.92065,1.13,1.13
2013.10.10 02:39:36.690,0.92055,0.92065,1.13,1.13
2013.10.10 02:39:37.572,0.92055,0.92065,1.13,1.13
2013.10.10 02:39:38.043,0.92055,0.92063,1.13,1.88
2013.10.10 02:39:38.581,0.92053,0.92062,1.88,1.13
2013.10.10 02:39:39.130,0.92053,0.92061,1.13,1.88
2013.10.10 02:39:39.601,0.92051,0.92061,1.13,1.50
2013.10.10 02:39:39.661,0.92051,0.92061,2.25,1.13
2013.10.10 02:39:40.213,0.92052,0.92061,1.13,1.88
2013.10.10 02:39:41.470,0.92052,0.92061,1.13,1.88
2013.10.10 02:39:41.650,0.92047,0.9206,1.88,1.13
2013.10.10 02:39:41.710,0.92047,0.9206,1.88,1.13
2013.10.10 02:39:41.953,0.92048,0.92057,1.50,1.13
2013.10.10 02:39:42.081,0.92052,0.92061,1.13,1.50
2013.10.10 02:39:42.260,0.92052,0.92062,1.50,1.13
2013.10.10 02:39:43.320,0.92052,0.92063,2.25,1.13
2013.10.10 02:39:45.312,0.92052,0.92063,1.50,1.13
2013.10.10 02:39:45.371,0.92051,0.92062,1.13,1.13
2013.10.10 02:39:45.490,0.9205,0.92061,1.50,1.13
2013.10.10 02:39:46.030,0.92049,0.9206,1.50,1.13
2013.10.10 02:39:47.003,0.92044,0.92051,1.50,1.13
2013.10.10 02:39:47.201,0.92039,0.92047,1.50,1.13
2013.10.10 02:39:47.322,0.92039,0.92051,1.50,1.13
2013.10.10 02:39:47.381,0.92038,0.92047,1.50,1.13
2013.10.10 02:39:47.560,0.92036,0.92046,2.63,1.88
2013.10.10 02:39:47.621,0.92034,0.92044,1.88,1.50
2013.10.10 02:39:47.982,0.92036,0.92047,1.13,1.13
2013.10.10 02:39:48.610,0.92036,0.92047,1.13,1.13
2013.10.10 02:39:49.430,0.92036,0.92047,1.13,1.13
2013.10.10 02:39:49.552,0.92038,0.92049,1.50,1.50
2013.10.10 02:39:49.681,0.92041,0.92052,1.13,1.88
2013.10.10 02:39:49.920,0.92039,0.92052,1.88,1.88
2013.10.10 02:39:50.471,0.92039,0.92051,1.13,1.88
2013.10.10 02:39:51.000,0.92039,0.9205,1.13,1.13
2013.10.10 02:39:51.322,0.9204,0.92052,2.63,1.13
2013.10.10 02:39:51.842,0.92041,0.92053,3.00,1.13
2013.10.10 02:39:52.412,0.92041,0.92053,3.75,1.13
2013.10.10 02:39:53.780,0.92041,0.92052,3.00,1.13
2013.10.10 02:39:53.901,0.92041,0.92054,3.75,1.88
2013.10.10 02:39:54.020,0.92041,0.92053,3.00,1.13
2013.10.10 02:39:54.079,0.92041,0.92054,3.75,1.88
2013.10.10 02:39:54.624,0.92041,0.92054,3.75,1.88
2013.10.10 02:39:55.151,0.92042,0.92054,1.13,1.88
2013.10.10 02:39:55.220,0.92044,0.92055,1.88,1.13
2013.10.10 02:40:01.430,0.92044,0.92056,1.13,1.13
2013.10.10 02:40:04.760,0.92044,0.92056,1.13,1.13
2013.10.10 02:40:06.460,0.92044,0.92056,1.88,1.13
2013.10.10 02:40:11.610,0.92045,0.92057,1.50,1.13
2013.10.10 02:40:13.760,0.92045,0.92057,2.25,2.25
2013.10.10 02:40:14.000,0.92044,0.92056,2.25,1.88
2013.10.10 02:40:14.539,0.92044,0.92056,2.48,1.50
2013.10.10 02:40:14.781,0.92046,0.92056,1.50,1.13
2013.10.10 02:40:15.140,0.92048,0.92059,1.50,1.13
2013.10.10 02:40:15.499,0.92046,0.92058,2.10,1.88
2013.10.10 02:40:17.549,0.92046,0.92058,2.10,1.88
2013.10.10 02:40:18.340,0.92046,0.92056,1.35,1.50
2013.10.10 02:40:18.870,0.92046,0.92056,1.35,1.13
2013.10.10 02:40:19.229,0.92046,0.92058,2.10,1.13
2013.10.10 02:40:19.289,0.92046,0.92058,2.48,1.13
2013.10.10 02:40:23.642,0.92046,0.92058,2.48,1.13
2013.10.10 02:40:25.731,0.92046,0.92058,2.10,1.13
2013.10.10 02:40:27.851,0.92046,0.92056,1.50,1.13
2013.10.10 02:40:27.911,0.92045,0.92055,1.13,1.13
2013.10.10 02:40:27.971,0.92043,0.92055,2.25,1.50
2013.10.10 02:40:28.030,0.92043,0.92055,1.50,1.50
2013.10.10 02:40:28.150,0.92041,0.92048,1.50,1.13
2013.10.10 02:40:28.210,0.92039,0.92048,1.50,1.13
2013.10.10 02:40:28.390,0.92034,0.92045,1.50,1.13
2013.10.10 02:40:28.451,0.92034,0.92045,1.13,1.13
2013.10.10 02:40:28.753,0.92034,0.92047,4.13,1.13
2013.10.10 02:40:28.820,0.92037,0.92048,1.50,1.13
2013.10.10 02:40:29.121,0.92039,0.92051,1.88,1.13
2013.10.10 02:40:30.191,0.92039,0.92051,2.85,1.13
2013.10.10 02:40:30.670,0.9204,0.92052,1.50,1.13
2013.10.10 02:40:37.580,0.92042,0.92053,1.50,1.13
2013.10.10 02:40:37.882,0.92042,0.92052,1.50,1.50
2013.10.10 02:40:37.943,0.92038,0.92051,1.50,1.88
2013.10.10 02:40:38.000,0.92039,0.92051,1.13,2.25
2013.10.10 02:40:38.119,0.92038,0.92051,1.50,2.25
2013.10.10 02:40:38.402,0.92038,0.92051,1.50,2.25
2013.10.10 02:40:38.525,0.92038,0.9205,1.50,1.50
2013.10.10 02:40:38.650,0.92039,0.92051,1.13,2.63
2013.10.10 02:40:39.190,0.9204,0.92053,2.25,1.13
2013.10.10 02:40:40.609,0.92041,0.92053,1.35,2.25
2013.10.10 02:40:41.964,0.92037,0.92046,2.25,1.13
2013.10.10 02:40:42.092,0.92034,0.92045,2.10,1.13
2013.10.10 02:40:42.152,0.92034,0.92045,1.13,1.13
2013.10.10 02:40:42.690,0.92033,0.92045,1.50,1.13
2013.10.10 02:40:43.240,0.92033,0.92045,1.50,1.13
2013.10.10 02:40:43.719,0.92034,0.92044,1.35,1.13
2013.10.10 02:40:45.290,0.92033,0.92044,1.50,3.00
2013.10.10 02:40:45.349,0.92031,0.92043,1.50,1.50
2013.10.10 02:40:45.600,0.92031,0.92041,1.50,1.13
2013.10.10 02:40:45.780,0.92029,0.92041,1.50,1.13
2013.10.10 02:40:47.571,0.92029,0.92041,2.10,2.25
2013.10.10 02:40:47.689,0.92025,0.92037,1.88,1.50
2013.10.10 02:40:47.749,0.92025,0.92037,1.88,1.50
2013.10.10 02:40:47.809,0.92025,0.92037,1.50,1.50
2013.10.10 02:40:47.990,0.92023,0.92035,1.50,1.13
2013.10.10 02:40:50.003,0.92023,0.92035,1.88,1.13
2013.10.10 02:40:50.253,0.9202,0.92032,1.50,1.50
2013.10.10 02:40:50.560,0.92016,0.92027,2.25,1.13
2013.10.10 02:40:50.921,0.92014,0.92024,1.50,1.13
2013.10.10 02:40:51.960,0.92011,0.92023,2.25,1.13
2013.10.10 02:40:52.019,0.92011,0.92023,2.25,1.50
2013.10.10 02:40:52.526,0.92009,0.92021,2.25,1.13
2013.10.10 02:40:52.760,0.92009,0.92021,2.25,1.13
2013.10.10 02:40:53.100,0.92009,0.92021,1.50,1.50
2013.10.10 02:40:53.524,0.92008,0.92021,2.25,1.50
2013.10.10 02:40:53.830,0.92005,0.92015,1.13,1.13
2013.10.10 02:40:54.320,0.92007,0.92016,3.00,1.13
2013.10.10 02:40:54.862,0.92008,0.92019,1.88,1.13
2013.10.10 02:40:55.491,0.92009,0.92021,1.50,1.50
2013.10.10 02:40:56.061,0.92008,0.9202,2.63,1.13
2013.10.10 02:40:56.881,0.92008,0.9202,1.88,1.13
2013.10.10 02:40:58.205,0.92008,0.9202,1.88,1.13
2013.10.10 02:40:58.750,0.9201,0.92022,2.63,1.13
2013.10.10 02:40:59.302,0.9201,0.92022,2.63,1.13
2013.10.10 02:41:00.275,0.9201,0.92022,2.63,1.13
2013.10.10 02:41:00.581,0.92008,0.92019,1.50,1.13
2013.10.10 02:41:00.641,0.92008,0.92019,1.50,2.63
2013.10.10 02:41:00.759,0.92006,0.92018,1.50,1.50
2013.10.10 02:41:01.061,0.92006,0.92018,1.50,1.88
2013.10.10 02:41:01.425,0.92006,0.92019,1.50,2.63
2013.10.10 02:41:01.790,0.92007,0.92017,1.50,1.50
2013.10.10 02:41:02.223,0.92007,0.92017,1.50,1.50
2013.10.10 02:41:02.410,0.92009,0.92021,1.50,1.50
2013.10.10 02:41:02.771,0.92009,0.92022,1.50,2.63
2013.10.10 02:41:03.280,0.9201,0.92022,1.50,2.63
2013.10.10 02:41:03.642,0.92009,0.9202,1.50,1.13
2013.10.10 02:41:03.820,0.9201,0.92022,2.25,1.50
2013.10.10 02:41:04.953,0.92012,0.92022,1.50,1.50
2013.10.10 02:41:10.559,0.92012,0.92022,1.50,1.50
2013.10.10 02:41:10.680,0.9201,0.92022,1.50,1.50
2013.10.10 02:41:11.370,0.9201,0.92021,1.50,1.88
2013.10.10 02:41:11.489,0.92008,0.9202,2.48,1.13
2013.10.10 02:41:11.789,0.92006,0.92018,1.50,1.13
2013.10.10 02:41:11.910,0.92007,0.92019,1.50,1.13
2013.10.10 02:41:12.214,0.92009,0.9202,1.50,1.50
2013.10.10 02:41:12.820,0.92009,0.9202,1.50,1.50
2013.10.10 02:41:14.300,0.92009,0.9202,1.50,1.50
2013.10.10 02:41:14.990,0.92008,0.9202,1.50,2.25
2013.10.10 02:41:16.650,0.92009,0.9202,1.13,1.88
2013.10.10 02:41:16.710,0.92009,0.9202,1.13,1.88
2013.10.10 02:41:16.830,0.9201,0.92023,1.13,2.63
2013.10.10 02:41:17.333,0.92011,0.92023,1.50,1.13
2013.10.10 02:41:17.630,0.92012,0.92024,1.50,1.50
2013.10.10 02:41:17.930,0.92014,0.92026,1.50,1.50
2013.10.10 02:41:18.730,0.92015,0.92027,1.13,2.63
2013.10.10 02:41:18.910,0.92017,0.9203,2.25,2.63
2013.10.10 02:41:19.450,0.9202,0.92031,1.50,1.13
2013.10.10 02:41:19.975,0.9202,0.92032,1.88,1.88
2013.10.10 02:41:20.920,0.9202,0.92031,1.13,1.13
2013.10.10 02:41:21.099,0.92017,0.92029,3.00,1.13
2013.10.10 02:41:21.280,0.92016,0.92028,1.50,1.50
2013.10.10 02:41:21.460,0.92016,0.92028,1.50,2.25
2013.10.10 02:41:22.020,0.92014,0.92026,2.25,1.50
2013.10.10 02:41:22.579,0.92014,0.92025,1.88,1.50
2013.10.10 02:41:22.880,0.92009,0.92021,1.88,1.88
2013.10.10 02:41:23.000,0.92009,0.92021,2.25,1.50
2013.10.10 02:41:23.539,0.92009,0.92021,1.50,1.88
2013.10.10 02:41:23.990,0.92009,0.92021,3.00,1.13
2013.10.10 02:41:24.110,0.92009,0.92021,1.50,1.88
2013.10.10 02:41:24.230,0.92011,0.92021,1.50,1.88
2013.10.10 02:41:24.470,0.92009,0.92021,2.25,1.88
2013.10.10 02:41:25.682,0.92008,0.92021,1.50,1.50
2013.10.10 02:41:26.431,0.92009,0.92021,1.88,1.88
2013.10.10 02:41:26.550,0.9201,0.92022,2.25,1.88
2013.10.10 02:41:26.730,0.92009,0.92022,1.50,2.25
2013.10.10 02:41:30.629,0.92009,0.92021,1.50,1.50
2013.10.10 02:41:30.930,0.92005,0.92017,1.50,1.13
2013.10.10 02:41:31.240,0.92005,0.92017,1.50,1.13
2013.10.10 02:41:31.770,0.92007,0.92017,1.13,1.13
2013.10.10 02:41:31.830,0.92007,0.92017,1.13,1.13
2013.10.10 02:41:31.950,0.92007,0.92019,1.88,1.13
2013.10.10 02:41:32.009,0.92007,0.9202,1.88,2.25
2013.10.10 02:41:33.480,0.92006,0.92019,2.63,1.50
2013.10.10 02:41:34.010,0.92006,0.92017,2.25,1.13
2013.10.10 02:41:36.640,0.92006,0.92019,1.50,2.25
2013.10.10 02:41:37.420,0.92007,0.92019,1.13,1.88
2013.10.10 02:41:37.660,0.92007,0.9202,2.63,1.88
2013.10.10 02:41:38.200,0.9201,0.92021,1.13,2.25
2013.10.10 02:41:39.180,0.92009,0.92021,1.13,2.25
2013.10.10 02:41:39.420,0.92007,0.92021,3.38,2.25
2013.10.10 02:41:40.280,0.92008,0.92021,2.25,1.50
2013.10.10 02:41:40.650,0.92011,0.92023,1.88,1.50
2013.10.10 02:41:41.010,0.92015,0.92025,1.50,1.13
2013.10.10 02:41:41.130,0.92017,0.92028,1.50,2.63
2013.10.10 02:41:42.240,0.92017,0.92028,1.50,2.25
2013.10.10 02:41:42.773,0.92017,0.92028,1.50,2.25
2013.10.10 02:41:44.629,0.92017,0.92027,1.50,1.50
2013.10.10 02:41:44.690,0.92015,0.92025,1.13,1.50
2013.10.10 02:41:44.810,0.92015,0.92027,1.88,2.25
2013.10.10 02:41:45.418,0.92015,0.92027,1.88,1.13
2013.10.10 02:41:49.940,0.92015,0.92027,2.63,1.88
2013.10.10 02:41:50.211,0.92015,0.92025,2.63,1.50
2013.10.10 02:41:50.570,0.92018,0.92025,2.25,1.50
2013.10.10 02:41:50.751,0.92021,0.92029,1.50,1.13
2013.10.10 02:41:50.930,0.92015,0.92026,1.13,1.50
2013.10.10 02:41:51.290,0.92011,0.92017,1.13,1.50
2013.10.10 02:41:51.650,0.92006,0.92015,1.13,1.50
2013.10.10 02:41:51.949,0.92004,0.92017,1.50,1.50
2013.10.10 02:41:52.380,0.92006,0.92018,1.50,1.13
2013.10.10 02:41:55.160,0.92006,0.92018,1.50,1.13
2013.10.10 02:41:55.461,0.92003,0.92014,1.88,1.50
2013.10.10 02:41:55.700,0.92004,0.92016,1.50,1.50
2013.10.10 02:41:55.761,0.92003,0.92015,2.25,1.13
2013.10.10 02:41:55.883,0.92004,0.92015,1.50,1.13
2013.10.10 02:41:55.954,0.92005,0.92016,1.50,1.13
2013.10.10 02:41:56.082,0.92006,0.92017,1.50,1.13
2013.10.10 02:41:56.673,0.92004,0.92017,1.35,1.50
2013.10.10 02:41:57.235,0.92001,0.92012,1.50,1.50
2013.10.10 02:41:57.815,0.92001,0.92013,2.25,1.13
2013.10.10 02:41:58.500,0.92003,0.92014,1.50,1.13
2013.10.10 02:41:59.051,0.92004,0.92015,2.25,1.13
2013.10.10 02:41:59.641,0.92004,0.92017,2.25,1.88
2013.10.10 02:42:01.350,0.92004,0.92017,2.25,2.25
2013.10.10 02:42:01.591,0.92002,0.92014,2.85,1.50
2013.10.10 02:42:01.830,0.92004,0.92017,3.00,2.25
2013.10.10 02:42:01.890,0.92004,0.92017,3.00,2.25
2013.10.10 02:42:04.052,0.92004,0.92017,3.00,2.25
2013.10.10 02:42:05.042,0.92004,0.92017,3.00,2.25
2013.10.10 02:42:06.099,0.92004,0.92017,3.00,2.25
2013.10.10 02:42:06.690,0.92006,0.92019,1.50,2.25
2013.10.10 02:42:11.229,0.92006,0.92019,1.50,2.25
2013.10.10 02:42:15.309,0.92006,0.92019,2.85,2.25
2013.10.10 02:42:15.431,0.92007,0.92019,1.50,2.25
2013.10.10 02:42:15.730,0.9201,0.92019,1.50,1.50
2013.10.10 02:42:16.373,0.92011,0.92022,1.50,1.50
2013.10.10 02:42:16.640,0.92011,0.92023,1.50,2.63
2013.10.10 02:42:18.169,0.92011,0.92023,1.88,1.13
2013.10.10 02:42:18.530,0.9201,0.9202,1.50,1.13
2013.10.10 02:42:18.650,0.92008,0.92019,1.50,1.13
2013.10.10 02:42:18.710,0.92006,0.92019,3.00,1.13
2013.10.10 02:42:19.250,0.92005,0.92016,3.60,1.13
2013.10.10 02:42:19.610,0.92005,0.92016,1.35,1.88
2013.10.10 02:42:19.671,0.92003,0.92015,2.63,1.13
2013.10.10 02:42:19.850,0.92002,0.92013,1.50,1.13
2013.10.10 02:42:20.290,0.92002,0.92014,1.50,1.88
2013.10.10 02:42:20.930,0.92002,0.92014,1.50,1.50
2013.10.10 02:42:21.170,0.92002,0.92014,1.50,2.25
2013.10.10 02:42:21.469,0.92002,0.92014,1.50,1.50
2013.10.10 02:42:22.920,0.92004,0.92014,1.50,1.50
2013.10.10 02:42:23.160,0.92005,0.92015,1.13,1.50
2013.10.10 02:42:23.580,0.92004,0.92015,1.50,2.25
2013.10.10 02:42:24.119,0.92002,0.92014,3.00,1.13
2013.10.10 02:42:24.669,0.92002,0.92014,2.25,1.13
2013.10.10 02:42:25.881,0.92002,0.92014,2.25,1.13
2013.10.10 02:42:31.111,0.92002,0.92012,1.50,1.13
2013.10.10 02:42:31.471,0.91995,0.92009,1.50,1.50
2013.10.10 02:42:32.249,0.91998,0.92011,1.50,2.25
2013.10.10 02:42:33.061,0.91999,0.9201,1.35,1.13
2013.10.10 02:42:34.591,0.91997,0.92007,2.10,1.13
2013.10.10 02:42:34.890,0.91994,0.92005,2.25,1.88
2013.10.10 02:42:35.310,0.91995,0.92006,1.50,1.13
2013.10.10 02:42:35.908,0.91995,0.92005,1.50,1.13
2013.10.10 02:42:36.450,0.91994,0.92006,3.60,1.13
2013.10.10 02:42:37.623,0.91994,0.92007,3.60,3.00
2013.10.10 02:42:37.800,0.91995,0.92007,1.50,3.00
2013.10.10 02:42:37.980,0.91994,0.92006,2.85,1.88
2013.10.10 02:42:38.048,0.91992,0.92004,1.13,1.50
2013.10.10 02:42:38.290,0.91994,0.92006,1.50,1.88
2013.10.10 02:42:38.890,0.91995,0.92006,1.50,1.13
2013.10.10 02:42:39.191,0.91999,0.9201,1.50,1.13
2013.10.10 02:42:39.250,0.91999,0.9201,1.50,1.13
2013.10.10 02:42:39.373,0.92,0.92011,1.88,1.88
2013.10.10 02:42:39.500,0.92002,0.92012,1.13,1.13
2013.10.10 02:42:46.630,0.92002,0.92013,1.88,1.50
2013.10.10 02:42:46.921,0.92002,0.92013,1.13,1.50
2013.10.10 02:42:47.949,0.92002,0.92013,1.13,1.50
2013.10.10 02:42:49.150,0.92002,0.92013,1.13,1.50
2013.10.10 02:42:49.659,0.92001,0.92013,1.13,1.88
2013.10.10 02:42:50.020,0.92001,0.92011,1.13,1.50
2013.10.10 02:42:51.364,0.92001,0.92011,1.88,1.50
2013.10.10 02:42:51.671,0.91997,0.9201,2.25,4.13
2013.10.10 02:42:51.731,0.91996,0.92009,2.25,2.25
2013.10.10 02:42:51.790,0.91994,0.92006,2.25,1.50
2013.10.10 02:42:52.091,0.91994,0.92004,1.50,1.13
2013.10.10 02:42:52.210,0.91992,0.92004,1.50,1.50
2013.10.10 02:42:52.482,0.91991,0.92002,1.50,1.88
2013.10.10 02:42:53.020,0.91989,0.92001,1.88,1.50
2013.10.10 02:42:59.781,0.91989,0.92001,1.88,1.13
2013.10.10 02:43:00.385,0.9199,0.92001,1.13,1.13
2013.10.10 02:43:00.890,0.9199,0.92001,1.50,1.13
2013.10.10 02:43:01.400,0.91992,0.92001,1.88,1.13
2013.10.10 02:43:03.941,0.91992,0.92002,1.13,2.63
2013.10.10 02:43:04.300,0.91986,0.91996,1.88,1.13
2013.10.10 02:43:04.660,0.91986,0.91994,1.50,1.50
2013.10.10 02:43:05.201,0.91986,0.91995,1.50,1.50
2013.10.10 02:43:06.700,0.91985,0.91994,1.50,1.50
2013.10.10 02:43:07.000,0.91982,0.91995,2.63,2.63
2013.10.10 02:43:07.061,0.91982,0.91994,2.25,1.13
2013.10.10 02:43:07.245,0.91979,0.91991,1.50,1.50
2013.10.10 02:43:07.310,0.91978,0.9199,1.13,2.63
2013.10.10 02:43:07.430,0.91977,0.91988,1.88,1.13
2013.10.10 02:43:07.780,0.91977,0.91987,1.50,1.50
2013.10.10 02:43:14.940,0.91974,0.91986,1.50,1.88
2013.10.10 02:43:16.240,0.91973,0.91984,2.25,1.13
2013.10.10 02:43:16.541,0.91969,0.91979,2.25,3.00
2013.10.10 02:43:16.600,0.91968,0.91979,1.50,3.00
2013.10.10 02:43:16.660,0.91968,0.91978,1.50,1.50
2013.10.10 02:43:17.020,0.91966,0.91973,1.50,1.50
2013.10.10 02:43:17.570,0.91967,0.91974,1.50,1.50
2013.10.10 02:43:19.150,0.91965,0.91974,2.63,1.50
2013.10.10 02:43:19.210,0.91965,0.91978,2.63,2.63
2013.10.10 02:43:19.771,0.91968,0.91979,1.50,1.50
2013.10.10 02:43:20.376,0.91968,0.91979,1.50,1.50
2013.10.10 02:43:20.560,0.91969,0.91981,3.00,3.00
2013.10.10 02:43:20.862,0.91976,0.91985,1.88,1.50
2013.10.10 02:43:21.281,0.91978,0.91988,1.88,1.88
2013.10.10 02:43:21.642,0.91984,0.91991,1.50,1.13
2013.10.10 02:43:22.151,0.91984,0.91991,1.50,1.50
2013.10.10 02:43:22.502,0.91984,0.91991,1.50,1.13
2013.10.10 02:43:22.800,0.91984,0.91996,1.50,2.25
2013.10.10 02:43:25.400,0.91984,0.91996,1.50,2.25
2013.10.10 02:43:25.460,0.91985,0.91996,1.50,1.13
2013.10.10 02:43:26.031,0.91986,0.91996,1.50,1.13
2013.10.10 02:43:30.470,0.91985,0.91996,2.25,1.50
2013.10.10 02:43:30.853,0.91983,0.91993,1.13,1.50
2013.10.10 02:43:31.084,0.91982,0.91993,1.13,1.50
2013.10.10 02:43:31.903,0.91981,0.91991,1.13,1.13
2013.10.10 02:43:32.090,0.91977,0.91989,2.63,1.50
2013.10.10 02:43:32.224,0.91977,0.91989,2.63,1.50
2013.10.10 02:43:32.290,0.91977,0.91989,2.25,1.50
2013.10.10 02:43:34.292,0.91977,0.91988,2.25,1.50
2013.10.10 02:43:34.366,0.91976,0.91986,1.50,1.50
2013.10.10 02:43:34.431,0.91975,0.91986,1.50,1.50
2013.10.10 02:43:34.670,0.91974,0.91984,2.25,1.13
2013.10.10 02:43:35.210,0.91976,0.91986,1.50,1.13
2013.10.10 02:43:36.470,0.91976,0.91986,1.50,1.13
2013.10.10 02:43:36.531,0.91975,0.91986,3.00,1.13
2013.10.10 02:43:37.170,0.91975,0.91986,1.50,1.88
2013.10.10 02:43:38.660,0.91974,0.91986,2.25,1.88
2013.10.10 02:43:38.900,0.91974,0.91981,1.50,1.13
2013.10.10 02:43:39.081,0.9197,0.91981,1.50,1.13
2013.10.10 02:43:39.202,0.91968,0.9198,1.50,1.13
2013.10.10 02:43:39.262,0.91967,0.9198,2.63,1.13
2013.10.10 02:43:39.381,0.91967,0.91978,1.88,1.13
2013.10.10 02:43:40.122,0.91969,0.91979,1.13,1.50
2013.10.10 02:43:40.724,0.91965,0.91975,1.50,1.13
2013.10.10 02:43:40.791,0.91964,0.91974,1.50,1.88
2013.10.10 02:43:40.911,0.91961,0.91971,1.50,1.13
2013.10.10 02:43:41.478,0.91959,0.9197,1.13,2.63
2013.10.10 02:43:42.020,0.91962,0.9197,1.13,2.25
2013.10.10 02:43:42.200,0.91961,0.9197,1.50,2.25
2013.10.10 02:43:42.381,0.91964,0.91974,1.50,1.50
2013.10.10 02:43:42.440,0.91963,0.91974,1.50,1.88
2013.10.10 02:43:42.680,0.91962,0.91972,1.13,1.88
2013.10.10 02:43:42.740,0.91962,0.91972,1.13,1.88
2013.10.10 02:43:43.657,0.91962,0.91972,1.13,1.88
2013.10.10 02:43:43.901,0.91962,0.91974,4.13,1.13
2013.10.10 02:43:44.080,0.91962,0.91972,1.88,1.13
2013.10.10 02:43:44.644,0.91961,0.91972,1.13,3.00
2013.10.10 02:43:48.151,0.91961,0.91972,1.13,1.88
2013.10.10 02:43:48.330,0.91965,0.91975,1.13,1.88
2013.10.10 02:43:48.390,0.91964,0.91975,1.88,1.13
2013.10.10 02:43:48.510,0.91964,0.91974,1.88,1.13
2013.10.10 02:43:48.871,0.9196,0.9197,1.50,1.50
2013.10.10 02:43:49.170,0.91961,0.91971,1.13,1.50
2013.10.10 02:43:50.840,0.91961,0.91971,1.13,1.50
2013.10.10 02:43:51.491,0.91963,0.91975,1.50,2.33
2013.10.10 02:43:51.550,0.91963,0.91975,1.88,2.33
2013.10.10 02:43:51.670,0.91963,0.91975,1.50,2.33
2013.10.10 02:43:52.241,0.91963,0.91975,1.88,3.08
2013.10.10 02:43:52.681,0.91964,0.91975,1.13,2.70
2013.10.10 02:43:52.921,0.91965,0.91977,1.88,1.63
2013.10.10 02:43:52.982,0.91965,0.91974,1.50,1.26
2013.10.10 02:43:54.911,0.91964,0.91974,1.13,1.50
2013.10.10 02:43:55.030,0.91965,0.91977,2.25,1.50
2013.10.10 02:43:55.090,0.91969,0.91978,1.13,1.50
2013.10.10 02:43:55.600,0.91971,0.9198,1.13,1.65
2013.10.10 02:43:55.720,0.91971,0.9198,1.13,1.65
2013.10.10 02:43:56.371,0.91971,0.9198,1.13,1.65
2013.10.10 02:43:57.280,0.91971,0.91979,1.13,1.50
2013.10.10 02:43:58.140,0.91971,0.91979,1.13,1.50
2013.10.10 02:44:01.232,0.91969,0.91979,1.13,1.88
2013.10.10 02:44:01.859,0.91969,0.91979,1.13,1.50
2013.10.10 02:44:02.400,0.91969,0.91979,1.13,1.50
2013.10.10 02:44:03.420,0.91969,0.91979,1.13,1.50
2013.10.10 02:44:03.980,0.9197,0.91979,1.13,2.25
2013.10.10 02:44:04.540,0.91971,0.91979,1.13,2.25
2013.10.10 02:44:07.923,0.91971,0.91979,1.13,2.25
2013.10.10 02:44:09.061,0.91968,0.91979,1.13,2.63
2013.10.10 02:44:09.721,0.91968,0.91979,1.88,2.63
2013.10.10 02:44:12.010,0.91968,0.91979,2.25,2.25
2013.10.10 02:44:12.541,0.91972,0.91979,1.13,2.25
2013.10.10 02:44:14.210,0.91971,0.91979,1.13,2.25
2013.10.10 02:44:14.730,0.91971,0.91979,1.13,2.25
2013.10.10 02:44:17.353,0.9197,0.91979,1.13,1.50
2013.10.10 02:44:18.961,0.91971,0.9198,1.13,1.50
2013.10.10 02:44:22.452,0.91971,0.91981,2.25,1.28
2013.10.10 02:44:24.690,0.91971,0.91982,1.13,2.40
2013.10.10 02:44:24.810,0.91971,0.91981,1.13,1.28
2013.10.10 02:44:27.640,0.91971,0.91981,1.13,2.03
2013.10.10 02:44:28.180,0.91971,0.91981,1.13,1.88
2013.10.10 02:44:29.933,0.91971,0.91981,1.50,1.88
2013.10.10 02:44:30.290,0.91977,0.91985,1.88,1.50
2013.10.10 02:44:30.351,0.91977,0.91988,1.88,1.13
2013.10.10 02:44:30.911,0.91977,0.91987,1.13,1.13
2013.10.10 02:44:31.456,0.91976,0.91987,1.13,1.13
2013.10.10 02:44:33.473,0.91977,0.91988,1.88,1.13
2013.10.10 02:44:34.550,0.91978,0.91988,1.13,1.13
2013.10.10 02:44:36.114,0.9198,0.91988,1.13,1.13
2013.10.10 02:44:36.294,0.91987,0.91997,1.13,1.50
2013.10.10 02:44:36.480,0.91985,0.91997,1.50,1.88
2013.10.10 02:44:36.601,0.91985,0.91996,1.88,1.50
2013.10.10 02:44:36.720,0.91985,0.91996,1.88,1.88
2013.10.10 02:44:36.903,0.91985,0.91996,1.50,1.50
2013.10.10 02:44:37.140,0.91985,0.91996,1.50,1.50
2013.10.10 02:44:37.563,0.91984,0.91994,1.13,1.13
2013.10.10 02:44:37.990,0.91985,0.91995,1.13,1.50
2013.10.10 02:44:38.050,0.91985,0.91996,1.88,1.88
2013.10.10 02:44:38.981,0.91985,0.91996,1.13,1.13
2013.10.10 02:44:41.180,0.91987,0.91996,1.13,1.13
2013.10.10 02:44:41.540,0.91987,0.91999,1.88,1.88
2013.10.10 02:44:41.911,0.91986,0.91999,2.25,1.88
2013.10.10 02:44:42.450,0.91984,0.91996,1.50,1.88
2013.10.10 02:44:42.511,0.91984,0.91994,1.50,1.50
2013.10.10 02:44:42.571,0.91983,0.91993,1.50,1.50
2013.10.10 02:44:42.750,0.91981,0.91993,1.13,3.00
2013.10.10 02:44:42.810,0.91981,0.91992,1.13,1.13
2013.10.10 02:44:43.050,0.91978,0.9199,2.63,3.00
2013.10.10 02:44:43.472,0.91978,0.9199,1.88,3.00
2013.10.10 02:44:43.544,0.91977,0.91987,2.25,1.88
2013.10.10 02:44:44.090,0.91978,0.91987,1.50,1.88
2013.10.10 02:44:44.814,0.91978,0.91987,1.50,1.88
2013.10.10 02:44:45.131,0.9198,0.91988,1.13,2.63
2013.10.10 02:44:45.430,0.9198,0.91989,1.13,1.50
2013.10.10 02:44:45.970,0.91983,0.9199,1.13,1.50
2013.10.10 02:44:46.211,0.91983,0.91991,1.13,2.25
2013.10.10 02:44:50.609,0.91983,0.91991,1.13,2.25
2013.10.10 02:44:53.990,0.91983,0.91992,1.13,1.13
2013.10.10 02:44:54.171,0.91983,0.91993,1.13,1.13
2013.10.10 02:44:54.710,0.91985,0.91994,1.13,1.50
2013.10.10 02:44:56.160,0.91983,0.91994,1.50,1.50
2013.10.10 02:44:56.496,0.91983,0.91993,1.50,1.50
2013.10.10 02:45:01.030,0.91981,0.91991,1.88,1.13
2013.10.10 02:45:01.151,0.91982,0.91992,1.50,1.50
2013.10.10 02:45:01.451,0.91987,0.91997,1.50,1.50
2013.10.10 02:45:01.512,0.91987,0.91997,1.50,1.50
2013.10.10 02:45:02.009,0.91987,0.92,3.00,1.13
2013.10.10 02:45:02.350,0.91988,0.92,1.50,1.13
2013.10.10 02:45:02.531,0.91992,0.92004,3.00,1.88
2013.10.10 02:45:02.650,0.91994,0.92007,1.13,2.63
2013.10.10 02:45:03.010,0.91998,0.92007,1.88,1.50
2013.10.10 02:45:03.131,0.91998,0.92009,1.88,1.50
2013.10.10 02:45:03.310,0.91998,0.92009,1.88,4.13
2013.10.10 02:45:03.670,0.91995,0.92004,1.13,1.50
2013.10.10 02:45:04.251,0.91998,0.92006,1.13,1.50
2013.10.10 02:45:04.371,0.91993,0.92005,2.25,1.50
2013.10.10 02:45:04.430,0.91994,0.92006,1.50,1.50
2013.10.10 02:45:04.971,0.91996,0.92006,1.13,3.38
2013.10.10 02:45:05.091,0.91995,0.92005,1.50,1.56
2013.10.10 02:45:05.152,0.91995,0.92005,1.50,3.00
2013.10.10 02:45:05.633,0.91991,0.92004,1.88,2.25
2013.10.10 02:45:06.191,0.91991,0.92004,2.63,3.00
2013.10.10 02:45:06.251,0.91991,0.92004,1.88,3.75
2013.10.10 02:45:06.642,0.91991,0.92002,1.50,1.13
2013.10.10 02:45:07.703,0.91991,0.92002,1.50,1.13
2013.10.10 02:45:08.441,0.91987,0.91999,1.88,2.63
2013.10.10 02:45:08.741,0.91987,0.91997,1.50,1.13
2013.10.10 02:45:09.041,0.91984,0.91995,1.13,1.13
2013.10.10 02:45:09.162,0.91984,0.91997,1.50,3.75
2013.10.10 02:45:09.282,0.91983,0.91995,1.50,1.13
2013.10.10 02:45:09.831,0.91982,0.91994,1.50,1.50
2013.10.10 02:45:10.361,0.91981,0.91992,1.50,1.88
2013.10.10 02:45:11.985,0.91981,0.91991,1.50,1.88
2013.10.10 02:45:12.117,0.91978,0.9199,1.50,1.50
2013.10.10 02:45:12.185,0.91977,0.91987,1.50,1.13
2013.10.10 02:45:12.431,0.91974,0.91983,1.13,1.13
2013.10.10 02:45:12.551,0.91974,0.91984,1.50,1.13
2013.10.10 02:45:16.011,0.91976,0.91988,1.88,1.88
2013.10.10 02:45:16.130,0.91976,0.91986,1.13,1.13
2013.10.10 02:45:16.550,0.91978,0.91988,1.13,1.88
2013.10.10 02:45:18.050,0.91978,0.91989,1.88,1.13
2013.10.10 02:45:18.630,0.91978,0.91989,1.50,1.13
2013.10.10 02:45:20.423,0.91977,0.91986,1.13,1.50
2013.10.10 02:45:20.484,0.91974,0.91984,1.50,1.13
2013.10.10 02:45:20.791,0.91972,0.91981,1.88,2.25
2013.10.10 02:45:20.850,0.91972,0.91982,2.63,1.13
2013.10.10 02:45:20.911,0.91974,0.91983,1.50,1.88
2013.10.10 02:45:20.973,0.91974,0.91983,1.50,1.13
2013.10.10 02:45:21.091,0.91975,0.91987,1.88,2.63
2013.10.10 02:45:21.150,0.91974,0.91985,1.50,1.13
2013.10.10 02:45:23.770,0.91973,0.91984,1.13,2.63
2013.10.10 02:45:24.330,0.91972,0.91983,1.13,1.13
2013.10.10 02:45:24.450,0.91973,0.91985,1.50,1.13
2013.10.10 02:45:24.577,0.91974,0.91986,1.50,1.88
2013.10.10 02:45:24.701,0.91974,0.91986,1.50,2.25
2013.10.10 02:45:25.231,0.91974,0.91986,1.50,1.50
2013.10.10 02:45:25.640,0.91974,0.91984,1.50,1.13
2013.10.10 02:45:26.683,0.91974,0.91985,1.50,1.13
2013.10.10 02:45:28.443,0.91974,0.91984,1.50,1.13
2013.10.10 02:45:29.271,0.91972,0.91983,1.13,1.88
2013.10.10 02:45:33.210,0.91971,0.91983,1.88,1.50
2013.10.10 02:45:34.031,0.91971,0.91983,1.50,1.50
2013.10.10 02:45:34.582,0.9197,0.91982,1.50,1.13
2013.10.10 02:45:35.130,0.9197,0.91979,1.88,1.13
2013.10.10 02:45:36.702,0.9197,0.91979,1.88,1.88
2013.10.10 02:45:36.824,0.91966,0.91975,1.35,1.88
2013.10.10 02:45:36.892,0.91965,0.91975,1.50,1.88
2013.10.10 02:45:36.951,0.91963,0.91974,1.13,1.50
2013.10.10 02:45:37.501,0.91962,0.91972,1.13,1.13
2013.10.10 02:45:37.801,0.91963,0.91975,1.13,1.88
2013.10.10 02:45:37.922,0.91963,0.91975,1.13,1.88
2013.10.10 02:45:39.591,0.91965,0.91976,1.13,1.88
2013.10.10 02:45:39.911,0.91961,0.91973,1.50,1.88
2013.10.10 02:45:39.973,0.91961,0.91973,1.50,1.88
2013.10.10 02:45:40.331,0.9196,0.91971,1.50,1.13
2013.10.10 02:45:40.750,0.9196,0.91972,2.63,1.50
2013.10.10 02:45:41.271,0.91962,0.91972,2.25,1.13
2013.10.10 02:45:41.391,0.91965,0.91977,1.50,1.13
2013.10.10 02:45:41.511,0.91965,0.91977,2.63,1.13
2013.10.10 02:45:42.101,0.91966,0.91977,1.13,1.13
2013.10.10 02:45:43.322,0.91966,0.91977,1.13,1.13
2013.10.10 02:45:43.885,0.91967,0.91977,1.13,1.13
2013.10.10 02:45:45.820,0.91965,0.91977,2.63,1.13
2013.10.10 02:45:47.891,0.91965,0.91974,1.13,3.75
2013.10.10 02:45:48.071,0.91959,0.91968,1.13,1.13
2013.10.10 02:45:48.131,0.91957,0.91968,1.13,1.13
2013.10.10 02:45:48.371,0.91956,0.91968,1.88,1.13
2013.10.10 02:45:49.480,0.91957,0.91968,1.50,1.13
2013.10.10 02:45:50.023,0.91957,0.91968,1.50,1.13
2013.10.10 02:45:50.311,0.91959,0.91969,1.13,1.88
2013.10.10 02:45:50.407,0.91959,0.91968,1.13,1.50
2013.10.10 02:45:50.890,0.91956,0.91964,1.13,1.50
2013.10.10 02:45:51.431,0.91956,0.91966,1.50,1.13
2013.10.10 02:45:52.230,0.91953,0.91966,2.25,1.88
2013.10.10 02:45:52.530,0.91953,0.91966,1.88,1.88
2013.10.10 02:45:52.960,0.91954,0.91964,1.13,1.13
2013.10.10 02:45:53.021,0.91953,0.91964,2.25,4.13
2013.10.10 02:45:53.321,0.91951,0.91961,1.13,1.13
2013.10.10 02:45:54.213,0.91949,0.91961,1.88,1.13
2013.10.10 02:45:54.641,0.91945,0.91957,2.25,1.50
2013.10.10 02:45:54.833,0.91946,0.91958,1.13,2.25
2013.10.10 02:45:54.952,0.91946,0.91954,1.13,1.13
2013.10.10 02:45:55.131,0.9194,0.91952,1.50,1.13
2013.10.10 02:45:55.641,0.91941,0.91953,2.63,1.13
2013.10.10 02:45:55.820,0.91942,0.91953,1.50,1.50
2013.10.10 02:45:55.942,0.91941,0.91953,2.25,1.50
2013.10.10 02:45:56.480,0.91941,0.91953,2.25,1.13
2013.10.10 02:45:56.600,0.91938,0.91949,2.25,1.50
2013.10.10 02:45:57.162,0.91938,0.9195,2.25,1.50
2013.10.10 02:45:57.631,0.91938,0.91946,1.50,1.13
2013.10.10 02:45:57.691,0.91938,0.91948,1.50,1.50
2013.10.10 02:45:58.172,0.91938,0.91949,1.50,1.50
2013.10.10 02:45:58.472,0.91938,0.91949,3.38,1.13
2013.10.10 02:45:59.154,0.91942,0.91951,1.50,1.13
2013.10.10 02:45:59.403,0.91942,0.91951,1.50,1.13
2013.10.10 02:45:59.935,0.91942,0.91951,1.50,1.13
2013.10.10 02:46:00.470,0.91942,0.91955,2.25,2.25
2013.10.10 02:46:00.591,0.91946,0.91954,1.50,1.13
2013.10.10 02:46:00.651,0.91945,0.91954,1.50,1.13
2013.10.10 02:46:00.890,0.91949,0.91957,2.25,1.13
2013.10.10 02:46:01.380,0.9195,0.91962,1.50,1.50
2013.10.10 02:46:01.440,0.91951,0.91962,1.50,1.50
2013.10.10 02:46:02.430,0.91948,0.91959,2.25,1.13
2013.10.10 02:46:02.550,0.91946,0.91957,1.35,1.13
2013.10.10 02:46:02.791,0.91944,0.91953,1.13,1.13
2013.10.10 02:46:03.210,0.91942,0.91953,1.50,1.13
2013.10.10 02:46:03.511,0.91945,0.91953,1.35,1.13
2013.10.10 02:46:04.021,0.91945,0.91956,1.35,1.13
2013.10.10 02:46:04.772,0.91946,0.91955,1.35,1.13
2013.10.10 02:46:05.210,0.91946,0.91955,3.23,1.13
2013.10.10 02:46:05.762,0.91948,0.91959,1.50,2.25
2013.10.10 02:46:05.821,0.91948,0.91959,1.50,1.88
2013.10.10 02:46:06.072,0.91939,0.91947,1.50,1.13
2013.10.10 02:46:06.132,0.91936,0.91947,2.25,1.13
2013.10.10 02:46:06.476,0.91936,0.91947,1.88,1.13
2013.10.10 02:46:06.792,0.91946,0.91953,1.35,1.13
2013.10.10 02:46:07.331,0.91946,0.91958,1.35,2.63
2013.10.10 02:46:08.020,0.91946,0.91958,1.35,3.00
2013.10.10 02:46:08.491,0.91946,0.91958,1.35,2.25
2013.10.10 02:46:10.543,0.91946,0.91958,1.35,2.25
2013.10.10 02:46:11.771,0.91946,0.91958,1.35,1.88
2013.10.10 02:46:13.791,0.91948,0.91958,1.35,1.50
2013.10.10 02:46:13.910,0.91949,0.9196,1.35,3.00
2013.10.10 02:46:14.090,0.9195,0.9196,1.50,1.50
2013.10.10 02:46:14.330,0.91949,0.9196,1.35,1.50
2013.10.10 02:46:14.451,0.91948,0.9196,1.35,2.25
2013.10.10 02:46:14.990,0.91948,0.9196,1.35,1.13
2013.10.10 02:46:16.490,0.91949,0.91962,2.10,3.00
2013.10.10 02:46:16.971,0.91951,0.91962,1.50,1.50
2013.10.10 02:46:17.091,0.91956,0.91965,1.50,1.13
2013.10.10 02:46:17.151,0.91957,0.91966,1.50,1.13
2013.10.10 02:46:17.630,0.91954,0.91967,1.50,1.13
2013.10.10 02:46:18.091,0.91953,0.91965,1.13,1.88
2013.10.10 02:46:18.210,0.91953,0.91967,3.38,3.75
2013.10.10 02:46:18.270,0.91956,0.91967,1.50,2.25
2013.10.10 02:46:18.510,0.91957,0.9197,2.25,1.13
2013.10.10 02:46:18.811,0.91957,0.91969,1.50,1.50
2013.10.10 02:46:19.170,0.91965,0.91974,1.13,2.25
2013.10.10 02:46:19.230,0.91963,0.91974,1.50,2.25
2013.10.10 02:46:19.289,0.91969,0.91977,1.50,1.50
2013.10.10 02:46:19.350,0.91975,0.9198,1.50,1.50
2013.10.10 02:46:19.470,0.91977,0.91985,1.13,1.50
2013.10.10 02:46:19.589,0.91977,0.91989,1.88,1.50
2013.10.10 02:46:20.451,0.91978,0.9199,1.88,1.50
2013.10.10 02:46:21.011,0.91978,0.9199,1.88,1.50
2013.10.10 02:46:21.250,0.91978,0.91989,1.13,1.50
2013.10.10 02:46:21.791,0.91978,0.91988,1.13,2.63
2013.10.10 02:46:22.375,0.91977,0.91988,1.13,2.63
2013.10.10 02:46:22.891,0.91977,0.91986,1.13,1.50
2013.10.10 02:46:23.010,0.91977,0.91988,1.13,2.63
2013.10.10 02:46:23.531,0.91976,0.91988,1.73,2.63
2013.10.10 02:46:23.720,0.91976,0.91987,1.35,1.13
2013.10.10 02:46:23.960,0.91975,0.91985,1.50,1.13
2013.10.10 02:46:24.531,0.91974,0.91986,1.50,1.13
2013.10.10 02:46:27.359,0.91974,0.91986,3.23,1.13
2013.10.10 02:46:30.090,0.91974,0.91985,1.50,2.63
2013.10.10 02:46:30.270,0.91972,0.91982,1.35,1.50
2013.10.10 02:46:30.331,0.9197,0.91982,1.50,1.50
2013.10.10 02:46:31.601,0.9197,0.91982,2.10,2.25
2013.10.10 02:46:33.822,0.91971,0.91979,1.35,1.13
2013.10.10 02:46:34.206,0.91964,0.91977,2.63,1.50
2013.10.10 02:46:34.271,0.91964,0.91975,1.50,1.13
2013.10.10 02:46:34.572,0.91963,0.91974,1.50,1.50
2013.10.10 02:46:35.050,0.91963,0.91972,1.50,1.13
2013.10.10 02:46:35.231,0.91959,0.9197,1.13,1.13
2013.10.10 02:46:35.857,0.9196,0.91972,1.50,2.63
2013.10.10 02:46:37.701,0.91959,0.91969,3.23,1.13
2013.10.10 02:46:37.761,0.91959,0.91969,2.25,1.50
2013.10.10 02:46:37.830,0.91955,0.91967,3.00,1.88
2013.10.10 02:46:37.891,0.91954,0.91967,1.50,1.88
2013.10.10 02:46:38.543,0.91954,0.91967,1.50,1.88
2013.10.10 02:46:42.633,0.91952,0.91964,1.88,2.63
2013.10.10 02:46:42.692,0.9195,0.91961,1.88,1.13
2013.10.10 02:46:42.751,0.9195,0.91961,1.88,1.13
2013.10.10 02:46:42.930,0.9195,0.91961,1.88,1.13
2013.10.10 02:46:43.240,0.91952,0.91964,1.50,2.25
2013.10.10 02:46:43.891,0.91952,0.91964,1.50,2.25
2013.10.10 02:46:44.131,0.91952,0.91964,2.25,1.50
2013.10.10 02:46:44.550,0.91954,0.91966,1.50,2.25
2013.10.10 02:46:46.016,0.91954,0.91966,2.25,2.25
2013.10.10 02:46:46.142,0.91956,0.91966,1.50,1.13
2013.10.10 02:46:54.494,0.91957,0.91968,1.50,1.50
2013.10.10 02:46:54.931,0.91957,0.91968,3.75,1.50
2013.10.10 02:46:55.483,0.91959,0.9197,1.50,1.50
2013.10.10 02:46:55.611,0.91958,0.9197,1.50,2.25
2013.10.10 02:46:58.601,0.91957,0.91969,1.50,1.13
2013.10.10 02:46:58.961,0.91955,0.91964,1.50,1.50
2013.10.10 02:46:59.311,0.91952,0.91964,1.50,1.50
2013.10.10 02:46:59.570,0.91952,0.91964,1.50,1.88
2013.10.10 02:46:59.873,0.9195,0.91957,2.25,1.13
2013.10.10 02:47:00.000,0.91942,0.91955,2.25,3.00
2013.10.10 02:47:01.341,0.91942,0.91955,2.25,3.00
2013.10.10 02:47:01.641,0.91941,0.91953,1.50,1.13
2013.10.10 02:47:01.761,0.9194,0.9195,3.00,1.13
2013.10.10 02:47:01.940,0.91943,0.91954,1.50,2.25
2013.10.10 02:47:02.180,0.91942,0.91954,2.25,2.25
2013.10.10 02:47:02.240,0.91945,0.91956,1.50,1.50
2013.10.10 02:47:02.600,0.91947,0.91957,1.50,1.50
2013.10.10 02:47:03.142,0.91947,0.91956,1.50,1.50
2013.10.10 02:47:04.200,0.91947,0.9196,1.88,2.63
2013.10.10 02:47:05.251,0.91946,0.91958,2.63,1.50
2013.10.10 02:47:05.760,0.91946,0.91958,1.88,1.50
2013.10.10 02:47:08.621,0.91945,0.91956,1.35,3.00
2013.10.10 02:47:08.741,0.91941,0.91953,2.63,1.50
2013.10.10 02:47:08.861,0.91941,0.91951,1.88,1.13
2013.10.10 02:47:09.161,0.91939,0.91951,1.88,1.13
2013.10.10 02:47:09.221,0.91939,0.9195,1.13,1.50
2013.10.10 02:47:09.640,0.91937,0.91949,1.88,1.13
2013.10.10 02:47:10.171,0.91937,0.91949,1.88,1.50
2013.10.10 02:47:10.350,0.91937,0.91948,1.13,1.50
2013.10.10 02:47:11.018,0.91936,0.91947,2.10,1.13
2013.10.10 02:47:11.852,0.91936,0.91947,1.50,1.13
2013.10.10 02:47:12.091,0.91934,0.91945,2.25,1.13
2013.10.10 02:47:12.470,0.91934,0.91946,2.85,1.50
2013.10.10 02:47:13.781,0.91934,0.91946,2.25,1.50
2013.10.10 02:47:14.150,0.91934,0.91947,3.00,1.13
2013.10.10 02:47:15.561,0.91936,0.91948,1.50,1.13
2013.10.10 02:47:15.954,0.91937,0.91948,1.50,1.13
2013.10.10 02:47:17.030,0.91936,0.91948,2.85,1.13
2013.10.10 02:47:17.541,0.91936,0.91947,2.10,1.13
2013.10.10 02:47:17.601,0.91936,0.91947,2.10,1.13
2013.10.10 02:47:17.902,0.91939,0.91949,1.50,1.50
2013.10.10 02:47:18.221,0.91942,0.91951,1.50,1.50
2013.10.10 02:47:18.351,0.91942,0.91951,1.50,1.50
2013.10.10 02:47:19.062,0.91943,0.91953,1.13,1.88
2013.10.10 02:47:19.121,0.91944,0.91953,1.88,1.88
2013.10.10 02:47:19.362,0.91948,0.91959,1.13,3.00
2013.10.10 02:47:19.901,0.9195,0.91959,1.13,2.25
2013.10.10 02:47:20.535,0.91948,0.91959,1.13,2.25
2013.10.10 02:47:21.084,0.91948,0.91959,1.13,1.50
2013.10.10 02:47:23.112,0.91948,0.91959,1.13,1.13
2013.10.10 02:47:23.661,0.91949,0.9196,1.73,1.88
2013.10.10 02:47:25.989,0.91947,0.91959,2.10,1.88
2013.10.10 02:47:26.111,0.91946,0.91956,1.50,1.50
2013.10.10 02:47:26.651,0.91945,0.91954,1.13,1.50
2013.10.10 02:47:27.182,0.91943,0.91954,1.13,2.25
2013.10.10 02:47:29.153,0.91942,0.91954,3.23,2.25
2013.10.10 02:47:30.342,0.91944,0.91956,1.50,2.63
2013.10.10 02:47:30.821,0.91945,0.91956,2.85,1.13
2013.10.10 02:47:31.441,0.91945,0.91956,2.10,1.13
2013.10.10 02:47:31.801,0.91946,0.91957,1.13,1.50
2013.10.10 02:47:31.981,0.91946,0.91958,1.88,1.50
2013.10.10 02:47:32.041,0.91949,0.91959,1.13,1.50
2013.10.10 02:47:32.566,0.91944,0.91953,1.88,3.00
2013.10.10 02:47:32.991,0.91944,0.9195,1.13,1.50
2013.10.10 02:47:33.503,0.91944,0.9195,1.13,2.63
2013.10.10 02:47:33.562,0.91939,0.91947,1.13,1.50
2013.10.10 02:47:33.621,0.91937,0.91945,1.13,1.88
2013.10.10 02:47:33.801,0.91935,0.91944,1.50,1.88
2013.10.10 02:47:34.340,0.91935,0.91948,1.50,2.25
2013.10.10 02:47:34.521,0.91938,0.91948,1.50,1.50
2013.10.10 02:47:36.301,0.91939,0.91949,2.10,1.13
2013.10.10 02:47:36.816,0.9194,0.91949,2.10,1.13
2013.10.10 02:47:38.016,0.9194,0.91947,1.50,1.88
2013.10.10 02:47:38.323,0.91938,0.91946,1.50,1.13
2013.10.10 02:47:38.442,0.91938,0.91946,1.50,1.50
2013.10.10 02:47:38.505,0.91938,0.91946,3.00,1.13
2013.10.10 02:47:38.811,0.91941,0.91948,1.50,1.88
2013.10.10 02:47:38.991,0.91946,0.91953,1.50,1.88
2013.10.10 02:47:39.291,0.91945,0.91952,1.50,1.13
2013.10.10 02:47:39.530,0.91944,0.91953,1.50,1.50
2013.10.10 02:47:39.650,0.91944,0.91953,3.00,1.13
2013.10.10 02:47:39.838,0.91946,0.91953,1.50,1.50
2013.10.10 02:47:40.440,0.91946,0.91953,1.50,1.13
2013.10.10 02:47:41.682,0.91946,0.91954,1.35,1.50
2013.10.10 02:47:42.993,0.91946,0.91954,2.10,1.50
2013.10.10 02:47:43.371,0.91947,0.91955,2.25,1.13
2013.10.10 02:47:43.891,0.91949,0.91957,1.50,1.50
2013.10.10 02:47:45.100,0.91948,0.91958,1.50,1.50
2013.10.10 02:47:45.638,0.91949,0.91958,1.50,1.50
2013.10.10 02:47:46.411,0.91947,0.91957,1.50,1.50
2013.10.10 02:47:46.471,0.91946,0.91955,1.50,1.13
2013.10.10 02:47:46.531,0.91943,0.91952,2.63,2.25
2013.10.10 02:47:46.591,0.91943,0.9195,1.13,1.50
2013.10.10 02:47:47.071,0.91946,0.91954,1.88,1.50
2013.10.10 02:47:47.191,0.91948,0.91954,1.13,1.50
2013.10.10 02:47:47.311,0.91947,0.91956,1.88,1.50
2013.10.10 02:47:47.832,0.91946,0.91955,1.88,1.50
2013.10.10 02:47:48.168,0.91946,0.91955,1.88,1.50
2013.10.10 02:47:48.470,0.91946,0.91957,1.88,2.25
2013.10.10 02:47:48.980,0.91946,0.91959,2.63,3.38
2013.10.10 02:47:49.161,0.91946,0.91958,1.88,1.13
2013.10.10 02:47:49.462,0.91947,0.91956,1.13,1.50
2013.10.10 02:47:49.581,0.91947,0.91959,1.88,3.38
2013.10.10 02:47:50.290,0.91948,0.91959,1.13,1.13
2013.10.10 02:47:52.453,0.91948,0.91958,1.13,1.13
2013.10.10 02:47:52.571,0.91947,0.91958,1.35,1.50
2013.10.10 02:47:52.691,0.91947,0.91957,1.73,1.50
2013.10.10 02:47:52.870,0.91947,0.91959,2.48,1.13
2013.10.10 02:47:54.651,0.91947,0.91959,1.73,1.88
2013.10.10 02:47:54.711,0.91947,0.91959,1.73,2.63
2013.10.10 02:47:55.251,0.91947,0.91959,2.48,2.25
2013.10.10 02:47:55.790,0.91947,0.91959,2.48,2.25
2013.10.10 02:47:56.162,0.91947,0.91958,1.73,1.50
2013.10.10 02:47:56.520,0.91943,0.91954,1.50,1.13
2013.10.10 02:47:56.640,0.91941,0.91951,1.50,1.50
2013.10.10 02:47:56.881,0.91937,0.91949,2.25,1.50
2013.10.10 02:47:57.571,0.91937,0.91948,1.50,1.50
2013.10.10 02:47:58.091,0.91938,0.91948,1.50,1.50
2013.10.10 02:47:59.151,0.91938,0.91947,1.50,3.00
2013.10.10 02:47:59.333,0.91935,0.91946,1.50,1.13
2013.10.10 02:47:59.512,0.91934,0.91946,1.13,1.88
2013.10.10 02:47:59.811,0.91935,0.91948,4.35,2.63
2013.10.10 02:48:00.113,0.91939,0.91949,1.50,1.88
2013.10.10 02:48:00.173,0.91939,0.91949,1.50,1.50
2013.10.10 02:48:00.411,0.91939,0.91949,1.50,1.13
2013.10.10 02:48:00.941,0.91938,0.91947,1.35,2.63
2013.10.10 02:48:01.121,0.91938,0.91947,1.35,1.88
2013.10.10 02:48:01.422,0.91936,0.91947,1.88,1.50
2013.10.10 02:48:01.901,0.91939,0.9195,1.88,1.13
2013.10.10 02:48:02.380,0.91941,0.91951,1.13,1.88
2013.10.10 02:48:02.681,0.91945,0.91953,1.13,1.13
2013.10.10 02:48:02.860,0.91945,0.91954,1.88,1.13
2013.10.10 02:48:03.180,0.91945,0.91956,1.88,1.13
2013.10.10 02:48:04.962,0.91945,0.91957,1.88,2.25
2013.10.10 02:48:05.537,0.91945,0.91957,1.88,2.25
2013.10.10 02:48:09.021,0.91945,0.91956,1.88,1.13
2013.10.10 02:48:09.081,0.91947,0.91956,1.13,1.13
2013.10.10 02:48:09.597,0.91947,0.91957,1.88,1.50
2013.10.10 02:48:09.661,0.91947,0.91957,1.88,1.50
2013.10.10 02:48:13.141,0.91946,0.91957,1.13,1.50
2013.10.10 02:48:13.582,0.91946,0.91957,1.13,1.50
2013.10.10 02:48:14.701,0.91945,0.91957,2.63,1.50
2013.10.10 02:48:16.712,0.91947,0.91957,1.13,1.50
2013.10.10 02:48:18.641,0.91948,0.91957,1.50,1.50
2013.10.10 02:48:18.942,0.91947,0.91957,2.10,1.50
2013.10.10 02:48:19.123,0.91947,0.91957,1.35,2.25
2013.10.10 02:48:19.363,0.91946,0.91958,1.50,1.13
2013.10.10 02:48:19.720,0.91946,0.91954,1.50,1.50
2013.10.10 02:48:20.280,0.91944,0.91956,2.25,1.50
2013.10.10 02:48:20.711,0.91944,0.91956,1.50,1.50
2013.10.10 02:48:20.890,0.91942,0.91954,1.50,1.50
2013.10.10 02:48:22.404,0.91942,0.91954,1.88,2.25
2013.10.10 02:48:22.522,0.91943,0.91954,3.38,1.50
2013.10.10 02:48:22.881,0.91946,0.91957,1.50,1.50
2013.10.10 02:48:23.571,0.91946,0.91957,1.50,1.50
2013.10.10 02:48:23.633,0.91947,0.91958,1.13,1.50
2013.10.10 02:48:23.930,0.91947,0.91959,1.88,1.50
2013.10.10 02:48:24.262,0.91949,0.91959,1.13,1.13
2013.10.10 02:48:24.383,0.91951,0.91962,1.13,1.50
2013.10.10 02:48:25.062,0.91952,0.91962,1.13,1.13
2013.10.10 02:48:25.302,0.9195,0.91962,1.13,2.25
2013.10.10 02:48:25.889,0.91949,0.91959,1.73,1.13
2013.10.10 02:48:26.492,0.91949,0.91959,1.73,1.13
2013.10.10 02:48:28.760,0.91948,0.91959,1.13,1.50
2013.10.10 02:48:29.432,0.91947,0.91959,3.23,1.50
2013.10.10 02:48:29.910,0.91948,0.91958,1.35,1.13
2013.10.10 02:48:30.031,0.91948,0.91959,1.73,1.50
2013.10.10 02:48:31.551,0.91948,0.91959,1.73,1.50
2013.10.10 02:48:34.830,0.91948,0.9196,1.73,3.00
2013.10.10 02:48:35.585,0.9195,0.91961,2.48,2.25
2013.10.10 02:48:36.242,0.9195,0.9196,2.48,1.13
2013.10.10 02:48:36.799,0.9195,0.91958,1.35,1.13
2013.10.10 02:48:37.360,0.9195,0.9196,1.35,1.13
2013.10.10 02:48:38.840,0.9195,0.91958,1.35,1.13
2013.10.10 02:48:41.781,0.91948,0.91959,2.10,2.25
2013.10.10 02:48:43.901,0.91948,0.9196,2.48,3.38
2013.10.10 02:48:44.724,0.91949,0.9196,1.73,1.13
2013.10.10 02:48:46.160,0.91951,0.91961,1.73,2.25
2013.10.10 02:48:46.742,0.91952,0.91961,1.13,1.13
2013.10.10 02:48:47.692,0.91951,0.91961,3.23,1.50
2013.10.10 02:48:50.871,0.91951,0.91961,3.23,1.50
2013.10.10 02:48:51.351,0.91952,0.91964,1.13,1.88
2013.10.10 02:48:51.591,0.91953,0.91964,1.13,1.88
2013.10.10 02:48:52.102,0.91953,0.91964,1.13,1.88
2013.10.10 02:48:52.702,0.91953,0.91964,1.88,1.88
2013.10.10 02:48:53.231,0.91953,0.91964,2.63,1.13
2013.10.10 02:48:53.860,0.91953,0.91964,2.63,1.50
2013.10.10 02:48:55.330,0.91953,0.91965,3.38,2.63
2013.10.10 02:48:55.631,0.91959,0.9197,1.13,1.13
2013.10.10 02:48:56.171,0.91965,0.91978,3.38,2.25
2013.10.10 02:48:56.872,0.91966,0.91978,1.13,2.25
2013.10.10 02:48:57.030,0.91966,0.91978,1.13,2.25
2013.10.10 02:48:58.072,0.91966,0.91978,1.73,2.25
2013.10.10 02:48:58.661,0.91966,0.91977,1.73,1.50
2013.10.10 02:48:58.901,0.91964,0.91974,1.13,1.13
2013.10.10 02:48:58.961,0.91963,0.91975,1.88,1.88
2013.10.10 02:48:59.502,0.91966,0.91975,2.10,1.13
2013.10.10 02:49:00.041,0.91966,0.91976,1.35,1.88
2013.10.10 02:49:00.541,0.91966,0.91976,1.35,1.88
2013.10.10 02:49:00.722,0.91966,0.91975,1.35,1.13
2013.10.10 02:49:02.011,0.91965,0.91977,3.98,1.13
2013.10.10 02:49:02.891,0.91965,0.91977,3.98,1.13
2013.10.10 02:49:04.660,0.91965,0.91976,3.23,1.13
2013.10.10 02:49:04.961,0.91964,0.91975,1.13,1.88
2013.10.10 02:49:05.081,0.91964,0.91975,1.73,1.50
2013.10.10 02:49:05.200,0.91964,0.91975,1.73,1.88
2013.10.10 02:49:05.440,0.91965,0.91976,1.50,1.13
2013.10.10 02:49:05.760,0.91965,0.91975,1.88,1.13
2013.10.10 02:49:06.121,0.91964,0.91976,3.60,1.13
2013.10.10 02:49:06.300,0.91965,0.91975,1.50,1.13
2013.10.10 02:49:06.541,0.91964,0.91976,3.98,1.13
2013.10.10 02:49:06.901,0.91965,0.91976,1.50,1.13
2013.10.10 02:49:07.380,0.91961,0.91971,1.88,1.13
2013.10.10 02:49:07.681,0.91963,0.91975,3.98,1.13
2013.10.10 02:49:08.041,0.91965,0.91977,2.85,1.88
2013.10.10 02:49:08.612,0.91966,0.91977,1.50,1.13
2013.10.10 02:49:09.357,0.91966,0.91977,1.50,1.13
2013.10.10 02:49:09.911,0.91968,0.91977,1.13,1.13
2013.10.10 02:49:10.566,0.91968,0.91977,1.88,1.13
2013.10.10 02:49:12.261,0.91968,0.91977,1.50,1.13
2013.10.10 02:49:12.322,0.91968,0.91977,1.50,1.13
2013.10.10 02:49:12.442,0.91965,0.91975,2.63,1.88
2013.10.10 02:49:12.983,0.91965,0.91976,1.13,1.88
2013.10.10 02:49:13.991,0.91964,0.91976,3.38,1.88
2013.10.10 02:49:16.522,0.91964,0.91976,1.50,3.00
2013.10.10 02:49:16.641,0.91964,0.91976,1.50,2.63
2013.10.10 02:49:18.381,0.91964,0.91976,2.25,1.88
2013.10.10 02:49:18.682,0.91961,0.91972,2.25,1.88
2013.10.10 02:49:18.741,0.91961,0.91972,3.00,1.50
2013.10.10 02:49:18.981,0.91962,0.91974,1.88,1.50
2013.10.10 02:49:19.541,0.91962,0.91974,1.88,1.50
2013.10.10 02:49:19.831,0.91962,0.91974,1.88,1.50
2013.10.10 02:49:20.012,0.91961,0.9197,1.88,1.13
2013.10.10 02:49:20.551,0.9196,0.91969,1.50,1.50
2013.10.10 02:49:20.611,0.9196,0.91969,1.50,1.50
2013.10.10 02:49:21.152,0.91959,0.9197,1.50,1.13
2013.10.10 02:49:22.052,0.91959,0.91968,1.13,1.13
2013.10.10 02:49:23.030,0.91959,0.91969,1.13,1.50
2013.10.10 02:49:25.915,0.91957,0.9197,2.25,2.25
2013.10.10 02:49:25.983,0.91962,0.9197,1.13,2.25
2013.10.10 02:49:26.171,0.91962,0.91974,1.13,2.63
2013.10.10 02:49:26.661,0.9196,0.91973,3.00,3.00
2013.10.10 02:49:27.301,0.9196,0.91971,1.88,1.50
2013.10.10 02:49:28.161,0.9196,0.91971,2.63,1.50
2013.10.10 02:49:28.701,0.91962,0.91974,2.63,1.88
2013.10.10 02:49:29.013,0.91963,0.91974,1.13,1.88
2013.10.10 02:49:29.811,0.91964,0.91974,1.13,1.88
2013.10.10 02:49:30.472,0.91964,0.91974,1.13,1.88
2013.10.10 02:49:32.393,0.91962,0.91973,2.48,1.50
2013.10.10 02:49:32.751,0.9196,0.91972,1.50,3.38
2013.10.10 02:49:32.817,0.9196,0.91972,1.50,3.38
2013.10.10 02:49:33.182,0.91959,0.91966,1.13,2.25
2013.10.10 02:49:33.301,0.91952,0.91963,1.50,1.88
2013.10.10 02:49:33.542,0.91952,0.91961,1.13,1.50
2013.10.10 02:49:33.602,0.9195,0.9196,1.13,1.50
2013.10.10 02:49:34.104,0.9195,0.91961,1.88,1.50
2013.10.10 02:49:34.570,0.9195,0.9196,1.13,1.50
2013.10.10 02:49:34.631,0.91948,0.9196,1.88,1.50
2013.10.10 02:49:35.170,0.91948,0.9196,1.88,1.50
2013.10.10 02:49:35.544,0.91948,0.9196,2.48,1.50
2013.10.10 02:49:36.151,0.91951,0.9196,1.35,1.50
2013.10.10 02:49:36.691,0.91949,0.9196,1.13,3.00
2013.10.10 02:49:37.391,0.9195,0.9196,1.13,1.88
2013.10.10 02:49:37.692,0.91952,0.91964,2.63,2.25
2013.10.10 02:49:37.751,0.91952,0.91964,2.63,2.25
2013.10.10 02:49:38.111,0.91953,0.91964,1.88,1.88
2013.10.10 02:49:39.306,0.91955,0.91965,1.13,1.50
2013.10.10 02:49:39.372,0.91957,0.91967,1.88,1.88
2013.10.10 02:49:39.432,0.91958,0.91968,1.13,1.13
2013.10.10 02:49:39.672,0.9196,0.9197,1.13,1.88
2013.10.10 02:49:39.732,0.9196,0.9197,1.13,1.88
2013.10.10 02:49:40.264,0.9196,0.91969,1.13,1.13
2013.10.10 02:49:40.441,0.91958,0.91968,1.13,1.50
2013.10.10 02:49:41.172,0.91957,0.91967,1.13,1.13
2013.10.10 02:49:43.032,0.91957,0.91967,1.13,2.25
2013.10.10 02:49:44.812,0.91957,0.91966,1.13,1.50
2013.10.10 02:49:45.365,0.91957,0.91965,1.13,1.50
2013.10.10 02:49:46.062,0.91957,0.91966,1.13,1.50
2013.10.10 02:49:47.802,0.91957,0.91966,1.13,1.50
2013.10.10 02:49:48.042,0.91952,0.91963,1.13,1.50
2013.10.10 02:49:48.102,0.91952,0.91962,1.13,3.00
2013.10.10 02:49:48.641,0.9195,0.91959,1.13,2.25
2013.10.10 02:49:48.943,0.91945,0.91955,1.13,1.88
2013.10.10 02:49:49.123,0.91947,0.91956,1.13,1.13
2013.10.10 02:49:49.602,0.91947,0.91958,1.88,1.88
2013.10.10 02:49:50.142,0.91944,0.91955,1.50,1.88
2013.10.10 02:49:50.320,0.91944,0.91955,1.50,1.88
2013.10.10 02:49:50.871,0.91944,0.91955,1.50,2.25
2013.10.10 02:49:51.173,0.91944,0.91955,1.50,2.25
2013.10.10 02:49:51.351,0.91944,0.91955,1.50,2.25
2013.10.10 02:49:51.711,0.91942,0.91953,1.50,1.13
2013.10.10 02:49:52.260,0.91942,0.91955,2.25,2.25
2013.10.10 02:49:54.811,0.91941,0.91952,1.50,1.13
2013.10.10 02:49:55.354,0.9194,0.91951,1.88,1.50
2013.10.10 02:49:58.217,0.9194,0.9195,1.50,1.50
2013.10.10 02:49:58.281,0.91937,0.91949,2.63,1.50
2013.10.10 02:49:58.340,0.91937,0.91949,2.25,3.75
2013.10.10 02:49:58.861,0.91937,0.91948,2.25,1.13
2013.10.10 02:49:59.226,0.91931,0.9194,1.13,1.88
2013.10.10 02:49:59.531,0.91932,0.91942,1.13,1.50
2013.10.10 02:50:00.211,0.91932,0.91944,1.88,2.25
2013.10.10 02:50:00.630,0.91935,0.91946,1.50,1.88
2013.10.10 02:50:02.681,0.91933,0.91944,1.88,1.88
2013.10.10 02:50:02.742,0.91932,0.91944,1.50,2.25
2013.10.10 02:50:03.321,0.91932,0.91944,1.88,2.25
2013.10.10 02:50:04.031,0.91932,0.91942,1.88,1.13
2013.10.10 02:50:04.841,0.91932,0.91941,1.13,1.13
2013.10.10 02:50:05.407,0.91931,0.91941,1.13,1.13
2013.10.10 02:50:07.501,0.91929,0.91939,1.13,1.13
2013.10.10 02:50:08.076,0.91929,0.91938,1.13,1.50
2013.10.10 02:50:08.582,0.9193,0.91939,1.13,1.50
2013.10.10 02:50:09.562,0.91929,0.91939,1.13,1.13
2013.10.10 02:50:11.202,0.9193,0.9194,1.13,2.25
2013.10.10 02:50:14.621,0.9193,0.9194,1.13,2.63
2013.10.10 02:50:14.921,0.91928,0.91939,1.13,1.13
2013.10.10 02:50:15.511,0.91927,0.91939,1.88,1.13
2013.10.10 02:50:17.280,0.91928,0.91939,1.13,1.13
2013.10.10 02:50:18.121,0.91929,0.9194,1.50,1.50
2013.10.10 02:50:20.340,0.91928,0.9194,2.48,2.25
2013.10.10 02:50:22.181,0.91928,0.91938,2.48,1.13
2013.10.10 02:50:22.881,0.91928,0.91938,2.48,1.13
2013.10.10 02:50:25.723,0.91928,0.91939,2.48,1.13
2013.10.10 02:50:25.961,0.9193,0.9194,1.13,1.13
2013.10.10 02:50:26.522,0.9193,0.9194,1.13,1.13
2013.10.10 02:50:29.081,0.91931,0.91941,1.88,2.63
2013.10.10 02:50:30.607,0.91933,0.91942,2.25,1.50
2013.10.10 02:50:30.911,0.91936,0.91946,1.88,1.88
2013.10.10 02:50:31.341,0.91936,0.91946,1.13,1.50
2013.10.10 02:50:33.301,0.91936,0.91946,1.13,1.50
2013.10.10 02:50:34.581,0.91938,0.91948,1.13,1.13
2013.10.10 02:50:34.761,0.91938,0.91947,1.13,1.13
2013.10.10 02:50:41.052,0.91938,0.91948,1.13,1.13
2013.10.10 02:50:43.811,0.91938,0.91948,1.13,1.13
2013.10.10 02:50:46.201,0.91936,0.91947,1.13,1.13
2013.10.10 02:50:49.142,0.91937,0.91947,2.63,1.13
2013.10.10 02:50:50.242,0.91938,0.91947,1.13,1.50
2013.10.10 02:50:50.601,0.91931,0.91938,1.50,1.13
2013.10.10 02:50:51.261,0.91929,0.91939,1.50,1.13
2013.10.10 02:50:55.541,0.91929,0.91939,1.50,1.13
2013.10.10 02:51:05.021,0.91927,0.91936,2.10,1.13
2013.10.10 02:51:05.144,0.91927,0.91936,2.10,1.13
2013.10.10 02:51:05.391,0.91924,0.91934,1.13,1.13
2013.10.10 02:51:05.451,0.91923,0.91933,1.88,1.13
2013.10.10 02:51:05.512,0.91923,0.91933,1.88,1.13
2013.10.10 02:51:06.051,0.91923,0.91933,1.50,1.13
2013.10.10 02:51:06.652,0.91924,0.91934,1.50,1.13
2013.10.10 02:51:06.711,0.91926,0.91934,1.50,1.13
2013.10.10 02:51:09.011,0.91927,0.91937,1.50,1.13
2013.10.10 02:51:09.191,0.91927,0.91938,1.50,3.00
2013.10.10 02:51:09.371,0.91926,0.91937,1.13,1.50
2013.10.10 02:51:09.551,0.91925,0.91936,1.50,1.13
2013.10.10 02:51:09.992,0.91923,0.91935,1.50,1.13
2013.10.10 02:51:10.494,0.91923,0.91935,1.50,1.13
2013.10.10 02:51:10.861,0.91923,0.91935,1.50,3.00
2013.10.10 02:51:10.981,0.91922,0.91933,2.25,1.13
2013.10.10 02:51:12.372,0.91922,0.91935,3.75,1.88
2013.10.10 02:51:12.430,0.91923,0.91935,1.50,1.88
2013.10.10 02:51:12.961,0.91923,0.91935,1.50,2.25
2013.10.10 02:51:14.322,0.91923,0.91934,1.50,1.13
2013.10.10 02:51:14.681,0.91919,0.91931,1.50,1.13
2013.10.10 02:51:15.562,0.9192,0.91931,1.13,1.13
2013.10.10 02:51:17.462,0.91921,0.91931,1.50,1.13
2013.10.10 02:51:17.771,0.91922,0.91934,2.63,1.88
2013.10.10 02:51:17.830,0.91923,0.91934,1.13,1.50
2013.10.10 02:51:17.891,0.91923,0.91935,1.13,1.50
2013.10.10 02:51:18.443,0.91922,0.91934,3.00,1.13
2013.10.10 02:51:19.217,0.91922,0.91934,2.63,1.88
2013.10.10 02:51:22.001,0.91922,0.91935,3.00,2.63
2013.10.10 02:51:22.151,0.91922,0.91935,3.00,1.88
2013.10.10 02:51:28.282,0.91925,0.91935,1.50,1.13
2013.10.10 02:51:30.191,0.91925,0.91936,1.50,1.13
2013.10.10 02:51:33.101,0.91925,0.91936,1.50,1.13
2013.10.10 02:51:35.711,0.91925,0.91936,1.88,1.13
2013.10.10 02:51:36.621,0.91925,0.91937,2.25,2.63
2013.10.10 02:51:37.133,0.91925,0.91936,1.50,1.13
2013.10.10 02:51:38.151,0.91926,0.91937,1.50,2.63
2013.10.10 02:51:38.821,0.91926,0.91937,1.50,2.25
2013.10.10 02:51:38.881,0.91926,0.91937,1.50,2.63
2013.10.10 02:51:39.192,0.91926,0.91937,1.50,1.88
2013.10.10 02:51:39.561,0.91926,0.91937,1.50,2.25
2013.10.10 02:51:40.171,0.91925,0.91935,1.88,1.13
2013.10.10 02:51:40.472,0.91927,0.91936,1.13,1.50
2013.10.10 02:51:40.650,0.91929,0.91937,1.13,1.13
2013.10.10 02:51:41.601,0.91929,0.91938,1.13,2.25
2013.10.10 02:51:41.781,0.91931,0.9194,1.13,1.50
2013.10.10 02:51:41.901,0.91931,0.91941,1.88,1.88
2013.10.10 02:51:42.461,0.91931,0.91942,2.63,1.50
2013.10.10 02:51:43.026,0.91931,0.91943,2.63,1.88
2013.10.10 02:51:44.101,0.91931,0.91943,2.63,1.88
2013.10.10 02:51:46.511,0.91931,0.91942,2.63,1.13
2013.10.10 02:51:46.571,0.91931,0.91942,1.88,1.88
2013.10.10 02:51:48.331,0.91931,0.91942,1.88,1.88
2013.10.10 02:51:49.024,0.91931,0.91942,2.48,1.88
2013.10.10 02:51:50.521,0.91931,0.91942,1.73,2.25
2013.10.10 02:51:51.725,0.91932,0.91943,1.35,1.50
2013.10.10 02:51:51.856,0.91932,0.91944,2.10,2.63
2013.10.10 02:51:52.384,0.91934,0.91944,1.50,2.25
2013.10.10 02:51:52.682,0.91935,0.91946,2.25,1.13
2013.10.10 02:51:52.801,0.91935,0.91947,2.63,1.13
2013.10.10 02:51:52.921,0.91938,0.91947,1.13,1.13
2013.10.10 02:51:53.281,0.91939,0.9195,1.13,1.88
2013.10.10 02:51:56.410,0.91938,0.91949,1.88,1.13
2013.10.10 02:51:58.092,0.91938,0.91949,1.50,1.13
2013.10.10 02:51:58.331,0.91935,0.91946,3.38,1.50
2013.10.10 02:51:58.391,0.91935,0.91945,3.38,1.13
2013.10.10 02:51:58.534,0.91933,0.91945,2.25,2.25
2013.10.10 02:52:00.911,0.91934,0.91945,1.35,2.25
2013.10.10 02:52:01.091,0.91935,0.91945,1.50,1.50
2013.10.10 02:52:01.451,0.91934,0.91943,1.35,1.50
2013.10.10 02:52:02.195,0.91934,0.91943,1.35,1.50
2013.10.10 02:52:02.802,0.91934,0.91945,1.35,2.25
2013.10.10 02:52:04.646,0.91933,0.91945,2.25,2.25
2013.10.10 02:52:05.172,0.91933,0.91945,2.25,2.25
2013.10.10 02:52:05.591,0.91935,0.91946,1.35,2.25
2013.10.10 02:52:05.771,0.9194,0.9195,1.88,1.50
2013.10.10 02:52:05.831,0.91943,0.91953,1.13,2.25
2013.10.10 02:52:05.892,0.91943,0.91954,1.13,2.63
2013.10.10 02:52:06.011,0.91949,0.91955,1.13,1.50
2013.10.10 02:52:06.071,0.91949,0.91957,1.13,1.50
2013.10.10 02:52:06.130,0.91949,0.91958,1.13,1.50
2013.10.10 02:52:06.661,0.91947,0.91958,1.50,1.50
2013.10.10 02:52:06.721,0.91946,0.91957,3.00,1.88
2013.10.10 02:52:07.261,0.91946,0.91957,2.25,1.50
2013.10.10 02:52:09.861,0.91946,0.91957,1.50,1.50
2013.10.10 02:52:10.301,0.91947,0.91959,1.50,2.25
2013.10.10 02:52:10.661,0.91947,0.91959,1.50,2.25
2013.10.10 02:52:11.021,0.91944,0.91954,1.50,1.13
2013.10.10 02:52:11.571,0.91942,0.91954,1.88,1.13
2013.10.10 02:52:12.051,0.91942,0.91954,1.50,1.50
2013.10.10 02:52:14.401,0.91942,0.91952,1.50,1.13
2013.10.10 02:52:14.781,0.91938,0.9195,2.25,1.13
2013.10.10 02:52:15.081,0.91943,0.91955,1.50,1.13
2013.10.10 02:52:18.572,0.91945,0.91957,1.50,1.50
2013.10.10 02:52:18.874,0.91947,0.91958,1.13,1.50
2013.10.10 02:52:19.419,0.91947,0.91959,1.13,1.88
2013.10.10 02:52:22.263,0.91947,0.91958,1.35,1.13
2013.10.10 02:52:23.652,0.91946,0.91956,1.88,1.50
2013.10.10 02:52:23.772,0.91945,0.91955,1.50,1.50
2013.10.10 02:52:24.682,0.91945,0.91955,1.13,1.50
2013.10.10 02:52:25.101,0.91946,0.91957,3.75,1.50
2013.10.10 02:52:25.161,0.91946,0.91957,4.13,1.50
2013.10.10 02:52:25.592,0.91949,0.91959,1.88,2.25
2013.10.10 02:52:26.014,0.91949,0.91959,1.50,2.25
2013.10.10 02:52:26.569,0.91949,0.91959,2.10,2.25
2013.10.10 02:52:27.203,0.91949,0.91959,2.48,2.25
2013.10.10 02:52:27.954,0.91949,0.91959,2.48,2.25
2013.10.10 02:52:29.121,0.91949,0.91959,2.10,1.13
2013.10.10 02:52:29.513,0.91954,0.91963,1.13,1.13
2013.10.10 02:52:29.631,0.91955,0.91964,1.13,1.13
2013.10.10 02:52:30.741,0.91954,0.91964,1.35,1.13
2013.10.10 02:52:30.861,0.91954,0.91964,1.50,1.13
2013.10.10 02:52:31.961,0.91956,0.91964,2.10,1.13
2013.10.10 02:52:32.761,0.91956,0.91964,1.35,1.13
2013.10.10 02:52:32.882,0.91956,0.91964,2.10,1.13
2013.10.10 02:52:33.981,0.91956,0.91964,2.10,1.13
2013.10.10 02:52:34.679,0.91956,0.91964,2.10,1.13
2013.10.10 02:52:38.261,0.91956,0.91967,1.50,2.25
2013.10.10 02:52:41.281,0.91954,0.91964,1.50,1.50
2013.10.10 02:52:52.731,0.91954,0.91965,1.50,1.50
2013.10.10 02:52:52.851,0.91954,0.91964,1.50,1.50
2013.10.10 02:52:55.825,0.91949,0.9196,1.13,1.13
2013.10.10 02:52:56.253,0.91948,0.91959,1.88,1.13
2013.10.10 02:52:56.621,0.91947,0.91957,1.50,1.13
2013.10.10 02:52:59.772,0.91947,0.91957,1.50,1.50
2013.10.10 02:53:00.011,0.91944,0.91955,1.50,3.00
2013.10.10 02:53:00.541,0.91942,0.91955,2.25,2.25
2013.10.10 02:53:01.901,0.91944,0.91955,1.50,1.50
2013.10.10 02:53:05.281,0.91943,0.91955,2.25,2.25
2013.10.10 02:53:09.631,0.91944,0.91955,1.50,2.25
2013.10.10 02:53:21.841,0.91944,0.91955,1.50,3.00
2013.10.10 02:53:29.621,0.91944,0.91953,1.13,1.50
2013.10.10 02:53:29.924,0.91937,0.91946,1.50,1.13
2013.10.10 02:53:30.052,0.91935,0.91942,1.50,1.13
2013.10.10 02:53:30.231,0.91932,0.91943,2.63,1.88
2013.10.10 02:53:30.536,0.91932,0.91943,2.63,1.13
2013.10.10 02:53:30.842,0.91932,0.91943,1.13,1.13
2013.10.10 02:53:30.902,0.91935,0.91945,1.88,1.13
2013.10.10 02:53:31.381,0.91936,0.91946,1.50,1.13
2013.10.10 02:53:31.982,0.91936,0.91946,1.50,1.13
2013.10.10 02:53:32.931,0.91936,0.91945,1.50,1.13
2013.10.10 02:53:32.991,0.91934,0.91943,1.50,1.13
2013.10.10 02:53:34.831,0.91934,0.91943,2.25,1.13
2013.10.10 02:53:35.477,0.91935,0.91945,1.50,1.13
2013.10.10 02:53:35.862,0.91935,0.91945,1.50,1.13
2013.10.10 02:53:35.921,0.91934,0.91944,1.50,1.13
2013.10.10 02:53:36.471,0.91931,0.91941,1.88,1.13
2013.10.10 02:53:37.137,0.91931,0.91941,1.50,1.88
2013.10.10 02:53:37.731,0.91931,0.91941,1.50,1.88
2013.10.10 02:53:37.852,0.91931,0.91941,1.50,1.88
2013.10.10 02:53:38.912,0.9193,0.91939,1.88,1.13
2013.10.10 02:53:39.092,0.91924,0.91935,1.50,2.63
2013.10.10 02:53:39.211,0.91925,0.91935,1.50,1.88
2013.10.10 02:53:39.772,0.91926,0.91936,1.50,1.13
2013.10.10 02:53:40.301,0.91926,0.91936,1.50,1.13
2013.10.10 02:53:42.004,0.91926,0.91936,1.50,1.50
2013.10.10 02:53:42.302,0.91923,0.91933,1.50,1.50
2013.10.10 02:53:42.361,0.91921,0.91933,2.25,1.50
2013.10.10 02:53:42.421,0.91921,0.9193,1.50,1.13
2013.10.10 02:53:43.471,0.9192,0.91928,1.50,1.13
2013.10.10 02:53:43.652,0.91918,0.91928,2.63,1.13
2013.10.10 02:53:45.341,0.91919,0.9193,1.50,1.88
2013.10.10 02:53:46.291,0.9192,0.9193,1.50,1.13
2013.10.10 02:53:48.091,0.91919,0.9193,3.00,1.13
2013.10.10 02:53:51.961,0.91919,0.9193,2.25,1.13
2013.10.10 02:53:52.202,0.91917,0.91928,1.13,2.25
2013.10.10 02:53:52.381,0.91916,0.91927,1.50,1.13
2013.10.10 02:53:52.741,0.91918,0.91927,1.50,1.13
2013.10.10 02:53:52.801,0.91919,0.91928,1.50,1.50
2013.10.10 02:53:54.384,0.91918,0.91927,1.50,1.13
2013.10.10 02:53:54.621,0.91916,0.91926,1.50,1.13
2013.10.10 02:53:55.955,0.91918,0.91927,2.25,1.13
2013.10.10 02:53:56.872,0.91918,0.91927,1.50,1.50
2013.10.10 02:53:57.051,0.91915,0.91923,2.25,1.13
2013.10.10 02:53:57.111,0.91915,0.91923,1.50,1.50
2013.10.10 02:53:57.293,0.91909,0.9192,1.50,1.13
2013.10.10 02:53:58.303,0.91909,0.9192,1.88,1.88
2013.10.10 02:54:02.161,0.91907,0.91919,1.50,1.13
2013.10.10 02:54:02.281,0.91904,0.91914,1.88,1.13
2013.10.10 02:54:02.401,0.91904,0.91914,1.13,1.13
2013.10.10 02:54:02.941,0.91903,0.91914,1.13,2.25
2013.10.10 02:54:03.924,0.91903,0.91913,1.13,1.13
2013.10.10 02:54:05.362,0.91903,0.91913,1.88,1.13
2013.10.10 02:54:05.911,0.91906,0.91914,1.50,1.13
2013.10.10 02:54:06.461,0.91904,0.91914,1.88,1.13
2013.10.10 02:54:07.123,0.91904,0.91914,2.25,1.13
2013.10.10 02:54:08.381,0.91904,0.91913,2.10,1.88
2013.10.10 02:54:08.441,0.91904,0.91913,1.35,1.88
2013.10.10 02:54:14.361,0.91904,0.91914,1.13,1.13
2013.10.10 02:54:15.464,0.91903,0.91914,1.88,1.50
2013.10.10 02:54:15.823,0.91896,0.91907,1.88,1.13
2013.10.10 02:54:15.943,0.91896,0.91909,1.13,2.25
2013.10.10 02:54:16.064,0.91897,0.91908,1.88,1.13
2013.10.10 02:54:16.122,0.91898,0.91909,1.13,1.13
2013.10.10 02:54:16.242,0.91897,0.91908,1.88,1.13
2013.10.10 02:54:16.562,0.91898,0.91909,1.13,1.13
2013.10.10 02:54:16.622,0.91898,0.91909,1.88,1.13
2013.10.10 02:54:17.221,0.91901,0.91912,1.13,2.25
2013.10.10 02:54:17.341,0.91902,0.91913,1.13,1.13
2013.10.10 02:54:17.641,0.91901,0.91912,2.63,1.13
2013.10.10 02:54:17.941,0.91899,0.9191,1.88,1.13
2013.10.10 02:54:18.121,0.91901,0.9191,1.50,1.13
2013.10.10 02:54:18.481,0.91901,0.91909,1.50,1.50
2013.10.10 02:54:18.781,0.91897,0.91909,1.88,2.25
2013.10.10 02:54:19.321,0.91896,0.91906,1.88,1.13
2013.10.10 02:54:19.861,0.91896,0.91906,3.00,1.13
2013.10.10 02:54:20.961,0.91896,0.91906,2.25,1.13
2013.10.10 02:54:23.001,0.91896,0.91903,2.25,1.50
2013.10.10 02:54:23.121,0.91892,0.91902,1.13,3.00
2013.10.10 02:54:23.662,0.91894,0.91904,2.63,2.63
2013.10.10 02:54:23.782,0.91894,0.91903,1.13,1.13
2013.10.10 02:54:24.084,0.91886,0.91893,1.88,2.25
2013.10.10 02:54:24.203,0.91889,0.91894,1.13,1.50
2013.10.10 02:54:24.562,0.91881,0.91893,2.63,3.00
2013.10.10 02:54:24.742,0.91877,0.9189,2.63,3.00
2013.10.10 02:54:24.803,0.91877,0.91886,1.88,1.13
2013.10.10 02:54:24.923,0.91874,0.91884,1.13,2.63
2013.10.10 02:54:24.981,0.91869,0.91883,3.00,3.00
2013.10.10 02:54:25.042,0.91868,0.91878,1.13,1.13
2013.10.10 02:54:25.341,0.91865,0.9187,1.50,1.13
2013.10.10 02:54:25.463,0.91859,0.9187,1.50,1.13
2013.10.10 02:54:25.584,0.91862,0.91871,1.50,1.13
2013.10.10 02:54:25.961,0.91863,0.91871,1.50,1.13
2013.10.10 02:54:26.054,0.91864,0.91873,1.88,1.13
2013.10.10 02:54:26.183,0.91862,0.91868,1.13,1.50
2013.10.10 02:54:26.303,0.91858,0.91863,1.50,1.50
2013.10.10 02:54:26.362,0.91855,0.91862,2.10,3.00
2013.10.10 02:54:26.483,0.91851,0.91857,2.25,1.88
2013.10.10 02:54:26.542,0.91851,0.91855,2.25,1.13
2013.10.10 02:54:26.723,0.91851,0.91856,2.25,1.13
2013.10.10 02:54:27.025,0.91848,0.91857,1.50,1.88
2013.10.10 02:54:27.333,0.91847,0.91857,1.88,1.13
2013.10.10 02:54:27.634,0.91849,0.91859,1.50,2.25
2013.10.10 02:54:27.992,0.91849,0.91859,1.50,2.25
2013.10.10 02:54:28.052,0.91849,0.91859,1.50,2.25
2013.10.10 02:54:28.561,0.91849,0.91859,1.88,1.13
2013.10.10 02:54:29.072,0.91849,0.9186,1.50,1.88
2013.10.10 02:54:29.131,0.91849,0.9186,1.50,1.88
2013.10.10 02:54:29.672,0.9185,0.91859,1.88,1.50
2013.10.10 02:54:29.911,0.9185,0.91861,1.88,1.13
2013.10.10 02:54:29.974,0.91852,0.91862,1.50,2.25
2013.10.10 02:54:30.211,0.91855,0.91864,1.50,1.13
2013.10.10 02:54:30.631,0.91856,0.91866,1.50,1.13
2013.10.10 02:54:30.991,0.91858,0.91867,1.50,1.13
2013.10.10 02:54:31.561,0.91856,0.91867,1.50,1.13
2013.10.10 02:54:31.685,0.91856,0.91865,1.50,1.13
2013.10.10 02:54:32.111,0.91855,0.91863,1.50,1.88
2013.10.10 02:54:32.292,0.91855,0.91862,1.50,1.50
2013.10.10 02:54:32.751,0.91848,0.91861,2.25,1.13
2013.10.10 02:54:33.051,0.91847,0.91859,1.13,1.13
2013.10.10 02:54:33.111,0.91846,0.91859,1.88,1.13
2013.10.10 02:54:33.941,0.91846,0.91858,1.13,1.13
2013.10.10 02:54:34.643,0.91846,0.91856,1.13,1.13
2013.10.10 02:54:35.202,0.91842,0.91854,1.13,1.13
2013.10.10 02:54:35.262,0.91842,0.91854,1.13,1.13
2013.10.10 02:54:35.503,0.91841,0.91855,1.13,1.13
2013.10.10 02:54:35.563,0.9184,0.91855,2.25,1.13
2013.10.10 02:54:35.927,0.9184,0.91855,1.50,1.50
2013.10.10 02:54:36.528,0.91836,0.91848,1.13,1.13
2013.10.10 02:54:36.600,0.91835,0.91848,1.13,1.13
2013.10.10 02:54:36.782,0.91833,0.91848,1.50,2.63
2013.10.10 02:54:37.141,0.91829,0.91846,3.38,1.50
2013.10.10 02:54:37.503,0.91826,0.91841,2.63,1.50
2013.10.10 02:54:37.803,0.91826,0.91837,1.88,1.50
2013.10.10 02:54:37.862,0.91827,0.91833,1.13,1.13
2013.10.10 02:54:37.985,0.91825,0.91833,2.25,1.88
2013.10.10 02:54:38.533,0.91821,0.91833,1.50,1.13
2013.10.10 02:54:38.592,0.91819,0.91833,1.13,3.00
2013.10.10 02:54:38.951,0.91809,0.91821,1.88,1.50
2013.10.10 02:54:39.251,0.91808,0.91821,1.50,2.25
2013.10.10 02:54:39.611,0.91807,0.91816,1.50,1.13
2013.10.10 02:54:39.731,0.91807,0.91819,1.50,2.25
2013.10.10 02:54:40.332,0.91805,0.91817,1.13,1.13
2013.10.10 02:54:40.391,0.91801,0.91817,1.88,1.50
2013.10.10 02:54:40.451,0.91801,0.91814,1.88,1.13
2013.10.10 02:54:40.691,0.91805,0.91816,1.50,1.65
2013.10.10 02:54:40.811,0.91805,0.91816,1.88,1.13
2013.10.10 02:54:40.871,0.91805,0.91816,1.88,1.65
2013.10.10 02:54:41.112,0.91803,0.91817,1.13,1.65
2013.10.10 02:54:41.172,0.91801,0.91817,2.63,1.65
2013.10.10 02:54:41.231,0.91801,0.91813,2.63,1.20
2013.10.10 02:54:41.681,0.91801,0.9181,1.88,1.35
2013.10.10 02:54:41.801,0.91802,0.91812,1.13,1.13
2013.10.10 02:54:41.922,0.91807,0.91819,1.13,1.88
2013.10.10 02:54:42.041,0.91807,0.91819,3.23,1.88
2013.10.10 02:54:42.101,0.91807,0.91819,4.73,1.13
2013.10.10 02:54:42.222,0.91808,0.9182,1.50,1.13
2013.10.10 02:54:42.461,0.91807,0.91817,3.00,1.13
2013.10.10 02:54:42.823,0.91808,0.91813,1.88,1.50
2013.10.10 02:54:43.122,0.91794,0.91801,1.50,1.13
2013.10.10 02:54:43.186,0.91791,0.91801,3.00,1.13
2013.10.10 02:54:43.372,0.91793,0.91803,2.25,1.13
2013.10.10 02:54:43.552,0.91797,0.91806,1.50,2.25
2013.10.10 02:54:43.611,0.91798,0.91806,1.50,2.25
2013.10.10 02:54:43.671,0.91799,0.91806,1.50,1.88
2013.10.10 02:54:43.791,0.918,0.91811,1.88,1.13
2013.10.10 02:54:43.854,0.91803,0.91814,2.25,1.50
2013.10.10 02:54:44.161,0.91803,0.91814,1.50,1.35
2013.10.10 02:54:44.340,0.91792,0.91805,1.50,3.00
2013.10.10 02:54:44.522,0.91796,0.91806,1.50,1.13
2013.10.10 02:54:44.581,0.91796,0.91807,1.50,1.13
2013.10.10 02:54:44.761,0.91797,0.91809,1.50,1.13
2013.10.10 02:54:44.881,0.91799,0.9181,1.13,3.38
2013.10.10 02:54:45.363,0.91801,0.91812,1.88,2.25
2013.10.10 02:54:45.722,0.91804,0.91813,1.13,1.13
2013.10.10 02:54:45.782,0.91805,0.91812,1.13,1.13
2013.10.10 02:54:45.963,0.91803,0.91811,1.50,1.50
2013.10.10 02:54:46.499,0.91803,0.91813,1.50,2.25
2013.10.10 02:54:46.815,0.91801,0.91813,1.50,2.63
2013.10.10 02:54:46.881,0.91801,0.91812,2.25,1.50
2013.10.10 02:54:47.301,0.91801,0.91812,2.25,1.50
2013.10.10 02:54:47.673,0.91801,0.91813,2.63,2.25
2013.10.10 02:54:48.102,0.91805,0.91815,1.50,1.13
2013.10.10 02:54:48.162,0.91805,0.91815,1.50,1.13
2013.10.10 02:54:48.581,0.91808,0.91817,1.50,1.13
2013.10.10 02:54:48.822,0.91807,0.91819,1.88,2.63
2013.10.10 02:54:48.881,0.91807,0.91818,1.88,1.50
2013.10.10 02:54:49.122,0.9181,0.91819,1.50,1.88
2013.10.10 02:54:49.243,0.91812,0.91821,1.50,1.50
2013.10.10 02:54:49.363,0.9181,0.91822,2.25,1.88
2013.10.10 02:54:49.422,0.9181,0.91822,2.25,1.88
2013.10.10 02:54:49.482,0.91811,0.91822,1.50,1.88
2013.10.10 02:54:49.842,0.91811,0.91822,1.50,1.50
2013.10.10 02:54:50.362,0.91812,0.91823,2.25,1.50
2013.10.10 02:54:52.012,0.91812,0.91822,1.50,1.50
2013.10.10 02:54:52.551,0.91812,0.91822,1.13,1.50
2013.10.10 02:54:52.672,0.91814,0.91825,2.25,1.50
2013.10.10 02:54:52.911,0.91818,0.9183,2.25,1.50
2013.10.10 02:54:53.163,0.91821,0.9183,1.13,1.50
2013.10.10 02:54:53.281,0.91821,0.91831,1.13,1.50
2013.10.10 02:54:53.754,0.91821,0.91831,1.13,1.88
2013.10.10 02:54:54.311,0.91821,0.91832,1.13,2.25
2013.10.10 02:54:54.693,0.91825,0.91834,1.13,2.25
2013.10.10 02:54:55.441,0.91825,0.91836,1.13,1.50
2013.10.10 02:54:55.563,0.91827,0.91836,1.13,1.50
2013.10.10 02:54:55.621,0.91827,0.91836,1.88,1.50
2013.10.10 02:54:55.862,0.91829,0.9184,1.88,2.63
2013.10.10 02:54:56.402,0.91831,0.91841,1.50,1.13
2013.10.10 02:54:58.191,0.91831,0.91841,1.50,1.13
2013.10.10 02:54:58.733,0.91834,0.91844,1.50,1.13
2013.10.10 02:54:59.652,0.91835,0.91846,1.50,1.50
2013.10.10 02:55:00.131,0.91835,0.91846,1.50,2.25
2013.10.10 02:55:00.252,0.91837,0.91846,1.50,1.13
2013.10.10 02:55:00.431,0.91838,0.91848,1.50,1.13
2013.10.10 02:55:00.911,0.9184,0.9185,1.88,1.13
2013.10.10 02:55:01.214,0.9184,0.91852,3.00,1.13
2013.10.10 02:55:01.702,0.91841,0.91852,1.13,1.13
2013.10.10 02:55:02.206,0.9184,0.91852,4.13,1.13
2013.10.10 02:55:02.761,0.9184,0.91851,2.25,2.63
2013.10.10 02:55:03.361,0.91839,0.91851,1.13,1.88
2013.10.10 02:55:04.064,0.91839,0.91851,1.13,1.88
2013.10.10 02:55:04.331,0.91839,0.91851,1.13,1.88
2013.10.10 02:55:04.791,0.91839,0.91851,1.13,1.88
2013.10.10 02:55:05.341,0.91838,0.91849,3.38,1.13
2013.10.10 02:55:05.652,0.91834,0.91843,1.50,1.13
2013.10.10 02:55:06.173,0.91833,0.91841,1.13,1.13
2013.10.10 02:55:06.592,0.91835,0.91842,1.50,1.13
2013.10.10 02:55:06.712,0.9184,0.91848,1.13,1.50
2013.10.10 02:55:06.891,0.91844,0.91857,1.88,1.50
2013.10.10 02:55:07.011,0.91845,0.91858,2.25,1.50
2013.10.10 02:55:07.193,0.91846,0.91856,1.50,1.13
2013.10.10 02:55:07.732,0.91845,0.91855,2.33,1.13
2013.10.10 02:55:08.093,0.91844,0.91854,1.88,1.13
2013.10.10 02:55:09.082,0.91842,0.91851,2.63,1.13
2013.10.10 02:55:09.591,0.91843,0.91853,1.50,1.13
2013.10.10 02:55:10.471,0.91843,0.91853,1.50,1.13
2013.10.10 02:55:10.833,0.91846,0.91856,1.13,1.13
2013.10.10 02:55:10.892,0.91846,0.91857,1.13,1.13
2013.10.10 02:55:11.072,0.91848,0.91858,1.50,1.13
2013.10.10 02:55:11.632,0.91848,0.9186,1.50,1.88
2013.10.10 02:55:12.782,0.91847,0.91856,3.00,1.50
2013.10.10 02:55:12.842,0.91845,0.91856,3.00,1.50
2013.10.10 02:55:13.082,0.91845,0.91856,1.50,1.50
2013.10.10 02:55:13.747,0.91846,0.91855,3.75,1.13
2013.10.10 02:55:14.291,0.91849,0.91857,2.25,1.13
2013.10.10 02:55:14.532,0.91847,0.91856,1.50,1.13
2013.10.10 02:55:14.772,0.91846,0.91855,1.50,1.13
2013.10.10 02:55:14.831,0.91845,0.91855,1.50,1.13
2013.10.10 02:55:15.345,0.91845,0.91855,1.50,1.50
2013.10.10 02:55:16.251,0.91842,0.91854,1.50,1.13
2013.10.10 02:55:18.381,0.91842,0.91851,3.00,1.13
2013.10.10 02:55:18.941,0.91842,0.91851,1.50,1.13
2013.10.10 02:55:19.581,0.91842,0.91851,1.13,1.13
2013.10.10 02:55:19.641,0.91844,0.91851,1.50,1.13
2013.10.10 02:55:20.001,0.91846,0.91852,1.50,1.13
2013.10.10 02:55:20.361,0.91846,0.91853,1.50,1.13
2013.10.10 02:55:20.661,0.91846,0.91855,1.50,1.13
2013.10.10 02:55:26.851,0.91847,0.91856,1.13,1.13
2013.10.10 02:55:26.971,0.91848,0.91857,1.50,1.50
2013.10.10 02:55:27.031,0.9185,0.9186,1.88,1.88
2013.10.10 02:55:27.094,0.91852,0.9186,1.50,1.13
2013.10.10 02:55:27.152,0.91853,0.91865,2.63,2.10
2013.10.10 02:55:27.391,0.91855,0.91866,2.25,1.13
2013.10.10 02:55:27.511,0.91855,0.91866,3.00,1.13
2013.10.10 02:55:28.123,0.91856,0.91866,1.13,1.13
2013.10.10 02:55:28.643,0.91857,0.91866,1.13,1.13
2013.10.10 02:55:28.771,0.91857,0.91866,1.88,1.13
2013.10.10 02:55:29.133,0.91858,0.91869,1.13,1.88
2013.10.10 02:55:29.192,0.9186,0.9187,1.88,1.13
2013.10.10 02:55:29.733,0.91859,0.9187,1.13,1.50
2013.10.10 02:55:30.271,0.91861,0.9187,1.88,1.13
2013.10.10 02:55:30.775,0.91861,0.91871,1.88,1.50
2013.10.10 02:55:31.472,0.91859,0.91869,1.50,1.13
2013.10.10 02:55:31.532,0.91858,0.91869,1.13,2.25
2013.10.10 02:55:31.592,0.91856,0.91869,2.25,2.25
2013.10.10 02:55:32.333,0.91857,0.91869,1.50,1.50
2013.10.10 02:55:32.571,0.9186,0.9187,2.25,1.50
2013.10.10 02:55:32.631,0.91861,0.9187,1.50,1.50
2013.10.10 02:55:32.932,0.9186,0.91871,1.50,1.50
2013.10.10 02:55:33.573,0.91859,0.9187,1.35,1.50
2013.10.10 02:55:33.752,0.91856,0.91868,1.50,1.50
2013.10.10 02:55:34.433,0.91855,0.91868,3.23,2.25
2013.10.10 02:55:35.292,0.91856,0.91868,1.13,2.25
2013.10.10 02:55:36.843,0.91856,0.91868,1.88,2.25
2013.10.10 02:55:37.082,0.9186,0.91871,1.88,1.13
2013.10.10 02:55:37.921,0.9186,0.91871,1.88,1.50
2013.10.10 02:55:38.042,0.91857,0.91869,1.88,1.50
2013.10.10 02:55:38.341,0.91856,0.91866,1.88,2.63
2013.10.10 02:55:38.853,0.91855,0.91863,1.13,1.50
2013.10.10 02:55:39.662,0.91856,0.91864,1.13,1.50
2013.10.10 02:55:39.902,0.91856,0.91866,1.13,1.88
2013.10.10 02:55:40.261,0.91857,0.91867,1.13,1.88
2013.10.10 02:55:42.051,0.91856,0.91867,1.73,1.13
2013.10.10 02:55:44.791,0.91856,0.91867,1.35,1.13
2013.10.10 02:55:46.842,0.91855,0.91865,1.13,1.13
2013.10.10 02:55:50.823,0.91856,0.91866,1.13,1.13
2013.10.10 02:55:51.184,0.91861,0.91871,1.88,1.20
2013.10.10 02:55:51.672,0.91864,0.9187,1.13,1.13
2013.10.10 02:55:51.828,0.91875,0.91883,3.75,1.13
2013.10.10 02:55:51.952,0.91879,0.91889,3.00,1.50
2013.10.10 02:55:52.072,0.91881,0.9189,1.50,1.13
2013.10.10 02:55:52.193,0.91883,0.91892,3.00,1.13
2013.10.10 02:55:52.252,0.91885,0.91894,2.25,1.13
2013.10.10 02:55:52.312,0.91887,0.91895,1.50,1.50
2013.10.10 02:55:52.437,0.91885,0.91896,3.75,1.13
2013.10.10 02:55:52.503,0.91885,0.91896,3.75,1.13
2013.10.10 02:55:52.622,0.91885,0.91896,2.25,1.88
2013.10.10 02:55:53.163,0.91884,0.91896,1.50,1.13
2013.10.10 02:55:53.465,0.91884,0.91896,1.50,1.50
2013.10.10 02:55:53.711,0.91882,0.91893,3.75,1.13
2013.10.10 02:55:54.012,0.91883,0.91895,2.25,1.50
2013.10.10 02:55:54.136,0.9188,0.91892,3.75,1.13
2013.10.10 02:55:54.441,0.91878,0.91888,1.35,1.50
2013.10.10 02:55:54.562,0.91876,0.91888,1.50,2.25
2013.10.10 02:55:55.068,0.91876,0.91888,1.35,2.25
2013.10.10 02:55:55.572,0.91876,0.91888,1.35,2.25
2013.10.10 02:55:56.063,0.91873,0.91885,1.50,1.50
2013.10.10 02:55:56.743,0.91874,0.91885,1.35,1.50
2013.10.10 02:55:57.253,0.91874,0.91885,1.35,1.13
2013.10.10 02:55:57.623,0.91874,0.91885,1.35,1.13
2013.10.10 02:55:58.174,0.91874,0.91885,1.35,1.13
2013.10.10 02:55:58.292,0.91874,0.91885,1.35,1.13
2013.10.10 02:55:58.952,0.91873,0.91883,1.13,1.13
2013.10.10 02:56:00.402,0.91873,0.91884,2.63,1.13
2013.10.10 02:56:01.101,0.91874,0.91884,1.50,1.13
2013.10.10 02:56:01.683,0.91875,0.91887,1.50,1.50
2013.10.10 02:56:02.361,0.91875,0.91887,1.50,1.13
2013.10.10 02:56:02.603,0.91872,0.91884,3.00,1.13
2013.10.10 02:56:02.664,0.91871,0.91884,1.50,1.13
2013.10.10 02:56:02.963,0.91869,0.91881,1.50,1.13
2013.10.10 02:56:03.321,0.91865,0.91876,3.38,1.13
2013.10.10 02:56:03.382,0.91865,0.91876,1.13,1.13
2013.10.10 02:56:03.741,0.91865,0.91876,1.43,1.50
2013.10.10 02:56:05.451,0.91865,0.91876,1.88,1.50
2013.10.10 02:56:06.371,0.91866,0.91876,1.13,1.13
2013.10.10 02:56:08.153,0.91867,0.91877,1.13,1.88
2013.10.10 02:56:08.874,0.91867,0.91879,3.38,1.13
2013.10.10 02:56:09.523,0.91869,0.91879,1.13,1.13
2013.10.10 02:56:10.331,0.91869,0.91881,1.50,1.50
2013.10.10 02:56:10.402,0.91869,0.91881,1.50,1.50
2013.10.10 02:56:10.642,0.91869,0.91881,1.88,1.13
2013.10.10 02:56:10.763,0.91874,0.91884,1.50,2.25
2013.10.10 02:56:11.281,0.91874,0.91886,1.50,1.95
2013.10.10 02:56:12.922,0.91874,0.91886,3.00,1.58
2013.10.10 02:56:12.982,0.91876,0.91887,1.13,2.25
2013.10.10 02:56:13.102,0.91879,0.91889,1.50,1.50
2013.10.10 02:56:13.642,0.91879,0.91889,1.50,1.13
2013.10.10 02:56:13.911,0.91877,0.91889,1.50,1.50
2013.10.10 02:56:14.152,0.9188,0.9189,1.50,1.13
2013.10.10 02:56:14.272,0.91883,0.91892,1.50,1.13
2013.10.10 02:56:14.752,0.9188,0.91892,1.13,1.13
2013.10.10 02:56:14.812,0.91879,0.91892,2.25,1.13
2013.10.10 02:56:15.292,0.9188,0.9189,1.35,1.13
2013.10.10 02:56:16.292,0.9188,0.9189,1.35,1.13
2013.10.10 02:56:18.662,0.91883,0.91891,1.88,1.50
2013.10.10 02:56:18.962,0.91885,0.91894,1.13,1.13
2013.10.10 02:56:20.192,0.91887,0.91898,1.50,1.13
2013.10.10 02:56:20.551,0.91888,0.91899,1.13,1.13
2013.10.10 02:56:21.102,0.91888,0.91899,2.85,1.13
2013.10.10 02:56:21.644,0.91888,0.91899,2.48,1.13
2013.10.10 02:56:21.761,0.91888,0.91899,1.35,1.13
2013.10.10 02:56:26.033,0.91886,0.91898,1.88,1.50
2013.10.10 02:56:26.391,0.91884,0.91893,1.35,1.13
2013.10.10 02:56:26.451,0.91884,0.91893,1.35,1.13
2013.10.10 02:56:26.512,0.91881,0.91893,2.48,1.13
2013.10.10 02:56:26.811,0.91881,0.91891,1.35,1.13
2013.10.10 02:56:27.321,0.91883,0.91891,1.35,1.13
2013.10.10 02:56:27.801,0.91883,0.91891,1.35,1.13
2013.10.10 02:56:28.361,0.9188,0.91891,1.50,1.13
2013.10.10 02:56:28.662,0.9188,0.91892,2.25,1.50
2013.10.10 02:56:28.842,0.91887,0.91895,1.88,2.25
2013.10.10 02:56:28.903,0.91889,0.91898,1.13,1.50
2013.10.10 02:56:28.962,0.91889,0.91899,1.13,1.50
2013.10.10 02:56:29.957,0.91887,0.91899,1.50,1.13
2013.10.10 02:56:30.304,0.91887,0.91899,2.10,1.13
2013.10.10 02:56:30.603,0.91889,0.91902,3.60,1.13
2013.10.10 02:56:30.783,0.91892,0.91903,1.13,1.88
2013.10.10 02:56:31.332,0.91892,0.91903,1.13,1.13
2013.10.10 02:56:31.392,0.91892,0.91903,1.88,1.13
2013.10.10 02:56:31.752,0.91893,0.91902,1.35,1.13
2013.10.10 02:56:32.293,0.91893,0.91902,1.35,1.50
2013.10.10 02:56:32.595,0.9189,0.91902,2.10,1.58
2013.10.10 02:56:32.721,0.9189,0.91902,2.10,1.50
2013.10.10 02:56:33.421,0.9189,0.91902,2.48,1.50
2013.10.10 02:56:33.852,0.91894,0.91903,1.13,1.50
2013.10.10 02:56:33.972,0.91894,0.91905,1.88,1.20
2013.10.10 02:56:34.725,0.91895,0.91907,1.13,1.50
2013.10.10 02:56:35.682,0.91895,0.91907,1.73,1.50
2013.10.10 02:56:37.722,0.91895,0.91907,1.35,1.50
2013.10.10 02:56:43.587,0.91894,0.91905,1.35,1.13
2013.10.10 02:56:43.652,0.91891,0.91903,2.25,1.13
2013.10.10 02:56:43.773,0.91891,0.91902,1.50,1.50
2013.10.10 02:56:44.323,0.9189,0.91899,1.35,1.13
2013.10.10 02:56:44.681,0.91892,0.91903,1.35,1.88
2013.10.10 02:56:45.231,0.91891,0.91903,1.73,1.13
2013.10.10 02:56:45.891,0.9189,0.91902,2.10,1.50
2013.10.10 02:56:48.472,0.91892,0.91903,1.73,2.63
2013.10.10 02:56:52.711,0.91893,0.91902,1.35,1.13
2013.10.10 02:56:52.952,0.91894,0.91904,1.13,1.50
2013.10.10 02:56:53.465,0.91894,0.91905,1.35,1.13
2013.10.10 02:56:53.982,0.91894,0.91905,1.35,1.13
2013.10.10 02:56:54.412,0.91894,0.91905,1.35,1.13
2013.10.10 02:56:56.091,0.91893,0.91905,2.48,1.13
2013.10.10 02:56:56.234,0.91897,0.91907,1.50,1.50
2013.10.10 02:56:56.751,0.91898,0.9191,1.50,1.88
2013.10.10 02:56:57.372,0.91899,0.91912,2.10,3.08
2013.10.10 02:56:57.437,0.919,0.91912,1.50,1.95
2013.10.10 02:56:58.053,0.919,0.91912,2.25,1.50
2013.10.10 02:56:58.562,0.91901,0.91912,1.35,1.50
2013.10.10 02:57:00.402,0.91901,0.9191,1.35,1.13
2013.10.10 02:57:00.643,0.91902,0.91913,1.73,1.13
2013.10.10 02:57:01.031,0.91902,0.91913,1.73,1.13
2013.10.10 02:57:01.572,0.91903,0.91913,1.73,2.63
2013.10.10 02:57:01.932,0.91906,0.91918,2.63,1.13
2013.10.10 02:57:02.443,0.91906,0.91918,2.25,1.88
2013.10.10 02:57:03.142,0.91908,0.91918,1.13,1.88
2013.10.10 02:57:03.202,0.91908,0.91915,1.13,1.50
2013.10.10 02:57:03.571,0.91908,0.91918,1.13,1.88
2013.10.10 02:57:04.361,0.91908,0.91916,1.13,1.50
2013.10.10 02:57:04.603,0.91903,0.91915,3.23,1.13
2013.10.10 02:57:04.781,0.91905,0.91912,1.13,1.50
2013.10.10 02:57:04.902,0.91905,0.91914,1.13,1.50
2013.10.10 02:57:05.142,0.91907,0.91914,1.13,1.50
2013.10.10 02:57:05.322,0.91907,0.91916,1.50,2.25
2013.10.10 02:57:05.681,0.91906,0.91916,1.73,1.50
2013.10.10 02:57:06.001,0.91903,0.91915,1.35,3.38
2013.10.10 02:57:06.304,0.91896,0.91902,1.50,1.13
2013.10.10 02:57:06.362,0.91894,0.91901,1.50,1.13
2013.10.10 02:57:06.423,0.91891,0.91901,1.50,1.13
2013.10.10 02:57:06.493,0.91889,0.919,4.50,1.13
2013.10.10 02:57:06.673,0.91888,0.91898,2.63,1.88
2013.10.10 02:57:08.238,0.91888,0.91898,3.38,1.13
2013.10.10 02:57:09.002,0.91886,0.91898,1.88,1.88
2013.10.10 02:57:09.066,0.91886,0.91896,1.13,1.13
2013.10.10 02:57:09.611,0.91886,0.91897,1.88,1.13
2013.10.10 02:57:09.731,0.91886,0.91898,2.63,1.13
2013.10.10 02:57:10.272,0.91886,0.91895,1.13,1.13
2013.10.10 02:57:11.472,0.91886,0.91895,1.13,1.13
2013.10.10 02:57:12.372,0.91885,0.91895,1.50,1.13
2013.10.10 02:57:12.852,0.91885,0.9189,1.13,1.13
2013.10.10 02:57:12.912,0.91879,0.9189,2.63,1.88
2013.10.10 02:57:13.603,0.91879,0.9189,2.25,1.88
2013.10.10 02:57:14.121,0.91878,0.9189,2.25,1.13
2013.10.10 02:57:14.711,0.91878,0.9189,2.48,1.13
2013.10.10 02:57:14.952,0.91875,0.91887,1.50,1.88
2013.10.10 02:57:15.072,0.91875,0.91885,1.50,2.25
2013.10.10 02:57:15.251,0.91875,0.91885,1.50,1.13
2013.10.10 02:57:15.372,0.91877,0.91885,1.50,1.50
2013.10.10 02:57:15.792,0.91874,0.91885,1.50,1.50
2013.10.10 02:57:16.033,0.91874,0.91887,1.50,2.25
2013.10.10 02:57:16.271,0.91874,0.91885,1.50,1.50
2013.10.10 02:57:16.811,0.91874,0.91885,2.10,1.50
2013.10.10 02:57:17.551,0.91874,0.91885,1.50,1.50
2013.10.10 02:57:17.792,0.9187,0.91882,1.13,1.50
2013.10.10 02:57:17.912,0.9187,0.91881,1.13,1.13
2013.10.10 02:57:18.451,0.91869,0.91881,1.50,1.13
2013.10.10 02:57:18.963,0.91869,0.91881,1.50,1.13
2013.10.10 02:57:21.391,0.91869,0.91881,2.10,1.50
2013.10.10 02:57:21.514,0.91869,0.91881,2.10,1.50
2013.10.10 02:57:24.582,0.91871,0.91883,2.25,1.50
2013.10.10 02:57:25.081,0.91873,0.91885,1.50,2.25
2013.10.10 02:57:25.142,0.91873,0.91885,1.50,1.50
2013.10.10 02:57:25.322,0.91875,0.91886,1.50,1.13
2013.10.10 02:57:25.622,0.91874,0.91886,1.50,1.13
2013.10.10 02:57:25.741,0.91875,0.91886,1.50,1.13
2013.10.10 02:57:25.801,0.91876,0.91888,1.50,1.13
2013.10.10 02:57:25.873,0.91876,0.91888,3.00,1.13
2013.10.10 02:57:26.682,0.91877,0.91889,1.50,2.63
2013.10.10 02:57:26.862,0.91872,0.91884,3.60,1.13
2013.10.10 02:57:27.112,0.91874,0.91886,1.50,1.50
2013.10.10 02:57:27.662,0.91873,0.91886,2.25,1.50
2013.10.10 02:57:28.183,0.91873,0.91886,2.25,1.50
2013.10.10 02:57:29.031,0.91874,0.91886,1.35,1.50
2013.10.10 02:57:29.614,0.91876,0.91888,1.50,1.88
2013.10.10 02:57:29.922,0.91875,0.91887,1.50,2.25
2013.10.10 02:57:30.042,0.91873,0.91884,1.35,1.50
2013.10.10 02:57:30.615,0.91874,0.91886,1.35,1.50
2013.10.10 02:57:31.521,0.91873,0.91886,1.50,1.50
2013.10.10 02:57:32.292,0.91873,0.91886,2.25,1.50
2013.10.10 02:57:32.832,0.91872,0.91884,1.50,1.50
2013.10.10 02:57:33.454,0.91872,0.91884,1.50,1.50
2013.10.10 02:57:34.091,0.91872,0.91884,1.50,1.88
2013.10.10 02:57:37.271,0.91872,0.91884,1.50,1.88
2013.10.10 02:57:43.142,0.91872,0.91884,2.25,1.13
2013.10.10 02:57:43.321,0.91873,0.91884,1.50,1.13
2013.10.10 02:57:46.232,0.91873,0.91884,1.50,1.13
2013.10.10 02:57:51.401,0.91872,0.91881,1.50,1.13
2013.10.10 02:57:51.925,0.91872,0.91884,2.25,1.13
2013.10.10 02:57:51.996,0.91873,0.91884,1.50,1.13
2013.10.10 02:58:01.231,0.91873,0.91884,2.85,1.13
2013.10.10 02:58:03.528,0.91873,0.91882,1.50,1.13
2013.10.10 02:58:08.972,0.91871,0.91882,2.48,1.13
2013.10.10 02:58:10.381,0.91875,0.91882,1.50,1.13
2013.10.10 02:58:10.501,0.91875,0.91882,1.50,1.13
2013.10.10 02:58:15.181,0.91872,0.91881,1.13,1.50
2013.10.10 02:58:15.421,0.91866,0.91875,2.25,1.13
2013.10.10 02:58:15.602,0.91866,0.91875,1.50,1.50
2013.10.10 02:58:15.912,0.91865,0.91872,1.50,1.50
2013.10.10 02:58:16.421,0.91865,0.91873,1.50,1.88
2013.10.10 02:58:16.602,0.91862,0.91871,1.50,1.50
2013.10.10 02:58:16.965,0.9186,0.91868,1.13,1.50
2013.10.10 02:58:17.342,0.9186,0.91868,1.50,1.50
2013.10.10 02:58:18.702,0.91857,0.91865,1.13,1.50
2013.10.10 02:58:18.882,0.91855,0.91863,1.13,1.50
2013.10.10 02:58:19.422,0.91854,0.91863,1.13,1.50
2013.10.10 02:58:19.961,0.91852,0.91863,1.88,1.88
2013.10.10 02:58:20.082,0.91852,0.91863,1.88,2.25
2013.10.10 02:58:20.382,0.91852,0.91861,1.50,1.50
2013.10.10 02:58:20.914,0.91852,0.9186,1.50,1.13
2013.10.10 02:58:27.293,0.91852,0.9186,1.50,1.13
2013.10.10 02:58:28.311,0.9185,0.91858,1.20,1.13
2013.10.10 02:58:28.372,0.91847,0.91856,1.50,1.13
2013.10.10 02:58:29.104,0.91847,0.91856,1.50,1.13
2013.10.10 02:58:31.034,0.91847,0.91858,2.63,1.13
2013.10.10 02:58:33.502,0.91851,0.91861,1.50,1.88
2013.10.10 02:58:33.621,0.91852,0.91861,1.50,1.88
2013.10.10 02:58:33.982,0.91852,0.91862,1.88,1.50
2013.10.10 02:58:35.802,0.91852,0.91862,1.13,1.50
2013.10.10 02:58:36.501,0.91851,0.91861,2.25,1.50
2013.10.10 02:58:36.753,0.91851,0.91861,2.25,1.50
2013.10.10 02:58:37.484,0.9185,0.91861,2.25,1.50
2013.10.10 02:58:37.844,0.91848,0.91858,1.50,1.50
2013.10.10 02:58:38.205,0.91843,0.91854,1.50,1.13
2013.10.10 02:58:38.887,0.91842,0.91853,2.25,1.13
2013.10.10 02:58:39.992,0.91843,0.91853,1.50,1.13
2013.10.10 02:58:40.172,0.91843,0.91854,2.25,1.88
2013.10.10 02:58:42.082,0.91843,0.91853,1.50,1.50
2013.10.10 02:58:42.143,0.91844,0.91853,1.50,2.25
2013.10.10 02:58:42.203,0.91842,0.91851,2.25,1.50
2013.10.10 02:58:42.382,0.91842,0.91849,1.50,1.13
2013.10.10 02:58:43.002,0.91842,0.91851,1.50,1.50
2013.10.10 02:58:43.941,0.91842,0.91851,1.50,1.13
2013.10.10 02:58:44.181,0.91844,0.91853,1.50,1.13
2013.10.10 02:58:45.132,0.91845,0.91853,1.50,1.50
2013.10.10 02:58:46.862,0.91846,0.91853,1.13,1.50
2013.10.10 02:58:47.043,0.91848,0.91858,1.88,1.13
2013.10.10 02:58:47.404,0.91848,0.91858,2.25,1.50
2013.10.10 02:58:47.644,0.91848,0.91856,1.50,2.63
2013.10.10 02:58:48.112,0.91847,0.91855,1.50,1.50
2013.10.10 02:58:48.172,0.91844,0.91853,1.88,1.50
2013.10.10 02:58:48.532,0.91839,0.91845,1.50,1.13
2013.10.10 02:58:49.081,0.91837,0.91845,1.50,1.13
2013.10.10 02:58:49.601,0.91837,0.91845,1.50,1.13
2013.10.10 02:58:49.901,0.91838,0.91849,2.25,1.50
2013.10.10 02:58:50.652,0.91839,0.9185,1.13,1.88
2013.10.10 02:58:51.202,0.9184,0.9185,1.50,1.50
2013.10.10 02:58:51.834,0.91841,0.9185,1.88,1.50
2013.10.10 02:58:52.391,0.9184,0.91849,1.50,1.13
2013.10.10 02:58:53.091,0.91838,0.91849,2.25,1.13
2013.10.10 02:58:53.423,0.91837,0.91846,1.50,1.13
2013.10.10 02:58:54.982,0.91838,0.91847,1.88,1.88
2013.10.10 02:58:55.042,0.91839,0.91847,1.50,1.13
2013.10.10 02:58:55.673,0.91838,0.91847,1.50,1.13
2013.10.10 02:58:56.210,0.91835,0.91847,1.50,1.13
2013.10.10 02:58:56.842,0.91835,0.91846,2.25,1.50
2013.10.10 02:58:59.253,0.91833,0.91845,1.50,1.50
2013.10.10 02:58:59.552,0.91829,0.91841,1.50,2.25
2013.10.10 02:59:00.141,0.91829,0.9184,1.50,1.13
2013.10.10 02:59:00.263,0.91829,0.91841,1.88,1.50
2013.10.10 02:59:00.442,0.9183,0.91841,1.13,1.50
2013.10.10 02:59:00.801,0.9183,0.91839,1.13,1.50
2013.10.10 02:59:01.221,0.91829,0.91838,1.13,1.50
2013.10.10 02:59:01.341,0.91827,0.91838,2.63,1.88
2013.10.10 02:59:01.791,0.91827,0.91838,1.50,2.25
2013.10.10 02:59:01.912,0.91827,0.91837,1.50,1.13
2013.10.10 02:59:02.533,0.91825,0.91836,1.50,1.50
2013.10.10 02:59:02.902,0.91824,0.91836,1.50,2.25
2013.10.10 02:59:03.144,0.91822,0.91834,1.50,1.50
2013.10.10 02:59:03.204,0.91822,0.91834,1.50,1.50
2013.10.10 02:59:03.532,0.91822,0.91835,1.50,1.50
2013.10.10 02:59:03.892,0.91821,0.91831,2.25,1.50
2013.10.10 02:59:04.252,0.9182,0.91831,1.50,1.50
2013.10.10 02:59:05.372,0.91819,0.91829,1.50,1.88
2013.10.10 02:59:05.731,0.91823,0.91833,1.50,1.88
2013.10.10 02:59:05.792,0.91822,0.91832,3.00,1.13
2013.10.10 02:59:05.972,0.91823,0.91833,1.50,1.88
2013.10.10 02:59:06.922,0.91821,0.91831,1.50,1.50
2013.10.10 02:59:07.403,0.91818,0.91826,1.50,1.50
2013.10.10 02:59:07.525,0.91817,0.91826,1.50,1.50
2013.10.10 02:59:08.051,0.91817,0.91826,1.50,1.13
2013.10.10 02:59:08.892,0.91817,0.91826,1.50,1.13
2013.10.10 02:59:09.012,0.91822,0.91832,1.50,3.38
2013.10.10 02:59:09.252,0.91822,0.91832,1.50,1.50
2013.10.10 02:59:10.262,0.91825,0.91834,2.25,1.13
2013.10.10 02:59:10.443,0.91827,0.91834,1.50,1.88
2013.10.10 02:59:10.502,0.91827,0.91838,1.50,1.13
2013.10.10 02:59:10.563,0.91829,0.91838,1.50,1.13
2013.10.10 02:59:11.243,0.91829,0.91838,1.50,1.13
2013.10.10 02:59:11.982,0.9183,0.91839,1.50,1.50
2013.10.10 02:59:12.102,0.9183,0.91841,2.63,2.63
2013.10.10 02:59:12.163,0.91831,0.91842,1.50,1.13
2013.10.10 02:59:12.462,0.91833,0.91843,1.13,2.25
2013.10.10 02:59:12.884,0.91831,0.91843,3.00,1.88
2013.10.10 02:59:13.531,0.91832,0.91843,1.13,1.88
2013.10.10 02:59:14.652,0.91832,0.91842,1.13,2.63
2013.10.10 02:59:15.012,0.9183,0.9184,1.13,1.88
2013.10.10 02:59:15.954,0.91836,0.91845,1.88,2.25
2013.10.10 02:59:16.074,0.91836,0.91846,2.63,1.13
2013.10.10 02:59:19.172,0.91838,0.91849,1.88,1.50
2013.10.10 02:59:19.232,0.91838,0.91849,1.88,1.50
2013.10.10 02:59:19.291,0.9184,0.9185,1.88,1.13
2013.10.10 02:59:19.352,0.91841,0.91853,1.13,1.50
2013.10.10 02:59:19.473,0.91843,0.91853,1.13,1.13
2013.10.10 02:59:19.592,0.91844,0.91854,1.50,1.13
2013.10.10 02:59:19.712,0.91845,0.91857,2.63,1.50
2013.10.10 02:59:19.772,0.91845,0.91857,3.00,1.50
2013.10.10 02:59:20.073,0.91845,0.91856,1.50,1.13
2013.10.10 02:59:20.132,0.91844,0.91856,1.50,2.63
2013.10.10 02:59:20.193,0.91843,0.91852,1.13,2.25
2013.10.10 02:59:20.254,0.91841,0.91849,1.13,1.50
2013.10.10 02:59:20.494,0.9184,0.91848,1.50,1.13
2013.10.10 02:59:20.795,0.91841,0.91853,1.88,1.50
2013.10.10 02:59:21.352,0.91843,0.91852,1.50,1.13
2013.10.10 02:59:21.945,0.9184,0.91851,2.25,1.88
2013.10.10 02:59:22.491,0.9184,0.9185,1.88,1.13
2013.10.10 02:59:22.832,0.9184,0.91851,1.88,1.50
2013.10.10 02:59:23.191,0.91843,0.91852,1.13,1.50
2013.10.10 02:59:23.312,0.91848,0.91857,1.50,1.13
2013.10.10 02:59:23.612,0.91848,0.91859,1.88,1.50
2013.10.10 02:59:23.793,0.91851,0.91861,2.63,1.13
2013.10.10 02:59:23.854,0.91852,0.91862,1.50,1.13
2013.10.10 02:59:23.923,0.91853,0.91864,1.13,1.13
2013.10.10 02:59:24.045,0.91857,0.91864,1.50,1.13
2013.10.10 02:59:24.223,0.91859,0.91867,1.50,1.13
2013.10.10 02:59:25.312,0.91859,0.91867,1.50,1.13
2013.10.10 02:59:26.124,0.91855,0.91868,1.50,1.50
2013.10.10 02:59:26.443,0.91855,0.91863,1.50,1.13
2013.10.10 02:59:26.562,0.91854,0.91863,1.50,2.63
2013.10.10 02:59:26.742,0.91852,0.91862,1.13,1.13
2013.10.10 02:59:27.103,0.91845,0.91855,1.50,4.50
2013.10.10 02:59:27.493,0.91846,0.91854,1.50,3.00
2013.10.10 02:59:28.132,0.91846,0.91852,1.13,1.50
2013.10.10 02:59:28.495,0.91846,0.91854,1.13,1.50
2013.10.10 02:59:28.981,0.91844,0.91854,1.13,1.50
2013.10.10 02:59:29.042,0.91845,0.91855,1.88,1.13
2013.10.10 02:59:29.591,0.91845,0.91857,1.88,1.50
2013.10.10 02:59:30.423,0.91845,0.91856,1.13,1.13
2013.10.10 02:59:31.045,0.91844,0.91856,1.88,2.25
2013.10.10 02:59:31.317,0.91844,0.91855,1.88,1.13
2013.10.10 02:59:31.386,0.91843,0.91855,1.88,1.13
2013.10.10 02:59:31.694,0.91842,0.9185,1.13,1.13
2013.10.10 02:59:31.996,0.91839,0.91848,1.13,1.50
2013.10.10 02:59:32.622,0.91839,0.91848,1.50,1.50
2013.10.10 02:59:32.802,0.91839,0.91848,1.50,1.50
2013.10.10 02:59:33.103,0.91843,0.91851,1.13,1.50
2013.10.10 02:59:33.162,0.91843,0.91851,1.50,1.50
2013.10.10 02:59:33.223,0.91843,0.91853,1.50,1.88
2013.10.10 02:59:33.728,0.91845,0.91854,1.50,1.50
2013.10.10 02:59:33.792,0.91845,0.91855,1.50,1.13
2013.10.10 02:59:34.932,0.91844,0.91855,1.50,1.13
2013.10.10 02:59:35.472,0.91844,0.91855,1.13,1.13
2013.10.10 02:59:36.773,0.91843,0.91855,1.88,1.88
2013.10.10 02:59:37.293,0.91844,0.91855,1.13,1.88
2013.10.10 02:59:37.802,0.91842,0.91854,1.88,1.13
2013.10.10 02:59:38.312,0.91843,0.91855,1.13,2.63
2013.10.10 02:59:38.872,0.91842,0.91854,2.25,1.13
2013.10.10 02:59:40.643,0.91842,0.91854,2.25,1.13
2013.10.10 02:59:40.945,0.91847,0.91855,1.13,1.88
2013.10.10 02:59:41.073,0.91847,0.91855,1.13,1.50
2013.10.10 02:59:41.139,0.91847,0.91857,1.13,1.88
2013.10.10 02:59:41.393,0.91846,0.91857,1.88,1.13
2013.10.10 02:59:41.877,0.91845,0.91856,1.13,1.88
2013.10.10 02:59:41.944,0.91845,0.91856,1.13,1.88
2013.10.10 02:59:42.474,0.91845,0.91856,1.13,1.13
2013.10.10 02:59:42.533,0.91847,0.91857,1.13,1.88
2013.10.10 02:59:42.712,0.91847,0.91856,1.13,1.50
2013.10.10 02:59:43.013,0.91852,0.91858,1.13,1.50
2013.10.10 02:59:43.132,0.9185,0.91859,1.13,1.50
2013.10.10 02:59:43.652,0.9185,0.9186,2.25,1.50
2013.10.10 02:59:44.214,0.9185,0.9186,2.25,2.25
2013.10.10 02:59:44.272,0.9185,0.9186,2.25,1.50
2013.10.10 02:59:44.453,0.9185,0.91863,1.13,2.25
2013.10.10 02:59:44.514,0.91852,0.91864,1.50,1.50
2013.10.10 02:59:44.815,0.91858,0.91865,1.50,1.50
2013.10.10 02:59:45.241,0.91858,0.91864,1.13,1.50
2013.10.10 02:59:45.482,0.91852,0.91861,1.88,1.50
2013.10.10 02:59:45.804,0.91851,0.91857,1.88,1.50
2013.10.10 02:59:46.117,0.91851,0.91857,1.88,1.50
2013.10.10 02:59:46.182,0.91851,0.91859,1.88,1.50
2013.10.10 02:59:46.362,0.91851,0.91861,1.50,1.50
2013.10.10 02:59:46.482,0.91853,0.91863,1.50,1.50
2013.10.10 02:59:47.022,0.91853,0.91863,1.50,1.50
2013.10.10 02:59:47.262,0.91853,0.91865,1.50,2.25
2013.10.10 02:59:47.802,0.91855,0.91863,1.13,1.50
2013.10.10 02:59:48.162,0.91853,0.91862,1.13,1.50
2013.10.10 02:59:48.224,0.91854,0.91861,1.13,1.50
2013.10.10 02:59:48.352,0.91853,0.9186,1.13,1.50
2013.10.10 02:59:48.673,0.9185,0.9186,1.13,1.50
2013.10.10 02:59:48.792,0.9185,0.91861,1.50,2.25
2013.10.10 02:59:49.722,0.9185,0.91861,1.50,1.50
2013.10.10 02:59:50.263,0.91851,0.91862,1.50,1.50
2013.10.10 02:59:51.002,0.91852,0.91862,2.25,1.50
2013.10.10 02:59:51.603,0.91852,0.91863,2.25,1.50
2013.10.10 02:59:52.072,0.91851,0.91859,1.50,1.13
2013.10.10 02:59:52.133,0.91849,0.91859,1.13,1.13
2013.10.10 02:59:52.192,0.91849,0.91858,1.13,1.50
2013.10.10 02:59:53.387,0.91849,0.91858,1.13,2.25
2013.10.10 02:59:53.694,0.91852,0.91862,1.13,1.13
2013.10.10 02:59:53.933,0.91852,0.91863,1.13,1.13
2013.10.10 02:59:54.482,0.91852,0.91862,1.13,2.63
2013.10.10 02:59:54.962,0.91859,0.91865,1.13,2.25
2013.10.10 02:59:55.082,0.91859,0.91869,1.13,1.50
2013.10.10 02:59:55.262,0.91856,0.91869,1.88,1.88
2013.10.10 02:59:55.503,0.91857,0.91869,1.13,2.25
2013.10.10 02:59:56.042,0.91856,0.91868,2.63,1.13
2013.10.10 02:59:56.161,0.91856,0.91868,2.63,1.13
2013.10.10 02:59:56.592,0.91858,0.91869,1.13,1.50
2013.10.10 02:59:56.962,0.9186,0.91871,1.88,1.50
2013.10.10 02:59:57.344,0.91866,0.91872,1.13,1.50
2013.10.10 02:59:57.712,0.91866,0.91876,1.13,1.13
2013.10.10 02:59:57.832,0.91864,0.91877,2.63,3.00
2013.10.10 02:59:58.213,0.91864,0.91876,1.88,1.13
2013.10.10 02:59:58.572,0.91861,0.91873,1.13,1.88
2013.10.10 02:59:58.812,0.91858,0.91872,1.88,3.00
2013.10.10 02:59:58.932,0.9186,0.9187,1.13,1.13
2013.10.10 02:59:59.348,0.91857,0.91868,1.13,1.50
