2013.10.14 18:00:01.437,0.93312,0.93324,1.13,1.50
2013.10.14 18:00:01.556,0.9331,0.93318,1.13,1.50
2013.10.14 18:00:01.618,0.93308,0.93317,1.50,1.13
2013.10.14 18:00:02.309,0.93304,0.93312,4.88,1.50
2013.10.14 18:00:03.177,0.93304,0.93312,4.88,1.13
2013.10.14 18:00:03.724,0.93299,0.93313,1.13,1.50
2013.10.14 18:00:05.209,0.93299,0.93312,1.13,1.13
2013.10.14 18:00:13.107,0.933,0.93313,1.88,2.25
2013.10.14 18:00:13.647,0.93301,0.93314,1.13,1.50
2013.10.14 18:00:14.186,0.93305,0.93315,1.50,1.88
2013.10.14 18:00:19.797,0.93305,0.93315,1.50,1.13
2013.10.14 18:00:20.407,0.93305,0.93316,1.50,1.13
2013.10.14 18:00:21.419,0.93305,0.93316,1.50,1.13
2013.10.14 18:00:22.074,0.93305,0.93316,1.50,1.13
2013.10.14 18:00:25.989,0.9331,0.93317,1.50,1.50
2013.10.14 18:00:26.050,0.9331,0.9332,1.50,1.73
2013.10.14 18:00:26.118,0.93312,0.93321,1.50,3.23
2013.10.14 18:00:26.237,0.9331,0.93321,2.25,3.23
2013.10.14 18:00:26.428,0.9331,0.93324,2.25,1.35
2013.10.14 18:00:26.756,0.9331,0.93325,2.25,1.88
2013.10.14 18:00:28.416,0.9331,0.93324,2.25,1.88
2013.10.14 18:00:28.776,0.93312,0.93325,1.35,1.13
2013.10.14 18:00:29.319,0.93316,0.93329,1.13,1.13
2013.10.14 18:00:29.757,0.93316,0.93329,1.13,1.13
2013.10.14 18:00:30.536,0.93315,0.93329,3.00,1.88
2013.10.14 18:00:31.727,0.93315,0.93328,2.25,1.13
2013.10.14 18:00:31.847,0.93315,0.93328,2.25,1.13
2013.10.14 18:00:32.488,0.93315,0.93328,2.25,1.13
2013.10.14 18:00:33.359,0.93316,0.93328,1.35,1.88
2013.10.14 18:00:33.490,0.93318,0.93327,1.13,1.13
2013.10.14 18:00:33.558,0.93318,0.93328,1.13,1.88
2013.10.14 18:00:34.039,0.93315,0.93328,2.25,1.13
2013.10.14 18:00:34.157,0.93313,0.93327,3.75,1.13
2013.10.14 18:00:37.417,0.93315,0.93326,1.50,1.13
2013.10.14 18:00:38.028,0.93316,0.93329,1.50,1.13
2013.10.14 18:00:38.567,0.93313,0.93324,2.25,1.13
2013.10.14 18:00:39.286,0.93315,0.93326,1.50,1.13
2013.10.14 18:00:40.019,0.93315,0.93326,4.50,1.13
2013.10.14 18:00:40.378,0.93317,0.93328,3.00,1.50
2013.10.14 18:00:40.677,0.93316,0.93326,1.50,1.13
2013.10.14 18:00:40.798,0.93315,0.93326,2.25,1.13
2013.10.14 18:00:40.917,0.93315,0.93326,2.25,1.13
2013.10.14 18:00:41.169,0.93316,0.93327,1.13,1.13
2013.10.14 18:00:41.827,0.93315,0.93327,1.88,1.13
2013.10.14 18:00:42.387,0.93315,0.93328,3.75,1.13
2013.10.14 18:00:42.448,0.93317,0.9333,1.13,2.25
2013.10.14 18:00:43.111,0.93318,0.93331,1.13,2.48
2013.10.14 18:00:43.770,0.93318,0.93331,1.88,2.48
2013.10.14 18:00:44.557,0.93319,0.93331,1.13,2.48
2013.10.14 18:00:44.996,0.93318,0.93331,1.50,1.50
2013.10.14 18:00:45.548,0.93317,0.93328,1.50,1.13
2013.10.14 18:00:47.747,0.93319,0.93331,1.50,4.35
2013.10.14 18:00:48.305,0.93319,0.93331,1.50,4.35
2013.10.14 18:00:49.310,0.93317,0.93328,1.50,1.13
2013.10.14 18:00:49.888,0.93317,0.93328,1.50,1.13
2013.10.14 18:00:50.289,0.93317,0.93329,2.25,1.73
2013.10.14 18:00:50.416,0.93317,0.93328,1.50,1.13
2013.10.14 18:00:52.416,0.93315,0.93325,2.25,1.13
2013.10.14 18:00:52.478,0.93314,0.93325,2.25,1.13
2013.10.14 18:00:53.578,0.93315,0.93325,1.50,1.13
2013.10.14 18:00:53.637,0.93315,0.93324,1.50,1.13
2013.10.14 18:00:54.077,0.93312,0.93324,1.50,1.13
2013.10.14 18:00:57.167,0.93313,0.93327,3.75,2.25
2013.10.14 18:00:57.679,0.93315,0.93327,2.63,1.50
2013.10.14 18:00:58.928,0.93316,0.93325,1.50,1.50
2013.10.14 18:00:59.106,0.93311,0.93322,1.50,2.10
2013.10.14 18:00:59.287,0.93314,0.93325,1.13,1.13
2013.10.14 18:00:59.827,0.93315,0.93327,1.88,1.13
2013.10.14 18:01:01.912,0.93315,0.93327,1.88,1.13
2013.10.14 18:01:02.478,0.93317,0.93329,1.88,1.73
2013.10.14 18:01:19.608,0.93317,0.93327,1.50,1.13
2013.10.14 18:01:22.691,0.93317,0.9333,1.50,1.73
2013.10.14 18:01:26.759,0.93317,0.93328,2.25,1.13
2013.10.14 18:01:28.231,0.93317,0.93328,2.25,1.13
2013.10.14 18:01:28.361,0.93317,0.93329,2.63,1.35
2013.10.14 18:01:28.863,0.93319,0.9333,1.50,1.13
2013.10.14 18:01:31.819,0.93317,0.93329,2.63,1.13
2013.10.14 18:01:33.909,0.93317,0.93329,2.63,1.13
2013.10.14 18:01:40.168,0.93317,0.93329,1.88,1.13
2013.10.14 18:01:44.387,0.93317,0.93331,2.63,1.88
2013.10.14 18:01:45.738,0.93318,0.93331,1.50,1.13
2013.10.14 18:01:46.288,0.93318,0.93331,1.50,1.13
2013.10.14 18:01:46.737,0.93319,0.93332,1.13,1.88
2013.10.14 18:01:47.268,0.93321,0.93332,1.50,1.13
2013.10.14 18:01:48.097,0.93322,0.93334,2.25,1.73
2013.10.14 18:01:49.771,0.93322,0.93334,3.00,1.73
2013.10.14 18:01:49.840,0.93324,0.93334,1.13,1.35
2013.10.14 18:01:49.968,0.93326,0.93335,1.13,1.50
2013.10.14 18:01:50.029,0.93326,0.93337,1.88,1.13
2013.10.14 18:01:50.159,0.93326,0.93339,2.25,1.13
2013.10.14 18:01:50.288,0.93328,0.93339,2.25,1.13
2013.10.14 18:01:50.467,0.93329,0.93342,1.50,3.98
2013.10.14 18:01:51.008,0.93329,0.93342,1.50,3.98
2013.10.14 18:01:52.297,0.93329,0.9334,1.50,1.35
2013.10.14 18:01:53.178,0.9333,0.93342,1.50,1.88
2013.10.14 18:01:53.489,0.93333,0.93345,3.98,1.13
2013.10.14 18:01:53.848,0.93338,0.93351,1.13,2.48
2013.10.14 18:01:53.908,0.93336,0.93349,2.25,1.73
2013.10.14 18:01:54.267,0.93338,0.93351,1.50,2.48
2013.10.14 18:01:54.577,0.93342,0.93355,1.88,2.25
2013.10.14 18:01:54.697,0.93345,0.93358,1.50,1.35
2013.10.14 18:01:54.758,0.93345,0.93359,1.50,1.88
2013.10.14 18:01:54.937,0.93349,0.9336,1.50,1.13
2013.10.14 18:01:54.998,0.93349,0.93361,2.25,2.63
2013.10.14 18:01:55.058,0.9335,0.93361,1.50,1.13
2013.10.14 18:01:55.418,0.93359,0.93372,2.25,2.85
2013.10.14 18:01:55.477,0.93359,0.93374,2.25,1.73
2013.10.14 18:01:55.717,0.9336,0.93375,1.50,1.88
2013.10.14 18:01:55.778,0.93361,0.93375,1.13,1.13
2013.10.14 18:01:55.958,0.93359,0.93374,2.63,1.13
2013.10.14 18:01:56.838,0.93359,0.93374,1.88,1.88
2013.10.14 18:01:57.497,0.93363,0.93376,1.50,1.13
2013.10.14 18:01:57.617,0.93363,0.93377,2.25,1.88
2013.10.14 18:01:58.157,0.93362,0.93375,1.50,1.13
2013.10.14 18:01:58.277,0.93362,0.93375,1.50,1.73
2013.10.14 18:01:58.457,0.93363,0.93378,2.25,3.38
2013.10.14 18:01:58.517,0.93363,0.93377,2.63,1.13
2013.10.14 18:01:58.817,0.93366,0.93381,2.25,2.63
2013.10.14 18:01:58.877,0.93367,0.93381,1.50,1.88
2013.10.14 18:01:59.179,0.9337,0.93381,2.25,1.13
2013.10.14 18:01:59.687,0.93375,0.93383,4.13,1.50
2013.10.14 18:01:59.770,0.93387,0.93397,1.88,3.69
2013.10.14 18:02:00.269,0.93387,0.93396,2.10,1.03
2013.10.14 18:02:00.398,0.93387,0.93401,2.10,1.88
2013.10.14 18:02:00.518,0.9339,0.93402,1.13,1.13
2013.10.14 18:02:00.949,0.93389,0.93402,1.50,1.13
2013.10.14 18:02:01.417,0.93387,0.93402,3.23,1.88
2013.10.14 18:02:01.537,0.93388,0.93403,1.50,1.13
2013.10.14 18:02:02.208,0.93388,0.93403,1.50,1.13
2013.10.14 18:02:02.529,0.93388,0.93397,1.50,1.13
2013.10.14 18:02:02.947,0.93387,0.93399,1.13,1.73
2013.10.14 18:02:03.007,0.93387,0.93399,1.13,1.73
2013.10.14 18:02:03.306,0.93387,0.93399,1.50,1.73
2013.10.14 18:02:03.818,0.93387,0.934,1.50,1.13
2013.10.14 18:02:04.237,0.93387,0.93393,1.50,1.35
2013.10.14 18:02:04.477,0.9338,0.93392,1.88,1.35
2013.10.14 18:02:04.597,0.9338,0.93392,1.88,1.35
2013.10.14 18:02:04.657,0.93381,0.93392,1.13,2.10
2013.10.14 18:02:05.418,0.93381,0.93393,1.88,1.50
2013.10.14 18:02:05.920,0.93381,0.93394,1.13,1.50
2013.10.14 18:02:06.346,0.9338,0.9339,1.50,1.13
2013.10.14 18:02:07.117,0.93377,0.9339,1.13,1.13
2013.10.14 18:02:08.437,0.93381,0.93394,1.50,3.23
2013.10.14 18:02:09.097,0.93381,0.93394,1.50,1.13
2013.10.14 18:02:09.910,0.93381,0.93396,2.25,2.10
2013.10.14 18:02:10.448,0.93381,0.93394,1.50,1.13
2013.10.14 18:02:11.018,0.9338,0.93394,1.88,1.13
2013.10.14 18:02:12.567,0.9338,0.93394,1.50,1.13
2013.10.14 18:02:12.687,0.93384,0.93395,1.13,1.13
2013.10.14 18:02:12.807,0.93386,0.93398,1.50,1.13
2013.10.14 18:02:13.047,0.93386,0.93398,1.50,1.13
2013.10.14 18:02:13.587,0.93386,0.93398,1.50,1.13
2013.10.14 18:02:13.887,0.93388,0.93402,2.25,1.50
2013.10.14 18:02:14.007,0.9339,0.93404,2.25,1.13
2013.10.14 18:02:14.067,0.93391,0.93405,1.50,1.58
2013.10.14 18:02:14.391,0.93396,0.93405,1.50,1.47
2013.10.14 18:02:15.116,0.93396,0.93408,1.50,1.13
2013.10.14 18:02:15.362,0.93397,0.93408,1.13,1.13
2013.10.14 18:02:15.767,0.93395,0.93407,1.50,1.13
2013.10.14 18:02:16.368,0.93395,0.93408,1.88,1.13
2013.10.14 18:02:16.797,0.93395,0.93407,1.50,1.13
2013.10.14 18:02:17.358,0.93395,0.93407,1.50,1.13
2013.10.14 18:02:17.418,0.93393,0.93407,1.50,1.13
2013.10.14 18:02:17.538,0.93394,0.93406,1.50,1.13
2013.10.14 18:02:17.897,0.9339,0.93401,1.50,1.13
2013.10.14 18:02:18.327,0.93386,0.934,1.13,1.13
2013.10.14 18:02:19.819,0.93386,0.934,1.13,2.63
2013.10.14 18:02:20.129,0.93381,0.93389,1.88,1.13
2013.10.14 18:02:20.617,0.93377,0.93392,1.88,1.13
2013.10.14 18:02:21.403,0.93377,0.93393,3.75,1.88
2013.10.14 18:02:22.236,0.93377,0.93393,3.75,1.88
2013.10.14 18:02:22.638,0.93378,0.93393,2.25,1.13
2013.10.14 18:02:23.239,0.93378,0.93393,2.25,1.50
2013.10.14 18:02:24.207,0.93378,0.93394,2.25,2.10
2013.10.14 18:02:27.576,0.93379,0.93395,1.50,2.10
2013.10.14 18:02:28.960,0.93379,0.93389,1.50,1.13
2013.10.14 18:02:29.089,0.93375,0.93388,1.13,3.23
2013.10.14 18:02:29.209,0.93374,0.93389,1.13,2.25
2013.10.14 18:02:29.400,0.93375,0.9339,2.25,2.25
2013.10.14 18:02:29.467,0.93378,0.93392,2.25,1.13
2013.10.14 18:02:29.587,0.93378,0.93392,3.75,1.13
2013.10.14 18:02:30.099,0.93379,0.93393,1.50,1.50
2013.10.14 18:02:31.178,0.9338,0.93394,1.50,1.35
2013.10.14 18:02:31.437,0.93381,0.93395,1.50,2.10
2013.10.14 18:02:31.556,0.93381,0.93395,1.50,1.35
2013.10.14 18:02:31.797,0.93382,0.93397,1.50,1.88
2013.10.14 18:02:31.977,0.93385,0.93399,1.13,3.00
2013.10.14 18:02:32.097,0.93385,0.93399,1.88,1.50
2013.10.14 18:02:32.277,0.93387,0.93401,2.25,1.50
2013.10.14 18:02:34.238,0.93389,0.93403,3.38,1.13
2013.10.14 18:02:34.538,0.93388,0.93401,1.88,1.50
2013.10.14 18:02:36.098,0.93388,0.934,1.13,1.50
2013.10.14 18:02:36.667,0.93387,0.93399,1.88,1.13
2013.10.14 18:02:36.727,0.93387,0.93397,1.88,2.10
2013.10.14 18:02:36.907,0.93384,0.93397,1.88,1.13
2013.10.14 18:02:37.086,0.93386,0.934,1.13,2.85
2013.10.14 18:02:37.637,0.93387,0.934,1.13,1.35
2013.10.14 18:02:40.671,0.93388,0.93402,2.25,2.10
2013.10.14 18:02:51.948,0.93389,0.93402,1.50,1.35
2013.10.14 18:02:52.547,0.93391,0.93405,1.13,2.85
2013.10.14 18:02:54.137,0.93391,0.93405,2.25,2.85
2013.10.14 18:02:54.437,0.93399,0.93413,1.13,2.85
2013.10.14 18:02:56.167,0.93401,0.93413,3.98,2.25
2013.10.14 18:02:56.527,0.93409,0.93423,1.88,1.13
2013.10.14 18:02:56.594,0.93409,0.93423,1.13,1.13
2013.10.14 18:02:58.400,0.93416,0.93425,2.10,1.50
2013.10.14 18:02:58.768,0.93419,0.93428,1.50,2.25
2013.10.14 18:02:58.827,0.93419,0.93432,1.50,1.88
2013.10.14 18:03:00.167,0.93419,0.93434,1.50,1.50
2013.10.14 18:03:00.409,0.93423,0.93434,1.35,1.50
2013.10.14 18:03:00.468,0.93424,0.93434,2.48,1.50
2013.10.14 18:03:00.826,0.93427,0.93438,1.13,1.50
2013.10.14 18:03:00.948,0.93428,0.93441,1.50,2.25
2013.10.14 18:03:01.247,0.93429,0.93441,1.50,2.25
2013.10.14 18:03:01.549,0.9343,0.93443,1.35,2.25
2013.10.14 18:03:02.107,0.9343,0.93442,1.73,1.50
2013.10.14 18:03:02.227,0.9343,0.93443,1.73,1.50
2013.10.14 18:03:03.017,0.93433,0.9345,1.13,2.25
2013.10.14 18:03:03.196,0.93443,0.93455,2.25,1.32
2013.10.14 18:03:03.256,0.93445,0.93467,1.50,4.65
2013.10.14 18:03:03.319,0.93459,0.93475,3.61,3.27
2013.10.14 18:03:03.568,0.93472,0.93489,1.13,1.50
2013.10.14 18:03:03.689,0.93473,0.93491,1.13,1.50
2013.10.14 18:03:03.999,0.93471,0.93487,2.25,1.50
2013.10.14 18:03:04.117,0.93471,0.93484,1.88,1.50
2013.10.14 18:03:04.178,0.93471,0.93489,1.88,1.50
2013.10.14 18:03:04.238,0.93472,0.93489,1.73,1.50
2013.10.14 18:03:04.537,0.93479,0.93492,1.13,1.50
2013.10.14 18:03:04.598,0.93479,0.93491,1.13,1.50
2013.10.14 18:03:05.264,0.93481,0.93502,1.13,1.50
2013.10.14 18:03:05.332,0.9348,0.93501,1.50,1.50
2013.10.14 18:03:05.458,0.9348,0.93501,1.88,1.50
2013.10.14 18:03:05.638,0.93489,0.93502,2.25,1.50
2013.10.14 18:03:05.698,0.93491,0.93503,1.13,1.50
2013.10.14 18:03:05.819,0.93496,0.9351,1.13,1.50
2013.10.14 18:03:05.888,0.93499,0.93512,1.50,1.13
2013.10.14 18:03:05.951,0.93502,0.93514,1.13,1.50
2013.10.14 18:03:06.198,0.9351,0.93527,1.50,1.50
2013.10.14 18:03:06.259,0.93515,0.93527,2.63,1.50
2013.10.14 18:03:06.438,0.93521,0.93536,1.50,1.88
2013.10.14 18:03:06.500,0.93528,0.93536,1.50,1.50
2013.10.14 18:03:06.819,0.93528,0.93539,2.25,1.13
2013.10.14 18:03:06.879,0.93513,0.93532,1.50,2.10
2013.10.14 18:03:07.059,0.93513,0.93533,2.25,1.13
2013.10.14 18:03:07.186,0.93513,0.93533,1.88,1.13
2013.10.14 18:03:07.307,0.93513,0.93533,1.50,1.13
2013.10.14 18:03:07.488,0.93516,0.93531,2.21,1.13
2013.10.14 18:03:07.791,0.93516,0.9353,3.33,1.50
2013.10.14 18:03:08.108,0.93523,0.93533,1.50,1.50
2013.10.14 18:03:08.169,0.93515,0.93533,1.88,1.50
2013.10.14 18:03:08.289,0.93514,0.93533,1.13,1.50
2013.10.14 18:03:08.408,0.93512,0.93533,1.13,1.50
2013.10.14 18:03:08.527,0.93512,0.93533,1.13,1.50
2013.10.14 18:03:08.650,0.93509,0.93528,2.85,1.50
2013.10.14 18:03:09.077,0.93511,0.93528,1.73,1.50
2013.10.14 18:03:09.377,0.9351,0.93528,1.35,1.50
2013.10.14 18:03:09.497,0.93507,0.93525,3.00,1.50
2013.10.14 18:03:09.737,0.93507,0.93526,1.35,1.50
2013.10.14 18:03:10.349,0.93507,0.93526,1.73,1.50
2013.10.14 18:03:10.424,0.9351,0.93529,3.00,1.50
2013.10.14 18:03:10.490,0.93512,0.93523,2.25,1.50
2013.10.14 18:03:10.678,0.93511,0.93523,1.50,1.50
2013.10.14 18:03:10.738,0.93508,0.93523,1.35,1.50
2013.10.14 18:03:10.940,0.93508,0.93521,1.35,1.50
2013.10.14 18:03:11.248,0.9351,0.93521,1.50,1.50
2013.10.14 18:03:11.428,0.93508,0.93518,2.10,1.50
2013.10.14 18:03:11.667,0.93505,0.93518,1.88,1.50
2013.10.14 18:03:11.728,0.93504,0.93518,3.60,1.50
2013.10.14 18:03:12.277,0.93505,0.93518,1.35,1.50
2013.10.14 18:03:12.697,0.93505,0.93519,2.10,1.50
2013.10.14 18:03:13.327,0.93505,0.93518,3.60,1.50
2013.10.14 18:03:13.649,0.93505,0.93518,2.85,1.50
2013.10.14 18:03:13.827,0.93503,0.93513,1.50,2.25
2013.10.14 18:03:13.888,0.93499,0.9351,3.57,1.88
2013.10.14 18:03:14.008,0.93495,0.93505,2.14,1.50
2013.10.14 18:03:14.128,0.93491,0.93504,2.10,1.50
2013.10.14 18:03:14.309,0.9349,0.93504,1.50,2.10
2013.10.14 18:03:14.678,0.9349,0.935,1.35,1.50
2013.10.14 18:03:14.798,0.93487,0.93498,2.25,1.50
2013.10.14 18:03:15.217,0.93488,0.93497,1.50,1.50
2013.10.14 18:03:15.887,0.93487,0.93497,1.50,1.50
2013.10.14 18:03:16.217,0.93485,0.93494,1.50,1.50
2013.10.14 18:03:16.337,0.93481,0.93494,2.25,1.50
2013.10.14 18:03:16.577,0.93483,0.93497,2.85,1.50
2013.10.14 18:03:16.698,0.93483,0.93499,3.23,1.50
2013.10.14 18:03:16.879,0.93483,0.93498,1.13,1.50
2013.10.14 18:03:17.359,0.93482,0.93495,1.35,1.50
2013.10.14 18:03:17.717,0.93483,0.93494,2.10,1.50
2013.10.14 18:03:18.257,0.93483,0.93496,2.10,1.50
2013.10.14 18:03:18.797,0.9348,0.93494,1.73,1.50
2013.10.14 18:03:21.069,0.93483,0.93497,2.10,3.00
2013.10.14 18:03:21.138,0.9348,0.93494,2.10,2.25
2013.10.14 18:03:21.607,0.93478,0.93492,2.25,1.50
2013.10.14 18:03:22.246,0.93477,0.93491,1.50,1.50
2013.10.14 18:03:22.678,0.9348,0.93494,1.50,1.50
2013.10.14 18:03:23.037,0.93483,0.93494,2.10,1.50
2013.10.14 18:03:23.157,0.93483,0.93494,2.10,1.50
2013.10.14 18:03:23.519,0.93484,0.93494,1.50,1.65
2013.10.14 18:03:23.877,0.93484,0.9349,2.25,1.43
2013.10.14 18:03:23.937,0.93483,0.93493,2.10,1.62
2013.10.14 18:03:24.179,0.93484,0.93494,1.13,1.24
2013.10.14 18:03:24.298,0.93483,0.93494,2.48,1.13
2013.10.14 18:03:24.537,0.93483,0.93494,1.73,2.31
2013.10.14 18:03:25.108,0.9348,0.93494,1.73,2.39
2013.10.14 18:03:25.948,0.9348,0.9349,1.73,1.64
2013.10.14 18:03:26.067,0.93474,0.93485,1.13,2.25
2013.10.14 18:03:26.187,0.93474,0.93487,1.88,1.50
2013.10.14 18:03:26.369,0.93474,0.93487,1.73,1.50
2013.10.14 18:03:26.668,0.93474,0.93488,3.60,1.50
2013.10.14 18:03:26.848,0.93474,0.93488,1.35,2.25
2013.10.14 18:03:27.088,0.93479,0.93487,2.10,1.50
2013.10.14 18:03:27.268,0.93479,0.93492,2.10,1.64
2013.10.14 18:03:27.567,0.93476,0.9349,1.50,2.99
2013.10.14 18:03:27.927,0.93473,0.93486,1.50,1.35
2013.10.14 18:03:28.269,0.93471,0.93486,1.50,2.85
2013.10.14 18:03:28.901,0.93471,0.93485,1.50,1.50
2013.10.14 18:03:29.958,0.93469,0.93482,1.13,2.25
2013.10.14 18:03:30.258,0.93462,0.93478,1.50,2.25
2013.10.14 18:03:30.782,0.93461,0.93477,1.50,1.50
2013.10.14 18:03:31.086,0.93461,0.93477,1.50,1.50
2013.10.14 18:03:31.497,0.93461,0.93472,1.50,1.35
2013.10.14 18:03:31.678,0.93459,0.93473,3.75,2.10
2013.10.14 18:03:31.737,0.9346,0.93478,2.25,3.75
2013.10.14 18:03:31.858,0.93463,0.93478,2.25,1.50
2013.10.14 18:03:32.317,0.93463,0.93475,2.25,1.50
2013.10.14 18:03:32.392,0.9346,0.93477,1.88,2.25
2013.10.14 18:03:32.697,0.9346,0.93476,1.13,1.50
2013.10.14 18:03:33.057,0.93459,0.93473,1.13,3.60
2013.10.14 18:03:33.237,0.93458,0.93473,2.63,1.50
2013.10.14 18:03:33.537,0.93457,0.93473,1.50,2.25
2013.10.14 18:03:33.777,0.93456,0.93473,2.25,2.25
2013.10.14 18:03:34.377,0.93456,0.93471,1.50,1.50
2013.10.14 18:03:34.998,0.93456,0.93471,1.50,1.50
2013.10.14 18:03:35.557,0.93456,0.93471,1.50,2.25
2013.10.14 18:03:35.678,0.93455,0.93465,1.88,2.48
2013.10.14 18:03:35.977,0.9345,0.93464,1.13,1.50
2013.10.14 18:03:36.277,0.9345,0.93467,1.13,3.75
2013.10.14 18:03:36.402,0.9345,0.9346,1.88,1.13
2013.10.14 18:03:36.710,0.93446,0.93456,1.13,1.50
2013.10.14 18:03:36.960,0.93445,0.93462,3.00,1.88
2013.10.14 18:03:37.148,0.93446,0.93462,2.25,3.38
2013.10.14 18:03:37.507,0.93448,0.93457,1.50,1.88
2013.10.14 18:03:38.048,0.93446,0.93457,2.25,1.88
2013.10.14 18:03:38.109,0.93444,0.93457,1.50,1.88
2013.10.14 18:03:38.549,0.93446,0.9346,2.25,1.50
2013.10.14 18:03:38.667,0.93447,0.93461,1.50,1.50
2013.10.14 18:03:39.208,0.93448,0.93462,1.50,1.13
2013.10.14 18:03:39.448,0.93448,0.93463,2.25,2.63
2013.10.14 18:03:39.627,0.93444,0.93458,2.25,1.13
2013.10.14 18:03:40.638,0.93444,0.9346,3.75,2.10
2013.10.14 18:03:40.759,0.93445,0.93458,1.50,1.50
2013.10.14 18:03:40.818,0.93446,0.9346,1.50,1.50
2013.10.14 18:03:41.177,0.93446,0.93461,1.50,1.50
2013.10.14 18:03:42.793,0.93446,0.93461,2.25,1.50
2013.10.14 18:03:42.930,0.93451,0.93462,1.13,2.85
2013.10.14 18:03:43.181,0.93456,0.93469,3.38,1.50
2013.10.14 18:03:43.368,0.93459,0.93474,1.50,1.50
2013.10.14 18:03:43.430,0.93459,0.93475,1.50,2.25
2013.10.14 18:03:43.619,0.93458,0.93474,2.25,1.35
2013.10.14 18:03:43.979,0.93457,0.93471,1.13,2.10
2013.10.14 18:03:44.398,0.93456,0.93472,1.88,1.50
2013.10.14 18:03:44.577,0.93457,0.93472,1.35,1.50
2013.10.14 18:03:44.757,0.93458,0.93473,2.25,1.50
2013.10.14 18:03:44.997,0.93461,0.93477,2.25,1.50
2013.10.14 18:03:45.197,0.93459,0.93476,3.00,1.50
2013.10.14 18:03:47.887,0.9346,0.93476,2.25,1.50
2013.10.14 18:03:48.189,0.93466,0.93478,1.50,1.35
2013.10.14 18:03:50.029,0.93466,0.93478,1.50,1.35
2013.10.14 18:03:50.327,0.93462,0.93478,1.50,1.35
2013.10.14 18:03:50.887,0.93463,0.93478,1.50,2.10
2013.10.14 18:03:52.717,0.93462,0.93473,1.50,1.50
2013.10.14 18:03:52.779,0.93461,0.93473,1.50,1.50
2013.10.14 18:03:52.848,0.9346,0.93471,1.50,1.35
2013.10.14 18:03:52.907,0.93457,0.93471,1.50,1.35
2013.10.14 18:03:53.447,0.93455,0.93469,1.13,1.50
2013.10.14 18:03:53.697,0.93455,0.9347,1.50,1.50
2013.10.14 18:03:54.791,0.93453,0.93468,1.50,1.50
2013.10.14 18:03:54.917,0.93455,0.93469,1.50,1.50
2013.10.14 18:03:55.098,0.93459,0.93472,1.50,1.50
2013.10.14 18:03:55.948,0.93459,0.93472,1.50,1.50
2013.10.14 18:03:56.427,0.93459,0.93471,1.50,1.50
2013.10.14 18:03:56.728,0.93457,0.93471,1.50,1.50
2013.10.14 18:03:56.922,0.93455,0.9347,3.00,1.50
2013.10.14 18:03:57.048,0.93457,0.93472,1.50,1.50
2013.10.14 18:03:57.408,0.93464,0.93478,1.50,1.35
2013.10.14 18:03:58.759,0.93463,0.93478,1.88,1.35
2013.10.14 18:03:59.308,0.93463,0.93478,1.88,2.10
2013.10.14 18:03:59.938,0.93463,0.93469,1.50,1.35
2013.10.14 18:04:00.000,0.93458,0.93469,3.00,1.35
2013.10.14 18:04:00.067,0.93458,0.93469,1.50,1.35
2013.10.14 18:04:00.307,0.93461,0.93475,1.50,2.85
2013.10.14 18:04:02.668,0.93461,0.93473,1.88,1.50
2013.10.14 18:04:03.359,0.93461,0.93475,4.13,2.10
2013.10.14 18:04:03.657,0.93465,0.93476,2.25,1.50
2013.10.14 18:04:04.017,0.93473,0.93481,2.25,2.25
2013.10.14 18:04:04.077,0.93473,0.93485,3.00,3.00
2013.10.14 18:04:04.257,0.93474,0.93487,1.50,1.35
2013.10.14 18:04:04.908,0.93474,0.93488,1.50,1.35
2013.10.14 18:04:05.567,0.93475,0.93488,1.50,1.35
2013.10.14 18:04:05.689,0.93476,0.93489,3.75,1.35
2013.10.14 18:04:05.749,0.93478,0.9349,1.50,1.13
2013.10.14 18:04:05.869,0.93479,0.93494,1.50,1.88
2013.10.14 18:04:06.429,0.9348,0.93494,1.13,1.13
2013.10.14 18:04:06.757,0.93482,0.93496,2.48,1.50
2013.10.14 18:04:07.897,0.93484,0.93498,1.13,3.75
2013.10.14 18:04:07.958,0.93484,0.93498,1.88,1.50
2013.10.14 18:04:08.080,0.93484,0.9349,1.13,2.10
2013.10.14 18:04:08.209,0.9348,0.9349,1.13,3.23
2013.10.14 18:04:08.270,0.93479,0.93488,1.50,1.35
2013.10.14 18:04:08.329,0.93477,0.93484,1.13,2.25
2013.10.14 18:04:08.449,0.93472,0.93482,1.13,1.50
2013.10.14 18:04:08.987,0.93471,0.93482,1.13,2.25
2013.10.14 18:04:09.489,0.93472,0.93482,1.13,2.63
2013.10.14 18:04:09.909,0.93473,0.93485,1.13,1.50
2013.10.14 18:04:10.401,0.93472,0.93483,1.13,1.88
2013.10.14 18:04:13.908,0.93471,0.93482,1.13,1.50
2013.10.14 18:04:14.027,0.93467,0.93481,1.50,1.73
2013.10.14 18:04:14.786,0.93467,0.93481,1.50,2.48
2013.10.14 18:04:16.687,0.93467,0.93479,2.63,1.50
2013.10.14 18:04:17.032,0.9347,0.93482,2.10,1.50
2013.10.14 18:04:17.837,0.93469,0.93477,1.13,2.25
2013.10.14 18:04:17.957,0.93468,0.93476,1.50,2.25
2013.10.14 18:04:18.017,0.93468,0.93476,1.13,2.25
2013.10.14 18:04:18.137,0.93468,0.93476,1.13,1.50
2013.10.14 18:04:18.377,0.93468,0.93479,1.13,1.50
2013.10.14 18:04:18.707,0.93468,0.9348,1.88,2.25
2013.10.14 18:04:18.901,0.93469,0.93479,1.13,1.50
2013.10.14 18:04:19.624,0.93469,0.93479,1.13,1.50
2013.10.14 18:04:20.135,0.93469,0.93479,1.13,1.50
2013.10.14 18:04:20.677,0.9347,0.93481,1.50,1.50
2013.10.14 18:04:22.187,0.93472,0.93481,1.13,1.50
2013.10.14 18:04:22.548,0.93478,0.93487,1.35,2.25
2013.10.14 18:04:22.667,0.93478,0.93489,1.35,1.50
2013.10.14 18:04:22.727,0.93477,0.93489,1.73,1.50
2013.10.14 18:04:22.967,0.93477,0.93489,1.13,2.25
2013.10.14 18:04:23.327,0.93477,0.93485,1.13,1.50
2013.10.14 18:04:24.118,0.93477,0.93485,1.13,1.50
2013.10.14 18:04:24.327,0.93477,0.93485,1.13,1.50
2013.10.14 18:04:25.218,0.93477,0.93486,1.13,1.50
2013.10.14 18:04:25.757,0.93477,0.93487,1.13,1.50
2013.10.14 18:04:26.587,0.93475,0.93487,1.73,1.50
2013.10.14 18:04:26.651,0.93475,0.93487,1.73,1.50
2013.10.14 18:04:28.397,0.93475,0.93483,1.73,1.50
2013.10.14 18:04:28.579,0.93468,0.9348,1.13,1.50
2013.10.14 18:04:28.878,0.93468,0.93481,2.48,1.50
2013.10.14 18:04:29.237,0.93468,0.93481,1.13,1.50
2013.10.14 18:04:29.537,0.93466,0.93481,1.13,2.25
2013.10.14 18:04:30.207,0.93466,0.9348,1.13,1.13
2013.10.14 18:04:30.447,0.93464,0.93479,1.13,1.88
2013.10.14 18:04:30.567,0.93464,0.93476,1.13,2.25
2013.10.14 18:04:32.147,0.93462,0.93475,1.13,1.50
2013.10.14 18:04:36.277,0.93464,0.93475,1.13,1.50
2013.10.14 18:04:36.337,0.93464,0.93476,1.13,1.50
2013.10.14 18:04:36.707,0.93464,0.93476,1.13,1.50
2013.10.14 18:04:36.948,0.93464,0.93476,1.13,1.50
2013.10.14 18:04:37.127,0.93461,0.93474,1.13,2.25
2013.10.14 18:04:37.709,0.9346,0.93473,1.13,1.88
2013.10.14 18:04:38.539,0.93461,0.93472,1.50,1.13
2013.10.14 18:04:40.687,0.93461,0.93472,1.50,1.13
2013.10.14 18:04:41.117,0.9346,0.93472,1.50,1.13
2013.10.14 18:04:42.389,0.93462,0.9347,2.10,1.13
2013.10.14 18:04:42.568,0.93468,0.93479,1.13,6.38
2013.10.14 18:04:42.688,0.93467,0.93482,1.88,2.63
2013.10.14 18:04:42.867,0.93463,0.93475,1.88,2.25
2013.10.14 18:04:42.930,0.93466,0.93475,1.13,1.50
2013.10.14 18:04:42.988,0.93463,0.93475,2.85,1.50
2013.10.14 18:04:43.048,0.93461,0.93475,1.88,2.25
2013.10.14 18:04:43.167,0.93461,0.93472,1.13,2.25
2013.10.14 18:04:43.647,0.93458,0.93471,1.73,1.50
2013.10.14 18:04:44.028,0.93458,0.93471,2.10,1.50
2013.10.14 18:04:44.270,0.93468,0.93477,1.50,1.13
2013.10.14 18:04:44.398,0.93473,0.93484,1.13,1.50
2013.10.14 18:04:44.519,0.93473,0.93487,1.13,1.88
2013.10.14 18:04:47.168,0.93474,0.93486,1.13,1.50
2013.10.14 18:04:48.017,0.93474,0.93486,1.13,1.50
2013.10.14 18:04:48.138,0.93475,0.93487,1.88,1.50
2013.10.14 18:04:48.259,0.93478,0.93489,1.13,1.50
2013.10.14 18:04:48.381,0.93478,0.93492,2.25,1.50
2013.10.14 18:04:48.568,0.93479,0.93495,1.13,1.50
2013.10.14 18:04:48.687,0.93482,0.93498,1.50,3.00
2013.10.14 18:04:49.047,0.93483,0.93499,1.50,1.50
2013.10.14 18:04:49.168,0.93481,0.93497,1.88,1.50
2013.10.14 18:04:49.727,0.93481,0.93495,1.13,1.50
2013.10.14 18:04:50.347,0.9348,0.93494,1.88,1.50
2013.10.14 18:04:50.408,0.93489,0.93501,3.60,2.48
2013.10.14 18:04:50.480,0.93492,0.93497,1.88,2.25
2013.10.14 18:04:50.547,0.93492,0.93498,1.88,1.50
2013.10.14 18:04:50.669,0.93497,0.93503,1.50,5.25
2013.10.14 18:04:50.727,0.93497,0.93506,1.50,1.13
2013.10.14 18:04:50.789,0.93495,0.93506,3.57,1.13
2013.10.14 18:04:50.848,0.93499,0.93508,2.10,2.25
2013.10.14 18:04:50.968,0.93499,0.93509,2.10,1.50
2013.10.14 18:04:51.207,0.93495,0.93508,2.10,1.50
2013.10.14 18:04:51.785,0.93495,0.93508,2.10,1.50
2013.10.14 18:04:52.298,0.93496,0.93512,2.25,1.50
2013.10.14 18:04:52.358,0.93499,0.93515,1.13,2.25
2013.10.14 18:04:52.717,0.93499,0.93515,1.88,1.88
2013.10.14 18:04:53.247,0.93499,0.93514,1.88,1.13
2013.10.14 18:04:53.791,0.93499,0.93513,1.88,1.13
2013.10.14 18:04:54.337,0.93496,0.93511,1.13,2.10
2013.10.14 18:04:54.697,0.93495,0.93509,1.13,1.50
2013.10.14 18:04:55.417,0.93497,0.9351,1.88,1.50
2013.10.14 18:04:55.658,0.935,0.93514,2.48,1.88
2013.10.14 18:04:56.199,0.93502,0.93516,2.10,1.13
2013.10.14 18:04:57.169,0.93502,0.93515,1.13,1.13
2013.10.14 18:04:57.680,0.93501,0.93515,1.50,1.88
2013.10.14 18:04:57.752,0.93499,0.93514,1.13,1.50
2013.10.14 18:04:58.275,0.93499,0.93514,1.13,1.50
2013.10.14 18:05:00.268,0.93499,0.93515,1.50,2.63
2013.10.14 18:05:00.331,0.93499,0.93514,1.50,1.50
2013.10.14 18:05:00.637,0.93502,0.93512,2.10,1.50
2013.10.14 18:05:00.908,0.935,0.93513,2.67,2.25
2013.10.14 18:05:01.267,0.93501,0.93514,2.48,1.50
2013.10.14 18:05:01.567,0.93499,0.93515,1.73,3.00
2013.10.14 18:05:01.748,0.93499,0.93513,1.35,1.88
2013.10.14 18:05:02.537,0.93499,0.93513,1.35,2.25
2013.10.14 18:05:03.857,0.93499,0.93513,1.35,2.63
2013.10.14 18:05:04.213,0.93498,0.93512,3.23,1.88
2013.10.14 18:05:05.253,0.93497,0.9351,1.88,1.13
2013.10.14 18:05:05.558,0.935,0.93511,1.17,1.50
2013.10.14 18:05:05.918,0.9349,0.93502,2.25,1.50
2013.10.14 18:05:06.097,0.9349,0.93503,1.35,1.88
2013.10.14 18:05:06.217,0.9349,0.93504,1.50,1.13
2013.10.14 18:05:06.637,0.93491,0.93503,1.50,1.13
2013.10.14 18:05:07.178,0.93493,0.93507,1.13,1.13
2013.10.14 18:05:07.769,0.93493,0.93508,1.13,1.50
2013.10.14 18:05:08.009,0.93496,0.93509,1.13,1.13
2013.10.14 18:05:08.130,0.93498,0.9351,1.13,1.50
2013.10.14 18:05:08.438,0.93498,0.93512,1.88,1.13
2013.10.14 18:05:08.617,0.935,0.93512,1.13,1.88
2013.10.14 18:05:09.229,0.93502,0.93514,1.13,3.00
2013.10.14 18:05:09.299,0.93501,0.93515,1.13,1.88
2013.10.14 18:05:10.207,0.93502,0.93516,1.13,1.88
2013.10.14 18:05:10.268,0.93502,0.93516,3.38,1.88
2013.10.14 18:05:10.817,0.93503,0.93516,1.13,1.13
2013.10.14 18:05:11.128,0.93504,0.93517,1.88,1.13
2013.10.14 18:05:11.488,0.93505,0.93518,2.85,1.13
2013.10.14 18:05:14.680,0.93503,0.93513,1.13,1.13
2013.10.14 18:05:14.931,0.93505,0.93514,2.48,1.50
2013.10.14 18:05:15.119,0.93505,0.93515,1.50,2.25
2013.10.14 18:05:15.178,0.93505,0.93517,1.50,1.50
2013.10.14 18:05:15.479,0.93513,0.93523,2.25,1.13
2013.10.14 18:05:16.028,0.93514,0.93525,2.25,1.13
2013.10.14 18:05:16.339,0.93512,0.93524,1.88,1.13
2013.10.14 18:05:17.298,0.93512,0.93524,1.13,1.13
2013.10.14 18:05:18.510,0.9351,0.93522,2.48,1.13
2013.10.14 18:05:18.639,0.9351,0.93521,1.73,1.13
2013.10.14 18:05:18.760,0.93506,0.93519,1.13,1.13
2013.10.14 18:05:18.998,0.93505,0.93519,1.88,1.50
2013.10.14 18:05:19.300,0.93511,0.93522,1.13,1.50
2013.10.14 18:05:19.659,0.93513,0.93527,1.13,1.50
2013.10.14 18:05:19.777,0.93513,0.93528,1.13,2.25
2013.10.14 18:05:20.331,0.93513,0.93528,1.13,1.88
2013.10.14 18:05:20.648,0.93513,0.93528,1.50,1.50
2013.10.14 18:05:21.234,0.93519,0.9353,2.63,3.00
2013.10.14 18:05:21.310,0.93527,0.93542,1.13,1.88
2013.10.14 18:05:21.497,0.93527,0.93542,1.13,1.50
2013.10.14 18:05:22.469,0.93527,0.93541,1.50,1.13
2013.10.14 18:05:24.439,0.93528,0.93542,1.88,1.50
2013.10.14 18:05:24.978,0.93528,0.93541,1.13,1.50
2013.10.14 18:05:25.127,0.93528,0.93541,1.13,1.50
2013.10.14 18:05:25.887,0.93526,0.9354,2.10,1.88
2013.10.14 18:05:26.438,0.93524,0.93537,2.48,1.13
2013.10.14 18:05:27.907,0.93524,0.93537,1.88,1.13
2013.10.14 18:05:28.027,0.93522,0.93537,1.88,1.88
2013.10.14 18:05:28.088,0.93522,0.93536,1.13,2.63
2013.10.14 18:05:28.208,0.9352,0.93533,1.73,1.50
2013.10.14 18:05:28.647,0.93518,0.93531,1.88,1.50
2013.10.14 18:05:29.537,0.93518,0.93531,1.88,1.50
2013.10.14 18:05:30.249,0.93516,0.93528,1.73,1.13
2013.10.14 18:05:30.427,0.93513,0.93527,1.13,1.50
2013.10.14 18:05:30.487,0.93512,0.93527,1.50,1.50
2013.10.14 18:05:30.608,0.93511,0.93525,1.88,1.50
2013.10.14 18:05:30.668,0.93508,0.93522,1.13,1.50
2013.10.14 18:05:30.727,0.93507,0.93521,1.13,1.50
2013.10.14 18:05:30.848,0.93505,0.93519,1.73,1.88
2013.10.14 18:05:31.038,0.93505,0.93519,2.48,1.50
2013.10.14 18:05:31.399,0.93506,0.93518,1.50,1.50
2013.10.14 18:05:31.947,0.93506,0.93518,1.13,1.50
2013.10.14 18:05:32.789,0.93505,0.93518,1.13,1.50
2013.10.14 18:05:34.037,0.93505,0.93518,1.13,2.25
2013.10.14 18:05:34.399,0.93506,0.93519,1.88,1.50
2013.10.14 18:05:34.578,0.93508,0.93523,1.88,1.50
2013.10.14 18:05:34.762,0.93513,0.93524,2.10,2.25
2013.10.14 18:05:34.888,0.93511,0.93522,1.13,1.50
2013.10.14 18:05:34.948,0.9351,0.93522,1.13,2.25
2013.10.14 18:05:35.007,0.93507,0.93522,2.48,3.00
2013.10.14 18:05:35.388,0.93508,0.93519,2.10,2.25
2013.10.14 18:05:35.837,0.93505,0.93517,1.50,2.25
2013.10.14 18:05:35.898,0.93505,0.93515,1.13,2.25
2013.10.14 18:05:36.078,0.93502,0.93514,2.48,1.50
2013.10.14 18:05:36.137,0.93502,0.93509,2.10,1.50
2013.10.14 18:05:36.317,0.93502,0.9351,2.10,1.50
2013.10.14 18:05:36.497,0.93502,0.9351,2.10,3.00
2013.10.14 18:05:36.857,0.93502,0.93512,2.10,1.50
2013.10.14 18:05:36.978,0.93502,0.93516,3.23,2.25
2013.10.14 18:05:37.127,0.93505,0.93516,1.13,1.50
2013.10.14 18:05:37.368,0.93508,0.93519,1.73,1.50
2013.10.14 18:05:37.427,0.93507,0.93519,2.85,1.88
2013.10.14 18:05:37.488,0.93506,0.93519,1.50,1.88
2013.10.14 18:05:37.548,0.93505,0.93519,1.50,1.88
2013.10.14 18:05:38.027,0.93505,0.93519,1.13,1.13
2013.10.14 18:05:38.087,0.93504,0.93519,1.13,1.13
2013.10.14 18:05:38.327,0.93504,0.93521,1.88,2.63
2013.10.14 18:05:38.508,0.93504,0.93521,3.75,1.50
2013.10.14 18:05:38.868,0.93504,0.93519,2.63,1.50
2013.10.14 18:05:39.357,0.93504,0.93517,1.13,2.25
2013.10.14 18:05:39.778,0.935,0.9351,1.50,1.50
2013.10.14 18:05:40.138,0.93498,0.93507,1.13,1.50
2013.10.14 18:05:40.497,0.93498,0.93505,1.50,1.50
2013.10.14 18:05:41.047,0.93498,0.93505,1.50,1.50
2013.10.14 18:05:41.290,0.93497,0.93509,1.13,1.50
2013.10.14 18:05:41.837,0.93497,0.93509,1.13,2.25
2013.10.14 18:05:42.668,0.93498,0.93512,1.73,4.13
2013.10.14 18:05:42.727,0.93498,0.93512,2.48,1.88
2013.10.14 18:05:43.147,0.93498,0.93512,2.48,2.25
2013.10.14 18:05:43.679,0.93498,0.9351,1.73,1.50
2013.10.14 18:05:45.457,0.935,0.9351,1.35,1.50
2013.10.14 18:05:45.877,0.93497,0.93509,1.13,1.88
2013.10.14 18:05:46.507,0.93497,0.93508,1.13,1.50
2013.10.14 18:05:46.715,0.93494,0.93507,1.73,1.50
2013.10.14 18:05:47.257,0.93494,0.93506,1.13,1.50
2013.10.14 18:05:47.917,0.93493,0.93506,1.73,1.50
2013.10.14 18:05:48.217,0.93498,0.93507,1.35,1.88
2013.10.14 18:05:48.757,0.93496,0.93508,1.50,1.13
2013.10.14 18:05:50.647,0.93495,0.93508,1.73,1.88
2013.10.14 18:05:51.191,0.93498,0.93508,1.13,1.50
2013.10.14 18:05:51.744,0.93496,0.93508,1.13,1.50
2013.10.14 18:05:52.381,0.93496,0.93508,1.13,1.50
2013.10.14 18:05:52.921,0.93494,0.93508,1.73,2.25
2013.10.14 18:05:53.347,0.93494,0.93508,1.13,2.25
2013.10.14 18:05:53.667,0.93493,0.935,1.13,1.13
2013.10.14 18:05:53.791,0.93489,0.935,1.50,1.13
2013.10.14 18:05:53.858,0.93487,0.935,1.13,1.13
2013.10.14 18:05:53.978,0.93489,0.93502,1.13,1.50
2013.10.14 18:05:54.098,0.93489,0.93503,2.10,1.50
2013.10.14 18:05:54.218,0.93497,0.93507,2.25,1.13
2013.10.14 18:05:54.461,0.93496,0.93507,1.50,1.88
2013.10.14 18:05:54.651,0.93494,0.93507,1.35,1.13
2013.10.14 18:05:55.027,0.93492,0.93505,2.10,1.50
2013.10.14 18:05:59.627,0.93493,0.93505,1.13,2.25
2013.10.14 18:06:00.589,0.93493,0.93503,1.13,1.13
2013.10.14 18:06:01.150,0.93492,0.93503,2.48,2.25
2013.10.14 18:06:02.408,0.93492,0.93502,2.48,1.13
2013.10.14 18:06:02.587,0.93489,0.935,1.13,1.13
2013.10.14 18:06:02.647,0.93493,0.935,2.10,1.13
2013.10.14 18:06:02.888,0.93493,0.93503,2.10,1.50
2013.10.14 18:06:07.667,0.93494,0.93503,1.35,1.50
2013.10.14 18:06:08.027,0.93495,0.93506,1.35,2.63
2013.10.14 18:06:08.208,0.93495,0.93504,1.35,1.50
2013.10.14 18:06:08.547,0.93495,0.93504,1.35,1.50
2013.10.14 18:06:09.479,0.93495,0.93506,1.35,3.00
2013.10.14 18:06:09.692,0.93496,0.93506,1.50,3.00
2013.10.14 18:06:09.878,0.93498,0.93508,1.13,1.50
2013.10.14 18:06:09.998,0.93499,0.93513,1.50,1.13
2013.10.14 18:06:10.057,0.935,0.93515,1.13,1.50
2013.10.14 18:06:10.788,0.93502,0.93517,1.13,2.25
2013.10.14 18:06:11.103,0.93506,0.9352,1.50,1.50
2013.10.14 18:06:11.289,0.93511,0.93526,3.38,1.13
2013.10.14 18:06:11.350,0.93512,0.93527,2.10,1.88
2013.10.14 18:06:11.658,0.93512,0.93525,2.10,1.50
2013.10.14 18:06:15.679,0.93512,0.93525,2.25,1.50
2013.10.14 18:06:16.020,0.93516,0.93532,1.50,1.50
2013.10.14 18:06:16.080,0.9352,0.93533,1.35,2.25
2013.10.14 18:06:16.448,0.9352,0.93534,2.48,1.50
2013.10.14 18:06:16.687,0.9352,0.93535,2.48,1.88
2013.10.14 18:06:17.277,0.9352,0.93534,2.48,1.50
2013.10.14 18:06:17.998,0.9352,0.93534,3.23,1.50
2013.10.14 18:06:19.207,0.9352,0.93534,1.50,1.50
2013.10.14 18:06:19.517,0.93523,0.93536,1.50,1.13
2013.10.14 18:06:19.818,0.9353,0.9354,1.50,1.13
2013.10.14 18:06:20.177,0.93535,0.93546,1.50,1.13
2013.10.14 18:06:20.237,0.93532,0.93546,2.48,1.13
2013.10.14 18:06:20.418,0.93535,0.93546,2.10,1.13
2013.10.14 18:06:20.777,0.93538,0.93549,1.50,1.13
2013.10.14 18:06:20.837,0.93536,0.93549,1.88,1.50
2013.10.14 18:06:20.898,0.93537,0.93549,1.13,1.50
2013.10.14 18:06:20.958,0.93537,0.9355,1.50,1.13
2013.10.14 18:06:21.077,0.93537,0.9355,1.13,1.13
2013.10.14 18:06:21.377,0.93537,0.93549,1.50,1.88
2013.10.14 18:06:21.737,0.93535,0.93549,1.88,1.13
2013.10.14 18:06:21.918,0.93535,0.93548,3.23,1.50
2013.10.14 18:06:22.458,0.93539,0.93554,1.50,1.50
2013.10.14 18:06:23.430,0.93539,0.93554,1.50,1.50
2013.10.14 18:06:23.730,0.93539,0.93554,1.88,1.50
2013.10.14 18:06:23.851,0.93541,0.93554,1.13,1.50
2013.10.14 18:06:25.638,0.93549,0.93555,1.13,9.38
2013.10.14 18:06:25.939,0.93549,0.93555,1.50,6.38
2013.10.14 18:06:26.124,0.93549,0.93555,1.88,6.38
2013.10.14 18:06:26.980,0.93549,0.93555,1.13,3.38
2013.10.14 18:06:27.100,0.93548,0.93555,2.48,2.63
2013.10.14 18:06:27.928,0.93547,0.93555,1.13,4.13
2013.10.14 18:06:28.150,0.93546,0.93555,1.13,4.13
2013.10.14 18:06:28.571,0.93546,0.93553,1.13,2.10
2013.10.14 18:06:28.701,0.93542,0.93553,1.50,2.85
2013.10.14 18:06:28.821,0.93541,0.93549,1.50,1.13
2013.10.14 18:06:28.881,0.93537,0.93549,2.63,1.13
2013.10.14 18:06:28.953,0.93537,0.93549,1.13,3.38
2013.10.14 18:06:29.259,0.93532,0.93545,2.25,2.25
2013.10.14 18:06:29.319,0.9353,0.93545,1.50,2.25
2013.10.14 18:06:29.560,0.93527,0.9354,2.25,1.50
2013.10.14 18:06:29.920,0.93527,0.93537,1.50,1.50
2013.10.14 18:06:30.618,0.93525,0.93537,1.13,1.50
2013.10.14 18:06:31.581,0.93525,0.93537,1.13,1.50
2013.10.14 18:06:32.979,0.93526,0.93537,1.73,1.50
2013.10.14 18:06:33.040,0.93526,0.93537,1.73,1.50
2013.10.14 18:06:33.218,0.9353,0.93539,1.13,1.50
2013.10.14 18:06:34.017,0.9353,0.93539,1.13,1.50
2013.10.14 18:06:34.198,0.93525,0.93539,1.50,1.50
2013.10.14 18:06:34.258,0.93525,0.93539,1.50,1.50
2013.10.14 18:06:34.807,0.93526,0.93541,2.25,1.50
2013.10.14 18:06:35.158,0.93527,0.93541,1.13,1.50
2013.10.14 18:06:35.719,0.93526,0.93539,1.13,1.88
2013.10.14 18:06:35.779,0.93524,0.93537,2.25,1.50
2013.10.14 18:06:35.898,0.93522,0.93534,1.13,1.50
2013.10.14 18:06:36.019,0.93521,0.93534,1.50,3.75
2013.10.14 18:06:36.389,0.9352,0.93531,1.13,1.50
2013.10.14 18:06:36.810,0.93524,0.93532,1.13,2.25
2013.10.14 18:06:37.048,0.93529,0.93539,1.88,1.50
2013.10.14 18:06:37.109,0.93529,0.9354,1.88,1.50
2013.10.14 18:06:37.409,0.93523,0.93537,2.10,1.50
2013.10.14 18:06:37.469,0.93523,0.93536,1.13,2.25
2013.10.14 18:06:37.828,0.93521,0.93534,1.13,3.00
2013.10.14 18:06:38.591,0.93523,0.93533,1.13,1.50
2013.10.14 18:06:39.672,0.93524,0.93533,1.35,1.50
2013.10.14 18:06:40.160,0.93527,0.93534,1.50,3.00
2013.10.14 18:06:40.280,0.93528,0.93539,1.73,1.50
2013.10.14 18:06:40.400,0.93531,0.93541,1.35,2.25
2013.10.14 18:06:41.280,0.93533,0.93542,1.13,1.50
2013.10.14 18:06:41.340,0.93526,0.93542,2.85,1.50
2013.10.14 18:06:41.460,0.93526,0.93542,1.88,1.50
2013.10.14 18:06:41.580,0.93526,0.93541,1.88,1.50
2013.10.14 18:06:41.949,0.93522,0.93536,3.38,1.50
2013.10.14 18:06:42.308,0.93527,0.93541,1.50,2.25
2013.10.14 18:06:42.368,0.93524,0.9354,1.88,1.50
2013.10.14 18:06:43.128,0.93525,0.93538,1.50,1.50
2013.10.14 18:06:43.630,0.93525,0.93538,1.13,1.50
2013.10.14 18:06:43.990,0.93524,0.93538,1.13,1.50
2013.10.14 18:06:45.298,0.93526,0.9354,1.13,3.00
2013.10.14 18:06:45.479,0.9352,0.93536,1.88,1.50
2013.10.14 18:06:45.539,0.9352,0.93536,1.88,1.50
2013.10.14 18:06:45.961,0.93519,0.93535,3.00,3.00
2013.10.14 18:06:46.530,0.93517,0.9353,1.13,1.50
2013.10.14 18:06:47.200,0.93513,0.93527,1.73,1.50
2013.10.14 18:06:47.501,0.9351,0.93524,1.13,1.50
2013.10.14 18:06:47.919,0.93507,0.93521,1.13,1.50
2013.10.14 18:06:48.040,0.93504,0.93521,1.50,3.75
2013.10.14 18:06:48.162,0.93503,0.93519,1.13,3.00
2013.10.14 18:06:48.471,0.93501,0.93516,2.25,1.50
2013.10.14 18:06:48.950,0.93502,0.93518,3.00,1.50
2013.10.14 18:06:49.259,0.9351,0.93521,1.50,1.88
2013.10.14 18:06:49.860,0.93509,0.93525,3.00,1.88
2013.10.14 18:06:49.980,0.9351,0.93525,2.25,1.88
2013.10.14 18:06:50.041,0.93509,0.93525,2.25,1.88
2013.10.14 18:06:50.279,0.93512,0.93525,2.25,1.50
2013.10.14 18:06:50.400,0.93515,0.93528,1.50,1.50
2013.10.14 18:06:50.519,0.93516,0.93531,3.00,1.35
2013.10.14 18:06:51.058,0.93517,0.93531,2.25,2.25
2013.10.14 18:06:51.359,0.93517,0.93529,2.25,2.25
2013.10.14 18:06:51.481,0.93512,0.93526,1.50,2.25
2013.10.14 18:06:52.909,0.93518,0.93526,1.13,1.50
2013.10.14 18:06:53.210,0.93525,0.93535,1.13,3.00
2013.10.14 18:06:53.269,0.93525,0.93535,1.88,1.50
2013.10.14 18:06:53.330,0.93525,0.93537,1.13,1.50
2013.10.14 18:06:53.511,0.93526,0.93538,2.25,1.50
2013.10.14 18:06:53.580,0.93527,0.93541,1.50,1.50
2013.10.14 18:06:53.640,0.93526,0.93541,2.25,1.50
2013.10.14 18:06:53.700,0.93524,0.93539,1.73,1.50
2013.10.14 18:06:53.999,0.93523,0.93537,1.13,1.50
2013.10.14 18:06:54.638,0.93521,0.93535,1.13,1.50
2013.10.14 18:06:55.598,0.93523,0.93535,1.13,1.35
2013.10.14 18:06:55.719,0.93524,0.93534,1.50,1.13
2013.10.14 18:06:56.260,0.93521,0.93534,1.88,1.88
2013.10.14 18:06:56.839,0.93519,0.93533,1.13,2.25
2013.10.14 18:06:56.959,0.93519,0.93533,1.13,2.25
2013.10.14 18:06:58.929,0.93516,0.9353,1.50,1.50
2013.10.14 18:06:58.990,0.93514,0.93528,2.63,1.50
2013.10.14 18:06:59.168,0.93514,0.93527,1.88,1.50
2013.10.14 18:06:59.472,0.93514,0.93528,1.50,3.00
2013.10.14 18:06:59.720,0.93519,0.93533,1.50,1.50
2013.10.14 18:06:59.779,0.93519,0.93534,1.50,2.25
2013.10.14 18:07:00.908,0.93522,0.93534,1.13,1.50
2013.10.14 18:07:01.269,0.93523,0.93536,1.13,1.50
2013.10.14 18:07:01.789,0.93523,0.93536,2.25,1.50
2013.10.14 18:07:02.299,0.93525,0.93535,1.13,1.50
2013.10.14 18:07:02.418,0.93525,0.93535,1.13,1.50
2013.10.14 18:07:02.958,0.93524,0.93535,1.50,1.50
2013.10.14 18:07:03.509,0.93524,0.93535,1.13,1.50
2013.10.14 18:07:04.096,0.93523,0.93535,1.13,1.50
2013.10.14 18:07:04.650,0.93521,0.93534,1.50,1.50
2013.10.14 18:07:04.711,0.9352,0.93533,1.13,1.35
2013.10.14 18:07:05.078,0.93516,0.93532,1.88,1.88
2013.10.14 18:07:05.551,0.93523,0.93532,2.10,1.13
2013.10.14 18:07:05.679,0.93526,0.93533,1.35,1.13
2013.10.14 18:07:05.799,0.93526,0.93538,2.48,1.50
2013.10.14 18:07:05.859,0.93526,0.93539,2.48,1.50
2013.10.14 18:07:06.418,0.93527,0.93543,1.50,1.50
2013.10.14 18:07:06.778,0.9353,0.93544,1.13,1.88
2013.10.14 18:07:07.798,0.9353,0.93544,1.13,1.50
2013.10.14 18:07:08.280,0.9353,0.93543,1.88,1.35
2013.10.14 18:07:12.080,0.9353,0.93541,1.50,1.50
2013.10.14 18:07:12.259,0.93531,0.93543,1.88,1.50
2013.10.14 18:07:12.658,0.93532,0.93543,1.88,1.50
2013.10.14 18:07:13.208,0.93534,0.93546,1.35,1.50
2013.10.14 18:07:13.748,0.93534,0.93546,1.73,1.50
2013.10.14 18:07:14.318,0.93534,0.93544,1.13,1.50
2013.10.14 18:07:14.818,0.93532,0.93543,1.13,1.50
2013.10.14 18:07:15.720,0.93532,0.93543,1.13,1.50
2013.10.14 18:07:15.959,0.93532,0.93546,1.13,2.25
2013.10.14 18:07:16.570,0.93532,0.93546,1.13,2.25
2013.10.14 18:07:18.859,0.93532,0.93546,1.13,2.25
2013.10.14 18:07:18.918,0.93532,0.93546,1.13,2.25
2013.10.14 18:07:19.218,0.93532,0.93546,1.13,2.25
2013.10.14 18:07:21.219,0.93532,0.93546,1.13,2.25
2013.10.14 18:07:21.769,0.93538,0.93548,1.73,2.25
2013.10.14 18:07:21.829,0.93539,0.93552,1.13,1.50
2013.10.14 18:07:21.889,0.93539,0.93552,1.13,1.50
2013.10.14 18:07:23.353,0.9354,0.93552,1.13,1.50
2013.10.14 18:07:23.905,0.93539,0.93553,1.50,2.25
2013.10.14 18:07:25.269,0.93539,0.93553,1.50,3.00
2013.10.14 18:07:25.389,0.93538,0.93552,2.85,2.25
2013.10.14 18:07:25.569,0.93541,0.93555,3.23,5.63
2013.10.14 18:07:25.629,0.93541,0.93555,3.23,6.38
2013.10.14 18:07:25.930,0.93545,0.93555,1.13,4.88
2013.10.14 18:07:26.169,0.93545,0.93555,1.13,5.63
2013.10.14 18:07:26.289,0.93545,0.93555,1.50,5.63
2013.10.14 18:07:26.588,0.93551,0.93562,1.35,1.50
2013.10.14 18:07:26.829,0.93551,0.93562,1.73,1.50
2013.10.14 18:07:27.309,0.93552,0.93561,1.13,1.50
2013.10.14 18:07:27.830,0.93549,0.93561,1.50,1.50
2013.10.14 18:07:27.949,0.93549,0.93562,1.50,1.88
2013.10.14 18:07:29.169,0.9355,0.93562,1.13,1.88
2013.10.14 18:07:29.352,0.93549,0.93561,2.25,1.50
2013.10.14 18:07:29.478,0.93549,0.93561,2.25,1.50
2013.10.14 18:07:29.839,0.93543,0.93558,1.13,3.00
2013.10.14 18:07:29.900,0.93542,0.93555,1.13,3.00
2013.10.14 18:07:30.021,0.9354,0.93551,1.13,1.50
2013.10.14 18:07:30.261,0.9354,0.93554,1.50,1.50
2013.10.14 18:07:30.509,0.9354,0.93554,2.10,1.50
2013.10.14 18:07:30.569,0.9354,0.93554,2.10,1.50
2013.10.14 18:07:31.709,0.93543,0.93555,1.13,1.50
2013.10.14 18:07:32.672,0.93543,0.93556,1.50,1.88
2013.10.14 18:07:32.919,0.93539,0.93552,1.13,1.50
2013.10.14 18:07:33.471,0.93539,0.93553,1.73,1.50
2013.10.14 18:07:36.070,0.9354,0.93554,1.13,3.00
2013.10.14 18:07:36.609,0.93542,0.93556,1.88,2.25
2013.10.14 18:07:36.848,0.93542,0.93556,1.50,2.25
2013.10.14 18:07:36.969,0.93542,0.93556,1.88,2.25
2013.10.14 18:07:37.550,0.93542,0.93556,1.88,2.25
2013.10.14 18:07:38.619,0.93542,0.93556,1.88,1.50
2013.10.14 18:07:38.741,0.93542,0.93556,1.88,1.50
2013.10.14 18:07:39.090,0.93542,0.93557,1.88,2.25
2013.10.14 18:07:39.511,0.93542,0.93557,1.88,2.25
2013.10.14 18:07:40.731,0.93542,0.93557,1.88,2.25
2013.10.14 18:07:41.240,0.93542,0.93557,1.88,2.25
2013.10.14 18:07:41.359,0.93542,0.93555,1.88,1.35
2013.10.14 18:07:43.712,0.93544,0.93556,1.73,1.50
2013.10.14 18:07:44.019,0.93545,0.93561,1.73,2.25
2013.10.14 18:07:44.308,0.93546,0.93561,1.73,1.50
2013.10.14 18:07:45.389,0.93546,0.93561,2.48,2.25
2013.10.14 18:07:46.219,0.93546,0.9356,1.73,1.50
2013.10.14 18:07:46.738,0.93548,0.93563,1.13,1.88
2013.10.14 18:07:46.918,0.93548,0.93563,1.13,1.88
2013.10.14 18:07:47.796,0.93548,0.93562,1.88,2.25
2013.10.14 18:07:49.788,0.93549,0.93561,1.13,2.25
2013.10.14 18:07:50.368,0.93546,0.9356,2.48,6.75
2013.10.14 18:07:50.450,0.93546,0.93555,2.48,3.75
2013.10.14 18:07:53.551,0.93552,0.93559,1.13,1.50
2013.10.14 18:07:53.729,0.93552,0.9356,1.13,6.00
2013.10.14 18:07:53.788,0.93554,0.93561,1.13,1.50
2013.10.14 18:07:53.909,0.93552,0.93561,3.23,1.50
2013.10.14 18:07:54.448,0.93547,0.93561,2.40,2.25
2013.10.14 18:07:54.688,0.93547,0.93557,1.50,1.28
2013.10.14 18:07:56.511,0.93547,0.93557,1.13,1.28
2013.10.14 18:07:56.818,0.93547,0.93557,1.13,1.28
2013.10.14 18:08:03.250,0.93548,0.93557,1.13,1.28
2013.10.14 18:08:03.851,0.93549,0.93558,1.13,2.03
2013.10.14 18:08:03.920,0.93553,0.93561,2.63,1.50
2013.10.14 18:08:03.980,0.93555,0.93563,1.13,1.50
2013.10.14 18:08:04.040,0.93557,0.93567,1.13,1.50
2013.10.14 18:08:04.279,0.93555,0.9357,1.13,1.50
2013.10.14 18:08:04.518,0.93555,0.93569,1.13,1.50
2013.10.14 18:08:05.098,0.93556,0.9357,1.13,1.50
2013.10.14 18:08:05.646,0.93557,0.93571,1.13,1.50
2013.10.14 18:08:06.168,0.93557,0.93571,1.88,1.50
2013.10.14 18:08:06.716,0.93554,0.93567,1.88,1.50
2013.10.14 18:08:07.309,0.93554,0.93567,1.88,1.50
2013.10.14 18:08:07.629,0.93554,0.93568,1.88,2.25
2013.10.14 18:08:08.380,0.93554,0.93568,1.88,2.25
2013.10.14 18:08:10.110,0.93554,0.93568,1.88,2.25
2013.10.14 18:08:10.599,0.93554,0.93568,1.88,2.25
2013.10.14 18:08:12.679,0.93554,0.93567,1.13,1.50
2013.10.14 18:08:13.041,0.93552,0.93563,1.88,1.50
2013.10.14 18:08:13.798,0.93552,0.93563,1.88,1.50
2013.10.14 18:08:14.722,0.93549,0.93563,2.10,2.25
2013.10.14 18:08:17.127,0.93552,0.93564,1.13,3.00
2013.10.14 18:08:17.428,0.93552,0.93564,1.13,1.50
2013.10.14 18:08:19.840,0.93552,0.93564,1.13,1.50
2013.10.14 18:08:20.387,0.93552,0.93564,1.13,1.50
2013.10.14 18:08:20.569,0.93552,0.93564,1.13,2.25
2013.10.14 18:08:23.459,0.93552,0.93563,1.13,1.50
2013.10.14 18:08:23.759,0.9355,0.93563,1.13,2.25
2013.10.14 18:08:24.773,0.93549,0.93563,2.63,2.25
2013.10.14 18:08:25.312,0.93549,0.93563,2.63,2.25
2013.10.14 18:08:26.280,0.93549,0.93563,2.25,2.25
2013.10.14 18:08:27.967,0.93549,0.9356,2.25,1.50
2013.10.14 18:08:28.272,0.93551,0.93562,2.63,1.50
2013.10.14 18:08:28.579,0.93555,0.93568,1.88,1.13
2013.10.14 18:08:28.878,0.93555,0.9357,2.63,2.25
2013.10.14 18:08:30.809,0.93552,0.93565,2.10,1.50
2013.10.14 18:08:31.293,0.9355,0.93559,1.13,1.50
2013.10.14 18:08:31.370,0.93547,0.93559,1.88,1.50
2013.10.14 18:08:31.619,0.93548,0.93559,1.13,1.50
2013.10.14 18:08:31.679,0.93549,0.93561,1.50,1.50
2013.10.14 18:08:31.739,0.93551,0.93562,1.50,1.50
2013.10.14 18:08:32.478,0.93549,0.93562,2.10,1.50
2013.10.14 18:08:32.839,0.93548,0.93561,1.13,1.50
2013.10.14 18:08:32.959,0.93546,0.93561,1.88,1.50
2013.10.14 18:08:33.180,0.93548,0.93561,1.13,1.50
2013.10.14 18:08:34.802,0.93548,0.93561,1.50,1.50
2013.10.14 18:08:34.869,0.93547,0.93561,1.13,1.50
2013.10.14 18:08:36.062,0.93547,0.9356,1.13,1.50
2013.10.14 18:08:36.181,0.93543,0.93558,1.13,2.25
2013.10.14 18:08:36.539,0.93539,0.93551,1.50,1.50
2013.10.14 18:08:36.808,0.93536,0.93551,1.50,1.50
2013.10.14 18:08:37.108,0.93535,0.9355,1.50,1.50
2013.10.14 18:08:38.238,0.93535,0.9355,2.25,1.50
2013.10.14 18:08:39.960,0.93535,0.93549,2.63,1.50
2013.10.14 18:08:40.680,0.93534,0.93548,1.13,2.25
2013.10.14 18:08:40.979,0.93529,0.93544,3.38,1.50
2013.10.14 18:08:41.402,0.93531,0.93545,1.50,1.50
2013.10.14 18:08:41.950,0.93532,0.93546,3.75,1.50
2013.10.14 18:08:44.908,0.93533,0.93546,1.13,1.50
2013.10.14 18:08:51.270,0.93534,0.93547,2.25,1.50
2013.10.14 18:08:51.449,0.93535,0.93549,1.50,1.50
2013.10.14 18:08:52.610,0.93536,0.93549,2.25,1.50
2013.10.14 18:08:52.910,0.93542,0.93557,1.13,1.50
2013.10.14 18:08:52.969,0.93542,0.93557,1.13,1.50
2013.10.14 18:08:53.448,0.93542,0.93557,1.13,1.50
2013.10.14 18:08:54.001,0.93543,0.93557,1.50,1.50
2013.10.14 18:08:54.319,0.93543,0.93557,1.50,2.25
2013.10.14 18:08:54.739,0.9354,0.93554,1.13,1.50
2013.10.14 18:08:54.859,0.9354,0.93553,1.13,2.25
2013.10.14 18:08:54.980,0.93542,0.93555,1.13,1.50
2013.10.14 18:08:55.098,0.93542,0.93557,1.13,1.88
2013.10.14 18:08:55.279,0.93542,0.93557,1.13,2.63
2013.10.14 18:08:55.638,0.93542,0.93557,1.88,2.25
2013.10.14 18:08:57.632,0.93541,0.93555,1.88,1.50
2013.10.14 18:08:57.878,0.93539,0.93553,1.50,1.50
2013.10.14 18:08:58.495,0.93539,0.93553,3.00,1.50
2013.10.14 18:08:59.370,0.93542,0.93556,1.88,1.50
2013.10.14 18:08:59.879,0.93543,0.93556,1.13,1.50
2013.10.14 18:09:05.990,0.93544,0.93556,1.88,1.50
2013.10.14 18:09:08.819,0.93545,0.93556,1.13,1.50
2013.10.14 18:09:10.842,0.93546,0.93561,2.25,2.25
2013.10.14 18:09:10.972,0.93548,0.93559,1.50,1.50
2013.10.14 18:09:11.100,0.93549,0.9356,1.50,1.50
2013.10.14 18:09:11.459,0.93548,0.93563,2.63,3.00
2013.10.14 18:09:11.881,0.93548,0.9356,1.88,1.13
2013.10.14 18:09:12.189,0.93548,0.93555,1.13,1.13
2013.10.14 18:09:12.809,0.93545,0.93555,2.63,1.13
2013.10.14 18:09:13.302,0.93547,0.93558,1.88,1.50
2013.10.14 18:09:13.369,0.93549,0.93562,1.50,1.50
2013.10.14 18:09:14.720,0.9355,0.93562,1.50,1.50
2013.10.14 18:09:14.779,0.9355,0.93562,1.50,1.50
2013.10.14 18:09:15.259,0.9355,0.93564,2.63,1.50
2013.10.14 18:09:15.380,0.9355,0.93559,1.50,1.50
2013.10.14 18:09:15.500,0.93545,0.93558,2.25,1.50
2013.10.14 18:09:15.559,0.93543,0.93556,1.13,1.50
2013.10.14 18:09:15.620,0.93542,0.93555,1.50,2.25
2013.10.14 18:09:15.978,0.9354,0.93549,1.13,1.88
2013.10.14 18:09:16.529,0.93538,0.9355,1.13,1.13
2013.10.14 18:09:17.079,0.93538,0.93549,1.13,1.88
2013.10.14 18:09:17.439,0.93538,0.93549,1.13,1.50
2013.10.14 18:09:17.799,0.93538,0.9355,1.13,1.13
2013.10.14 18:09:17.919,0.93538,0.9355,1.13,1.13
2013.10.14 18:09:18.400,0.9354,0.9355,1.50,1.50
2013.10.14 18:09:18.519,0.93543,0.93554,1.88,2.25
2013.10.14 18:09:18.760,0.93543,0.93555,1.88,1.13
2013.10.14 18:09:19.299,0.93544,0.93557,1.13,2.63
2013.10.14 18:09:19.359,0.93546,0.93557,1.13,2.63
2013.10.14 18:09:19.978,0.93549,0.93558,1.13,2.25
2013.10.14 18:09:20.340,0.93551,0.93562,1.13,2.25
2013.10.14 18:09:20.638,0.93549,0.93561,1.13,1.50
2013.10.14 18:09:21.135,0.93549,0.93562,1.13,1.50
2013.10.14 18:09:21.201,0.9355,0.93562,1.13,1.50
2013.10.14 18:09:21.325,0.9355,0.93562,1.13,1.50
2013.10.14 18:09:21.869,0.9355,0.93563,1.13,1.50
2013.10.14 18:09:25.374,0.93548,0.93562,2.63,1.50
2013.10.14 18:09:25.939,0.93548,0.93562,2.63,1.50
2013.10.14 18:09:26.179,0.93546,0.93557,1.50,1.50
2013.10.14 18:09:26.299,0.93542,0.93554,1.88,1.50
2013.10.14 18:09:26.359,0.93542,0.93552,1.88,1.50
2013.10.14 18:09:26.659,0.9354,0.93552,1.50,1.50
2013.10.14 18:09:26.719,0.9354,0.93552,1.50,1.50
2013.10.14 18:09:27.279,0.9354,0.93552,1.50,1.50
2013.10.14 18:09:27.399,0.9354,0.93552,1.50,1.50
2013.10.14 18:09:27.519,0.9354,0.93552,1.50,1.50
2013.10.14 18:09:28.073,0.9354,0.93551,1.13,1.13
2013.10.14 18:09:28.382,0.93536,0.93548,1.13,4.13
2013.10.14 18:09:28.440,0.93536,0.93546,1.13,1.50
2013.10.14 18:09:28.801,0.93529,0.93539,1.13,1.88
2013.10.14 18:09:28.921,0.93524,0.93536,2.10,1.50
2013.10.14 18:09:29.470,0.93523,0.93536,1.13,2.25
2013.10.14 18:09:29.840,0.93524,0.93536,1.50,2.25
2013.10.14 18:09:30.181,0.93524,0.93535,1.13,1.50
2013.10.14 18:09:30.880,0.93524,0.93535,1.13,2.25
2013.10.14 18:09:31.549,0.93524,0.93535,1.13,2.25
2013.10.14 18:09:32.449,0.93524,0.93535,1.13,1.50
2013.10.14 18:09:32.751,0.93524,0.93535,1.13,1.50
2013.10.14 18:09:32.862,0.93524,0.93535,1.13,1.50
2013.10.14 18:09:33.510,0.93524,0.93535,1.13,1.50
2013.10.14 18:09:33.769,0.93524,0.93535,1.13,1.50
2013.10.14 18:09:33.890,0.93524,0.93535,1.13,1.50
2013.10.14 18:09:34.466,0.93522,0.93534,1.13,1.35
2013.10.14 18:09:35.020,0.93521,0.93534,1.88,1.35
2013.10.14 18:09:35.551,0.93521,0.93534,1.88,1.35
2013.10.14 18:09:35.910,0.9352,0.93532,1.13,1.35
2013.10.14 18:09:36.437,0.93517,0.93529,1.88,1.50
2013.10.14 18:09:38.429,0.93517,0.93529,1.13,3.00
2013.10.14 18:09:38.669,0.93515,0.93527,1.50,1.35
2013.10.14 18:09:38.730,0.93515,0.93527,1.13,1.73
2013.10.14 18:09:38.910,0.93513,0.93526,2.85,1.50
2013.10.14 18:09:39.449,0.93513,0.93527,2.85,2.63
2013.10.14 18:09:39.989,0.93512,0.93525,1.13,1.50
2013.10.14 18:09:40.928,0.93511,0.93525,1.50,2.63
2013.10.14 18:09:41.110,0.93511,0.93525,1.50,2.63
2013.10.14 18:09:41.712,0.93511,0.93525,1.50,2.25
2013.10.14 18:09:42.269,0.93511,0.93525,3.23,2.25
2013.10.14 18:09:43.140,0.93512,0.93525,1.13,2.25
2013.10.14 18:09:43.560,0.93513,0.93526,1.13,1.50
2013.10.14 18:09:43.920,0.93516,0.9353,1.88,3.00
2013.10.14 18:09:43.979,0.93516,0.9353,1.88,3.00
2013.10.14 18:09:44.400,0.93516,0.9353,1.88,2.25
2013.10.14 18:09:44.639,0.93516,0.9353,1.88,2.25
2013.10.14 18:09:45.168,0.93516,0.9353,1.88,2.25
2013.10.14 18:09:46.034,0.93515,0.93528,1.88,1.50
2013.10.14 18:09:46.605,0.93515,0.93526,1.13,1.13
2013.10.14 18:09:46.670,0.93511,0.93525,2.63,1.50
2013.10.14 18:09:46.790,0.93509,0.93524,1.50,1.13
2013.10.14 18:09:47.944,0.93508,0.93523,1.88,2.25
2013.10.14 18:09:50.308,0.93509,0.93523,1.13,3.00
2013.10.14 18:09:51.519,0.93509,0.93523,1.88,3.00
2013.10.14 18:09:56.359,0.93509,0.93521,1.13,1.50
2013.10.14 18:09:56.420,0.93507,0.93521,2.25,1.50
2013.10.14 18:09:57.640,0.93506,0.9352,1.50,1.88
2013.10.14 18:09:57.701,0.93505,0.93516,1.50,1.13
2013.10.14 18:09:57.819,0.93503,0.93516,1.13,1.50
2013.10.14 18:09:58.300,0.935,0.93515,1.50,1.50
2013.10.14 18:09:58.358,0.935,0.93515,1.50,2.25
2013.10.14 18:09:58.903,0.93499,0.93512,2.25,1.50
2013.10.14 18:09:59.209,0.93499,0.93512,1.50,1.50
2013.10.14 18:10:00.380,0.93498,0.93511,1.50,1.35
2013.10.14 18:10:00.930,0.93497,0.93509,1.88,1.50
2013.10.14 18:10:02.078,0.93498,0.93509,1.13,1.50
2013.10.14 18:10:02.421,0.93498,0.93511,1.13,2.25
2013.10.14 18:10:02.548,0.93498,0.93511,1.13,2.25
2013.10.14 18:10:03.118,0.93498,0.93511,1.13,2.25
2013.10.14 18:10:05.294,0.93499,0.93512,1.88,1.50
2013.10.14 18:10:05.857,0.93506,0.9352,2.85,2.25
2013.10.14 18:10:06.262,0.93506,0.93519,2.85,1.50
2013.10.14 18:10:06.509,0.93509,0.93521,1.13,1.50
2013.10.14 18:10:07.050,0.93509,0.93518,1.13,1.50
2013.10.14 18:10:09.509,0.93508,0.93518,1.88,1.50
2013.10.14 18:10:11.449,0.93508,0.93518,1.13,1.50
2013.10.14 18:10:11.999,0.93506,0.93518,1.13,2.63
2013.10.14 18:10:12.748,0.93506,0.93517,1.13,2.25
2013.10.14 18:10:15.088,0.93504,0.93516,1.50,2.25
2013.10.14 18:10:17.379,0.93506,0.93517,1.13,1.13
2013.10.14 18:10:17.439,0.93506,0.93517,1.13,1.88
2013.10.14 18:10:18.883,0.93506,0.93515,1.13,1.50
2013.10.14 18:10:19.309,0.93504,0.93514,1.13,1.13
2013.10.14 18:10:20.012,0.935,0.93508,1.32,1.50
2013.10.14 18:10:20.096,0.93494,0.93508,1.73,3.00
2013.10.14 18:10:20.673,0.93494,0.93508,1.73,3.75
2013.10.14 18:10:22.330,0.93494,0.93505,1.73,1.88
2013.10.14 18:10:23.350,0.93494,0.93505,1.73,1.88
2013.10.14 18:10:23.590,0.93496,0.93505,1.50,1.13
2013.10.14 18:10:23.651,0.93496,0.93505,1.50,1.13
2013.10.14 18:10:23.830,0.935,0.93511,1.13,6.38
2013.10.14 18:10:23.890,0.935,0.93511,1.13,6.00
2013.10.14 18:10:24.009,0.935,0.9351,1.13,1.35
2013.10.14 18:10:24.069,0.93499,0.93508,1.13,1.50
2013.10.14 18:10:24.130,0.935,0.9351,1.13,1.35
2013.10.14 18:10:24.310,0.93503,0.93509,1.35,1.50
2013.10.14 18:10:24.441,0.93505,0.93515,1.13,1.13
2013.10.14 18:10:24.574,0.93506,0.93519,1.13,1.13
2013.10.14 18:10:24.758,0.93507,0.93519,1.50,1.50
2013.10.14 18:10:24.880,0.93508,0.93523,1.13,2.63
2013.10.14 18:10:24.940,0.93508,0.93523,1.88,1.13
2013.10.14 18:10:25.480,0.93507,0.9352,1.88,1.13
2013.10.14 18:10:25.959,0.93508,0.93522,1.13,2.25
2013.10.14 18:10:26.079,0.93512,0.93522,1.13,2.25
2013.10.14 18:10:27.922,0.93512,0.93523,1.13,1.50
2013.10.14 18:10:27.991,0.93512,0.93524,2.25,1.50
2013.10.14 18:10:28.293,0.93521,0.93531,1.73,1.50
2013.10.14 18:10:28.420,0.93521,0.93531,1.35,1.50
2013.10.14 18:10:28.481,0.9352,0.93532,1.13,1.50
2013.10.14 18:10:28.660,0.9352,0.93534,1.88,2.48
2013.10.14 18:10:29.198,0.93521,0.93534,1.13,2.48
2013.10.14 18:10:29.621,0.93522,0.93532,1.13,1.50
2013.10.14 18:10:29.739,0.9352,0.93532,1.13,1.50
2013.10.14 18:10:30.340,0.93518,0.93529,1.13,1.50
2013.10.14 18:10:30.770,0.93518,0.93529,1.13,2.25
2013.10.14 18:10:31.381,0.93517,0.93529,1.13,1.50
2013.10.14 18:10:32.801,0.93517,0.93529,1.13,1.50
2013.10.14 18:10:33.049,0.93517,0.93529,2.63,1.50
2013.10.14 18:10:33.292,0.93519,0.93532,1.13,2.25
2013.10.14 18:10:33.840,0.93523,0.93536,1.13,1.88
2013.10.14 18:10:34.459,0.93523,0.93534,1.13,1.50
2013.10.14 18:10:35.028,0.93523,0.93534,1.13,2.25
2013.10.14 18:10:35.790,0.93523,0.93534,1.13,1.50
2013.10.14 18:10:36.950,0.93525,0.93534,1.13,1.50
2013.10.14 18:10:37.399,0.93526,0.9354,1.13,1.13
2013.10.14 18:10:37.519,0.93528,0.93541,2.25,1.50
2013.10.14 18:10:37.850,0.93528,0.93541,1.13,1.50
2013.10.14 18:10:38.159,0.93528,0.93541,1.13,1.50
2013.10.14 18:10:38.219,0.93528,0.93541,1.13,1.50
2013.10.14 18:10:38.459,0.93528,0.93541,1.13,1.50
2013.10.14 18:10:38.979,0.9353,0.93542,1.13,2.25
2013.10.14 18:10:40.579,0.93533,0.93542,1.13,2.25
2013.10.14 18:10:40.759,0.93534,0.93544,1.13,1.50
2013.10.14 18:10:46.369,0.93532,0.93544,1.50,1.73
2013.10.14 18:10:46.430,0.93532,0.93542,1.50,1.50
2013.10.14 18:10:46.489,0.93527,0.9354,1.50,1.50
2013.10.14 18:10:46.669,0.93524,0.93538,2.10,1.88
2013.10.14 18:10:46.789,0.93521,0.93537,3.38,3.75
2013.10.14 18:10:47.090,0.9352,0.93534,1.50,2.25
2013.10.14 18:10:47.638,0.9352,0.93534,1.50,2.25
2013.10.14 18:10:50.183,0.93522,0.93534,1.13,2.63
2013.10.14 18:10:50.549,0.93523,0.93534,1.13,2.25
2013.10.14 18:10:50.610,0.93523,0.93534,1.13,1.50
2013.10.14 18:10:50.670,0.93523,0.93534,1.13,1.50
2013.10.14 18:10:50.849,0.93523,0.93536,1.13,1.88
2013.10.14 18:10:52.165,0.93523,0.93536,1.13,2.63
2013.10.14 18:10:52.348,0.93522,0.93536,1.50,2.63
2013.10.14 18:10:54.089,0.93523,0.93536,1.13,2.63
2013.10.14 18:10:54.211,0.93523,0.93536,1.13,2.25
2013.10.14 18:10:56.190,0.93523,0.93536,1.13,2.25
2013.10.14 18:10:56.319,0.93523,0.93535,1.13,2.85
2013.10.14 18:10:56.620,0.9352,0.93528,1.13,1.13
2013.10.14 18:10:57.660,0.93518,0.93527,1.13,1.50
2013.10.14 18:10:57.719,0.93515,0.93527,1.13,1.50
2013.10.14 18:10:57.792,0.93515,0.93527,1.13,1.50
2013.10.14 18:10:58.610,0.93514,0.93527,1.13,3.00
2013.10.14 18:10:59.850,0.93512,0.93525,3.23,1.50
2013.10.14 18:11:01.999,0.9351,0.93522,1.88,1.50
2013.10.14 18:11:02.119,0.9351,0.93522,1.88,1.50
2013.10.14 18:11:02.179,0.9351,0.93522,1.88,1.50
2013.10.14 18:11:02.360,0.93508,0.93522,1.50,1.50
2013.10.14 18:11:02.479,0.93506,0.9352,1.13,2.25
2013.10.14 18:11:03.562,0.93503,0.93517,1.50,1.50
2013.10.14 18:11:03.930,0.93503,0.93514,1.13,1.50
2013.10.14 18:11:04.235,0.935,0.9351,1.35,1.50
2013.10.14 18:11:04.541,0.93496,0.93508,2.10,1.50
2013.10.14 18:11:04.961,0.93496,0.93508,2.10,1.50
2013.10.14 18:11:05.199,0.93496,0.93508,2.10,1.50
2013.10.14 18:11:05.559,0.93493,0.93504,1.13,1.88
2013.10.14 18:11:05.739,0.9349,0.93501,1.13,1.50
2013.10.14 18:11:05.880,0.93489,0.93498,2.10,1.13
2013.10.14 18:11:06.058,0.93489,0.93501,2.10,1.88
2013.10.14 18:11:06.179,0.93489,0.93498,2.10,1.50
2013.10.14 18:11:08.130,0.93488,0.93501,1.73,1.88
2013.10.14 18:11:08.489,0.93488,0.935,1.73,1.50
2013.10.14 18:11:09.315,0.93488,0.93499,1.35,1.13
2013.10.14 18:11:10.171,0.93489,0.93499,1.35,1.13
2013.10.14 18:11:10.821,0.93489,0.93499,1.35,1.13
2013.10.14 18:11:11.379,0.93489,0.93498,1.35,1.50
2013.10.14 18:11:12.949,0.93489,0.93498,1.73,1.50
2013.10.14 18:11:13.880,0.93488,0.93498,2.10,1.50
2013.10.14 18:11:14.240,0.93486,0.93498,1.88,1.88
2013.10.14 18:11:14.599,0.93489,0.935,1.73,1.88
2013.10.14 18:11:17.899,0.93489,0.935,2.10,1.50
2013.10.14 18:11:21.160,0.9349,0.93499,1.13,1.13
2013.10.14 18:11:21.661,0.93487,0.93497,1.88,1.13
2013.10.14 18:11:25.511,0.93492,0.93504,1.50,1.35
2013.10.14 18:11:25.693,0.93497,0.93503,3.98,3.00
2013.10.14 18:11:25.760,0.93498,0.93506,2.25,1.50
2013.10.14 18:11:25.821,0.935,0.93509,1.50,2.25
2013.10.14 18:11:26.069,0.93503,0.93517,1.13,1.13
2013.10.14 18:11:26.869,0.93503,0.93516,1.13,1.13
2013.10.14 18:11:28.468,0.93503,0.93516,1.13,1.13
2013.10.14 18:11:28.542,0.93503,0.93515,1.13,1.13
2013.10.14 18:11:30.268,0.93504,0.93516,1.50,1.13
2013.10.14 18:11:30.569,0.93506,0.93516,1.13,1.13
2013.10.14 18:11:31.829,0.93506,0.93516,1.13,1.88
2013.10.14 18:11:32.558,0.93506,0.93516,1.13,1.13
2013.10.14 18:11:33.791,0.93507,0.93518,1.73,1.13
2013.10.14 18:11:33.849,0.93509,0.93521,1.13,1.88
2013.10.14 18:11:33.969,0.93509,0.93525,1.13,1.13
2013.10.14 18:11:34.029,0.93513,0.93527,1.13,2.25
2013.10.14 18:11:34.090,0.93512,0.93527,4.35,1.13
2013.10.14 18:11:34.269,0.93512,0.93528,4.35,1.88
2013.10.14 18:11:34.930,0.93515,0.93529,1.73,1.13
2013.10.14 18:11:35.291,0.93515,0.93529,1.73,1.13
2013.10.14 18:11:35.649,0.93515,0.93528,1.50,1.88
2013.10.14 18:11:36.271,0.93514,0.93528,1.88,1.88
2013.10.14 18:11:36.799,0.93514,0.93528,1.88,2.63
2013.10.14 18:11:38.669,0.93516,0.93527,1.13,1.13
2013.10.14 18:11:38.853,0.93519,0.93533,3.23,5.25
2013.10.14 18:11:39.160,0.93522,0.93536,1.13,1.13
2013.10.14 18:11:39.677,0.93522,0.93535,1.13,1.13
2013.10.14 18:11:40.460,0.93522,0.93534,1.13,1.13
2013.10.14 18:11:40.819,0.93521,0.93534,1.88,1.13
2013.10.14 18:11:41.357,0.93523,0.93539,1.13,5.25
2013.10.14 18:11:41.845,0.93523,0.93539,1.13,5.25
2013.10.14 18:11:41.910,0.93523,0.93539,1.13,5.25
2013.10.14 18:11:42.449,0.93524,0.93534,1.13,1.13
2013.10.14 18:11:43.770,0.93529,0.9354,1.13,1.13
2013.10.14 18:11:43.890,0.93531,0.93543,1.13,1.13
2013.10.14 18:11:43.950,0.93533,0.93545,1.13,5.25
2013.10.14 18:11:44.130,0.93534,0.93548,1.50,1.13
2013.10.14 18:11:44.750,0.93536,0.93548,1.13,1.13
2013.10.14 18:11:45.539,0.93535,0.93548,1.13,1.88
2013.10.14 18:11:46.090,0.93535,0.93548,1.13,1.88
2013.10.14 18:11:46.629,0.93535,0.93545,1.13,1.13
2013.10.14 18:11:47.289,0.93535,0.93545,1.13,1.13
2013.10.14 18:11:47.850,0.93535,0.93549,1.13,1.50
2013.10.14 18:11:48.089,0.93535,0.93546,1.88,1.13
2013.10.14 18:11:48.764,0.93534,0.93546,1.13,1.13
2013.10.14 18:11:50.589,0.93535,0.93546,1.13,1.13
2013.10.14 18:11:50.829,0.93534,0.93546,1.50,1.88
2013.10.14 18:11:53.171,0.93534,0.93546,1.50,1.88
2013.10.14 18:11:53.878,0.93534,0.93546,1.50,1.88
2013.10.14 18:11:54.520,0.93534,0.93546,1.88,1.88
2013.10.14 18:11:55.049,0.93534,0.93546,2.25,1.50
2013.10.14 18:11:55.240,0.93536,0.93549,1.50,1.13
2013.10.14 18:11:57.051,0.93536,0.93549,1.50,1.88
2013.10.14 18:11:58.889,0.93544,0.93549,1.13,1.88
2013.10.14 18:11:59.131,0.93544,0.93557,1.50,1.13
2013.10.14 18:11:59.250,0.93541,0.93553,1.88,1.13
2013.10.14 18:11:59.370,0.9354,0.93551,1.13,1.13
2013.10.14 18:11:59.490,0.93543,0.93554,1.13,1.88
2013.10.14 18:11:59.550,0.93543,0.93554,1.13,1.13
2013.10.14 18:12:00.049,0.93543,0.93554,1.13,1.13
2013.10.14 18:12:00.289,0.93544,0.93557,1.13,1.88
2013.10.14 18:12:00.589,0.93545,0.93559,1.88,1.13
2013.10.14 18:12:01.199,0.93545,0.93559,1.13,1.13
2013.10.14 18:12:01.490,0.93545,0.93559,1.35,1.13
2013.10.14 18:12:01.729,0.93545,0.9356,1.73,1.13
2013.10.14 18:12:01.789,0.93545,0.93559,1.73,1.13
2013.10.14 18:12:02.392,0.93545,0.93557,1.35,1.13
2013.10.14 18:12:02.930,0.93545,0.93558,1.73,1.13
2013.10.14 18:12:03.340,0.93545,0.93559,1.73,1.88
2013.10.14 18:12:04.110,0.93545,0.93559,1.73,1.88
2013.10.14 18:12:04.836,0.93548,0.93559,1.13,2.63
2013.10.14 18:12:05.863,0.93547,0.93559,1.13,2.63
2013.10.14 18:12:06.202,0.93546,0.93559,1.13,2.63
2013.10.14 18:12:08.739,0.93545,0.93559,1.73,2.63
2013.10.14 18:12:09.243,0.93546,0.93557,1.13,1.13
2013.10.14 18:12:11.810,0.93544,0.93557,2.10,1.13
2013.10.14 18:12:12.438,0.93544,0.93557,1.13,1.13
2013.10.14 18:12:12.739,0.93552,0.93559,1.13,1.88
2013.10.14 18:12:12.800,0.93552,0.93559,1.13,1.50
2013.10.14 18:12:14.008,0.93547,0.93559,1.13,2.25
2013.10.14 18:12:14.130,0.93547,0.93558,1.50,1.13
2013.10.14 18:12:14.429,0.93545,0.93554,1.50,1.88
2013.10.14 18:12:14.729,0.93545,0.93555,1.88,1.13
2013.10.14 18:12:14.910,0.93543,0.93555,1.13,2.25
2013.10.14 18:12:15.478,0.93545,0.93556,1.50,1.13
2013.10.14 18:12:18.759,0.93545,0.93556,1.50,1.88
2013.10.14 18:12:18.939,0.93544,0.93553,1.50,1.13
2013.10.14 18:12:19.181,0.93541,0.93549,2.25,1.13
2013.10.14 18:12:19.240,0.9354,0.93549,1.50,1.13
2013.10.14 18:12:19.479,0.93539,0.9355,1.13,1.13
2013.10.14 18:12:19.839,0.93537,0.93551,1.50,1.13
2013.10.14 18:12:20.389,0.93537,0.93551,1.50,1.13
2013.10.14 18:12:20.931,0.93537,0.93551,1.50,1.13
2013.10.14 18:12:21.049,0.93537,0.93548,1.50,1.88
2013.10.14 18:12:21.409,0.93539,0.93547,1.13,1.50
2013.10.14 18:12:21.771,0.93537,0.93548,3.00,1.13
2013.10.14 18:12:21.900,0.93537,0.93547,2.25,1.13
2013.10.14 18:12:22.209,0.93537,0.93547,1.50,1.13
2013.10.14 18:12:22.714,0.93537,0.93547,1.50,1.88
2013.10.14 18:12:22.882,0.93537,0.93547,1.50,1.88
2013.10.14 18:12:25.160,0.93536,0.93547,1.13,1.88
2013.10.14 18:12:26.959,0.93535,0.93544,1.13,1.13
2013.10.14 18:12:27.319,0.93531,0.93544,1.88,1.88
2013.10.14 18:12:28.109,0.93533,0.93542,1.50,1.13
2013.10.14 18:12:28.813,0.93534,0.93543,1.13,1.13
2013.10.14 18:12:29.319,0.93534,0.93544,1.88,1.88
2013.10.14 18:12:29.499,0.93535,0.93546,1.50,1.13
2013.10.14 18:12:32.122,0.93533,0.93544,2.25,1.50
2013.10.14 18:12:32.249,0.93531,0.93542,1.88,1.13
2013.10.14 18:12:32.369,0.93531,0.93544,1.13,2.63
2013.10.14 18:12:32.979,0.9353,0.93543,1.88,1.50
2013.10.14 18:12:33.490,0.9353,0.93543,1.50,2.25
2013.10.14 18:12:33.670,0.93528,0.93539,3.38,1.13
2013.10.14 18:12:33.909,0.93525,0.93537,2.25,1.50
2013.10.14 18:12:34.030,0.93523,0.93537,1.13,1.50
2013.10.14 18:12:34.420,0.93525,0.93539,1.13,1.50
2013.10.14 18:12:34.658,0.93525,0.9354,2.48,2.25
2013.10.14 18:12:35.969,0.93528,0.9354,1.13,1.50
2013.10.14 18:12:36.319,0.93528,0.9354,1.13,1.50
2013.10.14 18:12:36.559,0.9353,0.9354,1.13,1.50
2013.10.14 18:12:36.679,0.9353,0.93545,1.88,1.88
2013.10.14 18:12:36.739,0.9353,0.93546,1.50,3.38
2013.10.14 18:12:40.699,0.93531,0.93545,1.50,1.88
2013.10.14 18:12:40.940,0.93531,0.93545,1.50,1.88
2013.10.14 18:12:40.999,0.93531,0.93544,1.50,1.13
2013.10.14 18:12:41.320,0.93535,0.93544,1.50,1.13
2013.10.14 18:12:41.439,0.93535,0.93544,1.50,1.13
2013.10.14 18:12:41.499,0.93535,0.93545,2.25,1.13
2013.10.14 18:12:46.030,0.93537,0.93548,1.73,1.50
2013.10.14 18:12:46.330,0.93538,0.93549,1.13,1.13
2013.10.14 18:12:46.509,0.93539,0.9355,1.50,1.13
2013.10.14 18:12:47.249,0.9354,0.9355,1.88,1.13
2013.10.14 18:12:47.609,0.9354,0.9355,2.25,1.88
2013.10.14 18:12:47.790,0.93536,0.93549,3.23,1.88
2013.10.14 18:12:48.030,0.93534,0.93546,1.50,1.50
2013.10.14 18:12:48.719,0.93534,0.93548,1.50,1.50
2013.10.14 18:12:49.080,0.93532,0.93545,2.25,1.13
2013.10.14 18:12:49.320,0.9353,0.93541,1.13,1.50
2013.10.14 18:12:50.259,0.93527,0.93541,3.23,1.50
2013.10.14 18:12:52.630,0.93527,0.93541,2.48,1.50
2013.10.14 18:12:52.753,0.93527,0.9354,1.50,2.25
2013.10.14 18:12:52.879,0.93528,0.93541,1.50,1.88
2013.10.14 18:12:53.571,0.93528,0.93541,2.10,1.50
2013.10.14 18:12:57.619,0.93529,0.93542,1.73,2.25
2013.10.14 18:13:00.319,0.93531,0.93542,1.13,1.50
2013.10.14 18:13:01.650,0.93529,0.93542,1.73,1.50
2013.10.14 18:13:02.010,0.93526,0.93539,2.48,1.50
2013.10.14 18:13:04.831,0.93528,0.93539,1.13,1.50
2013.10.14 18:13:08.351,0.93526,0.93539,2.85,1.50
2013.10.14 18:13:10.291,0.93526,0.93539,4.35,1.50
2013.10.14 18:13:10.950,0.93526,0.93539,4.35,1.50
2013.10.14 18:13:12.512,0.93528,0.93542,2.10,2.63
2013.10.14 18:13:13.099,0.93529,0.93541,1.73,1.50
2013.10.14 18:13:13.669,0.9353,0.93543,1.73,2.25
2013.10.14 18:13:14.210,0.9353,0.93543,2.10,1.50
2013.10.14 18:13:14.979,0.9353,0.93543,2.10,1.50
2013.10.14 18:13:15.790,0.9353,0.93543,2.10,1.88
2013.10.14 18:13:16.150,0.93527,0.9354,2.10,1.88
2013.10.14 18:13:16.510,0.93527,0.93538,1.50,1.50
2013.10.14 18:13:16.571,0.93525,0.93538,2.25,1.50
2013.10.14 18:13:16.999,0.93524,0.93538,2.48,1.50
2013.10.14 18:13:17.178,0.93525,0.93539,1.73,1.13
2013.10.14 18:13:17.240,0.93526,0.9354,1.35,3.38
2013.10.14 18:13:17.819,0.93527,0.93539,1.35,1.13
2013.10.14 18:13:32.460,0.93526,0.93539,2.25,1.13
2013.10.14 18:13:33.119,0.93525,0.93536,1.35,1.50
2013.10.14 18:13:33.239,0.93521,0.93533,1.13,1.88
2013.10.14 18:13:33.299,0.93521,0.93533,1.13,1.88
2013.10.14 18:13:33.480,0.93519,0.93533,2.63,2.25
2013.10.14 18:13:43.310,0.93518,0.93531,1.50,1.13
2013.10.14 18:13:43.431,0.93519,0.93532,2.10,2.63
2013.10.14 18:13:47.309,0.93519,0.93531,1.88,1.13
2013.10.14 18:13:48.102,0.93519,0.93531,1.13,1.13
2013.10.14 18:13:48.289,0.93517,0.9353,1.88,1.50
2013.10.14 18:13:48.829,0.93514,0.93529,2.63,1.88
2013.10.14 18:13:49.387,0.93516,0.93529,1.50,1.88
2013.10.14 18:13:50.749,0.93516,0.93529,1.50,3.38
2013.10.14 18:13:50.929,0.93513,0.93527,1.35,1.88
2013.10.14 18:13:51.529,0.93512,0.93526,2.25,2.25
2013.10.14 18:13:52.093,0.93511,0.93526,2.25,3.00
2013.10.14 18:13:52.969,0.93511,0.93525,2.25,1.13
2013.10.14 18:13:55.099,0.93511,0.93524,1.13,1.50
2013.10.14 18:13:55.889,0.93511,0.93524,1.13,1.50
2013.10.14 18:13:56.428,0.93513,0.93523,1.88,1.13
2013.10.14 18:13:56.959,0.93513,0.93524,1.13,1.13
2013.10.14 18:13:57.529,0.93511,0.93524,1.35,1.88
2013.10.14 18:13:58.190,0.93512,0.93523,1.35,1.50
2013.10.14 18:14:05.590,0.93515,0.93525,1.13,1.88
2013.10.14 18:14:05.953,0.93523,0.93531,1.13,1.50
2013.10.14 18:14:06.021,0.93521,0.93531,2.10,1.50
2013.10.14 18:14:06.082,0.93522,0.93531,2.48,1.50
2013.10.14 18:14:06.151,0.93521,0.93531,2.10,1.50
2013.10.14 18:14:06.211,0.93522,0.93536,1.73,1.13
2013.10.14 18:14:06.271,0.93523,0.93537,1.13,2.25
2013.10.14 18:14:06.332,0.93522,0.93536,2.48,1.13
2013.10.14 18:14:06.819,0.93521,0.93535,2.10,1.50
2013.10.14 18:14:07.183,0.93521,0.93535,1.73,2.25
2013.10.14 18:14:07.763,0.93517,0.93531,1.88,2.25
2013.10.14 18:14:09.630,0.9352,0.93531,1.50,2.25
2013.10.14 18:14:09.989,0.93526,0.9354,1.13,1.50
2013.10.14 18:14:10.110,0.93528,0.93542,1.13,2.25
2013.10.14 18:14:10.470,0.93525,0.93538,1.73,1.50
2013.10.14 18:14:10.889,0.93525,0.93537,1.73,1.50
2013.10.14 18:14:11.069,0.93522,0.93535,1.13,3.00
2013.10.14 18:14:11.189,0.93523,0.93534,1.13,1.50
2013.10.14 18:14:11.429,0.9352,0.93533,1.50,1.50
2013.10.14 18:14:12.501,0.9352,0.93533,1.50,2.25
2013.10.14 18:14:12.840,0.93518,0.93532,1.88,1.50
2013.10.14 18:14:12.901,0.93518,0.93531,1.88,1.13
2013.10.14 18:14:12.959,0.93518,0.93529,1.13,1.13
2013.10.14 18:14:13.679,0.93514,0.93528,2.63,1.50
2013.10.14 18:14:14.609,0.93515,0.93528,1.13,3.00
2013.10.14 18:14:15.150,0.93516,0.93529,1.13,1.50
2013.10.14 18:14:15.579,0.93517,0.93531,2.25,2.25
2013.10.14 18:14:16.113,0.93518,0.93531,1.88,1.50
2013.10.14 18:14:16.609,0.93523,0.93534,2.25,1.50
2013.10.14 18:14:16.850,0.9352,0.93534,1.50,2.25
2013.10.14 18:14:17.354,0.93521,0.93535,2.63,1.50
2013.10.14 18:14:17.899,0.93521,0.93535,1.88,1.50
2013.10.14 18:14:18.409,0.93521,0.93535,2.63,1.50
2013.10.14 18:14:19.606,0.93523,0.93535,1.50,1.50
2013.10.14 18:14:19.849,0.93527,0.93539,1.13,2.25
2013.10.14 18:14:19.910,0.93527,0.93541,1.13,2.25
2013.10.14 18:14:20.029,0.93527,0.93541,3.00,1.88
2013.10.14 18:14:20.331,0.93525,0.93536,2.63,1.35
2013.10.14 18:14:20.870,0.93523,0.93536,1.50,3.60
2013.10.14 18:14:20.929,0.93522,0.93536,2.63,3.60
2013.10.14 18:14:21.508,0.93522,0.93536,2.63,3.60
2013.10.14 18:14:22.880,0.93522,0.93535,2.63,1.13
2013.10.14 18:14:23.431,0.93522,0.93535,1.13,1.50
2013.10.14 18:14:25.140,0.9352,0.93535,1.73,1.50
2013.10.14 18:14:25.260,0.93518,0.93532,4.50,1.50
2013.10.14 18:14:25.319,0.93518,0.93532,3.00,1.50
2013.10.14 18:14:25.800,0.93515,0.93531,1.88,3.00
2013.10.14 18:14:27.509,0.93515,0.9353,2.25,1.88
2013.10.14 18:14:28.530,0.93515,0.93529,2.25,1.13
2013.10.14 18:14:31.129,0.93515,0.93526,3.75,1.13
2013.10.14 18:14:33.509,0.93516,0.93526,1.35,1.13
2013.10.14 18:14:34.281,0.93516,0.93526,1.35,1.13
2013.10.14 18:14:38.500,0.93521,0.93526,1.50,1.13
2013.10.14 18:14:38.620,0.93521,0.93528,3.00,1.50
2013.10.14 18:14:38.680,0.93521,0.93528,3.00,1.50
2013.10.14 18:14:38.981,0.93528,0.93534,2.63,6.75
2013.10.14 18:14:39.104,0.93529,0.93541,2.85,1.50
2013.10.14 18:14:39.691,0.93532,0.93546,2.63,1.13
2013.10.14 18:14:40.490,0.93532,0.93544,1.88,1.13
2013.10.14 18:14:40.550,0.93532,0.93539,1.50,1.13
2013.10.14 18:14:40.611,0.93529,0.93539,1.50,1.13
2013.10.14 18:14:40.850,0.9353,0.93539,1.35,1.50
2013.10.14 18:14:41.790,0.93532,0.93544,1.13,1.50
2013.10.14 18:14:41.849,0.93533,0.93544,1.35,1.13
2013.10.14 18:14:42.150,0.93536,0.9355,2.25,1.50
2013.10.14 18:14:44.659,0.93538,0.93547,1.50,1.13
2013.10.14 18:14:44.960,0.93546,0.93557,1.13,1.13
2013.10.14 18:14:45.020,0.93549,0.93559,1.13,2.25
2013.10.14 18:14:45.259,0.93549,0.93555,1.50,1.50
2013.10.14 18:14:45.560,0.93543,0.93549,1.50,1.13
2013.10.14 18:14:45.682,0.93541,0.93549,1.13,1.13
2013.10.14 18:14:45.740,0.93541,0.93551,1.73,1.13
2013.10.14 18:14:45.801,0.93541,0.93551,1.35,1.13
2013.10.14 18:14:47.359,0.9354,0.93551,1.50,1.88
2013.10.14 18:14:47.479,0.9354,0.9355,1.50,1.13
2013.10.14 18:14:47.899,0.93538,0.93548,1.13,1.13
2013.10.14 18:14:48.146,0.93537,0.93549,1.13,1.13
2013.10.14 18:14:50.203,0.93538,0.9355,1.13,1.50
2013.10.14 18:14:50.270,0.93541,0.93551,1.13,1.50
2013.10.14 18:14:50.329,0.93542,0.93556,1.13,1.88
2013.10.14 18:14:50.390,0.93542,0.93556,1.13,1.50
2013.10.14 18:14:50.690,0.93546,0.93558,1.50,2.63
2013.10.14 18:14:50.752,0.93544,0.93558,2.63,2.63
2013.10.14 18:14:50.879,0.93544,0.93557,2.63,1.50
2013.10.14 18:14:51.211,0.93544,0.93557,1.50,2.25
2013.10.14 18:14:51.669,0.93544,0.93557,1.50,2.25
2013.10.14 18:14:52.147,0.93544,0.93557,1.50,1.88
2013.10.14 18:14:52.270,0.93544,0.93557,1.88,1.88
2013.10.14 18:14:52.794,0.93544,0.93556,1.13,1.50
2013.10.14 18:14:56.099,0.93543,0.93555,2.25,1.88
2013.10.14 18:14:56.459,0.93541,0.93551,1.88,1.13
2013.10.14 18:14:57.000,0.93539,0.93551,1.13,1.13
2013.10.14 18:14:57.590,0.93541,0.93551,1.50,1.88
2013.10.14 18:14:57.891,0.93541,0.93553,2.10,1.50
2013.10.14 18:14:58.429,0.93541,0.93554,2.85,1.88
2013.10.14 18:14:58.489,0.93541,0.93554,4.35,1.50
2013.10.14 18:14:58.909,0.93544,0.93558,1.35,2.25
2013.10.14 18:14:59.500,0.93544,0.93559,1.35,2.63
2013.10.14 18:14:59.679,0.93544,0.93559,1.73,2.25
2013.10.14 18:14:59.920,0.93543,0.93559,2.25,1.50
2013.10.14 18:15:00.462,0.93544,0.93558,2.25,1.50
2013.10.14 18:15:00.640,0.93544,0.93558,1.50,2.25
2013.10.14 18:15:01.208,0.93544,0.93558,1.50,2.25
2013.10.14 18:15:02.950,0.93543,0.93558,3.00,2.25
2013.10.14 18:15:04.409,0.93543,0.93557,2.25,3.00
2013.10.14 18:15:05.189,0.93542,0.93555,1.35,2.25
2013.10.14 18:15:05.749,0.93541,0.93555,2.85,2.25
2013.10.14 18:15:06.680,0.9354,0.93554,2.48,2.25
2013.10.14 18:15:07.039,0.9354,0.93551,1.35,1.50
2013.10.14 18:15:08.139,0.93541,0.93552,2.85,1.50
2013.10.14 18:15:08.679,0.93541,0.93553,1.50,1.50
2013.10.14 18:15:11.490,0.93537,0.93551,1.88,1.13
2013.10.14 18:15:11.670,0.93539,0.93551,1.13,1.13
2013.10.14 18:15:12.029,0.93537,0.9355,1.13,1.50
2013.10.14 18:15:12.600,0.93538,0.9355,1.13,2.25
2013.10.14 18:15:13.449,0.93538,0.93549,1.13,1.50
2013.10.14 18:15:14.010,0.93535,0.93549,1.88,1.50
2013.10.14 18:15:14.599,0.93535,0.93549,1.88,1.50
2013.10.14 18:15:15.534,0.93535,0.93549,1.50,1.50
2013.10.14 18:15:17.743,0.93535,0.93549,1.88,1.50
2013.10.14 18:15:18.309,0.93535,0.93549,1.50,1.50
2013.10.14 18:15:27.371,0.93536,0.93549,1.50,2.25
2013.10.14 18:15:27.620,0.93539,0.93551,1.50,1.50
2013.10.14 18:15:27.701,0.93542,0.93552,2.25,1.50
2013.10.14 18:15:29.530,0.93542,0.93553,1.50,1.50
2013.10.14 18:15:29.850,0.93544,0.93553,1.50,1.50
2013.10.14 18:15:29.980,0.93544,0.93553,1.50,1.50
2013.10.14 18:15:34.320,0.93545,0.93555,2.25,1.50
2013.10.14 18:15:34.439,0.93546,0.93556,1.50,1.13
2013.10.14 18:15:34.562,0.93547,0.93558,1.50,1.13
2013.10.14 18:15:34.742,0.93548,0.93559,1.35,1.50
2013.10.14 18:15:35.419,0.93547,0.93561,2.25,1.50
2013.10.14 18:15:35.751,0.93548,0.93561,1.73,1.50
2013.10.14 18:15:41.619,0.93547,0.93561,2.85,2.25
2013.10.14 18:15:48.601,0.93548,0.9356,1.35,1.50
2013.10.14 18:15:50.244,0.93547,0.93559,1.73,1.50
2013.10.14 18:15:53.800,0.93547,0.93558,1.73,1.50
2013.10.14 18:15:53.980,0.93543,0.93557,1.35,1.13
2013.10.14 18:15:54.100,0.93543,0.93554,1.35,1.50
2013.10.14 18:15:56.062,0.93543,0.93555,1.73,1.50
2013.10.14 18:15:56.369,0.93546,0.93558,1.73,1.50
2013.10.14 18:15:56.930,0.93545,0.93558,1.50,1.50
2013.10.14 18:15:57.540,0.93545,0.93557,1.13,1.50
2013.10.14 18:15:57.849,0.93543,0.93555,1.13,1.50
2013.10.14 18:15:59.299,0.93542,0.93555,1.73,3.38
2013.10.14 18:16:05.301,0.93542,0.93555,1.73,1.50
2013.10.14 18:16:05.660,0.93548,0.9356,1.13,1.50
2013.10.14 18:16:05.779,0.93548,0.93561,1.13,1.88
2013.10.14 18:16:06.392,0.93547,0.9356,3.23,1.13
2013.10.14 18:16:06.524,0.93548,0.93561,1.88,1.13
2013.10.14 18:16:09.099,0.93548,0.93561,2.63,1.13
2013.10.14 18:16:10.420,0.93558,0.93566,2.10,2.25
2013.10.14 18:16:10.481,0.93559,0.93567,2.48,1.50
2013.10.14 18:16:10.720,0.93562,0.93573,1.13,1.50
2013.10.14 18:16:10.780,0.93568,0.93576,1.35,1.13
2013.10.14 18:16:11.199,0.93568,0.93576,1.35,1.13
2013.10.14 18:16:11.501,0.93565,0.93574,1.13,1.13
2013.10.14 18:16:11.861,0.93567,0.93575,2.48,1.50
2013.10.14 18:16:12.161,0.93569,0.9358,1.35,2.25
2013.10.14 18:16:12.471,0.93569,0.93582,2.10,1.50
2013.10.14 18:16:14.229,0.93569,0.93581,1.13,1.50
2013.10.14 18:16:14.734,0.93568,0.9358,1.35,1.50
2013.10.14 18:16:15.040,0.93565,0.93577,3.23,2.25
2013.10.14 18:16:15.400,0.93565,0.93575,2.48,1.50
2013.10.14 18:16:16.600,0.93559,0.93574,2.63,2.25
2013.10.14 18:16:16.959,0.93558,0.93571,1.13,1.50
2013.10.14 18:16:17.079,0.93558,0.93571,1.13,1.50
2013.10.14 18:16:18.040,0.93558,0.9357,1.13,1.50
2013.10.14 18:16:25.880,0.93561,0.93571,1.13,1.50
2013.10.14 18:16:26.000,0.93561,0.93574,1.13,1.50
2013.10.14 18:16:26.059,0.93561,0.93576,1.88,1.50
2013.10.14 18:16:26.600,0.93563,0.93577,1.13,3.00
2013.10.14 18:16:27.142,0.93563,0.93577,1.13,3.00
2013.10.14 18:16:27.810,0.93563,0.93576,1.13,1.50
2013.10.14 18:16:29.079,0.93562,0.93576,1.13,1.50
2013.10.14 18:16:29.140,0.93562,0.93574,1.13,1.50
2013.10.14 18:16:29.259,0.93561,0.93572,1.13,2.25
2013.10.14 18:16:29.499,0.93558,0.93571,1.73,2.25
2013.10.14 18:16:29.679,0.93558,0.93569,1.73,1.50
2013.10.14 18:16:30.260,0.93557,0.93569,1.73,1.50
2013.10.14 18:16:32.418,0.93557,0.93568,1.73,1.50
2013.10.14 18:16:35.971,0.93555,0.93567,1.13,1.50
2013.10.14 18:16:36.478,0.93556,0.93567,1.73,1.50
2013.10.14 18:16:37.392,0.93558,0.93567,2.10,1.50
2013.10.14 18:16:40.349,0.93558,0.93569,2.10,1.50
2013.10.14 18:16:46.149,0.93558,0.93568,2.10,1.50
2013.10.14 18:16:54.695,0.93558,0.93567,2.10,1.50
2013.10.14 18:17:10.292,0.93555,0.93569,3.42,1.50
2013.10.14 18:17:10.929,0.93555,0.93569,3.42,1.50
2013.10.14 18:17:10.989,0.93555,0.93569,1.32,1.50
2013.10.14 18:17:11.169,0.93555,0.93568,1.35,1.13
2013.10.14 18:17:17.700,0.93556,0.93567,2.10,1.50
2013.10.14 18:17:17.879,0.93556,0.93568,2.48,2.25
2013.10.14 18:17:19.139,0.93559,0.93568,2.10,1.50
2013.10.14 18:17:19.632,0.93556,0.9357,1.35,2.25
2013.10.14 18:17:21.879,0.93555,0.9357,1.50,2.25
2013.10.14 18:17:30.002,0.93556,0.9357,1.73,2.25
2013.10.14 18:17:30.062,0.93557,0.93571,1.73,1.88
2013.10.14 18:17:30.430,0.93556,0.9357,1.35,1.50
2013.10.14 18:17:31.202,0.93556,0.93568,1.13,1.50
2013.10.14 18:17:31.389,0.93555,0.9357,3.60,3.00
2013.10.14 18:17:37.721,0.93556,0.93568,1.13,1.13
2013.10.14 18:17:38.081,0.93557,0.93569,2.48,1.50
2013.10.14 18:17:57.520,0.93555,0.93568,1.73,3.00
2013.10.14 18:18:05.062,0.93556,0.93568,1.35,2.63
2013.10.14 18:18:05.422,0.93563,0.93575,1.13,1.13
2013.10.14 18:18:05.719,0.93565,0.93577,1.13,1.88
2013.10.14 18:18:06.241,0.93565,0.93578,1.13,1.13
2013.10.14 18:18:06.300,0.93569,0.93578,1.50,1.13
2013.10.14 18:18:07.880,0.93569,0.93577,1.50,1.13
2013.10.14 18:18:08.142,0.93567,0.93577,1.50,1.13
2013.10.14 18:18:09.760,0.93569,0.93577,1.50,1.13
2013.10.14 18:18:24.192,0.93565,0.93577,1.50,1.13
2013.10.14 18:18:24.503,0.93566,0.93573,1.13,2.25
2013.10.14 18:18:24.570,0.93566,0.93576,1.13,3.00
2013.10.14 18:18:24.710,0.93565,0.93579,1.50,2.63
2013.10.14 18:18:24.769,0.93565,0.93577,1.50,1.13
2013.10.14 18:18:25.300,0.93569,0.93577,1.50,1.13
2013.10.14 18:18:27.949,0.93567,0.93577,1.50,1.13
2013.10.14 18:18:30.234,0.93567,0.93575,1.50,1.88
2013.10.14 18:18:32.770,0.93567,0.93573,1.50,2.63
2013.10.14 18:18:32.950,0.93567,0.93573,1.50,3.00
2013.10.14 18:18:33.192,0.93567,0.93572,1.50,1.50
2013.10.14 18:18:33.770,0.93566,0.93574,1.88,1.50
2013.10.14 18:18:33.856,0.93566,0.93574,1.13,1.50
2013.10.14 18:18:34.041,0.93563,0.93571,1.50,1.13
2013.10.14 18:18:37.510,0.93563,0.93571,1.50,1.13
2013.10.14 18:18:37.971,0.93559,0.93571,1.50,1.13
2013.10.14 18:18:45.815,0.93559,0.93569,1.50,1.13
2013.10.14 18:18:46.060,0.93556,0.93569,2.25,1.13
2013.10.14 18:18:46.240,0.93555,0.93566,1.50,2.25
2013.10.14 18:18:46.600,0.93563,0.93569,1.50,1.50
2013.10.14 18:18:46.960,0.93563,0.93571,1.50,1.50
2013.10.14 18:18:47.634,0.9356,0.93571,1.50,1.50
2013.10.14 18:18:48.691,0.9356,0.9357,1.50,1.13
2013.10.14 18:18:48.870,0.93557,0.93568,1.13,1.13
2013.10.14 18:18:49.110,0.93557,0.93571,2.25,1.50
2013.10.14 18:18:50.461,0.93558,0.93571,1.50,1.50
2013.10.14 18:18:59.651,0.93557,0.93571,3.00,1.50
2013.10.14 18:18:59.710,0.93557,0.93569,2.25,1.13
2013.10.14 18:19:00.069,0.93557,0.9357,3.00,1.50
2013.10.14 18:19:00.560,0.93557,0.9357,3.00,1.50
2013.10.14 18:19:00.619,0.93558,0.9357,1.50,1.50
2013.10.14 18:19:00.680,0.93558,0.93568,1.50,1.35
2013.10.14 18:19:00.799,0.93555,0.93568,1.50,2.10
2013.10.14 18:19:00.919,0.93556,0.93566,1.13,1.50
2013.10.14 18:19:01.622,0.93556,0.93567,1.88,1.13
2013.10.14 18:19:02.890,0.93556,0.93565,1.50,1.50
2013.10.14 18:19:02.950,0.93554,0.93565,1.50,1.50
2013.10.14 18:19:03.009,0.93554,0.93564,1.50,1.13
2013.10.14 18:19:03.550,0.93552,0.93564,1.50,1.13
2013.10.14 18:19:04.426,0.93552,0.93564,2.63,1.13
2013.10.14 18:19:04.931,0.93552,0.9356,2.63,1.13
2013.10.14 18:19:05.821,0.93553,0.9356,1.88,1.13
2013.10.14 18:19:08.280,0.93553,0.9356,1.50,1.13
2013.10.14 18:19:08.885,0.93552,0.9356,2.25,1.13
2013.10.14 18:19:09.510,0.93554,0.93563,1.50,1.13
2013.10.14 18:19:09.570,0.93554,0.93566,2.25,1.13
2013.10.14 18:19:09.690,0.93557,0.93568,2.25,1.88
2013.10.14 18:19:09.750,0.93557,0.93568,2.25,1.13
2013.10.14 18:19:11.159,0.93557,0.93568,3.00,1.13
2013.10.14 18:19:11.710,0.93557,0.93566,2.25,1.13
2013.10.14 18:19:12.670,0.93555,0.93563,2.25,1.13
2013.10.14 18:19:13.990,0.93555,0.93568,2.63,1.88
2013.10.14 18:19:14.470,0.93558,0.93568,1.13,1.13
2013.10.14 18:19:17.091,0.93558,0.9357,1.13,1.88
2013.10.14 18:19:17.161,0.93563,0.9357,1.73,1.50
2013.10.14 18:19:17.280,0.93566,0.93577,1.13,1.50
2013.10.14 18:19:17.340,0.93566,0.93579,1.13,2.25
2013.10.14 18:19:17.520,0.93566,0.93576,1.13,1.13
2013.10.14 18:19:18.060,0.93566,0.93576,1.13,1.13
2013.10.14 18:19:18.540,0.9356,0.93572,2.25,1.88
2013.10.14 18:19:19.460,0.9356,0.93568,1.50,1.13
2013.10.14 18:19:20.100,0.93558,0.93568,1.13,1.13
2013.10.14 18:19:20.175,0.93557,0.93568,1.50,1.88
2013.10.14 18:19:20.491,0.93552,0.9356,1.50,1.13
2013.10.14 18:19:20.732,0.93551,0.93559,1.50,1.13
2013.10.14 18:19:20.802,0.93543,0.93558,1.13,2.25
2013.10.14 18:19:20.981,0.93543,0.93558,1.88,3.75
2013.10.14 18:19:21.290,0.93544,0.93553,1.13,1.13
2013.10.14 18:19:21.470,0.93544,0.93556,1.13,1.50
2013.10.14 18:19:21.590,0.93544,0.93558,1.13,3.00
2013.10.14 18:19:22.129,0.93544,0.93558,1.13,2.25
2013.10.14 18:19:22.559,0.93544,0.93558,1.13,2.25
2013.10.14 18:19:22.882,0.93544,0.93558,1.13,2.25
2013.10.14 18:19:24.760,0.93544,0.93558,1.88,1.50
2013.10.14 18:19:24.820,0.93544,0.93558,1.88,1.50
2013.10.14 18:19:31.273,0.93545,0.93559,3.38,1.50
2013.10.14 18:19:31.402,0.93549,0.93563,1.88,1.88
2013.10.14 18:19:31.462,0.9355,0.93563,1.50,1.13
2013.10.14 18:19:31.640,0.9355,0.93561,2.25,1.13
2013.10.14 18:19:32.370,0.9355,0.93562,1.50,1.13
2013.10.14 18:19:32.733,0.93547,0.9356,2.25,1.50
2013.10.14 18:19:33.040,0.93547,0.93559,2.25,1.13
2013.10.14 18:19:36.731,0.93548,0.93558,1.50,1.50
2013.10.14 18:19:36.852,0.93546,0.93557,1.13,1.13
2013.10.14 18:19:36.970,0.93546,0.93556,1.13,1.88
2013.10.14 18:19:37.090,0.93546,0.93556,1.13,1.13
2013.10.14 18:19:37.630,0.93546,0.93558,1.13,1.88
2013.10.14 18:19:38.590,0.93546,0.93558,1.13,1.13
2013.10.14 18:19:39.139,0.93545,0.93558,1.50,1.88
2013.10.14 18:19:39.829,0.93547,0.93558,1.50,1.88
2013.10.14 18:19:39.897,0.93547,0.93558,1.50,1.88
2013.10.14 18:19:41.232,0.93547,0.93561,1.50,3.23
2013.10.14 18:19:41.350,0.93547,0.93559,1.50,1.13
2013.10.14 18:19:41.829,0.93546,0.93556,1.50,1.13
2013.10.14 18:19:42.009,0.93545,0.93556,1.88,1.13
2013.10.14 18:19:44.550,0.93545,0.93556,1.88,1.13
2013.10.14 18:19:45.107,0.93544,0.93556,1.13,1.88
2013.10.14 18:19:46.300,0.93545,0.93556,1.13,1.88
2013.10.14 18:19:48.611,0.93546,0.93556,1.13,1.13
2013.10.14 18:19:50.110,0.93543,0.93555,2.63,1.88
2013.10.14 18:19:50.807,0.93543,0.93555,2.63,1.88
2013.10.14 18:19:51.663,0.93543,0.93555,2.25,1.88
2013.10.14 18:19:51.730,0.93545,0.93557,1.50,2.25
2013.10.14 18:19:51.910,0.93545,0.93557,1.88,1.50
2013.10.14 18:19:52.030,0.93545,0.93557,2.48,1.50
2013.10.14 18:19:55.662,0.93545,0.93557,2.48,1.13
2013.10.14 18:20:03.461,0.93547,0.93558,1.50,1.13
2013.10.14 18:20:03.990,0.93547,0.93556,1.50,1.13
2013.10.14 18:20:07.694,0.93548,0.93556,3.00,1.13
2013.10.14 18:20:08.000,0.93551,0.93561,1.88,1.13
2013.10.14 18:20:08.520,0.93551,0.93561,1.88,1.13
2013.10.14 18:20:08.777,0.93551,0.93564,1.88,2.25
2013.10.14 18:20:08.960,0.93552,0.93561,1.50,1.13
2013.10.14 18:20:09.260,0.93553,0.93563,1.13,1.13
2013.10.14 18:20:09.440,0.93554,0.93565,1.13,1.13
2013.10.14 18:20:10.749,0.93553,0.93565,1.50,1.88
2013.10.14 18:20:14.130,0.93552,0.93565,2.25,1.88
2013.10.14 18:20:14.489,0.93552,0.93561,1.50,1.13
2013.10.14 18:20:15.091,0.93552,0.93561,1.50,1.13
2013.10.14 18:20:19.090,0.93552,0.93561,1.13,1.13
2013.10.14 18:20:19.450,0.93551,0.9356,1.50,1.13
2013.10.14 18:20:19.753,0.93553,0.9356,1.13,1.13
2013.10.14 18:20:19.941,0.93553,0.93562,1.13,1.13
2013.10.14 18:20:20.500,0.93552,0.93561,1.50,1.13
2013.10.14 18:20:21.159,0.93552,0.93563,1.50,1.88
2013.10.14 18:20:21.791,0.93552,0.93563,1.13,1.88
2013.10.14 18:20:23.900,0.93551,0.93563,1.50,1.35
2013.10.14 18:20:25.502,0.9355,0.93561,1.13,1.50
2013.10.14 18:20:25.679,0.93549,0.93561,1.13,1.88
2013.10.14 18:20:25.980,0.93549,0.93561,1.13,1.50
2013.10.14 18:20:26.100,0.93549,0.93561,1.13,1.50
2013.10.14 18:20:26.656,0.9355,0.93562,1.13,1.13
2013.10.14 18:20:26.899,0.93551,0.93562,1.13,1.13
2013.10.14 18:20:27.900,0.93551,0.93562,1.88,1.13
2013.10.14 18:20:37.531,0.93551,0.93561,1.50,1.13
2013.10.14 18:20:38.294,0.93552,0.93565,1.13,1.88
2013.10.14 18:20:38.365,0.93553,0.93565,1.13,1.13
2013.10.14 18:20:40.569,0.93553,0.93565,1.13,1.88
2013.10.14 18:20:40.630,0.93553,0.93564,1.13,1.88
2013.10.14 18:20:50.140,0.93552,0.93564,1.50,1.88
2013.10.14 18:20:50.679,0.93552,0.93564,1.50,2.63
2013.10.14 18:20:51.601,0.93552,0.93564,1.50,1.88
2013.10.14 18:21:03.968,0.93553,0.93564,1.13,1.88
2013.10.14 18:21:16.720,0.93551,0.93563,1.88,1.13
2013.10.14 18:21:17.279,0.93551,0.93562,1.50,1.35
2013.10.14 18:21:28.052,0.93552,0.93564,1.88,1.13
2013.10.14 18:21:28.424,0.93557,0.93571,1.13,2.10
2013.10.14 18:21:28.492,0.93556,0.9357,1.50,1.13
2013.10.14 18:21:28.851,0.93554,0.93569,1.88,1.88
2013.10.14 18:21:28.910,0.93554,0.93567,1.13,1.13
2013.10.14 18:21:30.579,0.93553,0.93565,3.00,1.13
2013.10.14 18:21:33.070,0.93551,0.93565,2.63,1.50
2013.10.14 18:21:39.108,0.93551,0.93565,2.25,1.50
2013.10.14 18:21:45.140,0.93552,0.93565,1.13,1.50
2013.10.14 18:21:45.680,0.93553,0.93565,1.50,1.50
2013.10.14 18:21:45.740,0.93553,0.93565,1.50,1.50
2013.10.14 18:21:47.610,0.9355,0.93565,1.13,2.63
2013.10.14 18:21:48.183,0.93549,0.93562,1.13,1.50
2013.10.14 18:22:00.335,0.93548,0.93561,1.50,2.25
2013.10.14 18:22:05.000,0.93552,0.93563,1.13,1.50
2013.10.14 18:22:06.012,0.93552,0.93564,1.13,1.50
2013.10.14 18:22:06.370,0.93553,0.93566,1.88,1.50
2013.10.14 18:22:07.290,0.93553,0.93566,1.88,2.25
2013.10.14 18:22:19.891,0.93553,0.93566,1.88,3.00
2013.10.14 18:22:22.790,0.93551,0.93564,3.00,2.25
2013.10.14 18:22:22.850,0.9355,0.93564,1.50,3.00
2013.10.14 18:22:23.410,0.93549,0.93562,1.13,2.25
2013.10.14 18:22:24.190,0.93549,0.93561,1.13,1.50
2013.10.14 18:22:24.959,0.93548,0.93561,1.50,1.50
2013.10.14 18:22:26.026,0.9355,0.93564,2.25,2.25
2013.10.14 18:22:26.093,0.93551,0.93564,1.88,2.25
2013.10.14 18:22:26.274,0.93551,0.93564,3.23,1.50
2013.10.14 18:22:26.461,0.93553,0.93568,1.88,1.50
2013.10.14 18:22:26.520,0.93553,0.93569,2.25,1.50
2013.10.14 18:22:26.840,0.93553,0.93569,2.25,1.50
2013.10.14 18:22:27.543,0.93556,0.93568,1.13,1.50
2013.10.14 18:22:27.612,0.93556,0.93569,1.13,1.50
2013.10.14 18:22:27.731,0.93556,0.93571,1.13,1.50
2013.10.14 18:22:27.852,0.93556,0.93571,1.13,1.50
2013.10.14 18:22:28.162,0.9356,0.93573,1.73,1.50
2013.10.14 18:22:28.231,0.93561,0.93574,1.13,1.50
2013.10.14 18:22:28.740,0.93559,0.93572,1.50,1.50
2013.10.14 18:22:29.286,0.93559,0.93572,1.50,1.50
2013.10.14 18:22:31.952,0.93558,0.93572,3.38,2.25
2013.10.14 18:22:33.931,0.93558,0.93572,2.25,2.25
2013.10.14 18:22:34.440,0.93558,0.93572,2.63,2.25
2013.10.14 18:22:34.991,0.93559,0.93572,1.50,2.25
2013.10.14 18:22:47.001,0.9356,0.93572,1.13,1.50
2013.10.14 18:22:58.100,0.9356,0.93572,1.13,1.50
2013.10.14 18:22:59.521,0.93561,0.93572,1.13,1.50
2013.10.14 18:23:01.410,0.93561,0.93572,1.13,1.50
2013.10.14 18:23:01.541,0.9356,0.93571,1.13,1.50
2013.10.14 18:23:05.930,0.93557,0.9357,1.50,1.50
2013.10.14 18:23:07.940,0.93556,0.9357,2.63,1.50
2013.10.14 18:23:08.462,0.93556,0.9357,2.25,1.50
2013.10.14 18:23:15.111,0.93556,0.9357,2.25,1.50
2013.10.14 18:23:15.452,0.93554,0.93568,2.25,1.50
2013.10.14 18:23:15.510,0.93553,0.93566,1.50,1.50
2013.10.14 18:23:15.571,0.9355,0.93565,2.25,1.50
2013.10.14 18:23:15.750,0.93549,0.93562,3.00,1.50
2013.10.14 18:23:16.052,0.93547,0.9356,2.25,1.88
2013.10.14 18:23:16.171,0.93546,0.9356,2.25,1.88
2013.10.14 18:23:16.361,0.93546,0.93559,1.50,1.50
2013.10.14 18:23:16.420,0.93545,0.93559,1.50,1.50
2013.10.14 18:23:17.911,0.93545,0.93559,2.25,1.50
2013.10.14 18:23:20.261,0.93544,0.93559,2.25,1.88
2013.10.14 18:23:20.441,0.93543,0.93558,1.50,1.88
2013.10.14 18:23:21.820,0.93543,0.93557,1.50,1.50
2013.10.14 18:23:24.690,0.93542,0.93556,2.25,1.50
2013.10.14 18:23:25.244,0.93542,0.93555,2.25,1.50
2013.10.14 18:23:26.750,0.9354,0.93555,1.50,2.63
2013.10.14 18:23:27.839,0.9354,0.93554,1.50,1.50
2013.10.14 18:23:28.850,0.93539,0.93552,1.88,1.50
2013.10.14 18:23:29.029,0.93537,0.93552,1.50,3.00
2013.10.14 18:23:30.179,0.93537,0.93549,1.50,1.50
2013.10.14 18:23:31.251,0.93537,0.93552,1.50,3.00
2013.10.14 18:23:37.390,0.93536,0.93551,1.50,1.50
2013.10.14 18:23:37.569,0.93537,0.93551,1.50,1.50
2013.10.14 18:23:37.629,0.93535,0.9355,1.88,1.50
2013.10.14 18:23:38.390,0.93535,0.93549,1.88,1.50
2013.10.14 18:23:44.530,0.93536,0.93549,1.13,1.50
2013.10.14 18:23:44.949,0.9354,0.9355,2.25,1.50
2013.10.14 18:23:45.070,0.93541,0.93551,1.13,1.50
2013.10.14 18:23:45.190,0.93542,0.93555,1.13,1.50
2013.10.14 18:23:45.430,0.93543,0.93557,1.88,1.50
2013.10.14 18:23:45.909,0.93543,0.93557,1.50,1.50
2013.10.14 18:23:46.541,0.93541,0.93554,1.13,1.50
2013.10.14 18:23:46.719,0.93541,0.93554,1.13,1.50
2013.10.14 18:23:47.229,0.93541,0.93553,1.13,1.50
2013.10.14 18:23:47.730,0.93539,0.93553,1.13,2.25
2013.10.14 18:23:50.339,0.93539,0.93552,1.13,1.50
2013.10.14 18:23:50.812,0.93538,0.93552,2.63,1.50
2013.10.14 18:23:50.992,0.93537,0.9355,1.13,1.50
2013.10.14 18:23:51.239,0.93534,0.93548,1.73,2.25
2013.10.14 18:23:51.479,0.93533,0.93547,1.50,1.88
2013.10.14 18:23:54.920,0.93533,0.93545,1.50,1.50
2013.10.14 18:23:55.888,0.93533,0.93544,1.50,1.50
2013.10.14 18:24:03.800,0.93531,0.93543,1.50,1.50
2013.10.14 18:24:06.330,0.93531,0.93544,1.50,1.13
2013.10.14 18:24:12.159,0.93533,0.93545,1.50,1.13
2013.10.14 18:24:12.709,0.93534,0.93546,1.50,1.13
2013.10.14 18:24:13.240,0.93533,0.93546,1.50,1.88
2013.10.14 18:24:15.413,0.93533,0.93546,1.50,1.50
2013.10.14 18:24:23.170,0.93531,0.93545,3.23,1.50
2013.10.14 18:24:25.719,0.93533,0.93546,2.10,1.50
2013.10.14 18:24:26.269,0.93533,0.93546,1.50,1.50
2013.10.14 18:24:26.390,0.93533,0.93546,1.50,1.50
2013.10.14 18:24:30.001,0.93531,0.93546,1.50,2.63
2013.10.14 18:24:32.070,0.93535,0.93546,1.13,1.13
2013.10.14 18:24:32.250,0.93535,0.93547,1.13,1.13
2013.10.14 18:24:32.430,0.93535,0.9355,1.88,3.75
2013.10.14 18:24:33.750,0.93536,0.9355,1.50,3.75
2013.10.14 18:24:34.270,0.93537,0.9355,1.13,1.50
2013.10.14 18:24:34.941,0.93537,0.93549,1.13,1.88
2013.10.14 18:24:35.072,0.93535,0.93548,2.25,1.50
2013.10.14 18:24:35.690,0.93533,0.93547,1.50,1.13
2013.10.14 18:24:36.955,0.93531,0.93545,2.25,1.88
2013.10.14 18:24:37.502,0.93531,0.93546,2.25,1.88
2013.10.14 18:24:37.623,0.93533,0.93548,1.88,1.88
2013.10.14 18:24:37.812,0.93538,0.9355,1.50,1.50
2013.10.14 18:24:38.051,0.93539,0.93552,1.50,1.13
2013.10.14 18:24:38.511,0.93537,0.93549,1.50,1.13
2013.10.14 18:24:38.870,0.93531,0.93546,4.80,1.50
2013.10.14 18:24:38.931,0.93532,0.93546,1.50,2.25
2013.10.14 18:24:42.540,0.93532,0.93546,1.50,2.25
2013.10.14 18:24:47.499,0.93532,0.93546,1.50,2.25
2013.10.14 18:24:50.397,0.93531,0.93545,1.88,1.50
2013.10.14 18:24:53.912,0.93535,0.93546,1.13,3.00
2013.10.14 18:24:53.970,0.93535,0.93546,1.13,1.50
2013.10.14 18:24:54.030,0.93536,0.93547,1.13,1.50
2013.10.14 18:24:54.090,0.93536,0.9355,1.13,2.63
2013.10.14 18:24:54.347,0.93538,0.93551,1.13,1.50
2013.10.14 18:24:55.760,0.93538,0.9355,1.50,1.50
2013.10.14 18:24:56.230,0.93535,0.9355,2.25,2.63
2013.10.14 18:24:57.980,0.93535,0.93549,2.25,1.88
2013.10.14 18:24:58.160,0.93535,0.93547,1.50,1.50
2013.10.14 18:24:59.062,0.93533,0.93547,2.10,2.25
2013.10.14 18:25:03.030,0.93533,0.93547,2.10,2.25
2013.10.14 18:25:05.019,0.93533,0.93546,1.50,1.13
2013.10.14 18:25:05.080,0.93533,0.93546,1.50,1.13
2013.10.14 18:25:05.910,0.93533,0.93546,1.50,1.13
2013.10.14 18:25:08.502,0.9353,0.93543,1.88,1.50
2013.10.14 18:25:10.749,0.9353,0.93543,1.13,2.25
2013.10.14 18:25:11.280,0.93529,0.93543,1.50,2.25
2013.10.14 18:25:12.612,0.93529,0.93543,1.50,2.25
2013.10.14 18:25:12.730,0.93529,0.93543,1.50,2.25
2013.10.14 18:25:12.910,0.93529,0.93541,1.50,1.13
2013.10.14 18:25:13.449,0.93528,0.93539,1.13,1.50
2013.10.14 18:25:14.159,0.93525,0.93539,1.50,3.00
2013.10.14 18:25:14.340,0.93523,0.93533,1.50,1.13
2013.10.14 18:25:14.460,0.93521,0.93533,1.88,1.13
2013.10.14 18:25:15.010,0.93521,0.93535,3.38,1.13
2013.10.14 18:25:15.370,0.93528,0.93538,1.50,1.13
2013.10.14 18:25:15.889,0.93528,0.93538,2.25,1.13
2013.10.14 18:25:20.925,0.93529,0.93541,1.50,1.13
2013.10.14 18:25:29.891,0.93529,0.93542,2.63,1.13
2013.10.14 18:25:30.299,0.93529,0.93544,3.38,1.88
2013.10.14 18:25:31.841,0.93529,0.93543,3.00,1.13
2013.10.14 18:25:32.084,0.93524,0.93537,2.25,1.35
2013.10.14 18:25:32.511,0.93526,0.93539,1.50,1.13
2013.10.14 18:25:32.750,0.93527,0.93541,1.50,2.25
2013.10.14 18:25:36.920,0.93527,0.9354,1.50,1.50
2013.10.14 18:25:39.313,0.93527,0.9354,1.50,2.25
2013.10.14 18:25:44.356,0.93527,0.9354,1.50,1.50
2013.10.14 18:25:52.430,0.93527,0.9354,1.50,2.25
2013.10.14 18:25:54.569,0.93527,0.9354,2.25,1.50
2013.10.14 18:25:58.159,0.93527,0.9354,2.25,1.50
2013.10.14 18:25:58.460,0.93525,0.93538,1.88,2.25
2013.10.14 18:26:00.198,0.93525,0.93536,2.25,1.35
2013.10.14 18:26:01.023,0.93526,0.93536,1.88,1.35
2013.10.14 18:26:01.151,0.93526,0.93539,1.88,1.50
2013.10.14 18:26:01.391,0.93526,0.9354,1.88,2.10
2013.10.14 18:26:01.751,0.93528,0.93541,1.88,2.25
2013.10.14 18:26:02.796,0.93528,0.9354,1.88,1.35
2013.10.14 18:26:02.865,0.93528,0.9354,1.50,1.35
2013.10.14 18:26:04.621,0.93528,0.93539,1.50,1.35
2013.10.14 18:26:06.941,0.93528,0.93539,1.50,1.73
2013.10.14 18:26:07.361,0.93528,0.93538,1.50,1.13
2013.10.14 18:26:08.255,0.93528,0.93539,1.50,1.73
2013.10.14 18:26:10.061,0.93528,0.93538,1.50,1.13
2013.10.14 18:26:17.510,0.93528,0.93539,1.50,2.48
2013.10.14 18:26:17.689,0.93526,0.93539,2.25,2.48
2013.10.14 18:26:17.750,0.93526,0.93539,2.25,2.48
2013.10.14 18:26:18.294,0.93526,0.93536,1.50,1.50
2013.10.14 18:26:18.722,0.93528,0.9354,1.50,4.13
2013.10.14 18:26:20.470,0.93528,0.9354,1.88,4.50
2013.10.14 18:26:21.459,0.93528,0.9354,1.88,5.25
2013.10.14 18:26:22.013,0.93525,0.93537,1.50,1.50
2013.10.14 18:26:22.201,0.93525,0.93537,1.88,1.50
2013.10.14 18:26:26.272,0.93527,0.93538,1.50,1.50
2013.10.14 18:26:28.180,0.93525,0.93538,1.13,1.88
2013.10.14 18:26:29.112,0.93525,0.93538,1.50,1.88
2013.10.14 18:26:29.351,0.93521,0.93534,3.00,1.13
2013.10.14 18:26:29.411,0.9352,0.93534,2.25,1.13
2013.10.14 18:26:29.770,0.9352,0.93533,1.50,1.50
2013.10.14 18:26:30.371,0.93519,0.93534,2.25,1.13
2013.10.14 18:26:30.553,0.93519,0.93534,2.25,1.13
2013.10.14 18:26:31.101,0.93519,0.93534,2.25,1.13
2013.10.14 18:26:31.281,0.93521,0.93534,2.25,1.35
2013.10.14 18:26:31.401,0.93522,0.93535,3.00,2.48
2013.10.14 18:26:32.102,0.93524,0.93535,1.50,2.10
2013.10.14 18:26:35.149,0.93523,0.93534,1.13,1.35
2013.10.14 18:26:48.430,0.93522,0.93533,1.50,1.13
2013.10.14 18:26:57.370,0.93524,0.93534,1.50,1.13
2013.10.14 18:27:03.051,0.93524,0.93535,1.88,1.13
2013.10.14 18:27:03.892,0.93526,0.93538,1.50,1.88
2013.10.14 18:27:12.110,0.93524,0.93536,1.50,1.13
2013.10.14 18:27:12.730,0.93523,0.93533,2.25,1.13
2013.10.14 18:27:13.090,0.93522,0.93532,1.50,1.13
2013.10.14 18:27:14.020,0.93519,0.93532,1.50,1.88
2013.10.14 18:27:26.842,0.93519,0.93533,1.50,1.13
2013.10.14 18:27:28.450,0.93519,0.93532,1.50,1.50
2013.10.14 18:27:30.417,0.93519,0.9353,1.50,1.50
2013.10.14 18:27:43.815,0.93519,0.93533,1.50,1.13
2013.10.14 18:27:44.433,0.93521,0.93533,1.50,1.88
2013.10.14 18:27:45.515,0.93521,0.93532,1.50,1.50
2013.10.14 18:27:48.051,0.93518,0.9353,1.50,1.88
2013.10.14 18:27:48.590,0.93517,0.9353,2.25,1.13
2013.10.14 18:27:49.343,0.93517,0.9353,2.25,1.13
2013.10.14 18:27:52.453,0.93519,0.93533,1.50,1.13
2013.10.14 18:27:53.070,0.93522,0.93534,1.50,1.13
2013.10.14 18:27:57.122,0.93521,0.93534,2.25,1.13
2013.10.14 18:27:58.560,0.93522,0.93534,1.13,1.13
2013.10.14 18:28:06.451,0.93522,0.93534,1.13,1.88
2013.10.14 18:28:06.990,0.93521,0.93534,2.25,1.73
2013.10.14 18:28:12.631,0.93521,0.93534,2.25,1.73
2013.10.14 18:28:13.212,0.9352,0.93534,2.25,2.48
2013.10.14 18:28:13.760,0.9352,0.93534,2.25,1.88
2013.10.14 18:28:24.313,0.9352,0.93534,1.50,1.88
2013.10.14 18:28:24.501,0.93517,0.93533,2.63,2.25
2013.10.14 18:28:25.185,0.93517,0.93531,2.25,1.13
2013.10.14 18:28:25.801,0.93517,0.9353,1.50,1.13
2013.10.14 18:28:28.300,0.93517,0.93529,1.50,1.50
2013.10.14 18:28:29.952,0.93517,0.9353,1.50,1.13
2013.10.14 18:28:33.690,0.93517,0.93529,1.50,1.13
2013.10.14 18:28:38.750,0.93517,0.93531,1.50,1.13
2013.10.14 18:28:43.610,0.93519,0.93532,2.25,1.13
2013.10.14 18:28:43.670,0.9352,0.93532,1.50,1.13
2013.10.14 18:28:43.791,0.9352,0.93535,1.50,1.88
2013.10.14 18:28:44.310,0.9352,0.93534,1.50,1.13
2013.10.14 18:28:49.150,0.93521,0.93534,2.25,1.13
2013.10.14 18:28:52.690,0.93521,0.93533,1.50,1.88
2013.10.14 18:28:53.050,0.9352,0.93531,1.50,1.13
2013.10.14 18:28:53.600,0.93519,0.93531,1.50,1.13
2013.10.14 18:28:55.273,0.93518,0.9353,2.25,1.13
2013.10.14 18:28:55.841,0.93518,0.9353,2.25,1.13
2013.10.14 18:28:56.401,0.93516,0.9353,2.25,1.13
2013.10.14 18:28:59.264,0.93516,0.93528,1.88,1.50
2013.10.14 18:28:59.390,0.93516,0.93528,1.88,1.50
2013.10.14 18:29:00.139,0.93516,0.93528,1.88,1.50
2013.10.14 18:29:00.692,0.93514,0.93526,1.50,1.35
2013.10.14 18:29:00.751,0.93513,0.93526,1.13,2.48
2013.10.14 18:29:03.820,0.93512,0.93526,1.13,2.85
2013.10.14 18:29:04.462,0.93512,0.93526,1.13,2.85
2013.10.14 18:29:07.103,0.93512,0.93526,1.50,2.85
2013.10.14 18:29:10.530,0.93513,0.93526,1.50,1.50
2013.10.14 18:29:10.890,0.93513,0.93527,1.50,1.50
2013.10.14 18:29:11.491,0.93514,0.93528,1.13,1.88
2013.10.14 18:29:19.300,0.93515,0.93527,1.13,1.50
2013.10.14 18:29:33.870,0.93515,0.93527,1.13,1.88
2013.10.14 18:29:34.170,0.93514,0.93525,1.13,1.50
2013.10.14 18:29:34.970,0.93513,0.93525,1.50,1.50
2013.10.14 18:29:44.181,0.93514,0.93525,1.13,1.50
2013.10.14 18:29:45.752,0.93511,0.93524,1.13,2.25
2013.10.14 18:29:45.810,0.93511,0.93524,1.13,2.25
2013.10.14 18:29:47.101,0.9351,0.93524,1.50,1.88
2013.10.14 18:29:47.663,0.9351,0.93523,1.50,2.63
2013.10.14 18:29:47.720,0.9351,0.93523,1.50,2.63
2013.10.14 18:29:51.679,0.93508,0.93521,1.50,1.13
2013.10.14 18:29:58.271,0.93508,0.93521,1.50,1.88
2013.10.14 18:29:58.889,0.93507,0.93521,1.13,1.88
2013.10.14 18:30:01.551,0.93505,0.93517,2.25,1.50
2013.10.14 18:30:02.490,0.93505,0.93517,2.25,1.50
2013.10.14 18:30:02.850,0.93504,0.93516,1.88,1.35
2013.10.14 18:30:02.970,0.93502,0.93516,1.13,1.35
2013.10.14 18:30:03.331,0.93498,0.93512,1.88,1.50
2013.10.14 18:30:03.896,0.93498,0.93513,1.50,4.50
2013.10.14 18:30:04.440,0.93497,0.93512,2.63,2.25
2013.10.14 18:30:04.800,0.93498,0.93512,1.13,1.88
2013.10.14 18:30:05.142,0.93498,0.93512,1.13,1.88
2013.10.14 18:30:09.370,0.93498,0.93512,1.13,1.88
2013.10.14 18:30:14.310,0.93499,0.93512,1.50,1.88
2013.10.14 18:30:21.471,0.935,0.93515,3.00,1.50
2013.10.14 18:30:21.591,0.93503,0.93515,2.63,1.13
2013.10.14 18:30:24.160,0.93503,0.93516,3.75,1.13
2013.10.14 18:30:24.221,0.93505,0.93516,2.25,1.13
2013.10.14 18:30:29.012,0.93504,0.93516,2.25,1.73
2013.10.14 18:30:29.401,0.93506,0.93518,1.50,1.88
2013.10.14 18:30:30.177,0.93507,0.93518,1.50,1.88
2013.10.14 18:30:47.020,0.93507,0.93519,3.00,1.73
2013.10.14 18:30:47.941,0.93506,0.93518,1.50,1.13
2013.10.14 18:30:51.364,0.93506,0.93518,2.25,1.13
2013.10.14 18:31:02.883,0.93509,0.93521,2.25,3.60
2013.10.14 18:31:02.943,0.9351,0.93525,2.25,3.94
2013.10.14 18:31:03.010,0.9351,0.93525,2.63,2.25
2013.10.14 18:31:03.190,0.93511,0.93525,1.13,2.25
2013.10.14 18:31:11.880,0.93514,0.93525,2.25,2.85
2013.10.14 18:31:25.790,0.93513,0.93525,1.50,3.23
2013.10.14 18:31:28.310,0.93513,0.93525,1.50,1.13
2013.10.14 18:31:28.931,0.93513,0.93525,1.50,1.13
2013.10.14 18:31:32.082,0.93513,0.93525,1.50,1.13
2013.10.14 18:31:33.910,0.93513,0.93525,1.50,1.13
2013.10.14 18:31:34.578,0.93513,0.93525,1.50,1.13
2013.10.14 18:31:40.085,0.93512,0.93525,1.50,1.13
2013.10.14 18:31:40.701,0.93512,0.93524,3.00,1.13
2013.10.14 18:32:01.330,0.93513,0.93526,2.25,1.13
2013.10.14 18:32:02.030,0.93513,0.93526,1.50,1.13
2013.10.14 18:32:02.421,0.93513,0.93527,3.75,1.73
2013.10.14 18:32:04.024,0.93515,0.93527,1.50,1.35
2013.10.14 18:32:09.501,0.93515,0.93526,1.50,1.35
2013.10.14 18:32:09.561,0.93513,0.93527,3.00,3.23
2013.10.14 18:32:09.620,0.93513,0.93527,2.25,1.88
2013.10.14 18:32:09.681,0.93513,0.93527,2.63,1.50
2013.10.14 18:32:30.381,0.93516,0.93528,1.50,1.88
2013.10.14 18:32:31.411,0.93516,0.9353,2.25,1.50
2013.10.14 18:32:31.472,0.93516,0.9353,2.25,1.50
2013.10.14 18:32:31.532,0.9352,0.9353,1.50,1.13
2013.10.14 18:32:31.591,0.93518,0.9353,1.50,1.13
2013.10.14 18:32:33.741,0.93519,0.93531,1.50,1.13
2013.10.14 18:32:34.460,0.93521,0.93534,2.25,1.88
2013.10.14 18:32:34.520,0.93522,0.93534,1.50,1.50
2013.10.14 18:32:34.643,0.93523,0.93534,1.50,1.50
2013.10.14 18:32:35.001,0.93521,0.93531,1.50,1.13
2013.10.14 18:32:35.186,0.93521,0.93533,1.50,2.48
2013.10.14 18:32:35.712,0.93521,0.93533,1.50,2.48
2013.10.14 18:32:36.213,0.93521,0.93533,1.50,2.85
2013.10.14 18:32:37.920,0.93521,0.93533,1.50,2.25
2013.10.14 18:32:44.400,0.93519,0.93533,3.38,2.25
2013.10.14 18:32:44.701,0.93519,0.93533,3.38,2.25
2013.10.14 18:32:59.941,0.93519,0.93533,2.63,1.88
2013.10.14 18:33:00.488,0.93519,0.93532,2.25,1.13
2013.10.14 18:33:04.651,0.93519,0.9353,2.25,1.35
2013.10.14 18:33:10.711,0.93519,0.9353,2.25,1.35
2013.10.14 18:33:11.470,0.9352,0.9353,1.50,1.35
2013.10.14 18:33:14.330,0.93519,0.9353,1.50,1.35
2013.10.14 18:33:19.997,0.93525,0.93531,1.13,2.10
2013.10.14 18:33:20.064,0.93527,0.93536,1.13,2.25
2013.10.14 18:33:20.192,0.93528,0.93543,1.13,2.85
2013.10.14 18:33:20.732,0.9353,0.93543,1.50,1.35
2013.10.14 18:33:21.227,0.93531,0.93543,1.50,1.35
2013.10.14 18:33:21.543,0.93531,0.93544,1.50,2.10
2013.10.14 18:33:21.663,0.93531,0.93545,2.25,1.50
2013.10.14 18:33:21.971,0.93531,0.93546,1.50,1.50
2013.10.14 18:33:22.480,0.93529,0.93545,3.00,1.50
2013.10.14 18:33:23.000,0.9353,0.93545,1.50,2.25
2013.10.14 18:33:31.751,0.93531,0.93546,1.88,1.50
2013.10.14 18:33:32.520,0.93533,0.93546,1.13,1.50
2013.10.14 18:33:32.640,0.93533,0.93546,1.13,1.50
2013.10.14 18:33:36.212,0.93533,0.93546,1.13,1.50
2013.10.14 18:33:36.511,0.93531,0.93544,1.13,1.50
2013.10.14 18:33:37.700,0.93531,0.93544,1.13,1.50
2013.10.14 18:33:39.511,0.93531,0.93544,1.13,1.50
2013.10.14 18:33:42.983,0.93531,0.93545,1.13,1.50
2013.10.14 18:33:43.543,0.93532,0.93546,1.50,1.50
2013.10.14 18:33:44.930,0.93534,0.93547,1.13,2.25
2013.10.14 18:33:45.411,0.93537,0.93548,1.13,1.50
2013.10.14 18:33:45.472,0.93537,0.93549,1.13,2.10
2013.10.14 18:33:45.651,0.93537,0.93551,1.88,3.98
2013.10.14 18:33:47.301,0.93535,0.93549,1.13,3.23
2013.10.14 18:33:47.482,0.93535,0.93548,1.13,1.13
2013.10.14 18:33:50.150,0.93534,0.93546,1.13,1.13
2013.10.14 18:33:50.270,0.93533,0.93546,1.50,1.50
2013.10.14 18:33:50.334,0.93531,0.93546,3.75,1.88
2013.10.14 18:33:50.400,0.93532,0.93546,1.13,1.88
2013.10.14 18:33:52.761,0.93532,0.93546,1.13,2.25
2013.10.14 18:33:58.851,0.93534,0.93546,1.13,1.50
2013.10.14 18:34:00.751,0.93534,0.93549,3.00,3.98
2013.10.14 18:34:01.300,0.93534,0.93549,3.00,3.60
2013.10.14 18:34:04.382,0.93535,0.93549,1.13,1.35
2013.10.14 18:34:05.112,0.93536,0.93549,1.50,1.35
2013.10.14 18:34:06.831,0.93537,0.93549,1.13,1.35
2013.10.14 18:34:07.363,0.93536,0.93549,1.88,1.35
2013.10.14 18:34:10.676,0.93537,0.93549,1.13,1.35
2013.10.14 18:34:11.161,0.93535,0.93549,2.63,1.50
2013.10.14 18:34:11.720,0.93535,0.9355,1.88,2.63
2013.10.14 18:34:12.314,0.93536,0.9355,1.13,2.25
2013.10.14 18:34:14.320,0.93536,0.9355,1.13,2.63
2013.10.14 18:34:14.620,0.93536,0.9355,1.13,1.88
2013.10.14 18:34:15.531,0.93536,0.9355,1.88,1.13
2013.10.14 18:34:16.098,0.93537,0.93551,1.13,2.25
2013.10.14 18:34:16.672,0.93536,0.93549,1.13,1.50
2013.10.14 18:34:17.152,0.93535,0.93549,2.63,1.50
2013.10.14 18:34:17.831,0.93534,0.93547,1.13,1.50
2013.10.14 18:34:18.429,0.93533,0.93546,1.13,1.50
2013.10.14 18:34:19.551,0.93534,0.93548,1.13,1.88
2013.10.14 18:34:20.740,0.93535,0.93548,1.13,1.50
2013.10.14 18:34:20.941,0.93535,0.93549,1.13,1.88
2013.10.14 18:34:22.070,0.93534,0.93548,1.88,1.50
2013.10.14 18:34:22.130,0.93534,0.9355,1.88,3.75
2013.10.14 18:34:22.668,0.93538,0.93552,1.88,1.13
2013.10.14 18:34:23.181,0.93537,0.9355,2.25,1.13
2013.10.14 18:34:23.364,0.93537,0.93552,2.25,1.50
2013.10.14 18:34:23.614,0.93539,0.93553,1.88,2.10
2013.10.14 18:34:23.860,0.9354,0.93553,1.13,1.13
2013.10.14 18:34:25.585,0.9354,0.93551,1.13,1.50
2013.10.14 18:34:25.830,0.93538,0.93551,1.13,1.50
2013.10.14 18:34:26.012,0.93537,0.93551,1.88,1.13
2013.10.14 18:34:30.403,0.93536,0.93549,1.13,1.50
2013.10.14 18:34:30.872,0.93536,0.93549,1.13,1.50
2013.10.14 18:34:34.171,0.93533,0.93546,1.88,1.50
2013.10.14 18:34:37.793,0.93533,0.93546,1.88,1.50
2013.10.14 18:34:38.340,0.93533,0.93546,1.88,1.50
2013.10.14 18:34:43.080,0.93533,0.93547,1.88,1.50
2013.10.14 18:34:51.550,0.93533,0.93546,1.13,1.50
2013.10.14 18:34:52.261,0.93533,0.93546,1.13,1.50
2013.10.14 18:34:56.602,0.93533,0.93547,1.88,1.88
2013.10.14 18:34:56.781,0.93533,0.93547,1.88,1.50
2013.10.14 18:34:57.322,0.93533,0.93547,1.88,1.50
2013.10.14 18:34:57.630,0.93533,0.93546,1.13,1.88
2013.10.14 18:34:57.811,0.9353,0.93544,1.50,1.50
2013.10.14 18:34:58.352,0.9353,0.93544,1.13,1.50
2013.10.14 18:34:58.681,0.9353,0.93543,1.13,1.50
2013.10.14 18:34:59.230,0.9353,0.93542,1.13,1.13
2013.10.14 18:35:03.921,0.9353,0.93543,1.13,2.25
2013.10.14 18:35:05.040,0.9353,0.93543,1.13,2.25
2013.10.14 18:35:05.411,0.93529,0.93542,1.88,1.13
2013.10.14 18:35:05.772,0.93529,0.93542,2.63,2.25
2013.10.14 18:35:06.011,0.9353,0.93542,1.50,3.00
2013.10.14 18:35:06.251,0.93533,0.93546,1.50,1.13
2013.10.14 18:35:06.671,0.93532,0.93544,1.88,1.13
2013.10.14 18:35:06.792,0.93531,0.93544,1.50,2.25
2013.10.14 18:35:07.299,0.9353,0.93541,1.13,1.13
2013.10.14 18:35:07.740,0.93531,0.93543,1.88,2.25
2013.10.14 18:35:08.242,0.93533,0.93547,1.13,2.10
2013.10.14 18:35:08.919,0.93533,0.93548,2.63,3.75
2013.10.14 18:35:09.351,0.93533,0.93547,1.88,1.13
2013.10.14 18:35:09.531,0.9353,0.93542,1.88,1.13
2013.10.14 18:35:09.961,0.9353,0.93543,1.13,1.50
2013.10.14 18:35:10.440,0.93533,0.93547,1.13,3.23
2013.10.14 18:35:11.211,0.93533,0.93547,1.13,3.23
2013.10.14 18:35:11.691,0.93533,0.93545,1.13,1.13
2013.10.14 18:35:11.871,0.93529,0.93541,1.88,1.13
2013.10.14 18:35:12.170,0.93529,0.93541,2.25,1.50
2013.10.14 18:35:13.593,0.93528,0.93539,2.63,2.63
2013.10.14 18:35:13.902,0.93523,0.93536,1.88,2.85
2013.10.14 18:35:14.961,0.93523,0.93537,1.88,1.13
2013.10.14 18:35:15.411,0.93524,0.93537,1.13,1.13
2013.10.14 18:35:17.556,0.93525,0.93532,1.50,1.50
2013.10.14 18:35:17.800,0.9352,0.93529,1.13,1.13
2013.10.14 18:35:17.981,0.93523,0.93532,1.88,1.88
2013.10.14 18:35:18.041,0.93523,0.93532,1.88,1.50
2013.10.14 18:35:18.581,0.93523,0.93532,1.88,2.25
2013.10.14 18:35:19.421,0.93523,0.93529,1.88,1.13
2013.10.14 18:35:19.542,0.93519,0.93529,1.88,1.13
2013.10.14 18:35:19.720,0.93519,0.93529,1.13,1.13
2013.10.14 18:35:20.720,0.93524,0.93536,1.88,1.13
2013.10.14 18:35:21.161,0.93524,0.93533,1.50,1.13
2013.10.14 18:35:21.281,0.9352,0.93532,1.50,2.85
2013.10.14 18:35:21.945,0.93519,0.93528,1.88,1.13
2013.10.14 18:35:22.073,0.93514,0.93525,1.13,1.13
2013.10.14 18:35:22.261,0.93516,0.93526,1.13,1.50
2013.10.14 18:35:22.980,0.93516,0.9353,1.88,1.50
2013.10.14 18:35:24.352,0.93517,0.9353,1.13,1.88
2013.10.14 18:35:24.657,0.93516,0.93526,1.13,1.88
2013.10.14 18:35:24.960,0.93516,0.93526,1.88,1.50
2013.10.14 18:35:25.510,0.93518,0.9353,1.13,2.25
2013.10.14 18:35:26.541,0.93518,0.9353,1.13,2.25
2013.10.14 18:35:27.262,0.93518,0.9353,1.13,1.50
2013.10.14 18:35:28.302,0.93518,0.9353,1.13,1.50
2013.10.14 18:35:28.383,0.93518,0.9353,1.13,2.25
2013.10.14 18:35:29.713,0.93518,0.9353,1.13,2.25
2013.10.14 18:35:29.770,0.93518,0.93525,1.13,1.50
2013.10.14 18:35:29.831,0.93515,0.93525,1.50,1.50
2013.10.14 18:35:29.891,0.93512,0.93525,1.88,2.10
2013.10.14 18:35:29.951,0.93512,0.93525,1.88,2.10
2013.10.14 18:35:32.391,0.93514,0.93527,1.88,2.25
2013.10.14 18:35:32.939,0.93514,0.93527,1.88,2.25
2013.10.14 18:35:33.266,0.93516,0.93527,1.50,2.25
2013.10.14 18:35:33.601,0.93519,0.93527,1.50,2.25
2013.10.14 18:35:35.381,0.93519,0.93529,2.25,1.50
2013.10.14 18:35:35.621,0.93511,0.9352,1.13,1.13
2013.10.14 18:35:35.802,0.93512,0.93527,2.25,2.10
2013.10.14 18:35:36.250,0.93516,0.93527,2.25,1.35
2013.10.14 18:35:37.630,0.93516,0.93527,2.25,1.35
2013.10.14 18:35:37.870,0.93519,0.93528,2.25,1.13
2013.10.14 18:35:38.430,0.93519,0.93528,2.25,1.13
2013.10.14 18:35:40.172,0.93519,0.93528,2.25,1.13
2013.10.14 18:35:40.232,0.93517,0.93526,1.13,2.25
2013.10.14 18:35:44.831,0.93517,0.93526,1.13,2.25
2013.10.14 18:35:44.892,0.93517,0.93526,1.13,2.25
2013.10.14 18:35:45.391,0.93516,0.93521,2.25,1.50
2013.10.14 18:35:45.571,0.93511,0.93519,1.13,1.13
2013.10.14 18:35:45.811,0.9351,0.93521,2.25,1.50
2013.10.14 18:35:46.891,0.93512,0.93525,1.88,1.35
2013.10.14 18:35:47.671,0.93512,0.93525,1.88,1.35
2013.10.14 18:35:49.730,0.93514,0.93527,1.50,1.13
2013.10.14 18:35:50.150,0.93514,0.93527,2.63,1.13
2013.10.14 18:35:51.170,0.93515,0.93527,1.50,1.13
2013.10.14 18:35:51.752,0.93515,0.93528,1.88,1.50
2013.10.14 18:35:52.301,0.93515,0.93528,1.88,1.50
2013.10.14 18:35:54.311,0.93515,0.93528,1.88,1.50
2013.10.14 18:35:56.951,0.93516,0.93529,1.13,1.88
2013.10.14 18:35:59.592,0.93514,0.93528,1.50,2.85
2013.10.14 18:35:59.771,0.93514,0.93528,1.50,4.35
2013.10.14 18:36:00.134,0.93509,0.9352,1.88,1.13
2013.10.14 18:36:01.701,0.9351,0.9352,1.13,1.13
2013.10.14 18:36:02.001,0.93512,0.93524,1.13,1.50
2013.10.14 18:36:02.121,0.93512,0.93526,1.13,3.00
2013.10.14 18:36:02.651,0.93513,0.93526,1.13,1.50
2013.10.14 18:36:03.822,0.93514,0.93527,1.13,1.13
2013.10.14 18:36:04.640,0.93514,0.93529,1.88,1.13
2013.10.14 18:36:05.731,0.93512,0.93525,1.13,1.50
2013.10.14 18:36:07.930,0.93512,0.93525,1.13,1.88
2013.10.14 18:36:08.050,0.93511,0.93522,1.13,1.13
2013.10.14 18:36:08.896,0.93509,0.9352,2.63,1.13
2013.10.14 18:36:09.952,0.93509,0.9352,1.13,2.63
2013.10.14 18:36:10.072,0.93507,0.9352,2.63,2.63
2013.10.14 18:36:10.371,0.93505,0.9352,1.13,3.38
2013.10.14 18:36:10.922,0.93505,0.93519,1.13,1.13
2013.10.14 18:36:17.731,0.93504,0.93517,1.50,1.88
2013.10.14 18:36:18.271,0.93505,0.93517,1.13,1.13
2013.10.14 18:36:25.221,0.93504,0.93517,1.88,1.88
2013.10.14 18:36:25.341,0.93503,0.93517,2.63,1.88
2013.10.14 18:36:25.954,0.93504,0.93517,1.13,1.88
2013.10.14 18:36:26.465,0.93505,0.93517,1.13,1.50
2013.10.14 18:36:27.941,0.93505,0.93515,1.13,2.25
2013.10.14 18:36:28.121,0.935,0.93514,2.25,3.60
2013.10.14 18:36:28.182,0.93496,0.9351,1.50,1.13
2013.10.14 18:36:28.850,0.93496,0.9351,1.50,1.13
2013.10.14 18:36:29.402,0.93496,0.9351,1.88,1.13
2013.10.14 18:36:30.433,0.93497,0.9351,1.13,1.50
2013.10.14 18:36:30.551,0.93496,0.9351,1.88,1.50
2013.10.14 18:36:31.059,0.93497,0.9351,1.13,1.50
2013.10.14 18:36:31.653,0.93496,0.9351,1.88,1.88
2013.10.14 18:36:31.860,0.93498,0.9351,1.35,1.13
2013.10.14 18:36:32.041,0.93499,0.93512,1.13,1.88
2013.10.14 18:36:34.182,0.93499,0.93512,1.13,1.88
2013.10.14 18:36:34.302,0.93502,0.93516,1.13,1.50
2013.10.14 18:36:34.361,0.93502,0.93516,1.13,1.50
2013.10.14 18:36:34.880,0.93503,0.93517,1.50,2.63
2013.10.14 18:36:40.558,0.93499,0.93512,1.13,1.50
2013.10.14 18:36:40.628,0.93498,0.93509,1.13,1.35
2013.10.14 18:36:41.227,0.93498,0.93509,1.13,1.35
2013.10.14 18:36:43.561,0.93498,0.9351,1.13,1.88
2013.10.14 18:36:44.141,0.93497,0.9351,1.88,2.25
2013.10.14 18:36:44.200,0.93498,0.9351,1.13,1.88
2013.10.14 18:36:44.852,0.93497,0.9351,1.88,2.25
2013.10.14 18:36:52.022,0.93497,0.93509,1.13,1.13
2013.10.14 18:36:55.201,0.93495,0.93507,1.13,2.85
2013.10.14 18:36:55.503,0.93495,0.93501,1.13,1.73
2013.10.14 18:36:55.563,0.9349,0.93501,2.25,1.35
2013.10.14 18:36:55.742,0.93495,0.93505,1.13,2.85
2013.10.14 18:36:56.600,0.93493,0.93507,1.13,2.25
2013.10.14 18:37:00.231,0.93495,0.93507,1.13,1.13
2013.10.14 18:37:00.412,0.93493,0.93507,1.88,1.50
2013.10.14 18:37:00.951,0.93493,0.93507,1.88,1.50
2013.10.14 18:37:02.790,0.93493,0.93507,1.88,1.50
2013.10.14 18:37:03.435,0.93493,0.93506,1.88,1.13
2013.10.14 18:37:03.681,0.93493,0.93507,1.88,1.50
2013.10.14 18:37:09.091,0.93493,0.93507,1.88,1.50
2013.10.14 18:37:10.471,0.93493,0.93507,1.88,1.50
2013.10.14 18:37:10.592,0.93493,0.93503,1.50,1.13
2013.10.14 18:37:10.951,0.93491,0.93503,2.48,1.13
2013.10.14 18:37:12.050,0.93491,0.93505,1.73,2.63
2013.10.14 18:37:18.741,0.9349,0.93503,1.73,1.13
2013.10.14 18:37:19.491,0.9349,0.93502,1.35,1.13
2013.10.14 18:37:20.011,0.9349,0.93502,1.13,1.13
2013.10.14 18:37:24.973,0.93489,0.93502,1.13,1.13
2013.10.14 18:37:25.578,0.9349,0.93503,1.13,1.88
2013.10.14 18:37:26.067,0.9349,0.93503,1.13,1.50
2013.10.14 18:37:26.372,0.93489,0.93504,3.00,1.50
2013.10.14 18:37:26.926,0.9349,0.93506,1.50,1.50
2013.10.14 18:37:32.323,0.93493,0.93506,1.13,1.88
2013.10.14 18:37:32.440,0.93493,0.93506,1.13,1.50
2013.10.14 18:37:34.380,0.93493,0.93506,1.13,1.50
2013.10.14 18:37:34.582,0.93493,0.93506,1.13,1.88
2013.10.14 18:37:34.641,0.93493,0.93506,1.13,1.50
2013.10.14 18:37:36.832,0.93493,0.93506,1.13,1.50
2013.10.14 18:37:37.501,0.93493,0.93506,1.13,1.50
2013.10.14 18:37:48.721,0.93493,0.93506,1.88,1.13
2013.10.14 18:37:49.291,0.93493,0.93507,1.88,1.50
2013.10.14 18:37:50.007,0.93493,0.93507,1.88,1.50
2013.10.14 18:37:51.406,0.93493,0.93507,1.88,1.50
2013.10.14 18:37:58.695,0.93493,0.93506,1.88,1.13
2013.10.14 18:38:01.114,0.93493,0.93507,1.88,1.88
2013.10.14 18:38:12.553,0.93493,0.93507,1.88,1.50
2013.10.14 18:38:20.202,0.93495,0.93507,1.13,1.13
2013.10.14 18:38:22.581,0.93495,0.93508,1.13,2.48
2013.10.14 18:38:23.201,0.93494,0.93506,2.63,1.13
2013.10.14 18:38:25.473,0.93495,0.93507,1.13,1.13
2013.10.14 18:38:26.320,0.93495,0.93507,1.13,1.13
2013.10.14 18:38:31.401,0.93492,0.93504,1.13,1.13
2013.10.14 18:38:36.592,0.9349,0.93503,1.50,1.50
2013.10.14 18:38:36.772,0.93497,0.93506,1.73,1.50
2013.10.14 18:38:36.831,0.93497,0.93509,2.48,1.50
2013.10.14 18:38:37.011,0.93499,0.93512,1.13,1.13
2013.10.14 18:38:37.551,0.935,0.93513,1.13,1.50
2013.10.14 18:38:39.211,0.935,0.93513,1.88,1.13
2013.10.14 18:38:44.141,0.935,0.93513,1.88,1.13
2013.10.14 18:38:44.502,0.93502,0.93513,1.50,1.13
2013.10.14 18:38:47.182,0.93503,0.93516,2.63,1.13
2013.10.14 18:38:47.542,0.93508,0.9352,1.50,1.73
2013.10.14 18:38:47.661,0.9351,0.93521,1.13,1.13
2013.10.14 18:38:48.201,0.9351,0.93525,1.13,2.85
2013.10.14 18:38:52.161,0.93512,0.93525,1.88,2.85
2013.10.14 18:38:52.521,0.93512,0.93525,2.85,1.50
2013.10.14 18:38:53.801,0.93512,0.93525,2.85,1.50
2013.10.14 18:38:55.763,0.93512,0.93525,2.85,1.50
2013.10.14 18:38:57.022,0.93512,0.93525,1.50,1.50
2013.10.14 18:38:57.581,0.93512,0.93526,1.50,1.50
2013.10.14 18:39:02.714,0.93512,0.93526,2.63,1.50
2013.10.14 18:39:03.793,0.93512,0.93526,2.63,1.50
2013.10.14 18:39:10.321,0.93512,0.93525,2.63,1.13
2013.10.14 18:39:14.482,0.93512,0.93525,1.88,1.13
2013.10.14 18:39:18.731,0.93512,0.93524,2.25,1.13
2013.10.14 18:39:19.342,0.93512,0.93524,2.25,1.13
2013.10.14 18:39:19.902,0.93513,0.93524,1.50,1.13
2013.10.14 18:39:20.419,0.93514,0.93524,1.50,1.13
2013.10.14 18:39:46.941,0.93513,0.93524,1.50,1.13
2013.10.14 18:39:50.471,0.93512,0.93525,1.50,1.13
2013.10.14 18:39:50.531,0.93511,0.93525,1.13,1.13
2013.10.14 18:39:55.203,0.93511,0.93524,1.88,1.13
2013.10.14 18:39:56.961,0.93513,0.93525,2.25,1.13
2013.10.14 18:39:57.471,0.93514,0.93525,1.50,1.13
2013.10.14 18:40:06.912,0.93513,0.93525,2.25,1.13
2013.10.14 18:40:14.562,0.93513,0.93524,2.25,1.13
2013.10.14 18:40:15.835,0.93513,0.93524,2.25,1.13
2013.10.14 18:40:26.612,0.93513,0.93525,2.25,1.13
2013.10.14 18:40:29.491,0.93513,0.93526,1.13,1.73
2013.10.14 18:40:37.504,0.93512,0.93525,1.88,1.88
2013.10.14 18:40:43.001,0.93512,0.93525,1.13,1.88
2013.10.14 18:40:43.642,0.93512,0.93525,1.13,1.88
2013.10.14 18:40:43.882,0.93512,0.93525,1.13,1.88
2013.10.14 18:40:44.441,0.93512,0.93525,1.13,1.50
2013.10.14 18:40:44.620,0.93513,0.93526,1.13,1.13
2013.10.14 18:40:46.683,0.93513,0.93526,1.13,1.88
2013.10.14 18:40:47.941,0.93513,0.93526,1.13,1.88
2013.10.14 18:40:52.951,0.93512,0.93525,1.13,1.13
2013.10.14 18:40:53.902,0.93514,0.93527,1.50,1.50
2013.10.14 18:40:54.022,0.93517,0.9353,1.13,1.13
2013.10.14 18:40:54.201,0.9352,0.93532,2.85,2.25
2013.10.14 18:40:54.501,0.93518,0.93531,1.88,1.50
2013.10.14 18:40:54.562,0.93522,0.93533,1.13,2.25
2013.10.14 18:40:54.861,0.9353,0.93544,1.13,1.88
2013.10.14 18:40:54.921,0.93529,0.93544,1.50,1.73
2013.10.14 18:40:54.981,0.93529,0.93543,1.13,1.13
2013.10.14 18:40:55.161,0.93528,0.9354,1.88,1.35
2013.10.14 18:40:55.462,0.93525,0.93539,2.25,1.13
2013.10.14 18:40:55.762,0.93522,0.93539,2.25,2.63
2013.10.14 18:40:56.301,0.93521,0.93536,1.13,1.50
2013.10.14 18:40:56.671,0.93519,0.93535,1.50,1.50
2013.10.14 18:40:56.733,0.93517,0.93534,3.00,2.25
2013.10.14 18:40:57.271,0.93518,0.93534,1.50,3.00
2013.10.14 18:40:58.220,0.93517,0.93533,1.13,1.50
2013.10.14 18:40:58.641,0.93516,0.93532,1.50,1.88
2013.10.14 18:40:58.761,0.93514,0.93528,1.88,1.13
2013.10.14 18:40:58.881,0.93514,0.93528,1.13,1.13
2013.10.14 18:40:59.181,0.93508,0.93524,1.50,1.50
2013.10.14 18:41:00.053,0.93507,0.93524,2.63,2.25
2013.10.14 18:41:00.112,0.93507,0.93523,1.13,1.50
2013.10.14 18:41:00.233,0.93505,0.93521,2.63,1.50
2013.10.14 18:41:02.331,0.93505,0.9352,3.00,1.50
2013.10.14 18:41:02.938,0.93504,0.93519,1.13,1.50
2013.10.14 18:41:03.752,0.93503,0.93514,1.88,1.50
2013.10.14 18:41:03.932,0.935,0.93513,1.50,1.13
2013.10.14 18:41:04.052,0.93497,0.93509,1.50,1.50
2013.10.14 18:41:04.235,0.93493,0.93505,1.13,1.50
2013.10.14 18:41:04.496,0.93488,0.93504,1.50,1.13
2013.10.14 18:41:05.043,0.93487,0.93504,2.25,1.88
2013.10.14 18:41:05.106,0.93486,0.93503,3.75,1.50
2013.10.14 18:41:07.531,0.93487,0.93502,1.50,1.50
2013.10.14 18:41:07.731,0.93487,0.93502,2.25,1.50
2013.10.14 18:41:08.061,0.93489,0.93504,2.25,1.88
2013.10.14 18:41:08.562,0.93489,0.93504,2.25,1.13
2013.10.14 18:41:10.611,0.93491,0.93505,1.35,3.75
2013.10.14 18:41:10.912,0.93498,0.93513,1.50,1.13
2013.10.14 18:41:11.033,0.935,0.93515,1.50,1.50
2013.10.14 18:41:12.283,0.935,0.93515,1.50,1.13
2013.10.14 18:41:13.521,0.93501,0.93515,1.50,1.13
2013.10.14 18:41:15.580,0.93502,0.93516,1.13,3.00
2013.10.14 18:41:15.895,0.93506,0.93517,1.50,1.88
2013.10.14 18:41:16.142,0.93509,0.93524,1.50,1.50
2013.10.14 18:41:16.382,0.93508,0.93524,1.50,1.50
2013.10.14 18:41:16.982,0.93508,0.93522,2.25,2.63
2013.10.14 18:41:17.161,0.93507,0.93522,1.50,2.63
2013.10.14 18:41:17.221,0.93507,0.93522,3.75,1.88
2013.10.14 18:41:17.781,0.93509,0.93522,1.50,1.50
2013.10.14 18:41:18.626,0.93509,0.93522,1.50,1.50
2013.10.14 18:41:22.151,0.93509,0.93522,1.50,2.10
2013.10.14 18:41:22.692,0.93508,0.9352,1.50,1.13
2013.10.14 18:41:23.213,0.93508,0.9352,1.50,1.13
2013.10.14 18:41:28.091,0.93508,0.9352,1.50,1.13
2013.10.14 18:41:28.581,0.93507,0.93519,1.50,1.88
2013.10.14 18:41:28.701,0.93505,0.93519,1.50,1.88
2013.10.14 18:41:29.310,0.93506,0.93519,1.50,1.88
2013.10.14 18:41:30.257,0.93506,0.93518,1.50,1.73
2013.10.14 18:41:30.503,0.93508,0.93518,1.13,1.73
2013.10.14 18:41:30.691,0.93506,0.9352,1.88,1.13
2013.10.14 18:41:32.971,0.93509,0.9352,1.50,1.13
2013.10.14 18:41:33.503,0.93509,0.9352,1.50,1.13
2013.10.14 18:41:35.453,0.93509,0.93517,1.50,1.13
2013.10.14 18:41:35.991,0.93509,0.93517,1.50,1.13
2013.10.14 18:41:36.552,0.93507,0.93517,1.50,1.13
2013.10.14 18:41:37.551,0.93506,0.93515,1.50,1.13
2013.10.14 18:41:37.731,0.93504,0.93515,2.25,1.13
2013.10.14 18:41:38.237,0.93505,0.93515,1.50,1.13
2013.10.14 18:41:38.491,0.93506,0.93519,1.13,1.88
2013.10.14 18:41:39.092,0.93506,0.93518,1.13,1.13
2013.10.14 18:41:41.181,0.93505,0.93518,2.25,1.13
2013.10.14 18:41:54.935,0.93502,0.93508,2.25,1.35
2013.10.14 18:41:55.183,0.935,0.93506,1.50,1.13
2013.10.14 18:41:55.553,0.93494,0.93507,2.48,1.50
2013.10.14 18:41:55.732,0.93496,0.9351,1.35,1.88
2013.10.14 18:41:55.791,0.93498,0.9351,1.13,1.50
2013.10.14 18:41:56.102,0.93497,0.93513,3.38,1.88
2013.10.14 18:41:56.533,0.93501,0.93512,1.50,1.13
2013.10.14 18:41:56.651,0.93498,0.93509,1.50,1.13
2013.10.14 18:41:57.191,0.93497,0.93508,1.50,1.13
2013.10.14 18:41:57.732,0.93498,0.93508,1.50,1.13
2013.10.14 18:41:59.151,0.93497,0.93508,1.50,1.13
2013.10.14 18:41:59.272,0.93494,0.93508,1.50,1.13
2013.10.14 18:41:59.811,0.93493,0.93507,1.50,1.50
2013.10.14 18:42:00.054,0.93491,0.93506,1.50,1.13
2013.10.14 18:42:00.121,0.9349,0.93506,2.25,1.88
2013.10.14 18:42:00.241,0.93491,0.93506,1.50,1.13
2013.10.14 18:42:00.563,0.93491,0.93506,1.50,2.25
2013.10.14 18:42:00.932,0.9349,0.93502,1.50,1.50
2013.10.14 18:42:01.123,0.93487,0.935,2.25,1.50
2013.10.14 18:42:01.181,0.93488,0.935,3.00,1.50
2013.10.14 18:42:01.702,0.9349,0.935,1.50,1.50
2013.10.14 18:42:01.970,0.93488,0.935,1.50,1.50
2013.10.14 18:42:02.704,0.93489,0.935,1.50,1.50
2013.10.14 18:42:02.891,0.93488,0.93501,1.50,1.35
2013.10.14 18:42:03.251,0.9349,0.93501,2.25,1.35
2013.10.14 18:42:03.801,0.93489,0.93501,1.50,2.10
2013.10.14 18:42:03.982,0.93483,0.93498,1.50,2.25
2013.10.14 18:42:04.162,0.93483,0.93498,1.50,2.25
2013.10.14 18:42:04.340,0.93483,0.93498,1.13,2.63
2013.10.14 18:42:05.244,0.93482,0.93498,1.50,3.00
2013.10.14 18:42:05.502,0.93482,0.93495,1.50,1.13
2013.10.14 18:42:05.564,0.93479,0.9349,1.50,1.13
2013.10.14 18:42:05.692,0.93479,0.93491,1.50,1.50
2013.10.14 18:42:05.754,0.93477,0.93485,3.00,1.13
2013.10.14 18:42:05.814,0.93476,0.93485,1.50,1.13
2013.10.14 18:42:05.936,0.93474,0.93481,1.50,1.13
2013.10.14 18:42:06.065,0.9347,0.9348,1.50,1.13
2013.10.14 18:42:06.132,0.9347,0.93479,1.50,2.10
2013.10.14 18:42:06.433,0.93466,0.93474,2.25,2.10
2013.10.14 18:42:06.613,0.93463,0.93473,2.25,1.13
2013.10.14 18:42:06.791,0.9346,0.93472,1.50,1.13
2013.10.14 18:42:07.091,0.93447,0.93463,1.13,1.88
2013.10.14 18:42:07.271,0.93447,0.93463,2.63,1.88
2013.10.14 18:42:07.511,0.93449,0.93464,1.13,1.50
2013.10.14 18:42:08.051,0.93448,0.93464,1.88,2.25
2013.10.14 18:42:08.352,0.93443,0.93454,1.50,1.13
2013.10.14 18:42:08.411,0.93443,0.93455,1.88,1.13
2013.10.14 18:42:08.712,0.93443,0.93459,2.25,1.13
2013.10.14 18:42:09.191,0.93442,0.93457,1.13,1.88
2013.10.14 18:42:09.492,0.93441,0.93457,2.25,1.50
2013.10.14 18:42:09.552,0.93441,0.93456,1.50,1.88
2013.10.14 18:42:09.732,0.93439,0.93452,1.50,1.13
2013.10.14 18:42:09.792,0.93441,0.93457,1.50,3.00
2013.10.14 18:42:10.151,0.9344,0.93454,1.50,1.50
2013.10.14 18:42:10.522,0.93438,0.9345,1.88,1.50
2013.10.14 18:42:10.822,0.93432,0.93446,2.25,2.48
2013.10.14 18:42:11.001,0.93432,0.93447,2.25,1.73
2013.10.14 18:42:11.516,0.93433,0.93447,1.13,1.73
2013.10.14 18:42:11.582,0.93433,0.93445,1.13,1.13
2013.10.14 18:42:12.001,0.93435,0.93447,1.50,1.73
2013.10.14 18:42:12.121,0.93435,0.93447,1.50,1.73
2013.10.14 18:42:12.752,0.93435,0.93445,1.50,2.10
2013.10.14 18:42:12.991,0.93427,0.93439,3.00,1.13
2013.10.14 18:42:13.170,0.93424,0.93438,1.13,1.35
2013.10.14 18:42:13.291,0.93423,0.93438,1.13,2.85
2013.10.14 18:42:14.102,0.93422,0.93437,2.25,1.13
2013.10.14 18:42:14.403,0.93422,0.93434,1.50,2.85
2013.10.14 18:42:14.924,0.93422,0.9343,1.50,1.35
2013.10.14 18:42:14.998,0.93423,0.93431,1.13,1.13
2013.10.14 18:42:15.125,0.93424,0.93433,2.63,1.50
2013.10.14 18:42:15.256,0.93426,0.93437,1.50,1.88
2013.10.14 18:42:15.501,0.93428,0.93441,1.88,1.50
2013.10.14 18:42:15.681,0.9343,0.93446,1.50,1.88
2013.10.14 18:42:15.741,0.93431,0.93446,1.13,1.88
2013.10.14 18:42:15.862,0.93431,0.93446,1.13,2.63
2013.10.14 18:42:15.921,0.93431,0.93446,1.88,2.48
2013.10.14 18:42:16.041,0.93431,0.93443,1.50,1.35
2013.10.14 18:42:16.221,0.93429,0.93443,1.50,1.73
2013.10.14 18:42:16.521,0.93427,0.93442,1.88,1.50
2013.10.14 18:42:16.583,0.93426,0.93441,1.13,1.88
2013.10.14 18:42:17.061,0.93425,0.93438,1.13,1.73
2013.10.14 18:42:17.363,0.93422,0.93437,1.88,1.50
2013.10.14 18:42:17.483,0.93419,0.93425,2.25,2.85
2013.10.14 18:42:17.552,0.93417,0.93425,1.13,2.85
2013.10.14 18:42:17.792,0.93412,0.93426,1.35,1.88
2013.10.14 18:42:18.032,0.93415,0.93427,1.88,1.88
2013.10.14 18:42:18.414,0.93419,0.93427,1.50,1.13
2013.10.14 18:42:18.593,0.93417,0.93427,2.25,1.13
2013.10.14 18:42:18.651,0.9342,0.93427,2.25,1.13
2013.10.14 18:42:18.831,0.9342,0.9343,1.50,1.50
2013.10.14 18:42:18.891,0.93421,0.9343,1.50,1.50
2013.10.14 18:42:19.191,0.93419,0.93431,1.50,1.88
2013.10.14 18:42:19.554,0.9342,0.93433,1.88,1.13
2013.10.14 18:42:19.622,0.9342,0.93437,2.63,1.50
2013.10.14 18:42:19.682,0.93425,0.93437,1.50,1.50
2013.10.14 18:42:19.983,0.93428,0.93439,1.50,2.63
2013.10.14 18:42:20.291,0.9342,0.93428,1.50,2.48
2013.10.14 18:42:20.352,0.93419,0.93426,1.50,2.48
2013.10.14 18:42:20.476,0.93419,0.93429,1.50,1.50
2013.10.14 18:42:20.603,0.93418,0.93424,2.25,1.50
2013.10.14 18:42:20.961,0.9341,0.93418,1.50,1.13
2013.10.14 18:42:21.021,0.93412,0.93419,2.25,1.13
2013.10.14 18:42:21.081,0.93412,0.93422,2.25,1.13
2013.10.14 18:42:21.142,0.93416,0.93424,2.25,1.13
2013.10.14 18:42:21.202,0.93417,0.93427,1.50,2.10
2013.10.14 18:42:21.441,0.93419,0.93431,2.25,1.13
2013.10.14 18:42:21.621,0.9342,0.9343,1.50,1.13
2013.10.14 18:42:21.801,0.93415,0.93425,1.50,1.13
2013.10.14 18:42:21.862,0.9341,0.93425,1.50,1.13
2013.10.14 18:42:21.922,0.93414,0.93425,2.25,1.13
2013.10.14 18:42:22.102,0.93415,0.93426,1.50,1.13
2013.10.14 18:42:22.224,0.93417,0.93429,1.50,1.88
2013.10.14 18:42:22.296,0.93417,0.93429,2.48,1.50
2013.10.14 18:42:22.603,0.93411,0.93419,1.50,1.13
2013.10.14 18:42:22.782,0.93412,0.93422,1.50,3.60
2013.10.14 18:42:23.321,0.93413,0.93422,1.50,3.60
2013.10.14 18:42:23.404,0.93413,0.9342,1.50,1.35
2013.10.14 18:42:24.303,0.93411,0.93418,1.50,1.13
2013.10.14 18:42:24.374,0.93411,0.93418,1.50,1.13
2013.10.14 18:42:24.562,0.93402,0.93411,3.75,2.48
2013.10.14 18:42:24.621,0.93401,0.93411,1.50,2.48
2013.10.14 18:42:24.802,0.93405,0.93414,1.50,1.35
2013.10.14 18:42:24.862,0.93405,0.93417,3.00,2.25
2013.10.14 18:42:24.922,0.93408,0.93417,2.25,1.88
2013.10.14 18:42:25.326,0.93411,0.93419,1.50,1.35
2013.10.14 18:42:25.591,0.93408,0.93419,1.50,1.35
2013.10.14 18:42:26.603,0.93408,0.9342,1.50,2.10
2013.10.14 18:42:26.903,0.93395,0.93406,1.50,1.13
2013.10.14 18:42:27.025,0.93397,0.93408,1.13,1.13
2013.10.14 18:42:27.091,0.93401,0.93408,1.50,1.13
2013.10.14 18:42:27.211,0.93395,0.93409,4.13,2.10
2013.10.14 18:42:27.270,0.93395,0.93409,3.75,3.23
2013.10.14 18:42:27.331,0.93395,0.93409,1.50,4.35
2013.10.14 18:42:27.692,0.93404,0.93415,1.50,1.13
2013.10.14 18:42:27.752,0.93406,0.93416,1.50,1.13
2013.10.14 18:42:28.114,0.93403,0.9341,1.50,1.13
2013.10.14 18:42:28.242,0.93394,0.93402,1.13,2.10
2013.10.14 18:42:28.301,0.93389,0.934,1.50,2.10
2013.10.14 18:42:28.361,0.93394,0.934,1.50,2.10
2013.10.14 18:42:28.481,0.93394,0.93405,1.13,2.63
2013.10.14 18:42:28.541,0.93395,0.93407,1.13,1.50
2013.10.14 18:42:28.661,0.93398,0.93414,1.50,2.48
2013.10.14 18:42:28.781,0.93399,0.93415,1.13,1.88
2013.10.14 18:42:28.841,0.93401,0.93416,1.50,1.13
2013.10.14 18:42:29.200,0.93403,0.93416,1.50,1.13
2013.10.14 18:42:30.102,0.93403,0.9341,1.50,1.73
2013.10.14 18:42:30.283,0.93399,0.9341,1.50,1.73
2013.10.14 18:42:30.404,0.93393,0.93402,1.50,3.23
2013.10.14 18:42:30.531,0.93385,0.93397,2.25,1.35
2013.10.14 18:42:30.713,0.93385,0.93395,1.50,3.23
2013.10.14 18:42:30.952,0.93385,0.93397,1.50,1.13
2013.10.14 18:42:31.012,0.93385,0.934,1.50,1.50
2013.10.14 18:42:31.072,0.93388,0.934,2.25,1.13
2013.10.14 18:42:31.251,0.93392,0.93408,1.13,1.88
2013.10.14 18:42:31.373,0.93395,0.93411,1.50,3.75
2013.10.14 18:42:31.911,0.93394,0.9341,1.50,1.88
2013.10.14 18:42:32.031,0.93392,0.93408,1.13,1.88
2013.10.14 18:42:32.151,0.93391,0.93407,1.50,1.13
2013.10.14 18:42:32.331,0.93387,0.93403,1.50,1.88
2013.10.14 18:42:32.512,0.93386,0.93403,1.50,3.38
2013.10.14 18:42:32.871,0.93381,0.93396,3.00,1.50
2013.10.14 18:42:33.053,0.93375,0.93385,1.50,2.25
2013.10.14 18:42:33.173,0.93372,0.93386,1.50,2.63
2013.10.14 18:42:33.234,0.93372,0.93386,1.50,2.63
2013.10.14 18:42:33.543,0.93368,0.93374,3.00,1.50
2013.10.14 18:42:34.155,0.93346,0.93359,1.13,2.63
2013.10.14 18:42:34.241,0.93338,0.93352,1.13,1.50
2013.10.14 18:42:34.374,0.93338,0.93355,2.63,2.25
2013.10.14 18:42:34.503,0.93338,0.93352,1.13,2.25
2013.10.14 18:42:34.564,0.93335,0.93351,2.25,1.13
2013.10.14 18:42:34.632,0.93334,0.9335,1.50,1.50
2013.10.14 18:42:34.691,0.93333,0.9335,3.38,2.25
2013.10.14 18:42:34.871,0.93332,0.93348,1.50,1.50
2013.10.14 18:42:34.933,0.93333,0.9335,2.25,1.50
2013.10.14 18:42:35.002,0.93335,0.93351,1.13,1.88
2013.10.14 18:42:35.361,0.93341,0.93354,2.25,1.13
2013.10.14 18:42:35.422,0.93341,0.93355,2.25,2.25
2013.10.14 18:42:35.603,0.93345,0.93355,2.25,1.50
2013.10.14 18:42:35.914,0.93343,0.93352,1.50,1.13
2013.10.14 18:42:36.102,0.9333,0.93344,1.50,1.13
2013.10.14 18:42:36.642,0.93329,0.93344,2.25,1.13
2013.10.14 18:42:36.894,0.93329,0.93344,1.50,1.13
2013.10.14 18:42:36.964,0.93329,0.93344,2.25,1.13
2013.10.14 18:42:37.511,0.93327,0.93344,1.50,1.88
2013.10.14 18:42:37.692,0.93327,0.93344,1.50,2.63
2013.10.14 18:42:37.752,0.93327,0.93344,1.50,1.88
2013.10.14 18:42:38.376,0.93331,0.93345,3.00,2.25
2013.10.14 18:42:38.442,0.93333,0.9335,1.50,1.88
2013.10.14 18:42:38.562,0.93335,0.93351,1.50,2.25
2013.10.14 18:42:38.681,0.93333,0.93351,1.50,1.50
2013.10.14 18:42:38.742,0.93334,0.93352,3.00,3.00
2013.10.14 18:42:39.142,0.93337,0.93353,1.50,1.50
2013.10.14 18:42:39.321,0.93334,0.93351,2.25,1.50
2013.10.14 18:42:39.622,0.93335,0.93353,1.50,2.25
2013.10.14 18:42:40.162,0.93337,0.93354,2.25,1.50
2013.10.14 18:42:40.482,0.93339,0.93355,2.25,2.25
2013.10.14 18:42:40.541,0.9334,0.93357,3.00,1.88
2013.10.14 18:42:40.724,0.93339,0.93356,3.00,1.50
2013.10.14 18:42:41.032,0.93344,0.9336,1.50,1.50
2013.10.14 18:42:41.334,0.93346,0.93361,1.50,1.50
2013.10.14 18:42:41.521,0.93348,0.93365,1.50,4.13
2013.10.14 18:42:41.582,0.93349,0.93365,1.50,1.88
2013.10.14 18:42:43.282,0.9335,0.93367,1.50,1.50
2013.10.14 18:42:43.343,0.93351,0.93368,2.25,2.25
2013.10.14 18:42:43.402,0.93353,0.93369,2.25,1.50
2013.10.14 18:42:44.083,0.93355,0.93372,2.25,2.63
2013.10.14 18:42:44.391,0.93357,0.93373,1.50,1.88
2013.10.14 18:42:45.146,0.93357,0.93373,1.50,1.50
2013.10.14 18:42:45.455,0.9336,0.93374,1.35,1.50
2013.10.14 18:42:45.762,0.93362,0.93376,1.50,3.00
2013.10.14 18:42:45.822,0.93358,0.93374,1.13,1.50
2013.10.14 18:42:46.002,0.93358,0.93371,1.13,1.50
2013.10.14 18:42:46.622,0.93359,0.93373,1.50,2.25
2013.10.14 18:42:46.742,0.9336,0.93376,1.50,1.50
2013.10.14 18:42:47.252,0.93361,0.93377,2.25,1.35
2013.10.14 18:42:47.372,0.93363,0.93379,1.50,1.13
2013.10.14 18:42:47.732,0.93365,0.93382,2.25,2.63
2013.10.14 18:42:47.912,0.93366,0.93381,1.50,1.50
2013.10.14 18:42:48.423,0.93367,0.93379,1.50,1.73
2013.10.14 18:42:49.051,0.93363,0.93379,2.25,2.48
2013.10.14 18:42:49.232,0.93361,0.93377,1.50,1.50
2013.10.14 18:42:49.842,0.93361,0.93375,1.50,1.35
2013.10.14 18:42:49.902,0.93358,0.93375,1.50,2.10
2013.10.14 18:42:50.083,0.93358,0.9337,1.50,1.35
2013.10.14 18:42:50.564,0.93359,0.93375,2.25,1.35
2013.10.14 18:42:50.875,0.93363,0.93377,1.50,1.13
2013.10.14 18:42:51.121,0.93363,0.93379,1.88,2.10
2013.10.14 18:42:51.361,0.93367,0.9338,2.25,1.50
2013.10.14 18:42:51.423,0.9337,0.93383,1.50,1.13
2013.10.14 18:42:51.482,0.93372,0.93386,1.50,2.25
2013.10.14 18:42:51.843,0.93374,0.93386,3.00,1.50
2013.10.14 18:42:52.172,0.93378,0.93394,3.00,1.13
2013.10.14 18:42:52.291,0.93382,0.93394,1.50,1.13
2013.10.14 18:42:52.593,0.93389,0.93396,2.25,1.13
2013.10.14 18:42:52.652,0.93389,0.93397,2.25,1.13
2013.10.14 18:42:52.831,0.93387,0.93397,3.00,1.50
2013.10.14 18:42:53.072,0.93387,0.93401,1.50,1.50
2013.10.14 18:42:53.491,0.93386,0.93401,3.38,1.13
2013.10.14 18:42:54.911,0.93387,0.93401,1.50,1.50
2013.10.14 18:42:55.448,0.93386,0.93399,1.50,1.13
2013.10.14 18:42:55.523,0.93386,0.93399,1.50,1.13
2013.10.14 18:42:56.614,0.93383,0.93397,1.13,1.13
2013.10.14 18:42:56.746,0.93383,0.93397,1.13,1.13
2013.10.14 18:42:56.932,0.93389,0.934,1.13,2.25
2013.10.14 18:42:57.174,0.93392,0.934,1.50,2.25
2013.10.14 18:42:57.244,0.93392,0.93405,1.50,1.13
2013.10.14 18:42:57.913,0.93393,0.93407,1.13,1.13
2013.10.14 18:42:58.211,0.93393,0.93404,1.50,1.73
2013.10.14 18:42:59.036,0.93395,0.93404,1.50,1.73
2013.10.14 18:43:00.241,0.93395,0.93406,1.50,1.73
2013.10.14 18:43:00.543,0.93391,0.93401,1.50,1.13
2013.10.14 18:43:00.722,0.93391,0.93404,1.50,2.10
2013.10.14 18:43:00.782,0.93393,0.93406,1.50,1.73
2013.10.14 18:43:01.081,0.93396,0.93409,3.00,1.35
2013.10.14 18:43:01.382,0.934,0.9341,2.25,2.10
2013.10.14 18:43:01.443,0.93401,0.93417,2.25,1.50
2013.10.14 18:43:01.562,0.93407,0.93418,1.50,1.88
2013.10.14 18:43:01.683,0.93408,0.93418,1.50,1.13
2013.10.14 18:43:01.752,0.93411,0.93419,2.25,1.35
2013.10.14 18:43:02.291,0.93412,0.93424,1.50,1.13
2013.10.14 18:43:02.413,0.93412,0.93424,1.50,1.13
2013.10.14 18:43:02.722,0.93418,0.93429,1.50,1.35
2013.10.14 18:43:03.081,0.9342,0.93433,1.50,1.35
2013.10.14 18:43:03.743,0.9342,0.93431,1.50,1.13
2013.10.14 18:43:04.042,0.93422,0.93435,2.25,1.35
2013.10.14 18:43:04.103,0.93424,0.93437,1.50,1.50
2013.10.14 18:43:04.281,0.93429,0.93437,1.13,1.50
2013.10.14 18:43:04.463,0.9343,0.93441,1.50,1.13
2013.10.14 18:43:04.592,0.93433,0.93445,2.25,1.73
2013.10.14 18:43:04.651,0.93435,0.93449,2.25,2.85
2013.10.14 18:43:04.773,0.93438,0.93449,1.50,2.85
2013.10.14 18:43:05.396,0.93431,0.93446,2.25,1.88
2013.10.14 18:43:05.702,0.93431,0.93442,1.50,1.13
2013.10.14 18:43:06.241,0.93431,0.93444,1.50,1.13
2013.10.14 18:43:06.757,0.93431,0.93444,2.25,1.13
2013.10.14 18:43:07.243,0.93431,0.93445,2.25,1.35
2013.10.14 18:43:07.482,0.93431,0.93444,2.25,1.13
2013.10.14 18:43:08.111,0.93432,0.93444,1.50,1.13
2013.10.14 18:43:08.753,0.93432,0.93446,1.13,2.25
2013.10.14 18:43:08.993,0.93432,0.93447,1.50,1.50
2013.10.14 18:43:09.304,0.93434,0.93448,1.50,1.50
2013.10.14 18:43:09.553,0.93432,0.93447,1.50,1.88
2013.10.14 18:43:09.613,0.93432,0.93447,1.50,1.88
2013.10.14 18:43:10.151,0.9343,0.93446,1.50,2.10
2013.10.14 18:43:10.335,0.93427,0.9344,1.50,1.13
2013.10.14 18:43:10.871,0.93425,0.9344,1.50,1.13
2013.10.14 18:43:11.432,0.93425,0.9344,2.25,1.13
2013.10.14 18:43:11.973,0.93425,0.9344,1.50,1.88
2013.10.14 18:43:12.331,0.93425,0.9344,1.50,1.88
2013.10.14 18:43:14.141,0.93425,0.9344,1.50,1.88
2013.10.14 18:43:14.321,0.93424,0.93437,2.25,1.13
2013.10.14 18:43:15.093,0.93424,0.93437,1.50,1.13
2013.10.14 18:43:15.331,0.9342,0.9343,1.50,1.13
2013.10.14 18:43:15.511,0.93418,0.9343,1.50,1.13
2013.10.14 18:43:19.322,0.93419,0.93435,1.50,2.48
2013.10.14 18:43:19.562,0.93416,0.93433,1.50,1.50
2013.10.14 18:43:19.801,0.93416,0.93429,1.50,1.13
2013.10.14 18:43:20.041,0.9341,0.93425,1.50,1.50
2013.10.14 18:43:20.101,0.93407,0.93422,3.75,1.50
2013.10.14 18:43:20.223,0.93406,0.93422,1.50,1.50
2013.10.14 18:43:20.521,0.93405,0.93422,1.50,2.25
2013.10.14 18:43:21.101,0.93404,0.9342,1.50,2.25
2013.10.14 18:43:21.461,0.934,0.93413,1.13,1.50
2013.10.14 18:43:21.644,0.93402,0.93415,1.35,1.50
2013.10.14 18:43:22.152,0.93403,0.93415,1.35,1.50
2013.10.14 18:43:23.292,0.93403,0.93415,1.35,1.50
2013.10.14 18:43:24.541,0.93399,0.93414,1.50,1.50
2013.10.14 18:43:25.081,0.93398,0.93414,1.73,2.25
2013.10.14 18:43:25.351,0.93398,0.93414,2.48,2.25
2013.10.14 18:43:25.891,0.934,0.93415,1.50,1.50
2013.10.14 18:43:26.658,0.93401,0.93415,1.73,1.50
2013.10.14 18:43:26.841,0.93403,0.93418,1.13,1.88
2013.10.14 18:43:27.261,0.93405,0.93419,1.35,1.50
2013.10.14 18:43:28.381,0.93405,0.93421,3.23,1.50
2013.10.14 18:43:28.956,0.93405,0.93421,3.23,1.50
2013.10.14 18:43:29.461,0.93406,0.93422,1.50,2.25
2013.10.14 18:43:29.706,0.93408,0.93424,2.10,1.13
2013.10.14 18:43:29.772,0.93409,0.93424,1.35,1.13
2013.10.14 18:43:30.533,0.93409,0.93424,1.35,1.13
2013.10.14 18:43:30.870,0.93408,0.93423,1.35,1.13
2013.10.14 18:43:31.803,0.93408,0.93424,2.10,1.13
2013.10.14 18:43:32.432,0.93408,0.93423,2.10,1.13
2013.10.14 18:43:33.141,0.93408,0.93423,2.10,1.13
2013.10.14 18:43:33.573,0.93408,0.93424,1.35,1.13
2013.10.14 18:43:37.893,0.93408,0.93424,1.35,1.13
2013.10.14 18:43:38.011,0.93406,0.93423,1.13,2.10
2013.10.14 18:43:38.192,0.93402,0.93416,2.63,1.13
2013.10.14 18:43:38.251,0.93402,0.93415,1.50,1.13
2013.10.14 18:43:38.491,0.93402,0.93411,1.50,1.50
2013.10.14 18:43:38.552,0.93395,0.93409,1.13,1.35
2013.10.14 18:43:38.612,0.93394,0.93409,1.88,1.35
2013.10.14 18:43:38.792,0.93392,0.93402,1.50,1.35
2013.10.14 18:43:38.914,0.93386,0.93402,1.88,1.73
2013.10.14 18:43:39.034,0.93388,0.93401,1.35,1.13
2013.10.14 18:43:39.275,0.9339,0.93406,1.35,2.25
2013.10.14 18:43:39.461,0.93387,0.93403,2.10,1.13
2013.10.14 18:43:39.971,0.93387,0.93403,1.35,1.13
2013.10.14 18:43:40.091,0.93388,0.93403,2.10,1.13
2013.10.14 18:43:40.211,0.93389,0.93406,1.35,2.63
2013.10.14 18:43:41.021,0.93389,0.93406,2.10,2.63
2013.10.14 18:43:41.542,0.9339,0.93406,1.35,2.63
2013.10.14 18:43:42.111,0.93387,0.93406,3.00,1.88
2013.10.14 18:43:42.171,0.93387,0.93404,2.25,1.13
2013.10.14 18:43:42.662,0.93387,0.934,1.88,1.13
2013.10.14 18:43:43.022,0.93387,0.934,1.13,1.13
2013.10.14 18:43:43.333,0.93385,0.934,2.10,1.13
2013.10.14 18:43:43.903,0.93381,0.93397,1.35,1.13
2013.10.14 18:43:44.091,0.93378,0.93395,2.25,1.13
2013.10.14 18:43:45.121,0.93378,0.93394,1.50,1.13
2013.10.14 18:43:45.633,0.93378,0.93394,3.00,1.88
2013.10.14 18:43:45.951,0.93382,0.93394,1.35,1.13
2013.10.14 18:43:46.311,0.93385,0.93397,1.73,1.13
2013.10.14 18:43:46.492,0.93384,0.93397,1.50,1.13
2013.10.14 18:43:46.961,0.93385,0.934,1.50,1.88
2013.10.14 18:43:47.490,0.93385,0.934,1.50,1.50
2013.10.14 18:43:47.932,0.93385,0.934,1.50,1.50
2013.10.14 18:43:50.882,0.93383,0.934,1.50,1.50
2013.10.14 18:43:51.002,0.93382,0.93388,1.50,1.13
2013.10.14 18:43:51.121,0.93376,0.93391,1.35,1.88
2013.10.14 18:43:51.181,0.93375,0.93391,3.23,1.88
2013.10.14 18:43:51.241,0.93378,0.93392,1.50,2.25
2013.10.14 18:43:51.362,0.93378,0.93392,3.75,1.13
2013.10.14 18:43:51.721,0.93385,0.93399,2.25,2.63
2013.10.14 18:43:51.781,0.93385,0.93401,2.25,2.25
2013.10.14 18:43:51.902,0.93389,0.93401,2.25,1.50
2013.10.14 18:43:52.303,0.9339,0.93402,1.50,1.88
2013.10.14 18:43:52.582,0.9339,0.93401,1.50,1.13
2013.10.14 18:43:52.886,0.93384,0.93391,1.50,1.35
2013.10.14 18:43:52.953,0.93375,0.93388,1.50,1.13
2013.10.14 18:43:53.143,0.93375,0.93388,1.50,1.13
2013.10.14 18:43:53.442,0.93376,0.93386,1.50,1.88
2013.10.14 18:43:53.922,0.93374,0.93386,1.50,1.50
2013.10.14 18:43:54.861,0.93374,0.93386,1.50,1.50
2013.10.14 18:43:55.783,0.93374,0.93386,1.50,1.50
2013.10.14 18:43:56.512,0.93376,0.93389,1.50,1.88
2013.10.14 18:43:57.032,0.93378,0.93395,2.25,1.88
2013.10.14 18:43:57.612,0.93379,0.93395,1.50,1.88
2013.10.14 18:43:57.901,0.93379,0.93395,1.50,1.88
2013.10.14 18:44:00.375,0.93382,0.93395,1.50,1.13
2013.10.14 18:44:00.682,0.93382,0.93396,2.25,2.63
2013.10.14 18:44:00.745,0.93383,0.93396,1.50,1.50
2013.10.14 18:44:01.113,0.93386,0.93396,1.50,1.13
2013.10.14 18:44:01.542,0.93385,0.93396,1.50,1.13
2013.10.14 18:44:01.812,0.93385,0.93394,1.50,1.13
2013.10.14 18:44:02.172,0.93382,0.93394,1.50,1.13
2013.10.14 18:44:02.492,0.93382,0.93394,1.50,1.13
2013.10.14 18:44:02.552,0.93381,0.93393,4.50,1.13
2013.10.14 18:44:03.871,0.93381,0.93394,4.50,1.88
2013.10.14 18:44:05.401,0.93381,0.93394,4.50,1.50
2013.10.14 18:44:08.635,0.93381,0.93393,4.50,1.13
2013.10.14 18:44:10.203,0.93381,0.93393,4.50,1.13
2013.10.14 18:44:10.562,0.93381,0.93395,4.50,2.25
2013.10.14 18:44:12.591,0.93381,0.93395,4.50,1.88
2013.10.14 18:44:15.411,0.93381,0.93396,6.00,1.88
2013.10.14 18:44:16.771,0.93384,0.93398,1.50,1.13
2013.10.14 18:44:16.951,0.93386,0.934,1.50,1.50
2013.10.14 18:44:17.072,0.93388,0.934,1.13,1.13
2013.10.14 18:44:17.313,0.93392,0.93405,1.13,3.38
2013.10.14 18:44:17.372,0.93391,0.93404,1.13,1.13
2013.10.14 18:44:17.733,0.93392,0.93404,2.25,1.13
2013.10.14 18:44:17.973,0.93387,0.93403,1.50,1.50
2013.10.14 18:44:18.032,0.93387,0.93403,1.50,1.50
2013.10.14 18:44:19.203,0.93389,0.93404,1.50,1.13
2013.10.14 18:44:19.443,0.93389,0.93404,1.50,2.25
2013.10.14 18:44:19.802,0.93389,0.93404,1.50,2.25
2013.10.14 18:44:20.882,0.93389,0.93404,1.50,1.88
2013.10.14 18:44:22.034,0.9339,0.93404,1.50,1.13
2013.10.14 18:44:22.582,0.93389,0.93404,6.00,1.88
2013.10.14 18:44:23.532,0.93389,0.93404,4.50,1.88
2013.10.14 18:44:23.591,0.93388,0.93396,1.50,1.13
2013.10.14 18:44:23.651,0.93387,0.93396,1.50,1.13
2013.10.14 18:44:23.831,0.93384,0.93396,1.50,1.13
2013.10.14 18:44:24.671,0.93385,0.93396,1.50,1.13
2013.10.14 18:44:25.102,0.93385,0.93396,1.50,1.13
2013.10.14 18:44:26.931,0.93385,0.93398,1.50,1.13
2013.10.14 18:44:30.411,0.93387,0.93401,1.50,1.13
2013.10.14 18:44:30.472,0.93387,0.93402,1.50,2.25
2013.10.14 18:44:30.711,0.93387,0.93402,2.10,2.25
2013.10.14 18:44:31.455,0.93392,0.93403,1.88,1.50
2013.10.14 18:44:31.523,0.93396,0.93405,1.73,1.88
2013.10.14 18:44:31.703,0.93403,0.93409,2.10,1.88
2013.10.14 18:44:31.833,0.93403,0.93411,2.10,1.13
2013.10.14 18:44:31.955,0.934,0.93412,1.32,1.50
2013.10.14 18:44:32.022,0.93399,0.93412,3.00,1.50
2013.10.14 18:44:32.394,0.93401,0.93411,1.50,1.13
2013.10.14 18:44:34.112,0.93401,0.93413,2.25,1.13
2013.10.14 18:44:34.582,0.93398,0.9341,1.50,1.13
2013.10.14 18:44:35.212,0.93398,0.9341,1.50,1.13
2013.10.14 18:44:36.026,0.93404,0.93415,2.63,2.25
2013.10.14 18:44:36.091,0.93404,0.93417,2.63,1.50
2013.10.14 18:44:36.642,0.93407,0.93419,1.50,1.13
2013.10.14 18:44:37.151,0.93407,0.93419,1.50,1.13
2013.10.14 18:44:37.433,0.93407,0.93419,1.50,1.13
2013.10.14 18:44:38.032,0.93407,0.9342,1.50,1.50
2013.10.14 18:44:38.491,0.93405,0.9342,1.13,2.25
2013.10.14 18:44:39.702,0.93405,0.9342,1.13,1.88
2013.10.14 18:44:40.902,0.93404,0.9342,1.88,1.50
2013.10.14 18:44:41.442,0.93404,0.9342,1.88,1.50
2013.10.14 18:44:41.934,0.93404,0.9342,4.13,1.50
2013.10.14 18:44:42.002,0.93409,0.93421,2.10,1.50
2013.10.14 18:44:42.181,0.93409,0.93422,1.13,1.13
2013.10.14 18:44:42.241,0.93409,0.93423,1.13,1.13
2013.10.14 18:44:42.482,0.93408,0.93422,2.85,1.13
2013.10.14 18:44:43.023,0.93409,0.93424,2.10,1.50
2013.10.14 18:44:43.382,0.93409,0.93423,2.10,1.13
2013.10.14 18:44:43.962,0.93409,0.93422,1.50,1.13
2013.10.14 18:44:45.713,0.93409,0.93424,1.50,2.25
2013.10.14 18:44:45.773,0.93411,0.93424,1.50,1.13
2013.10.14 18:44:45.832,0.93411,0.93425,1.50,1.88
2013.10.14 18:44:45.893,0.93412,0.93427,2.25,1.13
2013.10.14 18:44:45.965,0.93412,0.93427,2.25,1.13
2013.10.14 18:44:46.212,0.93412,0.93427,2.63,1.13
2013.10.14 18:44:46.513,0.93412,0.93423,1.13,1.13
2013.10.14 18:44:46.633,0.93412,0.93424,1.13,1.50
2013.10.14 18:44:46.885,0.93406,0.93422,1.50,1.50
2013.10.14 18:44:47.131,0.93406,0.93422,1.50,1.50
2013.10.14 18:44:47.312,0.93406,0.93422,1.50,2.25
2013.10.14 18:44:48.418,0.93408,0.93422,1.35,2.25
2013.10.14 18:44:48.748,0.93406,0.93421,1.50,2.63
2013.10.14 18:44:48.812,0.93406,0.93421,1.50,2.63
2013.10.14 18:44:51.561,0.93407,0.93421,1.50,2.25
2013.10.14 18:44:51.622,0.93409,0.93421,1.73,1.50
2013.10.14 18:44:51.922,0.9341,0.93426,1.50,1.13
2013.10.14 18:44:52.462,0.9341,0.93424,1.50,1.50
2013.10.14 18:44:52.581,0.9341,0.93425,1.50,1.50
2013.10.14 18:44:52.642,0.9341,0.93424,1.50,1.50
2013.10.14 18:44:52.822,0.93409,0.93422,1.35,1.13
2013.10.14 18:44:53.002,0.93409,0.93421,1.35,1.13
2013.10.14 18:44:53.123,0.93407,0.93421,1.50,1.35
2013.10.14 18:44:53.243,0.93406,0.93421,1.50,1.13
2013.10.14 18:44:53.361,0.93405,0.93421,1.50,1.13
2013.10.14 18:44:53.421,0.93406,0.93421,1.50,1.13
2013.10.14 18:44:57.221,0.93406,0.93422,1.50,1.88
2013.10.14 18:44:57.671,0.93406,0.93422,1.50,2.63
2013.10.14 18:44:59.411,0.93407,0.93422,1.50,3.60
2013.10.14 18:44:59.531,0.93408,0.93422,1.73,2.63
2013.10.14 18:44:59.712,0.93411,0.93422,2.10,2.25
2013.10.14 18:44:59.963,0.93408,0.93422,1.88,1.88
2013.10.14 18:45:00.503,0.93408,0.93423,1.88,1.50
2013.10.14 18:45:02.091,0.93408,0.93423,1.13,1.50
2013.10.14 18:45:02.640,0.9341,0.93421,1.50,1.50
2013.10.14 18:45:02.823,0.93408,0.93422,1.50,1.50
2013.10.14 18:45:02.881,0.93408,0.93423,2.25,1.50
2013.10.14 18:45:05.212,0.9341,0.93423,1.35,1.50
2013.10.14 18:45:06.081,0.9341,0.93422,1.35,1.13
2013.10.14 18:45:07.315,0.9341,0.93422,1.35,1.13
2013.10.14 18:45:07.833,0.9341,0.93422,1.35,1.13
2013.10.14 18:45:15.496,0.9341,0.93423,1.35,1.88
2013.10.14 18:45:16.044,0.93409,0.93421,1.35,1.50
2013.10.14 18:45:16.102,0.93407,0.93421,2.48,1.50
2013.10.14 18:45:16.222,0.93405,0.9342,1.50,1.13
2013.10.14 18:45:16.581,0.93403,0.93415,1.50,1.13
2013.10.14 18:45:17.001,0.93398,0.93414,1.73,1.50
2013.10.14 18:45:18.216,0.93404,0.93414,1.35,1.13
2013.10.14 18:45:18.462,0.93401,0.93416,1.50,2.63
2013.10.14 18:45:19.002,0.93402,0.93416,1.50,2.25
2013.10.14 18:45:19.621,0.93402,0.93416,1.50,2.25
2013.10.14 18:45:20.149,0.93403,0.93418,2.85,1.88
2013.10.14 18:45:31.202,0.93401,0.93416,1.50,2.25
2013.10.14 18:45:35.012,0.93402,0.93414,2.25,1.13
2013.10.14 18:45:37.161,0.93403,0.93414,1.50,1.13
2013.10.14 18:45:39.982,0.93404,0.93414,1.50,1.13
2013.10.14 18:45:40.682,0.93406,0.93417,2.25,1.13
2013.10.14 18:45:40.802,0.9341,0.93422,2.25,1.13
2013.10.14 18:45:40.863,0.93415,0.93422,2.10,1.13
2013.10.14 18:45:40.982,0.93415,0.93428,2.10,2.63
2013.10.14 18:45:41.042,0.93415,0.93428,2.10,1.50
2013.10.14 18:45:41.101,0.93414,0.93428,1.92,1.50
2013.10.14 18:45:41.222,0.93415,0.93429,1.35,1.13
2013.10.14 18:45:41.641,0.93417,0.9343,2.10,1.88
2013.10.14 18:45:43.512,0.93415,0.9343,1.50,1.13
2013.10.14 18:45:44.030,0.93414,0.93429,1.50,1.88
2013.10.14 18:45:46.431,0.93415,0.9343,1.50,2.25
2013.10.14 18:45:47.222,0.93416,0.93431,1.50,1.88
2013.10.14 18:45:47.341,0.93417,0.93431,1.50,1.13
2013.10.14 18:45:47.582,0.93418,0.93435,1.50,2.25
2013.10.14 18:45:47.642,0.9342,0.93435,2.25,1.13
2013.10.14 18:45:47.701,0.9342,0.93436,2.25,1.13
2013.10.14 18:45:47.941,0.9342,0.93436,2.25,1.50
2013.10.14 18:45:49.135,0.93422,0.93435,1.50,1.13
2013.10.14 18:45:50.462,0.93422,0.93437,1.50,2.63
2013.10.14 18:45:50.701,0.93422,0.93437,1.50,1.88
2013.10.14 18:45:51.682,0.93419,0.93433,1.50,1.50
2013.10.14 18:45:51.983,0.93419,0.93435,1.50,1.88
2013.10.14 18:45:52.403,0.93422,0.93437,1.50,1.88
2013.10.14 18:45:52.761,0.93423,0.9344,1.50,2.25
2013.10.14 18:45:53.311,0.93424,0.93439,1.50,1.13
2013.10.14 18:45:53.431,0.93424,0.93437,1.50,1.13
2013.10.14 18:45:56.333,0.93424,0.93436,1.50,1.13
2013.10.14 18:45:57.791,0.93424,0.93436,1.50,1.13
2013.10.14 18:45:58.552,0.93424,0.93439,1.50,1.88
2013.10.14 18:45:58.671,0.93425,0.9344,1.50,1.88
2013.10.14 18:46:01.453,0.93426,0.9344,2.10,1.50
2013.10.14 18:46:01.693,0.93426,0.93441,1.50,2.25
2013.10.14 18:46:05.641,0.93426,0.93439,1.50,1.13
2013.10.14 18:46:05.701,0.93426,0.93441,2.25,1.88
2013.10.14 18:46:05.822,0.93427,0.93444,3.60,2.25
2013.10.14 18:46:05.944,0.93429,0.93445,2.25,2.25
2013.10.14 18:46:11.753,0.93434,0.93445,1.50,1.88
2013.10.14 18:46:11.932,0.93437,0.93451,2.85,1.13
2013.10.14 18:46:12.172,0.93439,0.93453,1.35,1.13
2013.10.14 18:46:12.353,0.93441,0.93453,2.10,1.13
2013.10.14 18:46:12.413,0.93442,0.93454,1.17,1.50
2013.10.14 18:46:12.473,0.93445,0.93455,2.10,1.13
2013.10.14 18:46:12.532,0.93445,0.93458,2.10,1.88
2013.10.14 18:46:13.073,0.93445,0.93457,2.10,1.88
2013.10.14 18:46:13.261,0.93442,0.93457,2.10,1.88
2013.10.14 18:46:15.123,0.93441,0.93456,1.50,1.13
2013.10.14 18:46:15.242,0.93443,0.93456,2.10,1.13
2013.10.14 18:46:17.425,0.93447,0.93457,2.10,1.88
2013.10.14 18:46:17.552,0.93443,0.93457,2.10,1.88
2013.10.14 18:46:19.341,0.93444,0.93457,1.35,1.13
2013.10.14 18:46:20.963,0.93443,0.93454,2.85,1.13
2013.10.14 18:46:21.322,0.93437,0.9345,3.60,1.13
2013.10.14 18:46:22.187,0.93438,0.93452,1.73,1.13
2013.10.14 18:46:22.733,0.93438,0.93451,2.10,1.13
2013.10.14 18:46:23.092,0.93437,0.93447,2.10,1.13
2013.10.14 18:46:23.153,0.93435,0.93447,1.50,1.13
2013.10.14 18:46:27.901,0.93434,0.9345,1.50,2.63
2013.10.14 18:46:33.203,0.93436,0.9345,2.25,1.13
2013.10.14 18:46:33.262,0.93438,0.93453,1.50,1.13
2013.10.14 18:46:33.382,0.93438,0.93453,1.50,1.13
2013.10.14 18:46:33.741,0.93439,0.93456,1.50,1.88
2013.10.14 18:46:33.921,0.93439,0.93455,1.50,1.13
2013.10.14 18:46:34.162,0.93437,0.93453,1.50,1.50
2013.10.14 18:46:34.735,0.93437,0.93451,1.50,1.13
2013.10.14 18:46:35.681,0.93437,0.93451,1.50,1.13
2013.10.14 18:46:43.888,0.93435,0.9345,1.50,1.13
2013.10.14 18:46:44.424,0.93437,0.93451,1.50,1.13
2013.10.14 18:46:44.782,0.93435,0.93448,1.50,1.13
2013.10.14 18:46:44.843,0.93434,0.93445,1.50,1.13
2013.10.14 18:46:44.904,0.93434,0.93444,1.50,1.13
2013.10.14 18:46:45.083,0.93432,0.93444,1.50,1.13
2013.10.14 18:46:45.212,0.93432,0.93444,1.50,1.13
2013.10.14 18:46:45.392,0.93428,0.93443,1.50,1.13
2013.10.14 18:46:45.511,0.93426,0.93443,1.50,1.88
2013.10.14 18:46:47.652,0.93427,0.93441,1.50,1.13
2013.10.14 18:46:49.081,0.93428,0.93441,2.25,1.13
2013.10.14 18:46:50.430,0.93428,0.93441,2.25,1.13
2013.10.14 18:46:51.962,0.93428,0.93441,2.25,1.13
2013.10.14 18:46:53.122,0.93428,0.93441,2.25,1.13
2013.10.14 18:47:02.192,0.93428,0.93441,2.25,1.13
2013.10.14 18:47:02.701,0.93428,0.93441,2.25,1.13
2013.10.14 18:47:03.211,0.93427,0.93439,1.50,1.13
2013.10.14 18:47:03.701,0.93425,0.93439,1.50,1.13
2013.10.14 18:47:06.361,0.93425,0.9344,1.50,1.50
2013.10.14 18:47:19.912,0.93425,0.9344,1.50,2.25
2013.10.14 18:47:20.916,0.93425,0.93439,1.50,1.13
2013.10.14 18:47:21.222,0.9342,0.93434,1.73,1.50
2013.10.14 18:47:21.581,0.93419,0.93434,1.50,1.88
2013.10.14 18:47:21.642,0.93418,0.93434,2.10,1.88
2013.10.14 18:47:21.942,0.93416,0.93432,1.50,2.63
2013.10.14 18:47:22.002,0.93415,0.93431,3.00,1.50
2013.10.14 18:47:22.531,0.93416,0.93431,1.35,1.88
2013.10.14 18:47:23.433,0.93419,0.93431,2.85,1.13
2013.10.14 18:47:27.208,0.93417,0.93431,1.50,1.50
2013.10.14 18:47:27.276,0.93417,0.93431,1.50,2.25
2013.10.14 18:47:27.402,0.93415,0.93425,2.07,1.13
2013.10.14 18:47:27.645,0.93412,0.93426,1.35,1.13
2013.10.14 18:47:31.233,0.93412,0.93423,1.35,1.88
2013.10.14 18:47:34.731,0.93412,0.93423,1.35,1.88
2013.10.14 18:47:47.470,0.93412,0.93424,2.10,1.13
2013.10.14 18:47:47.975,0.93412,0.93424,2.10,1.13
2013.10.14 18:47:52.121,0.93412,0.93423,1.35,1.13
2013.10.14 18:47:53.284,0.93412,0.93423,1.35,1.13
2013.10.14 18:48:01.834,0.93412,0.93425,2.10,1.13
2013.10.14 18:48:01.893,0.93412,0.93426,1.35,1.88
2013.10.14 18:48:02.453,0.93414,0.93426,2.85,1.13
2013.10.14 18:48:02.635,0.93414,0.93427,3.23,1.88
2013.10.14 18:48:03.179,0.93421,0.93431,3.60,2.25
2013.10.14 18:48:03.245,0.93421,0.93435,3.60,1.13
2013.10.14 18:48:03.423,0.93423,0.93434,1.35,1.88
2013.10.14 18:48:03.931,0.93421,0.93434,2.85,1.50
2013.10.14 18:48:04.442,0.93421,0.93435,2.85,2.63
2013.10.14 18:48:05.081,0.93421,0.93435,2.85,1.50
2013.10.14 18:48:05.382,0.93427,0.93435,2.10,1.50
2013.10.14 18:48:05.503,0.93427,0.93438,2.10,1.50
2013.10.14 18:48:05.682,0.93424,0.93439,1.13,1.50
2013.10.14 18:48:05.742,0.93423,0.9344,1.50,1.88
2013.10.14 18:48:07.100,0.93424,0.9344,1.50,1.50
2013.10.14 18:48:08.272,0.93425,0.93441,1.50,2.25
2013.10.14 18:48:10.992,0.93425,0.9344,1.50,2.25
2013.10.14 18:48:11.302,0.93423,0.93438,1.50,1.50
2013.10.14 18:48:14.552,0.93423,0.93439,1.50,3.00
2013.10.14 18:48:21.025,0.93425,0.9344,1.50,1.50
2013.10.14 18:48:21.771,0.93425,0.9344,1.50,1.50
2013.10.14 18:48:22.230,0.93425,0.9344,1.50,1.50
2013.10.14 18:48:29.302,0.93424,0.9344,3.00,1.13
2013.10.14 18:48:29.542,0.93425,0.9344,1.50,1.13
2013.10.14 18:48:34.774,0.93425,0.9344,1.50,1.50
2013.10.14 18:48:36.321,0.93425,0.9344,1.50,1.88
2013.10.14 18:48:39.273,0.93424,0.93439,1.50,1.88
2013.10.14 18:48:40.022,0.93424,0.93439,1.50,1.13
2013.10.14 18:48:42.432,0.93424,0.93439,2.25,1.13
2013.10.14 18:48:42.993,0.93424,0.9344,2.25,1.88
2013.10.14 18:48:46.940,0.93424,0.93439,2.25,1.13
2013.10.14 18:48:47.453,0.93424,0.9344,2.25,1.50
2013.10.14 18:48:48.032,0.93428,0.93439,2.25,1.13
2013.10.14 18:48:48.151,0.9343,0.93445,2.10,1.13
2013.10.14 18:48:48.212,0.93431,0.93446,1.50,1.13
2013.10.14 18:48:48.333,0.93432,0.93448,1.50,1.50
2013.10.14 18:48:48.752,0.9343,0.93446,1.50,1.50
2013.10.14 18:48:49.923,0.93431,0.93446,1.50,1.50
2013.10.14 18:49:06.093,0.93433,0.93449,1.50,1.13
2013.10.14 18:49:06.153,0.93433,0.93449,1.50,1.13
2013.10.14 18:49:09.362,0.93436,0.93453,3.00,1.50
2013.10.14 18:49:09.422,0.93437,0.93454,2.25,2.25
2013.10.14 18:49:09.542,0.93439,0.93455,1.50,1.50
2013.10.14 18:49:09.723,0.9344,0.93457,1.50,2.25
2013.10.14 18:49:10.082,0.93438,0.93453,1.50,1.13
2013.10.14 18:49:10.201,0.93439,0.93453,3.00,1.13
2013.10.14 18:49:10.562,0.93442,0.93452,1.50,1.13
2013.10.14 18:49:11.551,0.93443,0.93452,1.50,1.13
2013.10.14 18:49:12.372,0.93443,0.93452,1.50,1.13
2013.10.14 18:49:12.927,0.93445,0.93455,2.85,1.13
2013.10.14 18:49:13.473,0.93446,0.93455,2.10,1.13
2013.10.14 18:49:14.022,0.93447,0.93457,1.50,1.13
2013.10.14 18:49:14.352,0.93447,0.9346,1.50,1.50
2013.10.14 18:49:14.592,0.93447,0.93461,1.50,1.50
2013.10.14 18:49:15.146,0.93448,0.93461,1.50,1.13
2013.10.14 18:49:15.612,0.93448,0.93461,1.50,1.13
2013.10.14 18:49:17.723,0.93448,0.93461,1.50,1.13
2013.10.14 18:49:23.152,0.9345,0.9346,1.50,1.13
2013.10.14 18:49:26.792,0.93451,0.9346,1.50,1.13
2013.10.14 18:49:27.657,0.9345,0.9346,1.50,1.13
2013.10.14 18:49:28.442,0.93451,0.93461,2.10,1.13
2013.10.14 18:49:29.022,0.93451,0.93461,2.10,1.13
2013.10.14 18:49:29.322,0.93451,0.93463,2.10,1.13
2013.10.14 18:49:29.442,0.93454,0.93463,2.85,1.13
2013.10.14 18:49:30.042,0.93454,0.93465,2.85,1.13
2013.10.14 18:49:30.992,0.93456,0.93464,1.50,1.13
2013.10.14 18:49:32.021,0.93456,0.93464,1.50,1.13
2013.10.14 18:49:32.704,0.93456,0.93467,1.50,1.13
2013.10.14 18:49:32.893,0.93457,0.93469,2.10,1.13
2013.10.14 18:49:32.954,0.93461,0.93469,1.35,1.13
2013.10.14 18:49:33.432,0.93459,0.93467,1.50,1.13
2013.10.14 18:49:33.553,0.93455,0.93467,1.50,1.13
2013.10.14 18:49:33.732,0.93452,0.93466,1.50,1.13
2013.10.14 18:49:34.253,0.93451,0.93466,1.50,1.13
2013.10.14 18:49:34.323,0.93451,0.93465,1.50,1.13
2013.10.14 18:49:43.322,0.93451,0.93459,1.50,1.13
2013.10.14 18:49:43.682,0.93447,0.93456,1.50,1.13
2013.10.14 18:49:47.216,0.93447,0.93456,2.25,1.13
2013.10.14 18:49:47.402,0.93447,0.93459,2.25,1.13
2013.10.14 18:49:49.192,0.93447,0.9346,2.25,1.13
2013.10.14 18:49:49.512,0.93447,0.93459,1.50,1.13
2013.10.14 18:49:50.038,0.93446,0.93456,1.50,1.13
2013.10.14 18:49:51.232,0.93446,0.93456,1.50,1.13
2013.10.14 18:49:51.352,0.93444,0.93456,1.50,1.13
2013.10.14 18:49:51.532,0.93444,0.93456,1.50,1.13
2013.10.14 18:49:54.021,0.93443,0.93456,1.50,1.73
2013.10.14 18:49:57.684,0.93443,0.93456,1.50,1.73
2013.10.14 18:49:58.594,0.93443,0.93456,1.50,1.73
2013.10.14 18:49:58.832,0.93443,0.93456,3.75,1.13
2013.10.14 18:49:59.353,0.93445,0.93456,2.25,1.13
2013.10.14 18:50:00.082,0.93444,0.93456,1.50,1.13
2013.10.14 18:50:00.562,0.93444,0.93459,2.25,1.13
2013.10.14 18:50:00.741,0.93446,0.93459,1.50,1.13
2013.10.14 18:50:00.862,0.93445,0.93459,1.50,1.88
2013.10.14 18:50:01.462,0.93446,0.93459,1.50,1.88
2013.10.14 18:50:01.893,0.93445,0.93459,1.50,1.88
2013.10.14 18:50:04.552,0.93445,0.93457,1.50,1.13
2013.10.14 18:50:05.002,0.93444,0.93457,1.50,1.13
2013.10.14 18:50:05.513,0.93444,0.93457,1.50,1.13
2013.10.14 18:50:07.002,0.93444,0.93454,1.50,1.13
2013.10.14 18:50:07.242,0.9344,0.9345,1.50,1.13
2013.10.14 18:50:07.362,0.93437,0.9345,1.50,1.13
2013.10.14 18:50:07.951,0.93437,0.9345,1.50,1.13
2013.10.14 18:50:08.861,0.93438,0.9345,1.50,1.13
2013.10.14 18:50:10.024,0.93438,0.9345,1.50,1.13
2013.10.14 18:50:11.282,0.93438,0.9345,1.50,1.13
2013.10.14 18:50:15.543,0.93437,0.93453,1.50,1.88
2013.10.14 18:50:18.062,0.93437,0.93448,2.25,1.13
2013.10.14 18:50:18.121,0.93439,0.93448,1.50,1.13
2013.10.14 18:50:18.853,0.93442,0.93453,1.50,1.13
2013.10.14 18:50:19.273,0.93442,0.93455,1.50,1.13
2013.10.14 18:50:19.842,0.93442,0.93455,1.50,1.13
2013.10.14 18:50:20.564,0.93443,0.93455,1.50,1.13
2013.10.14 18:50:21.132,0.93443,0.93455,1.50,1.13
2013.10.14 18:50:35.862,0.93446,0.93458,1.88,1.73
2013.10.14 18:50:36.044,0.93453,0.93463,1.50,1.50
2013.10.14 18:50:36.162,0.9345,0.93463,2.48,1.50
2013.10.14 18:50:36.282,0.9345,0.93464,1.50,1.13
2013.10.14 18:50:36.652,0.9345,0.93465,1.88,2.48
2013.10.14 18:50:36.833,0.93453,0.93465,1.50,1.35
2013.10.14 18:50:37.074,0.9345,0.93462,3.00,1.13
2013.10.14 18:50:37.134,0.93449,0.93462,1.50,1.13
2013.10.14 18:50:37.902,0.93448,0.93463,1.50,1.88
2013.10.14 18:50:38.023,0.93448,0.93463,1.50,1.88
2013.10.14 18:50:38.562,0.93448,0.93459,1.50,1.13
2013.10.14 18:50:40.561,0.93448,0.93459,1.50,1.13
2013.10.14 18:50:47.253,0.93448,0.93461,1.50,1.13
2013.10.14 18:50:47.373,0.93449,0.93462,1.50,1.13
2013.10.14 18:50:47.894,0.9345,0.93462,1.50,1.13
2013.10.14 18:50:49.592,0.9345,0.93462,1.50,1.13
2013.10.14 18:50:50.412,0.9345,0.93461,1.50,1.13
2013.10.14 18:50:51.473,0.9345,0.93462,2.25,1.13
2013.10.14 18:50:51.532,0.93452,0.93462,1.50,1.13
2013.10.14 18:50:51.712,0.9345,0.93463,2.25,1.13
2013.10.14 18:50:52.013,0.9345,0.93466,2.25,1.73
2013.10.14 18:51:06.015,0.9345,0.93465,1.50,2.48
2013.10.14 18:51:06.142,0.93451,0.93465,1.50,1.73
2013.10.14 18:51:06.679,0.93452,0.93465,1.50,1.73
2013.10.14 18:51:20.472,0.9345,0.93464,2.25,1.50
2013.10.14 18:51:21.006,0.93449,0.93464,1.50,2.63
2013.10.14 18:51:21.077,0.93449,0.93464,1.50,2.63
2013.10.14 18:51:21.154,0.93449,0.93464,1.50,2.63
2013.10.14 18:51:21.685,0.93449,0.93461,1.50,1.13
2013.10.14 18:51:21.872,0.93445,0.9346,1.88,1.13
2013.10.14 18:51:22.271,0.93446,0.9346,1.13,1.13
2013.10.14 18:51:41.462,0.93448,0.93462,1.50,1.88
2013.10.14 18:51:41.587,0.93449,0.93464,1.50,1.88
2013.10.14 18:51:41.902,0.93451,0.93467,1.50,2.85
2013.10.14 18:51:46.363,0.93451,0.93465,2.63,2.10
2013.10.14 18:51:54.332,0.93452,0.93465,2.25,1.73
2013.10.14 18:51:58.142,0.93453,0.93465,1.50,1.73
2013.10.14 18:51:58.792,0.93455,0.93467,1.50,1.73
2013.10.14 18:52:04.953,0.93455,0.93464,1.50,1.13
2013.10.14 18:52:05.075,0.93453,0.93464,2.25,1.13
2013.10.14 18:52:05.392,0.93453,0.93464,2.25,1.50
2013.10.14 18:52:05.782,0.93451,0.93462,2.63,1.13
2013.10.14 18:52:11.442,0.93451,0.93463,1.88,1.13
2013.10.14 18:52:11.755,0.93453,0.93465,1.50,2.33
2013.10.14 18:52:11.943,0.93451,0.93463,1.88,1.13
2013.10.14 18:52:12.467,0.93451,0.93463,1.88,1.13
2013.10.14 18:52:12.893,0.93448,0.93459,1.50,1.13
2013.10.14 18:52:21.433,0.93448,0.93457,1.50,1.13
2013.10.14 18:52:22.314,0.93447,0.93459,1.50,1.13
2013.10.14 18:52:23.477,0.93448,0.93459,1.50,1.13
2013.10.14 18:52:23.665,0.93442,0.93455,1.13,2.25
2013.10.14 18:52:23.722,0.9344,0.93453,1.50,1.13
2013.10.14 18:52:24.279,0.93439,0.93453,1.50,1.13
2013.10.14 18:52:24.772,0.93439,0.93453,1.50,1.13
2013.10.14 18:52:25.954,0.9344,0.93453,1.50,1.13
2013.10.14 18:52:27.792,0.9344,0.93453,1.50,1.13
2013.10.14 18:52:30.183,0.93441,0.93454,4.35,1.13
2013.10.14 18:52:30.363,0.93443,0.93455,1.88,1.50
2013.10.14 18:52:30.482,0.93445,0.93459,2.25,1.13
2013.10.14 18:52:30.542,0.93446,0.93461,1.50,1.88
2013.10.14 18:52:31.083,0.93446,0.93461,1.50,1.13
2013.10.14 18:52:31.392,0.93446,0.93462,1.50,1.88
2013.10.14 18:52:32.442,0.93447,0.93461,1.50,1.13
2013.10.14 18:52:32.883,0.93447,0.93461,1.50,1.13
2013.10.14 18:52:34.666,0.93447,0.93461,1.50,1.13
2013.10.14 18:52:35.453,0.93447,0.93461,1.50,1.13
2013.10.14 18:52:40.844,0.93448,0.93464,1.50,2.25
2013.10.14 18:52:48.522,0.9345,0.93465,1.50,2.48
2013.10.14 18:52:48.842,0.9345,0.93465,1.50,1.73
2013.10.14 18:52:53.992,0.9345,0.93465,1.50,1.73
2013.10.14 18:53:05.722,0.9345,0.93464,1.50,1.13
2013.10.14 18:53:05.843,0.93447,0.93461,1.50,1.35
2013.10.14 18:53:06.144,0.93446,0.93459,1.50,1.13
2013.10.14 18:53:07.502,0.93446,0.93459,1.50,1.13
2013.10.14 18:53:18.712,0.93448,0.93459,1.50,1.13
2013.10.14 18:53:22.182,0.93446,0.93457,2.25,1.13
2013.10.14 18:53:22.242,0.93445,0.93458,2.25,1.13
2013.10.14 18:53:22.483,0.93444,0.93456,1.50,1.13
2013.10.14 18:53:22.812,0.93444,0.93458,1.50,1.13
2013.10.14 18:53:33.142,0.93444,0.93458,1.50,1.13
2013.10.14 18:53:33.700,0.93444,0.93458,1.50,1.13
2013.10.14 18:53:34.602,0.93447,0.9346,3.60,1.13
2013.10.14 18:53:34.784,0.93449,0.93464,2.85,1.13
2013.10.14 18:53:35.093,0.93448,0.93462,1.35,1.13
2013.10.14 18:53:35.404,0.93448,0.9346,1.50,1.13
2013.10.14 18:53:39.412,0.93447,0.9346,1.35,1.13
2013.10.14 18:53:48.432,0.93447,0.93461,2.10,1.50
2013.10.14 18:53:50.504,0.93447,0.93461,1.73,1.13
2013.10.14 18:53:55.784,0.93447,0.93461,2.10,1.13
2013.10.14 18:54:02.795,0.93447,0.93461,1.73,1.13
2013.10.14 18:54:03.052,0.93445,0.93456,1.35,1.13
2013.10.14 18:54:03.232,0.93446,0.9346,1.50,1.13
2013.10.14 18:54:03.925,0.93446,0.9346,1.50,1.13
2013.10.14 18:54:05.233,0.93449,0.93464,1.50,1.50
2013.10.14 18:54:05.623,0.9345,0.93464,3.60,1.88
2013.10.14 18:54:08.893,0.93449,0.93464,2.48,2.63
2013.10.14 18:54:09.134,0.93449,0.93463,2.10,1.13
2013.10.14 18:54:10.123,0.93449,0.93461,1.50,1.13
2013.10.14 18:54:11.383,0.93449,0.93461,1.50,1.13
2013.10.14 18:54:12.016,0.93449,0.93462,1.50,1.13
2013.10.14 18:54:14.182,0.9345,0.93465,4.50,2.10
2013.10.14 18:54:14.484,0.93454,0.93469,2.25,1.58
2013.10.14 18:54:14.602,0.93455,0.9347,1.50,2.25
2013.10.14 18:54:15.862,0.93457,0.93471,2.25,1.13
2013.10.14 18:54:16.473,0.93458,0.93473,1.50,1.13
2013.10.14 18:54:17.144,0.93458,0.93473,1.50,1.13
2013.10.14 18:54:17.205,0.9346,0.93472,1.50,1.13
2013.10.14 18:54:19.157,0.93461,0.93475,1.50,1.13
2013.10.14 18:54:28.933,0.93461,0.93476,1.50,1.13
2013.10.14 18:54:29.452,0.93461,0.93477,1.50,1.88
2013.10.14 18:54:29.692,0.93461,0.93477,1.50,2.25
2013.10.14 18:54:32.963,0.93461,0.93472,1.50,1.13
2013.10.14 18:54:40.832,0.93463,0.93472,3.00,1.13
2013.10.14 18:54:41.072,0.93464,0.93479,1.50,1.13
2013.10.14 18:54:41.252,0.93465,0.93479,2.25,1.13
2013.10.14 18:54:42.252,0.93467,0.93479,1.50,1.13
2013.10.14 18:54:48.143,0.93467,0.93481,1.50,1.13
2013.10.14 18:54:48.983,0.93467,0.93481,1.50,1.13
2013.10.14 18:54:49.514,0.93467,0.9348,1.50,1.13
2013.10.14 18:54:52.123,0.93467,0.9348,1.50,1.13
2013.10.14 18:54:52.873,0.93467,0.93479,1.50,1.13
2013.10.14 18:55:01.012,0.93467,0.93478,1.50,1.13
2013.10.14 18:55:01.133,0.93462,0.93473,1.50,1.13
2013.10.14 18:55:01.493,0.93462,0.93476,1.50,1.13
2013.10.14 18:55:01.672,0.93461,0.93476,1.50,1.13
2013.10.14 18:55:02.173,0.93462,0.93477,1.50,1.50
2013.10.14 18:55:06.035,0.93462,0.93477,1.50,2.25
2013.10.14 18:55:06.842,0.93462,0.93477,1.50,2.25
2013.10.14 18:55:07.123,0.93464,0.93477,1.50,2.25
2013.10.14 18:55:07.243,0.93464,0.93477,2.85,1.88
2013.10.14 18:55:07.362,0.93466,0.93477,1.50,1.13
2013.10.14 18:55:07.422,0.93466,0.93477,1.50,1.13
2013.10.14 18:55:07.962,0.93464,0.93477,1.50,1.50
2013.10.14 18:55:15.203,0.93463,0.93475,1.13,1.50
2013.10.14 18:55:15.563,0.93463,0.93475,1.13,1.13
2013.10.14 18:55:15.622,0.93463,0.93475,1.13,1.13
2013.10.14 18:55:16.172,0.93463,0.93475,1.50,1.13
2013.10.14 18:55:16.892,0.93462,0.93474,2.10,1.13
2013.10.14 18:55:18.453,0.93462,0.93475,2.10,1.13
2013.10.14 18:55:18.999,0.93463,0.93476,1.35,1.13
2013.10.14 18:55:23.413,0.93463,0.93475,1.35,1.13
2013.10.14 18:55:23.533,0.93459,0.93472,1.13,1.13
2013.10.14 18:55:23.892,0.93459,0.93473,1.13,1.13
2013.10.14 18:55:24.253,0.93458,0.93471,2.25,2.85
2013.10.14 18:55:24.783,0.93456,0.93471,1.13,2.85
2013.10.14 18:55:25.142,0.93456,0.93471,1.13,2.85
2013.10.14 18:55:26.523,0.93455,0.93471,1.50,2.85
2013.10.14 18:55:27.062,0.93455,0.93468,1.50,1.13
2013.10.14 18:55:27.183,0.93455,0.93464,1.50,1.13
2013.10.14 18:55:27.305,0.93452,0.93464,1.13,1.13
2013.10.14 18:55:27.606,0.9345,0.93462,2.25,1.13
2013.10.14 18:55:28.333,0.93446,0.9346,1.50,1.13
2013.10.14 18:55:29.122,0.93447,0.9346,1.13,1.13
2013.10.14 18:55:29.673,0.93447,0.93459,1.13,1.13
2013.10.14 18:55:34.062,0.93447,0.9346,1.13,1.13
2013.10.14 18:55:34.677,0.93447,0.93459,1.13,1.13
2013.10.14 18:55:36.273,0.93447,0.93461,1.13,1.88
2013.10.14 18:56:15.803,0.93448,0.93461,1.50,1.13
2013.10.14 18:56:18.035,0.93448,0.93462,2.25,1.13
2013.10.14 18:56:18.532,0.93449,0.93463,1.50,1.13
2013.10.14 18:56:19.073,0.93448,0.93463,3.23,1.50
2013.10.14 18:56:19.853,0.93449,0.93463,1.50,1.50
2013.10.14 18:56:20.417,0.93449,0.93464,2.25,2.63
2013.10.14 18:56:20.982,0.9345,0.93464,1.50,2.63
2013.10.14 18:56:31.634,0.93451,0.93465,1.35,1.88
2013.10.14 18:56:32.143,0.93451,0.93467,1.35,1.88
2013.10.14 18:56:33.964,0.93453,0.93467,1.50,1.88
2013.10.14 18:56:35.263,0.93452,0.93467,1.50,2.63
2013.10.14 18:56:35.840,0.93452,0.93466,1.50,1.13
2013.10.14 18:56:41.462,0.93452,0.93467,1.50,2.63
2013.10.14 18:56:43.493,0.93452,0.93466,1.50,1.13
2013.10.14 18:56:43.873,0.93451,0.93465,1.35,1.50
2013.10.14 18:56:43.933,0.93449,0.93465,1.88,1.50
2013.10.14 18:56:44.273,0.93449,0.93464,1.50,1.13
2013.10.14 18:56:44.665,0.93449,0.93464,2.25,1.13
2013.10.14 18:56:44.913,0.93451,0.93465,1.50,1.50
2013.10.14 18:57:01.142,0.9345,0.93463,2.10,1.50
2013.10.14 18:57:01.502,0.93447,0.93461,1.13,1.50
2013.10.14 18:57:01.563,0.93444,0.93458,1.13,1.50
2013.10.14 18:57:01.802,0.93443,0.93458,1.35,1.50
2013.10.14 18:57:01.984,0.93443,0.93459,2.10,2.25
2013.10.14 18:57:02.543,0.93447,0.93462,1.50,2.25
2013.10.14 18:57:02.884,0.93447,0.93461,1.88,1.50
2013.10.14 18:57:02.943,0.93447,0.93462,1.88,1.50
2013.10.14 18:57:03.543,0.93447,0.93462,1.50,1.50
2013.10.14 18:57:06.522,0.93447,0.93462,1.88,1.50
2013.10.14 18:57:07.160,0.93447,0.93462,1.88,1.50
2013.10.14 18:57:07.713,0.93449,0.93462,1.13,1.50
2013.10.14 18:57:07.832,0.93451,0.93466,1.50,2.25
2013.10.14 18:57:07.893,0.93452,0.93466,2.10,1.50
2013.10.14 18:57:08.515,0.93458,0.93469,1.13,1.50
2013.10.14 18:57:08.589,0.93462,0.93476,1.50,1.13
2013.10.14 18:57:09.304,0.93462,0.93476,1.50,1.13
2013.10.14 18:57:10.392,0.93462,0.93477,1.50,2.25
2013.10.14 18:57:10.858,0.93461,0.93475,1.13,1.50
2013.10.14 18:57:11.103,0.93457,0.93472,1.50,1.50
2013.10.14 18:57:23.693,0.93457,0.93471,2.25,1.50
2013.10.14 18:57:23.874,0.9346,0.93475,1.88,2.25
2013.10.14 18:57:25.953,0.93461,0.93477,2.63,2.25
2013.10.14 18:57:27.413,0.93462,0.93476,1.50,1.50
2013.10.14 18:57:27.953,0.93462,0.93478,1.50,1.13
2013.10.14 18:57:28.619,0.93463,0.93478,1.50,1.88
2013.10.14 18:57:29.164,0.93463,0.93478,1.50,1.88
2013.10.14 18:57:30.973,0.93463,0.93478,1.50,1.88
2013.10.14 18:57:31.314,0.93461,0.93476,2.25,1.50
2013.10.14 18:57:31.373,0.93458,0.93475,3.38,1.50
2013.10.14 18:57:31.902,0.93458,0.93474,1.88,1.50
2013.10.14 18:57:32.083,0.93459,0.93473,1.13,1.88
2013.10.14 18:57:32.383,0.93457,0.93472,2.48,1.50
2013.10.14 18:57:32.443,0.93457,0.93472,1.88,1.50
2013.10.14 18:57:32.562,0.93457,0.93472,1.88,1.50
2013.10.14 18:57:34.112,0.93457,0.93472,1.88,1.50
2013.10.14 18:57:37.339,0.9346,0.93472,1.13,1.50
2013.10.14 18:57:37.408,0.93463,0.93473,1.13,2.25
2013.10.14 18:57:37.474,0.93462,0.93477,1.50,1.50
2013.10.14 18:57:37.533,0.93466,0.9348,1.50,3.75
2013.10.14 18:57:38.072,0.93462,0.93477,1.13,1.50
2013.10.14 18:57:38.394,0.93462,0.93476,1.88,1.88
2013.10.14 18:57:38.573,0.93458,0.93473,1.50,1.50
2013.10.14 18:57:39.313,0.93457,0.93473,1.50,2.25
2013.10.14 18:57:39.432,0.93456,0.93472,1.13,1.50
2013.10.14 18:57:40.273,0.93456,0.93471,1.88,1.50
2013.10.14 18:57:43.842,0.93456,0.93473,1.88,2.63
2013.10.14 18:57:43.902,0.93457,0.93473,1.13,1.88
2013.10.14 18:57:43.963,0.93458,0.93474,1.13,2.63
2013.10.14 18:57:44.022,0.93459,0.93475,1.50,2.63
2013.10.14 18:57:44.142,0.9346,0.93475,1.13,1.50
2013.10.14 18:57:44.702,0.9346,0.93476,1.50,1.50
2013.10.14 18:57:50.872,0.9346,0.93475,1.13,3.00
2013.10.14 18:57:52.103,0.93459,0.93473,1.13,1.50
2013.10.14 18:57:52.923,0.93459,0.93473,1.13,2.25
2013.10.14 18:57:57.145,0.93459,0.93473,1.13,1.50
2013.10.14 18:58:21.792,0.93459,0.93473,1.88,1.50
2013.10.14 18:58:21.853,0.93456,0.93471,1.13,2.25
2013.10.14 18:58:21.912,0.93455,0.9347,2.25,2.25
2013.10.14 18:58:22.032,0.93452,0.93468,1.50,1.50
2013.10.14 18:58:22.153,0.9345,0.93465,1.13,1.50
2013.10.14 18:58:23.132,0.93449,0.93465,1.13,1.50
2013.10.14 18:58:42.313,0.9345,0.93464,3.00,2.25
2013.10.14 18:58:42.616,0.93464,0.93474,2.25,2.25
2013.10.14 18:58:42.683,0.93464,0.9348,2.63,1.50
2013.10.14 18:58:42.744,0.93465,0.9348,1.50,1.50
2013.10.14 18:58:42.813,0.93463,0.93475,1.88,1.13
2013.10.14 18:58:42.934,0.93466,0.93479,1.35,1.13
2013.10.14 18:58:42.994,0.93467,0.9348,1.13,2.25
2013.10.14 18:58:43.053,0.93467,0.9348,1.13,2.25
2013.10.14 18:58:43.413,0.93471,0.93482,2.10,1.50
2013.10.14 18:58:44.822,0.93471,0.93479,2.10,1.50
2013.10.14 18:58:45.146,0.93471,0.93481,1.35,1.50
2013.10.14 18:58:45.212,0.93471,0.93482,2.10,2.25
2013.10.14 18:58:45.342,0.93473,0.93485,1.35,1.13
2013.10.14 18:58:45.582,0.93468,0.93484,2.10,1.88
2013.10.14 18:58:45.642,0.9347,0.93484,1.13,1.88
2013.10.14 18:58:46.122,0.93473,0.93485,1.73,1.50
2013.10.14 18:58:46.662,0.9347,0.93482,1.13,1.50
2013.10.14 18:58:47.272,0.93467,0.93482,1.50,2.25
2013.10.14 18:58:47.333,0.93465,0.9348,1.50,1.50
2013.10.14 18:58:47.892,0.93464,0.93478,1.13,1.50
2013.10.14 18:58:48.494,0.93465,0.93478,1.13,1.50
2013.10.14 18:58:50.393,0.93466,0.93478,3.23,1.50
2013.10.14 18:58:51.657,0.93468,0.9348,1.73,1.50
2013.10.14 18:58:53.153,0.93468,0.93481,2.10,2.25
2013.10.14 18:59:02.593,0.93468,0.9348,1.35,1.50
2013.10.14 18:59:03.745,0.93468,0.93481,1.35,2.25
2013.10.14 18:59:06.503,0.93467,0.9348,1.13,1.50
2013.10.14 18:59:07.376,0.93468,0.9348,1.35,1.13
2013.10.14 18:59:07.443,0.93468,0.9348,1.35,1.13
2013.10.14 18:59:08.885,0.93468,0.9348,1.73,1.13
2013.10.14 18:59:09.073,0.93472,0.93484,1.73,1.50
2013.10.14 18:59:09.133,0.93472,0.93484,1.73,1.13
2013.10.14 18:59:09.253,0.93471,0.93482,1.50,1.13
2013.10.14 18:59:09.492,0.93473,0.93485,1.50,1.13
2013.10.14 18:59:09.675,0.93473,0.93487,1.13,1.50
2013.10.14 18:59:10.289,0.93473,0.93488,1.13,1.50
2013.10.14 18:59:11.102,0.93472,0.93488,1.88,1.50
2013.10.14 18:59:11.730,0.93473,0.93488,1.50,2.25
2013.10.14 18:59:13.610,0.93474,0.93488,1.50,1.50
2013.10.14 18:59:13.793,0.93476,0.9349,2.25,1.13
2013.10.14 18:59:15.844,0.93477,0.9349,1.50,1.88
2013.10.14 18:59:16.112,0.93477,0.9349,1.50,1.88
2013.10.14 18:59:16.293,0.93478,0.93493,2.25,1.50
2013.10.14 18:59:16.413,0.9348,0.93493,1.88,1.13
2013.10.14 18:59:16.962,0.93481,0.93493,1.50,1.13
2013.10.14 18:59:18.275,0.93482,0.93496,1.50,2.25
2013.10.14 18:59:20.783,0.93482,0.93496,1.50,1.13
2013.10.14 18:59:22.723,0.93484,0.935,1.50,1.50
2013.10.14 18:59:22.844,0.93486,0.935,1.13,1.88
2013.10.14 18:59:22.963,0.93488,0.935,1.88,1.13
2013.10.14 18:59:23.384,0.93487,0.93499,2.25,1.13
2013.10.14 18:59:23.443,0.93486,0.93499,1.50,1.13
2013.10.14 18:59:23.624,0.93481,0.93494,2.63,1.13
2013.10.14 18:59:23.804,0.93481,0.93495,1.50,1.13
2013.10.14 18:59:24.082,0.93481,0.93495,1.88,1.13
2013.10.14 18:59:24.673,0.93483,0.93496,1.13,1.88
2013.10.14 18:59:24.732,0.93484,0.93496,1.13,1.88
2013.10.14 18:59:25.632,0.93485,0.93498,1.50,1.50
2013.10.14 18:59:25.932,0.93486,0.935,1.13,1.50
2013.10.14 18:59:25.992,0.93486,0.93501,1.88,1.50
2013.10.14 18:59:27.053,0.93486,0.93501,1.50,1.50
2013.10.14 18:59:27.602,0.93486,0.93498,1.50,1.13
2013.10.14 18:59:28.326,0.93486,0.93498,1.50,1.13
2013.10.14 18:59:28.394,0.93487,0.93501,1.50,1.13
2013.10.14 18:59:28.514,0.93487,0.93503,2.25,1.13
2013.10.14 18:59:28.875,0.93488,0.93504,3.00,1.13
2013.10.14 18:59:30.027,0.9349,0.93506,1.50,1.88
2013.10.14 18:59:30.285,0.9349,0.93506,1.50,1.88
2013.10.14 18:59:31.355,0.9349,0.93505,1.50,2.25
2013.10.14 18:59:31.712,0.93484,0.93499,1.50,1.50
2013.10.14 18:59:32.133,0.93481,0.93496,1.13,1.88
2013.10.14 18:59:32.492,0.93481,0.93497,1.88,2.25
2013.10.14 18:59:32.793,0.9348,0.93494,1.50,1.88
2013.10.14 18:59:33.152,0.93473,0.9349,1.50,2.25
2013.10.14 18:59:33.664,0.93473,0.9349,1.50,2.25
2013.10.14 18:59:34.022,0.93476,0.93491,1.50,1.50
2013.10.14 18:59:35.196,0.93477,0.9349,1.50,1.88
2013.10.14 18:59:39.332,0.93472,0.93487,4.50,2.25
2013.10.14 18:59:39.392,0.93472,0.93487,3.75,2.25
2013.10.14 18:59:39.453,0.93469,0.93487,2.25,2.25
2013.10.14 18:59:39.574,0.93471,0.93487,1.50,1.88
2013.10.14 18:59:39.693,0.93465,0.93476,2.63,1.13
2013.10.14 18:59:39.874,0.93465,0.93475,1.50,1.50
2013.10.14 18:59:39.933,0.93462,0.93475,1.13,1.50
2013.10.14 18:59:40.555,0.9346,0.93469,1.13,2.25
2013.10.14 18:59:40.675,0.93461,0.93468,1.13,2.25
2013.10.14 18:59:40.734,0.93461,0.93469,1.13,1.50
2013.10.14 18:59:40.855,0.93455,0.9347,3.00,2.25
2013.10.14 18:59:40.923,0.93455,0.93472,3.75,1.50
2013.10.14 18:59:41.490,0.93456,0.93472,1.50,1.50
2013.10.14 18:59:41.883,0.93456,0.93472,1.50,1.50
2013.10.14 18:59:42.753,0.93456,0.93472,2.63,1.50
2013.10.14 18:59:43.054,0.93459,0.93474,1.50,1.50
2013.10.14 18:59:45.335,0.9346,0.93476,1.50,2.25
2013.10.14 18:59:45.402,0.93462,0.93477,1.50,1.50
2013.10.14 18:59:45.642,0.93463,0.93477,1.13,1.50
2013.10.14 18:59:46.414,0.93465,0.93477,1.13,1.50
2013.10.14 18:59:47.944,0.93465,0.93479,1.13,1.50
2013.10.14 18:59:48.257,0.93464,0.93478,1.88,1.50
2013.10.14 18:59:48.767,0.93463,0.93478,1.13,3.00
2013.10.14 18:59:50.214,0.93464,0.93475,1.13,1.50
2013.10.14 18:59:50.287,0.93459,0.93468,1.13,1.13
2013.10.14 18:59:50.355,0.93457,0.93468,1.13,1.13
2013.10.14 18:59:50.913,0.93455,0.9347,1.73,1.88
2013.10.14 18:59:51.272,0.93456,0.9347,1.73,1.50
2013.10.14 18:59:52.194,0.93456,0.93471,1.73,2.25
2013.10.14 18:59:53.343,0.93457,0.93471,1.50,1.50
2013.10.14 18:59:53.844,0.93457,0.93472,2.25,1.13
2013.10.14 18:59:53.963,0.93458,0.93473,1.50,1.88
2013.10.14 18:59:54.203,0.9346,0.93475,1.13,1.50
2013.10.14 18:59:54.385,0.93463,0.93479,1.50,1.50
2013.10.14 18:59:54.453,0.93463,0.93479,1.50,1.50
2013.10.14 18:59:55.387,0.93464,0.93479,2.48,1.50
2013.10.14 18:59:55.804,0.93464,0.93479,2.48,1.50
2013.10.14 18:59:56.324,0.93464,0.93479,2.48,1.50
2013.10.14 18:59:56.682,0.93464,0.93479,2.48,1.50
2013.10.14 18:59:57.193,0.93464,0.9348,1.88,2.25
2013.10.14 18:59:58.212,0.93466,0.93481,1.50,1.50
2013.10.14 18:59:59.675,0.93466,0.93482,1.50,2.25
