2014.02.03 14:00:00.175,0.89627,0.89631,1.00,1.00
2014.02.03 14:00:00.580,0.89624,0.8963,1.00,1.13
2014.02.03 14:00:01.267,0.89624,0.89631,1.00,1.30
2014.02.03 14:00:01.918,0.89624,0.89634,1.13,1.38
2014.02.03 14:00:02.230,0.89629,0.89634,1.00,1.38
2014.02.03 14:00:02.904,0.89624,0.89636,2.33,1.38
2014.02.03 14:00:04.231,0.89629,0.89636,1.00,1.88
2014.02.03 14:00:04.439,0.89629,0.89636,1.00,1.88
2014.02.03 14:00:05.205,0.89629,0.89636,1.00,1.38
2014.02.03 14:00:05.869,0.89629,0.89633,1.00,1.00
2014.02.03 14:00:07.718,0.89624,0.89635,2.33,1.38
2014.02.03 14:00:08.611,0.89624,0.8963,2.33,1.00
2014.02.03 14:00:08.864,0.89622,0.89628,1.00,1.00
2014.02.03 14:00:08.966,0.89622,0.89628,1.00,1.00
2014.02.03 14:00:09.067,0.89621,0.89628,1.00,1.38
2014.02.03 14:00:09.169,0.89619,0.89628,1.00,1.38
2014.02.03 14:00:09.384,0.89619,0.89628,1.00,1.38
2014.02.03 14:00:09.881,0.89619,0.89629,1.00,1.38
2014.02.03 14:00:10.430,0.89619,0.89629,1.00,1.38
2014.02.03 14:00:10.685,0.89619,0.89629,1.13,1.13
2014.02.03 14:00:11.200,0.89619,0.89629,1.13,1.38
2014.02.03 14:00:11.403,0.89621,0.89629,1.00,1.38
2014.02.03 14:00:11.900,0.89621,0.89631,1.58,1.38
2014.02.03 14:00:11.951,0.89623,0.89635,1.00,1.48
2014.02.03 14:00:12.003,0.89623,0.89635,1.85,1.10
2014.02.03 14:00:12.206,0.89626,0.89636,1.45,2.10
2014.02.03 14:00:12.664,0.8963,0.8964,1.38,1.13
2014.02.03 14:00:13.019,0.89633,0.89643,1.13,2.70
2014.02.03 14:00:14.225,0.89635,0.89643,1.00,1.38
2014.02.03 14:00:15.399,0.89635,0.89645,1.00,5.55
2014.02.03 14:00:15.450,0.89633,0.89645,1.00,6.30
2014.02.03 14:00:15.602,0.89633,0.89645,1.00,6.30
2014.02.03 14:00:15.756,0.89633,0.89644,1.00,1.38
2014.02.03 14:00:15.908,0.89635,0.89644,1.13,1.38
2014.02.03 14:00:15.959,0.89635,0.89644,1.58,1.00
2014.02.03 14:00:16.010,0.89638,0.89644,1.08,1.00
2014.02.03 14:00:16.162,0.89638,0.89647,1.20,1.00
2014.02.03 14:00:16.213,0.89641,0.89647,1.00,1.00
2014.02.03 14:00:16.315,0.89638,0.89647,1.20,1.00
2014.02.03 14:00:16.416,0.89638,0.89648,1.38,1.00
2014.02.03 14:00:16.669,0.89638,0.89649,1.38,1.48
2014.02.03 14:00:16.771,0.89641,0.89651,1.00,2.03
2014.02.03 14:00:17.096,0.89641,0.89651,1.38,1.13
2014.02.03 14:00:17.601,0.89641,0.89652,1.13,1.95
2014.02.03 14:00:18.011,0.89641,0.89652,1.38,1.20
2014.02.03 14:00:18.565,0.89641,0.89652,1.38,3.45
2014.02.03 14:00:20.952,0.89643,0.89652,1.38,3.08
2014.02.03 14:00:21.155,0.89643,0.89654,1.38,1.50
2014.02.03 14:00:21.661,0.89645,0.89654,1.00,1.50
2014.02.03 14:00:22.425,0.89645,0.89654,1.38,1.50
2014.02.03 14:00:23.086,0.89645,0.89654,1.38,1.00
2014.02.03 14:00:23.684,0.89645,0.89653,1.38,1.00
2014.02.03 14:00:23.886,0.89645,0.89654,1.38,2.10
2014.02.03 14:00:24.834,0.89645,0.89654,1.38,1.35
2014.02.03 14:00:25.304,0.89645,0.89652,1.00,1.60
2014.02.03 14:00:26.494,0.89643,0.89647,1.00,1.00
2014.02.03 14:00:26.897,0.8964,0.89647,1.38,1.00
2014.02.03 14:00:27.169,0.8964,0.89645,1.38,1.00
2014.02.03 14:00:27.678,0.8964,0.89645,1.13,1.00
2014.02.03 14:00:28.698,0.8964,0.89647,1.00,1.30
2014.02.03 14:00:28.800,0.89637,0.89641,1.00,1.00
2014.02.03 14:00:29.002,0.89635,0.89641,1.00,1.00
2014.02.03 14:00:29.256,0.89633,0.89642,1.00,1.13
2014.02.03 14:00:29.612,0.89633,0.89641,1.00,2.93
2014.02.03 14:00:29.882,0.8963,0.89637,1.00,1.00
2014.02.03 14:00:30.200,0.89628,0.89637,1.00,1.73
2014.02.03 14:00:30.678,0.8963,0.89638,1.00,1.05
2014.02.03 14:00:31.717,0.8963,0.89635,1.00,3.00
2014.02.03 14:00:32.028,0.89625,0.89634,1.00,1.73
2014.02.03 14:00:32.231,0.89623,0.8963,1.00,1.30
2014.02.03 14:00:32.693,0.89623,0.89632,1.38,1.35
2014.02.03 14:00:33.237,0.89623,0.89631,1.38,1.00
2014.02.03 14:00:33.748,0.89623,0.89631,1.00,1.00
2014.02.03 14:00:34.294,0.89623,0.89631,1.00,1.38
2014.02.03 14:00:34.761,0.8962,0.89631,1.10,1.13
2014.02.03 14:00:34.862,0.8962,0.89628,1.00,1.00
2014.02.03 14:00:35.064,0.89623,0.89632,1.00,1.35
2014.02.03 14:00:35.165,0.89623,0.89634,1.00,1.50
2014.02.03 14:00:35.418,0.89625,0.89634,1.00,1.00
2014.02.03 14:00:35.721,0.89627,0.89635,1.00,1.50
2014.02.03 14:00:36.160,0.89627,0.89637,1.38,1.00
2014.02.03 14:00:36.261,0.8963,0.89638,1.00,1.10
2014.02.03 14:00:36.565,0.89632,0.89638,1.00,1.00
2014.02.03 14:00:36.616,0.89632,0.89642,1.48,1.00
2014.02.03 14:00:36.868,0.89632,0.89644,1.48,1.50
2014.02.03 14:00:37.465,0.89635,0.89644,1.00,1.13
2014.02.03 14:00:37.972,0.89635,0.89647,1.50,3.53
2014.02.03 14:00:38.124,0.89635,0.89647,1.95,1.13
2014.02.03 14:00:38.276,0.89638,0.8965,1.20,2.63
2014.02.03 14:00:38.377,0.89641,0.8965,1.00,1.13
2014.02.03 14:00:38.911,0.89641,0.89652,1.50,2.25
2014.02.03 14:00:39.215,0.89643,0.89651,1.00,1.00
2014.02.03 14:00:40.558,0.89643,0.89653,1.00,1.13
2014.02.03 14:00:40.863,0.89643,0.89653,1.00,2.63
2014.02.03 14:00:41.423,0.89643,0.89653,1.00,2.70
2014.02.03 14:00:42.407,0.89643,0.89654,1.00,2.03
2014.02.03 14:00:43.652,0.89643,0.89654,1.00,2.03
2014.02.03 14:00:43.753,0.89641,0.89653,1.00,1.48
2014.02.03 14:00:44.288,0.89641,0.89653,1.00,1.48
2014.02.03 14:00:45.281,0.89641,0.89653,1.18,1.88
2014.02.03 14:00:45.981,0.89644,0.89653,1.00,1.00
2014.02.03 14:00:46.082,0.8964,0.89652,4.95,1.38
2014.02.03 14:00:46.594,0.89641,0.89651,1.18,1.38
2014.02.03 14:00:46.746,0.8964,0.8965,1.00,1.38
2014.02.03 14:00:47.268,0.8964,0.8965,1.00,1.38
2014.02.03 14:00:47.870,0.8964,0.8965,1.00,1.38
2014.02.03 14:00:49.013,0.89642,0.8965,1.00,1.38
2014.02.03 14:00:49.454,0.89642,0.89651,1.00,1.00
2014.02.03 14:00:49.784,0.89644,0.89651,1.00,1.00
2014.02.03 14:00:50.180,0.89645,0.89656,1.00,3.45
2014.02.03 14:00:50.231,0.89646,0.89656,1.48,2.25
2014.02.03 14:00:50.282,0.89646,0.89658,1.55,1.00
2014.02.03 14:00:50.333,0.8965,0.8966,1.00,1.95
2014.02.03 14:00:50.674,0.8965,0.8966,1.00,1.48
2014.02.03 14:00:51.281,0.8965,0.8966,1.00,1.48
2014.02.03 14:00:51.587,0.89652,0.89661,1.00,1.38
2014.02.03 14:00:52.117,0.89652,0.89661,1.00,1.13
2014.02.03 14:00:52.420,0.89652,0.89658,1.00,1.13
2014.02.03 14:00:53.266,0.89652,0.89657,1.00,1.13
2014.02.03 14:00:53.570,0.8965,0.89657,1.00,1.38
2014.02.03 14:00:53.975,0.89648,0.89655,1.00,1.38
2014.02.03 14:00:54.817,0.89648,0.89656,1.00,1.00
2014.02.03 14:00:55.130,0.89648,0.89658,1.00,1.20
2014.02.03 14:00:55.514,0.8965,0.89658,1.00,1.00
2014.02.03 14:00:56.147,0.8965,0.8966,1.00,1.28
2014.02.03 14:00:56.451,0.89652,0.89662,1.13,1.10
2014.02.03 14:00:56.552,0.89655,0.89662,1.00,1.00
2014.02.03 14:00:56.603,0.89655,0.89664,1.00,1.00
2014.02.03 14:00:56.654,0.89656,0.89667,1.38,3.75
2014.02.03 14:00:56.705,0.89656,0.89667,1.38,1.10
2014.02.03 14:00:56.908,0.89659,0.89669,1.13,1.00
2014.02.03 14:00:56.958,0.89661,0.89669,1.00,1.00
2014.02.03 14:00:57.262,0.89659,0.89665,1.13,1.00
2014.02.03 14:00:57.364,0.89657,0.89668,1.38,1.00
2014.02.03 14:00:57.466,0.89657,0.89668,3.45,1.00
2014.02.03 14:00:58.003,0.89661,0.89671,2.70,3.60
2014.02.03 14:00:58.105,0.89661,0.89671,3.45,1.00
2014.02.03 14:00:58.206,0.89663,0.89673,2.70,1.00
2014.02.03 14:00:58.524,0.89667,0.89673,1.20,1.00
2014.02.03 14:00:59.181,0.89667,0.89673,1.48,1.00
2014.02.03 14:01:00.178,0.89667,0.89673,1.20,1.00
2014.02.03 14:01:01.733,0.89667,0.89674,1.00,1.00
2014.02.03 14:01:02.038,0.89664,0.89674,1.38,1.00
2014.02.03 14:01:02.539,0.89662,0.89674,1.38,1.10
2014.02.03 14:01:02.800,0.89662,0.89674,1.38,3.83
2014.02.03 14:01:03.209,0.8966,0.89672,1.38,1.43
2014.02.03 14:01:03.361,0.8966,0.8967,1.38,2.10
2014.02.03 14:01:03.463,0.8966,0.89668,1.00,1.35
2014.02.03 14:01:04.221,0.89659,0.8967,1.13,3.45
2014.02.03 14:01:04.424,0.89656,0.89668,1.95,1.80
2014.02.03 14:01:04.778,0.89656,0.89667,1.38,2.70
2014.02.03 14:01:06.103,0.89654,0.89667,1.38,3.45
2014.02.03 14:01:06.457,0.89654,0.89663,1.48,1.00
2014.02.03 14:01:07.004,0.89654,0.89663,1.20,1.13
2014.02.03 14:01:07.470,0.89654,0.89661,1.20,1.00
2014.02.03 14:01:07.983,0.89654,0.8966,1.20,1.00
2014.02.03 14:01:09.107,0.89654,0.89662,1.00,1.13
2014.02.03 14:01:09.613,0.89654,0.89662,1.55,1.00
2014.02.03 14:01:09.664,0.89654,0.89664,1.55,1.00
2014.02.03 14:01:09.715,0.89654,0.89664,1.55,1.00
2014.02.03 14:01:09.766,0.89655,0.89666,1.48,1.00
2014.02.03 14:01:09.817,0.89655,0.89666,1.58,1.00
2014.02.03 14:01:10.020,0.89658,0.89669,2.63,1.00
2014.02.03 14:01:10.072,0.89659,0.89671,1.55,1.50
2014.02.03 14:01:10.174,0.89661,0.89671,1.38,1.00
2014.02.03 14:01:10.478,0.89657,0.89668,1.58,1.00
2014.02.03 14:01:11.096,0.89657,0.89668,2.70,1.00
2014.02.03 14:01:11.397,0.89657,0.89666,2.70,1.00
2014.02.03 14:01:12.172,0.89656,0.89666,2.03,1.00
2014.02.03 14:01:12.883,0.89656,0.89666,2.40,1.00
2014.02.03 14:01:13.434,0.89656,0.89666,2.70,1.00
2014.02.03 14:01:14.083,0.89656,0.89666,1.58,1.00
2014.02.03 14:01:15.193,0.89656,0.89666,1.58,1.00
2014.02.03 14:01:15.940,0.89656,0.89666,1.58,1.00
2014.02.03 14:01:18.329,0.89656,0.89665,1.58,1.00
2014.02.03 14:01:18.907,0.89656,0.89666,1.58,1.00
2014.02.03 14:01:19.905,0.89656,0.89664,1.58,1.00
2014.02.03 14:01:21.699,0.89659,0.89664,1.00,1.00
2014.02.03 14:01:21.750,0.89661,0.8967,1.00,1.20
2014.02.03 14:01:22.255,0.89661,0.89671,2.03,1.00
2014.02.03 14:01:22.506,0.89661,0.89673,2.03,1.13
2014.02.03 14:01:22.872,0.89661,0.89673,1.65,1.38
2014.02.03 14:01:23.177,0.89661,0.89668,1.00,1.00
2014.02.03 14:01:23.717,0.8966,0.89668,1.10,1.00
2014.02.03 14:01:24.198,0.8966,0.89671,1.18,1.00
2014.02.03 14:01:25.198,0.89661,0.89674,3.38,1.73
2014.02.03 14:01:26.290,0.89663,0.89675,1.28,1.00
2014.02.03 14:01:26.595,0.89664,0.89676,1.55,1.00
2014.02.03 14:01:26.901,0.89669,0.8968,1.13,3.38
2014.02.03 14:01:27.205,0.89672,0.8968,2.33,1.00
2014.02.03 14:01:27.306,0.8967,0.89679,3.08,1.00
2014.02.03 14:01:27.560,0.89671,0.89683,1.00,1.38
2014.02.03 14:01:28.065,0.89671,0.8968,1.55,1.00
2014.02.03 14:01:28.615,0.89671,0.89681,1.88,1.00
2014.02.03 14:01:28.891,0.89672,0.89681,2.63,1.00
2014.02.03 14:01:29.427,0.89672,0.89682,2.70,1.00
2014.02.03 14:01:29.933,0.89672,0.89681,2.70,1.00
2014.02.03 14:01:30.478,0.89672,0.89682,2.70,1.00
2014.02.03 14:01:31.171,0.89673,0.89683,1.55,1.00
2014.02.03 14:01:31.676,0.89673,0.89684,1.95,1.00
2014.02.03 14:01:32.156,0.89673,0.89684,1.95,1.00
2014.02.03 14:01:32.910,0.89673,0.89683,1.88,1.00
2014.02.03 14:01:34.367,0.89673,0.89684,1.88,1.10
2014.02.03 14:01:34.584,0.89675,0.89684,1.88,1.10
2014.02.03 14:01:34.888,0.8968,0.89688,1.88,3.00
2014.02.03 14:01:34.990,0.8968,0.89688,2.03,1.00
2014.02.03 14:01:35.349,0.8968,0.8969,2.03,1.00
2014.02.03 14:01:35.919,0.8968,0.8969,2.03,1.00
2014.02.03 14:01:36.560,0.8968,0.8969,1.88,1.00
2014.02.03 14:01:36.679,0.8968,0.8969,1.88,1.00
2014.02.03 14:01:37.099,0.8968,0.89687,1.38,1.00
2014.02.03 14:01:37.345,0.89683,0.89693,1.00,2.70
2014.02.03 14:01:37.396,0.89683,0.89694,1.38,2.33
2014.02.03 14:01:37.498,0.89683,0.89695,1.38,1.58
2014.02.03 14:01:37.701,0.89684,0.89695,1.13,1.13
2014.02.03 14:01:37.955,0.89685,0.89694,1.48,1.00
2014.02.03 14:01:38.301,0.89685,0.89698,1.48,1.75
2014.02.03 14:01:38.402,0.89685,0.89694,1.48,1.00
2014.02.03 14:01:38.504,0.89685,0.89698,1.48,1.38
2014.02.03 14:01:39.168,0.89685,0.89698,1.48,1.38
2014.02.03 14:01:39.270,0.89686,0.89698,3.45,1.38
2014.02.03 14:01:40.821,0.89687,0.89698,1.55,1.13
2014.02.03 14:01:41.768,0.89687,0.89698,1.55,1.00
2014.02.03 14:01:42.300,0.89688,0.89698,1.48,1.00
2014.02.03 14:01:42.633,0.89688,0.89695,1.48,1.00
2014.02.03 14:01:42.735,0.89688,0.89697,1.48,1.00
2014.02.03 14:01:42.836,0.89688,0.89699,1.48,1.13
2014.02.03 14:01:42.887,0.89688,0.89701,1.48,1.58
2014.02.03 14:01:43.201,0.8969,0.89699,2.70,1.00
2014.02.03 14:01:43.403,0.8969,0.89697,2.70,1.00
2014.02.03 14:01:44.011,0.8969,0.89697,2.70,1.00
2014.02.03 14:01:44.640,0.8969,0.89697,2.70,1.00
2014.02.03 14:01:45.207,0.8969,0.89697,2.70,1.00
2014.02.03 14:01:46.218,0.8969,0.89698,2.70,1.00
2014.02.03 14:01:46.370,0.8969,0.897,2.70,1.00
2014.02.03 14:01:47.319,0.8969,0.89701,2.63,1.13
2014.02.03 14:01:47.775,0.89691,0.89701,2.70,1.00
2014.02.03 14:01:48.646,0.89691,0.89701,2.70,1.00
2014.02.03 14:01:51.252,0.89691,0.89699,3.45,1.00
2014.02.03 14:01:51.974,0.89691,0.89699,3.45,1.00
2014.02.03 14:01:53.666,0.89691,0.89701,1.55,1.00
2014.02.03 14:01:53.818,0.89691,0.89701,1.55,1.00
2014.02.03 14:01:53.869,0.89691,0.89703,1.55,1.00
2014.02.03 14:01:54.122,0.89695,0.89705,1.48,1.00
2014.02.03 14:01:54.173,0.89695,0.89705,1.48,1.00
2014.02.03 14:01:54.325,0.89696,0.89708,1.38,1.10
2014.02.03 14:01:54.376,0.89697,0.89708,1.45,1.00
2014.02.03 14:01:54.910,0.89699,0.89709,1.38,1.00
2014.02.03 14:01:55.276,0.89699,0.89709,1.88,1.00
2014.02.03 14:01:55.630,0.89699,0.89707,2.03,1.00
2014.02.03 14:01:56.000,0.89701,0.89712,1.38,1.00
2014.02.03 14:01:56.102,0.89701,0.89714,1.95,1.10
2014.02.03 14:01:56.682,0.89701,0.89714,4.20,1.00
2014.02.03 14:01:57.774,0.89701,0.89714,2.40,1.00
2014.02.03 14:01:58.067,0.89701,0.89712,1.58,1.38
2014.02.03 14:01:58.583,0.89701,0.8971,1.00,1.13
2014.02.03 14:01:58.887,0.897,0.8971,1.88,1.00
2014.02.03 14:01:59.140,0.89699,0.89714,2.70,3.68
2014.02.03 14:01:59.190,0.89702,0.89714,1.48,1.08
2014.02.03 14:01:59.292,0.89702,0.89716,1.48,1.58
2014.02.03 14:01:59.797,0.89704,0.89717,1.48,1.43
2014.02.03 14:02:00.346,0.89703,0.89716,1.55,1.00
2014.02.03 14:02:00.869,0.89703,0.89717,1.55,2.55
2014.02.03 14:02:01.429,0.89703,0.89717,1.55,2.18
2014.02.03 14:02:01.965,0.89703,0.89717,1.55,2.18
2014.02.03 14:02:02.604,0.89703,0.89717,1.55,2.18
2014.02.03 14:02:02.877,0.89703,0.89715,1.55,1.00
2014.02.03 14:02:03.594,0.8971,0.89717,2.10,1.10
2014.02.03 14:02:03.898,0.89717,0.89721,1.50,2.18
2014.02.03 14:02:04.208,0.89717,0.89724,1.55,1.00
2014.02.03 14:02:04.764,0.89715,0.89725,1.95,1.00
2014.02.03 14:02:05.767,0.89715,0.89725,1.95,1.00
2014.02.03 14:02:05.868,0.89715,0.89723,1.95,1.00
2014.02.03 14:02:05.970,0.89715,0.89723,1.20,1.00
2014.02.03 14:02:06.072,0.89715,0.89725,1.38,1.00
2014.02.03 14:02:06.274,0.89713,0.89725,1.88,1.20
2014.02.03 14:02:06.628,0.89712,0.89723,1.13,1.20
2014.02.03 14:02:06.679,0.89712,0.89723,1.13,3.38
2014.02.03 14:02:07.198,0.89711,0.89721,1.38,1.10
2014.02.03 14:02:07.739,0.89713,0.89724,1.38,1.65
2014.02.03 14:02:07.892,0.89713,0.89725,1.48,1.30
2014.02.03 14:02:07.993,0.89711,0.89724,1.38,2.33
2014.02.03 14:02:08.095,0.89711,0.89725,1.38,2.63
2014.02.03 14:02:08.196,0.89711,0.89719,1.13,1.00
2014.02.03 14:02:08.298,0.89709,0.89719,1.10,1.38
2014.02.03 14:02:08.399,0.89708,0.89719,1.00,1.38
2014.02.03 14:02:08.500,0.89708,0.89719,1.13,1.38
2014.02.03 14:02:09.466,0.89707,0.89719,1.48,1.00
2014.02.03 14:02:09.668,0.89709,0.89721,1.38,2.10
2014.02.03 14:02:10.207,0.89707,0.89721,1.55,2.10
2014.02.03 14:02:10.688,0.89707,0.89718,1.55,1.00
2014.02.03 14:02:10.839,0.89709,0.89721,1.38,1.00
2014.02.03 14:02:11.060,0.89709,0.89719,1.38,1.00
2014.02.03 14:02:11.161,0.89707,0.89717,1.00,1.38
2014.02.03 14:02:11.672,0.89705,0.89716,2.03,1.13
2014.02.03 14:02:12.138,0.89705,0.89718,2.03,1.38
2014.02.03 14:02:12.391,0.89706,0.8972,3.45,1.50
2014.02.03 14:02:12.811,0.89708,0.89722,1.55,1.13
2014.02.03 14:02:13.360,0.8971,0.89723,1.55,1.13
2014.02.03 14:02:14.022,0.8971,0.89725,2.03,4.13
2014.02.03 14:02:14.574,0.8971,0.89725,2.03,4.13
2014.02.03 14:02:15.207,0.8971,0.89724,2.03,1.20
2014.02.03 14:02:15.533,0.89713,0.89723,2.70,1.00
2014.02.03 14:02:15.837,0.89714,0.89725,3.45,1.00
2014.02.03 14:02:15.938,0.89714,0.89725,4.20,1.00
2014.02.03 14:02:16.140,0.89714,0.89725,4.20,1.00
2014.02.03 14:02:16.242,0.89714,0.89725,4.20,1.00
2014.02.03 14:02:16.810,0.89713,0.89725,1.65,1.00
2014.02.03 14:02:17.332,0.89714,0.89728,1.45,1.08
2014.02.03 14:02:17.434,0.89715,0.89725,2.70,1.00
2014.02.03 14:02:17.903,0.89717,0.89726,1.38,1.00
2014.02.03 14:02:18.424,0.89714,0.89726,1.55,1.13
2014.02.03 14:02:18.677,0.89714,0.89725,1.38,1.38
2014.02.03 14:02:19.221,0.89713,0.89725,1.38,1.20
2014.02.03 14:02:19.769,0.89713,0.89726,1.38,1.28
2014.02.03 14:02:20.209,0.89713,0.89724,1.38,1.13
2014.02.03 14:02:20.659,0.89713,0.89723,1.13,1.38
2014.02.03 14:02:24.108,0.89711,0.89723,1.95,1.13
2014.02.03 14:02:24.892,0.89711,0.89723,1.95,1.00
2014.02.03 14:02:25.499,0.89711,0.89724,1.95,1.88
2014.02.03 14:02:26.033,0.89711,0.89724,1.95,1.00
2014.02.03 14:02:26.542,0.89711,0.89724,1.95,1.50
2014.02.03 14:02:26.873,0.89711,0.89722,1.95,1.00
2014.02.03 14:02:29.165,0.89711,0.89724,1.95,1.00
2014.02.03 14:02:29.266,0.89711,0.89723,1.48,1.13
2014.02.03 14:02:29.368,0.8971,0.89722,1.48,1.10
2014.02.03 14:02:30.025,0.8971,0.89722,4.95,1.00
2014.02.03 14:02:30.076,0.8971,0.89725,5.70,1.88
2014.02.03 14:02:30.628,0.8971,0.89725,5.70,1.88
2014.02.03 14:02:30.996,0.8971,0.89725,5.70,1.88
2014.02.03 14:02:31.401,0.89714,0.89725,2.70,1.38
2014.02.03 14:02:31.502,0.8971,0.89724,3.45,2.63
2014.02.03 14:02:31.704,0.8971,0.89718,2.63,1.00
2014.02.03 14:02:31.755,0.89709,0.89718,1.20,1.38
2014.02.03 14:02:32.486,0.89707,0.89718,1.65,1.13
2014.02.03 14:02:32.755,0.89707,0.89718,1.50,1.38
2014.02.03 14:02:33.288,0.89707,0.89718,1.13,1.88
2014.02.03 14:02:33.915,0.89707,0.89718,1.00,1.88
2014.02.03 14:02:34.242,0.89707,0.89718,1.00,1.95
2014.02.03 14:02:34.495,0.89704,0.89718,1.50,4.95
2014.02.03 14:02:34.698,0.89703,0.89711,1.38,1.48
2014.02.03 14:02:34.850,0.89703,0.89711,1.75,1.58
2014.02.03 14:02:34.901,0.89703,0.8971,1.00,1.75
2014.02.03 14:02:34.952,0.89696,0.89703,4.35,1.38
2014.02.03 14:02:35.054,0.89695,0.89701,1.20,1.00
2014.02.03 14:02:35.155,0.89691,0.89701,2.03,1.88
2014.02.03 14:02:35.504,0.89691,0.89702,2.25,1.38
2014.02.03 14:02:36.269,0.89691,0.897,1.18,1.38
2014.02.03 14:02:36.789,0.89691,0.89695,1.00,1.13
2014.02.03 14:02:36.840,0.89687,0.89695,1.15,1.13
2014.02.03 14:02:36.892,0.89687,0.89693,1.18,1.00
2014.02.03 14:02:37.145,0.89679,0.89687,1.65,1.38
2014.02.03 14:02:37.653,0.89679,0.89686,1.00,1.13
2014.02.03 14:02:37.705,0.89679,0.89686,1.00,1.38
2014.02.03 14:02:38.616,0.89679,0.8969,1.10,2.63
2014.02.03 14:02:38.818,0.8968,0.8969,1.00,1.38
2014.02.03 14:02:38.870,0.89681,0.89693,2.33,1.88
2014.02.03 14:02:39.120,0.89682,0.8969,1.13,1.13
2014.02.03 14:02:39.171,0.89681,0.8969,3.08,1.38
2014.02.03 14:02:39.475,0.8968,0.8969,1.00,1.88
2014.02.03 14:02:39.677,0.89677,0.8969,1.00,2.70
2014.02.03 14:02:40.216,0.89677,0.8969,1.00,3.53
2014.02.03 14:02:40.586,0.89677,0.8969,1.20,1.95
2014.02.03 14:02:40.688,0.89681,0.89691,1.00,1.38
2014.02.03 14:02:41.484,0.89681,0.89693,1.48,1.38
2014.02.03 14:02:41.686,0.89683,0.89694,3.08,1.38
2014.02.03 14:02:41.838,0.89685,0.89697,2.70,1.13
2014.02.03 14:02:42.142,0.89685,0.89695,2.33,1.38
2014.02.03 14:02:42.446,0.89679,0.89693,4.20,1.38
2014.02.03 14:02:42.699,0.89679,0.89693,1.18,1.48
2014.02.03 14:02:43.215,0.89679,0.89693,1.18,1.48
2014.02.03 14:02:43.716,0.89679,0.89693,1.18,1.48
2014.02.03 14:02:44.870,0.89679,0.89693,1.18,1.48
2014.02.03 14:02:46.407,0.89679,0.89693,1.18,1.48
2014.02.03 14:02:47.770,0.89679,0.89691,1.08,1.95
2014.02.03 14:02:47.922,0.89674,0.89688,2.25,1.88
2014.02.03 14:02:47.973,0.89673,0.89688,1.50,4.20
2014.02.03 14:02:48.478,0.89673,0.89686,1.50,1.48
2014.02.03 14:02:48.630,0.89671,0.89684,1.58,1.10
2014.02.03 14:02:48.681,0.89673,0.89684,1.00,1.10
2014.02.03 14:02:50.896,0.89673,0.89684,1.18,1.00
2014.02.03 14:02:50.997,0.89673,0.89686,1.15,1.00
2014.02.03 14:02:51.200,0.89676,0.89686,1.00,1.00
2014.02.03 14:02:51.707,0.89675,0.89689,2.33,1.38
2014.02.03 14:02:52.292,0.89675,0.89689,2.33,1.88
2014.02.03 14:02:54.197,0.89675,0.89689,2.33,1.13
2014.02.03 14:02:56.599,0.89676,0.89689,1.18,1.38
2014.02.03 14:02:57.027,0.89677,0.89689,1.18,1.00
2014.02.03 14:02:57.640,0.89676,0.89689,1.18,1.00
2014.02.03 14:03:00.970,0.8968,0.89689,1.00,1.00
2014.02.03 14:03:01.072,0.89678,0.89689,1.00,1.00
2014.02.03 14:03:01.173,0.89678,0.89689,3.00,1.00
2014.02.03 14:03:01.275,0.89678,0.89689,1.10,1.00
2014.02.03 14:03:01.730,0.89676,0.89689,1.00,3.45
2014.02.03 14:03:03.705,0.89674,0.89686,3.38,1.00
2014.02.03 14:03:05.281,0.89672,0.89685,5.55,1.00
2014.02.03 14:03:08.984,0.89672,0.89682,4.95,1.00
2014.02.03 14:03:09.086,0.8967,0.89683,1.55,1.38
2014.02.03 14:03:09.752,0.89669,0.8968,1.38,1.38
2014.02.03 14:03:10.274,0.89669,0.8968,1.88,1.13
2014.02.03 14:03:11.155,0.89669,0.8968,1.88,1.38
2014.02.03 14:03:11.579,0.89666,0.8968,4.95,1.38
2014.02.03 14:03:11.630,0.89666,0.8968,3.08,1.88
2014.02.03 14:03:12.163,0.89665,0.89678,2.78,1.38
2014.02.03 14:03:12.619,0.89663,0.89675,3.08,1.38
2014.02.03 14:03:12.721,0.89661,0.89675,1.55,1.95
2014.02.03 14:03:14.016,0.89662,0.89671,1.00,1.13
2014.02.03 14:03:14.169,0.89661,0.89671,4.13,1.00
2014.02.03 14:03:14.321,0.89662,0.89674,3.08,1.38
2014.02.03 14:03:14.901,0.89662,0.89674,1.18,1.38
2014.02.03 14:03:14.952,0.89662,0.89671,1.18,1.00
2014.02.03 14:03:15.463,0.89662,0.89671,1.00,1.00
2014.02.03 14:03:16.215,0.89661,0.89671,2.70,1.00
2014.02.03 14:03:16.806,0.89663,0.89674,1.55,1.00
2014.02.03 14:03:17.804,0.89664,0.89676,1.48,1.38
2014.02.03 14:03:18.429,0.89663,0.89676,2.03,1.13
2014.02.03 14:03:18.773,0.89663,0.89676,2.03,1.00
2014.02.03 14:03:19.278,0.89665,0.89676,1.38,1.00
2014.02.03 14:03:20.236,0.89665,0.89676,1.88,1.13
2014.02.03 14:03:20.540,0.89665,0.89674,1.38,1.13
2014.02.03 14:03:20.847,0.8966,0.89672,1.91,1.00
2014.02.03 14:03:20.898,0.8966,0.89672,1.00,1.10
2014.02.03 14:03:21.444,0.8966,0.89672,1.00,1.18
2014.02.03 14:03:21.983,0.8966,0.8967,1.00,1.00
2014.02.03 14:03:23.465,0.89658,0.8967,1.13,1.38
2014.02.03 14:03:23.978,0.89657,0.89669,1.95,1.00
2014.02.03 14:03:26.257,0.89657,0.89669,2.70,1.00
2014.02.03 14:03:26.310,0.89657,0.89671,2.70,1.09
2014.02.03 14:03:26.563,0.8966,0.89671,2.21,1.00
2014.02.03 14:03:26.770,0.89662,0.89674,1.45,1.13
2014.02.03 14:03:27.370,0.89662,0.89674,1.55,1.13
2014.02.03 14:03:28.092,0.89662,0.89674,2.03,1.00
2014.02.03 14:03:28.294,0.89663,0.89676,1.48,1.20
2014.02.03 14:03:28.855,0.89663,0.89676,3.45,1.00
2014.02.03 14:03:29.418,0.89664,0.89676,2.70,1.13
2014.02.03 14:03:30.425,0.89665,0.89676,1.55,1.00
2014.02.03 14:03:31.612,0.89667,0.89679,1.38,1.00
2014.02.03 14:03:34.975,0.89672,0.89679,1.00,1.00
2014.02.03 14:03:35.026,0.89672,0.89681,1.00,1.88
2014.02.03 14:03:35.230,0.89673,0.89684,2.70,1.38
2014.02.03 14:03:35.382,0.89673,0.89684,4.20,1.00
2014.02.03 14:03:35.534,0.89674,0.89687,2.70,1.13
2014.02.03 14:03:36.115,0.89674,0.89687,3.08,1.13
2014.02.03 14:03:37.877,0.89674,0.89687,3.08,1.38
2014.02.03 14:03:38.181,0.89673,0.8968,1.00,1.88
2014.02.03 14:03:38.554,0.89666,0.89678,1.48,1.00
2014.02.03 14:03:38.707,0.89666,0.89678,1.95,1.13
2014.02.03 14:03:40.082,0.89667,0.89678,2.63,1.13
2014.02.03 14:03:40.386,0.89671,0.89683,4.20,1.88
2014.02.03 14:03:40.799,0.89673,0.89683,2.70,1.50
2014.02.03 14:03:41.585,0.89673,0.89685,4.91,1.38
2014.02.03 14:03:41.890,0.89676,0.89687,3.45,1.13
2014.02.03 14:03:46.082,0.89676,0.89688,3.83,1.13
2014.02.03 14:03:48.261,0.89676,0.89688,3.45,1.38
2014.02.03 14:03:48.362,0.89676,0.89686,1.00,1.38
2014.02.03 14:03:57.584,0.89678,0.89688,1.10,1.38
2014.02.03 14:03:57.686,0.89679,0.89688,1.38,1.00
2014.02.03 14:03:57.787,0.8968,0.8969,1.48,1.00
2014.02.03 14:03:57.889,0.8968,0.8969,1.48,1.00
2014.02.03 14:04:00.648,0.8968,0.89688,1.13,1.50
2014.02.03 14:04:00.953,0.89676,0.89685,1.50,1.00
2014.02.03 14:04:01.483,0.89676,0.89688,1.50,1.95
2014.02.03 14:04:02.312,0.89676,0.89686,1.58,1.00
2014.02.03 14:04:03.427,0.89677,0.89688,1.38,1.13
2014.02.03 14:04:04.018,0.89676,0.89687,1.95,1.00
2014.02.03 14:04:05.942,0.89676,0.89686,1.95,1.00
2014.02.03 14:04:06.350,0.89676,0.89686,2.25,1.38
2014.02.03 14:04:06.994,0.89676,0.89684,1.00,1.00
2014.02.03 14:04:07.642,0.89676,0.89685,1.00,1.13
2014.02.03 14:04:12.434,0.89674,0.89685,1.95,1.00
2014.02.03 14:04:13.045,0.89674,0.89686,1.95,1.50
2014.02.03 14:04:15.078,0.89674,0.89686,5.70,1.88
2014.02.03 14:04:15.589,0.89674,0.89686,4.95,1.88
2014.02.03 14:04:17.391,0.89674,0.89682,1.88,1.00
2014.02.03 14:04:17.442,0.89674,0.89682,1.50,1.13
2014.02.03 14:04:17.544,0.89674,0.89679,1.00,1.00
2014.02.03 14:04:17.595,0.89672,0.89679,1.13,1.00
2014.02.03 14:04:17.646,0.8967,0.89677,1.50,1.55
2014.02.03 14:04:17.848,0.89663,0.89674,1.38,1.80
2014.02.03 14:04:17.950,0.89662,0.8967,1.48,1.00
2014.02.03 14:04:19.186,0.8966,0.8967,2.63,1.00
2014.02.03 14:04:19.477,0.89661,0.89673,1.55,1.13
2014.02.03 14:04:20.946,0.89661,0.89673,1.38,1.20
2014.02.03 14:04:23.772,0.89661,0.89673,2.03,1.00
2014.02.03 14:04:27.854,0.89661,0.89671,1.13,1.38
2014.02.03 14:04:28.158,0.89662,0.8967,1.38,1.00
2014.02.03 14:04:28.259,0.89662,0.89672,1.55,1.00
2014.02.03 14:04:36.863,0.8966,0.89672,1.48,1.00
2014.02.03 14:04:38.907,0.8966,0.89672,1.38,1.20
2014.02.03 14:04:41.659,0.89658,0.89669,2.03,1.00
2014.02.03 14:04:43.235,0.89658,0.89669,2.03,1.00
2014.02.03 14:04:43.639,0.89658,0.89669,1.95,1.00
2014.02.03 14:04:44.213,0.89658,0.89669,1.88,1.00
2014.02.03 14:04:48.638,0.89657,0.89667,2.55,1.00
2014.02.03 14:04:50.496,0.89657,0.89665,1.80,1.00
2014.02.03 14:04:51.882,0.89657,0.89665,1.80,1.00
2014.02.03 14:04:55.623,0.89657,0.89665,1.80,1.00
2014.02.03 14:04:57.659,0.89654,0.89665,3.45,1.00
2014.02.03 14:04:57.963,0.89652,0.89659,1.88,1.00
2014.02.03 14:04:58.721,0.89651,0.89659,1.38,1.00
2014.02.03 14:04:59.190,0.89653,0.89662,2.03,1.00
2014.02.03 14:04:59.393,0.89655,0.89665,2.03,1.00
2014.02.03 14:04:59.494,0.89655,0.89667,2.78,1.00
2014.02.03 14:05:00.206,0.89657,0.89667,2.70,1.00
2014.02.03 14:05:01.429,0.89655,0.89667,1.55,1.60
2014.02.03 14:05:01.480,0.89654,0.89661,3.45,1.00
2014.02.03 14:05:01.632,0.89652,0.89658,1.00,1.00
2014.02.03 14:05:01.885,0.89648,0.89658,4.20,1.00
2014.02.03 14:05:08.153,0.8965,0.89658,1.48,1.00
2014.02.03 14:05:08.254,0.8965,0.89658,1.48,1.00
2014.02.03 14:05:08.759,0.8965,0.8966,4.13,1.00
2014.02.03 14:05:09.088,0.8965,0.8966,1.95,1.00
2014.02.03 14:05:09.138,0.8965,0.8966,1.95,1.00
2014.02.03 14:05:09.917,0.89651,0.8966,1.55,1.00
2014.02.03 14:05:10.535,0.89651,0.8966,1.55,1.00
2014.02.03 14:05:13.048,0.8965,0.89659,1.38,1.00
2014.02.03 14:05:13.251,0.89653,0.89661,1.00,1.00
2014.02.03 14:05:14.699,0.89653,0.89663,1.95,1.00
2014.02.03 14:05:15.203,0.89654,0.89663,2.63,1.00
2014.02.03 14:05:16.513,0.89653,0.89663,2.70,1.13
2014.02.03 14:05:16.777,0.8965,0.89661,1.18,1.38
2014.02.03 14:05:17.316,0.8965,0.8966,1.20,1.13
2014.02.03 14:05:18.652,0.8965,0.8966,3.38,1.13
2014.02.03 14:05:19.056,0.89652,0.89662,3.38,1.38
2014.02.03 14:05:23.153,0.89652,0.89662,3.08,1.38
2014.02.03 14:05:27.921,0.89651,0.89662,1.18,1.38
2014.02.03 14:05:32.193,0.89653,0.8966,1.38,1.00
2014.02.03 14:05:32.244,0.89653,0.89662,4.20,1.00
2014.02.03 14:05:32.345,0.89655,0.89666,1.65,1.38
2014.02.03 14:05:32.396,0.89657,0.89666,1.38,1.00
2014.02.03 14:05:32.751,0.89659,0.89666,2.63,1.00
2014.02.03 14:05:34.485,0.89658,0.89666,2.70,1.00
2014.02.03 14:05:35.034,0.89657,0.89665,2.70,1.00
2014.02.03 14:05:35.624,0.89661,0.89665,1.00,1.00
2014.02.03 14:05:35.927,0.89666,0.89672,2.33,1.50
2014.02.03 14:05:36.130,0.89666,0.89675,2.70,1.00
2014.02.03 14:05:36.443,0.89665,0.89675,1.55,1.00
2014.02.03 14:05:36.786,0.89666,0.89677,4.73,1.00
2014.02.03 14:05:37.294,0.89669,0.89681,1.38,1.10
2014.02.03 14:05:37.447,0.89667,0.89679,2.03,1.00
2014.02.03 14:05:38.385,0.89667,0.89679,2.03,1.00
2014.02.03 14:05:40.033,0.89667,0.89679,2.03,1.00
2014.02.03 14:05:40.698,0.89667,0.89679,2.03,1.00
2014.02.03 14:05:41.034,0.89667,0.89679,1.28,1.38
2014.02.03 14:05:41.135,0.89667,0.89679,1.55,2.25
2014.02.03 14:05:44.878,0.89669,0.89679,1.38,1.00
2014.02.03 14:05:45.468,0.89669,0.89679,1.38,1.00
2014.02.03 14:05:46.858,0.89671,0.89679,1.38,1.00
2014.02.03 14:05:47.010,0.89671,0.89679,1.13,1.00
2014.02.03 14:05:48.840,0.89671,0.89682,1.00,1.00
2014.02.03 14:05:52.253,0.8967,0.89682,1.20,1.00
2014.02.03 14:05:54.116,0.8967,0.89682,1.20,1.38
2014.02.03 14:05:54.793,0.89669,0.89679,1.38,1.00
2014.02.03 14:06:00.502,0.89669,0.89681,1.38,1.55
2014.02.03 14:06:06.513,0.89669,0.89681,1.00,2.78
2014.02.03 14:06:09.903,0.89669,0.8968,1.00,1.48
2014.02.03 14:06:12.214,0.89669,0.8968,1.00,1.20
2014.02.03 14:06:14.667,0.89669,0.8968,1.00,1.28
2014.02.03 14:06:18.974,0.89669,0.89681,1.13,2.78
2014.02.03 14:06:21.352,0.89669,0.89681,1.00,2.78
2014.02.03 14:06:21.893,0.89669,0.8968,1.00,1.48
2014.02.03 14:06:26.171,0.89669,0.8968,1.00,1.48
2014.02.03 14:06:28.675,0.89672,0.89681,1.00,2.03
2014.02.03 14:06:28.878,0.89672,0.89682,1.13,1.10
2014.02.03 14:06:29.031,0.89674,0.89683,1.00,1.13
2014.02.03 14:06:29.336,0.89676,0.89688,1.00,3.38
2014.02.03 14:06:29.641,0.89678,0.8969,1.00,4.50
2014.02.03 14:06:30.059,0.8968,0.8969,1.00,1.58
2014.02.03 14:06:31.204,0.8968,0.8969,1.00,1.48
2014.02.03 14:06:31.532,0.8968,0.89692,1.13,5.70
2014.02.03 14:06:34.704,0.8968,0.8969,1.00,1.48
2014.02.03 14:06:39.459,0.8968,0.8969,1.00,1.48
2014.02.03 14:06:40.217,0.8968,0.8969,1.00,1.48
2014.02.03 14:06:40.547,0.89678,0.89687,1.00,1.88
2014.02.03 14:06:40.800,0.89673,0.89685,1.50,3.38
2014.02.03 14:06:41.106,0.89673,0.89685,1.50,4.20
2014.02.03 14:06:41.469,0.89671,0.8968,1.00,1.88
2014.02.03 14:06:41.778,0.89673,0.89683,1.00,1.48
2014.02.03 14:06:41.981,0.8967,0.89677,1.00,1.13
2014.02.03 14:06:42.084,0.8967,0.89675,1.00,1.00
2014.02.03 14:06:42.278,0.89668,0.89675,1.00,1.13
2014.02.03 14:06:42.379,0.89665,0.89677,1.45,1.58
2014.02.03 14:06:42.632,0.89666,0.89678,1.48,1.00
2014.02.03 14:06:43.372,0.89669,0.8968,1.38,1.38
2014.02.03 14:06:44.078,0.89671,0.8968,1.00,1.38
2014.02.03 14:06:44.670,0.89671,0.89681,1.00,3.30
2014.02.03 14:06:50.095,0.89671,0.89681,1.00,2.18
2014.02.03 14:06:50.399,0.89669,0.89674,1.00,1.20
2014.02.03 14:06:50.702,0.89672,0.89678,1.00,1.00
2014.02.03 14:06:51.056,0.89674,0.89682,1.00,1.50
2014.02.03 14:06:51.158,0.89674,0.89682,1.00,1.50
2014.02.03 14:06:51.410,0.89674,0.89684,1.00,1.00
2014.02.03 14:06:51.563,0.89674,0.89684,1.38,1.00
2014.02.03 14:06:53.822,0.89677,0.89684,1.00,1.00
2014.02.03 14:06:55.003,0.89677,0.89686,1.00,1.38
2014.02.03 14:06:55.527,0.89677,0.89686,1.00,1.38
2014.02.03 14:06:55.682,0.89675,0.89686,1.00,1.48
2014.02.03 14:06:56.189,0.89674,0.89685,1.00,1.38
2014.02.03 14:06:56.722,0.89673,0.89685,1.58,1.38
2014.02.03 14:06:57.123,0.89676,0.89686,1.00,1.38
2014.02.03 14:06:57.629,0.89675,0.89687,1.88,1.95
2014.02.03 14:06:58.642,0.89676,0.89687,1.00,2.03
2014.02.03 14:06:58.743,0.89677,0.89688,1.13,3.38
2014.02.03 14:06:58.998,0.89679,0.8969,1.00,1.38
2014.02.03 14:06:59.303,0.89681,0.8969,1.00,1.38
2014.02.03 14:06:59.863,0.89681,0.8969,1.00,1.38
2014.02.03 14:07:00.371,0.89681,0.8969,1.00,1.38
2014.02.03 14:07:01.724,0.89679,0.89688,1.00,1.20
2014.02.03 14:07:03.452,0.89679,0.89688,1.00,1.48
2014.02.03 14:07:03.603,0.89676,0.89686,1.50,1.50
2014.02.03 14:07:03.856,0.89676,0.89686,1.00,1.50
2014.02.03 14:07:04.211,0.89676,0.89686,1.00,1.58
2014.02.03 14:07:04.634,0.89675,0.89683,1.00,1.38
2014.02.03 14:07:04.685,0.89673,0.89683,1.00,1.48
2014.02.03 14:07:05.547,0.89673,0.89685,1.00,4.80
2014.02.03 14:07:05.649,0.89676,0.89685,1.38,1.00
2014.02.03 14:07:05.751,0.89676,0.89687,1.38,1.88
2014.02.03 14:07:06.258,0.89679,0.89689,1.13,1.48
2014.02.03 14:07:08.040,0.89679,0.89683,1.13,1.10
2014.02.03 14:07:08.193,0.89677,0.89686,1.00,1.55
2014.02.03 14:07:08.344,0.89675,0.89686,1.00,1.48
2014.02.03 14:07:08.445,0.89673,0.89684,1.13,1.48
2014.02.03 14:07:10.102,0.89673,0.8968,1.13,1.00
2014.02.03 14:07:10.203,0.89671,0.8968,1.00,1.73
2014.02.03 14:07:10.355,0.89671,0.89679,1.00,1.38
2014.02.03 14:07:10.406,0.89669,0.89679,1.10,1.38
2014.02.03 14:07:10.559,0.89667,0.89677,1.00,1.38
2014.02.03 14:07:11.066,0.89667,0.89678,1.38,1.38
2014.02.03 14:07:11.369,0.89667,0.89676,1.00,1.38
2014.02.03 14:07:11.702,0.89667,0.89676,1.00,1.38
2014.02.03 14:07:12.234,0.89667,0.89676,1.13,1.13
2014.02.03 14:07:12.385,0.89667,0.89674,1.13,1.00
2014.02.03 14:07:12.638,0.89665,0.89674,1.00,1.00
2014.02.03 14:07:13.093,0.89663,0.89674,1.88,1.55
2014.02.03 14:07:13.658,0.89663,0.89674,1.88,1.55
2014.02.03 14:07:14.401,0.89663,0.89672,1.38,1.00
2014.02.03 14:07:14.916,0.89663,0.89674,1.88,1.55
2014.02.03 14:07:15.232,0.89665,0.89676,1.00,1.48
2014.02.03 14:07:15.651,0.89665,0.89676,1.00,1.48
2014.02.03 14:07:15.955,0.89665,0.89674,1.00,1.48
2014.02.03 14:07:16.815,0.89662,0.89674,1.00,4.58
2014.02.03 14:07:17.018,0.89659,0.89669,1.38,1.00
2014.02.03 14:07:17.730,0.89659,0.89669,1.38,1.00
2014.02.03 14:07:18.262,0.8966,0.89669,1.38,1.00
2014.02.03 14:07:18.863,0.8966,0.89669,1.13,1.00
2014.02.03 14:07:19.523,0.89661,0.89671,1.00,1.48
2014.02.03 14:07:20.034,0.89659,0.89671,1.38,1.95
2014.02.03 14:07:20.563,0.89661,0.89671,1.00,1.48
2014.02.03 14:07:20.867,0.89659,0.89669,1.13,1.65
2014.02.03 14:07:21.081,0.89657,0.89668,1.13,1.20
2014.02.03 14:07:21.233,0.89657,0.89666,1.00,1.38
2014.02.03 14:07:21.536,0.89655,0.89664,1.00,1.50
2014.02.03 14:07:23.233,0.89655,0.89666,1.00,4.20
2014.02.03 14:07:23.783,0.89655,0.89666,1.00,4.95
2014.02.03 14:07:24.252,0.89657,0.89666,1.00,2.63
2014.02.03 14:07:25.101,0.89657,0.89664,1.00,1.13
2014.02.03 14:07:25.252,0.89654,0.89664,1.55,1.13
2014.02.03 14:07:25.505,0.89659,0.89667,1.00,2.25
2014.02.03 14:07:25.839,0.89659,0.89671,1.00,1.45
2014.02.03 14:07:26.488,0.89661,0.89672,1.00,4.20
2014.02.03 14:07:26.970,0.89661,0.89672,1.00,1.55
2014.02.03 14:07:27.476,0.89661,0.89673,1.10,1.38
2014.02.03 14:07:30.323,0.89661,0.89673,1.10,1.38
2014.02.03 14:07:30.866,0.89661,0.89671,1.00,1.48
2014.02.03 14:07:30.982,0.89659,0.89671,1.88,1.95
2014.02.03 14:07:31.969,0.89662,0.89671,1.00,1.55
2014.02.03 14:07:32.322,0.8966,0.89671,1.20,1.45
2014.02.03 14:07:33.533,0.89662,0.89671,1.00,1.55
2014.02.03 14:07:33.635,0.8966,0.89671,1.13,1.55
2014.02.03 14:07:33.950,0.8966,0.89671,1.00,3.45
2014.02.03 14:07:34.584,0.8966,0.89672,1.50,1.95
2014.02.03 14:07:35.088,0.8966,0.89671,1.50,2.70
2014.02.03 14:07:36.686,0.89658,0.89669,1.00,3.45
2014.02.03 14:07:37.189,0.89657,0.89668,1.00,1.48
2014.02.03 14:07:37.722,0.89657,0.89666,1.00,1.48
2014.02.03 14:07:38.320,0.89657,0.89666,1.00,1.95
2014.02.03 14:07:38.624,0.89657,0.89666,1.00,1.95
2014.02.03 14:07:38.776,0.89654,0.89663,1.00,1.48
2014.02.03 14:07:38.928,0.89652,0.89663,1.13,1.48
2014.02.03 14:07:40.110,0.89652,0.89663,1.38,1.48
2014.02.03 14:07:42.055,0.89652,0.89662,1.00,1.38
2014.02.03 14:07:42.106,0.8965,0.8966,1.88,1.55
2014.02.03 14:07:42.208,0.89647,0.89659,1.88,3.45
2014.02.03 14:07:42.512,0.89645,0.89657,1.50,2.03
2014.02.03 14:07:42.765,0.89643,0.89654,1.00,1.55
2014.02.03 14:07:42.866,0.89641,0.89653,1.00,1.48
2014.02.03 14:07:43.330,0.89639,0.89651,1.58,1.13
2014.02.03 14:07:43.431,0.89639,0.89649,1.58,1.38
2014.02.03 14:07:43.533,0.89636,0.89647,1.18,1.00
2014.02.03 14:07:43.672,0.89636,0.89646,1.00,1.48
2014.02.03 14:07:43.725,0.89632,0.89643,1.95,1.38
2014.02.03 14:07:43.877,0.89631,0.89642,1.18,1.38
2014.02.03 14:07:44.080,0.89627,0.89641,2.78,1.48
2014.02.03 14:07:44.232,0.89627,0.89638,2.25,1.48
2014.02.03 14:07:44.485,0.89624,0.89635,1.00,1.38
2014.02.03 14:07:44.637,0.89621,0.89633,2.33,1.38
2014.02.03 14:07:45.771,0.89621,0.89633,2.70,1.13
2014.02.03 14:07:46.291,0.89621,0.89635,2.70,2.63
2014.02.03 14:07:46.655,0.89624,0.89635,1.38,1.13
2014.02.03 14:07:46.757,0.89624,0.89637,4.05,1.13
2014.02.03 14:07:46.859,0.89625,0.89638,3.45,1.00
2014.02.03 14:07:48.482,0.89626,0.89638,3.45,1.00
2014.02.03 14:07:48.857,0.8963,0.89638,1.38,1.00
2014.02.03 14:07:48.908,0.8963,0.8964,1.38,1.00
2014.02.03 14:07:49.368,0.89628,0.8964,4.05,1.50
2014.02.03 14:07:51.541,0.89628,0.89639,4.05,1.00
2014.02.03 14:07:53.121,0.89628,0.89642,1.88,1.95
2014.02.03 14:07:53.618,0.89628,0.8964,1.13,1.00
2014.02.03 14:07:54.295,0.89628,0.8964,1.13,1.00
2014.02.03 14:07:56.103,0.89628,0.8964,1.13,1.38
2014.02.03 14:07:59.066,0.89627,0.8964,2.70,1.00
2014.02.03 14:08:01.260,0.89628,0.89639,1.55,1.13
2014.02.03 14:08:03.735,0.89629,0.89639,2.70,1.13
2014.02.03 14:08:05.771,0.89629,0.8964,2.70,1.38
2014.02.03 14:08:06.241,0.89628,0.8964,1.48,1.38
2014.02.03 14:08:06.743,0.89628,0.8964,1.20,1.38
2014.02.03 14:08:06.844,0.89626,0.89636,3.38,1.00
2014.02.03 14:08:07.368,0.89623,0.89636,4.95,1.13
2014.02.03 14:08:07.898,0.89623,0.89636,4.95,1.38
2014.02.03 14:08:08.202,0.89621,0.89633,2.78,1.00
2014.02.03 14:08:08.722,0.89621,0.89633,1.38,1.95
2014.02.03 14:08:09.370,0.89621,0.89633,1.38,1.95
2014.02.03 14:08:10.780,0.8962,0.89631,1.00,1.38
2014.02.03 14:08:11.331,0.89619,0.8963,1.13,1.00
2014.02.03 14:08:12.076,0.89617,0.8963,2.25,1.48
2014.02.03 14:08:12.402,0.89616,0.89629,2.25,2.03
2014.02.03 14:08:12.907,0.89616,0.89627,2.25,1.38
2014.02.03 14:08:13.498,0.89612,0.89627,2.03,1.95
2014.02.03 14:08:14.000,0.89612,0.89625,2.03,1.38
2014.02.03 14:08:14.674,0.89612,0.89622,1.55,1.00
2014.02.03 14:08:15.230,0.89609,0.89622,1.95,1.10
2014.02.03 14:08:18.096,0.89611,0.89623,1.55,1.13
2014.02.03 14:08:18.147,0.89611,0.89624,1.55,1.13
2014.02.03 14:08:18.697,0.89612,0.89626,1.48,1.55
2014.02.03 14:08:19.210,0.89613,0.89626,1.55,1.00
2014.02.03 14:08:20.506,0.89618,0.89627,1.00,1.00
2014.02.03 14:08:20.709,0.89618,0.89629,1.13,1.10
2014.02.03 14:08:20.861,0.89616,0.89629,1.48,1.10
2014.02.03 14:08:21.934,0.89622,0.89629,1.00,1.10
2014.02.03 14:08:22.036,0.89622,0.89632,1.13,1.65
2014.02.03 14:08:22.199,0.89622,0.89632,1.38,1.18
2014.02.03 14:08:22.351,0.89622,0.89634,1.48,1.00
2014.02.03 14:08:22.912,0.89622,0.89634,1.48,1.13
2014.02.03 14:08:23.335,0.89625,0.89634,1.00,1.13
2014.02.03 14:08:24.650,0.89624,0.89634,1.00,1.13
2014.02.03 14:08:26.011,0.89623,0.89634,1.13,1.13
2014.02.03 14:08:26.314,0.89621,0.89634,1.55,1.88
2014.02.03 14:08:26.926,0.89621,0.89634,3.45,1.88
2014.02.03 14:08:27.500,0.89621,0.89634,1.55,1.88
2014.02.03 14:08:30.297,0.89621,0.89634,1.55,1.88
2014.02.03 14:08:30.600,0.89626,0.89634,1.00,1.38
2014.02.03 14:08:30.903,0.89628,0.89634,1.13,1.00
2014.02.03 14:08:31.207,0.89626,0.89636,1.71,1.00
2014.02.03 14:08:31.257,0.89629,0.89639,1.38,1.65
2014.02.03 14:08:31.789,0.89627,0.89639,1.38,1.13
2014.02.03 14:08:32.336,0.89627,0.89639,1.38,1.38
2014.02.03 14:08:32.850,0.89628,0.89641,1.20,1.38
2014.02.03 14:08:32.901,0.89628,0.89641,1.20,1.13
2014.02.03 14:08:34.145,0.89628,0.89639,1.20,1.00
2014.02.03 14:08:34.355,0.89628,0.89639,1.20,1.13
2014.02.03 14:08:36.972,0.89627,0.89639,2.03,1.00
2014.02.03 14:08:37.421,0.89627,0.89639,1.55,1.13
2014.02.03 14:08:37.522,0.89624,0.89638,6.04,1.38
2014.02.03 14:08:37.826,0.89624,0.89639,3.79,1.55
2014.02.03 14:08:38.079,0.89624,0.89639,3.79,1.55
2014.02.03 14:08:39.470,0.89624,0.89639,3.79,1.28
2014.02.03 14:08:39.773,0.89629,0.89641,2.40,1.00
2014.02.03 14:08:39.925,0.89633,0.89644,1.00,1.13
2014.02.03 14:08:40.177,0.89634,0.89645,1.38,1.50
2014.02.03 14:08:40.711,0.89636,0.89646,1.38,1.00
2014.02.03 14:08:40.963,0.89638,0.89649,1.38,1.00
2014.02.03 14:08:41.014,0.89638,0.89649,1.38,1.00
2014.02.03 14:08:41.318,0.89644,0.89654,1.48,1.50
2014.02.03 14:08:41.520,0.89645,0.89656,1.38,1.50
2014.02.03 14:08:41.571,0.89645,0.89656,1.38,1.50
2014.02.03 14:08:41.874,0.89649,0.89658,1.38,1.00
2014.02.03 14:08:42.061,0.89649,0.8966,1.38,1.20
2014.02.03 14:08:43.133,0.89648,0.89661,1.55,2.25
2014.02.03 14:08:44.202,0.89648,0.89661,1.55,2.25
2014.02.03 14:08:46.603,0.89653,0.89661,1.00,1.00
2014.02.03 14:08:47.148,0.89652,0.89661,1.38,1.00
2014.02.03 14:08:49.963,0.89651,0.89663,2.63,1.28
2014.02.03 14:08:51.095,0.89651,0.89663,2.70,1.10
2014.02.03 14:08:51.348,0.89651,0.89663,3.45,1.00
2014.02.03 14:08:51.853,0.89651,0.89663,1.88,1.18
2014.02.03 14:08:51.904,0.89652,0.89663,1.84,1.10
2014.02.03 14:08:52.160,0.89654,0.89666,1.38,1.18
2014.02.03 14:08:52.685,0.89654,0.89666,2.89,1.00
2014.02.03 14:08:53.280,0.89654,0.89666,3.64,1.00
2014.02.03 14:08:53.657,0.89654,0.89666,3.64,1.00
2014.02.03 14:08:54.050,0.89654,0.89666,3.64,1.00
2014.02.03 14:08:54.804,0.89655,0.89668,1.13,1.18
2014.02.03 14:08:55.312,0.89656,0.89668,1.50,1.00
2014.02.03 14:08:55.921,0.89656,0.89668,1.50,1.13
2014.02.03 14:08:56.449,0.89656,0.89668,1.38,1.00
2014.02.03 14:08:56.960,0.89656,0.89671,1.88,3.45
2014.02.03 14:08:59.225,0.89664,0.89671,1.00,2.33
2014.02.03 14:08:59.680,0.89664,0.89672,1.00,1.00
2014.02.03 14:08:59.961,0.8966,0.89671,1.48,1.00
2014.02.03 14:09:00.712,0.8966,0.89672,1.48,1.00
2014.02.03 14:09:01.406,0.8966,0.89672,1.48,1.00
2014.02.03 14:09:04.096,0.8966,0.89673,1.95,1.58
2014.02.03 14:09:05.245,0.89661,0.89673,1.00,1.20
2014.02.03 14:09:05.347,0.8966,0.89671,1.48,1.00
2014.02.03 14:09:05.877,0.8966,0.89673,1.48,1.95
2014.02.03 14:09:06.431,0.8966,0.89671,1.48,1.00
2014.02.03 14:09:06.871,0.8966,0.89671,1.48,1.00
2014.02.03 14:09:06.973,0.89661,0.89673,2.48,1.10
2014.02.03 14:09:07.126,0.89663,0.89675,2.48,2.33
2014.02.03 14:09:07.328,0.89663,0.89677,2.63,1.20
2014.02.03 14:09:07.834,0.89663,0.89675,1.88,1.00
2014.02.03 14:09:08.417,0.89663,0.89675,1.88,1.00
2014.02.03 14:09:08.724,0.89665,0.89677,1.88,1.10
2014.02.03 14:09:09.055,0.89666,0.89679,1.05,1.10
2014.02.03 14:09:09.364,0.8967,0.89681,1.38,1.50
2014.02.03 14:09:09.516,0.8967,0.89681,1.38,1.50
2014.02.03 14:09:16.214,0.8967,0.89681,1.38,1.00
2014.02.03 14:09:17.291,0.89669,0.8968,1.73,1.00
2014.02.03 14:09:17.394,0.89668,0.8968,1.48,1.13
2014.02.03 14:09:17.445,0.89668,0.89679,1.38,3.83
2014.02.03 14:09:18.025,0.89665,0.89677,2.48,1.10
2014.02.03 14:09:18.348,0.89662,0.89669,2.63,1.00
2014.02.03 14:09:18.500,0.8966,0.89669,1.75,1.00
2014.02.03 14:09:18.601,0.89658,0.89669,1.55,1.00
2014.02.03 14:09:18.703,0.89659,0.89669,2.70,1.00
2014.02.03 14:09:19.364,0.89659,0.89668,2.70,1.00
2014.02.03 14:09:23.119,0.89659,0.89671,2.70,1.88
2014.02.03 14:09:23.658,0.89656,0.89671,2.63,2.70
2014.02.03 14:09:24.170,0.89656,0.8967,1.88,1.13
2014.02.03 14:09:28.892,0.89655,0.89668,5.70,1.00
2014.02.03 14:09:29.197,0.89653,0.89662,1.38,1.28
2014.02.03 14:09:29.451,0.89649,0.8966,1.38,1.88
2014.02.03 14:09:31.182,0.89651,0.8966,1.00,1.38
2014.02.03 14:09:31.233,0.89651,0.89663,1.65,1.13
2014.02.03 14:09:31.511,0.89655,0.89664,1.48,1.00
2014.02.03 14:09:31.664,0.89656,0.89667,2.85,1.00
2014.02.03 14:09:31.867,0.89656,0.8967,3.68,1.48
2014.02.03 14:09:31.969,0.89656,0.89667,3.68,1.00
2014.02.03 14:09:32.568,0.89656,0.89667,3.68,1.00
2014.02.03 14:09:33.229,0.89656,0.89667,3.30,1.00
2014.02.03 14:09:34.161,0.89659,0.89669,1.38,1.00
2014.02.03 14:09:36.073,0.89657,0.89669,1.50,1.38
2014.02.03 14:09:36.494,0.89655,0.89669,1.65,1.88
2014.02.03 14:09:36.797,0.89657,0.89669,1.38,1.38
2014.02.03 14:09:37.498,0.89655,0.89669,1.65,1.88
2014.02.03 14:09:37.865,0.89657,0.89669,1.38,1.38
2014.02.03 14:09:40.148,0.89659,0.89669,1.38,1.13
2014.02.03 14:09:40.689,0.89661,0.89669,1.00,1.13
2014.02.03 14:09:40.993,0.89664,0.89674,1.48,1.00
2014.02.03 14:09:41.247,0.89666,0.89677,1.38,1.10
2014.02.03 14:09:41.651,0.89666,0.89677,1.13,1.38
2014.02.03 14:09:42.292,0.89665,0.89677,1.65,1.00
2014.02.03 14:09:42.343,0.89665,0.89679,2.40,1.20
2014.02.03 14:09:42.860,0.89666,0.8968,3.45,1.13
2014.02.03 14:09:43.498,0.89666,0.8968,3.45,1.88
2014.02.03 14:09:43.903,0.89665,0.89677,2.25,1.48
2014.02.03 14:09:43.954,0.89664,0.89677,1.10,2.08
2014.02.03 14:09:44.466,0.89662,0.89672,1.88,1.13
2014.02.03 14:09:45.429,0.89662,0.89672,1.13,1.38
2014.02.03 14:09:45.959,0.8966,0.89672,1.38,2.03
2014.02.03 14:09:47.629,0.89658,0.89672,2.70,2.63
2014.02.03 14:09:47.832,0.89658,0.89668,2.63,1.00
2014.02.03 14:09:47.883,0.89656,0.89667,2.03,1.38
2014.02.03 14:09:47.985,0.89655,0.89665,1.00,1.38
2014.02.03 14:09:48.491,0.89653,0.89663,1.95,1.13
2014.02.03 14:09:49.091,0.89653,0.89663,1.95,1.00
2014.02.03 14:09:51.610,0.89653,0.89662,1.48,1.00
2014.02.03 14:09:51.812,0.89648,0.8966,3.83,1.88
2014.02.03 14:09:52.291,0.89648,0.89659,2.48,1.38
2014.02.03 14:09:52.745,0.89649,0.89659,2.33,1.38
2014.02.03 14:09:53.464,0.89649,0.8966,2.33,1.38
2014.02.03 14:09:53.970,0.89651,0.89662,1.18,1.50
2014.02.03 14:09:54.548,0.89649,0.8966,3.45,1.88
2014.02.03 14:09:54.700,0.89649,0.89658,3.08,1.38
2014.02.03 14:09:57.332,0.89651,0.8966,1.10,1.00
2014.02.03 14:09:57.385,0.89651,0.89661,3.83,1.13
2014.02.03 14:09:57.689,0.89651,0.89663,3.83,1.38
2014.02.03 14:09:57.841,0.89651,0.89663,1.58,1.38
2014.02.03 14:09:58.303,0.8965,0.89661,1.55,1.38
2014.02.03 14:09:58.988,0.8965,0.89661,1.28,1.38
2014.02.03 14:10:00.197,0.89651,0.89661,2.70,1.38
2014.02.03 14:10:00.298,0.89652,0.89663,2.70,1.00
2014.02.03 14:10:00.400,0.89654,0.89663,2.63,1.00
2014.02.03 14:10:00.502,0.89656,0.89665,1.10,1.88
2014.02.03 14:10:00.603,0.89658,0.89665,1.00,1.13
2014.02.03 14:10:01.158,0.89658,0.89666,1.13,1.00
2014.02.03 14:10:01.463,0.89658,0.89667,1.38,1.00
2014.02.03 14:10:01.568,0.89658,0.89669,3.38,1.10
2014.02.03 14:10:01.720,0.89659,0.89671,3.45,1.13
2014.02.03 14:10:01.822,0.89661,0.89672,3.30,1.88
2014.02.03 14:10:02.126,0.89667,0.89679,1.45,1.83
2014.02.03 14:10:02.178,0.89667,0.89679,1.45,1.08
2014.02.03 14:10:02.464,0.89669,0.89681,1.20,1.13
2014.02.03 14:10:02.902,0.89667,0.89679,3.45,1.00
2014.02.03 14:10:08.018,0.89669,0.89679,1.10,1.38
2014.02.03 14:10:08.119,0.89667,0.89678,1.00,1.38
2014.02.03 14:10:08.221,0.89665,0.89676,1.50,1.38
2014.02.03 14:10:08.568,0.89663,0.89674,1.00,1.13
2014.02.03 14:10:09.721,0.89663,0.89672,1.13,1.00
2014.02.03 14:10:09.924,0.8966,0.89672,1.95,1.38
2014.02.03 14:10:09.974,0.8966,0.89669,1.48,1.00
2014.02.03 14:10:10.991,0.89661,0.89669,1.38,1.00
2014.02.03 14:10:11.144,0.89661,0.89672,2.03,1.38
2014.02.03 14:10:11.296,0.89664,0.89675,1.00,4.20
2014.02.03 14:10:14.959,0.89664,0.89675,1.00,4.20
2014.02.03 14:10:15.765,0.89661,0.89671,1.00,1.48
2014.02.03 14:10:15.816,0.89661,0.89671,1.00,4.20
2014.02.03 14:10:15.918,0.89658,0.8967,1.00,2.78
2014.02.03 14:10:16.425,0.89657,0.89668,1.00,1.55
2014.02.03 14:10:18.489,0.89657,0.89668,1.00,2.33
2014.02.03 14:10:18.793,0.89657,0.89669,3.83,1.88
2014.02.03 14:10:19.046,0.89661,0.89673,1.95,1.38
2014.02.03 14:10:19.557,0.89663,0.89675,1.00,2.03
2014.02.03 14:10:19.659,0.89665,0.89675,1.00,1.13
2014.02.03 14:10:19.912,0.89665,0.89676,1.00,1.48
2014.02.03 14:10:24.461,0.89665,0.89674,1.00,1.38
2014.02.03 14:10:24.859,0.89665,0.89674,1.00,1.20
2014.02.03 14:10:25.639,0.89665,0.89674,1.00,1.48
2014.02.03 14:10:25.892,0.89665,0.89674,1.00,1.48
2014.02.03 14:10:27.640,0.89662,0.89674,1.00,2.70
2014.02.03 14:10:28.191,0.89662,0.89674,1.13,1.95
2014.02.03 14:10:35.587,0.89662,0.89674,1.13,1.95
2014.02.03 14:10:35.935,0.89662,0.89674,1.38,1.10
2014.02.03 14:10:36.239,0.89668,0.89678,1.00,1.58
2014.02.03 14:10:36.543,0.89668,0.89678,1.38,1.10
2014.02.03 14:10:37.665,0.89668,0.8968,1.88,1.18
2014.02.03 14:10:38.126,0.89668,0.8968,1.50,1.48
2014.02.03 14:10:38.532,0.89666,0.89678,1.10,1.48
2014.02.03 14:10:38.684,0.89666,0.89678,1.00,1.48
2014.02.03 14:10:39.452,0.89666,0.89678,1.00,1.48
2014.02.03 14:10:39.705,0.89662,0.89673,1.88,1.73
2014.02.03 14:10:39.908,0.89662,0.89672,1.13,1.05
2014.02.03 14:10:40.207,0.8966,0.89672,1.38,1.43
2014.02.03 14:10:40.511,0.8967,0.89679,1.50,1.13
2014.02.03 14:10:41.022,0.8967,0.89682,1.38,1.95
2014.02.03 14:10:41.181,0.8967,0.89678,1.38,1.00
2014.02.03 14:10:42.288,0.8967,0.89676,1.38,1.00
2014.02.03 14:10:42.491,0.89665,0.89671,1.00,1.00
2014.02.03 14:10:42.889,0.89662,0.89671,1.13,1.13
2014.02.03 14:10:43.427,0.89662,0.89671,1.38,1.00
2014.02.03 14:10:44.216,0.89662,0.89672,1.13,1.88
2014.02.03 14:10:46.681,0.89662,0.89673,1.13,1.13
2014.02.03 14:10:47.232,0.89662,0.89672,1.13,1.00
2014.02.03 14:10:47.435,0.89662,0.89674,1.38,1.20
2014.02.03 14:10:47.851,0.89665,0.89675,1.88,2.33
2014.02.03 14:10:48.471,0.89665,0.89675,1.38,1.95
2014.02.03 14:10:51.267,0.89668,0.89677,1.00,1.48
2014.02.03 14:10:52.242,0.89668,0.89677,1.00,1.38
2014.02.03 14:10:52.394,0.89666,0.89674,1.00,1.13
2014.02.03 14:10:52.597,0.89668,0.89674,1.00,1.13
2014.02.03 14:10:52.749,0.89668,0.89676,1.00,1.13
2014.02.03 14:10:53.276,0.89668,0.89677,1.13,1.13
2014.02.03 14:10:55.014,0.89671,0.89677,1.13,1.00
2014.02.03 14:10:55.065,0.89671,0.8968,1.13,1.00
2014.02.03 14:10:55.594,0.89671,0.8968,1.38,1.00
2014.02.03 14:10:55.696,0.89673,0.89683,1.38,1.58
2014.02.03 14:10:56.201,0.89673,0.89683,1.00,1.20
2014.02.03 14:10:59.224,0.89673,0.89683,1.00,1.38
2014.02.03 14:10:59.826,0.89673,0.89683,1.00,1.13
2014.02.03 14:10:59.978,0.89673,0.89685,1.38,1.95
2014.02.03 14:11:00.080,0.89673,0.89685,1.48,1.50
2014.02.03 14:11:00.383,0.89673,0.89685,1.48,1.00
2014.02.03 14:11:00.484,0.89676,0.89687,1.48,1.00
2014.02.03 14:11:00.636,0.89679,0.89689,1.38,1.10
2014.02.03 14:11:00.738,0.89679,0.89691,1.38,3.68
2014.02.03 14:11:02.599,0.89679,0.89691,1.38,2.93
2014.02.03 14:11:08.577,0.89682,0.89693,1.13,3.45
2014.02.03 14:11:09.396,0.89682,0.89694,1.13,4.20
2014.02.03 14:11:10.598,0.89682,0.89694,1.38,4.20
2014.02.03 14:11:14.684,0.89682,0.89694,1.48,1.13
2014.02.03 14:11:15.223,0.89684,0.89695,1.00,1.95
2014.02.03 14:11:15.847,0.89684,0.89695,1.00,1.95
2014.02.03 14:11:18.895,0.89686,0.89695,1.00,1.88
2014.02.03 14:11:19.718,0.89686,0.89695,1.00,1.88
2014.02.03 14:11:20.290,0.89686,0.89696,1.00,1.13
2014.02.03 14:11:21.238,0.89686,0.89696,1.00,1.28
2014.02.03 14:11:25.011,0.89686,0.89694,1.00,1.00
2014.02.03 14:11:25.913,0.89686,0.89694,1.00,1.38
2014.02.03 14:11:26.222,0.89686,0.89696,1.00,1.55
2014.02.03 14:11:26.791,0.89686,0.89695,1.00,2.33
2014.02.03 14:11:27.095,0.89681,0.89687,1.00,1.38
2014.02.03 14:11:27.348,0.89679,0.89688,1.00,1.38
2014.02.03 14:11:27.753,0.89679,0.89688,1.13,1.13
2014.02.03 14:11:27.804,0.89682,0.89688,1.00,1.13
2014.02.03 14:11:29.599,0.89682,0.89689,1.00,1.38
2014.02.03 14:11:29.903,0.89678,0.89684,1.00,1.38
2014.02.03 14:11:30.447,0.89678,0.89684,1.00,1.38
2014.02.03 14:11:30.998,0.89678,0.89688,1.00,1.38
2014.02.03 14:11:31.511,0.89678,0.89684,1.00,1.38
2014.02.03 14:11:32.603,0.89678,0.89689,1.00,1.95
2014.02.03 14:11:32.654,0.8968,0.89689,1.00,1.48
2014.02.03 14:11:32.806,0.8968,0.89689,1.00,1.48
2014.02.03 14:11:32.857,0.89683,0.89689,1.00,1.48
2014.02.03 14:11:38.109,0.89683,0.89691,1.00,1.38
2014.02.03 14:11:38.445,0.89685,0.89691,1.00,1.38
2014.02.03 14:11:39.307,0.89685,0.89691,1.00,1.38
2014.02.03 14:11:40.031,0.89688,0.89693,1.00,1.38
2014.02.03 14:11:40.285,0.8969,0.89698,1.00,1.88
2014.02.03 14:11:40.593,0.89688,0.89696,1.00,1.20
2014.02.03 14:11:40.971,0.89688,0.89694,1.00,1.38
2014.02.03 14:11:41.274,0.8969,0.89694,1.00,1.00
2014.02.03 14:11:41.324,0.89688,0.89694,1.00,1.38
2014.02.03 14:11:41.477,0.8969,0.89694,1.00,1.00
2014.02.03 14:11:42.114,0.89687,0.89694,1.00,1.38
2014.02.03 14:11:42.699,0.89682,0.8969,2.70,1.00
2014.02.03 14:11:42.901,0.89685,0.89692,1.00,1.38
2014.02.03 14:11:43.305,0.89681,0.89689,1.18,1.38
2014.02.03 14:11:44.992,0.8968,0.89688,2.33,1.13
2014.02.03 14:11:46.688,0.89678,0.89685,1.10,1.00
2014.02.03 14:11:46.839,0.89682,0.89688,1.00,1.50
2014.02.03 14:11:46.941,0.8968,0.89685,1.00,1.38
2014.02.03 14:11:47.487,0.89674,0.89683,1.48,1.00
2014.02.03 14:11:47.588,0.89677,0.89683,1.00,1.13
2014.02.03 14:11:47.740,0.89672,0.89683,1.18,1.88
2014.02.03 14:11:48.043,0.89671,0.89677,2.25,1.00
2014.02.03 14:11:48.146,0.89674,0.89679,1.00,1.13
2014.02.03 14:11:48.349,0.89674,0.89679,1.00,1.88
2014.02.03 14:11:51.588,0.89674,0.89682,1.00,3.00
2014.02.03 14:11:53.008,0.89674,0.89682,1.00,3.00
2014.02.03 14:11:53.343,0.89676,0.89684,1.00,1.55
2014.02.03 14:11:53.444,0.89676,0.89684,1.00,1.13
2014.02.03 14:11:53.697,0.89676,0.89683,1.00,2.33
2014.02.03 14:11:54.779,0.89674,0.89682,1.00,1.55
2014.02.03 14:11:56.162,0.89674,0.89682,1.00,1.13
2014.02.03 14:11:56.668,0.89674,0.89679,1.00,1.00
2014.02.03 14:11:57.112,0.89674,0.89682,1.00,1.13
2014.02.03 14:11:57.264,0.8967,0.89676,2.70,1.00
2014.02.03 14:11:57.568,0.89669,0.89674,1.00,1.38
2014.02.03 14:11:57.670,0.8967,0.89675,2.18,1.38
2014.02.03 14:11:57.721,0.89667,0.89675,1.00,2.63
2014.02.03 14:11:59.010,0.89667,0.89676,1.00,1.50
2014.02.03 14:11:59.672,0.89667,0.89676,1.13,1.13
2014.02.03 14:11:59.723,0.89669,0.89676,1.00,1.13
2014.02.03 14:12:00.259,0.89669,0.89675,1.00,1.50
2014.02.03 14:12:00.844,0.89669,0.89674,1.00,1.00
2014.02.03 14:12:01.761,0.89669,0.89674,1.00,1.38
2014.02.03 14:12:01.913,0.89667,0.89672,1.00,1.00
2014.02.03 14:12:02.573,0.89667,0.89671,1.00,1.00
2014.02.03 14:12:03.046,0.89667,0.89673,1.00,1.13
2014.02.03 14:12:03.486,0.89667,0.89671,1.00,1.00
2014.02.03 14:12:04.055,0.89667,0.89674,1.00,1.00
2014.02.03 14:12:04.207,0.8967,0.89674,1.00,1.00
2014.02.03 14:12:04.410,0.8967,0.89678,1.00,1.13
2014.02.03 14:12:04.461,0.89673,0.89678,1.00,1.13
2014.02.03 14:12:04.773,0.89675,0.8968,1.00,1.00
2014.02.03 14:12:05.280,0.89675,0.89682,1.00,1.38
2014.02.03 14:12:06.126,0.89675,0.8968,1.00,1.00
2014.02.03 14:12:07.037,0.89669,0.89678,2.70,1.13
2014.02.03 14:12:07.088,0.89673,0.89678,1.00,1.13
2014.02.03 14:12:08.899,0.89673,0.89681,1.00,1.88
2014.02.03 14:12:13.209,0.89673,0.89681,1.00,2.48
2014.02.03 14:12:13.461,0.89673,0.89683,1.88,1.60
2014.02.03 14:12:14.043,0.89675,0.89683,1.00,1.60
2014.02.03 14:12:16.525,0.89675,0.89683,1.00,1.00
2014.02.03 14:12:16.778,0.89677,0.89685,1.38,3.00
2014.02.03 14:12:17.309,0.89677,0.89685,1.13,3.75
2014.02.03 14:12:18.284,0.89677,0.89685,1.00,1.88
2014.02.03 14:12:18.875,0.89677,0.89684,1.00,1.38
2014.02.03 14:12:19.442,0.89677,0.89684,1.00,1.13
2014.02.03 14:12:19.492,0.89675,0.89684,1.00,1.88
2014.02.03 14:12:19.543,0.89675,0.89682,1.00,1.00
2014.02.03 14:12:21.690,0.89675,0.89684,1.00,1.35
2014.02.03 14:12:24.021,0.89677,0.89684,1.00,1.00
2014.02.03 14:12:24.326,0.89679,0.89687,1.00,2.10
2014.02.03 14:12:24.377,0.89677,0.89687,1.20,1.50
2014.02.03 14:12:24.579,0.89677,0.89687,1.00,4.80
2014.02.03 14:12:24.883,0.89677,0.89684,1.00,1.88
2014.02.03 14:12:25.563,0.89677,0.89685,1.00,1.38
2014.02.03 14:12:26.181,0.89677,0.89686,1.00,1.38
2014.02.03 14:12:27.181,0.89677,0.89687,1.38,2.18
2014.02.03 14:12:27.528,0.89684,0.89689,1.00,1.13
2014.02.03 14:12:29.146,0.89684,0.89688,1.00,1.00
2014.02.03 14:12:31.098,0.89679,0.89686,2.70,1.00
2014.02.03 14:12:31.301,0.89681,0.89685,1.10,1.00
2014.02.03 14:12:35.855,0.89681,0.89688,1.00,1.38
2014.02.03 14:12:37.214,0.89679,0.89686,1.00,1.88
2014.02.03 14:12:37.315,0.89677,0.89686,1.00,1.88
2014.02.03 14:12:37.568,0.89674,0.89684,1.13,1.88
2014.02.03 14:12:38.116,0.89674,0.89682,1.00,1.13
2014.02.03 14:12:41.384,0.89672,0.89682,1.00,1.88
2014.02.03 14:12:42.708,0.89674,0.89682,1.00,1.13
2014.02.03 14:12:43.011,0.89676,0.89685,1.10,1.00
2014.02.03 14:12:43.062,0.89679,0.89685,1.00,1.00
2014.02.03 14:12:43.663,0.89679,0.89688,1.00,1.38
2014.02.03 14:12:43.880,0.89679,0.89686,1.00,1.20
2014.02.03 14:12:43.932,0.89675,0.89686,1.00,2.03
2014.02.03 14:12:44.388,0.89675,0.8968,1.00,1.00
2014.02.03 14:12:44.641,0.89673,0.89682,1.00,1.95
2014.02.03 14:12:45.147,0.89673,0.89682,1.00,1.38
2014.02.03 14:12:45.880,0.89668,0.89682,2.33,1.38
2014.02.03 14:12:46.032,0.89668,0.89679,1.10,1.88
2014.02.03 14:12:46.133,0.89666,0.89676,1.58,1.38
2014.02.03 14:12:46.688,0.89668,0.89678,1.00,1.73
2014.02.03 14:12:47.206,0.89668,0.89676,1.00,1.13
2014.02.03 14:12:47.408,0.89668,0.89678,1.13,1.88
2014.02.03 14:12:47.560,0.8967,0.89678,1.00,1.13
2014.02.03 14:12:47.864,0.8967,0.89679,1.00,1.73
2014.02.03 14:12:47.965,0.8967,0.89678,1.00,1.10
2014.02.03 14:12:48.218,0.89671,0.89679,1.00,1.55
2014.02.03 14:12:48.472,0.89668,0.89678,1.10,1.38
2014.02.03 14:12:48.623,0.89668,0.89678,1.00,1.48
2014.02.03 14:12:50.859,0.89668,0.89678,1.00,1.48
2014.02.03 14:12:51.391,0.89668,0.89678,1.00,1.95
2014.02.03 14:12:57.005,0.89666,0.89676,1.00,1.38
2014.02.03 14:12:58.126,0.89666,0.89676,1.00,1.38
2014.02.03 14:13:00.373,0.89666,0.89676,1.00,1.38
2014.02.03 14:13:01.237,0.89666,0.89676,1.00,1.38
2014.02.03 14:13:03.529,0.89668,0.89676,1.00,1.58
2014.02.03 14:13:03.732,0.89671,0.89677,1.00,1.28
2014.02.03 14:13:04.036,0.89673,0.89682,1.00,3.45
2014.02.03 14:13:05.495,0.89673,0.89682,1.38,3.08
2014.02.03 14:13:08.455,0.89671,0.89682,1.38,1.08
2014.02.03 14:13:09.141,0.89671,0.89682,1.38,1.00
2014.02.03 14:13:13.647,0.89672,0.89682,1.38,1.00
2014.02.03 14:13:13.748,0.89673,0.89684,1.38,1.00
2014.02.03 14:13:14.660,0.89673,0.89684,1.38,1.00
2014.02.03 14:13:15.118,0.89675,0.89686,1.95,1.00
2014.02.03 14:13:16.088,0.89679,0.89686,1.13,1.00
2014.02.03 14:13:16.291,0.89679,0.89689,1.38,1.00
2014.02.03 14:13:19.248,0.89683,0.89689,1.00,1.00
2014.02.03 14:13:21.768,0.89681,0.89689,1.00,1.13
2014.02.03 14:13:21.971,0.89681,0.89689,1.00,1.38
2014.02.03 14:13:22.122,0.89678,0.89688,1.20,1.98
2014.02.03 14:13:22.174,0.89678,0.89687,1.10,1.98
2014.02.03 14:13:22.377,0.89675,0.89686,1.13,1.05
2014.02.03 14:13:22.879,0.89675,0.89686,1.00,1.05
2014.02.03 14:13:26.237,0.89675,0.89686,1.38,1.05
2014.02.03 14:13:26.389,0.89678,0.89686,1.00,1.05
2014.02.03 14:13:26.491,0.89675,0.89686,1.00,1.80
2014.02.03 14:13:28.115,0.89674,0.89686,1.88,1.20
2014.02.03 14:13:28.419,0.89676,0.89688,1.55,1.88
2014.02.03 14:13:28.918,0.89676,0.89687,1.55,2.48
2014.02.03 14:13:32.166,0.89676,0.89685,1.38,1.00
2014.02.03 14:13:32.575,0.89676,0.89685,1.00,1.38
2014.02.03 14:13:39.098,0.89679,0.89685,1.00,1.38
2014.02.03 14:13:39.200,0.89682,0.89688,1.13,3.08
2014.02.03 14:13:39.301,0.89683,0.8969,1.00,1.00
2014.02.03 14:13:39.605,0.89679,0.89689,1.13,1.73
2014.02.03 14:13:40.148,0.8968,0.89689,1.38,1.35
2014.02.03 14:13:40.502,0.8968,0.89692,1.48,2.63
2014.02.03 14:13:41.165,0.89684,0.89694,1.38,1.00
2014.02.03 14:13:41.472,0.89684,0.89694,1.38,1.00
2014.02.03 14:13:41.915,0.89684,0.89694,1.38,1.00
2014.02.03 14:13:42.218,0.89687,0.89697,1.38,1.50
2014.02.03 14:13:42.691,0.89688,0.89699,1.95,1.13
2014.02.03 14:13:42.947,0.89686,0.89691,2.25,1.00
2014.02.03 14:13:43.206,0.89686,0.89695,2.25,4.13
2014.02.03 14:13:43.309,0.89683,0.89695,1.88,4.20
2014.02.03 14:13:43.462,0.89686,0.89696,1.38,1.50
2014.02.03 14:13:43.817,0.89686,0.89698,1.55,1.13
2014.02.03 14:13:44.327,0.89686,0.89696,1.48,1.00
2014.02.03 14:13:44.687,0.89684,0.89696,1.95,1.88
2014.02.03 14:13:44.991,0.89687,0.89698,2.25,1.00
2014.02.03 14:13:45.317,0.8969,0.89698,1.38,1.00
2014.02.03 14:13:45.627,0.8969,0.897,1.38,1.00
2014.02.03 14:13:46.316,0.89689,0.89699,1.38,1.00
2014.02.03 14:13:46.468,0.89688,0.89699,1.10,2.48
2014.02.03 14:13:46.672,0.89686,0.89698,1.00,1.55
2014.02.03 14:13:47.127,0.89684,0.89695,1.00,1.73
2014.02.03 14:13:47.430,0.89681,0.89692,1.18,1.38
2014.02.03 14:13:48.424,0.8968,0.8969,2.33,1.38
2014.02.03 14:13:48.627,0.8968,0.89691,4.95,1.00
2014.02.03 14:13:49.601,0.89682,0.89693,1.48,1.38
2014.02.03 14:13:49.753,0.89683,0.89693,2.70,1.00
2014.02.03 14:13:50.270,0.89683,0.89694,3.45,1.00
2014.02.03 14:13:50.321,0.89683,0.89694,1.55,1.38
2014.02.03 14:13:52.414,0.89683,0.89694,1.28,1.38
2014.02.03 14:13:53.039,0.89682,0.89691,1.95,1.00
2014.02.03 14:13:53.557,0.89683,0.89693,1.00,1.38
2014.02.03 14:13:53.709,0.89682,0.89692,2.33,1.00
2014.02.03 14:13:53.960,0.89683,0.89692,1.13,1.38
2014.02.03 14:13:54.162,0.8968,0.89689,1.20,1.13
2014.02.03 14:13:54.567,0.89682,0.89688,1.00,1.00
2014.02.03 14:13:54.668,0.89683,0.89691,1.13,1.38
2014.02.03 14:13:54.719,0.89682,0.89691,3.00,1.00
2014.02.03 14:13:55.262,0.89682,0.89691,2.25,1.00
2014.02.03 14:13:58.535,0.89683,0.89693,1.50,1.00
2014.02.03 14:13:59.021,0.89685,0.89693,1.38,1.00
2014.02.03 14:13:59.075,0.89685,0.89695,1.38,1.00
2014.02.03 14:13:59.502,0.89686,0.89697,2.70,1.00
2014.02.03 14:14:02.314,0.89686,0.89697,2.70,1.00
2014.02.03 14:14:02.823,0.89686,0.89697,2.70,1.00
2014.02.03 14:14:03.141,0.89685,0.89695,1.65,1.00
2014.02.03 14:14:03.689,0.89685,0.89697,2.40,1.88
2014.02.03 14:14:04.292,0.89686,0.89697,1.38,1.88
2014.02.03 14:14:04.620,0.89686,0.89695,1.38,1.00
2014.02.03 14:14:06.154,0.89691,0.89695,1.00,1.00
2014.02.03 14:14:06.204,0.89691,0.89697,1.00,1.00
2014.02.03 14:14:06.710,0.89688,0.89697,1.48,1.00
2014.02.03 14:14:07.258,0.89688,0.89697,1.48,1.00
2014.02.03 14:14:07.760,0.89688,0.89697,1.13,1.13
2014.02.03 14:14:08.262,0.89687,0.89697,1.58,1.00
2014.02.03 14:14:10.566,0.89689,0.89697,1.48,1.00
2014.02.03 14:14:10.718,0.89689,0.89699,3.45,1.00
2014.02.03 14:14:11.263,0.89689,0.897,4.20,1.38
2014.02.03 14:14:11.364,0.89689,0.89698,1.20,1.13
2014.02.03 14:14:12.443,0.89688,0.89698,1.28,1.38
2014.02.03 14:14:19.219,0.89687,0.89697,3.08,1.38
2014.02.03 14:14:19.523,0.89686,0.89693,1.20,1.00
2014.02.03 14:14:19.877,0.89686,0.89696,1.88,1.00
2014.02.03 14:14:20.383,0.89687,0.89697,1.13,1.00
2014.02.03 14:14:21.756,0.89687,0.89697,1.88,1.00
2014.02.03 14:14:21.858,0.8969,0.89697,1.00,1.00
2014.02.03 14:14:24.046,0.8969,0.89699,1.38,1.10
2014.02.03 14:14:24.399,0.89692,0.89699,1.38,1.00
2014.02.03 14:14:24.501,0.89692,0.89702,1.38,1.13
2014.02.03 14:14:25.809,0.89692,0.89702,1.13,1.38
2014.02.03 14:14:26.373,0.8969,0.897,1.38,1.00
2014.02.03 14:14:26.474,0.8969,0.897,1.00,1.48
2014.02.03 14:14:26.525,0.89687,0.89699,3.08,1.38
2014.02.03 14:14:26.829,0.89687,0.89699,3.38,1.48
2014.02.03 14:14:27.371,0.89687,0.89697,2.63,1.13
2014.02.03 14:14:29.390,0.89687,0.89697,2.25,1.00
2014.02.03 14:14:29.838,0.89687,0.89697,2.25,2.85
2014.02.03 14:14:29.940,0.89685,0.89695,1.00,3.30
2014.02.03 14:14:30.042,0.89683,0.89694,1.13,1.88
2014.02.03 14:14:30.093,0.89687,0.89694,1.00,1.88
2014.02.03 14:14:30.144,0.89687,0.89694,1.13,1.00
2014.02.03 14:14:30.246,0.89687,0.89692,1.20,1.00
2014.02.03 14:14:30.398,0.89687,0.89696,1.20,1.13
2014.02.03 14:14:30.915,0.89687,0.89696,1.00,1.38
2014.02.03 14:14:33.400,0.89688,0.89696,1.00,1.38
2014.02.03 14:14:35.002,0.89688,0.89696,1.00,1.38
2014.02.03 14:14:35.103,0.89687,0.89694,1.00,1.38
2014.02.03 14:14:35.204,0.89687,0.89694,1.50,1.13
2014.02.03 14:14:38.208,0.89687,0.89694,1.38,1.00
2014.02.03 14:14:39.087,0.89688,0.89694,1.00,1.00
2014.02.03 14:14:39.615,0.89686,0.89694,1.13,1.00
2014.02.03 14:14:40.590,0.89685,0.89694,1.38,1.00
2014.02.03 14:14:44.046,0.89685,0.89694,1.38,1.00
2014.02.03 14:14:49.166,0.89685,0.89694,1.00,1.38
2014.02.03 14:14:49.712,0.89683,0.89694,1.55,1.38
2014.02.03 14:14:51.642,0.89683,0.89691,1.55,1.00
2014.02.03 14:14:51.743,0.8968,0.89691,1.48,1.88
2014.02.03 14:14:51.895,0.89685,0.89691,1.38,1.00
2014.02.03 14:14:52.047,0.89685,0.89694,1.38,1.00
2014.02.03 14:14:52.420,0.89689,0.89694,1.00,1.00
2014.02.03 14:14:52.622,0.89689,0.89696,1.00,1.00
2014.02.03 14:14:53.077,0.89687,0.89696,1.50,1.00
2014.02.03 14:14:53.482,0.89687,0.89698,1.38,1.88
2014.02.03 14:14:53.633,0.89688,0.89698,1.10,1.38
2014.02.03 14:14:54.948,0.89688,0.89698,1.10,1.38
2014.02.03 14:14:55.383,0.89688,0.89698,1.48,1.00
2014.02.03 14:14:56.071,0.89689,0.89701,1.28,1.88
2014.02.03 14:14:58.161,0.89689,0.89701,1.55,1.88
2014.02.03 14:14:59.896,0.89689,0.89701,1.28,1.88
2014.02.03 14:15:00.431,0.89689,0.89701,1.28,1.88
2014.02.03 14:15:01.080,0.89689,0.89701,1.28,1.88
2014.02.03 14:15:01.879,0.89689,0.89701,1.28,1.88
2014.02.03 14:15:02.444,0.89688,0.89698,1.48,1.00
2014.02.03 14:15:02.495,0.89689,0.89701,1.38,1.50
2014.02.03 14:15:03.061,0.89689,0.89701,1.38,1.88
2014.02.03 14:15:03.399,0.89693,0.89701,1.00,1.00
2014.02.03 14:15:04.918,0.89694,0.89701,1.00,1.00
2014.02.03 14:15:05.599,0.89691,0.89701,1.38,1.00
2014.02.03 14:15:10.478,0.89691,0.89701,1.13,1.13
2014.02.03 14:15:12.596,0.89692,0.89702,1.00,1.38
2014.02.03 14:15:13.294,0.89692,0.89701,1.00,1.38
2014.02.03 14:15:14.509,0.89692,0.89699,1.00,2.25
2014.02.03 14:15:14.668,0.89688,0.89699,1.50,3.45
2014.02.03 14:15:19.842,0.89688,0.89692,1.00,1.00
2014.02.03 14:15:19.994,0.89685,0.89692,1.00,1.13
2014.02.03 14:15:20.449,0.89682,0.89694,1.13,1.48
2014.02.03 14:15:25.917,0.89684,0.89694,1.13,1.48
2014.02.03 14:15:26.580,0.89685,0.89697,1.13,2.63
2014.02.03 14:15:27.655,0.89685,0.89695,1.00,1.38
2014.02.03 14:15:27.908,0.89682,0.89694,1.13,1.48
2014.02.03 14:15:28.441,0.89682,0.89694,1.00,1.48
2014.02.03 14:15:29.124,0.89686,0.89694,1.00,1.48
2014.02.03 14:15:29.226,0.89688,0.89697,1.00,1.08
2014.02.03 14:15:29.753,0.89687,0.89697,1.13,1.00
2014.02.03 14:15:30.279,0.89688,0.89697,1.00,1.00
2014.02.03 14:15:30.873,0.89691,0.89697,1.00,1.00
2014.02.03 14:15:30.975,0.89687,0.89696,1.00,1.38
2014.02.03 14:15:31.480,0.89687,0.89698,1.10,1.38
2014.02.03 14:15:31.975,0.89687,0.89699,1.00,2.70
2014.02.03 14:15:32.541,0.89687,0.89699,1.00,2.70
2014.02.03 14:15:34.304,0.89687,0.89699,1.00,2.70
2014.02.03 14:15:36.835,0.89687,0.89699,1.13,2.70
2014.02.03 14:15:37.495,0.89687,0.89699,1.38,2.33
2014.02.03 14:15:38.350,0.89689,0.89699,1.00,1.50
2014.02.03 14:15:38.856,0.89687,0.89699,1.55,2.25
2014.02.03 14:15:39.672,0.89687,0.89699,1.13,2.70
2014.02.03 14:15:41.282,0.89687,0.89697,1.13,1.10
2014.02.03 14:15:41.535,0.89684,0.89696,1.38,1.50
2014.02.03 14:15:42.251,0.89684,0.89696,4.13,1.50
2014.02.03 14:15:42.528,0.89687,0.89699,1.13,2.63
2014.02.03 14:15:43.117,0.89687,0.89699,1.00,2.78
2014.02.03 14:15:43.849,0.89687,0.89699,1.00,5.70
2014.02.03 14:15:44.396,0.89685,0.89696,1.38,1.00
2014.02.03 14:15:45.219,0.89685,0.89696,1.38,1.00
2014.02.03 14:15:45.742,0.89685,0.89697,1.88,1.20
2014.02.03 14:15:46.968,0.89685,0.89697,1.88,1.10
2014.02.03 14:15:48.165,0.89691,0.89697,1.00,1.10
2014.02.03 14:15:49.612,0.89689,0.89697,1.13,1.10
2014.02.03 14:15:49.714,0.89691,0.89697,1.00,1.10
2014.02.03 14:15:53.856,0.89688,0.89697,1.38,1.10
2014.02.03 14:15:54.380,0.89688,0.89697,1.13,1.20
2014.02.03 14:15:57.946,0.89686,0.89697,1.13,1.95
2014.02.03 14:15:58.264,0.89685,0.89697,1.00,2.03
2014.02.03 14:15:58.567,0.89683,0.89691,1.13,1.08
2014.02.03 14:15:58.669,0.8968,0.89691,1.00,1.20
2014.02.03 14:15:59.122,0.8968,0.89691,1.00,3.30
2014.02.03 14:15:59.173,0.89678,0.89687,1.00,1.35
2014.02.03 14:15:59.274,0.89676,0.89687,1.13,1.80
2014.02.03 14:15:59.375,0.89676,0.89687,1.00,4.05
2014.02.03 14:15:59.814,0.89675,0.89683,1.13,1.00
2014.02.03 14:16:01.413,0.89674,0.89683,1.13,1.13
2014.02.03 14:16:01.735,0.89671,0.89683,1.95,1.38
2014.02.03 14:16:03.513,0.89671,0.89683,2.70,1.38
2014.02.03 14:16:05.494,0.89671,0.89683,4.95,1.00
2014.02.03 14:16:05.545,0.89675,0.89685,1.38,1.00
2014.02.03 14:16:06.088,0.89677,0.89689,1.95,1.88
2014.02.03 14:16:06.291,0.89677,0.89689,1.00,6.30
2014.02.03 14:16:06.392,0.89675,0.89687,1.13,1.88
2014.02.03 14:16:06.493,0.89675,0.89687,1.38,2.63
2014.02.03 14:16:06.954,0.89677,0.89688,1.38,1.18
2014.02.03 14:16:07.056,0.89678,0.8969,1.38,1.50
2014.02.03 14:16:11.459,0.89678,0.89688,2.63,2.70
2014.02.03 14:16:11.994,0.89678,0.89687,1.13,1.28
2014.02.03 14:16:17.966,0.89675,0.89686,1.88,2.33
2014.02.03 14:16:18.017,0.89675,0.89685,1.88,1.18
2014.02.03 14:16:18.068,0.89672,0.89681,1.38,1.18
2014.02.03 14:16:18.119,0.89672,0.89681,1.13,1.28
2014.02.03 14:16:18.170,0.8967,0.8968,1.38,2.33
2014.02.03 14:16:18.322,0.8967,0.89679,1.50,2.70
2014.02.03 14:16:18.524,0.89668,0.8968,1.50,1.55
2014.02.03 14:16:18.676,0.89665,0.89677,1.38,2.63
2014.02.03 14:16:18.878,0.89662,0.89673,1.50,1.73
2014.02.03 14:16:19.081,0.8966,0.8967,1.20,1.00
2014.02.03 14:16:19.603,0.8966,0.8967,1.13,1.88
2014.02.03 14:16:22.394,0.89659,0.8967,1.13,1.88
2014.02.03 14:16:22.962,0.89656,0.89668,1.88,1.95
2014.02.03 14:16:24.024,0.89656,0.89668,1.50,1.95
2014.02.03 14:16:24.277,0.89653,0.89665,1.88,1.48
2014.02.03 14:16:25.613,0.89653,0.89663,1.00,1.45
2014.02.03 14:16:25.866,0.8965,0.89662,1.88,1.48
2014.02.03 14:16:27.682,0.8965,0.89662,1.50,1.48
2014.02.03 14:16:29.010,0.89648,0.89658,1.55,1.13
2014.02.03 14:16:29.061,0.89647,0.89658,2.33,1.88
2014.02.03 14:16:29.365,0.89646,0.89658,1.00,1.95
2014.02.03 14:16:29.965,0.89646,0.89658,1.88,1.95
2014.02.03 14:16:30.169,0.89647,0.89658,1.20,1.38
2014.02.03 14:16:30.702,0.89647,0.89658,1.00,1.48
2014.02.03 14:16:31.006,0.89646,0.89658,1.00,4.20
2014.02.03 14:16:31.545,0.89646,0.89658,1.00,4.20
2014.02.03 14:16:32.360,0.89646,0.89658,1.00,4.20
2014.02.03 14:16:32.865,0.89647,0.89658,1.00,4.20
2014.02.03 14:16:35.257,0.89648,0.89658,1.00,4.20
2014.02.03 14:16:35.368,0.89646,0.89658,1.00,4.20
2014.02.03 14:16:35.419,0.89646,0.89658,1.00,4.20
2014.02.03 14:16:36.233,0.89646,0.89653,1.00,1.48
2014.02.03 14:16:36.830,0.89645,0.89655,1.00,3.45
2014.02.03 14:16:41.261,0.89645,0.89655,1.00,3.45
2014.02.03 14:16:41.312,0.89641,0.89655,1.00,4.20
2014.02.03 14:16:41.455,0.89641,0.89651,1.00,1.48
2014.02.03 14:16:41.762,0.89643,0.89651,1.00,1.95
2014.02.03 14:16:41.813,0.89643,0.89651,1.00,1.95
2014.02.03 14:16:41.965,0.89646,0.89651,1.00,1.20
2014.02.03 14:16:42.562,0.89646,0.89653,1.00,5.70
2014.02.03 14:16:43.942,0.89644,0.89653,1.00,1.38
2014.02.03 14:16:46.125,0.89644,0.89653,1.00,1.38
2014.02.03 14:16:46.735,0.89644,0.89653,1.00,1.38
2014.02.03 14:16:47.303,0.89644,0.89653,1.00,1.38
2014.02.03 14:16:47.404,0.89644,0.89653,1.00,4.20
2014.02.03 14:16:47.506,0.8964,0.8965,1.00,1.38
2014.02.03 14:16:47.760,0.89639,0.8965,1.00,4.20
2014.02.03 14:16:47.812,0.89636,0.8965,1.88,4.20
2014.02.03 14:16:47.862,0.89636,0.89648,1.50,1.48
2014.02.03 14:16:48.435,0.89636,0.89648,1.50,1.48
2014.02.03 14:16:48.949,0.89637,0.89648,1.00,1.58
2014.02.03 14:16:49.906,0.89637,0.89646,1.00,1.20
2014.02.03 14:16:50.515,0.89637,0.89646,1.00,2.03
2014.02.03 14:16:51.038,0.89637,0.89646,1.00,4.20
2014.02.03 14:16:51.364,0.89637,0.89646,1.00,4.20
2014.02.03 14:16:51.683,0.89635,0.89646,1.00,4.20
2014.02.03 14:16:52.344,0.89635,0.89646,1.00,4.20
2014.02.03 14:16:53.955,0.89633,0.89646,1.00,4.95
2014.02.03 14:16:54.296,0.89635,0.89646,1.00,4.20
2014.02.03 14:16:54.939,0.89635,0.89646,1.00,4.20
2014.02.03 14:16:56.262,0.89636,0.89646,1.00,4.20
2014.02.03 14:16:57.362,0.89635,0.89646,1.00,4.20
2014.02.03 14:16:57.522,0.89633,0.89646,1.00,4.95
2014.02.03 14:16:58.210,0.89633,0.89641,1.00,3.45
2014.02.03 14:16:58.514,0.89632,0.89638,1.00,1.38
2014.02.03 14:16:58.818,0.89623,0.89635,1.20,1.38
2014.02.03 14:16:58.869,0.89623,0.89635,1.95,1.38
2014.02.03 14:16:58.920,0.89623,0.89635,1.95,1.13
2014.02.03 14:16:59.224,0.89627,0.89638,2.70,1.13
2014.02.03 14:16:59.477,0.89629,0.89642,3.45,1.88
2014.02.03 14:16:59.679,0.8963,0.89642,2.63,1.00
2014.02.03 14:17:00.201,0.89632,0.89642,1.13,1.00
2014.02.03 14:17:00.718,0.89632,0.89642,1.48,1.00
2014.02.03 14:17:01.126,0.8963,0.89642,1.38,2.70
2014.02.03 14:17:01.632,0.89629,0.8964,1.38,1.20
2014.02.03 14:17:02.162,0.89631,0.89642,1.38,1.95
2014.02.03 14:17:02.679,0.89628,0.8964,1.48,1.13
2014.02.03 14:17:03.084,0.89628,0.8964,1.38,1.48
2014.02.03 14:17:03.408,0.89628,0.8964,1.38,1.20
2014.02.03 14:17:05.486,0.89631,0.89642,1.00,1.55
2014.02.03 14:17:06.211,0.89631,0.89642,1.00,1.33
2014.02.03 14:17:06.544,0.89634,0.89642,1.00,1.33
2014.02.03 14:17:07.581,0.89634,0.89642,1.00,1.55
2014.02.03 14:17:08.191,0.89633,0.89642,1.00,1.55
2014.02.03 14:17:08.684,0.89631,0.8964,1.00,1.38
2014.02.03 14:17:08.992,0.89626,0.8964,3.00,1.95
2014.02.03 14:17:09.094,0.89626,0.8964,3.00,2.70
2014.02.03 14:17:09.195,0.89626,0.8964,1.10,4.28
2014.02.03 14:17:09.453,0.89631,0.8964,1.00,3.53
2014.02.03 14:17:09.758,0.89633,0.89642,1.00,3.38
2014.02.03 14:17:12.051,0.89634,0.89642,1.00,1.48
2014.02.03 14:17:12.304,0.89631,0.89642,1.00,1.95
2014.02.03 14:17:12.861,0.89631,0.8964,1.13,1.20
2014.02.03 14:17:12.963,0.89633,0.8964,1.00,1.20
2014.02.03 14:17:14.141,0.89634,0.89642,1.00,1.48
2014.02.03 14:17:14.612,0.89628,0.89638,1.55,1.35
2014.02.03 14:17:14.713,0.89627,0.89637,2.18,1.38
2014.02.03 14:17:14.815,0.89625,0.89636,1.00,1.48
2014.02.03 14:17:15.391,0.89624,0.89636,1.00,1.55
2014.02.03 14:17:15.903,0.89624,0.89634,1.00,1.38
2014.02.03 14:17:16.572,0.89624,0.89634,1.00,1.55
2014.02.03 14:17:17.107,0.89625,0.89634,1.00,3.45
2014.02.03 14:17:17.803,0.89625,0.89634,1.00,3.45
2014.02.03 14:17:18.108,0.89627,0.89634,1.00,3.83
2014.02.03 14:17:18.159,0.89622,0.89634,1.13,3.45
2014.02.03 14:17:18.261,0.89627,0.89635,1.00,2.33
2014.02.03 14:17:18.626,0.89632,0.89639,1.00,3.45
2014.02.03 14:17:18.778,0.89629,0.89637,1.00,1.48
2014.02.03 14:17:19.362,0.89629,0.89637,1.00,1.38
2014.02.03 14:17:19.464,0.89625,0.89637,1.08,1.88
2014.02.03 14:17:19.987,0.89625,0.89637,1.00,1.88
2014.02.03 14:17:20.877,0.89625,0.89637,1.00,1.88
2014.02.03 14:17:21.104,0.89625,0.89637,1.00,1.95
2014.02.03 14:17:22.573,0.89625,0.89634,1.00,1.38
2014.02.03 14:17:22.987,0.89623,0.89633,1.00,1.50
2014.02.03 14:17:23.705,0.89623,0.89633,1.00,1.58
2014.02.03 14:17:25.775,0.89623,0.89633,1.00,1.38
2014.02.03 14:17:27.305,0.89623,0.89632,1.00,1.68
2014.02.03 14:17:27.356,0.89621,0.89631,1.20,1.38
2014.02.03 14:17:27.457,0.89623,0.89632,1.00,1.73
2014.02.03 14:17:27.997,0.89624,0.8963,1.00,1.00
2014.02.03 14:17:28.475,0.89623,0.89628,1.00,1.00
2014.02.03 14:17:28.577,0.89621,0.8963,1.10,1.38
2014.02.03 14:17:28.627,0.89619,0.8963,2.25,1.38
2014.02.03 14:17:28.981,0.89622,0.8963,1.00,1.38
2014.02.03 14:17:29.517,0.89622,0.8963,1.00,1.38
2014.02.03 14:17:30.024,0.89622,0.8963,1.00,1.38
2014.02.03 14:17:30.714,0.89622,0.8963,1.13,1.00
2014.02.03 14:17:31.220,0.89623,0.8963,1.00,1.00
2014.02.03 14:17:32.654,0.8962,0.89628,1.55,1.00
2014.02.03 14:17:33.011,0.8962,0.89625,1.38,1.00
2014.02.03 14:17:33.916,0.89617,0.89625,1.18,1.38
2014.02.03 14:17:34.220,0.89611,0.89622,1.55,1.38
2014.02.03 14:17:34.271,0.89611,0.89622,1.55,1.38
2014.02.03 14:17:34.768,0.89611,0.89619,1.48,1.00
2014.02.03 14:17:35.359,0.89608,0.89619,3.38,1.48
2014.02.03 14:17:35.410,0.89608,0.89617,1.38,1.73
2014.02.03 14:17:35.461,0.89604,0.89616,2.70,1.73
2014.02.03 14:17:35.815,0.89603,0.89615,3.45,1.50
2014.02.03 14:17:35.917,0.89603,0.89615,3.45,2.25
2014.02.03 14:17:36.307,0.89601,0.89613,1.55,1.00
2014.02.03 14:17:36.876,0.89601,0.89613,1.55,1.00
2014.02.03 14:17:37.180,0.89608,0.89617,1.38,1.73
2014.02.03 14:17:37.483,0.89604,0.89613,1.38,1.00
2014.02.03 14:17:37.534,0.89604,0.89613,1.38,1.00
2014.02.03 14:17:38.285,0.89601,0.89613,3.38,1.50
2014.02.03 14:17:38.336,0.89608,0.89613,1.00,1.00
2014.02.03 14:17:38.687,0.89608,0.89615,1.00,2.63
2014.02.03 14:17:39.238,0.89607,0.89615,1.00,2.63
2014.02.03 14:17:39.743,0.89605,0.89615,1.38,2.63
2014.02.03 14:17:40.030,0.89607,0.89617,1.38,2.18
2014.02.03 14:17:40.182,0.89606,0.89615,1.55,1.50
2014.02.03 14:17:40.283,0.89608,0.89617,1.48,2.10
2014.02.03 14:17:40.789,0.89607,0.89617,1.10,2.48
2014.02.03 14:17:40.941,0.89605,0.89615,3.45,2.63
2014.02.03 14:17:41.042,0.89604,0.89615,1.38,1.38
2014.02.03 14:17:41.198,0.89607,0.89615,1.00,1.13
2014.02.03 14:17:41.586,0.89607,0.89617,1.13,3.30
2014.02.03 14:17:41.687,0.89605,0.89617,1.38,3.30
2014.02.03 14:17:42.686,0.89603,0.89613,1.00,2.10
2014.02.03 14:17:43.196,0.89601,0.89612,3.45,1.13
2014.02.03 14:17:47.240,0.896,0.89613,3.45,1.73
2014.02.03 14:17:47.767,0.89605,0.89612,1.00,1.28
2014.02.03 14:17:47.973,0.89607,0.89614,1.13,1.10
2014.02.03 14:17:48.076,0.89607,0.89617,1.48,1.00
2014.02.03 14:17:48.346,0.89607,0.89617,1.00,1.38
2014.02.03 14:17:48.802,0.89604,0.89615,1.13,1.50
2014.02.03 14:17:48.853,0.89606,0.89615,1.00,2.25
2014.02.03 14:17:49.360,0.89607,0.89615,1.00,1.13
2014.02.03 14:17:49.664,0.89611,0.89617,1.00,1.00
2014.02.03 14:17:49.766,0.89611,0.89619,1.18,1.13
2014.02.03 14:17:49.867,0.89611,0.89617,1.00,1.13
2014.02.03 14:17:50.071,0.89603,0.89614,3.45,1.38
2014.02.03 14:17:50.222,0.89603,0.89614,1.10,1.38
2014.02.03 14:17:50.527,0.89601,0.89612,1.00,1.73
2014.02.03 14:17:51.074,0.89599,0.89611,1.55,1.38
2014.02.03 14:17:51.442,0.89602,0.89611,1.38,1.00
2014.02.03 14:17:51.544,0.89601,0.89612,2.70,1.30
2014.02.03 14:17:51.996,0.89601,0.89613,2.70,1.50
2014.02.03 14:17:52.300,0.89606,0.89615,2.63,1.00
2014.02.03 14:17:52.756,0.89608,0.89619,2.63,1.13
2014.02.03 14:17:53.060,0.8961,0.89619,2.70,1.00
2014.02.03 14:17:53.567,0.8961,0.89619,2.70,1.00
2014.02.03 14:17:53.669,0.89606,0.89619,3.45,1.38
2014.02.03 14:17:54.206,0.89605,0.89617,1.65,1.00
2014.02.03 14:17:54.257,0.89608,0.89619,1.38,1.20
2014.02.03 14:17:54.359,0.89611,0.89621,1.13,4.20
2014.02.03 14:17:54.460,0.89611,0.89621,1.50,3.38
2014.02.03 14:17:54.904,0.89611,0.89623,1.65,1.38
2014.02.03 14:17:55.432,0.89613,0.89623,1.50,1.00
2014.02.03 14:17:55.584,0.89616,0.89625,1.38,1.10
2014.02.03 14:17:55.686,0.89618,0.89625,1.38,1.00
2014.02.03 14:17:55.939,0.89618,0.89628,1.38,1.13
2014.02.03 14:17:56.340,0.89618,0.89629,1.48,1.00
2014.02.03 14:17:56.442,0.89618,0.89629,1.45,1.38
2014.02.03 14:17:56.644,0.89616,0.89627,2.03,1.38
2014.02.03 14:17:56.949,0.89612,0.89625,2.70,2.25
2014.02.03 14:17:57.308,0.89614,0.89624,1.48,1.00
2014.02.03 14:17:57.612,0.89614,0.8962,2.08,1.00
2014.02.03 14:17:57.764,0.8962,0.89625,1.13,1.00
2014.02.03 14:17:57.815,0.8962,0.89627,1.13,1.00
2014.02.03 14:17:57.866,0.8962,0.89627,3.75,1.00
2014.02.03 14:17:57.916,0.89621,0.89631,2.70,1.38
2014.02.03 14:17:57.967,0.89621,0.89631,3.45,1.00
2014.02.03 14:17:58.472,0.89622,0.89633,2.03,1.00
2014.02.03 14:17:59.392,0.89622,0.89633,2.03,1.00
2014.02.03 14:18:01.522,0.89624,0.89633,2.03,1.00
2014.02.03 14:18:01.674,0.89626,0.89635,3.45,1.00
2014.02.03 14:18:01.826,0.89626,0.89638,3.45,1.00
2014.02.03 14:18:02.161,0.8963,0.89641,1.38,1.44
2014.02.03 14:18:02.212,0.8963,0.89637,1.50,1.00
2014.02.03 14:18:02.415,0.8963,0.89637,1.95,1.00
2014.02.03 14:18:02.852,0.89631,0.8964,2.70,1.00
2014.02.03 14:18:03.404,0.89631,0.8964,2.70,1.00
2014.02.03 14:18:03.557,0.89631,0.8964,2.33,1.38
2014.02.03 14:18:03.710,0.89629,0.89636,1.38,1.00
2014.02.03 14:18:03.761,0.89629,0.89638,1.38,1.00
2014.02.03 14:18:03.963,0.89626,0.89636,4.20,1.00
2014.02.03 14:18:04.368,0.89628,0.89641,1.20,2.94
2014.02.03 14:18:04.520,0.89629,0.89638,3.08,1.00
2014.02.03 14:18:05.344,0.89629,0.8964,4.20,1.00
2014.02.03 14:18:05.800,0.89631,0.89638,1.50,1.00
2014.02.03 14:18:06.025,0.89631,0.89641,1.88,1.44
2014.02.03 14:18:07.612,0.89631,0.89638,4.58,1.00
2014.02.03 14:18:08.162,0.89631,0.89638,4.58,1.00
2014.02.03 14:18:08.836,0.89631,0.89638,2.40,1.00
2014.02.03 14:18:09.352,0.89629,0.89638,4.58,1.00
2014.02.03 14:18:09.708,0.89628,0.89638,1.00,1.88
2014.02.03 14:18:09.910,0.89626,0.89638,1.00,1.38
2014.02.03 14:18:10.491,0.89624,0.89635,1.95,1.38
2014.02.03 14:18:11.822,0.89624,0.89635,1.20,1.38
2014.02.03 14:18:13.201,0.89624,0.89635,1.48,1.13
2014.02.03 14:18:13.751,0.89624,0.89635,1.48,1.13
2014.02.03 14:18:14.254,0.89623,0.89635,2.40,2.63
2014.02.03 14:18:15.220,0.89623,0.89635,1.88,2.70
2014.02.03 14:18:15.771,0.89623,0.89634,1.38,1.00
2014.02.03 14:18:17.961,0.89623,0.89634,1.38,1.88
2014.02.03 14:18:18.649,0.89623,0.89634,1.48,1.50
2014.02.03 14:18:20.184,0.89622,0.89634,2.03,1.88
2014.02.03 14:18:20.436,0.89623,0.89632,3.45,1.00
2014.02.03 14:18:21.864,0.89623,0.89634,3.45,1.50
2014.02.03 14:18:22.381,0.89623,0.89634,3.45,1.50
2014.02.03 14:18:22.900,0.89621,0.89632,2.03,1.00
2014.02.03 14:18:22.951,0.89621,0.89632,2.03,1.00
2014.02.03 14:18:23.412,0.89621,0.89632,3.45,1.38
2014.02.03 14:18:23.716,0.89618,0.8963,3.38,1.38
2014.02.03 14:18:23.825,0.89618,0.8963,1.20,1.38
2014.02.03 14:18:24.487,0.89617,0.89627,1.13,1.13
2014.02.03 14:18:25.382,0.89616,0.89627,1.48,1.38
2014.02.03 14:18:26.661,0.89616,0.89625,1.48,1.00
2014.02.03 14:18:27.103,0.89615,0.89622,1.28,1.00
2014.02.03 14:18:27.357,0.89614,0.89624,1.45,1.00
2014.02.03 14:18:27.868,0.89614,0.89625,2.03,1.00
2014.02.03 14:18:28.430,0.89614,0.89626,2.03,1.13
2014.02.03 14:18:30.222,0.89615,0.89626,2.63,1.00
2014.02.03 14:18:30.474,0.89616,0.89628,2.03,1.50
2014.02.03 14:18:30.979,0.89618,0.89628,2.03,1.38
2014.02.03 14:18:31.305,0.89618,0.89628,1.95,1.00
2014.02.03 14:18:31.610,0.89622,0.89633,1.45,3.38
2014.02.03 14:18:31.661,0.89622,0.89633,3.45,1.13
2014.02.03 14:18:32.168,0.89623,0.89633,2.33,1.00
2014.02.03 14:18:33.832,0.89623,0.89633,1.95,1.00
2014.02.03 14:18:34.946,0.89624,0.89633,1.00,1.00
2014.02.03 14:18:35.111,0.89627,0.89633,1.00,1.00
2014.02.03 14:18:35.364,0.89627,0.89635,1.38,1.00
2014.02.03 14:18:35.892,0.89625,0.89635,1.38,1.00
2014.02.03 14:18:36.270,0.89629,0.89635,1.38,1.00
2014.02.03 14:18:36.523,0.89627,0.89635,1.88,1.00
2014.02.03 14:18:36.725,0.89625,0.89635,1.88,1.00
2014.02.03 14:18:36.978,0.89627,0.89633,1.00,1.00
2014.02.03 14:18:37.180,0.89627,0.89635,1.00,1.00
2014.02.03 14:18:37.282,0.89625,0.89635,1.20,1.00
2014.02.03 14:18:37.820,0.89623,0.89635,4.13,1.38
2014.02.03 14:18:38.369,0.89623,0.89633,3.45,1.00
2014.02.03 14:18:39.006,0.89624,0.89633,1.20,1.00
2014.02.03 14:18:39.259,0.89622,0.89633,1.13,1.00
2014.02.03 14:18:39.361,0.89627,0.89633,1.00,1.00
2014.02.03 14:18:39.681,0.89625,0.89633,1.00,1.00
2014.02.03 14:18:42.230,0.89627,0.89633,1.00,1.00
2014.02.03 14:18:42.332,0.89624,0.89633,1.13,1.00
2014.02.03 14:18:44.666,0.89622,0.89631,1.38,1.00
2014.02.03 14:18:44.970,0.89618,0.89629,3.38,1.00
2014.02.03 14:18:45.273,0.89618,0.89627,1.13,1.00
2014.02.03 14:18:45.324,0.89618,0.8963,1.88,1.13
2014.02.03 14:18:45.853,0.8962,0.8963,1.38,1.00
2014.02.03 14:18:45.904,0.89623,0.8963,1.00,1.00
2014.02.03 14:18:46.006,0.89622,0.89632,1.00,1.00
2014.02.03 14:18:46.547,0.8962,0.89632,1.55,1.13
2014.02.03 14:18:47.318,0.89622,0.89632,1.00,1.13
2014.02.03 14:18:47.622,0.89621,0.89628,1.13,1.00
2014.02.03 14:18:48.455,0.89622,0.89628,1.00,1.00
2014.02.03 14:18:48.660,0.89618,0.89628,1.73,1.13
2014.02.03 14:18:48.862,0.89616,0.89625,1.38,1.00
2014.02.03 14:18:49.318,0.89616,0.89625,1.38,1.00
2014.02.03 14:18:50.835,0.89616,0.89628,1.95,1.00
2014.02.03 14:18:51.358,0.89616,0.89628,2.03,1.00
2014.02.03 14:18:53.056,0.89619,0.8963,1.48,1.50
2014.02.03 14:18:53.360,0.89621,0.8963,1.13,1.00
2014.02.03 14:18:55.157,0.89621,0.8963,1.00,1.20
2014.02.03 14:18:57.024,0.8962,0.8963,1.00,1.55
2014.02.03 14:18:57.752,0.8962,0.8963,1.00,1.55
2014.02.03 14:18:58.260,0.89617,0.89627,1.50,1.00
2014.02.03 14:19:00.271,0.89618,0.89627,1.13,1.00
2014.02.03 14:19:03.860,0.89621,0.89627,1.00,1.00
2014.02.03 14:19:05.399,0.8962,0.89627,1.00,1.00
2014.02.03 14:19:06.060,0.89617,0.89627,1.38,1.00
2014.02.03 14:19:07.425,0.89617,0.89627,1.38,1.00
2014.02.03 14:19:08.608,0.89617,0.89627,1.38,1.13
2014.02.03 14:19:08.709,0.89617,0.89627,1.00,1.38
2014.02.03 14:19:09.353,0.89617,0.89625,1.00,1.13
2014.02.03 14:19:09.824,0.89619,0.89625,1.00,1.00
2014.02.03 14:19:09.875,0.89619,0.89627,1.00,1.00
2014.02.03 14:19:10.230,0.89619,0.89627,1.00,1.38
2014.02.03 14:19:10.280,0.89617,0.89627,1.00,1.38
2014.02.03 14:19:10.584,0.89615,0.89624,1.88,1.13
2014.02.03 14:19:11.106,0.89615,0.89624,1.00,1.38
2014.02.03 14:19:11.921,0.89615,0.89624,1.00,1.38
2014.02.03 14:19:12.887,0.89613,0.89624,1.00,1.38
2014.02.03 14:19:12.988,0.89612,0.89622,1.10,1.48
2014.02.03 14:19:13.344,0.89609,0.8962,1.50,1.38
2014.02.03 14:19:13.700,0.89607,0.89618,1.00,1.38
2014.02.03 14:19:14.207,0.89608,0.89618,1.00,1.38
2014.02.03 14:19:15.966,0.89608,0.89618,1.00,1.38
2014.02.03 14:19:16.514,0.89607,0.89617,1.00,1.38
2014.02.03 14:19:17.081,0.89606,0.89617,1.00,1.38
2014.02.03 14:19:20.494,0.89606,0.89617,1.18,1.38
2014.02.03 14:19:22.166,0.89606,0.89618,2.03,1.38
2014.02.03 14:19:22.710,0.89608,0.89619,1.48,1.38
2014.02.03 14:19:22.863,0.8961,0.8962,1.55,1.00
2014.02.03 14:19:22.965,0.89612,0.89624,1.48,1.20
2014.02.03 14:19:23.117,0.89614,0.89625,1.38,1.13
2014.02.03 14:19:25.781,0.89614,0.89626,1.48,1.00
2014.02.03 14:19:26.135,0.89616,0.89626,1.00,3.38
2014.02.03 14:19:26.186,0.89614,0.89623,1.10,1.38
2014.02.03 14:19:26.237,0.89614,0.89622,1.00,1.38
2014.02.03 14:19:26.288,0.89612,0.89622,1.13,1.38
2014.02.03 14:19:27.110,0.8961,0.89621,1.95,1.88
2014.02.03 14:19:27.318,0.89609,0.89621,1.55,1.88
2014.02.03 14:19:28.653,0.89609,0.89621,1.18,1.88
2014.02.03 14:19:29.181,0.89611,0.89623,1.00,1.38
2014.02.03 14:19:29.485,0.89611,0.89623,3.45,1.38
2014.02.03 14:19:29.789,0.89609,0.89619,1.38,1.38
2014.02.03 14:19:30.315,0.89607,0.89619,1.50,1.48
2014.02.03 14:19:31.520,0.89607,0.89617,1.00,1.38
2014.02.03 14:19:33.258,0.89606,0.89617,1.35,1.38
2014.02.03 14:19:35.912,0.89606,0.89617,1.73,1.38
2014.02.03 14:19:39.039,0.89606,0.89617,3.23,1.00
2014.02.03 14:19:39.548,0.89607,0.89619,1.48,1.38
2014.02.03 14:19:40.218,0.89607,0.89619,1.95,1.38
2014.02.03 14:19:40.763,0.89607,0.89619,1.95,1.13
2014.02.03 14:19:40.914,0.89607,0.89619,1.88,3.38
2014.02.03 14:19:41.224,0.89606,0.89614,1.00,1.38
2014.02.03 14:19:41.377,0.89606,0.89614,1.00,1.20
2014.02.03 14:19:41.630,0.89609,0.89614,1.00,1.20
2014.02.03 14:19:42.135,0.89609,0.89616,1.00,1.38
2014.02.03 14:19:42.882,0.89608,0.89616,1.00,1.38
2014.02.03 14:19:43.541,0.89609,0.89616,1.00,1.13
2014.02.03 14:19:44.055,0.89607,0.89616,1.38,1.00
2014.02.03 14:19:45.153,0.89607,0.89616,1.00,1.38
2014.02.03 14:19:45.484,0.89607,0.89615,1.00,3.45
2014.02.03 14:19:45.794,0.89603,0.89612,1.00,1.38
2014.02.03 14:19:45.845,0.896,0.89612,1.58,1.38
2014.02.03 14:19:46.054,0.89598,0.8961,1.50,1.48
2014.02.03 14:19:48.969,0.89598,0.8961,1.38,1.48
2014.02.03 14:19:49.580,0.896,0.89612,1.00,1.48
2014.02.03 14:19:51.160,0.896,0.89612,1.38,1.48
2014.02.03 14:19:51.662,0.896,0.89612,1.13,1.48
2014.02.03 14:19:54.591,0.896,0.89612,1.20,1.38
2014.02.03 14:19:55.194,0.896,0.89612,1.55,1.38
2014.02.03 14:19:55.750,0.896,0.89612,1.28,1.38
2014.02.03 14:19:56.387,0.896,0.89609,1.18,1.38
2014.02.03 14:19:56.722,0.89598,0.89608,1.48,1.13
2014.02.03 14:19:57.397,0.89599,0.8961,1.38,1.38
2014.02.03 14:19:59.342,0.89598,0.8961,2.70,1.00
2014.02.03 14:19:59.646,0.89603,0.89614,1.38,2.48
2014.02.03 14:19:59.900,0.89604,0.89615,1.88,3.38
2014.02.03 14:20:00.416,0.89604,0.89615,2.03,3.38
2014.02.03 14:20:00.927,0.89604,0.89615,1.88,3.38
2014.02.03 14:20:03.468,0.89604,0.89613,1.50,1.38
2014.02.03 14:20:03.671,0.89599,0.89611,4.20,1.88
2014.02.03 14:20:03.974,0.896,0.89611,1.55,1.00
2014.02.03 14:20:04.277,0.89603,0.89615,1.65,1.00
2014.02.03 14:20:04.581,0.8961,0.89617,1.38,1.00
2014.02.03 14:20:04.632,0.8961,0.89619,1.38,1.00
2014.02.03 14:20:04.733,0.8961,0.89619,1.00,1.13
2014.02.03 14:20:04.885,0.89608,0.89619,1.20,1.13
2014.02.03 14:20:05.509,0.89607,0.89619,2.03,1.38
2014.02.03 14:20:07.794,0.89607,0.89619,2.03,1.38
2014.02.03 14:20:08.119,0.89607,0.89618,1.65,1.38
2014.02.03 14:20:08.271,0.89605,0.89614,1.00,1.38
2014.02.03 14:20:08.372,0.89602,0.89614,1.20,1.88
2014.02.03 14:20:08.474,0.89602,0.89614,1.10,1.88
2014.02.03 14:20:08.879,0.89603,0.89614,1.20,1.38
2014.02.03 14:20:09.132,0.89604,0.89616,1.18,1.38
2014.02.03 14:20:09.638,0.89604,0.89616,1.18,1.38
2014.02.03 14:20:09.942,0.89602,0.89614,1.18,1.38
2014.02.03 14:20:10.094,0.89602,0.89614,1.28,1.38
2014.02.03 14:20:10.603,0.89602,0.89614,2.25,1.38
2014.02.03 14:20:10.654,0.89602,0.89614,3.38,1.38
2014.02.03 14:20:10.756,0.89604,0.89615,1.55,1.13
2014.02.03 14:20:11.095,0.89606,0.89618,2.03,1.38
2014.02.03 14:20:18.762,0.89606,0.89618,1.18,1.38
2014.02.03 14:20:18.965,0.89601,0.89613,3.00,1.48
2014.02.03 14:20:19.268,0.89599,0.89611,1.00,1.48
2014.02.03 14:20:21.653,0.89599,0.89611,1.00,1.48
2014.02.03 14:20:21.805,0.89597,0.89609,1.00,3.45
2014.02.03 14:20:23.123,0.89595,0.89607,1.88,1.20
2014.02.03 14:20:24.039,0.89595,0.89607,2.25,1.48
2014.02.03 14:20:24.342,0.8959,0.89602,1.50,1.95
2014.02.03 14:20:24.646,0.89589,0.89597,1.00,1.38
2014.02.03 14:20:25.178,0.89588,0.89597,1.50,1.38
2014.02.03 14:20:25.690,0.89588,0.89598,1.50,1.38
2014.02.03 14:20:26.023,0.89589,0.89598,2.25,1.38
2014.02.03 14:20:26.226,0.8959,0.896,2.96,1.38
2014.02.03 14:20:26.428,0.89589,0.896,1.85,1.38
2014.02.03 14:20:27.292,0.89588,0.896,1.99,1.38
2014.02.03 14:20:27.820,0.89587,0.89597,1.76,1.13
2014.02.03 14:20:27.972,0.89586,0.89597,1.88,1.38
2014.02.03 14:20:28.280,0.89586,0.89595,1.16,1.00
2014.02.03 14:20:28.331,0.89588,0.89595,1.00,1.00
2014.02.03 14:20:28.483,0.89587,0.89599,3.83,1.38
2014.02.03 14:20:28.635,0.89587,0.89597,1.10,1.13
2014.02.03 14:20:29.037,0.89585,0.89597,2.70,1.38
2014.02.03 14:20:29.764,0.89588,0.89597,1.34,1.38
2014.02.03 14:20:29.815,0.89591,0.89597,1.09,1.13
2014.02.03 14:20:30.321,0.8959,0.896,1.00,1.38
2014.02.03 14:20:30.923,0.89588,0.896,1.13,1.38
2014.02.03 14:20:31.248,0.8959,0.896,1.13,1.38
2014.02.03 14:20:31.551,0.89591,0.896,2.36,1.00
2014.02.03 14:20:31.602,0.89591,0.89602,2.36,1.13
2014.02.03 14:20:32.103,0.89591,0.89602,3.11,1.00
2014.02.03 14:20:32.737,0.89594,0.89602,1.00,1.00
2014.02.03 14:20:33.293,0.89592,0.89602,1.18,1.00
2014.02.03 14:20:33.822,0.89592,0.89604,1.28,1.13
2014.02.03 14:20:34.368,0.89593,0.89604,1.42,1.00
2014.02.03 14:20:35.124,0.89592,0.89604,2.33,1.38
2014.02.03 14:20:35.225,0.89592,0.89604,1.10,1.38
2014.02.03 14:20:35.726,0.89592,0.89604,1.10,1.38
2014.02.03 14:20:36.190,0.89592,0.89604,2.33,1.38
2014.02.03 14:20:36.494,0.89592,0.89602,1.38,1.48
2014.02.03 14:20:36.847,0.8959,0.89602,1.58,1.38
2014.02.03 14:20:37.464,0.8959,0.89602,1.10,1.38
2014.02.03 14:20:38.079,0.89589,0.896,1.13,1.38
2014.02.03 14:20:38.447,0.89587,0.89598,1.10,1.38
2014.02.03 14:20:38.700,0.89586,0.89596,1.00,1.55
2014.02.03 14:20:39.107,0.89586,0.89596,1.00,1.55
2014.02.03 14:20:39.310,0.89591,0.89596,1.00,1.38
2014.02.03 14:20:39.412,0.89591,0.89598,1.00,1.55
2014.02.03 14:20:39.514,0.89593,0.89598,1.00,1.28
2014.02.03 14:20:39.616,0.89588,0.89599,1.75,3.08
2014.02.03 14:20:39.870,0.89589,0.89598,1.00,1.13
2014.02.03 14:20:42.309,0.89587,0.89598,1.08,2.48
2014.02.03 14:20:42.613,0.89583,0.89594,1.10,1.38
2014.02.03 14:20:43.211,0.89582,0.89592,1.00,1.38
2014.02.03 14:20:43.466,0.89582,0.89594,2.33,1.38
2014.02.03 14:20:43.821,0.89584,0.89596,2.63,1.45
2014.02.03 14:20:45.452,0.89585,0.89596,1.00,1.13
2014.02.03 14:20:46.143,0.89585,0.89596,1.58,1.00
2014.02.03 14:20:46.676,0.89586,0.89596,1.45,1.00
2014.02.03 14:20:46.777,0.89587,0.89599,1.20,1.38
2014.02.03 14:20:49.078,0.89587,0.89597,1.00,1.38
2014.02.03 14:20:54.822,0.89587,0.89597,1.13,1.38
2014.02.03 14:20:55.365,0.89587,0.89597,1.00,1.38
2014.02.03 14:20:56.088,0.89587,0.89597,1.13,1.38
2014.02.03 14:20:56.900,0.89587,0.89597,1.38,1.13
2014.02.03 14:20:58.839,0.89587,0.89599,1.50,1.10
2014.02.03 14:20:59.093,0.89589,0.89601,1.13,3.45
2014.02.03 14:20:59.606,0.89589,0.89601,1.13,1.48
2014.02.03 14:20:59.758,0.89592,0.89602,1.00,2.03
2014.02.03 14:21:00.306,0.89592,0.89603,1.00,2.70
2014.02.03 14:21:01.085,0.89594,0.89604,1.00,2.78
2014.02.03 14:21:01.287,0.89596,0.89606,1.38,1.88
2014.02.03 14:21:01.388,0.89598,0.89608,1.13,1.50
2014.02.03 14:21:01.490,0.89598,0.89608,1.38,2.25
2014.02.03 14:21:01.743,0.896,0.89611,1.38,1.55
2014.02.03 14:21:01.895,0.896,0.89612,1.00,4.58
2014.02.03 14:21:02.972,0.896,0.89612,1.38,4.20
2014.02.03 14:21:03.504,0.896,0.89612,1.38,3.45
2014.02.03 14:21:03.555,0.896,0.89612,1.38,3.08
2014.02.03 14:21:03.808,0.89605,0.89617,1.38,1.20
2014.02.03 14:21:04.311,0.89608,0.89619,1.38,2.33
2014.02.03 14:21:05.323,0.89608,0.89615,1.00,1.00
2014.02.03 14:21:05.627,0.89605,0.89613,1.00,1.38
2014.02.03 14:21:05.731,0.89602,0.89613,1.00,1.48
2014.02.03 14:21:06.245,0.89601,0.8961,1.00,1.48
2014.02.03 14:21:06.296,0.89601,0.89612,1.88,3.45
2014.02.03 14:21:06.397,0.89602,0.89613,1.38,2.25
2014.02.03 14:21:06.448,0.89602,0.89614,1.38,1.20
2014.02.03 14:21:06.600,0.89604,0.89616,1.13,1.20
2014.02.03 14:21:07.052,0.89604,0.89616,1.00,1.48
2014.02.03 14:21:07.373,0.89604,0.89616,1.13,1.20
2014.02.03 14:21:11.001,0.89604,0.89616,1.00,1.48
2014.02.03 14:21:11.103,0.89604,0.89615,1.00,3.23
2014.02.03 14:21:11.412,0.89601,0.89613,1.38,3.45
2014.02.03 14:21:11.665,0.89603,0.89615,1.38,1.18
2014.02.03 14:21:12.234,0.89603,0.89615,1.50,1.10
2014.02.03 14:21:14.339,0.89606,0.89615,1.00,1.10
2014.02.03 14:21:14.854,0.89607,0.89617,1.00,2.33
2014.02.03 14:21:17.836,0.89609,0.89619,1.00,3.45
2014.02.03 14:21:17.938,0.89611,0.89623,1.00,4.95
2014.02.03 14:21:18.444,0.89611,0.89623,1.00,2.70
2014.02.03 14:21:20.554,0.89613,0.89623,1.00,1.95
2014.02.03 14:21:23.606,0.89613,0.89623,1.00,4.13
2014.02.03 14:21:23.910,0.89611,0.8962,1.00,1.88
2014.02.03 14:21:24.416,0.89611,0.89622,1.00,1.55
2014.02.03 14:21:26.075,0.89613,0.89623,1.00,3.45
2014.02.03 14:21:26.328,0.89613,0.89625,1.00,4.20
2014.02.03 14:21:27.049,0.89615,0.89625,1.00,3.38
2014.02.03 14:21:27.622,0.89615,0.89626,1.00,1.58
2014.02.03 14:21:28.187,0.89618,0.89627,1.00,1.55
2014.02.03 14:21:31.743,0.89618,0.8963,1.00,3.15
2014.02.03 14:21:32.290,0.89618,0.8963,1.00,1.95
2014.02.03 14:21:33.371,0.89618,0.8963,1.00,1.95
2014.02.03 14:21:33.473,0.8962,0.89632,1.00,3.83
2014.02.03 14:21:33.776,0.89623,0.89634,1.00,1.48
2014.02.03 14:21:34.084,0.89625,0.89634,1.00,1.48
2014.02.03 14:21:34.135,0.89622,0.89634,1.13,1.95
2014.02.03 14:21:34.759,0.89625,0.89634,1.00,1.95
2014.02.03 14:21:35.026,0.89623,0.89634,1.00,1.48
2014.02.03 14:21:35.349,0.89623,0.89634,1.00,1.48
2014.02.03 14:21:36.480,0.89623,0.89634,1.00,1.48
2014.02.03 14:21:36.714,0.89624,0.89633,1.08,1.38
2014.02.03 14:21:36.917,0.89624,0.89636,4.20,1.13
2014.02.03 14:21:37.221,0.89629,0.8964,1.38,1.38
2014.02.03 14:21:37.865,0.89629,0.8964,1.00,1.38
2014.02.03 14:21:38.227,0.89627,0.8964,3.38,1.55
2014.02.03 14:21:38.481,0.89624,0.89635,1.00,1.38
2014.02.03 14:21:39.038,0.89624,0.89636,1.13,1.48
2014.02.03 14:21:40.231,0.89624,0.89636,1.10,1.38
2014.02.03 14:21:42.006,0.89624,0.89631,1.10,1.00
2014.02.03 14:21:42.259,0.89619,0.89629,1.13,1.38
2014.02.03 14:21:42.659,0.89619,0.89626,1.00,1.38
2014.02.03 14:21:42.811,0.89617,0.89628,1.13,1.95
2014.02.03 14:21:43.340,0.89616,0.89625,1.50,1.95
2014.02.03 14:21:43.643,0.89618,0.89625,1.00,1.50
2014.02.03 14:21:43.694,0.89618,0.89629,1.00,1.28
2014.02.03 14:21:43.896,0.89616,0.89627,1.13,2.63
2014.02.03 14:21:44.434,0.89616,0.8963,1.13,2.70
2014.02.03 14:21:44.782,0.89618,0.89631,1.00,2.78
2014.02.03 14:21:45.114,0.8962,0.89634,1.13,4.20
2014.02.03 14:21:45.469,0.89623,0.89635,1.00,1.48
2014.02.03 14:21:46.014,0.89621,0.89634,1.00,2.70
2014.02.03 14:21:46.794,0.89621,0.89634,1.10,1.95
2014.02.03 14:21:47.353,0.89621,0.89633,1.00,3.45
2014.02.03 14:21:47.635,0.89618,0.89631,1.00,2.70
2014.02.03 14:21:48.205,0.89618,0.89631,1.00,3.45
2014.02.03 14:21:49.454,0.89618,0.89632,1.50,4.20
2014.02.03 14:21:50.887,0.89618,0.89631,1.50,1.95
2014.02.03 14:21:51.090,0.89618,0.89629,1.13,1.88
2014.02.03 14:21:51.296,0.89616,0.89624,1.00,1.13
2014.02.03 14:21:51.398,0.89618,0.89625,1.00,1.38
2014.02.03 14:21:52.041,0.89618,0.89628,1.00,1.48
2014.02.03 14:21:56.545,0.89618,0.89628,1.00,1.48
2014.02.03 14:21:56.647,0.89618,0.89629,1.00,1.55
2014.02.03 14:21:57.644,0.8962,0.8963,1.10,1.38
2014.02.03 14:21:57.745,0.8962,0.89632,1.10,1.88
2014.02.03 14:21:58.186,0.8962,0.89631,1.10,1.88
2014.02.03 14:22:00.545,0.89622,0.89633,1.00,4.20
2014.02.03 14:22:00.597,0.89622,0.89633,1.10,1.38
2014.02.03 14:22:00.749,0.89624,0.89633,1.00,1.38
2014.02.03 14:22:01.255,0.89625,0.89633,1.00,1.00
2014.02.03 14:22:01.763,0.89626,0.89638,1.34,4.20
2014.02.03 14:22:04.673,0.89628,0.8964,1.18,1.88
2014.02.03 14:22:04.774,0.89628,0.8964,1.18,1.38
2014.02.03 14:22:05.284,0.8963,0.8964,1.00,1.38
2014.02.03 14:22:05.813,0.8963,0.89641,1.50,1.82
2014.02.03 14:22:05.864,0.8963,0.89641,1.65,1.82
2014.02.03 14:22:05.966,0.89631,0.89641,2.33,1.82
2014.02.03 14:22:06.319,0.8963,0.89641,1.10,1.82
2014.02.03 14:22:06.370,0.8963,0.89641,1.10,3.32
2014.02.03 14:22:06.632,0.89628,0.89641,1.18,3.32
2014.02.03 14:22:07.180,0.8963,0.89637,1.00,1.38
2014.02.03 14:22:07.231,0.89628,0.89637,1.50,1.38
2014.02.03 14:22:07.796,0.89628,0.89637,1.58,1.38
2014.02.03 14:22:08.480,0.89628,0.89637,1.50,1.38
2014.02.03 14:22:15.862,0.89628,0.89639,1.50,1.38
2014.02.03 14:22:16.166,0.89628,0.89634,1.00,1.60
2014.02.03 14:22:16.268,0.89624,0.8963,1.38,1.00
2014.02.03 14:22:16.318,0.89624,0.8963,1.00,1.00
2014.02.03 14:22:16.521,0.89624,0.8963,1.00,1.38
2014.02.03 14:22:16.724,0.89624,0.89635,1.00,1.38
2014.02.03 14:22:16.885,0.89627,0.89635,1.00,1.38
2014.02.03 14:22:17.432,0.89627,0.89635,1.00,1.38
2014.02.03 14:22:18.119,0.89624,0.8963,1.00,1.00
2014.02.03 14:22:18.220,0.89625,0.8963,1.00,1.38
2014.02.03 14:22:18.575,0.89625,0.89632,1.00,1.38
2014.02.03 14:22:20.346,0.89625,0.89632,1.00,1.48
2014.02.03 14:22:20.650,0.8962,0.89626,1.00,1.00
2014.02.03 14:22:20.885,0.89617,0.89623,1.00,1.13
2014.02.03 14:22:21.086,0.89616,0.89623,1.00,1.38
2014.02.03 14:22:21.188,0.89613,0.89623,1.00,4.20
2014.02.03 14:22:21.541,0.89613,0.89623,1.00,1.45
2014.02.03 14:22:21.642,0.89613,0.89623,1.00,1.45
2014.02.03 14:22:22.201,0.89611,0.89623,1.38,3.45
2014.02.03 14:22:22.760,0.89613,0.89624,1.13,1.88
2014.02.03 14:22:23.724,0.8961,0.89621,1.95,1.13
2014.02.03 14:22:23.826,0.89612,0.89621,1.00,1.48
2014.02.03 14:22:23.927,0.8961,0.89619,1.00,1.95
2014.02.03 14:22:23.978,0.89609,0.89619,1.00,1.95
2014.02.03 14:22:24.512,0.89608,0.89617,1.00,3.45
2014.02.03 14:22:24.710,0.89606,0.89617,1.00,3.45
2014.02.03 14:22:25.582,0.89605,0.89617,1.88,4.20
2014.02.03 14:22:27.074,0.89606,0.89617,1.00,4.20
2014.02.03 14:22:27.662,0.89605,0.89617,1.13,4.20
2014.02.03 14:22:28.315,0.89605,0.89614,1.00,2.33
2014.02.03 14:22:28.730,0.89606,0.89615,1.00,1.18
2014.02.03 14:22:29.083,0.89606,0.89617,1.50,1.13
2014.02.03 14:22:29.934,0.89606,0.89617,1.00,1.38
2014.02.03 14:22:30.086,0.89604,0.89615,1.20,1.00
2014.02.03 14:22:30.631,0.89604,0.89615,1.13,1.18
2014.02.03 14:22:31.841,0.89605,0.89615,1.00,1.18
2014.02.03 14:22:31.993,0.89605,0.89617,1.50,1.55
2014.02.03 14:22:32.094,0.89608,0.89617,1.00,1.48
2014.02.03 14:22:32.607,0.89607,0.89619,1.50,4.95
2014.02.03 14:22:32.944,0.89607,0.89616,1.50,2.63
2014.02.03 14:22:33.153,0.89605,0.89616,1.50,2.70
2014.02.03 14:22:34.688,0.89605,0.89616,2.63,2.70
2014.02.03 14:22:37.088,0.89605,0.89614,1.38,1.00
2014.02.03 14:22:38.205,0.89605,0.89617,1.88,2.78
2014.02.03 14:22:39.270,0.89605,0.89617,1.95,1.20
2014.02.03 14:22:40.360,0.89605,0.89617,2.63,1.48
2014.02.03 14:22:41.589,0.89605,0.89617,1.88,1.48
2014.02.03 14:22:41.691,0.89605,0.89615,1.50,1.38
2014.02.03 14:22:41.794,0.89603,0.89615,1.88,2.03
2014.02.03 14:22:41.996,0.89603,0.89612,1.00,1.38
2014.02.03 14:22:43.170,0.89601,0.89612,1.58,1.38
2014.02.03 14:22:43.338,0.89601,0.89612,1.50,1.48
2014.02.03 14:22:44.780,0.89601,0.89612,1.50,1.55
2014.02.03 14:22:45.319,0.89602,0.89612,1.00,1.55
2014.02.03 14:22:45.870,0.89601,0.89612,1.00,1.55
2014.02.03 14:22:46.234,0.89599,0.8961,1.73,1.13
2014.02.03 14:22:46.870,0.89599,0.8961,1.35,1.38
2014.02.03 14:22:47.175,0.89598,0.8961,1.00,3.45
2014.02.03 14:22:47.479,0.89597,0.89606,1.00,1.55
2014.02.03 14:22:47.530,0.89597,0.89606,1.00,1.55
2014.02.03 14:22:48.043,0.89598,0.89606,1.00,1.38
2014.02.03 14:22:48.568,0.89598,0.89608,1.00,1.55
2014.02.03 14:22:49.102,0.89597,0.89607,1.00,3.38
2014.02.03 14:22:49.203,0.89595,0.89605,1.50,3.38
2014.02.03 14:22:49.356,0.89594,0.89604,1.00,2.03
2014.02.03 14:22:49.407,0.89594,0.89604,1.00,2.03
2014.02.03 14:22:49.559,0.89594,0.89604,1.00,2.03
2014.02.03 14:22:49.661,0.89594,0.89604,1.00,2.78
2014.02.03 14:22:50.218,0.89596,0.89603,1.00,1.00
2014.02.03 14:22:50.725,0.89596,0.89606,1.00,1.88
2014.02.03 14:22:51.076,0.89596,0.89604,1.00,1.88
2014.02.03 14:22:51.583,0.89596,0.89604,1.00,1.88
2014.02.03 14:22:51.962,0.89596,0.89604,1.13,1.50
2014.02.03 14:22:53.608,0.89596,0.89606,1.13,1.38
2014.02.03 14:22:54.283,0.89596,0.89606,1.88,1.13
2014.02.03 14:22:54.485,0.89599,0.89608,1.00,1.38
2014.02.03 14:22:55.031,0.89599,0.89609,1.50,1.88
2014.02.03 14:22:55.082,0.89599,0.89609,1.50,1.13
2014.02.03 14:22:55.595,0.89599,0.8961,1.50,1.13
2014.02.03 14:22:55.958,0.89601,0.89612,1.38,1.65
2014.02.03 14:22:56.262,0.89604,0.89613,1.00,1.95
2014.02.03 14:23:06.269,0.89605,0.89613,1.00,1.95
2014.02.03 14:23:06.740,0.89604,0.89613,1.00,1.95
2014.02.03 14:23:09.529,0.89604,0.89613,1.00,1.38
2014.02.03 14:23:09.630,0.89604,0.89613,1.88,1.00
2014.02.03 14:23:10.141,0.89604,0.89615,1.50,1.88
2014.02.03 14:23:10.722,0.89604,0.89615,1.50,2.63
2014.02.03 14:23:13.437,0.89604,0.89615,1.00,2.03
2014.02.03 14:23:14.000,0.89604,0.89615,1.00,2.03
2014.02.03 14:23:15.284,0.89604,0.89615,1.00,2.03
2014.02.03 14:23:16.293,0.89609,0.89615,1.50,1.65
2014.02.03 14:23:16.597,0.89617,0.89621,1.88,1.35
2014.02.03 14:23:16.648,0.8962,0.89627,2.10,1.90
2014.02.03 14:23:16.700,0.8962,0.89627,2.48,1.53
2014.02.03 14:23:16.953,0.89622,0.89633,1.10,1.38
2014.02.03 14:23:17.834,0.89622,0.89633,1.38,1.00
2014.02.03 14:23:18.138,0.89627,0.89637,1.93,1.38
2014.02.03 14:23:18.671,0.89627,0.89638,2.25,1.48
2014.02.03 14:23:19.222,0.89627,0.89638,2.63,1.48
2014.02.03 14:23:19.273,0.89627,0.89638,1.13,1.48
2014.02.03 14:23:19.852,0.89627,0.89638,1.00,1.48
2014.02.03 14:23:20.374,0.89627,0.89638,1.00,3.45
2014.02.03 14:23:20.682,0.89623,0.89636,1.38,1.55
2014.02.03 14:23:20.986,0.89622,0.89631,1.10,1.38
2014.02.03 14:23:21.138,0.89618,0.89631,1.20,1.38
2014.02.03 14:23:24.896,0.89621,0.89627,1.00,1.00
2014.02.03 14:23:24.947,0.89621,0.89629,1.00,1.13
2014.02.03 14:23:25.200,0.89618,0.89629,1.10,1.38
2014.02.03 14:23:25.707,0.89617,0.89627,1.10,1.13
2014.02.03 14:23:26.058,0.8962,0.89627,1.00,1.00
2014.02.03 14:23:26.210,0.8962,0.89633,1.58,1.95
2014.02.03 14:23:26.329,0.8962,0.89633,1.95,1.48
2014.02.03 14:23:26.839,0.8962,0.89633,3.45,1.88
2014.02.03 14:23:29.359,0.89623,0.89633,1.00,1.38
2014.02.03 14:23:29.460,0.89623,0.89633,1.00,1.38
2014.02.03 14:23:29.663,0.89631,0.89635,1.00,1.13
2014.02.03 14:23:29.764,0.89627,0.89635,1.00,1.00
2014.02.03 14:23:29.865,0.89628,0.89639,1.00,1.80
2014.02.03 14:23:30.068,0.89628,0.89639,1.00,2.55
2014.02.03 14:23:30.617,0.89627,0.89639,1.50,2.55
2014.02.03 14:23:31.108,0.89627,0.89639,1.88,2.55
2014.02.03 14:23:31.210,0.89631,0.89639,1.00,1.38
2014.02.03 14:23:31.362,0.89634,0.89639,1.00,1.00
2014.02.03 14:23:31.464,0.89632,0.89639,1.20,1.00
2014.02.03 14:23:31.515,0.89632,0.89641,1.13,2.57
2014.02.03 14:23:31.940,0.89632,0.89639,1.00,1.00
2014.02.03 14:23:32.243,0.89627,0.89639,1.00,1.38
2014.02.03 14:23:32.945,0.89627,0.89639,1.00,1.38
2014.02.03 14:23:33.462,0.89627,0.89639,1.13,1.38
2014.02.03 14:23:33.701,0.89628,0.89639,1.08,1.38
2014.02.03 14:23:34.005,0.89632,0.89639,1.50,1.00
2014.02.03 14:23:34.578,0.89631,0.89639,1.00,1.13
2014.02.03 14:23:34.884,0.89629,0.89639,1.10,2.48
2014.02.03 14:23:35.138,0.89627,0.89639,1.00,2.03
2014.02.03 14:23:35.658,0.89627,0.89639,1.13,1.55
2014.02.03 14:23:36.705,0.89631,0.89639,1.00,1.55
2014.02.03 14:23:36.808,0.89631,0.89639,1.00,1.13
2014.02.03 14:23:37.316,0.89632,0.8964,1.00,1.73
2014.02.03 14:23:37.367,0.8963,0.8964,1.10,1.73
2014.02.03 14:23:37.902,0.89629,0.8964,1.00,1.73
2014.02.03 14:23:38.644,0.89629,0.89636,1.00,1.00
2014.02.03 14:23:38.796,0.89624,0.89634,1.00,3.30
2014.02.03 14:23:38.897,0.89621,0.89631,1.00,1.55
2014.02.03 14:23:39.408,0.89621,0.89628,1.00,1.00
2014.02.03 14:23:39.885,0.89621,0.89628,1.38,1.00
2014.02.03 14:23:41.351,0.89622,0.89628,1.88,1.00
2014.02.03 14:23:42.668,0.89622,0.89628,1.00,1.00
2014.02.03 14:23:42.865,0.8962,0.89628,1.13,1.00
2014.02.03 14:23:42.916,0.89616,0.89628,1.95,1.38
2014.02.03 14:23:42.967,0.89618,0.89626,1.00,2.33
2014.02.03 14:23:43.170,0.89616,0.89621,1.00,1.13
2014.02.03 14:23:43.821,0.89615,0.89623,1.00,1.38
2014.02.03 14:23:44.350,0.89615,0.89623,1.00,1.13
2014.02.03 14:23:44.401,0.89618,0.89623,1.00,1.13
2014.02.03 14:23:44.604,0.89618,0.89625,1.00,1.13
2014.02.03 14:23:44.655,0.8962,0.89625,1.00,1.13
2014.02.03 14:23:44.968,0.89618,0.89626,1.00,1.38
2014.02.03 14:23:45.070,0.89618,0.89624,1.00,1.60
2014.02.03 14:23:45.373,0.89613,0.89617,1.00,1.00
2014.02.03 14:23:45.424,0.89611,0.89617,1.13,1.00
2014.02.03 14:23:48.398,0.89611,0.89617,1.00,1.38
2014.02.03 14:23:50.382,0.89611,0.89618,1.00,1.13
2014.02.03 14:23:50.484,0.89613,0.89621,1.00,1.38
2014.02.03 14:23:50.535,0.89613,0.89621,1.00,1.00
2014.02.03 14:23:50.585,0.89618,0.89625,1.50,1.58
2014.02.03 14:23:50.738,0.89621,0.89627,1.88,3.38
2014.02.03 14:23:50.991,0.89621,0.89632,2.25,1.95
2014.02.03 14:23:51.539,0.89621,0.89632,2.25,2.03
2014.02.03 14:23:51.741,0.8962,0.89627,1.38,1.00
2014.02.03 14:23:51.792,0.8962,0.89627,1.00,1.13
2014.02.03 14:23:54.513,0.8962,0.89631,2.03,1.38
2014.02.03 14:23:55.037,0.89622,0.89631,1.00,1.38
2014.02.03 14:23:55.628,0.8962,0.89631,1.18,1.38
2014.02.03 14:23:56.276,0.8962,0.89631,1.00,1.38
2014.02.03 14:23:57.412,0.8962,0.89631,1.00,1.38
2014.02.03 14:23:57.614,0.89618,0.8963,1.18,1.38
2014.02.03 14:23:58.122,0.89618,0.8963,1.00,1.48
2014.02.03 14:23:58.947,0.89618,0.89629,1.10,1.38
2014.02.03 14:23:59.251,0.89618,0.89629,1.10,1.38
2014.02.03 14:24:01.490,0.89618,0.89629,1.10,1.88
2014.02.03 14:24:02.001,0.89618,0.89629,1.10,1.38
2014.02.03 14:24:02.814,0.89616,0.89627,3.08,1.38
2014.02.03 14:24:02.967,0.89614,0.89626,3.00,2.48
2014.02.03 14:24:03.018,0.89616,0.89626,1.48,1.50
2014.02.03 14:24:03.523,0.89619,0.89627,1.10,1.13
2014.02.03 14:24:04.027,0.89619,0.89628,1.10,1.88
2014.02.03 14:24:04.572,0.89619,0.89625,1.00,1.00
2014.02.03 14:24:05.114,0.89618,0.89626,1.00,1.48
2014.02.03 14:24:05.621,0.89617,0.89626,1.00,1.13
2014.02.03 14:24:05.723,0.89615,0.89626,1.13,1.38
2014.02.03 14:24:05.986,0.89617,0.89626,1.00,1.38
2014.02.03 14:24:06.189,0.89617,0.89628,1.88,1.13
2014.02.03 14:24:06.391,0.89619,0.89628,1.00,1.13
2014.02.03 14:24:06.698,0.89619,0.89628,1.00,1.38
2014.02.03 14:24:07.698,0.89619,0.89626,1.00,1.38
2014.02.03 14:24:07.867,0.89616,0.89625,1.00,1.38
2014.02.03 14:24:08.020,0.89619,0.89627,1.00,1.38
2014.02.03 14:24:08.534,0.89619,0.89627,1.00,1.38
2014.02.03 14:24:09.046,0.89618,0.89628,1.00,1.88
2014.02.03 14:24:09.569,0.89617,0.89628,1.00,1.88
2014.02.03 14:24:10.077,0.89616,0.89627,2.25,1.38
2014.02.03 14:24:10.431,0.89617,0.89628,1.55,1.00
2014.02.03 14:24:10.940,0.89618,0.89628,1.13,1.13
2014.02.03 14:24:11.261,0.89618,0.8963,1.13,1.95
2014.02.03 14:24:11.514,0.89618,0.8963,1.38,1.20
2014.02.03 14:24:11.818,0.89615,0.89626,1.88,1.38
2014.02.03 14:24:12.151,0.89613,0.89624,1.10,1.38
2014.02.03 14:24:15.309,0.89613,0.89625,1.50,1.88
2014.02.03 14:24:15.461,0.89614,0.89625,1.58,1.38
2014.02.03 14:24:15.613,0.89616,0.89627,1.45,1.38
2014.02.03 14:24:15.664,0.89616,0.89627,1.93,1.00
2014.02.03 14:24:15.916,0.89619,0.8963,1.00,1.95
2014.02.03 14:24:16.549,0.89618,0.8963,1.50,1.48
2014.02.03 14:24:16.701,0.89618,0.8963,1.50,1.10
2014.02.03 14:24:17.215,0.8962,0.8963,1.00,1.38
2014.02.03 14:24:17.468,0.89618,0.8963,2.25,1.48
2014.02.03 14:24:17.640,0.89618,0.89629,1.88,1.38
2014.02.03 14:24:18.649,0.89618,0.89625,1.00,2.63
2014.02.03 14:24:18.750,0.89616,0.89625,1.00,2.63
2014.02.03 14:24:18.852,0.89614,0.89625,1.50,2.63
2014.02.03 14:24:19.055,0.89616,0.89628,1.00,1.88
2014.02.03 14:24:19.404,0.89616,0.89628,1.00,1.88
2014.02.03 14:24:20.278,0.89616,0.89628,1.38,1.88
2014.02.03 14:24:21.421,0.89616,0.89628,1.13,2.70
2014.02.03 14:24:21.994,0.89616,0.89628,1.38,2.03
2014.02.03 14:24:22.650,0.89618,0.89628,1.50,1.38
2014.02.03 14:24:22.913,0.89618,0.8963,3.00,1.48
2014.02.03 14:24:23.423,0.89618,0.8963,2.63,1.20
2014.02.03 14:24:23.677,0.89618,0.8963,1.13,1.48
2014.02.03 14:24:25.189,0.89618,0.8963,1.38,1.48
2014.02.03 14:24:25.905,0.89618,0.8963,1.48,1.38
2014.02.03 14:24:27.167,0.89618,0.8963,1.48,1.13
2014.02.03 14:24:27.586,0.89628,0.89632,1.00,3.30
2014.02.03 14:24:27.889,0.8963,0.89636,1.00,3.00
2014.02.03 14:24:27.940,0.8963,0.89636,1.38,1.00
2014.02.03 14:24:27.991,0.8963,0.89638,1.38,1.00
2014.02.03 14:24:28.416,0.8963,0.89638,1.75,1.00
2014.02.03 14:24:28.963,0.89632,0.89638,1.38,1.00
2014.02.03 14:24:29.737,0.89632,0.89641,1.38,1.10
2014.02.03 14:24:30.296,0.89632,0.89641,1.38,1.52
2014.02.03 14:24:30.438,0.89637,0.89641,1.00,1.00
2014.02.03 14:24:30.540,0.89634,0.89643,2.25,1.00
2014.02.03 14:24:30.742,0.89634,0.89646,3.08,1.95
2014.02.03 14:24:30.793,0.89635,0.89646,1.00,2.03
2014.02.03 14:24:30.895,0.89634,0.8964,1.88,1.00
2014.02.03 14:24:31.432,0.89632,0.8964,1.88,1.00
2014.02.03 14:24:31.946,0.89632,0.89641,2.63,1.00
2014.02.03 14:24:32.492,0.89632,0.89641,2.63,1.00
2014.02.03 14:24:33.005,0.89632,0.89642,1.88,1.00
2014.02.03 14:24:33.861,0.89632,0.89641,1.88,1.00
2014.02.03 14:24:36.256,0.89632,0.89641,1.13,3.00
2014.02.03 14:24:36.408,0.8963,0.89638,1.00,1.20
2014.02.03 14:24:36.509,0.8963,0.89636,1.00,1.00
2014.02.03 14:24:36.611,0.8963,0.8964,1.13,2.03
2014.02.03 14:24:37.117,0.8963,0.8964,1.50,1.95
2014.02.03 14:24:37.648,0.8963,0.8964,1.50,1.48
2014.02.03 14:24:39.148,0.8963,0.8964,1.50,1.20
2014.02.03 14:24:39.703,0.8963,0.8964,1.50,1.48
2014.02.03 14:24:41.348,0.8963,0.89641,2.25,1.13
2014.02.03 14:24:42.074,0.8963,0.89641,2.25,1.00
2014.02.03 14:24:42.610,0.89632,0.89642,1.38,1.20
2014.02.03 14:24:43.118,0.89633,0.89642,1.38,1.50
2014.02.03 14:24:43.643,0.89633,0.89642,1.50,1.00
2014.02.03 14:24:43.693,0.89633,0.89644,2.25,1.58
2014.02.03 14:24:43.862,0.89633,0.89642,2.25,1.00
2014.02.03 14:24:44.236,0.89633,0.89639,2.25,1.00
2014.02.03 14:24:46.068,0.89633,0.89639,2.10,1.00
2014.02.03 14:24:46.170,0.89631,0.89639,3.53,1.00
2014.02.03 14:24:46.474,0.89631,0.89637,2.40,1.00
2014.02.03 14:24:46.727,0.89628,0.89637,1.50,1.00
2014.02.03 14:24:46.829,0.89626,0.89636,1.68,1.00
2014.02.03 14:24:46.930,0.89626,0.89636,1.88,1.38
2014.02.03 14:24:47.448,0.89625,0.89634,2.25,1.00
2014.02.03 14:24:47.657,0.89625,0.89634,1.00,1.00
2014.02.03 14:24:48.294,0.89626,0.89634,1.00,1.00
2014.02.03 14:24:48.346,0.89626,0.89636,1.38,1.00
2014.02.03 14:24:48.871,0.89629,0.89636,1.88,1.00
2014.02.03 14:24:49.226,0.89631,0.89638,1.50,1.00
2014.02.03 14:24:49.580,0.8963,0.89638,1.00,1.38
2014.02.03 14:24:49.732,0.89628,0.89638,1.20,1.38
2014.02.03 14:24:50.141,0.8963,0.89638,1.38,1.38
2014.02.03 14:24:50.444,0.89632,0.8964,1.75,1.12
2014.02.03 14:24:50.546,0.89632,0.89642,1.88,1.00
2014.02.03 14:24:50.850,0.89633,0.89642,1.95,1.00
2014.02.03 14:24:51.414,0.89632,0.89642,1.38,1.00
2014.02.03 14:24:51.919,0.8963,0.89642,1.00,2.03
2014.02.03 14:24:53.303,0.89628,0.89638,1.75,1.10
2014.02.03 14:24:53.607,0.89635,0.89642,3.00,2.25
2014.02.03 14:24:53.658,0.89635,0.89645,3.00,2.25
2014.02.03 14:24:53.759,0.89635,0.89646,3.00,1.10
2014.02.03 14:24:56.115,0.89637,0.89646,1.88,1.00
2014.02.03 14:24:56.317,0.89639,0.89649,1.75,1.10
2014.02.03 14:24:56.909,0.89639,0.89649,1.75,1.10
2014.02.03 14:24:58.164,0.89638,0.89649,2.85,1.10
2014.02.03 14:25:00.254,0.89639,0.89649,1.75,1.10
2014.02.03 14:25:00.770,0.89639,0.89648,1.38,1.00
2014.02.03 14:25:01.590,0.89639,0.89649,1.38,1.58
2014.02.03 14:25:02.246,0.89639,0.89649,1.38,1.58
2014.02.03 14:25:03.297,0.89639,0.89649,1.38,1.58
2014.02.03 14:25:03.831,0.89639,0.89649,1.38,1.58
2014.02.03 14:25:04.219,0.89639,0.89649,1.13,1.95
2014.02.03 14:25:04.733,0.89638,0.89649,1.50,1.95
2014.02.03 14:25:05.428,0.89638,0.89649,1.50,4.20
2014.02.03 14:25:05.941,0.89638,0.89649,1.50,3.45
2014.02.03 14:25:06.473,0.8964,0.89649,1.00,3.08
2014.02.03 14:25:07.041,0.8964,0.89649,1.13,1.28
2014.02.03 14:25:07.193,0.89638,0.89649,1.00,1.48
2014.02.03 14:25:07.781,0.89637,0.89649,1.00,1.55
2014.02.03 14:25:09.091,0.89637,0.89649,2.08,1.88
2014.02.03 14:25:09.243,0.89639,0.89649,1.88,1.88
2014.02.03 14:25:09.791,0.8964,0.89649,1.00,1.88
2014.02.03 14:25:10.170,0.8964,0.89647,1.00,1.00
2014.02.03 14:25:10.429,0.8964,0.89649,1.00,1.00
2014.02.03 14:25:10.530,0.89639,0.89649,2.25,1.00
2014.02.03 14:25:11.062,0.89639,0.8965,3.00,1.10
2014.02.03 14:25:11.599,0.89639,0.8965,3.00,1.00
2014.02.03 14:25:12.150,0.8964,0.89649,1.00,1.00
2014.02.03 14:25:12.474,0.89643,0.89651,1.50,1.00
2014.02.03 14:25:12.780,0.8964,0.89649,1.10,1.13
2014.02.03 14:25:12.985,0.8964,0.89651,1.10,1.38
2014.02.03 14:25:13.087,0.8964,0.89651,1.10,1.38
2014.02.03 14:25:13.189,0.89639,0.89651,1.55,1.38
2014.02.03 14:25:13.494,0.89629,0.89638,1.98,2.33
2014.02.03 14:25:13.849,0.89625,0.89636,1.88,3.45
2014.02.03 14:25:14.748,0.89627,0.89636,1.00,3.45
2014.02.03 14:25:14.851,0.89627,0.89636,1.00,1.20
2014.02.03 14:25:15.363,0.89625,0.89636,1.88,1.48
2014.02.03 14:25:15.587,0.89626,0.89636,1.98,1.20
2014.02.03 14:25:15.890,0.89631,0.8964,1.00,1.55
2014.02.03 14:25:15.992,0.89629,0.8964,1.13,1.55
2014.02.03 14:25:17.421,0.89629,0.8964,1.50,1.38
2014.02.03 14:25:17.522,0.89632,0.8964,1.00,1.38
2014.02.03 14:25:17.827,0.89632,0.89642,1.00,1.55
2014.02.03 14:25:18.080,0.89634,0.89644,1.00,1.48
2014.02.03 14:25:18.233,0.89634,0.89644,1.00,1.13
2014.02.03 14:25:19.182,0.89634,0.89644,1.00,1.38
2014.02.03 14:25:19.284,0.89632,0.89644,1.00,1.95
2014.02.03 14:25:19.385,0.8963,0.89642,1.88,1.95
2014.02.03 14:25:19.915,0.8963,0.8964,1.13,1.20
2014.02.03 14:25:20.988,0.89631,0.89642,1.00,2.70
2014.02.03 14:25:21.529,0.89631,0.89643,1.00,2.70
2014.02.03 14:25:22.058,0.89631,0.89643,1.00,3.08
2014.02.03 14:25:23.311,0.89629,0.89641,1.28,1.38
2014.02.03 14:25:23.412,0.89629,0.89641,2.03,1.38
2014.02.03 14:25:24.080,0.89632,0.89641,1.38,1.38
2014.02.03 14:25:24.586,0.89632,0.89643,2.25,1.48
2014.02.03 14:25:24.921,0.89635,0.89643,1.88,1.20
2014.02.03 14:25:25.158,0.89636,0.89646,1.88,1.13
2014.02.03 14:25:25.209,0.89639,0.89648,1.00,1.55
2014.02.03 14:25:25.362,0.8964,0.8965,1.28,1.13
2014.02.03 14:25:25.850,0.8964,0.89648,1.28,1.00
2014.02.03 14:25:26.542,0.8964,0.89646,1.28,1.00
2014.02.03 14:25:26.648,0.89639,0.89649,3.45,1.13
2014.02.03 14:25:27.143,0.89639,0.8965,1.00,1.55
2014.02.03 14:25:27.194,0.89638,0.89649,1.00,1.48
2014.02.03 14:25:27.706,0.89637,0.89647,1.13,1.20
2014.02.03 14:25:28.211,0.89638,0.89647,1.00,1.13
2014.02.03 14:25:28.896,0.89635,0.89643,1.00,1.38
2014.02.03 14:25:28.947,0.89632,0.89643,1.00,1.38
2014.02.03 14:25:28.999,0.89632,0.89642,1.00,1.38
2014.02.03 14:25:29.357,0.8963,0.89641,1.00,1.38
2014.02.03 14:25:29.863,0.8963,0.8964,1.00,1.38
2014.02.03 14:25:29.964,0.8963,0.89639,1.00,1.38
2014.02.03 14:25:30.470,0.8963,0.89642,1.00,2.03
2014.02.03 14:25:32.380,0.8963,0.89642,1.00,2.03
2014.02.03 14:25:32.967,0.89631,0.89638,1.13,1.00
2014.02.03 14:25:33.292,0.89634,0.89642,1.00,1.50
2014.02.03 14:25:33.393,0.89634,0.89642,1.00,5.10
2014.02.03 14:25:33.697,0.89627,0.89637,1.00,1.55
2014.02.03 14:25:34.340,0.89627,0.89637,1.00,1.55
2014.02.03 14:25:36.190,0.89627,0.89637,1.00,1.55
2014.02.03 14:25:36.781,0.89627,0.89637,1.38,1.20
2014.02.03 14:25:37.084,0.89631,0.89641,1.38,3.83
2014.02.03 14:25:37.236,0.89631,0.89643,1.58,2.10
2014.02.03 14:25:37.715,0.89636,0.89644,1.00,1.73
2014.02.03 14:25:38.242,0.89636,0.89643,1.00,1.38
2014.02.03 14:25:38.792,0.89636,0.89644,1.00,1.88
2014.02.03 14:25:52.158,0.89636,0.8964,1.00,1.00
2014.02.03 14:25:54.332,0.89629,0.89638,2.70,1.00
2014.02.03 14:25:54.909,0.89636,0.8964,1.00,1.13
2014.02.03 14:25:55.584,0.89629,0.89639,2.70,1.00
2014.02.03 14:25:55.795,0.89629,0.89637,2.33,1.00
2014.02.03 14:25:56.669,0.89629,0.89639,2.70,1.00
2014.02.03 14:25:57.434,0.89636,0.8964,1.00,1.88
2014.02.03 14:25:57.536,0.89634,0.8964,1.00,1.00
2014.02.03 14:25:58.320,0.89634,0.89643,1.00,2.63
2014.02.03 14:25:58.667,0.89634,0.8964,1.00,1.00
2014.02.03 14:26:01.370,0.89634,0.89643,1.00,2.63
2014.02.03 14:26:03.142,0.89634,0.89644,1.38,1.13
2014.02.03 14:26:03.244,0.89637,0.89644,1.00,1.00
2014.02.03 14:26:03.770,0.89637,0.89646,1.00,2.48
2014.02.03 14:26:04.310,0.89637,0.89646,1.00,2.10
2014.02.03 14:26:04.925,0.89637,0.89646,1.00,1.38
2014.02.03 14:26:05.229,0.89641,0.89646,1.00,1.00
2014.02.03 14:26:05.915,0.89636,0.89646,3.08,1.38
2014.02.03 14:26:06.346,0.89639,0.89646,1.00,1.38
2014.02.03 14:26:06.854,0.89639,0.89644,1.00,1.00
2014.02.03 14:26:06.970,0.89639,0.89647,1.00,2.63
2014.02.03 14:26:07.717,0.89639,0.89647,1.00,1.88
2014.02.03 14:26:07.943,0.89639,0.89647,1.00,1.88
2014.02.03 14:26:08.506,0.89639,0.89646,1.00,1.00
2014.02.03 14:26:08.709,0.8964,0.89649,1.50,1.13
2014.02.03 14:26:08.928,0.89641,0.89652,1.00,1.38
2014.02.03 14:26:09.033,0.89641,0.89652,1.00,1.48
2014.02.03 14:26:09.083,0.89643,0.89653,1.00,1.48
2014.02.03 14:26:09.687,0.89643,0.89651,1.00,1.13
2014.02.03 14:26:10.068,0.89641,0.89649,1.38,2.33
2014.02.03 14:26:10.119,0.89641,0.89649,1.00,2.70
2014.02.03 14:26:10.685,0.8964,0.89649,1.13,3.45
2014.02.03 14:26:13.648,0.89641,0.89649,1.00,1.38
2014.02.03 14:26:14.214,0.8964,0.89647,1.00,2.63
2014.02.03 14:26:14.319,0.89638,0.89647,1.00,2.70
2014.02.03 14:26:14.724,0.89637,0.89648,1.38,1.48
2014.02.03 14:26:15.255,0.89639,0.89649,1.00,1.38
2014.02.03 14:26:15.458,0.89637,0.89648,1.13,1.45
2014.02.03 14:26:16.087,0.89637,0.89648,1.50,1.55
2014.02.03 14:26:16.188,0.89639,0.89648,1.38,1.10
2014.02.03 14:26:16.492,0.89643,0.89653,1.38,2.63
2014.02.03 14:26:17.021,0.89644,0.89653,1.00,1.88
2014.02.03 14:26:19.998,0.89644,0.89653,1.00,1.13
2014.02.03 14:26:20.509,0.89644,0.89653,1.00,1.38
2014.02.03 14:26:21.049,0.89644,0.89653,1.00,1.48
2014.02.03 14:26:21.508,0.89644,0.89653,1.13,1.20
2014.02.03 14:26:21.889,0.89644,0.89651,1.13,1.00
2014.02.03 14:26:22.216,0.89646,0.89651,1.38,1.00
2014.02.03 14:26:22.267,0.89646,0.89656,1.38,1.00
2014.02.03 14:26:22.368,0.89646,0.89651,1.38,1.00
2014.02.03 14:26:22.900,0.89646,0.89657,1.38,1.13
2014.02.03 14:26:23.862,0.89649,0.89657,1.00,1.00
2014.02.03 14:26:25.111,0.89649,0.89655,1.13,1.00
2014.02.03 14:26:25.854,0.89649,0.89657,1.00,1.00
2014.02.03 14:26:26.331,0.89649,0.89653,1.00,1.00
2014.02.03 14:26:26.951,0.89649,0.89654,1.00,1.00
2014.02.03 14:26:27.422,0.89645,0.89651,1.55,1.00
2014.02.03 14:26:28.524,0.89646,0.89657,1.48,1.13
2014.02.03 14:26:32.123,0.89646,0.89654,1.38,1.00
2014.02.03 14:26:32.635,0.89646,0.89655,1.38,1.00
2014.02.03 14:26:34.380,0.89646,0.89652,1.00,1.00
2014.02.03 14:26:34.886,0.89646,0.89651,1.00,1.00
2014.02.03 14:26:35.478,0.89646,0.89652,1.00,1.00
2014.02.03 14:26:39.152,0.89649,0.89658,1.13,1.30
2014.02.03 14:26:39.673,0.89648,0.89652,1.00,1.00
2014.02.03 14:26:41.762,0.89649,0.89653,1.00,1.00
2014.02.03 14:26:41.864,0.8965,0.89657,1.38,1.00
2014.02.03 14:26:41.915,0.8965,0.89657,1.38,1.00
2014.02.03 14:26:42.168,0.8965,0.89657,1.38,1.00
2014.02.03 14:26:42.219,0.89652,0.8966,1.00,1.13
2014.02.03 14:26:42.320,0.89652,0.89658,1.00,1.00
2014.02.03 14:26:42.472,0.8965,0.89658,1.88,1.00
2014.02.03 14:26:42.847,0.8965,0.8966,1.88,1.00
2014.02.03 14:26:43.369,0.8965,0.89659,1.88,1.00
2014.02.03 14:26:44.652,0.8965,0.89657,1.88,1.00
2014.02.03 14:26:45.243,0.8965,0.89657,1.50,1.00
2014.02.03 14:26:45.680,0.8965,0.89658,1.50,1.00
2014.02.03 14:26:46.225,0.8965,0.89659,1.50,1.00
2014.02.03 14:26:46.848,0.8965,0.89659,1.50,1.00
2014.02.03 14:26:47.152,0.8965,0.89657,1.50,1.00
2014.02.03 14:26:47.203,0.8965,0.89657,1.13,1.13
2014.02.03 14:26:47.405,0.89648,0.89656,1.58,1.38
2014.02.03 14:26:48.219,0.89648,0.89656,1.50,1.13
2014.02.03 14:26:48.849,0.89648,0.89655,1.50,1.00
2014.02.03 14:26:51.329,0.89648,0.8966,1.58,1.95
2014.02.03 14:26:51.571,0.89648,0.8966,2.78,1.88
2014.02.03 14:26:52.078,0.89648,0.8966,4.95,1.88
2014.02.03 14:26:52.408,0.89653,0.89662,2.63,1.00
2014.02.03 14:26:53.107,0.89654,0.89662,1.55,1.00
2014.02.03 14:26:55.972,0.89654,0.89662,1.55,1.00
2014.02.03 14:27:00.249,0.89654,0.89662,1.55,1.00
2014.02.03 14:27:00.877,0.89654,0.89662,1.55,1.00
2014.02.03 14:27:01.558,0.89654,0.89662,1.38,1.00
2014.02.03 14:27:03.428,0.89653,0.89662,1.13,1.00
2014.02.03 14:27:04.019,0.89652,0.89662,1.13,1.00
2014.02.03 14:27:04.070,0.89652,0.8966,1.00,1.38
2014.02.03 14:27:04.124,0.8965,0.8966,1.50,1.38
2014.02.03 14:27:05.034,0.8965,0.89662,1.13,2.03
2014.02.03 14:27:05.540,0.8965,0.8966,1.00,1.38
2014.02.03 14:27:05.844,0.8965,0.89654,1.00,1.00
2014.02.03 14:27:05.995,0.89648,0.89654,1.00,1.00
2014.02.03 14:27:06.198,0.89644,0.8965,1.38,1.00
2014.02.03 14:27:06.249,0.8964,0.8965,1.83,1.38
2014.02.03 14:27:06.350,0.89643,0.8965,1.00,1.38
2014.02.03 14:27:06.521,0.89641,0.8965,1.00,1.38
2014.02.03 14:27:07.080,0.89641,0.8965,1.00,1.38
2014.02.03 14:27:07.459,0.89641,0.89652,1.00,1.95
2014.02.03 14:27:07.895,0.89641,0.89652,1.38,1.13
2014.02.03 14:27:08.354,0.89644,0.89656,1.48,1.88
2014.02.03 14:27:09.296,0.89644,0.89656,1.95,1.88
2014.02.03 14:27:10.100,0.89644,0.89653,4.20,1.00
2014.02.03 14:27:10.303,0.89641,0.89652,1.38,1.88
2014.02.03 14:27:10.556,0.89641,0.89653,1.88,1.13
2014.02.03 14:27:11.092,0.89643,0.89654,1.10,1.38
2014.02.03 14:27:13.427,0.89643,0.89655,1.95,1.38
2014.02.03 14:27:13.618,0.89643,0.89655,1.50,1.48
2014.02.03 14:27:14.151,0.89642,0.89653,1.38,1.10
2014.02.03 14:27:14.252,0.89646,0.89656,1.13,1.13
2014.02.03 14:27:14.770,0.89646,0.89657,1.13,1.50
2014.02.03 14:27:16.025,0.89646,0.89658,1.38,1.95
2014.02.03 14:27:17.514,0.89646,0.89657,1.13,1.38
2014.02.03 14:27:18.390,0.89646,0.89657,1.00,1.38
2014.02.03 14:27:18.593,0.89644,0.89655,1.88,1.38
2014.02.03 14:27:19.300,0.89644,0.89653,1.38,1.00
2014.02.03 14:27:19.401,0.89644,0.89653,1.48,1.00
2014.02.03 14:27:19.553,0.89646,0.89658,1.38,4.13
2014.02.03 14:27:19.705,0.89646,0.89658,1.88,1.95
2014.02.03 14:27:19.797,0.89646,0.89658,1.88,1.95
2014.02.03 14:27:21.726,0.89646,0.89656,1.95,1.00
2014.02.03 14:27:22.302,0.89646,0.89656,1.95,1.00
2014.02.03 14:27:23.489,0.89646,0.89657,1.95,1.00
2014.02.03 14:27:23.839,0.89648,0.89654,1.13,1.00
2014.02.03 14:27:24.260,0.89648,0.89657,1.13,1.00
2014.02.03 14:27:24.957,0.89648,0.89655,1.00,1.00
2014.02.03 14:27:25.311,0.89646,0.89655,1.20,1.13
2014.02.03 14:27:25.766,0.89647,0.89656,1.00,1.38
2014.02.03 14:27:26.215,0.89647,0.89656,1.00,1.38
2014.02.03 14:27:26.502,0.89645,0.89652,1.00,1.00
2014.02.03 14:27:27.478,0.89645,0.89654,1.00,1.00
2014.02.03 14:27:27.680,0.89645,0.89656,1.00,1.20
2014.02.03 14:27:28.048,0.89645,0.89656,1.48,1.00
2014.02.03 14:27:29.405,0.89646,0.89656,1.38,1.00
2014.02.03 14:27:31.186,0.89647,0.89658,1.48,1.00
2014.02.03 14:27:31.857,0.89648,0.89659,1.13,1.13
2014.02.03 14:27:32.212,0.8965,0.89659,1.45,1.00
2014.02.03 14:27:32.313,0.8965,0.89661,1.55,1.00
2014.02.03 14:27:32.415,0.89652,0.89661,1.38,1.00
2014.02.03 14:27:33.192,0.89654,0.89661,1.13,1.00
2014.02.03 14:27:37.168,0.89653,0.89661,1.00,1.50
2014.02.03 14:27:37.320,0.89651,0.89661,1.00,1.58
2014.02.03 14:27:37.370,0.89651,0.89659,1.00,1.00
2014.02.03 14:27:40.767,0.89651,0.89661,1.00,1.95
2014.02.03 14:27:41.454,0.89651,0.89661,1.00,1.95
2014.02.03 14:27:42.648,0.89651,0.8966,1.00,1.00
2014.02.03 14:27:43.292,0.89651,0.89659,1.00,1.00
2014.02.03 14:27:43.939,0.89651,0.89659,1.50,1.00
2014.02.03 14:27:43.990,0.89651,0.89661,2.25,1.50
2014.02.03 14:27:44.527,0.89651,0.89661,1.48,1.00
2014.02.03 14:27:45.044,0.89651,0.89663,1.95,1.88
2014.02.03 14:27:46.481,0.89651,0.89661,2.70,1.13
2014.02.03 14:27:47.502,0.89651,0.8966,2.70,1.00
2014.02.03 14:27:47.654,0.89651,0.89662,1.95,1.13
2014.02.03 14:27:48.059,0.89654,0.89663,1.00,1.50
2014.02.03 14:27:50.773,0.89654,0.89661,1.13,1.00
2014.02.03 14:27:51.016,0.89652,0.89663,1.55,1.88
2014.02.03 14:27:51.421,0.89652,0.89663,1.55,1.50
2014.02.03 14:27:51.673,0.89653,0.89665,1.95,1.88
2014.02.03 14:27:52.401,0.89653,0.89664,4.95,1.00
2014.02.03 14:27:55.868,0.89653,0.89664,4.20,1.13
2014.02.03 14:27:56.412,0.89653,0.89665,4.20,1.88
2014.02.03 14:27:57.169,0.89653,0.89665,4.20,1.88
2014.02.03 14:28:01.041,0.89654,0.89665,1.65,1.38
2014.02.03 14:28:01.824,0.89654,0.89665,1.65,1.88
2014.02.03 14:28:02.357,0.89653,0.89662,2.78,1.00
2014.02.03 14:28:02.611,0.89652,0.89662,1.13,1.38
2014.02.03 14:28:02.662,0.89651,0.89659,1.38,1.00
2014.02.03 14:28:02.864,0.89648,0.89658,1.50,1.38
2014.02.03 14:28:04.869,0.89648,0.89653,1.00,1.00
2014.02.03 14:28:05.072,0.89645,0.89653,1.38,1.00
2014.02.03 14:28:05.274,0.89642,0.89653,1.88,1.10
2014.02.03 14:28:05.376,0.89642,0.89653,1.50,1.48
2014.02.03 14:28:05.881,0.89642,0.8965,1.50,1.00
2014.02.03 14:28:06.610,0.89642,0.89651,3.75,1.00
2014.02.03 14:28:06.712,0.89645,0.89653,1.00,1.13
2014.02.03 14:28:06.864,0.89645,0.89655,1.28,1.00
2014.02.03 14:28:06.915,0.89645,0.89655,1.65,1.00
2014.02.03 14:28:07.219,0.8965,0.89654,1.00,1.00
2014.02.03 14:28:07.522,0.89648,0.89655,1.00,1.00
2014.02.03 14:28:09.486,0.89648,0.89654,1.00,1.13
2014.02.03 14:28:10.345,0.89644,0.89651,3.08,1.00
2014.02.03 14:28:11.669,0.89648,0.89654,1.00,1.13
2014.02.03 14:28:12.443,0.8965,0.89654,1.00,1.00
2014.02.03 14:28:13.538,0.8965,0.89656,1.00,1.13
2014.02.03 14:28:14.092,0.89648,0.89656,1.00,1.00
2014.02.03 14:28:14.194,0.89648,0.89656,1.00,1.38
2014.02.03 14:28:14.665,0.8965,0.89656,1.00,1.00
2014.02.03 14:28:14.968,0.89647,0.89654,1.00,1.00
2014.02.03 14:28:15.118,0.89644,0.8965,1.00,1.38
2014.02.03 14:28:15.637,0.89644,0.8965,1.00,1.00
2014.02.03 14:28:16.240,0.89644,0.89652,1.00,1.38
2014.02.03 14:28:16.748,0.89644,0.89652,1.00,1.00
2014.02.03 14:28:18.408,0.89644,0.89652,1.38,1.00
2014.02.03 14:28:19.762,0.89644,0.89655,1.38,1.28
2014.02.03 14:28:20.283,0.89647,0.89655,1.00,1.00
2014.02.03 14:28:21.450,0.89645,0.89655,1.38,1.00
2014.02.03 14:28:22.064,0.89645,0.89651,1.00,1.00
2014.02.03 14:28:24.235,0.89645,0.89654,1.00,1.50
2014.02.03 14:28:24.345,0.89645,0.89654,1.00,1.50
2014.02.03 14:28:26.047,0.89645,0.89655,1.00,2.33
2014.02.03 14:28:28.385,0.89647,0.89656,1.00,1.38
2014.02.03 14:28:28.689,0.89651,0.89659,1.00,1.13
2014.02.03 14:28:29.191,0.89651,0.89661,1.00,1.38
2014.02.03 14:28:29.852,0.89651,0.89661,1.00,1.38
2014.02.03 14:28:31.426,0.89651,0.89661,1.13,1.38
2014.02.03 14:28:31.939,0.89651,0.89661,1.00,1.38
2014.02.03 14:28:32.926,0.89651,0.89661,1.38,1.13
2014.02.03 14:28:35.383,0.89649,0.8966,1.95,1.00
2014.02.03 14:28:35.787,0.89649,0.89659,1.38,1.00
2014.02.03 14:28:36.455,0.89649,0.89661,1.88,1.95
2014.02.03 14:28:37.285,0.89649,0.89661,1.88,1.95
2014.02.03 14:28:38.166,0.89649,0.89661,1.88,1.95
2014.02.03 14:28:38.906,0.89649,0.89661,2.63,1.95
2014.02.03 14:28:39.212,0.89655,0.89665,1.58,1.00
2014.02.03 14:28:39.313,0.89658,0.89668,1.13,1.10
2014.02.03 14:28:39.364,0.89658,0.89665,1.13,1.00
2014.02.03 14:28:39.568,0.89658,0.89667,1.00,1.13
2014.02.03 14:28:40.944,0.89658,0.8967,1.88,1.88
2014.02.03 14:28:41.487,0.89659,0.8967,1.00,1.38
2014.02.03 14:28:44.039,0.89659,0.8967,1.00,1.38
2014.02.03 14:28:44.662,0.89659,0.89669,1.48,1.00
2014.02.03 14:28:46.026,0.89659,0.89668,1.48,1.00
2014.02.03 14:28:46.582,0.89659,0.89671,1.95,1.38
2014.02.03 14:28:48.075,0.89659,0.89671,1.95,1.00
2014.02.03 14:28:48.378,0.89663,0.89675,3.53,1.50
2014.02.03 14:28:48.530,0.89666,0.89675,1.00,1.13
2014.02.03 14:28:49.093,0.89666,0.89675,1.50,1.38
2014.02.03 14:28:49.468,0.89666,0.89671,1.00,1.00
2014.02.03 14:28:49.519,0.89664,0.89671,1.50,1.00
2014.02.03 14:28:49.671,0.89662,0.89671,1.88,1.13
2014.02.03 14:28:49.722,0.89664,0.89671,1.00,1.13
2014.02.03 14:28:49.874,0.89662,0.89671,1.50,1.38
2014.02.03 14:28:52.524,0.89662,0.89671,1.00,1.13
2014.02.03 14:28:52.628,0.89662,0.89668,1.00,1.00
2014.02.03 14:28:52.781,0.89662,0.89672,1.00,1.38
2014.02.03 14:28:53.291,0.89662,0.89672,1.00,1.38
2014.02.03 14:28:55.425,0.89662,0.8967,1.10,1.38
2014.02.03 14:28:56.696,0.8966,0.8967,1.00,1.48
2014.02.03 14:28:57.006,0.89658,0.89667,1.13,1.00
2014.02.03 14:28:57.107,0.8966,0.89667,1.00,1.00
2014.02.03 14:28:57.411,0.8966,0.89665,1.00,1.00
2014.02.03 14:28:58.285,0.8966,0.89669,1.58,1.00
2014.02.03 14:28:58.588,0.89663,0.89667,1.00,1.00
2014.02.03 14:28:59.074,0.8966,0.89667,2.25,1.00
2014.02.03 14:29:01.393,0.89663,0.89667,1.00,1.00
2014.02.03 14:29:01.444,0.89663,0.8967,1.00,1.13
2014.02.03 14:29:01.607,0.89663,0.8967,1.00,1.38
2014.02.03 14:29:01.860,0.89661,0.89667,1.00,1.00
2014.02.03 14:29:02.416,0.89659,0.89667,1.20,1.00
2014.02.03 14:29:02.467,0.89659,0.89665,1.13,1.00
2014.02.03 14:29:02.770,0.89655,0.89661,1.00,1.00
2014.02.03 14:29:02.821,0.89653,0.89661,2.63,1.00
2014.02.03 14:29:02.872,0.89653,0.89665,3.38,1.55
2014.02.03 14:29:02.974,0.89655,0.89665,1.00,1.55
2014.02.03 14:29:03.300,0.89652,0.89663,1.58,1.38
2014.02.03 14:29:03.804,0.89652,0.89663,1.10,3.38
2014.02.03 14:29:04.313,0.89652,0.89663,1.10,1.88
2014.02.03 14:29:05.177,0.89652,0.89661,1.00,1.88
2014.02.03 14:29:05.233,0.8965,0.89661,1.10,1.88
2014.02.03 14:29:05.284,0.8965,0.89661,1.10,2.63
2014.02.03 14:29:05.588,0.89649,0.89657,1.00,1.88
2014.02.03 14:29:05.690,0.89645,0.89657,2.33,1.88
2014.02.03 14:29:05.919,0.89645,0.89657,2.33,1.88
2014.02.03 14:29:07.151,0.89646,0.89656,1.00,1.48
2014.02.03 14:29:07.708,0.89646,0.89657,1.00,2.03
2014.02.03 14:29:08.221,0.89645,0.89657,1.50,2.03
2014.02.03 14:29:08.726,0.89644,0.89654,1.00,1.00
2014.02.03 14:29:12.283,0.89644,0.89653,1.00,1.00
2014.02.03 14:29:13.153,0.89644,0.89651,1.00,1.00
2014.02.03 14:29:13.359,0.89644,0.89654,1.00,1.13
2014.02.03 14:29:14.924,0.89644,0.89651,1.00,1.00
2014.02.03 14:29:15.442,0.89644,0.89652,1.00,1.00
2014.02.03 14:29:15.558,0.89644,0.89654,1.00,1.13
2014.02.03 14:29:16.768,0.89644,0.89652,1.00,1.00
2014.02.03 14:29:17.321,0.89644,0.89653,1.00,1.00
2014.02.03 14:29:17.980,0.89644,0.89654,1.00,1.13
2014.02.03 14:29:20.173,0.89644,0.89653,1.00,1.00
2014.02.03 14:29:21.073,0.89644,0.89654,1.00,1.13
2014.02.03 14:29:23.634,0.89644,0.89651,1.00,1.00
2014.02.03 14:29:24.904,0.89644,0.89654,1.00,1.13
2014.02.03 14:29:25.438,0.89644,0.89654,1.18,1.13
2014.02.03 14:29:29.853,0.89645,0.89653,1.10,1.00
2014.02.03 14:29:31.144,0.89645,0.89654,1.10,1.00
2014.02.03 14:29:31.658,0.89645,0.89655,1.20,1.00
2014.02.03 14:29:32.224,0.89645,0.89656,1.20,1.13
2014.02.03 14:29:38.335,0.89644,0.89656,2.03,1.50
2014.02.03 14:29:38.436,0.89646,0.89656,2.70,1.50
2014.02.03 14:29:38.746,0.89651,0.89656,1.13,1.00
2014.02.03 14:29:39.269,0.89651,0.89657,1.13,1.00
2014.02.03 14:29:39.857,0.89649,0.89653,1.50,1.00
2014.02.03 14:29:40.110,0.89645,0.89653,1.00,1.00
2014.02.03 14:29:41.749,0.89646,0.89653,1.00,1.00
2014.02.03 14:29:42.308,0.89647,0.89653,1.58,1.00
2014.02.03 14:29:43.824,0.89647,0.89653,1.95,1.00
2014.02.03 14:29:44.368,0.89649,0.89653,1.00,1.00
2014.02.03 14:29:44.888,0.89649,0.89654,1.00,1.00
2014.02.03 14:29:46.981,0.89649,0.89658,1.00,1.13
2014.02.03 14:29:47.082,0.89649,0.89654,1.00,1.00
2014.02.03 14:29:49.052,0.89649,0.89656,1.00,1.00
2014.02.03 14:29:49.576,0.89648,0.89656,1.13,1.00
2014.02.03 14:29:50.021,0.89645,0.89655,3.08,1.38
2014.02.03 14:29:51.307,0.89643,0.89653,1.28,1.13
2014.02.03 14:29:52.383,0.89641,0.89653,4.20,1.88
2014.02.03 14:29:52.946,0.89641,0.89653,4.20,1.88
2014.02.03 14:29:53.151,0.89641,0.8965,4.20,1.00
2014.02.03 14:29:53.454,0.89641,0.8965,3.08,1.38
2014.02.03 14:29:53.556,0.89638,0.8965,2.40,1.88
2014.02.03 14:29:54.080,0.89639,0.8965,2.63,1.88
2014.02.03 14:29:54.396,0.89639,0.89649,1.50,1.00
2014.02.03 14:29:54.649,0.89641,0.89652,2.70,1.50
2014.02.03 14:29:54.876,0.89643,0.89652,2.70,1.50
2014.02.03 14:29:55.656,0.89643,0.89654,3.45,1.00
2014.02.03 14:29:55.959,0.89644,0.89655,1.28,1.00
2014.02.03 14:29:57.955,0.89644,0.89655,1.28,1.00
2014.02.03 14:29:58.108,0.89644,0.89655,1.28,1.00
2014.02.03 14:29:59.305,0.89644,0.89655,1.28,1.00
2014.02.03 14:30:00.201,0.89644,0.89655,1.28,1.00
2014.02.03 14:30:00.303,0.89646,0.89655,1.38,1.00
2014.02.03 14:30:00.870,0.89646,0.89655,2.40,1.00
2014.02.03 14:30:01.218,0.89654,0.89664,1.38,1.00
2014.02.03 14:30:01.374,0.89655,0.89666,1.55,1.38
2014.02.03 14:30:01.528,0.89656,0.89666,2.70,1.38
2014.02.03 14:30:01.680,0.89657,0.89668,3.45,1.50
2014.02.03 14:30:02.340,0.89658,0.89666,1.00,1.50
2014.02.03 14:30:02.811,0.89656,0.89666,1.00,2.25
2014.02.03 14:30:03.461,0.89654,0.89666,5.25,1.75
2014.02.03 14:30:03.563,0.89658,0.89666,1.00,1.75
2014.02.03 14:30:04.068,0.89658,0.89665,1.48,1.13
2014.02.03 14:30:04.757,0.89657,0.89665,1.13,1.00
2014.02.03 14:30:04.960,0.89655,0.89665,1.13,1.00
2014.02.03 14:30:05.162,0.89654,0.89666,1.38,1.00
2014.02.03 14:30:05.466,0.89661,0.8967,1.48,1.00
2014.02.03 14:30:05.770,0.89661,0.89672,4.20,1.00
2014.02.03 14:30:06.072,0.89666,0.89671,1.38,1.00
2014.02.03 14:30:06.641,0.89666,0.89673,1.38,1.50
2014.02.03 14:30:06.916,0.89664,0.89673,1.38,1.50
2014.02.03 14:30:07.018,0.89663,0.89671,1.48,1.00
2014.02.03 14:30:07.170,0.89663,0.89671,1.00,1.13
2014.02.03 14:30:07.221,0.89661,0.8967,1.95,1.00
2014.02.03 14:30:07.728,0.89661,0.8967,1.38,1.00
2014.02.03 14:30:08.375,0.89658,0.8967,5.33,1.00
2014.02.03 14:30:08.679,0.89658,0.89669,2.33,1.58
2014.02.03 14:30:08.730,0.89658,0.89667,1.13,1.50
2014.02.03 14:30:08.781,0.89658,0.89665,1.13,1.00
2014.02.03 14:30:08.882,0.89655,0.89664,1.58,1.00
2014.02.03 14:30:10.421,0.89653,0.89664,1.55,1.00
2014.02.03 14:30:11.028,0.89655,0.89664,1.75,1.00
2014.02.03 14:30:11.332,0.89659,0.89668,1.38,1.00
2014.02.03 14:30:11.498,0.89659,0.89671,1.95,1.50
2014.02.03 14:30:12.011,0.89659,0.89671,1.95,2.25
2014.02.03 14:30:12.163,0.89659,0.89671,1.95,1.88
2014.02.03 14:30:12.213,0.89659,0.89671,1.88,3.45
2014.02.03 14:30:12.315,0.89657,0.89668,2.25,1.00
2014.02.03 14:30:12.416,0.89657,0.89667,1.50,1.00
2014.02.03 14:30:12.618,0.89658,0.89669,2.78,1.00
2014.02.03 14:30:13.240,0.89659,0.89669,1.48,1.00
2014.02.03 14:30:13.392,0.8966,0.89669,1.38,1.00
2014.02.03 14:30:16.377,0.89664,0.89669,1.38,1.00
2014.02.03 14:30:16.428,0.89666,0.89672,1.00,1.10
2014.02.03 14:30:16.479,0.89666,0.89672,1.38,1.00
2014.02.03 14:30:16.530,0.89668,0.89674,1.00,1.10
2014.02.03 14:30:16.632,0.89667,0.89676,1.13,1.00
2014.02.03 14:30:17.171,0.89666,0.89676,3.08,1.13
2014.02.03 14:30:17.887,0.89668,0.89679,1.10,1.38
2014.02.03 14:30:18.432,0.89667,0.89679,2.03,1.38
2014.02.03 14:30:19.802,0.89668,0.89679,2.70,1.38
2014.02.03 14:30:19.954,0.89668,0.89679,2.70,1.88
2014.02.03 14:30:20.912,0.89668,0.89677,1.13,1.00
2014.02.03 14:30:21.166,0.89666,0.89675,1.50,1.00
2014.02.03 14:30:21.470,0.89665,0.89674,1.50,1.00
2014.02.03 14:30:22.049,0.89665,0.89673,1.50,1.00
2014.02.03 14:30:22.251,0.89661,0.8967,1.58,1.50
2014.02.03 14:30:22.353,0.8966,0.8967,1.28,1.50
2014.02.03 14:30:22.657,0.89661,0.8967,1.50,1.00
2014.02.03 14:30:22.708,0.89661,0.8967,1.50,1.00
2014.02.03 14:30:22.809,0.89664,0.89672,1.95,1.00
2014.02.03 14:30:23.202,0.89664,0.89674,1.88,1.00
2014.02.03 14:30:23.254,0.89665,0.89674,1.00,1.13
2014.02.03 14:30:23.689,0.89664,0.89674,1.88,1.10
2014.02.03 14:30:23.993,0.89668,0.89675,1.38,1.18
2014.02.03 14:30:24.096,0.89669,0.89677,1.00,1.10
2014.02.03 14:30:24.249,0.89674,0.89681,1.00,2.70
2014.02.03 14:30:24.401,0.89674,0.89685,1.48,1.88
2014.02.03 14:30:24.502,0.89673,0.89684,1.58,4.13
2014.02.03 14:30:24.807,0.89667,0.89678,1.48,1.00
2014.02.03 14:30:24.859,0.89666,0.89678,2.78,1.00
2014.02.03 14:30:24.910,0.89666,0.89676,2.03,1.00
2014.02.03 14:30:24.961,0.89665,0.89676,2.63,1.58
2014.02.03 14:30:25.012,0.89665,0.89674,2.63,1.00
2014.02.03 14:30:25.316,0.89664,0.89672,1.38,1.00
2014.02.03 14:30:26.710,0.89661,0.89672,1.88,1.10
2014.02.03 14:30:27.149,0.8966,0.89672,3.23,1.48
2014.02.03 14:30:27.700,0.8966,0.89672,1.58,1.88
2014.02.03 14:30:27.919,0.8966,0.89671,1.58,1.38
2014.02.03 14:30:28.426,0.89657,0.89668,2.25,1.00
2014.02.03 14:30:28.628,0.89656,0.89666,1.10,1.13
2014.02.03 14:30:28.730,0.89656,0.89664,1.10,1.00
2014.02.03 14:30:28.983,0.89652,0.89664,1.20,1.88
2014.02.03 14:30:29.529,0.89652,0.89663,1.10,1.38
2014.02.03 14:30:29.681,0.89652,0.89661,1.48,1.00
2014.02.03 14:30:29.984,0.89652,0.89662,1.20,1.38
2014.02.03 14:30:30.086,0.89651,0.89662,1.73,1.38
2014.02.03 14:30:30.381,0.89651,0.89662,2.85,1.38
2014.02.03 14:30:30.975,0.89653,0.89662,1.00,1.13
2014.02.03 14:30:31.194,0.89652,0.89662,1.75,1.00
2014.02.03 14:30:31.600,0.89651,0.89662,2.25,1.48
2014.02.03 14:30:32.116,0.89649,0.89659,1.88,1.13
2014.02.03 14:30:32.206,0.89649,0.89659,1.88,1.13
2014.02.03 14:30:32.742,0.89649,0.89659,1.88,1.13
2014.02.03 14:30:33.964,0.89649,0.89659,1.88,1.13
2014.02.03 14:30:34.470,0.89652,0.89659,1.00,1.00
2014.02.03 14:30:34.571,0.8965,0.89659,1.00,1.13
2014.02.03 14:30:34.723,0.8965,0.89659,1.00,1.38
2014.02.03 14:30:35.962,0.8965,0.89659,1.00,1.38
2014.02.03 14:30:36.429,0.89651,0.8966,1.38,1.38
2014.02.03 14:30:36.480,0.89652,0.8966,1.13,1.38
2014.02.03 14:30:38.339,0.89651,0.8966,1.38,1.38
2014.02.03 14:30:38.556,0.89651,0.8966,1.38,1.38
2014.02.03 14:30:38.657,0.8965,0.8966,1.00,1.88
2014.02.03 14:30:38.708,0.89649,0.89655,1.00,1.38
2014.02.03 14:30:38.911,0.89649,0.89656,1.38,1.13
2014.02.03 14:30:39.013,0.89651,0.89658,1.00,1.13
2014.02.03 14:30:39.064,0.89651,0.8966,1.48,1.38
2014.02.03 14:30:39.115,0.89651,0.8966,1.48,1.00
2014.02.03 14:30:39.670,0.89651,0.89662,1.55,1.88
2014.02.03 14:30:40.330,0.89652,0.89662,1.48,1.13
2014.02.03 14:30:40.901,0.89652,0.89662,1.48,1.13
2014.02.03 14:30:41.376,0.89651,0.89662,1.58,1.88
2014.02.03 14:30:41.427,0.89651,0.89662,1.50,1.88
2014.02.03 14:30:42.874,0.89651,0.8966,1.38,1.13
2014.02.03 14:30:43.130,0.89651,0.89662,1.10,1.38
2014.02.03 14:30:43.631,0.89651,0.89662,1.10,1.38
2014.02.03 14:30:44.003,0.89655,0.89662,1.00,1.13
2014.02.03 14:30:44.945,0.89655,0.89662,1.00,1.38
2014.02.03 14:30:45.141,0.89652,0.89662,1.18,1.38
2014.02.03 14:30:45.293,0.89652,0.89662,1.55,1.13
2014.02.03 14:30:45.446,0.89655,0.89665,1.10,1.38
2014.02.03 14:30:45.758,0.89657,0.89665,1.88,1.00
2014.02.03 14:30:45.859,0.89657,0.89669,2.78,1.88
2014.02.03 14:30:46.506,0.89659,0.89669,1.00,1.38
2014.02.03 14:30:46.839,0.89661,0.89669,1.38,1.13
2014.02.03 14:30:47.143,0.89662,0.89671,1.50,1.13
2014.02.03 14:30:47.396,0.89666,0.89671,1.00,1.13
2014.02.03 14:30:47.598,0.89664,0.89671,1.88,1.00
2014.02.03 14:30:48.682,0.89664,0.89673,1.50,1.38
2014.02.03 14:30:48.925,0.89666,0.89673,1.00,1.38
2014.02.03 14:30:49.225,0.89666,0.89673,1.00,1.13
2014.02.03 14:30:49.276,0.89666,0.89673,1.38,1.13
2014.02.03 14:30:49.377,0.8967,0.89676,1.38,1.00
2014.02.03 14:30:49.772,0.89672,0.89682,1.65,1.38
2014.02.03 14:30:50.324,0.89672,0.89682,2.03,1.38
2014.02.03 14:30:50.708,0.89673,0.89682,1.88,1.13
2014.02.03 14:30:50.810,0.89675,0.89685,1.85,1.00
2014.02.03 14:30:51.315,0.89675,0.89685,1.00,1.88
2014.02.03 14:30:51.850,0.89675,0.89683,1.00,1.88
2014.02.03 14:30:52.154,0.89671,0.89678,1.50,1.38
2014.02.03 14:30:53.014,0.89668,0.89676,1.00,1.38
2014.02.03 14:30:53.387,0.89669,0.89676,1.38,1.38
2014.02.03 14:30:53.488,0.89668,0.89676,1.00,1.38
2014.02.03 14:30:53.995,0.89668,0.89676,1.00,1.00
2014.02.03 14:30:55.028,0.89667,0.89676,1.10,1.00
2014.02.03 14:30:55.658,0.89667,0.89678,1.50,1.00
2014.02.03 14:30:55.961,0.8967,0.89681,1.58,1.50
2014.02.03 14:30:56.568,0.89673,0.89684,1.10,1.38
2014.02.03 14:30:56.871,0.89676,0.89685,1.00,1.38
2014.02.03 14:30:59.301,0.89676,0.89683,1.00,1.38
2014.02.03 14:30:59.724,0.89671,0.89681,1.00,1.38
2014.02.03 14:30:59.877,0.89671,0.89681,1.00,1.50
2014.02.03 14:31:00.079,0.89668,0.89677,1.00,1.38
2014.02.03 14:31:00.616,0.89667,0.89678,1.00,1.88
2014.02.03 14:31:01.281,0.89666,0.89676,1.10,1.13
2014.02.03 14:31:01.646,0.89668,0.89676,1.00,1.00
2014.02.03 14:31:01.950,0.8967,0.89681,1.58,1.88
2014.02.03 14:31:02.664,0.89671,0.89681,1.20,1.13
2014.02.03 14:31:03.185,0.89671,0.89681,1.58,1.38
2014.02.03 14:31:04.253,0.89671,0.89679,1.13,1.38
2014.02.03 14:31:04.404,0.89667,0.89679,1.65,2.63
2014.02.03 14:31:04.455,0.89668,0.89677,1.58,1.50
2014.02.03 14:31:04.607,0.8967,0.89679,1.13,1.13
2014.02.03 14:31:04.709,0.8967,0.89681,1.95,1.38
2014.02.03 14:31:04.911,0.89672,0.89684,2.03,3.00
2014.02.03 14:31:05.014,0.89673,0.89684,2.70,2.25
2014.02.03 14:31:06.217,0.89674,0.89684,1.55,1.13
2014.02.03 14:31:06.636,0.89677,0.89684,1.38,1.00
2014.02.03 14:31:06.940,0.89683,0.89688,1.00,1.00
2014.02.03 14:31:07.042,0.89683,0.89692,1.38,1.65
2014.02.03 14:31:07.194,0.89685,0.89692,1.38,1.00
2014.02.03 14:31:07.295,0.89691,0.89696,1.00,1.08
2014.02.03 14:31:07.448,0.8969,0.89698,1.50,1.00
2014.02.03 14:31:07.649,0.89691,0.897,1.38,1.10
2014.02.03 14:31:07.958,0.89693,0.89705,1.38,1.18
2014.02.03 14:31:08.466,0.89693,0.89705,1.55,1.00
2014.02.03 14:31:09.004,0.89692,0.89705,2.70,1.88
2014.02.03 14:31:09.537,0.89692,0.89705,2.70,1.88
2014.02.03 14:31:09.638,0.89692,0.89703,2.70,1.00
2014.02.03 14:31:09.739,0.89692,0.89705,2.70,2.63
2014.02.03 14:31:09.928,0.89692,0.89705,2.63,2.63
2014.02.03 14:31:11.563,0.89691,0.89703,2.03,1.38
2014.02.03 14:31:13.770,0.89691,0.89703,2.03,1.38
2014.02.03 14:31:15.886,0.89693,0.89705,1.00,1.88
2014.02.03 14:31:16.477,0.89693,0.89705,1.13,1.88
2014.02.03 14:31:17.424,0.89693,0.89703,1.00,1.38
2014.02.03 14:31:18.112,0.89692,0.89703,1.00,1.38
2014.02.03 14:31:18.315,0.89686,0.89696,1.13,1.38
2014.02.03 14:31:18.518,0.89684,0.89696,1.10,1.88
2014.02.03 14:31:19.075,0.89684,0.89696,1.00,1.95
2014.02.03 14:31:19.227,0.89684,0.89694,1.00,2.33
2014.02.03 14:31:19.329,0.8968,0.8969,1.18,1.38
2014.02.03 14:31:19.481,0.8968,0.89693,1.88,1.95
2014.02.03 14:31:19.533,0.89683,0.89693,1.13,1.88
2014.02.03 14:31:19.634,0.89684,0.89693,1.38,1.00
2014.02.03 14:31:20.145,0.89684,0.89694,1.38,1.00
2014.02.03 14:31:20.449,0.8968,0.89691,2.63,1.00
2014.02.03 14:31:20.869,0.8968,0.89689,1.00,1.00
2014.02.03 14:31:21.272,0.89678,0.89688,3.00,1.00
2014.02.03 14:31:21.628,0.89678,0.89686,1.00,1.35
2014.02.03 14:31:21.933,0.89675,0.8968,1.13,1.00
2014.02.03 14:31:22.085,0.8967,0.8968,1.55,1.00
2014.02.03 14:31:22.441,0.8967,0.89683,1.38,1.80
2014.02.03 14:31:22.542,0.8967,0.89681,1.38,1.10
2014.02.03 14:31:23.332,0.89668,0.89681,1.38,1.18
2014.02.03 14:31:23.967,0.89668,0.89681,1.38,1.28
2014.02.03 14:31:24.584,0.89667,0.89679,1.88,1.00
2014.02.03 14:31:25.618,0.89667,0.89678,1.38,1.13
2014.02.03 14:31:26.147,0.89667,0.89678,1.38,1.00
2014.02.03 14:31:26.258,0.89667,0.89678,1.13,1.38
2014.02.03 14:31:26.360,0.89667,0.89673,1.13,1.00
2014.02.03 14:31:26.564,0.8966,0.89668,1.13,1.38
2014.02.03 14:31:26.716,0.89657,0.89669,2.70,1.88
2014.02.03 14:31:26.767,0.89657,0.89669,2.70,1.13
2014.02.03 14:31:27.447,0.89657,0.8967,2.03,1.13
2014.02.03 14:31:28.287,0.89659,0.8967,1.45,1.13
2014.02.03 14:31:28.764,0.89659,0.8967,2.40,1.00
2014.02.03 14:31:28.815,0.89663,0.89673,1.50,1.95
2014.02.03 14:31:28.866,0.89663,0.89673,2.25,1.58
2014.02.03 14:31:29.190,0.8967,0.89677,2.03,1.13
2014.02.03 14:31:29.292,0.8967,0.89682,2.03,1.00
2014.02.03 14:31:29.950,0.8967,0.89681,2.03,1.00
2014.02.03 14:31:31.824,0.89671,0.89682,4.05,1.00
2014.02.03 14:31:32.027,0.89674,0.89685,2.03,1.13
2014.02.03 14:31:32.179,0.89674,0.89685,1.55,1.50
2014.02.03 14:31:32.330,0.89673,0.89683,3.08,1.00
2014.02.03 14:31:32.482,0.89673,0.89683,1.10,1.00
2014.02.03 14:31:32.584,0.89671,0.89682,1.10,1.13
2014.02.03 14:31:32.995,0.89669,0.89681,1.20,1.88
2014.02.03 14:31:33.984,0.89669,0.89681,1.20,1.88
2014.02.03 14:31:34.035,0.89668,0.89676,1.38,1.00
2014.02.03 14:31:34.086,0.89665,0.89676,3.45,1.38
2014.02.03 14:31:34.620,0.89665,0.89674,2.63,1.00
2014.02.03 14:31:34.671,0.89665,0.89676,2.63,1.13
2014.02.03 14:31:35.503,0.89665,0.89676,2.03,1.00
2014.02.03 14:31:35.656,0.89668,0.89676,1.88,1.00
2014.02.03 14:31:35.807,0.89672,0.89681,1.38,1.00
2014.02.03 14:31:36.315,0.89672,0.89681,1.13,1.00
2014.02.03 14:31:37.235,0.8967,0.89681,1.38,1.00
2014.02.03 14:31:37.286,0.89669,0.89681,1.00,2.03
2014.02.03 14:31:37.489,0.89665,0.89675,1.20,1.00
2014.02.03 14:31:37.790,0.89663,0.89673,1.38,1.00
2014.02.03 14:31:38.299,0.89663,0.89672,1.38,1.00
2014.02.03 14:31:38.846,0.89663,0.89672,1.48,1.00
2014.02.03 14:31:40.628,0.89663,0.89673,1.55,1.00
2014.02.03 14:31:41.084,0.89662,0.89671,4.20,1.00
2014.02.03 14:31:41.287,0.89662,0.89671,1.13,1.00
2014.02.03 14:31:41.937,0.89662,0.89671,1.38,1.00
2014.02.03 14:31:42.464,0.89662,0.89671,1.48,1.00
2014.02.03 14:31:42.832,0.89663,0.89674,1.55,1.50
2014.02.03 14:31:43.287,0.89666,0.89676,1.88,1.00
2014.02.03 14:31:43.443,0.89668,0.89676,1.00,1.00
2014.02.03 14:31:43.973,0.89668,0.89676,1.38,1.00
2014.02.03 14:31:46.247,0.89668,0.89676,1.13,1.00
2014.02.03 14:31:46.914,0.89668,0.89674,1.13,1.00
2014.02.03 14:31:47.015,0.89666,0.89674,1.50,1.13
2014.02.03 14:31:47.617,0.89665,0.89674,2.25,1.13
2014.02.03 14:31:48.017,0.89665,0.89672,1.00,1.00
2014.02.03 14:31:48.119,0.89663,0.89672,1.13,1.00
2014.02.03 14:31:48.899,0.89661,0.89671,1.10,1.38
2014.02.03 14:31:49.254,0.89657,0.89668,2.25,2.03
2014.02.03 14:31:49.763,0.89657,0.89666,1.50,1.00
2014.02.03 14:31:50.256,0.89657,0.89666,1.00,1.38
2014.02.03 14:31:50.408,0.89654,0.89664,1.00,1.13
2014.02.03 14:31:50.459,0.89654,0.89664,1.00,1.38
2014.02.03 14:31:50.510,0.89652,0.89664,1.20,1.38
2014.02.03 14:31:50.561,0.89651,0.89661,1.00,1.88
2014.02.03 14:31:51.017,0.89649,0.89659,1.13,1.95
2014.02.03 14:31:51.118,0.89651,0.89659,1.00,1.10
2014.02.03 14:31:51.976,0.89651,0.89662,1.00,1.95
2014.02.03 14:31:52.128,0.89653,0.89662,1.00,1.88
2014.02.03 14:31:52.790,0.89653,0.89662,1.00,1.13
2014.02.03 14:31:53.982,0.89653,0.89662,1.38,1.00
2014.02.03 14:31:54.490,0.89653,0.89664,1.10,1.88
2014.02.03 14:31:54.541,0.89653,0.89664,1.48,1.88
2014.02.03 14:31:54.642,0.89653,0.89663,1.10,1.38
2014.02.03 14:31:54.849,0.89653,0.89665,1.58,1.88
2014.02.03 14:31:54.951,0.89655,0.89665,1.00,1.38
2014.02.03 14:31:55.052,0.89655,0.89667,1.88,1.48
2014.02.03 14:31:55.155,0.89657,0.89669,1.88,4.20
2014.02.03 14:31:56.031,0.89657,0.89669,1.88,1.38
2014.02.03 14:31:56.335,0.89655,0.89667,2.63,1.48
2014.02.03 14:31:56.386,0.89655,0.89667,2.63,1.48
2014.02.03 14:31:56.890,0.89657,0.89667,1.00,1.38
2014.02.03 14:31:57.792,0.89657,0.89667,1.00,1.00
2014.02.03 14:31:59.173,0.89657,0.89666,1.00,1.00
2014.02.03 14:31:59.434,0.89657,0.89668,1.95,1.20
2014.02.03 14:32:00.423,0.89657,0.89668,1.88,1.10
2014.02.03 14:32:00.959,0.89659,0.89669,1.38,1.13
2014.02.03 14:32:01.503,0.89657,0.89668,1.38,1.13
2014.02.03 14:32:02.854,0.89658,0.89669,1.88,1.13
2014.02.03 14:32:03.616,0.89659,0.8967,1.38,1.00
2014.02.03 14:32:03.870,0.8966,0.89672,1.48,1.20
2014.02.03 14:32:04.173,0.8966,0.89672,2.70,1.00
2014.02.03 14:32:04.505,0.89665,0.89675,1.48,1.50
2014.02.03 14:32:04.606,0.89666,0.89677,1.88,1.00
2014.02.03 14:32:04.859,0.89666,0.89677,1.88,1.00
2014.02.03 14:32:05.366,0.89667,0.89679,1.48,1.50
2014.02.03 14:32:05.873,0.89667,0.89679,1.48,1.13
2014.02.03 14:32:06.179,0.89667,0.89679,1.48,1.38
2014.02.03 14:32:06.703,0.89667,0.89679,1.48,1.38
2014.02.03 14:32:07.222,0.89667,0.89679,1.48,1.13
2014.02.03 14:32:08.102,0.89669,0.89679,1.38,1.00
2014.02.03 14:32:09.168,0.89671,0.89681,1.88,1.00
2014.02.03 14:32:09.673,0.89671,0.89682,1.95,1.00
2014.02.03 14:32:09.983,0.89674,0.89683,1.00,1.00
2014.02.03 14:32:10.294,0.89674,0.89686,1.20,1.50
2014.02.03 14:32:10.395,0.89677,0.89687,1.48,1.00
2014.02.03 14:32:10.496,0.89677,0.89687,1.88,1.38
2014.02.03 14:32:10.906,0.89675,0.89685,1.00,1.00
2014.02.03 14:32:11.058,0.89675,0.89687,2.70,1.50
2014.02.03 14:32:11.582,0.89679,0.89687,1.38,1.00
2014.02.03 14:32:11.633,0.89679,0.8969,1.38,1.13
2014.02.03 14:32:12.189,0.89679,0.89689,1.38,1.00
2014.02.03 14:32:12.291,0.89679,0.89687,1.38,1.00
2014.02.03 14:32:13.372,0.89679,0.89689,1.38,1.00
2014.02.03 14:32:15.131,0.89679,0.8969,1.38,1.00
2014.02.03 14:32:15.663,0.89679,0.89689,1.38,1.00
2014.02.03 14:32:16.669,0.89677,0.89688,1.55,1.00
2014.02.03 14:32:17.278,0.89677,0.89688,1.38,1.00
2014.02.03 14:32:18.863,0.89677,0.89686,1.38,1.00
2014.02.03 14:32:19.382,0.89676,0.89686,1.48,1.00
2014.02.03 14:32:19.847,0.89674,0.89685,2.70,3.19
2014.02.03 14:32:19.898,0.89674,0.89682,2.63,1.00
2014.02.03 14:32:19.949,0.89673,0.89682,1.10,1.09
2014.02.03 14:32:20.000,0.89671,0.8968,3.38,1.00
2014.02.03 14:32:20.520,0.89669,0.8968,1.88,1.00
2014.02.03 14:32:21.843,0.89669,0.8968,1.88,1.50
2014.02.03 14:32:22.146,0.89667,0.89675,1.88,1.00
2014.02.03 14:32:22.197,0.89667,0.89677,1.88,1.00
2014.02.03 14:32:22.298,0.89667,0.89677,1.38,1.00
2014.02.03 14:32:22.400,0.89667,0.89677,1.38,3.08
2014.02.03 14:32:22.502,0.89665,0.89674,1.13,1.00
2014.02.03 14:32:22.704,0.89663,0.89672,1.38,1.00
2014.02.03 14:32:23.214,0.89663,0.89672,1.13,1.00
2014.02.03 14:32:23.700,0.89663,0.89672,1.95,1.00
2014.02.03 14:32:24.211,0.89665,0.89672,1.38,1.00
2014.02.03 14:32:24.789,0.89665,0.89674,1.38,1.00
2014.02.03 14:32:25.424,0.89665,0.89674,1.38,1.00
2014.02.03 14:32:25.672,0.89665,0.89676,1.38,1.10
2014.02.03 14:32:25.998,0.89664,0.89676,1.00,1.20
2014.02.03 14:32:26.240,0.89664,0.89676,1.00,1.48
2014.02.03 14:32:26.777,0.89663,0.89673,1.13,1.13
2014.02.03 14:32:27.082,0.89667,0.89678,2.33,1.13
2014.02.03 14:32:27.133,0.89669,0.89678,1.00,1.13
2014.02.03 14:32:27.673,0.89669,0.89681,2.70,2.25
2014.02.03 14:32:28.027,0.89671,0.89682,1.10,2.63
2014.02.03 14:32:28.578,0.89671,0.8968,1.10,1.13
2014.02.03 14:32:29.915,0.89669,0.8968,4.20,1.38
2014.02.03 14:32:30.514,0.89667,0.89679,1.55,1.13
2014.02.03 14:32:30.796,0.89666,0.89678,4.88,1.38
2014.02.03 14:32:31.976,0.89668,0.89679,2.70,1.00
2014.02.03 14:32:32.575,0.89668,0.89679,2.70,1.00
2014.02.03 14:32:33.124,0.89668,0.89679,2.70,1.00
2014.02.03 14:32:37.895,0.89669,0.89681,2.03,1.00
2014.02.03 14:32:37.946,0.89672,0.89681,1.30,1.00
2014.02.03 14:32:38.250,0.89677,0.89685,1.38,1.00
2014.02.03 14:32:38.352,0.89679,0.89687,1.00,1.00
2014.02.03 14:32:38.860,0.89678,0.89688,1.20,1.00
2014.02.03 14:32:40.522,0.89678,0.89686,1.13,1.00
2014.02.03 14:32:44.281,0.89678,0.89688,1.20,1.00
2014.02.03 14:32:44.534,0.8968,0.89688,1.13,1.00
2014.02.03 14:32:46.612,0.8968,0.89688,1.38,1.00
2014.02.03 14:32:47.415,0.8968,0.89688,1.38,1.00
2014.02.03 14:32:47.585,0.8968,0.8969,1.38,1.00
2014.02.03 14:32:47.822,0.8968,0.8969,1.48,1.00
2014.02.03 14:32:48.134,0.89678,0.89684,4.88,1.00
2014.02.03 14:32:48.186,0.89678,0.89684,1.88,1.00
2014.02.03 14:32:48.640,0.89675,0.89686,1.38,1.13
2014.02.03 14:32:48.923,0.89675,0.89684,1.00,1.13
2014.02.03 14:32:48.974,0.89673,0.89684,1.88,1.58
2014.02.03 14:32:49.389,0.89673,0.89684,1.38,1.65
2014.02.03 14:32:49.591,0.89673,0.89683,1.00,1.00
2014.02.03 14:32:49.904,0.89675,0.89683,1.00,1.00
2014.02.03 14:32:50.006,0.89673,0.89683,1.58,1.00
2014.02.03 14:32:50.107,0.89673,0.89684,4.20,1.13
2014.02.03 14:32:50.412,0.89677,0.89688,1.95,2.63
2014.02.03 14:32:50.920,0.89675,0.89687,1.95,1.00
2014.02.03 14:32:51.225,0.89684,0.8969,1.38,1.00
2014.02.03 14:32:51.326,0.89684,0.89695,1.88,1.08
2014.02.03 14:32:51.530,0.89686,0.89696,1.88,1.00
2014.02.03 14:32:51.631,0.89686,0.89694,1.38,1.00
2014.02.03 14:32:51.682,0.89684,0.89694,1.88,1.38
2014.02.03 14:32:51.986,0.89681,0.89692,1.38,1.88
2014.02.03 14:32:52.414,0.89681,0.8969,1.13,1.00
2014.02.03 14:32:52.935,0.89681,0.89689,1.38,1.00
2014.02.03 14:32:53.241,0.89681,0.8969,1.38,1.00
2014.02.03 14:32:53.538,0.89681,0.8969,1.38,1.00
2014.02.03 14:32:53.741,0.89679,0.8969,1.28,1.00
2014.02.03 14:32:53.842,0.89678,0.89688,2.70,1.00
2014.02.03 14:32:54.045,0.89677,0.89688,1.13,1.00
2014.02.03 14:32:54.096,0.89676,0.89686,1.48,1.00
2014.02.03 14:32:54.602,0.89676,0.89687,1.38,1.00
2014.02.03 14:32:54.906,0.89677,0.89688,1.91,1.00
2014.02.03 14:32:55.629,0.89677,0.89688,1.48,1.00
2014.02.03 14:32:56.404,0.89677,0.89686,1.48,1.00
2014.02.03 14:32:56.513,0.89677,0.89688,1.48,1.50
2014.02.03 14:32:56.934,0.89678,0.8969,1.20,1.58
2014.02.03 14:32:57.288,0.89681,0.89691,1.50,1.00
2014.02.03 14:32:57.592,0.89683,0.89694,1.38,1.48
2014.02.03 14:32:58.121,0.89682,0.89694,1.38,1.95
2014.02.03 14:33:00.442,0.89681,0.89691,1.38,1.00
2014.02.03 14:33:00.864,0.89681,0.89693,4.95,1.00
2014.02.03 14:33:01.067,0.89683,0.89695,1.48,1.13
2014.02.03 14:33:01.169,0.89685,0.89696,1.55,1.13
2014.02.03 14:33:01.681,0.89686,0.89697,1.48,1.00
2014.02.03 14:33:02.218,0.89686,0.89697,1.48,1.00
2014.02.03 14:33:02.837,0.89687,0.89697,1.38,1.00
2014.02.03 14:33:03.342,0.89687,0.89698,1.95,1.00
2014.02.03 14:33:03.804,0.89687,0.89694,1.95,1.00
2014.02.03 14:33:04.007,0.89687,0.89696,1.48,1.00
2014.02.03 14:33:04.108,0.89687,0.89698,1.48,1.00
2014.02.03 14:33:04.209,0.89686,0.89697,1.38,1.00
2014.02.03 14:33:04.311,0.89686,0.89696,1.38,1.00
2014.02.03 14:33:04.832,0.89686,0.89695,1.38,1.00
2014.02.03 14:33:05.410,0.89686,0.89696,1.38,1.00
2014.02.03 14:33:05.934,0.89687,0.89695,1.13,1.00
2014.02.03 14:33:06.150,0.89686,0.89695,1.10,1.38
2014.02.03 14:33:06.353,0.89683,0.89693,1.48,1.13
2014.02.03 14:33:06.858,0.89683,0.89693,1.20,1.38
2014.02.03 14:33:07.263,0.89685,0.89693,1.00,1.38
2014.02.03 14:33:07.472,0.89685,0.89697,1.00,1.88
2014.02.03 14:33:07.624,0.89687,0.89697,1.00,1.88
2014.02.03 14:33:07.725,0.89687,0.89697,1.08,1.88
2014.02.03 14:33:07.919,0.8969,0.89697,1.10,1.50
2014.02.03 14:33:08.449,0.8969,0.89697,1.18,1.00
2014.02.03 14:33:08.778,0.89693,0.89697,1.10,1.00
2014.02.03 14:33:08.829,0.89693,0.89699,1.10,1.50
2014.02.03 14:33:08.930,0.89693,0.89699,3.45,1.50
2014.02.03 14:33:09.342,0.89695,0.89701,1.00,1.00
2014.02.03 14:33:09.393,0.89695,0.89699,1.00,1.00
2014.02.03 14:33:09.696,0.89697,0.89701,1.00,1.00
2014.02.03 14:33:10.000,0.89699,0.89704,1.00,1.13
2014.02.03 14:33:10.494,0.89697,0.89701,2.18,1.13
2014.02.03 14:33:11.000,0.89694,0.89699,2.25,1.00
2014.02.03 14:33:11.373,0.89698,0.89702,1.00,1.00
2014.02.03 14:33:11.424,0.89698,0.89703,1.00,1.13
2014.02.03 14:33:11.786,0.89696,0.89701,1.58,1.00
2014.02.03 14:33:11.888,0.89696,0.89704,1.58,1.00
2014.02.03 14:33:11.989,0.89698,0.89706,1.00,1.00
2014.02.03 14:33:12.267,0.89698,0.89708,1.00,1.00
2014.02.03 14:33:12.633,0.89698,0.89709,1.00,1.95
2014.02.03 14:33:13.141,0.89698,0.89704,1.00,1.00
2014.02.03 14:33:13.445,0.89694,0.89698,1.10,1.00
2014.02.03 14:33:13.739,0.8969,0.89698,1.58,1.00
2014.02.03 14:33:14.210,0.89692,0.89702,1.00,1.38
2014.02.03 14:33:15.426,0.89694,0.89701,1.00,1.38
2014.02.03 14:33:15.952,0.89694,0.89701,1.00,1.38
2014.02.03 14:33:16.258,0.89696,0.89701,1.00,1.38
2014.02.03 14:33:16.560,0.89691,0.89698,2.33,1.38
2014.02.03 14:33:16.814,0.89692,0.89698,1.10,1.38
2014.02.03 14:33:17.293,0.89688,0.89696,2.25,1.88
2014.02.03 14:33:17.394,0.8969,0.89696,1.10,1.88
2014.02.03 14:33:18.285,0.89687,0.89695,3.00,1.13
2014.02.03 14:33:18.336,0.89687,0.89695,1.10,1.13
2014.02.03 14:33:18.387,0.89689,0.89697,1.00,1.73
2014.02.03 14:33:18.704,0.89685,0.89693,2.33,1.38
2014.02.03 14:33:18.806,0.89687,0.89693,1.00,1.38
2014.02.03 14:33:18.958,0.89685,0.89689,1.10,1.00
2014.02.03 14:33:19.262,0.89685,0.89691,1.10,1.13
2014.02.03 14:33:19.812,0.89685,0.89691,1.10,1.38
2014.02.03 14:33:20.324,0.89685,0.89691,1.10,1.13
2014.02.03 14:33:20.598,0.89683,0.89688,2.18,1.00
2014.02.03 14:33:20.801,0.89683,0.89687,1.00,1.00
2014.02.03 14:33:20.902,0.89681,0.89689,1.00,1.88
2014.02.03 14:33:21.003,0.89683,0.89688,1.00,1.38
2014.02.03 14:33:21.155,0.89683,0.8969,1.00,3.00
2014.02.03 14:33:21.257,0.89685,0.89691,1.00,1.00
2014.02.03 14:33:21.359,0.89685,0.89693,1.00,1.13
2014.02.03 14:33:21.460,0.89687,0.89693,1.00,1.13
2014.02.03 14:33:21.939,0.89687,0.89694,3.08,1.38
2014.02.03 14:33:22.397,0.89689,0.89695,1.18,1.00
2014.02.03 14:33:22.498,0.89691,0.89699,1.18,1.50
2014.02.03 14:33:22.751,0.89691,0.89699,1.18,1.50
2014.02.03 14:33:23.083,0.89693,0.89699,3.00,1.00
2014.02.03 14:33:23.184,0.89696,0.89701,1.10,1.00
2014.02.03 14:33:23.235,0.89696,0.89703,1.10,1.13
2014.02.03 14:33:23.337,0.89698,0.89702,1.00,1.00
2014.02.03 14:33:23.640,0.89692,0.89699,2.33,1.00
2014.02.03 14:33:24.550,0.89695,0.89699,1.00,1.00
2014.02.03 14:33:25.980,0.89695,0.89701,1.00,1.00
2014.02.03 14:33:27.063,0.89695,0.89703,1.00,1.88
2014.02.03 14:33:27.474,0.89695,0.89703,3.83,1.50
2014.02.03 14:33:27.778,0.89701,0.89707,2.33,1.88
2014.02.03 14:33:28.040,0.89701,0.89707,1.10,1.00
2014.02.03 14:33:28.192,0.89701,0.89708,1.10,1.50
2014.02.03 14:33:28.445,0.89701,0.8971,3.00,1.00
2014.02.03 14:33:28.749,0.89705,0.89713,1.10,1.38
2014.02.03 14:33:29.283,0.89706,0.89715,1.00,1.88
2014.02.03 14:33:29.738,0.89702,0.89713,1.58,1.38
2014.02.03 14:33:29.789,0.89702,0.89709,1.58,1.00
2014.02.03 14:33:29.942,0.897,0.89709,1.18,1.00
2014.02.03 14:33:31.432,0.897,0.89711,1.18,1.38
2014.02.03 14:33:32.423,0.897,0.89709,1.18,1.00
2014.02.03 14:33:33.524,0.897,0.89708,1.18,1.00
2014.02.03 14:33:34.224,0.897,0.89711,1.18,1.46
2014.02.03 14:33:35.771,0.89699,0.8971,2.33,2.48
2014.02.03 14:33:36.074,0.89695,0.89703,2.33,1.00
2014.02.03 14:33:36.125,0.89694,0.89703,1.28,1.00
2014.02.03 14:33:36.532,0.89694,0.89706,1.18,2.63
2014.02.03 14:33:38.241,0.89694,0.89706,2.03,2.25
2014.02.03 14:33:38.395,0.89699,0.8971,2.63,2.25
2014.02.03 14:33:38.800,0.89701,0.8971,3.45,1.00
2014.02.03 14:33:38.919,0.89701,0.89713,3.45,1.13
2014.02.03 14:33:39.425,0.89701,0.89713,3.45,1.38
2014.02.03 14:33:39.927,0.89701,0.89713,3.08,1.88
2014.02.03 14:33:40.550,0.89701,0.89713,3.45,1.88
2014.02.03 14:33:40.863,0.89701,0.8971,3.45,1.00
2014.02.03 14:33:42.180,0.89701,0.89712,3.45,1.13
2014.02.03 14:33:42.333,0.89702,0.8971,1.55,1.00
2014.02.03 14:33:42.640,0.89698,0.89703,1.00,1.38
2014.02.03 14:33:42.691,0.89694,0.89703,2.40,1.38
2014.02.03 14:33:43.107,0.89694,0.897,1.65,1.00
2014.02.03 14:33:43.365,0.89692,0.897,1.48,1.00
2014.02.03 14:33:43.901,0.89692,0.89701,1.10,1.13
2014.02.03 14:33:45.334,0.89693,0.89702,3.45,1.00
2014.02.03 14:33:45.486,0.89693,0.89704,3.45,1.00
2014.02.03 14:33:46.166,0.89695,0.89706,2.70,1.38
2014.02.03 14:33:46.983,0.89695,0.89706,2.70,1.13
2014.02.03 14:33:47.293,0.89696,0.89708,3.45,2.10
2014.02.03 14:33:47.445,0.897,0.89711,3.45,1.13
2014.02.03 14:33:47.496,0.897,0.89711,3.45,1.00
2014.02.03 14:33:48.002,0.89703,0.89711,1.55,1.00
2014.02.03 14:33:48.201,0.89703,0.89711,1.18,1.38
2014.02.03 14:33:48.252,0.89703,0.89707,1.00,1.00
2014.02.03 14:33:48.303,0.89699,0.89707,1.55,1.00
2014.02.03 14:33:48.456,0.89699,0.89704,1.10,1.00
2014.02.03 14:33:48.659,0.89696,0.89704,1.18,1.00
2014.02.03 14:33:53.188,0.89695,0.89704,1.00,1.46
2014.02.03 14:33:54.512,0.89695,0.89704,1.00,1.00
2014.02.03 14:33:56.271,0.89695,0.89703,1.00,1.00
2014.02.03 14:33:56.376,0.89695,0.897,1.00,1.00
2014.02.03 14:33:57.284,0.89695,0.89701,1.00,1.00
2014.02.03 14:33:58.206,0.89695,0.89705,1.00,2.96
2014.02.03 14:33:58.813,0.89695,0.89704,1.38,1.09
2014.02.03 14:34:00.470,0.89695,0.89704,1.13,1.46
2014.02.03 14:34:00.622,0.89695,0.897,1.20,1.00
2014.02.03 14:34:01.255,0.89695,0.89701,1.10,1.00
2014.02.03 14:34:03.444,0.89697,0.89701,1.00,1.00
2014.02.03 14:34:03.550,0.89697,0.89704,1.00,2.21
2014.02.03 14:34:04.952,0.89695,0.89704,1.00,2.63
2014.02.03 14:34:06.233,0.89695,0.89704,1.00,1.88
2014.02.03 14:34:06.284,0.89693,0.89704,1.10,1.88
2014.02.03 14:34:06.437,0.8969,0.89701,1.38,1.38
2014.02.03 14:34:06.539,0.89693,0.89701,1.00,1.88
2014.02.03 14:34:06.843,0.8969,0.89695,1.48,1.00
2014.02.03 14:34:06.945,0.89689,0.89695,1.00,1.50
2014.02.03 14:34:06.996,0.89685,0.89691,2.25,1.00
2014.02.03 14:34:07.098,0.89685,0.89692,2.33,1.13
2014.02.03 14:34:07.199,0.89686,0.8969,1.10,1.00
2014.02.03 14:34:07.402,0.89683,0.89689,1.13,1.00
2014.02.03 14:34:07.856,0.89683,0.89689,1.00,1.38
2014.02.03 14:34:08.058,0.89677,0.89682,1.10,1.00
2014.02.03 14:34:08.312,0.89674,0.89679,1.00,1.00
2014.02.03 14:34:09.053,0.89674,0.89679,1.00,1.00
2014.02.03 14:34:09.288,0.89676,0.89686,1.18,1.38
2014.02.03 14:34:09.394,0.89679,0.89686,1.00,1.38
2014.02.03 14:34:10.349,0.89676,0.89684,2.70,1.94
2014.02.03 14:34:10.501,0.89676,0.89681,1.00,1.46
2014.02.03 14:34:10.602,0.89674,0.89681,1.00,1.46
2014.02.03 14:34:10.704,0.89674,0.89681,1.00,1.71
2014.02.03 14:34:11.328,0.89672,0.89679,1.00,1.38
2014.02.03 14:34:11.872,0.89672,0.89679,1.00,1.38
2014.02.03 14:34:11.974,0.8967,0.89677,1.00,1.13
2014.02.03 14:34:12.025,0.8967,0.89677,1.00,1.38
2014.02.03 14:34:12.127,0.89668,0.89677,1.00,1.38
2014.02.03 14:34:13.990,0.89668,0.89677,1.20,1.13
2014.02.03 14:34:15.243,0.89668,0.89676,1.20,1.00
2014.02.03 14:34:15.615,0.89667,0.89674,1.10,1.38
2014.02.03 14:34:15.767,0.89666,0.89674,1.00,1.38
2014.02.03 14:34:15.970,0.89666,0.89675,1.00,1.00
2014.02.03 14:34:16.481,0.89666,0.89676,1.13,1.13
2014.02.03 14:34:16.689,0.89666,0.89676,1.00,1.38
2014.02.03 14:34:17.195,0.89665,0.89677,2.70,1.88
2014.02.03 14:34:17.712,0.89664,0.89677,1.55,1.88
2014.02.03 14:34:18.414,0.89666,0.89677,1.88,1.38
2014.02.03 14:34:18.769,0.89668,0.89679,1.38,1.73
2014.02.03 14:34:19.281,0.8967,0.89682,1.00,1.48
2014.02.03 14:34:19.607,0.89668,0.8968,1.58,1.39
2014.02.03 14:34:19.960,0.89667,0.8968,1.10,1.05
2014.02.03 14:34:20.163,0.89669,0.89681,1.00,1.38
2014.02.03 14:34:20.707,0.89669,0.89682,1.00,1.95
2014.02.03 14:34:21.406,0.89669,0.89678,1.00,1.38
2014.02.03 14:34:22.521,0.89669,0.89676,1.00,1.13
2014.02.03 14:34:22.572,0.89667,0.89675,1.58,1.84
2014.02.03 14:34:22.626,0.89664,0.89672,2.33,1.88
2014.02.03 14:34:22.830,0.89663,0.89672,1.13,1.75
2014.02.03 14:34:23.459,0.89663,0.89674,1.13,1.73
2014.02.03 14:34:23.611,0.89662,0.89674,1.18,2.81
2014.02.03 14:34:23.924,0.89662,0.89674,1.18,1.31
2014.02.03 14:34:24.926,0.89662,0.89672,1.18,1.38
2014.02.03 14:34:25.441,0.89662,0.89672,1.00,1.38
2014.02.03 14:34:26.902,0.89662,0.89673,1.00,1.38
2014.02.03 14:34:26.953,0.89662,0.89673,3.75,1.38
2014.02.03 14:34:27.055,0.89663,0.89673,1.28,1.38
2014.02.03 14:34:27.156,0.89668,0.89677,1.00,1.38
2014.02.03 14:34:27.258,0.89668,0.89678,1.00,1.48
2014.02.03 14:34:27.460,0.89668,0.89678,1.88,1.38
2014.02.03 14:34:27.511,0.8967,0.89678,1.00,1.38
2014.02.03 14:34:28.444,0.8967,0.89681,1.00,1.88
2014.02.03 14:34:28.991,0.89668,0.89681,1.28,1.48
2014.02.03 14:34:29.097,0.89668,0.89681,1.10,1.48
2014.02.03 14:34:29.712,0.89668,0.89681,1.10,1.48
2014.02.03 14:34:31.622,0.89668,0.89682,1.58,3.11
2014.02.03 14:34:32.721,0.89668,0.89682,1.58,3.11
2014.02.03 14:34:34.701,0.89668,0.89682,1.58,3.11
2014.02.03 14:34:35.381,0.89668,0.89679,1.00,1.38
2014.02.03 14:34:35.765,0.89668,0.89679,3.83,1.38
2014.02.03 14:34:36.019,0.89671,0.89681,1.50,1.38
2014.02.03 14:34:36.171,0.89671,0.89681,1.50,1.38
2014.02.03 14:34:36.353,0.89671,0.89681,1.88,1.38
2014.02.03 14:34:36.765,0.89671,0.89681,1.00,1.38
2014.02.03 14:34:37.312,0.89671,0.89683,1.50,1.71
2014.02.03 14:34:37.798,0.89676,0.89683,1.13,1.00
2014.02.03 14:34:38.101,0.89677,0.89687,1.38,1.00
2014.02.03 14:34:38.405,0.89677,0.89688,1.55,1.00
2014.02.03 14:34:38.558,0.89678,0.8969,1.48,1.30
2014.02.03 14:34:38.660,0.89679,0.89691,1.38,1.20
2014.02.03 14:34:38.761,0.89681,0.89692,1.13,1.38
2014.02.03 14:34:39.317,0.89679,0.8969,1.48,1.50
2014.02.03 14:34:39.820,0.89679,0.89689,1.48,1.00
2014.02.03 14:34:40.430,0.89679,0.89689,1.48,1.00
2014.02.03 14:34:41.070,0.89679,0.89688,1.48,1.00
2014.02.03 14:34:42.230,0.89679,0.89687,1.48,1.00
2014.02.03 14:34:42.483,0.89679,0.89687,1.20,1.00
2014.02.03 14:34:43.901,0.89679,0.89688,1.38,1.00
2014.02.03 14:34:44.002,0.89679,0.89691,1.48,1.50
2014.02.03 14:34:45.182,0.8968,0.89692,1.45,1.10
2014.02.03 14:34:45.436,0.89685,0.89693,1.38,1.00
2014.02.03 14:34:46.298,0.89685,0.89696,1.38,2.03
2014.02.03 14:34:46.349,0.89685,0.89696,1.00,2.03
2014.02.03 14:34:46.970,0.89685,0.89696,1.00,1.55
2014.02.03 14:34:47.284,0.89687,0.89696,1.20,1.00
2014.02.03 14:34:47.598,0.89691,0.89701,1.00,1.95
2014.02.03 14:34:47.963,0.89691,0.89701,1.00,1.20
2014.02.03 14:34:49.264,0.89691,0.89697,1.00,1.00
2014.02.03 14:34:49.416,0.89687,0.89697,1.38,1.58
2014.02.03 14:34:49.568,0.89689,0.89701,1.00,6.45
2014.02.03 14:34:49.619,0.89689,0.89697,1.00,1.00
2014.02.03 14:34:49.771,0.89687,0.89697,1.13,1.18
2014.02.03 14:34:50.331,0.89686,0.89697,1.38,3.08
2014.02.03 14:34:51.639,0.89686,0.89697,1.13,3.08
2014.02.03 14:34:52.060,0.89686,0.89697,1.13,1.10
2014.02.03 14:34:52.767,0.89686,0.89698,2.63,1.65
2014.02.03 14:34:53.279,0.89688,0.89699,1.13,1.85
2014.02.03 14:34:53.582,0.89688,0.897,1.50,1.18
2014.02.03 14:34:53.633,0.89688,0.897,1.50,1.18
2014.02.03 14:34:53.937,0.89693,0.89701,1.00,1.13
2014.02.03 14:34:54.449,0.89693,0.89699,1.00,1.00
2014.02.03 14:34:54.601,0.8969,0.89699,1.00,1.00
2014.02.03 14:34:56.011,0.8969,0.89699,1.95,1.00
2014.02.03 14:34:56.219,0.89693,0.89699,1.00,1.00
2014.02.03 14:34:57.200,0.8969,0.89699,1.20,1.00
2014.02.03 14:34:57.453,0.89688,0.89698,1.13,1.58
2014.02.03 14:34:57.605,0.89688,0.89698,1.00,1.95
2014.02.03 14:34:57.757,0.89686,0.89698,1.00,4.88
2014.02.03 14:34:58.282,0.89686,0.89697,1.00,1.38
2014.02.03 14:34:58.485,0.89686,0.89698,1.00,3.45
2014.02.03 14:34:58.637,0.89684,0.89696,1.00,5.93
2014.02.03 14:34:58.976,0.89684,0.89691,1.00,1.13
2014.02.03 14:34:59.078,0.89682,0.89691,1.00,1.88
2014.02.03 14:34:59.282,0.8968,0.89691,1.50,2.03
2014.02.03 14:34:59.333,0.8968,0.89691,1.50,2.03
2014.02.03 14:34:59.629,0.8968,0.89691,1.00,2.03
2014.02.03 14:34:59.960,0.8968,0.89691,1.00,2.03
2014.02.03 14:35:00.488,0.8968,0.89691,1.00,1.65
2014.02.03 14:35:01.734,0.8968,0.89691,1.00,1.65
2014.02.03 14:35:02.063,0.89681,0.89691,1.00,1.55
2014.02.03 14:35:02.316,0.89682,0.89693,1.13,3.08
2014.02.03 14:35:02.729,0.89682,0.89694,1.00,2.03
2014.02.03 14:35:02.780,0.8968,0.89692,1.50,1.48
2014.02.03 14:35:03.133,0.89682,0.89692,1.00,3.45
2014.02.03 14:35:03.458,0.8968,0.89689,1.00,1.38
2014.02.03 14:35:04.264,0.8968,0.89691,1.00,3.08
2014.02.03 14:35:04.782,0.8968,0.8969,1.00,2.70
2014.02.03 14:35:04.883,0.89677,0.89687,1.50,1.38
2014.02.03 14:35:05.087,0.8968,0.89687,1.00,1.38
2014.02.03 14:35:05.913,0.8968,0.89688,1.88,2.25
2014.02.03 14:35:06.066,0.8968,0.8969,2.03,1.00
2014.02.03 14:35:06.269,0.89683,0.89688,1.00,1.00
2014.02.03 14:35:06.421,0.89681,0.89688,1.13,1.50
2014.02.03 14:35:06.573,0.89679,0.89688,1.13,1.50
2014.02.03 14:35:07.230,0.89678,0.8969,2.63,2.33
2014.02.03 14:35:07.735,0.89678,0.8969,2.63,2.63
2014.02.03 14:35:08.247,0.8968,0.8969,1.00,1.13
2014.02.03 14:35:09.381,0.8968,0.89691,1.00,1.00
2014.02.03 14:35:10.190,0.89681,0.89692,1.00,2.03
2014.02.03 14:35:10.655,0.89682,0.89694,1.00,1.95
2014.02.03 14:35:10.706,0.89684,0.89694,1.13,1.48
2014.02.03 14:35:11.161,0.89687,0.89699,1.00,3.53
2014.02.03 14:35:11.370,0.89687,0.89699,1.50,3.53
2014.02.03 14:35:11.472,0.89689,0.89699,1.00,2.03
2014.02.03 14:35:12.005,0.89689,0.89699,1.00,2.78
2014.02.03 14:35:12.683,0.89689,0.89699,1.00,2.03
2014.02.03 14:35:13.189,0.89689,0.89699,1.13,1.88
2014.02.03 14:35:13.492,0.89696,0.89703,1.00,1.00
2014.02.03 14:35:13.695,0.89696,0.89705,1.00,2.63
2014.02.03 14:35:13.898,0.89698,0.89705,1.00,1.13
2014.02.03 14:35:13.949,0.89698,0.89709,1.00,2.33
2014.02.03 14:35:14.151,0.89698,0.89709,1.38,3.45
2014.02.03 14:35:14.354,0.89702,0.89711,1.13,1.18
2014.02.03 14:35:14.456,0.89702,0.89711,1.38,1.58
2014.02.03 14:35:14.962,0.89705,0.89714,1.13,1.13
2014.02.03 14:35:15.013,0.89707,0.89715,1.13,1.58
2014.02.03 14:35:15.165,0.89707,0.89717,2.25,1.50
2014.02.03 14:35:15.266,0.89707,0.89717,1.50,1.13
2014.02.03 14:35:15.469,0.89707,0.89719,1.50,1.20
2014.02.03 14:35:15.897,0.89712,0.89719,1.00,1.50
2014.02.03 14:35:16.402,0.89711,0.89722,1.38,3.45
2014.02.03 14:35:16.554,0.89711,0.89722,1.38,1.00
2014.02.03 14:35:17.003,0.89711,0.89719,1.38,1.00
2014.02.03 14:35:17.256,0.89711,0.89721,1.38,1.10
2014.02.03 14:35:17.307,0.89711,0.89719,1.38,1.00
2014.02.03 14:35:17.888,0.8971,0.89719,1.88,1.00
2014.02.03 14:35:18.262,0.8971,0.89721,1.88,1.95
2014.02.03 14:35:18.313,0.89712,0.89721,1.38,1.10
2014.02.03 14:35:18.364,0.89712,0.89725,1.38,4.20
2014.02.03 14:35:18.465,0.89712,0.89725,1.88,2.70
2014.02.03 14:35:18.567,0.89712,0.89725,1.95,2.63
2014.02.03 14:35:18.870,0.89712,0.89723,1.88,1.48
2014.02.03 14:35:19.377,0.89712,0.89724,1.38,1.28
2014.02.03 14:35:19.579,0.89712,0.89726,1.58,1.58
2014.02.03 14:35:20.085,0.89714,0.89727,1.95,1.48
2014.02.03 14:35:23.633,0.89714,0.89727,1.48,1.48
2014.02.03 14:35:23.964,0.89714,0.89727,1.10,1.48
2014.02.03 14:35:24.269,0.8971,0.89722,1.20,2.63
2014.02.03 14:35:24.522,0.8971,0.89721,1.00,3.75
2014.02.03 14:35:25.165,0.89712,0.89721,1.00,3.83
2014.02.03 14:35:25.419,0.89712,0.89722,1.38,2.78
2014.02.03 14:35:25.957,0.89712,0.89721,1.50,1.10
2014.02.03 14:35:26.154,0.89712,0.89722,1.38,2.03
2014.02.03 14:35:27.138,0.8971,0.89721,1.00,1.20
2014.02.03 14:35:27.189,0.89709,0.89722,2.25,1.93
2014.02.03 14:35:27.594,0.89712,0.89725,1.50,1.20
2014.02.03 14:35:28.130,0.89714,0.89727,1.50,1.28
2014.02.03 14:35:28.913,0.89715,0.89724,1.38,1.00
2014.02.03 14:35:29.216,0.89715,0.89727,1.50,1.28
2014.02.03 14:35:29.368,0.89715,0.89727,1.88,1.28
2014.02.03 14:35:29.722,0.89717,0.89727,1.00,1.18
2014.02.03 14:35:30.253,0.89718,0.89727,1.00,1.88
2014.02.03 14:35:31.383,0.89718,0.89727,1.00,1.00
2014.02.03 14:35:31.577,0.89718,0.89729,1.13,1.95
2014.02.03 14:35:31.830,0.89719,0.8973,2.25,1.13
2014.02.03 14:35:32.135,0.89722,0.89734,1.48,1.13
2014.02.03 14:35:32.438,0.89722,0.89729,1.00,1.88
2014.02.03 14:35:32.741,0.8972,0.89728,1.00,1.50
2014.02.03 14:35:35.916,0.8972,0.89728,1.00,2.63
2014.02.03 14:35:36.018,0.89718,0.89726,1.00,1.38
2014.02.03 14:35:36.119,0.89714,0.89726,1.00,1.95
2014.02.03 14:35:36.264,0.89715,0.89725,1.00,1.48
2014.02.03 14:35:36.365,0.89718,0.89726,1.00,1.38
2014.02.03 14:35:36.467,0.8972,0.89726,1.00,1.00
2014.02.03 14:35:36.618,0.8972,0.89731,1.00,1.55
2014.02.03 14:35:37.136,0.8972,0.89732,1.50,1.58
2014.02.03 14:35:37.722,0.8972,0.89732,1.50,1.58
2014.02.03 14:35:38.431,0.8972,0.8973,1.50,1.73
2014.02.03 14:35:38.735,0.89718,0.89727,1.00,1.38
2014.02.03 14:35:39.244,0.89717,0.89727,1.50,1.38
2014.02.03 14:35:39.761,0.89717,0.89728,1.50,1.88
2014.02.03 14:35:40.065,0.89713,0.89723,2.25,1.88
2014.02.03 14:35:40.116,0.89712,0.89723,1.50,1.88
2014.02.03 14:35:40.657,0.89712,0.89723,1.00,2.63
2014.02.03 14:35:41.201,0.89711,0.89721,1.13,1.38
2014.02.03 14:35:41.699,0.89712,0.89723,1.95,1.88
2014.02.03 14:35:42.002,0.89712,0.89723,1.58,1.88
2014.02.03 14:35:42.511,0.89711,0.89723,1.00,1.95
2014.02.03 14:35:42.820,0.89713,0.89723,1.00,1.95
2014.02.03 14:35:44.573,0.89713,0.89721,1.00,1.38
2014.02.03 14:35:44.947,0.89713,0.8972,1.10,1.38
2014.02.03 14:35:45.471,0.89713,0.8972,1.10,1.38
2014.02.03 14:35:46.379,0.8971,0.89721,1.10,1.38
2014.02.03 14:35:46.480,0.8971,0.89721,1.58,1.38
2014.02.03 14:35:46.735,0.8971,0.89718,1.58,1.13
2014.02.03 14:35:50.381,0.8971,0.89717,1.00,1.00
2014.02.03 14:35:50.952,0.8971,0.89718,1.00,1.13
2014.02.03 14:35:54.094,0.8971,0.89719,1.00,1.13
2014.02.03 14:35:54.841,0.8971,0.89721,1.00,1.38
2014.02.03 14:35:55.346,0.8971,0.89721,1.00,1.88
2014.02.03 14:35:55.398,0.8971,0.89721,1.00,1.88
2014.02.03 14:35:55.702,0.89708,0.89721,1.50,1.55
2014.02.03 14:35:55.753,0.89709,0.89721,1.38,1.45
2014.02.03 14:35:56.057,0.89716,0.89724,1.00,1.13
2014.02.03 14:35:56.361,0.89718,0.89728,1.00,1.88
2014.02.03 14:35:56.682,0.89718,0.89729,1.00,1.95
2014.02.03 14:35:56.985,0.89715,0.89727,1.18,1.38
2014.02.03 14:35:57.787,0.89714,0.89727,3.45,1.38
2014.02.03 14:35:58.293,0.89714,0.89722,3.38,1.00
2014.02.03 14:35:58.715,0.89714,0.89725,1.38,3.45
2014.02.03 14:35:58.969,0.89714,0.89725,1.55,1.00
2014.02.03 14:35:59.594,0.89714,0.89728,1.55,2.48
2014.02.03 14:35:59.898,0.89716,0.89729,4.95,1.13
2014.02.03 14:36:00.441,0.89719,0.89732,1.88,1.05
2014.02.03 14:36:00.746,0.89719,0.89733,4.95,1.70
2014.02.03 14:36:01.061,0.89721,0.89729,2.03,1.00
2014.02.03 14:36:01.264,0.89718,0.89728,1.13,1.50
2014.02.03 14:36:02.299,0.89718,0.89727,1.13,1.35
2014.02.03 14:36:02.350,0.89718,0.89725,1.13,1.50
2014.02.03 14:36:04.016,0.89718,0.89725,1.38,1.50
2014.02.03 14:36:04.117,0.89718,0.89728,1.38,1.00
2014.02.03 14:36:04.370,0.89716,0.89726,1.58,1.00
2014.02.03 14:36:04.623,0.89716,0.89726,2.33,1.00
2014.02.03 14:36:05.142,0.89719,0.89725,1.00,1.50
2014.02.03 14:36:05.350,0.89719,0.89731,1.38,5.93
2014.02.03 14:36:05.401,0.89719,0.89731,1.38,3.83
2014.02.03 14:36:05.452,0.89719,0.89731,1.88,1.58
2014.02.03 14:36:05.655,0.8972,0.89733,1.50,3.68
2014.02.03 14:36:05.857,0.89722,0.89733,1.38,2.55
2014.02.03 14:36:05.959,0.8972,0.89731,2.33,1.38
2014.02.03 14:36:06.263,0.89719,0.89731,1.50,2.03
2014.02.03 14:36:06.415,0.89718,0.89731,2.03,1.50
2014.02.03 14:36:06.466,0.89722,0.89729,1.13,1.00
2014.02.03 14:36:06.860,0.89719,0.89731,1.55,1.00
2014.02.03 14:36:07.114,0.89723,0.89733,1.20,1.13
2014.02.03 14:36:07.619,0.89723,0.89733,1.48,1.00
2014.02.03 14:36:07.801,0.89723,0.89733,3.38,1.00
2014.02.03 14:36:08.054,0.89729,0.89741,3.38,1.00
2014.02.03 14:36:08.155,0.89733,0.89743,2.63,1.88
2014.02.03 14:36:08.206,0.89738,0.89743,1.00,1.00
2014.02.03 14:36:08.257,0.89738,0.89748,1.00,1.48
2014.02.03 14:36:08.874,0.89738,0.89748,1.50,1.38
2014.02.03 14:36:08.975,0.89738,0.89747,1.50,1.13
2014.02.03 14:36:09.076,0.89738,0.89745,1.00,1.00
2014.02.03 14:36:09.329,0.89736,0.89745,1.00,1.38
2014.02.03 14:36:09.878,0.89736,0.89745,1.00,1.38
2014.02.03 14:36:10.391,0.89736,0.89745,1.00,1.38
2014.02.03 14:36:11.608,0.89736,0.89741,1.00,1.00
2014.02.03 14:36:11.709,0.89733,0.89741,1.00,1.00
2014.02.03 14:36:11.963,0.89731,0.89741,1.65,1.38
2014.02.03 14:36:12.548,0.89731,0.89741,1.50,1.38
2014.02.03 14:36:13.694,0.89731,0.89741,1.50,1.38
2014.02.03 14:36:14.020,0.89728,0.89741,1.55,1.88
2014.02.03 14:36:14.530,0.89727,0.89739,1.88,1.95
2014.02.03 14:36:14.936,0.89727,0.8974,1.50,2.03
2014.02.03 14:36:15.442,0.89728,0.89739,1.38,1.38
2014.02.03 14:36:15.971,0.89725,0.89738,1.65,2.63
2014.02.03 14:36:16.180,0.89724,0.89735,3.38,1.38
2014.02.03 14:36:16.840,0.89722,0.89735,2.03,1.13
2014.02.03 14:36:18.657,0.89726,0.89736,1.48,1.00
2014.02.03 14:36:18.759,0.89729,0.8974,1.00,1.55
2014.02.03 14:36:19.176,0.89729,0.8974,1.48,1.13
2014.02.03 14:36:19.526,0.89729,0.8974,1.10,1.38
2014.02.03 14:36:21.413,0.89729,0.89737,2.70,1.00
2014.02.03 14:36:21.717,0.89731,0.8974,4.20,1.00
2014.02.03 14:36:21.869,0.89735,0.89744,1.68,1.13
2014.02.03 14:36:22.173,0.89739,0.89749,1.38,1.13
2014.02.03 14:36:22.275,0.89739,0.89749,1.88,1.38
2014.02.03 14:36:22.477,0.89739,0.89749,2.25,1.13
2014.02.03 14:36:22.702,0.89741,0.89751,1.00,1.10
2014.02.03 14:36:23.316,0.89742,0.89751,1.00,1.10
2014.02.03 14:36:23.367,0.89742,0.89751,1.00,1.48
2014.02.03 14:36:23.468,0.89742,0.89751,1.00,1.00
2014.02.03 14:36:23.818,0.89742,0.89751,1.00,1.38
2014.02.03 14:36:23.869,0.8974,0.89751,1.00,1.38
2014.02.03 14:36:24.377,0.89739,0.89751,1.13,1.38
2014.02.03 14:36:25.004,0.89739,0.8975,1.00,1.38
2014.02.03 14:36:25.106,0.89739,0.89748,1.00,1.38
2014.02.03 14:36:25.258,0.89739,0.89748,1.00,1.38
2014.02.03 14:36:25.309,0.89737,0.89748,1.50,1.38
2014.02.03 14:36:25.360,0.89737,0.89748,1.88,1.38
2014.02.03 14:36:25.871,0.89737,0.8975,1.95,1.05
2014.02.03 14:36:26.523,0.89737,0.89746,1.95,1.00
2014.02.03 14:36:26.833,0.89737,0.89745,4.20,1.00
2014.02.03 14:36:26.935,0.89737,0.89745,1.95,1.00
2014.02.03 14:36:27.036,0.89737,0.89745,4.20,1.00
2014.02.03 14:36:27.586,0.89737,0.89746,3.83,1.98
2014.02.03 14:36:27.890,0.89732,0.89739,1.38,1.00
2014.02.03 14:36:28.358,0.89732,0.89739,1.55,1.00
2014.02.03 14:36:28.897,0.89732,0.8974,1.65,1.00
2014.02.03 14:36:29.049,0.89732,0.89741,1.08,1.73
2014.02.03 14:36:29.151,0.89731,0.89735,1.00,1.00
2014.02.03 14:36:29.714,0.89731,0.89736,1.00,1.00
2014.02.03 14:36:30.374,0.89731,0.89737,1.00,1.00
2014.02.03 14:36:30.611,0.89731,0.89739,1.00,1.50
2014.02.03 14:36:30.662,0.89731,0.89739,1.38,1.00
2014.02.03 14:36:30.713,0.89731,0.89741,1.48,1.00
2014.02.03 14:36:31.382,0.89733,0.89741,1.00,1.13
2014.02.03 14:36:31.791,0.89735,0.8974,1.13,1.00
2014.02.03 14:36:32.227,0.89733,0.8974,1.10,1.13
2014.02.03 14:36:32.930,0.89733,0.89737,1.00,1.00
2014.02.03 14:36:33.082,0.8973,0.89738,1.13,1.00
2014.02.03 14:36:33.193,0.8973,0.89738,1.38,1.00
2014.02.03 14:36:33.496,0.89734,0.89744,1.38,1.43
2014.02.03 14:36:33.800,0.89731,0.89737,1.10,1.38
2014.02.03 14:36:33.851,0.89731,0.89737,1.00,1.73
2014.02.03 14:36:33.901,0.89729,0.89735,1.50,1.00
2014.02.03 14:36:34.104,0.89726,0.89731,1.00,1.38
2014.02.03 14:36:34.306,0.89724,0.89734,1.50,1.95
2014.02.03 14:36:34.408,0.89724,0.89734,1.50,1.95
2014.02.03 14:36:34.712,0.89724,0.89735,1.13,1.55
2014.02.03 14:36:35.173,0.89724,0.89735,1.73,1.00
2014.02.03 14:36:35.376,0.89726,0.89738,2.63,1.55
2014.02.03 14:36:35.707,0.89728,0.89736,1.38,1.00
2014.02.03 14:36:36.425,0.8973,0.89739,1.50,1.50
2014.02.03 14:36:36.714,0.8973,0.89739,1.88,1.00
2014.02.03 14:36:36.765,0.8973,0.89742,2.63,1.58
2014.02.03 14:36:37.273,0.89735,0.89741,1.00,1.00
2014.02.03 14:36:37.641,0.89734,0.89739,1.00,1.00
2014.02.03 14:36:37.843,0.89732,0.89739,1.50,1.00
2014.02.03 14:36:38.146,0.89732,0.89739,2.03,1.00
2014.02.03 14:36:38.197,0.89734,0.89741,1.38,1.00
2014.02.03 14:36:38.819,0.89736,0.89741,1.00,1.00
2014.02.03 14:36:39.299,0.89734,0.89741,1.88,1.00
2014.02.03 14:36:39.832,0.89732,0.89738,1.08,1.00
2014.02.03 14:36:40.085,0.8973,0.89738,1.13,1.00
2014.02.03 14:36:40.714,0.89732,0.89738,1.00,1.00
2014.02.03 14:36:41.877,0.89732,0.89741,1.00,1.38
2014.02.03 14:36:43.842,0.89732,0.89741,1.00,1.38
2014.02.03 14:36:45.140,0.89732,0.89743,1.00,2.70
2014.02.03 14:36:45.644,0.89732,0.89743,1.00,4.95
2014.02.03 14:36:45.997,0.8973,0.89739,1.00,1.55
2014.02.03 14:36:46.161,0.8973,0.89739,1.00,1.55
2014.02.03 14:36:46.371,0.8973,0.89739,1.13,1.20
2014.02.03 14:36:46.422,0.89732,0.89741,1.00,1.88
2014.02.03 14:36:47.670,0.89732,0.89741,1.00,1.88
2014.02.03 14:36:47.772,0.8973,0.89741,1.50,2.48
2014.02.03 14:36:48.075,0.89726,0.89738,2.25,2.03
2014.02.03 14:36:48.328,0.89726,0.89738,2.78,1.00
2014.02.03 14:36:48.890,0.89729,0.89741,1.38,2.03
2014.02.03 14:36:49.612,0.89731,0.89741,1.00,1.45
2014.02.03 14:36:50.736,0.89731,0.89741,1.00,1.38
2014.02.03 14:36:51.079,0.89731,0.89737,1.00,1.38
2014.02.03 14:36:51.281,0.89728,0.89737,1.00,1.38
2014.02.03 14:36:51.856,0.89728,0.89734,1.00,1.13
2014.02.03 14:36:52.439,0.89728,0.89732,1.00,1.00
2014.02.03 14:36:52.541,0.89728,0.89734,1.00,1.13
2014.02.03 14:36:55.562,0.89726,0.89734,1.00,1.13
2014.02.03 14:36:56.323,0.89726,0.89737,1.38,3.45
2014.02.03 14:36:56.475,0.89729,0.89736,1.00,1.00
2014.02.03 14:36:57.176,0.89729,0.89737,1.00,1.13
2014.02.03 14:36:57.479,0.89732,0.8974,1.88,1.00
2014.02.03 14:36:57.783,0.89732,0.89737,1.00,1.00
2014.02.03 14:36:58.086,0.89731,0.89737,1.00,2.33
2014.02.03 14:36:59.727,0.89734,0.89741,1.00,3.45
2014.02.03 14:36:59.980,0.89731,0.89741,1.00,2.70
2014.02.03 14:37:00.031,0.89731,0.89742,1.00,1.48
2014.02.03 14:37:00.285,0.89735,0.89743,1.00,1.13
2014.02.03 14:37:00.588,0.89733,0.89742,1.00,1.48
2014.02.03 14:37:00.638,0.89731,0.89742,1.00,1.95
2014.02.03 14:37:00.689,0.89731,0.89742,1.00,1.88
2014.02.03 14:37:01.454,0.89731,0.8974,1.00,1.48
2014.02.03 14:37:02.265,0.89731,0.89742,1.38,3.83
2014.02.03 14:37:02.316,0.89731,0.89742,1.55,1.50
2014.02.03 14:37:02.417,0.89735,0.89742,1.00,1.00
2014.02.03 14:37:02.720,0.89738,0.89745,1.00,1.00
2014.02.03 14:37:02.923,0.89738,0.89747,1.50,1.13
2014.02.03 14:37:03.075,0.89741,0.8975,1.00,1.88
2014.02.03 14:37:03.628,0.89741,0.8975,1.00,1.88
2014.02.03 14:37:06.558,0.89741,0.8975,1.00,1.38
2014.02.03 14:37:06.659,0.89741,0.89752,1.38,1.88
2014.02.03 14:37:06.811,0.89744,0.89753,1.00,1.48
2014.02.03 14:37:07.635,0.89745,0.89756,1.00,1.95
2014.02.03 14:37:08.765,0.89745,0.89756,1.00,1.95
2014.02.03 14:37:09.374,0.89745,0.89756,1.00,1.88
2014.02.03 14:37:10.727,0.89745,0.89756,1.72,1.50
2014.02.03 14:37:11.081,0.89745,0.89756,1.50,1.38
2014.02.03 14:37:11.516,0.89747,0.89758,1.00,1.38
2014.02.03 14:37:11.835,0.89747,0.89759,1.08,1.38
2014.02.03 14:37:11.936,0.89748,0.89759,2.33,1.38
2014.02.03 14:37:12.037,0.89749,0.89761,3.45,1.38
2014.02.03 14:37:12.392,0.89753,0.89759,1.00,1.00
2014.02.03 14:37:12.595,0.89751,0.89762,1.00,1.48
2014.02.03 14:37:14.376,0.89751,0.8976,1.00,1.38
2014.02.03 14:37:14.984,0.89751,0.8976,1.00,1.13
2014.02.03 14:37:15.507,0.89751,0.89759,1.00,1.00
2014.02.03 14:37:15.608,0.89749,0.89759,1.58,1.00
2014.02.03 14:37:16.235,0.89749,0.89761,1.95,1.38
2014.02.03 14:37:16.790,0.89749,0.89761,1.58,1.88
2014.02.03 14:37:19.284,0.89749,0.89761,1.50,1.95
2014.02.03 14:37:19.992,0.89749,0.89761,1.58,1.88
2014.02.03 14:37:22.015,0.89749,0.89757,1.50,1.38
2014.02.03 14:37:22.319,0.89747,0.89757,1.00,1.58
2014.02.03 14:37:22.369,0.89745,0.89756,1.00,1.38
2014.02.03 14:37:22.774,0.89743,0.89754,1.00,2.70
2014.02.03 14:37:23.472,0.89742,0.89754,1.50,2.78
2014.02.03 14:37:24.177,0.89742,0.89754,1.50,2.78
2014.02.03 14:37:27.800,0.89742,0.89753,1.50,1.48
2014.02.03 14:37:34.951,0.89742,0.89752,1.50,1.38
2014.02.03 14:37:35.312,0.89744,0.89753,1.00,1.48
2014.02.03 14:37:35.414,0.89744,0.89753,1.38,1.00
2014.02.03 14:37:35.767,0.89748,0.89758,1.00,2.55
2014.02.03 14:37:36.385,0.89748,0.89758,1.08,2.48
2014.02.03 14:37:36.638,0.89748,0.89758,1.00,2.48
2014.02.03 14:37:39.241,0.89748,0.89758,3.00,1.73
2014.02.03 14:37:39.518,0.89748,0.89758,1.10,1.73
2014.02.03 14:37:39.681,0.89748,0.89758,1.10,1.73
2014.02.03 14:37:40.079,0.89748,0.89758,1.08,1.73
2014.02.03 14:37:40.130,0.89748,0.89758,1.18,2.48
2014.02.03 14:37:40.653,0.89748,0.8976,1.65,1.98
2014.02.03 14:37:41.402,0.89748,0.8976,1.65,1.98
2014.02.03 14:37:42.063,0.89748,0.89758,1.18,1.73
2014.02.03 14:37:42.367,0.89742,0.89753,2.63,1.95
2014.02.03 14:37:42.418,0.89741,0.89751,2.25,1.73
2014.02.03 14:37:42.520,0.89739,0.8975,1.10,1.38
2014.02.03 14:37:42.975,0.89739,0.8975,1.20,1.13
2014.02.03 14:37:43.026,0.89742,0.89751,1.08,1.38
2014.02.03 14:37:43.543,0.89742,0.89753,1.00,1.98
2014.02.03 14:37:45.131,0.89742,0.89753,1.00,1.88
2014.02.03 14:37:45.652,0.89743,0.89755,1.10,1.38
2014.02.03 14:37:46.899,0.89744,0.89755,2.25,1.38
2014.02.03 14:37:47.416,0.89746,0.89754,1.10,1.38
2014.02.03 14:37:49.658,0.89745,0.89754,1.10,1.88
2014.02.03 14:37:53.413,0.89745,0.89754,1.10,1.50
2014.02.03 14:37:54.025,0.89745,0.89754,1.10,1.88
2014.02.03 14:37:56.440,0.89745,0.89752,1.00,1.00
2014.02.03 14:37:56.744,0.89742,0.8975,1.00,1.55
2014.02.03 14:37:56.795,0.89739,0.8975,1.00,1.55
2014.02.03 14:37:57.149,0.89737,0.89745,1.13,1.50
2014.02.03 14:37:58.745,0.89737,0.89745,1.00,1.88
2014.02.03 14:37:58.998,0.89734,0.89744,1.00,1.88
2014.02.03 14:37:59.537,0.89734,0.89744,1.00,1.38
2014.02.03 14:38:01.371,0.89734,0.89744,1.00,1.88
2014.02.03 14:38:01.523,0.89732,0.89741,1.88,1.13
2014.02.03 14:38:01.574,0.89729,0.89737,1.50,2.10
2014.02.03 14:38:01.726,0.89727,0.89735,1.13,2.18
2014.02.03 14:38:01.776,0.89727,0.89732,1.13,1.60
2014.02.03 14:38:01.878,0.89725,0.89734,1.00,3.23
2014.02.03 14:38:01.979,0.89722,0.89733,2.63,2.70
2014.02.03 14:38:02.672,0.89722,0.89732,1.13,1.10
2014.02.03 14:38:03.971,0.89721,0.89732,1.38,1.65
2014.02.03 14:38:04.123,0.8972,0.89732,1.50,2.63
2014.02.03 14:38:04.325,0.89724,0.89732,1.38,1.50
2014.02.03 14:38:04.477,0.89722,0.89732,1.50,1.10
2014.02.03 14:38:04.984,0.8972,0.89732,1.38,1.95
2014.02.03 14:38:05.035,0.89719,0.8973,1.88,1.00
2014.02.03 14:38:05.885,0.89719,0.8973,1.88,1.00
2014.02.03 14:38:06.686,0.89719,0.8973,1.88,1.00
2014.02.03 14:38:07.222,0.89722,0.89732,1.38,1.00
2014.02.03 14:38:07.880,0.89722,0.89732,1.10,1.38
2014.02.03 14:38:08.387,0.89721,0.89729,1.00,2.10
2014.02.03 14:38:08.589,0.89716,0.89728,1.88,1.48
2014.02.03 14:38:08.742,0.89716,0.89729,4.13,1.10
2014.02.03 14:38:08.793,0.89719,0.89729,2.63,1.00
2014.02.03 14:38:08.895,0.89721,0.89732,1.38,1.08
2014.02.03 14:38:09.047,0.89722,0.89734,1.38,1.95
2014.02.03 14:38:09.551,0.89724,0.89735,1.38,1.88
2014.02.03 14:38:10.088,0.89724,0.89734,1.38,1.20
2014.02.03 14:38:10.547,0.89722,0.89734,1.00,3.45
2014.02.03 14:38:10.885,0.89723,0.89734,1.00,2.70
2014.02.03 14:38:11.188,0.89725,0.89735,1.00,2.70
2014.02.03 14:38:11.462,0.89725,0.89735,1.00,2.70
2014.02.03 14:38:11.986,0.89725,0.89735,1.00,1.88
2014.02.03 14:38:12.491,0.89726,0.89735,1.13,1.88
2014.02.03 14:38:12.940,0.89725,0.89735,1.88,1.50
2014.02.03 14:38:13.478,0.89726,0.89735,1.38,1.50
2014.02.03 14:38:13.969,0.89729,0.89735,1.00,1.50
2014.02.03 14:38:14.071,0.89726,0.89735,1.88,1.50
2014.02.03 14:38:14.590,0.89726,0.89738,1.50,4.20
2014.02.03 14:38:15.987,0.89726,0.89738,1.95,3.75
2014.02.03 14:38:16.038,0.89729,0.89738,1.38,1.00
2014.02.03 14:38:16.190,0.89729,0.8974,1.38,1.10
2014.02.03 14:38:16.544,0.8973,0.8974,1.00,1.55
2014.02.03 14:38:16.646,0.89729,0.89741,1.00,3.45
2014.02.03 14:38:17.179,0.89729,0.89741,1.58,1.38
2014.02.03 14:38:17.728,0.89729,0.89741,1.58,1.38
2014.02.03 14:38:17.829,0.89729,0.89741,1.58,1.13
2014.02.03 14:38:17.931,0.89729,0.89741,1.50,3.38
2014.02.03 14:38:18.134,0.89729,0.89741,1.00,1.20
2014.02.03 14:38:18.713,0.89729,0.89741,1.38,1.10
2014.02.03 14:38:19.108,0.89728,0.89739,1.48,1.00
2014.02.03 14:38:19.641,0.89728,0.89739,1.38,1.00
2014.02.03 14:38:19.692,0.89728,0.89739,1.38,1.13
2014.02.03 14:38:19.894,0.89726,0.89739,2.63,1.55
2014.02.03 14:38:20.491,0.89727,0.89738,1.00,4.95
2014.02.03 14:38:21.210,0.89725,0.89735,1.38,1.00
2014.02.03 14:38:21.676,0.89725,0.89735,1.13,1.13
2014.02.03 14:38:22.859,0.89725,0.89735,1.13,1.38
2014.02.03 14:38:23.074,0.89725,0.89735,1.00,1.88
2014.02.03 14:38:23.428,0.89725,0.89735,1.13,1.95
2014.02.03 14:38:25.259,0.89727,0.89737,1.00,3.45
2014.02.03 14:38:25.807,0.89727,0.89737,1.13,3.45
2014.02.03 14:38:27.760,0.89725,0.89734,1.00,2.70
2014.02.03 14:38:27.861,0.89724,0.89733,1.00,3.45
2014.02.03 14:38:28.013,0.89722,0.89729,1.00,1.13
2014.02.03 14:38:28.114,0.89719,0.89729,1.50,1.38
2014.02.03 14:38:29.194,0.89719,0.8973,1.50,1.48
2014.02.03 14:38:29.922,0.89719,0.8973,1.50,1.48
2014.02.03 14:38:30.720,0.89719,0.8973,1.88,1.48
2014.02.03 14:38:30.974,0.89723,0.89731,1.00,1.13
2014.02.03 14:38:31.278,0.89725,0.89731,1.00,1.00
2014.02.03 14:38:31.329,0.89725,0.89733,1.00,1.20
2014.02.03 14:38:31.431,0.89725,0.89735,1.13,1.10
2014.02.03 14:38:31.746,0.89727,0.89735,1.00,1.00
2014.02.03 14:38:32.050,0.89724,0.89732,1.10,1.88
2014.02.03 14:38:32.656,0.89724,0.89733,1.00,1.48
2014.02.03 14:38:33.224,0.89724,0.89733,1.00,1.48
2014.02.03 14:38:35.109,0.89724,0.89733,1.00,1.48
2014.02.03 14:38:35.363,0.89726,0.89733,1.00,1.38
2014.02.03 14:38:35.413,0.89726,0.89733,1.00,1.13
2014.02.03 14:38:36.268,0.89726,0.89733,1.00,1.48
2014.02.03 14:38:36.470,0.89722,0.89732,1.00,2.63
2014.02.03 14:38:37.241,0.89722,0.89733,1.13,1.55
2014.02.03 14:38:37.444,0.89725,0.89733,1.00,1.55
2014.02.03 14:38:38.004,0.89725,0.89733,1.00,1.00
2014.02.03 14:38:38.460,0.89727,0.89734,1.00,1.00
2014.02.03 14:38:39.020,0.89727,0.89735,1.00,1.00
2014.02.03 14:38:42.979,0.89725,0.89735,1.00,1.73
2014.02.03 14:38:43.081,0.89724,0.89732,1.50,1.38
2014.02.03 14:38:43.637,0.89724,0.89729,1.50,1.00
2014.02.03 14:38:43.990,0.89721,0.89729,1.13,1.00
2014.02.03 14:38:45.054,0.89721,0.89731,1.48,1.13
2014.02.03 14:38:45.460,0.89722,0.89729,1.00,1.00
2014.02.03 14:38:46.817,0.89721,0.89729,1.20,1.00
2014.02.03 14:38:47.221,0.89721,0.89727,1.00,1.00
2014.02.03 14:38:47.474,0.89719,0.89727,1.00,1.13
2014.02.03 14:38:50.396,0.89719,0.89726,1.00,1.00
2014.02.03 14:38:51.717,0.89719,0.89727,1.00,1.13
2014.02.03 14:38:51.819,0.89717,0.89727,1.13,1.13
2014.02.03 14:38:51.870,0.89717,0.89727,1.00,1.88
2014.02.03 14:38:52.173,0.89714,0.89722,1.50,1.38
2014.02.03 14:38:52.478,0.89714,0.89722,1.00,3.45
2014.02.03 14:38:52.630,0.89711,0.89721,1.00,2.70
2014.02.03 14:38:52.971,0.89709,0.8972,1.88,1.55
2014.02.03 14:38:53.274,0.89707,0.89717,1.50,3.30
2014.02.03 14:38:53.578,0.89705,0.89715,1.00,1.48
2014.02.03 14:38:54.230,0.89704,0.89715,1.00,1.80
2014.02.03 14:38:54.332,0.89702,0.89712,1.58,1.48
2014.02.03 14:38:54.383,0.89702,0.89711,1.50,1.05
2014.02.03 14:38:54.585,0.897,0.89711,2.25,3.30
2014.02.03 14:38:54.738,0.897,0.89709,1.00,2.70
2014.02.03 14:38:55.178,0.897,0.89709,1.00,3.45
2014.02.03 14:38:55.633,0.89698,0.89708,1.00,3.45
2014.02.03 14:38:55.736,0.89696,0.89708,2.63,4.05
2014.02.03 14:38:56.328,0.89696,0.89708,3.00,1.05
2014.02.03 14:38:56.844,0.89697,0.89709,1.00,2.08
2014.02.03 14:38:57.853,0.89697,0.89709,2.25,2.08
2014.02.03 14:38:58.423,0.89699,0.89709,1.00,1.48
2014.02.03 14:38:58.932,0.89699,0.89711,1.50,1.48
2014.02.03 14:38:59.286,0.89698,0.8971,1.13,2.08
2014.02.03 14:38:59.438,0.89696,0.89707,1.58,1.48
2014.02.03 14:38:59.640,0.89701,0.89709,1.00,3.45
2014.02.03 14:38:59.843,0.89701,0.8971,1.00,2.03
2014.02.03 14:39:00.393,0.89702,0.89712,1.00,1.13
2014.02.03 14:39:00.848,0.89701,0.89712,2.25,1.05
2014.02.03 14:39:00.955,0.89705,0.89714,1.00,2.70
2014.02.03 14:39:01.208,0.89706,0.89716,1.00,1.38
2014.02.03 14:39:01.527,0.89706,0.89718,1.00,2.36
2014.02.03 14:39:01.838,0.89708,0.89718,1.00,1.55
2014.02.03 14:39:02.599,0.89707,0.89718,1.00,1.61
2014.02.03 14:39:02.902,0.89705,0.89718,1.50,1.61
2014.02.03 14:39:03.206,0.89707,0.89719,1.13,1.38
2014.02.03 14:39:03.408,0.89708,0.8972,1.48,1.13
2014.02.03 14:39:03.560,0.89713,0.8972,1.00,1.38
2014.02.03 14:39:03.712,0.89709,0.8972,1.00,1.48
2014.02.03 14:39:04.239,0.89708,0.8972,1.00,1.55
2014.02.03 14:39:04.740,0.89708,0.8972,1.00,1.55
2014.02.03 14:39:05.581,0.89709,0.89721,1.00,1.95
2014.02.03 14:39:06.100,0.89707,0.89721,2.03,1.95
2014.02.03 14:39:06.517,0.89707,0.89717,1.58,2.63
2014.02.03 14:39:06.568,0.89706,0.89716,1.00,3.45
2014.02.03 14:39:06.619,0.89706,0.8971,1.00,1.00
2014.02.03 14:39:06.923,0.89697,0.8971,2.48,1.58
2014.02.03 14:39:07.075,0.897,0.8971,1.00,1.58
2014.02.03 14:39:07.228,0.89697,0.89708,1.00,1.55
2014.02.03 14:39:07.753,0.89697,0.8971,1.00,2.40
2014.02.03 14:39:07.804,0.89697,0.8971,1.13,1.65
2014.02.03 14:39:07.905,0.89698,0.8971,1.13,1.20
2014.02.03 14:39:07.956,0.89701,0.89711,1.00,2.63
2014.02.03 14:39:08.294,0.89704,0.89714,1.00,1.68
2014.02.03 14:39:08.527,0.89704,0.89714,1.00,1.68
2014.02.03 14:39:08.657,0.89704,0.89714,1.38,1.30
2014.02.03 14:39:09.457,0.89706,0.89714,1.00,1.30
2014.02.03 14:39:10.278,0.89706,0.89718,1.13,1.55
2014.02.03 14:39:10.632,0.89709,0.89719,1.00,1.38
2014.02.03 14:39:11.159,0.89709,0.89719,1.00,1.13
2014.02.03 14:39:11.698,0.89709,0.89719,1.00,1.38
2014.02.03 14:39:12.002,0.89706,0.89718,1.00,1.88
2014.02.03 14:39:12.053,0.89704,0.89718,1.58,1.88
2014.02.03 14:39:16.776,0.89704,0.89716,1.00,2.70
2014.02.03 14:39:16.877,0.89702,0.89714,1.50,2.08
2014.02.03 14:39:17.232,0.897,0.89712,1.20,2.48
2014.02.03 14:39:18.073,0.89701,0.89713,1.00,1.88
2014.02.03 14:39:18.307,0.89702,0.89713,1.88,1.38
2014.02.03 14:39:18.412,0.89705,0.89715,1.38,2.40
2014.02.03 14:39:18.664,0.89705,0.89715,1.13,2.63
2014.02.03 14:39:19.419,0.89705,0.89715,1.38,1.88
2014.02.03 14:39:19.838,0.89705,0.89714,1.00,1.38
2014.02.03 14:39:19.940,0.89702,0.89713,1.00,1.48
2014.02.03 14:39:20.092,0.897,0.89712,1.10,1.38
2014.02.03 14:39:20.599,0.89699,0.89713,3.15,1.95
2014.02.03 14:39:20.751,0.89703,0.89712,1.13,1.13
2014.02.03 14:39:21.054,0.89705,0.89715,1.00,2.70
2014.02.03 14:39:21.698,0.89705,0.89715,1.00,2.70
2014.02.03 14:39:22.213,0.89704,0.89715,1.00,2.70
2014.02.03 14:39:23.198,0.89704,0.89714,1.00,1.55
2014.02.03 14:39:23.712,0.89704,0.89714,1.00,1.55
2014.02.03 14:39:24.253,0.89704,0.89714,1.00,1.55
2014.02.03 14:39:24.775,0.89704,0.89714,1.00,1.55
2014.02.03 14:39:25.029,0.89702,0.89713,1.00,2.70
2014.02.03 14:39:26.099,0.89702,0.89712,1.50,1.88
2014.02.03 14:39:26.682,0.89702,0.8971,1.00,1.20
2014.02.03 14:39:28.157,0.89702,0.89711,1.00,1.65
2014.02.03 14:39:28.461,0.89697,0.89707,1.00,2.70
2014.02.03 14:39:28.613,0.89696,0.89707,1.13,1.38
2014.02.03 14:39:28.766,0.89699,0.89707,1.00,1.38
2014.02.03 14:39:28.918,0.89699,0.89709,2.25,1.00
2014.02.03 14:39:28.969,0.89702,0.89709,1.00,1.38
2014.02.03 14:39:29.491,0.89701,0.89711,1.00,1.48
2014.02.03 14:39:29.592,0.89701,0.89711,1.00,1.20
2014.02.03 14:39:30.138,0.89701,0.89709,1.00,1.00
2014.02.03 14:39:30.492,0.89699,0.89709,1.50,1.38
2014.02.03 14:39:30.594,0.89699,0.89704,1.50,1.00
2014.02.03 14:39:30.849,0.89694,0.89705,1.18,1.38
2014.02.03 14:39:30.907,0.89694,0.89705,1.28,1.13
2014.02.03 14:39:31.493,0.89694,0.89705,1.20,1.00
2014.02.03 14:39:33.028,0.89696,0.89705,2.70,1.00
2014.02.03 14:39:33.332,0.897,0.89709,1.00,1.88
2014.02.03 14:39:33.436,0.897,0.89709,1.00,1.50
2014.02.03 14:39:34.043,0.89702,0.89714,1.88,4.20
2014.02.03 14:39:34.145,0.89702,0.89714,2.03,1.50
2014.02.03 14:39:34.434,0.89703,0.89714,1.48,1.00
2014.02.03 14:39:34.962,0.89708,0.89717,1.38,1.10
2014.02.03 14:39:35.473,0.8971,0.89717,1.38,1.00
2014.02.03 14:39:36.082,0.89708,0.89717,1.38,1.00
2014.02.03 14:39:40.904,0.89709,0.89717,1.38,1.00
2014.02.03 14:39:41.553,0.89709,0.89717,1.38,1.00
2014.02.03 14:39:42.082,0.89708,0.89717,1.38,1.00
2014.02.03 14:39:43.023,0.89709,0.89717,1.38,1.00
2014.02.03 14:39:43.427,0.89711,0.89724,1.88,1.28
2014.02.03 14:39:43.529,0.89714,0.89719,1.00,1.00
2014.02.03 14:39:43.631,0.89714,0.89725,1.88,1.00
2014.02.03 14:39:43.682,0.89714,0.89725,1.88,1.00
2014.02.03 14:39:44.171,0.89716,0.89722,1.00,3.08
2014.02.03 14:39:44.286,0.89717,0.89722,1.00,1.00
2014.02.03 14:39:44.489,0.89717,0.89724,1.80,1.00
2014.02.03 14:39:44.946,0.89717,0.89727,1.88,1.00
2014.02.03 14:39:45.232,0.89717,0.89724,1.88,1.00
2014.02.03 14:39:45.283,0.89717,0.89722,1.50,1.00
2014.02.03 14:39:45.385,0.89717,0.89721,1.13,1.35
2014.02.03 14:39:45.487,0.89712,0.89719,1.50,1.00
2014.02.03 14:39:45.690,0.89709,0.89719,1.13,2.70
2014.02.03 14:39:45.741,0.89709,0.89716,1.13,1.00
2014.02.03 14:39:46.475,0.89705,0.89716,1.88,1.00
2014.02.03 14:39:48.450,0.89705,0.89716,1.88,1.00
2014.02.03 14:39:48.966,0.89705,0.89716,1.88,1.00
2014.02.03 14:39:49.250,0.89706,0.89718,4.20,1.00
2014.02.03 14:39:49.354,0.89709,0.8972,1.48,2.25
2014.02.03 14:39:49.455,0.89709,0.8972,1.48,1.50
2014.02.03 14:39:49.557,0.89707,0.89718,1.38,1.00
2014.02.03 14:39:50.062,0.89707,0.89718,1.38,1.50
2014.02.03 14:39:53.041,0.89707,0.89718,1.88,1.00
2014.02.03 14:39:53.594,0.89707,0.89718,1.38,1.18
2014.02.03 14:39:55.888,0.89711,0.8972,1.38,1.10
2014.02.03 14:39:55.989,0.89711,0.8972,1.38,1.10
2014.02.03 14:39:56.191,0.89712,0.89722,1.38,1.00
2014.02.03 14:39:56.394,0.89712,0.89722,1.13,1.00
2014.02.03 14:39:56.701,0.89712,0.8972,1.13,1.00
2014.02.03 14:39:56.802,0.8971,0.8972,1.00,1.13
2014.02.03 14:39:57.308,0.8971,0.8972,1.00,1.88
2014.02.03 14:40:00.507,0.8971,0.8972,1.00,1.38
2014.02.03 14:40:00.760,0.89708,0.8972,1.50,1.38
2014.02.03 14:40:01.016,0.89708,0.89718,1.00,1.73
2014.02.03 14:40:01.168,0.89706,0.89715,1.10,1.38
2014.02.03 14:40:01.583,0.89703,0.89715,1.88,1.88
2014.02.03 14:40:02.908,0.89703,0.89715,2.63,1.38
2014.02.03 14:40:03.417,0.89703,0.89715,1.50,1.38
2014.02.03 14:40:04.006,0.89703,0.89715,2.63,1.38
2014.02.03 14:40:04.520,0.89703,0.89714,1.50,1.45
2014.02.03 14:40:04.571,0.89703,0.89714,1.50,1.55
2014.02.03 14:40:05.586,0.89703,0.89713,1.00,1.38
2014.02.03 14:40:06.309,0.89701,0.89713,1.50,1.48
2014.02.03 14:40:07.699,0.89701,0.89713,1.50,1.48
2014.02.03 14:40:07.902,0.89701,0.89713,2.03,1.13
2014.02.03 14:40:08.206,0.89705,0.89717,1.18,1.38
2014.02.03 14:40:08.257,0.89705,0.89717,1.55,1.38
2014.02.03 14:40:08.459,0.89707,0.89719,2.25,1.95
2014.02.03 14:40:08.510,0.89709,0.89721,1.00,4.13
2014.02.03 14:40:09.287,0.89707,0.89719,2.70,1.48
2014.02.03 14:40:09.818,0.89707,0.89719,2.25,1.58
2014.02.03 14:40:10.330,0.89707,0.89717,1.00,1.00
2014.02.03 14:40:10.636,0.89707,0.89717,1.00,1.95
2014.02.03 14:40:10.939,0.89705,0.89715,1.00,1.38
2014.02.03 14:40:11.041,0.89703,0.89715,1.50,1.88
2014.02.03 14:40:14.231,0.897,0.8971,1.00,1.38
2014.02.03 14:40:14.435,0.89697,0.89709,1.50,2.33
2014.02.03 14:40:14.739,0.89695,0.89706,1.50,1.48
2014.02.03 14:40:15.398,0.89693,0.89705,1.58,1.13
2014.02.03 14:40:19.209,0.89693,0.89704,1.58,1.50
2014.02.03 14:40:20.582,0.89693,0.89703,1.00,1.50
2014.02.03 14:40:20.735,0.89689,0.89699,1.13,1.95
2014.02.03 14:40:20.887,0.89689,0.89699,1.13,4.13
2014.02.03 14:40:20.938,0.89686,0.89696,1.50,1.13
2014.02.03 14:40:21.628,0.89686,0.89695,1.00,1.00
2014.02.03 14:40:21.729,0.89685,0.89694,1.50,1.38
2014.02.03 14:40:21.881,0.89683,0.89692,1.13,1.13
2014.02.03 14:40:21.932,0.89683,0.89692,1.38,1.00
2014.02.03 14:40:22.135,0.89686,0.89695,1.00,1.50
2014.02.03 14:40:22.693,0.89688,0.89695,1.00,1.00
2014.02.03 14:40:22.997,0.89689,0.89697,1.00,1.00
2014.02.03 14:40:23.565,0.89692,0.89697,1.00,1.00
2014.02.03 14:40:23.767,0.89692,0.89699,1.00,1.00
2014.02.03 14:40:24.109,0.89695,0.89702,1.00,2.33
2014.02.03 14:40:24.989,0.89695,0.89702,1.00,1.13
2014.02.03 14:40:26.624,0.89693,0.89704,1.13,1.88
2014.02.03 14:40:26.979,0.89693,0.89701,1.10,1.38
2014.02.03 14:40:27.391,0.89689,0.89701,3.53,1.38
2014.02.03 14:40:27.594,0.89689,0.89701,3.53,1.00
2014.02.03 14:40:27.645,0.89691,0.89703,1.00,1.95
2014.02.03 14:40:28.170,0.89692,0.89703,1.00,1.95
2014.02.03 14:40:28.534,0.89694,0.89703,1.00,1.10
2014.02.03 14:40:29.063,0.89694,0.89703,1.38,1.00
2014.02.03 14:40:29.487,0.89694,0.89706,2.63,1.28
2014.02.03 14:40:30.510,0.89698,0.89706,1.00,1.18
2014.02.03 14:40:30.814,0.89698,0.89709,1.00,1.20
2014.02.03 14:40:31.349,0.89697,0.89709,2.70,1.13
2014.02.03 14:40:33.914,0.89697,0.89708,1.95,1.00
2014.02.03 14:40:34.421,0.89697,0.89707,1.13,1.00
2014.02.03 14:40:34.716,0.89697,0.89707,1.88,1.00
2014.02.03 14:40:35.336,0.897,0.89707,1.00,1.00
2014.02.03 14:40:36.208,0.897,0.89709,1.88,1.95
2014.02.03 14:40:36.614,0.89698,0.89709,1.00,1.58
2014.02.03 14:40:36.664,0.89698,0.89707,1.50,1.00
2014.02.03 14:40:36.868,0.89698,0.89709,1.00,1.50
2014.02.03 14:40:36.919,0.897,0.89709,1.00,1.50
2014.02.03 14:40:37.223,0.897,0.89707,1.00,1.00
2014.02.03 14:40:40.618,0.897,0.89709,1.00,1.10
2014.02.03 14:40:40.669,0.89701,0.89709,1.38,1.00
2014.02.03 14:40:40.822,0.89702,0.89711,1.38,1.10
2014.02.03 14:40:40.973,0.89702,0.89713,1.55,1.00
2014.02.03 14:40:41.533,0.89703,0.89714,3.45,1.00
2014.02.03 14:40:42.038,0.89703,0.89715,3.45,1.50
2014.02.03 14:40:42.571,0.89705,0.89715,1.20,1.88
2014.02.03 14:40:42.723,0.89705,0.89711,1.00,1.00
2014.02.03 14:40:42.824,0.89705,0.89713,1.00,1.13
2014.02.03 14:40:43.242,0.89702,0.89713,1.00,1.38
2014.02.03 14:40:43.547,0.897,0.89711,1.00,1.13
2014.02.03 14:40:43.699,0.89703,0.89714,1.00,5.70
2014.02.03 14:40:46.796,0.89701,0.89713,2.03,1.38
2014.02.03 14:40:48.167,0.89701,0.89713,2.03,1.00
2014.02.03 14:40:48.470,0.89708,0.89716,1.13,1.08
2014.02.03 14:40:48.774,0.89708,0.89717,1.48,1.00
2014.02.03 14:40:49.119,0.89708,0.89719,1.95,1.00
2014.02.03 14:40:49.663,0.89708,0.89719,1.48,1.38
2014.02.03 14:40:50.017,0.89705,0.89717,2.03,1.00
2014.02.03 14:40:50.118,0.89705,0.89717,2.03,1.13
2014.02.03 14:40:50.321,0.89705,0.89715,1.20,1.00
2014.02.03 14:40:50.675,0.89702,0.89714,1.95,1.00
2014.02.03 14:40:51.212,0.89702,0.89712,1.20,1.00
2014.02.03 14:40:52.972,0.89702,0.89712,1.38,1.00
2014.02.03 14:40:53.490,0.89702,0.89712,1.38,1.00
2014.02.03 14:40:56.232,0.89703,0.89714,1.38,1.18
2014.02.03 14:40:56.536,0.89707,0.89718,2.70,1.00
2014.02.03 14:40:56.840,0.89708,0.89718,1.65,1.38
2014.02.03 14:40:57.042,0.89705,0.89715,1.38,1.18
2014.02.03 14:40:57.144,0.89705,0.89712,1.00,1.00
2014.02.03 14:40:57.245,0.89705,0.89714,1.00,1.10
2014.02.03 14:40:57.448,0.89703,0.89712,1.88,1.00
2014.02.03 14:40:58.667,0.89701,0.89712,1.88,1.10
2014.02.03 14:40:59.230,0.89703,0.89712,1.13,1.00
2014.02.03 14:41:01.623,0.89701,0.89712,1.13,1.20
2014.02.03 14:41:02.396,0.89701,0.8971,1.13,1.00
2014.02.03 14:41:02.705,0.897,0.8971,1.00,1.58
2014.02.03 14:41:02.807,0.89696,0.89707,1.95,1.38
2014.02.03 14:41:03.825,0.89694,0.89705,1.38,1.00
2014.02.03 14:41:04.148,0.89697,0.89707,1.38,1.13
2014.02.03 14:41:04.684,0.89697,0.89707,2.70,1.00
2014.02.03 14:41:05.719,0.89697,0.89707,2.70,1.00
2014.02.03 14:41:06.920,0.897,0.89709,1.38,1.00
2014.02.03 14:41:07.458,0.897,0.89709,1.38,1.00
2014.02.03 14:41:11.862,0.897,0.89712,1.88,1.20
2014.02.03 14:41:12.607,0.897,0.89712,1.88,1.20
2014.02.03 14:41:14.928,0.897,0.89712,1.50,1.80
2014.02.03 14:41:15.232,0.89698,0.89708,1.13,1.88
2014.02.03 14:41:15.754,0.89695,0.89707,1.88,1.48
2014.02.03 14:41:16.300,0.89695,0.89707,1.88,1.20
2014.02.03 14:41:17.221,0.89695,0.89707,1.95,1.00
2014.02.03 14:41:17.323,0.89697,0.89709,1.88,1.10
2014.02.03 14:41:17.892,0.89697,0.89709,2.63,1.10
2014.02.03 14:41:18.230,0.89697,0.89709,2.63,1.10
2014.02.03 14:41:19.976,0.89698,0.89709,1.48,1.00
2014.02.03 14:41:20.431,0.89697,0.89708,1.38,1.05
2014.02.03 14:41:20.845,0.89697,0.89708,1.38,1.43
2014.02.03 14:41:20.997,0.89695,0.89705,1.38,4.80
2014.02.03 14:41:21.048,0.89695,0.89705,1.38,4.05
2014.02.03 14:41:21.099,0.89693,0.89702,1.38,1.18
2014.02.03 14:41:21.251,0.89692,0.89702,1.13,1.18
2014.02.03 14:41:21.454,0.89691,0.897,1.38,1.00
2014.02.03 14:41:21.555,0.89691,0.89702,1.95,1.00
2014.02.03 14:41:22.064,0.89691,0.89703,1.95,1.88
2014.02.03 14:41:22.473,0.89691,0.89703,1.48,3.00
2014.02.03 14:41:22.987,0.89691,0.89703,1.13,5.03
2014.02.03 14:41:23.088,0.89689,0.89699,1.88,1.00
2014.02.03 14:41:23.240,0.89688,0.89699,1.38,2.63
2014.02.03 14:41:23.773,0.89685,0.89697,1.88,1.10
2014.02.03 14:41:24.657,0.89685,0.89694,1.00,1.50
2014.02.03 14:41:24.962,0.8968,0.89688,1.00,1.13
2014.02.03 14:41:25.502,0.89678,0.89688,1.38,1.13
2014.02.03 14:41:26.101,0.89676,0.89688,1.20,3.38
2014.02.03 14:41:26.152,0.89676,0.89685,1.20,1.00
2014.02.03 14:41:26.465,0.89673,0.89683,1.13,1.28
2014.02.03 14:41:26.769,0.89669,0.89679,1.13,2.03
2014.02.03 14:41:27.232,0.89669,0.89679,1.88,1.00
2014.02.03 14:41:27.284,0.89669,0.89681,1.88,1.10
2014.02.03 14:41:27.487,0.89672,0.89683,1.88,1.00
2014.02.03 14:41:27.968,0.8967,0.89684,2.78,1.95
2014.02.03 14:41:28.497,0.8967,0.89681,1.13,1.38
2014.02.03 14:41:29.033,0.89668,0.8968,1.38,1.55
2014.02.03 14:41:29.365,0.8967,0.89681,1.38,1.38
2014.02.03 14:41:29.720,0.8967,0.89682,2.03,1.13
2014.02.03 14:41:32.596,0.89672,0.89682,1.38,1.00
2014.02.03 14:41:32.697,0.89672,0.89682,1.88,1.00
2014.02.03 14:41:32.749,0.89672,0.89686,2.63,2.03
2014.02.03 14:41:33.280,0.89672,0.89685,2.03,1.50
2014.02.03 14:41:34.235,0.89672,0.8968,1.65,2.48
2014.02.03 14:41:34.388,0.8967,0.89677,1.00,2.63
2014.02.03 14:41:34.439,0.89666,0.89677,1.13,4.20
2014.02.03 14:41:34.541,0.89663,0.89677,1.90,4.20
2014.02.03 14:41:34.643,0.89664,0.89678,1.95,1.10
2014.02.03 14:41:34.846,0.89666,0.89679,1.55,1.38
2014.02.03 14:41:35.622,0.89664,0.89676,1.10,1.38
2014.02.03 14:41:35.875,0.89662,0.89673,1.13,1.38
2014.02.03 14:41:37.997,0.89661,0.89672,1.38,1.42
2014.02.03 14:41:38.048,0.89661,0.89672,1.00,1.42
2014.02.03 14:41:38.149,0.89658,0.89668,1.00,3.45
2014.02.03 14:41:38.402,0.89656,0.89668,1.00,4.20
2014.02.03 14:41:38.908,0.89655,0.89669,1.95,1.28
2014.02.03 14:41:39.161,0.89659,0.89671,1.13,1.55
2014.02.03 14:41:39.363,0.89659,0.8967,1.00,2.63
2014.02.03 14:41:39.666,0.89657,0.8967,1.50,3.45
2014.02.03 14:41:40.326,0.89657,0.8967,1.88,1.55
2014.02.03 14:41:40.908,0.89657,0.89668,1.88,1.00
2014.02.03 14:41:41.121,0.8966,0.8967,1.38,1.00
2014.02.03 14:41:41.172,0.8966,0.89672,1.38,1.58
2014.02.03 14:41:41.374,0.8966,0.89669,1.48,1.00
2014.02.03 14:41:41.425,0.8966,0.89669,1.00,1.13
2014.02.03 14:41:41.527,0.89659,0.89669,1.13,4.20
2014.02.03 14:41:41.832,0.89659,0.89669,1.00,1.38
2014.02.03 14:41:41.984,0.89661,0.89669,1.00,1.38
2014.02.03 14:41:42.085,0.89661,0.89671,1.38,1.10
2014.02.03 14:41:42.617,0.89661,0.89672,1.95,1.13
2014.02.03 14:41:43.136,0.89661,0.89672,1.95,1.13
2014.02.03 14:41:43.771,0.89661,0.89672,1.48,1.13
2014.02.03 14:41:43.974,0.8966,0.89671,1.13,1.00
2014.02.03 14:41:44.529,0.8966,0.89671,1.55,1.00
2014.02.03 14:41:44.946,0.89661,0.89673,1.55,1.00
2014.02.03 14:41:44.997,0.89663,0.89675,1.48,1.00
2014.02.03 14:41:45.545,0.89663,0.89675,1.00,1.48
2014.02.03 14:41:46.089,0.89663,0.89675,1.13,1.95
2014.02.03 14:41:46.397,0.89663,0.89674,1.00,1.20
2014.02.03 14:41:46.650,0.89656,0.89668,1.13,1.20
2014.02.03 14:41:46.701,0.89656,0.89665,1.00,1.00
2014.02.03 14:41:47.224,0.89654,0.89667,1.38,2.78
2014.02.03 14:41:47.684,0.89654,0.89665,1.13,1.38
2014.02.03 14:41:49.286,0.89652,0.89667,1.55,3.53
2014.02.03 14:41:49.706,0.89654,0.89667,2.70,1.08
2014.02.03 14:41:49.959,0.89654,0.89669,2.78,3.53
2014.02.03 14:41:50.212,0.89656,0.8967,2.78,1.10
2014.02.03 14:41:50.845,0.89656,0.8967,2.03,1.80
2014.02.03 14:41:50.896,0.89656,0.89666,2.03,1.00
2014.02.03 14:41:50.947,0.89656,0.89666,2.03,1.00
2014.02.03 14:41:51.200,0.89656,0.89669,1.38,2.03
2014.02.03 14:41:51.728,0.89656,0.89669,1.48,1.88
2014.02.03 14:41:51.779,0.89656,0.89669,1.38,3.38
2014.02.03 14:41:53.512,0.89658,0.89668,1.13,1.10
2014.02.03 14:41:53.917,0.89658,0.89663,1.00,1.00
2014.02.03 14:41:54.019,0.89654,0.89662,2.33,1.30
2014.02.03 14:41:54.121,0.89654,0.89661,2.25,1.38
2014.02.03 14:41:54.273,0.89648,0.89658,1.50,1.00
2014.02.03 14:41:54.477,0.89646,0.89658,1.00,1.00
2014.02.03 14:41:54.917,0.89646,0.89658,3.08,1.30
2014.02.03 14:41:55.221,0.89653,0.89661,1.88,1.35
2014.02.03 14:41:55.747,0.89655,0.89664,3.00,2.25
2014.02.03 14:41:55.799,0.89655,0.89665,3.00,3.00
2014.02.03 14:41:56.001,0.89652,0.89665,1.55,2.63
2014.02.03 14:41:56.812,0.89651,0.89663,1.10,1.38
2014.02.03 14:41:57.014,0.89648,0.89662,2.03,1.48
2014.02.03 14:41:58.040,0.89648,0.89662,2.03,1.48
2014.02.03 14:41:58.344,0.89648,0.89661,1.00,1.48
2014.02.03 14:41:58.650,0.89646,0.89657,1.00,1.48
2014.02.03 14:41:58.908,0.89644,0.89657,1.58,1.48
2014.02.03 14:41:59.162,0.89642,0.89653,3.38,1.00
2014.02.03 14:41:59.263,0.89642,0.89653,1.00,1.00
2014.02.03 14:41:59.365,0.8964,0.89653,1.20,1.10
2014.02.03 14:41:59.416,0.89642,0.89653,1.00,1.70
2014.02.03 14:41:59.720,0.89644,0.89655,1.48,3.00
2014.02.03 14:41:59.974,0.89646,0.89657,2.70,2.48
2014.02.03 14:42:00.442,0.89645,0.89654,3.45,1.00
2014.02.03 14:42:00.969,0.89645,0.89655,1.55,1.00
2014.02.03 14:42:01.272,0.89644,0.89652,2.70,1.00
2014.02.03 14:42:01.526,0.89643,0.89652,1.10,1.00
2014.02.03 14:42:01.627,0.89641,0.89648,1.53,1.00
2014.02.03 14:42:01.729,0.89641,0.89652,1.18,1.50
2014.02.03 14:42:01.831,0.89641,0.8965,1.18,1.00
2014.02.03 14:42:02.143,0.89643,0.8965,2.33,1.00
2014.02.03 14:42:02.406,0.89643,0.89655,2.70,1.50
2014.02.03 14:42:02.861,0.89643,0.89653,3.83,1.00
2014.02.03 14:42:03.165,0.89643,0.89649,3.08,1.50
2014.02.03 14:42:03.396,0.89643,0.89652,3.08,1.13
2014.02.03 14:42:03.814,0.89645,0.89654,2.70,1.00
2014.02.03 14:42:04.123,0.89647,0.89655,3.45,1.88
2014.02.03 14:42:04.428,0.8965,0.89663,4.88,1.08
2014.02.03 14:42:04.530,0.89651,0.89664,2.70,1.00
2014.02.03 14:42:04.935,0.89651,0.89663,1.48,1.88
2014.02.03 14:42:05.456,0.8965,0.89663,1.55,3.23
2014.02.03 14:42:05.776,0.89654,0.89663,1.13,1.00
2014.02.03 14:42:05.828,0.89654,0.89665,3.38,1.13
2014.02.03 14:42:05.929,0.89656,0.8967,3.45,1.88
2014.02.03 14:42:05.980,0.89656,0.8967,3.45,1.88
2014.02.03 14:42:06.132,0.8966,0.89672,2.25,2.70
2014.02.03 14:42:06.644,0.89661,0.89672,3.83,1.38
2014.02.03 14:42:06.999,0.89661,0.89674,4.20,1.38
2014.02.03 14:42:07.100,0.89664,0.89674,1.00,1.13
2014.02.03 14:42:07.674,0.89663,0.89674,3.08,1.00
2014.02.03 14:42:08.355,0.89664,0.89677,1.18,1.88
2014.02.03 14:42:08.659,0.89665,0.89677,3.45,2.10
2014.02.03 14:42:08.709,0.89665,0.89679,4.20,1.48
2014.02.03 14:42:08.760,0.89666,0.89679,1.45,1.10
2014.02.03 14:42:08.862,0.89666,0.89679,3.45,1.00
2014.02.03 14:42:09.368,0.89668,0.89679,3.08,1.88
2014.02.03 14:42:09.419,0.89668,0.89676,1.10,1.38
2014.02.03 14:42:09.520,0.89666,0.89675,1.50,1.38
2014.02.03 14:42:09.722,0.89666,0.89676,1.00,1.13
2014.02.03 14:42:10.228,0.89666,0.89677,1.18,1.13
2014.02.03 14:42:10.568,0.89668,0.89677,2.25,1.13
2014.02.03 14:42:10.721,0.8967,0.89681,2.70,1.88
2014.02.03 14:42:11.326,0.89672,0.89682,3.00,1.13
2014.02.03 14:42:11.718,0.89673,0.89686,1.18,1.88
2014.02.03 14:42:12.418,0.89672,0.89685,3.08,1.38
2014.02.03 14:42:12.772,0.8967,0.8968,1.28,1.00
2014.02.03 14:42:12.975,0.89669,0.89683,1.13,3.53
2014.02.03 14:42:13.183,0.89669,0.89679,1.13,1.73
2014.02.03 14:42:13.335,0.89667,0.89678,1.00,1.38
2014.02.03 14:42:13.386,0.89667,0.89678,1.00,1.38
2014.02.03 14:42:13.691,0.89662,0.89673,2.33,1.38
2014.02.03 14:42:13.995,0.89659,0.89673,2.40,1.48
2014.02.03 14:42:14.710,0.8966,0.89673,1.48,1.48
2014.02.03 14:42:14.933,0.89661,0.89673,1.38,1.48
2014.02.03 14:42:15.135,0.89661,0.89674,1.20,2.70
2014.02.03 14:42:15.540,0.89661,0.89674,1.13,1.48
2014.02.03 14:42:15.642,0.89663,0.89674,1.00,1.38
2014.02.03 14:42:15.845,0.89664,0.89676,1.00,1.48
2014.02.03 14:42:16.360,0.89664,0.89677,1.18,1.88
2014.02.03 14:42:18.572,0.89664,0.89672,1.18,1.00
2014.02.03 14:42:18.724,0.89664,0.89676,1.18,1.13
2014.02.03 14:42:18.922,0.89664,0.89674,1.18,1.06
2014.02.03 14:42:19.225,0.89664,0.89674,1.18,1.00
2014.02.03 14:42:19.384,0.89666,0.89674,3.00,1.00
2014.02.03 14:42:19.687,0.8967,0.89677,2.33,1.00
2014.02.03 14:42:19.788,0.8967,0.89679,2.33,1.00
2014.02.03 14:42:20.041,0.8967,0.89681,2.40,1.00
2014.02.03 14:42:20.294,0.89669,0.89681,1.48,1.38
2014.02.03 14:42:20.345,0.89668,0.89679,1.50,1.13
2014.02.03 14:42:20.396,0.89668,0.89679,1.50,1.38
2014.02.03 14:42:20.908,0.89666,0.89677,1.58,1.13
2014.02.03 14:42:22.362,0.89666,0.89677,1.95,1.00
2014.02.03 14:42:22.464,0.89669,0.89677,1.00,1.00
2014.02.03 14:42:22.566,0.89669,0.89679,1.13,1.20
2014.02.03 14:42:22.719,0.8967,0.89679,1.38,1.00
2014.02.03 14:42:23.256,0.8967,0.89681,1.48,1.38
2014.02.03 14:42:23.955,0.8967,0.89681,3.45,1.38
2014.02.03 14:42:24.952,0.8967,0.89681,3.45,1.13
2014.02.03 14:42:25.155,0.89669,0.89679,1.10,1.13
2014.02.03 14:42:25.525,0.89671,0.89678,1.83,1.00
2014.02.03 14:42:25.576,0.89671,0.89681,1.93,2.25
2014.02.03 14:42:26.083,0.89672,0.89681,2.70,1.00
2014.02.03 14:42:26.185,0.89675,0.89683,1.38,1.00
2014.02.03 14:42:26.287,0.89675,0.89685,1.45,1.00
2014.02.03 14:42:26.641,0.89675,0.89683,1.38,1.00
2014.02.03 14:42:26.742,0.89673,0.89683,1.50,1.50
2014.02.03 14:42:27.046,0.89675,0.89683,1.38,1.00
2014.02.03 14:42:27.558,0.89681,0.89686,1.00,1.10
2014.02.03 14:42:27.712,0.89682,0.89687,1.00,1.00
2014.02.03 14:42:27.864,0.89682,0.89691,1.00,1.38
2014.02.03 14:42:28.398,0.89683,0.89694,1.00,1.13
2014.02.03 14:42:28.550,0.89683,0.89695,2.40,1.13
2014.02.03 14:42:28.871,0.89685,0.89697,3.45,1.38
2014.02.03 14:42:29.377,0.89688,0.89698,1.00,1.73
2014.02.03 14:42:31.517,0.89688,0.89695,1.00,1.00
2014.02.03 14:42:32.246,0.89688,0.89698,1.00,2.85
2014.02.03 14:42:32.297,0.89688,0.89698,1.00,2.10
2014.02.03 14:42:32.347,0.8969,0.89698,1.00,2.10
2014.02.03 14:42:32.853,0.89689,0.89697,2.93,1.38
2014.02.03 14:42:33.157,0.89687,0.89692,1.00,1.55
2014.02.03 14:42:33.207,0.89685,0.89692,2.25,3.45
2014.02.03 14:42:33.410,0.89682,0.89688,1.00,1.00
2014.02.03 14:42:33.461,0.8968,0.89688,1.00,1.00
2014.02.03 14:42:34.034,0.89677,0.89689,1.95,1.00
2014.02.03 14:42:34.555,0.89677,0.8969,1.95,1.10
2014.02.03 14:42:35.091,0.89677,0.89689,1.95,1.00
2014.02.03 14:42:37.615,0.89677,0.89688,1.95,1.00
2014.02.03 14:42:38.056,0.89675,0.89688,1.13,1.55
2014.02.03 14:42:38.419,0.89675,0.89686,1.00,1.38
2014.02.03 14:42:38.994,0.89674,0.89686,1.00,1.48
2014.02.03 14:42:40.684,0.89674,0.89686,1.38,1.48
2014.02.03 14:42:41.190,0.89674,0.89687,1.58,1.48
2014.02.03 14:42:43.572,0.89674,0.89687,1.58,1.65
2014.02.03 14:42:43.876,0.89672,0.89679,1.00,1.48
2014.02.03 14:42:44.140,0.89667,0.89679,1.88,1.95
2014.02.03 14:42:45.224,0.89667,0.89679,1.88,4.20
2014.02.03 14:42:45.790,0.89667,0.89679,1.88,1.95
2014.02.03 14:42:46.306,0.89667,0.89679,1.50,1.48
2014.02.03 14:42:47.759,0.89667,0.89678,1.50,1.28
2014.02.03 14:42:47.860,0.89667,0.89675,1.50,1.00
2014.02.03 14:42:48.164,0.89664,0.8967,1.00,1.43
2014.02.03 14:42:48.469,0.8966,0.89668,4.50,1.00
2014.02.03 14:42:48.621,0.89667,0.89674,1.00,2.03
2014.02.03 14:42:48.722,0.89662,0.89671,1.38,1.73
2014.02.03 14:42:48.773,0.8966,0.8967,3.00,1.13
2014.02.03 14:42:49.180,0.89662,0.89674,1.88,1.95
2014.02.03 14:42:49.689,0.89662,0.89674,1.88,1.48
2014.02.03 14:42:51.191,0.89662,0.89672,1.95,1.50
2014.02.03 14:42:51.596,0.8966,0.89672,1.00,2.63
2014.02.03 14:42:52.102,0.8966,0.8967,1.10,1.00
2014.02.03 14:42:55.209,0.89658,0.89668,3.08,1.60
2014.02.03 14:42:55.311,0.89658,0.89668,1.00,2.48
2014.02.03 14:42:55.564,0.89656,0.89665,1.13,1.13
2014.02.03 14:42:56.189,0.89656,0.89667,1.13,1.38
2014.02.03 14:42:56.392,0.89656,0.89668,2.03,1.50
2014.02.03 14:42:57.161,0.89658,0.89668,1.88,1.88
2014.02.03 14:42:58.545,0.89661,0.89668,1.00,1.30
2014.02.03 14:42:59.063,0.89661,0.8967,1.00,1.88
2014.02.03 14:42:59.316,0.89659,0.89666,1.00,1.38
2014.02.03 14:42:59.879,0.89659,0.89666,1.00,1.38
2014.02.03 14:43:00.294,0.89661,0.89665,1.00,1.13
2014.02.03 14:43:01.515,0.89661,0.89666,1.00,1.00
2014.02.03 14:43:02.247,0.89659,0.89666,1.00,1.00
2014.02.03 14:43:02.516,0.89657,0.89666,1.00,1.38
2014.02.03 14:43:03.041,0.89657,0.89667,1.00,1.88
2014.02.03 14:43:03.395,0.89657,0.89667,1.10,1.88
2014.02.03 14:43:03.799,0.89659,0.89667,1.00,1.38
2014.02.03 14:43:04.154,0.89655,0.89665,1.18,3.75
2014.02.03 14:43:04.679,0.89655,0.89663,1.00,1.00
2014.02.03 14:43:04.994,0.89655,0.8966,1.00,1.00
2014.02.03 14:43:05.096,0.89653,0.8966,1.00,1.13
2014.02.03 14:43:05.250,0.89648,0.89659,1.48,1.50
2014.02.03 14:43:05.654,0.89648,0.89659,1.13,1.28
2014.02.03 14:43:05.756,0.89648,0.89656,1.00,1.00
2014.02.03 14:43:06.227,0.89648,0.89658,1.38,1.00
2014.02.03 14:43:06.411,0.89651,0.8966,1.00,1.80
2014.02.03 14:43:06.715,0.89652,0.89661,1.18,1.00
2014.02.03 14:43:07.114,0.89651,0.89663,3.98,1.13
2014.02.03 14:43:07.317,0.89653,0.89664,1.25,1.00
2014.02.03 14:43:07.863,0.89655,0.89665,1.95,1.00
2014.02.03 14:43:08.065,0.89656,0.89667,1.55,1.00
2014.02.03 14:43:08.573,0.89656,0.89668,2.03,1.50
2014.02.03 14:43:09.285,0.89656,0.89667,2.03,1.00
2014.02.03 14:43:09.487,0.89658,0.89664,1.00,1.00
2014.02.03 14:43:09.640,0.89656,0.89664,1.50,1.38
2014.02.03 14:43:09.944,0.89657,0.89665,1.50,1.00
2014.02.03 14:43:10.116,0.89658,0.89665,2.25,1.00
2014.02.03 14:43:10.169,0.89658,0.8967,3.38,1.00
2014.02.03 14:43:10.815,0.89662,0.8967,1.00,1.00
2014.02.03 14:43:11.068,0.89662,0.89672,1.10,1.13
2014.02.03 14:43:11.523,0.8966,0.89672,1.58,1.50
2014.02.03 14:43:11.635,0.8966,0.89672,1.58,3.60
2014.02.03 14:43:12.999,0.8966,0.89669,1.00,1.73
2014.02.03 14:43:13.518,0.8966,0.89669,1.00,1.73
2014.02.03 14:43:14.067,0.8966,0.89669,1.00,1.73
2014.02.03 14:43:14.424,0.89657,0.89669,1.50,2.55
2014.02.03 14:43:15.189,0.89658,0.89669,1.13,1.38
2014.02.03 14:43:15.871,0.89658,0.89669,1.58,1.38
2014.02.03 14:43:17.702,0.89658,0.89669,1.58,1.13
2014.02.03 14:43:17.905,0.8966,0.89671,1.00,1.95
2014.02.03 14:43:19.855,0.8966,0.8967,1.00,1.38
2014.02.03 14:43:20.752,0.8966,0.89671,1.10,1.38
2014.02.03 14:43:21.302,0.89659,0.89669,1.10,1.38
2014.02.03 14:43:22.093,0.89659,0.89669,1.00,1.38
2014.02.03 14:43:22.598,0.89658,0.89669,1.10,1.88
2014.02.03 14:43:24.168,0.89657,0.89669,1.00,1.88
2014.02.03 14:43:24.587,0.89655,0.89667,1.95,1.38
2014.02.03 14:43:26.252,0.89655,0.89667,1.50,1.95
2014.02.03 14:43:26.556,0.89651,0.89661,1.48,1.00
2014.02.03 14:43:26.883,0.89651,0.89661,1.38,1.10
2014.02.03 14:43:28.090,0.89651,0.89661,1.50,1.10
2014.02.03 14:43:28.402,0.89655,0.89664,1.00,1.50
2014.02.03 14:43:28.908,0.89655,0.89666,1.38,1.80
2014.02.03 14:43:29.075,0.89655,0.89666,1.38,1.35
2014.02.03 14:43:29.328,0.89657,0.89668,1.38,1.58
2014.02.03 14:43:30.592,0.89657,0.89668,1.88,1.00
2014.02.03 14:43:31.128,0.89657,0.89667,1.88,1.00
2014.02.03 14:43:31.503,0.89657,0.89664,1.88,1.00
2014.02.03 14:43:32.036,0.89657,0.89665,1.88,1.00
2014.02.03 14:43:33.195,0.89657,0.89667,1.88,1.00
2014.02.03 14:43:33.458,0.89657,0.89667,1.88,1.00
2014.02.03 14:43:34.016,0.89657,0.89667,1.55,1.00
2014.02.03 14:43:34.631,0.89657,0.89668,1.55,1.88
2014.02.03 14:43:35.149,0.89658,0.89669,1.48,1.68
2014.02.03 14:43:35.200,0.89658,0.8967,1.48,1.00
2014.02.03 14:43:35.251,0.8966,0.89671,1.38,1.95
2014.02.03 14:43:35.660,0.89663,0.89671,1.95,1.13
2014.02.03 14:43:36.077,0.89663,0.89671,1.95,1.00
2014.02.03 14:43:36.656,0.89666,0.89671,1.48,1.00
2014.02.03 14:43:37.899,0.89666,0.89674,1.48,1.13
2014.02.03 14:43:38.059,0.89666,0.89677,1.48,1.35
2014.02.03 14:43:38.564,0.89667,0.89679,1.38,3.83
2014.02.03 14:43:38.615,0.8967,0.89679,2.63,3.00
2014.02.03 14:43:38.918,0.89672,0.89681,1.48,1.00
2014.02.03 14:43:39.020,0.89673,0.89684,1.28,2.25
2014.02.03 14:43:39.122,0.89672,0.89682,1.38,1.00
2014.02.03 14:43:39.324,0.8967,0.89681,1.38,1.13
2014.02.03 14:43:39.896,0.8967,0.89681,1.38,1.48
2014.02.03 14:43:40.149,0.8967,0.89682,1.95,1.13
2014.02.03 14:43:40.453,0.89672,0.89683,1.48,2.10
2014.02.03 14:43:40.907,0.89672,0.89683,1.55,1.73
2014.02.03 14:43:41.429,0.89672,0.89683,1.13,1.73
2014.02.03 14:43:41.969,0.89672,0.89683,1.38,1.35
2014.02.03 14:43:42.682,0.89672,0.89683,1.13,1.80
2014.02.03 14:43:42.732,0.8967,0.89681,1.38,1.00
2014.02.03 14:43:43.044,0.89666,0.89678,3.53,1.00
2014.02.03 14:43:43.146,0.89666,0.89678,3.53,1.50
2014.02.03 14:43:43.276,0.89666,0.89676,1.95,1.00
2014.02.03 14:43:43.642,0.89665,0.89676,1.38,1.00
2014.02.03 14:43:44.188,0.89664,0.89676,2.33,1.50
2014.02.03 14:43:44.828,0.89664,0.89676,2.33,1.50
2014.02.03 14:43:47.245,0.89666,0.89677,1.13,1.10
2014.02.03 14:43:47.347,0.89666,0.89677,1.46,1.10
2014.02.03 14:43:47.549,0.89667,0.89678,1.20,1.13
2014.02.03 14:43:47.600,0.89667,0.89676,1.13,1.00
2014.02.03 14:43:48.242,0.89666,0.89676,1.13,1.00
2014.02.03 14:43:48.555,0.89666,0.89676,1.38,1.00
2014.02.03 14:43:48.707,0.89669,0.8968,1.48,1.00
2014.02.03 14:43:49.242,0.89669,0.89681,1.95,1.00
2014.02.03 14:43:49.894,0.89669,0.89681,1.88,1.20
2014.02.03 14:43:50.089,0.89666,0.89678,4.95,1.88
2014.02.03 14:43:50.292,0.89665,0.89676,1.48,1.13
2014.02.03 14:43:51.392,0.89665,0.89676,1.48,1.88
2014.02.03 14:43:52.303,0.89665,0.89674,1.10,1.38
2014.02.03 14:43:52.507,0.89662,0.89672,1.20,1.38
2014.02.03 14:43:52.913,0.89658,0.8967,4.58,1.00
2014.02.03 14:43:53.499,0.89658,0.89669,3.83,1.00
2014.02.03 14:43:54.417,0.89658,0.89669,1.00,1.50
2014.02.03 14:43:54.773,0.89656,0.8966,1.58,1.00
2014.02.03 14:43:55.107,0.89647,0.89653,1.00,1.00
2014.02.03 14:43:55.167,0.89642,0.89653,3.41,1.00
2014.02.03 14:43:55.321,0.89642,0.8965,2.25,1.00
2014.02.03 14:43:55.422,0.89642,0.8965,1.10,1.00
2014.02.03 14:43:55.523,0.8964,0.8965,1.10,1.13
2014.02.03 14:43:55.676,0.8964,0.89652,3.08,1.00
2014.02.03 14:43:55.980,0.89645,0.89652,2.33,1.00
2014.02.03 14:43:56.284,0.89645,0.89655,2.33,1.13
2014.02.03 14:43:56.436,0.89648,0.89655,2.63,1.00
2014.02.03 14:43:56.588,0.89648,0.89659,2.63,1.88
2014.02.03 14:43:56.791,0.8965,0.89659,3.45,1.50
2014.02.03 14:43:57.044,0.89651,0.89661,3.08,1.00
2014.02.03 14:43:57.095,0.89654,0.89661,1.83,1.00
2014.02.03 14:43:57.450,0.89655,0.89663,3.38,1.00
2014.02.03 14:43:57.501,0.89656,0.89666,3.08,2.25
2014.02.03 14:43:57.603,0.89656,0.89666,3.83,1.38
2014.02.03 14:43:57.754,0.89658,0.89667,1.20,1.00
2014.02.03 14:43:58.159,0.89656,0.89666,1.00,1.13
2014.02.03 14:43:58.416,0.89655,0.89664,1.10,1.73
2014.02.03 14:43:58.567,0.89653,0.89664,1.10,2.48
2014.02.03 14:43:58.803,0.89655,0.89663,1.00,1.00
2014.02.03 14:43:59.114,0.89655,0.89663,1.00,1.38
2014.02.03 14:43:59.165,0.89653,0.89663,1.00,1.38
2014.02.03 14:43:59.418,0.89653,0.8966,1.45,1.00
2014.02.03 14:43:59.722,0.89662,0.8967,1.00,1.38
2014.02.03 14:43:59.773,0.89664,0.89673,1.00,1.88
2014.02.03 14:43:59.824,0.89661,0.89671,1.08,1.38
2014.02.03 14:44:00.027,0.89661,0.89671,1.20,1.50
2014.02.03 14:44:00.128,0.89661,0.89673,3.83,4.73
2014.02.03 14:44:00.281,0.89659,0.89671,1.65,1.88
2014.02.03 14:44:00.433,0.89657,0.89668,1.58,1.13
2014.02.03 14:44:00.636,0.89659,0.89666,1.00,1.00
2014.02.03 14:44:00.888,0.89657,0.89665,1.13,1.00
2014.02.03 14:44:01.122,0.89657,0.89665,1.38,1.00
2014.02.03 14:44:01.777,0.89657,0.89665,1.38,1.00
2014.02.03 14:44:02.018,0.89657,0.89665,1.13,1.00
2014.02.03 14:44:02.120,0.89657,0.89665,1.38,1.00
2014.02.03 14:44:02.374,0.89659,0.89667,1.10,1.00
2014.02.03 14:44:02.971,0.89659,0.89668,1.20,2.25
2014.02.03 14:44:03.197,0.89661,0.89668,1.00,1.00
2014.02.03 14:44:03.654,0.89659,0.89667,1.10,1.38
2014.02.03 14:44:03.958,0.89654,0.89664,2.70,1.38
2014.02.03 14:44:04.110,0.89657,0.89664,1.00,1.38
2014.02.03 14:44:04.782,0.89657,0.89664,1.00,2.48
2014.02.03 14:44:04.884,0.89654,0.89663,1.00,1.95
2014.02.03 14:44:04.986,0.89654,0.89659,1.00,1.00
2014.02.03 14:44:05.291,0.89651,0.89659,1.00,1.88
2014.02.03 14:44:05.544,0.89651,0.89656,1.00,1.00
2014.02.03 14:44:05.849,0.89649,0.89656,1.00,1.00
2014.02.03 14:44:07.185,0.8965,0.89656,1.00,1.00
2014.02.03 14:44:07.236,0.8965,0.89656,3.08,1.00
2014.02.03 14:44:07.389,0.89651,0.89661,1.18,1.38
2014.02.03 14:44:07.951,0.89651,0.89659,1.10,1.13
2014.02.03 14:44:08.415,0.89649,0.89653,2.18,1.13
2014.02.03 14:44:08.517,0.89648,0.89652,1.00,1.00
2014.02.03 14:44:08.569,0.89642,0.89652,1.09,1.75
2014.02.03 14:44:08.620,0.8964,0.89648,1.18,2.63
2014.02.03 14:44:08.671,0.89639,0.89646,2.63,2.85
2014.02.03 14:44:08.925,0.89635,0.89641,1.43,1.38
2014.02.03 14:44:08.976,0.89634,0.89641,1.00,1.38
2014.02.03 14:44:09.230,0.89634,0.89645,1.10,1.50
2014.02.03 14:44:09.280,0.89636,0.89645,1.10,1.38
2014.02.03 14:44:09.584,0.89638,0.89645,1.00,1.00
2014.02.03 14:44:09.888,0.89642,0.8965,1.00,1.38
2014.02.03 14:44:10.191,0.89646,0.89652,1.00,3.30
2014.02.03 14:44:10.444,0.89647,0.89655,1.00,1.73
2014.02.03 14:44:10.698,0.89645,0.89652,1.10,2.48
2014.02.03 14:44:10.799,0.89643,0.89649,1.00,1.00
2014.02.03 14:44:11.916,0.89643,0.89651,1.10,1.13
2014.02.03 14:44:12.964,0.89643,0.89651,1.00,1.38
2014.02.03 14:44:15.301,0.89643,0.89651,1.00,1.38
2014.02.03 14:44:15.672,0.89639,0.89645,2.33,1.00
2014.02.03 14:44:15.976,0.89628,0.8964,4.88,1.30
2014.02.03 14:44:16.077,0.89632,0.89641,1.00,2.48
2014.02.03 14:44:16.279,0.8963,0.89639,1.10,1.88
2014.02.03 14:44:16.859,0.8963,0.89639,1.18,2.63
2014.02.03 14:44:17.235,0.8963,0.89636,1.18,1.00
2014.02.03 14:44:17.953,0.8963,0.89639,1.18,4.73
2014.02.03 14:44:19.286,0.8963,0.89639,1.55,1.00
2014.02.03 14:44:19.387,0.89633,0.89639,1.13,1.00
2014.02.03 14:44:19.641,0.89636,0.89646,1.65,1.35
2014.02.03 14:44:19.742,0.89639,0.89648,2.63,1.50
2014.02.03 14:44:19.844,0.89641,0.89651,1.18,1.60
2014.02.03 14:44:20.046,0.89643,0.89653,1.00,1.50
2014.02.03 14:44:20.147,0.89643,0.89653,1.00,1.38
2014.02.03 14:44:20.451,0.89639,0.89644,1.10,1.00
2014.02.03 14:44:20.502,0.89639,0.89643,1.10,1.00
2014.02.03 14:44:20.704,0.89639,0.89647,1.00,1.18
2014.02.03 14:44:20.805,0.89639,0.89643,1.00,1.00
2014.02.03 14:44:21.060,0.89631,0.89638,1.00,1.35
2014.02.03 14:44:21.161,0.89629,0.89638,1.00,1.73
2014.02.03 14:44:21.664,0.89628,0.89637,1.00,1.38
2014.02.03 14:44:22.001,0.89628,0.89636,1.00,2.48
2014.02.03 14:44:22.305,0.89625,0.8963,1.00,1.13
2014.02.03 14:44:25.266,0.89625,0.89629,1.00,1.13
2014.02.03 14:44:25.317,0.89623,0.89629,1.00,1.13
2014.02.03 14:44:25.368,0.89621,0.89629,1.00,1.13
2014.02.03 14:44:26.968,0.89621,0.89631,1.50,1.48
2014.02.03 14:44:27.330,0.89625,0.89631,1.00,1.00
2014.02.03 14:44:27.482,0.89625,0.89633,1.55,1.00
2014.02.03 14:44:27.583,0.89626,0.89636,1.13,1.38
2014.02.03 14:44:27.836,0.89626,0.89636,1.10,1.38
2014.02.03 14:44:28.380,0.89625,0.89636,1.20,1.38
2014.02.03 14:44:29.079,0.89627,0.89636,1.00,1.88
2014.02.03 14:44:29.551,0.89625,0.89635,1.50,3.23
2014.02.03 14:44:29.703,0.89625,0.89633,1.00,1.38
2014.02.03 14:44:30.216,0.89625,0.89633,1.00,1.38
2014.02.03 14:44:30.497,0.89623,0.89633,1.20,1.38
2014.02.03 14:44:30.648,0.89625,0.89633,1.00,2.25
2014.02.03 14:44:30.800,0.89625,0.89633,1.00,1.88
2014.02.03 14:44:31.312,0.89626,0.89635,1.10,1.38
2014.02.03 14:44:32.267,0.89625,0.89635,1.00,1.38
2014.02.03 14:44:32.472,0.89625,0.89632,1.00,1.38
2014.02.03 14:44:32.654,0.8962,0.89631,2.25,2.70
2014.02.03 14:44:32.756,0.8962,0.89631,1.50,4.20
2014.02.03 14:44:33.060,0.89617,0.89624,1.00,1.73
2014.02.03 14:44:33.162,0.89615,0.89624,1.00,1.38
2014.02.03 14:44:33.315,0.89612,0.89623,1.00,1.13
2014.02.03 14:44:33.417,0.89612,0.89623,1.00,1.13
2014.02.03 14:44:33.922,0.89611,0.89622,1.00,1.95
2014.02.03 14:44:35.925,0.89611,0.89622,1.00,1.38
2014.02.03 14:44:36.216,0.89611,0.89622,1.38,1.13
2014.02.03 14:44:36.368,0.89616,0.89622,1.10,1.13
2014.02.03 14:44:36.671,0.8962,0.89628,1.00,1.38
2014.02.03 14:44:36.924,0.89616,0.89625,1.00,1.38
2014.02.03 14:44:37.076,0.89616,0.89621,1.00,1.00
2014.02.03 14:44:37.127,0.89612,0.89621,1.50,1.00
2014.02.03 14:44:37.228,0.89612,0.89621,1.00,1.38
2014.02.03 14:44:37.684,0.89609,0.89618,1.00,2.48
2014.02.03 14:44:37.851,0.89609,0.89615,1.00,1.50
2014.02.03 14:44:38.156,0.89606,0.89613,1.10,1.98
2014.02.03 14:44:38.308,0.89604,0.89612,1.50,2.10
2014.02.03 14:44:38.409,0.89601,0.89612,1.88,2.10
2014.02.03 14:44:38.769,0.896,0.8961,1.00,2.48
2014.02.03 14:44:38.971,0.89597,0.89606,1.00,1.73
2014.02.03 14:44:39.507,0.89597,0.89605,1.00,1.88
2014.02.03 14:44:40.023,0.89597,0.89605,1.13,1.50
2014.02.03 14:44:40.124,0.89599,0.89605,1.00,1.50
2014.02.03 14:44:40.226,0.89599,0.89609,1.00,1.58
2014.02.03 14:44:40.327,0.89601,0.8961,1.00,1.38
2014.02.03 14:44:40.857,0.89603,0.8961,1.00,1.13
2014.02.03 14:44:40.958,0.89603,0.89613,1.00,1.00
2014.02.03 14:44:41.110,0.89605,0.89613,1.00,1.00
2014.02.03 14:44:41.621,0.89605,0.89614,1.00,2.48
2014.02.03 14:44:41.928,0.89602,0.89614,1.65,3.23
2014.02.03 14:44:42.232,0.89601,0.8961,2.33,1.38
2014.02.03 14:44:42.283,0.896,0.8961,4.58,1.00
2014.02.03 14:44:42.485,0.89602,0.89608,1.10,1.50
2014.02.03 14:44:42.715,0.89599,0.89608,1.45,1.00
2014.02.03 14:44:42.818,0.89601,0.89608,1.38,1.00
2014.02.03 14:44:43.123,0.89603,0.8961,1.48,1.00
2014.02.03 14:44:43.426,0.89605,0.89611,1.48,1.00
2014.02.03 14:44:43.528,0.89605,0.89613,1.48,1.38
2014.02.03 14:44:43.831,0.89607,0.89616,2.03,1.13
2014.02.03 14:44:43.933,0.89609,0.89619,1.00,1.00
2014.02.03 14:44:44.459,0.89609,0.8962,1.18,1.00
2014.02.03 14:44:44.839,0.89612,0.8962,1.00,1.00
2014.02.03 14:44:45.294,0.89612,0.89623,1.10,1.38
2014.02.03 14:44:45.598,0.89612,0.89624,1.10,2.25
2014.02.03 14:44:45.901,0.89613,0.89624,1.00,3.98
2014.02.03 14:44:46.413,0.8961,0.89624,4.88,4.05
2014.02.03 14:44:46.514,0.8961,0.89623,2.63,1.05
2014.02.03 14:44:46.984,0.8961,0.89615,1.00,1.00
2014.02.03 14:44:47.323,0.89606,0.89613,3.00,1.00
2014.02.03 14:44:47.375,0.89606,0.89613,1.00,1.00
2014.02.03 14:44:47.678,0.89606,0.89616,1.38,1.80
2014.02.03 14:44:49.060,0.89606,0.89616,1.38,1.30
2014.02.03 14:44:49.212,0.89602,0.89609,1.13,1.00
2014.02.03 14:44:49.415,0.89601,0.89614,3.45,1.48
2014.02.03 14:44:49.630,0.89601,0.89609,2.70,1.00
2014.02.03 14:44:49.732,0.89601,0.89609,1.88,1.00
2014.02.03 14:44:50.186,0.89602,0.8961,1.38,1.00
2014.02.03 14:44:50.237,0.89601,0.89612,1.38,1.10
2014.02.03 14:44:50.339,0.89604,0.89614,1.38,1.50
2014.02.03 14:44:50.570,0.89604,0.89614,1.10,1.88
2014.02.03 14:44:50.772,0.89601,0.8961,1.13,2.55
2014.02.03 14:44:51.177,0.89599,0.89605,1.38,1.50
2014.02.03 14:44:51.697,0.89597,0.89609,1.38,2.18
2014.02.03 14:44:52.501,0.89598,0.89609,1.55,1.35
2014.02.03 14:44:53.257,0.89598,0.89609,1.55,1.35
2014.02.03 14:44:53.510,0.89598,0.89609,1.38,1.73
2014.02.03 14:44:53.612,0.89595,0.89606,4.20,1.13
2014.02.03 14:44:53.713,0.89595,0.89606,1.88,1.55
2014.02.03 14:44:54.017,0.89593,0.89601,1.00,1.38
2014.02.03 14:44:54.321,0.89589,0.89598,1.38,1.00
2014.02.03 14:44:54.841,0.89589,0.89598,1.38,1.00
2014.02.03 14:44:55.347,0.89592,0.896,1.00,1.73
2014.02.03 14:44:55.398,0.89592,0.89601,1.38,1.00
2014.02.03 14:44:55.904,0.8959,0.89601,1.38,1.20
2014.02.03 14:44:56.380,0.8959,0.89601,1.88,1.10
2014.02.03 14:44:56.808,0.89595,0.89601,1.38,1.00
2014.02.03 14:44:56.909,0.89595,0.89603,1.48,1.00
2014.02.03 14:44:57.061,0.89602,0.89609,2.33,1.60
2014.02.03 14:44:57.112,0.89602,0.8961,2.33,2.48
2014.02.03 14:44:57.163,0.89602,0.89611,2.33,1.88
2014.02.03 14:44:57.686,0.89602,0.89612,3.45,1.00
2014.02.03 14:44:57.787,0.89602,0.89614,3.45,3.23
2014.02.03 14:44:58.314,0.89604,0.89614,1.48,1.35
2014.02.03 14:44:58.833,0.89604,0.89614,1.48,1.35
2014.02.03 14:45:02.132,0.89608,0.89615,1.00,1.50
2014.02.03 14:45:02.183,0.89608,0.89617,1.00,1.00
2014.02.03 14:45:02.234,0.89612,0.89617,1.00,1.00
2014.02.03 14:45:02.336,0.89608,0.89618,4.20,1.60
2014.02.03 14:45:02.842,0.89608,0.8962,3.83,1.38
2014.02.03 14:45:03.368,0.8961,0.89622,1.10,3.23
2014.02.03 14:45:03.930,0.8961,0.89622,1.48,1.88
2014.02.03 14:45:04.031,0.89613,0.89622,1.00,1.88
2014.02.03 14:45:04.082,0.89616,0.89622,1.10,1.88
2014.02.03 14:45:04.613,0.89616,0.89623,1.20,1.00
2014.02.03 14:45:04.715,0.89617,0.89629,1.00,1.98
2014.02.03 14:45:05.291,0.89617,0.89628,1.13,1.30
2014.02.03 14:45:05.362,0.89619,0.89628,1.00,1.30
2014.02.03 14:45:05.818,0.89616,0.89627,1.13,1.58
2014.02.03 14:45:06.367,0.89617,0.89627,1.13,1.58
2014.02.03 14:45:06.621,0.89617,0.8963,1.13,1.55
2014.02.03 14:45:06.673,0.89617,0.89627,1.00,1.13
2014.02.03 14:45:06.997,0.89614,0.89625,1.00,1.18
2014.02.03 14:45:07.250,0.89612,0.89623,1.13,1.00
2014.02.03 14:45:07.453,0.89609,0.89622,2.03,1.00
2014.02.03 14:45:07.656,0.89609,0.89621,1.00,1.48
2014.02.03 14:45:07.707,0.89607,0.89621,1.58,1.55
2014.02.03 14:45:08.772,0.89607,0.89621,1.88,3.45
2014.02.03 14:45:10.165,0.89606,0.89616,1.48,1.00
2014.02.03 14:45:10.378,0.89606,0.89618,1.48,1.13
2014.02.03 14:45:10.479,0.89606,0.89615,1.38,1.00
2014.02.03 14:45:10.956,0.89604,0.89615,1.55,1.50
2014.02.03 14:45:12.746,0.89603,0.89615,1.48,1.13
2014.02.03 14:45:12.998,0.89602,0.89613,1.55,1.60
2014.02.03 14:45:13.251,0.89596,0.89607,1.00,2.63
2014.02.03 14:45:13.706,0.89593,0.89603,1.10,1.13
2014.02.03 14:45:13.807,0.89593,0.89601,1.10,1.00
2014.02.03 14:45:14.010,0.89586,0.89597,1.20,1.38
2014.02.03 14:45:14.414,0.89587,0.89595,1.38,1.00
2014.02.03 14:45:14.965,0.89587,0.896,1.88,1.08
2014.02.03 14:45:15.016,0.89594,0.89602,2.25,2.33
2014.02.03 14:45:15.269,0.89597,0.89604,2.33,2.85
2014.02.03 14:45:15.371,0.89595,0.89604,3.45,2.25
2014.02.03 14:45:15.472,0.89597,0.89604,2.70,2.25
2014.02.03 14:45:15.895,0.89596,0.89604,1.48,2.25
2014.02.03 14:45:16.098,0.89596,0.89607,1.48,1.13
2014.02.03 14:45:16.616,0.89595,0.89607,1.55,1.38
2014.02.03 14:45:16.793,0.89595,0.89606,1.45,2.55
2014.02.03 14:45:17.047,0.89589,0.89601,6.38,1.38
2014.02.03 14:45:17.250,0.89589,0.89598,2.70,1.38
2014.02.03 14:45:17.351,0.89587,0.89595,1.50,1.35
2014.02.03 14:45:17.402,0.89587,0.89595,1.50,3.30
2014.02.03 14:45:17.655,0.89587,0.89596,1.00,2.25
2014.02.03 14:45:17.757,0.89586,0.89596,1.00,2.10
2014.02.03 14:45:17.807,0.89584,0.89596,1.58,2.10
2014.02.03 14:45:18.316,0.89584,0.89591,1.50,1.00
2014.02.03 14:45:18.418,0.89584,0.89589,1.50,1.50
2014.02.03 14:45:18.722,0.89581,0.89588,1.00,2.55
2014.02.03 14:45:18.823,0.89579,0.89584,1.00,1.00
2014.02.03 14:45:19.478,0.89579,0.89583,1.00,1.00
2014.02.03 14:45:20.284,0.89578,0.89583,1.00,1.00
2014.02.03 14:45:20.397,0.89576,0.89583,1.50,1.00
2014.02.03 14:45:20.549,0.89574,0.89583,1.00,1.00
2014.02.03 14:45:21.139,0.89573,0.89583,1.13,1.00
2014.02.03 14:45:21.393,0.89577,0.89583,1.00,1.00
2014.02.03 14:45:21.597,0.89579,0.89588,1.38,1.20
2014.02.03 14:45:21.648,0.8958,0.89588,1.38,1.20
2014.02.03 14:45:21.800,0.89582,0.89591,1.38,1.50
2014.02.03 14:45:22.459,0.89582,0.89593,1.38,1.50
2014.02.03 14:45:23.113,0.89583,0.89594,1.38,1.13
2014.02.03 14:45:23.754,0.89583,0.89596,1.48,4.35
2014.02.03 14:45:24.341,0.89583,0.89596,1.48,4.35
2014.02.03 14:45:24.884,0.89583,0.89596,1.20,4.35
2014.02.03 14:45:27.662,0.89583,0.89596,1.48,3.98
2014.02.03 14:45:28.016,0.89583,0.89594,1.10,1.38
2014.02.03 14:45:28.237,0.89581,0.89594,1.95,1.38
2014.02.03 14:45:29.718,0.89581,0.89594,1.95,1.38
2014.02.03 14:45:29.928,0.89582,0.89595,3.38,1.73
2014.02.03 14:45:30.452,0.89583,0.89596,1.55,2.48
2014.02.03 14:45:30.960,0.89583,0.89595,1.55,1.30
2014.02.03 14:45:31.495,0.89583,0.89596,1.55,1.98
2014.02.03 14:45:32.692,0.89583,0.89596,1.65,1.60
2014.02.03 14:45:33.349,0.89584,0.89596,1.48,1.60
2014.02.03 14:45:33.902,0.89584,0.89596,1.48,1.60
2014.02.03 14:45:34.356,0.89586,0.89595,1.13,1.30
2014.02.03 14:45:34.458,0.89586,0.89593,1.13,1.00
2014.02.03 14:45:34.812,0.89584,0.89593,1.13,1.73
2014.02.03 14:45:34.913,0.89584,0.89595,1.38,3.23
2014.02.03 14:45:35.065,0.89585,0.89597,1.50,1.43
2014.02.03 14:45:35.216,0.89585,0.89597,1.58,1.30
2014.02.03 14:45:35.558,0.89586,0.89599,1.48,1.50
2014.02.03 14:45:35.660,0.8959,0.89601,1.38,1.58
2014.02.03 14:45:35.711,0.89591,0.89603,1.38,2.10
2014.02.03 14:45:35.762,0.89592,0.89603,1.45,2.10
2014.02.03 14:45:36.271,0.89592,0.89602,1.95,1.00
2014.02.03 14:45:37.442,0.89592,0.89602,1.95,1.00
2014.02.03 14:45:37.834,0.89592,0.896,4.20,1.00
2014.02.03 14:45:38.396,0.89592,0.89601,1.48,1.00
2014.02.03 14:45:38.498,0.89592,0.89603,1.48,1.35
2014.02.03 14:45:38.599,0.89592,0.89605,1.95,1.58
2014.02.03 14:45:39.165,0.89592,0.89605,4.20,1.88
2014.02.03 14:45:39.935,0.89592,0.89605,4.20,1.88
2014.02.03 14:45:40.287,0.89592,0.89605,4.20,1.88
2014.02.03 14:45:40.791,0.89592,0.89605,1.95,1.95
2014.02.03 14:45:41.146,0.89592,0.896,1.95,1.00
2014.02.03 14:45:41.450,0.89592,0.896,1.38,1.00
2014.02.03 14:45:41.654,0.89596,0.89605,1.48,2.25
2014.02.03 14:45:41.805,0.89596,0.89606,1.18,1.50
2014.02.03 14:45:42.342,0.89596,0.89606,1.55,1.00
2014.02.03 14:45:43.242,0.89596,0.89608,1.55,2.10
2014.02.03 14:45:43.448,0.89597,0.8961,3.45,1.13
2014.02.03 14:45:44.245,0.89599,0.89612,1.20,2.48
2014.02.03 14:45:44.732,0.89598,0.89611,1.48,1.08
2014.02.03 14:45:45.313,0.89598,0.89611,1.10,1.38
2014.02.03 14:45:46.252,0.89598,0.89611,1.10,1.13
2014.02.03 14:45:46.641,0.89599,0.89611,1.18,1.13
2014.02.03 14:45:47.144,0.89599,0.89612,2.03,1.73
2014.02.03 14:45:47.686,0.89599,0.89608,1.18,1.38
2014.02.03 14:45:47.789,0.89598,0.89605,1.00,1.38
2014.02.03 14:45:47.993,0.89592,0.89601,1.38,2.33
2014.02.03 14:45:48.045,0.89589,0.89601,1.88,3.08
2014.02.03 14:45:48.249,0.89592,0.89596,1.00,1.50
2014.02.03 14:45:48.454,0.89586,0.89596,2.33,1.88
2014.02.03 14:45:48.656,0.89586,0.89599,1.55,1.13
2014.02.03 14:45:48.808,0.89589,0.89601,1.00,1.28
2014.02.03 14:45:49.138,0.89587,0.89597,1.08,1.95
2014.02.03 14:45:49.191,0.89585,0.89597,1.00,3.45
2014.02.03 14:45:49.242,0.89582,0.89597,2.40,4.43
2014.02.03 14:45:49.820,0.89584,0.89596,1.95,1.00
2014.02.03 14:45:50.101,0.89587,0.89597,1.00,1.35
2014.02.03 14:45:50.405,0.89585,0.89598,1.00,2.55
2014.02.03 14:45:51.454,0.89585,0.89593,1.00,1.50
2014.02.03 14:45:51.556,0.89583,0.89593,1.88,1.58
2014.02.03 14:45:52.163,0.89582,0.89593,1.13,1.58
2014.02.03 14:45:52.405,0.89582,0.89593,1.00,2.55
2014.02.03 14:45:52.557,0.89578,0.89589,1.58,2.55
2014.02.03 14:45:52.608,0.89578,0.89586,1.50,1.00
2014.02.03 14:45:52.911,0.89578,0.89586,1.00,2.33
2014.02.03 14:45:52.961,0.89573,0.89586,1.00,3.15
2014.02.03 14:45:53.168,0.89572,0.89585,1.00,1.55
2014.02.03 14:45:53.500,0.89572,0.89585,1.00,2.03
2014.02.03 14:45:54.021,0.89572,0.89585,1.10,1.88
2014.02.03 14:45:55.174,0.89572,0.89585,1.10,1.88
2014.02.03 14:45:55.564,0.89572,0.89585,1.10,1.88
2014.02.03 14:45:56.355,0.89573,0.89585,1.00,1.38
2014.02.03 14:45:56.710,0.89573,0.89586,4.13,1.88
2014.02.03 14:45:56.811,0.89575,0.89586,1.10,1.13
2014.02.03 14:45:57.340,0.89575,0.89588,1.10,4.80
2014.02.03 14:45:57.813,0.89575,0.89588,1.48,3.30
2014.02.03 14:45:57.965,0.89578,0.89588,1.08,1.00
2014.02.03 14:45:58.016,0.89578,0.8959,1.55,3.00
2014.02.03 14:45:58.067,0.89579,0.8959,2.63,2.63
2014.02.03 14:45:58.320,0.89581,0.89593,2.70,1.88
2014.02.03 14:45:58.827,0.89583,0.89595,1.20,1.95
2014.02.03 14:45:58.979,0.89583,0.89595,2.03,1.00
2014.02.03 14:45:59.232,0.89587,0.89599,3.38,1.38
2014.02.03 14:45:59.535,0.89591,0.89599,1.38,1.88
2014.02.03 14:45:59.637,0.89592,0.896,1.38,1.00
2014.02.03 14:45:59.738,0.89593,0.89602,1.13,1.20
2014.02.03 14:45:59.890,0.89593,0.896,1.13,1.00
2014.02.03 14:45:59.941,0.89589,0.896,3.45,1.00
2014.02.03 14:46:00.043,0.89589,0.896,1.10,1.00
2014.02.03 14:46:03.792,0.89588,0.896,1.38,1.10
2014.02.03 14:46:05.663,0.89588,0.896,1.88,1.58
2014.02.03 14:46:06.179,0.89588,0.896,2.03,1.50
2014.02.03 14:46:06.280,0.89588,0.89597,1.28,1.00
2014.02.03 14:46:06.382,0.89586,0.89597,1.10,1.00
2014.02.03 14:46:06.633,0.89586,0.89597,1.00,1.38
2014.02.03 14:46:06.937,0.89583,0.8959,2.18,1.38
2014.02.03 14:46:07.140,0.89578,0.89589,1.50,1.38
2014.02.03 14:46:07.191,0.89578,0.89589,1.88,1.00
2014.02.03 14:46:07.495,0.89584,0.89591,1.48,1.00
2014.02.03 14:46:07.697,0.89584,0.89596,4.95,1.00
2014.02.03 14:46:07.971,0.89586,0.89598,1.20,1.13
2014.02.03 14:46:08.022,0.89588,0.89598,1.00,1.13
2014.02.03 14:46:09.713,0.89588,0.89598,1.48,1.00
2014.02.03 14:46:10.273,0.89588,0.89598,1.48,1.00
2014.02.03 14:46:10.477,0.89591,0.89601,1.48,1.00
2014.02.03 14:46:11.040,0.89591,0.89601,1.10,1.00
2014.02.03 14:46:11.606,0.89591,0.89597,1.10,1.00
2014.02.03 14:46:11.912,0.89589,0.89597,1.00,1.50
2014.02.03 14:46:13.205,0.89589,0.89596,1.13,1.00
2014.02.03 14:46:14.088,0.89587,0.89596,1.13,3.00
2014.02.03 14:46:14.190,0.89587,0.89594,1.38,1.00
2014.02.03 14:46:14.450,0.89584,0.89594,1.38,1.00
2014.02.03 14:46:14.983,0.89584,0.89593,1.38,1.00
2014.02.03 14:46:15.084,0.89584,0.89591,1.00,1.13
2014.02.03 14:46:15.135,0.8958,0.8959,2.70,1.00
2014.02.03 14:46:15.186,0.89578,0.89586,1.55,1.00
2014.02.03 14:46:15.490,0.89577,0.89586,1.58,1.38
2014.02.03 14:46:15.772,0.89577,0.89589,1.95,4.73
2014.02.03 14:46:16.311,0.89577,0.89589,1.95,4.73
2014.02.03 14:46:16.619,0.89577,0.89588,1.95,1.38
2014.02.03 14:46:16.923,0.89573,0.89585,1.88,1.58
2014.02.03 14:46:17.226,0.89573,0.89585,1.38,1.95
2014.02.03 14:46:18.642,0.89573,0.89585,1.38,1.95
2014.02.03 14:46:19.954,0.89577,0.89585,1.00,1.38
2014.02.03 14:46:20.005,0.89577,0.89586,1.00,1.00
2014.02.03 14:46:20.380,0.89575,0.89585,1.13,1.13
2014.02.03 14:46:20.433,0.89574,0.89585,1.10,1.38
2014.02.03 14:46:20.981,0.89574,0.89585,1.00,2.70
2014.02.03 14:46:21.032,0.89571,0.89581,1.95,1.20
2014.02.03 14:46:21.083,0.89571,0.89579,1.50,1.48
2014.02.03 14:46:21.185,0.89569,0.89579,1.00,1.48
2014.02.03 14:46:21.437,0.89566,0.89577,1.00,1.95
2014.02.03 14:46:21.640,0.89563,0.89575,1.88,1.88
2014.02.03 14:46:22.177,0.89563,0.89575,1.88,1.38
2014.02.03 14:46:22.383,0.89563,0.89575,1.88,1.38
2014.02.03 14:46:24.712,0.89565,0.89576,1.38,1.35
2014.02.03 14:46:24.763,0.89567,0.89579,1.38,3.08
2014.02.03 14:46:25.016,0.89569,0.8958,4.95,1.38
2014.02.03 14:46:25.344,0.89572,0.89584,1.00,1.58
2014.02.03 14:46:26.840,0.89571,0.8958,1.50,1.00
2014.02.03 14:46:27.094,0.89571,0.89582,2.63,1.00
2014.02.03 14:46:27.607,0.89571,0.89582,2.63,1.38
2014.02.03 14:46:28.110,0.89571,0.89582,2.63,1.38
2014.02.03 14:46:30.564,0.89571,0.8958,1.50,1.35
2014.02.03 14:46:30.615,0.89571,0.89578,1.50,3.00
2014.02.03 14:46:30.921,0.8956,0.8957,1.00,1.48
2014.02.03 14:46:30.972,0.89562,0.89568,1.00,2.63
2014.02.03 14:46:31.184,0.89557,0.89566,1.13,1.10
2014.02.03 14:46:31.438,0.8956,0.89566,1.00,1.10
2014.02.03 14:46:31.640,0.89558,0.89567,1.00,1.28
2014.02.03 14:46:32.706,0.89558,0.89567,1.00,3.45
2014.02.03 14:46:32.971,0.89556,0.89566,1.13,2.33
2014.02.03 14:46:34.240,0.89555,0.89566,1.88,2.33
2014.02.03 14:46:34.808,0.89555,0.89566,1.38,2.33
2014.02.03 14:46:35.326,0.89555,0.89565,1.00,1.18
2014.02.03 14:46:35.378,0.89552,0.89565,1.50,1.65
2014.02.03 14:46:35.429,0.89552,0.89562,1.00,1.38
2014.02.03 14:46:35.741,0.89547,0.89556,1.00,2.33
2014.02.03 14:46:36.155,0.89546,0.89554,1.50,2.33
2014.02.03 14:46:36.676,0.89545,0.89554,1.13,2.33
2014.02.03 14:46:37.873,0.89545,0.89554,1.88,2.33
2014.02.03 14:46:38.176,0.89547,0.89554,1.88,2.25
2014.02.03 14:46:38.227,0.89547,0.89557,1.38,2.33
2014.02.03 14:46:38.734,0.89547,0.89558,1.13,3.45
2014.02.03 14:46:38.886,0.89545,0.89556,1.88,3.08
2014.02.03 14:46:39.240,0.89544,0.89556,1.50,2.03
2014.02.03 14:46:39.544,0.89547,0.89554,1.00,1.18
2014.02.03 14:46:39.847,0.89544,0.89556,1.88,2.03
2014.02.03 14:46:40.252,0.89546,0.89558,1.38,2.03
2014.02.03 14:46:40.881,0.89546,0.89558,1.13,2.03
2014.02.03 14:46:41.684,0.89546,0.89558,1.13,1.55
2014.02.03 14:46:41.987,0.89544,0.89556,1.88,1.55
2014.02.03 14:46:42.241,0.89542,0.89556,2.70,2.03
2014.02.03 14:46:42.342,0.89542,0.89555,2.70,1.48
2014.02.03 14:46:42.850,0.89542,0.89554,1.13,1.48
2014.02.03 14:46:43.381,0.89542,0.89554,1.00,1.48
2014.02.03 14:46:44.027,0.89539,0.89554,3.53,1.95
2014.02.03 14:46:44.351,0.89539,0.89552,2.70,1.48
2014.02.03 14:46:44.655,0.89543,0.89552,1.88,1.10
2014.02.03 14:46:45.167,0.89545,0.89552,1.00,1.13
2014.02.03 14:46:45.510,0.89544,0.89555,1.38,1.18
2014.02.03 14:46:45.866,0.89547,0.89556,1.38,1.00
2014.02.03 14:46:46.373,0.89545,0.89557,2.03,1.88
2014.02.03 14:46:47.794,0.89545,0.89558,2.03,3.98
2014.02.03 14:46:48.098,0.89543,0.89555,1.88,1.48
2014.02.03 14:46:49.303,0.89541,0.89553,1.18,1.73
2014.02.03 14:46:49.454,0.89537,0.8955,1.55,1.98
2014.02.03 14:46:49.606,0.89535,0.89547,1.48,1.38
2014.02.03 14:46:49.657,0.89535,0.89547,1.20,1.88
2014.02.03 14:46:50.302,0.89533,0.89546,1.55,1.13
2014.02.03 14:46:50.814,0.89534,0.89546,1.48,1.38
2014.02.03 14:46:51.833,0.89534,0.89547,1.48,1.88
2014.02.03 14:46:52.943,0.89534,0.89547,3.38,1.50
2014.02.03 14:46:53.480,0.89534,0.89547,3.45,1.38
2014.02.03 14:46:53.784,0.89538,0.89549,1.48,1.38
2014.02.03 14:46:54.088,0.8954,0.89551,1.55,1.50
2014.02.03 14:46:54.522,0.89538,0.8955,2.03,1.13
2014.02.03 14:46:54.725,0.89538,0.89549,1.13,1.38
2014.02.03 14:46:55.241,0.89538,0.8955,1.13,1.48
2014.02.03 14:46:55.580,0.89538,0.89548,1.48,1.00
2014.02.03 14:46:55.681,0.8954,0.89551,1.88,1.38
2014.02.03 14:46:56.248,0.8954,0.89552,1.95,1.38
2014.02.03 14:46:56.838,0.8954,0.89552,1.95,1.38
2014.02.03 14:46:57.669,0.89542,0.89552,1.38,1.13
2014.02.03 14:46:57.923,0.89544,0.89555,1.38,2.63
2014.02.03 14:46:58.074,0.89542,0.89556,2.03,2.93
2014.02.03 14:46:58.226,0.89542,0.89552,1.18,1.38
2014.02.03 14:46:59.020,0.8954,0.89552,1.48,1.50
2014.02.03 14:46:59.522,0.89539,0.89549,1.95,1.00
2014.02.03 14:46:59.623,0.89537,0.89547,1.88,1.00
2014.02.03 14:46:59.825,0.89534,0.89544,1.00,1.38
2014.02.03 14:47:00.333,0.89533,0.89545,1.13,1.48
2014.02.03 14:47:00.653,0.89533,0.89544,1.00,1.38
2014.02.03 14:47:01.639,0.89533,0.89546,1.00,1.55
2014.02.03 14:47:02.900,0.89533,0.89544,1.38,1.13
2014.02.03 14:47:03.151,0.89535,0.89547,1.48,1.48
2014.02.03 14:47:03.685,0.89537,0.89549,1.13,1.95
2014.02.03 14:47:04.004,0.89537,0.89549,1.38,1.20
2014.02.03 14:47:04.358,0.89537,0.89549,1.88,1.48
2014.02.03 14:47:05.643,0.89537,0.89551,1.58,1.55
2014.02.03 14:47:06.052,0.89539,0.89551,1.00,1.55
2014.02.03 14:47:07.250,0.89537,0.89551,1.58,1.55
2014.02.03 14:47:07.764,0.89537,0.89551,2.78,1.38
2014.02.03 14:47:07.866,0.89539,0.89551,1.88,1.38
2014.02.03 14:47:08.171,0.8954,0.89551,2.63,1.00
2014.02.03 14:47:08.222,0.89539,0.89551,3.45,1.13
2014.02.03 14:47:08.770,0.89539,0.89551,4.20,1.13
2014.02.03 14:47:09.201,0.89539,0.89551,1.45,1.48
2014.02.03 14:47:09.732,0.89539,0.89553,1.20,2.78
2014.02.03 14:47:10.290,0.89538,0.89551,3.75,2.55
2014.02.03 14:47:10.593,0.89538,0.89549,1.00,1.95
2014.02.03 14:47:10.644,0.89536,0.89549,1.00,2.70
2014.02.03 14:47:10.897,0.89533,0.89546,1.10,1.38
2014.02.03 14:47:10.948,0.89533,0.89546,1.48,1.13
2014.02.03 14:47:11.251,0.89539,0.8955,1.38,1.38
2014.02.03 14:47:11.605,0.89537,0.89549,4.20,1.00
2014.02.03 14:47:11.656,0.89539,0.89551,2.63,1.13
2014.02.03 14:47:12.161,0.89537,0.89551,3.45,1.38
2014.02.03 14:47:14.174,0.89537,0.89551,1.45,4.13
2014.02.03 14:47:14.697,0.89537,0.89551,1.55,1.48
2014.02.03 14:47:15.495,0.89537,0.89551,2.03,1.48
2014.02.03 14:47:15.651,0.89537,0.89547,1.55,1.00
2014.02.03 14:47:15.955,0.89536,0.89547,1.38,1.13
2014.02.03 14:47:16.107,0.89534,0.89547,2.70,3.23
2014.02.03 14:47:16.310,0.89531,0.89543,1.48,1.00
2014.02.03 14:47:17.209,0.89531,0.89543,1.55,1.00
2014.02.03 14:47:17.649,0.89529,0.89541,1.00,2.85
2014.02.03 14:47:17.700,0.89529,0.8954,1.38,1.55
2014.02.03 14:47:17.751,0.89528,0.89539,1.88,1.05
2014.02.03 14:47:17.955,0.89524,0.89537,1.88,1.43
2014.02.03 14:47:18.056,0.89526,0.89537,1.38,1.43
2014.02.03 14:47:18.360,0.89528,0.89537,1.00,1.00
2014.02.03 14:47:18.462,0.89528,0.89539,1.38,1.13
2014.02.03 14:47:18.995,0.89528,0.89539,1.38,1.00
2014.02.03 14:47:19.161,0.89528,0.89539,1.38,1.00
2014.02.03 14:47:19.264,0.89528,0.89536,1.38,1.00
2014.02.03 14:47:19.365,0.89528,0.89538,1.38,1.00
2014.02.03 14:47:19.919,0.89526,0.89538,1.55,1.38
2014.02.03 14:47:20.426,0.89526,0.89538,1.38,1.38
2014.02.03 14:47:20.774,0.89526,0.89538,1.38,1.13
2014.02.03 14:47:21.433,0.89526,0.89538,1.55,1.00
2014.02.03 14:47:21.932,0.89528,0.89538,1.38,1.00
2014.02.03 14:47:21.983,0.89528,0.8954,1.48,1.50
2014.02.03 14:47:22.388,0.89533,0.8954,2.70,1.00
2014.02.03 14:47:22.490,0.89534,0.89545,2.03,1.00
2014.02.03 14:47:22.793,0.89534,0.89543,1.13,1.00
2014.02.03 14:47:23.248,0.89534,0.89545,3.45,1.50
2014.02.03 14:47:23.551,0.89536,0.89545,3.45,1.00
2014.02.03 14:47:23.602,0.89536,0.89547,3.45,2.25
2014.02.03 14:47:23.703,0.89538,0.89549,2.70,1.00
2014.02.03 14:47:25.034,0.89538,0.89548,2.25,1.00
2014.02.03 14:47:25.085,0.89536,0.89548,1.55,1.00
2014.02.03 14:47:25.338,0.89535,0.89546,1.48,1.00
2014.02.03 14:47:25.869,0.89534,0.89545,1.38,1.13
2014.02.03 14:47:27.136,0.89534,0.89545,1.08,1.88
2014.02.03 14:47:27.187,0.89532,0.89545,2.03,1.88
2014.02.03 14:47:27.238,0.89532,0.89542,2.03,1.00
2014.02.03 14:47:27.744,0.8953,0.89542,2.03,1.13
2014.02.03 14:47:28.205,0.89532,0.89542,3.38,1.00
2014.02.03 14:47:28.307,0.89532,0.89544,3.45,1.00
2014.02.03 14:47:29.765,0.89534,0.89545,1.55,1.00
2014.02.03 14:47:31.496,0.89534,0.89547,1.55,1.00
2014.02.03 14:47:31.963,0.89535,0.89547,1.48,1.00
2014.02.03 14:47:32.266,0.89535,0.89544,1.55,1.00
2014.02.03 14:47:32.317,0.89535,0.89544,1.28,1.00
2014.02.03 14:47:32.519,0.89533,0.89545,1.55,1.38
2014.02.03 14:47:33.422,0.89531,0.89544,3.38,1.38
2014.02.03 14:47:33.624,0.89531,0.89544,1.00,1.55
2014.02.03 14:47:33.953,0.89529,0.89541,2.63,1.48
2014.02.03 14:47:34.725,0.89529,0.89541,1.50,1.48
2014.02.03 14:47:34.979,0.89527,0.8954,1.50,1.48
2014.02.03 14:47:35.410,0.89527,0.8954,1.13,1.48
2014.02.03 14:47:35.911,0.89527,0.89539,1.28,1.38
2014.02.03 14:47:36.486,0.89527,0.89539,1.28,1.50
2014.02.03 14:47:37.046,0.89526,0.89536,1.38,1.13
2014.02.03 14:47:37.248,0.89523,0.89536,1.55,1.88
2014.02.03 14:47:37.552,0.89519,0.89531,1.55,1.00
2014.02.03 14:47:38.042,0.89518,0.89531,4.20,1.38
2014.02.03 14:47:38.714,0.89518,0.89531,4.20,1.13
2014.02.03 14:47:39.713,0.89522,0.89532,1.95,1.38
2014.02.03 14:47:39.886,0.89522,0.89535,2.78,1.38
2014.02.03 14:47:40.287,0.89522,0.89532,1.38,1.00
2014.02.03 14:47:40.926,0.89522,0.89532,1.13,1.48
2014.02.03 14:47:41.710,0.89521,0.89532,1.00,3.45
2014.02.03 14:47:42.241,0.89519,0.89529,1.38,1.08
2014.02.03 14:47:42.545,0.89518,0.89529,1.38,4.58
2014.02.03 14:47:42.596,0.89515,0.89527,1.38,1.50
2014.02.03 14:47:42.748,0.89514,0.89525,1.38,3.08
2014.02.03 14:47:42.900,0.89513,0.89525,1.00,3.83
2014.02.03 14:47:43.380,0.89509,0.8952,1.55,1.00
2014.02.03 14:47:43.886,0.89511,0.89522,1.00,2.40
2014.02.03 14:47:44.387,0.89511,0.89521,1.00,1.10
2014.02.03 14:47:44.889,0.89511,0.89522,1.58,1.85
2014.02.03 14:47:45.110,0.89511,0.89525,4.50,3.38
2014.02.03 14:47:45.211,0.89515,0.89525,1.13,2.25
2014.02.03 14:47:45.262,0.89515,0.89525,1.88,1.13
2014.02.03 14:47:45.363,0.89515,0.89526,1.88,1.00
2014.02.03 14:47:45.566,0.89519,0.8953,1.88,1.13
2014.02.03 14:47:46.110,0.8952,0.89531,1.38,1.38
2014.02.03 14:47:46.565,0.89522,0.89531,1.13,1.38
2014.02.03 14:47:47.079,0.8952,0.89531,4.95,1.38
2014.02.03 14:47:47.348,0.8952,0.89531,4.95,1.13
2014.02.03 14:47:47.500,0.89523,0.89533,2.70,1.00
2014.02.03 14:47:48.272,0.89522,0.89536,2.70,1.58
2014.02.03 14:47:49.130,0.89522,0.89536,2.70,1.58
2014.02.03 14:47:49.433,0.89522,0.8953,1.50,1.84
2014.02.03 14:47:49.585,0.89522,0.8953,1.38,1.13
2014.02.03 14:47:49.985,0.89521,0.89531,1.38,1.50
2014.02.03 14:47:50.137,0.89521,0.89535,4.28,1.50
2014.02.03 14:47:50.643,0.89523,0.89535,1.88,1.38
2014.02.03 14:47:50.848,0.89525,0.89536,1.00,1.48
2014.02.03 14:47:51.279,0.89523,0.89536,2.63,1.48
2014.02.03 14:47:51.815,0.89523,0.89534,1.88,1.88
2014.02.03 14:47:52.864,0.89523,0.89533,1.88,1.50
2014.02.03 14:47:52.966,0.89521,0.89534,1.20,2.33
2014.02.03 14:47:53.421,0.89521,0.89534,1.48,1.95
2014.02.03 14:47:54.207,0.89521,0.89535,1.48,2.78
2014.02.03 14:47:54.722,0.89521,0.89535,1.55,3.00
2014.02.03 14:47:55.025,0.89525,0.89535,1.45,1.00
2014.02.03 14:47:55.228,0.89525,0.89539,4.20,1.88
2014.02.03 14:47:55.279,0.89525,0.89539,4.20,1.50
2014.02.03 14:47:55.785,0.89528,0.8954,2.70,1.38
2014.02.03 14:47:56.457,0.89528,0.89541,2.70,1.38
2014.02.03 14:47:57.772,0.89529,0.89539,1.28,1.00
2014.02.03 14:47:58.076,0.89526,0.89535,1.38,2.63
2014.02.03 14:47:58.382,0.89528,0.89537,3.08,1.88
2014.02.03 14:47:58.844,0.8953,0.89539,1.10,1.46
2014.02.03 14:47:59.204,0.89528,0.89535,2.03,1.00
2014.02.03 14:47:59.407,0.89526,0.89537,2.03,1.31
2014.02.03 14:47:59.812,0.89522,0.89533,2.70,1.94
2014.02.03 14:47:59.963,0.89521,0.89532,1.88,1.76
2014.02.03 14:48:01.415,0.8952,0.89531,1.88,1.00
2014.02.03 14:48:01.567,0.89521,0.89533,1.55,1.13
2014.02.03 14:48:02.715,0.89523,0.89535,1.13,2.55
2014.02.03 14:48:03.224,0.89523,0.89535,1.95,2.48
2014.02.03 14:48:03.736,0.89523,0.89533,1.20,1.00
2014.02.03 14:48:03.938,0.89523,0.89533,3.45,1.00
2014.02.03 14:48:04.192,0.89523,0.89533,1.20,1.00
2014.02.03 14:48:05.031,0.89523,0.89533,1.48,1.00
2014.02.03 14:48:05.435,0.89524,0.89535,1.38,1.00
2014.02.03 14:48:05.689,0.89525,0.89537,1.48,1.20
2014.02.03 14:48:06.205,0.89527,0.89538,1.13,1.38
2014.02.03 14:48:06.730,0.89527,0.89538,1.38,1.13
2014.02.03 14:48:07.035,0.89531,0.89539,1.45,1.00
2014.02.03 14:48:07.229,0.8953,0.89542,1.95,1.38
2014.02.03 14:48:07.736,0.8953,0.89542,4.20,1.00
2014.02.03 14:48:08.060,0.89532,0.89544,2.03,2.48
2014.02.03 14:48:08.610,0.89532,0.89543,1.88,1.35
2014.02.03 14:48:09.273,0.89532,0.89543,4.95,1.30
2014.02.03 14:48:09.775,0.89534,0.89543,1.00,1.68
2014.02.03 14:48:10.078,0.8953,0.89542,1.38,1.38
2014.02.03 14:48:10.331,0.8953,0.8954,1.13,1.60
2014.02.03 14:48:10.432,0.89527,0.89539,1.13,4.05
2014.02.03 14:48:10.735,0.89525,0.89537,1.13,1.95
2014.02.03 14:48:11.362,0.89525,0.89536,1.13,1.05
2014.02.03 14:48:11.666,0.89522,0.89532,1.88,1.10
2014.02.03 14:48:12.201,0.89522,0.89532,1.88,1.13
2014.02.03 14:48:12.930,0.89522,0.89534,1.88,2.33
2014.02.03 14:48:13.031,0.89522,0.89532,1.20,1.13
2014.02.03 14:48:13.514,0.89522,0.89532,1.20,3.30
2014.02.03 14:48:13.616,0.89519,0.89528,1.13,1.65
2014.02.03 14:48:13.717,0.89516,0.89525,1.13,1.43
2014.02.03 14:48:13.919,0.89513,0.89522,3.38,1.00
2014.02.03 14:48:14.871,0.89513,0.89522,1.88,1.00
2014.02.03 14:48:17.223,0.89513,0.89522,1.48,1.00
2014.02.03 14:48:17.993,0.89512,0.89522,1.95,1.13
2014.02.03 14:48:18.094,0.89509,0.8952,2.03,1.38
2014.02.03 14:48:18.196,0.89509,0.8952,1.08,2.48
2014.02.03 14:48:18.501,0.89509,0.89517,1.00,1.38
2014.02.03 14:48:18.603,0.89505,0.89517,2.70,2.63
2014.02.03 14:48:19.108,0.89505,0.89517,1.95,2.63
2014.02.03 14:48:19.313,0.89508,0.89517,1.00,1.00
2014.02.03 14:48:19.618,0.89511,0.8952,1.38,1.00
2014.02.03 14:48:20.124,0.89512,0.8952,3.83,1.00
2014.02.03 14:48:22.704,0.89511,0.89519,2.25,1.00
2014.02.03 14:48:22.756,0.89509,0.89517,1.13,1.00
2014.02.03 14:48:22.857,0.89506,0.89516,1.20,1.13
2014.02.03 14:48:22.908,0.89506,0.89516,1.08,1.38
2014.02.03 14:48:23.112,0.89504,0.89516,1.28,1.88
2014.02.03 14:48:23.264,0.89506,0.89516,1.45,1.00
2014.02.03 14:48:23.568,0.89507,0.89517,1.55,1.00
2014.02.03 14:48:24.073,0.89507,0.89518,1.90,3.00
2014.02.03 14:48:24.226,0.89507,0.89518,3.45,2.63
2014.02.03 14:48:24.327,0.89507,0.89518,1.00,2.63
2014.02.03 14:48:24.682,0.89506,0.89518,1.20,3.38
2014.02.03 14:48:25.167,0.89502,0.89513,2.03,1.50
2014.02.03 14:48:25.528,0.895,0.89512,3.45,2.25
2014.02.03 14:48:25.984,0.89498,0.89511,4.20,1.38
2014.02.03 14:48:26.489,0.89501,0.89513,1.00,1.88
2014.02.03 14:48:26.742,0.89499,0.89512,2.70,1.48
2014.02.03 14:48:26.843,0.89501,0.89512,1.13,1.48
2014.02.03 14:48:27.349,0.89502,0.89514,1.88,2.03
2014.02.03 14:48:27.703,0.895,0.89511,1.38,2.70
2014.02.03 14:48:28.058,0.89499,0.8951,1.13,1.55
2014.02.03 14:48:28.210,0.89499,0.8951,1.00,1.65
2014.02.03 14:48:28.750,0.89499,0.8951,1.13,3.83
2014.02.03 14:48:28.952,0.89496,0.8951,1.00,5.25
2014.02.03 14:48:29.154,0.89496,0.89509,1.10,1.45
2014.02.03 14:48:29.742,0.89496,0.89506,1.00,1.55
2014.02.03 14:48:30.046,0.89494,0.89506,1.50,1.53
2014.02.03 14:48:30.573,0.89496,0.89505,1.00,1.55
2014.02.03 14:48:31.540,0.89496,0.89507,1.00,1.55
2014.02.03 14:48:31.742,0.89498,0.8951,1.38,3.45
2014.02.03 14:48:31.945,0.89501,0.89511,1.00,1.48
2014.02.03 14:48:32.097,0.89503,0.89511,1.00,1.10
2014.02.03 14:48:32.304,0.89503,0.89514,1.00,1.48
2014.02.03 14:48:32.405,0.89503,0.89514,1.00,1.48
2014.02.03 14:48:32.659,0.89502,0.89514,1.13,1.48
2014.02.03 14:48:32.964,0.89501,0.89514,1.50,1.48
2014.02.03 14:48:33.268,0.89501,0.89514,1.00,1.48
2014.02.03 14:48:33.624,0.89502,0.89514,1.00,1.48
2014.02.03 14:48:34.149,0.89502,0.89514,1.38,1.48
2014.02.03 14:48:34.655,0.89503,0.89514,1.88,1.48
2014.02.03 14:48:35.160,0.89504,0.89516,1.38,1.55
2014.02.03 14:48:35.669,0.89503,0.89516,2.63,1.55
2014.02.03 14:48:35.719,0.89503,0.89516,1.88,1.28
2014.02.03 14:48:35.923,0.89503,0.89516,1.88,1.55
2014.02.03 14:48:36.447,0.89506,0.89517,1.50,1.13
2014.02.03 14:48:36.500,0.89506,0.89518,1.88,1.28
2014.02.03 14:48:36.906,0.89508,0.89517,1.38,1.00
2014.02.03 14:48:37.007,0.89508,0.89517,1.38,1.00
2014.02.03 14:48:37.160,0.89508,0.89515,1.13,1.00
2014.02.03 14:48:37.413,0.89505,0.89515,3.08,1.38
2014.02.03 14:48:37.927,0.89505,0.89515,1.13,1.38
2014.02.03 14:48:37.978,0.89505,0.89515,1.00,1.38
2014.02.03 14:48:38.079,0.89505,0.89515,1.38,1.00
2014.02.03 14:48:38.399,0.89505,0.89515,1.13,1.38
2014.02.03 14:48:38.741,0.89505,0.89515,1.00,1.38
2014.02.03 14:48:38.842,0.89504,0.89515,1.88,1.38
2014.02.03 14:48:39.104,0.89504,0.89515,1.50,1.38
2014.02.03 14:48:39.968,0.89502,0.89513,1.88,1.38
2014.02.03 14:48:40.925,0.89502,0.89513,1.58,1.38
2014.02.03 14:48:41.758,0.89502,0.8951,1.00,1.28
2014.02.03 14:48:41.809,0.895,0.8951,1.13,1.28
2014.02.03 14:48:41.961,0.89499,0.8951,1.00,1.55
2014.02.03 14:48:42.293,0.89495,0.89501,1.50,1.00
2014.02.03 14:48:42.596,0.89492,0.89501,1.13,1.13
2014.02.03 14:48:42.647,0.89492,0.89497,1.13,1.00
2014.02.03 14:48:42.798,0.89484,0.89492,1.10,1.00
2014.02.03 14:48:42.900,0.89484,0.89494,1.50,1.00
2014.02.03 14:48:43.001,0.89485,0.89498,1.48,2.33
2014.02.03 14:48:43.052,0.89486,0.89495,1.55,1.00
2014.02.03 14:48:43.457,0.89489,0.89495,1.38,1.00
2014.02.03 14:48:43.609,0.89489,0.89502,2.63,2.70
2014.02.03 14:48:43.913,0.89489,0.89503,2.63,4.95
2014.02.03 14:48:44.218,0.8949,0.89503,1.38,2.03
2014.02.03 14:48:44.754,0.89489,0.89503,1.38,2.03
2014.02.03 14:48:45.166,0.8949,0.89498,1.48,1.00
2014.02.03 14:48:45.976,0.8949,0.89498,5.93,1.00
2014.02.03 14:48:46.280,0.89495,0.89507,1.48,1.13
2014.02.03 14:48:46.381,0.89495,0.89504,1.48,1.00
2014.02.03 14:48:46.483,0.89497,0.89502,1.13,1.00
2014.02.03 14:48:46.859,0.89495,0.89502,1.10,1.00
2014.02.03 14:48:47.397,0.89495,0.89502,1.48,1.00
2014.02.03 14:48:48.195,0.89497,0.89502,1.38,1.00
2014.02.03 14:48:49.424,0.89497,0.89502,1.13,1.00
2014.02.03 14:48:51.037,0.89497,0.89502,1.13,1.00
2014.02.03 14:48:51.189,0.89495,0.89502,1.00,1.38
2014.02.03 14:48:51.291,0.89491,0.89499,1.00,1.00
2014.02.03 14:48:51.392,0.8949,0.89497,1.00,1.00
2014.02.03 14:48:51.594,0.89487,0.89495,2.03,1.00
2014.02.03 14:48:52.115,0.89487,0.89495,2.03,1.00
2014.02.03 14:48:52.423,0.89487,0.89495,2.78,1.00
2014.02.03 14:48:52.958,0.8949,0.89495,1.38,1.00
2014.02.03 14:48:54.845,0.8949,0.89498,1.38,1.00
2014.02.03 14:48:55.365,0.89491,0.89498,1.13,1.00
2014.02.03 14:48:55.710,0.8949,0.89496,1.20,1.00
2014.02.03 14:48:56.014,0.89488,0.89503,1.48,2.78
2014.02.03 14:48:56.404,0.89491,0.89497,1.38,1.00
2014.02.03 14:48:56.923,0.89492,0.89503,1.38,1.10
2014.02.03 14:48:56.974,0.89492,0.89499,1.88,1.00
2014.02.03 14:48:57.075,0.89493,0.89501,1.38,1.00
2014.02.03 14:48:57.609,0.89495,0.89507,1.38,2.33
2014.02.03 14:48:57.761,0.89495,0.89501,1.38,1.00
2014.02.03 14:48:57.913,0.89494,0.89501,1.48,1.00
2014.02.03 14:48:58.267,0.89491,0.89499,1.88,1.00
2014.02.03 14:48:58.752,0.8949,0.89499,1.88,1.00
2014.02.03 14:48:59.409,0.89491,0.89499,1.38,1.00
2014.02.03 14:48:59.919,0.89489,0.89499,1.28,1.38
2014.02.03 14:49:00.425,0.89488,0.89497,1.38,1.00
2014.02.03 14:49:00.955,0.89489,0.89497,1.48,1.00
2014.02.03 14:49:01.265,0.89489,0.89499,1.48,1.13
2014.02.03 14:49:01.788,0.89489,0.89499,1.20,1.38
2014.02.03 14:49:02.319,0.89489,0.89499,1.48,1.13
2014.02.03 14:49:03.239,0.89488,0.89499,2.03,1.38
2014.02.03 14:49:04.550,0.89487,0.89496,2.70,1.00
2014.02.03 14:49:05.218,0.89487,0.89496,1.10,1.13
2014.02.03 14:49:05.320,0.89487,0.89493,1.00,1.00
2014.02.03 14:49:05.371,0.89483,0.89493,3.45,1.00
2014.02.03 14:49:05.422,0.89483,0.89491,3.45,1.00
2014.02.03 14:49:06.103,0.89483,0.89491,3.45,1.00
2014.02.03 14:49:06.204,0.89483,0.89493,2.70,1.00
2014.02.03 14:49:06.659,0.89483,0.89493,3.45,1.00
2014.02.03 14:49:06.711,0.89483,0.89493,3.45,1.00
2014.02.03 14:49:07.233,0.89485,0.89493,1.48,1.00
2014.02.03 14:49:07.840,0.89485,0.89493,1.48,1.00
2014.02.03 14:49:08.721,0.89485,0.89493,1.48,1.00
2014.02.03 14:49:09.025,0.89485,0.89498,1.58,2.63
2014.02.03 14:49:09.329,0.89491,0.89498,1.55,1.00
2014.02.03 14:49:09.380,0.89491,0.89498,3.45,1.00
2014.02.03 14:49:09.693,0.89493,0.89501,1.55,1.50
2014.02.03 14:49:09.896,0.89493,0.89501,2.03,1.00
2014.02.03 14:49:10.250,0.89495,0.89503,2.03,1.00
2014.02.03 14:49:10.531,0.89497,0.89503,2.70,1.00
2014.02.03 14:49:11.028,0.895,0.89505,1.13,1.00
2014.02.03 14:49:12.441,0.895,0.89504,1.13,1.00
2014.02.03 14:49:15.389,0.895,0.8951,1.38,1.13
2014.02.03 14:49:15.741,0.89502,0.89513,1.88,3.08
2014.02.03 14:49:15.792,0.89502,0.89508,2.25,1.00
2014.02.03 14:49:15.995,0.89505,0.8951,1.38,1.00
2014.02.03 14:49:16.096,0.89507,0.89513,1.13,1.50
2014.02.03 14:49:16.147,0.89505,0.89513,1.10,1.88
2014.02.03 14:49:16.400,0.89502,0.89507,1.20,1.00
2014.02.03 14:49:16.879,0.895,0.89507,1.28,1.00
2014.02.03 14:49:17.075,0.89501,0.89507,2.70,1.00
2014.02.03 14:49:17.378,0.89503,0.89511,3.45,1.75
2014.02.03 14:49:17.430,0.89503,0.8951,4.20,1.50
2014.02.03 14:49:18.387,0.89505,0.89513,1.38,1.50
2014.02.03 14:49:18.590,0.89501,0.89508,1.55,1.50
2014.02.03 14:49:18.692,0.89501,0.89507,1.18,1.00
2014.02.03 14:49:18.793,0.89498,0.89507,3.45,1.13
2014.02.03 14:49:18.844,0.89498,0.89505,3.45,1.00
2014.02.03 14:49:19.148,0.89493,0.89501,3.38,1.00
2014.02.03 14:49:19.199,0.89493,0.89499,1.48,1.00
2014.02.03 14:49:19.301,0.89489,0.89499,1.45,1.00
2014.02.03 14:49:19.453,0.89488,0.89499,1.55,1.13
2014.02.03 14:49:19.504,0.8949,0.89497,1.13,1.00
2014.02.03 14:49:19.656,0.89487,0.89497,1.48,1.00
2014.02.03 14:49:20.138,0.89486,0.89495,1.55,1.00
2014.02.03 14:49:20.503,0.89486,0.89497,1.55,1.50
2014.02.03 14:49:21.240,0.89488,0.89498,1.55,1.00
2014.02.03 14:49:21.782,0.89488,0.89499,1.55,1.00
2014.02.03 14:49:22.592,0.89488,0.895,3.45,1.50
2014.02.03 14:49:23.098,0.89488,0.89493,1.10,1.00
2014.02.03 14:49:23.250,0.89488,0.89498,1.20,1.38
2014.02.03 14:49:23.527,0.89491,0.89498,1.00,1.38
2014.02.03 14:49:23.982,0.89489,0.89496,1.00,1.00
2014.02.03 14:49:24.032,0.89485,0.89492,1.55,1.00
2014.02.03 14:49:24.083,0.89487,0.89492,1.13,1.00
2014.02.03 14:49:24.134,0.89487,0.89495,1.00,1.88
2014.02.03 14:49:24.235,0.89486,0.89492,1.00,1.00
2014.02.03 14:49:24.438,0.89486,0.89494,1.13,1.00
2014.02.03 14:49:24.539,0.89489,0.89494,1.10,1.00
2014.02.03 14:49:24.792,0.89489,0.89496,1.10,1.00
2014.02.03 14:49:24.843,0.89492,0.89496,1.00,1.00
2014.02.03 14:49:24.995,0.89492,0.89498,1.38,1.00
2014.02.03 14:49:25.097,0.89492,0.89499,1.38,1.00
2014.02.03 14:49:25.321,0.89494,0.89505,1.10,1.46
2014.02.03 14:49:25.422,0.89496,0.89505,1.58,1.38
2014.02.03 14:49:25.574,0.89497,0.89506,4.58,1.00
2014.02.03 14:49:25.676,0.895,0.89506,1.00,1.38
2014.02.03 14:49:25.777,0.89497,0.89508,3.83,1.38
2014.02.03 14:49:26.059,0.895,0.89509,2.63,1.00
2014.02.03 14:49:26.363,0.89503,0.8951,1.48,1.00
2014.02.03 14:49:26.413,0.89503,0.89513,1.55,1.00
2014.02.03 14:49:26.919,0.89503,0.89513,1.08,1.88
2014.02.03 14:49:27.223,0.89503,0.89511,1.00,1.38
2014.02.03 14:49:27.635,0.89499,0.89509,4.20,1.38
2014.02.03 14:49:27.992,0.89499,0.89505,3.45,1.00
2014.02.03 14:49:28.296,0.89487,0.89496,1.35,1.13
2014.02.03 14:49:28.549,0.8949,0.89496,1.00,1.00
2014.02.03 14:49:28.802,0.8949,0.89498,1.20,1.00
2014.02.03 14:49:29.184,0.89494,0.89498,1.00,1.00
2014.02.03 14:49:29.287,0.89494,0.895,1.00,1.13
2014.02.03 14:49:29.489,0.89494,0.895,2.33,1.00
2014.02.03 14:49:29.944,0.89494,0.89501,1.10,1.00
2014.02.03 14:49:30.047,0.89494,0.89502,3.08,1.13
2014.02.03 14:49:30.151,0.89494,0.89502,1.10,1.38
2014.02.03 14:49:30.663,0.89494,0.89502,1.48,1.09
2014.02.03 14:49:30.714,0.89494,0.89499,1.48,1.00
2014.02.03 14:49:30.967,0.8949,0.89495,1.00,1.00
2014.02.03 14:49:31.068,0.8949,0.89498,1.00,1.34
2014.02.03 14:49:31.271,0.8949,0.89497,1.38,1.00
2014.02.03 14:49:31.372,0.8949,0.89497,1.38,1.00
2014.02.03 14:49:31.474,0.8949,0.89497,1.38,1.00
2014.02.03 14:49:31.827,0.89489,0.89495,1.20,1.00
2014.02.03 14:49:31.929,0.89489,0.89493,1.00,1.00
2014.02.03 14:49:32.030,0.89489,0.89495,1.38,1.00
2014.02.03 14:49:32.132,0.89489,0.89497,1.38,1.00
2014.02.03 14:49:32.284,0.89492,0.89497,1.00,1.50
2014.02.03 14:49:32.638,0.89486,0.89497,4.20,1.88
2014.02.03 14:49:32.854,0.8949,0.89497,1.00,1.50
2014.02.03 14:49:33.210,0.89488,0.89496,1.00,1.50
2014.02.03 14:49:33.730,0.89486,0.89495,1.48,1.50
2014.02.03 14:49:34.273,0.89486,0.89495,1.48,1.00
2014.02.03 14:49:35.121,0.89486,0.89495,1.48,1.00
2014.02.03 14:49:35.323,0.89489,0.89497,1.13,1.00
2014.02.03 14:49:35.374,0.89489,0.89497,1.45,1.00
2014.02.03 14:49:35.476,0.89489,0.89499,3.45,1.00
2014.02.03 14:49:35.678,0.89493,0.89501,1.20,1.00
2014.02.03 14:49:36.776,0.8949,0.89499,3.00,1.13
2014.02.03 14:49:36.828,0.8949,0.89499,1.10,1.13
2014.02.03 14:49:37.132,0.89491,0.895,2.33,1.38
2014.02.03 14:49:37.183,0.89491,0.895,2.70,1.00
2014.02.03 14:49:37.613,0.89491,0.89501,2.33,1.50
2014.02.03 14:49:37.715,0.8949,0.89502,1.10,1.38
2014.02.03 14:49:37.816,0.89489,0.89501,3.83,1.38
2014.02.03 14:49:37.917,0.89489,0.89501,1.58,1.38
2014.02.03 14:49:38.171,0.89492,0.89501,1.13,1.00
2014.02.03 14:49:38.222,0.89492,0.89501,3.38,1.00
2014.02.03 14:49:38.627,0.89492,0.89501,1.00,1.38
2014.02.03 14:49:38.678,0.8949,0.89501,1.13,1.38
2014.02.03 14:49:38.729,0.8949,0.895,1.00,2.10
2014.02.03 14:49:38.780,0.89487,0.89498,2.78,1.38
2014.02.03 14:49:39.286,0.89487,0.89499,2.03,1.38
2014.02.03 14:49:39.387,0.89489,0.89499,1.55,1.00
2014.02.03 14:49:39.690,0.89492,0.89501,1.28,1.13
2014.02.03 14:49:39.792,0.89492,0.89502,1.18,1.38
2014.02.03 14:49:39.995,0.89491,0.895,1.00,1.38
2014.02.03 14:49:40.147,0.89489,0.89501,1.28,2.63
2014.02.03 14:49:40.608,0.89487,0.89498,1.28,2.25
2014.02.03 14:49:41.120,0.89485,0.89496,1.28,1.13
2014.02.03 14:49:41.697,0.89486,0.89496,1.05,1.00
2014.02.03 14:49:42.153,0.89488,0.89498,1.45,1.00
2014.02.03 14:49:42.507,0.89486,0.89497,4.05,1.50
2014.02.03 14:49:42.609,0.89488,0.89497,2.25,1.38
2014.02.03 14:49:43.598,0.8949,0.89497,2.25,1.00
2014.02.03 14:49:43.910,0.8949,0.895,2.70,1.13
2014.02.03 14:49:44.113,0.8949,0.895,2.33,1.38
2014.02.03 14:49:44.627,0.8949,0.895,2.70,1.38
2014.02.03 14:49:45.136,0.89491,0.895,2.33,1.13
2014.02.03 14:49:45.501,0.89489,0.895,4.05,1.13
2014.02.03 14:49:45.760,0.89491,0.895,2.33,1.00
2014.02.03 14:49:45.862,0.89489,0.895,3.45,1.00
2014.02.03 14:49:46.115,0.89489,0.89497,2.63,1.00
2014.02.03 14:49:46.266,0.89485,0.89497,6.08,1.75
2014.02.03 14:49:46.368,0.89485,0.89495,1.50,1.13
2014.02.03 14:49:46.419,0.89484,0.89497,1.10,2.33
2014.02.03 14:49:46.520,0.89485,0.89492,1.50,1.38
2014.02.03 14:49:46.672,0.89481,0.8949,2.33,1.13
2014.02.03 14:49:46.824,0.8948,0.8949,1.18,1.38
2014.02.03 14:49:46.933,0.8948,0.89492,1.65,1.88
2014.02.03 14:49:47.439,0.8948,0.89492,1.18,2.63
2014.02.03 14:49:47.818,0.89479,0.8949,3.30,1.13
2014.02.03 14:49:48.072,0.89482,0.89489,1.00,4.13
2014.02.03 14:49:48.325,0.89472,0.89478,1.08,1.35
2014.02.03 14:49:48.426,0.89467,0.89477,2.18,2.10
2014.02.03 14:49:48.477,0.89467,0.89477,1.20,2.48
2014.02.03 14:49:48.629,0.89465,0.89476,2.33,1.13
2014.02.03 14:49:48.812,0.89469,0.89478,1.30,1.13
2014.02.03 14:49:49.117,0.89475,0.89482,2.63,1.00
2014.02.03 14:49:49.218,0.89478,0.89484,1.05,1.00
2014.02.03 14:49:49.269,0.8948,0.8949,1.38,1.00
2014.02.03 14:49:49.321,0.8948,0.89487,1.38,1.00
2014.02.03 14:49:49.422,0.89482,0.89489,2.25,1.00
2014.02.03 14:49:49.675,0.89483,0.89493,3.75,1.38
2014.02.03 14:49:49.827,0.89488,0.89493,1.35,1.13
2014.02.03 14:49:49.979,0.89486,0.89496,2.10,1.00
2014.02.03 14:49:50.030,0.89484,0.89496,3.75,1.00
2014.02.03 14:49:50.081,0.89487,0.89498,1.00,1.10
2014.02.03 14:49:50.385,0.89487,0.89499,1.95,1.00
2014.02.03 14:49:50.890,0.89489,0.895,1.28,1.38
2014.02.03 14:49:51.194,0.89486,0.89495,2.18,2.48
2014.02.03 14:49:51.295,0.89486,0.8949,1.00,1.13
2014.02.03 14:49:51.397,0.89484,0.89492,1.00,1.00
2014.02.03 14:49:51.927,0.8948,0.89492,1.55,1.00
2014.02.03 14:49:52.466,0.8948,0.8949,1.48,1.00
2014.02.03 14:49:52.940,0.89478,0.8949,2.03,2.63
2014.02.03 14:49:53.243,0.8948,0.8949,3.08,1.88
2014.02.03 14:49:53.752,0.8948,0.8949,3.45,1.13
2014.02.03 14:49:54.261,0.8948,0.8949,3.45,1.00
2014.02.03 14:49:54.363,0.8948,0.89492,3.45,1.50
2014.02.03 14:49:54.616,0.8948,0.89492,4.20,2.25
2014.02.03 14:49:54.768,0.8948,0.89492,1.65,1.88
2014.02.03 14:49:54.869,0.89481,0.89489,2.63,1.00
2014.02.03 14:49:55.072,0.89478,0.8949,1.55,2.63
2014.02.03 14:49:55.749,0.89478,0.89487,1.55,1.00
2014.02.03 14:49:56.278,0.89478,0.89489,1.55,1.13
2014.02.03 14:49:56.825,0.89478,0.89489,1.55,1.38
2014.02.03 14:49:56.880,0.89478,0.8949,2.03,1.88
2014.02.03 14:49:57.184,0.89485,0.89494,2.70,1.00
2014.02.03 14:49:57.337,0.89486,0.89496,2.70,1.50
2014.02.03 14:49:57.691,0.89486,0.89498,3.45,1.50
2014.02.03 14:49:58.277,0.89487,0.89497,2.70,1.00
2014.02.03 14:49:58.639,0.89489,0.89497,2.70,1.00
2014.02.03 14:49:58.948,0.89492,0.895,2.70,1.00
2014.02.03 14:49:58.999,0.89492,0.89502,2.70,1.00
2014.02.03 14:49:59.100,0.89492,0.89504,3.45,1.50
2014.02.03 14:49:59.630,0.89494,0.89505,1.20,1.50
2014.02.03 14:49:59.732,0.89494,0.89505,3.45,1.50
2014.02.03 14:50:00.238,0.89497,0.89506,1.48,1.00
2014.02.03 14:50:00.692,0.89495,0.89506,3.45,1.00
2014.02.03 14:50:01.147,0.89495,0.89506,1.48,1.88
2014.02.03 14:50:01.671,0.89495,0.89504,1.38,1.00
2014.02.03 14:50:02.467,0.89493,0.89504,1.38,1.00
2014.02.03 14:50:02.782,0.89493,0.89504,1.38,1.13
2014.02.03 14:50:03.352,0.89493,0.89504,1.38,1.00
2014.02.03 14:50:03.453,0.89493,0.89504,1.38,1.88
2014.02.03 14:50:03.882,0.89495,0.89506,1.38,1.13
2014.02.03 14:50:04.185,0.89495,0.89507,1.88,1.88
2014.02.03 14:50:04.936,0.89493,0.89506,1.00,1.88
2014.02.03 14:50:05.037,0.89491,0.89499,1.50,1.38
2014.02.03 14:50:05.139,0.89489,0.89498,1.00,1.38
2014.02.03 14:50:06.048,0.89487,0.89498,1.13,1.38
2014.02.03 14:50:06.150,0.89489,0.89498,1.00,1.13
2014.02.03 14:50:06.656,0.8949,0.89499,1.13,1.88
2014.02.03 14:50:07.551,0.8949,0.89501,4.35,1.88
2014.02.03 14:50:07.602,0.89493,0.89501,1.00,1.00
2014.02.03 14:50:07.652,0.89493,0.89498,1.00,1.00
2014.02.03 14:50:07.704,0.89491,0.89498,1.13,1.00
2014.02.03 14:50:07.907,0.89489,0.89493,1.00,1.13
2014.02.03 14:50:08.110,0.89487,0.89493,2.63,1.13
2014.02.03 14:50:08.265,0.89487,0.89493,2.63,1.38
2014.02.03 14:50:08.618,0.89484,0.89495,1.00,1.88
2014.02.03 14:50:08.669,0.89484,0.89495,1.00,1.88
2014.02.03 14:50:09.175,0.89485,0.89495,2.25,1.00
2014.02.03 14:50:09.327,0.89485,0.89497,1.50,1.13
2014.02.03 14:50:09.428,0.89487,0.89497,1.35,1.13
2014.02.03 14:50:09.530,0.89488,0.89499,2.63,1.00
2014.02.03 14:50:09.682,0.89493,0.895,1.00,1.00
2014.02.03 14:50:09.834,0.89495,0.89504,1.13,1.13
2014.02.03 14:50:10.030,0.89495,0.89504,1.50,1.38
2014.02.03 14:50:10.340,0.8949,0.89497,1.00,2.21
2014.02.03 14:50:10.441,0.89487,0.89496,1.13,1.00
2014.02.03 14:50:10.897,0.89487,0.89497,1.75,1.00
2014.02.03 14:50:11.203,0.8949,0.895,1.88,1.00
2014.02.03 14:50:11.305,0.8949,0.89502,2.63,1.00
2014.02.03 14:50:11.406,0.89492,0.89504,1.13,2.59
2014.02.03 14:50:11.710,0.89492,0.89501,1.00,2.48
2014.02.03 14:50:11.761,0.8949,0.89499,1.00,1.46
2014.02.03 14:50:11.963,0.89487,0.89496,1.00,1.00
2014.02.03 14:50:12.367,0.89487,0.89498,1.38,1.88
2014.02.03 14:50:12.885,0.89489,0.89498,1.00,1.88
2014.02.03 14:50:13.390,0.89489,0.895,1.13,1.38
2014.02.03 14:50:13.491,0.89489,0.895,1.38,1.00
2014.02.03 14:50:13.932,0.89491,0.89501,1.38,1.00
2014.02.03 14:50:14.238,0.89491,0.89503,1.88,1.00
2014.02.03 14:50:14.765,0.89494,0.89504,1.38,1.00
2014.02.03 14:50:15.072,0.89494,0.89501,1.38,1.00
2014.02.03 14:50:15.375,0.89495,0.89504,1.38,1.00
2014.02.03 14:50:15.577,0.89497,0.89508,1.98,1.50
2014.02.03 14:50:16.083,0.89496,0.89508,4.73,1.50
2014.02.03 14:50:16.194,0.89496,0.89508,4.73,1.50
2014.02.03 14:50:16.355,0.89496,0.89508,1.88,1.50
2014.02.03 14:50:16.457,0.89496,0.89506,1.38,1.00
2014.02.03 14:50:16.882,0.89498,0.89509,1.00,1.38
2014.02.03 14:50:16.983,0.89499,0.89509,2.70,1.00
2014.02.03 14:50:17.503,0.89499,0.8951,2.33,2.63
2014.02.03 14:50:17.867,0.89499,0.89504,2.55,1.00
2014.02.03 14:50:17.969,0.89498,0.89504,1.20,1.00
2014.02.03 14:50:18.224,0.89498,0.89509,3.45,1.00
2014.02.03 14:50:18.426,0.89502,0.8951,2.25,1.50
2014.02.03 14:50:18.679,0.89503,0.89512,2.33,1.88
2014.02.03 14:50:20.504,0.89503,0.89508,2.18,1.00
2014.02.03 14:50:20.554,0.89501,0.89508,2.33,1.00
2014.02.03 14:50:20.656,0.895,0.89507,2.03,1.00
2014.02.03 14:50:20.967,0.89501,0.89512,2.33,1.88
2014.02.03 14:50:21.018,0.89501,0.8951,2.25,1.38
2014.02.03 14:50:21.069,0.89499,0.8951,2.33,1.38
2014.02.03 14:50:21.322,0.89498,0.8951,2.03,1.00
2014.02.03 14:50:21.859,0.89499,0.8951,2.33,1.80
2014.02.03 14:50:22.112,0.89498,0.89506,1.28,1.00
2014.02.03 14:50:22.213,0.89497,0.89508,2.70,1.50
2014.02.03 14:50:23.685,0.89497,0.89508,2.70,4.13
2014.02.03 14:50:23.988,0.89496,0.89506,1.18,1.13
2014.02.03 14:50:24.644,0.89501,0.89506,1.00,1.50
2014.02.03 14:50:24.948,0.8951,0.89519,1.13,1.88
2014.02.03 14:50:24.999,0.8951,0.89519,1.88,1.50
2014.02.03 14:50:25.049,0.89512,0.89524,3.23,6.08
2014.02.03 14:50:25.353,0.89517,0.89522,1.48,1.00
2014.02.03 14:50:25.505,0.89517,0.89527,1.48,1.13
2014.02.03 14:50:25.859,0.89518,0.89528,2.70,1.00
2014.02.03 14:50:26.420,0.89519,0.89529,1.28,1.00
2014.02.03 14:50:26.928,0.89519,0.89529,1.20,1.00
2014.02.03 14:50:27.270,0.89521,0.8953,1.10,1.00
2014.02.03 14:50:27.622,0.89521,0.8953,3.08,1.00
2014.02.03 14:50:28.227,0.89521,0.89531,3.08,1.50
2014.02.03 14:50:28.531,0.89525,0.89532,3.30,1.00
2014.02.03 14:50:28.836,0.89535,0.89543,2.63,1.50
2014.02.03 14:50:29.090,0.89539,0.89547,1.35,1.38
2014.02.03 14:50:29.141,0.89539,0.8955,1.88,1.13
2014.02.03 14:50:29.344,0.8954,0.89547,1.10,1.00
2014.02.03 14:50:29.495,0.8954,0.89552,1.00,1.48
2014.02.03 14:50:29.799,0.89539,0.89549,1.10,1.88
2014.02.03 14:50:30.115,0.89537,0.89546,4.50,1.88
2014.02.03 14:50:30.267,0.89534,0.89545,1.50,1.88
2014.02.03 14:50:30.368,0.89533,0.89545,1.85,2.25
2014.02.03 14:50:30.891,0.89533,0.89543,1.50,1.00
2014.02.03 14:50:31.396,0.89533,0.89544,1.13,1.88
2014.02.03 14:50:31.854,0.89531,0.8954,1.45,1.00
2014.02.03 14:50:32.056,0.89529,0.8954,1.48,1.13
2014.02.03 14:50:32.360,0.89527,0.89541,4.95,2.25
2014.02.03 14:50:32.462,0.89527,0.89541,4.95,2.63
2014.02.03 14:50:32.614,0.8953,0.89538,1.38,1.00
2014.02.03 14:50:32.917,0.89527,0.89538,2.03,1.00
2014.02.03 14:50:33.019,0.89527,0.89537,1.95,1.88
2014.02.03 14:50:33.322,0.89524,0.89536,2.03,1.38
2014.02.03 14:50:33.837,0.89525,0.89537,1.48,1.38
2014.02.03 14:50:34.204,0.89528,0.89539,1.13,1.38
2014.02.03 14:50:34.847,0.89528,0.89539,1.13,1.38
2014.02.03 14:50:35.152,0.8953,0.8954,1.00,1.48
2014.02.03 14:50:36.897,0.8953,0.8954,1.38,1.00
2014.02.03 14:50:37.351,0.89532,0.8954,1.38,1.00
2014.02.03 14:50:37.655,0.89538,0.89545,1.38,1.08
2014.02.03 14:50:37.965,0.89542,0.89549,1.00,1.48
2014.02.03 14:50:38.226,0.89542,0.89547,1.00,1.00
2014.02.03 14:50:38.716,0.89542,0.89549,1.00,1.00
2014.02.03 14:50:38.820,0.89542,0.89555,1.00,4.28
2014.02.03 14:50:39.685,0.89542,0.89555,1.55,2.63
2014.02.03 14:50:40.295,0.89542,0.89555,4.20,1.88
2014.02.03 14:50:40.832,0.89542,0.89551,4.20,1.00
2014.02.03 14:50:41.086,0.89544,0.89551,2.63,1.00
2014.02.03 14:50:41.137,0.89544,0.89555,2.63,1.88
2014.02.03 14:50:41.440,0.89545,0.89555,4.20,1.50
2014.02.03 14:50:41.542,0.89548,0.89555,3.00,1.00
2014.02.03 14:50:41.845,0.89551,0.89556,1.18,1.13
2014.02.03 14:50:42.369,0.89551,0.89561,1.55,1.50
2014.02.03 14:50:42.672,0.89551,0.89559,1.28,1.00
2014.02.03 14:50:42.773,0.89551,0.89561,1.55,1.13
2014.02.03 14:50:43.032,0.89551,0.89558,1.00,1.13
2014.02.03 14:50:43.340,0.89543,0.89552,1.18,1.88
2014.02.03 14:50:43.391,0.8954,0.89552,1.13,2.55
2014.02.03 14:50:43.442,0.8954,0.89548,1.00,1.38
2014.02.03 14:50:43.748,0.89538,0.89547,3.00,1.38
2014.02.03 14:50:43.918,0.89538,0.89547,3.08,1.38
2014.02.03 14:50:44.246,0.8954,0.89547,1.20,1.00
2014.02.03 14:50:44.298,0.89541,0.89551,1.08,1.88
2014.02.03 14:50:44.349,0.89541,0.89551,1.55,1.50
2014.02.03 14:50:44.450,0.89542,0.8955,2.63,1.00
2014.02.03 14:50:44.552,0.89544,0.89556,1.10,1.38
2014.02.03 14:50:44.754,0.89545,0.89555,1.08,1.38
2014.02.03 14:50:45.058,0.89542,0.89551,1.00,1.38
2014.02.03 14:50:45.411,0.89541,0.89551,1.50,1.38
2014.02.03 14:50:45.563,0.89541,0.89552,1.00,1.38
2014.02.03 14:50:46.109,0.89542,0.89552,1.00,1.38
2014.02.03 14:50:46.387,0.89544,0.89552,1.00,1.38
2014.02.03 14:50:46.639,0.89544,0.89554,1.38,1.00
2014.02.03 14:50:47.030,0.89547,0.89557,1.13,1.38
2014.02.03 14:50:47.564,0.89547,0.89557,1.00,1.38
2014.02.03 14:50:47.989,0.89544,0.89555,1.50,1.38
2014.02.03 14:50:48.632,0.89544,0.89555,1.50,1.38
2014.02.03 14:50:48.942,0.89547,0.89555,1.50,1.38
2014.02.03 14:50:49.497,0.89549,0.89558,1.35,1.38
2014.02.03 14:50:49.599,0.89549,0.89558,1.00,1.38
2014.02.03 14:50:49.701,0.89549,0.89555,1.00,1.13
2014.02.03 14:50:50.177,0.89546,0.89555,1.58,1.38
2014.02.03 14:50:50.959,0.89546,0.89557,1.00,1.38
2014.02.03 14:50:51.061,0.89546,0.89556,1.00,2.63
2014.02.03 14:50:51.313,0.89543,0.89554,1.50,1.38
2014.02.03 14:50:51.364,0.89547,0.89554,1.00,1.00
2014.02.03 14:50:51.617,0.89545,0.89556,1.00,1.88
2014.02.03 14:50:52.122,0.89544,0.89554,1.00,1.38
2014.02.03 14:50:52.627,0.89544,0.89557,1.00,1.38
2014.02.03 14:50:53.132,0.89544,0.89557,2.06,2.03
2014.02.03 14:50:53.536,0.89545,0.89554,1.10,1.38
2014.02.03 14:50:53.840,0.89543,0.89553,1.50,1.48
2014.02.03 14:50:54.194,0.89543,0.89552,1.00,1.55
2014.02.03 14:50:55.508,0.89541,0.89553,1.50,1.48
2014.02.03 14:50:55.812,0.8954,0.8955,1.00,2.33
2014.02.03 14:50:55.964,0.8954,0.8955,1.00,2.70
2014.02.03 14:50:56.561,0.8954,0.8955,1.00,2.70
2014.02.03 14:50:56.827,0.8954,0.8955,1.00,2.70
2014.02.03 14:50:58.606,0.8954,0.8955,1.38,2.70
2014.02.03 14:50:59.117,0.89542,0.89551,1.00,1.38
2014.02.03 14:50:59.168,0.89542,0.89552,1.00,1.38
2014.02.03 14:50:59.675,0.89542,0.89553,1.00,1.38
2014.02.03 14:50:59.934,0.89542,0.89551,1.00,1.38
2014.02.03 14:51:00.439,0.89539,0.89551,1.10,1.88
2014.02.03 14:51:01.287,0.89539,0.89551,1.10,1.88
2014.02.03 14:51:01.517,0.89541,0.89553,1.10,1.48
2014.02.03 14:51:01.820,0.89541,0.89553,3.08,1.38
2014.02.03 14:51:02.325,0.89541,0.89554,3.83,1.38
2014.02.03 14:51:02.876,0.89541,0.89554,3.83,1.38
2014.02.03 14:51:03.412,0.89541,0.89554,3.83,1.38
2014.02.03 14:51:03.981,0.89541,0.89555,3.83,2.63
2014.02.03 14:51:04.291,0.89541,0.89552,1.10,1.38
2014.02.03 14:51:04.838,0.89539,0.89552,3.68,1.38
2014.02.03 14:51:05.339,0.89539,0.89552,3.68,1.38
2014.02.03 14:51:05.490,0.89539,0.89551,1.35,1.38
2014.02.03 14:51:05.794,0.89536,0.89547,3.68,1.38
2014.02.03 14:51:05.996,0.89533,0.89545,1.15,1.38
2014.02.03 14:51:06.351,0.89532,0.89544,1.10,1.88
2014.02.03 14:51:06.553,0.8953,0.89542,1.10,1.38
2014.02.03 14:51:06.604,0.89529,0.89542,2.63,1.38
2014.02.03 14:51:07.110,0.89529,0.89539,1.35,1.38
2014.02.03 14:51:07.262,0.89527,0.89539,2.85,1.38
2014.02.03 14:51:07.363,0.89527,0.89541,1.84,1.55
2014.02.03 14:51:07.880,0.89528,0.89541,1.10,1.48
2014.02.03 14:51:08.865,0.89531,0.89541,2.81,1.38
2014.02.03 14:51:09.119,0.89529,0.89543,2.03,1.88
2014.02.03 14:51:09.668,0.89531,0.8954,1.00,1.13
2014.02.03 14:51:09.719,0.89528,0.8954,1.69,1.13
2014.02.03 14:51:10.158,0.89527,0.8954,1.20,1.88
2014.02.03 14:51:10.469,0.89526,0.89539,1.00,2.70
2014.02.03 14:51:11.023,0.89525,0.89537,2.10,1.48
2014.02.03 14:51:13.083,0.89525,0.89534,1.00,1.00
2014.02.03 14:51:13.341,0.89522,0.89534,1.00,1.95
2014.02.03 14:51:13.621,0.89522,0.89534,1.38,1.00
2014.02.03 14:51:13.824,0.89525,0.89538,1.45,2.63
2014.02.03 14:51:14.340,0.89525,0.89539,2.78,1.38
2014.02.03 14:51:14.391,0.89527,0.8954,1.05,2.25
2014.02.03 14:51:14.593,0.89529,0.89542,2.70,1.13
2014.02.03 14:51:15.096,0.89531,0.89541,1.20,1.13
2014.02.03 14:51:15.795,0.89531,0.89541,1.48,1.00
2014.02.03 14:51:16.385,0.89531,0.89543,2.55,1.88
2014.02.03 14:51:16.638,0.89533,0.89543,1.48,1.00
2014.02.03 14:51:17.172,0.89533,0.89544,1.95,1.13
2014.02.03 14:51:17.887,0.89538,0.89546,2.44,1.13
2014.02.03 14:51:18.320,0.89539,0.8955,2.18,1.88
2014.02.03 14:51:18.868,0.89539,0.8955,2.18,1.13
2014.02.03 14:51:19.107,0.89541,0.8955,1.00,1.00
2014.02.03 14:51:19.717,0.89542,0.89552,1.10,1.38
2014.02.03 14:51:20.177,0.89542,0.89553,1.10,1.38
2014.02.03 14:51:20.330,0.89542,0.89553,3.08,1.38
2014.02.03 14:51:20.836,0.89542,0.89552,1.48,1.13
2014.02.03 14:51:21.345,0.89541,0.89551,1.55,1.00
2014.02.03 14:51:22.481,0.89539,0.89551,1.88,1.88
2014.02.03 14:51:23.009,0.89539,0.89551,1.38,2.63
2014.02.03 14:51:23.313,0.89536,0.89546,1.13,1.38
2014.02.03 14:51:23.625,0.89534,0.89542,2.48,1.00
2014.02.03 14:51:23.929,0.89537,0.89543,1.60,1.00
2014.02.03 14:51:24.030,0.89539,0.89546,1.00,1.00
2014.02.03 14:51:24.081,0.8954,0.89546,2.10,1.00
2014.02.03 14:51:24.233,0.8954,0.89549,2.85,1.00
2014.02.03 14:51:24.902,0.8954,0.89551,2.85,1.13
2014.02.03 14:51:25.420,0.89542,0.89551,1.68,1.00
2014.02.03 14:51:25.725,0.89543,0.89551,2.85,1.00
2014.02.03 14:51:25.878,0.89543,0.89551,1.13,1.00
2014.02.03 14:51:25.990,0.89546,0.89551,1.00,1.00
2014.02.03 14:51:26.145,0.89546,0.89553,1.30,1.00
2014.02.03 14:51:26.296,0.89545,0.89553,2.48,1.00
2014.02.03 14:51:26.448,0.89545,0.89555,3.98,1.00
2014.02.03 14:51:26.600,0.89547,0.89556,2.48,1.00
2014.02.03 14:51:26.954,0.89549,0.89555,2.48,1.00
2014.02.03 14:51:27.157,0.89548,0.89555,1.00,1.00
2014.02.03 14:51:27.259,0.89545,0.89555,1.88,1.00
2014.02.03 14:51:27.310,0.89545,0.89551,1.88,1.00
2014.02.03 14:51:27.411,0.89545,0.89553,1.88,1.35
2014.02.03 14:51:27.514,0.89545,0.89549,1.88,1.00
2014.02.03 14:51:27.565,0.8954,0.89545,1.00,1.00
2014.02.03 14:51:27.616,0.89537,0.89544,1.00,1.00
2014.02.03 14:51:27.667,0.89535,0.89544,4.10,1.38
2014.02.03 14:51:27.920,0.89535,0.89541,3.75,1.00
2014.02.03 14:51:28.022,0.89531,0.89538,1.00,1.00
2014.02.03 14:51:28.174,0.89529,0.89538,1.38,1.00
2014.02.03 14:51:28.225,0.89527,0.89536,1.68,1.00
2014.02.03 14:51:28.326,0.89526,0.89536,1.98,1.00
2014.02.03 14:51:28.579,0.89524,0.89536,1.88,1.50
2014.02.03 14:51:28.681,0.89525,0.89533,1.38,1.00
2014.02.03 14:51:28.985,0.89524,0.89536,1.50,1.00
2014.02.03 14:51:29.304,0.89526,0.89538,1.38,1.00
2014.02.03 14:51:29.457,0.89525,0.89535,1.38,1.00
2014.02.03 14:51:29.669,0.89525,0.89538,1.38,1.00
2014.02.03 14:51:30.239,0.89535,0.89539,1.00,1.00
2014.02.03 14:51:30.341,0.89533,0.89537,1.00,1.00
2014.02.03 14:51:30.543,0.89533,0.8954,1.38,1.00
2014.02.03 14:51:30.644,0.89533,0.8954,1.13,1.00
2014.02.03 14:51:30.746,0.89533,0.89543,1.38,1.00
2014.02.03 14:51:31.049,0.8953,0.89538,1.38,1.00
2014.02.03 14:51:31.151,0.8953,0.89536,1.00,1.13
2014.02.03 14:51:31.202,0.89527,0.89535,1.73,1.00
2014.02.03 14:51:31.354,0.89523,0.89535,1.88,1.88
2014.02.03 14:51:31.456,0.89523,0.89532,1.00,1.38
2014.02.03 14:51:31.659,0.89519,0.8953,1.00,1.50
2014.02.03 14:51:31.861,0.89518,0.89528,1.00,1.00
2014.02.03 14:51:32.448,0.89517,0.89528,1.13,1.50
2014.02.03 14:51:32.758,0.89516,0.89526,1.13,1.00
2014.02.03 14:51:33.105,0.89515,0.89526,1.38,1.50
2014.02.03 14:51:33.411,0.89512,0.89523,2.48,1.00
2014.02.03 14:51:33.714,0.89514,0.89523,2.48,1.00
2014.02.03 14:51:34.119,0.89515,0.89523,1.13,1.00
2014.02.03 14:51:34.170,0.89514,0.89519,1.88,1.00
2014.02.03 14:51:34.474,0.8951,0.89516,1.13,1.00
2014.02.03 14:51:34.677,0.8951,0.89516,1.38,1.00
2014.02.03 14:51:34.730,0.8951,0.89518,1.88,1.13
2014.02.03 14:51:34.882,0.89514,0.89523,1.73,1.00
2014.02.03 14:51:34.935,0.89515,0.89521,1.35,1.00
2014.02.03 14:51:34.986,0.89515,0.89525,1.73,1.00
2014.02.03 14:51:35.089,0.89515,0.89521,1.88,1.00
2014.02.03 14:51:35.394,0.89514,0.89523,1.38,1.00
2014.02.03 14:51:35.699,0.8951,0.8952,4.50,1.00
2014.02.03 14:51:35.751,0.8951,0.8952,4.50,1.00
2014.02.03 14:51:36.292,0.8951,0.8952,3.75,1.00
2014.02.03 14:51:36.495,0.89512,0.89523,1.13,1.13
2014.02.03 14:51:36.597,0.89512,0.89521,1.00,1.13
2014.02.03 14:51:36.851,0.8951,0.89521,1.50,1.38
2014.02.03 14:51:37.364,0.8951,0.89516,1.00,1.00
2014.02.03 14:51:37.773,0.89506,0.89516,3.00,1.00
2014.02.03 14:51:37.825,0.89509,0.89516,1.00,1.00
2014.02.03 14:51:37.926,0.89506,0.89516,1.88,1.00
2014.02.03 14:51:38.477,0.89506,0.89516,1.88,1.00
2014.02.03 14:51:39.437,0.89506,0.89518,1.88,1.00
2014.02.03 14:51:39.538,0.89508,0.89516,1.00,1.00
2014.02.03 14:51:40.246,0.89508,0.89516,1.38,1.00
2014.02.03 14:51:40.569,0.89511,0.89519,1.13,1.00
2014.02.03 14:51:40.671,0.89515,0.89519,1.13,1.00
2014.02.03 14:51:40.773,0.89515,0.89521,1.13,1.00
2014.02.03 14:51:40.824,0.89519,0.89527,1.00,1.50
2014.02.03 14:51:40.875,0.89518,0.89524,1.00,1.00
2014.02.03 14:51:40.976,0.89522,0.89527,1.00,1.00
2014.02.03 14:51:41.128,0.89523,0.89529,1.38,1.45
2014.02.03 14:51:41.432,0.89523,0.89531,1.00,1.13
2014.02.03 14:51:42.447,0.89519,0.89531,1.88,1.13
2014.02.03 14:51:42.548,0.89519,0.89529,1.88,1.00
2014.02.03 14:51:42.851,0.89519,0.89526,1.38,1.00
2014.02.03 14:51:43.411,0.89516,0.89524,2.63,1.00
2014.02.03 14:51:43.613,0.89516,0.89522,1.00,1.00
2014.02.03 14:51:43.715,0.89513,0.89522,1.00,1.38
2014.02.03 14:51:43.816,0.89511,0.89522,1.50,1.38
2014.02.03 14:51:43.867,0.89511,0.89518,1.00,1.00
2014.02.03 14:51:43.969,0.89509,0.89518,1.13,1.00
2014.02.03 14:51:44.698,0.89509,0.89518,1.00,1.38
2014.02.03 14:51:45.011,0.89507,0.89518,1.35,1.38
2014.02.03 14:51:45.162,0.89506,0.89516,1.00,1.38
2014.02.03 14:51:45.516,0.89502,0.89514,1.38,1.88
2014.02.03 14:51:45.718,0.89501,0.89512,1.38,1.00
2014.02.03 14:51:45.921,0.89499,0.89511,1.73,1.13
2014.02.03 14:51:46.022,0.89498,0.89508,2.48,1.00
2014.02.03 14:51:46.481,0.89498,0.89508,1.00,1.13
2014.02.03 14:51:46.582,0.89498,0.89504,1.00,1.00
2014.02.03 14:51:46.835,0.8949,0.89504,1.50,1.50
2014.02.03 14:51:46.936,0.89489,0.895,1.38,1.00
2014.02.03 14:51:47.457,0.89485,0.895,4.73,1.00
2014.02.03 14:51:47.913,0.89492,0.89502,1.00,1.88
2014.02.03 14:51:48.203,0.89492,0.89502,1.00,1.88
2014.02.03 14:51:48.508,0.89495,0.89504,1.13,1.13
2014.02.03 14:51:48.863,0.89494,0.89504,1.00,1.38
2014.02.03 14:51:49.217,0.89488,0.895,2.85,1.00
2014.02.03 14:51:49.332,0.89488,0.89502,2.85,1.13
2014.02.03 14:51:49.860,0.89492,0.89502,1.38,1.00
2014.02.03 14:51:50.011,0.89492,0.89504,1.38,1.00
2014.02.03 14:51:50.645,0.89491,0.89504,1.88,1.00
2014.02.03 14:51:51.152,0.89492,0.89504,1.38,1.00
2014.02.03 14:51:52.159,0.89494,0.89504,1.38,1.13
2014.02.03 14:51:52.312,0.89496,0.89504,1.00,1.38
2014.02.03 14:51:52.817,0.89496,0.89504,1.00,1.38
2014.02.03 14:51:53.295,0.89494,0.89504,1.00,1.38
2014.02.03 14:51:53.752,0.89492,0.89502,1.00,1.38
2014.02.03 14:51:53.854,0.8949,0.89502,1.13,1.38
2014.02.03 14:51:53.956,0.89487,0.89501,5.85,1.38
2014.02.03 14:51:54.472,0.89488,0.89499,1.35,1.00
2014.02.03 14:51:55.728,0.89487,0.89497,2.10,1.00
2014.02.03 14:51:56.031,0.89483,0.89495,2.85,1.38
2014.02.03 14:51:56.536,0.89481,0.89491,2.85,1.13
2014.02.03 14:51:56.880,0.89481,0.89491,2.25,1.00
2014.02.03 14:51:56.989,0.89479,0.89491,1.00,1.13
2014.02.03 14:51:57.242,0.89482,0.89491,1.00,1.00
2014.02.03 14:51:57.293,0.89483,0.89493,1.00,1.13
2014.02.03 14:51:57.395,0.89483,0.89494,1.88,1.50
2014.02.03 14:51:57.699,0.89487,0.89496,1.88,1.00
2014.02.03 14:51:57.902,0.89488,0.89499,1.00,1.13
2014.02.03 14:51:59.663,0.89487,0.89499,2.10,1.13
2014.02.03 14:52:00.015,0.89487,0.89496,2.10,1.00
2014.02.03 14:52:00.321,0.8948,0.89488,3.00,1.38
2014.02.03 14:52:00.625,0.89472,0.89483,1.88,1.50
2014.02.03 14:52:00.676,0.89472,0.89481,1.38,1.00
2014.02.03 14:52:00.912,0.89471,0.89482,1.00,1.38
2014.02.03 14:52:01.417,0.89469,0.89482,1.38,1.38
2014.02.03 14:52:02.193,0.89469,0.8948,1.38,1.00
2014.02.03 14:52:02.705,0.8947,0.89482,1.38,1.38
2014.02.03 14:52:02.957,0.8947,0.89482,1.00,1.38
2014.02.03 14:52:03.588,0.89469,0.89482,1.88,1.38
2014.02.03 14:52:05.565,0.89469,0.89479,1.38,1.00
2014.02.03 14:52:05.616,0.89469,0.89479,1.00,1.88
2014.02.03 14:52:05.718,0.89466,0.89475,1.00,1.38
2014.02.03 14:52:05.769,0.89464,0.89474,1.00,1.38
2014.02.03 14:52:05.921,0.8946,0.89473,1.58,1.88
2014.02.03 14:52:06.454,0.89459,0.89472,1.00,1.38
2014.02.03 14:52:06.978,0.89459,0.89472,1.38,1.13
2014.02.03 14:52:07.506,0.89461,0.89472,1.00,1.38
2014.02.03 14:52:08.039,0.8946,0.89472,1.13,1.38
2014.02.03 14:52:09.046,0.89461,0.89472,1.00,1.88
2014.02.03 14:52:09.642,0.89462,0.89472,1.00,1.88
2014.02.03 14:52:10.777,0.89463,0.89472,1.00,1.88
2014.02.03 14:52:11.406,0.89464,0.89472,1.00,1.00
2014.02.03 14:52:11.458,0.89466,0.89473,1.00,1.13
2014.02.03 14:52:11.915,0.89464,0.89474,1.13,1.38
2014.02.03 14:52:12.017,0.89466,0.89476,1.00,1.13
2014.02.03 14:52:12.533,0.89467,0.89477,1.13,1.13
2014.02.03 14:52:12.836,0.89465,0.89477,2.10,1.13
2014.02.03 14:52:12.938,0.89465,0.89477,1.35,1.38
2014.02.03 14:52:13.241,0.89467,0.89475,1.00,1.00
2014.02.03 14:52:13.544,0.89469,0.89475,1.35,1.00
2014.02.03 14:52:13.740,0.89469,0.89477,1.35,1.13
2014.02.03 14:52:14.324,0.8947,0.89478,1.00,1.38
2014.02.03 14:52:14.831,0.8947,0.89476,1.00,1.00
2014.02.03 14:52:15.084,0.89469,0.89474,1.35,1.00
2014.02.03 14:52:16.786,0.89465,0.89474,1.00,1.50
2014.02.03 14:52:16.991,0.89465,0.89476,1.38,1.50
2014.02.03 14:52:17.295,0.8947,0.89478,1.00,1.00
2014.02.03 14:52:17.819,0.8947,0.89479,1.00,1.00
2014.02.03 14:52:18.747,0.89472,0.89479,1.00,1.00
2014.02.03 14:52:18.949,0.8947,0.89479,1.13,1.00
2014.02.03 14:52:19.461,0.89468,0.89479,1.38,1.00
2014.02.03 14:52:19.985,0.89468,0.89479,1.13,1.00
2014.02.03 14:52:20.600,0.89468,0.89478,1.13,1.00
2014.02.03 14:52:21.454,0.8947,0.89478,1.00,1.00
2014.02.03 14:52:21.607,0.89468,0.89478,1.73,1.00
2014.02.03 14:52:22.112,0.89468,0.89479,1.73,1.00
2014.02.03 14:52:22.626,0.89468,0.89479,1.73,1.00
2014.02.03 14:52:22.778,0.89468,0.89479,1.73,1.00
2014.02.03 14:52:23.081,0.89474,0.89479,1.13,1.00
2014.02.03 14:52:23.132,0.89474,0.89483,2.25,2.63
2014.02.03 14:52:24.200,0.89474,0.89483,2.25,1.50
2014.02.03 14:52:24.351,0.89474,0.89484,1.88,1.00
2014.02.03 14:52:24.553,0.89472,0.89482,1.88,1.00
2014.02.03 14:52:25.090,0.89472,0.89482,1.13,1.50
2014.02.03 14:52:25.422,0.89475,0.89482,1.38,1.00
2014.02.03 14:52:25.473,0.89475,0.89484,1.38,1.50
2014.02.03 14:52:25.675,0.89474,0.89484,1.00,2.25
2014.02.03 14:52:25.978,0.89474,0.89482,1.00,1.00
2014.02.03 14:52:26.541,0.89471,0.89482,2.63,1.00
2014.02.03 14:52:26.642,0.8947,0.89481,1.35,1.88
2014.02.03 14:52:26.895,0.8947,0.89476,1.13,1.00
2014.02.03 14:52:27.587,0.89468,0.89476,1.00,1.50
2014.02.03 14:52:27.638,0.89465,0.89473,2.63,1.00
2014.02.03 14:52:27.971,0.89469,0.89477,1.38,1.00
2014.02.03 14:52:28.076,0.89469,0.89478,1.00,1.00
2014.02.03 14:52:28.279,0.89469,0.89478,1.38,1.00
2014.02.03 14:52:28.380,0.8947,0.89482,1.73,1.00
2014.02.03 14:52:28.532,0.89472,0.8948,1.38,1.00
2014.02.03 14:52:29.053,0.89472,0.89481,1.38,1.00
2014.02.03 14:52:29.589,0.89469,0.89481,1.38,1.13
2014.02.03 14:52:29.741,0.89468,0.89478,1.38,1.00
2014.02.03 14:52:30.045,0.89468,0.89478,1.38,1.00
2014.02.03 14:52:30.725,0.89469,0.89478,1.13,1.13
2014.02.03 14:52:31.636,0.89469,0.8948,1.13,1.38
2014.02.03 14:52:32.149,0.89469,0.8948,1.13,1.38
2014.02.03 14:52:32.697,0.89468,0.8948,1.38,1.13
2014.02.03 14:52:33.377,0.89469,0.8948,1.38,1.00
2014.02.03 14:52:34.735,0.89469,0.8948,1.38,1.00
2014.02.03 14:52:36.316,0.89469,0.89481,1.38,1.00
2014.02.03 14:52:36.677,0.89469,0.89482,1.88,1.00
2014.02.03 14:52:36.982,0.89467,0.89472,1.13,1.00
2014.02.03 14:52:37.033,0.89465,0.89472,1.13,1.00
2014.02.03 14:52:37.134,0.89463,0.89472,1.13,1.00
2014.02.03 14:52:37.488,0.89462,0.89474,1.38,1.88
2014.02.03 14:52:37.690,0.89462,0.89474,2.48,1.00
2014.02.03 14:52:37.841,0.89464,0.89477,1.38,1.88
2014.02.03 14:52:38.246,0.89466,0.89477,2.63,1.00
2014.02.03 14:52:38.628,0.89467,0.8948,1.38,1.13
2014.02.03 14:52:38.830,0.89468,0.89477,1.38,1.00
2014.02.03 14:52:39.288,0.89469,0.8948,1.38,1.00
2014.02.03 14:52:39.591,0.8948,0.89487,2.13,1.00
2014.02.03 14:52:39.642,0.89482,0.8949,1.00,1.73
2014.02.03 14:52:39.945,0.8948,0.89492,3.23,1.00
2014.02.03 14:52:40.451,0.89482,0.89493,2.63,1.13
2014.02.03 14:52:40.977,0.89482,0.89493,2.48,1.38
2014.02.03 14:52:41.785,0.89482,0.89494,3.23,1.38
2014.02.03 14:52:42.226,0.89485,0.89494,1.50,1.38
2014.02.03 14:52:42.439,0.89482,0.89494,2.48,1.75
2014.02.03 14:52:42.591,0.8948,0.89494,1.88,2.63
2014.02.03 14:52:43.143,0.89477,0.89491,1.88,1.88
2014.02.03 14:52:43.883,0.89479,0.89491,1.38,1.13
2014.02.03 14:52:44.409,0.89478,0.89491,1.88,1.00
2014.02.03 14:52:45.006,0.89478,0.8949,2.63,1.13
2014.02.03 14:52:45.330,0.89478,0.8949,2.63,1.38
2014.02.03 14:52:45.685,0.89475,0.89488,1.50,1.00
2014.02.03 14:52:45.815,0.89479,0.89488,1.00,1.00
2014.02.03 14:52:46.119,0.89479,0.89491,1.38,1.38
2014.02.03 14:52:46.625,0.89478,0.89491,1.38,1.88
2014.02.03 14:52:46.676,0.89478,0.89488,1.38,1.00
2014.02.03 14:52:46.726,0.89477,0.89488,1.38,1.00
2014.02.03 14:52:47.182,0.89479,0.89488,1.38,1.00
2014.02.03 14:52:47.624,0.89479,0.89491,1.88,1.00
2014.02.03 14:52:48.078,0.89479,0.89489,1.38,1.50
2014.02.03 14:52:48.382,0.89477,0.89487,2.63,1.00
2014.02.03 14:52:50.884,0.89479,0.89487,1.00,1.00
2014.02.03 14:52:50.935,0.89479,0.89488,2.25,1.13
2014.02.03 14:52:51.188,0.89477,0.89488,3.00,1.38
2014.02.03 14:52:51.239,0.89477,0.89489,3.38,1.88
2014.02.03 14:52:51.390,0.89477,0.89487,1.38,1.50
2014.02.03 14:52:51.753,0.8948,0.89487,1.13,1.00
2014.02.03 14:52:52.061,0.89481,0.89491,1.38,1.00
2014.02.03 14:52:52.163,0.89483,0.89493,2.48,1.00
2014.02.03 14:52:52.365,0.89488,0.89493,1.00,1.00
2014.02.03 14:52:52.618,0.89483,0.89494,2.48,1.00
2014.02.03 14:52:52.719,0.89483,0.89494,2.10,1.00
2014.02.03 14:52:53.174,0.89483,0.89488,1.00,1.00
2014.02.03 14:52:53.376,0.8948,0.89489,1.13,1.00
2014.02.03 14:52:53.908,0.8948,0.8949,1.13,1.00
2014.02.03 14:52:54.441,0.89479,0.89489,1.38,1.00
2014.02.03 14:52:54.543,0.89478,0.89485,1.13,1.00
2014.02.03 14:52:54.696,0.89475,0.89485,1.88,1.13
2014.02.03 14:52:54.747,0.89475,0.89483,1.88,1.00
2014.02.03 14:52:55.154,0.89473,0.89482,1.88,1.00
2014.02.03 14:52:55.306,0.89473,0.8948,1.00,1.00
2014.02.03 14:52:55.410,0.89473,0.89482,1.00,1.00
2014.02.03 14:52:55.511,0.89473,0.89485,1.00,2.63
2014.02.03 14:52:56.036,0.89473,0.89483,1.38,1.00
2014.02.03 14:52:56.586,0.89473,0.89483,1.38,1.00
2014.02.03 14:52:58.289,0.89471,0.89483,2.48,1.00
2014.02.03 14:52:58.961,0.89474,0.89485,1.13,1.13
2014.02.03 14:52:59.062,0.89476,0.89485,1.00,1.00
2014.02.03 14:52:59.417,0.89476,0.89485,1.38,1.00
2014.02.03 14:52:59.730,0.89477,0.89487,1.88,1.00
2014.02.03 14:52:59.883,0.89479,0.89487,2.10,1.00
2014.02.03 14:53:00.079,0.89479,0.89489,4.73,1.00
2014.02.03 14:53:00.181,0.89482,0.8949,2.48,1.00
2014.02.03 14:53:00.698,0.89484,0.89491,1.35,1.00
2014.02.03 14:53:01.258,0.89484,0.89493,1.73,1.13
2014.02.03 14:53:01.821,0.89485,0.89493,1.38,1.00
2014.02.03 14:53:01.922,0.89485,0.89495,1.38,1.00
2014.02.03 14:53:02.429,0.89487,0.89495,1.13,1.00
2014.02.03 14:53:03.010,0.89487,0.89495,1.88,1.00
2014.02.03 14:53:03.807,0.89487,0.89495,1.88,1.00
2014.02.03 14:53:04.033,0.89487,0.89499,2.63,1.88
2014.02.03 14:53:04.903,0.89488,0.89499,1.38,1.00
2014.02.03 14:53:05.232,0.89492,0.89503,1.38,1.00
2014.02.03 14:53:06.065,0.89493,0.89502,1.00,1.00
2014.02.03 14:53:07.165,0.89493,0.89503,1.00,1.00
2014.02.03 14:53:07.720,0.89493,0.89502,1.13,1.00
2014.02.03 14:53:08.256,0.89493,0.89503,1.00,1.00
2014.02.03 14:53:08.815,0.89493,0.89505,1.00,1.38
2014.02.03 14:53:09.414,0.89493,0.89505,1.00,1.13
2014.02.03 14:53:09.871,0.89492,0.89503,1.00,1.00
2014.02.03 14:53:12.984,0.89491,0.89503,2.63,1.50
2014.02.03 14:53:14.098,0.89491,0.89497,1.88,1.00
2014.02.03 14:53:14.250,0.89487,0.89497,1.00,1.88
2014.02.03 14:53:14.301,0.89487,0.89497,1.00,1.88
2014.02.03 14:53:14.352,0.89485,0.89495,3.00,1.00
2014.02.03 14:53:14.505,0.89484,0.89494,1.13,1.38
2014.02.03 14:53:14.859,0.89482,0.89494,1.88,1.00
2014.02.03 14:53:14.972,0.89482,0.89494,1.88,1.13
2014.02.03 14:53:15.365,0.89484,0.89495,1.00,1.38
2014.02.03 14:53:16.388,0.89484,0.89494,1.00,1.38
2014.02.03 14:53:16.490,0.89481,0.89492,1.00,1.38
2014.02.03 14:53:16.793,0.89479,0.8949,1.73,1.38
2014.02.03 14:53:17.046,0.89477,0.89487,3.98,1.38
2014.02.03 14:53:17.198,0.89475,0.89486,1.00,1.88
2014.02.03 14:53:17.701,0.89475,0.89484,1.00,1.38
2014.02.03 14:53:18.248,0.89472,0.89483,1.72,1.00
2014.02.03 14:53:18.399,0.89472,0.89481,1.72,1.00
2014.02.03 14:53:18.925,0.89474,0.89481,1.09,1.00
2014.02.03 14:53:19.472,0.89471,0.89479,1.47,1.13
2014.02.03 14:53:19.523,0.89471,0.89479,1.13,1.13
2014.02.03 14:53:19.850,0.89469,0.89479,1.13,1.88
2014.02.03 14:53:20.114,0.89469,0.89478,2.25,1.38
2014.02.03 14:53:20.418,0.89485,0.89494,2.85,1.00
2014.02.03 14:53:20.520,0.89486,0.89495,1.00,1.00
2014.02.03 14:53:20.773,0.89486,0.89495,1.88,1.00
2014.02.03 14:53:20.825,0.89486,0.89496,1.50,1.38
2014.02.03 14:53:20.927,0.89486,0.89496,2.63,1.88
2014.02.03 14:53:21.230,0.89486,0.89498,1.00,1.38
2014.02.03 14:53:21.331,0.89484,0.89495,1.88,1.38
2014.02.03 14:53:21.484,0.89484,0.89496,1.88,1.00
2014.02.03 14:53:21.585,0.89484,0.89496,1.88,1.00
2014.02.03 14:53:21.996,0.89486,0.89496,1.38,1.00
2014.02.03 14:53:22.097,0.89486,0.89498,1.88,1.50
2014.02.03 14:53:22.249,0.89489,0.89498,1.38,1.00
2014.02.03 14:53:24.431,0.89489,0.89498,1.38,1.13
2014.02.03 14:53:24.685,0.89486,0.89495,1.00,1.00
2014.02.03 14:53:24.786,0.89484,0.89495,1.13,1.50
2014.02.03 14:53:24.888,0.89483,0.89493,1.88,1.00
2014.02.03 14:53:25.204,0.89478,0.8949,2.63,1.00
2014.02.03 14:53:25.675,0.89481,0.8949,1.38,1.00
2014.02.03 14:53:25.916,0.89481,0.89493,1.88,1.50
2014.02.03 14:53:26.579,0.89481,0.89493,1.88,1.50
2014.02.03 14:53:27.104,0.89481,0.89493,1.88,1.50
2014.02.03 14:53:29.095,0.89481,0.89493,1.88,1.00
2014.02.03 14:53:30.523,0.89481,0.89493,1.88,1.00
2014.02.03 14:53:31.027,0.89481,0.89493,1.88,1.00
2014.02.03 14:53:31.689,0.89481,0.8949,1.88,1.00
2014.02.03 14:53:31.978,0.89481,0.89491,1.13,1.88
2014.02.03 14:53:35.893,0.89479,0.8949,1.38,1.00
2014.02.03 14:53:36.297,0.89479,0.89487,1.38,1.00
2014.02.03 14:53:36.399,0.89478,0.89489,1.38,1.00
2014.02.03 14:53:36.501,0.89479,0.89491,1.38,1.13
2014.02.03 14:53:36.551,0.89479,0.89488,1.38,1.00
2014.02.03 14:53:36.805,0.89479,0.89491,1.38,1.88
2014.02.03 14:53:36.957,0.89479,0.89489,1.38,1.00
2014.02.03 14:53:37.058,0.89479,0.89491,2.63,1.13
2014.02.03 14:53:37.210,0.89479,0.89487,1.38,1.00
2014.02.03 14:53:37.311,0.89479,0.8949,1.88,1.50
2014.02.03 14:53:37.849,0.89482,0.89491,1.00,1.13
2014.02.03 14:53:38.052,0.89483,0.89491,1.38,1.00
2014.02.03 14:53:38.153,0.89483,0.89494,1.38,1.00
2014.02.03 14:53:38.457,0.89484,0.89492,1.38,1.00
2014.02.03 14:53:38.558,0.89484,0.89494,1.38,1.00
2014.02.03 14:53:39.106,0.89484,0.89495,1.50,1.38
2014.02.03 14:53:39.360,0.89481,0.89492,1.13,1.00
2014.02.03 14:53:39.916,0.89481,0.89491,1.00,1.38
2014.02.03 14:53:40.463,0.8948,0.8949,1.13,1.38
2014.02.03 14:53:41.057,0.8948,0.89491,1.13,1.38
2014.02.03 14:53:41.380,0.89478,0.8949,1.00,2.88
2014.02.03 14:53:41.686,0.89478,0.89489,1.38,2.13
2014.02.03 14:53:42.081,0.89479,0.89489,1.38,1.00
2014.02.03 14:53:42.334,0.89481,0.89491,1.38,1.00
2014.02.03 14:53:42.436,0.89483,0.89493,1.00,1.00
2014.02.03 14:53:42.952,0.89484,0.89494,1.00,1.00
2014.02.03 14:53:43.315,0.89484,0.89495,1.13,2.48
2014.02.03 14:53:43.620,0.89482,0.89489,1.50,1.00
2014.02.03 14:53:43.801,0.89482,0.89492,1.50,1.38
2014.02.03 14:53:44.320,0.89482,0.89493,1.88,1.38
2014.02.03 14:53:44.574,0.89482,0.89494,1.88,1.88
2014.02.03 14:53:45.289,0.89482,0.89494,1.88,1.88
2014.02.03 14:53:45.592,0.8948,0.89491,1.00,1.88
2014.02.03 14:53:46.119,0.8948,0.89488,1.00,1.00
2014.02.03 14:53:46.221,0.8948,0.89491,1.50,1.88
2014.02.03 14:53:46.746,0.8948,0.89491,1.88,1.88
2014.02.03 14:53:47.607,0.8948,0.89491,1.88,1.50
2014.02.03 14:53:47.961,0.8948,0.89491,1.50,1.38
2014.02.03 14:53:48.264,0.89478,0.8949,2.48,1.88
2014.02.03 14:53:48.791,0.89478,0.89489,2.48,1.00
2014.02.03 14:53:48.943,0.8948,0.89489,1.00,1.00
2014.02.03 14:53:49.146,0.8948,0.89491,1.13,1.00
2014.02.03 14:53:49.514,0.8948,0.89492,1.88,1.00
2014.02.03 14:53:49.829,0.8948,0.89492,1.88,1.00
2014.02.03 14:53:50.133,0.89483,0.89494,1.38,1.00
2014.02.03 14:53:50.690,0.89484,0.89496,1.88,1.50
2014.02.03 14:53:50.993,0.89489,0.89497,1.88,1.00
2014.02.03 14:53:51.094,0.89491,0.89499,1.38,1.00
2014.02.03 14:53:51.449,0.89491,0.895,1.38,1.00
2014.02.03 14:53:51.753,0.89493,0.89502,1.38,1.00
2014.02.03 14:53:51.804,0.89493,0.89504,1.38,1.50
2014.02.03 14:53:52.310,0.89496,0.89505,1.38,1.00
2014.02.03 14:53:52.463,0.89496,0.89507,1.38,1.88
2014.02.03 14:53:53.413,0.89495,0.89507,1.38,2.63
2014.02.03 14:53:54.087,0.89497,0.89507,1.13,1.00
2014.02.03 14:53:54.493,0.89497,0.89508,1.88,1.00
2014.02.03 14:53:55.426,0.89497,0.89509,1.88,3.38
2014.02.03 14:53:55.956,0.89497,0.89509,1.88,1.88
2014.02.03 14:53:56.260,0.89499,0.89511,1.38,2.25
2014.02.03 14:53:56.798,0.895,0.89511,1.88,1.00
2014.02.03 14:53:57.128,0.89502,0.89511,1.38,1.50
2014.02.03 14:53:59.673,0.89503,0.89511,1.38,1.50
2014.02.03 14:54:00.204,0.89499,0.8951,1.38,1.00
2014.02.03 14:54:00.892,0.89499,0.89509,1.38,1.00
2014.02.03 14:54:01.145,0.89499,0.89509,1.13,1.13
2014.02.03 14:54:01.297,0.89497,0.89507,1.38,1.00
2014.02.03 14:54:05.406,0.89496,0.89508,1.38,1.50
2014.02.03 14:54:05.658,0.89496,0.89508,1.13,1.88
2014.02.03 14:54:05.709,0.89496,0.89505,1.13,1.00
2014.02.03 14:54:05.912,0.89492,0.89504,1.38,1.50
2014.02.03 14:54:05.963,0.89491,0.89501,1.88,1.00
2014.02.03 14:54:06.270,0.89492,0.89503,1.38,1.50
2014.02.03 14:54:06.574,0.89491,0.89503,2.63,1.50
2014.02.03 14:54:08.294,0.89491,0.89503,1.38,2.25
2014.02.03 14:54:08.446,0.89494,0.89503,1.38,1.50
2014.02.03 14:54:08.951,0.89491,0.89503,1.88,1.50
2014.02.03 14:54:09.002,0.89491,0.89503,1.88,1.88
2014.02.03 14:54:12.931,0.89491,0.89503,1.88,2.63
2014.02.03 14:54:14.560,0.89491,0.89503,1.88,1.88
2014.02.03 14:54:14.866,0.89491,0.89503,1.88,1.50
2014.02.03 14:54:15.192,0.89498,0.89507,1.13,1.13
2014.02.03 14:54:15.400,0.89498,0.89507,1.38,1.00
2014.02.03 14:54:15.655,0.895,0.8951,1.13,1.00
2014.02.03 14:54:16.284,0.895,0.8951,1.00,1.38
2014.02.03 14:54:16.453,0.89498,0.8951,3.38,1.38
2014.02.03 14:54:17.093,0.89498,0.8951,1.50,4.13
2014.02.03 14:54:17.195,0.89494,0.89506,2.63,1.38
2014.02.03 14:54:17.296,0.89496,0.89507,1.00,1.38
2014.02.03 14:54:17.397,0.89496,0.89507,1.38,1.13
2014.02.03 14:54:17.904,0.89497,0.89508,1.88,1.13
2014.02.03 14:54:18.859,0.89499,0.89508,1.00,1.00
2014.02.03 14:54:19.163,0.89503,0.8951,1.13,1.00
2014.02.03 14:54:19.669,0.89503,0.8951,1.38,1.00
2014.02.03 14:54:20.051,0.89503,0.89515,1.88,1.13
2014.02.03 14:54:20.824,0.89503,0.89515,1.50,1.13
2014.02.03 14:54:22.450,0.89503,0.89514,1.50,1.13
2014.02.03 14:54:23.022,0.89504,0.89514,1.00,1.13
2014.02.03 14:54:23.551,0.89504,0.89515,1.00,1.00
2014.02.03 14:54:23.711,0.89507,0.89515,1.00,1.00
2014.02.03 14:54:24.195,0.89507,0.89517,1.00,1.50
2014.02.03 14:54:24.711,0.89507,0.89517,1.38,1.00
2014.02.03 14:54:24.957,0.8951,0.89518,1.00,3.00
2014.02.03 14:54:25.465,0.89506,0.89518,1.38,1.00
2014.02.03 14:54:25.896,0.89506,0.89515,1.38,1.00
2014.02.03 14:54:26.352,0.89506,0.89515,1.13,1.00
2014.02.03 14:54:26.454,0.89505,0.89511,1.38,1.00
2014.02.03 14:54:26.809,0.89503,0.89512,1.38,1.00
2014.02.03 14:54:26.911,0.89502,0.89511,1.38,1.00
2014.02.03 14:54:27.113,0.89502,0.89513,1.38,1.00
2014.02.03 14:54:27.467,0.89505,0.89516,1.13,1.38
2014.02.03 14:54:27.973,0.89504,0.89516,1.38,1.00
2014.02.03 14:54:28.479,0.89504,0.89516,1.88,1.00
2014.02.03 14:54:28.991,0.89504,0.89516,1.88,1.00
2014.02.03 14:54:29.502,0.89504,0.89515,1.88,1.00
2014.02.03 14:54:29.553,0.89504,0.89515,1.88,1.00
2014.02.03 14:54:30.059,0.89504,0.89516,1.88,1.50
2014.02.03 14:54:30.637,0.89504,0.89516,1.13,1.50
2014.02.03 14:54:31.178,0.89504,0.89516,1.38,1.50
2014.02.03 14:54:31.431,0.89504,0.89516,1.88,1.50
2014.02.03 14:54:31.937,0.89507,0.89516,1.38,1.50
2014.02.03 14:54:32.190,0.89504,0.89514,2.63,1.00
2014.02.03 14:54:33.735,0.89505,0.89514,1.38,1.50
2014.02.03 14:54:33.837,0.89505,0.89516,1.38,1.50
2014.02.03 14:54:34.198,0.89505,0.89515,1.38,1.00
2014.02.03 14:54:34.299,0.89505,0.89515,1.00,1.50
2014.02.03 14:54:34.400,0.89505,0.89512,1.00,1.00
2014.02.03 14:54:34.650,0.89503,0.89512,1.13,1.00
2014.02.03 14:54:36.903,0.89502,0.89513,1.38,1.00
2014.02.03 14:54:36.954,0.89503,0.89515,1.13,1.88
2014.02.03 14:54:37.005,0.89503,0.89512,1.13,1.00
2014.02.03 14:54:37.715,0.89502,0.89512,1.38,1.00
2014.02.03 14:54:38.170,0.89503,0.89515,3.23,1.00
2014.02.03 14:54:38.675,0.89503,0.89515,3.60,1.00
2014.02.03 14:54:39.467,0.89503,0.89515,3.98,1.00
2014.02.03 14:54:39.570,0.89505,0.89517,1.75,1.88
2014.02.03 14:54:39.773,0.89512,0.89522,1.30,1.00
2014.02.03 14:54:39.926,0.89512,0.89521,1.00,1.38
2014.02.03 14:54:40.229,0.8951,0.89521,1.88,1.88
2014.02.03 14:54:40.542,0.8951,0.89521,1.88,1.88
2014.02.03 14:54:40.644,0.8951,0.89518,1.88,1.00
2014.02.03 14:54:41.196,0.8951,0.89518,1.88,1.00
2014.02.03 14:54:41.551,0.8951,0.89519,1.88,1.00
2014.02.03 14:54:42.393,0.89513,0.89524,2.10,1.50
2014.02.03 14:54:42.646,0.89517,0.89522,1.00,1.00
2014.02.03 14:54:42.799,0.89513,0.89522,1.88,1.00
2014.02.03 14:54:43.102,0.89515,0.89522,1.50,1.00
2014.02.03 14:54:43.205,0.89514,0.89524,1.38,1.00
2014.02.03 14:54:43.711,0.89515,0.89521,1.50,1.00
2014.02.03 14:54:43.813,0.89515,0.89524,1.50,1.38
2014.02.03 14:54:44.067,0.89515,0.89525,1.00,1.13
2014.02.03 14:54:44.169,0.89517,0.89527,3.98,2.25
2014.02.03 14:54:44.321,0.89519,0.8953,1.35,1.88
2014.02.03 14:54:44.372,0.89519,0.89525,1.00,1.00
2014.02.03 14:54:44.902,0.89518,0.89525,1.00,1.00
2014.02.03 14:54:45.093,0.89516,0.89525,1.13,1.00
2014.02.03 14:54:45.356,0.89516,0.89522,1.13,1.00
2014.02.03 14:54:45.819,0.89515,0.8952,1.00,1.00
2014.02.03 14:54:45.971,0.89509,0.89519,1.38,1.00
2014.02.03 14:54:46.319,0.89509,0.89516,1.13,1.00
2014.02.03 14:54:46.421,0.89507,0.89516,1.50,1.00
2014.02.03 14:54:46.980,0.89507,0.89516,1.38,1.00
2014.02.03 14:54:47.880,0.89507,0.89517,1.38,1.00
2014.02.03 14:54:48.392,0.89507,0.89516,1.13,1.00
2014.02.03 14:54:49.522,0.89507,0.89516,1.38,1.00
2014.02.03 14:54:49.982,0.89507,0.89516,1.38,1.00
2014.02.03 14:54:50.235,0.89507,0.89518,1.38,1.00
2014.02.03 14:54:50.655,0.89507,0.89518,1.13,1.88
2014.02.03 14:54:51.174,0.89508,0.89515,1.88,1.00
2014.02.03 14:54:51.478,0.89507,0.89519,2.48,1.00
2014.02.03 14:54:51.841,0.89509,0.89519,1.38,1.00
2014.02.03 14:54:52.354,0.89507,0.89518,1.38,1.00
2014.02.03 14:54:52.882,0.89505,0.89517,1.88,1.00
2014.02.03 14:54:53.383,0.89505,0.89517,1.88,1.00
2014.02.03 14:54:53.880,0.89508,0.89519,1.38,1.50
2014.02.03 14:54:53.931,0.89508,0.89519,1.38,1.50
2014.02.03 14:54:54.457,0.89509,0.89519,1.38,1.00
2014.02.03 14:54:55.903,0.8951,0.89521,1.50,1.00
2014.02.03 14:54:56.785,0.8951,0.89521,2.10,1.00
2014.02.03 14:54:57.162,0.89511,0.89523,1.38,2.25
2014.02.03 14:54:58.703,0.89513,0.89523,1.73,1.00
2014.02.03 14:54:58.964,0.89514,0.89525,1.38,1.00
2014.02.03 14:54:59.275,0.89514,0.89525,1.38,1.00
2014.02.03 14:54:59.472,0.89514,0.89525,1.38,1.00
2014.02.03 14:55:00.120,0.89514,0.89525,1.38,1.00
2014.02.03 14:55:00.725,0.89516,0.89525,1.38,1.50
2014.02.03 14:55:00.827,0.89516,0.89527,1.73,1.50
2014.02.03 14:55:00.929,0.89517,0.89527,1.38,1.50
2014.02.03 14:55:01.031,0.89518,0.89529,1.38,1.00
2014.02.03 14:55:01.565,0.89519,0.89529,1.38,1.00
2014.02.03 14:55:01.718,0.89519,0.89527,1.38,1.00
2014.02.03 14:55:02.232,0.89516,0.89526,2.48,1.00
2014.02.03 14:55:02.679,0.89516,0.89526,1.38,1.00
2014.02.03 14:55:02.781,0.89516,0.89524,1.38,1.00
2014.02.03 14:55:04.031,0.89514,0.89524,1.38,1.00
2014.02.03 14:55:05.648,0.89516,0.89524,1.00,1.00
2014.02.03 14:55:05.749,0.89516,0.89527,1.88,1.00
2014.02.03 14:55:06.002,0.89516,0.89526,1.38,1.00
2014.02.03 14:55:06.535,0.89516,0.89526,1.38,1.00
2014.02.03 14:55:07.047,0.89516,0.89526,1.38,1.00
2014.02.03 14:55:07.098,0.89518,0.89526,1.38,1.00
2014.02.03 14:55:07.301,0.89518,0.89528,1.38,1.50
2014.02.03 14:55:07.503,0.8952,0.8953,1.38,1.50
2014.02.03 14:55:08.160,0.8952,0.8953,1.38,1.00
2014.02.03 14:55:11.057,0.8952,0.89529,1.38,1.00
2014.02.03 14:55:11.634,0.89522,0.89529,1.00,1.00
2014.02.03 14:55:13.445,0.8952,0.89529,1.88,1.00
2014.02.03 14:55:14.806,0.8952,0.89526,1.88,1.00
2014.02.03 14:55:15.246,0.89518,0.89528,1.88,1.00
2014.02.03 14:55:15.751,0.89518,0.89529,1.95,1.00
2014.02.03 14:55:16.283,0.89521,0.89529,1.38,1.00
2014.02.03 14:55:16.845,0.89521,0.8953,1.38,1.00
2014.02.03 14:55:17.955,0.8952,0.89532,1.38,1.50
2014.02.03 14:55:18.475,0.89521,0.89531,1.38,1.00
2014.02.03 14:55:19.010,0.8952,0.89531,1.38,1.00
2014.02.03 14:55:19.516,0.89521,0.89531,1.38,1.00
2014.02.03 14:55:23.879,0.89522,0.89531,1.68,1.00
2014.02.03 14:55:23.930,0.89524,0.89534,1.38,1.50
2014.02.03 14:55:23.981,0.89529,0.89534,1.00,1.00
2014.02.03 14:55:24.488,0.89527,0.89534,1.38,1.00
2014.02.03 14:55:25.455,0.89527,0.89539,2.85,1.50
2014.02.03 14:55:25.506,0.89528,0.89543,1.50,2.63
2014.02.03 14:55:26.389,0.89531,0.89543,1.75,1.00
2014.02.03 14:55:26.894,0.89533,0.89543,1.38,1.00
2014.02.03 14:55:27.633,0.89533,0.89543,1.38,1.00
2014.02.03 14:55:28.183,0.89533,0.8954,1.00,1.00
2014.02.03 14:55:28.234,0.89533,0.8954,1.38,1.00
2014.02.03 14:55:28.740,0.8953,0.8954,1.88,1.00
2014.02.03 14:55:29.284,0.8953,0.8954,2.63,1.00
2014.02.03 14:55:29.763,0.8953,0.8954,2.63,1.00
2014.02.03 14:55:30.016,0.89535,0.89542,1.38,1.00
2014.02.03 14:55:30.168,0.89535,0.8954,1.00,1.00
2014.02.03 14:55:30.218,0.89532,0.8954,1.38,1.00
2014.02.03 14:55:30.766,0.89532,0.89541,1.38,1.00
2014.02.03 14:55:31.934,0.89536,0.89546,1.00,1.00
2014.02.03 14:55:31.986,0.89538,0.89546,1.00,1.00
2014.02.03 14:55:32.290,0.89539,0.89548,1.38,1.00
2014.02.03 14:55:32.621,0.89536,0.89542,1.75,1.00
2014.02.03 14:55:32.773,0.89532,0.89542,1.38,1.00
2014.02.03 14:55:32.824,0.89531,0.89544,1.38,1.00
2014.02.03 14:55:32.926,0.89534,0.89544,1.00,1.00
2014.02.03 14:55:33.572,0.89534,0.89543,1.00,1.00
2014.02.03 14:55:33.825,0.89534,0.89543,1.88,1.00
2014.02.03 14:55:34.295,0.89534,0.89544,1.88,1.00
2014.02.03 14:55:34.466,0.89534,0.89543,1.88,1.00
2014.02.03 14:55:34.928,0.89534,0.89548,2.48,1.88
2014.02.03 14:55:35.029,0.89538,0.89548,1.38,1.00
2014.02.03 14:55:35.571,0.89538,0.89549,1.38,1.00
2014.02.03 14:55:35.773,0.89538,0.89551,1.88,1.88
2014.02.03 14:55:36.228,0.89538,0.8955,1.88,1.38
2014.02.03 14:55:36.734,0.89538,0.8955,1.88,1.50
2014.02.03 14:55:37.037,0.89539,0.89551,1.38,1.88
2014.02.03 14:55:38.403,0.89539,0.89551,1.38,1.88
2014.02.03 14:55:39.060,0.89539,0.89552,1.13,1.38
2014.02.03 14:55:39.379,0.89538,0.8955,2.63,1.38
2014.02.03 14:55:39.582,0.89536,0.89549,2.63,1.38
2014.02.03 14:55:40.109,0.89536,0.89549,1.38,1.38
2014.02.03 14:55:40.652,0.89536,0.89547,1.50,1.00
2014.02.03 14:55:41.182,0.89536,0.89548,1.88,1.00
2014.02.03 14:55:41.283,0.89536,0.89546,1.88,1.00
2014.02.03 14:55:41.387,0.89536,0.89548,1.88,1.00
2014.02.03 14:55:41.727,0.89536,0.89542,1.88,1.00
2014.02.03 14:55:42.031,0.89536,0.89544,1.00,1.00
2014.02.03 14:55:43.288,0.89536,0.89542,1.13,1.00
2014.02.03 14:55:43.390,0.89536,0.89545,1.13,2.25
2014.02.03 14:55:43.917,0.89534,0.89544,1.88,1.00
2014.02.03 14:55:44.889,0.89534,0.89543,1.88,1.00
2014.02.03 14:55:45.193,0.89532,0.89541,1.38,1.00
2014.02.03 14:55:46.279,0.89533,0.89542,1.38,1.00
2014.02.03 14:55:46.431,0.89533,0.89544,1.38,1.00
2014.02.03 14:55:47.744,0.89533,0.89545,1.38,3.00
2014.02.03 14:55:47.957,0.89533,0.89545,1.88,1.00
2014.02.03 14:55:48.009,0.89533,0.89547,3.23,2.25
2014.02.03 14:55:48.262,0.89537,0.89549,1.38,1.50
2014.02.03 14:55:48.364,0.89535,0.8954,1.00,1.00
2014.02.03 14:55:48.516,0.89535,0.89544,1.38,1.00
2014.02.03 14:55:48.769,0.89533,0.89546,1.38,1.50
2014.02.03 14:55:49.275,0.89535,0.89547,1.38,1.00
2014.02.03 14:55:49.582,0.89535,0.89548,1.38,1.00
2014.02.03 14:55:50.903,0.89533,0.89547,3.75,3.98
2014.02.03 14:55:51.207,0.89533,0.89543,1.13,2.25
2014.02.03 14:55:51.258,0.89533,0.89543,1.13,2.25
2014.02.03 14:55:51.786,0.89531,0.89542,1.13,1.00
2014.02.03 14:55:52.292,0.89528,0.89541,1.38,3.38
2014.02.03 14:55:53.096,0.89527,0.89539,1.88,1.00
2014.02.03 14:55:54.953,0.89527,0.89539,1.88,1.13
2014.02.03 14:55:55.500,0.89527,0.89539,1.88,1.00
2014.02.03 14:55:56.004,0.89527,0.8954,1.88,2.25
2014.02.03 14:55:56.602,0.89527,0.8954,1.88,1.50
2014.02.03 14:55:57.136,0.89527,0.8954,2.63,1.00
2014.02.03 14:55:57.477,0.89531,0.89542,1.88,2.25
2014.02.03 14:55:57.730,0.89531,0.89543,1.38,1.50
2014.02.03 14:55:57.933,0.89528,0.89538,1.13,1.00
2014.02.03 14:55:58.085,0.89527,0.89536,1.00,1.00
2014.02.03 14:55:58.388,0.89525,0.89534,1.00,1.88
2014.02.03 14:55:58.439,0.89522,0.89533,1.88,1.00
2014.02.03 14:55:58.591,0.89525,0.89533,1.13,1.00
2014.02.03 14:55:58.660,0.89521,0.89533,1.38,1.00
2014.02.03 14:55:59.566,0.89521,0.89533,1.38,1.00
2014.02.03 14:56:00.075,0.89521,0.89533,1.38,1.00
2014.02.03 14:56:00.379,0.89519,0.89525,1.00,1.00
2014.02.03 14:56:00.531,0.89516,0.89525,1.00,1.00
2014.02.03 14:56:01.085,0.89515,0.89525,1.13,1.00
2014.02.03 14:56:01.622,0.89515,0.89526,1.38,1.50
2014.02.03 14:56:02.128,0.89516,0.89527,1.13,1.00
2014.02.03 14:56:02.709,0.89517,0.89529,1.50,1.88
2014.02.03 14:56:07.250,0.89517,0.89529,2.63,1.13
2014.02.03 14:56:07.773,0.89517,0.89529,2.63,1.00
2014.02.03 14:56:08.026,0.89521,0.89531,1.00,1.88
2014.02.03 14:56:08.229,0.89521,0.89531,1.38,1.00
2014.02.03 14:56:08.798,0.89524,0.89532,1.00,1.50
2014.02.03 14:56:09.624,0.89524,0.89533,1.13,1.30
2014.02.03 14:56:10.144,0.89524,0.89534,1.38,2.48
2014.02.03 14:56:11.293,0.89524,0.89534,1.38,2.48
2014.02.03 14:56:11.499,0.89525,0.89536,1.38,1.00
2014.02.03 14:56:11.645,0.89526,0.89538,4.13,1.00
2014.02.03 14:56:11.968,0.89532,0.89541,1.00,1.00
2014.02.03 14:56:13.195,0.89532,0.89543,1.13,1.00
2014.02.03 14:56:13.703,0.89532,0.89543,1.38,1.00
2014.02.03 14:56:14.958,0.89529,0.89541,1.88,1.00
2014.02.03 14:56:15.060,0.89531,0.89543,1.38,2.63
2014.02.03 14:56:15.602,0.89533,0.89545,1.38,3.75
2014.02.03 14:56:15.753,0.89532,0.89543,1.38,1.00
2014.02.03 14:56:15.854,0.89533,0.89545,1.38,3.75
2014.02.03 14:56:16.118,0.89533,0.89545,1.38,3.75
2014.02.03 14:56:16.420,0.89533,0.89543,1.48,1.00
2014.02.03 14:56:16.724,0.89535,0.89544,1.88,1.00
2014.02.03 14:56:17.042,0.89537,0.89546,1.38,1.00
2014.02.03 14:56:17.143,0.89537,0.89548,1.38,1.00
2014.02.03 14:56:18.561,0.89537,0.89545,1.55,1.00
2014.02.03 14:56:19.161,0.89537,0.89544,1.55,1.00
2014.02.03 14:56:19.456,0.89539,0.89549,2.25,1.50
2014.02.03 14:56:19.962,0.89539,0.89549,1.20,1.13
2014.02.03 14:56:20.064,0.89537,0.89545,2.48,1.00
2014.02.03 14:56:20.217,0.89535,0.89545,2.33,1.88
2014.02.03 14:56:20.693,0.89532,0.89544,4.20,1.88
2014.02.03 14:56:20.895,0.89532,0.89544,1.20,1.88
2014.02.03 14:56:21.451,0.89531,0.89542,1.13,1.13
2014.02.03 14:56:22.251,0.8953,0.89538,2.25,1.13
2014.02.03 14:56:22.302,0.89529,0.89538,1.13,1.13
2014.02.03 14:56:22.505,0.89526,0.89537,3.45,1.38
2014.02.03 14:56:22.810,0.89525,0.89535,1.48,1.88
2014.02.03 14:56:23.411,0.89525,0.89533,1.48,1.00
2014.02.03 14:56:23.980,0.89525,0.89532,1.38,1.00
2014.02.03 14:56:24.182,0.89525,0.89535,1.38,2.63
2014.02.03 14:56:24.600,0.89525,0.89531,1.00,1.75
2014.02.03 14:56:24.955,0.8952,0.8953,1.38,2.33
2014.02.03 14:56:25.516,0.89519,0.89529,1.88,1.13
2014.02.03 14:56:25.928,0.89521,0.89529,1.38,1.00
2014.02.03 14:56:25.978,0.89521,0.89531,1.38,1.00
2014.02.03 14:56:26.819,0.89521,0.89533,1.95,1.00
2014.02.03 14:56:27.021,0.89521,0.89533,1.88,1.20
2014.02.03 14:56:27.393,0.89521,0.89533,1.13,1.48
2014.02.03 14:56:28.093,0.89521,0.89531,1.13,1.13
2014.02.03 14:56:28.396,0.89518,0.8953,1.38,2.40
2014.02.03 14:56:28.705,0.89518,0.8953,1.00,2.40
2014.02.03 14:56:29.644,0.89518,0.89529,1.00,1.85
2014.02.03 14:56:31.102,0.89518,0.89529,1.38,2.33
2014.02.03 14:56:31.304,0.8952,0.89529,1.13,1.00
2014.02.03 14:56:31.456,0.8952,0.8953,1.55,1.13
2014.02.03 14:56:31.989,0.89522,0.8953,1.38,1.13
2014.02.03 14:56:32.758,0.89524,0.8953,1.00,1.13
2014.02.03 14:56:33.088,0.89522,0.8953,1.13,1.00
2014.02.03 14:56:34.340,0.89522,0.8953,1.00,1.98
2014.02.03 14:56:34.543,0.89517,0.89523,1.13,1.00
2014.02.03 14:56:34.846,0.89517,0.89527,1.00,1.10
2014.02.03 14:56:34.897,0.89515,0.89527,1.00,1.20
2014.02.03 14:56:35.278,0.89515,0.89526,1.00,2.33
2014.02.03 14:56:35.329,0.89513,0.89523,1.00,1.00
2014.02.03 14:56:35.634,0.89515,0.89523,1.00,1.18
2014.02.03 14:56:35.786,0.89515,0.89524,1.13,1.10
2014.02.03 14:56:35.837,0.89515,0.89521,1.13,1.00
2014.02.03 14:56:35.888,0.89513,0.89521,1.00,1.00
2014.02.03 14:56:36.192,0.8951,0.89521,1.20,1.00
2014.02.03 14:56:36.947,0.89509,0.8952,1.18,1.00
2014.02.03 14:56:37.182,0.89509,0.8952,1.18,1.38
2014.02.03 14:56:37.385,0.89508,0.89518,1.00,1.38
2014.02.03 14:56:37.436,0.89508,0.89518,1.00,1.45
2014.02.03 14:56:37.690,0.89504,0.89516,1.00,4.20
2014.02.03 14:56:37.791,0.89502,0.89514,1.00,1.95
2014.02.03 14:56:38.455,0.89503,0.89514,1.00,1.58
2014.02.03 14:56:38.657,0.89503,0.89514,1.38,1.20
2014.02.03 14:56:38.942,0.89503,0.89514,1.00,1.58
2014.02.03 14:56:39.303,0.89506,0.89514,1.00,1.58
2014.02.03 14:56:39.607,0.89508,0.89519,2.10,3.00
2014.02.03 14:56:39.911,0.89512,0.8952,1.00,1.50
2014.02.03 14:56:39.962,0.89512,0.89523,1.00,1.55
2014.02.03 14:56:40.064,0.89509,0.89521,1.48,1.00
2014.02.03 14:56:40.165,0.89509,0.89521,2.55,1.00
2014.02.03 14:56:40.469,0.89511,0.89523,1.88,1.18
2014.02.03 14:56:41.400,0.89511,0.89523,1.88,1.00
2014.02.03 14:56:41.502,0.89511,0.89523,1.88,1.00
2014.02.03 14:56:42.218,0.89517,0.89529,1.00,4.20
2014.02.03 14:56:42.698,0.89518,0.89526,1.73,1.00
2014.02.03 14:56:42.800,0.89518,0.8953,2.48,1.10
2014.02.03 14:56:42.952,0.8952,0.89531,1.38,1.18
2014.02.03 14:56:43.456,0.89519,0.89529,2.03,1.00
2014.02.03 14:56:44.205,0.89519,0.89531,2.78,1.50
2014.02.03 14:56:44.411,0.89519,0.89531,3.53,1.00
2014.02.03 14:56:44.639,0.89519,0.89531,2.78,1.00
2014.02.03 14:56:45.283,0.89519,0.89531,2.78,1.13
2014.02.03 14:56:45.906,0.89519,0.89527,2.03,1.00
2014.02.03 14:56:46.209,0.89517,0.89527,1.95,1.00
2014.02.03 14:56:46.482,0.89517,0.89527,4.20,1.00
2014.02.03 14:56:48.108,0.89517,0.89527,1.88,1.00
2014.02.03 14:56:48.813,0.89517,0.89527,4.20,1.00
2014.02.03 14:56:49.343,0.89517,0.89527,4.20,1.00
2014.02.03 14:56:49.669,0.89517,0.89527,4.20,1.00
2014.02.03 14:56:53.443,0.89518,0.89527,1.48,1.00
2014.02.03 14:56:53.949,0.89518,0.89526,1.95,1.00
2014.02.03 14:56:55.909,0.89518,0.89527,1.95,1.00
2014.02.03 14:56:56.365,0.89518,0.89529,1.95,1.00
2014.02.03 14:56:56.503,0.8952,0.89529,1.48,1.00
2014.02.03 14:56:57.514,0.8952,0.89529,1.48,1.00
2014.02.03 14:56:57.565,0.89518,0.89527,4.20,1.00
2014.02.03 14:56:57.717,0.89518,0.89527,4.20,1.00
2014.02.03 14:56:58.991,0.89518,0.89526,3.45,1.00
2014.02.03 14:56:59.383,0.89518,0.89526,1.20,1.00
2014.02.03 14:56:59.580,0.89518,0.89526,1.48,1.00
2014.02.03 14:56:59.981,0.89518,0.89523,1.10,1.00
2014.02.03 14:57:00.564,0.89518,0.89524,1.38,1.00
2014.02.03 14:57:00.665,0.89518,0.89527,1.38,1.00
2014.02.03 14:57:00.990,0.89516,0.89527,1.95,1.00
2014.02.03 14:57:02.918,0.89516,0.89527,4.20,1.00
2014.02.03 14:57:03.492,0.89516,0.89526,4.20,1.50
2014.02.03 14:57:03.796,0.89516,0.8952,2.93,1.00
2014.02.03 14:57:03.898,0.89514,0.8952,1.00,1.00
2014.02.03 14:57:03.949,0.8951,0.89522,3.83,1.88
2014.02.03 14:57:04.000,0.8951,0.89522,1.10,1.88
2014.02.03 14:57:04.332,0.89508,0.89519,1.50,1.38
2014.02.03 14:57:04.958,0.89508,0.89519,1.50,1.38
2014.02.03 14:57:06.495,0.89508,0.89512,1.00,1.00
2014.02.03 14:57:06.697,0.89505,0.89512,1.13,1.00
2014.02.03 14:57:06.749,0.89505,0.89516,1.13,1.00
2014.02.03 14:57:06.901,0.89508,0.89516,1.00,1.00
2014.02.03 14:57:07.204,0.89504,0.89512,1.00,1.00
2014.02.03 14:57:07.710,0.89504,0.89513,1.13,1.00
2014.02.03 14:57:09.424,0.89502,0.89513,1.00,4.13
2014.02.03 14:57:09.778,0.895,0.89511,1.00,1.20
2014.02.03 14:57:09.930,0.895,0.8951,1.00,2.33
2014.02.03 14:57:10.111,0.89497,0.89507,1.50,1.00
2014.02.03 14:57:10.661,0.89497,0.89508,1.50,1.10
2014.02.03 14:57:10.985,0.89498,0.89508,1.73,1.13
2014.02.03 14:57:11.339,0.89499,0.8951,1.10,1.50
2014.02.03 14:57:11.794,0.895,0.8951,3.00,1.00
2014.02.03 14:57:11.845,0.895,0.89512,3.83,1.00
2014.02.03 14:57:12.378,0.89502,0.89514,1.20,1.50
2014.02.03 14:57:12.963,0.89502,0.89512,1.20,1.50
2014.02.03 14:57:13.469,0.89502,0.89509,1.00,1.00
2014.02.03 14:57:13.722,0.895,0.89509,1.10,1.00
2014.02.03 14:57:15.511,0.895,0.89507,1.00,1.00
2014.02.03 14:57:16.144,0.895,0.89511,1.00,1.58
2014.02.03 14:57:17.086,0.895,0.89511,1.00,1.95
2014.02.03 14:57:18.211,0.895,0.89512,1.50,1.65
2014.02.03 14:57:18.313,0.895,0.89512,1.50,1.58
2014.02.03 14:57:18.828,0.895,0.89511,1.10,1.13
2014.02.03 14:57:19.346,0.895,0.89511,1.00,1.55
2014.02.03 14:57:19.770,0.89497,0.89508,1.88,1.00
2014.02.03 14:57:21.316,0.89499,0.89508,1.00,1.00
2014.02.03 14:57:21.623,0.89497,0.89508,1.88,1.55
2014.02.03 14:57:21.775,0.89497,0.89508,1.88,1.00
2014.02.03 14:57:21.825,0.89497,0.89508,1.88,1.23
2014.02.03 14:57:22.313,0.895,0.89508,1.00,1.00
2014.02.03 14:57:22.414,0.89497,0.89508,1.88,1.00
2014.02.03 14:57:23.623,0.89497,0.89506,1.38,1.00
2014.02.03 14:57:24.189,0.89497,0.89508,1.38,1.00
2014.02.03 14:57:24.752,0.89497,0.89509,1.38,1.10
2014.02.03 14:57:25.178,0.89497,0.89503,1.38,1.00
2014.02.03 14:57:25.381,0.89496,0.89502,1.00,1.00
2014.02.03 14:57:25.482,0.89494,0.89502,1.13,1.00
2014.02.03 14:57:25.533,0.89495,0.89507,1.13,3.08
2014.02.03 14:57:25.634,0.89497,0.89507,1.00,2.25
2014.02.03 14:57:25.685,0.89497,0.89509,1.00,1.65
2014.02.03 14:57:29.473,0.89497,0.89509,1.00,1.00
2014.02.03 14:57:30.008,0.89497,0.89511,1.00,2.78
2014.02.03 14:57:35.071,0.89497,0.89509,1.50,1.00
2014.02.03 14:57:35.173,0.895,0.89509,1.00,1.00
2014.02.03 14:57:35.274,0.895,0.89512,1.88,1.00
2014.02.03 14:57:35.325,0.89505,0.89512,1.00,1.00
2014.02.03 14:57:35.492,0.89507,0.89515,1.00,1.00
2014.02.03 14:57:35.735,0.89507,0.89518,1.18,1.00
2014.02.03 14:57:37.269,0.89506,0.89517,3.08,1.00
2014.02.03 14:57:38.029,0.89506,0.89518,3.08,1.50
2014.02.03 14:57:39.093,0.89506,0.89517,4.20,1.00
2014.02.03 14:57:39.346,0.89511,0.89521,1.38,1.10
2014.02.03 14:57:39.599,0.89509,0.89518,1.00,1.00
2014.02.03 14:57:39.650,0.89509,0.89515,1.00,1.00
2014.02.03 14:57:39.752,0.89509,0.89517,1.00,1.00
2014.02.03 14:57:40.549,0.89506,0.89517,3.08,1.00
2014.02.03 14:57:41.804,0.89509,0.89517,1.00,1.00
2014.02.03 14:57:42.333,0.89509,0.89518,1.00,1.13
2014.02.03 14:57:42.879,0.89509,0.89517,1.00,1.00
2014.02.03 14:57:43.888,0.89509,0.89518,1.00,1.13
2014.02.03 14:57:45.291,0.89509,0.89515,1.00,1.00
2014.02.03 14:57:46.400,0.89506,0.89515,1.00,1.00
2014.02.03 14:57:46.938,0.89506,0.89518,1.38,1.65
2014.02.03 14:57:47.242,0.89518,0.89523,1.35,1.18
2014.02.03 14:57:47.293,0.89518,0.89524,1.35,1.50
2014.02.03 14:57:47.445,0.89516,0.89525,1.00,1.50
2014.02.03 14:57:47.827,0.89517,0.89529,1.35,1.18
2014.02.03 14:57:48.369,0.89518,0.89529,1.00,1.00
2014.02.03 14:57:48.675,0.89519,0.89529,1.88,1.10
2014.02.03 14:57:48.979,0.89522,0.89533,3.08,1.50
2014.02.03 14:57:49.490,0.89523,0.89532,1.00,1.00
2014.02.03 14:57:50.373,0.89523,0.8953,1.00,1.00
2014.02.03 14:57:55.750,0.89523,0.89532,1.00,1.00
2014.02.03 14:57:56.199,0.8952,0.89532,1.00,2.33
2014.02.03 14:57:56.251,0.8952,0.89532,1.00,4.50
2014.02.03 14:57:56.607,0.89517,0.89529,1.10,1.50
2014.02.03 14:57:58.474,0.89517,0.89529,1.28,1.00
2014.02.03 14:57:58.995,0.89517,0.89529,3.45,1.00
2014.02.03 14:58:00.405,0.89517,0.89529,2.18,1.00
2014.02.03 14:58:00.607,0.89517,0.89528,3.08,1.00
2014.02.03 14:58:00.912,0.89517,0.89529,1.10,1.50
2014.02.03 14:58:01.164,0.89516,0.89527,1.18,1.00
2014.02.03 14:58:02.250,0.89515,0.89526,3.75,1.00
2014.02.03 14:58:02.504,0.89515,0.89526,1.00,1.45
2014.02.03 14:58:02.605,0.89511,0.89523,1.10,1.00
2014.02.03 14:58:04.738,0.89511,0.89523,1.48,1.00
2014.02.03 14:58:05.042,0.89513,0.89525,1.20,1.13
2014.02.03 14:58:05.409,0.89513,0.89525,1.48,1.13
2014.02.03 14:58:12.909,0.89513,0.89525,1.48,1.00
2014.02.03 14:58:14.905,0.89512,0.89523,3.45,1.00
2014.02.03 14:58:15.214,0.89512,0.89523,1.48,1.38
2014.02.03 14:58:15.720,0.89512,0.89523,1.48,1.13
2014.02.03 14:58:16.217,0.89511,0.89523,1.10,1.38
2014.02.03 14:58:16.722,0.89511,0.89523,1.00,3.45
2014.02.03 14:58:18.305,0.89511,0.89523,1.00,3.45
2014.02.03 14:58:18.457,0.89513,0.89524,1.00,1.95
2014.02.03 14:58:20.855,0.89513,0.89525,1.00,1.55
2014.02.03 14:58:20.957,0.89513,0.89525,1.00,1.55
2014.02.03 14:58:21.058,0.89515,0.89527,1.00,1.48
2014.02.03 14:58:22.046,0.89513,0.89525,1.18,1.38
2014.02.03 14:58:22.403,0.89515,0.89526,1.00,1.55
2014.02.03 14:58:27.273,0.89509,0.8952,1.00,2.33
2014.02.03 14:58:27.375,0.89512,0.89524,1.00,2.03
2014.02.03 14:58:27.577,0.89515,0.89524,1.00,1.55
2014.02.03 14:58:27.875,0.89513,0.89524,1.00,1.55
2014.02.03 14:58:28.381,0.89513,0.89525,1.50,1.48
2014.02.03 14:58:28.432,0.89515,0.89527,1.00,3.45
2014.02.03 14:58:30.259,0.89515,0.89527,1.00,3.45
2014.02.03 14:58:30.613,0.89515,0.89527,1.10,1.88
2014.02.03 14:58:31.227,0.89515,0.89527,1.00,1.55
2014.02.03 14:58:33.430,0.89515,0.89527,1.00,1.55
2014.02.03 14:58:34.932,0.89513,0.89525,2.33,1.38
2014.02.03 14:58:35.760,0.89513,0.89525,1.10,1.38
2014.02.03 14:58:35.912,0.89515,0.89526,1.00,3.45
2014.02.03 14:58:36.755,0.89515,0.89527,1.00,2.03
2014.02.03 14:58:37.310,0.89515,0.89527,1.00,2.03
2014.02.03 14:58:38.379,0.89515,0.89527,1.00,2.03
2014.02.03 14:58:41.325,0.89512,0.89524,1.48,1.95
2014.02.03 14:58:41.376,0.89512,0.89524,1.08,1.88
2014.02.03 14:58:41.882,0.89509,0.89521,1.00,2.03
2014.02.03 14:58:42.342,0.89509,0.89521,1.00,2.03
2014.02.03 14:58:45.529,0.89509,0.89521,1.00,2.03
2014.02.03 14:58:47.881,0.89509,0.89521,1.00,1.58
2014.02.03 14:58:53.051,0.89509,0.89519,1.00,1.00
2014.02.03 14:58:53.102,0.89506,0.89518,1.50,1.10
2014.02.03 14:58:53.204,0.89506,0.89517,1.50,1.18
2014.02.03 14:58:53.458,0.89507,0.89518,1.00,1.00
2014.02.03 14:58:54.311,0.8951,0.89518,1.00,1.00
2014.02.03 14:58:54.685,0.89511,0.89523,1.00,1.58
2014.02.03 14:58:55.711,0.89511,0.89519,1.00,1.00
2014.02.03 14:58:55.915,0.89511,0.89521,1.00,1.00
2014.02.03 14:58:56.122,0.89509,0.8952,1.10,2.25
2014.02.03 14:58:57.191,0.89511,0.89521,1.00,2.33
2014.02.03 14:58:57.394,0.89511,0.89523,1.00,1.58
2014.02.03 14:58:57.695,0.89514,0.89523,1.00,1.10
2014.02.03 14:58:58.937,0.89514,0.89522,1.00,1.18
2014.02.03 14:58:59.240,0.89511,0.89521,1.00,2.33
2014.02.03 14:59:00.394,0.89511,0.89522,1.00,3.08
2014.02.03 14:59:00.495,0.89509,0.89521,1.00,1.10
2014.02.03 14:59:00.749,0.89509,0.89521,1.00,3.00
2014.02.03 14:59:01.013,0.89506,0.89518,1.50,1.00
2014.02.03 14:59:03.067,0.89508,0.89518,1.00,1.00
2014.02.03 14:59:03.219,0.89508,0.8952,1.58,1.00
2014.02.03 14:59:03.527,0.8951,0.89522,1.00,1.18
2014.02.03 14:59:04.512,0.8951,0.89522,1.00,1.00
2014.02.03 14:59:04.816,0.8951,0.89515,1.00,1.00
2014.02.03 14:59:04.969,0.89507,0.89513,1.00,1.10
2014.02.03 14:59:05.020,0.89505,0.89513,1.00,1.10
2014.02.03 14:59:05.071,0.89502,0.89513,1.00,1.43
2014.02.03 14:59:05.324,0.895,0.89512,1.10,1.00
2014.02.03 14:59:05.425,0.895,0.8951,1.10,1.00
2014.02.03 14:59:05.628,0.89497,0.89509,1.58,1.00
2014.02.03 14:59:05.679,0.89497,0.89509,3.83,1.00
2014.02.03 14:59:05.934,0.89499,0.89511,1.10,1.00
2014.02.03 14:59:06.743,0.89501,0.89513,1.00,1.65
2014.02.03 14:59:08.617,0.89499,0.89511,1.10,1.00
2014.02.03 14:59:11.898,0.89501,0.89513,1.00,1.65
2014.02.03 14:59:13.379,0.89501,0.89513,1.00,3.75
2014.02.03 14:59:13.682,0.89498,0.8951,1.58,1.00
2014.02.03 14:59:14.642,0.895,0.89512,1.00,1.10
2014.02.03 14:59:14.998,0.89498,0.8951,1.65,1.00
2014.02.03 14:59:15.571,0.89498,0.8951,1.50,1.00
2014.02.03 14:59:16.528,0.89496,0.89508,1.65,1.00
2014.02.03 14:59:16.871,0.895,0.89508,1.00,1.00
2014.02.03 14:59:17.074,0.89502,0.89514,1.00,1.10
2014.02.03 14:59:17.175,0.895,0.89512,3.08,1.00
2014.02.03 14:59:17.428,0.89503,0.89515,1.00,1.50
2014.02.03 14:59:17.529,0.89503,0.89515,1.00,3.75
2014.02.03 14:59:17.984,0.89501,0.89513,1.00,1.10
2014.02.03 14:59:18.521,0.89501,0.89513,1.00,1.58
2014.02.03 14:59:18.925,0.89501,0.89511,1.00,2.63
2014.02.03 14:59:18.976,0.89498,0.8951,1.00,1.08
2014.02.03 14:59:19.280,0.89501,0.8951,1.00,1.08
2014.02.03 14:59:19.382,0.89501,0.89512,1.10,1.00
2014.02.03 14:59:19.900,0.89501,0.89512,1.18,1.00
2014.02.03 14:59:20.858,0.895,0.89512,1.10,1.00
2014.02.03 14:59:21.755,0.895,0.89512,1.00,1.18
2014.02.03 14:59:21.932,0.89503,0.89512,1.00,2.33
2014.02.03 14:59:22.355,0.89501,0.89512,1.00,2.33
2014.02.03 14:59:22.666,0.89501,0.8951,1.00,2.25
2014.02.03 14:59:22.921,0.89497,0.89508,1.00,2.33
2014.02.03 14:59:24.367,0.89497,0.89505,1.00,1.00
2014.02.03 14:59:24.874,0.89494,0.89505,1.00,1.10
2014.02.03 14:59:25.250,0.89494,0.89505,1.00,1.85
2014.02.03 14:59:25.762,0.89492,0.89504,3.00,3.60
2014.02.03 14:59:25.813,0.89492,0.89504,1.00,3.68
2014.02.03 14:59:26.406,0.8949,0.89502,1.18,1.35
2014.02.03 14:59:26.810,0.89491,0.89502,2.18,1.00
2014.02.03 14:59:26.861,0.89493,0.89505,1.35,1.65
2014.02.03 14:59:26.963,0.89495,0.89506,1.50,2.25
2014.02.03 14:59:27.014,0.89495,0.89507,1.50,1.58
2014.02.03 14:59:27.318,0.89495,0.89507,4.58,1.00
2014.02.03 14:59:27.621,0.895,0.89512,1.10,1.00
2014.02.03 14:59:28.081,0.89504,0.89515,1.00,1.10
2014.02.03 14:59:28.617,0.89504,0.89516,1.10,1.00
2014.02.03 14:59:30.128,0.89504,0.89514,1.00,2.33
2014.02.03 14:59:30.179,0.89501,0.89514,2.25,2.33
2014.02.03 14:59:30.432,0.89503,0.89516,1.00,2.33
2014.02.03 14:59:30.786,0.89504,0.89519,1.00,3.08
2014.02.03 14:59:31.089,0.89507,0.89519,1.00,2.33
2014.02.03 14:59:31.597,0.89507,0.89521,1.00,2.93
2014.02.03 14:59:31.951,0.89509,0.89521,1.00,2.33
2014.02.03 14:59:32.255,0.8951,0.89523,1.50,2.33
2014.02.03 14:59:32.306,0.8951,0.89525,1.00,3.08
2014.02.03 14:59:32.811,0.89515,0.89527,2.33,1.00
2014.02.03 14:59:33.060,0.89509,0.89525,3.83,1.18
2014.02.03 14:59:34.808,0.89509,0.89523,2.33,1.00
2014.02.03 14:59:35.112,0.89508,0.89523,1.58,1.18
2014.02.03 14:59:36.031,0.89507,0.89522,1.10,2.33
2014.02.03 14:59:36.334,0.89505,0.89519,1.00,2.33
2014.02.03 14:59:37.036,0.89504,0.89518,1.00,1.18
2014.02.03 14:59:37.367,0.895,0.89515,1.10,2.33
2014.02.03 14:59:37.976,0.89501,0.89515,2.25,2.25
2014.02.03 14:59:38.158,0.89502,0.89516,2.33,1.00
2014.02.03 14:59:38.602,0.89504,0.89516,2.33,1.50
2014.02.03 14:59:39.056,0.89501,0.89516,2.33,1.58
2014.02.03 14:59:40.694,0.89505,0.89518,1.00,2.33
2014.02.03 14:59:40.998,0.89507,0.89518,1.00,2.25
2014.02.03 14:59:41.049,0.89507,0.8952,1.00,2.33
2014.02.03 14:59:41.150,0.89507,0.89522,1.10,2.33
2014.02.03 14:59:41.252,0.89509,0.89523,2.33,1.00
2014.02.03 14:59:41.640,0.89512,0.89523,2.33,1.00
2014.02.03 14:59:41.960,0.89512,0.89525,2.33,1.00
2014.02.03 14:59:42.062,0.89514,0.89525,2.33,1.00
2014.02.03 14:59:43.333,0.89509,0.89523,1.50,2.33
2014.02.03 14:59:43.536,0.89509,0.89521,1.00,2.33
2014.02.03 14:59:43.880,0.89507,0.89521,1.00,2.33
2014.02.03 14:59:44.138,0.89509,0.89521,1.00,2.33
2014.02.03 14:59:44.699,0.89512,0.89521,1.00,2.33
2014.02.03 14:59:44.952,0.89511,0.89523,1.50,2.25
2014.02.03 14:59:45.103,0.89511,0.89526,1.50,1.18
2014.02.03 14:59:45.804,0.89513,0.89527,1.00,2.33
2014.02.03 14:59:45.957,0.89513,0.89529,1.00,3.08
2014.02.03 14:59:46.708,0.89513,0.89529,1.08,1.15
2014.02.03 14:59:47.120,0.89517,0.8953,1.00,2.33
2014.02.03 14:59:47.273,0.89517,0.89532,1.18,1.18
2014.02.03 14:59:48.179,0.89516,0.89529,3.08,1.00
2014.02.03 14:59:48.739,0.89516,0.89528,3.08,1.00
2014.02.03 14:59:49.290,0.89516,0.89532,3.08,1.65
2014.02.03 14:59:49.593,0.89519,0.89534,2.33,1.58
2014.02.03 14:59:49.896,0.89518,0.89534,1.18,3.83
2014.02.03 14:59:50.778,0.8952,0.89534,1.00,2.33
2014.02.03 14:59:50.880,0.89519,0.89536,2.33,2.33
2014.02.03 14:59:51.133,0.89521,0.89538,2.33,1.18
2014.02.03 14:59:51.348,0.89517,0.89537,2.33,2.33
2014.02.03 14:59:51.651,0.89521,0.89537,2.25,2.25
2014.02.03 14:59:51.804,0.89522,0.89538,2.33,1.00
2014.02.03 14:59:52.009,0.89522,0.89541,2.33,1.18
2014.02.03 14:59:52.111,0.89528,0.89541,2.25,1.10
2014.02.03 14:59:52.213,0.89528,0.89534,2.33,1.00
2014.02.03 14:59:52.315,0.89523,0.89534,1.18,1.00
2014.02.03 14:59:52.417,0.89518,0.89534,2.33,1.10
2014.02.03 14:59:52.470,0.89517,0.89534,4.50,3.00
2014.02.03 14:59:52.960,0.89516,0.89522,2.25,1.00
2014.02.03 14:59:53.112,0.89516,0.89531,2.25,2.25
2014.02.03 14:59:53.163,0.89513,0.8953,3.08,2.33
2014.02.03 14:59:53.264,0.89515,0.89532,2.33,2.33
2014.02.03 14:59:53.518,0.89519,0.89536,2.33,1.10
2014.02.03 14:59:53.861,0.89514,0.89529,2.10,1.00
2014.02.03 14:59:53.963,0.89516,0.89524,4.51,1.00
2014.02.03 14:59:54.065,0.89517,0.89527,2.33,1.00
2014.02.03 14:59:54.167,0.89512,0.89527,2.33,1.00
2014.02.03 14:59:54.268,0.89518,0.89533,2.33,1.00
2014.02.03 14:59:54.791,0.89517,0.89533,2.33,1.18
2014.02.03 14:59:55.737,0.89505,0.89533,1.00,1.50
2014.02.03 14:59:57.480,0.89508,0.89536,1.00,1.00
2014.02.03 14:59:57.990,0.89509,0.89537,1.00,1.00
2014.02.03 14:59:59.241,0.89509,0.89535,1.00,1.00
