2010.06.22 18:00:00.543,0.79515,0.7954,5.60,1.60
2010.06.22 18:00:00.861,0.79515,0.7954,1.00,3.10
2010.06.22 18:00:01.179,0.7951,0.79535,5.60,1.50
2010.06.22 18:00:01.495,0.7951,0.79535,1.60,1.50
2010.06.22 18:00:02.002,0.79505,0.79535,13.20,1.50
2010.06.22 18:00:02.353,0.7951,0.79535,6.40,1.50
2010.06.22 18:00:02.703,0.7951,0.7954,4.00,13.50
2010.06.22 18:00:03.048,0.7951,0.7954,8.00,7.10
2010.06.22 18:00:03.909,0.7951,0.7954,5.60,7.10
2010.06.22 18:00:04.250,0.7951,0.7954,5.70,7.10
2010.06.22 18:00:04.360,0.7951,0.7954,5.60,7.10
2010.06.22 18:00:04.466,0.7951,0.79535,5.60,1.00
2010.06.22 18:00:04.576,0.7951,0.79535,1.00,3.10
2010.06.22 18:00:05.203,0.79505,0.7953,11.20,1.00
2010.06.22 18:00:06.097,0.79505,0.79525,9.60,1.60
2010.06.22 18:00:06.438,0.79505,0.7953,1.00,13.50
2010.06.22 18:00:07.130,0.79505,0.7953,1.00,11.10
2010.06.22 18:00:08.587,0.795,0.79525,1.60,4.70
2010.06.22 18:00:09.386,0.79495,0.7952,1.60,1.00
2010.06.22 18:00:10.876,0.795,0.79525,2.40,5.50
2010.06.22 18:00:11.070,0.795,0.79525,2.50,5.50
2010.06.22 18:00:11.703,0.795,0.79525,3.30,1.00
2010.06.22 18:00:12.048,0.795,0.79525,3.20,1.00
2010.06.22 18:00:12.727,0.79505,0.7953,1.00,11.10
2010.06.22 18:00:14.011,0.79505,0.7953,1.00,7.10
2010.06.22 18:00:16.734,0.79505,0.7953,1.00,11.10
2010.06.22 18:00:17.058,0.79505,0.7953,1.00,13.50
2010.06.22 18:00:20.989,0.795,0.7953,1.60,13.50
2010.06.22 18:00:24.576,0.795,0.7953,1.60,14.30
2010.06.22 18:00:24.607,0.795,0.79525,1.60,2.40
2010.06.22 18:00:24.626,0.795,0.79525,1.60,3.20
2010.06.22 18:00:24.647,0.795,0.79525,1.60,4.00
2010.06.22 18:00:24.676,0.79495,0.7952,12.10,1.50
2010.06.22 18:00:25.168,0.79495,0.7952,12.00,1.50
2010.06.22 18:00:25.192,0.7949,0.79515,2.40,1.60
2010.06.22 18:00:25.266,0.7949,0.79515,2.40,2.30
2010.06.22 18:00:25.296,0.7949,0.79515,2.40,3.10
2010.06.22 18:00:29.982,0.79485,0.79515,14.40,3.10
2010.06.22 18:00:30.147,0.79485,0.79515,4.00,13.50
2010.06.22 18:00:30.465,0.79485,0.79515,1.60,14.30
2010.06.22 18:00:30.626,0.79485,0.7951,1.60,1.50
2010.06.22 18:00:38.538,0.79485,0.7951,1.60,3.10
2010.06.22 18:00:39.169,0.7948,0.79505,1.60,2.30
2010.06.22 18:00:39.336,0.7948,0.79505,1.00,7.10
2010.06.22 18:00:39.505,0.79475,0.79505,6.00,7.10
2010.06.22 18:00:39.676,0.79475,0.79505,5.60,7.10
2010.06.22 18:00:40.619,0.79475,0.79505,1.60,13.50
2010.06.22 18:00:41.887,0.79475,0.79505,1.60,11.10
2010.06.22 18:00:47.795,0.79475,0.795,1.60,6.30
2010.06.22 18:00:48.046,0.79475,0.795,1.60,1.00
2010.06.22 18:00:48.219,0.79475,0.795,1.60,2.30
2010.06.22 18:00:48.389,0.7947,0.795,8.40,7.10
2010.06.22 18:00:49.065,0.7947,0.795,10.80,1.50
2010.06.22 18:00:49.666,0.7947,0.795,10.90,1.50
2010.06.22 18:00:51.494,0.79475,0.795,1.60,1.00
2010.06.22 18:00:58.392,0.79475,0.79495,1.00,1.60
2010.06.22 18:00:58.505,0.7947,0.79495,4.40,3.10
2010.06.22 18:01:00.541,0.7947,0.79495,4.40,1.50
2010.06.22 18:01:01.424,0.7948,0.795,1.60,1.00
2010.06.22 18:01:01.657,0.79475,0.795,1.60,2.30
2010.06.22 18:01:02.000,0.79475,0.795,1.00,6.30
2010.06.22 18:01:05.625,0.79475,0.795,1.00,4.70
2010.06.22 18:01:05.735,0.79475,0.795,1.00,5.50
2010.06.22 18:01:05.845,0.79475,0.795,1.00,4.70
2010.06.22 18:01:06.364,0.79475,0.795,1.00,1.00
2010.06.22 18:01:06.711,0.79475,0.795,1.00,2.30
2010.06.22 18:01:07.057,0.79475,0.795,1.00,7.10
2010.06.22 18:01:09.411,0.7947,0.795,7.60,7.10
2010.06.22 18:01:10.137,0.7947,0.795,11.60,3.10
2010.06.22 18:01:10.756,0.7947,0.79495,14.00,1.00
2010.06.22 18:01:10.989,0.7947,0.79495,7.60,1.00
2010.06.22 18:01:11.686,0.7947,0.7949,2.40,1.00
2010.06.22 18:01:12.223,0.79465,0.79485,10.40,2.30
2010.06.22 18:01:12.574,0.7946,0.79485,1.60,1.00
2010.06.22 18:01:12.918,0.7946,0.79485,5.60,1.00
2010.06.22 18:01:14.088,0.7946,0.79485,12.00,1.00
2010.06.22 18:01:14.428,0.7946,0.79485,5.60,1.00
2010.06.22 18:01:14.705,0.7946,0.79485,8.00,1.00
2010.06.22 18:01:14.845,0.7946,0.79485,12.00,1.00
2010.06.22 18:01:16.036,0.7946,0.79485,5.60,1.00
2010.06.22 18:01:17.435,0.7946,0.79485,1.60,1.00
2010.06.22 18:01:18.245,0.79455,0.79485,12.40,1.50
2010.06.22 18:01:18.595,0.79455,0.79485,6.00,5.50
2010.06.22 18:01:19.212,0.79455,0.79485,8.40,5.50
2010.06.22 18:01:19.727,0.79455,0.79485,12.40,1.50
2010.06.22 18:01:20.406,0.79455,0.79485,16.40,1.50
2010.06.22 18:01:20.866,0.79455,0.79485,14.00,1.50
2010.06.22 18:01:22.336,0.79455,0.79485,14.10,1.50
2010.06.22 18:01:22.585,0.79455,0.79485,14.00,1.50
2010.06.22 18:01:22.818,0.79455,0.7948,11.20,1.60
2010.06.22 18:01:23.264,0.79455,0.7948,3.20,1.60
2010.06.22 18:01:25.015,0.79455,0.79485,9.60,5.50
2010.06.22 18:01:25.185,0.79455,0.79485,11.20,1.50
2010.06.22 18:01:25.355,0.79455,0.79485,9.60,5.50
2010.06.22 18:01:25.694,0.79455,0.79485,13.60,1.50
2010.06.22 18:01:26.558,0.79455,0.79485,7.20,5.50
2010.06.22 18:01:26.767,0.79455,0.79485,7.30,5.50
2010.06.22 18:01:27.225,0.79455,0.79485,11.30,5.50
2010.06.22 18:01:27.455,0.79455,0.79485,13.70,1.50
2010.06.22 18:01:29.288,0.79455,0.79485,12.00,3.90
2010.06.22 18:01:31.275,0.79455,0.79485,13.60,1.50
2010.06.22 18:01:32.646,0.79455,0.79485,11.60,1.50
2010.06.22 18:01:33.366,0.79455,0.7948,9.60,2.40
2010.06.22 18:01:33.987,0.79455,0.79475,1.00,1.00
2010.06.22 18:01:34.303,0.7945,0.79475,1.20,1.50
2010.06.22 18:01:37.003,0.7945,0.79475,1.00,1.50
2010.06.22 18:01:48.144,0.7945,0.79475,1.00,1.50
2010.06.22 18:01:49.597,0.7945,0.79475,8.80,1.50
2010.06.22 18:01:49.719,0.79455,0.79475,1.60,1.50
2010.06.22 18:01:50.595,0.79455,0.7948,1.60,1.50
2010.06.22 18:01:51.056,0.79455,0.7948,1.60,3.10
2010.06.22 18:01:53.043,0.7945,0.7948,5.60,10.30
2010.06.22 18:01:53.208,0.7945,0.7948,14.40,1.50
2010.06.22 18:01:53.952,0.7945,0.79475,7.20,1.00
2010.06.22 18:01:54.198,0.7945,0.79475,13.60,1.00
2010.06.22 18:01:54.441,0.7945,0.7947,3.20,1.60
2010.06.22 18:01:54.690,0.79445,0.7947,1.60,3.10
2010.06.22 18:01:54.937,0.79445,0.79465,1.60,1.00
2010.06.22 18:01:55.744,0.7944,0.79465,5.60,1.00
2010.06.22 18:01:58.008,0.79445,0.79465,1.60,1.00
2010.06.22 18:01:58.595,0.7944,0.79465,1.60,1.00
2010.06.22 18:01:59.644,0.7944,0.79465,8.80,1.00
2010.06.22 18:02:01.294,0.7944,0.79465,4.80,1.00
2010.06.22 18:02:01.551,0.7944,0.79465,5.60,1.00
2010.06.22 18:02:03.216,0.7944,0.79465,5.60,5.50
2010.06.22 18:02:03.804,0.79435,0.79465,2.40,11.90
2010.06.22 18:02:03.963,0.79435,0.79465,12.80,1.50
2010.06.22 18:02:05.015,0.79435,0.79465,12.00,1.50
2010.06.22 18:02:05.627,0.79435,0.79465,12.10,1.50
2010.06.22 18:02:05.777,0.79435,0.79465,12.00,1.50
2010.06.22 18:02:06.315,0.79435,0.7946,12.00,1.60
2010.06.22 18:02:06.557,0.79435,0.79465,12.00,1.50
2010.06.22 18:02:07.300,0.79435,0.79455,11.20,1.00
2010.06.22 18:02:07.537,0.79435,0.79455,8.00,2.40
2010.06.22 18:02:08.270,0.79435,0.7946,1.60,5.50
2010.06.22 18:02:08.573,0.79435,0.79465,12.00,1.50
2010.06.22 18:02:08.860,0.79435,0.79465,1.60,11.90
2010.06.22 18:02:10.144,0.79435,0.79465,1.60,9.50
2010.06.22 18:02:10.370,0.79435,0.7946,1.60,8.00
2010.06.22 18:02:10.605,0.79435,0.7946,3.20,8.00
2010.06.22 18:02:10.829,0.79435,0.79465,5.60,5.50
2010.06.22 18:02:11.059,0.79435,0.79465,1.60,11.90
2010.06.22 18:02:13.019,0.79435,0.7946,1.60,1.60
2010.06.22 18:02:13.108,0.79435,0.7946,1.60,2.30
2010.06.22 18:02:13.289,0.79435,0.7946,1.00,2.30
2010.06.22 18:02:13.377,0.7943,0.7946,6.40,2.30
2010.06.22 18:02:13.832,0.7943,0.7946,6.40,3.10
2010.06.22 18:02:13.929,0.7943,0.7946,5.60,3.10
2010.06.22 18:02:15.939,0.7943,0.7946,5.60,3.90
2010.06.22 18:02:16.435,0.7943,0.7946,5.60,7.90
2010.06.22 18:02:16.686,0.7943,0.7946,5.60,3.90
2010.06.22 18:02:16.935,0.7943,0.7946,8.00,3.90
2010.06.22 18:02:17.548,0.7943,0.7946,12.00,4.00
2010.06.22 18:02:17.886,0.7943,0.7946,12.00,3.90
2010.06.22 18:02:20.268,0.7943,0.7946,5.60,3.90
2010.06.22 18:02:21.806,0.7943,0.7946,6.40,3.10
2010.06.22 18:02:21.977,0.7943,0.7946,15.20,1.50
2010.06.22 18:02:22.145,0.79435,0.7946,1.60,2.30
2010.06.22 18:02:23.290,0.7943,0.79455,1.60,1.60
2010.06.22 18:02:23.477,0.7943,0.7946,1.60,11.90
2010.06.22 18:02:23.577,0.7943,0.7946,5.60,7.10
2010.06.22 18:02:23.676,0.7943,0.7946,8.00,5.50
2010.06.22 18:02:23.778,0.7943,0.7946,15.20,1.50
2010.06.22 18:02:23.875,0.7943,0.7946,12.80,3.10
2010.06.22 18:02:23.976,0.7943,0.7946,6.40,3.10
2010.06.22 18:02:24.929,0.7943,0.7946,15.20,1.50
2010.06.22 18:02:25.199,0.7943,0.79455,8.00,1.60
2010.06.22 18:02:25.467,0.7943,0.79455,1.60,5.60
2010.06.22 18:02:27.131,0.7943,0.7945,1.60,1.60
2010.06.22 18:02:27.391,0.7942,0.79445,11.20,1.60
2010.06.22 18:02:27.646,0.7942,0.79445,3.20,1.60
2010.06.22 18:02:30.625,0.7942,0.7945,3.20,11.10
2010.06.22 18:02:30.745,0.7942,0.7945,3.20,13.50
2010.06.22 18:02:30.986,0.7942,0.7945,7.20,3.10
2010.06.22 18:02:31.109,0.7942,0.7945,7.30,3.10
2010.06.22 18:02:32.367,0.7942,0.7945,3.30,13.50
2010.06.22 18:02:32.711,0.7942,0.79445,3.20,1.60
2010.06.22 18:02:38.145,0.7942,0.7944,3.20,1.00
2010.06.22 18:02:38.307,0.79415,0.79435,5.60,1.00
2010.06.22 18:02:38.468,0.79415,0.7944,1.60,6.30
2010.06.22 18:02:38.627,0.7942,0.7944,1.60,1.50
2010.06.22 18:02:42.291,0.79415,0.7944,2.40,1.50
2010.06.22 18:02:42.457,0.7942,0.7944,1.60,1.50
2010.06.22 18:02:50.446,0.79415,0.7944,2.40,6.30
2010.06.22 18:02:50.576,0.79415,0.79435,1.60,1.50
2010.06.22 18:02:56.883,0.7942,0.79445,2.40,3.10
2010.06.22 18:02:58.507,0.7942,0.79445,3.20,1.50
2010.06.22 18:03:02.485,0.7942,0.7945,3.20,13.50
2010.06.22 18:03:02.719,0.79425,0.7945,1.60,1.00
2010.06.22 18:03:02.948,0.79425,0.79455,1.60,12.70
2010.06.22 18:03:03.506,0.79425,0.7945,1.60,1.00
2010.06.22 18:03:03.785,0.79425,0.7945,11.20,1.00
2010.06.22 18:03:04.058,0.79425,0.7945,13.60,1.00
2010.06.22 18:03:04.596,0.79425,0.7945,11.20,1.50
2010.06.22 18:03:06.005,0.79425,0.7945,11.20,1.00
2010.06.22 18:03:06.155,0.79425,0.7945,13.60,1.00
2010.06.22 18:03:06.255,0.79425,0.79445,12.00,1.50
2010.06.22 18:03:06.406,0.79425,0.79445,1.60,1.50
2010.06.22 18:03:07.465,0.7942,0.79445,2.40,3.10
2010.06.22 18:03:14.322,0.7942,0.79445,2.40,2.40
2010.06.22 18:03:14.340,0.7942,0.79445,3.20,1.60
2010.06.22 18:03:14.526,0.79425,0.7945,1.60,3.10
2010.06.22 18:03:15.194,0.79425,0.7945,12.00,1.50
2010.06.22 18:03:15.376,0.79425,0.7945,9.60,1.50
2010.06.22 18:03:17.226,0.79425,0.7945,8.00,1.50
2010.06.22 18:03:17.495,0.7942,0.7945,16.00,1.50
2010.06.22 18:03:18.846,0.7942,0.7945,9.60,1.50
2010.06.22 18:03:19.536,0.79425,0.7945,1.60,1.50
2010.06.22 18:03:19.728,0.79425,0.7945,12.80,1.00
2010.06.22 18:03:19.917,0.79425,0.79455,16.00,1.50
2010.06.22 18:03:20.637,0.79435,0.7946,1.00,13.50
2010.06.22 18:03:20.807,0.79435,0.7946,1.00,1.50
2010.06.22 18:03:21.152,0.79435,0.7946,1.60,1.00
2010.06.22 18:03:21.733,0.79435,0.79465,1.60,9.50
2010.06.22 18:03:22.083,0.7944,0.7947,12.00,1.50
2010.06.22 18:03:22.427,0.7944,0.7947,14.40,1.50
2010.06.22 18:03:23.866,0.7944,0.7947,14.40,3.10
2010.06.22 18:03:23.968,0.7944,0.7947,8.00,7.10
2010.06.22 18:03:24.068,0.7944,0.7947,1.60,13.50
2010.06.22 18:03:24.449,0.7944,0.7947,4.00,11.90
2010.06.22 18:03:24.953,0.7944,0.7947,6.40,9.50
2010.06.22 18:03:25.264,0.79445,0.7947,16.00,1.50
2010.06.22 18:03:26.947,0.7945,0.79475,1.00,1.50
2010.06.22 18:03:28.417,0.7945,0.79475,1.60,1.00
2010.06.22 18:03:28.893,0.7945,0.7948,1.60,16.70
2010.06.22 18:03:28.953,0.7945,0.7948,8.00,1.50
2010.06.22 18:03:29.007,0.7945,0.7948,8.80,1.50
2010.06.22 18:03:29.156,0.79455,0.7948,1.00,1.50
2010.06.22 18:03:30.349,0.79455,0.7948,1.00,5.50
2010.06.22 18:03:30.687,0.79455,0.7948,1.00,7.90
2010.06.22 18:03:30.917,0.79455,0.7948,1.00,11.90
2010.06.22 18:03:31.366,0.79455,0.7948,1.00,9.50
2010.06.22 18:03:32.294,0.79455,0.7948,1.00,11.90
2010.06.22 18:03:32.497,0.79455,0.7948,1.00,9.50
2010.06.22 18:03:32.903,0.79455,0.7948,1.00,15.90
2010.06.22 18:03:33.551,0.79455,0.7948,1.00,11.90
2010.06.22 18:03:34.239,0.79455,0.7948,1.00,7.90
2010.06.22 18:03:35.012,0.79455,0.7948,10.40,1.50
2010.06.22 18:03:35.323,0.79455,0.79485,13.60,1.50
2010.06.22 18:03:36.286,0.79455,0.7948,3.20,1.60
2010.06.22 18:03:36.796,0.79455,0.79485,3.20,11.90
2010.06.22 18:03:37.275,0.79455,0.79485,7.20,7.90
2010.06.22 18:03:37.569,0.79455,0.79485,11.20,2.30
2010.06.22 18:03:37.790,0.79455,0.7948,1.60,3.10
2010.06.22 18:03:38.005,0.7945,0.7947,9.60,1.60
2010.06.22 18:03:38.649,0.7944,0.7947,1.60,9.50
2010.06.22 18:03:38.986,0.7944,0.7947,5.60,5.50
2010.06.22 18:03:39.327,0.7944,0.7947,9.60,1.50
2010.06.22 18:03:40.017,0.7944,0.7947,12.10,1.50
2010.06.22 18:03:47.105,0.7944,0.7947,5.70,5.50
2010.06.22 18:03:48.259,0.7944,0.7947,6.50,5.50
2010.06.22 18:03:48.514,0.79435,0.7946,1.00,1.50
2010.06.22 18:03:51.913,0.79435,0.79465,9.60,1.50
2010.06.22 18:03:53.897,0.7944,0.79465,4.00,1.50
2010.06.22 18:03:55.061,0.79435,0.7946,1.00,3.10
2010.06.22 18:03:55.407,0.79435,0.7946,1.00,7.10
2010.06.22 18:03:55.937,0.79435,0.7946,1.00,7.90
2010.06.22 18:03:56.470,0.7943,0.7946,5.60,14.30
2010.06.22 18:03:56.764,0.79425,0.7945,1.00,12.70
2010.06.22 18:03:57.040,0.79425,0.7945,1.00,3.10
2010.06.22 18:03:57.859,0.79425,0.7945,1.00,1.00
2010.06.22 18:03:58.202,0.79425,0.7945,1.00,6.30
2010.06.22 18:03:58.554,0.79425,0.7945,1.00,5.50
2010.06.22 18:03:58.768,0.79425,0.7945,1.00,3.10
2010.06.22 18:03:59.638,0.7942,0.79445,7.20,1.00
2010.06.22 18:04:01.289,0.7942,0.79445,3.20,1.00
2010.06.22 18:04:03.053,0.79405,0.79435,5.70,7.10
2010.06.22 18:04:03.313,0.79405,0.79435,9.60,5.50
2010.06.22 18:04:04.027,0.79405,0.79435,1.70,14.30
2010.06.22 18:04:04.376,0.79405,0.7943,1.00,1.00
2010.06.22 18:04:04.726,0.794,0.79425,1.00,12.80
2010.06.22 18:04:05.211,0.794,0.79425,1.00,13.60
2010.06.22 18:04:05.539,0.794,0.79425,1.00,12.70
2010.06.22 18:04:06.595,0.794,0.79425,1.00,9.50
2010.06.22 18:04:06.947,0.794,0.79425,1.00,11.10
2010.06.22 18:04:07.287,0.794,0.79425,1.00,11.90
2010.06.22 18:04:07.628,0.7939,0.79415,12.80,2.30
2010.06.22 18:04:07.958,0.7939,0.79415,1.60,2.30
2010.06.22 18:04:08.773,0.7939,0.7941,1.00,1.60
2010.06.22 18:04:09.002,0.7939,0.79415,1.00,15.90
2010.06.22 18:04:09.719,0.79395,0.79415,1.00,4.00
2010.06.22 18:04:10.065,0.794,0.7943,4.80,10.30
2010.06.22 18:04:10.538,0.794,0.79425,1.00,4.00
2010.06.22 18:04:10.880,0.794,0.79425,1.60,4.70
2010.06.22 18:04:14.465,0.794,0.79425,1.60,1.00
2010.06.22 18:04:15.095,0.794,0.79425,1.60,4.70
2010.06.22 18:04:16.863,0.79405,0.7943,1.60,11.90
2010.06.22 18:04:17.090,0.79405,0.7943,1.60,5.50
2010.06.22 18:04:19.451,0.794,0.79425,4.80,4.70
2010.06.22 18:04:19.598,0.794,0.79425,1.00,15.10
2010.06.22 18:04:19.886,0.794,0.79425,1.00,15.90
2010.06.22 18:04:20.766,0.79395,0.79425,1.60,15.90
2010.06.22 18:04:20.947,0.79395,0.79425,1.60,16.70
2010.06.22 18:04:21.126,0.79395,0.7942,1.60,1.00
2010.06.22 18:04:28.108,0.79385,0.7941,3.20,4.00
2010.06.22 18:04:28.451,0.79385,0.79415,3.20,13.50
2010.06.22 18:04:29.072,0.79385,0.7941,1.60,1.50
2010.06.22 18:04:29.342,0.7938,0.79405,1.60,1.60
2010.06.22 18:04:29.610,0.7938,0.79405,1.60,1.00
2010.06.22 18:04:31.110,0.7938,0.79405,1.00,5.50
2010.06.22 18:04:31.446,0.7938,0.79405,1.00,13.50
2010.06.22 18:04:32.467,0.79375,0.79405,4.00,13.50
2010.06.22 18:04:32.619,0.79375,0.79405,3.20,11.10
2010.06.22 18:04:32.778,0.79375,0.794,3.20,1.50
2010.06.22 18:04:33.342,0.79375,0.79395,1.60,1.50
2010.06.22 18:04:33.364,0.7937,0.79395,5.60,1.50
2010.06.22 18:04:33.491,0.7937,0.79395,1.60,5.50
2010.06.22 18:04:35.357,0.7937,0.79395,1.00,5.60
2010.06.22 18:04:35.628,0.7937,0.79395,1.00,5.60
2010.06.22 18:04:35.851,0.7937,0.79395,1.00,5.60
2010.06.22 18:04:36.738,0.79365,0.7939,6.80,2.40
2010.06.22 18:04:37.077,0.79365,0.7939,2.80,2.40
2010.06.22 18:04:38.540,0.79365,0.7939,1.60,3.20
2010.06.22 18:04:38.744,0.79365,0.7939,1.60,1.60
2010.06.22 18:04:38.950,0.79365,0.79395,6.80,6.40
2010.06.22 18:04:41.178,0.79365,0.7939,4.00,5.60
2010.06.22 18:04:41.426,0.7936,0.7939,1.20,16.00
2010.06.22 18:04:42.222,0.7936,0.7939,1.40,16.00
2010.06.22 18:04:42.573,0.7936,0.79385,1.00,1.60
2010.06.22 18:04:43.374,0.7936,0.79385,1.00,4.00
2010.06.22 18:04:43.611,0.7936,0.7939,5.20,1.60
2010.06.22 18:04:43.847,0.7936,0.7939,5.40,1.60
2010.06.22 18:04:44.882,0.7936,0.7939,5.40,5.60
2010.06.22 18:04:46.634,0.7936,0.7939,5.20,5.60
2010.06.22 18:04:46.846,0.7936,0.7939,9.20,5.60
2010.06.22 18:04:47.047,0.7936,0.7939,11.60,1.60
2010.06.22 18:04:47.447,0.7936,0.7939,5.20,4.00
2010.06.22 18:04:47.646,0.7936,0.7939,1.20,13.60
2010.06.22 18:04:48.464,0.79355,0.79385,11.60,7.20
2010.06.22 18:04:48.806,0.79355,0.79385,9.20,7.20
2010.06.22 18:04:49.676,0.79355,0.79385,6.80,9.60
2010.06.22 18:04:49.858,0.79355,0.7938,2.80,3.20
2010.06.22 18:04:50.403,0.79355,0.7938,2.80,4.00
2010.06.22 18:04:50.590,0.79345,0.79365,4.00,2.40
2010.06.22 18:04:52.083,0.7934,0.79365,1.00,1.00
2010.06.22 18:04:52.134,0.79345,0.79375,1.20,12.00
2010.06.22 18:04:52.870,0.79345,0.79375,1.20,9.60
2010.06.22 18:04:52.898,0.79345,0.7937,1.20,1.60
2010.06.22 18:04:54.187,0.7934,0.79365,1.20,1.60
2010.06.22 18:04:56.012,0.7934,0.79365,1.00,1.60
2010.06.22 18:04:56.338,0.7934,0.79365,1.00,2.40
2010.06.22 18:04:56.622,0.7934,0.79365,1.00,1.60
2010.06.22 18:04:58.507,0.7934,0.7937,5.20,7.20
2010.06.22 18:05:01.840,0.7934,0.79365,1.00,3.20
2010.06.22 18:05:02.568,0.7934,0.79365,1.00,1.60
2010.06.22 18:05:03.708,0.7934,0.79365,1.00,3.20
2010.06.22 18:05:03.880,0.7934,0.79365,1.00,1.60
2010.06.22 18:05:04.499,0.7934,0.7936,1.00,1.60
2010.06.22 18:05:04.669,0.79335,0.7936,1.20,4.00
2010.06.22 18:05:05.010,0.79335,0.79365,1.20,9.60
2010.06.22 18:05:05.787,0.79335,0.7936,1.20,1.60
2010.06.22 18:05:06.091,0.79335,0.79365,1.20,9.60
2010.06.22 18:05:07.305,0.7934,0.79365,1.00,9.60
2010.06.22 18:05:08.481,0.7934,0.7937,1.20,11.20
2010.06.22 18:05:09.799,0.7934,0.79365,1.00,1.60
2010.06.22 18:05:11.089,0.7934,0.7937,5.20,7.20
2010.06.22 18:05:12.156,0.7934,0.7937,5.20,5.60
2010.06.22 18:05:13.277,0.7934,0.7937,5.40,5.60
2010.06.22 18:05:13.626,0.7934,0.7937,5.20,8.00
2010.06.22 18:05:13.806,0.7934,0.7937,1.20,12.00
2010.06.22 18:05:13.988,0.7934,0.79365,1.00,5.60
2010.06.22 18:05:14.698,0.79335,0.7936,1.20,1.00
2010.06.22 18:05:18.468,0.7934,0.79365,1.00,1.60
2010.06.22 18:05:19.616,0.7934,0.7937,1.20,12.00
2010.06.22 18:05:19.889,0.79345,0.7937,1.60,4.80
2010.06.22 18:05:20.386,0.7934,0.7937,10.00,1.00
2010.06.22 18:05:20.663,0.7934,0.7937,5.20,1.00
2010.06.22 18:05:21.187,0.7934,0.7937,5.40,1.00
2010.06.22 18:05:23.537,0.7934,0.7937,8.60,1.00
2010.06.22 18:05:23.668,0.79345,0.79375,1.20,12.80
2010.06.22 18:05:24.125,0.79345,0.79375,1.20,12.00
2010.06.22 18:05:24.305,0.79345,0.79375,5.20,8.00
2010.06.22 18:05:24.479,0.79345,0.79375,1.20,12.00
2010.06.22 18:05:26.519,0.79355,0.7938,1.60,4.00
2010.06.22 18:05:27.317,0.7935,0.7938,1.20,12.00
2010.06.22 18:05:27.590,0.79345,0.7937,7.60,1.60
2010.06.22 18:05:27.866,0.79345,0.7937,1.20,1.60
2010.06.22 18:05:28.615,0.79345,0.7937,1.60,9.60
2010.06.22 18:05:28.920,0.79345,0.7937,1.60,1.60
2010.06.22 18:05:30.246,0.79355,0.79375,1.60,8.00
2010.06.22 18:05:30.477,0.79355,0.7938,1.60,3.20
2010.06.22 18:05:34.457,0.7935,0.79375,6.80,1.60
2010.06.22 18:05:34.637,0.79355,0.79375,1.60,1.60
2010.06.22 18:05:35.176,0.79355,0.7938,1.60,3.20
2010.06.22 18:05:36.707,0.79365,0.7938,1.60,1.60
2010.06.22 18:05:36.846,0.79365,0.7939,5.60,4.80
2010.06.22 18:05:36.987,0.79365,0.7939,5.60,3.20
2010.06.22 18:05:38.099,0.79365,0.7939,6.80,3.20
2010.06.22 18:05:38.444,0.79365,0.7939,2.80,3.20
2010.06.22 18:05:53.654,0.7937,0.794,15.60,3.20
2010.06.22 18:05:54.669,0.79375,0.794,1.60,3.20
2010.06.22 18:05:55.001,0.79375,0.794,3.40,2.40
2010.06.22 18:05:55.324,0.79375,0.79405,11.60,7.20
2010.06.22 18:05:56.132,0.79375,0.79405,15.60,3.20
2010.06.22 18:05:56.480,0.7938,0.79405,4.00,3.20
2010.06.22 18:05:57.975,0.7938,0.7939,2.40,1.60
2010.06.22 18:05:58.187,0.79375,0.79395,10.40,1.60
2010.06.22 18:05:58.394,0.79375,0.79395,8.00,4.00
2010.06.22 18:05:58.879,0.79375,0.79395,8.00,1.60
2010.06.22 18:05:59.080,0.7936,0.79385,15.60,1.00
2010.06.22 18:05:59.426,0.7936,0.79385,10.40,3.20
2010.06.22 18:05:59.883,0.7936,0.79385,8.00,3.20
2010.06.22 18:06:00.238,0.79355,0.79385,17.20,1.60
2010.06.22 18:06:00.580,0.7936,0.79385,1.20,1.00
2010.06.22 18:06:00.933,0.7936,0.79385,7.60,1.00
2010.06.22 18:06:01.976,0.7936,0.79385,6.40,1.60
2010.06.22 18:06:02.238,0.79355,0.7938,6.00,1.60
2010.06.22 18:06:02.711,0.79355,0.7938,2.00,1.60
2010.06.22 18:06:02.970,0.7935,0.7938,3.60,13.60
2010.06.22 18:06:03.316,0.7935,0.7938,1.20,13.60
2010.06.22 18:06:05.498,0.79355,0.7938,1.60,5.70
2010.06.22 18:06:05.985,0.79355,0.79375,1.60,1.60
2010.06.22 18:06:09.618,0.7935,0.7937,1.00,1.00
2010.06.22 18:06:10.239,0.79345,0.7937,1.60,1.60
2010.06.22 18:06:10.497,0.79345,0.7937,1.60,9.60
2010.06.22 18:06:11.766,0.79345,0.7937,1.60,12.80
2010.06.22 18:06:12.334,0.7934,0.79365,1.00,1.00
2010.06.22 18:06:12.642,0.79335,0.7936,3.00,8.00
2010.06.22 18:06:12.829,0.79345,0.7936,1.60,4.00
2010.06.22 18:06:13.018,0.79345,0.79365,1.60,5.60
2010.06.22 18:06:13.558,0.79345,0.79365,1.60,4.00
2010.06.22 18:06:13.753,0.79345,0.79365,1.60,1.00
2010.06.22 18:06:17.666,0.79345,0.7937,2.00,5.60
2010.06.22 18:06:18.486,0.79345,0.7937,2.00,8.00
2010.06.22 18:06:19.077,0.79345,0.7937,2.00,12.00
2010.06.22 18:06:20.456,0.7934,0.7937,1.20,13.60
2010.06.22 18:06:20.627,0.7934,0.79365,1.20,4.00
2010.06.22 18:06:23.099,0.7934,0.79365,2.00,4.00
2010.06.22 18:06:23.445,0.7937,0.7939,1.00,8.80
2010.06.22 18:06:23.631,0.79375,0.79395,1.60,8.00
2010.06.22 18:06:24.277,0.79375,0.794,4.00,1.60
2010.06.22 18:06:24.458,0.7937,0.794,11.60,1.60
2010.06.22 18:06:24.798,0.7937,0.794,1.20,16.00
2010.06.22 18:06:25.605,0.7937,0.79395,1.00,1.00
2010.06.22 18:06:25.830,0.7937,0.79395,1.00,4.00
2010.06.22 18:06:26.057,0.7937,0.79395,1.00,12.00
2010.06.22 18:06:26.739,0.7937,0.79395,1.00,14.40
2010.06.22 18:06:27.758,0.79365,0.7939,1.20,1.00
2010.06.22 18:06:27.992,0.7936,0.7939,3.60,13.60
2010.06.22 18:06:28.675,0.7936,0.7939,1.20,16.00
2010.06.22 18:06:30.356,0.7936,0.7939,1.20,16.10
2010.06.22 18:06:32.035,0.7936,0.7939,1.20,16.00
2010.06.22 18:06:34.954,0.7936,0.7939,1.20,16.00
2010.06.22 18:06:35.729,0.7936,0.79385,1.00,1.60
2010.06.22 18:06:37.569,0.79355,0.79385,14.80,2.40
2010.06.22 18:06:37.914,0.7934,0.7937,5.20,3.20
2010.06.22 18:06:38.633,0.79345,0.7937,1.20,3.20
2010.06.22 18:06:39.230,0.7935,0.79375,1.00,12.80
2010.06.22 18:06:39.518,0.7935,0.7938,1.00,16.00
2010.06.22 18:06:39.980,0.7935,0.7938,1.20,16.00
2010.06.22 18:06:42.579,0.7935,0.7938,1.20,13.60
2010.06.22 18:06:43.466,0.7935,0.7938,1.00,13.70
2010.06.22 18:06:44.126,0.7935,0.7938,1.20,13.60
2010.06.22 18:06:44.906,0.7935,0.7938,1.20,13.70
2010.06.22 18:06:46.557,0.79355,0.7938,1.20,13.60
2010.06.22 18:06:47.465,0.79355,0.7938,1.20,5.60
2010.06.22 18:06:47.744,0.79355,0.7938,9.20,1.60
2010.06.22 18:06:48.257,0.79355,0.7938,1.20,1.60
2010.06.22 18:06:51.195,0.79355,0.79385,1.20,14.40
2010.06.22 18:06:51.916,0.79365,0.79385,2.00,13.60
2010.06.22 18:06:52.368,0.79365,0.7939,2.00,1.60
2010.06.22 18:06:53.922,0.79365,0.7939,2.80,1.00
2010.06.22 18:07:01.186,0.79365,0.7939,1.20,3.20
2010.06.22 18:07:01.714,0.79365,0.7939,1.20,7.20
2010.06.22 18:07:01.972,0.79365,0.7939,1.20,13.60
2010.06.22 18:07:03.041,0.7936,0.7939,3.60,13.60
2010.06.22 18:07:03.358,0.7936,0.79385,1.20,4.00
2010.06.22 18:07:03.680,0.7936,0.7939,1.20,17.60
2010.06.22 18:07:04.439,0.7936,0.7939,3.60,9.60
2010.06.22 18:07:08.826,0.7936,0.7939,7.60,5.60
2010.06.22 18:07:08.865,0.7936,0.7939,11.60,1.60
2010.06.22 18:07:09.145,0.7936,0.7939,14.00,1.60
2010.06.22 18:07:12.585,0.7936,0.7939,11.60,5.60
2010.06.22 18:07:12.902,0.7936,0.7939,14.00,1.60
2010.06.22 18:07:13.139,0.7936,0.7939,11.60,1.60
2010.06.22 18:07:13.378,0.7936,0.7939,14.00,1.60
2010.06.22 18:07:14.724,0.7936,0.7939,7.60,1.60
2010.06.22 18:07:15.998,0.7936,0.7939,11.60,1.60
2010.06.22 18:07:16.135,0.7936,0.7939,14.00,1.60
2010.06.22 18:07:18.076,0.7936,0.7939,9.20,1.60
2010.06.22 18:07:18.306,0.7936,0.7939,5.20,1.60
2010.06.22 18:07:18.726,0.7936,0.7939,1.20,9.60
2010.06.22 18:07:21.875,0.7936,0.7939,5.20,1.60
2010.06.22 18:07:23.357,0.7936,0.7939,1.20,16.00
2010.06.22 18:07:26.409,0.7936,0.7939,1.20,9.60
2010.06.22 18:07:28.456,0.7936,0.7939,5.20,1.60
2010.06.22 18:07:34.046,0.7936,0.7939,1.20,9.60
2010.06.22 18:07:40.557,0.7936,0.7939,5.20,5.60
2010.06.22 18:07:40.653,0.79365,0.7939,2.00,1.00
2010.06.22 18:07:40.745,0.79365,0.79395,2.80,10.40
2010.06.22 18:07:40.836,0.79365,0.79395,2.80,9.60
2010.06.22 18:07:44.026,0.79365,0.79395,2.80,10.40
2010.06.22 18:07:44.146,0.79365,0.7939,2.80,1.00
2010.06.22 18:07:44.266,0.79365,0.7939,1.20,2.40
2010.06.22 18:07:44.997,0.79365,0.7939,2.80,1.00
2010.06.22 18:07:54.808,0.79365,0.7939,6.80,1.00
2010.06.22 18:07:55.067,0.79365,0.7939,10.80,1.00
2010.06.22 18:07:56.006,0.79365,0.7939,6.80,1.00
2010.06.22 18:07:57.711,0.79365,0.7939,2.80,1.00
2010.06.22 18:08:00.377,0.79355,0.7938,4.00,3.20
2010.06.22 18:08:00.528,0.7935,0.7937,4.00,3.20
2010.06.22 18:08:01.108,0.7935,0.7937,4.00,4.80
2010.06.22 18:08:01.255,0.79345,0.7937,1.20,1.00
2010.06.22 18:08:03.401,0.79345,0.7937,1.20,4.80
2010.06.22 18:08:04.657,0.79345,0.7937,2.80,1.00
2010.06.22 18:08:06.677,0.79345,0.7937,1.20,2.40
2010.06.22 18:08:06.797,0.79345,0.7937,1.00,3.20
2010.06.22 18:08:06.919,0.79345,0.7937,1.00,5.60
2010.06.22 18:08:07.477,0.7934,0.79365,1.20,1.00
2010.06.22 18:08:08.720,0.7934,0.79365,5.20,1.00
2010.06.22 18:08:09.305,0.7934,0.79365,5.20,3.20
2010.06.22 18:08:09.611,0.79335,0.7935,8.00,2.40
2010.06.22 18:08:10.368,0.79335,0.79355,4.00,2.40
2010.06.22 18:08:11.980,0.79335,0.79355,5.20,2.40
2010.06.22 18:08:13.626,0.79335,0.7935,5.20,2.40
2010.06.22 18:08:14.230,0.79335,0.7935,2.80,2.40
2010.06.22 18:08:14.394,0.79335,0.79355,5.20,2.40
2010.06.22 18:08:19.311,0.79335,0.79355,1.20,2.40
2010.06.22 18:08:19.650,0.79335,0.79355,4.00,2.40
2010.06.22 18:08:22.897,0.7933,0.79355,13.20,2.40
2010.06.22 18:08:23.207,0.7933,0.79355,6.80,2.40
2010.06.22 18:08:23.743,0.7933,0.79355,2.80,2.40
2010.06.22 18:08:24.025,0.7933,0.79355,2.00,2.40
2010.06.22 18:08:25.952,0.7933,0.79355,2.00,9.60
2010.06.22 18:08:26.420,0.7933,0.79355,2.00,11.20
2010.06.22 18:08:26.505,0.79315,0.7934,8.00,3.20
2010.06.22 18:08:26.578,0.79315,0.79335,8.00,2.40
2010.06.22 18:08:26.658,0.7931,0.79335,10.50,3.20
2010.06.22 18:08:27.162,0.7931,0.79335,6.50,4.00
2010.06.22 18:08:27.245,0.79305,0.79335,11.80,4.80
2010.06.22 18:08:27.330,0.79305,0.79335,11.60,4.00
2010.06.22 18:08:27.411,0.79305,0.79335,5.20,8.00
2010.06.22 18:08:27.489,0.79305,0.79335,5.20,10.40
2010.06.22 18:08:28.266,0.79305,0.7933,1.00,8.00
2010.06.22 18:08:28.616,0.79305,0.7933,1.00,12.00
2010.06.22 18:08:29.368,0.79305,0.7933,1.00,14.40
2010.06.22 18:08:30.723,0.79305,0.7933,1.20,4.80
2010.06.22 18:08:30.909,0.79305,0.7933,1.20,2.40
2010.06.22 18:08:31.550,0.79305,0.79335,1.20,14.40
2010.06.22 18:08:31.743,0.7931,0.79335,1.00,8.00
2010.06.22 18:08:33.275,0.7931,0.79335,1.00,4.00
2010.06.22 18:08:33.953,0.79315,0.7934,1.00,12.80
2010.06.22 18:08:34.683,0.79315,0.7934,1.00,8.00
2010.06.22 18:08:35.550,0.79315,0.7934,1.00,4.00
2010.06.22 18:08:35.731,0.79315,0.7934,1.00,8.00
2010.06.22 18:08:37.179,0.79315,0.7934,1.00,4.00
2010.06.22 18:08:37.386,0.79315,0.7934,1.00,12.00
2010.06.22 18:08:37.728,0.79315,0.79335,1.00,2.40
2010.06.22 18:08:38.070,0.79315,0.7934,1.00,4.00
2010.06.22 18:08:39.020,0.79315,0.7934,1.00,8.00
2010.06.22 18:08:41.202,0.79315,0.79335,1.00,2.40
2010.06.22 18:08:42.237,0.79315,0.7934,1.00,4.00
2010.06.22 18:08:44.529,0.79315,0.79335,1.00,2.40
2010.06.22 18:08:45.752,0.79315,0.7934,1.00,4.00
2010.06.22 18:08:46.418,0.79315,0.79335,1.00,2.40
2010.06.22 18:08:46.747,0.79315,0.7934,1.00,4.00
2010.06.22 18:08:48.348,0.79315,0.7934,9.20,3.20
2010.06.22 18:08:48.510,0.79315,0.79345,11.60,4.00
2010.06.22 18:08:48.988,0.79315,0.79345,12.40,3.20
2010.06.22 18:08:49.192,0.7932,0.7935,6.80,4.00
2010.06.22 18:08:50.948,0.7932,0.79345,1.20,2.40
2010.06.22 18:08:51.294,0.7932,0.79345,5.20,2.40
2010.06.22 18:08:52.553,0.7932,0.79345,5.40,2.40
2010.06.22 18:08:52.837,0.79325,0.7935,10.80,1.60
2010.06.22 18:08:53.116,0.79335,0.7936,5.60,6.40
2010.06.22 18:08:53.840,0.79335,0.79355,1.00,2.40
2010.06.22 18:08:55.134,0.79325,0.79345,15.60,2.40
2010.06.22 18:08:55.409,0.79325,0.79345,1.20,2.40
2010.06.22 18:08:56.679,0.79325,0.79345,1.00,2.40
2010.06.22 18:09:03.928,0.7933,0.7935,1.60,2.40
2010.06.22 18:09:04.408,0.7933,0.7935,2.00,2.40
2010.06.22 18:09:07.166,0.7933,0.79355,2.00,5.60
2010.06.22 18:09:07.236,0.7933,0.79355,2.00,4.00
2010.06.22 18:09:07.376,0.7933,0.79355,2.80,2.40
2010.06.22 18:09:07.901,0.7933,0.79355,11.60,2.40
2010.06.22 18:09:08.251,0.7933,0.79355,1.20,2.40
2010.06.22 18:09:08.597,0.7933,0.79355,1.00,10.40
2010.06.22 18:09:08.938,0.7933,0.79355,1.00,13.00
2010.06.22 18:09:09.277,0.7933,0.7935,1.00,2.40
2010.06.22 18:09:10.153,0.79335,0.7936,5.60,5.60
2010.06.22 18:09:10.288,0.79335,0.79355,9.60,2.40
2010.06.22 18:09:10.417,0.79335,0.79355,1.60,2.40
2010.06.22 18:09:10.806,0.7933,0.79355,13.20,2.40
2010.06.22 18:09:10.936,0.7933,0.79355,5.20,2.40
2010.06.22 18:09:11.196,0.7933,0.79355,2.80,2.40
2010.06.22 18:09:11.426,0.7933,0.79355,3.00,2.40
2010.06.22 18:09:14.406,0.7933,0.79355,2.80,2.40
2010.06.22 18:09:14.577,0.7933,0.79355,2.00,4.00
2010.06.22 18:09:15.551,0.7933,0.79355,1.00,9.00
2010.06.22 18:09:15.747,0.79325,0.7935,3.60,2.40
2010.06.22 18:09:15.946,0.79325,0.7935,1.20,2.40
2010.06.22 18:09:16.147,0.79325,0.7935,1.00,4.00
2010.06.22 18:09:16.348,0.7932,0.7935,10.00,9.00
2010.06.22 18:09:16.971,0.7932,0.7934,1.20,2.40
2010.06.22 18:09:17.274,0.7932,0.79345,5.20,3.20
2010.06.22 18:09:17.569,0.7932,0.79345,11.60,3.20
2010.06.22 18:09:18.464,0.7932,0.79345,11.60,5.80
2010.06.22 18:09:18.692,0.7932,0.79345,11.60,3.20
2010.06.22 18:09:21.374,0.7932,0.79345,9.20,3.20
2010.06.22 18:09:21.469,0.7932,0.79345,5.20,3.20
2010.06.22 18:09:23.731,0.7932,0.7934,5.20,2.40
2010.06.22 18:09:23.988,0.7932,0.79345,5.20,3.20
2010.06.22 18:09:24.718,0.79325,0.7935,1.00,4.00
2010.06.22 18:09:24.971,0.79325,0.79345,1.00,2.40
2010.06.22 18:09:26.878,0.7932,0.7934,6.00,2.40
2010.06.22 18:09:27.457,0.7932,0.7934,1.20,2.40
2010.06.22 18:09:28.141,0.79315,0.7934,9.20,2.40
2010.06.22 18:09:29.251,0.79315,0.7934,1.20,3.20
2010.06.22 18:09:30.948,0.79315,0.7934,1.20,4.00
2010.06.22 18:09:31.191,0.79315,0.7934,1.20,13.60
2010.06.22 18:09:31.438,0.79315,0.79335,1.20,1.60
2010.06.22 18:09:32.081,0.7931,0.79335,3.60,4.00
2010.06.22 18:09:32.313,0.7931,0.79335,2.80,4.00
2010.06.22 18:09:34.494,0.79315,0.7934,1.20,13.00
2010.06.22 18:09:34.668,0.79315,0.7934,1.20,8.00
2010.06.22 18:09:35.455,0.7932,0.79345,1.60,12.00
2010.06.22 18:09:35.773,0.79315,0.7934,1.20,2.40
2010.06.22 18:09:42.735,0.79315,0.7934,1.20,6.40
2010.06.22 18:09:44.284,0.79315,0.7934,1.20,2.40
2010.06.22 18:09:46.946,0.79315,0.7934,1.20,4.00
2010.06.22 18:09:47.309,0.79315,0.7934,1.20,9.00
2010.06.22 18:09:47.427,0.79315,0.79335,1.20,2.40
2010.06.22 18:09:47.996,0.79315,0.79335,1.20,4.00
2010.06.22 18:09:48.687,0.7931,0.79335,2.80,5.60
2010.06.22 18:09:49.032,0.7931,0.79335,2.00,5.60
2010.06.22 18:09:54.550,0.79305,0.7933,1.20,2.40
2010.06.22 18:09:56.313,0.79305,0.79325,1.20,2.40
2010.06.22 18:09:56.708,0.79305,0.7933,1.20,15.40
2010.06.22 18:09:57.337,0.79305,0.7933,1.20,8.00
2010.06.22 18:09:59.359,0.79305,0.7933,1.40,8.00
2010.06.22 18:09:59.608,0.79305,0.7933,1.20,8.00
2010.06.22 18:09:59.861,0.79305,0.7933,1.40,8.00
2010.06.22 18:10:00.122,0.79305,0.7933,1.20,9.60
2010.06.22 18:10:00.572,0.79305,0.79325,1.20,2.40
2010.06.22 18:10:01.063,0.793,0.79325,3.60,2.40
2010.06.22 18:10:01.311,0.793,0.79325,2.80,2.40
2010.06.22 18:10:03.157,0.793,0.79325,3.00,2.40
2010.06.22 18:10:03.458,0.793,0.79325,2.80,2.40
2010.06.22 18:10:04.164,0.79295,0.7932,11.60,3.20
2010.06.22 18:10:04.417,0.7929,0.79315,4.40,5.60
2010.06.22 18:10:04.668,0.7929,0.7931,4.40,2.40
2010.06.22 18:10:05.392,0.7929,0.7931,1.00,2.40
2010.06.22 18:10:11.261,0.79285,0.79305,2.80,2.40
2010.06.22 18:10:11.975,0.79285,0.79305,2.00,4.00
2010.06.22 18:10:12.328,0.79295,0.7932,2.80,11.20
2010.06.22 18:10:13.125,0.79295,0.7931,1.20,2.40
2010.06.22 18:10:13.474,0.79295,0.79315,1.20,2.40
2010.06.22 18:10:15.328,0.79295,0.79315,2.80,2.40
2010.06.22 18:10:15.511,0.793,0.7932,1.00,2.40
2010.06.22 18:10:15.857,0.793,0.7932,2.00,2.40
2010.06.22 18:10:16.462,0.793,0.79325,2.80,9.60
2010.06.22 18:10:16.699,0.79305,0.7933,1.20,4.00
2010.06.22 18:10:17.159,0.79305,0.7933,1.20,2.40
2010.06.22 18:10:21.020,0.7931,0.79335,1.00,4.00
2010.06.22 18:10:21.210,0.7931,0.79335,4.40,4.00
2010.06.22 18:10:22.729,0.7931,0.7933,1.00,2.40
2010.06.22 18:10:26.049,0.79305,0.7933,1.20,2.40
2010.06.22 18:10:26.635,0.7931,0.7933,1.00,2.40
2010.06.22 18:10:29.386,0.7931,0.79335,1.00,13.00
2010.06.22 18:10:29.528,0.7931,0.7933,1.00,2.40
2010.06.22 18:10:29.937,0.7931,0.79335,1.00,6.40
2010.06.22 18:10:30.076,0.7931,0.79335,1.00,4.00
2010.06.22 18:10:30.853,0.7931,0.7934,1.60,12.00
2010.06.22 18:10:31.554,0.79325,0.7935,4.00,5.60
2010.06.22 18:10:31.809,0.79325,0.7935,10.80,4.00
2010.06.22 18:10:32.154,0.7933,0.7936,1.20,16.00
2010.06.22 18:10:32.503,0.79335,0.7936,2.80,1.00
2010.06.22 18:10:33.302,0.79335,0.7936,1.20,1.00
2010.06.22 18:10:33.990,0.7934,0.79365,1.00,12.80
2010.06.22 18:10:34.760,0.7934,0.79365,1.00,1.60
2010.06.22 18:10:35.108,0.7934,0.79365,1.00,4.00
2010.06.22 18:10:36.185,0.7934,0.79365,1.00,12.00
2010.06.22 18:10:36.453,0.79335,0.7936,1.20,1.00
2010.06.22 18:10:36.721,0.79335,0.7936,1.20,3.20
2010.06.22 18:10:37.421,0.7933,0.7936,5.20,6.40
2010.06.22 18:10:37.743,0.7933,0.79355,1.00,13.60
2010.06.22 18:10:38.062,0.7933,0.79355,1.00,14.40
2010.06.22 18:10:38.836,0.79325,0.79355,1.20,12.00
2010.06.22 18:10:40.918,0.7933,0.79355,1.00,12.00
2010.06.22 18:10:40.996,0.7933,0.79355,1.00,9.60
2010.06.22 18:10:42.250,0.79335,0.7936,10.80,2.40
2010.06.22 18:10:42.992,0.7934,0.7937,1.20,16.00
2010.06.22 18:10:43.661,0.79345,0.7937,1.20,14.40
2010.06.22 18:10:47.335,0.79345,0.7937,1.20,13.60
2010.06.22 18:10:47.675,0.79345,0.7937,1.20,12.80
2010.06.22 18:10:47.847,0.79345,0.7937,1.20,12.00
2010.06.22 18:10:48.346,0.79345,0.7937,1.20,12.80
2010.06.22 18:10:49.110,0.79345,0.7937,1.20,13.60
2010.06.22 18:10:49.736,0.79345,0.7937,1.20,12.80
2010.06.22 18:10:50.551,0.79345,0.7937,1.20,14.40
2010.06.22 18:10:55.346,0.7934,0.7937,1.20,16.00
2010.06.22 18:10:56.144,0.7934,0.7937,1.20,14.40
2010.06.22 18:10:56.747,0.7934,0.7937,1.40,14.40
2010.06.22 18:11:03.160,0.7934,0.7937,1.40,13.60
2010.06.22 18:11:03.406,0.79345,0.7937,1.40,5.60
2010.06.22 18:11:03.653,0.7935,0.79375,1.00,4.00
2010.06.22 18:11:04.212,0.7935,0.7938,4.40,6.60
2010.06.22 18:11:04.564,0.79355,0.7938,1.60,1.60
2010.06.22 18:11:05.984,0.79355,0.7938,1.20,8.00
2010.06.22 18:11:06.158,0.79355,0.7938,1.20,1.60
2010.06.22 18:11:06.677,0.7935,0.7938,6.00,6.60
2010.06.22 18:11:06.860,0.7935,0.7938,5.20,6.60
2010.06.22 18:11:07.961,0.79355,0.7938,1.60,13.60
2010.06.22 18:11:08.279,0.79355,0.79375,1.60,4.00
2010.06.22 18:11:08.587,0.7935,0.7938,1.20,16.00
2010.06.22 18:11:08.848,0.79355,0.7938,1.00,16.00
2010.06.22 18:11:09.108,0.79355,0.7938,2.00,14.40
2010.06.22 18:11:09.805,0.79355,0.7938,1.20,1.60
2010.06.22 18:11:09.984,0.79355,0.7938,1.00,13.60
2010.06.22 18:11:10.328,0.79355,0.7938,1.00,16.00
2010.06.22 18:11:14.043,0.79355,0.7938,1.20,8.00
2010.06.22 18:11:14.409,0.79355,0.79385,1.20,13.60
2010.06.22 18:11:15.534,0.79365,0.79385,1.60,8.00
2010.06.22 18:11:15.732,0.79365,0.7939,1.60,12.00
2010.06.22 18:11:15.934,0.79365,0.7939,2.00,1.00
2010.06.22 18:11:16.707,0.79365,0.7939,6.80,1.00
2010.06.22 18:11:17.042,0.79365,0.7939,2.80,1.00
2010.06.22 18:11:17.825,0.79365,0.7939,2.00,1.00
2010.06.22 18:11:19.298,0.79365,0.7939,2.20,1.00
2010.06.22 18:11:19.998,0.7937,0.7939,1.60,1.00
2010.06.22 18:11:22.848,0.7938,0.7941,12.40,1.60
2010.06.22 18:11:23.130,0.79385,0.7941,1.20,1.60
2010.06.22 18:11:24.868,0.79385,0.7941,1.20,9.60
2010.06.22 18:11:25.418,0.7938,0.7941,1.20,9.60
2010.06.22 18:11:28.126,0.7938,0.79405,1.20,4.00
2010.06.22 18:11:28.368,0.7938,0.79405,1.00,5.60
2010.06.22 18:11:28.597,0.7938,0.79405,1.00,9.60
2010.06.22 18:11:29.222,0.7938,0.79405,1.00,7.20
2010.06.22 18:11:29.463,0.7938,0.79405,1.20,8.00
2010.06.22 18:11:29.684,0.7938,0.79405,1.00,9.60
2010.06.22 18:11:29.903,0.7938,0.7941,8.40,5.60
2010.06.22 18:11:30.122,0.79385,0.7941,1.20,1.60
2010.06.22 18:11:30.988,0.79385,0.7941,12.40,1.60
2010.06.22 18:11:31.221,0.79385,0.7941,3.60,6.40
2010.06.22 18:11:31.458,0.79385,0.79415,1.20,16.00
2010.06.22 18:11:40.070,0.79385,0.79415,11.60,5.60
2010.06.22 18:11:40.408,0.7939,0.79415,1.60,4.00
2010.06.22 18:11:40.748,0.7939,0.7942,12.40,1.60
2010.06.22 18:11:41.383,0.79395,0.7942,1.20,1.60
2010.06.22 18:11:41.631,0.794,0.79425,1.00,3.20
2010.06.22 18:11:47.515,0.794,0.79425,1.00,9.60
2010.06.22 18:11:47.859,0.794,0.79425,1.00,16.00
2010.06.22 18:11:50.635,0.7941,0.79425,1.60,1.00
2010.06.22 18:11:51.219,0.79415,0.7944,8.00,1.60
2010.06.22 18:11:51.376,0.79415,0.7944,1.00,3.20
2010.06.22 18:11:51.518,0.7941,0.7944,9.20,7.20
2010.06.22 18:11:51.667,0.7941,0.7944,6.80,7.20
2010.06.22 18:11:53.862,0.79415,0.7944,1.60,7.20
2010.06.22 18:11:54.327,0.79415,0.7944,5.60,3.20
2010.06.22 18:11:54.665,0.7942,0.7944,1.00,1.60
2010.06.22 18:11:57.299,0.79415,0.7944,1.20,1.60
2010.06.22 18:11:58.231,0.79415,0.7944,1.20,5.60
2010.06.22 18:12:01.559,0.79415,0.7944,1.20,3.20
2010.06.22 18:12:03.952,0.79415,0.7944,1.00,3.20
2010.06.22 18:12:04.099,0.7941,0.7944,6.80,3.20
2010.06.22 18:12:09.696,0.7941,0.7944,2.80,11.20
2010.06.22 18:12:09.915,0.7941,0.7944,2.80,13.60
2010.06.22 18:12:11.893,0.7941,0.7944,3.00,13.60
2010.06.22 18:12:12.240,0.7941,0.79425,1.00,1.60
2010.06.22 18:12:12.727,0.79405,0.79425,8.00,1.60
2010.06.22 18:12:12.995,0.79395,0.7942,1.00,9.60
2010.06.22 18:12:13.339,0.7939,0.7942,5.20,4.00
2010.06.22 18:12:13.677,0.7939,0.7942,1.20,9.60
2010.06.22 18:12:14.671,0.7939,0.7942,5.20,5.60
2010.06.22 18:12:14.936,0.7939,0.7942,15.60,1.60
2010.06.22 18:12:15.897,0.79395,0.79425,6.80,9.60
2010.06.22 18:12:16.006,0.794,0.79425,1.60,5.60
2010.06.22 18:12:16.116,0.794,0.79425,5.60,1.60
2010.06.22 18:12:16.734,0.79395,0.7942,1.20,1.60
2010.06.22 18:12:22.718,0.7939,0.79415,2.00,4.00
2010.06.22 18:12:23.468,0.7939,0.79415,1.20,4.00
2010.06.22 18:12:23.814,0.7939,0.7942,1.20,12.00
2010.06.22 18:12:26.616,0.7939,0.7942,1.20,9.60
2010.06.22 18:12:26.847,0.7939,0.7942,5.20,5.60
2010.06.22 18:12:27.422,0.79395,0.7942,11.60,1.60
2010.06.22 18:12:27.770,0.79395,0.79425,11.60,1.60
2010.06.22 18:12:28.450,0.79395,0.79425,9.20,1.60
2010.06.22 18:12:29.418,0.79395,0.79425,11.80,1.60
2010.06.22 18:12:30.528,0.794,0.7943,1.20,12.00
2010.06.22 18:12:30.667,0.79405,0.7943,4.00,4.00
2010.06.22 18:12:31.454,0.794,0.7943,15.60,1.60
2010.06.22 18:12:31.597,0.7941,0.7943,1.60,1.60
2010.06.22 18:12:31.899,0.7941,0.7943,1.60,1.00
2010.06.22 18:12:32.047,0.79405,0.7943,11.60,1.00
2010.06.22 18:12:32.196,0.79405,0.7943,9.20,1.00
2010.06.22 18:12:32.347,0.7941,0.7943,4.00,1.00
2010.06.22 18:12:32.496,0.79405,0.7943,5.20,1.00
2010.06.22 18:12:33.758,0.79405,0.79435,5.20,5.60
2010.06.22 18:12:34.927,0.79405,0.7943,5.20,1.00
2010.06.22 18:12:38.196,0.7941,0.79435,1.00,5.60
2010.06.22 18:12:39.456,0.7941,0.79435,1.00,9.60
2010.06.22 18:12:39.927,0.7941,0.79435,1.00,12.00
2010.06.22 18:12:48.028,0.79405,0.79435,2.00,13.60
2010.06.22 18:12:48.207,0.79405,0.79435,1.20,13.60
2010.06.22 18:12:49.196,0.79405,0.79435,1.20,14.40
2010.06.22 18:12:49.326,0.79405,0.7943,1.00,1.60
2010.06.22 18:12:50.698,0.79405,0.79435,2.40,14.40
2010.06.22 18:12:50.878,0.7941,0.79435,4.00,1.60
2010.06.22 18:12:51.056,0.7941,0.79435,4.00,1.00
2010.06.22 18:12:51.177,0.79415,0.79435,1.60,1.00
2010.06.22 18:12:51.298,0.79415,0.7944,1.60,12.00
2010.06.22 18:12:51.417,0.79415,0.7944,2.40,11.20
2010.06.22 18:12:52.014,0.7941,0.7944,2.80,16.00
2010.06.22 18:12:54.777,0.7941,0.7944,2.80,16.80
2010.06.22 18:12:55.413,0.7941,0.79435,3.00,1.00
2010.06.22 18:12:55.515,0.7941,0.79435,2.80,1.00
2010.06.22 18:12:55.563,0.79415,0.7944,1.00,14.40
2010.06.22 18:12:56.081,0.7942,0.7944,1.00,12.00
2010.06.22 18:12:56.136,0.7942,0.7944,1.00,4.00
2010.06.22 18:12:56.192,0.7942,0.79445,2.00,1.60
2010.06.22 18:12:57.308,0.7942,0.7944,3.60,1.60
2010.06.22 18:12:57.987,0.7942,0.7944,1.00,1.60
2010.06.22 18:12:59.054,0.79415,0.7944,1.20,7.20
2010.06.22 18:13:04.378,0.79415,0.7944,1.00,7.20
2010.06.22 18:13:04.617,0.7941,0.79435,6.80,1.60
2010.06.22 18:13:04.858,0.7941,0.79435,1.00,2.40
2010.06.22 18:13:05.386,0.7941,0.79435,1.00,10.40
2010.06.22 18:13:05.693,0.7941,0.79435,1.00,2.40
2010.06.22 18:13:05.987,0.7941,0.79435,1.00,10.40
2010.06.22 18:13:06.807,0.7941,0.79435,1.00,11.20
2010.06.22 18:13:09.668,0.7941,0.79435,1.00,7.20
2010.06.22 18:13:09.816,0.7941,0.79435,1.00,3.20
2010.06.22 18:13:10.913,0.7941,0.79435,1.00,13.60
2010.06.22 18:13:11.191,0.7941,0.79435,1.00,9.60
2010.06.22 18:13:11.472,0.7941,0.79435,2.80,7.20
2010.06.22 18:13:12.196,0.7941,0.7944,9.20,8.00
2010.06.22 18:13:12.482,0.7941,0.7944,16.40,3.20
2010.06.22 18:13:12.760,0.7941,0.7944,9.20,7.20
2010.06.22 18:13:13.044,0.7941,0.79435,1.00,1.00
2010.06.22 18:13:19.147,0.7941,0.79435,1.00,11.20
2010.06.22 18:13:22.835,0.7941,0.79435,1.00,12.80
2010.06.22 18:13:23.036,0.7941,0.79435,4.40,12.80
2010.06.22 18:13:23.137,0.7941,0.79435,8.40,4.80
2010.06.22 18:13:23.236,0.7941,0.79435,4.40,2.40
2010.06.22 18:13:23.337,0.7941,0.79435,1.00,2.40
2010.06.22 18:13:24.140,0.79415,0.7944,1.00,15.30
2010.06.22 18:13:24.484,0.7942,0.79445,1.60,1.60
2010.06.22 18:13:24.781,0.7942,0.79445,5.60,1.60
2010.06.22 18:13:25.488,0.7942,0.79445,6.80,1.60
2010.06.22 18:13:25.745,0.7942,0.79445,2.80,1.60
2010.06.22 18:13:27.845,0.7942,0.79445,3.60,1.60
2010.06.22 18:13:28.070,0.7942,0.79445,2.40,1.60
2010.06.22 18:13:29.804,0.7942,0.7945,3.60,11.20
2010.06.22 18:13:30.686,0.7942,0.79445,2.80,1.00
2010.06.22 18:13:30.808,0.7942,0.79445,1.00,1.60
2010.06.22 18:13:31.719,0.7942,0.79445,1.00,5.60
2010.06.22 18:13:31.836,0.7942,0.79445,1.00,1.60
2010.06.22 18:13:32.161,0.7942,0.79445,1.00,5.60
2010.06.22 18:13:32.478,0.7942,0.79445,1.00,1.60
2010.06.22 18:13:34.515,0.79425,0.7945,1.20,1.60
2010.06.22 18:13:36.105,0.7942,0.7945,9.20,1.60
2010.06.22 18:13:36.441,0.79425,0.7945,1.00,1.60
2010.06.22 18:13:37.247,0.79425,0.7945,1.00,5.60
2010.06.22 18:13:37.517,0.79425,0.7945,1.00,13.60
2010.06.22 18:13:38.310,0.7942,0.7945,3.00,13.60
2010.06.22 18:13:40.478,0.7942,0.7945,3.00,16.00
2010.06.22 18:13:42.960,0.7942,0.7945,2.80,16.00
2010.06.22 18:13:43.222,0.7942,0.7945,1.20,16.80
2010.06.22 18:13:43.926,0.79415,0.79445,1.20,9.60
2010.06.22 18:13:44.181,0.79415,0.79445,1.20,12.00
2010.06.22 18:13:46.397,0.79415,0.79445,1.20,16.80
2010.06.22 18:13:46.619,0.79415,0.79445,1.20,12.00
2010.06.22 18:13:46.837,0.79415,0.79445,9.20,4.00
2010.06.22 18:13:47.058,0.7942,0.79445,1.20,4.80
2010.06.22 18:13:47.820,0.7942,0.79445,1.20,1.00
2010.06.22 18:13:50.858,0.7942,0.79445,1.20,4.80
2010.06.22 18:13:51.179,0.7942,0.79445,1.20,1.00
2010.06.22 18:13:52.429,0.7942,0.79445,3.60,1.00
2010.06.22 18:13:52.578,0.7942,0.7945,3.60,9.60
2010.06.22 18:13:52.730,0.7942,0.7945,7.60,5.60
2010.06.22 18:13:54.059,0.7942,0.7945,3.60,12.00
2010.06.22 18:13:54.401,0.7942,0.79445,2.80,1.00
2010.06.22 18:13:54.600,0.7942,0.79445,1.00,1.60
2010.06.22 18:14:01.141,0.79415,0.7944,1.20,1.00
2010.06.22 18:14:02.315,0.79415,0.7944,9.20,1.00
2010.06.22 18:14:02.596,0.79425,0.79455,1.20,9.60
2010.06.22 18:14:02.871,0.79425,0.7945,1.00,4.80
2010.06.22 18:14:03.557,0.7942,0.7945,9.20,5.60
2010.06.22 18:14:05.462,0.79425,0.7945,1.20,4.80
2010.06.22 18:14:05.690,0.79425,0.7945,1.20,1.00
2010.06.22 18:14:05.817,0.79425,0.79455,1.20,12.80
2010.06.22 18:14:06.422,0.7943,0.79455,1.00,11.20
2010.06.22 18:14:06.548,0.7943,0.79455,1.00,3.20
2010.06.22 18:14:06.677,0.7943,0.79455,1.00,1.00
2010.06.22 18:14:08.643,0.79425,0.7945,8.80,2.40
2010.06.22 18:14:08.977,0.7942,0.7945,6.80,5.60
2010.06.22 18:14:09.312,0.7942,0.7945,7.00,7.20
2010.06.22 18:14:10.050,0.7942,0.7945,10.00,5.60
2010.06.22 18:14:10.325,0.79425,0.7945,1.20,6.40
2010.06.22 18:14:12.690,0.79425,0.7945,1.00,6.40
2010.06.22 18:14:13.176,0.7942,0.7945,6.80,7.20
2010.06.22 18:14:13.412,0.7942,0.7945,7.60,7.20
2010.06.22 18:14:13.762,0.7942,0.7945,9.20,7.20
2010.06.22 18:14:14.109,0.7942,0.7945,7.00,7.20
2010.06.22 18:14:17.328,0.7942,0.7945,8.60,7.20
2010.06.22 18:14:17.479,0.79425,0.7945,1.00,5.60
2010.06.22 18:14:17.628,0.79425,0.7945,1.00,7.20
2010.06.22 18:14:18.987,0.79425,0.7945,1.20,5.60
2010.06.22 18:14:19.336,0.7943,0.79455,1.00,1.00
2010.06.22 18:14:19.682,0.7943,0.79455,5.20,1.00
2010.06.22 18:14:19.919,0.7943,0.79455,1.20,1.00
2010.06.22 18:14:21.237,0.7943,0.79455,1.40,1.00
2010.06.22 18:14:21.487,0.7943,0.79455,1.40,2.40
2010.06.22 18:14:23.677,0.7943,0.79455,1.40,3.20
2010.06.22 18:14:24.371,0.79435,0.7946,4.60,3.20
2010.06.22 18:14:26.716,0.79435,0.7946,4.40,3.20
2010.06.22 18:14:27.259,0.79435,0.7946,2.80,3.20
2010.06.22 18:14:27.337,0.79435,0.7946,1.00,11.20
2010.06.22 18:14:31.949,0.79435,0.7946,6.00,3.20
2010.06.22 18:14:33.282,0.79435,0.7946,10.20,3.20
2010.06.22 18:14:33.480,0.79435,0.7946,8.40,3.20
2010.06.22 18:14:33.867,0.79435,0.7946,1.00,7.20
2010.06.22 18:14:35.721,0.7943,0.79455,1.20,1.00
2010.06.22 18:14:37.228,0.79425,0.79455,4.00,5.60
2010.06.22 18:14:37.451,0.79425,0.79455,4.00,8.00
2010.06.22 18:14:38.079,0.7942,0.7945,7.60,5.60
2010.06.22 18:14:38.418,0.7942,0.7945,1.20,9.60
2010.06.22 18:14:38.760,0.7942,0.79445,1.00,1.60
2010.06.22 18:14:39.097,0.79415,0.7944,9.20,1.00
2010.06.22 18:14:46.816,0.79415,0.7944,5.20,1.00
2010.06.22 18:14:47.026,0.79415,0.7944,1.20,1.00
2010.06.22 18:14:51.256,0.7942,0.79445,1.00,9.60
2010.06.22 18:14:51.518,0.7942,0.79445,1.00,1.60
2010.06.22 18:14:51.798,0.7942,0.7945,1.20,11.20
2010.06.22 18:14:58.760,0.79425,0.7945,2.00,3.20
2010.06.22 18:14:59.759,0.79425,0.7945,2.00,1.60
2010.06.22 18:15:02.001,0.79425,0.7945,1.00,7.20
2010.06.22 18:15:02.133,0.7942,0.7945,5.20,3.20
2010.06.22 18:15:02.271,0.7942,0.7945,10.80,3.20
2010.06.22 18:15:02.857,0.79425,0.7945,1.20,8.80
2010.06.22 18:15:03.206,0.79425,0.7945,10.80,1.00
2010.06.22 18:15:03.548,0.79425,0.7945,13.20,1.00
2010.06.22 18:15:05.013,0.79425,0.7945,13.40,1.00
2010.06.22 18:15:06.028,0.79425,0.7945,13.20,1.00
2010.06.22 18:15:06.744,0.79425,0.7945,1.20,1.00
2010.06.22 18:15:10.349,0.79425,0.7945,5.20,1.00
2010.06.22 18:15:10.514,0.79425,0.79445,4.00,1.60
2010.06.22 18:15:11.207,0.79415,0.79445,11.60,1.60
2010.06.22 18:15:11.650,0.79415,0.7944,9.20,1.00
2010.06.22 18:15:11.931,0.7942,0.7944,4.00,1.00
2010.06.22 18:15:12.478,0.7942,0.79445,4.40,1.60
2010.06.22 18:15:17.312,0.7942,0.79445,5.20,1.00
2010.06.22 18:15:17.542,0.79425,0.7945,1.60,1.60
2010.06.22 18:15:19.227,0.7942,0.7945,6.80,8.00
2010.06.22 18:15:19.574,0.7942,0.79445,1.00,1.00
2010.06.22 18:15:20.635,0.7942,0.79445,6.00,1.00
2010.06.22 18:15:22.466,0.7942,0.79445,1.00,1.00
2010.06.22 18:15:31.090,0.7942,0.79445,10.80,1.00
2010.06.22 18:15:37.213,0.7942,0.79445,11.80,1.00
2010.06.22 18:15:37.285,0.79425,0.7945,6.00,1.60
2010.06.22 18:15:37.347,0.79425,0.7945,6.80,1.00
2010.06.22 18:15:37.416,0.79425,0.79455,6.80,12.00
2010.06.22 18:15:37.486,0.79425,0.79455,6.80,9.60
2010.06.22 18:15:39.603,0.79435,0.7946,2.80,12.00
2010.06.22 18:15:39.875,0.7944,0.7946,1.00,8.00
2010.06.22 18:15:40.513,0.79445,0.79465,1.20,4.00
2010.06.22 18:15:40.720,0.79445,0.79465,1.20,1.60
2010.06.22 18:15:41.680,0.79445,0.79465,1.00,1.60
2010.06.22 18:15:42.027,0.7944,0.79465,1.20,1.60
2010.06.22 18:15:44.216,0.7944,0.7947,1.20,16.00
2010.06.22 18:15:46.226,0.7944,0.7947,1.20,16.80
2010.06.22 18:15:50.276,0.7944,0.7947,1.00,16.80
2010.06.22 18:15:54.150,0.7944,0.7947,1.40,12.00
2010.06.22 18:15:54.731,0.7944,0.7947,5.40,4.00
2010.06.22 18:15:55.082,0.79445,0.7947,14.40,1.60
2010.06.22 18:15:55.568,0.79445,0.7947,14.50,1.60
2010.06.22 18:15:56.056,0.79445,0.7947,14.40,1.60
2010.06.22 18:15:57.518,0.79445,0.7947,14.50,1.60
2010.06.22 18:15:57.656,0.79445,0.7947,12.00,1.60
2010.06.22 18:15:58.626,0.79445,0.7947,12.10,1.60
2010.06.22 18:15:59.789,0.79445,0.7947,12.00,1.60
2010.06.22 18:16:01.193,0.79445,0.7947,12.00,1.00
2010.06.22 18:16:01.862,0.79445,0.79475,12.00,2.40
2010.06.22 18:16:05.186,0.79445,0.79475,12.10,2.40
2010.06.22 18:16:06.747,0.79445,0.79475,12.00,2.40
2010.06.22 18:16:07.361,0.79445,0.79475,12.10,2.40
2010.06.22 18:16:08.426,0.79445,0.79475,12.00,2.40
2010.06.22 18:16:08.767,0.79445,0.79475,12.00,1.60
2010.06.22 18:16:09.450,0.79445,0.7948,14.80,14.40
2010.06.22 18:16:09.951,0.79445,0.7948,17.20,14.40
2010.06.22 18:16:11.680,0.79445,0.7948,14.00,14.40
2010.06.22 18:16:11.873,0.79445,0.7948,14.80,14.40
2010.06.22 18:16:12.057,0.79445,0.7948,17.20,14.40
2010.06.22 18:16:12.910,0.79445,0.7948,14.80,14.40
2010.06.22 18:16:14.860,0.7945,0.7948,4.80,14.40
2010.06.22 18:16:15.122,0.7945,0.7948,15.20,3.20
2010.06.22 18:16:15.328,0.79455,0.7948,1.60,3.20
2010.06.22 18:16:15.528,0.79455,0.7948,1.60,1.60
2010.06.22 18:16:15.926,0.7945,0.7948,19.00,1.60
2010.06.22 18:16:16.808,0.79455,0.7948,1.00,1.60
2010.06.22 18:16:19.823,0.79455,0.7948,1.00,10.40
2010.06.22 18:16:19.993,0.79445,0.7948,17.40,10.40
2010.06.22 18:16:22.403,0.79445,0.7948,15.70,14.40
2010.06.22 18:16:22.680,0.79445,0.7948,15.70,16.80
2010.06.22 18:16:22.958,0.79445,0.7948,15.60,16.80
2010.06.22 18:16:23.238,0.79445,0.79475,14.50,2.40
2010.06.22 18:16:23.966,0.79445,0.79475,12.00,2.40
2010.06.22 18:16:24.312,0.79445,0.79475,14.40,2.40
2010.06.22 18:16:25.951,0.79445,0.79475,14.40,2.40
2010.06.22 18:16:26.009,0.79445,0.79475,14.50,2.40
2010.06.22 18:16:30.226,0.79445,0.79475,14.40,2.40
2010.06.22 18:16:31.869,0.79445,0.7948,14.80,16.90
2010.06.22 18:16:34.336,0.7945,0.7948,1.60,16.80
2010.06.22 18:16:34.892,0.7945,0.7948,5.60,8.00
2010.06.22 18:16:35.180,0.7945,0.7948,5.60,4.00
2010.06.22 18:16:36.200,0.7945,0.7948,4.00,6.40
2010.06.22 18:16:36.388,0.79445,0.7948,14.80,16.80
2010.06.22 18:16:37.317,0.79445,0.7948,14.80,16.90
2010.06.22 18:16:38.580,0.79455,0.7948,12.80,2.40
2010.06.22 18:16:38.919,0.79455,0.7948,1.60,1.60
2010.06.22 18:16:51.383,0.79445,0.7948,17.20,12.00
2010.06.22 18:16:51.846,0.79445,0.7948,17.20,12.80
2010.06.22 18:16:54.097,0.79445,0.7948,17.20,11.20
2010.06.22 18:16:57.606,0.79455,0.7948,1.60,11.20
2010.06.22 18:16:58.461,0.79455,0.79485,1.60,14.40
2010.06.22 18:16:59.411,0.79455,0.79485,1.60,13.60
2010.06.22 18:17:01.530,0.79455,0.7948,2.80,1.00
2010.06.22 18:17:12.887,0.79455,0.7948,3.00,1.00
2010.06.22 18:17:14.399,0.79455,0.7948,2.80,2.40
2010.06.22 18:17:14.658,0.79455,0.7948,2.80,3.20
2010.06.22 18:17:18.378,0.79455,0.79475,1.60,1.60
2010.06.22 18:17:18.875,0.7945,0.79475,6.00,1.60
2010.06.22 18:17:19.182,0.79445,0.7947,13.20,1.60
2010.06.22 18:17:20.089,0.79445,0.7947,13.40,1.60
2010.06.22 18:17:20.388,0.79445,0.7947,13.20,1.60
2010.06.22 18:17:20.686,0.79445,0.7947,13.40,1.60
2010.06.22 18:17:24.766,0.7945,0.79475,1.00,1.60
2010.06.22 18:17:28.771,0.79445,0.7947,2.80,1.60
2010.06.22 18:17:29.465,0.79445,0.7947,2.80,2.40
2010.06.22 18:17:30.618,0.79445,0.7947,2.80,4.00
2010.06.22 18:17:30.717,0.79445,0.7946,1.20,1.60
2010.06.22 18:17:30.818,0.7944,0.7946,10.40,1.60
2010.06.22 18:17:30.918,0.79445,0.79465,1.60,4.00
2010.06.22 18:17:31.017,0.79445,0.79465,1.60,10.40
2010.06.22 18:17:31.583,0.7944,0.79465,1.00,1.60
2010.06.22 18:17:36.348,0.7944,0.7946,1.00,1.60
2010.06.22 18:17:36.995,0.79435,0.79465,1.20,14.40
2010.06.22 18:17:37.919,0.79435,0.79465,1.20,15.20
2010.06.22 18:17:38.368,0.79435,0.7946,1.20,1.60
2010.06.22 18:17:38.692,0.7943,0.79455,1.20,5.60
2010.06.22 18:17:39.009,0.79425,0.79455,1.20,9.60
2010.06.22 18:17:40.690,0.79405,0.7943,1.00,10.40
2010.06.22 18:17:40.820,0.794,0.7943,3.60,12.00
2010.06.22 18:17:40.947,0.794,0.7943,7.60,12.00
2010.06.22 18:17:41.079,0.794,0.7943,6.80,5.60
2010.06.22 18:17:41.206,0.794,0.7943,6.80,9.60
2010.06.22 18:17:41.659,0.794,0.7943,2.80,9.60
2010.06.22 18:17:41.946,0.794,0.79425,1.00,12.00
2010.06.22 18:17:42.219,0.794,0.79425,1.00,5.60
2010.06.22 18:17:42.499,0.794,0.79425,1.00,1.60
2010.06.22 18:17:43.064,0.794,0.79425,2.00,1.60
2010.06.22 18:17:43.348,0.7941,0.7944,9.20,1.60
2010.06.22 18:17:43.632,0.7941,0.7944,1.20,9.60
2010.06.22 18:17:43.908,0.7941,0.7944,1.20,12.00
2010.06.22 18:17:45.376,0.79405,0.7943,1.20,4.80
2010.06.22 18:17:45.541,0.794,0.7943,6.80,4.80
2010.06.22 18:17:46.289,0.794,0.7943,7.00,5.60
2010.06.22 18:17:46.788,0.79405,0.79435,1.20,9.60
2010.06.22 18:17:47.965,0.79405,0.7943,1.00,5.60
2010.06.22 18:17:48.163,0.794,0.7943,6.80,5.60
2010.06.22 18:17:48.361,0.794,0.7943,1.20,12.00
2010.06.22 18:17:51.310,0.794,0.79425,1.20,1.60
2010.06.22 18:17:51.742,0.79395,0.7942,9.20,1.00
2010.06.22 18:17:52.261,0.79395,0.7942,1.20,1.00
2010.06.22 18:17:54.141,0.79395,0.79425,9.20,1.60
2010.06.22 18:17:55.794,0.794,0.79425,1.00,1.60
2010.06.22 18:17:55.972,0.794,0.79425,1.00,9.60
2010.06.22 18:17:57.679,0.79395,0.7942,1.20,8.00
2010.06.22 18:17:57.898,0.79395,0.7942,1.20,8.80
2010.06.22 18:18:01.539,0.79395,0.7942,1.20,1.00
2010.06.22 18:18:14.767,0.79395,0.7942,1.00,1.00
2010.06.22 18:18:15.583,0.79395,0.79415,1.00,1.60
2010.06.22 18:18:15.734,0.7939,0.79415,3.60,1.60
2010.06.22 18:18:16.017,0.7939,0.79415,2.80,1.60
2010.06.22 18:18:20.444,0.79395,0.7942,1.20,1.00
2010.06.22 18:18:22.453,0.79395,0.79415,1.20,1.60
2010.06.22 18:18:22.538,0.79385,0.7941,14.00,1.60
2010.06.22 18:18:22.609,0.79385,0.7941,11.60,1.60
2010.06.22 18:18:23.162,0.79385,0.7941,9.20,4.80
2010.06.22 18:18:23.251,0.79385,0.7941,1.20,13.60
2010.06.22 18:18:23.801,0.7938,0.7941,2.80,13.60
2010.06.22 18:18:27.188,0.7938,0.79405,2.80,1.60
2010.06.22 18:18:27.346,0.7938,0.7941,2.80,12.00
2010.06.22 18:18:27.488,0.7938,0.7941,3.00,12.00
2010.06.22 18:18:32.436,0.79385,0.7941,1.20,12.00
2010.06.22 18:18:37.156,0.79385,0.79405,1.20,4.00
2010.06.22 18:18:38.480,0.79385,0.7941,1.20,12.10
2010.06.22 18:18:43.827,0.79385,0.7941,1.20,12.00
2010.06.22 18:18:44.298,0.79385,0.7941,1.20,12.10
2010.06.22 18:18:45.020,0.79385,0.7941,1.00,12.90
2010.06.22 18:18:45.303,0.7938,0.79405,1.20,5.60
2010.06.22 18:18:45.580,0.7938,0.79405,1.00,5.60
2010.06.22 18:18:46.157,0.7938,0.794,1.00,8.00
2010.06.22 18:18:46.506,0.7937,0.79395,1.00,2.40
2010.06.22 18:18:47.309,0.79365,0.7939,8.40,4.00
2010.06.22 18:18:47.631,0.7936,0.79385,1.00,1.60
2010.06.22 18:18:51.512,0.7936,0.7938,1.00,1.60
2010.06.22 18:18:51.783,0.79365,0.79385,1.60,4.00
2010.06.22 18:18:51.999,0.7936,0.7939,6.80,7.20
2010.06.22 18:18:52.644,0.7936,0.7939,5.20,7.20
2010.06.22 18:18:52.858,0.7936,0.7939,1.20,16.00
2010.06.22 18:18:53.860,0.79355,0.7938,2.80,3.20
2010.06.22 18:18:54.198,0.7935,0.7938,7.80,3.20
2010.06.22 18:18:55.012,0.79355,0.79385,10.80,1.60
2010.06.22 18:18:55.497,0.79355,0.7938,2.80,1.60
2010.06.22 18:18:55.828,0.79355,0.7938,1.20,1.60
2010.06.22 18:18:55.997,0.79355,0.7938,1.20,3.20
2010.06.22 18:18:57.273,0.7935,0.7937,1.00,1.60
2010.06.22 18:18:57.547,0.7935,0.7938,1.20,16.00
2010.06.22 18:18:57.640,0.7935,0.7938,5.20,12.00
2010.06.22 18:18:57.728,0.79355,0.7938,1.60,3.20
2010.06.22 18:18:59.127,0.7935,0.7937,6.80,1.60
2010.06.22 18:18:59.342,0.79345,0.7937,6.80,1.60
2010.06.22 18:19:00.300,0.7935,0.7937,1.00,1.60
2010.06.22 18:19:00.620,0.7935,0.7938,7.60,1.60
2010.06.22 18:19:01.168,0.79355,0.7938,1.00,1.60
2010.06.22 18:19:01.878,0.79355,0.7937,1.00,1.60
2010.06.22 18:19:02.059,0.79345,0.79365,1.00,3.20
2010.06.22 18:19:02.148,0.7934,0.79365,4.00,1.60
2010.06.22 18:19:02.389,0.79345,0.79365,1.00,8.00
2010.06.22 18:19:03.035,0.79345,0.7937,1.00,16.00
2010.06.22 18:19:03.270,0.79345,0.7937,1.00,9.60
2010.06.22 18:19:04.578,0.7934,0.79365,4.80,3.20
2010.06.22 18:19:04.728,0.79335,0.79365,12.40,3.20
2010.06.22 18:19:05.178,0.79335,0.79365,12.80,3.20
2010.06.22 18:19:05.328,0.79345,0.7937,1.60,13.60
2010.06.22 18:19:05.868,0.79345,0.7937,1.60,5.60
2010.06.22 18:19:06.065,0.79345,0.7937,5.20,1.60
2010.06.22 18:19:06.608,0.79345,0.79375,6.80,8.00
2010.06.22 18:19:06.818,0.79345,0.79375,15.60,1.60
2010.06.22 18:19:07.227,0.79345,0.79375,15.60,1.00
2010.06.22 18:19:07.438,0.7935,0.79375,1.20,1.00
2010.06.22 18:19:08.408,0.79355,0.7938,1.00,13.60
2010.06.22 18:19:08.816,0.79355,0.7938,1.00,11.20
2010.06.22 18:19:09.007,0.79355,0.7938,1.00,5.60
2010.06.22 18:19:09.766,0.79355,0.7938,1.00,1.60
2010.06.22 18:19:10.257,0.79355,0.7938,1.00,9.60
2010.06.22 18:19:10.954,0.79355,0.7938,1.00,1.60
2010.06.22 18:19:14.688,0.79355,0.7937,1.00,1.60
2010.06.22 18:19:14.910,0.7935,0.7937,8.40,1.60
2010.06.22 18:19:15.508,0.7935,0.7937,4.40,1.60
2010.06.22 18:19:15.758,0.7935,0.7937,1.00,1.60
2010.06.22 18:19:16.899,0.7934,0.79365,4.40,1.60
2010.06.22 18:19:17.078,0.7934,0.79365,1.20,1.60
2010.06.22 18:19:17.699,0.7934,0.7937,7.60,4.00
2010.06.22 18:19:17.879,0.79345,0.7937,1.20,4.80
2010.06.22 18:19:18.418,0.79345,0.7937,9.20,1.00
2010.06.22 18:19:18.943,0.79345,0.7937,1.20,9.60
2010.06.22 18:19:19.473,0.79345,0.79365,1.20,1.60
2010.06.22 18:19:19.813,0.7933,0.79355,1.00,3.20
2010.06.22 18:19:20.299,0.79335,0.79355,4.80,3.20
2010.06.22 18:19:20.552,0.79345,0.79365,1.00,1.00
2010.06.22 18:19:21.151,0.79345,0.7937,1.00,9.60
2010.06.22 18:19:21.460,0.79345,0.7937,1.00,7.20
2010.06.22 18:19:22.338,0.7934,0.79365,5.20,1.60
2010.06.22 18:19:22.478,0.7934,0.79365,1.00,1.60
2010.06.22 18:19:22.619,0.7934,0.7936,1.00,1.60
2010.06.22 18:19:23.721,0.79335,0.7936,1.20,2.40
2010.06.22 18:19:26.328,0.7934,0.79365,4.40,1.60
2010.06.22 18:19:28.460,0.7934,0.79365,1.00,1.60
2010.06.22 18:19:28.958,0.7934,0.79365,4.40,1.60
2010.06.22 18:19:29.129,0.7934,0.79365,5.20,1.00
2010.06.22 18:19:29.298,0.7934,0.79365,4.40,1.00
2010.06.22 18:19:29.469,0.7934,0.79365,1.00,7.20
2010.06.22 18:19:29.739,0.79335,0.7936,1.20,1.60
2010.06.22 18:19:30.538,0.79335,0.7936,1.20,2.40
2010.06.22 18:19:33.668,0.7933,0.79355,3.60,3.20
2010.06.22 18:19:33.898,0.7933,0.79355,1.00,3.20
2010.06.22 18:19:38.091,0.79325,0.79355,11.60,3.20
2010.06.22 18:19:38.188,0.79325,0.79355,10.80,3.30
2010.06.22 18:19:38.489,0.79325,0.7935,1.00,1.60
2010.06.22 18:19:41.384,0.79325,0.79355,13.40,2.40
2010.06.22 18:19:41.662,0.7933,0.79355,1.20,2.40
2010.06.22 18:19:45.816,0.7933,0.79355,1.00,2.40
2010.06.22 18:19:46.747,0.7933,0.79355,1.00,7.20
2010.06.22 18:19:47.376,0.7933,0.79355,1.20,6.40
2010.06.22 18:19:48.061,0.7933,0.7936,5.20,5.60
2010.06.22 18:19:48.257,0.7933,0.7936,5.20,3.20
2010.06.22 18:19:48.938,0.79335,0.7936,1.20,3.20
2010.06.22 18:19:50.307,0.79335,0.7936,1.20,2.40
2010.06.22 18:19:52.746,0.79335,0.7936,1.20,3.20
2010.06.22 18:19:54.630,0.7933,0.79355,1.20,5.60
2010.06.22 18:19:55.441,0.7932,0.79345,1.00,3.20
2010.06.22 18:19:55.644,0.7932,0.79345,2.00,3.20
2010.06.22 18:19:55.757,0.7932,0.79345,1.00,5.60
2010.06.22 18:19:55.858,0.79315,0.79345,11.60,5.60
2010.06.22 18:19:55.957,0.79315,0.79345,9.20,6.40
2010.06.22 18:19:56.429,0.79315,0.7934,9.20,1.00
2010.06.22 18:19:56.771,0.79315,0.7934,11.60,1.60
2010.06.22 18:19:57.449,0.79315,0.79335,5.20,1.60
2010.06.22 18:19:57.794,0.7931,0.79335,2.00,1.60
2010.06.22 18:19:57.999,0.7931,0.79335,2.00,2.40
2010.06.22 18:19:58.607,0.7931,0.79335,2.00,3.20
2010.06.22 18:20:00.348,0.7931,0.79335,2.00,2.40
2010.06.22 18:20:02.187,0.7931,0.79335,1.00,2.40
2010.06.22 18:20:02.327,0.7931,0.79335,1.00,5.60
2010.06.22 18:20:03.651,0.79305,0.79335,11.60,5.70
2010.06.22 18:20:07.307,0.79305,0.79325,11.60,1.60
2010.06.22 18:20:07.671,0.79305,0.79325,1.20,1.60
2010.06.22 18:20:07.868,0.79305,0.79335,9.20,8.10
2010.06.22 18:20:08.068,0.79305,0.79335,11.60,5.70
2010.06.22 18:20:11.029,0.79305,0.79325,6.80,1.60
2010.06.22 18:20:11.157,0.79305,0.79325,2.40,1.60
2010.06.22 18:20:11.286,0.793,0.79325,14.80,1.60
2010.06.22 18:20:11.818,0.793,0.79325,14.80,2.40
2010.06.22 18:20:11.945,0.79295,0.7932,1.60,3.20
2010.06.22 18:20:12.067,0.79295,0.7932,1.60,3.30
2010.06.22 18:20:12.188,0.79295,0.7932,1.60,3.20
2010.06.22 18:20:12.547,0.79295,0.7932,1.60,3.30
2010.06.22 18:20:12.786,0.79295,0.7932,1.60,3.20
2010.06.22 18:20:13.447,0.79295,0.7932,1.60,3.30
2010.06.22 18:20:13.756,0.79285,0.7931,8.00,3.20
2010.06.22 18:20:14.061,0.79285,0.7931,5.60,3.20
2010.06.22 18:20:14.364,0.79285,0.7931,1.60,3.20
2010.06.22 18:20:15.568,0.7928,0.79305,4.40,2.40
2010.06.22 18:20:17.637,0.79285,0.79305,1.60,1.00
2010.06.22 18:20:19.455,0.79285,0.7931,2.00,4.00
2010.06.22 18:20:19.670,0.79285,0.7931,2.00,3.20
2010.06.22 18:20:21.401,0.79285,0.7931,2.80,3.20
2010.06.22 18:20:21.697,0.79285,0.7931,2.80,1.60
2010.06.22 18:20:21.849,0.79285,0.79315,2.80,13.60
2010.06.22 18:20:21.967,0.79285,0.79315,6.80,7.20
2010.06.22 18:20:22.800,0.79285,0.79315,9.20,7.20
2010.06.22 18:20:23.677,0.79285,0.79315,9.40,7.20
2010.06.22 18:20:24.285,0.7929,0.79315,1.00,7.20
2010.06.22 18:20:24.643,0.7929,0.79315,6.00,3.20
2010.06.22 18:20:24.991,0.7929,0.79315,1.00,3.20
2010.06.22 18:20:25.240,0.7929,0.7931,1.00,1.60
2010.06.22 18:20:25.489,0.7929,0.79315,4.40,3.20
2010.06.22 18:20:29.710,0.79295,0.79325,4.40,12.80
2010.06.22 18:20:29.949,0.79295,0.79325,4.40,16.80
2010.06.22 18:20:30.189,0.79295,0.7932,1.00,1.60
2010.06.22 18:20:31.288,0.79295,0.79325,1.00,16.80
2010.06.22 18:20:31.477,0.79295,0.79325,1.20,16.80
2010.06.22 18:20:32.384,0.79295,0.79315,1.00,1.60
2010.06.22 18:20:34.869,0.79295,0.79325,2.80,11.20
2010.06.22 18:20:36.312,0.793,0.79325,2.00,11.20
2010.06.22 18:20:36.667,0.793,0.79325,6.80,1.60
2010.06.22 18:20:37.168,0.793,0.79325,7.00,1.60
2010.06.22 18:20:39.017,0.793,0.79325,7.80,1.60
2010.06.22 18:20:39.336,0.79305,0.79325,1.20,1.60
2010.06.22 18:20:40.929,0.79305,0.7933,9.20,1.60
2010.06.22 18:20:41.455,0.7931,0.79335,1.20,2.40
2010.06.22 18:20:41.637,0.7931,0.79335,1.20,8.80
2010.06.22 18:20:41.697,0.7931,0.79335,1.20,12.80
2010.06.22 18:20:48.940,0.7931,0.79335,1.20,2.40
2010.06.22 18:20:49.907,0.7931,0.79335,1.40,2.40
2010.06.22 18:20:51.017,0.7931,0.79335,1.20,2.40
2010.06.22 18:20:51.197,0.7931,0.79335,1.20,8.80
2010.06.22 18:20:51.249,0.79305,0.79325,2.40,1.60
2010.06.22 18:20:51.297,0.793,0.79325,10.80,1.60
2010.06.22 18:20:51.855,0.79295,0.79325,6.90,7.20
2010.06.22 18:20:52.438,0.79295,0.79325,7.00,7.20
2010.06.22 18:20:59.436,0.79295,0.79325,7.00,3.20
2010.06.22 18:20:59.596,0.79295,0.79325,13.40,3.20
2010.06.22 18:21:01.190,0.79305,0.7933,4.80,1.60
2010.06.22 18:21:01.269,0.79305,0.7933,9.20,1.60
2010.06.22 18:21:01.348,0.79305,0.7933,9.20,1.00
2010.06.22 18:21:03.768,0.79305,0.79325,9.20,1.60
2010.06.22 18:21:03.985,0.793,0.79325,1.00,3.20
2010.06.22 18:21:04.191,0.79295,0.7932,6.80,1.00
2010.06.22 18:21:15.407,0.79295,0.7932,5.20,1.00
2010.06.22 18:21:16.020,0.7929,0.7932,2.00,9.60
2010.06.22 18:21:16.253,0.7929,0.7932,1.20,9.60
2010.06.22 18:21:17.746,0.7929,0.7932,1.20,12.00
2010.06.22 18:21:19.696,0.7929,0.7932,1.20,9.60
2010.06.22 18:21:19.947,0.7929,0.7932,5.20,5.60
2010.06.22 18:21:21.509,0.7929,0.79315,5.20,1.60
2010.06.22 18:21:21.644,0.793,0.7933,6.80,2.40
2010.06.22 18:21:21.760,0.793,0.7933,13.20,1.60
2010.06.22 18:21:22.669,0.79305,0.79335,1.20,12.00
2010.06.22 18:21:24.830,0.7931,0.79335,4.80,3.20
2010.06.22 18:21:25.175,0.79315,0.79345,4.40,8.00
2010.06.22 18:21:25.369,0.79315,0.79345,5.20,5.60
2010.06.22 18:21:26.248,0.7931,0.79335,2.80,1.60
2010.06.22 18:21:26.480,0.7931,0.79335,1.00,3.20
2010.06.22 18:21:26.938,0.7931,0.79335,1.00,1.60
2010.06.22 18:21:29.429,0.79315,0.79335,1.00,1.00
2010.06.22 18:21:29.599,0.79315,0.7934,1.20,2.40
2010.06.22 18:21:30.386,0.79315,0.79345,11.60,1.60
2010.06.22 18:21:31.887,0.7932,0.79345,1.00,1.60
2010.06.22 18:21:33.709,0.7932,0.79345,1.00,6.40
2010.06.22 18:21:33.899,0.79315,0.79345,1.20,12.80
2010.06.22 18:21:34.472,0.79315,0.7934,1.20,1.00
2010.06.22 18:21:34.764,0.79315,0.79345,1.20,13.60
2010.06.22 18:21:35.052,0.79315,0.7934,1.20,4.00
2010.06.22 18:21:36.704,0.7932,0.7934,1.60,4.00
2010.06.22 18:21:36.977,0.7932,0.79345,2.00,8.00
2010.06.22 18:21:37.996,0.7932,0.79345,2.00,7.20
2010.06.22 18:21:38.343,0.7932,0.79345,2.00,2.40
2010.06.22 18:21:38.688,0.7932,0.79345,2.00,13.60
2010.06.22 18:21:39.029,0.7932,0.79345,2.00,12.80
2010.06.22 18:21:39.340,0.7932,0.79345,2.00,1.60
2010.06.22 18:21:41.132,0.7932,0.79345,1.00,4.00
2010.06.22 18:21:41.489,0.7932,0.79345,1.00,12.00
2010.06.22 18:21:55.157,0.7932,0.79345,2.00,12.00
2010.06.22 18:21:55.438,0.7932,0.79345,2.00,1.60
2010.06.22 18:21:56.968,0.7932,0.79345,2.00,8.00
2010.06.22 18:21:58.997,0.7932,0.79345,2.00,13.60
2010.06.22 18:22:01.887,0.7932,0.79345,2.00,12.00
2010.06.22 18:22:02.007,0.7932,0.79345,2.00,8.00
2010.06.22 18:22:07.272,0.7932,0.7935,2.80,13.60
2010.06.22 18:22:07.917,0.7932,0.7935,2.80,14.40
2010.06.22 18:22:09.719,0.7932,0.79345,1.00,5.60
2010.06.22 18:22:10.918,0.7932,0.79345,1.00,7.20
2010.06.22 18:22:11.147,0.79315,0.79345,2.00,14.40
2010.06.22 18:22:11.912,0.79315,0.79345,1.20,16.00
2010.06.22 18:22:12.051,0.79315,0.7934,1.20,4.00
2010.06.22 18:22:14.040,0.79315,0.79345,1.20,15.20
2010.06.22 18:22:14.341,0.79315,0.79345,1.20,13.60
2010.06.22 18:22:14.931,0.79315,0.7934,1.20,8.00
2010.06.22 18:22:15.579,0.79315,0.7934,1.20,9.60
2010.06.22 18:22:17.360,0.7931,0.7934,1.20,9.60
2010.06.22 18:22:17.587,0.7931,0.79335,1.20,1.00
2010.06.22 18:22:17.817,0.7931,0.79335,1.00,1.00
2010.06.22 18:22:20.018,0.7931,0.79335,2.00,1.00
2010.06.22 18:22:20.200,0.7931,0.79335,5.20,1.00
2010.06.22 18:22:21.107,0.7931,0.79335,5.40,1.00
2010.06.22 18:22:23.151,0.7931,0.79335,9.40,1.00
2010.06.22 18:22:23.188,0.7931,0.7934,9.40,5.60
2010.06.22 18:22:23.338,0.7931,0.7934,9.20,5.60
2010.06.22 18:22:23.377,0.7931,0.7934,10.00,5.60
2010.06.22 18:22:23.417,0.7931,0.7934,10.20,5.60
2010.06.22 18:22:24.727,0.7931,0.7934,6.20,9.60
2010.06.22 18:22:26.968,0.7932,0.7934,2.80,8.00
2010.06.22 18:22:27.118,0.7932,0.79345,3.00,5.60
2010.06.22 18:22:27.267,0.7932,0.79345,3.00,1.60
2010.06.22 18:22:27.820,0.7932,0.79345,3.00,1.00
2010.06.22 18:22:28.090,0.7932,0.79345,2.80,1.00
2010.06.22 18:22:28.909,0.7932,0.79345,3.00,1.00
2010.06.22 18:22:30.214,0.7932,0.79345,2.80,1.00
2010.06.22 18:22:30.534,0.79325,0.7935,1.00,14.40
2010.06.22 18:22:35.977,0.79325,0.79345,1.00,1.60
2010.06.22 18:22:37.142,0.79325,0.7935,1.00,14.40
2010.06.22 18:22:37.808,0.79325,0.79345,1.00,1.60
2010.06.22 18:22:39.328,0.79325,0.7935,1.00,14.40
2010.06.22 18:22:39.513,0.79325,0.7935,1.00,13.60
2010.06.22 18:22:43.497,0.79325,0.7935,1.00,14.40
2010.06.22 18:22:45.817,0.79325,0.7935,1.00,13.60
2010.06.22 18:22:45.916,0.79325,0.7935,1.00,14.40
2010.06.22 18:22:46.186,0.79325,0.7935,1.00,13.60
2010.06.22 18:22:46.727,0.79325,0.7935,1.00,14.40
2010.06.22 18:22:49.909,0.79325,0.7935,1.00,3.20
2010.06.22 18:22:51.247,0.79325,0.7935,1.00,11.20
2010.06.22 18:22:51.418,0.79325,0.7935,1.00,13.60
2010.06.22 18:22:58.795,0.79325,0.79345,1.00,1.60
2010.06.22 18:23:02.108,0.7932,0.79345,2.00,2.40
2010.06.22 18:23:05.048,0.7932,0.79345,2.00,1.00
2010.06.22 18:23:08.767,0.7932,0.79345,6.00,1.00
2010.06.22 18:23:10.229,0.7932,0.79345,4.40,1.00
2010.06.22 18:23:10.529,0.7932,0.79345,1.00,1.00
2010.06.22 18:23:11.659,0.7932,0.79345,1.00,8.80
2010.06.22 18:23:13.648,0.7932,0.79345,1.00,11.20
2010.06.22 18:23:14.097,0.79315,0.7934,1.20,4.00
2010.06.22 18:23:20.079,0.79315,0.7934,1.20,8.00
2010.06.22 18:23:22.550,0.79315,0.7934,1.20,4.00
2010.06.22 18:23:24.238,0.79315,0.7934,1.00,5.60
2010.06.22 18:23:24.385,0.7931,0.79335,1.00,13.60
2010.06.22 18:23:24.704,0.793,0.7933,14.80,1.60
2010.06.22 18:23:25.440,0.793,0.7933,5.20,1.60
2010.06.22 18:23:25.920,0.793,0.7933,5.20,5.60
2010.06.22 18:23:26.161,0.793,0.7933,1.20,9.60
2010.06.22 18:23:26.401,0.793,0.79325,1.20,1.60
2010.06.22 18:23:27.078,0.79295,0.79325,9.20,1.60
2010.06.22 18:23:27.433,0.7929,0.79315,8.40,1.60
2010.06.22 18:23:27.518,0.7929,0.79315,4.40,1.60
2010.06.22 18:23:27.609,0.7929,0.79315,4.40,7.20
2010.06.22 18:23:27.700,0.7929,0.7931,1.00,1.00
2010.06.22 18:23:28.232,0.79285,0.7931,3.60,1.60
2010.06.22 18:23:28.328,0.79285,0.7931,1.00,1.60
2010.06.22 18:23:30.015,0.79285,0.7931,1.00,5.60
2010.06.22 18:23:31.538,0.79285,0.7931,1.00,1.60
2010.06.22 18:23:38.077,0.79285,0.79305,1.00,1.60
2010.06.22 18:23:38.615,0.7928,0.79305,1.20,2.40
2010.06.22 18:23:40.660,0.7928,0.79305,1.20,4.00
2010.06.22 18:23:41.472,0.7928,0.79305,1.20,2.40
2010.06.22 18:23:46.079,0.7928,0.79305,1.00,4.80
2010.06.22 18:23:46.294,0.79275,0.793,1.00,13.60
2010.06.22 18:23:47.661,0.7927,0.7929,1.20,1.60
2010.06.22 18:23:49.779,0.79265,0.7929,3.60,1.60
2010.06.22 18:23:49.981,0.79265,0.7929,1.20,1.60
2010.06.22 18:23:50.869,0.79265,0.79295,7.60,5.60
2010.06.22 18:23:51.449,0.7927,0.79295,5.20,1.00
2010.06.22 18:23:51.657,0.79275,0.793,1.00,7.20
2010.06.22 18:23:51.861,0.79275,0.793,1.00,13.60
2010.06.22 18:23:52.259,0.79275,0.793,1.00,12.00
2010.06.22 18:23:52.460,0.79275,0.793,1.00,8.00
2010.06.22 18:23:53.233,0.79275,0.793,1.00,6.40
2010.06.22 18:23:53.521,0.7927,0.79295,1.20,1.00
2010.06.22 18:23:53.821,0.79265,0.7929,10.80,1.60
2010.06.22 18:23:54.580,0.79265,0.7929,6.80,1.60
2010.06.22 18:23:54.862,0.79265,0.7929,1.20,3.20
2010.06.22 18:23:55.128,0.7926,0.7929,12.40,3.20
2010.06.22 18:23:55.398,0.7926,0.7929,11.60,3.20
2010.06.22 18:23:56.230,0.7926,0.79285,2.80,3.20
2010.06.22 18:23:56.847,0.7926,0.79285,4.40,1.60
2010.06.22 18:23:57.948,0.7926,0.7929,5.20,3.20
2010.06.22 18:24:00.749,0.7926,0.7929,5.20,5.60
2010.06.22 18:24:01.090,0.7926,0.7929,1.20,16.00
2010.06.22 18:24:04.189,0.7926,0.79285,1.20,1.60
2010.06.22 18:24:04.734,0.7926,0.79285,1.20,10.40
2010.06.22 18:24:05.012,0.7926,0.79285,1.00,1.60
2010.06.22 18:24:05.560,0.79255,0.7928,3.60,1.00
2010.06.22 18:24:05.828,0.79255,0.7928,2.80,1.00
2010.06.22 18:24:06.953,0.79255,0.7928,2.80,2.40
2010.06.22 18:24:07.080,0.79255,0.7928,1.20,2.40
2010.06.22 18:24:08.098,0.79255,0.7928,1.20,1.00
2010.06.22 18:24:08.798,0.79255,0.7928,5.20,1.00
2010.06.22 18:24:09.037,0.7926,0.79285,1.00,5.60
2010.06.22 18:24:09.639,0.79255,0.7928,1.20,2.40
2010.06.22 18:24:10.240,0.79255,0.7928,1.20,1.00
2010.06.22 18:24:10.938,0.79255,0.79285,5.20,5.60
2010.06.22 18:24:25.239,0.79255,0.79285,9.20,5.60
2010.06.22 18:24:25.884,0.79255,0.79285,13.20,1.60
2010.06.22 18:24:26.293,0.79255,0.79285,13.40,1.60
2010.06.22 18:24:26.897,0.79255,0.79285,13.20,1.60
2010.06.22 18:24:27.101,0.79255,0.79285,5.20,1.60
2010.06.22 18:24:27.197,0.79255,0.79285,5.20,5.60
2010.06.22 18:24:30.686,0.79255,0.79285,5.20,5.70
2010.06.22 18:24:31.838,0.79255,0.79285,5.20,5.60
2010.06.22 18:24:32.037,0.79255,0.79285,5.20,5.70
2010.06.22 18:24:32.427,0.79255,0.7928,5.20,1.60
2010.06.22 18:24:32.629,0.79255,0.7928,1.20,6.40
2010.06.22 18:24:32.827,0.79255,0.7928,5.20,1.00
2010.06.22 18:24:35.228,0.79255,0.79285,9.20,5.60
2010.06.22 18:24:35.337,0.79255,0.79285,9.20,1.60
2010.06.22 18:24:35.447,0.79255,0.79285,13.20,1.60
2010.06.22 18:24:36.351,0.79255,0.79285,13.40,1.60
2010.06.22 18:24:37.249,0.79255,0.79285,13.20,1.60
2010.06.22 18:24:38.158,0.79255,0.79285,13.40,1.60
2010.06.22 18:24:40.519,0.79255,0.79285,13.20,1.60
2010.06.22 18:24:41.476,0.79255,0.79285,10.80,1.60
2010.06.22 18:24:41.987,0.79255,0.79285,11.00,1.60
2010.06.22 18:24:45.619,0.79255,0.79285,5.20,1.60
2010.06.22 18:24:45.791,0.79255,0.79285,5.20,5.60
2010.06.22 18:24:48.465,0.7926,0.7929,5.20,5.60
2010.06.22 18:24:49.068,0.7926,0.7929,1.20,9.60
2010.06.22 18:24:49.748,0.7926,0.79285,1.20,1.00
2010.06.22 18:24:51.281,0.79255,0.79285,9.20,1.60
2010.06.22 18:24:57.561,0.79255,0.79285,11.60,1.60
2010.06.22 18:25:02.655,0.79255,0.79285,5.20,10.40
2010.06.22 18:25:02.862,0.79255,0.79285,1.20,9.60
2010.06.22 18:25:03.545,0.79255,0.79285,5.20,5.60
2010.06.22 18:25:04.288,0.79255,0.79285,5.20,5.70
2010.06.22 18:25:05.222,0.79255,0.7928,5.20,2.40
2010.06.22 18:25:05.392,0.79255,0.7928,1.00,5.60
2010.06.22 18:25:05.882,0.7925,0.79275,4.40,1.60
2010.06.22 18:25:06.221,0.7925,0.79275,1.20,3.20
2010.06.22 18:25:18.864,0.7925,0.79275,10.00,1.60
2010.06.22 18:25:19.180,0.79255,0.7928,1.00,3.20
2010.06.22 18:25:31.932,0.79255,0.7928,1.00,7.20
2010.06.22 18:25:32.628,0.79255,0.7928,1.00,3.20
2010.06.22 18:25:39.898,0.79255,0.7928,1.00,4.00
2010.06.22 18:25:40.138,0.79255,0.79275,1.00,1.00
2010.06.22 18:25:40.634,0.79255,0.7928,1.00,7.60
2010.06.22 18:25:40.969,0.79255,0.7928,1.00,3.60
2010.06.22 18:25:41.308,0.79255,0.7928,1.00,3.20
2010.06.22 18:25:44.205,0.79255,0.7928,1.00,4.00
2010.06.22 18:25:44.499,0.79255,0.7928,2.80,1.00
2010.06.22 18:25:44.731,0.79255,0.7928,10.80,1.00
2010.06.22 18:25:44.960,0.7926,0.79285,1.00,1.60
2010.06.22 18:25:45.856,0.79255,0.79285,7.60,5.60
2010.06.22 18:25:46.071,0.79255,0.79285,10.80,1.60
2010.06.22 18:25:46.281,0.79255,0.7928,5.20,1.60
2010.06.22 18:25:46.490,0.79255,0.7928,1.20,3.20
2010.06.22 18:25:50.148,0.79255,0.7928,1.20,7.30
2010.06.22 18:25:56.457,0.79255,0.7928,1.20,7.20
2010.06.22 18:25:57.274,0.79255,0.7928,2.80,5.60
2010.06.22 18:25:57.355,0.79255,0.79285,15.60,1.60
2010.06.22 18:25:59.597,0.7926,0.79285,2.40,1.60
2010.06.22 18:25:59.812,0.79265,0.79285,1.60,1.60
2010.06.22 18:26:00.885,0.79255,0.7928,2.80,1.60
2010.06.22 18:26:01.087,0.7926,0.79285,1.20,1.60
2010.06.22 18:26:07.219,0.7926,0.79285,1.00,1.60
2010.06.22 18:26:07.296,0.79255,0.79285,16.40,1.60
2010.06.22 18:26:07.537,0.79255,0.79285,15.60,1.60
2010.06.22 18:26:08.366,0.79255,0.79285,5.20,5.60
2010.06.22 18:26:08.547,0.79255,0.79285,5.20,5.70
2010.06.22 18:26:09.248,0.79255,0.79285,5.20,5.60
2010.06.22 18:26:12.168,0.79255,0.79285,5.20,5.70
2010.06.22 18:26:13.329,0.79255,0.79285,5.20,5.60
2010.06.22 18:26:13.588,0.79255,0.79285,5.20,5.70
2010.06.22 18:26:14.097,0.79255,0.79285,5.20,5.60
2010.06.22 18:26:14.608,0.79255,0.79285,5.20,5.70
2010.06.22 18:26:15.639,0.79255,0.79285,1.20,8.10
2010.06.22 18:26:15.851,0.79255,0.79285,1.20,14.50
2010.06.22 18:26:16.059,0.79255,0.79285,1.20,14.40
2010.06.22 18:26:16.482,0.7925,0.79275,5.20,1.60
2010.06.22 18:26:16.940,0.7925,0.79275,1.20,1.60
2010.06.22 18:26:17.175,0.7925,0.7928,5.20,3.20
2010.06.22 18:26:18.239,0.79255,0.7928,2.40,1.60
2010.06.22 18:26:18.428,0.79255,0.7928,1.20,3.20
2010.06.22 18:26:21.841,0.7925,0.7928,1.20,13.60
2010.06.22 18:26:22.021,0.7925,0.7928,1.20,11.20
2010.06.22 18:26:22.205,0.7925,0.7928,5.20,3.20
2010.06.22 18:26:24.888,0.7925,0.7928,5.40,3.20
2010.06.22 18:26:25.058,0.7925,0.7928,5.20,3.20
2010.06.22 18:26:25.399,0.7925,0.7928,5.40,3.20
2010.06.22 18:26:25.569,0.7925,0.7928,5.20,3.20
2010.06.22 18:26:26.443,0.7925,0.79275,1.20,4.00
2010.06.22 18:26:26.794,0.7925,0.79275,1.20,3.20
2010.06.22 18:26:27.470,0.7925,0.79275,1.20,1.00
2010.06.22 18:26:27.721,0.7925,0.79275,1.20,1.60
2010.06.22 18:26:27.970,0.7925,0.7927,1.20,1.00
2010.06.22 18:26:28.952,0.7925,0.79275,1.20,3.20
2010.06.22 18:26:29.991,0.7925,0.79275,1.40,3.20
2010.06.22 18:26:30.459,0.7925,0.79275,3.80,2.40
2010.06.22 18:26:30.811,0.79255,0.7928,1.20,4.00
2010.06.22 18:26:31.154,0.79255,0.79275,1.00,7.20
2010.06.22 18:26:31.838,0.79255,0.79275,1.00,10.40
2010.06.22 18:26:32.134,0.7924,0.7927,15.60,1.00
2010.06.22 18:26:32.872,0.7924,0.79265,5.20,6.40
2010.06.22 18:26:33.187,0.7924,0.79265,2.80,8.80
2010.06.22 18:26:33.481,0.7924,0.79265,2.80,7.20
2010.06.22 18:26:33.780,0.7924,0.79265,2.80,9.60
2010.06.22 18:26:35.062,0.7924,0.7926,2.80,1.00
2010.06.22 18:26:35.334,0.7924,0.79265,2.80,15.20
2010.06.22 18:26:36.007,0.7924,0.79265,2.80,14.40
2010.06.22 18:26:36.349,0.7923,0.7926,5.40,11.20
2010.06.22 18:26:36.587,0.7923,0.7926,3.00,11.20
2010.06.22 18:26:36.828,0.7923,0.7926,3.00,9.60
2010.06.22 18:26:37.071,0.79235,0.7926,1.20,11.20
2010.06.22 18:26:38.215,0.7923,0.79255,2.80,1.60
2010.06.22 18:26:38.430,0.7923,0.79255,2.80,4.00
2010.06.22 18:26:39.329,0.7923,0.7925,1.00,1.00
2010.06.22 18:26:39.817,0.79225,0.7925,3.60,1.00
2010.06.22 18:26:40.073,0.7923,0.79255,2.80,1.00
2010.06.22 18:26:40.333,0.7923,0.7926,2.80,16.80
2010.06.22 18:26:40.591,0.7923,0.7926,5.20,16.80
2010.06.22 18:26:41.599,0.7923,0.79255,5.20,1.00
2010.06.22 18:26:41.907,0.7923,0.79255,2.00,3.20
2010.06.22 18:26:43.185,0.7923,0.79255,2.00,1.60
2010.06.22 18:26:43.445,0.7923,0.7926,5.20,15.20
2010.06.22 18:26:44.206,0.7923,0.7926,5.20,16.00
2010.06.22 18:26:44.485,0.7923,0.7926,5.20,14.40
2010.06.22 18:26:44.759,0.7923,0.7926,2.80,14.40
2010.06.22 18:26:45.432,0.7923,0.79255,4.00,3.20
2010.06.22 18:26:45.760,0.7923,0.79255,1.60,3.20
2010.06.22 18:26:47.642,0.79225,0.79255,1.20,11.20
2010.06.22 18:26:47.833,0.79225,0.7925,1.20,1.00
2010.06.22 18:26:51.448,0.79225,0.7925,3.60,1.00
2010.06.22 18:26:51.629,0.7923,0.79255,1.00,12.00
2010.06.22 18:26:53.261,0.7923,0.79255,4.40,12.00
2010.06.22 18:26:53.489,0.7923,0.79255,4.40,3.20
2010.06.22 18:26:54.295,0.7923,0.7926,5.20,13.60
2010.06.22 18:26:55.258,0.7923,0.7926,5.40,13.60
2010.06.22 18:26:55.853,0.7923,0.7926,5.20,13.60
2010.06.22 18:26:57.193,0.7923,0.79255,2.00,2.40
2010.06.22 18:26:57.486,0.7923,0.79255,1.00,13.60
2010.06.22 18:26:58.065,0.7922,0.7925,19.40,1.60
2010.06.22 18:26:58.851,0.7922,0.7925,13.00,1.60
2010.06.22 18:26:59.190,0.7922,0.7925,17.00,1.60
2010.06.22 18:26:59.530,0.7922,0.7925,17.00,2.40
2010.06.22 18:27:00.333,0.7922,0.7925,14.60,1.60
2010.06.22 18:27:00.998,0.7922,0.7925,17.00,1.60
2010.06.22 18:27:02.359,0.7922,0.7925,17.00,2.40
2010.06.22 18:27:02.439,0.7922,0.7925,10.60,6.40
2010.06.22 18:27:02.917,0.7922,0.7925,10.40,6.40
2010.06.22 18:27:03.015,0.7922,0.79245,2.80,2.40
2010.06.22 18:27:04.418,0.79215,0.79245,11.60,3.20
2010.06.22 18:27:04.719,0.79215,0.79245,5.20,7.20
2010.06.22 18:27:06.159,0.79215,0.7924,1.00,5.60
2010.06.22 18:27:06.411,0.79215,0.7924,1.00,1.60
2010.06.22 18:27:07.334,0.79215,0.7924,1.00,7.20
2010.06.22 18:27:07.621,0.79215,0.7924,1.00,5.60
2010.06.22 18:27:07.889,0.79215,0.7924,1.00,1.60
2010.06.22 18:27:11.420,0.7921,0.79235,1.00,1.00
2010.06.22 18:27:11.692,0.7921,0.79235,1.20,1.00
2010.06.22 18:27:11.868,0.7921,0.79235,5.20,1.00
2010.06.22 18:27:12.563,0.7921,0.79235,1.20,1.00
2010.06.22 18:27:12.908,0.7921,0.79235,1.20,4.80
2010.06.22 18:27:13.582,0.7921,0.79235,1.20,6.40
2010.06.22 18:27:13.934,0.79205,0.7923,2.80,1.60
2010.06.22 18:27:15.488,0.79205,0.7923,5.20,1.60
2010.06.22 18:27:16.237,0.79205,0.7923,5.20,9.60
2010.06.22 18:27:17.189,0.79205,0.7923,5.20,7.20
2010.06.22 18:27:17.516,0.79205,0.79225,1.60,1.00
2010.06.22 18:27:17.684,0.792,0.79225,1.20,2.40
2010.06.22 18:27:18.300,0.79205,0.79225,2.00,4.00
2010.06.22 18:27:18.473,0.79205,0.7923,2.80,13.60
2010.06.22 18:27:18.823,0.79205,0.7923,2.80,8.00
2010.06.22 18:27:19.172,0.79205,0.7923,1.20,12.00
2010.06.22 18:27:19.960,0.792,0.79225,2.00,9.60
2010.06.22 18:27:20.296,0.792,0.7922,1.20,1.60
2010.06.22 18:27:20.628,0.79205,0.7923,1.00,8.80
2010.06.22 18:27:21.070,0.79205,0.7923,1.20,8.00
2010.06.22 18:27:21.395,0.7921,0.79235,1.20,11.20
2010.06.22 18:27:21.704,0.7921,0.79235,1.20,10.40
2010.06.22 18:27:25.017,0.792,0.79225,1.20,8.00
2010.06.22 18:27:25.344,0.792,0.7923,1.20,9.60
2010.06.22 18:27:26.133,0.792,0.79225,1.20,9.60
2010.06.22 18:27:26.452,0.792,0.79225,1.60,4.00
2010.06.22 18:27:26.952,0.792,0.79225,1.60,8.00
2010.06.22 18:27:27.274,0.792,0.7923,1.60,9.60
2010.06.22 18:27:30.118,0.792,0.79225,1.60,5.60
2010.06.22 18:27:32.259,0.792,0.7922,1.00,1.60
2010.06.22 18:27:32.910,0.79195,0.7922,7.20,1.60
2010.06.22 18:27:33.468,0.79195,0.7922,5.60,1.60
2010.06.22 18:27:33.662,0.79195,0.79215,1.00,5.60
2010.06.22 18:27:33.852,0.79195,0.7922,1.00,3.20
2010.06.22 18:27:35.156,0.79195,0.7922,2.40,3.20
2010.06.22 18:27:35.841,0.7921,0.79225,1.00,10.40
2010.06.22 18:27:36.069,0.7923,0.7925,1.00,4.80
2010.06.22 18:27:36.737,0.7923,0.79255,1.00,12.00
2010.06.22 18:27:37.087,0.79225,0.7925,2.80,5.60
2010.06.22 18:27:37.439,0.7922,0.79245,1.20,12.00
2010.06.22 18:27:38.094,0.7922,0.7924,1.00,8.00
2010.06.22 18:27:38.316,0.7921,0.79225,2.40,1.60
2010.06.22 18:27:38.977,0.792,0.79225,4.40,3.20
2010.06.22 18:27:39.330,0.792,0.79225,1.00,3.20
2010.06.22 18:27:39.671,0.792,0.79225,1.00,3.20
2010.06.22 18:27:42.153,0.79195,0.79225,13.60,3.20
2010.06.22 18:27:42.454,0.792,0.79225,1.00,1.60
2010.06.22 18:27:43.205,0.792,0.7923,1.60,13.60
2010.06.22 18:27:43.457,0.79205,0.7923,1.00,11.20
2010.06.22 18:27:43.712,0.79205,0.7923,1.00,8.80
2010.06.22 18:27:44.400,0.79205,0.7923,1.00,11.20
2010.06.22 18:27:44.991,0.79205,0.79235,8.80,5.60
2010.06.22 18:27:45.332,0.7921,0.79235,1.60,9.60
2010.06.22 18:27:45.820,0.7921,0.79235,1.00,10.40
2010.06.22 18:27:46.176,0.79205,0.79235,1.60,13.60
2010.06.22 18:27:47.613,0.79205,0.7923,1.00,1.60
2010.06.22 18:27:48.748,0.79205,0.7923,1.00,2.40
2010.06.22 18:27:49.093,0.79205,0.7923,1.00,5.60
2010.06.22 18:27:49.609,0.79205,0.7923,1.60,4.80
2010.06.22 18:27:49.960,0.79215,0.79235,1.00,1.00
2010.06.22 18:27:50.772,0.7921,0.79235,3.20,2.40
2010.06.22 18:27:51.116,0.7921,0.79235,1.00,11.20
2010.06.22 18:27:52.431,0.7921,0.79235,1.00,9.60
2010.06.22 18:27:52.653,0.7921,0.79235,8.00,1.00
2010.06.22 18:27:52.870,0.7921,0.79235,5.60,1.00
2010.06.22 18:27:53.579,0.7921,0.79235,1.60,1.00
2010.06.22 18:27:54.600,0.7921,0.79235,7.20,1.00
2010.06.22 18:27:55.099,0.7921,0.79235,9.60,1.00
2010.06.22 18:27:55.415,0.7921,0.79245,10.40,16.80
2010.06.22 18:27:55.723,0.7921,0.79245,9.60,16.10
2010.06.22 18:27:57.362,0.7921,0.7924,4.80,4.00
2010.06.22 18:27:57.569,0.7921,0.7924,3.20,10.40
2010.06.22 18:27:58.039,0.7921,0.7924,1.60,10.40
2010.06.22 18:27:58.309,0.7921,0.7924,1.60,10.50
2010.06.22 18:27:58.591,0.7921,0.79235,1.60,8.00
2010.06.22 18:27:58.870,0.7921,0.79235,1.80,8.00
2010.06.22 18:27:59.537,0.79215,0.79235,2.80,4.00
2010.06.22 18:27:59.889,0.79215,0.79245,4.00,12.00
2010.06.22 18:28:00.237,0.79215,0.79245,4.00,13.60
2010.06.22 18:28:00.993,0.79215,0.79235,1.00,1.60
2010.06.22 18:28:02.381,0.79215,0.7924,1.00,10.40
2010.06.22 18:28:03.430,0.79215,0.7924,1.00,8.00
2010.06.22 18:28:03.777,0.79215,0.7924,2.80,10.40
2010.06.22 18:28:06.178,0.79215,0.7924,2.80,11.20
2010.06.22 18:28:06.462,0.79215,0.79235,2.80,3.20
2010.06.22 18:28:07.145,0.79215,0.79235,1.00,3.20
2010.06.22 18:28:07.391,0.79215,0.79235,1.00,1.60
2010.06.22 18:28:09.079,0.7921,0.79235,5.60,1.60
2010.06.22 18:28:09.234,0.79205,0.7923,6.00,5.60
2010.06.22 18:28:09.384,0.792,0.7923,6.40,9.60
2010.06.22 18:28:09.530,0.792,0.7923,5.60,9.60
2010.06.22 18:28:09.677,0.792,0.7923,5.60,8.00
2010.06.22 18:28:09.820,0.79205,0.7923,2.80,8.00
2010.06.22 18:28:09.969,0.79205,0.79235,2.80,12.00
2010.06.22 18:28:10.810,0.79205,0.79235,2.80,13.60
2010.06.22 18:28:11.148,0.79205,0.79235,2.80,12.00
2010.06.22 18:28:13.360,0.79205,0.79235,2.80,12.10
2010.06.22 18:28:13.863,0.79205,0.79235,2.80,12.00
2010.06.22 18:28:18.145,0.792,0.7923,7.20,8.00
2010.06.22 18:28:18.829,0.792,0.79235,17.60,16.00
2010.06.22 18:28:20.426,0.79205,0.79235,2.40,13.60
2010.06.22 18:28:20.679,0.79205,0.7923,2.40,4.00
2010.06.22 18:28:20.938,0.792,0.7923,7.20,8.00
2010.06.22 18:28:21.700,0.7921,0.79235,2.00,5.60
2010.06.22 18:28:22.040,0.79205,0.79235,2.40,9.60
2010.06.22 18:28:22.609,0.79205,0.79235,2.40,10.40
2010.06.22 18:28:22.689,0.79205,0.79235,2.40,11.20
2010.06.22 18:28:23.188,0.79205,0.79235,2.40,13.60
2010.06.22 18:28:23.267,0.792,0.79235,17.60,16.00
2010.06.22 18:28:23.940,0.79205,0.79235,2.40,13.60
2010.06.22 18:28:24.671,0.79205,0.7923,2.40,4.00
2010.06.22 18:28:24.929,0.79205,0.79235,2.40,13.60
2010.06.22 18:28:25.193,0.79205,0.7923,2.40,8.00
2010.06.22 18:28:25.466,0.792,0.7923,6.40,8.00
2010.06.22 18:28:30.630,0.79205,0.7923,2.40,4.00
2010.06.22 18:28:31.325,0.79205,0.79235,2.40,13.60
2010.06.22 18:28:31.680,0.792,0.7923,4.40,9.60
2010.06.22 18:28:31.854,0.792,0.7923,8.80,1.60
2010.06.22 18:28:34.469,0.792,0.7923,4.80,9.60
2010.06.22 18:28:35.374,0.792,0.7923,8.80,1.60
2010.06.22 18:28:36.705,0.7921,0.79235,4.00,8.80
2010.06.22 18:28:37.027,0.7921,0.7924,4.40,9.60
2010.06.22 18:28:37.730,0.79205,0.79235,4.40,4.80
2010.06.22 18:28:37.993,0.79205,0.79225,12.80,1.00
2010.06.22 18:28:38.265,0.79205,0.79225,2.40,2.40
2010.06.22 18:28:38.535,0.79205,0.79235,2.80,12.80
2010.06.22 18:28:39.262,0.79205,0.79235,2.40,10.40
2010.06.22 18:28:41.608,0.79205,0.79235,2.40,11.20
2010.06.22 18:28:43.677,0.79205,0.79235,2.40,13.60
2010.06.22 18:28:43.795,0.79205,0.79235,2.40,13.70
2010.06.22 18:28:44.408,0.79205,0.79235,2.40,13.60
2010.06.22 18:28:46.189,0.792,0.7923,10.80,1.60
2010.06.22 18:28:46.480,0.792,0.7923,2.80,9.60
2010.06.22 18:28:46.770,0.792,0.7923,2.90,8.80
2010.06.22 18:28:49.782,0.79205,0.7923,1.00,4.80
2010.06.22 18:28:50.050,0.79205,0.7923,4.40,1.00
2010.06.22 18:28:51.688,0.79205,0.7923,4.50,1.00
2010.06.22 18:28:53.358,0.79205,0.7923,3.00,1.60
2010.06.22 18:28:53.419,0.7921,0.79235,1.60,10.40
2010.06.22 18:28:53.473,0.7921,0.79235,4.80,8.00
2010.06.22 18:28:53.977,0.79215,0.79245,8.00,4.00
2010.06.22 18:28:54.035,0.79215,0.79245,2.40,9.60
2010.06.22 18:28:54.379,0.79215,0.79245,2.40,8.80
2010.06.22 18:28:55.571,0.79215,0.79245,4.00,8.00
2010.06.22 18:28:55.730,0.79215,0.79245,1.20,5.60
2010.06.22 18:28:55.809,0.79215,0.79245,4.40,9.60
2010.06.22 18:28:55.892,0.79215,0.79245,1.00,10.40
2010.06.22 18:28:56.342,0.79215,0.79245,1.00,11.20
2010.06.22 18:28:56.422,0.79215,0.79245,1.00,15.20
2010.06.22 18:28:57.797,0.79215,0.79245,1.00,16.00
2010.06.22 18:28:57.970,0.79215,0.79245,1.00,15.20
2010.06.22 18:28:58.152,0.7921,0.79245,11.40,16.80
2010.06.22 18:28:58.330,0.7921,0.79245,5.60,18.00
2010.06.22 18:28:58.943,0.79205,0.7924,12.00,11.20
2010.06.22 18:28:59.284,0.79205,0.79235,5.60,4.00
2010.06.22 18:28:59.953,0.79205,0.7924,9.60,12.00
2010.06.22 18:29:00.299,0.79205,0.79235,5.60,4.00
2010.06.22 18:29:01.869,0.792,0.79235,16.00,13.60
2010.06.22 18:29:01.959,0.792,0.7923,5.60,8.00
2010.06.22 18:29:02.368,0.792,0.79235,13.60,13.60
2010.06.22 18:29:02.458,0.792,0.79235,12.80,13.60
2010.06.22 18:29:02.549,0.79205,0.79235,1.00,12.00
2010.06.22 18:29:03.291,0.7921,0.79235,8.40,1.00
2010.06.22 18:29:03.568,0.7921,0.79235,4.40,1.00
2010.06.22 18:29:05.425,0.79215,0.79245,2.80,11.20
2010.06.22 18:29:05.641,0.79215,0.79245,2.80,10.40
2010.06.22 18:29:05.858,0.79215,0.79245,2.80,8.00
2010.06.22 18:29:07.372,0.79215,0.79245,1.00,9.60
2010.06.22 18:29:07.570,0.79215,0.79245,1.00,13.60
2010.06.22 18:29:08.055,0.79215,0.79245,1.00,10.40
2010.06.22 18:29:08.270,0.7922,0.79245,2.00,8.00
2010.06.22 18:29:08.471,0.7922,0.79245,4.40,9.60
2010.06.22 18:29:08.731,0.7922,0.79245,4.40,1.60
2010.06.22 18:29:10.865,0.7922,0.79245,2.40,3.20
2010.06.22 18:29:11.531,0.7922,0.79245,4.00,9.60
2010.06.22 18:29:11.789,0.7922,0.79245,4.80,1.60
2010.06.22 18:29:12.289,0.7922,0.79245,4.80,9.60
2010.06.22 18:29:12.540,0.7922,0.79245,4.80,1.60
2010.06.22 18:29:12.773,0.7922,0.79245,4.00,1.60
2010.06.22 18:29:13.352,0.79215,0.79235,6.80,1.60
2010.06.22 18:29:13.594,0.79215,0.7924,1.00,8.00
2010.06.22 18:29:14.608,0.79215,0.7924,2.80,8.80
2010.06.22 18:29:14.945,0.7922,0.79245,1.00,2.40
2010.06.22 18:29:15.727,0.7922,0.7925,1.00,12.00
2010.06.22 18:29:16.074,0.7922,0.79245,2.40,4.00
2010.06.22 18:29:18.696,0.79225,0.7925,2.00,1.00
2010.06.22 18:29:19.046,0.79235,0.79255,1.00,4.80
2010.06.22 18:29:19.700,0.79235,0.79255,1.60,2.40
2010.06.22 18:29:19.920,0.7923,0.7925,1.00,4.00
2010.06.22 18:29:20.141,0.7923,0.79255,1.00,12.80
2010.06.22 18:29:20.481,0.7923,0.7925,1.00,4.00
2010.06.22 18:29:20.819,0.7923,0.79255,1.00,12.80
2010.06.22 18:29:21.160,0.7923,0.79255,1.00,8.00
2010.06.22 18:29:21.932,0.7924,0.7926,2.00,1.00
2010.06.22 18:29:22.689,0.7924,0.7926,1.60,2.40
2010.06.22 18:29:22.912,0.7923,0.79255,4.40,4.00
2010.06.22 18:29:23.818,0.7923,0.79255,5.20,4.00
2010.06.22 18:29:24.154,0.79235,0.7926,2.80,11.20
2010.06.22 18:29:25.454,0.79235,0.7926,1.00,12.80
2010.06.22 18:29:25.670,0.79235,0.7926,1.00,11.20
2010.06.22 18:29:25.878,0.79235,0.7926,2.80,11.20
2010.06.22 18:29:26.300,0.79235,0.7926,4.40,11.20
2010.06.22 18:29:27.495,0.79245,0.79265,2.80,6.40
2010.06.22 18:29:27.613,0.79245,0.79265,2.80,4.00
2010.06.22 18:29:29.094,0.7925,0.79265,1.00,4.00
2010.06.22 18:29:29.893,0.7925,0.7927,4.40,1.60
2010.06.22 18:29:30.214,0.7925,0.7927,2.00,1.00
2010.06.22 18:29:30.529,0.7925,0.7927,1.00,2.40
2010.06.22 18:29:31.477,0.7925,0.7927,1.00,4.00
2010.06.22 18:29:31.733,0.79245,0.7927,2.00,4.00
2010.06.22 18:29:32.004,0.79245,0.7927,2.00,8.80
2010.06.22 18:29:32.272,0.79245,0.79265,2.00,1.60
2010.06.22 18:29:33.284,0.79245,0.79265,2.00,1.00
2010.06.22 18:29:33.565,0.79245,0.7927,2.00,8.80
2010.06.22 18:29:34.304,0.7924,0.79255,3.20,1.00
2010.06.22 18:29:34.599,0.7924,0.79255,1.60,10.40
2010.06.22 18:29:34.884,0.7923,0.79255,6.00,3.20
2010.06.22 18:29:35.676,0.7923,0.79255,9.60,3.20
2010.06.22 18:29:36.018,0.7923,0.79255,9.60,4.80
2010.06.22 18:29:37.149,0.7923,0.79255,10.00,2.40
2010.06.22 18:29:37.492,0.79235,0.7926,4.00,3.20
2010.06.22 18:29:37.641,0.79235,0.7926,8.00,1.00
2010.06.22 18:29:37.780,0.79235,0.79265,8.00,4.00
2010.06.22 18:29:38.770,0.79235,0.7926,4.00,1.60
2010.06.22 18:29:39.160,0.79235,0.7926,4.00,1.00
2010.06.22 18:29:39.291,0.79235,0.79255,4.00,1.60
2010.06.22 18:29:39.419,0.7923,0.79255,12.00,1.60
2010.06.22 18:29:39.548,0.7923,0.79255,10.40,1.60
2010.06.22 18:29:40.808,0.7923,0.79255,2.40,1.60
2010.06.22 18:29:41.609,0.7923,0.79255,2.50,1.60
2010.06.22 18:29:41.781,0.7924,0.79255,1.00,1.60
2010.06.22 18:29:41.950,0.79235,0.79255,1.00,1.60
2010.06.22 18:29:42.171,0.7923,0.79255,2.00,1.60
2010.06.22 18:29:42.828,0.7923,0.7926,2.00,13.60
2010.06.22 18:29:42.985,0.7923,0.7926,5.60,13.60
2010.06.22 18:29:43.132,0.7923,0.7926,6.00,12.00
2010.06.22 18:29:43.279,0.7923,0.7926,6.00,12.10
2010.06.22 18:29:43.429,0.7923,0.79255,6.00,1.60
2010.06.22 18:29:43.579,0.7923,0.79255,4.40,1.60
2010.06.22 18:29:43.728,0.7923,0.79255,4.00,1.60
2010.06.22 18:29:44.452,0.79235,0.7926,1.00,1.60
2010.06.22 18:29:44.689,0.79235,0.7926,1.00,9.60
2010.06.22 18:29:44.920,0.79235,0.7926,1.00,10.40
2010.06.22 18:29:45.150,0.79235,0.7926,1.00,2.40
2010.06.22 18:29:45.380,0.7924,0.79265,2.00,3.20
2010.06.22 18:29:45.833,0.7924,0.79265,3.60,1.00
2010.06.22 18:29:47.140,0.7924,0.79265,2.00,1.00
2010.06.22 18:29:47.279,0.7924,0.79265,1.60,8.80
2010.06.22 18:29:47.418,0.79235,0.79265,4.00,11.20
2010.06.22 18:29:48.143,0.79235,0.79265,4.00,12.90
2010.06.22 18:29:49.508,0.79235,0.79265,4.00,11.30
2010.06.22 18:29:51.134,0.79245,0.7927,1.00,1.00
2010.06.22 18:29:51.579,0.79245,0.7927,1.00,4.80
2010.06.22 18:29:52.120,0.79245,0.7927,1.00,8.80
2010.06.22 18:29:52.350,0.79245,0.7927,1.00,11.20
2010.06.22 18:29:53.874,0.79245,0.79265,1.00,4.00
2010.06.22 18:29:59.798,0.79245,0.79265,1.00,5.60
2010.06.22 18:30:00.538,0.79245,0.79265,1.00,4.00
2010.06.22 18:30:01.139,0.79245,0.7927,1.00,11.20
2010.06.22 18:30:02.949,0.79245,0.7927,1.00,11.20
2010.06.22 18:30:03.080,0.79245,0.7927,1.00,10.40
2010.06.22 18:30:03.605,0.79245,0.7927,2.00,10.40
2010.06.22 18:30:03.957,0.7926,0.79285,1.00,12.00
2010.06.22 18:30:04.298,0.7926,0.79285,1.00,10.40
2010.06.22 18:30:06.383,0.79265,0.79285,2.40,8.00
2010.06.22 18:30:06.543,0.79265,0.7929,2.40,16.00
2010.06.22 18:30:09.182,0.79265,0.7929,1.00,16.00
2010.06.22 18:30:09.360,0.7926,0.7929,6.40,16.00
2010.06.22 18:30:09.846,0.7926,0.7929,4.80,13.60
2010.06.22 18:30:10.198,0.7926,0.79285,3.20,8.00
2010.06.22 18:30:10.539,0.7926,0.79285,3.20,10.40
2010.06.22 18:30:12.132,0.7926,0.79285,3.20,8.00
2010.06.22 18:30:15.828,0.7926,0.79285,3.20,10.40
2010.06.22 18:30:16.408,0.7926,0.79285,3.20,8.00
2010.06.22 18:30:17.441,0.7926,0.79285,2.40,8.00
2010.06.22 18:30:17.692,0.79255,0.7928,8.00,1.60
2010.06.22 18:30:24.830,0.79255,0.79285,8.00,12.00
2010.06.22 18:30:24.939,0.7926,0.79285,1.00,8.00
2010.06.22 18:30:25.053,0.79265,0.7929,2.40,10.40
2010.06.22 18:30:25.803,0.7927,0.79295,4.40,12.00
2010.06.22 18:30:26.722,0.7927,0.7929,1.60,8.00
2010.06.22 18:30:27.382,0.79265,0.7929,3.60,8.00
2010.06.22 18:30:32.061,0.79265,0.7929,3.20,8.00
2010.06.22 18:30:32.180,0.79265,0.7929,3.20,10.40
2010.06.22 18:30:33.418,0.79265,0.7929,3.20,8.00
2010.06.22 18:30:33.778,0.7927,0.7929,2.40,8.00
2010.06.22 18:30:34.279,0.7927,0.7929,3.20,4.00
2010.06.22 18:30:34.416,0.7927,0.7929,3.20,8.00
2010.06.22 18:30:34.542,0.7927,0.79295,3.20,4.80
2010.06.22 18:30:34.849,0.7927,0.79295,4.80,2.40
2010.06.22 18:30:35.159,0.7927,0.79295,4.80,1.60
2010.06.22 18:30:37.598,0.7927,0.79295,4.80,9.60
2010.06.22 18:30:37.717,0.7927,0.79295,4.80,12.00
2010.06.22 18:30:42.047,0.7927,0.79295,4.40,12.00
2010.06.22 18:30:43.917,0.79275,0.79295,1.60,12.00
2010.06.22 18:30:44.119,0.79275,0.79295,2.40,12.00
2010.06.22 18:30:44.159,0.79275,0.79295,4.00,5.60
2010.06.22 18:30:44.241,0.79275,0.79295,4.00,1.60
2010.06.22 18:30:44.278,0.79275,0.79295,5.60,1.60
2010.06.22 18:30:45.425,0.79285,0.793,3.60,8.00
2010.06.22 18:30:45.692,0.7928,0.793,6.40,8.00
2010.06.22 18:30:46.247,0.7928,0.793,4.00,4.00
2010.06.22 18:30:46.596,0.7928,0.7931,4.00,14.40
2010.06.22 18:30:46.862,0.7928,0.79305,4.00,4.00
2010.06.22 18:30:47.558,0.7928,0.79305,4.00,12.00
2010.06.22 18:30:48.080,0.7928,0.79305,5.20,12.00
2010.06.22 18:30:49.599,0.7928,0.79305,5.20,8.00
2010.06.22 18:30:50.302,0.7928,0.79305,5.20,10.40
2010.06.22 18:30:50.428,0.7928,0.79305,5.20,12.00
2010.06.22 18:30:51.141,0.7928,0.79305,5.20,12.80
2010.06.22 18:30:51.431,0.7928,0.793,4.00,1.60
2010.06.22 18:30:52.022,0.7928,0.793,2.00,1.60
2010.06.22 18:30:52.295,0.79275,0.793,5.20,3.20
2010.06.22 18:30:53.267,0.79275,0.79305,6.80,15.20
2010.06.22 18:30:53.550,0.7928,0.79305,1.00,15.20
2010.06.22 18:30:54.092,0.79285,0.79305,1.00,13.60
2010.06.22 18:30:54.842,0.79285,0.79305,1.00,3.20
2010.06.22 18:30:56.181,0.79285,0.7931,7.20,4.00
2010.06.22 18:30:56.399,0.7929,0.79315,1.00,16.00
2010.06.22 18:30:56.911,0.7929,0.79315,2.00,16.00
2010.06.22 18:30:57.139,0.7929,0.79315,1.60,13.60
2010.06.22 18:30:57.360,0.79285,0.79315,7.20,15.20
2010.06.22 18:30:57.580,0.79285,0.79315,6.40,13.60
2010.06.22 18:30:57.800,0.79285,0.79315,6.40,11.20
2010.06.22 18:31:01.338,0.79285,0.79315,6.40,12.00
2010.06.22 18:31:01.578,0.79285,0.79315,6.40,13.60
2010.06.22 18:31:01.822,0.79285,0.79315,6.40,16.00
2010.06.22 18:31:02.488,0.7929,0.79315,3.60,12.00
2010.06.22 18:31:02.763,0.7929,0.79315,6.00,4.80
2010.06.22 18:31:03.043,0.7929,0.79315,6.00,3.20
2010.06.22 18:31:07.954,0.79295,0.7932,5.60,8.80
2010.06.22 18:31:09.587,0.79295,0.7932,5.80,8.80
2010.06.22 18:31:09.808,0.79295,0.7932,5.60,8.80
2010.06.22 18:31:10.970,0.79295,0.79315,5.60,1.60
2010.06.22 18:31:11.171,0.79295,0.79315,2.00,1.60
2010.06.22 18:31:11.610,0.79295,0.7931,2.00,1.00
2010.06.22 18:31:12.193,0.7929,0.7931,6.00,1.00
2010.06.22 18:31:12.443,0.7927,0.793,16.70,3.20
2010.06.22 18:31:12.660,0.7927,0.79295,10.80,1.60
2010.06.22 18:31:13.402,0.7927,0.79295,1.00,1.60
2010.06.22 18:31:15.204,0.7927,0.79295,15.90,1.60
2010.06.22 18:31:15.878,0.7927,0.79295,16.00,1.60
2010.06.22 18:31:23.468,0.7927,0.79295,15.90,1.60
2010.06.22 18:31:23.787,0.7927,0.79295,11.90,1.60
2010.06.22 18:31:23.878,0.7927,0.79295,9.50,1.60
2010.06.22 18:31:25.358,0.7927,0.79295,6.80,1.60
2010.06.22 18:31:25.468,0.7927,0.79295,1.00,5.60
2010.06.22 18:31:26.695,0.7926,0.7929,7.60,1.00
2010.06.22 18:31:27.043,0.79265,0.7929,8.00,1.00
2010.06.22 18:31:27.290,0.79265,0.7929,8.00,2.40
2010.06.22 18:31:27.978,0.7926,0.7929,7.60,2.40
2010.06.22 18:31:28.219,0.79265,0.7929,8.00,2.40
2010.06.22 18:31:28.359,0.79265,0.79285,8.00,2.40
2010.06.22 18:31:28.500,0.79265,0.79285,8.00,1.60
2010.06.22 18:31:28.639,0.79265,0.7929,4.00,2.40
2010.06.22 18:31:30.323,0.79265,0.7929,4.00,9.60
2010.06.22 18:31:31.849,0.79265,0.79285,4.00,1.60
2010.06.22 18:31:32.112,0.79265,0.79285,4.00,4.00
2010.06.22 18:31:33.061,0.79265,0.79285,4.00,2.40
2010.06.22 18:31:33.138,0.79265,0.79285,4.00,1.60
2010.06.22 18:31:33.379,0.7927,0.79285,2.40,1.60
2010.06.22 18:31:33.459,0.7927,0.7929,2.40,2.40
2010.06.22 18:31:33.538,0.7927,0.7929,2.40,1.60
2010.06.22 18:31:33.618,0.79265,0.7929,4.00,1.60
2010.06.22 18:31:34.932,0.79265,0.7929,4.10,1.60
2010.06.22 18:31:35.739,0.79265,0.7929,4.00,1.60
2010.06.22 18:31:35.994,0.79265,0.7929,1.60,3.20
2010.06.22 18:31:36.141,0.79265,0.7929,4.00,1.60
2010.06.22 18:31:37.469,0.79265,0.7929,4.10,1.60
2010.06.22 18:31:37.708,0.79265,0.7929,4.00,1.60
2010.06.22 18:31:39.209,0.79265,0.7929,1.60,3.20
2010.06.22 18:31:39.638,0.79265,0.79285,1.60,1.00
2010.06.22 18:31:39.800,0.7926,0.79285,10.80,1.60
2010.06.22 18:31:40.401,0.7926,0.79285,1.00,1.60
2010.06.22 18:31:40.779,0.79255,0.7928,17.40,1.00
2010.06.22 18:31:42.275,0.79245,0.79275,14.80,1.60
2010.06.22 18:31:42.562,0.79245,0.79275,5.20,5.60
2010.06.22 18:31:42.879,0.79245,0.7927,5.20,1.60
2010.06.22 18:31:43.701,0.79245,0.79275,9.20,1.60
2010.06.22 18:31:43.828,0.79245,0.7927,9.20,1.00
2010.06.22 18:31:43.958,0.79245,0.7927,9.20,1.60
2010.06.22 18:31:44.088,0.79245,0.7927,5.20,1.60
2010.06.22 18:31:45.198,0.79245,0.7927,5.20,3.20
2010.06.22 18:31:45.939,0.7924,0.7927,11.80,3.20
2010.06.22 18:31:46.216,0.79245,0.7927,8.00,1.60
2010.06.22 18:31:46.817,0.79245,0.7927,12.00,1.60
2010.06.22 18:31:47.174,0.79245,0.7927,12.10,1.60
2010.06.22 18:31:47.523,0.79245,0.7927,13.40,1.60
2010.06.22 18:31:48.811,0.79245,0.7927,15.80,1.60
2010.06.22 18:31:49.339,0.79245,0.7927,13.40,1.60
2010.06.22 18:31:51.098,0.79245,0.7927,15.80,1.60
2010.06.22 18:31:53.681,0.79245,0.7927,16.60,1.60
2010.06.22 18:31:53.871,0.79245,0.79275,17.40,1.60
2010.06.22 18:31:54.230,0.7925,0.79275,1.00,1.60
2010.06.22 18:32:05.048,0.7925,0.79275,1.00,2.40
2010.06.22 18:32:05.178,0.7925,0.7927,1.00,1.00
2010.06.22 18:32:05.733,0.79245,0.7927,4.00,1.60
2010.06.22 18:32:06.070,0.7924,0.7927,5.20,5.60
2010.06.22 18:32:06.409,0.7924,0.7927,5.20,1.60
2010.06.22 18:32:07.209,0.7924,0.7927,5.20,4.00
2010.06.22 18:32:07.439,0.7924,0.7927,1.20,12.00
2010.06.22 18:32:08.128,0.7924,0.7927,1.20,9.60
2010.06.22 18:32:08.207,0.7924,0.7927,3.60,9.60
2010.06.22 18:32:08.259,0.7924,0.7927,11.60,1.60
2010.06.22 18:32:08.921,0.79245,0.7927,4.00,1.60
2010.06.22 18:32:09.708,0.7924,0.7927,10.00,1.60
2010.06.22 18:32:09.940,0.7924,0.7927,6.00,1.60
2010.06.22 18:32:10.710,0.7924,0.79265,1.00,1.60
2010.06.22 18:32:11.003,0.79235,0.79265,9.20,1.60
2010.06.22 18:32:13.217,0.79235,0.7926,8.40,1.60
2010.06.22 18:32:13.353,0.79235,0.7926,4.40,1.60
2010.06.22 18:32:13.479,0.79235,0.7926,1.00,1.60
2010.06.22 18:32:26.468,0.79235,0.7926,1.00,5.60
2010.06.22 18:32:26.699,0.7923,0.79255,6.80,1.00
2010.06.22 18:32:27.081,0.7923,0.79255,2.40,1.00
2010.06.22 18:32:27.680,0.7923,0.7925,1.60,1.60
2010.06.22 18:32:30.568,0.7923,0.79255,1.60,1.60
2010.06.22 18:32:36.849,0.79225,0.7925,1.00,2.40
2010.06.22 18:32:37.066,0.7922,0.79245,11.20,1.60
2010.06.22 18:32:37.738,0.7922,0.7925,10.40,1.60
2010.06.22 18:32:38.383,0.79225,0.7925,1.00,1.60
2010.06.22 18:32:38.900,0.7922,0.7925,14.40,2.40
2010.06.22 18:32:39.494,0.7922,0.79245,5.60,3.20
2010.06.22 18:32:39.711,0.7922,0.7924,4.00,1.60
2010.06.22 18:32:40.053,0.79215,0.7924,2.40,5.60
2010.06.22 18:32:40.650,0.79215,0.7924,4.00,5.60
2010.06.22 18:32:40.982,0.79215,0.7924,1.00,5.60
2010.06.22 18:32:42.415,0.79215,0.7924,3.60,4.00
2010.06.22 18:32:48.913,0.79215,0.79245,3.60,12.00
2010.06.22 18:32:50.395,0.79215,0.7924,2.00,10.40
2010.06.22 18:32:51.041,0.7921,0.79235,2.40,1.60
2010.06.22 18:32:51.373,0.7921,0.79235,2.00,1.60
2010.06.22 18:32:52.202,0.79205,0.79235,14.00,1.60
2010.06.22 18:32:54.418,0.79205,0.79235,14.00,3.20
2010.06.22 18:32:56.121,0.79205,0.79235,10.40,7.20
2010.06.22 18:32:56.409,0.79205,0.79235,14.40,1.60
2010.06.22 18:32:56.670,0.79205,0.79235,14.40,5.60
2010.06.22 18:32:56.929,0.79205,0.79235,6.40,13.60
2010.06.22 18:32:57.667,0.792,0.79225,6.40,3.20
2010.06.22 18:32:57.881,0.79195,0.79225,14.40,3.20
2010.06.22 18:32:58.774,0.79195,0.7922,1.60,1.60
2010.06.22 18:33:00.736,0.7919,0.7922,6.40,2.40
2010.06.22 18:33:00.946,0.7919,0.7922,2.40,12.00
2010.06.22 18:33:01.283,0.7919,0.79215,1.60,4.00
2010.06.22 18:33:01.619,0.79185,0.79215,8.00,4.00
2010.06.22 18:33:02.760,0.792,0.7922,1.00,4.10
2010.06.22 18:33:03.039,0.79205,0.79235,4.00,13.60
2010.06.22 18:33:03.610,0.79205,0.79235,8.00,10.40
2010.06.22 18:33:03.736,0.7921,0.79235,1.60,9.60
2010.06.22 18:33:03.851,0.7921,0.79235,2.40,4.00
2010.06.22 18:33:04.882,0.7921,0.7924,8.00,8.80
2010.06.22 18:33:05.234,0.7921,0.7924,8.00,4.00
2010.06.22 18:33:05.815,0.7921,0.79235,4.00,1.60
2010.06.22 18:33:06.531,0.79205,0.79235,9.60,5.60
2010.06.22 18:33:06.791,0.79205,0.79235,9.70,5.60
2010.06.22 18:33:07.049,0.79205,0.79235,9.60,5.60
2010.06.22 18:33:07.949,0.79205,0.79235,9.70,5.60
2010.06.22 18:33:09.098,0.79215,0.79245,12.80,2.40
2010.06.22 18:33:09.260,0.79215,0.7925,14.40,12.80
2010.06.22 18:33:09.421,0.79215,0.7925,16.80,12.80
2010.06.22 18:33:12.577,0.79215,0.79245,16.80,1.00
2010.06.22 18:33:16.708,0.79215,0.7924,14.40,2.40
2010.06.22 18:33:17.451,0.79215,0.79245,12.00,5.60
2010.06.22 18:33:17.619,0.79215,0.79245,4.00,13.60
2010.06.22 18:33:17.788,0.79215,0.79245,4.00,16.00
2010.06.22 18:33:19.099,0.79215,0.7924,1.00,1.00
2010.06.22 18:33:19.622,0.79215,0.79235,1.00,1.60
2010.06.22 18:33:20.425,0.7921,0.79235,4.00,1.60
2010.06.22 18:33:21.669,0.7921,0.79235,5.60,1.60
2010.06.22 18:33:26.620,0.79215,0.79235,1.00,1.60
2010.06.22 18:33:26.800,0.79215,0.7924,2.00,8.00
2010.06.22 18:33:27.620,0.79215,0.79245,3.60,12.00
2010.06.22 18:33:29.248,0.79215,0.79245,4.00,12.00
2010.06.22 18:33:34.212,0.7921,0.7924,4.00,10.40
2010.06.22 18:33:43.199,0.7921,0.79235,4.00,8.00
2010.06.22 18:33:43.835,0.7921,0.79245,9.60,13.60
2010.06.22 18:33:44.018,0.7921,0.79245,10.00,13.60
2010.06.22 18:33:44.199,0.79215,0.79245,1.60,13.60
2010.06.22 18:33:44.378,0.79215,0.79245,1.60,13.70
2010.06.22 18:33:46.981,0.79215,0.79245,1.60,13.60
2010.06.22 18:33:47.588,0.79215,0.79245,1.60,13.60
2010.06.22 18:33:48.577,0.79215,0.79245,1.60,13.60
2010.06.22 18:33:48.742,0.7922,0.79245,1.00,13.60
2010.06.22 18:33:48.905,0.7922,0.79245,2.40,11.20
2010.06.22 18:33:49.076,0.79225,0.79245,1.00,8.00
2010.06.22 18:33:49.708,0.79225,0.7925,1.60,4.00
2010.06.22 18:33:50.050,0.7922,0.7925,8.00,4.00
2010.06.22 18:33:51.859,0.7922,0.7925,8.40,4.00
2010.06.22 18:33:52.118,0.7922,0.7925,6.80,4.00
2010.06.22 18:33:53.178,0.7922,0.7925,10.80,4.00
2010.06.22 18:33:53.259,0.79225,0.79255,4.00,9.60
2010.06.22 18:33:53.792,0.7923,0.79255,1.60,1.60
2010.06.22 18:33:53.872,0.7923,0.79255,2.40,1.60
2010.06.22 18:33:54.180,0.79235,0.7926,1.00,10.40
2010.06.22 18:33:54.682,0.79235,0.7926,2.40,10.40
2010.06.22 18:33:54.997,0.79235,0.79265,6.00,4.00
2010.06.22 18:33:55.266,0.79235,0.7926,1.60,6.40
2010.06.22 18:33:55.532,0.79235,0.7926,1.60,10.40
2010.06.22 18:33:57.259,0.79235,0.7926,1.60,11.20
2010.06.22 18:33:59.321,0.79235,0.7926,2.00,6.40
2010.06.22 18:33:59.483,0.79235,0.79265,6.00,4.00
2010.06.22 18:33:59.955,0.7924,0.79265,1.00,2.40
2010.06.22 18:34:00.117,0.79245,0.79275,2.00,9.60
2010.06.22 18:34:00.771,0.79245,0.79275,2.00,12.00
2010.06.22 18:34:03.557,0.79245,0.79275,1.60,12.00
2010.06.22 18:34:03.658,0.7924,0.79275,16.80,12.00
2010.06.22 18:34:05.624,0.7924,0.79275,16.80,12.80
2010.06.22 18:34:05.896,0.7924,0.79265,2.00,4.00
2010.06.22 18:34:06.153,0.7924,0.79265,1.00,10.40
2010.06.22 18:34:09.560,0.7924,0.7927,1.00,15.30
2010.06.22 18:34:09.680,0.7924,0.7927,1.00,13.60
2010.06.22 18:34:09.919,0.79245,0.7927,1.00,13.60
2010.06.22 18:34:10.886,0.7924,0.79265,1.00,11.20
2010.06.22 18:34:11.236,0.79245,0.7927,1.00,12.00
2010.06.22 18:34:11.540,0.7924,0.7927,2.00,12.00
2010.06.22 18:34:11.990,0.7924,0.7927,2.00,12.80
2010.06.22 18:34:12.883,0.79245,0.7927,1.00,12.80
2010.06.22 18:34:13.173,0.79245,0.7927,10.00,1.60
2010.06.22 18:34:13.464,0.79245,0.7927,1.00,4.00
2010.06.22 18:34:13.732,0.79245,0.7927,2.00,8.00
2010.06.22 18:34:13.859,0.79245,0.7927,2.00,4.00
2010.06.22 18:34:13.988,0.79245,0.79275,2.00,11.20
2010.06.22 18:34:15.039,0.7925,0.79275,1.00,11.20
2010.06.22 18:34:15.200,0.7925,0.79275,2.00,4.80
2010.06.22 18:34:15.360,0.7925,0.79275,1.60,8.80
2010.06.22 18:34:15.518,0.79245,0.79275,3.60,11.20
2010.06.22 18:34:15.678,0.79245,0.79275,2.00,11.20
2010.06.22 18:34:17.939,0.7924,0.79275,7.40,11.20
2010.06.22 18:34:18.622,0.7924,0.79275,11.40,11.20
2010.06.22 18:34:18.958,0.7924,0.79275,13.80,11.20
2010.06.22 18:34:20.321,0.7924,0.79275,13.60,11.20
2010.06.22 18:34:20.850,0.7924,0.79275,13.70,11.20
2010.06.22 18:34:25.467,0.7924,0.79275,11.30,11.20
2010.06.22 18:34:25.768,0.7924,0.79275,7.30,11.20
2010.06.22 18:34:26.065,0.79245,0.79275,1.00,12.10
2010.06.22 18:34:27.490,0.79245,0.79275,1.00,12.00
2010.06.22 18:34:28.729,0.7925,0.79275,1.00,11.20
2010.06.22 18:34:28.829,0.7925,0.79275,1.00,10.40
2010.06.22 18:34:28.930,0.7925,0.79275,2.00,4.00
2010.06.22 18:34:29.028,0.7925,0.7928,2.00,18.40
2010.06.22 18:34:30.029,0.7925,0.7928,2.00,18.50
2010.06.22 18:34:30.666,0.79245,0.79275,2.00,13.70
2010.06.22 18:34:30.818,0.79245,0.79275,2.00,12.10
2010.06.22 18:34:31.991,0.79255,0.79275,1.00,10.40
2010.06.22 18:34:32.131,0.79255,0.79275,2.00,2.40
2010.06.22 18:34:32.714,0.79255,0.7928,3.60,1.60
2010.06.22 18:34:33.066,0.79255,0.7928,1.60,10.40
2010.06.22 18:34:33.412,0.7925,0.7928,2.40,13.60
2010.06.22 18:34:33.488,0.7925,0.7928,2.40,9.60
2010.06.22 18:34:33.568,0.7925,0.7928,2.40,8.80
2010.06.22 18:34:33.948,0.7925,0.7928,2.40,9.60
2010.06.22 18:34:34.188,0.7925,0.79275,2.40,8.00
2010.06.22 18:34:34.559,0.7925,0.79275,2.40,10.40
2010.06.22 18:34:35.337,0.79245,0.79275,3.20,10.40
2010.06.22 18:34:37.970,0.79245,0.79275,3.20,12.00
2010.06.22 18:34:38.028,0.79245,0.79275,3.20,12.80
2010.06.22 18:34:38.093,0.79245,0.7927,3.20,4.00
2010.06.22 18:34:39.610,0.79245,0.7927,3.20,8.00
2010.06.22 18:34:39.900,0.79245,0.7927,1.60,10.40
2010.06.22 18:34:40.649,0.79245,0.79265,1.60,4.00
2010.06.22 18:34:40.978,0.79245,0.7926,1.60,8.00
2010.06.22 18:34:41.364,0.7924,0.7926,1.00,8.00
2010.06.22 18:34:41.551,0.79235,0.7926,2.00,10.40
2010.06.22 18:34:41.739,0.79235,0.7926,1.00,10.40
2010.06.22 18:34:41.929,0.79235,0.7926,1.00,4.00
2010.06.22 18:34:42.118,0.79235,0.7926,1.00,8.00
2010.06.22 18:34:42.826,0.79235,0.7926,1.00,10.40
2010.06.22 18:34:43.153,0.79235,0.7926,1.00,4.00
2010.06.22 18:34:45.059,0.7924,0.7926,1.00,4.00
2010.06.22 18:34:45.723,0.7924,0.7927,2.00,16.00
2010.06.22 18:34:51.830,0.7924,0.7927,2.40,16.00
2010.06.22 18:34:52.096,0.7925,0.7927,1.00,2.40
2010.06.22 18:34:53.988,0.79245,0.7927,4.00,2.40
2010.06.22 18:34:54.059,0.79245,0.7927,2.00,4.80
2010.06.22 18:34:54.632,0.79245,0.79265,1.00,4.00
2010.06.22 18:35:02.019,0.7924,0.79265,1.80,4.00
2010.06.22 18:35:04.741,0.7924,0.79265,1.60,4.00
2010.06.22 18:35:04.788,0.7924,0.79265,1.00,9.60
2010.06.22 18:35:06.627,0.7924,0.79265,1.00,9.60
2010.06.22 18:35:06.980,0.79245,0.79265,2.00,4.00
2010.06.22 18:35:07.228,0.7926,0.79275,1.00,1.00
2010.06.22 18:35:07.688,0.7926,0.7928,1.00,5.60
2010.06.22 18:35:07.927,0.79265,0.79295,5.60,10.40
2010.06.22 18:35:08.159,0.7927,0.79295,1.00,10.40
2010.06.22 18:35:13.064,0.7927,0.79295,1.20,8.80
2010.06.22 18:35:13.729,0.7927,0.79295,1.60,8.80
2010.06.22 18:35:16.723,0.79275,0.79295,1.00,8.80
2010.06.22 18:35:17.016,0.79275,0.793,7.20,8.00
2010.06.22 18:35:17.304,0.7928,0.79305,1.00,4.80
2010.06.22 18:35:17.807,0.79285,0.7931,1.00,2.40
2010.06.22 18:35:18.138,0.79285,0.79315,2.80,5.60
2010.06.22 18:35:18.908,0.79295,0.79315,1.00,4.00
2010.06.22 18:35:19.198,0.793,0.79325,2.80,4.80
2010.06.22 18:35:19.938,0.793,0.79325,2.80,1.00
2010.06.22 18:35:20.288,0.79305,0.7933,1.00,4.00
2010.06.22 18:35:20.629,0.79305,0.7933,1.00,1.60
2010.06.22 18:35:21.447,0.793,0.79325,17.60,1.00
2010.06.22 18:35:21.795,0.793,0.79325,7.20,1.00
2010.06.22 18:35:22.113,0.793,0.79325,7.40,1.00
2010.06.22 18:35:22.878,0.793,0.79325,2.00,4.80
2010.06.22 18:35:26.008,0.793,0.79325,3.60,1.00
2010.06.22 18:35:26.136,0.793,0.7933,6.00,12.00
2010.06.22 18:35:27.099,0.793,0.7933,6.80,12.00
2010.06.22 18:35:28.199,0.793,0.7933,7.00,12.00
2010.06.22 18:35:29.450,0.793,0.7933,7.00,11.20
2010.06.22 18:35:29.522,0.79305,0.7933,1.20,8.80
2010.06.22 18:35:29.797,0.7931,0.79335,1.20,14.40
2010.06.22 18:35:30.295,0.7931,0.79335,1.60,14.40
2010.06.22 18:35:30.508,0.7932,0.79345,5.20,3.20
2010.06.22 18:35:30.718,0.7932,0.79345,2.00,1.60
2010.06.22 18:35:31.063,0.79315,0.79345,1.20,9.60
2010.06.22 18:35:31.830,0.79315,0.7934,1.20,1.60
2010.06.22 18:35:33.549,0.79315,0.7934,1.00,1.60
2010.06.22 18:35:35.410,0.7931,0.79335,3.60,1.60
2010.06.22 18:35:36.021,0.79305,0.7933,13.60,1.00
2010.06.22 18:35:36.307,0.793,0.79325,1.20,5.60
2010.06.22 18:35:37.813,0.793,0.79325,9.20,1.60
2010.06.22 18:35:38.046,0.793,0.79325,1.20,1.60
2010.06.22 18:35:39.500,0.793,0.7932,1.20,3.20
2010.06.22 18:35:39.821,0.79285,0.7931,10.80,1.00
2010.06.22 18:35:40.388,0.79285,0.7931,10.80,1.60
2010.06.22 18:35:40.696,0.79285,0.7931,2.80,1.60
2010.06.22 18:35:43.080,0.79285,0.7931,6.80,1.60
2010.06.22 18:35:53.159,0.79285,0.79315,6.80,7.20
2010.06.22 18:35:53.762,0.79285,0.79315,9.20,7.20
2010.06.22 18:35:53.838,0.79295,0.79315,1.60,5.60
2010.06.22 18:35:53.909,0.79295,0.79315,1.60,1.60
2010.06.22 18:35:56.390,0.79295,0.79315,1.60,1.00
2010.06.22 18:35:57.049,0.79295,0.7932,1.60,1.60
2010.06.22 18:35:57.270,0.79295,0.7932,1.70,1.60
2010.06.22 18:35:57.823,0.79295,0.79325,5.40,14.40
2010.06.22 18:35:58.022,0.793,0.79325,1.60,4.80
2010.06.22 18:35:58.418,0.79295,0.7932,13.20,1.60
2010.06.22 18:35:58.621,0.79295,0.7932,10.00,3.20
2010.06.22 18:35:58.820,0.79295,0.7932,1.60,7.20
2010.06.22 18:35:59.020,0.79295,0.79315,1.60,1.00
2010.06.22 18:35:59.886,0.793,0.79325,1.60,3.20
2010.06.22 18:36:01.877,0.79295,0.7932,2.00,7.20
2010.06.22 18:36:04.072,0.79295,0.7932,2.00,5.60
2010.06.22 18:36:04.760,0.79295,0.7932,2.00,1.00
2010.06.22 18:36:05.108,0.79295,0.79325,3.00,13.60
2010.06.22 18:36:06.429,0.79295,0.79325,2.80,13.60
2010.06.22 18:36:07.578,0.79295,0.7932,2.00,3.20
2010.06.22 18:36:07.823,0.79295,0.79315,1.00,6.40
2010.06.22 18:36:08.070,0.7929,0.79315,1.00,8.00
2010.06.22 18:36:08.821,0.79285,0.7931,2.80,2.40
2010.06.22 18:36:09.443,0.79285,0.7931,2.80,1.00
2010.06.22 18:36:10.111,0.79285,0.79305,2.00,4.00
2010.06.22 18:36:10.386,0.7928,0.7931,1.00,12.00
2010.06.22 18:36:11.189,0.7928,0.7931,1.00,9.60
2010.06.22 18:36:11.462,0.7928,0.7931,4.60,5.60
2010.06.22 18:36:12.610,0.7928,0.7931,5.40,5.60
2010.06.22 18:36:12.851,0.7928,0.79305,1.00,1.60
2010.06.22 18:36:13.549,0.7928,0.79305,1.20,1.60
2010.06.22 18:36:13.827,0.79285,0.7931,3.00,1.00
2010.06.22 18:36:15.670,0.79285,0.79315,3.00,15.20
2010.06.22 18:36:16.488,0.79285,0.7931,2.80,1.60
2010.06.22 18:36:18.421,0.79285,0.79305,1.00,1.60
2010.06.22 18:36:19.871,0.7928,0.79305,5.20,2.40
2010.06.22 18:36:20.163,0.7928,0.79305,1.20,6.40
2010.06.22 18:36:20.435,0.7928,0.79305,1.20,8.80
2010.06.22 18:36:20.978,0.7928,0.79305,1.20,6.40
2010.06.22 18:36:21.323,0.7928,0.79305,1.20,10.40
2010.06.22 18:36:21.675,0.7928,0.79305,1.20,6.40
2010.06.22 18:36:22.515,0.79275,0.79305,3.00,14.40
2010.06.22 18:36:22.851,0.79275,0.79305,3.00,13.60
2010.06.22 18:36:23.461,0.79275,0.793,3.00,3.20
2010.06.22 18:36:24.166,0.79275,0.793,3.00,1.60
2010.06.22 18:36:24.267,0.79275,0.79305,3.00,13.60
2010.06.22 18:36:24.829,0.79275,0.79305,2.80,13.60
2010.06.22 18:36:25.018,0.79275,0.793,2.80,2.40
2010.06.22 18:36:25.119,0.79275,0.793,2.80,7.20
2010.06.22 18:36:25.220,0.79275,0.79305,2.80,13.60
2010.06.22 18:36:26.026,0.7928,0.79305,1.00,7.20
2010.06.22 18:36:28.629,0.7928,0.79305,1.00,9.60
2010.06.22 18:36:28.798,0.7928,0.79305,1.00,13.60
2010.06.22 18:36:31.466,0.7928,0.79305,1.00,3.20
2010.06.22 18:36:32.150,0.7928,0.79305,1.00,11.20
2010.06.22 18:36:34.939,0.7928,0.79305,1.00,3.20
2010.06.22 18:36:35.421,0.7928,0.79305,1.00,1.60
2010.06.22 18:36:35.992,0.7928,0.79305,1.20,1.00
2010.06.22 18:36:36.343,0.79285,0.79315,13.20,1.60
2010.06.22 18:36:36.682,0.79285,0.79315,13.20,2.40
2010.06.22 18:36:37.177,0.79285,0.79315,13.20,1.60
2010.06.22 18:36:37.529,0.79285,0.79315,13.20,2.40
2010.06.22 18:36:37.873,0.79285,0.79315,1.20,10.40
2010.06.22 18:36:38.219,0.79285,0.79315,1.20,12.80
2010.06.22 18:36:39.390,0.79285,0.79315,1.20,14.40
2010.06.22 18:36:39.543,0.79285,0.7931,1.00,5.60
2010.06.22 18:36:40.916,0.79285,0.7931,1.00,9.60
2010.06.22 18:36:41.257,0.79285,0.79315,2.80,12.00
2010.06.22 18:36:41.591,0.79285,0.79315,15.60,1.60
2010.06.22 18:36:43.323,0.79285,0.79315,15.80,1.60
2010.06.22 18:36:43.448,0.79285,0.79315,15.80,3.20
2010.06.22 18:36:43.518,0.79285,0.79315,13.40,4.00
2010.06.22 18:36:43.649,0.79285,0.7931,13.40,1.00
2010.06.22 18:36:43.719,0.79285,0.7931,13.40,1.60
2010.06.22 18:36:45.699,0.79285,0.7931,13.20,1.60
2010.06.22 18:36:45.849,0.79285,0.7931,11.60,1.60
2010.06.22 18:36:45.930,0.79285,0.7931,5.20,1.60
2010.06.22 18:36:46.270,0.79285,0.7931,1.20,5.60
2010.06.22 18:36:47.492,0.79275,0.79305,11.60,5.60
2010.06.22 18:36:47.638,0.79275,0.79305,13.20,3.20
2010.06.22 18:36:48.459,0.79275,0.79305,13.40,3.20
2010.06.22 18:36:50.208,0.7928,0.79305,1.00,3.20
2010.06.22 18:36:50.244,0.79275,0.79305,13.40,3.20
2010.06.22 18:36:52.192,0.7928,0.79305,1.00,3.20
2010.06.22 18:36:53.319,0.7928,0.793,1.00,1.60
2010.06.22 18:36:53.652,0.7928,0.79305,1.00,4.80
2010.06.22 18:36:54.438,0.79275,0.793,13.40,1.60
2010.06.22 18:36:55.178,0.7927,0.79295,8.60,1.00
2010.06.22 18:36:55.523,0.79275,0.79295,4.00,1.60
2010.06.22 18:36:55.870,0.79275,0.793,1.00,1.60
2010.06.22 18:36:56.211,0.79275,0.79295,1.00,1.60
2010.06.22 18:36:57.313,0.79275,0.79295,1.00,1.00
2010.06.22 18:36:57.575,0.7927,0.793,5.20,1.60
2010.06.22 18:36:58.289,0.7927,0.79295,5.20,1.00
2010.06.22 18:36:58.607,0.7927,0.79295,4.40,1.00
2010.06.22 18:36:58.912,0.7927,0.79295,1.00,1.00
2010.06.22 18:37:01.412,0.7927,0.79295,1.00,12.00
2010.06.22 18:37:02.082,0.79265,0.79295,1.20,12.00
2010.06.22 18:37:02.871,0.79265,0.7929,5.20,1.60
2010.06.22 18:37:03.189,0.79265,0.7929,1.40,1.60
2010.06.22 18:37:03.350,0.79265,0.7929,1.20,1.60
2010.06.22 18:37:04.862,0.7926,0.7929,11.60,1.60
2010.06.22 18:37:05.029,0.7926,0.7929,9.20,1.60
2010.06.22 18:37:05.199,0.7926,0.7929,5.20,1.60
2010.06.22 18:37:05.970,0.7926,0.7929,5.40,1.60
2010.06.22 18:37:06.312,0.7926,0.79285,4.40,1.60
2010.06.22 18:37:06.650,0.7926,0.79285,1.00,4.00
2010.06.22 18:37:07.283,0.7926,0.79275,1.00,4.00
2010.06.22 18:37:07.631,0.7924,0.79265,1.00,1.60
2010.06.22 18:37:09.005,0.7924,0.79265,1.00,1.60
2010.06.22 18:37:09.518,0.7924,0.79265,1.00,1.60
2010.06.22 18:37:10.889,0.7924,0.79265,1.00,1.60
2010.06.22 18:37:11.169,0.7924,0.79265,1.00,1.60
2010.06.22 18:37:11.450,0.7924,0.79265,1.00,1.60
2010.06.22 18:37:11.790,0.7924,0.79265,1.00,1.60
2010.06.22 18:37:12.331,0.7924,0.79265,1.00,1.60
2010.06.22 18:37:12.556,0.7924,0.7927,5.20,1.60
2010.06.22 18:37:12.991,0.7924,0.7927,5.40,1.60
2010.06.22 18:37:13.666,0.7924,0.7927,5.20,3.20
2010.06.22 18:37:13.918,0.7924,0.7927,1.20,9.60
2010.06.22 18:37:15.571,0.7924,0.7927,5.20,1.60
2010.06.22 18:37:15.791,0.7925,0.79275,1.20,10.40
2010.06.22 18:37:16.401,0.79255,0.79275,2.00,4.00
2010.06.22 18:37:17.041,0.79255,0.7928,1.00,14.40
2010.06.22 18:37:17.384,0.79255,0.7928,1.20,14.40
2010.06.22 18:37:18.530,0.79255,0.7928,3.60,14.40
2010.06.22 18:37:18.730,0.79255,0.7928,5.20,4.00
2010.06.22 18:37:18.918,0.79255,0.7928,5.20,3.20
2010.06.22 18:37:19.472,0.79255,0.79285,15.60,1.60
2010.06.22 18:37:20.902,0.79255,0.79285,15.80,1.60
2010.06.22 18:37:22.211,0.79255,0.79285,16.60,1.60
2010.06.22 18:37:22.980,0.79255,0.79285,15.80,1.60
2010.06.22 18:37:25.178,0.79255,0.79285,16.60,1.60
2010.06.22 18:37:28.630,0.79255,0.79285,12.60,5.60
2010.06.22 18:37:28.780,0.79255,0.7928,8.60,1.00
2010.06.22 18:37:28.960,0.79255,0.7928,6.00,1.00
2010.06.22 18:37:29.432,0.79255,0.7928,6.00,4.80
2010.06.22 18:37:29.618,0.7925,0.79275,1.40,4.00
2010.06.22 18:37:29.804,0.7925,0.79275,1.30,4.00
2010.06.22 18:37:31.006,0.7925,0.79275,1.40,4.00
2010.06.22 18:37:31.222,0.7925,0.7928,1.40,14.40
2010.06.22 18:37:32.271,0.79255,0.7928,5.20,4.00
2010.06.22 18:37:32.998,0.79255,0.7928,5.20,3.20
2010.06.22 18:37:33.249,0.79255,0.7928,9.20,3.20
2010.06.22 18:37:33.803,0.79265,0.79285,1.60,5.60
2010.06.22 18:37:33.910,0.79265,0.79285,1.60,1.60
2010.06.22 18:37:37.850,0.7926,0.79285,4.40,1.60
2010.06.22 18:37:38.542,0.79265,0.79285,1.60,1.60
2010.06.22 18:37:40.868,0.7927,0.79295,1.00,13.70
2010.06.22 18:37:40.959,0.7927,0.79295,1.00,12.90
2010.06.22 18:37:41.139,0.7927,0.79295,1.00,12.10
2010.06.22 18:37:43.340,0.79265,0.7929,1.60,1.60
2010.06.22 18:37:43.869,0.79265,0.7929,1.60,3.20
2010.06.22 18:37:52.917,0.7926,0.79285,8.40,4.90
2010.06.22 18:37:52.997,0.79255,0.7928,2.80,1.60
2010.06.22 18:37:53.907,0.79255,0.7928,6.80,1.00
2010.06.22 18:37:54.254,0.7926,0.7928,1.00,1.60
2010.06.22 18:37:55.134,0.79265,0.79285,1.60,1.00
2010.06.22 18:37:55.454,0.79265,0.7929,2.80,1.60
2010.06.22 18:37:56.495,0.79265,0.7929,6.80,1.60
2010.06.22 18:37:56.752,0.79265,0.79295,10.80,1.70
2010.06.22 18:37:57.260,0.79265,0.7928,9.20,1.60
2010.06.22 18:37:58.059,0.79265,0.79295,10.80,1.70
2010.06.22 18:37:58.741,0.79265,0.79295,11.60,1.60
2010.06.22 18:37:58.930,0.7927,0.79295,5.60,1.60
2010.06.22 18:37:59.626,0.7927,0.793,6.80,3.30
2010.06.22 18:38:00.144,0.7927,0.793,6.80,3.20
2010.06.22 18:38:01.824,0.7927,0.793,1.20,7.20
2010.06.22 18:38:02.123,0.7927,0.79295,6.80,1.60
2010.06.22 18:38:02.849,0.7927,0.793,6.80,4.00
2010.06.22 18:38:03.156,0.79275,0.79305,2.00,13.60
2010.06.22 18:38:03.274,0.79275,0.79305,2.80,13.60
2010.06.22 18:38:03.946,0.79275,0.793,2.80,1.60
2010.06.22 18:38:04.064,0.79275,0.793,2.00,3.20
2010.06.22 18:38:04.527,0.79275,0.793,1.60,3.20
2010.06.22 18:38:09.698,0.79275,0.793,1.60,3.30
2010.06.22 18:38:10.459,0.79275,0.793,1.60,3.20
2010.06.22 18:38:10.598,0.79275,0.793,1.60,1.60
2010.06.22 18:38:11.049,0.79275,0.793,5.60,1.60
2010.06.22 18:38:14.308,0.79275,0.793,1.60,1.60
2010.06.22 18:38:17.641,0.79275,0.793,9.60,1.60
2010.06.22 18:38:17.750,0.79275,0.79305,13.20,3.20
2010.06.22 18:38:18.324,0.7928,0.7931,1.20,16.00
2010.06.22 18:38:18.443,0.7928,0.7931,1.20,12.80
2010.06.22 18:38:18.641,0.7928,0.79305,1.20,1.60
2010.06.22 18:38:24.479,0.7928,0.79305,1.20,2.40
2010.06.22 18:38:24.578,0.7928,0.79305,1.00,2.40
2010.06.22 18:38:32.023,0.7928,0.79305,1.20,1.00
2010.06.22 18:38:33.638,0.79285,0.7931,1.00,12.00
2010.06.22 18:38:33.885,0.79285,0.7931,9.20,1.00
2010.06.22 18:38:34.772,0.79285,0.7931,13.20,1.00
2010.06.22 18:38:36.618,0.79285,0.7931,10.80,1.00
2010.06.22 18:38:38.258,0.79285,0.7931,6.80,1.00
2010.06.22 18:38:38.720,0.79285,0.79315,2.80,11.20
2010.06.22 18:38:39.872,0.79285,0.79315,2.80,7.20
2010.06.22 18:38:39.929,0.79285,0.79315,6.80,7.20
2010.06.22 18:38:41.491,0.7929,0.79315,2.00,5.60
2010.06.22 18:38:41.661,0.793,0.7932,1.20,10.40
2010.06.22 18:38:41.832,0.793,0.79325,9.20,6.40
2010.06.22 18:38:42.313,0.793,0.79325,13.20,2.40
2010.06.22 18:38:42.487,0.79305,0.7933,9.20,1.00
2010.06.22 18:38:43.000,0.79305,0.7933,1.20,1.00
2010.06.22 18:38:45.409,0.79305,0.7933,1.20,3.20
2010.06.22 18:38:45.668,0.79305,0.7933,1.00,3.20
2010.06.22 18:38:48.602,0.79305,0.7933,1.00,4.00
2010.06.22 18:38:48.950,0.79305,0.79325,1.00,1.00
2010.06.22 18:38:49.048,0.793,0.79325,4.40,1.60
2010.06.22 18:38:49.144,0.793,0.79325,4.40,3.20
2010.06.22 18:38:49.672,0.79295,0.7932,14.40,1.60
2010.06.22 18:38:50.032,0.7929,0.7932,5.20,1.60
2010.06.22 18:38:50.378,0.79295,0.7932,1.20,1.60
2010.06.22 18:38:50.720,0.79295,0.7932,1.20,5.60
2010.06.22 18:38:51.517,0.79295,0.7932,1.00,9.60
2010.06.22 18:38:51.861,0.7929,0.7932,1.20,9.60
2010.06.22 18:38:54.629,0.7929,0.7932,1.00,9.60
2010.06.22 18:38:55.318,0.7929,0.7932,1.00,10.40
2010.06.22 18:38:55.389,0.7929,0.79315,1.00,1.00
2010.06.22 18:38:55.428,0.7929,0.79315,1.00,1.60
2010.06.22 18:38:55.833,0.79285,0.79315,1.20,13.60
2010.06.22 18:38:56.497,0.79285,0.79315,1.20,16.00
2010.06.22 18:38:57.738,0.79285,0.79315,1.20,16.10
2010.06.22 18:38:58.620,0.79285,0.79315,1.20,16.00
2010.06.22 18:38:59.145,0.79285,0.79315,2.80,14.40
2010.06.22 18:38:59.344,0.7929,0.79315,1.00,1.60
2010.06.22 18:39:01.266,0.7929,0.79315,2.00,1.60
2010.06.22 18:39:01.483,0.7929,0.7932,13.20,4.00
2010.06.22 18:39:01.679,0.7929,0.7932,15.60,1.60
2010.06.22 18:39:01.882,0.79295,0.7932,1.20,1.00
2010.06.22 18:39:02.089,0.79295,0.79325,1.20,8.80
2010.06.22 18:39:02.694,0.793,0.79325,1.00,3.20
2010.06.22 18:39:03.015,0.793,0.79325,1.20,11.20
2010.06.22 18:39:08.619,0.79295,0.79325,1.20,12.00
2010.06.22 18:39:09.492,0.79295,0.7932,1.20,1.60
2010.06.22 18:39:09.832,0.79295,0.7932,1.20,9.60
2010.06.22 18:39:11.481,0.79295,0.7932,1.20,10.40
2010.06.22 18:39:12.852,0.7929,0.7932,2.80,10.40
2010.06.22 18:39:13.600,0.7929,0.79315,2.00,1.00
2010.06.22 18:39:14.109,0.7929,0.79315,2.00,5.60
2010.06.22 18:39:14.284,0.7929,0.79315,1.00,5.60
2010.06.22 18:39:16.402,0.79285,0.79315,7.60,5.60
2010.06.22 18:39:16.609,0.79285,0.79315,6.80,5.60
2010.06.22 18:39:18.417,0.79285,0.7931,5.60,4.00
2010.06.22 18:39:18.539,0.79285,0.7931,5.60,1.60
2010.06.22 18:39:20.523,0.7928,0.79305,1.00,2.40
2010.06.22 18:39:21.319,0.7927,0.79295,11.60,1.00
2010.06.22 18:39:21.672,0.7927,0.79295,4.40,1.00
2010.06.22 18:39:23.191,0.79265,0.79295,7.60,5.60
2010.06.22 18:39:23.790,0.79265,0.79295,1.20,9.60
2010.06.22 18:39:25.009,0.79265,0.79295,1.20,9.70
2010.06.22 18:39:28.943,0.79265,0.7929,1.20,1.60
2010.06.22 18:39:29.120,0.79265,0.7929,1.20,3.20
2010.06.22 18:39:29.383,0.7926,0.79285,1.20,1.00
2010.06.22 18:39:32.281,0.7926,0.79285,5.20,1.00
2010.06.22 18:39:33.601,0.7926,0.79285,11.60,1.00
2010.06.22 18:39:34.605,0.7926,0.79285,7.60,1.00
2010.06.22 18:39:34.776,0.7926,0.79285,5.20,1.00
2010.06.22 18:39:34.944,0.7926,0.7928,4.00,2.40
2010.06.22 18:39:35.111,0.79255,0.7928,8.00,3.20
2010.06.22 18:39:35.566,0.7925,0.7928,11.60,3.20
2010.06.22 18:39:35.917,0.7925,0.79275,1.00,1.60
2010.06.22 18:39:36.263,0.7925,0.79275,1.00,5.60
2010.06.22 18:39:36.853,0.7925,0.79275,1.00,9.60
2010.06.22 18:39:37.874,0.7925,0.7928,1.20,14.40
2010.06.22 18:39:38.969,0.7925,0.7928,1.20,13.60
2010.06.22 18:39:39.719,0.7925,0.79275,1.20,1.60
2010.06.22 18:39:39.809,0.7925,0.79275,1.20,9.60
2010.06.22 18:39:39.899,0.7925,0.79275,1.20,12.00
2010.06.22 18:39:40.445,0.7925,0.79275,1.20,2.40
2010.06.22 18:39:40.653,0.7925,0.7928,1.20,13.60
2010.06.22 18:39:41.072,0.79255,0.7928,1.00,12.00
2010.06.22 18:39:41.280,0.79255,0.7928,1.20,13.60
2010.06.22 18:39:42.834,0.79255,0.7928,2.80,11.20
2010.06.22 18:39:42.919,0.79255,0.7928,1.20,3.20
2010.06.22 18:39:44.900,0.79255,0.7928,1.20,1.60
2010.06.22 18:39:45.134,0.7927,0.7929,1.60,3.20
2010.06.22 18:39:45.246,0.7927,0.79295,1.00,9.60
2010.06.22 18:39:45.833,0.79275,0.79295,1.20,4.00
2010.06.22 18:39:45.945,0.7928,0.79305,1.20,1.60
2010.06.22 18:39:47.498,0.7928,0.79305,1.00,4.80
2010.06.22 18:39:47.712,0.79265,0.7929,8.40,1.60
2010.06.22 18:39:47.931,0.79265,0.7929,1.20,9.60
2010.06.22 18:39:48.926,0.79265,0.7929,1.20,12.00
2010.06.22 18:39:49.133,0.79265,0.7929,1.20,1.60
2010.06.22 18:39:49.819,0.79265,0.7929,1.20,5.60
2010.06.22 18:39:50.427,0.79265,0.7929,1.20,9.60
2010.06.22 18:39:50.614,0.79265,0.7929,1.20,1.60
2010.06.22 18:39:51.629,0.7926,0.7929,1.20,9.60
2010.06.22 18:39:51.970,0.7926,0.7929,1.20,12.00
2010.06.22 18:39:53.911,0.7926,0.7928,1.20,6.40
2010.06.22 18:39:54.051,0.79255,0.79275,3.60,8.00
2010.06.22 18:39:54.209,0.7925,0.79275,1.20,8.00
2010.06.22 18:39:54.371,0.7925,0.79275,1.00,11.20
2010.06.22 18:39:55.047,0.7924,0.7927,1.20,9.60
2010.06.22 18:39:55.351,0.7924,0.7927,2.00,9.60
2010.06.22 18:39:55.650,0.79245,0.7927,1.20,9.60
2010.06.22 18:39:55.952,0.79245,0.7927,1.20,13.60
2010.06.22 18:39:56.876,0.79245,0.7927,1.20,4.00
2010.06.22 18:39:59.650,0.79245,0.7927,1.00,4.90
2010.06.22 18:39:59.722,0.7924,0.7927,4.40,7.30
2010.06.22 18:39:59.794,0.7924,0.79265,4.40,1.00
2010.06.22 18:40:00.277,0.7924,0.7926,4.00,1.00
2010.06.22 18:40:00.597,0.79235,0.7926,5.20,1.00
2010.06.22 18:40:01.532,0.79235,0.7926,9.20,1.00
2010.06.22 18:40:02.664,0.7924,0.7926,4.00,1.00
2010.06.22 18:40:05.322,0.79235,0.7926,11.60,1.00
2010.06.22 18:40:06.078,0.79235,0.7926,5.20,2.40
2010.06.22 18:40:06.780,0.7923,0.7926,6.80,3.20
2010.06.22 18:40:07.031,0.7923,0.79255,2.80,1.00
2010.06.22 18:40:07.374,0.79225,0.79245,13.60,1.60
2010.06.22 18:40:07.954,0.7922,0.79245,1.00,2.40
2010.06.22 18:40:08.248,0.79215,0.7924,1.20,4.00
2010.06.22 18:40:08.536,0.79215,0.7924,1.00,4.80
2010.06.22 18:40:09.025,0.79215,0.7924,1.00,8.80
2010.06.22 18:40:09.373,0.7921,0.7924,5.20,5.60
2010.06.22 18:40:09.712,0.7921,0.7924,1.20,9.70
2010.06.22 18:40:10.054,0.79205,0.79235,11.60,3.20
2010.06.22 18:40:10.301,0.79205,0.79235,7.60,7.20
2010.06.22 18:40:10.992,0.79205,0.7923,5.20,1.00
2010.06.22 18:40:11.481,0.79205,0.7923,11.60,1.00
2010.06.22 18:40:12.002,0.79205,0.7923,5.20,1.00
2010.06.22 18:40:12.690,0.79205,0.7923,11.60,1.00
2010.06.22 18:40:13.046,0.79205,0.7923,1.20,8.00
2010.06.22 18:40:15.856,0.7921,0.7923,1.60,8.00
2010.06.22 18:40:16.403,0.7921,0.79235,1.60,13.60
2010.06.22 18:40:16.605,0.792,0.79225,2.80,7.20
2010.06.22 18:40:16.942,0.792,0.7922,5.20,4.00
2010.06.22 18:40:17.279,0.792,0.79225,5.20,11.20
2010.06.22 18:40:18.819,0.792,0.79225,5.20,8.80
2010.06.22 18:40:19.744,0.792,0.79225,5.20,8.00
2010.06.22 18:40:20.001,0.79205,0.79225,1.20,4.00
2010.06.22 18:40:20.539,0.79205,0.7923,1.20,8.00
2010.06.22 18:40:21.852,0.79205,0.79215,1.20,8.00
2010.06.22 18:40:22.138,0.792,0.79225,1.20,11.20
2010.06.22 18:40:22.892,0.792,0.7922,1.20,4.00
2010.06.22 18:40:23.367,0.792,0.7922,1.20,8.00
2010.06.22 18:40:24.044,0.792,0.79225,1.20,8.80
2010.06.22 18:40:24.783,0.792,0.79225,1.20,11.20
2010.06.22 18:40:25.422,0.792,0.79225,1.20,12.00
2010.06.22 18:40:26.127,0.79195,0.79225,3.60,14.10
2010.06.22 18:40:26.442,0.79195,0.7922,2.80,12.40
2010.06.22 18:40:29.189,0.79195,0.7922,2.00,17.60
2010.06.22 18:40:29.369,0.79195,0.79215,2.00,4.00
2010.06.22 18:40:29.731,0.79195,0.79215,1.00,6.40
2010.06.22 18:40:30.220,0.79195,0.79215,1.00,2.40
2010.06.22 18:40:30.392,0.79195,0.79215,1.00,14.40
2010.06.22 18:40:30.721,0.7919,0.79215,1.20,15.20
2010.06.22 18:40:31.348,0.79185,0.7921,12.40,1.00
2010.06.22 18:40:32.165,0.7918,0.792,1.20,1.00
2010.06.22 18:40:32.515,0.7918,0.792,1.00,1.00
2010.06.22 18:40:33.783,0.7918,0.79205,1.20,6.80
2010.06.22 18:40:36.922,0.7918,0.79205,1.20,2.80
2010.06.22 18:40:39.000,0.79185,0.79205,1.60,1.00
2010.06.22 18:40:39.363,0.7918,0.79205,1.20,1.00
2010.06.22 18:40:39.720,0.7918,0.79205,1.40,1.00
2010.06.22 18:40:39.902,0.79185,0.79205,2.80,1.00
2010.06.22 18:40:41.562,0.79185,0.7921,2.80,5.60
2010.06.22 18:40:41.902,0.79185,0.7921,6.80,1.60
2010.06.22 18:40:42.240,0.79185,0.7921,2.80,4.00
2010.06.22 18:40:42.860,0.79185,0.7921,10.80,4.00
2010.06.22 18:40:43.042,0.79185,0.7921,10.80,1.60
2010.06.22 18:40:43.908,0.79185,0.7921,6.80,1.60
2010.06.22 18:40:44.089,0.79185,0.7921,7.00,1.60
2010.06.22 18:40:44.859,0.7919,0.7921,1.00,1.60
2010.06.22 18:40:44.944,0.7919,0.79215,1.20,2.40
2010.06.22 18:40:45.905,0.7919,0.792,1.20,1.60
2010.06.22 18:40:46.263,0.79185,0.7921,6.00,1.60
2010.06.22 18:40:46.614,0.79185,0.7921,2.80,1.60
2010.06.22 18:40:47.388,0.79185,0.7921,1.00,2.40
2010.06.22 18:40:47.740,0.7918,0.79205,1.20,2.40
2010.06.22 18:40:48.086,0.7918,0.79205,1.20,10.40
2010.06.22 18:40:48.391,0.7918,0.79205,1.20,6.40
2010.06.22 18:40:49.142,0.7918,0.79205,1.20,11.20
2010.06.22 18:40:50.100,0.79175,0.79205,1.40,14.40
2010.06.22 18:40:50.866,0.7918,0.792,1.20,4.00
2010.06.22 18:40:51.117,0.7918,0.79205,1.20,10.40
2010.06.22 18:40:51.358,0.7918,0.79205,1.00,12.00
2010.06.22 18:40:52.131,0.7918,0.79205,1.00,10.40
2010.06.22 18:40:52.380,0.7918,0.79205,1.00,14.40
2010.06.22 18:40:54.317,0.79175,0.792,1.20,1.60
2010.06.22 18:40:54.404,0.79175,0.79195,1.20,4.00
2010.06.22 18:40:54.570,0.79175,0.79195,1.20,8.00
2010.06.22 18:40:54.659,0.7917,0.79195,1.20,8.00
2010.06.22 18:40:54.749,0.7917,0.79195,1.20,10.40
2010.06.22 18:40:56.321,0.7917,0.79195,1.20,8.00
2010.06.22 18:40:57.144,0.7917,0.79195,1.20,12.80
2010.06.22 18:40:57.700,0.7917,0.79195,1.20,10.40
2010.06.22 18:40:59.421,0.7917,0.79195,1.20,8.00
2010.06.22 18:40:59.588,0.7917,0.79195,1.20,4.00
2010.06.22 18:40:59.809,0.7917,0.79195,1.20,8.00
2010.06.22 18:41:02.219,0.7917,0.79195,1.20,10.40
2010.06.22 18:41:03.151,0.79175,0.79195,1.20,10.40
2010.06.22 18:41:03.440,0.79175,0.792,2.80,16.80
2010.06.22 18:41:06.417,0.79175,0.792,2.80,14.40
2010.06.22 18:41:07.631,0.7918,0.7921,1.00,14.40
2010.06.22 18:41:07.974,0.79185,0.7921,1.20,9.60
2010.06.22 18:41:09.439,0.79185,0.7921,1.20,4.00
2010.06.22 18:41:09.559,0.79185,0.7921,1.20,8.00
2010.06.22 18:41:09.683,0.79185,0.79215,1.20,16.00
2010.06.22 18:41:11.247,0.7921,0.7923,1.00,2.40
2010.06.22 18:41:11.559,0.7921,0.79235,1.00,1.60
2010.06.22 18:41:12.386,0.7921,0.79235,1.00,3.20
2010.06.22 18:41:12.734,0.7921,0.79235,1.00,4.00
2010.06.22 18:41:14.402,0.7921,0.7923,1.00,2.40
2010.06.22 18:41:15.185,0.792,0.79225,10.80,1.60
2010.06.22 18:41:15.324,0.792,0.79225,10.00,1.60
2010.06.22 18:41:15.895,0.792,0.79225,8.40,1.60
2010.06.22 18:41:16.246,0.792,0.79225,4.40,1.60
2010.06.22 18:41:20.787,0.792,0.79225,6.00,1.60
2010.06.22 18:41:21.124,0.792,0.79225,12.40,1.60
2010.06.22 18:41:22.120,0.792,0.79225,10.80,1.60
2010.06.22 18:41:22.460,0.792,0.79225,4.40,1.60
2010.06.22 18:41:23.331,0.792,0.79215,1.00,8.00
2010.06.22 18:41:23.503,0.79195,0.7921,2.40,2.40
2010.06.22 18:41:23.671,0.79185,0.7921,1.00,4.80
2010.06.22 18:41:23.841,0.7918,0.79205,9.20,1.00
2010.06.22 18:41:24.292,0.79185,0.79205,4.00,1.00
2010.06.22 18:41:24.570,0.7918,0.79205,11.60,1.00
2010.06.22 18:41:25.411,0.79185,0.7921,1.00,1.60
2010.06.22 18:41:26.200,0.7918,0.79205,11.60,1.00
2010.06.22 18:41:26.473,0.79185,0.7921,8.00,4.00
2010.06.22 18:41:26.814,0.79185,0.7921,3.60,1.60
2010.06.22 18:41:27.614,0.79185,0.7921,1.20,1.60
2010.06.22 18:41:28.089,0.7918,0.7921,11.60,1.60
2010.06.22 18:41:28.810,0.7918,0.7921,1.20,14.40
2010.06.22 18:41:28.969,0.7918,0.7921,3.60,9.60
2010.06.22 18:41:29.608,0.7918,0.7921,7.60,5.60
2010.06.22 18:41:29.775,0.7918,0.7921,5.20,1.60
2010.06.22 18:41:31.941,0.7918,0.7921,1.20,9.60
2010.06.22 18:41:33.049,0.7918,0.79205,1.00,1.60
2010.06.22 18:41:33.934,0.7918,0.792,1.00,3.40
2010.06.22 18:41:34.409,0.7918,0.792,1.00,5.00
2010.06.22 18:41:34.606,0.7917,0.792,5.20,10.60
2010.06.22 18:41:35.937,0.79175,0.792,1.60,9.60
2010.06.22 18:41:36.214,0.79175,0.792,1.60,5.60
2010.06.22 18:41:38.892,0.79175,0.792,2.00,4.00
2010.06.22 18:41:39.092,0.79175,0.79205,2.80,13.60
2010.06.22 18:41:39.721,0.79175,0.792,2.80,4.00
2010.06.22 18:41:39.935,0.79175,0.792,1.60,1.60
2010.06.22 18:41:41.115,0.79175,0.792,1.60,5.60
2010.06.22 18:41:42.147,0.79175,0.792,1.60,4.00
2010.06.22 18:41:42.467,0.79175,0.792,2.80,1.00
2010.06.22 18:41:43.236,0.79175,0.79205,2.80,11.20
2010.06.22 18:41:43.433,0.79175,0.79205,2.80,9.60
2010.06.22 18:41:43.619,0.79175,0.79205,10.80,1.60
2010.06.22 18:41:43.812,0.79185,0.79205,1.60,1.60
2010.06.22 18:41:44.439,0.79185,0.7921,2.80,4.00
2010.06.22 18:41:44.629,0.79185,0.7921,2.80,1.60
2010.06.22 18:41:45.140,0.79185,0.7921,1.20,1.60
2010.06.22 18:41:45.401,0.7918,0.79205,1.00,4.00
2010.06.22 18:41:46.122,0.7918,0.79205,1.00,12.00
2010.06.22 18:41:46.390,0.7918,0.792,1.00,2.40
2010.06.22 18:41:46.660,0.79175,0.792,1.20,3.20
2010.06.22 18:41:48.191,0.79175,0.792,7.60,3.20
2010.06.22 18:41:49.010,0.7917,0.792,5.20,1.60
2010.06.22 18:41:49.356,0.79175,0.792,1.00,5.60
2010.06.22 18:41:50.016,0.79175,0.792,1.20,1.60
2010.06.22 18:41:50.229,0.79175,0.792,1.20,9.60
2010.06.22 18:41:50.433,0.79175,0.792,1.20,5.60
2010.06.22 18:41:51.816,0.79175,0.792,1.00,1.60
2010.06.22 18:41:51.983,0.7917,0.792,1.20,9.60
2010.06.22 18:41:52.470,0.7917,0.792,1.20,10.40
2010.06.22 18:41:53.230,0.79175,0.79195,1.60,1.60
2010.06.22 18:41:53.555,0.79175,0.792,2.80,1.00
2010.06.22 18:41:57.171,0.79175,0.79205,6.80,5.60
2010.06.22 18:41:57.984,0.79175,0.79205,13.20,1.60
2010.06.22 18:41:58.382,0.79175,0.79205,13.40,1.60
2010.06.22 18:42:00.024,0.7918,0.79205,4.00,1.60
2010.06.22 18:42:00.173,0.7918,0.79205,4.00,3.20
2010.06.22 18:42:00.316,0.79175,0.79205,13.20,3.20
2010.06.22 18:42:01.104,0.79175,0.79205,10.80,3.20
2010.06.22 18:42:01.448,0.79175,0.792,5.20,1.60
2010.06.22 18:42:01.733,0.79175,0.792,1.20,5.60
2010.06.22 18:42:02.452,0.79175,0.792,1.20,9.60
2010.06.22 18:42:02.803,0.7917,0.79195,2.00,1.00
2010.06.22 18:42:03.145,0.7917,0.79195,1.20,1.00
2010.06.22 18:42:06.793,0.7917,0.79195,1.00,5.60
2010.06.22 18:42:07.864,0.7917,0.79195,1.00,1.60
2010.06.22 18:42:08.712,0.7917,0.79195,1.00,10.40
2010.06.22 18:42:10.392,0.7917,0.79195,1.00,2.40
2010.06.22 18:42:10.521,0.79165,0.7919,4.40,1.60
2010.06.22 18:42:10.645,0.79165,0.7919,1.00,5.60
2010.06.22 18:42:10.765,0.79165,0.7919,1.00,7.20
2010.06.22 18:42:11.323,0.79165,0.7919,1.00,5.60
2010.06.22 18:42:11.664,0.79165,0.79195,10.80,4.00
2010.06.22 18:42:12.003,0.79165,0.79195,16.40,1.00
2010.06.22 18:42:12.516,0.7917,0.79195,1.20,1.00
2010.06.22 18:42:12.867,0.7917,0.79195,1.20,4.80
2010.06.22 18:42:14.623,0.7917,0.79195,1.20,1.00
2010.06.22 18:42:15.531,0.7917,0.79195,1.20,4.80
2010.06.22 18:42:16.326,0.79165,0.79195,7.60,11.20
2010.06.22 18:42:16.678,0.7916,0.7919,1.20,16.00
2010.06.22 18:42:17.891,0.79165,0.79195,3.60,12.00
2010.06.22 18:42:18.212,0.7917,0.79195,1.00,5.60
2010.06.22 18:42:21.923,0.7917,0.79195,1.00,1.60
2010.06.22 18:42:22.820,0.7917,0.79195,1.00,5.60
2010.06.22 18:42:23.167,0.79165,0.79195,6.80,5.60
2010.06.22 18:42:23.938,0.79165,0.79195,9.20,5.60
2010.06.22 18:42:24.800,0.7917,0.79195,1.00,5.60
2010.06.22 18:42:26.289,0.7917,0.79195,1.00,1.60
2010.06.22 18:42:27.051,0.79175,0.79195,1.60,1.00
2010.06.22 18:42:28.369,0.79175,0.79195,1.60,1.60
2010.06.22 18:42:28.720,0.7917,0.79195,1.00,1.60
2010.06.22 18:42:31.189,0.7917,0.79195,1.00,9.60
2010.06.22 18:42:31.350,0.7917,0.79195,1.00,12.00
2010.06.22 18:42:33.066,0.7917,0.79195,1.00,10.00
2010.06.22 18:42:33.285,0.79165,0.7919,1.20,10.40
2010.06.22 18:42:33.502,0.79165,0.79195,1.20,9.60
2010.06.22 18:42:34.219,0.7917,0.79195,1.00,9.60
2010.06.22 18:42:36.280,0.7917,0.79195,1.00,1.60
2010.06.22 18:42:41.022,0.79175,0.792,4.00,1.60
2010.06.22 18:42:41.442,0.7917,0.792,11.60,1.60
2010.06.22 18:42:46.905,0.7917,0.792,7.60,1.60
2010.06.22 18:42:47.141,0.7917,0.792,5.20,1.60
2010.06.22 18:42:48.940,0.7917,0.792,11.60,1.60
2010.06.22 18:42:50.173,0.7917,0.792,11.60,3.20
2010.06.22 18:42:50.221,0.7917,0.79195,11.60,2.40
2010.06.22 18:42:50.271,0.7917,0.79195,10.80,4.00
2010.06.22 18:42:50.321,0.7917,0.79195,4.40,4.00
2010.06.22 18:42:50.787,0.7917,0.79195,4.40,1.60
2010.06.22 18:42:50.844,0.7917,0.79195,6.80,1.60
2010.06.22 18:42:50.938,0.7917,0.79195,10.80,1.60
2010.06.22 18:42:52.945,0.79165,0.7919,10.00,1.00
2010.06.22 18:42:53.144,0.79165,0.7919,1.20,1.00
2010.06.22 18:42:54.973,0.7916,0.7918,4.00,1.60
2010.06.22 18:42:55.194,0.79155,0.79175,8.00,3.20
2010.06.22 18:42:55.753,0.7915,0.79175,1.00,3.20
2010.06.22 18:42:56.953,0.7915,0.79175,10.80,1.60
2010.06.22 18:42:57.293,0.7915,0.7918,11.60,3.20
2010.06.22 18:42:59.181,0.7915,0.7918,14.00,3.20
2010.06.22 18:42:59.859,0.7915,0.7918,7.60,5.60
2010.06.22 18:43:00.123,0.7915,0.7918,11.60,1.60
2010.06.22 18:43:01.178,0.7915,0.7918,11.60,2.40
2010.06.22 18:43:01.414,0.7915,0.7918,11.80,1.60
2010.06.22 18:43:01.646,0.7915,0.7918,1.20,12.00
2010.06.22 18:43:02.623,0.79155,0.7918,1.20,8.80
2010.06.22 18:43:02.966,0.79155,0.7918,9.20,1.00
2010.06.22 18:43:03.312,0.79155,0.7918,9.20,2.40
2010.06.22 18:43:04.132,0.7915,0.7918,9.40,3.20
2010.06.22 18:43:04.478,0.7915,0.7918,9.20,5.60
2010.06.22 18:43:05.165,0.7915,0.79175,1.20,1.60
2010.06.22 18:43:06.194,0.7915,0.79175,1.20,2.40
2010.06.22 18:43:10.329,0.7915,0.79175,1.20,6.40
2010.06.22 18:43:10.478,0.7915,0.79175,1.20,2.40
2010.06.22 18:43:14.934,0.7915,0.79175,1.20,6.40
2010.06.22 18:43:15.232,0.7915,0.79165,1.20,1.60
2010.06.22 18:43:15.383,0.7914,0.79165,6.80,1.60
2010.06.22 18:43:15.490,0.7914,0.7917,3.60,15.20
2010.06.22 18:43:15.601,0.7914,0.7917,6.80,8.80
2010.06.22 18:43:15.929,0.7914,0.7917,6.80,6.40
2010.06.22 18:43:17.216,0.79145,0.7917,1.20,4.80
2010.06.22 18:43:17.487,0.79145,0.7917,1.20,1.00
2010.06.22 18:43:17.794,0.7914,0.79165,1.20,8.80
2010.06.22 18:43:19.002,0.79135,0.79165,1.20,10.40
2010.06.22 18:43:19.205,0.79135,0.7916,1.20,4.80
2010.06.22 18:43:19.401,0.79135,0.7916,1.20,8.80
2010.06.22 18:43:19.951,0.7913,0.7916,1.20,8.80
2010.06.22 18:43:20.236,0.7913,0.7916,1.20,13.60
2010.06.22 18:43:21.862,0.7913,0.79155,1.00,12.00
2010.06.22 18:43:23.249,0.7913,0.7915,1.00,4.00
2010.06.22 18:43:23.494,0.7913,0.7915,1.00,8.00
2010.06.22 18:43:23.731,0.7913,0.79155,1.00,13.60
2010.06.22 18:43:24.446,0.7913,0.7915,1.00,8.00
2010.06.22 18:43:24.724,0.7913,0.79155,1.00,13.60
2010.06.22 18:43:26.231,0.7913,0.7915,1.00,8.00
2010.06.22 18:43:28.780,0.7912,0.79145,1.00,5.60
2010.06.22 18:43:28.923,0.79115,0.79145,9.20,4.00
2010.06.22 18:43:29.116,0.7912,0.79145,1.20,2.40
2010.06.22 18:43:29.312,0.7912,0.7915,1.20,12.00
2010.06.22 18:43:30.320,0.7912,0.7915,1.20,9.60
2010.06.22 18:43:30.509,0.7912,0.79145,1.20,1.60
2010.06.22 18:43:30.702,0.7912,0.79145,2.80,4.00
2010.06.22 18:43:30.894,0.7912,0.79145,2.80,8.00
2010.06.22 18:43:31.390,0.7912,0.79145,2.80,10.40
2010.06.22 18:43:31.666,0.7912,0.7915,1.20,9.60
2010.06.22 18:43:32.210,0.7912,0.7915,7.60,5.60
2010.06.22 18:43:32.480,0.7912,0.7915,11.60,1.60
2010.06.22 18:43:33.273,0.79125,0.79155,1.20,12.00
2010.06.22 18:43:33.621,0.79125,0.79155,13.20,1.60
2010.06.22 18:43:33.796,0.7913,0.7916,5.20,9.60
2010.06.22 18:43:34.344,0.7913,0.7916,6.80,7.20
2010.06.22 18:43:34.520,0.79135,0.7916,1.20,1.60
2010.06.22 18:43:35.940,0.79135,0.7916,1.20,13.60
2010.06.22 18:43:36.190,0.7913,0.7916,2.80,14.40
2010.06.22 18:43:36.443,0.7914,0.7916,1.60,4.80
2010.06.22 18:43:37.190,0.79135,0.7916,2.00,1.60
2010.06.22 18:43:37.536,0.7913,0.79155,1.20,1.00
2010.06.22 18:43:37.887,0.7913,0.79155,1.00,8.80
2010.06.22 18:43:38.684,0.7913,0.79155,1.00,9.60
2010.06.22 18:43:39.005,0.79125,0.7915,1.20,1.60
2010.06.22 18:43:40.417,0.79125,0.7915,1.00,1.60
2010.06.22 18:43:43.690,0.7913,0.79155,1.00,12.80
2010.06.22 18:43:43.960,0.7913,0.79155,1.00,12.00
2010.06.22 18:43:45.513,0.7913,0.7915,1.00,2.40
2010.06.22 18:43:45.696,0.7913,0.79145,1.00,1.60
2010.06.22 18:43:46.185,0.7913,0.7915,1.00,4.80
2010.06.22 18:43:46.517,0.7913,0.7915,2.40,4.00
2010.06.22 18:43:47.302,0.79135,0.7916,1.00,11.20
2010.06.22 18:43:47.647,0.7914,0.7917,4.00,5.60
2010.06.22 18:43:47.997,0.79135,0.79165,4.80,8.00
2010.06.22 18:43:48.761,0.79125,0.7916,14.00,12.80
2010.06.22 18:43:49.091,0.79125,0.7916,11.60,12.80
2010.06.22 18:43:49.579,0.79125,0.7916,11.60,13.60
2010.06.22 18:43:49.751,0.79125,0.79155,6.40,5.60
2010.06.22 18:43:49.921,0.7912,0.79155,6.80,12.00
2010.06.22 18:43:50.497,0.7912,0.79155,4.40,13.60
2010.06.22 18:43:50.704,0.7912,0.79155,6.80,12.00
2010.06.22 18:43:51.313,0.7912,0.79145,6.80,1.60
2010.06.22 18:43:51.523,0.7912,0.79145,4.00,4.00
2010.06.22 18:43:52.085,0.7912,0.79145,1.60,10.40
2010.06.22 18:43:52.439,0.7912,0.7915,1.20,10.40
2010.06.22 18:43:54.182,0.79115,0.79145,11.60,1.60
2010.06.22 18:43:54.392,0.7912,0.79145,1.60,2.40
2010.06.22 18:43:54.600,0.79115,0.79145,11.60,2.40
2010.06.22 18:43:55.219,0.79115,0.79145,9.20,2.40
2010.06.22 18:43:55.410,0.79115,0.7915,11.60,12.00
2010.06.22 18:43:55.789,0.79115,0.7915,11.60,12.10
2010.06.22 18:43:57.706,0.79115,0.79145,1.20,10.40
2010.06.22 18:43:58.162,0.79115,0.7915,11.60,12.00
2010.06.22 18:43:58.390,0.7912,0.7915,6.40,1.60
2010.06.22 18:43:58.620,0.7912,0.79155,10.80,12.00
2010.06.22 18:43:59.658,0.7912,0.79155,14.80,9.60
2010.06.22 18:44:00.451,0.7912,0.79155,14.80,12.00
2010.06.22 18:44:01.263,0.7912,0.79155,15.00,12.00
2010.06.22 18:44:05.708,0.7912,0.79155,15.80,11.20
2010.06.22 18:44:06.126,0.79125,0.79155,1.20,10.40
2010.06.22 18:44:06.267,0.79125,0.79155,3.60,10.40
2010.06.22 18:44:06.843,0.79125,0.79155,11.60,2.40
2010.06.22 18:44:07.183,0.79125,0.7916,14.00,12.00
2010.06.22 18:44:09.363,0.79125,0.79155,1.20,10.40
2010.06.22 18:44:10.410,0.79125,0.79155,3.60,8.00
2010.06.22 18:44:11.071,0.79125,0.79155,10.00,4.00
2010.06.22 18:44:11.302,0.79125,0.79155,7.60,4.00
2010.06.22 18:44:13.751,0.79125,0.7916,10.80,13.60
2010.06.22 18:44:13.848,0.79125,0.79155,6.20,4.00
2010.06.22 18:44:13.934,0.79125,0.79155,2.00,8.00
2010.06.22 18:44:14.481,0.79125,0.79155,4.40,8.00
2010.06.22 18:44:14.578,0.7912,0.79155,15.80,11.20
2010.06.22 18:44:17.144,0.7912,0.7915,15.80,1.00
2010.06.22 18:44:17.488,0.79115,0.7915,11.60,14.40
2010.06.22 18:44:18.776,0.79115,0.7915,11.80,14.40
2010.06.22 18:44:20.727,0.7912,0.7915,1.00,12.80
2010.06.22 18:44:21.968,0.79115,0.7915,11.80,14.40
2010.06.22 18:44:22.332,0.7911,0.79145,11.80,14.40
2010.06.22 18:44:22.673,0.7911,0.79145,13.40,18.40
2010.06.22 18:44:22.984,0.7911,0.79145,15.80,15.20
2010.06.22 18:44:23.842,0.7911,0.79135,15.80,1.60
2010.06.22 18:44:23.954,0.7911,0.79135,15.60,1.60
2010.06.22 18:44:24.172,0.7911,0.79135,8.40,1.60
2010.06.22 18:44:24.285,0.7911,0.79135,2.00,2.40
2010.06.22 18:44:24.404,0.7911,0.79135,1.60,2.40
2010.06.22 18:44:25.179,0.79105,0.79135,1.00,12.00
2010.06.22 18:44:26.141,0.79105,0.7913,1.00,4.00
2010.06.22 18:44:26.462,0.79105,0.79135,5.20,6.40
2010.06.22 18:44:27.063,0.7911,0.79135,1.00,4.00
2010.06.22 18:44:27.960,0.79105,0.79135,5.20,4.00
2010.06.22 18:44:28.520,0.79105,0.79135,12.40,4.00
2010.06.22 18:44:28.868,0.79105,0.79135,1.20,9.60
2010.06.22 18:44:29.214,0.791,0.79135,11.60,9.60
2010.06.22 18:44:29.350,0.791,0.79135,11.60,11.20
2010.06.22 18:44:29.770,0.791,0.79135,14.80,9.60
2010.06.22 18:44:30.286,0.79105,0.79135,5.20,4.00
2010.06.22 18:44:30.495,0.79105,0.79135,5.20,8.00
2010.06.22 18:44:30.699,0.79105,0.79135,1.20,8.00
2010.06.22 18:44:31.581,0.7911,0.79135,1.00,8.00
2010.06.22 18:44:31.851,0.7911,0.7914,1.00,10.40
2010.06.22 18:44:32.636,0.7911,0.7914,1.00,10.40
2010.06.22 18:44:32.881,0.7911,0.7914,1.00,10.40
2010.06.22 18:44:33.361,0.7911,0.7914,1.00,8.00
2010.06.22 18:44:34.394,0.7911,0.7914,1.00,8.80
2010.06.22 18:44:37.956,0.7911,0.7914,6.80,4.00
2010.06.22 18:44:38.233,0.7911,0.79145,15.80,15.20
2010.06.22 18:44:38.942,0.79115,0.79145,4.00,9.60
2010.06.22 18:44:39.144,0.7911,0.79145,15.60,16.10
2010.06.22 18:44:39.344,0.7911,0.79145,14.00,16.10
2010.06.22 18:44:39.546,0.7911,0.7914,10.40,1.00
2010.06.22 18:44:39.743,0.7911,0.7914,2.40,8.80
2010.06.22 18:44:40.382,0.79105,0.7914,11.80,12.80
2010.06.22 18:44:40.745,0.7911,0.7914,1.60,12.00
2010.06.22 18:44:41.096,0.79105,0.7914,11.60,11.20
2010.06.22 18:44:41.708,0.79105,0.7914,11.60,13.60
2010.06.22 18:44:41.956,0.79105,0.7914,11.80,13.60
2010.06.22 18:44:42.201,0.79105,0.7914,11.60,13.70
2010.06.22 18:44:42.957,0.79105,0.79135,11.60,1.60
2010.06.22 18:44:43.323,0.791,0.79125,6.80,1.60
2010.06.22 18:44:43.533,0.791,0.7912,6.00,1.00
2010.06.22 18:44:44.175,0.791,0.7912,6.00,1.60
2010.06.22 18:44:44.392,0.79095,0.7911,8.00,2.40
2010.06.22 18:44:44.742,0.7909,0.791,4.00,1.60
2010.06.22 18:44:45.558,0.79075,0.791,1.00,9.60
2010.06.22 18:44:45.846,0.7908,0.79105,5.60,2.40
2010.06.22 18:44:46.349,0.7908,0.7911,5.60,6.40
2010.06.22 18:44:46.648,0.7909,0.79115,1.60,13.60
2010.06.22 18:44:46.992,0.7909,0.79115,5.60,1.60
2010.06.22 18:44:49.471,0.7909,0.79115,5.60,3.20
2010.06.22 18:44:49.822,0.79085,0.7911,2.00,1.60
2010.06.22 18:44:50.161,0.79085,0.7911,1.60,1.60
2010.06.22 18:44:51.141,0.7908,0.79105,2.80,1.00
2010.06.22 18:44:51.411,0.7908,0.7911,3.00,14.40
2010.06.22 18:44:51.682,0.7908,0.7911,7.00,1.60
2010.06.22 18:44:54.405,0.79085,0.79115,1.60,12.80
2010.06.22 18:44:54.649,0.79085,0.79115,1.60,10.40
2010.06.22 18:44:55.138,0.7908,0.7911,14.00,2.40
2010.06.22 18:44:55.720,0.7908,0.7911,1.00,10.40
2010.06.22 18:44:56.007,0.7908,0.79115,4.40,16.80
2010.06.22 18:44:56.291,0.7908,0.79115,4.00,15.20
2010.06.22 18:44:56.867,0.7908,0.79115,4.00,13.70
2010.06.22 18:44:57.213,0.79075,0.7911,14.50,8.80
2010.06.22 18:44:57.551,0.79075,0.7911,12.90,12.80
2010.06.22 18:44:57.891,0.79075,0.791,10.50,1.60
2010.06.22 18:44:58.657,0.7907,0.791,10.50,4.00
2010.06.22 18:44:59.015,0.7907,0.791,2.50,9.60
2010.06.22 18:44:59.172,0.79065,0.7909,10.50,1.60
2010.06.22 18:44:59.326,0.79065,0.79095,10.50,2.40
2010.06.22 18:44:59.919,0.79065,0.791,10.50,14.40
2010.06.22 18:45:00.076,0.79065,0.7909,10.50,1.60
2010.06.22 18:45:00.378,0.79065,0.7909,10.40,1.60
2010.06.22 18:45:00.678,0.79065,0.7909,8.00,1.60
2010.06.22 18:45:01.422,0.79065,0.79095,10.40,2.40
2010.06.22 18:45:01.678,0.79065,0.7909,4.00,4.00
2010.06.22 18:45:01.929,0.79065,0.7908,8.00,1.00
2010.06.22 18:45:02.594,0.79055,0.7908,2.50,3.20
2010.06.22 18:45:02.947,0.79055,0.79085,9.60,1.60
2010.06.22 18:45:03.898,0.79055,0.79075,8.00,4.00
2010.06.22 18:45:04.243,0.7904,0.79075,10.50,12.80
2010.06.22 18:45:04.734,0.7904,0.7906,10.50,2.40
2010.06.22 18:45:05.019,0.7904,0.79065,2.40,1.60
2010.06.22 18:45:05.301,0.79035,0.79065,10.50,1.60
2010.06.22 18:45:05.796,0.79035,0.7906,10.40,2.40
2010.06.22 18:45:06.153,0.7904,0.79065,1.60,1.60
2010.06.22 18:45:06.504,0.79035,0.79065,10.50,3.20
2010.06.22 18:45:07.583,0.79035,0.79065,10.40,4.00
2010.06.22 18:45:07.922,0.7903,0.79055,4.10,4.00
2010.06.22 18:45:08.412,0.7903,0.79055,4.10,2.40
2010.06.22 18:45:08.743,0.79035,0.79065,10.40,5.60
2010.06.22 18:45:09.453,0.79035,0.79055,2.40,4.00
2010.06.22 18:45:09.910,0.7903,0.79055,4.10,4.00
2010.06.22 18:45:10.121,0.79035,0.79065,8.00,4.00
2010.06.22 18:45:10.405,0.79035,0.79065,10.40,4.00
2010.06.22 18:45:11.434,0.79035,0.79055,10.40,4.00
2010.06.22 18:45:11.762,0.7903,0.79055,4.10,4.00
2010.06.22 18:45:12.968,0.79035,0.79055,1.00,2.40
2010.06.22 18:45:13.319,0.79035,0.7907,8.10,9.60
2010.06.22 18:45:13.625,0.7904,0.7907,9.60,1.60
2010.06.22 18:45:14.339,0.7904,0.79075,10.40,9.60
2010.06.22 18:45:14.599,0.7904,0.79075,15.30,8.00
2010.06.22 18:45:14.846,0.79045,0.7908,8.00,12.00
2010.06.22 18:45:15.331,0.7905,0.7908,1.60,12.00
2010.06.22 18:45:15.673,0.7905,0.7908,9.60,1.60
2010.06.22 18:45:16.741,0.7904,0.79065,8.00,1.60
2010.06.22 18:45:17.076,0.7904,0.7907,4.00,2.40
2010.06.22 18:45:17.886,0.79045,0.79065,4.00,4.80
2010.06.22 18:45:18.238,0.7904,0.79065,5.60,1.60
2010.06.22 18:45:19.663,0.7904,0.79065,5.70,1.60
2010.06.22 18:45:19.970,0.79045,0.7907,1.60,2.40
2010.06.22 18:45:20.082,0.7905,0.79075,4.00,4.80
2010.06.22 18:45:20.189,0.7905,0.79075,4.00,2.40
2010.06.22 18:45:20.913,0.7905,0.79075,4.00,1.60
2010.06.22 18:45:21.201,0.7905,0.79065,4.00,1.60
2010.06.22 18:45:21.764,0.7904,0.79065,5.60,1.60
2010.06.22 18:45:22.601,0.79035,0.79065,10.50,4.00
2010.06.22 18:45:22.952,0.79035,0.79065,4.10,8.80
2010.06.22 18:45:23.636,0.79035,0.79065,6.50,7.20
2010.06.22 18:45:23.888,0.79035,0.7907,10.40,14.00
2010.06.22 18:45:24.136,0.7904,0.79065,4.00,4.00
2010.06.22 18:45:24.932,0.79035,0.79065,4.00,8.00
2010.06.22 18:45:25.094,0.7903,0.79065,14.50,14.40
2010.06.22 18:45:25.251,0.7903,0.79065,14.50,15.20
2010.06.22 18:45:25.415,0.7903,0.79055,12.80,1.60
2010.06.22 18:45:26.045,0.7903,0.79055,4.80,3.20
2010.06.22 18:45:26.384,0.7903,0.79055,4.00,4.00
2010.06.22 18:45:26.712,0.7903,0.7906,4.00,12.00
2010.06.22 18:45:27.511,0.79025,0.79055,2.40,8.80
2010.06.22 18:45:27.854,0.79025,0.7906,10.40,13.60
2010.06.22 18:45:28.192,0.79025,0.79055,6.40,5.60
2010.06.22 18:45:29.049,0.79025,0.7906,10.40,15.20
2010.06.22 18:45:29.394,0.79025,0.7906,10.40,14.40
2010.06.22 18:45:29.555,0.79025,0.7906,10.40,12.80
2010.06.22 18:45:30.131,0.79025,0.7906,12.90,10.40
2010.06.22 18:45:30.302,0.7903,0.7906,4.00,2.40
2010.06.22 18:45:30.464,0.7903,0.7906,6.40,2.40
2010.06.22 18:45:31.301,0.79035,0.79065,8.80,5.60
2010.06.22 18:45:31.641,0.7903,0.7906,12.80,2.40
2010.06.22 18:45:32.321,0.7903,0.79065,12.80,15.20
2010.06.22 18:45:33.119,0.7903,0.79065,13.60,14.40
2010.06.22 18:45:33.414,0.79035,0.79065,13.60,1.60
2010.06.22 18:45:33.709,0.79035,0.79065,6.40,9.60
2010.06.22 18:45:34.393,0.79035,0.79065,3.20,9.60
2010.06.22 18:45:34.637,0.79045,0.79065,4.00,8.00
2010.06.22 18:45:34.883,0.79045,0.79075,12.00,1.60
2010.06.22 18:45:35.999,0.7906,0.7908,2.40,10.40
2010.06.22 18:45:36.205,0.7906,0.7909,2.40,8.80
2010.06.22 18:45:36.908,0.7905,0.79085,13.70,12.80
2010.06.22 18:45:37.255,0.7905,0.7908,12.90,1.60
2010.06.22 18:45:38.074,0.7905,0.7908,4.00,9.60
2010.06.22 18:45:38.770,0.7905,0.7908,4.10,9.60
2010.06.22 18:45:40.412,0.79055,0.79085,5.60,10.40
2010.06.22 18:45:41.159,0.79055,0.79085,5.60,5.60
2010.06.22 18:45:41.464,0.79055,0.7909,15.30,9.60
2010.06.22 18:45:41.661,0.79055,0.7909,14.40,10.40
2010.06.22 18:45:41.862,0.79055,0.7908,2.40,1.60
2010.06.22 18:45:42.365,0.79055,0.7908,4.00,4.00
2010.06.22 18:45:42.573,0.79055,0.79085,12.80,1.00
2010.06.22 18:45:42.916,0.7906,0.7909,4.00,5.60
2010.06.22 18:45:44.372,0.7906,0.7909,4.10,5.60
2010.06.22 18:45:45.533,0.7906,0.7909,1.00,5.60
2010.06.22 18:45:45.873,0.7906,0.7909,1.00,9.60
2010.06.22 18:45:49.120,0.79065,0.79095,1.60,10.40
2010.06.22 18:45:49.264,0.7906,0.7909,7.20,4.00
2010.06.22 18:45:49.400,0.7906,0.7909,4.80,4.00
2010.06.22 18:45:50.870,0.7906,0.7909,4.90,4.00
2010.06.22 18:45:51.071,0.7906,0.7909,6.50,4.00
2010.06.22 18:45:51.742,0.7906,0.79085,6.50,1.60
2010.06.22 18:45:51.986,0.7906,0.79085,1.00,3.20
2010.06.22 18:45:52.629,0.7906,0.79085,2.40,5.60
2010.06.22 18:45:52.875,0.7906,0.79085,1.60,4.00
2010.06.22 18:45:53.112,0.7906,0.79085,3.20,4.00
2010.06.22 18:45:53.783,0.7906,0.7909,2.40,10.40
2010.06.22 18:45:54.100,0.7906,0.7909,2.50,8.00
2010.06.22 18:45:55.731,0.7907,0.79095,1.00,9.60
2010.06.22 18:45:55.999,0.79065,0.79095,10.00,5.60
2010.06.22 18:45:56.790,0.79065,0.7909,1.00,4.00
2010.06.22 18:45:57.143,0.79065,0.7909,1.00,5.60
2010.06.22 18:45:57.955,0.7906,0.7909,4.50,5.60
2010.06.22 18:45:58.306,0.7906,0.7909,4.40,5.60
2010.06.22 18:45:59.732,0.79065,0.7909,1.00,4.00
2010.06.22 18:46:01.401,0.79065,0.79095,1.00,12.00
2010.06.22 18:46:01.881,0.7906,0.79095,8.50,12.00
2010.06.22 18:46:02.121,0.7906,0.7909,6.80,2.40
2010.06.22 18:46:02.687,0.79065,0.79085,8.00,1.60
2010.06.22 18:46:03.041,0.7907,0.791,4.00,1.60
2010.06.22 18:46:04.083,0.79065,0.791,4.40,4.00
2010.06.22 18:46:04.342,0.79065,0.791,4.40,4.10
2010.06.22 18:46:04.899,0.79065,0.791,4.40,4.90
2010.06.22 18:46:05.009,0.79065,0.79095,4.40,1.00
2010.06.22 18:46:05.349,0.7907,0.79095,1.00,1.00
2010.06.22 18:46:05.601,0.7907,0.791,1.00,4.10
2010.06.22 18:46:06.382,0.7907,0.791,4.40,4.00
2010.06.22 18:46:06.612,0.7907,0.791,1.00,1.60
2010.06.22 18:46:06.841,0.7907,0.791,4.00,1.60
2010.06.22 18:46:08.287,0.79075,0.7911,14.00,3.20
2010.06.22 18:46:08.639,0.7908,0.79105,2.80,8.00
2010.06.22 18:46:08.894,0.7908,0.79115,6.80,10.40
2010.06.22 18:46:09.581,0.79085,0.79115,1.00,10.40
2010.06.22 18:46:11.344,0.79085,0.7911,1.00,8.00
2010.06.22 18:46:11.635,0.79085,0.7911,1.00,10.40
2010.06.22 18:46:13.421,0.7908,0.7911,4.80,10.40
2010.06.22 18:46:13.881,0.7908,0.7911,3.20,10.40
2010.06.22 18:46:14.078,0.7908,0.79115,13.60,12.00
2010.06.22 18:46:14.734,0.79085,0.79115,4.00,6.40
2010.06.22 18:46:14.834,0.79085,0.79115,8.00,3.20
2010.06.22 18:46:14.921,0.79085,0.79115,8.00,1.00
2010.06.22 18:46:15.393,0.79085,0.7912,13.20,12.00
2010.06.22 18:46:15.659,0.79085,0.7912,16.40,9.60
2010.06.22 18:46:16.670,0.79085,0.7912,17.00,9.60
2010.06.22 18:46:17.251,0.79095,0.7912,1.60,9.60
2010.06.22 18:46:17.547,0.7909,0.7912,4.00,4.80
2010.06.22 18:46:17.802,0.79085,0.7912,16.60,8.80
2010.06.22 18:46:18.781,0.79085,0.7912,17.00,8.80
2010.06.22 18:46:19.126,0.7909,0.7912,3.60,8.00
2010.06.22 18:46:19.477,0.7909,0.7912,3.70,11.20
2010.06.22 18:46:20.282,0.79105,0.7913,1.60,1.60
2010.06.22 18:46:20.579,0.7911,0.79135,1.60,4.80
2010.06.22 18:46:21.308,0.79115,0.79135,4.00,4.00
2010.06.22 18:46:21.620,0.79115,0.79145,8.00,1.60
2010.06.22 18:46:21.939,0.7913,0.7915,2.80,2.40
2010.06.22 18:46:22.740,0.7914,0.79165,1.00,8.00
2010.06.22 18:46:23.083,0.7914,0.7917,2.00,8.00
2010.06.22 18:46:23.898,0.79145,0.79175,2.40,8.00
2010.06.22 18:46:24.184,0.7914,0.79175,15.60,11.20
2010.06.22 18:46:24.473,0.7914,0.79175,15.60,12.00
2010.06.22 18:46:25.832,0.7914,0.7917,9.20,5.60
2010.06.22 18:46:26.458,0.79145,0.7917,1.00,4.00
2010.06.22 18:46:26.809,0.79145,0.79175,2.80,8.80
2010.06.22 18:46:27.153,0.7914,0.79175,14.80,9.60
2010.06.22 18:46:27.387,0.7914,0.79175,9.20,9.60
2010.06.22 18:46:28.080,0.7914,0.7917,6.80,1.60
2010.06.22 18:46:28.424,0.7914,0.79175,12.80,12.00
2010.06.22 18:46:29.280,0.7914,0.79175,15.00,12.00
2010.06.22 18:46:29.549,0.79145,0.79175,1.00,11.20
2010.06.22 18:46:30.255,0.79145,0.79175,1.00,10.40
2010.06.22 18:46:30.590,0.79145,0.79175,5.20,10.40
2010.06.22 18:46:31.356,0.79145,0.7918,9.20,9.60
2010.06.22 18:46:31.710,0.79145,0.79175,1.00,8.80
2010.06.22 18:46:32.482,0.79145,0.7917,1.00,8.00
2010.06.22 18:46:32.830,0.79135,0.7916,3.60,8.00
2010.06.22 18:46:34.999,0.79135,0.79165,3.60,10.40
2010.06.22 18:46:36.880,0.79135,0.79165,3.60,8.00
2010.06.22 18:46:37.819,0.79125,0.79155,9.20,1.00
2010.06.22 18:46:38.168,0.79125,0.79155,5.20,4.80
2010.06.22 18:46:38.410,0.79125,0.79155,1.20,8.80
2010.06.22 18:46:38.655,0.7912,0.7915,7.60,4.00
2010.06.22 18:46:39.307,0.7912,0.7915,3.60,8.00
2010.06.22 18:46:39.505,0.7912,0.79155,11.60,11.20
2010.06.22 18:46:39.701,0.7912,0.79155,15.60,11.20
2010.06.22 18:46:39.902,0.79125,0.79155,10.40,3.20
2010.06.22 18:46:40.102,0.79125,0.79155,14.00,1.00
2010.06.22 18:46:40.490,0.79125,0.7916,14.00,13.60
2010.06.22 18:46:41.441,0.79125,0.7916,15.60,13.60
2010.06.22 18:46:41.869,0.79125,0.7916,15.80,13.60
2010.06.22 18:46:43.570,0.79125,0.79155,3.60,8.00
2010.06.22 18:46:43.772,0.79125,0.79155,1.20,10.40
2010.06.22 18:46:47.300,0.79125,0.79155,1.20,12.00
2010.06.22 18:46:48.653,0.7912,0.7915,7.60,4.00
2010.06.22 18:46:48.771,0.7912,0.7915,1.20,8.00
2010.06.22 18:46:49.011,0.7912,0.7915,2.80,8.00
2010.06.22 18:46:49.131,0.7912,0.7915,5.20,8.00
2010.06.22 18:46:49.254,0.7912,0.79155,13.20,13.60
2010.06.22 18:46:50.160,0.7912,0.79155,13.40,13.60
2010.06.22 18:46:51.194,0.7912,0.79155,13.40,11.20
2010.06.22 18:46:51.247,0.79115,0.79145,8.00,6.40
2010.06.22 18:46:51.300,0.7911,0.79145,15.80,14.40
2010.06.22 18:46:51.900,0.7911,0.79145,15.80,15.20
2010.06.22 18:46:55.411,0.7912,0.79145,1.60,12.00
2010.06.22 18:46:55.598,0.7912,0.7915,1.60,12.00
2010.06.22 18:46:56.022,0.7912,0.7915,1.70,12.00
2010.06.22 18:46:57.098,0.7912,0.79145,1.70,1.00
2010.06.22 18:46:57.753,0.7912,0.7915,1.70,12.00
2010.06.22 18:46:59.766,0.7912,0.7915,1.00,12.00
2010.06.22 18:46:59.881,0.7912,0.7915,1.70,12.00
2010.06.22 18:47:00.411,0.7912,0.7915,1.00,12.00
2010.06.22 18:47:00.617,0.79115,0.79145,2.50,12.00
2010.06.22 18:47:01.003,0.79115,0.79145,2.40,12.80
2010.06.22 18:47:01.252,0.7911,0.7914,7.80,8.00
2010.06.22 18:47:01.501,0.7911,0.7914,4.60,10.40
2010.06.22 18:47:01.750,0.7911,0.7914,4.60,11.20
2010.06.22 18:47:02.003,0.7911,0.7914,4.10,12.00
2010.06.22 18:47:02.553,0.7911,0.7914,4.00,12.80
2010.06.22 18:47:02.795,0.79105,0.7913,1.60,1.60
2010.06.22 18:47:03.035,0.79105,0.7913,1.60,9.60
2010.06.22 18:47:04.159,0.79105,0.79135,4.40,8.80
2010.06.22 18:47:04.371,0.79105,0.79135,5.20,8.80
2010.06.22 18:47:05.275,0.79095,0.79125,15.60,2.40
2010.06.22 18:47:05.548,0.79095,0.79125,8.00,8.00
2010.06.22 18:47:06.264,0.79095,0.79125,4.00,11.20
2010.06.22 18:47:06.603,0.791,0.7913,1.00,8.00
2010.06.22 18:47:06.940,0.791,0.79135,4.40,12.80
2010.06.22 18:47:07.612,0.791,0.7913,4.00,4.00
2010.06.22 18:47:08.084,0.79095,0.7913,19.70,8.00
2010.06.22 18:47:08.432,0.79095,0.7913,15.80,12.00
2010.06.22 18:47:08.621,0.79095,0.79125,12.80,1.00
2010.06.22 18:47:08.806,0.7909,0.7912,6.20,4.00
2010.06.22 18:47:09.418,0.7909,0.7912,5.40,4.00
2010.06.22 18:47:09.725,0.79085,0.7912,9.20,11.20
2010.06.22 18:47:10.030,0.79085,0.7912,11.60,8.80
2010.06.22 18:47:12.204,0.79085,0.79115,10.40,3.20
2010.06.22 18:47:12.392,0.7908,0.79115,11.80,13.60
2010.06.22 18:47:12.960,0.7908,0.79115,11.70,13.60
2010.06.22 18:47:13.151,0.7908,0.79115,11.80,13.60
2010.06.22 18:47:14.333,0.7909,0.79115,4.00,1.60
2010.06.22 18:47:14.463,0.79085,0.79115,2.80,9.60
2010.06.22 18:47:15.034,0.79085,0.79115,6.80,4.00
2010.06.22 18:47:15.171,0.7909,0.7912,1.00,8.00
2010.06.22 18:47:15.752,0.79095,0.79125,1.60,15.20
2010.06.22 18:47:16.518,0.79095,0.79125,1.60,13.60
2010.06.22 18:47:18.719,0.79095,0.79125,1.60,14.40
2010.06.22 18:47:19.172,0.79095,0.7912,1.60,1.60
2010.06.22 18:47:20.391,0.79095,0.7912,1.60,2.40
2010.06.22 18:47:20.470,0.79095,0.7912,1.60,9.60
2010.06.22 18:47:20.990,0.79095,0.79115,1.60,1.60
2010.06.22 18:47:21.267,0.79075,0.7911,11.60,12.80
2010.06.22 18:47:21.543,0.79075,0.7911,9.20,14.40
2010.06.22 18:47:22.065,0.79075,0.7911,9.20,13.60
2010.06.22 18:47:23.416,0.79075,0.7911,9.20,12.80
2010.06.22 18:47:23.681,0.79075,0.7911,11.60,12.00
2010.06.22 18:47:24.221,0.79075,0.7911,13.20,12.00
2010.06.22 18:47:24.414,0.7908,0.7911,1.00,12.00
2010.06.22 18:47:26.941,0.79075,0.7911,14.00,12.80
2010.06.22 18:47:27.556,0.79075,0.7911,11.60,16.00
2010.06.22 18:47:27.804,0.79075,0.7911,10.80,13.60
2010.06.22 18:47:28.044,0.79075,0.7911,13.20,13.60
2010.06.22 18:47:28.952,0.79075,0.7911,13.40,13.60
2010.06.22 18:47:31.911,0.7908,0.7911,2.40,11.20
2010.06.22 18:47:32.110,0.7908,0.7911,10.40,3.20
2010.06.22 18:47:32.511,0.7908,0.7911,6.40,3.20
2010.06.22 18:47:32.710,0.7908,0.7911,4.00,3.20
2010.06.22 18:47:32.911,0.79075,0.7911,11.60,13.60
2010.06.22 18:47:33.663,0.7908,0.7911,1.00,12.00
2010.06.22 18:47:35.241,0.7908,0.7911,1.20,12.00
2010.06.22 18:47:35.447,0.7908,0.7911,7.60,1.60
2010.06.22 18:47:35.642,0.7908,0.7911,1.20,5.60
2010.06.22 18:47:35.843,0.7908,0.7911,9.20,1.60
2010.06.22 18:47:36.690,0.7908,0.7911,9.40,1.60
2010.06.22 18:47:37.408,0.7908,0.7911,6.20,1.60
2010.06.22 18:47:41.142,0.7908,0.7911,8.60,1.60
2010.06.22 18:47:41.661,0.7908,0.7911,8.00,3.20
2010.06.22 18:47:41.844,0.7908,0.7911,4.00,5.60
2010.06.22 18:47:42.621,0.79075,0.79105,14.40,1.00
2010.06.22 18:47:45.001,0.79075,0.79105,12.80,1.00
2010.06.22 18:47:45.076,0.79075,0.79105,4.00,4.80
2010.06.22 18:47:45.863,0.7908,0.79105,1.60,4.00
2010.06.22 18:47:46.546,0.7908,0.791,8.80,1.60
2010.06.22 18:47:46.801,0.79075,0.791,4.00,1.60
2010.06.22 18:47:47.491,0.79075,0.791,1.60,1.60
2010.06.22 18:47:50.482,0.79075,0.79105,7.30,9.60
2010.06.22 18:47:50.683,0.7908,0.7911,5.60,9.60
2010.06.22 18:47:50.884,0.7908,0.7911,5.70,7.20
2010.06.22 18:47:51.561,0.7908,0.7911,6.20,6.40
2010.06.22 18:47:51.801,0.79085,0.7911,1.60,6.40
2010.06.22 18:47:53.002,0.7909,0.7911,1.60,4.80
2010.06.22 18:47:53.521,0.7909,0.7911,1.60,4.00
2010.06.22 18:47:53.740,0.7909,0.79115,4.00,1.60
2010.06.22 18:47:53.952,0.79085,0.79115,12.60,1.60
2010.06.22 18:47:55.220,0.79085,0.79115,11.60,1.60
2010.06.22 18:47:55.517,0.79085,0.79115,4.00,8.80
2010.06.22 18:47:55.840,0.79085,0.79115,4.00,9.60
2010.06.22 18:47:56.875,0.7908,0.79115,11.60,13.60
2010.06.22 18:47:58.991,0.7908,0.79115,10.80,13.60
2010.06.22 18:48:00.582,0.7908,0.79115,10.80,13.60
2010.06.22 18:48:01.946,0.79085,0.79115,5.60,7.20
2010.06.22 18:48:02.228,0.7908,0.79105,3.20,4.00
2010.06.22 18:48:02.506,0.79075,0.79105,8.40,4.00
2010.06.22 18:48:02.784,0.79075,0.7911,11.60,9.60
2010.06.22 18:48:03.739,0.79075,0.7911,12.40,5.60
2010.06.22 18:48:04.087,0.7908,0.7911,5.20,4.00
2010.06.22 18:48:04.434,0.7908,0.79115,5.20,13.60
2010.06.22 18:48:04.691,0.7908,0.7911,5.20,4.00
2010.06.22 18:48:04.821,0.7908,0.79115,1.20,3.20
2010.06.22 18:48:04.950,0.79085,0.7911,1.20,1.00
2010.06.22 18:48:05.525,0.7909,0.79115,1.00,3.20
2010.06.22 18:48:07.845,0.7909,0.79115,1.20,1.60
2010.06.22 18:48:08.951,0.7909,0.7912,1.20,1.60
2010.06.22 18:48:10.830,0.7909,0.7912,1.40,1.60
2010.06.22 18:48:11.163,0.79095,0.7912,3.00,1.60
2010.06.22 18:48:11.270,0.79095,0.7912,2.80,1.60
2010.06.22 18:48:16.291,0.79095,0.7912,2.80,7.20
2010.06.22 18:48:17.991,0.79095,0.7912,2.80,5.60
2010.06.22 18:48:18.131,0.79095,0.79125,2.80,11.20
2010.06.22 18:48:18.432,0.79095,0.79125,15.60,3.20
2010.06.22 18:48:18.732,0.791,0.79125,1.00,11.20
2010.06.22 18:48:20.620,0.791,0.79125,1.00,11.20
2010.06.22 18:48:20.720,0.791,0.79125,3.80,8.80
2010.06.22 18:48:20.821,0.791,0.79125,5.40,4.00
2010.06.22 18:48:20.922,0.7911,0.7913,1.00,1.00
2010.06.22 18:48:21.456,0.7911,0.79135,1.00,13.60
2010.06.22 18:48:21.671,0.7911,0.79135,1.00,11.20
2010.06.22 18:48:22.102,0.7911,0.79135,2.80,2.40
2010.06.22 18:48:23.722,0.7911,0.79135,1.60,3.20
2010.06.22 18:48:23.941,0.7911,0.79135,2.40,3.20
2010.06.22 18:48:24.604,0.79115,0.79135,1.00,2.40
2010.06.22 18:48:24.829,0.79115,0.79135,1.20,1.60
2010.06.22 18:48:25.133,0.79115,0.79145,1.20,14.40
2010.06.22 18:48:25.431,0.79115,0.7914,1.20,8.00
2010.06.22 18:48:27.138,0.7912,0.79145,1.20,12.00
2010.06.22 18:48:27.441,0.7912,0.79145,1.20,9.60
2010.06.22 18:48:27.539,0.7912,0.79145,2.80,1.60
2010.06.22 18:48:30.007,0.7913,0.7916,2.80,16.00
2010.06.22 18:48:30.042,0.7913,0.7916,5.20,16.00
2010.06.22 18:48:30.084,0.7913,0.7916,5.20,15.20
2010.06.22 18:48:30.169,0.7913,0.7916,5.20,14.40
2010.06.22 18:48:30.203,0.7913,0.7916,6.00,14.40
2010.06.22 18:48:30.240,0.79135,0.7916,1.00,12.00
2010.06.22 18:48:30.281,0.79135,0.7916,1.20,12.00
2010.06.22 18:48:30.742,0.79135,0.7916,1.20,3.20
2010.06.22 18:48:31.100,0.79135,0.7916,1.20,11.20
2010.06.22 18:48:31.851,0.79135,0.7916,1.00,11.20
2010.06.22 18:48:34.960,0.7913,0.79155,5.20,1.00
2010.06.22 18:48:35.060,0.7913,0.79155,1.20,6.40
2010.06.22 18:48:35.250,0.7913,0.79155,1.20,8.00
2010.06.22 18:48:38.392,0.79125,0.7915,1.20,4.00
2010.06.22 18:48:39.149,0.79125,0.79155,1.20,13.60
2010.06.22 18:48:39.503,0.79125,0.79155,2.00,13.60
2010.06.22 18:48:39.631,0.7913,0.79155,1.20,10.40
2010.06.22 18:48:41.402,0.7913,0.79155,1.20,8.80
2010.06.22 18:48:42.292,0.7913,0.79145,1.20,1.60
2010.06.22 18:48:42.710,0.79125,0.79145,1.20,1.60
2010.06.22 18:48:43.514,0.79125,0.79145,1.00,1.60
2010.06.22 18:48:43.737,0.79125,0.79145,1.00,3.20
2010.06.22 18:48:45.422,0.7912,0.79145,3.60,4.00
2010.06.22 18:48:45.958,0.7912,0.79145,2.80,4.00
2010.06.22 18:48:47.152,0.7912,0.79145,2.00,4.80
2010.06.22 18:48:49.227,0.7912,0.79145,2.80,3.20
2010.06.22 18:48:50.081,0.7912,0.79145,2.80,1.60
2010.06.22 18:48:50.442,0.7912,0.79145,2.80,3.20
2010.06.22 18:48:52.232,0.79125,0.79145,1.00,3.20
2010.06.22 18:48:52.389,0.7912,0.79145,2.80,8.80
2010.06.22 18:48:52.546,0.7912,0.79145,2.80,7.20
2010.06.22 18:48:53.320,0.7912,0.79145,2.80,3.20
2010.06.22 18:48:55.300,0.7912,0.79145,2.80,4.00
2010.06.22 18:48:55.848,0.7912,0.79145,2.80,4.80
2010.06.22 18:48:56.422,0.7912,0.79145,2.80,3.20
2010.06.22 18:48:56.751,0.7912,0.79145,2.80,4.80
2010.06.22 18:48:57.737,0.79115,0.79145,1.20,15.20
2010.06.22 18:48:58.054,0.79115,0.79145,1.20,16.80
2010.06.22 18:48:58.671,0.79115,0.79145,1.20,16.00
2010.06.22 18:48:58.882,0.7912,0.79145,1.60,7.20
2010.06.22 18:48:59.092,0.7912,0.79145,1.60,4.80
2010.06.22 18:49:00.386,0.7912,0.79145,1.60,3.20
2010.06.22 18:49:00.473,0.79125,0.7915,10.80,1.60
2010.06.22 18:49:00.654,0.79125,0.7915,1.00,4.00
2010.06.22 18:49:00.823,0.79125,0.7915,4.40,4.00
2010.06.22 18:49:00.913,0.79125,0.7915,8.40,4.00
2010.06.22 18:49:01.458,0.79125,0.7915,4.40,4.00
2010.06.22 18:49:01.805,0.79125,0.7915,2.80,1.60
2010.06.22 18:49:02.496,0.79125,0.7915,1.00,1.60
2010.06.22 18:49:05.092,0.79125,0.7915,4.40,1.60
2010.06.22 18:49:06.529,0.79125,0.7915,1.00,1.60
2010.06.22 18:49:06.860,0.79125,0.7915,2.80,1.60
2010.06.22 18:49:07.032,0.79125,0.79155,11.60,6.40
2010.06.22 18:49:07.371,0.79125,0.79155,14.00,4.00
2010.06.22 18:49:09.112,0.79125,0.79155,14.00,5.60
2010.06.22 18:49:09.246,0.79125,0.7915,6.80,1.60
2010.06.22 18:49:09.752,0.79125,0.7915,4.40,4.00
2010.06.22 18:49:09.891,0.79115,0.7914,2.40,1.00
2010.06.22 18:49:10.150,0.79115,0.7914,2.40,1.60
2010.06.22 18:49:11.602,0.7911,0.7914,16.60,4.80
2010.06.22 18:49:11.682,0.7911,0.79135,5.20,1.00
2010.06.22 18:49:12.181,0.7911,0.7913,2.40,1.00
2010.06.22 18:49:12.877,0.79125,0.79135,1.60,5.60
2010.06.22 18:49:13.226,0.7913,0.7914,1.00,1.60
2010.06.22 18:49:13.709,0.79125,0.7914,8.80,1.60
2010.06.22 18:49:14.058,0.7911,0.79135,1.00,12.00
2010.06.22 18:49:14.402,0.7911,0.79135,1.00,1.60
2010.06.22 18:49:14.574,0.79115,0.7914,2.80,1.60
2010.06.22 18:49:14.741,0.79115,0.79145,2.80,12.00
2010.06.22 18:49:15.081,0.79115,0.79145,3.60,12.00
2010.06.22 18:49:16.302,0.7912,0.79145,2.40,12.00
2010.06.22 18:49:16.451,0.7912,0.79145,2.40,5.60
2010.06.22 18:49:16.622,0.7912,0.79145,2.80,1.60
2010.06.22 18:49:16.792,0.79115,0.79145,3.60,12.00
2010.06.22 18:49:18.385,0.79115,0.7914,2.40,1.60
2010.06.22 18:49:19.423,0.79115,0.79135,2.40,1.00
2010.06.22 18:49:20.103,0.7911,0.79135,6.00,1.00
2010.06.22 18:49:20.589,0.7911,0.79135,3.60,1.00
2010.06.22 18:49:21.462,0.7911,0.79135,3.20,1.00
2010.06.22 18:49:21.955,0.7911,0.79135,2.40,1.60
2010.06.22 18:49:22.308,0.79105,0.79135,1.20,9.60
2010.06.22 18:49:23.876,0.79105,0.79135,1.20,12.00
2010.06.22 18:49:24.196,0.791,0.7913,7.60,8.00
2010.06.22 18:49:25.671,0.791,0.79125,6.80,1.60
2010.06.22 18:49:25.873,0.791,0.79125,4.40,1.60
2010.06.22 18:49:26.073,0.791,0.79125,1.00,1.60
2010.06.22 18:49:26.916,0.79085,0.7911,2.40,8.00
2010.06.22 18:49:27.183,0.7908,0.7911,1.20,12.00
2010.06.22 18:49:27.453,0.7908,0.7911,3.60,12.00
2010.06.22 18:49:27.720,0.7908,0.7911,3.60,9.60
2010.06.22 18:49:28.773,0.79085,0.7911,1.00,9.60
2010.06.22 18:49:29.542,0.79085,0.7911,1.00,8.80
2010.06.22 18:49:29.740,0.79085,0.7911,1.20,8.00
2010.06.22 18:49:32.554,0.7908,0.7911,3.60,9.60
2010.06.22 18:49:32.781,0.7908,0.7911,11.60,1.60
2010.06.22 18:49:33.016,0.7908,0.79105,8.80,1.00
2010.06.22 18:49:33.601,0.79075,0.79105,1.20,12.00
2010.06.22 18:49:33.951,0.79065,0.79095,6.80,8.00
2010.06.22 18:49:34.748,0.79075,0.7909,1.60,9.60
2010.06.22 18:49:35.045,0.79055,0.7909,6.00,9.60
2010.06.22 18:49:35.342,0.7906,0.7909,1.20,9.60
2010.06.22 18:49:35.642,0.7906,0.7909,5.20,5.60
2010.06.22 18:49:37.644,0.7906,0.7909,5.20,1.60
2010.06.22 18:49:37.983,0.79065,0.7909,4.00,1.60
2010.06.22 18:49:38.322,0.7906,0.7909,11.60,1.60
2010.06.22 18:49:38.660,0.79065,0.7909,4.00,1.60
2010.06.22 18:49:39.426,0.7906,0.7909,11.60,1.60
2010.06.22 18:49:39.778,0.7906,0.79085,6.40,1.60
2010.06.22 18:49:39.863,0.7906,0.79085,4.00,4.00
2010.06.22 18:49:39.953,0.79055,0.79085,11.60,4.00
2010.06.22 18:49:40.044,0.79055,0.79085,11.60,1.60
2010.06.22 18:49:40.211,0.79055,0.79085,10.80,1.00
2010.06.22 18:49:40.302,0.79055,0.7909,10.40,8.00
2010.06.22 18:49:41.159,0.79055,0.7909,10.40,10.40
2010.06.22 18:49:41.426,0.79055,0.7909,10.40,12.00
2010.06.22 18:49:41.693,0.79055,0.79085,8.00,2.40
2010.06.22 18:49:42.933,0.79055,0.79085,4.00,6.40
2010.06.22 18:49:43.186,0.7905,0.79085,10.40,10.40
2010.06.22 18:49:45.620,0.7905,0.79085,10.40,12.00
2010.06.22 18:49:45.884,0.7905,0.79085,12.00,6.40
2010.06.22 18:49:46.395,0.79055,0.79085,2.40,12.80
2010.06.22 18:49:46.650,0.79055,0.79085,6.40,6.40
2010.06.22 18:49:48.526,0.79055,0.79085,6.40,4.00
2010.06.22 18:49:48.701,0.7906,0.7909,4.00,6.40
2010.06.22 18:49:48.882,0.7906,0.7909,4.00,4.00
2010.06.22 18:49:50.283,0.7906,0.79095,8.00,10.40
2010.06.22 18:49:50.513,0.7906,0.79095,10.40,10.40
2010.06.22 18:49:51.767,0.7906,0.7909,6.40,4.00
2010.06.22 18:49:52.004,0.7906,0.79085,2.40,2.40
2010.06.22 18:49:52.233,0.79055,0.79085,8.80,6.40
2010.06.22 18:49:52.872,0.79055,0.79085,10.40,6.40
2010.06.22 18:49:53.217,0.79055,0.7909,8.00,10.40
2010.06.22 18:49:55.306,0.7905,0.79085,10.40,10.40
2010.06.22 18:49:56.254,0.79055,0.79085,5.60,6.40
2010.06.22 18:49:56.857,0.79065,0.7909,2.40,6.40
2010.06.22 18:49:57.016,0.79065,0.79095,2.40,12.80
2010.06.22 18:49:59.700,0.79075,0.79095,1.60,12.80
2010.06.22 18:49:59.752,0.79075,0.79095,4.00,10.40
2010.06.22 18:49:59.852,0.79075,0.79095,4.00,6.40
2010.06.22 18:49:59.900,0.79075,0.79095,4.00,2.40
2010.06.22 18:50:00.707,0.79065,0.79095,4.00,6.40
2010.06.22 18:50:01.054,0.7906,0.7909,4.00,4.00
2010.06.22 18:50:01.399,0.79065,0.7909,2.40,12.80
2010.06.22 18:50:01.977,0.7906,0.7909,1.00,11.20
2010.06.22 18:50:02.259,0.79055,0.7909,10.40,15.20
2010.06.22 18:50:02.532,0.79055,0.7909,8.00,15.20
2010.06.22 18:50:02.873,0.79055,0.7909,8.00,16.00
2010.06.22 18:50:03.212,0.79055,0.79085,4.00,4.00
2010.06.22 18:50:04.031,0.7905,0.79085,10.40,12.80
2010.06.22 18:50:04.243,0.7905,0.79085,6.40,12.80
2010.06.22 18:50:04.451,0.7905,0.79085,10.40,12.80
2010.06.22 18:50:04.662,0.7905,0.79085,12.80,13.60
2010.06.22 18:50:05.470,0.7905,0.7908,8.80,4.00
2010.06.22 18:50:06.157,0.7905,0.79075,6.40,2.40
2010.06.22 18:50:06.373,0.7905,0.79075,10.40,2.40
2010.06.22 18:50:07.435,0.7906,0.79085,2.40,8.00
2010.06.22 18:50:08.169,0.7906,0.7909,2.40,15.20
2010.06.22 18:50:08.521,0.79055,0.7909,8.00,15.20
2010.06.22 18:50:09.205,0.79055,0.7909,8.10,14.40
2010.06.22 18:50:09.993,0.79055,0.7909,8.00,14.50
2010.06.22 18:50:10.737,0.79055,0.7908,1.00,2.40
2010.06.22 18:50:12.541,0.79055,0.7908,1.00,4.00
2010.06.22 18:50:12.809,0.7905,0.7908,8.10,1.60
2010.06.22 18:50:14.391,0.7905,0.7908,4.10,9.60
2010.06.22 18:50:14.735,0.7905,0.7908,8.10,1.60
2010.06.22 18:50:16.034,0.7905,0.7908,5.60,8.00
2010.06.22 18:50:16.285,0.7905,0.7908,10.40,4.00
2010.06.22 18:50:16.536,0.79055,0.7908,4.00,1.60
2010.06.22 18:50:18.457,0.79055,0.7908,4.10,1.60
2010.06.22 18:50:18.809,0.79055,0.79085,12.00,4.00
2010.06.22 18:50:19.379,0.79055,0.79085,12.10,4.00
2010.06.22 18:50:19.936,0.7906,0.79085,1.60,4.00
2010.06.22 18:50:20.181,0.7906,0.7909,4.00,12.00
2010.06.22 18:50:20.434,0.7906,0.7909,14.40,4.00
2010.06.22 18:50:20.682,0.7906,0.7909,8.00,4.00
2010.06.22 18:50:21.382,0.7906,0.7909,8.10,4.00
2010.06.22 18:50:21.980,0.7906,0.7909,8.00,4.00
2010.06.22 18:50:24.012,0.7906,0.7909,15.20,4.00
2010.06.22 18:50:24.320,0.7906,0.7909,11.20,8.00
2010.06.22 18:50:24.430,0.7906,0.7909,8.00,8.00
2010.06.22 18:50:24.650,0.7906,0.7909,4.00,12.00
2010.06.22 18:50:25.251,0.7906,0.7909,4.10,14.40
2010.06.22 18:50:25.770,0.7906,0.7909,4.00,14.40
2010.06.22 18:50:30.525,0.7906,0.7909,4.10,14.40
2010.06.22 18:50:31.347,0.7906,0.7909,2.40,14.40
2010.06.22 18:50:33.360,0.7906,0.7909,3.20,14.40
2010.06.22 18:50:33.522,0.7906,0.7909,8.80,4.00
2010.06.22 18:50:35.075,0.79065,0.7909,4.00,1.60
2010.06.22 18:50:36.371,0.79065,0.79095,5.60,10.40
2010.06.22 18:50:37.031,0.79075,0.791,3.20,2.40
2010.06.22 18:50:37.312,0.79085,0.79105,2.40,10.40
2010.06.22 18:50:37.920,0.79085,0.79105,2.40,4.00
2010.06.22 18:50:38.267,0.79085,0.79115,2.40,12.80
2010.06.22 18:50:43.303,0.79085,0.79115,2.40,10.40
2010.06.22 18:50:46.541,0.79085,0.79115,4.00,10.40
2010.06.22 18:50:46.719,0.79075,0.791,12.00,2.40
2010.06.22 18:50:46.884,0.7907,0.791,2.50,8.80
2010.06.22 18:50:47.499,0.7907,0.791,6.50,1.00
2010.06.22 18:50:48.003,0.7907,0.791,10.40,5.60
2010.06.22 18:50:48.346,0.79065,0.791,11.60,14.40
2010.06.22 18:50:49.147,0.7907,0.791,2.80,9.60
2010.06.22 18:50:51.093,0.7907,0.791,3.90,4.00
2010.06.22 18:50:51.290,0.7907,0.791,7.90,4.00
2010.06.22 18:50:51.935,0.79075,0.79105,9.00,5.60
2010.06.22 18:50:52.206,0.79075,0.791,9.00,1.00
2010.06.22 18:50:52.477,0.79075,0.791,5.60,2.40
2010.06.22 18:50:53.182,0.79075,0.791,1.60,5.60
2010.06.22 18:50:53.454,0.79075,0.791,1.60,1.60
2010.06.22 18:50:54.881,0.7907,0.791,4.40,6.40
2010.06.22 18:50:57.084,0.7907,0.791,4.00,6.40
2010.06.22 18:50:57.162,0.7907,0.791,4.00,8.80
2010.06.22 18:50:57.240,0.7907,0.791,4.00,11.20
2010.06.22 18:50:57.312,0.7907,0.79095,4.00,1.60
2010.06.22 18:50:57.390,0.79065,0.79095,15.80,1.60
2010.06.22 18:50:57.750,0.79065,0.791,15.80,15.20
2010.06.22 18:50:57.830,0.79065,0.791,15.80,12.80
2010.06.22 18:50:58.331,0.79065,0.791,15.80,11.20
2010.06.22 18:50:58.656,0.7907,0.791,4.40,8.80
2010.06.22 18:50:59.621,0.7907,0.791,4.40,8.00
2010.06.22 18:50:59.841,0.7907,0.791,4.00,8.00
2010.06.22 18:51:00.064,0.7907,0.791,4.00,9.60
2010.06.22 18:51:00.652,0.7906,0.79085,2.80,1.60
2010.06.22 18:51:01.941,0.7906,0.79085,1.60,1.60
2010.06.22 18:51:06.140,0.7906,0.7909,5.20,10.40
2010.06.22 18:51:06.484,0.79065,0.79095,9.20,2.40
2010.06.22 18:51:07.369,0.79065,0.79095,1.20,10.40
2010.06.22 18:51:09.138,0.79075,0.791,2.80,8.00
2010.06.22 18:51:09.601,0.79075,0.791,2.40,8.00
2010.06.22 18:51:10.705,0.79075,0.791,2.40,9.60
2010.06.22 18:51:10.905,0.79075,0.791,2.40,10.40
2010.06.22 18:51:11.104,0.7907,0.79095,1.00,8.00
2010.06.22 18:51:11.776,0.79065,0.7909,1.20,8.00
2010.06.22 18:51:15.618,0.79065,0.7909,1.60,8.00
2010.06.22 18:51:16.122,0.7907,0.7909,2.80,8.00
2010.06.22 18:51:16.656,0.7907,0.7909,1.00,8.00
2010.06.22 18:51:16.969,0.7907,0.79095,2.80,8.00
2010.06.22 18:51:17.585,0.79065,0.79095,7.20,8.00
2010.06.22 18:51:18.194,0.79065,0.7909,7.20,8.00
2010.06.22 18:51:18.546,0.79065,0.7909,5.60,1.60
2010.06.22 18:51:28.561,0.79055,0.7908,8.00,4.00
2010.06.22 18:51:28.808,0.79055,0.7908,8.00,5.60
2010.06.22 18:51:29.583,0.79045,0.7908,11.60,13.60
2010.06.22 18:51:30.250,0.79045,0.7908,11.60,13.70
2010.06.22 18:51:35.151,0.79045,0.7908,11.60,13.60
2010.06.22 18:51:35.351,0.7905,0.7908,1.60,11.20
2010.06.22 18:51:36.451,0.7905,0.7908,1.60,12.00
2010.06.22 18:51:36.781,0.7905,0.7908,1.60,13.60
2010.06.22 18:51:36.951,0.79045,0.7908,11.60,16.00
2010.06.22 18:51:37.559,0.79045,0.7908,11.60,15.20
2010.06.22 18:51:38.270,0.79045,0.7908,11.60,15.30
2010.06.22 18:51:39.052,0.79045,0.79075,11.60,4.00
2010.06.22 18:51:39.320,0.79045,0.79075,9.20,4.00
2010.06.22 18:51:40.044,0.79045,0.79075,8.80,6.40
2010.06.22 18:51:40.185,0.7904,0.79075,15.80,16.80
2010.06.22 18:51:40.333,0.7904,0.79075,15.80,19.20
2010.06.22 18:51:40.610,0.7904,0.79075,15.80,16.80
2010.06.22 18:51:40.750,0.7904,0.79075,15.80,19.20
2010.06.22 18:51:40.890,0.7904,0.79075,15.80,16.80
2010.06.22 18:51:41.032,0.79045,0.79075,8.00,8.80
2010.06.22 18:51:41.411,0.7904,0.79075,15.80,19.20
2010.06.22 18:51:42.324,0.7904,0.79075,11.80,19.20
2010.06.22 18:51:42.561,0.7904,0.79075,15.80,19.20
2010.06.22 18:51:42.789,0.7904,0.79075,15.60,19.20
2010.06.22 18:51:42.902,0.7904,0.7907,13.20,2.40
2010.06.22 18:51:43.023,0.7904,0.79065,2.80,1.60
2010.06.22 18:51:43.141,0.7904,0.79065,2.00,1.60
2010.06.22 18:51:43.891,0.7904,0.79065,2.80,1.60
2010.06.22 18:51:44.230,0.7904,0.7907,11.60,4.00
2010.06.22 18:51:44.777,0.7904,0.79075,15.60,17.60
2010.06.22 18:51:45.263,0.7904,0.79075,15.80,17.60
2010.06.22 18:51:45.370,0.7904,0.79075,15.80,18.40
2010.06.22 18:51:45.480,0.7904,0.79075,15.80,20.00
2010.06.22 18:51:45.782,0.7904,0.79075,15.80,15.20
2010.06.22 18:51:45.971,0.79045,0.79075,1.00,12.80
2010.06.22 18:51:46.533,0.79045,0.79075,1.00,9.60
2010.06.22 18:51:46.737,0.79045,0.79075,1.40,8.80
2010.06.22 18:51:46.933,0.79045,0.79075,1.20,8.80
2010.06.22 18:51:48.185,0.79045,0.79075,1.00,8.80
2010.06.22 18:51:48.728,0.7905,0.79075,1.00,8.00
2010.06.22 18:51:50.171,0.7905,0.7908,4.40,12.80
2010.06.22 18:51:50.915,0.7905,0.7908,5.40,12.80
2010.06.22 18:51:51.209,0.7905,0.7908,9.20,12.80
2010.06.22 18:51:51.409,0.7905,0.7908,11.00,5.60
2010.06.22 18:51:51.696,0.7905,0.7908,10.80,5.60
2010.06.22 18:51:52.484,0.7905,0.7908,5.20,9.60
2010.06.22 18:51:55.901,0.7905,0.7908,2.80,9.60
2010.06.22 18:51:56.083,0.79045,0.7908,12.60,13.60
2010.06.22 18:51:56.706,0.79045,0.79075,2.20,8.00
2010.06.22 18:51:58.771,0.79045,0.79075,1.20,8.00
2010.06.22 18:51:59.312,0.79045,0.7908,9.20,12.90
2010.06.22 18:51:59.450,0.79045,0.7908,9.40,12.80
2010.06.22 18:52:00.161,0.79045,0.7908,9.20,12.90
2010.06.22 18:52:00.560,0.79045,0.7908,9.40,12.80
2010.06.22 18:52:00.762,0.79045,0.7908,9.20,12.90
2010.06.22 18:52:01.160,0.79045,0.7908,9.40,12.80
2010.06.22 18:52:02.883,0.79045,0.7908,10.20,12.80
2010.06.22 18:52:03.720,0.7905,0.7908,7.00,9.60
2010.06.22 18:52:04.066,0.7905,0.7908,7.00,12.00
2010.06.22 18:52:04.854,0.7905,0.7908,6.80,12.00
2010.06.22 18:52:05.159,0.7905,0.7908,7.00,12.00
2010.06.22 18:52:05.468,0.7905,0.7908,6.80,12.00
2010.06.22 18:52:05.667,0.79055,0.7908,1.20,10.40
2010.06.22 18:52:05.870,0.79055,0.7908,1.20,8.00
2010.06.22 18:52:06.596,0.79055,0.79085,1.20,10.40
2010.06.22 18:52:08.371,0.79055,0.79085,1.20,8.00
2010.06.22 18:52:09.940,0.79055,0.79085,1.20,10.40
2010.06.22 18:52:10.814,0.79055,0.79085,3.60,10.40
2010.06.22 18:52:11.026,0.79055,0.7909,14.80,8.00
2010.06.22 18:52:11.703,0.7906,0.7909,1.20,8.00
2010.06.22 18:52:13.046,0.7906,0.79095,11.60,14.40
2010.06.22 18:52:13.321,0.7906,0.79095,14.00,14.40
2010.06.22 18:52:14.424,0.79065,0.79095,1.20,12.80
2010.06.22 18:52:16.191,0.79065,0.79095,2.00,12.80
2010.06.22 18:52:16.355,0.79065,0.79095,14.80,2.40
2010.06.22 18:52:16.878,0.79065,0.79095,15.60,2.40
2010.06.22 18:52:17.042,0.7907,0.791,1.20,14.40
2010.06.22 18:52:18.260,0.7907,0.791,6.80,8.00
2010.06.22 18:52:18.609,0.79075,0.791,3.60,1.60
2010.06.22 18:52:18.885,0.79075,0.79105,3.60,10.40
2010.06.22 18:52:19.162,0.79075,0.79105,3.60,8.00
2010.06.22 18:52:19.894,0.7908,0.7911,6.80,4.00
2010.06.22 18:52:20.902,0.7908,0.7911,2.80,4.00
2010.06.22 18:52:21.032,0.7908,0.7911,2.80,8.00
2010.06.22 18:52:21.160,0.7908,0.7911,6.80,4.00
2010.06.22 18:52:21.292,0.7908,0.79115,13.20,14.40
2010.06.22 18:52:22.456,0.79085,0.79115,1.00,13.60
2010.06.22 18:52:22.663,0.79085,0.79115,1.00,12.80
2010.06.22 18:52:22.876,0.79085,0.79105,8.40,2.40
2010.06.22 18:52:23.086,0.79085,0.79105,2.40,2.40
2010.06.22 18:52:23.591,0.7909,0.7911,6.40,2.40
2010.06.22 18:52:23.940,0.79095,0.7913,8.40,14.40
2010.06.22 18:52:24.214,0.79095,0.7913,9.20,12.00
2010.06.22 18:52:24.741,0.79095,0.7913,11.60,9.60
2010.06.22 18:52:25.487,0.79105,0.79135,4.00,12.80
2010.06.22 18:52:25.652,0.79105,0.79135,4.00,8.00
2010.06.22 18:52:25.811,0.79105,0.79135,4.00,5.60
2010.06.22 18:52:27.215,0.791,0.79135,11.60,16.00
2010.06.22 18:52:27.532,0.791,0.79135,11.60,16.80
2010.06.22 18:52:27.793,0.791,0.79125,4.40,1.60
2010.06.22 18:52:28.053,0.791,0.79125,1.00,1.60
2010.06.22 18:52:28.316,0.791,0.79125,1.00,1.60
2010.06.22 18:52:29.056,0.791,0.79135,5.40,16.00
2010.06.22 18:52:29.350,0.791,0.79135,5.20,16.90
2010.06.22 18:52:29.637,0.791,0.7913,1.00,8.00
2010.06.22 18:52:30.426,0.791,0.79125,1.00,1.60
2010.06.22 18:52:31.849,0.79095,0.79125,13.40,1.60
2010.06.22 18:52:32.093,0.79095,0.79125,3.00,13.60
2010.06.22 18:52:32.271,0.79095,0.79125,3.00,11.20
2010.06.22 18:52:32.451,0.79095,0.79125,7.00,5.60
2010.06.22 18:52:33.263,0.791,0.79125,1.60,4.80
2010.06.22 18:52:33.605,0.79095,0.79125,13.40,1.60
2010.06.22 18:52:33.946,0.79095,0.79125,5.40,9.60
2010.06.22 18:52:34.294,0.79095,0.79125,3.00,12.80
2010.06.22 18:52:34.919,0.79095,0.7913,14.20,15.20
2010.06.22 18:52:35.217,0.79095,0.79125,2.80,5.60
2010.06.22 18:52:35.514,0.79095,0.79125,6.80,5.60
2010.06.22 18:52:37.400,0.79095,0.79115,4.00,1.60
2010.06.22 18:52:37.624,0.7909,0.79115,1.00,10.40
2010.06.22 18:52:37.913,0.79085,0.79115,1.00,12.80
2010.06.22 18:52:38.203,0.7908,0.79115,5.20,13.60
2010.06.22 18:52:38.918,0.7908,0.79115,4.80,13.60
2010.06.22 18:52:39.135,0.7908,0.79115,10.40,13.60
2010.06.22 18:52:39.562,0.7908,0.79115,6.40,13.70
2010.06.22 18:52:39.772,0.7908,0.7911,4.00,4.00
2010.06.22 18:52:41.361,0.7908,0.7911,4.40,4.00
2010.06.22 18:52:41.502,0.7908,0.79115,14.00,5.60
2010.06.22 18:52:41.640,0.79085,0.79115,4.00,5.60
2010.06.22 18:52:43.197,0.79085,0.7911,4.00,3.20
2010.06.22 18:52:43.434,0.79085,0.7911,4.00,4.80
2010.06.22 18:52:43.666,0.7908,0.7911,1.00,12.80
2010.06.22 18:52:44.818,0.7908,0.7911,1.00,12.80
2010.06.22 18:52:45.086,0.79075,0.7911,16.60,12.80
2010.06.22 18:52:45.804,0.7908,0.7911,1.00,12.80
2010.06.22 18:52:46.483,0.79085,0.79115,8.00,3.20
2010.06.22 18:52:47.403,0.79085,0.79115,10.40,3.20
2010.06.22 18:52:47.726,0.7909,0.79115,4.00,2.40
2010.06.22 18:52:48.440,0.7909,0.79115,4.00,1.60
2010.06.22 18:52:48.941,0.79085,0.7911,12.10,1.00
2010.06.22 18:52:49.111,0.79085,0.7911,9.70,1.60
2010.06.22 18:52:49.691,0.79085,0.7911,9.70,2.40
2010.06.22 18:52:52.275,0.79085,0.7911,5.70,2.40
2010.06.22 18:52:52.837,0.79085,0.7911,5.60,2.40
2010.06.22 18:52:53.618,0.79075,0.7911,11.00,19.20
2010.06.22 18:52:53.968,0.7908,0.7911,5.20,4.00
2010.06.22 18:52:54.774,0.7908,0.7911,3.60,10.40
2010.06.22 18:52:57.860,0.7908,0.7911,3.70,10.40
2010.06.22 18:52:58.101,0.7908,0.7911,3.60,10.40
2010.06.22 18:52:58.342,0.7908,0.7911,4.40,10.40
2010.06.22 18:52:59.004,0.7908,0.7911,3.60,12.00
2010.06.22 18:52:59.169,0.79085,0.7911,1.20,8.00
2010.06.22 18:52:59.324,0.79085,0.79115,5.20,8.00
2010.06.22 18:52:59.483,0.79085,0.79115,9.20,1.60
2010.06.22 18:52:59.791,0.79085,0.79115,9.40,1.60
2010.06.22 18:53:00.395,0.7909,0.79115,1.00,1.60
2010.06.22 18:53:02.565,0.79095,0.7912,10.00,2.40
2010.06.22 18:53:03.361,0.79095,0.79125,12.40,1.60
2010.06.22 18:53:03.706,0.79095,0.79125,2.00,13.60
2010.06.22 18:53:04.494,0.79095,0.79125,6.00,8.00
2010.06.22 18:53:04.829,0.79095,0.79125,10.20,1.60
2010.06.22 18:53:05.740,0.79095,0.79125,10.20,2.40
2010.06.22 18:53:05.975,0.79095,0.79125,6.20,7.20
2010.06.22 18:53:07.184,0.79095,0.79125,2.20,12.00
2010.06.22 18:53:08.163,0.79095,0.79125,6.20,8.00
2010.06.22 18:53:08.413,0.79095,0.79125,2.20,12.00
2010.06.22 18:53:08.755,0.79095,0.79125,1.00,14.40
2010.06.22 18:53:09.096,0.79085,0.7912,9.20,10.40
2010.06.22 18:53:09.881,0.7908,0.791,1.00,9.60
2010.06.22 18:53:10.170,0.7908,0.7911,4.00,16.00
2010.06.22 18:53:10.660,0.7908,0.79105,4.00,2.40
2010.06.22 18:53:10.989,0.7907,0.79105,10.00,14.40
2010.06.22 18:53:11.309,0.7907,0.79105,13.20,14.40
2010.06.22 18:53:12.584,0.7907,0.791,4.00,5.60
2010.06.22 18:53:12.861,0.79065,0.791,11.60,12.00
2010.06.22 18:53:13.670,0.79065,0.79095,1.00,10.40
2010.06.22 18:53:16.092,0.79065,0.7909,1.00,1.60
2010.06.22 18:53:16.212,0.7906,0.7909,7.70,8.00
2010.06.22 18:53:16.896,0.79065,0.79095,6.80,12.00
2010.06.22 18:53:17.143,0.79065,0.79095,6.80,8.00
2010.06.22 18:53:17.391,0.79065,0.79095,7.00,8.00
2010.06.22 18:53:17.641,0.79065,0.7909,7.00,1.60
2010.06.22 18:53:17.891,0.79065,0.7909,5.40,1.60
2010.06.22 18:53:18.686,0.79065,0.7909,1.20,12.00
2010.06.22 18:53:21.201,0.79065,0.7909,2.80,8.00
2010.06.22 18:53:21.503,0.79065,0.79095,11.60,2.40
2010.06.22 18:53:22.167,0.79065,0.791,12.40,10.40
2010.06.22 18:53:22.407,0.79065,0.791,12.40,12.00
2010.06.22 18:53:22.643,0.79065,0.79095,2.00,8.00
2010.06.22 18:53:23.794,0.79065,0.79095,1.20,8.00
2010.06.22 18:53:24.481,0.79065,0.791,9.20,12.00
2010.06.22 18:53:24.680,0.79065,0.791,11.60,12.00
2010.06.22 18:53:25.820,0.79065,0.79095,3.60,8.00
2010.06.22 18:53:26.002,0.79065,0.79095,1.20,8.00
2010.06.22 18:53:27.293,0.79075,0.79095,1.00,4.00
2010.06.22 18:53:27.576,0.79075,0.791,1.00,10.40
2010.06.22 18:53:30.494,0.79065,0.791,17.20,10.40
2010.06.22 18:53:30.733,0.79065,0.791,11.60,10.40
2010.06.22 18:53:31.201,0.79065,0.791,11.60,11.20
2010.06.22 18:53:31.459,0.79065,0.79095,1.20,12.80
2010.06.22 18:53:32.949,0.79065,0.7909,1.20,1.00
2010.06.22 18:53:33.121,0.79055,0.7908,4.00,12.00
2010.06.22 18:53:33.295,0.79045,0.79075,6.80,4.00
2010.06.22 18:53:33.770,0.79045,0.79075,6.80,4.80
2010.06.22 18:53:33.949,0.79035,0.79065,2.80,8.80
2010.06.22 18:53:34.296,0.79035,0.79065,4.40,4.80
2010.06.22 18:53:35.247,0.7904,0.79065,4.00,4.80
2010.06.22 18:53:35.456,0.7904,0.79065,6.40,1.00
2010.06.22 18:53:35.943,0.7904,0.79065,6.40,1.60
2010.06.22 18:53:36.150,0.79035,0.79065,8.40,4.80
2010.06.22 18:53:36.493,0.79035,0.7906,1.00,8.00
2010.06.22 18:53:37.239,0.79035,0.7906,1.00,8.80
2010.06.22 18:53:37.549,0.7904,0.79065,2.40,2.40
2010.06.22 18:53:37.854,0.79035,0.79065,1.00,12.80
2010.06.22 18:53:38.625,0.79035,0.79065,1.00,6.40
2010.06.22 18:53:38.978,0.79035,0.7907,9.20,10.40
2010.06.22 18:53:40.104,0.79035,0.7907,9.20,10.50
2010.06.22 18:53:40.743,0.79035,0.7907,9.20,12.10
2010.06.22 18:53:41.066,0.79035,0.7907,9.20,14.50
2010.06.22 18:53:41.794,0.79035,0.79065,5.20,4.00
2010.06.22 18:53:42.663,0.79035,0.79065,4.00,9.70
2010.06.22 18:53:42.952,0.79035,0.79065,4.00,15.30
2010.06.22 18:53:43.191,0.7903,0.7906,15.60,1.00
2010.06.22 18:53:44.027,0.79035,0.79065,10.80,4.00
2010.06.22 18:53:44.304,0.79035,0.79065,1.00,12.00
2010.06.22 18:53:45.558,0.79035,0.79065,5.20,8.00
2010.06.22 18:53:52.189,0.79035,0.79065,4.40,8.00
2010.06.22 18:53:53.059,0.7904,0.79065,1.00,4.00
2010.06.22 18:53:53.262,0.7905,0.79065,1.60,2.40
2010.06.22 18:53:53.459,0.7905,0.7907,2.00,2.40
2010.06.22 18:53:54.108,0.79055,0.79085,3.60,8.00
2010.06.22 18:53:54.792,0.79055,0.79085,1.20,8.00
2010.06.22 18:53:55.132,0.79055,0.79085,1.20,10.40
2010.06.22 18:53:55.895,0.79055,0.79085,3.60,10.40
2010.06.22 18:53:56.178,0.79055,0.79085,3.60,8.00
2010.06.22 18:53:57.018,0.79055,0.79085,3.60,10.40
2010.06.22 18:53:58.232,0.7906,0.79085,2.40,10.40
2010.06.22 18:53:58.483,0.7906,0.7909,6.80,4.00
2010.06.22 18:53:59.192,0.7906,0.7909,7.60,4.00
2010.06.22 18:54:00.685,0.79065,0.7909,2.80,4.00
2010.06.22 18:54:01.215,0.7907,0.79095,1.00,2.40
2010.06.22 18:54:01.293,0.7907,0.79095,4.40,2.40
2010.06.22 18:54:01.900,0.7907,0.791,1.00,6.40
2010.06.22 18:54:02.248,0.7907,0.791,1.00,10.40
2010.06.22 18:54:02.931,0.7907,0.791,1.00,8.00
2010.06.22 18:54:03.611,0.7907,0.791,1.00,10.40
2010.06.22 18:54:04.542,0.7907,0.791,1.00,10.40
2010.06.22 18:54:05.441,0.7907,0.791,1.00,10.40
2010.06.22 18:54:05.592,0.79075,0.791,1.60,2.40
2010.06.22 18:54:05.750,0.79075,0.79105,1.60,14.40
2010.06.22 18:54:06.439,0.79075,0.791,1.60,6.40
2010.06.22 18:54:06.594,0.7907,0.791,1.40,10.40
2010.06.22 18:54:06.990,0.7907,0.791,1.40,8.00
2010.06.22 18:54:07.872,0.7907,0.791,1.40,10.40
2010.06.22 18:54:08.528,0.7907,0.791,1.40,8.00
2010.06.22 18:54:09.042,0.7907,0.791,1.20,12.00
2010.06.22 18:54:09.302,0.7907,0.791,1.00,8.00
2010.06.22 18:54:09.562,0.7907,0.791,5.40,4.00
2010.06.22 18:54:09.730,0.7907,0.791,1.40,8.00
2010.06.22 18:54:09.901,0.7907,0.79105,5.40,14.40
2010.06.22 18:54:10.071,0.7907,0.79105,6.20,14.40
2010.06.22 18:54:10.241,0.79075,0.79105,1.60,14.40
2010.06.22 18:54:10.728,0.79075,0.79105,2.80,12.80
2010.06.22 18:54:10.919,0.7908,0.7911,9.20,8.00
2010.06.22 18:54:11.104,0.7908,0.7911,9.20,4.00
2010.06.22 18:54:11.286,0.7908,0.7911,10.00,4.00
2010.06.22 18:54:11.914,0.79085,0.7911,4.00,2.40
2010.06.22 18:54:12.244,0.79095,0.79115,1.00,12.00
2010.06.22 18:54:13.024,0.79095,0.79115,10.40,1.60
2010.06.22 18:54:13.364,0.79095,0.7912,1.60,4.00
2010.06.22 18:54:14.147,0.79095,0.79125,4.40,10.40
2010.06.22 18:54:14.455,0.79095,0.79125,5.60,8.00
2010.06.22 18:54:15.078,0.79105,0.79125,1.60,8.00
2010.06.22 18:54:15.542,0.79105,0.79125,1.60,4.00
2010.06.22 18:54:15.837,0.79105,0.7913,1.60,8.00
2010.06.22 18:54:16.415,0.79095,0.79125,1.00,12.00
2010.06.22 18:54:16.704,0.7909,0.79125,12.00,12.00
2010.06.22 18:54:17.356,0.7909,0.7912,8.00,4.00
2010.06.22 18:54:19.841,0.7909,0.79125,14.40,12.00
2010.06.22 18:54:21.609,0.7909,0.79125,10.40,12.00
2010.06.22 18:54:21.659,0.7909,0.7912,6.40,4.00
2010.06.22 18:54:21.890,0.7909,0.7912,6.40,8.00
2010.06.22 18:54:22.694,0.7909,0.7912,1.60,10.40
2010.06.22 18:54:23.038,0.7909,0.7912,1.00,8.00
2010.06.22 18:54:23.602,0.79095,0.7912,1.60,8.00
2010.06.22 18:54:23.743,0.7909,0.7912,1.00,4.00
2010.06.22 18:54:24.233,0.7909,0.7912,1.00,8.00
2010.06.22 18:54:24.917,0.79085,0.79115,9.60,5.60
2010.06.22 18:54:25.264,0.7909,0.79115,1.60,1.60
2010.06.22 18:54:26.851,0.79095,0.7912,1.60,11.20
2010.06.22 18:54:27.702,0.79095,0.7912,1.60,10.40
2010.06.22 18:54:27.979,0.79085,0.79115,6.00,8.00
2010.06.22 18:54:29.965,0.7908,0.7911,6.00,8.00
2010.06.22 18:54:30.123,0.7908,0.7911,2.80,10.40
2010.06.22 18:54:30.283,0.7908,0.79105,2.80,4.00
2010.06.22 18:54:33.332,0.7908,0.7911,6.80,2.40
2010.06.22 18:54:34.071,0.7908,0.79105,2.40,1.60
2010.06.22 18:54:34.368,0.7907,0.79105,14.00,14.40
2010.06.22 18:54:36.350,0.79085,0.79105,1.60,14.40
2010.06.22 18:54:36.463,0.79085,0.79105,1.60,2.40
2010.06.22 18:54:36.682,0.79085,0.7911,1.60,8.00
2010.06.22 18:54:36.791,0.7908,0.7911,4.00,4.00
2010.06.22 18:54:37.277,0.7908,0.7911,4.00,5.60
2010.06.22 18:54:37.551,0.79065,0.79095,1.00,8.00
2010.06.22 18:54:37.813,0.7906,0.79095,1.20,9.60
2010.06.22 18:54:38.470,0.7906,0.79095,4.40,12.00
2010.06.22 18:54:38.812,0.7906,0.79095,4.40,1.60
2010.06.22 18:54:39.153,0.7906,0.79095,6.80,1.60
2010.06.22 18:54:40.267,0.79065,0.79095,10.40,1.60
2010.06.22 18:54:40.602,0.79065,0.79095,8.00,1.60
2010.06.22 18:54:40.943,0.7906,0.79095,15.00,9.60
2010.06.22 18:54:41.032,0.7906,0.79095,15.00,12.00
2010.06.22 18:54:41.123,0.79065,0.79095,2.40,12.00
2010.06.22 18:54:41.214,0.79065,0.79095,6.40,11.20
2010.06.22 18:54:41.755,0.7907,0.79095,1.00,10.40
2010.06.22 18:54:42.048,0.7907,0.79105,5.20,12.00
2010.06.22 18:54:43.544,0.79075,0.79105,5.40,10.40
2010.06.22 18:54:43.888,0.7908,0.7911,1.00,15.20
2010.06.22 18:54:44.235,0.7908,0.7911,6.80,4.80
2010.06.22 18:54:46.871,0.7908,0.7911,2.80,8.80
2010.06.22 18:54:47.911,0.7908,0.7911,1.00,8.80
2010.06.22 18:54:48.206,0.79075,0.7911,9.20,12.00
2010.06.22 18:54:50.884,0.79075,0.7911,9.20,12.80
2010.06.22 18:54:51.625,0.79075,0.79105,1.20,8.00
2010.06.22 18:54:51.688,0.79075,0.79105,1.20,10.40
2010.06.22 18:54:53.459,0.7907,0.79105,9.30,12.00
2010.06.22 18:54:53.807,0.7907,0.79105,5.30,12.00
2010.06.22 18:54:54.573,0.7907,0.79105,11.70,12.00
2010.06.22 18:54:54.896,0.7907,0.79105,5.40,12.00
2010.06.22 18:54:55.857,0.79075,0.79105,9.20,6.40
2010.06.22 18:54:56.150,0.7908,0.7911,9.20,4.00
2010.06.22 18:54:57.625,0.7908,0.7911,10.00,1.60
2010.06.22 18:54:57.843,0.79085,0.79115,8.40,9.60
2010.06.22 18:54:58.066,0.79085,0.7911,2.80,1.60
2010.06.22 18:54:58.653,0.79085,0.7911,1.00,1.60
2010.06.22 18:54:59.000,0.7909,0.79115,1.60,12.00
2010.06.22 18:54:59.312,0.79095,0.79115,1.60,2.40
2010.06.22 18:54:59.619,0.79095,0.79125,1.60,11.20
2010.06.22 18:55:00.774,0.791,0.7913,5.60,12.80
2010.06.22 18:55:00.993,0.791,0.7913,14.80,1.00
2010.06.22 18:55:01.211,0.791,0.79135,15.80,16.00
2010.06.22 18:55:02.951,0.791,0.79135,15.60,16.10
2010.06.22 18:55:04.074,0.791,0.79135,15.60,16.00
2010.06.22 18:55:04.373,0.7911,0.79135,1.60,4.80
2010.06.22 18:55:04.670,0.7911,0.79135,1.60,1.60
2010.06.22 18:55:05.141,0.7911,0.79135,1.60,3.20
2010.06.22 18:55:05.987,0.7911,0.79135,1.60,1.60
2010.06.22 18:55:06.551,0.7911,0.79135,1.60,2.40
2010.06.22 18:55:07.280,0.79105,0.7913,6.40,4.00
2010.06.22 18:55:07.517,0.79095,0.7913,4.40,12.00
2010.06.22 18:55:07.750,0.79095,0.7913,4.40,9.70
2010.06.22 18:55:08.349,0.79095,0.79125,4.40,3.20
2010.06.22 18:55:08.699,0.7908,0.79115,5.20,1.60
2010.06.22 18:55:09.046,0.79075,0.7911,4.40,1.60
2010.06.22 18:55:09.791,0.79075,0.7911,1.20,9.60
2010.06.22 18:55:10.140,0.79075,0.7911,9.20,12.40
2010.06.22 18:55:10.488,0.79075,0.79105,1.00,8.80
2010.06.22 18:55:10.657,0.7907,0.79105,10.80,12.80
2010.06.22 18:55:10.822,0.7907,0.791,8.40,3.20
2010.06.22 18:55:11.392,0.7907,0.791,10.40,1.60
2010.06.22 18:55:11.555,0.79065,0.791,11.60,12.40
2010.06.22 18:55:12.395,0.79075,0.791,9.60,2.40
2010.06.22 18:55:12.603,0.79075,0.79105,2.40,9.60
2010.06.22 18:55:12.943,0.79075,0.79105,8.00,4.00
2010.06.22 18:55:13.767,0.79075,0.7911,8.80,12.00
2010.06.22 18:55:13.951,0.79075,0.7911,11.60,12.00
2010.06.22 18:55:15.356,0.79075,0.7911,13.20,11.20
2010.06.22 18:55:15.631,0.79085,0.79115,9.60,1.00
2010.06.22 18:55:15.887,0.79085,0.79115,8.00,4.80
2010.06.22 18:55:16.127,0.79085,0.79115,8.00,6.40
2010.06.22 18:55:16.804,0.79085,0.79115,1.60,12.80
2010.06.22 18:55:17.051,0.79085,0.79115,1.60,12.90
2010.06.22 18:55:18.602,0.79085,0.79115,1.60,10.50
2010.06.22 18:55:19.168,0.7908,0.7911,9.20,1.60
2010.06.22 18:55:19.456,0.7908,0.7911,8.40,1.60
2010.06.22 18:55:20.507,0.7908,0.7911,8.40,5.60
2010.06.22 18:55:20.784,0.7908,0.79105,4.40,8.00
2010.06.22 18:55:21.964,0.7908,0.79105,4.40,4.00
2010.06.22 18:55:23.252,0.79085,0.7911,1.60,10.40
2010.06.22 18:55:23.582,0.79085,0.7911,1.60,8.00
2010.06.22 18:55:23.914,0.79085,0.7911,1.60,4.00
2010.06.22 18:55:24.378,0.7908,0.7911,6.20,5.60
2010.06.22 18:55:24.649,0.7908,0.7911,4.40,9.60
2010.06.22 18:55:26.231,0.79065,0.791,10.80,9.20
2010.06.22 18:55:26.303,0.79065,0.79095,2.80,10.40
2010.06.22 18:55:26.373,0.79065,0.7909,1.00,8.00
2010.06.22 18:55:26.965,0.7906,0.79095,15.60,14.40
2010.06.22 18:55:27.375,0.7906,0.79085,13.60,1.00
2010.06.22 18:55:27.725,0.79055,0.7909,11.60,16.00
2010.06.22 18:55:28.186,0.79055,0.7909,15.60,16.00
2010.06.22 18:55:28.673,0.79055,0.79085,5.20,9.60
2010.06.22 18:55:29.153,0.79055,0.79085,9.20,4.00
2010.06.22 18:55:30.817,0.7907,0.7909,1.00,8.00
2010.06.22 18:55:30.888,0.7907,0.79105,11.60,12.00
2010.06.22 18:55:31.585,0.7907,0.79105,12.40,12.00
2010.06.22 18:55:31.657,0.7907,0.79105,14.80,9.60
2010.06.22 18:55:31.955,0.79075,0.79105,8.00,1.60
2010.06.22 18:55:34.083,0.79075,0.791,1.60,1.60
2010.06.22 18:55:34.730,0.79075,0.791,2.00,1.60
2010.06.22 18:55:36.960,0.79075,0.791,1.60,1.60
2010.06.22 18:55:41.780,0.79075,0.791,1.60,2.00
2010.06.22 18:55:41.987,0.7907,0.7909,1.20,1.60
2010.06.22 18:55:42.203,0.79075,0.791,1.60,1.60
2010.06.22 18:55:42.425,0.7907,0.791,13.20,1.60
2010.06.22 18:55:43.070,0.7907,0.791,4.40,4.00
2010.06.22 18:55:43.606,0.7907,0.791,4.40,4.10
2010.06.22 18:55:44.948,0.7907,0.791,1.00,14.50
2010.06.22 18:55:45.880,0.7907,0.791,1.00,14.40
2010.06.22 18:55:46.241,0.7907,0.791,1.00,14.50
2010.06.22 18:55:47.532,0.79075,0.791,1.60,12.00
2010.06.22 18:55:48.171,0.79075,0.791,1.60,1.60
2010.06.22 18:55:48.422,0.79075,0.791,4.00,1.60
2010.06.22 18:55:48.766,0.79075,0.791,15.60,1.60
2010.06.22 18:55:51.991,0.79075,0.791,14.00,1.60
2010.06.22 18:55:52.135,0.79075,0.791,12.80,1.60
2010.06.22 18:55:52.741,0.79075,0.791,1.60,1.60
2010.06.22 18:55:54.521,0.7907,0.791,2.80,9.60
2010.06.22 18:55:54.871,0.7907,0.791,1.00,16.00
2010.06.22 18:55:55.111,0.7907,0.791,1.00,16.10
2010.06.22 18:55:55.805,0.79065,0.791,16.40,16.10
2010.06.22 18:55:56.268,0.79065,0.79095,7.60,8.00
2010.06.22 18:55:56.615,0.79065,0.791,15.60,16.10
2010.06.22 18:55:57.610,0.79065,0.7909,13.20,1.60
2010.06.22 18:55:57.837,0.79065,0.7909,8.00,5.70
2010.06.22 18:55:58.051,0.79065,0.7909,8.00,8.10
2010.06.22 18:55:58.566,0.79065,0.7909,4.00,12.10
2010.06.22 18:55:58.924,0.79055,0.79085,1.60,9.60
2010.06.22 18:55:59.268,0.7905,0.7908,5.20,8.00
2010.06.22 18:55:59.616,0.7905,0.7908,13.20,1.60
2010.06.22 18:56:00.357,0.79055,0.7908,2.80,8.00
2010.06.22 18:56:00.684,0.7906,0.7909,6.40,7.60
2010.06.22 18:56:01.526,0.79055,0.79085,13.20,1.00
2010.06.22 18:56:01.702,0.79055,0.79085,10.40,1.20
2010.06.22 18:56:02.046,0.79055,0.79085,4.00,5.20
2010.06.22 18:56:02.515,0.79055,0.79085,4.00,6.80
2010.06.22 18:56:03.151,0.7905,0.79085,14.00,13.20
2010.06.22 18:56:03.452,0.7905,0.79085,14.00,11.60
2010.06.22 18:56:03.753,0.7905,0.79085,14.00,11.70
2010.06.22 18:56:04.459,0.79055,0.79085,4.00,7.70
2010.06.22 18:56:04.722,0.7905,0.79085,14.00,9.30
2010.06.22 18:56:04.982,0.7905,0.7908,11.60,1.60
2010.06.22 18:56:05.242,0.7905,0.7908,10.80,1.60
2010.06.22 18:56:06.645,0.79055,0.79085,5.60,7.60
2010.06.22 18:56:06.823,0.7905,0.7908,10.80,1.60
2010.06.22 18:56:07.460,0.79055,0.7907,4.00,1.60
2010.06.22 18:56:07.649,0.7905,0.7908,4.00,14.00
2010.06.22 18:56:07.993,0.79045,0.7907,11.60,1.00
2010.06.22 18:56:08.604,0.79045,0.79065,6.40,2.80
2010.06.22 18:56:08.936,0.7903,0.79055,2.00,4.00
2010.06.22 18:56:09.745,0.79035,0.7906,1.00,2.40
2010.06.22 18:56:10.207,0.79035,0.7906,1.00,4.00
2010.06.22 18:56:10.498,0.79035,0.7906,1.00,2.40
2010.06.22 18:56:11.529,0.79035,0.7906,1.00,10.80
2010.06.22 18:56:11.790,0.79025,0.79045,8.00,8.40
2010.06.22 18:56:12.049,0.79015,0.7904,9.60,2.80
2010.06.22 18:56:12.859,0.79015,0.7904,1.60,4.00
2010.06.22 18:56:13.166,0.79015,0.7903,2.80,4.00
2010.06.22 18:56:13.969,0.79015,0.79045,2.80,12.40
2010.06.22 18:56:14.316,0.79015,0.79045,2.80,12.00
2010.06.22 18:56:15.105,0.79015,0.7903,2.80,4.00
2010.06.22 18:56:15.450,0.79005,0.7904,13.20,14.00
2010.06.22 18:56:15.765,0.79015,0.79045,6.00,5.20
2010.06.22 18:56:16.506,0.79015,0.79045,9.20,4.00
2010.06.22 18:56:18.094,0.79015,0.7904,5.60,2.40
2010.06.22 18:56:18.439,0.79005,0.79035,10.80,1.60
2010.06.22 18:56:18.794,0.7901,0.7904,8.80,4.00
2010.06.22 18:56:19.402,0.7902,0.79045,1.60,14.40
2010.06.22 18:56:19.714,0.79015,0.7903,8.00,1.60
2010.06.22 18:56:20.059,0.79,0.7903,1.00,10.40
2010.06.22 18:56:24.321,0.79,0.7903,1.00,12.00
2010.06.22 18:56:24.552,0.79,0.7903,1.00,14.80
2010.06.22 18:56:25.381,0.79005,0.7903,4.40,4.00
2010.06.22 18:56:25.727,0.79005,0.7903,7.60,4.00
2010.06.22 18:56:26.353,0.79005,0.79035,14.00,2.00
2010.06.22 18:56:26.538,0.79005,0.79035,13.20,2.00
2010.06.22 18:56:26.713,0.7901,0.79035,1.00,2.00
2010.06.22 18:56:27.027,0.7901,0.7904,1.20,4.40
2010.06.22 18:56:27.344,0.7901,0.7904,5.20,4.40
2010.06.22 18:56:28.455,0.79015,0.7904,1.60,4.40
2010.06.22 18:56:28.682,0.79015,0.79045,2.00,13.20
2010.06.22 18:56:30.056,0.7901,0.7904,1.20,9.20
2010.06.22 18:56:30.406,0.7901,0.7904,2.00,11.60
2010.06.22 18:56:30.521,0.7901,0.7904,3.60,11.60
2010.06.22 18:56:31.892,0.79015,0.7904,1.00,11.60
2010.06.22 18:56:32.221,0.79015,0.7904,1.00,11.20
2010.06.22 18:56:32.871,0.7901,0.7904,3.60,11.20
2010.06.22 18:56:34.483,0.79005,0.79035,2.80,12.00
2010.06.22 18:56:34.622,0.79005,0.79035,1.20,10.40
2010.06.22 18:56:34.890,0.79005,0.79035,1.20,12.80
2010.06.22 18:56:35.788,0.79,0.79035,14.00,12.80
2010.06.22 18:56:36.016,0.79,0.79035,13.20,12.80
2010.06.22 18:56:36.666,0.79,0.79035,10.80,12.80
2010.06.22 18:56:36.892,0.79,0.79035,6.80,12.90
2010.06.22 18:56:37.855,0.79005,0.79035,1.60,10.40
2010.06.22 18:56:38.195,0.79005,0.79035,1.60,12.80
2010.06.22 18:56:39.231,0.79005,0.79035,1.60,10.40
2010.06.22 18:56:40.503,0.79005,0.79035,1.60,12.80
2010.06.22 18:56:42.013,0.79005,0.79035,1.60,13.60
2010.06.22 18:56:42.163,0.79,0.79025,3.60,1.00
2010.06.22 18:56:42.733,0.79,0.79025,1.00,1.00
2010.06.22 18:56:43.017,0.79,0.7903,4.00,3.20
2010.06.22 18:56:43.778,0.79,0.7902,6.40,2.40
2010.06.22 18:56:44.125,0.78995,0.79025,8.00,4.80
2010.06.22 18:56:44.474,0.78995,0.79025,12.00,4.00
2010.06.22 18:56:45.151,0.78995,0.79025,12.40,3.20
2010.06.22 18:56:45.456,0.78995,0.7903,16.60,13.60
2010.06.22 18:56:46.062,0.78995,0.7903,14.20,13.60
2010.06.22 18:56:48.380,0.78995,0.7903,13.20,13.60
2010.06.22 18:56:48.470,0.78995,0.79025,10.80,1.60
2010.06.22 18:56:48.691,0.78995,0.79025,13.20,1.60
2010.06.22 18:56:50.201,0.79005,0.79025,1.00,1.60
2010.06.22 18:56:50.351,0.79005,0.7903,2.40,12.80
2010.06.22 18:56:51.195,0.79005,0.7903,1.00,12.80
2010.06.22 18:56:51.318,0.79,0.7903,1.00,12.10
2010.06.22 18:56:51.436,0.79,0.7903,1.00,14.50
2010.06.22 18:56:51.552,0.78995,0.7903,13.20,16.10
2010.06.22 18:56:52.497,0.78995,0.79025,14.40,1.00
2010.06.22 18:56:54.690,0.78995,0.79025,12.00,1.00
2010.06.22 18:56:56.482,0.78995,0.7902,6.40,1.60
2010.06.22 18:56:56.721,0.78995,0.7902,4.00,2.40
2010.06.22 18:56:56.955,0.78995,0.79015,1.00,1.60
2010.06.22 18:56:57.735,0.7899,0.7902,5.20,8.80
2010.06.22 18:56:58.072,0.7899,0.7902,11.60,4.10
2010.06.22 18:56:58.413,0.7899,0.7902,9.20,6.50
2010.06.22 18:56:59.202,0.7899,0.7901,7.20,1.60
2010.06.22 18:56:59.549,0.7898,0.7901,4.40,5.60
2010.06.22 18:56:59.792,0.7898,0.7901,4.40,7.20
2010.06.22 18:57:00.033,0.7898,0.7901,1.00,14.40
2010.06.22 18:57:00.756,0.7898,0.79005,1.20,1.60
2010.06.22 18:57:02.156,0.7897,0.79,3.60,3.20
2010.06.22 18:57:02.445,0.7897,0.79,4.40,3.20
2010.06.22 18:57:02.717,0.78975,0.79,2.80,1.00
2010.06.22 18:57:03.357,0.78975,0.79,1.20,1.00
2010.06.22 18:57:03.721,0.7898,0.79005,6.80,8.00
2010.06.22 18:57:04.070,0.78995,0.7901,1.20,4.00
2010.06.22 18:57:04.827,0.79,0.79025,1.20,10.40
2010.06.22 18:57:05.123,0.79,0.79025,1.20,8.00
2010.06.22 18:57:06.178,0.79005,0.7903,2.00,15.20
2010.06.22 18:57:06.416,0.79005,0.79025,1.60,8.00
2010.06.22 18:57:06.653,0.79005,0.79025,1.60,4.00
2010.06.22 18:57:06.882,0.79005,0.7903,1.60,12.00
2010.06.22 18:57:07.555,0.79005,0.7903,1.60,5.60
2010.06.22 18:57:08.014,0.79005,0.7903,1.60,6.40
2010.06.22 18:57:08.255,0.79,0.79025,1.20,5.60
2010.06.22 18:57:09.037,0.79,0.79025,1.20,1.60
2010.06.22 18:57:09.392,0.79005,0.7903,2.00,1.60
2010.06.22 18:57:10.647,0.79005,0.7903,1.00,12.00
2010.06.22 18:57:10.944,0.78995,0.7902,4.80,7.20
2010.06.22 18:57:11.243,0.78995,0.7902,1.60,1.00
2010.06.22 18:57:13.396,0.78995,0.7902,1.60,9.60
2010.06.22 18:57:14.190,0.7899,0.79015,4.40,1.60
2010.06.22 18:57:14.453,0.7899,0.79015,1.00,1.60
2010.06.22 18:57:15.774,0.7899,0.79015,4.40,1.60
2010.06.22 18:57:16.532,0.78995,0.79015,1.60,1.60
2010.06.22 18:57:17.162,0.78995,0.79015,1.60,1.00
2010.06.22 18:57:17.375,0.7899,0.79015,5.20,1.00
2010.06.22 18:57:18.924,0.7899,0.79015,1.00,1.00
2010.06.22 18:57:19.915,0.7898,0.7901,11.60,5.70
2010.06.22 18:57:20.683,0.7898,0.79005,5.20,1.60
2010.06.22 18:57:22.371,0.78985,0.79005,1.20,2.40
2010.06.22 18:57:22.558,0.78985,0.7901,1.20,11.20
2010.06.22 18:57:22.744,0.78985,0.7901,1.20,7.20
2010.06.22 18:57:23.561,0.78985,0.7901,1.20,5.60
2010.06.22 18:57:23.910,0.79005,0.7902,1.60,4.00
2010.06.22 18:57:24.677,0.79005,0.7903,2.80,1.60
2010.06.22 18:57:25.018,0.7901,0.79035,1.00,10.40
2010.06.22 18:57:25.364,0.7901,0.7904,1.00,12.00
2010.06.22 18:57:26.156,0.79015,0.7904,1.00,14.40
2010.06.22 18:57:27.012,0.79015,0.7904,2.80,11.20
2010.06.22 18:57:27.663,0.79015,0.79045,5.20,9.60
2010.06.22 18:57:27.885,0.79015,0.7904,1.20,4.00
2010.06.22 18:57:28.807,0.7902,0.79045,1.00,16.00
2010.06.22 18:57:29.111,0.7902,0.79045,1.00,13.60
2010.06.22 18:57:29.907,0.7902,0.79045,2.00,12.00
2010.06.22 18:57:29.981,0.7902,0.79045,2.80,10.40
2010.06.22 18:57:30.052,0.7902,0.79045,1.20,8.00
2010.06.22 18:57:30.262,0.7902,0.7905,2.00,12.10
2010.06.22 18:57:30.559,0.7902,0.7905,2.80,12.10
2010.06.22 18:57:31.133,0.79025,0.79045,1.00,4.00
2010.06.22 18:57:31.422,0.7902,0.79045,1.20,4.00
2010.06.22 18:57:35.032,0.79015,0.79045,6.00,5.60
2010.06.22 18:57:37.411,0.79015,0.7904,1.00,1.60
2010.06.22 18:57:37.664,0.7901,0.7904,1.20,5.60
2010.06.22 18:57:37.914,0.7901,0.7904,1.20,9.60
2010.06.22 18:57:38.612,0.7901,0.7904,1.20,9.70
2010.06.22 18:57:38.951,0.7901,0.7904,1.20,12.10
2010.06.22 18:57:42.688,0.79015,0.7904,1.00,12.10
2010.06.22 18:57:42.915,0.79015,0.7904,1.00,4.00
2010.06.22 18:57:43.213,0.79015,0.7904,1.00,1.60
2010.06.22 18:57:44.806,0.79015,0.79045,1.20,12.00
2010.06.22 18:57:45.025,0.79025,0.79045,2.40,12.00
2010.06.22 18:57:45.740,0.7903,0.79055,2.80,4.00
2010.06.22 18:57:45.956,0.79035,0.79055,3.60,4.00
2010.06.22 18:57:46.305,0.7904,0.7906,1.00,4.00
2010.06.22 18:57:46.785,0.7904,0.79065,1.00,12.00
2010.06.22 18:57:47.373,0.7904,0.79065,1.00,9.60
2010.06.22 18:57:48.468,0.79045,0.79065,1.20,4.00
2010.06.22 18:57:48.786,0.79045,0.79075,1.20,12.00
2010.06.22 18:57:49.103,0.7905,0.79075,1.00,12.00
2010.06.22 18:57:49.995,0.7905,0.79075,1.00,1.60
2010.06.22 18:57:50.869,0.7905,0.79075,1.00,5.60
2010.06.22 18:57:51.171,0.7904,0.79065,14.80,1.00
2010.06.22 18:57:51.913,0.79035,0.7906,1.00,8.80
2010.06.22 18:57:52.256,0.79035,0.79055,1.00,4.00
2010.06.22 18:57:52.608,0.79035,0.7906,1.00,12.00
2010.06.22 18:57:53.391,0.7903,0.7906,1.20,12.00
2010.06.22 18:57:53.730,0.79035,0.7906,1.00,9.60
2010.06.22 18:57:55.153,0.79035,0.7906,1.20,8.00
2010.06.22 18:57:55.503,0.79035,0.79065,1.20,12.00
2010.06.22 18:57:55.653,0.79035,0.7906,1.20,4.00
2010.06.22 18:57:55.952,0.79035,0.7906,1.20,8.00
2010.06.22 18:57:56.559,0.7904,0.79065,1.00,8.80
2010.06.22 18:57:56.799,0.7904,0.7907,1.20,12.00
2010.06.22 18:57:57.725,0.7904,0.7907,9.20,4.00
2010.06.22 18:57:58.285,0.7904,0.7907,14.00,1.60
2010.06.22 18:57:58.826,0.79045,0.79075,1.20,9.60
2010.06.22 18:57:59.071,0.79045,0.79075,6.00,12.00
2010.06.22 18:57:59.302,0.7905,0.79075,1.20,1.60
2010.06.22 18:57:59.762,0.7905,0.7908,1.20,12.00
2010.06.22 18:58:00.421,0.7905,0.7908,1.20,10.40
2010.06.22 18:58:01.083,0.79055,0.7908,1.20,4.80
2010.06.22 18:58:03.387,0.79055,0.79075,1.20,8.00
2010.06.22 18:58:03.624,0.79055,0.7908,1.20,11.20
2010.06.22 18:58:05.535,0.79045,0.7907,4.00,4.80
2010.06.22 18:58:05.786,0.7904,0.79055,4.00,1.60
2010.06.22 18:58:06.534,0.79035,0.79055,1.00,1.60
2010.06.22 18:58:07.668,0.79035,0.7906,4.40,13.60
2010.06.22 18:58:07.947,0.7903,0.79055,1.20,2.40
2010.06.22 18:58:09.649,0.7903,0.79055,1.20,1.00
2010.06.22 18:58:09.999,0.7903,0.7906,5.20,9.60
2010.06.22 18:58:10.214,0.7903,0.7906,5.20,5.60
2010.06.22 18:58:10.971,0.79035,0.7906,1.00,4.80
2010.06.22 18:58:11.166,0.7904,0.79065,1.60,3.20
2010.06.22 18:58:11.368,0.7904,0.79065,1.20,1.60
2010.06.22 18:58:11.562,0.7904,0.79065,1.20,1.00
2010.06.22 18:58:12.534,0.7904,0.79055,1.20,1.00
2010.06.22 18:58:12.865,0.7902,0.7905,1.20,9.60
2010.06.22 18:58:13.647,0.7902,0.79045,1.00,5.60
2010.06.22 18:58:13.995,0.7902,0.79045,1.20,4.00
2010.06.22 18:58:14.331,0.79025,0.79045,1.00,4.00
2010.06.22 18:58:14.614,0.79025,0.79045,1.20,4.00
2010.06.22 18:58:15.807,0.7902,0.79045,1.20,4.00
2010.06.22 18:58:16.753,0.7902,0.79045,1.00,1.00
2010.06.22 18:58:17.002,0.7902,0.79045,1.00,1.60
2010.06.22 18:58:17.728,0.7901,0.79035,6.80,1.00
2010.06.22 18:58:18.343,0.7901,0.79035,4.40,1.00
2010.06.22 18:58:18.557,0.79005,0.79025,1.60,1.00
2010.06.22 18:58:18.908,0.79005,0.79025,1.60,1.60
2010.06.22 18:58:19.962,0.78995,0.79025,2.80,14.40
2010.06.22 18:58:21.038,0.79,0.79025,1.00,6.40
2010.06.22 18:58:21.494,0.78995,0.79025,10.80,6.40
2010.06.22 18:58:21.754,0.7899,0.7902,1.20,12.00
2010.06.22 18:58:21.998,0.78995,0.7902,1.20,4.00
2010.06.22 18:58:22.625,0.78995,0.79025,1.20,10.40
2010.06.22 18:58:23.466,0.78995,0.7902,2.00,12.00
2010.06.22 18:58:24.290,0.78995,0.7902,1.00,12.00
2010.06.22 18:58:24.616,0.78995,0.7902,1.00,9.60
2010.06.22 18:58:26.825,0.78995,0.7902,1.00,11.20
2010.06.22 18:58:27.170,0.7899,0.7902,9.20,5.60
2010.06.22 18:58:27.513,0.7899,0.7902,11.60,5.60
2010.06.22 18:58:27.763,0.7899,0.7902,14.00,1.60
2010.06.22 18:58:30.212,0.7899,0.7902,14.00,4.00
2010.06.22 18:58:30.824,0.7899,0.79015,4.00,1.60
2010.06.22 18:58:30.964,0.7899,0.7902,1.20,12.00
2010.06.22 18:58:31.223,0.7899,0.7902,1.20,9.60
2010.06.22 18:58:31.834,0.78995,0.79025,9.20,1.60
2010.06.22 18:58:32.853,0.78995,0.79025,5.20,5.60
2010.06.22 18:58:33.475,0.78995,0.79025,1.20,9.60
2010.06.22 18:58:34.118,0.78995,0.79025,1.20,14.40
2010.06.22 18:58:34.605,0.78995,0.7902,1.20,1.60
2010.06.22 18:58:34.853,0.78995,0.7902,1.20,5.60
2010.06.22 18:58:39.529,0.78995,0.7902,1.20,1.60
2010.06.22 18:58:40.214,0.78995,0.7902,1.20,8.80
2010.06.22 18:58:40.553,0.78995,0.79025,1.20,14.40
2010.06.22 18:58:41.675,0.7899,0.7902,14.90,1.60
2010.06.22 18:58:42.675,0.7899,0.7902,14.00,1.60
2010.06.22 18:58:43.013,0.7899,0.79015,6.80,6.40
2010.06.22 18:58:43.609,0.7899,0.79015,1.00,10.40
2010.06.22 18:58:43.968,0.7899,0.7902,2.00,10.40
2010.06.22 18:58:44.753,0.79005,0.79025,1.20,4.00
2010.06.22 18:58:45.136,0.79005,0.79035,12.40,1.60
2010.06.22 18:58:45.490,0.7901,0.79035,1.00,1.60
2010.06.22 18:58:46.334,0.7901,0.7904,1.20,9.60
2010.06.22 18:58:46.978,0.7901,0.7904,1.20,12.00
2010.06.22 18:58:48.072,0.7901,0.79035,1.00,1.60
2010.06.22 18:58:49.529,0.7901,0.79035,4.40,1.60
2010.06.22 18:58:50.005,0.7901,0.79035,8.40,1.60
2010.06.22 18:58:50.243,0.7901,0.79035,10.80,1.60
2010.06.22 18:58:50.706,0.7901,0.7903,10.40,1.00
2010.06.22 18:58:51.017,0.79,0.7903,1.20,8.80
2010.06.22 18:58:51.328,0.79005,0.7903,1.20,1.00
2010.06.22 18:58:51.634,0.79005,0.79035,11.60,1.60
2010.06.22 18:58:56.693,0.7901,0.79035,1.00,1.60
2010.06.22 18:58:57.348,0.7901,0.7904,1.00,12.80
2010.06.22 18:58:57.568,0.7901,0.7904,1.20,14.40
2010.06.22 18:58:58.762,0.7901,0.79035,1.20,4.00
2010.06.22 18:58:59.560,0.79015,0.7904,1.00,13.60
2010.06.22 18:58:59.695,0.7902,0.7904,1.00,10.40
2010.06.22 18:58:59.837,0.7902,0.7904,1.00,2.40
2010.06.22 18:58:59.973,0.7902,0.79045,1.20,2.40
2010.06.22 18:59:00.534,0.79025,0.79045,1.00,2.40
2010.06.22 18:59:00.681,0.7903,0.7905,1.00,10.40
2010.06.22 18:59:01.031,0.7903,0.7905,2.00,8.00
2010.06.22 18:59:01.841,0.7903,0.7906,2.00,12.80
2010.06.22 18:59:02.114,0.7903,0.79055,1.20,8.00
2010.06.22 18:59:02.377,0.7903,0.79055,1.20,10.40
2010.06.22 18:59:03.111,0.79035,0.79055,1.20,4.00
2010.06.22 18:59:03.456,0.79035,0.79065,1.20,11.20
2010.06.22 18:59:04.128,0.7904,0.79065,1.20,9.60
2010.06.22 18:59:04.790,0.7904,0.79065,2.00,1.60
2010.06.22 18:59:05.143,0.79045,0.7907,1.00,4.00
2010.06.22 18:59:05.810,0.79045,0.79065,1.00,2.40
2010.06.22 18:59:06.064,0.79045,0.7907,1.20,1.00
2010.06.22 18:59:07.326,0.79045,0.7907,1.20,9.20
2010.06.22 18:59:07.563,0.79045,0.7907,1.20,11.60
2010.06.22 18:59:07.799,0.7903,0.7904,1.00,2.00
2010.06.22 18:59:08.570,0.79005,0.79035,2.80,9.60
2010.06.22 18:59:08.913,0.79005,0.79035,2.80,12.00
2010.06.22 18:59:09.592,0.79005,0.79035,3.60,12.00
2010.06.22 18:59:10.484,0.7901,0.7903,1.00,10.40
2010.06.22 18:59:10.703,0.7901,0.7903,1.00,8.00
2010.06.22 18:59:11.314,0.7901,0.7904,1.20,12.80
2010.06.22 18:59:11.426,0.7901,0.7904,1.20,9.60
2010.06.22 18:59:14.494,0.79015,0.7904,1.00,8.80
2010.06.22 18:59:14.824,0.79015,0.79045,1.20,10.50
2010.06.22 18:59:15.154,0.7902,0.79045,1.00,11.20
2010.06.22 18:59:15.403,0.7902,0.79045,1.20,1.00
2010.06.22 18:59:15.892,0.7902,0.79045,2.80,1.00
2010.06.22 18:59:16.352,0.7902,0.79045,2.80,3.20
2010.06.22 18:59:16.517,0.7902,0.79045,2.80,1.00
2010.06.22 18:59:16.813,0.79025,0.7905,1.00,10.40
2010.06.22 18:59:16.962,0.79025,0.7905,1.00,1.60
2010.06.22 18:59:18.120,0.7902,0.79045,12.40,3.20
2010.06.22 18:59:18.382,0.7902,0.79045,2.00,3.20
2010.06.22 18:59:19.616,0.7902,0.79045,3.60,1.00
2010.06.22 18:59:19.903,0.7902,0.7905,7.60,5.60
2010.06.22 18:59:20.174,0.7902,0.7905,6.00,5.60
2010.06.22 18:59:20.445,0.7902,0.7905,7.60,5.60
2010.06.22 18:59:21.177,0.7903,0.79055,2.00,12.00
2010.06.22 18:59:21.459,0.79035,0.7906,1.20,8.80
2010.06.22 18:59:21.734,0.7904,0.7906,1.20,8.00
2010.06.22 18:59:22.465,0.7904,0.79065,1.20,11.20
2010.06.22 18:59:22.744,0.7904,0.79065,1.00,12.00
2010.06.22 18:59:23.770,0.7904,0.79065,1.00,14.40
2010.06.22 18:59:24.116,0.7903,0.7906,2.80,9.60
2010.06.22 18:59:25.614,0.7903,0.7906,3.60,9.60
2010.06.22 18:59:25.821,0.7903,0.7906,7.60,9.60
2010.06.22 18:59:25.932,0.7903,0.79055,6.80,1.60
2010.06.22 18:59:26.142,0.7903,0.79055,6.80,2.40
2010.06.22 18:59:26.668,0.79035,0.79055,1.20,1.60
2010.06.22 18:59:26.960,0.7904,0.79065,1.00,12.00
2010.06.22 18:59:28.556,0.7904,0.79065,1.00,9.60
2010.06.22 18:59:28.906,0.7904,0.7907,9.20,3.30
2010.06.22 18:59:29.194,0.79045,0.7907,1.20,1.70
2010.06.22 18:59:31.106,0.79045,0.79065,1.20,1.60
2010.06.22 18:59:31.806,0.79045,0.7907,1.20,4.00
2010.06.22 18:59:32.064,0.79045,0.79075,1.20,16.10
2010.06.22 18:59:32.321,0.79045,0.7907,1.20,1.00
2010.06.22 18:59:32.581,0.79045,0.7907,5.20,1.00
2010.06.22 18:59:32.716,0.7905,0.79075,1.00,8.00
2010.06.22 18:59:33.459,0.7905,0.7908,6.80,1.60
2010.06.22 18:59:34.045,0.7905,0.7908,2.80,3.20
2010.06.22 18:59:35.418,0.7905,0.79075,2.00,2.40
2010.06.22 18:59:35.490,0.7905,0.79075,1.00,4.80
2010.06.22 18:59:35.554,0.79045,0.79075,3.60,9.60
2010.06.22 18:59:35.683,0.79045,0.79075,1.20,12.00
2010.06.22 18:59:36.221,0.7905,0.7907,2.80,8.00
2010.06.22 18:59:36.302,0.79055,0.79075,1.00,2.40
2010.06.22 18:59:36.376,0.79055,0.79075,2.00,2.40
2010.06.22 18:59:36.891,0.79055,0.7908,2.00,4.00
2010.06.22 18:59:37.541,0.79055,0.79085,1.20,12.00
2010.06.22 18:59:37.714,0.79055,0.79085,1.20,12.80
2010.06.22 18:59:37.882,0.79055,0.79085,1.20,13.60
2010.06.22 18:59:39.450,0.79055,0.79085,1.20,12.00
2010.06.22 18:59:39.729,0.79055,0.79085,1.20,13.70
2010.06.22 18:59:40.006,0.79055,0.79075,1.20,1.60
2010.06.22 18:59:40.510,0.7905,0.79075,1.20,5.60
2010.06.22 18:59:40.864,0.7905,0.79075,2.00,3.20
2010.06.22 18:59:41.647,0.7905,0.79075,1.00,1.60
2010.06.22 18:59:41.978,0.79045,0.79075,9.20,4.00
2010.06.22 18:59:42.292,0.79045,0.79075,5.20,8.00
2010.06.22 18:59:43.877,0.79045,0.79075,9.20,5.60
2010.06.22 18:59:45.189,0.79045,0.7907,4.40,1.60
2010.06.22 18:59:45.537,0.79045,0.7907,1.00,1.60
2010.06.22 18:59:46.219,0.79045,0.7907,1.00,5.60
2010.06.22 18:59:46.449,0.7905,0.79075,1.20,4.80
2010.06.22 18:59:46.690,0.7905,0.79075,1.20,1.00
2010.06.22 18:59:47.188,0.7905,0.7908,1.20,9.60
2010.06.22 18:59:47.429,0.79055,0.79075,1.00,1.60
2010.06.22 18:59:47.776,0.7905,0.79075,1.20,4.80
2010.06.22 18:59:48.247,0.7905,0.79075,1.20,8.80
2010.06.22 18:59:48.596,0.7905,0.79075,1.00,14.40
2010.06.22 18:59:48.920,0.79045,0.7907,1.20,1.60
2010.06.22 18:59:49.676,0.7904,0.7907,16.40,4.00
2010.06.22 18:59:50.030,0.7904,0.7907,15.60,4.10
2010.06.22 18:59:50.375,0.7904,0.7907,9.20,4.10
2010.06.22 18:59:50.717,0.7905,0.7907,1.60,4.10
2010.06.22 18:59:51.421,0.7905,0.7907,1.60,1.00
2010.06.22 18:59:51.712,0.79045,0.79075,4.40,10.40
2010.06.22 18:59:51.922,0.79045,0.79075,8.40,6.40
2010.06.22 18:59:52.341,0.79045,0.79075,7.60,6.40
2010.06.22 18:59:53.004,0.79045,0.79075,7.60,10.40
2010.06.22 18:59:53.298,0.7905,0.79075,2.00,5.60
2010.06.22 18:59:53.584,0.7905,0.79075,4.40,4.00
2010.06.22 18:59:54.412,0.7905,0.79075,6.80,1.60
2010.06.22 18:59:54.755,0.7905,0.79075,4.40,1.60
2010.06.22 18:59:55.922,0.7905,0.79075,6.80,1.00
2010.06.22 18:59:56.391,0.7905,0.7908,6.80,8.80
2010.06.22 18:59:56.542,0.7905,0.7908,6.80,4.00
2010.06.22 18:59:56.991,0.7905,0.7908,9.20,4.00
2010.06.22 18:59:57.142,0.7905,0.7908,9.20,3.60
2010.06.22 18:59:58.742,0.7906,0.7908,1.00,2.00
