2013.08.14 20:00:00.296,0.89608,0.89624,1.88,2.07
2013.08.14 20:00:00.424,0.8961,0.89626,2.82,1.69
2013.08.14 20:00:00.844,0.89613,0.8963,1.13,1.32
2013.08.14 20:00:01.305,0.89615,0.89631,1.50,1.13
2013.08.14 20:00:01.483,0.89615,0.89635,2.63,3.19
2013.08.14 20:00:01.604,0.89616,0.89636,1.50,1.88
2013.08.14 20:00:01.963,0.8962,0.89638,1.50,3.00
2013.08.14 20:00:02.605,0.8962,0.89639,1.50,1.88
2013.08.14 20:00:03.036,0.89623,0.89639,1.50,1.88
2013.08.14 20:00:03.979,0.89623,0.89642,2.63,1.13
2013.08.14 20:00:04.523,0.89623,0.89644,2.63,1.50
2013.08.14 20:00:05.043,0.89626,0.89644,1.50,1.50
2013.08.14 20:00:06.259,0.89626,0.89644,2.25,1.50
2013.08.14 20:00:06.925,0.89626,0.89644,2.25,1.50
2013.08.14 20:00:08.133,0.89628,0.89645,1.88,3.00
2013.08.14 20:00:08.313,0.89635,0.89649,2.25,1.13
2013.08.14 20:00:08.434,0.89635,0.89651,2.25,1.13
2013.08.14 20:00:08.975,0.89635,0.89655,2.25,1.69
2013.08.14 20:00:09.343,0.89635,0.89651,1.50,2.25
2013.08.14 20:00:09.463,0.8963,0.89643,3.38,1.13
2013.08.14 20:00:09.523,0.89631,0.89647,1.50,2.82
2013.08.14 20:00:09.583,0.89631,0.89649,1.50,3.00
2013.08.14 20:00:09.883,0.89631,0.89649,1.50,1.13
2013.08.14 20:00:11.284,0.89631,0.89651,1.50,1.50
2013.08.14 20:00:11.344,0.89633,0.89652,1.88,1.50
2013.08.14 20:00:11.523,0.89633,0.89652,1.88,2.44
2013.08.14 20:00:12.033,0.89634,0.89651,1.13,1.32
2013.08.14 20:00:12.563,0.89634,0.89653,1.88,1.32
2013.08.14 20:00:13.103,0.89633,0.89651,2.25,1.13
2013.08.14 20:00:13.283,0.89633,0.89651,2.25,1.13
2013.08.14 20:00:13.843,0.89633,0.89651,2.25,1.13
2013.08.14 20:00:14.963,0.89633,0.8965,1.88,1.13
2013.08.14 20:00:15.504,0.89633,0.89651,1.13,1.13
2013.08.14 20:00:15.904,0.89634,0.89652,1.13,2.44
2013.08.14 20:00:33.105,0.89634,0.89652,1.88,1.50
2013.08.14 20:00:46.153,0.89635,0.89652,1.50,2.25
2013.08.14 20:00:55.054,0.89633,0.8965,2.25,1.13
2013.08.14 20:00:56.134,0.89633,0.89651,2.25,1.13
2013.08.14 20:01:03.473,0.89635,0.89652,1.50,2.25
2013.08.14 20:01:10.243,0.89635,0.89652,1.50,1.69
2013.08.14 20:01:12.854,0.89635,0.89652,1.50,1.69
2013.08.14 20:01:13.034,0.89631,0.89648,1.32,1.32
2013.08.14 20:01:13.153,0.8963,0.89647,2.44,1.13
2013.08.14 20:01:13.533,0.89632,0.89649,1.69,1.13
2013.08.14 20:01:13.593,0.89632,0.89651,2.07,1.32
2013.08.14 20:01:18.653,0.89635,0.8965,1.50,2.25
2013.08.14 20:01:18.774,0.89631,0.89647,1.50,1.13
2013.08.14 20:01:18.953,0.89627,0.89647,1.13,1.69
2013.08.14 20:01:19.074,0.89625,0.89645,2.25,1.50
2013.08.14 20:01:19.193,0.89625,0.89645,1.50,1.50
2013.08.14 20:01:19.704,0.89625,0.89645,1.50,1.50
2013.08.14 20:01:20.194,0.89625,0.89645,1.50,1.50
2013.08.14 20:01:20.760,0.89627,0.89646,1.50,3.19
2013.08.14 20:01:21.425,0.89626,0.89643,1.50,2.25
2013.08.14 20:01:22.613,0.89625,0.89643,1.13,1.13
2013.08.14 20:01:23.813,0.89627,0.89645,1.50,1.13
2013.08.14 20:01:31.685,0.89629,0.89646,1.88,1.88
2013.08.14 20:01:31.863,0.89629,0.8965,1.88,3.00
2013.08.14 20:01:31.983,0.89629,0.89646,1.50,1.13
2013.08.14 20:01:32.283,0.89629,0.89646,1.88,1.13
2013.08.14 20:01:32.823,0.8963,0.89646,1.50,1.13
2013.08.14 20:01:35.023,0.89631,0.89647,1.50,1.13
2013.08.14 20:01:35.143,0.89632,0.89647,1.50,1.13
2013.08.14 20:01:39.943,0.89629,0.89646,1.88,1.50
2013.08.14 20:01:40.304,0.89627,0.89644,1.50,1.13
2013.08.14 20:01:40.364,0.89627,0.89644,1.50,1.13
2013.08.14 20:01:40.553,0.89626,0.89644,1.50,1.13
2013.08.14 20:01:41.593,0.89627,0.89644,1.50,1.13
2013.08.14 20:01:42.724,0.89627,0.89644,1.50,1.13
2013.08.14 20:01:44.053,0.89627,0.89645,1.50,1.88
2013.08.14 20:01:44.294,0.89627,0.89645,1.50,1.13
2013.08.14 20:01:45.883,0.89631,0.89649,1.50,1.13
2013.08.14 20:01:46.613,0.89631,0.89649,1.50,1.13
2013.08.14 20:01:46.913,0.89631,0.89649,1.50,1.13
2013.08.14 20:01:49.313,0.89629,0.89645,1.50,1.13
2013.08.14 20:01:49.856,0.89628,0.89645,1.50,1.13
2013.08.14 20:01:51.734,0.89631,0.89646,1.50,1.13
2013.08.14 20:01:51.854,0.89632,0.8965,1.50,3.00
2013.08.14 20:01:59.124,0.89632,0.8965,1.50,3.00
2013.08.14 20:01:59.256,0.8963,0.89646,1.50,1.13
2013.08.14 20:01:59.805,0.8963,0.89647,1.50,1.13
2013.08.14 20:02:00.544,0.8963,0.89647,2.25,1.13
2013.08.14 20:02:08.023,0.89632,0.89649,1.50,1.13
2013.08.14 20:02:08.674,0.8963,0.89646,1.50,1.13
2013.08.14 20:02:08.793,0.8963,0.89646,1.50,1.32
2013.08.14 20:02:22.083,0.8963,0.89646,1.50,1.88
2013.08.14 20:02:28.973,0.8963,0.89645,1.50,1.13
2013.08.14 20:02:29.214,0.89624,0.89638,2.25,1.13
2013.08.14 20:02:29.513,0.89618,0.89638,2.63,1.69
2013.08.14 20:02:30.116,0.89618,0.89638,2.25,1.69
2013.08.14 20:02:33.203,0.89618,0.89634,2.25,1.13
2013.08.14 20:02:33.263,0.89618,0.89634,1.50,1.13
2013.08.14 20:02:33.323,0.89617,0.89632,2.25,1.50
2013.08.14 20:02:34.511,0.89617,0.89632,1.69,1.50
2013.08.14 20:02:34.814,0.89625,0.89638,1.13,1.69
2013.08.14 20:02:34.993,0.89624,0.89638,1.13,1.13
2013.08.14 20:02:38.174,0.89624,0.89638,2.25,1.32
2013.08.14 20:02:38.353,0.89623,0.89638,1.50,1.69
2013.08.14 20:02:39.166,0.8962,0.89634,2.25,1.13
2013.08.14 20:02:39.234,0.89616,0.89634,1.32,1.88
2013.08.14 20:02:39.293,0.89615,0.89634,1.13,2.82
2013.08.14 20:02:39.354,0.89615,0.89634,1.50,2.44
2013.08.14 20:02:39.414,0.89615,0.89632,2.07,1.50
2013.08.14 20:02:39.533,0.89615,0.89632,2.07,2.25
2013.08.14 20:02:39.713,0.89617,0.89632,1.69,2.25
2013.08.14 20:02:40.014,0.89625,0.89637,1.13,1.13
2013.08.14 20:02:40.373,0.89629,0.89643,2.25,1.32
2013.08.14 20:02:40.883,0.89629,0.89645,2.25,1.32
2013.08.14 20:02:41.194,0.89631,0.89645,1.50,1.69
2013.08.14 20:02:41.314,0.89627,0.89644,1.50,2.44
2013.08.14 20:02:41.853,0.89624,0.89644,2.25,2.44
2013.08.14 20:02:42.154,0.89627,0.89639,2.25,1.88
2013.08.14 20:02:42.514,0.8962,0.89631,3.00,1.13
2013.08.14 20:02:42.813,0.89622,0.89635,2.25,1.13
2013.08.14 20:02:42.873,0.89622,0.89637,2.25,1.69
2013.08.14 20:02:43.414,0.89622,0.89635,1.50,1.32
2013.08.14 20:02:43.534,0.89613,0.89629,3.00,1.13
2013.08.14 20:02:43.594,0.89615,0.89629,2.25,1.13
2013.08.14 20:02:43.894,0.89613,0.89628,1.50,1.13
2013.08.14 20:02:43.953,0.89614,0.89631,2.07,1.13
2013.08.14 20:02:44.134,0.89618,0.89631,1.50,1.13
2013.08.14 20:02:44.674,0.89618,0.89631,1.50,1.13
2013.08.14 20:02:45.034,0.89624,0.89633,1.13,1.88
2013.08.14 20:02:45.156,0.89624,0.89638,1.13,2.07
2013.08.14 20:02:45.394,0.89623,0.89637,1.13,1.69
2013.08.14 20:02:45.453,0.89622,0.89637,1.50,1.69
2013.08.14 20:02:46.764,0.89623,0.89638,1.50,1.32
2013.08.14 20:02:47.124,0.8963,0.89643,1.50,1.13
2013.08.14 20:02:47.244,0.8963,0.89645,2.25,1.32
2013.08.14 20:02:47.545,0.89626,0.89646,1.50,1.32
2013.08.14 20:02:47.783,0.89626,0.89646,1.50,2.07
2013.08.14 20:02:48.663,0.89626,0.89637,2.25,1.32
2013.08.14 20:02:48.724,0.89624,0.89634,3.00,2.82
2013.08.14 20:02:48.784,0.89624,0.89631,2.25,1.13
2013.08.14 20:02:48.844,0.89619,0.89631,1.69,1.13
2013.08.14 20:02:49.024,0.89616,0.89631,1.50,1.32
2013.08.14 20:02:49.465,0.89615,0.8963,1.50,1.13
2013.08.14 20:02:50.843,0.89615,0.89629,1.50,1.13
2013.08.14 20:02:51.083,0.89613,0.8963,2.25,1.69
2013.08.14 20:02:51.324,0.89613,0.89629,1.50,1.69
2013.08.14 20:02:51.455,0.89613,0.89629,1.50,1.69
2013.08.14 20:02:51.704,0.89613,0.89629,1.50,1.62
2013.08.14 20:02:52.093,0.89611,0.89628,1.50,1.24
2013.08.14 20:02:53.365,0.89613,0.89628,1.50,1.32
2013.08.14 20:02:57.424,0.89613,0.8963,1.50,2.44
2013.08.14 20:02:57.604,0.89614,0.89631,1.50,1.13
2013.08.14 20:02:58.153,0.89614,0.89634,2.63,1.69
2013.08.14 20:02:59.443,0.89617,0.89634,1.50,1.69
2013.08.14 20:02:59.503,0.89617,0.89634,1.50,1.69
2013.08.14 20:02:59.943,0.89617,0.89634,1.50,1.69
2013.08.14 20:03:00.283,0.89614,0.89629,1.88,1.13
2013.08.14 20:03:00.464,0.89614,0.89629,1.50,1.50
2013.08.14 20:03:11.075,0.89612,0.8963,1.69,1.50
2013.08.14 20:03:11.313,0.89612,0.8963,1.50,2.25
2013.08.14 20:03:16.644,0.89612,0.8963,1.50,3.00
2013.08.14 20:03:19.963,0.89611,0.89629,1.50,1.50
2013.08.14 20:03:20.487,0.89611,0.89629,1.50,1.50
2013.08.14 20:03:43.906,0.8961,0.89628,1.50,1.13
2013.08.14 20:03:54.356,0.8961,0.89628,1.69,1.13
2013.08.14 20:03:59.055,0.8961,0.89628,1.50,1.13
2013.08.14 20:04:00.635,0.8961,0.89628,1.50,1.13
2013.08.14 20:04:09.306,0.89612,0.8963,1.50,1.69
2013.08.14 20:04:09.607,0.89616,0.89631,1.50,1.32
2013.08.14 20:04:10.026,0.89614,0.89631,1.88,1.32
2013.08.14 20:04:11.076,0.89616,0.89631,1.50,1.32
2013.08.14 20:04:12.989,0.89616,0.89631,1.50,1.32
2013.08.14 20:04:18.449,0.89617,0.89631,1.50,1.13
2013.08.14 20:04:18.576,0.89617,0.89635,1.50,1.32
2013.08.14 20:04:23.836,0.89618,0.89635,1.13,1.32
2013.08.14 20:04:27.716,0.89617,0.89635,1.50,2.44
2013.08.14 20:04:27.835,0.89617,0.89634,1.50,2.07
2013.08.14 20:04:30.606,0.89617,0.89634,1.50,3.57
2013.08.14 20:04:31.110,0.89617,0.89634,1.50,3.57
2013.08.14 20:04:34.896,0.89614,0.89631,1.50,2.82
2013.08.14 20:04:34.956,0.89613,0.8963,1.50,1.13
2013.08.14 20:04:35.017,0.89613,0.89629,1.50,1.32
2013.08.14 20:04:53.166,0.89612,0.89631,1.50,1.88
2013.08.14 20:04:53.286,0.89614,0.89631,2.25,1.13
2013.08.14 20:04:53.840,0.89615,0.89632,1.50,1.13
2013.08.14 20:04:54.917,0.89616,0.89633,1.88,1.69
2013.08.14 20:05:23.667,0.89618,0.89636,1.88,1.32
2013.08.14 20:05:23.727,0.89618,0.89636,1.88,1.32
2013.08.14 20:05:26.586,0.8962,0.89638,1.50,1.32
2013.08.14 20:05:37.918,0.89623,0.89639,1.13,1.32
2013.08.14 20:05:38.047,0.89624,0.8964,1.50,1.50
2013.08.14 20:05:38.108,0.89624,0.89641,2.25,1.88
2013.08.14 20:05:38.286,0.89628,0.89645,1.69,1.13
2013.08.14 20:05:38.346,0.89628,0.89647,2.82,2.63
2013.08.14 20:05:38.885,0.89628,0.89647,1.69,1.13
2013.08.14 20:05:40.870,0.89631,0.89648,1.50,2.25
2013.08.14 20:05:51.206,0.89629,0.89646,2.25,3.00
2013.08.14 20:05:51.327,0.89625,0.89639,2.25,1.50
2013.08.14 20:05:51.507,0.89623,0.89639,1.50,1.88
2013.08.14 20:05:51.626,0.89623,0.89634,1.50,1.88
2013.08.14 20:05:51.686,0.89619,0.89634,1.50,1.50
2013.08.14 20:05:51.926,0.89614,0.89634,3.00,1.50
2013.08.14 20:05:51.985,0.89614,0.89634,1.50,1.50
2013.08.14 20:05:53.740,0.89614,0.89634,1.50,1.50
2013.08.14 20:05:54.456,0.89614,0.89634,1.50,1.50
2013.08.14 20:05:56.130,0.89613,0.89631,1.50,1.13
2013.08.14 20:05:56.376,0.89607,0.89619,1.50,1.50
2013.08.14 20:05:56.557,0.89601,0.89619,1.50,1.50
2013.08.14 20:05:57.116,0.89601,0.89619,3.00,1.50
2013.08.14 20:05:57.176,0.89599,0.89619,2.25,1.50
2013.08.14 20:05:57.236,0.89597,0.89619,3.00,1.50
2013.08.14 20:05:59.535,0.89598,0.89618,1.50,1.50
2013.08.14 20:06:00.916,0.89601,0.89619,1.50,2.44
2013.08.14 20:06:01.036,0.89603,0.8962,1.50,1.50
2013.08.14 20:06:01.097,0.89603,0.89621,1.50,1.50
2013.08.14 20:06:01.456,0.89605,0.89622,1.13,1.50
2013.08.14 20:06:02.107,0.89606,0.89622,1.50,1.50
2013.08.14 20:06:02.846,0.89605,0.89622,1.13,1.50
2013.08.14 20:06:03.397,0.89606,0.89622,1.50,1.50
2013.08.14 20:06:03.656,0.89606,0.89625,1.50,2.25
2013.08.14 20:06:06.236,0.89606,0.89622,1.50,1.50
2013.08.14 20:06:10.888,0.89605,0.89624,1.88,1.50
2013.08.14 20:06:11.906,0.89608,0.89625,1.13,2.25
2013.08.14 20:06:14.826,0.89608,0.89626,1.13,2.25
2013.08.14 20:06:16.296,0.89608,0.89625,1.13,1.50
2013.08.14 20:06:18.077,0.89608,0.89626,1.13,1.50
2013.08.14 20:06:18.136,0.89609,0.89626,1.50,1.50
2013.08.14 20:06:18.616,0.89608,0.89629,2.63,1.50
2013.08.14 20:06:18.675,0.89608,0.8963,2.63,1.13
2013.08.14 20:06:19.556,0.89608,0.8963,1.88,1.13
2013.08.14 20:06:19.966,0.89608,0.8963,1.88,1.88
2013.08.14 20:06:20.156,0.89608,0.8963,1.88,1.13
2013.08.14 20:06:20.696,0.89608,0.8963,1.88,1.13
2013.08.14 20:06:20.886,0.89608,0.8963,1.13,1.13
2013.08.14 20:06:21.247,0.8961,0.89628,1.50,1.50
2013.08.14 20:06:34.366,0.8961,0.89629,1.50,1.50
2013.08.14 20:06:34.906,0.89611,0.89629,1.50,1.50
2013.08.14 20:06:35.028,0.89612,0.8963,1.50,1.13
2013.08.14 20:06:35.326,0.89614,0.89633,1.50,1.50
2013.08.14 20:06:35.506,0.89614,0.89634,1.50,3.00
2013.08.14 20:06:35.878,0.89614,0.89634,1.50,3.00
2013.08.14 20:06:36.647,0.89614,0.89634,1.50,3.00
2013.08.14 20:06:37.196,0.89615,0.89634,1.13,3.00
2013.08.14 20:06:37.846,0.89614,0.89634,1.50,3.00
2013.08.14 20:06:39.757,0.89617,0.89636,1.50,1.13
2013.08.14 20:06:40.336,0.89617,0.89638,1.50,1.50
2013.08.14 20:06:40.516,0.89617,0.89638,1.50,1.50
2013.08.14 20:06:41.326,0.89616,0.89635,6.38,1.50
2013.08.14 20:06:41.696,0.89616,0.89633,1.50,1.13
2013.08.14 20:06:46.926,0.89615,0.89632,5.63,1.50
2013.08.14 20:06:47.106,0.89616,0.89632,4.88,1.50
2013.08.14 20:06:47.689,0.89616,0.89634,4.88,1.13
2013.08.14 20:06:53.697,0.8962,0.89638,1.50,1.50
2013.08.14 20:06:54.116,0.8962,0.8964,1.88,2.25
2013.08.14 20:06:58.136,0.89625,0.89641,1.13,3.38
2013.08.14 20:06:58.676,0.89621,0.89641,1.13,3.00
2013.08.14 20:06:59.406,0.89621,0.89639,1.13,1.13
2013.08.14 20:07:05.743,0.8962,0.89639,1.88,1.13
2013.08.14 20:07:05.987,0.8962,0.89639,1.88,1.50
2013.08.14 20:07:14.578,0.89626,0.89641,1.13,1.13
2013.08.14 20:07:14.697,0.89626,0.89643,1.88,1.13
2013.08.14 20:07:16.827,0.89628,0.89644,1.88,1.50
2013.08.14 20:07:17.434,0.89628,0.89646,1.88,1.50
2013.08.14 20:07:17.978,0.89629,0.89646,1.50,1.50
2013.08.14 20:07:18.526,0.89629,0.89646,1.50,1.50
2013.08.14 20:07:20.407,0.89629,0.89647,1.50,1.50
2013.08.14 20:07:24.688,0.89629,0.89647,1.50,1.50
2013.08.14 20:07:25.556,0.89628,0.89647,1.50,1.50
2013.08.14 20:07:25.616,0.89628,0.89647,1.50,2.07
2013.08.14 20:07:26.141,0.89628,0.89641,1.13,1.13
2013.08.14 20:07:26.211,0.89623,0.89641,1.88,1.13
2013.08.14 20:07:27.575,0.89623,0.89641,1.88,1.13
2013.08.14 20:07:28.648,0.89623,0.89641,1.88,1.88
2013.08.14 20:07:31.727,0.89625,0.89641,1.13,1.13
2013.08.14 20:07:36.047,0.89625,0.89641,1.13,1.13
2013.08.14 20:07:49.346,0.89624,0.89641,1.50,2.25
2013.08.14 20:07:50.896,0.89628,0.89641,1.50,1.50
2013.08.14 20:07:51.136,0.89628,0.89644,1.50,1.13
2013.08.14 20:07:54.158,0.89626,0.89642,1.88,1.13
2013.08.14 20:08:07.997,0.89624,0.89641,1.50,2.63
2013.08.14 20:08:08.116,0.89624,0.89639,1.50,1.69
2013.08.14 20:08:08.177,0.89624,0.89632,1.50,1.13
2013.08.14 20:08:08.357,0.89618,0.89632,4.13,2.25
2013.08.14 20:08:08.416,0.89614,0.89632,2.25,2.25
2013.08.14 20:08:08.939,0.89614,0.89632,1.13,2.25
2013.08.14 20:08:09.128,0.89614,0.89631,1.13,1.13
2013.08.14 20:08:09.247,0.8961,0.89627,2.63,1.13
2013.08.14 20:08:09.427,0.89611,0.89627,1.13,1.13
2013.08.14 20:08:10.351,0.89611,0.89632,1.13,4.50
2013.08.14 20:08:11.406,0.89613,0.89631,1.50,1.50
2013.08.14 20:08:18.589,0.89613,0.89631,1.50,1.88
2013.08.14 20:08:18.897,0.89609,0.89626,1.13,1.13
2013.08.14 20:08:19.256,0.89611,0.89626,1.13,1.13
2013.08.14 20:08:19.922,0.89614,0.89629,1.50,1.13
2013.08.14 20:08:20.770,0.89609,0.89628,1.88,1.50
2013.08.14 20:08:20.896,0.89609,0.89627,1.50,1.13
2013.08.14 20:08:21.196,0.89605,0.89624,1.13,2.63
2013.08.14 20:08:21.447,0.89605,0.89624,1.13,1.88
2013.08.14 20:08:23.256,0.89606,0.89624,1.50,2.63
2013.08.14 20:08:23.597,0.89606,0.89624,1.50,2.63
2013.08.14 20:08:23.897,0.89613,0.89629,1.50,2.63
2013.08.14 20:08:24.136,0.89613,0.8963,1.50,1.13
2013.08.14 20:08:24.257,0.89611,0.89629,1.13,1.50
2013.08.14 20:08:24.317,0.89608,0.89629,2.63,1.88
2013.08.14 20:08:24.377,0.89608,0.89625,1.50,1.50
2013.08.14 20:08:24.917,0.89607,0.89625,1.50,3.00
2013.08.14 20:08:25.036,0.89607,0.89626,1.50,2.63
2013.08.14 20:08:26.936,0.89606,0.89625,1.50,1.88
2013.08.14 20:08:41.997,0.89606,0.89624,1.50,1.13
2013.08.14 20:08:42.302,0.8961,0.89625,1.50,1.50
2013.08.14 20:08:42.768,0.8961,0.89625,1.50,1.50
2013.08.14 20:08:43.319,0.8961,0.89625,2.25,1.50
2013.08.14 20:08:43.387,0.8961,0.89625,2.25,1.50
2013.08.14 20:08:43.946,0.8961,0.89625,1.50,1.50
2013.08.14 20:08:45.417,0.89609,0.89625,2.25,1.50
2013.08.14 20:08:50.116,0.89613,0.89627,1.50,1.50
2013.08.14 20:08:50.417,0.89613,0.89629,1.50,1.13
2013.08.14 20:08:53.247,0.89613,0.89629,1.50,1.13
2013.08.14 20:09:17.447,0.89613,0.89629,1.50,1.13
2013.08.14 20:09:27.018,0.89613,0.89629,1.50,1.13
2013.08.14 20:09:38.386,0.89611,0.89629,1.50,1.50
2013.08.14 20:09:38.506,0.89609,0.89628,1.50,1.50
2013.08.14 20:09:38.807,0.89608,0.89627,1.50,1.32
2013.08.14 20:09:38.987,0.89604,0.89623,1.50,1.13
2013.08.14 20:09:39.047,0.89603,0.89623,2.25,1.88
2013.08.14 20:09:39.346,0.896,0.8962,2.25,1.69
2013.08.14 20:09:39.529,0.89601,0.8962,1.13,1.32
2013.08.14 20:09:40.117,0.89602,0.8962,2.25,1.32
2013.08.14 20:09:40.767,0.89603,0.8962,1.50,1.13
2013.08.14 20:09:43.586,0.89603,0.89622,1.50,1.13
2013.08.14 20:09:44.757,0.89603,0.89614,1.50,1.50
2013.08.14 20:09:44.878,0.89601,0.89613,1.50,1.32
2013.08.14 20:09:45.123,0.89603,0.89618,1.13,1.50
2013.08.14 20:09:45.317,0.89603,0.89621,1.13,1.50
2013.08.14 20:09:46.116,0.89604,0.89624,2.25,1.13
2013.08.14 20:09:46.647,0.89605,0.89624,1.50,1.13
2013.08.14 20:09:46.706,0.89605,0.89624,2.25,1.13
2013.08.14 20:09:47.277,0.89606,0.89625,1.50,1.13
2013.08.14 20:09:48.131,0.89606,0.89624,1.50,1.13
2013.08.14 20:09:48.436,0.896,0.89618,4.88,3.19
2013.08.14 20:09:48.796,0.89597,0.89613,1.50,1.50
2013.08.14 20:09:48.856,0.89593,0.89613,1.50,1.50
2013.08.14 20:09:49.478,0.89592,0.89613,1.50,1.50
2013.08.14 20:09:50.446,0.89593,0.89613,1.50,1.50
2013.08.14 20:09:51.096,0.89593,0.89613,1.50,2.25
2013.08.14 20:09:52.266,0.89593,0.89613,1.50,3.00
2013.08.14 20:09:57.676,0.89593,0.89613,2.25,1.69
2013.08.14 20:09:58.227,0.89592,0.89613,1.88,1.69
2013.08.14 20:09:58.287,0.89592,0.89613,1.88,1.69
2013.08.14 20:10:00.087,0.89597,0.89615,3.00,2.25
2013.08.14 20:10:00.158,0.89597,0.89617,3.75,2.25
2013.08.14 20:10:00.290,0.89598,0.89618,2.25,1.50
2013.08.14 20:10:01.092,0.896,0.8962,1.50,1.13
2013.08.14 20:10:01.165,0.89603,0.89623,1.50,1.50
2013.08.14 20:10:01.529,0.89603,0.89623,1.50,1.88
2013.08.14 20:10:01.839,0.896,0.8961,2.25,1.50
2013.08.14 20:10:01.897,0.89595,0.8961,1.88,1.50
2013.08.14 20:10:02.018,0.89592,0.89614,1.88,1.69
2013.08.14 20:10:02.788,0.89594,0.89614,1.13,1.32
2013.08.14 20:10:02.849,0.89595,0.89614,1.13,1.32
2013.08.14 20:10:03.277,0.89595,0.89614,1.50,2.44
2013.08.14 20:10:03.817,0.89593,0.89614,1.50,2.44
2013.08.14 20:10:04.337,0.89593,0.89613,1.50,1.50
2013.08.14 20:10:04.519,0.89592,0.89609,3.00,1.13
2013.08.14 20:10:04.637,0.89592,0.89609,2.25,1.69
2013.08.14 20:10:04.818,0.89588,0.89609,1.50,1.69
2013.08.14 20:10:04.998,0.89587,0.89609,3.00,1.69
2013.08.14 20:10:05.117,0.89587,0.89609,3.00,1.69
2013.08.14 20:10:06.777,0.89587,0.89608,3.00,1.69
2013.08.14 20:10:07.957,0.89587,0.89603,1.50,1.13
2013.08.14 20:10:08.198,0.89584,0.89603,1.50,1.50
2013.08.14 20:10:08.258,0.89584,0.89603,1.50,1.50
2013.08.14 20:10:08.556,0.89582,0.89598,1.50,1.50
2013.08.14 20:10:08.677,0.8958,0.89598,1.50,1.50
2013.08.14 20:10:08.798,0.8958,0.89598,1.50,1.50
2013.08.14 20:10:09.158,0.8958,0.89596,1.50,1.88
2013.08.14 20:10:09.457,0.89582,0.89596,1.50,1.50
2013.08.14 20:10:09.517,0.89582,0.89601,1.50,1.32
2013.08.14 20:10:09.578,0.89582,0.89603,2.25,1.69
2013.08.14 20:10:09.816,0.89583,0.89604,1.50,3.00
2013.08.14 20:10:10.117,0.89583,0.89604,1.88,2.25
2013.08.14 20:10:10.178,0.89583,0.89602,1.88,1.88
2013.08.14 20:10:10.237,0.89583,0.89597,1.88,1.50
2013.08.14 20:10:10.419,0.89578,0.89597,1.50,1.50
2013.08.14 20:10:10.978,0.89576,0.89597,1.88,1.50
2013.08.14 20:10:11.591,0.89576,0.89597,1.88,1.50
2013.08.14 20:10:12.163,0.89579,0.89597,2.25,1.50
2013.08.14 20:10:13.469,0.89579,0.89595,1.50,2.07
2013.08.14 20:10:13.767,0.89571,0.89591,1.50,3.19
2013.08.14 20:10:13.886,0.8957,0.89591,1.50,3.19
2013.08.14 20:10:13.946,0.8957,0.89589,1.50,1.69
2013.08.14 20:10:14.509,0.89569,0.89589,1.50,1.69
2013.08.14 20:10:15.017,0.89569,0.89589,2.25,1.69
2013.08.14 20:10:15.526,0.89568,0.89587,1.50,1.50
2013.08.14 20:10:15.888,0.89567,0.89587,1.50,1.50
2013.08.14 20:10:16.307,0.89567,0.89586,1.50,1.50
2013.08.14 20:10:16.427,0.89562,0.8958,2.25,1.50
2013.08.14 20:10:16.666,0.8956,0.8958,1.50,1.50
2013.08.14 20:10:17.188,0.89561,0.8958,1.50,1.50
2013.08.14 20:10:18.558,0.89562,0.8958,2.25,1.13
2013.08.14 20:10:19.068,0.89563,0.89578,2.25,1.50
2013.08.14 20:10:19.596,0.89563,0.89578,1.50,1.50
2013.08.14 20:10:24.487,0.89564,0.89578,1.50,1.50
2013.08.14 20:10:24.847,0.89565,0.89583,3.00,2.25
2013.08.14 20:10:25.217,0.89564,0.89583,2.25,2.25
2013.08.14 20:10:25.756,0.89564,0.89583,2.25,2.25
2013.08.14 20:10:25.877,0.89564,0.89583,2.25,2.25
2013.08.14 20:10:28.437,0.89563,0.8958,1.50,1.50
2013.08.14 20:10:28.779,0.89559,0.89578,1.50,1.50
2013.08.14 20:10:30.356,0.89559,0.89576,2.25,1.50
2013.08.14 20:10:35.427,0.89561,0.89576,1.50,1.50
2013.08.14 20:10:35.738,0.89556,0.89571,2.25,1.13
2013.08.14 20:10:35.857,0.89556,0.89571,1.50,1.50
2013.08.14 20:10:36.039,0.89554,0.89571,1.50,1.50
2013.08.14 20:10:36.647,0.89554,0.89571,1.50,1.50
2013.08.14 20:10:37.196,0.89553,0.89571,1.50,1.50
2013.08.14 20:10:37.736,0.89554,0.89573,1.50,1.13
2013.08.14 20:10:38.276,0.89556,0.89573,1.50,1.13
2013.08.14 20:10:38.796,0.89556,0.89575,1.50,2.25
2013.08.14 20:10:40.140,0.89555,0.89567,1.50,1.13
2013.08.14 20:10:40.267,0.89551,0.89565,1.13,1.13
2013.08.14 20:10:40.327,0.89549,0.89565,1.50,1.50
2013.08.14 20:10:40.448,0.89548,0.89567,2.63,1.88
2013.08.14 20:10:40.507,0.89548,0.89567,1.88,1.13
2013.08.14 20:10:40.807,0.89551,0.89568,2.25,1.13
2013.08.14 20:10:41.166,0.89554,0.89569,2.25,1.50
2013.08.14 20:10:44.106,0.89554,0.89569,2.25,1.50
2013.08.14 20:10:49.288,0.89554,0.89569,2.25,2.25
2013.08.14 20:10:49.647,0.89549,0.89563,1.50,1.50
2013.08.14 20:10:50.202,0.89547,0.89563,1.50,1.50
2013.08.14 20:10:50.518,0.89549,0.89568,1.50,2.07
2013.08.14 20:10:50.579,0.89549,0.89568,1.50,2.07
2013.08.14 20:10:51.117,0.8955,0.89568,2.25,1.88
2013.08.14 20:10:52.977,0.89551,0.89568,1.50,1.13
2013.08.14 20:11:06.738,0.89552,0.89569,1.50,1.32
2013.08.14 20:11:07.826,0.89552,0.89569,1.50,1.32
2013.08.14 20:11:09.367,0.89552,0.89569,1.50,1.69
2013.08.14 20:11:09.488,0.89551,0.89566,1.50,2.44
2013.08.14 20:11:09.547,0.89551,0.89566,1.50,1.69
2013.08.14 20:11:09.727,0.89548,0.89566,2.25,1.69
2013.08.14 20:11:09.906,0.89548,0.89566,1.50,1.69
2013.08.14 20:11:11.506,0.89548,0.89566,2.25,1.69
2013.08.14 20:11:12.097,0.89549,0.89566,1.50,1.69
2013.08.14 20:11:14.068,0.89549,0.89561,1.50,1.13
2013.08.14 20:11:14.426,0.89544,0.89558,2.25,1.13
2013.08.14 20:11:14.609,0.89544,0.89558,2.25,1.13
2013.08.14 20:11:15.667,0.89544,0.89558,2.25,1.13
2013.08.14 20:11:15.919,0.89544,0.89558,2.25,1.13
2013.08.14 20:11:21.636,0.89544,0.89556,2.25,2.25
2013.08.14 20:11:21.697,0.89544,0.89556,1.50,2.25
2013.08.14 20:11:22.275,0.89543,0.89556,1.50,2.25
2013.08.14 20:11:23.237,0.89543,0.89556,2.63,2.25
2013.08.14 20:11:31.553,0.89547,0.8956,1.50,1.05
2013.08.14 20:11:31.678,0.89547,0.89562,1.50,1.65
2013.08.14 20:11:31.857,0.89547,0.89564,2.25,2.25
2013.08.14 20:11:32.766,0.89547,0.89566,3.00,1.13
2013.08.14 20:11:32.888,0.89547,0.89567,5.25,2.25
2013.08.14 20:11:33.249,0.89555,0.8957,1.50,1.13
2013.08.14 20:11:37.367,0.89556,0.89569,3.00,1.13
2013.08.14 20:11:37.550,0.89554,0.8957,1.50,1.50
2013.08.14 20:11:38.107,0.89553,0.8957,1.50,1.88
2013.08.14 20:11:38.417,0.89558,0.89572,1.50,1.13
2013.08.14 20:11:38.657,0.89558,0.89573,1.50,1.13
2013.08.14 20:11:42.026,0.89557,0.89574,3.38,1.13
2013.08.14 20:11:42.918,0.89557,0.89576,3.75,3.00
2013.08.14 20:11:43.037,0.89557,0.89576,3.38,3.00
2013.08.14 20:11:45.800,0.89558,0.89575,2.25,1.13
2013.08.14 20:11:45.928,0.89555,0.89574,3.00,1.50
2013.08.14 20:11:46.453,0.89555,0.89574,2.25,1.88
2013.08.14 20:11:46.987,0.89555,0.89572,1.50,2.25
2013.08.14 20:11:47.047,0.89555,0.89568,1.50,1.13
2013.08.14 20:11:47.169,0.89555,0.89569,1.50,1.50
2013.08.14 20:11:47.230,0.89555,0.89569,2.25,1.50
2013.08.14 20:11:47.357,0.89555,0.89572,2.25,1.13
2013.08.14 20:11:49.378,0.89556,0.89572,1.50,1.50
2013.08.14 20:11:49.948,0.89554,0.89572,1.50,1.50
2013.08.14 20:11:55.451,0.89554,0.8957,1.50,1.13
2013.08.14 20:11:55.518,0.89552,0.89569,1.50,1.88
2013.08.14 20:11:55.877,0.89551,0.89564,1.13,1.50
2013.08.14 20:11:56.237,0.89542,0.89562,1.50,1.50
2013.08.14 20:11:56.418,0.89541,0.89562,1.88,2.25
2013.08.14 20:11:56.540,0.89544,0.89562,1.50,1.69
2013.08.14 20:11:57.088,0.89544,0.89561,1.50,1.50
2013.08.14 20:11:58.257,0.89544,0.89561,2.25,1.50
2013.08.14 20:11:59.217,0.89547,0.89562,1.50,1.69
2013.08.14 20:11:59.397,0.89547,0.89566,3.00,2.25
2013.08.14 20:11:59.637,0.89549,0.89567,2.25,1.50
2013.08.14 20:11:59.956,0.89553,0.8957,1.50,1.69
2013.08.14 20:12:00.507,0.89553,0.89569,1.50,1.69
2013.08.14 20:12:01.377,0.8955,0.89569,1.13,1.69
2013.08.14 20:12:03.836,0.8955,0.89566,1.13,1.13
2013.08.14 20:12:03.897,0.8955,0.89564,1.13,1.50
2013.08.14 20:12:09.327,0.8955,0.89563,1.50,1.13
2013.08.14 20:12:09.509,0.89552,0.89566,1.50,1.50
2013.08.14 20:12:12.428,0.89554,0.89566,1.50,1.13
2013.08.14 20:12:14.848,0.89551,0.89566,1.50,1.13
2013.08.14 20:12:17.818,0.8955,0.89566,2.25,1.13
2013.08.14 20:12:39.457,0.8955,0.89566,1.50,1.13
2013.08.14 20:12:56.858,0.89552,0.89568,1.50,1.50
2013.08.14 20:12:57.413,0.89554,0.8957,1.50,1.50
2013.08.14 20:13:08.447,0.89553,0.89569,1.50,1.50
2013.08.14 20:13:14.898,0.89553,0.89568,1.50,1.13
2013.08.14 20:13:16.097,0.89551,0.89568,2.25,1.13
2013.08.14 20:13:31.368,0.89551,0.89569,1.50,1.50
2013.08.14 20:13:40.347,0.89551,0.89569,1.50,1.50
2013.08.14 20:13:43.028,0.89551,0.89567,1.50,1.13
2013.08.14 20:13:43.148,0.89546,0.89556,2.25,1.13
2013.08.14 20:13:43.208,0.89545,0.89556,1.88,1.13
2013.08.14 20:13:43.389,0.89543,0.89549,1.13,1.13
2013.08.14 20:13:43.630,0.89541,0.89546,1.88,1.13
2013.08.14 20:13:43.878,0.8954,0.89549,1.13,2.07
2013.08.14 20:13:43.939,0.89541,0.89549,2.63,2.07
2013.08.14 20:13:44.058,0.89541,0.89558,2.25,1.50
2013.08.14 20:13:44.178,0.89544,0.89561,1.50,1.69
2013.08.14 20:13:44.538,0.89544,0.89558,2.25,1.13
2013.08.14 20:13:45.067,0.89547,0.89562,2.25,1.69
2013.08.14 20:13:45.517,0.89547,0.89563,3.00,1.32
2013.08.14 20:13:46.468,0.89547,0.89563,3.00,1.32
2013.08.14 20:13:47.277,0.89547,0.89563,1.50,1.32
2013.08.14 20:13:51.166,0.89547,0.89563,1.50,1.13
2013.08.14 20:13:51.748,0.89547,0.89562,1.50,1.50
2013.08.14 20:13:52.637,0.89547,0.89561,1.50,1.13
2013.08.14 20:13:55.809,0.89547,0.89561,1.50,1.13
2013.08.14 20:13:56.359,0.89547,0.89561,1.50,1.13
2013.08.14 20:13:57.277,0.89547,0.89561,1.50,1.13
2013.08.14 20:14:01.238,0.89549,0.89559,1.50,1.13
2013.08.14 20:14:01.859,0.89549,0.8956,1.50,1.50
2013.08.14 20:14:02.202,0.89548,0.8956,1.50,1.50
2013.08.14 20:14:02.448,0.89548,0.89561,1.50,1.13
2013.08.14 20:14:03.017,0.89548,0.89563,1.50,1.13
2013.08.14 20:14:06.667,0.89548,0.89563,1.50,1.13
2013.08.14 20:14:06.727,0.89548,0.89564,1.13,1.13
2013.08.14 20:14:09.117,0.8955,0.89565,1.50,1.50
2013.08.14 20:14:09.946,0.8955,0.89567,1.50,1.88
2013.08.14 20:14:12.701,0.8955,0.89566,1.50,1.13
2013.08.14 20:14:13.218,0.8955,0.89567,1.50,1.50
2013.08.14 20:14:13.766,0.8955,0.89567,1.88,1.50
2013.08.14 20:14:14.187,0.89552,0.89567,1.13,1.50
2013.08.14 20:14:27.808,0.89552,0.89571,1.50,1.50
2013.08.14 20:14:27.868,0.89554,0.89572,1.13,1.13
2013.08.14 20:14:28.107,0.89558,0.89575,1.13,1.13
2013.08.14 20:14:28.527,0.89556,0.89576,1.13,1.88
2013.08.14 20:14:28.887,0.89557,0.89575,1.13,1.88
2013.08.14 20:14:28.949,0.89559,0.89575,1.13,1.88
2013.08.14 20:14:29.586,0.89559,0.89576,1.13,3.75
2013.08.14 20:14:29.907,0.89555,0.89572,1.88,1.13
2013.08.14 20:14:30.147,0.89556,0.89573,1.50,3.38
2013.08.14 20:14:30.268,0.8956,0.89574,1.13,3.00
2013.08.14 20:14:30.827,0.8956,0.89574,1.13,1.13
2013.08.14 20:14:31.307,0.89558,0.89574,1.50,3.00
2013.08.14 20:14:31.547,0.89559,0.89574,1.13,1.13
2013.08.14 20:14:35.387,0.89559,0.89574,1.13,1.13
2013.08.14 20:14:38.161,0.89559,0.89575,1.13,3.38
2013.08.14 20:14:39.727,0.8956,0.89574,1.13,2.25
2013.08.14 20:14:55.810,0.89558,0.89572,1.50,1.50
2013.08.14 20:14:55.867,0.89556,0.89571,1.50,1.13
2013.08.14 20:14:56.316,0.89554,0.89571,1.50,1.13
2013.08.14 20:14:56.389,0.89549,0.89564,1.50,1.13
2013.08.14 20:14:56.980,0.89545,0.89564,1.88,1.13
2013.08.14 20:15:00.217,0.89545,0.89564,1.50,2.25
2013.08.14 20:15:00.578,0.89545,0.89564,1.50,3.00
2013.08.14 20:15:02.019,0.89546,0.89562,1.50,1.50
2013.08.14 20:15:03.839,0.89546,0.89564,1.50,2.25
2013.08.14 20:15:04.197,0.89549,0.89564,1.88,1.50
2013.08.14 20:15:04.437,0.89553,0.8957,1.13,1.50
2013.08.14 20:15:04.618,0.89553,0.89572,1.88,1.32
2013.08.14 20:15:06.557,0.89555,0.89573,1.50,2.07
2013.08.14 20:15:16.197,0.89556,0.89572,1.50,1.88
2013.08.14 20:15:26.167,0.89556,0.89572,1.50,1.88
2013.08.14 20:15:40.069,0.89556,0.89572,1.50,2.07
2013.08.14 20:15:41.397,0.89556,0.89573,1.50,2.07
2013.08.14 20:15:48.499,0.89556,0.89573,1.50,1.88
2013.08.14 20:15:49.378,0.89556,0.89572,1.50,1.50
2013.08.14 20:15:49.556,0.89557,0.89572,1.50,1.50
2013.08.14 20:15:49.917,0.89556,0.89572,1.50,1.88
2013.08.14 20:15:51.818,0.89556,0.89571,1.50,1.50
2013.08.14 20:15:52.618,0.89557,0.89571,1.50,1.50
2013.08.14 20:15:58.605,0.89555,0.89573,2.25,1.50
2013.08.14 20:16:11.770,0.89554,0.89573,1.50,2.25
2013.08.14 20:16:13.781,0.89556,0.89573,1.13,1.13
2013.08.14 20:16:15.017,0.89555,0.89573,1.88,1.13
2013.08.14 20:16:16.147,0.89555,0.89572,1.88,1.50
2013.08.14 20:16:19.071,0.89555,0.89573,1.88,1.88
2013.08.14 20:16:19.498,0.89554,0.89571,1.13,1.88
2013.08.14 20:16:19.557,0.89552,0.89571,1.13,1.88
2013.08.14 20:16:19.737,0.89552,0.89567,1.13,1.50
2013.08.14 20:16:19.798,0.8955,0.89567,1.50,1.50
2013.08.14 20:16:20.037,0.89548,0.89567,1.50,1.50
2013.08.14 20:16:20.577,0.89545,0.89567,2.44,1.50
2013.08.14 20:16:21.759,0.89547,0.89566,1.50,1.50
2013.08.14 20:16:22.067,0.89548,0.89566,1.13,1.50
2013.08.14 20:16:22.398,0.89554,0.89571,1.13,1.50
2013.08.14 20:16:22.877,0.89555,0.89571,1.88,1.50
2013.08.14 20:16:23.247,0.89557,0.89575,1.13,1.88
2013.08.14 20:16:24.617,0.89558,0.89575,1.13,1.50
2013.08.14 20:16:24.677,0.89558,0.89575,1.13,1.50
2013.08.14 20:16:35.827,0.89558,0.89575,1.13,1.50
2013.08.14 20:16:37.987,0.89557,0.89575,1.13,1.50
2013.08.14 20:16:48.777,0.89555,0.89573,2.63,1.13
2013.08.14 20:16:49.181,0.89555,0.89572,1.50,1.50
2013.08.14 20:16:51.347,0.89554,0.89572,2.25,1.50
2013.08.14 20:17:15.157,0.89554,0.89572,2.25,3.00
2013.08.14 20:17:15.765,0.89554,0.89572,2.25,2.25
2013.08.14 20:17:19.038,0.89554,0.89572,1.50,1.50
2013.08.14 20:17:22.898,0.89554,0.89572,3.00,1.50
2013.08.14 20:17:33.617,0.89554,0.89571,1.50,1.13
2013.08.14 20:17:34.917,0.89553,0.89568,1.50,1.50
2013.08.14 20:17:37.839,0.89553,0.89569,1.50,1.50
2013.08.14 20:17:52.078,0.89553,0.89568,1.50,1.50
2013.08.14 20:17:58.520,0.89553,0.89568,1.50,1.50
2013.08.14 20:18:00.097,0.89553,0.89571,1.50,2.25
2013.08.14 20:18:03.028,0.89553,0.89572,1.50,2.25
2013.08.14 20:18:11.439,0.89551,0.89571,3.00,1.50
2013.08.14 20:18:12.547,0.89551,0.89568,1.50,2.25
2013.08.14 20:18:15.678,0.89551,0.89568,1.50,1.50
2013.08.14 20:18:20.452,0.89552,0.89569,1.88,1.88
2013.08.14 20:18:21.058,0.8955,0.89569,3.00,1.13
2013.08.14 20:18:22.317,0.89555,0.89574,1.88,2.25
2013.08.14 20:18:22.437,0.89556,0.89574,1.50,1.50
2013.08.14 20:18:22.498,0.89556,0.89576,1.50,1.50
2013.08.14 20:18:23.048,0.89557,0.89576,2.25,3.75
2013.08.14 20:18:36.958,0.89558,0.89576,1.50,1.13
2013.08.14 20:18:38.088,0.89559,0.89576,2.25,2.24
2013.08.14 20:18:42.477,0.8956,0.89576,1.50,2.24
2013.08.14 20:18:43.008,0.89563,0.89576,1.50,2.24
2013.08.14 20:18:52.018,0.89558,0.89576,2.63,2.63
2013.08.14 20:18:52.079,0.89558,0.89574,1.88,1.50
2013.08.14 20:18:52.148,0.89556,0.89571,2.25,1.13
2013.08.14 20:18:52.907,0.89555,0.89571,1.50,1.13
2013.08.14 20:18:53.319,0.89554,0.89571,1.50,1.13
2013.08.14 20:18:57.948,0.89556,0.89573,1.13,1.88
2013.08.14 20:18:58.127,0.89558,0.89576,1.50,1.50
2013.08.14 20:18:58.188,0.89558,0.89577,2.25,3.37
2013.08.14 20:18:58.488,0.89562,0.89577,1.50,3.37
2013.08.14 20:19:02.498,0.89563,0.89577,2.25,1.49
2013.08.14 20:19:02.617,0.89564,0.89582,1.13,3.57
2013.08.14 20:19:02.678,0.89565,0.89582,1.88,1.13
2013.08.14 20:19:02.857,0.89565,0.89585,2.63,1.88
2013.08.14 20:19:03.337,0.89565,0.89587,2.63,2.07
2013.08.14 20:19:08.348,0.89567,0.89585,1.50,1.13
2013.08.14 20:19:23.019,0.89568,0.89585,1.13,1.13
2013.08.14 20:19:23.078,0.89571,0.89585,1.13,1.13
2013.08.14 20:19:24.038,0.89571,0.89585,1.13,1.50
2013.08.14 20:19:24.158,0.89568,0.89582,1.13,1.50
2013.08.14 20:19:24.469,0.89568,0.89586,1.88,1.32
2013.08.14 20:19:24.888,0.89569,0.89588,1.50,1.13
2013.08.14 20:19:25.368,0.89569,0.89587,1.50,1.50
2013.08.14 20:19:25.788,0.89573,0.89588,1.13,1.50
2013.08.14 20:19:26.159,0.89575,0.89589,1.13,1.50
2013.08.14 20:19:26.344,0.89575,0.89589,1.50,1.50
2013.08.14 20:19:26.651,0.8958,0.89589,1.13,1.50
2013.08.14 20:19:27.449,0.8958,0.89591,1.13,1.50
2013.08.14 20:19:29.128,0.89581,0.89591,1.13,1.50
2013.08.14 20:19:29.490,0.89575,0.89594,1.50,3.00
2013.08.14 20:19:29.669,0.89575,0.89593,1.88,1.50
2013.08.14 20:19:30.638,0.89575,0.89594,1.88,2.25
2013.08.14 20:19:33.818,0.89575,0.89594,1.88,2.25
2013.08.14 20:19:35.887,0.89576,0.89596,1.50,4.13
2013.08.14 20:19:35.947,0.89576,0.89596,1.50,1.88
2013.08.14 20:19:36.648,0.89577,0.89596,1.50,2.63
2013.08.14 20:19:37.197,0.89577,0.89594,1.50,1.50
2013.08.14 20:19:37.317,0.89575,0.89594,1.88,3.00
2013.08.14 20:19:37.378,0.89575,0.89593,1.50,1.50
2013.08.14 20:19:37.738,0.89573,0.8959,1.50,1.50
2013.08.14 20:19:39.217,0.89571,0.8959,1.69,3.00
2013.08.14 20:19:40.128,0.89571,0.8959,1.69,2.25
2013.08.14 20:19:40.436,0.89571,0.89588,1.50,1.13
2013.08.14 20:19:43.628,0.89571,0.89588,1.50,1.13
2013.08.14 20:19:44.137,0.89571,0.89587,1.50,1.13
2013.08.14 20:19:45.694,0.89571,0.89589,1.88,4.32
2013.08.14 20:19:51.201,0.89571,0.89588,1.88,1.50
2013.08.14 20:19:51.329,0.89569,0.89585,1.50,1.88
2013.08.14 20:19:51.690,0.89557,0.89575,1.50,2.44
2013.08.14 20:19:51.810,0.89553,0.89574,2.25,1.32
2013.08.14 20:19:52.329,0.89553,0.89573,1.50,1.32
2013.08.14 20:19:54.853,0.89554,0.89572,1.88,1.13
2013.08.14 20:20:03.947,0.89554,0.89572,1.88,2.07
2013.08.14 20:20:04.248,0.89554,0.8957,1.50,4.13
2013.08.14 20:20:04.368,0.89552,0.89568,1.13,1.88
2013.08.14 20:20:04.669,0.89552,0.89569,1.13,1.50
2013.08.14 20:20:05.118,0.89552,0.89569,1.13,1.50
2013.08.14 20:20:26.460,0.89547,0.89563,3.38,1.50
2013.08.14 20:20:26.531,0.89547,0.89563,2.63,1.50
2013.08.14 20:20:26.659,0.89544,0.89561,1.13,1.50
2013.08.14 20:20:26.778,0.89543,0.89561,1.50,1.88
2013.08.14 20:20:27.438,0.89544,0.89563,1.50,2.25
2013.08.14 20:20:27.996,0.89544,0.89562,1.50,1.50
2013.08.14 20:20:32.720,0.89544,0.89562,1.50,2.63
2013.08.14 20:20:35.957,0.89542,0.89561,1.50,1.88
2013.08.14 20:20:37.990,0.89545,0.89562,1.50,3.75
2013.08.14 20:20:38.538,0.89545,0.89562,1.50,3.00
2013.08.14 20:20:53.789,0.89545,0.89562,1.50,2.25
2013.08.14 20:20:56.759,0.89545,0.89562,1.50,2.25
2013.08.14 20:21:08.090,0.89545,0.89562,1.50,3.00
2013.08.14 20:21:28.169,0.8954,0.89558,1.50,1.13
2013.08.14 20:21:28.528,0.89541,0.89558,1.13,1.13
2013.08.14 20:21:29.058,0.89541,0.89558,1.13,1.13
2013.08.14 20:21:29.678,0.89541,0.89558,1.13,1.88
2013.08.14 20:21:29.928,0.89541,0.89558,1.13,1.88
2013.08.14 20:21:32.510,0.89541,0.89558,1.13,1.88
2013.08.14 20:21:32.690,0.89542,0.89554,1.13,1.13
2013.08.14 20:21:33.232,0.89542,0.89551,1.13,1.13
2013.08.14 20:21:36.919,0.89537,0.89554,1.50,2.63
2013.08.14 20:21:36.979,0.89541,0.89554,1.13,1.88
2013.08.14 20:21:37.549,0.89541,0.89554,1.13,1.88
2013.08.14 20:21:40.358,0.89541,0.89554,1.13,1.13
2013.08.14 20:21:43.244,0.89541,0.89554,1.13,1.13
2013.08.14 20:21:43.608,0.89539,0.89549,1.13,1.13
2013.08.14 20:21:43.849,0.89531,0.89548,1.50,1.13
2013.08.14 20:21:44.399,0.89536,0.89548,1.13,1.13
2013.08.14 20:21:44.908,0.89536,0.89548,1.13,1.13
2013.08.14 20:21:45.821,0.89535,0.89548,1.13,1.13
2013.08.14 20:21:45.890,0.89535,0.89548,1.13,1.13
2013.08.14 20:21:50.048,0.89535,0.89549,1.13,1.50
2013.08.14 20:21:50.589,0.8954,0.89549,1.13,1.13
2013.08.14 20:21:51.128,0.8954,0.89549,1.13,1.13
2013.08.14 20:22:02.839,0.89541,0.8955,1.13,1.13
2013.08.14 20:22:03.018,0.89535,0.89544,1.50,1.13
2013.08.14 20:22:03.198,0.89535,0.89548,1.50,1.50
2013.08.14 20:22:03.558,0.89538,0.89548,1.13,1.13
2013.08.14 20:22:04.091,0.89536,0.89548,1.13,1.50
2013.08.14 20:22:04.609,0.89536,0.89546,1.13,1.50
2013.08.14 20:22:05.127,0.89536,0.89546,1.13,1.50
2013.08.14 20:22:14.282,0.89536,0.89546,1.13,1.13
2013.08.14 20:22:14.408,0.89529,0.89541,1.95,1.13
2013.08.14 20:22:14.528,0.89529,0.89541,1.20,1.13
2013.08.14 20:22:14.649,0.89525,0.89541,1.50,1.13
2013.08.14 20:22:14.708,0.89526,0.89545,2.25,1.13
2013.08.14 20:22:15.238,0.89528,0.89546,3.00,1.13
2013.08.14 20:22:15.829,0.89529,0.89546,1.50,1.13
2013.08.14 20:22:16.649,0.89529,0.89546,1.50,1.88
2013.08.14 20:22:16.769,0.89527,0.89546,1.50,1.88
2013.08.14 20:22:17.648,0.89528,0.89545,1.50,1.50
2013.08.14 20:22:19.049,0.89528,0.89546,2.25,1.88
2013.08.14 20:22:21.840,0.89528,0.89546,1.50,1.88
2013.08.14 20:22:22.018,0.89527,0.89542,2.25,1.13
2013.08.14 20:22:22.209,0.89523,0.89542,2.25,1.13
2013.08.14 20:22:23.393,0.89524,0.89542,1.50,1.88
2013.08.14 20:22:27.850,0.89524,0.89544,2.63,2.63
2013.08.14 20:22:27.911,0.89527,0.89544,1.13,2.63
2013.08.14 20:22:28.438,0.89527,0.89544,1.50,2.25
2013.08.14 20:22:35.261,0.89525,0.89544,2.25,1.50
2013.08.14 20:22:35.805,0.89525,0.89544,2.25,1.50
2013.08.14 20:22:36.290,0.89525,0.89544,2.25,1.50
2013.08.14 20:22:38.139,0.89528,0.89545,1.50,1.13
2013.08.14 20:22:38.198,0.8953,0.89547,1.13,1.50
2013.08.14 20:22:38.558,0.8953,0.89548,1.13,1.50
2013.08.14 20:22:39.238,0.89531,0.89548,1.50,2.25
2013.08.14 20:22:42.341,0.89532,0.89549,1.50,2.25
2013.08.14 20:22:42.888,0.8953,0.89548,2.25,1.88
2013.08.14 20:22:43.850,0.8953,0.89548,2.25,1.13
2013.08.14 20:22:45.480,0.8953,0.89548,2.25,1.50
2013.08.14 20:22:46.148,0.89528,0.89547,1.50,2.25
2013.08.14 20:22:55.150,0.89531,0.89546,1.50,1.13
2013.08.14 20:22:55.448,0.89527,0.89544,2.25,1.13
2013.08.14 20:22:57.608,0.89527,0.89544,2.25,1.13
2013.08.14 20:22:58.588,0.89526,0.89544,1.88,1.13
2013.08.14 20:22:58.908,0.89526,0.89544,1.88,1.13
2013.08.14 20:23:01.862,0.89526,0.89544,1.88,1.13
2013.08.14 20:23:07.390,0.89529,0.89547,1.50,1.88
2013.08.14 20:23:08.310,0.8953,0.89545,1.13,1.13
2013.08.14 20:23:09.048,0.89528,0.89544,2.25,1.13
2013.08.14 20:23:43.500,0.8953,0.89546,1.50,1.13
2013.08.14 20:23:43.570,0.8953,0.89546,2.25,1.13
2013.08.14 20:23:45.181,0.8953,0.89548,1.50,1.88
2013.08.14 20:23:45.309,0.8953,0.89549,1.50,1.13
2013.08.14 20:23:45.429,0.89533,0.8955,2.63,1.13
2013.08.14 20:23:45.549,0.89539,0.89554,1.13,1.13
2013.08.14 20:23:45.728,0.89539,0.89557,1.13,1.32
2013.08.14 20:23:46.089,0.89539,0.89558,2.63,1.13
2013.08.14 20:23:46.460,0.89541,0.89559,2.25,1.13
2013.08.14 20:23:47.600,0.89543,0.89559,3.75,1.13
2013.08.14 20:23:47.959,0.89548,0.89566,1.50,1.50
2013.08.14 20:23:48.319,0.8955,0.89565,1.50,1.50
2013.08.14 20:23:50.138,0.89549,0.89565,2.25,1.50
2013.08.14 20:23:50.379,0.89549,0.89565,2.25,2.25
2013.08.14 20:23:50.928,0.89549,0.89565,2.25,2.25
2013.08.14 20:23:51.469,0.89549,0.89565,3.38,2.25
2013.08.14 20:24:07.128,0.89549,0.89565,1.88,2.25
2013.08.14 20:24:15.298,0.89549,0.89565,1.13,2.25
2013.08.14 20:24:17.471,0.89549,0.89566,1.88,1.50
2013.08.14 20:24:17.600,0.89551,0.89568,1.50,1.13
2013.08.14 20:24:18.629,0.89551,0.89569,1.50,1.88
2013.08.14 20:24:19.313,0.89554,0.89573,1.88,1.50
2013.08.14 20:24:21.439,0.89553,0.8957,1.50,1.13
2013.08.14 20:24:27.428,0.8955,0.8957,1.88,1.50
2013.08.14 20:24:30.947,0.8955,0.8957,1.88,1.50
2013.08.14 20:24:32.739,0.89551,0.89568,1.50,1.13
2013.08.14 20:24:40.751,0.89551,0.8957,2.25,1.50
2013.08.14 20:24:41.099,0.89552,0.8957,1.13,1.50
2013.08.14 20:24:41.719,0.89552,0.8957,1.13,1.13
2013.08.14 20:25:07.559,0.89551,0.89568,3.00,1.13
2013.08.14 20:25:07.619,0.89551,0.89568,3.00,1.50
2013.08.14 20:25:09.002,0.89552,0.89569,1.13,1.13
2013.08.14 20:25:32.929,0.89552,0.89569,1.88,1.13
2013.08.14 20:25:41.558,0.89552,0.89569,1.88,1.13
2013.08.14 20:25:43.102,0.89552,0.89566,1.50,1.13
2013.08.14 20:25:43.635,0.8955,0.89566,2.25,1.13
2013.08.14 20:26:04.149,0.89551,0.89566,1.50,1.88
2013.08.14 20:26:04.750,0.89546,0.89561,1.50,1.50
2013.08.14 20:26:04.873,0.89543,0.89554,1.50,1.13
2013.08.14 20:26:05.000,0.89542,0.8956,2.63,1.88
2013.08.14 20:26:05.519,0.89542,0.89561,2.63,1.50
2013.08.14 20:26:06.401,0.89542,0.89559,1.50,1.88
2013.08.14 20:26:06.461,0.89538,0.89553,1.88,1.13
2013.08.14 20:26:06.854,0.89535,0.89553,3.00,1.13
2013.08.14 20:26:07.425,0.89536,0.89554,2.25,1.13
2013.08.14 20:26:07.979,0.89537,0.89554,1.50,1.13
2013.08.14 20:26:08.099,0.89537,0.89554,1.50,1.13
2013.08.14 20:26:18.170,0.89539,0.89554,1.50,1.13
2013.08.14 20:26:18.842,0.89538,0.89554,1.13,1.13
2013.08.14 20:26:21.450,0.89538,0.89554,1.13,1.13
2013.08.14 20:26:25.069,0.89538,0.89556,1.13,1.13
2013.08.14 20:26:25.129,0.89538,0.8956,1.88,3.00
2013.08.14 20:26:26.049,0.89538,0.89558,2.25,1.13
2013.08.14 20:27:09.649,0.89537,0.89555,1.50,1.13
2013.08.14 20:27:09.771,0.89536,0.89553,1.50,1.13
2013.08.14 20:27:10.069,0.89532,0.89553,2.25,1.13
2013.08.14 20:27:10.760,0.89532,0.89553,3.00,1.13
2013.08.14 20:27:11.310,0.89532,0.89553,3.00,1.13
2013.08.14 20:27:11.689,0.89532,0.89553,1.50,1.13
2013.08.14 20:27:15.511,0.89533,0.89553,5.63,1.13
2013.08.14 20:27:16.239,0.89536,0.89553,1.13,1.13
2013.08.14 20:27:35.800,0.89536,0.8955,1.13,1.88
2013.08.14 20:27:38.410,0.89533,0.8955,1.58,1.88
2013.08.14 20:27:39.244,0.89533,0.8955,1.13,1.50
2013.08.14 20:27:45.790,0.89534,0.8955,1.13,1.88
2013.08.14 20:27:48.831,0.89534,0.8955,1.13,1.50
2013.08.14 20:27:57.760,0.89535,0.89553,1.50,2.63
2013.08.14 20:28:04.179,0.89535,0.89553,1.50,2.25
2013.08.14 20:28:14.340,0.89535,0.89553,1.50,1.13
2013.08.14 20:28:14.819,0.89534,0.89551,1.50,1.13
2013.08.14 20:28:17.189,0.89536,0.89553,1.13,1.13
2013.08.14 20:28:17.309,0.89536,0.89554,1.13,1.13
2013.08.14 20:28:18.409,0.89537,0.89554,1.88,1.13
2013.08.14 20:28:20.511,0.89536,0.89554,1.50,1.13
2013.08.14 20:28:20.759,0.89537,0.89554,1.50,1.13
2013.08.14 20:28:21.280,0.89538,0.89554,1.13,1.13
2013.08.14 20:28:21.520,0.89542,0.89561,1.13,1.88
2013.08.14 20:28:21.579,0.89543,0.89561,1.50,1.50
2013.08.14 20:28:22.084,0.89544,0.8956,1.50,1.13
2013.08.14 20:28:22.709,0.89544,0.8956,1.50,1.13
2013.08.14 20:28:23.169,0.89544,0.8956,1.50,1.13
2013.08.14 20:28:23.409,0.89545,0.8956,1.50,1.13
2013.08.14 20:28:24.050,0.89545,0.8956,1.50,1.13
2013.08.14 20:28:24.409,0.89545,0.8956,1.50,1.13
2013.08.14 20:28:24.949,0.89544,0.8956,1.50,1.13
2013.08.14 20:28:25.309,0.89544,0.8956,5.63,1.13
2013.08.14 20:28:27.589,0.89544,0.8956,1.88,1.13
2013.08.14 20:28:27.891,0.89544,0.8956,1.50,1.13
2013.08.14 20:28:27.950,0.8954,0.89558,2.63,1.13
2013.08.14 20:28:28.129,0.89536,0.89557,2.25,1.88
2013.08.14 20:28:28.249,0.89536,0.89557,1.50,1.88
2013.08.14 20:28:28.899,0.89536,0.89557,2.25,1.88
2013.08.14 20:28:29.879,0.89537,0.89557,2.25,1.88
2013.08.14 20:28:30.408,0.89537,0.89557,2.25,1.88
2013.08.14 20:28:31.500,0.89537,0.89557,2.25,1.13
2013.08.14 20:28:31.879,0.89537,0.89557,2.25,1.13
2013.08.14 20:28:32.939,0.89537,0.89552,2.25,1.13
2013.08.14 20:28:33.059,0.89535,0.89552,1.88,2.63
2013.08.14 20:28:33.304,0.89533,0.89552,1.50,3.00
2013.08.14 20:28:33.488,0.89531,0.89552,2.63,3.00
2013.08.14 20:28:33.709,0.89534,0.89552,1.50,1.88
2013.08.14 20:28:33.829,0.89534,0.89555,1.50,1.88
2013.08.14 20:28:33.889,0.89535,0.89555,1.50,1.88
2013.08.14 20:28:34.249,0.89538,0.89555,1.50,1.88
2013.08.14 20:28:34.609,0.89537,0.89555,1.13,1.88
2013.08.14 20:28:35.579,0.89538,0.89555,1.13,1.88
2013.08.14 20:28:36.117,0.89537,0.89555,1.88,1.88
2013.08.14 20:28:39.609,0.89537,0.89557,1.88,1.88
2013.08.14 20:28:40.139,0.89537,0.89557,1.88,1.88
2013.08.14 20:28:40.919,0.89538,0.89557,1.13,1.88
2013.08.14 20:28:41.099,0.89534,0.8955,1.88,1.13
2013.08.14 20:28:41.339,0.89531,0.8955,2.63,1.13
2013.08.14 20:28:41.859,0.89531,0.8955,2.25,1.13
2013.08.14 20:28:42.679,0.89532,0.8955,4.88,1.13
2013.08.14 20:28:43.571,0.89533,0.8955,4.88,1.13
2013.08.14 20:28:44.120,0.89533,0.8955,4.88,1.50
2013.08.14 20:28:45.140,0.89533,0.89554,5.63,2.63
2013.08.14 20:28:45.799,0.89537,0.89554,1.50,1.88
2013.08.14 20:28:46.229,0.89537,0.89554,1.50,1.88
2013.08.14 20:28:46.540,0.89534,0.89552,6.38,1.13
2013.08.14 20:28:47.086,0.89534,0.89548,5.63,1.13
2013.08.14 20:28:54.870,0.89534,0.89547,5.63,1.13
2013.08.14 20:28:55.391,0.89534,0.89549,5.63,2.25
2013.08.14 20:29:09.429,0.89537,0.89549,1.50,1.13
2013.08.14 20:29:09.610,0.89537,0.89551,1.50,1.13
2013.08.14 20:29:09.672,0.89537,0.89552,2.25,1.50
2013.08.14 20:29:09.799,0.89538,0.89558,1.50,2.63
2013.08.14 20:29:09.919,0.89538,0.89558,1.50,2.63
2013.08.14 20:29:10.541,0.89538,0.89558,1.88,2.63
2013.08.14 20:29:10.719,0.89542,0.89561,1.50,3.00
2013.08.14 20:29:11.248,0.89542,0.89562,1.50,3.00
2013.08.14 20:29:11.859,0.89542,0.89562,1.50,3.00
2013.08.14 20:29:12.789,0.89542,0.89562,1.50,3.00
2013.08.14 20:29:13.639,0.89542,0.89562,1.50,3.00
2013.08.14 20:29:13.999,0.89542,0.89562,1.50,3.00
2013.08.14 20:29:14.359,0.89543,0.89562,1.50,3.00
2013.08.14 20:29:14.428,0.89543,0.89562,1.50,3.00
2013.08.14 20:29:14.800,0.89544,0.89562,1.50,3.00
2013.08.14 20:29:15.969,0.89544,0.89563,1.50,1.88
2013.08.14 20:29:17.209,0.89544,0.89563,1.50,1.88
2013.08.14 20:29:17.524,0.89544,0.89562,1.50,1.13
2013.08.14 20:29:32.439,0.89543,0.89562,4.88,1.88
2013.08.14 20:29:32.740,0.89543,0.89557,1.88,1.13
2013.08.14 20:29:33.160,0.89539,0.89557,1.50,2.63
2013.08.14 20:29:33.280,0.89538,0.89557,1.50,1.50
2013.08.14 20:29:33.639,0.89538,0.89554,3.00,1.13
2013.08.14 20:29:34.910,0.8954,0.89554,1.50,1.13
2013.08.14 20:29:35.331,0.8954,0.89554,1.50,1.13
2013.08.14 20:29:41.209,0.8954,0.89555,1.50,1.50
2013.08.14 20:29:41.329,0.8954,0.8956,1.50,1.13
2013.08.14 20:29:41.389,0.8954,0.8956,1.50,1.50
2013.08.14 20:29:45.929,0.89542,0.89559,1.50,3.38
2013.08.14 20:29:46.139,0.89542,0.89559,1.50,3.38
2013.08.14 20:29:50.961,0.89542,0.89559,1.50,1.50
2013.08.14 20:29:51.080,0.89542,0.89562,1.50,2.25
2013.08.14 20:29:51.401,0.89541,0.89561,1.88,1.13
2013.08.14 20:29:51.709,0.89541,0.89561,1.88,1.88
2013.08.14 20:29:52.099,0.8954,0.89562,3.38,1.13
2013.08.14 20:29:52.639,0.89546,0.89565,1.50,3.00
2013.08.14 20:29:52.820,0.89546,0.89568,1.50,3.00
2013.08.14 20:29:53.060,0.89547,0.89568,2.25,1.88
2013.08.14 20:29:53.180,0.89547,0.89567,2.25,1.13
2013.08.14 20:29:53.599,0.89548,0.89568,1.13,1.50
2013.08.14 20:29:54.166,0.89548,0.89569,1.13,1.13
2013.08.14 20:29:54.669,0.89548,0.8957,1.13,4.13
2013.08.14 20:29:57.153,0.89546,0.89568,3.00,1.13
2013.08.14 20:29:57.399,0.89547,0.89568,3.00,1.13
2013.08.14 20:29:57.699,0.89547,0.8957,3.00,3.00
2013.08.14 20:30:00.501,0.89547,0.8957,1.88,3.75
2013.08.14 20:30:00.799,0.89547,0.8957,4.13,2.25
2013.08.14 20:30:03.547,0.89547,0.89571,3.38,3.38
2013.08.14 20:30:04.609,0.89547,0.89568,1.88,1.13
2013.08.14 20:30:09.369,0.89547,0.89568,1.88,1.13
2013.08.14 20:30:26.419,0.89548,0.89564,1.50,1.88
2013.08.14 20:30:26.780,0.89548,0.89566,1.50,1.13
2013.08.14 20:30:33.771,0.89547,0.89568,1.88,1.50
2013.08.14 20:30:33.831,0.8955,0.89568,1.50,1.50
2013.08.14 20:30:33.962,0.89551,0.8957,1.13,4.13
2013.08.14 20:30:34.031,0.89549,0.8957,1.50,4.13
2013.08.14 20:30:34.211,0.89551,0.8957,1.50,3.00
2013.08.14 20:30:34.823,0.89551,0.8957,1.50,3.00
2013.08.14 20:30:35.139,0.89554,0.8957,1.13,3.00
2013.08.14 20:30:35.260,0.89552,0.8957,1.50,3.00
2013.08.14 20:30:35.619,0.89554,0.8957,1.50,3.00
2013.08.14 20:30:35.799,0.89551,0.8957,2.63,3.00
2013.08.14 20:30:35.859,0.89551,0.8957,2.63,3.00
2013.08.14 20:30:36.299,0.89556,0.8957,1.13,3.00
2013.08.14 20:30:36.419,0.89556,0.8957,1.13,3.00
2013.08.14 20:30:36.799,0.89555,0.8957,1.50,3.00
2013.08.14 20:30:37.004,0.89554,0.8957,2.25,3.00
2013.08.14 20:30:37.179,0.89554,0.8957,1.50,3.00
2013.08.14 20:30:37.539,0.89557,0.8957,4.88,2.63
2013.08.14 20:30:41.190,0.89558,0.89572,1.13,1.50
2013.08.14 20:31:07.181,0.89556,0.89568,1.13,1.13
2013.08.14 20:31:07.300,0.89554,0.89568,1.35,1.13
2013.08.14 20:31:07.600,0.89547,0.89568,4.13,3.00
2013.08.14 20:31:07.789,0.89547,0.89568,2.25,3.75
2013.08.14 20:31:08.149,0.89547,0.89568,1.50,3.75
2013.08.14 20:31:08.629,0.89547,0.89568,2.25,2.25
2013.08.14 20:31:09.249,0.89547,0.89568,2.25,2.25
2013.08.14 20:31:10.089,0.89545,0.89568,3.75,2.25
2013.08.14 20:31:10.428,0.89549,0.89568,1.50,2.25
2013.08.14 20:31:11.263,0.89552,0.89568,1.13,2.25
2013.08.14 20:31:11.500,0.89552,0.89568,1.13,2.25
2013.08.14 20:31:11.909,0.89552,0.89568,1.88,1.88
2013.08.14 20:31:12.499,0.89553,0.89568,1.13,1.88
2013.08.14 20:31:12.930,0.89554,0.89568,1.13,1.88
2013.08.14 20:31:15.011,0.89553,0.89564,1.13,1.50
2013.08.14 20:31:15.250,0.89545,0.89555,4.13,1.13
2013.08.14 20:31:15.370,0.89545,0.89556,1.50,1.88
2013.08.14 20:31:15.490,0.89542,0.89551,2.25,1.50
2013.08.14 20:31:15.671,0.89535,0.8955,1.50,1.50
2013.08.14 20:31:17.080,0.89534,0.8955,1.13,1.50
2013.08.14 20:31:17.657,0.89533,0.8955,1.88,1.50
2013.08.14 20:31:18.259,0.89534,0.8955,1.13,1.50
2013.08.14 20:31:19.019,0.89533,0.8955,1.50,1.50
2013.08.14 20:31:19.380,0.89533,0.89548,1.88,1.13
2013.08.14 20:31:20.110,0.89533,0.89545,1.13,1.13
2013.08.14 20:31:20.351,0.89534,0.89548,1.13,1.88
2013.08.14 20:31:20.470,0.89533,0.89545,1.13,1.50
2013.08.14 20:31:20.591,0.89534,0.89545,1.13,1.13
2013.08.14 20:31:20.769,0.89534,0.89549,1.13,1.50
2013.08.14 20:31:21.011,0.89535,0.89553,1.50,1.88
2013.08.14 20:31:21.560,0.89538,0.89555,1.50,1.13
2013.08.14 20:31:22.199,0.89538,0.89558,1.50,1.50
2013.08.14 20:31:22.870,0.89538,0.89558,1.50,1.50
2013.08.14 20:31:23.199,0.89538,0.89558,1.88,1.88
2013.08.14 20:31:23.380,0.89539,0.89558,1.50,1.50
2013.08.14 20:31:24.260,0.89542,0.89558,1.88,1.50
2013.08.14 20:31:24.619,0.89539,0.89558,2.63,1.50
2013.08.14 20:31:25.130,0.89543,0.89558,1.13,1.50
2013.08.14 20:31:25.680,0.89541,0.89558,2.63,1.50
2013.08.14 20:31:26.219,0.89544,0.89558,1.50,1.50
2013.08.14 20:31:29.182,0.89546,0.89558,4.88,1.13
2013.08.14 20:31:29.311,0.89546,0.8956,5.63,1.13
2013.08.14 20:31:29.609,0.89545,0.89562,1.88,1.88
2013.08.14 20:31:30.460,0.89545,0.89562,1.88,1.88
2013.08.14 20:31:32.049,0.89548,0.89562,1.13,1.88
2013.08.14 20:31:38.531,0.89549,0.89562,1.13,1.88
2013.08.14 20:31:44.690,0.89549,0.89565,1.13,1.13
2013.08.14 20:31:45.720,0.89552,0.89566,1.13,1.88
2013.08.14 20:31:46.259,0.89552,0.89566,1.13,1.88
2013.08.14 20:31:46.720,0.89552,0.89566,1.13,1.88
2013.08.14 20:31:47.081,0.8955,0.89557,1.13,1.50
2013.08.14 20:31:47.259,0.89537,0.89559,1.50,1.13
2013.08.14 20:31:47.319,0.89537,0.8956,1.50,1.13
2013.08.14 20:31:47.380,0.89539,0.8956,2.25,1.13
2013.08.14 20:31:47.440,0.89537,0.8956,1.13,1.50
2013.08.14 20:31:47.500,0.89539,0.89559,2.25,1.50
2013.08.14 20:31:47.619,0.89537,0.89559,1.50,1.50
2013.08.14 20:31:47.680,0.89538,0.89559,2.25,1.13
2013.08.14 20:31:48.000,0.89545,0.89561,1.13,1.13
2013.08.14 20:31:48.059,0.89545,0.89566,1.88,2.25
2013.08.14 20:31:48.119,0.89545,0.89566,1.88,2.25
2013.08.14 20:31:48.420,0.89548,0.89561,1.13,1.50
2013.08.14 20:31:48.540,0.89548,0.89561,1.13,1.13
2013.08.14 20:31:48.810,0.89546,0.89562,1.88,1.88
2013.08.14 20:31:49.010,0.89549,0.89561,1.50,1.13
2013.08.14 20:31:49.549,0.8955,0.89561,1.50,1.13
2013.08.14 20:31:49.779,0.8955,0.89561,1.13,1.13
2013.08.14 20:31:50.210,0.8955,0.89561,1.13,1.13
2013.08.14 20:31:50.329,0.89549,0.89561,1.13,1.13
2013.08.14 20:31:53.481,0.8955,0.89561,1.13,1.13
2013.08.14 20:31:54.580,0.89545,0.89557,1.13,1.13
2013.08.14 20:31:54.640,0.89545,0.89557,1.88,1.13
2013.08.14 20:31:55.080,0.89541,0.89557,1.13,1.13
2013.08.14 20:31:55.200,0.89539,0.89557,1.50,1.13
2013.08.14 20:31:56.040,0.89539,0.89557,1.50,1.13
2013.08.14 20:31:56.720,0.89539,0.89557,1.50,1.13
2013.08.14 20:31:57.029,0.89542,0.89558,1.88,1.13
2013.08.14 20:31:57.244,0.89545,0.89557,1.13,1.13
2013.08.14 20:31:57.370,0.89545,0.89558,1.13,1.13
2013.08.14 20:32:01.051,0.89546,0.89555,3.75,1.13
2013.08.14 20:32:03.071,0.89546,0.89556,1.13,1.13
2013.08.14 20:32:03.430,0.89542,0.89557,1.88,1.50
2013.08.14 20:32:03.491,0.89538,0.89556,1.35,1.13
2013.08.14 20:32:03.670,0.89537,0.89554,1.13,2.25
2013.08.14 20:32:03.730,0.89537,0.89554,1.88,2.25
2013.08.14 20:32:03.910,0.89535,0.89554,1.13,2.25
2013.08.14 20:32:04.871,0.89541,0.89556,1.50,1.13
2013.08.14 20:32:05.411,0.89544,0.8956,1.13,1.13
2013.08.14 20:32:05.710,0.89543,0.8956,1.50,1.13
2013.08.14 20:32:06.230,0.89544,0.8956,1.50,1.13
2013.08.14 20:32:06.290,0.89544,0.8956,1.50,1.13
2013.08.14 20:32:07.430,0.89548,0.8956,1.50,1.50
2013.08.14 20:32:08.030,0.89546,0.8956,1.50,1.50
2013.08.14 20:32:08.555,0.89546,0.89563,1.88,1.50
2013.08.14 20:32:09.104,0.8955,0.89563,1.50,2.25
2013.08.14 20:32:09.432,0.89551,0.89563,1.50,1.50
2013.08.14 20:32:11.121,0.89551,0.89563,1.13,1.13
2013.08.14 20:32:11.640,0.89553,0.89563,1.88,1.13
2013.08.14 20:32:13.658,0.89552,0.89563,1.13,2.63
2013.08.14 20:32:13.721,0.89546,0.89557,1.13,1.50
2013.08.14 20:32:13.963,0.89542,0.89551,1.28,1.50
2013.08.14 20:32:14.090,0.89537,0.89551,1.13,1.50
2013.08.14 20:32:14.270,0.89535,0.89551,2.25,1.50
2013.08.14 20:32:14.450,0.89534,0.89551,2.25,1.50
2013.08.14 20:32:15.300,0.89535,0.89551,1.50,1.50
2013.08.14 20:32:15.729,0.89535,0.89551,1.50,1.50
2013.08.14 20:32:16.389,0.89535,0.89551,1.50,1.50
2013.08.14 20:32:17.290,0.89536,0.89551,1.13,1.50
2013.08.14 20:32:17.349,0.89536,0.89551,1.13,1.50
2013.08.14 20:32:21.830,0.89536,0.89551,1.13,1.13
2013.08.14 20:32:22.192,0.89538,0.8955,2.63,1.13
2013.08.14 20:32:22.524,0.89538,0.89548,1.13,1.88
2013.08.14 20:32:24.151,0.89538,0.89548,1.13,1.88
2013.08.14 20:32:24.401,0.89531,0.89543,1.50,3.38
2013.08.14 20:32:24.462,0.89527,0.89543,1.50,3.38
2013.08.14 20:32:24.593,0.89524,0.89543,2.25,3.00
2013.08.14 20:32:24.779,0.89522,0.89543,1.50,3.00
2013.08.14 20:32:24.961,0.89525,0.89543,2.25,3.00
2013.08.14 20:32:25.319,0.89529,0.89543,1.50,3.00
2013.08.14 20:32:25.860,0.89526,0.89543,1.50,1.13
2013.08.14 20:32:26.680,0.89529,0.8954,2.25,1.13
2013.08.14 20:32:27.040,0.89528,0.89543,1.50,1.50
2013.08.14 20:32:27.400,0.8953,0.89545,1.50,1.88
2013.08.14 20:32:28.180,0.8953,0.89545,1.50,1.13
2013.08.14 20:32:28.790,0.8953,0.89545,1.50,1.88
2013.08.14 20:32:28.985,0.89531,0.89545,1.88,1.88
2013.08.14 20:32:29.231,0.8953,0.89545,2.25,1.88
2013.08.14 20:32:30.388,0.89531,0.89545,1.13,1.88
2013.08.14 20:32:30.930,0.89533,0.89544,1.13,1.13
2013.08.14 20:32:31.480,0.89533,0.89545,1.13,1.50
2013.08.14 20:32:32.111,0.89534,0.89545,1.13,1.50
2013.08.14 20:32:32.660,0.89534,0.89545,1.13,1.50
2013.08.14 20:32:39.160,0.89534,0.89543,1.13,1.13
2013.08.14 20:32:39.460,0.89529,0.89545,1.50,1.88
2013.08.14 20:32:39.519,0.89527,0.89545,1.50,1.88
2013.08.14 20:32:39.580,0.89528,0.89545,2.25,1.88
2013.08.14 20:32:39.771,0.8953,0.89545,1.50,1.88
2013.08.14 20:32:40.321,0.8953,0.89545,1.50,1.88
2013.08.14 20:32:40.639,0.8953,0.89545,1.50,1.13
2013.08.14 20:32:41.144,0.8953,0.89545,1.88,1.13
2013.08.14 20:32:41.689,0.89533,0.89546,1.50,1.50
2013.08.14 20:32:42.004,0.89531,0.89546,1.13,1.50
2013.08.14 20:32:42.550,0.89532,0.89547,1.50,1.50
2013.08.14 20:32:43.090,0.89533,0.89546,1.13,1.50
2013.08.14 20:32:44.721,0.89535,0.89548,1.13,1.88
2013.08.14 20:32:44.899,0.89534,0.89549,1.13,1.13
2013.08.14 20:32:45.573,0.89534,0.89548,1.13,1.50
2013.08.14 20:32:45.647,0.89537,0.89557,2.25,2.63
2013.08.14 20:32:45.713,0.89538,0.89549,1.50,1.13
2013.08.14 20:32:46.023,0.89538,0.89549,1.88,1.88
2013.08.14 20:32:46.330,0.89537,0.89549,1.13,1.88
2013.08.14 20:32:47.083,0.89537,0.89549,1.13,1.88
2013.08.14 20:32:49.170,0.89537,0.89549,1.13,2.25
2013.08.14 20:32:49.295,0.89537,0.89546,1.88,1.50
2013.08.14 20:32:49.603,0.89529,0.89545,1.13,1.13
2013.08.14 20:32:49.791,0.89527,0.8954,1.13,1.13
2013.08.14 20:32:49.850,0.89525,0.8954,2.25,1.50
2013.08.14 20:32:50.372,0.89525,0.89541,2.25,2.63
2013.08.14 20:32:50.500,0.89527,0.89541,1.50,1.13
2013.08.14 20:32:50.840,0.89527,0.89547,2.63,1.88
2013.08.14 20:32:51.141,0.89531,0.89545,1.88,1.50
2013.08.14 20:32:52.031,0.89531,0.89545,1.88,1.50
2013.08.14 20:32:52.553,0.89531,0.89545,1.88,1.50
2013.08.14 20:32:54.760,0.89531,0.89548,1.88,1.88
2013.08.14 20:32:55.180,0.89531,0.89548,1.50,1.13
2013.08.14 20:32:57.280,0.89534,0.89548,1.13,1.13
2013.08.14 20:32:57.887,0.89533,0.89549,1.50,1.50
2013.08.14 20:32:59.000,0.89532,0.89544,1.13,1.50
2013.08.14 20:32:59.539,0.89525,0.89542,1.88,2.25
2013.08.14 20:32:59.660,0.89521,0.8954,1.88,1.13
2013.08.14 20:32:59.720,0.89521,0.89538,2.63,1.13
2013.08.14 20:32:59.900,0.89521,0.89538,1.88,1.50
2013.08.14 20:33:00.199,0.89518,0.89538,2.25,1.50
2013.08.14 20:33:00.499,0.89518,0.89538,2.25,1.50
2013.08.14 20:33:00.913,0.89518,0.89538,2.25,1.50
2013.08.14 20:33:01.429,0.89518,0.89538,2.25,1.50
2013.08.14 20:33:01.794,0.89518,0.89538,3.38,1.50
2013.08.14 20:33:02.139,0.89524,0.89538,1.88,1.50
2013.08.14 20:33:02.440,0.89524,0.89531,1.13,1.13
2013.08.14 20:33:03.720,0.89524,0.89539,1.13,1.88
2013.08.14 20:33:04.411,0.89524,0.89539,1.13,3.00
2013.08.14 20:33:05.150,0.89524,0.89539,1.13,3.00
2013.08.14 20:33:05.509,0.89524,0.89533,1.13,1.13
2013.08.14 20:33:06.070,0.89524,0.89531,1.13,1.50
2013.08.14 20:33:12.581,0.89523,0.8953,1.50,1.13
2013.08.14 20:33:12.639,0.89524,0.89531,1.13,1.50
2013.08.14 20:33:13.550,0.89525,0.89532,1.13,1.13
2013.08.14 20:33:13.670,0.89524,0.89534,1.13,1.50
2013.08.14 20:33:13.790,0.89524,0.89539,1.88,1.88
2013.08.14 20:33:13.909,0.89524,0.89539,1.88,1.50
2013.08.14 20:33:14.210,0.89524,0.89535,1.13,1.50
2013.08.14 20:33:18.460,0.89524,0.89541,1.88,1.50
2013.08.14 20:33:18.520,0.89525,0.89541,1.13,1.50
2013.08.14 20:33:18.641,0.89525,0.89545,1.13,2.25
2013.08.14 20:33:18.882,0.89526,0.89546,1.13,1.50
2013.08.14 20:33:19.660,0.8953,0.89547,1.50,1.50
2013.08.14 20:33:19.840,0.8953,0.8955,1.50,1.50
2013.08.14 20:33:20.424,0.8953,0.8955,1.50,1.50
2013.08.14 20:33:21.591,0.89532,0.8955,1.50,1.50
2013.08.14 20:33:21.830,0.89531,0.8955,1.50,1.50
2013.08.14 20:33:22.040,0.89532,0.8955,1.13,1.50
2013.08.14 20:33:22.735,0.89534,0.8955,1.88,1.50
2013.08.14 20:33:23.061,0.89535,0.8955,1.88,1.50
2013.08.14 20:33:23.240,0.89535,0.8955,1.50,1.50
2013.08.14 20:33:23.550,0.89536,0.8955,1.13,1.50
2013.08.14 20:33:28.486,0.89536,0.89547,1.13,1.13
2013.08.14 20:33:28.551,0.89536,0.89546,1.13,1.50
2013.08.14 20:33:29.088,0.89534,0.89544,1.50,1.13
2013.08.14 20:33:29.212,0.89536,0.89543,1.13,1.13
2013.08.14 20:33:29.331,0.89536,0.89544,1.13,1.88
2013.08.14 20:33:33.590,0.89534,0.89544,1.88,1.88
2013.08.14 20:33:36.222,0.89536,0.89543,1.13,1.50
2013.08.14 20:33:45.840,0.89535,0.89544,1.13,1.50
2013.08.14 20:33:49.361,0.89537,0.89554,1.13,1.13
2013.08.14 20:33:52.842,0.89536,0.89546,1.13,1.50
2013.08.14 20:33:55.021,0.89536,0.89553,1.13,2.25
2013.08.14 20:33:55.340,0.89536,0.89553,1.13,2.25
2013.08.14 20:34:01.296,0.89536,0.89553,1.13,2.63
2013.08.14 20:34:03.281,0.89536,0.89544,1.13,1.13
2013.08.14 20:34:05.032,0.89533,0.89541,1.35,1.50
2013.08.14 20:34:15.980,0.89534,0.89543,1.50,1.50
2013.08.14 20:34:16.221,0.89534,0.89547,1.50,1.50
2013.08.14 20:34:16.580,0.89535,0.89549,1.50,1.88
2013.08.14 20:34:23.549,0.8953,0.89549,1.50,1.88
2013.08.14 20:34:38.841,0.89531,0.89546,2.25,1.50
2013.08.14 20:34:39.416,0.8953,0.89545,1.50,1.13
2013.08.14 20:34:41.980,0.8953,0.89549,1.50,1.50
2013.08.14 20:34:42.040,0.89531,0.89549,1.50,1.13
2013.08.14 20:34:44.470,0.89531,0.89552,1.13,1.13
2013.08.14 20:34:49.670,0.89529,0.89542,2.25,1.13
2013.08.14 20:34:49.970,0.89531,0.89539,1.13,1.50
2013.08.14 20:34:50.151,0.89533,0.89545,1.50,1.50
2013.08.14 20:34:50.271,0.89534,0.89551,1.50,1.13
2013.08.14 20:34:50.451,0.89533,0.8954,1.88,1.50
2013.08.14 20:34:50.811,0.8953,0.89543,1.50,1.50
2013.08.14 20:34:50.871,0.8953,0.89549,1.50,2.25
2013.08.14 20:34:50.930,0.8953,0.89549,2.25,2.25
2013.08.14 20:34:51.111,0.89533,0.89549,1.50,1.50
2013.08.14 20:34:51.171,0.89536,0.89549,1.50,1.50
2013.08.14 20:34:51.660,0.89539,0.89555,1.50,1.88
2013.08.14 20:34:51.960,0.89542,0.8956,3.00,2.25
2013.08.14 20:34:52.201,0.89544,0.89563,2.63,2.25
2013.08.14 20:34:52.320,0.89548,0.89563,2.25,1.50
2013.08.14 20:34:52.860,0.89548,0.89566,3.75,1.50
2013.08.14 20:34:53.173,0.8955,0.8957,3.00,1.50
2013.08.14 20:34:53.702,0.8955,0.89566,3.75,1.88
2013.08.14 20:34:54.243,0.89549,0.89566,1.50,1.88
2013.08.14 20:34:54.550,0.89552,0.89568,1.50,1.50
2013.08.14 20:34:55.150,0.8955,0.89566,1.13,1.50
2013.08.14 20:34:55.549,0.89549,0.8956,1.13,1.50
2013.08.14 20:35:00.920,0.8955,0.89562,1.13,1.50
2013.08.14 20:35:01.700,0.89551,0.89562,1.13,1.13
2013.08.14 20:35:02.240,0.89551,0.89563,1.13,1.50
2013.08.14 20:35:02.301,0.8955,0.89567,1.13,1.50
2013.08.14 20:35:02.741,0.8955,0.89567,1.88,1.50
2013.08.14 20:35:03.282,0.89554,0.89567,1.50,1.50
2013.08.14 20:35:04.830,0.89552,0.89567,1.88,1.50
2013.08.14 20:35:05.131,0.89554,0.89567,1.13,1.13
2013.08.14 20:35:06.370,0.89553,0.89567,1.13,1.50
2013.08.14 20:35:06.594,0.89553,0.89567,1.13,1.50
2013.08.14 20:35:06.900,0.89556,0.89567,1.13,1.50
2013.08.14 20:35:07.230,0.89555,0.89565,1.13,1.50
2013.08.14 20:35:10.991,0.89553,0.89565,1.13,1.50
2013.08.14 20:35:12.570,0.89553,0.89569,1.13,1.50
2013.08.14 20:35:13.930,0.89554,0.89573,1.50,2.63
2013.08.14 20:35:15.591,0.89554,0.8957,1.50,1.13
2013.08.14 20:35:16.240,0.89553,0.89569,1.13,1.13
2013.08.14 20:35:16.934,0.89553,0.89569,1.13,1.50
2013.08.14 20:35:20.500,0.89553,0.89569,1.13,1.50
2013.08.14 20:35:20.680,0.8955,0.89569,1.50,1.50
2013.08.14 20:35:28.150,0.8955,0.89569,2.25,2.25
2013.08.14 20:35:28.862,0.89547,0.89569,3.00,2.25
2013.08.14 20:35:31.090,0.89547,0.89568,3.75,1.50
2013.08.14 20:35:35.580,0.89549,0.8957,1.50,2.25
2013.08.14 20:35:37.167,0.89551,0.89568,1.50,1.13
2013.08.14 20:35:37.680,0.89551,0.89568,1.50,1.13
2013.08.14 20:35:38.041,0.89551,0.89561,1.50,1.13
2013.08.14 20:35:38.101,0.89549,0.89556,2.25,1.13
2013.08.14 20:35:38.401,0.89544,0.89555,1.50,1.13
2013.08.14 20:35:38.700,0.89544,0.89555,1.50,1.13
2013.08.14 20:35:39.320,0.89544,0.89555,1.50,1.13
2013.08.14 20:35:39.767,0.89544,0.89555,1.50,1.13
2013.08.14 20:35:40.075,0.89543,0.8955,1.50,1.13
2013.08.14 20:35:40.151,0.89542,0.8955,1.50,1.13
2013.08.14 20:35:40.343,0.89539,0.89552,1.50,1.50
2013.08.14 20:35:40.471,0.8954,0.89555,2.25,1.88
2013.08.14 20:35:41.010,0.89543,0.89555,2.25,1.13
2013.08.14 20:35:42.950,0.89545,0.89556,1.13,2.25
2013.08.14 20:35:43.011,0.89545,0.89558,1.13,1.50
2013.08.14 20:35:43.657,0.89546,0.89558,1.50,1.50
2013.08.14 20:35:44.180,0.89546,0.89557,1.50,1.13
2013.08.14 20:35:47.460,0.89542,0.89557,1.13,1.13
2013.08.14 20:35:47.520,0.89541,0.89555,1.50,1.13
2013.08.14 20:35:47.761,0.89534,0.89552,1.88,1.13
2013.08.14 20:35:47.820,0.89534,0.89552,1.88,1.13
2013.08.14 20:35:50.540,0.89537,0.89551,1.13,1.13
2013.08.14 20:35:51.048,0.89535,0.8955,2.25,1.13
2013.08.14 20:36:00.020,0.89535,0.8955,2.25,1.88
2013.08.14 20:36:00.772,0.89533,0.89552,1.50,2.25
2013.08.14 20:36:01.213,0.89539,0.89558,1.50,1.13
2013.08.14 20:36:01.281,0.89539,0.89562,3.00,1.88
2013.08.14 20:36:01.581,0.89542,0.89562,1.50,1.13
2013.08.14 20:36:01.960,0.89544,0.89562,2.25,1.13
2013.08.14 20:36:02.080,0.89544,0.89562,1.50,1.13
2013.08.14 20:36:02.691,0.89544,0.89562,2.25,1.13
2013.08.14 20:36:03.695,0.89544,0.89563,2.25,1.88
2013.08.14 20:36:03.760,0.89548,0.89563,1.50,1.13
2013.08.14 20:36:03.821,0.89548,0.89566,3.75,1.50
2013.08.14 20:36:04.061,0.89551,0.89568,1.88,1.50
2013.08.14 20:36:04.241,0.89554,0.89571,2.25,1.88
2013.08.14 20:36:04.551,0.89555,0.89569,1.50,1.13
2013.08.14 20:36:06.631,0.89556,0.89569,1.50,1.13
2013.08.14 20:36:08.651,0.89556,0.89575,1.50,1.13
2013.08.14 20:36:08.951,0.89558,0.89575,1.50,1.13
2013.08.14 20:36:09.190,0.89559,0.89578,3.75,1.13
2013.08.14 20:36:09.891,0.89561,0.89578,1.50,1.13
2013.08.14 20:36:10.610,0.89558,0.89579,1.50,1.13
2013.08.14 20:36:11.322,0.89561,0.89579,1.50,1.13
2013.08.14 20:36:16.160,0.89559,0.89576,3.00,1.13
2013.08.14 20:36:16.341,0.89554,0.89573,1.88,2.25
2013.08.14 20:36:16.520,0.89554,0.89572,2.63,1.50
2013.08.14 20:36:17.091,0.89552,0.89572,1.88,1.50
2013.08.14 20:36:17.270,0.89554,0.89572,2.25,1.50
2013.08.14 20:36:26.060,0.89555,0.89573,1.50,1.13
2013.08.14 20:36:33.436,0.89556,0.89567,1.50,1.13
2013.08.14 20:36:33.502,0.89551,0.89566,1.13,1.88
2013.08.14 20:36:33.632,0.8955,0.8956,1.13,1.50
2013.08.14 20:36:33.820,0.89554,0.89566,1.50,1.13
2013.08.14 20:36:33.880,0.89556,0.89569,1.13,3.00
2013.08.14 20:36:34.060,0.89556,0.89576,1.50,1.13
2013.08.14 20:36:34.240,0.89556,0.89575,1.50,1.50
2013.08.14 20:36:34.601,0.89557,0.89573,1.50,1.13
2013.08.14 20:36:34.662,0.89557,0.89576,1.88,1.88
2013.08.14 20:36:34.720,0.89558,0.89576,1.13,1.13
2013.08.14 20:36:34.900,0.89557,0.89575,1.50,1.50
2013.08.14 20:36:35.021,0.89559,0.8958,1.13,2.25
2013.08.14 20:36:35.575,0.89559,0.8958,1.13,1.88
2013.08.14 20:36:35.880,0.89559,0.8958,1.13,2.25
2013.08.14 20:36:36.910,0.89557,0.89577,1.50,1.50
2013.08.14 20:36:36.970,0.89557,0.89577,1.50,2.25
2013.08.14 20:36:37.030,0.89552,0.89573,1.13,3.00
2013.08.14 20:36:37.270,0.89551,0.89573,1.50,1.88
2013.08.14 20:36:37.450,0.8955,0.89573,1.13,2.25
2013.08.14 20:36:38.070,0.89547,0.89565,3.00,1.50
2013.08.14 20:36:38.131,0.89546,0.89565,1.50,1.50
2013.08.14 20:36:38.191,0.89541,0.89565,1.88,2.25
2013.08.14 20:36:38.250,0.89541,0.89565,1.13,2.25
2013.08.14 20:36:38.325,0.89541,0.89565,2.63,1.50
2013.08.14 20:36:38.880,0.89545,0.89565,1.50,1.50
2013.08.14 20:36:39.881,0.89546,0.89565,1.50,1.50
2013.08.14 20:36:41.181,0.89551,0.89567,1.13,1.50
2013.08.14 20:36:41.240,0.89551,0.89569,2.25,1.50
2013.08.14 20:36:41.360,0.89551,0.89573,3.00,2.25
2013.08.14 20:36:41.971,0.89551,0.89574,3.00,1.50
2013.08.14 20:36:43.090,0.89552,0.89571,1.50,1.50
2013.08.14 20:36:43.670,0.89552,0.89573,1.50,1.50
2013.08.14 20:36:44.011,0.89548,0.8957,1.50,1.88
2013.08.14 20:36:44.251,0.89545,0.8957,1.50,2.25
2013.08.14 20:36:44.311,0.89544,0.89569,1.50,1.50
2013.08.14 20:36:45.010,0.89545,0.89569,1.50,2.25
2013.08.14 20:36:46.120,0.89544,0.89569,2.25,2.25
2013.08.14 20:36:46.390,0.89545,0.89568,1.50,1.50
2013.08.14 20:36:46.751,0.89545,0.89566,1.50,1.50
2013.08.14 20:36:46.811,0.89544,0.89565,1.50,1.50
2013.08.14 20:36:47.350,0.89545,0.89565,1.13,1.50
2013.08.14 20:36:47.650,0.89551,0.89569,1.88,2.25
2013.08.14 20:36:47.890,0.89551,0.89571,1.50,1.50
2013.08.14 20:36:48.344,0.89552,0.89574,1.13,2.25
2013.08.14 20:36:48.540,0.89552,0.89572,1.13,1.50
2013.08.14 20:36:48.880,0.89552,0.89574,1.88,2.25
2013.08.14 20:36:49.070,0.89552,0.89573,1.88,1.50
2013.08.14 20:36:49.620,0.89549,0.89568,1.13,1.50
2013.08.14 20:36:49.941,0.89548,0.89562,1.13,1.13
2013.08.14 20:36:50.060,0.89543,0.89561,2.25,1.50
2013.08.14 20:36:50.182,0.89543,0.89561,1.88,1.13
2013.08.14 20:36:50.251,0.89547,0.89563,1.13,2.25
2013.08.14 20:36:50.310,0.89548,0.89564,1.88,1.50
2013.08.14 20:36:50.370,0.89548,0.89566,1.88,1.50
2013.08.14 20:36:52.350,0.89548,0.89568,2.63,1.50
2013.08.14 20:36:55.382,0.89548,0.89568,2.63,1.13
2013.08.14 20:36:55.511,0.89546,0.89561,1.13,1.50
2013.08.14 20:36:55.750,0.89539,0.89561,3.00,1.50
2013.08.14 20:36:56.342,0.89541,0.89561,1.13,1.13
2013.08.14 20:36:56.461,0.89547,0.89562,1.13,1.50
2013.08.14 20:36:56.641,0.89549,0.89565,1.13,1.50
2013.08.14 20:36:56.702,0.89551,0.8957,1.50,1.50
2013.08.14 20:36:56.760,0.89553,0.89571,1.88,1.50
2013.08.14 20:36:56.941,0.89553,0.89572,1.88,1.50
2013.08.14 20:36:58.571,0.89553,0.89572,1.88,1.50
2013.08.14 20:36:58.870,0.8955,0.89571,1.50,1.13
2013.08.14 20:37:01.341,0.89549,0.8957,2.25,1.88
2013.08.14 20:37:01.700,0.8954,0.89561,1.88,2.25
2013.08.14 20:37:01.760,0.8954,0.89561,1.88,2.25
2013.08.14 20:37:02.085,0.89541,0.89561,1.88,1.88
2013.08.14 20:37:02.214,0.89553,0.89565,1.50,1.50
2013.08.14 20:37:02.341,0.89553,0.89568,1.50,3.38
2013.08.14 20:37:02.791,0.89553,0.89574,1.50,1.88
2013.08.14 20:37:03.741,0.89553,0.89574,1.50,1.88
2013.08.14 20:37:08.460,0.89551,0.89571,1.88,2.25
2013.08.14 20:37:08.701,0.8955,0.89571,1.13,2.25
2013.08.14 20:37:09.751,0.89549,0.89571,1.88,2.25
2013.08.14 20:37:13.740,0.89549,0.89567,1.88,1.13
2013.08.14 20:37:13.980,0.89546,0.89567,1.50,2.25
2013.08.14 20:37:21.780,0.89548,0.89567,1.50,2.25
2013.08.14 20:37:22.382,0.89548,0.89567,1.50,2.25
2013.08.14 20:37:22.441,0.89549,0.89567,1.50,2.25
2013.08.14 20:37:22.980,0.89548,0.89567,2.63,2.25
2013.08.14 20:37:23.800,0.8955,0.89567,1.13,2.25
2013.08.14 20:37:24.021,0.89552,0.89567,1.50,1.88
2013.08.14 20:37:24.340,0.89551,0.89567,1.13,2.25
2013.08.14 20:37:24.880,0.89553,0.89567,1.50,1.50
2013.08.14 20:37:25.000,0.89554,0.89567,1.50,1.50
2013.08.14 20:37:25.240,0.89554,0.89567,1.13,1.50
2013.08.14 20:37:37.901,0.89554,0.89568,1.88,1.50
2013.08.14 20:37:38.080,0.89556,0.89573,1.13,3.00
2013.08.14 20:37:38.201,0.89558,0.89573,1.13,1.88
2013.08.14 20:37:38.878,0.89558,0.89575,1.13,1.50
2013.08.14 20:37:40.350,0.89557,0.89575,1.88,1.50
2013.08.14 20:37:41.259,0.89557,0.89575,1.88,1.13
2013.08.14 20:37:41.460,0.89557,0.89575,1.88,1.13
2013.08.14 20:37:49.602,0.89557,0.89573,1.88,1.50
2013.08.14 20:37:50.149,0.89558,0.89578,1.13,4.50
2013.08.14 20:37:51.262,0.89558,0.89578,1.88,3.75
2013.08.14 20:37:51.542,0.89556,0.89578,1.88,3.75
2013.08.14 20:37:52.133,0.89558,0.89578,1.88,3.75
2013.08.14 20:37:55.002,0.8956,0.89578,1.88,3.75
2013.08.14 20:37:55.321,0.8956,0.89578,1.50,2.25
2013.08.14 20:37:55.801,0.89561,0.89578,1.50,2.25
2013.08.14 20:37:56.262,0.8956,0.89578,1.88,2.25
2013.08.14 20:37:56.885,0.89561,0.89576,1.13,1.13
2013.08.14 20:37:57.131,0.89563,0.89576,1.50,1.50
2013.08.14 20:37:57.311,0.89562,0.89576,1.13,1.13
2013.08.14 20:37:57.872,0.89562,0.89576,1.88,1.13
2013.08.14 20:37:58.182,0.89566,0.89576,1.13,1.50
2013.08.14 20:37:58.302,0.89565,0.89576,1.13,1.50
2013.08.14 20:38:05.261,0.89567,0.89582,1.13,1.50
2013.08.14 20:38:06.394,0.89567,0.89582,1.13,1.50
2013.08.14 20:38:06.466,0.89567,0.89576,1.13,1.50
2013.08.14 20:38:06.533,0.89567,0.89571,1.13,1.35
2013.08.14 20:38:06.593,0.89545,0.89569,1.13,6.00
2013.08.14 20:38:06.655,0.89542,0.89556,3.00,1.13
2013.08.14 20:38:07.201,0.89541,0.89556,3.00,1.50
2013.08.14 20:38:08.761,0.89542,0.89556,1.50,1.50
2013.08.14 20:38:09.061,0.89543,0.89556,1.50,1.50
2013.08.14 20:38:09.195,0.89543,0.89565,1.50,1.13
2013.08.14 20:38:09.262,0.89545,0.89567,1.13,3.00
2013.08.14 20:38:09.385,0.89546,0.8957,2.25,1.50
2013.08.14 20:38:09.512,0.89547,0.89573,1.50,1.50
2013.08.14 20:38:10.541,0.89547,0.89573,1.50,1.50
2013.08.14 20:38:11.076,0.89548,0.89573,1.50,1.50
2013.08.14 20:38:11.434,0.89547,0.89559,1.50,1.50
2013.08.14 20:38:11.744,0.89546,0.89559,1.35,1.50
2013.08.14 20:38:12.873,0.89544,0.89559,1.13,1.50
2013.08.14 20:38:12.991,0.89545,0.8956,1.50,1.88
2013.08.14 20:38:13.051,0.89545,0.89559,4.50,2.25
2013.08.14 20:38:13.171,0.89543,0.8956,1.20,1.50
2013.08.14 20:38:13.352,0.89541,0.89561,1.50,1.13
2013.08.14 20:38:13.471,0.89543,0.89561,1.50,1.13
2013.08.14 20:38:13.872,0.89545,0.89562,1.13,1.13
2013.08.14 20:38:13.931,0.89549,0.89567,1.13,1.50
2013.08.14 20:38:14.291,0.89549,0.8957,1.13,1.13
2013.08.14 20:38:14.912,0.89549,0.8957,1.13,1.13
2013.08.14 20:38:15.331,0.89549,0.8957,1.50,1.13
2013.08.14 20:38:15.601,0.8955,0.8957,1.50,1.13
2013.08.14 20:38:15.721,0.89551,0.8957,1.13,1.13
2013.08.14 20:38:16.222,0.89552,0.8957,1.13,1.13
2013.08.14 20:38:16.761,0.89552,0.8957,4.50,1.13
2013.08.14 20:38:17.091,0.89552,0.8957,1.13,1.13
2013.08.14 20:38:17.331,0.89551,0.89575,1.88,1.88
2013.08.14 20:38:17.901,0.89552,0.89561,1.50,1.13
2013.08.14 20:38:17.962,0.89553,0.89562,1.50,1.13
2013.08.14 20:38:18.201,0.89553,0.89561,1.13,1.13
2013.08.14 20:38:18.427,0.89551,0.89561,1.13,1.13
2013.08.14 20:38:18.852,0.89545,0.89561,1.50,1.50
2013.08.14 20:38:18.972,0.89543,0.89561,1.50,1.50
2013.08.14 20:38:19.712,0.89544,0.89561,1.50,1.50
2013.08.14 20:38:20.461,0.89544,0.89561,1.50,1.50
2013.08.14 20:38:21.001,0.89544,0.89561,1.50,1.50
2013.08.14 20:38:21.341,0.89545,0.89561,1.88,1.50
2013.08.14 20:38:24.071,0.89548,0.89561,1.50,1.50
2013.08.14 20:38:24.381,0.89548,0.89562,1.13,1.13
2013.08.14 20:38:24.601,0.89548,0.89561,1.13,1.13
2013.08.14 20:38:24.841,0.89547,0.89561,5.25,1.13
2013.08.14 20:38:25.081,0.89547,0.89561,1.50,1.13
2013.08.14 20:38:25.271,0.89547,0.89561,1.50,1.13
2013.08.14 20:38:25.954,0.89549,0.89567,1.50,1.50
2013.08.14 20:38:26.262,0.89549,0.89572,1.50,1.50
2013.08.14 20:38:26.501,0.89553,0.89576,1.13,1.50
2013.08.14 20:38:27.083,0.89553,0.89576,1.13,1.50
2013.08.14 20:38:27.142,0.89553,0.89576,1.13,1.50
2013.08.14 20:38:27.886,0.89553,0.89576,1.13,1.50
2013.08.14 20:38:28.876,0.89554,0.89576,1.13,1.50
2013.08.14 20:38:29.458,0.89553,0.89575,1.50,1.13
2013.08.14 20:38:29.771,0.89555,0.89567,1.13,1.13
2013.08.14 20:38:29.831,0.89556,0.89568,1.13,1.13
2013.08.14 20:38:41.654,0.89555,0.89562,1.13,1.13
2013.08.14 20:38:41.962,0.89555,0.89569,1.88,1.88
2013.08.14 20:38:43.282,0.89554,0.89562,1.88,1.13
2013.08.14 20:38:43.842,0.89549,0.89567,2.25,1.13
2013.08.14 20:38:44.262,0.89553,0.89567,4.88,1.13
2013.08.14 20:38:45.486,0.89556,0.89567,1.13,1.13
2013.08.14 20:38:45.706,0.89554,0.89567,1.13,1.13
2013.08.14 20:38:48.649,0.89555,0.89566,1.50,1.13
2013.08.14 20:38:49.072,0.89554,0.89567,1.88,1.13
2013.08.14 20:38:55.311,0.89555,0.89565,1.13,1.13
2013.08.14 20:39:04.461,0.89547,0.89565,1.35,1.50
2013.08.14 20:39:04.521,0.89545,0.89565,1.50,1.50
2013.08.14 20:39:04.641,0.89544,0.89565,1.50,1.50
2013.08.14 20:39:05.201,0.89545,0.89565,1.50,1.50
2013.08.14 20:39:05.842,0.89545,0.89565,1.50,1.50
2013.08.14 20:39:06.771,0.89545,0.89565,1.50,1.50
2013.08.14 20:39:07.102,0.89545,0.89565,1.50,1.50
2013.08.14 20:39:14.861,0.89546,0.89565,1.50,1.50
2013.08.14 20:39:16.712,0.89545,0.89566,1.50,2.25
2013.08.14 20:39:17.192,0.89549,0.89567,1.50,1.50
2013.08.14 20:39:17.671,0.89548,0.89567,2.63,1.50
2013.08.14 20:39:18.212,0.8955,0.89571,1.50,1.50
2013.08.14 20:39:18.922,0.89552,0.89571,1.13,1.50
2013.08.14 20:39:19.191,0.8955,0.89571,1.88,1.50
2013.08.14 20:39:19.372,0.89553,0.89571,1.50,1.50
2013.08.14 20:39:19.551,0.89554,0.89571,1.13,1.50
2013.08.14 20:39:19.911,0.89554,0.89571,1.13,1.50
2013.08.14 20:39:20.421,0.89554,0.89571,1.50,1.50
2013.08.14 20:39:20.742,0.89552,0.89571,1.88,1.50
2013.08.14 20:39:20.801,0.89552,0.89571,1.88,1.50
2013.08.14 20:39:21.101,0.89556,0.89572,1.13,1.13
2013.08.14 20:39:32.304,0.89556,0.89573,1.50,1.50
2013.08.14 20:39:32.483,0.8955,0.89567,1.50,1.13
2013.08.14 20:39:32.542,0.89551,0.89567,1.50,1.13
2013.08.14 20:39:32.906,0.89555,0.89571,1.13,2.63
2013.08.14 20:39:33.214,0.89556,0.89572,1.13,1.13
2013.08.14 20:39:38.403,0.89556,0.89571,1.13,1.13
2013.08.14 20:39:38.582,0.89555,0.89574,1.13,1.50
2013.08.14 20:39:38.822,0.89555,0.89575,1.13,1.50
2013.08.14 20:39:39.121,0.89556,0.89575,1.50,1.50
2013.08.14 20:39:39.702,0.89557,0.89575,1.13,1.50
2013.08.14 20:39:53.811,0.89558,0.89576,1.13,1.13
2013.08.14 20:39:57.471,0.8956,0.89576,1.13,1.50
2013.08.14 20:39:59.721,0.89562,0.89577,1.13,1.13
2013.08.14 20:39:59.961,0.89562,0.89576,1.13,1.13
2013.08.14 20:40:00.608,0.89562,0.89576,1.88,1.13
2013.08.14 20:40:02.251,0.89563,0.89577,1.50,1.13
2013.08.14 20:40:02.763,0.89563,0.89577,1.50,1.13
2013.08.14 20:40:14.822,0.89564,0.89576,1.13,1.13
2013.08.14 20:40:14.942,0.89563,0.89577,1.13,1.13
2013.08.14 20:40:15.522,0.89564,0.89577,1.88,1.13
2013.08.14 20:40:15.762,0.89567,0.89578,1.50,1.13
2013.08.14 20:40:15.941,0.89565,0.89577,2.48,1.13
2013.08.14 20:40:16.141,0.89568,0.89577,1.13,1.13
2013.08.14 20:40:16.691,0.89567,0.89577,1.50,1.13
2013.08.14 20:40:21.922,0.89568,0.89577,1.13,1.13
2013.08.14 20:40:28.402,0.89568,0.89587,1.88,1.50
2013.08.14 20:40:28.464,0.89569,0.89587,1.13,1.13
2013.08.14 20:40:28.582,0.89568,0.8959,2.63,4.88
2013.08.14 20:40:28.641,0.89568,0.8959,2.63,2.63
2013.08.14 20:40:29.151,0.89571,0.8959,1.50,1.13
2013.08.14 20:40:29.391,0.89569,0.8959,2.25,1.13
2013.08.14 20:40:29.792,0.89569,0.8959,3.38,1.13
2013.08.14 20:40:29.911,0.89573,0.8959,1.50,1.13
2013.08.14 20:40:30.412,0.89572,0.89593,1.13,1.88
2013.08.14 20:40:30.762,0.89574,0.89593,1.50,1.88
2013.08.14 20:40:30.821,0.89574,0.89593,1.88,1.88
2013.08.14 20:40:31.011,0.89572,0.89593,1.50,1.88
2013.08.14 20:40:31.313,0.89574,0.8959,1.88,1.13
2013.08.14 20:40:31.432,0.89574,0.89593,1.88,1.13
2013.08.14 20:40:31.923,0.89576,0.89586,1.50,1.13
2013.08.14 20:40:32.282,0.89576,0.89586,1.13,1.13
2013.08.14 20:40:32.602,0.89577,0.89587,1.88,1.13
2013.08.14 20:40:32.761,0.89576,0.89586,1.13,1.13
2013.08.14 20:40:33.041,0.89578,0.89593,1.88,1.13
2013.08.14 20:40:33.721,0.89578,0.89593,1.13,1.13
2013.08.14 20:40:35.196,0.89577,0.89593,1.13,2.63
2013.08.14 20:40:38.215,0.89577,0.89586,1.13,1.13
2013.08.14 20:41:03.062,0.89577,0.8959,1.13,1.13
2013.08.14 20:41:04.995,0.89577,0.89594,1.88,1.50
2013.08.14 20:41:05.832,0.89578,0.89594,1.13,1.13
2013.08.14 20:41:05.952,0.89581,0.89599,1.50,1.88
2013.08.14 20:41:06.131,0.89583,0.89604,1.13,2.63
2013.08.14 20:41:06.657,0.89583,0.89604,1.13,2.63
2013.08.14 20:41:06.727,0.89586,0.89599,1.13,1.50
2013.08.14 20:41:07.161,0.89586,0.89599,1.13,1.50
2013.08.14 20:41:07.674,0.89584,0.89599,1.13,1.88
2013.08.14 20:41:08.442,0.89584,0.89599,1.13,1.88
2013.08.14 20:41:08.801,0.89584,0.896,1.13,1.13
2013.08.14 20:41:08.982,0.89584,0.896,1.13,1.13
2013.08.14 20:41:09.511,0.89584,0.896,1.13,1.13
2013.08.14 20:41:09.915,0.89584,0.896,1.13,1.13
2013.08.14 20:41:10.221,0.89584,0.89599,1.50,1.13
2013.08.14 20:41:10.732,0.89582,0.89599,1.50,1.13
2013.08.14 20:41:11.281,0.89586,0.896,1.13,1.13
2013.08.14 20:41:11.521,0.89585,0.896,1.13,1.13
2013.08.14 20:41:19.063,0.89585,0.89603,1.13,3.00
2013.08.14 20:41:19.124,0.89586,0.89603,1.13,2.25
2013.08.14 20:41:24.902,0.89585,0.896,1.13,1.13
2013.08.14 20:41:25.023,0.89586,0.896,1.13,1.13
2013.08.14 20:41:25.262,0.89584,0.89598,1.13,1.13
2013.08.14 20:41:25.624,0.89577,0.89597,2.25,1.50
2013.08.14 20:41:25.872,0.89577,0.89589,2.25,1.13
2013.08.14 20:41:26.232,0.89568,0.89588,1.50,1.13
2013.08.14 20:41:27.392,0.89568,0.89588,1.50,1.13
2013.08.14 20:41:27.901,0.89568,0.89588,1.50,1.13
2013.08.14 20:41:28.451,0.8957,0.89591,1.13,1.13
2013.08.14 20:41:28.763,0.89575,0.89592,1.50,1.88
2013.08.14 20:41:28.952,0.89575,0.89591,1.50,1.13
2013.08.14 20:41:29.252,0.89575,0.89592,1.50,1.88
2013.08.14 20:41:29.612,0.89575,0.89592,1.50,1.13
2013.08.14 20:41:29.672,0.89575,0.89592,1.50,1.13
2013.08.14 20:41:30.102,0.89572,0.89592,1.88,1.13
2013.08.14 20:41:30.282,0.89572,0.89595,3.75,1.13
2013.08.14 20:41:30.968,0.89576,0.89595,1.50,1.13
2013.08.14 20:41:31.092,0.89575,0.89595,1.13,1.13
2013.08.14 20:41:31.352,0.89576,0.89595,1.50,1.13
2013.08.14 20:41:31.611,0.89576,0.89595,1.88,1.13
2013.08.14 20:41:31.852,0.89576,0.89595,1.50,1.13
2013.08.14 20:41:33.372,0.89578,0.89595,1.13,1.13
2013.08.14 20:41:35.202,0.89579,0.89595,1.88,1.13
2013.08.14 20:41:49.192,0.8958,0.89596,1.13,1.13
2013.08.14 20:42:11.853,0.89579,0.89592,1.13,1.13
2013.08.14 20:42:14.552,0.89578,0.89588,1.50,1.13
2013.08.14 20:42:14.792,0.89574,0.89586,1.88,1.13
2013.08.14 20:42:15.101,0.89568,0.89585,1.50,1.13
2013.08.14 20:42:15.281,0.89566,0.89585,3.75,1.13
2013.08.14 20:42:15.858,0.89566,0.89585,3.00,1.13
2013.08.14 20:42:16.024,0.89566,0.89585,3.00,1.13
2013.08.14 20:42:16.684,0.89566,0.89585,3.00,1.13
2013.08.14 20:42:17.041,0.8957,0.89585,1.88,1.13
2013.08.14 20:42:17.342,0.89572,0.89586,1.88,1.13
2013.08.14 20:42:31.221,0.89572,0.89586,1.88,1.13
2013.08.14 20:42:31.762,0.89572,0.89588,1.88,1.13
2013.08.14 20:42:53.373,0.89572,0.89588,1.88,1.13
2013.08.14 20:42:53.611,0.89568,0.89588,2.25,1.13
2013.08.14 20:42:54.811,0.89568,0.89588,2.25,1.13
2013.08.14 20:43:11.193,0.89569,0.89588,1.50,1.13
2013.08.14 20:43:26.222,0.89569,0.89589,1.13,2.25
2013.08.14 20:43:44.542,0.89567,0.89585,1.88,1.13
2013.08.14 20:43:44.662,0.89567,0.89585,1.13,1.13
2013.08.14 20:43:45.812,0.89564,0.89585,1.50,1.13
2013.08.14 20:43:46.512,0.89564,0.89584,2.25,1.13
2013.08.14 20:43:47.404,0.89564,0.89584,1.50,1.13
2013.08.14 20:43:47.712,0.89562,0.89581,1.88,1.13
2013.08.14 20:44:02.032,0.89559,0.8958,3.38,1.13
2013.08.14 20:44:04.762,0.89562,0.89582,1.50,1.13
2013.08.14 20:44:04.824,0.89562,0.89583,1.50,1.13
2013.08.14 20:44:11.733,0.89562,0.89583,1.88,1.13
2013.08.14 20:44:24.075,0.89561,0.89581,1.88,1.13
2013.08.14 20:44:39.752,0.89566,0.89582,1.13,1.13
2013.08.14 20:44:39.872,0.89567,0.89584,1.13,1.88
2013.08.14 20:44:40.543,0.89571,0.89587,1.50,1.50
2013.08.14 20:44:40.732,0.89571,0.89587,1.50,1.50
2013.08.14 20:44:41.422,0.89571,0.89587,1.50,1.50
2013.08.14 20:44:42.634,0.89571,0.89587,2.25,1.50
2013.08.14 20:44:42.992,0.89572,0.89587,1.88,1.50
2013.08.14 20:44:43.112,0.89572,0.89587,1.88,1.50
2013.08.14 20:44:43.655,0.89573,0.89587,1.50,1.50
2013.08.14 20:44:43.902,0.89571,0.89587,2.25,1.50
2013.08.14 20:44:44.443,0.89571,0.89587,1.88,1.50
2013.08.14 20:44:48.104,0.89573,0.89586,1.13,1.50
2013.08.14 20:44:48.342,0.8957,0.89579,1.13,1.13
2013.08.14 20:44:48.582,0.89563,0.89579,2.25,1.13
2013.08.14 20:44:48.822,0.89563,0.89579,2.25,1.13
2013.08.14 20:44:49.302,0.89563,0.89579,2.25,1.13
2013.08.14 20:44:50.105,0.89563,0.89579,2.25,1.13
2013.08.14 20:44:50.426,0.89563,0.89579,2.25,1.13
2013.08.14 20:44:50.783,0.89565,0.89579,1.50,1.13
2013.08.14 20:44:53.212,0.89567,0.89581,1.88,1.50
2013.08.14 20:44:53.273,0.89569,0.89586,1.13,1.88
2013.08.14 20:44:53.392,0.89569,0.89586,1.88,1.88
2013.08.14 20:44:53.452,0.89569,0.89586,1.88,1.88
2013.08.14 20:44:53.773,0.89568,0.89586,1.50,1.88
2013.08.14 20:44:54.262,0.89568,0.89586,2.25,1.50
2013.08.14 20:44:54.562,0.89569,0.89586,1.50,1.50
2013.08.14 20:44:54.863,0.89572,0.89586,1.13,1.88
2013.08.14 20:45:26.293,0.89572,0.89586,1.13,1.13
2013.08.14 20:45:27.573,0.89571,0.89586,1.13,1.13
2013.08.14 20:45:27.752,0.89568,0.89584,1.13,1.50
2013.08.14 20:45:27.932,0.89568,0.89584,1.13,1.13
2013.08.14 20:45:28.528,0.89566,0.89584,1.13,1.13
2013.08.14 20:45:29.612,0.89564,0.89584,2.63,1.13
2013.08.14 20:45:30.152,0.89568,0.89584,1.13,1.13
2013.08.14 20:45:47.952,0.8957,0.89584,1.13,1.13
2013.08.14 20:45:48.493,0.8957,0.89584,1.88,1.13
2013.08.14 20:45:50.752,0.8957,0.89582,1.13,1.13
2013.08.14 20:45:50.812,0.8957,0.89583,1.88,1.13
2013.08.14 20:45:51.053,0.8957,0.89582,1.13,1.13
2013.08.14 20:45:51.783,0.89571,0.89583,1.13,1.13
2013.08.14 20:45:52.322,0.8957,0.89583,1.13,1.50
2013.08.14 20:45:52.906,0.89571,0.89585,1.13,1.13
2013.08.14 20:45:52.972,0.89571,0.89586,1.88,1.13
2013.08.14 20:45:53.691,0.89571,0.89589,1.50,1.88
2013.08.14 20:46:10.613,0.89571,0.89587,1.50,1.88
2013.08.14 20:46:21.663,0.89571,0.89588,1.50,1.50
2013.08.14 20:46:22.182,0.89573,0.89587,1.50,1.13
2013.08.14 20:46:22.545,0.89572,0.89588,1.13,1.50
2013.08.14 20:46:23.093,0.89575,0.89588,1.13,1.13
2013.08.14 20:46:29.495,0.89574,0.89582,1.13,1.13
2013.08.14 20:46:29.564,0.89573,0.8958,1.13,1.13
2013.08.14 20:46:29.863,0.89568,0.8958,1.88,1.13
2013.08.14 20:46:30.122,0.89566,0.8958,1.13,1.13
2013.08.14 20:46:30.182,0.89565,0.8958,2.25,1.13
2013.08.14 20:46:30.893,0.89566,0.8958,1.50,1.13
2013.08.14 20:46:31.723,0.89566,0.8958,1.50,1.13
2013.08.14 20:46:32.162,0.89566,0.8958,1.50,1.13
2013.08.14 20:46:32.694,0.89568,0.8958,1.13,1.50
2013.08.14 20:46:33.204,0.89568,0.89581,1.88,1.50
2013.08.14 20:46:35.582,0.89568,0.89579,1.13,1.13
2013.08.14 20:46:35.883,0.89568,0.89581,1.88,1.50
2013.08.14 20:46:46.452,0.89569,0.89584,1.88,1.13
2013.08.14 20:46:46.992,0.89569,0.89584,1.88,1.13
2013.08.14 20:46:52.033,0.89569,0.89584,1.88,1.13
2013.08.14 20:47:10.223,0.89569,0.89584,1.88,1.13
2013.08.14 20:47:12.563,0.89567,0.89584,1.13,1.13
2013.08.14 20:47:12.802,0.89566,0.89585,1.88,1.13
2013.08.14 20:47:24.502,0.89574,0.89589,1.50,1.50
2013.08.14 20:47:24.623,0.89574,0.89592,1.50,2.25
2013.08.14 20:47:24.922,0.89571,0.89589,1.50,1.13
2013.08.14 20:47:25.223,0.8957,0.89584,1.13,1.13
2013.08.14 20:48:09.723,0.89573,0.89589,1.50,1.50
2013.08.14 20:48:09.962,0.89573,0.89591,1.50,1.50
2013.08.14 20:48:19.412,0.89573,0.89591,1.50,4.50
2013.08.14 20:48:25.553,0.89574,0.89591,1.13,3.75
2013.08.14 20:48:25.672,0.89574,0.89593,1.13,2.25
2013.08.14 20:48:25.853,0.89574,0.89591,1.50,1.50
2013.08.14 20:48:26.393,0.89573,0.89592,1.88,1.50
2013.08.14 20:48:26.453,0.89572,0.8959,1.50,2.25
2013.08.14 20:48:26.572,0.89572,0.89589,1.50,1.88
2013.08.14 20:48:26.934,0.89566,0.89586,4.88,1.13
2013.08.14 20:48:28.632,0.89567,0.89584,1.88,1.13
2013.08.14 20:48:29.192,0.89567,0.89585,1.50,1.13
2013.08.14 20:48:41.253,0.89571,0.89587,1.50,1.13
2013.08.14 20:48:41.433,0.89571,0.89593,1.50,1.88
2013.08.14 20:48:41.494,0.89571,0.89593,2.25,1.13
2013.08.14 20:48:42.912,0.89573,0.89595,1.50,1.13
2013.08.14 20:48:43.173,0.89573,0.89595,1.50,1.13
2013.08.14 20:48:46.504,0.89573,0.89595,1.50,1.13
2013.08.14 20:48:53.642,0.89576,0.89594,1.50,1.13
2013.08.14 20:48:54.015,0.89578,0.89584,1.50,1.13
2013.08.14 20:48:54.322,0.89572,0.89584,1.50,1.13
2013.08.14 20:48:54.442,0.8957,0.89584,1.50,1.13
2013.08.14 20:49:04.524,0.89567,0.89584,1.50,1.13
2013.08.14 20:49:04.763,0.89565,0.89584,1.50,1.13
2013.08.14 20:49:05.202,0.89564,0.89583,2.25,1.50
2013.08.14 20:49:10.332,0.89561,0.8958,1.13,1.13
2013.08.14 20:49:10.892,0.89561,0.89579,1.13,1.13
2013.08.14 20:49:11.502,0.8956,0.89579,1.13,1.13
2013.08.14 20:49:11.823,0.8956,0.89579,1.13,1.13
2013.08.14 20:49:26.695,0.89561,0.89579,1.13,1.13
2013.08.14 20:49:31.343,0.89561,0.89582,2.25,1.88
2013.08.14 20:49:31.465,0.89564,0.89584,1.13,1.50
2013.08.14 20:49:31.832,0.89567,0.89591,1.88,3.00
2013.08.14 20:49:33.826,0.89567,0.89586,1.50,1.13
2013.08.14 20:49:53.262,0.89565,0.89585,3.00,1.13
2013.08.14 20:49:53.324,0.89564,0.89585,2.25,1.13
2013.08.14 20:50:04.592,0.89565,0.89586,1.50,1.13
2013.08.14 20:50:10.923,0.89565,0.89586,1.50,1.13
2013.08.14 20:50:15.023,0.89562,0.89586,2.63,1.88
2013.08.14 20:50:15.291,0.89562,0.89584,3.38,1.13
2013.08.14 20:50:16.363,0.89565,0.89586,1.13,2.25
2013.08.14 20:50:17.103,0.89566,0.89587,2.25,1.50
2013.08.14 20:50:17.583,0.89568,0.8959,1.88,1.50
2013.08.14 20:50:17.773,0.89568,0.89592,1.13,3.75
2013.08.14 20:50:18.434,0.89566,0.89589,2.25,1.50
2013.08.14 20:50:19.194,0.89567,0.89589,1.50,2.25
2013.08.14 20:50:21.904,0.89574,0.89589,1.13,2.25
2013.08.14 20:50:22.762,0.89573,0.89589,1.13,2.25
2013.08.14 20:50:25.082,0.89573,0.89587,1.13,2.25
2013.08.14 20:50:38.523,0.89573,0.89588,1.13,3.75
2013.08.14 20:50:41.173,0.89573,0.89588,1.13,1.50
2013.08.14 20:50:44.292,0.89573,0.89589,1.13,1.50
2013.08.14 20:50:46.847,0.89573,0.89588,1.13,2.25
2013.08.14 20:50:47.363,0.89569,0.89588,2.25,2.25
2013.08.14 20:50:47.914,0.8957,0.89589,1.50,1.50
2013.08.14 20:51:00.483,0.89572,0.89587,1.13,1.50
2013.08.14 20:51:11.073,0.89569,0.89586,1.13,1.50
2013.08.14 20:51:15.512,0.89571,0.89586,1.50,1.50
2013.08.14 20:51:26.866,0.89569,0.89588,1.13,1.50
2013.08.14 20:51:27.340,0.89568,0.89586,1.50,3.00
2013.08.14 20:51:37.822,0.89569,0.89586,1.13,2.25
2013.08.14 20:51:38.010,0.89569,0.89586,1.13,3.00
2013.08.14 20:51:42.968,0.8957,0.89586,1.13,3.00
2013.08.14 20:51:46.409,0.8957,0.8959,1.13,1.88
2013.08.14 20:51:47.044,0.89569,0.8959,1.88,1.88
2013.08.14 20:51:49.553,0.89566,0.89588,1.88,1.50
2013.08.14 20:51:49.613,0.89565,0.89588,1.13,1.50
2013.08.14 20:51:53.084,0.89565,0.8959,1.13,1.50
2013.08.14 20:51:55.094,0.89568,0.89591,1.50,1.88
2013.08.14 20:51:57.534,0.89569,0.89591,1.13,1.50
2013.08.14 20:51:57.712,0.8957,0.89594,1.13,1.13
2013.08.14 20:51:58.282,0.8957,0.89596,1.13,1.13
2013.08.14 20:51:59.833,0.89572,0.89594,1.50,1.13
2013.08.14 20:52:00.644,0.89569,0.89593,1.88,1.13
2013.08.14 20:52:05.693,0.89572,0.89593,2.25,1.13
2013.08.14 20:52:10.304,0.89572,0.89593,1.50,1.13
2013.08.14 20:52:13.073,0.89571,0.89593,1.50,1.13
2013.08.14 20:52:13.134,0.89571,0.89593,1.50,1.13
2013.08.14 20:52:20.187,0.89572,0.89593,1.50,1.50
2013.08.14 20:52:24.405,0.89572,0.89593,1.13,1.13
2013.08.14 20:52:24.468,0.89572,0.89597,1.13,1.50
2013.08.14 20:52:24.537,0.89572,0.89597,1.13,1.88
2013.08.14 20:52:24.724,0.89574,0.89602,1.13,1.88
2013.08.14 20:52:25.141,0.89577,0.896,3.00,1.32
2013.08.14 20:52:25.444,0.89571,0.89594,2.25,1.50
2013.08.14 20:52:25.503,0.89571,0.89594,1.50,2.25
2013.08.14 20:52:25.563,0.89567,0.89594,2.25,2.25
2013.08.14 20:52:26.283,0.89563,0.89587,3.38,1.13
2013.08.14 20:52:26.343,0.89564,0.89593,2.63,1.13
2013.08.14 20:52:26.683,0.89566,0.89591,2.25,1.13
2013.08.14 20:52:26.743,0.8957,0.89596,1.13,1.50
2013.08.14 20:52:26.863,0.8957,0.89594,1.13,1.13
2013.08.14 20:52:27.413,0.89573,0.89594,1.13,1.13
2013.08.14 20:52:28.046,0.89572,0.89591,2.25,1.13
2013.08.14 20:52:29.115,0.8957,0.89591,1.13,1.13
2013.08.14 20:52:30.604,0.8957,0.89594,2.25,1.13
2013.08.14 20:52:31.150,0.89571,0.89594,1.88,1.13
2013.08.14 20:52:31.792,0.89573,0.89594,1.13,1.13
2013.08.14 20:52:32.354,0.89573,0.89597,1.13,1.13
2013.08.14 20:52:38.395,0.89574,0.89598,1.13,1.13
2013.08.14 20:52:38.513,0.89577,0.89604,1.50,2.25
2013.08.14 20:52:38.574,0.89581,0.89606,1.13,3.75
2013.08.14 20:52:38.693,0.89581,0.89606,1.88,1.50
2013.08.14 20:52:40.715,0.89581,0.89606,1.13,1.50
2013.08.14 20:52:40.953,0.89583,0.89606,1.13,1.50
2013.08.14 20:52:44.295,0.89585,0.89605,1.13,2.25
2013.08.14 20:52:45.103,0.89585,0.89607,1.13,1.50
2013.08.14 20:52:45.293,0.89585,0.8961,1.13,1.13
2013.08.14 20:52:45.494,0.89585,0.8961,1.13,1.13
2013.08.14 20:52:46.323,0.89585,0.8961,1.50,1.13
2013.08.14 20:52:46.684,0.8959,0.89611,1.13,1.50
2013.08.14 20:52:47.043,0.89589,0.89612,1.13,2.25
2013.08.14 20:52:47.666,0.89587,0.89609,1.13,1.50
2013.08.14 20:52:50.043,0.89587,0.89606,1.13,1.50
2013.08.14 20:52:50.104,0.89584,0.89603,1.13,1.13
2013.08.14 20:52:51.043,0.89579,0.89603,1.13,1.88
2013.08.14 20:52:52.163,0.89579,0.89603,1.13,1.88
2013.08.14 20:52:53.123,0.89579,0.89603,1.13,3.38
2013.08.14 20:52:53.723,0.89576,0.89603,1.13,2.63
2013.08.14 20:52:54.263,0.89574,0.89603,2.25,2.63
2013.08.14 20:52:54.773,0.89573,0.89599,2.63,1.13
2013.08.14 20:52:54.833,0.89573,0.89599,1.13,1.13
2013.08.14 20:52:55.132,0.89573,0.89601,1.13,1.50
2013.08.14 20:52:55.505,0.89573,0.896,1.13,1.50
2013.08.14 20:52:56.033,0.89573,0.89598,1.13,1.13
2013.08.14 20:53:01.615,0.89573,0.89595,1.50,1.13
2013.08.14 20:53:02.137,0.89571,0.89596,1.13,2.25
2013.08.14 20:53:02.683,0.89571,0.89593,1.13,1.13
2013.08.14 20:53:02.984,0.89571,0.89594,1.13,2.25
2013.08.14 20:53:03.543,0.89571,0.89593,1.13,1.88
2013.08.14 20:53:04.083,0.89568,0.89594,1.50,6.38
2013.08.14 20:53:04.623,0.89568,0.8959,1.50,1.13
2013.08.14 20:53:05.163,0.89568,0.89592,1.13,1.88
2013.08.14 20:53:05.720,0.89568,0.8959,1.13,1.88
2013.08.14 20:53:06.244,0.89568,0.8959,1.13,1.50
2013.08.14 20:53:06.425,0.89568,0.8959,1.13,1.50
2013.08.14 20:53:06.544,0.89566,0.89587,1.88,1.50
2013.08.14 20:53:06.604,0.89566,0.89587,1.88,1.50
2013.08.14 20:53:06.786,0.89561,0.89581,1.13,1.50
2013.08.14 20:53:06.913,0.89557,0.8958,1.50,1.50
2013.08.14 20:53:06.973,0.89552,0.8958,1.13,1.50
2013.08.14 20:53:07.454,0.89552,0.89579,1.13,1.50
2013.08.14 20:53:07.834,0.89551,0.89579,1.13,1.50
2013.08.14 20:53:08.333,0.89552,0.89579,1.13,1.50
2013.08.14 20:53:09.113,0.89552,0.89579,1.13,1.50
2013.08.14 20:53:09.584,0.89552,0.89578,1.13,1.13
2013.08.14 20:53:09.764,0.89552,0.89578,1.13,1.13
2013.08.14 20:53:10.047,0.89552,0.89577,1.13,1.13
2013.08.14 20:53:10.586,0.89552,0.89579,1.13,2.25
2013.08.14 20:53:10.946,0.89551,0.89577,1.50,1.88
2013.08.14 20:53:11.015,0.89551,0.89577,1.50,1.88
2013.08.14 20:53:11.923,0.89559,0.89577,1.13,1.88
2013.08.14 20:53:12.283,0.89559,0.89586,1.50,1.88
2013.08.14 20:53:13.683,0.89559,0.89586,1.50,1.88
2013.08.14 20:53:14.434,0.89559,0.89586,1.88,1.50
2013.08.14 20:53:14.944,0.8956,0.8959,1.50,2.25
2013.08.14 20:53:15.183,0.89562,0.89588,1.13,1.50
2013.08.14 20:53:16.153,0.8956,0.89582,1.13,1.13
2013.08.14 20:53:17.693,0.8956,0.89586,1.13,1.50
2013.08.14 20:53:18.373,0.8956,0.89588,1.88,1.13
2013.08.14 20:53:19.244,0.89563,0.89588,2.25,1.13
2013.08.14 20:53:19.496,0.89564,0.89588,1.88,1.13
2013.08.14 20:53:21.713,0.89567,0.89588,1.50,1.13
2013.08.14 20:53:21.834,0.89567,0.89593,1.50,1.88
2013.08.14 20:53:22.013,0.89567,0.89594,1.50,1.13
2013.08.14 20:53:22.204,0.89568,0.89596,1.50,1.50
2013.08.14 20:53:22.563,0.89569,0.89599,1.50,1.50
2013.08.14 20:53:23.813,0.8957,0.89598,1.13,1.50
2013.08.14 20:53:24.314,0.8957,0.89598,1.13,1.50
2013.08.14 20:53:24.803,0.89573,0.89598,1.13,1.50
2013.08.14 20:53:25.993,0.89571,0.89598,1.13,1.50
2013.08.14 20:53:26.565,0.89571,0.89601,1.88,1.50
2013.08.14 20:53:26.803,0.89575,0.89601,1.13,1.88
2013.08.14 20:53:31.367,0.89575,0.89601,1.13,1.50
2013.08.14 20:53:31.623,0.89572,0.89598,3.00,1.13
2013.08.14 20:53:31.864,0.89583,0.89599,1.13,1.13
2013.08.14 20:53:31.923,0.89589,0.89599,1.50,1.13
2013.08.14 20:53:31.984,0.89589,0.89599,1.88,1.13
2013.08.14 20:53:32.104,0.89589,0.89599,1.88,1.13
2013.08.14 20:53:32.163,0.89589,0.89602,1.50,1.88
2013.08.14 20:53:32.404,0.8959,0.89606,1.13,1.88
2013.08.14 20:53:32.523,0.89584,0.8961,1.13,1.50
2013.08.14 20:53:32.643,0.89584,0.8961,1.13,1.50
2013.08.14 20:53:32.823,0.89584,0.8961,1.13,1.50
2013.08.14 20:53:33.375,0.89584,0.8961,1.13,1.50
2013.08.14 20:53:33.673,0.8959,0.8961,1.13,1.50
2013.08.14 20:53:34.235,0.8959,0.8961,1.13,1.50
2013.08.14 20:53:34.594,0.89582,0.8961,1.88,4.13
2013.08.14 20:53:35.575,0.89582,0.89605,1.13,1.50
2013.08.14 20:53:36.054,0.89582,0.89609,1.13,1.88
2013.08.14 20:53:36.414,0.89579,0.89608,1.13,2.63
2013.08.14 20:53:36.777,0.89583,0.89608,1.13,2.63
2013.08.14 20:53:37.174,0.89583,0.89608,1.13,1.50
2013.08.14 20:53:37.353,0.89576,0.89606,2.25,1.50
2013.08.14 20:53:37.594,0.89571,0.89602,1.50,2.25
2013.08.14 20:53:38.113,0.89569,0.896,1.50,2.25
2013.08.14 20:53:38.233,0.89568,0.896,2.25,2.63
2013.08.14 20:53:38.695,0.89568,0.896,2.25,2.63
2013.08.14 20:53:39.526,0.89568,0.896,1.50,2.63
2013.08.14 20:53:39.593,0.89565,0.89596,1.50,2.25
2013.08.14 20:53:40.133,0.89566,0.89596,1.13,2.25
2013.08.14 20:53:40.494,0.89569,0.89596,1.13,2.25
2013.08.14 20:53:41.040,0.89573,0.89598,1.88,1.13
2013.08.14 20:53:41.343,0.89573,0.89598,1.13,1.88
2013.08.14 20:53:43.504,0.89572,0.89598,1.13,1.50
2013.08.14 20:53:52.397,0.89572,0.89598,1.50,1.50
2013.08.14 20:53:52.525,0.89578,0.89602,1.13,1.50
2013.08.14 20:53:52.714,0.89577,0.89607,1.50,1.50
2013.08.14 20:53:52.838,0.89577,0.89608,1.88,1.50
2013.08.14 20:53:53.025,0.89575,0.89608,1.88,3.00
2013.08.14 20:53:53.093,0.89575,0.89606,1.88,2.25
2013.08.14 20:53:53.753,0.89576,0.89606,1.13,2.25
2013.08.14 20:53:54.528,0.89574,0.89606,2.25,2.25
2013.08.14 20:53:57.703,0.89576,0.89601,1.13,1.50
2013.08.14 20:53:57.943,0.89573,0.89599,1.13,2.25
2013.08.14 20:53:58.263,0.89575,0.896,1.50,1.50
2013.08.14 20:53:58.383,0.89573,0.896,1.13,1.50
2013.08.14 20:53:58.703,0.89573,0.896,1.13,1.50
2013.08.14 20:53:58.824,0.89573,0.896,1.13,1.50
2013.08.14 20:53:59.314,0.89573,0.896,1.13,1.50
2013.08.14 20:54:00.115,0.89573,0.896,1.13,1.88
2013.08.14 20:54:00.733,0.89573,0.89599,1.13,1.50
2013.08.14 20:54:01.494,0.89573,0.89598,1.88,1.50
2013.08.14 20:54:02.324,0.89572,0.89597,2.63,1.88
2013.08.14 20:54:08.774,0.89572,0.89597,1.88,2.25
2013.08.14 20:54:09.253,0.8957,0.89595,2.25,3.00
2013.08.14 20:54:09.793,0.89572,0.89595,1.88,1.50
2013.08.14 20:54:11.434,0.8957,0.89596,3.00,1.88
2013.08.14 20:54:11.793,0.8957,0.89597,3.75,1.50
2013.08.14 20:54:13.405,0.89572,0.89595,1.13,1.50
2013.08.14 20:54:14.243,0.89572,0.89597,1.13,1.50
2013.08.14 20:54:15.954,0.89573,0.89597,1.88,1.13
2013.08.14 20:54:16.073,0.89575,0.896,1.13,1.13
2013.08.14 20:54:16.133,0.89575,0.896,1.50,1.13
2013.08.14 20:54:16.313,0.89577,0.896,1.50,1.13
2013.08.14 20:54:16.373,0.89575,0.89601,3.00,1.50
2013.08.14 20:54:16.434,0.89574,0.89601,3.75,2.25
2013.08.14 20:54:16.494,0.89573,0.896,2.25,1.13
2013.08.14 20:54:17.013,0.89572,0.89601,1.88,3.38
2013.08.14 20:54:20.273,0.89573,0.89601,1.50,2.63
2013.08.14 20:54:22.713,0.89575,0.89601,1.13,1.88
2013.08.14 20:54:23.073,0.89575,0.89602,1.50,1.13
2013.08.14 20:54:23.238,0.89576,0.89604,1.50,1.50
2013.08.14 20:54:23.753,0.89576,0.89602,3.00,1.50
2013.08.14 20:54:24.283,0.89578,0.89602,1.13,2.25
2013.08.14 20:54:24.343,0.89578,0.89602,1.13,2.25
2013.08.14 20:54:24.463,0.89578,0.89602,1.13,1.50
2013.08.14 20:54:24.714,0.89578,0.89602,1.13,2.25
2013.08.14 20:54:24.893,0.89578,0.89602,1.13,1.50
2013.08.14 20:54:25.223,0.89575,0.89602,2.25,2.25
2013.08.14 20:54:26.474,0.89574,0.89601,1.88,1.50
2013.08.14 20:54:27.724,0.89575,0.896,1.50,3.00
2013.08.14 20:54:29.045,0.89576,0.89598,1.50,2.25
2013.08.14 20:54:29.403,0.89576,0.89598,1.50,3.00
2013.08.14 20:54:29.683,0.89573,0.89598,2.63,3.00
2013.08.14 20:54:29.744,0.89575,0.89598,1.13,3.00
2013.08.14 20:54:30.047,0.89581,0.89604,1.50,2.25
2013.08.14 20:54:33.744,0.8958,0.89602,1.50,1.50
2013.08.14 20:54:34.943,0.89574,0.896,1.13,1.50
2013.08.14 20:54:35.003,0.89577,0.896,1.13,3.00
2013.08.14 20:54:35.394,0.89577,0.89597,1.13,3.00
2013.08.14 20:54:35.465,0.89575,0.89597,1.13,3.00
2013.08.14 20:54:42.483,0.89577,0.89599,1.13,2.25
2013.08.14 20:54:42.543,0.89577,0.89599,1.13,1.50
2013.08.14 20:54:42.723,0.89577,0.89599,1.13,2.25
2013.08.14 20:54:43.093,0.89577,0.89599,1.13,1.50
2013.08.14 20:54:43.394,0.89573,0.89602,1.50,1.50
2013.08.14 20:54:44.043,0.89573,0.89602,1.50,2.25
2013.08.14 20:54:44.284,0.89574,0.89602,1.13,1.50
2013.08.14 20:54:44.523,0.89573,0.89602,1.50,2.25
2013.08.14 20:54:45.054,0.89576,0.89602,1.13,2.25
2013.08.14 20:54:45.573,0.89576,0.89602,1.50,2.25
2013.08.14 20:54:46.604,0.89581,0.89608,1.13,1.50
2013.08.14 20:54:46.843,0.89581,0.89611,1.50,1.50
2013.08.14 20:54:46.904,0.89581,0.8961,1.50,2.25
2013.08.14 20:54:47.387,0.89581,0.89606,1.13,3.00
2013.08.14 20:54:47.694,0.89581,0.89605,1.13,2.25
2013.08.14 20:54:48.053,0.89581,0.89601,1.13,1.50
2013.08.14 20:54:48.233,0.89573,0.89601,2.63,1.50
2013.08.14 20:54:48.743,0.89574,0.89601,1.50,1.50
2013.08.14 20:54:49.204,0.89573,0.89601,2.63,2.25
2013.08.14 20:54:49.736,0.89573,0.89601,1.88,2.25
2013.08.14 20:54:50.253,0.89573,0.89599,1.88,1.50
2013.08.14 20:54:53.203,0.89574,0.89601,2.25,2.25
2013.08.14 20:54:58.186,0.89574,0.89597,1.50,1.50
2013.08.14 20:54:58.494,0.89563,0.89593,1.13,3.00
2013.08.14 20:54:58.554,0.89563,0.89592,1.13,1.50
2013.08.14 20:54:58.974,0.89562,0.89588,1.13,1.50
2013.08.14 20:54:59.334,0.89566,0.89594,1.50,3.00
2013.08.14 20:55:00.063,0.89566,0.89593,1.50,1.50
2013.08.14 20:55:00.603,0.89571,0.89591,1.13,1.13
2013.08.14 20:55:01.474,0.89568,0.89591,1.50,1.13
2013.08.14 20:55:08.173,0.89571,0.89597,1.13,2.63
2013.08.14 20:55:08.473,0.89571,0.89597,1.13,1.50
2013.08.14 20:55:09.903,0.89574,0.89597,1.13,1.50
2013.08.14 20:55:10.203,0.8958,0.89602,1.50,1.13
2013.08.14 20:55:10.323,0.8958,0.89602,1.50,2.63
2013.08.14 20:55:11.073,0.89581,0.89602,1.50,1.88
2013.08.14 20:55:11.993,0.89581,0.89602,1.50,2.63
2013.08.14 20:55:12.543,0.89581,0.89602,1.50,1.88
2013.08.14 20:55:12.848,0.89581,0.89602,1.50,2.63
2013.08.14 20:55:13.124,0.89581,0.89602,1.50,1.50
2013.08.14 20:55:13.343,0.89581,0.89602,2.25,2.25
2013.08.14 20:55:13.644,0.89586,0.89605,1.13,1.13
2013.08.14 20:55:13.704,0.8958,0.89605,1.88,1.13
2013.08.14 20:55:14.033,0.8958,0.89605,2.25,1.13
2013.08.14 20:55:14.093,0.8958,0.89605,2.25,1.13
2013.08.14 20:55:14.333,0.89582,0.89605,1.13,1.13
2013.08.14 20:55:14.705,0.89574,0.89593,1.50,1.50
2013.08.14 20:55:14.883,0.89569,0.89588,2.25,1.50
2013.08.14 20:55:14.943,0.89566,0.89589,1.50,2.25
2013.08.14 20:55:15.064,0.89563,0.89589,1.35,2.63
2013.08.14 20:55:15.123,0.89559,0.89589,1.50,3.00
2013.08.14 20:55:15.244,0.89555,0.89586,1.50,1.13
2013.08.14 20:55:15.364,0.89549,0.89581,1.50,1.50
2013.08.14 20:55:15.544,0.89544,0.89581,2.63,1.50
2013.08.14 20:55:17.183,0.89546,0.8958,1.50,1.50
2013.08.14 20:55:17.584,0.89546,0.89579,1.50,1.13
2013.08.14 20:55:18.013,0.89544,0.89578,1.13,2.25
2013.08.14 20:55:18.954,0.89544,0.89575,1.13,1.50
2013.08.14 20:55:19.454,0.89546,0.89574,1.50,1.13
2013.08.14 20:55:26.953,0.89546,0.8957,1.50,1.50
2013.08.14 20:55:27.137,0.89537,0.89568,3.00,1.50
2013.08.14 20:55:27.324,0.89534,0.89566,1.13,1.13
2013.08.14 20:55:27.873,0.89534,0.89566,3.75,1.13
2013.08.14 20:55:28.113,0.89536,0.89566,2.25,1.13
2013.08.14 20:55:28.424,0.8954,0.89569,1.88,1.50
2013.08.14 20:55:28.613,0.8954,0.89569,1.88,1.50
2013.08.14 20:55:29.335,0.8954,0.89569,1.88,1.50
2013.08.14 20:55:30.327,0.8954,0.89569,1.88,1.50
2013.08.14 20:55:30.393,0.8954,0.89569,1.88,2.25
2013.08.14 20:55:30.454,0.89538,0.89567,1.88,1.88
2013.08.14 20:55:30.633,0.89532,0.89565,1.69,1.13
2013.08.14 20:55:30.753,0.8953,0.89564,3.00,2.25
2013.08.14 20:55:31.173,0.89531,0.89564,1.50,2.25
2013.08.14 20:55:31.474,0.89531,0.89564,1.50,2.25
2013.08.14 20:55:32.033,0.89531,0.89563,1.50,2.25
2013.08.14 20:55:32.414,0.89531,0.89565,1.50,3.00
2013.08.14 20:55:32.802,0.89531,0.89562,1.50,1.50
2013.08.14 20:55:33.433,0.89532,0.89562,2.63,1.50
2013.08.14 20:55:33.834,0.89534,0.89564,5.25,2.25
2013.08.14 20:55:34.477,0.89534,0.89562,1.88,4.88
2013.08.14 20:55:34.984,0.89534,0.89559,1.88,1.13
2013.08.14 20:55:35.614,0.89535,0.89558,1.13,1.50
2013.08.14 20:55:36.153,0.89535,0.89558,1.13,1.50
2013.08.14 20:55:37.263,0.89535,0.89556,1.13,1.50
2013.08.14 20:55:38.802,0.89535,0.89556,1.13,1.50
2013.08.14 20:55:40.887,0.89535,0.89556,1.13,1.50
2013.08.14 20:55:50.565,0.89535,0.89555,1.13,1.50
2013.08.14 20:55:52.778,0.89535,0.89555,1.13,1.13
2013.08.14 20:55:55.143,0.89532,0.89554,1.88,1.13
2013.08.14 20:55:55.463,0.89532,0.8955,1.88,1.50
2013.08.14 20:55:55.953,0.89531,0.8955,1.88,1.50
2013.08.14 20:55:56.793,0.89532,0.8955,1.88,1.50
2013.08.14 20:56:00.024,0.89531,0.89552,1.88,1.13
2013.08.14 20:56:01.123,0.89532,0.8955,1.13,1.50
2013.08.14 20:56:02.165,0.89531,0.89552,1.50,1.13
2013.08.14 20:56:02.343,0.8953,0.89551,1.13,1.13
2013.08.14 20:56:02.891,0.89529,0.89551,1.88,1.13
2013.08.14 20:56:03.443,0.89524,0.89551,2.10,1.13
2013.08.14 20:56:03.744,0.89523,0.89551,2.25,1.50
2013.08.14 20:56:03.923,0.89523,0.89551,2.25,1.50
2013.08.14 20:56:04.573,0.89517,0.89549,3.00,1.13
2013.08.14 20:56:05.034,0.89517,0.89549,3.75,1.13
2013.08.14 20:56:05.639,0.89521,0.8955,1.13,1.50
2013.08.14 20:56:09.233,0.89519,0.8955,1.13,1.50
2013.08.14 20:56:10.223,0.89519,0.89551,2.63,3.00
2013.08.14 20:56:11.173,0.89519,0.8955,2.63,1.50
2013.08.14 20:56:12.864,0.89519,0.8955,2.63,1.50
2013.08.14 20:56:21.894,0.89523,0.89544,1.50,1.13
2013.08.14 20:56:22.073,0.89519,0.8954,1.50,1.13
2013.08.14 20:56:22.516,0.89521,0.8954,1.13,1.13
2013.08.14 20:56:22.694,0.89519,0.8954,1.50,1.13
2013.08.14 20:56:23.183,0.89521,0.8954,1.13,1.13
2013.08.14 20:56:23.424,0.89519,0.8954,1.50,1.13
2013.08.14 20:56:23.605,0.89521,0.8954,1.13,1.13
2013.08.14 20:56:24.033,0.89515,0.8954,1.13,1.13
2013.08.14 20:56:24.213,0.89515,0.8954,1.88,1.13
2013.08.14 20:56:24.453,0.89516,0.89545,1.13,1.50
2013.08.14 20:56:24.964,0.89523,0.89545,1.13,1.13
2013.08.14 20:56:25.474,0.89523,0.89545,1.13,1.13
2013.08.14 20:56:25.753,0.89523,0.89545,1.13,1.13
2013.08.14 20:56:26.263,0.89523,0.89545,1.13,1.13
2013.08.14 20:56:27.034,0.89525,0.89545,1.13,1.13
2013.08.14 20:56:27.746,0.89528,0.89545,1.50,1.13
2013.08.14 20:56:28.093,0.89528,0.89545,5.63,1.13
2013.08.14 20:56:29.605,0.89528,0.89546,5.63,1.13
2013.08.14 20:56:29.964,0.89528,0.89552,1.13,1.88
2013.08.14 20:56:30.752,0.89529,0.89553,1.88,1.50
2013.08.14 20:56:31.533,0.89529,0.89553,1.88,1.50
2013.08.14 20:56:31.893,0.89533,0.89553,4.88,1.50
2013.08.14 20:56:32.903,0.89535,0.89553,4.88,1.88
2013.08.14 20:56:33.233,0.89535,0.89553,1.50,1.50
2013.08.14 20:56:33.744,0.89535,0.89553,1.50,1.50
2013.08.14 20:56:36.383,0.89534,0.89553,1.13,1.50
2013.08.14 20:56:36.623,0.8953,0.89546,1.13,1.88
2013.08.14 20:56:36.805,0.89523,0.89546,1.13,1.88
2013.08.14 20:56:36.994,0.89521,0.89546,3.38,1.13
2013.08.14 20:56:37.054,0.89523,0.89548,1.13,1.50
2013.08.14 20:56:38.053,0.89523,0.89549,1.13,1.13
2013.08.14 20:56:38.564,0.89526,0.89549,1.50,1.13
2013.08.14 20:56:50.244,0.89526,0.89551,1.50,1.50
2013.08.14 20:56:51.413,0.89526,0.89549,1.50,1.13
2013.08.14 20:56:51.952,0.89526,0.89549,1.50,1.13
2013.08.14 20:56:54.645,0.89526,0.89549,1.50,1.13
2013.08.14 20:56:58.002,0.89526,0.89549,1.88,2.63
2013.08.14 20:56:58.423,0.89518,0.8955,2.25,2.25
2013.08.14 20:56:58.623,0.89518,0.8955,2.25,2.25
2013.08.14 20:56:59.175,0.89516,0.89551,1.88,3.00
2013.08.14 20:57:00.914,0.89518,0.89549,1.50,1.50
2013.08.14 20:57:01.275,0.89518,0.89548,1.50,1.50
2013.08.14 20:57:03.344,0.89518,0.89544,1.50,1.50
2013.08.14 20:57:03.403,0.89518,0.89546,1.50,1.50
2013.08.14 20:57:04.284,0.89518,0.89544,1.50,3.00
2013.08.14 20:57:04.404,0.89517,0.89543,2.25,1.50
2013.08.14 20:57:04.893,0.89512,0.89543,1.50,1.50
2013.08.14 20:57:05.133,0.89512,0.89542,1.50,1.50
2013.08.14 20:57:05.374,0.89512,0.89541,1.50,1.50
2013.08.14 20:57:06.075,0.89511,0.89541,2.25,1.50
2013.08.14 20:57:06.636,0.89512,0.89543,1.50,1.50
2013.08.14 20:57:06.705,0.89512,0.89543,1.50,1.50
2013.08.14 20:57:08.454,0.89514,0.89544,1.50,1.13
2013.08.14 20:57:08.757,0.89521,0.89544,1.50,1.50
2013.08.14 20:57:08.883,0.89521,0.89545,1.50,1.50
2013.08.14 20:57:09.004,0.89521,0.89542,1.50,1.13
2013.08.14 20:57:09.363,0.89517,0.89542,1.13,1.13
2013.08.14 20:57:10.066,0.89517,0.89542,1.13,1.13
2013.08.14 20:57:18.822,0.89518,0.89542,1.13,1.13
2013.08.14 20:57:19.124,0.89519,0.89544,1.88,1.88
2013.08.14 20:57:19.645,0.89522,0.89544,1.13,1.50
2013.08.14 20:57:21.834,0.89519,0.89544,1.50,1.88
2013.08.14 20:57:22.343,0.89518,0.89544,1.88,1.88
2013.08.14 20:57:25.264,0.89518,0.89544,1.13,1.88
2013.08.14 20:57:31.584,0.89516,0.89538,1.13,1.13
2013.08.14 20:57:37.827,0.89519,0.89538,1.13,1.13
2013.08.14 20:57:38.196,0.89516,0.89537,1.13,1.13
2013.08.14 20:57:40.644,0.89519,0.89541,1.13,1.13
2013.08.14 20:57:40.943,0.89512,0.8954,1.13,2.25
2013.08.14 20:57:41.583,0.89515,0.89536,1.13,1.13
2013.08.14 20:57:41.773,0.89514,0.89538,1.13,1.50
2013.08.14 20:57:42.294,0.89515,0.89537,1.13,1.13
2013.08.14 20:57:43.143,0.89516,0.89538,1.13,1.13
2013.08.14 20:57:43.264,0.89516,0.8954,1.13,1.13
2013.08.14 20:57:43.803,0.89519,0.89545,1.50,1.50
2013.08.14 20:57:44.334,0.89519,0.89545,1.50,1.50
2013.08.14 20:57:45.327,0.89519,0.89545,1.50,1.50
2013.08.14 20:57:45.453,0.8952,0.8955,1.50,1.13
2013.08.14 20:57:45.513,0.8952,0.89551,1.50,2.25
2013.08.14 20:57:45.753,0.8952,0.89555,1.88,2.25
2013.08.14 20:57:45.953,0.8952,0.89555,1.88,2.25
2013.08.14 20:57:46.373,0.89523,0.89557,1.13,2.63
2013.08.14 20:57:46.593,0.89523,0.89557,1.13,1.88
2013.08.14 20:57:47.583,0.89523,0.89557,1.13,1.13
2013.08.14 20:57:48.957,0.89523,0.89557,1.13,1.13
2013.08.14 20:57:49.324,0.89525,0.89557,1.13,1.13
2013.08.14 20:57:49.888,0.89526,0.89557,2.25,1.13
2013.08.14 20:57:50.014,0.89527,0.89557,1.50,1.13
2013.08.14 20:57:50.323,0.89527,0.89557,1.50,1.13
2013.08.14 20:57:50.844,0.89528,0.89558,1.13,1.50
2013.08.14 20:57:50.994,0.89528,0.89557,1.13,1.13
2013.08.14 20:57:51.229,0.89528,0.89559,1.50,2.25
2013.08.14 20:57:51.414,0.89527,0.89561,1.50,2.25
2013.08.14 20:57:51.474,0.89527,0.89561,1.50,2.25
2013.08.14 20:57:51.654,0.89528,0.89561,1.88,2.25
2013.08.14 20:57:52.103,0.89527,0.8956,1.88,1.88
2013.08.14 20:57:52.485,0.89531,0.89557,1.13,1.13
2013.08.14 20:57:54.845,0.89535,0.89559,1.13,1.50
2013.08.14 20:58:05.413,0.89537,0.89562,1.13,1.50
2013.08.14 20:58:05.653,0.89538,0.89565,1.13,1.13
2013.08.14 20:58:06.836,0.8954,0.89562,1.13,1.13
2013.08.14 20:58:07.253,0.89538,0.89567,1.88,1.13
2013.08.14 20:58:07.443,0.8954,0.89562,1.13,1.13
2013.08.14 20:58:07.783,0.89539,0.89566,1.13,2.25
2013.08.14 20:58:11.264,0.89533,0.89559,1.13,1.50
2013.08.14 20:58:11.565,0.89527,0.89558,1.13,1.13
2013.08.14 20:58:12.752,0.89527,0.89553,1.13,1.13
2013.08.14 20:58:13.533,0.89526,0.89553,1.13,1.13
2013.08.14 20:58:14.175,0.89528,0.89553,1.50,1.13
2013.08.14 20:58:15.004,0.89531,0.89553,1.13,1.13
2013.08.14 20:58:15.904,0.89531,0.89553,1.50,1.13
2013.08.14 20:58:19.113,0.89532,0.89556,1.13,1.13
2013.08.14 20:58:19.654,0.89532,0.89553,1.13,1.13
2013.08.14 20:58:24.353,0.89529,0.89553,1.13,1.13
2013.08.14 20:58:24.924,0.89531,0.89553,1.13,1.13
2013.08.14 20:58:25.433,0.8953,0.89558,1.13,1.13
2013.08.14 20:58:25.613,0.89533,0.89558,1.13,1.13
2013.08.14 20:58:26.748,0.8953,0.89553,1.13,1.13
2013.08.14 20:58:27.276,0.89529,0.89553,1.13,1.13
2013.08.14 20:58:28.653,0.89529,0.89553,1.50,1.50
2013.08.14 20:58:29.013,0.89526,0.89553,1.50,1.50
2013.08.14 20:58:29.133,0.8952,0.89551,1.13,1.50
2013.08.14 20:58:29.893,0.89521,0.89549,1.13,1.50
2013.08.14 20:58:30.926,0.89521,0.89546,1.13,1.13
2013.08.14 20:58:31.306,0.89521,0.89549,1.13,1.50
2013.08.14 20:58:33.554,0.89523,0.89549,1.50,1.50
2013.08.14 20:58:35.996,0.89521,0.89549,1.50,1.50
2013.08.14 20:58:44.623,0.89526,0.89549,1.13,1.50
2013.08.14 20:58:45.153,0.89524,0.89549,1.13,1.13
2013.08.14 20:58:46.013,0.89526,0.89548,1.13,1.13
2013.08.14 20:58:48.037,0.89526,0.89553,1.13,1.50
2013.08.14 20:58:48.501,0.89526,0.89548,1.13,1.13
2013.08.14 20:58:51.154,0.89526,0.8955,1.13,1.13
2013.08.14 20:58:51.503,0.89525,0.89548,1.13,1.13
2013.08.14 20:58:52.433,0.89525,0.89547,1.13,1.13
2013.08.14 20:58:53.623,0.89525,0.89549,1.13,1.13
2013.08.14 20:58:53.974,0.89525,0.89547,1.13,1.13
2013.08.14 20:58:54.498,0.89524,0.89547,1.13,1.13
2013.08.14 20:58:54.803,0.89525,0.89549,1.13,1.13
2013.08.14 20:58:55.635,0.89525,0.8955,1.13,1.13
2013.08.14 20:58:55.970,0.89525,0.89549,1.13,1.13
2013.08.14 20:58:59.893,0.89522,0.89549,1.50,1.13
2013.08.14 20:59:00.755,0.89522,0.89554,1.13,1.13
2013.08.14 20:59:01.803,0.89527,0.89549,0.38,0.38
2013.08.14 20:59:10.072,0.89523,0.89556,0.75,0.38
2013.08.14 20:59:10.437,0.89518,0.89551,0.75,0.38
2013.08.14 20:59:10.682,0.89516,0.89551,0.75,0.38
2013.08.14 20:59:11.312,0.89518,0.89551,0.38,0.38
2013.08.14 20:59:12.252,0.89518,0.89548,0.38,0.75
2013.08.14 20:59:14.652,0.89517,0.89548,0.75,0.75
2013.08.14 20:59:15.192,0.89518,0.89548,1.13,0.75
2013.08.14 20:59:15.862,0.89517,0.89548,0.38,0.75
2013.08.14 20:59:16.182,0.89516,0.89538,1.88,0.75
2013.08.14 20:59:16.302,0.89514,0.89537,0.75,0.75
2013.08.14 20:59:17.833,0.89513,0.89537,0.75,0.75
2013.08.14 20:59:20.763,0.89513,0.89534,0.75,0.38
2013.08.14 20:59:20.902,0.89513,0.89537,0.75,0.38
2013.08.14 20:59:21.353,0.8951,0.89537,0.75,1.13
2013.08.14 20:59:22.843,0.8951,0.89536,0.75,0.75
2013.08.14 20:59:24.814,0.8951,0.89537,0.75,1.13
2013.08.14 20:59:28.883,0.89511,0.89535,0.75,0.75
2013.08.14 20:59:30.352,0.89506,0.89537,1.50,0.38
2013.08.14 20:59:30.413,0.89508,0.89539,0.38,0.38
2013.08.14 20:59:30.472,0.89508,0.89541,0.38,0.75
2013.08.14 20:59:32.668,0.89514,0.89545,0.38,0.75
2013.08.14 20:59:33.572,0.89514,0.89542,0.38,0.75
2013.08.14 20:59:33.932,0.89514,0.89544,0.38,0.75
2013.08.14 20:59:34.442,0.89514,0.89545,0.38,0.75
2013.08.14 20:59:34.922,0.89511,0.89552,0.38,0.45
2013.08.14 20:59:35.042,0.89511,0.89552,0.38,0.38
2013.08.14 20:59:35.113,0.89511,0.89547,0.38,0.75
2013.08.14 20:59:35.472,0.8951,0.89537,0.75,0.38
2013.08.14 20:59:35.532,0.89505,0.89537,0.75,0.38
2013.08.14 20:59:36.422,0.89505,0.89546,2.25,0.75
2013.08.14 20:59:37.553,0.89508,0.89548,0.75,0.38
2013.08.14 20:59:37.862,0.89513,0.89548,0.75,0.38
2013.08.14 20:59:38.283,0.89515,0.89548,0.75,0.38
2013.08.14 20:59:38.662,0.89518,0.89548,0.75,0.38
2013.08.14 20:59:39.573,0.89518,0.89554,0.75,1.13
2013.08.14 20:59:40.503,0.89521,0.89553,0.75,0.75
2013.08.14 20:59:41.052,0.89521,0.89554,0.75,0.38
2013.08.14 20:59:41.664,0.89521,0.89555,0.75,0.75
2013.08.14 20:59:42.283,0.8952,0.89555,0.75,0.75
2013.08.14 20:59:42.344,0.89518,0.89555,0.75,0.75
2013.08.14 20:59:42.703,0.89516,0.89554,0.75,0.38
2013.08.14 20:59:43.213,0.89516,0.89553,0.75,0.75
2013.08.14 20:59:43.773,0.89516,0.89554,0.75,1.13
2013.08.14 20:59:45.872,0.89516,0.89559,0.75,1.88
2013.08.14 20:59:46.472,0.89516,0.89558,0.75,1.50
2013.08.14 20:59:47.024,0.89516,0.89559,0.75,1.88
2013.08.14 20:59:48.355,0.89516,0.89557,0.75,0.75
2013.08.14 20:59:50.089,0.89516,0.89556,0.75,0.75
2013.08.14 20:59:50.332,0.89511,0.89556,0.75,0.75
2013.08.14 20:59:50.512,0.89511,0.89558,0.75,0.75
2013.08.14 20:59:51.079,0.89512,0.89558,0.38,0.75
2013.08.14 20:59:51.683,0.89512,0.89559,0.38,1.50
2013.08.14 20:59:52.200,0.89512,0.89558,0.38,1.50
2013.08.14 20:59:52.858,0.89511,0.89558,0.75,0.75
2013.08.14 20:59:54.533,0.89511,0.89559,0.75,0.75
2013.08.14 20:59:54.593,0.89511,0.89557,0.75,0.38
2013.08.14 20:59:56.613,0.89515,0.89557,0.75,0.38
2013.08.14 20:59:58.342,0.89515,0.89555,0.75,0.75
2013.08.14 20:59:58.402,0.89501,0.89551,0.75,0.38
2013.08.14 20:59:58.842,0.89497,0.89548,1.35,1.13
2013.08.14 20:59:59.143,0.89497,0.89545,1.35,0.38
2013.08.14 20:59:59.953,0.89497,0.89547,1.35,0.38
