2007.10.25 10:00:00.256,1.03275,1.03315,4.00,2.80
2007.10.25 10:00:00.578,1.03275,1.0332,4.00,9.30
2007.10.25 10:00:00.800,1.03275,1.0332,4.00,9.30
2007.10.25 10:00:01.023,1.03275,1.0332,4.00,9.30
2007.10.25 10:00:01.246,1.03275,1.0332,4.00,9.30
2007.10.25 10:00:01.469,1.03275,1.0332,4.00,9.30
2007.10.25 10:00:01.718,1.03275,1.0332,4.00,9.30
2007.10.25 10:00:01.965,1.03275,1.0332,4.00,9.30
2007.10.25 10:00:02.213,1.03275,1.0332,4.00,9.30
2007.10.25 10:00:02.462,1.03275,1.0332,4.00,9.30
2007.10.25 10:00:02.690,1.03275,1.0332,4.00,9.30
2007.10.25 10:00:02.917,1.03275,1.0332,4.00,9.30
2007.10.25 10:00:03.145,1.03275,1.0332,4.00,9.30
2007.10.25 10:00:03.373,1.0328,1.0332,2.80,9.30
2007.10.25 10:00:03.601,1.03285,1.0332,0.50,9.30
2007.10.25 10:00:03.933,1.03285,1.0332,0.50,5.20
2007.10.25 10:00:06.001,1.03285,1.0332,0.50,5.20
2007.10.25 10:00:06.234,1.03285,1.0332,0.50,5.20
2007.10.25 10:00:06.467,1.03285,1.0332,0.50,5.20
2007.10.25 10:00:06.698,1.03285,1.0332,0.50,5.20
2007.10.25 10:00:07.011,1.03285,1.0331,0.50,2.40
2007.10.25 10:00:07.324,1.03285,1.0331,0.50,2.40
2007.10.25 10:00:07.637,1.03275,1.0331,0.50,2.40
2007.10.25 10:00:07.950,1.03275,1.03315,0.50,6.80
2007.10.25 10:00:08.218,1.0327,1.03315,6.40,6.80
2007.10.25 10:00:08.486,1.0327,1.03315,6.40,6.80
2007.10.25 10:00:08.754,1.0327,1.0331,6.40,2.40
2007.10.25 10:00:09.067,1.0328,1.0331,0.80,2.40
2007.10.25 10:00:09.380,1.0329,1.03315,0.50,2.80
2007.10.25 10:00:09.693,1.0329,1.0332,0.80,5.20
2007.10.25 10:00:10.006,1.0329,1.0332,0.80,5.20
2007.10.25 10:00:10.259,1.0329,1.0332,0.80,5.20
2007.10.25 10:00:10.511,1.0329,1.0332,0.80,5.20
2007.10.25 10:00:10.764,1.0329,1.0332,0.80,5.20
2007.10.25 10:00:10.967,1.0329,1.0332,0.80,2.40
2007.10.25 10:00:11.170,1.0329,1.03325,0.50,7.60
2007.10.25 10:00:11.373,1.0329,1.03315,0.50,4.00
2007.10.25 10:00:11.576,1.0329,1.03315,0.50,6.80
2007.10.25 10:00:11.778,1.0328,1.03315,0.50,6.80
2007.10.25 10:00:12.076,1.0328,1.03315,0.50,6.80
2007.10.25 10:00:12.375,1.0328,1.03315,0.50,6.80
2007.10.25 10:00:12.672,1.0328,1.03315,0.50,6.80
2007.10.25 10:00:12.970,1.0328,1.03315,0.50,6.80
2007.10.25 10:00:13.208,1.0328,1.03315,0.50,6.80
2007.10.25 10:00:13.445,1.0328,1.03315,0.50,6.80
2007.10.25 10:00:13.682,1.0328,1.03315,0.50,6.80
2007.10.25 10:00:13.919,1.0328,1.03315,0.50,6.80
2007.10.25 10:00:14.252,1.0328,1.03315,0.50,6.80
2007.10.25 10:00:14.585,1.0328,1.03315,0.50,11.60
2007.10.25 10:00:14.918,1.0328,1.0331,0.50,2.80
2007.10.25 10:00:15.105,1.0328,1.0331,0.50,2.80
2007.10.25 10:00:15.386,1.0328,1.0331,0.50,2.80
2007.10.25 10:00:15.573,1.0328,1.0331,0.50,2.80
2007.10.25 10:00:15.761,1.0328,1.0331,0.50,2.80
2007.10.25 10:00:15.948,1.0328,1.0331,0.50,2.80
2007.10.25 10:00:16.236,1.0328,1.0331,0.50,2.80
2007.10.25 10:00:16.524,1.0328,1.0331,0.50,2.80
2007.10.25 10:00:16.812,1.0328,1.0331,0.50,2.80
2007.10.25 10:00:17.099,1.0328,1.0331,0.50,2.80
2007.10.25 10:00:17.291,1.0328,1.0331,0.50,2.80
2007.10.25 10:00:17.484,1.0328,1.0331,0.50,2.80
2007.10.25 10:00:17.677,1.0328,1.0331,0.50,2.80
2007.10.25 10:00:17.871,1.0328,1.0331,0.50,2.80
2007.10.25 10:00:18.063,1.0328,1.0331,0.50,2.80
2007.10.25 10:00:18.305,1.0328,1.0331,0.50,2.80
2007.10.25 10:00:18.391,1.0328,1.03315,0.50,15.60
2007.10.25 10:00:18.547,1.0328,1.03315,0.50,15.60
2007.10.25 10:00:18.789,1.0328,1.0331,0.50,0.80
2007.10.25 10:00:19.031,1.0328,1.03315,0.50,15.60
2007.10.25 10:00:19.363,1.0328,1.0331,0.50,0.60
2007.10.25 10:00:19.696,1.0328,1.0331,0.50,2.80
2007.10.25 10:00:20.029,1.0328,1.0331,0.50,2.80
2007.10.25 10:00:20.362,1.0328,1.0331,0.50,2.80
2007.10.25 10:00:20.519,1.0328,1.0331,0.50,2.80
2007.10.25 10:00:20.677,1.0328,1.0331,0.50,2.80
2007.10.25 10:00:20.834,1.0328,1.0331,0.50,2.80
2007.10.25 10:00:20.992,1.0328,1.0331,0.50,2.80
2007.10.25 10:00:21.150,1.0328,1.0331,0.50,2.80
2007.10.25 10:00:21.527,1.0328,1.0331,0.50,2.80
2007.10.25 10:00:21.830,1.0328,1.0331,0.50,2.80
2007.10.25 10:00:22.133,1.0328,1.0331,0.50,2.80
2007.10.25 10:00:22.438,1.0328,1.03315,0.50,11.60
2007.10.25 10:00:22.595,1.0328,1.03315,0.50,11.60
2007.10.25 10:00:22.751,1.0328,1.03315,0.50,11.60
2007.10.25 10:00:22.910,1.0328,1.03315,0.50,11.60
2007.10.25 10:00:23.067,1.0328,1.03315,0.50,11.60
2007.10.25 10:00:23.224,1.0328,1.03315,0.50,11.60
2007.10.25 10:00:23.543,1.0328,1.0331,0.50,2.80
2007.10.25 10:00:23.860,1.0328,1.0331,0.50,2.80
2007.10.25 10:00:24.177,1.0328,1.0331,0.50,2.80
2007.10.25 10:00:24.470,1.0328,1.0331,0.50,2.80
2007.10.25 10:00:24.762,1.0328,1.0331,0.50,2.80
2007.10.25 10:00:25.055,1.0328,1.0331,0.50,2.80
2007.10.25 10:00:25.348,1.0328,1.0331,0.50,2.80
2007.10.25 10:00:25.516,1.0328,1.0331,0.50,2.80
2007.10.25 10:00:25.682,1.0328,1.0331,0.50,2.80
2007.10.25 10:00:25.850,1.0328,1.0331,0.50,2.80
2007.10.25 10:00:26.018,1.0328,1.0331,0.50,2.80
2007.10.25 10:00:26.185,1.0328,1.0331,0.50,2.80
2007.10.25 10:00:26.353,1.0328,1.0331,0.50,2.80
2007.10.25 10:00:26.601,1.0328,1.0331,0.50,2.80
2007.10.25 10:00:26.850,1.0328,1.0331,0.50,5.20
2007.10.25 10:00:27.098,1.03275,1.0331,0.50,5.20
2007.10.25 10:00:27.346,1.03275,1.0331,0.50,5.20
2007.10.25 10:00:27.661,1.03275,1.0331,0.50,5.20
2007.10.25 10:00:27.924,1.03275,1.0331,0.50,5.20
2007.10.25 10:00:28.187,1.03275,1.0331,0.50,5.20
2007.10.25 10:00:28.450,1.03275,1.0331,0.50,5.20
2007.10.25 10:00:28.683,1.03275,1.0331,0.50,5.20
2007.10.25 10:00:28.916,1.03275,1.0331,0.50,5.20
2007.10.25 10:00:29.148,1.03275,1.0331,0.50,5.20
2007.10.25 10:00:29.380,1.03275,1.0331,0.50,5.20
2007.10.25 10:00:29.713,1.03275,1.0331,0.50,5.20
2007.10.25 10:00:30.046,1.03275,1.0331,0.50,5.20
2007.10.25 10:00:30.381,1.03275,1.0331,4.40,5.20
2007.10.25 10:00:30.558,1.03275,1.0331,4.40,5.20
2007.10.25 10:00:30.736,1.03275,1.0331,4.40,5.20
2007.10.25 10:00:30.913,1.03275,1.0331,4.40,5.20
2007.10.25 10:00:31.090,1.03275,1.0331,4.40,5.20
2007.10.25 10:00:31.267,1.03275,1.0331,4.40,5.20
2007.10.25 10:00:31.510,1.03275,1.0331,4.40,5.20
2007.10.25 10:00:31.752,1.03275,1.0331,4.40,5.20
2007.10.25 10:00:31.995,1.03275,1.0331,4.40,5.20
2007.10.25 10:00:32.238,1.03275,1.0331,4.40,5.20
2007.10.25 10:00:32.481,1.03275,1.0331,4.40,2.40
2007.10.25 10:00:32.699,1.03275,1.0331,4.40,2.40
2007.10.25 10:00:32.917,1.03275,1.0331,4.40,2.40
2007.10.25 10:00:33.134,1.03275,1.0331,4.40,2.40
2007.10.25 10:00:33.352,1.03275,1.0331,4.40,5.20
2007.10.25 10:00:33.649,1.03275,1.0331,4.40,5.20
2007.10.25 10:00:33.950,1.03275,1.0331,4.40,2.40
2007.10.25 10:00:34.247,1.03275,1.0331,4.40,2.40
2007.10.25 10:00:34.545,1.03275,1.0331,4.40,5.20
2007.10.25 10:00:34.878,1.03275,1.0331,4.40,5.20
2007.10.25 10:00:35.211,1.03275,1.0331,4.40,5.20
2007.10.25 10:00:35.544,1.03275,1.0331,4.40,5.20
2007.10.25 10:00:35.732,1.03275,1.0331,4.40,5.20
2007.10.25 10:00:35.920,1.03275,1.0331,4.40,5.20
2007.10.25 10:00:36.107,1.03275,1.0331,4.40,5.20
2007.10.25 10:00:36.295,1.03275,1.0331,4.40,5.20
2007.10.25 10:00:36.483,1.03275,1.0331,4.40,5.20
2007.10.25 10:00:36.792,1.03275,1.0331,4.40,5.20
2007.10.25 10:00:37.099,1.03275,1.0331,4.40,5.20
2007.10.25 10:00:37.407,1.03275,1.0331,4.40,5.20
2007.10.25 10:00:37.625,1.03275,1.0331,4.40,5.20
2007.10.25 10:00:37.843,1.03275,1.0331,4.40,5.20
2007.10.25 10:00:38.061,1.03275,1.0331,4.40,5.20
2007.10.25 10:00:38.278,1.03275,1.0331,4.40,5.20
2007.10.25 10:00:38.496,1.03275,1.0331,4.40,5.20
2007.10.25 10:00:38.763,1.03275,1.0331,4.40,5.20
2007.10.25 10:00:39.031,1.03275,1.0331,4.40,5.20
2007.10.25 10:00:39.298,1.03275,1.0331,4.40,5.20
2007.10.25 10:00:39.565,1.03275,1.0331,4.40,5.20
2007.10.25 10:00:39.940,1.03275,1.0331,4.40,5.20
2007.10.25 10:00:40.274,1.03275,1.0331,4.40,5.20
2007.10.25 10:00:40.608,1.03275,1.03305,0.50,5.20
2007.10.25 10:00:40.806,1.03275,1.033,0.50,2.40
2007.10.25 10:00:41.005,1.03275,1.03305,0.50,2.80
2007.10.25 10:00:41.203,1.03275,1.03305,0.50,2.80
2007.10.25 10:00:41.400,1.03275,1.03305,0.50,2.80
2007.10.25 10:00:41.597,1.03275,1.03305,0.50,2.80
2007.10.25 10:00:41.925,1.03275,1.033,0.50,2.40
2007.10.25 10:00:42.253,1.0327,1.033,0.70,2.40
2007.10.25 10:00:42.581,1.0327,1.033,0.70,5.20
2007.10.25 10:00:42.907,1.0327,1.033,0.70,5.20
2007.10.25 10:00:43.165,1.0327,1.033,0.70,5.20
2007.10.25 10:00:43.422,1.0327,1.033,0.70,5.20
2007.10.25 10:00:43.679,1.0327,1.033,0.70,5.20
2007.10.25 10:00:44.002,1.0327,1.033,0.70,5.20
2007.10.25 10:00:44.324,1.0327,1.033,0.70,5.20
2007.10.25 10:00:44.646,1.0327,1.033,0.70,2.40
2007.10.25 10:00:44.968,1.0327,1.033,0.70,2.40
2007.10.25 10:00:45.221,1.0327,1.033,0.70,2.40
2007.10.25 10:00:45.474,1.0327,1.033,0.70,2.40
2007.10.25 10:00:45.726,1.0327,1.033,0.70,2.40
2007.10.25 10:00:46.105,1.0326,1.033,6.40,2.80
2007.10.25 10:00:46.355,1.0326,1.033,6.40,2.80
2007.10.25 10:00:46.608,1.03265,1.0331,4.00,5.20
2007.10.25 10:00:46.861,1.0327,1.0331,2.40,5.20
2007.10.25 10:00:47.154,1.0328,1.03305,0.40,2.80
2007.10.25 10:00:47.448,1.0328,1.03305,0.70,2.80
2007.10.25 10:00:47.741,1.03285,1.0331,0.40,2.80
2007.10.25 10:00:48.034,1.0329,1.0332,0.40,5.20
2007.10.25 10:00:48.313,1.0329,1.0332,2.70,2.80
2007.10.25 10:00:48.590,1.03295,1.03325,0.40,4.00
2007.10.25 10:00:48.868,1.03295,1.03325,0.40,4.00
2007.10.25 10:00:49.145,1.03295,1.0333,0.40,5.20
2007.10.25 10:00:49.479,1.0331,1.0333,2.40,2.80
2007.10.25 10:00:49.811,1.0331,1.0333,2.40,2.80
2007.10.25 10:00:50.145,1.033,1.0334,4.00,2.80
2007.10.25 10:00:50.382,1.0331,1.03345,0.30,2.80
2007.10.25 10:00:50.620,1.0331,1.03345,0.30,2.80
2007.10.25 10:00:50.858,1.03315,1.03345,2.60,2.80
2007.10.25 10:00:51.096,1.0332,1.0335,0.30,2.40
2007.10.25 10:00:51.334,1.0332,1.0335,0.30,2.40
2007.10.25 10:00:51.667,1.03325,1.03345,0.30,2.80
2007.10.25 10:00:51.999,1.03325,1.0335,0.30,2.40
2007.10.25 10:00:52.333,1.03325,1.0335,0.30,2.40
2007.10.25 10:00:52.545,1.03325,1.0335,0.30,2.40
2007.10.25 10:00:52.759,1.03325,1.0335,0.60,2.40
2007.10.25 10:00:52.971,1.03335,1.0335,0.30,2.40
2007.10.25 10:00:53.184,1.03335,1.0335,0.30,2.40
2007.10.25 10:00:53.397,1.03335,1.0336,0.30,6.40
2007.10.25 10:00:53.731,1.03345,1.0337,0.20,6.40
2007.10.25 10:00:54.063,1.03345,1.0337,0.20,2.40
2007.10.25 10:00:54.396,1.03345,1.0337,0.30,2.40
2007.10.25 10:00:54.729,1.03345,1.0337,0.30,2.40
2007.10.25 10:00:55.061,1.03345,1.0337,0.30,2.40
2007.10.25 10:00:55.393,1.0335,1.03375,0.20,2.80
2007.10.25 10:00:55.636,1.03355,1.03375,0.20,2.80
2007.10.25 10:00:55.879,1.03355,1.0338,0.20,2.40
2007.10.25 10:00:56.122,1.03355,1.0338,0.20,2.40
2007.10.25 10:00:56.364,1.03355,1.0338,0.20,2.40
2007.10.25 10:00:56.656,1.03355,1.0338,0.20,2.40
2007.10.25 10:00:56.949,1.03355,1.0338,0.20,2.40
2007.10.25 10:00:57.242,1.03355,1.0338,0.20,2.40
2007.10.25 10:00:57.535,1.03355,1.0338,0.20,2.40
2007.10.25 10:00:57.819,1.03345,1.0338,0.20,2.40
2007.10.25 10:00:58.102,1.0335,1.0338,0.40,5.20
2007.10.25 10:00:58.385,1.0335,1.0338,0.40,6.40
2007.10.25 10:00:58.633,1.0335,1.0338,0.40,9.30
2007.10.25 10:00:58.883,1.0334,1.0337,0.20,2.40
2007.10.25 10:00:59.130,1.0334,1.0337,0.40,2.40
2007.10.25 10:00:59.378,1.0334,1.0337,0.40,2.40
2007.10.25 10:00:59.626,1.0334,1.0337,0.40,2.40
2007.10.25 10:00:59.957,1.0334,1.0337,0.40,2.40
2007.10.25 10:01:00.290,1.0334,1.0337,0.40,2.40
2007.10.25 10:01:00.622,1.0334,1.0337,0.40,2.40
2007.10.25 10:01:00.835,1.0334,1.0337,0.40,2.40
2007.10.25 10:01:01.050,1.03335,1.0337,8.10,5.20
2007.10.25 10:01:01.262,1.03335,1.0337,8.10,5.20
2007.10.25 10:01:01.475,1.03335,1.0337,4.10,5.20
2007.10.25 10:01:01.773,1.03335,1.0337,4.10,5.20
2007.10.25 10:01:02.071,1.03335,1.0337,0.20,9.30
2007.10.25 10:01:02.369,1.03335,1.03365,0.20,2.80
2007.10.25 10:01:02.667,1.0334,1.03365,2.40,2.80
2007.10.25 10:01:02.910,1.0334,1.03365,2.60,2.80
2007.10.25 10:01:03.153,1.03345,1.03375,0.20,11.60
2007.10.25 10:01:03.396,1.03345,1.03375,0.20,11.60
2007.10.25 10:01:03.638,1.03345,1.03375,0.20,11.60
2007.10.25 10:01:03.916,1.03345,1.0337,0.20,2.80
2007.10.25 10:01:04.194,1.03345,1.0337,0.20,2.80
2007.10.25 10:01:04.523,1.03345,1.0337,0.20,2.80
2007.10.25 10:01:04.852,1.03345,1.0337,0.20,5.20
2007.10.25 10:01:05.181,1.0334,1.0336,0.40,2.40
2007.10.25 10:01:05.510,1.0334,1.0336,0.20,2.40
2007.10.25 10:01:05.839,1.0334,1.0336,0.20,2.40
2007.10.25 10:01:06.097,1.0334,1.0336,0.20,2.40
2007.10.25 10:01:06.355,1.0334,1.0337,0.20,5.20
2007.10.25 10:01:06.613,1.03345,1.0337,4.00,5.20
2007.10.25 10:01:06.882,1.03345,1.0337,4.00,2.40
2007.10.25 10:01:07.150,1.03345,1.0337,4.00,2.40
2007.10.25 10:01:07.419,1.0334,1.03375,0.20,12.00
2007.10.25 10:01:07.687,1.0334,1.0338,0.40,9.30
2007.10.25 10:01:07.987,1.0334,1.0337,0.40,2.80
2007.10.25 10:01:08.287,1.0334,1.0337,0.40,2.80
2007.10.25 10:01:08.585,1.0334,1.03375,0.40,2.80
2007.10.25 10:01:08.884,1.0334,1.03375,0.40,2.80
2007.10.25 10:01:09.216,1.0334,1.03375,0.40,2.80
2007.10.25 10:01:09.548,1.0334,1.03375,0.40,2.80
2007.10.25 10:01:09.881,1.0334,1.03375,0.40,2.80
2007.10.25 10:01:10.063,1.0334,1.03375,0.40,2.80
2007.10.25 10:01:10.245,1.0334,1.03375,0.40,2.80
2007.10.25 10:01:10.429,1.0334,1.03375,0.40,2.80
2007.10.25 10:01:10.668,1.0334,1.03375,0.40,2.80
2007.10.25 10:01:10.848,1.0334,1.03375,0.40,2.80
2007.10.25 10:01:11.150,1.0334,1.03375,0.40,2.80
2007.10.25 10:01:11.453,1.0334,1.03375,0.40,2.80
2007.10.25 10:01:11.757,1.0334,1.03375,0.40,2.80
2007.10.25 10:01:12.060,1.0334,1.03375,0.40,2.80
2007.10.25 10:01:12.303,1.0334,1.0337,0.40,2.40
2007.10.25 10:01:12.548,1.0334,1.0335,0.20,2.40
2007.10.25 10:01:12.790,1.03335,1.0335,4.10,2.40
2007.10.25 10:01:13.068,1.03335,1.03365,4.10,2.80
2007.10.25 10:01:13.346,1.03335,1.0337,4.10,5.20
2007.10.25 10:01:13.624,1.03345,1.0337,4.00,5.20
2007.10.25 10:01:13.903,1.03345,1.0337,4.00,5.20
2007.10.25 10:01:14.235,1.03345,1.0337,4.00,5.20
2007.10.25 10:01:14.569,1.03345,1.0337,4.00,2.40
2007.10.25 10:01:14.902,1.03345,1.0337,4.00,2.40
2007.10.25 10:01:15.150,1.03345,1.0337,4.00,2.40
2007.10.25 10:01:15.398,1.03345,1.0337,4.00,2.40
2007.10.25 10:01:15.646,1.03345,1.0337,4.00,2.40
2007.10.25 10:01:15.895,1.03345,1.03375,4.00,2.80
2007.10.25 10:01:16.202,1.03355,1.0338,4.00,2.40
2007.10.25 10:01:16.510,1.03355,1.0338,4.00,2.40
2007.10.25 10:01:16.817,1.03355,1.0337,4.00,2.40
2007.10.25 10:01:17.125,1.0335,1.03385,4.10,12.00
2007.10.25 10:01:17.403,1.0335,1.0339,2.40,2.80
2007.10.25 10:01:17.681,1.0335,1.03385,2.40,2.80
2007.10.25 10:01:17.959,1.03345,1.03395,0.80,4.80
2007.10.25 10:01:18.232,1.03345,1.03395,0.80,4.80
2007.10.25 10:01:18.505,1.03345,1.03395,0.80,4.80
2007.10.25 10:01:18.778,1.0335,1.03395,2.40,4.80
2007.10.25 10:01:18.801,1.0335,1.034,2.40,11.20
2007.10.25 10:01:19.051,1.0335,1.03385,2.40,2.80
2007.10.25 10:01:19.384,1.03345,1.0339,4.80,2.80
2007.10.25 10:01:19.716,1.03345,1.0339,4.80,2.80
2007.10.25 10:01:20.049,1.03345,1.0339,12.80,2.80
2007.10.25 10:01:20.286,1.03345,1.0339,12.80,2.80
2007.10.25 10:01:20.525,1.03345,1.03385,8.80,2.80
2007.10.25 10:01:20.762,1.03345,1.03385,0.80,2.80
2007.10.25 10:01:20.999,1.03345,1.03385,0.80,2.80
2007.10.25 10:01:21.302,1.03345,1.03385,0.80,2.80
2007.10.25 10:01:21.605,1.03345,1.03385,0.80,2.80
2007.10.25 10:01:21.907,1.0335,1.03385,2.40,2.80
2007.10.25 10:01:22.209,1.0335,1.0339,2.40,2.80
2007.10.25 10:01:22.496,1.0335,1.0339,2.40,2.80
2007.10.25 10:01:22.783,1.0335,1.0339,2.40,5.20
2007.10.25 10:01:23.071,1.0335,1.0339,2.40,5.20
2007.10.25 10:01:23.304,1.0335,1.03385,2.40,2.80
2007.10.25 10:01:23.539,1.03355,1.03385,4.00,2.80
2007.10.25 10:01:23.772,1.03355,1.03385,4.00,2.80
2007.10.25 10:01:24.005,1.03355,1.03385,4.00,2.80
2007.10.25 10:01:24.237,1.03355,1.03385,4.00,2.80
2007.10.25 10:01:24.570,1.03365,1.0339,4.00,2.40
2007.10.25 10:01:24.902,1.03365,1.0339,4.00,2.40
2007.10.25 10:01:25.235,1.03365,1.0339,4.00,2.40
2007.10.25 10:01:25.484,1.03365,1.0339,4.00,5.20
2007.10.25 10:01:25.733,1.03365,1.0339,4.00,2.80
2007.10.25 10:01:25.981,1.03365,1.03395,4.00,6.80
2007.10.25 10:01:26.229,1.03365,1.03395,4.00,2.80
2007.10.25 10:01:26.547,1.03365,1.034,4.00,5.20
2007.10.25 10:01:26.865,1.03355,1.0339,12.00,2.40
2007.10.25 10:01:27.183,1.03355,1.0339,12.00,2.40
2007.10.25 10:01:27.415,1.03355,1.0339,4.00,2.40
2007.10.25 10:01:27.649,1.03355,1.0339,4.00,2.40
2007.10.25 10:01:27.882,1.03355,1.0339,4.00,2.40
2007.10.25 10:01:28.115,1.03355,1.0339,4.00,2.40
2007.10.25 10:01:28.427,1.03355,1.0339,4.00,2.80
2007.10.25 10:01:28.740,1.03355,1.0339,4.00,2.80
2007.10.25 10:01:29.075,1.03355,1.03395,4.00,3.60
2007.10.25 10:01:29.409,1.03355,1.03395,4.00,2.80
2007.10.25 10:01:29.742,1.03355,1.03395,4.00,2.80
2007.10.25 10:01:30.074,1.03355,1.03395,4.00,2.80
2007.10.25 10:01:30.312,1.03355,1.03395,4.00,2.80
2007.10.25 10:01:30.550,1.03355,1.03395,4.00,2.80
2007.10.25 10:01:30.787,1.03355,1.03395,4.00,2.80
2007.10.25 10:01:31.025,1.03355,1.03395,4.00,2.80
2007.10.25 10:01:31.262,1.03355,1.03395,4.00,2.80
2007.10.25 10:01:31.539,1.03355,1.03395,4.00,2.80
2007.10.25 10:01:31.816,1.03355,1.03395,4.00,2.80
2007.10.25 10:01:32.093,1.03355,1.03395,4.00,3.60
2007.10.25 10:01:32.371,1.0336,1.03395,2.40,7.60
2007.10.25 10:01:32.630,1.0336,1.0339,2.40,2.80
2007.10.25 10:01:32.887,1.03355,1.03385,8.00,2.80
2007.10.25 10:01:33.146,1.03355,1.0339,12.00,2.40
2007.10.25 10:01:33.448,1.03365,1.0339,4.00,2.40
2007.10.25 10:01:33.751,1.03365,1.0339,4.00,2.40
2007.10.25 10:01:34.054,1.0336,1.034,2.40,5.20
2007.10.25 10:01:34.358,1.0336,1.03395,6.40,4.00
2007.10.25 10:01:34.691,1.0337,1.03395,2.40,4.00
2007.10.25 10:01:35.026,1.03375,1.034,4.00,2.80
2007.10.25 10:01:35.358,1.03375,1.0341,4.00,5.20
2007.10.25 10:01:35.581,1.03375,1.0341,4.00,5.20
2007.10.25 10:01:35.803,1.03375,1.0341,4.00,2.40
2007.10.25 10:01:36.026,1.03375,1.0341,4.00,2.40
2007.10.25 10:01:36.248,1.03375,1.0341,4.00,2.40
2007.10.25 10:01:36.555,1.03375,1.0341,4.00,2.40
2007.10.25 10:01:36.862,1.03375,1.0341,4.00,2.40
2007.10.25 10:01:37.171,1.03375,1.0341,4.00,2.40
2007.10.25 10:01:37.478,1.03375,1.0341,4.00,2.40
2007.10.25 10:01:37.705,1.0338,1.03415,2.40,6.80
2007.10.25 10:01:37.933,1.0338,1.03415,2.40,2.80
2007.10.25 10:01:38.161,1.0338,1.0342,2.40,5.20
2007.10.25 10:01:38.389,1.0338,1.0342,2.40,5.20
2007.10.25 10:01:38.676,1.0338,1.03415,2.40,2.80
2007.10.25 10:01:38.965,1.0338,1.03415,2.40,2.80
2007.10.25 10:01:39.253,1.0338,1.03415,2.40,2.80
2007.10.25 10:01:39.540,1.0338,1.03415,2.40,2.80
2007.10.25 10:01:39.872,1.0338,1.03415,2.40,2.80
2007.10.25 10:01:40.205,1.0338,1.0342,2.40,5.20
2007.10.25 10:01:40.538,1.0338,1.0342,2.40,5.20
2007.10.25 10:01:40.751,1.0338,1.0342,2.40,5.20
2007.10.25 10:01:40.965,1.0338,1.0342,2.40,5.20
2007.10.25 10:01:41.177,1.0338,1.0342,2.40,5.20
2007.10.25 10:01:41.389,1.0338,1.0342,2.40,5.20
2007.10.25 10:01:41.652,1.0338,1.0342,2.40,5.20
2007.10.25 10:01:41.914,1.0338,1.0342,2.40,5.20
2007.10.25 10:01:42.177,1.0338,1.0342,2.40,5.20
2007.10.25 10:01:42.439,1.0338,1.0342,2.40,5.20
2007.10.25 10:01:42.697,1.0338,1.0342,2.40,5.20
2007.10.25 10:01:42.954,1.0338,1.0342,2.40,5.20
2007.10.25 10:01:43.211,1.0338,1.0342,2.40,5.20
2007.10.25 10:01:43.469,1.0338,1.0342,2.40,5.20
2007.10.25 10:01:43.681,1.0338,1.0342,2.40,5.20
2007.10.25 10:01:43.893,1.0338,1.0342,2.40,5.20
2007.10.25 10:01:44.106,1.0338,1.0342,2.40,5.20
2007.10.25 10:01:44.321,1.0338,1.0342,2.40,5.20
2007.10.25 10:01:44.534,1.0338,1.0342,2.40,5.20
2007.10.25 10:01:44.867,1.0338,1.0342,2.40,5.20
2007.10.25 10:01:45.199,1.0338,1.0342,2.40,5.20
2007.10.25 10:01:45.532,1.0338,1.0342,2.40,5.20
2007.10.25 10:01:45.749,1.0338,1.0342,2.40,5.20
2007.10.25 10:01:45.967,1.0338,1.0342,2.40,5.20
2007.10.25 10:01:46.186,1.0338,1.0342,2.40,5.20
2007.10.25 10:01:46.403,1.0338,1.0342,2.40,5.20
2007.10.25 10:01:46.620,1.0338,1.0342,2.40,5.20
2007.10.25 10:01:46.907,1.0338,1.0342,2.40,5.20
2007.10.25 10:01:47.195,1.0338,1.0342,2.40,5.20
2007.10.25 10:01:47.482,1.0338,1.0342,2.40,5.20
2007.10.25 10:01:47.770,1.03375,1.0341,8.00,2.40
2007.10.25 10:01:48.002,1.03375,1.0341,8.00,2.40
2007.10.25 10:01:48.235,1.03375,1.0341,4.00,2.40
2007.10.25 10:01:48.468,1.03375,1.0341,4.00,2.40
2007.10.25 10:01:48.701,1.03375,1.0341,4.00,2.40
2007.10.25 10:01:49.035,1.0338,1.03415,2.40,2.80
2007.10.25 10:01:49.368,1.03375,1.0341,4.00,2.40
2007.10.25 10:01:49.700,1.03375,1.0341,4.00,2.40
2007.10.25 10:01:49.904,1.03375,1.034,4.00,2.40
2007.10.25 10:01:50.106,1.03375,1.034,4.00,2.40
2007.10.25 10:01:50.309,1.03375,1.0341,4.00,5.20
2007.10.25 10:01:50.512,1.03375,1.0341,4.00,5.20
2007.10.25 10:01:50.715,1.03375,1.0341,4.00,2.40
2007.10.25 10:01:51.028,1.03375,1.0341,4.00,2.40
2007.10.25 10:01:51.341,1.03375,1.0341,4.00,2.40
2007.10.25 10:01:51.654,1.03375,1.0341,4.00,2.40
2007.10.25 10:01:51.967,1.0338,1.03415,2.40,6.80
2007.10.25 10:01:52.170,1.0338,1.0342,2.40,5.20
2007.10.25 10:01:52.372,1.0338,1.0342,2.40,5.20
2007.10.25 10:01:52.575,1.0338,1.0342,2.40,5.20
2007.10.25 10:01:52.778,1.0338,1.0342,2.40,5.20
2007.10.25 10:01:52.980,1.0338,1.0342,2.40,5.20
2007.10.25 10:01:53.258,1.0338,1.0342,2.40,5.20
2007.10.25 10:01:53.629,1.0338,1.0342,2.40,5.20
2007.10.25 10:01:53.907,1.03385,1.0342,4.00,5.20
2007.10.25 10:01:54.235,1.03385,1.0342,4.00,2.40
2007.10.25 10:01:54.563,1.03385,1.0342,4.00,2.40
2007.10.25 10:01:54.892,1.0338,1.0342,6.40,2.40
2007.10.25 10:01:55.218,1.0338,1.0342,6.40,2.40
2007.10.25 10:01:55.471,1.03385,1.0342,4.00,2.40
2007.10.25 10:01:55.724,1.0338,1.0342,6.40,5.20
2007.10.25 10:01:55.977,1.0338,1.0342,6.40,5.20
2007.10.25 10:01:56.200,1.0338,1.0342,6.40,5.20
2007.10.25 10:01:56.422,1.0338,1.0342,2.40,5.20
2007.10.25 10:01:56.646,1.0338,1.03415,2.40,4.00
2007.10.25 10:01:56.869,1.03375,1.03415,4.00,6.80
2007.10.25 10:01:57.092,1.0337,1.03415,6.40,3.60
2007.10.25 10:01:57.425,1.0338,1.0341,2.40,2.80
2007.10.25 10:01:57.758,1.0338,1.03415,2.40,3.60
2007.10.25 10:01:58.091,1.0338,1.03415,2.40,3.60
2007.10.25 10:01:58.324,1.03375,1.0341,4.00,2.40
2007.10.25 10:01:58.557,1.03375,1.03405,4.00,2.80
2007.10.25 10:01:58.790,1.0337,1.03405,2.40,2.80
2007.10.25 10:01:59.023,1.0337,1.0341,2.40,5.20
2007.10.25 10:01:59.356,1.0337,1.0341,2.40,5.20
2007.10.25 10:01:59.765,1.0337,1.0341,2.40,5.20
2007.10.25 10:02:00.097,1.0337,1.0341,2.40,5.20
2007.10.25 10:02:00.286,1.0337,1.0341,2.40,5.20
2007.10.25 10:02:00.474,1.0337,1.03405,2.40,2.80
2007.10.25 10:02:00.661,1.0337,1.03405,2.40,2.80
2007.10.25 10:02:00.850,1.0337,1.0341,6.40,5.20
2007.10.25 10:02:01.039,1.0337,1.0341,6.40,5.20
2007.10.25 10:02:01.226,1.0337,1.0341,6.40,5.20
2007.10.25 10:02:01.559,1.0337,1.03405,2.40,2.80
2007.10.25 10:02:01.892,1.0337,1.0341,2.40,5.20
2007.10.25 10:02:02.225,1.0337,1.0341,2.40,5.20
2007.10.25 10:02:02.438,1.0337,1.0341,2.40,5.20
2007.10.25 10:02:02.653,1.0338,1.0341,2.40,2.80
2007.10.25 10:02:02.866,1.0338,1.0341,2.40,2.80
2007.10.25 10:02:03.078,1.0338,1.0341,2.40,2.80
2007.10.25 10:02:03.291,1.0338,1.03415,2.40,3.60
2007.10.25 10:02:03.603,1.0338,1.03415,2.40,3.60
2007.10.25 10:02:03.916,1.0338,1.03415,2.40,3.60
2007.10.25 10:02:04.227,1.0338,1.03415,2.40,3.60
2007.10.25 10:02:04.513,1.0338,1.0342,2.40,6.00
2007.10.25 10:02:04.535,1.0338,1.03415,2.40,0.80
2007.10.25 10:02:04.842,1.03375,1.03415,8.00,0.80
2007.10.25 10:02:05.149,1.03375,1.03415,8.00,0.80
2007.10.25 10:02:05.458,1.03375,1.03415,8.00,3.60
2007.10.25 10:02:05.716,1.03375,1.03415,4.00,0.80
2007.10.25 10:02:05.974,1.03375,1.03415,4.00,0.80
2007.10.25 10:02:06.232,1.03375,1.03415,4.00,0.80
2007.10.25 10:02:06.405,1.03375,1.03415,4.00,0.80
2007.10.25 10:02:06.578,1.0337,1.03415,6.40,3.60
2007.10.25 10:02:06.750,1.0337,1.03415,6.40,3.60
2007.10.25 10:02:06.923,1.0337,1.03415,6.40,3.60
2007.10.25 10:02:07.096,1.03375,1.03415,4.00,0.80
2007.10.25 10:02:07.269,1.03375,1.03415,4.00,0.80
2007.10.25 10:02:07.442,1.03375,1.03415,4.00,0.80
2007.10.25 10:02:07.775,1.0337,1.0341,6.40,2.80
2007.10.25 10:02:08.107,1.0337,1.0341,6.40,2.80
2007.10.25 10:02:08.440,1.0337,1.0341,6.40,2.80
2007.10.25 10:02:08.653,1.0337,1.0341,6.40,2.80
2007.10.25 10:02:08.866,1.0337,1.0341,6.40,2.80
2007.10.25 10:02:09.079,1.03375,1.0341,4.00,2.80
2007.10.25 10:02:09.292,1.03375,1.0341,4.00,2.80
2007.10.25 10:02:09.504,1.03375,1.0341,4.00,2.80
2007.10.25 10:02:09.837,1.03375,1.03415,4.00,3.60
2007.10.25 10:02:10.170,1.03375,1.03415,4.00,2.80
2007.10.25 10:02:10.503,1.03375,1.03415,4.00,2.80
2007.10.25 10:02:10.730,1.03375,1.03415,4.00,2.80
2007.10.25 10:02:10.957,1.03375,1.03415,4.00,2.80
2007.10.25 10:02:11.185,1.03375,1.03415,4.00,2.80
2007.10.25 10:02:11.412,1.03375,1.03415,4.00,2.80
2007.10.25 10:02:11.710,1.03375,1.03415,4.00,2.80
2007.10.25 10:02:12.032,1.03375,1.03415,4.00,2.80
2007.10.25 10:02:12.330,1.03375,1.03415,4.00,2.80
2007.10.25 10:02:12.538,1.03375,1.03415,4.00,2.80
2007.10.25 10:02:12.746,1.03375,1.03415,4.00,2.80
2007.10.25 10:02:12.953,1.03375,1.03415,4.00,2.80
2007.10.25 10:02:13.161,1.03375,1.03415,4.00,2.80
2007.10.25 10:02:13.369,1.03375,1.0342,8.00,9.30
2007.10.25 10:02:13.577,1.03375,1.0342,8.00,9.30
2007.10.25 10:02:13.865,1.03375,1.0342,8.00,9.30
2007.10.25 10:02:14.153,1.03375,1.0342,8.00,9.30
2007.10.25 10:02:14.440,1.03375,1.0342,8.00,9.30
2007.10.25 10:02:14.773,1.03375,1.0342,8.00,9.30
2007.10.25 10:02:15.105,1.03375,1.0341,4.00,2.40
2007.10.25 10:02:15.439,1.03375,1.0341,4.00,2.40
2007.10.25 10:02:15.671,1.03375,1.0341,4.00,2.40
2007.10.25 10:02:15.904,1.03375,1.0341,4.00,5.20
2007.10.25 10:02:16.137,1.03375,1.0341,4.00,5.20
2007.10.25 10:02:16.369,1.03375,1.0341,4.00,5.20
2007.10.25 10:02:16.601,1.03375,1.0341,4.00,5.20
2007.10.25 10:02:16.888,1.03375,1.0341,4.00,5.20
2007.10.25 10:02:17.176,1.03375,1.0341,4.00,5.20
2007.10.25 10:02:17.464,1.03375,1.0341,4.00,5.20
2007.10.25 10:02:17.726,1.03375,1.0341,4.00,5.20
2007.10.25 10:02:17.989,1.03375,1.0341,4.00,5.20
2007.10.25 10:02:18.251,1.03375,1.0341,4.00,5.20
2007.10.25 10:02:18.513,1.03375,1.03405,4.00,2.80
2007.10.25 10:02:18.740,1.03375,1.03405,4.00,2.80
2007.10.25 10:02:18.968,1.03375,1.03405,4.00,2.80
2007.10.25 10:02:19.197,1.03375,1.03405,4.00,2.80
2007.10.25 10:02:19.425,1.03375,1.03405,4.00,2.80
2007.10.25 10:02:19.652,1.03375,1.03405,4.00,2.80
2007.10.25 10:02:19.985,1.03375,1.034,4.00,2.40
2007.10.25 10:02:20.319,1.03375,1.034,4.00,2.40
2007.10.25 10:02:20.652,1.03375,1.034,4.00,2.40
2007.10.25 10:02:20.875,1.03375,1.034,4.00,5.20
2007.10.25 10:02:21.098,1.03375,1.034,4.00,2.40
2007.10.25 10:02:21.321,1.03375,1.034,4.00,2.40
2007.10.25 10:02:21.544,1.03375,1.034,4.00,2.40
2007.10.25 10:02:21.837,1.03375,1.034,4.00,2.40
2007.10.25 10:02:22.130,1.03375,1.034,4.00,2.40
2007.10.25 10:02:22.421,1.03375,1.034,4.00,2.40
2007.10.25 10:02:22.713,1.03385,1.034,4.00,2.40
2007.10.25 10:02:22.931,1.03385,1.034,4.00,2.40
2007.10.25 10:02:23.149,1.03385,1.034,4.00,2.40
2007.10.25 10:02:23.367,1.03385,1.034,4.00,2.40
2007.10.25 10:02:23.585,1.03385,1.0341,4.00,5.20
2007.10.25 10:02:23.918,1.03385,1.0341,4.00,2.40
2007.10.25 10:02:24.305,1.03385,1.0341,4.00,2.40
2007.10.25 10:02:24.640,1.03385,1.0341,4.00,2.40
2007.10.25 10:02:24.908,1.03385,1.0341,4.00,2.40
2007.10.25 10:02:25.175,1.03385,1.0341,4.00,2.40
2007.10.25 10:02:25.443,1.03385,1.0341,4.00,2.40
2007.10.25 10:02:25.711,1.0338,1.034,0.80,2.40
2007.10.25 10:02:26.024,1.03375,1.034,8.00,2.40
2007.10.25 10:02:26.337,1.03375,1.034,4.00,2.40
2007.10.25 10:02:26.651,1.0337,1.03405,3.50,6.80
2007.10.25 10:02:26.964,1.03365,1.034,4.00,5.20
2007.10.25 10:02:27.212,1.03375,1.034,4.00,5.20
2007.10.25 10:02:27.460,1.03375,1.034,4.00,5.20
2007.10.25 10:02:27.707,1.03365,1.034,4.00,5.20
2007.10.25 10:02:27.985,1.03365,1.034,4.00,5.20
2007.10.25 10:02:28.263,1.03375,1.034,4.00,5.20
2007.10.25 10:02:28.544,1.03375,1.034,4.00,2.80
2007.10.25 10:02:28.826,1.03385,1.034,4.00,2.80
2007.10.25 10:02:29.158,1.03385,1.03405,4.00,2.80
2007.10.25 10:02:29.492,1.03395,1.03405,4.00,2.80
2007.10.25 10:02:29.824,1.03395,1.0341,4.00,2.40
2007.10.25 10:02:30.052,1.03395,1.0341,4.00,2.40
2007.10.25 10:02:30.279,1.03395,1.0341,4.00,2.40
2007.10.25 10:02:30.507,1.03395,1.0341,4.00,2.40
2007.10.25 10:02:30.736,1.03395,1.0341,4.00,2.40
2007.10.25 10:02:31.040,1.03395,1.0341,4.00,2.40
2007.10.25 10:02:31.343,1.03395,1.0342,4.00,5.20
2007.10.25 10:02:31.646,1.03395,1.0342,4.00,2.40
2007.10.25 10:02:31.949,1.03395,1.0342,4.00,2.40
2007.10.25 10:02:32.161,1.03395,1.0342,4.00,2.40
2007.10.25 10:02:32.373,1.03395,1.0342,4.00,2.40
2007.10.25 10:02:32.586,1.03395,1.0342,4.00,2.40
2007.10.25 10:02:32.798,1.03395,1.0342,4.00,2.40
2007.10.25 10:02:33.011,1.03395,1.0342,4.00,2.40
2007.10.25 10:02:33.323,1.03395,1.0342,4.00,2.40
2007.10.25 10:02:33.635,1.03395,1.0342,4.00,2.40
2007.10.25 10:02:33.947,1.03395,1.0342,4.00,2.40
2007.10.25 10:02:34.270,1.03395,1.0342,4.00,2.40
2007.10.25 10:02:34.593,1.03395,1.0342,4.00,2.40
2007.10.25 10:02:34.916,1.03395,1.0342,4.00,2.40
2007.10.25 10:02:35.163,1.03395,1.0342,4.00,2.40
2007.10.25 10:02:35.411,1.03395,1.0342,4.00,2.40
2007.10.25 10:02:35.659,1.03395,1.0342,4.00,2.40
2007.10.25 10:02:35.907,1.03395,1.0342,4.00,2.40
2007.10.25 10:02:36.150,1.03395,1.0342,4.00,2.40
2007.10.25 10:02:36.393,1.03395,1.0342,4.00,5.20
2007.10.25 10:02:36.636,1.03395,1.0342,4.00,5.20
2007.10.25 10:02:36.878,1.03395,1.0342,4.00,5.20
2007.10.25 10:02:37.120,1.03395,1.0342,4.00,2.40
2007.10.25 10:02:37.388,1.03395,1.0342,4.00,2.40
2007.10.25 10:02:37.656,1.03395,1.0342,4.00,2.40
2007.10.25 10:02:37.924,1.03395,1.0342,4.00,2.40
2007.10.25 10:02:38.168,1.03395,1.0342,4.00,2.40
2007.10.25 10:02:38.410,1.03395,1.0342,4.00,2.40
2007.10.25 10:02:38.654,1.03395,1.0342,4.00,2.40
2007.10.25 10:02:38.896,1.03395,1.0342,4.00,2.40
2007.10.25 10:02:39.139,1.03405,1.0342,4.00,2.40
2007.10.25 10:02:39.471,1.03405,1.0342,4.00,2.40
2007.10.25 10:02:39.804,1.03405,1.0342,4.00,2.40
2007.10.25 10:02:40.137,1.03405,1.0342,4.00,2.40
2007.10.25 10:02:40.354,1.03405,1.0342,4.00,2.40
2007.10.25 10:02:40.572,1.03405,1.0342,4.00,2.40
2007.10.25 10:02:40.790,1.03405,1.0342,4.00,2.40
2007.10.25 10:02:41.007,1.03405,1.0342,4.00,2.40
2007.10.25 10:02:41.265,1.03405,1.0342,4.00,2.40
2007.10.25 10:02:41.524,1.03405,1.0342,4.00,2.40
2007.10.25 10:02:41.781,1.03405,1.0342,4.00,2.40
2007.10.25 10:02:42.038,1.03405,1.0342,4.00,2.40
2007.10.25 10:02:42.240,1.03405,1.0342,4.00,2.40
2007.10.25 10:02:42.443,1.03405,1.0342,4.00,2.40
2007.10.25 10:02:42.720,1.03405,1.0342,4.00,2.40
2007.10.25 10:02:42.922,1.03405,1.0342,4.00,2.40
2007.10.25 10:02:43.125,1.03405,1.0342,4.00,2.40
2007.10.25 10:02:43.353,1.03405,1.0342,4.00,2.40
2007.10.25 10:02:43.583,1.03395,1.0342,4.00,2.40
2007.10.25 10:02:43.812,1.03395,1.0342,4.00,4.00
2007.10.25 10:02:44.040,1.03395,1.0342,4.00,4.00
2007.10.25 10:02:44.373,1.03395,1.0342,4.00,4.00
2007.10.25 10:02:44.706,1.03395,1.0342,4.00,4.00
2007.10.25 10:02:45.039,1.03395,1.0342,4.00,1.60
2007.10.25 10:02:45.371,1.03395,1.0342,4.00,1.60
2007.10.25 10:02:45.609,1.03395,1.0342,4.00,1.60
2007.10.25 10:02:45.846,1.03395,1.0342,4.00,1.60
2007.10.25 10:02:46.084,1.03395,1.0342,4.00,1.60
2007.10.25 10:02:46.322,1.03395,1.0342,4.00,1.60
2007.10.25 10:02:46.630,1.03395,1.0342,4.00,1.60
2007.10.25 10:02:46.937,1.03395,1.0342,4.00,1.60
2007.10.25 10:02:47.245,1.03395,1.0342,4.00,1.60
2007.10.25 10:02:47.473,1.03395,1.0342,4.00,1.60
2007.10.25 10:02:47.701,1.03395,1.0342,4.00,1.60
2007.10.25 10:02:47.928,1.03395,1.0342,4.00,1.60
2007.10.25 10:02:48.156,1.03405,1.0342,4.00,1.60
2007.10.25 10:02:48.443,1.03405,1.0342,4.00,1.60
2007.10.25 10:02:48.856,1.03405,1.0342,4.00,1.60
2007.10.25 10:02:49.144,1.03405,1.0342,4.00,1.60
2007.10.25 10:02:49.462,1.03405,1.0342,4.00,1.60
2007.10.25 10:02:49.779,1.03395,1.0342,4.00,1.60
2007.10.25 10:02:50.097,1.03395,1.0342,4.00,0.80
2007.10.25 10:02:50.414,1.03405,1.0343,4.00,4.00
2007.10.25 10:02:50.687,1.03405,1.0343,4.00,4.00
2007.10.25 10:02:50.960,1.03405,1.0343,4.00,4.00
2007.10.25 10:02:51.233,1.03405,1.0343,4.00,4.00
2007.10.25 10:02:51.486,1.03405,1.0343,4.00,4.00
2007.10.25 10:02:51.739,1.03405,1.0343,4.00,4.00
2007.10.25 10:02:51.992,1.03405,1.0343,4.00,4.00
2007.10.25 10:02:52.246,1.03395,1.0342,4.00,4.00
2007.10.25 10:02:52.518,1.0339,1.03415,4.00,0.80
2007.10.25 10:02:52.792,1.0339,1.0341,4.00,0.80
2007.10.25 10:02:53.064,1.03385,1.03405,4.00,0.80
2007.10.25 10:02:53.337,1.03385,1.03405,4.00,0.80
2007.10.25 10:02:53.630,1.03385,1.03405,4.00,0.80
2007.10.25 10:02:53.923,1.03385,1.03405,4.00,0.80
2007.10.25 10:02:54.216,1.03385,1.03405,4.00,0.80
2007.10.25 10:02:54.509,1.03385,1.03405,4.00,0.80
2007.10.25 10:02:54.842,1.03385,1.03405,4.00,0.80
2007.10.25 10:02:55.174,1.03385,1.03405,4.00,0.80
2007.10.25 10:02:55.507,1.03385,1.03405,4.00,0.80
2007.10.25 10:02:55.725,1.03385,1.03405,8.00,0.80
2007.10.25 10:02:55.943,1.03385,1.03405,8.00,0.80
2007.10.25 10:02:56.161,1.03385,1.03405,8.00,0.80
2007.10.25 10:02:56.379,1.03385,1.03425,8.00,0.80
2007.10.25 10:02:56.598,1.03385,1.034,8.00,0.80
2007.10.25 10:02:56.891,1.03385,1.034,4.00,3.20
2007.10.25 10:02:57.184,1.03385,1.034,8.00,0.80
2007.10.25 10:02:57.476,1.03385,1.03415,4.00,4.80
2007.10.25 10:02:57.730,1.03375,1.03415,8.00,0.80
2007.10.25 10:02:57.982,1.03375,1.0341,8.00,2.40
2007.10.25 10:02:58.235,1.03395,1.0342,4.00,5.30
2007.10.25 10:02:58.488,1.03395,1.03415,4.00,2.80
2007.10.25 10:02:58.780,1.03395,1.03415,4.00,2.80
2007.10.25 10:02:59.073,1.03395,1.0342,4.00,2.40
2007.10.25 10:02:59.366,1.03395,1.0341,4.00,2.40
2007.10.25 10:02:59.659,1.03385,1.0341,4.00,2.40
2007.10.25 10:02:59.993,1.03395,1.0342,4.00,5.20
2007.10.25 10:03:00.326,1.03395,1.0342,4.00,2.40
2007.10.25 10:03:00.659,1.03395,1.0342,4.00,2.40
2007.10.25 10:03:00.887,1.03385,1.0342,8.00,2.40
2007.10.25 10:03:01.131,1.03385,1.0342,8.00,2.40
2007.10.25 10:03:01.359,1.03385,1.0342,8.00,2.40
2007.10.25 10:03:01.587,1.03385,1.0342,4.00,2.40
2007.10.25 10:03:01.839,1.03385,1.0342,4.00,2.40
2007.10.25 10:03:02.092,1.0338,1.03415,4.00,0.80
2007.10.25 10:03:02.344,1.03375,1.03415,4.00,3.60
2007.10.25 10:03:02.598,1.0337,1.0341,4.00,2.40
2007.10.25 10:03:02.850,1.0337,1.0341,4.00,5.20
2007.10.25 10:03:03.133,1.0337,1.0341,4.00,9.30
2007.10.25 10:03:03.416,1.0337,1.0341,4.00,9.30
2007.10.25 10:03:03.699,1.03365,1.0341,8.00,9.30
2007.10.25 10:03:04.032,1.03365,1.0341,8.00,9.30
2007.10.25 10:03:04.364,1.03365,1.0341,8.00,9.30
2007.10.25 10:03:04.697,1.03365,1.0341,8.00,9.30
2007.10.25 10:03:05.030,1.03365,1.0341,8.00,9.30
2007.10.25 10:03:05.247,1.03365,1.0341,8.00,9.30
2007.10.25 10:03:05.465,1.03365,1.0341,8.00,9.30
2007.10.25 10:03:05.682,1.03365,1.03405,4.00,2.80
2007.10.25 10:03:05.900,1.03365,1.03405,4.00,2.80
2007.10.25 10:03:06.163,1.03365,1.03405,4.00,2.80
2007.10.25 10:03:06.426,1.03365,1.03405,4.00,2.80
2007.10.25 10:03:06.688,1.03365,1.0341,8.00,9.30
2007.10.25 10:03:06.951,1.03375,1.0341,4.00,9.30
2007.10.25 10:03:07.280,1.03375,1.0341,4.00,5.20
2007.10.25 10:03:07.538,1.03375,1.0341,4.00,5.20
2007.10.25 10:03:07.797,1.03375,1.0341,4.00,5.20
2007.10.25 10:03:08.029,1.03375,1.0341,4.00,5.20
2007.10.25 10:03:08.263,1.03375,1.0341,4.00,5.20
2007.10.25 10:03:08.496,1.03375,1.0341,4.00,5.20
2007.10.25 10:03:08.728,1.03375,1.0341,4.00,5.20
2007.10.25 10:03:08.772,1.0337,1.0341,6.40,5.20
2007.10.25 10:03:08.961,1.03375,1.0341,4.00,5.20
2007.10.25 10:03:09.294,1.03375,1.0341,4.00,5.20
2007.10.25 10:03:09.627,1.03375,1.0341,4.00,5.20
2007.10.25 10:03:09.958,1.03375,1.0341,4.00,5.20
2007.10.25 10:03:10.133,1.03375,1.0341,4.00,5.20
2007.10.25 10:03:10.305,1.03375,1.0341,4.00,5.20
2007.10.25 10:03:10.478,1.03375,1.0341,4.00,5.20
2007.10.25 10:03:10.651,1.03375,1.0341,4.00,5.20
2007.10.25 10:03:10.823,1.03375,1.0341,4.00,5.20
2007.10.25 10:03:10.996,1.03375,1.0341,4.00,5.20
2007.10.25 10:03:11.328,1.03375,1.0341,4.00,5.20
2007.10.25 10:03:11.662,1.03375,1.0341,4.00,5.20
2007.10.25 10:03:11.995,1.03375,1.0341,4.00,5.20
2007.10.25 10:03:12.187,1.03375,1.0341,4.00,5.20
2007.10.25 10:03:12.380,1.03375,1.0341,4.00,5.20
2007.10.25 10:03:12.574,1.03375,1.0341,4.00,5.20
2007.10.25 10:03:12.767,1.03375,1.0341,4.00,2.40
2007.10.25 10:03:12.960,1.03375,1.0341,4.00,2.40
2007.10.25 10:03:13.152,1.03375,1.0341,4.00,2.40
2007.10.25 10:03:13.485,1.03375,1.0341,4.00,2.40
2007.10.25 10:03:13.817,1.03375,1.0341,4.00,2.40
2007.10.25 10:03:14.149,1.03375,1.0341,4.00,2.40
2007.10.25 10:03:14.461,1.03375,1.0341,4.00,5.20
2007.10.25 10:03:14.773,1.03375,1.0341,4.00,5.20
2007.10.25 10:03:15.085,1.03375,1.0341,4.00,5.20
2007.10.25 10:03:15.308,1.03375,1.0341,4.00,5.20
2007.10.25 10:03:15.531,1.03375,1.0341,4.00,5.20
2007.10.25 10:03:15.753,1.03375,1.0341,4.00,5.20
2007.10.25 10:03:15.976,1.03375,1.0341,4.00,5.20
2007.10.25 10:03:16.199,1.03375,1.0341,4.00,5.20
2007.10.25 10:03:16.472,1.03375,1.0341,4.00,5.20
2007.10.25 10:03:16.745,1.03375,1.0341,4.00,5.20
2007.10.25 10:03:17.017,1.03375,1.0341,4.00,5.20
2007.10.25 10:03:17.289,1.03375,1.0341,4.00,5.20
2007.10.25 10:03:17.522,1.03375,1.0341,4.00,5.20
2007.10.25 10:03:17.756,1.03375,1.0341,4.00,9.30
2007.10.25 10:03:17.989,1.03365,1.0341,12.00,9.30
2007.10.25 10:03:18.222,1.03365,1.0341,12.00,9.30
2007.10.25 10:03:18.489,1.03365,1.03405,8.00,2.80
2007.10.25 10:03:18.758,1.03365,1.03405,4.00,2.80
2007.10.25 10:03:19.026,1.03365,1.03405,4.00,2.80
2007.10.25 10:03:19.294,1.03365,1.03405,4.00,2.80
2007.10.25 10:03:19.627,1.03365,1.03405,4.00,2.80
2007.10.25 10:03:19.959,1.03365,1.03405,4.00,2.80
2007.10.25 10:03:20.291,1.03365,1.03405,4.00,2.80
2007.10.25 10:03:20.473,1.03365,1.03405,4.00,2.80
2007.10.25 10:03:20.656,1.03365,1.03405,4.00,2.80
2007.10.25 10:03:20.838,1.03365,1.03405,4.00,2.80
2007.10.25 10:03:21.021,1.03365,1.03405,4.00,2.80
2007.10.25 10:03:21.203,1.03365,1.03405,4.00,2.80
2007.10.25 10:03:21.386,1.03365,1.03405,4.00,2.80
2007.10.25 10:03:21.698,1.03365,1.03405,4.00,2.80
2007.10.25 10:03:22.012,1.03365,1.0339,4.00,6.40
2007.10.25 10:03:22.325,1.03355,1.0338,8.00,2.50
2007.10.25 10:03:22.519,1.03355,1.0338,4.00,0.10
2007.10.25 10:03:22.712,1.03355,1.03385,4.00,6.80
2007.10.25 10:03:22.905,1.03355,1.03385,4.00,6.80
2007.10.25 10:03:23.098,1.03355,1.0338,4.00,0.10
2007.10.25 10:03:23.291,1.03345,1.0338,12.80,0.10
2007.10.25 10:03:23.624,1.0336,1.0339,4.00,6.40
2007.10.25 10:03:23.957,1.03345,1.03385,8.80,2.80
2007.10.25 10:03:24.290,1.03345,1.03385,8.80,2.80
2007.10.25 10:03:24.622,1.03345,1.0339,8.80,2.80
2007.10.25 10:03:24.955,1.03345,1.0339,8.80,2.80
2007.10.25 10:03:25.287,1.03345,1.0339,8.80,2.80
2007.10.25 10:03:25.494,1.03345,1.0339,8.80,2.80
2007.10.25 10:03:25.701,1.03345,1.0339,8.80,2.80
2007.10.25 10:03:25.909,1.03345,1.0339,8.80,2.80
2007.10.25 10:03:26.118,1.0335,1.0339,2.40,2.80
2007.10.25 10:03:26.326,1.03355,1.0339,4.00,2.80
2007.10.25 10:03:26.634,1.03355,1.0339,4.00,2.80
2007.10.25 10:03:26.942,1.03355,1.03395,4.00,2.80
2007.10.25 10:03:27.250,1.03355,1.03395,4.00,2.80
2007.10.25 10:03:27.557,1.03355,1.034,8.00,5.20
2007.10.25 10:03:27.849,1.03355,1.034,8.00,5.20
2007.10.25 10:03:28.141,1.03355,1.034,8.00,5.20
2007.10.25 10:03:28.435,1.03355,1.03385,8.00,0.10
2007.10.25 10:03:28.649,1.03355,1.0338,8.00,0.10
2007.10.25 10:03:28.861,1.03365,1.0338,4.00,0.10
2007.10.25 10:03:29.073,1.03365,1.0338,4.00,0.10
2007.10.25 10:03:29.286,1.03365,1.0338,4.00,0.10
2007.10.25 10:03:29.499,1.03365,1.0338,4.00,0.10
2007.10.25 10:03:29.832,1.03365,1.0339,4.00,2.50
2007.10.25 10:03:30.164,1.03365,1.0339,4.00,2.50
2007.10.25 10:03:30.498,1.03365,1.0339,8.00,2.50
2007.10.25 10:03:30.729,1.03365,1.0339,8.00,2.50
2007.10.25 10:03:30.961,1.03365,1.03385,4.00,0.10
2007.10.25 10:03:31.194,1.03365,1.0338,4.00,0.10
2007.10.25 10:03:31.427,1.03365,1.0338,4.00,0.10
2007.10.25 10:03:31.659,1.03365,1.0338,4.00,2.50
2007.10.25 10:03:31.972,1.03365,1.0338,4.00,2.50
2007.10.25 10:03:32.285,1.03365,1.0338,4.00,2.50
2007.10.25 10:03:32.597,1.03365,1.0338,4.00,2.50
2007.10.25 10:03:32.820,1.03365,1.0338,4.00,2.50
2007.10.25 10:03:33.042,1.03365,1.0338,4.00,2.50
2007.10.25 10:03:33.265,1.03365,1.0338,4.00,2.50
2007.10.25 10:03:33.487,1.03365,1.0338,4.00,2.50
2007.10.25 10:03:33.709,1.03365,1.0338,4.00,2.50
2007.10.25 10:03:34.041,1.03365,1.0338,4.00,2.50
2007.10.25 10:03:34.374,1.03365,1.0338,4.00,2.50
2007.10.25 10:03:34.707,1.03365,1.0338,4.00,2.50
2007.10.25 10:03:34.890,1.03365,1.0338,4.00,2.50
2007.10.25 10:03:35.073,1.03365,1.0338,4.00,0.10
2007.10.25 10:03:35.257,1.03355,1.0338,4.00,0.10
2007.10.25 10:03:35.439,1.03355,1.0338,4.00,0.10
2007.10.25 10:03:35.622,1.03355,1.0338,4.00,2.50
2007.10.25 10:03:35.805,1.03355,1.0337,4.00,0.10
2007.10.25 10:03:36.137,1.0335,1.0337,2.40,0.10
2007.10.25 10:03:36.470,1.0335,1.03385,2.70,2.40
2007.10.25 10:03:36.803,1.0335,1.03385,2.70,2.40
2007.10.25 10:03:36.995,1.0335,1.03385,2.70,5.20
2007.10.25 10:03:37.188,1.0335,1.03385,2.70,5.20
2007.10.25 10:03:37.380,1.0335,1.03385,2.70,5.20
2007.10.25 10:03:37.573,1.0335,1.03385,2.70,5.20
2007.10.25 10:03:37.765,1.0335,1.03385,2.70,5.20
2007.10.25 10:03:38.007,1.0335,1.03385,2.70,5.20
2007.10.25 10:03:38.250,1.0335,1.03385,2.70,5.20
2007.10.25 10:03:38.492,1.0335,1.03385,2.70,5.20
2007.10.25 10:03:38.735,1.0335,1.0338,0.40,2.40
2007.10.25 10:03:39.057,1.0335,1.0338,0.40,2.40
2007.10.25 10:03:39.379,1.0335,1.0338,0.40,2.40
2007.10.25 10:03:39.701,1.0335,1.0338,0.40,2.40
2007.10.25 10:03:40.024,1.0335,1.0338,0.40,2.40
2007.10.25 10:03:40.254,1.0335,1.0338,0.40,2.40
2007.10.25 10:03:40.480,1.0335,1.0338,0.40,2.40
2007.10.25 10:03:40.706,1.0335,1.0338,0.40,2.40
2007.10.25 10:03:40.936,1.0335,1.0338,0.40,2.40
2007.10.25 10:03:41.240,1.0335,1.0338,0.40,2.40
2007.10.25 10:03:41.542,1.0335,1.0338,0.40,2.40
2007.10.25 10:03:41.844,1.0335,1.0338,0.40,2.40
2007.10.25 10:03:42.081,1.0335,1.0338,0.40,2.40
2007.10.25 10:03:42.318,1.0335,1.0338,0.40,2.40
2007.10.25 10:03:42.555,1.0335,1.0338,0.40,2.40
2007.10.25 10:03:42.793,1.03355,1.03385,4.00,2.80
2007.10.25 10:03:43.076,1.03355,1.0339,4.00,9.30
2007.10.25 10:03:43.360,1.03355,1.0338,4.00,2.40
2007.10.25 10:03:43.642,1.03355,1.0338,4.00,2.40
2007.10.25 10:03:43.925,1.03355,1.0338,4.00,2.40
2007.10.25 10:03:44.258,1.03355,1.0338,4.00,2.40
2007.10.25 10:03:44.591,1.03355,1.0338,4.00,2.40
2007.10.25 10:03:44.924,1.0335,1.0338,0.40,2.40
2007.10.25 10:03:45.122,1.0335,1.0338,0.40,2.40
2007.10.25 10:03:45.319,1.0335,1.0338,0.40,2.40
2007.10.25 10:03:45.517,1.0335,1.0338,0.40,2.40
2007.10.25 10:03:45.715,1.0335,1.0338,0.40,2.40
2007.10.25 10:03:45.913,1.0335,1.0338,0.40,2.40
2007.10.25 10:03:46.212,1.0335,1.03385,2.70,2.80
2007.10.25 10:03:46.509,1.0336,1.0339,0.20,5.20
2007.10.25 10:03:46.807,1.0336,1.0339,0.40,2.40
2007.10.25 10:03:47.105,1.0336,1.0339,0.40,5.20
2007.10.25 10:03:47.367,1.0336,1.0339,0.40,2.40
2007.10.25 10:03:47.630,1.0336,1.0339,0.40,5.20
2007.10.25 10:03:47.892,1.0336,1.0339,0.40,5.20
2007.10.25 10:03:48.149,1.0336,1.0339,0.40,5.20
2007.10.25 10:03:48.406,1.0336,1.0339,0.40,5.20
2007.10.25 10:03:48.663,1.03365,1.0339,4.00,2.80
2007.10.25 10:03:48.922,1.03365,1.0339,4.10,5.20
2007.10.25 10:03:49.254,1.03365,1.0339,0.20,2.40
2007.10.25 10:03:49.587,1.03365,1.0339,0.20,5.20
2007.10.25 10:03:49.920,1.0336,1.0339,0.20,5.20
2007.10.25 10:03:50.226,1.03365,1.03395,4.00,8.00
2007.10.25 10:03:50.431,1.03375,1.03395,4.00,4.00
2007.10.25 10:03:50.639,1.03375,1.03405,4.00,6.80
2007.10.25 10:03:50.847,1.03375,1.0341,4.00,6.40
2007.10.25 10:03:51.054,1.03375,1.034,4.10,2.40
2007.10.25 10:03:51.337,1.03375,1.034,4.10,2.40
2007.10.25 10:03:51.621,1.03375,1.0341,4.10,5.20
2007.10.25 10:03:51.904,1.03385,1.0341,4.00,2.40
2007.10.25 10:03:52.187,1.03385,1.0341,4.00,2.40
2007.10.25 10:03:52.479,1.03385,1.0341,4.00,2.40
2007.10.25 10:03:52.771,1.03385,1.0341,4.00,2.40
2007.10.25 10:03:53.064,1.03385,1.0341,4.00,2.40
2007.10.25 10:03:53.356,1.03385,1.0341,4.10,2.40
2007.10.25 10:03:53.634,1.0339,1.0342,0.20,2.40
2007.10.25 10:03:53.911,1.0339,1.0342,0.20,5.20
2007.10.25 10:03:54.189,1.03385,1.0341,4.10,2.40
2007.10.25 10:03:54.522,1.0338,1.0341,0.40,2.40
2007.10.25 10:03:54.854,1.0338,1.0341,0.40,5.20
2007.10.25 10:03:55.186,1.0338,1.0341,0.40,5.20
2007.10.25 10:03:55.409,1.0338,1.0341,0.40,5.20
2007.10.25 10:03:55.632,1.0338,1.0341,0.40,2.40
2007.10.25 10:03:55.855,1.0338,1.0341,0.40,2.40
2007.10.25 10:03:56.078,1.0338,1.0341,0.40,2.40
2007.10.25 10:03:56.363,1.0338,1.0341,0.40,2.40
2007.10.25 10:03:56.691,1.0338,1.0341,0.40,2.40
2007.10.25 10:03:57.021,1.0338,1.0341,0.40,2.40
2007.10.25 10:03:57.349,1.0338,1.0341,0.40,2.40
2007.10.25 10:03:57.561,1.0338,1.0341,0.40,2.40
2007.10.25 10:03:57.774,1.0338,1.0341,0.40,2.40
2007.10.25 10:03:57.987,1.0338,1.0341,0.40,2.40
2007.10.25 10:03:58.199,1.0338,1.0341,0.40,2.40
2007.10.25 10:03:58.427,1.0338,1.0341,0.40,2.40
2007.10.25 10:03:58.655,1.0338,1.0341,0.40,2.40
2007.10.25 10:03:58.883,1.0338,1.0341,0.40,2.40
2007.10.25 10:03:59.110,1.0338,1.0341,0.40,2.40
2007.10.25 10:03:59.338,1.0338,1.0341,0.40,2.40
2007.10.25 10:03:59.671,1.0338,1.0341,0.40,2.40
2007.10.25 10:04:00.004,1.0338,1.0341,0.40,2.40
2007.10.25 10:04:00.239,1.03375,1.0341,4.50,2.40
2007.10.25 10:04:00.337,1.0338,1.0341,0.40,2.40
2007.10.25 10:04:00.534,1.03375,1.0341,4.50,2.40
2007.10.25 10:04:00.732,1.03375,1.0341,4.50,2.40
2007.10.25 10:04:00.929,1.03375,1.0341,4.50,2.40
2007.10.25 10:04:01.127,1.0338,1.0341,0.40,2.40
2007.10.25 10:04:01.325,1.03375,1.0341,4.50,2.40
2007.10.25 10:04:01.613,1.03375,1.0341,4.50,2.40
2007.10.25 10:04:01.902,1.03375,1.0341,4.50,2.40
2007.10.25 10:04:02.189,1.03375,1.03415,6.80,10.80
2007.10.25 10:04:02.499,1.0338,1.03415,1.00,2.80
2007.10.25 10:04:02.712,1.0338,1.0342,0.60,5.20
2007.10.25 10:04:02.926,1.0338,1.0342,0.50,5.20
2007.10.25 10:04:03.137,1.0338,1.0342,0.60,5.20
2007.10.25 10:04:03.350,1.03375,1.0342,22.40,5.20
2007.10.25 10:04:03.564,1.03375,1.0342,22.40,5.20
2007.10.25 10:04:03.801,1.03375,1.0342,22.40,5.20
2007.10.25 10:04:04.040,1.0338,1.0342,1.20,5.20
2007.10.25 10:04:04.278,1.03375,1.0342,22.40,5.20
2007.10.25 10:04:04.515,1.03375,1.0342,22.40,5.20
2007.10.25 10:04:04.753,1.03375,1.0342,22.40,5.20
2007.10.25 10:04:05.085,1.0338,1.0342,0.90,5.20
2007.10.25 10:04:05.417,1.03375,1.0342,22.40,5.20
2007.10.25 10:04:05.750,1.03375,1.0342,22.40,5.20
2007.10.25 10:04:05.962,1.0338,1.0342,0.90,5.20
2007.10.25 10:04:06.176,1.0338,1.0342,1.50,5.20
2007.10.25 10:04:06.388,1.0338,1.0342,0.70,5.20
2007.10.25 10:04:06.600,1.03375,1.0342,22.40,5.20
2007.10.25 10:04:06.868,1.0338,1.03415,1.50,10.80
2007.10.25 10:04:07.136,1.03375,1.03415,6.60,10.80
2007.10.25 10:04:07.405,1.03375,1.03415,6.60,13.20
2007.10.25 10:04:07.673,1.0338,1.03415,0.50,10.40
2007.10.25 10:04:07.924,1.0338,1.03415,0.90,10.40
2007.10.25 10:04:08.177,1.03375,1.03415,10.60,10.40
2007.10.25 10:04:08.429,1.03375,1.03415,10.60,10.40
2007.10.25 10:04:08.682,1.0338,1.03415,0.80,10.40
2007.10.25 10:04:08.860,1.03375,1.03415,10.60,10.40
2007.10.25 10:04:09.037,1.0338,1.03415,1.20,10.40
2007.10.25 10:04:09.214,1.0338,1.03415,0.90,10.40
2007.10.25 10:04:09.391,1.03375,1.03415,10.60,10.40
2007.10.25 10:04:09.569,1.03375,1.03415,10.60,10.40
2007.10.25 10:04:09.747,1.0338,1.03415,0.90,10.40
2007.10.25 10:04:10.079,1.0338,1.03415,1.00,10.40
2007.10.25 10:04:10.412,1.0338,1.03415,0.90,10.40
2007.10.25 10:04:10.745,1.0338,1.03415,0.50,10.40
2007.10.25 10:04:10.898,1.03375,1.03415,10.60,10.40
2007.10.25 10:04:11.050,1.03375,1.03415,10.60,10.40
2007.10.25 10:04:11.204,1.0338,1.03415,0.60,10.40
2007.10.25 10:04:11.355,1.0338,1.03415,1.60,10.40
2007.10.25 10:04:11.508,1.03375,1.03415,10.60,10.40
2007.10.25 10:04:11.660,1.03375,1.03415,10.60,10.40
2007.10.25 10:04:11.813,1.03375,1.03415,10.60,10.40
2007.10.25 10:04:12.141,1.03375,1.0341,8.20,2.40
2007.10.25 10:04:12.469,1.0338,1.0341,8.10,2.40
2007.10.25 10:04:12.796,1.0338,1.03415,0.70,6.40
2007.10.25 10:04:12.990,1.03375,1.03415,15.40,10.40
2007.10.25 10:04:13.183,1.03375,1.0341,13.00,2.40
2007.10.25 10:04:13.376,1.0338,1.0341,4.10,2.40
2007.10.25 10:04:13.569,1.0338,1.0342,10.50,9.30
2007.10.25 10:04:13.762,1.0338,1.03415,10.50,2.40
2007.10.25 10:04:13.955,1.03375,1.03415,19.40,6.40
2007.10.25 10:04:14.288,1.03375,1.0341,17.80,2.40
2007.10.25 10:04:14.621,1.0338,1.0342,7.30,9.30
2007.10.25 10:04:14.953,1.0338,1.03415,3.50,10.40
2007.10.25 10:04:15.142,1.03375,1.0341,9.90,2.40
2007.10.25 10:04:15.329,1.0338,1.0341,4.60,2.40
2007.10.25 10:04:15.517,1.0338,1.0341,4.30,2.40
2007.10.25 10:04:15.706,1.03385,1.0341,1.90,2.40
2007.10.25 10:04:15.894,1.0338,1.0341,4.30,2.40
2007.10.25 10:04:16.187,1.03385,1.0341,0.80,6.40
2007.10.25 10:04:16.480,1.0338,1.0341,0.40,6.40
2007.10.25 10:04:16.772,1.03375,1.0341,4.50,9.30
2007.10.25 10:04:17.065,1.0338,1.0341,0.20,9.30
2007.10.25 10:04:17.308,1.03375,1.0341,4.50,9.30
2007.10.25 10:04:17.550,1.0338,1.0341,0.20,9.30
2007.10.25 10:04:17.792,1.0338,1.0341,0.20,9.30
2007.10.25 10:04:18.034,1.0338,1.0341,0.20,9.30
2007.10.25 10:04:18.291,1.03375,1.03405,0.40,8.00
2007.10.25 10:04:18.550,1.0337,1.03405,2.70,8.00
2007.10.25 10:04:18.809,1.0337,1.03405,2.70,8.00
2007.10.25 10:04:19.068,1.0337,1.03405,2.70,8.00
2007.10.25 10:04:19.399,1.03375,1.03405,0.20,8.00
2007.10.25 10:04:19.732,1.03375,1.034,0.20,2.40
2007.10.25 10:04:20.064,1.0337,1.034,0.40,2.40
2007.10.25 10:04:20.287,1.03375,1.034,0.20,2.40
2007.10.25 10:04:20.508,1.03375,1.034,0.20,2.40
2007.10.25 10:04:20.730,1.0337,1.0339,0.40,6.40
2007.10.25 10:04:20.954,1.0336,1.0339,2.00,6.40
2007.10.25 10:04:21.177,1.03355,1.0339,4.50,9.30
2007.10.25 10:04:21.469,1.03355,1.0339,4.50,9.30
2007.10.25 10:04:21.762,1.0336,1.0339,0.40,9.30
2007.10.25 10:04:22.054,1.0336,1.0339,0.40,9.30
2007.10.25 10:04:22.346,1.03355,1.0339,4.50,9.30
2007.10.25 10:04:22.588,1.0336,1.0339,0.40,9.30
2007.10.25 10:04:22.830,1.0336,1.0339,0.40,9.30
2007.10.25 10:04:23.074,1.0336,1.0339,0.40,9.30
2007.10.25 10:04:23.317,1.03355,1.0339,4.50,9.30
2007.10.25 10:04:23.519,1.0336,1.0339,0.40,9.30
2007.10.25 10:04:23.723,1.03355,1.0339,4.50,9.30
2007.10.25 10:04:23.926,1.0336,1.0339,0.40,9.30
2007.10.25 10:04:24.128,1.03355,1.0339,4.50,9.30
2007.10.25 10:04:24.330,1.03355,1.0339,4.50,9.30
2007.10.25 10:04:24.663,1.03355,1.0339,4.50,9.30
2007.10.25 10:04:24.996,1.03355,1.0339,8.50,6.40
2007.10.25 10:04:25.329,1.03355,1.0339,4.50,6.40
2007.10.25 10:04:25.566,1.03355,1.0339,4.50,6.40
2007.10.25 10:04:25.805,1.03355,1.0339,4.50,6.40
2007.10.25 10:04:26.042,1.03355,1.0339,4.50,6.40
2007.10.25 10:04:26.280,1.03355,1.0339,4.50,6.40
2007.10.25 10:04:26.534,1.03355,1.0339,4.50,9.30
2007.10.25 10:04:26.786,1.0336,1.0339,0.40,9.30
2007.10.25 10:04:27.070,1.03355,1.0339,4.50,9.30
2007.10.25 10:04:27.322,1.03355,1.0339,4.50,9.30
2007.10.25 10:04:27.549,1.0336,1.0339,0.40,9.30
2007.10.25 10:04:27.776,1.0336,1.0339,0.40,9.30
2007.10.25 10:04:28.004,1.0336,1.0339,0.40,9.30
2007.10.25 10:04:28.232,1.0336,1.0339,0.40,9.30
2007.10.25 10:04:28.292,1.0336,1.03395,0.40,26.10
2007.10.25 10:04:28.459,1.0336,1.03395,0.40,26.10
2007.10.25 10:04:28.712,1.0336,1.03395,0.40,26.10
2007.10.25 10:04:28.965,1.0336,1.03395,0.40,26.10
2007.10.25 10:04:29.218,1.0336,1.0339,0.40,0.80
2007.10.25 10:04:29.470,1.0336,1.03395,0.40,26.10
2007.10.25 10:04:29.804,1.0336,1.0338,0.20,0.60
2007.10.25 10:04:30.137,1.03355,1.0338,8.00,0.60
2007.10.25 10:04:30.470,1.03355,1.0338,4.00,0.90
2007.10.25 10:04:30.683,1.03355,1.03385,4.00,1.60
2007.10.25 10:04:30.895,1.03355,1.03385,4.00,1.60
2007.10.25 10:04:31.109,1.03355,1.0338,4.00,0.70
2007.10.25 10:04:31.321,1.03355,1.0338,4.00,0.80
2007.10.25 10:04:31.534,1.03355,1.03385,4.00,1.60
2007.10.25 10:04:31.827,1.03355,1.03385,8.00,1.60
2007.10.25 10:04:32.121,1.03355,1.0338,4.00,0.60
2007.10.25 10:04:32.414,1.03345,1.0338,12.80,0.60
2007.10.25 10:04:32.706,1.03345,1.0338,12.80,0.90
2007.10.25 10:04:32.999,1.03345,1.0338,12.80,0.90
2007.10.25 10:04:33.293,1.03345,1.0338,12.80,0.50
2007.10.25 10:04:33.586,1.03345,1.0338,12.80,0.70
2007.10.25 10:04:33.793,1.03345,1.03385,12.80,11.90
2007.10.25 10:04:34.000,1.03345,1.0338,12.80,0.60
2007.10.25 10:04:34.209,1.03345,1.03385,12.80,11.90
2007.10.25 10:04:34.416,1.03345,1.0338,12.80,0.80
2007.10.25 10:04:34.624,1.03345,1.0338,12.80,0.60
2007.10.25 10:04:34.957,1.03345,1.0338,12.80,0.60
2007.10.25 10:04:35.289,1.03345,1.0338,12.80,0.70
2007.10.25 10:04:35.621,1.03345,1.0338,12.80,0.70
2007.10.25 10:04:35.819,1.03345,1.03385,12.80,14.80
2007.10.25 10:04:36.016,1.03345,1.0338,12.80,0.70
2007.10.25 10:04:36.214,1.03345,1.0338,12.80,0.60
2007.10.25 10:04:36.411,1.03345,1.0338,12.80,0.60
2007.10.25 10:04:36.609,1.03345,1.03385,12.80,11.90
2007.10.25 10:04:36.931,1.03345,1.03385,12.80,11.90
2007.10.25 10:04:37.253,1.0335,1.03385,4.00,11.90
2007.10.25 10:04:37.576,1.0335,1.0338,4.00,0.50
2007.10.25 10:04:37.898,1.0335,1.03385,4.00,11.90
2007.10.25 10:04:38.107,1.0335,1.03385,4.00,11.90
2007.10.25 10:04:38.315,1.03345,1.0338,12.80,0.90
2007.10.25 10:04:38.522,1.03345,1.03385,12.80,11.90
2007.10.25 10:04:38.729,1.03345,1.0338,12.80,0.70
2007.10.25 10:04:39.061,1.03345,1.0338,12.80,0.80
2007.10.25 10:04:39.393,1.03345,1.0338,12.80,0.50
2007.10.25 10:04:39.726,1.03345,1.03385,12.80,14.80
2007.10.25 10:04:39.904,1.03345,1.03385,12.80,14.80
2007.10.25 10:04:40.080,1.03345,1.03385,12.80,14.80
2007.10.25 10:04:40.258,1.03345,1.0338,12.80,0.60
2007.10.25 10:04:40.435,1.03345,1.03385,12.80,14.80
2007.10.25 10:04:40.612,1.03345,1.03385,12.80,11.90
2007.10.25 10:04:40.790,1.03345,1.0338,12.80,0.50
2007.10.25 10:04:41.112,1.03345,1.03385,12.80,11.90
2007.10.25 10:04:41.435,1.03345,1.03385,12.80,11.90
2007.10.25 10:04:41.759,1.03345,1.03385,12.80,11.90
2007.10.25 10:04:41.971,1.03345,1.0338,12.80,0.70
2007.10.25 10:04:42.183,1.03345,1.0338,12.80,0.80
2007.10.25 10:04:42.395,1.03345,1.03385,12.80,11.90
2007.10.25 10:04:42.608,1.03345,1.0338,12.80,0.50
2007.10.25 10:04:42.822,1.03345,1.0338,12.80,0.80
2007.10.25 10:04:43.079,1.03345,1.03385,12.80,11.90
2007.10.25 10:04:43.336,1.03345,1.0338,12.80,0.80
2007.10.25 10:04:43.593,1.03345,1.03385,12.80,11.90
2007.10.25 10:04:43.850,1.0335,1.03385,2.40,9.50
2007.10.25 10:04:44.108,1.0335,1.03385,2.40,12.40
2007.10.25 10:04:44.441,1.03345,1.03385,8.80,14.80
2007.10.25 10:04:44.774,1.03345,1.0338,8.80,0.80
2007.10.25 10:04:45.108,1.03355,1.0338,4.00,3.50
2007.10.25 10:04:45.310,1.03355,1.0338,4.00,3.50
2007.10.25 10:04:45.513,1.03355,1.03375,4.00,0.60
2007.10.25 10:04:45.715,1.03355,1.0338,4.00,3.50
2007.10.25 10:04:45.918,1.03355,1.0338,4.00,3.50
2007.10.25 10:04:46.211,1.03355,1.03375,4.00,0.60
2007.10.25 10:04:46.503,1.03355,1.0338,4.00,3.50
2007.10.25 10:04:46.797,1.03355,1.0338,4.00,3.50
2007.10.25 10:04:47.089,1.03355,1.03375,4.00,0.60
2007.10.25 10:04:47.352,1.03355,1.0338,4.00,3.50
2007.10.25 10:04:47.614,1.03355,1.0338,4.00,3.50
2007.10.25 10:04:47.877,1.03355,1.0338,4.00,3.50
2007.10.25 10:04:48.138,1.03355,1.03375,4.00,0.60
2007.10.25 10:04:48.366,1.03355,1.03375,4.00,0.60
2007.10.25 10:04:48.594,1.03355,1.03375,4.00,0.60
2007.10.25 10:04:48.822,1.03345,1.03375,16.00,0.60
2007.10.25 10:04:49.050,1.03345,1.0338,8.00,3.50
2007.10.25 10:04:49.278,1.03345,1.03375,8.00,0.60
2007.10.25 10:04:49.611,1.03345,1.0338,8.00,6.40
2007.10.25 10:04:49.944,1.03355,1.0338,4.00,3.50
2007.10.25 10:04:50.280,1.03355,1.0338,4.00,3.50
2007.10.25 10:04:50.507,1.03345,1.03375,8.00,0.60
2007.10.25 10:04:50.735,1.03345,1.03375,8.00,0.60
2007.10.25 10:04:50.962,1.03345,1.0338,8.00,3.50
2007.10.25 10:04:51.191,1.03345,1.03375,8.00,0.60
2007.10.25 10:04:51.408,1.03345,1.0338,8.00,3.50
2007.10.25 10:04:51.626,1.03345,1.0338,8.00,3.50
2007.10.25 10:04:51.843,1.03345,1.0338,8.00,3.50
2007.10.25 10:04:52.061,1.03345,1.03375,8.00,0.60
2007.10.25 10:04:52.279,1.03345,1.0338,8.00,8.00
2007.10.25 10:04:52.552,1.03345,1.0337,8.00,0.60
2007.10.25 10:04:52.825,1.03345,1.0337,4.00,0.90
2007.10.25 10:04:53.098,1.03345,1.03375,4.00,2.30
2007.10.25 10:04:53.371,1.03335,1.0337,12.00,0.70
2007.10.25 10:04:53.604,1.03335,1.0337,12.00,0.90
2007.10.25 10:04:53.837,1.03335,1.03365,8.00,0.60
2007.10.25 10:04:54.070,1.03335,1.03365,8.00,1.20
2007.10.25 10:04:54.303,1.03335,1.03365,4.00,1.60
2007.10.25 10:04:54.636,1.03335,1.0336,4.00,0.50
2007.10.25 10:04:54.969,1.03335,1.0336,4.00,0.70
2007.10.25 10:04:55.301,1.03335,1.0336,4.00,0.60
2007.10.25 10:04:55.504,1.03335,1.03365,4.00,1.60
2007.10.25 10:04:55.706,1.03335,1.03365,4.00,1.60
2007.10.25 10:04:55.910,1.03335,1.0336,4.00,0.50
2007.10.25 10:04:56.113,1.03335,1.03365,4.00,1.60
2007.10.25 10:04:56.316,1.03335,1.0336,4.00,0.90
2007.10.25 10:04:56.568,1.03335,1.03365,4.00,1.60
2007.10.25 10:04:56.821,1.03335,1.0336,4.00,1.00
2007.10.25 10:04:57.074,1.03335,1.0336,4.00,1.00
2007.10.25 10:04:57.327,1.03335,1.0336,4.00,1.00
2007.10.25 10:04:57.750,1.03335,1.0336,4.00,1.00
2007.10.25 10:04:58.054,1.03335,1.0336,8.50,1.00
2007.10.25 10:04:58.358,1.03345,1.03375,0.50,3.60
2007.10.25 10:04:58.595,1.03345,1.03375,0.50,3.60
2007.10.25 10:04:58.833,1.03345,1.03375,0.50,3.60
2007.10.25 10:04:59.071,1.03345,1.03375,0.50,0.80
2007.10.25 10:04:59.309,1.03345,1.03375,0.50,0.80
2007.10.25 10:04:59.547,1.03345,1.03375,0.50,0.80
2007.10.25 10:04:59.881,1.03345,1.03375,0.50,0.80
2007.10.25 10:05:00.214,1.03345,1.03375,0.50,0.80
2007.10.25 10:05:00.546,1.03345,1.03375,0.50,0.80
2007.10.25 10:05:00.749,1.03345,1.03375,0.50,0.80
2007.10.25 10:05:00.951,1.03345,1.03375,0.50,3.60
2007.10.25 10:05:01.152,1.03345,1.03375,0.50,3.60
2007.10.25 10:05:01.354,1.03345,1.03375,0.50,3.60
2007.10.25 10:05:01.557,1.03345,1.03375,0.50,0.80
2007.10.25 10:05:01.839,1.03345,1.03375,0.50,0.80
2007.10.25 10:05:02.121,1.03345,1.03375,0.50,3.60
2007.10.25 10:05:02.402,1.03345,1.03375,0.50,3.60
2007.10.25 10:05:02.684,1.03345,1.03375,0.50,3.60
2007.10.25 10:05:02.941,1.03345,1.03375,0.50,3.60
2007.10.25 10:05:03.199,1.03345,1.03375,0.50,3.60
2007.10.25 10:05:03.457,1.03345,1.03375,0.50,3.60
2007.10.25 10:05:03.660,1.03345,1.03375,0.50,0.80
2007.10.25 10:05:03.894,1.03345,1.03375,0.50,0.80
2007.10.25 10:05:04.098,1.03345,1.03375,0.50,0.80
2007.10.25 10:05:04.301,1.03345,1.03375,0.50,0.80
2007.10.25 10:05:04.503,1.03345,1.03375,0.50,0.80
2007.10.25 10:05:04.836,1.03345,1.03375,0.50,0.80
2007.10.25 10:05:05.169,1.03345,1.03375,0.50,0.80
2007.10.25 10:05:05.502,1.03345,1.03375,0.50,0.80
2007.10.25 10:05:05.835,1.03345,1.03375,0.50,0.80
2007.10.25 10:05:06.002,1.03345,1.03375,0.50,0.80
2007.10.25 10:05:06.170,1.03345,1.03375,0.50,0.80
2007.10.25 10:05:06.338,1.03345,1.03375,0.50,0.80
2007.10.25 10:05:06.507,1.03345,1.03375,0.50,0.80
2007.10.25 10:05:06.672,1.03345,1.03375,0.50,0.80
2007.10.25 10:05:06.925,1.03345,1.03375,0.50,0.80
2007.10.25 10:05:07.179,1.03345,1.03375,0.50,0.80
2007.10.25 10:05:07.431,1.03345,1.0337,0.50,2.40
2007.10.25 10:05:07.683,1.03335,1.0337,4.50,5.20
2007.10.25 10:05:07.766,1.03335,1.0337,0.80,5.20
2007.10.25 10:05:07.896,1.03335,1.0337,4.50,9.30
2007.10.25 10:05:08.108,1.03335,1.0337,4.50,9.30
2007.10.25 10:05:08.321,1.03335,1.0337,4.50,9.30
2007.10.25 10:05:08.537,1.03335,1.0337,4.50,9.30
2007.10.25 10:05:08.789,1.03335,1.0337,4.50,9.30
2007.10.25 10:05:09.042,1.03335,1.0337,8.50,6.40
2007.10.25 10:05:09.294,1.03335,1.0337,4.50,2.40
2007.10.25 10:05:09.546,1.03335,1.0337,4.50,2.40
2007.10.25 10:05:09.799,1.03335,1.0337,4.50,2.40
2007.10.25 10:05:10.132,1.03335,1.0337,4.50,2.40
2007.10.25 10:05:10.465,1.03335,1.0337,8.50,2.40
2007.10.25 10:05:10.798,1.03335,1.0336,8.50,2.40
2007.10.25 10:05:10.950,1.03335,1.0336,8.50,2.40
2007.10.25 10:05:11.103,1.03335,1.0336,8.50,2.40
2007.10.25 10:05:11.256,1.03335,1.0336,8.50,2.40
2007.10.25 10:05:11.408,1.03335,1.0336,8.50,2.40
2007.10.25 10:05:11.561,1.03335,1.0336,8.50,2.40
2007.10.25 10:05:11.713,1.03335,1.0336,8.50,2.40
2007.10.25 10:05:11.865,1.03335,1.0336,8.50,2.40
2007.10.25 10:05:12.188,1.03335,1.0336,8.50,2.40
2007.10.25 10:05:12.510,1.03335,1.0336,8.50,2.40
2007.10.25 10:05:12.833,1.03335,1.0336,8.50,2.40
2007.10.25 10:05:12.980,1.03335,1.0336,8.50,2.40
2007.10.25 10:05:13.128,1.03335,1.0336,8.50,2.40
2007.10.25 10:05:13.275,1.03335,1.0336,8.50,2.40
2007.10.25 10:05:13.423,1.0334,1.03375,2.40,15.60
2007.10.25 10:05:13.570,1.0334,1.03375,2.40,15.60
2007.10.25 10:05:13.718,1.0334,1.03375,2.40,15.60
2007.10.25 10:05:13.865,1.0334,1.03375,2.40,15.60
2007.10.25 10:05:14.198,1.0334,1.03375,2.40,15.60
2007.10.25 10:05:14.532,1.03335,1.0336,8.50,2.40
2007.10.25 10:05:14.865,1.03335,1.0336,8.50,2.40
2007.10.25 10:05:15.078,1.03335,1.0336,4.50,2.40
2007.10.25 10:05:15.292,1.03335,1.0336,4.50,2.40
2007.10.25 10:05:15.504,1.03335,1.0336,4.50,2.40
2007.10.25 10:05:15.717,1.03335,1.0336,4.50,2.40
2007.10.25 10:05:15.929,1.03335,1.0336,4.50,2.40
2007.10.25 10:05:16.222,1.03335,1.0336,8.50,2.40
2007.10.25 10:05:16.515,1.03335,1.0336,8.50,2.40
2007.10.25 10:05:16.808,1.03335,1.0336,8.50,2.40
2007.10.25 10:05:17.100,1.03335,1.0336,8.50,2.40
2007.10.25 10:05:17.313,1.03335,1.0337,8.50,2.40
2007.10.25 10:05:17.526,1.03335,1.0337,8.50,2.40
2007.10.25 10:05:17.739,1.0334,1.03375,2.40,14.80
2007.10.25 10:05:17.951,1.0334,1.03375,2.40,14.80
2007.10.25 10:05:18.154,1.0334,1.03375,2.40,14.80
2007.10.25 10:05:18.356,1.0334,1.03375,2.40,14.80
2007.10.25 10:05:18.559,1.0334,1.03375,2.40,14.80
2007.10.25 10:05:18.761,1.0334,1.03375,2.40,6.80
2007.10.25 10:05:18.964,1.0334,1.03375,2.90,2.80
2007.10.25 10:05:19.296,1.03345,1.0338,0.50,5.20
2007.10.25 10:05:19.629,1.03345,1.0338,0.50,5.20
2007.10.25 10:05:19.962,1.03345,1.0338,0.50,5.20
2007.10.25 10:05:20.184,1.03345,1.0338,0.50,5.20
2007.10.25 10:05:20.407,1.03345,1.0338,0.50,5.20
2007.10.25 10:05:20.630,1.03345,1.0338,0.50,5.20
2007.10.25 10:05:20.852,1.03345,1.0338,0.50,5.20
2007.10.25 10:05:21.075,1.03345,1.0338,0.50,5.20
2007.10.25 10:05:21.303,1.03345,1.0338,0.50,2.40
2007.10.25 10:05:21.530,1.03345,1.0338,0.50,5.20
2007.10.25 10:05:21.757,1.03345,1.0338,0.50,5.20
2007.10.25 10:05:21.985,1.03345,1.0338,0.50,5.20
2007.10.25 10:05:22.302,1.03345,1.0338,0.50,5.20
2007.10.25 10:05:22.518,1.03345,1.0338,0.50,5.20
2007.10.25 10:05:22.736,1.03345,1.0338,0.50,5.20
2007.10.25 10:05:22.953,1.03345,1.0338,0.50,5.20
2007.10.25 10:05:23.172,1.03345,1.0338,0.50,5.20
2007.10.25 10:05:23.404,1.03345,1.0338,5.10,5.20
2007.10.25 10:05:23.638,1.03355,1.0338,0.50,2.40
2007.10.25 10:05:23.871,1.03355,1.0338,0.50,2.40
2007.10.25 10:05:24.103,1.03355,1.0338,0.50,2.40
2007.10.25 10:05:24.436,1.03355,1.0338,0.50,2.40
2007.10.25 10:05:24.768,1.03355,1.0338,0.50,2.40
2007.10.25 10:05:25.100,1.03355,1.0338,0.50,2.40
2007.10.25 10:05:25.233,1.03355,1.0338,0.50,2.40
2007.10.25 10:05:25.365,1.03355,1.0338,0.50,2.40
2007.10.25 10:05:25.498,1.03355,1.0338,0.50,2.40
2007.10.25 10:05:25.630,1.03355,1.0338,0.50,2.40
2007.10.25 10:05:25.762,1.03355,1.0338,0.50,2.40
2007.10.25 10:05:25.895,1.03355,1.0338,0.50,2.40
2007.10.25 10:05:26.028,1.03355,1.0338,0.50,2.40
2007.10.25 10:05:26.361,1.03355,1.0338,0.50,2.40
2007.10.25 10:05:26.693,1.03355,1.0338,0.50,2.40
2007.10.25 10:05:27.026,1.03355,1.0338,0.50,2.40
2007.10.25 10:05:27.184,1.03355,1.0338,0.50,2.40
2007.10.25 10:05:27.342,1.03355,1.0338,0.50,2.40
2007.10.25 10:05:27.499,1.03355,1.0338,0.50,2.40
2007.10.25 10:05:27.658,1.03355,1.0338,0.50,2.40
2007.10.25 10:05:27.816,1.03355,1.0338,0.50,2.40
2007.10.25 10:05:27.974,1.03355,1.0338,0.50,2.40
2007.10.25 10:05:28.271,1.03355,1.0338,0.50,2.40
2007.10.25 10:05:28.569,1.03355,1.0338,0.50,2.40
2007.10.25 10:05:28.866,1.03355,1.0338,0.50,2.40
2007.10.25 10:05:29.163,1.03355,1.0338,0.50,2.40
2007.10.25 10:05:29.450,1.03355,1.0338,0.50,2.40
2007.10.25 10:05:29.738,1.03355,1.0338,0.50,2.40
2007.10.25 10:05:30.026,1.03355,1.0338,0.50,2.40
2007.10.25 10:05:30.313,1.03355,1.0338,0.50,2.40
2007.10.25 10:05:30.466,1.03355,1.0338,0.50,2.40
2007.10.25 10:05:30.618,1.03355,1.0338,0.50,2.40
2007.10.25 10:05:30.770,1.03355,1.0338,0.50,2.40
2007.10.25 10:05:30.923,1.03355,1.0338,0.50,2.40
2007.10.25 10:05:31.076,1.03355,1.0338,0.50,2.40
2007.10.25 10:05:31.408,1.03355,1.0338,0.50,2.40
2007.10.25 10:05:31.741,1.03355,1.0338,0.50,2.40
2007.10.25 10:05:32.075,1.03355,1.0338,0.50,2.40
2007.10.25 10:05:32.292,1.03355,1.0338,0.50,2.40
2007.10.25 10:05:32.510,1.03355,1.0338,0.50,2.40
2007.10.25 10:05:32.728,1.03355,1.0338,0.50,2.40
2007.10.25 10:05:32.946,1.03355,1.0338,0.50,2.40
2007.10.25 10:05:33.163,1.03355,1.0338,0.50,2.40
2007.10.25 10:05:33.431,1.03355,1.0338,0.50,2.40
2007.10.25 10:05:33.699,1.03355,1.0338,0.50,2.40
2007.10.25 10:05:33.967,1.03355,1.0338,0.50,2.40
2007.10.25 10:05:34.235,1.03355,1.0338,0.50,2.40
2007.10.25 10:05:34.573,1.03355,1.0338,0.50,2.40
2007.10.25 10:05:34.906,1.03355,1.0338,0.50,2.40
2007.10.25 10:05:35.239,1.03355,1.0338,0.50,2.40
2007.10.25 10:05:35.396,1.03355,1.0338,0.50,2.40
2007.10.25 10:05:35.554,1.03355,1.0338,0.50,2.40
2007.10.25 10:05:35.712,1.03355,1.0338,0.50,2.40
2007.10.25 10:05:35.870,1.03355,1.0338,0.50,2.40
2007.10.25 10:05:36.028,1.03355,1.0338,0.50,2.40
2007.10.25 10:05:36.185,1.03355,1.0338,0.50,2.40
2007.10.25 10:05:36.452,1.03355,1.0338,0.50,2.40
2007.10.25 10:05:36.719,1.03355,1.0338,0.50,2.40
2007.10.25 10:05:36.987,1.03355,1.0338,0.50,2.40
2007.10.25 10:05:37.255,1.03355,1.0338,0.50,2.40
2007.10.25 10:05:37.473,1.03355,1.0338,0.50,2.40
2007.10.25 10:05:37.690,1.03355,1.0338,0.50,2.40
2007.10.25 10:05:37.908,1.03355,1.0338,0.50,2.40
2007.10.25 10:05:38.127,1.03355,1.0338,0.50,2.40
2007.10.25 10:05:38.344,1.03355,1.0338,0.50,2.40
2007.10.25 10:05:38.592,1.03355,1.0338,0.50,2.40
2007.10.25 10:05:38.840,1.03355,1.0338,0.50,2.40
2007.10.25 10:05:39.088,1.03355,1.0338,0.50,2.40
2007.10.25 10:05:39.335,1.03355,1.0338,0.50,2.40
2007.10.25 10:05:39.632,1.03355,1.0338,0.50,2.40
2007.10.25 10:05:39.929,1.03355,1.0338,0.50,2.40
2007.10.25 10:05:40.227,1.03355,1.0338,0.50,2.40
2007.10.25 10:05:40.524,1.03355,1.0338,0.50,2.40
2007.10.25 10:05:40.737,1.03355,1.0338,0.50,2.40
2007.10.25 10:05:40.950,1.03355,1.0338,0.50,2.40
2007.10.25 10:05:41.163,1.03355,1.0338,0.50,2.40
2007.10.25 10:05:41.375,1.03355,1.0338,0.50,2.40
2007.10.25 10:05:41.587,1.03355,1.0338,0.50,2.40
2007.10.25 10:05:41.819,1.03355,1.0338,0.50,2.40
2007.10.25 10:05:42.051,1.03355,1.0338,0.50,2.40
2007.10.25 10:05:42.283,1.03355,1.0338,0.50,2.40
2007.10.25 10:05:42.516,1.03355,1.0338,0.50,2.40
2007.10.25 10:05:42.805,1.03355,1.0338,0.50,2.40
2007.10.25 10:05:43.092,1.03355,1.0338,0.50,2.40
2007.10.25 10:05:43.380,1.03355,1.0338,0.50,2.40
2007.10.25 10:05:43.667,1.03355,1.0338,0.50,2.40
2007.10.25 10:05:43.859,1.03355,1.0338,0.50,2.40
2007.10.25 10:05:44.051,1.03355,1.0338,0.50,2.40
2007.10.25 10:05:44.242,1.03355,1.0338,0.50,2.40
2007.10.25 10:05:44.435,1.03355,1.0338,0.50,2.40
2007.10.25 10:05:44.628,1.03355,1.0338,0.50,2.40
2007.10.25 10:05:44.961,1.03355,1.0338,0.50,2.40
2007.10.25 10:05:45.293,1.03355,1.0338,0.50,2.40
2007.10.25 10:05:45.626,1.03355,1.0338,0.50,2.40
2007.10.25 10:05:45.844,1.03355,1.0338,0.50,2.40
2007.10.25 10:05:46.061,1.03355,1.0338,0.50,2.40
2007.10.25 10:05:46.280,1.03355,1.03385,0.50,4.00
2007.10.25 10:05:46.498,1.0336,1.0339,0.50,5.20
2007.10.25 10:05:46.715,1.0336,1.03395,1.10,4.00
2007.10.25 10:05:47.048,1.0336,1.034,1.10,5.20
2007.10.25 10:05:47.381,1.0336,1.034,1.10,5.20
2007.10.25 10:05:47.714,1.0336,1.034,5.10,2.40
2007.10.25 10:05:47.946,1.0336,1.034,5.10,2.40
2007.10.25 10:05:48.179,1.0336,1.034,5.10,2.40
2007.10.25 10:05:48.412,1.0336,1.034,5.10,2.40
2007.10.25 10:05:48.644,1.0336,1.034,5.10,2.40
2007.10.25 10:05:48.976,1.0336,1.034,5.10,2.40
2007.10.25 10:05:49.309,1.0336,1.034,5.10,2.40
2007.10.25 10:05:49.642,1.0336,1.034,5.10,2.40
2007.10.25 10:05:49.836,1.0336,1.034,5.10,2.40
2007.10.25 10:05:50.028,1.0336,1.034,5.10,2.40
2007.10.25 10:05:50.221,1.0336,1.034,5.10,2.40
2007.10.25 10:05:50.413,1.0336,1.034,5.10,2.40
2007.10.25 10:05:50.606,1.0336,1.034,5.10,2.40
2007.10.25 10:05:50.908,1.0336,1.034,5.10,2.40
2007.10.25 10:05:51.211,1.0336,1.034,5.10,2.40
2007.10.25 10:05:51.514,1.0336,1.034,5.10,2.40
2007.10.25 10:05:51.817,1.0336,1.034,5.10,2.40
2007.10.25 10:05:52.059,1.0336,1.034,5.10,2.40
2007.10.25 10:05:52.302,1.0336,1.034,5.10,2.40
2007.10.25 10:05:52.544,1.0336,1.034,5.10,2.40
2007.10.25 10:05:52.787,1.0336,1.034,5.10,2.40
2007.10.25 10:05:53.039,1.0336,1.034,5.10,2.40
2007.10.25 10:05:53.290,1.0336,1.034,5.10,2.40
2007.10.25 10:05:53.544,1.0336,1.034,5.10,2.40
2007.10.25 10:05:53.796,1.0336,1.034,1.10,5.20
2007.10.25 10:05:54.129,1.0336,1.034,1.10,5.20
2007.10.25 10:05:54.462,1.0337,1.034,0.50,5.20
2007.10.25 10:05:54.796,1.0337,1.034,0.50,5.20
2007.10.25 10:05:55.038,1.0337,1.034,1.10,5.20
2007.10.25 10:05:55.281,1.0337,1.034,1.10,2.40
2007.10.25 10:05:55.524,1.0337,1.03395,0.50,4.00
2007.10.25 10:05:55.767,1.03365,1.0339,0.50,2.40
2007.10.25 10:05:56.066,1.03365,1.034,0.50,5.20
2007.10.25 10:05:56.363,1.03365,1.034,0.50,5.20
2007.10.25 10:05:56.662,1.0337,1.034,1.10,5.20
2007.10.25 10:05:56.959,1.0337,1.034,1.10,5.20
2007.10.25 10:05:57.242,1.0337,1.034,1.10,5.20
2007.10.25 10:05:57.525,1.03375,1.03405,0.50,6.80
2007.10.25 10:05:57.808,1.03375,1.03405,0.50,6.80
2007.10.25 10:05:58.091,1.03385,1.034,4.00,2.80
2007.10.25 10:05:58.374,1.03385,1.0341,4.50,2.40
2007.10.25 10:05:58.657,1.03385,1.0341,4.50,2.40
2007.10.25 10:05:58.940,1.03385,1.0341,0.50,2.40
2007.10.25 10:05:59.274,1.03385,1.0341,0.50,2.40
2007.10.25 10:05:59.608,1.03385,1.0341,0.50,2.40
2007.10.25 10:05:59.940,1.03375,1.0341,5.10,5.20
2007.10.25 10:06:00.179,1.03385,1.0341,4.50,5.20
2007.10.25 10:06:00.416,1.03385,1.0341,4.50,5.20
2007.10.25 10:06:00.654,1.03385,1.0341,4.50,2.40
2007.10.25 10:06:00.891,1.03385,1.0341,0.50,2.40
2007.10.25 10:06:01.213,1.03385,1.0341,0.50,2.40
2007.10.25 10:06:01.537,1.03385,1.03415,4.50,2.80
2007.10.25 10:06:01.860,1.03385,1.0341,4.50,2.40
2007.10.25 10:06:02.183,1.03385,1.0341,0.50,2.40
2007.10.25 10:06:02.451,1.03385,1.0341,4.50,2.40
2007.10.25 10:06:02.719,1.03385,1.0341,4.50,2.40
2007.10.25 10:06:02.987,1.03385,1.0341,4.50,2.40
2007.10.25 10:06:03.270,1.03385,1.0341,0.50,2.40
2007.10.25 10:06:03.556,1.03385,1.0341,0.50,2.40
2007.10.25 10:06:03.838,1.03385,1.03415,0.50,7.60
2007.10.25 10:06:04.120,1.03385,1.0341,0.50,2.40
2007.10.25 10:06:04.453,1.03385,1.0341,0.50,2.40
2007.10.25 10:06:04.786,1.03385,1.0341,0.50,2.40
2007.10.25 10:06:05.119,1.03385,1.0341,0.50,2.40
2007.10.25 10:06:05.342,1.03385,1.0341,0.50,2.40
2007.10.25 10:06:05.564,1.03385,1.0341,0.50,2.40
2007.10.25 10:06:05.786,1.03385,1.0341,0.50,2.40
2007.10.25 10:06:06.009,1.03385,1.0341,0.50,2.40
2007.10.25 10:06:06.252,1.03385,1.0341,0.50,2.40
2007.10.25 10:06:06.495,1.03385,1.0341,0.50,2.40
2007.10.25 10:06:06.738,1.03385,1.0341,0.50,2.40
2007.10.25 10:06:06.981,1.03385,1.0341,0.50,2.40
2007.10.25 10:06:07.007,1.0338,1.0341,1.00,2.40
2007.10.25 10:06:07.253,1.03385,1.0341,0.50,2.40
2007.10.25 10:06:07.526,1.03385,1.0341,0.50,2.40
2007.10.25 10:06:07.799,1.03385,1.0341,0.50,2.40
2007.10.25 10:06:08.071,1.03385,1.0341,0.50,2.40
2007.10.25 10:06:08.289,1.03385,1.0341,0.50,2.40
2007.10.25 10:06:08.507,1.03385,1.0341,0.50,2.40
2007.10.25 10:06:08.725,1.03385,1.0341,0.50,2.40
2007.10.25 10:06:08.942,1.03385,1.0341,0.50,2.40
2007.10.25 10:06:09.160,1.03385,1.0341,0.50,2.40
2007.10.25 10:06:09.493,1.03385,1.0341,0.50,2.40
2007.10.25 10:06:09.825,1.03385,1.03405,0.50,0.80
2007.10.25 10:06:10.157,1.03385,1.03405,0.50,0.80
2007.10.25 10:06:10.350,1.03385,1.03405,0.50,0.80
2007.10.25 10:06:10.543,1.03385,1.03405,0.50,0.80
2007.10.25 10:06:10.736,1.03385,1.03405,0.50,0.80
2007.10.25 10:06:10.928,1.03385,1.03405,0.50,0.80
2007.10.25 10:06:11.121,1.03385,1.03405,0.50,0.80
2007.10.25 10:06:11.453,1.03385,1.03405,0.50,0.80
2007.10.25 10:06:11.786,1.03385,1.03405,0.50,0.80
2007.10.25 10:06:12.119,1.03385,1.03405,0.50,0.80
2007.10.25 10:06:12.311,1.03385,1.03405,0.50,0.80
2007.10.25 10:06:12.505,1.03385,1.03405,0.50,0.80
2007.10.25 10:06:12.698,1.03385,1.03405,0.50,0.80
2007.10.25 10:06:12.891,1.03385,1.03405,0.50,0.80
2007.10.25 10:06:13.083,1.03385,1.03405,0.50,0.80
2007.10.25 10:06:13.278,1.03385,1.03405,4.50,0.80
2007.10.25 10:06:13.596,1.03385,1.03405,4.50,0.80
2007.10.25 10:06:13.915,1.0339,1.03405,0.50,0.80
2007.10.25 10:06:14.231,1.0339,1.03405,1.10,0.80
2007.10.25 10:06:14.559,1.0339,1.03405,1.10,0.80
2007.10.25 10:06:14.887,1.0339,1.03405,1.10,0.80
2007.10.25 10:06:15.215,1.0339,1.03405,1.10,0.80
2007.10.25 10:06:15.427,1.0339,1.03405,1.10,0.80
2007.10.25 10:06:15.640,1.0339,1.03405,1.10,0.80
2007.10.25 10:06:15.852,1.0339,1.03405,1.10,0.80
2007.10.25 10:06:16.065,1.0339,1.03405,1.10,0.80
2007.10.25 10:06:16.278,1.0339,1.03405,1.10,0.80
2007.10.25 10:06:16.540,1.0339,1.03405,1.10,0.80
2007.10.25 10:06:16.803,1.0339,1.03405,1.10,0.80
2007.10.25 10:06:17.065,1.0339,1.03405,1.10,0.80
2007.10.25 10:06:17.329,1.0339,1.03405,1.10,0.80
2007.10.25 10:06:17.567,1.0339,1.03405,1.10,0.80
2007.10.25 10:06:17.806,1.0339,1.03405,1.10,0.80
2007.10.25 10:06:18.044,1.0339,1.03405,1.10,0.80
2007.10.25 10:06:18.283,1.0339,1.03405,1.10,0.80
2007.10.25 10:06:18.535,1.03405,1.0343,1.30,2.80
2007.10.25 10:06:18.787,1.03415,1.0343,4.00,2.80
2007.10.25 10:06:19.040,1.03415,1.0345,4.20,2.40
2007.10.25 10:06:19.293,1.03415,1.0345,4.20,2.40
2007.10.25 10:06:19.545,1.03415,1.0345,4.20,2.40
2007.10.25 10:06:19.877,1.03415,1.0344,4.20,2.40
2007.10.25 10:06:20.209,1.03415,1.0345,4.20,2.40
2007.10.25 10:06:20.541,1.03415,1.0345,4.20,2.40
2007.10.25 10:06:20.778,1.03415,1.0344,4.20,2.40
2007.10.25 10:06:21.017,1.03415,1.0344,0.30,2.40
2007.10.25 10:06:21.255,1.03415,1.0344,0.30,2.40
2007.10.25 10:06:21.492,1.03415,1.0344,0.30,2.40
2007.10.25 10:06:21.791,1.03415,1.0344,0.30,2.40
2007.10.25 10:06:22.089,1.03415,1.0343,0.30,2.40
2007.10.25 10:06:22.387,1.03415,1.0344,0.30,2.40
2007.10.25 10:06:22.624,1.03415,1.0344,0.30,2.40
2007.10.25 10:06:22.862,1.03415,1.0343,0.30,2.40
2007.10.25 10:06:23.101,1.03415,1.0344,0.30,2.40
2007.10.25 10:06:23.339,1.03415,1.0344,0.30,2.40
2007.10.25 10:06:23.707,1.03415,1.0344,0.30,2.40
2007.10.25 10:06:24.025,1.03415,1.0344,0.30,2.40
2007.10.25 10:06:24.342,1.03415,1.0343,0.30,2.40
2007.10.25 10:06:24.659,1.03415,1.0343,0.30,2.40
2007.10.25 10:06:24.977,1.03415,1.0344,0.30,2.40
2007.10.25 10:06:25.294,1.03415,1.0344,0.30,2.40
2007.10.25 10:06:25.612,1.03415,1.0344,0.30,2.40
2007.10.25 10:06:25.890,1.03415,1.0344,0.30,2.40
2007.10.25 10:06:26.167,1.03415,1.0344,0.30,2.40
2007.10.25 10:06:26.446,1.03415,1.0344,0.30,2.40
2007.10.25 10:06:26.678,1.03415,1.0344,0.30,2.40
2007.10.25 10:06:26.911,1.03415,1.0344,0.30,2.40
2007.10.25 10:06:27.144,1.03415,1.0344,0.30,2.40
2007.10.25 10:06:27.376,1.03415,1.0344,0.30,2.40
2007.10.25 10:06:27.608,1.03415,1.0344,0.30,2.40
2007.10.25 10:06:27.916,1.03415,1.0344,0.30,2.40
2007.10.25 10:06:28.223,1.03415,1.0344,0.30,2.40
2007.10.25 10:06:28.530,1.03415,1.0344,0.30,2.40
2007.10.25 10:06:28.778,1.03415,1.0344,0.30,2.40
2007.10.25 10:06:29.026,1.03415,1.0344,0.30,2.40
2007.10.25 10:06:29.275,1.03415,1.0344,0.30,2.40
2007.10.25 10:06:29.523,1.03415,1.0344,0.30,2.40
2007.10.25 10:06:29.856,1.03415,1.0344,0.30,2.40
2007.10.25 10:06:30.188,1.03415,1.0344,0.30,2.40
2007.10.25 10:06:30.520,1.03415,1.0344,0.30,2.40
2007.10.25 10:06:30.723,1.03415,1.0344,0.30,2.40
2007.10.25 10:06:30.926,1.03415,1.0344,0.30,2.40
2007.10.25 10:06:31.128,1.03415,1.0344,0.30,2.40
2007.10.25 10:06:31.331,1.03415,1.0344,0.30,2.40
2007.10.25 10:06:31.534,1.03415,1.0344,0.30,2.40
2007.10.25 10:06:31.736,1.03415,1.0343,0.30,2.40
2007.10.25 10:06:32.048,1.03415,1.0343,0.30,2.40
2007.10.25 10:06:32.362,1.03415,1.0344,0.30,2.40
2007.10.25 10:06:32.674,1.03415,1.0344,0.30,2.40
2007.10.25 10:06:32.908,1.03415,1.03435,0.30,4.00
2007.10.25 10:06:33.141,1.03415,1.03435,0.30,4.00
2007.10.25 10:06:33.374,1.03405,1.03435,0.20,4.00
2007.10.25 10:06:33.608,1.03405,1.03435,0.20,4.00
2007.10.25 10:06:33.940,1.03405,1.03435,0.20,4.00
2007.10.25 10:06:34.272,1.03405,1.03435,0.20,4.00
2007.10.25 10:06:34.605,1.03405,1.0343,0.20,2.40
2007.10.25 10:06:34.939,1.03405,1.0343,0.20,2.40
2007.10.25 10:06:35.131,1.03405,1.0343,0.20,2.40
2007.10.25 10:06:35.325,1.03405,1.0343,4.10,2.40
2007.10.25 10:06:35.519,1.03405,1.0343,4.10,2.40
2007.10.25 10:06:35.711,1.03405,1.0343,4.10,2.40
2007.10.25 10:06:36.039,1.03405,1.0342,0.20,2.40
2007.10.25 10:06:36.366,1.034,1.0342,0.40,2.40
2007.10.25 10:06:36.695,1.034,1.0342,0.40,2.40
2007.10.25 10:06:36.918,1.034,1.0342,0.40,2.40
2007.10.25 10:06:37.065,1.034,1.0343,0.40,4.80
2007.10.25 10:06:37.140,1.034,1.0343,0.40,4.80
2007.10.25 10:06:37.362,1.034,1.0343,0.40,4.80
2007.10.25 10:06:37.584,1.034,1.0342,0.40,0.80
2007.10.25 10:06:37.807,1.034,1.0343,0.40,4.80
2007.10.25 10:06:38.130,1.034,1.0342,0.20,2.40
2007.10.25 10:06:38.452,1.0339,1.0342,4.30,2.40
2007.10.25 10:06:38.776,1.0339,1.0342,0.40,2.40
2007.10.25 10:06:39.103,1.0339,1.0342,0.40,5.20
2007.10.25 10:06:39.431,1.0338,1.0342,6.40,5.20
2007.10.25 10:06:39.760,1.0338,1.0342,6.40,5.20
2007.10.25 10:06:39.982,1.0338,1.0342,6.40,5.20
2007.10.25 10:06:40.206,1.0338,1.0342,6.40,5.20
2007.10.25 10:06:40.428,1.0338,1.0342,6.40,5.20
2007.10.25 10:06:40.650,1.0338,1.0342,6.40,5.20
2007.10.25 10:06:40.872,1.0338,1.0342,6.40,5.20
2007.10.25 10:06:41.100,1.0338,1.0342,6.40,5.20
2007.10.25 10:06:41.327,1.0338,1.0342,6.40,5.20
2007.10.25 10:06:41.554,1.0338,1.0342,6.40,5.20
2007.10.25 10:06:41.782,1.0338,1.0342,6.40,5.20
2007.10.25 10:06:42.122,1.03385,1.0342,0.20,5.20
2007.10.25 10:06:42.459,1.03385,1.0342,0.20,5.20
2007.10.25 10:06:42.793,1.03385,1.0342,0.20,5.20
2007.10.25 10:06:43.129,1.03385,1.0342,0.20,5.20
2007.10.25 10:06:43.319,1.03385,1.0342,0.20,5.20
2007.10.25 10:06:43.506,1.03385,1.0342,0.20,5.20
2007.10.25 10:06:43.693,1.03385,1.0342,0.20,5.20
2007.10.25 10:06:43.881,1.03385,1.0342,0.20,5.20
2007.10.25 10:06:44.069,1.03385,1.0342,0.20,5.20
2007.10.25 10:06:44.402,1.03385,1.0342,0.20,5.20
2007.10.25 10:06:44.735,1.03385,1.0342,0.20,5.20
2007.10.25 10:06:45.068,1.03385,1.0342,0.20,5.20
2007.10.25 10:06:45.301,1.03385,1.0342,0.20,5.20
2007.10.25 10:06:45.534,1.03385,1.0342,0.20,5.20
2007.10.25 10:06:45.767,1.0338,1.0342,6.40,5.20
2007.10.25 10:06:46.000,1.0338,1.0342,6.40,5.20
2007.10.25 10:06:46.233,1.0338,1.0342,6.40,5.20
2007.10.25 10:06:46.545,1.0338,1.0342,6.40,5.20
2007.10.25 10:06:46.857,1.0338,1.0342,6.40,5.20
2007.10.25 10:06:47.170,1.0338,1.0342,6.40,5.20
2007.10.25 10:06:47.357,1.0338,1.0342,6.40,5.20
2007.10.25 10:06:47.545,1.0338,1.0342,6.40,5.20
2007.10.25 10:06:47.732,1.0338,1.0342,6.40,5.20
2007.10.25 10:06:47.920,1.0338,1.0342,6.40,5.20
2007.10.25 10:06:48.108,1.0338,1.0342,6.40,5.20
2007.10.25 10:06:48.294,1.0338,1.0342,6.40,2.40
2007.10.25 10:06:48.597,1.0338,1.0342,6.40,2.40
2007.10.25 10:06:48.899,1.0338,1.0342,6.40,2.40
2007.10.25 10:06:49.202,1.0338,1.0342,6.40,2.40
2007.10.25 10:06:49.535,1.0338,1.0342,6.40,2.40
2007.10.25 10:06:49.867,1.0338,1.0342,6.40,2.40
2007.10.25 10:06:50.198,1.0338,1.0342,6.40,2.40
2007.10.25 10:06:50.531,1.0338,1.0342,6.40,5.20
2007.10.25 10:06:50.744,1.0338,1.0342,6.40,5.20
2007.10.25 10:06:50.956,1.0338,1.0342,6.40,5.20
2007.10.25 10:06:51.169,1.0338,1.0342,6.40,2.40
2007.10.25 10:06:51.382,1.0338,1.0342,6.40,2.40
2007.10.25 10:06:51.694,1.0338,1.0342,6.50,2.40
2007.10.25 10:06:52.007,1.0338,1.0342,2.50,5.20
2007.10.25 10:06:52.321,1.0338,1.0342,2.40,5.20
2007.10.25 10:06:52.548,1.0338,1.0342,2.40,5.20
2007.10.25 10:06:52.776,1.0338,1.0342,2.40,5.20
2007.10.25 10:06:53.004,1.0338,1.0342,6.50,5.20
2007.10.25 10:06:53.232,1.0338,1.0342,6.50,5.20
2007.10.25 10:06:53.459,1.0338,1.0342,6.50,5.20
2007.10.25 10:06:53.791,1.0338,1.0342,6.50,5.20
2007.10.25 10:06:54.123,1.0338,1.0342,2.50,5.20
2007.10.25 10:06:54.456,1.0338,1.0342,2.50,5.20
2007.10.25 10:06:54.748,1.0338,1.0342,2.50,5.20
2007.10.25 10:06:55.041,1.0338,1.0342,2.50,5.20
2007.10.25 10:06:55.334,1.0338,1.0342,2.50,5.20
2007.10.25 10:06:55.627,1.0338,1.0342,2.50,5.20
2007.10.25 10:06:55.864,1.0338,1.0342,2.40,5.20
2007.10.25 10:06:56.102,1.0338,1.0342,2.40,5.20
2007.10.25 10:06:56.339,1.0339,1.0342,2.40,5.20
2007.10.25 10:06:56.576,1.0339,1.0342,2.40,2.80
2007.10.25 10:06:56.908,1.03385,1.0342,4.10,5.20
2007.10.25 10:06:57.241,1.0339,1.03425,2.50,7.20
2007.10.25 10:06:57.574,1.0339,1.03425,2.50,9.20
2007.10.25 10:06:57.811,1.0339,1.0342,0.10,2.40
2007.10.25 10:06:58.049,1.0339,1.0342,0.10,2.40
2007.10.25 10:06:58.287,1.0339,1.03425,2.50,2.80
2007.10.25 10:06:58.525,1.0339,1.03425,2.50,2.80
2007.10.25 10:06:58.819,1.0339,1.0343,2.50,5.20
2007.10.25 10:06:59.111,1.0339,1.0343,2.50,5.20
2007.10.25 10:06:59.403,1.0339,1.0343,2.50,5.20
2007.10.25 10:06:59.696,1.0339,1.03425,2.50,6.40
2007.10.25 10:07:00.029,1.0339,1.03425,2.50,6.40
2007.10.25 10:07:00.363,1.0339,1.03425,2.50,9.20
2007.10.25 10:07:00.694,1.0339,1.03425,2.50,9.20
2007.10.25 10:07:00.912,1.0339,1.03425,2.50,9.20
2007.10.25 10:07:01.130,1.0339,1.03425,2.50,9.20
2007.10.25 10:07:01.348,1.0339,1.03425,2.50,9.20
2007.10.25 10:07:01.566,1.0339,1.03425,2.50,9.20
2007.10.25 10:07:01.834,1.0339,1.03425,2.50,9.20
2007.10.25 10:07:02.102,1.0339,1.03425,2.50,9.20
2007.10.25 10:07:02.370,1.0339,1.03425,2.50,9.20
2007.10.25 10:07:02.637,1.034,1.03425,2.50,2.80
2007.10.25 10:07:02.900,1.034,1.03425,2.50,2.80
2007.10.25 10:07:03.163,1.034,1.0343,0.10,2.40
2007.10.25 10:07:03.425,1.034,1.0343,0.10,2.40
2007.10.25 10:07:03.688,1.03395,1.0343,4.00,2.40
2007.10.25 10:07:04.020,1.03395,1.0343,4.00,5.20
2007.10.25 10:07:04.353,1.03395,1.0343,4.00,5.20
2007.10.25 10:07:04.686,1.03395,1.0343,4.00,5.20
2007.10.25 10:07:05.019,1.03395,1.0343,4.00,5.20
2007.10.25 10:07:05.232,1.03395,1.0343,4.00,5.20
2007.10.25 10:07:05.445,1.03395,1.0343,4.00,5.20
2007.10.25 10:07:05.657,1.03395,1.0343,4.00,5.20
2007.10.25 10:07:05.870,1.03395,1.0343,4.00,5.20
2007.10.25 10:07:06.197,1.03395,1.0343,4.00,5.20
2007.10.25 10:07:06.525,1.03395,1.0343,4.00,5.20
2007.10.25 10:07:06.853,1.03395,1.0343,4.00,5.20
2007.10.25 10:07:07.035,1.03395,1.0343,4.00,5.20
2007.10.25 10:07:07.218,1.03395,1.0343,4.00,5.20
2007.10.25 10:07:07.400,1.03395,1.0343,4.00,5.20
2007.10.25 10:07:07.582,1.03395,1.0343,4.00,5.20
2007.10.25 10:07:07.765,1.03395,1.0343,4.00,5.20
2007.10.25 10:07:08.097,1.03395,1.0343,4.00,5.20
2007.10.25 10:07:08.430,1.03395,1.0343,4.00,5.20
2007.10.25 10:07:08.763,1.03395,1.0343,4.00,5.20
2007.10.25 10:07:09.096,1.03395,1.0343,4.00,5.20
2007.10.25 10:07:09.414,1.03395,1.0343,4.00,5.20
2007.10.25 10:07:09.731,1.03395,1.0343,4.00,5.20
2007.10.25 10:07:10.049,1.03395,1.0343,4.00,5.20
2007.10.25 10:07:10.222,1.03395,1.0343,4.00,5.20
2007.10.25 10:07:10.394,1.03395,1.0343,4.00,5.20
2007.10.25 10:07:10.567,1.03395,1.0343,4.00,5.20
2007.10.25 10:07:10.739,1.03395,1.0343,4.00,5.20
2007.10.25 10:07:10.912,1.03395,1.0343,4.00,5.20
2007.10.25 10:07:11.204,1.03395,1.0343,4.00,5.20
2007.10.25 10:07:11.496,1.03395,1.0343,4.00,5.20
2007.10.25 10:07:11.788,1.03395,1.0343,4.00,5.20
2007.10.25 10:07:12.081,1.03395,1.0343,4.00,5.20
2007.10.25 10:07:12.283,1.03395,1.0343,4.00,5.20
2007.10.25 10:07:12.486,1.034,1.0343,2.40,2.80
2007.10.25 10:07:12.806,1.034,1.0343,2.50,2.80
2007.10.25 10:07:13.009,1.034,1.0343,2.50,2.80
2007.10.25 10:07:13.292,1.034,1.0344,2.50,5.20
2007.10.25 10:07:13.574,1.034,1.0344,2.50,5.20
2007.10.25 10:07:13.856,1.034,1.0344,2.50,5.20
2007.10.25 10:07:14.140,1.034,1.0344,2.50,5.20
2007.10.25 10:07:14.472,1.034,1.0344,2.50,5.20
2007.10.25 10:07:14.805,1.034,1.0344,2.50,5.20
2007.10.25 10:07:15.137,1.034,1.0344,2.50,5.20
2007.10.25 10:07:15.315,1.034,1.0344,2.50,5.20
2007.10.25 10:07:15.492,1.034,1.0344,2.50,5.20
2007.10.25 10:07:15.671,1.034,1.0344,2.50,5.20
2007.10.25 10:07:15.848,1.034,1.0344,2.50,5.20
2007.10.25 10:07:16.026,1.034,1.0344,2.50,5.20
2007.10.25 10:07:16.289,1.034,1.0344,2.50,5.20
2007.10.25 10:07:16.551,1.034,1.0344,2.50,5.20
2007.10.25 10:07:16.813,1.034,1.0344,2.50,5.20
2007.10.25 10:07:17.075,1.034,1.0344,2.50,5.20
2007.10.25 10:07:17.268,1.034,1.0344,2.50,5.20
2007.10.25 10:07:17.460,1.034,1.0344,2.50,5.20
2007.10.25 10:07:17.653,1.034,1.0344,2.50,5.20
2007.10.25 10:07:17.846,1.034,1.0344,2.50,5.20
2007.10.25 10:07:18.039,1.034,1.0344,2.50,5.20
2007.10.25 10:07:18.251,1.034,1.0344,2.50,5.20
2007.10.25 10:07:18.464,1.034,1.0344,2.50,5.20
2007.10.25 10:07:18.677,1.034,1.0344,2.50,5.20
2007.10.25 10:07:18.939,1.034,1.0344,2.50,5.20
2007.10.25 10:07:19.152,1.034,1.0344,2.50,5.20
2007.10.25 10:07:19.485,1.034,1.0344,2.50,5.20
2007.10.25 10:07:19.819,1.034,1.0344,2.50,5.20
2007.10.25 10:07:20.152,1.034,1.0344,2.50,5.20
2007.10.25 10:07:20.295,1.034,1.0344,2.50,5.20
2007.10.25 10:07:20.439,1.034,1.0344,2.50,5.20
2007.10.25 10:07:20.581,1.034,1.0344,2.50,5.20
2007.10.25 10:07:20.724,1.034,1.0344,2.50,5.20
2007.10.25 10:07:20.869,1.034,1.0344,2.50,5.20
2007.10.25 10:07:21.010,1.034,1.0344,2.50,5.20
2007.10.25 10:07:21.153,1.034,1.0344,2.50,5.20
2007.10.25 10:07:21.485,1.034,1.0344,2.50,5.20
2007.10.25 10:07:21.818,1.034,1.0344,2.50,5.20
2007.10.25 10:07:22.150,1.034,1.0344,2.50,5.20
2007.10.25 10:07:22.333,1.034,1.0344,2.50,5.20
2007.10.25 10:07:22.515,1.034,1.0344,2.50,5.20
2007.10.25 10:07:22.698,1.034,1.0343,0.10,2.40
2007.10.25 10:07:22.881,1.03395,1.0343,8.00,2.40
2007.10.25 10:07:23.064,1.03395,1.03425,8.00,4.00
2007.10.25 10:07:23.246,1.03395,1.0343,8.00,2.40
2007.10.25 10:07:23.546,1.03395,1.0342,4.00,2.40
2007.10.25 10:07:23.838,1.03395,1.0342,4.00,2.40
2007.10.25 10:07:24.132,1.03395,1.0342,4.00,2.40
2007.10.25 10:07:24.424,1.03395,1.0342,4.00,2.40
2007.10.25 10:07:24.756,1.03395,1.0342,4.00,2.40
2007.10.25 10:07:25.089,1.03395,1.0342,4.00,2.40
2007.10.25 10:07:25.423,1.03395,1.0342,4.00,2.40
2007.10.25 10:07:25.575,1.03395,1.0342,4.00,2.40
2007.10.25 10:07:25.727,1.03395,1.0342,4.00,2.40
2007.10.25 10:07:25.880,1.03395,1.0342,4.00,2.40
2007.10.25 10:07:26.032,1.03395,1.0342,4.00,2.40
2007.10.25 10:07:26.185,1.03395,1.0342,4.00,2.40
2007.10.25 10:07:26.338,1.03395,1.0342,4.00,2.40
2007.10.25 10:07:26.490,1.03395,1.0342,4.00,2.40
2007.10.25 10:07:26.822,1.03395,1.0342,4.00,2.40
2007.10.25 10:07:27.154,1.03395,1.0342,4.00,2.40
2007.10.25 10:07:27.486,1.03395,1.0342,4.00,2.40
2007.10.25 10:07:27.654,1.03395,1.0342,4.00,2.40
2007.10.25 10:07:27.821,1.03395,1.0342,4.00,2.40
2007.10.25 10:07:27.989,1.03395,1.0342,4.00,2.40
2007.10.25 10:07:28.156,1.03395,1.0342,4.00,2.40
2007.10.25 10:07:28.324,1.03395,1.0342,4.00,2.40
2007.10.25 10:07:28.492,1.03395,1.0342,4.00,2.40
2007.10.25 10:07:28.816,1.03395,1.0342,4.00,2.40
2007.10.25 10:07:29.138,1.03395,1.0342,4.00,2.40
2007.10.25 10:07:29.462,1.03395,1.0342,4.00,2.40
2007.10.25 10:07:29.784,1.03395,1.0342,4.00,2.40
2007.10.25 10:07:30.117,1.03395,1.03425,4.00,4.00
2007.10.25 10:07:30.450,1.03395,1.03425,4.00,4.00
2007.10.25 10:07:30.784,1.03395,1.0342,4.00,2.40
2007.10.25 10:07:30.996,1.03395,1.0342,4.00,2.40
2007.10.25 10:07:31.209,1.03395,1.0342,4.00,2.40
2007.10.25 10:07:31.421,1.03395,1.03425,4.00,4.00
2007.10.25 10:07:31.634,1.03395,1.0343,4.00,5.20
2007.10.25 10:07:31.896,1.03395,1.0343,4.00,5.20
2007.10.25 10:07:32.160,1.03395,1.0343,4.00,5.20
2007.10.25 10:07:32.423,1.03395,1.0343,4.00,5.20
2007.10.25 10:07:32.688,1.03395,1.0343,4.10,2.40
2007.10.25 10:07:32.872,1.034,1.0343,0.10,2.40
2007.10.25 10:07:33.054,1.034,1.0343,0.10,2.40
2007.10.25 10:07:33.236,1.034,1.0343,0.10,2.40
2007.10.25 10:07:33.418,1.034,1.0343,0.10,2.40
2007.10.25 10:07:33.601,1.034,1.0343,0.10,2.40
2007.10.25 10:07:33.783,1.034,1.0343,0.10,2.40
2007.10.25 10:07:33.966,1.034,1.0343,0.10,2.40
2007.10.25 10:07:34.298,1.034,1.0343,0.10,2.40
2007.10.25 10:07:34.631,1.034,1.0343,0.10,2.40
2007.10.25 10:07:34.963,1.034,1.0343,0.10,2.40
2007.10.25 10:07:35.112,1.0339,1.03425,6.50,4.00
2007.10.25 10:07:35.259,1.0339,1.03425,2.50,4.00
2007.10.25 10:07:35.408,1.0339,1.03425,2.50,4.00
2007.10.25 10:07:35.555,1.0339,1.03425,2.50,4.00
2007.10.25 10:07:35.702,1.0339,1.03425,2.50,4.00
2007.10.25 10:07:35.849,1.0339,1.03425,2.50,4.00
2007.10.25 10:07:36.157,1.0339,1.03425,2.50,4.00
2007.10.25 10:07:36.466,1.0339,1.03425,2.50,4.00
2007.10.25 10:07:36.774,1.0339,1.03425,2.50,4.00
2007.10.25 10:07:37.083,1.034,1.03425,0.10,4.00
2007.10.25 10:07:37.348,1.03405,1.0343,4.00,2.40
2007.10.25 10:07:37.584,1.03405,1.0343,4.00,2.40
2007.10.25 10:07:37.822,1.034,1.0343,0.10,2.40
2007.10.25 10:07:38.061,1.034,1.0343,0.10,2.40
2007.10.25 10:07:38.323,1.034,1.0343,0.10,2.40
2007.10.25 10:07:38.585,1.034,1.0343,0.10,2.40
2007.10.25 10:07:38.848,1.034,1.0343,0.10,2.40
2007.10.25 10:07:39.180,1.034,1.0343,0.10,2.40
2007.10.25 10:07:39.513,1.034,1.0343,0.10,2.40
2007.10.25 10:07:39.846,1.034,1.0343,0.10,2.40
2007.10.25 10:07:40.179,1.034,1.0343,0.10,2.40
2007.10.25 10:07:40.402,1.034,1.0343,0.10,2.40
2007.10.25 10:07:40.624,1.034,1.0343,0.10,2.40
2007.10.25 10:07:40.847,1.034,1.0343,0.10,2.40
2007.10.25 10:07:41.069,1.034,1.0343,0.10,2.40
2007.10.25 10:07:41.372,1.034,1.0343,0.10,2.40
2007.10.25 10:07:41.675,1.034,1.0343,0.10,2.40
2007.10.25 10:07:41.978,1.034,1.0343,0.10,2.40
2007.10.25 10:07:42.171,1.034,1.0343,0.10,2.40
2007.10.25 10:07:42.363,1.034,1.0343,0.10,2.40
2007.10.25 10:07:42.487,1.034,1.0343,0.10,0.90
2007.10.25 10:07:42.556,1.034,1.0343,0.10,2.40
2007.10.25 10:07:42.748,1.034,1.0343,0.10,2.40
2007.10.25 10:07:42.941,1.034,1.0343,0.10,2.40
2007.10.25 10:07:43.258,1.034,1.0343,0.10,2.40
2007.10.25 10:07:43.576,1.034,1.0343,0.10,2.40
2007.10.25 10:07:43.894,1.034,1.0343,0.10,2.40
2007.10.25 10:07:44.212,1.034,1.0343,0.10,2.40
2007.10.25 10:07:44.499,1.034,1.0343,0.10,2.40
2007.10.25 10:07:44.786,1.034,1.0343,0.10,2.40
2007.10.25 10:07:45.073,1.034,1.0343,0.10,2.40
2007.10.25 10:07:45.241,1.034,1.0343,0.10,2.40
2007.10.25 10:07:45.408,1.034,1.0343,0.10,2.40
2007.10.25 10:07:45.576,1.034,1.0343,0.10,2.40
2007.10.25 10:07:45.744,1.034,1.0344,2.50,9.30
2007.10.25 10:07:45.911,1.034,1.0344,2.50,9.30
2007.10.25 10:07:46.079,1.034,1.0344,2.50,9.30
2007.10.25 10:07:46.386,1.034,1.0344,6.50,2.40
2007.10.25 10:07:46.693,1.034,1.0344,6.50,2.40
2007.10.25 10:07:47.001,1.034,1.0344,6.50,2.40
2007.10.25 10:07:47.224,1.034,1.0344,6.50,2.40
2007.10.25 10:07:47.447,1.034,1.0344,6.50,2.40
2007.10.25 10:07:47.669,1.034,1.0344,6.50,2.40
2007.10.25 10:07:47.892,1.034,1.03435,6.50,4.00
2007.10.25 10:07:48.115,1.034,1.03435,6.50,4.00
2007.10.25 10:07:48.368,1.034,1.03435,6.50,4.00
2007.10.25 10:07:48.621,1.034,1.03435,6.50,4.00
2007.10.25 10:07:48.874,1.034,1.03435,6.50,4.00
2007.10.25 10:07:49.127,1.034,1.03435,6.50,4.00
2007.10.25 10:07:49.461,1.034,1.03425,4.00,4.00
2007.10.25 10:07:49.794,1.0339,1.03425,6.50,4.00
2007.10.25 10:07:50.126,1.0339,1.03425,6.50,4.00
2007.10.25 10:07:50.348,1.0339,1.03425,6.50,4.00
2007.10.25 10:07:50.571,1.0339,1.03425,6.50,4.00
2007.10.25 10:07:50.794,1.0339,1.03425,6.50,4.00
2007.10.25 10:07:51.016,1.0339,1.03425,6.50,4.00
2007.10.25 10:07:51.240,1.0339,1.03425,6.50,4.00
2007.10.25 10:07:51.502,1.0339,1.03425,6.50,4.00
2007.10.25 10:07:51.765,1.0339,1.03425,6.50,4.00
2007.10.25 10:07:52.027,1.0339,1.03425,6.50,4.00
2007.10.25 10:07:52.290,1.0339,1.03425,6.50,4.00
2007.10.25 10:07:52.503,1.0339,1.03425,6.50,4.00
2007.10.25 10:07:52.715,1.0339,1.03425,6.50,4.00
2007.10.25 10:07:52.928,1.0339,1.03425,6.50,4.00
2007.10.25 10:07:53.140,1.0339,1.03425,6.50,4.00
2007.10.25 10:07:53.353,1.0339,1.03425,6.50,4.00
2007.10.25 10:07:53.585,1.0339,1.03425,6.50,4.00
2007.10.25 10:07:53.818,1.0339,1.03425,6.50,4.00
2007.10.25 10:07:54.051,1.0339,1.03425,6.50,4.00
2007.10.25 10:07:54.283,1.034,1.03435,2.40,10.80
2007.10.25 10:07:54.516,1.034,1.03435,6.40,8.00
2007.10.25 10:07:54.848,1.034,1.0343,4.00,2.40
2007.10.25 10:07:55.180,1.034,1.0343,4.10,2.40
2007.10.25 10:07:55.513,1.034,1.0343,0.10,2.40
2007.10.25 10:07:55.755,1.034,1.0343,0.10,2.40
2007.10.25 10:07:55.947,1.034,1.0343,0.10,2.40
2007.10.25 10:07:56.140,1.034,1.0343,0.10,2.40
2007.10.25 10:07:56.331,1.034,1.0343,0.10,2.40
2007.10.25 10:07:56.583,1.034,1.0343,0.10,2.40
2007.10.25 10:07:56.835,1.034,1.0343,0.10,2.40
2007.10.25 10:07:57.088,1.034,1.0343,0.10,2.40
2007.10.25 10:07:57.340,1.0339,1.03425,6.50,4.00
2007.10.25 10:07:57.543,1.0339,1.03425,6.50,4.00
2007.10.25 10:07:57.746,1.0339,1.03425,6.50,4.00
2007.10.25 10:07:57.949,1.0339,1.03425,6.50,4.00
2007.10.25 10:07:58.152,1.0339,1.03425,6.50,4.00
2007.10.25 10:07:58.354,1.0339,1.03425,6.50,4.00
2007.10.25 10:07:58.601,1.0339,1.03425,6.50,4.00
2007.10.25 10:07:58.849,1.0339,1.03425,6.50,4.00
2007.10.25 10:07:59.097,1.0339,1.03425,6.50,4.00
2007.10.25 10:07:59.345,1.0339,1.03425,6.50,4.00
2007.10.25 10:07:59.593,1.0339,1.03425,6.50,4.00
2007.10.25 10:07:59.926,1.0339,1.03425,6.50,4.00
2007.10.25 10:08:00.259,1.0339,1.03425,6.50,4.00
2007.10.25 10:08:00.592,1.0339,1.03425,6.50,4.00
2007.10.25 10:08:00.765,1.0339,1.03425,6.50,4.00
2007.10.25 10:08:00.938,1.0339,1.03425,6.50,4.00
2007.10.25 10:08:01.110,1.0339,1.03425,6.50,4.00
2007.10.25 10:08:01.283,1.0339,1.03425,6.50,4.00
2007.10.25 10:08:01.455,1.0339,1.03425,6.50,4.00
2007.10.25 10:08:01.713,1.0339,1.03425,6.50,4.00
2007.10.25 10:08:01.971,1.0339,1.03425,6.50,4.00
2007.10.25 10:08:02.227,1.0339,1.03425,6.50,4.00
2007.10.25 10:08:02.484,1.0339,1.03425,6.50,4.00
2007.10.25 10:08:02.657,1.0339,1.03425,6.50,4.00
2007.10.25 10:08:02.830,1.0339,1.03425,6.50,4.00
2007.10.25 10:08:03.002,1.0339,1.03425,6.50,4.00
2007.10.25 10:08:03.175,1.0339,1.03425,6.50,4.00
2007.10.25 10:08:03.347,1.0339,1.03425,6.50,4.00
2007.10.25 10:08:03.520,1.0339,1.03425,6.50,4.00
2007.10.25 10:08:03.832,1.0339,1.03425,6.50,4.00
2007.10.25 10:08:04.144,1.0339,1.03425,6.50,4.00
2007.10.25 10:08:04.456,1.0339,1.03425,6.50,4.00
2007.10.25 10:08:04.770,1.0339,1.03425,6.50,4.00
2007.10.25 10:08:05.102,1.0339,1.03425,6.50,4.00
2007.10.25 10:08:05.435,1.0339,1.03425,6.50,4.00
2007.10.25 10:08:05.768,1.0339,1.03425,6.50,4.00
2007.10.25 10:08:05.896,1.0339,1.03425,6.50,4.00
2007.10.25 10:08:06.023,1.0339,1.03425,6.50,4.00
2007.10.25 10:08:06.151,1.0339,1.03425,6.50,4.00
2007.10.25 10:08:06.278,1.0339,1.03425,6.50,4.00
2007.10.25 10:08:06.406,1.0339,1.03425,6.50,4.00
2007.10.25 10:08:06.534,1.0339,1.03425,6.50,4.00
2007.10.25 10:08:06.861,1.0339,1.03425,6.50,4.00
2007.10.25 10:08:07.188,1.0339,1.03425,6.50,4.00
2007.10.25 10:08:07.516,1.0339,1.03425,2.40,17.20
2007.10.25 10:08:07.725,1.0339,1.03425,2.40,21.20
2007.10.25 10:08:08.024,1.0339,1.03425,2.40,21.20
2007.10.25 10:08:08.231,1.0339,1.03425,2.40,21.20
2007.10.25 10:08:08.440,1.0339,1.03425,2.40,21.20
2007.10.25 10:08:08.646,1.0339,1.03425,2.40,21.20
2007.10.25 10:08:08.904,1.0339,1.03425,2.40,21.20
2007.10.25 10:08:09.162,1.0339,1.03425,2.40,21.20
2007.10.25 10:08:09.420,1.0339,1.03425,2.40,21.20
2007.10.25 10:08:09.678,1.0339,1.03425,2.40,21.20
2007.10.25 10:08:09.970,1.0339,1.03425,2.40,21.20
2007.10.25 10:08:10.262,1.0339,1.03425,2.40,21.20
2007.10.25 10:08:10.555,1.0339,1.03425,2.40,21.20
2007.10.25 10:08:10.850,1.0339,1.03425,2.40,10.80
2007.10.25 10:08:11.041,1.0339,1.03425,2.40,8.00
2007.10.25 10:08:11.234,1.0339,1.03425,2.40,10.40
2007.10.25 10:08:11.428,1.0339,1.0342,2.40,4.00
2007.10.25 10:08:11.620,1.0339,1.0342,2.40,4.00
2007.10.25 10:08:11.812,1.0339,1.0342,2.40,4.00
2007.10.25 10:08:12.090,1.0339,1.0342,2.40,4.00
2007.10.25 10:08:12.367,1.0339,1.0342,2.40,4.00
2007.10.25 10:08:12.644,1.0339,1.0342,2.40,4.00
2007.10.25 10:08:12.921,1.0339,1.0342,2.40,4.00
2007.10.25 10:08:13.134,1.0339,1.0342,2.40,4.00
2007.10.25 10:08:13.346,1.0339,1.0342,2.40,4.00
2007.10.25 10:08:13.559,1.0338,1.0342,6.50,6.40
2007.10.25 10:08:13.771,1.0338,1.0341,0.10,6.40
2007.10.25 10:08:13.985,1.0338,1.0341,0.10,6.40
2007.10.25 10:08:14.318,1.0338,1.0341,0.10,6.40
2007.10.25 10:08:14.651,1.0338,1.0341,2.40,4.00
2007.10.25 10:08:14.986,1.0339,1.0342,0.10,2.40
2007.10.25 10:08:15.162,1.0339,1.0342,0.10,2.40
2007.10.25 10:08:15.340,1.0339,1.0342,0.10,6.40
2007.10.25 10:08:15.517,1.0339,1.0342,0.10,6.40
2007.10.25 10:08:15.695,1.0339,1.0342,2.50,4.00
2007.10.25 10:08:15.873,1.0339,1.0342,2.50,4.00
2007.10.25 10:08:16.206,1.0339,1.0342,0.10,6.40
2007.10.25 10:08:16.539,1.03385,1.0342,8.00,2.40
2007.10.25 10:08:16.872,1.034,1.0343,0.10,5.20
2007.10.25 10:08:17.054,1.034,1.0343,0.10,2.40
2007.10.25 10:08:17.237,1.034,1.0343,0.10,2.40
2007.10.25 10:08:17.421,1.034,1.0343,0.10,2.40
2007.10.25 10:08:17.604,1.034,1.0343,0.10,2.40
2007.10.25 10:08:17.786,1.034,1.0343,0.10,2.40
2007.10.25 10:08:17.968,1.034,1.0343,0.10,2.40
2007.10.25 10:08:18.300,1.034,1.0343,0.10,2.40
2007.10.25 10:08:18.632,1.034,1.0343,0.10,2.40
2007.10.25 10:08:18.965,1.03395,1.0343,8.00,2.40
2007.10.25 10:08:19.257,1.03395,1.0343,8.00,2.40
2007.10.25 10:08:19.549,1.03395,1.0343,8.00,2.40
2007.10.25 10:08:19.842,1.03395,1.0343,8.00,2.40
2007.10.25 10:08:20.135,1.03395,1.0343,8.00,2.40
2007.10.25 10:08:20.333,1.03395,1.0343,8.00,2.40
2007.10.25 10:08:20.531,1.03395,1.0343,8.00,2.40
2007.10.25 10:08:20.728,1.03395,1.0343,8.00,2.40
2007.10.25 10:08:20.926,1.03395,1.0343,8.00,2.40
2007.10.25 10:08:21.123,1.03395,1.0343,8.00,2.40
2007.10.25 10:08:21.345,1.03395,1.0343,8.00,2.40
2007.10.25 10:08:21.568,1.03395,1.0343,8.00,2.40
2007.10.25 10:08:21.790,1.03395,1.0343,8.00,2.40
2007.10.25 10:08:22.012,1.03395,1.0343,8.00,2.40
2007.10.25 10:08:22.234,1.03395,1.0343,8.00,2.40
2007.10.25 10:08:22.442,1.03395,1.0343,8.00,2.40
2007.10.25 10:08:22.649,1.03395,1.0343,8.00,2.40
2007.10.25 10:08:22.858,1.03395,1.0343,8.00,2.40
2007.10.25 10:08:23.065,1.03395,1.0343,8.00,2.40
2007.10.25 10:08:23.288,1.03395,1.0343,8.00,2.40
2007.10.25 10:08:23.511,1.03395,1.0343,8.00,2.40
2007.10.25 10:08:23.734,1.03395,1.0343,8.00,2.40
2007.10.25 10:08:23.957,1.03395,1.0343,4.00,2.40
2007.10.25 10:08:24.180,1.03395,1.0343,4.00,2.40
2007.10.25 10:08:24.512,1.03395,1.0343,4.00,2.40
2007.10.25 10:08:24.846,1.03395,1.0343,4.00,2.40
2007.10.25 10:08:25.178,1.03395,1.0343,4.00,2.40
2007.10.25 10:08:25.371,1.03395,1.0343,4.00,2.40
2007.10.25 10:08:25.564,1.03395,1.0343,4.00,2.40
2007.10.25 10:08:25.757,1.03395,1.0343,4.00,2.40
2007.10.25 10:08:25.949,1.03395,1.0343,4.00,2.40
2007.10.25 10:08:26.141,1.03395,1.0343,4.00,2.40
2007.10.25 10:08:26.429,1.03395,1.0343,4.00,2.40
2007.10.25 10:08:26.667,1.03395,1.0343,4.00,2.40
2007.10.25 10:08:26.905,1.03395,1.0343,4.00,2.40
2007.10.25 10:08:27.142,1.03395,1.0343,4.00,2.40
2007.10.25 10:08:27.381,1.03395,1.0343,4.00,2.40
2007.10.25 10:08:27.619,1.03395,1.0343,4.00,2.40
2007.10.25 10:08:27.856,1.03395,1.0343,4.00,2.40
2007.10.25 10:08:28.095,1.03395,1.0343,4.00,2.40
2007.10.25 10:08:28.332,1.03395,1.0343,4.00,2.40
2007.10.25 10:08:28.605,1.03395,1.0343,4.00,2.40
2007.10.25 10:08:28.878,1.03395,1.0343,4.00,2.40
2007.10.25 10:08:29.152,1.03395,1.0343,4.00,2.40
2007.10.25 10:08:29.424,1.03395,1.0343,4.00,2.40
2007.10.25 10:08:29.757,1.03395,1.0343,4.00,2.40
2007.10.25 10:08:30.090,1.03395,1.0343,4.00,2.40
2007.10.25 10:08:30.423,1.03395,1.0343,4.00,2.40
2007.10.25 10:08:30.601,1.03395,1.0343,4.00,2.40
2007.10.25 10:08:30.778,1.03395,1.0343,4.00,2.40
2007.10.25 10:08:30.955,1.03395,1.0343,4.00,2.40
2007.10.25 10:08:31.134,1.03395,1.0343,4.00,2.40
2007.10.25 10:08:31.311,1.03395,1.0343,4.00,2.40
2007.10.25 10:08:31.574,1.03395,1.0343,4.00,2.40
2007.10.25 10:08:31.836,1.03395,1.0343,4.00,2.40
2007.10.25 10:08:32.099,1.03395,1.0343,4.00,2.40
2007.10.25 10:08:32.361,1.03395,1.0343,4.00,2.40
2007.10.25 10:08:32.578,1.03395,1.0343,4.00,2.40
2007.10.25 10:08:32.797,1.03395,1.0343,4.00,2.40
2007.10.25 10:08:33.014,1.03395,1.0343,4.00,2.40
2007.10.25 10:08:33.231,1.03395,1.0343,4.00,2.40
2007.10.25 10:08:33.449,1.03395,1.0343,4.00,2.40
2007.10.25 10:08:33.721,1.03395,1.0343,4.00,2.40
2007.10.25 10:08:33.994,1.03395,1.0343,4.00,2.40
2007.10.25 10:08:34.267,1.03395,1.0343,4.00,2.40
2007.10.25 10:08:34.539,1.03395,1.0343,4.00,2.40
2007.10.25 10:08:34.867,1.03395,1.0343,4.00,2.40
2007.10.25 10:08:35.195,1.03395,1.0343,4.00,2.40
2007.10.25 10:08:35.523,1.03395,1.0343,4.00,2.40
2007.10.25 10:08:35.685,1.03395,1.0343,4.00,2.40
2007.10.25 10:08:35.848,1.03395,1.0343,4.00,2.40
2007.10.25 10:08:36.012,1.03395,1.0343,4.00,5.20
2007.10.25 10:08:36.174,1.03395,1.0343,4.00,5.20
2007.10.25 10:08:36.336,1.03395,1.0343,4.00,5.20
2007.10.25 10:08:36.499,1.03395,1.0343,4.00,5.20
2007.10.25 10:08:36.661,1.03395,1.0343,4.00,5.20
2007.10.25 10:08:36.984,1.03395,1.0343,4.00,5.20
2007.10.25 10:08:37.307,1.03395,1.0343,4.00,5.20
2007.10.25 10:08:37.632,1.03395,1.0343,4.00,5.20
2007.10.25 10:08:37.844,1.03395,1.0342,4.00,2.40
2007.10.25 10:08:38.056,1.03395,1.0342,4.00,2.40
2007.10.25 10:08:38.269,1.03395,1.0342,4.00,2.40
2007.10.25 10:08:38.482,1.03395,1.0342,4.00,2.40
2007.10.25 10:08:38.713,1.03395,1.0342,4.00,2.40
2007.10.25 10:08:38.960,1.03395,1.0342,4.00,2.40
2007.10.25 10:08:39.209,1.03395,1.0342,4.00,2.40
2007.10.25 10:08:39.457,1.03395,1.0342,4.00,2.40
2007.10.25 10:08:39.705,1.03395,1.0342,4.00,2.40
2007.10.25 10:08:40.040,1.03395,1.0342,4.00,2.40
2007.10.25 10:08:40.371,1.03395,1.0342,4.00,2.40
2007.10.25 10:08:40.703,1.03395,1.0342,4.00,2.40
2007.10.25 10:08:40.882,1.03395,1.0342,4.00,2.40
2007.10.25 10:08:41.059,1.03395,1.0342,4.00,2.40
2007.10.25 10:08:41.237,1.03395,1.0342,4.00,2.40
2007.10.25 10:08:41.414,1.03395,1.0342,4.00,2.40
2007.10.25 10:08:41.592,1.03395,1.0342,4.00,2.40
2007.10.25 10:08:41.770,1.03395,1.0342,4.00,2.40
2007.10.25 10:08:42.103,1.03395,1.0342,4.00,2.40
2007.10.25 10:08:42.436,1.03395,1.0342,4.00,2.40
2007.10.25 10:08:42.768,1.03395,1.0343,4.00,5.20
2007.10.25 10:08:42.951,1.03395,1.0343,4.00,5.20
2007.10.25 10:08:43.133,1.03395,1.0343,4.00,5.20
2007.10.25 10:08:43.317,1.03395,1.0343,4.00,5.20
2007.10.25 10:08:43.500,1.03395,1.0343,4.00,5.20
2007.10.25 10:08:43.682,1.03395,1.0343,4.00,5.20
2007.10.25 10:08:43.865,1.03395,1.0343,4.00,5.20
2007.10.25 10:08:44.197,1.03395,1.0343,4.00,5.20
2007.10.25 10:08:44.529,1.03395,1.0343,4.00,5.20
2007.10.25 10:08:44.862,1.03395,1.0342,4.00,2.40
2007.10.25 10:08:44.973,1.03385,1.0342,8.80,2.40
2007.10.25 10:08:45.015,1.03385,1.0342,8.80,2.40
2007.10.25 10:08:45.167,1.03385,1.0342,8.80,2.40
2007.10.25 10:08:45.320,1.03385,1.0342,8.80,2.40
2007.10.25 10:08:45.473,1.03385,1.0342,8.80,2.40
2007.10.25 10:08:45.625,1.03395,1.0342,1.50,2.40
2007.10.25 10:08:45.778,1.03395,1.0342,2.00,2.40
2007.10.25 10:08:45.930,1.03385,1.0342,8.80,2.40
2007.10.25 10:08:46.259,1.03395,1.0342,4.00,2.40
2007.10.25 10:08:46.586,1.03395,1.0342,4.00,2.40
2007.10.25 10:08:46.914,1.03395,1.0342,4.00,2.40
2007.10.25 10:08:47.241,1.03395,1.0342,4.00,2.40
2007.10.25 10:08:47.429,1.03395,1.0342,4.00,2.40
2007.10.25 10:08:47.616,1.03395,1.0342,4.00,2.40
2007.10.25 10:08:47.804,1.03395,1.0342,4.00,2.40
2007.10.25 10:08:47.992,1.03395,1.0342,4.00,2.40
2007.10.25 10:08:48.180,1.03395,1.0342,4.00,2.40
2007.10.25 10:08:48.371,1.03395,1.0342,4.00,2.40
2007.10.25 10:08:48.565,1.03395,1.0342,4.00,2.40
2007.10.25 10:08:48.757,1.03395,1.0342,4.00,2.40
2007.10.25 10:08:48.950,1.03395,1.0342,4.00,2.40
2007.10.25 10:08:49.143,1.03395,1.0342,4.00,2.40
2007.10.25 10:08:49.335,1.03395,1.0342,4.00,2.40
2007.10.25 10:08:49.668,1.03395,1.0342,4.00,2.40
2007.10.25 10:08:50.001,1.03395,1.0342,4.00,2.40
2007.10.25 10:08:50.333,1.03395,1.0342,4.00,2.40
2007.10.25 10:08:50.491,1.03395,1.0342,4.00,2.40
2007.10.25 10:08:50.648,1.03395,1.0342,4.00,2.40
2007.10.25 10:08:50.806,1.03395,1.0342,4.00,2.40
2007.10.25 10:08:50.981,1.03395,1.0342,4.00,2.40
2007.10.25 10:08:51.139,1.03395,1.0342,4.00,2.40
2007.10.25 10:08:51.297,1.03395,1.0342,4.00,2.40
2007.10.25 10:08:51.545,1.03395,1.0342,4.00,2.40
2007.10.25 10:08:51.794,1.03395,1.0342,4.00,2.40
2007.10.25 10:08:52.041,1.03395,1.0342,4.00,2.40
2007.10.25 10:08:52.289,1.03395,1.0342,4.00,2.40
2007.10.25 10:08:52.462,1.03395,1.0342,4.00,2.40
2007.10.25 10:08:52.635,1.03395,1.0342,4.00,2.40
2007.10.25 10:08:52.807,1.03395,1.0342,4.00,2.40
2007.10.25 10:08:52.981,1.03395,1.0342,4.00,2.40
2007.10.25 10:08:53.153,1.03395,1.0342,4.00,2.40
2007.10.25 10:08:53.326,1.03395,1.0342,4.00,2.40
2007.10.25 10:08:53.589,1.03395,1.0342,4.00,2.40
2007.10.25 10:08:53.852,1.03395,1.0342,4.00,2.40
2007.10.25 10:08:54.115,1.03395,1.0342,4.00,2.40
2007.10.25 10:08:54.380,1.03395,1.0342,4.80,2.40
2007.10.25 10:08:54.696,1.03395,1.0342,4.80,2.40
2007.10.25 10:08:55.014,1.03395,1.0342,4.80,2.40
2007.10.25 10:08:55.331,1.03395,1.0342,4.80,2.40
2007.10.25 10:08:55.503,1.03395,1.0342,4.80,2.40
2007.10.25 10:08:55.676,1.03395,1.0342,4.80,2.40
2007.10.25 10:08:55.848,1.03395,1.0342,4.80,2.40
2007.10.25 10:08:56.020,1.03395,1.0342,4.80,2.40
2007.10.25 10:08:56.193,1.03395,1.0342,4.80,2.40
2007.10.25 10:08:56.366,1.03395,1.0342,4.80,2.40
2007.10.25 10:08:56.644,1.03395,1.0342,4.80,2.40
2007.10.25 10:08:56.921,1.03395,1.0342,4.80,2.40
2007.10.25 10:08:57.199,1.03395,1.0342,4.80,2.40
2007.10.25 10:08:57.477,1.03395,1.0342,4.80,2.40
2007.10.25 10:08:57.675,1.03395,1.0342,4.80,2.40
2007.10.25 10:08:57.873,1.03395,1.0342,4.80,2.40
2007.10.25 10:08:58.070,1.03395,1.0342,4.80,2.40
2007.10.25 10:08:58.268,1.03395,1.0342,4.80,2.40
2007.10.25 10:08:58.466,1.03395,1.0342,4.80,2.40
2007.10.25 10:08:58.699,1.03395,1.0342,4.80,2.40
2007.10.25 10:08:58.932,1.03395,1.0342,4.80,2.40
2007.10.25 10:08:59.164,1.03395,1.0342,4.80,2.40
2007.10.25 10:08:59.396,1.03395,1.0342,4.80,2.40
2007.10.25 10:08:59.629,1.03395,1.0342,4.80,2.40
2007.10.25 10:08:59.961,1.03395,1.0342,4.80,2.40
2007.10.25 10:09:00.294,1.03395,1.0342,4.80,2.40
2007.10.25 10:09:00.627,1.03395,1.0342,4.80,2.40
2007.10.25 10:09:00.769,1.03395,1.0342,4.80,2.40
2007.10.25 10:09:00.912,1.03395,1.0342,4.80,2.40
2007.10.25 10:09:01.054,1.03395,1.0342,4.80,2.40
2007.10.25 10:09:01.197,1.03395,1.0342,4.80,2.40
2007.10.25 10:09:01.340,1.03395,1.0342,4.80,2.40
2007.10.25 10:09:01.483,1.03395,1.0342,4.80,2.40
2007.10.25 10:09:01.626,1.03395,1.0342,4.80,2.40
2007.10.25 10:09:01.959,1.03395,1.0342,4.80,2.40
2007.10.25 10:09:02.292,1.03395,1.0342,4.80,2.40
2007.10.25 10:09:02.625,1.03395,1.0342,4.80,2.40
2007.10.25 10:09:02.957,1.03395,1.0342,4.80,2.40
2007.10.25 10:09:03.119,1.03395,1.0342,4.80,2.40
2007.10.25 10:09:03.282,1.03395,1.0342,4.80,2.40
2007.10.25 10:09:03.445,1.03395,1.0342,4.80,2.40
2007.10.25 10:09:03.607,1.03395,1.0342,4.80,2.40
2007.10.25 10:09:03.770,1.03395,1.0342,4.80,2.40
2007.10.25 10:09:04.102,1.03395,1.0342,4.80,2.40
2007.10.25 10:09:04.434,1.03395,1.0342,4.80,2.40
2007.10.25 10:09:04.767,1.03395,1.0342,4.80,2.40
2007.10.25 10:09:04.915,1.03395,1.0342,4.80,2.40
2007.10.25 10:09:05.063,1.03395,1.0342,4.80,2.40
2007.10.25 10:09:05.211,1.03395,1.0342,4.80,2.40
2007.10.25 10:09:05.359,1.03395,1.0342,4.80,2.40
2007.10.25 10:09:05.507,1.03395,1.0342,4.80,2.40
2007.10.25 10:09:05.654,1.03395,1.0342,4.80,2.40
2007.10.25 10:09:05.802,1.03395,1.0342,4.80,2.40
2007.10.25 10:09:06.095,1.03395,1.0342,4.80,2.40
2007.10.25 10:09:06.387,1.03395,1.0342,4.80,2.40
2007.10.25 10:09:06.680,1.03395,1.0342,4.80,2.40
2007.10.25 10:09:06.973,1.03395,1.0342,4.80,2.40
2007.10.25 10:09:07.151,1.03395,1.0342,4.80,2.40
2007.10.25 10:09:07.328,1.03395,1.0342,4.80,2.40
2007.10.25 10:09:07.506,1.03395,1.0342,4.80,2.40
2007.10.25 10:09:07.684,1.03395,1.0342,4.80,2.40
2007.10.25 10:09:07.862,1.03395,1.0342,4.80,2.40
2007.10.25 10:09:08.091,1.03395,1.0342,4.80,2.40
2007.10.25 10:09:08.319,1.03395,1.0342,4.80,2.40
2007.10.25 10:09:08.555,1.03395,1.0342,4.80,2.40
2007.10.25 10:09:08.783,1.03395,1.0342,4.80,2.40
2007.10.25 10:09:09.011,1.03395,1.0342,4.80,2.40
2007.10.25 10:09:09.390,1.03395,1.0342,0.80,2.40
2007.10.25 10:09:09.723,1.0339,1.0342,1.60,5.20
2007.10.25 10:09:10.057,1.0339,1.0342,1.60,5.20
2007.10.25 10:09:10.215,1.0339,1.0342,1.60,5.20
2007.10.25 10:09:10.373,1.0339,1.0342,1.60,5.20
2007.10.25 10:09:10.531,1.0339,1.0342,1.60,5.20
2007.10.25 10:09:10.688,1.0339,1.0342,1.60,5.20
2007.10.25 10:09:10.846,1.0339,1.0342,1.60,5.20
2007.10.25 10:09:11.003,1.0339,1.0342,1.60,5.20
2007.10.25 10:09:11.261,1.0339,1.0342,1.60,5.20
2007.10.25 10:09:11.518,1.0339,1.0342,1.60,5.20
2007.10.25 10:09:11.776,1.0339,1.0342,1.60,5.20
2007.10.25 10:09:12.034,1.0339,1.0342,1.60,5.20
2007.10.25 10:09:12.211,1.0339,1.0342,1.60,5.20
2007.10.25 10:09:12.389,1.03395,1.0342,4.00,2.40
2007.10.25 10:09:12.567,1.03395,1.0342,4.00,2.40
2007.10.25 10:09:12.745,1.03395,1.0342,4.00,2.40
2007.10.25 10:09:12.923,1.03395,1.0342,4.00,2.40
2007.10.25 10:09:13.101,1.03395,1.0342,4.00,2.40
2007.10.25 10:09:13.392,1.03395,1.0342,4.00,0.60
2007.10.25 10:09:13.409,1.03395,1.03425,4.00,5.20
2007.10.25 10:09:13.717,1.03395,1.0342,4.00,0.70
2007.10.25 10:09:14.025,1.03395,1.03425,4.00,5.20
2007.10.25 10:09:14.333,1.03395,1.03425,4.00,5.20
2007.10.25 10:09:14.646,1.03395,1.0342,4.00,2.40
2007.10.25 10:09:14.959,1.03395,1.0342,4.00,2.40
2007.10.25 10:09:15.272,1.03395,1.0342,4.00,2.40
2007.10.25 10:09:15.523,1.03395,1.0342,4.00,2.40
2007.10.25 10:09:15.720,1.03395,1.0342,4.00,2.40
2007.10.25 10:09:15.918,1.03395,1.0342,4.00,2.40
2007.10.25 10:09:16.116,1.03395,1.0342,4.00,2.40
2007.10.25 10:09:16.389,1.03395,1.0342,4.00,2.40
2007.10.25 10:09:16.662,1.03395,1.0342,4.00,2.40
2007.10.25 10:09:16.935,1.03395,1.0342,4.00,2.40
2007.10.25 10:09:17.208,1.03395,1.0342,4.00,2.40
2007.10.25 10:09:17.456,1.03395,1.0342,4.00,2.40
2007.10.25 10:09:17.704,1.03395,1.0342,4.00,2.40
2007.10.25 10:09:17.950,1.03395,1.0342,4.00,2.40
2007.10.25 10:09:18.198,1.03395,1.0342,4.00,2.40
2007.10.25 10:09:18.381,1.03395,1.0342,4.00,2.40
2007.10.25 10:09:18.563,1.03395,1.0342,4.00,2.40
2007.10.25 10:09:18.745,1.03395,1.0342,4.00,2.40
2007.10.25 10:09:18.929,1.03395,1.0342,4.00,2.40
2007.10.25 10:09:19.112,1.03395,1.0342,4.00,2.40
2007.10.25 10:09:19.294,1.03395,1.0342,4.00,2.40
2007.10.25 10:09:19.627,1.03395,1.0342,4.00,2.40
2007.10.25 10:09:19.959,1.03395,1.0342,4.00,2.40
2007.10.25 10:09:20.291,1.03395,1.0342,4.00,2.40
2007.10.25 10:09:20.469,1.03395,1.0342,4.00,2.40
2007.10.25 10:09:20.646,1.03395,1.0342,4.00,2.40
2007.10.25 10:09:20.825,1.03395,1.0342,4.00,2.40
2007.10.25 10:09:21.002,1.03395,1.0342,4.00,2.40
2007.10.25 10:09:21.180,1.03395,1.0342,4.00,2.40
2007.10.25 10:09:21.413,1.03395,1.0342,4.00,2.40
2007.10.25 10:09:21.658,1.03395,1.0342,4.00,2.40
2007.10.25 10:09:21.891,1.03395,1.0342,4.00,2.40
2007.10.25 10:09:22.124,1.03395,1.0342,4.00,2.40
2007.10.25 10:09:22.357,1.03395,1.0342,4.00,2.40
2007.10.25 10:09:22.560,1.03395,1.0342,4.00,2.40
2007.10.25 10:09:22.762,1.03395,1.0342,4.00,2.40
2007.10.25 10:09:22.965,1.03395,1.0342,4.00,2.40
2007.10.25 10:09:23.169,1.03395,1.0342,4.00,2.40
2007.10.25 10:09:23.372,1.03395,1.0342,4.00,2.40
2007.10.25 10:09:23.639,1.03395,1.0342,4.00,2.40
2007.10.25 10:09:23.908,1.03395,1.0342,4.00,2.40
2007.10.25 10:09:24.176,1.03395,1.0342,4.00,2.40
2007.10.25 10:09:24.443,1.03395,1.03425,4.00,2.80
2007.10.25 10:09:24.745,1.03395,1.03425,4.80,2.80
2007.10.25 10:09:25.047,1.03395,1.03425,4.80,2.80
2007.10.25 10:09:25.349,1.03395,1.03425,4.80,2.80
2007.10.25 10:09:25.651,1.03395,1.03425,4.80,2.80
2007.10.25 10:09:25.828,1.03395,1.03425,4.80,2.80
2007.10.25 10:09:26.006,1.03395,1.03425,4.80,2.80
2007.10.25 10:09:26.185,1.03395,1.03425,4.80,2.80
2007.10.25 10:09:26.363,1.03395,1.03425,4.80,2.80
2007.10.25 10:09:26.541,1.03395,1.03425,0.80,6.80
2007.10.25 10:09:26.719,1.03395,1.03425,0.80,6.80
2007.10.25 10:09:27.053,1.03395,1.03425,0.80,6.80
2007.10.25 10:09:27.385,1.03395,1.03425,0.80,6.80
2007.10.25 10:09:27.802,1.03395,1.03425,0.80,6.80
2007.10.25 10:09:27.990,1.03395,1.03425,4.80,2.80
2007.10.25 10:09:28.180,1.03395,1.03425,4.80,2.80
2007.10.25 10:09:28.374,1.03405,1.03425,0.80,2.80
2007.10.25 10:09:28.563,1.03405,1.03425,0.80,2.80
2007.10.25 10:09:28.751,1.03405,1.0343,0.80,2.40
2007.10.25 10:09:28.939,1.03405,1.0343,0.80,5.20
2007.10.25 10:09:29.273,1.03405,1.0343,0.80,5.20
2007.10.25 10:09:29.605,1.03405,1.0343,0.80,5.20
2007.10.25 10:09:29.938,1.03405,1.0343,0.80,2.80
2007.10.25 10:09:30.126,1.034,1.03435,3.20,18.00
2007.10.25 10:09:30.314,1.034,1.03435,3.20,18.00
2007.10.25 10:09:30.502,1.034,1.03435,3.20,18.00
2007.10.25 10:09:30.690,1.034,1.03435,3.20,18.00
2007.10.25 10:09:30.878,1.034,1.03435,3.20,18.00
2007.10.25 10:09:31.065,1.034,1.03435,3.20,18.00
2007.10.25 10:09:31.398,1.0339,1.03425,7.00,14.40
2007.10.25 10:09:31.731,1.0339,1.03425,3.00,14.80
2007.10.25 10:09:32.065,1.0339,1.03425,3.00,6.80
2007.10.25 10:09:32.253,1.0339,1.03425,3.00,6.80
2007.10.25 10:09:32.442,1.034,1.0343,0.60,5.20
2007.10.25 10:09:32.632,1.034,1.0343,0.60,5.20
2007.10.25 10:09:32.819,1.034,1.0343,0.60,2.40
2007.10.25 10:09:33.007,1.034,1.0343,0.20,5.20
2007.10.25 10:09:33.335,1.034,1.0343,0.20,5.20
2007.10.25 10:09:33.663,1.034,1.0343,0.20,5.20
2007.10.25 10:09:33.990,1.034,1.0343,0.20,5.20
2007.10.25 10:09:34.318,1.034,1.0343,0.50,5.20
2007.10.25 10:09:34.626,1.034,1.0343,0.50,5.20
2007.10.25 10:09:34.933,1.03395,1.0342,0.50,2.40
2007.10.25 10:09:35.241,1.03395,1.0342,0.50,2.40
2007.10.25 10:09:35.404,1.03395,1.0342,0.50,2.40
2007.10.25 10:09:35.566,1.03395,1.0342,0.50,2.40
2007.10.25 10:09:35.729,1.03395,1.0342,0.50,2.40
2007.10.25 10:09:35.892,1.03395,1.0342,0.50,2.40
2007.10.25 10:09:36.055,1.03395,1.0342,0.50,2.40
2007.10.25 10:09:36.219,1.03395,1.0342,0.50,2.40
2007.10.25 10:09:36.517,1.03395,1.0342,0.50,2.40
2007.10.25 10:09:36.816,1.03395,1.0342,0.50,2.40
2007.10.25 10:09:37.115,1.03395,1.0342,0.50,2.40
2007.10.25 10:09:37.414,1.03395,1.03425,0.50,9.20
2007.10.25 10:09:37.617,1.03395,1.0342,0.50,2.80
2007.10.25 10:09:37.820,1.03395,1.0342,0.50,2.80
2007.10.25 10:09:37.936,1.0339,1.0342,3.30,2.80
2007.10.25 10:09:38.023,1.0339,1.03425,3.30,13.20
2007.10.25 10:09:38.226,1.0339,1.03425,3.30,13.20
2007.10.25 10:09:38.499,1.03395,1.03425,0.50,6.80
2007.10.25 10:09:38.772,1.03395,1.03425,0.50,6.80
2007.10.25 10:09:39.046,1.03395,1.03425,0.50,6.80
2007.10.25 10:09:39.318,1.03395,1.03425,0.50,6.80
2007.10.25 10:09:39.651,1.0339,1.03425,3.30,6.80
2007.10.25 10:09:40.067,1.0339,1.03425,3.30,6.80
2007.10.25 10:09:40.402,1.0339,1.03425,3.30,6.80
2007.10.25 10:09:40.629,1.0339,1.03425,3.30,6.80
2007.10.25 10:09:40.858,1.03395,1.03425,0.50,6.80
2007.10.25 10:09:41.085,1.03395,1.03425,0.50,6.80
2007.10.25 10:09:41.312,1.0339,1.03425,3.30,6.80
2007.10.25 10:09:41.620,1.03395,1.03425,0.50,6.80
2007.10.25 10:09:41.928,1.0339,1.03425,3.30,6.80
2007.10.25 10:09:42.235,1.0339,1.03425,3.30,6.80
2007.10.25 10:09:42.544,1.03395,1.0342,0.50,2.40
2007.10.25 10:09:42.821,1.03395,1.0342,0.50,2.40
2007.10.25 10:09:43.100,1.03385,1.0342,0.06,2.40
2007.10.25 10:09:43.377,1.03385,1.0341,0.70,2.40
2007.10.25 10:09:43.616,1.03375,1.0341,8.06,2.40
2007.10.25 10:09:43.853,1.03385,1.03415,0.06,12.00
2007.10.25 10:09:44.091,1.0338,1.03415,2.46,6.80
2007.10.25 10:09:44.329,1.03385,1.03415,0.06,6.80
2007.10.25 10:09:44.567,1.03385,1.03415,0.06,6.80
2007.10.25 10:09:44.900,1.0338,1.0342,2.46,5.20
2007.10.25 10:09:45.233,1.0338,1.0342,2.46,5.20
2007.10.25 10:09:45.566,1.0338,1.03415,2.46,4.00
2007.10.25 10:09:45.803,1.03385,1.03415,0.06,4.00
2007.10.25 10:09:46.041,1.0338,1.03415,6.46,4.00
2007.10.25 10:09:46.279,1.0338,1.03415,2.46,6.80
2007.10.25 10:09:46.517,1.03385,1.03415,0.06,6.80
2007.10.25 10:09:46.789,1.0338,1.03415,2.46,7.60
2007.10.25 10:09:47.062,1.03385,1.034,0.06,2.40
2007.10.25 10:09:47.335,1.03385,1.034,0.06,5.20
2007.10.25 10:09:47.609,1.03385,1.03395,0.06,4.80
2007.10.25 10:09:47.896,1.03385,1.03395,0.06,12.80
2007.10.25 10:09:48.184,1.0334,1.03385,4.00,2.80
2007.10.25 10:09:48.473,1.0334,1.03385,1.40,2.80
2007.10.25 10:09:48.760,1.0333,1.0338,11.20,2.80
2007.10.25 10:09:49.092,1.0333,1.0338,15.20,2.80
2007.10.25 10:09:49.425,1.0333,1.0338,15.20,2.80
2007.10.25 10:09:49.758,1.03335,1.03385,8.80,2.80
2007.10.25 10:09:49.956,1.0334,1.03385,1.20,2.80
2007.10.25 10:09:50.153,1.03345,1.0339,1.40,2.80
2007.10.25 10:09:50.351,1.03385,1.0339,0.06,2.80
2007.10.25 10:09:50.550,1.03385,1.0339,0.06,2.80
2007.10.25 10:09:50.750,1.03385,1.03395,0.06,2.80
2007.10.25 10:09:51.077,1.03385,1.034,0.06,5.20
2007.10.25 10:09:51.405,1.03385,1.034,0.06,5.20
2007.10.25 10:09:51.732,1.03385,1.034,0.06,5.20
2007.10.25 10:09:51.985,1.03385,1.034,0.06,2.40
2007.10.25 10:09:52.347,1.03385,1.034,0.06,2.40
2007.10.25 10:09:52.599,1.03385,1.034,0.06,2.40
2007.10.25 10:09:52.862,1.03385,1.034,0.06,2.40
2007.10.25 10:09:53.124,1.03385,1.034,0.06,5.20
2007.10.25 10:09:53.387,1.03385,1.034,0.06,5.20
2007.10.25 10:09:53.649,1.03385,1.034,0.06,5.20
2007.10.25 10:09:53.911,1.03385,1.034,0.06,5.20
2007.10.25 10:09:54.244,1.03385,1.034,0.06,5.20
2007.10.25 10:09:54.577,1.03355,1.034,17.60,5.20
2007.10.25 10:09:54.910,1.0336,1.03395,1.40,2.80
2007.10.25 10:09:55.063,1.03355,1.03395,15.20,2.80
2007.10.25 10:09:55.215,1.0336,1.03395,0.50,2.80
2007.10.25 10:09:55.368,1.03355,1.03395,11.20,2.80
2007.10.25 10:09:55.521,1.03355,1.03395,11.20,2.80
2007.10.25 10:09:55.673,1.03355,1.03395,11.20,2.80
2007.10.25 10:09:56.006,1.03355,1.03395,11.20,2.80
2007.10.25 10:09:56.337,1.03355,1.03395,11.20,2.80
2007.10.25 10:09:56.670,1.03355,1.03395,11.20,2.80
2007.10.25 10:09:57.004,1.0337,1.03395,0.50,2.80
2007.10.25 10:09:57.167,1.0337,1.03395,1.60,2.80
2007.10.25 10:09:57.330,1.03365,1.03395,6.40,2.80
2007.10.25 10:09:57.493,1.03365,1.03395,6.40,2.80
2007.10.25 10:09:57.654,1.0337,1.0341,1.40,5.20
2007.10.25 10:09:57.817,1.0336,1.034,14.40,2.40
2007.10.25 10:09:58.120,1.0336,1.034,14.40,2.40
2007.10.25 10:09:58.489,1.0336,1.034,10.40,2.40
2007.10.25 10:09:58.793,1.0336,1.034,10.40,2.40
2007.10.25 10:09:59.094,1.03365,1.034,1.00,2.40
2007.10.25 10:09:59.401,1.0336,1.034,10.40,2.40
2007.10.25 10:09:59.710,1.0336,1.034,10.40,2.40
2007.10.25 10:10:00.018,1.0336,1.034,10.40,2.40
2007.10.25 10:10:00.236,1.03365,1.034,2.10,2.40
2007.10.25 10:10:00.454,1.0336,1.034,10.40,2.40
2007.10.25 10:10:00.672,1.03365,1.034,2.10,2.40
2007.10.25 10:10:00.890,1.0336,1.034,10.40,2.40
2007.10.25 10:10:01.168,1.0336,1.034,10.40,2.40
2007.10.25 10:10:01.445,1.03365,1.034,1.30,2.40
2007.10.25 10:10:01.723,1.03365,1.034,2.10,2.40
2007.10.25 10:10:02.001,1.0336,1.034,10.40,2.40
2007.10.25 10:10:02.239,1.03375,1.034,0.70,2.40
2007.10.25 10:10:02.478,1.03385,1.03405,0.90,2.80
2007.10.25 10:10:02.715,1.03375,1.0341,8.00,2.40
2007.10.25 10:10:02.952,1.03385,1.0341,1.70,2.40
2007.10.25 10:10:03.170,1.03375,1.0341,8.00,2.40
2007.10.25 10:10:03.388,1.0338,1.03415,6.40,2.80
2007.10.25 10:10:03.606,1.0338,1.0342,6.40,5.20
2007.10.25 10:10:03.824,1.0338,1.0342,6.40,5.30
2007.10.25 10:10:04.041,1.0338,1.0342,6.40,5.30
2007.10.25 10:10:04.374,1.03385,1.0342,1.30,5.30
2007.10.25 10:10:04.706,1.03385,1.0342,1.70,5.30
2007.10.25 10:10:05.039,1.03385,1.0342,4.00,5.30
2007.10.25 10:10:05.222,1.03385,1.0342,8.00,2.40
2007.10.25 10:10:05.405,1.03385,1.0342,8.00,2.40
2007.10.25 10:10:05.587,1.03385,1.0342,8.00,2.40
2007.10.25 10:10:05.770,1.03385,1.03425,8.00,2.80
2007.10.25 10:10:05.952,1.03385,1.03425,8.00,2.80
2007.10.25 10:10:06.135,1.03385,1.03425,8.00,2.80
2007.10.25 10:10:06.428,1.03385,1.03425,8.00,2.80
2007.10.25 10:10:06.721,1.03385,1.03425,8.00,2.80
2007.10.25 10:10:07.013,1.03385,1.03425,8.00,2.80
2007.10.25 10:10:07.306,1.03385,1.03425,8.00,2.80
2007.10.25 10:10:07.498,1.03385,1.03425,8.00,2.80
2007.10.25 10:10:07.691,1.03385,1.03425,8.00,2.80
2007.10.25 10:10:07.883,1.03385,1.03425,8.00,2.80
2007.10.25 10:10:08.076,1.03385,1.03425,8.00,2.80
2007.10.25 10:10:08.283,1.03385,1.03425,8.00,2.80
2007.10.25 10:10:08.491,1.03385,1.03425,8.00,2.80
2007.10.25 10:10:08.699,1.03385,1.03425,8.00,2.80
2007.10.25 10:10:08.906,1.03385,1.03425,8.00,2.80
2007.10.25 10:10:09.115,1.03385,1.03425,8.00,2.80
2007.10.25 10:10:09.448,1.03385,1.03425,8.00,2.80
2007.10.25 10:10:09.781,1.03385,1.03425,8.00,2.80
2007.10.25 10:10:10.114,1.03385,1.03425,8.00,2.80
2007.10.25 10:10:10.292,1.03385,1.03425,8.80,2.80
2007.10.25 10:10:10.470,1.03385,1.03425,8.80,2.80
2007.10.25 10:10:10.763,1.03385,1.03425,8.80,2.80
2007.10.25 10:10:10.939,1.03385,1.03425,8.80,2.80
2007.10.25 10:10:11.004,1.0338,1.03425,19.20,2.80
2007.10.25 10:10:11.117,1.03385,1.03425,8.80,2.80
2007.10.25 10:10:11.294,1.03385,1.03425,8.80,2.80
2007.10.25 10:10:11.572,1.03385,1.03425,8.00,2.80
2007.10.25 10:10:11.850,1.03385,1.03425,8.00,2.80
2007.10.25 10:10:12.127,1.03385,1.03425,8.00,2.80
2007.10.25 10:10:12.405,1.03385,1.03425,8.00,2.80
2007.10.25 10:10:12.693,1.03385,1.03425,8.00,2.80
2007.10.25 10:10:12.981,1.03385,1.03425,8.00,2.80
2007.10.25 10:10:13.269,1.03385,1.03425,8.00,2.80
2007.10.25 10:10:13.502,1.03385,1.03425,8.00,2.80
2007.10.25 10:10:13.734,1.03385,1.03425,8.00,2.80
2007.10.25 10:10:13.967,1.03385,1.03425,8.00,2.80
2007.10.25 10:10:14.199,1.03385,1.03425,8.00,2.80
2007.10.25 10:10:14.431,1.03385,1.03425,8.00,2.80
2007.10.25 10:10:14.764,1.03385,1.0342,8.00,2.40
2007.10.25 10:10:15.096,1.03385,1.0342,8.00,5.20
2007.10.25 10:10:15.429,1.03385,1.0342,8.00,5.20
2007.10.25 10:10:15.636,1.03385,1.0342,8.00,2.40
2007.10.25 10:10:15.845,1.03385,1.0342,8.00,2.40
2007.10.25 10:10:16.052,1.03385,1.0342,4.00,2.40
2007.10.25 10:10:16.260,1.03385,1.0342,4.00,2.40
2007.10.25 10:10:16.468,1.03385,1.0342,4.00,2.40
2007.10.25 10:10:16.726,1.03385,1.0342,4.00,2.40
2007.10.25 10:10:16.983,1.03385,1.0342,4.00,2.40
2007.10.25 10:10:17.241,1.03385,1.0342,4.00,2.40
2007.10.25 10:10:17.499,1.03385,1.0342,4.00,2.40
2007.10.25 10:10:17.747,1.0338,1.0342,6.40,2.40
2007.10.25 10:10:17.995,1.0338,1.0342,4.00,2.40
2007.10.25 10:10:18.243,1.03375,1.0342,12.80,5.20
2007.10.25 10:10:18.492,1.03375,1.0341,12.80,0.07
2007.10.25 10:10:18.755,1.03385,1.0341,4.00,0.07
2007.10.25 10:10:19.017,1.03385,1.0341,4.00,0.07
2007.10.25 10:10:19.280,1.03385,1.0341,4.00,0.07
2007.10.25 10:10:19.542,1.03385,1.0341,4.00,0.07
2007.10.25 10:10:19.875,1.03385,1.0342,4.00,2.40
2007.10.25 10:10:20.207,1.03385,1.0342,4.00,2.40
2007.10.25 10:10:20.541,1.03385,1.0342,4.00,2.40
2007.10.25 10:10:20.738,1.03385,1.0342,4.00,2.40
2007.10.25 10:10:20.936,1.03375,1.0342,16.80,5.20
2007.10.25 10:10:21.133,1.03375,1.0342,12.80,5.20
2007.10.25 10:10:21.331,1.03375,1.0342,15.20,5.20
2007.10.25 10:10:21.529,1.03375,1.0342,19.20,5.20
2007.10.25 10:10:21.817,1.0338,1.0342,4.00,2.40
2007.10.25 10:10:22.105,1.0338,1.0342,2.40,5.20
2007.10.25 10:10:22.394,1.03385,1.0342,4.00,2.40
2007.10.25 10:10:22.597,1.03385,1.0342,4.00,2.40
2007.10.25 10:10:22.799,1.03385,1.03425,4.80,2.80
2007.10.25 10:10:23.038,1.03385,1.03425,8.80,2.80
2007.10.25 10:10:23.239,1.03385,1.03425,8.80,2.80
2007.10.25 10:10:23.442,1.03385,1.03425,8.80,2.80
2007.10.25 10:10:23.645,1.03385,1.0343,8.80,5.20
2007.10.25 10:10:23.907,1.03385,1.0343,8.80,5.20
2007.10.25 10:10:24.170,1.03385,1.0343,12.80,5.20
2007.10.25 10:10:24.433,1.03385,1.0343,12.80,5.20
2007.10.25 10:10:24.695,1.03385,1.0343,12.80,5.20
2007.10.25 10:10:25.028,1.03385,1.0343,12.80,5.20
2007.10.25 10:10:25.361,1.03385,1.0343,12.80,5.20
2007.10.25 10:10:25.694,1.0339,1.0343,6.40,2.40
2007.10.25 10:10:25.882,1.03395,1.0343,4.00,5.20
2007.10.25 10:10:26.069,1.03395,1.0343,4.00,5.20
2007.10.25 10:10:26.257,1.03395,1.0343,4.00,2.40
2007.10.25 10:10:26.444,1.03395,1.0343,4.00,2.40
2007.10.25 10:10:26.632,1.03395,1.0343,4.00,2.40
2007.10.25 10:10:26.965,1.03395,1.0343,4.00,2.40
2007.10.25 10:10:27.298,1.03395,1.0343,4.00,2.40
2007.10.25 10:10:27.631,1.03395,1.0343,4.00,2.40
2007.10.25 10:10:27.804,1.03395,1.0343,4.00,2.40
2007.10.25 10:10:27.977,1.03395,1.0343,4.00,2.40
2007.10.25 10:10:28.150,1.0339,1.03425,6.40,4.00
2007.10.25 10:10:28.328,1.0339,1.0343,6.40,5.30
2007.10.25 10:10:28.498,1.0339,1.0343,10.40,5.30
2007.10.25 10:10:28.672,1.0339,1.0343,10.40,5.30
2007.10.25 10:10:29.005,1.0339,1.0343,6.40,0.07
2007.10.25 10:10:29.342,1.03395,1.0344,8.00,5.20
2007.10.25 10:10:29.677,1.03395,1.0344,8.00,5.20
2007.10.25 10:10:29.924,1.03395,1.0343,4.00,2.80
2007.10.25 10:10:30.171,1.03395,1.0343,4.00,2.80
2007.10.25 10:10:30.421,1.03395,1.0343,4.00,2.80
2007.10.25 10:10:30.668,1.03395,1.0343,4.00,5.20
2007.10.25 10:10:30.890,1.03395,1.0343,4.00,5.20
2007.10.25 10:10:31.113,1.03395,1.0343,4.00,5.20
2007.10.25 10:10:31.336,1.03395,1.0343,4.00,5.20
2007.10.25 10:10:31.559,1.03395,1.0343,4.00,5.20
2007.10.25 10:10:31.781,1.03395,1.0343,4.00,5.20
2007.10.25 10:10:32.069,1.0339,1.0343,2.40,5.20
2007.10.25 10:10:32.357,1.0339,1.0343,2.40,5.20
2007.10.25 10:10:32.646,1.0339,1.0343,2.40,5.20
2007.10.25 10:10:32.934,1.034,1.0343,2.40,2.80
2007.10.25 10:10:33.157,1.034,1.03435,2.40,2.80
2007.10.25 10:10:33.379,1.034,1.03435,2.40,2.80
2007.10.25 10:10:33.603,1.034,1.03435,2.40,2.80
2007.10.25 10:10:33.826,1.034,1.03435,2.40,2.80
2007.10.25 10:10:34.159,1.034,1.03435,2.40,2.80
2007.10.25 10:10:34.492,1.034,1.03435,2.40,2.80
2007.10.25 10:10:34.827,1.03395,1.03435,8.00,2.80
2007.10.25 10:10:35.024,1.03395,1.03435,4.00,2.80
2007.10.25 10:10:35.311,1.03395,1.03435,4.00,2.80
2007.10.25 10:10:35.509,1.03395,1.03435,4.00,2.80
2007.10.25 10:10:35.708,1.03395,1.0343,4.00,2.80
2007.10.25 10:10:35.905,1.03395,1.0343,4.00,2.80
2007.10.25 10:10:36.157,1.03395,1.0343,4.00,2.80
2007.10.25 10:10:36.410,1.03395,1.0343,4.00,2.80
2007.10.25 10:10:36.662,1.03395,1.0343,4.00,2.80
2007.10.25 10:10:36.914,1.03395,1.0343,4.00,2.80
2007.10.25 10:10:37.132,1.03395,1.0343,4.00,2.80
2007.10.25 10:10:37.350,1.03395,1.0343,4.00,2.80
2007.10.25 10:10:37.568,1.03395,1.0343,4.00,2.80
2007.10.25 10:10:37.786,1.03395,1.0343,4.00,2.80
2007.10.25 10:10:38.004,1.03395,1.0343,4.00,2.80
2007.10.25 10:10:38.226,1.03395,1.0343,4.00,2.80
2007.10.25 10:10:38.450,1.03395,1.0343,4.00,2.80
2007.10.25 10:10:38.673,1.03395,1.0343,4.00,2.80
2007.10.25 10:10:38.895,1.03395,1.0343,4.00,2.80
2007.10.25 10:10:39.117,1.03395,1.0343,4.00,2.80
2007.10.25 10:10:39.449,1.03395,1.0343,4.00,2.80
2007.10.25 10:10:39.782,1.03395,1.0343,4.00,2.80
2007.10.25 10:10:40.114,1.03395,1.0343,4.00,2.80
2007.10.25 10:10:40.262,1.03395,1.0343,4.00,2.80
2007.10.25 10:10:40.410,1.03395,1.0343,4.00,2.80
2007.10.25 10:10:40.558,1.03395,1.0343,4.00,2.80
2007.10.25 10:10:40.706,1.03395,1.0343,4.00,2.80
2007.10.25 10:10:40.855,1.03395,1.0343,4.00,2.80
2007.10.25 10:10:41.002,1.03395,1.0343,4.00,2.80
2007.10.25 10:10:41.150,1.03395,1.0343,4.00,2.80
2007.10.25 10:10:41.444,1.03395,1.0343,4.00,2.80
2007.10.25 10:10:41.721,1.03395,1.0343,4.00,2.80
2007.10.25 10:10:41.998,1.03395,1.0343,4.00,2.80
2007.10.25 10:10:42.276,1.03395,1.0343,4.00,2.80
2007.10.25 10:10:42.469,1.03395,1.0343,4.00,2.80
2007.10.25 10:10:42.662,1.03395,1.0343,4.00,2.80
2007.10.25 10:10:42.855,1.03395,1.0343,4.00,2.80
2007.10.25 10:10:43.047,1.03395,1.0343,4.00,2.80
2007.10.25 10:10:43.240,1.03395,1.0343,4.00,2.80
2007.10.25 10:10:43.453,1.03395,1.0343,4.00,2.80
2007.10.25 10:10:43.666,1.03395,1.0343,4.00,2.80
2007.10.25 10:10:43.882,1.03395,1.0343,4.00,2.80
2007.10.25 10:10:44.094,1.03395,1.0343,4.00,2.80
2007.10.25 10:10:44.307,1.03395,1.0343,4.00,2.80
2007.10.25 10:10:44.639,1.03395,1.0343,4.00,2.80
2007.10.25 10:10:44.973,1.03395,1.0343,4.00,2.80
2007.10.25 10:10:45.304,1.03395,1.0343,4.00,2.80
2007.10.25 10:10:45.452,1.03395,1.0343,4.00,2.80
2007.10.25 10:10:45.600,1.03395,1.0343,4.00,2.80
2007.10.25 10:10:45.747,1.03395,1.0343,4.00,2.80
2007.10.25 10:10:45.896,1.03395,1.0343,4.00,2.80
2007.10.25 10:10:46.044,1.03395,1.0343,4.00,2.80
2007.10.25 10:10:46.192,1.03395,1.0343,4.00,2.80
2007.10.25 10:10:46.340,1.03395,1.0343,4.00,2.80
2007.10.25 10:10:46.632,1.03395,1.0343,4.00,2.80
2007.10.25 10:10:46.925,1.03395,1.0343,4.00,2.80
2007.10.25 10:10:47.216,1.03395,1.0343,4.00,2.80
2007.10.25 10:10:47.581,1.03395,1.03435,4.00,2.80
2007.10.25 10:10:47.774,1.03395,1.03435,4.00,2.80
2007.10.25 10:10:47.966,1.03395,1.03435,4.00,2.80
2007.10.25 10:10:48.158,1.03395,1.03435,4.00,2.80
2007.10.25 10:10:48.352,1.03395,1.03435,4.00,2.80
2007.10.25 10:10:48.625,1.03395,1.03435,4.00,2.80
2007.10.25 10:10:48.898,1.03395,1.03435,4.00,2.80
2007.10.25 10:10:49.171,1.034,1.03435,2.40,2.80
2007.10.25 10:10:49.443,1.034,1.03435,2.40,2.80
2007.10.25 10:10:49.776,1.034,1.0344,2.40,5.20
2007.10.25 10:10:50.109,1.034,1.0344,2.40,5.20
2007.10.25 10:10:50.442,1.034,1.0344,2.40,5.20
2007.10.25 10:10:50.649,1.034,1.0344,2.40,5.20
2007.10.25 10:10:50.857,1.034,1.0344,2.40,5.20
2007.10.25 10:10:51.066,1.034,1.0344,2.40,5.20
2007.10.25 10:10:51.273,1.034,1.0344,2.40,5.20
2007.10.25 10:10:51.482,1.034,1.0344,2.40,5.20
2007.10.25 10:10:51.584,1.034,1.03445,2.40,32.30
2007.10.25 10:10:51.755,1.034,1.0344,2.40,0.70
2007.10.25 10:10:52.027,1.034,1.03445,2.40,32.30
2007.10.25 10:10:52.300,1.034,1.03445,2.40,32.30
2007.10.25 10:10:52.572,1.034,1.03445,2.40,32.30
2007.10.25 10:10:52.800,1.034,1.03445,2.40,32.30
2007.10.25 10:10:53.028,1.034,1.03445,2.40,32.30
2007.10.25 10:10:53.257,1.034,1.03445,2.40,32.30
2007.10.25 10:10:53.484,1.034,1.03445,2.40,32.30
2007.10.25 10:10:53.711,1.034,1.03445,2.40,32.30
2007.10.25 10:10:53.969,1.034,1.0344,2.40,0.70
2007.10.25 10:10:54.227,1.034,1.0344,2.40,0.50
2007.10.25 10:10:54.483,1.034,1.0344,2.40,0.70
2007.10.25 10:10:54.741,1.034,1.03445,2.40,32.30
2007.10.25 10:10:54.999,1.034,1.0344,2.40,0.60
2007.10.25 10:10:55.297,1.034,1.03445,2.40,32.30
2007.10.25 10:10:55.595,1.034,1.03445,2.40,32.30
2007.10.25 10:10:55.893,1.034,1.03445,2.40,32.30
2007.10.25 10:10:56.191,1.034,1.03445,2.40,32.30
2007.10.25 10:10:56.344,1.034,1.0344,2.40,0.90
2007.10.25 10:10:56.496,1.034,1.0344,2.40,0.70
2007.10.25 10:10:56.649,1.034,1.0344,2.40,0.60
2007.10.25 10:10:56.801,1.034,1.0344,2.40,0.90
2007.10.25 10:10:56.954,1.034,1.0344,2.40,0.90
2007.10.25 10:10:57.107,1.034,1.0344,2.40,0.60
2007.10.25 10:10:57.368,1.034,1.0344,2.40,0.90
2007.10.25 10:10:57.631,1.034,1.0344,2.40,0.50
2007.10.25 10:10:57.894,1.034,1.0344,2.40,0.60
2007.10.25 10:10:58.156,1.034,1.03445,2.40,32.30
2007.10.25 10:10:58.388,1.034,1.03445,2.40,32.30
2007.10.25 10:10:58.621,1.034,1.0344,6.40,0.80
2007.10.25 10:10:58.854,1.034,1.0344,6.40,0.50
2007.10.25 10:10:59.087,1.034,1.03445,2.40,28.30
2007.10.25 10:10:59.420,1.034,1.03445,2.40,28.30
2007.10.25 10:10:59.847,1.034,1.0344,2.40,0.50
2007.10.25 10:11:00.180,1.034,1.03445,2.40,28.30
2007.10.25 10:11:00.347,1.034,1.0344,2.40,0.80
2007.10.25 10:11:00.515,1.034,1.03445,2.40,28.30
2007.10.25 10:11:00.683,1.034,1.03445,2.40,28.30
2007.10.25 10:11:00.850,1.034,1.03445,2.40,25.90
2007.10.25 10:11:01.018,1.034,1.0344,2.40,0.50
2007.10.25 10:11:01.350,1.034,1.0344,2.40,0.90
2007.10.25 10:11:01.683,1.034,1.0344,2.40,0.90
2007.10.25 10:11:02.016,1.034,1.03445,2.40,28.30
2007.10.25 10:11:02.233,1.034,1.03445,2.40,28.30
2007.10.25 10:11:02.451,1.034,1.0344,2.40,0.60
2007.10.25 10:11:02.669,1.034,1.03445,2.40,28.30
2007.10.25 10:11:02.887,1.034,1.03445,2.40,28.30
2007.10.25 10:11:03.105,1.034,1.03445,2.40,32.30
2007.10.25 10:11:03.393,1.034,1.0344,2.40,0.70
2007.10.25 10:11:03.682,1.034,1.03445,2.40,32.30
2007.10.25 10:11:03.970,1.034,1.03445,2.40,32.30
2007.10.25 10:11:04.257,1.034,1.0344,2.40,0.80
2007.10.25 10:11:04.590,1.034,1.03445,2.40,32.30
2007.10.25 10:11:04.922,1.034,1.0344,2.40,0.70
2007.10.25 10:11:05.255,1.034,1.03445,2.40,32.30
2007.10.25 10:11:05.422,1.034,1.03445,2.40,32.30
2007.10.25 10:11:05.590,1.034,1.03445,2.40,32.30
2007.10.25 10:11:05.758,1.034,1.0344,2.40,0.90
2007.10.25 10:11:05.999,1.034,1.03445,2.40,32.30
2007.10.25 10:11:06.167,1.034,1.0344,2.40,0.70
2007.10.25 10:11:06.459,1.034,1.03445,2.40,32.30
2007.10.25 10:11:06.751,1.034,1.0344,2.40,0.80
2007.10.25 10:11:07.044,1.034,1.03445,2.40,32.30
2007.10.25 10:11:07.247,1.034,1.03445,2.40,32.30
2007.10.25 10:11:07.450,1.034,1.03445,2.40,28.30
2007.10.25 10:11:07.654,1.034,1.03445,2.40,28.30
2007.10.25 10:11:07.857,1.034,1.0344,2.40,0.80
2007.10.25 10:11:08.060,1.034,1.0344,2.40,0.70
2007.10.25 10:11:08.357,1.034,1.0344,2.40,0.70
2007.10.25 10:11:08.654,1.034,1.03445,2.40,32.30
2007.10.25 10:11:08.953,1.034,1.0344,2.40,0.80
2007.10.25 10:11:09.251,1.034,1.0344,2.40,0.50
2007.10.25 10:11:09.580,1.034,1.03435,2.40,4.07
2007.10.25 10:11:09.907,1.034,1.0343,2.40,0.07
2007.10.25 10:11:10.235,1.03395,1.0343,4.00,0.90
2007.10.25 10:11:10.458,1.03395,1.0343,8.00,0.50
2007.10.25 10:11:10.681,1.034,1.03435,2.40,6.97
2007.10.25 10:11:10.903,1.034,1.03435,2.40,6.97
2007.10.25 10:11:11.126,1.034,1.03435,2.40,6.97
2007.10.25 10:11:11.349,1.034,1.03435,2.40,6.97
2007.10.25 10:11:11.637,1.034,1.03435,2.40,6.97
2007.10.25 10:11:11.925,1.034,1.0343,2.40,0.07
2007.10.25 10:11:12.212,1.034,1.0343,2.40,0.07
2007.10.25 10:11:12.390,1.034,1.0343,2.40,0.07
2007.10.25 10:11:12.567,1.034,1.03435,2.40,6.97
2007.10.25 10:11:12.745,1.034,1.0343,2.40,0.07
2007.10.25 10:11:12.923,1.034,1.03435,2.40,6.97
2007.10.25 10:11:13.101,1.034,1.03435,2.40,6.97
2007.10.25 10:11:13.279,1.034,1.03435,2.40,6.97
2007.10.25 10:11:13.538,1.0339,1.0342,4.00,6.40
2007.10.25 10:11:13.795,1.03385,1.0342,4.00,9.20
2007.10.25 10:11:13.874,1.0338,1.0342,6.40,16.00
2007.10.25 10:11:14.054,1.0338,1.03415,0.90,0.90
2007.10.25 10:11:14.312,1.0338,1.03425,26.40,9.30
2007.10.25 10:11:14.645,1.0338,1.03425,18.40,19.70
2007.10.25 10:11:14.978,1.0339,1.0342,2.40,0.07
2007.10.25 10:11:15.311,1.0339,1.03425,2.40,2.97
2007.10.25 10:11:15.494,1.0339,1.03425,2.40,2.97
2007.10.25 10:11:15.677,1.0339,1.0342,2.40,0.07
2007.10.25 10:11:15.860,1.0339,1.03425,2.40,2.97
2007.10.25 10:11:16.043,1.0339,1.03425,2.40,2.97
2007.10.25 10:11:16.225,1.0339,1.0342,2.40,0.07
2007.10.25 10:11:16.558,1.0339,1.0342,2.40,0.07
2007.10.25 10:11:16.890,1.0339,1.0342,2.40,0.07
2007.10.25 10:11:17.223,1.0339,1.03425,2.40,3.77
2007.10.25 10:11:17.555,1.0339,1.0342,2.40,0.07
2007.10.25 10:11:17.743,1.0339,1.03425,2.40,3.77
2007.10.25 10:11:17.931,1.0339,1.03425,2.40,3.77
2007.10.25 10:11:18.118,1.0339,1.0342,2.40,0.07
2007.10.25 10:11:18.305,1.0339,1.03425,2.40,3.77
2007.10.25 10:11:18.508,1.0339,1.03425,2.40,3.77
2007.10.25 10:11:18.711,1.0339,1.03425,2.40,3.77
2007.10.25 10:11:18.913,1.0339,1.03425,2.40,3.77
2007.10.25 10:11:19.116,1.0339,1.03425,2.40,3.77
2007.10.25 10:11:19.319,1.0339,1.03425,2.40,3.77
2007.10.25 10:11:19.652,1.03385,1.03425,4.00,5.20
2007.10.25 10:11:19.985,1.03375,1.0342,12.00,6.00
2007.10.25 10:11:20.319,1.03375,1.0341,4.00,0.50
2007.10.25 10:11:20.527,1.0337,1.03415,4.00,10.10
2007.10.25 10:11:20.735,1.03365,1.0341,12.00,5.20
2007.10.25 10:11:20.943,1.03365,1.03405,12.00,2.80
2007.10.25 10:11:21.151,1.03365,1.03405,12.00,2.80
2007.10.25 10:11:21.359,1.03365,1.03405,12.00,2.80
2007.10.25 10:11:21.576,1.03365,1.03405,12.00,3.60
2007.10.25 10:11:21.794,1.03365,1.03405,12.00,3.60
2007.10.25 10:11:22.012,1.0337,1.03405,2.40,3.60
2007.10.25 10:11:22.230,1.0337,1.03405,2.40,3.60
2007.10.25 10:11:22.448,1.0337,1.03405,6.40,0.80
2007.10.25 10:11:22.726,1.0337,1.03405,6.40,0.80
2007.10.25 10:11:23.004,1.0337,1.03405,6.40,0.80
2007.10.25 10:11:23.282,1.0337,1.0341,6.40,5.30
2007.10.25 10:11:23.560,1.0337,1.0341,6.40,5.30
2007.10.25 10:11:23.772,1.0337,1.0341,6.40,5.30
2007.10.25 10:11:23.985,1.0337,1.0341,6.40,5.30
2007.10.25 10:11:24.198,1.0337,1.0341,6.40,5.30
2007.10.25 10:11:24.435,1.0337,1.0341,6.40,5.30
2007.10.25 10:11:24.752,1.0337,1.0341,6.40,5.30
2007.10.25 10:11:25.069,1.0337,1.0341,6.40,5.30
2007.10.25 10:11:25.386,1.0337,1.0341,6.40,5.30
2007.10.25 10:11:25.704,1.0337,1.0341,6.40,5.30
2007.10.25 10:11:25.871,1.0337,1.0341,6.40,5.30
2007.10.25 10:11:26.039,1.0337,1.0341,6.40,5.30
2007.10.25 10:11:26.208,1.0337,1.0341,6.40,5.30
2007.10.25 10:11:26.374,1.0337,1.0341,6.40,5.30
2007.10.25 10:11:26.542,1.0337,1.0341,6.40,5.30
2007.10.25 10:11:26.709,1.0337,1.0341,6.40,5.30
2007.10.25 10:11:26.922,1.0337,1.0341,6.40,5.30
2007.10.25 10:11:27.135,1.0337,1.0341,6.40,5.30
2007.10.25 10:11:27.348,1.0337,1.0341,6.40,5.30
2007.10.25 10:11:27.560,1.0337,1.0341,6.40,5.30
2007.10.25 10:11:27.773,1.0337,1.0341,6.40,5.30
2007.10.25 10:11:28.016,1.0337,1.0341,6.40,5.30
2007.10.25 10:11:28.259,1.0337,1.0341,6.40,5.30
2007.10.25 10:11:28.501,1.0337,1.0341,6.40,5.30
2007.10.25 10:11:28.745,1.0337,1.0341,6.40,5.30
2007.10.25 10:11:29.077,1.0337,1.0341,6.40,5.30
2007.10.25 10:11:29.411,1.0337,1.03405,6.40,0.70
2007.10.25 10:11:29.743,1.0337,1.03405,6.40,0.70
2007.10.25 10:11:29.895,1.0337,1.03405,6.40,0.70
2007.10.25 10:11:30.048,1.0337,1.03405,6.40,0.70
2007.10.25 10:11:30.200,1.0337,1.03405,6.40,0.70
2007.10.25 10:11:30.352,1.0337,1.03405,6.40,0.70
2007.10.25 10:11:30.568,1.0337,1.03405,6.40,0.70
2007.10.25 10:11:30.722,1.0337,1.03405,6.40,0.70
2007.10.25 10:11:30.955,1.0337,1.03405,6.40,0.70
2007.10.25 10:11:31.188,1.0337,1.03405,6.40,0.70
2007.10.25 10:11:31.421,1.0337,1.03405,6.40,0.70
2007.10.25 10:11:31.655,1.0337,1.03405,6.40,0.70
2007.10.25 10:11:31.887,1.0337,1.03405,6.40,0.70
2007.10.25 10:11:32.090,1.0337,1.03405,6.40,0.70
2007.10.25 10:11:32.293,1.0337,1.03405,6.40,0.70
2007.10.25 10:11:32.496,1.0337,1.03405,6.40,0.70
2007.10.25 10:11:32.700,1.0337,1.03405,6.40,0.70
2007.10.25 10:11:32.902,1.0337,1.03405,6.40,0.70
2007.10.25 10:11:33.095,1.0337,1.03405,6.40,0.70
2007.10.25 10:11:33.287,1.0337,1.03405,6.40,0.70
2007.10.25 10:11:33.480,1.0337,1.03405,6.40,0.70
2007.10.25 10:11:33.676,1.0337,1.03405,6.40,0.70
2007.10.25 10:11:33.867,1.0337,1.03405,6.40,0.70
2007.10.25 10:11:34.200,1.0337,1.03405,6.40,0.70
2007.10.25 10:11:34.532,1.0338,1.03405,6.40,0.70
2007.10.25 10:11:34.865,1.03385,1.0342,8.00,3.80
2007.10.25 10:11:35.197,1.03385,1.03415,4.00,2.80
2007.10.25 10:11:35.405,1.03375,1.03415,16.00,2.80
2007.10.25 10:11:35.612,1.03375,1.03415,16.00,2.80
2007.10.25 10:11:35.819,1.03375,1.03415,16.00,2.80
2007.10.25 10:11:35.918,1.03365,1.03415,24.80,2.80
2007.10.25 10:11:36.026,1.03375,1.0342,16.00,2.80
2007.10.25 10:11:36.278,1.03375,1.0342,16.00,2.80
2007.10.25 10:11:36.531,1.03375,1.0342,16.00,2.80
2007.10.25 10:11:36.784,1.03375,1.0342,16.00,2.80
2007.10.25 10:11:37.036,1.03375,1.0342,16.00,2.80
2007.10.25 10:11:37.203,1.03375,1.0342,16.00,2.80
2007.10.25 10:11:37.370,1.03375,1.0342,16.00,2.80
2007.10.25 10:11:37.538,1.03375,1.0342,16.00,2.80
2007.10.25 10:11:37.706,1.03375,1.0342,16.00,2.80
2007.10.25 10:11:37.874,1.03375,1.0342,16.00,2.80
2007.10.25 10:11:38.042,1.03375,1.0342,16.00,2.80
2007.10.25 10:11:38.319,1.03375,1.0342,16.00,2.80
2007.10.25 10:11:38.597,1.03375,1.0342,16.00,2.80
2007.10.25 10:11:38.874,1.03375,1.0342,16.00,2.80
2007.10.25 10:11:39.151,1.03375,1.0342,16.00,2.80
2007.10.25 10:11:39.439,1.03375,1.0342,16.00,2.80
2007.10.25 10:11:39.726,1.03375,1.0342,16.00,2.80
2007.10.25 10:11:40.014,1.03375,1.0342,16.00,2.80
2007.10.25 10:11:40.302,1.03375,1.0342,16.00,2.80
2007.10.25 10:11:40.485,1.03375,1.0342,16.00,2.80
2007.10.25 10:11:40.667,1.03375,1.0342,16.00,2.80
2007.10.25 10:11:40.849,1.03375,1.0342,16.00,2.80
2007.10.25 10:11:41.031,1.03375,1.0342,16.00,2.80
2007.10.25 10:11:41.212,1.03375,1.0342,16.00,2.80
2007.10.25 10:11:41.494,1.03375,1.0342,16.00,2.80
2007.10.25 10:11:41.777,1.03375,1.0342,16.00,2.80
2007.10.25 10:11:42.059,1.03375,1.0342,16.00,2.80
2007.10.25 10:11:42.341,1.03375,1.0342,16.00,2.80
2007.10.25 10:11:42.528,1.03375,1.0342,16.00,2.80
2007.10.25 10:11:42.834,1.03375,1.0342,16.00,2.80
2007.10.25 10:11:43.025,1.03375,1.0339,8.00,2.40
2007.10.25 10:11:43.212,1.03375,1.0339,4.00,3.10
2007.10.25 10:11:43.399,1.03375,1.0339,4.00,3.10
2007.10.25 10:11:43.636,1.03355,1.03385,6.40,0.70
2007.10.25 10:11:43.875,1.0336,1.03385,2.40,0.70
2007.10.25 10:11:44.113,1.0336,1.03385,2.40,0.70
2007.10.25 10:11:44.350,1.03355,1.03385,6.40,0.70
2007.10.25 10:11:44.682,1.0336,1.03385,2.40,0.70
2007.10.25 10:11:45.014,1.0336,1.03385,2.40,0.70
2007.10.25 10:11:45.348,1.03355,1.03385,6.40,0.70
2007.10.25 10:11:45.572,1.03355,1.03385,6.40,0.70
2007.10.25 10:11:45.794,1.03355,1.03385,6.40,0.70
2007.10.25 10:11:46.016,1.03355,1.03385,6.40,0.70
2007.10.25 10:11:46.238,1.0336,1.03385,2.40,0.70
2007.10.25 10:11:46.460,1.0336,1.03385,2.40,0.70
2007.10.25 10:11:46.728,1.03355,1.03385,6.40,0.70
2007.10.25 10:11:46.996,1.03355,1.0338,4.00,2.40
2007.10.25 10:11:47.264,1.0335,1.03375,2.40,0.70
2007.10.25 10:11:47.534,1.0335,1.03375,2.40,0.70
2007.10.25 10:11:47.782,1.0335,1.03375,2.40,0.70
2007.10.25 10:11:48.030,1.0335,1.03375,2.40,0.70
2007.10.25 10:11:48.277,1.03345,1.03375,4.00,0.70
2007.10.25 10:11:48.524,1.03345,1.0337,4.00,2.40
2007.10.25 10:11:48.752,1.03335,1.0337,8.00,3.10
2007.10.25 10:11:48.980,1.03335,1.0337,4.00,3.80
2007.10.25 10:11:49.208,1.03335,1.0337,4.00,3.80
2007.10.25 10:11:49.435,1.03335,1.0337,4.00,3.80
2007.10.25 10:11:49.768,1.03335,1.0337,4.00,3.80
2007.10.25 10:11:50.100,1.03335,1.0337,4.00,3.80
2007.10.25 10:11:50.432,1.0334,1.0337,2.40,3.80
2007.10.25 10:11:50.766,1.0334,1.0337,2.40,1.40
2007.10.25 10:11:50.933,1.0334,1.0337,2.40,1.40
2007.10.25 10:11:51.102,1.0334,1.0337,2.40,1.40
2007.10.25 10:11:51.269,1.0334,1.0337,2.40,0.70
2007.10.25 10:11:51.437,1.0334,1.03375,2.40,0.70
2007.10.25 10:11:51.605,1.0334,1.03375,2.40,0.70
2007.10.25 10:11:51.887,1.0334,1.03375,2.40,0.70
2007.10.25 10:11:52.169,1.0334,1.03375,2.40,0.70
2007.10.25 10:11:52.452,1.0334,1.03375,2.40,0.70
2007.10.25 10:11:52.690,1.03345,1.03375,4.00,0.70
2007.10.25 10:11:52.928,1.03345,1.03375,4.00,0.70
2007.10.25 10:11:53.165,1.03345,1.03375,4.00,0.70
2007.10.25 10:11:53.403,1.03345,1.03375,4.00,0.70
2007.10.25 10:11:53.640,1.03345,1.03375,4.00,0.70
2007.10.25 10:11:53.937,1.03345,1.03375,4.00,0.70
2007.10.25 10:11:54.234,1.03345,1.03375,4.00,0.70
2007.10.25 10:11:54.530,1.03345,1.03375,4.00,0.70
2007.10.25 10:11:54.863,1.03345,1.03375,4.00,0.70
2007.10.25 10:11:55.197,1.03345,1.03375,4.00,0.70
2007.10.25 10:11:55.529,1.03345,1.03375,4.00,0.70
2007.10.25 10:11:55.707,1.03345,1.03375,4.00,0.70
2007.10.25 10:11:55.886,1.03345,1.03375,4.00,0.70
2007.10.25 10:11:56.065,1.03345,1.03375,4.00,0.70
2007.10.25 10:11:56.242,1.03345,1.03375,4.00,0.70
2007.10.25 10:11:56.420,1.03345,1.03375,4.00,0.70
2007.10.25 10:11:56.598,1.03345,1.03375,4.00,0.70
2007.10.25 10:11:56.775,1.03345,1.03375,4.00,0.70
2007.10.25 10:11:57.048,1.03345,1.03375,4.00,0.70
2007.10.25 10:11:57.321,1.03345,1.03375,4.00,0.70
2007.10.25 10:11:57.594,1.0334,1.03365,4.00,4.00
2007.10.25 10:11:57.867,1.0333,1.03365,2.40,7.60
2007.10.25 10:11:58.105,1.0334,1.03365,2.40,3.60
2007.10.25 10:11:58.343,1.0334,1.0337,2.40,1.40
2007.10.25 10:11:58.580,1.0334,1.0337,2.40,1.40
2007.10.25 10:11:58.818,1.0334,1.0337,6.40,0.90
2007.10.25 10:11:59.151,1.0334,1.0337,10.40,0.30
2007.10.25 10:11:59.485,1.0334,1.03375,10.40,0.30
2007.10.25 10:11:59.817,1.0334,1.03385,10.40,2.80
2007.10.25 10:12:00.020,1.0334,1.03385,10.40,2.80
2007.10.25 10:12:00.223,1.03345,1.0339,4.00,2.80
2007.10.25 10:12:00.424,1.03345,1.0339,4.00,2.80
2007.10.25 10:12:00.627,1.0334,1.03385,10.40,2.80
2007.10.25 10:12:00.829,1.0334,1.03385,10.40,2.80
2007.10.25 10:12:01.248,1.03345,1.0339,4.00,2.80
2007.10.25 10:12:01.580,1.03345,1.0339,4.00,2.80
2007.10.25 10:12:01.914,1.0335,1.0339,2.40,2.80
2007.10.25 10:12:02.097,1.0335,1.0339,2.40,2.80
2007.10.25 10:12:02.280,1.0335,1.0339,6.40,2.80
2007.10.25 10:12:02.462,1.0335,1.0339,6.40,2.80
2007.10.25 10:12:02.645,1.0335,1.0339,6.40,2.80
2007.10.25 10:12:02.827,1.0335,1.0339,6.40,2.80
2007.10.25 10:12:03.130,1.0335,1.0339,6.40,2.80
2007.10.25 10:12:03.433,1.0335,1.0339,6.40,2.80
2007.10.25 10:12:03.736,1.0335,1.0339,6.40,2.80
2007.10.25 10:12:04.038,1.0336,1.0339,2.40,3.10
2007.10.25 10:12:04.331,1.0336,1.0339,2.40,0.60
2007.10.25 10:12:04.625,1.03355,1.0339,8.00,2.90
2007.10.25 10:12:04.917,1.03355,1.03385,4.00,0.30
2007.10.25 10:12:05.210,1.03355,1.0338,4.00,2.40
2007.10.25 10:12:05.428,1.03355,1.0338,4.00,2.40
2007.10.25 10:12:05.645,1.03355,1.0338,4.00,2.40
2007.10.25 10:12:05.863,1.03355,1.0338,4.00,2.40
2007.10.25 10:12:06.081,1.03355,1.0338,4.00,2.40
2007.10.25 10:12:06.279,1.03355,1.03385,4.00,0.30
2007.10.25 10:12:06.477,1.03355,1.03385,4.00,0.30
2007.10.25 10:12:06.675,1.03355,1.03385,4.00,0.30
2007.10.25 10:12:06.873,1.03355,1.03385,4.00,0.30
2007.10.25 10:12:07.070,1.03355,1.03385,4.00,0.30
2007.10.25 10:12:07.388,1.03355,1.03385,4.00,0.30
2007.10.25 10:12:07.636,1.03355,1.03385,4.00,0.30
2007.10.25 10:12:07.884,1.03355,1.03385,4.00,0.30
2007.10.25 10:12:08.132,1.03355,1.03385,4.00,0.30
2007.10.25 10:12:08.355,1.03355,1.03385,4.00,0.30
2007.10.25 10:12:08.585,1.03355,1.03385,4.00,0.30
2007.10.25 10:12:08.805,1.03355,1.03385,4.00,0.30
2007.10.25 10:12:09.027,1.03355,1.03385,4.00,0.30
2007.10.25 10:12:09.250,1.03355,1.03385,4.00,0.30
2007.10.25 10:12:09.583,1.03355,1.03385,4.00,0.30
2007.10.25 10:12:09.916,1.03355,1.03385,4.00,0.30
2007.10.25 10:12:10.142,1.03355,1.03385,0.70,0.30
2007.10.25 10:12:10.249,1.03355,1.03385,1.50,0.30
2007.10.25 10:12:10.447,1.0335,1.03385,10.40,0.30
2007.10.25 10:12:10.645,1.0336,1.03385,0.50,0.30
2007.10.25 10:12:10.843,1.03355,1.0339,10.40,0.30
2007.10.25 10:12:11.041,1.03355,1.0339,10.40,0.60
2007.10.25 10:12:11.239,1.03365,1.0339,8.00,0.60
2007.10.25 10:12:11.542,1.03365,1.034,12.00,0.60
2007.10.25 10:12:11.845,1.03365,1.034,12.00,0.60
2007.10.25 10:12:12.147,1.03365,1.034,12.00,0.60
2007.10.25 10:12:12.354,1.03365,1.034,12.00,0.60
2007.10.25 10:12:12.561,1.03365,1.034,12.00,0.60
2007.10.25 10:12:12.768,1.03365,1.034,12.00,0.60
2007.10.25 10:12:12.975,1.03365,1.034,12.00,0.60
2007.10.25 10:12:13.183,1.03365,1.034,12.00,0.60
2007.10.25 10:12:13.391,1.03365,1.034,12.00,0.60
2007.10.25 10:12:13.614,1.03365,1.034,12.00,0.60
2007.10.25 10:12:13.836,1.03365,1.034,12.00,0.60
2007.10.25 10:12:14.059,1.03365,1.034,12.00,0.60
2007.10.25 10:12:14.282,1.03365,1.034,12.00,0.60
2007.10.25 10:12:14.615,1.03365,1.034,12.00,0.60
2007.10.25 10:12:14.948,1.03365,1.034,12.00,0.60
2007.10.25 10:12:15.281,1.03365,1.034,12.00,0.60
2007.10.25 10:12:15.418,1.03365,1.034,12.00,0.60
2007.10.25 10:12:15.556,1.03365,1.0338,12.00,2.40
2007.10.25 10:12:15.694,1.03365,1.0338,4.00,2.40
2007.10.25 10:12:15.831,1.03365,1.0338,4.00,2.60
2007.10.25 10:12:15.969,1.03365,1.03375,4.00,0.30
2007.10.25 10:12:16.107,1.0335,1.03375,6.40,0.30
2007.10.25 10:12:16.245,1.0335,1.03375,4.00,0.30
2007.10.25 10:12:16.577,1.03345,1.03375,4.00,0.30
2007.10.25 10:12:16.911,1.03345,1.03375,4.00,0.30
2007.10.25 10:12:17.244,1.0335,1.03375,6.40,0.30
2007.10.25 10:12:17.417,1.0335,1.0339,6.40,2.80
2007.10.25 10:12:17.591,1.0335,1.0339,6.40,2.80
2007.10.25 10:12:17.764,1.0335,1.0339,6.40,2.80
2007.10.25 10:12:17.937,1.0335,1.0339,6.40,2.80
2007.10.25 10:12:18.109,1.0335,1.0339,6.40,2.80
2007.10.25 10:12:18.282,1.0335,1.0339,6.40,2.80
2007.10.25 10:12:18.540,1.0335,1.0339,6.40,2.80
2007.10.25 10:12:18.798,1.0335,1.0339,6.40,2.80
2007.10.25 10:12:19.056,1.0335,1.0339,6.40,2.80
2007.10.25 10:12:19.314,1.0335,1.0339,6.40,2.80
2007.10.25 10:12:19.660,1.0335,1.0339,6.40,2.80
2007.10.25 10:12:19.968,1.0335,1.0339,6.40,2.80
2007.10.25 10:12:20.276,1.0335,1.0339,6.40,2.80
2007.10.25 10:12:20.584,1.0335,1.0339,6.40,2.80
2007.10.25 10:12:20.731,1.0335,1.0339,6.40,2.80
2007.10.25 10:12:20.881,1.0335,1.0339,6.40,2.80
2007.10.25 10:12:21.029,1.0335,1.0339,6.40,2.80
2007.10.25 10:12:21.176,1.0335,1.0339,6.40,2.80
2007.10.25 10:12:21.323,1.0335,1.0339,6.40,2.80
2007.10.25 10:12:21.471,1.0335,1.0339,6.40,2.80
2007.10.25 10:12:21.703,1.0335,1.0339,6.40,2.80
2007.10.25 10:12:21.937,1.0335,1.0339,6.40,2.80
2007.10.25 10:12:22.169,1.0335,1.0339,6.40,2.80
2007.10.25 10:12:22.403,1.0335,1.0339,6.40,2.80
2007.10.25 10:12:22.575,1.0335,1.0339,6.40,2.80
2007.10.25 10:12:22.748,1.0335,1.0339,6.40,2.80
2007.10.25 10:12:22.920,1.0335,1.0339,6.40,2.80
2007.10.25 10:12:23.094,1.0335,1.0339,6.40,2.80
2007.10.25 10:12:23.266,1.0335,1.0339,6.40,2.80
2007.10.25 10:12:23.439,1.0335,1.0339,6.40,2.80
2007.10.25 10:12:23.687,1.0335,1.0339,6.40,2.80
2007.10.25 10:12:23.934,1.0335,1.0339,6.40,2.80
2007.10.25 10:12:24.181,1.0336,1.0339,2.40,2.80
2007.10.25 10:12:24.429,1.03365,1.034,16.00,6.40
2007.10.25 10:12:24.677,1.03365,1.034,16.00,2.40
2007.10.25 10:12:25.010,1.03355,1.034,4.00,2.80
2007.10.25 10:12:25.343,1.03355,1.034,4.00,2.80
2007.10.25 10:12:25.797,1.03355,1.034,4.00,2.80
2007.10.25 10:12:25.970,1.03355,1.034,4.00,2.80
2007.10.25 10:12:26.142,1.03355,1.034,4.00,2.80
2007.10.25 10:12:26.315,1.03355,1.034,4.00,2.80
2007.10.25 10:12:26.488,1.03355,1.034,4.00,2.80
2007.10.25 10:12:26.660,1.03355,1.034,4.00,2.80
2007.10.25 10:12:26.867,1.03355,1.034,4.00,2.80
2007.10.25 10:12:27.074,1.03355,1.034,4.00,2.80
2007.10.25 10:12:27.281,1.03355,1.034,4.00,2.80
2007.10.25 10:12:27.489,1.03355,1.034,4.00,2.80
2007.10.25 10:12:27.697,1.03355,1.034,4.00,2.80
2007.10.25 10:12:27.914,1.03355,1.034,4.00,2.80
2007.10.25 10:12:28.132,1.03355,1.0339,4.00,2.40
2007.10.25 10:12:28.349,1.0335,1.0338,6.40,0.60
2007.10.25 10:12:28.567,1.0335,1.0338,2.40,0.60
2007.10.25 10:12:28.805,1.0335,1.0338,2.40,0.60
2007.10.25 10:12:29.042,1.0335,1.0338,2.40,0.60
2007.10.25 10:12:29.280,1.0335,1.0338,2.40,0.60
2007.10.25 10:12:29.517,1.0335,1.0338,2.40,0.60
2007.10.25 10:12:29.756,1.0335,1.0338,2.40,0.60
2007.10.25 10:12:30.074,1.0335,1.0338,2.40,0.60
2007.10.25 10:12:30.391,1.0335,1.0338,2.40,0.60
2007.10.25 10:12:30.710,1.0335,1.0338,2.40,0.60
2007.10.25 10:12:30.847,1.0335,1.0338,2.40,0.60
2007.10.25 10:12:30.985,1.0335,1.0338,2.40,0.60
2007.10.25 10:12:31.123,1.03345,1.0338,4.00,5.70
2007.10.25 10:12:31.260,1.03345,1.0338,4.00,5.70
2007.10.25 10:12:31.399,1.03345,1.0338,4.00,5.70
2007.10.25 10:12:31.537,1.03345,1.0338,4.00,5.70
2007.10.25 10:12:31.935,1.03345,1.0338,4.00,5.70
2007.10.25 10:12:32.188,1.03345,1.0338,4.00,0.80
2007.10.25 10:12:32.268,1.03345,1.0338,4.00,8.10
2007.10.25 10:12:32.600,1.03345,1.0338,4.00,8.10
2007.10.25 10:12:32.737,1.03345,1.0338,4.00,8.10
2007.10.25 10:12:32.876,1.03345,1.0337,4.00,0.60
2007.10.25 10:12:33.013,1.03345,1.0338,4.00,8.10
2007.10.25 10:12:33.150,1.03345,1.0337,4.00,0.60
2007.10.25 10:12:33.288,1.03345,1.0337,4.00,2.40
2007.10.25 10:12:33.427,1.03345,1.0337,4.00,2.40
2007.10.25 10:12:33.565,1.03345,1.0337,4.00,2.40
2007.10.25 10:12:33.702,1.03345,1.0337,4.00,2.40
2007.10.25 10:12:34.035,1.03345,1.0337,4.00,2.40
2007.10.25 10:12:34.369,1.03345,1.0337,4.00,2.40
2007.10.25 10:12:34.701,1.03345,1.0337,4.00,2.40
2007.10.25 10:12:34.853,1.03345,1.0337,4.00,2.40
2007.10.25 10:12:35.006,1.03345,1.0337,4.00,2.40
2007.10.25 10:12:35.158,1.03345,1.0337,4.00,2.40
2007.10.25 10:12:35.311,1.03345,1.0337,4.00,2.40
2007.10.25 10:12:35.464,1.03345,1.0337,4.00,2.40
2007.10.25 10:12:35.617,1.03345,1.0337,4.00,2.40
2007.10.25 10:12:35.769,1.03345,1.0337,4.00,2.40
2007.10.25 10:12:36.071,1.03345,1.0337,4.00,2.40
2007.10.25 10:12:36.374,1.03345,1.0337,4.00,2.40
2007.10.25 10:12:36.677,1.03345,1.0337,4.00,2.40
2007.10.25 10:12:36.980,1.03345,1.0337,4.00,2.40
2007.10.25 10:12:37.128,1.03345,1.0337,4.00,2.40
2007.10.25 10:12:37.276,1.03345,1.0337,4.00,2.40
2007.10.25 10:12:37.424,1.03345,1.0337,4.00,2.40
2007.10.25 10:12:37.571,1.03345,1.0337,4.00,2.40
2007.10.25 10:12:37.719,1.03345,1.0338,4.00,5.70
2007.10.25 10:12:37.866,1.03345,1.0338,4.00,5.70
2007.10.25 10:12:38.144,1.03345,1.0338,4.00,5.70
2007.10.25 10:12:38.422,1.03345,1.0338,4.00,5.70
2007.10.25 10:12:38.699,1.03345,1.0338,4.00,5.70
2007.10.25 10:12:38.977,1.03345,1.0338,4.00,5.70
2007.10.25 10:12:39.300,1.03345,1.0338,4.00,5.70
2007.10.25 10:12:39.622,1.03345,1.0338,4.00,5.70
2007.10.25 10:12:39.944,1.03345,1.0338,4.00,5.70
2007.10.25 10:12:40.097,1.03345,1.0338,4.00,5.70
2007.10.25 10:12:40.250,1.03345,1.0338,4.00,5.70
2007.10.25 10:12:40.403,1.03345,1.0338,4.00,5.70
2007.10.25 10:12:40.555,1.03345,1.0338,4.00,5.70
2007.10.25 10:12:40.708,1.03345,1.0338,4.00,5.70
2007.10.25 10:12:40.861,1.03345,1.0338,4.00,5.70
2007.10.25 10:12:41.133,1.03345,1.0338,4.00,5.70
2007.10.25 10:12:41.406,1.03345,1.0338,4.00,5.70
2007.10.25 10:12:41.678,1.03345,1.0338,4.00,5.70
2007.10.25 10:12:41.951,1.03345,1.0338,4.00,5.70
2007.10.25 10:12:42.159,1.03345,1.0338,4.00,5.70
2007.10.25 10:12:42.366,1.03345,1.0338,4.00,5.70
2007.10.25 10:12:42.574,1.03345,1.0338,4.00,2.90
2007.10.25 10:12:42.782,1.03345,1.0338,4.00,2.90
2007.10.25 10:12:42.990,1.03345,1.0338,4.00,2.90
2007.10.25 10:12:43.323,1.03355,1.0338,4.00,0.30
2007.10.25 10:12:43.656,1.03355,1.03385,4.00,0.30
2007.10.25 10:12:43.990,1.03355,1.03385,4.00,0.30
2007.10.25 10:12:44.307,1.03355,1.03385,4.00,0.30
2007.10.25 10:12:44.625,1.03355,1.03385,4.00,0.30
2007.10.25 10:12:44.942,1.03355,1.03385,4.00,0.30
2007.10.25 10:12:45.120,1.03355,1.03385,4.00,0.30
2007.10.25 10:12:45.297,1.03355,1.03385,4.00,0.30
2007.10.25 10:12:45.475,1.03355,1.03385,4.00,0.30
2007.10.25 10:12:45.653,1.03355,1.03385,4.00,0.30
2007.10.25 10:12:45.831,1.03355,1.03385,4.00,0.30
2007.10.25 10:12:46.009,1.03355,1.03385,4.00,0.30
2007.10.25 10:12:46.328,1.0335,1.0337,4.00,2.40
2007.10.25 10:12:46.645,1.03345,1.0337,4.00,2.40
2007.10.25 10:12:46.962,1.03345,1.0337,4.00,2.40
2007.10.25 10:12:47.156,1.0335,1.03375,2.40,0.30
2007.10.25 10:12:47.349,1.03355,1.0338,4.00,2.80
2007.10.25 10:12:47.541,1.03355,1.03385,4.00,0.30
2007.10.25 10:12:47.734,1.0335,1.0338,2.40,2.60
2007.10.25 10:12:47.927,1.0335,1.0338,2.40,0.60
2007.10.25 10:12:48.120,1.0335,1.0338,2.40,0.60
2007.10.25 10:12:48.408,1.0335,1.0338,2.40,0.60
2007.10.25 10:12:48.696,1.0335,1.0338,2.40,0.60
2007.10.25 10:12:48.985,1.0335,1.0338,2.40,0.60
2007.10.25 10:12:49.307,1.03345,1.0338,4.00,2.90
2007.10.25 10:12:49.630,1.03345,1.0338,4.00,5.70
2007.10.25 10:12:49.954,1.03345,1.0337,4.00,2.40
2007.10.25 10:12:50.352,1.03345,1.0337,4.00,2.40
2007.10.25 10:12:50.581,1.03345,1.0337,4.00,2.40
2007.10.25 10:12:50.811,1.03345,1.0337,4.00,2.40
2007.10.25 10:12:51.039,1.03345,1.0337,4.00,2.40
2007.10.25 10:12:51.227,1.03345,1.0337,4.00,2.40
2007.10.25 10:12:51.415,1.03345,1.0337,4.00,2.40
2007.10.25 10:12:51.602,1.03345,1.0337,4.00,2.40
2007.10.25 10:12:51.790,1.03345,1.0337,4.00,2.40
2007.10.25 10:12:51.978,1.03345,1.0337,4.00,2.40
2007.10.25 10:12:52.165,1.03345,1.0337,4.00,2.40
2007.10.25 10:12:52.428,1.03345,1.0337,4.00,2.40
2007.10.25 10:12:52.690,1.03345,1.0337,4.00,2.40
2007.10.25 10:12:52.953,1.03345,1.0337,4.00,2.40
2007.10.25 10:12:53.217,1.03345,1.0337,4.00,2.40
2007.10.25 10:12:53.409,1.03345,1.0337,4.00,2.40
2007.10.25 10:12:53.602,1.03345,1.0337,4.00,2.40
2007.10.25 10:12:53.794,1.03345,1.0337,4.00,2.40
2007.10.25 10:12:53.987,1.03345,1.0337,4.00,2.40
2007.10.25 10:12:54.180,1.03345,1.0337,4.00,2.40
2007.10.25 10:12:54.513,1.03345,1.0337,4.00,2.40
2007.10.25 10:12:54.845,1.03345,1.0337,4.00,2.40
2007.10.25 10:12:55.178,1.03345,1.0337,4.00,2.40
2007.10.25 10:12:55.371,1.03345,1.0338,4.00,5.70
2007.10.25 10:12:55.564,1.03345,1.0338,4.00,5.70
2007.10.25 10:12:55.757,1.03345,1.0338,4.00,5.70
2007.10.25 10:12:55.949,1.03345,1.0338,4.00,5.70
2007.10.25 10:12:56.142,1.03345,1.0338,4.00,5.70
2007.10.25 10:12:56.335,1.03345,1.0338,4.00,5.70
2007.10.25 10:12:56.661,1.03345,1.0338,4.00,5.70
2007.10.25 10:12:56.989,1.03345,1.0338,4.00,5.70
2007.10.25 10:12:57.317,1.03345,1.0338,4.00,5.70
2007.10.25 10:12:57.529,1.03345,1.0338,4.00,5.70
2007.10.25 10:12:57.741,1.03345,1.0338,4.00,5.70
2007.10.25 10:12:57.954,1.03345,1.0338,4.00,5.70
2007.10.25 10:12:58.167,1.03345,1.0337,4.00,2.40
2007.10.25 10:12:58.379,1.03345,1.0337,4.00,2.40
2007.10.25 10:12:58.668,1.03345,1.03375,4.00,3.20
2007.10.25 10:12:58.956,1.0334,1.0337,2.40,0.30
2007.10.25 10:12:59.244,1.0334,1.03365,2.40,0.30
2007.10.25 10:12:59.576,1.0334,1.03365,2.40,0.30
2007.10.25 10:12:59.909,1.0334,1.03365,2.40,0.30
2007.10.25 10:13:00.242,1.0334,1.03365,2.40,0.30
2007.10.25 10:13:00.575,1.0334,1.03365,2.40,0.30
2007.10.25 10:13:00.767,1.0334,1.03365,2.40,0.30
2007.10.25 10:13:00.960,1.0334,1.03365,2.40,0.30
2007.10.25 10:13:01.153,1.0334,1.03365,2.40,0.30
2007.10.25 10:13:01.344,1.0334,1.03365,2.40,0.30
2007.10.25 10:13:01.547,1.0334,1.03365,2.40,0.30
2007.10.25 10:13:01.750,1.0334,1.03365,2.40,0.30
2007.10.25 10:13:01.952,1.0334,1.03365,2.40,0.30
2007.10.25 10:13:02.154,1.0334,1.03365,2.40,0.30
2007.10.25 10:13:02.357,1.0334,1.03365,2.40,0.30
2007.10.25 10:13:02.623,1.0334,1.03365,2.40,0.30
2007.10.25 10:13:02.850,1.0334,1.03365,2.40,0.30
2007.10.25 10:13:03.080,1.0334,1.03365,2.40,0.30
2007.10.25 10:13:03.308,1.0334,1.03365,2.40,0.30
2007.10.25 10:13:03.480,1.0334,1.03365,2.40,0.30
2007.10.25 10:13:03.653,1.0334,1.03365,2.40,0.30
2007.10.25 10:13:03.826,1.0334,1.03365,2.40,0.30
2007.10.25 10:13:03.999,1.0334,1.03365,2.40,0.30
2007.10.25 10:13:04.172,1.0334,1.03365,2.40,0.30
2007.10.25 10:13:04.345,1.0334,1.03365,2.40,0.30
2007.10.25 10:13:04.678,1.0334,1.03365,2.40,0.30
2007.10.25 10:13:05.010,1.0334,1.03365,2.40,0.30
2007.10.25 10:13:05.343,1.0334,1.03365,2.40,0.30
2007.10.25 10:13:05.470,1.0334,1.03365,2.40,0.30
2007.10.25 10:13:05.598,1.0334,1.03365,2.40,0.30
2007.10.25 10:13:05.725,1.0334,1.03365,2.40,0.30
2007.10.25 10:13:05.853,1.0334,1.03365,2.40,0.30
2007.10.25 10:13:05.981,1.0334,1.03365,2.40,0.30
2007.10.25 10:13:06.108,1.0334,1.03365,2.40,0.30
2007.10.25 10:13:06.236,1.0334,1.03365,2.40,0.30
2007.10.25 10:13:06.364,1.0334,1.03365,2.40,0.30
2007.10.25 10:13:06.491,1.0334,1.03365,2.40,0.30
2007.10.25 10:13:06.803,1.0334,1.03365,2.40,0.30
2007.10.25 10:13:07.115,1.0334,1.03365,2.40,0.30
2007.10.25 10:13:07.427,1.0334,1.03365,2.40,0.30
2007.10.25 10:13:07.580,1.0334,1.03365,2.40,0.30
2007.10.25 10:13:07.732,1.03335,1.03365,4.00,0.30
2007.10.25 10:13:07.884,1.03335,1.03365,4.00,0.30
2007.10.25 10:13:08.037,1.03335,1.03365,4.00,0.30
2007.10.25 10:13:08.190,1.03335,1.0336,4.00,2.40
2007.10.25 10:13:08.343,1.03335,1.0336,4.00,2.40
2007.10.25 10:13:08.495,1.03335,1.0336,4.00,2.40
2007.10.25 10:13:08.773,1.03335,1.0336,4.00,2.40
2007.10.25 10:13:09.051,1.03335,1.0336,4.00,2.40
2007.10.25 10:13:09.329,1.03335,1.0336,4.00,2.40
2007.10.25 10:13:09.606,1.03335,1.0336,4.00,2.40
2007.10.25 10:13:09.939,1.03335,1.0336,4.00,2.40
2007.10.25 10:13:10.271,1.03335,1.0336,4.00,2.40
2007.10.25 10:13:10.605,1.03335,1.0336,4.00,2.40
2007.10.25 10:13:10.708,1.03335,1.0336,4.00,2.40
2007.10.25 10:13:10.811,1.03335,1.0336,4.00,2.40
2007.10.25 10:13:10.914,1.03335,1.0336,4.00,2.40
2007.10.25 10:13:11.016,1.03335,1.0336,4.00,2.40
2007.10.25 10:13:11.117,1.03335,1.0336,4.00,2.40
2007.10.25 10:13:11.220,1.03335,1.0336,4.00,2.40
2007.10.25 10:13:11.323,1.03335,1.0336,4.00,2.40
2007.10.25 10:13:11.425,1.03335,1.0336,4.00,2.40
2007.10.25 10:13:11.528,1.03335,1.0336,4.00,2.40
2007.10.25 10:13:11.633,1.03335,1.0336,4.00,2.40
2007.10.25 10:13:11.964,1.03335,1.0336,4.00,2.40
2007.10.25 10:13:12.297,1.03325,1.0336,8.80,2.40
2007.10.25 10:13:12.629,1.03325,1.0336,4.80,2.40
2007.10.25 10:13:12.782,1.03325,1.0336,4.80,2.40
2007.10.25 10:13:12.934,1.03325,1.0336,4.80,2.40
2007.10.25 10:13:13.087,1.03325,1.0336,4.80,2.40
2007.10.25 10:13:13.240,1.03325,1.0336,4.80,2.40
2007.10.25 10:13:13.392,1.03325,1.0336,4.80,2.40
2007.10.25 10:13:13.550,1.03325,1.0336,4.80,2.40
2007.10.25 10:13:13.701,1.03325,1.0336,4.80,2.40
2007.10.25 10:13:14.034,1.03325,1.0336,4.80,2.40
2007.10.25 10:13:14.367,1.03335,1.0336,4.00,0.60
2007.10.25 10:13:14.701,1.0334,1.0336,2.40,0.60
2007.10.25 10:13:14.901,1.0334,1.0336,2.40,0.60
2007.10.25 10:13:15.067,1.0334,1.0336,2.40,0.60
2007.10.25 10:13:15.236,1.0334,1.0336,2.40,0.60
2007.10.25 10:13:15.404,1.0334,1.0336,2.40,0.60
2007.10.25 10:13:15.573,1.0334,1.0336,2.40,0.60
2007.10.25 10:13:15.740,1.0334,1.0336,2.40,0.60
2007.10.25 10:13:16.072,1.0334,1.0336,2.40,0.60
2007.10.25 10:13:16.406,1.03335,1.0336,4.00,0.60
2007.10.25 10:13:16.739,1.03335,1.0336,4.00,0.60
2007.10.25 10:13:16.902,1.03335,1.0336,4.00,0.60
2007.10.25 10:13:17.065,1.03335,1.0336,4.00,0.60
2007.10.25 10:13:17.227,1.03335,1.0336,4.00,0.60
2007.10.25 10:13:17.389,1.03335,1.0336,4.00,0.60
2007.10.25 10:13:17.552,1.03335,1.0336,4.00,0.60
2007.10.25 10:13:17.715,1.03335,1.0336,4.00,0.60
2007.10.25 10:13:17.878,1.03335,1.0336,4.00,0.60
2007.10.25 10:13:18.126,1.03335,1.0336,4.00,0.60
2007.10.25 10:13:18.373,1.03335,1.0336,4.00,0.60
2007.10.25 10:13:18.620,1.03335,1.0336,4.00,0.60
2007.10.25 10:13:18.868,1.03335,1.0336,4.00,0.60
2007.10.25 10:13:19.181,1.03335,1.0336,4.00,0.60
2007.10.25 10:13:19.493,1.03335,1.0336,4.00,0.60
2007.10.25 10:13:19.806,1.03335,1.0336,4.00,0.60
2007.10.25 10:13:20.119,1.03335,1.0336,4.00,0.60
2007.10.25 10:13:20.316,1.03335,1.0336,4.00,0.60
2007.10.25 10:13:20.514,1.03335,1.0336,4.00,0.60
2007.10.25 10:13:20.712,1.03335,1.0336,4.00,0.60
2007.10.25 10:13:21.030,1.03335,1.0336,4.00,0.60
2007.10.25 10:13:21.227,1.03335,1.0336,4.00,0.60
2007.10.25 10:13:21.470,1.03335,1.0336,4.00,0.60
2007.10.25 10:13:21.713,1.0334,1.0336,2.40,0.60
2007.10.25 10:13:21.956,1.0334,1.0336,6.40,0.30
2007.10.25 10:13:22.199,1.0334,1.0336,6.40,0.30
2007.10.25 10:13:22.512,1.0334,1.0337,6.40,0.60
2007.10.25 10:13:22.825,1.03345,1.0337,12.00,0.60
2007.10.25 10:13:23.137,1.03345,1.0337,12.00,0.60
2007.10.25 10:13:23.450,1.0335,1.0337,2.40,0.60
2007.10.25 10:13:23.662,1.0335,1.0337,2.40,0.60
2007.10.25 10:13:23.875,1.0335,1.0337,2.40,0.60
2007.10.25 10:13:24.087,1.0335,1.0337,2.40,0.60
2007.10.25 10:13:24.300,1.0335,1.0337,2.40,0.60
2007.10.25 10:13:24.633,1.0335,1.0337,2.40,0.60
2007.10.25 10:13:24.965,1.0335,1.0337,2.40,0.60
2007.10.25 10:13:25.298,1.0335,1.0337,2.40,0.60
2007.10.25 10:13:25.482,1.0335,1.0337,2.40,0.60
2007.10.25 10:13:25.665,1.03345,1.0337,12.00,0.60
2007.10.25 10:13:25.847,1.03345,1.0337,12.00,0.60
2007.10.25 10:13:26.029,1.03345,1.0337,12.00,0.60
2007.10.25 10:13:26.211,1.03345,1.0337,12.00,0.60
2007.10.25 10:13:26.395,1.03345,1.0337,8.00,0.60
2007.10.25 10:13:26.418,1.03345,1.0337,3.80,0.60
2007.10.25 10:13:26.729,1.03345,1.0337,10.40,0.60
2007.10.25 10:13:27.176,1.03345,1.0337,6.40,0.60
2007.10.25 10:13:27.509,1.0335,1.0337,2.40,0.60
2007.10.25 10:13:27.741,1.0335,1.0337,2.40,0.60
2007.10.25 10:13:27.974,1.0335,1.0337,2.40,0.60
2007.10.25 10:13:28.206,1.03345,1.0337,4.00,0.60
2007.10.25 10:13:28.439,1.03345,1.0337,4.00,0.60
2007.10.25 10:13:28.727,1.0334,1.0337,8.00,2.90
2007.10.25 10:13:29.015,1.03345,1.03365,4.00,0.30
2007.10.25 10:13:29.302,1.03345,1.03365,4.00,0.30
2007.10.25 10:13:29.591,1.03345,1.03365,4.00,0.30
2007.10.25 10:13:29.904,1.03335,1.03365,4.00,0.30
2007.10.25 10:13:30.216,1.03335,1.03365,4.00,0.30
2007.10.25 10:13:30.530,1.03335,1.03365,4.00,0.30
2007.10.25 10:13:30.748,1.03335,1.03365,8.00,0.30
2007.10.25 10:13:30.965,1.03335,1.03365,8.00,0.30
2007.10.25 10:13:31.183,1.03335,1.03365,8.00,0.30
2007.10.25 10:13:31.401,1.03335,1.03365,8.00,0.30
2007.10.25 10:13:31.654,1.03335,1.03365,8.00,0.30
2007.10.25 10:13:31.906,1.03335,1.03365,4.00,0.30
2007.10.25 10:13:32.159,1.03335,1.03365,4.00,0.30
2007.10.25 10:13:32.413,1.03335,1.0336,4.00,2.40
2007.10.25 10:13:32.640,1.03335,1.0336,4.00,2.40
2007.10.25 10:13:32.867,1.03335,1.0336,4.00,2.40
2007.10.25 10:13:33.094,1.03335,1.0336,4.00,2.40
2007.10.25 10:13:33.325,1.03335,1.0336,4.00,2.40
2007.10.25 10:13:33.551,1.03335,1.0336,4.00,2.40
2007.10.25 10:13:33.783,1.03335,1.03365,4.00,0.30
2007.10.25 10:13:34.015,1.03335,1.03365,4.00,0.30
2007.10.25 10:13:34.248,1.03335,1.03365,4.00,0.30
2007.10.25 10:13:34.482,1.03335,1.03365,4.00,0.30
2007.10.25 10:13:34.714,1.03335,1.03365,4.00,0.30
2007.10.25 10:13:35.047,1.03335,1.03365,4.00,0.30
2007.10.25 10:13:35.380,1.03335,1.03365,4.00,0.30
2007.10.25 10:13:35.713,1.03335,1.03365,4.00,0.30
2007.10.25 10:13:35.921,1.03335,1.0336,4.00,2.40
2007.10.25 10:13:36.129,1.03335,1.0336,4.00,2.40
2007.10.25 10:13:36.337,1.0333,1.0336,2.40,0.30
2007.10.25 10:13:36.545,1.0333,1.0336,2.40,0.30
2007.10.25 10:13:36.753,1.0333,1.0336,2.40,0.30
2007.10.25 10:13:37.016,1.0333,1.0336,2.40,0.30
2007.10.25 10:13:37.279,1.0333,1.0336,2.40,0.30
2007.10.25 10:13:37.541,1.0333,1.0336,2.40,0.30
2007.10.25 10:13:37.804,1.03325,1.0336,8.00,2.60
2007.10.25 10:13:38.026,1.03325,1.03355,8.00,0.30
2007.10.25 10:13:38.250,1.03325,1.03355,8.00,0.30
2007.10.25 10:13:38.473,1.03325,1.03355,8.00,0.30
2007.10.25 10:13:38.695,1.03325,1.03355,8.00,0.30
2007.10.25 10:13:39.027,1.03325,1.03355,8.00,0.30
2007.10.25 10:13:39.445,1.03325,1.03355,8.00,0.30
2007.10.25 10:13:39.777,1.03325,1.03355,8.00,0.30
2007.10.25 10:13:39.920,1.03325,1.03355,8.00,0.30
2007.10.25 10:13:40.062,1.03325,1.03355,8.00,0.30
2007.10.25 10:13:40.205,1.03325,1.03355,8.00,0.30
2007.10.25 10:13:40.347,1.03325,1.03355,8.00,0.30
2007.10.25 10:13:40.490,1.03325,1.03355,8.00,0.30
2007.10.25 10:13:40.633,1.03325,1.03355,8.00,0.30
2007.10.25 10:13:40.775,1.03325,1.03355,8.00,0.30
2007.10.25 10:13:41.108,1.03325,1.03355,8.00,0.30
2007.10.25 10:13:41.440,1.03325,1.03355,8.00,0.30
2007.10.25 10:13:41.773,1.03335,1.03355,4.00,0.30
2007.10.25 10:13:42.105,1.03335,1.0336,4.00,0.30
2007.10.25 10:13:42.283,1.03325,1.0336,12.00,2.60
2007.10.25 10:13:42.461,1.03325,1.0336,12.00,2.60
2007.10.25 10:13:42.638,1.03325,1.0336,12.00,2.60
2007.10.25 10:13:42.817,1.03325,1.0336,8.00,2.60
2007.10.25 10:13:43.142,1.03325,1.03355,8.00,0.30
2007.10.25 10:13:43.465,1.03325,1.03355,8.00,0.30
2007.10.25 10:13:43.788,1.03325,1.03355,4.00,0.30
2007.10.25 10:13:44.110,1.03325,1.03355,4.00,0.30
2007.10.25 10:13:44.444,1.03325,1.03355,4.00,0.30
2007.10.25 10:13:44.776,1.03325,1.03355,8.00,0.30
2007.10.25 10:13:45.109,1.03325,1.03355,8.00,0.30
2007.10.25 10:13:45.346,1.03325,1.03355,8.00,0.30
2007.10.25 10:13:45.589,1.03325,1.03355,8.00,0.30
2007.10.25 10:13:45.827,1.03325,1.03355,8.00,0.30
2007.10.25 10:13:46.040,1.03325,1.03355,8.00,0.30
2007.10.25 10:13:46.252,1.0333,1.03355,2.40,0.30
2007.10.25 10:13:46.466,1.0333,1.03355,2.40,0.30
2007.10.25 10:13:46.678,1.0333,1.0336,2.40,0.30
2007.10.25 10:13:46.891,1.0333,1.0336,2.40,0.30
2007.10.25 10:13:47.190,1.0333,1.0336,2.40,0.30
2007.10.25 10:13:47.488,1.0333,1.0336,2.40,0.30
2007.10.25 10:13:47.785,1.0333,1.0336,2.40,0.30
2007.10.25 10:13:48.082,1.0333,1.0336,2.40,0.30
2007.10.25 10:13:48.310,1.0333,1.0336,2.40,0.30
2007.10.25 10:13:48.538,1.0333,1.0336,2.40,0.30
2007.10.25 10:13:48.766,1.0333,1.0336,2.40,0.30
2007.10.25 10:13:48.994,1.0333,1.0336,2.40,0.30
2007.10.25 10:13:49.327,1.0333,1.0336,2.40,0.30
2007.10.25 10:13:49.660,1.0333,1.0336,2.40,0.30
2007.10.25 10:13:49.993,1.0333,1.0336,2.40,0.30
2007.10.25 10:13:50.325,1.0333,1.0336,2.40,0.30
2007.10.25 10:13:50.523,1.0333,1.0336,2.40,0.30
2007.10.25 10:13:50.721,1.0333,1.0336,2.40,0.30
2007.10.25 10:13:50.919,1.0333,1.0336,2.40,0.30
2007.10.25 10:13:51.116,1.0333,1.0336,2.40,0.30
2007.10.25 10:13:51.448,1.0333,1.0336,2.40,0.30
2007.10.25 10:13:51.781,1.0333,1.03365,2.40,0.30
2007.10.25 10:13:52.115,1.0333,1.03365,2.40,0.30
2007.10.25 10:13:52.327,1.0333,1.03365,2.40,0.30
2007.10.25 10:13:52.540,1.0333,1.03365,2.40,0.30
2007.10.25 10:13:52.752,1.0333,1.03365,2.40,0.30
2007.10.25 10:13:52.965,1.0333,1.03365,2.40,0.30
2007.10.25 10:13:53.178,1.0333,1.03365,2.40,0.30
2007.10.25 10:13:53.447,1.0333,1.03365,2.40,0.30
2007.10.25 10:13:53.714,1.0333,1.03365,2.40,0.30
2007.10.25 10:13:53.982,1.0333,1.03365,2.40,0.30
2007.10.25 10:13:54.249,1.0333,1.03365,2.40,0.30
2007.10.25 10:13:54.582,1.0333,1.03365,2.40,0.30
2007.10.25 10:13:54.916,1.0333,1.03365,2.40,0.30
2007.10.25 10:13:55.248,1.0333,1.03365,2.40,0.30
2007.10.25 10:13:55.395,1.0333,1.03365,2.40,0.30
2007.10.25 10:13:55.543,1.0333,1.03365,2.40,0.30
2007.10.25 10:13:55.691,1.0333,1.03365,2.40,0.30
2007.10.25 10:13:55.837,1.0333,1.03365,2.40,0.30
2007.10.25 10:13:55.985,1.0333,1.03365,2.40,0.30
2007.10.25 10:13:56.133,1.0333,1.03365,2.40,0.30
2007.10.25 10:13:56.280,1.0333,1.03365,2.40,0.30
2007.10.25 10:13:56.548,1.0333,1.03365,2.40,0.30
2007.10.25 10:13:56.815,1.0333,1.03365,2.40,0.30
2007.10.25 10:13:57.082,1.0333,1.03365,2.40,0.30
2007.10.25 10:13:57.350,1.0333,1.03365,2.40,0.30
2007.10.25 10:13:57.508,1.0333,1.03365,2.40,0.30
2007.10.25 10:13:57.665,1.0333,1.03365,2.40,0.30
2007.10.25 10:13:57.864,1.0333,1.03365,2.40,0.30
2007.10.25 10:13:58.022,1.0333,1.03365,2.40,0.30
2007.10.25 10:13:58.181,1.0333,1.03365,2.40,0.30
2007.10.25 10:13:58.339,1.0333,1.03365,2.40,0.30
2007.10.25 10:13:58.591,1.0333,1.03365,2.40,0.30
2007.10.25 10:13:58.843,1.0333,1.03365,2.40,0.30
2007.10.25 10:13:59.095,1.0333,1.03365,2.40,0.30
2007.10.25 10:13:59.349,1.0333,1.03365,2.40,0.30
2007.10.25 10:13:59.672,1.0333,1.03365,2.40,0.30
2007.10.25 10:13:59.994,1.0333,1.03365,2.40,0.30
2007.10.25 10:14:00.317,1.0333,1.03365,2.40,0.30
2007.10.25 10:14:00.638,1.0333,1.03365,2.40,0.30
2007.10.25 10:14:00.787,1.0333,1.03365,2.40,0.30
2007.10.25 10:14:00.934,1.0333,1.03365,2.40,0.30
2007.10.25 10:14:01.082,1.0333,1.03365,2.40,0.30
2007.10.25 10:14:01.229,1.0333,1.03365,2.40,0.30
2007.10.25 10:14:01.376,1.0333,1.03365,2.40,0.30
2007.10.25 10:14:01.524,1.0333,1.03365,2.40,0.30
2007.10.25 10:14:01.671,1.0333,1.03365,2.40,0.30
2007.10.25 10:14:01.929,1.0333,1.03365,2.40,0.30
2007.10.25 10:14:02.186,1.0333,1.03365,2.40,0.30
2007.10.25 10:14:02.444,1.0333,1.03365,2.40,0.30
2007.10.25 10:14:02.702,1.03325,1.03365,12.00,0.30
2007.10.25 10:14:02.871,1.03325,1.0336,8.00,2.60
2007.10.25 10:14:03.039,1.03325,1.0336,8.00,2.60
2007.10.25 10:14:03.207,1.03325,1.0336,8.00,2.60
2007.10.25 10:14:03.376,1.03325,1.0336,8.00,2.60
2007.10.25 10:14:03.543,1.03325,1.0336,8.00,2.60
2007.10.25 10:14:03.710,1.03325,1.0336,8.00,2.60
2007.10.25 10:14:04.043,1.03325,1.0336,8.00,2.60
2007.10.25 10:14:04.376,1.03325,1.0336,8.00,2.60
2007.10.25 10:14:04.621,1.03325,1.0336,2.40,2.60
2007.10.25 10:14:04.709,1.03325,1.0336,3.20,2.60
2007.10.25 10:14:04.922,1.0332,1.0336,18.40,2.60
2007.10.25 10:14:05.135,1.0332,1.0336,18.40,2.60
2007.10.25 10:14:05.349,1.03325,1.0336,15.20,0.30
2007.10.25 10:14:05.562,1.03325,1.0336,15.20,0.30
2007.10.25 10:14:05.774,1.03325,1.0336,15.20,0.30
2007.10.25 10:14:05.985,1.03325,1.0336,15.20,0.30
2007.10.25 10:14:06.238,1.03325,1.0336,15.20,0.30
2007.10.25 10:14:06.491,1.03325,1.0336,15.20,0.30
2007.10.25 10:14:06.744,1.03325,1.0336,15.20,0.30
2007.10.25 10:14:06.997,1.03325,1.0336,15.20,0.30
2007.10.25 10:14:07.205,1.0333,1.0336,1.40,0.30
2007.10.25 10:14:07.413,1.03325,1.0336,15.20,0.30
2007.10.25 10:14:07.621,1.0333,1.0336,1.30,0.30
2007.10.25 10:14:07.828,1.03325,1.0336,15.20,0.30
2007.10.25 10:14:08.036,1.0333,1.0336,1.50,0.30
2007.10.25 10:14:08.359,1.0333,1.0336,1.60,0.30
2007.10.25 10:14:08.682,1.03325,1.0336,15.20,0.30
2007.10.25 10:14:09.006,1.03325,1.0336,15.20,0.30
2007.10.25 10:14:09.338,1.0333,1.0336,0.60,0.30
2007.10.25 10:14:09.671,1.03325,1.0336,15.20,0.30
2007.10.25 10:14:10.004,1.03325,1.0336,15.20,0.30
2007.10.25 10:14:10.191,1.0333,1.0336,1.40,0.30
2007.10.25 10:14:10.379,1.0333,1.0336,1.40,0.30
2007.10.25 10:14:10.567,1.03325,1.0336,15.20,0.30
2007.10.25 10:14:10.754,1.0333,1.0336,1.10,0.30
2007.10.25 10:14:10.942,1.0333,1.0336,1.50,0.30
2007.10.25 10:14:11.150,1.03325,1.0336,15.20,0.30
2007.10.25 10:14:11.358,1.0333,1.0336,1.50,0.30
2007.10.25 10:14:11.566,1.0333,1.0336,1.40,0.30
2007.10.25 10:14:11.774,1.03325,1.0336,15.20,0.30
2007.10.25 10:14:11.982,1.0333,1.0336,1.40,0.30
2007.10.25 10:14:12.240,1.0333,1.0336,0.50,0.30
2007.10.25 10:14:12.497,1.03325,1.0336,15.20,0.30
2007.10.25 10:14:12.755,1.03325,1.0336,15.20,0.30
2007.10.25 10:14:13.013,1.03325,1.0336,15.20,0.30
2007.10.25 10:14:13.211,1.0333,1.0336,0.70,0.30
2007.10.25 10:14:13.409,1.03325,1.0336,15.20,0.30
2007.10.25 10:14:13.606,1.03325,1.0336,15.20,0.30
2007.10.25 10:14:13.803,1.03325,1.0336,15.20,0.30
2007.10.25 10:14:14.001,1.03325,1.0336,15.20,0.30
2007.10.25 10:14:14.334,1.0333,1.0336,1.60,0.30
2007.10.25 10:14:14.666,1.03325,1.0336,15.20,0.30
2007.10.25 10:14:14.998,1.03325,1.0336,15.20,0.30
2007.10.25 10:14:15.331,1.0333,1.0336,8.80,0.30
2007.10.25 10:14:15.475,1.03335,1.03375,11.20,0.30
2007.10.25 10:14:15.618,1.03335,1.03375,15.20,0.30
2007.10.25 10:14:15.760,1.03335,1.03375,15.20,0.30
2007.10.25 10:14:15.903,1.03335,1.03375,15.20,0.30
2007.10.25 10:14:16.045,1.03335,1.03375,15.20,0.30
2007.10.25 10:14:16.364,1.03335,1.03375,15.20,0.30
2007.10.25 10:14:16.681,1.03335,1.03375,15.20,0.30
2007.10.25 10:14:16.998,1.0334,1.03375,0.50,0.30
2007.10.25 10:14:17.315,1.0334,1.03375,0.70,0.30
2007.10.25 10:14:17.473,1.0334,1.03375,0.60,0.30
2007.10.25 10:14:17.630,1.03335,1.03375,15.20,0.30
2007.10.25 10:14:17.787,1.03335,1.03375,15.20,0.30
2007.10.25 10:14:17.945,1.03335,1.03375,15.20,0.30
2007.10.25 10:14:18.102,1.0334,1.03375,1.30,0.30
2007.10.25 10:14:18.435,1.0334,1.03375,1.10,0.30
2007.10.25 10:14:18.767,1.03335,1.03375,15.20,0.30
2007.10.25 10:14:19.099,1.03335,1.03375,15.20,0.30
2007.10.25 10:14:19.432,1.0334,1.03375,0.90,0.30
2007.10.25 10:14:19.745,1.03335,1.03375,15.20,0.30
2007.10.25 10:14:20.058,1.03345,1.03375,3.40,0.30
2007.10.25 10:14:20.371,1.0334,1.0338,14.40,2.90
2007.10.25 10:14:20.589,1.0334,1.0338,18.40,2.90
2007.10.25 10:14:20.806,1.03345,1.0338,3.30,2.90
2007.10.25 10:14:21.024,1.03345,1.0338,2.80,2.90
2007.10.25 10:14:21.242,1.03345,1.0338,0.90,2.90
2007.10.25 10:14:21.475,1.03345,1.0338,5.90,2.90
2007.10.25 10:14:21.708,1.03345,1.0338,3.40,2.90
2007.10.25 10:14:21.941,1.03345,1.0338,6.40,2.90
2007.10.25 10:14:22.174,1.0334,1.0338,18.40,2.90
2007.10.25 10:14:22.419,1.03345,1.0338,3.10,2.90
2007.10.25 10:14:22.642,1.0334,1.0338,18.40,2.90
2007.10.25 10:14:22.865,1.03345,1.0338,5.30,2.90
2007.10.25 10:14:23.088,1.0334,1.0338,18.40,2.90
2007.10.25 10:14:23.311,1.03345,1.0338,14.40,0.60
2007.10.25 10:14:23.534,1.0335,1.0338,1.10,0.60
2007.10.25 10:14:23.758,1.0335,1.0338,1.50,0.60
2007.10.25 10:14:23.980,1.03345,1.0338,15.20,0.60
2007.10.25 10:14:24.203,1.0334,1.0338,19.20,2.90
2007.10.25 10:14:24.426,1.0334,1.0338,19.20,2.90
2007.10.25 10:14:24.759,1.03345,1.0338,6.00,2.90
2007.10.25 10:14:25.094,1.0334,1.0338,19.20,2.90
2007.10.25 10:14:25.427,1.0334,1.0338,19.20,2.90
2007.10.25 10:14:25.661,1.0334,1.0338,19.20,2.90
2007.10.25 10:14:25.894,1.0334,1.0338,19.20,2.90
2007.10.25 10:14:26.126,1.0334,1.0338,19.20,2.90
2007.10.25 10:14:26.359,1.03345,1.0338,15.20,0.60
2007.10.25 10:14:26.612,1.03345,1.0338,15.20,0.60
2007.10.25 10:14:26.864,1.0335,1.0338,0.70,0.60
2007.10.25 10:14:27.116,1.03345,1.0338,15.20,0.60
2007.10.25 10:14:27.369,1.03345,1.0338,15.20,0.60
2007.10.25 10:14:27.637,1.03345,1.0338,15.20,0.60
2007.10.25 10:14:27.905,1.03345,1.0338,37.50,0.60
2007.10.25 10:14:28.173,1.03355,1.034,0.60,2.80
2007.10.25 10:14:28.581,1.0336,1.034,4.80,2.80
2007.10.25 10:14:28.854,1.0336,1.034,4.80,2.80
2007.10.25 10:14:29.128,1.0337,1.03405,1.30,3.10
2007.10.25 10:14:29.401,1.03365,1.03405,10.40,0.30
2007.10.25 10:14:29.733,1.03365,1.03405,10.40,0.30
2007.10.25 10:14:30.066,1.03365,1.03405,7.20,3.10
2007.10.25 10:14:30.400,1.03375,1.03405,6.40,3.10
2007.10.25 10:14:30.632,1.03375,1.03405,6.40,3.10
2007.10.25 10:14:30.864,1.03375,1.03405,1.70,2.80
2007.10.25 10:14:31.096,1.03365,1.03405,11.20,2.80
2007.10.25 10:14:31.329,1.0337,1.03415,0.90,2.80
2007.10.25 10:14:31.562,1.03365,1.0341,15.20,2.80
2007.10.25 10:14:31.894,1.03365,1.0341,15.20,2.80
2007.10.25 10:14:32.227,1.0337,1.0341,1.40,2.80
2007.10.25 10:14:32.562,1.0337,1.0341,0.60,2.80
2007.10.25 10:14:32.804,1.0337,1.0341,0.50,2.80
2007.10.25 10:14:33.047,1.03365,1.0341,15.20,2.80
2007.10.25 10:14:33.289,1.03365,1.0341,15.20,2.80
2007.10.25 10:14:33.532,1.03365,1.0341,15.20,2.80
2007.10.25 10:14:33.775,1.0337,1.0341,2.40,2.80
2007.10.25 10:14:34.022,1.0337,1.0341,2.40,2.80
2007.10.25 10:14:34.270,1.03365,1.0339,12.00,2.60
2007.10.25 10:14:34.519,1.0335,1.03385,6.40,7.10
2007.10.25 10:14:34.767,1.0335,1.03385,6.40,7.10
2007.10.25 10:14:35.100,1.0336,1.03385,4.00,0.30
2007.10.25 10:14:35.433,1.0336,1.03405,4.00,3.60
2007.10.25 10:14:35.766,1.0336,1.03405,4.00,3.60
2007.10.25 10:14:35.978,1.03355,1.034,16.80,2.80
2007.10.25 10:14:36.191,1.0336,1.03405,4.00,2.80
2007.10.25 10:14:36.404,1.0336,1.03405,4.00,3.60
2007.10.25 10:14:36.618,1.0336,1.03405,4.00,3.60
2007.10.25 10:14:36.926,1.0337,1.034,2.40,2.80
2007.10.25 10:14:37.235,1.0338,1.03415,2.40,3.60
2007.10.25 10:14:37.544,1.0338,1.0341,2.40,2.80
2007.10.25 10:14:37.852,1.03375,1.03415,4.00,3.60
2007.10.25 10:14:38.129,1.03375,1.03415,4.00,3.60
2007.10.25 10:14:38.408,1.03375,1.0341,4.00,2.80
2007.10.25 10:14:38.686,1.0337,1.0341,6.40,2.80
2007.10.25 10:14:39.018,1.0337,1.03405,2.40,2.80
2007.10.25 10:14:39.351,1.0337,1.03405,2.40,2.80
2007.10.25 10:14:39.684,1.0338,1.03405,2.40,2.80
2007.10.25 10:14:39.871,1.0338,1.0341,2.40,2.80
2007.10.25 10:14:40.059,1.0338,1.0341,2.40,2.80
2007.10.25 10:14:40.246,1.0338,1.0341,2.40,2.80
2007.10.25 10:14:40.434,1.0338,1.0341,2.40,2.80
2007.10.25 10:14:40.621,1.0338,1.0341,2.40,2.80
2007.10.25 10:14:40.870,1.0338,1.0341,2.40,2.80
2007.10.25 10:14:41.118,1.0338,1.0341,2.40,2.80
2007.10.25 10:14:41.365,1.0338,1.0341,2.40,2.80
2007.10.25 10:14:41.613,1.0338,1.0341,2.40,2.80
2007.10.25 10:14:41.861,1.0338,1.0341,2.40,2.80
2007.10.25 10:14:42.049,1.0338,1.0341,2.40,2.80
2007.10.25 10:14:42.237,1.0338,1.0341,2.40,2.80
2007.10.25 10:14:42.425,1.0338,1.0341,2.40,2.80
2007.10.25 10:14:42.613,1.0338,1.0341,2.40,2.80
2007.10.25 10:14:42.800,1.0338,1.0341,2.40,2.80
2007.10.25 10:14:42.987,1.0338,1.0341,2.40,2.80
2007.10.25 10:14:43.191,1.0338,1.0341,2.40,2.80
2007.10.25 10:14:43.392,1.0338,1.0341,2.40,2.80
2007.10.25 10:14:43.595,1.0338,1.0341,2.40,2.80
2007.10.25 10:14:43.798,1.0338,1.0341,2.40,2.80
2007.10.25 10:14:44.000,1.0338,1.0341,2.40,2.80
2007.10.25 10:14:44.333,1.0338,1.0341,2.40,2.80
2007.10.25 10:14:44.665,1.0338,1.0341,2.40,2.80
2007.10.25 10:14:44.998,1.0338,1.0341,2.40,2.80
2007.10.25 10:14:45.140,1.0338,1.0341,2.40,2.80
2007.10.25 10:14:45.282,1.0338,1.0341,2.40,2.80
2007.10.25 10:14:45.425,1.0338,1.0341,2.40,2.80
2007.10.25 10:14:45.568,1.0338,1.0341,2.40,2.80
2007.10.25 10:14:45.711,1.0338,1.0341,2.40,2.80
2007.10.25 10:14:45.853,1.0338,1.0341,2.40,2.80
2007.10.25 10:14:46.131,1.0338,1.0341,2.40,2.80
2007.10.25 10:14:46.408,1.0338,1.0341,2.40,2.80
2007.10.25 10:14:46.686,1.0338,1.0341,2.40,2.80
2007.10.25 10:14:47.006,1.0338,1.0341,2.40,2.80
2007.10.25 10:14:47.158,1.0338,1.0341,2.40,2.80
2007.10.25 10:14:47.312,1.0338,1.0341,2.40,2.80
2007.10.25 10:14:47.462,1.0338,1.0341,2.40,2.80
2007.10.25 10:14:47.614,1.0338,1.0341,2.40,2.80
2007.10.25 10:14:47.771,1.0338,1.0341,2.40,2.80
2007.10.25 10:14:47.921,1.0338,1.0341,2.40,2.80
2007.10.25 10:14:48.074,1.0338,1.0341,2.40,2.80
2007.10.25 10:14:48.371,1.0338,1.0341,2.40,2.80
2007.10.25 10:14:48.670,1.0338,1.0341,2.40,2.80
2007.10.25 10:14:48.967,1.03375,1.0341,8.00,5.50
2007.10.25 10:14:49.267,1.03375,1.03405,4.00,3.10
2007.10.25 10:14:49.584,1.03375,1.03405,4.00,3.10
2007.10.25 10:14:49.902,1.03365,1.034,8.00,5.20
2007.10.25 10:14:50.222,1.03365,1.034,8.00,5.20
2007.10.25 10:14:50.403,1.03365,1.034,8.00,5.20
2007.10.25 10:14:50.586,1.03365,1.034,8.00,5.20
2007.10.25 10:14:50.770,1.03365,1.034,8.00,2.40
2007.10.25 10:14:50.954,1.03365,1.034,8.00,2.40
2007.10.25 10:14:51.136,1.03365,1.034,8.00,2.40
2007.10.25 10:14:51.434,1.03365,1.034,8.00,2.40
2007.10.25 10:14:51.732,1.03365,1.034,8.00,2.40
2007.10.25 10:14:52.029,1.03365,1.034,8.00,5.20
2007.10.25 10:14:52.327,1.03365,1.034,8.00,5.20
2007.10.25 10:14:52.494,1.03365,1.034,8.00,5.20
2007.10.25 10:14:52.662,1.03365,1.034,8.00,5.20
2007.10.25 10:14:52.830,1.03365,1.034,8.00,5.20
2007.10.25 10:14:52.998,1.03365,1.034,8.00,5.20
2007.10.25 10:14:53.165,1.03365,1.034,8.00,5.20
2007.10.25 10:14:53.334,1.03365,1.034,8.00,5.20
2007.10.25 10:14:53.561,1.03365,1.034,8.00,5.20
2007.10.25 10:14:53.789,1.03365,1.034,8.00,5.20
2007.10.25 10:14:54.015,1.03365,1.034,8.00,5.20
2007.10.25 10:14:54.243,1.03365,1.034,8.00,5.20
2007.10.25 10:14:54.471,1.03365,1.034,8.00,5.20
2007.10.25 10:14:54.794,1.03365,1.034,8.00,5.20
2007.10.25 10:14:55.117,1.03365,1.034,8.00,5.20
2007.10.25 10:14:55.440,1.03365,1.034,8.00,5.20
2007.10.25 10:14:55.563,1.03365,1.034,8.00,5.20
2007.10.25 10:14:55.685,1.03365,1.034,8.00,5.20
2007.10.25 10:14:55.808,1.03365,1.034,8.00,5.20
2007.10.25 10:14:55.930,1.03365,1.034,8.00,5.20
2007.10.25 10:14:56.175,1.03365,1.034,8.00,5.20
2007.10.25 10:14:56.298,1.03365,1.034,8.00,5.20
2007.10.25 10:14:56.421,1.03365,1.034,8.00,5.20
2007.10.25 10:14:56.543,1.03365,1.034,8.00,5.20
2007.10.25 10:14:56.876,1.03365,1.034,8.00,5.20
2007.10.25 10:14:57.208,1.03365,1.034,8.00,5.20
2007.10.25 10:14:57.541,1.03365,1.034,8.00,5.20
2007.10.25 10:14:57.689,1.03365,1.034,8.00,5.20
2007.10.25 10:14:57.836,1.03365,1.034,8.00,5.20
2007.10.25 10:14:57.984,1.03365,1.034,8.00,5.20
2007.10.25 10:14:58.131,1.03365,1.034,8.00,5.20
2007.10.25 10:14:58.154,1.03365,1.03405,8.00,14.20
2007.10.25 10:14:58.278,1.03365,1.034,8.00,5.20
2007.10.25 10:14:58.426,1.03365,1.034,8.00,5.20
2007.10.25 10:14:58.575,1.03365,1.034,8.00,5.20
2007.10.25 10:14:58.852,1.03365,1.034,8.00,5.20
2007.10.25 10:14:59.130,1.03365,1.034,8.00,2.40
2007.10.25 10:14:59.408,1.03365,1.034,8.00,2.40
2007.10.25 10:14:59.686,1.03365,1.034,8.00,2.40
2007.10.25 10:14:59.984,1.03365,1.034,8.00,2.40
2007.10.25 10:15:00.281,1.03365,1.034,8.00,2.40
2007.10.25 10:15:00.579,1.03365,1.034,8.00,2.40
2007.10.25 10:15:00.877,1.03365,1.034,8.00,2.40
2007.10.25 10:15:01.014,1.03365,1.034,8.00,2.40
2007.10.25 10:15:01.152,1.03365,1.034,8.00,2.40
2007.10.25 10:15:01.291,1.03365,1.034,8.00,2.40
2007.10.25 10:15:01.427,1.03365,1.034,8.00,2.40
2007.10.25 10:15:01.565,1.03365,1.034,8.00,2.40
2007.10.25 10:15:01.702,1.03365,1.034,8.00,2.40
2007.10.25 10:15:01.840,1.03365,1.034,8.00,2.40
2007.10.25 10:15:01.978,1.03365,1.034,8.00,2.40
2007.10.25 10:15:02.266,1.03365,1.034,8.00,2.40
2007.10.25 10:15:02.554,1.03365,1.034,8.00,2.40
2007.10.25 10:15:02.842,1.03365,1.034,8.00,2.40
2007.10.25 10:15:03.130,1.03365,1.034,8.00,2.40
2007.10.25 10:15:03.302,1.03365,1.034,8.00,2.40
2007.10.25 10:15:03.474,1.03365,1.034,8.00,2.40
2007.10.25 10:15:03.647,1.03365,1.034,8.00,2.40
2007.10.25 10:15:03.820,1.03365,1.034,8.00,2.40
2007.10.25 10:15:03.993,1.03365,1.034,8.00,2.40
2007.10.25 10:15:04.326,1.03365,1.034,8.00,2.40
2007.10.25 10:15:04.658,1.03365,1.034,8.00,2.40
2007.10.25 10:15:04.992,1.03365,1.034,8.00,2.60
2007.10.25 10:15:05.120,1.03365,1.034,8.00,2.60
2007.10.25 10:15:05.248,1.03365,1.034,8.00,2.90
2007.10.25 10:15:05.413,1.03365,1.034,8.00,2.90
2007.10.25 10:15:05.543,1.03365,1.034,8.00,2.90
2007.10.25 10:15:05.670,1.03365,1.034,8.00,2.90
2007.10.25 10:15:05.798,1.03365,1.034,8.00,2.90
2007.10.25 10:15:05.926,1.03365,1.034,8.00,2.90
2007.10.25 10:15:06.224,1.03365,1.034,8.00,2.90
2007.10.25 10:15:06.525,1.03365,1.03395,4.00,0.30
2007.10.25 10:15:06.824,1.0337,1.03395,2.40,0.30
2007.10.25 10:15:07.122,1.0337,1.03395,2.40,0.30
2007.10.25 10:15:07.381,1.0337,1.03395,2.40,0.30
2007.10.25 10:15:07.638,1.0337,1.03405,2.40,2.80
2007.10.25 10:15:07.896,1.0337,1.03405,2.40,2.80
2007.10.25 10:15:08.155,1.0337,1.03405,2.40,2.80
2007.10.25 10:15:08.372,1.0337,1.03405,2.40,2.80
2007.10.25 10:15:08.590,1.0337,1.03405,2.40,2.80
2007.10.25 10:15:08.808,1.0337,1.03405,2.40,2.80
2007.10.25 10:15:09.026,1.0337,1.03405,2.40,2.80
2007.10.25 10:15:09.358,1.0337,1.03405,2.40,2.80
2007.10.25 10:15:09.691,1.0337,1.03405,2.40,2.80
2007.10.25 10:15:10.024,1.0337,1.03405,2.40,2.80
2007.10.25 10:15:10.201,1.0337,1.03405,2.40,2.80
2007.10.25 10:15:10.378,1.0337,1.03405,2.40,2.80
2007.10.25 10:15:10.555,1.0337,1.03405,2.40,2.80
2007.10.25 10:15:10.733,1.0337,1.03405,2.40,2.80
2007.10.25 10:15:10.912,1.0337,1.03405,2.40,2.80
2007.10.25 10:15:11.091,1.0337,1.03405,2.40,2.80
2007.10.25 10:15:11.328,1.0337,1.03405,2.40,2.80
2007.10.25 10:15:11.565,1.0337,1.03405,2.40,2.80
2007.10.25 10:15:11.804,1.0337,1.03405,2.40,2.80
2007.10.25 10:15:12.041,1.0337,1.03405,2.40,2.80
2007.10.25 10:15:12.278,1.0337,1.03405,2.40,2.80
2007.10.25 10:15:12.511,1.0337,1.03405,2.40,2.80
2007.10.25 10:15:12.743,1.0337,1.03405,2.40,2.80
2007.10.25 10:15:12.976,1.0337,1.03405,2.40,2.80
2007.10.25 10:15:13.209,1.03365,1.034,8.00,2.40
2007.10.25 10:15:13.392,1.03365,1.034,8.00,2.60
2007.10.25 10:15:13.575,1.03365,1.03395,8.00,0.30
2007.10.25 10:15:13.758,1.03365,1.03395,8.00,0.30
2007.10.25 10:15:13.941,1.03365,1.03395,8.00,0.30
2007.10.25 10:15:14.124,1.03365,1.03395,8.80,0.30
2007.10.25 10:15:14.307,1.03365,1.03395,8.80,0.30
2007.10.25 10:15:14.640,1.03365,1.03395,8.80,0.30
2007.10.25 10:15:14.973,1.03365,1.03395,8.80,0.30
2007.10.25 10:15:15.305,1.03365,1.03395,8.80,0.30
2007.10.25 10:15:15.467,1.03365,1.03395,8.80,0.30
2007.10.25 10:15:15.629,1.03365,1.03395,8.80,0.30
2007.10.25 10:15:15.791,1.03365,1.03395,8.80,0.30
2007.10.25 10:15:15.953,1.03365,1.03395,8.80,0.30
2007.10.25 10:15:16.116,1.03365,1.03395,8.80,0.30
2007.10.25 10:15:16.280,1.03365,1.03395,8.80,0.30
2007.10.25 10:15:16.441,1.03365,1.03395,8.80,0.30
2007.10.25 10:15:16.773,1.03365,1.03395,8.80,0.30
2007.10.25 10:15:17.106,1.03365,1.03395,8.80,0.30
2007.10.25 10:15:17.438,1.03365,1.03395,8.80,0.30
2007.10.25 10:15:17.682,1.03365,1.03395,8.80,0.30
2007.10.25 10:15:17.860,1.03365,1.03395,8.80,0.30
2007.10.25 10:15:18.038,1.03365,1.03395,8.80,0.30
2007.10.25 10:15:18.216,1.03365,1.03395,8.80,0.30
2007.10.25 10:15:18.395,1.03365,1.03395,8.80,0.30
2007.10.25 10:15:18.593,1.03365,1.03395,8.80,0.30
2007.10.25 10:15:18.791,1.0337,1.03395,2.40,0.30
2007.10.25 10:15:18.989,1.0337,1.03395,2.40,0.30
2007.10.25 10:15:19.187,1.03365,1.03395,4.80,0.30
2007.10.25 10:15:19.385,1.03365,1.03395,4.80,0.30
2007.10.25 10:15:19.582,1.03365,1.03395,4.80,0.30
2007.10.25 10:15:19.914,1.03365,1.03395,4.80,0.30
2007.10.25 10:15:20.247,1.03365,1.03395,4.80,0.30
2007.10.25 10:15:20.580,1.03365,1.03395,4.80,0.30
2007.10.25 10:15:20.697,1.03365,1.03395,4.80,0.30
2007.10.25 10:15:20.815,1.03365,1.03395,4.80,0.30
2007.10.25 10:15:20.932,1.03365,1.03395,4.80,0.30
2007.10.25 10:15:21.049,1.03365,1.03395,4.80,0.30
2007.10.25 10:15:21.168,1.03365,1.03395,4.80,0.30
2007.10.25 10:15:21.285,1.03365,1.03395,4.80,0.30
2007.10.25 10:15:21.403,1.03365,1.03395,4.80,0.30
2007.10.25 10:15:21.520,1.03365,1.03395,4.80,0.30
2007.10.25 10:15:21.638,1.03365,1.03395,4.80,0.30
2007.10.25 10:15:21.970,1.03365,1.03395,4.80,0.30
2007.10.25 10:15:22.303,1.03365,1.03395,4.80,0.30
2007.10.25 10:15:22.635,1.03365,1.03395,4.80,0.30
2007.10.25 10:15:22.783,1.03365,1.03395,4.80,0.30
2007.10.25 10:15:22.930,1.03365,1.03395,4.80,0.30
2007.10.25 10:15:23.077,1.03365,1.03395,4.80,0.30
2007.10.25 10:15:23.225,1.03365,1.03395,4.80,0.30
2007.10.25 10:15:23.373,1.03365,1.03395,4.80,0.30
2007.10.25 10:15:23.520,1.03365,1.03395,4.80,0.30
2007.10.25 10:15:23.668,1.03365,1.03395,4.80,0.30
2007.10.25 10:15:24.000,1.03365,1.03395,4.80,0.30
2007.10.25 10:15:24.334,1.03365,1.03395,4.80,0.30
2007.10.25 10:15:24.666,1.03365,1.03395,4.80,0.30
2007.10.25 10:15:24.809,1.03365,1.03395,4.80,0.30
2007.10.25 10:15:24.952,1.03365,1.0339,4.80,0.30
2007.10.25 10:15:25.094,1.03365,1.0339,4.80,0.30
2007.10.25 10:15:25.236,1.03365,1.0339,4.80,0.60
2007.10.25 10:15:25.379,1.03365,1.0339,8.00,2.90
2007.10.25 10:15:25.522,1.03365,1.0339,4.00,2.90
2007.10.25 10:15:25.665,1.0336,1.0339,4.00,2.90
2007.10.25 10:15:25.998,1.03355,1.0339,4.00,5.80
2007.10.25 10:15:26.332,1.03345,1.0339,8.80,5.80
2007.10.25 10:15:26.665,1.03345,1.0339,8.80,5.20
2007.10.25 10:15:26.997,1.03345,1.0338,4.00,2.80
2007.10.25 10:15:27.215,1.03335,1.03375,4.80,2.80
2007.10.25 10:15:27.434,1.03335,1.03375,4.80,2.80
2007.10.25 10:15:27.575,1.03335,1.03375,2.80,2.80
2007.10.25 10:15:27.651,1.03335,1.03375,4.80,2.80
2007.10.25 10:15:27.869,1.03335,1.03375,4.80,2.80
2007.10.25 10:15:28.156,1.03335,1.03375,4.80,2.80
2007.10.25 10:15:28.443,1.03335,1.03375,4.80,2.80
2007.10.25 10:15:28.731,1.03335,1.03375,4.80,2.80
2007.10.25 10:15:29.019,1.03335,1.03375,4.80,2.80
2007.10.25 10:15:29.337,1.03335,1.03375,4.80,2.80
2007.10.25 10:15:29.655,1.03335,1.03375,4.80,2.80
2007.10.25 10:15:29.973,1.03335,1.03375,4.80,2.80
2007.10.25 10:15:30.110,1.03335,1.03375,4.80,2.80
2007.10.25 10:15:30.248,1.03335,1.03375,4.80,2.80
2007.10.25 10:15:30.385,1.03335,1.03375,4.80,2.80
2007.10.25 10:15:30.523,1.03335,1.03375,4.80,2.80
2007.10.25 10:15:30.661,1.03335,1.03375,4.80,2.80
2007.10.25 10:15:30.798,1.03335,1.03375,4.80,2.80
2007.10.25 10:15:31.051,1.03335,1.0337,4.00,0.30
2007.10.25 10:15:31.304,1.0333,1.03365,6.40,0.30
2007.10.25 10:15:31.557,1.0333,1.03365,2.40,0.30
2007.10.25 10:15:31.810,1.0333,1.03365,2.40,0.30
2007.10.25 10:15:32.022,1.0333,1.03365,2.40,0.30
2007.10.25 10:15:32.234,1.0333,1.03365,2.40,0.30
2007.10.25 10:15:32.447,1.0333,1.03365,2.40,0.30
2007.10.25 10:15:32.661,1.0333,1.03365,2.40,0.30
2007.10.25 10:15:32.873,1.0333,1.03365,2.40,0.30
2007.10.25 10:15:33.085,1.0333,1.03365,2.40,0.30
2007.10.25 10:15:33.298,1.0333,1.03365,2.40,0.30
2007.10.25 10:15:33.511,1.0333,1.03365,2.40,0.30
2007.10.25 10:15:33.725,1.0333,1.03365,2.40,0.30
2007.10.25 10:15:33.938,1.0333,1.03365,2.40,0.30
2007.10.25 10:15:34.266,1.0333,1.03365,2.40,0.30
2007.10.25 10:15:34.593,1.0333,1.03365,2.40,0.30
2007.10.25 10:15:34.921,1.0333,1.03365,2.40,3.10
2007.10.25 10:15:35.249,1.0333,1.0336,2.40,0.60
2007.10.25 10:15:35.407,1.0333,1.0336,2.40,0.60
2007.10.25 10:15:35.565,1.0333,1.0336,2.40,0.60
2007.10.25 10:15:35.722,1.0333,1.0336,2.40,0.60
2007.10.25 10:15:35.880,1.0333,1.0336,2.40,0.60
2007.10.25 10:15:36.094,1.0333,1.0336,2.40,0.60
2007.10.25 10:15:36.401,1.0333,1.0336,2.40,0.60
2007.10.25 10:15:36.709,1.0333,1.0336,2.40,0.60
2007.10.25 10:15:37.016,1.0333,1.0336,2.40,0.60
2007.10.25 10:15:37.184,1.0333,1.0336,2.40,0.60
2007.10.25 10:15:37.351,1.0333,1.0336,2.40,0.60
2007.10.25 10:15:37.519,1.0333,1.0336,2.40,0.60
2007.10.25 10:15:37.688,1.0333,1.0336,2.40,0.60
2007.10.25 10:15:37.854,1.0333,1.0336,2.40,0.60
2007.10.25 10:15:38.022,1.0333,1.0336,2.40,0.60
2007.10.25 10:15:38.189,1.0333,1.0336,2.40,0.60
2007.10.25 10:15:38.458,1.0333,1.0336,2.40,0.60
2007.10.25 10:15:38.725,1.0333,1.0336,2.40,0.60
2007.10.25 10:15:38.992,1.0333,1.0336,2.40,0.60
2007.10.25 10:15:39.260,1.0333,1.0336,2.40,0.60
2007.10.25 10:15:39.592,1.0333,1.0336,2.40,0.60
2007.10.25 10:15:39.924,1.0333,1.0336,2.40,0.60
2007.10.25 10:15:40.257,1.0333,1.0336,2.40,0.60
2007.10.25 10:15:40.410,1.0333,1.0336,2.40,0.60
2007.10.25 10:15:40.563,1.0333,1.0336,2.40,0.60
2007.10.25 10:15:40.717,1.0333,1.0336,2.40,0.60
2007.10.25 10:15:40.870,1.0333,1.0336,2.40,0.60
2007.10.25 10:15:41.022,1.0333,1.0336,2.40,0.60
2007.10.25 10:15:41.176,1.0333,1.0336,2.40,0.60
2007.10.25 10:15:41.473,1.0333,1.0336,2.40,0.60
2007.10.25 10:15:41.771,1.0333,1.0336,2.40,0.60
2007.10.25 10:15:42.069,1.0333,1.0336,2.40,0.30
2007.10.25 10:15:42.368,1.0333,1.03365,2.40,0.30
2007.10.25 10:15:42.536,1.0333,1.03365,2.40,0.30
2007.10.25 10:15:42.704,1.0333,1.03365,2.40,0.30
2007.10.25 10:15:42.872,1.0333,1.03365,2.40,0.30
2007.10.25 10:15:43.039,1.0333,1.03365,2.40,0.30
2007.10.25 10:15:43.206,1.0333,1.03365,2.40,0.30
2007.10.25 10:15:43.373,1.0333,1.03365,2.40,0.30
2007.10.25 10:15:43.677,1.0333,1.03365,2.40,0.30
2007.10.25 10:15:43.979,1.0333,1.03365,2.40,0.30
2007.10.25 10:15:44.283,1.0333,1.03365,2.40,0.30
2007.10.25 10:15:44.581,1.0333,1.03365,2.40,0.30
2007.10.25 10:15:44.879,1.0333,1.03365,2.40,0.30
2007.10.25 10:15:45.177,1.03335,1.03365,2.40,0.30
2007.10.25 10:15:45.476,1.0334,1.03365,2.40,0.30
2007.10.25 10:15:45.729,1.0334,1.03365,2.40,0.30
2007.10.25 10:15:45.982,1.0334,1.03375,2.40,2.80
2007.10.25 10:15:46.234,1.03335,1.03375,14.40,0.30
2007.10.25 10:15:46.489,1.03335,1.03375,8.00,0.30
2007.10.25 10:15:46.777,1.03335,1.0338,8.00,5.20
2007.10.25 10:15:47.066,1.03335,1.0338,8.00,5.20
2007.10.25 10:15:47.354,1.03335,1.0338,8.00,5.20
2007.10.25 10:15:47.641,1.03335,1.03375,4.00,2.80
2007.10.25 10:15:47.900,1.03335,1.03375,4.00,2.80
2007.10.25 10:15:48.157,1.03335,1.03375,4.00,2.80
2007.10.25 10:15:48.415,1.03335,1.03375,4.00,2.80
2007.10.25 10:15:48.628,1.03335,1.03375,4.00,2.80
2007.10.25 10:15:48.841,1.03335,1.03375,4.00,2.80
2007.10.25 10:15:49.053,1.03335,1.03375,4.00,2.80
2007.10.25 10:15:49.266,1.03335,1.03375,4.00,2.80
2007.10.25 10:15:49.478,1.03335,1.03375,4.00,2.80
2007.10.25 10:15:49.811,1.03335,1.03375,4.00,2.80
2007.10.25 10:15:50.144,1.03335,1.03375,4.00,2.80
2007.10.25 10:15:50.477,1.03335,1.03375,4.00,2.80
2007.10.25 10:15:50.693,1.03335,1.03375,4.00,2.80
2007.10.25 10:15:50.911,1.03335,1.03375,4.00,2.80
2007.10.25 10:15:51.129,1.03335,1.03375,4.00,2.80
2007.10.25 10:15:51.347,1.03335,1.03375,4.00,2.80
2007.10.25 10:15:51.564,1.03335,1.03375,4.00,2.80
2007.10.25 10:15:51.887,1.03335,1.03375,4.00,2.80
2007.10.25 10:15:52.210,1.03335,1.0338,8.00,5.20
2007.10.25 10:15:52.533,1.03335,1.0338,8.00,5.20
2007.10.25 10:15:52.756,1.03335,1.03375,4.00,2.80
2007.10.25 10:15:52.979,1.03335,1.03375,4.00,2.80
2007.10.25 10:15:53.202,1.03335,1.03375,4.00,2.80
2007.10.25 10:15:53.425,1.03335,1.03375,4.00,2.80
2007.10.25 10:15:53.648,1.03335,1.0337,4.00,2.80
2007.10.25 10:15:53.932,1.03325,1.0337,8.80,2.80
2007.10.25 10:15:54.216,1.03325,1.0337,8.80,2.80
2007.10.25 10:15:54.507,1.03325,1.03365,4.80,2.80
2007.10.25 10:15:54.789,1.03325,1.03365,0.80,2.80
2007.10.25 10:15:55.122,1.03325,1.03365,0.80,2.80
2007.10.25 10:15:55.455,1.03325,1.0337,4.80,2.80
2007.10.25 10:15:55.789,1.0333,1.0337,2.40,2.80
2007.10.25 10:15:55.967,1.0333,1.0337,2.40,2.80
2007.10.25 10:15:56.146,1.0333,1.03375,6.40,2.80
2007.10.25 10:15:56.324,1.0333,1.03375,4.00,2.80
2007.10.25 10:15:56.503,1.0333,1.03375,4.00,2.80
2007.10.25 10:15:56.681,1.03325,1.0337,8.80,2.80
2007.10.25 10:15:56.959,1.03325,1.0337,8.80,2.80
2007.10.25 10:15:57.236,1.03325,1.0337,8.80,2.80
2007.10.25 10:15:57.514,1.03325,1.0337,8.80,2.80
2007.10.25 10:15:57.791,1.03325,1.0337,8.80,2.80
2007.10.25 10:15:58.009,1.03325,1.0337,8.80,2.80
2007.10.25 10:15:58.227,1.03325,1.0337,8.80,2.80
2007.10.25 10:15:58.445,1.03325,1.0337,8.80,2.80
2007.10.25 10:15:58.660,1.03325,1.0337,8.80,2.80
2007.10.25 10:15:58.983,1.03325,1.0337,8.80,2.80
2007.10.25 10:15:59.306,1.03325,1.0337,8.80,2.80
2007.10.25 10:15:59.629,1.03325,1.0337,8.80,2.80
2007.10.25 10:15:59.952,1.03325,1.0337,8.80,2.80
2007.10.25 10:16:00.109,1.03325,1.0337,8.80,2.80
2007.10.25 10:16:00.267,1.03325,1.0337,8.80,2.80
2007.10.25 10:16:00.425,1.03325,1.0337,8.80,2.80
2007.10.25 10:16:00.644,1.03325,1.0337,8.80,2.80
2007.10.25 10:16:00.802,1.03325,1.0337,8.80,2.80
2007.10.25 10:16:00.960,1.03325,1.0337,8.80,2.80
2007.10.25 10:16:01.227,1.03325,1.0337,8.80,2.80
2007.10.25 10:16:01.494,1.03325,1.0337,8.80,2.80
2007.10.25 10:16:01.762,1.03325,1.0337,8.80,2.80
2007.10.25 10:16:02.029,1.03325,1.0337,8.80,2.80
2007.10.25 10:16:02.252,1.03325,1.03365,8.80,2.80
2007.10.25 10:16:02.476,1.0333,1.03365,2.40,2.80
2007.10.25 10:16:02.698,1.0333,1.03375,6.40,3.60
2007.10.25 10:16:02.921,1.03335,1.03375,4.00,3.60
2007.10.25 10:16:03.144,1.03335,1.03375,4.00,3.60
2007.10.25 10:16:03.406,1.03335,1.03375,4.00,3.60
2007.10.25 10:16:03.670,1.03335,1.03375,4.00,2.80
2007.10.25 10:16:03.932,1.03335,1.03375,4.00,2.80
2007.10.25 10:16:04.195,1.03335,1.03375,4.00,2.80
2007.10.25 10:16:04.528,1.03335,1.03375,4.00,2.80
2007.10.25 10:16:04.861,1.03335,1.03375,4.00,2.80
2007.10.25 10:16:05.194,1.03335,1.03375,4.00,2.80
2007.10.25 10:16:05.417,1.03335,1.03375,4.00,2.80
2007.10.25 10:16:05.638,1.03335,1.03375,4.00,2.80
2007.10.25 10:16:05.860,1.03335,1.03375,4.00,2.80
2007.10.25 10:16:06.083,1.03335,1.0338,8.00,5.20
2007.10.25 10:16:06.381,1.03335,1.0338,8.00,5.20
2007.10.25 10:16:06.779,1.03335,1.03375,4.00,2.80
2007.10.25 10:16:07.077,1.03335,1.03375,4.00,2.80
2007.10.25 10:16:07.284,1.03335,1.03375,4.00,2.80
2007.10.25 10:16:07.492,1.03335,1.03375,4.00,2.80
2007.10.25 10:16:07.700,1.03335,1.03375,4.00,2.80
2007.10.25 10:16:07.906,1.03335,1.03375,4.00,2.80
2007.10.25 10:16:08.114,1.03335,1.03375,4.00,2.80
2007.10.25 10:16:08.442,1.03335,1.03375,4.00,2.80
2007.10.25 10:16:08.770,1.03335,1.03375,4.00,2.80
2007.10.25 10:16:09.098,1.03335,1.0338,8.00,5.20
2007.10.25 10:16:09.426,1.03335,1.03375,4.00,2.80
2007.10.25 10:16:09.758,1.03335,1.03375,4.00,2.80
2007.10.25 10:16:10.091,1.03335,1.03375,4.00,2.80
2007.10.25 10:16:10.422,1.03335,1.03375,4.00,2.80
2007.10.25 10:16:10.630,1.03335,1.03375,4.00,2.80
2007.10.25 10:16:10.838,1.03335,1.03375,4.00,2.80
2007.10.25 10:16:11.047,1.03335,1.0337,4.00,2.40
2007.10.25 10:16:11.256,1.03335,1.0337,4.00,2.60
2007.10.25 10:16:11.518,1.0333,1.03365,6.40,0.30
2007.10.25 10:16:11.781,1.0333,1.03365,2.40,0.30
2007.10.25 10:16:12.044,1.0333,1.03365,2.40,0.30
2007.10.25 10:16:12.307,1.0333,1.03365,2.40,0.30
2007.10.25 10:16:12.527,1.0333,1.03365,2.40,0.30
2007.10.25 10:16:12.745,1.0333,1.03365,2.40,0.30
2007.10.25 10:16:12.962,1.0333,1.03365,2.40,0.30
2007.10.25 10:16:13.180,1.0333,1.03365,2.40,0.30
2007.10.25 10:16:13.399,1.0333,1.03365,2.40,0.30
2007.10.25 10:16:13.661,1.0333,1.03365,2.40,0.30
2007.10.25 10:16:13.924,1.0333,1.03365,2.40,0.30
2007.10.25 10:16:14.186,1.0333,1.03365,2.40,0.30
2007.10.25 10:16:14.448,1.0333,1.03365,2.40,0.30
2007.10.25 10:16:14.781,1.0333,1.03365,6.40,0.30
2007.10.25 10:16:15.114,1.0333,1.03365,6.40,0.30
2007.10.25 10:16:15.447,1.0333,1.03365,2.40,0.30
2007.10.25 10:16:15.654,1.0333,1.03365,2.40,0.30
2007.10.25 10:16:15.861,1.0333,1.03365,2.40,0.30
2007.10.25 10:16:16.068,1.0333,1.03365,2.40,0.30
2007.10.25 10:16:16.275,1.0333,1.03365,2.40,0.30
2007.10.25 10:16:16.498,1.0333,1.03365,2.40,0.30
2007.10.25 10:16:16.721,1.0333,1.03365,2.40,0.30
2007.10.25 10:16:16.944,1.0333,1.03365,2.40,3.10
2007.10.25 10:16:17.166,1.0333,1.03365,2.40,3.10
2007.10.25 10:16:17.388,1.0333,1.03365,2.40,0.30
2007.10.25 10:16:17.605,1.0333,1.03365,2.40,0.30
2007.10.25 10:16:17.823,1.0333,1.03365,2.40,0.30
2007.10.25 10:16:18.041,1.0333,1.03365,2.40,0.30
2007.10.25 10:16:18.259,1.0333,1.03365,2.40,3.10
2007.10.25 10:16:18.477,1.0333,1.03365,2.40,3.10
2007.10.25 10:16:18.720,1.0333,1.03365,2.40,3.10
2007.10.25 10:16:19.064,1.0333,1.03365,2.40,3.10
2007.10.25 10:16:19.309,1.0333,1.03365,2.40,0.30
2007.10.25 10:16:19.552,1.0333,1.03365,2.40,0.30
2007.10.25 10:16:19.885,1.0333,1.03365,2.40,0.60
2007.10.25 10:16:19.925,1.03325,1.03365,15.20,0.60
2007.10.25 10:16:20.220,1.0333,1.03365,2.40,3.50
2007.10.25 10:16:20.551,1.0333,1.03365,2.40,3.50
2007.10.25 10:16:20.714,1.0333,1.03365,2.40,0.60
2007.10.25 10:16:20.877,1.0333,1.03365,2.40,0.60
2007.10.25 10:16:21.040,1.0333,1.03365,2.40,0.60
2007.10.25 10:16:21.203,1.0333,1.03365,2.40,0.60
2007.10.25 10:16:21.367,1.0333,1.03365,2.40,0.60
2007.10.25 10:16:21.528,1.0333,1.03365,2.40,0.60
2007.10.25 10:16:21.791,1.0333,1.03365,2.40,0.60
2007.10.25 10:16:22.054,1.0333,1.03365,2.40,3.50
2007.10.25 10:16:22.316,1.0333,1.03365,2.40,3.50
2007.10.25 10:16:22.579,1.0333,1.03365,2.40,0.60
2007.10.25 10:16:22.762,1.0333,1.03365,2.40,0.60
2007.10.25 10:16:22.944,1.0333,1.03365,2.40,0.60
2007.10.25 10:16:23.128,1.0333,1.03365,2.40,0.60
2007.10.25 10:16:23.310,1.0333,1.03365,2.40,0.60
2007.10.25 10:16:23.492,1.0333,1.03365,2.40,0.60
2007.10.25 10:16:23.675,1.0333,1.03365,2.40,3.50
2007.10.25 10:16:23.938,1.0333,1.03365,2.40,3.50
2007.10.25 10:16:24.201,1.0333,1.03365,2.40,0.60
2007.10.25 10:16:24.464,1.0333,1.03365,2.40,0.60
2007.10.25 10:16:24.727,1.0333,1.03365,2.40,0.60
2007.10.25 10:16:25.040,1.0333,1.03365,2.40,0.60
2007.10.25 10:16:25.352,1.0333,1.03365,2.40,3.50
2007.10.25 10:16:25.665,1.0333,1.03365,2.40,3.50
2007.10.25 10:16:25.807,1.0333,1.03365,2.40,3.50
2007.10.25 10:16:25.950,1.0333,1.03365,2.40,3.50
2007.10.25 10:16:26.093,1.0333,1.03365,2.40,0.60
2007.10.25 10:16:26.236,1.0333,1.03365,2.40,0.60
2007.10.25 10:16:26.378,1.0333,1.03365,2.40,0.60
2007.10.25 10:16:26.521,1.0333,1.03365,2.40,0.60
2007.10.25 10:16:26.663,1.0333,1.03365,2.40,3.50
2007.10.25 10:16:26.990,1.0333,1.03365,2.40,3.50
2007.10.25 10:16:27.318,1.0333,1.03365,2.40,3.50
2007.10.25 10:16:27.647,1.0333,1.03365,2.40,0.60
2007.10.25 10:16:27.975,1.0333,1.03365,2.40,0.60
2007.10.25 10:16:28.137,1.0333,1.03365,2.40,0.60
2007.10.25 10:16:28.300,1.0333,1.03365,2.40,0.60
2007.10.25 10:16:28.463,1.0333,1.03365,2.40,0.60
2007.10.25 10:16:28.626,1.0333,1.03365,2.40,0.60
2007.10.25 10:16:28.788,1.0333,1.03365,2.40,3.50
2007.10.25 10:16:29.121,1.0333,1.03365,2.40,3.50
2007.10.25 10:16:29.453,1.0333,1.03365,2.40,3.50
2007.10.25 10:16:29.786,1.0333,1.03365,2.40,0.60
2007.10.25 10:16:29.924,1.0333,1.03365,2.40,0.60
2007.10.25 10:16:30.062,1.0333,1.03365,2.40,0.60
2007.10.25 10:16:30.199,1.0333,1.03365,2.40,0.60
2007.10.25 10:16:30.337,1.0333,1.03365,2.40,0.60
2007.10.25 10:16:30.474,1.0333,1.03365,2.40,0.60
2007.10.25 10:16:30.612,1.0333,1.03365,2.40,0.60
2007.10.25 10:16:30.749,1.0333,1.03365,2.40,3.50
2007.10.25 10:16:30.887,1.0333,1.03365,2.40,3.50
2007.10.25 10:16:31.205,1.0333,1.03365,2.40,0.60
2007.10.25 10:16:31.522,1.0333,1.03365,2.40,0.60
2007.10.25 10:16:31.839,1.0333,1.03365,2.40,0.60
2007.10.25 10:16:32.002,1.0333,1.03365,2.40,0.60
2007.10.25 10:16:32.164,1.0333,1.03365,2.40,0.60
2007.10.25 10:16:32.327,1.0333,1.03365,2.40,0.60
2007.10.25 10:16:32.490,1.0333,1.03365,2.40,0.60
2007.10.25 10:16:32.652,1.0333,1.03365,2.40,0.60
2007.10.25 10:16:32.815,1.0333,1.03365,2.40,0.60
2007.10.25 10:16:32.977,1.0333,1.03365,2.40,0.60
2007.10.25 10:16:33.226,1.0333,1.03365,2.40,0.60
2007.10.25 10:16:33.474,1.0333,1.03365,2.40,0.60
2007.10.25 10:16:33.721,1.0333,1.03365,2.40,0.60
2007.10.25 10:16:33.968,1.0333,1.03365,2.40,0.60
2007.10.25 10:16:34.295,1.0333,1.03365,2.40,0.60
2007.10.25 10:16:34.622,1.0333,1.03365,2.40,0.60
2007.10.25 10:16:34.951,1.0333,1.03365,2.40,0.60
2007.10.25 10:16:35.093,1.0333,1.03365,2.40,0.60
2007.10.25 10:16:35.235,1.0333,1.03365,2.40,0.60
2007.10.25 10:16:35.378,1.0333,1.03365,2.40,0.60
2007.10.25 10:16:35.520,1.0333,1.03365,2.40,0.60
2007.10.25 10:16:35.663,1.0333,1.03365,2.40,0.60
2007.10.25 10:16:35.806,1.0333,1.03365,2.40,0.60
2007.10.25 10:16:35.948,1.0333,1.03365,2.40,0.60
2007.10.25 10:16:36.195,1.0333,1.03365,2.40,0.60
2007.10.25 10:16:36.443,1.0333,1.03365,2.40,0.60
2007.10.25 10:16:36.691,1.0333,1.03365,2.40,0.60
2007.10.25 10:16:36.940,1.0333,1.03365,2.40,0.60
2007.10.25 10:16:37.142,1.0333,1.03365,2.40,0.60
2007.10.25 10:16:37.344,1.0333,1.03365,2.40,0.60
2007.10.25 10:16:37.546,1.0333,1.03365,2.40,0.60
2007.10.25 10:16:37.749,1.0333,1.03365,2.40,0.60
2007.10.25 10:16:37.951,1.0333,1.03365,2.40,0.60
2007.10.25 10:16:38.209,1.0333,1.03365,2.40,0.60
2007.10.25 10:16:38.466,1.0333,1.03365,2.40,0.60
2007.10.25 10:16:38.723,1.0333,1.03365,2.40,0.60
2007.10.25 10:16:38.980,1.0333,1.03365,2.40,0.60
2007.10.25 10:16:39.312,1.0333,1.03365,2.40,0.60
2007.10.25 10:16:39.645,1.0333,1.03365,2.40,0.60
2007.10.25 10:16:39.977,1.0333,1.03365,2.40,0.60
2007.10.25 10:16:40.166,1.0333,1.03365,2.40,0.60
2007.10.25 10:16:40.353,1.0333,1.03365,2.40,0.60
2007.10.25 10:16:40.540,1.0333,1.03365,2.40,0.60
2007.10.25 10:16:40.728,1.0333,1.03365,2.40,0.60
2007.10.25 10:16:40.915,1.0333,1.03365,2.40,0.60
2007.10.25 10:16:41.102,1.0333,1.03365,2.40,0.60
2007.10.25 10:16:41.396,1.0333,1.03365,2.40,0.60
2007.10.25 10:16:41.689,1.0333,1.03365,2.40,0.60
2007.10.25 10:16:41.981,1.0333,1.03365,2.40,0.60
2007.10.25 10:16:42.144,1.0333,1.03365,2.40,0.60
2007.10.25 10:16:42.307,1.0333,1.03365,2.40,0.60
2007.10.25 10:16:42.469,1.0333,1.03365,2.40,0.60
2007.10.25 10:16:42.632,1.0333,1.03365,2.40,0.60
2007.10.25 10:16:42.794,1.0333,1.03365,2.40,0.60
2007.10.25 10:16:42.957,1.0333,1.03365,2.40,0.60
2007.10.25 10:16:43.120,1.0333,1.03365,2.40,0.60
2007.10.25 10:16:43.407,1.0333,1.03365,2.40,0.60
2007.10.25 10:16:43.695,1.0333,1.03365,2.40,0.60
2007.10.25 10:16:43.983,1.0333,1.03365,2.40,0.60
2007.10.25 10:16:44.315,1.0333,1.03365,2.40,0.60
2007.10.25 10:16:44.648,1.0333,1.03365,2.40,0.60
2007.10.25 10:16:44.981,1.0333,1.03365,2.40,0.60
2007.10.25 10:16:45.114,1.0333,1.03365,2.40,0.60
2007.10.25 10:16:45.247,1.0333,1.03365,2.40,0.60
2007.10.25 10:16:45.380,1.0333,1.03365,2.40,0.60
2007.10.25 10:16:45.512,1.0333,1.03365,2.40,0.60
2007.10.25 10:16:45.645,1.0333,1.03365,2.40,0.60
2007.10.25 10:16:45.778,1.0333,1.03365,2.40,0.60
2007.10.25 10:16:45.911,1.0334,1.0337,0.80,5.20
2007.10.25 10:16:46.045,1.0334,1.0337,0.80,5.20
2007.10.25 10:16:46.347,1.0334,1.0337,1.60,5.20
2007.10.25 10:16:46.650,1.0334,1.0337,1.60,5.20
2007.10.25 10:16:46.951,1.0334,1.0337,1.60,5.20
2007.10.25 10:16:47.255,1.0334,1.0337,1.60,5.20
2007.10.25 10:16:47.472,1.0334,1.0337,1.60,5.20
2007.10.25 10:16:47.690,1.0334,1.0337,1.60,5.20
2007.10.25 10:16:47.907,1.0334,1.0337,1.60,5.20
2007.10.25 10:16:47.979,1.0334,1.0337,1.20,5.20
2007.10.25 10:16:48.125,1.0334,1.0337,0.90,5.20
2007.10.25 10:16:48.363,1.0334,1.0337,0.90,5.20
2007.10.25 10:16:48.600,1.03335,1.0337,2.40,5.20
2007.10.25 10:16:48.838,1.0334,1.0337,1.00,2.40
2007.10.25 10:16:49.076,1.03335,1.0337,2.40,2.40
2007.10.25 10:16:49.410,1.03335,1.0337,2.40,2.40
2007.10.25 10:16:49.773,1.0334,1.0337,1.20,2.40
2007.10.25 10:16:50.108,1.03335,1.0337,2.40,2.40
2007.10.25 10:16:50.291,1.0334,1.0337,0.50,2.40
2007.10.25 10:16:50.477,1.03335,1.0337,2.40,2.40
2007.10.25 10:16:50.660,1.03335,1.0337,2.40,2.40
2007.10.25 10:16:50.844,1.03335,1.0337,2.40,2.40
2007.10.25 10:16:51.029,1.03335,1.0337,2.40,2.40
2007.10.25 10:16:51.211,1.03335,1.0337,6.40,2.40
2007.10.25 10:16:51.544,1.0334,1.0337,0.90,2.40
2007.10.25 10:16:51.876,1.03335,1.0337,6.40,2.40
2007.10.25 10:16:52.210,1.0334,1.0337,1.10,2.40
2007.10.25 10:16:52.435,1.03335,1.0337,2.40,2.40
2007.10.25 10:16:52.658,1.03335,1.0337,2.40,2.40
2007.10.25 10:16:52.881,1.03335,1.0337,2.40,5.20
2007.10.25 10:16:53.103,1.0334,1.0337,0.60,5.20
2007.10.25 10:16:53.326,1.0334,1.0337,0.50,5.20
2007.10.25 10:16:53.614,1.03335,1.0337,2.40,5.20
2007.10.25 10:16:53.900,1.03335,1.0337,2.40,5.20
2007.10.25 10:16:54.188,1.0334,1.0337,0.50,5.20
2007.10.25 10:16:54.475,1.03335,1.0337,2.40,5.20
2007.10.25 10:16:54.793,1.0334,1.0337,1.10,5.20
2007.10.25 10:16:55.111,1.03335,1.0337,2.40,5.20
2007.10.25 10:16:55.428,1.03335,1.0337,2.40,5.20
2007.10.25 10:16:55.576,1.03335,1.0337,2.40,5.20
2007.10.25 10:16:55.724,1.0334,1.0337,0.80,5.20
2007.10.25 10:16:55.907,1.03335,1.0337,2.40,5.20
2007.10.25 10:16:56.055,1.0334,1.0337,0.70,2.40
2007.10.25 10:16:56.208,1.03335,1.0337,6.40,2.40
2007.10.25 10:16:56.356,1.0334,1.0337,1.10,2.40
2007.10.25 10:16:56.505,1.0334,1.0337,0.60,2.40
2007.10.25 10:16:56.839,1.03335,1.0337,2.40,5.20
2007.10.25 10:16:57.172,1.0334,1.0337,0.90,2.40
2007.10.25 10:16:57.507,1.03335,1.0337,2.40,5.20
2007.10.25 10:16:57.695,1.03335,1.0337,2.40,5.20
2007.10.25 10:16:57.883,1.0334,1.0337,0.60,5.20
2007.10.25 10:16:58.071,1.0334,1.0337,1.00,5.20
2007.10.25 10:16:58.259,1.03335,1.0337,2.40,5.20
2007.10.25 10:16:58.448,1.0334,1.0337,1.20,5.20
2007.10.25 10:16:58.638,1.03335,1.0337,2.40,2.40
2007.10.25 10:16:58.919,1.0334,1.0337,1.20,2.40
2007.10.25 10:16:59.202,1.03335,1.0337,2.40,2.40
2007.10.25 10:16:59.485,1.03335,1.0337,2.40,2.40
2007.10.25 10:16:59.768,1.03335,1.0337,2.40,2.40
2007.10.25 10:17:00.101,1.03335,1.0337,2.40,5.20
2007.10.25 10:17:00.433,1.0334,1.0337,1.20,5.20
2007.10.25 10:17:00.765,1.03335,1.0337,2.40,5.20
2007.10.25 10:17:00.937,1.03335,1.0337,2.40,5.20
2007.10.25 10:17:01.110,1.03335,1.0337,2.40,5.20
2007.10.25 10:17:01.282,1.0334,1.0337,0.60,5.20
2007.10.25 10:17:01.456,1.0334,1.0337,0.90,5.20
2007.10.25 10:17:01.628,1.03335,1.0337,2.40,5.20
2007.10.25 10:17:01.801,1.0334,1.0337,0.90,5.20
2007.10.25 10:17:02.118,1.0334,1.0337,0.50,5.20
2007.10.25 10:17:02.436,1.03335,1.0337,2.40,5.20
2007.10.25 10:17:02.754,1.0334,1.0337,0.50,5.20
2007.10.25 10:17:02.957,1.0334,1.0337,1.20,5.20
2007.10.25 10:17:03.159,1.03335,1.0337,2.40,5.20
2007.10.25 10:17:03.362,1.0334,1.0337,0.70,5.20
2007.10.25 10:17:03.565,1.03335,1.0337,2.40,5.20
2007.10.25 10:17:03.769,1.03335,1.0337,2.40,5.20
2007.10.25 10:17:04.102,1.03335,1.0337,2.40,5.20
2007.10.25 10:17:04.436,1.0334,1.0337,0.80,5.20
2007.10.25 10:17:04.768,1.03335,1.0337,2.40,5.20
2007.10.25 10:17:04.925,1.03335,1.0337,2.40,5.20
2007.10.25 10:17:05.082,1.0334,1.0337,0.70,5.20
2007.10.25 10:17:05.239,1.0334,1.0337,0.90,5.20
2007.10.25 10:17:05.397,1.0334,1.0337,0.50,5.20
2007.10.25 10:17:05.555,1.03335,1.0337,2.40,5.20
2007.10.25 10:17:05.713,1.03335,1.0337,2.40,5.20
2007.10.25 10:17:05.870,1.0334,1.0337,1.10,5.20
2007.10.25 10:17:06.203,1.0334,1.0337,1.00,2.40
2007.10.25 10:17:06.536,1.03335,1.0337,3.20,2.40
2007.10.25 10:17:06.868,1.0334,1.03365,0.80,4.00
2007.10.25 10:17:07.092,1.03335,1.03365,0.80,4.00
2007.10.25 10:17:07.313,1.03335,1.03365,0.70,4.00
2007.10.25 10:17:07.536,1.0333,1.03365,4.80,6.80
2007.10.25 10:17:07.758,1.03335,1.03365,1.00,6.80
2007.10.25 10:17:07.980,1.0333,1.03365,4.80,6.80
2007.10.25 10:17:08.273,1.0333,1.03365,4.80,6.80
2007.10.25 10:17:08.565,1.0333,1.03365,4.80,6.80
2007.10.25 10:17:08.858,1.0333,1.03365,4.80,6.80
2007.10.25 10:17:09.156,1.0333,1.03365,21.50,6.80
2007.10.25 10:17:09.454,1.03335,1.0337,27.10,5.20
2007.10.25 10:17:09.753,1.03335,1.0337,27.10,5.20
2007.10.25 10:17:10.050,1.0334,1.0337,0.80,5.20
2007.10.25 10:17:10.333,1.03335,1.0337,27.10,5.20
2007.10.25 10:17:10.615,1.03335,1.0337,27.10,2.40
2007.10.25 10:17:10.898,1.0334,1.0337,0.60,5.20
2007.10.25 10:17:11.121,1.0334,1.0337,1.00,5.20
2007.10.25 10:17:11.343,1.0334,1.0337,0.60,5.20
2007.10.25 10:17:11.565,1.03335,1.0337,27.10,5.20
2007.10.25 10:17:11.788,1.0334,1.0337,1.20,5.20
2007.10.25 10:17:12.011,1.0334,1.0337,1.20,5.20
2007.10.25 10:17:12.258,1.03335,1.0337,27.10,5.20
2007.10.25 10:17:12.506,1.03335,1.0337,27.10,5.20
2007.10.25 10:17:12.754,1.03335,1.0337,27.10,5.20
2007.10.25 10:17:13.002,1.03335,1.0337,27.10,5.20
2007.10.25 10:17:13.199,1.03335,1.0337,27.10,5.20
2007.10.25 10:17:13.397,1.0334,1.0337,0.80,5.20
2007.10.25 10:17:13.594,1.0334,1.0337,0.60,5.20
2007.10.25 10:17:13.792,1.03335,1.0337,27.10,5.20
2007.10.25 10:17:13.990,1.0334,1.0337,1.10,5.20
2007.10.25 10:17:14.314,1.0334,1.0337,0.50,5.20
2007.10.25 10:17:14.521,1.03335,1.0337,29.50,2.80
2007.10.25 10:17:14.855,1.03335,1.0337,29.50,2.80
2007.10.25 10:17:15.188,1.0334,1.0337,2.10,2.80
2007.10.25 10:17:15.356,1.03335,1.0337,29.50,2.80
2007.10.25 10:17:15.524,1.0334,1.0337,2.30,2.80
2007.10.25 10:17:15.691,1.03335,1.0337,29.50,2.80
2007.10.25 10:17:15.859,1.03335,1.0337,29.50,2.80
2007.10.25 10:17:16.026,1.03335,1.0337,29.50,2.80
2007.10.25 10:17:16.298,1.03335,1.0337,29.50,2.80
2007.10.25 10:17:16.571,1.03335,1.0337,29.50,2.80
2007.10.25 10:17:16.844,1.03335,1.0337,29.50,2.80
2007.10.25 10:17:17.117,1.0334,1.0337,23.90,2.80
2007.10.25 10:17:17.315,1.03345,1.0337,30.30,2.80
2007.10.25 10:17:17.513,1.03355,1.0338,0.80,5.20
2007.10.25 10:17:17.710,1.0335,1.0338,1.60,5.20
2007.10.25 10:17:17.908,1.03355,1.0338,0.80,5.20
2007.10.25 10:17:18.106,1.0334,1.03375,8.80,2.80
2007.10.25 10:17:18.400,1.0335,1.0338,1.60,5.20
2007.10.25 10:17:18.694,1.03355,1.0338,0.80,5.20
2007.10.25 10:17:18.987,1.0334,1.03375,4.80,2.80
2007.10.25 10:17:19.280,1.03345,1.03375,0.70,2.80
2007.10.25 10:17:19.588,1.03355,1.03375,2.70,2.80
2007.10.25 10:17:19.896,1.03355,1.03385,26.30,4.00
2007.10.25 10:17:20.204,1.03365,1.0339,0.80,2.40
2007.10.25 10:17:20.459,1.0336,1.0339,1.60,2.40
2007.10.25 10:17:20.632,1.03365,1.0339,0.80,2.40
2007.10.25 10:17:20.806,1.03355,1.03385,4.80,2.80
2007.10.25 10:17:20.980,1.0334,1.03385,15.20,2.80
2007.10.25 10:17:21.153,1.0334,1.0338,15.20,2.40
2007.10.25 10:17:21.396,1.03345,1.03375,1.70,2.80
2007.10.25 10:17:21.642,1.0334,1.03375,8.00,2.80
2007.10.25 10:17:21.885,1.03355,1.0338,0.80,5.20
2007.10.25 10:17:22.129,1.03355,1.0338,0.80,5.20
2007.10.25 10:17:22.375,1.0335,1.0338,1.60,5.20
2007.10.25 10:17:22.623,1.0335,1.0338,1.60,5.20
2007.10.25 10:17:22.871,1.03355,1.0338,0.80,5.20
2007.10.25 10:17:23.119,1.03355,1.0338,0.80,5.20
2007.10.25 10:17:23.367,1.0335,1.0338,1.60,5.20
2007.10.25 10:17:23.605,1.0335,1.0338,1.60,5.20
2007.10.25 10:17:23.844,1.03355,1.03385,2.40,2.80
2007.10.25 10:17:24.082,1.0336,1.03385,0.70,2.80
2007.10.25 10:17:24.321,1.03355,1.0339,10.40,2.40
2007.10.25 10:17:24.633,1.03355,1.0339,14.40,2.40
2007.10.25 10:17:24.946,1.03355,1.0339,14.40,2.40
2007.10.25 10:17:25.259,1.03355,1.0339,14.40,2.40
2007.10.25 10:17:25.572,1.03355,1.0339,14.40,2.40
2007.10.25 10:17:25.755,1.0336,1.0339,1.20,2.40
2007.10.25 10:17:25.938,1.0336,1.0339,0.80,2.40
2007.10.25 10:17:26.121,1.0336,1.0339,0.50,2.40
2007.10.25 10:17:26.302,1.0336,1.0339,1.20,2.40
2007.10.25 10:17:26.592,1.03355,1.0339,14.40,2.40
2007.10.25 10:17:26.795,1.0336,1.0339,0.50,2.40
2007.10.25 10:17:26.996,1.0336,1.0339,0.60,2.40
2007.10.25 10:17:27.198,1.03355,1.0339,14.40,2.40
2007.10.25 10:17:27.401,1.03355,1.0339,14.40,2.40
2007.10.25 10:17:27.603,1.0336,1.0339,0.80,2.40
2007.10.25 10:17:27.812,1.03355,1.0339,14.40,2.40
2007.10.25 10:17:28.020,1.03355,1.0339,14.40,2.40
2007.10.25 10:17:28.227,1.03355,1.0339,14.40,2.40
2007.10.25 10:17:28.436,1.03355,1.0339,14.40,2.40
2007.10.25 10:17:28.642,1.0336,1.0339,0.80,2.40
2007.10.25 10:17:28.975,1.03355,1.0339,14.40,2.40
2007.10.25 10:17:29.308,1.03365,1.03395,1.70,2.80
2007.10.25 10:17:29.641,1.03365,1.03395,0.50,2.80
2007.10.25 10:17:29.829,1.03365,1.034,4.80,5.20
2007.10.25 10:17:30.018,1.03365,1.034,6.40,5.20
2007.10.25 10:17:30.206,1.0337,1.034,0.80,5.20
2007.10.25 10:17:30.393,1.03365,1.034,6.40,5.20
2007.10.25 10:17:30.581,1.03365,1.034,6.40,5.20
2007.10.25 10:17:30.769,1.0337,1.034,0.60,5.20
2007.10.25 10:17:31.047,1.03365,1.034,6.40,5.20
2007.10.25 10:17:31.325,1.03365,1.034,10.40,2.40
2007.10.25 10:17:31.602,1.0337,1.034,1.60,2.40
2007.10.25 10:17:31.880,1.0337,1.034,1.60,2.40
2007.10.25 10:17:32.078,1.0337,1.034,1.60,2.40
2007.10.25 10:17:32.277,1.03375,1.034,0.80,2.40
2007.10.25 10:17:32.475,1.03375,1.034,0.80,2.40
2007.10.25 10:17:32.739,1.0337,1.03395,0.80,2.80
2007.10.25 10:17:32.942,1.03365,1.03395,6.40,2.80
2007.10.25 10:17:33.250,1.03365,1.03405,8.80,2.80
2007.10.25 10:17:33.558,1.03365,1.03405,20.80,2.80
2007.10.25 10:17:33.864,1.03355,1.03405,16.80,2.80
2007.10.25 10:17:34.173,1.03365,1.034,10.40,2.80
2007.10.25 10:17:34.506,1.0337,1.03405,4.00,2.80
2007.10.25 10:17:34.839,1.03375,1.03405,0.80,2.80
2007.10.25 10:17:35.171,1.0337,1.03405,4.00,2.80
2007.10.25 10:17:35.404,1.0337,1.03405,4.00,2.80
2007.10.25 10:17:35.637,1.0337,1.03405,4.00,2.80
2007.10.25 10:17:35.870,1.0337,1.03405,4.00,2.80
2007.10.25 10:17:36.102,1.0337,1.03405,4.00,2.80
2007.10.25 10:17:36.360,1.0337,1.03405,12.00,2.80
2007.10.25 10:17:36.618,1.03375,1.03415,11.20,6.80
2007.10.25 10:17:36.877,1.03375,1.03415,11.20,6.80
2007.10.25 10:17:37.134,1.03375,1.03415,11.20,6.80
2007.10.25 10:17:37.381,1.03375,1.03415,11.20,6.80
2007.10.25 10:17:37.629,1.0338,1.03415,0.80,6.80
2007.10.25 10:17:37.878,1.0338,1.03415,1.00,6.80
2007.10.25 10:17:38.125,1.0338,1.03415,2.40,6.80
2007.10.25 10:17:38.347,1.0338,1.03415,2.40,6.80
2007.10.25 10:17:38.571,1.0338,1.0341,2.40,2.80
2007.10.25 10:17:38.867,1.0338,1.0341,2.40,2.80
2007.10.25 10:17:39.092,1.03375,1.0341,8.80,2.80
2007.10.25 10:17:39.315,1.03375,1.0341,0.80,5.20
2007.10.25 10:17:39.648,1.03375,1.03405,0.80,2.80
2007.10.25 10:17:39.982,1.03375,1.03405,0.80,2.80
2007.10.25 10:17:40.317,1.03385,1.03415,0.80,10.80
2007.10.25 10:17:40.479,1.03385,1.03415,0.80,10.80
2007.10.25 10:17:40.641,1.03385,1.03415,0.80,6.80
2007.10.25 10:17:40.804,1.03385,1.03415,0.80,6.80
2007.10.25 10:17:40.966,1.03385,1.03415,0.80,6.80
2007.10.25 10:17:41.130,1.03385,1.03415,0.80,7.60
2007.10.25 10:17:41.293,1.03385,1.03415,0.80,7.60
2007.10.25 10:17:41.606,1.03375,1.03405,0.80,2.80
2007.10.25 10:17:41.919,1.03375,1.03405,0.80,2.80
2007.10.25 10:17:42.232,1.03375,1.03405,0.80,2.80
2007.10.25 10:17:42.545,1.03375,1.03405,0.80,2.80
2007.10.25 10:17:42.743,1.03375,1.03405,0.80,2.80
2007.10.25 10:17:42.940,1.03375,1.03405,0.80,2.80
2007.10.25 10:17:43.140,1.03375,1.03405,0.80,2.80
2007.10.25 10:17:43.337,1.03375,1.03405,0.80,2.80
2007.10.25 10:17:43.536,1.03375,1.03405,0.80,2.80
2007.10.25 10:17:43.764,1.03375,1.0341,0.80,2.40
2007.10.25 10:17:43.993,1.03375,1.0341,0.80,5.20
2007.10.25 10:17:44.221,1.03375,1.0341,0.80,5.20
2007.10.25 10:17:44.452,1.03375,1.0341,0.80,5.20
2007.10.25 10:17:44.681,1.03375,1.0341,0.80,5.20
2007.10.25 10:17:45.014,1.03375,1.0341,0.80,5.20
2007.10.25 10:17:45.347,1.03375,1.034,1.60,2.40
2007.10.25 10:17:45.679,1.03375,1.034,1.60,2.40
2007.10.25 10:17:45.831,1.03375,1.034,1.60,2.40
2007.10.25 10:17:45.984,1.03375,1.034,1.60,2.40
2007.10.25 10:17:46.136,1.03375,1.034,1.60,2.40
2007.10.25 10:17:46.289,1.03375,1.034,1.60,2.40
2007.10.25 10:17:46.443,1.03375,1.034,1.60,2.40
2007.10.25 10:17:46.596,1.03375,1.034,1.60,2.40
2007.10.25 10:17:46.930,1.03375,1.0341,0.80,5.20
2007.10.25 10:17:47.262,1.0337,1.0341,8.00,5.20
2007.10.25 10:17:47.594,1.0337,1.0341,4.00,5.20
2007.10.25 10:17:47.776,1.0337,1.0341,4.00,5.20
2007.10.25 10:17:47.959,1.0337,1.03405,4.00,2.80
2007.10.25 10:17:48.141,1.0337,1.03405,4.00,2.80
2007.10.25 10:17:48.324,1.03375,1.03405,4.00,2.80
2007.10.25 10:17:48.507,1.03375,1.0341,4.00,5.20
2007.10.25 10:17:48.690,1.03375,1.0341,4.00,5.20
2007.10.25 10:17:49.022,1.03375,1.0341,4.00,5.20
2007.10.25 10:17:49.355,1.03375,1.0341,4.00,5.20
2007.10.25 10:17:49.688,1.03375,1.0341,4.00,5.20
2007.10.25 10:17:49.850,1.03375,1.0341,4.00,5.20
2007.10.25 10:17:50.014,1.03375,1.0341,4.00,5.20
2007.10.25 10:17:50.176,1.03375,1.0341,4.00,5.20
2007.10.25 10:17:50.338,1.03375,1.0341,4.00,5.20
2007.10.25 10:17:50.502,1.03375,1.0341,4.00,5.20
2007.10.25 10:17:50.665,1.03375,1.0341,4.00,5.20
2007.10.25 10:17:50.829,1.0337,1.03405,4.00,8.00
2007.10.25 10:17:51.142,1.0337,1.03405,4.00,10.80
2007.10.25 10:17:51.392,1.0337,1.03405,4.00,6.80
2007.10.25 10:17:51.640,1.0337,1.03405,4.00,6.80
2007.10.25 10:17:51.887,1.0337,1.03405,4.00,6.80
2007.10.25 10:17:52.106,1.0337,1.03405,4.00,6.80
2007.10.25 10:17:52.323,1.0337,1.03405,4.00,6.80
2007.10.25 10:17:52.541,1.0337,1.03405,4.00,6.80
2007.10.25 10:17:52.759,1.0337,1.034,1.60,2.40
2007.10.25 10:17:52.977,1.0337,1.03395,1.60,2.80
2007.10.25 10:17:53.235,1.0337,1.03395,1.60,2.80
2007.10.25 10:17:53.492,1.0337,1.03395,1.60,2.80
2007.10.25 10:17:53.751,1.03365,1.0339,0.80,2.80
2007.10.25 10:17:54.008,1.03365,1.0339,0.80,2.80
2007.10.25 10:17:54.341,1.03365,1.0339,0.80,2.80
2007.10.25 10:17:54.672,1.03365,1.0339,0.80,2.80
2007.10.25 10:17:55.006,1.03365,1.0339,0.80,2.80
2007.10.25 10:17:55.174,1.03365,1.03395,0.80,2.80
2007.10.25 10:17:55.343,1.03365,1.03395,0.80,2.80
2007.10.25 10:17:55.511,1.03365,1.03395,0.80,2.80
2007.10.25 10:17:55.679,1.03365,1.0339,0.80,2.80
2007.10.25 10:17:55.846,1.03365,1.0339,0.80,2.80
2007.10.25 10:17:56.013,1.03365,1.0339,0.80,2.80
2007.10.25 10:17:56.300,1.03365,1.0339,0.80,2.80
2007.10.25 10:17:56.587,1.03365,1.0339,0.80,2.80
2007.10.25 10:17:56.875,1.03365,1.0339,0.80,2.80
2007.10.25 10:17:57.275,1.03365,1.0339,0.80,2.80
2007.10.25 10:17:57.517,1.03365,1.0339,0.80,2.80
2007.10.25 10:17:57.761,1.03365,1.03385,0.80,4.00
2007.10.25 10:17:58.003,1.03365,1.03385,0.80,4.00
2007.10.25 10:17:58.248,1.03365,1.03385,0.80,6.80
2007.10.25 10:17:58.496,1.03365,1.03385,0.80,6.80
2007.10.25 10:17:58.744,1.03365,1.03385,0.80,4.00
2007.10.25 10:17:58.993,1.03365,1.03385,0.80,4.00
2007.10.25 10:17:59.241,1.03365,1.03385,0.80,4.00
2007.10.25 10:17:59.569,1.03365,1.03385,0.80,4.00
2007.10.25 10:17:59.900,1.03375,1.034,4.00,2.40
2007.10.25 10:18:00.229,1.03375,1.0339,4.80,2.40
2007.10.25 10:18:00.557,1.0337,1.034,1.60,2.40
2007.10.25 10:18:00.750,1.0337,1.03405,1.60,10.80
2007.10.25 10:18:00.943,1.03365,1.03405,4.00,7.60
2007.10.25 10:18:01.134,1.0336,1.03405,4.00,7.60
2007.10.25 10:18:01.327,1.0336,1.03405,4.00,7.60
2007.10.25 10:18:01.575,1.03355,1.034,16.80,2.80
2007.10.25 10:18:01.823,1.03355,1.034,16.80,2.80
2007.10.25 10:18:02.071,1.03355,1.034,16.80,2.80
2007.10.25 10:18:02.320,1.03355,1.034,16.80,2.80
2007.10.25 10:18:02.567,1.03355,1.034,16.80,2.80
2007.10.25 10:18:02.785,1.0336,1.034,0.80,2.80
2007.10.25 10:18:03.003,1.03365,1.03395,0.80,2.80
2007.10.25 10:18:03.220,1.03365,1.03395,0.80,2.80
2007.10.25 10:18:03.438,1.03365,1.03395,0.80,2.80
2007.10.25 10:18:03.678,1.03365,1.03395,0.80,2.80
2007.10.25 10:18:03.915,1.03365,1.03395,0.80,2.80
2007.10.25 10:18:04.153,1.03365,1.03395,0.80,2.80
2007.10.25 10:18:04.284,1.0336,1.03395,1.60,2.80
2007.10.25 10:18:04.391,1.03365,1.03395,0.80,2.80
2007.10.25 10:18:04.627,1.03365,1.03395,0.80,2.80
2007.10.25 10:18:04.950,1.03365,1.03395,0.80,2.80
2007.10.25 10:18:05.273,1.03365,1.03395,0.80,2.80
2007.10.25 10:18:05.596,1.03365,1.03395,0.80,2.80
2007.10.25 10:18:05.754,1.03365,1.03395,0.80,2.80
2007.10.25 10:18:05.912,1.03365,1.03395,0.80,2.80
2007.10.25 10:18:06.070,1.03365,1.03395,0.80,2.80
2007.10.25 10:18:06.227,1.03365,1.03395,0.80,2.80
2007.10.25 10:18:06.385,1.03365,1.03395,0.80,2.80
2007.10.25 10:18:06.543,1.03365,1.03395,0.80,2.80
2007.10.25 10:18:06.701,1.03365,1.03395,0.80,2.80
2007.10.25 10:18:06.933,1.03365,1.03395,0.80,2.80
2007.10.25 10:18:07.166,1.03365,1.03395,0.80,2.80
2007.10.25 10:18:07.399,1.03365,1.03395,0.80,2.80
2007.10.25 10:18:07.631,1.03365,1.03395,0.80,2.80
2007.10.25 10:18:07.863,1.03365,1.03395,0.80,2.80
2007.10.25 10:18:08.086,1.03365,1.03395,0.80,2.80
2007.10.25 10:18:08.310,1.03365,1.03395,0.80,2.80
2007.10.25 10:18:08.532,1.03365,1.03395,0.80,2.80
2007.10.25 10:18:08.755,1.03365,1.03395,0.80,2.80
2007.10.25 10:18:09.087,1.03365,1.03395,0.80,2.80
2007.10.25 10:18:09.543,1.03365,1.03395,0.80,2.80
2007.10.25 10:18:09.876,1.03365,1.03395,0.80,2.80
2007.10.25 10:18:10.013,1.03365,1.03395,0.80,2.80
2007.10.25 10:18:10.151,1.03365,1.03395,0.80,2.80
2007.10.25 10:18:10.289,1.03365,1.03395,0.80,2.80
2007.10.25 10:18:10.426,1.03365,1.03395,0.80,2.80
2007.10.25 10:18:10.563,1.03365,1.03395,0.80,2.80
2007.10.25 10:18:10.701,1.03365,1.03395,0.80,2.80
2007.10.25 10:18:10.839,1.03365,1.03395,0.80,2.80
2007.10.25 10:18:11.107,1.03365,1.03395,0.80,2.80
2007.10.25 10:18:11.374,1.03365,1.03395,0.80,2.80
2007.10.25 10:18:11.642,1.03365,1.03395,0.80,2.80
2007.10.25 10:18:11.910,1.03365,1.03395,0.80,2.80
2007.10.25 10:18:12.092,1.03365,1.03395,0.80,2.80
2007.10.25 10:18:12.275,1.03365,1.03395,0.80,2.80
2007.10.25 10:18:12.458,1.03365,1.03395,0.80,2.80
2007.10.25 10:18:12.640,1.03365,1.03395,0.80,2.80
2007.10.25 10:18:12.823,1.03365,1.03395,0.80,2.80
2007.10.25 10:18:13.006,1.03365,1.03395,0.80,2.80
2007.10.25 10:18:13.244,1.03365,1.03395,0.80,2.80
2007.10.25 10:18:13.481,1.03365,1.03395,0.80,2.80
2007.10.25 10:18:13.719,1.03365,1.03395,0.80,2.80
2007.10.25 10:18:13.956,1.03365,1.03395,0.80,2.80
2007.10.25 10:18:14.274,1.03365,1.03395,0.80,2.80
2007.10.25 10:18:14.592,1.03365,1.03395,0.80,2.80
2007.10.25 10:18:14.909,1.03365,1.03395,0.80,2.80
2007.10.25 10:18:15.046,1.03365,1.03395,0.80,2.80
2007.10.25 10:18:15.184,1.03365,1.03395,0.80,2.80
2007.10.25 10:18:15.322,1.03365,1.03395,0.80,2.80
2007.10.25 10:18:15.460,1.03365,1.03395,0.80,2.80
2007.10.25 10:18:15.677,1.03365,1.03395,0.80,2.80
2007.10.25 10:18:15.814,1.03365,1.03395,0.80,2.80
2007.10.25 10:18:15.952,1.03365,1.03395,0.80,2.80
2007.10.25 10:18:16.207,1.03365,1.03395,0.80,2.80
2007.10.25 10:18:16.459,1.03365,1.03395,0.80,2.80
2007.10.25 10:18:16.710,1.03365,1.03395,0.80,2.80
2007.10.25 10:18:16.963,1.03365,1.03395,0.80,2.80
2007.10.25 10:18:17.216,1.03365,1.03395,0.80,2.80
2007.10.25 10:18:17.374,1.03365,1.03395,0.80,2.80
2007.10.25 10:18:17.532,1.03365,1.03395,0.80,2.80
2007.10.25 10:18:17.689,1.03365,1.03395,0.80,2.80
2007.10.25 10:18:17.847,1.03365,1.03395,0.80,2.80
2007.10.25 10:18:18.004,1.03365,1.03395,0.80,2.80
2007.10.25 10:18:18.162,1.03365,1.03395,0.80,2.80
2007.10.25 10:18:18.425,1.03365,1.03395,0.80,2.80
2007.10.25 10:18:18.688,1.03365,1.0339,0.80,2.40
2007.10.25 10:18:18.950,1.03365,1.0339,0.80,2.40
2007.10.25 10:18:19.212,1.0336,1.0339,1.60,2.40
2007.10.25 10:18:19.525,1.0336,1.0339,1.60,5.20
2007.10.25 10:18:19.837,1.0336,1.0339,1.60,5.20
2007.10.25 10:18:20.151,1.0336,1.0339,1.60,5.20
2007.10.25 10:18:20.464,1.0336,1.0339,1.60,5.20
2007.10.25 10:18:20.661,1.0336,1.0339,1.60,5.20
2007.10.25 10:18:20.858,1.0336,1.0339,1.60,5.20
2007.10.25 10:18:21.056,1.0336,1.0339,1.60,5.20
2007.10.25 10:18:21.254,1.0336,1.0339,1.60,5.20
2007.10.25 10:18:21.432,1.0336,1.0339,1.60,5.20
2007.10.25 10:18:21.609,1.0336,1.0339,1.60,5.20
2007.10.25 10:18:21.818,1.0336,1.0339,1.60,5.20
2007.10.25 10:18:21.996,1.0336,1.0339,1.60,5.20
2007.10.25 10:18:22.175,1.0336,1.0339,1.60,5.20
2007.10.25 10:18:22.387,1.0336,1.0339,1.60,5.20
2007.10.25 10:18:22.601,1.0336,1.0339,1.60,5.20
2007.10.25 10:18:22.814,1.0336,1.0339,1.60,5.20
2007.10.25 10:18:23.026,1.0336,1.0339,1.60,5.20
2007.10.25 10:18:23.239,1.0336,1.0339,1.60,5.20
2007.10.25 10:18:23.447,1.0336,1.0339,1.60,5.20
2007.10.25 10:18:23.654,1.0336,1.0339,1.60,5.20
2007.10.25 10:18:23.861,1.0336,1.0339,1.60,5.20
2007.10.25 10:18:24.069,1.0336,1.0339,1.60,5.20
2007.10.25 10:18:24.278,1.0336,1.0339,1.60,5.20
2007.10.25 10:18:24.610,1.0336,1.0339,1.60,5.20
2007.10.25 10:18:24.944,1.0336,1.0339,1.60,5.20
2007.10.25 10:18:25.277,1.0336,1.0339,1.60,5.20
2007.10.25 10:18:25.464,1.0336,1.0339,1.60,5.20
2007.10.25 10:18:25.652,1.0336,1.0339,1.60,5.20
2007.10.25 10:18:25.840,1.0336,1.0339,1.60,5.20
2007.10.25 10:18:26.028,1.0336,1.0339,1.60,5.20
2007.10.25 10:18:26.216,1.0336,1.0339,1.60,5.20
2007.10.25 10:18:26.404,1.0336,1.0339,1.60,5.20
2007.10.25 10:18:26.722,1.0336,1.0339,1.60,5.20
2007.10.25 10:18:27.039,1.0336,1.0339,1.60,5.20
2007.10.25 10:18:27.356,1.0336,1.0339,1.60,5.20
2007.10.25 10:18:27.529,1.0336,1.0339,1.60,5.20
2007.10.25 10:18:27.702,1.0336,1.0339,1.60,5.20
2007.10.25 10:18:27.956,1.0336,1.0339,1.60,5.20
2007.10.25 10:18:28.129,1.0336,1.0339,1.60,5.20
2007.10.25 10:18:28.302,1.0336,1.0339,1.60,5.20
2007.10.25 10:18:28.475,1.0336,1.0339,1.60,5.20
2007.10.25 10:18:28.732,1.0336,1.0339,1.60,5.20
2007.10.25 10:18:28.989,1.0336,1.0339,1.60,5.20
2007.10.25 10:18:29.246,1.0336,1.0339,1.60,5.20
2007.10.25 10:18:29.503,1.0336,1.0339,1.60,5.20
2007.10.25 10:18:29.836,1.0336,1.0339,1.60,5.20
2007.10.25 10:18:30.168,1.0336,1.0339,1.60,5.20
2007.10.25 10:18:30.501,1.0336,1.0339,1.60,5.20
2007.10.25 10:18:30.676,1.0336,1.0339,1.60,5.20
2007.10.25 10:18:30.848,1.0336,1.0339,1.60,5.20
2007.10.25 10:18:31.021,1.0336,1.0339,1.60,5.20
2007.10.25 10:18:31.193,1.0336,1.0339,1.60,5.20
2007.10.25 10:18:31.366,1.0336,1.0339,1.60,5.20
2007.10.25 10:18:31.538,1.0336,1.0339,1.60,5.20
2007.10.25 10:18:31.816,1.0336,1.0339,1.60,5.20
2007.10.25 10:18:32.093,1.0336,1.0339,1.60,5.20
2007.10.25 10:18:32.370,1.0336,1.0339,1.60,5.20
2007.10.25 10:18:32.647,1.0336,1.0339,1.60,5.20
2007.10.25 10:18:32.871,1.0336,1.0339,1.60,5.20
2007.10.25 10:18:33.093,1.0336,1.0339,1.60,5.20
2007.10.25 10:18:33.315,1.0336,1.0339,1.60,5.20
2007.10.25 10:18:33.539,1.0336,1.0339,1.60,5.20
2007.10.25 10:18:33.731,1.0336,1.0339,1.60,5.20
2007.10.25 10:18:33.925,1.0336,1.0339,1.60,5.20
2007.10.25 10:18:34.117,1.0336,1.0339,1.60,5.20
2007.10.25 10:18:34.309,1.0336,1.0339,1.60,5.20
2007.10.25 10:18:34.502,1.0336,1.0339,1.60,5.20
2007.10.25 10:18:34.695,1.0336,1.0339,1.60,5.20
2007.10.25 10:18:35.027,1.0336,1.0339,1.60,5.20
2007.10.25 10:18:35.359,1.0336,1.0339,1.60,5.20
2007.10.25 10:18:35.691,1.0336,1.0339,1.60,5.20
2007.10.25 10:18:35.884,1.0336,1.0339,1.60,5.20
2007.10.25 10:18:36.076,1.0336,1.0339,1.60,5.20
2007.10.25 10:18:36.269,1.0336,1.0339,1.60,5.20
2007.10.25 10:18:36.462,1.0336,1.0339,1.60,5.20
2007.10.25 10:18:36.655,1.0336,1.0339,1.60,5.20
2007.10.25 10:18:36.847,1.0336,1.0339,1.60,5.20
2007.10.25 10:18:37.155,1.0336,1.0339,1.60,5.20
2007.10.25 10:18:37.462,1.0336,1.0339,1.60,5.20
2007.10.25 10:18:37.771,1.0336,1.0339,1.60,5.20
2007.10.25 10:18:37.953,1.0336,1.0339,1.60,5.20
2007.10.25 10:18:38.136,1.0336,1.0339,1.60,5.20
2007.10.25 10:18:38.318,1.0336,1.0339,1.60,5.20
2007.10.25 10:18:38.501,1.0336,1.0339,1.60,5.20
2007.10.25 10:18:38.683,1.0336,1.0339,1.60,5.20
2007.10.25 10:18:39.016,1.0336,1.0339,1.60,5.20
2007.10.25 10:18:39.349,1.0336,1.0339,1.60,5.20
2007.10.25 10:18:39.681,1.0336,1.0339,1.60,5.20
2007.10.25 10:18:40.014,1.0336,1.0339,1.60,5.20
2007.10.25 10:18:40.236,1.0336,1.0339,1.60,5.20
2007.10.25 10:18:40.424,1.0336,1.0339,1.60,5.20
2007.10.25 10:18:40.613,1.0336,1.0339,1.60,5.20
2007.10.25 10:18:40.804,1.0336,1.0339,1.60,5.20
2007.10.25 10:18:41.120,1.0336,1.0339,1.60,5.20
2007.10.25 10:18:41.438,1.0336,1.0339,1.60,5.20
2007.10.25 10:18:41.755,1.0336,1.0339,1.60,5.20
2007.10.25 10:18:42.074,1.0336,1.0339,1.60,5.20
2007.10.25 10:18:42.356,1.0336,1.0339,1.60,5.20
2007.10.25 10:18:42.639,1.0336,1.0339,1.60,5.20
2007.10.25 10:18:42.922,1.0336,1.0339,1.60,5.20
2007.10.25 10:18:43.130,1.0336,1.0339,1.60,5.20
2007.10.25 10:18:43.338,1.0336,1.0339,1.60,5.20
2007.10.25 10:18:43.547,1.0336,1.0339,1.60,5.20
2007.10.25 10:18:43.754,1.0336,1.0339,1.60,5.20
2007.10.25 10:18:43.962,1.0336,1.0339,1.60,5.20
2007.10.25 10:18:44.294,1.0336,1.0339,1.60,5.20
2007.10.25 10:18:44.626,1.0336,1.0339,1.60,5.20
2007.10.25 10:18:44.959,1.0336,1.0339,1.60,5.20
2007.10.25 10:18:45.157,1.0336,1.0339,1.60,5.20
2007.10.25 10:18:45.354,1.0336,1.0339,1.60,5.20
2007.10.25 10:18:45.552,1.0336,1.0339,1.60,5.20
2007.10.25 10:18:45.750,1.0336,1.0339,1.60,5.20
2007.10.25 10:18:45.947,1.0336,1.0339,1.60,5.20
2007.10.25 10:18:46.146,1.0336,1.0339,1.60,5.20
2007.10.25 10:18:46.439,1.0336,1.0339,1.60,5.20
2007.10.25 10:18:46.731,1.0336,1.0339,1.60,5.20
2007.10.25 10:18:47.025,1.0336,1.0339,1.60,5.20
2007.10.25 10:18:47.238,1.03365,1.0339,0.80,2.40
2007.10.25 10:18:47.371,1.03365,1.0339,0.80,2.40
2007.10.25 10:18:47.450,1.0336,1.0339,1.60,2.40
2007.10.25 10:18:47.662,1.03365,1.0339,0.80,2.40
2007.10.25 10:18:47.875,1.03365,1.0339,0.80,2.40
2007.10.25 10:18:48.088,1.0336,1.0339,1.60,2.40
2007.10.25 10:18:48.330,1.03365,1.0339,0.80,2.40
2007.10.25 10:18:48.573,1.03365,1.0339,0.80,2.40
2007.10.25 10:18:48.815,1.03365,1.03395,0.80,6.80
2007.10.25 10:18:49.057,1.03365,1.03395,0.80,6.80
2007.10.25 10:18:49.375,1.03355,1.03395,22.40,6.80
2007.10.25 10:18:49.693,1.03365,1.03395,0.80,6.80
2007.10.25 10:18:50.011,1.03355,1.03395,22.40,6.80
2007.10.25 10:18:50.330,1.03355,1.03395,22.40,6.80
2007.10.25 10:18:50.512,1.03355,1.03395,22.40,6.80
2007.10.25 10:18:50.694,1.03365,1.03395,0.80,6.80
2007.10.25 10:18:50.877,1.03355,1.03395,22.40,6.80
2007.10.25 10:18:51.059,1.03355,1.03395,22.40,6.80
2007.10.25 10:18:51.242,1.03355,1.03395,22.40,6.80
2007.10.25 10:18:51.479,1.03365,1.03395,0.80,6.80
2007.10.25 10:18:51.717,1.03355,1.03395,22.40,6.80
2007.10.25 10:18:51.955,1.03355,1.03395,22.40,6.80
2007.10.25 10:18:52.192,1.03365,1.03395,0.80,6.80
2007.10.25 10:18:52.501,1.03365,1.03395,0.80,6.80
2007.10.25 10:18:52.739,1.03365,1.03395,0.80,6.80
2007.10.25 10:18:52.978,1.03355,1.03395,22.40,6.80
2007.10.25 10:18:53.214,1.03355,1.03395,22.40,6.80
2007.10.25 10:18:53.469,1.03365,1.03395,0.80,6.80
2007.10.25 10:18:53.719,1.0336,1.03395,4.00,6.80
2007.10.25 10:18:53.974,1.03365,1.03395,0.80,6.80
2007.10.25 10:18:54.225,1.0336,1.03395,4.00,6.80
2007.10.25 10:18:54.548,1.0336,1.03395,4.00,6.80
2007.10.25 10:18:54.872,1.03365,1.03395,0.80,6.80
2007.10.25 10:18:55.194,1.0336,1.03395,4.00,6.80
2007.10.25 10:18:55.517,1.03365,1.03395,0.80,6.80
2007.10.25 10:18:55.675,1.0336,1.03395,4.00,6.80
2007.10.25 10:18:55.833,1.0336,1.03395,4.00,6.80
2007.10.25 10:18:55.990,1.03365,1.03395,0.80,6.80
2007.10.25 10:18:56.148,1.0336,1.03395,4.00,6.80
2007.10.25 10:18:56.306,1.0336,1.03395,4.00,6.80
2007.10.25 10:18:56.463,1.0336,1.03395,4.00,6.80
2007.10.25 10:18:56.740,1.0336,1.03395,4.00,6.80
2007.10.25 10:18:57.018,1.0336,1.03395,4.00,6.80
2007.10.25 10:18:57.295,1.03365,1.03395,0.80,6.80
2007.10.25 10:18:57.571,1.03365,1.03395,0.80,6.80
2007.10.25 10:18:57.789,1.03365,1.03395,0.80,6.80
2007.10.25 10:18:58.007,1.0336,1.03395,4.00,6.80
2007.10.25 10:18:58.223,1.0336,1.03395,4.00,6.80
2007.10.25 10:18:58.441,1.03365,1.03395,0.80,6.80
2007.10.25 10:18:58.659,1.0336,1.03395,4.00,6.80
2007.10.25 10:18:58.922,1.0336,1.03395,4.00,6.80
2007.10.25 10:18:59.185,1.0336,1.03395,4.00,6.80
2007.10.25 10:18:59.448,1.0336,1.03395,4.00,6.80
2007.10.25 10:18:59.710,1.0336,1.03395,4.00,6.80
2007.10.25 10:19:00.044,1.0336,1.03395,4.00,6.80
2007.10.25 10:19:00.377,1.0336,1.03395,4.00,4.00
2007.10.25 10:19:00.709,1.0336,1.03395,4.00,4.00
2007.10.25 10:19:00.927,1.0336,1.03395,4.00,6.80
2007.10.25 10:19:01.145,1.03365,1.03395,0.80,6.80
2007.10.25 10:19:01.363,1.0336,1.03395,4.00,6.80
2007.10.25 10:19:01.581,1.03365,1.03395,0.80,6.80
2007.10.25 10:19:01.798,1.03365,1.03395,0.80,6.80
2007.10.25 10:19:02.129,1.0336,1.03395,4.00,6.80
2007.10.25 10:19:02.462,1.03365,1.03395,0.80,6.80
2007.10.25 10:19:02.795,1.0336,1.03395,4.00,6.80
2007.10.25 10:19:02.957,1.03365,1.03395,0.80,6.80
2007.10.25 10:19:03.120,1.0336,1.03395,3.20,6.80
2007.10.25 10:19:03.283,1.0336,1.03395,3.20,6.80
2007.10.25 10:19:03.446,1.0336,1.03395,4.00,6.80
2007.10.25 10:19:03.609,1.0336,1.03395,4.00,6.80
2007.10.25 10:19:03.771,1.0336,1.03395,4.00,6.80
2007.10.25 10:19:04.104,1.0336,1.03395,4.00,6.80
2007.10.25 10:19:04.437,1.03365,1.03395,0.80,4.00
2007.10.25 10:19:04.771,1.0336,1.03395,4.00,4.00
2007.10.25 10:19:05.104,1.0336,1.03395,4.00,4.00
2007.10.25 10:19:05.316,1.0336,1.03395,4.00,4.00
2007.10.25 10:19:05.529,1.0336,1.03395,4.00,6.80
2007.10.25 10:19:05.741,1.0336,1.03395,4.00,6.80
2007.10.25 10:19:05.954,1.03365,1.03395,0.80,6.80
2007.10.25 10:19:06.226,1.0336,1.03395,4.00,6.80
2007.10.25 10:19:06.499,1.03365,1.034,6.40,5.20
2007.10.25 10:19:06.772,1.03365,1.034,6.40,5.20
2007.10.25 10:19:07.045,1.0337,1.034,0.90,5.20
2007.10.25 10:19:07.252,1.03365,1.034,6.40,5.20
2007.10.25 10:19:07.460,1.03365,1.034,6.40,5.20
2007.10.25 10:19:07.668,1.0337,1.034,1.10,5.20
2007.10.25 10:19:07.875,1.0337,1.034,0.80,5.20
2007.10.25 10:19:08.083,1.03365,1.034,6.40,5.20
2007.10.25 10:19:08.330,1.0337,1.034,1.00,5.20
2007.10.25 10:19:08.578,1.0337,1.034,0.50,2.40
2007.10.25 10:19:08.826,1.03365,1.034,6.40,2.40
2007.10.25 10:19:09.074,1.03365,1.034,6.40,2.40
2007.10.25 10:19:09.408,1.03365,1.034,6.40,5.20
2007.10.25 10:19:09.741,1.0337,1.034,1.10,5.20
2007.10.25 10:19:10.073,1.03365,1.034,6.40,5.20
2007.10.25 10:19:10.275,1.03365,1.034,6.40,5.20
2007.10.25 10:19:10.478,1.03365,1.034,6.40,5.20
2007.10.25 10:19:10.681,1.03365,1.034,6.40,5.20
2007.10.25 10:19:10.911,1.0337,1.03395,0.80,4.00
2007.10.25 10:19:11.116,1.03365,1.03395,0.80,6.80
2007.10.25 10:19:11.348,1.0336,1.03395,4.00,6.80
2007.10.25 10:19:11.581,1.0336,1.03395,4.00,6.80
2007.10.25 10:19:11.814,1.0336,1.03395,4.00,6.80
2007.10.25 10:19:12.047,1.03365,1.03395,0.80,6.80
2007.10.25 10:19:12.290,1.0336,1.03395,4.00,6.80
2007.10.25 10:19:12.533,1.0336,1.03395,4.00,6.80
2007.10.25 10:19:12.776,1.0336,1.03395,4.00,6.80
2007.10.25 10:19:13.019,1.03365,1.03395,0.80,6.80
2007.10.25 10:19:13.186,1.0336,1.03395,4.00,6.80
2007.10.25 10:19:13.354,1.0336,1.03395,4.00,6.80
2007.10.25 10:19:13.521,1.03365,1.03395,0.80,6.80
2007.10.25 10:19:13.689,1.03365,1.03395,0.80,6.80
2007.10.25 10:19:13.857,1.03365,1.03395,0.80,6.80
2007.10.25 10:19:14.024,1.0336,1.03395,4.00,6.80
2007.10.25 10:19:14.357,1.0336,1.03395,8.00,2.80
2007.10.25 10:19:14.690,1.0337,1.03395,0.60,2.80
2007.10.25 10:19:15.025,1.03375,1.03395,1.60,2.80
2007.10.25 10:19:15.358,1.03375,1.0341,2.40,5.20
2007.10.25 10:19:15.551,1.03375,1.0341,2.40,5.20
2007.10.25 10:19:15.743,1.03375,1.0341,2.40,5.20
2007.10.25 10:19:15.936,1.03375,1.0341,2.40,5.20
2007.10.25 10:19:16.128,1.0338,1.0341,0.50,5.20
2007.10.25 10:19:16.426,1.0338,1.0341,0.70,5.20
2007.10.25 10:19:16.724,1.0338,1.0341,1.60,5.20
2007.10.25 10:19:17.051,1.0338,1.0341,1.60,5.20
2007.10.25 10:19:17.228,1.0338,1.0341,1.60,5.20
2007.10.25 10:19:17.406,1.0338,1.0341,1.60,5.20
2007.10.25 10:19:17.583,1.0338,1.0341,1.60,5.20
2007.10.25 10:19:17.761,1.0338,1.0341,1.60,5.20
2007.10.25 10:19:17.939,1.0338,1.0341,1.60,5.20
2007.10.25 10:19:18.116,1.0338,1.0341,1.60,5.20
2007.10.25 10:19:18.450,1.0338,1.03395,0.80,4.00
2007.10.25 10:19:18.783,1.0337,1.03395,3.20,2.80
2007.10.25 10:19:19.116,1.0337,1.03405,2.40,6.80
2007.10.25 10:19:19.429,1.0337,1.03405,2.40,6.80
2007.10.25 10:19:19.742,1.0337,1.034,2.40,2.80
2007.10.25 10:19:20.054,1.0337,1.034,3.20,2.80
2007.10.25 10:19:20.368,1.03375,1.03405,0.80,6.80
2007.10.25 10:19:20.600,1.03375,1.03405,0.80,6.80
2007.10.25 10:19:20.833,1.03375,1.03405,0.80,6.80
2007.10.25 10:19:21.065,1.03375,1.03405,0.80,6.80
2007.10.25 10:19:21.297,1.03375,1.03405,0.80,6.80
2007.10.25 10:19:21.530,1.03375,1.03405,0.80,6.80
2007.10.25 10:19:21.763,1.03375,1.034,0.80,2.40
2007.10.25 10:19:21.996,1.03375,1.03395,0.80,4.00
2007.10.25 10:19:22.228,1.03375,1.03395,0.80,4.00
2007.10.25 10:19:22.457,1.03375,1.03395,0.80,2.80
2007.10.25 10:19:22.686,1.03375,1.03395,0.80,2.80
2007.10.25 10:19:22.914,1.03375,1.03395,0.80,6.80
2007.10.25 10:19:23.181,1.03365,1.03395,0.80,6.80
2007.10.25 10:19:23.410,1.03365,1.03395,0.80,4.00
2007.10.25 10:19:23.693,1.03365,1.03395,0.80,4.00
2007.10.25 10:19:23.975,1.03365,1.03395,0.80,4.00
2007.10.25 10:19:24.258,1.0337,1.03395,2.40,4.00
2007.10.25 10:19:24.591,1.0337,1.034,2.40,2.80
2007.10.25 10:19:24.925,1.0337,1.034,3.20,2.80
2007.10.25 10:19:25.257,1.03375,1.03395,0.80,2.80
2007.10.25 10:19:25.489,1.03375,1.03405,0.80,6.80
2007.10.25 10:19:25.722,1.03375,1.03405,0.80,6.80
2007.10.25 10:19:25.954,1.03375,1.03405,4.80,2.80
2007.10.25 10:19:26.187,1.03375,1.03405,4.80,2.80
2007.10.25 10:19:26.419,1.03375,1.03405,4.80,2.80
2007.10.25 10:19:26.702,1.03375,1.0341,4.80,5.20
2007.10.25 10:19:26.984,1.03375,1.0341,4.80,5.20
2007.10.25 10:19:27.266,1.03375,1.0341,4.80,5.20
2007.10.25 10:19:27.548,1.03375,1.0341,4.80,5.20
2007.10.25 10:19:27.756,1.03375,1.0341,4.80,5.20
2007.10.25 10:19:27.963,1.03375,1.0341,4.80,5.20
2007.10.25 10:19:28.170,1.03375,1.0341,4.80,5.20
2007.10.25 10:19:28.377,1.03375,1.0341,4.80,5.20
2007.10.25 10:19:28.579,1.03375,1.0341,4.80,5.20
2007.10.25 10:19:28.781,1.03375,1.0341,4.80,5.20
2007.10.25 10:19:28.983,1.03375,1.0341,4.80,5.20
2007.10.25 10:19:29.185,1.03375,1.0341,4.80,5.20
2007.10.25 10:19:29.388,1.03375,1.0341,8.80,5.20
2007.10.25 10:19:29.720,1.03375,1.0341,8.80,5.20
2007.10.25 10:19:30.052,1.03375,1.0341,8.80,5.20
2007.10.25 10:19:30.385,1.03375,1.0341,8.80,5.20
2007.10.25 10:19:30.597,1.03375,1.0341,8.80,5.20
2007.10.25 10:19:30.810,1.03375,1.0341,4.80,5.20
2007.10.25 10:19:31.023,1.03375,1.0341,0.80,5.20
2007.10.25 10:19:31.237,1.03375,1.03405,0.80,2.80
2007.10.25 10:19:31.449,1.03375,1.03405,0.80,2.80
2007.10.25 10:19:31.742,1.03375,1.03405,0.80,2.80
2007.10.25 10:19:32.035,1.03375,1.03405,8.80,2.80
2007.10.25 10:19:32.328,1.03375,1.0341,8.80,5.20
2007.10.25 10:19:32.620,1.03375,1.0341,8.80,5.20
2007.10.25 10:19:32.868,1.03375,1.0341,8.80,5.20
2007.10.25 10:19:33.116,1.03375,1.0341,8.80,5.20
2007.10.25 10:19:33.363,1.03375,1.0341,8.80,5.20
2007.10.25 10:19:33.610,1.03375,1.0341,8.80,5.20
2007.10.25 10:19:33.817,1.03375,1.0341,8.80,5.20
2007.10.25 10:19:34.024,1.03375,1.0341,8.80,5.20
2007.10.25 10:19:34.231,1.03375,1.0341,8.80,5.20
2007.10.25 10:19:34.438,1.03375,1.0341,8.80,5.20
2007.10.25 10:19:34.645,1.03375,1.0341,8.80,5.20
2007.10.25 10:19:34.977,1.03375,1.0341,8.80,5.20
2007.10.25 10:19:35.311,1.03375,1.0341,8.80,5.20
2007.10.25 10:19:35.643,1.03375,1.0341,8.80,5.20
2007.10.25 10:19:35.791,1.03375,1.0341,8.80,5.20
2007.10.25 10:19:35.939,1.03375,1.0341,8.80,5.20
2007.10.25 10:19:36.086,1.03375,1.0341,8.80,5.20
2007.10.25 10:19:36.234,1.03375,1.0341,8.80,5.20
2007.10.25 10:19:36.382,1.03375,1.0341,8.80,5.20
2007.10.25 10:19:36.530,1.03375,1.0341,8.80,5.20
2007.10.25 10:19:36.807,1.03375,1.0341,8.80,5.20
2007.10.25 10:19:37.084,1.03375,1.0341,8.80,5.20
2007.10.25 10:19:37.362,1.03375,1.0341,8.80,5.20
2007.10.25 10:19:37.640,1.03375,1.0341,8.80,5.20
2007.10.25 10:19:37.837,1.03375,1.0341,8.80,5.20
2007.10.25 10:19:38.034,1.03375,1.0341,8.80,5.20
2007.10.25 10:19:38.232,1.03375,1.0341,8.80,5.20
2007.10.25 10:19:38.430,1.03375,1.0341,8.80,5.20
2007.10.25 10:19:38.627,1.03375,1.0341,8.80,5.20
2007.10.25 10:19:38.959,1.03375,1.0341,8.80,5.20
2007.10.25 10:19:39.293,1.03375,1.0341,8.80,5.20
2007.10.25 10:19:39.625,1.03375,1.0341,8.80,5.20
2007.10.25 10:19:39.807,1.03375,1.0341,8.80,5.20
2007.10.25 10:19:39.990,1.03375,1.0341,8.80,5.20
2007.10.25 10:19:40.173,1.03375,1.0341,8.80,5.20
2007.10.25 10:19:40.355,1.03375,1.0341,8.80,5.20
2007.10.25 10:19:40.538,1.0338,1.0341,0.80,5.20
2007.10.25 10:19:40.721,1.0338,1.0341,1.60,5.20
2007.10.25 10:19:40.969,1.0338,1.0341,1.60,5.20
2007.10.25 10:19:41.216,1.0338,1.0341,1.60,5.20
2007.10.25 10:19:41.464,1.0338,1.0341,1.60,5.20
2007.10.25 10:19:41.713,1.0338,1.0341,1.60,5.20
2007.10.25 10:19:41.890,1.0338,1.0341,1.60,5.20
2007.10.25 10:19:42.068,1.0338,1.0341,1.60,5.20
2007.10.25 10:19:42.246,1.0338,1.0341,1.60,5.20
2007.10.25 10:19:42.424,1.0338,1.0341,1.60,5.20
2007.10.25 10:19:42.602,1.0338,1.0341,1.60,5.20
2007.10.25 10:19:42.780,1.0338,1.0341,1.60,5.20
2007.10.25 10:19:43.029,1.0338,1.0341,1.60,5.20
2007.10.25 10:19:43.276,1.0338,1.0341,1.60,5.20
2007.10.25 10:19:43.523,1.0338,1.0341,1.60,5.20
2007.10.25 10:19:43.770,1.0338,1.0341,1.60,5.20
2007.10.25 10:19:44.103,1.0338,1.0341,1.60,5.20
2007.10.25 10:19:44.435,1.0338,1.0341,1.60,5.20
2007.10.25 10:19:44.768,1.0338,1.0341,1.60,5.20
2007.10.25 10:19:44.921,1.0338,1.0341,1.60,5.20
2007.10.25 10:19:45.073,1.0338,1.0341,1.60,5.20
2007.10.25 10:19:45.226,1.0338,1.0341,1.60,5.20
2007.10.25 10:19:45.379,1.0338,1.0341,1.60,5.20
2007.10.25 10:19:45.531,1.0338,1.0341,1.60,5.20
2007.10.25 10:19:45.683,1.0338,1.0341,1.60,5.20
2007.10.25 10:19:45.836,1.0338,1.0341,1.60,5.20
2007.10.25 10:19:46.094,1.0338,1.0341,1.60,5.20
2007.10.25 10:19:46.352,1.0338,1.0341,1.60,5.20
2007.10.25 10:19:46.610,1.0338,1.0341,1.60,5.20
2007.10.25 10:19:46.867,1.0338,1.0341,1.60,5.20
2007.10.25 10:19:47.039,1.0338,1.0341,1.60,5.20
2007.10.25 10:19:47.211,1.0338,1.0341,1.60,5.20
2007.10.25 10:19:47.384,1.0338,1.0341,1.60,5.20
2007.10.25 10:19:47.557,1.0338,1.0341,1.60,5.20
2007.10.25 10:19:47.730,1.0338,1.0341,1.60,5.20
2007.10.25 10:19:47.902,1.0338,1.0341,1.60,5.20
2007.10.25 10:19:48.076,1.0338,1.0341,1.60,5.20
2007.10.25 10:19:48.293,1.0338,1.0341,1.60,5.20
2007.10.25 10:19:48.511,1.0338,1.0341,1.60,5.20
2007.10.25 10:19:48.729,1.0338,1.0341,1.60,5.20
2007.10.25 10:19:48.946,1.0338,1.0341,1.60,5.20
2007.10.25 10:19:49.164,1.0338,1.0341,1.60,5.20
2007.10.25 10:19:49.496,1.0338,1.0341,1.60,5.20
2007.10.25 10:19:49.829,1.0338,1.034,1.60,2.40
2007.10.25 10:19:50.162,1.0337,1.034,1.60,5.20
2007.10.25 10:19:50.324,1.0337,1.034,1.60,5.20
2007.10.25 10:19:50.487,1.0337,1.034,1.60,5.20
2007.10.25 10:19:50.651,1.0337,1.034,1.60,5.20
2007.10.25 10:19:50.733,1.03365,1.034,14.40,5.20
2007.10.25 10:19:50.813,1.0337,1.0339,0.50,2.40
2007.10.25 10:19:50.977,1.03365,1.0339,4.80,2.40
2007.10.25 10:19:51.294,1.03365,1.0339,1.10,2.40
2007.10.25 10:19:51.612,1.0336,1.0339,5.60,2.40
2007.10.25 10:19:51.931,1.03365,1.034,4.80,5.20
2007.10.25 10:19:52.249,1.03365,1.034,5.60,5.20
2007.10.25 10:19:52.416,1.03365,1.034,5.60,5.20
2007.10.25 10:19:52.584,1.0337,1.034,1.60,5.20
2007.10.25 10:19:52.752,1.0337,1.034,1.60,5.20
2007.10.25 10:19:52.920,1.0337,1.034,1.60,5.20
2007.10.25 10:19:53.087,1.0337,1.034,1.60,5.20
2007.10.25 10:19:53.330,1.0337,1.034,1.60,5.20
2007.10.25 10:19:53.572,1.0337,1.034,1.60,5.20
2007.10.25 10:19:53.865,1.0337,1.034,1.60,5.20
2007.10.25 10:19:54.108,1.0337,1.034,1.60,5.20
2007.10.25 10:19:54.350,1.0337,1.034,1.60,5.20
2007.10.25 10:19:54.657,1.0337,1.034,1.60,5.20
2007.10.25 10:19:54.964,1.0337,1.034,1.60,5.20
2007.10.25 10:19:55.271,1.0337,1.034,1.60,5.20
2007.10.25 10:19:55.428,1.0337,1.034,1.60,5.20
2007.10.25 10:19:55.586,1.0337,1.034,1.60,5.20
2007.10.25 10:19:55.743,1.0337,1.034,1.60,5.20
2007.10.25 10:19:55.901,1.0337,1.034,1.60,5.20
2007.10.25 10:19:56.058,1.0337,1.034,1.60,5.20
2007.10.25 10:19:56.216,1.0337,1.034,1.60,5.20
2007.10.25 10:19:56.484,1.0337,1.034,1.60,5.20
2007.10.25 10:19:56.752,1.0337,1.034,1.60,5.20
2007.10.25 10:19:57.019,1.0337,1.034,1.60,5.20
2007.10.25 10:19:57.287,1.0337,1.034,1.60,5.20
2007.10.25 10:19:57.464,1.0337,1.034,1.60,5.20
2007.10.25 10:19:57.642,1.0337,1.034,1.60,5.20
2007.10.25 10:19:57.820,1.0337,1.034,1.60,5.20
2007.10.25 10:19:57.998,1.0337,1.034,1.60,5.20
2007.10.25 10:19:58.175,1.0337,1.034,1.60,5.20
2007.10.25 10:19:58.353,1.0337,1.034,1.60,5.20
2007.10.25 10:19:58.611,1.0337,1.034,4.00,2.80
2007.10.25 10:19:58.868,1.0338,1.0341,0.80,5.20
2007.10.25 10:19:59.128,1.0338,1.03405,1.60,3.60
2007.10.25 10:19:59.386,1.0338,1.03405,1.60,3.60
2007.10.25 10:19:59.718,1.0338,1.03405,0.80,3.60
2007.10.25 10:20:00.051,1.0337,1.03405,3.20,2.80
2007.10.25 10:20:00.384,1.03375,1.034,0.80,2.80
2007.10.25 10:20:00.592,1.03375,1.0341,0.80,5.20
2007.10.25 10:20:00.800,1.03375,1.0341,0.80,5.20
2007.10.25 10:20:01.007,1.03375,1.03405,0.80,2.80
2007.10.25 10:20:01.215,1.03375,1.0341,0.80,5.20
2007.10.25 10:20:01.423,1.03375,1.0341,0.80,5.20
2007.10.25 10:20:01.741,1.03375,1.0341,0.80,5.20
2007.10.25 10:20:02.059,1.03375,1.0341,0.80,5.20
2007.10.25 10:20:02.376,1.03375,1.0341,0.80,5.20
2007.10.25 10:20:02.694,1.03375,1.0341,0.80,5.20
2007.10.25 10:20:02.917,1.03375,1.0341,0.80,5.20
2007.10.25 10:20:03.139,1.03375,1.0341,0.80,5.20
2007.10.25 10:20:03.362,1.03375,1.0341,0.80,5.20
2007.10.25 10:20:03.585,1.03375,1.0341,0.80,5.20
2007.10.25 10:20:03.797,1.03375,1.0341,0.80,5.20
2007.10.25 10:20:04.009,1.03375,1.0341,0.80,5.20
2007.10.25 10:20:04.222,1.03375,1.0341,0.80,5.20
2007.10.25 10:20:04.434,1.03375,1.0341,0.80,5.20
2007.10.25 10:20:04.645,1.03375,1.0341,0.80,5.20
2007.10.25 10:20:04.978,1.03375,1.0341,0.80,5.20
2007.10.25 10:20:05.311,1.03375,1.0341,0.80,5.20
2007.10.25 10:20:05.643,1.03375,1.0341,0.80,5.20
2007.10.25 10:20:05.811,1.03375,1.0341,0.80,5.20
2007.10.25 10:20:05.978,1.03375,1.0341,0.80,5.20
2007.10.25 10:20:06.146,1.03375,1.0341,0.80,5.20
2007.10.25 10:20:06.316,1.03375,1.0341,0.80,5.20
2007.10.25 10:20:06.484,1.03375,1.0341,0.80,5.20
2007.10.25 10:20:06.792,1.03375,1.0341,0.80,5.20
2007.10.25 10:20:07.101,1.03375,1.0341,0.80,5.20
2007.10.25 10:20:07.408,1.03375,1.0341,0.80,5.20
2007.10.25 10:20:07.716,1.03375,1.0341,0.80,5.20
2007.10.25 10:20:07.908,1.03375,1.0341,0.80,5.20
2007.10.25 10:20:08.102,1.03375,1.0341,0.80,5.20
2007.10.25 10:20:08.295,1.03375,1.0341,0.80,5.20
2007.10.25 10:20:08.487,1.03375,1.0341,0.80,5.20
2007.10.25 10:20:08.680,1.03375,1.0341,0.80,5.20
2007.10.25 10:20:09.006,1.03375,1.0341,0.80,5.20
2007.10.25 10:20:09.335,1.03375,1.0341,0.80,5.20
2007.10.25 10:20:09.663,1.03375,1.0341,0.80,5.20
2007.10.25 10:20:09.803,1.03375,1.0341,0.80,5.20
2007.10.25 10:20:09.940,1.03375,1.0341,0.80,5.20
2007.10.25 10:20:10.078,1.03375,1.0341,0.80,5.20
2007.10.25 10:20:10.215,1.03375,1.0341,0.80,5.20
2007.10.25 10:20:10.353,1.03375,1.0341,0.80,5.20
2007.10.25 10:20:10.490,1.03375,1.0341,0.80,5.20
2007.10.25 10:20:10.628,1.03375,1.0341,0.80,5.20
2007.10.25 10:20:10.765,1.03375,1.0341,0.80,5.20
2007.10.25 10:20:11.098,1.03375,1.0341,0.80,5.20
2007.10.25 10:20:11.431,1.03375,1.0341,0.80,5.20
2007.10.25 10:20:11.764,1.03375,1.0341,0.80,5.20
2007.10.25 10:20:12.096,1.03375,1.0341,0.80,5.20
2007.10.25 10:20:12.281,1.03375,1.0341,0.80,5.20
2007.10.25 10:20:12.424,1.03375,1.0341,0.80,5.20
2007.10.25 10:20:12.568,1.03375,1.0341,0.80,5.20
2007.10.25 10:20:12.712,1.03375,1.0341,0.80,5.20
2007.10.25 10:20:12.854,1.03375,1.0341,0.80,5.20
2007.10.25 10:20:13.137,1.03375,1.0341,0.80,5.20
2007.10.25 10:20:13.421,1.03375,1.0341,0.80,5.20
2007.10.25 10:20:13.704,1.03375,1.0341,0.80,5.20
2007.10.25 10:20:13.987,1.03375,1.0341,0.80,5.20
2007.10.25 10:20:14.319,1.03375,1.0341,0.80,5.20
2007.10.25 10:20:14.652,1.03375,1.0341,0.80,5.20
2007.10.25 10:20:14.985,1.03375,1.0341,0.80,5.20
2007.10.25 10:20:15.108,1.03375,1.0341,0.80,5.20
2007.10.25 10:20:15.231,1.03375,1.0341,0.80,5.20
2007.10.25 10:20:15.354,1.03375,1.0341,0.80,5.20
2007.10.25 10:20:15.477,1.03375,1.0341,0.80,5.20
2007.10.25 10:20:15.599,1.03375,1.0341,0.80,5.20
2007.10.25 10:20:15.721,1.03375,1.0341,0.80,5.20
2007.10.25 10:20:15.848,1.03375,1.0341,0.80,5.20
2007.10.25 10:20:15.971,1.03375,1.0341,0.80,5.20
2007.10.25 10:20:16.304,1.03375,1.0341,0.80,5.20
2007.10.25 10:20:16.638,1.03375,1.0341,0.80,5.20
2007.10.25 10:20:16.969,1.03375,1.0341,0.80,5.20
2007.10.25 10:20:17.107,1.03375,1.0341,0.80,5.20
2007.10.25 10:20:17.246,1.03375,1.0341,0.80,5.20
2007.10.25 10:20:17.383,1.03375,1.0341,0.80,5.20
2007.10.25 10:20:17.520,1.03375,1.0341,0.80,5.20
2007.10.25 10:20:17.658,1.03375,1.0341,0.80,5.20
2007.10.25 10:20:17.795,1.03375,1.0341,0.80,5.20
2007.10.25 10:20:17.933,1.03375,1.0341,0.80,5.20
2007.10.25 10:20:18.071,1.0337,1.0341,4.00,5.20
2007.10.25 10:20:18.413,1.03375,1.0341,0.80,5.20
2007.10.25 10:20:18.737,1.0337,1.0341,4.00,5.20
2007.10.25 10:20:19.060,1.03375,1.0341,0.80,5.20
2007.10.25 10:20:19.344,1.0337,1.0341,4.00,5.20
2007.10.25 10:20:19.628,1.0337,1.0341,4.00,5.20
2007.10.25 10:20:19.911,1.03375,1.0341,0.80,5.20
2007.10.25 10:20:20.194,1.03375,1.0341,0.80,5.20
2007.10.25 10:20:20.368,1.03375,1.0341,0.80,5.20
2007.10.25 10:20:20.540,1.0337,1.0341,4.00,5.20
2007.10.25 10:20:20.713,1.0337,1.0341,4.00,5.20
2007.10.25 10:20:20.885,1.0337,1.0341,4.00,5.20
2007.10.25 10:20:21.058,1.03375,1.0341,0.80,5.20
2007.10.25 10:20:21.230,1.0337,1.0341,4.00,5.20
2007.10.25 10:20:21.512,1.03375,1.0341,0.80,5.20
2007.10.25 10:20:21.796,1.0337,1.0341,4.00,5.20
2007.10.25 10:20:22.079,1.03375,1.0341,0.80,5.20
2007.10.25 10:20:22.361,1.0337,1.0341,4.00,5.20
2007.10.25 10:20:22.554,1.03375,1.0341,0.80,5.20
2007.10.25 10:20:22.747,1.0337,1.0341,4.00,5.20
2007.10.25 10:20:22.940,1.03375,1.0341,0.80,5.20
2007.10.25 10:20:23.133,1.03375,1.0341,0.80,5.20
2007.10.25 10:20:23.325,1.0337,1.0341,4.00,5.20
2007.10.25 10:20:23.548,1.0337,1.0341,4.00,5.20
2007.10.25 10:20:23.770,1.03375,1.0341,0.80,5.20
2007.10.25 10:20:23.992,1.0337,1.0341,4.00,5.20
2007.10.25 10:20:24.214,1.0337,1.0341,4.00,5.20
2007.10.25 10:20:24.551,1.03375,1.0341,0.80,5.20
2007.10.25 10:20:24.886,1.0337,1.0341,4.00,5.20
2007.10.25 10:20:25.216,1.0337,1.0341,4.00,5.20
2007.10.25 10:20:25.550,1.0337,1.0341,4.00,5.20
2007.10.25 10:20:25.671,1.03375,1.0341,0.80,5.20
2007.10.25 10:20:25.794,1.03375,1.0341,0.80,5.20
2007.10.25 10:20:25.916,1.03375,1.0341,0.80,5.20
2007.10.25 10:20:26.039,1.03375,1.0341,0.80,5.20
2007.10.25 10:20:26.161,1.03375,1.0341,0.80,5.20
2007.10.25 10:20:26.284,1.03375,1.0341,0.80,5.20
2007.10.25 10:20:26.407,1.0337,1.0341,4.00,5.20
2007.10.25 10:20:26.530,1.0337,1.0341,4.00,5.20
2007.10.25 10:20:26.653,1.03375,1.0341,0.80,5.20
2007.10.25 10:20:26.986,1.03375,1.0341,0.80,5.20
2007.10.25 10:20:27.318,1.0337,1.0341,4.00,5.20
2007.10.25 10:20:27.651,1.03375,1.0341,0.80,5.20
2007.10.25 10:20:27.984,1.0337,1.0341,8.80,5.20
2007.10.25 10:20:28.127,1.03375,1.0341,10.40,5.20
2007.10.25 10:20:28.270,1.03375,1.0341,10.40,2.40
2007.10.25 10:20:28.413,1.0338,1.0341,0.50,2.40
2007.10.25 10:20:28.562,1.03375,1.0341,10.40,2.40
2007.10.25 10:20:28.703,1.0338,1.0341,0.60,2.40
2007.10.25 10:20:29.035,1.0338,1.0341,1.10,2.40
2007.10.25 10:20:29.368,1.0338,1.0341,0.70,2.40
2007.10.25 10:20:29.700,1.03375,1.0341,10.40,2.40
2007.10.25 10:20:29.873,1.0338,1.0341,0.60,2.40
2007.10.25 10:20:30.045,1.0338,1.0341,0.60,2.40
2007.10.25 10:20:30.217,1.03375,1.0341,10.40,2.40
2007.10.25 10:20:30.390,1.03375,1.0341,10.40,2.40
2007.10.25 10:20:30.684,1.03375,1.0341,10.40,2.40
2007.10.25 10:20:30.856,1.03375,1.0341,10.40,2.40
2007.10.25 10:20:31.105,1.0338,1.0341,1.20,2.40
2007.10.25 10:20:31.352,1.03375,1.0341,10.40,2.40
2007.10.25 10:20:31.600,1.03375,1.0341,10.40,2.40
2007.10.25 10:20:31.849,1.0338,1.0341,1.00,2.40
2007.10.25 10:20:32.082,1.0338,1.0341,0.90,2.40
2007.10.25 10:20:32.315,1.03375,1.0341,10.40,2.40
2007.10.25 10:20:32.547,1.0338,1.0341,0.80,2.40
2007.10.25 10:20:32.781,1.0338,1.0341,1.10,2.40
2007.10.25 10:20:33.003,1.03375,1.0341,10.40,2.40
2007.10.25 10:20:33.226,1.0338,1.0341,0.80,2.40
2007.10.25 10:20:33.449,1.03375,1.0341,10.40,2.40
2007.10.25 10:20:33.672,1.03375,1.0341,10.40,2.40
2007.10.25 10:20:33.894,1.03375,1.0341,10.40,2.40
2007.10.25 10:20:34.227,1.0338,1.0341,1.00,2.40
2007.10.25 10:20:34.560,1.03375,1.0341,10.40,2.40
2007.10.25 10:20:34.893,1.03375,1.0341,10.40,2.40
2007.10.25 10:20:35.050,1.0338,1.0341,1.00,2.40
2007.10.25 10:20:35.208,1.0338,1.0341,1.20,2.40
2007.10.25 10:20:35.365,1.0338,1.0341,1.10,2.40
2007.10.25 10:20:35.524,1.0338,1.0341,1.00,2.40
2007.10.25 10:20:35.681,1.0338,1.0341,1.10,2.40
2007.10.25 10:20:35.839,1.03375,1.0341,10.40,2.40
2007.10.25 10:20:36.147,1.0338,1.0341,0.60,2.40
2007.10.25 10:20:36.456,1.0338,1.034,0.50,2.40
2007.10.25 10:20:36.826,1.03375,1.03405,2.40,6.40
2007.10.25 10:20:37.128,1.03375,1.034,2.40,2.40
2007.10.25 10:20:37.285,1.03375,1.034,2.40,2.40
2007.10.25 10:20:37.443,1.03375,1.034,2.40,2.40
2007.10.25 10:20:37.600,1.03375,1.034,2.40,2.40
2007.10.25 10:20:37.757,1.0338,1.034,0.90,2.40
2007.10.25 10:20:37.915,1.03375,1.034,2.40,2.40
2007.10.25 10:20:38.202,1.03375,1.034,2.40,2.40
2007.10.25 10:20:38.489,1.0338,1.034,0.90,2.40
2007.10.25 10:20:38.777,1.0338,1.03405,0.50,4.00
2007.10.25 10:20:39.065,1.03375,1.0341,10.40,2.40
2007.10.25 10:20:39.398,1.03375,1.0341,10.40,2.40
2007.10.25 10:20:39.731,1.03375,1.0341,10.40,2.40
2007.10.25 10:20:40.064,1.03375,1.0341,10.40,2.40
2007.10.25 10:20:40.246,1.0338,1.0341,0.90,2.40
2007.10.25 10:20:40.429,1.03375,1.0341,10.40,2.40
2007.10.25 10:20:40.612,1.03375,1.0341,10.40,2.40
2007.10.25 10:20:40.794,1.03375,1.0341,10.40,2.40
2007.10.25 10:20:40.977,1.0338,1.0341,0.80,2.40
2007.10.25 10:20:41.234,1.0338,1.0341,0.80,2.40
2007.10.25 10:20:41.492,1.03375,1.0341,10.40,2.40
2007.10.25 10:20:41.751,1.03375,1.0341,10.40,2.40
2007.10.25 10:20:42.008,1.03375,1.0341,14.40,2.40
2007.10.25 10:20:42.266,1.03375,1.0341,14.40,2.40
2007.10.25 10:20:42.438,1.03375,1.0341,14.40,2.40
2007.10.25 10:20:42.612,1.03375,1.0341,14.40,2.40
2007.10.25 10:20:42.784,1.0338,1.0341,0.50,2.40
2007.10.25 10:20:42.958,1.03375,1.0341,14.40,2.40
2007.10.25 10:20:43.131,1.0338,1.0341,0.70,2.40
2007.10.25 10:20:43.397,1.03375,1.0341,14.40,2.40
2007.10.25 10:20:43.666,1.0338,1.0341,0.90,2.40
2007.10.25 10:20:43.933,1.03375,1.0341,14.40,2.40
2007.10.25 10:20:44.200,1.03375,1.0341,14.40,2.40
2007.10.25 10:20:44.478,1.0338,1.0341,1.10,2.40
2007.10.25 10:20:44.756,1.03375,1.0341,14.40,2.40
2007.10.25 10:20:45.034,1.0338,1.0341,1.60,2.40
2007.10.25 10:20:45.312,1.0338,1.0341,1.60,2.40
2007.10.25 10:20:45.479,1.03385,1.0341,0.80,2.40
2007.10.25 10:20:45.647,1.0338,1.0341,1.60,2.40
2007.10.25 10:20:45.816,1.0338,1.0341,1.60,2.40
2007.10.25 10:20:45.984,1.03385,1.0341,0.80,2.40
2007.10.25 10:20:46.150,1.0338,1.0341,1.60,2.40
2007.10.25 10:20:46.319,1.0338,1.0341,1.60,2.40
2007.10.25 10:20:46.487,1.0338,1.0341,1.60,2.40
2007.10.25 10:20:46.754,1.0338,1.0341,1.60,2.40
2007.10.25 10:20:47.022,1.03385,1.0341,0.80,2.40
2007.10.25 10:20:47.290,1.03385,1.0341,0.80,2.40
2007.10.25 10:20:47.558,1.03385,1.0341,0.80,2.40
2007.10.25 10:20:47.735,1.03385,1.0341,0.80,2.40
2007.10.25 10:20:47.913,1.03385,1.0341,0.80,2.40
2007.10.25 10:20:48.091,1.03385,1.0341,0.80,2.40
2007.10.25 10:20:48.268,1.03385,1.0341,0.80,2.40
2007.10.25 10:20:48.446,1.03385,1.0341,0.80,2.40
2007.10.25 10:20:48.625,1.03385,1.0341,0.80,2.40
2007.10.25 10:20:48.857,1.03385,1.0341,0.80,2.40
2007.10.25 10:20:49.095,1.03385,1.0341,0.80,2.40
2007.10.25 10:20:49.328,1.03385,1.0341,0.80,2.40
2007.10.25 10:20:49.562,1.03385,1.0341,0.80,2.40
2007.10.25 10:20:49.895,1.03385,1.0341,0.80,2.40
2007.10.25 10:20:50.227,1.03385,1.0341,0.80,2.40
2007.10.25 10:20:50.560,1.03385,1.0341,0.80,2.40
2007.10.25 10:20:50.754,1.03385,1.0341,0.80,2.40
2007.10.25 10:20:50.947,1.03385,1.0341,0.80,2.40
2007.10.25 10:20:51.140,1.03385,1.0341,0.80,2.40
2007.10.25 10:20:51.332,1.03385,1.0341,0.80,2.40
2007.10.25 10:20:51.525,1.03385,1.0341,0.80,2.40
2007.10.25 10:20:51.717,1.03385,1.0341,0.80,2.40
2007.10.25 10:20:51.965,1.03385,1.0341,0.80,2.40
2007.10.25 10:20:52.213,1.03385,1.0341,0.80,2.40
2007.10.25 10:20:52.460,1.03385,1.0341,0.80,2.40
2007.10.25 10:20:52.708,1.03385,1.0341,0.80,2.40
2007.10.25 10:20:52.910,1.03385,1.0341,0.80,2.40
2007.10.25 10:20:53.113,1.03385,1.0341,0.80,2.40
2007.10.25 10:20:53.316,1.03385,1.0341,0.80,2.40
2007.10.25 10:20:53.519,1.03385,1.0341,0.80,2.40
2007.10.25 10:20:53.721,1.03385,1.0341,0.80,2.40
2007.10.25 10:20:54.055,1.03385,1.0341,0.80,2.40
2007.10.25 10:20:54.387,1.03385,1.0341,0.80,2.40
2007.10.25 10:20:54.720,1.03385,1.0341,0.80,2.40
2007.10.25 10:20:54.872,1.03385,1.0341,0.80,2.40
2007.10.25 10:20:55.025,1.03385,1.0341,0.80,2.40
2007.10.25 10:20:55.239,1.03385,1.0341,0.80,2.40
2007.10.25 10:20:55.394,1.03385,1.0341,0.80,2.40
2007.10.25 10:20:55.548,1.03385,1.0341,0.80,2.40
2007.10.25 10:20:55.702,1.03385,1.0341,0.80,5.20
2007.10.25 10:20:55.856,1.03385,1.0341,0.80,5.20
2007.10.25 10:20:56.190,1.03385,1.0341,0.80,5.20
2007.10.25 10:20:56.522,1.03375,1.0341,4.80,5.20
2007.10.25 10:20:56.856,1.03375,1.034,0.80,2.40
2007.10.25 10:20:57.079,1.03375,1.034,0.80,2.40
2007.10.25 10:20:57.303,1.03375,1.034,0.80,2.40
2007.10.25 10:20:57.525,1.03375,1.034,0.80,2.40
2007.10.25 10:20:57.749,1.03375,1.034,0.80,2.40
2007.10.25 10:20:57.972,1.03375,1.034,0.80,5.20
2007.10.25 10:20:58.285,1.03365,1.034,0.80,5.20
2007.10.25 10:20:58.598,1.03365,1.03395,0.80,2.80
2007.10.25 10:20:58.910,1.03365,1.03395,0.80,2.80
2007.10.25 10:20:59.243,1.03365,1.03395,0.80,2.80
2007.10.25 10:20:59.576,1.03365,1.03395,0.80,2.80
2007.10.25 10:20:59.909,1.03365,1.034,0.80,5.20
2007.10.25 10:21:00.098,1.03365,1.034,0.80,5.20
2007.10.25 10:21:00.285,1.03365,1.034,0.80,5.20
2007.10.25 10:21:00.474,1.03365,1.034,0.80,5.20
2007.10.25 10:21:00.661,1.03365,1.034,0.80,5.20
2007.10.25 10:21:00.848,1.03365,1.034,0.80,5.20
2007.10.25 10:21:01.036,1.03365,1.034,0.80,5.20
2007.10.25 10:21:01.371,1.03365,1.034,0.80,5.20
2007.10.25 10:21:01.673,1.03365,1.034,0.80,5.20
2007.10.25 10:21:01.977,1.03365,1.034,0.80,5.20
2007.10.25 10:21:02.115,1.03365,1.034,0.80,5.20
2007.10.25 10:21:02.253,1.03365,1.034,0.80,5.20
2007.10.25 10:21:02.393,1.03365,1.034,0.80,5.20
2007.10.25 10:21:02.529,1.03365,1.034,0.80,5.20
2007.10.25 10:21:02.666,1.03365,1.034,0.80,5.20
2007.10.25 10:21:02.803,1.03365,1.034,0.80,5.20
2007.10.25 10:21:02.942,1.03365,1.034,0.80,5.20
2007.10.25 10:21:03.079,1.03365,1.034,0.80,5.20
2007.10.25 10:21:03.412,1.03365,1.034,0.80,5.20
2007.10.25 10:21:03.746,1.03365,1.034,0.80,5.20
2007.10.25 10:21:04.078,1.03365,1.034,0.80,5.20
2007.10.25 10:21:04.391,1.03365,1.034,0.80,5.20
2007.10.25 10:21:04.703,1.03365,1.034,0.80,5.20
2007.10.25 10:21:05.015,1.03365,1.034,0.80,5.20
2007.10.25 10:21:05.202,1.03365,1.034,0.80,5.20
2007.10.25 10:21:05.390,1.03365,1.034,0.80,5.20
2007.10.25 10:21:05.577,1.03365,1.034,0.80,5.20
2007.10.25 10:21:05.766,1.0337,1.034,2.40,2.80
2007.10.25 10:21:05.955,1.0337,1.034,3.20,2.80
2007.10.25 10:21:06.143,1.03375,1.03405,0.80,7.60
2007.10.25 10:21:06.405,1.03375,1.034,0.80,5.20
2007.10.25 10:21:06.668,1.03375,1.034,0.80,2.40
2007.10.25 10:21:06.931,1.03375,1.034,0.80,2.40
2007.10.25 10:21:07.194,1.03375,1.034,0.80,2.40
2007.10.25 10:21:07.504,1.03375,1.034,0.80,2.40
2007.10.25 10:21:07.746,1.03375,1.03405,0.80,7.60
2007.10.25 10:21:07.989,1.03375,1.03405,0.80,7.60
2007.10.25 10:21:08.231,1.03375,1.03405,0.80,7.60
2007.10.25 10:21:08.489,1.03375,1.03405,0.80,7.60
2007.10.25 10:21:08.747,1.03375,1.03405,0.80,7.60
2007.10.25 10:21:09.006,1.03375,1.03405,0.80,7.60
2007.10.25 10:21:09.263,1.03375,1.03405,0.80,7.60
2007.10.25 10:21:09.597,1.03375,1.03405,0.80,7.60
2007.10.25 10:21:09.929,1.03375,1.03405,0.80,7.60
2007.10.25 10:21:10.261,1.03375,1.034,0.80,2.40
2007.10.25 10:21:10.414,1.03375,1.034,0.80,2.40
2007.10.25 10:21:10.566,1.03375,1.034,0.80,2.40
2007.10.25 10:21:10.719,1.03375,1.034,0.80,2.40
2007.10.25 10:21:10.872,1.03375,1.034,0.80,2.40
2007.10.25 10:21:11.025,1.03375,1.034,0.80,2.40
2007.10.25 10:21:11.178,1.03375,1.034,0.80,2.40
2007.10.25 10:21:11.436,1.03375,1.034,0.80,2.40
2007.10.25 10:21:11.693,1.03375,1.034,0.80,2.40
2007.10.25 10:21:11.951,1.03375,1.034,0.80,2.40
2007.10.25 10:21:12.207,1.03375,1.034,0.80,2.40
2007.10.25 10:21:12.390,1.03375,1.034,0.80,2.40
2007.10.25 10:21:12.573,1.03375,1.034,0.80,2.40
2007.10.25 10:21:12.754,1.03375,1.034,0.80,2.40
2007.10.25 10:21:12.937,1.03375,1.034,0.80,2.40
2007.10.25 10:21:13.120,1.03375,1.034,0.80,2.40
2007.10.25 10:21:13.302,1.03375,1.034,0.80,2.40
2007.10.25 10:21:13.641,1.03375,1.034,0.80,2.40
2007.10.25 10:21:13.898,1.03375,1.034,0.80,2.40
2007.10.25 10:21:14.156,1.03375,1.034,0.80,2.40
2007.10.25 10:21:14.412,1.03375,1.034,0.80,2.40
2007.10.25 10:21:14.733,1.03375,1.034,0.80,2.40
2007.10.25 10:21:15.056,1.03375,1.034,0.80,2.40
2007.10.25 10:21:15.379,1.03375,1.034,0.80,2.40
2007.10.25 10:21:15.701,1.03375,1.034,0.80,2.40
2007.10.25 10:21:15.824,1.03375,1.034,0.80,2.40
2007.10.25 10:21:15.947,1.03375,1.034,0.80,2.40
2007.10.25 10:21:16.069,1.03375,1.034,0.80,2.40
2007.10.25 10:21:16.192,1.03375,1.034,0.80,2.80
2007.10.25 10:21:16.315,1.03375,1.034,0.80,2.80
2007.10.25 10:21:16.438,1.03375,1.034,0.80,2.80
2007.10.25 10:21:16.770,1.03375,1.034,0.80,2.80
2007.10.25 10:21:17.103,1.03375,1.03405,0.80,7.60
2007.10.25 10:21:17.436,1.03375,1.034,0.80,2.40
2007.10.25 10:21:17.639,1.03375,1.034,0.80,2.40
2007.10.25 10:21:17.842,1.03375,1.034,0.80,2.40
2007.10.25 10:21:18.045,1.03375,1.034,0.80,2.40
2007.10.25 10:21:18.246,1.03375,1.034,0.80,2.40
2007.10.25 10:21:18.448,1.03375,1.034,0.80,2.40
2007.10.25 10:21:18.771,1.03375,1.034,0.80,2.40
2007.10.25 10:21:19.093,1.03375,1.034,0.80,2.40
2007.10.25 10:21:19.416,1.03375,1.034,0.80,2.40
2007.10.25 10:21:19.776,1.03375,1.034,0.80,2.40
2007.10.25 10:21:20.094,1.03375,1.034,0.80,2.40
2007.10.25 10:21:20.413,1.03375,1.034,0.80,2.40
2007.10.25 10:21:20.730,1.03375,1.03405,0.80,7.60
2007.10.25 10:21:20.908,1.03375,1.03405,0.80,7.60
2007.10.25 10:21:21.086,1.03375,1.03405,0.80,7.60
2007.10.25 10:21:21.263,1.03375,1.03405,0.80,7.60
2007.10.25 10:21:21.441,1.03375,1.03405,0.80,7.60
2007.10.25 10:21:21.619,1.03375,1.03405,0.80,7.60
2007.10.25 10:21:21.896,1.03375,1.03405,0.80,7.60
2007.10.25 10:21:22.174,1.03375,1.03405,0.80,7.60
2007.10.25 10:21:22.451,1.03375,1.03405,0.80,7.60
2007.10.25 10:21:22.728,1.03375,1.03405,0.80,7.60
2007.10.25 10:21:22.956,1.03375,1.03405,0.80,7.60
2007.10.25 10:21:23.184,1.03375,1.03405,0.80,7.60
2007.10.25 10:21:23.411,1.03375,1.03405,0.80,7.60
2007.10.25 10:21:23.639,1.03375,1.03405,0.80,7.60
2007.10.25 10:21:23.892,1.03375,1.03405,0.80,7.60
2007.10.25 10:21:24.145,1.03375,1.03405,0.80,7.60
2007.10.25 10:21:24.398,1.03375,1.03405,0.80,7.60
2007.10.25 10:21:24.651,1.03375,1.03405,0.80,7.60
2007.10.25 10:21:24.903,1.03375,1.03405,0.80,7.60
2007.10.25 10:21:25.190,1.03375,1.03405,0.80,7.60
2007.10.25 10:21:25.478,1.03375,1.03405,0.80,7.60
2007.10.25 10:21:25.766,1.03375,1.03405,0.80,7.60
2007.10.25 10:21:25.968,1.03375,1.03405,0.80,7.60
2007.10.25 10:21:26.171,1.03375,1.03405,0.80,7.60
2007.10.25 10:21:26.373,1.03375,1.03405,0.80,7.60
2007.10.25 10:21:26.576,1.03375,1.03405,0.80,7.60
2007.10.25 10:21:26.779,1.03375,1.03405,0.80,7.60
2007.10.25 10:21:26.982,1.03375,1.03405,0.80,7.60
2007.10.25 10:21:27.184,1.03375,1.03405,0.80,7.60
2007.10.25 10:21:27.387,1.03375,1.03405,0.80,7.60
2007.10.25 10:21:27.590,1.03375,1.03405,0.80,7.60
2007.10.25 10:21:27.793,1.03375,1.03405,0.80,7.60
2007.10.25 10:21:28.006,1.03375,1.03405,0.80,7.60
2007.10.25 10:21:28.218,1.03375,1.03405,0.80,7.60
2007.10.25 10:21:28.431,1.03375,1.03405,0.80,7.60
2007.10.25 10:21:28.644,1.03375,1.034,0.80,2.40
2007.10.25 10:21:28.857,1.03375,1.034,0.80,2.40
2007.10.25 10:21:29.190,1.03375,1.034,0.80,2.40
2007.10.25 10:21:29.522,1.03375,1.034,0.80,2.40
2007.10.25 10:21:29.855,1.03375,1.03405,0.80,4.00
2007.10.25 10:21:30.017,1.03375,1.03405,0.80,4.00
2007.10.25 10:21:30.179,1.03375,1.03405,0.80,4.00
2007.10.25 10:21:30.342,1.03375,1.03405,0.80,4.00
2007.10.25 10:21:30.505,1.03375,1.03405,0.80,4.00
2007.10.25 10:21:30.667,1.03375,1.03405,0.80,4.00
2007.10.25 10:21:30.830,1.03375,1.03405,0.80,4.00
2007.10.25 10:21:31.142,1.03375,1.03405,0.80,4.00
2007.10.25 10:21:31.455,1.03375,1.03405,0.80,4.00
2007.10.25 10:21:31.768,1.03375,1.034,0.80,2.40
2007.10.25 10:21:32.080,1.03375,1.034,0.80,2.40
2007.10.25 10:21:32.268,1.0337,1.034,1.60,2.40
2007.10.25 10:21:32.456,1.0337,1.034,1.60,2.40
2007.10.25 10:21:32.644,1.0337,1.034,1.60,2.40
2007.10.25 10:21:32.830,1.0337,1.034,1.60,2.40
2007.10.25 10:21:33.018,1.0337,1.034,1.60,2.40
2007.10.25 10:21:33.291,1.0337,1.034,1.60,2.40
2007.10.25 10:21:33.566,1.0337,1.034,1.60,2.40
2007.10.25 10:21:33.839,1.0337,1.034,1.60,2.40
2007.10.25 10:21:34.163,1.0337,1.034,1.60,2.40
2007.10.25 10:21:34.485,1.0337,1.034,1.60,2.40
2007.10.25 10:21:34.808,1.0337,1.034,1.60,2.40
2007.10.25 10:21:35.132,1.0337,1.034,1.60,2.40
2007.10.25 10:21:35.250,1.0337,1.034,1.60,2.40
2007.10.25 10:21:35.368,1.0337,1.034,1.60,2.40
2007.10.25 10:21:35.486,1.0337,1.034,1.60,2.40
2007.10.25 10:21:35.604,1.0337,1.034,1.60,2.40
2007.10.25 10:21:35.721,1.0337,1.034,1.60,2.40
2007.10.25 10:21:35.839,1.0337,1.034,1.60,2.40
2007.10.25 10:21:35.958,1.0337,1.034,1.60,2.40
2007.10.25 10:21:36.075,1.0337,1.034,1.60,2.40
2007.10.25 10:21:36.409,1.0337,1.034,1.60,2.40
2007.10.25 10:21:36.742,1.0337,1.034,1.60,2.40
2007.10.25 10:21:37.075,1.0337,1.034,1.60,2.40
2007.10.25 10:21:37.409,1.0337,1.034,1.60,2.40
2007.10.25 10:21:37.585,1.0337,1.034,1.60,2.40
2007.10.25 10:21:37.763,1.0337,1.034,1.60,2.40
2007.10.25 10:21:37.940,1.0337,1.034,1.60,2.40
2007.10.25 10:21:38.219,1.0337,1.034,1.60,2.40
2007.10.25 10:21:38.482,1.0337,1.034,1.60,2.40
2007.10.25 10:21:38.744,1.0337,1.034,1.60,2.40
2007.10.25 10:21:39.007,1.0337,1.034,1.60,2.40
2007.10.25 10:21:39.270,1.0337,1.034,1.60,2.40
2007.10.25 10:21:39.532,1.0337,1.034,1.60,2.40
2007.10.25 10:21:39.864,1.0337,1.034,1.60,2.40
2007.10.25 10:21:40.196,1.0337,1.034,1.60,2.40
2007.10.25 10:21:40.529,1.0337,1.034,1.60,2.40
2007.10.25 10:21:40.687,1.0337,1.034,1.60,2.40
2007.10.25 10:21:40.844,1.0337,1.034,1.60,2.40
2007.10.25 10:21:41.001,1.0337,1.034,1.60,2.40
2007.10.25 10:21:41.159,1.0337,1.034,1.60,2.40
2007.10.25 10:21:41.316,1.0337,1.034,1.60,2.40
2007.10.25 10:21:41.474,1.0337,1.034,1.60,2.40
2007.10.25 10:21:41.767,1.0337,1.034,1.60,2.40
2007.10.25 10:21:42.060,1.0337,1.034,1.60,2.40
2007.10.25 10:21:42.352,1.0337,1.034,1.60,2.40
2007.10.25 10:21:42.555,1.0337,1.034,1.60,2.40
2007.10.25 10:21:42.758,1.0337,1.034,1.60,2.40
2007.10.25 10:21:42.962,1.0337,1.034,1.60,2.40
2007.10.25 10:21:43.166,1.0337,1.034,1.60,2.40
2007.10.25 10:21:43.320,1.0337,1.034,1.60,0.90
2007.10.25 10:21:43.367,1.0337,1.03405,1.60,9.20
2007.10.25 10:21:43.562,1.0337,1.034,1.60,0.60
2007.10.25 10:21:43.754,1.0337,1.03405,1.60,9.20
2007.10.25 10:21:43.946,1.0337,1.03405,1.60,9.20
2007.10.25 10:21:44.138,1.0337,1.03405,1.60,9.20
2007.10.25 10:21:44.360,1.0337,1.034,1.60,2.40
2007.10.25 10:21:44.692,1.0337,1.034,1.60,2.40
2007.10.25 10:21:45.027,1.0337,1.03395,0.80,6.80
2007.10.25 10:21:45.359,1.0337,1.03395,0.80,4.00
2007.10.25 10:21:45.562,1.0337,1.03395,0.80,4.00
2007.10.25 10:21:45.765,1.0337,1.03395,0.80,4.00
2007.10.25 10:21:45.968,1.0337,1.03395,0.80,4.00
2007.10.25 10:21:46.170,1.0337,1.03395,0.80,4.00
2007.10.25 10:21:46.373,1.0337,1.03395,0.80,4.00
2007.10.25 10:21:46.660,1.0337,1.03395,0.80,6.80
2007.10.25 10:21:46.948,1.0337,1.03395,0.80,6.80
2007.10.25 10:21:47.239,1.0337,1.0339,0.80,2.40
2007.10.25 10:21:47.525,1.0336,1.0339,1.60,5.20
2007.10.25 10:21:47.733,1.0336,1.0339,1.60,2.40
2007.10.25 10:21:47.941,1.0336,1.0339,1.60,2.40
2007.10.25 10:21:48.148,1.0336,1.0339,1.60,2.40
2007.10.25 10:21:48.356,1.0336,1.0339,1.60,5.20
2007.10.25 10:21:48.564,1.0336,1.0338,1.60,2.40
2007.10.25 10:21:48.845,1.0336,1.0338,1.60,5.20
2007.10.25 10:21:49.122,1.0336,1.0338,0.80,5.20
2007.10.25 10:21:49.399,1.0335,1.0338,1.60,5.20
2007.10.25 10:21:49.722,1.0335,1.0338,1.60,5.20
2007.10.25 10:21:50.045,1.0335,1.0338,1.60,5.20
2007.10.25 10:21:50.489,1.0335,1.0338,1.60,5.20
2007.10.25 10:21:50.652,1.0335,1.0338,1.60,5.20
2007.10.25 10:21:50.815,1.0335,1.0338,1.60,5.20
2007.10.25 10:21:50.977,1.0335,1.0338,1.60,2.40
2007.10.25 10:21:51.140,1.0335,1.0338,1.60,2.40
2007.10.25 10:21:51.302,1.0335,1.0338,1.60,2.40
2007.10.25 10:21:51.464,1.0335,1.0338,1.60,2.40
2007.10.25 10:21:51.627,1.0335,1.0338,1.60,2.40
2007.10.25 10:21:51.935,1.0335,1.0338,1.60,2.40
2007.10.25 10:21:52.243,1.0335,1.03385,4.00,7.60
2007.10.25 10:21:52.550,1.0335,1.03385,4.00,6.80
2007.10.25 10:21:52.743,1.0335,1.03385,4.00,4.00
2007.10.25 10:21:52.935,1.0336,1.0339,0.80,2.80
2007.10.25 10:21:53.128,1.0336,1.03395,0.80,3.60
2007.10.25 10:21:53.321,1.0336,1.03395,4.00,3.60
2007.10.25 10:21:53.514,1.0336,1.03395,3.20,0.80
2007.10.25 10:21:53.707,1.03365,1.03395,0.80,2.80
2007.10.25 10:21:54.039,1.03365,1.03395,0.80,2.80
2007.10.25 10:21:54.371,1.03365,1.03395,0.80,2.80
2007.10.25 10:21:54.705,1.03365,1.03395,0.80,2.80
2007.10.25 10:21:55.002,1.03365,1.03395,0.80,2.80
2007.10.25 10:21:55.300,1.03365,1.03395,0.80,2.80
2007.10.25 10:21:55.598,1.03365,1.03395,0.80,2.80
2007.10.25 10:21:55.775,1.03365,1.03395,0.80,2.80
2007.10.25 10:21:55.953,1.03365,1.03395,0.80,2.80
2007.10.25 10:21:56.131,1.03365,1.0338,0.80,2.40
2007.10.25 10:21:56.309,1.03365,1.0338,0.80,2.40
2007.10.25 10:21:56.486,1.03365,1.0338,0.80,2.40
2007.10.25 10:21:56.665,1.0335,1.0338,4.00,2.80
2007.10.25 10:21:56.912,1.0335,1.0339,4.00,5.20
2007.10.25 10:21:57.160,1.0335,1.0339,4.00,5.20
2007.10.25 10:21:57.408,1.0335,1.0339,4.00,5.20
2007.10.25 10:21:57.656,1.0335,1.03385,3.20,2.80
2007.10.25 10:21:57.914,1.0335,1.0339,6.40,2.80
2007.10.25 10:21:58.171,1.0335,1.0339,6.40,2.80
2007.10.25 10:21:58.430,1.0335,1.0339,6.40,2.80
2007.10.25 10:21:58.687,1.0335,1.0339,6.40,2.80
2007.10.25 10:21:59.020,1.0335,1.0339,6.40,2.80
2007.10.25 10:21:59.352,1.0335,1.0339,6.40,2.80
2007.10.25 10:21:59.684,1.0335,1.0339,6.40,2.80
2007.10.25 10:21:59.862,1.03365,1.03395,0.80,3.60
2007.10.25 10:22:00.040,1.03365,1.03395,0.80,3.60
2007.10.25 10:22:00.218,1.03365,1.03395,0.80,3.60
2007.10.25 10:22:00.396,1.03365,1.03395,0.80,3.60
2007.10.25 10:22:00.574,1.03365,1.03395,0.80,3.60
2007.10.25 10:22:00.752,1.03365,1.03395,0.80,3.60
2007.10.25 10:22:01.020,1.03365,1.03395,0.80,3.60
2007.10.25 10:22:01.287,1.03365,1.03395,0.80,3.60
2007.10.25 10:22:01.555,1.03365,1.03395,0.80,3.60
2007.10.25 10:22:01.823,1.03365,1.03395,0.80,3.60
2007.10.25 10:22:02.011,1.03365,1.03395,0.80,3.60
2007.10.25 10:22:02.199,1.03365,1.03395,0.80,3.60
2007.10.25 10:22:02.387,1.03365,1.03395,0.80,3.60
2007.10.25 10:22:02.575,1.03365,1.03395,0.80,3.60
2007.10.25 10:22:02.767,1.03365,1.03395,0.80,3.60
2007.10.25 10:22:02.955,1.03365,1.03395,0.80,3.60
2007.10.25 10:22:03.227,1.03365,1.03395,0.80,3.60
2007.10.25 10:22:03.500,1.03365,1.03395,0.80,3.60
2007.10.25 10:22:03.772,1.03365,1.03395,0.80,3.60
2007.10.25 10:22:04.045,1.03365,1.03395,0.80,3.60
2007.10.25 10:22:04.378,1.03365,1.03395,0.80,3.60
2007.10.25 10:22:04.711,1.03365,1.03395,0.80,3.60
2007.10.25 10:22:05.044,1.03365,1.03395,0.80,3.60
2007.10.25 10:22:05.232,1.03365,1.03395,0.80,3.60
2007.10.25 10:22:05.420,1.03365,1.03395,0.80,3.60
2007.10.25 10:22:05.608,1.03365,1.03395,0.80,3.60
2007.10.25 10:22:05.797,1.03365,1.03395,0.80,3.60
2007.10.25 10:22:05.969,1.03365,1.03395,0.80,3.60
2007.10.25 10:22:06.142,1.03365,1.03395,0.80,3.60
2007.10.25 10:22:06.314,1.03365,1.03395,0.80,3.60
2007.10.25 10:22:06.487,1.03365,1.03395,0.80,3.60
2007.10.25 10:22:06.659,1.03365,1.03395,0.80,3.60
2007.10.25 10:22:06.832,1.03365,1.03395,0.80,3.60
2007.10.25 10:22:07.080,1.03365,1.03395,0.80,3.60
2007.10.25 10:22:07.327,1.03365,1.03395,0.80,3.60
2007.10.25 10:22:07.574,1.03365,1.03395,0.80,3.60
2007.10.25 10:22:07.822,1.03365,1.03395,0.80,3.60
2007.10.25 10:22:08.069,1.03365,1.03395,0.80,3.60
2007.10.25 10:22:08.262,1.03365,1.03395,0.80,3.60
2007.10.25 10:22:08.454,1.03365,1.03395,0.80,3.60
2007.10.25 10:22:08.646,1.03365,1.0339,0.80,2.40
2007.10.25 10:22:08.907,1.03365,1.0339,0.80,5.20
2007.10.25 10:22:09.240,1.03365,1.0339,0.80,5.20
2007.10.25 10:22:09.573,1.03365,1.0339,0.80,5.20
2007.10.25 10:22:09.905,1.03365,1.0339,0.80,5.20
2007.10.25 10:22:10.057,1.03365,1.0339,0.80,5.20
2007.10.25 10:22:10.209,1.03365,1.0339,0.80,5.20
2007.10.25 10:22:10.362,1.03365,1.0339,0.80,5.20
2007.10.25 10:22:10.515,1.03365,1.0339,0.80,5.20
2007.10.25 10:22:10.669,1.03365,1.0339,0.80,5.20
2007.10.25 10:22:10.821,1.03365,1.0339,0.80,5.20
2007.10.25 10:22:10.975,1.03365,1.0339,0.80,5.20
2007.10.25 10:22:11.261,1.03365,1.0339,0.80,5.20
2007.10.25 10:22:11.549,1.03365,1.0339,0.80,5.20
2007.10.25 10:22:11.836,1.03365,1.0339,0.80,5.20
2007.10.25 10:22:12.124,1.03365,1.0339,0.80,5.20
2007.10.25 10:22:12.282,1.03365,1.0339,0.80,5.20
2007.10.25 10:22:12.439,1.03365,1.0339,0.80,5.20
2007.10.25 10:22:12.597,1.03365,1.0339,0.80,5.20
2007.10.25 10:22:12.755,1.03365,1.0339,0.80,5.20
2007.10.25 10:22:12.913,1.03365,1.0339,0.80,5.20
2007.10.25 10:22:13.071,1.03365,1.0339,0.80,5.20
2007.10.25 10:22:13.324,1.03365,1.0339,0.80,5.20
2007.10.25 10:22:13.577,1.03365,1.0339,0.80,5.20
2007.10.25 10:22:13.830,1.03365,1.0339,0.80,5.20
2007.10.25 10:22:14.082,1.03365,1.0339,0.80,5.20
2007.10.25 10:22:14.334,1.03365,1.0339,0.80,5.20
2007.10.25 10:22:14.647,1.03365,1.0339,0.80,5.20
2007.10.25 10:22:15.044,1.03355,1.0338,0.80,2.80
2007.10.25 10:22:15.356,1.03355,1.0338,0.80,2.80
2007.10.25 10:22:15.528,1.03355,1.0338,0.80,2.80
2007.10.25 10:22:15.701,1.03355,1.0338,0.80,2.80
2007.10.25 10:22:15.874,1.03355,1.0338,0.80,2.80
2007.10.25 10:22:16.047,1.03355,1.0338,0.80,2.80
2007.10.25 10:22:16.220,1.03355,1.0338,0.80,2.80
2007.10.25 10:22:16.468,1.03355,1.0338,0.80,2.80
2007.10.25 10:22:16.716,1.03355,1.0338,0.80,2.80
2007.10.25 10:22:16.964,1.03355,1.0338,0.80,5.20
2007.10.25 10:22:17.212,1.03355,1.0338,0.80,5.20
2007.10.25 10:22:17.460,1.03355,1.0338,0.80,5.20
2007.10.25 10:22:17.682,1.03355,1.0338,0.80,5.20
2007.10.25 10:22:17.905,1.03355,1.0338,0.80,5.20
2007.10.25 10:22:18.127,1.03355,1.0338,0.80,5.20
2007.10.25 10:22:18.350,1.03355,1.0338,0.80,5.20
2007.10.25 10:22:18.598,1.03355,1.0338,0.80,5.20
2007.10.25 10:22:18.846,1.0336,1.0338,0.80,2.40
2007.10.25 10:22:19.094,1.0336,1.0338,0.80,2.40
2007.10.25 10:22:19.342,1.0336,1.0338,1.60,2.40
2007.10.25 10:22:19.675,1.0336,1.0338,1.60,2.40
2007.10.25 10:22:20.008,1.0336,1.03385,1.60,6.80
2007.10.25 10:22:20.342,1.0336,1.03385,0.80,6.80
2007.10.25 10:22:20.510,1.03355,1.03385,0.80,6.80
2007.10.25 10:22:20.678,1.03355,1.0338,0.80,2.40
2007.10.25 10:22:20.846,1.03355,1.0338,0.80,2.40
2007.10.25 10:22:21.014,1.03355,1.0338,0.80,5.20
2007.10.25 10:22:21.185,1.03355,1.0338,0.80,5.20
2007.10.25 10:22:21.354,1.03355,1.0338,0.80,5.20
2007.10.25 10:22:21.661,1.03355,1.0338,0.80,5.20
2007.10.25 10:22:21.971,1.03355,1.0338,0.80,5.20
2007.10.25 10:22:22.279,1.03355,1.0338,0.80,5.20
2007.10.25 10:22:22.588,1.03355,1.0338,0.80,5.20
2007.10.25 10:22:22.766,1.03355,1.0338,0.80,5.20
2007.10.25 10:22:22.944,1.03355,1.0338,0.80,5.20
2007.10.25 10:22:23.122,1.03355,1.0338,0.80,5.20
2007.10.25 10:22:23.300,1.03355,1.0338,0.80,5.20
2007.10.25 10:22:23.477,1.03355,1.0338,0.80,5.20
2007.10.25 10:22:23.715,1.03355,1.0338,0.80,5.20
2007.10.25 10:22:23.953,1.03355,1.0338,0.80,5.20
2007.10.25 10:22:24.191,1.03355,1.0338,0.80,5.20
2007.10.25 10:22:24.428,1.03355,1.0338,0.80,5.20
2007.10.25 10:22:24.751,1.03355,1.0338,0.80,5.20
2007.10.25 10:22:25.074,1.03355,1.0338,0.80,2.40
2007.10.25 10:22:25.397,1.03355,1.0338,0.80,5.20
2007.10.25 10:22:25.719,1.03355,1.0338,0.80,5.20
2007.10.25 10:22:25.902,1.03355,1.0338,0.80,2.40
2007.10.25 10:22:26.085,1.03355,1.0338,0.80,2.40
2007.10.25 10:22:26.268,1.03355,1.0338,0.80,2.40
2007.10.25 10:22:26.450,1.03355,1.0338,0.80,5.20
2007.10.25 10:22:26.633,1.03355,1.0338,0.80,5.20
2007.10.25 10:22:26.880,1.03355,1.0338,0.80,5.20
2007.10.25 10:22:27.128,1.03355,1.0338,0.80,5.20
2007.10.25 10:22:27.375,1.03355,1.0338,0.80,5.20
2007.10.25 10:22:27.623,1.03355,1.0338,0.80,5.20
2007.10.25 10:22:27.870,1.03355,1.0338,0.80,5.20
2007.10.25 10:22:28.143,1.03355,1.0338,0.80,5.20
2007.10.25 10:22:28.416,1.03355,1.0338,0.80,5.20
2007.10.25 10:22:28.689,1.03355,1.0338,0.80,5.20
2007.10.25 10:22:29.022,1.03355,1.0338,0.80,5.20
2007.10.25 10:22:29.354,1.03355,1.0338,0.80,5.20
2007.10.25 10:22:29.688,1.03355,1.0338,0.80,5.20
2007.10.25 10:22:29.845,1.03355,1.0338,0.80,5.20
2007.10.25 10:22:30.004,1.03355,1.0338,0.80,5.20
2007.10.25 10:22:30.162,1.03355,1.0338,0.80,5.20
2007.10.25 10:22:30.320,1.03355,1.0338,0.80,5.20
2007.10.25 10:22:30.477,1.03355,1.0338,0.80,5.20
2007.10.25 10:22:30.636,1.03355,1.0338,0.80,5.20
2007.10.25 10:22:30.794,1.03355,1.0338,0.80,5.20
2007.10.25 10:22:30.817,1.03355,1.0338,0.80,0.60
2007.10.25 10:22:31.127,1.03355,1.0338,0.80,5.20
2007.10.25 10:22:31.459,1.03355,1.0338,0.80,5.20
2007.10.25 10:22:31.792,1.03355,1.0338,0.80,5.20
2007.10.25 10:22:31.985,1.03355,1.0338,0.80,5.20
2007.10.25 10:22:32.178,1.03355,1.0338,0.80,5.20
2007.10.25 10:22:32.370,1.03355,1.0338,0.80,5.20
2007.10.25 10:22:32.563,1.03355,1.0338,0.80,5.20
2007.10.25 10:22:32.756,1.03355,1.0338,0.80,5.20
2007.10.25 10:22:33.058,1.03355,1.0338,0.80,5.20
2007.10.25 10:22:33.454,1.03355,1.0338,0.80,5.20
2007.10.25 10:22:33.756,1.03355,1.0338,0.80,5.20
2007.10.25 10:22:34.059,1.03355,1.0338,0.80,5.20
2007.10.25 10:22:34.394,1.03355,1.0338,0.80,5.20
2007.10.25 10:22:34.727,1.03355,1.0338,0.80,5.20
2007.10.25 10:22:35.059,1.03355,1.0338,0.80,5.20
2007.10.25 10:22:35.281,1.03355,1.0338,0.80,5.20
2007.10.25 10:22:35.505,1.03355,1.0338,0.80,5.20
2007.10.25 10:22:35.727,1.0335,1.0338,1.60,5.20
2007.10.25 10:22:35.950,1.0335,1.0338,1.60,5.20
2007.10.25 10:22:36.227,1.0335,1.0338,1.60,5.20
2007.10.25 10:22:36.505,1.0335,1.0338,1.60,5.20
2007.10.25 10:22:36.783,1.0335,1.0338,1.60,5.20
2007.10.25 10:22:37.060,1.0335,1.0338,1.60,5.20
2007.10.25 10:22:37.272,1.0335,1.0338,1.60,5.20
2007.10.25 10:22:37.485,1.0335,1.0338,1.60,5.20
2007.10.25 10:22:37.698,1.0335,1.0338,1.60,5.20
2007.10.25 10:22:37.911,1.0335,1.0338,1.60,5.20
2007.10.25 10:22:38.104,1.0335,1.0338,1.60,5.20
2007.10.25 10:22:38.297,1.0335,1.0338,4.00,2.80
2007.10.25 10:22:38.489,1.0335,1.0338,4.00,2.80
2007.10.25 10:22:38.682,1.0335,1.0338,4.00,2.80
2007.10.25 10:22:38.875,1.0335,1.0338,4.00,2.80
2007.10.25 10:22:39.207,1.0335,1.0338,4.00,2.80
2007.10.25 10:22:39.592,1.0335,1.0338,1.60,5.20
2007.10.25 10:22:39.924,1.0335,1.0338,4.00,2.80
2007.10.25 10:22:40.127,1.0335,1.0338,4.00,2.80
2007.10.25 10:22:40.329,1.0335,1.0338,1.60,5.20
2007.10.25 10:22:40.534,1.0335,1.0338,1.60,5.20
2007.10.25 10:22:40.737,1.0335,1.0338,1.60,5.20
2007.10.25 10:22:40.939,1.0335,1.03375,1.60,2.80
2007.10.25 10:22:41.272,1.0335,1.03375,1.60,2.80
2007.10.25 10:22:41.605,1.0335,1.03375,1.60,2.80
2007.10.25 10:22:41.938,1.03355,1.03375,8.80,2.80
2007.10.25 10:22:42.171,1.0336,1.03375,0.80,2.80
2007.10.25 10:22:42.404,1.0336,1.0338,1.60,2.80
2007.10.25 10:22:42.637,1.0336,1.03385,4.00,2.80
2007.10.25 10:22:42.870,1.0336,1.03385,4.00,2.80
2007.10.25 10:22:43.103,1.03365,1.03395,0.80,2.80
2007.10.25 10:22:43.435,1.03365,1.034,0.80,2.40
2007.10.25 10:22:43.767,1.03365,1.034,1.60,2.40
2007.10.25 10:22:44.101,1.0337,1.03395,0.80,2.80
2007.10.25 10:22:44.434,1.0337,1.03395,0.80,2.80
2007.10.25 10:22:44.767,1.0337,1.034,0.80,5.20
2007.10.25 10:22:45.100,1.0337,1.034,0.80,5.20
2007.10.25 10:22:45.333,1.0337,1.03405,3.20,6.80
2007.10.25 10:22:45.565,1.0337,1.03405,3.20,6.80
2007.10.25 10:22:45.797,1.0337,1.034,3.20,2.80
2007.10.25 10:22:46.029,1.0337,1.034,3.20,2.80
2007.10.25 10:22:46.332,1.03375,1.03405,4.00,2.80
2007.10.25 10:22:46.635,1.0338,1.03405,0.80,2.80
2007.10.25 10:22:46.937,1.0338,1.03405,0.80,2.80
2007.10.25 10:22:47.240,1.0338,1.0341,0.80,5.20
2007.10.25 10:22:47.533,1.0338,1.0341,0.80,5.20
2007.10.25 10:22:47.825,1.0338,1.03405,0.80,2.80
2007.10.25 10:22:48.118,1.0338,1.03405,0.80,2.80
2007.10.25 10:22:48.342,1.0338,1.03405,0.80,2.80
2007.10.25 10:22:48.565,1.0338,1.03405,0.80,2.80
2007.10.25 10:22:48.788,1.0338,1.03405,0.80,2.80
2007.10.25 10:22:49.010,1.0338,1.03405,0.80,2.80
2007.10.25 10:22:49.232,1.0338,1.03405,0.80,2.80
2007.10.25 10:22:49.565,1.0338,1.03405,0.80,2.80
2007.10.25 10:22:49.898,1.0338,1.03405,0.80,2.80
2007.10.25 10:22:50.230,1.0338,1.03405,0.80,2.80
2007.10.25 10:22:50.423,1.0338,1.03405,0.80,2.80
2007.10.25 10:22:50.615,1.0338,1.03405,0.80,2.80
2007.10.25 10:22:50.807,1.0338,1.03405,0.80,2.80
2007.10.25 10:22:50.855,1.0338,1.0341,0.80,5.20
2007.10.25 10:22:50.999,1.0338,1.03405,0.80,0.70
2007.10.25 10:22:51.191,1.0338,1.0341,0.80,5.20
2007.10.25 10:22:51.523,1.0338,1.03405,0.80,0.70
2007.10.25 10:22:51.866,1.0338,1.0341,0.80,5.20
2007.10.25 10:22:52.200,1.0338,1.03415,0.80,13.20
2007.10.25 10:22:52.428,1.0338,1.0341,0.80,0.80
2007.10.25 10:22:52.655,1.0338,1.03415,0.80,13.20
2007.10.25 10:22:52.885,1.0338,1.0341,0.80,0.80
2007.10.25 10:22:53.112,1.0338,1.0341,0.80,0.70
2007.10.25 10:22:53.339,1.0338,1.0341,0.80,0.50
2007.10.25 10:22:53.617,1.0338,1.03415,0.80,9.20
2007.10.25 10:22:53.895,1.0338,1.03415,0.80,9.20
2007.10.25 10:22:54.174,1.0338,1.0341,0.80,0.80
2007.10.25 10:22:54.451,1.0338,1.03415,0.80,9.20
2007.10.25 10:22:54.784,1.0338,1.0341,0.80,0.80
2007.10.25 10:22:55.118,1.03375,1.0341,4.80,6.40
2007.10.25 10:22:55.451,1.034,1.0342,0.80,6.80
2007.10.25 10:22:55.669,1.034,1.0343,1.60,6.40
2007.10.25 10:22:55.887,1.034,1.03435,1.60,12.40
2007.10.25 10:22:56.104,1.034,1.03435,1.60,12.40
2007.10.25 10:22:56.322,1.034,1.03435,1.60,12.40
2007.10.25 10:22:56.595,1.034,1.03435,1.60,11.60
2007.10.25 10:22:56.867,1.034,1.0343,1.60,9.20
2007.10.25 10:22:57.140,1.03385,1.0343,0.80,9.20
2007.10.25 10:22:57.414,1.03385,1.03425,0.80,0.60
2007.10.25 10:22:57.642,1.03385,1.03425,4.80,0.50
2007.10.25 10:22:57.869,1.03385,1.03435,4.80,6.80
2007.10.25 10:22:58.096,1.03385,1.0343,4.80,0.80
2007.10.25 10:22:58.324,1.03385,1.03435,4.80,7.60
2007.10.25 10:22:58.612,1.03385,1.0343,4.00,0.80
2007.10.25 10:22:58.900,1.03385,1.03435,4.80,7.60
2007.10.25 10:22:59.187,1.03385,1.03425,0.80,0.70
2007.10.25 10:22:59.476,1.03385,1.03435,4.00,7.60
2007.10.25 10:22:59.809,1.0338,1.03435,6.40,7.60
2007.10.25 10:23:00.141,1.034,1.03435,2.40,7.60
2007.10.25 10:23:00.474,1.0341,1.03435,0.80,6.80
2007.10.25 10:23:00.707,1.0341,1.0344,1.60,0.70
2007.10.25 10:23:00.939,1.0341,1.03445,1.60,12.40
2007.10.25 10:23:01.173,1.0341,1.03445,1.60,12.40
2007.10.25 10:23:01.406,1.0341,1.0344,0.80,6.40
2007.10.25 10:23:01.738,1.03405,1.0344,0.80,9.20
2007.10.25 10:23:02.070,1.0341,1.0344,1.60,0.60
2007.10.25 10:23:02.403,1.0341,1.0344,1.60,0.60
2007.10.25 10:23:02.615,1.0341,1.0344,1.60,0.50
2007.10.25 10:23:02.828,1.0341,1.03445,1.60,11.60
2007.10.25 10:23:03.041,1.0341,1.03445,1.60,11.60
2007.10.25 10:23:03.254,1.0341,1.03445,1.60,11.60
2007.10.25 10:23:03.467,1.0341,1.03445,1.60,11.60
2007.10.25 10:23:03.784,1.0341,1.03445,1.60,11.60
2007.10.25 10:23:04.141,1.0341,1.03445,1.60,11.60
2007.10.25 10:23:04.460,1.0341,1.0344,1.60,0.50
2007.10.25 10:23:04.782,1.0341,1.03445,1.60,11.60
2007.10.25 10:23:05.105,1.0341,1.0344,1.60,0.50
2007.10.25 10:23:05.428,1.0341,1.0344,1.60,0.60
2007.10.25 10:23:05.751,1.0341,1.03445,1.60,11.60
2007.10.25 10:23:05.989,1.0341,1.03445,1.60,11.60
2007.10.25 10:23:06.226,1.0341,1.03445,1.60,11.60
2007.10.25 10:23:06.464,1.0341,1.03445,1.60,12.40
2007.10.25 10:23:06.703,1.0341,1.03445,1.60,12.40
2007.10.25 10:23:06.995,1.0341,1.03445,1.60,12.40
2007.10.25 10:23:07.287,1.0341,1.0344,1.60,0.50
2007.10.25 10:23:07.579,1.0341,1.03445,1.60,12.40
2007.10.25 10:23:07.846,1.0341,1.0344,1.60,0.70
2007.10.25 10:23:08.114,1.0341,1.0344,1.60,0.50
2007.10.25 10:23:08.380,1.0341,1.03445,1.60,12.40
2007.10.25 10:23:08.648,1.0341,1.0344,1.60,0.70
2007.10.25 10:23:08.920,1.0341,1.03445,1.60,12.40
2007.10.25 10:23:09.193,1.0341,1.03445,1.60,12.40
2007.10.25 10:23:09.466,1.0341,1.03445,1.60,12.40
2007.10.25 10:23:09.739,1.0341,1.0344,1.60,0.50
2007.10.25 10:23:10.072,1.0341,1.03445,1.60,12.40
2007.10.25 10:23:10.405,1.0341,1.03445,1.60,12.40
2007.10.25 10:23:10.738,1.0341,1.0344,1.60,0.50
2007.10.25 10:23:10.951,1.0341,1.0344,1.60,0.70
2007.10.25 10:23:11.164,1.0341,1.03445,1.60,12.40
2007.10.25 10:23:11.376,1.0341,1.0345,0.80,5.20
2007.10.25 10:23:11.588,1.03405,1.03445,4.00,0.90
2007.10.25 10:23:11.801,1.0342,1.0345,0.80,0.50
2007.10.25 10:23:12.133,1.0342,1.0345,1.60,0.80
2007.10.25 10:23:12.465,1.0342,1.03455,1.60,10.00
2007.10.25 10:23:12.798,1.0342,1.03455,1.60,10.00
2007.10.25 10:23:13.026,1.0342,1.03455,1.60,9.20
2007.10.25 10:23:13.253,1.0342,1.03455,1.60,9.20
2007.10.25 10:23:13.481,1.0343,1.0346,0.80,5.20
2007.10.25 10:23:13.709,1.0343,1.03455,1.60,0.70
2007.10.25 10:23:14.042,1.0342,1.03465,4.00,10.00
2007.10.25 10:23:14.375,1.03415,1.0346,12.80,0.90
2007.10.25 10:23:14.707,1.03415,1.03465,12.80,10.00
2007.10.25 10:23:14.915,1.03415,1.03465,12.80,10.00
2007.10.25 10:23:15.123,1.03415,1.0346,12.80,0.60
2007.10.25 10:23:15.331,1.0343,1.03465,3.20,6.80
2007.10.25 10:23:15.539,1.0344,1.0347,1.60,9.20
2007.10.25 10:23:15.747,1.0344,1.03465,1.60,5.20
2007.10.25 10:23:16.080,1.0343,1.0346,1.60,0.60
2007.10.25 10:23:16.414,1.0343,1.03475,0.80,7.60
2007.10.25 10:23:16.748,1.0345,1.03475,2.40,6.80
2007.10.25 10:23:16.961,1.0346,1.03475,0.80,6.80
2007.10.25 10:23:17.175,1.03465,1.03495,0.80,5.60
2007.10.25 10:23:17.388,1.03465,1.03495,0.80,5.60
2007.10.25 10:23:17.602,1.03465,1.0348,0.80,0.90
2007.10.25 10:23:17.815,1.03445,1.0348,8.00,0.90
2007.10.25 10:23:18.118,1.03445,1.0348,12.00,0.60
2007.10.25 10:23:18.422,1.0345,1.0349,4.00,0.60
2007.10.25 10:23:18.724,1.0345,1.0349,4.00,0.90
2007.10.25 10:23:19.027,1.0344,1.03485,4.00,0.70
2007.10.25 10:23:19.360,1.0346,1.03495,2.40,7.60
2007.10.25 10:23:19.693,1.0346,1.03495,2.40,3.60
2007.10.25 10:23:20.026,1.0346,1.03505,2.40,6.00
2007.10.25 10:23:20.254,1.0346,1.035,6.40,5.20
2007.10.25 10:23:20.482,1.0346,1.035,6.40,5.20
2007.10.25 10:23:20.710,1.0346,1.035,6.40,5.20
2007.10.25 10:23:20.938,1.0346,1.035,2.40,5.20
2007.10.25 10:23:21.242,1.0346,1.035,2.40,5.20
2007.10.25 10:23:21.545,1.03455,1.03485,4.00,2.80
2007.10.25 10:23:21.849,1.0345,1.03485,2.40,2.80
2007.10.25 10:23:22.070,1.0345,1.03485,2.40,2.80
2007.10.25 10:23:22.293,1.0345,1.03485,2.40,6.80
2007.10.25 10:23:22.551,1.03445,1.0348,30.40,2.40
2007.10.25 10:23:22.775,1.03445,1.0348,32.80,2.40
2007.10.25 10:23:22.999,1.03445,1.0348,28.80,2.40
2007.10.25 10:23:23.333,1.03455,1.0348,5.60,2.40
2007.10.25 10:23:23.667,1.03465,1.035,4.00,6.40
2007.10.25 10:23:24.001,1.03465,1.035,4.00,6.40
2007.10.25 10:23:24.334,1.0346,1.035,7.20,2.40
2007.10.25 10:23:24.666,1.0346,1.035,7.20,2.40
2007.10.25 10:23:24.999,1.0346,1.035,11.20,2.40
2007.10.25 10:23:25.207,1.0346,1.035,11.20,2.40
2007.10.25 10:23:25.415,1.0346,1.03505,11.20,2.80
2007.10.25 10:23:25.623,1.0346,1.035,7.20,4.00
2007.10.25 10:23:25.830,1.03465,1.035,8.00,6.40
2007.10.25 10:23:26.038,1.0347,1.035,4.00,2.40
2007.10.25 10:23:26.371,1.0348,1.0351,2.40,4.00
2007.10.25 10:23:26.704,1.0348,1.0351,2.40,4.00
2007.10.25 10:23:27.037,1.0348,1.0351,2.40,4.00
2007.10.25 10:23:27.270,1.0348,1.0351,2.40,4.00
2007.10.25 10:23:27.503,1.0348,1.0352,2.40,9.30
2007.10.25 10:23:27.735,1.0349,1.0352,2.40,6.90
2007.10.25 10:23:27.969,1.0349,1.0352,2.40,2.80
2007.10.25 10:23:28.252,1.0349,1.0352,2.40,2.80
2007.10.25 10:23:28.535,1.0349,1.0353,2.40,9.30
2007.10.25 10:23:28.818,1.0349,1.0353,2.40,9.30
2007.10.25 10:23:29.101,1.0349,1.0353,2.40,9.30
2007.10.25 10:23:29.435,1.03485,1.0352,4.80,4.00
2007.10.25 10:23:29.767,1.0349,1.0352,2.40,4.00
2007.10.25 10:23:30.100,1.0349,1.0352,2.40,4.00
2007.10.25 10:23:30.308,1.0348,1.03525,7.20,3.60
2007.10.25 10:23:30.516,1.03485,1.03525,8.00,0.80
2007.10.25 10:23:30.723,1.03485,1.0352,8.00,6.40
2007.10.25 10:23:30.931,1.03485,1.0352,4.00,6.40
2007.10.25 10:23:31.139,1.0348,1.0352,4.00,9.30
2007.10.25 10:23:31.471,1.0348,1.0351,6.40,4.00
2007.10.25 10:23:31.804,1.0348,1.0351,2.40,4.00
2007.10.25 10:23:32.136,1.0348,1.0351,2.40,4.00
2007.10.25 10:23:32.360,1.0349,1.0352,2.40,6.90
2007.10.25 10:23:32.583,1.0349,1.0352,2.40,6.90
2007.10.25 10:23:32.806,1.0349,1.03525,2.40,4.80
2007.10.25 10:23:33.029,1.0349,1.03525,2.40,0.80
2007.10.25 10:23:33.251,1.03485,1.03525,10.40,3.60
2007.10.25 10:23:33.585,1.03485,1.0352,8.00,4.00
2007.10.25 10:23:33.917,1.03485,1.0352,4.00,4.00
2007.10.25 10:23:34.251,1.0349,1.0352,4.00,4.00
2007.10.25 10:23:34.584,1.0348,1.0352,7.20,4.00
2007.10.25 10:23:34.917,1.03485,1.0351,4.00,4.00
2007.10.25 10:23:35.250,1.03485,1.0351,4.00,4.00
2007.10.25 10:23:35.468,1.0348,1.0351,6.40,4.00
2007.10.25 10:23:35.685,1.0348,1.0351,6.40,4.00
2007.10.25 10:23:35.903,1.03485,1.0352,4.00,6.40
2007.10.25 10:23:36.120,1.03485,1.0352,4.00,9.30
2007.10.25 10:23:36.434,1.03485,1.0351,4.00,4.00
2007.10.25 10:23:36.747,1.03485,1.0351,4.00,4.00
2007.10.25 10:23:37.060,1.03485,1.0352,4.00,5.20
2007.10.25 10:23:37.372,1.03485,1.0352,4.00,5.20
2007.10.25 10:23:37.649,1.03485,1.0352,8.00,2.40
2007.10.25 10:23:37.927,1.03485,1.0352,8.00,2.40
2007.10.25 10:23:38.204,1.03485,1.0352,8.00,2.40
2007.10.25 10:23:38.478,1.03485,1.0352,8.00,2.40
2007.10.25 10:23:38.751,1.03485,1.0352,12.00,2.40
2007.10.25 10:23:39.024,1.03485,1.0352,12.00,2.40
2007.10.25 10:23:39.298,1.03485,1.0352,12.00,2.40
2007.10.25 10:23:39.630,1.03485,1.0352,8.00,5.20
2007.10.25 10:23:39.964,1.03485,1.0352,8.00,5.20
2007.10.25 10:23:40.297,1.03485,1.0352,4.00,5.20
2007.10.25 10:23:40.530,1.03475,1.0352,12.00,5.20
2007.10.25 10:23:40.763,1.03475,1.0351,4.00,4.00
2007.10.25 10:23:40.996,1.03485,1.0351,4.00,4.00
2007.10.25 10:23:41.229,1.03475,1.0351,8.00,4.00
2007.10.25 10:23:41.517,1.03475,1.0351,8.00,6.40
2007.10.25 10:23:41.805,1.0347,1.0351,6.40,6.40
2007.10.25 10:23:42.094,1.0347,1.0351,6.40,6.40
2007.10.25 10:23:42.382,1.0347,1.0351,2.40,9.30
2007.10.25 10:23:42.630,1.0347,1.0351,2.40,9.30
2007.10.25 10:23:42.877,1.0347,1.0351,2.40,9.30
2007.10.25 10:23:43.124,1.0347,1.0351,2.40,9.30
2007.10.25 10:23:43.373,1.0347,1.0351,2.40,9.30
2007.10.25 10:23:43.615,1.0347,1.0351,2.40,9.30
2007.10.25 10:23:43.860,1.0347,1.0351,2.40,9.30
2007.10.25 10:23:44.103,1.0347,1.0351,2.40,9.30
2007.10.25 10:23:44.346,1.0347,1.0351,2.40,9.30
2007.10.25 10:23:44.679,1.0347,1.0351,2.40,9.30
2007.10.25 10:23:45.012,1.03475,1.0351,4.00,5.20
2007.10.25 10:23:45.344,1.03475,1.0351,8.00,9.30
2007.10.25 10:23:45.677,1.03475,1.0351,8.00,9.30
2007.10.25 10:23:45.905,1.03475,1.0351,4.00,6.40
2007.10.25 10:23:46.134,1.03475,1.0351,4.00,9.30
2007.10.25 10:23:46.362,1.03465,1.035,16.00,2.40
2007.10.25 10:23:46.589,1.03465,1.035,12.00,2.40
2007.10.25 10:23:46.898,1.03465,1.035,12.00,2.40
2007.10.25 10:23:47.205,1.03465,1.035,8.00,2.40
2007.10.25 10:23:47.513,1.03465,1.035,8.00,2.40
2007.10.25 10:23:47.686,1.03465,1.035,8.00,2.40
2007.10.25 10:23:47.859,1.03465,1.035,8.00,2.40
2007.10.25 10:23:48.032,1.03465,1.035,8.00,2.40
2007.10.25 10:23:48.204,1.03465,1.035,8.00,2.40
2007.10.25 10:23:48.377,1.03465,1.035,8.00,2.40
2007.10.25 10:23:48.550,1.03465,1.035,8.00,2.40
2007.10.25 10:23:48.878,1.03465,1.035,8.00,2.40
2007.10.25 10:23:49.205,1.03465,1.035,8.00,2.40
2007.10.25 10:23:49.533,1.03465,1.035,8.00,2.40
2007.10.25 10:23:49.866,1.03465,1.035,8.00,2.40
2007.10.25 10:23:50.198,1.03465,1.035,8.00,2.40
2007.10.25 10:23:50.530,1.03475,1.0351,4.00,9.30
2007.10.25 10:23:50.718,1.03475,1.035,4.00,2.40
2007.10.25 10:23:50.905,1.03465,1.035,16.00,2.40
2007.10.25 10:23:51.093,1.03465,1.035,16.00,2.40
2007.10.25 10:23:51.280,1.03465,1.035,16.00,2.40
2007.10.25 10:23:51.469,1.03465,1.035,12.00,2.40
2007.10.25 10:23:51.792,1.03465,1.035,12.00,2.40
2007.10.25 10:23:52.114,1.03465,1.035,8.00,2.40
2007.10.25 10:23:52.437,1.03465,1.035,12.00,2.40
2007.10.25 10:23:52.760,1.03465,1.035,12.00,2.40
2007.10.25 10:23:52.972,1.03465,1.035,12.00,2.40
2007.10.25 10:23:53.243,1.03465,1.035,8.00,2.40
2007.10.25 10:23:53.456,1.03465,1.035,8.00,2.40
2007.10.25 10:23:53.675,1.03465,1.035,12.00,2.40
2007.10.25 10:23:53.928,1.03465,1.035,12.00,2.40
2007.10.25 10:23:54.181,1.03465,1.035,12.00,2.40
2007.10.25 10:23:54.434,1.03465,1.035,12.00,2.40
2007.10.25 10:23:54.687,1.03465,1.035,8.00,2.40
2007.10.25 10:23:55.019,1.03465,1.035,12.00,2.40
2007.10.25 10:23:55.242,1.03465,1.03505,12.00,9.20
2007.10.25 10:23:55.353,1.0347,1.03505,2.40,6.80
2007.10.25 10:23:55.687,1.03475,1.03505,4.00,2.80
2007.10.25 10:23:55.915,1.0347,1.03505,2.40,6.80
2007.10.25 10:23:56.143,1.0347,1.03505,6.40,4.00
2007.10.25 10:23:56.371,1.0347,1.03505,2.40,4.00
2007.10.25 10:23:56.598,1.0347,1.03505,2.40,4.00
2007.10.25 10:23:56.826,1.0347,1.03505,2.40,6.80
2007.10.25 10:23:57.155,1.03465,1.035,12.00,2.40
2007.10.25 10:23:57.481,1.03465,1.035,12.00,2.40
2007.10.25 10:23:57.809,1.03465,1.035,12.00,2.40
2007.10.25 10:23:58.047,1.03465,1.035,16.00,2.40
2007.10.25 10:23:58.286,1.03465,1.035,12.00,2.40
2007.10.25 10:23:58.523,1.03465,1.035,12.00,2.40
2007.10.25 10:23:58.763,1.03465,1.035,12.00,2.40
2007.10.25 10:23:59.097,1.03465,1.035,8.00,2.40
2007.10.25 10:23:59.430,1.03465,1.035,8.00,2.40
2007.10.25 10:23:59.764,1.03465,1.035,8.00,2.40
2007.10.25 10:23:59.942,1.03465,1.035,8.00,2.40
2007.10.25 10:24:00.120,1.03465,1.035,8.00,2.40
2007.10.25 10:24:00.298,1.03465,1.035,8.00,2.40
2007.10.25 10:24:00.476,1.03465,1.035,8.00,2.40
2007.10.25 10:24:00.654,1.03465,1.035,8.00,2.40
2007.10.25 10:24:00.832,1.03465,1.035,8.00,2.40
2007.10.25 10:24:01.166,1.03465,1.03495,4.00,4.00
2007.10.25 10:24:01.499,1.0346,1.03495,2.40,4.00
2007.10.25 10:24:01.832,1.0346,1.03495,2.40,4.00
2007.10.25 10:24:02.041,1.03455,1.0349,8.00,2.40
2007.10.25 10:24:02.248,1.03455,1.0349,8.00,2.40
2007.10.25 10:24:02.457,1.03455,1.0349,8.80,2.40
2007.10.25 10:24:02.664,1.03455,1.0349,16.80,2.40
2007.10.25 10:24:02.872,1.03455,1.0349,16.80,2.40
2007.10.25 10:24:03.160,1.03455,1.0349,16.80,2.40
2007.10.25 10:24:03.448,1.0346,1.03495,2.40,4.00
2007.10.25 10:24:03.736,1.0346,1.03495,2.40,4.00
2007.10.25 10:24:04.023,1.03455,1.0349,12.00,2.40
2007.10.25 10:24:04.356,1.03455,1.0349,4.00,2.40
2007.10.25 10:24:04.690,1.0345,1.0349,6.40,2.40
2007.10.25 10:24:05.022,1.0345,1.0349,6.40,2.40
2007.10.25 10:24:05.271,1.0345,1.0349,6.40,2.40
2007.10.25 10:24:05.520,1.0345,1.0349,2.40,5.20
2007.10.25 10:24:05.767,1.0345,1.0349,2.40,5.20
2007.10.25 10:24:06.017,1.0345,1.0349,2.40,5.20
2007.10.25 10:24:06.293,1.0345,1.0349,2.40,5.20
2007.10.25 10:24:06.572,1.0345,1.0349,6.40,2.40
2007.10.25 10:24:06.849,1.0345,1.0349,6.40,2.40
2007.10.25 10:24:07.128,1.0345,1.0349,6.40,2.40
2007.10.25 10:24:07.377,1.0345,1.0349,6.40,2.40
2007.10.25 10:24:07.623,1.0345,1.0349,6.40,2.40
2007.10.25 10:24:07.871,1.0345,1.0349,6.40,2.40
2007.10.25 10:24:08.118,1.03455,1.0349,12.00,2.40
2007.10.25 10:24:08.356,1.0346,1.03495,2.40,4.00
2007.10.25 10:24:08.594,1.0346,1.03495,2.40,4.00
2007.10.25 10:24:08.832,1.0346,1.03495,2.40,4.00
2007.10.25 10:24:09.069,1.0346,1.03495,2.40,4.00
2007.10.25 10:24:09.402,1.0346,1.03495,2.40,4.80
2007.10.25 10:24:09.735,1.03455,1.0349,14.40,2.40
2007.10.25 10:24:10.069,1.0346,1.03495,6.40,4.00
2007.10.25 10:24:10.302,1.0346,1.03495,2.40,4.00
2007.10.25 10:24:10.534,1.0346,1.03495,6.40,4.00
2007.10.25 10:24:10.767,1.0346,1.03495,6.40,4.00
2007.10.25 10:24:10.999,1.0346,1.03495,6.40,4.00
2007.10.25 10:24:11.232,1.0346,1.03495,6.40,4.00
2007.10.25 10:24:11.646,1.0346,1.03495,6.40,4.00
2007.10.25 10:24:11.941,1.0346,1.03495,6.40,4.00
2007.10.25 10:24:12.232,1.0346,1.03495,6.40,4.00
2007.10.25 10:24:12.454,1.0346,1.03495,6.40,4.00
2007.10.25 10:24:12.676,1.0346,1.03495,6.40,4.00
2007.10.25 10:24:12.898,1.0346,1.03495,6.40,4.00
2007.10.25 10:24:13.121,1.0346,1.03495,6.40,4.00
2007.10.25 10:24:13.344,1.0346,1.03495,6.40,4.00
2007.10.25 10:24:13.587,1.03465,1.035,4.00,5.20
2007.10.25 10:24:13.830,1.03465,1.035,4.00,5.20
2007.10.25 10:24:14.072,1.03465,1.035,4.00,2.40
2007.10.25 10:24:14.315,1.03465,1.035,4.00,2.40
2007.10.25 10:24:14.648,1.03465,1.035,4.00,2.40
2007.10.25 10:24:14.981,1.0346,1.03495,6.40,4.00
2007.10.25 10:24:15.314,1.0346,1.03495,6.40,4.00
2007.10.25 10:24:15.492,1.0346,1.03495,6.40,4.00
2007.10.25 10:24:15.670,1.0346,1.0349,4.00,2.40
2007.10.25 10:24:15.848,1.0346,1.0349,4.00,2.40
2007.10.25 10:24:16.026,1.0346,1.0349,4.00,2.40
2007.10.25 10:24:16.203,1.0346,1.0349,4.00,2.40
2007.10.25 10:24:16.531,1.03455,1.0349,4.00,2.40
2007.10.25 10:24:16.860,1.03455,1.0349,4.00,2.40
2007.10.25 10:24:17.188,1.03455,1.0349,4.00,2.40
2007.10.25 10:24:17.516,1.03455,1.0349,4.00,2.40
2007.10.25 10:24:17.784,1.03455,1.0349,4.00,2.40
2007.10.25 10:24:17.981,1.03455,1.0349,4.00,2.40
2007.10.25 10:24:18.178,1.03455,1.0349,4.00,2.40
2007.10.25 10:24:18.375,1.03455,1.0349,4.00,2.40
2007.10.25 10:24:18.647,1.03455,1.0349,4.00,2.40
2007.10.25 10:24:18.919,1.03455,1.0349,4.00,2.40
2007.10.25 10:24:19.191,1.0345,1.0349,8.00,2.40
2007.10.25 10:24:19.464,1.0345,1.0349,8.00,2.40
2007.10.25 10:24:19.796,1.03455,1.0349,4.00,2.40
2007.10.25 10:24:20.129,1.03455,1.0349,4.00,2.40
2007.10.25 10:24:20.462,1.0346,1.0349,4.00,2.40
2007.10.25 10:24:20.670,1.03455,1.0349,4.00,2.40
2007.10.25 10:24:20.878,1.03455,1.0349,4.00,2.40
2007.10.25 10:24:21.086,1.03455,1.0349,4.00,2.40
2007.10.25 10:24:21.294,1.03455,1.0349,4.00,2.40
2007.10.25 10:24:21.576,1.03455,1.03485,4.00,4.00
2007.10.25 10:24:21.859,1.03455,1.03485,4.00,4.00
2007.10.25 10:24:22.142,1.0345,1.03485,6.40,4.00
2007.10.25 10:24:22.426,1.0345,1.03485,6.40,4.00
2007.10.25 10:24:22.709,1.0345,1.03485,6.40,4.00
2007.10.25 10:24:22.991,1.0345,1.03485,6.40,4.00
2007.10.25 10:24:23.275,1.03455,1.03485,4.00,4.00
2007.10.25 10:24:23.557,1.03455,1.03485,4.00,4.00
2007.10.25 10:24:23.920,1.03455,1.03485,4.00,4.00
2007.10.25 10:24:24.172,1.03455,1.03485,4.00,4.00
2007.10.25 10:24:24.424,1.03455,1.03485,4.00,4.00
2007.10.25 10:24:24.758,1.03455,1.03485,4.00,4.00
2007.10.25 10:24:25.090,1.0345,1.03485,6.40,4.00
2007.10.25 10:24:25.423,1.0345,1.03485,6.40,4.00
2007.10.25 10:24:25.620,1.0345,1.03485,6.40,4.00
2007.10.25 10:24:25.819,1.0345,1.03485,6.40,4.00
2007.10.25 10:24:26.016,1.0345,1.03485,6.40,4.00
2007.10.25 10:24:26.213,1.0345,1.03485,6.40,4.00
2007.10.25 10:24:26.411,1.0345,1.03485,6.40,4.00
2007.10.25 10:24:26.608,1.0345,1.03485,6.40,4.00
2007.10.25 10:24:26.891,1.0345,1.03485,6.40,4.00
2007.10.25 10:24:27.174,1.0346,1.03485,2.40,4.00
2007.10.25 10:24:27.457,1.0346,1.03495,2.40,9.20
2007.10.25 10:24:27.649,1.0346,1.03495,2.40,9.20
2007.10.25 10:24:27.841,1.0346,1.03495,2.40,9.20
2007.10.25 10:24:28.034,1.0346,1.03495,2.40,9.20
2007.10.25 10:24:28.226,1.0346,1.03495,2.40,9.20
2007.10.25 10:24:28.419,1.0346,1.03495,2.40,9.20
2007.10.25 10:24:28.615,1.0346,1.03495,2.40,9.20
2007.10.25 10:24:28.882,1.0346,1.03495,2.40,9.20
2007.10.25 10:24:29.150,1.0346,1.03495,2.40,9.20
2007.10.25 10:24:29.418,1.0346,1.03495,2.40,6.40
2007.10.25 10:24:29.686,1.0346,1.03495,2.40,9.20
2007.10.25 10:24:30.062,1.0346,1.03495,2.40,9.20
2007.10.25 10:24:30.393,1.0346,1.03495,2.40,6.40
2007.10.25 10:24:30.727,1.0346,1.03495,2.40,9.20
2007.10.25 10:24:30.924,1.0346,1.03495,2.40,9.20
2007.10.25 10:24:31.120,1.0346,1.03495,2.40,9.20
2007.10.25 10:24:31.318,1.0346,1.03495,2.40,9.20
2007.10.25 10:24:31.516,1.0346,1.03495,2.40,9.20
2007.10.25 10:24:31.839,1.0346,1.03495,2.40,6.40
2007.10.25 10:24:32.162,1.0346,1.03495,2.40,9.20
2007.10.25 10:24:32.484,1.0346,1.03495,2.40,9.20
2007.10.25 10:24:32.807,1.0346,1.03495,2.40,9.20
2007.10.25 10:24:33.004,1.0346,1.03495,2.40,9.20
2007.10.25 10:24:33.201,1.0346,1.03495,2.40,6.40
2007.10.25 10:24:33.399,1.0346,1.03495,2.40,6.40
2007.10.25 10:24:33.596,1.0346,1.03495,2.40,6.40
2007.10.25 10:24:33.878,1.0346,1.03495,2.40,6.40
2007.10.25 10:24:34.160,1.0346,1.03495,2.40,6.40
2007.10.25 10:24:34.442,1.0346,1.03495,2.40,9.20
2007.10.25 10:24:34.724,1.0346,1.03495,2.40,9.20
2007.10.25 10:24:35.057,1.0346,1.03495,2.40,6.40
2007.10.25 10:24:35.389,1.0346,1.03495,2.40,6.40
2007.10.25 10:24:35.723,1.0346,1.03495,2.40,6.40
2007.10.25 10:24:35.910,1.0346,1.03495,2.40,6.40
2007.10.25 10:24:36.191,1.0346,1.03495,2.40,6.40
2007.10.25 10:24:36.380,1.0346,1.03495,2.40,6.40
2007.10.25 10:24:36.567,1.0346,1.03495,2.40,6.40
2007.10.25 10:24:36.754,1.0346,1.03495,2.40,6.40
2007.10.25 10:24:37.212,1.0346,1.03495,2.40,6.40
2007.10.25 10:24:37.439,1.0346,1.03495,2.40,9.20
2007.10.25 10:24:37.668,1.0346,1.03495,2.40,9.20
2007.10.25 10:24:37.946,1.0346,1.03495,2.40,9.20
2007.10.25 10:24:38.223,1.0346,1.03495,2.40,9.20
2007.10.25 10:24:38.502,1.0346,1.03495,2.40,9.20
2007.10.25 10:24:38.779,1.0346,1.03495,2.40,9.20
2007.10.25 10:24:39.111,1.0346,1.03495,2.40,9.20
2007.10.25 10:24:39.443,1.0346,1.03495,2.40,9.20
2007.10.25 10:24:39.776,1.0346,1.03495,2.40,9.20
2007.10.25 10:24:39.989,1.0346,1.03495,2.40,6.40
2007.10.25 10:24:40.202,1.0346,1.03495,2.40,6.40
2007.10.25 10:24:40.415,1.0346,1.03495,2.40,6.40
2007.10.25 10:24:40.628,1.0346,1.03495,2.40,6.40
2007.10.25 10:24:40.840,1.0346,1.03495,2.40,6.40
2007.10.25 10:24:41.118,1.0346,1.03495,2.40,6.40
2007.10.25 10:24:41.396,1.0346,1.03495,2.40,6.40
2007.10.25 10:24:41.674,1.0346,1.03495,2.40,6.40
2007.10.25 10:24:41.952,1.0346,1.03495,2.40,6.40
2007.10.25 10:24:42.159,1.0346,1.03495,2.40,6.40
2007.10.25 10:24:42.366,1.0346,1.03495,2.40,6.40
2007.10.25 10:24:42.574,1.0346,1.03495,2.40,6.40
2007.10.25 10:24:42.782,1.0346,1.03495,2.40,6.40
2007.10.25 10:24:42.990,1.0346,1.03495,2.40,6.40
2007.10.25 10:24:43.202,1.0346,1.03495,2.40,6.40
2007.10.25 10:24:43.415,1.0346,1.03495,2.40,6.40
2007.10.25 10:24:43.627,1.0346,1.03495,2.40,6.40
2007.10.25 10:24:43.839,1.0346,1.03495,2.40,6.40
2007.10.25 10:24:44.053,1.0346,1.03495,2.40,6.40
2007.10.25 10:24:44.385,1.0346,1.03495,2.40,6.40
2007.10.25 10:24:44.718,1.0346,1.03495,2.40,6.40
2007.10.25 10:24:45.051,1.0346,1.03495,2.40,4.00
2007.10.25 10:24:45.244,1.0346,1.03495,2.40,4.00
2007.10.25 10:24:45.436,1.0346,1.03495,6.40,4.00
2007.10.25 10:24:45.629,1.0346,1.03495,6.40,4.00
2007.10.25 10:24:45.821,1.0346,1.03495,6.40,4.00
2007.10.25 10:24:46.015,1.0346,1.03495,6.40,4.00
2007.10.25 10:24:46.208,1.0346,1.03495,6.40,4.00
2007.10.25 10:24:46.525,1.0346,1.03495,6.40,4.00
2007.10.25 10:24:46.842,1.0346,1.03495,6.40,4.00
2007.10.25 10:24:47.160,1.0346,1.03495,6.40,4.00
2007.10.25 10:24:47.357,1.0346,1.03495,2.40,4.00
2007.10.25 10:24:47.556,1.0346,1.03495,2.40,4.00
2007.10.25 10:24:47.753,1.0346,1.03495,2.40,4.00
2007.10.25 10:24:47.950,1.0346,1.03495,2.40,4.00
2007.10.25 10:24:48.147,1.0346,1.03495,2.40,4.00
2007.10.25 10:24:48.487,1.0346,1.03495,2.40,4.00
2007.10.25 10:24:48.726,1.0346,1.03495,2.40,4.00
2007.10.25 10:24:48.963,1.0346,1.03495,2.40,4.00
2007.10.25 10:24:49.203,1.0346,1.035,2.40,5.20
2007.10.25 10:24:49.534,1.0346,1.035,6.40,5.20
2007.10.25 10:24:49.867,1.0346,1.035,6.40,5.20
2007.10.25 10:24:50.201,1.0346,1.035,6.40,5.20
2007.10.25 10:24:50.353,1.0346,1.035,6.40,5.20
2007.10.25 10:24:50.506,1.0346,1.035,6.40,5.20
2007.10.25 10:24:50.658,1.0346,1.035,6.40,5.20
2007.10.25 10:24:50.813,1.0346,1.035,6.40,5.20
2007.10.25 10:24:50.964,1.0346,1.035,6.40,5.20
2007.10.25 10:24:51.117,1.0346,1.035,6.40,5.20
2007.10.25 10:24:51.269,1.0346,1.035,6.40,5.20
2007.10.25 10:24:51.592,1.0346,1.035,6.40,5.20
2007.10.25 10:24:51.915,1.0346,1.035,6.40,5.20
2007.10.25 10:24:52.238,1.0346,1.035,6.40,5.20
2007.10.25 10:24:52.561,1.0346,1.035,6.40,2.40
2007.10.25 10:24:52.764,1.0346,1.035,6.40,2.40
2007.10.25 10:24:52.967,1.0346,1.035,6.40,2.40
2007.10.25 10:24:53.171,1.0346,1.035,6.40,2.40
2007.10.25 10:24:53.373,1.0346,1.035,6.40,2.40
2007.10.25 10:24:53.606,1.0346,1.035,6.40,2.40
2007.10.25 10:24:53.839,1.0346,1.035,6.40,2.40
2007.10.25 10:24:54.071,1.0346,1.035,6.40,2.40
2007.10.25 10:24:54.304,1.0346,1.035,6.40,2.40
2007.10.25 10:24:54.638,1.0346,1.035,6.40,2.40
2007.10.25 10:24:54.971,1.0346,1.035,6.40,2.40
2007.10.25 10:24:55.303,1.0346,1.035,6.40,2.40
2007.10.25 10:24:55.637,1.0346,1.035,6.40,2.40
2007.10.25 10:24:55.814,1.0346,1.035,6.40,2.40
2007.10.25 10:24:55.992,1.0346,1.035,6.40,2.40
2007.10.25 10:24:56.170,1.0346,1.035,6.40,2.40
2007.10.25 10:24:56.347,1.0346,1.035,6.40,2.40
2007.10.25 10:24:56.580,1.0346,1.035,6.40,2.40
2007.10.25 10:24:56.812,1.0346,1.035,6.40,2.40
2007.10.25 10:24:57.045,1.0346,1.035,6.40,2.40
2007.10.25 10:24:57.277,1.0346,1.035,6.40,2.40
2007.10.25 10:24:57.510,1.0346,1.035,6.40,2.40
2007.10.25 10:24:57.747,1.0346,1.035,6.40,2.40
2007.10.25 10:24:57.985,1.0346,1.035,7.20,2.40
2007.10.25 10:24:58.223,1.03465,1.035,4.00,2.40
2007.10.25 10:24:58.461,1.03465,1.035,8.00,2.40
2007.10.25 10:24:58.629,1.03465,1.03505,8.00,7.20
2007.10.25 10:24:58.693,1.03465,1.035,8.00,2.40
2007.10.25 10:24:58.925,1.03465,1.035,8.00,2.40
2007.10.25 10:24:59.158,1.03465,1.035,8.00,2.40
2007.10.25 10:24:59.390,1.03465,1.035,8.00,2.40
2007.10.25 10:24:59.724,1.03465,1.035,8.00,2.40
2007.10.25 10:25:00.057,1.03465,1.035,4.00,2.40
2007.10.25 10:25:00.389,1.03465,1.035,4.00,2.40
2007.10.25 10:25:00.768,1.03465,1.035,4.00,2.40
2007.10.25 10:25:00.951,1.03465,1.035,4.00,2.40
2007.10.25 10:25:01.134,1.03465,1.035,4.00,2.40
2007.10.25 10:25:01.319,1.03465,1.035,4.00,2.40
2007.10.25 10:25:01.501,1.03465,1.0349,4.00,2.40
2007.10.25 10:25:01.833,1.03455,1.0349,8.80,2.40
2007.10.25 10:25:02.166,1.03455,1.0349,4.00,2.40
2007.10.25 10:25:02.500,1.0345,1.0349,5.60,6.40
2007.10.25 10:25:02.734,1.0345,1.0349,4.00,6.40
2007.10.25 10:25:02.966,1.03445,1.0349,12.80,2.80
2007.10.25 10:25:03.198,1.03445,1.0349,12.80,2.80
2007.10.25 10:25:03.432,1.0345,1.03495,4.00,2.80
2007.10.25 10:25:03.714,1.0345,1.03495,6.40,2.80
2007.10.25 10:25:03.997,1.0345,1.03495,6.40,3.60
2007.10.25 10:25:04.280,1.0345,1.0349,6.40,5.20
2007.10.25 10:25:04.563,1.0345,1.0349,10.40,5.20
2007.10.25 10:25:04.895,1.0345,1.0349,6.40,5.20
2007.10.25 10:25:05.228,1.0345,1.0349,6.40,5.20
2007.10.25 10:25:05.560,1.0345,1.0349,2.40,5.20
2007.10.25 10:25:05.783,1.03445,1.0348,16.80,2.40
2007.10.25 10:25:06.006,1.0345,1.0348,4.00,2.40
2007.10.25 10:25:06.229,1.03445,1.03485,4.00,2.80
2007.10.25 10:25:06.452,1.03445,1.03485,4.00,2.80
2007.10.25 10:25:06.677,1.03445,1.0349,8.00,5.20
2007.10.25 10:25:06.989,1.03445,1.0349,8.00,5.20
2007.10.25 10:25:07.301,1.03445,1.0349,8.00,5.20
2007.10.25 10:25:07.615,1.0345,1.0349,3.20,5.20
2007.10.25 10:25:07.837,1.0345,1.0349,3.20,5.20
2007.10.25 10:25:08.059,1.0345,1.0349,8.00,2.40
2007.10.25 10:25:08.282,1.0345,1.03485,8.00,4.00
2007.10.25 10:25:08.505,1.0345,1.03485,8.00,4.00
2007.10.25 10:25:08.728,1.0345,1.0349,8.00,2.40
2007.10.25 10:25:09.046,1.0345,1.0349,8.00,2.40
2007.10.25 10:25:09.364,1.0345,1.0349,8.00,2.40
2007.10.25 10:25:09.682,1.03455,1.0349,4.00,2.40
2007.10.25 10:25:09.979,1.03455,1.0349,4.00,2.40
2007.10.25 10:25:10.277,1.0345,1.0349,8.00,2.40
2007.10.25 10:25:10.574,1.0345,1.0349,8.00,2.40
2007.10.25 10:25:10.873,1.0346,1.0349,1.60,2.40
2007.10.25 10:25:11.071,1.0346,1.0349,0.80,2.40
2007.10.25 10:25:11.268,1.03455,1.0349,11.20,2.40
2007.10.25 10:25:11.466,1.0346,1.0349,0.80,2.40
2007.10.25 10:25:11.664,1.0346,1.0349,1.60,2.40
2007.10.25 10:25:11.972,1.0346,1.0349,1.60,2.40
2007.10.25 10:25:12.280,1.0346,1.0349,1.60,2.40
2007.10.25 10:25:12.588,1.0346,1.0349,1.60,2.40
2007.10.25 10:25:12.899,1.0347,1.035,0.80,2.40
2007.10.25 10:25:13.092,1.0347,1.035,0.80,2.40
2007.10.25 10:25:13.285,1.0347,1.035,1.60,2.40
2007.10.25 10:25:13.478,1.0347,1.03495,1.60,2.80
2007.10.25 10:25:13.671,1.0347,1.03495,1.60,2.80
2007.10.25 10:25:13.963,1.0347,1.035,1.60,2.40
2007.10.25 10:25:14.258,1.0347,1.035,1.60,2.40
2007.10.25 10:25:14.551,1.0347,1.035,1.60,2.40
2007.10.25 10:25:14.843,1.0347,1.035,1.60,2.40
2007.10.25 10:25:15.175,1.0347,1.035,1.60,2.40
2007.10.25 10:25:15.508,1.0347,1.035,1.60,2.40
2007.10.25 10:25:15.841,1.0347,1.035,1.60,2.40
2007.10.25 10:25:16.054,1.0347,1.035,1.60,2.40
2007.10.25 10:25:16.268,1.0347,1.035,1.60,2.40
2007.10.25 10:25:16.479,1.0347,1.035,1.60,2.40
2007.10.25 10:25:16.692,1.0347,1.035,1.60,2.40
2007.10.25 10:25:17.004,1.0347,1.035,1.60,2.40
2007.10.25 10:25:17.317,1.0347,1.035,1.60,2.40
2007.10.25 10:25:17.630,1.0347,1.035,1.60,2.40
2007.10.25 10:25:17.943,1.0347,1.035,1.60,2.40
2007.10.25 10:25:18.152,1.0347,1.035,1.60,2.40
2007.10.25 10:25:18.359,1.0347,1.035,1.60,2.40
2007.10.25 10:25:18.567,1.0347,1.035,1.60,2.40
2007.10.25 10:25:18.775,1.0347,1.035,1.60,2.40
2007.10.25 10:25:19.175,1.0347,1.035,1.60,6.40
2007.10.25 10:25:19.509,1.0347,1.035,0.80,6.40
2007.10.25 10:25:19.674,1.0347,1.03505,0.80,18.00
2007.10.25 10:25:19.843,1.03455,1.035,4.80,0.70
2007.10.25 10:25:20.036,1.03465,1.03505,4.00,18.00
2007.10.25 10:25:20.229,1.03465,1.035,4.00,0.90
2007.10.25 10:25:20.421,1.03465,1.03495,4.00,6.40
2007.10.25 10:25:20.614,1.0346,1.0349,5.60,0.80
2007.10.25 10:25:20.805,1.0346,1.03495,5.60,6.40
2007.10.25 10:25:21.138,1.0346,1.03495,5.60,11.20
2007.10.25 10:25:21.470,1.0346,1.03495,5.60,11.20
2007.10.25 10:25:21.806,1.0346,1.03495,1.60,14.00
2007.10.25 10:25:22.032,1.0346,1.0349,1.60,0.50
2007.10.25 10:25:22.260,1.0346,1.03495,1.60,14.00
2007.10.25 10:25:22.488,1.0346,1.03495,1.60,14.00
2007.10.25 10:25:22.716,1.0346,1.03495,1.60,14.00
2007.10.25 10:25:22.944,1.0346,1.03495,1.60,14.10
2007.10.25 10:25:23.241,1.0346,1.03495,1.60,14.10
2007.10.25 10:25:23.540,1.0346,1.03495,1.60,14.00
2007.10.25 10:25:23.836,1.0346,1.03495,1.60,14.00
2007.10.25 10:25:24.134,1.0346,1.03495,1.60,14.00
2007.10.25 10:25:24.467,1.0346,1.03495,1.60,14.10
2007.10.25 10:25:24.800,1.0346,1.03495,1.60,11.20
2007.10.25 10:25:25.133,1.0346,1.03495,1.60,14.10
2007.10.25 10:25:25.365,1.0346,1.03495,0.80,14.10
2007.10.25 10:25:25.597,1.03455,1.03495,0.80,14.10
2007.10.25 10:25:25.830,1.03455,1.03495,0.80,14.10
2007.10.25 10:25:26.063,1.03455,1.03495,0.80,18.10
2007.10.25 10:25:26.340,1.03455,1.0349,0.80,0.90
2007.10.25 10:25:26.618,1.03455,1.03495,0.80,18.10
2007.10.25 10:25:26.896,1.03455,1.0349,0.80,0.80
2007.10.25 10:25:27.173,1.03455,1.03495,0.80,18.10
2007.10.25 10:25:27.456,1.03455,1.0349,0.80,0.80
2007.10.25 10:25:27.738,1.03455,1.0349,0.80,0.70
2007.10.25 10:25:28.021,1.03455,1.0349,0.80,0.50
2007.10.25 10:25:28.279,1.03455,1.03495,0.80,18.10
2007.10.25 10:25:28.536,1.03455,1.03495,0.80,18.10
2007.10.25 10:25:28.796,1.0346,1.0349,1.60,13.30
2007.10.25 10:25:29.053,1.0346,1.03485,1.60,0.80
2007.10.25 10:25:29.387,1.0346,1.0349,1.60,10.40
2007.10.25 10:25:29.719,1.0346,1.03485,1.60,6.40
2007.10.25 10:25:30.053,1.0346,1.0348,0.80,0.60
2007.10.25 10:25:30.266,1.0346,1.0348,0.80,0.60
2007.10.25 10:25:30.479,1.0345,1.0347,1.60,0.60
2007.10.25 10:25:30.691,1.0345,1.0347,0.80,0.70
2007.10.25 10:25:30.904,1.0345,1.03475,0.80,6.40
2007.10.25 10:25:31.117,1.0344,1.0347,1.60,0.60
2007.10.25 10:25:31.450,1.0344,1.03475,4.00,6.80
2007.10.25 10:25:31.784,1.0344,1.03475,1.60,10.00
2007.10.25 10:25:32.118,1.0344,1.03475,1.60,12.40
2007.10.25 10:25:32.327,1.0344,1.0347,1.60,0.70
2007.10.25 10:25:32.535,1.0344,1.03465,0.80,0.50
2007.10.25 10:25:32.744,1.03435,1.03475,0.80,3.60
2007.10.25 10:25:32.952,1.03445,1.03475,0.80,0.50
2007.10.25 10:25:33.159,1.03445,1.03475,0.80,0.80
2007.10.25 10:25:33.492,1.03445,1.03475,0.80,0.70
2007.10.25 10:25:33.825,1.03445,1.03475,0.80,0.50
2007.10.25 10:25:34.159,1.0345,1.0348,0.80,6.00
2007.10.25 10:25:34.491,1.0345,1.0348,1.60,6.00
2007.10.25 10:25:34.825,1.0345,1.0348,1.60,6.00
2007.10.25 10:25:35.158,1.0345,1.0348,1.60,6.00
2007.10.25 10:25:35.372,1.0345,1.03475,1.60,10.00
2007.10.25 10:25:35.585,1.0344,1.0347,1.60,0.80
2007.10.25 10:25:35.798,1.0344,1.03475,1.60,10.00
2007.10.25 10:25:36.011,1.0344,1.03475,1.60,10.00
2007.10.25 10:25:36.224,1.0344,1.0347,1.60,0.50
2007.10.25 10:25:36.556,1.0344,1.03475,1.60,10.00
2007.10.25 10:25:36.890,1.0344,1.0347,0.80,0.80
2007.10.25 10:25:37.224,1.03435,1.03465,0.80,0.80
2007.10.25 10:25:37.427,1.03435,1.0347,0.80,5.20
2007.10.25 10:25:37.631,1.03435,1.0347,0.80,5.20
2007.10.25 10:25:37.833,1.03435,1.0347,0.80,5.20
2007.10.25 10:25:38.035,1.03435,1.0347,0.80,5.20
2007.10.25 10:25:38.238,1.03435,1.03465,0.80,11.60
2007.10.25 10:25:38.571,1.03435,1.03465,0.80,11.60
2007.10.25 10:25:38.904,1.03435,1.03465,0.80,12.40
2007.10.25 10:25:39.237,1.03435,1.03465,0.80,12.40
2007.10.25 10:25:39.571,1.03435,1.0346,0.80,0.80
2007.10.25 10:25:39.904,1.03435,1.03465,0.80,12.40
2007.10.25 10:25:40.238,1.03425,1.03465,0.80,12.40
2007.10.25 10:25:40.472,1.03425,1.0346,0.80,0.70
2007.10.25 10:25:40.705,1.03425,1.03465,0.80,14.00
2007.10.25 10:25:40.938,1.03425,1.0346,0.80,11.60
2007.10.25 10:25:41.171,1.03425,1.03455,0.80,0.90
2007.10.25 10:25:41.404,1.03425,1.03455,8.80,0.50
2007.10.25 10:25:41.738,1.0343,1.0346,0.80,5.20
2007.10.25 10:25:42.069,1.0343,1.03465,4.00,10.00
2007.10.25 10:25:42.403,1.0344,1.0346,0.80,0.70
2007.10.25 10:25:42.640,1.0344,1.0346,0.80,0.70
2007.10.25 10:25:42.879,1.0344,1.0347,1.60,0.80
2007.10.25 10:25:43.118,1.0344,1.0347,1.60,7.60
2007.10.25 10:25:43.355,1.0344,1.0347,1.60,0.60
2007.10.25 10:25:43.727,1.0344,1.03475,4.00,6.80
2007.10.25 10:25:44.051,1.0344,1.0347,4.00,0.80
2007.10.25 10:25:44.373,1.0344,1.0348,8.00,6.40
2007.10.25 10:25:44.696,1.0346,1.03485,0.80,0.80
2007.10.25 10:25:45.019,1.0346,1.0349,1.60,5.20
2007.10.25 10:25:45.341,1.0346,1.03495,1.60,11.60
2007.10.25 10:25:45.664,1.0346,1.0349,1.60,0.80
2007.10.25 10:25:45.938,1.0346,1.03495,1.60,11.60
2007.10.25 10:25:46.210,1.0346,1.0349,1.60,0.90
2007.10.25 10:25:46.484,1.0346,1.0349,1.60,0.50
2007.10.25 10:25:46.687,1.0346,1.03495,1.60,11.60
2007.10.25 10:25:46.890,1.0346,1.0349,1.60,2.40
2007.10.25 10:25:47.093,1.0346,1.0349,1.60,2.40
2007.10.25 10:25:47.295,1.0346,1.0349,1.60,2.40
2007.10.25 10:25:47.498,1.0346,1.0349,1.60,2.40
2007.10.25 10:25:47.807,1.0346,1.0349,1.60,2.40
2007.10.25 10:25:48.114,1.0346,1.0349,1.60,2.40
2007.10.25 10:25:48.422,1.0346,1.0349,1.60,2.40
2007.10.25 10:25:48.650,1.0346,1.0349,1.60,2.40
2007.10.25 10:25:48.877,1.0346,1.0349,1.60,5.20
2007.10.25 10:25:49.105,1.0346,1.0349,1.60,5.20
2007.10.25 10:25:49.333,1.0346,1.0349,1.60,5.20
2007.10.25 10:25:49.560,1.0346,1.0349,1.60,5.20
2007.10.25 10:25:49.893,1.03445,1.03485,8.80,2.80
2007.10.25 10:25:50.226,1.03445,1.03485,4.80,2.80
2007.10.25 10:25:50.560,1.03445,1.03485,4.00,5.20
2007.10.25 10:25:50.767,1.03445,1.0348,4.00,2.40
2007.10.25 10:25:50.975,1.03445,1.0348,4.00,2.40
2007.10.25 10:25:51.182,1.03445,1.0348,4.00,2.40
2007.10.25 10:25:51.389,1.0344,1.0348,6.40,2.40
2007.10.25 10:25:51.597,1.03445,1.0348,0.80,2.40
2007.10.25 10:25:51.930,1.0345,1.0348,0.80,5.20
2007.10.25 10:25:52.264,1.03455,1.0348,0.80,2.40
2007.10.25 10:25:52.596,1.03455,1.0348,0.80,2.40
2007.10.25 10:25:52.825,1.03455,1.03485,5.60,2.80
2007.10.25 10:25:53.053,1.0346,1.03485,0.80,2.80
2007.10.25 10:25:53.281,1.0346,1.0349,1.60,2.40
2007.10.25 10:25:53.508,1.0346,1.0349,1.60,2.40
2007.10.25 10:25:53.735,1.0346,1.0349,1.60,2.40
2007.10.25 10:25:54.053,1.0346,1.0349,1.60,2.40
2007.10.25 10:25:54.371,1.03465,1.03495,4.00,2.80
2007.10.25 10:25:54.690,1.0348,1.035,2.40,2.80
2007.10.25 10:25:55.023,1.0349,1.03505,0.80,2.80
2007.10.25 10:25:55.355,1.0349,1.0352,1.60,5.20
2007.10.25 10:25:55.688,1.0349,1.0352,1.60,2.40
2007.10.25 10:25:55.991,1.0349,1.0352,1.60,2.40
2007.10.25 10:25:56.209,1.0349,1.0352,1.60,2.40
2007.10.25 10:25:56.427,1.0349,1.03515,1.60,4.00
2007.10.25 10:25:56.644,1.0349,1.03515,1.60,4.00
2007.10.25 10:25:56.862,1.0349,1.0351,1.60,2.40
2007.10.25 10:25:57.195,1.0349,1.0351,1.60,2.40
2007.10.25 10:25:57.527,1.0349,1.0351,1.60,2.40
2007.10.25 10:25:57.861,1.0349,1.0352,0.80,5.20
2007.10.25 10:25:58.084,1.03505,1.0352,4.80,2.80
2007.10.25 10:25:58.306,1.0351,1.0353,0.80,4.00
2007.10.25 10:25:58.529,1.035,1.03535,7.20,4.80
2007.10.25 10:25:58.752,1.03505,1.0352,0.80,2.40
2007.10.25 10:25:58.974,1.03505,1.0352,0.80,2.40
2007.10.25 10:25:59.307,1.0349,1.0351,4.80,2.40
2007.10.25 10:25:59.639,1.03485,1.0351,4.00,2.40
2007.10.25 10:25:59.972,1.0347,1.0351,4.00,2.40
2007.10.25 10:26:00.205,1.03465,1.0351,8.80,5.20
2007.10.25 10:26:00.438,1.03465,1.0351,8.80,9.30
2007.10.25 10:26:00.671,1.0347,1.0351,4.00,6.40
2007.10.25 10:26:00.904,1.0347,1.0351,4.00,6.40
2007.10.25 10:26:01.172,1.0347,1.0351,4.00,9.30
2007.10.25 10:26:01.440,1.0347,1.0351,4.00,9.30
2007.10.25 10:26:01.708,1.0347,1.0351,4.00,6.90
2007.10.25 10:26:01.977,1.03475,1.0351,0.80,4.00
2007.10.25 10:26:02.256,1.0348,1.03515,4.00,4.00
2007.10.25 10:26:02.534,1.0348,1.03515,4.00,4.00
2007.10.25 10:26:02.812,1.0348,1.03525,4.00,3.60
2007.10.25 10:26:03.090,1.0348,1.03525,4.00,3.60
2007.10.25 10:26:03.354,1.0348,1.03525,4.00,3.60
2007.10.25 10:26:03.621,1.03505,1.03525,0.80,2.80
2007.10.25 10:26:03.886,1.0351,1.03525,1.60,2.80
2007.10.25 10:26:04.149,1.0351,1.0354,1.60,5.20
2007.10.25 10:26:04.484,1.0351,1.0354,1.60,5.20
2007.10.25 10:26:04.816,1.0351,1.0354,1.60,2.40
2007.10.25 10:26:05.150,1.0351,1.0354,1.60,6.40
2007.10.25 10:26:05.379,1.0351,1.0354,0.80,6.40
2007.10.25 10:26:05.605,1.035,1.0354,5.60,6.40
2007.10.25 10:26:05.834,1.035,1.0354,5.60,6.40
2007.10.25 10:26:06.062,1.035,1.03535,1.60,2.80
2007.10.25 10:26:06.390,1.035,1.03535,1.60,2.80
2007.10.25 10:26:06.718,1.0351,1.03535,3.20,2.80
2007.10.25 10:26:07.048,1.03515,1.03535,0.80,2.80
2007.10.25 10:26:07.287,1.03515,1.03545,0.80,7.60
2007.10.25 10:26:07.525,1.03515,1.03545,0.80,7.60
2007.10.25 10:26:07.763,1.0352,1.03545,0.80,2.80
2007.10.25 10:26:08.001,1.03525,1.03545,0.80,2.80
2007.10.25 10:26:08.272,1.03525,1.0355,0.80,2.40
2007.10.25 10:26:08.604,1.03515,1.0354,4.00,2.40
2007.10.25 10:26:08.930,1.035,1.03535,7.20,4.00
2007.10.25 10:26:09.258,1.03505,1.0353,0.80,2.40
2007.10.25 10:26:09.592,1.03505,1.03535,0.80,4.00
2007.10.25 10:26:09.924,1.03505,1.0354,7.20,5.20
2007.10.25 10:26:10.257,1.03505,1.0354,8.80,5.20
2007.10.25 10:26:10.490,1.03505,1.03535,0.80,6.80
2007.10.25 10:26:10.723,1.0351,1.03535,2.40,6.80
2007.10.25 10:26:10.956,1.0351,1.03535,2.40,2.80
2007.10.25 10:26:11.188,1.0351,1.03535,2.40,2.80
2007.10.25 10:26:11.481,1.0352,1.03545,0.80,2.80
2007.10.25 10:26:11.774,1.0352,1.03545,1.60,2.80
2007.10.25 10:26:12.067,1.0352,1.03545,1.60,2.80
2007.10.25 10:26:12.360,1.0352,1.03545,1.60,8.00
2007.10.25 10:26:12.604,1.0352,1.03545,0.80,12.00
2007.10.25 10:26:12.846,1.0351,1.03545,8.00,12.00
2007.10.25 10:26:13.089,1.0351,1.03545,4.00,14.80
2007.10.25 10:26:13.352,1.0351,1.03545,4.00,14.80
2007.10.25 10:26:13.619,1.0351,1.03545,4.00,14.80
2007.10.25 10:26:13.883,1.0351,1.03545,4.00,14.80
2007.10.25 10:26:14.145,1.0351,1.03545,4.00,14.80
2007.10.25 10:26:14.478,1.0351,1.03545,4.00,14.80
2007.10.25 10:26:14.811,1.0351,1.03545,4.00,14.80
2007.10.25 10:26:15.144,1.0351,1.0354,1.60,2.40
2007.10.25 10:26:15.381,1.0351,1.0354,1.60,2.40
2007.10.25 10:26:15.618,1.0351,1.0354,1.60,2.40
2007.10.25 10:26:15.856,1.0351,1.0354,1.60,5.20
2007.10.25 10:26:16.094,1.0351,1.0354,1.60,5.20
2007.10.25 10:26:16.382,1.0351,1.0354,1.60,5.20
2007.10.25 10:26:16.669,1.0351,1.0354,1.60,2.40
2007.10.25 10:26:16.957,1.0351,1.0354,1.60,2.40
2007.10.25 10:26:17.029,1.0351,1.0354,0.90,2.40
2007.10.25 10:26:17.245,1.0351,1.03545,4.00,17.20
2007.10.25 10:26:17.518,1.0351,1.03545,4.00,9.20
2007.10.25 10:26:17.791,1.0351,1.0354,1.60,2.40
2007.10.25 10:26:18.064,1.0351,1.0354,1.60,2.40
2007.10.25 10:26:18.337,1.0351,1.0354,4.00,2.80
2007.10.25 10:26:18.585,1.0351,1.03545,4.00,17.20
2007.10.25 10:26:18.833,1.0351,1.0354,1.60,2.40
2007.10.25 10:26:19.081,1.0351,1.0354,1.60,2.40
2007.10.25 10:26:19.329,1.0351,1.0354,1.60,2.40
2007.10.25 10:26:19.662,1.0351,1.0354,1.60,2.40
2007.10.25 10:26:19.995,1.0352,1.0354,0.80,2.40
2007.10.25 10:26:20.328,1.0352,1.03555,3.20,6.80
2007.10.25 10:26:20.571,1.03515,1.03555,16.00,2.80
2007.10.25 10:26:20.814,1.0352,1.0356,4.00,2.40
2007.10.25 10:26:21.057,1.0352,1.03555,4.00,8.00
2007.10.25 10:26:21.300,1.03515,1.03555,0.80,2.80
2007.10.25 10:26:21.603,1.03515,1.0356,4.80,2.80
2007.10.25 10:26:21.906,1.0352,1.03565,4.00,3.60
2007.10.25 10:26:22.209,1.0352,1.03565,4.00,3.60
2007.10.25 10:26:22.412,1.03515,1.0356,8.80,2.80
2007.10.25 10:26:22.615,1.0352,1.03565,4.00,3.60
2007.10.25 10:26:22.817,1.0352,1.03565,4.00,3.60
2007.10.25 10:26:23.020,1.0352,1.03565,4.00,3.60
2007.10.25 10:26:23.223,1.0354,1.03565,0.80,2.80
2007.10.25 10:26:23.536,1.0354,1.03565,1.60,2.80
2007.10.25 10:26:23.850,1.0354,1.0357,1.60,2.40
2007.10.25 10:26:24.162,1.0354,1.0357,1.60,2.40
2007.10.25 10:26:24.474,1.0354,1.0357,1.60,2.40
2007.10.25 10:26:24.806,1.0354,1.0357,1.60,2.40
2007.10.25 10:26:25.139,1.0354,1.03575,4.00,4.00
2007.10.25 10:26:25.471,1.0355,1.0358,0.80,5.20
2007.10.25 10:26:25.685,1.0355,1.0358,1.60,5.20
2007.10.25 10:26:25.898,1.0355,1.0358,1.60,5.20
2007.10.25 10:26:26.111,1.0355,1.0358,1.60,5.20
2007.10.25 10:26:26.323,1.0355,1.0358,1.60,5.20
2007.10.25 10:26:26.676,1.0355,1.0358,1.60,5.20
2007.10.25 10:26:26.778,1.0355,1.0358,1.60,5.20
2007.10.25 10:26:27.006,1.0355,1.0358,1.60,2.40
2007.10.25 10:26:27.234,1.0355,1.0358,0.80,2.40
2007.10.25 10:26:27.462,1.03545,1.03565,0.80,4.00
2007.10.25 10:26:27.715,1.03535,1.03565,4.80,4.00
2007.10.25 10:26:27.968,1.0354,1.03565,4.00,4.00
2007.10.25 10:26:28.220,1.0354,1.03565,2.40,4.00
2007.10.25 10:26:28.473,1.0354,1.03565,2.40,4.00
2007.10.25 10:26:28.751,1.03535,1.03565,4.80,4.00
2007.10.25 10:26:29.028,1.03535,1.03565,0.80,4.00
2007.10.25 10:26:29.306,1.0354,1.03565,2.40,4.00
2007.10.25 10:26:29.583,1.0354,1.03565,2.40,4.00
2007.10.25 10:26:29.915,1.0354,1.03565,2.40,4.00
2007.10.25 10:26:30.249,1.0354,1.03565,2.40,4.00
2007.10.25 10:26:30.582,1.0354,1.03565,2.40,4.00
2007.10.25 10:26:30.780,1.03535,1.03565,4.80,4.00
2007.10.25 10:26:30.978,1.03535,1.03565,4.80,4.00
2007.10.25 10:26:31.176,1.03535,1.03565,4.80,4.00
2007.10.25 10:26:31.373,1.03535,1.03565,4.80,4.00
2007.10.25 10:26:31.571,1.03535,1.03565,4.80,4.00
2007.10.25 10:26:31.904,1.03535,1.03565,0.80,4.00
2007.10.25 10:26:32.237,1.03535,1.0356,0.80,2.40
2007.10.25 10:26:32.570,1.03525,1.0356,8.00,2.40
2007.10.25 10:26:32.817,1.03525,1.0356,4.80,2.40
2007.10.25 10:26:33.009,1.03525,1.0356,4.80,2.40
2007.10.25 10:26:33.201,1.03525,1.0355,4.80,2.40
2007.10.25 10:26:33.393,1.03525,1.0355,4.80,2.40
2007.10.25 10:26:33.587,1.03525,1.0355,4.80,2.40
2007.10.25 10:26:33.779,1.03525,1.0355,0.80,2.40
2007.10.25 10:26:34.111,1.03525,1.0355,0.80,2.40
2007.10.25 10:26:34.444,1.03525,1.0355,0.80,2.40
2007.10.25 10:26:34.776,1.03525,1.03555,0.80,4.00
2007.10.25 10:26:35.109,1.03525,1.03555,0.80,4.00
2007.10.25 10:26:35.442,1.0353,1.0356,3.20,2.80
2007.10.25 10:26:35.775,1.03535,1.0355,0.80,2.40
2007.10.25 10:26:35.993,1.03535,1.0355,0.80,2.40
2007.10.25 10:26:36.211,1.03535,1.0355,0.80,2.40
2007.10.25 10:26:36.429,1.03535,1.0355,0.80,2.40
2007.10.25 10:26:36.646,1.03525,1.0355,4.00,2.40
2007.10.25 10:26:36.969,1.03515,1.0355,4.80,2.40
2007.10.25 10:26:37.291,1.03515,1.0355,4.80,2.40
2007.10.25 10:26:37.614,1.03515,1.0355,4.80,2.40
2007.10.25 10:26:37.937,1.03515,1.0355,4.80,2.40
2007.10.25 10:26:38.164,1.03515,1.0355,4.80,2.40
2007.10.25 10:26:38.392,1.03515,1.0355,4.80,2.40
2007.10.25 10:26:38.624,1.03515,1.0355,4.80,2.40
2007.10.25 10:26:38.964,1.03515,1.0355,4.80,2.40
2007.10.25 10:26:39.293,1.03515,1.0355,4.80,2.40
2007.10.25 10:26:39.625,1.03515,1.0355,0.80,2.40
2007.10.25 10:26:39.941,1.03515,1.0355,0.80,2.40
2007.10.25 10:26:40.253,1.03515,1.0355,0.80,2.40
2007.10.25 10:26:40.566,1.03525,1.0356,4.80,6.40
2007.10.25 10:26:40.880,1.03525,1.0356,4.80,2.40
2007.10.25 10:26:41.128,1.03525,1.0356,4.80,2.40
2007.10.25 10:26:41.375,1.03525,1.0356,4.80,2.40
2007.10.25 10:26:41.624,1.03525,1.0356,4.80,2.40
2007.10.25 10:26:41.871,1.03525,1.0356,4.80,2.40
2007.10.25 10:26:42.130,1.03525,1.0356,4.80,2.40
2007.10.25 10:26:42.387,1.03525,1.0356,4.80,2.40
2007.10.25 10:26:42.646,1.03525,1.0356,12.80,2.40
2007.10.25 10:26:42.903,1.03525,1.0356,12.80,2.40
2007.10.25 10:26:43.136,1.03525,1.0356,12.80,2.40
2007.10.25 10:26:43.369,1.03525,1.0356,12.80,2.40
2007.10.25 10:26:43.602,1.03525,1.0356,12.80,2.40
2007.10.25 10:26:43.834,1.03525,1.0356,12.80,2.40
2007.10.25 10:26:44.167,1.03525,1.0356,12.80,2.40
2007.10.25 10:26:44.499,1.03525,1.0356,12.80,2.40
2007.10.25 10:26:44.832,1.03525,1.0356,12.80,2.40
2007.10.25 10:26:45.126,1.03525,1.0356,12.80,2.40
2007.10.25 10:26:45.333,1.03525,1.0355,12.80,2.40
2007.10.25 10:26:45.542,1.03525,1.0355,8.80,2.40
2007.10.25 10:26:45.750,1.0353,1.0355,2.40,2.40
2007.10.25 10:26:46.039,1.0353,1.03565,3.20,7.60
2007.10.25 10:26:46.326,1.0353,1.03565,4.00,7.60
2007.10.25 10:26:46.614,1.0353,1.03565,8.00,4.80
2007.10.25 10:26:46.905,1.0353,1.03565,8.00,4.80
2007.10.25 10:26:47.172,1.0353,1.03565,8.00,4.80
2007.10.25 10:26:47.441,1.0353,1.03565,8.00,4.80
2007.10.25 10:26:47.709,1.0353,1.03565,8.00,4.80
2007.10.25 10:26:47.977,1.0353,1.03555,7.20,4.00
2007.10.25 10:26:48.245,1.03525,1.03555,0.80,4.00
2007.10.25 10:26:48.513,1.03525,1.03545,0.80,4.00
2007.10.25 10:26:48.780,1.0352,1.03545,2.40,4.00
2007.10.25 10:26:49.048,1.0352,1.03545,2.40,4.00
2007.10.25 10:26:49.382,1.0352,1.03545,2.40,4.00
2007.10.25 10:26:49.716,1.0352,1.03545,2.40,4.00
2007.10.25 10:26:50.048,1.0352,1.03555,6.40,4.00
2007.10.25 10:26:50.286,1.0352,1.03555,6.40,4.00
2007.10.25 10:26:50.524,1.0352,1.03555,6.40,4.00
2007.10.25 10:26:50.762,1.0352,1.03555,6.40,4.00
2007.10.25 10:26:51.000,1.0352,1.03555,6.40,4.00
2007.10.25 10:26:51.266,1.0352,1.03555,6.40,4.00
2007.10.25 10:26:51.553,1.0352,1.03555,6.40,4.00
2007.10.25 10:26:51.842,1.0352,1.03555,6.40,4.00
2007.10.25 10:26:52.130,1.0352,1.03555,6.40,4.00
2007.10.25 10:26:52.343,1.0352,1.03555,6.40,4.00
2007.10.25 10:26:52.555,1.0352,1.03555,6.40,4.00
2007.10.25 10:26:52.767,1.0352,1.03555,6.40,4.00
2007.10.25 10:26:52.980,1.0352,1.03555,6.40,4.00
2007.10.25 10:26:53.192,1.0352,1.03555,6.40,4.00
2007.10.25 10:26:53.509,1.0352,1.03555,6.40,4.00
2007.10.25 10:26:53.828,1.0352,1.03555,6.40,4.00
2007.10.25 10:26:54.145,1.0352,1.03555,6.40,4.00
2007.10.25 10:26:54.479,1.0352,1.03555,6.40,4.00
2007.10.25 10:26:54.811,1.0352,1.03555,6.40,4.00
2007.10.25 10:26:55.143,1.0352,1.03555,6.40,4.00
2007.10.25 10:26:55.476,1.0352,1.03555,6.40,4.00
2007.10.25 10:26:55.673,1.0352,1.03555,6.40,4.00
2007.10.25 10:26:55.871,1.0352,1.03555,6.40,4.00
2007.10.25 10:26:56.069,1.0352,1.03555,6.40,4.00
2007.10.25 10:26:56.267,1.0352,1.03555,6.40,4.00
2007.10.25 10:26:56.564,1.0352,1.03555,6.40,4.00
2007.10.25 10:26:56.861,1.0352,1.03555,6.40,4.00
2007.10.25 10:26:57.159,1.0352,1.03555,6.40,4.00
2007.10.25 10:26:57.456,1.0352,1.03555,3.20,4.00
2007.10.25 10:26:57.650,1.0353,1.03555,2.40,4.00
2007.10.25 10:26:57.842,1.0353,1.03555,2.40,4.00
2007.10.25 10:26:58.035,1.0353,1.03565,2.40,6.80
2007.10.25 10:26:58.228,1.0353,1.03565,2.40,6.80
2007.10.25 10:26:58.535,1.0353,1.03565,2.40,4.00
2007.10.25 10:26:58.843,1.0353,1.0357,2.40,5.20
2007.10.25 10:26:59.151,1.0353,1.0357,2.40,5.20
2007.10.25 10:26:59.459,1.0354,1.0357,2.40,2.80
2007.10.25 10:26:59.793,1.03535,1.0357,8.80,2.40
2007.10.25 10:27:00.125,1.03535,1.0357,8.80,2.40
2007.10.25 10:27:00.458,1.03535,1.0357,8.80,2.40
2007.10.25 10:27:00.670,1.03535,1.0357,8.80,2.40
2007.10.25 10:27:00.883,1.03535,1.0357,8.80,2.40
2007.10.25 10:27:01.098,1.03535,1.0357,8.80,2.40
2007.10.25 10:27:01.311,1.0354,1.03575,2.40,6.80
2007.10.25 10:27:01.609,1.0354,1.03575,2.40,6.80
2007.10.25 10:27:01.906,1.0354,1.03575,2.40,6.80
2007.10.25 10:27:02.204,1.0354,1.03575,2.40,4.00
2007.10.25 10:27:02.502,1.0355,1.0358,2.40,2.80
2007.10.25 10:27:02.760,1.03545,1.0358,0.80,2.40
2007.10.25 10:27:03.018,1.03545,1.0358,0.80,2.40
2007.10.25 10:27:03.276,1.03545,1.0358,0.80,5.20
2007.10.25 10:27:03.548,1.03545,1.0358,0.80,5.20
2007.10.25 10:27:03.864,1.03535,1.0358,4.80,5.20
2007.10.25 10:27:04.179,1.03535,1.0358,4.00,5.20
2007.10.25 10:27:04.493,1.03535,1.0358,4.00,5.20
2007.10.25 10:27:04.825,1.0353,1.03575,10.40,2.80
2007.10.25 10:27:05.159,1.0353,1.0357,10.40,2.80
2007.10.25 10:27:05.494,1.0353,1.0357,11.20,5.20
2007.10.25 10:27:05.716,1.0353,1.0357,7.20,5.20
2007.10.25 10:27:05.939,1.0353,1.0357,8.00,2.40
2007.10.25 10:27:06.161,1.0353,1.0357,8.00,2.40
2007.10.25 10:27:06.384,1.0353,1.0357,8.00,2.40
2007.10.25 10:27:06.661,1.0353,1.0357,8.00,2.40
2007.10.25 10:27:06.939,1.03535,1.0357,4.00,5.20
2007.10.25 10:27:07.217,1.03535,1.0357,8.80,5.20
2007.10.25 10:27:07.495,1.03535,1.0357,8.80,5.20
2007.10.25 10:27:07.737,1.03535,1.0357,8.80,5.20
2007.10.25 10:27:07.980,1.03535,1.0357,8.80,5.20
2007.10.25 10:27:08.224,1.03535,1.0357,8.80,5.20
2007.10.25 10:27:08.466,1.03535,1.0357,8.80,5.20
2007.10.25 10:27:08.549,1.03535,1.0357,0.50,5.20
2007.10.25 10:27:08.730,1.0353,1.0357,12.00,9.30
2007.10.25 10:27:08.993,1.0353,1.0357,8.00,9.30
2007.10.25 10:27:09.256,1.03525,1.03565,13.60,2.80
2007.10.25 10:27:09.519,1.0353,1.03565,1.70,2.80
2007.10.25 10:27:09.853,1.03535,1.0357,4.00,5.20
2007.10.25 10:27:10.184,1.03535,1.0357,4.80,2.40
2007.10.25 10:27:10.517,1.03535,1.0357,8.80,2.40
2007.10.25 10:27:10.735,1.03535,1.0357,8.80,2.40
2007.10.25 10:27:10.953,1.03535,1.0357,8.80,2.40
2007.10.25 10:27:11.171,1.03535,1.0357,8.80,2.40
2007.10.25 10:27:11.389,1.03535,1.0357,4.80,2.40
2007.10.25 10:27:11.606,1.03535,1.0357,4.80,2.40
2007.10.25 10:27:11.942,1.03535,1.0357,4.80,2.40
2007.10.25 10:27:12.272,1.03535,1.0357,4.80,2.40
2007.10.25 10:27:12.604,1.03535,1.0357,8.80,2.40
2007.10.25 10:27:12.790,1.03535,1.0357,8.80,2.40
2007.10.25 10:27:12.978,1.03535,1.0357,8.80,2.40
2007.10.25 10:27:13.166,1.03535,1.0357,8.80,2.40
2007.10.25 10:27:13.354,1.03535,1.0357,4.80,2.40
2007.10.25 10:27:13.541,1.03535,1.0357,4.80,2.40
2007.10.25 10:27:13.873,1.03535,1.0357,4.80,2.40
2007.10.25 10:27:14.206,1.03535,1.0357,8.80,2.40
2007.10.25 10:27:14.538,1.03535,1.0357,8.80,2.40
2007.10.25 10:27:14.866,1.03535,1.0357,8.80,2.40
2007.10.25 10:27:15.194,1.03535,1.0357,8.80,2.40
2007.10.25 10:27:15.522,1.03535,1.0357,8.80,2.40
2007.10.25 10:27:15.850,1.03545,1.03575,4.00,2.80
2007.10.25 10:27:16.073,1.03545,1.03575,4.80,3.60
2007.10.25 10:27:16.297,1.03545,1.0357,4.80,2.40
2007.10.25 10:27:16.521,1.03545,1.0357,0.80,2.40
2007.10.25 10:27:16.743,1.03545,1.0357,0.80,2.40
2007.10.25 10:27:17.065,1.0354,1.0357,0.80,5.20
2007.10.25 10:27:17.388,1.0353,1.0357,4.00,5.20
2007.10.25 10:27:17.711,1.0353,1.0357,4.00,5.20
2007.10.25 10:27:17.944,1.0353,1.0357,4.00,5.20
2007.10.25 10:27:18.177,1.0353,1.0356,1.60,6.40
2007.10.25 10:27:18.410,1.0353,1.03555,1.00,4.00
2007.10.25 10:27:18.643,1.0353,1.03555,0.20,4.00
2007.10.25 10:27:18.921,1.0354,1.03555,2.40,4.00
2007.10.25 10:27:19.199,1.0354,1.03555,2.40,3.10
2007.10.25 10:27:19.477,1.03535,1.0357,4.00,2.40
2007.10.25 10:27:19.755,1.03525,1.0357,8.00,5.20
2007.10.25 10:27:20.088,1.03525,1.0356,4.00,2.80
2007.10.25 10:27:20.421,1.03525,1.03565,4.00,2.80
2007.10.25 10:27:20.754,1.03525,1.0356,4.00,2.40
2007.10.25 10:27:20.987,1.03525,1.0356,4.00,6.40
2007.10.25 10:27:21.220,1.0352,1.0356,6.40,6.40
2007.10.25 10:27:21.453,1.0352,1.0356,2.40,9.30
2007.10.25 10:27:21.686,1.0352,1.0356,6.60,2.40
2007.10.25 10:27:21.988,1.0352,1.0356,6.60,2.40
2007.10.25 10:27:22.291,1.0352,1.0356,6.60,2.40
2007.10.25 10:27:22.593,1.0352,1.0356,6.60,2.40
2007.10.25 10:27:22.896,1.03525,1.0356,4.00,2.40
2007.10.25 10:27:23.134,1.03525,1.0356,12.00,2.40
2007.10.25 10:27:23.372,1.0353,1.03565,2.60,11.60
2007.10.25 10:27:23.609,1.03535,1.03565,0.20,7.60
2007.10.25 10:27:23.848,1.03535,1.03565,0.20,0.80
2007.10.25 10:27:24.180,1.03535,1.03565,0.20,0.80
2007.10.25 10:27:24.513,1.03535,1.03565,0.20,4.00
2007.10.25 10:27:24.846,1.0353,1.03555,2.40,19.90
2007.10.25 10:27:25.078,1.0353,1.03555,2.40,19.90
2007.10.25 10:27:25.310,1.0353,1.03555,2.40,19.90
2007.10.25 10:27:25.543,1.0353,1.03555,2.40,19.90
2007.10.25 10:27:25.775,1.0353,1.03555,2.40,19.90
2007.10.25 10:27:26.063,1.0353,1.03555,2.40,19.90
2007.10.25 10:27:26.351,1.0353,1.03555,2.40,19.90
2007.10.25 10:27:26.639,1.03525,1.03555,4.10,19.90
2007.10.25 10:27:26.702,1.03525,1.03555,4.10,0.50
2007.10.25 10:27:26.926,1.03525,1.03555,4.10,0.60
2007.10.25 10:27:27.179,1.03525,1.03555,4.00,23.10
2007.10.25 10:27:27.432,1.0352,1.03545,2.40,0.90
2007.10.25 10:27:27.685,1.0352,1.03545,2.40,0.60
2007.10.25 10:27:27.937,1.0352,1.0355,2.40,4.10
2007.10.25 10:27:28.210,1.0352,1.03545,2.40,0.50
2007.10.25 10:27:28.483,1.0351,1.0355,6.40,6.40
2007.10.25 10:27:28.756,1.0351,1.03545,6.40,0.60
2007.10.25 10:27:29.030,1.03515,1.0355,4.00,0.90
2007.10.25 10:27:29.363,1.03515,1.0355,4.00,0.90
2007.10.25 10:27:29.696,1.03515,1.03555,6.40,9.20
2007.10.25 10:27:30.029,1.03515,1.0355,12.00,0.90
2007.10.25 10:27:30.252,1.03515,1.03555,12.00,7.20
2007.10.25 10:27:30.475,1.03515,1.0355,8.00,0.70
2007.10.25 10:27:30.698,1.03515,1.03555,8.00,10.00
2007.10.25 10:27:30.921,1.03515,1.0355,4.00,0.80
2007.10.25 10:27:31.193,1.0352,1.03555,2.40,0.50
2007.10.25 10:27:31.466,1.03525,1.0356,4.00,5.20
2007.10.25 10:27:31.740,1.03525,1.03555,4.00,0.60
2007.10.25 10:27:32.012,1.03525,1.03565,4.00,3.60
2007.10.25 10:27:32.270,1.03525,1.0357,4.00,22.00
2007.10.25 10:27:32.528,1.03525,1.0356,8.00,0.80
2007.10.25 10:27:32.786,1.03525,1.03565,4.00,27.10
2007.10.25 10:27:33.045,1.0352,1.0356,6.40,0.50
2007.10.25 10:27:33.323,1.03525,1.03565,4.00,30.00
2007.10.25 10:27:33.602,1.0352,1.0356,6.40,6.40
2007.10.25 10:27:33.880,1.0352,1.03555,2.40,0.90
2007.10.25 10:27:34.235,1.0352,1.03555,2.40,0.80
2007.10.25 10:27:34.569,1.03525,1.03565,4.00,14.00
2007.10.25 10:27:34.901,1.0353,1.03565,4.00,7.20
2007.10.25 10:27:35.234,1.03525,1.03565,12.00,23.10
2007.10.25 10:27:35.457,1.03525,1.03555,4.00,0.90
2007.10.25 10:27:35.680,1.0352,1.0356,2.40,13.30
2007.10.25 10:27:35.904,1.0352,1.03565,2.40,37.90
2007.10.25 10:27:36.128,1.0352,1.03565,6.40,30.00
2007.10.25 10:27:36.380,1.0352,1.0356,6.40,0.60
2007.10.25 10:27:36.633,1.0352,1.03565,6.40,30.00
2007.10.25 10:27:36.886,1.0352,1.03565,6.40,30.00
2007.10.25 10:27:37.139,1.0352,1.03565,6.40,30.00
2007.10.25 10:27:37.363,1.0352,1.0356,6.40,0.50
2007.10.25 10:27:37.586,1.0352,1.0356,6.40,0.50
2007.10.25 10:27:37.809,1.0352,1.03565,6.40,34.00
2007.10.25 10:27:38.032,1.0352,1.03555,2.40,0.90
2007.10.25 10:27:38.254,1.0352,1.0356,2.40,9.20
2007.10.25 10:27:38.576,1.03515,1.03555,4.00,0.50
2007.10.25 10:27:38.899,1.03515,1.03565,4.00,45.90
2007.10.25 10:27:39.222,1.03515,1.03565,4.00,45.90
2007.10.25 10:27:39.555,1.03515,1.03555,4.00,0.60
2007.10.25 10:27:39.888,1.03515,1.03565,4.00,46.00
2007.10.25 10:27:40.464,1.0351,1.0354,4.00,0.80
2007.10.25 10:27:40.707,1.0351,1.03545,4.00,22.30
2007.10.25 10:27:40.950,1.035,1.0354,4.00,0.50
2007.10.25 10:27:41.194,1.03495,1.03535,4.00,0.80
2007.10.25 10:27:41.436,1.03495,1.0353,4.00,18.30
2007.10.25 10:27:41.754,1.0351,1.0354,2.40,10.80
2007.10.25 10:27:42.072,1.0351,1.03535,2.40,6.80
2007.10.25 10:27:42.390,1.035,1.03535,0.09,6.40
2007.10.25 10:27:42.627,1.035,1.03535,0.09,6.40
2007.10.25 10:27:42.865,1.035,1.0354,2.40,9.20
2007.10.25 10:27:43.103,1.035,1.0354,2.40,9.20
2007.10.25 10:27:43.340,1.035,1.0354,2.40,9.20
2007.10.25 10:27:43.619,1.035,1.0354,2.40,13.30
2007.10.25 10:27:43.893,1.035,1.0354,6.40,13.30
2007.10.25 10:27:44.166,1.035,1.03535,4.00,6.40
2007.10.25 10:27:44.439,1.035,1.03535,4.00,6.40
2007.10.25 10:27:44.771,1.035,1.0353,4.00,0.60
2007.10.25 10:27:45.105,1.035,1.03535,4.00,6.40
2007.10.25 10:27:45.436,1.035,1.0353,0.09,0.80
2007.10.25 10:27:45.674,1.035,1.0353,0.09,0.80
2007.10.25 10:27:45.912,1.03495,1.0353,20.00,18.30
2007.10.25 10:27:46.150,1.0349,1.0353,0.09,21.10
2007.10.25 10:27:46.505,1.03485,1.0352,8.00,18.30
2007.10.25 10:27:46.813,1.03475,1.03515,4.00,0.80
2007.10.25 10:27:47.120,1.03475,1.03515,4.00,0.70
2007.10.25 10:27:47.429,1.03475,1.03505,8.00,0.90
2007.10.25 10:27:47.661,1.03475,1.0351,8.00,26.30
2007.10.25 10:27:47.894,1.0346,1.03505,4.00,0.60
2007.10.25 10:27:48.128,1.0346,1.0351,4.00,26.00
2007.10.25 10:27:48.360,1.03455,1.03505,4.80,23.50
2007.10.25 10:27:48.594,1.03455,1.03505,4.00,23.50
2007.10.25 10:27:48.876,1.03455,1.03505,4.00,23.50
2007.10.25 10:27:49.159,1.03455,1.03505,4.00,7.60
2007.10.25 10:27:49.443,1.0347,1.03505,2.40,6.80
2007.10.25 10:27:49.776,1.0348,1.03515,2.40,3.60
2007.10.25 10:27:50.108,1.0348,1.0352,2.40,10.00
2007.10.25 10:27:50.441,1.03485,1.03515,8.00,0.50
2007.10.25 10:27:50.673,1.0349,1.0353,2.40,6.00
2007.10.25 10:27:50.907,1.0349,1.03535,6.50,18.00
2007.10.25 10:27:51.140,1.03495,1.03535,4.00,6.00
2007.10.25 10:27:51.374,1.03495,1.0353,8.00,0.80
2007.10.25 10:27:51.607,1.035,1.03535,2.40,8.80
2007.10.25 10:27:51.885,1.035,1.0353,2.40,6.80
2007.10.25 10:27:52.162,1.035,1.0353,2.40,6.80
2007.10.25 10:27:52.439,1.035,1.03525,2.40,0.90
2007.10.25 10:27:52.707,1.035,1.0353,2.40,6.80
2007.10.25 10:27:52.975,1.0349,1.0353,2.40,9.20
2007.10.25 10:27:53.242,1.0349,1.03525,2.40,0.90
2007.10.25 10:27:53.510,1.0349,1.0353,2.40,9.20
2007.10.25 10:27:53.732,1.0349,1.0353,2.40,9.20
2007.10.25 10:27:53.954,1.0349,1.03525,2.40,0.50
2007.10.25 10:27:54.177,1.0349,1.0353,2.40,9.20
2007.10.25 10:27:54.400,1.0349,1.0353,2.40,9.20
2007.10.25 10:27:54.622,1.0349,1.0353,2.40,9.20
2007.10.25 10:27:54.955,1.0349,1.0353,2.40,9.20
2007.10.25 10:27:55.287,1.0349,1.0353,2.40,9.20
2007.10.25 10:27:55.620,1.0349,1.0353,2.40,9.20
2007.10.25 10:27:55.833,1.0349,1.03525,2.40,4.00
2007.10.25 10:27:56.046,1.0349,1.03525,2.40,4.00
2007.10.25 10:27:56.258,1.0349,1.03525,2.40,4.00
2007.10.25 10:27:56.471,1.0349,1.03525,0.09,4.00
2007.10.25 10:27:56.684,1.0349,1.03525,0.09,4.00
2007.10.25 10:27:57.011,1.0349,1.03525,0.09,4.00
2007.10.25 10:27:57.339,1.0349,1.03525,0.09,4.00
2007.10.25 10:27:57.667,1.0349,1.03525,0.09,4.00
2007.10.25 10:27:57.811,1.0349,1.03515,0.09,2.80
2007.10.25 10:27:57.953,1.03485,1.03515,4.00,6.80
2007.10.25 10:27:58.096,1.0348,1.03515,2.40,6.80
2007.10.25 10:27:58.239,1.0348,1.03515,2.40,6.80
2007.10.25 10:27:58.382,1.0349,1.03515,0.09,6.80
2007.10.25 10:27:58.525,1.0349,1.03525,2.40,4.00
2007.10.25 10:27:58.780,1.0349,1.03525,2.40,4.00
2007.10.25 10:27:59.114,1.0349,1.03525,2.40,4.00
2007.10.25 10:27:59.449,1.0349,1.03525,2.40,4.00
2007.10.25 10:27:59.780,1.0349,1.03525,2.40,4.00
2007.10.25 10:28:00.073,1.0349,1.03525,2.40,4.00
2007.10.25 10:28:00.365,1.0349,1.03525,2.40,4.00
2007.10.25 10:28:00.657,1.0349,1.03525,2.40,4.00
2007.10.25 10:28:00.860,1.0349,1.03525,2.40,4.00
2007.10.25 10:28:01.063,1.0349,1.03525,2.40,4.00
2007.10.25 10:28:01.265,1.0349,1.03525,2.40,4.00
2007.10.25 10:28:01.468,1.0349,1.03525,2.40,4.00
2007.10.25 10:28:01.670,1.0349,1.03525,2.40,4.00
2007.10.25 10:28:01.988,1.0349,1.03525,2.40,4.00
2007.10.25 10:28:02.306,1.0349,1.03525,2.40,4.00
2007.10.25 10:28:02.623,1.0349,1.03525,6.40,4.00
2007.10.25 10:28:02.942,1.035,1.03525,2.40,4.00
2007.10.25 10:28:03.144,1.035,1.03525,2.40,4.00
2007.10.25 10:28:03.347,1.035,1.03525,2.40,4.00
2007.10.25 10:28:03.550,1.035,1.03525,2.40,4.00
2007.10.25 10:28:03.753,1.035,1.03525,2.40,4.00
2007.10.25 10:28:04.086,1.035,1.03525,2.40,4.00
2007.10.25 10:28:04.421,1.035,1.03525,2.40,4.00
2007.10.25 10:28:04.753,1.03505,1.0354,4.00,2.40
2007.10.25 10:28:04.976,1.03505,1.0354,4.00,2.40
2007.10.25 10:28:05.199,1.03505,1.0354,4.00,2.40
2007.10.25 10:28:05.422,1.03505,1.0354,4.00,2.40
2007.10.25 10:28:05.643,1.03505,1.0354,4.00,2.40
2007.10.25 10:28:05.867,1.0351,1.0354,0.09,5.20
2007.10.25 10:28:06.180,1.0351,1.0354,0.09,5.20
2007.10.25 10:28:06.493,1.0351,1.0354,0.09,5.20
2007.10.25 10:28:06.806,1.0351,1.0354,0.09,5.20
2007.10.25 10:28:07.024,1.0351,1.0354,0.09,2.40
2007.10.25 10:28:07.242,1.0351,1.0354,0.09,2.40
2007.10.25 10:28:07.459,1.0351,1.0354,0.09,2.40
2007.10.25 10:28:07.677,1.0351,1.0354,0.09,2.40
2007.10.25 10:28:07.895,1.0351,1.0354,0.09,2.40
2007.10.25 10:28:08.183,1.0351,1.0354,0.09,2.40
2007.10.25 10:28:08.471,1.0351,1.0354,0.09,2.40
2007.10.25 10:28:08.758,1.0351,1.0354,0.09,2.40
2007.10.25 10:28:09.044,1.0351,1.0354,0.09,2.40
2007.10.25 10:28:09.377,1.0351,1.0354,0.09,2.40
2007.10.25 10:28:09.709,1.0351,1.0354,0.09,2.40
2007.10.25 10:28:10.042,1.0351,1.0354,0.09,2.40
2007.10.25 10:28:10.209,1.0351,1.0354,0.09,2.40
2007.10.25 10:28:10.377,1.0351,1.0354,0.09,2.40
2007.10.25 10:28:10.544,1.0351,1.0354,0.09,2.40
2007.10.25 10:28:10.712,1.0351,1.0354,0.09,5.20
2007.10.25 10:28:10.879,1.0351,1.0354,0.09,5.20
2007.10.25 10:28:11.182,1.0351,1.0354,0.09,5.20
2007.10.25 10:28:11.485,1.0351,1.0354,0.09,2.40
2007.10.25 10:28:11.788,1.0351,1.03545,2.40,11.60
2007.10.25 10:28:12.090,1.0351,1.03545,2.40,8.80
2007.10.25 10:28:12.303,1.0351,1.03545,2.40,8.80
2007.10.25 10:28:12.516,1.0351,1.03545,2.40,8.80
2007.10.25 10:28:12.729,1.0351,1.03545,2.40,8.80
2007.10.25 10:28:12.942,1.0351,1.03545,2.40,8.80
2007.10.25 10:28:13.185,1.0351,1.03545,2.40,8.80
2007.10.25 10:28:13.428,1.03515,1.03545,4.00,0.80
2007.10.25 10:28:13.671,1.03515,1.03545,4.00,0.80
2007.10.25 10:28:13.914,1.03515,1.03545,4.00,0.80
2007.10.25 10:28:14.247,1.03515,1.0354,4.00,2.40
2007.10.25 10:28:14.581,1.0351,1.0354,4.00,2.40
2007.10.25 10:28:14.913,1.0351,1.0354,0.09,2.40
2007.10.25 10:28:15.141,1.0351,1.0354,0.09,2.40
2007.10.25 10:28:15.369,1.03505,1.03535,4.00,4.00
2007.10.25 10:28:15.597,1.03505,1.03535,4.00,4.00
2007.10.25 10:28:15.825,1.035,1.03535,2.40,4.00
2007.10.25 10:28:16.053,1.035,1.03535,2.40,4.00
2007.10.25 10:28:16.356,1.03505,1.0354,4.00,5.20
2007.10.25 10:28:16.659,1.03505,1.0354,4.00,5.20
2007.10.25 10:28:16.962,1.03505,1.0354,4.00,2.40
2007.10.25 10:28:17.201,1.03505,1.0354,4.00,2.40
2007.10.25 10:28:17.399,1.03505,1.0354,4.00,2.40
2007.10.25 10:28:17.598,1.03505,1.0354,4.00,2.40
2007.10.25 10:28:17.796,1.03505,1.0354,4.00,2.40
2007.10.25 10:28:17.993,1.03505,1.0354,4.00,2.40
2007.10.25 10:28:18.279,1.03505,1.0354,4.00,2.40
2007.10.25 10:28:18.562,1.03505,1.0354,4.00,2.40
2007.10.25 10:28:18.844,1.03505,1.0354,4.00,2.40
2007.10.25 10:28:19.127,1.035,1.03535,2.40,4.00
2007.10.25 10:28:19.460,1.035,1.03535,2.40,4.00
2007.10.25 10:28:19.794,1.035,1.03535,2.40,4.00
2007.10.25 10:28:20.126,1.035,1.03535,2.40,4.00
2007.10.25 10:28:20.349,1.035,1.0354,2.40,5.20
2007.10.25 10:28:20.572,1.035,1.03535,2.40,2.80
2007.10.25 10:28:20.794,1.035,1.03535,2.40,2.80
2007.10.25 10:28:21.017,1.035,1.03535,2.40,2.80
2007.10.25 10:28:21.075,1.035,1.03535,2.40,0.80
2007.10.25 10:28:21.309,1.035,1.0354,2.40,5.20
2007.10.25 10:28:21.603,1.035,1.0354,6.40,0.80
2007.10.25 10:28:21.896,1.035,1.03545,6.40,18.00
2007.10.25 10:28:22.189,1.035,1.03545,6.40,18.00
2007.10.25 10:28:22.458,1.035,1.0354,6.40,10.40
2007.10.25 10:28:22.725,1.03495,1.03535,12.00,10.40
2007.10.25 10:28:22.994,1.03495,1.03525,4.00,0.80
2007.10.25 10:28:23.339,1.035,1.03525,4.00,0.60
2007.10.25 10:28:23.603,1.0349,1.03525,6.40,0.80
2007.10.25 10:28:23.869,1.0349,1.03525,6.40,0.60
2007.10.25 10:28:24.130,1.0349,1.03525,6.40,0.80
2007.10.25 10:28:24.392,1.0349,1.03525,6.40,0.60
2007.10.25 10:28:24.725,1.0349,1.03525,6.40,0.60
2007.10.25 10:28:25.058,1.0349,1.0353,6.40,6.40
2007.10.25 10:28:25.393,1.0349,1.03525,6.40,0.90
2007.10.25 10:28:25.551,1.0349,1.0353,6.40,10.40
2007.10.25 10:28:25.708,1.0349,1.03525,6.40,0.80
2007.10.25 10:28:25.865,1.0349,1.0353,6.40,10.40
2007.10.25 10:28:26.023,1.0349,1.03525,6.40,0.50
2007.10.25 10:28:26.180,1.0349,1.0353,6.40,10.40
2007.10.25 10:28:26.339,1.0349,1.03525,2.40,0.90
2007.10.25 10:28:26.651,1.0349,1.03525,2.40,0.70
2007.10.25 10:28:26.963,1.0349,1.0353,2.40,13.30
2007.10.25 10:28:27.275,1.0349,1.0353,2.40,13.30
2007.10.25 10:28:27.438,1.0349,1.0353,2.40,13.30
2007.10.25 10:28:27.600,1.0349,1.0353,2.40,13.30
2007.10.25 10:28:27.763,1.0349,1.0353,2.40,13.30
2007.10.25 10:28:27.926,1.0349,1.03525,2.40,0.70
2007.10.25 10:28:28.088,1.0349,1.0353,2.40,13.30
2007.10.25 10:28:28.251,1.0349,1.03525,2.40,0.80
2007.10.25 10:28:28.413,1.0349,1.0353,2.40,13.30
2007.10.25 10:28:28.721,1.0349,1.03525,2.40,0.90
2007.10.25 10:28:29.028,1.0349,1.0353,2.40,13.30
2007.10.25 10:28:29.336,1.0349,1.03525,6.40,0.80
2007.10.25 10:28:29.640,1.0349,1.03525,6.40,0.50
2007.10.25 10:28:29.943,1.0349,1.03525,6.40,0.90
2007.10.25 10:28:30.246,1.0349,1.03525,6.40,0.50
2007.10.25 10:28:30.548,1.0349,1.0353,6.40,6.40
2007.10.25 10:28:30.730,1.0349,1.03525,6.40,0.50
2007.10.25 10:28:30.912,1.0349,1.0353,6.40,6.40
2007.10.25 10:28:31.095,1.0349,1.0353,6.40,6.40
2007.10.25 10:28:31.278,1.0349,1.0353,6.40,6.40
2007.10.25 10:28:31.461,1.0349,1.03525,6.40,0.90
2007.10.25 10:28:31.713,1.0349,1.03525,6.40,0.50
2007.10.25 10:28:31.966,1.0349,1.0353,6.40,6.40
2007.10.25 10:28:32.218,1.0349,1.03525,2.40,0.80
2007.10.25 10:28:32.471,1.0349,1.0353,2.40,9.20
2007.10.25 10:28:32.710,1.0349,1.0353,2.40,9.20
2007.10.25 10:28:32.947,1.0349,1.0353,2.40,9.20
2007.10.25 10:28:33.186,1.0349,1.03525,2.40,0.50
2007.10.25 10:28:33.423,1.0349,1.03525,2.40,0.60
2007.10.25 10:28:33.610,1.0349,1.03525,2.40,0.60
2007.10.25 10:28:33.799,1.0349,1.0352,0.09,0.50
2007.10.25 10:28:33.987,1.03485,1.03525,12.00,7.20
2007.10.25 10:28:34.175,1.03485,1.0352,4.00,0.60
2007.10.25 10:28:34.362,1.03485,1.0352,4.00,0.90
2007.10.25 10:28:34.550,1.03485,1.0352,4.00,0.50
2007.10.25 10:28:34.883,1.03485,1.03525,4.00,10.00
2007.10.25 10:28:35.215,1.03485,1.03525,4.00,10.00
2007.10.25 10:28:35.609,1.03485,1.0352,4.00,0.90
2007.10.25 10:28:35.791,1.03485,1.0352,4.00,0.70
2007.10.25 10:28:35.975,1.03485,1.03525,4.00,10.00
2007.10.25 10:28:36.157,1.03485,1.03525,4.00,10.00
2007.10.25 10:28:36.341,1.03485,1.03525,4.00,10.00
2007.10.25 10:28:36.524,1.03485,1.0352,4.00,0.90
2007.10.25 10:28:36.782,1.03485,1.03525,4.00,10.00
2007.10.25 10:28:37.039,1.03485,1.03525,4.00,10.00
2007.10.25 10:28:37.296,1.03485,1.03525,4.00,10.00
2007.10.25 10:28:37.553,1.03485,1.03525,4.00,10.00
2007.10.25 10:28:37.751,1.03485,1.0352,4.00,0.70
2007.10.25 10:28:37.949,1.03485,1.0352,4.00,0.70
2007.10.25 10:28:38.146,1.03485,1.0352,4.00,0.50
2007.10.25 10:28:38.343,1.03485,1.03525,4.00,10.00
2007.10.25 10:28:38.541,1.03485,1.03525,4.00,10.00
2007.10.25 10:28:38.738,1.03485,1.03525,4.00,10.00
2007.10.25 10:28:39.011,1.03485,1.03525,4.00,10.00
2007.10.25 10:28:39.283,1.03485,1.03525,4.00,10.00
2007.10.25 10:28:39.556,1.03485,1.0352,4.00,0.70
2007.10.25 10:28:39.828,1.03485,1.0352,4.00,0.60
2007.10.25 10:28:40.161,1.03485,1.03525,4.00,10.00
2007.10.25 10:28:40.493,1.03485,1.0352,4.00,0.60
2007.10.25 10:28:40.826,1.03485,1.03525,4.00,10.00
2007.10.25 10:28:41.008,1.03485,1.03525,4.00,10.00
2007.10.25 10:28:41.191,1.03485,1.0352,4.00,0.60
2007.10.25 10:28:41.374,1.03485,1.03525,4.00,10.00
2007.10.25 10:28:41.557,1.03485,1.03525,4.00,10.00
2007.10.25 10:28:41.748,1.03485,1.03525,4.00,10.00
2007.10.25 10:28:41.993,1.03485,1.0352,4.00,0.80
2007.10.25 10:28:42.236,1.03485,1.03525,4.00,10.00
2007.10.25 10:28:42.479,1.03485,1.0352,4.00,0.90
2007.10.25 10:28:42.721,1.03485,1.03525,4.00,10.00
2007.10.25 10:28:42.884,1.03485,1.03525,4.00,10.00
2007.10.25 10:28:43.048,1.03485,1.03525,4.00,10.00
2007.10.25 10:28:43.211,1.03485,1.03525,4.00,10.00
2007.10.25 10:28:43.376,1.03485,1.03525,4.00,10.00
2007.10.25 10:28:43.538,1.03485,1.03525,4.00,10.00
2007.10.25 10:28:43.701,1.03485,1.03525,4.00,10.00
2007.10.25 10:28:44.035,1.03485,1.03525,4.00,10.00
2007.10.25 10:28:44.368,1.0349,1.0352,2.40,0.90
2007.10.25 10:28:44.700,1.0349,1.0353,2.40,14.00
2007.10.25 10:28:44.835,1.0349,1.0353,2.40,14.00
2007.10.25 10:28:44.967,1.0349,1.03525,2.40,0.80
2007.10.25 10:28:45.100,1.0349,1.0353,2.40,14.00
2007.10.25 10:28:45.233,1.0349,1.0353,2.40,14.00
2007.10.25 10:28:45.365,1.0349,1.03525,2.40,0.60
2007.10.25 10:28:45.498,1.0349,1.03525,2.40,0.60
2007.10.25 10:28:45.630,1.0349,1.0353,2.40,14.00
2007.10.25 10:28:45.763,1.03485,1.0352,4.00,0.60
2007.10.25 10:28:46.097,1.0348,1.03515,6.40,0.70
2007.10.25 10:28:46.430,1.0348,1.0352,6.40,0.90
2007.10.25 10:28:46.762,1.0348,1.03525,6.40,16.40
2007.10.25 10:28:46.980,1.0348,1.03525,6.40,16.40
2007.10.25 10:28:47.198,1.0348,1.0352,6.40,0.90
2007.10.25 10:28:47.415,1.0348,1.0352,6.40,0.70
2007.10.25 10:28:47.633,1.0348,1.03525,6.40,16.40
2007.10.25 10:28:47.884,1.0348,1.0352,6.40,6.40
2007.10.25 10:28:48.117,1.0348,1.03515,0.09,6.40
2007.10.25 10:28:48.350,1.0348,1.0351,0.09,2.40
2007.10.25 10:28:48.584,1.0348,1.0351,0.09,2.40
2007.10.25 10:28:48.816,1.0348,1.03515,2.40,4.00
2007.10.25 10:28:49.049,1.0348,1.03515,2.40,4.00
2007.10.25 10:28:49.382,1.0348,1.0351,0.09,2.40
2007.10.25 10:28:49.714,1.0348,1.03515,2.40,4.00
2007.10.25 10:28:50.046,1.0348,1.03515,2.40,4.00
2007.10.25 10:28:50.189,1.0348,1.03515,2.40,4.00
2007.10.25 10:28:50.332,1.0348,1.03515,2.40,4.00
2007.10.25 10:28:50.474,1.0348,1.03515,2.40,4.00
2007.10.25 10:28:50.616,1.0348,1.03515,2.40,4.00
2007.10.25 10:28:50.761,1.0348,1.03515,2.40,4.00
2007.10.25 10:28:50.903,1.0348,1.03515,2.40,4.00
2007.10.25 10:28:51.046,1.0348,1.03515,2.40,4.00
2007.10.25 10:28:51.348,1.0348,1.03515,2.40,4.00
2007.10.25 10:28:51.650,1.0348,1.03515,2.40,4.00
2007.10.25 10:28:51.952,1.0348,1.03515,2.40,4.00
2007.10.25 10:28:52.254,1.0348,1.03515,2.40,4.00
2007.10.25 10:28:52.437,1.0348,1.03515,2.40,4.00
2007.10.25 10:28:52.619,1.0348,1.03515,2.40,4.00
2007.10.25 10:28:52.802,1.0348,1.03515,2.40,4.00
2007.10.25 10:28:52.985,1.0348,1.03515,6.40,4.00
2007.10.25 10:28:53.167,1.0349,1.03515,2.40,4.00
2007.10.25 10:28:53.435,1.0349,1.03525,2.40,11.60
2007.10.25 10:28:53.704,1.0349,1.03525,2.40,7.60
2007.10.25 10:28:54.018,1.0349,1.03525,2.40,7.60
2007.10.25 10:28:54.285,1.0349,1.03525,2.40,7.60
2007.10.25 10:28:54.603,1.0349,1.03525,2.40,7.60
2007.10.25 10:28:54.920,1.0349,1.03525,2.40,7.60
2007.10.25 10:28:55.238,1.0349,1.03525,2.40,7.60
2007.10.25 10:28:55.556,1.0349,1.03525,2.40,7.60
2007.10.25 10:28:55.759,1.0349,1.03525,2.40,7.60
2007.10.25 10:28:55.961,1.0349,1.03525,2.40,7.60
2007.10.25 10:28:56.164,1.0349,1.03525,2.40,7.60
2007.10.25 10:28:56.366,1.0349,1.03525,2.40,7.60
2007.10.25 10:28:56.574,1.0349,1.03525,2.40,7.60
2007.10.25 10:28:56.781,1.03485,1.03525,4.00,7.60
2007.10.25 10:28:56.990,1.03485,1.0352,4.00,2.40
2007.10.25 10:28:57.197,1.03485,1.0352,4.00,2.40
2007.10.25 10:28:57.405,1.03485,1.0352,4.00,2.40
2007.10.25 10:28:57.662,1.03485,1.0352,4.00,2.40
2007.10.25 10:28:57.920,1.03485,1.0352,6.40,2.40
2007.10.25 10:28:58.178,1.03485,1.0352,6.40,2.40
2007.10.25 10:28:58.436,1.0349,1.03525,2.40,7.60
2007.10.25 10:28:58.724,1.03485,1.0352,4.00,2.40
2007.10.25 10:28:59.012,1.0348,1.0352,6.40,2.40
2007.10.25 10:28:59.300,1.0348,1.0352,2.40,5.20
2007.10.25 10:28:59.588,1.0348,1.0352,2.40,5.20
2007.10.25 10:28:59.921,1.0348,1.0352,2.40,5.20
2007.10.25 10:29:00.254,1.0348,1.0352,2.40,5.20
2007.10.25 10:29:00.587,1.03475,1.03505,8.00,4.00
2007.10.25 10:29:00.779,1.03475,1.03505,4.00,4.00
2007.10.25 10:29:00.972,1.0347,1.03505,2.40,4.00
2007.10.25 10:29:01.165,1.0347,1.03505,2.40,4.00
2007.10.25 10:29:01.358,1.0347,1.035,0.10,2.40
2007.10.25 10:29:01.551,1.0347,1.035,0.10,2.40
2007.10.25 10:29:01.883,1.0347,1.03505,2.40,6.80
2007.10.25 10:29:02.215,1.0347,1.03495,2.40,4.00
2007.10.25 10:29:02.548,1.0347,1.03495,2.40,4.00
2007.10.25 10:29:02.777,1.0347,1.03495,2.40,4.00
2007.10.25 10:29:03.004,1.0347,1.03505,2.40,10.80
2007.10.25 10:29:03.232,1.0347,1.03505,2.40,6.80
2007.10.25 10:29:03.460,1.0347,1.03505,2.40,6.80
2007.10.25 10:29:03.688,1.0347,1.03505,2.40,6.80
2007.10.25 10:29:03.965,1.0347,1.03505,2.40,6.80
2007.10.25 10:29:04.243,1.0347,1.03505,2.40,6.80
2007.10.25 10:29:04.520,1.0347,1.03505,2.40,6.80
2007.10.25 10:29:04.852,1.0347,1.03505,2.40,6.80
2007.10.25 10:29:05.185,1.0347,1.03505,2.40,6.80
2007.10.25 10:29:05.518,1.0347,1.03505,2.40,6.80
2007.10.25 10:29:05.746,1.0347,1.03505,2.40,6.80
2007.10.25 10:29:05.974,1.0347,1.03505,2.40,6.80
2007.10.25 10:29:06.297,1.0347,1.03505,2.40,6.80
2007.10.25 10:29:06.525,1.0347,1.03505,2.40,6.80
2007.10.25 10:29:06.809,1.0347,1.0351,2.40,5.20
2007.10.25 10:29:07.093,1.0347,1.0351,2.40,5.20
2007.10.25 10:29:07.375,1.0348,1.0351,0.10,2.40
2007.10.25 10:29:07.657,1.0348,1.0351,0.10,2.40
2007.10.25 10:29:07.908,1.0348,1.0351,0.10,2.40
2007.10.25 10:29:08.161,1.0348,1.0351,0.10,2.40
2007.10.25 10:29:08.414,1.0348,1.0351,0.10,2.40
2007.10.25 10:29:08.665,1.0348,1.0351,0.10,5.20
2007.10.25 10:29:08.948,1.0348,1.0351,0.10,2.40
2007.10.25 10:29:09.231,1.0348,1.0351,0.10,2.40
2007.10.25 10:29:09.297,1.0348,1.0351,0.10,2.40
2007.10.25 10:29:09.515,1.0348,1.0351,0.10,2.40
2007.10.25 10:29:09.797,1.0348,1.03515,2.40,6.80
2007.10.25 10:29:10.116,1.0348,1.03515,2.40,4.00
2007.10.25 10:29:10.433,1.0348,1.0351,0.10,2.40
2007.10.25 10:29:10.750,1.0348,1.0351,0.10,2.40
2007.10.25 10:29:10.919,1.0348,1.0349,0.10,2.40
2007.10.25 10:29:11.087,1.0347,1.0349,4.00,2.40
2007.10.25 10:29:11.255,1.03455,1.0349,4.80,2.40
2007.10.25 10:29:11.422,1.03455,1.0349,4.80,2.40
2007.10.25 10:29:11.590,1.03455,1.0349,4.80,2.40
2007.10.25 10:29:11.759,1.0346,1.03495,2.40,4.00
2007.10.25 10:29:12.092,1.03475,1.035,4.00,2.80
2007.10.25 10:29:12.426,1.03475,1.03505,4.00,4.00
2007.10.25 10:29:12.758,1.0348,1.0351,0.10,2.40
2007.10.25 10:29:13.091,1.0348,1.0351,0.10,2.40
2007.10.25 10:29:13.293,1.0348,1.0351,0.10,2.40
2007.10.25 10:29:13.496,1.0348,1.0351,0.10,2.40
2007.10.25 10:29:13.698,1.0348,1.0351,0.10,2.40
2007.10.25 10:29:13.902,1.0348,1.0351,0.10,2.40
2007.10.25 10:29:14.234,1.03475,1.0351,4.00,6.40
2007.10.25 10:29:14.567,1.0347,1.03505,0.10,2.80
2007.10.25 10:29:14.900,1.0347,1.035,0.10,2.80
2007.10.25 10:29:15.113,1.0347,1.035,0.10,2.80
2007.10.25 10:29:15.327,1.0347,1.035,0.10,2.80
2007.10.25 10:29:15.540,1.0346,1.035,4.00,2.80
2007.10.25 10:29:15.752,1.0346,1.035,4.00,2.80
2007.10.25 10:29:15.965,1.0346,1.03505,4.00,10.80
2007.10.25 10:29:16.243,1.03455,1.035,8.80,2.80
2007.10.25 10:29:16.521,1.03455,1.035,8.80,2.80
2007.10.25 10:29:16.799,1.03455,1.035,8.80,2.80
2007.10.25 10:29:17.077,1.03455,1.035,8.80,2.80
2007.10.25 10:29:17.319,1.03455,1.035,8.80,2.80
2007.10.25 10:29:17.562,1.03455,1.035,8.00,5.20
2007.10.25 10:29:17.805,1.0345,1.0349,4.00,2.80
2007.10.25 10:29:18.048,1.0345,1.0349,4.00,2.80
2007.10.25 10:29:18.260,1.03445,1.0349,8.80,2.80
2007.10.25 10:29:18.568,1.03445,1.0349,8.80,2.80
2007.10.25 10:29:18.781,1.03445,1.0349,8.80,2.80
2007.10.25 10:29:18.994,1.03465,1.0349,4.00,2.80
2007.10.25 10:29:19.327,1.0347,1.035,0.10,6.40
2007.10.25 10:29:19.661,1.0347,1.035,0.10,2.40
2007.10.25 10:29:19.993,1.0347,1.035,0.10,2.40
2007.10.25 10:29:20.192,1.0347,1.035,0.10,2.40
2007.10.25 10:29:20.391,1.0347,1.035,0.10,2.40
2007.10.25 10:29:20.588,1.0347,1.035,0.10,2.40
2007.10.25 10:29:20.786,1.03475,1.0351,4.00,5.20
2007.10.25 10:29:20.984,1.03475,1.0351,4.00,5.20
2007.10.25 10:29:21.216,1.03475,1.0351,4.00,2.40
2007.10.25 10:29:21.450,1.03475,1.0351,4.00,2.40
2007.10.25 10:29:21.683,1.03475,1.0351,4.00,2.40
2007.10.25 10:29:21.916,1.03475,1.0351,4.00,2.40
2007.10.25 10:29:22.164,1.03475,1.0351,4.00,2.40
2007.10.25 10:29:22.412,1.03475,1.0351,4.00,2.40
2007.10.25 10:29:22.660,1.0348,1.0351,0.10,2.40
2007.10.25 10:29:22.907,1.0348,1.0351,0.10,2.40
2007.10.25 10:29:23.156,1.0348,1.0351,0.10,2.40
2007.10.25 10:29:23.459,1.0348,1.0351,0.10,2.40
2007.10.25 10:29:23.763,1.0348,1.0351,0.10,2.40
2007.10.25 10:29:24.067,1.03475,1.0351,4.00,2.40
2007.10.25 10:29:24.400,1.0347,1.0351,2.40,5.20
2007.10.25 10:29:24.734,1.0347,1.0351,2.40,5.20
2007.10.25 10:29:25.066,1.0347,1.0351,2.40,5.20
2007.10.25 10:29:25.244,1.0347,1.0351,2.40,5.20
2007.10.25 10:29:25.422,1.0347,1.0351,2.40,5.20
2007.10.25 10:29:25.599,1.0347,1.0351,2.40,5.20
2007.10.25 10:29:25.776,1.0347,1.0351,2.40,5.20
2007.10.25 10:29:25.955,1.0347,1.0351,2.40,5.20
2007.10.25 10:29:26.132,1.0347,1.0351,2.40,5.20
2007.10.25 10:29:26.409,1.0348,1.0351,0.10,5.20
2007.10.25 10:29:26.687,1.0348,1.0351,0.10,2.40
2007.10.25 10:29:26.965,1.0348,1.0351,0.10,2.40
2007.10.25 10:29:27.243,1.0348,1.0351,0.10,2.40
2007.10.25 10:29:27.480,1.0348,1.0351,0.10,2.40
2007.10.25 10:29:27.719,1.0348,1.0351,0.10,2.40
2007.10.25 10:29:27.957,1.0348,1.0351,0.10,2.40
2007.10.25 10:29:28.195,1.0348,1.0351,0.10,2.40
2007.10.25 10:29:28.398,1.0349,1.0351,0.10,2.40
2007.10.25 10:29:28.600,1.0349,1.0351,0.10,2.40
2007.10.25 10:29:28.803,1.0349,1.0352,0.10,2.40
2007.10.25 10:29:29.007,1.0349,1.0352,2.40,2.80
2007.10.25 10:29:29.210,1.0349,1.0352,2.40,2.80
2007.10.25 10:29:29.542,1.0349,1.03525,2.40,6.80
2007.10.25 10:29:29.876,1.0349,1.03525,2.40,4.00
2007.10.25 10:29:30.209,1.0349,1.03525,2.40,4.00
2007.10.25 10:29:30.386,1.0349,1.03525,2.40,4.00
2007.10.25 10:29:30.564,1.0349,1.03525,2.40,4.00
2007.10.25 10:29:30.835,1.0349,1.0353,2.40,5.20
2007.10.25 10:29:31.012,1.0349,1.0353,2.40,5.20
2007.10.25 10:29:31.190,1.03495,1.0353,0.80,5.20
2007.10.25 10:29:31.463,1.035,1.0353,2.40,2.80
2007.10.25 10:29:31.736,1.035,1.03535,2.40,10.80
2007.10.25 10:29:32.009,1.035,1.03535,2.40,6.80
2007.10.25 10:29:32.281,1.035,1.03535,2.40,6.80
2007.10.25 10:29:32.539,1.035,1.03535,2.40,6.80
2007.10.25 10:29:32.797,1.035,1.03535,2.40,6.80
2007.10.25 10:29:33.054,1.035,1.03535,2.40,6.80
2007.10.25 10:29:33.312,1.035,1.03535,2.40,6.80
2007.10.25 10:29:33.495,1.0351,1.03535,0.10,2.80
2007.10.25 10:29:33.677,1.0351,1.03535,0.10,2.80
2007.10.25 10:29:33.861,1.03515,1.0354,4.00,2.40
2007.10.25 10:29:34.043,1.03515,1.0354,4.00,2.40
2007.10.25 10:29:34.226,1.03515,1.0354,4.00,2.40
2007.10.25 10:29:34.408,1.03515,1.0354,4.00,2.40
2007.10.25 10:29:34.741,1.03515,1.0354,4.00,2.40
2007.10.25 10:29:35.074,1.03515,1.0354,4.00,2.40
2007.10.25 10:29:35.407,1.0351,1.0354,0.10,2.40
2007.10.25 10:29:35.589,1.0351,1.0354,0.10,2.40
2007.10.25 10:29:35.771,1.0351,1.0354,0.10,2.40
2007.10.25 10:29:35.953,1.0351,1.0354,0.10,2.40
2007.10.25 10:29:36.136,1.0351,1.0354,0.10,2.40
2007.10.25 10:29:36.318,1.0351,1.0354,0.10,2.40
2007.10.25 10:29:36.601,1.0351,1.0354,0.10,2.40
2007.10.25 10:29:36.975,1.0352,1.0355,0.10,5.20
2007.10.25 10:29:37.256,1.0352,1.03545,0.10,2.80
2007.10.25 10:29:37.538,1.0352,1.03545,0.10,2.80
2007.10.25 10:29:37.782,1.0352,1.03545,0.10,2.80
2007.10.25 10:29:38.025,1.0352,1.0355,0.10,5.20
2007.10.25 10:29:38.267,1.0352,1.0355,0.10,5.20
2007.10.25 10:29:38.471,1.0352,1.0355,0.10,5.20
2007.10.25 10:29:38.674,1.0352,1.0355,0.10,5.20
2007.10.25 10:29:38.877,1.0352,1.0355,0.10,5.20
2007.10.25 10:29:39.080,1.0352,1.0355,0.10,5.20
2007.10.25 10:29:39.283,1.03515,1.03545,4.00,4.80
2007.10.25 10:29:39.616,1.03515,1.0354,4.00,2.80
2007.10.25 10:29:39.948,1.03505,1.0354,4.00,5.20
2007.10.25 10:29:40.282,1.035,1.03535,2.40,6.80
2007.10.25 10:29:40.505,1.035,1.0353,0.10,2.40
2007.10.25 10:29:40.728,1.03495,1.0353,4.00,2.40
2007.10.25 10:29:40.950,1.03495,1.0353,4.00,5.20
2007.10.25 10:29:41.173,1.03495,1.0353,4.00,5.20
2007.10.25 10:29:41.361,1.03495,1.0353,4.00,0.50
2007.10.25 10:29:41.395,1.03495,1.0353,4.00,5.20
2007.10.25 10:29:41.698,1.03495,1.0353,4.00,5.20
2007.10.25 10:29:42.001,1.03495,1.03525,4.00,15.90
2007.10.25 10:29:42.303,1.03495,1.03525,4.00,15.90
2007.10.25 10:29:42.606,1.03495,1.03525,4.00,15.90
2007.10.25 10:29:42.813,1.03495,1.03525,4.00,15.90
2007.10.25 10:29:43.107,1.03495,1.03525,4.00,15.90
2007.10.25 10:29:43.315,1.03495,1.03525,4.00,15.90
2007.10.25 10:29:43.548,1.0349,1.0352,0.10,2.40
2007.10.25 10:29:43.781,1.03485,1.0352,8.00,5.20
2007.10.25 10:29:44.016,1.03485,1.0352,4.00,5.20
2007.10.25 10:29:44.248,1.03485,1.0352,4.00,5.20
2007.10.25 10:29:44.480,1.03485,1.0352,4.00,5.20
2007.10.25 10:29:44.813,1.03495,1.0353,4.00,2.40
2007.10.25 10:29:45.146,1.03495,1.0353,4.00,2.40
2007.10.25 10:29:45.480,1.03495,1.0353,4.00,2.40
2007.10.25 10:29:45.695,1.03495,1.0353,4.00,2.40
2007.10.25 10:29:45.908,1.03495,1.0353,8.00,2.40
2007.10.25 10:29:46.120,1.03495,1.0353,8.00,2.40
2007.10.25 10:29:46.333,1.03495,1.0352,4.00,2.40
2007.10.25 10:29:46.547,1.03495,1.0352,4.00,2.40
2007.10.25 10:29:46.850,1.03485,1.0352,10.40,2.40
2007.10.25 10:29:47.152,1.03485,1.0352,10.40,2.40
2007.10.25 10:29:47.455,1.03485,1.0352,14.40,2.40
2007.10.25 10:29:47.759,1.03485,1.0352,12.00,2.40
2007.10.25 10:29:47.987,1.03485,1.0352,12.00,2.40
2007.10.25 10:29:48.214,1.03485,1.0352,12.00,2.40
2007.10.25 10:29:48.443,1.03485,1.0352,12.00,2.40
2007.10.25 10:29:48.670,1.03485,1.0352,12.00,2.40
2007.10.25 10:29:48.868,1.03485,1.0352,12.00,2.40
2007.10.25 10:29:49.065,1.03485,1.0352,12.00,2.40
2007.10.25 10:29:49.263,1.03485,1.0352,12.00,2.40
2007.10.25 10:29:49.462,1.03485,1.0352,12.00,2.40
2007.10.25 10:29:49.659,1.03485,1.0352,4.00,5.20
2007.10.25 10:29:49.993,1.0348,1.0352,2.40,5.20
2007.10.25 10:29:50.326,1.0348,1.03515,2.40,2.80
2007.10.25 10:29:50.658,1.0348,1.03515,2.40,2.80
2007.10.25 10:29:50.886,1.0348,1.03515,2.40,2.80
2007.10.25 10:29:51.114,1.0348,1.03515,2.40,2.80
2007.10.25 10:29:51.342,1.0348,1.03515,2.40,2.80
2007.10.25 10:29:51.571,1.0348,1.03515,2.40,2.80
2007.10.25 10:29:51.798,1.03485,1.03515,4.00,2.80
2007.10.25 10:29:52.050,1.03485,1.03515,4.00,2.80
2007.10.25 10:29:52.303,1.03485,1.03515,4.00,2.80
2007.10.25 10:29:52.556,1.03485,1.0352,4.00,2.40
2007.10.25 10:29:52.809,1.03485,1.0352,4.00,2.40
2007.10.25 10:29:53.055,1.03485,1.0352,8.00,2.40
2007.10.25 10:29:53.298,1.03485,1.0352,8.00,2.40
2007.10.25 10:29:53.540,1.03485,1.0352,8.00,2.40
2007.10.25 10:29:53.783,1.03485,1.0352,8.00,2.40
2007.10.25 10:29:54.117,1.03485,1.0351,8.00,2.40
2007.10.25 10:29:54.449,1.03485,1.0351,4.00,2.40
2007.10.25 10:29:54.782,1.03475,1.035,4.00,2.40
2007.10.25 10:29:55.000,1.03465,1.035,8.00,2.40
2007.10.25 10:29:55.218,1.03465,1.03495,4.00,19.90
2007.10.25 10:29:55.436,1.03465,1.03495,4.00,19.90
2007.10.25 10:29:55.653,1.03465,1.03495,4.00,19.90
2007.10.25 10:29:55.870,1.03465,1.03495,4.00,19.90
2007.10.25 10:29:56.178,1.0346,1.03495,2.40,19.90
2007.10.25 10:29:56.486,1.0346,1.03495,2.40,22.80
2007.10.25 10:29:56.794,1.0346,1.03495,2.40,22.80
2007.10.25 10:29:57.103,1.0346,1.03495,2.40,19.90
2007.10.25 10:29:57.335,1.0346,1.03495,2.40,19.90
2007.10.25 10:29:57.568,1.0346,1.03495,2.40,19.90
2007.10.25 10:29:57.801,1.0346,1.03495,2.40,19.90
2007.10.25 10:29:58.034,1.0346,1.03495,2.40,19.90
2007.10.25 10:29:58.272,1.0346,1.03495,2.40,22.80
2007.10.25 10:29:58.510,1.0346,1.03495,2.40,22.80
2007.10.25 10:29:58.748,1.0346,1.03495,2.40,22.80
2007.10.25 10:29:58.986,1.0346,1.03495,2.40,22.80
2007.10.25 10:29:59.320,1.0346,1.03495,2.40,22.80
2007.10.25 10:29:59.653,1.0346,1.03495,2.40,19.90
2007.10.25 10:29:59.985,1.0346,1.03495,2.40,19.90
2007.10.25 10:30:00.168,1.0346,1.03495,2.40,19.90
2007.10.25 10:30:00.351,1.0346,1.03495,2.40,26.80
2007.10.25 10:30:00.534,1.0346,1.03495,2.40,26.80
2007.10.25 10:30:00.717,1.0346,1.03485,0.10,4.00
2007.10.25 10:30:00.901,1.03455,1.03485,4.00,4.00
2007.10.25 10:30:01.083,1.03455,1.03485,4.00,6.40
2007.10.25 10:30:01.516,1.03455,1.0348,4.00,2.40
2007.10.25 10:30:01.848,1.0345,1.0348,0.08,2.40
2007.10.25 10:30:02.181,1.0345,1.0348,0.08,2.40
2007.10.25 10:30:02.408,1.0345,1.0348,0.08,2.40
2007.10.25 10:30:02.635,1.0345,1.0348,0.08,2.40
2007.10.25 10:30:02.863,1.0345,1.03485,2.40,6.80
2007.10.25 10:30:03.091,1.0345,1.03485,2.40,6.80
2007.10.25 10:30:03.365,1.0345,1.03485,2.40,2.80
2007.10.25 10:30:03.637,1.0345,1.03485,2.40,2.80
2007.10.25 10:30:03.910,1.0345,1.03485,2.40,2.80
2007.10.25 10:30:04.182,1.0345,1.03485,2.40,2.80
2007.10.25 10:30:04.515,1.0345,1.03485,2.40,2.80
2007.10.25 10:30:04.848,1.0345,1.03485,2.40,2.80
2007.10.25 10:30:05.181,1.0345,1.0349,2.40,5.20
2007.10.25 10:30:05.379,1.0345,1.03485,2.40,5.20
2007.10.25 10:30:05.578,1.0345,1.03485,2.40,9.20
2007.10.25 10:30:05.775,1.0345,1.03485,2.40,13.20
2007.10.25 10:30:05.973,1.0345,1.03485,2.40,13.20
2007.10.25 10:30:06.171,1.0345,1.03485,2.40,13.20
2007.10.25 10:30:06.483,1.0345,1.03485,2.40,10.40
2007.10.25 10:30:06.795,1.0345,1.03485,2.40,13.20
2007.10.25 10:30:07.107,1.0345,1.03485,2.40,13.20
2007.10.25 10:30:07.419,1.0345,1.03485,2.40,13.20
2007.10.25 10:30:07.658,1.0345,1.03485,2.40,13.20
2007.10.25 10:30:07.842,1.0345,1.03485,2.40,13.20
2007.10.25 10:30:08.025,1.0345,1.03485,2.40,13.20
2007.10.25 10:30:08.209,1.0345,1.03485,2.40,13.20
2007.10.25 10:30:08.450,1.0345,1.03485,2.40,13.20
2007.10.25 10:30:08.692,1.0345,1.03485,2.40,13.20
2007.10.25 10:30:08.935,1.0345,1.03485,2.40,13.20
2007.10.25 10:30:09.177,1.0345,1.03485,2.40,17.20
2007.10.25 10:30:09.419,1.0345,1.03485,2.40,17.20
2007.10.25 10:30:09.752,1.0344,1.03475,6.40,19.90
2007.10.25 10:30:10.085,1.0344,1.03475,2.40,19.90
2007.10.25 10:30:10.418,1.0344,1.03475,2.40,19.90
2007.10.25 10:30:10.652,1.0345,1.03475,2.40,19.90
2007.10.25 10:30:10.884,1.0344,1.03475,2.40,19.90
2007.10.25 10:30:11.117,1.0344,1.03475,2.40,19.90
2007.10.25 10:30:11.350,1.0344,1.03475,2.40,19.90
2007.10.25 10:30:11.582,1.0344,1.03475,2.40,19.90
2007.10.25 10:30:11.880,1.03445,1.0348,4.00,5.20
2007.10.25 10:30:12.182,1.0345,1.0348,0.08,5.20
2007.10.25 10:30:12.477,1.0345,1.03475,0.08,2.80
2007.10.25 10:30:12.685,1.0345,1.0348,0.08,2.40
2007.10.25 10:30:12.892,1.0345,1.0348,0.08,2.40
2007.10.25 10:30:13.100,1.0345,1.03475,0.08,0.80
2007.10.25 10:30:13.308,1.0344,1.03475,8.00,8.80
2007.10.25 10:30:13.516,1.0343,1.03475,6.40,11.60
2007.10.25 10:30:13.814,1.0343,1.03475,4.00,11.60
2007.10.25 10:30:14.112,1.0343,1.0346,4.20,2.40
2007.10.25 10:30:14.408,1.0343,1.0346,0.60,2.40
2007.10.25 10:30:14.706,1.0343,1.0346,0.60,2.40
2007.10.25 10:30:15.039,1.0343,1.0346,0.60,2.40
2007.10.25 10:30:15.372,1.0343,1.0346,0.60,2.40
2007.10.25 10:30:15.705,1.0343,1.0346,0.60,5.20
2007.10.25 10:30:15.888,1.0343,1.0346,0.60,5.20
2007.10.25 10:30:16.071,1.0343,1.0346,0.60,5.20
2007.10.25 10:30:16.254,1.0343,1.0346,0.60,5.20
2007.10.25 10:30:16.436,1.0343,1.0346,0.60,5.20
2007.10.25 10:30:16.618,1.0343,1.0346,0.60,5.20
2007.10.25 10:30:16.936,1.0343,1.0346,0.60,5.20
2007.10.25 10:30:17.254,1.0343,1.0346,0.60,5.20
2007.10.25 10:30:17.573,1.0343,1.0346,0.60,5.20
2007.10.25 10:30:17.890,1.0343,1.0346,0.60,5.20
2007.10.25 10:30:18.148,1.0343,1.0346,0.60,2.40
2007.10.25 10:30:18.406,1.0343,1.0346,0.60,2.40
2007.10.25 10:30:18.664,1.0343,1.0346,0.60,2.40
2007.10.25 10:30:18.997,1.0343,1.0346,0.60,2.40
2007.10.25 10:30:19.329,1.0343,1.0346,0.60,2.40
2007.10.25 10:30:19.663,1.03435,1.03465,0.30,4.00
2007.10.25 10:30:19.995,1.0344,1.03465,0.30,4.00
2007.10.25 10:30:20.173,1.0344,1.03465,0.30,4.00
2007.10.25 10:30:20.351,1.0344,1.03465,0.30,4.00
2007.10.25 10:30:20.529,1.0344,1.03465,0.30,4.00
2007.10.25 10:30:20.707,1.0344,1.03475,2.60,4.00
2007.10.25 10:30:21.040,1.0344,1.03475,2.60,4.00
2007.10.25 10:30:21.372,1.0344,1.03475,2.60,4.00
2007.10.25 10:30:21.705,1.0345,1.03475,0.30,2.80
2007.10.25 10:30:22.039,1.0345,1.03475,0.60,2.80
2007.10.25 10:30:22.221,1.0345,1.0348,0.60,2.40
2007.10.25 10:30:22.404,1.0345,1.0348,0.60,2.40
2007.10.25 10:30:22.586,1.0345,1.0348,0.60,2.40
2007.10.25 10:30:22.769,1.0345,1.0348,0.60,2.40
2007.10.25 10:30:23.046,1.0345,1.0348,0.60,2.40
2007.10.25 10:30:23.323,1.0345,1.0348,0.60,2.40
2007.10.25 10:30:23.600,1.0345,1.0348,0.60,2.40
2007.10.25 10:30:23.877,1.0345,1.0348,0.60,2.40
2007.10.25 10:30:24.205,1.0345,1.0348,0.60,2.40
2007.10.25 10:30:24.533,1.0345,1.0348,0.60,2.40
2007.10.25 10:30:24.860,1.0345,1.0348,0.60,2.40
2007.10.25 10:30:25.034,1.0345,1.0348,0.60,2.40
2007.10.25 10:30:25.207,1.0345,1.0348,0.60,2.40
2007.10.25 10:30:25.380,1.0345,1.0348,0.60,2.40
2007.10.25 10:30:25.553,1.0345,1.0348,0.60,2.40
2007.10.25 10:30:25.726,1.0345,1.0348,0.60,2.40
2007.10.25 10:30:25.898,1.0345,1.0348,0.60,2.40
2007.10.25 10:30:26.232,1.0346,1.0348,0.30,2.40
2007.10.25 10:30:26.564,1.0346,1.0348,0.60,2.40
2007.10.25 10:30:26.897,1.0346,1.0348,0.30,2.40
2007.10.25 10:30:27.145,1.0345,1.0348,0.60,2.40
2007.10.25 10:30:27.395,1.0345,1.0348,0.60,2.40
2007.10.25 10:30:27.642,1.0345,1.0348,0.60,2.40
2007.10.25 10:30:27.890,1.0345,1.0348,0.60,2.40
2007.10.25 10:30:28.142,1.0345,1.0348,0.60,2.40
2007.10.25 10:30:28.394,1.0345,1.0348,0.60,2.40
2007.10.25 10:30:28.647,1.0345,1.0348,0.60,2.40
2007.10.25 10:30:28.900,1.0345,1.0348,0.60,2.40
2007.10.25 10:30:29.217,1.0345,1.0348,0.60,2.40
2007.10.25 10:30:29.535,1.0345,1.0348,0.60,2.40
2007.10.25 10:30:29.853,1.0345,1.0348,0.60,2.40
2007.10.25 10:30:30.171,1.0345,1.0348,0.60,2.40
2007.10.25 10:30:30.323,1.0345,1.0348,0.60,2.40
2007.10.25 10:30:30.477,1.0345,1.0348,0.60,2.40
2007.10.25 10:30:30.630,1.0345,1.0348,0.60,2.40
2007.10.25 10:30:30.782,1.0345,1.0348,0.60,2.40
2007.10.25 10:30:30.934,1.0345,1.0348,0.60,2.40
2007.10.25 10:30:31.216,1.0345,1.03475,0.60,4.00
2007.10.25 10:30:31.499,1.0345,1.03475,0.60,4.00
2007.10.25 10:30:31.782,1.0345,1.03475,0.60,4.00
2007.10.25 10:30:32.065,1.0345,1.03475,0.60,8.00
2007.10.25 10:30:32.263,1.0345,1.03475,0.60,4.00
2007.10.25 10:30:32.461,1.0345,1.03475,2.80,4.00
2007.10.25 10:30:32.659,1.0345,1.03475,2.80,4.00
2007.10.25 10:30:32.857,1.0345,1.03475,2.80,4.00
2007.10.25 10:30:33.054,1.0345,1.03475,2.80,4.00
2007.10.25 10:30:33.277,1.0345,1.03475,2.80,4.00
2007.10.25 10:30:33.499,1.0345,1.03475,2.80,4.00
2007.10.25 10:30:33.722,1.0345,1.03475,2.80,4.00
2007.10.25 10:30:33.944,1.0345,1.03485,2.80,11.60
2007.10.25 10:30:33.957,1.0345,1.0349,2.80,18.00
2007.10.25 10:30:34.167,1.0345,1.03485,2.80,0.50
2007.10.25 10:30:34.500,1.03445,1.03475,0.30,0.80
2007.10.25 10:30:34.832,1.03445,1.03475,0.30,0.70
2007.10.25 10:30:35.166,1.0345,1.03475,2.40,0.90
2007.10.25 10:30:35.349,1.0345,1.0348,2.40,0.90
2007.10.25 10:30:35.531,1.0345,1.03485,2.40,11.60
2007.10.25 10:30:35.715,1.03445,1.03485,4.20,14.00
2007.10.25 10:30:35.898,1.03445,1.03475,0.30,0.60
2007.10.25 10:30:36.080,1.03445,1.03475,0.30,0.80
2007.10.25 10:30:36.392,1.03445,1.0348,0.30,9.20
2007.10.25 10:30:36.705,1.03445,1.0348,0.30,9.20
2007.10.25 10:30:37.017,1.03445,1.0348,0.30,9.20
2007.10.25 10:30:37.245,1.0345,1.03475,2.40,0.70
2007.10.25 10:30:37.472,1.0345,1.0348,2.40,0.90
2007.10.25 10:30:37.701,1.0345,1.03485,2.40,0.90
2007.10.25 10:30:37.928,1.0345,1.03485,2.40,0.80
2007.10.25 10:30:38.156,1.0345,1.0349,2.40,18.00
2007.10.25 10:30:38.413,1.0345,1.03485,2.40,0.80
2007.10.25 10:30:38.671,1.03445,1.03485,4.20,14.00
2007.10.25 10:30:38.930,1.03455,1.0348,0.30,0.50
2007.10.25 10:30:39.187,1.03455,1.0348,0.30,0.70
2007.10.25 10:30:39.520,1.03455,1.03485,0.30,7.20
2007.10.25 10:30:39.852,1.03455,1.0348,0.30,0.80
2007.10.25 10:30:40.185,1.03455,1.0348,0.30,0.80
2007.10.25 10:30:40.383,1.03455,1.03485,0.30,7.20
2007.10.25 10:30:40.580,1.03455,1.03485,0.30,7.20
2007.10.25 10:30:40.778,1.03455,1.0348,0.30,0.70
2007.10.25 10:30:40.975,1.03455,1.0348,0.30,0.70
2007.10.25 10:30:41.172,1.03455,1.0348,0.30,0.50
2007.10.25 10:30:41.465,1.03455,1.0348,0.30,0.90
2007.10.25 10:30:41.758,1.0344,1.03475,2.60,0.90
2007.10.25 10:30:42.050,1.0344,1.0348,2.60,17.30
2007.10.25 10:30:42.343,1.0345,1.0348,0.30,0.60
2007.10.25 10:30:42.612,1.0345,1.0348,0.30,0.80
2007.10.25 10:30:42.878,1.0345,1.03485,0.60,22.00
2007.10.25 10:30:43.147,1.0345,1.0348,0.60,0.60
2007.10.25 10:30:43.403,1.0345,1.03485,0.60,22.00
2007.10.25 10:30:43.662,1.0345,1.0348,0.60,7.60
2007.10.25 10:30:43.919,1.0345,1.03475,0.30,17.60
2007.10.25 10:30:44.178,1.0344,1.0348,2.80,18.00
2007.10.25 10:30:44.488,1.03445,1.03475,4.00,0.70
2007.10.25 10:30:44.822,1.0345,1.0348,0.30,9.20
2007.10.25 10:30:45.156,1.03455,1.0348,0.30,0.60
2007.10.25 10:30:45.489,1.03455,1.0348,0.30,0.60
2007.10.25 10:30:45.717,1.03455,1.03485,0.30,14.00
2007.10.25 10:30:45.945,1.03455,1.0348,0.30,0.70
2007.10.25 10:30:46.172,1.03455,1.03485,0.30,14.00
2007.10.25 10:30:46.400,1.03455,1.0348,0.30,0.90
2007.10.25 10:30:46.653,1.03455,1.03485,0.30,11.20
2007.10.25 10:30:46.905,1.03455,1.03485,0.30,14.00
2007.10.25 10:30:47.158,1.03455,1.03485,0.30,14.00
2007.10.25 10:30:47.411,1.03455,1.03485,0.30,14.00
2007.10.25 10:30:47.633,1.03455,1.03485,0.30,14.00
2007.10.25 10:30:47.855,1.03455,1.03485,0.30,14.00
2007.10.25 10:30:48.078,1.03455,1.0348,0.30,0.90
2007.10.25 10:30:48.300,1.03455,1.0348,0.30,0.70
2007.10.25 10:30:48.518,1.03455,1.03485,0.30,14.00
2007.10.25 10:30:48.735,1.03455,1.03485,0.30,14.00
2007.10.25 10:30:48.953,1.03455,1.03485,0.30,14.00
2007.10.25 10:30:49.171,1.03455,1.0348,0.30,0.90
2007.10.25 10:30:49.389,1.03455,1.03485,0.30,14.00
2007.10.25 10:30:49.721,1.03455,1.0348,0.30,0.60
2007.10.25 10:30:50.053,1.03455,1.03485,0.30,14.00
2007.10.25 10:30:50.387,1.03455,1.03485,0.30,10.00
2007.10.25 10:30:50.622,1.03455,1.0348,0.30,0.50
2007.10.25 10:30:50.766,1.03455,1.0348,0.30,0.90
2007.10.25 10:30:50.909,1.03455,1.0348,0.30,0.80
2007.10.25 10:30:51.052,1.03455,1.0348,0.30,0.50
2007.10.25 10:30:51.194,1.03455,1.0348,0.30,0.70
2007.10.25 10:30:51.337,1.03455,1.0348,0.30,0.50
2007.10.25 10:30:51.636,1.03455,1.03485,0.30,14.00
2007.10.25 10:30:51.932,1.03455,1.03485,0.30,14.00
2007.10.25 10:30:52.231,1.03455,1.0348,0.30,0.90
2007.10.25 10:30:52.528,1.03455,1.03485,0.30,14.00
2007.10.25 10:30:52.735,1.03455,1.03485,0.30,14.00
2007.10.25 10:30:52.943,1.03455,1.03485,0.30,14.00
2007.10.25 10:30:53.151,1.03455,1.03485,0.30,10.00
2007.10.25 10:30:53.359,1.03455,1.03485,0.30,10.00
2007.10.25 10:30:53.567,1.03455,1.03485,0.30,10.00
2007.10.25 10:30:53.845,1.03455,1.03485,0.30,10.00
2007.10.25 10:30:54.124,1.03455,1.03485,0.30,14.00
2007.10.25 10:30:54.406,1.03455,1.0348,0.30,0.70
2007.10.25 10:30:54.740,1.03455,1.03485,0.30,6.40
2007.10.25 10:30:55.073,1.03455,1.03485,0.30,14.00
2007.10.25 10:30:55.406,1.03455,1.0348,0.30,6.40
2007.10.25 10:30:55.630,1.03445,1.0348,0.30,13.30
2007.10.25 10:30:55.854,1.0345,1.03485,0.30,22.10
2007.10.25 10:30:56.076,1.0345,1.03485,0.60,18.00
2007.10.25 10:30:56.298,1.0345,1.0348,0.60,0.90
2007.10.25 10:30:56.521,1.0345,1.0348,0.60,0.50
2007.10.25 10:30:56.834,1.0345,1.0348,0.60,0.70
2007.10.25 10:30:57.146,1.0345,1.03485,0.60,14.00
2007.10.25 10:30:57.460,1.0345,1.03485,0.60,14.00
2007.10.25 10:30:57.668,1.0345,1.03485,0.60,14.00
2007.10.25 10:30:57.876,1.0345,1.03485,0.60,14.00
2007.10.25 10:30:58.084,1.0345,1.0348,0.60,0.90
2007.10.25 10:30:58.293,1.0345,1.03485,0.30,14.00
2007.10.25 10:30:58.500,1.0344,1.03485,4.00,14.00
2007.10.25 10:30:58.803,1.03435,1.03485,8.80,14.00
2007.10.25 10:30:59.105,1.03435,1.0348,8.80,0.70
2007.10.25 10:30:59.409,1.03435,1.0348,8.80,0.50
2007.10.25 10:30:59.712,1.03435,1.03485,8.80,14.00
2007.10.25 10:31:00.046,1.03435,1.03485,8.80,14.00
2007.10.25 10:31:00.380,1.03435,1.03475,4.00,0.80
2007.10.25 10:31:00.713,1.03435,1.03475,4.00,0.50
2007.10.25 10:31:00.931,1.03435,1.0347,4.00,0.70
2007.10.25 10:31:01.149,1.03435,1.0348,4.00,5.20
2007.10.25 10:31:01.368,1.0344,1.03475,0.30,6.80
2007.10.25 10:31:01.586,1.0344,1.03475,0.60,6.80
2007.10.25 10:31:01.810,1.0344,1.03475,0.60,6.80
2007.10.25 10:31:02.033,1.0344,1.03475,0.60,7.60
2007.10.25 10:31:02.256,1.0344,1.03465,0.60,0.80
2007.10.25 10:31:02.479,1.0344,1.03475,0.60,7.60
2007.10.25 10:31:02.702,1.0344,1.03475,0.60,7.60
2007.10.25 10:31:02.979,1.0344,1.03465,0.60,0.60
2007.10.25 10:31:03.257,1.0344,1.03465,0.60,0.60
2007.10.25 10:31:03.535,1.0344,1.03475,0.60,7.60
2007.10.25 10:31:03.813,1.0345,1.03475,0.30,6.80
2007.10.25 10:31:04.087,1.03455,1.03465,0.30,0.80
2007.10.25 10:31:04.360,1.03455,1.0347,0.30,6.40
2007.10.25 10:31:04.637,1.03435,1.0347,0.30,9.20
2007.10.25 10:31:04.969,1.03435,1.0347,0.30,9.20
2007.10.25 10:31:05.303,1.0344,1.03475,2.60,14.00
2007.10.25 10:31:05.636,1.03445,1.03465,0.30,0.50
2007.10.25 10:31:05.868,1.03445,1.03465,0.30,0.90
2007.10.25 10:31:06.101,1.03445,1.03475,0.30,6.80
2007.10.25 10:31:06.335,1.03445,1.0346,0.30,0.80
2007.10.25 10:31:06.568,1.03445,1.03475,0.30,6.80
2007.10.25 10:31:06.801,1.03445,1.0347,0.30,6.80
2007.10.25 10:31:07.088,1.03445,1.0347,0.30,6.80
2007.10.25 10:31:07.375,1.03445,1.03465,0.30,0.70
2007.10.25 10:31:07.664,1.03445,1.03465,0.30,0.60
2007.10.25 10:31:07.952,1.03445,1.0347,0.30,6.80
2007.10.25 10:31:08.202,1.03445,1.0347,0.30,6.80
2007.10.25 10:31:08.449,1.03445,1.0347,0.30,6.80
2007.10.25 10:31:08.697,1.03445,1.0347,0.30,6.80
2007.10.25 10:31:09.030,1.03445,1.03465,0.30,0.80
2007.10.25 10:31:09.362,1.03445,1.0347,0.30,9.20
2007.10.25 10:31:09.696,1.03445,1.0347,0.30,6.80
2007.10.25 10:31:09.908,1.03445,1.0347,0.30,6.80
2007.10.25 10:31:10.121,1.03445,1.0347,0.30,6.80
2007.10.25 10:31:10.335,1.0345,1.0348,0.30,10.00
2007.10.25 10:31:10.548,1.0345,1.03475,0.60,0.90
2007.10.25 10:31:10.760,1.0345,1.0348,0.60,10.00
2007.10.25 10:31:11.093,1.0345,1.03475,0.60,0.80
2007.10.25 10:31:11.426,1.0345,1.0348,0.60,10.00
2007.10.25 10:31:11.758,1.0345,1.03475,0.60,0.50
2007.10.25 10:31:11.951,1.0345,1.0348,0.60,10.00
2007.10.25 10:31:12.144,1.0345,1.0348,0.60,10.00
2007.10.25 10:31:12.337,1.0345,1.0348,0.60,10.00
2007.10.25 10:31:12.529,1.0345,1.0348,0.60,10.00
2007.10.25 10:31:12.721,1.0345,1.0348,0.60,10.00
2007.10.25 10:31:12.915,1.03445,1.0347,0.30,6.80
2007.10.25 10:31:13.208,1.03445,1.0347,0.30,6.80
2007.10.25 10:31:13.502,1.03445,1.0347,0.30,0.50
2007.10.25 10:31:13.794,1.03445,1.03475,0.30,7.60
2007.10.25 10:31:14.127,1.03445,1.03475,0.30,7.60
2007.10.25 10:31:14.460,1.03445,1.0347,0.30,0.90
2007.10.25 10:31:14.796,1.03445,1.0347,0.30,0.60
2007.10.25 10:31:15.003,1.03445,1.0347,0.30,9.20
2007.10.25 10:31:15.211,1.03445,1.03465,0.30,0.50
2007.10.25 10:31:15.418,1.03445,1.03465,0.30,0.60
2007.10.25 10:31:15.625,1.03445,1.0347,0.30,9.20
2007.10.25 10:31:15.833,1.03445,1.0347,0.30,9.20
2007.10.25 10:31:16.132,1.03445,1.0347,0.30,9.20
2007.10.25 10:31:16.429,1.03445,1.0347,0.30,9.20
2007.10.25 10:31:16.727,1.03445,1.03465,0.30,0.90
2007.10.25 10:31:17.025,1.03445,1.03465,0.30,0.60
2007.10.25 10:31:17.272,1.03445,1.03465,0.30,0.90
2007.10.25 10:31:17.520,1.03445,1.03465,0.30,0.90
2007.10.25 10:31:17.768,1.03445,1.0347,0.30,9.20
2007.10.25 10:31:18.016,1.03445,1.0347,0.30,9.20
2007.10.25 10:31:18.258,1.03445,1.0347,0.30,9.20
2007.10.25 10:31:18.502,1.03445,1.03465,0.30,0.60
2007.10.25 10:31:18.744,1.03445,1.0347,0.30,9.20
2007.10.25 10:31:18.987,1.03445,1.0347,0.30,9.20
2007.10.25 10:31:19.319,1.03445,1.03465,0.30,4.00
2007.10.25 10:31:19.652,1.03445,1.03465,0.30,4.00
2007.10.25 10:31:19.984,1.03445,1.03465,0.30,4.00
2007.10.25 10:31:20.197,1.03445,1.03465,0.30,4.00
2007.10.25 10:31:20.410,1.03445,1.0347,0.30,5.20
2007.10.25 10:31:20.623,1.03445,1.0347,0.30,5.20
2007.10.25 10:31:20.836,1.03445,1.0347,0.30,5.20
2007.10.25 10:31:21.049,1.03445,1.0347,0.30,5.20
2007.10.25 10:31:21.317,1.03445,1.0347,0.30,5.20
2007.10.25 10:31:21.585,1.03445,1.0347,0.30,5.20
2007.10.25 10:31:21.853,1.03445,1.0347,0.30,5.20
2007.10.25 10:31:22.121,1.03445,1.0347,0.30,5.20
2007.10.25 10:31:22.333,1.03445,1.0347,0.30,5.20
2007.10.25 10:31:22.545,1.03445,1.0347,0.30,5.20
2007.10.25 10:31:22.757,1.03445,1.0347,0.30,5.20
2007.10.25 10:31:22.970,1.03445,1.0347,0.30,5.20
2007.10.25 10:31:23.173,1.03445,1.0347,0.30,5.20
2007.10.25 10:31:23.375,1.03445,1.0347,0.30,5.20
2007.10.25 10:31:23.578,1.03445,1.0347,0.30,5.20
2007.10.25 10:31:23.781,1.03445,1.0347,0.30,5.20
2007.10.25 10:31:23.983,1.03445,1.0347,0.30,5.20
2007.10.25 10:31:24.316,1.03445,1.0347,0.30,5.20
2007.10.25 10:31:24.649,1.03445,1.0347,0.30,5.20
2007.10.25 10:31:24.981,1.03445,1.03465,0.30,4.00
2007.10.25 10:31:25.314,1.0344,1.03465,0.60,6.80
2007.10.25 10:31:25.511,1.0344,1.03465,0.60,6.80
2007.10.25 10:31:25.709,1.0344,1.0346,0.60,2.40
2007.10.25 10:31:25.906,1.0344,1.0346,0.60,2.40
2007.10.25 10:31:26.104,1.0344,1.03465,0.60,6.80
2007.10.25 10:31:26.438,1.0344,1.03465,0.60,6.80
2007.10.25 10:31:26.771,1.0344,1.0346,0.60,2.40
2007.10.25 10:31:27.104,1.0344,1.0346,0.60,2.40
2007.10.25 10:31:27.441,1.0344,1.0346,0.60,2.40
2007.10.25 10:31:27.659,1.0344,1.03465,0.60,6.80
2007.10.25 10:31:27.876,1.0344,1.03465,0.60,6.80
2007.10.25 10:31:28.094,1.0344,1.03465,0.60,6.80
2007.10.25 10:31:28.327,1.0344,1.03465,0.60,6.80
2007.10.25 10:31:28.559,1.0344,1.03465,0.60,6.80
2007.10.25 10:31:28.791,1.0344,1.03465,0.60,6.80
2007.10.25 10:31:29.023,1.0344,1.03465,0.60,6.80
2007.10.25 10:31:29.255,1.0344,1.03465,0.60,6.80
2007.10.25 10:31:29.587,1.0344,1.03465,0.60,6.80
2007.10.25 10:31:29.920,1.0344,1.03455,0.30,4.00
2007.10.25 10:31:30.253,1.0344,1.03455,0.30,4.00
2007.10.25 10:31:30.486,1.0344,1.03455,0.30,4.00
2007.10.25 10:31:30.719,1.0344,1.03455,0.30,4.00
2007.10.25 10:31:30.951,1.0344,1.0346,0.30,2.80
2007.10.25 10:31:31.183,1.0344,1.03465,0.30,6.80
2007.10.25 10:31:31.415,1.0344,1.03465,0.60,6.80
2007.10.25 10:31:31.699,1.0344,1.03465,0.60,4.00
2007.10.25 10:31:31.982,1.0344,1.03465,0.60,4.00
2007.10.25 10:31:32.265,1.0344,1.03465,0.60,4.00
2007.10.25 10:31:32.522,1.0344,1.03465,0.60,6.80
2007.10.25 10:31:32.781,1.0344,1.03465,0.60,6.80
2007.10.25 10:31:33.039,1.0344,1.03465,0.60,4.80
2007.10.25 10:31:33.296,1.0344,1.03465,0.60,7.60
2007.10.25 10:31:33.583,1.0344,1.03465,0.30,7.60
2007.10.25 10:31:33.861,1.0343,1.03455,2.40,2.80
2007.10.25 10:31:34.139,1.03425,1.03455,12.00,2.80
2007.10.25 10:31:34.417,1.0343,1.0345,0.30,2.80
2007.10.25 10:31:34.749,1.0343,1.03455,0.60,6.80
2007.10.25 10:31:35.082,1.0343,1.03455,0.60,6.80
2007.10.25 10:31:35.415,1.0343,1.03455,0.30,6.80
2007.10.25 10:31:35.633,1.03425,1.0345,0.30,2.80
2007.10.25 10:31:35.851,1.03425,1.0345,0.30,2.80
2007.10.25 10:31:36.068,1.03425,1.0345,0.30,2.80
2007.10.25 10:31:36.286,1.03425,1.0345,0.30,2.80
2007.10.25 10:31:36.504,1.03425,1.0345,0.30,2.80
2007.10.25 10:31:36.732,1.03425,1.0345,0.30,2.80
2007.10.25 10:31:36.960,1.03425,1.0345,0.30,2.80
2007.10.25 10:31:37.187,1.03425,1.0345,0.30,2.80
2007.10.25 10:31:37.415,1.03425,1.0345,0.30,2.80
2007.10.25 10:31:37.672,1.03425,1.0345,0.30,2.80
2007.10.25 10:31:37.930,1.0343,1.03445,2.40,4.00
2007.10.25 10:31:38.187,1.0343,1.03445,2.40,4.00
2007.10.25 10:31:38.445,1.0343,1.03445,2.40,4.00
2007.10.25 10:31:38.644,1.03425,1.03445,0.30,4.00
2007.10.25 10:31:38.841,1.03425,1.03445,0.30,4.00
2007.10.25 10:31:39.038,1.03425,1.03445,0.30,4.00
2007.10.25 10:31:39.235,1.03425,1.03445,0.30,4.00
2007.10.25 10:31:39.433,1.03425,1.03445,0.30,4.00
2007.10.25 10:31:39.765,1.03425,1.03445,0.30,4.00
2007.10.25 10:31:40.098,1.03425,1.03445,0.30,4.00
2007.10.25 10:31:40.430,1.03425,1.03445,0.30,4.00
2007.10.25 10:31:40.648,1.03425,1.03445,0.30,4.00
2007.10.25 10:31:40.866,1.03425,1.03445,0.30,4.00
2007.10.25 10:31:41.084,1.03425,1.03445,0.30,4.00
2007.10.25 10:31:41.301,1.03425,1.03445,0.30,4.00
2007.10.25 10:31:41.519,1.03425,1.03445,0.30,4.00
2007.10.25 10:31:41.827,1.03425,1.03445,0.30,4.00
2007.10.25 10:31:42.135,1.03425,1.03445,0.30,4.00
2007.10.25 10:31:42.443,1.0341,1.03435,6.60,4.00
2007.10.25 10:31:42.675,1.03415,1.03435,0.30,4.00
2007.10.25 10:31:42.908,1.03415,1.03435,0.30,4.00
2007.10.25 10:31:43.141,1.03415,1.03435,0.30,4.00
2007.10.25 10:31:43.374,1.03415,1.03435,0.30,4.00
2007.10.25 10:31:43.607,1.03415,1.03435,0.30,4.00
2007.10.25 10:31:43.905,1.03415,1.03435,0.30,4.00
2007.10.25 10:31:44.203,1.0342,1.03435,2.40,4.00
2007.10.25 10:31:44.500,1.0342,1.03445,2.60,6.80
2007.10.25 10:31:44.834,1.03425,1.03445,0.30,4.00
2007.10.25 10:31:45.166,1.03425,1.03445,0.30,6.80
2007.10.25 10:31:45.500,1.03425,1.03445,0.30,6.80
2007.10.25 10:31:45.868,1.0343,1.03445,2.40,4.00
2007.10.25 10:31:46.060,1.0343,1.03445,2.40,4.00
2007.10.25 10:31:46.254,1.0343,1.03445,2.40,4.00
2007.10.25 10:31:46.446,1.0343,1.03445,2.40,4.00
2007.10.25 10:31:46.638,1.0343,1.03445,2.40,4.00
2007.10.25 10:31:46.935,1.0343,1.03445,2.40,4.00
2007.10.25 10:31:47.233,1.0343,1.03445,2.40,4.00
2007.10.25 10:31:47.531,1.0343,1.03445,2.40,4.00
2007.10.25 10:31:47.764,1.03425,1.03445,0.30,4.00
2007.10.25 10:31:47.999,1.03425,1.03445,0.30,4.00
2007.10.25 10:31:48.232,1.03425,1.03445,0.30,4.00
2007.10.25 10:31:48.465,1.03425,1.03445,0.30,4.00
2007.10.25 10:31:48.697,1.03425,1.03445,0.30,4.00
2007.10.25 10:31:48.985,1.0343,1.03445,2.40,4.00
2007.10.25 10:31:49.274,1.03425,1.03445,0.30,4.00
2007.10.25 10:31:49.561,1.03425,1.03445,0.30,4.00
2007.10.25 10:31:49.895,1.0343,1.03445,2.40,4.00
2007.10.25 10:31:50.228,1.0343,1.03445,2.40,4.00
2007.10.25 10:31:50.560,1.0343,1.03445,2.40,4.00
2007.10.25 10:31:50.893,1.0343,1.03445,2.40,4.00
2007.10.25 10:31:51.106,1.0343,1.03445,2.40,4.00
2007.10.25 10:31:51.319,1.0343,1.03445,2.40,4.00
2007.10.25 10:31:51.532,1.0343,1.03445,2.40,4.00
2007.10.25 10:31:51.745,1.03425,1.03445,0.30,4.00
2007.10.25 10:31:52.069,1.0343,1.03455,2.40,6.80
2007.10.25 10:31:52.392,1.03435,1.03455,0.30,4.00
2007.10.25 10:31:52.621,1.0343,1.03455,0.60,4.00
2007.10.25 10:31:52.715,1.03435,1.03455,0.30,4.00
2007.10.25 10:31:52.958,1.0343,1.03455,0.60,4.00
2007.10.25 10:31:53.201,1.0343,1.03455,0.60,4.00
2007.10.25 10:31:53.444,1.0343,1.03455,0.60,6.80
2007.10.25 10:31:53.686,1.03435,1.0345,0.30,2.40
2007.10.25 10:31:53.979,1.0343,1.03445,0.60,4.00
2007.10.25 10:31:54.273,1.0343,1.03445,0.60,4.00
2007.10.25 10:31:54.565,1.0343,1.03445,0.60,4.00
2007.10.25 10:31:54.857,1.0343,1.03445,0.60,4.00
2007.10.25 10:31:55.190,1.0343,1.03445,0.60,4.00
2007.10.25 10:31:55.522,1.0343,1.03445,0.60,4.00
2007.10.25 10:31:55.855,1.0343,1.03455,0.60,10.80
2007.10.25 10:31:56.044,1.0343,1.03455,0.60,6.80
2007.10.25 10:31:56.231,1.0343,1.0345,0.30,2.40
2007.10.25 10:31:56.420,1.0343,1.03445,0.30,4.00
2007.10.25 10:31:56.608,1.03415,1.03445,0.30,6.80
2007.10.25 10:31:56.795,1.03415,1.03445,0.30,6.80
2007.10.25 10:31:57.108,1.03415,1.03445,0.30,6.80
2007.10.25 10:31:57.421,1.0342,1.03445,2.60,2.80
2007.10.25 10:31:57.734,1.03425,1.0345,0.30,2.80
2007.10.25 10:31:58.163,1.03425,1.0345,0.30,2.80
2007.10.25 10:31:58.432,1.0343,1.03455,0.30,4.00
2007.10.25 10:31:58.699,1.03435,1.03455,0.30,4.00
2007.10.25 10:31:58.966,1.03435,1.03455,0.30,4.00
2007.10.25 10:31:59.298,1.03435,1.03455,0.30,4.00
2007.10.25 10:31:59.631,1.03435,1.03455,0.30,4.00
2007.10.25 10:31:59.964,1.03435,1.03455,0.30,4.00
2007.10.25 10:32:00.146,1.03435,1.03455,0.30,4.00
2007.10.25 10:32:00.329,1.03435,1.03455,0.30,4.00
2007.10.25 10:32:00.512,1.03435,1.03455,0.30,6.80
2007.10.25 10:32:00.694,1.03435,1.03455,0.30,6.80
2007.10.25 10:32:00.877,1.03435,1.03455,0.30,6.80
2007.10.25 10:32:01.060,1.03435,1.03455,0.30,4.00
2007.10.25 10:32:01.392,1.03435,1.03455,0.30,4.00
2007.10.25 10:32:01.725,1.03435,1.03455,0.30,4.00
2007.10.25 10:32:02.058,1.03435,1.03455,0.30,4.00
2007.10.25 10:32:02.261,1.03435,1.03455,0.30,4.00
2007.10.25 10:32:02.464,1.03435,1.03455,0.30,4.00
2007.10.25 10:32:02.667,1.03435,1.03455,0.30,4.00
2007.10.25 10:32:02.870,1.03435,1.03455,0.30,4.00
2007.10.25 10:32:03.073,1.03435,1.03455,0.30,4.00
2007.10.25 10:32:03.341,1.03435,1.03455,0.30,4.00
2007.10.25 10:32:03.609,1.03435,1.03455,0.30,4.00
2007.10.25 10:32:03.877,1.03435,1.03455,0.30,4.00
2007.10.25 10:32:04.144,1.03435,1.03455,0.30,4.00
2007.10.25 10:32:04.478,1.0343,1.03455,0.60,8.00
2007.10.25 10:32:04.810,1.0343,1.03455,0.60,10.80
2007.10.25 10:32:05.142,1.0343,1.03445,0.60,4.00
2007.10.25 10:32:05.351,1.0343,1.03445,0.60,4.00
2007.10.25 10:32:05.559,1.0343,1.03445,0.60,4.00
2007.10.25 10:32:05.767,1.0343,1.03445,0.60,4.00
2007.10.25 10:32:05.975,1.0343,1.03445,0.60,4.00
2007.10.25 10:32:06.297,1.0343,1.03445,0.60,4.00
2007.10.25 10:32:06.620,1.0343,1.03445,0.60,4.00
2007.10.25 10:32:06.944,1.0343,1.03445,0.60,4.00
2007.10.25 10:32:07.267,1.0343,1.03445,0.60,4.00
2007.10.25 10:32:07.479,1.0343,1.03445,0.60,4.00
2007.10.25 10:32:07.692,1.0343,1.03445,0.60,4.00
2007.10.25 10:32:07.905,1.0343,1.03445,0.60,4.00
2007.10.25 10:32:08.117,1.0343,1.03445,0.60,4.00
2007.10.25 10:32:08.405,1.0343,1.03455,0.60,8.00
2007.10.25 10:32:08.693,1.03435,1.03455,0.30,4.00
2007.10.25 10:32:08.980,1.03435,1.03455,0.30,4.00
2007.10.25 10:32:09.269,1.03435,1.03455,0.30,4.00
2007.10.25 10:32:09.601,1.03435,1.03455,0.30,4.00
2007.10.25 10:32:09.934,1.03435,1.03455,0.30,4.00
2007.10.25 10:32:10.266,1.03435,1.03455,0.30,4.00
2007.10.25 10:32:10.463,1.03435,1.03455,0.30,4.00
2007.10.25 10:32:10.661,1.03435,1.03455,0.30,4.00
2007.10.25 10:32:10.858,1.03435,1.03455,0.30,4.00
2007.10.25 10:32:11.056,1.03435,1.03455,0.30,4.00
2007.10.25 10:32:11.254,1.03435,1.03455,0.30,4.00
2007.10.25 10:32:11.487,1.03435,1.03455,0.30,4.00
2007.10.25 10:32:11.719,1.03435,1.03455,0.30,4.00
2007.10.25 10:32:11.952,1.03435,1.03455,0.60,4.00
2007.10.25 10:32:12.189,1.03435,1.03455,0.30,6.80
2007.10.25 10:32:12.444,1.0343,1.03455,0.60,2.80
2007.10.25 10:32:12.697,1.0343,1.0346,0.60,2.80
2007.10.25 10:32:12.949,1.0343,1.0346,0.60,2.80
2007.10.25 10:32:13.202,1.0343,1.0346,0.60,2.80
2007.10.25 10:32:13.508,1.0343,1.0346,0.60,2.80
2007.10.25 10:32:13.816,1.0343,1.0346,0.60,2.80
2007.10.25 10:32:14.124,1.0343,1.0346,0.60,2.80
2007.10.25 10:32:14.431,1.0343,1.0346,0.60,2.80
2007.10.25 10:32:14.763,1.0343,1.0346,0.60,2.80
2007.10.25 10:32:15.096,1.0343,1.0346,0.60,2.80
2007.10.25 10:32:15.428,1.0343,1.0346,0.60,2.80
2007.10.25 10:32:15.600,1.0343,1.0346,0.60,2.80
2007.10.25 10:32:15.773,1.0343,1.0346,0.60,2.80
2007.10.25 10:32:15.945,1.0343,1.0346,0.60,2.80
2007.10.25 10:32:16.118,1.0343,1.0346,0.60,2.80
2007.10.25 10:32:16.291,1.0343,1.0346,0.60,2.80
2007.10.25 10:32:16.573,1.0343,1.0346,0.60,2.80
2007.10.25 10:32:16.847,1.0343,1.0346,0.60,2.80
2007.10.25 10:32:17.120,1.0343,1.0346,0.60,2.80
2007.10.25 10:32:17.393,1.0343,1.0346,0.60,2.80
2007.10.25 10:32:17.575,1.0343,1.0346,0.40,2.80
2007.10.25 10:32:17.764,1.0343,1.03455,0.40,4.00
2007.10.25 10:32:17.942,1.03425,1.03455,4.00,4.00
2007.10.25 10:32:18.125,1.03425,1.0345,4.00,2.80
2007.10.25 10:32:18.308,1.03425,1.0345,4.00,2.80
2007.10.25 10:32:18.491,1.03425,1.0345,4.00,2.80
2007.10.25 10:32:18.824,1.0341,1.03445,2.40,2.80
2007.10.25 10:32:19.157,1.0342,1.03445,2.40,2.80
2007.10.25 10:32:19.490,1.0342,1.0344,2.40,2.80
2007.10.25 10:32:19.823,1.0342,1.0344,2.40,2.80
2007.10.25 10:32:20.156,1.0342,1.03445,2.50,2.80
2007.10.25 10:32:20.489,1.0342,1.03445,2.50,2.80
2007.10.25 10:32:20.727,1.0342,1.0345,0.10,2.80
2007.10.25 10:32:20.965,1.03415,1.0345,4.00,2.80
2007.10.25 10:32:21.202,1.03415,1.0345,4.00,2.80
2007.10.25 10:32:21.440,1.03415,1.0345,4.00,2.80
2007.10.25 10:32:21.738,1.0341,1.0345,2.50,5.20
2007.10.25 10:32:22.036,1.0341,1.03445,2.50,6.80
2007.10.25 10:32:22.334,1.0342,1.0344,2.60,2.80
2007.10.25 10:32:22.711,1.0342,1.0344,2.60,2.80
2007.10.25 10:32:22.953,1.03425,1.0345,0.20,2.80
2007.10.25 10:32:23.196,1.03425,1.0344,0.20,2.80
2007.10.25 10:32:23.441,1.03425,1.0345,0.20,2.80
2007.10.25 10:32:23.685,1.03425,1.0345,0.20,2.80
2007.10.25 10:32:23.982,1.03425,1.0345,0.20,2.80
2007.10.25 10:32:24.279,1.03425,1.0345,0.20,2.80
2007.10.25 10:32:24.577,1.03425,1.0345,0.20,2.80
2007.10.25 10:32:24.903,1.03425,1.0345,0.20,2.80
2007.10.25 10:32:25.232,1.03425,1.0345,0.20,2.80
2007.10.25 10:32:25.559,1.03425,1.0345,0.20,2.80
2007.10.25 10:32:25.713,1.03425,1.0345,0.20,2.80
2007.10.25 10:32:25.866,1.03425,1.0345,0.20,2.80
2007.10.25 10:32:26.017,1.03425,1.0345,0.20,2.80
2007.10.25 10:32:26.170,1.03425,1.0345,0.20,2.80
2007.10.25 10:32:26.323,1.03425,1.0345,0.20,2.80
2007.10.25 10:32:26.475,1.03425,1.0345,0.20,2.80
2007.10.25 10:32:26.629,1.03425,1.0345,0.20,2.80
2007.10.25 10:32:26.907,1.03435,1.0346,0.20,2.80
2007.10.25 10:32:27.184,1.03435,1.0346,0.20,2.80
2007.10.25 10:32:27.461,1.03435,1.0346,0.20,2.80
2007.10.25 10:32:27.739,1.03435,1.0346,0.20,2.80
2007.10.25 10:32:27.962,1.03435,1.0346,0.20,2.80
2007.10.25 10:32:28.184,1.03435,1.0346,0.20,2.80
2007.10.25 10:32:28.407,1.03435,1.0346,0.20,2.80
2007.10.25 10:32:28.634,1.03435,1.0346,0.20,2.80
2007.10.25 10:32:28.872,1.03435,1.0346,0.20,2.80
2007.10.25 10:32:29.109,1.03435,1.0346,0.20,2.80
2007.10.25 10:32:29.347,1.03435,1.0346,0.20,2.80
2007.10.25 10:32:29.585,1.03435,1.0346,0.20,2.80
2007.10.25 10:32:29.823,1.03435,1.0346,0.20,2.80
2007.10.25 10:32:30.156,1.03435,1.0346,0.20,2.80
2007.10.25 10:32:30.489,1.03435,1.0346,0.20,2.80
2007.10.25 10:32:30.822,1.03435,1.0346,0.20,2.80
2007.10.25 10:32:30.969,1.03435,1.0346,0.20,2.80
2007.10.25 10:32:31.117,1.03435,1.0346,0.20,2.80
2007.10.25 10:32:31.265,1.03435,1.0346,0.20,2.80
2007.10.25 10:32:31.412,1.03435,1.0346,0.20,2.80
2007.10.25 10:32:31.560,1.03435,1.0346,0.20,2.80
2007.10.25 10:32:31.708,1.03435,1.0346,0.20,2.80
2007.10.25 10:32:31.981,1.03435,1.0346,0.20,2.80
2007.10.25 10:32:32.254,1.03435,1.0346,0.20,2.80
2007.10.25 10:32:32.526,1.03435,1.0346,0.20,2.80
2007.10.25 10:32:32.799,1.03435,1.03455,0.20,2.80
2007.10.25 10:32:32.859,1.03435,1.03455,0.20,0.60
2007.10.25 10:32:33.056,1.03435,1.03465,0.20,11.60
2007.10.25 10:32:33.313,1.03435,1.03455,0.20,0.50
2007.10.25 10:32:33.571,1.03425,1.03465,4.00,11.60
2007.10.25 10:32:33.828,1.0342,1.0346,2.40,0.90
2007.10.25 10:32:34.161,1.0342,1.03455,2.40,0.90
2007.10.25 10:32:34.494,1.0342,1.03465,2.40,11.60
2007.10.25 10:32:34.827,1.0342,1.03455,2.40,0.50
2007.10.25 10:32:35.035,1.0342,1.03465,2.40,11.60
2007.10.25 10:32:35.243,1.0342,1.03455,2.40,0.60
2007.10.25 10:32:35.449,1.0342,1.03455,2.40,0.50
2007.10.25 10:32:35.657,1.0342,1.03465,2.40,11.60
2007.10.25 10:32:35.866,1.0342,1.0346,2.60,9.20
2007.10.25 10:32:36.129,1.03425,1.03455,0.20,0.50
2007.10.25 10:32:36.392,1.03425,1.0346,0.20,9.20
2007.10.25 10:32:36.654,1.03425,1.03455,0.20,6.80
2007.10.25 10:32:36.917,1.03425,1.0345,0.20,0.60
2007.10.25 10:32:37.160,1.03425,1.0345,0.20,0.50
2007.10.25 10:32:37.402,1.03425,1.03455,0.20,6.80
2007.10.25 10:32:37.645,1.03425,1.03455,0.20,6.80
2007.10.25 10:32:37.888,1.03425,1.0345,0.20,0.60
2007.10.25 10:32:38.130,1.03425,1.0345,0.20,0.70
2007.10.25 10:32:38.372,1.03425,1.0345,0.20,0.60
2007.10.25 10:32:38.615,1.03425,1.03455,0.20,6.80
2007.10.25 10:32:38.858,1.03425,1.0345,0.20,0.60
2007.10.25 10:32:39.100,1.03425,1.0345,0.20,0.70
2007.10.25 10:32:39.432,1.03425,1.03455,0.20,6.80
2007.10.25 10:32:39.764,1.03425,1.03455,0.20,6.80
2007.10.25 10:32:40.097,1.03425,1.03455,0.20,6.80
2007.10.25 10:32:40.289,1.03425,1.0345,0.20,0.80
2007.10.25 10:32:40.481,1.03425,1.03455,0.20,6.80
2007.10.25 10:32:40.673,1.03425,1.03455,0.20,6.80
2007.10.25 10:32:40.865,1.03425,1.0345,0.20,0.70
2007.10.25 10:32:41.127,1.03425,1.03455,0.20,6.80
2007.10.25 10:32:41.395,1.03425,1.0345,0.20,0.80
2007.10.25 10:32:41.663,1.03425,1.0345,0.20,0.70
2007.10.25 10:32:41.931,1.03425,1.03455,0.20,7.60
2007.10.25 10:32:42.143,1.03425,1.03455,0.20,7.60
2007.10.25 10:32:42.357,1.03425,1.03455,0.20,7.60
2007.10.25 10:32:42.571,1.03425,1.0345,0.20,0.60
2007.10.25 10:32:42.785,1.03425,1.03455,0.20,7.60
2007.10.25 10:32:42.998,1.03425,1.03455,0.20,7.60
2007.10.25 10:32:43.331,1.03425,1.03455,0.20,11.60
2007.10.25 10:32:43.663,1.03425,1.03455,0.20,11.60
2007.10.25 10:32:43.997,1.03425,1.03455,0.20,11.60
2007.10.25 10:32:44.305,1.03425,1.03445,0.20,0.60
2007.10.25 10:32:44.613,1.03415,1.03445,0.20,7.60
2007.10.25 10:32:44.920,1.03415,1.0344,0.40,0.50
2007.10.25 10:32:45.228,1.03425,1.03445,0.20,0.80
2007.10.25 10:32:45.476,1.03425,1.03445,0.20,0.60
2007.10.25 10:32:45.724,1.03425,1.03445,0.20,0.90
2007.10.25 10:32:45.971,1.0342,1.03455,2.40,3.60
2007.10.25 10:32:46.220,1.0342,1.03455,2.40,3.60
2007.10.25 10:32:46.498,1.0342,1.0344,2.60,0.80
2007.10.25 10:32:46.775,1.03425,1.0345,0.20,0.70
2007.10.25 10:32:47.053,1.03425,1.03455,0.20,11.60
2007.10.25 10:32:47.311,1.03425,1.0345,0.20,10.00
2007.10.25 10:32:47.571,1.03415,1.03445,0.20,7.60
2007.10.25 10:32:47.828,1.03415,1.0344,0.20,0.60
2007.10.25 10:32:48.086,1.03415,1.03435,0.20,0.60
2007.10.25 10:32:48.368,1.03415,1.0344,0.20,9.20
2007.10.25 10:32:48.652,1.03415,1.03435,0.20,0.80
2007.10.25 10:32:48.935,1.03415,1.0344,0.20,9.20
2007.10.25 10:32:49.217,1.03415,1.0344,0.20,9.20
2007.10.25 10:32:49.549,1.03415,1.0344,0.20,9.20
2007.10.25 10:32:49.882,1.03415,1.0344,0.20,9.20
2007.10.25 10:32:50.215,1.03415,1.03435,0.20,0.70
2007.10.25 10:32:50.429,1.03415,1.03445,0.20,14.00
2007.10.25 10:32:50.642,1.0342,1.0343,2.60,0.80
2007.10.25 10:32:50.856,1.03425,1.0345,4.00,10.80
2007.10.25 10:32:51.068,1.0343,1.03455,0.40,10.80
2007.10.25 10:32:51.281,1.0343,1.03455,0.20,10.40
2007.10.25 10:32:51.608,1.0342,1.0344,0.40,6.40
2007.10.25 10:32:51.937,1.03405,1.0344,0.20,9.20
2007.10.25 10:32:52.265,1.03405,1.0344,0.20,9.20
2007.10.25 10:32:52.477,1.03405,1.0344,0.20,9.20
2007.10.25 10:32:52.689,1.03405,1.03445,0.20,37.10
2007.10.25 10:32:52.903,1.034,1.03435,2.40,0.50
2007.10.25 10:32:53.115,1.034,1.03435,2.40,0.50
2007.10.25 10:32:53.408,1.0341,1.0344,2.40,0.80
2007.10.25 10:32:53.677,1.0341,1.03445,2.40,27.50
2007.10.25 10:32:53.946,1.03405,1.03435,0.20,0.50
2007.10.25 10:32:54.214,1.03405,1.03435,0.20,0.80
2007.10.25 10:32:54.482,1.03405,1.03435,0.20,0.80
2007.10.25 10:32:54.816,1.03405,1.0344,0.20,10.00
2007.10.25 10:32:55.148,1.03405,1.03435,0.20,0.90
2007.10.25 10:32:55.481,1.03405,1.0344,0.20,10.00
2007.10.25 10:32:55.674,1.03405,1.03435,0.20,0.60
2007.10.25 10:32:55.867,1.03405,1.0344,0.20,14.00
2007.10.25 10:32:56.059,1.03395,1.03435,4.00,7.60
2007.10.25 10:32:56.252,1.03395,1.0343,4.00,0.90
2007.10.25 10:32:56.447,1.03395,1.0343,4.00,0.70
2007.10.25 10:32:56.640,1.03395,1.03435,4.00,7.60
2007.10.25 10:32:56.968,1.03395,1.03435,4.00,7.60
2007.10.25 10:32:57.296,1.03395,1.03435,4.00,11.60
2007.10.25 10:32:57.624,1.03395,1.03435,4.00,11.60
2007.10.25 10:32:57.793,1.03395,1.03425,4.00,0.50
2007.10.25 10:32:57.960,1.03395,1.0343,4.00,9.20
2007.10.25 10:32:58.127,1.03395,1.0343,4.00,9.20
2007.10.25 10:32:58.295,1.03395,1.0343,4.00,9.20
2007.10.25 10:32:58.462,1.03395,1.0343,4.00,9.20
2007.10.25 10:32:58.631,1.03395,1.0343,4.00,9.20
2007.10.25 10:32:58.955,1.0339,1.0343,2.40,9.20
2007.10.25 10:32:59.278,1.0339,1.0343,2.40,10.00
2007.10.25 10:32:59.602,1.0339,1.0343,2.40,10.00
2007.10.25 10:32:59.925,1.0339,1.03425,2.40,0.60
2007.10.25 10:33:00.257,1.0339,1.0343,2.40,10.00
2007.10.25 10:33:00.591,1.034,1.03425,0.20,0.80
2007.10.25 10:33:00.924,1.03405,1.03425,0.20,4.00
2007.10.25 10:33:01.156,1.03405,1.03425,0.20,8.00
2007.10.25 10:33:01.389,1.03405,1.03415,0.20,4.00
2007.10.25 10:33:01.623,1.03395,1.03415,0.30,4.00
2007.10.25 10:33:01.857,1.03395,1.03415,0.30,4.00
2007.10.25 10:33:02.135,1.03395,1.03415,0.30,4.00
2007.10.25 10:33:02.413,1.03395,1.03415,0.30,4.00
2007.10.25 10:33:02.691,1.03395,1.03415,0.30,4.00
2007.10.25 10:33:02.946,1.03395,1.03415,0.30,4.00
2007.10.25 10:33:03.197,1.03395,1.03415,0.30,4.00
2007.10.25 10:33:03.452,1.03395,1.03415,0.30,4.00
2007.10.25 10:33:03.705,1.03395,1.03415,0.30,4.00
2007.10.25 10:33:04.037,1.0339,1.0342,6.40,2.80
2007.10.25 10:33:04.369,1.03405,1.03425,0.30,2.80
2007.10.25 10:33:04.702,1.0341,1.03435,0.60,11.60
2007.10.25 10:33:04.926,1.0341,1.0343,0.60,2.40
2007.10.25 10:33:05.148,1.0341,1.0343,0.60,2.40
2007.10.25 10:33:05.371,1.0341,1.03435,0.60,6.80
2007.10.25 10:33:05.683,1.0341,1.03435,0.60,6.80
2007.10.25 10:33:05.942,1.0341,1.03435,0.60,6.80
2007.10.25 10:33:06.202,1.0341,1.03435,0.60,4.00
2007.10.25 10:33:06.459,1.0341,1.03435,0.60,8.00
2007.10.25 10:33:06.717,1.0341,1.03435,0.60,8.00
2007.10.25 10:33:07.004,1.0341,1.03435,0.60,4.00
2007.10.25 10:33:07.292,1.0341,1.03435,0.60,4.00
2007.10.25 10:33:07.579,1.0341,1.03435,0.60,4.00
2007.10.25 10:33:07.867,1.0341,1.03435,0.60,4.00
2007.10.25 10:33:08.129,1.0341,1.03435,0.60,8.00
2007.10.25 10:33:08.392,1.0341,1.03435,0.60,6.80
2007.10.25 10:33:08.655,1.0341,1.03435,0.60,6.80
2007.10.25 10:33:08.917,1.0341,1.03435,0.60,4.00
2007.10.25 10:33:09.250,1.0341,1.03435,0.60,4.00
2007.10.25 10:33:09.583,1.0341,1.03435,0.60,4.00
2007.10.25 10:33:09.916,1.0341,1.03435,0.60,4.00
2007.10.25 10:33:10.109,1.0341,1.03435,0.60,4.00
2007.10.25 10:33:10.301,1.0341,1.03435,0.60,4.00
2007.10.25 10:33:10.494,1.0341,1.03435,0.60,4.00
2007.10.25 10:33:10.688,1.0341,1.03435,2.90,4.00
2007.10.25 10:33:10.883,1.0342,1.0344,0.30,2.80
2007.10.25 10:33:11.075,1.0342,1.03445,0.30,10.80
2007.10.25 10:33:11.408,1.0342,1.03445,0.60,10.80
2007.10.25 10:33:11.814,1.0342,1.03445,0.60,10.80
2007.10.25 10:33:12.145,1.0342,1.03445,0.60,10.80
2007.10.25 10:33:12.318,1.0342,1.03445,0.60,10.80
2007.10.25 10:33:12.490,1.0342,1.03445,0.60,10.80
2007.10.25 10:33:12.662,1.0342,1.03445,0.60,10.80
2007.10.25 10:33:12.835,1.0342,1.03445,0.60,10.80
2007.10.25 10:33:13.008,1.0342,1.03445,0.60,10.80
2007.10.25 10:33:13.179,1.0342,1.03445,0.60,10.80
2007.10.25 10:33:13.497,1.0342,1.03445,0.60,10.80
2007.10.25 10:33:13.815,1.0342,1.03445,0.60,10.80
2007.10.25 10:33:14.133,1.0342,1.03445,0.60,10.80
2007.10.25 10:33:14.465,1.0342,1.03445,0.60,10.80
2007.10.25 10:33:14.798,1.0342,1.03445,0.60,10.80
2007.10.25 10:33:15.131,1.0342,1.03445,0.60,10.80
2007.10.25 10:33:15.464,1.0342,1.03445,0.60,10.80
2007.10.25 10:33:15.656,1.0342,1.03445,0.60,10.80
2007.10.25 10:33:15.849,1.0342,1.03445,0.60,10.80
2007.10.25 10:33:16.042,1.0342,1.03445,0.60,10.80
2007.10.25 10:33:16.235,1.0342,1.03445,0.60,10.80
2007.10.25 10:33:16.502,1.0342,1.03445,0.60,10.80
2007.10.25 10:33:16.770,1.0342,1.0344,0.60,2.40
2007.10.25 10:33:17.038,1.0342,1.03435,0.60,4.00
2007.10.25 10:33:17.306,1.0341,1.03435,0.30,6.80
2007.10.25 10:33:17.553,1.0341,1.03435,0.30,6.80
2007.10.25 10:33:17.801,1.0341,1.03435,0.60,6.80
2007.10.25 10:33:18.049,1.03405,1.03425,0.30,4.00
2007.10.25 10:33:18.298,1.03405,1.03425,0.30,4.00
2007.10.25 10:33:18.544,1.03405,1.03425,0.30,4.00
2007.10.25 10:33:18.829,1.03405,1.03425,0.30,4.00
2007.10.25 10:33:19.110,1.03405,1.03425,0.30,4.00
2007.10.25 10:33:19.393,1.03405,1.03425,0.30,4.00
2007.10.25 10:33:19.726,1.03405,1.03425,0.30,4.00
2007.10.25 10:33:20.059,1.03405,1.03425,0.30,4.00
2007.10.25 10:33:20.391,1.03405,1.03425,0.30,4.00
2007.10.25 10:33:20.723,1.03405,1.03425,0.30,4.00
2007.10.25 10:33:20.867,1.03405,1.03425,0.30,4.00
2007.10.25 10:33:21.010,1.03405,1.03425,0.30,4.00
2007.10.25 10:33:21.153,1.03405,1.03425,0.30,4.00
2007.10.25 10:33:21.295,1.03405,1.03425,0.30,4.00
2007.10.25 10:33:21.437,1.03405,1.03425,0.30,4.00
2007.10.25 10:33:21.771,1.03405,1.03415,0.30,4.00
2007.10.25 10:33:22.103,1.03395,1.03415,0.30,4.00
2007.10.25 10:33:22.436,1.03395,1.03415,0.30,4.00
2007.10.25 10:33:22.633,1.03395,1.03415,0.30,4.00
2007.10.25 10:33:22.831,1.03395,1.03415,0.30,4.00
2007.10.25 10:33:22.962,1.03395,1.03415,0.30,0.80
2007.10.25 10:33:23.029,1.03395,1.03415,0.30,0.60
2007.10.25 10:33:23.227,1.0339,1.03415,0.60,0.90
2007.10.25 10:33:23.425,1.0339,1.03415,0.60,0.70
2007.10.25 10:33:23.623,1.0339,1.03415,0.60,0.70
2007.10.25 10:33:23.956,1.0339,1.03415,0.60,0.60
2007.10.25 10:33:24.289,1.0339,1.03415,0.60,6.80
2007.10.25 10:33:24.622,1.0339,1.03415,0.60,6.80
2007.10.25 10:33:24.956,1.0339,1.034,0.60,2.40
2007.10.25 10:33:25.288,1.0339,1.034,0.30,2.40
2007.10.25 10:33:25.620,1.0338,1.034,0.60,2.40
2007.10.25 10:33:25.838,1.0338,1.034,0.60,2.40
2007.10.25 10:33:26.056,1.0338,1.034,0.60,2.40
2007.10.25 10:33:26.274,1.0338,1.034,0.60,2.40
2007.10.25 10:33:26.491,1.0338,1.034,0.60,2.40
2007.10.25 10:33:26.733,1.0338,1.03405,0.60,4.00
2007.10.25 10:33:26.976,1.0338,1.03405,0.60,4.00
2007.10.25 10:33:27.219,1.0338,1.03405,0.60,6.80
2007.10.25 10:33:27.462,1.0338,1.03405,0.60,6.80
2007.10.25 10:33:27.695,1.0338,1.03405,0.60,4.00
2007.10.25 10:33:27.928,1.0338,1.03405,0.60,4.00
2007.10.25 10:33:28.160,1.0338,1.03405,0.60,4.00
2007.10.25 10:33:28.393,1.0338,1.03405,0.60,4.00
2007.10.25 10:33:28.626,1.0338,1.03405,0.60,4.00
2007.10.25 10:33:28.833,1.0338,1.03405,0.60,4.00
2007.10.25 10:33:29.041,1.0338,1.03405,0.60,4.00
2007.10.25 10:33:29.249,1.0338,1.03405,0.60,4.00
2007.10.25 10:33:29.457,1.0338,1.03405,0.60,4.00
2007.10.25 10:33:29.664,1.0338,1.03405,0.60,4.00
2007.10.25 10:33:29.996,1.0338,1.03405,0.60,4.00
2007.10.25 10:33:30.330,1.0338,1.03405,0.60,4.00
2007.10.25 10:33:30.662,1.0338,1.03405,0.60,4.00
2007.10.25 10:33:30.820,1.0338,1.03405,0.60,4.00
2007.10.25 10:33:30.978,1.0338,1.03405,0.60,4.00
2007.10.25 10:33:31.135,1.0338,1.03405,0.60,4.00
2007.10.25 10:33:31.293,1.0338,1.03395,0.30,4.00
2007.10.25 10:33:31.450,1.0338,1.03395,0.30,4.00
2007.10.25 10:33:31.608,1.0337,1.03395,0.60,4.00
2007.10.25 10:33:31.766,1.0337,1.03395,0.60,4.00
2007.10.25 10:33:32.063,1.0337,1.03395,0.60,4.00
2007.10.25 10:33:32.361,1.0337,1.03395,0.60,4.00
2007.10.25 10:33:32.658,1.0337,1.03395,0.60,4.00
2007.10.25 10:33:32.881,1.0337,1.03395,0.60,4.00
2007.10.25 10:33:33.104,1.0337,1.03395,0.60,4.00
2007.10.25 10:33:33.327,1.0337,1.03395,0.60,4.00
2007.10.25 10:33:33.550,1.0337,1.03395,0.60,4.00
2007.10.25 10:33:33.773,1.0337,1.03395,0.60,4.00
2007.10.25 10:33:34.006,1.0337,1.03395,0.60,4.00
2007.10.25 10:33:34.239,1.0337,1.03395,0.60,4.00
2007.10.25 10:33:34.472,1.0337,1.03395,0.60,4.00
2007.10.25 10:33:34.705,1.0337,1.03395,0.60,4.00
2007.10.25 10:33:35.037,1.0337,1.03395,0.60,4.00
2007.10.25 10:33:35.369,1.0337,1.03395,0.60,4.00
2007.10.25 10:33:35.702,1.0337,1.03395,0.60,4.00
2007.10.25 10:33:35.884,1.0337,1.03395,0.60,4.00
2007.10.25 10:33:36.067,1.0337,1.0339,0.60,2.40
2007.10.25 10:33:36.362,1.0337,1.0339,0.60,2.40
2007.10.25 10:33:36.545,1.0337,1.0339,0.60,2.40
2007.10.25 10:33:36.728,1.0337,1.0339,0.60,2.40
2007.10.25 10:33:36.910,1.0337,1.0339,0.60,2.40
2007.10.25 10:33:37.173,1.0337,1.03395,0.60,4.80
2007.10.25 10:33:37.436,1.0336,1.03385,0.30,4.00
2007.10.25 10:33:37.699,1.0336,1.03385,2.90,4.00
2007.10.25 10:33:37.961,1.0336,1.03385,2.90,4.00
2007.10.25 10:33:38.178,1.0336,1.03385,2.90,4.00
2007.10.25 10:33:38.395,1.0336,1.03385,2.90,4.00
2007.10.25 10:33:38.621,1.0336,1.03385,2.90,4.00
2007.10.25 10:33:38.844,1.0336,1.03385,2.90,4.00
2007.10.25 10:33:39.178,1.0336,1.03385,2.90,4.00
2007.10.25 10:33:39.510,1.0336,1.03385,2.90,4.00
2007.10.25 10:33:39.843,1.0336,1.03385,2.90,4.00
2007.10.25 10:33:40.176,1.0336,1.03385,2.90,4.00
2007.10.25 10:33:40.369,1.0337,1.03395,0.30,4.00
2007.10.25 10:33:40.562,1.0337,1.03395,0.60,4.00
2007.10.25 10:33:40.754,1.0337,1.03395,2.90,4.00
2007.10.25 10:33:40.947,1.0337,1.03395,2.90,4.00
2007.10.25 10:33:41.275,1.0338,1.034,0.30,2.40
2007.10.25 10:33:41.603,1.0338,1.034,0.30,2.40
2007.10.25 10:33:41.931,1.0338,1.03405,0.60,4.00
2007.10.25 10:33:42.159,1.0338,1.03405,0.60,4.00
2007.10.25 10:33:42.498,1.0338,1.03405,0.60,4.00
2007.10.25 10:33:42.725,1.0338,1.03405,0.60,4.00
2007.10.25 10:33:42.953,1.0338,1.03405,0.60,4.00
2007.10.25 10:33:43.181,1.0338,1.03405,0.60,4.00
2007.10.25 10:33:43.464,1.0338,1.03405,0.60,4.00
2007.10.25 10:33:43.746,1.0338,1.03405,0.60,4.00
2007.10.25 10:33:44.029,1.0338,1.03405,0.60,4.00
2007.10.25 10:33:44.311,1.0338,1.03405,0.60,4.00
2007.10.25 10:33:44.643,1.0338,1.03405,0.60,4.00
2007.10.25 10:33:44.975,1.0338,1.03405,0.60,4.00
2007.10.25 10:33:45.308,1.0338,1.03405,0.60,4.00
2007.10.25 10:33:45.495,1.0338,1.03405,2.90,4.00
2007.10.25 10:33:45.683,1.0338,1.03405,2.90,4.00
2007.10.25 10:33:45.870,1.0339,1.0341,0.30,2.40
2007.10.25 10:33:46.058,1.0339,1.0341,0.60,2.40
2007.10.25 10:33:46.246,1.0339,1.0341,0.60,2.40
2007.10.25 10:33:46.579,1.0339,1.03415,0.60,4.00
2007.10.25 10:33:46.911,1.0339,1.03415,0.60,4.00
2007.10.25 10:33:47.244,1.0339,1.03415,0.60,4.00
2007.10.25 10:33:47.419,1.0339,1.03415,0.60,4.00
2007.10.25 10:33:47.591,1.0339,1.03415,0.60,4.00
2007.10.25 10:33:47.765,1.0339,1.03415,0.60,4.00
2007.10.25 10:33:47.937,1.0339,1.03415,0.60,4.00
2007.10.25 10:33:48.110,1.0339,1.03415,0.60,4.00
2007.10.25 10:33:48.282,1.0339,1.03415,0.60,4.00
2007.10.25 10:33:48.645,1.0339,1.03415,0.60,4.00
2007.10.25 10:33:48.973,1.0339,1.03415,0.60,4.00
2007.10.25 10:33:49.303,1.034,1.0342,0.30,2.40
2007.10.25 10:33:49.587,1.034,1.0342,0.60,2.40
2007.10.25 10:33:49.870,1.034,1.03425,0.60,4.00
2007.10.25 10:33:50.152,1.034,1.03425,0.60,4.00
2007.10.25 10:33:50.437,1.034,1.03425,0.60,4.00
2007.10.25 10:33:50.659,1.034,1.03425,0.60,4.00
2007.10.25 10:33:50.882,1.034,1.03425,0.60,4.00
2007.10.25 10:33:51.107,1.034,1.03425,0.60,4.00
2007.10.25 10:33:51.329,1.034,1.03425,0.60,4.00
2007.10.25 10:33:51.551,1.034,1.03425,0.60,4.00
2007.10.25 10:33:51.879,1.034,1.03425,4.50,4.00
2007.10.25 10:33:52.207,1.034,1.03425,4.50,4.00
2007.10.25 10:33:52.534,1.034,1.03425,0.60,4.00
2007.10.25 10:33:52.741,1.034,1.03425,0.60,4.00
2007.10.25 10:33:52.949,1.034,1.03425,0.60,4.00
2007.10.25 10:33:53.157,1.034,1.03425,0.60,4.00
2007.10.25 10:33:53.365,1.034,1.03425,0.60,4.00
2007.10.25 10:33:53.572,1.034,1.03425,0.60,4.00
2007.10.25 10:33:53.805,1.034,1.03425,0.60,4.00
2007.10.25 10:33:54.037,1.034,1.03425,0.60,4.00
2007.10.25 10:33:54.269,1.034,1.03425,0.60,4.00
2007.10.25 10:33:54.502,1.034,1.03425,0.60,4.00
2007.10.25 10:33:54.775,1.034,1.03425,0.60,4.00
2007.10.25 10:33:55.109,1.034,1.03415,0.30,4.00
2007.10.25 10:33:55.443,1.03385,1.03415,0.30,4.00
2007.10.25 10:33:55.776,1.03385,1.03415,0.30,4.00
2007.10.25 10:33:55.988,1.03385,1.03415,0.30,4.00
2007.10.25 10:33:56.200,1.03385,1.03415,0.30,4.00
2007.10.25 10:33:56.413,1.03385,1.03415,0.30,4.00
2007.10.25 10:33:56.625,1.03385,1.03415,0.30,4.00
2007.10.25 10:33:56.838,1.03385,1.03415,0.30,4.00
2007.10.25 10:33:57.101,1.03385,1.03415,0.30,4.00
2007.10.25 10:33:57.364,1.03385,1.03415,0.30,4.00
2007.10.25 10:33:57.627,1.03385,1.03415,0.30,4.00
2007.10.25 10:33:57.839,1.03385,1.03415,0.30,4.00
2007.10.25 10:33:58.052,1.03385,1.03405,0.30,4.00
2007.10.25 10:33:58.266,1.0338,1.03405,0.60,4.00
2007.10.25 10:33:58.479,1.0339,1.03405,2.40,4.00
2007.10.25 10:33:58.692,1.0338,1.03415,2.90,4.00
2007.10.25 10:33:59.024,1.03385,1.03415,0.30,4.00
2007.10.25 10:33:59.357,1.03385,1.03415,0.30,4.00
2007.10.25 10:33:59.690,1.03385,1.03415,0.30,4.00
2007.10.25 10:33:59.964,1.03385,1.03415,0.30,4.00
2007.10.25 10:34:00.236,1.03385,1.03415,0.30,4.00
2007.10.25 10:34:00.510,1.03385,1.03415,0.30,4.00
2007.10.25 10:34:00.903,1.03385,1.03415,0.30,4.00
2007.10.25 10:34:01.055,1.03385,1.03415,0.30,4.00
2007.10.25 10:34:01.243,1.03385,1.03415,0.30,4.00
2007.10.25 10:34:01.430,1.03385,1.03415,0.30,4.00
2007.10.25 10:34:01.617,1.03385,1.03415,0.30,4.00
2007.10.25 10:34:01.804,1.03385,1.03415,0.30,4.00
2007.10.25 10:34:01.992,1.03385,1.03415,0.30,4.00
2007.10.25 10:34:02.250,1.03385,1.03415,0.30,4.00
2007.10.25 10:34:02.507,1.03385,1.03415,0.30,4.00
2007.10.25 10:34:02.764,1.03385,1.03415,0.30,4.00
2007.10.25 10:34:03.021,1.03385,1.03415,0.30,4.00
2007.10.25 10:34:03.253,1.03385,1.03415,0.30,4.00
2007.10.25 10:34:03.487,1.03385,1.03415,0.30,4.00
2007.10.25 10:34:03.720,1.0339,1.03415,2.40,4.00
2007.10.25 10:34:03.952,1.0339,1.03415,2.40,4.00
2007.10.25 10:34:04.285,1.0339,1.03415,2.40,4.00
2007.10.25 10:34:04.618,1.0339,1.03415,2.40,4.00
2007.10.25 10:34:04.950,1.0339,1.03415,2.40,4.00
2007.10.25 10:34:05.178,1.0339,1.03415,2.40,4.00
2007.10.25 10:34:05.406,1.0339,1.03415,2.40,4.00
2007.10.25 10:34:05.634,1.0339,1.03415,2.40,4.00
2007.10.25 10:34:05.863,1.0339,1.03415,2.40,4.00
2007.10.25 10:34:06.090,1.0339,1.03415,2.40,4.00
2007.10.25 10:34:06.363,1.03385,1.03415,0.30,4.00
2007.10.25 10:34:06.636,1.03385,1.03415,0.30,4.00
2007.10.25 10:34:06.910,1.03385,1.03415,0.30,4.00
2007.10.25 10:34:07.182,1.03385,1.03415,0.30,4.00
2007.10.25 10:34:07.415,1.03385,1.03415,0.30,4.00
2007.10.25 10:34:07.648,1.03385,1.03415,0.30,4.00
2007.10.25 10:34:07.881,1.03385,1.03415,0.30,4.00
2007.10.25 10:34:08.114,1.0339,1.03415,2.40,4.00
2007.10.25 10:34:08.387,1.0339,1.03415,2.40,4.00
2007.10.25 10:34:08.659,1.03385,1.03415,0.30,4.00
2007.10.25 10:34:08.932,1.03385,1.03415,0.30,4.00
2007.10.25 10:34:09.205,1.0339,1.03415,2.40,4.00
2007.10.25 10:34:09.537,1.03385,1.03415,0.30,4.00
2007.10.25 10:34:09.870,1.03385,1.03415,0.30,4.00
2007.10.25 10:34:10.203,1.03385,1.03415,0.30,4.00
2007.10.25 10:34:10.407,1.0339,1.03415,0.30,4.00
2007.10.25 10:34:10.609,1.0339,1.03415,0.30,4.00
2007.10.25 10:34:10.812,1.0339,1.03415,0.30,4.00
2007.10.25 10:34:11.015,1.0339,1.03415,0.30,4.00
2007.10.25 10:34:11.218,1.0339,1.03415,0.30,4.00
2007.10.25 10:34:11.421,1.0339,1.03415,0.30,4.00
2007.10.25 10:34:11.693,1.0339,1.03415,0.30,4.00
2007.10.25 10:34:11.966,1.0339,1.03415,0.30,4.00
2007.10.25 10:34:12.239,1.0339,1.03415,0.30,4.00
2007.10.25 10:34:12.472,1.0339,1.03415,0.30,4.00
2007.10.25 10:34:12.705,1.0339,1.03415,0.30,4.00
2007.10.25 10:34:12.938,1.0339,1.03415,0.30,4.00
2007.10.25 10:34:13.186,1.03395,1.03415,0.30,4.00
2007.10.25 10:34:13.423,1.03395,1.03415,0.30,4.00
2007.10.25 10:34:13.680,1.03395,1.03415,0.30,4.00
2007.10.25 10:34:13.937,1.03395,1.03415,0.30,4.00
2007.10.25 10:34:14.194,1.03395,1.03415,0.30,4.00
2007.10.25 10:34:14.452,1.03395,1.03415,0.30,4.00
2007.10.25 10:34:14.784,1.03395,1.03415,0.30,4.00
2007.10.25 10:34:15.116,1.03395,1.03415,0.30,4.00
2007.10.25 10:34:15.450,1.03395,1.03415,0.30,4.00
2007.10.25 10:34:15.658,1.03395,1.03415,0.30,4.00
2007.10.25 10:34:15.867,1.03395,1.03415,0.30,4.00
2007.10.25 10:34:16.076,1.03395,1.03415,0.30,4.00
2007.10.25 10:34:16.282,1.03395,1.03415,0.30,4.00
2007.10.25 10:34:16.490,1.03395,1.0341,0.30,2.40
2007.10.25 10:34:16.749,1.03395,1.03405,0.30,4.00
2007.10.25 10:34:17.006,1.0339,1.03405,0.30,4.00
2007.10.25 10:34:17.265,1.0339,1.03405,0.30,4.00
2007.10.25 10:34:17.522,1.0338,1.03405,0.60,4.00
2007.10.25 10:34:17.750,1.0338,1.03405,0.60,4.00
2007.10.25 10:34:17.975,1.0338,1.03405,0.60,4.00
2007.10.25 10:34:18.203,1.0338,1.03405,0.60,4.00
2007.10.25 10:34:18.431,1.0338,1.03405,0.60,4.00
2007.10.25 10:34:18.659,1.0338,1.03405,0.60,4.00
2007.10.25 10:34:18.963,1.0338,1.03405,0.60,4.00
2007.10.25 10:34:19.318,1.0338,1.03405,0.60,4.00
2007.10.25 10:34:19.621,1.0338,1.03405,0.60,4.00
2007.10.25 10:34:19.930,1.0338,1.03405,0.60,4.00
2007.10.25 10:34:20.238,1.0338,1.03405,0.60,4.00
2007.10.25 10:34:20.545,1.0338,1.03405,0.60,4.00
2007.10.25 10:34:20.571,1.0338,1.03405,0.60,4.00
2007.10.25 10:34:20.853,1.0338,1.03405,0.60,4.00
2007.10.25 10:34:21.066,1.03375,1.03405,0.90,4.00
2007.10.25 10:34:21.278,1.03375,1.03405,0.90,4.00
2007.10.25 10:34:21.490,1.0338,1.03405,0.60,4.00
2007.10.25 10:34:21.703,1.03375,1.03405,0.90,4.00
2007.10.25 10:34:21.916,1.03375,1.03405,0.90,4.00
2007.10.25 10:34:22.163,1.0338,1.03405,0.60,4.00
2007.10.25 10:34:22.411,1.03375,1.03405,0.90,4.00
2007.10.25 10:34:22.659,1.0338,1.03405,0.60,4.00
2007.10.25 10:34:22.907,1.0338,1.03405,0.60,4.00
2007.10.25 10:34:23.154,1.0338,1.03405,1.30,4.00
2007.10.25 10:34:23.402,1.0338,1.03405,1.80,4.00
2007.10.25 10:34:23.655,1.0338,1.03405,0.60,4.00
2007.10.25 10:34:23.900,1.03375,1.03405,12.90,4.00
2007.10.25 10:34:24.231,1.03375,1.03405,7.20,4.00
2007.10.25 10:34:24.564,1.03375,1.03405,15.20,4.00
2007.10.25 10:34:24.898,1.0338,1.03405,1.50,4.00
2007.10.25 10:34:25.230,1.03375,1.03405,19.20,4.00
2007.10.25 10:34:25.459,1.0338,1.03405,0.90,4.00
2007.10.25 10:34:25.642,1.03375,1.03405,19.20,4.00
2007.10.25 10:34:25.823,1.03375,1.03405,19.20,4.00
2007.10.25 10:34:26.006,1.03375,1.03405,19.20,4.00
2007.10.25 10:34:26.289,1.0338,1.03395,0.60,4.00
2007.10.25 10:34:26.573,1.03375,1.03395,4.60,4.00
2007.10.25 10:34:26.855,1.0338,1.03395,0.60,4.00
2007.10.25 10:34:27.138,1.0338,1.03395,0.60,4.00
2007.10.25 10:34:27.364,1.0338,1.03395,0.60,4.00
2007.10.25 10:34:27.592,1.0338,1.03395,0.60,4.00
2007.10.25 10:34:27.820,1.0338,1.03385,0.60,4.00
2007.10.25 10:34:28.048,1.0336,1.03385,10.90,4.00
2007.10.25 10:34:28.300,1.0336,1.03385,10.90,4.00
2007.10.25 10:34:28.553,1.03365,1.03385,2.30,4.00
2007.10.25 10:34:28.806,1.03365,1.03385,0.30,4.00
2007.10.25 10:34:29.059,1.03365,1.03385,0.30,4.00
2007.10.25 10:34:29.392,1.0336,1.03385,7.00,4.00
2007.10.25 10:34:29.723,1.0336,1.03385,0.60,4.00
2007.10.25 10:34:30.056,1.0335,1.03375,7.00,4.00
2007.10.25 10:34:30.388,1.03355,1.03375,0.30,4.00
2007.10.25 10:34:30.616,1.0335,1.03375,3.00,4.00
2007.10.25 10:34:30.843,1.03345,1.03375,15.20,4.00
2007.10.25 10:34:31.070,1.0335,1.03375,1.40,4.00
2007.10.25 10:34:31.297,1.03345,1.03375,8.90,4.00
2007.10.25 10:34:31.601,1.0335,1.03375,0.60,4.00
2007.10.25 10:34:31.895,1.03345,1.03375,0.90,4.00
2007.10.25 10:34:32.188,1.03345,1.03375,3.20,4.00
2007.10.25 10:34:32.406,1.03345,1.03375,3.20,4.00
2007.10.25 10:34:32.624,1.03345,1.03375,3.20,4.00
2007.10.25 10:34:32.843,1.03355,1.03375,0.30,4.00
2007.10.25 10:34:33.060,1.0335,1.03375,3.00,4.00
2007.10.25 10:34:33.280,1.03355,1.03375,0.30,4.00
2007.10.25 10:34:33.604,1.0334,1.03375,11.00,4.00
2007.10.25 10:34:33.926,1.0335,1.03365,0.30,4.00
2007.10.25 10:34:34.249,1.03355,1.03365,0.30,4.00
2007.10.25 10:34:34.582,1.03335,1.03365,4.90,4.00
2007.10.25 10:34:34.915,1.03335,1.03365,0.90,4.00
2007.10.25 10:34:35.248,1.0334,1.03375,0.70,18.80
2007.10.25 10:34:35.476,1.0335,1.03375,0.30,6.80
2007.10.25 10:34:35.704,1.0335,1.03375,0.60,4.00
2007.10.25 10:34:35.932,1.0334,1.03375,1.00,4.00
2007.10.25 10:34:36.160,1.0332,1.03355,14.40,4.00
2007.10.25 10:34:36.458,1.0332,1.03355,14.40,4.00
2007.10.25 10:34:36.756,1.03325,1.03355,10.40,4.00
2007.10.25 10:34:37.053,1.0332,1.03355,12.80,4.00
2007.10.25 10:34:37.352,1.0333,1.03355,1.10,4.00
2007.10.25 10:34:37.584,1.0332,1.03355,12.80,4.00
2007.10.25 10:34:37.817,1.0333,1.0336,1.50,0.10
2007.10.25 10:34:38.050,1.0333,1.0336,1.10,0.10
2007.10.25 10:34:38.283,1.03325,1.0336,6.40,0.10
2007.10.25 10:34:38.565,1.0333,1.0336,1.30,0.10
2007.10.25 10:34:38.848,1.03325,1.0336,6.40,0.10
2007.10.25 10:34:39.131,1.03325,1.0336,6.40,0.10
2007.10.25 10:34:39.412,1.03325,1.0336,6.40,0.10
2007.10.25 10:34:39.745,1.03325,1.0336,6.40,0.10
2007.10.25 10:34:40.079,1.03325,1.0336,6.40,0.10
2007.10.25 10:34:40.412,1.03325,1.0336,6.40,0.10
2007.10.25 10:34:40.599,1.0333,1.0336,0.80,0.10
2007.10.25 10:34:40.787,1.0332,1.0336,14.40,2.50
2007.10.25 10:34:40.974,1.03315,1.0335,15.20,0.10
2007.10.25 10:34:41.163,1.03315,1.0335,14.40,0.10
2007.10.25 10:34:41.351,1.03315,1.0335,14.40,0.10
2007.10.25 10:34:41.684,1.0331,1.0335,19.20,2.40
2007.10.25 10:34:42.017,1.03315,1.0335,5.70,2.40
2007.10.25 10:34:42.350,1.03315,1.03355,23.20,4.00
2007.10.25 10:34:42.683,1.0332,1.03355,0.90,4.00
2007.10.25 10:34:42.921,1.03315,1.03355,22.40,4.00
2007.10.25 10:34:43.159,1.03315,1.0335,20.00,2.50
2007.10.25 10:34:43.397,1.03315,1.0335,3.10,2.50
2007.10.25 10:34:43.699,1.0332,1.03355,10.40,2.80
2007.10.25 10:34:44.003,1.03325,1.03355,1.80,2.80
2007.10.25 10:34:44.305,1.03315,1.0335,12.00,2.50
2007.10.25 10:34:44.609,1.0332,1.0335,2.10,2.50
2007.10.25 10:34:44.927,1.0331,1.0335,14.40,2.50
2007.10.25 10:34:45.245,1.03315,1.0335,2.10,2.50
2007.10.25 10:34:45.563,1.03315,1.03355,6.40,6.90
2007.10.25 10:34:45.796,1.03325,1.03355,1.20,2.80
2007.10.25 10:34:46.028,1.0332,1.03355,6.40,2.80
2007.10.25 10:34:46.261,1.03325,1.0336,1.50,5.30
2007.10.25 10:34:46.494,1.03325,1.0336,0.50,5.30
2007.10.25 10:34:46.742,1.0332,1.0336,6.40,5.30
2007.10.25 10:34:46.990,1.0332,1.0336,6.40,5.30
2007.10.25 10:34:47.238,1.03325,1.0336,2.10,5.30
2007.10.25 10:34:47.485,1.03325,1.0336,0.70,5.30
2007.10.25 10:34:47.738,1.0332,1.0336,10.40,5.30
2007.10.25 10:34:47.991,1.03325,1.0336,0.60,5.30
2007.10.25 10:34:48.243,1.03325,1.0336,1.40,5.30
2007.10.25 10:34:48.496,1.03325,1.0336,2.30,5.30
2007.10.25 10:34:48.748,1.03325,1.0336,0.60,5.30
2007.10.25 10:34:49.020,1.03325,1.0335,4.00,0.80
2007.10.25 10:34:49.294,1.03335,1.0335,8.00,0.50
2007.10.25 10:34:49.566,1.03335,1.0337,4.00,2.40
2007.10.25 10:34:50.012,1.03335,1.0337,4.80,2.40
2007.10.25 10:34:50.344,1.03335,1.0337,4.80,2.40
2007.10.25 10:34:50.676,1.0334,1.0337,6.40,0.10
2007.10.25 10:34:50.909,1.0334,1.0337,6.40,0.10
2007.10.25 10:34:51.142,1.0334,1.0337,6.40,0.10
2007.10.25 10:34:51.375,1.03345,1.0337,4.00,0.10
2007.10.25 10:34:51.607,1.03345,1.0338,4.00,5.30
2007.10.25 10:34:51.915,1.03345,1.0338,4.00,5.30
2007.10.25 10:34:52.223,1.03345,1.0338,4.00,2.40
2007.10.25 10:34:52.531,1.03345,1.0338,4.80,2.40
2007.10.25 10:34:52.840,1.0335,1.0338,2.40,0.10
2007.10.25 10:34:53.079,1.0335,1.0339,2.40,5.30
2007.10.25 10:34:53.316,1.03355,1.0339,4.00,5.30
2007.10.25 10:34:53.554,1.03355,1.0339,4.00,5.30
2007.10.25 10:34:53.858,1.03355,1.0339,8.00,2.40
2007.10.25 10:34:54.161,1.0336,1.0339,4.00,2.40
2007.10.25 10:34:54.463,1.0336,1.0339,4.00,2.40
2007.10.25 10:34:54.766,1.0336,1.0339,4.00,2.40
2007.10.25 10:34:55.100,1.03355,1.0339,8.80,2.40
2007.10.25 10:34:55.433,1.0336,1.0339,4.00,2.40
2007.10.25 10:34:55.766,1.03355,1.0339,8.80,2.40
2007.10.25 10:34:55.974,1.03355,1.0339,8.80,2.40
2007.10.25 10:34:56.181,1.03355,1.0339,8.80,2.40
2007.10.25 10:34:56.389,1.0336,1.0339,4.00,2.40
2007.10.25 10:34:56.596,1.0336,1.0339,4.00,2.40
2007.10.25 10:34:56.889,1.0336,1.0339,4.00,2.40
2007.10.25 10:34:57.181,1.0336,1.0339,4.00,2.40
2007.10.25 10:34:57.474,1.0336,1.0339,4.00,2.40
2007.10.25 10:34:57.767,1.0336,1.0339,4.00,2.40
2007.10.25 10:34:57.990,1.0336,1.0339,4.00,2.40
2007.10.25 10:34:58.213,1.0336,1.0339,4.00,2.40
2007.10.25 10:34:58.435,1.03355,1.0339,8.80,2.40
2007.10.25 10:34:58.658,1.03355,1.0339,8.80,2.40
2007.10.25 10:34:58.940,1.03355,1.0339,8.80,2.40
2007.10.25 10:34:59.223,1.03355,1.0339,8.00,2.40
2007.10.25 10:34:59.506,1.0335,1.03385,6.40,4.00
2007.10.25 10:34:59.790,1.0336,1.03385,2.40,4.00
2007.10.25 10:35:00.107,1.0336,1.03395,2.40,6.80
2007.10.25 10:35:00.425,1.0336,1.03395,2.40,4.00
2007.10.25 10:35:00.743,1.03355,1.0339,8.80,2.40
2007.10.25 10:35:00.975,1.03355,1.0339,4.80,2.40
2007.10.25 10:35:01.208,1.0335,1.0339,6.40,6.50
2007.10.25 10:35:01.440,1.0335,1.0339,6.40,6.50
2007.10.25 10:35:01.673,1.0335,1.0339,2.40,9.40
2007.10.25 10:35:01.955,1.0335,1.0339,2.40,9.40
2007.10.25 10:35:02.327,1.03355,1.0339,4.00,9.40
2007.10.25 10:35:02.612,1.03355,1.0339,4.00,9.40
2007.10.25 10:35:02.897,1.03355,1.0339,8.00,6.50
2007.10.25 10:35:03.159,1.03355,1.0339,4.00,9.40
2007.10.25 10:35:03.421,1.03355,1.0339,4.00,9.40
2007.10.25 10:35:03.685,1.03355,1.0339,4.00,9.40
2007.10.25 10:35:03.912,1.0335,1.0339,10.40,9.40
2007.10.25 10:35:03.948,1.0335,1.0339,10.40,9.40
2007.10.25 10:35:04.281,1.0335,1.0339,10.40,6.50
2007.10.25 10:35:04.615,1.0335,1.0339,10.40,6.50
2007.10.25 10:35:04.948,1.03355,1.0339,1.60,6.50
2007.10.25 10:35:05.180,1.0335,1.0339,10.40,6.50
2007.10.25 10:35:05.412,1.0335,1.0339,10.40,6.50
2007.10.25 10:35:05.646,1.0335,1.0339,10.40,6.50
2007.10.25 10:35:05.878,1.0335,1.0339,10.40,6.50
2007.10.25 10:35:06.161,1.03355,1.0339,1.60,6.50
2007.10.25 10:35:06.444,1.03355,1.0339,2.10,6.50
2007.10.25 10:35:06.727,1.03355,1.0339,4.90,2.40
2007.10.25 10:35:07.010,1.03355,1.0339,1.80,2.40
2007.10.25 10:35:07.218,1.03355,1.0339,4.40,2.40
2007.10.25 10:35:07.426,1.0335,1.0339,25.60,2.40
2007.10.25 10:35:07.633,1.03355,1.0339,1.30,2.40
2007.10.25 10:35:07.841,1.03355,1.0339,8.70,2.40
2007.10.25 10:35:08.160,1.0335,1.0339,22.40,2.40
2007.10.25 10:35:08.479,1.0336,1.0339,0.60,2.40
2007.10.25 10:35:08.796,1.03355,1.0339,0.80,2.40
2007.10.25 10:35:09.114,1.0335,1.0339,10.40,2.40
2007.10.25 10:35:09.448,1.0335,1.0339,3.30,6.50
2007.10.25 10:35:09.780,1.0335,1.0339,0.50,6.40
2007.10.25 10:35:10.114,1.0334,1.0338,7.20,4.00
2007.10.25 10:35:10.336,1.0334,1.0338,7.20,4.00
2007.10.25 10:35:10.559,1.03345,1.0338,4.80,4.00
2007.10.25 10:35:10.782,1.0335,1.0338,1.30,4.00
2007.10.25 10:35:11.005,1.0335,1.0338,2.10,4.00
2007.10.25 10:35:11.273,1.03345,1.0338,7.20,4.00
2007.10.25 10:35:11.541,1.03345,1.0338,11.20,4.00
2007.10.25 10:35:11.809,1.03345,1.0338,11.20,4.00
2007.10.25 10:35:12.076,1.03345,1.0338,11.20,4.00
2007.10.25 10:35:12.324,1.03345,1.0337,8.80,4.00
2007.10.25 10:35:12.572,1.03345,1.0337,4.80,4.00
2007.10.25 10:35:12.819,1.03345,1.0339,11.20,6.50
2007.10.25 10:35:13.066,1.0335,1.0339,10.40,6.50
2007.10.25 10:35:13.370,1.0335,1.0338,1.10,4.00
2007.10.25 10:35:13.673,1.03345,1.0338,15.20,4.00
2007.10.25 10:35:13.976,1.03345,1.0338,15.20,4.00
2007.10.25 10:35:14.308,1.03345,1.0338,15.20,4.00
2007.10.25 10:35:14.641,1.0335,1.0338,3.50,4.00
2007.10.25 10:35:14.974,1.0335,1.0338,0.90,4.00
2007.10.25 10:35:15.162,1.0335,1.0338,1.00,4.00
2007.10.25 10:35:15.350,1.0335,1.0338,0.70,4.00
2007.10.25 10:35:15.537,1.03345,1.0338,15.20,4.00
2007.10.25 10:35:15.725,1.0335,1.0338,1.70,4.00
2007.10.25 10:35:15.913,1.03345,1.0338,15.20,4.00
2007.10.25 10:35:16.101,1.03345,1.0338,15.20,4.00
2007.10.25 10:35:16.358,1.03345,1.0338,15.20,4.00
2007.10.25 10:35:16.616,1.03345,1.0338,15.20,4.00
2007.10.25 10:35:16.874,1.03345,1.0338,15.20,4.00
2007.10.25 10:35:17.132,1.03345,1.0338,15.20,4.00
2007.10.25 10:35:17.314,1.03345,1.0338,15.20,4.00
2007.10.25 10:35:17.497,1.03345,1.0338,15.20,4.00
2007.10.25 10:35:17.680,1.03345,1.0338,15.20,4.00
2007.10.25 10:35:17.863,1.0335,1.0338,2.00,4.00
2007.10.25 10:35:18.046,1.0335,1.0338,2.20,4.00
2007.10.25 10:35:18.228,1.03345,1.0338,12.80,6.40
2007.10.25 10:35:18.471,1.0334,1.0338,15.20,6.40
2007.10.25 10:35:18.712,1.0334,1.0338,15.20,6.40
2007.10.25 10:35:18.954,1.03345,1.0338,4.40,6.40
2007.10.25 10:35:19.198,1.0334,1.0338,14.40,6.40
2007.10.25 10:35:19.531,1.0334,1.0338,14.40,6.40
2007.10.25 10:35:19.864,1.03345,1.0338,5.00,6.40
2007.10.25 10:35:20.197,1.0334,1.0338,14.40,6.40
2007.10.25 10:35:20.364,1.03345,1.0338,4.00,6.40
2007.10.25 10:35:20.531,1.0334,1.0338,14.40,6.40
2007.10.25 10:35:20.733,1.03345,1.03385,14.40,4.00
2007.10.25 10:35:20.901,1.03355,1.0339,1.90,9.40
2007.10.25 10:35:21.069,1.0335,1.0339,6.40,9.40
2007.10.25 10:35:21.238,1.0335,1.0339,10.40,6.50
2007.10.25 10:35:21.516,1.0335,1.0339,10.40,6.50
2007.10.25 10:35:21.795,1.0334,1.0338,14.40,6.40
2007.10.25 10:35:22.073,1.0334,1.0338,10.40,6.40
2007.10.25 10:35:22.352,1.03345,1.0338,2.40,6.40
2007.10.25 10:35:22.593,1.03345,1.0338,2.00,6.40
2007.10.25 10:35:22.834,1.0334,1.0338,10.40,6.40
2007.10.25 10:35:23.078,1.03345,1.0338,1.50,6.40
2007.10.25 10:35:23.321,1.0334,1.0338,10.40,6.40
2007.10.25 10:35:23.563,1.0334,1.0338,10.40,6.40
2007.10.25 10:35:23.801,1.03345,1.0338,3.40,6.40
2007.10.25 10:35:24.038,1.03345,1.0338,1.00,6.40
2007.10.25 10:35:24.276,1.0334,1.0338,10.40,6.40
2007.10.25 10:35:24.514,1.0334,1.0338,10.40,6.40
2007.10.25 10:35:24.847,1.03345,1.0338,2.10,6.40
2007.10.25 10:35:25.181,1.0334,1.0338,10.40,6.40
2007.10.25 10:35:25.514,1.0334,1.0338,10.40,6.40
2007.10.25 10:35:25.726,1.0334,1.0338,10.40,6.40
2007.10.25 10:35:25.939,1.03345,1.0338,0.60,6.40
2007.10.25 10:35:26.152,1.03345,1.0338,2.70,6.40
2007.10.25 10:35:26.364,1.0334,1.0338,10.40,6.40
2007.10.25 10:35:26.577,1.03345,1.0338,2.60,6.40
2007.10.25 10:35:26.863,1.0334,1.0338,10.40,6.40
2007.10.25 10:35:27.141,1.03345,1.0338,2.00,6.40
2007.10.25 10:35:27.422,1.0334,1.0338,10.40,2.40
2007.10.25 10:35:27.699,1.03345,1.0338,12.00,2.40
2007.10.25 10:35:27.888,1.03345,1.0338,4.60,2.40
2007.10.25 10:35:28.078,1.0334,1.0338,14.40,2.40
2007.10.25 10:35:28.265,1.03345,1.0338,5.50,2.40
2007.10.25 10:35:28.453,1.0334,1.0338,14.40,2.40
2007.10.25 10:35:28.641,1.0334,1.0338,14.40,2.40
2007.10.25 10:35:28.828,1.03345,1.0338,1.80,2.40
2007.10.25 10:35:29.160,1.0334,1.0338,14.40,2.40
2007.10.25 10:35:29.493,1.0334,1.0338,14.40,2.40
2007.10.25 10:35:29.825,1.03345,1.0338,1.80,2.40
2007.10.25 10:35:29.967,1.03345,1.0338,0.70,0.50
2007.10.25 10:35:30.052,1.0334,1.03385,14.40,6.40
2007.10.25 10:35:30.281,1.0334,1.03385,14.40,10.40
2007.10.25 10:35:30.508,1.0334,1.03385,14.40,10.40
2007.10.25 10:35:30.736,1.03345,1.0338,0.50,0.60
2007.10.25 10:35:30.999,1.03345,1.0338,8.00,6.50
2007.10.25 10:35:31.261,1.03345,1.0338,8.00,6.50
2007.10.25 10:35:31.525,1.03345,1.0337,12.00,2.40
2007.10.25 10:35:31.788,1.03345,1.0337,12.00,2.40
2007.10.25 10:35:32.051,1.0334,1.0337,4.00,6.40
2007.10.25 10:35:32.313,1.0334,1.0337,4.00,6.40
2007.10.25 10:35:32.578,1.0334,1.0337,4.00,6.40
2007.10.25 10:35:32.840,1.0334,1.0337,4.00,6.50
2007.10.25 10:35:33.073,1.03335,1.0337,12.00,6.50
2007.10.25 10:35:33.306,1.03335,1.0337,12.00,6.50
2007.10.25 10:35:33.539,1.03335,1.0337,8.00,6.50
2007.10.25 10:35:33.772,1.03335,1.0336,8.00,2.40
2007.10.25 10:35:34.104,1.03335,1.0336,4.00,2.40
2007.10.25 10:35:34.437,1.03335,1.0336,4.00,2.40
2007.10.25 10:35:34.769,1.03335,1.0336,4.00,2.40
2007.10.25 10:35:34.942,1.03335,1.0336,4.00,2.40
2007.10.25 10:35:35.115,1.03335,1.0336,4.00,2.40
2007.10.25 10:35:35.287,1.03335,1.0336,4.00,2.40
2007.10.25 10:35:35.459,1.03335,1.0336,4.00,2.40
2007.10.25 10:35:35.632,1.03335,1.0336,4.00,2.40
2007.10.25 10:35:35.805,1.03335,1.0336,4.00,2.40
2007.10.25 10:35:36.068,1.03335,1.0336,4.00,2.40
2007.10.25 10:35:36.330,1.03335,1.0336,4.00,2.40
2007.10.25 10:35:36.594,1.03335,1.0336,4.00,2.40
2007.10.25 10:35:36.857,1.03335,1.0336,4.00,2.40
2007.10.25 10:35:37.090,1.03335,1.0336,4.00,2.40
2007.10.25 10:35:37.325,1.03335,1.0337,4.00,2.40
2007.10.25 10:35:37.558,1.03335,1.0337,8.00,2.40
2007.10.25 10:35:37.790,1.03335,1.0337,8.00,2.40
2007.10.25 10:35:38.023,1.03335,1.0337,8.00,2.40
2007.10.25 10:35:38.341,1.03335,1.0337,12.00,2.40
2007.10.25 10:35:38.661,1.03335,1.0337,12.00,2.40
2007.10.25 10:35:38.978,1.03335,1.0337,12.00,2.40
2007.10.25 10:35:39.305,1.03335,1.0337,12.00,2.40
2007.10.25 10:35:39.632,1.03335,1.0337,12.00,2.40
2007.10.25 10:35:39.959,1.03335,1.0337,12.00,2.40
2007.10.25 10:35:40.138,1.03335,1.0337,12.00,6.50
2007.10.25 10:35:40.315,1.03335,1.0337,12.00,6.50
2007.10.25 10:35:40.493,1.03335,1.0337,8.00,6.50
2007.10.25 10:35:40.671,1.0333,1.0337,6.40,6.50
2007.10.25 10:35:40.849,1.0333,1.03365,6.40,4.00
2007.10.25 10:35:41.027,1.0333,1.03365,6.40,4.00
2007.10.25 10:35:41.359,1.0333,1.0336,2.40,4.00
2007.10.25 10:35:41.692,1.0333,1.0336,2.40,4.00
2007.10.25 10:35:42.024,1.0333,1.0336,2.40,4.00
2007.10.25 10:35:42.248,1.0333,1.0336,2.40,4.00
2007.10.25 10:35:42.470,1.0333,1.0336,2.40,4.00
2007.10.25 10:35:42.693,1.0333,1.0336,2.40,4.00
2007.10.25 10:35:42.916,1.0333,1.0336,2.40,4.00
2007.10.25 10:35:43.133,1.0333,1.0336,2.60,4.00
2007.10.25 10:35:43.353,1.03335,1.0336,0.30,6.40
2007.10.25 10:35:43.571,1.03335,1.0336,0.30,6.40
2007.10.25 10:35:43.788,1.03335,1.0336,0.30,6.40
2007.10.25 10:35:44.005,1.03335,1.0336,0.30,6.40
2007.10.25 10:35:44.339,1.03335,1.0336,0.30,6.40
2007.10.25 10:35:44.671,1.03325,1.03355,4.20,4.00
2007.10.25 10:35:45.006,1.03325,1.03355,0.30,4.00
2007.10.25 10:35:45.279,1.03325,1.03355,4.20,4.00
2007.10.25 10:35:45.508,1.03325,1.03355,0.30,4.00
2007.10.25 10:35:45.737,1.03325,1.0335,0.30,2.40
2007.10.25 10:35:45.965,1.03325,1.0335,0.30,2.40
2007.10.25 10:35:46.213,1.0333,1.03355,0.30,4.00
2007.10.25 10:35:46.460,1.0333,1.03355,0.30,4.00
2007.10.25 10:35:46.711,1.0333,1.0336,0.60,2.40
2007.10.25 10:35:46.961,1.0333,1.0336,0.60,2.40
2007.10.25 10:35:47.284,1.0333,1.0336,0.60,2.40
2007.10.25 10:35:47.607,1.0333,1.0336,0.60,2.40
2007.10.25 10:35:47.929,1.0333,1.0336,0.60,2.40
2007.10.25 10:35:48.252,1.0333,1.0336,0.60,2.40
2007.10.25 10:35:48.446,1.0333,1.0336,0.60,2.40
2007.10.25 10:35:48.639,1.0333,1.0336,0.60,2.40
2007.10.25 10:35:48.832,1.0333,1.0336,0.60,2.40
2007.10.25 10:35:49.025,1.0333,1.0336,0.60,2.40
2007.10.25 10:35:49.219,1.0333,1.0336,0.60,2.40
2007.10.25 10:35:49.551,1.0333,1.0336,0.60,2.40
2007.10.25 10:35:49.884,1.0333,1.0336,0.60,2.40
2007.10.25 10:35:50.216,1.0333,1.0336,0.60,2.40
2007.10.25 10:35:50.429,1.0333,1.0336,0.60,2.40
2007.10.25 10:35:50.642,1.0333,1.0336,0.60,2.40
2007.10.25 10:35:50.854,1.0333,1.0336,0.60,2.40
2007.10.25 10:35:51.066,1.0333,1.0336,0.60,2.40
2007.10.25 10:35:51.278,1.0333,1.0336,0.60,2.40
2007.10.25 10:35:51.531,1.0333,1.0336,0.60,2.40
2007.10.25 10:35:51.785,1.0333,1.0336,0.30,2.40
2007.10.25 10:35:52.038,1.03325,1.0336,4.00,2.40
2007.10.25 10:35:52.291,1.03325,1.0336,4.00,2.40
2007.10.25 10:35:52.560,1.03325,1.0336,4.00,2.40
2007.10.25 10:35:52.828,1.03325,1.0336,4.00,2.40
2007.10.25 10:35:53.096,1.03325,1.0336,4.00,2.40
2007.10.25 10:35:53.363,1.03325,1.0336,4.00,2.40
2007.10.25 10:35:53.601,1.0333,1.0336,0.20,2.40
2007.10.25 10:35:53.839,1.0333,1.0336,0.40,2.40
2007.10.25 10:35:54.076,1.0333,1.0336,0.40,2.40
2007.10.25 10:35:54.314,1.0333,1.0336,0.40,2.40
2007.10.25 10:35:54.646,1.0333,1.0336,0.40,2.40
2007.10.25 10:35:54.978,1.0333,1.0336,0.40,2.40
2007.10.25 10:35:55.311,1.03335,1.0337,4.10,6.40
2007.10.25 10:35:55.530,1.0334,1.0337,0.20,6.40
2007.10.25 10:35:55.748,1.0334,1.0337,0.40,6.40
2007.10.25 10:35:55.966,1.0334,1.0337,0.40,2.40
2007.10.25 10:35:56.183,1.0334,1.0337,0.40,2.40
2007.10.25 10:35:56.401,1.0334,1.0337,0.40,2.40
2007.10.25 10:35:56.689,1.0334,1.0337,0.40,2.40
2007.10.25 10:35:56.976,1.0334,1.0337,0.40,2.40
2007.10.25 10:35:57.264,1.0334,1.0337,0.40,2.40
2007.10.25 10:35:57.552,1.0334,1.0337,0.40,2.40
2007.10.25 10:35:57.760,1.0334,1.0337,0.40,2.40
2007.10.25 10:35:57.968,1.0334,1.0337,0.40,2.40
2007.10.25 10:35:58.175,1.0334,1.0337,0.40,2.40
2007.10.25 10:35:58.383,1.0334,1.0337,0.40,2.40
2007.10.25 10:35:58.590,1.0334,1.0337,0.40,2.40
2007.10.25 10:35:58.819,1.0334,1.0337,0.40,2.40
2007.10.25 10:35:59.047,1.0334,1.0337,0.40,2.40
2007.10.25 10:35:59.275,1.0334,1.0337,0.40,2.40
2007.10.25 10:35:59.504,1.0334,1.0337,0.40,2.40
2007.10.25 10:35:59.836,1.0334,1.0337,0.40,2.40
2007.10.25 10:36:00.168,1.0334,1.0337,0.40,2.40
2007.10.25 10:36:00.501,1.0334,1.0337,0.40,2.40
2007.10.25 10:36:00.658,1.0334,1.0337,0.40,2.40
2007.10.25 10:36:00.816,1.0334,1.0337,0.40,2.40
2007.10.25 10:36:00.974,1.0334,1.0337,0.40,2.40
2007.10.25 10:36:01.131,1.0334,1.0337,0.40,2.40
2007.10.25 10:36:01.289,1.0334,1.0337,0.40,2.40
2007.10.25 10:36:01.447,1.0334,1.0337,0.40,2.40
2007.10.25 10:36:01.779,1.0334,1.0337,0.40,2.40
2007.10.25 10:36:02.112,1.0334,1.0337,0.40,2.40
2007.10.25 10:36:02.302,1.0334,1.03375,0.40,16.40
2007.10.25 10:36:02.445,1.0334,1.0337,0.40,0.60
2007.10.25 10:36:02.778,1.0334,1.03375,0.40,14.00
2007.10.25 10:36:03.006,1.0334,1.03375,0.40,10.00
2007.10.25 10:36:03.234,1.0334,1.03375,0.40,10.00
2007.10.25 10:36:03.462,1.0334,1.0337,0.40,2.40
2007.10.25 10:36:03.740,1.0334,1.0337,0.40,2.40
2007.10.25 10:36:04.018,1.0334,1.0337,0.40,2.40
2007.10.25 10:36:04.296,1.0334,1.0337,0.40,2.40
2007.10.25 10:36:04.574,1.0334,1.0337,0.40,2.40
2007.10.25 10:36:04.907,1.0334,1.0337,0.40,2.40
2007.10.25 10:36:05.239,1.0334,1.0337,0.40,2.40
2007.10.25 10:36:05.572,1.0334,1.0337,0.40,2.40
2007.10.25 10:36:05.709,1.0334,1.0337,0.40,2.40
2007.10.25 10:36:05.847,1.0334,1.0337,0.40,2.40
2007.10.25 10:36:05.985,1.0334,1.0337,0.40,2.40
2007.10.25 10:36:06.122,1.0334,1.0337,0.40,2.40
2007.10.25 10:36:06.260,1.0334,1.0337,0.40,2.40
2007.10.25 10:36:06.399,1.0334,1.0337,0.40,2.40
2007.10.25 10:36:06.536,1.0334,1.0337,0.40,2.40
2007.10.25 10:36:06.803,1.0334,1.0337,0.40,2.40
2007.10.25 10:36:07.069,1.0334,1.0337,0.40,2.40
2007.10.25 10:36:07.336,1.0334,1.0337,0.40,2.40
2007.10.25 10:36:07.604,1.0334,1.0337,0.40,2.40
2007.10.25 10:36:07.806,1.0334,1.0337,0.40,2.40
2007.10.25 10:36:08.009,1.0334,1.0337,0.40,2.40
2007.10.25 10:36:08.212,1.03345,1.0337,4.00,2.40
2007.10.25 10:36:08.415,1.0335,1.0337,0.20,2.40
2007.10.25 10:36:08.619,1.0335,1.03375,0.40,4.00
2007.10.25 10:36:08.871,1.0335,1.03375,0.40,4.00
2007.10.25 10:36:09.124,1.0335,1.0338,0.40,2.40
2007.10.25 10:36:09.377,1.0335,1.0338,0.40,2.40
2007.10.25 10:36:09.628,1.0335,1.0338,0.40,2.40
2007.10.25 10:36:09.881,1.0335,1.0338,0.40,6.40
2007.10.25 10:36:10.214,1.0335,1.0338,0.40,9.30
2007.10.25 10:36:10.546,1.0335,1.0338,0.40,6.40
2007.10.25 10:36:10.879,1.0335,1.0338,0.40,2.40
2007.10.25 10:36:11.086,1.0335,1.0338,0.40,2.40
2007.10.25 10:36:11.294,1.0335,1.0337,0.40,2.40
2007.10.25 10:36:11.501,1.0335,1.0337,0.40,2.40
2007.10.25 10:36:11.709,1.0335,1.0338,0.40,9.30
2007.10.25 10:36:11.957,1.0335,1.0338,0.40,9.30
2007.10.25 10:36:12.205,1.0335,1.0337,0.40,2.40
2007.10.25 10:36:12.451,1.0335,1.0337,0.40,2.40
2007.10.25 10:36:12.700,1.0335,1.0338,0.40,9.30
2007.10.25 10:36:12.933,1.0335,1.0338,0.40,9.30
2007.10.25 10:36:13.166,1.0335,1.0338,0.40,9.30
2007.10.25 10:36:13.398,1.0335,1.0338,0.40,9.30
2007.10.25 10:36:13.631,1.0335,1.0338,0.40,9.30
2007.10.25 10:36:13.864,1.0335,1.0338,0.40,9.30
2007.10.25 10:36:14.072,1.0335,1.0338,0.40,9.30
2007.10.25 10:36:14.280,1.0335,1.0338,0.40,9.30
2007.10.25 10:36:14.489,1.0335,1.0338,0.60,9.30
2007.10.25 10:36:14.697,1.0335,1.0338,0.60,9.30
2007.10.25 10:36:14.904,1.0335,1.0338,0.60,9.30
2007.10.25 10:36:15.237,1.0335,1.0338,0.60,9.30
2007.10.25 10:36:15.569,1.0335,1.0338,0.60,9.30
2007.10.25 10:36:15.953,1.0335,1.0338,0.60,9.30
2007.10.25 10:36:16.136,1.0335,1.0338,0.60,9.30
2007.10.25 10:36:16.318,1.0335,1.0338,0.60,9.30
2007.10.25 10:36:16.502,1.0335,1.0338,0.60,9.30
2007.10.25 10:36:16.684,1.0335,1.0338,0.60,9.30
2007.10.25 10:36:16.868,1.0335,1.0337,0.60,4.00
2007.10.25 10:36:17.091,1.0335,1.0337,0.60,4.00
2007.10.25 10:36:17.314,1.0335,1.0337,0.60,4.00
2007.10.25 10:36:17.537,1.0335,1.0337,0.60,4.00
2007.10.25 10:36:17.760,1.0335,1.0337,0.60,4.00
2007.10.25 10:36:17.977,1.0335,1.0337,0.60,4.00
2007.10.25 10:36:18.196,1.0335,1.0337,0.60,4.00
2007.10.25 10:36:18.414,1.0335,1.0337,0.60,4.00
2007.10.25 10:36:18.631,1.0335,1.0337,0.60,4.00
2007.10.25 10:36:18.849,1.0335,1.0337,0.60,4.00
2007.10.25 10:36:19.182,1.0335,1.0337,0.60,4.00
2007.10.25 10:36:19.516,1.0335,1.0337,0.60,4.00
2007.10.25 10:36:19.848,1.0335,1.0337,0.60,4.00
2007.10.25 10:36:20.009,1.0335,1.0337,0.60,4.00
2007.10.25 10:36:20.172,1.0335,1.0337,0.60,4.00
2007.10.25 10:36:20.334,1.0335,1.0337,0.60,4.00
2007.10.25 10:36:20.496,1.0335,1.0337,0.60,4.00
2007.10.25 10:36:20.659,1.0335,1.0337,0.60,4.00
2007.10.25 10:36:20.821,1.0335,1.0337,0.60,4.00
2007.10.25 10:36:20.983,1.0335,1.0337,0.60,4.00
2007.10.25 10:36:21.246,1.0335,1.0337,0.60,4.00
2007.10.25 10:36:21.508,1.0335,1.0337,0.60,4.00
2007.10.25 10:36:21.771,1.0335,1.0337,0.60,4.00
2007.10.25 10:36:22.090,1.0335,1.0337,0.60,4.00
2007.10.25 10:36:22.277,1.0335,1.0337,0.60,4.00
2007.10.25 10:36:22.465,1.0335,1.0337,0.60,4.00
2007.10.25 10:36:22.653,1.0335,1.0337,0.60,4.00
2007.10.25 10:36:22.840,1.0335,1.0337,0.60,4.00
2007.10.25 10:36:23.028,1.0335,1.0337,0.60,4.00
2007.10.25 10:36:23.241,1.0335,1.0337,0.60,4.00
2007.10.25 10:36:23.453,1.0335,1.0337,0.60,4.00
2007.10.25 10:36:23.665,1.0335,1.0337,0.60,4.00
2007.10.25 10:36:23.878,1.0335,1.0337,0.60,4.00
2007.10.25 10:36:24.091,1.0335,1.0337,0.60,4.00
2007.10.25 10:36:24.423,1.0335,1.0337,0.60,4.00
2007.10.25 10:36:24.755,1.0335,1.0337,0.60,4.00
2007.10.25 10:36:25.088,1.0335,1.0337,0.60,4.00
2007.10.25 10:36:25.206,1.0335,1.0337,0.60,4.00
2007.10.25 10:36:25.323,1.0335,1.0337,0.60,4.00
2007.10.25 10:36:25.441,1.0335,1.0337,0.60,4.00
2007.10.25 10:36:25.558,1.0335,1.0337,0.60,4.00
2007.10.25 10:36:25.677,1.0335,1.0337,0.60,4.00
2007.10.25 10:36:25.794,1.0335,1.0337,0.60,4.00
2007.10.25 10:36:25.912,1.0335,1.0337,0.60,4.00
2007.10.25 10:36:26.029,1.0335,1.0337,0.60,4.00
2007.10.25 10:36:26.147,1.0335,1.0337,0.60,4.00
2007.10.25 10:36:26.479,1.0335,1.0337,0.60,4.00
2007.10.25 10:36:26.811,1.0335,1.0337,0.60,4.00
2007.10.25 10:36:27.143,1.0335,1.0337,0.60,4.00
2007.10.25 10:36:27.331,1.0335,1.0337,0.60,4.00
2007.10.25 10:36:27.518,1.0335,1.0337,0.60,4.00
2007.10.25 10:36:27.706,1.0335,1.0337,0.60,4.00
2007.10.25 10:36:27.895,1.0335,1.0337,0.60,2.40
2007.10.25 10:36:28.081,1.0335,1.0337,0.60,2.40
2007.10.25 10:36:28.268,1.0335,1.0337,0.60,2.40
2007.10.25 10:36:28.531,1.0335,1.0337,0.60,2.40
2007.10.25 10:36:28.794,1.0335,1.0337,0.60,2.40
2007.10.25 10:36:29.056,1.0335,1.0337,0.60,2.40
2007.10.25 10:36:29.318,1.0335,1.0337,0.60,2.40
2007.10.25 10:36:29.652,1.03345,1.0337,0.30,2.40
2007.10.25 10:36:29.985,1.03345,1.0337,0.30,2.40
2007.10.25 10:36:30.318,1.03345,1.0337,0.30,2.40
2007.10.25 10:36:30.506,1.03345,1.0337,0.30,2.40
2007.10.25 10:36:30.694,1.03345,1.0337,0.30,2.40
2007.10.25 10:36:30.882,1.0334,1.0337,0.60,6.40
2007.10.25 10:36:31.069,1.0334,1.0337,0.60,6.40
2007.10.25 10:36:31.258,1.0334,1.0337,0.60,6.40
2007.10.25 10:36:31.445,1.0334,1.0337,0.60,6.40
2007.10.25 10:36:31.722,1.0334,1.0337,0.60,6.40
2007.10.25 10:36:32.000,1.0334,1.0337,0.60,6.40
2007.10.25 10:36:32.278,1.0334,1.03365,0.30,4.00
2007.10.25 10:36:32.555,1.0334,1.03365,0.30,4.00
2007.10.25 10:36:32.728,1.0334,1.03365,0.30,4.00
2007.10.25 10:36:32.901,1.0334,1.03365,0.30,4.00
2007.10.25 10:36:33.074,1.0334,1.0336,0.30,4.00
2007.10.25 10:36:33.247,1.0334,1.0336,0.30,4.00
2007.10.25 10:36:33.420,1.0334,1.0336,0.30,4.00
2007.10.25 10:36:33.703,1.0334,1.03365,0.30,4.00
2007.10.25 10:36:33.981,1.0334,1.0337,0.30,9.30
2007.10.25 10:36:34.359,1.0334,1.0337,0.30,9.30
2007.10.25 10:36:34.637,1.0334,1.0337,0.30,6.40
2007.10.25 10:36:34.955,1.0334,1.0337,0.30,6.40
2007.10.25 10:36:35.273,1.0334,1.0336,0.30,4.00
2007.10.25 10:36:35.590,1.0334,1.0336,0.30,4.00
2007.10.25 10:36:35.768,1.0334,1.0336,0.30,4.00
2007.10.25 10:36:35.946,1.0334,1.0336,0.30,4.00
2007.10.25 10:36:36.124,1.0334,1.0336,0.30,4.00
2007.10.25 10:36:36.301,1.0334,1.0336,0.30,4.00
2007.10.25 10:36:36.479,1.0334,1.0336,0.30,4.00
2007.10.25 10:36:36.761,1.0334,1.0336,0.30,4.00
2007.10.25 10:36:37.044,1.0334,1.0336,0.30,4.00
2007.10.25 10:36:37.326,1.0334,1.0336,0.30,4.00
2007.10.25 10:36:37.610,1.0334,1.0336,0.30,4.00
2007.10.25 10:36:37.802,1.0334,1.0336,0.30,4.00
2007.10.25 10:36:37.994,1.0334,1.0336,0.30,4.00
2007.10.25 10:36:38.187,1.0334,1.0336,0.30,4.00
2007.10.25 10:36:38.379,1.0334,1.0336,0.30,4.00
2007.10.25 10:36:38.572,1.0334,1.0336,0.30,4.00
2007.10.25 10:36:38.815,1.0334,1.0336,0.30,4.00
2007.10.25 10:36:39.058,1.0334,1.0336,0.30,4.00
2007.10.25 10:36:39.300,1.0334,1.0336,0.30,4.00
2007.10.25 10:36:39.543,1.0334,1.0336,0.30,4.00
2007.10.25 10:36:39.876,1.0334,1.0336,0.30,4.00
2007.10.25 10:36:40.209,1.0334,1.0336,0.30,6.40
2007.10.25 10:36:40.541,1.0334,1.0336,0.30,6.40
2007.10.25 10:36:40.724,1.0334,1.0336,0.30,6.40
2007.10.25 10:36:40.906,1.0334,1.0336,0.30,6.40
2007.10.25 10:36:41.090,1.0334,1.0336,0.30,6.40
2007.10.25 10:36:41.272,1.0334,1.0336,0.30,6.40
2007.10.25 10:36:41.455,1.0334,1.0336,0.30,6.40
2007.10.25 10:36:41.638,1.0334,1.0336,0.30,6.40
2007.10.25 10:36:41.901,1.0334,1.0336,0.30,4.00
2007.10.25 10:36:42.164,1.0334,1.0336,0.30,4.00
2007.10.25 10:36:42.427,1.0334,1.0336,0.30,6.40
2007.10.25 10:36:42.689,1.0334,1.0336,0.30,6.40
2007.10.25 10:36:42.896,1.0334,1.0336,0.30,6.40
2007.10.25 10:36:43.105,1.0334,1.0336,0.30,6.40
2007.10.25 10:36:43.313,1.0334,1.0336,0.30,6.40
2007.10.25 10:36:43.522,1.03325,1.03355,0.20,4.00
2007.10.25 10:36:43.730,1.03325,1.0335,4.10,2.40
2007.10.25 10:36:43.998,1.03325,1.0335,4.10,6.40
2007.10.25 10:36:44.265,1.03325,1.0335,0.20,6.40
2007.10.25 10:36:44.533,1.03325,1.0335,0.20,6.40
2007.10.25 10:36:44.801,1.03325,1.0335,0.20,6.40
2007.10.25 10:36:45.134,1.03325,1.0335,0.20,6.40
2007.10.25 10:36:45.467,1.03325,1.0335,0.20,6.40
2007.10.25 10:36:45.800,1.03325,1.0335,0.20,6.40
2007.10.25 10:36:45.972,1.03325,1.0335,0.20,6.40
2007.10.25 10:36:46.145,1.03325,1.0335,0.20,6.40
2007.10.25 10:36:46.318,1.03325,1.0335,0.20,6.40
2007.10.25 10:36:46.490,1.03325,1.0335,0.20,6.40
2007.10.25 10:36:46.662,1.03325,1.0335,0.20,6.40
2007.10.25 10:36:46.834,1.03325,1.0335,0.20,6.40
2007.10.25 10:36:47.062,1.03325,1.0335,0.20,6.40
2007.10.25 10:36:47.289,1.03325,1.0335,0.20,6.40
2007.10.25 10:36:47.516,1.03325,1.0335,0.20,6.40
2007.10.25 10:36:47.744,1.03325,1.0335,0.20,6.40
2007.10.25 10:36:47.921,1.03325,1.0335,0.20,6.40
2007.10.25 10:36:48.099,1.03325,1.0335,0.20,6.40
2007.10.25 10:36:48.277,1.03325,1.0335,0.20,6.40
2007.10.25 10:36:48.455,1.03325,1.0335,0.20,6.40
2007.10.25 10:36:48.632,1.03325,1.0335,0.20,6.40
2007.10.25 10:36:48.811,1.03325,1.0335,0.20,6.40
2007.10.25 10:36:49.144,1.03325,1.0335,0.20,6.40
2007.10.25 10:36:49.476,1.03325,1.0335,0.20,6.40
2007.10.25 10:36:49.808,1.03325,1.0335,0.20,6.40
2007.10.25 10:36:50.035,1.03325,1.0335,0.20,6.40
2007.10.25 10:36:50.262,1.03325,1.0335,0.20,6.40
2007.10.25 10:36:50.490,1.03325,1.0335,0.20,6.40
2007.10.25 10:36:50.718,1.03325,1.0335,0.20,6.40
2007.10.25 10:36:50.946,1.03325,1.0335,0.20,6.40
2007.10.25 10:36:51.208,1.03325,1.0335,0.20,6.40
2007.10.25 10:36:51.471,1.03325,1.0335,0.20,6.40
2007.10.25 10:36:51.734,1.03325,1.0335,0.20,6.40
2007.10.25 10:36:51.996,1.03325,1.0335,0.20,6.40
2007.10.25 10:36:52.193,1.03325,1.0335,0.20,6.40
2007.10.25 10:36:52.392,1.03325,1.0335,0.20,6.40
2007.10.25 10:36:52.590,1.03325,1.0335,0.20,6.40
2007.10.25 10:36:52.787,1.03325,1.0335,0.20,6.40
2007.10.25 10:36:52.984,1.03325,1.0335,0.20,6.40
2007.10.25 10:36:53.232,1.03325,1.0335,0.20,6.40
2007.10.25 10:36:53.479,1.03325,1.0335,0.20,6.40
2007.10.25 10:36:53.726,1.03325,1.0335,0.20,6.40
2007.10.25 10:36:53.973,1.03325,1.0335,0.20,6.40
2007.10.25 10:36:54.306,1.03325,1.0335,0.20,6.40
2007.10.25 10:36:54.641,1.03325,1.0335,0.20,6.40
2007.10.25 10:36:54.766,1.03325,1.0335,0.20,0.60
2007.10.25 10:36:54.974,1.03325,1.0335,0.20,0.80
2007.10.25 10:36:55.185,1.03325,1.03355,0.20,13.20
2007.10.25 10:36:55.399,1.03325,1.0335,0.20,0.90
2007.10.25 10:36:55.611,1.03325,1.03355,0.20,10.40
2007.10.25 10:36:55.824,1.03325,1.0335,0.20,0.60
2007.10.25 10:36:56.036,1.03325,1.03355,0.20,10.40
2007.10.25 10:36:56.323,1.03325,1.0335,0.20,0.60
2007.10.25 10:36:56.610,1.03325,1.03355,0.20,10.40
2007.10.25 10:36:56.899,1.03325,1.0335,0.20,0.50
2007.10.25 10:36:57.187,1.03325,1.03355,0.20,12.80
2007.10.25 10:36:57.415,1.03325,1.0336,0.20,0.80
2007.10.25 10:36:57.643,1.0332,1.0336,6.40,0.60
2007.10.25 10:36:57.871,1.0333,1.0336,0.20,0.60
2007.10.25 10:36:58.100,1.0333,1.0336,0.40,0.50
2007.10.25 10:36:58.337,1.0333,1.03365,0.40,18.00
2007.10.25 10:36:58.575,1.0333,1.0336,0.40,0.50
2007.10.25 10:36:58.922,1.0333,1.03365,0.40,14.00
2007.10.25 10:36:59.159,1.0333,1.03365,0.40,14.00
2007.10.25 10:36:59.463,1.0333,1.03365,0.40,14.00
2007.10.25 10:36:59.767,1.0333,1.0336,0.40,0.50
2007.10.25 10:37:00.070,1.0333,1.03365,0.40,18.00
2007.10.25 10:37:00.374,1.0333,1.0336,0.40,0.60
2007.10.25 10:37:00.577,1.0333,1.0336,0.40,0.80
2007.10.25 10:37:00.778,1.0333,1.03365,0.40,14.00
2007.10.25 10:37:00.981,1.0333,1.0336,0.40,0.80
2007.10.25 10:37:01.184,1.0333,1.03365,0.40,14.00
2007.10.25 10:37:01.406,1.0333,1.03365,0.40,14.00
2007.10.25 10:37:01.629,1.0333,1.03365,0.40,18.00
2007.10.25 10:37:01.852,1.0333,1.0336,0.40,0.90
2007.10.25 10:37:02.075,1.0333,1.0336,0.40,0.80
2007.10.25 10:37:02.297,1.0333,1.03365,0.40,18.00
2007.10.25 10:37:02.629,1.0333,1.03365,0.40,18.00
2007.10.25 10:37:02.962,1.0333,1.0336,0.40,0.60
2007.10.25 10:37:03.294,1.0333,1.0336,0.40,0.70
2007.10.25 10:37:03.482,1.0333,1.03365,0.40,18.00
2007.10.25 10:37:03.670,1.0333,1.0336,0.40,0.80
2007.10.25 10:37:03.857,1.0333,1.0336,0.40,0.50
2007.10.25 10:37:04.045,1.0333,1.0336,0.40,0.60
2007.10.25 10:37:04.233,1.0333,1.03365,0.40,18.00
2007.10.25 10:37:04.420,1.0333,1.03365,0.40,18.00
2007.10.25 10:37:04.752,1.0333,1.03365,0.40,18.00
2007.10.25 10:37:05.085,1.0333,1.03365,0.40,18.00
2007.10.25 10:37:05.418,1.0333,1.03365,0.40,18.00
2007.10.25 10:37:05.585,1.0333,1.03365,0.40,18.00
2007.10.25 10:37:05.752,1.0333,1.03365,0.40,18.00
2007.10.25 10:37:05.920,1.0333,1.03365,0.40,18.00
2007.10.25 10:37:06.088,1.0333,1.03365,0.40,18.00
2007.10.25 10:37:06.255,1.0333,1.0336,0.40,0.70
2007.10.25 10:37:06.423,1.0333,1.03365,0.40,18.00
2007.10.25 10:37:06.696,1.0333,1.03365,0.40,18.00
2007.10.25 10:37:06.969,1.0333,1.03365,0.40,18.00
2007.10.25 10:37:07.241,1.0333,1.03365,0.40,18.00
2007.10.25 10:37:07.516,1.0333,1.03365,0.40,18.00
2007.10.25 10:37:07.751,1.0333,1.03365,0.40,18.00
2007.10.25 10:37:07.989,1.0333,1.0336,0.40,0.50
2007.10.25 10:37:08.227,1.0333,1.0336,0.40,0.70
2007.10.25 10:37:08.465,1.0333,1.0336,0.40,0.50
2007.10.25 10:37:08.684,1.0333,1.0336,0.40,0.70
2007.10.25 10:37:08.901,1.0333,1.03365,0.40,18.00
2007.10.25 10:37:09.119,1.0333,1.0336,0.40,0.60
2007.10.25 10:37:09.337,1.0333,1.03365,0.40,18.00
2007.10.25 10:37:09.555,1.0333,1.03365,0.40,18.00
2007.10.25 10:37:09.889,1.0333,1.03365,0.40,18.00
2007.10.25 10:37:10.221,1.0333,1.0336,0.40,0.80
2007.10.25 10:37:10.554,1.0333,1.03365,0.40,18.00
2007.10.25 10:37:10.681,1.0333,1.0336,0.40,0.90
2007.10.25 10:37:10.809,1.0333,1.03365,0.40,18.00
2007.10.25 10:37:10.937,1.0333,1.03365,0.40,18.00
2007.10.25 10:37:11.063,1.0333,1.03365,0.40,18.00
2007.10.25 10:37:11.218,1.0333,1.0336,0.40,0.90
2007.10.25 10:37:11.347,1.0333,1.0336,0.40,0.70
2007.10.25 10:37:11.475,1.0333,1.03365,0.40,18.00
2007.10.25 10:37:11.602,1.0333,1.0336,0.40,0.80
2007.10.25 10:37:11.885,1.0333,1.0336,0.40,0.50
2007.10.25 10:37:12.168,1.0333,1.03365,0.40,18.00
2007.10.25 10:37:12.450,1.0333,1.03365,0.40,18.00
2007.10.25 10:37:12.733,1.0333,1.03365,0.40,18.00
2007.10.25 10:37:12.922,1.0333,1.0336,0.40,0.80
2007.10.25 10:37:13.114,1.0333,1.0336,0.40,0.50
2007.10.25 10:37:13.304,1.0333,1.03355,0.40,0.60
2007.10.25 10:37:13.492,1.0333,1.03355,0.20,0.60
2007.10.25 10:37:13.680,1.03325,1.03355,0.20,0.80
2007.10.25 10:37:14.012,1.03325,1.0336,0.20,13.30
2007.10.25 10:37:14.346,1.03325,1.0336,0.20,6.40
2007.10.25 10:37:14.678,1.03325,1.03355,0.20,0.60
2007.10.25 10:37:15.011,1.03325,1.0336,0.20,9.20
2007.10.25 10:37:15.344,1.03325,1.0336,0.20,9.20
2007.10.25 10:37:15.677,1.03325,1.03355,0.20,0.90
2007.10.25 10:37:15.871,1.03325,1.03365,0.20,24.40
2007.10.25 10:37:16.064,1.03325,1.03365,0.20,16.40
2007.10.25 10:37:16.257,1.03325,1.0336,0.20,0.60
2007.10.25 10:37:16.449,1.03325,1.03355,0.20,0.80
2007.10.25 10:37:16.641,1.03325,1.0336,0.20,6.40
2007.10.25 10:37:16.835,1.03325,1.03355,0.20,0.60
2007.10.25 10:37:17.169,1.03325,1.0336,0.20,9.20
2007.10.25 10:37:17.502,1.03325,1.0336,0.20,9.20
2007.10.25 10:37:17.835,1.03325,1.03365,0.20,24.40
2007.10.25 10:37:18.053,1.03325,1.0336,0.20,0.80
2007.10.25 10:37:18.271,1.03325,1.0336,0.20,0.90
2007.10.25 10:37:18.489,1.03325,1.0336,0.20,0.80
2007.10.25 10:37:18.709,1.03325,1.03365,0.20,16.40
2007.10.25 10:37:18.927,1.03325,1.0336,0.20,0.70
2007.10.25 10:37:19.260,1.03325,1.0336,0.20,0.70
2007.10.25 10:37:19.593,1.03325,1.0336,0.20,0.60
2007.10.25 10:37:19.925,1.03325,1.0336,0.20,0.50
2007.10.25 10:37:20.148,1.03325,1.03365,0.20,16.40
2007.10.25 10:37:20.371,1.03325,1.0336,0.20,0.50
2007.10.25 10:37:20.593,1.03325,1.03365,0.20,16.40
2007.10.25 10:37:20.816,1.03325,1.03365,0.20,16.40
2007.10.25 10:37:21.039,1.03325,1.0336,0.20,0.60
2007.10.25 10:37:21.302,1.03325,1.03365,0.20,16.40
2007.10.25 10:37:21.565,1.03325,1.03365,0.20,12.40
2007.10.25 10:37:21.828,1.03325,1.0336,0.20,2.40
2007.10.25 10:37:22.091,1.03325,1.0336,0.20,5.20
2007.10.25 10:37:22.375,1.03325,1.0336,0.20,5.20
2007.10.25 10:37:22.658,1.03325,1.03355,0.20,4.00
2007.10.25 10:37:22.941,1.03325,1.03355,0.20,4.00
2007.10.25 10:37:23.199,1.03325,1.03355,0.20,4.00
2007.10.25 10:37:23.492,1.03325,1.03355,0.20,4.00
2007.10.25 10:37:23.751,1.03325,1.03355,0.20,4.00
2007.10.25 10:37:24.009,1.03325,1.03355,0.20,4.00
2007.10.25 10:37:24.333,1.03325,1.03355,0.20,6.40
2007.10.25 10:37:24.659,1.03325,1.03355,0.20,6.40
2007.10.25 10:37:24.982,1.03325,1.0336,0.90,5.20
2007.10.25 10:37:25.308,1.0333,1.0337,4.00,2.80
2007.10.25 10:37:25.559,1.03325,1.0337,4.80,2.80
2007.10.25 10:37:25.812,1.03325,1.0337,4.80,2.80
2007.10.25 10:37:26.065,1.03335,1.03375,4.80,6.80
2007.10.25 10:37:26.278,1.03335,1.03375,4.00,6.80
2007.10.25 10:37:26.491,1.0333,1.03375,4.00,2.80
2007.10.25 10:37:26.704,1.0333,1.03375,4.00,2.80
2007.10.25 10:37:26.917,1.0333,1.03375,4.00,2.80
2007.10.25 10:37:27.129,1.0333,1.03375,4.00,2.80
2007.10.25 10:37:27.381,1.03335,1.03375,4.00,2.80
2007.10.25 10:37:27.633,1.0333,1.03375,4.00,2.80
2007.10.25 10:37:27.886,1.0334,1.03375,2.40,2.80
2007.10.25 10:37:28.139,1.03345,1.03385,4.00,6.80
2007.10.25 10:37:28.391,1.03345,1.03385,4.00,6.80
2007.10.25 10:37:28.644,1.03345,1.03385,4.00,6.80
2007.10.25 10:37:28.897,1.03345,1.03385,4.00,6.80
2007.10.25 10:37:29.149,1.03345,1.03385,4.00,6.80
2007.10.25 10:37:29.482,1.03345,1.03385,4.00,6.80
2007.10.25 10:37:29.815,1.03345,1.03385,4.00,6.80
2007.10.25 10:37:30.147,1.03345,1.03385,4.00,6.80
2007.10.25 10:37:30.480,1.03345,1.03385,4.00,6.80
2007.10.25 10:37:30.672,1.03345,1.03385,4.00,6.80
2007.10.25 10:37:30.865,1.03345,1.03385,4.00,6.80
2007.10.25 10:37:31.057,1.03345,1.03385,4.00,6.80
2007.10.25 10:37:31.249,1.03345,1.03385,4.00,6.80
2007.10.25 10:37:31.527,1.03345,1.03385,4.00,6.80
2007.10.25 10:37:31.805,1.03345,1.03385,4.00,6.80
2007.10.25 10:37:32.082,1.03345,1.03385,4.00,6.80
2007.10.25 10:37:32.359,1.03345,1.03385,4.00,6.80
2007.10.25 10:37:32.611,1.03345,1.03385,4.00,6.80
2007.10.25 10:37:32.863,1.03345,1.03385,4.00,6.80
2007.10.25 10:37:33.116,1.03345,1.03385,4.00,6.80
2007.10.25 10:37:33.368,1.03345,1.03385,4.00,6.80
2007.10.25 10:37:33.577,1.03345,1.03385,4.00,6.80
2007.10.25 10:37:33.785,1.03345,1.03385,4.00,6.80
2007.10.25 10:37:33.993,1.03345,1.0338,4.00,2.80
2007.10.25 10:37:34.200,1.03345,1.0338,4.00,2.80
2007.10.25 10:37:34.408,1.03345,1.0338,4.00,2.80
2007.10.25 10:37:34.741,1.03335,1.0338,36.70,2.80
2007.10.25 10:37:35.074,1.03335,1.0338,36.70,2.80
2007.10.25 10:37:35.407,1.03335,1.0338,36.70,2.80
2007.10.25 10:37:35.570,1.03335,1.0338,36.70,2.80
2007.10.25 10:37:35.761,1.03335,1.0338,36.70,2.80
2007.10.25 10:37:35.924,1.03335,1.0338,36.70,2.80
2007.10.25 10:37:36.087,1.03335,1.0338,36.70,2.80
2007.10.25 10:37:36.252,1.03335,1.0338,36.70,2.80
2007.10.25 10:37:36.585,1.03335,1.0338,36.70,2.80
2007.10.25 10:37:36.918,1.03335,1.0338,36.70,2.80
2007.10.25 10:37:37.251,1.03335,1.0338,36.70,2.80
2007.10.25 10:37:37.584,1.03335,1.0338,36.70,2.80
2007.10.25 10:37:37.806,1.03335,1.0338,36.70,2.80
2007.10.25 10:37:38.028,1.03335,1.0338,36.70,2.80
2007.10.25 10:37:38.251,1.03335,1.0338,36.70,2.80
2007.10.25 10:37:38.473,1.03335,1.0338,36.70,2.80
2007.10.25 10:37:38.745,1.03335,1.0338,36.70,2.80
2007.10.25 10:37:39.017,1.03335,1.0338,36.70,2.80
2007.10.25 10:37:39.290,1.03335,1.0338,36.70,2.80
2007.10.25 10:37:39.563,1.03335,1.0338,36.70,2.80
2007.10.25 10:37:39.891,1.03335,1.0338,36.70,2.80
2007.10.25 10:37:40.219,1.03335,1.0338,36.70,2.80
2007.10.25 10:37:40.546,1.0334,1.03385,4.00,2.80
2007.10.25 10:37:40.729,1.0334,1.03385,4.00,2.80
2007.10.25 10:37:40.911,1.0334,1.03385,4.00,2.80
2007.10.25 10:37:41.094,1.0334,1.03385,4.00,2.80
2007.10.25 10:37:41.276,1.0334,1.03385,4.00,2.80
2007.10.25 10:37:41.458,1.0334,1.03385,4.00,2.80
2007.10.25 10:37:41.894,1.0334,1.03385,4.00,6.80
2007.10.25 10:37:42.207,1.03355,1.0339,0.20,9.30
2007.10.25 10:37:42.520,1.03355,1.0339,0.20,5.20
2007.10.25 10:37:42.738,1.03355,1.0339,0.20,5.20
2007.10.25 10:37:42.955,1.03355,1.0339,0.20,5.20
2007.10.25 10:37:43.172,1.03355,1.03385,0.20,2.80
2007.10.25 10:37:43.389,1.03355,1.03385,0.20,2.80
2007.10.25 10:37:43.626,1.03355,1.03385,0.20,2.80
2007.10.25 10:37:43.863,1.03355,1.03385,0.20,2.80
2007.10.25 10:37:44.100,1.03355,1.03385,0.20,2.80
2007.10.25 10:37:44.337,1.03355,1.03385,0.20,2.80
2007.10.25 10:37:44.574,1.03355,1.03385,0.20,2.80
2007.10.25 10:37:44.906,1.03355,1.03385,0.20,2.80
2007.10.25 10:37:45.239,1.03355,1.03385,0.20,2.80
2007.10.25 10:37:45.571,1.03355,1.0339,0.20,5.20
2007.10.25 10:37:45.724,1.03355,1.0339,0.20,5.20
2007.10.25 10:37:45.876,1.03355,1.0339,0.20,5.20
2007.10.25 10:37:46.029,1.03355,1.0339,0.20,5.20
2007.10.25 10:37:46.182,1.03355,1.0339,0.20,5.20
2007.10.25 10:37:46.335,1.03355,1.0339,0.20,5.20
2007.10.25 10:37:46.487,1.03355,1.0339,0.20,5.20
2007.10.25 10:37:46.820,1.03355,1.0339,0.20,5.20
2007.10.25 10:37:47.154,1.03355,1.0339,0.20,5.20
2007.10.25 10:37:47.487,1.03355,1.03385,0.20,2.80
2007.10.25 10:37:47.709,1.03355,1.03385,0.20,2.80
2007.10.25 10:37:48.029,1.03355,1.03385,0.20,2.80
2007.10.25 10:37:48.252,1.03355,1.0339,0.20,5.20
2007.10.25 10:37:48.475,1.03355,1.0339,0.20,5.20
2007.10.25 10:37:48.697,1.03355,1.0339,0.20,5.20
2007.10.25 10:37:48.979,1.03355,1.0339,0.20,5.20
2007.10.25 10:37:49.262,1.03355,1.0339,0.20,5.20
2007.10.25 10:37:49.544,1.03355,1.0339,0.20,5.20
2007.10.25 10:37:49.828,1.03355,1.0339,4.10,5.20
2007.10.25 10:37:50.161,1.03355,1.0339,4.10,5.20
2007.10.25 10:37:50.494,1.03355,1.0339,4.10,5.20
2007.10.25 10:37:50.826,1.03355,1.0339,4.10,5.20
2007.10.25 10:37:50.979,1.03355,1.0339,4.10,5.20
2007.10.25 10:37:51.033,1.03355,1.0339,4.10,0.50
2007.10.25 10:37:51.132,1.03355,1.0339,4.10,0.70
2007.10.25 10:37:51.284,1.03355,1.0339,4.10,0.60
2007.10.25 10:37:51.437,1.03355,1.03395,4.10,20.40
2007.10.25 10:37:51.590,1.03355,1.03395,4.10,20.40
2007.10.25 10:37:51.743,1.03355,1.03395,4.10,20.40
2007.10.25 10:37:52.030,1.03355,1.03395,4.10,20.40
2007.10.25 10:37:52.318,1.03355,1.03395,4.10,20.40
2007.10.25 10:37:52.605,1.03355,1.03395,4.10,20.40
2007.10.25 10:37:52.893,1.03355,1.03395,4.10,20.40
2007.10.25 10:37:53.080,1.03355,1.03395,4.10,20.40
2007.10.25 10:37:53.268,1.03355,1.0339,4.10,0.50
2007.10.25 10:37:53.456,1.03355,1.03395,4.10,20.40
2007.10.25 10:37:53.643,1.03355,1.03395,4.10,20.40
2007.10.25 10:37:53.831,1.03355,1.03395,4.10,20.40
2007.10.25 10:37:54.173,1.03355,1.0339,4.10,0.80
2007.10.25 10:37:54.462,1.03355,1.0339,4.10,0.70
2007.10.25 10:37:54.749,1.03355,1.0339,4.10,0.70
2007.10.25 10:37:55.048,1.03355,1.0339,4.10,0.60
2007.10.25 10:37:55.346,1.03355,1.0339,4.10,0.60
2007.10.25 10:37:55.643,1.03355,1.0339,4.10,0.70
2007.10.25 10:37:55.942,1.03355,1.0339,4.30,0.70
2007.10.25 10:37:56.105,1.03355,1.0339,4.30,0.60
2007.10.25 10:37:56.271,1.03355,1.0339,4.30,0.60
2007.10.25 10:37:56.435,1.03355,1.03395,4.30,19.60
2007.10.25 10:37:56.602,1.03355,1.03395,4.30,19.60
2007.10.25 10:37:56.763,1.03355,1.03395,4.30,19.60
2007.10.25 10:37:56.926,1.03355,1.0339,4.30,0.50
2007.10.25 10:37:57.088,1.03355,1.03395,4.30,19.60
2007.10.25 10:37:57.421,1.0336,1.0339,0.40,0.90
2007.10.25 10:37:57.754,1.0336,1.03395,0.40,19.60
2007.10.25 10:37:58.086,1.0336,1.03395,0.40,19.60
2007.10.25 10:37:58.259,1.0336,1.0339,0.40,0.60
2007.10.25 10:37:58.433,1.0336,1.03395,0.40,18.00
2007.10.25 10:37:58.605,1.0336,1.03395,0.40,18.00
2007.10.25 10:37:58.778,1.0336,1.0339,0.40,0.90
2007.10.25 10:37:58.950,1.0336,1.0339,0.40,0.90
2007.10.25 10:37:59.283,1.0336,1.03395,0.40,23.60
2007.10.25 10:37:59.617,1.0336,1.03395,0.40,23.60
2007.10.25 10:37:59.950,1.0336,1.03395,0.40,19.60
2007.10.25 10:38:00.083,1.0336,1.0339,0.40,0.80
2007.10.25 10:38:00.308,1.0336,1.0339,0.40,0.70
2007.10.25 10:38:00.441,1.0336,1.03395,0.40,19.60
2007.10.25 10:38:00.574,1.0336,1.0339,0.40,0.60
2007.10.25 10:38:00.708,1.0336,1.03395,0.40,19.60
2007.10.25 10:38:00.842,1.0336,1.0339,0.40,0.90
2007.10.25 10:38:00.978,1.0336,1.0339,0.40,0.60
2007.10.25 10:38:01.267,1.0336,1.03395,0.40,19.60
2007.10.25 10:38:01.554,1.0336,1.03395,0.40,19.60
2007.10.25 10:38:01.841,1.0336,1.03395,0.40,19.60
2007.10.25 10:38:02.130,1.0336,1.03395,0.40,19.60
2007.10.25 10:38:02.293,1.0336,1.03395,0.40,19.60
2007.10.25 10:38:02.457,1.0336,1.0339,0.40,0.90
2007.10.25 10:38:02.621,1.0336,1.0339,0.40,0.90
2007.10.25 10:38:02.783,1.0336,1.0339,0.40,0.70
2007.10.25 10:38:02.945,1.0336,1.0339,0.40,0.70
2007.10.25 10:38:03.108,1.0336,1.03395,0.40,15.60
2007.10.25 10:38:03.441,1.0336,1.03395,0.40,19.60
2007.10.25 10:38:03.774,1.0336,1.0339,0.40,0.90
2007.10.25 10:38:04.107,1.03365,1.03395,4.00,5.20
2007.10.25 10:38:04.430,1.03365,1.03395,4.00,5.20
2007.10.25 10:38:04.753,1.03365,1.0339,4.00,0.80
2007.10.25 10:38:05.077,1.0336,1.0339,0.40,0.80
2007.10.25 10:38:05.264,1.0336,1.03395,0.40,12.40
2007.10.25 10:38:05.453,1.0336,1.0339,0.40,0.70
2007.10.25 10:38:05.640,1.0336,1.03395,0.40,12.40
2007.10.25 10:38:05.828,1.0336,1.03395,0.40,12.40
2007.10.25 10:38:06.016,1.0336,1.03395,0.40,12.40
2007.10.25 10:38:06.204,1.0336,1.03395,0.40,16.40
2007.10.25 10:38:06.531,1.0336,1.03395,0.40,16.40
2007.10.25 10:38:06.858,1.0336,1.0339,0.40,0.90
2007.10.25 10:38:07.186,1.0336,1.0339,0.40,0.50
2007.10.25 10:38:07.389,1.0336,1.03395,0.40,16.40
2007.10.25 10:38:07.591,1.0336,1.0339,0.40,0.50
2007.10.25 10:38:07.794,1.0336,1.03395,0.40,16.40
2007.10.25 10:38:07.996,1.0336,1.03395,0.40,20.40
2007.10.25 10:38:08.199,1.0336,1.03395,0.40,20.40
2007.10.25 10:38:08.496,1.0336,1.03395,0.40,20.40
2007.10.25 10:38:08.795,1.0336,1.03395,0.40,20.40
2007.10.25 10:38:09.093,1.0336,1.03395,0.40,20.40
2007.10.25 10:38:09.392,1.0336,1.03395,0.40,20.40
2007.10.25 10:38:09.724,1.0336,1.0339,0.40,0.60
2007.10.25 10:38:10.057,1.0336,1.0339,0.40,0.80
2007.10.25 10:38:10.390,1.0336,1.03395,0.40,20.40
2007.10.25 10:38:10.582,1.0336,1.03395,0.40,20.40
2007.10.25 10:38:10.776,1.0336,1.0339,0.40,0.70
2007.10.25 10:38:10.968,1.0336,1.03395,0.40,20.40
2007.10.25 10:38:11.161,1.0336,1.03395,0.40,20.40
2007.10.25 10:38:11.354,1.0336,1.0339,0.40,0.60
2007.10.25 10:38:11.676,1.0336,1.0339,0.40,0.50
2007.10.25 10:38:11.999,1.0336,1.0339,0.40,0.90
2007.10.25 10:38:12.322,1.0336,1.0339,0.40,0.80
2007.10.25 10:38:12.587,1.0336,1.03395,0.40,20.40
2007.10.25 10:38:12.814,1.0336,1.03395,0.40,20.40
2007.10.25 10:38:13.043,1.0336,1.03385,0.20,10.40
2007.10.25 10:38:13.271,1.0336,1.03385,0.20,6.40
2007.10.25 10:38:13.502,1.03355,1.03385,0.20,15.60
2007.10.25 10:38:13.823,1.03355,1.0338,0.20,0.70
2007.10.25 10:38:14.146,1.03345,1.03385,0.20,6.80
2007.10.25 10:38:14.469,1.03345,1.0339,4.00,5.20
2007.10.25 10:38:14.802,1.03345,1.0339,4.00,5.20
2007.10.25 10:38:15.135,1.03345,1.0339,4.00,5.20
2007.10.25 10:38:15.469,1.03345,1.0338,4.00,0.80
2007.10.25 10:38:15.701,1.0334,1.03385,10.60,19.60
2007.10.25 10:38:15.934,1.03345,1.0338,0.20,0.70
2007.10.25 10:38:16.167,1.03345,1.03385,0.20,19.60
2007.10.25 10:38:16.400,1.03345,1.03385,0.20,19.60
2007.10.25 10:38:16.678,1.03345,1.03385,0.20,19.60
2007.10.25 10:38:16.955,1.03345,1.03385,0.20,19.60
2007.10.25 10:38:17.232,1.03345,1.0338,0.20,0.50
2007.10.25 10:38:17.510,1.03345,1.0338,0.20,0.60
2007.10.25 10:38:17.697,1.03345,1.03385,0.20,19.60
2007.10.25 10:38:17.885,1.03345,1.0338,0.20,0.90
2007.10.25 10:38:18.073,1.03345,1.03385,0.20,19.60
2007.10.25 10:38:18.260,1.03345,1.0338,0.20,0.80
2007.10.25 10:38:18.448,1.03345,1.03385,0.20,19.60
2007.10.25 10:38:18.747,1.03345,1.0338,0.20,9.30
2007.10.25 10:38:19.044,1.03345,1.0338,0.20,9.30
2007.10.25 10:38:19.341,1.03345,1.03375,0.20,2.80
2007.10.25 10:38:19.638,1.03345,1.03375,0.20,2.80
2007.10.25 10:38:19.971,1.03345,1.03375,0.20,2.80
2007.10.25 10:38:20.304,1.03345,1.03375,0.20,2.80
2007.10.25 10:38:20.637,1.03345,1.03375,0.20,2.80
2007.10.25 10:38:20.840,1.03345,1.03375,0.20,2.80
2007.10.25 10:38:21.043,1.03345,1.03375,0.20,2.80
2007.10.25 10:38:21.245,1.03345,1.03375,0.20,2.80
2007.10.25 10:38:21.447,1.03345,1.03375,0.20,2.80
2007.10.25 10:38:21.651,1.03345,1.03375,0.20,2.80
2007.10.25 10:38:21.958,1.03345,1.03375,0.20,2.80
2007.10.25 10:38:22.266,1.03345,1.03375,0.20,2.80
2007.10.25 10:38:22.574,1.03345,1.03375,0.20,2.80
2007.10.25 10:38:22.880,1.03345,1.03375,0.20,2.80
2007.10.25 10:38:23.048,1.03345,1.03375,0.20,2.80
2007.10.25 10:38:23.215,1.03345,1.03375,0.20,2.80
2007.10.25 10:38:23.383,1.03345,1.03375,0.20,2.80
2007.10.25 10:38:23.551,1.03345,1.03375,0.20,2.80
2007.10.25 10:38:23.718,1.03345,1.03375,0.20,2.80
2007.10.25 10:38:23.966,1.03345,1.03375,0.20,2.80
2007.10.25 10:38:24.212,1.03345,1.03375,0.20,2.80
2007.10.25 10:38:24.460,1.03345,1.03375,0.20,2.80
2007.10.25 10:38:24.707,1.03345,1.03375,0.20,2.80
2007.10.25 10:38:25.039,1.03345,1.03375,0.20,2.80
2007.10.25 10:38:25.372,1.03345,1.03375,0.20,2.80
2007.10.25 10:38:25.705,1.03345,1.03375,0.20,2.80
2007.10.25 10:38:25.933,1.03345,1.03375,0.20,2.80
2007.10.25 10:38:26.161,1.03345,1.0337,0.20,2.40
2007.10.25 10:38:26.389,1.03345,1.0337,0.20,2.40
2007.10.25 10:38:26.616,1.03345,1.0337,0.20,2.40
2007.10.25 10:38:26.874,1.03345,1.03375,0.20,2.80
2007.10.25 10:38:27.132,1.03345,1.03375,0.20,2.80
2007.10.25 10:38:27.389,1.03345,1.03375,0.20,2.80
2007.10.25 10:38:27.647,1.03345,1.03375,0.20,2.80
2007.10.25 10:38:27.920,1.03345,1.0338,0.20,9.30
2007.10.25 10:38:28.193,1.03345,1.0338,0.20,9.30
2007.10.25 10:38:28.465,1.03345,1.0338,0.20,9.30
2007.10.25 10:38:28.738,1.03345,1.03375,0.20,2.80
2007.10.25 10:38:28.965,1.03345,1.03375,0.20,2.80
2007.10.25 10:38:29.193,1.03345,1.03375,0.20,2.80
2007.10.25 10:38:29.420,1.03345,1.03375,0.20,2.80
2007.10.25 10:38:29.648,1.03345,1.03375,0.20,2.80
2007.10.25 10:38:29.981,1.03345,1.03375,0.20,2.80
2007.10.25 10:38:30.314,1.03345,1.03375,0.20,2.80
2007.10.25 10:38:30.646,1.03345,1.03375,0.20,2.80
2007.10.25 10:38:30.834,1.03345,1.03375,0.20,2.80
2007.10.25 10:38:31.022,1.03345,1.0338,0.20,9.30
2007.10.25 10:38:31.209,1.03345,1.0338,0.20,9.30
2007.10.25 10:38:31.396,1.03345,1.0338,0.20,9.30
2007.10.25 10:38:31.583,1.03345,1.0338,0.20,9.30
2007.10.25 10:38:31.771,1.03345,1.0338,0.20,9.30
2007.10.25 10:38:32.099,1.03345,1.03375,0.20,2.80
2007.10.25 10:38:32.427,1.03345,1.03375,0.20,2.80
2007.10.25 10:38:32.492,1.0334,1.03375,2.70,2.80
2007.10.25 10:38:32.754,1.03345,1.0338,0.20,5.20
2007.10.25 10:38:32.972,1.03345,1.0338,0.20,5.20
2007.10.25 10:38:33.189,1.03345,1.0338,0.20,5.20
2007.10.25 10:38:33.406,1.03345,1.0338,0.20,5.20
2007.10.25 10:38:33.624,1.03345,1.0338,0.20,5.20
2007.10.25 10:38:33.842,1.03345,1.0338,0.20,5.20
2007.10.25 10:38:34.175,1.03345,1.0338,0.20,5.20
2007.10.25 10:38:34.508,1.03345,1.0338,0.20,5.20
2007.10.25 10:38:34.840,1.03345,1.0338,0.20,5.20
2007.10.25 10:38:35.028,1.03345,1.0338,0.20,5.20
2007.10.25 10:38:35.216,1.03345,1.0338,0.20,5.20
2007.10.25 10:38:35.403,1.03345,1.0338,0.20,5.20
2007.10.25 10:38:35.590,1.03345,1.0338,0.20,5.20
2007.10.25 10:38:35.779,1.03345,1.0338,0.20,5.20
2007.10.25 10:38:36.022,1.03345,1.0338,0.20,5.20
2007.10.25 10:38:36.264,1.03345,1.0338,0.20,5.20
2007.10.25 10:38:36.507,1.03345,1.0338,0.20,5.20
2007.10.25 10:38:36.749,1.03345,1.0338,0.20,5.20
2007.10.25 10:38:36.992,1.03345,1.0338,0.20,5.20
2007.10.25 10:38:37.240,1.03345,1.0338,0.20,5.20
2007.10.25 10:38:37.488,1.03345,1.0338,0.20,9.30
2007.10.25 10:38:37.735,1.03345,1.03375,0.20,2.80
2007.10.25 10:38:37.983,1.03345,1.03375,0.20,2.80
2007.10.25 10:38:38.295,1.03345,1.03375,0.20,2.80
2007.10.25 10:38:38.608,1.03345,1.03375,0.20,2.80
2007.10.25 10:38:38.921,1.03345,1.03375,0.20,2.80
2007.10.25 10:38:39.233,1.03345,1.03375,0.20,2.80
2007.10.25 10:38:39.546,1.03345,1.03375,0.20,2.80
2007.10.25 10:38:39.858,1.03345,1.03375,0.20,2.80
2007.10.25 10:38:40.171,1.03345,1.03375,0.20,2.80
2007.10.25 10:38:40.329,1.03345,1.03375,0.20,2.80
2007.10.25 10:38:40.486,1.03345,1.03375,0.20,2.80
2007.10.25 10:38:40.645,1.03345,1.03375,0.20,2.80
2007.10.25 10:38:40.803,1.03345,1.03375,0.20,2.80
2007.10.25 10:38:40.961,1.03345,1.03375,0.20,2.80
2007.10.25 10:38:41.118,1.03345,1.03375,0.20,2.80
2007.10.25 10:38:41.451,1.03345,1.03375,0.20,2.80
2007.10.25 10:38:41.784,1.03345,1.03375,0.20,2.80
2007.10.25 10:38:42.117,1.03345,1.03375,0.20,2.80
2007.10.25 10:38:42.345,1.03345,1.03375,0.20,2.80
2007.10.25 10:38:42.572,1.0334,1.03385,10.40,3.60
2007.10.25 10:38:42.801,1.03345,1.03385,4.00,7.60
2007.10.25 10:38:43.029,1.03345,1.03385,4.00,7.60
2007.10.25 10:38:43.266,1.03345,1.03385,4.00,7.60
2007.10.25 10:38:43.573,1.03345,1.03385,4.00,7.60
2007.10.25 10:38:43.881,1.03345,1.03385,4.00,7.60
2007.10.25 10:38:44.189,1.03345,1.03385,4.00,7.60
2007.10.25 10:38:44.490,1.03345,1.03385,4.00,7.60
2007.10.25 10:38:44.793,1.03345,1.03385,4.00,7.60
2007.10.25 10:38:45.096,1.03345,1.03385,4.00,7.60
2007.10.25 10:38:45.399,1.03345,1.03385,4.00,3.60
2007.10.25 10:38:45.636,1.03345,1.03385,4.00,3.60
2007.10.25 10:38:45.875,1.0334,1.03385,4.00,3.60
2007.10.25 10:38:46.112,1.0334,1.0338,4.00,2.80
2007.10.25 10:38:46.350,1.0334,1.0338,4.00,2.80
2007.10.25 10:38:46.647,1.0334,1.03385,4.00,3.60
2007.10.25 10:38:46.944,1.0334,1.03385,4.00,3.60
2007.10.25 10:38:47.242,1.0334,1.0338,4.00,2.80
2007.10.25 10:38:47.540,1.03335,1.03375,8.80,2.80
2007.10.25 10:38:47.758,1.0334,1.03375,0.20,2.80
2007.10.25 10:38:47.976,1.03345,1.03375,0.20,2.80
2007.10.25 10:38:48.193,1.03345,1.03375,0.20,2.80
2007.10.25 10:38:48.411,1.03345,1.03375,0.20,2.80
2007.10.25 10:38:48.734,1.0334,1.0338,4.00,2.80
2007.10.25 10:38:49.057,1.0334,1.0338,4.00,2.80
2007.10.25 10:38:49.407,1.0334,1.0338,4.00,2.80
2007.10.25 10:38:49.694,1.0334,1.0338,4.00,2.80
2007.10.25 10:38:49.982,1.0334,1.0338,4.00,2.80
2007.10.25 10:38:50.269,1.0334,1.0338,4.00,2.80
2007.10.25 10:38:50.556,1.0334,1.0338,4.00,2.80
2007.10.25 10:38:50.804,1.0334,1.0338,4.00,2.80
2007.10.25 10:38:51.053,1.0334,1.0338,4.00,2.80
2007.10.25 10:38:51.300,1.0334,1.0338,4.00,2.80
2007.10.25 10:38:51.548,1.0334,1.0338,4.00,2.80
2007.10.25 10:38:51.765,1.0334,1.0338,4.00,2.80
2007.10.25 10:38:51.983,1.0334,1.0338,4.00,2.80
2007.10.25 10:38:52.201,1.0335,1.0338,2.40,2.80
2007.10.25 10:38:52.421,1.03355,1.0338,0.20,2.80
2007.10.25 10:38:52.637,1.03355,1.0338,0.20,2.80
2007.10.25 10:38:52.931,1.03355,1.0339,0.20,5.20
2007.10.25 10:38:53.224,1.03355,1.0338,0.20,2.40
2007.10.25 10:38:53.517,1.03355,1.03385,0.20,10.80
2007.10.25 10:38:53.735,1.03355,1.03385,0.20,8.00
2007.10.25 10:38:53.953,1.03355,1.03385,0.20,8.00
2007.10.25 10:38:54.170,1.03355,1.03385,0.20,8.00
2007.10.25 10:38:54.388,1.03355,1.03385,0.20,8.00
2007.10.25 10:38:54.606,1.03355,1.03385,0.20,8.00
2007.10.25 10:38:54.940,1.03355,1.03385,0.20,4.00
2007.10.25 10:38:55.273,1.03355,1.03385,0.20,4.00
2007.10.25 10:38:55.606,1.03355,1.03385,0.20,4.00
2007.10.25 10:38:55.793,1.03355,1.03385,0.20,4.00
2007.10.25 10:38:55.980,1.03355,1.03385,0.20,4.00
2007.10.25 10:38:56.168,1.03355,1.03385,0.20,4.00
2007.10.25 10:38:56.355,1.03355,1.03385,0.20,4.00
2007.10.25 10:38:56.543,1.03355,1.03385,0.20,4.00
2007.10.25 10:38:56.835,1.03355,1.03385,0.20,4.00
2007.10.25 10:38:57.128,1.03355,1.03385,0.20,4.00
2007.10.25 10:38:57.421,1.03355,1.03385,0.20,4.00
2007.10.25 10:38:57.715,1.0336,1.0339,2.40,2.40
2007.10.25 10:38:57.928,1.0336,1.03395,2.50,10.80
2007.10.25 10:38:58.142,1.0336,1.03395,2.70,8.00
2007.10.25 10:38:58.354,1.0336,1.03395,2.70,4.00
2007.10.25 10:38:58.567,1.0336,1.03395,2.70,4.00
2007.10.25 10:38:58.839,1.0336,1.03395,2.70,4.00
2007.10.25 10:38:59.111,1.0336,1.03395,2.70,4.00
2007.10.25 10:38:59.384,1.0336,1.03395,2.70,4.00
2007.10.25 10:38:59.657,1.0336,1.03395,2.70,4.00
2007.10.25 10:38:59.989,1.0337,1.034,2.50,2.80
2007.10.25 10:39:00.323,1.0337,1.03405,2.70,8.00
2007.10.25 10:39:00.655,1.0337,1.03405,6.70,8.00
2007.10.25 10:39:00.848,1.0337,1.03405,6.70,4.00
2007.10.25 10:39:01.040,1.0337,1.03405,6.70,4.00
2007.10.25 10:39:01.233,1.0337,1.03405,6.70,4.00
2007.10.25 10:39:01.426,1.0337,1.03405,6.70,4.00
2007.10.25 10:39:01.679,1.0337,1.03405,6.70,4.00
2007.10.25 10:39:01.923,1.0337,1.03405,6.70,4.00
2007.10.25 10:39:02.166,1.0337,1.03405,6.70,4.00
2007.10.25 10:39:02.409,1.0337,1.03405,6.70,4.00
2007.10.25 10:39:02.652,1.0337,1.03405,6.70,4.00
2007.10.25 10:39:02.895,1.0337,1.03405,6.70,4.00
2007.10.25 10:39:03.153,1.0337,1.03405,6.70,4.00
2007.10.25 10:39:03.410,1.0337,1.03405,6.70,4.00
2007.10.25 10:39:03.668,1.0337,1.03405,6.70,4.00
2007.10.25 10:39:03.929,1.0337,1.03405,6.70,4.00
2007.10.25 10:39:04.132,1.0337,1.03405,6.70,4.00
2007.10.25 10:39:04.334,1.0337,1.03405,6.70,4.00
2007.10.25 10:39:04.536,1.0337,1.03405,6.70,4.00
2007.10.25 10:39:04.740,1.0337,1.03405,6.70,4.00
2007.10.25 10:39:05.073,1.0337,1.03405,6.70,4.00
2007.10.25 10:39:05.405,1.0337,1.03405,6.70,4.00
2007.10.25 10:39:05.737,1.0337,1.03405,6.70,4.00
2007.10.25 10:39:05.881,1.0337,1.03405,6.70,4.00
2007.10.25 10:39:06.023,1.0337,1.03405,6.70,4.00
2007.10.25 10:39:06.166,1.0337,1.03405,6.70,4.00
2007.10.25 10:39:06.309,1.0337,1.03405,6.70,4.00
2007.10.25 10:39:06.453,1.0337,1.03405,6.70,4.00
2007.10.25 10:39:06.594,1.0337,1.03405,6.70,4.00
2007.10.25 10:39:06.738,1.0338,1.0341,0.40,2.40
2007.10.25 10:39:07.066,1.0338,1.0341,0.40,2.40
2007.10.25 10:39:07.393,1.0338,1.0341,0.40,5.20
2007.10.25 10:39:07.812,1.0338,1.0341,0.40,5.20
2007.10.25 10:39:07.980,1.0338,1.0341,0.40,5.20
2007.10.25 10:39:08.148,1.0338,1.0341,0.40,5.20
2007.10.25 10:39:08.317,1.0338,1.0341,0.40,5.20
2007.10.25 10:39:08.486,1.0338,1.0341,0.40,5.20
2007.10.25 10:39:08.653,1.0338,1.0341,0.40,5.20
2007.10.25 10:39:08.823,1.0338,1.0341,0.40,5.20
2007.10.25 10:39:09.155,1.0338,1.0341,0.40,5.20
2007.10.25 10:39:09.488,1.0338,1.0341,0.40,5.20
2007.10.25 10:39:09.820,1.0338,1.0341,0.40,5.20
2007.10.25 10:39:10.028,1.0338,1.0341,0.40,5.20
2007.10.25 10:39:10.236,1.0338,1.0341,0.40,5.20
2007.10.25 10:39:10.444,1.0338,1.0341,0.40,5.20
2007.10.25 10:39:10.653,1.0338,1.0341,0.40,5.20
2007.10.25 10:39:10.862,1.0338,1.03405,0.40,4.00
2007.10.25 10:39:11.105,1.0338,1.03405,0.40,4.00
2007.10.25 10:39:11.348,1.03385,1.03405,4.00,2.80
2007.10.25 10:39:11.590,1.03385,1.03405,4.00,2.80
2007.10.25 10:39:11.833,1.03385,1.03405,4.00,2.80
2007.10.25 10:39:12.076,1.03385,1.03405,4.00,2.80
2007.10.25 10:39:12.335,1.0338,1.0341,0.20,5.20
2007.10.25 10:39:12.594,1.03365,1.0341,12.80,5.20
2007.10.25 10:39:12.851,1.0337,1.0341,4.00,5.20
2007.10.25 10:39:13.109,1.0337,1.0341,4.00,5.20
2007.10.25 10:39:13.392,1.03365,1.0341,11.20,5.20
2007.10.25 10:39:13.676,1.03375,1.0341,4.00,5.20
2007.10.25 10:39:13.959,1.0338,1.0341,0.40,5.20
2007.10.25 10:39:14.272,1.0338,1.0341,0.40,5.20
2007.10.25 10:39:14.584,1.0338,1.0341,0.40,5.20
2007.10.25 10:39:14.898,1.0338,1.0341,0.40,5.20
2007.10.25 10:39:15.210,1.0338,1.03405,0.40,2.80
2007.10.25 10:39:15.403,1.0338,1.0341,0.40,5.20
2007.10.25 10:39:15.596,1.0338,1.0341,0.40,5.20
2007.10.25 10:39:15.789,1.0338,1.0341,0.40,5.20
2007.10.25 10:39:15.982,1.0338,1.0341,0.40,5.20
2007.10.25 10:39:16.174,1.0338,1.0341,0.40,5.20
2007.10.25 10:39:16.507,1.0338,1.0341,0.40,5.20
2007.10.25 10:39:16.840,1.0338,1.0341,0.40,5.20
2007.10.25 10:39:17.172,1.0338,1.0341,0.40,5.20
2007.10.25 10:39:17.505,1.0338,1.0341,0.40,5.20
2007.10.25 10:39:17.713,1.0338,1.0341,0.40,5.20
2007.10.25 10:39:17.921,1.0338,1.0341,0.40,5.20
2007.10.25 10:39:18.129,1.0338,1.0341,0.40,5.20
2007.10.25 10:39:18.337,1.0338,1.0341,0.40,5.20
2007.10.25 10:39:18.633,1.0338,1.0341,0.40,5.20
2007.10.25 10:39:18.931,1.0338,1.0341,0.40,5.20
2007.10.25 10:39:19.230,1.0338,1.0341,0.40,5.20
2007.10.25 10:39:19.527,1.0338,1.0341,0.40,5.20
2007.10.25 10:39:19.859,1.0338,1.0341,0.40,5.20
2007.10.25 10:39:20.192,1.0338,1.0341,0.40,5.20
2007.10.25 10:39:20.525,1.0338,1.0341,0.40,5.20
2007.10.25 10:39:20.723,1.0338,1.0341,0.40,5.20
2007.10.25 10:39:20.921,1.0338,1.0341,0.40,5.20
2007.10.25 10:39:21.119,1.0338,1.0341,0.40,5.20
2007.10.25 10:39:21.317,1.0338,1.0341,0.40,5.20
2007.10.25 10:39:21.604,1.0338,1.0341,0.40,5.20
2007.10.25 10:39:21.892,1.0338,1.0341,0.40,5.20
2007.10.25 10:39:22.180,1.0338,1.0341,0.40,5.20
2007.10.25 10:39:22.469,1.0338,1.0341,0.40,5.20
2007.10.25 10:39:22.726,1.0338,1.0341,0.40,5.20
2007.10.25 10:39:22.984,1.0338,1.0341,0.40,5.20
2007.10.25 10:39:23.242,1.0338,1.0341,0.40,5.20
2007.10.25 10:39:23.500,1.0338,1.0341,0.40,5.20
2007.10.25 10:39:23.738,1.0338,1.0341,0.40,5.20
2007.10.25 10:39:23.975,1.0338,1.0341,0.40,5.20
2007.10.25 10:39:24.213,1.0338,1.034,0.40,2.40
2007.10.25 10:39:24.451,1.0338,1.034,0.40,2.40
2007.10.25 10:39:24.784,1.0338,1.034,0.40,2.40
2007.10.25 10:39:25.117,1.0338,1.034,0.40,2.40
2007.10.25 10:39:25.449,1.0338,1.034,0.40,2.40
2007.10.25 10:39:25.672,1.0338,1.034,0.40,2.40
2007.10.25 10:39:25.894,1.0338,1.034,0.40,2.40
2007.10.25 10:39:26.221,1.0338,1.034,0.40,2.40
2007.10.25 10:39:26.443,1.03385,1.0341,4.00,2.40
2007.10.25 10:39:26.691,1.03385,1.0341,4.00,2.40
2007.10.25 10:39:26.939,1.03385,1.0341,4.00,2.40
2007.10.25 10:39:27.185,1.03385,1.03415,4.00,2.80
2007.10.25 10:39:27.432,1.03385,1.03415,4.00,2.80
2007.10.25 10:39:27.679,1.03385,1.03415,4.00,2.80
2007.10.25 10:39:27.942,1.03385,1.03415,4.00,2.80
2007.10.25 10:39:28.205,1.03385,1.03415,4.00,2.80
2007.10.25 10:39:28.468,1.03385,1.03415,4.00,2.80
2007.10.25 10:39:28.731,1.03385,1.03415,4.00,2.80
2007.10.25 10:39:28.978,1.03385,1.03415,4.00,2.80
2007.10.25 10:39:29.226,1.03385,1.03415,4.10,2.80
2007.10.25 10:39:29.473,1.03385,1.03415,4.10,2.80
2007.10.25 10:39:29.721,1.03385,1.0341,4.10,2.40
2007.10.25 10:39:30.054,1.03385,1.0341,0.20,2.40
2007.10.25 10:39:30.387,1.03385,1.0341,0.20,2.40
2007.10.25 10:39:30.719,1.03385,1.0341,0.20,2.40
2007.10.25 10:39:30.916,1.03385,1.0341,0.20,2.40
2007.10.25 10:39:31.113,1.03385,1.0341,0.20,2.40
2007.10.25 10:39:31.311,1.03385,1.0341,0.20,2.40
2007.10.25 10:39:31.509,1.03385,1.0341,0.20,2.40
2007.10.25 10:39:31.752,1.03385,1.0341,0.20,2.40
2007.10.25 10:39:31.995,1.03385,1.0341,0.20,2.40
2007.10.25 10:39:32.352,1.03375,1.0341,4.10,2.40
2007.10.25 10:39:32.593,1.03375,1.0341,4.10,5.20
2007.10.25 10:39:32.739,1.03375,1.03415,4.10,27.60
2007.10.25 10:39:32.836,1.03375,1.0341,4.10,5.20
2007.10.25 10:39:33.118,1.03375,1.0341,4.10,5.20
2007.10.25 10:39:33.400,1.03375,1.0341,4.10,5.20
2007.10.25 10:39:33.683,1.03375,1.0341,4.10,5.20
2007.10.25 10:39:33.966,1.03375,1.0341,4.10,5.20
2007.10.25 10:39:34.214,1.03375,1.0341,4.10,5.20
2007.10.25 10:39:34.461,1.03375,1.0341,4.10,5.20
2007.10.25 10:39:34.708,1.03375,1.0341,4.10,5.20
2007.10.25 10:39:34.955,1.03375,1.0341,4.10,5.20
2007.10.25 10:39:35.287,1.03375,1.0341,4.10,5.20
2007.10.25 10:39:35.621,1.03375,1.0341,4.10,5.20
2007.10.25 10:39:35.954,1.03375,1.0341,4.10,5.20
2007.10.25 10:39:36.127,1.03375,1.0341,4.10,5.20
2007.10.25 10:39:36.300,1.03375,1.0341,4.10,5.20
2007.10.25 10:39:36.472,1.03375,1.0341,4.10,5.20
2007.10.25 10:39:36.645,1.03375,1.0341,4.10,5.20
2007.10.25 10:39:36.819,1.03385,1.0341,4.10,2.40
2007.10.25 10:39:37.131,1.03385,1.0341,0.20,2.40
2007.10.25 10:39:37.445,1.0338,1.0341,0.40,2.40
2007.10.25 10:39:37.757,1.0338,1.0341,0.20,2.40
2007.10.25 10:39:37.995,1.0338,1.0341,0.20,5.20
2007.10.25 10:39:38.233,1.03375,1.03405,4.00,2.80
2007.10.25 10:39:38.494,1.03375,1.0341,4.10,2.40
2007.10.25 10:39:38.732,1.03375,1.0341,4.10,2.40
2007.10.25 10:39:38.969,1.03375,1.0341,4.10,5.20
2007.10.25 10:39:39.302,1.03375,1.0341,4.10,5.20
2007.10.25 10:39:39.635,1.03375,1.0341,4.10,5.20
2007.10.25 10:39:39.968,1.03375,1.0341,4.10,5.20
2007.10.25 10:39:40.170,1.03375,1.0341,4.10,5.20
2007.10.25 10:39:40.373,1.03375,1.0341,4.10,5.20
2007.10.25 10:39:40.575,1.03375,1.0341,4.10,5.20
2007.10.25 10:39:40.778,1.03375,1.0341,4.10,5.20
2007.10.25 10:39:41.100,1.03375,1.0341,4.10,5.20
2007.10.25 10:39:41.422,1.03375,1.0341,4.10,5.20
2007.10.25 10:39:41.745,1.03375,1.0341,4.10,5.20
2007.10.25 10:39:42.067,1.03375,1.0341,4.10,5.20
2007.10.25 10:39:42.285,1.03375,1.0341,4.10,5.20
2007.10.25 10:39:42.503,1.03375,1.0341,4.10,5.20
2007.10.25 10:39:42.721,1.03385,1.0341,4.00,5.20
2007.10.25 10:39:42.939,1.03385,1.0341,4.10,2.40
2007.10.25 10:39:43.212,1.03385,1.0341,4.10,2.40
2007.10.25 10:39:43.483,1.03385,1.0341,4.10,2.40
2007.10.25 10:39:43.755,1.03385,1.0341,4.10,2.40
2007.10.25 10:39:44.028,1.03385,1.0341,4.10,2.40
2007.10.25 10:39:44.360,1.03385,1.0341,4.10,2.40
2007.10.25 10:39:44.693,1.03385,1.0341,4.10,2.40
2007.10.25 10:39:45.026,1.03385,1.0341,4.10,2.40
2007.10.25 10:39:45.178,1.03385,1.0341,4.10,2.40
2007.10.25 10:39:45.331,1.03385,1.0341,4.10,2.40
2007.10.25 10:39:45.484,1.03385,1.0341,4.10,2.40
2007.10.25 10:39:45.636,1.03385,1.0341,4.10,2.40
2007.10.25 10:39:45.788,1.03385,1.0341,4.10,2.40
2007.10.25 10:39:45.941,1.03385,1.0341,4.10,2.40
2007.10.25 10:39:46.093,1.03385,1.0341,4.10,2.40
2007.10.25 10:39:46.427,1.03385,1.0341,4.10,2.40
2007.10.25 10:39:46.761,1.03385,1.0341,4.10,2.40
2007.10.25 10:39:47.094,1.03385,1.0341,4.10,2.40
2007.10.25 10:39:47.317,1.03385,1.0341,4.10,2.40
2007.10.25 10:39:47.540,1.03385,1.0341,4.10,2.40
2007.10.25 10:39:47.767,1.03385,1.0341,4.10,2.40
2007.10.25 10:39:47.986,1.03385,1.0341,4.10,2.40
2007.10.25 10:39:48.210,1.03385,1.0341,4.10,2.40
2007.10.25 10:39:48.542,1.03385,1.0341,4.10,2.40
2007.10.25 10:39:48.874,1.03385,1.0341,4.10,2.40
2007.10.25 10:39:49.207,1.03385,1.0341,4.10,2.40
2007.10.25 10:39:49.496,1.03385,1.0341,4.10,2.40
2007.10.25 10:39:49.783,1.03385,1.0341,4.10,2.40
2007.10.25 10:39:50.071,1.03385,1.0341,4.10,2.40
2007.10.25 10:39:50.359,1.03385,1.034,0.20,2.40
2007.10.25 10:39:50.533,1.03385,1.034,0.20,2.40
2007.10.25 10:39:50.773,1.03365,1.034,4.80,2.40
2007.10.25 10:39:50.945,1.03365,1.034,4.80,2.40
2007.10.25 10:39:51.118,1.03365,1.034,4.00,2.40
2007.10.25 10:39:51.290,1.03365,1.034,4.00,2.40
2007.10.25 10:39:51.578,1.03365,1.034,4.00,2.40
2007.10.25 10:39:51.865,1.03365,1.034,4.00,2.40
2007.10.25 10:39:52.154,1.03365,1.034,4.00,2.40
2007.10.25 10:39:52.442,1.03365,1.034,4.00,2.40
2007.10.25 10:39:52.670,1.03365,1.034,4.00,2.40
2007.10.25 10:39:52.898,1.03365,1.034,4.00,2.40
2007.10.25 10:39:53.125,1.03365,1.034,4.00,2.40
2007.10.25 10:39:53.354,1.03365,1.034,4.00,2.40
2007.10.25 10:39:53.621,1.03365,1.034,4.00,2.40
2007.10.25 10:39:53.888,1.03365,1.034,4.00,2.40
2007.10.25 10:39:54.156,1.0336,1.034,4.00,2.40
2007.10.25 10:39:54.424,1.03355,1.03395,12.80,2.80
2007.10.25 10:39:54.756,1.03355,1.034,8.80,5.20
2007.10.25 10:39:55.089,1.03355,1.034,8.80,5.20
2007.10.25 10:39:55.422,1.03355,1.034,8.80,5.20
2007.10.25 10:39:55.755,1.03355,1.034,8.80,5.20
2007.10.25 10:39:55.909,1.03355,1.034,8.80,5.20
2007.10.25 10:39:56.062,1.03355,1.034,8.80,5.20
2007.10.25 10:39:56.214,1.03355,1.034,8.80,5.20
2007.10.25 10:39:56.367,1.03355,1.034,8.80,5.20
2007.10.25 10:39:56.520,1.03355,1.034,8.80,5.20
2007.10.25 10:39:56.904,1.03355,1.034,8.80,5.20
2007.10.25 10:39:57.223,1.03355,1.034,8.80,5.20
2007.10.25 10:39:57.541,1.03355,1.034,8.80,5.20
2007.10.25 10:39:57.684,1.03365,1.034,4.00,5.20
2007.10.25 10:39:57.828,1.03365,1.034,4.00,5.20
2007.10.25 10:39:57.971,1.03365,1.034,4.00,2.40
2007.10.25 10:39:58.114,1.03365,1.034,4.00,2.40
2007.10.25 10:39:58.256,1.03365,1.034,4.00,2.40
2007.10.25 10:39:58.400,1.03365,1.034,4.00,2.40
2007.10.25 10:39:58.542,1.03365,1.034,4.00,2.40
2007.10.25 10:39:58.876,1.03365,1.034,4.00,2.40
2007.10.25 10:39:59.209,1.03365,1.034,4.00,5.20
2007.10.25 10:39:59.541,1.03365,1.034,4.00,2.40
2007.10.25 10:39:59.871,1.03365,1.034,4.00,2.40
2007.10.25 10:40:00.199,1.03365,1.034,4.00,2.40
2007.10.25 10:40:00.527,1.03365,1.034,4.00,2.40
2007.10.25 10:40:00.855,1.03365,1.034,4.00,5.20
2007.10.25 10:40:01.059,1.03365,1.034,4.10,5.20
2007.10.25 10:40:01.262,1.03365,1.034,4.10,5.20
2007.10.25 10:40:01.465,1.03365,1.034,4.10,5.20
2007.10.25 10:40:01.668,1.03365,1.034,4.10,5.20
2007.10.25 10:40:01.900,1.03365,1.034,4.10,5.20
2007.10.25 10:40:02.132,1.03365,1.034,4.10,5.20
2007.10.25 10:40:02.365,1.03365,1.034,4.10,5.20
2007.10.25 10:40:02.597,1.03365,1.034,4.10,5.20
2007.10.25 10:40:02.830,1.03365,1.034,4.10,5.20
2007.10.25 10:40:03.057,1.03365,1.034,4.10,5.20
2007.10.25 10:40:03.286,1.03365,1.034,4.10,5.20
2007.10.25 10:40:03.514,1.03365,1.034,4.10,5.20
2007.10.25 10:40:03.740,1.03365,1.034,4.10,5.20
2007.10.25 10:40:03.958,1.03365,1.034,4.10,5.20
2007.10.25 10:40:04.176,1.03365,1.034,4.10,5.20
2007.10.25 10:40:04.394,1.03365,1.034,4.10,5.20
2007.10.25 10:40:04.611,1.03365,1.034,4.10,5.20
2007.10.25 10:40:04.830,1.03365,1.034,4.10,5.20
2007.10.25 10:40:05.163,1.03365,1.034,4.10,5.20
2007.10.25 10:40:05.495,1.03365,1.034,4.10,5.20
2007.10.25 10:40:05.829,1.03365,1.034,4.10,5.20
2007.10.25 10:40:05.976,1.03365,1.034,4.10,5.20
2007.10.25 10:40:06.124,1.03365,1.034,4.10,5.20
2007.10.25 10:40:06.271,1.03365,1.034,4.10,5.20
2007.10.25 10:40:06.420,1.03365,1.034,4.10,5.20
2007.10.25 10:40:06.568,1.03365,1.034,4.10,5.20
2007.10.25 10:40:06.716,1.03365,1.034,4.10,5.20
2007.10.25 10:40:06.863,1.03365,1.034,4.10,5.20
2007.10.25 10:40:07.152,1.03365,1.034,4.10,5.20
2007.10.25 10:40:07.440,1.03375,1.034,4.00,5.20
2007.10.25 10:40:07.727,1.03375,1.034,4.00,2.80
2007.10.25 10:40:08.015,1.03375,1.03405,4.00,4.00
2007.10.25 10:40:08.222,1.03375,1.034,4.00,2.40
2007.10.25 10:40:08.432,1.0337,1.034,0.20,2.40
2007.10.25 10:40:08.639,1.03375,1.034,0.20,2.40
2007.10.25 10:40:08.847,1.03375,1.034,0.20,2.40
2007.10.25 10:40:09.177,1.03375,1.034,0.20,2.40
2007.10.25 10:40:09.509,1.03375,1.034,0.20,5.20
2007.10.25 10:40:09.842,1.03365,1.034,4.10,5.20
2007.10.25 10:40:10.175,1.03365,1.034,4.10,5.20
2007.10.25 10:40:10.388,1.03365,1.034,4.10,5.20
2007.10.25 10:40:10.601,1.03365,1.034,4.10,5.20
2007.10.25 10:40:10.814,1.03365,1.034,4.10,5.20
2007.10.25 10:40:11.027,1.03365,1.034,4.10,5.20
2007.10.25 10:40:11.290,1.03365,1.034,4.10,2.40
2007.10.25 10:40:11.553,1.03365,1.034,4.10,2.40
2007.10.25 10:40:11.817,1.03365,1.034,4.10,2.40
2007.10.25 10:40:12.080,1.03365,1.034,4.10,2.40
2007.10.25 10:40:12.328,1.03365,1.034,4.10,2.40
2007.10.25 10:40:12.576,1.03365,1.03395,4.10,2.80
2007.10.25 10:40:12.824,1.03365,1.0339,0.20,2.40
2007.10.25 10:40:13.071,1.03365,1.0339,0.20,2.40
2007.10.25 10:40:13.289,1.03365,1.03395,4.10,2.80
2007.10.25 10:40:13.507,1.03365,1.034,4.10,9.30
2007.10.25 10:40:13.725,1.03365,1.034,4.10,9.30
2007.10.25 10:40:13.942,1.03365,1.034,4.10,5.20
2007.10.25 10:40:14.054,1.03365,1.03405,4.10,22.00
2007.10.25 10:40:14.274,1.03365,1.034,4.10,0.70
2007.10.25 10:40:14.606,1.03365,1.03405,4.10,22.00
2007.10.25 10:40:14.938,1.03365,1.034,4.10,0.80
2007.10.25 10:40:15.102,1.03365,1.034,4.10,5.20
2007.10.25 10:40:15.313,1.03365,1.0339,0.20,2.40
2007.10.25 10:40:15.477,1.03355,1.0339,4.10,5.20
2007.10.25 10:40:15.639,1.03355,1.0338,4.10,2.40
2007.10.25 10:40:15.803,1.03355,1.0338,4.10,2.40
2007.10.25 10:40:15.966,1.03355,1.0338,4.10,2.40
2007.10.25 10:40:16.270,1.03355,1.0338,4.10,2.40
2007.10.25 10:40:16.573,1.03355,1.0338,0.20,2.40
2007.10.25 10:40:16.877,1.03355,1.0337,0.20,2.40
2007.10.25 10:40:17.180,1.0334,1.0337,0.20,2.40
2007.10.25 10:40:17.447,1.0334,1.0337,0.40,2.40
2007.10.25 10:40:17.716,1.0334,1.0337,0.40,2.40
2007.10.25 10:40:17.984,1.0334,1.0337,0.40,2.40
2007.10.25 10:40:18.251,1.0334,1.0337,0.40,2.40
2007.10.25 10:40:18.484,1.0334,1.0337,0.40,5.20
2007.10.25 10:40:18.718,1.0334,1.0337,0.40,5.20
2007.10.25 10:40:18.950,1.0334,1.0337,0.40,5.20
2007.10.25 10:40:19.183,1.0334,1.0337,0.40,5.20
2007.10.25 10:40:19.505,1.03345,1.03375,4.00,5.20
2007.10.25 10:40:19.828,1.03355,1.03385,4.10,14.80
2007.10.25 10:40:20.152,1.03355,1.0338,4.10,2.40
2007.10.25 10:40:20.475,1.03355,1.0338,4.10,2.40
2007.10.25 10:40:20.702,1.03355,1.0338,4.10,2.40
2007.10.25 10:40:20.929,1.03355,1.0338,4.10,2.40
2007.10.25 10:40:21.157,1.03355,1.0338,4.10,2.40
2007.10.25 10:40:21.444,1.03355,1.0338,4.10,2.40
2007.10.25 10:40:21.656,1.03355,1.0338,4.10,2.40
2007.10.25 10:40:21.868,1.03355,1.0338,4.10,2.40
2007.10.25 10:40:22.082,1.03355,1.0338,4.10,2.40
2007.10.25 10:40:22.294,1.03355,1.0338,4.10,2.40
2007.10.25 10:40:22.457,1.03355,1.0338,4.10,2.40
2007.10.25 10:40:22.620,1.03355,1.0338,4.10,2.40
2007.10.25 10:40:22.782,1.03355,1.0338,4.10,2.40
2007.10.25 10:40:22.946,1.03355,1.0338,4.10,2.40
2007.10.25 10:40:23.108,1.03355,1.0338,4.10,2.40
2007.10.25 10:40:23.271,1.03355,1.0338,4.10,2.40
2007.10.25 10:40:23.434,1.03355,1.0338,4.10,2.40
2007.10.25 10:40:23.701,1.03355,1.0338,4.10,2.40
2007.10.25 10:40:23.970,1.03355,1.0338,4.10,2.40
2007.10.25 10:40:24.239,1.03355,1.0338,4.10,2.40
2007.10.25 10:40:24.507,1.03355,1.0338,4.10,2.40
2007.10.25 10:40:24.820,1.03355,1.0338,0.20,2.40
2007.10.25 10:40:25.134,1.03355,1.0338,0.20,2.40
2007.10.25 10:40:25.445,1.03355,1.0338,0.20,2.40
2007.10.25 10:40:25.638,1.03355,1.0338,0.20,2.40
2007.10.25 10:40:25.829,1.03355,1.0338,0.20,2.40
2007.10.25 10:40:26.022,1.03355,1.0338,0.20,2.40
2007.10.25 10:40:26.215,1.03355,1.0338,0.20,2.40
2007.10.25 10:40:26.408,1.03355,1.0338,0.20,2.40
2007.10.25 10:40:26.601,1.03355,1.0338,0.20,2.40
2007.10.25 10:40:26.849,1.03355,1.0338,0.20,2.40
2007.10.25 10:40:27.098,1.03355,1.0338,0.20,2.40
2007.10.25 10:40:27.345,1.03355,1.0338,0.20,2.40
2007.10.25 10:40:27.594,1.03345,1.0338,8.10,5.20
2007.10.25 10:40:27.772,1.03345,1.0337,4.10,2.40
2007.10.25 10:40:27.950,1.03345,1.0337,4.10,2.40
2007.10.25 10:40:28.128,1.03345,1.0337,4.10,2.40
2007.10.25 10:40:28.306,1.03345,1.0337,4.10,2.40
2007.10.25 10:40:28.483,1.03345,1.0337,4.10,2.40
2007.10.25 10:40:28.661,1.03345,1.0337,4.10,2.40
2007.10.25 10:40:28.974,1.03345,1.0337,4.10,2.40
2007.10.25 10:40:29.286,1.03345,1.0337,4.10,2.40
2007.10.25 10:40:29.599,1.03345,1.0337,4.10,2.40
2007.10.25 10:40:29.911,1.03345,1.0337,4.10,2.40
2007.10.25 10:40:30.243,1.03345,1.0337,4.10,2.40
2007.10.25 10:40:30.575,1.03345,1.0337,4.10,2.40
2007.10.25 10:40:30.908,1.03345,1.0337,4.10,2.40
2007.10.25 10:40:31.061,1.03345,1.0337,4.10,2.40
2007.10.25 10:40:31.212,1.03345,1.0337,4.10,2.40
2007.10.25 10:40:31.366,1.03345,1.0337,4.10,2.40
2007.10.25 10:40:31.519,1.03345,1.0337,4.10,2.40
2007.10.25 10:40:31.672,1.03345,1.0337,4.10,2.40
2007.10.25 10:40:31.824,1.03345,1.0337,4.10,2.40
2007.10.25 10:40:32.077,1.03345,1.0337,4.10,2.40
2007.10.25 10:40:32.330,1.03345,1.0337,0.20,2.40
2007.10.25 10:40:32.582,1.03345,1.0337,0.20,2.40
2007.10.25 10:40:32.835,1.03345,1.0337,0.20,2.40
2007.10.25 10:40:33.063,1.03345,1.0337,0.20,2.40
2007.10.25 10:40:33.290,1.03345,1.0337,0.20,2.40
2007.10.25 10:40:33.519,1.03345,1.0337,4.10,2.40
2007.10.25 10:40:33.747,1.03345,1.0337,4.10,2.40
2007.10.25 10:40:34.082,1.03345,1.0337,4.10,2.40
2007.10.25 10:40:34.414,1.03345,1.0337,4.10,2.40
2007.10.25 10:40:34.747,1.03345,1.0337,4.10,2.40
2007.10.25 10:40:34.914,1.03345,1.0337,4.10,2.40
2007.10.25 10:40:35.081,1.03345,1.0337,4.10,2.40
2007.10.25 10:40:35.249,1.03345,1.0337,4.10,2.40
2007.10.25 10:40:35.417,1.03345,1.0337,4.10,2.40
2007.10.25 10:40:35.585,1.03345,1.0337,4.10,2.40
2007.10.25 10:40:35.753,1.03345,1.0337,4.10,2.40
2007.10.25 10:40:36.050,1.03345,1.0337,4.10,2.40
2007.10.25 10:40:36.349,1.03345,1.0337,4.10,2.40
2007.10.25 10:40:36.647,1.03345,1.0337,4.10,2.40
2007.10.25 10:40:36.944,1.03345,1.0337,4.10,2.40
2007.10.25 10:40:37.172,1.03345,1.0337,4.10,2.40
2007.10.25 10:40:37.399,1.03345,1.0337,4.10,2.40
2007.10.25 10:40:37.626,1.03345,1.0337,4.10,2.40
2007.10.25 10:40:37.853,1.03345,1.0337,4.10,2.40
2007.10.25 10:40:38.060,1.03345,1.0337,4.10,2.40
2007.10.25 10:40:38.268,1.03345,1.0337,4.10,2.40
2007.10.25 10:40:38.475,1.03345,1.0337,4.10,2.40
2007.10.25 10:40:38.683,1.03345,1.0337,4.10,2.40
2007.10.25 10:40:38.891,1.03345,1.0337,4.10,2.40
2007.10.25 10:40:39.224,1.03345,1.0337,4.10,2.40
2007.10.25 10:40:39.557,1.03345,1.0337,4.10,2.40
2007.10.25 10:40:39.889,1.03345,1.0337,4.10,2.40
2007.10.25 10:40:40.221,1.03345,1.0337,4.10,2.40
2007.10.25 10:40:40.423,1.03345,1.0337,4.10,2.40
2007.10.25 10:40:40.626,1.03345,1.0337,4.10,2.40
2007.10.25 10:40:40.829,1.03345,1.0337,0.20,2.40
2007.10.25 10:40:41.031,1.03345,1.0337,0.20,2.40
2007.10.25 10:40:41.325,1.03345,1.0337,0.20,2.40
2007.10.25 10:40:41.618,1.03345,1.0337,0.20,2.40
2007.10.25 10:40:41.911,1.03345,1.0337,0.20,2.40
2007.10.25 10:40:42.139,1.03345,1.0337,0.20,2.40
2007.10.25 10:40:42.366,1.03345,1.0337,0.20,2.40
2007.10.25 10:40:42.595,1.0334,1.0337,0.20,5.20
2007.10.25 10:40:42.823,1.0334,1.0337,0.20,5.20
2007.10.25 10:40:43.051,1.0334,1.0337,0.20,5.20
2007.10.25 10:40:43.299,1.0334,1.0337,0.20,2.40
2007.10.25 10:40:43.546,1.0334,1.0337,0.20,2.40
2007.10.25 10:40:43.793,1.0334,1.0337,0.20,2.40
2007.10.25 10:40:44.041,1.0334,1.0337,0.20,2.40
2007.10.25 10:40:44.373,1.0334,1.0337,0.20,2.40
2007.10.25 10:40:44.705,1.0334,1.0337,0.20,2.40
2007.10.25 10:40:45.039,1.0334,1.0337,0.20,2.40
2007.10.25 10:40:45.216,1.0334,1.0337,0.20,2.40
2007.10.25 10:40:45.394,1.0334,1.0337,0.20,2.40
2007.10.25 10:40:45.571,1.0334,1.0337,0.20,2.40
2007.10.25 10:40:45.749,1.0334,1.0337,0.20,2.40
2007.10.25 10:40:45.993,1.0334,1.0337,0.20,2.40
2007.10.25 10:40:46.251,1.0334,1.0337,0.20,2.40
2007.10.25 10:40:46.508,1.0334,1.0337,0.20,2.40
2007.10.25 10:40:46.764,1.0334,1.0337,0.20,2.40
2007.10.25 10:40:47.021,1.0334,1.0337,0.20,2.40
2007.10.25 10:40:47.223,1.0334,1.0337,0.20,2.40
2007.10.25 10:40:47.425,1.0334,1.0337,0.20,2.40
2007.10.25 10:40:47.627,1.0334,1.0337,0.20,2.40
2007.10.25 10:40:47.829,1.0334,1.0337,0.20,2.40
2007.10.25 10:40:48.031,1.0334,1.0337,0.20,2.40
2007.10.25 10:40:48.233,1.0334,1.0337,0.20,2.40
2007.10.25 10:40:48.475,1.0334,1.0337,0.20,2.40
2007.10.25 10:40:48.717,1.0334,1.0337,0.20,2.40
2007.10.25 10:40:48.959,1.0334,1.0337,0.20,2.40
2007.10.25 10:40:49.201,1.0334,1.0337,0.20,2.40
2007.10.25 10:40:49.533,1.0334,1.0337,0.20,2.40
2007.10.25 10:40:49.867,1.0334,1.0337,0.20,2.40
2007.10.25 10:40:50.199,1.0334,1.0337,0.60,2.40
2007.10.25 10:40:50.384,1.0334,1.0337,0.60,2.40
2007.10.25 10:40:50.566,1.0334,1.0337,0.70,5.20
2007.10.25 10:40:50.749,1.0334,1.0337,0.70,5.20
2007.10.25 10:40:50.931,1.0334,1.0337,0.70,5.20
2007.10.25 10:40:51.113,1.0334,1.0337,0.70,5.20
2007.10.25 10:40:51.430,1.0334,1.0337,0.70,5.20
2007.10.25 10:40:51.750,1.0334,1.0337,0.70,5.20
2007.10.25 10:40:52.134,1.0334,1.0337,0.70,2.40
2007.10.25 10:40:52.332,1.0334,1.03375,3.10,2.80
2007.10.25 10:40:52.530,1.0334,1.03375,0.70,2.80
2007.10.25 10:40:52.728,1.0334,1.03375,0.70,2.80
2007.10.25 10:40:52.926,1.0335,1.03375,0.40,2.80
2007.10.25 10:40:53.124,1.0335,1.03375,0.40,2.80
2007.10.25 10:40:53.321,1.0335,1.0338,0.70,5.20
2007.10.25 10:40:53.654,1.0335,1.0337,0.70,2.40
2007.10.25 10:40:53.988,1.0335,1.0337,0.40,2.40
2007.10.25 10:40:54.320,1.0334,1.0337,0.70,2.40
2007.10.25 10:40:54.654,1.0334,1.0337,0.70,2.40
2007.10.25 10:40:54.987,1.0334,1.0337,0.70,2.40
2007.10.25 10:40:55.320,1.0334,1.0337,0.70,2.40
2007.10.25 10:40:55.532,1.0334,1.0337,0.70,2.40
2007.10.25 10:40:55.744,1.0334,1.0337,0.70,2.40
2007.10.25 10:40:55.957,1.0334,1.0337,0.70,2.40
2007.10.25 10:40:56.169,1.0334,1.0337,0.70,2.40
2007.10.25 10:40:56.382,1.0334,1.0337,0.70,2.40
2007.10.25 10:40:56.595,1.0334,1.0337,0.70,2.40
2007.10.25 10:40:56.808,1.0334,1.0337,0.70,2.40
2007.10.25 10:40:57.020,1.0334,1.0337,0.70,2.40
2007.10.25 10:40:57.232,1.0334,1.0337,0.70,2.40
2007.10.25 10:40:57.536,1.0334,1.0337,0.70,2.40
2007.10.25 10:40:57.839,1.0334,1.0337,0.70,2.40
2007.10.25 10:40:58.268,1.0334,1.0337,0.70,2.40
2007.10.25 10:40:58.570,1.0334,1.0337,0.70,2.40
2007.10.25 10:40:58.762,1.0334,1.0337,0.70,2.40
2007.10.25 10:40:58.955,1.0334,1.0337,0.70,2.40
2007.10.25 10:40:59.148,1.0334,1.0337,0.70,2.40
2007.10.25 10:40:59.340,1.0334,1.0337,0.70,2.40
2007.10.25 10:40:59.672,1.0334,1.0337,0.70,2.40
2007.10.25 10:41:00.004,1.0334,1.03375,3.10,2.40
2007.10.25 10:41:00.337,1.0334,1.03375,3.10,2.40
2007.10.25 10:41:00.569,1.0334,1.03375,3.10,5.20
2007.10.25 10:41:00.801,1.0334,1.03375,3.10,2.40
2007.10.25 10:41:01.034,1.0334,1.03375,3.10,2.40
2007.10.25 10:41:01.266,1.0334,1.03375,3.10,2.40
2007.10.25 10:41:01.498,1.0334,1.03375,3.10,2.40
2007.10.25 10:41:01.781,1.0334,1.03375,3.10,2.40
2007.10.25 10:41:02.064,1.0334,1.03375,3.10,2.40
2007.10.25 10:41:02.346,1.0334,1.03375,3.10,2.40
2007.10.25 10:41:02.628,1.0334,1.03375,3.10,2.40
2007.10.25 10:41:02.850,1.0334,1.03375,3.10,2.40
2007.10.25 10:41:03.074,1.0334,1.03375,3.10,2.40
2007.10.25 10:41:03.297,1.0334,1.03375,3.10,2.40
2007.10.25 10:41:03.520,1.0334,1.03375,3.10,2.40
2007.10.25 10:41:03.762,1.0334,1.03375,3.10,2.40
2007.10.25 10:41:04.004,1.0334,1.03375,3.10,2.40
2007.10.25 10:41:04.246,1.0334,1.03375,3.10,2.40
2007.10.25 10:41:04.489,1.0334,1.03375,3.10,2.40
2007.10.25 10:41:04.822,1.0334,1.03375,3.10,2.40
2007.10.25 10:41:05.154,1.0334,1.03375,3.10,2.40
2007.10.25 10:41:05.487,1.03345,1.0338,4.00,9.30
2007.10.25 10:41:05.650,1.03345,1.0338,4.00,6.40
2007.10.25 10:41:05.813,1.03345,1.0338,4.00,6.40
2007.10.25 10:41:05.975,1.03345,1.0338,4.00,6.40
2007.10.25 10:41:06.138,1.03345,1.0338,4.00,6.40
2007.10.25 10:41:06.301,1.0335,1.03385,2.40,18.80
2007.10.25 10:41:06.465,1.0335,1.03385,2.70,2.80
2007.10.25 10:41:06.798,1.0335,1.0339,4.70,9.30
2007.10.25 10:41:07.131,1.03345,1.0339,4.80,9.30
2007.10.25 10:41:07.464,1.03345,1.0339,4.80,9.30
2007.10.25 10:41:07.656,1.03345,1.0339,4.80,9.30
2007.10.25 10:41:07.849,1.03345,1.0339,4.80,9.30
2007.10.25 10:41:08.042,1.03345,1.0339,4.80,9.30
2007.10.25 10:41:08.234,1.03345,1.0339,4.80,9.30
2007.10.25 10:41:08.427,1.03345,1.0339,4.80,9.30
2007.10.25 10:41:08.620,1.03345,1.0339,4.80,9.30
2007.10.25 10:41:08.897,1.03345,1.0339,4.80,9.30
2007.10.25 10:41:09.174,1.03345,1.0339,4.80,9.30
2007.10.25 10:41:09.414,1.03345,1.0339,4.80,0.60
2007.10.25 10:41:09.451,1.0335,1.0339,6.40,9.30
2007.10.25 10:41:09.730,1.0335,1.0339,6.40,9.30
2007.10.25 10:41:10.062,1.0335,1.0339,6.40,9.30
2007.10.25 10:41:10.395,1.0335,1.0339,6.40,9.30
2007.10.25 10:41:10.728,1.0335,1.0339,6.40,9.30
2007.10.25 10:41:10.915,1.0335,1.0339,6.40,9.30
2007.10.25 10:41:11.103,1.0335,1.0339,6.40,9.30
2007.10.25 10:41:11.291,1.0335,1.0339,6.40,9.30
2007.10.25 10:41:11.477,1.0335,1.0339,6.40,9.30
2007.10.25 10:41:11.665,1.0335,1.0339,6.40,9.30
2007.10.25 10:41:11.911,1.0335,1.0339,6.40,9.30
2007.10.25 10:41:12.159,1.0335,1.0339,6.40,9.30
2007.10.25 10:41:12.406,1.0335,1.0339,6.40,9.30
2007.10.25 10:41:12.653,1.0335,1.0339,6.40,9.30
2007.10.25 10:41:12.875,1.0335,1.0339,6.40,9.30
2007.10.25 10:41:13.097,1.0335,1.0339,6.40,9.30
2007.10.25 10:41:13.319,1.0335,1.0339,6.40,9.30
2007.10.25 10:41:13.541,1.0335,1.0339,6.40,9.30
2007.10.25 10:41:13.764,1.0335,1.0339,4.00,9.30
2007.10.25 10:41:14.027,1.03345,1.0339,12.80,9.30
2007.10.25 10:41:14.290,1.03345,1.0339,12.80,9.30
2007.10.25 10:41:14.553,1.03345,1.03385,12.80,2.80
2007.10.25 10:41:14.815,1.0335,1.03385,2.40,2.80
2007.10.25 10:41:15.143,1.0335,1.0339,6.40,9.30
2007.10.25 10:41:15.470,1.0335,1.0339,6.40,9.30
2007.10.25 10:41:15.798,1.0335,1.0339,6.40,9.30
2007.10.25 10:41:15.961,1.0335,1.0339,6.40,9.30
2007.10.25 10:41:16.123,1.0335,1.0339,6.40,9.30
2007.10.25 10:41:16.286,1.0335,1.0339,6.40,9.30
2007.10.25 10:41:16.449,1.0335,1.0339,6.40,9.30
2007.10.25 10:41:16.685,1.0335,1.0339,6.40,9.30
2007.10.25 10:41:16.848,1.0335,1.0339,6.40,9.30
2007.10.25 10:41:17.161,1.0335,1.0339,6.40,9.30
2007.10.25 10:41:17.474,1.03345,1.0338,12.80,2.40
2007.10.25 10:41:17.788,1.03345,1.03385,12.80,8.00
2007.10.25 10:41:17.991,1.03345,1.0339,12.80,9.30
2007.10.25 10:41:18.193,1.03345,1.03385,12.80,2.80
2007.10.25 10:41:18.397,1.03345,1.03385,12.80,2.80
2007.10.25 10:41:18.599,1.03345,1.03385,12.80,2.80
2007.10.25 10:41:18.803,1.0335,1.03385,2.40,2.80
2007.10.25 10:41:19.136,1.0335,1.0339,6.40,9.30
2007.10.25 10:41:19.470,1.03345,1.0338,8.80,2.40
2007.10.25 10:41:19.802,1.0335,1.0338,4.00,2.40
2007.10.25 10:41:20.000,1.0335,1.0338,4.00,2.40
2007.10.25 10:41:20.198,1.03345,1.0338,4.00,2.40
2007.10.25 10:41:20.396,1.03345,1.0338,4.00,2.40
2007.10.25 10:41:20.594,1.03345,1.0338,4.00,2.40
2007.10.25 10:41:20.792,1.03345,1.03385,12.00,2.80
2007.10.25 10:41:20.989,1.03345,1.03385,12.00,2.80
2007.10.25 10:41:21.297,1.03345,1.03385,12.00,2.80
2007.10.25 10:41:21.605,1.03345,1.03385,12.00,2.80
2007.10.25 10:41:21.912,1.03345,1.03385,12.00,2.80
2007.10.25 10:41:22.065,1.03345,1.03385,12.00,2.80
2007.10.25 10:41:22.218,1.03345,1.03385,12.00,2.80
2007.10.25 10:41:22.371,1.03345,1.03385,12.00,2.80
2007.10.25 10:41:22.525,1.03345,1.03385,12.00,2.80
2007.10.25 10:41:22.677,1.03345,1.03385,12.00,2.80
2007.10.25 10:41:22.830,1.03345,1.03385,12.00,2.80
2007.10.25 10:41:23.068,1.03345,1.03385,12.00,2.80
2007.10.25 10:41:23.306,1.0335,1.0339,6.40,9.30
2007.10.25 10:41:23.544,1.0335,1.0339,6.40,9.30
2007.10.25 10:41:23.782,1.0335,1.0339,6.40,9.30
2007.10.25 10:41:24.020,1.0335,1.0339,6.40,9.30
2007.10.25 10:41:24.352,1.0335,1.0339,6.40,9.30
2007.10.25 10:41:24.685,1.0335,1.0339,6.40,9.30
2007.10.25 10:41:25.018,1.0335,1.0339,6.40,9.30
2007.10.25 10:41:25.221,1.0335,1.0339,6.40,9.30
2007.10.25 10:41:25.424,1.0335,1.0339,6.40,9.30
2007.10.25 10:41:25.626,1.0335,1.0339,6.40,9.30
2007.10.25 10:41:25.829,1.0335,1.0339,6.40,9.30
2007.10.25 10:41:26.032,1.0335,1.0339,6.40,9.30
2007.10.25 10:41:26.330,1.0335,1.0339,6.40,9.30
2007.10.25 10:41:26.628,1.0335,1.0339,6.40,9.30
2007.10.25 10:41:26.926,1.0335,1.0339,6.40,9.30
2007.10.25 10:41:27.224,1.0335,1.0339,6.40,9.30
2007.10.25 10:41:27.417,1.0335,1.0339,6.40,9.30
2007.10.25 10:41:27.610,1.0335,1.0339,6.40,9.30
2007.10.25 10:41:27.802,1.0335,1.0339,6.40,9.30
2007.10.25 10:41:27.995,1.0335,1.0339,6.40,9.30
2007.10.25 10:41:28.187,1.0335,1.0339,6.40,9.30
2007.10.25 10:41:28.390,1.0335,1.0339,6.40,9.30
2007.10.25 10:41:28.593,1.0335,1.0339,6.40,9.30
2007.10.25 10:41:28.795,1.0335,1.0339,6.40,9.30
2007.10.25 10:41:28.997,1.0335,1.0339,6.40,9.30
2007.10.25 10:41:29.200,1.0335,1.0339,6.40,9.30
2007.10.25 10:41:29.533,1.0335,1.0339,6.40,9.30
2007.10.25 10:41:29.866,1.0335,1.0339,6.40,9.30
2007.10.25 10:41:30.199,1.0335,1.0339,6.40,9.30
2007.10.25 10:41:30.327,1.0335,1.0339,6.40,9.30
2007.10.25 10:41:30.454,1.0335,1.0339,6.40,9.30
2007.10.25 10:41:30.583,1.0335,1.0339,6.40,9.30
2007.10.25 10:41:30.711,1.0335,1.0339,6.40,9.30
2007.10.25 10:41:30.838,1.0335,1.0339,6.40,9.30
2007.10.25 10:41:30.966,1.0335,1.0339,6.40,9.30
2007.10.25 10:41:31.094,1.0335,1.0339,6.40,9.30
2007.10.25 10:41:31.222,1.0335,1.0339,6.40,9.30
2007.10.25 10:41:31.549,1.0335,1.0339,6.40,9.30
2007.10.25 10:41:31.877,1.0335,1.0339,6.40,9.30
2007.10.25 10:41:32.205,1.0335,1.0339,6.40,9.30
2007.10.25 10:41:32.352,1.0335,1.0339,6.40,9.30
2007.10.25 10:41:32.501,1.0335,1.0339,6.40,9.30
2007.10.25 10:41:32.648,1.0335,1.0339,6.40,9.30
2007.10.25 10:41:32.797,1.0335,1.0339,6.40,9.30
2007.10.25 10:41:32.944,1.0335,1.0339,6.40,9.30
2007.10.25 10:41:33.092,1.0335,1.0339,6.40,9.30
2007.10.25 10:41:33.239,1.0335,1.0339,6.40,9.30
2007.10.25 10:41:33.387,1.0335,1.0339,6.40,9.30
2007.10.25 10:41:33.644,1.0335,1.0339,6.40,9.30
2007.10.25 10:41:33.901,1.0335,1.0339,6.40,5.20
2007.10.25 10:41:34.159,1.0335,1.0339,6.40,5.20
2007.10.25 10:41:34.416,1.0335,1.0339,6.40,5.20
2007.10.25 10:41:34.735,1.0335,1.0339,6.40,5.20
2007.10.25 10:41:35.089,1.0335,1.0339,6.40,5.20
2007.10.25 10:41:35.407,1.0335,1.0339,6.40,5.20
2007.10.25 10:41:35.580,1.0335,1.0339,6.40,5.20
2007.10.25 10:41:35.752,1.0335,1.0339,6.40,5.20
2007.10.25 10:41:35.924,1.0335,1.0339,6.40,5.20
2007.10.25 10:41:36.096,1.0335,1.0339,6.40,5.20
2007.10.25 10:41:36.269,1.0335,1.0339,6.40,5.20
2007.10.25 10:41:36.566,1.0335,1.0339,6.40,5.20
2007.10.25 10:41:36.864,1.0335,1.0339,6.40,5.20
2007.10.25 10:41:37.161,1.0335,1.0339,6.40,5.20
2007.10.25 10:41:37.458,1.0335,1.0339,6.40,5.20
2007.10.25 10:41:37.626,1.0335,1.0339,6.40,5.20
2007.10.25 10:41:37.793,1.0335,1.0339,6.40,5.20
2007.10.25 10:41:37.961,1.0335,1.0339,6.40,5.20
2007.10.25 10:41:38.128,1.0335,1.0339,6.40,5.20
2007.10.25 10:41:38.295,1.0335,1.0339,6.40,5.20
2007.10.25 10:41:38.463,1.0335,1.0339,6.40,5.20
2007.10.25 10:41:38.741,1.0335,1.0339,6.40,5.20
2007.10.25 10:41:39.018,1.0335,1.0339,6.40,5.20
2007.10.25 10:41:39.295,1.0335,1.0339,6.40,5.20
2007.10.25 10:41:39.572,1.0335,1.0339,6.40,5.20
2007.10.25 10:41:39.900,1.0335,1.0339,6.40,5.20
2007.10.25 10:41:40.228,1.0335,1.0339,6.40,5.20
2007.10.25 10:41:40.556,1.0335,1.0339,6.40,5.20
2007.10.25 10:41:40.713,1.0335,1.0339,6.40,5.20
2007.10.25 10:41:40.870,1.0335,1.0339,6.40,5.20
2007.10.25 10:41:41.028,1.0335,1.0339,6.40,5.20
2007.10.25 10:41:41.221,1.0335,1.0339,6.40,5.20
2007.10.25 10:41:41.381,1.0335,1.0339,6.40,5.20
2007.10.25 10:41:41.538,1.0335,1.0339,6.40,5.20
2007.10.25 10:41:41.793,1.0335,1.0339,6.40,5.20
2007.10.25 10:41:42.045,1.0335,1.0339,6.40,5.20
2007.10.25 10:41:42.297,1.0335,1.0339,6.40,5.20
2007.10.25 10:41:42.550,1.0335,1.0339,6.40,5.20
2007.10.25 10:41:42.738,1.0335,1.0339,6.40,5.20
2007.10.25 10:41:42.927,1.0335,1.03385,2.70,2.80
2007.10.25 10:41:43.115,1.0335,1.03385,2.70,2.80
2007.10.25 10:41:43.304,1.0335,1.03385,3.10,2.80
2007.10.25 10:41:43.491,1.0335,1.03385,3.10,2.80
2007.10.25 10:41:43.679,1.0335,1.03385,3.10,2.80
2007.10.25 10:41:43.966,1.0335,1.03385,3.10,2.80
2007.10.25 10:41:44.255,1.0335,1.03385,3.10,2.80
2007.10.25 10:41:44.543,1.0335,1.03385,3.10,2.80
2007.10.25 10:41:44.831,1.0335,1.03385,3.10,2.80
2007.10.25 10:41:45.129,1.0335,1.03385,3.10,2.80
2007.10.25 10:41:45.427,1.0335,1.03385,3.10,2.80
2007.10.25 10:41:45.724,1.0335,1.03385,3.10,2.80
2007.10.25 10:41:45.873,1.0335,1.03385,3.10,2.80
2007.10.25 10:41:46.020,1.0335,1.03385,3.10,2.80
2007.10.25 10:41:46.168,1.0335,1.03385,3.10,2.80
2007.10.25 10:41:46.316,1.0335,1.03385,3.10,2.80
2007.10.25 10:41:46.463,1.0335,1.03385,3.10,2.80
2007.10.25 10:41:46.610,1.0335,1.03385,3.10,2.80
2007.10.25 10:41:46.759,1.0335,1.03385,3.10,2.80
2007.10.25 10:41:47.036,1.0335,1.03385,3.10,2.80
2007.10.25 10:41:47.359,1.0335,1.03385,3.10,2.80
2007.10.25 10:41:47.637,1.0335,1.03385,3.10,2.80
2007.10.25 10:41:47.917,1.0336,1.03385,0.40,2.80
2007.10.25 10:41:48.107,1.0336,1.03385,0.40,2.80
2007.10.25 10:41:48.294,1.0336,1.0339,0.70,2.40
2007.10.25 10:41:48.483,1.0336,1.0339,0.70,2.40
2007.10.25 10:41:48.670,1.0336,1.0339,0.70,2.40
2007.10.25 10:41:48.857,1.0336,1.0339,0.70,2.40
2007.10.25 10:41:49.190,1.0336,1.0339,0.70,2.40
2007.10.25 10:41:49.523,1.0336,1.0339,0.70,2.40
2007.10.25 10:41:49.854,1.0336,1.0339,0.70,2.40
2007.10.25 10:41:50.063,1.0336,1.0339,0.70,2.40
2007.10.25 10:41:50.272,1.0336,1.0339,0.70,2.40
2007.10.25 10:41:50.479,1.0336,1.03395,3.10,2.80
2007.10.25 10:41:50.688,1.0336,1.03395,3.10,2.80
2007.10.25 10:41:50.895,1.0336,1.0339,0.70,2.40
2007.10.25 10:41:51.187,1.0336,1.0339,0.70,2.40
2007.10.25 10:41:51.480,1.0336,1.0339,0.70,2.40
2007.10.25 10:41:51.772,1.0336,1.0339,0.70,2.40
2007.10.25 10:41:52.065,1.0336,1.0339,0.70,2.40
2007.10.25 10:41:52.257,1.0336,1.0339,0.70,2.40
2007.10.25 10:41:52.451,1.0336,1.0339,0.70,2.40
2007.10.25 10:41:52.644,1.0336,1.0339,0.70,2.40
2007.10.25 10:41:52.837,1.0336,1.0339,0.70,2.40
2007.10.25 10:41:53.029,1.0336,1.0339,0.70,2.40
2007.10.25 10:41:53.283,1.0336,1.0339,0.70,2.40
2007.10.25 10:41:53.535,1.0335,1.0339,6.90,5.20
2007.10.25 10:41:53.788,1.03355,1.0339,0.50,5.20
2007.10.25 10:41:54.040,1.03355,1.0339,0.50,5.20
2007.10.25 10:41:54.373,1.03355,1.0339,0.50,5.20
2007.10.25 10:41:54.705,1.03355,1.0339,0.50,5.20
2007.10.25 10:41:55.038,1.03355,1.0339,0.50,5.20
2007.10.25 10:41:55.195,1.03355,1.0339,0.50,5.20
2007.10.25 10:41:55.353,1.03355,1.0339,0.50,5.20
2007.10.25 10:41:55.511,1.03355,1.0339,0.50,5.20
2007.10.25 10:41:55.668,1.03355,1.0339,0.50,5.20
2007.10.25 10:41:55.826,1.03355,1.0339,0.50,5.20
2007.10.25 10:41:55.984,1.03355,1.0339,0.50,5.20
2007.10.25 10:41:56.143,1.03355,1.0339,0.50,5.20
2007.10.25 10:41:56.476,1.03355,1.0339,0.50,9.30
2007.10.25 10:41:56.808,1.03355,1.0339,0.50,9.30
2007.10.25 10:41:57.142,1.03355,1.0339,0.50,9.30
2007.10.25 10:41:57.299,1.03355,1.0339,0.50,9.30
2007.10.25 10:41:57.457,1.03355,1.0339,0.50,9.30
2007.10.25 10:41:57.615,1.03355,1.0339,0.50,9.30
2007.10.25 10:41:57.772,1.03355,1.0339,0.50,9.30
2007.10.25 10:41:57.930,1.03355,1.0339,0.50,9.30
2007.10.25 10:41:58.087,1.03355,1.0339,0.50,9.30
2007.10.25 10:41:58.245,1.03355,1.0339,0.50,9.30
2007.10.25 10:41:58.497,1.03355,1.0339,0.50,9.30
2007.10.25 10:41:58.750,1.03355,1.0339,0.50,9.30
2007.10.25 10:41:59.002,1.03355,1.0339,0.50,9.30
2007.10.25 10:41:59.255,1.03355,1.0339,0.50,9.30
2007.10.25 10:41:59.628,1.03355,1.0339,0.50,9.30
2007.10.25 10:41:59.946,1.03355,1.0339,0.50,9.30
2007.10.25 10:42:00.265,1.0336,1.0339,2.40,2.80
2007.10.25 10:42:00.414,1.0336,1.0339,2.40,2.80
2007.10.25 10:42:00.561,1.0336,1.03395,2.40,6.80
2007.10.25 10:42:00.709,1.0336,1.03395,2.40,6.80
2007.10.25 10:42:00.858,1.0336,1.03395,2.40,2.80
2007.10.25 10:42:01.006,1.0336,1.03395,2.40,2.80
2007.10.25 10:42:01.153,1.0336,1.034,2.40,5.20
2007.10.25 10:42:01.486,1.0336,1.034,2.40,5.20
2007.10.25 10:42:01.818,1.0336,1.034,2.40,5.20
2007.10.25 10:42:02.149,1.0336,1.034,2.40,5.20
2007.10.25 10:42:02.482,1.0336,1.034,2.40,5.20
2007.10.25 10:42:02.632,1.0336,1.03405,2.40,20.40
2007.10.25 10:42:02.644,1.0336,1.034,2.40,0.90
2007.10.25 10:42:02.807,1.0336,1.034,2.40,0.50
2007.10.25 10:42:02.969,1.0336,1.034,2.40,0.60
2007.10.25 10:42:03.132,1.0336,1.03405,2.40,20.40
2007.10.25 10:42:03.295,1.0336,1.03405,2.40,20.40
2007.10.25 10:42:03.562,1.0336,1.034,2.40,0.80
2007.10.25 10:42:03.829,1.0336,1.03405,2.40,20.40
2007.10.25 10:42:04.097,1.0336,1.034,2.40,0.50
2007.10.25 10:42:04.364,1.0336,1.03405,2.40,20.40
2007.10.25 10:42:04.657,1.0336,1.03405,2.40,20.40
2007.10.25 10:42:04.950,1.0336,1.03405,2.40,20.40
2007.10.25 10:42:05.243,1.0336,1.034,2.40,0.60
2007.10.25 10:42:05.535,1.0336,1.034,2.40,0.50
2007.10.25 10:42:05.772,1.0336,1.03405,2.40,20.40
2007.10.25 10:42:05.970,1.0336,1.03405,2.40,20.40
2007.10.25 10:42:06.168,1.0336,1.03405,2.40,20.40
2007.10.25 10:42:06.365,1.0336,1.03405,2.40,20.40
2007.10.25 10:42:06.563,1.0336,1.03405,2.40,20.40
2007.10.25 10:42:06.797,1.0336,1.03405,2.40,20.40
2007.10.25 10:42:07.029,1.0336,1.034,2.40,0.70
2007.10.25 10:42:07.263,1.0336,1.034,2.40,0.50
2007.10.25 10:42:07.497,1.0336,1.03405,2.40,20.40
2007.10.25 10:42:07.730,1.0337,1.03405,2.40,14.80
2007.10.25 10:42:07.969,1.0337,1.0341,2.40,5.20
2007.10.25 10:42:08.206,1.03365,1.034,8.00,0.60
2007.10.25 10:42:08.444,1.03365,1.0341,8.00,9.20
2007.10.25 10:42:08.682,1.03365,1.034,4.00,0.50
2007.10.25 10:42:08.969,1.03365,1.03405,4.00,0.60
2007.10.25 10:42:09.257,1.03365,1.0341,4.00,9.20
2007.10.25 10:42:09.544,1.03365,1.03405,4.00,0.50
2007.10.25 10:42:09.832,1.03365,1.03405,4.00,0.60
2007.10.25 10:42:10.164,1.03365,1.0341,4.00,9.20
2007.10.25 10:42:10.498,1.03365,1.0341,4.00,9.20
2007.10.25 10:42:10.830,1.03365,1.0341,4.00,9.20
2007.10.25 10:42:10.967,1.03365,1.0341,4.00,9.20
2007.10.25 10:42:11.105,1.03365,1.0341,4.00,9.20
2007.10.25 10:42:11.242,1.03365,1.0341,4.00,9.20
2007.10.25 10:42:11.380,1.03365,1.0341,4.00,9.20
2007.10.25 10:42:11.517,1.03365,1.0341,15.90,9.20
2007.10.25 10:42:11.655,1.03365,1.0341,15.90,9.20
2007.10.25 10:42:11.933,1.03365,1.0341,15.90,9.20
2007.10.25 10:42:12.265,1.03365,1.0341,19.90,9.20
2007.10.25 10:42:12.597,1.03365,1.03405,19.90,0.60
2007.10.25 10:42:12.930,1.03365,1.03405,15.90,0.50
2007.10.25 10:42:13.262,1.03365,1.03405,15.90,5.20
2007.10.25 10:42:13.466,1.03365,1.034,15.90,0.60
2007.10.25 10:42:13.670,1.03365,1.034,15.90,0.60
2007.10.25 10:42:13.873,1.03365,1.03405,15.90,7.60
2007.10.25 10:42:14.076,1.03365,1.034,15.90,0.90
2007.10.25 10:42:14.409,1.03365,1.034,15.90,0.50
2007.10.25 10:42:14.741,1.03365,1.034,15.90,0.60
2007.10.25 10:42:15.074,1.03365,1.03405,15.90,7.60
2007.10.25 10:42:15.231,1.03365,1.03405,15.90,7.60
2007.10.25 10:42:15.389,1.03365,1.03405,15.90,7.60
2007.10.25 10:42:15.546,1.03365,1.034,15.90,0.60
2007.10.25 10:42:15.704,1.03365,1.03405,15.90,7.60
2007.10.25 10:42:15.862,1.03365,1.03405,15.90,7.60
2007.10.25 10:42:16.020,1.03365,1.034,15.90,0.80
2007.10.25 10:42:16.306,1.03365,1.03405,15.90,7.60
2007.10.25 10:42:16.593,1.03365,1.03405,15.90,7.60
2007.10.25 10:42:16.881,1.03365,1.034,15.90,0.50
2007.10.25 10:42:17.169,1.03365,1.03405,15.90,7.60
2007.10.25 10:42:17.377,1.03365,1.03405,15.90,7.60
2007.10.25 10:42:17.585,1.03365,1.03405,15.90,7.60
2007.10.25 10:42:17.793,1.03365,1.034,15.90,0.80
2007.10.25 10:42:18.085,1.03365,1.034,15.90,0.50
2007.10.25 10:42:18.297,1.03365,1.03405,15.90,7.60
2007.10.25 10:42:18.509,1.03365,1.034,15.90,0.80
2007.10.25 10:42:18.722,1.03365,1.03405,15.90,7.60
2007.10.25 10:42:18.934,1.03365,1.03405,15.90,7.60
2007.10.25 10:42:19.147,1.03365,1.03405,15.90,7.60
2007.10.25 10:42:19.480,1.03365,1.034,15.90,0.90
2007.10.25 10:42:19.813,1.03365,1.03405,15.90,7.60
2007.10.25 10:42:20.145,1.03365,1.034,15.90,0.50
2007.10.25 10:42:20.368,1.03365,1.03405,15.90,7.60
2007.10.25 10:42:20.591,1.03365,1.03405,15.90,7.60
2007.10.25 10:42:20.814,1.03365,1.034,15.90,0.60
2007.10.25 10:42:21.037,1.03365,1.034,15.90,0.80
2007.10.25 10:42:21.260,1.03365,1.03405,15.90,7.60
2007.10.25 10:42:21.498,1.03365,1.03405,24.70,5.20
2007.10.25 10:42:21.736,1.03375,1.034,0.80,0.60
2007.10.25 10:42:21.972,1.03375,1.03405,0.80,5.20
2007.10.25 10:42:22.210,1.03375,1.03405,0.80,5.20
2007.10.25 10:42:22.443,1.03375,1.034,0.80,0.80
2007.10.25 10:42:22.675,1.03375,1.03405,0.80,5.20
2007.10.25 10:42:22.908,1.03375,1.03405,0.80,5.20
2007.10.25 10:42:23.140,1.03375,1.03405,0.80,5.20
2007.10.25 10:42:23.373,1.03375,1.03405,0.80,5.20
2007.10.25 10:42:23.606,1.03375,1.03405,0.80,5.20
2007.10.25 10:42:23.839,1.03375,1.03405,0.80,5.20
2007.10.25 10:42:24.072,1.03375,1.034,0.80,0.60
2007.10.25 10:42:24.304,1.03375,1.03405,0.80,5.20
2007.10.25 10:42:24.613,1.03375,1.03395,0.80,17.20
2007.10.25 10:42:24.921,1.03375,1.03395,0.80,19.60
2007.10.25 10:42:25.229,1.03355,1.03385,0.80,0.90
2007.10.25 10:42:25.537,1.03355,1.03385,0.80,0.50
2007.10.25 10:42:25.845,1.03355,1.0339,0.80,9.20
2007.10.25 10:42:26.018,1.03355,1.0339,0.80,9.20
2007.10.25 10:42:26.190,1.03355,1.03385,0.80,0.70
2007.10.25 10:42:26.363,1.03355,1.0339,0.80,9.20
2007.10.25 10:42:26.535,1.03355,1.0339,0.80,9.20
2007.10.25 10:42:26.708,1.03355,1.0339,0.80,9.20
2007.10.25 10:42:26.961,1.03355,1.0339,0.80,9.20
2007.10.25 10:42:27.214,1.03355,1.0339,0.80,9.20
2007.10.25 10:42:27.467,1.03365,1.0339,15.90,6.80
2007.10.25 10:42:27.720,1.0337,1.03405,2.40,10.80
2007.10.25 10:42:27.903,1.0337,1.0341,2.40,0.90
2007.10.25 10:42:28.086,1.0337,1.03415,2.40,26.00
2007.10.25 10:42:28.269,1.0337,1.0341,2.40,0.90
2007.10.25 10:42:28.452,1.0337,1.0342,6.40,13.20
2007.10.25 10:42:28.635,1.0337,1.0342,6.40,17.20
2007.10.25 10:42:28.968,1.0337,1.03415,6.40,0.50
2007.10.25 10:42:29.301,1.0337,1.03415,6.40,13.20
2007.10.25 10:42:29.634,1.0338,1.03415,0.80,13.20
2007.10.25 10:42:29.947,1.0338,1.03415,1.60,13.20
2007.10.25 10:42:30.351,1.0338,1.03415,1.60,13.20
2007.10.25 10:42:30.666,1.0338,1.0341,0.80,6.40
2007.10.25 10:42:30.978,1.0338,1.03405,0.80,4.00
2007.10.25 10:42:31.146,1.0338,1.0341,1.60,2.40
2007.10.25 10:42:31.314,1.0338,1.0341,1.60,2.40
2007.10.25 10:42:31.482,1.0338,1.0341,1.60,2.40
2007.10.25 10:42:31.650,1.0338,1.0341,1.60,2.40
2007.10.25 10:42:31.817,1.0338,1.0341,1.60,2.40
2007.10.25 10:42:32.129,1.0338,1.0341,1.60,2.40
2007.10.25 10:42:32.441,1.0338,1.0341,1.60,2.40
2007.10.25 10:42:32.755,1.0338,1.0341,1.60,2.40
2007.10.25 10:42:32.928,1.0338,1.0341,1.60,2.40
2007.10.25 10:42:33.101,1.0338,1.0341,1.60,2.40
2007.10.25 10:42:33.273,1.0338,1.0341,1.60,2.40
2007.10.25 10:42:33.445,1.0338,1.0341,1.60,2.40
2007.10.25 10:42:33.618,1.0338,1.0341,1.60,2.40
2007.10.25 10:42:33.790,1.0338,1.0341,1.60,2.40
2007.10.25 10:42:34.033,1.0338,1.0341,1.60,2.40
2007.10.25 10:42:34.276,1.0338,1.0341,1.60,2.40
2007.10.25 10:42:34.518,1.0338,1.0341,1.60,2.40
2007.10.25 10:42:34.761,1.0338,1.0341,1.60,2.40
2007.10.25 10:42:35.049,1.0338,1.0341,1.60,2.40
2007.10.25 10:42:35.336,1.0338,1.0341,1.60,2.40
2007.10.25 10:42:35.624,1.0338,1.0341,1.60,2.40
2007.10.25 10:42:35.912,1.0338,1.0341,1.60,2.40
2007.10.25 10:42:36.206,1.0338,1.0341,1.60,2.40
2007.10.25 10:42:36.354,1.0338,1.0341,1.60,2.40
2007.10.25 10:42:36.502,1.0338,1.0341,1.60,2.40
2007.10.25 10:42:36.649,1.0338,1.0341,1.60,2.40
2007.10.25 10:42:36.797,1.0338,1.0341,1.60,2.40
2007.10.25 10:42:36.945,1.0338,1.03415,8.00,10.80
2007.10.25 10:42:37.203,1.03395,1.0342,4.00,2.40
2007.10.25 10:42:37.461,1.03395,1.0343,4.80,2.40
2007.10.25 10:42:37.719,1.034,1.03425,0.80,2.80
2007.10.25 10:42:37.977,1.034,1.0343,0.80,5.20
2007.10.25 10:42:38.179,1.03385,1.0343,4.80,5.20
2007.10.25 10:42:38.382,1.03385,1.0343,4.80,5.20
2007.10.25 10:42:38.586,1.03385,1.0343,4.00,5.20
2007.10.25 10:42:38.788,1.03385,1.0343,4.00,5.20
2007.10.25 10:42:38.992,1.03385,1.0343,4.00,5.20
2007.10.25 10:42:39.324,1.03385,1.0343,4.00,5.20
2007.10.25 10:42:39.657,1.03385,1.0343,4.00,5.20
2007.10.25 10:42:39.990,1.03385,1.0343,4.00,5.20
2007.10.25 10:42:40.137,1.03385,1.0343,4.00,5.20
2007.10.25 10:42:40.284,1.03385,1.0343,4.00,5.20
2007.10.25 10:42:40.432,1.03385,1.0343,4.00,5.20
2007.10.25 10:42:40.579,1.03385,1.0343,4.00,5.20
2007.10.25 10:42:40.727,1.03385,1.0343,4.00,5.20
2007.10.25 10:42:40.874,1.03385,1.0343,4.00,5.20
2007.10.25 10:42:41.022,1.0339,1.0343,2.40,5.20
2007.10.25 10:42:41.310,1.0339,1.0343,6.40,2.40
2007.10.25 10:42:41.598,1.0339,1.0343,6.40,2.40
2007.10.25 10:42:41.885,1.0339,1.0343,6.40,2.40
2007.10.25 10:42:42.172,1.0339,1.0343,6.40,2.40
2007.10.25 10:42:42.381,1.0339,1.0343,6.40,2.40
2007.10.25 10:42:42.623,1.0339,1.0343,6.40,2.40
2007.10.25 10:42:42.831,1.0339,1.0343,6.40,2.40
2007.10.25 10:42:43.038,1.0339,1.0343,6.40,2.40
2007.10.25 10:42:43.314,1.0339,1.0343,6.40,2.40
2007.10.25 10:42:43.594,1.03395,1.0343,0.80,2.40
2007.10.25 10:42:43.872,1.034,1.0343,0.80,2.40
2007.10.25 10:42:44.150,1.03405,1.0343,0.80,2.40
2007.10.25 10:42:44.482,1.03405,1.0343,0.80,2.40
2007.10.25 10:42:44.816,1.03405,1.0343,0.80,2.40
2007.10.25 10:42:45.149,1.03405,1.0343,0.80,2.40
2007.10.25 10:42:45.316,1.03405,1.0343,0.80,2.40
2007.10.25 10:42:45.484,1.0341,1.0344,0.80,5.20
2007.10.25 10:42:45.652,1.0341,1.0344,1.60,2.40
2007.10.25 10:42:45.820,1.0341,1.0344,1.60,2.40
2007.10.25 10:42:45.987,1.0341,1.0344,1.60,2.40
2007.10.25 10:42:46.154,1.0341,1.0344,1.60,2.40
2007.10.25 10:42:46.477,1.0341,1.0343,1.60,2.40
2007.10.25 10:42:46.800,1.0339,1.0343,6.40,2.40
2007.10.25 10:42:47.122,1.0339,1.0343,6.40,2.40
2007.10.25 10:42:47.445,1.034,1.03435,2.40,10.00
2007.10.25 10:42:47.638,1.034,1.03435,3.20,6.80
2007.10.25 10:42:47.721,1.034,1.0344,3.20,13.20
2007.10.25 10:42:47.830,1.03405,1.03435,0.80,4.00
2007.10.25 10:42:48.023,1.03405,1.03435,0.80,7.20
2007.10.25 10:42:48.216,1.03405,1.0343,0.80,2.40
2007.10.25 10:42:48.513,1.0339,1.0343,6.40,2.40
2007.10.25 10:42:48.811,1.0339,1.0343,6.40,2.40
2007.10.25 10:42:49.108,1.0339,1.0343,6.40,2.40
2007.10.25 10:42:49.407,1.0339,1.03425,4.00,8.00
2007.10.25 10:42:49.740,1.0339,1.03425,4.00,8.00
2007.10.25 10:42:50.072,1.0339,1.03425,4.00,8.00
2007.10.25 10:42:50.404,1.0339,1.03425,4.00,8.00
2007.10.25 10:42:50.737,1.0339,1.03425,4.00,8.00
2007.10.25 10:42:50.924,1.0339,1.03425,4.00,8.00
2007.10.25 10:42:51.112,1.0339,1.0342,4.00,2.40
2007.10.25 10:42:51.299,1.0339,1.0342,4.00,2.40
2007.10.25 10:42:51.488,1.0339,1.0342,4.00,2.40
2007.10.25 10:42:51.676,1.0339,1.0342,0.80,2.40
2007.10.25 10:42:52.009,1.0339,1.0342,0.80,2.40
2007.10.25 10:42:52.341,1.03385,1.0342,4.00,2.40
2007.10.25 10:42:52.673,1.03385,1.0342,4.00,2.40
2007.10.25 10:42:52.867,1.03385,1.0342,4.00,2.40
2007.10.25 10:42:53.060,1.0339,1.0342,0.80,2.40
2007.10.25 10:42:53.252,1.0339,1.0342,5.60,2.40
2007.10.25 10:42:53.445,1.0339,1.0342,5.60,2.40
2007.10.25 10:42:53.638,1.0339,1.0342,0.80,2.40
2007.10.25 10:42:53.932,1.03385,1.0342,4.00,2.40
2007.10.25 10:42:54.225,1.0339,1.0342,0.80,2.40
2007.10.25 10:42:54.518,1.0339,1.0342,0.80,2.40
2007.10.25 10:42:54.898,1.0339,1.03425,4.00,6.40
2007.10.25 10:42:55.231,1.03395,1.03425,4.00,4.00
2007.10.25 10:42:55.565,1.03395,1.03425,4.00,4.00
2007.10.25 10:42:55.724,1.0339,1.03425,8.00,4.00
2007.10.25 10:42:55.882,1.0339,1.03425,8.00,4.00
2007.10.25 10:42:56.040,1.0339,1.03425,8.00,4.00
2007.10.25 10:42:56.197,1.0339,1.03425,8.00,4.00
2007.10.25 10:42:56.354,1.0339,1.03425,8.00,4.00
2007.10.25 10:42:56.512,1.0339,1.03425,8.00,4.00
2007.10.25 10:42:56.671,1.034,1.0343,0.80,2.40
2007.10.25 10:42:56.973,1.034,1.0343,1.60,2.40
2007.10.25 10:42:57.276,1.034,1.0343,1.60,2.40
2007.10.25 10:42:57.579,1.034,1.0343,1.60,2.40
2007.10.25 10:42:57.882,1.034,1.0343,1.60,2.40
2007.10.25 10:42:58.080,1.034,1.0343,1.60,2.40
2007.10.25 10:42:58.279,1.034,1.0343,1.60,2.40
2007.10.25 10:42:58.477,1.034,1.0343,1.60,2.40
2007.10.25 10:42:58.675,1.034,1.0343,1.60,2.40
2007.10.25 10:42:58.937,1.034,1.0343,1.60,2.40
2007.10.25 10:42:59.200,1.034,1.0343,1.60,2.40
2007.10.25 10:42:59.463,1.034,1.0343,1.60,2.40
2007.10.25 10:42:59.726,1.034,1.0343,1.60,2.40
2007.10.25 10:43:00.058,1.034,1.0343,1.60,2.40
2007.10.25 10:43:00.391,1.034,1.0343,1.60,2.40
2007.10.25 10:43:00.724,1.034,1.0343,1.60,2.40
2007.10.25 10:43:01.028,1.034,1.0343,1.60,2.40
2007.10.25 10:43:01.210,1.034,1.0343,1.60,2.40
2007.10.25 10:43:01.393,1.034,1.0343,1.60,2.40
2007.10.25 10:43:01.576,1.034,1.0343,1.60,2.40
2007.10.25 10:43:01.759,1.034,1.0343,1.60,2.40
2007.10.25 10:43:01.943,1.034,1.0343,1.60,2.40
2007.10.25 10:43:02.200,1.034,1.03425,0.80,4.00
2007.10.25 10:43:02.458,1.03395,1.03425,0.80,4.00
2007.10.25 10:43:02.715,1.03395,1.03425,0.80,4.00
2007.10.25 10:43:02.972,1.03395,1.03425,0.80,4.00
2007.10.25 10:43:03.189,1.03395,1.03425,0.80,4.00
2007.10.25 10:43:03.406,1.03395,1.03425,0.80,4.00
2007.10.25 10:43:03.623,1.03395,1.03425,0.80,4.00
2007.10.25 10:43:03.840,1.03395,1.03425,0.80,4.00
2007.10.25 10:43:04.173,1.03395,1.03425,0.80,4.00
2007.10.25 10:43:04.505,1.03395,1.03425,0.80,4.00
2007.10.25 10:43:04.838,1.03395,1.03425,0.80,4.00
2007.10.25 10:43:05.172,1.03395,1.03425,0.80,6.80
2007.10.25 10:43:05.384,1.03395,1.03425,0.80,6.80
2007.10.25 10:43:05.596,1.03395,1.0342,0.80,2.40
2007.10.25 10:43:05.809,1.03395,1.0342,0.80,5.20
2007.10.25 10:43:06.022,1.03395,1.0342,0.80,5.20
2007.10.25 10:43:06.304,1.03395,1.0342,0.80,5.20
2007.10.25 10:43:06.586,1.03395,1.0342,0.80,5.20
2007.10.25 10:43:06.869,1.03395,1.0342,0.80,5.20
2007.10.25 10:43:07.170,1.03395,1.0342,0.80,5.20
2007.10.25 10:43:07.359,1.03395,1.0342,0.80,5.20
2007.10.25 10:43:07.546,1.03395,1.0342,0.80,5.20
2007.10.25 10:43:07.735,1.03395,1.0342,0.80,5.20
2007.10.25 10:43:07.923,1.03395,1.0342,0.80,5.20
2007.10.25 10:43:08.112,1.03395,1.0342,0.80,5.20
2007.10.25 10:43:08.316,1.03395,1.0342,0.80,5.20
2007.10.25 10:43:08.517,1.03395,1.0342,0.80,5.20
2007.10.25 10:43:08.721,1.03395,1.0342,0.80,5.20
2007.10.25 10:43:08.923,1.03395,1.0342,0.80,5.20
2007.10.25 10:43:09.128,1.03395,1.0342,0.80,5.20
2007.10.25 10:43:09.461,1.03395,1.0342,0.80,5.20
2007.10.25 10:43:09.794,1.03395,1.0342,0.80,5.20
2007.10.25 10:43:10.127,1.03395,1.0342,0.80,5.20
2007.10.25 10:43:10.265,1.03395,1.0342,0.80,5.20
2007.10.25 10:43:10.403,1.03395,1.0342,0.80,5.20
2007.10.25 10:43:10.541,1.03395,1.0342,0.80,5.20
2007.10.25 10:43:10.679,1.03395,1.0342,0.80,5.20
2007.10.25 10:43:10.817,1.03395,1.0342,0.80,5.20
2007.10.25 10:43:10.956,1.03395,1.0342,0.80,5.20
2007.10.25 10:43:11.093,1.03395,1.0342,0.80,5.20
2007.10.25 10:43:11.232,1.03395,1.0342,0.80,5.20
2007.10.25 10:43:11.564,1.03395,1.0342,0.80,5.20
2007.10.25 10:43:11.896,1.03395,1.0342,0.80,5.20
2007.10.25 10:43:12.230,1.03395,1.0342,0.80,5.20
2007.10.25 10:43:12.373,1.03395,1.0342,0.80,5.20
2007.10.25 10:43:12.515,1.03395,1.0342,0.80,5.20
2007.10.25 10:43:12.658,1.03395,1.0342,0.80,5.20
2007.10.25 10:43:12.801,1.03395,1.0342,0.80,5.20
2007.10.25 10:43:12.944,1.03395,1.0342,0.80,5.20
2007.10.25 10:43:13.087,1.03395,1.0342,0.80,5.20
2007.10.25 10:43:13.306,1.03395,1.0342,0.80,5.20
2007.10.25 10:43:13.561,1.03395,1.0342,0.80,2.80
2007.10.25 10:43:13.814,1.03395,1.0342,0.80,2.80
2007.10.25 10:43:14.068,1.03395,1.03425,0.80,4.00
2007.10.25 10:43:14.320,1.03395,1.03425,0.80,4.00
2007.10.25 10:43:14.652,1.03395,1.03425,0.80,4.00
2007.10.25 10:43:14.986,1.03395,1.03425,0.80,4.00
2007.10.25 10:43:15.319,1.03395,1.03425,0.80,4.00
2007.10.25 10:43:15.482,1.03395,1.0342,0.80,2.40
2007.10.25 10:43:15.645,1.03395,1.0342,0.80,2.40
2007.10.25 10:43:15.807,1.03395,1.0342,0.80,5.20
2007.10.25 10:43:15.970,1.03395,1.0342,0.80,5.20
2007.10.25 10:43:16.132,1.03395,1.0342,0.80,5.20
2007.10.25 10:43:16.295,1.03395,1.0342,0.80,5.20
2007.10.25 10:43:16.457,1.03395,1.0342,0.80,5.20
2007.10.25 10:43:16.755,1.03395,1.0342,0.80,5.20
2007.10.25 10:43:17.054,1.03395,1.0342,0.80,5.20
2007.10.25 10:43:17.351,1.03395,1.0342,0.80,5.20
2007.10.25 10:43:17.649,1.03395,1.0342,0.80,5.20
2007.10.25 10:43:17.827,1.03395,1.0342,0.80,5.20
2007.10.25 10:43:18.004,1.03395,1.0342,0.80,5.20
2007.10.25 10:43:18.182,1.03395,1.0342,0.80,5.20
2007.10.25 10:43:18.360,1.03395,1.0342,0.80,5.20
2007.10.25 10:43:18.538,1.0339,1.0342,1.60,5.20
2007.10.25 10:43:18.740,1.0339,1.0342,1.60,5.20
2007.10.25 10:43:18.943,1.0339,1.0342,1.60,5.20
2007.10.25 10:43:19.146,1.0339,1.0342,1.60,5.20
2007.10.25 10:43:19.435,1.0339,1.0342,1.60,5.20
2007.10.25 10:43:19.640,1.0339,1.0342,1.60,5.20
2007.10.25 10:43:19.943,1.0339,1.0342,1.60,5.20
2007.10.25 10:43:20.246,1.0339,1.0342,1.60,5.20
2007.10.25 10:43:20.549,1.0339,1.0342,1.60,5.20
2007.10.25 10:43:20.852,1.0339,1.0342,1.60,5.20
2007.10.25 10:43:21.005,1.0339,1.0342,1.60,5.20
2007.10.25 10:43:21.157,1.0339,1.0342,1.60,5.20
2007.10.25 10:43:21.310,1.0339,1.0342,1.60,5.20
2007.10.25 10:43:21.462,1.0339,1.0342,1.60,5.20
2007.10.25 10:43:21.615,1.0339,1.0342,1.60,5.20
2007.10.25 10:43:21.767,1.0339,1.0342,1.60,5.20
2007.10.25 10:43:22.032,1.0339,1.0342,1.60,5.20
2007.10.25 10:43:22.294,1.0339,1.0342,1.60,5.20
2007.10.25 10:43:22.557,1.0339,1.0342,1.60,5.20
2007.10.25 10:43:22.820,1.0339,1.0342,1.60,5.20
2007.10.25 10:43:23.013,1.0339,1.0342,1.60,5.20
2007.10.25 10:43:23.207,1.0339,1.0342,1.60,5.20
2007.10.25 10:43:23.399,1.0339,1.0342,1.60,5.20
2007.10.25 10:43:23.592,1.0339,1.0342,1.60,5.20
2007.10.25 10:43:23.785,1.0339,1.0342,1.60,5.20
2007.10.25 10:43:23.978,1.0339,1.0342,1.60,5.20
2007.10.25 10:43:24.311,1.0339,1.0342,1.60,5.20
2007.10.25 10:43:24.644,1.0339,1.0342,1.60,2.40
2007.10.25 10:43:24.977,1.0339,1.0342,1.60,2.40
2007.10.25 10:43:25.140,1.0339,1.0342,1.60,2.40
2007.10.25 10:43:25.302,1.0339,1.0342,1.60,2.40
2007.10.25 10:43:25.572,1.0339,1.0342,1.60,2.40
2007.10.25 10:43:25.736,1.0339,1.0342,1.60,2.40
2007.10.25 10:43:25.900,1.0339,1.0342,1.60,2.40
2007.10.25 10:43:26.133,1.0339,1.0342,1.60,2.40
2007.10.25 10:43:26.366,1.0339,1.0342,1.60,2.40
2007.10.25 10:43:26.598,1.0339,1.0342,1.60,2.40
2007.10.25 10:43:26.831,1.0339,1.0342,1.60,2.40
2007.10.25 10:43:27.065,1.0339,1.0342,1.60,2.40
2007.10.25 10:43:27.257,1.0339,1.0342,1.60,2.40
2007.10.25 10:43:27.450,1.0339,1.0342,1.60,2.40
2007.10.25 10:43:27.643,1.0339,1.0342,1.60,2.40
2007.10.25 10:43:27.835,1.0339,1.0342,1.60,2.40
2007.10.25 10:43:28.027,1.0339,1.0342,1.60,2.40
2007.10.25 10:43:28.230,1.0339,1.0342,1.60,2.40
2007.10.25 10:43:28.432,1.0339,1.0342,1.60,2.40
2007.10.25 10:43:28.634,1.0339,1.0342,1.60,2.40
2007.10.25 10:43:28.837,1.0339,1.0342,1.60,2.40
2007.10.25 10:43:29.039,1.0339,1.0342,1.60,2.40
2007.10.25 10:43:29.370,1.0339,1.0342,1.60,2.40
2007.10.25 10:43:29.703,1.0339,1.0342,1.60,2.40
2007.10.25 10:43:30.036,1.0339,1.0342,1.60,2.40
2007.10.25 10:43:30.163,1.0339,1.0342,1.60,2.40
2007.10.25 10:43:30.292,1.0339,1.0342,1.60,2.40
2007.10.25 10:43:30.419,1.0339,1.0342,1.60,2.40
2007.10.25 10:43:30.547,1.0339,1.0342,1.60,2.40
2007.10.25 10:43:30.675,1.0339,1.0342,1.60,2.40
2007.10.25 10:43:30.803,1.0339,1.0342,1.60,2.40
2007.10.25 10:43:30.930,1.0339,1.0342,1.60,2.40
2007.10.25 10:43:31.057,1.0339,1.0342,1.60,2.40
2007.10.25 10:43:31.385,1.0339,1.0342,1.60,2.40
2007.10.25 10:43:31.713,1.0339,1.0342,1.60,2.40
2007.10.25 10:43:32.042,1.0339,1.0342,1.60,2.40
2007.10.25 10:43:32.369,1.0339,1.0342,1.60,2.40
2007.10.25 10:43:32.566,1.0339,1.0342,1.60,2.40
2007.10.25 10:43:32.763,1.0339,1.0342,1.60,2.40
2007.10.25 10:43:32.960,1.0339,1.0342,1.60,2.40
2007.10.25 10:43:33.159,1.0339,1.0342,1.60,2.40
2007.10.25 10:43:33.452,1.0339,1.0342,1.60,2.40
2007.10.25 10:43:33.745,1.0339,1.0342,1.60,2.40
2007.10.25 10:43:34.038,1.0339,1.0342,1.60,2.40
2007.10.25 10:43:34.330,1.0339,1.0342,1.60,2.40
2007.10.25 10:43:34.664,1.0339,1.0342,1.60,2.40
2007.10.25 10:43:34.996,1.0339,1.0342,1.60,2.40
2007.10.25 10:43:35.329,1.0339,1.03425,4.00,6.80
2007.10.25 10:43:35.507,1.0339,1.03425,4.00,6.80
2007.10.25 10:43:35.688,1.0339,1.0342,1.60,2.40
2007.10.25 10:43:35.866,1.0339,1.0342,1.60,2.40
2007.10.25 10:43:36.043,1.0339,1.0342,1.60,2.40
2007.10.25 10:43:36.221,1.0339,1.0342,1.60,2.40
2007.10.25 10:43:36.473,1.0339,1.0342,1.60,2.40
2007.10.25 10:43:36.726,1.0339,1.0342,1.60,2.40
2007.10.25 10:43:36.979,1.0339,1.0342,1.60,2.40
2007.10.25 10:43:37.231,1.0339,1.0342,1.60,2.40
2007.10.25 10:43:37.444,1.0339,1.0342,1.60,2.40
2007.10.25 10:43:37.656,1.0339,1.0342,1.60,2.40
2007.10.25 10:43:37.869,1.0339,1.0342,1.60,2.40
2007.10.25 10:43:38.081,1.0339,1.0342,1.60,2.40
2007.10.25 10:43:38.294,1.0339,1.0342,1.60,2.40
2007.10.25 10:43:38.506,1.0339,1.0342,1.60,2.40
2007.10.25 10:43:38.721,1.0339,1.0342,1.60,2.40
2007.10.25 10:43:38.933,1.0339,1.0342,1.60,2.40
2007.10.25 10:43:39.146,1.0339,1.0342,1.60,2.40
2007.10.25 10:43:39.359,1.0339,1.0342,1.60,2.40
2007.10.25 10:43:39.691,1.0339,1.0342,1.60,2.40
2007.10.25 10:43:40.024,1.0339,1.0342,1.60,2.40
2007.10.25 10:43:40.357,1.0339,1.0342,1.60,2.40
2007.10.25 10:43:40.555,1.0339,1.0342,1.60,2.40
2007.10.25 10:43:40.753,1.0339,1.0342,1.60,2.40
2007.10.25 10:43:40.950,1.0339,1.0342,1.60,2.40
2007.10.25 10:43:41.148,1.0339,1.0342,1.60,2.40
2007.10.25 10:43:41.345,1.0339,1.0342,1.60,2.40
2007.10.25 10:43:41.613,1.0339,1.0342,1.60,2.40
2007.10.25 10:43:41.880,1.0339,1.0342,1.60,2.40
2007.10.25 10:43:42.114,1.03385,1.0342,3.20,2.40
2007.10.25 10:43:42.148,1.0339,1.0342,1.60,2.40
2007.10.25 10:43:42.416,1.0339,1.0342,1.60,2.40
2007.10.25 10:43:42.604,1.0339,1.0342,1.60,2.40
2007.10.25 10:43:42.791,1.0339,1.0342,1.60,2.40
2007.10.25 10:43:42.979,1.0339,1.0342,1.60,2.40
2007.10.25 10:43:43.166,1.0339,1.0342,1.60,2.40
2007.10.25 10:43:43.353,1.0339,1.0342,1.60,2.40
2007.10.25 10:43:43.542,1.0339,1.0342,1.60,2.40
2007.10.25 10:43:43.805,1.0339,1.03415,0.80,4.00
2007.10.25 10:43:44.067,1.03385,1.03415,4.80,4.00
2007.10.25 10:43:44.331,1.03385,1.03415,0.80,4.00
2007.10.25 10:43:44.594,1.0339,1.03415,3.20,4.00
2007.10.25 10:43:44.927,1.0339,1.0342,4.00,2.80
2007.10.25 10:43:45.260,1.0339,1.03425,4.00,6.40
2007.10.25 10:43:45.593,1.0339,1.03425,4.00,6.40
2007.10.25 10:43:45.835,1.0339,1.03425,4.00,6.40
2007.10.25 10:43:46.078,1.0339,1.03425,4.00,6.40
2007.10.25 10:43:46.321,1.0339,1.03425,4.00,6.40
2007.10.25 10:43:46.564,1.0339,1.03425,4.00,6.40
2007.10.25 10:43:46.808,1.0339,1.03425,4.00,4.00
2007.10.25 10:43:47.061,1.0339,1.03425,4.00,4.00
2007.10.25 10:43:47.314,1.0339,1.03425,4.00,4.00
2007.10.25 10:43:47.566,1.0339,1.03425,0.80,4.00
2007.10.25 10:43:47.798,1.0339,1.0343,0.80,2.80
2007.10.25 10:43:48.030,1.034,1.03435,0.80,2.80
2007.10.25 10:43:48.263,1.034,1.03435,0.80,2.80
2007.10.25 10:43:48.496,1.034,1.03435,0.80,2.80
2007.10.25 10:43:48.729,1.034,1.03435,4.00,2.80
2007.10.25 10:43:48.946,1.034,1.03435,4.00,2.80
2007.10.25 10:43:49.165,1.034,1.03425,0.80,4.00
2007.10.25 10:43:49.383,1.03395,1.03425,0.80,4.00
2007.10.25 10:43:49.601,1.03395,1.03425,0.80,4.00
2007.10.25 10:43:49.818,1.03395,1.03425,0.80,4.00
2007.10.25 10:43:50.150,1.03395,1.03425,0.80,4.00
2007.10.25 10:43:50.483,1.03395,1.0343,0.80,2.40
2007.10.25 10:43:50.816,1.03395,1.0343,4.00,2.40
2007.10.25 10:43:51.004,1.03395,1.0343,4.80,2.40
2007.10.25 10:43:51.192,1.034,1.0343,0.80,2.40
2007.10.25 10:43:51.380,1.03405,1.0343,0.80,2.40
2007.10.25 10:43:51.567,1.03405,1.0343,0.80,2.40
2007.10.25 10:43:51.755,1.03405,1.0343,0.80,2.40
2007.10.25 10:43:51.943,1.03405,1.0343,0.80,2.40
2007.10.25 10:43:52.275,1.03405,1.0343,0.80,2.40
2007.10.25 10:43:52.608,1.03405,1.0343,0.80,2.40
2007.10.25 10:43:52.942,1.03405,1.0343,0.80,2.40
2007.10.25 10:43:53.117,1.03405,1.03435,0.80,4.00
2007.10.25 10:43:53.289,1.03405,1.0343,0.80,2.40
2007.10.25 10:43:53.462,1.034,1.0343,1.60,2.40
2007.10.25 10:43:53.635,1.034,1.0343,1.60,2.40
2007.10.25 10:43:53.808,1.034,1.0343,1.60,2.40
2007.10.25 10:43:53.980,1.034,1.0343,1.60,2.40
2007.10.25 10:43:54.313,1.034,1.0343,1.60,2.40
2007.10.25 10:43:54.646,1.034,1.0343,1.60,2.40
2007.10.25 10:43:54.978,1.034,1.0343,1.60,2.40
2007.10.25 10:43:55.141,1.034,1.0343,1.60,2.40
2007.10.25 10:43:55.304,1.034,1.0343,5.60,2.40
2007.10.25 10:43:55.467,1.03405,1.0343,0.80,2.40
2007.10.25 10:43:55.630,1.03405,1.0344,0.80,5.20
2007.10.25 10:43:55.792,1.03405,1.0344,0.80,5.20
2007.10.25 10:43:55.955,1.03405,1.0344,0.80,5.20
2007.10.25 10:43:56.288,1.03405,1.03435,0.80,12.00
2007.10.25 10:43:56.620,1.034,1.03435,8.00,12.00
2007.10.25 10:43:56.955,1.03405,1.0344,0.80,2.40
2007.10.25 10:43:57.288,1.03405,1.0343,0.80,2.40
2007.10.25 10:43:57.516,1.03405,1.0343,0.80,2.40
2007.10.25 10:43:57.744,1.03405,1.0343,0.80,2.40
2007.10.25 10:43:57.971,1.03405,1.0343,0.80,2.40
2007.10.25 10:43:58.200,1.03405,1.0343,0.80,2.40
2007.10.25 10:43:58.413,1.03405,1.0343,0.80,2.40
2007.10.25 10:43:58.626,1.03405,1.0343,0.80,2.40
2007.10.25 10:43:58.838,1.03405,1.03435,0.80,4.00
2007.10.25 10:43:59.051,1.034,1.03435,8.00,4.00
2007.10.25 10:43:59.389,1.034,1.03435,4.00,4.00
2007.10.25 10:43:59.720,1.03405,1.0344,0.80,5.20
2007.10.25 10:44:00.055,1.03405,1.0344,0.80,5.20
2007.10.25 10:44:00.385,1.03405,1.0344,0.80,2.40
2007.10.25 10:44:00.602,1.03405,1.0344,0.80,2.40
2007.10.25 10:44:00.819,1.03405,1.0344,0.80,2.40
2007.10.25 10:44:01.036,1.03405,1.0344,0.80,2.40
2007.10.25 10:44:01.254,1.03405,1.0343,0.80,2.40
2007.10.25 10:44:01.521,1.03405,1.0343,0.80,2.40
2007.10.25 10:44:01.789,1.03405,1.0343,0.80,2.40
2007.10.25 10:44:02.057,1.0341,1.0344,2.40,4.00
2007.10.25 10:44:02.388,1.0341,1.03435,2.40,4.00
2007.10.25 10:44:02.631,1.03405,1.03435,4.80,4.00
2007.10.25 10:44:02.873,1.03405,1.03435,4.80,4.00
2007.10.25 10:44:03.117,1.0341,1.03445,2.40,6.80
2007.10.25 10:44:03.359,1.03415,1.03445,0.80,4.00
2007.10.25 10:44:03.583,1.03415,1.0345,0.80,5.20
2007.10.25 10:44:03.806,1.03415,1.0345,0.80,5.20
2007.10.25 10:44:04.029,1.03415,1.0345,0.80,5.20
2007.10.25 10:44:04.252,1.0342,1.0345,2.40,2.80
2007.10.25 10:44:04.587,1.0342,1.03455,3.20,6.80
2007.10.25 10:44:04.919,1.0342,1.03455,3.20,4.00
2007.10.25 10:44:05.251,1.03425,1.03455,0.80,4.00
2007.10.25 10:44:05.489,1.03425,1.03455,0.80,4.00
2007.10.25 10:44:05.727,1.03425,1.03455,0.80,4.00
2007.10.25 10:44:05.964,1.03425,1.03455,0.80,4.00
2007.10.25 10:44:06.202,1.03425,1.03455,0.80,4.00
2007.10.25 10:44:06.439,1.03425,1.03455,0.80,4.00
2007.10.25 10:44:06.646,1.03425,1.03455,0.80,4.00
2007.10.25 10:44:06.854,1.03425,1.03455,0.80,4.00
2007.10.25 10:44:07.062,1.03425,1.03455,0.80,4.00
2007.10.25 10:44:07.269,1.03425,1.03455,0.80,4.00
2007.10.25 10:44:07.477,1.03425,1.03455,0.80,4.00
2007.10.25 10:44:07.719,1.03425,1.03455,0.80,4.00
2007.10.25 10:44:07.962,1.03425,1.03455,0.80,4.00
2007.10.25 10:44:08.205,1.03425,1.03455,0.80,4.00
2007.10.25 10:44:08.524,1.03425,1.03455,0.80,4.00
2007.10.25 10:44:08.732,1.03425,1.03455,0.80,4.00
2007.10.25 10:44:08.940,1.03425,1.03455,0.80,4.00
2007.10.25 10:44:09.146,1.03425,1.03455,0.80,4.00
2007.10.25 10:44:09.354,1.03425,1.03455,0.80,4.00
2007.10.25 10:44:09.562,1.03425,1.03455,0.80,4.00
2007.10.25 10:44:09.894,1.0343,1.0346,4.00,2.40
2007.10.25 10:44:10.227,1.0343,1.0347,4.00,6.40
2007.10.25 10:44:10.560,1.0343,1.0347,4.00,6.40
2007.10.25 10:44:10.743,1.0343,1.0347,4.00,6.40
2007.10.25 10:44:10.925,1.0343,1.0347,4.00,6.40
2007.10.25 10:44:11.108,1.0343,1.0347,4.00,6.40
2007.10.25 10:44:11.292,1.03425,1.0346,4.00,2.40
2007.10.25 10:44:11.474,1.03425,1.0346,4.80,2.40
2007.10.25 10:44:11.732,1.03425,1.0346,4.80,2.40
2007.10.25 10:44:11.988,1.03425,1.0346,4.80,2.40
2007.10.25 10:44:12.247,1.0343,1.0346,5.60,2.40
2007.10.25 10:44:12.505,1.0343,1.0346,5.60,2.40
2007.10.25 10:44:12.693,1.03425,1.0345,4.00,2.40
2007.10.25 10:44:12.882,1.0342,1.0345,5.60,2.40
2007.10.25 10:44:13.069,1.0342,1.0345,5.60,2.40
2007.10.25 10:44:13.257,1.0342,1.0345,5.60,2.40
2007.10.25 10:44:13.444,1.0342,1.0345,5.60,2.40
2007.10.25 10:44:13.631,1.0342,1.0345,5.60,2.40
2007.10.25 10:44:13.915,1.0342,1.0345,5.60,2.40
2007.10.25 10:44:14.197,1.0342,1.03455,8.00,4.00
2007.10.25 10:44:14.481,1.0343,1.03465,3.20,13.20
2007.10.25 10:44:14.813,1.0343,1.0346,0.80,2.40
2007.10.25 10:44:15.146,1.0343,1.0346,0.80,2.40
2007.10.25 10:44:15.478,1.0343,1.0346,0.80,2.40
2007.10.25 10:44:15.710,1.0343,1.0346,0.80,2.40
2007.10.25 10:44:15.943,1.0343,1.0346,1.60,2.40
2007.10.25 10:44:16.175,1.0343,1.0346,1.60,2.40
2007.10.25 10:44:16.407,1.0343,1.0346,1.60,2.40
2007.10.25 10:44:16.639,1.0343,1.0346,1.60,2.40
2007.10.25 10:44:16.897,1.0343,1.0346,1.60,2.40
2007.10.25 10:44:17.155,1.0343,1.0346,1.60,2.40
2007.10.25 10:44:17.413,1.0343,1.0346,1.60,2.40
2007.10.25 10:44:17.671,1.0343,1.0346,1.60,2.40
2007.10.25 10:44:17.908,1.0343,1.0346,1.60,2.40
2007.10.25 10:44:18.147,1.0343,1.0346,1.60,2.40
2007.10.25 10:44:18.385,1.0343,1.0346,1.60,2.40
2007.10.25 10:44:18.623,1.0343,1.0346,1.60,2.40
2007.10.25 10:44:18.866,1.0343,1.0346,1.60,2.40
2007.10.25 10:44:19.109,1.0343,1.0346,1.60,2.40
2007.10.25 10:44:19.350,1.0343,1.0346,1.60,2.40
2007.10.25 10:44:19.593,1.0343,1.0346,1.60,2.40
2007.10.25 10:44:19.926,1.0343,1.0346,1.60,2.40
2007.10.25 10:44:20.260,1.0343,1.0346,5.60,2.40
2007.10.25 10:44:20.594,1.0343,1.0346,1.60,2.40
2007.10.25 10:44:20.800,1.0343,1.0346,1.60,2.40
2007.10.25 10:44:20.988,1.0343,1.0346,1.60,2.40
2007.10.25 10:44:21.175,1.0343,1.0346,1.60,2.40
2007.10.25 10:44:21.363,1.0343,1.0346,1.60,2.40
2007.10.25 10:44:21.551,1.0343,1.0346,1.60,2.40
2007.10.25 10:44:21.849,1.0343,1.0346,1.60,2.40
2007.10.25 10:44:22.148,1.0343,1.0346,1.60,2.40
2007.10.25 10:44:22.445,1.0343,1.0346,1.60,2.40
2007.10.25 10:44:22.743,1.0343,1.0346,1.60,2.40
2007.10.25 10:44:23.006,1.0343,1.0346,1.60,2.40
2007.10.25 10:44:23.269,1.0343,1.0346,1.60,2.40
2007.10.25 10:44:23.532,1.0343,1.0346,1.60,2.40
2007.10.25 10:44:23.794,1.0343,1.0346,1.60,2.40
2007.10.25 10:44:24.046,1.0343,1.0346,1.60,2.40
2007.10.25 10:44:24.299,1.0343,1.0346,1.60,2.40
2007.10.25 10:44:24.552,1.0343,1.0346,1.60,2.40
2007.10.25 10:44:24.805,1.0343,1.0346,1.60,2.40
2007.10.25 10:44:25.138,1.0343,1.03465,4.00,10.80
2007.10.25 10:44:25.472,1.0343,1.03465,4.00,2.80
2007.10.25 10:44:25.805,1.03435,1.0347,0.80,9.30
2007.10.25 10:44:26.049,1.03425,1.03465,4.00,0.80
2007.10.25 10:44:26.292,1.0342,1.0346,7.20,2.40
2007.10.25 10:44:26.536,1.03425,1.0346,0.80,5.20
2007.10.25 10:44:26.779,1.03425,1.0346,5.60,2.40
2007.10.25 10:44:27.031,1.0343,1.0346,1.60,2.40
2007.10.25 10:44:27.284,1.0343,1.0346,1.60,2.40
2007.10.25 10:44:27.537,1.0343,1.0346,1.60,2.40
2007.10.25 10:44:27.789,1.0343,1.0346,1.60,2.40
2007.10.25 10:44:28.042,1.0343,1.0346,1.60,2.40
2007.10.25 10:44:28.295,1.0343,1.0346,1.60,2.40
2007.10.25 10:44:28.549,1.0343,1.0346,0.80,2.40
2007.10.25 10:44:28.803,1.0343,1.0346,0.80,2.40
2007.10.25 10:44:29.091,1.03425,1.0346,0.80,2.40
2007.10.25 10:44:29.378,1.0343,1.0346,0.80,2.40
2007.10.25 10:44:29.668,1.0343,1.03465,4.00,6.80
2007.10.25 10:44:29.955,1.0343,1.03465,4.00,6.80
2007.10.25 10:44:30.288,1.0343,1.03465,4.00,6.80
2007.10.25 10:44:30.620,1.0343,1.03465,4.00,4.00
2007.10.25 10:44:30.954,1.0343,1.03465,4.00,4.00
2007.10.25 10:44:31.172,1.0343,1.03465,4.00,4.00
2007.10.25 10:44:31.390,1.0343,1.03465,4.00,4.00
2007.10.25 10:44:31.608,1.0343,1.03465,4.00,4.00
2007.10.25 10:44:31.826,1.0343,1.03465,4.00,4.00
2007.10.25 10:44:32.093,1.0343,1.03465,4.00,4.00
2007.10.25 10:44:32.361,1.0343,1.03465,4.00,4.00
2007.10.25 10:44:32.628,1.0343,1.03465,4.00,4.00
2007.10.25 10:44:32.896,1.0343,1.03465,4.00,4.00
2007.10.25 10:44:33.128,1.0343,1.03465,4.00,4.00
2007.10.25 10:44:33.360,1.0343,1.03465,4.00,4.00
2007.10.25 10:44:33.593,1.0343,1.03465,4.00,4.00
2007.10.25 10:44:33.826,1.0344,1.0347,0.80,5.20
2007.10.25 10:44:34.159,1.0344,1.0347,1.60,2.40
2007.10.25 10:44:34.492,1.0344,1.0347,1.60,2.40
2007.10.25 10:44:34.825,1.0344,1.0347,1.60,2.40
2007.10.25 10:44:35.158,1.0344,1.0347,1.60,2.40
2007.10.25 10:44:35.341,1.0344,1.0347,1.60,5.20
2007.10.25 10:44:35.524,1.0344,1.0347,1.60,5.20
2007.10.25 10:44:35.706,1.0344,1.0347,1.60,5.20
2007.10.25 10:44:35.890,1.0344,1.0347,1.60,5.20
2007.10.25 10:44:36.072,1.0344,1.0347,1.60,5.20
2007.10.25 10:44:36.356,1.0344,1.0347,1.60,5.20
2007.10.25 10:44:36.639,1.0344,1.0347,1.60,5.20
2007.10.25 10:44:36.921,1.0344,1.0347,1.60,5.20
2007.10.25 10:44:37.204,1.0344,1.0347,1.60,5.20
2007.10.25 10:44:37.417,1.0344,1.0347,1.60,5.20
2007.10.25 10:44:37.630,1.0344,1.0347,1.60,5.20
2007.10.25 10:44:37.842,1.0344,1.0347,1.60,5.20
2007.10.25 10:44:38.054,1.0344,1.0347,1.60,5.20
2007.10.25 10:44:38.312,1.0344,1.0346,0.80,2.40
2007.10.25 10:44:38.569,1.03435,1.0346,0.80,2.40
2007.10.25 10:44:38.828,1.0343,1.03465,4.00,4.00
2007.10.25 10:44:39.202,1.0343,1.03465,4.00,4.00
2007.10.25 10:44:39.535,1.0343,1.03465,4.00,4.00
2007.10.25 10:44:39.868,1.0343,1.03465,4.00,4.00
2007.10.25 10:44:40.200,1.0343,1.03465,4.00,4.00
2007.10.25 10:44:40.318,1.0343,1.03465,4.00,4.00
2007.10.25 10:44:40.435,1.0343,1.03465,4.00,4.00
2007.10.25 10:44:40.552,1.0343,1.03465,4.00,4.00
2007.10.25 10:44:40.669,1.0343,1.03465,4.00,4.00
2007.10.25 10:44:40.787,1.0343,1.03465,4.00,4.00
2007.10.25 10:44:40.904,1.0343,1.03465,4.00,4.00
2007.10.25 10:44:41.022,1.0343,1.03465,4.00,4.00
2007.10.25 10:44:41.139,1.0343,1.03465,4.00,4.00
2007.10.25 10:44:41.257,1.0343,1.03465,4.00,4.00
2007.10.25 10:44:41.591,1.03435,1.0347,0.80,5.20
2007.10.25 10:44:41.924,1.03435,1.0347,0.80,5.20
2007.10.25 10:44:42.256,1.03435,1.0347,0.80,5.20
2007.10.25 10:44:42.588,1.03435,1.0347,0.80,5.20
2007.10.25 10:44:42.756,1.03435,1.0347,0.80,5.20
2007.10.25 10:44:42.923,1.03435,1.0347,0.80,5.20
2007.10.25 10:44:43.091,1.03435,1.0347,0.80,5.20
2007.10.25 10:44:43.258,1.03435,1.0347,0.80,5.20
2007.10.25 10:44:43.426,1.03435,1.0347,0.80,5.20
2007.10.25 10:44:43.698,1.03435,1.03465,0.80,4.00
2007.10.25 10:44:43.961,1.0343,1.03465,4.00,4.00
2007.10.25 10:44:44.224,1.0343,1.03465,4.00,4.00
2007.10.25 10:44:44.487,1.0343,1.03465,4.00,4.00
2007.10.25 10:44:44.820,1.0343,1.03465,4.00,4.00
2007.10.25 10:44:45.153,1.0343,1.03465,4.00,4.00
2007.10.25 10:44:45.487,1.0343,1.03465,4.00,4.00
2007.10.25 10:44:45.593,1.0343,1.03465,4.00,0.60
2007.10.25 10:44:45.631,1.0343,1.03465,4.00,0.90
2007.10.25 10:44:45.775,1.0343,1.0347,4.00,13.30
2007.10.25 10:44:45.917,1.0343,1.0347,4.00,13.30
2007.10.25 10:44:46.059,1.0343,1.0347,4.00,13.30
2007.10.25 10:44:46.202,1.0343,1.03465,4.00,0.90
2007.10.25 10:44:46.346,1.0343,1.03465,4.00,0.60
2007.10.25 10:44:46.622,1.0343,1.0347,4.00,13.30
2007.10.25 10:44:46.900,1.0343,1.03465,4.00,0.60
2007.10.25 10:44:47.177,1.0343,1.0347,4.00,13.30
2007.10.25 10:44:47.455,1.0343,1.03465,4.00,0.80
2007.10.25 10:44:47.732,1.0343,1.0347,4.00,13.30
2007.10.25 10:44:47.880,1.0343,1.0347,4.00,13.30
2007.10.25 10:44:48.027,1.0343,1.03465,4.00,0.90
2007.10.25 10:44:48.175,1.0343,1.03465,4.00,0.50
2007.10.25 10:44:48.323,1.0343,1.0347,4.00,13.30
2007.10.25 10:44:48.469,1.0343,1.0347,4.00,13.30
2007.10.25 10:44:48.617,1.0343,1.03465,4.00,0.60
2007.10.25 10:44:48.941,1.0343,1.0347,4.00,13.30
2007.10.25 10:44:49.264,1.0343,1.03465,8.00,0.90
2007.10.25 10:44:49.587,1.0343,1.03465,8.00,0.90
2007.10.25 10:44:49.920,1.0343,1.03465,8.00,0.60
2007.10.25 10:44:50.253,1.0343,1.03465,8.00,0.50
2007.10.25 10:44:50.586,1.0343,1.03465,8.00,0.80
2007.10.25 10:44:50.759,1.0343,1.0347,8.00,13.30
2007.10.25 10:44:50.931,1.0343,1.0347,8.00,13.30
2007.10.25 10:44:51.103,1.0343,1.03465,8.00,0.70
2007.10.25 10:44:51.275,1.0343,1.0347,8.00,13.30
2007.10.25 10:44:51.481,1.0343,1.03465,8.00,0.60
2007.10.25 10:44:51.656,1.0343,1.03465,8.00,0.60
2007.10.25 10:44:51.863,1.0343,1.0347,8.00,13.30
2007.10.25 10:44:52.071,1.0343,1.03465,8.00,0.90
2007.10.25 10:44:52.278,1.0343,1.0347,8.00,13.30
2007.10.25 10:44:52.487,1.0343,1.0347,8.00,13.30
2007.10.25 10:44:52.694,1.0343,1.0347,8.00,13.30
2007.10.25 10:44:52.897,1.0343,1.0347,8.00,13.30
2007.10.25 10:44:53.100,1.0343,1.0347,8.00,13.30
2007.10.25 10:44:53.302,1.0343,1.0347,8.00,13.30
2007.10.25 10:44:53.505,1.0343,1.0347,8.00,13.30
2007.10.25 10:44:53.708,1.0343,1.03465,8.00,0.60
2007.10.25 10:44:53.895,1.0343,1.0347,8.00,13.30
2007.10.25 10:44:54.083,1.0343,1.0347,8.00,13.30
2007.10.25 10:44:54.271,1.0343,1.0347,8.00,13.30
2007.10.25 10:44:54.460,1.0343,1.0347,8.00,13.30
2007.10.25 10:44:54.646,1.0343,1.03465,8.00,0.90
2007.10.25 10:44:54.981,1.0343,1.03465,8.00,0.60
2007.10.25 10:44:55.313,1.0343,1.0347,8.00,13.30
2007.10.25 10:44:55.645,1.0343,1.0347,8.00,13.30
2007.10.25 10:44:55.762,1.0343,1.0347,8.00,13.30
2007.10.25 10:44:55.880,1.0343,1.0347,8.00,13.30
2007.10.25 10:44:55.997,1.0343,1.03465,8.00,0.50
2007.10.25 10:44:56.115,1.0343,1.03465,8.00,0.70
2007.10.25 10:44:56.232,1.0343,1.0347,8.00,13.30
2007.10.25 10:44:56.350,1.0343,1.0347,8.00,13.30
2007.10.25 10:44:56.468,1.0343,1.03465,8.00,0.80
2007.10.25 10:44:56.585,1.0343,1.03465,4.00,0.50
2007.10.25 10:44:56.704,1.0343,1.03465,4.00,0.50
2007.10.25 10:44:57.036,1.0343,1.0347,4.00,13.30
2007.10.25 10:44:57.369,1.0343,1.0347,4.00,13.30
2007.10.25 10:44:57.702,1.0343,1.03465,4.00,0.80
2007.10.25 10:44:57.834,1.0343,1.0347,4.00,13.30
2007.10.25 10:44:57.968,1.0343,1.03465,4.00,0.70
2007.10.25 10:44:58.101,1.0343,1.0347,4.00,13.30
2007.10.25 10:44:58.233,1.0343,1.0347,4.00,13.30
2007.10.25 10:44:58.365,1.0343,1.03465,4.00,0.80
2007.10.25 10:44:58.498,1.0343,1.0347,4.00,13.20
2007.10.25 10:44:58.630,1.0343,1.03465,4.00,0.80
2007.10.25 10:44:58.763,1.0343,1.03465,4.00,0.80
2007.10.25 10:44:59.095,1.0343,1.0347,4.00,13.20
2007.10.25 10:44:59.429,1.0343,1.0347,4.00,13.20
2007.10.25 10:44:59.761,1.0343,1.0347,4.00,13.20
2007.10.25 10:45:00.059,1.0343,1.0347,4.00,13.20
2007.10.25 10:45:00.357,1.0343,1.03465,4.00,0.90
2007.10.25 10:45:00.655,1.0343,1.0347,4.00,13.20
2007.10.25 10:45:00.952,1.0343,1.0347,4.00,13.20
2007.10.25 10:45:01.131,1.0343,1.0347,4.00,13.20
2007.10.25 10:45:01.310,1.0343,1.03465,4.00,0.60
2007.10.25 10:45:01.487,1.0343,1.0347,4.00,13.20
2007.10.25 10:45:01.664,1.0343,1.03465,4.00,0.70
2007.10.25 10:45:01.842,1.0343,1.03465,4.00,0.60
2007.10.25 10:45:02.084,1.0343,1.0347,4.00,13.20
2007.10.25 10:45:02.327,1.0343,1.03465,4.00,0.90
2007.10.25 10:45:02.569,1.0343,1.0347,4.00,13.20
2007.10.25 10:45:02.813,1.0343,1.03465,4.00,0.70
2007.10.25 10:45:02.996,1.0343,1.0347,4.00,13.20
2007.10.25 10:45:03.178,1.0343,1.0347,4.00,13.20
2007.10.25 10:45:03.361,1.0343,1.03465,4.00,0.70
2007.10.25 10:45:03.544,1.0343,1.03465,4.00,0.80
2007.10.25 10:45:03.769,1.0343,1.03465,4.00,0.60
2007.10.25 10:45:03.951,1.0343,1.03465,4.00,0.70
2007.10.25 10:45:04.284,1.0343,1.03465,4.00,0.80
2007.10.25 10:45:04.616,1.0343,1.03465,4.00,0.60
2007.10.25 10:45:04.949,1.0343,1.03465,4.00,0.90
2007.10.25 10:45:05.117,1.0343,1.03465,4.00,0.50
2007.10.25 10:45:05.285,1.0343,1.03465,4.00,0.80
2007.10.25 10:45:05.452,1.0343,1.0347,4.00,13.20
2007.10.25 10:45:05.620,1.0343,1.0347,4.00,13.20
2007.10.25 10:45:05.787,1.0343,1.03465,4.00,0.50
2007.10.25 10:45:05.955,1.0343,1.0347,4.00,13.20
2007.10.25 10:45:06.248,1.0343,1.03465,4.00,0.70
2007.10.25 10:45:06.541,1.0343,1.0347,4.00,13.20
2007.10.25 10:45:06.833,1.0343,1.0347,4.00,13.20
2007.10.25 10:45:07.126,1.0343,1.0347,4.00,13.20
2007.10.25 10:45:07.373,1.0343,1.0347,4.00,13.20
2007.10.25 10:45:07.621,1.0343,1.03465,4.00,0.50
2007.10.25 10:45:07.868,1.0343,1.0347,4.00,13.20
2007.10.25 10:45:08.116,1.0343,1.0347,4.00,13.20
2007.10.25 10:45:08.329,1.0343,1.03465,4.00,0.90
2007.10.25 10:45:08.542,1.0343,1.03465,4.00,0.90
2007.10.25 10:45:08.755,1.0343,1.0347,4.00,13.20
2007.10.25 10:45:08.968,1.0343,1.0347,4.00,13.20
2007.10.25 10:45:09.181,1.0343,1.0347,4.00,17.20
2007.10.25 10:45:09.514,1.0343,1.0347,4.00,17.20
2007.10.25 10:45:09.918,1.0343,1.0347,4.00,17.20
2007.10.25 10:45:10.251,1.0343,1.0347,4.00,17.20
2007.10.25 10:45:10.449,1.0343,1.0347,4.00,17.20
2007.10.25 10:45:10.646,1.0343,1.03465,4.00,0.70
2007.10.25 10:45:10.844,1.0343,1.0346,0.80,6.40
2007.10.25 10:45:11.042,1.0343,1.0346,0.80,6.40
2007.10.25 10:45:11.239,1.03425,1.0346,1.60,6.40
2007.10.25 10:45:11.522,1.03425,1.03455,1.60,0.90
2007.10.25 10:45:11.805,1.0343,1.03455,2.40,0.70
2007.10.25 10:45:11.916,1.03425,1.0346,4.00,6.80
2007.10.25 10:45:12.088,1.03425,1.0347,8.80,17.20
2007.10.25 10:45:12.321,1.03425,1.0347,8.80,13.20
2007.10.25 10:45:12.554,1.03425,1.0347,8.80,13.20
2007.10.25 10:45:12.786,1.03425,1.0347,8.80,13.20
2007.10.25 10:45:13.019,1.0343,1.03465,1.00,6.80
2007.10.25 10:45:13.252,1.03425,1.03465,8.80,6.80
2007.10.25 10:45:13.494,1.03425,1.03465,8.80,6.80
2007.10.25 10:45:13.736,1.0343,1.03465,1.30,6.80
2007.10.25 10:45:13.978,1.03425,1.03465,8.80,6.80
2007.10.25 10:45:14.220,1.0343,1.03465,1.90,6.80
2007.10.25 10:45:14.461,1.0343,1.03465,2.10,6.80
2007.10.25 10:45:14.794,1.03425,1.03465,8.80,6.80
2007.10.25 10:45:15.127,1.0343,1.03465,1.60,6.80
2007.10.25 10:45:15.460,1.0343,1.03465,2.20,6.80
2007.10.25 10:45:15.673,1.0343,1.03465,0.90,6.80
2007.10.25 10:45:15.885,1.03425,1.03465,8.80,6.80
2007.10.25 10:45:16.098,1.03425,1.03465,8.80,6.80
2007.10.25 10:45:16.309,1.03425,1.03465,8.80,6.80
2007.10.25 10:45:16.557,1.03425,1.03465,8.80,6.80
2007.10.25 10:45:16.805,1.03425,1.03465,8.80,6.80
2007.10.25 10:45:17.053,1.03425,1.03465,8.80,6.80
2007.10.25 10:45:17.300,1.03425,1.03465,8.80,6.80
2007.10.25 10:45:17.578,1.03425,1.03465,8.80,6.80
2007.10.25 10:45:17.856,1.03425,1.03465,8.80,6.80
2007.10.25 10:45:18.134,1.0343,1.03465,0.70,6.80
2007.10.25 10:45:18.411,1.0343,1.03465,2.40,6.80
2007.10.25 10:45:18.652,1.03425,1.03465,8.80,6.80
2007.10.25 10:45:18.894,1.03425,1.03465,8.80,6.80
2007.10.25 10:45:19.136,1.03425,1.03465,8.80,6.80
2007.10.25 10:45:19.378,1.03425,1.03465,8.80,6.80
2007.10.25 10:45:19.711,1.0343,1.03465,1.90,6.80
2007.10.25 10:45:20.044,1.0343,1.03465,1.50,6.80
2007.10.25 10:45:20.376,1.03425,1.03465,8.80,6.80
2007.10.25 10:45:20.573,1.0343,1.03465,1.80,6.80
2007.10.25 10:45:20.771,1.03425,1.03465,8.80,6.80
2007.10.25 10:45:20.969,1.0343,1.03465,2.10,6.80
2007.10.25 10:45:21.167,1.03425,1.03465,8.80,6.80
2007.10.25 10:45:21.365,1.0343,1.03465,2.20,6.80
2007.10.25 10:45:21.563,1.0343,1.03465,0.90,6.80
2007.10.25 10:45:21.781,1.03425,1.03465,8.80,6.80
2007.10.25 10:45:21.999,1.0343,1.03465,0.80,6.80
2007.10.25 10:45:22.216,1.03425,1.03465,8.80,6.80
2007.10.25 10:45:22.434,1.03425,1.03465,8.80,6.80
2007.10.25 10:45:22.621,1.03425,1.03465,8.80,6.80
2007.10.25 10:45:22.809,1.03425,1.03465,8.80,6.80
2007.10.25 10:45:22.997,1.0343,1.03465,2.20,6.80
2007.10.25 10:45:23.185,1.03425,1.03465,8.80,6.80
2007.10.25 10:45:23.372,1.0343,1.03465,2.20,6.80
2007.10.25 10:45:23.560,1.03425,1.03465,8.80,6.80
2007.10.25 10:45:23.893,1.0342,1.03455,8.00,4.00
2007.10.25 10:45:24.226,1.03425,1.03455,0.80,4.00
2007.10.25 10:45:24.559,1.0342,1.03455,4.00,2.80
2007.10.25 10:45:24.882,1.0342,1.0346,4.00,5.20
2007.10.25 10:45:25.204,1.03425,1.0346,0.80,5.20
2007.10.25 10:45:25.527,1.0343,1.0346,0.60,2.40
2007.10.25 10:45:25.740,1.03425,1.0346,6.40,2.40
2007.10.25 10:45:25.953,1.03425,1.0346,6.40,2.40
2007.10.25 10:45:26.167,1.0343,1.0346,1.20,2.40
2007.10.25 10:45:26.380,1.03425,1.03465,8.80,6.80
2007.10.25 10:45:26.592,1.03425,1.03465,8.80,6.80
2007.10.25 10:45:26.910,1.0343,1.03465,0.90,6.80
2007.10.25 10:45:27.228,1.03425,1.03465,12.80,6.80
2007.10.25 10:45:27.546,1.0343,1.03465,1.40,6.80
2007.10.25 10:45:27.759,1.03425,1.03455,6.40,4.00
2007.10.25 10:45:27.973,1.03415,1.03455,20.80,4.00
2007.10.25 10:45:28.185,1.0342,1.03455,8.00,4.00
2007.10.25 10:45:28.397,1.0342,1.03455,8.00,4.00
2007.10.25 10:45:28.610,1.0342,1.03455,8.00,4.00
2007.10.25 10:45:28.889,1.0343,1.03465,1.00,10.80
2007.10.25 10:45:29.166,1.0343,1.03465,1.00,6.80
2007.10.25 10:45:29.445,1.03425,1.03465,7.20,6.80
2007.10.25 10:45:29.723,1.0343,1.03465,1.30,6.80
2007.10.25 10:45:30.056,1.03425,1.03465,11.20,4.00
2007.10.25 10:45:30.387,1.03425,1.03465,11.20,4.00
2007.10.25 10:45:30.720,1.0343,1.03465,1.60,4.00
2007.10.25 10:45:30.927,1.03425,1.03465,11.20,4.00
2007.10.25 10:45:31.134,1.03425,1.03465,11.20,4.00
2007.10.25 10:45:31.342,1.03425,1.03465,11.20,4.00
2007.10.25 10:45:31.549,1.03425,1.03465,11.20,4.00
2007.10.25 10:45:31.756,1.03425,1.03465,11.20,4.00
2007.10.25 10:45:32.024,1.03425,1.03465,11.20,4.00
2007.10.25 10:45:32.292,1.0343,1.03465,1.10,4.00
2007.10.25 10:45:32.558,1.0343,1.03465,0.60,4.00
2007.10.25 10:45:32.826,1.0343,1.03465,1.50,4.00
2007.10.25 10:45:33.073,1.03425,1.03465,11.20,4.00
2007.10.25 10:45:33.321,1.03425,1.03465,11.20,4.00
2007.10.25 10:45:33.570,1.03425,1.03465,11.20,4.00
2007.10.25 10:45:33.818,1.03425,1.03465,11.20,4.00
2007.10.25 10:45:34.081,1.03425,1.03465,12.00,4.00
2007.10.25 10:45:34.344,1.03425,1.03465,16.00,4.00
2007.10.25 10:45:34.607,1.03435,1.03465,0.80,4.00
2007.10.25 10:45:34.869,1.03435,1.03475,7.20,14.80
2007.10.25 10:45:35.203,1.03435,1.03475,7.20,6.80
2007.10.25 10:45:35.536,1.03435,1.03475,7.20,6.80
2007.10.25 10:45:35.869,1.03435,1.03475,7.20,6.80
2007.10.25 10:45:36.102,1.03435,1.03475,11.20,6.80
2007.10.25 10:45:36.334,1.03435,1.03475,11.20,6.80
2007.10.25 10:45:36.567,1.0344,1.03475,1.10,6.80
2007.10.25 10:45:36.799,1.03435,1.03475,11.20,6.80
2007.10.25 10:45:37.062,1.0344,1.03475,0.90,6.80
2007.10.25 10:45:37.325,1.03435,1.03475,11.20,6.80
2007.10.25 10:45:37.588,1.03435,1.03475,11.20,6.80
2007.10.25 10:45:37.851,1.0344,1.03475,1.40,6.80
2007.10.25 10:45:38.084,1.0344,1.03475,1.50,6.80
2007.10.25 10:45:38.316,1.0344,1.03475,1.40,6.80
2007.10.25 10:45:38.550,1.0344,1.03475,0.90,6.80
2007.10.25 10:45:38.783,1.03435,1.03475,11.20,6.80
2007.10.25 10:45:39.015,1.03435,1.03475,11.20,6.80
2007.10.25 10:45:39.348,1.0344,1.03475,2.40,6.80
2007.10.25 10:45:39.680,1.0344,1.03475,2.40,6.80
2007.10.25 10:45:40.013,1.0344,1.0347,2.40,2.80
2007.10.25 10:45:40.101,1.0344,1.0347,2.40,0.50
2007.10.25 10:45:40.221,1.0344,1.0348,2.40,9.20
2007.10.25 10:45:40.428,1.0344,1.0348,2.40,9.20
2007.10.25 10:45:40.636,1.0344,1.03475,2.40,0.80
2007.10.25 10:45:40.844,1.0344,1.03475,2.40,0.60
2007.10.25 10:45:41.051,1.0344,1.0348,2.40,9.20
2007.10.25 10:45:41.319,1.0344,1.0348,2.40,9.20
2007.10.25 10:45:41.587,1.0344,1.03475,2.40,0.60
2007.10.25 10:45:41.856,1.0344,1.0348,2.40,9.20
2007.10.25 10:45:42.124,1.0344,1.03475,2.40,0.70
2007.10.25 10:45:42.386,1.0344,1.03475,2.40,0.80
2007.10.25 10:45:42.648,1.0344,1.03475,2.40,0.60
2007.10.25 10:45:42.912,1.0344,1.03475,2.40,0.70
2007.10.25 10:45:43.175,1.0344,1.03475,2.40,0.80
2007.10.25 10:45:43.438,1.0344,1.03475,2.40,0.80
2007.10.25 10:45:43.701,1.0344,1.03475,2.40,0.70
2007.10.25 10:45:43.963,1.0344,1.0348,2.40,9.20
2007.10.25 10:45:44.226,1.0344,1.03475,2.40,0.60
2007.10.25 10:45:44.553,1.0344,1.03475,2.40,0.80
2007.10.25 10:45:44.881,1.0344,1.03475,2.40,0.90
2007.10.25 10:45:45.208,1.0344,1.0348,2.40,9.20
2007.10.25 10:45:45.371,1.0344,1.03475,2.40,0.60
2007.10.25 10:45:45.534,1.0344,1.0348,2.40,9.20
2007.10.25 10:45:45.696,1.0344,1.0348,2.40,9.20
2007.10.25 10:45:45.859,1.0344,1.03475,2.40,0.80
2007.10.25 10:45:46.022,1.0344,1.0348,2.40,9.20
2007.10.25 10:45:46.184,1.0344,1.03475,2.40,0.50
2007.10.25 10:45:46.487,1.0344,1.0348,2.40,9.20
2007.10.25 10:45:46.789,1.0344,1.0348,2.40,9.20
2007.10.25 10:45:47.093,1.0344,1.0348,2.40,9.20
2007.10.25 10:45:47.395,1.0344,1.03475,2.40,0.90
2007.10.25 10:45:47.618,1.0344,1.0348,2.40,9.20
2007.10.25 10:45:47.840,1.0344,1.0348,2.40,9.20
2007.10.25 10:45:48.063,1.0344,1.0348,2.40,9.20
2007.10.25 10:45:48.286,1.0344,1.0348,2.40,9.20
2007.10.25 10:45:48.564,1.0344,1.0348,2.40,9.20
2007.10.25 10:45:48.842,1.0344,1.0348,2.40,9.20
2007.10.25 10:45:49.119,1.0344,1.0348,2.40,9.20
2007.10.25 10:45:49.398,1.03435,1.03475,4.80,14.00
2007.10.25 10:45:49.731,1.0344,1.0347,0.80,0.60
2007.10.25 10:45:50.064,1.0344,1.0347,0.80,6.00
2007.10.25 10:45:50.397,1.03435,1.03465,0.80,0.80
2007.10.25 10:45:50.626,1.03435,1.0347,0.80,10.00
2007.10.25 10:45:50.854,1.03435,1.0346,0.80,0.60
2007.10.25 10:45:51.082,1.03435,1.0347,0.80,5.20
2007.10.25 10:45:51.309,1.03435,1.0347,0.80,5.20
2007.10.25 10:45:51.636,1.03435,1.03465,0.80,0.80
2007.10.25 10:45:51.964,1.03435,1.0347,0.80,5.20
2007.10.25 10:45:52.292,1.03435,1.03465,0.80,0.60
2007.10.25 10:45:52.514,1.03435,1.0347,0.80,5.20
2007.10.25 10:45:52.737,1.03435,1.03465,0.80,0.80
2007.10.25 10:45:52.959,1.0344,1.0347,0.80,5.20
2007.10.25 10:45:53.183,1.0344,1.0347,1.60,0.50
2007.10.25 10:45:53.406,1.0344,1.03475,4.00,11.60
2007.10.25 10:45:53.633,1.0344,1.03475,4.00,11.60
2007.10.25 10:45:53.861,1.0344,1.03465,1.60,0.80
2007.10.25 10:45:54.088,1.0344,1.0347,1.60,9.20
2007.10.25 10:45:54.315,1.0344,1.03475,1.60,14.00
2007.10.25 10:45:54.542,1.0344,1.0348,4.00,14.00
2007.10.25 10:45:54.875,1.0344,1.0348,4.00,14.00
2007.10.25 10:45:55.208,1.0344,1.0348,4.00,14.00
2007.10.25 10:45:55.541,1.0344,1.0348,4.00,14.00
2007.10.25 10:45:55.738,1.0344,1.0348,4.00,14.00
2007.10.25 10:45:55.936,1.0344,1.03475,4.00,0.80
2007.10.25 10:45:56.134,1.0344,1.0348,4.00,14.00
2007.10.25 10:45:56.332,1.0344,1.03475,4.00,0.80
2007.10.25 10:45:56.529,1.0344,1.0348,4.00,14.00
2007.10.25 10:45:56.836,1.0344,1.03475,4.00,0.90
2007.10.25 10:45:57.144,1.0344,1.03475,4.00,0.80
2007.10.25 10:45:57.452,1.0344,1.03475,4.00,0.50
2007.10.25 10:45:57.694,1.0344,1.0348,4.00,14.00
2007.10.25 10:45:57.937,1.0344,1.0348,4.00,14.00
2007.10.25 10:45:58.179,1.0344,1.03475,4.00,0.70
2007.10.25 10:45:58.421,1.0344,1.0348,4.00,14.00
2007.10.25 10:45:58.664,1.0344,1.03475,4.00,0.70
2007.10.25 10:45:59.020,1.0344,1.03475,4.00,0.90
2007.10.25 10:45:59.274,1.0344,1.03475,4.00,0.70
2007.10.25 10:45:59.527,1.0344,1.0348,4.00,14.00
2007.10.25 10:45:59.817,1.0344,1.0348,4.00,14.00
2007.10.25 10:46:00.104,1.0344,1.0348,4.00,14.00
2007.10.25 10:46:00.393,1.0344,1.0348,4.00,14.00
2007.10.25 10:46:00.682,1.0344,1.03475,4.00,0.60
2007.10.25 10:46:00.865,1.0344,1.0348,4.00,14.00
2007.10.25 10:46:01.049,1.0344,1.03475,4.00,0.70
2007.10.25 10:46:01.231,1.0344,1.0348,4.00,10.00
2007.10.25 10:46:01.413,1.0344,1.0348,4.00,10.00
2007.10.25 10:46:01.597,1.0344,1.0348,4.00,10.00
2007.10.25 10:46:01.780,1.0344,1.0348,4.00,10.00
2007.10.25 10:46:02.068,1.0344,1.03475,4.00,0.50
2007.10.25 10:46:02.356,1.0344,1.0348,4.00,10.00
2007.10.25 10:46:02.644,1.0344,1.0348,4.00,10.00
2007.10.25 10:46:02.932,1.0344,1.0348,4.00,10.00
2007.10.25 10:46:03.154,1.0344,1.0348,4.00,10.00
2007.10.25 10:46:03.377,1.0344,1.0348,4.00,10.00
2007.10.25 10:46:03.599,1.0344,1.0348,4.00,10.00
2007.10.25 10:46:03.822,1.0344,1.03475,4.00,0.70
2007.10.25 10:46:04.155,1.0344,1.0348,4.00,10.00
2007.10.25 10:46:04.489,1.0344,1.03475,4.00,0.70
2007.10.25 10:46:04.822,1.0344,1.03475,4.00,0.50
2007.10.25 10:46:05.004,1.0344,1.0348,4.00,10.00
2007.10.25 10:46:05.187,1.0344,1.0348,4.00,10.00
2007.10.25 10:46:05.369,1.0344,1.0348,4.00,10.00
2007.10.25 10:46:05.552,1.0344,1.0348,4.00,10.00
2007.10.25 10:46:05.735,1.0344,1.03475,4.00,0.60
2007.10.25 10:46:05.918,1.0344,1.03475,4.00,0.80
2007.10.25 10:46:06.201,1.0344,1.03475,4.00,0.80
2007.10.25 10:46:06.483,1.0344,1.03475,4.00,0.50
2007.10.25 10:46:06.765,1.0344,1.03475,4.00,0.70
2007.10.25 10:46:07.047,1.0344,1.03475,4.00,0.70
2007.10.25 10:46:07.265,1.0344,1.03475,4.00,7.60
2007.10.25 10:46:07.483,1.0344,1.03475,4.00,23.60
2007.10.25 10:46:07.701,1.0344,1.03475,4.00,23.60
2007.10.25 10:46:07.918,1.0344,1.03475,4.00,23.60
2007.10.25 10:46:08.156,1.0344,1.03475,4.00,23.60
2007.10.25 10:46:08.394,1.0344,1.03475,4.00,23.60
2007.10.25 10:46:08.632,1.0344,1.03475,4.00,23.60
2007.10.25 10:46:08.869,1.0344,1.03475,4.00,23.60
2007.10.25 10:46:09.106,1.0344,1.03475,4.00,23.60
2007.10.25 10:46:09.439,1.0344,1.03475,4.00,23.60
2007.10.25 10:46:09.772,1.0344,1.03475,4.00,23.60
2007.10.25 10:46:10.105,1.0344,1.03475,4.00,23.60
2007.10.25 10:46:10.298,1.0344,1.03475,4.00,23.60
2007.10.25 10:46:10.492,1.0344,1.03475,4.00,23.60
2007.10.25 10:46:10.683,1.0344,1.03475,4.00,23.60
2007.10.25 10:46:10.876,1.0344,1.03475,4.00,23.60
2007.10.25 10:46:11.069,1.0344,1.03475,4.00,23.60
2007.10.25 10:46:11.377,1.0344,1.0347,1.60,2.40
2007.10.25 10:46:11.685,1.03445,1.03475,0.80,23.60
2007.10.25 10:46:11.992,1.03445,1.03475,0.80,23.60
2007.10.25 10:46:12.300,1.03445,1.03475,0.80,22.80
2007.10.25 10:46:12.513,1.03445,1.03475,0.80,4.00
2007.10.25 10:46:12.725,1.03445,1.03475,0.80,4.00
2007.10.25 10:46:12.938,1.03445,1.03475,0.80,4.00
2007.10.25 10:46:13.150,1.03445,1.03475,0.80,4.00
2007.10.25 10:46:13.378,1.03445,1.03475,0.80,4.00
2007.10.25 10:46:13.606,1.03445,1.03475,0.80,4.00
2007.10.25 10:46:13.834,1.03445,1.03475,0.80,4.00
2007.10.25 10:46:14.061,1.03445,1.03475,0.80,4.00
2007.10.25 10:46:14.288,1.03445,1.03475,0.80,4.00
2007.10.25 10:46:14.621,1.0345,1.0348,0.60,5.20
2007.10.25 10:46:14.954,1.0345,1.03475,0.60,4.00
2007.10.25 10:46:15.286,1.0345,1.03475,0.60,6.80
2007.10.25 10:46:15.479,1.0345,1.03475,0.60,6.80
2007.10.25 10:46:15.672,1.0345,1.03475,0.60,6.80
2007.10.25 10:46:15.865,1.0345,1.03475,0.60,6.80
2007.10.25 10:46:16.058,1.0345,1.03475,0.60,6.80
2007.10.25 10:46:16.250,1.0345,1.03475,0.60,6.80
2007.10.25 10:46:16.478,1.0345,1.03475,0.60,6.80
2007.10.25 10:46:16.706,1.0345,1.03475,0.60,6.80
2007.10.25 10:46:16.932,1.0345,1.03475,0.60,6.80
2007.10.25 10:46:17.160,1.0345,1.03475,0.60,6.80
2007.10.25 10:46:17.435,1.0345,1.03475,0.60,6.80
2007.10.25 10:46:17.672,1.0345,1.03475,0.60,6.80
2007.10.25 10:46:17.911,1.0345,1.03475,0.60,6.80
2007.10.25 10:46:18.148,1.0345,1.03475,0.60,6.80
2007.10.25 10:46:18.386,1.0345,1.03475,0.60,6.80
2007.10.25 10:46:18.624,1.0345,1.03475,0.60,6.80
2007.10.25 10:46:18.862,1.0345,1.03475,0.60,6.80
2007.10.25 10:46:19.099,1.0345,1.03475,0.60,6.80
2007.10.25 10:46:19.336,1.0345,1.03475,0.60,6.80
2007.10.25 10:46:19.669,1.0345,1.03475,0.60,6.80
2007.10.25 10:46:20.001,1.0345,1.03475,0.60,6.80
2007.10.25 10:46:20.333,1.0345,1.03475,0.60,6.80
2007.10.25 10:46:20.541,1.0345,1.03475,0.60,6.80
2007.10.25 10:46:20.749,1.0345,1.03475,0.60,6.80
2007.10.25 10:46:20.957,1.0345,1.03475,0.60,6.80
2007.10.25 10:46:21.164,1.0345,1.03475,0.60,6.80
2007.10.25 10:46:21.371,1.0345,1.03475,0.60,6.80
2007.10.25 10:46:21.618,1.0345,1.03475,0.60,6.80
2007.10.25 10:46:21.866,1.0345,1.03475,0.60,6.80
2007.10.25 10:46:22.115,1.0345,1.03475,0.60,6.80
2007.10.25 10:46:22.362,1.0345,1.03475,0.60,6.80
2007.10.25 10:46:22.560,1.0345,1.03475,0.60,6.80
2007.10.25 10:46:22.756,1.0345,1.03475,0.60,6.80
2007.10.25 10:46:22.954,1.0345,1.03475,0.60,6.80
2007.10.25 10:46:23.151,1.0345,1.03475,0.60,6.80
2007.10.25 10:46:23.349,1.0345,1.03475,0.60,6.80
2007.10.25 10:46:23.597,1.0345,1.03475,0.60,6.80
2007.10.25 10:46:23.845,1.0345,1.03475,0.60,6.80
2007.10.25 10:46:24.093,1.0345,1.03475,0.60,6.80
2007.10.25 10:46:24.342,1.0345,1.03475,0.60,6.80
2007.10.25 10:46:24.589,1.0345,1.03475,0.60,6.80
2007.10.25 10:46:24.921,1.0345,1.03475,0.60,6.80
2007.10.25 10:46:25.253,1.0345,1.03475,0.60,6.80
2007.10.25 10:46:25.585,1.0345,1.03475,0.60,6.80
2007.10.25 10:46:25.758,1.0345,1.03475,0.60,6.80
2007.10.25 10:46:25.930,1.0345,1.03475,0.60,6.80
2007.10.25 10:46:26.103,1.0345,1.03475,0.60,6.80
2007.10.25 10:46:26.276,1.0345,1.03475,0.60,6.80
2007.10.25 10:46:26.448,1.0345,1.03475,0.60,6.80
2007.10.25 10:46:26.563,1.0345,1.0348,0.60,9.20
2007.10.25 10:46:26.713,1.0345,1.0348,0.60,9.20
2007.10.25 10:46:26.975,1.0345,1.0348,0.60,9.20
2007.10.25 10:46:27.238,1.0345,1.0348,0.60,9.20
2007.10.25 10:46:27.501,1.0345,1.03475,0.60,0.50
2007.10.25 10:46:27.704,1.0345,1.03475,0.60,6.80
2007.10.25 10:46:27.906,1.0345,1.03475,0.60,6.80
2007.10.25 10:46:28.108,1.0345,1.03475,0.60,6.80
2007.10.25 10:46:28.310,1.0345,1.03475,0.60,6.80
2007.10.25 10:46:28.513,1.0345,1.03475,0.60,6.80
2007.10.25 10:46:28.730,1.0345,1.03475,0.60,6.80
2007.10.25 10:46:28.948,1.0345,1.03475,0.60,6.80
2007.10.25 10:46:29.166,1.0345,1.03475,0.60,6.80
2007.10.25 10:46:29.383,1.0345,1.03475,0.60,6.80
2007.10.25 10:46:29.698,1.0345,1.03475,0.60,6.80
2007.10.25 10:46:30.033,1.03445,1.03475,0.60,6.80
2007.10.25 10:46:30.366,1.03445,1.03475,0.60,6.80
2007.10.25 10:46:30.698,1.03445,1.03475,0.60,6.80
2007.10.25 10:46:30.842,1.03445,1.03475,0.60,6.80
2007.10.25 10:46:30.985,1.03445,1.03475,0.60,6.80
2007.10.25 10:46:31.128,1.03445,1.03475,0.60,6.80
2007.10.25 10:46:31.271,1.03445,1.03475,0.60,6.80
2007.10.25 10:46:31.413,1.03445,1.03475,0.60,6.80
2007.10.25 10:46:31.556,1.03445,1.03475,0.60,6.80
2007.10.25 10:46:31.799,1.03445,1.03475,0.60,6.80
2007.10.25 10:46:32.041,1.03445,1.03475,0.60,6.80
2007.10.25 10:46:32.284,1.03445,1.03475,0.60,6.80
2007.10.25 10:46:32.527,1.03445,1.03475,0.60,6.80
2007.10.25 10:46:32.770,1.03445,1.03475,0.60,6.80
2007.10.25 10:46:32.973,1.03445,1.03475,0.60,6.80
2007.10.25 10:46:33.176,1.03445,1.03475,0.60,4.00
2007.10.25 10:46:33.379,1.03445,1.03475,0.60,4.00
2007.10.25 10:46:33.581,1.03445,1.03475,0.60,4.00
2007.10.25 10:46:33.839,1.03445,1.0347,0.60,2.40
2007.10.25 10:46:34.096,1.03445,1.0347,0.60,2.40
2007.10.25 10:46:34.353,1.03445,1.0347,0.60,2.40
2007.10.25 10:46:34.611,1.03445,1.03475,0.60,4.00
2007.10.25 10:46:34.944,1.03445,1.03475,0.60,4.00
2007.10.25 10:46:35.277,1.03445,1.03475,0.60,4.00
2007.10.25 10:46:35.610,1.0345,1.03475,2.40,4.00
2007.10.25 10:46:35.835,1.0345,1.03475,2.40,4.00
2007.10.25 10:46:36.047,1.03445,1.03475,0.60,4.00
2007.10.25 10:46:36.260,1.03445,1.03475,0.60,4.00
2007.10.25 10:46:36.474,1.03445,1.0348,4.60,5.20
2007.10.25 10:46:36.687,1.03445,1.0348,4.60,5.20
2007.10.25 10:46:37.020,1.0345,1.0348,2.40,2.80
2007.10.25 10:46:37.354,1.0345,1.03485,2.40,14.00
2007.10.25 10:46:37.687,1.0345,1.0348,2.40,2.80
2007.10.25 10:46:37.924,1.0345,1.0348,2.40,2.80
2007.10.25 10:46:38.161,1.0345,1.0348,2.40,2.80
2007.10.25 10:46:38.398,1.0345,1.0348,2.40,2.80
2007.10.25 10:46:38.635,1.0345,1.0348,2.40,2.80
2007.10.25 10:46:38.923,1.0345,1.0348,2.40,2.80
2007.10.25 10:46:39.209,1.0345,1.0348,2.40,2.80
2007.10.25 10:46:39.497,1.0345,1.03475,2.40,2.80
2007.10.25 10:46:39.785,1.0345,1.03485,2.40,11.20
2007.10.25 10:46:40.118,1.0345,1.0348,2.40,2.80
2007.10.25 10:46:40.451,1.0345,1.0348,2.40,2.80
2007.10.25 10:46:40.783,1.0345,1.0348,2.40,2.80
2007.10.25 10:46:41.011,1.0345,1.0348,2.40,2.80
2007.10.25 10:46:41.238,1.0345,1.0348,2.40,2.80
2007.10.25 10:46:41.466,1.0345,1.0348,2.40,2.80
2007.10.25 10:46:41.693,1.03445,1.0348,0.60,5.20
2007.10.25 10:46:41.981,1.03445,1.03475,0.60,6.80
2007.10.25 10:46:42.268,1.03445,1.03475,0.60,6.80
2007.10.25 10:46:42.555,1.03445,1.03475,0.60,6.80
2007.10.25 10:46:42.843,1.03445,1.03475,0.60,6.80
2007.10.25 10:46:43.051,1.03445,1.03475,0.60,6.80
2007.10.25 10:46:43.258,1.0345,1.03475,2.40,6.80
2007.10.25 10:46:43.466,1.0345,1.03475,2.40,6.80
2007.10.25 10:46:43.674,1.0345,1.03475,2.40,6.80
2007.10.25 10:46:43.881,1.0345,1.03475,2.40,6.80
2007.10.25 10:46:44.213,1.03445,1.03475,0.60,6.80
2007.10.25 10:46:44.545,1.0344,1.03475,3.60,6.80
2007.10.25 10:46:44.877,1.0344,1.03475,3.60,6.80
2007.10.25 10:46:45.065,1.0344,1.03475,3.60,6.80
2007.10.25 10:46:45.252,1.0344,1.03475,3.60,6.80
2007.10.25 10:46:45.440,1.0344,1.03475,3.60,6.80
2007.10.25 10:46:45.628,1.0344,1.03475,3.60,6.80
2007.10.25 10:46:45.815,1.0344,1.03475,3.60,6.80
2007.10.25 10:46:46.004,1.0344,1.03475,3.60,6.80
2007.10.25 10:46:46.277,1.0344,1.03475,3.60,6.80
2007.10.25 10:46:46.550,1.0344,1.03475,3.60,6.80
2007.10.25 10:46:46.822,1.0344,1.03475,3.60,6.80
2007.10.25 10:46:47.095,1.0344,1.03475,3.60,6.80
2007.10.25 10:46:47.288,1.0344,1.03475,3.60,6.80
2007.10.25 10:46:47.481,1.0344,1.03475,3.60,4.00
2007.10.25 10:46:47.674,1.0344,1.03475,3.60,4.00
2007.10.25 10:46:47.867,1.0344,1.03475,7.70,2.80
2007.10.25 10:46:48.109,1.0344,1.03475,7.70,2.80
2007.10.25 10:46:48.392,1.0344,1.03475,7.70,2.80
2007.10.25 10:46:48.675,1.0344,1.0348,7.70,5.20
2007.10.25 10:46:48.958,1.0344,1.0348,7.70,5.20
2007.10.25 10:46:49.291,1.0344,1.0348,7.70,5.20
2007.10.25 10:46:49.624,1.0346,1.0348,0.60,2.80
2007.10.25 10:46:49.957,1.03465,1.0348,0.60,2.80
2007.10.25 10:46:50.290,1.03455,1.03485,4.00,2.80
2007.10.25 10:46:50.513,1.0344,1.03485,10.40,2.80
2007.10.25 10:46:50.735,1.0345,1.0349,4.00,5.20
2007.10.25 10:46:50.959,1.0345,1.0349,6.40,5.20
2007.10.25 10:46:51.181,1.0345,1.0349,6.40,5.20
2007.10.25 10:46:51.514,1.0345,1.0348,4.60,2.40
2007.10.25 10:46:51.847,1.0345,1.0348,0.60,2.40
2007.10.25 10:46:52.179,1.0345,1.0348,1.20,2.40
2007.10.25 10:46:52.416,1.0345,1.0348,1.20,2.40
2007.10.25 10:46:52.654,1.0345,1.0348,1.20,5.20
2007.10.25 10:46:52.892,1.0345,1.0348,1.20,2.40
2007.10.25 10:46:53.130,1.0345,1.0348,1.20,2.40
2007.10.25 10:46:53.407,1.0345,1.0348,1.20,2.40
2007.10.25 10:46:53.685,1.0345,1.0348,1.20,2.40
2007.10.25 10:46:53.963,1.0345,1.0348,1.20,2.40
2007.10.25 10:46:54.245,1.0345,1.0348,1.20,2.40
2007.10.25 10:46:54.579,1.0345,1.0348,1.20,2.40
2007.10.25 10:46:54.915,1.0345,1.0348,1.20,2.40
2007.10.25 10:46:55.244,1.0345,1.0348,1.20,2.40
2007.10.25 10:46:55.425,1.0345,1.0348,1.20,2.40
2007.10.25 10:46:55.602,1.0345,1.0348,1.20,2.40
2007.10.25 10:46:55.779,1.0345,1.0348,1.20,2.40
2007.10.25 10:46:55.957,1.0345,1.0348,1.20,2.40
2007.10.25 10:46:56.134,1.0345,1.0348,1.20,2.40
2007.10.25 10:46:56.312,1.0345,1.0348,1.20,2.40
2007.10.25 10:46:56.610,1.0345,1.0348,1.20,2.40
2007.10.25 10:46:56.908,1.0345,1.0348,1.20,2.40
2007.10.25 10:46:57.206,1.0345,1.0348,1.20,2.40
2007.10.25 10:46:57.504,1.0345,1.0348,1.20,2.40
2007.10.25 10:46:57.702,1.0345,1.0348,1.20,2.40
2007.10.25 10:46:57.900,1.0345,1.0348,1.20,2.40
2007.10.25 10:46:58.098,1.0345,1.0348,1.20,2.40
2007.10.25 10:46:58.295,1.0345,1.0348,1.20,2.40
2007.10.25 10:46:58.494,1.0345,1.0348,1.20,2.40
2007.10.25 10:46:58.727,1.0345,1.0348,1.20,2.40
2007.10.25 10:46:58.960,1.0345,1.0348,1.20,2.40
2007.10.25 10:46:59.193,1.0345,1.0348,1.20,2.40
2007.10.25 10:46:59.426,1.0345,1.0348,1.20,2.40
2007.10.25 10:46:59.750,1.0345,1.03485,3.60,9.20
2007.10.25 10:47:00.072,1.0345,1.03485,7.10,2.80
2007.10.25 10:47:00.394,1.0345,1.0349,6.40,2.80
2007.10.25 10:47:00.718,1.0345,1.0349,6.40,2.80
2007.10.25 10:47:00.946,1.0345,1.0349,6.40,2.80
2007.10.25 10:47:01.174,1.0345,1.0349,6.40,2.80
2007.10.25 10:47:01.401,1.0345,1.0349,6.40,2.80
2007.10.25 10:47:01.628,1.0345,1.0349,6.40,2.80
2007.10.25 10:47:01.866,1.0345,1.0349,6.40,2.80
2007.10.25 10:47:02.105,1.0345,1.0349,6.40,2.80
2007.10.25 10:47:02.342,1.0345,1.0349,6.40,2.80
2007.10.25 10:47:02.580,1.0345,1.0349,6.40,2.80
2007.10.25 10:47:02.792,1.0345,1.0349,6.40,2.80
2007.10.25 10:47:03.006,1.0345,1.0349,6.40,2.80
2007.10.25 10:47:03.219,1.0345,1.0349,6.40,2.80
2007.10.25 10:47:03.432,1.0345,1.0349,6.40,2.80
2007.10.25 10:47:03.664,1.0345,1.0349,6.40,2.80
2007.10.25 10:47:03.896,1.0345,1.0349,6.40,2.80
2007.10.25 10:47:04.128,1.0345,1.0349,6.40,2.80
2007.10.25 10:47:04.361,1.0345,1.0349,6.40,2.80
2007.10.25 10:47:04.595,1.0345,1.0349,6.40,2.80
2007.10.25 10:47:04.907,1.0345,1.0349,6.40,2.80
2007.10.25 10:47:05.220,1.0345,1.0349,6.40,2.80
2007.10.25 10:47:05.533,1.0345,1.0349,6.40,2.80
2007.10.25 10:47:05.846,1.0345,1.03495,10.40,2.80
2007.10.25 10:47:06.040,1.03455,1.03495,0.80,2.80
2007.10.25 10:47:06.233,1.0346,1.03495,2.40,2.80
2007.10.25 10:47:06.522,1.0346,1.035,3.00,5.20
2007.10.25 10:47:06.641,1.0346,1.03505,3.00,18.00
2007.10.25 10:47:06.714,1.03465,1.035,0.60,0.50
2007.10.25 10:47:06.971,1.03465,1.035,0.60,0.90
2007.10.25 10:47:07.228,1.03465,1.03505,0.60,18.00
2007.10.25 10:47:07.485,1.03465,1.03505,0.60,18.00
2007.10.25 10:47:07.743,1.03465,1.035,0.60,5.20
2007.10.25 10:47:07.936,1.03465,1.035,0.60,5.20
2007.10.25 10:47:08.128,1.03465,1.035,0.60,5.20
2007.10.25 10:47:08.321,1.03465,1.035,0.60,5.20
2007.10.25 10:47:08.513,1.03465,1.035,0.60,5.20
2007.10.25 10:47:08.707,1.03465,1.035,0.60,5.20
2007.10.25 10:47:08.925,1.03465,1.035,0.60,5.20
2007.10.25 10:47:09.141,1.03465,1.035,0.60,5.20
2007.10.25 10:47:09.359,1.03465,1.035,0.60,5.20
2007.10.25 10:47:09.577,1.03465,1.035,0.60,5.20
2007.10.25 10:47:09.795,1.03465,1.035,0.60,5.20
2007.10.25 10:47:10.127,1.03465,1.035,0.60,5.20
2007.10.25 10:47:10.460,1.03465,1.035,0.60,5.20
2007.10.25 10:47:10.792,1.03465,1.035,0.60,5.20
2007.10.25 10:47:10.929,1.03465,1.035,0.60,5.20
2007.10.25 10:47:11.068,1.03465,1.035,0.60,5.20
2007.10.25 10:47:11.205,1.03465,1.035,0.60,5.20
2007.10.25 10:47:11.342,1.03465,1.035,0.60,5.20
2007.10.25 10:47:11.481,1.03465,1.035,0.60,5.20
2007.10.25 10:47:11.618,1.03465,1.035,0.60,5.20
2007.10.25 10:47:11.755,1.03465,1.035,0.60,5.20
2007.10.25 10:47:12.028,1.03465,1.035,0.60,5.20
2007.10.25 10:47:12.300,1.03465,1.035,0.60,5.20
2007.10.25 10:47:12.647,1.0347,1.035,1.20,2.40
2007.10.25 10:47:12.920,1.0347,1.035,1.20,2.40
2007.10.25 10:47:13.193,1.0347,1.035,1.20,2.40
2007.10.25 10:47:13.350,1.0347,1.035,1.20,2.40
2007.10.25 10:47:13.508,1.0347,1.035,1.20,2.40
2007.10.25 10:47:13.666,1.0347,1.035,1.20,2.40
2007.10.25 10:47:13.824,1.0347,1.035,1.20,2.40
2007.10.25 10:47:13.983,1.0347,1.03495,0.60,2.80
2007.10.25 10:47:14.140,1.0347,1.03495,0.60,14.80
2007.10.25 10:47:14.473,1.03465,1.03495,0.80,4.00
2007.10.25 10:47:14.807,1.03475,1.035,0.60,2.40
2007.10.25 10:47:15.142,1.03475,1.035,0.60,2.40
2007.10.25 10:47:15.344,1.0347,1.035,1.20,2.40
2007.10.25 10:47:15.547,1.0347,1.035,1.20,2.40
2007.10.25 10:47:15.749,1.0347,1.035,1.20,2.40
2007.10.25 10:47:15.952,1.0347,1.035,1.20,2.40
2007.10.25 10:47:16.154,1.0347,1.035,1.20,2.40
2007.10.25 10:47:16.401,1.0347,1.035,1.20,2.40
2007.10.25 10:47:16.648,1.0347,1.035,1.20,2.40
2007.10.25 10:47:16.896,1.0347,1.035,1.20,2.40
2007.10.25 10:47:17.145,1.0347,1.035,1.20,2.40
2007.10.25 10:47:17.367,1.0347,1.035,1.20,2.40
2007.10.25 10:47:17.591,1.0347,1.035,1.20,2.40
2007.10.25 10:47:17.813,1.0347,1.035,1.20,2.40
2007.10.25 10:47:18.036,1.0347,1.035,1.20,2.40
2007.10.25 10:47:18.258,1.0347,1.035,1.20,2.40
2007.10.25 10:47:18.506,1.0347,1.035,1.20,2.40
2007.10.25 10:47:18.800,1.0347,1.035,1.20,2.40
2007.10.25 10:47:19.048,1.0347,1.035,1.20,2.40
2007.10.25 10:47:19.374,1.0347,1.035,1.20,2.40
2007.10.25 10:47:19.695,1.0347,1.035,1.20,2.40
2007.10.25 10:47:20.018,1.0347,1.035,1.20,2.40
2007.10.25 10:47:20.340,1.0347,1.03505,1.20,6.80
2007.10.25 10:47:20.528,1.0347,1.0351,1.20,5.20
2007.10.25 10:47:20.716,1.0347,1.0351,1.20,5.20
2007.10.25 10:47:20.904,1.0347,1.0351,1.20,5.20
2007.10.25 10:47:21.092,1.0347,1.03495,1.20,4.00
2007.10.25 10:47:21.376,1.0347,1.03495,0.60,4.00
2007.10.25 10:47:21.659,1.0347,1.035,0.60,5.20
2007.10.25 10:47:21.943,1.0347,1.035,4.70,2.40
2007.10.25 10:47:22.227,1.0347,1.03495,5.30,4.00
2007.10.25 10:47:22.510,1.0347,1.03495,0.60,4.00
2007.10.25 10:47:22.792,1.0347,1.03495,0.60,4.00
2007.10.25 10:47:23.075,1.0347,1.03495,0.60,4.00
2007.10.25 10:47:23.282,1.0347,1.03495,0.60,4.00
2007.10.25 10:47:23.489,1.0347,1.03495,0.60,4.00
2007.10.25 10:47:23.697,1.0347,1.03495,0.60,4.00
2007.10.25 10:47:23.903,1.0347,1.03495,0.60,4.00
2007.10.25 10:47:24.111,1.0347,1.03495,0.60,4.00
2007.10.25 10:47:24.445,1.0347,1.03495,0.60,12.00
2007.10.25 10:47:24.776,1.0347,1.03495,0.60,12.00
2007.10.25 10:47:24.935,1.0347,1.03495,0.60,12.00
2007.10.25 10:47:25.109,1.0347,1.03495,0.60,4.00
2007.10.25 10:47:25.442,1.0347,1.03495,4.70,4.00
2007.10.25 10:47:25.660,1.0347,1.03495,5.30,4.00
2007.10.25 10:47:25.878,1.0347,1.035,5.30,2.40
2007.10.25 10:47:26.096,1.0347,1.03495,0.60,4.00
2007.10.25 10:47:26.314,1.0347,1.03495,0.60,4.00
2007.10.25 10:47:26.620,1.0347,1.03495,0.60,4.00
2007.10.25 10:47:26.928,1.0347,1.03495,0.60,4.00
2007.10.25 10:47:27.236,1.0347,1.03495,0.60,4.00
2007.10.25 10:47:27.508,1.0347,1.03495,0.60,4.00
2007.10.25 10:47:27.781,1.0347,1.03495,0.60,4.00
2007.10.25 10:47:28.053,1.0347,1.03495,0.60,4.00
2007.10.25 10:47:28.325,1.0347,1.03495,0.60,4.00
2007.10.25 10:47:28.528,1.0347,1.03495,0.60,4.00
2007.10.25 10:47:28.732,1.0347,1.03495,0.60,4.80
2007.10.25 10:47:28.935,1.0347,1.03495,0.60,4.80
2007.10.25 10:47:29.138,1.0347,1.03495,0.60,4.80
2007.10.25 10:47:29.341,1.0347,1.03495,0.60,4.80
2007.10.25 10:47:29.675,1.0346,1.0349,1.20,2.40
2007.10.25 10:47:30.008,1.0346,1.0349,1.20,5.20
2007.10.25 10:47:30.341,1.0346,1.0349,1.20,5.20
2007.10.25 10:47:30.519,1.0346,1.0349,1.20,5.20
2007.10.25 10:47:30.696,1.0346,1.0349,1.20,2.40
2007.10.25 10:47:30.874,1.0346,1.0349,1.20,2.40
2007.10.25 10:47:31.085,1.0346,1.0349,1.20,2.40
2007.10.25 10:47:31.263,1.0346,1.03485,0.60,4.00
2007.10.25 10:47:31.555,1.0346,1.03485,0.60,4.00
2007.10.25 10:47:31.848,1.0346,1.03485,0.60,4.00
2007.10.25 10:47:32.141,1.0345,1.03485,3.60,10.80
2007.10.25 10:47:32.435,1.0345,1.03475,0.60,4.00
2007.10.25 10:47:32.658,1.0345,1.03475,0.60,4.00
2007.10.25 10:47:32.881,1.0345,1.03485,3.00,14.80
2007.10.25 10:47:33.104,1.0345,1.03485,3.60,6.80
2007.10.25 10:47:33.326,1.0345,1.03485,3.60,4.00
2007.10.25 10:47:33.587,1.0345,1.03485,3.60,4.00
2007.10.25 10:47:33.849,1.0345,1.03485,3.60,4.00
2007.10.25 10:47:34.111,1.0345,1.03485,3.60,4.00
2007.10.25 10:47:34.374,1.0345,1.03485,3.60,4.00
2007.10.25 10:47:34.706,1.0345,1.03485,3.60,4.00
2007.10.25 10:47:35.038,1.0345,1.03485,3.60,4.00
2007.10.25 10:47:35.371,1.0345,1.03485,3.60,4.00
2007.10.25 10:47:35.548,1.0345,1.03485,3.60,4.00
2007.10.25 10:47:35.725,1.0345,1.03485,3.60,4.00
2007.10.25 10:47:35.902,1.0345,1.03485,3.60,4.00
2007.10.25 10:47:36.080,1.0345,1.03485,3.60,4.00
2007.10.25 10:47:36.257,1.0345,1.03485,3.60,4.00
2007.10.25 10:47:36.435,1.0345,1.03485,3.60,4.00
2007.10.25 10:47:36.733,1.0345,1.03485,3.60,4.00
2007.10.25 10:47:37.030,1.0345,1.03485,3.60,4.00
2007.10.25 10:47:37.328,1.0345,1.03485,3.60,4.00
2007.10.25 10:47:37.627,1.0345,1.03485,7.60,4.00
2007.10.25 10:47:37.825,1.0345,1.03485,7.60,4.00
2007.10.25 10:47:38.022,1.0345,1.03485,7.60,4.00
2007.10.25 10:47:38.219,1.0345,1.03485,7.60,4.00
2007.10.25 10:47:38.417,1.0345,1.03485,3.60,4.00
2007.10.25 10:47:38.615,1.03455,1.0349,0.80,5.20
2007.10.25 10:47:38.833,1.0346,1.0349,0.60,5.20
2007.10.25 10:47:39.051,1.0346,1.0349,0.60,2.40
2007.10.25 10:47:39.269,1.0346,1.0349,0.60,2.40
2007.10.25 10:47:39.487,1.0346,1.0349,0.60,2.40
2007.10.25 10:47:39.820,1.0346,1.0349,0.60,5.20
2007.10.25 10:47:40.153,1.0346,1.0349,0.60,5.20
2007.10.25 10:47:40.485,1.0346,1.0349,0.60,5.20
2007.10.25 10:47:40.683,1.0346,1.0349,0.60,5.20
2007.10.25 10:47:40.882,1.0346,1.0349,0.60,5.20
2007.10.25 10:47:41.080,1.0346,1.0349,0.60,5.20
2007.10.25 10:47:41.277,1.0346,1.0349,0.60,5.20
2007.10.25 10:47:41.474,1.0346,1.0349,0.60,5.20
2007.10.25 10:47:41.672,1.0346,1.0349,0.60,5.20
2007.10.25 10:47:41.979,1.0346,1.0349,0.60,5.20
2007.10.25 10:47:42.288,1.0346,1.0349,0.60,5.20
2007.10.25 10:47:42.596,1.0346,1.0349,0.60,5.20
2007.10.25 10:47:42.904,1.0346,1.0349,0.60,5.20
2007.10.25 10:47:43.122,1.0346,1.0349,0.60,5.20
2007.10.25 10:47:43.357,1.0346,1.0349,0.60,5.20
2007.10.25 10:47:43.575,1.0346,1.0349,0.60,5.20
2007.10.25 10:47:43.792,1.0346,1.0349,0.60,5.20
2007.10.25 10:47:44.009,1.0346,1.0349,0.60,2.40
2007.10.25 10:47:44.227,1.0346,1.0349,0.60,2.40
2007.10.25 10:47:44.445,1.0346,1.0349,0.60,2.40
2007.10.25 10:47:44.662,1.0346,1.0349,0.60,5.20
2007.10.25 10:47:44.879,1.0346,1.0349,0.60,5.20
2007.10.25 10:47:45.213,1.0346,1.0349,0.60,5.20
2007.10.25 10:47:45.545,1.0346,1.0349,0.60,5.20
2007.10.25 10:47:45.879,1.0346,1.03485,0.60,4.00
2007.10.25 10:47:46.031,1.0345,1.03485,3.60,4.00
2007.10.25 10:47:46.184,1.0345,1.03485,3.60,4.00
2007.10.25 10:47:46.337,1.0345,1.03485,3.60,9.20
2007.10.25 10:47:46.490,1.0345,1.03485,3.60,9.20
2007.10.25 10:47:46.643,1.0345,1.03485,3.60,9.20
2007.10.25 10:47:46.796,1.0345,1.03485,3.60,6.80
2007.10.25 10:47:47.129,1.0345,1.0349,3.60,5.20
2007.10.25 10:47:47.462,1.0345,1.0349,7.60,2.40
2007.10.25 10:47:47.795,1.0345,1.0349,7.60,2.40
2007.10.25 10:47:48.007,1.0345,1.0349,3.60,5.20
2007.10.25 10:47:48.220,1.0345,1.0349,3.60,5.20
2007.10.25 10:47:48.433,1.0345,1.0349,3.60,5.20
2007.10.25 10:47:48.645,1.0345,1.0349,3.60,5.20
2007.10.25 10:47:48.858,1.0345,1.0349,3.60,5.20
2007.10.25 10:47:49.177,1.0345,1.0349,3.60,5.20
2007.10.25 10:47:49.500,1.0345,1.0349,3.60,5.20
2007.10.25 10:47:49.818,1.0345,1.0349,3.60,5.20
2007.10.25 10:47:50.116,1.0345,1.0349,3.60,5.20
2007.10.25 10:47:50.413,1.0345,1.0349,3.60,5.20
2007.10.25 10:47:50.712,1.0345,1.0349,3.60,5.20
2007.10.25 10:47:51.009,1.0345,1.0349,3.60,5.20
2007.10.25 10:47:51.251,1.0345,1.0349,3.60,5.20
2007.10.25 10:47:51.495,1.0345,1.0349,3.60,5.20
2007.10.25 10:47:51.737,1.0345,1.0349,3.60,5.20
2007.10.25 10:47:51.982,1.0345,1.0349,3.60,5.20
2007.10.25 10:47:52.187,1.0345,1.0349,3.60,5.20
2007.10.25 10:47:52.394,1.0345,1.0349,3.60,5.20
2007.10.25 10:47:52.601,1.0345,1.0349,3.60,5.20
2007.10.25 10:47:52.808,1.0345,1.0349,3.60,5.20
2007.10.25 10:47:53.016,1.0345,1.0349,3.60,5.20
2007.10.25 10:47:53.223,1.0345,1.0349,3.60,5.20
2007.10.25 10:47:53.431,1.0345,1.0349,3.60,5.20
2007.10.25 10:47:53.638,1.0345,1.0349,3.60,5.20
2007.10.25 10:47:53.845,1.0345,1.0349,3.60,5.20
2007.10.25 10:47:54.052,1.0345,1.0349,3.60,5.20
2007.10.25 10:47:54.385,1.0345,1.0349,3.60,5.20
2007.10.25 10:47:54.718,1.0345,1.0349,3.60,5.20
2007.10.25 10:47:55.050,1.0345,1.0349,3.60,5.20
2007.10.25 10:47:55.222,1.0345,1.0349,3.60,5.20
2007.10.25 10:47:55.395,1.0345,1.0349,3.60,5.20
2007.10.25 10:47:55.627,1.0345,1.0349,3.60,5.20
2007.10.25 10:47:55.800,1.0345,1.0349,3.60,5.20
2007.10.25 10:47:55.972,1.0345,1.0349,3.60,5.20
2007.10.25 10:47:56.144,1.0345,1.0349,3.60,5.20
2007.10.25 10:47:56.437,1.0346,1.0349,0.60,5.20
2007.10.25 10:47:56.729,1.0346,1.0349,1.20,2.40
2007.10.25 10:47:57.023,1.0346,1.0349,1.20,2.40
2007.10.25 10:47:57.315,1.0346,1.0349,1.20,5.20
2007.10.25 10:47:57.594,1.0346,1.0349,1.20,5.20
2007.10.25 10:47:57.872,1.0346,1.0349,1.20,5.20
2007.10.25 10:47:58.149,1.0346,1.0349,1.20,5.20
2007.10.25 10:47:58.426,1.0346,1.0349,1.20,5.20
2007.10.25 10:47:58.664,1.0346,1.0349,1.20,5.20
2007.10.25 10:47:58.902,1.0346,1.0349,1.20,5.20
2007.10.25 10:47:59.140,1.0346,1.0349,1.20,5.20
2007.10.25 10:47:59.378,1.0346,1.0349,1.20,5.20
2007.10.25 10:47:59.710,1.0346,1.0349,1.20,2.40
2007.10.25 10:48:00.042,1.0346,1.0349,1.20,5.20
2007.10.25 10:48:00.376,1.0346,1.0349,1.20,5.20
2007.10.25 10:48:00.573,1.0346,1.0349,1.20,5.20
2007.10.25 10:48:00.771,1.0346,1.0349,1.20,5.20
2007.10.25 10:48:00.969,1.0346,1.0349,1.20,5.20
2007.10.25 10:48:01.167,1.0346,1.0349,1.20,5.20
2007.10.25 10:48:01.365,1.0346,1.0349,1.20,5.20
2007.10.25 10:48:01.602,1.0346,1.0349,1.20,5.20
2007.10.25 10:48:01.840,1.0346,1.0349,1.20,5.20
2007.10.25 10:48:02.077,1.0346,1.0349,1.20,5.20
2007.10.25 10:48:02.315,1.0346,1.0349,1.20,5.20
2007.10.25 10:48:02.552,1.0346,1.0349,1.20,5.20
2007.10.25 10:48:02.774,1.0346,1.0349,1.20,5.20
2007.10.25 10:48:02.997,1.0346,1.0349,1.20,5.20
2007.10.25 10:48:03.220,1.0346,1.0349,1.20,5.20
2007.10.25 10:48:03.443,1.0346,1.0349,1.20,5.20
2007.10.25 10:48:03.640,1.0346,1.0349,1.20,5.20
2007.10.25 10:48:03.837,1.0346,1.0349,1.20,5.20
2007.10.25 10:48:04.035,1.0346,1.0349,1.20,5.20
2007.10.25 10:48:04.235,1.0346,1.0349,1.20,5.20
2007.10.25 10:48:04.432,1.0346,1.0349,1.20,5.20
2007.10.25 10:48:04.765,1.0346,1.0349,1.20,5.20
2007.10.25 10:48:05.098,1.0346,1.0349,1.20,5.20
2007.10.25 10:48:05.430,1.0346,1.0349,1.20,2.40
2007.10.25 10:48:05.643,1.0346,1.0349,1.20,2.40
2007.10.25 10:48:05.855,1.0346,1.0349,1.20,2.40
2007.10.25 10:48:06.067,1.0346,1.0349,1.20,5.20
2007.10.25 10:48:06.280,1.0346,1.0349,1.20,5.20
2007.10.25 10:48:06.492,1.0346,1.0349,1.20,5.20
2007.10.25 10:48:06.759,1.0346,1.0349,1.20,5.20
2007.10.25 10:48:07.027,1.0346,1.0349,1.20,5.20
2007.10.25 10:48:07.295,1.0346,1.0349,1.20,5.20
2007.10.25 10:48:07.563,1.0346,1.0349,1.20,5.20
2007.10.25 10:48:07.899,1.0346,1.0349,1.20,5.20
2007.10.25 10:48:08.142,1.0346,1.0349,1.20,5.20
2007.10.25 10:48:08.384,1.0346,1.0349,1.20,5.20
2007.10.25 10:48:08.627,1.0346,1.0349,1.20,5.20
2007.10.25 10:48:08.817,1.0346,1.0349,1.20,5.20
2007.10.25 10:48:09.004,1.0346,1.0349,1.20,5.20
2007.10.25 10:48:09.191,1.0346,1.0349,1.20,5.20
2007.10.25 10:48:09.379,1.0346,1.0349,1.20,5.20
2007.10.25 10:48:09.566,1.0346,1.0349,1.20,5.20
2007.10.25 10:48:09.753,1.0346,1.0349,1.20,5.20
2007.10.25 10:48:10.086,1.0346,1.0349,1.20,5.20
2007.10.25 10:48:10.418,1.0346,1.0349,1.20,5.20
2007.10.25 10:48:10.751,1.0346,1.0349,1.20,5.20
2007.10.25 10:48:10.889,1.0346,1.0349,1.20,5.20
2007.10.25 10:48:11.026,1.0346,1.0349,1.20,5.20
2007.10.25 10:48:11.164,1.0346,1.0349,1.20,5.20
2007.10.25 10:48:11.301,1.0346,1.0349,1.20,5.20
2007.10.25 10:48:11.439,1.0346,1.0349,1.20,5.20
2007.10.25 10:48:11.577,1.0346,1.0349,1.20,5.20
2007.10.25 10:48:11.714,1.0346,1.0349,1.20,5.20
2007.10.25 10:48:12.046,1.0346,1.0349,1.20,5.20
2007.10.25 10:48:12.379,1.03455,1.0349,0.60,5.20
2007.10.25 10:48:12.712,1.03455,1.0349,0.60,5.20
2007.10.25 10:48:12.909,1.03455,1.0349,0.60,5.20
2007.10.25 10:48:13.107,1.03455,1.0349,0.60,5.20
2007.10.25 10:48:13.304,1.03455,1.0349,0.60,5.20
2007.10.25 10:48:13.502,1.03455,1.0349,0.60,5.20
2007.10.25 10:48:13.700,1.03455,1.0349,0.60,5.20
2007.10.25 10:48:14.307,1.03455,1.0349,0.60,5.20
2007.10.25 10:48:14.580,1.03455,1.0349,0.60,5.20
2007.10.25 10:48:14.853,1.03455,1.0349,0.60,5.20
2007.10.25 10:48:15.170,1.03455,1.0349,0.60,5.20
2007.10.25 10:48:15.488,1.03455,1.0349,0.60,5.20
2007.10.25 10:48:15.805,1.03455,1.0349,0.60,5.20
2007.10.25 10:48:15.973,1.03455,1.0349,0.60,5.20
2007.10.25 10:48:16.140,1.03455,1.0349,0.60,5.20
2007.10.25 10:48:16.308,1.03455,1.0349,0.60,5.20
2007.10.25 10:48:16.476,1.03455,1.0349,0.60,5.20
2007.10.25 10:48:16.643,1.03455,1.0349,0.60,5.20
2007.10.25 10:48:16.895,1.03455,1.0349,0.60,5.20
2007.10.25 10:48:17.147,1.03455,1.0349,0.60,5.20
2007.10.25 10:48:17.399,1.03455,1.0349,0.60,5.20
2007.10.25 10:48:17.652,1.03455,1.0349,0.60,5.20
2007.10.25 10:48:17.904,1.03455,1.0349,0.60,5.20
2007.10.25 10:48:18.122,1.03455,1.0349,0.60,5.20
2007.10.25 10:48:18.340,1.03455,1.0349,0.60,5.20
2007.10.25 10:48:18.557,1.03455,1.0349,0.60,5.20
2007.10.25 10:48:18.776,1.03455,1.0349,0.60,5.20
2007.10.25 10:48:18.999,1.03455,1.0349,0.60,2.80
2007.10.25 10:48:19.221,1.03455,1.0349,0.60,2.80
2007.10.25 10:48:19.444,1.0345,1.03495,6.40,3.60
2007.10.25 10:48:19.666,1.0345,1.03495,6.40,3.60
2007.10.25 10:48:19.889,1.0345,1.03495,6.40,3.60
2007.10.25 10:48:20.221,1.0345,1.03495,6.40,3.60
2007.10.25 10:48:20.555,1.0345,1.03495,6.40,3.60
2007.10.25 10:48:20.887,1.0345,1.03495,6.40,3.60
2007.10.25 10:48:21.060,1.0345,1.03485,6.40,0.80
2007.10.25 10:48:21.234,1.0345,1.03485,7.00,4.00
2007.10.25 10:48:21.406,1.0345,1.03485,3.60,10.80
2007.10.25 10:48:21.580,1.0345,1.03485,3.00,2.80
2007.10.25 10:48:21.752,1.0345,1.03485,3.00,2.80
2007.10.25 10:48:22.045,1.0345,1.03495,6.40,3.60
2007.10.25 10:48:22.340,1.0345,1.0349,7.00,2.40
2007.10.25 10:48:22.633,1.03455,1.0349,0.60,5.20
2007.10.25 10:48:22.926,1.03455,1.0349,0.60,5.20
2007.10.25 10:48:23.149,1.03455,1.0349,0.60,5.20
2007.10.25 10:48:23.372,1.03455,1.0349,0.60,5.20
2007.10.25 10:48:23.594,1.03455,1.0349,0.60,5.20
2007.10.25 10:48:23.817,1.03455,1.0349,0.60,5.20
2007.10.25 10:48:24.045,1.03455,1.0349,0.60,5.20
2007.10.25 10:48:24.179,1.03455,1.03495,0.60,18.00
2007.10.25 10:48:24.273,1.03455,1.0349,0.60,0.50
2007.10.25 10:48:24.501,1.03455,1.0349,0.60,0.50
2007.10.25 10:48:24.729,1.03455,1.0349,0.60,0.50
2007.10.25 10:48:24.957,1.03455,1.03495,0.60,18.00
2007.10.25 10:48:25.289,1.03455,1.0349,0.60,0.90
2007.10.25 10:48:25.621,1.03455,1.03495,0.60,18.00
2007.10.25 10:48:25.954,1.03455,1.0349,0.60,0.80
2007.10.25 10:48:26.141,1.03455,1.03495,0.60,18.00
2007.10.25 10:48:26.329,1.03455,1.03495,0.60,18.00
2007.10.25 10:48:26.517,1.03455,1.0349,0.60,0.50
2007.10.25 10:48:26.705,1.03455,1.03495,0.60,18.00
2007.10.25 10:48:26.893,1.03455,1.03495,0.60,18.00
2007.10.25 10:48:27.082,1.03455,1.0349,0.60,0.50
2007.10.25 10:48:27.414,1.0345,1.0349,7.60,10.40
2007.10.25 10:48:27.747,1.0345,1.0349,3.60,13.20
2007.10.25 10:48:28.080,1.0345,1.0348,1.20,0.70
2007.10.25 10:48:28.298,1.0345,1.0348,1.20,0.90
2007.10.25 10:48:28.515,1.0345,1.03485,1.20,13.20
2007.10.25 10:48:28.733,1.0345,1.0348,1.20,0.50
2007.10.25 10:48:28.951,1.0345,1.0348,1.20,0.70
2007.10.25 10:48:29.168,1.0345,1.03485,1.20,13.20
2007.10.25 10:48:29.500,1.0345,1.03485,1.20,13.20
2007.10.25 10:48:29.833,1.0345,1.03485,1.20,13.20
2007.10.25 10:48:30.166,1.0345,1.03485,1.20,13.20
2007.10.25 10:48:30.333,1.0345,1.03485,1.20,10.40
2007.10.25 10:48:30.500,1.0345,1.03485,1.20,10.40
2007.10.25 10:48:30.668,1.0345,1.03485,1.20,10.40
2007.10.25 10:48:30.835,1.0345,1.0348,1.20,0.80
2007.10.25 10:48:31.002,1.0345,1.03485,1.20,10.40
2007.10.25 10:48:31.170,1.0345,1.03485,1.20,10.40
2007.10.25 10:48:31.433,1.0345,1.0348,1.20,0.90
2007.10.25 10:48:31.696,1.0345,1.0349,3.60,17.20
2007.10.25 10:48:31.961,1.0345,1.0349,3.60,13.20
2007.10.25 10:48:32.222,1.0346,1.03495,2.40,23.60
2007.10.25 10:48:32.446,1.0346,1.03495,2.40,11.60
2007.10.25 10:48:32.671,1.0346,1.0349,2.40,0.90
2007.10.25 10:48:32.895,1.03465,1.03495,0.50,0.80
2007.10.25 10:48:33.117,1.03465,1.03495,0.50,0.80
2007.10.25 10:48:33.340,1.03465,1.035,0.50,13.20
2007.10.25 10:48:33.578,1.03465,1.035,0.50,13.20
2007.10.25 10:48:33.817,1.03465,1.035,0.50,13.20
2007.10.25 10:48:34.054,1.03465,1.03495,0.50,0.70
2007.10.25 10:48:34.291,1.03465,1.0349,0.50,6.40
2007.10.25 10:48:34.624,1.03455,1.0349,8.50,6.40
2007.10.25 10:48:34.957,1.03455,1.03485,4.50,0.70
2007.10.25 10:48:35.290,1.03455,1.03485,0.50,0.80
2007.10.25 10:48:35.468,1.03455,1.03485,0.50,0.60
2007.10.25 10:48:35.646,1.03455,1.0349,0.50,9.20
2007.10.25 10:48:35.824,1.03455,1.0349,0.50,9.20
2007.10.25 10:48:36.002,1.03455,1.03485,0.50,0.70
2007.10.25 10:48:36.180,1.03455,1.03485,0.50,0.60
2007.10.25 10:48:36.358,1.03455,1.03485,0.50,0.90
2007.10.25 10:48:36.670,1.03455,1.03485,0.50,0.90
2007.10.25 10:48:36.983,1.03455,1.03485,0.50,0.50
2007.10.25 10:48:37.296,1.03455,1.03485,0.50,0.90
2007.10.25 10:48:37.503,1.03455,1.0349,0.50,9.20
2007.10.25 10:48:37.710,1.03455,1.0349,0.50,9.20
2007.10.25 10:48:37.917,1.03455,1.0349,0.50,9.20
2007.10.25 10:48:38.126,1.0347,1.0349,0.50,6.80
2007.10.25 10:48:38.334,1.0347,1.035,0.50,5.20
2007.10.25 10:48:38.581,1.0347,1.03505,0.90,14.00
2007.10.25 10:48:38.818,1.0347,1.035,0.50,19.70
2007.10.25 10:48:39.056,1.0346,1.035,3.20,17.20
2007.10.25 10:48:39.294,1.0346,1.03495,2.80,0.60
2007.10.25 10:48:39.533,1.0346,1.035,2.40,0.80
2007.10.25 10:48:39.865,1.0346,1.03505,2.40,14.00
2007.10.25 10:48:40.197,1.0346,1.03505,2.40,14.00
2007.10.25 10:48:40.531,1.0346,1.03505,2.40,14.00
2007.10.25 10:48:40.754,1.0346,1.035,6.40,0.80
2007.10.25 10:48:40.978,1.0346,1.03505,10.40,7.60
2007.10.25 10:48:41.201,1.0346,1.035,6.40,0.70
2007.10.25 10:48:41.424,1.0346,1.03505,6.40,3.60
2007.10.25 10:48:41.688,1.0346,1.035,6.40,0.90
2007.10.25 10:48:41.949,1.0346,1.035,6.40,0.80
2007.10.25 10:48:42.212,1.0346,1.035,6.40,0.80
2007.10.25 10:48:42.475,1.0346,1.03505,6.40,3.60
2007.10.25 10:48:42.738,1.0346,1.035,6.40,0.80
2007.10.25 10:48:43.001,1.0346,1.03505,2.40,3.60
2007.10.25 10:48:43.264,1.0346,1.03505,2.40,3.60
2007.10.25 10:48:43.527,1.0346,1.035,2.40,0.50
2007.10.25 10:48:43.765,1.0346,1.035,2.40,0.80
2007.10.25 10:48:44.003,1.0346,1.035,2.40,0.70
2007.10.25 10:48:44.240,1.0346,1.035,2.80,17.20
2007.10.25 10:48:44.479,1.03465,1.03495,0.50,0.90
2007.10.25 10:48:44.716,1.03465,1.03495,0.50,0.50
2007.10.25 10:48:45.049,1.03465,1.03495,0.50,0.60
2007.10.25 10:48:45.382,1.03465,1.03495,0.50,0.70
2007.10.25 10:48:45.714,1.03465,1.035,0.50,18.40
2007.10.25 10:48:45.897,1.03465,1.03495,0.50,0.90
2007.10.25 10:48:46.080,1.03465,1.035,0.50,18.40
2007.10.25 10:48:46.263,1.03465,1.03495,0.50,0.80
2007.10.25 10:48:46.445,1.03465,1.035,0.50,18.40
2007.10.25 10:48:46.627,1.03465,1.03495,0.50,0.60
2007.10.25 10:48:46.894,1.03465,1.03495,0.50,0.80
2007.10.25 10:48:47.161,1.03465,1.03495,0.50,0.90
2007.10.25 10:48:47.428,1.03465,1.03495,0.50,0.80
2007.10.25 10:48:47.696,1.0346,1.03495,4.00,14.40
2007.10.25 10:48:47.939,1.03455,1.03485,4.40,0.60
2007.10.25 10:48:48.183,1.03455,1.03485,4.40,0.70
2007.10.25 10:48:48.426,1.03455,1.0349,0.50,9.20
2007.10.25 10:48:48.668,1.03455,1.0349,0.50,9.20
2007.10.25 10:48:48.910,1.03455,1.0349,0.50,9.20
2007.10.25 10:48:49.182,1.0346,1.0349,2.40,6.80
2007.10.25 10:48:49.455,1.0346,1.0349,0.50,0.70
2007.10.25 10:48:49.729,1.03465,1.0349,0.50,0.50
2007.10.25 10:48:50.063,1.0346,1.03495,0.80,16.40
2007.10.25 10:48:50.396,1.0346,1.03495,0.80,19.60
2007.10.25 10:48:50.854,1.0346,1.035,3.20,18.80
2007.10.25 10:48:51.077,1.0346,1.03495,2.40,0.90
2007.10.25 10:48:51.299,1.0346,1.03495,2.40,0.70
2007.10.25 10:48:51.522,1.0346,1.03505,2.40,11.60
2007.10.25 10:48:51.745,1.0346,1.035,2.40,0.50
2007.10.25 10:48:51.967,1.0346,1.035,2.40,0.50
2007.10.25 10:48:52.225,1.0346,1.03505,2.40,3.60
2007.10.25 10:48:52.483,1.0346,1.03505,2.40,3.60
2007.10.25 10:48:52.742,1.0346,1.035,2.40,0.70
2007.10.25 10:48:53.000,1.0346,1.03505,2.40,3.60
2007.10.25 10:48:53.213,1.0346,1.035,2.40,0.50
2007.10.25 10:48:53.426,1.0346,1.03495,3.20,13.20
2007.10.25 10:48:53.639,1.0346,1.03495,3.20,13.20
2007.10.25 10:48:53.853,1.0346,1.03495,3.20,10.40
2007.10.25 10:48:54.187,1.0346,1.03495,3.20,10.40
2007.10.25 10:48:54.521,1.0346,1.03495,3.20,8.00
2007.10.25 10:48:54.856,1.0346,1.03485,0.80,4.00
2007.10.25 10:48:55.082,1.0346,1.03485,0.80,4.00
2007.10.25 10:48:55.310,1.0346,1.0349,3.20,2.80
2007.10.25 10:48:55.539,1.0346,1.0349,3.20,2.80
2007.10.25 10:48:55.766,1.0346,1.03495,3.20,6.80
2007.10.25 10:48:55.995,1.0346,1.03495,3.20,6.80
2007.10.25 10:48:56.312,1.0346,1.0349,3.20,2.80
2007.10.25 10:48:56.629,1.0346,1.03495,3.20,6.80
2007.10.25 10:48:56.993,1.0346,1.03495,3.20,6.80
2007.10.25 10:48:57.183,1.0346,1.03495,3.20,6.80
2007.10.25 10:48:57.378,1.0346,1.035,2.80,2.80
2007.10.25 10:48:57.571,1.0346,1.035,2.40,2.80
2007.10.25 10:48:57.763,1.0346,1.035,2.40,2.80
2007.10.25 10:48:57.957,1.0346,1.035,2.40,2.80
2007.10.25 10:48:58.150,1.0346,1.035,2.40,2.80
2007.10.25 10:48:58.479,1.0346,1.03495,2.40,4.00
2007.10.25 10:48:58.807,1.03465,1.03485,0.50,4.00
2007.10.25 10:48:59.135,1.03455,1.03485,4.40,4.00
2007.10.25 10:48:59.468,1.0346,1.03485,0.50,4.00
2007.10.25 10:48:59.801,1.03455,1.03485,0.50,4.00
2007.10.25 10:49:00.134,1.03455,1.03485,0.50,4.00
2007.10.25 10:49:00.316,1.03455,1.03485,0.50,4.00
2007.10.25 10:49:00.499,1.03455,1.03485,0.50,4.00
2007.10.25 10:49:00.682,1.03455,1.03485,0.50,4.00
2007.10.25 10:49:00.864,1.03455,1.03485,0.50,4.00
2007.10.25 10:49:01.048,1.03455,1.03485,0.50,4.00
2007.10.25 10:49:01.230,1.0346,1.0349,0.50,2.40
2007.10.25 10:49:01.479,1.0346,1.0349,0.50,2.40
2007.10.25 10:49:01.727,1.0347,1.03495,2.40,6.80
2007.10.25 10:49:01.975,1.0348,1.03495,0.50,2.80
2007.10.25 10:49:02.222,1.0348,1.03495,0.50,2.80
2007.10.25 10:49:02.496,1.0348,1.03495,0.50,2.80
2007.10.25 10:49:02.768,1.03475,1.03505,0.50,2.80
2007.10.25 10:49:03.124,1.03465,1.03505,4.00,2.80
2007.10.25 10:49:03.396,1.03465,1.03505,4.00,2.80
2007.10.25 10:49:03.664,1.0346,1.03505,6.40,2.80
2007.10.25 10:49:03.933,1.0347,1.03505,0.50,2.80
2007.10.25 10:49:04.202,1.03475,1.03505,0.50,2.80
2007.10.25 10:49:04.471,1.03475,1.03505,0.50,2.80
2007.10.25 10:49:04.803,1.03475,1.03505,0.50,2.80
2007.10.25 10:49:05.135,1.03475,1.03505,0.50,2.80
2007.10.25 10:49:05.468,1.03475,1.03505,0.50,2.80
2007.10.25 10:49:05.630,1.03475,1.03505,0.50,2.80
2007.10.25 10:49:05.792,1.03475,1.03505,0.50,2.80
2007.10.25 10:49:05.956,1.03475,1.03505,0.50,2.80
2007.10.25 10:49:06.118,1.03475,1.03505,0.50,2.80
2007.10.25 10:49:06.280,1.03475,1.03505,0.50,2.80
2007.10.25 10:49:06.443,1.03475,1.03505,0.50,2.80
2007.10.25 10:49:06.700,1.03475,1.03505,0.50,2.80
2007.10.25 10:49:06.958,1.03475,1.03505,0.50,2.80
2007.10.25 10:49:07.216,1.03475,1.03505,0.50,2.80
2007.10.25 10:49:07.474,1.03475,1.03505,0.50,2.80
2007.10.25 10:49:07.673,1.03475,1.03505,0.50,2.80
2007.10.25 10:49:07.870,1.03475,1.03505,0.50,2.80
2007.10.25 10:49:08.067,1.0346,1.03505,6.40,2.80
2007.10.25 10:49:08.265,1.0346,1.035,6.40,2.40
2007.10.25 10:49:08.464,1.0346,1.035,2.80,5.20
2007.10.25 10:49:08.766,1.03465,1.0349,0.50,2.40
2007.10.25 10:49:09.064,1.03465,1.0349,0.50,2.40
2007.10.25 10:49:09.362,1.03465,1.03495,0.50,8.00
2007.10.25 10:49:09.660,1.03465,1.035,0.50,2.80
2007.10.25 10:49:09.993,1.03465,1.035,0.50,2.80
2007.10.25 10:49:10.325,1.0346,1.0349,0.50,2.40
2007.10.25 10:49:10.658,1.0346,1.0349,0.80,2.40
2007.10.25 10:49:10.855,1.0346,1.0349,0.80,2.40
2007.10.25 10:49:11.054,1.0346,1.0349,0.80,2.40
2007.10.25 10:49:11.252,1.0346,1.0349,0.80,2.40
2007.10.25 10:49:11.449,1.0346,1.0349,0.80,2.40
2007.10.25 10:49:11.647,1.0346,1.0349,0.80,2.40
2007.10.25 10:49:11.934,1.0346,1.03485,0.50,4.00
2007.10.25 10:49:12.223,1.0345,1.0348,0.80,2.40
2007.10.25 10:49:12.510,1.0345,1.0348,0.80,2.40
2007.10.25 10:49:12.800,1.0345,1.0348,0.80,2.40
2007.10.25 10:49:13.063,1.0345,1.0348,0.80,2.40
2007.10.25 10:49:13.325,1.0345,1.0348,0.80,2.40
2007.10.25 10:49:13.588,1.0345,1.0348,0.80,2.40
2007.10.25 10:49:13.850,1.0345,1.0348,0.80,2.40
2007.10.25 10:49:14.058,1.0345,1.0348,0.80,2.40
2007.10.25 10:49:14.265,1.0345,1.0348,0.80,2.40
2007.10.25 10:49:14.473,1.0345,1.0348,0.80,2.40
2007.10.25 10:49:14.680,1.0345,1.0348,0.80,2.40
2007.10.25 10:49:14.888,1.0345,1.0348,0.80,2.40
2007.10.25 10:49:15.221,1.0345,1.0348,0.80,2.40
2007.10.25 10:49:15.553,1.0345,1.0348,0.80,2.40
2007.10.25 10:49:15.886,1.0345,1.0348,0.80,2.40
2007.10.25 10:49:16.039,1.0345,1.0348,0.80,2.40
2007.10.25 10:49:16.191,1.0345,1.0348,0.80,2.40
2007.10.25 10:49:16.344,1.0345,1.0348,0.80,2.40
2007.10.25 10:49:16.497,1.0345,1.0348,0.80,2.40
2007.10.25 10:49:16.649,1.0345,1.0348,0.80,2.40
2007.10.25 10:49:16.802,1.0345,1.0348,0.80,2.40
2007.10.25 10:49:16.955,1.0345,1.0348,0.80,2.40
2007.10.25 10:49:17.108,1.0345,1.0348,0.80,2.40
2007.10.25 10:49:17.375,1.0345,1.0348,0.80,2.40
2007.10.25 10:49:17.643,1.0345,1.0348,0.80,2.40
2007.10.25 10:49:17.910,1.0345,1.0348,0.80,2.40
2007.10.25 10:49:18.178,1.0345,1.0348,0.80,2.40
2007.10.25 10:49:18.346,1.0345,1.0348,0.80,2.40
2007.10.25 10:49:18.513,1.0345,1.0348,0.80,2.40
2007.10.25 10:49:18.681,1.0345,1.0348,0.80,2.40
2007.10.25 10:49:18.848,1.0345,1.0348,0.80,2.40
2007.10.25 10:49:19.017,1.0345,1.0348,0.80,2.40
2007.10.25 10:49:19.184,1.0345,1.0348,0.80,2.40
2007.10.25 10:49:19.516,1.0345,1.0348,0.80,2.40
2007.10.25 10:49:19.849,1.0345,1.0348,0.80,2.40
2007.10.25 10:49:20.182,1.0345,1.0348,0.80,2.40
2007.10.25 10:49:20.310,1.0345,1.0348,0.80,2.40
2007.10.25 10:49:20.438,1.0345,1.0348,0.80,2.40
2007.10.25 10:49:20.565,1.0345,1.0348,0.80,2.40
2007.10.25 10:49:20.693,1.0345,1.0348,0.80,2.40
2007.10.25 10:49:20.821,1.0345,1.0348,0.80,2.40
2007.10.25 10:49:20.949,1.0345,1.0348,0.80,2.40
2007.10.25 10:49:21.077,1.0345,1.0348,0.80,2.40
2007.10.25 10:49:21.395,1.0345,1.0348,0.80,2.40
2007.10.25 10:49:21.713,1.0345,1.0348,0.80,2.40
2007.10.25 10:49:22.031,1.0345,1.0348,0.80,2.40
2007.10.25 10:49:22.349,1.0345,1.0348,0.80,2.40
2007.10.25 10:49:22.491,1.0345,1.0348,0.80,2.40
2007.10.25 10:49:22.633,1.0345,1.0348,0.80,2.40
2007.10.25 10:49:22.776,1.0345,1.0348,0.80,2.40
2007.10.25 10:49:22.919,1.0345,1.0348,0.80,2.40
2007.10.25 10:49:23.061,1.0345,1.0348,0.80,2.40
2007.10.25 10:49:23.203,1.0345,1.0348,0.80,2.40
2007.10.25 10:49:23.461,1.0345,1.0348,0.80,2.40
2007.10.25 10:49:23.534,1.0345,1.0348,0.80,0.50
2007.10.25 10:49:23.719,1.0345,1.0348,0.80,0.50
2007.10.25 10:49:23.977,1.0345,1.0348,0.80,0.50
2007.10.25 10:49:24.235,1.0345,1.03485,0.80,13.20
2007.10.25 10:49:24.548,1.0345,1.0348,0.80,0.70
2007.10.25 10:49:24.860,1.0345,1.03485,0.80,13.20
2007.10.25 10:49:25.173,1.0345,1.03485,0.80,9.20
2007.10.25 10:49:25.486,1.0345,1.03485,0.80,6.40
2007.10.25 10:49:25.674,1.0345,1.03485,0.80,6.40
2007.10.25 10:49:25.862,1.0345,1.0348,0.80,0.90
2007.10.25 10:49:26.048,1.0345,1.03485,0.80,6.40
2007.10.25 10:49:26.236,1.0345,1.03485,3.20,0.70
2007.10.25 10:49:26.479,1.0345,1.0349,2.80,0.80
2007.10.25 10:49:26.722,1.0345,1.0349,2.40,0.80
2007.10.25 10:49:26.965,1.0345,1.0349,2.40,0.70
2007.10.25 10:49:27.208,1.03445,1.0348,12.80,0.60
2007.10.25 10:49:27.451,1.0345,1.03485,0.80,9.20
2007.10.25 10:49:27.694,1.0345,1.03485,0.80,13.20
2007.10.25 10:49:27.937,1.0345,1.0348,0.80,0.70
2007.10.25 10:49:28.179,1.0345,1.0348,0.80,0.90
2007.10.25 10:49:28.421,1.0345,1.03485,0.80,13.20
2007.10.25 10:49:28.619,1.0345,1.03485,0.80,13.20
2007.10.25 10:49:28.816,1.0345,1.03485,0.80,13.20
2007.10.25 10:49:29.014,1.0345,1.03485,0.80,13.20
2007.10.25 10:49:29.211,1.0345,1.0348,0.80,0.90
2007.10.25 10:49:29.409,1.0345,1.03485,0.80,13.20
2007.10.25 10:49:29.742,1.0345,1.03485,0.80,13.20
2007.10.25 10:49:30.076,1.0345,1.0348,0.80,0.50
2007.10.25 10:49:30.408,1.0345,1.03485,0.80,13.20
2007.10.25 10:49:30.546,1.0345,1.03485,0.80,13.20
2007.10.25 10:49:30.683,1.0345,1.03485,0.80,13.20
2007.10.25 10:49:30.821,1.0345,1.0348,0.80,0.50
2007.10.25 10:49:30.959,1.0345,1.0348,0.80,0.70
2007.10.25 10:49:31.096,1.0345,1.03485,0.80,13.20
2007.10.25 10:49:31.234,1.0345,1.0348,0.80,0.70
2007.10.25 10:49:31.371,1.0345,1.03485,0.80,13.20
2007.10.25 10:49:31.509,1.0345,1.03485,0.80,13.20
2007.10.25 10:49:31.801,1.0345,1.0348,0.80,0.90
2007.10.25 10:49:32.094,1.0345,1.0348,0.80,0.50
2007.10.25 10:49:32.387,1.0345,1.0348,0.80,0.70
2007.10.25 10:49:32.679,1.0345,1.03485,0.80,13.20
2007.10.25 10:49:32.837,1.0345,1.0348,0.80,0.90
2007.10.25 10:49:32.995,1.0345,1.0348,0.80,0.60
2007.10.25 10:49:33.152,1.0345,1.0348,0.80,0.50
2007.10.25 10:49:33.310,1.0345,1.0348,0.80,0.60
2007.10.25 10:49:33.467,1.0345,1.0348,0.80,0.80
2007.10.25 10:49:33.680,1.0345,1.03485,0.80,13.20
2007.10.25 10:49:33.894,1.0345,1.03485,0.80,13.20
2007.10.25 10:49:34.106,1.0345,1.0348,0.80,0.90
2007.10.25 10:49:34.319,1.0345,1.03485,0.80,30.00
2007.10.25 10:49:34.532,1.0345,1.03485,0.80,30.00
2007.10.25 10:49:34.865,1.0345,1.0348,0.80,0.90
2007.10.25 10:49:35.198,1.0345,1.0348,0.80,0.50
2007.10.25 10:49:35.531,1.0345,1.03485,0.80,10.00
2007.10.25 10:49:35.704,1.0345,1.03485,0.80,10.00
2007.10.25 10:49:35.876,1.0345,1.0348,0.80,0.80
2007.10.25 10:49:36.049,1.0345,1.03485,0.80,10.00
2007.10.25 10:49:36.222,1.0345,1.0348,0.80,0.80
2007.10.25 10:49:36.396,1.0345,1.03485,0.80,10.00
2007.10.25 10:49:36.568,1.0345,1.03485,0.80,10.00
2007.10.25 10:49:36.821,1.0345,1.03485,0.80,10.00
2007.10.25 10:49:37.073,1.0345,1.03485,0.80,10.00
2007.10.25 10:49:37.326,1.0345,1.03485,2.80,3.60
2007.10.25 10:49:37.579,1.0345,1.0348,2.40,0.70
2007.10.25 10:49:37.782,1.03445,1.0347,8.00,0.60
2007.10.25 10:49:37.985,1.03445,1.0347,4.00,9.20
2007.10.25 10:49:38.188,1.03435,1.0347,4.00,9.20
2007.10.25 10:49:38.391,1.03435,1.0347,4.00,9.20
2007.10.25 10:49:38.594,1.03435,1.0347,4.00,9.20
2007.10.25 10:49:38.906,1.03425,1.0346,4.00,0.50
2007.10.25 10:49:39.219,1.0342,1.0346,4.00,18.30
2007.10.25 10:49:39.532,1.03415,1.03455,8.80,0.50
2007.10.25 10:49:39.945,1.03415,1.03455,4.80,0.90
2007.10.25 10:49:40.278,1.03415,1.0345,4.00,22.30
2007.10.25 10:49:40.611,1.03405,1.03445,0.80,0.70
2007.10.25 10:49:40.749,1.03405,1.03445,0.80,0.90
2007.10.25 10:49:40.886,1.03405,1.0345,0.80,25.20
2007.10.25 10:49:41.025,1.03405,1.0345,0.80,25.20
2007.10.25 10:49:41.163,1.03405,1.03445,0.80,0.90
2007.10.25 10:49:41.300,1.03405,1.0345,0.80,25.20
2007.10.25 10:49:41.437,1.03405,1.03445,0.80,0.70
2007.10.25 10:49:41.575,1.03405,1.03445,0.80,0.70
2007.10.25 10:49:41.713,1.03405,1.0345,0.80,25.20
2007.10.25 10:49:42.021,1.03405,1.0345,0.80,25.20
2007.10.25 10:49:42.329,1.03405,1.03445,0.80,0.80
2007.10.25 10:49:42.636,1.03405,1.0345,0.80,25.20
2007.10.25 10:49:42.800,1.03405,1.03445,0.80,0.60
2007.10.25 10:49:42.962,1.03405,1.0345,0.80,25.20
2007.10.25 10:49:43.125,1.03405,1.03445,0.80,0.80
2007.10.25 10:49:43.287,1.03405,1.0345,0.80,25.20
2007.10.25 10:49:43.450,1.03405,1.03445,0.80,0.50
2007.10.25 10:49:43.613,1.03405,1.03445,0.80,0.60
2007.10.25 10:49:43.776,1.03405,1.0345,0.80,25.20
2007.10.25 10:49:44.043,1.03405,1.03445,0.80,0.50
2007.10.25 10:49:44.311,1.03405,1.03445,0.80,0.80
2007.10.25 10:49:44.578,1.0341,1.03445,4.00,0.90
2007.10.25 10:49:44.847,1.0341,1.0345,4.00,21.10
2007.10.25 10:49:45.175,1.0341,1.03445,4.00,0.60
2007.10.25 10:49:45.502,1.0341,1.0345,4.00,21.10
2007.10.25 10:49:45.830,1.0341,1.0345,4.00,21.10
2007.10.25 10:49:46.081,1.0341,1.0345,4.00,21.10
2007.10.25 10:49:46.225,1.0341,1.03445,4.00,0.50
2007.10.25 10:49:46.367,1.0341,1.03445,4.00,0.90
2007.10.25 10:49:46.508,1.0341,1.0345,4.00,21.10
2007.10.25 10:49:46.652,1.0341,1.03445,4.00,0.70
2007.10.25 10:49:46.795,1.0341,1.0345,4.00,21.10
2007.10.25 10:49:47.053,1.0341,1.03445,4.00,0.60
2007.10.25 10:49:47.309,1.0341,1.0345,4.00,21.10
2007.10.25 10:49:47.567,1.0341,1.03445,4.00,0.70
2007.10.25 10:49:47.825,1.0341,1.03445,4.00,0.70
2007.10.25 10:49:48.082,1.0341,1.0345,4.00,21.10
2007.10.25 10:49:48.245,1.0341,1.0345,4.00,21.10
2007.10.25 10:49:48.407,1.0341,1.0345,4.00,21.10
2007.10.25 10:49:48.571,1.0341,1.0345,4.00,21.10
2007.10.25 10:49:48.734,1.0341,1.03445,4.00,0.50
2007.10.25 10:49:48.897,1.0341,1.0345,4.00,21.90
2007.10.25 10:49:49.060,1.0341,1.03445,4.00,0.60
2007.10.25 10:49:49.393,1.0341,1.03445,4.00,0.80
2007.10.25 10:49:49.726,1.03405,1.0345,4.00,22.00
2007.10.25 10:49:50.058,1.03405,1.03445,4.00,0.80
2007.10.25 10:49:50.260,1.03405,1.0345,4.00,22.00
2007.10.25 10:49:50.463,1.03405,1.0345,8.00,21.90
2007.10.25 10:49:50.665,1.03405,1.0345,8.00,21.90
2007.10.25 10:49:50.868,1.0341,1.0344,0.20,0.60
2007.10.25 10:49:51.071,1.0341,1.0344,0.20,0.50
2007.10.25 10:49:51.379,1.0341,1.03445,0.40,28.40
2007.10.25 10:49:51.589,1.03405,1.03445,0.60,30.80
2007.10.25 10:49:51.687,1.0341,1.0344,0.40,0.70
2007.10.25 10:49:51.994,1.0341,1.03445,0.40,28.40
2007.10.25 10:49:52.219,1.0341,1.03445,0.40,28.40
2007.10.25 10:49:52.425,1.0341,1.03425,0.20,0.70
2007.10.25 10:49:52.628,1.0339,1.03425,2.40,4.00
2007.10.25 10:49:52.832,1.0339,1.03425,6.40,4.00
2007.10.25 10:49:53.036,1.03395,1.03435,8.00,0.80
2007.10.25 10:49:53.288,1.03395,1.0343,8.00,2.40
2007.10.25 10:49:53.542,1.03395,1.0343,8.00,2.40
2007.10.25 10:49:53.795,1.03395,1.0343,4.00,2.40
2007.10.25 10:49:54.047,1.03395,1.0343,4.00,2.40
2007.10.25 10:49:54.380,1.0339,1.0343,6.40,2.40
2007.10.25 10:49:54.715,1.0339,1.0343,6.40,2.40
2007.10.25 10:49:55.048,1.0339,1.0343,6.40,2.40
2007.10.25 10:49:55.257,1.0339,1.0343,6.40,2.40
2007.10.25 10:49:55.466,1.0339,1.0343,6.40,2.40
2007.10.25 10:49:55.673,1.0339,1.0343,6.40,2.40
2007.10.25 10:49:55.880,1.0339,1.0343,6.40,2.40
2007.10.25 10:49:56.089,1.0339,1.0343,6.40,2.40
2007.10.25 10:49:56.331,1.0339,1.03425,6.40,4.00
2007.10.25 10:49:56.575,1.0339,1.03425,2.40,4.00
2007.10.25 10:49:56.817,1.0339,1.03425,2.40,4.00
2007.10.25 10:49:57.060,1.0339,1.03425,2.40,4.00
2007.10.25 10:49:57.303,1.0339,1.03425,2.40,4.00
2007.10.25 10:49:57.580,1.0339,1.03425,2.40,4.00
2007.10.25 10:49:57.858,1.0339,1.03425,2.40,4.00
2007.10.25 10:49:58.136,1.0339,1.03425,2.40,4.00
2007.10.25 10:49:58.415,1.03395,1.0343,4.00,5.20
2007.10.25 10:49:58.609,1.03395,1.0343,4.00,2.40
2007.10.25 10:49:58.802,1.03395,1.0343,4.00,2.40
2007.10.25 10:49:58.995,1.03395,1.0343,4.00,2.40
2007.10.25 10:49:59.188,1.034,1.03435,2.40,18.00
2007.10.25 10:49:59.521,1.034,1.03435,2.40,11.60
2007.10.25 10:49:59.854,1.034,1.03435,2.40,7.60
2007.10.25 10:50:00.187,1.03395,1.0343,8.00,2.40
2007.10.25 10:50:00.369,1.03395,1.03425,12.00,2.40
2007.10.25 10:50:00.553,1.0339,1.03415,2.40,4.00
2007.10.25 10:50:00.735,1.0339,1.03415,2.40,4.00
2007.10.25 10:50:00.918,1.0339,1.0342,2.40,2.80
2007.10.25 10:50:01.101,1.0339,1.03425,2.40,4.00
2007.10.25 10:50:01.283,1.0339,1.03425,2.40,4.00
2007.10.25 10:50:01.615,1.0339,1.03425,2.40,4.00
2007.10.25 10:50:01.948,1.0338,1.03415,10.40,4.00
2007.10.25 10:50:02.283,1.0338,1.03415,10.40,4.00
2007.10.25 10:50:02.490,1.0338,1.03415,6.40,4.00
2007.10.25 10:50:02.698,1.0338,1.03415,6.40,4.00
2007.10.25 10:50:02.905,1.0338,1.03415,6.40,4.00
2007.10.25 10:50:03.113,1.0338,1.03415,6.40,4.00
2007.10.25 10:50:03.320,1.0338,1.03415,6.40,4.00
2007.10.25 10:50:03.563,1.0338,1.03415,6.40,4.00
2007.10.25 10:50:03.805,1.0338,1.03415,6.40,4.00
2007.10.25 10:50:04.047,1.0338,1.03415,6.40,4.00
2007.10.25 10:50:04.290,1.0338,1.03415,6.40,4.00
2007.10.25 10:50:04.533,1.03385,1.03415,4.00,4.00
2007.10.25 10:50:04.868,1.0339,1.03415,2.40,4.00
2007.10.25 10:50:05.202,1.0339,1.03415,2.40,4.00
2007.10.25 10:50:05.535,1.0339,1.03415,2.40,4.00
2007.10.25 10:50:05.703,1.0339,1.03415,2.40,4.00
2007.10.25 10:50:05.871,1.0339,1.03415,2.40,4.00
2007.10.25 10:50:06.038,1.0339,1.03415,2.40,4.00
2007.10.25 10:50:06.206,1.0339,1.03415,2.40,4.00
2007.10.25 10:50:06.373,1.0339,1.03415,2.40,4.00
2007.10.25 10:50:06.640,1.0339,1.03415,2.40,4.00
2007.10.25 10:50:06.907,1.03395,1.0343,4.00,2.40
2007.10.25 10:50:07.175,1.03395,1.0343,4.00,2.40
2007.10.25 10:50:07.442,1.03395,1.0343,4.00,2.40
2007.10.25 10:50:07.650,1.03395,1.0343,4.00,2.40
2007.10.25 10:50:07.857,1.03395,1.0343,4.00,2.40
2007.10.25 10:50:08.065,1.03395,1.0343,4.00,2.40
2007.10.25 10:50:08.273,1.03395,1.0343,4.00,2.40
2007.10.25 10:50:08.481,1.03395,1.0343,4.00,2.40
2007.10.25 10:50:08.674,1.03395,1.0343,4.00,2.40
2007.10.25 10:50:08.866,1.03395,1.0343,4.00,2.40
2007.10.25 10:50:09.059,1.03395,1.0343,4.00,2.40
2007.10.25 10:50:09.252,1.03395,1.0343,4.00,2.40
2007.10.25 10:50:09.445,1.03395,1.0343,4.00,2.40
2007.10.25 10:50:09.778,1.03395,1.0343,4.00,2.40
2007.10.25 10:50:10.111,1.03395,1.0343,4.00,2.40
2007.10.25 10:50:10.443,1.03395,1.0343,4.00,2.40
2007.10.25 10:50:10.625,1.03395,1.0343,4.00,2.40
2007.10.25 10:50:10.789,1.03395,1.0343,4.00,2.40
2007.10.25 10:50:10.951,1.03395,1.0343,4.00,2.40
2007.10.25 10:50:11.114,1.03395,1.0343,4.00,2.40
2007.10.25 10:50:11.277,1.03395,1.0343,4.00,2.40
2007.10.25 10:50:11.440,1.03395,1.0343,4.00,2.40
2007.10.25 10:50:11.724,1.03395,1.03425,4.00,2.40
2007.10.25 10:50:12.007,1.0339,1.03425,2.40,25.20
2007.10.25 10:50:12.292,1.03385,1.0342,8.00,2.40
2007.10.25 10:50:12.574,1.03385,1.03415,4.00,4.00
2007.10.25 10:50:12.820,1.0338,1.03415,2.40,4.00
2007.10.25 10:50:13.062,1.03385,1.03415,4.00,4.00
2007.10.25 10:50:13.306,1.03385,1.0342,8.00,2.40
2007.10.25 10:50:13.548,1.03385,1.0342,8.00,2.40
2007.10.25 10:50:13.796,1.03385,1.0342,4.00,2.40
2007.10.25 10:50:14.044,1.0338,1.03415,6.40,4.00
2007.10.25 10:50:14.292,1.0338,1.03425,4.00,23.60
2007.10.25 10:50:14.539,1.0338,1.03425,4.00,26.80
2007.10.25 10:50:14.874,1.0338,1.03425,4.00,26.80
2007.10.25 10:50:15.207,1.0338,1.03425,4.00,26.80
2007.10.25 10:50:15.539,1.0338,1.03425,4.00,26.80
2007.10.25 10:50:15.769,1.0338,1.03425,6.40,18.80
2007.10.25 10:50:15.996,1.03385,1.03425,4.00,15.90
2007.10.25 10:50:16.223,1.03385,1.03425,4.00,15.90
2007.10.25 10:50:16.450,1.03385,1.03425,4.00,15.90
2007.10.25 10:50:16.763,1.03385,1.0342,4.00,2.40
2007.10.25 10:50:17.022,1.03385,1.0342,4.00,5.20
2007.10.25 10:50:17.280,1.0338,1.0342,6.40,2.40
2007.10.25 10:50:17.538,1.0338,1.0342,6.40,2.40
2007.10.25 10:50:17.796,1.0338,1.0342,6.40,2.40
2007.10.25 10:50:18.045,1.0338,1.0342,6.40,2.40
2007.10.25 10:50:18.293,1.0338,1.0342,6.40,2.40
2007.10.25 10:50:18.541,1.0338,1.0342,6.40,2.40
2007.10.25 10:50:18.788,1.0338,1.0342,6.40,2.40
2007.10.25 10:50:19.035,1.0338,1.0342,6.40,2.40
2007.10.25 10:50:19.369,1.0338,1.0342,6.40,2.40
2007.10.25 10:50:19.702,1.0338,1.0342,6.40,2.40
2007.10.25 10:50:20.036,1.0338,1.0342,6.40,2.40
2007.10.25 10:50:20.208,1.0338,1.0342,6.40,2.40
2007.10.25 10:50:20.381,1.0338,1.0342,6.40,2.40
2007.10.25 10:50:20.555,1.03385,1.0342,4.00,2.40
2007.10.25 10:50:20.727,1.03385,1.0342,4.00,2.40
2007.10.25 10:50:20.899,1.03385,1.0342,4.00,2.40
2007.10.25 10:50:21.156,1.0338,1.0342,6.40,2.40
2007.10.25 10:50:21.414,1.0338,1.0342,6.40,2.40
2007.10.25 10:50:21.672,1.0338,1.0342,6.40,2.40
2007.10.25 10:50:21.930,1.0338,1.0342,6.40,2.40
2007.10.25 10:50:22.152,1.0338,1.0342,6.40,2.40
2007.10.25 10:50:22.375,1.0338,1.0342,6.40,2.40
2007.10.25 10:50:22.598,1.0338,1.0342,6.40,2.40
2007.10.25 10:50:22.893,1.0338,1.0342,6.40,2.40
2007.10.25 10:50:23.106,1.0338,1.0342,6.40,2.40
2007.10.25 10:50:23.319,1.0338,1.0342,6.40,2.40
2007.10.25 10:50:23.531,1.0338,1.0342,6.40,2.40
2007.10.25 10:50:23.742,1.0338,1.0342,6.40,2.40
2007.10.25 10:50:23.955,1.0338,1.0342,6.40,2.40
2007.10.25 10:50:24.167,1.0338,1.0342,6.40,2.40
2007.10.25 10:50:24.494,1.0338,1.0342,6.40,2.40
2007.10.25 10:50:24.822,1.0338,1.0342,6.40,2.40
2007.10.25 10:50:25.149,1.0338,1.0342,6.40,5.20
2007.10.25 10:50:25.301,1.0338,1.0342,6.40,5.20
2007.10.25 10:50:25.454,1.0338,1.0342,6.40,5.20
2007.10.25 10:50:25.606,1.0338,1.0342,6.40,5.20
2007.10.25 10:50:25.759,1.0338,1.0342,6.40,5.20
2007.10.25 10:50:25.912,1.0338,1.0342,6.40,5.20
2007.10.25 10:50:26.064,1.0338,1.0342,6.40,5.20
2007.10.25 10:50:26.296,1.0338,1.0342,6.40,5.20
2007.10.25 10:50:26.529,1.0338,1.0342,6.40,5.20
2007.10.25 10:50:26.762,1.0338,1.0342,6.40,5.20
2007.10.25 10:50:26.993,1.0338,1.0342,6.40,5.20
2007.10.25 10:50:27.226,1.0338,1.0342,6.40,5.20
2007.10.25 10:50:27.489,1.0338,1.0342,6.40,5.20
2007.10.25 10:50:27.752,1.0338,1.0342,6.40,5.20
2007.10.25 10:50:28.015,1.0338,1.0342,6.40,5.20
2007.10.25 10:50:28.277,1.0338,1.0342,6.40,5.20
2007.10.25 10:50:28.484,1.0338,1.0342,6.40,5.20
2007.10.25 10:50:28.692,1.0338,1.0342,6.40,5.20
2007.10.25 10:50:29.026,1.0338,1.0342,6.40,5.20
2007.10.25 10:50:29.108,1.0338,1.0342,6.40,5.20
2007.10.25 10:50:29.316,1.0338,1.0342,6.40,5.20
2007.10.25 10:50:29.649,1.0338,1.03415,2.40,4.00
2007.10.25 10:50:29.982,1.0338,1.03415,2.40,4.00
2007.10.25 10:50:30.314,1.0338,1.03415,2.40,4.00
2007.10.25 10:50:30.502,1.0338,1.03415,2.40,4.00
2007.10.25 10:50:30.690,1.0338,1.03415,2.40,4.00
2007.10.25 10:50:30.878,1.0338,1.03415,2.40,4.00
2007.10.25 10:50:31.065,1.0338,1.03415,2.40,4.00
2007.10.25 10:50:31.252,1.0338,1.03415,2.40,4.00
2007.10.25 10:50:31.505,1.0338,1.03415,2.40,4.00
2007.10.25 10:50:31.758,1.0338,1.03415,2.40,4.00
2007.10.25 10:50:32.011,1.0338,1.03415,2.40,4.00
2007.10.25 10:50:32.263,1.0338,1.03415,2.40,4.00
2007.10.25 10:50:32.480,1.0338,1.03415,2.40,4.00
2007.10.25 10:50:32.698,1.0338,1.03415,2.40,4.00
2007.10.25 10:50:32.916,1.0338,1.03415,2.40,4.00
2007.10.25 10:50:33.134,1.0338,1.03415,2.40,4.00
2007.10.25 10:50:33.352,1.0338,1.03415,2.40,4.00
2007.10.25 10:50:33.564,1.0338,1.03415,2.40,4.00
2007.10.25 10:50:33.777,1.0338,1.03415,2.40,4.00
2007.10.25 10:50:33.988,1.0338,1.03415,2.40,4.00
2007.10.25 10:50:34.201,1.0338,1.03415,2.40,4.00
2007.10.25 10:50:34.412,1.0338,1.03415,2.40,4.00
2007.10.25 10:50:34.745,1.0338,1.03415,2.40,4.00
2007.10.25 10:50:35.167,1.0338,1.03415,2.40,4.00
2007.10.25 10:50:35.500,1.0338,1.03415,2.40,4.00
2007.10.25 10:50:35.679,1.0338,1.03415,2.40,4.00
2007.10.25 10:50:35.857,1.0338,1.03415,2.40,4.00
2007.10.25 10:50:36.035,1.0338,1.03415,2.40,4.00
2007.10.25 10:50:36.213,1.0338,1.03415,2.40,4.00
2007.10.25 10:50:36.390,1.0338,1.03415,2.40,4.00
2007.10.25 10:50:36.612,1.0338,1.03415,2.40,4.00
2007.10.25 10:50:36.836,1.0338,1.03415,2.40,4.00
2007.10.25 10:50:37.060,1.0338,1.03415,2.40,4.00
2007.10.25 10:50:37.283,1.0338,1.03415,2.40,4.00
2007.10.25 10:50:37.506,1.0338,1.03415,2.40,4.00
2007.10.25 10:50:37.713,1.0338,1.03415,2.40,4.00
2007.10.25 10:50:37.920,1.0338,1.03415,2.40,4.00
2007.10.25 10:50:38.128,1.0338,1.03415,2.40,4.00
2007.10.25 10:50:38.336,1.0338,1.03415,2.40,4.00
2007.10.25 10:50:38.544,1.0338,1.03415,2.40,4.00
2007.10.25 10:50:38.817,1.0338,1.03415,2.40,4.00
2007.10.25 10:50:39.090,1.0338,1.03415,2.40,4.00
2007.10.25 10:50:39.363,1.0338,1.03415,2.40,4.00
2007.10.25 10:50:39.635,1.0338,1.03415,2.40,4.00
2007.10.25 10:50:39.969,1.0338,1.03415,2.40,4.00
2007.10.25 10:50:40.302,1.0338,1.03415,2.40,4.00
2007.10.25 10:50:40.634,1.0338,1.03415,2.40,4.00
2007.10.25 10:50:40.782,1.0338,1.03415,2.40,4.00
2007.10.25 10:50:40.929,1.0338,1.03415,2.40,4.00
2007.10.25 10:50:41.076,1.0338,1.03415,2.40,4.00
2007.10.25 10:50:41.302,1.0338,1.03415,2.40,4.00
2007.10.25 10:50:41.452,1.0338,1.03415,2.40,4.00
2007.10.25 10:50:41.602,1.0338,1.03415,2.40,4.00
2007.10.25 10:50:41.855,1.0338,1.03415,2.40,4.00
2007.10.25 10:50:42.109,1.0338,1.0342,6.40,5.20
2007.10.25 10:50:42.362,1.0338,1.0342,6.40,5.20
2007.10.25 10:50:42.614,1.0338,1.0342,6.40,5.20
2007.10.25 10:50:42.827,1.0338,1.03415,6.40,4.00
2007.10.25 10:50:43.042,1.0338,1.03415,6.40,4.00
2007.10.25 10:50:43.255,1.0338,1.03415,2.40,4.00
2007.10.25 10:50:43.469,1.0338,1.03415,2.40,4.00
2007.10.25 10:50:43.682,1.0338,1.03415,2.40,4.00
2007.10.25 10:50:43.919,1.0338,1.03415,2.40,4.00
2007.10.25 10:50:44.157,1.0338,1.03415,2.40,4.00
2007.10.25 10:50:44.396,1.0338,1.03415,2.40,4.00
2007.10.25 10:50:44.634,1.0338,1.03415,2.40,4.00
2007.10.25 10:50:44.871,1.0338,1.03415,2.40,6.80
2007.10.25 10:50:45.204,1.0338,1.03415,2.40,6.80
2007.10.25 10:50:45.537,1.0338,1.03415,2.40,10.80
2007.10.25 10:50:45.870,1.03375,1.0341,8.00,6.40
2007.10.25 10:50:46.048,1.0337,1.03405,2.40,6.80
2007.10.25 10:50:46.226,1.0337,1.03405,2.40,6.80
2007.10.25 10:50:46.404,1.0337,1.03405,2.40,6.80
2007.10.25 10:50:46.582,1.0337,1.03405,2.40,6.80
2007.10.25 10:50:46.760,1.0337,1.03405,2.40,6.80
2007.10.25 10:50:46.937,1.03365,1.034,4.80,2.40
2007.10.25 10:50:47.271,1.0336,1.034,6.40,2.40
2007.10.25 10:50:47.603,1.0336,1.034,6.40,2.40
2007.10.25 10:50:47.937,1.0336,1.034,6.40,2.40
2007.10.25 10:50:48.105,1.0336,1.03395,2.40,2.80
2007.10.25 10:50:48.273,1.0336,1.03395,2.40,6.80
2007.10.25 10:50:48.440,1.0336,1.03395,2.40,6.80
2007.10.25 10:50:48.609,1.0336,1.03395,2.40,6.80
2007.10.25 10:50:48.780,1.0336,1.03395,2.40,6.80
2007.10.25 10:50:48.946,1.0336,1.03395,2.40,6.80
2007.10.25 10:50:49.281,1.0336,1.034,2.40,5.20
2007.10.25 10:50:49.613,1.03355,1.0339,4.80,2.40
2007.10.25 10:50:49.946,1.03355,1.0339,8.80,2.40
2007.10.25 10:50:50.128,1.0336,1.03395,2.40,6.80
2007.10.25 10:50:50.311,1.0336,1.03395,2.40,6.80
2007.10.25 10:50:50.495,1.0336,1.03395,6.40,2.80
2007.10.25 10:50:50.678,1.03365,1.03405,8.00,0.80
2007.10.25 10:50:50.861,1.03365,1.0341,8.00,5.20
2007.10.25 10:50:51.045,1.03365,1.0341,8.00,5.20
2007.10.25 10:50:51.343,1.03365,1.034,4.00,2.40
2007.10.25 10:50:51.640,1.03365,1.034,4.00,2.40
2007.10.25 10:50:51.938,1.03365,1.034,8.00,2.40
2007.10.25 10:50:52.236,1.0337,1.03405,2.40,2.80
2007.10.25 10:50:52.459,1.0337,1.0341,6.40,5.20
2007.10.25 10:50:52.682,1.0337,1.0341,6.40,5.20
2007.10.25 10:50:52.904,1.0337,1.0341,6.40,5.20
2007.10.25 10:50:53.127,1.0337,1.0341,6.40,5.20
2007.10.25 10:50:53.321,1.0337,1.03415,6.40,16.40
2007.10.25 10:50:53.374,1.0337,1.0341,6.40,5.20
2007.10.25 10:50:53.621,1.0337,1.0341,6.40,5.20
2007.10.25 10:50:53.870,1.0337,1.0341,4.00,5.20
2007.10.25 10:50:54.118,1.03365,1.0341,8.80,5.20
2007.10.25 10:50:54.436,1.03365,1.03405,8.00,2.40
2007.10.25 10:50:54.755,1.03365,1.034,8.00,2.40
2007.10.25 10:50:55.073,1.03365,1.034,4.00,2.40
2007.10.25 10:50:55.325,1.03365,1.034,4.00,2.40
2007.10.25 10:50:55.578,1.0336,1.034,6.40,2.40
2007.10.25 10:50:55.830,1.0336,1.034,6.40,2.40
2007.10.25 10:50:56.082,1.0336,1.034,6.40,2.40
2007.10.25 10:50:56.335,1.0336,1.034,6.40,2.40
2007.10.25 10:50:56.533,1.0336,1.034,6.40,2.40
2007.10.25 10:50:56.730,1.0336,1.034,6.40,2.40
2007.10.25 10:50:56.928,1.0336,1.034,6.40,2.40
2007.10.25 10:50:57.125,1.03365,1.034,8.00,2.40
2007.10.25 10:50:57.363,1.03365,1.034,8.00,2.40
2007.10.25 10:50:57.601,1.03365,1.034,8.00,2.40
2007.10.25 10:50:57.838,1.03365,1.034,8.00,2.40
2007.10.25 10:50:58.075,1.03365,1.034,8.00,2.40
2007.10.25 10:50:58.313,1.03365,1.034,8.00,2.40
2007.10.25 10:50:58.556,1.03365,1.034,8.00,2.40
2007.10.25 10:50:58.799,1.0337,1.03405,2.40,4.00
2007.10.25 10:50:59.041,1.0337,1.03405,2.40,4.00
2007.10.25 10:50:59.283,1.0337,1.03405,2.40,4.00
2007.10.25 10:50:59.704,1.0337,1.03405,6.40,4.00
2007.10.25 10:51:00.007,1.0337,1.03405,6.40,4.00
2007.10.25 10:51:00.309,1.0337,1.03405,2.40,4.00
2007.10.25 10:51:00.462,1.0337,1.03405,2.40,4.00
2007.10.25 10:51:00.614,1.0337,1.03405,2.40,4.00
2007.10.25 10:51:00.768,1.0337,1.03405,2.40,4.00
2007.10.25 10:51:00.920,1.0337,1.03405,2.40,4.00
2007.10.25 10:51:01.072,1.0337,1.03405,2.40,4.00
2007.10.25 10:51:01.226,1.0337,1.03405,2.40,4.00
2007.10.25 10:51:01.378,1.0337,1.03405,2.40,4.00
2007.10.25 10:51:01.690,1.0337,1.03405,2.40,4.00
2007.10.25 10:51:02.002,1.0337,1.03405,2.40,4.00
2007.10.25 10:51:02.316,1.0337,1.03405,6.40,4.00
2007.10.25 10:51:02.628,1.0337,1.03405,6.40,4.00
2007.10.25 10:51:02.785,1.0337,1.03405,6.40,4.00
2007.10.25 10:51:02.942,1.0337,1.03405,6.40,4.00
2007.10.25 10:51:03.100,1.0337,1.03405,6.40,4.00
2007.10.25 10:51:03.257,1.0337,1.03405,6.40,4.00
2007.10.25 10:51:03.415,1.0337,1.03405,6.40,4.00
2007.10.25 10:51:03.688,1.0337,1.03405,6.40,4.00
2007.10.25 10:51:03.961,1.0337,1.03405,6.40,4.00
2007.10.25 10:51:04.234,1.0337,1.03405,6.40,4.00
2007.10.25 10:51:04.507,1.0337,1.03405,2.40,4.00
2007.10.25 10:51:04.839,1.0337,1.03405,2.40,4.00
2007.10.25 10:51:05.172,1.0337,1.03405,2.40,4.00
2007.10.25 10:51:05.504,1.0337,1.03405,6.40,4.00
2007.10.25 10:51:05.672,1.0337,1.03405,6.40,4.00
2007.10.25 10:51:05.851,1.0337,1.03405,6.40,4.00
2007.10.25 10:51:06.022,1.0337,1.03405,2.40,4.00
2007.10.25 10:51:06.191,1.0337,1.03405,2.40,4.00
2007.10.25 10:51:06.358,1.0337,1.0341,2.40,5.20
2007.10.25 10:51:06.527,1.0337,1.0341,2.40,5.20
2007.10.25 10:51:06.861,1.0337,1.0341,6.40,2.40
2007.10.25 10:51:07.195,1.0337,1.0341,6.40,2.40
2007.10.25 10:51:07.527,1.0337,1.0341,6.40,2.40
2007.10.25 10:51:07.719,1.0337,1.0341,6.40,2.40
2007.10.25 10:51:07.913,1.0337,1.0341,6.40,2.40
2007.10.25 10:51:08.105,1.0337,1.0341,6.40,2.40
2007.10.25 10:51:08.298,1.0338,1.03415,2.40,6.80
2007.10.25 10:51:08.493,1.0338,1.03415,2.40,4.00
2007.10.25 10:51:08.685,1.0338,1.03415,2.40,4.00
2007.10.25 10:51:08.953,1.0338,1.03415,2.40,4.00
2007.10.25 10:51:09.221,1.0338,1.03415,2.40,4.00
2007.10.25 10:51:09.488,1.0338,1.03415,2.40,4.00
2007.10.25 10:51:09.756,1.0338,1.03415,2.40,4.00
2007.10.25 10:51:10.054,1.0338,1.03415,2.40,4.00
2007.10.25 10:51:10.352,1.0338,1.03415,2.40,4.00
2007.10.25 10:51:10.649,1.0338,1.03415,2.40,4.00
2007.10.25 10:51:10.947,1.0338,1.03415,2.40,4.00
2007.10.25 10:51:11.120,1.0338,1.03415,2.40,4.00
2007.10.25 10:51:11.292,1.0338,1.03415,2.40,4.00
2007.10.25 10:51:11.465,1.0338,1.03415,2.40,4.00
2007.10.25 10:51:11.637,1.0338,1.03415,2.40,4.00
2007.10.25 10:51:11.809,1.0338,1.03415,2.40,4.00
2007.10.25 10:51:12.053,1.0338,1.03415,2.40,4.00
2007.10.25 10:51:12.296,1.0338,1.03415,2.40,4.00
2007.10.25 10:51:12.538,1.0338,1.03415,2.40,4.00
2007.10.25 10:51:12.781,1.0338,1.03415,2.40,4.00
2007.10.25 10:51:13.024,1.0338,1.03415,2.40,4.00
2007.10.25 10:51:13.210,1.0338,1.03415,2.40,4.00
2007.10.25 10:51:13.398,1.0338,1.03415,2.40,4.00
2007.10.25 10:51:13.585,1.0338,1.03415,2.40,4.00
2007.10.25 10:51:13.777,1.0338,1.03415,2.40,4.00
2007.10.25 10:51:13.964,1.0338,1.03415,2.40,4.00
2007.10.25 10:51:14.296,1.0338,1.03415,2.40,4.00
2007.10.25 10:51:14.362,1.0338,1.0342,2.40,9.20
2007.10.25 10:51:14.629,1.0338,1.03415,2.40,4.00
2007.10.25 10:51:14.962,1.0338,1.03415,2.40,4.00
2007.10.25 10:51:15.090,1.0338,1.03415,2.40,4.00
2007.10.25 10:51:15.217,1.0338,1.03415,2.40,4.00
2007.10.25 10:51:15.345,1.0338,1.03415,2.40,4.00
2007.10.25 10:51:15.472,1.0338,1.03415,2.40,4.00
2007.10.25 10:51:15.600,1.0338,1.03415,2.40,4.00
2007.10.25 10:51:15.728,1.0338,1.03415,2.40,4.00
2007.10.25 10:51:15.854,1.0338,1.03415,2.40,4.00
2007.10.25 10:51:15.982,1.0338,1.03415,2.40,4.00
2007.10.25 10:51:16.290,1.0338,1.03415,2.40,4.00
2007.10.25 10:51:16.598,1.0338,1.03415,2.40,4.00
2007.10.25 10:51:16.905,1.0338,1.03415,2.40,4.00
2007.10.25 10:51:17.212,1.0338,1.03415,2.40,4.00
2007.10.25 10:51:17.385,1.0338,1.03415,2.40,4.00
2007.10.25 10:51:17.558,1.0338,1.03415,2.40,4.00
2007.10.25 10:51:17.730,1.0338,1.03415,2.40,4.00
2007.10.25 10:51:17.903,1.0338,1.03415,2.40,4.00
2007.10.25 10:51:18.117,1.0338,1.03415,2.40,4.00
2007.10.25 10:51:18.359,1.0338,1.03415,2.40,4.00
2007.10.25 10:51:18.603,1.0338,1.03415,2.40,4.00
2007.10.25 10:51:18.846,1.0338,1.03415,2.40,4.00
2007.10.25 10:51:19.090,1.0338,1.03415,2.40,4.00
2007.10.25 10:51:19.398,1.0338,1.03415,2.40,4.00
2007.10.25 10:51:19.706,1.03375,1.03415,8.80,4.00
2007.10.25 10:51:20.014,1.03375,1.0341,8.80,2.40
2007.10.25 10:51:20.157,1.03375,1.0341,8.80,2.40
2007.10.25 10:51:20.300,1.03375,1.0341,8.80,2.40
2007.10.25 10:51:20.442,1.03375,1.0341,8.80,2.40
2007.10.25 10:51:20.585,1.03375,1.0341,8.80,2.40
2007.10.25 10:51:20.728,1.03375,1.0341,8.80,2.40
2007.10.25 10:51:20.872,1.0338,1.03415,2.40,4.00
2007.10.25 10:51:21.014,1.03385,1.0342,4.00,5.20
2007.10.25 10:51:21.312,1.03385,1.0342,8.00,2.40
2007.10.25 10:51:21.610,1.03385,1.03415,4.00,4.00
2007.10.25 10:51:21.908,1.0338,1.03415,2.40,4.00
2007.10.25 10:51:22.206,1.03385,1.0342,4.00,2.40
2007.10.25 10:51:22.415,1.03385,1.0342,4.00,2.40
2007.10.25 10:51:22.624,1.0339,1.0342,2.40,2.40
2007.10.25 10:51:22.832,1.0339,1.03425,2.40,6.80
2007.10.25 10:51:23.040,1.0339,1.03425,2.40,6.80
2007.10.25 10:51:23.248,1.0339,1.03425,2.40,6.80
2007.10.25 10:51:23.495,1.0339,1.03425,2.40,6.80
2007.10.25 10:51:23.743,1.0339,1.03425,2.40,6.80
2007.10.25 10:51:23.990,1.0339,1.03425,2.40,6.80
2007.10.25 10:51:24.252,1.0339,1.03425,2.40,6.80
2007.10.25 10:51:24.575,1.0339,1.03425,2.40,4.00
2007.10.25 10:51:24.898,1.0339,1.03425,2.40,4.00
2007.10.25 10:51:25.221,1.0339,1.03425,2.40,4.00
2007.10.25 10:51:25.368,1.0339,1.03425,2.40,4.00
2007.10.25 10:51:25.516,1.0339,1.03425,2.40,4.00
2007.10.25 10:51:25.664,1.0339,1.03425,2.40,4.00
2007.10.25 10:51:25.812,1.0339,1.03425,2.40,4.00
2007.10.25 10:51:25.960,1.0339,1.03425,2.40,12.00
2007.10.25 10:51:26.107,1.0339,1.03425,2.40,14.80
2007.10.25 10:51:26.255,1.0339,1.03425,2.40,14.80
2007.10.25 10:51:26.548,1.0339,1.03425,2.40,14.80
2007.10.25 10:51:26.840,1.0339,1.03425,2.40,14.80
2007.10.25 10:51:27.133,1.0339,1.03425,2.40,14.80
2007.10.25 10:51:27.426,1.0339,1.03425,2.40,6.80
2007.10.25 10:51:27.615,1.0339,1.03425,2.40,4.00
2007.10.25 10:51:27.802,1.0339,1.03425,2.40,4.00
2007.10.25 10:51:27.990,1.0339,1.03425,2.40,4.00
2007.10.25 10:51:28.178,1.0339,1.03425,2.40,4.00
2007.10.25 10:51:28.365,1.0339,1.03425,2.40,4.00
2007.10.25 10:51:28.632,1.0339,1.03425,2.40,4.00
2007.10.25 10:51:28.899,1.0339,1.03425,2.40,4.00
2007.10.25 10:51:29.167,1.0339,1.03425,2.40,4.00
2007.10.25 10:51:29.435,1.0339,1.03425,2.40,4.00
2007.10.25 10:51:29.733,1.0339,1.03425,2.40,4.00
2007.10.25 10:51:30.031,1.0339,1.03425,2.40,4.00
2007.10.25 10:51:30.384,1.0339,1.03425,2.40,4.00
2007.10.25 10:51:30.506,1.0339,1.03425,2.40,4.00
2007.10.25 10:51:30.628,1.0339,1.03425,2.40,4.00
2007.10.25 10:51:30.751,1.0339,1.03425,2.40,4.00
2007.10.25 10:51:30.873,1.0339,1.03425,2.40,4.00
2007.10.25 10:51:30.996,1.0339,1.03425,2.40,4.00
2007.10.25 10:51:31.118,1.0339,1.03425,2.40,4.00
2007.10.25 10:51:31.240,1.0339,1.03425,2.40,4.00
2007.10.25 10:51:31.362,1.0339,1.03425,2.40,4.00
2007.10.25 10:51:31.485,1.0339,1.03425,2.40,4.00
2007.10.25 10:51:31.818,1.03385,1.0342,8.80,2.40
2007.10.25 10:51:32.150,1.03385,1.0342,8.80,2.40
2007.10.25 10:51:32.483,1.03385,1.0342,8.80,2.40
2007.10.25 10:51:32.610,1.03385,1.0342,8.80,2.40
2007.10.25 10:51:32.738,1.03385,1.0342,8.80,2.40
2007.10.25 10:51:32.865,1.03385,1.0342,8.80,2.40
2007.10.25 10:51:32.993,1.03385,1.0342,8.80,2.40
2007.10.25 10:51:33.121,1.03385,1.0342,8.80,2.40
2007.10.25 10:51:33.248,1.03385,1.0342,8.80,2.40
2007.10.25 10:51:33.376,1.03385,1.0342,8.80,2.40
2007.10.25 10:51:33.503,1.03385,1.0342,8.80,2.40
2007.10.25 10:51:33.821,1.03385,1.0342,8.80,2.40
2007.10.25 10:51:34.139,1.03385,1.0342,8.80,2.40
2007.10.25 10:51:34.456,1.03385,1.0342,8.80,2.40
2007.10.25 10:51:34.744,1.03385,1.0342,8.80,2.40
2007.10.25 10:51:35.032,1.03385,1.0342,8.80,2.40
2007.10.25 10:51:35.320,1.03385,1.0342,8.80,2.40
2007.10.25 10:51:35.607,1.03385,1.0342,8.80,2.40
2007.10.25 10:51:35.810,1.03385,1.0342,8.80,2.40
2007.10.25 10:51:36.012,1.03385,1.0342,8.80,2.40
2007.10.25 10:51:36.215,1.03385,1.0342,8.80,2.40
2007.10.25 10:51:36.521,1.03385,1.0342,8.80,2.40
2007.10.25 10:51:36.724,1.03385,1.0342,8.80,2.40
2007.10.25 10:51:36.912,1.03385,1.0342,8.80,2.40
2007.10.25 10:51:37.100,1.03385,1.0342,8.80,2.40
2007.10.25 10:51:37.287,1.03385,1.0342,8.80,2.40
2007.10.25 10:51:37.475,1.03385,1.0342,8.80,2.40
2007.10.25 10:51:37.663,1.03385,1.0342,8.80,2.40
2007.10.25 10:51:37.946,1.03385,1.0342,8.80,2.40
2007.10.25 10:51:38.229,1.03385,1.0342,8.80,2.40
2007.10.25 10:51:38.511,1.03385,1.0342,8.80,2.40
2007.10.25 10:51:38.794,1.03385,1.0342,8.80,2.40
2007.10.25 10:51:38.962,1.03385,1.0342,8.80,2.40
2007.10.25 10:51:39.130,1.03385,1.0342,8.80,2.40
2007.10.25 10:51:39.297,1.03385,1.0342,8.80,2.40
2007.10.25 10:51:39.466,1.03385,1.0342,8.80,2.40
2007.10.25 10:51:39.633,1.03385,1.0342,8.80,2.40
2007.10.25 10:51:39.802,1.0339,1.03425,2.40,4.00
2007.10.25 10:51:40.135,1.0339,1.03425,2.40,4.00
2007.10.25 10:51:40.469,1.0339,1.03425,2.40,4.00
2007.10.25 10:51:40.802,1.0339,1.03425,2.40,4.00
2007.10.25 10:51:41.005,1.0339,1.03425,2.40,4.00
2007.10.25 10:51:41.207,1.0339,1.03425,2.40,4.00
2007.10.25 10:51:41.410,1.0339,1.03425,2.40,4.00
2007.10.25 10:51:41.612,1.0339,1.03425,2.40,4.00
2007.10.25 10:51:41.814,1.0339,1.03425,2.40,4.00
2007.10.25 10:51:42.101,1.0339,1.03425,2.40,4.00
2007.10.25 10:51:42.389,1.0339,1.03425,2.40,4.00
2007.10.25 10:51:42.678,1.0339,1.03425,2.40,4.00
2007.10.25 10:51:42.965,1.0339,1.03425,2.40,4.00
2007.10.25 10:51:43.132,1.0339,1.03425,2.40,4.00
2007.10.25 10:51:43.301,1.0339,1.03425,2.40,4.00
2007.10.25 10:51:43.468,1.0339,1.03425,2.40,4.00
2007.10.25 10:51:43.635,1.0339,1.03425,2.40,4.00
2007.10.25 10:51:43.803,1.0339,1.03425,2.40,4.00
2007.10.25 10:51:43.970,1.0339,1.03425,2.40,4.00
2007.10.25 10:51:44.302,1.0339,1.03425,2.40,4.00
2007.10.25 10:51:44.634,1.0339,1.03425,2.40,4.00
2007.10.25 10:51:44.967,1.0339,1.03425,6.40,4.00
2007.10.25 10:51:45.110,1.0339,1.03425,6.40,4.00
2007.10.25 10:51:45.252,1.0339,1.03425,6.40,4.00
2007.10.25 10:51:45.395,1.0339,1.03425,6.40,4.00
2007.10.25 10:51:45.537,1.0339,1.03425,2.40,4.00
2007.10.25 10:51:45.681,1.0339,1.03425,2.40,4.00
2007.10.25 10:51:45.823,1.0339,1.03425,2.40,4.00
2007.10.25 10:51:45.965,1.0339,1.03425,2.40,4.00
2007.10.25 10:51:46.268,1.0339,1.03425,2.40,4.00
2007.10.25 10:51:46.571,1.0339,1.03425,2.40,4.00
2007.10.25 10:51:46.874,1.0339,1.03425,2.40,4.00
2007.10.25 10:51:47.177,1.0339,1.03425,2.40,4.00
2007.10.25 10:51:47.359,1.0339,1.03425,2.40,4.00
2007.10.25 10:51:47.542,1.0339,1.03425,2.40,4.00
2007.10.25 10:51:47.725,1.0339,1.03425,2.40,4.00
2007.10.25 10:51:47.908,1.0339,1.03425,2.40,4.00
2007.10.25 10:51:48.091,1.0339,1.03425,2.40,4.00
2007.10.25 10:51:48.313,1.0339,1.03425,2.40,4.00
2007.10.25 10:51:48.535,1.0339,1.03425,2.40,4.00
2007.10.25 10:51:48.789,1.0339,1.03425,2.40,4.00
2007.10.25 10:51:49.011,1.0339,1.03425,2.40,4.00
2007.10.25 10:51:49.234,1.0339,1.03425,2.40,4.00
2007.10.25 10:51:49.547,1.0339,1.03425,2.40,4.00
2007.10.25 10:51:49.860,1.0339,1.03425,2.40,4.00
2007.10.25 10:51:50.173,1.0339,1.03425,2.40,4.00
2007.10.25 10:51:50.325,1.0339,1.03425,2.40,4.00
2007.10.25 10:51:50.478,1.0339,1.03425,2.40,4.00
2007.10.25 10:51:50.630,1.0339,1.03425,6.40,4.00
2007.10.25 10:51:50.782,1.0339,1.03425,6.40,4.00
2007.10.25 10:51:50.936,1.0339,1.03425,6.40,4.00
2007.10.25 10:51:51.088,1.0339,1.03425,2.40,4.00
2007.10.25 10:51:51.346,1.0339,1.03425,2.40,4.00
2007.10.25 10:51:51.603,1.0339,1.03425,2.40,4.00
2007.10.25 10:51:51.861,1.0339,1.03425,2.40,4.00
2007.10.25 10:51:52.119,1.0339,1.03425,2.40,4.00
2007.10.25 10:51:52.306,1.0339,1.03425,2.40,4.00
2007.10.25 10:51:52.493,1.0339,1.03425,2.40,4.00
2007.10.25 10:51:52.681,1.0339,1.03425,2.40,4.00
2007.10.25 10:51:52.868,1.0339,1.03425,2.40,4.00
2007.10.25 10:51:53.056,1.0339,1.03425,2.40,4.00
2007.10.25 10:51:53.243,1.0339,1.03425,2.40,4.00
2007.10.25 10:51:53.501,1.0339,1.03425,2.40,4.00
2007.10.25 10:51:53.760,1.0339,1.03425,2.40,4.00
2007.10.25 10:51:54.018,1.0339,1.03425,6.40,4.00
2007.10.25 10:51:54.275,1.0339,1.03425,6.40,4.00
2007.10.25 10:51:54.608,1.0339,1.03425,2.40,4.00
2007.10.25 10:51:54.940,1.0339,1.03425,2.40,4.00
2007.10.25 10:51:55.273,1.0339,1.03425,2.40,4.00
2007.10.25 10:51:55.451,1.0339,1.03425,2.40,4.00
2007.10.25 10:51:55.628,1.0339,1.03425,2.40,4.00
2007.10.25 10:51:55.807,1.0339,1.03425,2.40,4.00
2007.10.25 10:51:55.984,1.0339,1.03425,2.40,4.00
2007.10.25 10:51:56.162,1.0339,1.03425,2.40,4.00
2007.10.25 10:51:56.339,1.0339,1.03425,2.40,4.00
2007.10.25 10:51:56.577,1.0339,1.03425,2.40,4.00
2007.10.25 10:51:56.815,1.0339,1.03425,2.40,4.00
2007.10.25 10:51:57.053,1.0339,1.03425,2.40,4.00
2007.10.25 10:51:57.290,1.0339,1.03425,2.40,4.00
2007.10.25 10:51:57.529,1.0339,1.0343,2.40,5.20
2007.10.25 10:51:57.720,1.0339,1.0343,2.40,5.20
2007.10.25 10:51:57.913,1.0339,1.0343,2.40,5.20
2007.10.25 10:51:58.105,1.0339,1.0343,2.40,5.20
2007.10.25 10:51:58.297,1.0339,1.0343,2.40,5.20
2007.10.25 10:51:58.488,1.0339,1.0343,2.40,5.20
2007.10.25 10:51:58.686,1.0339,1.0343,2.40,5.20
2007.10.25 10:51:58.882,1.0339,1.0343,2.40,5.20
2007.10.25 10:51:59.079,1.0339,1.0343,2.40,5.20
2007.10.25 10:51:59.278,1.0339,1.0343,2.40,5.20
2007.10.25 10:51:59.474,1.0339,1.0343,2.40,5.20
2007.10.25 10:51:59.807,1.0339,1.0343,2.40,5.20
2007.10.25 10:52:00.140,1.0339,1.0343,2.40,5.20
2007.10.25 10:52:00.473,1.0339,1.0343,2.40,5.20
2007.10.25 10:52:00.619,1.0339,1.0343,2.40,5.20
2007.10.25 10:52:00.767,1.0339,1.0343,2.40,5.20
2007.10.25 10:52:00.915,1.0339,1.0343,2.40,5.20
2007.10.25 10:52:01.063,1.0339,1.0343,2.40,5.20
2007.10.25 10:52:01.211,1.0339,1.0343,2.40,5.20
2007.10.25 10:52:01.358,1.0339,1.0343,2.40,5.20
2007.10.25 10:52:01.506,1.0339,1.0343,2.40,5.20
2007.10.25 10:52:01.749,1.0339,1.0343,2.40,5.20
2007.10.25 10:52:01.992,1.0339,1.0343,2.40,5.20
2007.10.25 10:52:02.236,1.0339,1.0343,2.40,5.20
2007.10.25 10:52:02.477,1.0339,1.0343,2.40,5.20
2007.10.25 10:52:02.720,1.0339,1.0343,2.40,5.20
2007.10.25 10:52:02.917,1.0339,1.0343,2.40,5.20
2007.10.25 10:52:03.115,1.0339,1.0343,2.40,5.20
2007.10.25 10:52:03.313,1.0339,1.0343,2.40,5.20
2007.10.25 10:52:03.510,1.0339,1.0343,2.40,5.20
2007.10.25 10:52:03.573,1.0339,1.0344,2.40,11.60
2007.10.25 10:52:03.707,1.0339,1.0343,2.40,5.20
2007.10.25 10:52:03.936,1.0339,1.0343,2.40,5.20
2007.10.25 10:52:04.163,1.0339,1.0343,2.40,5.20
2007.10.25 10:52:04.391,1.0339,1.0343,2.40,5.20
2007.10.25 10:52:04.619,1.0339,1.0343,2.40,5.20
2007.10.25 10:52:04.845,1.0339,1.0343,2.40,5.20
2007.10.25 10:52:05.178,1.0339,1.0343,2.40,5.20
2007.10.25 10:52:05.510,1.0339,1.0343,2.40,5.20
2007.10.25 10:52:05.842,1.0339,1.0343,2.40,5.20
2007.10.25 10:52:05.974,1.0339,1.0343,2.40,5.20
2007.10.25 10:52:06.106,1.0339,1.0343,2.40,5.20
2007.10.25 10:52:06.239,1.0339,1.0343,2.40,5.20
2007.10.25 10:52:06.371,1.0339,1.0343,2.40,5.20
2007.10.25 10:52:06.504,1.0339,1.0343,2.40,5.20
2007.10.25 10:52:06.636,1.0339,1.0343,2.40,5.20
2007.10.25 10:52:06.934,1.0339,1.0343,2.40,5.20
2007.10.25 10:52:07.231,1.0339,1.0343,2.40,5.20
2007.10.25 10:52:07.529,1.0339,1.0343,2.40,5.20
2007.10.25 10:52:07.826,1.0339,1.0343,2.40,5.20
2007.10.25 10:52:08.004,1.0339,1.0343,2.40,5.20
2007.10.25 10:52:08.182,1.0339,1.0343,2.40,5.20
2007.10.25 10:52:08.360,1.0339,1.0343,2.40,5.20
2007.10.25 10:52:08.537,1.0339,1.0343,6.40,5.20
2007.10.25 10:52:08.715,1.0339,1.0343,6.40,5.20
2007.10.25 10:52:08.978,1.0339,1.0343,6.40,5.20
2007.10.25 10:52:09.241,1.0339,1.0343,2.40,5.20
2007.10.25 10:52:09.504,1.0339,1.0343,2.40,5.20
2007.10.25 10:52:09.766,1.0339,1.0343,2.40,5.20
2007.10.25 10:52:10.094,1.03385,1.0343,4.00,2.80
2007.10.25 10:52:10.422,1.03385,1.0343,4.00,2.80
2007.10.25 10:52:10.749,1.03385,1.0343,4.00,2.80
2007.10.25 10:52:11.076,1.03385,1.0343,4.00,2.80
2007.10.25 10:52:11.223,1.03385,1.0343,4.00,2.80
2007.10.25 10:52:11.370,1.03385,1.0343,4.00,2.80
2007.10.25 10:52:11.519,1.03385,1.0343,4.00,2.80
2007.10.25 10:52:11.666,1.03385,1.0343,4.00,2.80
2007.10.25 10:52:11.813,1.03385,1.0343,4.00,2.80
2007.10.25 10:52:12.080,1.03385,1.0343,4.00,2.80
2007.10.25 10:52:12.347,1.03385,1.0343,4.00,2.80
2007.10.25 10:52:12.615,1.03385,1.0343,4.00,2.80
2007.10.25 10:52:12.883,1.03385,1.0343,4.00,2.80
2007.10.25 10:52:13.070,1.03385,1.0343,4.00,2.80
2007.10.25 10:52:13.336,1.03385,1.0342,4.80,2.40
2007.10.25 10:52:13.526,1.03385,1.0342,0.80,2.40
2007.10.25 10:52:13.714,1.03385,1.0342,0.80,2.40
2007.10.25 10:52:13.903,1.03385,1.0342,4.80,2.40
2007.10.25 10:52:14.236,1.03385,1.0342,4.80,2.40
2007.10.25 10:52:14.569,1.03385,1.0342,0.80,2.40
2007.10.25 10:52:14.903,1.03385,1.0342,0.80,2.40
2007.10.25 10:52:15.066,1.03385,1.0342,0.80,2.40
2007.10.25 10:52:15.229,1.03385,1.0342,0.80,2.40
2007.10.25 10:52:15.392,1.03385,1.0342,0.80,2.40
2007.10.25 10:52:15.555,1.03385,1.0342,0.80,2.40
2007.10.25 10:52:15.717,1.03385,1.0342,0.80,2.40
2007.10.25 10:52:15.880,1.03385,1.0342,0.80,2.40
2007.10.25 10:52:16.043,1.0338,1.03415,6.40,0.80
2007.10.25 10:52:16.311,1.03375,1.034,14.40,2.40
2007.10.25 10:52:16.579,1.03375,1.034,8.00,2.40
2007.10.25 10:52:16.846,1.03365,1.034,4.00,2.40
2007.10.25 10:52:17.114,1.03365,1.034,4.00,2.40
2007.10.25 10:52:17.372,1.0336,1.034,6.40,2.40
2007.10.25 10:52:17.630,1.0336,1.034,6.40,5.20
2007.10.25 10:52:17.888,1.0336,1.03395,6.40,6.40
2007.10.25 10:52:18.146,1.0336,1.03395,6.40,6.40
2007.10.25 10:52:18.403,1.03355,1.0339,8.80,2.40
2007.10.25 10:52:18.662,1.03355,1.0339,8.80,2.40
2007.10.25 10:52:18.919,1.0336,1.03395,2.40,2.80
2007.10.25 10:52:19.177,1.03365,1.034,4.00,2.40
2007.10.25 10:52:19.510,1.0337,1.03405,2.40,4.00
2007.10.25 10:52:19.843,1.0337,1.03405,6.40,4.00
2007.10.25 10:52:20.176,1.0337,1.034,4.00,2.40
2007.10.25 10:52:20.415,1.03365,1.034,12.00,2.40
2007.10.25 10:52:20.652,1.0337,1.0341,6.40,6.40
2007.10.25 10:52:20.891,1.03375,1.0341,4.00,2.40
2007.10.25 10:52:21.128,1.0337,1.0341,2.40,5.20
2007.10.25 10:52:21.366,1.0337,1.0341,6.40,5.20
2007.10.25 10:52:21.680,1.0337,1.0341,6.40,2.80
2007.10.25 10:52:21.993,1.0337,1.03415,6.40,2.80
2007.10.25 10:52:22.306,1.03375,1.03415,4.00,2.80
2007.10.25 10:52:22.524,1.03375,1.03415,4.00,2.80
2007.10.25 10:52:22.742,1.0339,1.03415,2.40,2.80
2007.10.25 10:52:22.960,1.0339,1.03425,2.40,7.60
2007.10.25 10:52:23.177,1.0339,1.03425,2.40,7.60
2007.10.25 10:52:23.475,1.0339,1.03415,2.40,2.80
2007.10.25 10:52:23.773,1.0339,1.03425,2.40,7.60
2007.10.25 10:52:24.070,1.0339,1.03425,2.40,15.60
2007.10.25 10:52:24.368,1.0338,1.0342,2.40,5.20
2007.10.25 10:52:24.701,1.0338,1.0342,2.40,5.20
2007.10.25 10:52:25.033,1.0338,1.0342,2.40,5.20
2007.10.25 10:52:25.366,1.0339,1.0342,2.40,2.80
2007.10.25 10:52:25.604,1.0339,1.0342,2.40,2.80
2007.10.25 10:52:25.787,1.0339,1.0342,2.40,2.80
2007.10.25 10:52:25.969,1.0339,1.0342,2.40,2.80
2007.10.25 10:52:26.151,1.0339,1.0342,2.40,2.80
2007.10.25 10:52:26.334,1.0339,1.0342,2.40,2.80
2007.10.25 10:52:26.552,1.0339,1.0342,2.40,2.80
2007.10.25 10:52:26.769,1.0339,1.0342,2.40,2.80
2007.10.25 10:52:26.988,1.0339,1.0342,2.40,2.80
2007.10.25 10:52:27.206,1.0339,1.0342,2.40,2.80
2007.10.25 10:52:27.422,1.0339,1.0342,2.40,2.80
2007.10.25 10:52:27.660,1.0339,1.0342,2.40,2.80
2007.10.25 10:52:27.897,1.0339,1.0342,2.40,2.80
2007.10.25 10:52:28.134,1.0339,1.0342,2.40,2.80
2007.10.25 10:52:28.372,1.0339,1.0342,2.40,2.80
2007.10.25 10:52:28.579,1.0339,1.0342,2.40,2.80
2007.10.25 10:52:28.787,1.0339,1.0342,2.40,2.80
2007.10.25 10:52:28.995,1.0339,1.0342,2.40,2.80
2007.10.25 10:52:29.203,1.0339,1.0342,2.40,2.80
2007.10.25 10:52:29.410,1.0339,1.0342,2.40,2.80
2007.10.25 10:52:29.742,1.0339,1.03425,2.40,2.80
2007.10.25 10:52:30.075,1.0339,1.03425,2.40,2.80
2007.10.25 10:52:30.408,1.0339,1.0343,2.40,9.30
2007.10.25 10:52:30.586,1.034,1.0343,2.40,2.80
2007.10.25 10:52:30.763,1.034,1.03435,2.40,7.60
2007.10.25 10:52:30.941,1.034,1.03435,2.40,7.60
2007.10.25 10:52:31.118,1.034,1.03435,2.40,6.80
2007.10.25 10:52:31.296,1.0339,1.0343,6.40,2.40
2007.10.25 10:52:31.473,1.0339,1.0343,6.40,2.40
2007.10.25 10:52:31.790,1.0339,1.0343,6.40,2.40
2007.10.25 10:52:32.108,1.0339,1.0343,6.40,2.40
2007.10.25 10:52:32.426,1.0339,1.0343,6.40,2.40
2007.10.25 10:52:32.744,1.0339,1.0343,6.40,2.40
2007.10.25 10:52:32.942,1.0339,1.0343,6.40,5.20
2007.10.25 10:52:33.140,1.0339,1.0343,6.40,5.20
2007.10.25 10:52:33.337,1.0339,1.0343,6.40,5.20
2007.10.25 10:52:33.535,1.0339,1.0343,6.40,5.20
2007.10.25 10:52:33.797,1.0339,1.0343,6.40,5.20
2007.10.25 10:52:34.060,1.0339,1.0343,2.40,5.20
2007.10.25 10:52:34.323,1.0339,1.03425,2.40,6.80
2007.10.25 10:52:34.586,1.0339,1.03425,2.40,6.80
2007.10.25 10:52:34.919,1.03395,1.03425,8.00,2.80
2007.10.25 10:52:35.252,1.03405,1.0343,4.00,2.40
2007.10.25 10:52:35.584,1.03405,1.0343,4.00,2.40
2007.10.25 10:52:35.822,1.03405,1.0343,4.00,2.40
2007.10.25 10:52:36.060,1.03405,1.0344,4.00,5.20
2007.10.25 10:52:36.298,1.03405,1.0343,4.00,2.40
2007.10.25 10:52:36.535,1.03405,1.0343,4.00,2.40
2007.10.25 10:52:36.761,1.03405,1.0344,4.00,7.60
2007.10.25 10:52:36.793,1.03405,1.0343,4.00,0.50
2007.10.25 10:52:37.051,1.03405,1.0344,4.00,7.60
2007.10.25 10:52:37.309,1.03395,1.0343,16.00,0.90
2007.10.25 10:52:37.566,1.03395,1.03435,12.00,6.40
2007.10.25 10:52:37.910,1.03395,1.0342,12.00,0.70
2007.10.25 10:52:38.131,1.03395,1.0342,8.00,0.50
2007.10.25 10:52:38.354,1.03395,1.0342,8.00,0.90
2007.10.25 10:52:38.577,1.03395,1.0342,8.00,0.80
2007.10.25 10:52:38.800,1.03395,1.03435,4.00,9.20
2007.10.25 10:52:39.048,1.03395,1.03435,4.00,9.20
2007.10.25 10:52:39.295,1.03395,1.0343,4.00,0.80
2007.10.25 10:52:39.543,1.03395,1.0343,4.00,0.60
2007.10.25 10:52:39.791,1.03395,1.03435,8.00,9.20
2007.10.25 10:52:40.123,1.03395,1.03435,8.00,9.20
2007.10.25 10:52:40.455,1.03395,1.0343,8.00,0.80
2007.10.25 10:52:40.788,1.03395,1.0343,8.00,0.70
2007.10.25 10:52:41.015,1.03395,1.0343,8.00,0.60
2007.10.25 10:52:41.243,1.03395,1.03435,8.00,9.20
2007.10.25 10:52:41.471,1.03395,1.0343,8.00,0.80
2007.10.25 10:52:41.698,1.03395,1.03435,8.00,9.20
2007.10.25 10:52:41.995,1.03405,1.03435,4.00,5.20
2007.10.25 10:52:42.292,1.03405,1.03445,4.00,20.40
2007.10.25 10:52:42.591,1.03405,1.03445,4.00,20.40
2007.10.25 10:52:42.889,1.03405,1.03445,4.00,20.40
2007.10.25 10:52:43.136,1.03405,1.03445,4.00,20.40
2007.10.25 10:52:43.384,1.03405,1.0344,4.00,0.50
2007.10.25 10:52:43.632,1.03405,1.0344,4.00,0.70
2007.10.25 10:52:43.880,1.03405,1.03445,4.00,20.40
2007.10.25 10:52:44.132,1.03405,1.0344,4.00,0.90
2007.10.25 10:52:44.384,1.03405,1.03445,4.00,16.40
2007.10.25 10:52:44.639,1.03405,1.03445,4.00,16.40
2007.10.25 10:52:44.970,1.03405,1.03445,4.00,16.40
2007.10.25 10:52:45.302,1.03405,1.0344,4.00,0.50
2007.10.25 10:52:45.635,1.03405,1.0344,4.00,0.80
2007.10.25 10:52:45.967,1.03405,1.03445,4.00,16.40
2007.10.25 10:52:46.180,1.03405,1.03445,4.00,16.40
2007.10.25 10:52:46.393,1.03405,1.0344,4.00,0.80
2007.10.25 10:52:46.606,1.03405,1.03445,4.00,16.40
2007.10.25 10:52:46.818,1.03405,1.03445,4.00,16.40
2007.10.25 10:52:47.091,1.03405,1.0344,4.00,0.50
2007.10.25 10:52:47.365,1.03405,1.03445,4.00,16.40
2007.10.25 10:52:47.638,1.03405,1.0344,4.00,0.70
2007.10.25 10:52:47.911,1.03405,1.0344,4.00,0.70
2007.10.25 10:52:48.129,1.03405,1.0344,4.00,0.90
2007.10.25 10:52:48.347,1.0341,1.0345,2.40,24.40
2007.10.25 10:52:48.564,1.0341,1.03445,2.40,0.70
2007.10.25 10:52:48.781,1.0341,1.03445,2.40,18.00
2007.10.25 10:52:49.088,1.0341,1.03445,2.40,18.00
2007.10.25 10:52:49.396,1.03405,1.03445,4.00,20.40
2007.10.25 10:52:49.703,1.03405,1.0344,4.00,0.70
2007.10.25 10:52:50.011,1.0341,1.0344,2.40,0.70
2007.10.25 10:52:50.334,1.03405,1.0344,4.00,0.60
2007.10.25 10:52:50.657,1.03405,1.03445,4.00,13.20
2007.10.25 10:52:50.979,1.03405,1.0344,4.00,0.60
2007.10.25 10:52:51.162,1.03405,1.0344,4.00,0.80
2007.10.25 10:52:51.345,1.03405,1.03445,4.00,13.20
2007.10.25 10:52:51.527,1.03405,1.0344,4.00,0.80
2007.10.25 10:52:51.709,1.03405,1.03445,4.00,13.20
2007.10.25 10:52:51.891,1.03405,1.03445,4.00,13.20
2007.10.25 10:52:52.223,1.03405,1.0344,4.00,0.60
2007.10.25 10:52:52.556,1.03405,1.03445,4.00,17.20
2007.10.25 10:52:52.889,1.03405,1.03445,4.00,17.20
2007.10.25 10:52:53.046,1.03405,1.0344,4.00,0.90
2007.10.25 10:52:53.204,1.03405,1.03445,4.00,17.20
2007.10.25 10:52:53.361,1.03405,1.03445,4.00,17.20
2007.10.25 10:52:53.519,1.03405,1.0344,4.00,0.50
2007.10.25 10:52:53.677,1.03405,1.0344,4.00,0.80
2007.10.25 10:52:53.834,1.034,1.0344,6.40,6.40
2007.10.25 10:52:53.992,1.034,1.0344,6.40,9.20
2007.10.25 10:52:54.326,1.034,1.03435,6.40,0.70
2007.10.25 10:52:54.659,1.034,1.0344,2.40,0.50
2007.10.25 10:52:54.992,1.034,1.0344,6.40,0.80
2007.10.25 10:52:55.194,1.034,1.03445,6.40,11.60
2007.10.25 10:52:55.397,1.034,1.03445,6.40,11.60
2007.10.25 10:52:55.599,1.034,1.03445,6.40,11.60
2007.10.25 10:52:55.803,1.0341,1.03445,2.40,0.80
2007.10.25 10:52:56.006,1.0341,1.0345,2.40,15.60
2007.10.25 10:52:56.338,1.03405,1.0344,8.00,0.50
2007.10.25 10:52:56.673,1.03405,1.0344,16.00,0.70
2007.10.25 10:52:57.005,1.03405,1.0344,16.00,0.70
2007.10.25 10:52:57.238,1.03405,1.03445,16.00,6.40
2007.10.25 10:52:57.471,1.03405,1.03445,16.00,9.20
2007.10.25 10:52:57.703,1.03405,1.03445,16.00,9.20
2007.10.25 10:52:57.935,1.03405,1.03445,16.00,9.20
2007.10.25 10:52:58.168,1.03405,1.0344,16.00,0.80
2007.10.25 10:52:58.461,1.03415,1.0345,4.00,0.70
2007.10.25 10:52:58.753,1.03415,1.03455,4.00,26.00
2007.10.25 10:52:59.045,1.03415,1.03455,4.00,26.00
2007.10.25 10:52:59.338,1.03405,1.0344,16.00,0.70
2007.10.25 10:52:59.662,1.03405,1.0344,8.00,0.80
2007.10.25 10:52:59.985,1.03405,1.0344,12.00,0.60
2007.10.25 10:53:00.307,1.03405,1.03445,12.00,6.40
2007.10.25 10:53:00.510,1.03405,1.0344,12.00,0.80
2007.10.25 10:53:00.712,1.03405,1.0344,12.00,0.90
2007.10.25 10:53:00.915,1.03405,1.03445,12.00,6.40
2007.10.25 10:53:01.117,1.03405,1.0344,12.00,0.50
2007.10.25 10:53:01.375,1.03405,1.03445,12.00,6.40
2007.10.25 10:53:01.632,1.03405,1.0344,12.00,0.50
2007.10.25 10:53:01.890,1.03405,1.0344,8.00,0.60
2007.10.25 10:53:02.148,1.03405,1.0344,8.00,0.80
2007.10.25 10:53:02.458,1.03405,1.03445,8.00,6.40
2007.10.25 10:53:02.676,1.0341,1.0345,2.40,9.20
2007.10.25 10:53:02.894,1.03415,1.03455,4.00,24.40
2007.10.25 10:53:03.111,1.03415,1.03455,4.00,24.40
2007.10.25 10:53:03.329,1.03415,1.0345,4.00,0.70
2007.10.25 10:53:03.561,1.03415,1.0345,4.00,0.60
2007.10.25 10:53:03.795,1.03415,1.03455,4.00,16.40
2007.10.25 10:53:04.027,1.03415,1.03455,4.00,16.40
2007.10.25 10:53:04.259,1.03415,1.03455,4.00,16.40
2007.10.25 10:53:04.592,1.03415,1.03455,4.00,16.40
2007.10.25 10:53:04.925,1.03415,1.03455,4.00,16.40
2007.10.25 10:53:05.258,1.03415,1.0345,4.00,5.20
2007.10.25 10:53:05.427,1.03415,1.0345,4.00,5.20
2007.10.25 10:53:05.594,1.03415,1.0345,4.00,5.20
2007.10.25 10:53:05.763,1.03415,1.0345,4.00,5.20
2007.10.25 10:53:05.930,1.03415,1.0345,4.00,5.20
2007.10.25 10:53:06.098,1.03415,1.0345,4.00,5.20
2007.10.25 10:53:06.266,1.03415,1.0345,4.00,5.20
2007.10.25 10:53:06.514,1.03415,1.0345,4.00,5.20
2007.10.25 10:53:06.762,1.03415,1.0345,4.00,5.20
2007.10.25 10:53:07.010,1.03415,1.0345,4.00,5.20
2007.10.25 10:53:07.257,1.03415,1.0345,4.00,5.20
2007.10.25 10:53:07.439,1.03415,1.0345,4.00,5.20
2007.10.25 10:53:07.621,1.03415,1.0345,4.00,5.20
2007.10.25 10:53:07.804,1.03415,1.0345,4.00,5.20
2007.10.25 10:53:07.986,1.03415,1.0345,4.00,5.20
2007.10.25 10:53:08.169,1.03415,1.0345,4.00,5.20
2007.10.25 10:53:08.352,1.03415,1.0345,4.00,5.20
2007.10.25 10:53:08.609,1.03415,1.0345,4.00,5.20
2007.10.25 10:53:08.867,1.03415,1.0345,4.00,5.20
2007.10.25 10:53:09.126,1.03415,1.0345,4.00,5.20
2007.10.25 10:53:09.383,1.03415,1.0345,4.00,5.20
2007.10.25 10:53:09.716,1.03415,1.0345,4.00,5.20
2007.10.25 10:53:10.049,1.03415,1.0345,4.00,2.40
2007.10.25 10:53:10.381,1.03415,1.0345,4.00,2.40
2007.10.25 10:53:10.528,1.03415,1.0345,4.00,2.40
2007.10.25 10:53:10.677,1.03415,1.0345,4.00,2.40
2007.10.25 10:53:10.824,1.03415,1.0345,4.00,2.40
2007.10.25 10:53:10.971,1.03415,1.0345,4.00,2.40
2007.10.25 10:53:11.120,1.03415,1.0345,4.00,2.40
2007.10.25 10:53:11.267,1.03415,1.0345,4.00,2.40
2007.10.25 10:53:11.416,1.03415,1.0345,4.00,2.40
2007.10.25 10:53:11.749,1.03415,1.0345,4.00,2.40
2007.10.25 10:53:12.082,1.03415,1.0345,4.00,2.40
2007.10.25 10:53:12.414,1.03415,1.0345,4.00,2.40
2007.10.25 10:53:12.616,1.03415,1.0345,4.00,2.40
2007.10.25 10:53:12.819,1.03415,1.0345,4.00,2.40
2007.10.25 10:53:13.022,1.03415,1.0345,4.00,2.40
2007.10.25 10:53:13.224,1.03415,1.0345,4.00,2.40
2007.10.25 10:53:13.427,1.03415,1.0345,4.00,2.40
2007.10.25 10:53:13.760,1.03415,1.0345,4.00,2.40
2007.10.25 10:53:14.092,1.03415,1.0345,4.00,2.40
2007.10.25 10:53:14.096,1.03415,1.03455,4.00,16.40
2007.10.25 10:53:14.425,1.03415,1.0345,4.00,0.60
2007.10.25 10:53:14.757,1.03415,1.0345,4.00,0.60
2007.10.25 10:53:15.070,1.03415,1.0345,4.00,0.60
2007.10.25 10:53:15.382,1.03415,1.03455,4.00,16.40
2007.10.25 10:53:15.696,1.03415,1.0345,4.00,0.70
2007.10.25 10:53:15.898,1.03415,1.03455,4.00,16.40
2007.10.25 10:53:16.101,1.03415,1.0345,4.00,0.90
2007.10.25 10:53:16.302,1.03415,1.03455,4.00,16.40
2007.10.25 10:53:16.505,1.03415,1.03455,4.00,16.40
2007.10.25 10:53:16.798,1.03415,1.0345,4.00,0.90
2007.10.25 10:53:17.091,1.03415,1.0345,4.00,0.80
2007.10.25 10:53:17.384,1.03415,1.03455,4.00,16.40
2007.10.25 10:53:17.677,1.03415,1.03455,4.00,16.40
2007.10.25 10:53:17.945,1.03415,1.03455,4.00,16.40
2007.10.25 10:53:18.214,1.0342,1.03455,2.40,0.50
2007.10.25 10:53:18.481,1.0342,1.03455,2.40,0.50
2007.10.25 10:53:18.748,1.0342,1.0346,2.40,24.40
2007.10.25 10:53:18.936,1.0342,1.0346,2.40,24.40
2007.10.25 10:53:19.124,1.0342,1.03455,2.40,0.80
2007.10.25 10:53:19.313,1.0342,1.03455,2.40,0.90
2007.10.25 10:53:19.500,1.0342,1.0346,2.40,24.40
2007.10.25 10:53:19.832,1.0342,1.0346,2.40,24.40
2007.10.25 10:53:20.165,1.0342,1.0346,2.40,24.40
2007.10.25 10:53:20.497,1.0342,1.0346,2.40,24.40
2007.10.25 10:53:20.725,1.0342,1.0346,2.40,24.40
2007.10.25 10:53:20.953,1.0342,1.0346,2.40,24.40
2007.10.25 10:53:21.179,1.0342,1.0346,2.40,24.40
2007.10.25 10:53:21.406,1.0342,1.0346,2.40,24.40
2007.10.25 10:53:21.635,1.0342,1.0346,2.40,24.40
2007.10.25 10:53:21.856,1.0342,1.0346,2.40,24.40
2007.10.25 10:53:22.079,1.0342,1.0346,2.40,20.40
2007.10.25 10:53:22.302,1.0342,1.0346,2.40,24.40
2007.10.25 10:53:22.526,1.0342,1.03455,2.40,0.50
2007.10.25 10:53:22.750,1.0342,1.0346,2.40,24.40
2007.10.25 10:53:23.023,1.0342,1.03455,2.40,0.90
2007.10.25 10:53:23.295,1.0342,1.03455,2.40,0.90
2007.10.25 10:53:23.568,1.0342,1.0346,2.40,24.40
2007.10.25 10:53:23.841,1.0342,1.0346,2.40,24.40
2007.10.25 10:53:24.034,1.0342,1.03455,2.40,0.70
2007.10.25 10:53:24.226,1.0342,1.0346,2.40,24.40
2007.10.25 10:53:24.419,1.0342,1.03455,2.40,0.80
2007.10.25 10:53:24.611,1.0342,1.0346,2.40,24.40
2007.10.25 10:53:24.804,1.0342,1.0346,2.40,24.40
2007.10.25 10:53:25.137,1.0342,1.03455,2.40,0.70
2007.10.25 10:53:25.470,1.0342,1.03455,2.40,0.80
2007.10.25 10:53:25.803,1.0342,1.03455,2.40,0.60
2007.10.25 10:53:26.026,1.0342,1.03455,2.40,0.60
2007.10.25 10:53:26.249,1.0342,1.0346,2.40,23.60
2007.10.25 10:53:26.471,1.0342,1.0346,2.40,23.60
2007.10.25 10:53:26.694,1.0342,1.0346,2.40,23.60
2007.10.25 10:53:27.001,1.0342,1.0346,2.40,23.60
2007.10.25 10:53:27.299,1.0342,1.03455,2.40,0.60
2007.10.25 10:53:27.599,1.0342,1.03455,2.40,0.90
2007.10.25 10:53:27.896,1.0342,1.03455,2.40,0.60
2007.10.25 10:53:28.163,1.0342,1.0346,2.40,23.70
2007.10.25 10:53:28.430,1.0342,1.0346,2.40,19.70
2007.10.25 10:53:28.698,1.0342,1.0346,2.40,15.60
2007.10.25 10:53:28.965,1.0342,1.03455,2.40,0.80
2007.10.25 10:53:29.298,1.03415,1.0345,12.80,0.90
2007.10.25 10:53:29.631,1.03415,1.03455,12.80,6.40
2007.10.25 10:53:29.964,1.03415,1.0345,12.80,0.50
2007.10.25 10:53:30.187,1.03415,1.0345,12.80,0.90
2007.10.25 10:53:30.410,1.03415,1.0345,12.80,0.60
2007.10.25 10:53:30.633,1.03415,1.0345,12.80,0.90
2007.10.25 10:53:30.854,1.03415,1.03455,12.80,6.40
2007.10.25 10:53:31.167,1.0342,1.03455,4.00,6.40
2007.10.25 10:53:31.480,1.03415,1.0345,12.00,0.90
2007.10.25 10:53:31.793,1.03415,1.03455,12.00,6.40
2007.10.25 10:53:32.105,1.03415,1.0345,12.00,0.70
2007.10.25 10:53:32.317,1.03415,1.03455,12.00,6.40
2007.10.25 10:53:32.529,1.03415,1.03455,12.00,6.40
2007.10.25 10:53:32.742,1.03415,1.0345,12.00,0.50
2007.10.25 10:53:32.955,1.03415,1.0345,12.00,0.60
2007.10.25 10:53:33.238,1.03415,1.03455,12.00,6.40
2007.10.25 10:53:33.521,1.03415,1.03455,12.00,6.40
2007.10.25 10:53:33.802,1.03415,1.03455,12.00,6.40
2007.10.25 10:53:34.084,1.03415,1.0345,12.00,0.60
2007.10.25 10:53:34.416,1.03415,1.0345,12.00,0.50
2007.10.25 10:53:34.749,1.0342,1.03455,0.20,6.40
2007.10.25 10:53:35.082,1.03425,1.03455,0.20,6.40
2007.10.25 10:53:35.310,1.03425,1.03455,0.20,6.40
2007.10.25 10:53:35.538,1.03425,1.03455,0.20,6.40
2007.10.25 10:53:35.766,1.03425,1.03455,0.20,0.60
2007.10.25 10:53:35.993,1.03425,1.03455,0.20,0.90
2007.10.25 10:53:36.221,1.03425,1.0346,0.20,9.20
2007.10.25 10:53:36.549,1.03425,1.0346,0.20,9.20
2007.10.25 10:53:36.877,1.03425,1.0345,0.20,0.60
2007.10.25 10:53:37.204,1.03425,1.0345,0.20,0.50
2007.10.25 10:53:37.422,1.03425,1.0345,0.20,0.60
2007.10.25 10:53:37.640,1.03425,1.03455,0.20,9.20
2007.10.25 10:53:37.858,1.0343,1.0346,0.20,9.20
2007.10.25 10:53:38.076,1.0343,1.0346,0.40,9.20
2007.10.25 10:53:38.378,1.0343,1.03455,0.40,0.70
2007.10.25 10:53:38.681,1.0343,1.03455,0.40,0.50
2007.10.25 10:53:38.984,1.0343,1.0346,0.40,9.20
2007.10.25 10:53:39.287,1.0343,1.0346,0.40,9.20
2007.10.25 10:53:39.620,1.0343,1.0346,0.40,9.20
2007.10.25 10:53:39.953,1.0343,1.03455,0.20,10.40
2007.10.25 10:53:40.287,1.0342,1.0345,0.40,0.70
2007.10.25 10:53:40.499,1.0342,1.03455,0.40,13.20
2007.10.25 10:53:40.711,1.0342,1.0345,0.40,4.80
2007.10.25 10:53:40.924,1.0342,1.03455,0.40,24.40
2007.10.25 10:53:41.137,1.0342,1.03455,0.40,21.20
2007.10.25 10:53:41.350,1.0342,1.03455,0.40,13.20
2007.10.25 10:53:41.674,1.0342,1.03455,0.40,9.20
2007.10.25 10:53:41.997,1.0342,1.0345,0.40,0.80
2007.10.25 10:53:42.320,1.0342,1.0345,0.40,2.40
2007.10.25 10:53:42.508,1.0342,1.0345,0.40,2.40
2007.10.25 10:53:42.696,1.0342,1.0345,0.40,2.40
2007.10.25 10:53:42.883,1.0342,1.0345,0.40,2.40
2007.10.25 10:53:43.072,1.0342,1.0345,0.40,2.40
2007.10.25 10:53:43.259,1.0342,1.0345,0.40,2.40
2007.10.25 10:53:43.447,1.0342,1.0345,0.40,2.40
2007.10.25 10:53:43.780,1.0342,1.0345,0.40,2.40
2007.10.25 10:53:44.113,1.0342,1.0345,0.40,2.40
2007.10.25 10:53:44.445,1.0342,1.0345,0.40,2.40
2007.10.25 10:53:44.772,1.0342,1.0345,0.40,2.40
2007.10.25 10:53:45.099,1.0342,1.0345,0.40,2.40
2007.10.25 10:53:45.427,1.0342,1.0345,0.40,2.40
2007.10.25 10:53:45.610,1.0342,1.0345,0.40,2.40
2007.10.25 10:53:45.793,1.0342,1.0345,0.40,2.40
2007.10.25 10:53:45.975,1.0342,1.0345,0.40,2.40
2007.10.25 10:53:46.158,1.0342,1.0345,0.40,2.40
2007.10.25 10:53:46.341,1.0342,1.0345,0.40,2.40
2007.10.25 10:53:46.523,1.0342,1.0345,0.40,2.40
2007.10.25 10:53:46.797,1.0342,1.0345,0.40,2.40
2007.10.25 10:53:47.069,1.0342,1.0345,0.40,2.40
2007.10.25 10:53:47.341,1.0342,1.0345,0.40,2.40
2007.10.25 10:53:47.614,1.0342,1.0345,0.40,2.40
2007.10.25 10:53:47.847,1.0342,1.0345,0.40,2.40
2007.10.25 10:53:48.079,1.0342,1.0345,0.40,2.40
2007.10.25 10:53:48.311,1.0342,1.0345,0.40,2.40
2007.10.25 10:53:48.543,1.0342,1.0345,0.40,2.40
2007.10.25 10:53:48.768,1.0342,1.0345,0.40,2.40
2007.10.25 10:53:48.986,1.0342,1.0345,0.40,2.40
2007.10.25 10:53:49.204,1.0342,1.0345,0.40,2.40
2007.10.25 10:53:49.422,1.0342,1.0345,0.40,2.40
2007.10.25 10:53:49.639,1.0342,1.0345,0.40,2.40
2007.10.25 10:53:49.972,1.0342,1.0345,0.40,2.40
2007.10.25 10:53:50.304,1.0342,1.0345,0.40,2.40
2007.10.25 10:53:50.638,1.0342,1.0345,0.40,2.40
2007.10.25 10:53:50.800,1.0342,1.0345,0.40,2.40
2007.10.25 10:53:50.963,1.0342,1.0345,0.40,2.40
2007.10.25 10:53:51.125,1.0342,1.0345,0.40,2.40
2007.10.25 10:53:51.288,1.0342,1.0345,0.40,2.40
2007.10.25 10:53:51.555,1.0342,1.0345,0.40,2.40
2007.10.25 10:53:51.716,1.0342,1.0345,0.40,2.40
2007.10.25 10:53:52.044,1.0342,1.0345,0.40,2.40
2007.10.25 10:53:52.372,1.0342,1.0345,0.40,2.40
2007.10.25 10:53:52.699,1.0342,1.0345,0.40,2.40
2007.10.25 10:53:52.872,1.0342,1.0345,0.40,2.40
2007.10.25 10:53:53.045,1.0342,1.0345,0.40,2.40
2007.10.25 10:53:53.217,1.0342,1.0345,0.40,2.40
2007.10.25 10:53:53.390,1.0342,1.0345,0.40,2.40
2007.10.25 10:53:53.563,1.0342,1.0345,0.40,2.40
2007.10.25 10:53:53.736,1.0342,1.0345,0.40,2.40
2007.10.25 10:53:54.029,1.0342,1.0345,0.40,2.40
2007.10.25 10:53:54.322,1.0342,1.0345,0.40,2.40
2007.10.25 10:53:54.614,1.0342,1.0345,0.40,2.40
2007.10.25 10:53:54.907,1.0342,1.0345,0.40,2.40
2007.10.25 10:53:55.240,1.0342,1.0345,0.40,2.40
2007.10.25 10:53:55.573,1.0342,1.0345,0.40,2.40
2007.10.25 10:53:55.905,1.0342,1.0345,0.20,2.40
2007.10.25 10:53:56.084,1.03425,1.0345,0.20,2.40
2007.10.25 10:53:56.262,1.03425,1.0345,0.20,2.40
2007.10.25 10:53:56.440,1.03425,1.0345,0.20,2.40
2007.10.25 10:53:56.617,1.03425,1.0345,0.20,2.40
2007.10.25 10:53:56.795,1.03425,1.0345,0.20,2.40
2007.10.25 10:53:57.074,1.03425,1.0345,0.20,2.40
2007.10.25 10:53:57.352,1.03425,1.0345,0.20,2.40
2007.10.25 10:53:57.692,1.03425,1.0345,0.20,2.40
2007.10.25 10:53:57.970,1.03425,1.0345,0.20,2.40
2007.10.25 10:53:58.193,1.03425,1.0345,0.20,2.40
2007.10.25 10:53:58.415,1.03425,1.0345,0.20,2.40
2007.10.25 10:53:58.638,1.03425,1.0345,0.20,2.40
2007.10.25 10:53:58.861,1.03425,1.0345,0.20,2.40
2007.10.25 10:53:59.194,1.03425,1.0345,0.20,2.40
2007.10.25 10:53:59.527,1.03425,1.0345,0.20,2.40
2007.10.25 10:53:59.860,1.03425,1.0345,0.20,2.40
2007.10.25 10:54:00.067,1.03425,1.0345,0.20,2.40
2007.10.25 10:54:00.274,1.03425,1.0345,0.20,2.40
2007.10.25 10:54:00.483,1.03425,1.0345,0.20,2.40
2007.10.25 10:54:00.690,1.03425,1.0345,0.20,2.40
2007.10.25 10:54:00.898,1.03425,1.0345,0.20,2.40
2007.10.25 10:54:01.205,1.03425,1.0345,0.20,2.40
2007.10.25 10:54:01.312,1.0342,1.0345,0.40,2.40
2007.10.25 10:54:01.513,1.0342,1.0345,0.40,2.40
2007.10.25 10:54:01.822,1.0342,1.0345,0.40,2.40
2007.10.25 10:54:02.133,1.03425,1.0345,0.20,2.40
2007.10.25 10:54:02.365,1.03425,1.0345,0.20,2.40
2007.10.25 10:54:02.597,1.03425,1.0345,0.20,2.40
2007.10.25 10:54:02.831,1.03425,1.0345,0.20,2.40
2007.10.25 10:54:03.065,1.03425,1.0345,0.20,2.40
2007.10.25 10:54:03.348,1.03425,1.0345,0.20,2.40
2007.10.25 10:54:03.630,1.03425,1.0345,0.20,2.40
2007.10.25 10:54:03.913,1.03425,1.03455,0.20,17.20
2007.10.25 10:54:04.196,1.03425,1.0345,0.20,2.40
2007.10.25 10:54:04.529,1.03425,1.0345,0.20,2.40
2007.10.25 10:54:04.863,1.03425,1.0345,0.20,2.40
2007.10.25 10:54:05.196,1.03425,1.0345,0.20,2.40
2007.10.25 10:54:05.414,1.03425,1.0345,0.20,2.40
2007.10.25 10:54:05.631,1.03425,1.0345,0.20,2.40
2007.10.25 10:54:05.849,1.03425,1.0345,0.20,2.40
2007.10.25 10:54:06.066,1.03425,1.0345,0.20,2.40
2007.10.25 10:54:06.284,1.03425,1.0345,0.20,2.40
2007.10.25 10:54:06.617,1.03425,1.0345,0.20,5.20
2007.10.25 10:54:06.949,1.03425,1.03445,0.20,4.00
2007.10.25 10:54:07.283,1.0341,1.0344,0.20,2.40
2007.10.25 10:54:07.490,1.0341,1.0344,0.40,5.20
2007.10.25 10:54:07.698,1.0341,1.0344,0.40,5.20
2007.10.25 10:54:07.906,1.0341,1.0344,0.40,5.20
2007.10.25 10:54:08.114,1.0341,1.0344,0.40,5.20
2007.10.25 10:54:08.323,1.0341,1.0343,0.40,2.40
2007.10.25 10:54:08.656,1.03405,1.0343,0.20,2.40
2007.10.25 10:54:08.990,1.03405,1.0343,0.20,2.40
2007.10.25 10:54:09.322,1.03405,1.0343,0.20,2.40
2007.10.25 10:54:09.655,1.03405,1.0343,0.20,2.40
2007.10.25 10:54:09.987,1.03405,1.0343,0.20,2.40
2007.10.25 10:54:10.320,1.03405,1.03435,0.20,4.00
2007.10.25 10:54:10.543,1.03405,1.03435,0.20,4.00
2007.10.25 10:54:10.765,1.03405,1.0343,0.20,2.40
2007.10.25 10:54:10.988,1.03405,1.0343,0.20,2.40
2007.10.25 10:54:11.211,1.03405,1.0343,0.20,2.40
2007.10.25 10:54:11.434,1.03405,1.0343,0.20,2.40
2007.10.25 10:54:11.732,1.03405,1.0343,0.20,2.40
2007.10.25 10:54:12.030,1.03405,1.0343,0.20,2.40
2007.10.25 10:54:12.327,1.03405,1.0343,0.20,2.40
2007.10.25 10:54:12.624,1.03405,1.0343,0.20,2.40
2007.10.25 10:54:12.841,1.03405,1.0343,0.20,2.40
2007.10.25 10:54:13.059,1.03405,1.0343,0.20,2.40
2007.10.25 10:54:13.276,1.03405,1.0343,0.20,2.40
2007.10.25 10:54:13.494,1.03405,1.0343,0.20,2.40
2007.10.25 10:54:13.716,1.03405,1.0343,0.20,2.40
2007.10.25 10:54:13.939,1.03405,1.0343,0.20,2.40
2007.10.25 10:54:14.161,1.03405,1.0343,0.20,2.40
2007.10.25 10:54:14.385,1.03405,1.0343,0.20,2.40
2007.10.25 10:54:14.607,1.03405,1.0343,0.20,2.40
2007.10.25 10:54:14.939,1.03405,1.0343,0.20,2.40
2007.10.25 10:54:15.272,1.03405,1.0343,0.20,2.40
2007.10.25 10:54:15.604,1.03405,1.03425,0.20,8.00
2007.10.25 10:54:15.767,1.03405,1.0342,0.20,2.40
2007.10.25 10:54:15.930,1.03405,1.0342,0.20,2.40
2007.10.25 10:54:16.110,1.03385,1.0342,4.10,5.20
2007.10.25 10:54:16.276,1.03395,1.0342,4.00,2.40
2007.10.25 10:54:16.440,1.03395,1.0342,4.00,2.40
2007.10.25 10:54:16.749,1.03385,1.0342,0.20,5.20
2007.10.25 10:54:17.058,1.03385,1.0342,0.20,5.20
2007.10.25 10:54:17.366,1.03385,1.0342,0.20,5.20
2007.10.25 10:54:17.673,1.03385,1.0342,0.20,5.20
2007.10.25 10:54:17.916,1.03385,1.0342,0.20,5.20
2007.10.25 10:54:18.159,1.03385,1.0342,0.20,5.20
2007.10.25 10:54:18.346,1.03385,1.03425,0.20,28.40
2007.10.25 10:54:18.401,1.03385,1.03425,0.20,28.40
2007.10.25 10:54:18.644,1.03385,1.0342,0.20,0.60
2007.10.25 10:54:18.837,1.03385,1.0342,0.20,0.60
2007.10.25 10:54:19.030,1.03385,1.03425,0.20,28.40
2007.10.25 10:54:19.223,1.03385,1.0342,0.20,0.50
2007.10.25 10:54:19.414,1.03385,1.0342,0.20,5.20
2007.10.25 10:54:19.607,1.03385,1.0342,0.20,5.20
2007.10.25 10:54:19.801,1.03385,1.0342,0.20,5.20
2007.10.25 10:54:20.134,1.03385,1.0342,0.20,5.20
2007.10.25 10:54:20.466,1.03385,1.0342,0.20,5.20
2007.10.25 10:54:20.800,1.03385,1.0342,0.20,5.20
2007.10.25 10:54:20.958,1.03385,1.0342,0.20,5.20
2007.10.25 10:54:21.116,1.03385,1.0342,0.20,2.40
2007.10.25 10:54:21.274,1.03385,1.0342,0.20,2.40
2007.10.25 10:54:21.432,1.03385,1.0342,0.20,2.40
2007.10.25 10:54:21.591,1.0338,1.0342,4.00,2.40
2007.10.25 10:54:21.749,1.0338,1.0342,4.00,2.40
2007.10.25 10:54:22.081,1.0338,1.0342,4.00,2.40
2007.10.25 10:54:22.415,1.0338,1.0342,6.40,2.40
2007.10.25 10:54:22.748,1.0338,1.0341,4.00,4.00
2007.10.25 10:54:22.953,1.0338,1.034,4.00,2.40
2007.10.25 10:54:23.156,1.03365,1.034,0.20,2.40
2007.10.25 10:54:23.359,1.0337,1.03405,2.60,7.60
2007.10.25 10:54:23.562,1.03375,1.03405,0.20,7.60
2007.10.25 10:54:23.770,1.03375,1.034,0.20,6.40
2007.10.25 10:54:24.081,1.03375,1.034,0.20,6.40
2007.10.25 10:54:24.391,1.03375,1.03395,0.20,2.80
2007.10.25 10:54:24.698,1.03355,1.0339,6.40,2.40
2007.10.25 10:54:25.006,1.03355,1.0339,6.40,2.40
2007.10.25 10:54:25.339,1.03355,1.03385,2.50,2.80
2007.10.25 10:54:25.673,1.03355,1.0339,2.40,5.20
2007.10.25 10:54:26.006,1.03355,1.0339,2.40,9.30
2007.10.25 10:54:26.224,1.03355,1.0339,2.40,9.30
2007.10.25 10:54:26.441,1.03355,1.0339,2.40,9.30
2007.10.25 10:54:26.659,1.03355,1.03385,2.40,2.80
2007.10.25 10:54:26.877,1.0336,1.03385,2.60,2.80
2007.10.25 10:54:27.116,1.03365,1.0339,0.20,4.00
2007.10.25 10:54:27.353,1.03365,1.0339,0.20,2.40
2007.10.25 10:54:27.590,1.0336,1.0339,0.40,5.20
2007.10.25 10:54:27.828,1.0336,1.0339,0.40,5.20
2007.10.25 10:54:28.065,1.0336,1.0339,0.40,5.20
2007.10.25 10:54:28.376,1.0336,1.0339,0.40,5.20
2007.10.25 10:54:28.663,1.0336,1.0339,0.40,5.20
2007.10.25 10:54:28.950,1.0336,1.0339,2.70,2.80
2007.10.25 10:54:29.259,1.03365,1.0339,0.20,2.40
2007.10.25 10:54:29.568,1.03365,1.0339,0.20,2.40
2007.10.25 10:54:29.876,1.0336,1.0339,2.70,2.80
2007.10.25 10:54:30.184,1.03365,1.03395,0.20,7.60
2007.10.25 10:54:30.437,1.03365,1.03395,0.20,14.00
2007.10.25 10:54:30.691,1.0336,1.03395,0.40,14.00
2007.10.25 10:54:30.944,1.0336,1.0338,0.40,2.40
2007.10.25 10:54:31.197,1.0336,1.0339,2.70,2.80
2007.10.25 10:54:31.495,1.0336,1.0339,2.60,2.80
2007.10.25 10:54:31.792,1.03365,1.03395,0.20,6.80
2007.10.25 10:54:32.090,1.03365,1.03395,0.20,6.80
2007.10.25 10:54:32.298,1.03365,1.03395,0.20,6.80
2007.10.25 10:54:32.506,1.03365,1.03395,0.20,6.80
2007.10.25 10:54:32.713,1.03365,1.03395,0.20,6.80
2007.10.25 10:54:32.921,1.03365,1.03395,0.20,6.80
2007.10.25 10:54:33.129,1.03365,1.03395,0.20,6.80
2007.10.25 10:54:33.386,1.03365,1.0339,0.20,2.40
2007.10.25 10:54:33.643,1.03355,1.0339,6.50,5.20
2007.10.25 10:54:33.900,1.03355,1.0339,6.50,5.20
2007.10.25 10:54:34.157,1.03355,1.0339,6.50,5.20
2007.10.25 10:54:34.519,1.0337,1.0339,0.20,2.80
2007.10.25 10:54:34.852,1.0337,1.0339,0.40,2.40
2007.10.25 10:54:35.186,1.0337,1.0339,0.40,2.40
2007.10.25 10:54:35.358,1.0337,1.0339,0.40,2.40
2007.10.25 10:54:35.530,1.0337,1.0339,0.40,2.40
2007.10.25 10:54:35.703,1.0337,1.0339,0.40,2.40
2007.10.25 10:54:35.876,1.0337,1.0339,0.40,2.40
2007.10.25 10:54:36.049,1.0337,1.0339,0.40,2.40
2007.10.25 10:54:36.222,1.0337,1.0339,0.40,2.40
2007.10.25 10:54:36.485,1.0337,1.0339,0.40,2.40
2007.10.25 10:54:36.747,1.0337,1.0339,0.40,2.40
2007.10.25 10:54:37.010,1.0337,1.0339,0.40,2.40
2007.10.25 10:54:37.273,1.0337,1.0339,0.40,2.40
2007.10.25 10:54:37.460,1.0337,1.0339,0.40,2.40
2007.10.25 10:54:37.648,1.0337,1.0339,0.40,2.40
2007.10.25 10:54:37.837,1.0337,1.0339,0.40,2.40
2007.10.25 10:54:38.024,1.0337,1.0339,0.40,2.40
2007.10.25 10:54:38.211,1.0337,1.0339,0.40,2.40
2007.10.25 10:54:38.398,1.0337,1.0339,0.40,2.40
2007.10.25 10:54:38.640,1.0337,1.0339,0.40,2.40
2007.10.25 10:54:38.883,1.0337,1.0339,0.20,2.40
2007.10.25 10:54:39.126,1.0337,1.0339,0.20,2.40
2007.10.25 10:54:39.369,1.03365,1.03395,0.20,6.80
2007.10.25 10:54:39.702,1.03365,1.03395,0.20,6.80
2007.10.25 10:54:40.036,1.03365,1.0339,0.20,5.20
2007.10.25 10:54:40.369,1.0336,1.0339,2.60,2.80
2007.10.25 10:54:40.658,1.0336,1.0339,2.60,2.80
2007.10.25 10:54:40.890,1.0336,1.0339,0.20,2.40
2007.10.25 10:54:41.123,1.03355,1.0339,6.50,5.20
2007.10.25 10:54:41.356,1.0336,1.0339,2.40,2.80
2007.10.25 10:54:41.630,1.0336,1.0339,2.60,2.80
2007.10.25 10:54:41.902,1.0336,1.0339,0.20,2.40
2007.10.25 10:54:42.175,1.0336,1.0339,0.20,5.20
2007.10.25 10:54:42.448,1.03355,1.0339,6.50,5.20
2007.10.25 10:54:42.685,1.03355,1.0339,6.50,5.20
2007.10.25 10:54:42.923,1.03355,1.0339,6.50,5.20
2007.10.25 10:54:43.160,1.03355,1.0339,6.50,5.20
2007.10.25 10:54:43.397,1.0336,1.0339,0.20,5.20
2007.10.25 10:54:43.636,1.03365,1.0339,0.20,2.40
2007.10.25 10:54:43.914,1.03365,1.0339,0.20,5.20
2007.10.25 10:54:44.191,1.03365,1.0339,0.20,5.20
2007.10.25 10:54:44.470,1.03365,1.0339,0.20,2.80
2007.10.25 10:54:44.748,1.03365,1.03395,0.20,4.00
2007.10.25 10:54:45.081,1.03365,1.034,4.10,5.20
2007.10.25 10:54:45.414,1.03365,1.03395,0.20,4.00
2007.10.25 10:54:45.747,1.03365,1.0339,0.20,2.40
2007.10.25 10:54:45.979,1.03365,1.0339,0.20,2.40
2007.10.25 10:54:46.212,1.03365,1.03395,0.20,4.00
2007.10.25 10:54:46.445,1.03365,1.03395,0.20,4.00
2007.10.25 10:54:46.794,1.03365,1.03395,0.20,4.00
2007.10.25 10:54:47.067,1.03365,1.0339,0.20,2.40
2007.10.25 10:54:47.339,1.03365,1.03395,0.20,4.00
2007.10.25 10:54:47.611,1.03365,1.03395,0.20,4.00
2007.10.25 10:54:47.810,1.03365,1.0339,0.20,2.40
2007.10.25 10:54:48.007,1.03365,1.0339,0.20,2.40
2007.10.25 10:54:48.204,1.03365,1.0339,0.20,2.40
2007.10.25 10:54:48.403,1.0337,1.0341,6.40,2.40
2007.10.25 10:54:48.600,1.0337,1.0341,6.40,2.40
2007.10.25 10:54:48.803,1.0337,1.0341,6.40,2.40
2007.10.25 10:54:49.006,1.0337,1.0341,2.40,5.20
2007.10.25 10:54:49.209,1.0337,1.0341,2.40,5.20
2007.10.25 10:54:49.412,1.0337,1.0341,6.40,2.40
2007.10.25 10:54:49.614,1.0337,1.0341,6.40,2.40
2007.10.25 10:54:49.946,1.0337,1.0341,6.40,2.40
2007.10.25 10:54:50.279,1.0337,1.0341,6.40,2.40
2007.10.25 10:54:50.613,1.0337,1.0341,6.40,2.40
2007.10.25 10:54:50.756,1.0337,1.0341,6.40,2.40
2007.10.25 10:54:50.898,1.0337,1.0341,6.40,2.40
2007.10.25 10:54:51.041,1.0337,1.0341,6.40,2.40
2007.10.25 10:54:51.183,1.0337,1.0341,6.40,2.40
2007.10.25 10:54:51.326,1.0337,1.0341,6.40,2.40
2007.10.25 10:54:51.468,1.0337,1.0341,6.40,2.40
2007.10.25 10:54:51.611,1.0337,1.0341,6.40,2.40
2007.10.25 10:54:51.944,1.0337,1.0341,6.40,2.40
2007.10.25 10:54:52.277,1.0337,1.0341,6.40,2.40
2007.10.25 10:54:52.609,1.0337,1.0341,6.40,2.40
2007.10.25 10:54:52.932,1.0337,1.03405,6.60,4.00
2007.10.25 10:54:53.140,1.0337,1.03405,2.70,6.80
2007.10.25 10:54:53.348,1.0337,1.034,0.40,2.40
2007.10.25 10:54:53.558,1.0337,1.034,0.40,2.40
2007.10.25 10:54:53.805,1.0337,1.034,0.40,2.40
2007.10.25 10:54:54.052,1.0337,1.034,0.40,2.40
2007.10.25 10:54:54.299,1.0337,1.034,0.40,2.40
2007.10.25 10:54:54.549,1.0337,1.034,0.40,2.40
2007.10.25 10:54:54.797,1.0337,1.034,0.40,2.40
2007.10.25 10:54:55.129,1.0337,1.034,0.40,2.40
2007.10.25 10:54:55.462,1.0337,1.03395,0.40,4.00
2007.10.25 10:54:55.795,1.0337,1.03395,0.20,4.00
2007.10.25 10:54:55.984,1.0336,1.03395,2.70,4.00
2007.10.25 10:54:56.172,1.0336,1.03395,2.70,4.00
2007.10.25 10:54:56.360,1.0336,1.03395,2.70,4.00
2007.10.25 10:54:56.548,1.0336,1.03395,2.70,4.00
2007.10.25 10:54:56.735,1.0336,1.03395,2.70,4.00
2007.10.25 10:54:57.003,1.0336,1.03395,2.70,4.00
2007.10.25 10:54:57.270,1.0336,1.03395,2.70,4.00
2007.10.25 10:54:57.538,1.0336,1.03395,2.70,4.00
2007.10.25 10:54:57.806,1.0336,1.03395,2.70,4.00
2007.10.25 10:54:58.019,1.0336,1.03395,2.70,4.00
2007.10.25 10:54:58.231,1.0336,1.03395,2.70,4.00
2007.10.25 10:54:58.444,1.0336,1.03395,2.70,4.00
2007.10.25 10:54:58.657,1.0336,1.03395,2.70,4.00
2007.10.25 10:54:58.869,1.0336,1.03395,2.70,4.00
2007.10.25 10:54:59.191,1.0336,1.03395,2.70,4.00
2007.10.25 10:54:59.514,1.0336,1.03395,2.70,4.00
2007.10.25 10:54:59.837,1.0336,1.034,2.70,5.20
2007.10.25 10:55:00.164,1.0336,1.034,2.70,5.20
2007.10.25 10:55:00.493,1.0336,1.034,6.70,5.20
2007.10.25 10:55:00.822,1.0336,1.034,6.70,5.20
2007.10.25 10:55:01.044,1.0336,1.034,6.70,5.20
2007.10.25 10:55:01.266,1.0336,1.034,6.70,5.20
2007.10.25 10:55:01.488,1.0336,1.03395,6.70,4.00
2007.10.25 10:55:01.711,1.0336,1.03395,2.70,4.00
2007.10.25 10:55:01.983,1.0336,1.03395,2.70,4.00
2007.10.25 10:55:02.256,1.0336,1.0339,0.40,2.40
2007.10.25 10:55:02.528,1.0336,1.0339,0.40,2.40
2007.10.25 10:55:02.800,1.0336,1.0339,0.40,2.40
2007.10.25 10:55:03.017,1.0336,1.0339,0.40,2.40
2007.10.25 10:55:03.235,1.0336,1.0339,0.40,2.40
2007.10.25 10:55:03.453,1.03355,1.0339,14.50,2.40
2007.10.25 10:55:03.670,1.03355,1.0339,10.50,5.20
2007.10.25 10:55:03.888,1.03355,1.0339,6.50,5.20
2007.10.25 10:55:04.151,1.03355,1.0339,6.50,5.20
2007.10.25 10:55:04.414,1.03355,1.0339,6.50,5.20
2007.10.25 10:55:04.676,1.03355,1.0339,6.50,5.20
2007.10.25 10:55:04.938,1.03355,1.0339,6.50,5.20
2007.10.25 10:55:05.271,1.03355,1.0339,6.50,5.20
2007.10.25 10:55:05.604,1.03355,1.0339,6.50,5.20
2007.10.25 10:55:05.936,1.03355,1.0339,6.50,5.20
2007.10.25 10:55:06.104,1.03355,1.0339,6.50,5.20
2007.10.25 10:55:06.273,1.03355,1.0339,6.50,5.20
2007.10.25 10:55:06.439,1.03355,1.0339,6.50,5.20
2007.10.25 10:55:06.606,1.03355,1.0339,6.50,5.20
2007.10.25 10:55:06.774,1.03355,1.0339,6.50,5.20
2007.10.25 10:55:06.941,1.03355,1.0339,6.50,5.20
2007.10.25 10:55:07.224,1.03355,1.0339,6.50,5.20
2007.10.25 10:55:07.507,1.03355,1.0339,6.50,5.20
2007.10.25 10:55:07.704,1.0335,1.0339,13.10,5.20
2007.10.25 10:55:07.790,1.0335,1.0339,13.10,5.20
2007.10.25 10:55:08.073,1.0335,1.0339,13.10,5.20
2007.10.25 10:55:08.286,1.0335,1.0339,13.10,5.20
2007.10.25 10:55:08.499,1.0335,1.0339,13.10,5.20
2007.10.25 10:55:08.711,1.03355,1.0339,6.50,5.20
2007.10.25 10:55:08.924,1.03355,1.0339,6.50,5.20
2007.10.25 10:55:09.257,1.03355,1.0339,6.50,2.40
2007.10.25 10:55:09.589,1.03355,1.0339,6.50,2.40
2007.10.25 10:55:09.921,1.03355,1.0339,6.50,2.40
2007.10.25 10:55:10.081,1.03355,1.0339,6.50,2.40
2007.10.25 10:55:10.239,1.03355,1.0339,6.50,2.40
2007.10.25 10:55:10.396,1.03355,1.0339,6.50,2.40
2007.10.25 10:55:10.553,1.03355,1.0339,6.50,2.40
2007.10.25 10:55:10.710,1.03355,1.0339,6.50,2.40
2007.10.25 10:55:10.867,1.03355,1.0339,6.50,2.40
2007.10.25 10:55:11.024,1.03355,1.0339,6.50,2.40
2007.10.25 10:55:11.342,1.03355,1.0339,6.50,2.40
2007.10.25 10:55:11.599,1.03355,1.0339,6.50,2.40
2007.10.25 10:55:11.858,1.03355,1.0339,6.50,2.40
2007.10.25 10:55:12.115,1.03355,1.0339,6.50,2.40
2007.10.25 10:55:12.302,1.03355,1.0339,6.50,2.40
2007.10.25 10:55:12.489,1.03355,1.0339,6.50,2.40
2007.10.25 10:55:12.676,1.03355,1.0339,6.50,2.40
2007.10.25 10:55:12.863,1.03355,1.0339,6.50,2.40
2007.10.25 10:55:13.050,1.03355,1.0339,6.50,2.40
2007.10.25 10:55:13.236,1.03355,1.0339,6.50,2.40
2007.10.25 10:55:13.484,1.03355,1.0339,6.50,2.40
2007.10.25 10:55:13.731,1.03355,1.0339,6.50,2.40
2007.10.25 10:55:13.978,1.03355,1.0339,6.50,2.40
2007.10.25 10:55:14.225,1.03355,1.0339,6.50,2.40
2007.10.25 10:55:14.558,1.03355,1.0339,6.50,2.40
2007.10.25 10:55:14.891,1.03355,1.0339,6.50,2.40
2007.10.25 10:55:15.223,1.03355,1.0339,6.50,2.40
2007.10.25 10:55:15.366,1.03355,1.0339,6.50,2.40
2007.10.25 10:55:15.509,1.03355,1.0339,6.50,2.40
2007.10.25 10:55:15.651,1.03355,1.0339,6.50,2.40
2007.10.25 10:55:15.794,1.03355,1.0339,6.50,2.40
2007.10.25 10:55:15.937,1.03355,1.0339,10.50,2.40
2007.10.25 10:55:16.080,1.03355,1.0339,6.50,2.40
2007.10.25 10:55:16.223,1.03355,1.0339,6.50,2.40
2007.10.25 10:55:16.521,1.03355,1.0339,6.50,2.40
2007.10.25 10:55:16.820,1.03355,1.0339,10.50,2.40
2007.10.25 10:55:17.117,1.03355,1.0339,14.50,2.40
2007.10.25 10:55:17.476,1.03355,1.0339,14.50,2.40
2007.10.25 10:55:17.723,1.03355,1.0339,15.30,2.40
2007.10.25 10:55:17.971,1.03365,1.0339,4.10,2.40
2007.10.25 10:55:18.219,1.03365,1.0339,4.10,2.40
2007.10.25 10:55:18.437,1.03365,1.0339,4.10,2.40
2007.10.25 10:55:18.654,1.03365,1.0339,4.10,2.40
2007.10.25 10:55:18.872,1.03365,1.0339,4.10,2.40
2007.10.25 10:55:19.090,1.03365,1.0339,4.10,2.40
2007.10.25 10:55:19.308,1.0337,1.034,2.40,2.80
2007.10.25 10:55:19.641,1.0337,1.0341,2.40,5.20
2007.10.25 10:55:19.975,1.0337,1.0341,2.40,5.20
2007.10.25 10:55:20.308,1.0337,1.0341,6.40,5.20
2007.10.25 10:55:20.496,1.0337,1.0341,6.40,5.20
2007.10.25 10:55:20.684,1.0337,1.0341,10.40,2.40
2007.10.25 10:55:20.872,1.0337,1.0341,10.40,2.40
2007.10.25 10:55:21.059,1.0337,1.03415,10.40,3.60
2007.10.25 10:55:21.247,1.0337,1.03415,10.40,3.60
2007.10.25 10:55:21.549,1.0337,1.03415,10.40,3.60
2007.10.25 10:55:21.853,1.03375,1.03415,0.80,2.80
2007.10.25 10:55:22.155,1.03375,1.03415,0.80,2.80
2007.10.25 10:55:22.459,1.03375,1.0342,4.80,2.80
2007.10.25 10:55:22.681,1.03375,1.0342,4.80,2.80
2007.10.25 10:55:22.905,1.03375,1.0342,8.80,2.80
2007.10.25 10:55:23.127,1.03375,1.0342,8.80,2.80
2007.10.25 10:55:23.351,1.03375,1.0342,8.80,2.80
2007.10.25 10:55:23.633,1.03375,1.0342,8.80,2.80
2007.10.25 10:55:23.916,1.03375,1.0342,8.80,2.80
2007.10.25 10:55:24.199,1.03375,1.0342,8.80,2.80
2007.10.25 10:55:24.483,1.03375,1.0342,8.80,5.20
2007.10.25 10:55:24.815,1.0338,1.0342,2.40,5.20
2007.10.25 10:55:25.148,1.0338,1.03415,2.40,2.80
2007.10.25 10:55:25.481,1.0338,1.03415,2.40,2.80
2007.10.25 10:55:25.689,1.0338,1.03415,2.40,2.80
2007.10.25 10:55:25.897,1.0338,1.0342,6.40,5.20
2007.10.25 10:55:26.105,1.0338,1.0342,6.40,5.20
2007.10.25 10:55:26.313,1.0338,1.0342,6.40,5.20
2007.10.25 10:55:26.570,1.0338,1.0342,6.40,5.20
2007.10.25 10:55:26.828,1.0338,1.0342,6.40,5.20
2007.10.25 10:55:27.085,1.0338,1.0342,6.40,5.20
2007.10.25 10:55:27.343,1.0338,1.0342,6.40,5.20
2007.10.25 10:55:27.601,1.0338,1.0342,6.40,5.20
2007.10.25 10:55:27.813,1.0338,1.0342,6.40,5.20
2007.10.25 10:55:28.026,1.0338,1.0342,6.40,5.20
2007.10.25 10:55:28.239,1.0338,1.0342,6.40,5.20
2007.10.25 10:55:28.452,1.0338,1.0342,6.40,5.20
2007.10.25 10:55:28.654,1.0338,1.0342,6.40,5.20
2007.10.25 10:55:28.857,1.0338,1.0342,6.40,5.20
2007.10.25 10:55:29.060,1.0338,1.0342,6.40,5.20
2007.10.25 10:55:29.262,1.0338,1.0342,6.40,5.20
2007.10.25 10:55:29.465,1.0338,1.0342,6.40,5.20
2007.10.25 10:55:29.797,1.0338,1.0342,6.40,5.20
2007.10.25 10:55:30.130,1.0338,1.0342,6.40,5.20
2007.10.25 10:55:30.463,1.0338,1.0342,6.40,5.20
2007.10.25 10:55:30.596,1.0338,1.0342,6.40,5.20
2007.10.25 10:55:30.729,1.0338,1.0342,6.40,5.20
2007.10.25 10:55:30.861,1.0338,1.0342,6.40,5.20
2007.10.25 10:55:30.994,1.0338,1.0342,6.40,5.20
2007.10.25 10:55:31.126,1.0338,1.0342,6.40,5.20
2007.10.25 10:55:31.259,1.0338,1.0342,4.00,5.20
2007.10.25 10:55:31.392,1.0338,1.0342,4.00,5.20
2007.10.25 10:55:31.525,1.0338,1.0342,4.00,5.20
2007.10.25 10:55:31.858,1.03375,1.0342,8.80,5.20
2007.10.25 10:55:32.191,1.03375,1.0342,8.80,5.20
2007.10.25 10:55:32.524,1.03375,1.0342,8.80,5.20
2007.10.25 10:55:32.757,1.03375,1.03415,8.80,2.80
2007.10.25 10:55:32.989,1.03375,1.03415,8.80,2.80
2007.10.25 10:55:33.222,1.03375,1.03415,8.80,2.80
2007.10.25 10:55:33.456,1.03375,1.03415,8.80,2.80
2007.10.25 10:55:33.688,1.03375,1.03415,8.80,2.80
2007.10.25 10:55:33.966,1.03375,1.0342,8.80,5.20
2007.10.25 10:55:34.244,1.0338,1.0342,2.40,5.20
2007.10.25 10:55:34.522,1.0338,1.03415,2.40,2.80
2007.10.25 10:55:34.856,1.0338,1.03425,10.40,6.00
2007.10.25 10:55:35.189,1.0338,1.0342,10.40,2.80
2007.10.25 10:55:35.522,1.03385,1.03425,0.80,2.80
2007.10.25 10:55:35.755,1.03385,1.0343,4.80,2.80
2007.10.25 10:55:35.988,1.03385,1.0343,8.80,2.80
2007.10.25 10:55:36.220,1.03385,1.0343,8.80,2.80
2007.10.25 10:55:36.453,1.03385,1.0343,8.80,2.80
2007.10.25 10:55:36.686,1.03385,1.0343,8.80,2.80
2007.10.25 10:55:36.979,1.03385,1.0343,8.80,2.80
2007.10.25 10:55:37.271,1.03385,1.0343,8.80,2.80
2007.10.25 10:55:37.564,1.03385,1.0343,8.80,2.80
2007.10.25 10:55:37.786,1.03385,1.0343,8.80,2.80
2007.10.25 10:55:38.010,1.03385,1.0343,8.80,2.80
2007.10.25 10:55:38.232,1.03385,1.0343,8.80,2.80
2007.10.25 10:55:38.455,1.03385,1.0343,8.80,2.80
2007.10.25 10:55:38.676,1.03385,1.0343,8.80,2.80
2007.10.25 10:55:38.904,1.03385,1.0343,8.80,2.80
2007.10.25 10:55:38.917,1.03385,1.03435,8.80,3.60
2007.10.25 10:55:39.131,1.03385,1.0343,8.80,0.80
2007.10.25 10:55:39.359,1.03385,1.03435,8.80,3.60
2007.10.25 10:55:39.588,1.03385,1.0343,8.80,0.60
2007.10.25 10:55:39.816,1.03385,1.0343,8.80,0.50
2007.10.25 10:55:40.149,1.03385,1.0343,8.80,0.70
2007.10.25 10:55:40.483,1.03385,1.03435,8.80,18.00
2007.10.25 10:55:40.817,1.03385,1.03425,0.80,0.80
2007.10.25 10:55:41.040,1.03385,1.03425,0.80,0.70
2007.10.25 10:55:41.264,1.03385,1.03425,0.80,0.80
2007.10.25 10:55:41.485,1.03385,1.0343,0.80,5.20
2007.10.25 10:55:41.708,1.03385,1.03425,0.80,0.50
2007.10.25 10:55:42.056,1.03385,1.03425,0.80,0.70
2007.10.25 10:55:42.331,1.03385,1.03425,0.80,0.50
2007.10.25 10:55:42.611,1.03385,1.0343,0.80,5.20
2007.10.25 10:55:42.888,1.03385,1.0343,0.80,5.20
2007.10.25 10:55:43.086,1.03385,1.03425,0.80,0.80
2007.10.25 10:55:43.286,1.03385,1.03425,0.80,0.80
2007.10.25 10:55:43.483,1.0339,1.03425,2.40,0.60
2007.10.25 10:55:43.681,1.0339,1.03435,6.40,15.60
2007.10.25 10:55:43.879,1.0339,1.03435,6.40,11.60
2007.10.25 10:55:44.147,1.0339,1.03435,6.40,11.60
2007.10.25 10:55:44.413,1.0339,1.03435,6.40,11.60
2007.10.25 10:55:44.681,1.0339,1.03435,6.40,11.60
2007.10.25 10:55:44.949,1.0339,1.0343,6.40,0.50
2007.10.25 10:55:45.282,1.0339,1.03435,6.40,11.60
2007.10.25 10:55:45.615,1.0339,1.03435,6.40,11.60
2007.10.25 10:55:45.948,1.0339,1.03435,6.40,11.60
2007.10.25 10:55:46.105,1.0339,1.0343,6.40,0.70
2007.10.25 10:55:46.263,1.0339,1.03435,6.40,11.60
2007.10.25 10:55:46.421,1.0339,1.0343,6.40,0.90
2007.10.25 10:55:46.578,1.0339,1.0343,6.40,0.90
2007.10.25 10:55:46.736,1.0339,1.03435,6.40,11.60
2007.10.25 10:55:46.893,1.0339,1.03435,6.40,11.60
2007.10.25 10:55:47.051,1.0339,1.0343,6.40,0.80
2007.10.25 10:55:47.328,1.0339,1.03435,6.40,11.60
2007.10.25 10:55:47.606,1.0339,1.0343,6.40,0.50
2007.10.25 10:55:47.884,1.0339,1.03435,6.40,11.60
2007.10.25 10:55:48.193,1.0339,1.03435,6.40,11.60
2007.10.25 10:55:48.341,1.0339,1.0343,6.40,0.90
2007.10.25 10:55:48.489,1.0339,1.0343,6.40,0.50
2007.10.25 10:55:48.637,1.0339,1.03435,6.40,11.60
2007.10.25 10:55:48.785,1.0339,1.0343,6.40,0.80
2007.10.25 10:55:48.932,1.0339,1.0343,6.40,0.60
2007.10.25 10:55:49.080,1.0339,1.0343,6.40,0.50
2007.10.25 10:55:49.413,1.0339,1.0343,6.40,0.60
2007.10.25 10:55:49.746,1.0339,1.0343,6.40,0.90
2007.10.25 10:55:50.080,1.0339,1.03435,6.40,11.60
2007.10.25 10:55:50.208,1.0339,1.03435,6.40,11.60
2007.10.25 10:55:50.335,1.0339,1.0343,6.40,0.90
2007.10.25 10:55:50.463,1.0339,1.03435,6.40,11.60
2007.10.25 10:55:50.592,1.0339,1.03435,6.40,11.60
2007.10.25 10:55:50.720,1.0339,1.03435,6.40,11.60
2007.10.25 10:55:50.847,1.0339,1.03435,6.40,11.60
2007.10.25 10:55:50.975,1.0339,1.03435,6.40,11.60
2007.10.25 10:55:51.103,1.0339,1.03435,6.40,11.60
2007.10.25 10:55:51.431,1.0339,1.0343,6.40,0.80
2007.10.25 10:55:51.758,1.0339,1.03435,6.40,11.60
2007.10.25 10:55:52.087,1.0339,1.0343,6.40,0.70
2007.10.25 10:55:52.415,1.0339,1.03435,6.40,11.60
2007.10.25 10:55:52.563,1.0339,1.0343,6.40,0.60
2007.10.25 10:55:52.710,1.0339,1.03435,6.40,11.60
2007.10.25 10:55:52.857,1.0339,1.0343,6.40,0.50
2007.10.25 10:55:53.006,1.0339,1.03435,6.40,11.60
2007.10.25 10:55:53.153,1.0339,1.03435,6.40,11.60
2007.10.25 10:55:53.391,1.0339,1.0343,6.40,0.50
2007.10.25 10:55:53.628,1.0339,1.03435,6.40,11.60
2007.10.25 10:55:53.866,1.0339,1.0343,6.40,0.80
2007.10.25 10:55:54.103,1.0339,1.0343,6.40,0.80
2007.10.25 10:55:54.340,1.0339,1.03435,6.40,11.60
2007.10.25 10:55:54.673,1.0339,1.03435,6.40,11.60
2007.10.25 10:55:55.007,1.0339,1.03435,6.40,11.60
2007.10.25 10:55:55.339,1.0339,1.03435,6.40,11.60
2007.10.25 10:55:55.467,1.0339,1.03435,6.40,11.60
2007.10.25 10:55:55.594,1.0339,1.03435,6.40,11.60
2007.10.25 10:55:55.723,1.0339,1.03435,6.40,11.60
2007.10.25 10:55:55.850,1.0339,1.0343,6.40,0.90
2007.10.25 10:55:55.978,1.0339,1.0343,6.40,0.70
2007.10.25 10:55:56.106,1.0339,1.03435,6.40,11.60
2007.10.25 10:55:56.233,1.0339,1.03435,6.40,11.60
2007.10.25 10:55:56.527,1.0339,1.03435,6.40,11.60
2007.10.25 10:55:56.819,1.0339,1.03435,6.40,11.60
2007.10.25 10:55:57.113,1.0339,1.0343,6.40,0.70
2007.10.25 10:55:57.405,1.0339,1.03435,6.40,11.60
2007.10.25 10:55:57.583,1.0339,1.03435,6.40,11.60
2007.10.25 10:55:57.761,1.0339,1.03435,6.40,11.60
2007.10.25 10:55:57.938,1.0339,1.03435,6.40,11.60
2007.10.25 10:55:58.116,1.0339,1.03435,6.40,11.60
2007.10.25 10:55:58.294,1.0339,1.0343,6.40,0.80
2007.10.25 10:55:58.496,1.0339,1.03435,6.40,11.60
2007.10.25 10:55:58.700,1.0339,1.03435,6.40,11.60
2007.10.25 10:55:58.902,1.0339,1.0343,6.40,0.60
2007.10.25 10:55:59.105,1.0339,1.0343,6.40,0.80
2007.10.25 10:55:59.307,1.0339,1.0343,6.40,0.70
2007.10.25 10:55:59.640,1.0339,1.03435,6.40,11.60
2007.10.25 10:55:59.972,1.0339,1.0343,6.40,0.90
2007.10.25 10:56:00.304,1.0339,1.03435,6.40,11.60
2007.10.25 10:56:00.462,1.0339,1.03435,6.40,11.60
2007.10.25 10:56:00.595,1.0339,1.03435,6.40,11.60
2007.10.25 10:56:00.731,1.0339,1.03435,6.40,11.60
2007.10.25 10:56:00.860,1.0339,1.03435,6.40,11.60
2007.10.25 10:56:00.994,1.0339,1.03435,6.40,11.60
2007.10.25 10:56:01.127,1.0339,1.0343,6.40,0.90
2007.10.25 10:56:01.258,1.0339,1.0343,6.40,0.70
2007.10.25 10:56:01.393,1.0339,1.0343,6.40,0.60
2007.10.25 10:56:01.726,1.0339,1.0343,6.40,0.90
2007.10.25 10:56:02.060,1.0339,1.0343,6.40,0.90
2007.10.25 10:56:02.395,1.0339,1.0343,6.40,0.80
2007.10.25 10:56:02.572,1.0339,1.0343,6.40,0.60
2007.10.25 10:56:02.749,1.0339,1.03435,6.40,11.60
2007.10.25 10:56:02.927,1.0339,1.03435,6.40,11.60
2007.10.25 10:56:03.105,1.0339,1.03435,6.40,11.60
2007.10.25 10:56:03.282,1.0339,1.03435,6.40,11.60
2007.10.25 10:56:03.461,1.0339,1.03435,6.40,11.60
2007.10.25 10:56:03.794,1.0339,1.03435,6.40,11.60
2007.10.25 10:56:04.127,1.0339,1.0343,6.40,0.50
2007.10.25 10:56:04.460,1.0339,1.03435,6.40,11.60
2007.10.25 10:56:04.792,1.034,1.0344,2.40,5.20
2007.10.25 10:56:05.125,1.034,1.03445,6.40,20.40
2007.10.25 10:56:05.458,1.034,1.03445,6.40,20.40
2007.10.25 10:56:05.666,1.034,1.03445,6.40,20.40
2007.10.25 10:56:05.873,1.034,1.03445,6.40,14.00
2007.10.25 10:56:06.082,1.034,1.03445,6.40,14.00
2007.10.25 10:56:06.289,1.034,1.0344,6.40,2.40
2007.10.25 10:56:06.595,1.034,1.0344,6.40,2.40
2007.10.25 10:56:06.902,1.034,1.0344,6.40,5.20
2007.10.25 10:56:07.209,1.034,1.0344,6.40,5.20
2007.10.25 10:56:07.518,1.03405,1.0344,4.00,2.40
2007.10.25 10:56:07.720,1.034,1.0344,6.40,5.20
2007.10.25 10:56:07.923,1.034,1.0344,6.40,5.20
2007.10.25 10:56:08.125,1.034,1.0344,6.40,5.20
2007.10.25 10:56:08.329,1.034,1.0344,6.40,5.20
2007.10.25 10:56:08.531,1.034,1.0344,6.40,5.20
2007.10.25 10:56:08.733,1.03405,1.03445,4.00,9.20
2007.10.25 10:56:09.046,1.03405,1.03445,4.00,2.80
2007.10.25 10:56:09.359,1.03405,1.03445,8.00,2.80
2007.10.25 10:56:09.672,1.03405,1.03445,8.00,2.80
2007.10.25 10:56:10.005,1.03405,1.03445,8.00,2.80
2007.10.25 10:56:10.338,1.03405,1.03445,8.00,2.80
2007.10.25 10:56:10.671,1.03405,1.03445,8.00,2.80
2007.10.25 10:56:10.864,1.03405,1.03445,8.00,2.80
2007.10.25 10:56:11.056,1.03405,1.03445,8.00,2.80
2007.10.25 10:56:11.249,1.03405,1.03445,8.00,2.80
2007.10.25 10:56:11.442,1.03405,1.03445,8.00,2.80
2007.10.25 10:56:11.634,1.03405,1.03445,8.00,2.80
2007.10.25 10:56:11.898,1.03405,1.03445,8.00,2.80
2007.10.25 10:56:12.161,1.03405,1.03445,8.00,2.80
2007.10.25 10:56:12.423,1.03405,1.03445,8.00,2.80
2007.10.25 10:56:12.736,1.03405,1.03445,8.00,2.80
2007.10.25 10:56:12.955,1.03405,1.03445,8.00,2.80
2007.10.25 10:56:13.173,1.03405,1.03445,8.00,2.80
2007.10.25 10:56:13.390,1.03405,1.03445,8.00,2.80
2007.10.25 10:56:13.608,1.03405,1.03445,8.00,2.80
2007.10.25 10:56:13.891,1.03405,1.03445,8.00,2.80
2007.10.25 10:56:14.174,1.03405,1.03445,8.00,2.80
2007.10.25 10:56:14.457,1.03405,1.03445,8.00,2.80
2007.10.25 10:56:14.739,1.03405,1.03445,8.00,2.80
2007.10.25 10:56:15.073,1.03405,1.03445,8.00,2.80
2007.10.25 10:56:15.405,1.03405,1.03445,8.00,2.80
2007.10.25 10:56:15.739,1.0341,1.03445,2.40,2.80
2007.10.25 10:56:15.937,1.0341,1.03445,2.60,2.80
2007.10.25 10:56:16.134,1.0341,1.03445,2.60,2.80
2007.10.25 10:56:16.245,1.03405,1.03445,14.80,2.80
2007.10.25 10:56:16.332,1.03415,1.03445,0.30,2.80
2007.10.25 10:56:16.529,1.0342,1.0345,0.30,5.20
2007.10.25 10:56:16.727,1.0342,1.0345,0.60,9.30
2007.10.25 10:56:16.926,1.0342,1.0345,0.60,6.40
2007.10.25 10:56:17.259,1.0342,1.0344,0.60,2.40
2007.10.25 10:56:17.592,1.0341,1.03445,2.80,4.00
2007.10.25 10:56:17.924,1.0341,1.0345,2.80,5.20
2007.10.25 10:56:18.142,1.0341,1.0345,2.80,5.20
2007.10.25 10:56:18.360,1.0341,1.0345,6.80,5.20
2007.10.25 10:56:18.578,1.0341,1.0345,6.80,5.20
2007.10.25 10:56:18.876,1.0341,1.03445,2.80,4.00
2007.10.25 10:56:19.118,1.0341,1.03445,2.80,4.00
2007.10.25 10:56:19.361,1.0341,1.03445,2.80,4.00
2007.10.25 10:56:19.604,1.0341,1.03445,2.80,4.00
2007.10.25 10:56:19.847,1.0341,1.03445,2.80,4.00
2007.10.25 10:56:20.089,1.0341,1.03445,2.80,4.00
2007.10.25 10:56:20.421,1.0341,1.03445,2.80,4.00
2007.10.25 10:56:20.754,1.0341,1.03445,2.80,4.00
2007.10.25 10:56:21.087,1.03415,1.0345,4.20,5.20
2007.10.25 10:56:21.314,1.0342,1.0345,0.30,5.20
2007.10.25 10:56:21.542,1.0342,1.0345,0.60,5.20
2007.10.25 10:56:21.769,1.0342,1.0345,0.60,5.20
2007.10.25 10:56:21.996,1.0342,1.0344,0.30,2.40
2007.10.25 10:56:22.224,1.0341,1.0344,0.60,2.40
2007.10.25 10:56:22.452,1.0341,1.0344,0.60,2.40
2007.10.25 10:56:22.680,1.0342,1.0345,0.30,5.20
2007.10.25 10:56:22.907,1.0342,1.0345,0.60,2.40
2007.10.25 10:56:23.135,1.0342,1.0345,0.60,2.40
2007.10.25 10:56:23.412,1.0342,1.0345,0.60,2.40
2007.10.25 10:56:23.690,1.0342,1.0345,0.60,2.40
2007.10.25 10:56:23.968,1.0342,1.0345,0.60,2.40
2007.10.25 10:56:24.245,1.0342,1.0345,0.60,2.40
2007.10.25 10:56:24.573,1.0342,1.0345,0.60,2.40
2007.10.25 10:56:25.009,1.0342,1.0345,0.60,2.40
2007.10.25 10:56:25.168,1.0342,1.0345,0.60,2.40
2007.10.25 10:56:25.326,1.0342,1.0345,0.60,2.40
2007.10.25 10:56:25.486,1.0342,1.0345,0.60,2.40
2007.10.25 10:56:25.644,1.0342,1.0345,0.60,2.40
2007.10.25 10:56:25.804,1.0342,1.0345,0.60,2.40
2007.10.25 10:56:25.961,1.0342,1.0345,0.60,2.40
2007.10.25 10:56:26.119,1.0342,1.0345,0.60,2.40
2007.10.25 10:56:26.451,1.0342,1.0345,0.60,2.40
2007.10.25 10:56:26.784,1.0342,1.0345,0.60,2.40
2007.10.25 10:56:27.118,1.0342,1.0345,0.60,2.40
2007.10.25 10:56:27.296,1.0342,1.0345,0.60,2.40
2007.10.25 10:56:27.474,1.0342,1.0345,0.60,2.40
2007.10.25 10:56:27.652,1.0342,1.0345,0.60,2.40
2007.10.25 10:56:27.829,1.0342,1.0345,0.60,2.40
2007.10.25 10:56:28.007,1.0342,1.0345,0.60,2.40
2007.10.25 10:56:28.183,1.0342,1.0345,0.60,2.40
2007.10.25 10:56:28.516,1.0342,1.0345,0.60,2.40
2007.10.25 10:56:28.849,1.0342,1.0345,0.60,2.40
2007.10.25 10:56:29.181,1.0342,1.0345,0.60,2.40
2007.10.25 10:56:29.514,1.0342,1.0345,0.60,2.40
2007.10.25 10:56:29.848,1.0342,1.0345,0.60,2.40
2007.10.25 10:56:30.182,1.0342,1.0345,0.60,2.40
2007.10.25 10:56:30.364,1.03425,1.03455,4.00,2.80
2007.10.25 10:56:30.547,1.03425,1.0346,4.20,2.40
2007.10.25 10:56:30.730,1.03425,1.0346,4.20,2.40
2007.10.25 10:56:30.913,1.03425,1.0346,4.20,2.40
2007.10.25 10:56:31.148,1.03425,1.0346,4.20,2.40
2007.10.25 10:56:31.333,1.03425,1.0345,4.20,2.40
2007.10.25 10:56:31.646,1.0342,1.0345,0.60,2.40
2007.10.25 10:56:31.959,1.0342,1.0345,0.60,2.40
2007.10.25 10:56:32.272,1.0342,1.0345,0.60,2.40
2007.10.25 10:56:32.464,1.0342,1.0345,0.60,2.40
2007.10.25 10:56:32.656,1.0342,1.0345,0.60,2.40
2007.10.25 10:56:32.850,1.0342,1.0345,0.60,2.40
2007.10.25 10:56:33.042,1.0342,1.0345,0.60,2.40
2007.10.25 10:56:33.236,1.0342,1.0345,0.60,2.40
2007.10.25 10:56:33.428,1.0342,1.0345,0.60,2.40
2007.10.25 10:56:33.746,1.0342,1.0345,0.60,2.40
2007.10.25 10:56:34.064,1.0342,1.0345,0.60,2.40
2007.10.25 10:56:34.382,1.0342,1.0345,0.60,2.40
2007.10.25 10:56:34.700,1.0342,1.0345,0.60,2.40
2007.10.25 10:56:35.019,1.0342,1.0345,0.60,2.40
2007.10.25 10:56:35.337,1.0342,1.0345,0.60,2.40
2007.10.25 10:56:35.530,1.0342,1.0345,0.60,2.40
2007.10.25 10:56:35.725,1.0342,1.0345,0.60,2.40
2007.10.25 10:56:35.916,1.0342,1.0345,0.60,2.40
2007.10.25 10:56:36.109,1.0342,1.0345,0.60,2.40
2007.10.25 10:56:36.301,1.0342,1.0345,0.60,2.40
2007.10.25 10:56:36.495,1.0342,1.0345,0.60,2.40
2007.10.25 10:56:36.824,1.0342,1.0345,0.60,2.40
2007.10.25 10:56:37.151,1.0342,1.0345,0.60,2.40
2007.10.25 10:56:37.479,1.0342,1.0345,0.60,2.40
2007.10.25 10:56:37.656,1.0342,1.0345,0.60,2.40
2007.10.25 10:56:37.834,1.0342,1.0345,0.60,2.40
2007.10.25 10:56:38.012,1.0342,1.0345,0.60,2.40
2007.10.25 10:56:38.189,1.0342,1.0345,0.60,2.40
2007.10.25 10:56:38.367,1.0342,1.0345,0.60,2.40
2007.10.25 10:56:38.545,1.0342,1.0345,0.60,2.40
2007.10.25 10:56:38.877,1.0342,1.0345,0.60,2.40
2007.10.25 10:56:39.210,1.0342,1.0345,0.60,2.40
2007.10.25 10:56:39.543,1.0342,1.0345,0.60,2.40
2007.10.25 10:56:39.876,1.0342,1.0345,0.60,2.40
2007.10.25 10:56:40.208,1.0342,1.0345,0.60,2.40
2007.10.25 10:56:40.540,1.0342,1.0345,0.60,2.40
2007.10.25 10:56:40.742,1.0342,1.0345,0.60,2.40
2007.10.25 10:56:40.945,1.0342,1.0345,0.60,2.40
2007.10.25 10:56:41.147,1.0342,1.0345,0.60,2.40
2007.10.25 10:56:41.349,1.0342,1.0345,0.60,2.40
2007.10.25 10:56:41.552,1.0342,1.0345,0.60,2.40
2007.10.25 10:56:41.834,1.0342,1.0345,0.60,2.40
2007.10.25 10:56:42.117,1.0342,1.0345,0.60,2.40
2007.10.25 10:56:42.400,1.0342,1.0345,0.60,2.40
2007.10.25 10:56:42.683,1.0342,1.0345,0.60,2.40
2007.10.25 10:56:42.946,1.0342,1.0345,0.60,2.40
2007.10.25 10:56:43.209,1.0342,1.0345,0.60,5.20
2007.10.25 10:56:43.471,1.0342,1.0345,0.60,2.40
2007.10.25 10:56:43.734,1.0342,1.0345,0.60,2.40
2007.10.25 10:56:43.957,1.0342,1.0345,0.60,2.40
2007.10.25 10:56:44.180,1.0342,1.0345,0.60,2.40
2007.10.25 10:56:44.402,1.0342,1.0345,0.60,2.40
2007.10.25 10:56:44.411,1.0342,1.03455,0.60,15.60
2007.10.25 10:56:44.625,1.0342,1.0345,0.60,0.90
2007.10.25 10:56:44.847,1.0342,1.0345,0.60,0.50
2007.10.25 10:56:45.179,1.0342,1.03455,0.60,15.60
2007.10.25 10:56:45.511,1.0342,1.03455,0.60,15.60
2007.10.25 10:56:45.845,1.0342,1.03455,0.60,16.40
2007.10.25 10:56:45.997,1.0342,1.03455,0.60,16.40
2007.10.25 10:56:46.149,1.0342,1.03455,0.60,16.40
2007.10.25 10:56:46.302,1.0342,1.03455,0.60,16.40
2007.10.25 10:56:46.455,1.0342,1.0345,0.60,0.90
2007.10.25 10:56:46.607,1.0342,1.0345,0.60,0.70
2007.10.25 10:56:46.760,1.0342,1.0344,0.30,0.50
2007.10.25 10:56:46.913,1.0342,1.03445,0.30,6.40
2007.10.25 10:56:47.246,1.0342,1.03445,0.20,6.40
2007.10.25 10:56:47.580,1.0342,1.03445,0.20,6.40
2007.10.25 10:56:47.913,1.0342,1.03445,0.20,6.40
2007.10.25 10:56:48.105,1.0342,1.03445,0.20,6.40
2007.10.25 10:56:48.297,1.0342,1.03445,0.20,6.40
2007.10.25 10:56:48.490,1.0342,1.03445,0.20,6.40
2007.10.25 10:56:48.683,1.0342,1.0344,0.20,0.60
2007.10.25 10:56:48.875,1.0342,1.03445,0.20,6.40
2007.10.25 10:56:49.068,1.0342,1.03445,0.20,6.40
2007.10.25 10:56:49.401,1.0342,1.03445,0.20,6.40
2007.10.25 10:56:49.733,1.0342,1.0344,0.20,6.40
2007.10.25 10:56:50.066,1.03405,1.03435,0.20,0.70
2007.10.25 10:56:50.249,1.03405,1.0344,0.20,9.20
2007.10.25 10:56:50.432,1.03405,1.0344,0.20,9.20
2007.10.25 10:56:50.615,1.0341,1.0344,0.20,9.20
2007.10.25 10:56:50.799,1.0341,1.03445,0.40,11.60
2007.10.25 10:56:50.981,1.0341,1.03445,0.40,11.60
2007.10.25 10:56:51.279,1.0341,1.0344,0.40,9.20
2007.10.25 10:56:51.576,1.0341,1.03435,0.40,0.50
2007.10.25 10:56:51.873,1.0341,1.0344,0.40,9.20
2007.10.25 10:56:52.171,1.0341,1.03435,0.40,0.80
2007.10.25 10:56:52.414,1.0341,1.0344,0.40,9.20
2007.10.25 10:56:52.657,1.0341,1.03435,0.40,0.70
2007.10.25 10:56:52.899,1.0341,1.0344,0.40,9.20
2007.10.25 10:56:53.142,1.0341,1.0344,0.40,9.20
2007.10.25 10:56:53.319,1.0341,1.0344,0.40,9.20
2007.10.25 10:56:53.497,1.0341,1.0344,0.40,9.20
2007.10.25 10:56:53.674,1.0341,1.0344,0.40,9.20
2007.10.25 10:56:53.853,1.0341,1.0344,0.40,9.20
2007.10.25 10:56:54.031,1.0341,1.0344,0.40,9.20
2007.10.25 10:56:54.363,1.0341,1.0344,0.40,9.20
2007.10.25 10:56:54.697,1.0341,1.0344,0.40,9.20
2007.10.25 10:56:55.030,1.0341,1.0344,0.40,9.20
2007.10.25 10:56:55.203,1.0341,1.03435,0.40,0.60
2007.10.25 10:56:55.375,1.0341,1.03435,0.40,0.80
2007.10.25 10:56:55.548,1.0341,1.0344,0.40,9.20
2007.10.25 10:56:55.720,1.0341,1.0344,0.40,9.20
2007.10.25 10:56:55.893,1.0341,1.0344,0.40,9.20
2007.10.25 10:56:56.066,1.0341,1.0344,0.40,9.20
2007.10.25 10:56:56.303,1.0341,1.0344,0.40,9.20
2007.10.25 10:56:56.541,1.0341,1.0344,0.40,9.20
2007.10.25 10:56:56.779,1.0341,1.03435,0.40,0.60
2007.10.25 10:56:57.017,1.0341,1.0344,0.40,9.20
2007.10.25 10:56:57.254,1.0341,1.03435,0.40,0.90
2007.10.25 10:56:57.457,1.0341,1.0344,0.40,9.20
2007.10.25 10:56:57.661,1.0341,1.03435,0.40,0.90
2007.10.25 10:56:57.863,1.0341,1.0344,0.40,9.20
2007.10.25 10:56:58.066,1.0341,1.0344,0.40,9.20
2007.10.25 10:56:58.269,1.0341,1.03435,0.40,0.90
2007.10.25 10:56:58.527,1.0341,1.0344,0.40,9.20
2007.10.25 10:56:58.785,1.0341,1.0344,0.40,9.20
2007.10.25 10:56:59.043,1.0341,1.03435,0.40,0.50
2007.10.25 10:56:59.301,1.0341,1.0344,0.40,9.20
2007.10.25 10:56:59.614,1.0341,1.0344,0.40,9.20
2007.10.25 10:56:59.927,1.0341,1.03435,0.40,0.60
2007.10.25 10:57:00.239,1.0341,1.0344,0.40,9.20
2007.10.25 10:57:00.551,1.0341,1.03435,0.40,0.50
2007.10.25 10:57:00.744,1.0341,1.03435,0.40,0.80
2007.10.25 10:57:00.938,1.0341,1.0344,0.40,9.20
2007.10.25 10:57:01.130,1.0341,1.03435,0.40,0.90
2007.10.25 10:57:01.324,1.0341,1.0344,0.40,9.20
2007.10.25 10:57:01.591,1.0341,1.0344,0.40,9.20
2007.10.25 10:57:01.859,1.0341,1.0344,0.40,9.20
2007.10.25 10:57:02.127,1.0341,1.0344,0.40,9.20
2007.10.25 10:57:02.395,1.0341,1.0344,0.40,9.20
2007.10.25 10:57:02.593,1.0341,1.03435,0.40,0.50
2007.10.25 10:57:02.791,1.0341,1.0344,0.40,9.20
2007.10.25 10:57:02.990,1.0341,1.0344,0.40,9.20
2007.10.25 10:57:03.186,1.0341,1.03435,0.40,0.50
2007.10.25 10:57:03.384,1.0341,1.03435,0.40,0.70
2007.10.25 10:57:03.716,1.0341,1.03435,0.40,0.90
2007.10.25 10:57:04.050,1.0341,1.03435,0.40,0.80
2007.10.25 10:57:04.382,1.0341,1.03435,0.40,0.90
2007.10.25 10:57:04.575,1.03405,1.0344,0.60,9.20
2007.10.25 10:57:04.715,1.03405,1.0344,0.60,9.20
2007.10.25 10:57:05.047,1.03405,1.0344,0.60,9.20
2007.10.25 10:57:05.380,1.03405,1.0344,0.60,9.20
2007.10.25 10:57:05.608,1.03405,1.0344,0.60,9.20
2007.10.25 10:57:05.835,1.03405,1.0344,0.60,9.20
2007.10.25 10:57:06.063,1.034,1.0344,2.80,9.20
2007.10.25 10:57:06.292,1.034,1.0344,2.80,9.20
2007.10.25 10:57:06.519,1.034,1.0344,2.80,9.20
2007.10.25 10:57:06.761,1.034,1.0344,2.80,9.20
2007.10.25 10:57:07.004,1.03405,1.03435,0.20,0.70
2007.10.25 10:57:07.246,1.034,1.0344,2.80,9.20
2007.10.25 10:57:07.489,1.03405,1.03435,0.20,0.50
2007.10.25 10:57:07.671,1.034,1.0344,2.80,9.20
2007.10.25 10:57:07.960,1.03405,1.03435,0.20,0.90
2007.10.25 10:57:08.142,1.03405,1.03435,0.20,0.70
2007.10.25 10:57:08.324,1.034,1.0344,2.80,9.20
2007.10.25 10:57:08.506,1.03405,1.03435,0.20,0.50
2007.10.25 10:57:08.779,1.034,1.0344,2.80,9.20
2007.10.25 10:57:09.051,1.034,1.0344,2.80,9.20
2007.10.25 10:57:09.324,1.034,1.03435,0.40,6.40
2007.10.25 10:57:09.597,1.034,1.03435,0.40,6.40
2007.10.25 10:57:09.931,1.034,1.0344,2.80,9.20
2007.10.25 10:57:10.263,1.034,1.0344,2.80,9.20
2007.10.25 10:57:10.597,1.034,1.03435,0.40,6.40
2007.10.25 10:57:10.795,1.034,1.03435,0.40,6.40
2007.10.25 10:57:10.992,1.03405,1.0343,0.20,0.60
2007.10.25 10:57:11.190,1.034,1.03435,0.40,6.40
2007.10.25 10:57:11.388,1.034,1.03435,0.40,6.40
2007.10.25 10:57:11.586,1.03405,1.0343,0.20,0.60
2007.10.25 10:57:11.840,1.03405,1.03435,0.20,0.50
2007.10.25 10:57:12.092,1.03405,1.03435,0.20,0.90
2007.10.25 10:57:12.345,1.034,1.0344,2.80,9.20
2007.10.25 10:57:12.598,1.03405,1.03435,0.20,4.00
2007.10.25 10:57:12.810,1.034,1.0344,6.70,5.20
2007.10.25 10:57:13.023,1.034,1.0344,6.70,5.20
2007.10.25 10:57:13.237,1.034,1.0344,6.70,5.20
2007.10.25 10:57:13.449,1.034,1.0344,10.70,5.20
2007.10.25 10:57:13.662,1.034,1.0344,10.70,5.20
2007.10.25 10:57:13.944,1.034,1.0344,10.70,5.20
2007.10.25 10:57:14.226,1.03405,1.0344,2.50,5.20
2007.10.25 10:57:14.511,1.0341,1.0344,0.20,5.20
2007.10.25 10:57:14.793,1.0341,1.0344,0.40,2.40
2007.10.25 10:57:15.126,1.03415,1.0344,0.20,5.20
2007.10.25 10:57:15.459,1.0341,1.0344,0.40,5.20
2007.10.25 10:57:15.792,1.0341,1.0344,0.40,2.40
2007.10.25 10:57:15.974,1.0341,1.0344,0.40,2.40
2007.10.25 10:57:16.156,1.0341,1.0344,0.40,2.40
2007.10.25 10:57:16.339,1.0341,1.0344,0.40,2.40
2007.10.25 10:57:16.524,1.03415,1.0344,0.20,2.40
2007.10.25 10:57:16.705,1.03415,1.0344,0.20,2.40
2007.10.25 10:57:16.888,1.0341,1.0344,0.40,2.40
2007.10.25 10:57:17.140,1.0341,1.0344,0.40,2.40
2007.10.25 10:57:17.392,1.03415,1.0344,0.20,2.40
2007.10.25 10:57:17.645,1.0341,1.0344,0.40,2.40
2007.10.25 10:57:17.897,1.03415,1.0344,0.20,2.40
2007.10.25 10:57:18.089,1.0341,1.0344,0.40,2.40
2007.10.25 10:57:18.282,1.0341,1.0344,0.40,2.40
2007.10.25 10:57:18.475,1.03415,1.0344,0.20,2.40
2007.10.25 10:57:18.668,1.0341,1.0344,0.40,2.40
2007.10.25 10:57:18.861,1.0341,1.0344,0.40,2.40
2007.10.25 10:57:19.149,1.03415,1.0344,0.20,2.40
2007.10.25 10:57:19.437,1.0341,1.0344,0.40,2.40
2007.10.25 10:57:19.725,1.03415,1.0344,0.20,2.40
2007.10.25 10:57:20.013,1.03415,1.0344,0.20,2.40
2007.10.25 10:57:20.316,1.03415,1.0344,0.20,2.40
2007.10.25 10:57:20.618,1.0341,1.0344,0.40,2.40
2007.10.25 10:57:20.921,1.0341,1.0344,0.40,2.40
2007.10.25 10:57:21.068,1.0341,1.0344,0.40,2.40
2007.10.25 10:57:21.216,1.0341,1.0344,0.40,2.40
2007.10.25 10:57:21.364,1.03415,1.0344,0.20,2.40
2007.10.25 10:57:21.511,1.0341,1.0344,0.40,2.40
2007.10.25 10:57:21.659,1.0341,1.0344,0.40,2.40
2007.10.25 10:57:21.807,1.03415,1.0344,0.20,2.40
2007.10.25 10:57:21.954,1.03415,1.0344,0.20,2.40
2007.10.25 10:57:22.262,1.0341,1.0344,0.40,2.40
2007.10.25 10:57:22.569,1.0341,1.0344,0.40,2.40
2007.10.25 10:57:22.877,1.0341,1.0344,0.40,2.40
2007.10.25 10:57:23.060,1.0341,1.0344,0.40,2.40
2007.10.25 10:57:23.243,1.03415,1.0344,0.20,2.40
2007.10.25 10:57:23.426,1.0341,1.0344,0.40,2.40
2007.10.25 10:57:23.608,1.03415,1.0344,0.20,2.40
2007.10.25 10:57:23.790,1.0341,1.0344,0.40,2.40
2007.10.25 10:57:23.972,1.0341,1.0344,0.40,2.40
2007.10.25 10:57:24.305,1.03415,1.0344,0.20,2.40
2007.10.25 10:57:24.638,1.03415,1.0344,0.20,2.40
2007.10.25 10:57:24.970,1.0341,1.0344,0.40,2.40
2007.10.25 10:57:25.303,1.03415,1.0344,0.20,2.40
2007.10.25 10:57:25.486,1.0341,1.0344,0.40,2.40
2007.10.25 10:57:25.669,1.03415,1.0344,0.20,2.40
2007.10.25 10:57:25.852,1.0341,1.0344,0.40,2.40
2007.10.25 10:57:26.034,1.0341,1.0344,0.40,2.40
2007.10.25 10:57:26.368,1.0342,1.03445,0.90,4.00
2007.10.25 10:57:26.671,1.03415,1.03445,2.60,4.00
2007.10.25 10:57:26.972,1.03415,1.03445,2.60,4.00
2007.10.25 10:57:27.275,1.0342,1.03445,1.00,4.00
2007.10.25 10:57:27.463,1.03415,1.03445,2.60,4.00
2007.10.25 10:57:27.651,1.03415,1.03445,2.60,4.00
2007.10.25 10:57:27.839,1.03415,1.03445,2.60,4.00
2007.10.25 10:57:28.026,1.0342,1.03445,0.50,4.00
2007.10.25 10:57:28.214,1.03415,1.03445,2.60,4.00
2007.10.25 10:57:28.436,1.0342,1.03445,1.00,4.00
2007.10.25 10:57:28.659,1.0342,1.03445,1.50,4.00
2007.10.25 10:57:28.882,1.03415,1.03445,2.60,4.00
2007.10.25 10:57:29.103,1.03415,1.03445,2.60,4.00
2007.10.25 10:57:29.436,1.03415,1.03445,2.60,4.00
2007.10.25 10:57:29.769,1.03415,1.03445,2.60,4.00
2007.10.25 10:57:30.101,1.03415,1.03445,2.60,4.00
2007.10.25 10:57:30.284,1.0342,1.03445,1.60,4.00
2007.10.25 10:57:30.467,1.0342,1.03445,0.60,4.00
2007.10.25 10:57:30.650,1.0342,1.03445,1.30,4.00
2007.10.25 10:57:30.831,1.0342,1.03445,1.10,4.00
2007.10.25 10:57:31.014,1.0342,1.03445,1.00,4.00
2007.10.25 10:57:31.197,1.0342,1.03445,0.70,4.00
2007.10.25 10:57:31.450,1.0342,1.03445,0.90,4.00
2007.10.25 10:57:31.702,1.03415,1.03445,2.60,4.00
2007.10.25 10:57:31.955,1.0342,1.03445,1.40,4.00
2007.10.25 10:57:32.208,1.03415,1.03445,2.60,4.00
2007.10.25 10:57:32.500,1.03415,1.03445,2.60,4.00
2007.10.25 10:57:32.698,1.0342,1.03445,0.70,4.00
2007.10.25 10:57:32.896,1.03415,1.03445,2.60,4.00
2007.10.25 10:57:33.094,1.03415,1.03445,2.60,4.00
2007.10.25 10:57:33.332,1.0341,1.0344,0.40,2.40
2007.10.25 10:57:33.569,1.0341,1.0344,0.40,2.40
2007.10.25 10:57:33.807,1.03415,1.0344,0.20,2.40
2007.10.25 10:57:34.045,1.03415,1.0344,0.20,2.40
2007.10.25 10:57:34.284,1.03415,1.0344,0.20,2.40
2007.10.25 10:57:34.616,1.03415,1.0344,0.20,2.40
2007.10.25 10:57:34.948,1.03415,1.0344,0.20,2.40
2007.10.25 10:57:35.281,1.03415,1.0344,0.20,2.40
2007.10.25 10:57:35.419,1.03415,1.0344,0.20,2.40
2007.10.25 10:57:35.557,1.03415,1.0344,0.20,2.40
2007.10.25 10:57:35.694,1.03415,1.0344,0.20,2.40
2007.10.25 10:57:35.832,1.03415,1.0344,0.20,2.40
2007.10.25 10:57:35.970,1.03415,1.0344,0.20,2.40
2007.10.25 10:57:36.108,1.03415,1.0344,0.20,2.40
2007.10.25 10:57:36.246,1.03415,1.0344,0.20,2.40
2007.10.25 10:57:36.384,1.03415,1.0344,0.20,2.40
2007.10.25 10:57:36.672,1.03415,1.0344,0.20,2.40
2007.10.25 10:57:36.960,1.03415,1.0344,0.20,2.40
2007.10.25 10:57:37.248,1.03415,1.0344,0.20,2.40
2007.10.25 10:57:37.535,1.03415,1.0344,0.20,2.40
2007.10.25 10:57:37.713,1.03415,1.0344,0.20,2.40
2007.10.25 10:57:37.891,1.03415,1.0344,0.20,2.40
2007.10.25 10:57:38.068,1.03415,1.0344,0.20,2.40
2007.10.25 10:57:38.246,1.03415,1.0344,0.20,2.40
2007.10.25 10:57:38.424,1.03415,1.0344,0.20,2.40
2007.10.25 10:57:38.638,1.03415,1.0344,0.20,2.40
2007.10.25 10:57:38.847,1.03415,1.0344,0.20,2.40
2007.10.25 10:57:39.053,1.03415,1.0344,0.20,2.40
2007.10.25 10:57:39.260,1.03415,1.0344,0.20,2.40
2007.10.25 10:57:39.468,1.03415,1.0344,0.20,2.40
2007.10.25 10:57:39.801,1.03415,1.0344,0.20,2.40
2007.10.25 10:57:40.134,1.03415,1.0344,0.20,2.40
2007.10.25 10:57:40.467,1.03415,1.0344,0.20,2.40
2007.10.25 10:57:40.620,1.03415,1.0344,0.20,2.40
2007.10.25 10:57:40.772,1.03415,1.0344,0.20,2.40
2007.10.25 10:57:40.924,1.03415,1.0344,0.20,2.40
2007.10.25 10:57:41.077,1.03415,1.0344,0.20,2.40
2007.10.25 10:57:41.230,1.03415,1.0344,0.20,2.40
2007.10.25 10:57:41.383,1.03415,1.0344,0.20,2.40
2007.10.25 10:57:41.536,1.03415,1.0344,0.20,2.40
2007.10.25 10:57:41.829,1.03415,1.0344,0.20,2.40
2007.10.25 10:57:42.121,1.03415,1.0344,0.20,2.40
2007.10.25 10:57:42.414,1.03415,1.0344,0.20,2.40
2007.10.25 10:57:42.706,1.03415,1.0344,0.20,2.40
2007.10.25 10:57:42.894,1.03415,1.0344,0.20,2.40
2007.10.25 10:57:43.081,1.03415,1.0344,0.20,2.40
2007.10.25 10:57:43.268,1.03415,1.0344,0.20,2.40
2007.10.25 10:57:43.455,1.03415,1.0344,0.20,2.40
2007.10.25 10:57:43.693,1.03415,1.0344,0.20,2.40
2007.10.25 10:57:43.930,1.03415,1.0344,0.20,2.40
2007.10.25 10:57:44.168,1.03415,1.0344,0.20,2.40
2007.10.25 10:57:44.406,1.03415,1.0344,0.20,2.40
2007.10.25 10:57:44.643,1.03415,1.0344,0.20,2.40
2007.10.25 10:57:44.977,1.03415,1.0344,0.20,2.40
2007.10.25 10:57:45.309,1.03415,1.0344,0.20,2.40
2007.10.25 10:57:45.642,1.03415,1.0344,0.20,2.40
2007.10.25 10:57:45.805,1.03415,1.0344,0.20,2.40
2007.10.25 10:57:45.968,1.03415,1.0344,0.20,2.40
2007.10.25 10:57:46.130,1.03415,1.0344,0.20,2.40
2007.10.25 10:57:46.292,1.03415,1.0344,0.20,2.40
2007.10.25 10:57:46.455,1.03415,1.0344,0.20,2.40
2007.10.25 10:57:46.737,1.03415,1.0344,0.20,2.40
2007.10.25 10:57:47.021,1.03415,1.0344,0.20,2.40
2007.10.25 10:57:47.304,1.03415,1.0344,0.20,2.40
2007.10.25 10:57:47.586,1.03415,1.0344,0.20,2.40
2007.10.25 10:57:47.744,1.03415,1.0344,0.20,2.40
2007.10.25 10:57:47.901,1.03415,1.0344,0.20,2.40
2007.10.25 10:57:48.059,1.03415,1.0344,0.20,2.40
2007.10.25 10:57:48.216,1.03415,1.0344,0.20,2.40
2007.10.25 10:57:48.374,1.03415,1.0344,0.20,2.40
2007.10.25 10:57:48.532,1.03415,1.0344,0.20,2.40
2007.10.25 10:57:48.745,1.03415,1.0344,0.20,2.40
2007.10.25 10:57:48.958,1.03415,1.0344,0.20,2.40
2007.10.25 10:57:49.170,1.03415,1.0344,0.20,2.40
2007.10.25 10:57:49.383,1.03415,1.0344,0.20,2.40
2007.10.25 10:57:49.595,1.03415,1.0344,0.20,2.40
2007.10.25 10:57:49.928,1.03415,1.0344,0.20,2.40
2007.10.25 10:57:50.260,1.03415,1.0344,0.20,2.40
2007.10.25 10:57:50.593,1.03415,1.0344,0.20,2.40
2007.10.25 10:57:50.730,1.03415,1.0344,0.20,2.40
2007.10.25 10:57:50.937,1.03415,1.0344,0.20,2.40
2007.10.25 10:57:51.075,1.03415,1.0344,0.20,2.40
2007.10.25 10:57:51.212,1.03415,1.0344,0.20,2.40
2007.10.25 10:57:51.350,1.03415,1.0344,0.20,2.40
2007.10.25 10:57:51.488,1.03415,1.0344,0.20,2.40
2007.10.25 10:57:51.625,1.03415,1.0344,0.20,2.40
2007.10.25 10:57:51.913,1.03415,1.0344,0.20,2.40
2007.10.25 10:57:52.201,1.03415,1.0344,0.20,2.40
2007.10.25 10:57:52.491,1.03415,1.0344,0.20,2.40
2007.10.25 10:57:52.778,1.03415,1.0344,0.20,2.40
2007.10.25 10:57:52.990,1.03415,1.0344,0.20,2.40
2007.10.25 10:57:53.202,1.03415,1.0344,0.20,2.40
2007.10.25 10:57:53.414,1.03415,1.0344,0.20,2.40
2007.10.25 10:57:53.626,1.03415,1.0344,0.20,2.40
2007.10.25 10:57:53.838,1.03415,1.0344,0.20,2.40
2007.10.25 10:57:54.047,1.03415,1.0344,0.20,2.40
2007.10.25 10:57:54.253,1.03415,1.0344,0.20,2.40
2007.10.25 10:57:54.462,1.03415,1.0344,0.20,2.40
2007.10.25 10:57:54.669,1.03415,1.0344,0.20,2.40
2007.10.25 10:57:55.002,1.03415,1.0344,0.20,2.40
2007.10.25 10:57:55.334,1.03415,1.0344,0.20,2.40
2007.10.25 10:57:55.666,1.03415,1.0344,0.20,2.40
2007.10.25 10:57:55.998,1.03415,1.0344,0.20,2.40
2007.10.25 10:57:56.156,1.03415,1.0344,0.20,2.40
2007.10.25 10:57:56.315,1.03415,1.0344,0.20,2.40
2007.10.25 10:57:56.472,1.03415,1.0344,0.20,2.40
2007.10.25 10:57:56.629,1.03415,1.0344,0.20,2.40
2007.10.25 10:57:56.788,1.03415,1.0344,0.20,2.40
2007.10.25 10:57:57.085,1.03415,1.0344,0.20,2.40
2007.10.25 10:57:57.382,1.03415,1.0344,0.20,2.40
2007.10.25 10:57:57.681,1.03415,1.0344,0.20,2.40
2007.10.25 10:57:57.978,1.03415,1.0344,0.20,2.40
2007.10.25 10:57:58.191,1.03415,1.0344,0.20,2.40
2007.10.25 10:57:58.404,1.03415,1.0344,0.20,2.40
2007.10.25 10:57:58.617,1.03415,1.0344,0.20,2.40
2007.10.25 10:57:58.830,1.03415,1.0344,0.20,2.40
2007.10.25 10:57:59.073,1.03415,1.0344,0.20,2.40
2007.10.25 10:57:59.316,1.03415,1.0344,0.20,2.40
2007.10.25 10:57:59.559,1.03415,1.0344,0.20,2.40
2007.10.25 10:57:59.801,1.03415,1.0344,0.20,2.40
2007.10.25 10:58:00.133,1.03415,1.0344,0.20,2.40
2007.10.25 10:58:00.466,1.03415,1.0344,0.20,2.40
2007.10.25 10:58:00.800,1.03415,1.0344,0.20,2.40
2007.10.25 10:58:00.968,1.03415,1.0344,0.20,2.40
2007.10.25 10:58:01.074,1.03415,1.03445,0.20,6.40
2007.10.25 10:58:01.136,1.03415,1.03445,0.20,6.40
2007.10.25 10:58:01.303,1.03415,1.03445,0.20,6.40
2007.10.25 10:58:01.471,1.03415,1.0344,0.20,0.70
2007.10.25 10:58:01.639,1.03415,1.0344,0.20,0.90
2007.10.25 10:58:01.807,1.03415,1.03445,0.20,6.40
2007.10.25 10:58:02.104,1.03415,1.03445,0.20,6.40
2007.10.25 10:58:02.401,1.03415,1.03445,0.20,6.40
2007.10.25 10:58:02.701,1.03415,1.0345,0.20,9.20
2007.10.25 10:58:02.998,1.0342,1.0345,0.20,0.50
2007.10.25 10:58:03.209,1.03425,1.03455,0.20,6.40
2007.10.25 10:58:03.387,1.03425,1.0345,0.20,0.50
2007.10.25 10:58:03.568,1.03425,1.0345,0.20,0.50
2007.10.25 10:58:03.745,1.03425,1.03455,0.20,6.40
2007.10.25 10:58:03.923,1.03425,1.0345,0.20,0.90
2007.10.25 10:58:04.260,1.03425,1.0345,0.20,0.60
2007.10.25 10:58:04.593,1.03425,1.0345,0.20,0.90
2007.10.25 10:58:04.927,1.03425,1.03455,0.20,6.40
2007.10.25 10:58:05.089,1.03425,1.03455,0.20,6.40
2007.10.25 10:58:05.253,1.03425,1.0346,4.10,6.40
2007.10.25 10:58:05.416,1.0343,1.0346,0.20,0.80
2007.10.25 10:58:05.580,1.0343,1.03465,0.40,12.80
2007.10.25 10:58:05.743,1.0343,1.0346,0.40,0.80
2007.10.25 10:58:05.906,1.0343,1.0346,0.40,0.60
2007.10.25 10:58:06.067,1.0343,1.03465,0.40,6.40
2007.10.25 10:58:06.400,1.0343,1.0346,0.40,0.90
2007.10.25 10:58:06.733,1.0343,1.03465,0.40,8.80
2007.10.25 10:58:07.067,1.0343,1.0346,0.20,0.80
2007.10.25 10:58:07.260,1.03425,1.03465,4.00,9.60
2007.10.25 10:58:07.453,1.0343,1.03465,0.20,9.60
2007.10.25 10:58:07.647,1.0343,1.03465,0.20,9.60
2007.10.25 10:58:07.840,1.0343,1.03465,0.20,10.00
2007.10.25 10:58:08.034,1.03415,1.03465,4.80,14.00
2007.10.25 10:58:08.320,1.03415,1.0346,4.80,0.80
2007.10.25 10:58:08.607,1.03415,1.03465,4.80,14.00
2007.10.25 10:58:08.894,1.03415,1.03465,4.80,14.00
2007.10.25 10:58:09.181,1.03415,1.0346,4.80,0.60
2007.10.25 10:58:09.514,1.03415,1.03455,0.80,0.90
2007.10.25 10:58:09.848,1.0342,1.03455,2.40,0.80
2007.10.25 10:58:10.181,1.03425,1.03455,0.20,0.70
2007.10.25 10:58:10.344,1.03425,1.0346,0.20,5.20
2007.10.25 10:58:10.510,1.03425,1.0346,0.20,0.90
2007.10.25 10:58:10.673,1.03425,1.0346,0.40,7.60
2007.10.25 10:58:10.837,1.0343,1.0345,0.40,0.90
2007.10.25 10:58:11.000,1.0343,1.0346,0.40,4.80
2007.10.25 10:58:11.162,1.0343,1.0345,0.40,0.70
2007.10.25 10:58:11.470,1.0343,1.0345,0.40,0.80
2007.10.25 10:58:11.778,1.0343,1.0346,0.40,4.80
2007.10.25 10:58:12.086,1.0343,1.0346,0.40,4.80
2007.10.25 10:58:12.393,1.0343,1.0346,0.40,4.80
2007.10.25 10:58:12.601,1.0343,1.0346,0.40,4.80
2007.10.25 10:58:12.808,1.0343,1.0346,0.40,4.80
2007.10.25 10:58:13.016,1.0343,1.0345,0.40,0.60
2007.10.25 10:58:13.223,1.0343,1.0346,0.40,4.80
2007.10.25 10:58:13.440,1.0343,1.0346,0.40,4.80
2007.10.25 10:58:13.658,1.0343,1.0346,0.40,4.80
2007.10.25 10:58:13.879,1.0343,1.0346,0.40,4.80
2007.10.25 10:58:14.097,1.0343,1.0346,0.40,4.80
2007.10.25 10:58:14.315,1.0343,1.0345,0.40,0.50
2007.10.25 10:58:14.648,1.0343,1.0346,0.40,4.80
2007.10.25 10:58:14.980,1.0343,1.0346,0.40,4.80
2007.10.25 10:58:15.312,1.0343,1.0346,0.40,4.80
2007.10.25 10:58:15.476,1.0343,1.0345,0.40,0.60
2007.10.25 10:58:15.597,1.0343,1.0346,0.40,4.80
2007.10.25 10:58:15.719,1.0343,1.0345,0.40,0.50
2007.10.25 10:58:15.842,1.0343,1.0345,0.40,0.90
2007.10.25 10:58:15.964,1.0343,1.0346,0.40,4.80
2007.10.25 10:58:16.086,1.0343,1.0346,0.40,4.80
2007.10.25 10:58:16.208,1.0343,1.0346,0.40,4.80
2007.10.25 10:58:16.331,1.0343,1.0345,0.40,0.70
2007.10.25 10:58:16.663,1.0343,1.0345,0.40,0.80
2007.10.25 10:58:16.995,1.0343,1.03465,0.40,9.20
2007.10.25 10:58:17.329,1.0343,1.03465,0.20,12.40
2007.10.25 10:58:17.546,1.0342,1.0346,6.40,0.80
2007.10.25 10:58:17.764,1.0342,1.0346,6.40,0.50
2007.10.25 10:58:17.982,1.0342,1.0346,6.40,0.80
2007.10.25 10:58:18.200,1.0342,1.03465,6.40,20.40
2007.10.25 10:58:18.417,1.0342,1.03465,6.40,20.40
2007.10.25 10:58:18.694,1.0342,1.03465,6.40,20.40
2007.10.25 10:58:18.972,1.0342,1.03465,6.40,24.40
2007.10.25 10:58:19.250,1.03425,1.03465,4.10,17.20
2007.10.25 10:58:19.528,1.0343,1.0346,0.20,0.60
2007.10.25 10:58:19.860,1.03435,1.03465,0.20,6.40
2007.10.25 10:58:20.193,1.03435,1.03465,0.20,6.40
2007.10.25 10:58:20.526,1.03435,1.03465,0.20,6.40
2007.10.25 10:58:20.738,1.03435,1.03465,0.20,20.80
2007.10.25 10:58:20.951,1.03435,1.0346,0.20,0.60
2007.10.25 10:58:21.164,1.03435,1.03465,0.20,23.60
2007.10.25 10:58:21.376,1.03435,1.0346,0.20,0.60
2007.10.25 10:58:21.614,1.03435,1.03465,0.20,23.60
2007.10.25 10:58:21.872,1.03435,1.03465,0.20,23.60
2007.10.25 10:58:22.129,1.03435,1.03465,0.20,23.60
2007.10.25 10:58:22.386,1.03435,1.03465,0.20,23.60
2007.10.25 10:58:22.642,1.03435,1.03465,0.20,23.60
2007.10.25 10:58:22.899,1.03435,1.0346,0.20,0.80
2007.10.25 10:58:23.047,1.03435,1.0346,0.20,0.60
2007.10.25 10:58:23.194,1.03435,1.03465,0.20,23.60
2007.10.25 10:58:23.342,1.03435,1.0346,0.20,0.80
2007.10.25 10:58:23.490,1.03435,1.0346,0.20,0.90
2007.10.25 10:58:23.638,1.03435,1.0346,0.20,0.80
2007.10.25 10:58:23.785,1.03435,1.03465,0.20,23.60
2007.10.25 10:58:24.072,1.03435,1.03465,0.20,23.60
2007.10.25 10:58:24.360,1.03435,1.0346,0.20,0.50
2007.10.25 10:58:24.649,1.0344,1.03465,2.40,23.60
2007.10.25 10:58:24.936,1.0344,1.03465,2.40,0.80
2007.10.25 10:58:25.264,1.03435,1.0347,0.20,10.40
2007.10.25 10:58:25.592,1.03435,1.03465,0.20,0.50
2007.10.25 10:58:25.919,1.03435,1.0347,0.20,6.40
2007.10.25 10:58:26.082,1.03435,1.0347,0.20,6.40
2007.10.25 10:58:26.245,1.03435,1.03465,0.20,0.90
2007.10.25 10:58:26.408,1.03435,1.03465,0.20,0.70
2007.10.25 10:58:26.571,1.03435,1.03465,0.20,0.90
2007.10.25 10:58:26.734,1.03435,1.0347,0.20,6.40
2007.10.25 10:58:26.897,1.03435,1.0347,0.20,6.40
2007.10.25 10:58:27.058,1.03435,1.03465,0.20,0.70
2007.10.25 10:58:27.331,1.03435,1.0347,0.20,6.40
2007.10.25 10:58:27.603,1.03435,1.03465,0.20,0.70
2007.10.25 10:58:27.876,1.03435,1.03465,0.20,0.90
2007.10.25 10:58:28.148,1.03435,1.03465,0.20,0.90
2007.10.25 10:58:28.306,1.03435,1.0347,0.20,6.40
2007.10.25 10:58:28.464,1.03435,1.0347,0.20,6.40
2007.10.25 10:58:28.622,1.03435,1.03465,0.20,0.90
2007.10.25 10:58:28.780,1.03435,1.0347,0.20,9.20
2007.10.25 10:58:28.938,1.03435,1.03465,0.20,0.90
2007.10.25 10:58:29.096,1.03435,1.0347,0.20,9.20
2007.10.25 10:58:29.428,1.0344,1.03465,2.40,0.50
2007.10.25 10:58:29.761,1.0344,1.0347,2.40,6.80
2007.10.25 10:58:30.094,1.0344,1.03465,2.40,0.60
2007.10.25 10:58:30.247,1.0344,1.03465,2.40,4.00
2007.10.25 10:58:30.399,1.0344,1.03465,2.40,4.00
2007.10.25 10:58:30.552,1.0344,1.03465,2.40,4.00
2007.10.25 10:58:30.705,1.0344,1.03465,2.40,4.00
2007.10.25 10:58:30.859,1.03445,1.03475,0.20,10.80
2007.10.25 10:58:31.011,1.03445,1.03475,0.20,6.80
2007.10.25 10:58:31.164,1.03445,1.03475,0.20,6.80
2007.10.25 10:58:31.317,1.03445,1.03475,0.20,6.80
2007.10.25 10:58:31.620,1.03445,1.03475,0.20,6.80
2007.10.25 10:58:31.923,1.03445,1.03465,0.20,4.00
2007.10.25 10:58:32.226,1.03435,1.03465,0.20,4.00
2007.10.25 10:58:32.444,1.03435,1.03465,0.20,4.00
2007.10.25 10:58:32.662,1.03435,1.03465,0.20,4.00
2007.10.25 10:58:32.880,1.03435,1.03465,0.20,4.00
2007.10.25 10:58:33.100,1.03435,1.03465,0.50,4.00
2007.10.25 10:58:33.318,1.03435,1.03465,0.50,6.40
2007.10.25 10:58:33.580,1.03435,1.03465,0.50,9.20
2007.10.25 10:58:33.903,1.03435,1.03465,0.50,9.20
2007.10.25 10:58:34.167,1.03435,1.03465,0.50,9.20
2007.10.25 10:58:34.430,1.03435,1.03465,0.50,9.20
2007.10.25 10:58:34.738,1.03435,1.03465,0.50,6.80
2007.10.25 10:58:35.047,1.03435,1.03465,0.50,4.00
2007.10.25 10:58:35.354,1.03435,1.03465,0.50,4.00
2007.10.25 10:58:35.661,1.03435,1.03465,0.50,4.00
2007.10.25 10:58:35.824,1.03435,1.03465,0.50,4.00
2007.10.25 10:58:35.985,1.03435,1.03465,0.50,4.00
2007.10.25 10:58:36.148,1.03435,1.03465,0.50,4.00
2007.10.25 10:58:36.312,1.03435,1.03465,0.50,4.00
2007.10.25 10:58:36.476,1.03435,1.03465,0.50,4.00
2007.10.25 10:58:36.639,1.03435,1.03465,0.50,4.00
2007.10.25 10:58:36.901,1.03435,1.03465,0.50,4.00
2007.10.25 10:58:37.164,1.03435,1.03465,0.50,4.00
2007.10.25 10:58:37.427,1.03435,1.03465,0.50,4.00
2007.10.25 10:58:37.690,1.03435,1.03465,0.50,4.00
2007.10.25 10:58:37.848,1.03435,1.03465,0.50,4.00
2007.10.25 10:58:38.006,1.03435,1.03465,0.50,4.00
2007.10.25 10:58:38.163,1.03435,1.03465,0.50,4.00
2007.10.25 10:58:38.321,1.03435,1.03465,0.50,4.00
2007.10.25 10:58:38.478,1.03435,1.03465,0.50,4.00
2007.10.25 10:58:38.636,1.03435,1.03465,0.50,4.00
2007.10.25 10:58:38.794,1.03435,1.03465,0.50,4.00
2007.10.25 10:58:39.055,1.03435,1.03465,0.50,4.00
2007.10.25 10:58:39.317,1.03435,1.03465,0.50,4.00
2007.10.25 10:58:39.580,1.03435,1.03465,0.50,4.00
2007.10.25 10:58:39.842,1.03435,1.03465,0.50,4.00
2007.10.25 10:58:40.140,1.03435,1.03465,0.50,4.00
2007.10.25 10:58:40.437,1.03435,1.03465,0.50,4.00
2007.10.25 10:58:40.735,1.03435,1.03465,0.50,4.00
2007.10.25 10:58:41.034,1.03435,1.03465,0.50,4.00
2007.10.25 10:58:41.210,1.03435,1.03465,0.50,4.00
2007.10.25 10:58:41.388,1.03435,1.03465,0.50,4.00
2007.10.25 10:58:41.566,1.03435,1.03465,0.50,4.00
2007.10.25 10:58:41.743,1.03435,1.03465,0.50,4.00
2007.10.25 10:58:41.921,1.03435,1.03465,0.50,4.00
2007.10.25 10:58:42.134,1.03435,1.03465,0.50,4.00
2007.10.25 10:58:42.346,1.03435,1.03465,0.50,4.00
2007.10.25 10:58:42.558,1.03435,1.03465,0.50,4.00
2007.10.25 10:58:42.771,1.03435,1.03465,0.50,4.00
2007.10.25 10:58:42.984,1.03435,1.03465,0.50,4.00
2007.10.25 10:58:43.181,1.03435,1.03465,0.50,4.00
2007.10.25 10:58:43.379,1.03435,1.03465,0.50,4.00
2007.10.25 10:58:43.577,1.03435,1.03465,0.50,4.00
2007.10.25 10:58:43.776,1.03435,1.03465,0.50,4.00
2007.10.25 10:58:43.976,1.03435,1.03465,0.50,4.00
2007.10.25 10:58:44.308,1.03435,1.03465,0.50,4.00
2007.10.25 10:58:44.641,1.03435,1.03465,0.50,4.00
2007.10.25 10:58:44.974,1.03435,1.03465,0.50,4.00
2007.10.25 10:58:45.112,1.03435,1.03465,0.50,4.00
2007.10.25 10:58:45.249,1.03435,1.03465,0.50,4.00
2007.10.25 10:58:45.387,1.03435,1.03465,0.50,4.00
2007.10.25 10:58:45.524,1.03435,1.03465,0.50,4.00
2007.10.25 10:58:45.662,1.03435,1.03465,0.50,4.00
2007.10.25 10:58:45.800,1.03435,1.03465,0.50,4.00
2007.10.25 10:58:45.938,1.03435,1.03465,0.50,4.00
2007.10.25 10:58:46.206,1.03435,1.03465,0.50,4.00
2007.10.25 10:58:46.473,1.03435,1.03465,0.50,4.00
2007.10.25 10:58:46.741,1.03435,1.03465,0.50,4.00
2007.10.25 10:58:47.008,1.03435,1.03465,0.50,4.00
2007.10.25 10:58:47.167,1.03435,1.03465,0.50,4.00
2007.10.25 10:58:47.325,1.03435,1.03465,0.50,4.00
2007.10.25 10:58:47.482,1.03435,1.03465,0.50,4.00
2007.10.25 10:58:47.640,1.03435,1.03465,0.50,4.00
2007.10.25 10:58:47.798,1.03435,1.03465,0.50,4.00
2007.10.25 10:58:47.955,1.03435,1.03465,0.50,4.00
2007.10.25 10:58:48.113,1.03435,1.03465,0.50,4.00
2007.10.25 10:58:48.391,1.03435,1.0346,0.50,2.40
2007.10.25 10:58:48.669,1.03435,1.0346,0.50,2.40
2007.10.25 10:58:48.946,1.03435,1.0346,0.50,2.40
2007.10.25 10:58:49.224,1.03435,1.0346,0.50,2.40
2007.10.25 10:58:49.542,1.03435,1.0346,0.50,2.40
2007.10.25 10:58:49.860,1.03435,1.0346,0.50,2.40
2007.10.25 10:58:50.177,1.03435,1.0346,0.50,2.40
2007.10.25 10:58:50.299,1.03435,1.0346,0.50,2.40
2007.10.25 10:58:50.422,1.03435,1.0346,0.50,2.40
2007.10.25 10:58:50.544,1.03435,1.0346,0.50,2.40
2007.10.25 10:58:50.667,1.03435,1.0346,0.50,2.40
2007.10.25 10:58:50.790,1.03435,1.0346,0.50,2.40
2007.10.25 10:58:50.913,1.03435,1.0346,0.50,2.40
2007.10.25 10:58:51.036,1.03435,1.03455,0.50,4.00
2007.10.25 10:58:51.159,1.03435,1.03455,0.50,4.00
2007.10.25 10:58:51.282,1.03435,1.03455,0.50,4.00
2007.10.25 10:58:51.615,1.03425,1.0345,0.50,2.40
2007.10.25 10:58:51.948,1.03425,1.0345,0.50,2.40
2007.10.25 10:58:52.311,1.03425,1.0345,0.50,2.40
2007.10.25 10:58:52.523,1.03425,1.0345,0.50,2.40
2007.10.25 10:58:52.735,1.03425,1.0345,0.50,2.40
2007.10.25 10:58:52.947,1.03425,1.0345,0.50,2.40
2007.10.25 10:58:53.160,1.03425,1.0345,0.50,2.40
2007.10.25 10:58:53.373,1.03425,1.0345,0.50,2.40
2007.10.25 10:58:53.631,1.03425,1.0345,0.50,5.20
2007.10.25 10:58:53.888,1.03425,1.0345,0.50,5.20
2007.10.25 10:58:54.146,1.03425,1.0345,0.50,2.40
2007.10.25 10:58:54.311,1.03425,1.0345,0.50,2.40
2007.10.25 10:58:54.404,1.0342,1.0345,1.00,2.40
2007.10.25 10:58:54.737,1.0342,1.0345,1.00,2.40
2007.10.25 10:58:55.070,1.03425,1.0345,0.50,2.40
2007.10.25 10:58:55.402,1.03425,1.0345,0.50,2.40
2007.10.25 10:58:55.625,1.03425,1.0345,0.50,2.40
2007.10.25 10:58:55.848,1.03425,1.0345,0.50,2.40
2007.10.25 10:58:56.071,1.03425,1.0345,0.50,2.40
2007.10.25 10:58:56.294,1.03425,1.0345,0.50,2.40
2007.10.25 10:58:56.587,1.03425,1.0345,0.50,2.40
2007.10.25 10:58:56.880,1.03425,1.0345,0.50,2.40
2007.10.25 10:58:57.172,1.03425,1.0345,0.50,2.40
2007.10.25 10:58:57.466,1.03425,1.0345,0.50,2.40
2007.10.25 10:58:57.693,1.03425,1.0345,0.50,2.40
2007.10.25 10:58:57.923,1.03425,1.0345,0.50,2.40
2007.10.25 10:58:58.151,1.03425,1.0345,0.50,2.40
2007.10.25 10:58:58.452,1.03425,1.0345,0.50,2.40
2007.10.25 10:58:58.697,1.03425,1.0345,0.50,2.40
2007.10.25 10:58:58.940,1.03425,1.0345,0.50,2.40
2007.10.25 10:58:59.183,1.03425,1.0345,0.50,2.40
2007.10.25 10:58:59.426,1.0343,1.0346,0.50,2.40
2007.10.25 10:58:59.759,1.0343,1.0346,1.10,2.40
2007.10.25 10:59:00.091,1.0343,1.0346,1.10,2.40
2007.10.25 10:59:00.425,1.0343,1.0346,1.10,2.40
2007.10.25 10:59:00.597,1.0343,1.0346,1.10,2.40
2007.10.25 10:59:00.770,1.0343,1.0346,1.10,2.40
2007.10.25 10:59:00.942,1.0343,1.0346,1.10,2.40
2007.10.25 10:59:01.114,1.0343,1.0346,1.10,2.40
2007.10.25 10:59:01.286,1.0343,1.0346,1.10,2.40
2007.10.25 10:59:01.458,1.0343,1.0346,1.10,2.40
2007.10.25 10:59:01.700,1.0343,1.0346,1.10,2.40
2007.10.25 10:59:01.943,1.0343,1.0346,1.10,2.40
2007.10.25 10:59:02.185,1.0343,1.0346,1.10,2.40
2007.10.25 10:59:02.428,1.0343,1.0346,1.10,2.40
2007.10.25 10:59:02.671,1.0343,1.0346,1.10,2.40
2007.10.25 10:59:02.878,1.0343,1.0346,1.10,2.40
2007.10.25 10:59:03.085,1.0343,1.0346,1.10,2.40
2007.10.25 10:59:03.293,1.0343,1.0346,1.10,2.40
2007.10.25 10:59:03.501,1.0343,1.0346,1.10,2.40
2007.10.25 10:59:03.684,1.0343,1.0346,1.10,2.40
2007.10.25 10:59:03.868,1.0343,1.0346,1.10,2.40
2007.10.25 10:59:04.050,1.0343,1.0346,1.10,2.40
2007.10.25 10:59:04.233,1.0343,1.0346,1.10,2.40
2007.10.25 10:59:04.416,1.0343,1.0346,1.10,2.40
2007.10.25 10:59:04.598,1.0343,1.0346,1.10,2.40
2007.10.25 10:59:04.930,1.0343,1.0346,1.10,2.40
2007.10.25 10:59:05.262,1.0343,1.0346,1.10,2.40
2007.10.25 10:59:05.594,1.0343,1.0346,1.10,2.40
2007.10.25 10:59:05.927,1.0343,1.0346,1.10,2.40
2007.10.25 10:59:06.104,1.0343,1.0346,1.10,2.40
2007.10.25 10:59:06.282,1.0344,1.03465,0.50,6.80
2007.10.25 10:59:06.461,1.0344,1.0347,0.50,2.80
2007.10.25 10:59:06.638,1.0344,1.0347,1.10,2.80
2007.10.25 10:59:06.971,1.0344,1.0347,1.10,2.80
2007.10.25 10:59:07.303,1.0344,1.0347,1.10,2.80
2007.10.25 10:59:07.636,1.0344,1.0347,1.10,2.80
2007.10.25 10:59:07.970,1.0344,1.03465,1.10,4.00
2007.10.25 10:59:08.187,1.0344,1.03465,1.10,4.00
2007.10.25 10:59:08.405,1.0344,1.03465,1.10,4.00
2007.10.25 10:59:08.623,1.0344,1.03465,1.10,4.00
2007.10.25 10:59:08.841,1.0344,1.03465,1.10,4.00
2007.10.25 10:59:09.143,1.0344,1.03465,1.10,4.00
2007.10.25 10:59:09.446,1.0344,1.03465,1.10,4.00
2007.10.25 10:59:09.748,1.0344,1.03465,1.10,4.00
2007.10.25 10:59:10.081,1.0344,1.03465,1.10,4.00
2007.10.25 10:59:10.414,1.0344,1.03465,1.10,4.00
2007.10.25 10:59:10.746,1.0344,1.03465,1.10,4.00
2007.10.25 10:59:10.899,1.0344,1.03465,1.10,4.00
2007.10.25 10:59:11.051,1.0344,1.03465,1.10,4.00
2007.10.25 10:59:11.203,1.0344,1.03465,1.10,4.00
2007.10.25 10:59:11.356,1.0344,1.03465,1.10,4.00
2007.10.25 10:59:11.508,1.0344,1.03465,1.10,4.00
2007.10.25 10:59:11.660,1.0344,1.03465,1.10,4.00
2007.10.25 10:59:11.813,1.0344,1.03465,1.10,4.00
2007.10.25 10:59:12.145,1.0344,1.03465,1.10,4.00
2007.10.25 10:59:12.478,1.0344,1.03465,1.10,4.00
2007.10.25 10:59:12.811,1.0344,1.03465,1.10,4.00
2007.10.25 10:59:12.969,1.0344,1.03465,1.10,4.00
2007.10.25 10:59:13.127,1.0344,1.03465,1.10,4.00
2007.10.25 10:59:13.284,1.0344,1.03465,1.10,4.00
2007.10.25 10:59:13.442,1.0344,1.03465,1.10,4.00
2007.10.25 10:59:13.600,1.0344,1.03465,1.10,4.00
2007.10.25 10:59:13.758,1.0344,1.03465,1.10,4.00
2007.10.25 10:59:13.916,1.0344,1.03465,1.10,4.00
2007.10.25 10:59:14.214,1.0344,1.03465,1.10,4.00
2007.10.25 10:59:14.512,1.0344,1.03465,1.10,4.00
2007.10.25 10:59:14.810,1.0344,1.03465,1.10,4.00
2007.10.25 10:59:15.113,1.0344,1.03465,1.10,4.00
2007.10.25 10:59:15.416,1.0344,1.03465,1.10,4.00
2007.10.25 10:59:15.720,1.0344,1.0346,1.10,2.40
2007.10.25 10:59:16.022,1.0344,1.0346,1.10,2.40
2007.10.25 10:59:16.219,1.0344,1.0346,1.10,2.40
2007.10.25 10:59:16.416,1.0344,1.0346,1.10,2.40
2007.10.25 10:59:16.613,1.0344,1.0346,1.10,2.40
2007.10.25 10:59:16.863,1.0344,1.0346,1.10,2.40
2007.10.25 10:59:17.066,1.0344,1.0346,1.10,2.40
2007.10.25 10:59:17.269,1.0344,1.0346,1.10,2.40
2007.10.25 10:59:17.473,1.0344,1.0346,1.10,2.40
2007.10.25 10:59:17.673,1.0344,1.0346,1.10,2.40
2007.10.25 10:59:17.876,1.0344,1.0346,1.10,2.40
2007.10.25 10:59:18.145,1.0344,1.0346,1.10,2.40
2007.10.25 10:59:18.413,1.0344,1.0346,1.10,2.40
2007.10.25 10:59:18.681,1.0344,1.0346,1.10,2.40
2007.10.25 10:59:18.949,1.0344,1.0346,1.10,2.40
2007.10.25 10:59:19.280,1.0344,1.0346,1.10,2.40
2007.10.25 10:59:19.613,1.0344,1.0346,1.10,2.40
2007.10.25 10:59:19.946,1.0344,1.0346,1.10,2.40
2007.10.25 10:59:20.124,1.0344,1.0346,1.10,2.40
2007.10.25 10:59:20.302,1.0344,1.0346,1.10,2.40
2007.10.25 10:59:20.480,1.0344,1.0346,0.50,2.40
2007.10.25 10:59:20.656,1.0344,1.0346,0.50,2.40
2007.10.25 10:59:20.834,1.03435,1.0346,0.30,2.40
2007.10.25 10:59:21.012,1.03435,1.0346,0.30,2.40
2007.10.25 10:59:21.319,1.03435,1.0346,0.30,2.40
2007.10.25 10:59:21.627,1.03435,1.0346,0.30,2.40
2007.10.25 10:59:21.935,1.03435,1.03465,0.30,4.00
2007.10.25 10:59:22.242,1.03435,1.03465,0.30,4.00
2007.10.25 10:59:22.450,1.03435,1.03465,0.30,6.80
2007.10.25 10:59:22.658,1.03435,1.03465,0.30,6.80
2007.10.25 10:59:22.865,1.03435,1.03465,0.30,6.80
2007.10.25 10:59:23.073,1.03435,1.03465,0.30,6.80
2007.10.25 10:59:23.280,1.03435,1.03465,0.30,6.80
2007.10.25 10:59:23.488,1.03435,1.03465,0.30,6.80
2007.10.25 10:59:23.695,1.03435,1.03465,0.30,6.80
2007.10.25 10:59:23.903,1.03435,1.03465,0.30,6.80
2007.10.25 10:59:24.110,1.03435,1.03465,0.30,6.80
2007.10.25 10:59:24.318,1.03435,1.03465,0.30,6.80
2007.10.25 10:59:24.651,1.03435,1.03465,0.30,6.80
2007.10.25 10:59:24.984,1.03435,1.03465,0.30,6.80
2007.10.25 10:59:25.315,1.03435,1.03465,0.30,6.80
2007.10.25 10:59:25.473,1.03435,1.03465,0.30,6.80
2007.10.25 10:59:25.631,1.03435,1.03465,0.30,6.80
2007.10.25 10:59:25.789,1.03435,1.03465,0.30,6.80
2007.10.25 10:59:25.947,1.03435,1.03465,0.30,6.80
2007.10.25 10:59:26.105,1.03435,1.03465,0.30,6.80
2007.10.25 10:59:26.262,1.03435,1.03465,0.30,6.80
2007.10.25 10:59:26.519,1.03435,1.03465,0.30,6.80
2007.10.25 10:59:26.776,1.03435,1.03465,0.30,6.80
2007.10.25 10:59:27.034,1.0344,1.03465,2.40,6.80
2007.10.25 10:59:27.292,1.0344,1.03465,2.40,4.00
2007.10.25 10:59:27.545,1.0344,1.03465,2.40,4.00
2007.10.25 10:59:27.798,1.0344,1.03465,2.40,4.00
2007.10.25 10:59:28.051,1.0344,1.03465,2.40,4.00
2007.10.25 10:59:28.304,1.0344,1.03465,2.40,4.00
2007.10.25 10:59:28.546,1.0344,1.03465,2.40,4.00
2007.10.25 10:59:28.789,1.0344,1.03465,2.40,4.00
2007.10.25 10:59:29.133,1.0344,1.03465,2.40,4.00
2007.10.25 10:59:29.376,1.0344,1.0347,2.40,2.80
2007.10.25 10:59:29.709,1.0344,1.03475,2.40,6.80
2007.10.25 10:59:30.041,1.0344,1.03475,2.40,6.80
2007.10.25 10:59:30.374,1.03445,1.03475,0.30,4.00
2007.10.25 10:59:30.597,1.03445,1.03475,0.30,4.00
2007.10.25 10:59:30.820,1.03445,1.03475,0.30,4.00
2007.10.25 10:59:31.043,1.03445,1.03475,0.30,4.00
2007.10.25 10:59:31.266,1.03445,1.03475,0.30,4.00
2007.10.25 10:59:31.488,1.03445,1.03475,0.30,4.00
2007.10.25 10:59:31.511,1.0344,1.03475,2.90,4.00
2007.10.25 10:59:31.776,1.0344,1.03475,2.90,4.00
2007.10.25 10:59:32.064,1.03445,1.03475,0.30,4.00
2007.10.25 10:59:32.352,1.03445,1.03475,0.30,4.00
2007.10.25 10:59:32.555,1.03445,1.03475,0.30,4.00
2007.10.25 10:59:32.758,1.0344,1.03475,2.90,4.00
2007.10.25 10:59:32.961,1.03445,1.03475,0.30,4.00
2007.10.25 10:59:33.164,1.03445,1.03475,0.30,4.00
2007.10.25 10:59:33.367,1.0345,1.03475,1.60,4.00
2007.10.25 10:59:33.570,1.0345,1.03485,2.90,8.00
2007.10.25 10:59:33.836,1.03455,1.03485,0.30,4.80
2007.10.25 10:59:34.101,1.0345,1.03485,0.60,12.80
2007.10.25 10:59:34.364,1.03455,1.03485,0.30,15.60
2007.10.25 10:59:34.627,1.03455,1.03485,0.30,15.60
2007.10.25 10:59:34.961,1.03455,1.03485,0.30,14.80
2007.10.25 10:59:35.293,1.03455,1.03485,0.30,4.00
2007.10.25 10:59:35.626,1.03455,1.03485,0.30,4.00
2007.10.25 10:59:35.818,1.03455,1.03485,0.30,4.00
2007.10.25 10:59:36.011,1.03455,1.03485,0.30,4.00
2007.10.25 10:59:36.204,1.03455,1.03485,0.30,4.00
2007.10.25 10:59:36.397,1.0345,1.03485,2.90,4.00
2007.10.25 10:59:36.590,1.0345,1.03485,2.90,4.00
2007.10.25 10:59:36.838,1.0345,1.03485,2.90,4.00
2007.10.25 10:59:37.086,1.03455,1.03485,0.30,4.00
2007.10.25 10:59:37.333,1.0345,1.03485,2.90,4.00
2007.10.25 10:59:37.581,1.0345,1.03485,2.90,4.00
2007.10.25 10:59:37.774,1.0345,1.03485,2.90,4.00
2007.10.25 10:59:37.966,1.03455,1.03485,0.30,4.00
2007.10.25 10:59:38.159,1.0345,1.03485,2.90,4.00
2007.10.25 10:59:38.352,1.0345,1.03485,2.90,4.00
2007.10.25 10:59:38.544,1.03455,1.03485,0.30,4.00
2007.10.25 10:59:38.737,1.03455,1.03485,0.30,4.00
2007.10.25 10:59:39.035,1.0345,1.03485,2.90,4.00
2007.10.25 10:59:39.333,1.03455,1.03485,0.30,4.00
2007.10.25 10:59:39.631,1.0345,1.03485,2.90,4.00
2007.10.25 10:59:39.912,1.03455,1.03485,0.30,4.00
2007.10.25 10:59:40.195,1.0345,1.03485,2.90,4.00
2007.10.25 10:59:40.477,1.0345,1.03485,2.90,4.00
2007.10.25 10:59:40.760,1.0345,1.03485,2.90,4.00
2007.10.25 10:59:40.918,1.03455,1.03485,0.30,12.00
2007.10.25 10:59:41.075,1.0345,1.03485,2.90,12.00
2007.10.25 10:59:41.233,1.03455,1.03485,0.30,12.00
2007.10.25 10:59:41.410,1.03455,1.03485,0.30,12.00
2007.10.25 10:59:41.567,1.03455,1.03485,0.30,12.00
2007.10.25 10:59:41.726,1.0345,1.03485,2.90,12.00
2007.10.25 10:59:42.015,1.0345,1.03485,2.90,12.00
2007.10.25 10:59:42.303,1.0345,1.03485,2.90,12.00
2007.10.25 10:59:42.590,1.0345,1.03485,2.90,12.00
2007.10.25 10:59:42.878,1.03455,1.03485,0.30,12.00
2007.10.25 10:59:43.081,1.0345,1.03485,2.90,12.00
2007.10.25 10:59:43.284,1.03455,1.03485,0.30,12.00
2007.10.25 10:59:43.487,1.0345,1.03485,2.90,12.00
2007.10.25 10:59:43.690,1.0345,1.03485,2.90,12.00
2007.10.25 10:59:43.893,1.0345,1.03485,2.90,12.00
2007.10.25 10:59:44.126,1.0345,1.03485,2.90,12.00
2007.10.25 10:59:44.359,1.03455,1.03485,0.30,12.00
2007.10.25 10:59:44.591,1.0345,1.03485,2.90,12.00
2007.10.25 10:59:44.824,1.0345,1.03485,2.90,12.00
2007.10.25 10:59:45.057,1.03455,1.03485,0.30,12.00
2007.10.25 10:59:45.390,1.0345,1.03485,2.90,12.00
2007.10.25 10:59:45.722,1.0345,1.03485,2.90,12.00
2007.10.25 10:59:46.055,1.03455,1.03485,0.30,12.00
2007.10.25 10:59:46.187,1.0345,1.03485,2.90,12.00
2007.10.25 10:59:46.320,1.0345,1.03485,2.90,12.00
2007.10.25 10:59:46.453,1.0345,1.03485,2.90,12.00
2007.10.25 10:59:46.587,1.0345,1.03485,3.50,12.00
2007.10.25 10:59:46.719,1.03455,1.03485,0.30,12.00
2007.10.25 10:59:46.853,1.03445,1.03485,17.60,12.00
2007.10.25 10:59:46.986,1.03445,1.03485,17.60,12.00
2007.10.25 10:59:47.318,1.03445,1.03485,17.60,12.00
2007.10.25 10:59:47.651,1.0345,1.03485,0.90,12.00
2007.10.25 10:59:47.984,1.03445,1.03485,17.60,12.00
2007.10.25 10:59:48.181,1.0345,1.03485,1.30,12.00
2007.10.25 10:59:48.380,1.0345,1.03485,1.10,12.00
2007.10.25 10:59:48.578,1.0345,1.03485,2.40,12.00
2007.10.25 10:59:48.776,1.03445,1.03485,17.60,12.00
2007.10.25 10:59:48.973,1.03445,1.03485,17.60,12.00
2007.10.25 10:59:49.306,1.03445,1.03485,17.60,12.00
2007.10.25 10:59:49.550,1.03445,1.0349,21.60,21.30
2007.10.25 10:59:49.638,1.0345,1.03485,0.90,0.60
2007.10.25 10:59:49.972,1.0345,1.03485,0.60,0.70
2007.10.25 10:59:50.130,1.03445,1.0349,17.60,21.30
2007.10.25 10:59:50.288,1.0345,1.03485,0.50,0.50
2007.10.25 10:59:50.445,1.03445,1.0349,17.60,21.30
2007.10.25 10:59:50.603,1.03445,1.0349,17.60,21.30
2007.10.25 10:59:50.761,1.0345,1.03485,0.60,0.50
2007.10.25 10:59:50.919,1.0345,1.03485,0.90,0.50
2007.10.25 10:59:51.076,1.03445,1.0349,17.60,21.30
2007.10.25 10:59:51.409,1.0345,1.03485,0.60,0.90
2007.10.25 10:59:51.741,1.0345,1.03485,0.60,0.90
2007.10.25 10:59:52.073,1.03445,1.0349,17.60,21.30
2007.10.25 10:59:52.405,1.0345,1.03485,0.70,0.60
2007.10.25 10:59:52.544,1.0345,1.03485,0.70,0.90
2007.10.25 10:59:52.681,1.03445,1.0349,17.60,21.30
2007.10.25 10:59:52.819,1.03445,1.0349,17.60,21.30
2007.10.25 10:59:52.956,1.03445,1.0349,17.60,21.30
2007.10.25 10:59:53.094,1.03445,1.0349,17.60,21.30
2007.10.25 10:59:53.417,1.0345,1.03485,0.70,0.50
2007.10.25 10:59:53.740,1.0345,1.03485,0.80,0.60
2007.10.25 10:59:54.063,1.03445,1.0349,12.80,21.20
2007.10.25 10:59:54.385,1.0345,1.03485,0.50,0.90
2007.10.25 10:59:54.678,1.0345,1.03485,0.50,0.90
2007.10.25 10:59:54.971,1.03445,1.0349,12.80,21.20
2007.10.25 10:59:55.264,1.0345,1.03485,0.80,0.60
2007.10.25 10:59:55.441,1.03445,1.0349,12.80,21.20
2007.10.25 10:59:55.619,1.0345,1.03485,0.80,0.50
2007.10.25 10:59:55.796,1.0345,1.03485,0.90,0.90
2007.10.25 10:59:55.974,1.03445,1.0349,12.80,21.20
2007.10.25 10:59:56.152,1.03445,1.0349,12.80,21.20
2007.10.25 10:59:56.329,1.03445,1.0349,12.80,21.20
2007.10.25 10:59:56.606,1.0345,1.03485,0.70,0.60
2007.10.25 10:59:56.883,1.0345,1.03485,0.70,0.90
2007.10.25 10:59:57.161,1.03445,1.0349,12.80,21.20
2007.10.25 10:59:57.439,1.0345,1.03485,0.60,0.70
2007.10.25 10:59:57.666,1.03445,1.0349,12.80,21.20
2007.10.25 10:59:57.894,1.03445,1.0349,12.80,21.20
2007.10.25 10:59:58.122,1.0345,1.03485,0.70,0.90
2007.10.25 10:59:58.349,1.03445,1.0349,12.80,21.20
2007.10.25 10:59:58.567,1.03445,1.0349,12.80,21.20
2007.10.25 10:59:58.784,1.03445,1.0349,12.80,21.20
2007.10.25 10:59:59.002,1.03445,1.0349,12.80,21.20
2007.10.25 10:59:59.220,1.03445,1.0349,12.80,21.20
2007.10.25 10:59:59.437,1.03445,1.0349,12.80,21.20
2007.10.25 10:59:59.816,1.03445,1.0349,12.80,21.20
