2010.01.08 06:00:00.097,0.8518,0.852,2.40,4.00
2010.01.08 06:00:00.437,0.8517,0.852,5.60,6.40
2010.01.08 06:00:00.727,0.85175,0.852,1.00,2.40
2010.01.08 06:00:00.897,0.8518,0.852,1.00,2.40
2010.01.08 06:00:01.577,0.85195,0.85215,2.40,8.00
2010.01.08 06:00:01.916,0.8519,0.8521,6.40,1.00
2010.01.08 06:00:02.266,0.85185,0.852,8.00,2.40
2010.01.08 06:00:02.616,0.85175,0.852,10.20,2.40
2010.01.08 06:00:02.966,0.85175,0.852,5.60,2.40
2010.01.08 06:00:03.536,0.85175,0.852,4.00,2.40
2010.01.08 06:00:03.886,0.85175,0.85195,1.60,2.40
2010.01.08 06:00:04.226,0.85175,0.85195,1.60,4.00
2010.01.08 06:00:04.586,0.85175,0.85205,1.60,8.00
2010.01.08 06:00:04.976,0.85175,0.852,1.60,8.00
2010.01.08 06:00:05.316,0.85175,0.85205,1.60,4.00
2010.01.08 06:00:06.195,0.8518,0.85205,2.40,4.00
2010.01.08 06:00:06.415,0.8518,0.8521,2.40,12.80
2010.01.08 06:00:06.705,0.8518,0.852,2.40,1.00
2010.01.08 06:00:06.996,0.85175,0.85195,1.60,4.00
2010.01.08 06:00:08.135,0.85175,0.85195,1.60,2.40
2010.01.08 06:00:08.365,0.85175,0.852,1.60,8.80
2010.01.08 06:00:08.605,0.85175,0.852,1.60,4.00
2010.01.08 06:00:08.955,0.85175,0.85205,1.60,6.40
2010.01.08 06:00:09.304,0.85175,0.8521,12.00,12.00
2010.01.08 06:00:09.644,0.85175,0.8521,12.00,11.20
2010.01.08 06:00:12.234,0.85185,0.8521,2.40,2.40
2010.01.08 06:00:12.574,0.85185,0.8521,5.60,2.40
2010.01.08 06:00:12.923,0.85185,0.8521,13.60,2.40
2010.01.08 06:00:13.703,0.8519,0.85215,2.80,2.40
2010.01.08 06:00:14.053,0.85195,0.85215,2.40,1.60
2010.01.08 06:00:14.403,0.85195,0.85215,3.20,1.60
2010.01.08 06:00:14.753,0.852,0.85215,5.60,2.40
2010.01.08 06:00:15.043,0.85195,0.85215,8.00,2.40
2010.01.08 06:00:15.673,0.85205,0.8523,2.40,6.40
2010.01.08 06:00:15.963,0.85205,0.8523,2.40,2.40
2010.01.08 06:00:16.253,0.85205,0.8523,2.40,3.20
2010.01.08 06:00:16.593,0.852,0.8522,2.40,2.40
2010.01.08 06:00:16.882,0.85205,0.85235,6.40,1.00
2010.01.08 06:00:17.233,0.85205,0.85235,7.20,1.00
2010.01.08 06:00:17.624,0.85205,0.8523,6.40,1.00
2010.01.08 06:00:17.974,0.85215,0.85235,2.40,1.00
2010.01.08 06:00:18.143,0.85215,0.8524,2.40,8.00
2010.01.08 06:00:18.362,0.85215,0.85235,6.40,1.00
2010.01.08 06:00:18.773,0.85215,0.8524,2.40,8.00
2010.01.08 06:00:19.012,0.8522,0.8524,2.40,8.00
2010.01.08 06:00:19.367,0.8522,0.8524,2.40,4.00
2010.01.08 06:00:19.712,0.85215,0.85245,8.00,1.00
2010.01.08 06:00:20.042,0.85215,0.85245,4.00,1.00
2010.01.08 06:00:20.282,0.8522,0.85245,1.00,1.00
2010.01.08 06:00:20.502,0.85225,0.8525,1.00,8.80
2010.01.08 06:00:20.732,0.85225,0.8525,3.20,8.00
2010.01.08 06:00:21.012,0.85225,0.8525,7.20,4.00
2010.01.08 06:00:21.282,0.8522,0.8525,10.40,4.00
2010.01.08 06:00:21.572,0.8522,0.8524,6.40,4.00
2010.01.08 06:00:21.802,0.8522,0.8524,2.40,8.80
2010.01.08 06:00:22.442,0.8522,0.8524,2.40,1.00
2010.01.08 06:00:22.791,0.85215,0.8524,2.40,3.20
2010.01.08 06:00:23.521,0.8521,0.8524,6.40,3.20
2010.01.08 06:00:23.861,0.8521,0.85235,2.40,2.40
2010.01.08 06:00:24.541,0.8521,0.85225,2.40,1.00
2010.01.08 06:00:24.881,0.8521,0.85215,2.40,1.00
2010.01.08 06:00:25.401,0.8519,0.8521,2.10,2.40
2010.01.08 06:00:25.691,0.852,0.85225,8.50,4.00
2010.01.08 06:00:25.981,0.852,0.8523,12.50,2.40
2010.01.08 06:00:27.570,0.852,0.8523,13.40,2.40
2010.01.08 06:00:27.830,0.85205,0.8524,8.00,10.40
2010.01.08 06:00:28.070,0.8521,0.85235,6.40,1.00
2010.01.08 06:00:28.300,0.8521,0.8522,4.00,2.40
2010.01.08 06:00:28.580,0.85195,0.8523,15.70,10.40
2010.01.08 06:00:28.820,0.852,0.8523,2.40,10.40
2010.01.08 06:00:29.170,0.852,0.8523,13.60,2.40
2010.01.08 06:00:29.520,0.85205,0.8523,8.80,2.40
2010.01.08 06:00:30.030,0.8521,0.85235,6.40,2.40
2010.01.08 06:00:30.320,0.85215,0.85235,4.80,2.40
2010.01.08 06:00:30.540,0.8522,0.85245,2.40,1.00
2010.01.08 06:00:30.821,0.85215,0.85245,7.20,2.40
2010.01.08 06:00:31.061,0.85215,0.85245,11.20,2.40
2010.01.08 06:00:31.290,0.8522,0.85245,2.40,1.00
2010.01.08 06:00:31.519,0.8522,0.8525,2.40,8.00
2010.01.08 06:00:31.749,0.8522,0.8525,3.20,8.00
2010.01.08 06:00:31.979,0.85225,0.8525,1.00,4.00
2010.01.08 06:00:32.279,0.85225,0.8525,1.00,4.00
2010.01.08 06:00:33.029,0.8522,0.8524,1.00,4.00
2010.01.08 06:00:33.309,0.85215,0.85245,10.40,6.40
2010.01.08 06:00:33.639,0.8522,0.8525,7.20,4.80
2010.01.08 06:00:33.938,0.8522,0.85245,8.00,2.40
2010.01.08 06:00:34.229,0.8522,0.8525,2.40,12.80
2010.01.08 06:00:34.569,0.8522,0.85245,1.00,2.40
2010.01.08 06:00:34.918,0.8522,0.85245,1.00,3.20
2010.01.08 06:00:35.258,0.85215,0.8524,4.80,1.00
2010.01.08 06:00:35.428,0.8521,0.8524,9.60,2.40
2010.01.08 06:00:35.588,0.85215,0.85245,2.40,10.40
2010.01.08 06:00:35.708,0.85215,0.85245,6.40,2.40
2010.01.08 06:00:36.808,0.85215,0.85245,2.40,7.20
2010.01.08 06:00:37.098,0.8521,0.8524,11.20,2.40
2010.01.08 06:00:37.388,0.8521,0.8524,12.00,2.40
2010.01.08 06:00:37.687,0.8521,0.85245,12.00,8.00
2010.01.08 06:00:37.968,0.85205,0.8525,24.20,13.60
2010.01.08 06:00:38.257,0.8522,0.8525,4.00,4.80
2010.01.08 06:00:38.547,0.8522,0.8525,6.40,4.80
2010.01.08 06:00:38.897,0.8522,0.8525,10.40,4.80
2010.01.08 06:00:39.228,0.8522,0.8525,10.40,5.00
2010.01.08 06:00:39.578,0.85215,0.85245,8.80,1.00
2010.01.08 06:00:39.797,0.85225,0.8525,2.40,13.60
2010.01.08 06:00:40.017,0.8523,0.8525,2.40,4.80
2010.01.08 06:00:40.247,0.8523,0.85255,2.40,3.20
2010.01.08 06:00:40.477,0.8523,0.85255,2.40,2.40
2010.01.08 06:00:41.297,0.8523,0.85255,2.40,2.40
2010.01.08 06:00:41.826,0.8523,0.85255,2.40,2.40
2010.01.08 06:00:42.786,0.8523,0.85255,2.40,2.40
2010.01.08 06:00:43.066,0.85235,0.8526,2.40,4.00
2010.01.08 06:00:43.356,0.8523,0.8526,2.40,10.40
2010.01.08 06:00:43.626,0.8523,0.8526,3.20,11.20
2010.01.08 06:00:43.986,0.8523,0.85265,2.40,18.30
2010.01.08 06:00:44.336,0.8523,0.8526,2.40,11.20
2010.01.08 06:00:44.696,0.8523,0.85255,2.40,1.00
2010.01.08 06:00:44.936,0.85225,0.85255,6.40,3.20
2010.01.08 06:00:46.325,0.85225,0.85255,6.40,2.40
2010.01.08 06:00:47.155,0.85235,0.8526,2.40,4.80
2010.01.08 06:00:47.485,0.85235,0.8526,2.40,4.00
2010.01.08 06:00:47.835,0.85225,0.85255,6.40,3.20
2010.01.08 06:00:48.185,0.85225,0.8525,2.40,1.60
2010.01.08 06:00:48.365,0.85225,0.8525,2.40,1.00
2010.01.08 06:00:48.545,0.85225,0.8525,2.40,1.20
2010.01.08 06:00:48.655,0.8522,0.85245,4.00,1.00
2010.01.08 06:00:48.945,0.85215,0.85245,8.00,1.00
2010.01.08 06:00:49.308,0.8521,0.85245,11.20,11.20
2010.01.08 06:00:49.645,0.8521,0.85245,10.40,12.00
2010.01.08 06:00:49.995,0.8521,0.85245,10.40,14.40
2010.01.08 06:00:51.494,0.85215,0.8524,2.40,4.40
2010.01.08 06:00:52.414,0.85215,0.8524,2.40,4.00
2010.01.08 06:00:52.654,0.85215,0.8524,2.40,4.00
2010.01.08 06:00:55.953,0.85215,0.8524,2.40,5.20
2010.01.08 06:00:58.133,0.85225,0.8525,2.50,1.00
2010.01.08 06:00:58.352,0.85225,0.8525,2.40,1.00
2010.01.08 06:00:58.463,0.85225,0.8525,1.00,2.80
2010.01.08 06:00:58.692,0.8522,0.8525,2.40,2.80
2010.01.08 06:00:58.983,0.8522,0.8525,2.40,2.40
2010.01.08 06:01:00.442,0.8522,0.8525,2.40,2.80
2010.01.08 06:01:00.612,0.85225,0.8525,1.00,2.80
2010.01.08 06:01:01.012,0.8522,0.8525,2.40,2.80
2010.01.08 06:01:01.132,0.85225,0.8525,1.00,3.60
2010.01.08 06:01:01.532,0.85225,0.8525,1.00,2.80
2010.01.08 06:01:02.512,0.85225,0.8525,1.00,4.40
2010.01.08 06:01:02.852,0.8523,0.8525,2.40,1.60
2010.01.08 06:01:04.111,0.85225,0.8525,8.00,2.80
2010.01.08 06:01:04.451,0.85225,0.85255,10.40,6.00
2010.01.08 06:01:04.751,0.85225,0.8525,10.40,1.00
2010.01.08 06:01:05.041,0.85225,0.85245,8.00,1.00
2010.01.08 06:01:05.321,0.85215,0.85235,8.00,4.40
2010.01.08 06:01:05.671,0.852,0.8523,8.00,1.00
2010.01.08 06:01:05.891,0.8521,0.85235,6.40,4.00
2010.01.08 06:01:06.071,0.8521,0.85235,3.20,2.40
2010.01.08 06:01:06.301,0.8521,0.85245,10.40,12.00
2010.01.08 06:01:06.531,0.85215,0.85245,8.00,4.90
2010.01.08 06:01:06.861,0.85215,0.8524,10.40,4.40
2010.01.08 06:01:07.201,0.85215,0.85235,8.00,2.40
2010.01.08 06:01:07.601,0.8521,0.85235,6.40,2.40
2010.01.08 06:01:08.640,0.8521,0.85235,6.40,2.40
2010.01.08 06:01:10.120,0.8521,0.85235,6.40,2.40
2010.01.08 06:01:11.560,0.8521,0.8523,6.40,1.00
2010.01.08 06:01:11.790,0.8521,0.85235,2.40,2.00
2010.01.08 06:01:12.139,0.8521,0.85225,6.40,1.00
2010.01.08 06:01:12.489,0.85205,0.85225,2.40,1.00
2010.01.08 06:01:12.829,0.85205,0.8524,10.40,17.40
2010.01.08 06:01:13.069,0.8521,0.8524,8.00,6.00
2010.01.08 06:01:14.359,0.8521,0.85225,8.00,1.20
2010.01.08 06:01:14.659,0.8521,0.85225,8.00,1.00
2010.01.08 06:01:15.009,0.852,0.85225,4.00,2.80
2010.01.08 06:01:15.478,0.852,0.85225,6.40,1.00
2010.01.08 06:01:15.828,0.852,0.85225,2.40,1.00
2010.01.08 06:01:16.169,0.852,0.85225,6.40,1.20
2010.01.08 06:01:17.098,0.852,0.85215,2.40,1.00
2010.01.08 06:01:17.459,0.8519,0.8521,10.40,1.00
2010.01.08 06:01:17.808,0.85185,0.8521,8.00,4.40
2010.01.08 06:01:18.198,0.8518,0.85205,4.00,1.00
2010.01.08 06:01:18.548,0.85175,0.852,8.00,2.80
2010.01.08 06:01:18.898,0.85185,0.85205,2.40,1.00
2010.01.08 06:01:19.278,0.85185,0.8521,2.40,11.60
2010.01.08 06:01:19.618,0.85185,0.85205,2.40,1.60
2010.01.08 06:01:19.958,0.85185,0.8521,2.40,3.60
2010.01.08 06:01:20.297,0.85185,0.8521,6.40,3.60
2010.01.08 06:01:20.517,0.85185,0.8521,10.40,3.60
2010.01.08 06:01:21.417,0.8519,0.8521,1.00,3.60
2010.01.08 06:01:21.707,0.85185,0.85205,10.40,1.00
2010.01.08 06:01:22.047,0.8517,0.85195,1.00,4.00
2010.01.08 06:01:22.337,0.85165,0.85195,11.20,3.20
2010.01.08 06:01:22.627,0.8517,0.85195,1.00,3.20
2010.01.08 06:01:25.006,0.85165,0.85195,10.40,3.20
2010.01.08 06:01:25.416,0.85165,0.85195,2.40,7.20
2010.01.08 06:01:27.666,0.8516,0.8519,10.40,2.40
2010.01.08 06:01:28.015,0.8516,0.8519,2.40,2.40
2010.01.08 06:01:29.395,0.85165,0.85195,2.40,14.30
2010.01.08 06:01:29.795,0.85165,0.85195,2.40,11.90
2010.01.08 06:01:30.795,0.85165,0.85195,2.40,11.90
2010.01.08 06:01:31.525,0.85165,0.85195,2.40,11.90
2010.01.08 06:01:31.694,0.85165,0.8518,2.40,1.60
2010.01.08 06:01:31.815,0.85165,0.85185,2.40,1.00
2010.01.08 06:01:31.934,0.8516,0.85185,8.80,7.20
2010.01.08 06:01:32.054,0.85165,0.85195,2.40,11.60
2010.01.08 06:01:33.155,0.85165,0.85195,3.20,11.20
2010.01.08 06:01:33.454,0.85165,0.85195,3.20,15.20
2010.01.08 06:01:33.794,0.85165,0.85195,3.20,9.60
2010.01.08 06:01:34.074,0.85165,0.85195,3.20,8.80
2010.01.08 06:01:34.364,0.85165,0.85195,3.20,6.40
2010.01.08 06:01:35.304,0.85165,0.85195,3.20,8.00
2010.01.08 06:01:36.163,0.85165,0.85195,2.40,6.40
2010.01.08 06:01:37.104,0.85165,0.85195,2.40,6.80
2010.01.08 06:01:37.443,0.8517,0.85195,1.00,6.80
2010.01.08 06:01:37.723,0.85175,0.85195,2.40,2.00
2010.01.08 06:01:38.004,0.85165,0.8519,10.40,2.40
2010.01.08 06:01:38.283,0.85165,0.8519,2.40,7.20
2010.01.08 06:01:38.573,0.85165,0.8519,2.40,6.40
2010.01.08 06:01:39.223,0.85165,0.8519,2.40,7.20
2010.01.08 06:01:39.563,0.85155,0.85185,6.40,2.40
2010.01.08 06:01:40.143,0.85155,0.85185,6.40,3.20
2010.01.08 06:01:40.323,0.85155,0.85185,6.40,3.60
2010.01.08 06:01:40.502,0.85165,0.8519,2.40,8.00
2010.01.08 06:01:40.682,0.85165,0.85195,2.40,12.70
2010.01.08 06:01:42.532,0.85165,0.85195,2.40,12.70
2010.01.08 06:01:43.672,0.8517,0.85195,1.00,12.60
2010.01.08 06:01:44.352,0.85165,0.85195,2.40,12.70
2010.01.08 06:01:44.685,0.85165,0.85195,2.40,12.40
2010.01.08 06:01:45.591,0.85165,0.85195,2.40,10.00
2010.01.08 06:01:46.831,0.85165,0.85195,2.50,10.10
2010.01.08 06:01:47.181,0.85165,0.85195,2.40,10.00
2010.01.08 06:01:47.541,0.85165,0.85195,2.50,10.10
2010.01.08 06:01:47.881,0.85165,0.85195,2.40,10.00
2010.01.08 06:01:50.800,0.85165,0.8519,2.40,1.00
2010.01.08 06:01:58.788,0.8517,0.8519,1.00,1.00
2010.01.08 06:01:59.128,0.8517,0.85195,1.00,8.00
2010.01.08 06:01:59.478,0.8517,0.85195,1.00,6.40
2010.01.08 06:01:59.828,0.8517,0.85195,1.00,8.40
2010.01.08 06:02:00.168,0.8517,0.85195,1.00,6.40
2010.01.08 06:02:00.748,0.8517,0.85195,1.00,8.00
2010.01.08 06:02:01.597,0.8517,0.85195,1.00,10.00
2010.01.08 06:02:01.817,0.8517,0.85195,2.40,5.20
2010.01.08 06:02:02.087,0.85175,0.852,2.40,1.00
2010.01.08 06:02:02.307,0.85175,0.85205,2.40,11.60
2010.01.08 06:02:02.817,0.85175,0.85205,2.40,10.80
2010.01.08 06:02:03.058,0.85185,0.8521,2.40,9.20
2010.01.08 06:02:03.337,0.85185,0.8521,2.40,8.40
2010.01.08 06:02:03.677,0.85185,0.8521,2.40,8.00
2010.01.08 06:02:04.067,0.85185,0.8521,2.40,4.00
2010.01.08 06:02:04.697,0.85185,0.8522,10.40,9.20
2010.01.08 06:02:06.716,0.85185,0.8522,10.40,9.20
2010.01.08 06:02:07.006,0.85185,0.8522,11.20,8.40
2010.01.08 06:02:07.286,0.85195,0.8522,2.40,1.20
2010.01.08 06:02:07.636,0.8519,0.8522,4.00,1.20
2010.01.08 06:02:07.916,0.85185,0.8522,11.20,9.20
2010.01.08 06:02:09.716,0.85185,0.8522,11.20,9.20
2010.01.08 06:02:11.215,0.85185,0.8521,11.20,1.00
2010.01.08 06:02:11.495,0.8518,0.85205,3.20,3.20
2010.01.08 06:02:11.765,0.85175,0.85205,9.60,7.60
2010.01.08 06:02:11.995,0.85175,0.85205,4.80,11.60
2010.01.08 06:02:12.355,0.85175,0.85205,2.40,7.60
2010.01.08 06:02:12.705,0.8518,0.85205,2.40,2.80
2010.01.08 06:02:13.665,0.8518,0.85205,2.50,2.80
2010.01.08 06:02:13.825,0.85185,0.85205,2.40,1.00
2010.01.08 06:02:14.924,0.85185,0.8521,2.40,12.40
2010.01.08 06:02:15.284,0.85185,0.85205,2.40,2.80
2010.01.08 06:02:15.334,0.8518,0.85205,2.40,5.20
2010.01.08 06:02:15.454,0.8518,0.85205,2.40,5.20
2010.01.08 06:02:15.574,0.8518,0.85205,2.40,9.20
2010.01.08 06:02:15.734,0.8518,0.85205,2.40,5.20
2010.01.08 06:02:16.144,0.8518,0.85205,2.40,9.20
2010.01.08 06:02:17.694,0.8518,0.85205,2.40,9.20
2010.01.08 06:02:18.373,0.8518,0.852,2.40,1.00
2010.01.08 06:02:22.302,0.85175,0.85195,2.40,1.60
2010.01.08 06:02:24.022,0.8518,0.85195,2.40,1.60
2010.01.08 06:02:24.382,0.8518,0.85205,8.00,4.00
2010.01.08 06:02:25.002,0.85185,0.85205,6.40,1.60
2010.01.08 06:02:25.392,0.85185,0.8521,2.40,1.00
2010.01.08 06:02:25.732,0.85185,0.85215,2.40,10.80
2010.01.08 06:02:28.451,0.85185,0.85215,10.40,6.00
2010.01.08 06:02:28.571,0.85185,0.85215,6.40,6.00
2010.01.08 06:02:28.681,0.85185,0.85215,2.40,10.00
2010.01.08 06:02:30.601,0.8519,0.8521,1.00,1.00
2010.01.08 06:02:30.840,0.8518,0.85205,12.00,1.60
2010.01.08 06:02:31.082,0.8518,0.8521,2.40,7.60
2010.01.08 06:02:31.301,0.85185,0.8521,1.00,7.60
2010.01.08 06:02:31.520,0.8518,0.8521,2.40,7.60
2010.01.08 06:02:31.690,0.8518,0.8521,2.40,8.40
2010.01.08 06:02:32.830,0.8518,0.8521,10.40,4.40
2010.01.08 06:02:33.170,0.8518,0.85205,10.40,2.80
2010.01.08 06:02:33.520,0.8518,0.85205,6.40,6.00
2010.01.08 06:02:33.860,0.8518,0.85205,2.40,6.80
2010.01.08 06:02:34.669,0.8518,0.85205,2.40,6.00
2010.01.08 06:02:34.889,0.8518,0.8521,2.40,12.60
2010.01.08 06:02:35.189,0.8518,0.8521,2.40,3.60
2010.01.08 06:02:35.369,0.8518,0.8521,2.40,7.60
2010.01.08 06:02:35.949,0.8518,0.8521,3.20,6.40
2010.01.08 06:02:36.170,0.85185,0.8521,3.20,4.00
2010.01.08 06:02:36.339,0.8519,0.8521,1.00,4.00
2010.01.08 06:02:36.569,0.8519,0.8521,1.60,4.00
2010.01.08 06:02:37.129,0.85195,0.85225,3.20,8.00
2010.01.08 06:02:37.459,0.85195,0.8523,12.40,8.80
2010.01.08 06:02:37.849,0.852,0.8523,1.00,8.80
2010.01.08 06:02:38.189,0.85205,0.8523,2.40,9.60
2010.01.08 06:02:38.538,0.8521,0.8522,4.00,1.00
2010.01.08 06:02:38.888,0.85195,0.8522,2.40,4.00
2010.01.08 06:02:39.238,0.85195,0.85225,2.40,11.20
2010.01.08 06:02:40.498,0.85195,0.8522,2.40,1.00
2010.01.08 06:02:40.848,0.8519,0.8522,2.80,7.20
2010.01.08 06:02:41.018,0.8519,0.8522,2.40,7.20
2010.01.08 06:02:41.548,0.8519,0.8522,2.40,8.00
2010.01.08 06:02:44.367,0.8519,0.8522,2.40,7.20
2010.01.08 06:02:45.987,0.8519,0.8522,2.40,6.40
2010.01.08 06:02:46.157,0.85195,0.8522,2.40,4.00
2010.01.08 06:02:46.737,0.85195,0.85225,2.40,16.00
2010.01.08 06:02:47.696,0.85195,0.85225,2.40,16.00
2010.01.08 06:02:51.575,0.85195,0.8522,2.40,1.00
2010.01.08 06:02:51.795,0.85195,0.85215,2.40,1.60
2010.01.08 06:02:52.365,0.8519,0.85215,4.00,1.60
2010.01.08 06:02:52.865,0.8519,0.85215,4.00,1.60
2010.01.08 06:02:58.934,0.8519,0.8522,2.40,12.40
2010.01.08 06:02:59.294,0.8519,0.8522,2.40,8.00
2010.01.08 06:03:03.563,0.8519,0.8522,2.40,7.20
2010.01.08 06:03:06.572,0.8519,0.8522,2.40,8.00
2010.01.08 06:03:09.951,0.8519,0.8522,4.00,8.00
2010.01.08 06:03:10.071,0.8519,0.8522,4.00,7.20
2010.01.08 06:03:10.131,0.8519,0.8522,8.00,6.40
2010.01.08 06:03:10.191,0.8519,0.8522,12.00,2.40
2010.01.08 06:03:10.311,0.85195,0.8522,2.40,2.40
2010.01.08 06:03:11.660,0.85195,0.8522,2.40,2.40
2010.01.08 06:03:11.900,0.85195,0.8522,2.40,2.40
2010.01.08 06:03:12.020,0.85195,0.8522,2.40,3.20
2010.01.08 06:03:12.190,0.8519,0.85215,4.80,4.00
2010.01.08 06:03:13.740,0.8519,0.85215,4.80,4.00
2010.01.08 06:03:15.520,0.85195,0.85215,1.00,4.00
2010.01.08 06:03:15.639,0.8519,0.85215,4.80,4.00
2010.01.08 06:03:16.090,0.85195,0.85215,1.00,4.00
2010.01.08 06:03:17.459,0.8519,0.85215,4.80,4.00
2010.01.08 06:03:18.859,0.85195,0.85215,1.00,4.00
2010.01.08 06:03:19.149,0.852,0.85215,1.60,2.40
2010.01.08 06:03:19.489,0.852,0.8522,4.00,8.00
2010.01.08 06:03:19.829,0.852,0.85225,4.00,4.00
2010.01.08 06:03:21.708,0.852,0.8522,4.00,1.00
2010.01.08 06:03:21.768,0.852,0.85225,4.00,4.80
2010.01.08 06:03:22.188,0.85195,0.8522,12.80,2.40
2010.01.08 06:03:22.289,0.85195,0.8522,10.40,2.40
2010.01.08 06:03:22.618,0.852,0.85225,2.40,1.00
2010.01.08 06:03:22.948,0.85205,0.8523,2.40,8.80
2010.01.08 06:03:23.348,0.85205,0.8523,2.40,1.00
2010.01.08 06:03:25.427,0.852,0.85225,2.40,2.40
2010.01.08 06:03:25.947,0.852,0.85225,2.40,3.20
2010.01.08 06:03:26.057,0.852,0.85225,2.40,4.80
2010.01.08 06:03:26.237,0.852,0.85225,2.40,5.70
2010.01.08 06:03:26.347,0.852,0.85225,2.40,13.60
2010.01.08 06:03:26.697,0.85195,0.8522,2.40,2.40
2010.01.08 06:03:28.007,0.85195,0.85215,2.40,1.60
2010.01.08 06:03:28.306,0.85185,0.85215,4.80,13.60
2010.01.08 06:03:28.607,0.85185,0.85215,2.40,13.60
2010.01.08 06:03:28.906,0.8519,0.85215,1.00,13.60
2010.01.08 06:03:29.646,0.85185,0.85215,2.40,13.60
2010.01.08 06:03:30.626,0.8519,0.85215,1.60,12.00
2010.01.08 06:03:30.686,0.8519,0.85215,4.00,4.00
2010.01.08 06:03:31.626,0.8519,0.85215,4.00,4.00
2010.01.08 06:03:32.735,0.85195,0.85215,2.40,1.60
2010.01.08 06:03:38.754,0.8519,0.85215,4.00,4.80
2010.01.08 06:03:38.874,0.8519,0.85215,2.40,12.80
2010.01.08 06:03:39.574,0.8519,0.85215,2.40,12.80
2010.01.08 06:03:42.563,0.8518,0.8521,2.50,12.00
2010.01.08 06:03:42.793,0.8518,0.8521,2.40,12.00
2010.01.08 06:03:44.842,0.85185,0.8521,2.40,8.80
2010.01.08 06:03:45.192,0.85185,0.8521,2.40,1.00
2010.01.08 06:03:45.522,0.85185,0.8521,2.40,1.60
2010.01.08 06:03:45.802,0.8518,0.8521,2.40,12.00
2010.01.08 06:03:46.552,0.8518,0.8521,2.40,12.00
2010.01.08 06:03:58.639,0.8517,0.85195,4.00,4.00
2010.01.08 06:03:58.819,0.85175,0.85195,1.00,4.00
2010.01.08 06:03:59.059,0.8517,0.85195,4.00,4.00
2010.01.08 06:03:59.289,0.8517,0.85195,4.00,4.00
2010.01.08 06:03:59.529,0.85175,0.852,2.40,6.40
2010.01.08 06:03:59.809,0.8517,0.852,4.00,2.40
2010.01.08 06:04:01.309,0.85175,0.852,2.40,2.40
2010.01.08 06:04:02.698,0.85175,0.852,2.40,3.20
2010.01.08 06:04:03.038,0.8517,0.8519,1.00,2.40
2010.01.08 06:04:04.968,0.8517,0.852,2.40,8.00
2010.01.08 06:04:06.458,0.8517,0.852,2.40,7.20
2010.01.08 06:04:06.517,0.85175,0.852,2.40,7.20
2010.01.08 06:04:07.157,0.85175,0.852,2.40,2.40
2010.01.08 06:04:07.447,0.85175,0.852,2.40,2.40
2010.01.08 06:04:07.717,0.8518,0.85205,2.40,6.40
2010.01.08 06:04:07.947,0.8518,0.8521,2.40,12.20
2010.01.08 06:04:08.527,0.8518,0.8521,2.40,12.00
2010.01.08 06:04:08.827,0.8518,0.8521,2.40,12.00
2010.01.08 06:04:11.066,0.8518,0.8521,2.40,12.00
2010.01.08 06:04:11.126,0.8518,0.85205,2.40,1.00
2010.01.08 06:04:11.236,0.8518,0.85205,2.40,2.40
2010.01.08 06:04:11.296,0.85175,0.852,10.40,2.40
2010.01.08 06:04:11.346,0.85175,0.852,2.40,2.40
2010.01.08 06:04:13.486,0.8518,0.852,1.00,2.40
2010.01.08 06:04:13.876,0.85175,0.85195,1.00,4.00
2010.01.08 06:04:17.715,0.85175,0.852,2.40,2.40
2010.01.08 06:04:18.774,0.8518,0.852,1.00,2.40
2010.01.08 06:04:19.594,0.85175,0.852,2.40,2.40
2010.01.08 06:04:32.521,0.8518,0.852,1.00,2.40
2010.01.08 06:04:32.871,0.8518,0.8521,2.40,12.00
2010.01.08 06:04:35.630,0.8518,0.8521,2.40,11.20
2010.01.08 06:04:35.980,0.8518,0.8521,2.40,10.40
2010.01.08 06:04:36.040,0.8518,0.8521,2.40,4.00
2010.01.08 06:04:36.150,0.8518,0.85215,6.40,9.60
2010.01.08 06:04:38.549,0.8518,0.8521,6.40,1.00
2010.01.08 06:04:38.720,0.8518,0.8521,6.40,3.20
2010.01.08 06:04:38.839,0.8518,0.8521,2.40,11.20
2010.01.08 06:04:46.758,0.8518,0.8521,2.40,10.40
2010.01.08 06:04:47.108,0.8518,0.8521,4.00,10.40
2010.01.08 06:04:47.467,0.85185,0.8521,2.40,2.40
2010.01.08 06:04:48.157,0.8518,0.8521,8.00,2.40
2010.01.08 06:04:49.737,0.8519,0.8521,1.00,2.40
2010.01.08 06:04:50.257,0.852,0.85225,2.40,9.60
2010.01.08 06:04:50.487,0.8519,0.8522,6.40,3.20
2010.01.08 06:04:50.717,0.8519,0.8522,2.40,7.20
2010.01.08 06:04:50.887,0.8519,0.8522,2.40,11.20
2010.01.08 06:04:51.517,0.8519,0.85215,2.40,4.00
2010.01.08 06:04:51.636,0.8519,0.85215,2.40,8.00
2010.01.08 06:04:53.836,0.8519,0.85215,2.40,8.00
2010.01.08 06:04:54.186,0.8519,0.8521,2.40,1.00
2010.01.08 06:04:54.536,0.85185,0.8521,2.40,1.00
2010.01.08 06:04:54.876,0.85185,0.85215,2.40,11.20
2010.01.08 06:04:55.845,0.85185,0.85215,2.40,11.20
2010.01.08 06:04:56.895,0.8519,0.85215,2.40,10.40
2010.01.08 06:04:57.175,0.85195,0.85215,2.40,8.00
2010.01.08 06:04:57.465,0.852,0.8523,5.60,2.80
2010.01.08 06:04:57.805,0.8521,0.85235,2.40,6.40
2010.01.08 06:04:58.085,0.8521,0.85235,2.40,2.40
2010.01.08 06:04:59.654,0.8521,0.85235,2.40,2.40
2010.01.08 06:05:00.045,0.8521,0.85235,2.40,2.40
2010.01.08 06:05:00.384,0.85205,0.8522,6.40,2.40
2010.01.08 06:05:00.714,0.85195,0.8522,2.40,2.40
2010.01.08 06:05:01.894,0.852,0.85225,2.40,12.80
2010.01.08 06:05:02.124,0.852,0.85225,2.40,10.40
2010.01.08 06:05:02.364,0.852,0.85225,2.40,2.40
2010.01.08 06:05:04.113,0.85205,0.8523,2.40,10.40
2010.01.08 06:05:04.403,0.85205,0.8523,2.40,2.40
2010.01.08 06:05:06.503,0.85205,0.8523,2.40,3.20
2010.01.08 06:05:06.663,0.852,0.85225,2.40,2.40
2010.01.08 06:05:06.893,0.85205,0.8523,2.40,10.40
2010.01.08 06:05:07.063,0.85205,0.8523,2.40,2.40
2010.01.08 06:05:08.702,0.852,0.8522,4.00,2.40
2010.01.08 06:05:09.092,0.85195,0.8522,2.40,2.40
2010.01.08 06:05:09.382,0.852,0.8522,1.00,2.40
2010.01.08 06:05:09.722,0.852,0.8522,1.00,2.40
2010.01.08 06:05:13.211,0.852,0.85215,1.00,4.00
2010.01.08 06:05:17.500,0.85195,0.85215,1.00,4.00
2010.01.08 06:05:20.180,0.85195,0.8522,10.40,2.40
2010.01.08 06:05:20.530,0.85195,0.8522,11.20,2.40
2010.01.08 06:05:21.409,0.852,0.8522,1.00,2.40
2010.01.08 06:05:22.159,0.852,0.85225,2.40,4.00
2010.01.08 06:05:22.499,0.852,0.85225,4.00,4.00
2010.01.08 06:05:23.769,0.85205,0.85225,1.00,4.00
2010.01.08 06:05:28.098,0.85215,0.8524,2.40,2.40
2010.01.08 06:05:29.167,0.8521,0.85235,4.00,2.40
2010.01.08 06:05:29.517,0.85205,0.85225,3.20,2.40
2010.01.08 06:05:29.857,0.852,0.85225,10.20,2.40
2010.01.08 06:05:32.247,0.85205,0.85225,1.00,2.40
2010.01.08 06:05:32.647,0.85205,0.8523,2.40,2.40
2010.01.08 06:05:33.566,0.8521,0.8523,1.00,2.40
2010.01.08 06:05:34.906,0.85215,0.85235,1.00,10.40
2010.01.08 06:05:35.256,0.85215,0.85235,1.00,6.40
2010.01.08 06:05:35.616,0.85215,0.85235,1.00,2.40
2010.01.08 06:05:36.546,0.8521,0.85235,2.40,2.40
2010.01.08 06:05:39.105,0.85215,0.8524,2.40,4.80
2010.01.08 06:05:39.395,0.85215,0.8524,2.40,4.80
2010.01.08 06:05:39.565,0.85215,0.8524,2.40,4.80
2010.01.08 06:05:39.985,0.85215,0.8524,2.40,4.00
2010.01.08 06:05:40.855,0.85215,0.8524,2.40,4.00
2010.01.08 06:05:41.714,0.85215,0.8524,2.40,4.80
2010.01.08 06:05:41.834,0.85215,0.8524,2.40,4.00
2010.01.08 06:05:42.754,0.8521,0.8523,1.00,2.40
2010.01.08 06:05:43.094,0.85205,0.8523,2.40,2.40
2010.01.08 06:05:46.023,0.85205,0.85225,2.40,1.00
2010.01.08 06:05:46.134,0.85205,0.85225,2.40,1.00
2010.01.08 06:05:46.423,0.852,0.85225,8.00,3.20
2010.01.08 06:05:46.484,0.8519,0.85225,11.20,7.20
2010.01.08 06:05:46.833,0.8519,0.85225,10.40,7.20
2010.01.08 06:05:48.973,0.8519,0.8522,10.40,1.00
2010.01.08 06:05:49.372,0.8519,0.85215,2.40,2.40
2010.01.08 06:05:49.782,0.852,0.8522,4.00,1.00
2010.01.08 06:05:50.132,0.852,0.85225,4.40,4.00
2010.01.08 06:05:51.752,0.852,0.85225,4.40,4.00
2010.01.08 06:05:52.272,0.852,0.85225,1.20,2.40
2010.01.08 06:05:53.182,0.852,0.85225,2.80,2.40
2010.01.08 06:05:54.691,0.852,0.85215,1.00,4.00
2010.01.08 06:05:55.091,0.85205,0.85225,2.40,8.00
2010.01.08 06:05:55.431,0.85195,0.8522,13.20,2.40
2010.01.08 06:05:55.781,0.85195,0.8522,2.40,2.40
2010.01.08 06:05:56.241,0.85195,0.8522,2.40,3.20
2010.01.08 06:05:56.461,0.85195,0.85215,2.40,1.60
2010.01.08 06:05:56.571,0.85195,0.8521,1.00,1.00
2010.01.08 06:05:56.681,0.85185,0.85205,8.00,4.00
2010.01.08 06:05:56.921,0.85185,0.85205,4.00,4.00
2010.01.08 06:05:57.041,0.8518,0.85205,4.00,4.00
2010.01.08 06:05:57.361,0.8518,0.85205,1.00,12.80
2010.01.08 06:05:58.060,0.8518,0.85205,2.40,9.60
2010.01.08 06:05:58.400,0.8518,0.85205,1.00,4.80
2010.01.08 06:06:06.388,0.85175,0.85205,2.40,4.80
2010.01.08 06:06:06.508,0.85175,0.85195,1.00,1.60
2010.01.08 06:06:06.688,0.8518,0.852,1.60,2.40
2010.01.08 06:06:06.918,0.8518,0.85205,4.80,10.40
2010.01.08 06:06:07.148,0.85185,0.85205,2.40,8.00
2010.01.08 06:06:07.548,0.85185,0.8521,2.40,2.40
2010.01.08 06:06:08.068,0.8519,0.8521,1.00,2.40
2010.01.08 06:06:11.287,0.85185,0.8521,2.40,2.40
2010.01.08 06:06:11.507,0.85185,0.8521,2.40,3.20
2010.01.08 06:06:12.457,0.8518,0.8521,2.40,3.20
2010.01.08 06:06:12.787,0.85185,0.8521,1.00,3.20
2010.01.08 06:06:13.260,0.8518,0.8521,6.40,3.20
2010.01.08 06:06:13.657,0.8518,0.8521,2.40,3.20
2010.01.08 06:06:14.236,0.8518,0.8521,6.40,3.20
2010.01.08 06:06:15.166,0.8518,0.8521,2.40,3.20
2010.01.08 06:06:23.624,0.8518,0.8521,2.40,2.40
2010.01.08 06:06:23.794,0.85185,0.8521,1.00,2.40
2010.01.08 06:06:24.214,0.85185,0.8521,2.40,2.40
2010.01.08 06:06:25.634,0.8519,0.8521,1.00,2.40
2010.01.08 06:06:25.974,0.85185,0.8521,2.40,3.20
2010.01.08 06:06:26.154,0.85185,0.85205,1.00,4.00
2010.01.08 06:06:26.963,0.8518,0.85205,2.40,2.40
2010.01.08 06:06:27.193,0.8518,0.8521,2.40,3.20
2010.01.08 06:06:30.203,0.85175,0.85195,8.00,1.60
2010.01.08 06:06:30.543,0.85175,0.85195,1.00,1.60
2010.01.08 06:06:31.352,0.85175,0.8519,1.00,1.00
2010.01.08 06:06:31.523,0.8517,0.8519,4.00,1.00
2010.01.08 06:06:31.643,0.8517,0.8519,2.40,1.00
2010.01.08 06:06:31.863,0.8517,0.8519,2.40,1.60
2010.01.08 06:06:31.923,0.85155,0.85185,8.00,1.00
2010.01.08 06:06:32.032,0.85155,0.8518,8.00,2.40
2010.01.08 06:06:32.322,0.85155,0.8518,4.00,2.40
2010.01.08 06:06:32.442,0.85155,0.8518,1.00,2.40
2010.01.08 06:06:33.082,0.8515,0.8518,6.40,4.00
2010.01.08 06:06:33.472,0.85145,0.8517,1.00,2.40
2010.01.08 06:06:33.812,0.85145,0.8517,1.00,2.40
2010.01.08 06:06:37.391,0.85145,0.85175,2.40,11.20
2010.01.08 06:06:37.771,0.85155,0.8517,1.00,1.00
2010.01.08 06:06:38.111,0.8514,0.8516,1.00,2.40
2010.01.08 06:06:38.461,0.8514,0.85165,2.40,10.40
2010.01.08 06:06:38.801,0.8514,0.8516,1.00,2.40
2010.01.08 06:06:39.880,0.85135,0.8516,6.40,2.40
2010.01.08 06:06:40.690,0.85135,0.85155,1.00,2.40
2010.01.08 06:06:40.860,0.8514,0.85155,1.00,2.40
2010.01.08 06:06:40.970,0.8514,0.8516,1.00,2.40
2010.01.08 06:06:41.090,0.8514,0.85165,2.40,9.60
2010.01.08 06:06:41.330,0.8514,0.85165,2.40,4.80
2010.01.08 06:06:41.490,0.8514,0.85165,2.40,2.40
2010.01.08 06:06:41.720,0.8514,0.85165,2.40,2.40
2010.01.08 06:06:42.080,0.8514,0.85165,2.40,2.40
2010.01.08 06:06:42.410,0.85145,0.85165,1.00,2.40
2010.01.08 06:06:44.149,0.8514,0.85165,2.40,2.40
2010.01.08 06:06:44.449,0.85145,0.85165,1.00,2.40
2010.01.08 06:06:44.809,0.85145,0.8517,2.40,2.40
2010.01.08 06:06:45.199,0.85145,0.8517,6.40,3.20
2010.01.08 06:06:45.549,0.8514,0.85165,10.40,2.40
2010.01.08 06:06:45.889,0.8514,0.85165,6.40,2.40
2010.01.08 06:06:46.119,0.85145,0.85165,1.00,2.40
2010.01.08 06:06:46.529,0.8514,0.85165,6.40,2.40
2010.01.08 06:06:46.759,0.85145,0.85165,1.00,2.40
2010.01.08 06:06:46.979,0.8514,0.85165,6.40,2.40
2010.01.08 06:06:47.549,0.85145,0.85155,1.00,1.00
2010.01.08 06:06:47.888,0.85135,0.85155,1.00,4.00
2010.01.08 06:06:48.238,0.8514,0.85165,2.40,5.60
2010.01.08 06:06:48.588,0.8514,0.85165,2.40,3.20
2010.01.08 06:06:48.868,0.8514,0.8516,4.00,2.40
2010.01.08 06:06:49.158,0.85135,0.8516,10.40,2.40
2010.01.08 06:06:49.508,0.85145,0.8517,2.40,12.00
2010.01.08 06:06:49.868,0.85145,0.85165,6.40,1.00
2010.01.08 06:06:50.208,0.85145,0.85165,2.40,1.00
2010.01.08 06:06:50.378,0.85145,0.8517,2.40,14.00
2010.01.08 06:06:50.548,0.85145,0.8517,2.40,13.60
2010.01.08 06:06:50.728,0.85145,0.8517,2.40,13.60
2010.01.08 06:06:51.647,0.85145,0.8517,2.40,12.80
2010.01.08 06:06:51.877,0.85145,0.8517,2.40,4.00
2010.01.08 06:06:52.787,0.8514,0.8517,6.40,4.00
2010.01.08 06:06:53.877,0.85145,0.8516,1.00,2.40
2010.01.08 06:06:53.937,0.85145,0.85165,1.00,2.40
2010.01.08 06:06:54.807,0.85145,0.8517,6.40,4.00
2010.01.08 06:06:55.577,0.8515,0.8517,1.00,4.00
2010.01.08 06:06:55.637,0.8515,0.8517,1.00,4.00
2010.01.08 06:06:56.087,0.85155,0.8517,1.00,4.00
2010.01.08 06:06:56.896,0.8515,0.8517,1.00,4.00
2010.01.08 06:07:02.015,0.85155,0.8519,10.40,8.00
2010.01.08 06:07:02.345,0.85155,0.8519,10.40,7.20
2010.01.08 06:07:04.854,0.85155,0.8519,10.80,7.20
2010.01.08 06:07:05.014,0.85155,0.85185,13.20,1.60
2010.01.08 06:07:05.184,0.85155,0.8518,10.80,2.40
2010.01.08 06:07:05.364,0.8516,0.8518,4.00,2.40
2010.01.08 06:07:05.524,0.85155,0.8518,10.80,2.40
2010.01.08 06:07:05.704,0.85155,0.8518,2.80,2.40
2010.01.08 06:07:06.004,0.85155,0.8518,1.20,2.40
2010.01.08 06:07:06.624,0.85155,0.8518,1.20,2.40
2010.01.08 06:07:09.523,0.85155,0.8518,1.00,2.40
2010.01.08 06:07:09.573,0.85155,0.8518,1.00,2.40
2010.01.08 06:07:09.933,0.8516,0.85185,2.40,8.00
2010.01.08 06:07:10.633,0.8516,0.85185,2.50,4.00
2010.01.08 06:07:10.693,0.8516,0.85185,2.40,4.00
2010.01.08 06:07:12.113,0.8516,0.85185,2.40,4.80
2010.01.08 06:07:12.343,0.85155,0.8518,6.80,2.40
2010.01.08 06:07:12.513,0.85155,0.8518,1.60,2.40
2010.01.08 06:07:13.252,0.8515,0.8518,1.20,3.20
2010.01.08 06:07:13.952,0.8515,0.8518,1.20,2.40
2010.01.08 06:07:14.132,0.8515,0.8518,11.20,2.40
2010.01.08 06:07:14.602,0.8515,0.8518,11.60,2.40
2010.01.08 06:07:15.742,0.8515,0.8518,11.60,2.40
2010.01.08 06:07:16.151,0.8515,0.8518,11.20,2.40
2010.01.08 06:07:16.312,0.8515,0.8517,11.20,1.00
2010.01.08 06:07:16.432,0.8515,0.8517,11.20,1.00
2010.01.08 06:07:16.552,0.8515,0.85165,1.00,2.40
2010.01.08 06:07:16.662,0.85145,0.85165,4.40,2.40
2010.01.08 06:07:17.021,0.8515,0.85175,2.40,2.40
2010.01.08 06:07:17.371,0.8516,0.85185,2.40,6.40
2010.01.08 06:07:17.721,0.8516,0.85185,2.40,4.00
2010.01.08 06:07:19.411,0.8516,0.85185,2.40,4.00
2010.01.08 06:07:20.011,0.8516,0.85185,2.40,4.80
2010.01.08 06:07:20.181,0.85155,0.8518,4.40,2.40
2010.01.08 06:07:20.351,0.85155,0.8518,2.00,2.40
2010.01.08 06:07:20.591,0.85155,0.8518,1.00,2.40
2010.01.08 06:07:20.880,0.85155,0.8518,1.00,2.40
2010.01.08 06:07:20.990,0.8516,0.85185,2.40,4.00
2010.01.08 06:07:21.450,0.8516,0.85185,2.40,4.80
2010.01.08 06:07:21.800,0.85155,0.8518,12.80,4.00
2010.01.08 06:07:21.920,0.85155,0.8518,4.80,4.00
2010.01.08 06:07:22.500,0.85155,0.8518,6.00,2.40
2010.01.08 06:07:22.610,0.8516,0.85185,2.40,4.00
2010.01.08 06:07:23.640,0.8516,0.85185,2.40,4.00
2010.01.08 06:07:23.980,0.85155,0.8518,10.80,2.40
2010.01.08 06:07:24.210,0.8516,0.85185,2.40,4.00
2010.01.08 06:07:24.660,0.8516,0.85185,2.40,4.80
2010.01.08 06:07:24.889,0.85155,0.8518,2.00,2.40
2010.01.08 06:07:25.110,0.8516,0.85185,2.40,4.80
2010.01.08 06:07:25.909,0.85155,0.8518,8.00,2.40
2010.01.08 06:07:26.149,0.85155,0.8518,6.00,3.20
2010.01.08 06:07:26.259,0.85155,0.8518,8.00,3.20
2010.01.08 06:07:26.369,0.8516,0.8518,2.40,1.00
2010.01.08 06:07:26.489,0.8516,0.85185,2.40,8.40
2010.01.08 06:07:26.609,0.8516,0.85185,2.40,4.40
2010.01.08 06:07:26.709,0.85155,0.8518,8.40,3.20
2010.01.08 06:07:26.819,0.8515,0.8518,10.80,2.40
2010.01.08 06:07:26.939,0.8516,0.85185,2.40,8.40
2010.01.08 06:07:27.059,0.8516,0.8518,2.40,1.00
2010.01.08 06:07:27.229,0.85155,0.8518,10.00,3.20
2010.01.08 06:07:27.529,0.8516,0.85185,2.40,12.00
2010.01.08 06:07:27.879,0.85155,0.85185,4.00,8.40
2010.01.08 06:07:28.239,0.8516,0.85185,2.40,4.00
2010.01.08 06:07:28.589,0.8516,0.85185,2.40,4.80
2010.01.08 06:07:28.929,0.8516,0.85185,2.40,8.00
2010.01.08 06:07:29.278,0.85155,0.85185,8.00,4.80
2010.01.08 06:07:29.668,0.8516,0.85185,2.40,8.00
2010.01.08 06:07:30.008,0.8516,0.85185,2.40,4.00
2010.01.08 06:07:30.359,0.85155,0.85185,10.40,4.00
2010.01.08 06:07:30.588,0.8516,0.85185,2.40,4.80
2010.01.08 06:07:31.048,0.85155,0.85185,10.80,4.80
2010.01.08 06:07:31.278,0.8516,0.85185,2.40,4.00
2010.01.08 06:07:31.458,0.85165,0.85185,2.40,1.60
2010.01.08 06:07:31.628,0.8517,0.8519,2.40,4.00
2010.01.08 06:07:31.798,0.8517,0.85195,2.40,4.00
2010.01.08 06:07:32.078,0.8517,0.85195,2.40,8.00
2010.01.08 06:07:34.687,0.85165,0.85185,2.40,1.60
2010.01.08 06:07:34.907,0.85165,0.85185,2.40,1.60
2010.01.08 06:07:36.117,0.85175,0.85195,4.40,8.80
2010.01.08 06:07:36.227,0.85175,0.85195,4.00,4.80
2010.01.08 06:07:36.337,0.85175,0.85195,4.00,1.00
2010.01.08 06:07:36.397,0.85175,0.852,4.00,1.60
2010.01.08 06:07:36.507,0.85175,0.852,4.00,4.00
2010.01.08 06:07:36.619,0.85175,0.852,2.40,4.00
2010.01.08 06:07:38.957,0.85175,0.852,2.40,4.00
2010.01.08 06:07:41.875,0.85175,0.85195,2.40,1.60
2010.01.08 06:07:42.165,0.85175,0.85205,2.80,12.80
2010.01.08 06:07:42.405,0.85175,0.85205,6.80,8.80
2010.01.08 06:07:42.685,0.85175,0.85205,6.80,4.00
2010.01.08 06:07:43.375,0.85175,0.8521,10.80,13.60
2010.01.08 06:07:43.715,0.85175,0.85205,10.80,4.00
2010.01.08 06:07:43.955,0.85175,0.85205,6.80,4.00
2010.01.08 06:07:53.523,0.8518,0.85205,4.00,1.60
2010.01.08 06:07:54.742,0.8518,0.85205,4.80,1.60
2010.01.08 06:07:55.123,0.85185,0.85215,2.40,15.50
2010.01.08 06:07:56.152,0.85175,0.8521,15.20,2.40
2010.01.08 06:07:56.272,0.8518,0.8521,10.40,3.20
2010.01.08 06:07:56.442,0.8518,0.8521,2.40,7.20
2010.01.08 06:07:57.582,0.8518,0.8521,1.60,7.20
2010.01.08 06:07:58.971,0.8518,0.8521,1.60,6.40
2010.01.08 06:08:00.101,0.8518,0.8521,2.00,6.40
2010.01.08 06:08:00.511,0.8518,0.8521,2.00,2.40
2010.01.08 06:08:05.530,0.8518,0.8521,2.80,2.40
2010.01.08 06:08:16.368,0.85185,0.85215,2.40,12.00
2010.01.08 06:08:16.477,0.8518,0.8521,10.40,2.40
2010.01.08 06:08:16.807,0.8518,0.8521,6.40,2.40
2010.01.08 06:08:16.927,0.8518,0.8521,2.40,2.40
2010.01.08 06:08:35.462,0.8518,0.85215,3.60,11.20
2010.01.08 06:08:35.812,0.8518,0.85215,11.60,8.80
2010.01.08 06:08:35.973,0.8518,0.85215,12.40,8.80
2010.01.08 06:08:38.262,0.85195,0.85215,1.00,8.80
2010.01.08 06:08:38.652,0.852,0.8523,2.40,8.80
2010.01.08 06:08:39.002,0.852,0.85235,6.80,12.00
2010.01.08 06:08:39.062,0.852,0.85235,7.60,12.00
2010.01.08 06:08:39.172,0.852,0.85235,7.60,12.00
2010.01.08 06:08:39.222,0.8522,0.85235,2.40,9.60
2010.01.08 06:08:39.342,0.8522,0.85235,2.40,1.60
2010.01.08 06:08:39.402,0.8522,0.85235,2.40,1.00
2010.01.08 06:08:39.631,0.85215,0.8523,8.00,2.40
2010.01.08 06:08:39.732,0.85215,0.85235,8.00,2.40
2010.01.08 06:08:39.792,0.8521,0.85235,2.40,2.40
2010.01.08 06:08:40.141,0.85215,0.85235,2.40,8.00
2010.01.08 06:08:40.481,0.8521,0.85245,11.20,3.20
2010.01.08 06:08:41.501,0.85215,0.85245,6.80,3.20
2010.01.08 06:08:41.742,0.8522,0.85245,4.00,3.20
2010.01.08 06:08:41.911,0.8522,0.85255,11.20,8.20
2010.01.08 06:08:42.142,0.85215,0.8524,2.40,2.40
2010.01.08 06:08:43.331,0.85215,0.85235,2.40,1.00
2010.01.08 06:08:43.670,0.8521,0.85235,2.40,6.40
2010.01.08 06:08:44.071,0.8521,0.85235,2.40,2.40
2010.01.08 06:08:44.310,0.8522,0.8524,2.40,10.40
2010.01.08 06:08:44.535,0.85215,0.85235,4.00,2.40
2010.01.08 06:08:44.821,0.8521,0.85235,2.40,2.40
2010.01.08 06:08:46.390,0.85205,0.85235,13.60,1.00
2010.01.08 06:08:46.500,0.8521,0.85235,1.00,3.20
2010.01.08 06:08:46.560,0.8521,0.85235,2.00,2.40
2010.01.08 06:08:46.620,0.85215,0.8524,2.40,8.80
2010.01.08 06:08:46.680,0.85215,0.85235,2.40,8.00
2010.01.08 06:08:46.740,0.85215,0.85235,2.40,4.00
2010.01.08 06:08:46.800,0.85215,0.85245,2.40,11.20
2010.01.08 06:08:46.910,0.85215,0.85245,6.40,3.20
2010.01.08 06:08:47.640,0.85215,0.85245,6.40,1.00
2010.01.08 06:08:48.659,0.85215,0.85245,6.40,1.00
2010.01.08 06:08:48.839,0.85215,0.85245,2.40,8.80
2010.01.08 06:08:48.959,0.8521,0.85245,6.40,11.20
2010.01.08 06:08:50.339,0.8521,0.8524,4.00,7.40
2010.01.08 06:08:50.679,0.852,0.85235,8.00,4.80
2010.01.08 06:08:51.019,0.8521,0.85235,1.00,8.80
2010.01.08 06:08:51.132,0.85215,0.85235,6.40,1.00
2010.01.08 06:08:51.659,0.85215,0.8524,6.40,1.20
2010.01.08 06:08:52.109,0.85215,0.8524,6.40,1.00
2010.01.08 06:08:53.898,0.85215,0.8524,6.40,1.00
2010.01.08 06:08:54.078,0.8522,0.85245,2.40,4.00
2010.01.08 06:08:54.248,0.8522,0.85245,2.40,1.00
2010.01.08 06:08:55.298,0.8521,0.85245,4.80,8.80
2010.01.08 06:08:55.578,0.8521,0.85245,8.00,12.00
2010.01.08 06:08:55.807,0.8521,0.85245,8.00,15.40
2010.01.08 06:08:57.367,0.8522,0.85245,2.40,8.00
2010.01.08 06:08:57.537,0.8522,0.85245,6.40,1.60
2010.01.08 06:08:57.717,0.8522,0.8525,6.40,2.00
2010.01.08 06:08:57.887,0.8523,0.8525,2.40,1.00
2010.01.08 06:08:58.187,0.8523,0.85255,2.40,10.30
2010.01.08 06:08:58.367,0.8523,0.85255,2.40,9.90
2010.01.08 06:08:58.667,0.8523,0.85255,2.40,9.80
2010.01.08 06:08:59.877,0.8523,0.85255,2.40,9.90
2010.01.08 06:09:02.466,0.8523,0.8525,2.40,1.00
2010.01.08 06:09:02.866,0.8523,0.8525,2.40,1.00
2010.01.08 06:09:02.976,0.8523,0.85255,2.40,1.00
2010.01.08 06:09:08.315,0.8523,0.85255,2.40,1.00
2010.01.08 06:09:08.665,0.8524,0.8526,2.40,1.60
2010.01.08 06:09:09.714,0.85235,0.85255,2.40,1.00
2010.01.08 06:09:10.414,0.85235,0.85255,2.40,1.00
2010.01.08 06:09:11.954,0.85235,0.8525,2.40,1.00
2010.01.08 06:09:12.004,0.8523,0.8525,2.40,1.00
2010.01.08 06:09:12.064,0.85235,0.8525,1.00,1.00
2010.01.08 06:09:12.184,0.85235,0.8525,2.40,1.00
2010.01.08 06:09:12.244,0.85235,0.85255,2.40,1.20
2010.01.08 06:09:12.294,0.85235,0.85255,2.40,1.00
2010.01.08 06:09:12.414,0.85235,0.85255,2.40,1.00
2010.01.08 06:09:18.152,0.85235,0.8526,2.40,4.80
2010.01.08 06:09:19.122,0.85235,0.8526,2.40,4.80
2010.01.08 06:09:19.642,0.85235,0.8526,2.40,4.80
2010.01.08 06:09:20.182,0.85235,0.8526,2.40,4.80
2010.01.08 06:09:20.462,0.85235,0.8526,2.40,4.80
2010.01.08 06:09:23.461,0.8524,0.8526,2.40,2.40
2010.01.08 06:09:24.791,0.8524,0.8526,2.40,2.40
2010.01.08 06:09:26.540,0.8524,0.85265,2.40,8.40
2010.01.08 06:09:26.640,0.8524,0.8526,2.40,1.00
2010.01.08 06:09:26.760,0.8524,0.85265,2.40,1.00
2010.01.08 06:09:26.920,0.8524,0.85265,2.40,1.00
2010.01.08 06:09:27.270,0.85235,0.85265,10.40,4.00
2010.01.08 06:09:27.600,0.85235,0.85265,2.40,12.00
2010.01.08 06:09:27.940,0.85235,0.85265,2.40,12.00
2010.01.08 06:09:29.230,0.85235,0.8526,2.40,4.80
2010.01.08 06:09:30.769,0.85235,0.8526,2.40,4.80
2010.01.08 06:09:32.709,0.8523,0.85255,2.40,2.40
2010.01.08 06:09:33.339,0.8523,0.8525,1.00,1.60
2010.01.08 06:09:35.408,0.85225,0.8525,8.00,1.60
2010.01.08 06:09:35.518,0.8523,0.85255,2.40,2.40
2010.01.08 06:09:35.968,0.85225,0.85255,12.00,2.40
2010.01.08 06:09:36.088,0.85225,0.85255,13.60,2.40
2010.01.08 06:09:37.488,0.8523,0.8526,2.40,10.40
2010.01.08 06:09:37.658,0.8523,0.8526,6.40,2.40
2010.01.08 06:09:37.888,0.8523,0.8526,7.20,2.40
2010.01.08 06:09:38.067,0.85235,0.8526,2.40,2.40
2010.01.08 06:09:38.407,0.8523,0.85255,11.20,2.40
2010.01.08 06:09:38.638,0.85235,0.8526,4.00,4.00
2010.01.08 06:09:38.987,0.85235,0.8526,4.00,4.00
2010.01.08 06:09:39.677,0.85235,0.8526,4.00,4.00
2010.01.08 06:09:40.387,0.85235,0.8526,4.00,1.60
2010.01.08 06:09:41.557,0.85235,0.8526,4.00,1.60
2010.01.08 06:09:41.727,0.85235,0.8526,2.40,4.00
2010.01.08 06:09:42.857,0.8523,0.8525,2.40,1.60
2010.01.08 06:09:43.876,0.8523,0.85255,2.40,4.00
2010.01.08 06:09:44.686,0.85225,0.8525,8.00,2.40
2010.01.08 06:09:44.856,0.85225,0.8525,6.40,4.00
2010.01.08 06:09:45.026,0.8522,0.85255,8.00,6.40
2010.01.08 06:09:45.206,0.85225,0.85255,2.40,2.40
2010.01.08 06:09:47.175,0.85225,0.85255,2.40,3.20
2010.01.08 06:09:47.355,0.8522,0.8525,10.40,3.20
2010.01.08 06:09:47.567,0.85225,0.85255,2.40,12.40
2010.01.08 06:09:48.895,0.8522,0.8525,6.40,4.80
2010.01.08 06:09:49.465,0.85225,0.8525,1.00,4.80
2010.01.08 06:09:50.145,0.85225,0.85255,6.40,5.60
2010.01.08 06:09:50.485,0.85225,0.85255,6.40,3.20
2010.01.08 06:09:51.584,0.85225,0.85255,6.40,3.20
2010.01.08 06:09:53.304,0.85235,0.8526,4.00,5.60
2010.01.08 06:09:53.654,0.8523,0.85255,10.40,2.40
2010.01.08 06:09:53.994,0.8523,0.85255,2.40,2.40
2010.01.08 06:09:56.553,0.85235,0.85255,1.00,2.40
2010.01.08 06:09:56.603,0.8523,0.8526,2.40,4.80
2010.01.08 06:09:57.003,0.85235,0.85255,1.00,2.40
2010.01.08 06:09:57.183,0.85235,0.85255,1.00,3.20
2010.01.08 06:09:57.243,0.8523,0.85255,2.40,3.20
2010.01.08 06:09:57.303,0.8523,0.8525,2.40,1.60
2010.01.08 06:09:57.423,0.8523,0.8525,1.00,1.60
2010.01.08 06:10:00.352,0.8523,0.8525,2.40,1.60
2010.01.08 06:10:00.702,0.8523,0.85255,2.40,2.40
2010.01.08 06:10:01.172,0.85235,0.8526,2.40,4.80
2010.01.08 06:10:01.292,0.85235,0.8526,2.40,3.20
2010.01.08 06:10:01.352,0.85235,0.8526,2.40,2.40
2010.01.08 06:10:02.552,0.85235,0.8526,6.40,2.40
2010.01.08 06:10:02.672,0.8524,0.85265,2.40,3.20
2010.01.08 06:10:02.791,0.8524,0.85265,2.40,2.40
2010.01.08 06:10:05.851,0.8524,0.85265,2.40,3.20
2010.01.08 06:10:06.021,0.8524,0.8526,1.00,2.40
2010.01.08 06:10:06.201,0.8524,0.85265,2.40,3.20
2010.01.08 06:10:07.361,0.8524,0.8526,2.40,2.40
2010.01.08 06:10:07.480,0.85235,0.8526,6.40,3.20
2010.01.08 06:10:07.830,0.8524,0.85265,2.40,3.20
2010.01.08 06:10:09.450,0.8524,0.8526,2.40,1.00
2010.01.08 06:10:09.670,0.85235,0.8526,2.40,4.80
2010.01.08 06:10:10.020,0.8524,0.85265,2.40,3.60
2010.01.08 06:10:10.379,0.8524,0.85265,2.40,3.20
2010.01.08 06:10:11.170,0.8524,0.8526,2.40,1.00
2010.01.08 06:10:12.539,0.8523,0.8526,7.20,2.40
2010.01.08 06:10:13.839,0.8523,0.85255,7.20,1.00
2010.01.08 06:10:14.129,0.8523,0.8526,7.20,2.40
2010.01.08 06:10:14.409,0.8523,0.85255,7.20,1.00
2010.01.08 06:10:14.679,0.8523,0.8526,7.20,2.40
2010.01.08 06:10:14.969,0.8523,0.8526,3.20,6.40
2010.01.08 06:10:15.199,0.8524,0.8526,2.40,1.00
2010.01.08 06:10:16.948,0.8524,0.85265,2.40,1.00
2010.01.08 06:10:18.688,0.85245,0.8527,1.60,9.10
2010.01.08 06:10:18.928,0.85245,0.8527,2.40,2.40
2010.01.08 06:10:19.158,0.85245,0.8527,4.00,2.40
2010.01.08 06:10:19.397,0.85245,0.8527,4.00,1.60
2010.01.08 06:10:19.617,0.85245,0.8527,4.00,2.40
2010.01.08 06:10:20.577,0.85255,0.8528,2.40,9.90
2010.01.08 06:10:20.927,0.8525,0.8528,2.40,9.90
2010.01.08 06:10:21.037,0.8525,0.85275,2.40,1.00
2010.01.08 06:10:21.727,0.85255,0.8528,2.40,5.90
2010.01.08 06:10:22.277,0.85255,0.8528,4.00,4.80
2010.01.08 06:10:22.627,0.85255,0.8528,4.10,4.10
2010.01.08 06:10:22.967,0.8526,0.8528,2.40,1.60
2010.01.08 06:10:23.347,0.8526,0.85285,2.40,3.20
2010.01.08 06:10:24.376,0.85255,0.85285,12.00,3.20
2010.01.08 06:10:24.616,0.85255,0.85285,4.00,7.20
2010.01.08 06:10:25.736,0.85255,0.85285,4.00,4.00
2010.01.08 06:10:25.966,0.85265,0.8529,2.40,4.00
2010.01.08 06:10:26.196,0.85265,0.85295,2.40,13.60
2010.01.08 06:10:26.376,0.85265,0.85295,2.40,11.20
2010.01.08 06:10:27.586,0.85265,0.85295,6.40,4.00
2010.01.08 06:10:27.926,0.85265,0.853,2.40,12.00
2010.01.08 06:10:29.145,0.85265,0.853,2.40,11.20
2010.01.08 06:10:29.425,0.8527,0.853,2.40,8.80
2010.01.08 06:10:29.715,0.8527,0.853,2.40,8.00
2010.01.08 06:10:30.005,0.8527,0.85295,2.40,1.00
2010.01.08 06:10:30.305,0.85265,0.8529,5.60,2.40
2010.01.08 06:10:30.595,0.85265,0.8529,2.40,2.40
2010.01.08 06:10:32.554,0.85265,0.8529,2.40,2.40
2010.01.08 06:10:32.614,0.8527,0.85295,2.40,10.40
2010.01.08 06:10:32.784,0.8527,0.85295,2.40,6.40
2010.01.08 06:10:33.134,0.8527,0.85295,2.40,2.40
2010.01.08 06:10:33.484,0.85265,0.8529,6.40,2.40
2010.01.08 06:10:33.834,0.85265,0.8529,2.40,2.40
2010.01.08 06:10:35.604,0.8527,0.85295,2.40,6.40
2010.01.08 06:10:35.954,0.8527,0.85295,2.40,2.40
2010.01.08 06:10:36.343,0.85275,0.853,2.40,4.80
2010.01.08 06:10:36.975,0.85275,0.853,2.40,4.80
2010.01.08 06:10:37.093,0.85275,0.853,2.40,4.00
2010.01.08 06:10:38.073,0.85275,0.853,2.40,4.80
2010.01.08 06:10:38.833,0.8527,0.85295,6.40,2.40
2010.01.08 06:10:39.003,0.8527,0.85295,2.40,3.20
2010.01.08 06:10:39.693,0.8527,0.85295,2.40,3.20
2010.01.08 06:10:40.043,0.85265,0.85295,2.40,13.90
2010.01.08 06:10:40.692,0.85265,0.8529,1.60,1.60
2010.01.08 06:10:40.932,0.8527,0.8529,2.40,1.00
2010.01.08 06:10:41.692,0.8527,0.85295,2.40,6.80
2010.01.08 06:10:41.982,0.8527,0.85295,2.40,5.60
2010.01.08 06:10:43.022,0.8527,0.8529,2.40,1.00
2010.01.08 06:10:43.322,0.85265,0.8529,10.40,3.20
2010.01.08 06:10:43.662,0.85265,0.8529,2.40,3.20
2010.01.08 06:10:45.321,0.85265,0.85285,2.40,1.00
2010.01.08 06:10:45.661,0.8526,0.85285,2.40,3.20
2010.01.08 06:10:46.391,0.8526,0.8528,2.40,1.00
2010.01.08 06:10:46.511,0.85255,0.8527,8.00,4.00
2010.01.08 06:10:46.571,0.8525,0.8527,1.00,4.00
2010.01.08 06:10:46.681,0.85245,0.8527,4.80,4.00
2010.01.08 06:10:46.741,0.85255,0.8527,2.40,1.60
2010.01.08 06:10:47.101,0.8526,0.8528,2.40,1.00
2010.01.08 06:10:47.441,0.85245,0.85275,12.80,2.40
2010.01.08 06:10:47.791,0.85245,0.85275,10.40,2.40
2010.01.08 06:10:48.480,0.85245,0.85275,6.40,2.40
2010.01.08 06:10:48.860,0.85245,0.85275,8.00,2.40
2010.01.08 06:10:48.980,0.8525,0.85275,1.00,2.40
2010.01.08 06:10:49.091,0.85255,0.8528,2.40,11.20
2010.01.08 06:10:49.390,0.85265,0.8528,2.40,4.00
2010.01.08 06:10:49.500,0.8526,0.85285,2.40,14.40
2010.01.08 06:10:49.621,0.85265,0.8528,2.40,4.00
2010.01.08 06:10:49.800,0.85265,0.85285,2.40,8.00
2010.01.08 06:10:49.910,0.8526,0.85285,2.40,6.40
2010.01.08 06:10:50.260,0.8526,0.85285,2.40,10.40
2010.01.08 06:10:51.180,0.8526,0.8528,2.40,1.00
2010.01.08 06:10:55.509,0.85265,0.85285,2.40,2.40
2010.01.08 06:10:55.669,0.85265,0.8529,2.40,4.30
2010.01.08 06:11:00.787,0.85265,0.8529,4.00,3.20
2010.01.08 06:11:01.008,0.85265,0.8529,4.00,1.00
2010.01.08 06:11:01.927,0.85265,0.8529,4.00,1.00
2010.01.08 06:11:02.407,0.85265,0.8529,4.00,1.00
2010.01.08 06:11:03.657,0.85265,0.85295,10.40,9.90
2010.01.08 06:11:03.937,0.85265,0.8529,2.40,2.40
2010.01.08 06:11:04.727,0.85265,0.8529,2.40,2.40
2010.01.08 06:11:05.076,0.85265,0.8529,2.40,3.20
2010.01.08 06:11:07.746,0.85265,0.8529,2.40,11.20
2010.01.08 06:11:09.816,0.85265,0.85285,2.40,1.00
2010.01.08 06:11:10.155,0.8526,0.85285,2.40,3.20
2010.01.08 06:11:10.495,0.8526,0.8529,2.40,17.20
2010.01.08 06:11:11.535,0.8526,0.8528,2.40,1.00
2010.01.08 06:11:12.735,0.85265,0.85285,2.40,4.00
2010.01.08 06:11:13.084,0.85265,0.8529,2.40,11.20
2010.01.08 06:11:16.114,0.85265,0.8529,4.00,8.80
2010.01.08 06:11:16.414,0.85265,0.8529,4.00,1.00
2010.01.08 06:11:17.624,0.85265,0.8529,4.00,1.00
2010.01.08 06:11:17.734,0.85265,0.8529,4.80,1.00
2010.01.08 06:11:20.503,0.85265,0.85295,4.80,13.60
2010.01.08 06:11:20.673,0.85265,0.85295,12.80,5.60
2010.01.08 06:11:20.953,0.85275,0.853,2.40,1.00
2010.01.08 06:11:21.233,0.85275,0.85305,2.40,17.90
2010.01.08 06:11:21.752,0.85275,0.85305,2.40,19.50
2010.01.08 06:11:23.002,0.85275,0.853,2.40,1.00
2010.01.08 06:11:23.402,0.8527,0.85295,2.40,2.40
2010.01.08 06:11:23.732,0.85275,0.853,2.40,5.60
2010.01.08 06:11:24.862,0.85275,0.853,2.40,5.60
2010.01.08 06:11:26.272,0.85275,0.853,2.40,5.60
2010.01.08 06:11:26.451,0.8527,0.85295,6.40,2.40
2010.01.08 06:11:26.502,0.8527,0.853,2.40,13.60
2010.01.08 06:11:27.171,0.8527,0.85295,2.40,2.40
2010.01.08 06:11:27.681,0.8527,0.85295,2.40,2.40
2010.01.08 06:11:28.141,0.8527,0.85295,2.40,2.40
2010.01.08 06:11:28.491,0.85265,0.8529,4.80,4.00
2010.01.08 06:11:28.821,0.8527,0.85295,2.40,2.40
2010.01.08 06:11:29.801,0.85265,0.8529,4.80,4.00
2010.01.08 06:11:30.031,0.8527,0.85295,2.40,6.40
2010.01.08 06:11:30.210,0.8527,0.85295,2.40,2.40
2010.01.08 06:11:30.661,0.8527,0.85295,2.40,2.40
2010.01.08 06:11:31.690,0.85265,0.85295,12.80,2.40
2010.01.08 06:11:31.750,0.8527,0.85295,2.40,6.40
2010.01.08 06:11:31.980,0.8527,0.85295,2.40,6.40
2010.01.08 06:11:32.441,0.8527,0.85295,2.40,6.40
2010.01.08 06:11:32.500,0.85275,0.85295,1.00,6.40
2010.01.08 06:11:32.850,0.8528,0.85295,2.40,1.00
2010.01.08 06:11:33.580,0.85275,0.853,2.40,4.00
2010.01.08 06:11:34.330,0.85275,0.85295,2.40,1.00
2010.01.08 06:11:34.619,0.8527,0.85295,2.40,1.00
2010.01.08 06:11:35.319,0.8527,0.85295,2.40,8.00
2010.01.08 06:11:36.529,0.8526,0.85295,13.40,8.00
2010.01.08 06:11:36.639,0.8527,0.85295,2.40,8.00
2010.01.08 06:11:36.759,0.8527,0.85295,2.40,8.00
2010.01.08 06:11:37.119,0.8527,0.85295,2.40,8.00
2010.01.08 06:11:37.829,0.85275,0.85295,2.40,4.00
2010.01.08 06:11:38.348,0.85275,0.853,2.40,4.80
2010.01.08 06:11:38.688,0.85275,0.853,2.40,4.80
2010.01.08 06:11:39.268,0.85275,0.853,2.40,1.00
2010.01.08 06:11:39.768,0.8528,0.85295,2.40,1.00
2010.01.08 06:11:39.988,0.8527,0.85295,4.00,3.20
2010.01.08 06:11:40.338,0.85265,0.85285,4.00,2.40
2010.01.08 06:11:40.678,0.8526,0.85285,6.40,2.40
2010.01.08 06:11:41.418,0.8526,0.85285,2.40,2.40
2010.01.08 06:11:42.607,0.8526,0.85285,2.40,2.40
2010.01.08 06:11:42.827,0.8526,0.85285,2.40,2.40
2010.01.08 06:11:43.607,0.85265,0.85285,2.40,1.00
2010.01.08 06:11:54.055,0.85265,0.8529,2.40,10.40
2010.01.08 06:11:55.585,0.8526,0.85285,3.20,2.40
2010.01.08 06:11:55.924,0.8526,0.85285,2.40,2.40
2010.01.08 06:12:02.843,0.8527,0.85285,2.40,1.00
2010.01.08 06:12:03.003,0.85265,0.85285,2.40,1.00
2010.01.08 06:12:03.862,0.8526,0.85285,3.20,2.40
2010.01.08 06:12:04.562,0.8526,0.85285,3.20,2.40
2010.01.08 06:12:08.531,0.85255,0.8528,6.50,4.10
2010.01.08 06:12:08.891,0.8526,0.8528,1.00,4.00
2010.01.08 06:12:09.121,0.8526,0.85285,3.20,6.40
2010.01.08 06:12:09.341,0.8526,0.85285,2.40,2.40
2010.01.08 06:12:10.751,0.8526,0.85285,2.40,2.40
2010.01.08 06:12:15.279,0.85265,0.85285,2.40,1.00
2010.01.08 06:12:15.629,0.8526,0.8528,2.40,1.60
2010.01.08 06:12:16.630,0.8526,0.8528,2.40,1.60
2010.01.08 06:12:21.928,0.8526,0.8528,2.40,1.60
2010.01.08 06:12:21.978,0.85265,0.8528,2.40,1.60
2010.01.08 06:12:22.708,0.85265,0.8529,2.40,13.60
2010.01.08 06:12:30.356,0.85265,0.85285,4.00,1.00
2010.01.08 06:12:30.466,0.85265,0.8529,4.00,10.40
2010.01.08 06:12:30.646,0.85265,0.8529,4.00,5.60
2010.01.08 06:12:30.766,0.85265,0.85295,4.00,16.30
2010.01.08 06:12:31.785,0.85265,0.8529,4.00,1.60
2010.01.08 06:12:32.246,0.85265,0.8529,4.00,2.40
2010.01.08 06:12:32.355,0.85265,0.8529,4.00,2.40
2010.01.08 06:12:32.406,0.85265,0.8529,4.00,4.80
2010.01.08 06:12:32.525,0.85265,0.8529,2.40,8.80
2010.01.08 06:12:32.576,0.85265,0.8529,2.40,12.80
2010.01.08 06:12:33.565,0.85265,0.8529,2.40,12.80
2010.01.08 06:12:33.916,0.8526,0.85285,2.40,3.20
2010.01.08 06:12:34.205,0.8526,0.8528,2.40,1.60
2010.01.08 06:12:34.795,0.8526,0.8528,2.40,1.70
2010.01.08 06:12:35.085,0.8526,0.8528,2.40,1.60
2010.01.08 06:12:42.453,0.8526,0.8528,2.40,1.60
2010.01.08 06:12:42.513,0.85265,0.85285,2.40,4.00
2010.01.08 06:12:42.573,0.85265,0.8529,2.40,5.20
2010.01.08 06:12:42.693,0.85265,0.8529,2.40,1.00
2010.01.08 06:12:42.743,0.8526,0.8529,8.00,1.00
2010.01.08 06:12:42.923,0.85255,0.8529,13.60,4.80
2010.01.08 06:12:43.553,0.85255,0.8529,14.40,4.00
2010.01.08 06:12:43.663,0.85255,0.8529,16.00,4.00
2010.01.08 06:12:44.003,0.85265,0.85295,2.40,14.40
2010.01.08 06:12:44.702,0.85265,0.85295,2.40,14.50
2010.01.08 06:12:45.043,0.85265,0.85295,2.40,14.40
2010.01.08 06:12:50.081,0.85265,0.85295,2.40,14.70
2010.01.08 06:12:54.180,0.85265,0.8529,2.40,13.60
2010.01.08 06:12:54.590,0.85265,0.8529,2.40,4.80
2010.01.08 06:12:54.820,0.85265,0.8529,2.40,1.00
2010.01.08 06:12:56.790,0.8526,0.8528,2.40,1.60
2010.01.08 06:12:59.429,0.8526,0.8528,2.40,1.70
2010.01.08 06:12:59.609,0.8526,0.8528,2.40,1.60
2010.01.08 06:13:00.119,0.85255,0.8528,2.40,4.00
2010.01.08 06:13:00.389,0.85255,0.8528,2.40,8.00
2010.01.08 06:13:00.749,0.85255,0.8528,2.40,10.40
2010.01.08 06:13:01.099,0.85255,0.8528,2.40,2.40
2010.01.08 06:13:01.798,0.85255,0.8528,2.40,12.00
2010.01.08 06:13:02.018,0.85255,0.8528,2.40,8.00
2010.01.08 06:13:02.198,0.85255,0.8528,2.40,4.00
2010.01.08 06:13:02.598,0.8526,0.8528,1.00,4.00
2010.01.08 06:13:05.688,0.8525,0.8527,10.40,1.60
2010.01.08 06:13:05.917,0.8525,0.8527,8.00,4.00
2010.01.08 06:13:06.097,0.8525,0.8527,1.00,4.00
2010.01.08 06:13:06.627,0.8525,0.8527,1.00,8.00
2010.01.08 06:13:08.447,0.85245,0.85265,1.00,2.40
2010.01.08 06:13:08.737,0.8524,0.85265,2.40,2.40
2010.01.08 06:13:10.007,0.8524,0.85265,2.40,2.40
2010.01.08 06:13:14.425,0.85245,0.8527,2.40,12.80
2010.01.08 06:13:14.535,0.85245,0.8527,2.40,8.80
2010.01.08 06:13:19.084,0.85245,0.8527,2.40,8.00
2010.01.08 06:13:23.633,0.85245,0.85265,2.40,1.00
2010.01.08 06:13:23.983,0.8524,0.85265,2.40,6.40
2010.01.08 06:13:25.653,0.8524,0.8526,2.40,1.00
2010.01.08 06:13:26.342,0.85235,0.8526,2.40,4.00
2010.01.08 06:13:26.682,0.8524,0.8526,2.40,1.60
2010.01.08 06:13:26.972,0.8524,0.85255,2.40,1.00
2010.01.08 06:13:27.352,0.8523,0.85255,8.80,2.40
2010.01.08 06:13:27.752,0.8523,0.85255,4.00,2.40
2010.01.08 06:13:28.102,0.85225,0.85255,7.20,2.40
2010.01.08 06:13:28.792,0.85225,0.8525,7.20,1.00
2010.01.08 06:13:29.492,0.85225,0.85255,6.40,2.40
2010.01.08 06:13:29.722,0.85225,0.8526,6.40,17.10
2010.01.08 06:13:29.962,0.85225,0.8525,6.40,4.00
2010.01.08 06:13:30.821,0.85225,0.8525,2.40,4.00
2010.01.08 06:13:31.512,0.85225,0.8525,2.40,4.00
2010.01.08 06:13:38.970,0.85225,0.85255,2.40,9.90
2010.01.08 06:13:39.319,0.85225,0.85255,2.40,5.60
2010.01.08 06:13:40.679,0.85225,0.85255,2.40,5.60
2010.01.08 06:13:44.468,0.85225,0.8526,3.20,8.00
2010.01.08 06:13:44.828,0.85225,0.85265,11.20,17.90
2010.01.08 06:13:52.706,0.85225,0.85255,10.40,2.40
2010.01.08 06:13:52.876,0.85225,0.85255,2.40,2.40
2010.01.08 06:13:53.446,0.85225,0.85255,2.40,3.20
2010.01.08 06:13:53.956,0.85225,0.85255,2.40,3.20
2010.01.08 06:14:00.244,0.85225,0.85255,4.80,3.20
2010.01.08 06:14:00.584,0.85225,0.8526,12.80,5.10
2010.01.08 06:14:01.764,0.85235,0.85255,2.40,1.00
2010.01.08 06:14:01.824,0.8523,0.85255,2.40,2.40
2010.01.08 06:14:03.554,0.85235,0.85255,2.40,1.00
2010.01.08 06:14:04.693,0.85235,0.8525,2.40,1.60
2010.01.08 06:14:05.223,0.8523,0.8525,2.40,1.60
2010.01.08 06:14:06.233,0.85225,0.8525,2.40,4.00
2010.01.08 06:14:07.503,0.85225,0.85245,2.40,1.00
2010.01.08 06:14:07.913,0.85225,0.8525,2.40,4.00
2010.01.08 06:14:08.252,0.85225,0.85245,2.40,1.00
2010.01.08 06:14:11.112,0.85225,0.8524,2.40,1.00
2010.01.08 06:14:11.352,0.85225,0.85255,2.40,17.10
2010.01.08 06:14:11.792,0.85225,0.85255,2.40,12.80
2010.01.08 06:14:11.961,0.85225,0.85255,2.40,8.80
2010.01.08 06:14:15.061,0.85225,0.85255,2.40,8.80
2010.01.08 06:14:34.636,0.85235,0.8526,2.40,5.90
2010.01.08 06:14:34.997,0.8523,0.85255,2.40,2.40
2010.01.08 06:14:35.926,0.8523,0.85255,2.40,3.20
2010.01.08 06:14:36.226,0.85235,0.85255,4.00,8.00
2010.01.08 06:14:36.506,0.85235,0.8526,2.40,2.40
2010.01.08 06:14:39.535,0.8524,0.8526,1.00,2.40
2010.01.08 06:14:39.766,0.8524,0.85265,2.40,13.10
2010.01.08 06:14:39.945,0.8524,0.8526,2.40,1.00
2010.01.08 06:14:40.985,0.85235,0.8526,2.40,2.40
2010.01.08 06:14:41.345,0.85245,0.8526,1.00,2.40
2010.01.08 06:14:41.675,0.85245,0.85265,2.40,8.00
2010.01.08 06:14:42.014,0.85245,0.85275,10.40,3.20
2010.01.08 06:14:42.304,0.8525,0.85275,2.40,8.80
2010.01.08 06:14:42.584,0.8524,0.85275,12.00,1.00
2010.01.08 06:14:42.884,0.8524,0.85275,12.00,1.00
2010.01.08 06:14:43.244,0.8524,0.85275,8.00,8.80
2010.01.08 06:14:44.184,0.8524,0.85275,8.00,8.80
2010.01.08 06:14:45.054,0.8524,0.85275,8.00,8.80
2010.01.08 06:14:46.373,0.8524,0.85275,8.00,8.80
2010.01.08 06:14:47.463,0.8524,0.85275,8.00,8.80
2010.01.08 06:14:47.803,0.8524,0.85275,8.00,8.80
2010.01.08 06:14:47.923,0.8524,0.8527,4.80,1.60
2010.01.08 06:14:48.443,0.8524,0.8527,4.00,8.00
2010.01.08 06:14:48.793,0.8524,0.85275,8.00,8.00
2010.01.08 06:14:49.133,0.8524,0.85275,8.00,8.00
2010.01.08 06:14:49.822,0.8524,0.8527,7.20,2.40
2010.01.08 06:14:50.153,0.8524,0.85265,4.00,2.40
2010.01.08 06:14:50.552,0.85235,0.85265,13.60,2.40
2010.01.08 06:14:50.882,0.85235,0.85265,9.60,2.40
2010.01.08 06:14:52.552,0.85235,0.85265,13.60,2.40
2010.01.08 06:14:52.792,0.85235,0.85265,9.60,2.40
2010.01.08 06:14:53.011,0.85235,0.85265,9.60,2.40
2010.01.08 06:14:53.292,0.85235,0.85265,9.60,2.40
2010.01.08 06:14:58.320,0.85255,0.85285,4.00,7.20
2010.01.08 06:14:59.000,0.85265,0.85285,4.00,4.00
2010.01.08 06:14:59.410,0.8527,0.85295,2.40,8.80
2010.01.08 06:14:59.750,0.8527,0.8529,2.40,4.00
2010.01.08 06:15:00.100,0.85265,0.85295,2.40,11.20
2010.01.08 06:15:01.610,0.85265,0.85295,4.00,11.20
2010.01.08 06:15:01.960,0.8527,0.85295,2.40,3.20
2010.01.08 06:15:02.541,0.8527,0.85295,2.40,3.20
2010.01.08 06:15:06.499,0.8526,0.85285,8.80,2.40
2010.01.08 06:15:06.619,0.8526,0.85285,8.00,2.40
2010.01.08 06:15:06.848,0.8526,0.85285,4.00,2.40
2010.01.08 06:15:06.908,0.85255,0.85285,4.80,6.40
2010.01.08 06:15:07.698,0.85255,0.85285,4.80,6.40
2010.01.08 06:15:08.698,0.85255,0.8528,4.80,1.00
2010.01.08 06:15:09.388,0.85255,0.8528,4.00,1.00
2010.01.08 06:15:10.028,0.85255,0.85285,4.00,6.40
2010.01.08 06:15:10.138,0.8526,0.85285,2.40,2.40
2010.01.08 06:15:11.617,0.8526,0.85285,2.40,2.40
2010.01.08 06:15:14.716,0.8526,0.85285,3.20,2.40
2010.01.08 06:15:14.896,0.85265,0.85295,2.40,13.60
2010.01.08 06:15:16.096,0.85265,0.85295,4.80,13.60
2010.01.08 06:15:16.386,0.8527,0.85295,2.40,6.40
2010.01.08 06:15:17.676,0.8527,0.85295,2.40,6.40
2010.01.08 06:15:18.736,0.85275,0.8529,1.60,2.40
2010.01.08 06:15:19.085,0.85265,0.8529,4.00,4.00
2010.01.08 06:15:19.435,0.8527,0.85295,2.40,6.40
2010.01.08 06:15:20.535,0.8527,0.85295,2.40,6.40
2010.01.08 06:15:20.875,0.85275,0.85295,4.00,4.00
2010.01.08 06:15:21.235,0.8527,0.85295,2.40,2.40
2010.01.08 06:15:29.183,0.8527,0.85295,2.40,10.40
2010.01.08 06:15:29.862,0.8527,0.85295,2.40,2.40
2010.01.08 06:15:31.492,0.85275,0.853,4.00,4.80
2010.01.08 06:15:31.772,0.85275,0.853,4.00,4.00
2010.01.08 06:15:32.572,0.85275,0.853,4.00,2.40
2010.01.08 06:15:32.912,0.8528,0.85305,2.40,13.60
2010.01.08 06:15:33.202,0.8528,0.85305,2.40,2.40
2010.01.08 06:15:33.792,0.8528,0.85305,2.40,2.40
2010.01.08 06:15:34.532,0.8528,0.85305,2.40,4.00
2010.01.08 06:15:34.831,0.8528,0.8531,2.40,13.60
2010.01.08 06:15:43.570,0.8528,0.85305,1.00,2.40
2010.01.08 06:15:43.749,0.8528,0.8531,2.40,17.10
2010.01.08 06:15:43.919,0.85275,0.85305,6.40,3.20
2010.01.08 06:15:44.259,0.85275,0.853,2.40,1.00
2010.01.08 06:15:44.589,0.85275,0.85305,2.40,7.20
2010.01.08 06:15:44.929,0.85275,0.85305,2.40,11.20
2010.01.08 06:15:46.598,0.85275,0.853,2.40,4.80
2010.01.08 06:15:46.888,0.85275,0.853,2.40,8.00
2010.01.08 06:15:47.178,0.85275,0.85305,2.40,11.20
2010.01.08 06:15:48.998,0.85275,0.853,2.40,4.80
2010.01.08 06:15:49.388,0.85275,0.85305,2.40,11.20
2010.01.08 06:15:50.438,0.85275,0.853,2.40,6.40
2010.01.08 06:15:50.787,0.85275,0.85305,2.40,11.20
2010.01.08 06:15:52.067,0.85275,0.85305,10.40,3.20
2010.01.08 06:15:55.036,0.85275,0.85305,6.40,3.20
2010.01.08 06:15:55.936,0.85275,0.85305,6.40,2.40
2010.01.08 06:15:56.116,0.8528,0.8531,2.40,5.60
2010.01.08 06:15:56.356,0.8528,0.8531,2.40,5.60
2010.01.08 06:15:56.746,0.8528,0.8531,6.40,5.60
2010.01.08 06:16:00.195,0.85285,0.8531,1.00,5.60
2010.01.08 06:16:00.406,0.8528,0.8531,6.40,5.60
2010.01.08 06:16:00.755,0.8528,0.8531,6.50,5.60
2010.01.08 06:16:00.975,0.8528,0.8531,6.40,5.60
2010.01.08 06:16:02.165,0.8528,0.85305,6.40,1.00
2010.01.08 06:16:02.335,0.8528,0.8531,4.00,9.60
2010.01.08 06:16:02.435,0.85275,0.85305,2.40,11.20
2010.01.08 06:16:03.065,0.85275,0.853,2.40,4.00
2010.01.08 06:16:03.225,0.85275,0.853,2.40,8.00
2010.01.08 06:16:03.574,0.85275,0.853,2.40,12.00
2010.01.08 06:16:03.914,0.85275,0.853,2.40,10.40
2010.01.08 06:16:04.244,0.85275,0.853,2.40,8.00
2010.01.08 06:16:04.634,0.85275,0.85305,2.40,13.60
2010.01.08 06:16:04.974,0.8528,0.85305,1.00,13.60
2010.01.08 06:16:05.664,0.8528,0.85305,1.00,11.20
2010.01.08 06:16:08.363,0.8528,0.85305,2.40,8.00
2010.01.08 06:16:08.744,0.85285,0.8531,2.40,1.60
2010.01.08 06:16:09.443,0.8528,0.8531,2.40,9.60
2010.01.08 06:16:09.803,0.8528,0.8531,2.40,12.80
2010.01.08 06:16:10.093,0.85285,0.8531,2.40,10.40
2010.01.08 06:16:10.423,0.85285,0.8531,2.40,5.60
2010.01.08 06:16:10.703,0.85285,0.8531,2.40,1.60
2010.01.08 06:16:11.043,0.85285,0.8531,2.50,1.70
2010.01.08 06:16:11.393,0.85295,0.8531,2.40,1.60
2010.01.08 06:16:11.692,0.8529,0.8531,2.40,1.60
2010.01.08 06:16:12.042,0.8529,0.8531,2.40,1.60
2010.01.08 06:16:12.493,0.8529,0.8531,2.40,1.60
2010.01.08 06:16:12.612,0.8529,0.8531,1.00,1.60
2010.01.08 06:16:13.522,0.8529,0.8531,1.00,4.00
2010.01.08 06:16:14.192,0.8529,0.85305,1.00,2.40
2010.01.08 06:16:14.495,0.8528,0.85305,2.40,2.40
2010.01.08 06:16:15.662,0.8528,0.85305,2.40,6.40
2010.01.08 06:16:16.012,0.8528,0.853,1.00,4.00
2010.01.08 06:16:16.702,0.8528,0.85305,2.40,11.20
2010.01.08 06:16:16.941,0.8528,0.85305,2.40,10.40
2010.01.08 06:16:17.051,0.8528,0.85305,2.40,6.40
2010.01.08 06:16:17.272,0.8528,0.85305,2.40,2.40
2010.01.08 06:16:18.771,0.8528,0.853,1.00,2.40
2010.01.08 06:16:19.111,0.8528,0.853,1.00,4.00
2010.01.08 06:16:20.440,0.85275,0.85295,1.60,2.40
2010.01.08 06:16:20.831,0.8527,0.85295,2.40,2.40
2010.01.08 06:16:22.120,0.85265,0.8529,2.40,2.40
2010.01.08 06:16:22.340,0.8526,0.8529,11.20,4.00
2010.01.08 06:16:22.460,0.85265,0.8529,2.40,11.20
2010.01.08 06:16:22.750,0.8527,0.85295,2.40,2.40
2010.01.08 06:16:24.189,0.85265,0.8529,2.40,2.40
2010.01.08 06:16:31.288,0.85265,0.8529,2.40,2.40
2010.01.08 06:16:31.578,0.8526,0.8529,2.40,8.80
2010.01.08 06:16:32.718,0.85265,0.8529,1.00,8.80
2010.01.08 06:16:33.637,0.85265,0.8529,2.40,6.40
2010.01.08 06:16:33.867,0.85265,0.8529,2.40,2.40
2010.01.08 06:16:34.897,0.85265,0.8529,2.40,2.40
2010.01.08 06:16:38.176,0.85265,0.8529,3.20,2.40
2010.01.08 06:16:38.516,0.8527,0.85295,2.40,2.40
2010.01.08 06:16:39.746,0.8527,0.85295,2.40,2.40
2010.01.08 06:16:43.375,0.85275,0.853,2.40,11.20
2010.01.08 06:16:44.005,0.85275,0.853,2.40,2.40
2010.01.08 06:16:44.654,0.85275,0.853,2.40,2.40
2010.01.08 06:17:09.749,0.8527,0.85295,6.40,2.40
2010.01.08 06:17:10.088,0.8527,0.85295,2.40,2.40
2010.01.08 06:17:12.848,0.85275,0.85295,1.00,2.40
2010.01.08 06:17:13.308,0.8527,0.85295,2.40,2.40
2010.01.08 06:17:13.948,0.85265,0.8529,19.00,2.40
2010.01.08 06:17:14.347,0.85265,0.8529,2.40,2.40
2010.01.08 06:17:14.677,0.8527,0.85295,2.40,2.40
2010.01.08 06:17:15.647,0.8527,0.85295,2.40,2.40
2010.01.08 06:17:16.217,0.85265,0.8529,12.00,2.40
2010.01.08 06:17:16.397,0.85265,0.8529,2.40,2.40
2010.01.08 06:17:18.567,0.85265,0.85295,2.50,9.70
2010.01.08 06:17:18.917,0.8527,0.8529,1.00,2.40
2010.01.08 06:17:19.268,0.85265,0.8529,10.40,2.40
2010.01.08 06:17:19.846,0.85265,0.8529,2.40,2.40
2010.01.08 06:17:20.556,0.85265,0.8529,1.00,8.00
2010.01.08 06:17:21.246,0.85255,0.8528,12.80,2.40
2010.01.08 06:17:21.536,0.85255,0.8528,2.40,4.00
2010.01.08 06:17:21.776,0.85255,0.8528,1.00,4.00
2010.01.08 06:17:22.055,0.85255,0.85275,1.00,2.40
2010.01.08 06:17:22.286,0.8526,0.8528,1.00,1.60
2010.01.08 06:17:22.455,0.85255,0.8528,4.00,1.60
2010.01.08 06:17:22.625,0.85255,0.8528,1.00,4.00
2010.01.08 06:17:22.795,0.85245,0.85275,11.00,2.40
2010.01.08 06:17:22.955,0.85245,0.85275,9.60,2.40
2010.01.08 06:17:23.126,0.85245,0.85275,13.60,2.40
2010.01.08 06:17:23.295,0.85245,0.8527,11.20,4.00
2010.01.08 06:17:23.645,0.85245,0.8527,2.40,4.00
2010.01.08 06:17:24.665,0.85245,0.8526,2.40,1.00
2010.01.08 06:17:24.955,0.85235,0.85255,2.40,2.40
2010.01.08 06:17:25.235,0.85235,0.8526,2.40,8.00
2010.01.08 06:17:25.515,0.8524,0.85265,2.40,15.20
2010.01.08 06:17:25.865,0.8524,0.85265,2.40,4.00
2010.01.08 06:17:26.215,0.8524,0.85265,2.40,4.80
2010.01.08 06:17:26.565,0.85235,0.8526,2.40,4.00
2010.01.08 06:17:26.795,0.85235,0.8526,1.00,4.00
2010.01.08 06:17:26.965,0.85245,0.8526,2.40,1.60
2010.01.08 06:17:27.085,0.85245,0.85265,4.00,8.00
2010.01.08 06:17:27.245,0.85245,0.8526,1.60,2.40
2010.01.08 06:17:27.364,0.8524,0.8526,4.00,4.00
2010.01.08 06:17:27.474,0.85235,0.8526,1.00,4.00
2010.01.08 06:17:27.824,0.85235,0.85265,2.40,7.20
2010.01.08 06:17:28.214,0.85235,0.85265,3.20,3.20
2010.01.08 06:17:28.514,0.8524,0.85265,2.40,2.40
2010.01.08 06:17:29.904,0.85245,0.85265,1.00,2.40
2010.01.08 06:17:34.033,0.8524,0.85265,2.40,2.40
2010.01.08 06:17:34.372,0.8524,0.8526,1.00,2.40
2010.01.08 06:17:35.352,0.8523,0.85255,8.00,2.40
2010.01.08 06:17:35.573,0.8523,0.85255,1.00,2.40
2010.01.08 06:17:35.792,0.8523,0.8526,6.40,4.00
2010.01.08 06:17:36.782,0.85235,0.8526,1.00,4.00
2010.01.08 06:17:40.951,0.85235,0.8526,1.00,4.80
2010.01.08 06:17:41.281,0.8523,0.85255,4.00,4.00
2010.01.08 06:17:41.581,0.85235,0.8526,4.00,2.40
2010.01.08 06:17:41.751,0.85235,0.85265,1.60,4.80
2010.01.08 06:17:41.921,0.85235,0.8526,1.00,4.00
2010.01.08 06:17:44.690,0.85235,0.8526,4.00,2.40
2010.01.08 06:17:45.660,0.8524,0.8526,1.00,2.40
2010.01.08 06:17:46.130,0.85245,0.8526,1.00,2.40
2010.01.08 06:17:46.410,0.8524,0.8526,1.00,2.40
2010.01.08 06:17:46.650,0.85245,0.8527,4.00,12.00
2010.01.08 06:17:47.109,0.85245,0.8527,4.00,4.00
2010.01.08 06:17:47.389,0.8525,0.85275,2.40,2.40
2010.01.08 06:17:47.619,0.8525,0.85275,3.20,2.40
2010.01.08 06:17:48.849,0.85255,0.85275,1.00,2.40
2010.01.08 06:17:49.419,0.85255,0.8528,2.40,8.00
2010.01.08 06:17:49.759,0.85255,0.8528,4.00,4.00
2010.01.08 06:17:50.099,0.85255,0.8528,4.00,4.80
2010.01.08 06:17:50.729,0.8526,0.8528,1.00,4.80
2010.01.08 06:17:51.008,0.8526,0.8528,1.00,4.00
2010.01.08 06:17:51.299,0.8526,0.85285,2.40,3.20
2010.01.08 06:17:51.529,0.8526,0.8529,10.40,2.40
2010.01.08 06:17:52.708,0.85265,0.8529,1.00,2.40
2010.01.08 06:17:54.338,0.85265,0.8529,1.00,4.80
2010.01.08 06:17:54.688,0.85265,0.85285,1.00,2.40
2010.01.08 06:17:55.258,0.8526,0.85285,2.40,2.40
2010.01.08 06:17:55.528,0.85265,0.85285,1.00,2.40
2010.01.08 06:17:59.437,0.8527,0.85285,1.00,2.40
2010.01.08 06:17:59.676,0.8528,0.85305,2.40,12.80
2010.01.08 06:17:59.977,0.8528,0.85305,2.40,2.40
2010.01.08 06:18:00.617,0.85275,0.853,10.40,2.40
2010.01.08 06:18:01.006,0.85275,0.853,2.40,2.40
2010.01.08 06:18:02.286,0.8527,0.8529,1.00,4.00
2010.01.08 06:18:03.655,0.85275,0.85295,4.00,8.00
2010.01.08 06:18:04.056,0.85275,0.853,2.40,4.00
2010.01.08 06:18:04.398,0.85275,0.853,2.40,4.80
2010.01.08 06:18:04.736,0.8527,0.85295,10.40,2.40
2010.01.08 06:18:05.125,0.8527,0.85295,2.40,2.40
2010.01.08 06:18:21.691,0.8527,0.85295,2.40,3.20
2010.01.08 06:18:21.971,0.85265,0.8529,2.40,2.40
2010.01.08 06:18:22.671,0.8526,0.85285,8.00,3.20
2010.01.08 06:18:22.841,0.85255,0.85285,9.60,3.20
2010.01.08 06:18:23.171,0.85255,0.85285,5.60,2.40
2010.01.08 06:18:23.341,0.8526,0.85285,2.40,2.40
2010.01.08 06:18:23.521,0.8526,0.85285,6.40,2.40
2010.01.08 06:18:25.270,0.8526,0.85285,6.40,2.40
2010.01.08 06:18:27.780,0.8526,0.85285,2.40,2.40
2010.01.08 06:18:28.190,0.8526,0.85285,2.40,10.40
2010.01.08 06:18:28.930,0.85265,0.85285,1.00,10.40
2010.01.08 06:18:29.619,0.85265,0.85285,1.00,2.40
2010.01.08 06:18:31.199,0.8526,0.85285,2.40,3.20
2010.01.08 06:18:31.499,0.8526,0.8528,1.00,4.00
2010.01.08 06:18:31.729,0.8526,0.85285,2.40,4.80
2010.01.08 06:18:32.529,0.8526,0.85285,2.40,5.60
2010.01.08 06:18:32.589,0.85255,0.8528,2.40,2.40
2010.01.08 06:18:33.749,0.85255,0.85285,3.20,12.80
2010.01.08 06:18:34.088,0.8525,0.8527,1.00,4.00
2010.01.08 06:18:34.448,0.8526,0.85285,2.40,2.40
2010.01.08 06:18:34.788,0.85255,0.85285,3.20,2.40
2010.01.08 06:18:35.138,0.85255,0.85285,2.40,10.40
2010.01.08 06:18:35.488,0.85255,0.85285,2.40,13.60
2010.01.08 06:18:37.957,0.85255,0.85275,1.00,2.40
2010.01.08 06:18:49.495,0.85255,0.85285,2.40,6.40
2010.01.08 06:18:50.474,0.85255,0.85285,3.20,6.40
2010.01.08 06:18:51.404,0.85255,0.85285,2.40,6.40
2010.01.08 06:18:51.924,0.85255,0.85285,3.20,6.40
2010.01.08 06:18:58.052,0.85255,0.85285,3.20,7.20
2010.01.08 06:18:58.162,0.85255,0.8528,1.00,2.40
2010.01.08 06:18:58.383,0.8525,0.85275,2.40,2.40
2010.01.08 06:18:58.493,0.8525,0.85275,3.20,2.40
2010.01.08 06:18:58.603,0.85255,0.85285,2.40,13.60
2010.01.08 06:18:58.952,0.85255,0.85285,2.40,9.60
2010.01.08 06:18:59.352,0.85255,0.85285,2.40,6.40
2010.01.08 06:19:00.062,0.85255,0.85285,2.40,6.40
2010.01.08 06:19:04.831,0.85265,0.85285,1.00,2.40
2010.01.08 06:19:07.960,0.8526,0.85285,2.40,2.40
2010.01.08 06:19:09.480,0.85265,0.85285,1.00,2.40
2010.01.08 06:19:15.838,0.8526,0.85285,2.40,2.40
2010.01.08 06:19:16.008,0.8526,0.8528,1.00,4.00
2010.01.08 06:19:16.128,0.8526,0.8528,2.40,1.60
2010.01.08 06:19:16.298,0.8526,0.85285,2.40,2.40
2010.01.08 06:19:17.578,0.85265,0.85285,1.00,2.40
2010.01.08 06:19:17.807,0.85265,0.85285,1.00,2.40
2010.01.08 06:19:20.007,0.85265,0.8529,2.40,2.40
2010.01.08 06:19:20.707,0.85265,0.8529,2.40,3.20
2010.01.08 06:19:20.887,0.8526,0.8528,1.00,4.00
2010.01.08 06:19:22.537,0.8526,0.8528,1.00,4.00
2010.01.08 06:19:22.647,0.85265,0.8528,2.40,1.60
2010.01.08 06:19:22.697,0.85265,0.85285,2.40,4.00
2010.01.08 06:19:22.916,0.85265,0.8529,2.40,2.40
2010.01.08 06:19:23.196,0.8526,0.8529,8.00,2.40
2010.01.08 06:19:23.546,0.85265,0.8529,1.00,2.40
2010.01.08 06:19:23.766,0.8527,0.85295,2.40,10.40
2010.01.08 06:19:24.066,0.8527,0.85295,2.40,2.40
2010.01.08 06:19:24.766,0.8527,0.8529,1.00,4.00
2010.01.08 06:19:25.156,0.85265,0.8529,4.00,4.80
2010.01.08 06:19:25.336,0.8526,0.85285,4.00,2.40
2010.01.08 06:19:25.506,0.85255,0.85285,9.60,2.40
2010.01.08 06:19:25.726,0.85255,0.85285,5.60,2.40
2010.01.08 06:19:25.906,0.85255,0.8529,2.40,12.80
2010.01.08 06:19:29.295,0.85255,0.85275,1.00,2.40
2010.01.08 06:19:29.875,0.85255,0.8528,4.00,4.00
2010.01.08 06:19:31.654,0.8526,0.8528,2.40,1.60
2010.01.08 06:19:32.124,0.8526,0.85285,2.40,2.40
2010.01.08 06:19:32.644,0.8526,0.85285,3.20,2.40
2010.01.08 06:19:32.754,0.85265,0.8529,2.40,8.00
2010.01.08 06:19:32.814,0.85265,0.8529,2.40,6.40
2010.01.08 06:19:32.924,0.85265,0.8529,2.40,2.40
2010.01.08 06:19:35.403,0.85265,0.85285,1.00,2.40
2010.01.08 06:19:36.203,0.85265,0.85285,1.60,2.40
2010.01.08 06:19:36.553,0.85265,0.85285,4.00,1.00
2010.01.08 06:19:36.903,0.85255,0.8528,4.00,4.00
2010.01.08 06:19:37.493,0.8526,0.8528,2.40,1.60
2010.01.08 06:19:37.723,0.8526,0.85285,2.40,2.40
2010.01.08 06:19:37.953,0.85265,0.8529,2.40,2.40
2010.01.08 06:19:38.653,0.85265,0.8529,2.40,3.20
2010.01.08 06:19:39.233,0.85265,0.8529,2.40,3.20
2010.01.08 06:19:39.582,0.8526,0.85285,10.40,2.40
2010.01.08 06:19:39.922,0.8526,0.85285,2.40,2.40
2010.01.08 06:19:41.552,0.85265,0.8529,2.40,2.40
2010.01.08 06:19:42.772,0.85265,0.8529,2.40,2.40
2010.01.08 06:19:42.942,0.85265,0.8529,3.20,2.40
2010.01.08 06:19:43.162,0.8527,0.85295,2.40,8.80
2010.01.08 06:19:43.332,0.8527,0.85295,2.40,2.40
2010.01.08 06:19:50.150,0.8527,0.85295,2.40,9.60
2010.01.08 06:19:50.380,0.8527,0.85295,2.40,5.60
2010.01.08 06:19:51.719,0.8527,0.85295,2.40,4.80
2010.01.08 06:19:51.959,0.8527,0.85295,2.40,2.40
2010.01.08 06:19:52.179,0.8527,0.85295,3.20,2.40
2010.01.08 06:19:52.359,0.85275,0.853,2.40,11.20
2010.01.08 06:19:52.589,0.85275,0.853,2.40,3.20
2010.01.08 06:19:54.869,0.8527,0.85295,6.40,2.40
2010.01.08 06:19:55.189,0.8527,0.85295,2.40,2.40
2010.01.08 06:19:55.768,0.85275,0.85295,1.00,2.40
2010.01.08 06:19:57.398,0.8527,0.85295,2.40,2.40
2010.01.08 06:20:00.048,0.85275,0.85295,1.00,2.40
2010.01.08 06:20:00.337,0.8527,0.853,3.20,4.80
2010.01.08 06:20:02.707,0.85275,0.853,3.20,4.00
2010.01.08 06:20:02.927,0.8528,0.853,2.40,4.00
2010.01.08 06:20:03.097,0.85285,0.85305,2.40,4.00
2010.01.08 06:20:03.317,0.85285,0.8531,2.40,10.40
2010.01.08 06:20:04.187,0.85285,0.8531,2.40,6.40
2010.01.08 06:20:04.546,0.85285,0.8531,2.40,2.40
2010.01.08 06:20:09.455,0.85285,0.8531,2.40,2.40
2010.01.08 06:20:11.805,0.8528,0.8531,2.40,10.40
2010.01.08 06:20:14.944,0.8528,0.8531,2.40,10.40
2010.01.08 06:20:15.294,0.85285,0.85315,2.40,16.30
2010.01.08 06:20:22.562,0.85285,0.85315,2.40,15.50
2010.01.08 06:20:22.792,0.85285,0.85315,2.40,15.20
2010.01.08 06:20:24.712,0.85285,0.85315,2.40,16.30
2010.01.08 06:20:27.801,0.85285,0.85315,2.40,16.20
2010.01.08 06:20:35.809,0.8528,0.85305,2.40,2.40
2010.01.08 06:20:41.857,0.8527,0.853,1.00,9.60
2010.01.08 06:20:42.208,0.85265,0.85295,2.40,6.40
2010.01.08 06:20:42.777,0.85265,0.85295,4.80,6.40
2010.01.08 06:20:42.897,0.8527,0.85295,2.40,2.40
2010.01.08 06:20:43.008,0.85265,0.8529,9.60,2.40
2010.01.08 06:20:43.127,0.8526,0.8529,6.40,4.00
2010.01.08 06:20:43.477,0.8526,0.8529,3.20,8.00
2010.01.08 06:20:43.767,0.85265,0.85295,2.40,10.40
2010.01.08 06:20:44.107,0.8527,0.85295,2.40,6.40
2010.01.08 06:20:44.457,0.8527,0.85295,2.40,2.40
2010.01.08 06:20:45.157,0.8527,0.85295,2.40,2.40
2010.01.08 06:20:51.155,0.85275,0.853,3.20,2.40
2010.01.08 06:20:51.436,0.8528,0.85305,2.40,10.40
2010.01.08 06:20:51.765,0.8528,0.85295,2.40,1.00
2010.01.08 06:20:52.065,0.85265,0.8529,1.00,2.40
2010.01.08 06:20:52.175,0.85265,0.8529,1.00,6.40
2010.01.08 06:20:53.725,0.8526,0.8529,3.20,6.40
2010.01.08 06:20:53.825,0.85265,0.8529,2.40,4.00
2010.01.08 06:20:53.944,0.85265,0.85295,2.40,7.20
2010.01.08 06:20:54.064,0.85265,0.85295,2.40,6.40
2010.01.08 06:20:54.474,0.85265,0.85295,3.20,6.40
2010.01.08 06:20:54.814,0.8527,0.853,2.40,10.40
2010.01.08 06:20:55.824,0.85275,0.853,2.40,10.40
2010.01.08 06:20:56.054,0.85275,0.853,2.40,2.40
2010.01.08 06:20:57.084,0.85275,0.853,3.20,2.40
2010.01.08 06:20:57.244,0.8528,0.8531,2.40,11.20
2010.01.08 06:21:00.253,0.8527,0.85295,2.40,2.40
2010.01.08 06:21:01.803,0.8527,0.8529,2.40,1.60
2010.01.08 06:21:02.283,0.8527,0.85295,2.40,6.40
2010.01.08 06:21:02.762,0.8527,0.85295,2.40,6.40
2010.01.08 06:21:02.993,0.85275,0.85295,1.00,2.40
2010.01.08 06:21:04.512,0.8528,0.853,2.40,4.00
2010.01.08 06:21:04.862,0.8528,0.8531,2.40,12.00
2010.01.08 06:21:05.042,0.8528,0.8531,2.40,11.20
2010.01.08 06:21:05.802,0.8528,0.8531,2.40,11.20
2010.01.08 06:21:09.271,0.8528,0.8531,2.40,12.00
2010.01.08 06:21:09.601,0.85275,0.853,2.40,2.40
2010.01.08 06:21:27.396,0.85275,0.85295,1.00,2.40
2010.01.08 06:21:30.106,0.85275,0.853,2.40,2.40
2010.01.08 06:21:36.314,0.85275,0.853,2.40,6.40
2010.01.08 06:21:36.645,0.85275,0.85295,1.00,2.40
2010.01.08 06:21:40.414,0.8528,0.853,1.00,4.00
2010.01.08 06:21:41.413,0.8527,0.85295,6.50,2.40
2010.01.08 06:21:41.923,0.8527,0.8529,1.00,4.00
2010.01.08 06:21:42.773,0.85275,0.8529,1.00,4.00
2010.01.08 06:21:42.943,0.85275,0.8529,1.00,2.40
2010.01.08 06:21:43.113,0.85275,0.85295,1.00,6.40
2010.01.08 06:21:43.293,0.85275,0.85295,1.00,2.40
2010.01.08 06:21:43.463,0.85275,0.853,2.40,8.00
2010.01.08 06:21:43.763,0.85285,0.853,2.40,8.00
2010.01.08 06:21:44.102,0.85285,0.85305,2.40,8.00
2010.01.08 06:21:46.122,0.85285,0.85305,2.40,8.00
2010.01.08 06:21:47.322,0.85285,0.85305,2.40,8.00
2010.01.08 06:21:48.011,0.85285,0.85305,2.40,4.00
2010.01.08 06:21:48.132,0.85285,0.8531,2.40,10.40
2010.01.08 06:21:48.362,0.85285,0.85305,2.40,4.00
2010.01.08 06:21:49.821,0.85285,0.85305,2.40,9.60
2010.01.08 06:21:50.151,0.8528,0.85305,2.40,12.00
2010.01.08 06:21:51.011,0.8528,0.85305,2.40,8.00
2010.01.08 06:21:51.661,0.85275,0.853,2.40,4.00
2010.01.08 06:21:52.020,0.8527,0.85295,2.40,2.40
2010.01.08 06:21:52.191,0.85275,0.853,2.40,10.40
2010.01.08 06:21:52.631,0.8528,0.853,1.00,10.40
2010.01.08 06:21:52.862,0.8528,0.85305,2.40,7.20
2010.01.08 06:21:53.440,0.8528,0.85305,2.40,10.40
2010.01.08 06:21:53.830,0.8528,0.85305,2.40,14.40
2010.01.08 06:21:54.180,0.8528,0.85305,2.40,10.40
2010.01.08 06:21:56.080,0.8528,0.85305,2.50,10.40
2010.01.08 06:21:56.200,0.8528,0.85305,2.40,10.40
2010.01.08 06:21:56.889,0.8528,0.853,1.00,2.40
2010.01.08 06:21:57.239,0.85275,0.853,2.40,2.40
2010.01.08 06:21:57.409,0.85275,0.853,2.40,6.40
2010.01.08 06:21:57.909,0.85275,0.853,2.40,2.40
2010.01.08 06:21:58.659,0.85275,0.853,4.00,2.40
2010.01.08 06:21:58.999,0.8528,0.85305,2.40,12.00
2010.01.08 06:21:59.339,0.85275,0.853,2.40,2.40
2010.01.08 06:22:00.748,0.85275,0.853,2.40,2.40
2010.01.08 06:22:01.538,0.85275,0.853,2.40,2.40
2010.01.08 06:22:03.188,0.85275,0.853,2.40,2.40
2010.01.08 06:22:03.768,0.85275,0.853,2.40,10.40
2010.01.08 06:22:04.808,0.85275,0.853,2.40,10.40
2010.01.08 06:22:05.857,0.85275,0.85295,1.00,2.40
2010.01.08 06:22:07.617,0.8527,0.85295,2.40,2.40
2010.01.08 06:22:09.156,0.8527,0.85295,3.20,2.40
2010.01.08 06:22:09.726,0.85275,0.853,4.00,4.00
2010.01.08 06:22:10.026,0.8528,0.85305,2.40,12.00
2010.01.08 06:22:12.946,0.8528,0.8531,2.40,10.40
2010.01.08 06:22:13.635,0.8528,0.8531,2.40,11.20
2010.01.08 06:22:13.815,0.85275,0.85305,5.60,10.40
2010.01.08 06:22:14.336,0.85275,0.85305,2.40,10.40
2010.01.08 06:22:14.675,0.8527,0.85295,7.20,2.40
2010.01.08 06:22:15.015,0.8527,0.85295,3.30,10.40
2010.01.08 06:22:15.255,0.8527,0.85295,3.20,10.40
2010.01.08 06:22:15.495,0.8527,0.85295,2.40,10.40
2010.01.08 06:22:16.644,0.8527,0.85295,2.40,6.40
2010.01.08 06:22:17.045,0.8527,0.8529,1.00,4.00
2010.01.08 06:22:17.394,0.8527,0.85295,3.20,8.00
2010.01.08 06:22:17.624,0.85275,0.853,2.40,8.00
2010.01.08 06:22:17.744,0.85275,0.853,2.40,4.00
2010.01.08 06:22:18.204,0.85275,0.85305,2.40,10.40
2010.01.08 06:22:18.584,0.8527,0.853,7.20,2.40
2010.01.08 06:22:18.924,0.85275,0.853,1.00,2.40
2010.01.08 06:22:19.944,0.8528,0.853,1.00,2.40
2010.01.08 06:22:20.294,0.8528,0.8531,2.40,11.20
2010.01.08 06:22:21.653,0.8528,0.85305,2.40,4.00
2010.01.08 06:22:21.824,0.8528,0.85305,2.40,8.00
2010.01.08 06:22:22.693,0.8528,0.85305,2.40,8.00
2010.01.08 06:22:22.753,0.85275,0.853,2.40,6.40
2010.01.08 06:22:27.192,0.85275,0.853,2.40,2.40
2010.01.08 06:22:27.482,0.8528,0.853,1.00,2.40
2010.01.08 06:22:27.752,0.85285,0.853,1.00,2.40
2010.01.08 06:22:27.872,0.85285,0.85305,1.00,7.20
2010.01.08 06:22:31.541,0.85285,0.85305,1.00,6.40
2010.01.08 06:22:31.891,0.85285,0.85305,1.00,4.00
2010.01.08 06:22:34.341,0.8528,0.85305,2.40,4.00
2010.01.08 06:22:34.690,0.85285,0.8531,1.00,17.00
2010.01.08 06:22:43.768,0.85275,0.853,6.40,2.40
2010.01.08 06:22:44.128,0.85275,0.85295,1.00,2.40
2010.01.08 06:22:45.398,0.85275,0.853,2.40,6.40
2010.01.08 06:22:45.968,0.85275,0.853,2.40,2.40
2010.01.08 06:22:49.666,0.85285,0.853,1.00,2.40
2010.01.08 06:22:56.315,0.8528,0.853,1.00,2.40
2010.01.08 06:22:56.645,0.85275,0.853,2.40,2.40
2010.01.08 06:22:57.975,0.8528,0.85305,3.20,8.00
2010.01.08 06:22:58.095,0.8528,0.85305,4.00,4.00
2010.01.08 06:22:58.264,0.8528,0.8531,4.00,10.40
2010.01.08 06:22:58.485,0.8528,0.8531,4.00,6.40
2010.01.08 06:22:58.654,0.8528,0.85305,3.20,1.60
2010.01.08 06:22:58.755,0.8528,0.85305,2.40,1.60
2010.01.08 06:22:58.874,0.8528,0.85305,3.20,4.00
2010.01.08 06:22:59.044,0.8528,0.8531,4.00,10.40
2010.01.08 06:23:01.064,0.8528,0.85305,4.00,1.00
2010.01.08 06:23:01.234,0.8528,0.8531,4.00,10.40
2010.01.08 06:23:01.574,0.8528,0.85305,4.40,8.00
2010.01.08 06:23:01.924,0.8528,0.8531,8.40,2.40
2010.01.08 06:23:02.264,0.8529,0.8531,1.00,2.40
2010.01.08 06:23:02.674,0.85285,0.8531,1.00,2.40
2010.01.08 06:23:03.134,0.8529,0.85315,2.40,12.00
2010.01.08 06:23:03.404,0.8529,0.85315,2.40,4.00
2010.01.08 06:23:04.033,0.85285,0.8531,1.00,2.40
2010.01.08 06:23:04.973,0.8529,0.8531,1.00,2.40
2010.01.08 06:23:09.292,0.85285,0.8531,1.00,2.40
2010.01.08 06:23:14.371,0.85285,0.85305,1.00,4.00
2010.01.08 06:23:14.711,0.8528,0.85305,6.80,4.00
2010.01.08 06:23:15.060,0.8528,0.85305,2.80,4.00
2010.01.08 06:23:26.058,0.8528,0.85305,2.40,4.00
2010.01.08 06:23:33.276,0.8528,0.8531,3.20,12.00
2010.01.08 06:23:33.446,0.8528,0.8531,4.00,10.40
2010.01.08 06:23:33.557,0.85285,0.8531,1.20,2.40
2010.01.08 06:23:33.726,0.8529,0.85315,2.40,14.40
2010.01.08 06:23:33.846,0.85285,0.8531,7.60,4.00
2010.01.08 06:23:33.966,0.85285,0.8531,7.20,4.00
2010.01.08 06:23:34.136,0.85285,0.8531,3.20,4.00
2010.01.08 06:23:34.256,0.8529,0.85315,2.40,4.00
2010.01.08 06:23:34.886,0.8529,0.85315,2.40,4.00
2010.01.08 06:23:35.875,0.85295,0.85315,1.00,4.00
2010.01.08 06:23:43.034,0.853,0.85315,1.00,2.40
2010.01.08 06:23:43.144,0.853,0.8532,1.00,10.40
2010.01.08 06:23:43.254,0.85305,0.8532,1.00,2.40
2010.01.08 06:23:48.942,0.853,0.8532,1.00,2.40
2010.01.08 06:23:52.611,0.85305,0.8532,1.00,2.40
2010.01.08 06:23:52.831,0.853,0.8532,1.00,2.40
2010.01.08 06:23:55.561,0.85295,0.8532,8.00,3.20
2010.01.08 06:23:55.731,0.853,0.8532,1.00,2.40
2010.01.08 06:23:57.160,0.85295,0.8532,8.00,2.40
2010.01.08 06:23:57.500,0.85295,0.8532,1.00,2.40
2010.01.08 06:24:09.197,0.85295,0.8532,4.00,2.40
2010.01.08 06:24:09.257,0.85295,0.8532,8.00,2.40
2010.01.08 06:24:12.707,0.853,0.8532,1.00,2.40
2010.01.08 06:24:13.996,0.85295,0.8532,8.00,2.40
2010.01.08 06:24:14.236,0.8529,0.8532,6.50,2.40
2010.01.08 06:24:20.515,0.8529,0.8532,2.40,2.40
2010.01.08 06:24:22.145,0.8529,0.8532,2.40,6.40
2010.01.08 06:24:25.094,0.8529,0.8532,2.40,2.40
2010.01.08 06:24:28.743,0.85295,0.8532,1.00,2.40
2010.01.08 06:24:36.821,0.853,0.85325,1.00,13.60
2010.01.08 06:24:37.101,0.85305,0.85325,6.80,2.40
2010.01.08 06:24:37.451,0.85305,0.8533,6.80,2.40
2010.01.08 06:24:38.150,0.85305,0.8533,6.80,2.40
2010.01.08 06:24:38.311,0.85305,0.85325,1.00,2.40
2010.01.08 06:24:38.530,0.853,0.85325,4.00,2.40
2010.01.08 06:24:38.690,0.85295,0.85325,14.00,2.40
2010.01.08 06:24:39.560,0.85295,0.85325,14.80,2.40
2010.01.08 06:24:39.910,0.85305,0.8533,1.00,2.40
2010.01.08 06:24:40.260,0.853,0.8533,6.80,2.40
2010.01.08 06:24:40.600,0.85305,0.8533,1.00,2.40
2010.01.08 06:24:41.990,0.85305,0.85325,1.00,1.00
2010.01.08 06:24:42.169,0.853,0.8532,4.00,2.40
2010.01.08 06:24:42.279,0.85295,0.8532,1.00,2.40
2010.01.08 06:24:46.558,0.85295,0.85325,2.40,14.40
2010.01.08 06:24:46.798,0.85295,0.85325,6.40,8.80
2010.01.08 06:24:46.958,0.85295,0.8532,8.00,2.40
2010.01.08 06:24:47.188,0.85295,0.8532,4.00,2.40
2010.01.08 06:24:47.538,0.85295,0.8532,1.00,2.40
2010.01.08 06:24:47.888,0.85295,0.85315,1.00,1.60
2010.01.08 06:24:48.218,0.85295,0.85315,1.00,4.00
2010.01.08 06:24:50.288,0.85295,0.85315,1.00,2.40
2010.01.08 06:24:50.467,0.85295,0.8532,1.00,3.20
2010.01.08 06:24:54.927,0.8529,0.85305,1.00,1.60
2010.01.08 06:24:55.226,0.8529,0.85315,2.40,8.00
2010.01.08 06:24:55.616,0.853,0.85325,2.40,12.00
2010.01.08 06:24:55.956,0.853,0.85325,2.40,2.40
2010.01.08 06:24:56.306,0.853,0.8533,2.40,12.00
2010.01.08 06:24:56.656,0.85305,0.8533,1.00,8.00
2010.01.08 06:24:57.266,0.85305,0.85325,1.00,1.60
2010.01.08 06:24:57.496,0.85305,0.85325,1.00,4.80
2010.01.08 06:24:58.575,0.85305,0.85325,1.00,4.00
2010.01.08 06:25:11.913,0.85305,0.85325,1.00,4.80
2010.01.08 06:25:12.093,0.853,0.85315,1.00,1.60
2010.01.08 06:25:12.452,0.85295,0.85315,2.40,1.60
2010.01.08 06:25:12.802,0.85295,0.85315,1.00,4.00
2010.01.08 06:25:29.918,0.85295,0.8532,1.00,2.40
2010.01.08 06:25:35.237,0.85295,0.85325,2.40,19.40
2010.01.08 06:25:35.597,0.85295,0.85325,3.20,13.60
2010.01.08 06:25:35.947,0.85305,0.85325,1.00,3.20
2010.01.08 06:25:36.296,0.85305,0.85325,1.00,1.00
2010.01.08 06:25:36.567,0.85305,0.85325,1.00,3.20
2010.01.08 06:25:36.806,0.85295,0.85325,2.40,13.60
2010.01.08 06:25:37.036,0.85295,0.8532,1.00,2.40
2010.01.08 06:25:41.155,0.85295,0.85325,2.40,5.60
2010.01.08 06:25:42.425,0.85295,0.85325,2.40,6.40
2010.01.08 06:25:42.645,0.85295,0.8532,1.00,2.40
2010.01.08 06:26:07.059,0.85295,0.85315,1.00,4.00
2010.01.08 06:26:09.898,0.85295,0.8532,1.00,2.40
2010.01.08 06:26:21.566,0.853,0.8532,1.00,2.40
2010.01.08 06:26:24.225,0.8531,0.85325,1.00,4.00
2010.01.08 06:26:41.001,0.85315,0.85325,1.00,4.00
2010.01.08 06:26:45.250,0.85305,0.8532,1.00,4.00
2010.01.08 06:26:45.610,0.853,0.8532,1.00,2.40
2010.01.08 06:26:46.640,0.85305,0.8532,1.00,2.40
2010.01.08 06:26:56.128,0.8531,0.85335,4.00,8.80
2010.01.08 06:26:56.487,0.8531,0.8533,1.00,2.40
2010.01.08 06:26:57.407,0.8532,0.85335,1.00,4.00
2010.01.08 06:26:57.647,0.8532,0.85325,1.00,1.60
2010.01.08 06:26:57.937,0.85315,0.85325,1.00,1.60
2010.01.08 06:26:58.727,0.85315,0.8533,1.00,2.40
2010.01.08 06:26:59.716,0.8532,0.8533,1.00,2.40
2010.01.08 06:27:00.587,0.85315,0.85335,1.00,4.00
2010.01.08 06:27:00.937,0.8532,0.8533,1.00,2.40
2010.01.08 06:27:02.376,0.8532,0.85335,1.00,2.40
2010.01.08 06:27:03.416,0.8532,0.85335,1.00,4.80
2010.01.08 06:27:03.526,0.8532,0.8533,1.00,3.20
2010.01.08 06:27:03.746,0.85315,0.8533,1.00,3.20
2010.01.08 06:27:04.696,0.85315,0.8533,1.00,7.20
2010.01.08 06:27:05.035,0.85315,0.8533,1.00,3.20
2010.01.08 06:27:05.715,0.85315,0.8533,1.00,4.00
2010.01.08 06:27:05.935,0.85315,0.8533,1.00,3.20
2010.01.08 06:27:09.384,0.8531,0.8533,1.00,3.20
2010.01.08 06:27:09.914,0.85315,0.8533,1.00,1.00
2010.01.08 06:27:10.264,0.8532,0.85335,1.00,7.20
2010.01.08 06:27:11.284,0.8532,0.85335,1.00,4.80
2010.01.08 06:27:11.614,0.85315,0.8533,1.00,2.40
2010.01.08 06:27:11.964,0.8531,0.8533,1.00,2.40
2010.01.08 06:27:12.314,0.85315,0.85335,1.00,5.60
2010.01.08 06:27:14.543,0.85315,0.85335,1.00,9.60
2010.01.08 06:27:15.173,0.8532,0.85335,1.00,9.60
2010.01.08 06:27:15.523,0.85315,0.85335,1.00,4.80
2010.01.08 06:27:15.873,0.8532,0.8534,1.00,2.40
2010.01.08 06:27:16.912,0.85325,0.8534,1.00,2.40
2010.01.08 06:27:20.812,0.8532,0.85335,1.00,4.00
2010.01.08 06:27:21.751,0.85325,0.85335,1.00,4.00
2010.01.08 06:27:22.101,0.8532,0.85335,1.00,4.00
2010.01.08 06:27:24.470,0.8531,0.8533,1.60,2.40
2010.01.08 06:27:24.590,0.8531,0.85335,1.00,4.00
2010.01.08 06:27:25.151,0.85315,0.8533,1.00,2.40
2010.01.08 06:27:25.260,0.8532,0.8533,1.00,2.40
2010.01.08 06:27:25.600,0.8532,0.8534,1.00,6.40
2010.01.08 06:27:25.950,0.85325,0.8534,1.00,2.40
2010.01.08 06:27:26.290,0.8532,0.8534,1.00,2.40
2010.01.08 06:27:26.580,0.85325,0.8534,1.00,2.40
2010.01.08 06:27:26.810,0.8532,0.85335,1.00,2.40
2010.01.08 06:27:27.340,0.8532,0.8533,1.00,2.40
2010.01.08 06:27:28.220,0.85315,0.8533,1.00,2.40
2010.01.08 06:27:28.989,0.8532,0.8533,1.00,2.40
2010.01.08 06:27:30.219,0.85315,0.8533,1.00,2.40
2010.01.08 06:27:30.799,0.8532,0.85325,1.00,2.40
2010.01.08 06:27:31.019,0.8532,0.85325,1.00,4.00
2010.01.08 06:27:32.319,0.8532,0.85335,1.00,12.00
2010.01.08 06:27:32.669,0.85325,0.8533,1.00,2.40
2010.01.08 06:27:37.557,0.8532,0.8533,1.00,2.40
2010.01.08 06:27:47.005,0.8532,0.85335,1.00,2.40
2010.01.08 06:27:48.705,0.85325,0.85335,1.00,2.40
2010.01.08 06:27:49.045,0.8532,0.85335,1.00,2.40
2010.01.08 06:27:50.404,0.85325,0.85335,1.00,2.40
2010.01.08 06:27:51.784,0.85315,0.85335,1.00,2.40
2010.01.08 06:27:51.944,0.85315,0.85335,1.00,3.20
2010.01.08 06:27:52.184,0.8531,0.85335,1.00,3.20
2010.01.08 06:27:52.364,0.8531,0.85335,1.00,3.20
2010.01.08 06:27:57.173,0.8531,0.8533,1.00,2.40
2010.01.08 06:27:57.583,0.8531,0.8533,1.00,3.20
2010.01.08 06:27:58.092,0.85305,0.8532,1.00,2.40
2010.01.08 06:28:12.799,0.85305,0.85325,1.00,4.00
2010.01.08 06:28:15.168,0.8531,0.85325,1.00,4.00
2010.01.08 06:28:15.398,0.8531,0.8533,1.00,3.20
2010.01.08 06:28:23.486,0.85315,0.8533,1.00,3.20
2010.01.08 06:28:23.666,0.85315,0.85335,3.20,8.80
2010.01.08 06:28:23.786,0.85315,0.85335,3.20,4.00
2010.01.08 06:28:23.957,0.85315,0.85335,3.20,1.60
2010.01.08 06:28:24.816,0.8532,0.85335,1.00,1.60
2010.01.08 06:28:25.836,0.85325,0.85335,1.00,1.60
2010.01.08 06:28:30.295,0.8531,0.8533,1.00,2.40
2010.01.08 06:28:30.995,0.8531,0.8533,1.00,3.20
2010.01.08 06:28:38.603,0.8531,0.8533,1.00,11.20
2010.01.08 06:28:38.713,0.8531,0.85325,1.00,2.40
2010.01.08 06:28:38.773,0.8531,0.8533,1.00,3.20
2010.01.08 06:28:47.361,0.8531,0.8533,3.20,1.00
2010.01.08 06:28:47.651,0.85315,0.85335,8.00,4.00
2010.01.08 06:28:47.951,0.8532,0.85335,4.00,4.00
2010.01.08 06:28:48.720,0.85315,0.85335,4.00,4.00
2010.01.08 06:28:48.950,0.85315,0.85335,1.00,4.00
2010.01.08 06:28:50.320,0.85315,0.85335,1.00,1.60
2010.01.08 06:28:50.660,0.85315,0.8534,4.80,2.40
2010.01.08 06:28:51.010,0.85315,0.8534,8.80,2.40
2010.01.08 06:28:51.350,0.8532,0.8534,1.00,2.40
2010.01.08 06:28:53.539,0.8532,0.8534,1.00,2.40
2010.01.08 06:28:53.719,0.8532,0.85345,1.00,7.20
2010.01.08 06:28:53.769,0.8532,0.85345,4.80,6.40
2010.01.08 06:28:53.829,0.8533,0.85345,1.00,1.60
2010.01.08 06:28:54.169,0.8533,0.8535,1.00,2.40
2010.01.08 06:28:55.379,0.8533,0.8535,1.00,2.40
2010.01.08 06:28:56.748,0.85335,0.8535,1.00,2.40
2010.01.08 06:28:57.378,0.85325,0.8535,3.20,6.40
2010.01.08 06:28:57.728,0.8533,0.8535,1.00,6.40
2010.01.08 06:28:58.818,0.85335,0.8535,1.00,6.40
2010.01.08 06:29:01.007,0.85335,0.8535,1.00,6.40
2010.01.08 06:29:01.367,0.8533,0.8535,3.20,4.00
2010.01.08 06:29:01.707,0.85335,0.85355,1.00,10.40
2010.01.08 06:29:02.037,0.85335,0.85355,3.20,4.00
2010.01.08 06:29:02.327,0.85335,0.85365,3.20,13.60
2010.01.08 06:29:03.726,0.85335,0.85355,1.00,2.40
2010.01.08 06:29:04.357,0.8534,0.85355,1.00,2.40
2010.01.08 06:29:14.824,0.8534,0.8536,1.00,2.40
2010.01.08 06:29:16.214,0.85335,0.8536,11.20,2.40
2010.01.08 06:29:16.604,0.8534,0.8535,1.00,2.40
2010.01.08 06:29:16.944,0.8534,0.85355,4.00,2.40
2010.01.08 06:29:17.294,0.8534,0.85355,1.00,2.40
2010.01.08 06:29:19.353,0.8534,0.8536,1.00,2.40
2010.01.08 06:29:24.871,0.8534,0.8536,1.00,2.40
2010.01.08 06:29:25.101,0.85345,0.85365,1.00,4.00
2010.01.08 06:29:26.611,0.8535,0.85365,1.00,4.00
2010.01.08 06:29:27.341,0.85345,0.8537,3.20,2.60
2010.01.08 06:29:27.461,0.85345,0.8537,3.20,2.40
2010.01.08 06:29:28.900,0.8535,0.8537,1.00,2.40
2010.01.08 06:29:29.410,0.85355,0.8537,1.00,2.40
2010.01.08 06:29:29.590,0.85355,0.85375,1.00,7.40
2010.01.08 06:29:29.650,0.8535,0.85375,2.50,7.20
2010.01.08 06:29:29.770,0.8535,0.85375,2.40,7.20
2010.01.08 06:29:29.830,0.8535,0.8537,1.00,2.40
2010.01.08 06:29:33.169,0.8536,0.85375,1.00,2.40
2010.01.08 06:29:33.350,0.8536,0.8538,1.00,4.80
2010.01.08 06:29:33.520,0.85355,0.85375,1.00,4.00
2010.01.08 06:29:33.930,0.85355,0.8538,2.40,4.80
2010.01.08 06:29:34.040,0.8535,0.85375,10.40,2.40
2010.01.08 06:29:34.619,0.8535,0.8537,2.40,1.60
2010.01.08 06:29:35.009,0.8535,0.85375,2.40,4.00
2010.01.08 06:29:35.599,0.85355,0.85375,1.00,4.00
2010.01.08 06:29:37.558,0.85355,0.8538,2.40,8.80
2010.01.08 06:29:38.038,0.85355,0.8538,2.40,4.80
2010.01.08 06:29:38.728,0.8536,0.8538,1.00,4.80
2010.01.08 06:29:42.457,0.85355,0.85375,1.00,4.00
2010.01.08 06:29:47.336,0.8536,0.85375,1.00,4.00
2010.01.08 06:29:50.855,0.85365,0.8538,1.00,1.60
2010.01.08 06:29:56.204,0.85365,0.85385,1.00,4.00
2010.01.08 06:29:56.884,0.85365,0.8539,2.40,12.80
2010.01.08 06:29:57.214,0.85365,0.8539,2.40,4.80
2010.01.08 06:29:57.694,0.8537,0.8539,1.00,4.80
2010.01.08 06:29:57.933,0.85365,0.8539,2.40,5.60
2010.01.08 06:29:58.163,0.8536,0.85385,6.40,2.40
2010.01.08 06:29:58.953,0.8536,0.85385,2.40,2.40
2010.01.08 06:29:59.173,0.85365,0.8539,2.40,5.60
2010.01.08 06:29:59.533,0.85365,0.85385,1.00,4.00
2010.01.08 06:30:00.943,0.85365,0.8538,1.00,1.60
2010.01.08 06:30:01.223,0.85365,0.8538,1.00,4.00
2010.01.08 06:30:01.914,0.85365,0.85385,1.00,2.40
2010.01.08 06:30:02.243,0.85365,0.8539,2.40,4.00
2010.01.08 06:30:03.542,0.8537,0.8539,1.00,4.00
2010.01.08 06:30:08.401,0.85365,0.85385,2.40,1.60
2010.01.08 06:30:08.581,0.85365,0.8539,2.40,4.80
2010.01.08 06:30:09.691,0.8537,0.8539,1.00,4.80
2010.01.08 06:30:09.921,0.8537,0.8539,1.00,5.80
2010.01.08 06:30:10.151,0.8537,0.85385,1.00,2.40
2010.01.08 06:30:10.601,0.8537,0.8538,1.00,2.40
2010.01.08 06:30:10.940,0.8537,0.85385,1.00,3.20
2010.01.08 06:30:13.140,0.8537,0.85385,1.00,1.00
2010.01.08 06:30:13.440,0.8537,0.8539,1.00,8.20
2010.01.08 06:30:14.729,0.8537,0.8539,1.00,9.00
2010.01.08 06:30:14.849,0.85365,0.8539,2.40,9.00
2010.01.08 06:30:15.019,0.8536,0.85385,2.40,2.40
2010.01.08 06:30:17.429,0.8536,0.8538,1.00,4.00
2010.01.08 06:30:17.939,0.8536,0.8538,1.00,4.80
2010.01.08 06:30:18.059,0.8535,0.85375,10.40,2.40
2010.01.08 06:30:22.577,0.85355,0.85375,1.00,2.40
2010.01.08 06:30:23.787,0.85355,0.8538,2.40,4.80
2010.01.08 06:30:24.637,0.8536,0.8538,1.00,4.80
2010.01.08 06:30:26.666,0.85355,0.8538,2.40,5.60
2010.01.08 06:30:27.007,0.8535,0.85375,10.40,2.40
2010.01.08 06:30:27.246,0.8535,0.8537,8.00,2.40
2010.01.08 06:30:27.417,0.8535,0.8537,10.40,1.00
2010.01.08 06:30:27.646,0.8535,0.8537,1.00,2.40
2010.01.08 06:30:27.816,0.8535,0.8537,8.00,2.40
2010.01.08 06:30:28.096,0.85355,0.8537,1.00,2.40
2010.01.08 06:30:28.446,0.85355,0.85375,1.00,2.40
2010.01.08 06:30:29.026,0.85355,0.85375,1.00,3.20
2010.01.08 06:30:29.306,0.85355,0.85375,1.00,2.40
2010.01.08 06:30:29.546,0.8536,0.85375,1.00,2.40
2010.01.08 06:30:30.416,0.8536,0.8538,1.00,4.80
2010.01.08 06:30:31.096,0.85355,0.85375,1.00,4.00
2010.01.08 06:30:31.665,0.8535,0.85375,2.40,4.00
2010.01.08 06:30:31.956,0.85355,0.85375,2.40,1.60
2010.01.08 06:30:32.245,0.85355,0.8538,2.40,4.80
2010.01.08 06:30:32.595,0.85355,0.8538,2.40,4.00
2010.01.08 06:30:32.935,0.85355,0.8538,2.40,4.00
2010.01.08 06:30:34.065,0.8536,0.8538,2.40,1.60
2010.01.08 06:30:35.744,0.8536,0.8538,2.40,1.60
2010.01.08 06:30:41.493,0.85365,0.8538,1.00,1.60
2010.01.08 06:30:43.382,0.85365,0.85385,2.40,3.20
2010.01.08 06:30:43.563,0.85365,0.8539,2.40,8.20
2010.01.08 06:30:44.472,0.8537,0.8539,1.00,8.20
2010.01.08 06:30:44.532,0.85365,0.8539,2.40,8.20
2010.01.08 06:30:45.182,0.85365,0.8539,2.50,8.20
2010.01.08 06:30:46.162,0.8537,0.8539,1.00,4.80
2010.01.08 06:30:51.331,0.8537,0.85385,1.00,2.40
2010.01.08 06:30:51.551,0.85365,0.8539,2.40,4.80
2010.01.08 06:30:51.840,0.8537,0.8539,1.00,4.80
2010.01.08 06:30:55.000,0.85365,0.8539,2.40,4.80
2010.01.08 06:30:58.349,0.85365,0.85385,1.00,3.20
2010.01.08 06:30:58.519,0.85365,0.8538,1.00,1.60
2010.01.08 06:30:58.749,0.8536,0.8538,2.40,1.60
2010.01.08 06:30:59.049,0.85355,0.8538,8.10,4.00
2010.01.08 06:30:59.619,0.85365,0.85385,1.00,2.40
2010.01.08 06:31:01.268,0.8537,0.8539,1.00,4.80
2010.01.08 06:31:01.618,0.8537,0.8539,2.40,2.40
2010.01.08 06:31:01.858,0.8537,0.8539,2.40,1.60
2010.01.08 06:31:02.718,0.85375,0.8539,1.00,1.60
2010.01.08 06:31:04.238,0.85375,0.8539,1.00,2.40
2010.01.08 06:31:04.357,0.8537,0.8538,1.00,1.60
2010.01.08 06:31:04.687,0.8537,0.8539,1.00,6.00
2010.01.08 06:31:04.808,0.8537,0.8539,1.00,5.60
2010.01.08 06:31:05.507,0.85365,0.85385,1.00,2.40
2010.01.08 06:31:06.877,0.8537,0.8539,1.00,4.80
2010.01.08 06:31:07.157,0.85365,0.8539,2.40,4.80
2010.01.08 06:31:07.497,0.85365,0.8539,2.40,4.80
2010.01.08 06:31:07.847,0.8536,0.85385,2.40,4.00
2010.01.08 06:31:08.206,0.8536,0.8538,1.00,4.00
2010.01.08 06:31:11.976,0.8536,0.85375,1.00,1.60
2010.01.08 06:31:12.095,0.8536,0.85375,1.00,4.00
2010.01.08 06:31:12.266,0.8536,0.8538,1.00,4.00
2010.01.08 06:31:14.165,0.85375,0.8538,1.00,4.00
2010.01.08 06:31:14.275,0.8538,0.8539,2.40,1.00
2010.01.08 06:31:14.435,0.85375,0.85395,8.00,1.00
2010.01.08 06:31:14.765,0.85375,0.85405,4.00,3.20
2010.01.08 06:31:15.055,0.85375,0.85405,1.00,3.20
2010.01.08 06:31:17.205,0.8537,0.854,10.40,1.00
2010.01.08 06:31:17.384,0.8537,0.8539,1.00,2.40
2010.01.08 06:31:18.474,0.8537,0.8539,1.00,4.00
2010.01.08 06:31:22.783,0.85375,0.85395,2.40,5.60
2010.01.08 06:31:23.173,0.85375,0.85395,2.40,1.60
2010.01.08 06:31:23.573,0.85375,0.85395,3.20,1.60
2010.01.08 06:31:23.683,0.85385,0.85395,1.00,1.60
2010.01.08 06:31:24.483,0.85375,0.8539,1.00,4.00
2010.01.08 06:31:25.182,0.8537,0.8539,1.00,4.00
2010.01.08 06:31:29.881,0.85375,0.8539,1.00,4.00
2010.01.08 06:31:32.981,0.8537,0.8539,1.00,4.00
2010.01.08 06:31:33.270,0.85375,0.8539,1.00,4.00
2010.01.08 06:31:45.258,0.8537,0.8539,1.00,4.00
2010.01.08 06:31:54.005,0.85375,0.85395,1.00,11.20
2010.01.08 06:31:54.185,0.85375,0.85395,1.00,2.40
2010.01.08 06:31:54.405,0.8537,0.85395,2.40,2.40
2010.01.08 06:31:54.625,0.8537,0.85395,2.40,6.40
2010.01.08 06:31:54.736,0.85375,0.85395,1.00,6.40
2010.01.08 06:31:54.915,0.85375,0.85395,1.00,2.40
2010.01.08 06:31:57.215,0.85375,0.8539,1.00,2.40
2010.01.08 06:31:57.485,0.8537,0.85395,1.00,12.80
2010.01.08 06:31:58.075,0.8537,0.8539,2.40,1.60
2010.01.08 06:31:58.415,0.85365,0.85385,1.00,2.40
2010.01.08 06:31:58.655,0.8537,0.8539,1.00,8.00
2010.01.08 06:31:58.825,0.8537,0.8539,1.00,4.00
2010.01.08 06:31:58.995,0.85365,0.85395,2.40,18.60
2010.01.08 06:32:06.413,0.85365,0.8539,2.40,4.00
2010.01.08 06:32:10.422,0.85365,0.85385,1.00,2.40
2010.01.08 06:32:10.761,0.85365,0.8539,2.40,8.80
2010.01.08 06:32:11.152,0.85365,0.8539,2.40,4.80
2010.01.08 06:32:11.451,0.85365,0.8539,2.40,4.00
2010.01.08 06:32:16.380,0.8537,0.8539,1.00,4.00
2010.01.08 06:32:16.730,0.85365,0.8539,2.40,4.00
2010.01.08 06:32:17.080,0.8537,0.8539,1.00,4.00
2010.01.08 06:32:30.227,0.8538,0.854,2.40,2.40
2010.01.08 06:32:30.906,0.8538,0.854,2.40,2.40
2010.01.08 06:32:31.606,0.8538,0.854,1.00,4.80
2010.01.08 06:32:32.007,0.85385,0.854,1.00,4.80
2010.01.08 06:32:36.895,0.8538,0.854,1.00,4.80
2010.01.08 06:32:37.235,0.8538,0.85405,2.40,4.80
2010.01.08 06:32:37.405,0.8538,0.85405,2.40,5.60
2010.01.08 06:32:37.575,0.8538,0.85405,2.40,4.80
2010.01.08 06:32:38.735,0.85385,0.85405,1.00,4.80
2010.01.08 06:33:01.319,0.85385,0.85405,1.00,5.60
2010.01.08 06:33:01.669,0.8538,0.854,1.00,4.00
2010.01.08 06:33:02.019,0.85385,0.854,1.00,4.00
2010.01.08 06:33:02.359,0.85385,0.85405,1.00,9.00
2010.01.08 06:33:02.709,0.85385,0.85405,1.00,5.60
2010.01.08 06:33:07.528,0.85385,0.854,1.00,2.40
2010.01.08 06:33:08.118,0.85385,0.854,1.00,4.00
2010.01.08 06:33:08.357,0.8538,0.854,1.00,4.80
2010.01.08 06:33:08.577,0.85385,0.854,1.00,4.80
2010.01.08 06:33:09.047,0.8538,0.854,1.00,4.80
2010.01.08 06:33:09.267,0.8538,0.854,1.00,2.40
2010.01.08 06:33:09.378,0.85385,0.854,1.00,2.40
2010.01.08 06:33:10.747,0.8538,0.854,1.00,2.40
2010.01.08 06:33:12.177,0.85385,0.854,1.00,2.40
2010.01.08 06:33:15.476,0.8538,0.854,1.00,2.40
2010.01.08 06:33:15.656,0.85385,0.854,1.00,2.40
2010.01.08 06:33:15.956,0.8538,0.854,1.00,2.40
2010.01.08 06:33:16.976,0.85385,0.854,1.00,2.40
2010.01.08 06:33:17.445,0.85385,0.854,1.00,4.00
2010.01.08 06:33:17.745,0.8538,0.854,1.00,4.00
2010.01.08 06:33:26.103,0.85375,0.854,1.00,4.00
2010.01.08 06:33:32.182,0.8538,0.854,1.00,4.00
2010.01.08 06:33:32.482,0.85365,0.85385,9.60,2.40
2010.01.08 06:33:32.812,0.8537,0.8539,2.40,1.60
2010.01.08 06:33:33.102,0.8537,0.854,2.40,4.80
2010.01.08 06:33:33.981,0.8537,0.854,2.40,4.00
2010.01.08 06:33:34.711,0.85375,0.854,1.00,4.00
2010.01.08 06:33:35.472,0.8538,0.854,1.00,4.00
2010.01.08 06:33:37.171,0.8538,0.85405,2.40,2.40
2010.01.08 06:33:38.820,0.8538,0.85405,4.00,2.40
2010.01.08 06:33:38.990,0.8538,0.85405,1.00,2.40
2010.01.08 06:33:40.190,0.85375,0.854,2.40,2.40
2010.01.08 06:33:40.410,0.8538,0.854,1.00,4.00
2010.01.08 06:33:40.680,0.85375,0.854,6.50,2.40
2010.01.08 06:33:45.908,0.8538,0.8541,2.40,10.40
2010.01.08 06:33:46.258,0.8538,0.8541,6.40,2.40
2010.01.08 06:33:47.988,0.8538,0.8541,7.20,2.40
2010.01.08 06:33:48.268,0.85385,0.85405,4.00,2.40
2010.01.08 06:33:48.568,0.85385,0.85405,1.00,2.40
2010.01.08 06:33:48.848,0.85385,0.8541,2.40,2.40
2010.01.08 06:33:48.908,0.85385,0.8541,6.40,2.40
2010.01.08 06:33:48.958,0.85385,0.8541,4.00,2.40
2010.01.08 06:33:49.068,0.8538,0.8541,10.40,2.40
2010.01.08 06:33:49.128,0.8538,0.8541,6.40,2.40
2010.01.08 06:33:54.836,0.8538,0.8541,7.20,2.40
2010.01.08 06:33:54.957,0.8539,0.8541,1.00,2.40
2010.01.08 06:33:55.696,0.85385,0.8541,2.40,3.20
2010.01.08 06:33:55.996,0.8538,0.85405,1.00,2.40
2010.01.08 06:33:56.396,0.85375,0.85395,1.00,2.40
2010.01.08 06:33:57.795,0.8538,0.85395,1.00,2.40
2010.01.08 06:34:00.305,0.8538,0.854,1.00,2.40
2010.01.08 06:34:00.665,0.8538,0.85395,1.00,2.40
2010.01.08 06:34:05.404,0.8537,0.85395,4.00,2.40
2010.01.08 06:34:05.634,0.8537,0.85395,1.00,2.40
2010.01.08 06:34:07.593,0.85375,0.85395,1.00,2.40
2010.01.08 06:34:07.803,0.8537,0.85395,1.00,2.40
2010.01.08 06:34:12.372,0.8537,0.854,6.40,3.20
2010.01.08 06:34:12.662,0.8537,0.854,6.40,2.40
2010.01.08 06:34:22.650,0.8537,0.85405,7.20,10.40
2010.01.08 06:34:22.820,0.85375,0.85405,2.40,6.40
2010.01.08 06:34:23.409,0.85375,0.85405,2.40,2.40
2010.01.08 06:34:24.079,0.85375,0.85405,2.40,2.40
2010.01.08 06:34:24.699,0.8538,0.85405,1.00,2.40
2010.01.08 06:34:27.119,0.8538,0.85405,2.40,2.40
2010.01.08 06:34:28.698,0.85385,0.85405,1.00,2.40
2010.01.08 06:34:37.876,0.85385,0.854,1.00,4.00
2010.01.08 06:34:40.995,0.8538,0.85395,1.00,2.40
2010.01.08 06:34:41.495,0.8538,0.854,1.00,4.00
2010.01.08 06:34:42.765,0.85385,0.854,1.00,4.00
2010.01.08 06:34:49.173,0.85375,0.8539,1.60,2.40
2010.01.08 06:34:49.293,0.85375,0.8539,1.00,2.40
2010.01.08 06:34:49.623,0.8537,0.8539,8.00,2.40
2010.01.08 06:34:49.963,0.8537,0.8539,1.00,4.00
2010.01.08 06:34:53.902,0.85365,0.8539,8.00,4.00
2010.01.08 06:34:58.091,0.8537,0.85385,1.00,4.00
2010.01.08 06:34:58.321,0.8537,0.85385,1.00,2.40
2010.01.08 06:34:58.541,0.8537,0.8539,1.00,8.00
2010.01.08 06:34:58.781,0.8537,0.8539,1.00,4.00
2010.01.08 06:35:01.540,0.8537,0.8539,1.00,1.60
2010.01.08 06:35:02.680,0.85365,0.8539,2.40,4.00
2010.01.08 06:35:03.770,0.85365,0.8539,2.40,4.00
2010.01.08 06:35:04.680,0.8537,0.8539,1.00,2.40
2010.01.08 06:35:04.860,0.85365,0.85395,3.20,13.60
2010.01.08 06:35:05.149,0.85365,0.85395,2.40,5.60
2010.01.08 06:35:08.949,0.85365,0.85395,2.40,4.80
2010.01.08 06:35:09.348,0.85365,0.85395,2.40,2.40
2010.01.08 06:35:10.028,0.85365,0.85395,6.40,3.20
2010.01.08 06:35:10.369,0.85365,0.8539,2.40,4.00
2010.01.08 06:35:12.508,0.85365,0.8539,2.40,4.80
2010.01.08 06:35:12.848,0.85355,0.85385,10.40,2.40
2010.01.08 06:35:13.187,0.8536,0.85385,1.00,2.40
2010.01.08 06:35:13.768,0.85355,0.85385,10.40,2.40
2010.01.08 06:35:14.047,0.8536,0.85385,1.00,2.40
2010.01.08 06:35:14.637,0.85365,0.8539,2.40,12.00
2010.01.08 06:35:14.997,0.85365,0.8539,2.40,4.00
2010.01.08 06:35:15.647,0.85365,0.8539,2.40,4.00
2010.01.08 06:35:17.166,0.85365,0.8539,2.40,4.80
2010.01.08 06:35:17.826,0.8536,0.85385,6.40,4.00
2010.01.08 06:35:18.006,0.8536,0.85385,2.40,4.00
2010.01.08 06:35:18.736,0.85365,0.85385,1.00,4.80
2010.01.08 06:35:19.026,0.85355,0.8538,2.40,4.00
2010.01.08 06:35:20.586,0.85355,0.85375,2.40,1.60
2010.01.08 06:35:20.876,0.8535,0.85375,2.40,4.00
2010.01.08 06:35:22.016,0.85355,0.85375,1.00,4.00
2010.01.08 06:35:23.766,0.8535,0.85375,2.40,4.00
2010.01.08 06:35:24.405,0.85355,0.85375,1.00,4.00
2010.01.08 06:35:24.984,0.8535,0.85375,2.40,4.00
2010.01.08 06:35:26.064,0.85345,0.8537,10.40,4.00
2010.01.08 06:35:26.464,0.85345,0.8537,2.40,4.00
2010.01.08 06:35:26.764,0.8535,0.8537,1.00,4.00
2010.01.08 06:35:27.124,0.85345,0.8537,2.40,4.00
2010.01.08 06:35:28.044,0.8535,0.8537,1.00,4.00
2010.01.08 06:35:28.284,0.85345,0.8537,2.40,4.00
2010.01.08 06:35:29.644,0.8535,0.8537,1.00,4.00
2010.01.08 06:35:29.973,0.85345,0.8537,2.40,4.00
2010.01.08 06:35:30.763,0.8535,0.8537,1.00,1.60
2010.01.08 06:35:30.923,0.8535,0.85375,2.80,4.00
2010.01.08 06:35:31.093,0.85355,0.8538,1.00,4.00
2010.01.08 06:35:31.573,0.85355,0.8538,1.00,6.40
2010.01.08 06:35:31.753,0.85355,0.8538,8.00,2.40
2010.01.08 06:35:32.093,0.85355,0.8538,2.40,2.40
2010.01.08 06:35:34.072,0.85355,0.8538,6.40,2.40
2010.01.08 06:35:39.921,0.8536,0.8538,1.00,2.40
2010.01.08 06:35:40.101,0.85365,0.8539,2.40,2.40
2010.01.08 06:35:40.341,0.85365,0.854,3.20,11.20
2010.01.08 06:35:40.691,0.85365,0.854,11.20,11.20
2010.01.08 06:35:41.381,0.85365,0.854,11.20,7.20
2010.01.08 06:35:41.730,0.85365,0.854,11.20,3.20
2010.01.08 06:35:42.060,0.85365,0.854,11.20,7.20
2010.01.08 06:35:42.750,0.8537,0.854,1.00,7.20
2010.01.08 06:35:43.381,0.85365,0.8539,10.40,2.40
2010.01.08 06:35:43.710,0.8536,0.8539,11.20,2.40
2010.01.08 06:35:44.000,0.8536,0.8539,4.80,7.20
2010.01.08 06:35:44.290,0.85355,0.8539,4.00,11.20
2010.01.08 06:35:44.530,0.85355,0.8539,8.00,11.20
2010.01.08 06:35:45.920,0.85355,0.8539,4.00,11.20
2010.01.08 06:35:46.859,0.8536,0.8539,2.40,6.40
2010.01.08 06:35:47.139,0.8536,0.8539,6.40,2.40
2010.01.08 06:35:51.188,0.8536,0.8539,2.40,6.40
2010.01.08 06:35:51.588,0.85355,0.85375,8.00,2.40
2010.01.08 06:35:51.928,0.85365,0.8539,2.40,6.40
2010.01.08 06:35:52.278,0.8536,0.8539,6.40,2.40
2010.01.08 06:35:52.628,0.8536,0.8539,3.20,10.40
2010.01.08 06:35:57.767,0.8536,0.8539,2.40,10.40
2010.01.08 06:36:12.203,0.8536,0.8539,2.40,10.40
2010.01.08 06:36:18.732,0.8536,0.85395,2.40,19.60
2010.01.08 06:36:18.902,0.8536,0.85385,2.40,2.40
2010.01.08 06:36:19.941,0.8536,0.8539,2.40,12.00
2010.01.08 06:36:20.042,0.8536,0.8539,2.40,10.40
2010.01.08 06:36:20.211,0.8536,0.8539,6.40,2.40
2010.01.08 06:36:20.561,0.8536,0.8539,2.40,2.40
2010.01.08 06:36:23.261,0.85365,0.85395,2.40,13.60
2010.01.08 06:36:23.551,0.85365,0.85395,2.40,13.60
2010.01.08 06:36:24.071,0.8536,0.8539,11.20,2.40
2010.01.08 06:36:24.241,0.8536,0.8539,10.40,2.40
2010.01.08 06:36:24.470,0.8536,0.8539,6.40,2.40
2010.01.08 06:36:24.740,0.8536,0.8539,2.40,6.40
2010.01.08 06:36:26.080,0.8536,0.8539,2.40,2.40
2010.01.08 06:36:26.890,0.8536,0.85385,2.40,2.40
2010.01.08 06:36:27.070,0.85355,0.8538,14.10,2.40
2010.01.08 06:36:27.310,0.85355,0.8538,2.40,2.40
2010.01.08 06:36:27.570,0.8536,0.85385,2.40,2.40
2010.01.08 06:36:28.899,0.85375,0.85395,2.40,2.40
2010.01.08 06:36:29.240,0.85375,0.85405,2.40,9.60
2010.01.08 06:36:29.589,0.85375,0.8541,2.40,13.90
2010.01.08 06:36:30.269,0.85375,0.85405,2.40,6.40
2010.01.08 06:36:31.189,0.85375,0.85405,2.40,6.40
2010.01.08 06:36:33.198,0.8537,0.854,10.40,2.40
2010.01.08 06:36:33.768,0.8537,0.854,2.40,6.40
2010.01.08 06:36:36.157,0.85365,0.85395,14.40,2.40
2010.01.08 06:36:36.517,0.85365,0.85395,10.40,2.40
2010.01.08 06:36:36.817,0.85365,0.85395,9.60,2.40
2010.01.08 06:36:37.167,0.8537,0.85395,2.40,2.40
2010.01.08 06:36:37.517,0.85375,0.854,2.40,8.00
2010.01.08 06:36:37.807,0.85375,0.854,2.40,12.00
2010.01.08 06:36:38.037,0.8537,0.85395,2.40,2.40
2010.01.08 06:36:38.327,0.8537,0.85395,2.40,2.40
2010.01.08 06:36:39.137,0.8537,0.85395,2.40,2.40
2010.01.08 06:36:41.146,0.8537,0.85395,4.00,2.40
2010.01.08 06:36:41.486,0.8537,0.8539,2.40,1.60
2010.01.08 06:36:41.836,0.8537,0.85395,2.40,2.40
2010.01.08 06:36:42.646,0.85375,0.854,1.60,12.80
2010.01.08 06:36:42.876,0.85375,0.854,4.00,8.00
2010.01.08 06:36:43.556,0.85375,0.854,4.00,8.00
2010.01.08 06:36:44.006,0.85375,0.854,4.00,8.00
2010.01.08 06:36:44.398,0.85375,0.854,4.00,5.60
2010.01.08 06:36:45.105,0.8538,0.854,2.40,1.60
2010.01.08 06:36:45.845,0.8538,0.854,2.40,1.60
2010.01.08 06:36:46.355,0.85375,0.85385,1.60,2.40
2010.01.08 06:36:46.805,0.85365,0.85385,1.20,4.00
2010.01.08 06:36:47.095,0.85375,0.85395,2.40,2.40
2010.01.08 06:36:47.375,0.85375,0.854,2.40,12.80
2010.01.08 06:36:50.304,0.8538,0.854,2.40,1.60
2010.01.08 06:36:57.312,0.85385,0.8541,2.40,9.10
2010.01.08 06:36:57.592,0.85385,0.8541,2.40,8.00
2010.01.08 06:36:59.412,0.85385,0.8541,2.40,6.40
2010.01.08 06:36:59.572,0.8539,0.8541,2.40,4.00
2010.01.08 06:36:59.692,0.8539,0.85415,2.40,2.40
2010.01.08 06:37:00.212,0.8539,0.85415,1.00,2.40
2010.01.08 06:37:00.492,0.85385,0.85415,2.40,10.40
2010.01.08 06:37:01.411,0.85385,0.8541,2.40,4.00
2010.01.08 06:37:03.661,0.8538,0.85405,2.40,4.00
2010.01.08 06:37:05.600,0.8538,0.8541,2.40,12.00
2010.01.08 06:37:09.749,0.8538,0.8541,2.40,10.40
2010.01.08 06:37:12.279,0.85385,0.8541,2.40,2.40
2010.01.08 06:37:12.619,0.85375,0.85405,2.40,2.40
2010.01.08 06:37:14.428,0.85375,0.85405,3.20,2.40
2010.01.08 06:37:14.598,0.8538,0.8541,2.40,3.20
2010.01.08 06:37:15.908,0.8538,0.8541,2.40,3.20
2010.01.08 06:37:19.047,0.85385,0.8541,8.00,3.20
2010.01.08 06:37:22.226,0.8538,0.8541,2.80,2.40
2010.01.08 06:37:22.567,0.8539,0.85415,1.00,9.90
2010.01.08 06:37:25.976,0.85395,0.85415,2.40,4.00
2010.01.08 06:37:26.206,0.85385,0.85415,3.20,2.40
2010.01.08 06:37:26.446,0.85385,0.85415,2.40,3.40
2010.01.08 06:37:26.675,0.85385,0.85415,2.40,5.80
2010.01.08 06:37:27.395,0.85385,0.85415,2.40,5.90
2010.01.08 06:37:27.745,0.85385,0.85415,4.00,5.80
2010.01.08 06:37:27.985,0.8539,0.85415,2.40,5.80
2010.01.08 06:37:29.674,0.8539,0.85415,2.40,5.80
2010.01.08 06:37:32.814,0.85395,0.85415,2.40,2.40
2010.01.08 06:37:33.114,0.8539,0.85415,2.40,2.40
2010.01.08 06:37:33.754,0.85395,0.8542,2.40,8.30
2010.01.08 06:37:34.743,0.85395,0.8542,2.40,8.30
2010.01.08 06:37:36.183,0.85395,0.8542,2.40,4.80
2010.01.08 06:37:39.902,0.85395,0.8542,4.00,4.00
2010.01.08 06:37:41.582,0.85395,0.8542,2.40,4.00
2010.01.08 06:37:42.731,0.854,0.8542,1.00,4.00
2010.01.08 06:37:43.011,0.854,0.85425,2.40,10.60
2010.01.08 06:37:43.351,0.854,0.85425,2.40,7.20
2010.01.08 06:37:43.811,0.854,0.85425,2.40,8.00
2010.01.08 06:37:44.041,0.85395,0.8542,2.40,3.20
2010.01.08 06:37:44.331,0.854,0.8542,1.00,2.40
2010.01.08 06:37:44.511,0.854,0.85425,2.40,8.00
2010.01.08 06:37:45.271,0.854,0.85425,2.40,7.20
2010.01.08 06:37:45.501,0.854,0.85425,2.40,4.80
2010.01.08 06:37:48.460,0.854,0.85425,2.40,4.80
2010.01.08 06:37:52.029,0.854,0.85425,2.40,4.00
2010.01.08 06:37:52.989,0.85395,0.8542,6.40,2.40
2010.01.08 06:37:53.289,0.85395,0.8542,2.40,2.40
2010.01.08 06:37:53.469,0.85395,0.8542,2.40,2.40
2010.01.08 06:37:53.879,0.85395,0.8542,2.40,3.20
2010.01.08 06:37:54.109,0.85395,0.8542,2.40,3.20
2010.01.08 06:37:54.559,0.8539,0.85415,10.40,2.40
2010.01.08 06:37:54.789,0.85395,0.8542,2.40,4.00
2010.01.08 06:37:55.028,0.85395,0.8542,2.40,5.60
2010.01.08 06:37:55.208,0.85395,0.8542,2.40,4.00
2010.01.08 06:37:55.598,0.85395,0.8542,2.40,1.00
2010.01.08 06:37:55.929,0.854,0.85425,2.40,4.00
2010.01.08 06:37:56.278,0.85395,0.85425,8.00,8.80
2010.01.08 06:37:56.628,0.85395,0.85425,4.00,8.80
2010.01.08 06:37:56.978,0.85395,0.8543,12.00,17.50
2010.01.08 06:37:57.848,0.8539,0.8542,13.20,1.00
2010.01.08 06:37:58.997,0.85395,0.8542,6.40,4.80
2010.01.08 06:37:59.157,0.8539,0.85415,10.40,2.40
2010.01.08 06:37:59.328,0.8539,0.85415,2.40,2.40
2010.01.08 06:38:00.008,0.85395,0.8542,2.40,2.40
2010.01.08 06:38:02.537,0.854,0.85425,2.40,11.20
2010.01.08 06:38:02.886,0.854,0.85425,2.40,4.00
2010.01.08 06:38:04.596,0.854,0.85425,2.40,2.40
2010.01.08 06:38:04.766,0.85405,0.85425,1.00,2.40
2010.01.08 06:38:04.936,0.85405,0.8543,4.00,4.00
2010.01.08 06:38:05.296,0.85405,0.8543,8.00,2.40
2010.01.08 06:38:05.586,0.854,0.8543,11.20,2.40
2010.01.08 06:38:05.926,0.85405,0.85435,4.00,4.80
2010.01.08 06:38:06.206,0.85405,0.85435,12.00,4.00
2010.01.08 06:38:08.096,0.854,0.8542,2.40,1.60
2010.01.08 06:38:08.665,0.854,0.85425,2.40,4.00
2010.01.08 06:38:09.175,0.854,0.85425,2.40,4.00
2010.01.08 06:38:09.475,0.854,0.8542,2.40,1.00
2010.01.08 06:38:09.685,0.854,0.85425,2.40,4.00
2010.01.08 06:38:09.735,0.85405,0.85425,2.40,1.60
2010.01.08 06:38:11.504,0.854,0.8542,8.00,1.60
2010.01.08 06:38:11.864,0.85395,0.8542,6.40,4.00
2010.01.08 06:38:12.224,0.85395,0.8542,2.40,2.40
2010.01.08 06:38:12.564,0.85395,0.85425,10.40,4.00
2010.01.08 06:38:14.134,0.85395,0.85425,10.40,4.80
2010.01.08 06:38:14.354,0.85395,0.8542,6.40,2.40
2010.01.08 06:38:14.694,0.85395,0.8542,6.40,2.40
2010.01.08 06:38:15.864,0.85395,0.85425,8.00,4.00
2010.01.08 06:38:16.163,0.85395,0.85425,12.00,4.00
2010.01.08 06:38:16.453,0.85405,0.85425,2.40,1.60
2010.01.08 06:38:16.733,0.85405,0.8543,4.00,4.80
2010.01.08 06:38:17.023,0.85405,0.8543,4.00,4.00
2010.01.08 06:38:17.603,0.854,0.8542,8.00,4.00
2010.01.08 06:38:17.883,0.854,0.8542,2.40,1.00
2010.01.08 06:38:18.113,0.854,0.85425,2.40,8.00
2010.01.08 06:38:18.463,0.854,0.85425,2.40,4.00
2010.01.08 06:38:18.853,0.854,0.8542,2.40,1.00
2010.01.08 06:38:19.203,0.85395,0.85415,8.00,2.40
2010.01.08 06:38:19.323,0.8539,0.85415,10.40,2.40
2010.01.08 06:38:19.612,0.8539,0.85415,2.40,2.40
2010.01.08 06:38:19.783,0.8539,0.8541,1.00,2.40
2010.01.08 06:38:20.114,0.85385,0.85405,4.00,2.40
2010.01.08 06:38:20.282,0.85385,0.85405,1.00,2.40
2010.01.08 06:38:20.392,0.8539,0.8541,1.00,2.40
2010.01.08 06:38:20.562,0.85385,0.8541,6.40,2.40
2010.01.08 06:38:20.682,0.8539,0.8541,1.00,2.40
2010.01.08 06:38:20.972,0.85385,0.8541,2.50,2.40
2010.01.08 06:38:21.072,0.8539,0.8541,1.00,2.40
2010.01.08 06:38:21.542,0.85385,0.8541,2.40,2.40
2010.01.08 06:38:22.962,0.8539,0.8541,1.00,2.40
2010.01.08 06:38:23.072,0.85385,0.8541,2.40,2.40
2010.01.08 06:38:23.242,0.85385,0.8541,6.40,2.40
2010.01.08 06:38:24.271,0.85385,0.8541,8.00,2.40
2010.01.08 06:38:24.432,0.8539,0.85415,2.40,2.40
2010.01.08 06:38:25.651,0.85395,0.85415,1.00,2.40
2010.01.08 06:38:26.111,0.8539,0.85415,2.40,2.40
2010.01.08 06:38:26.971,0.8539,0.85415,2.40,3.20
2010.01.08 06:38:27.321,0.8539,0.85415,2.40,2.40
2010.01.08 06:38:27.671,0.85405,0.85425,2.40,10.60
2010.01.08 06:38:27.901,0.85405,0.8543,4.00,4.00
2010.01.08 06:38:28.121,0.85405,0.85435,4.00,8.00
2010.01.08 06:38:28.300,0.85405,0.8543,4.00,1.00
2010.01.08 06:38:28.710,0.854,0.8543,10.40,1.00
2010.01.08 06:38:29.000,0.854,0.85435,10.40,12.00
2010.01.08 06:38:29.590,0.854,0.85425,10.40,1.00
2010.01.08 06:38:30.570,0.854,0.85425,10.40,1.60
2010.01.08 06:38:30.680,0.854,0.85425,10.40,4.00
2010.01.08 06:38:31.760,0.85405,0.85425,1.00,4.00
2010.01.08 06:38:32.689,0.854,0.85425,10.40,4.00
2010.01.08 06:38:33.619,0.85405,0.85425,1.00,4.00
2010.01.08 06:38:33.969,0.854,0.85425,10.40,4.00
2010.01.08 06:38:41.567,0.854,0.8542,2.40,1.60
2010.01.08 06:38:41.917,0.854,0.85425,2.40,4.80
2010.01.08 06:38:42.267,0.85395,0.8542,2.40,2.40
2010.01.08 06:38:47.136,0.85405,0.8542,1.00,2.40
2010.01.08 06:38:47.756,0.854,0.8542,4.00,2.40
2010.01.08 06:38:47.996,0.85395,0.8542,2.40,2.40
2010.01.08 06:38:49.875,0.854,0.85425,2.40,8.00
2010.01.08 06:38:49.997,0.854,0.85425,2.40,4.00
2010.01.08 06:38:51.815,0.854,0.85425,2.40,4.00
2010.01.08 06:38:52.725,0.854,0.85425,2.40,4.00
2010.01.08 06:38:53.464,0.85395,0.8542,6.40,2.40
2010.01.08 06:38:53.754,0.85395,0.8542,2.40,2.40
2010.01.08 06:38:55.724,0.854,0.85425,2.40,8.00
2010.01.08 06:38:56.074,0.854,0.85425,2.40,4.00
2010.01.08 06:39:05.341,0.854,0.85425,2.40,4.80
2010.01.08 06:39:05.512,0.85395,0.8542,2.40,2.40
2010.01.08 06:39:09.770,0.85395,0.8542,4.40,2.40
2010.01.08 06:39:09.881,0.854,0.85425,2.40,4.00
2010.01.08 06:39:11.760,0.854,0.85425,2.40,4.00
2010.01.08 06:39:16.529,0.854,0.85425,2.40,2.40
2010.01.08 06:39:16.879,0.85405,0.8543,2.40,2.40
2010.01.08 06:39:18.669,0.8541,0.85435,2.40,11.20
2010.01.08 06:39:18.838,0.8541,0.85435,2.40,7.20
2010.01.08 06:39:20.348,0.8541,0.85435,2.40,6.40
2010.01.08 06:39:20.528,0.8541,0.85435,2.40,4.00
2010.01.08 06:39:24.437,0.8541,0.85435,2.40,2.40
2010.01.08 06:39:24.677,0.8541,0.85435,2.40,4.00
2010.01.08 06:39:25.077,0.8541,0.85435,2.40,1.60
2010.01.08 06:39:25.197,0.8541,0.8544,6.40,6.40
2010.01.08 06:39:25.367,0.8541,0.8544,6.40,2.40
2010.01.08 06:39:25.607,0.8541,0.8544,10.40,2.40
2010.01.08 06:39:25.787,0.8541,0.8544,6.40,2.40
2010.01.08 06:39:26.136,0.8541,0.8544,10.40,2.40
2010.01.08 06:39:27.736,0.85415,0.85445,10.40,4.80
2010.01.08 06:39:27.976,0.85415,0.85445,10.40,2.40
2010.01.08 06:39:29.286,0.8542,0.8545,2.40,6.40
2010.01.08 06:39:29.396,0.8542,0.8545,2.40,2.40
2010.01.08 06:39:36.394,0.8542,0.85445,2.40,1.60
2010.01.08 06:39:36.624,0.8541,0.8544,8.00,2.40
2010.01.08 06:39:36.924,0.8542,0.85445,2.40,8.00
2010.01.08 06:39:37.264,0.85415,0.85445,6.40,2.40
2010.01.08 06:39:37.604,0.85415,0.85445,2.40,2.40
2010.01.08 06:39:38.164,0.85415,0.85445,2.40,6.40
2010.01.08 06:39:38.394,0.85415,0.85445,2.40,12.30
2010.01.08 06:39:38.634,0.8541,0.8544,10.40,2.40
2010.01.08 06:39:38.864,0.8541,0.8544,6.40,3.20
2010.01.08 06:39:40.013,0.8541,0.8544,2.40,3.20
2010.01.08 06:39:40.643,0.8541,0.8544,6.40,3.20
2010.01.08 06:39:41.333,0.8541,0.8543,4.00,2.40
2010.01.08 06:39:41.733,0.85405,0.8543,10.40,2.40
2010.01.08 06:39:42.083,0.854,0.85425,2.40,4.00
2010.01.08 06:39:44.082,0.854,0.8543,2.40,11.20
2010.01.08 06:39:44.472,0.854,0.8543,10.40,3.20
2010.01.08 06:39:44.582,0.85405,0.8543,3.20,1.00
2010.01.08 06:39:44.702,0.85415,0.85435,2.40,8.80
2010.01.08 06:39:44.812,0.85415,0.85435,2.40,4.80
2010.01.08 06:39:45.742,0.85415,0.85435,2.40,1.60
2010.01.08 06:39:46.022,0.8542,0.85445,2.40,15.50
2010.01.08 06:39:46.252,0.8542,0.85445,2.40,7.50
2010.01.08 06:39:52.880,0.85415,0.8544,10.40,2.40
2010.01.08 06:39:53.120,0.85415,0.85435,2.40,1.60
2010.01.08 06:40:02.378,0.8542,0.85445,10.40,2.40
2010.01.08 06:40:02.718,0.85415,0.8544,2.40,2.40
2010.01.08 06:40:02.938,0.85415,0.85445,2.40,2.40
2010.01.08 06:40:03.167,0.85415,0.85445,10.40,2.40
2010.01.08 06:40:06.017,0.8542,0.85445,8.00,8.80
2010.01.08 06:40:06.357,0.8542,0.85445,8.00,4.80
2010.01.08 06:40:06.697,0.8542,0.85445,8.80,3.20
2010.01.08 06:40:07.097,0.85425,0.8545,2.40,2.40
2010.01.08 06:40:07.787,0.85425,0.8545,6.40,2.40
2010.01.08 06:40:08.066,0.85425,0.8545,10.40,2.40
2010.01.08 06:40:08.346,0.85425,0.8545,6.40,2.40
2010.01.08 06:40:08.676,0.85425,0.85445,1.00,4.00
2010.01.08 06:40:09.246,0.85425,0.85445,1.00,4.80
2010.01.08 06:40:09.876,0.8542,0.8544,4.00,4.00
2010.01.08 06:40:09.996,0.85415,0.85435,1.00,1.60
2010.01.08 06:40:11.485,0.8541,0.85435,4.00,4.80
2010.01.08 06:40:11.826,0.8541,0.85435,1.00,4.80
2010.01.08 06:40:13.775,0.85415,0.85435,1.00,4.80
2010.01.08 06:40:14.125,0.85415,0.85435,2.40,1.60
2010.01.08 06:40:31.421,0.85405,0.85425,10.40,1.60
2010.01.08 06:40:31.761,0.85405,0.85425,2.40,1.60
2010.01.08 06:40:44.018,0.85405,0.85425,2.40,2.40
2010.01.08 06:40:44.238,0.854,0.8542,4.00,4.00
2010.01.08 06:40:44.638,0.854,0.85425,6.40,8.00
2010.01.08 06:40:45.038,0.854,0.85425,2.40,1.60
2010.01.08 06:40:45.377,0.854,0.8543,6.40,2.80
2010.01.08 06:40:46.077,0.854,0.8543,6.40,2.80
2010.01.08 06:40:49.356,0.854,0.8543,7.20,2.40
2010.01.08 06:40:49.536,0.85405,0.85435,2.40,13.60
2010.01.08 06:40:49.816,0.85405,0.8543,1.00,2.40
2010.01.08 06:40:49.917,0.85405,0.8543,8.00,2.40
2010.01.08 06:40:50.366,0.85405,0.8543,4.00,2.40
2010.01.08 06:40:50.756,0.85405,0.8543,1.00,2.40
2010.01.08 06:40:51.496,0.854,0.8543,10.40,2.40
2010.01.08 06:40:52.496,0.854,0.8543,6.40,2.40
2010.01.08 06:40:57.595,0.854,0.8543,6.40,2.40
2010.01.08 06:40:59.674,0.854,0.8542,4.00,4.00
2010.01.08 06:40:59.784,0.85395,0.8542,2.40,4.00
2010.01.08 06:41:00.184,0.85395,0.8542,2.40,4.80
2010.01.08 06:41:00.294,0.8539,0.8541,4.80,4.00
2010.01.08 06:41:00.414,0.8539,0.8541,4.00,4.00
2010.01.08 06:41:00.764,0.8539,0.8541,1.00,4.00
2010.01.08 06:41:01.694,0.85395,0.85415,1.00,2.40
2010.01.08 06:41:02.044,0.85395,0.8542,2.40,4.80
2010.01.08 06:41:02.394,0.85395,0.8542,2.40,4.00
2010.01.08 06:41:03.073,0.8539,0.85415,2.40,2.40
2010.01.08 06:41:08.102,0.8539,0.8541,1.00,4.00
2010.01.08 06:41:08.722,0.8539,0.85415,2.40,2.40
2010.01.08 06:41:18.600,0.8539,0.8541,2.40,1.00
2010.01.08 06:41:18.940,0.85375,0.85405,15.00,4.00
2010.01.08 06:41:19.340,0.85385,0.8541,2.40,11.20
2010.01.08 06:41:19.679,0.85385,0.8541,2.40,3.20
2010.01.08 06:41:19.919,0.85385,0.8541,2.40,2.40
2010.01.08 06:41:22.049,0.8538,0.8541,10.40,2.40
2010.01.08 06:41:23.079,0.85385,0.8541,2.40,4.80
2010.01.08 06:41:23.358,0.8538,0.85405,10.40,2.40
2010.01.08 06:41:23.648,0.85375,0.854,16.60,2.40
2010.01.08 06:41:23.938,0.85375,0.854,14.40,4.00
2010.01.08 06:41:24.288,0.8538,0.85405,2.40,2.40
2010.01.08 06:41:25.098,0.8538,0.85405,2.40,2.40
2010.01.08 06:41:36.465,0.8538,0.85405,2.40,2.40
2010.01.08 06:41:36.815,0.8538,0.85405,2.40,2.40
2010.01.08 06:41:37.155,0.8538,0.85405,2.40,2.40
2010.01.08 06:41:37.505,0.8538,0.85405,2.40,2.40
2010.01.08 06:41:42.724,0.8538,0.85405,2.40,2.40
2010.01.08 06:41:44.043,0.8538,0.85405,2.40,2.40
2010.01.08 06:41:45.543,0.8538,0.85405,2.40,2.40
2010.01.08 06:41:48.112,0.8538,0.85405,2.40,2.40
2010.01.08 06:41:52.501,0.8538,0.85405,2.40,2.40
2010.01.08 06:42:01.129,0.85385,0.85405,1.60,2.40
2010.01.08 06:42:01.369,0.85385,0.8541,4.00,4.00
2010.01.08 06:42:02.639,0.85385,0.8541,4.00,4.00
2010.01.08 06:42:04.048,0.85385,0.8541,4.00,4.80
2010.01.08 06:42:04.288,0.8538,0.8541,2.40,12.80
2010.01.08 06:42:07.778,0.8538,0.85405,2.50,2.40
2010.01.08 06:42:08.057,0.85385,0.8541,2.40,4.00
2010.01.08 06:42:08.338,0.8538,0.85405,6.40,2.40
2010.01.08 06:42:08.677,0.8538,0.85405,2.40,2.40
2010.01.08 06:42:16.396,0.85385,0.8541,2.40,10.40
2010.01.08 06:42:16.746,0.8538,0.85405,2.40,2.40
2010.01.08 06:42:18.415,0.85385,0.8541,4.00,4.00
2010.01.08 06:42:19.765,0.85385,0.8541,4.00,4.00
2010.01.08 06:42:21.144,0.8539,0.8541,2.40,1.00
2010.01.08 06:42:21.324,0.85385,0.8541,4.00,4.00
2010.01.08 06:42:25.193,0.85385,0.8541,4.00,4.00
2010.01.08 06:42:25.253,0.85385,0.8541,4.00,2.40
2010.01.08 06:42:25.363,0.8539,0.85415,2.40,9.90
2010.01.08 06:42:25.423,0.8539,0.85415,2.40,5.90
2010.01.08 06:42:27.413,0.8539,0.85415,2.40,5.60
2010.01.08 06:42:27.573,0.85395,0.85415,2.40,2.40
2010.01.08 06:42:27.933,0.85395,0.85425,2.40,5.60
2010.01.08 06:42:28.633,0.85395,0.85425,2.40,2.40
2010.01.08 06:42:28.963,0.85395,0.8542,2.40,2.40
2010.01.08 06:42:30.572,0.85395,0.8542,2.40,2.40
2010.01.08 06:42:32.062,0.85395,0.8542,2.40,2.40
2010.01.08 06:42:32.931,0.85395,0.8542,2.40,2.40
2010.01.08 06:42:33.871,0.85395,0.8542,3.20,2.40
2010.01.08 06:42:34.091,0.85405,0.85425,2.40,8.00
2010.01.08 06:42:34.391,0.85405,0.8543,2.40,2.40
2010.01.08 06:42:35.421,0.854,0.85425,2.40,2.40
2010.01.08 06:42:49.608,0.8541,0.8543,1.00,4.00
2010.01.08 06:42:53.737,0.85405,0.8543,2.40,4.00
2010.01.08 06:42:53.976,0.854,0.85425,6.40,2.40
2010.01.08 06:42:54.256,0.854,0.85425,2.40,2.40
2010.01.08 06:43:10.772,0.854,0.85425,2.40,3.20
2010.01.08 06:43:12.862,0.854,0.8542,2.40,1.00
2010.01.08 06:43:13.212,0.854,0.85425,2.40,3.60
2010.01.08 06:43:13.562,0.854,0.85425,2.40,3.20
2010.01.08 06:43:21.000,0.854,0.8542,2.40,1.00
2010.01.08 06:43:21.230,0.854,0.8542,2.40,2.40
2010.01.08 06:43:21.410,0.85395,0.8542,2.40,4.80
2010.01.08 06:43:22.540,0.854,0.85425,2.40,12.80
2010.01.08 06:43:22.889,0.854,0.85425,2.40,4.80
2010.01.08 06:43:24.499,0.854,0.85425,2.40,4.00
2010.01.08 06:43:24.729,0.854,0.85425,2.40,4.80
2010.01.08 06:43:26.889,0.854,0.85425,2.40,4.00
2010.01.08 06:43:27.218,0.854,0.8543,6.40,3.20
2010.01.08 06:43:28.798,0.854,0.8543,6.40,3.20
2010.01.08 06:43:35.547,0.854,0.85425,2.40,3.20
2010.01.08 06:43:36.176,0.854,0.85425,2.40,2.40
2010.01.08 06:43:36.346,0.854,0.8543,6.40,2.40
2010.01.08 06:43:36.456,0.8541,0.85435,2.40,15.20
2010.01.08 06:43:36.506,0.8541,0.85435,2.40,7.20
2010.01.08 06:43:36.896,0.8541,0.85435,2.40,4.00
2010.01.08 06:43:47.724,0.8542,0.85445,4.00,4.80
2010.01.08 06:43:48.014,0.85415,0.8544,6.40,2.40
2010.01.08 06:43:48.983,0.85415,0.8544,6.40,2.40
2010.01.08 06:43:52.092,0.85415,0.8544,1.00,4.00
2010.01.08 06:43:52.663,0.85415,0.8544,6.40,2.40
2010.01.08 06:43:53.013,0.8541,0.8544,8.60,2.40
2010.01.08 06:43:56.202,0.8541,0.8544,9.40,2.40
2010.01.08 06:43:56.362,0.8541,0.85445,8.00,8.80
2010.01.08 06:43:56.481,0.8541,0.85445,8.00,8.00
2010.01.08 06:43:56.541,0.8541,0.85445,12.00,4.00
2010.01.08 06:43:56.881,0.85415,0.8545,4.00,12.00
2010.01.08 06:43:57.581,0.8542,0.8545,2.40,11.20
2010.01.08 06:43:57.911,0.8542,0.8545,2.40,3.20
2010.01.08 06:43:58.651,0.85415,0.8544,12.80,2.40
2010.01.08 06:43:58.941,0.85415,0.8544,6.40,2.40
2010.01.08 06:44:03.140,0.85415,0.85435,4.00,4.00
2010.01.08 06:44:03.320,0.8541,0.85435,2.40,2.40
2010.01.08 06:44:03.480,0.8541,0.8544,2.40,10.40
2010.01.08 06:44:03.660,0.8541,0.8544,2.40,10.40
2010.01.08 06:44:03.830,0.85415,0.8544,6.40,2.40
2010.01.08 06:44:19.286,0.85415,0.8544,4.00,2.40
2010.01.08 06:44:19.467,0.85415,0.8544,4.00,2.40
2010.01.08 06:44:19.646,0.8541,0.8544,6.40,2.40
2010.01.08 06:44:20.705,0.8541,0.8544,2.40,6.40
2010.01.08 06:44:21.945,0.8541,0.8544,2.40,9.60
2010.01.08 06:44:32.223,0.8541,0.85435,2.40,4.00
2010.01.08 06:44:36.012,0.8541,0.85435,2.40,1.60
2010.01.08 06:44:36.232,0.8541,0.8544,2.40,10.40
2010.01.08 06:44:36.522,0.8541,0.8544,6.40,2.40
2010.01.08 06:44:36.872,0.8541,0.8544,2.40,6.40
2010.01.08 06:44:38.751,0.85415,0.8544,2.40,6.40
2010.01.08 06:44:39.211,0.85415,0.8544,2.40,2.40
2010.01.08 06:44:39.571,0.85415,0.8544,6.40,2.40
2010.01.08 06:44:41.121,0.85415,0.8544,6.40,2.40
2010.01.08 06:44:41.231,0.8541,0.8544,10.40,2.40
2010.01.08 06:44:41.281,0.8541,0.8544,6.40,2.40
2010.01.08 06:44:41.521,0.8541,0.8544,6.40,3.20
2010.01.08 06:44:41.580,0.8541,0.85435,6.40,2.40
2010.01.08 06:44:41.930,0.8541,0.85435,2.40,4.00
2010.01.08 06:44:42.270,0.85405,0.8543,6.40,2.40
2010.01.08 06:44:42.630,0.85405,0.8543,2.40,2.40
2010.01.08 06:44:43.660,0.8541,0.8543,1.00,2.40
2010.01.08 06:44:44.000,0.85415,0.85435,2.40,10.40
2010.01.08 06:44:44.230,0.85405,0.85435,15.00,2.40
2010.01.08 06:44:44.470,0.85405,0.85435,13.60,2.40
2010.01.08 06:44:44.750,0.85405,0.85435,9.60,2.40
2010.01.08 06:44:44.980,0.85405,0.85435,7.20,2.40
2010.01.08 06:44:46.130,0.85405,0.85435,7.20,2.40
2010.01.08 06:44:49.169,0.85405,0.85435,8.00,2.40
2010.01.08 06:44:49.339,0.85405,0.85435,13.60,2.40
2010.01.08 06:44:49.458,0.8541,0.8544,2.40,6.40
2010.01.08 06:44:52.228,0.85415,0.85445,2.40,11.20
2010.01.08 06:44:52.578,0.8541,0.85445,8.00,11.20
2010.01.08 06:44:52.818,0.85405,0.85445,19.00,12.00
2010.01.08 06:44:53.378,0.85415,0.85445,1.00,11.20
2010.01.08 06:44:53.617,0.8542,0.85445,2.40,6.40
2010.01.08 06:44:53.968,0.8542,0.85445,2.40,2.40
2010.01.08 06:44:54.317,0.85415,0.85445,10.40,2.40
2010.01.08 06:44:54.657,0.85415,0.85445,2.40,6.40
2010.01.08 06:44:56.567,0.8541,0.85445,8.80,7.20
2010.01.08 06:44:56.687,0.8541,0.85445,8.00,7.20
2010.01.08 06:44:57.097,0.8541,0.85445,4.00,11.20
2010.01.08 06:44:57.797,0.85405,0.8544,14.40,4.00
2010.01.08 06:45:00.006,0.85405,0.8544,13.60,4.80
2010.01.08 06:45:00.126,0.85405,0.85435,13.60,2.40
2010.01.08 06:45:00.276,0.85405,0.85435,5.60,2.40
2010.01.08 06:45:01.026,0.85405,0.85435,3.20,2.40
2010.01.08 06:45:02.635,0.85405,0.85435,6.40,2.40
2010.01.08 06:45:08.204,0.85405,0.85435,14.40,2.40
2010.01.08 06:45:08.484,0.85405,0.85445,14.40,14.40
2010.01.08 06:45:09.055,0.8541,0.8544,1.00,4.00
2010.01.08 06:45:18.162,0.8541,0.85445,7.60,11.20
2010.01.08 06:45:18.522,0.85415,0.8545,1.00,15.50
2010.01.08 06:45:19.222,0.85415,0.8545,8.00,15.50
2010.01.08 06:45:19.451,0.85415,0.8544,8.00,2.40
2010.01.08 06:45:19.731,0.8541,0.8544,6.80,2.40
2010.01.08 06:45:21.651,0.8541,0.85435,6.80,1.60
2010.01.08 06:45:21.991,0.8541,0.8543,1.00,2.40
2010.01.08 06:45:22.341,0.854,0.85425,8.00,2.40
2010.01.08 06:45:22.691,0.854,0.85425,1.00,2.40
2010.01.08 06:45:23.390,0.854,0.85425,1.00,2.40
2010.01.08 06:45:24.550,0.85405,0.85425,1.00,2.40
2010.01.08 06:45:24.730,0.85395,0.85425,6.40,2.40
2010.01.08 06:45:25.120,0.854,0.8543,2.40,11.20
2010.01.08 06:45:25.820,0.854,0.8543,6.40,3.20
2010.01.08 06:45:27.999,0.854,0.85425,6.40,1.00
2010.01.08 06:45:28.240,0.854,0.85425,6.40,1.60
2010.01.08 06:45:28.469,0.85395,0.85425,2.40,8.80
2010.01.08 06:45:28.699,0.854,0.85425,2.40,4.00
2010.01.08 06:45:28.809,0.854,0.8543,10.40,2.40
2010.01.08 06:45:29.389,0.854,0.8543,7.20,2.40
2010.01.08 06:45:29.779,0.85405,0.85435,6.40,2.40
2010.01.08 06:45:30.119,0.85405,0.85435,11.20,2.40
2010.01.08 06:45:30.409,0.8541,0.85425,4.00,1.00
2010.01.08 06:45:30.749,0.854,0.8543,2.40,10.40
2010.01.08 06:45:31.098,0.8541,0.85435,2.40,4.00
2010.01.08 06:45:31.429,0.8541,0.85435,4.00,2.40
2010.01.08 06:45:31.779,0.85405,0.8543,10.40,2.40
2010.01.08 06:45:32.108,0.85405,0.8543,2.40,2.40
2010.01.08 06:45:32.458,0.85405,0.8543,2.40,2.40
2010.01.08 06:45:32.738,0.854,0.85425,3.20,2.40
2010.01.08 06:45:33.088,0.85405,0.8543,2.40,2.40
2010.01.08 06:45:33.448,0.85405,0.8543,4.00,4.00
2010.01.08 06:45:34.678,0.8541,0.8543,1.00,4.00
2010.01.08 06:45:34.958,0.85405,0.8543,4.00,4.00
2010.01.08 06:45:35.078,0.85405,0.8543,4.00,4.00
2010.01.08 06:45:35.138,0.8541,0.85435,2.40,12.80
2010.01.08 06:45:35.318,0.8541,0.85435,2.40,4.80
2010.01.08 06:45:35.378,0.8541,0.85435,2.40,4.00
2010.01.08 06:45:35.847,0.8541,0.85435,2.40,4.80
2010.01.08 06:45:35.957,0.8541,0.8543,2.40,1.60
2010.01.08 06:45:36.008,0.85405,0.8543,12.00,4.00
2010.01.08 06:45:36.407,0.85405,0.8543,4.00,4.00
2010.01.08 06:45:37.607,0.85405,0.8543,4.00,4.00
2010.01.08 06:45:39.247,0.8541,0.85435,2.40,12.00
2010.01.08 06:45:39.417,0.85405,0.85425,9.60,2.40
2010.01.08 06:45:39.646,0.85405,0.8543,2.40,2.40
2010.01.08 06:45:39.867,0.85405,0.8543,4.00,2.40
2010.01.08 06:45:40.106,0.8541,0.85435,2.40,16.80
2010.01.08 06:45:40.286,0.85405,0.85425,8.00,2.40
2010.01.08 06:45:40.517,0.854,0.85425,2.40,2.40
2010.01.08 06:45:40.756,0.85405,0.8543,2.40,11.20
2010.01.08 06:45:40.986,0.85405,0.8543,2.40,2.40
2010.01.08 06:45:41.946,0.8541,0.85435,2.40,16.30
2010.01.08 06:45:42.286,0.8541,0.85435,2.40,7.40
2010.01.08 06:45:44.885,0.8541,0.85435,2.40,7.50
2010.01.08 06:45:45.046,0.85405,0.85425,4.00,2.40
2010.01.08 06:45:45.215,0.85395,0.85425,10.40,3.20
2010.01.08 06:45:45.335,0.85395,0.85425,4.00,3.20
2010.01.08 06:45:45.495,0.8539,0.85425,10.40,3.20
2010.01.08 06:45:45.665,0.8539,0.85425,10.40,7.20
2010.01.08 06:45:46.415,0.8539,0.85425,10.40,11.20
2010.01.08 06:45:47.425,0.8539,0.85425,10.80,11.20
2010.01.08 06:45:48.115,0.8539,0.8542,10.80,1.00
2010.01.08 06:45:48.465,0.8539,0.8542,8.00,3.20
2010.01.08 06:45:48.755,0.85385,0.8542,18.60,11.20
2010.01.08 06:45:50.124,0.85385,0.8542,19.40,10.40
2010.01.08 06:45:50.294,0.85385,0.8542,18.00,10.40
2010.01.08 06:45:50.464,0.8539,0.85425,10.40,12.00
2010.01.08 06:45:50.624,0.8539,0.85425,10.80,14.40
2010.01.08 06:45:50.794,0.8539,0.85425,10.80,13.60
2010.01.08 06:45:51.124,0.8539,0.85425,10.80,9.60
2010.01.08 06:45:52.033,0.8539,0.8542,10.80,1.00
2010.01.08 06:45:52.264,0.8539,0.8542,8.00,3.20
2010.01.08 06:45:52.654,0.85385,0.8542,14.00,11.20
2010.01.08 06:45:52.993,0.8539,0.8542,1.00,7.20
2010.01.08 06:45:59.132,0.85385,0.8541,2.40,2.40
2010.01.08 06:46:00.052,0.85385,0.8541,2.40,2.40
2010.01.08 06:46:00.941,0.85385,0.8541,2.40,2.40
2010.01.08 06:46:05.291,0.85385,0.8541,2.40,2.40
2010.01.08 06:46:09.999,0.85385,0.8542,2.40,13.80
2010.01.08 06:46:10.399,0.8539,0.8542,1.00,11.20
2010.01.08 06:46:10.569,0.85395,0.8542,1.00,8.00
2010.01.08 06:46:10.749,0.85395,0.85425,3.60,10.40
2010.01.08 06:46:10.929,0.85395,0.85425,7.60,4.00
2010.01.08 06:46:11.049,0.85395,0.8543,11.60,11.20
2010.01.08 06:46:11.229,0.854,0.8543,1.00,11.20
2010.01.08 06:46:11.529,0.85395,0.8543,11.60,11.20
2010.01.08 06:46:13.638,0.85395,0.8542,11.60,1.00
2010.01.08 06:46:13.928,0.85385,0.8542,14.40,7.20
2010.01.08 06:46:14.218,0.85385,0.8542,10.40,12.20
2010.01.08 06:46:14.498,0.85385,0.85415,10.40,1.00
2010.01.08 06:46:20.747,0.85385,0.85415,12.00,1.00
2010.01.08 06:46:20.857,0.85395,0.85415,2.40,1.00
2010.01.08 06:46:20.917,0.85395,0.8542,2.40,8.20
2010.01.08 06:46:20.977,0.85395,0.8542,2.40,4.20
2010.01.08 06:46:22.486,0.85395,0.8542,2.40,4.20
2010.01.08 06:46:22.986,0.85395,0.8542,2.40,4.20
2010.01.08 06:46:30.444,0.85395,0.8542,2.40,4.00
2010.01.08 06:46:31.034,0.85395,0.8542,2.40,4.00
2010.01.08 06:46:31.884,0.85395,0.8542,2.40,4.00
2010.01.08 06:46:32.274,0.85395,0.8542,2.40,1.00
2010.01.08 06:46:32.624,0.85395,0.85425,10.40,6.40
2010.01.08 06:46:32.974,0.85395,0.85425,10.80,6.40
2010.01.08 06:46:38.982,0.85395,0.85415,8.00,3.20
2010.01.08 06:46:39.322,0.8539,0.85415,2.40,3.20
2010.01.08 06:46:43.641,0.85385,0.8541,4.00,2.40
2010.01.08 06:46:43.931,0.85385,0.8541,4.00,4.00
2010.01.08 06:46:44.291,0.85385,0.8541,4.00,4.00
2010.01.08 06:46:44.641,0.85385,0.8541,4.00,4.00
2010.01.08 06:46:46.750,0.85385,0.8541,4.80,4.00
2010.01.08 06:46:46.860,0.85385,0.8541,4.80,4.00
2010.01.08 06:46:47.220,0.85395,0.85415,4.00,2.40
2010.01.08 06:46:47.560,0.8539,0.85415,2.40,2.40
2010.01.08 06:46:49.560,0.85385,0.8541,12.00,4.00
2010.01.08 06:46:49.910,0.85385,0.8541,4.00,4.00
2010.01.08 06:46:50.669,0.85385,0.8541,4.00,4.00
2010.01.08 06:46:51.999,0.8538,0.854,4.00,4.00
2010.01.08 06:46:52.239,0.8538,0.854,2.40,1.60
2010.01.08 06:46:52.539,0.8538,0.85405,2.40,2.40
2010.01.08 06:46:53.689,0.8538,0.85405,2.40,2.40
2010.01.08 06:46:54.149,0.85385,0.85405,1.60,2.40
2010.01.08 06:46:54.379,0.85385,0.8541,4.00,4.00
2010.01.08 06:46:55.668,0.85385,0.8541,4.00,4.00
2010.01.08 06:46:57.358,0.85385,0.8541,4.80,4.00
2010.01.08 06:46:57.588,0.8539,0.85415,2.40,5.60
2010.01.08 06:46:57.938,0.8539,0.85415,2.40,4.80
2010.01.08 06:46:58.937,0.8539,0.85415,2.40,2.40
2010.01.08 06:46:59.697,0.8539,0.8541,1.00,2.40
2010.01.08 06:46:59.917,0.85385,0.8541,10.40,2.40
2010.01.08 06:47:00.087,0.85385,0.8541,6.40,2.40
2010.01.08 06:47:00.247,0.8539,0.85415,2.40,2.40
2010.01.08 06:47:00.487,0.8539,0.85415,2.40,3.20
2010.01.08 06:47:00.667,0.8539,0.8542,2.40,17.10
2010.01.08 06:47:01.397,0.8539,0.85415,2.40,3.20
2010.01.08 06:47:01.567,0.85385,0.8541,8.00,2.40
2010.01.08 06:47:01.737,0.85385,0.8541,2.40,3.20
2010.01.08 06:47:02.097,0.8538,0.85405,6.40,2.40
2010.01.08 06:47:02.397,0.8538,0.85405,6.80,2.40
2010.01.08 06:47:02.757,0.85385,0.8541,2.40,3.20
2010.01.08 06:47:04.536,0.85385,0.8541,2.40,2.40
2010.01.08 06:47:13.684,0.85385,0.8541,2.40,3.20
2010.01.08 06:47:13.974,0.8538,0.85405,2.40,2.40
2010.01.08 06:47:14.254,0.8538,0.85405,6.40,2.40
2010.01.08 06:47:16.273,0.8538,0.85405,6.80,2.40
2010.01.08 06:47:16.393,0.85385,0.8541,2.40,3.20
2010.01.08 06:47:17.433,0.85385,0.8541,2.40,2.40
2010.01.08 06:47:31.430,0.85385,0.8541,2.80,2.40
2010.01.08 06:47:32.470,0.85385,0.8541,4.40,2.40
2010.01.08 06:47:43.667,0.8538,0.85405,6.80,2.40
2010.01.08 06:47:43.887,0.85385,0.8541,4.40,2.40
2010.01.08 06:47:44.217,0.85385,0.8541,4.00,2.40
2010.01.08 06:47:45.286,0.8539,0.85415,2.40,2.40
2010.01.08 06:47:46.776,0.8539,0.85415,2.40,2.40
2010.01.08 06:47:47.126,0.8539,0.85415,2.80,2.40
2010.01.08 06:47:47.306,0.85395,0.8542,4.00,4.80
2010.01.08 06:47:47.716,0.8539,0.85415,10.80,2.40
2010.01.08 06:47:47.886,0.8539,0.85415,2.40,2.40
2010.01.08 06:48:03.532,0.85395,0.8542,2.40,2.40
2010.01.08 06:48:29.146,0.8539,0.85415,2.40,2.40
2010.01.08 06:48:29.496,0.85395,0.8542,2.40,10.40
2010.01.08 06:48:29.676,0.85395,0.8542,2.40,2.40
2010.01.08 06:48:30.445,0.8539,0.85415,2.40,2.40
2010.01.08 06:48:30.625,0.85395,0.8542,2.40,10.40
2010.01.08 06:48:30.735,0.85395,0.8542,2.40,6.40
2010.01.08 06:48:30.845,0.85395,0.8542,2.40,2.40
2010.01.08 06:48:39.723,0.8539,0.85415,6.40,2.40
2010.01.08 06:48:40.063,0.8539,0.85415,2.40,2.40
2010.01.08 06:48:40.993,0.85395,0.8542,2.40,10.40
2010.01.08 06:48:41.113,0.85395,0.8542,2.40,2.40
2010.01.08 06:48:42.212,0.854,0.85425,2.40,13.60
2010.01.08 06:48:42.603,0.85405,0.8543,2.40,6.40
2010.01.08 06:48:43.252,0.85405,0.8543,2.40,2.40
2010.01.08 06:48:44.642,0.85405,0.8543,2.40,3.20
2010.01.08 06:48:44.812,0.854,0.85425,2.40,2.40
2010.01.08 06:48:45.112,0.854,0.85425,2.40,3.20
2010.01.08 06:48:45.232,0.85395,0.8542,4.00,4.00
2010.01.08 06:48:46.601,0.85395,0.8542,4.00,4.00
2010.01.08 06:48:52.011,0.85405,0.85425,2.40,2.40
2010.01.08 06:48:52.410,0.85405,0.8543,4.00,4.00
2010.01.08 06:48:53.110,0.85405,0.8543,4.00,4.00
2010.01.08 06:48:53.450,0.8541,0.8543,2.40,2.40
2010.01.08 06:49:02.778,0.8541,0.8543,2.40,2.40
2010.01.08 06:49:02.958,0.85405,0.8543,2.40,4.80
2010.01.08 06:49:03.248,0.854,0.85425,2.40,2.40
2010.01.08 06:49:18.984,0.854,0.8542,1.00,2.40
2010.01.08 06:49:22.113,0.8539,0.85415,6.40,2.40
2010.01.08 06:49:22.753,0.8539,0.85415,2.40,2.40
2010.01.08 06:49:26.002,0.854,0.8542,2.40,4.00
2010.01.08 06:49:26.112,0.854,0.85425,2.40,13.60
2010.01.08 06:49:26.282,0.854,0.85425,2.40,10.40
2010.01.08 06:49:26.392,0.854,0.85425,2.40,6.40
2010.01.08 06:49:26.672,0.854,0.85425,2.40,2.40
2010.01.08 06:49:27.022,0.854,0.85425,2.40,2.40
2010.01.08 06:49:28.181,0.854,0.85425,2.40,2.40
2010.01.08 06:49:28.691,0.854,0.85425,2.40,2.40
2010.01.08 06:50:08.362,0.854,0.8543,6.40,2.40
2010.01.08 06:50:10.751,0.85405,0.8543,2.40,4.00
2010.01.08 06:50:12.721,0.85405,0.8543,2.40,4.00
2010.01.08 06:50:12.891,0.85405,0.8543,2.40,4.80
2010.01.08 06:50:13.231,0.85405,0.85425,1.00,2.40
2010.01.08 06:50:16.590,0.854,0.85425,2.40,2.40
2010.01.08 06:50:19.199,0.85405,0.8543,2.40,10.40
2010.01.08 06:50:19.359,0.854,0.8543,6.40,6.40
2010.01.08 06:50:19.539,0.85405,0.8543,2.40,2.40
2010.01.08 06:50:20.799,0.85405,0.8543,2.40,2.40
2010.01.08 06:50:28.787,0.85405,0.8543,2.40,2.40
2010.01.08 06:50:36.255,0.85405,0.8543,2.40,2.40
2010.01.08 06:50:36.375,0.8541,0.85435,2.40,7.20
2010.01.08 06:50:36.485,0.8541,0.85435,2.40,6.40
2010.01.08 06:50:36.595,0.8541,0.85435,2.40,4.00
2010.01.08 06:50:37.465,0.85415,0.85435,1.00,4.00
2010.01.08 06:50:37.694,0.8541,0.85435,2.40,4.00
2010.01.08 06:50:42.923,0.8541,0.8543,1.00,2.40
2010.01.08 06:50:43.144,0.85405,0.8543,10.40,4.00
2010.01.08 06:50:43.493,0.85405,0.8543,2.40,4.00
2010.01.08 06:50:47.742,0.8541,0.85435,2.40,8.00
2010.01.08 06:50:48.092,0.8541,0.85435,2.40,4.00
2010.01.08 06:50:48.662,0.8541,0.85435,2.40,4.00
2010.01.08 06:50:54.151,0.8541,0.85435,2.40,12.00
2010.01.08 06:50:56.120,0.8541,0.85435,2.40,4.00
2010.01.08 06:50:57.990,0.85405,0.8543,10.40,4.00
2010.01.08 06:50:58.210,0.85405,0.8543,2.40,4.00
2010.01.08 06:51:04.738,0.8541,0.85435,2.40,12.00
2010.01.08 06:51:05.028,0.85415,0.85435,2.40,4.00
2010.01.08 06:51:05.318,0.85415,0.85435,2.40,4.00
2010.01.08 06:51:05.588,0.85415,0.85435,2.40,4.00
2010.01.08 06:51:05.938,0.85415,0.85435,2.40,4.00
2010.01.08 06:51:06.058,0.85415,0.85435,2.40,4.00
2010.01.08 06:51:06.298,0.85415,0.85435,2.50,4.00
2010.01.08 06:51:06.478,0.85415,0.85435,2.40,4.00
2010.01.08 06:51:07.677,0.85415,0.85435,2.40,4.00
2010.01.08 06:51:08.457,0.8541,0.85435,2.40,4.00
2010.01.08 06:51:08.797,0.8541,0.85435,2.40,4.00
2010.01.08 06:51:09.137,0.85405,0.8543,2.40,2.40
2010.01.08 06:51:26.693,0.8541,0.85435,2.40,1.60
2010.01.08 06:51:26.813,0.8541,0.8544,2.40,10.40
2010.01.08 06:51:26.983,0.8541,0.8544,2.40,6.40
2010.01.08 06:51:27.143,0.8541,0.8544,6.40,2.40
2010.01.08 06:51:29.902,0.8541,0.8544,6.40,2.40
2010.01.08 06:51:30.072,0.8541,0.85435,6.40,4.00
2010.01.08 06:51:30.252,0.8541,0.85435,2.40,4.00
2010.01.08 06:51:31.692,0.8541,0.85435,2.40,4.00
2010.01.08 06:51:49.997,0.85415,0.85435,6.40,2.40
2010.01.08 06:51:50.227,0.8541,0.85435,7.20,4.00
2010.01.08 06:51:50.407,0.8541,0.85435,3.20,4.00
2010.01.08 06:51:50.637,0.8541,0.85435,2.40,4.00
2010.01.08 06:51:51.327,0.85415,0.85435,2.40,2.40
2010.01.08 06:51:54.626,0.8542,0.8544,2.40,6.40
2010.01.08 06:51:54.796,0.8542,0.8544,2.40,2.40
2010.01.08 06:52:05.294,0.85425,0.85445,2.40,4.00
2010.01.08 06:52:09.033,0.85425,0.85445,2.40,2.40
2010.01.08 06:52:09.363,0.85415,0.85435,12.00,2.40
2010.01.08 06:52:09.703,0.85415,0.85435,1.00,4.00
2010.01.08 06:52:11.152,0.8541,0.85435,2.40,4.00
2010.01.08 06:52:11.212,0.85415,0.85435,1.00,2.40
2010.01.08 06:52:11.273,0.85415,0.85435,2.40,2.40
2010.01.08 06:52:11.682,0.8542,0.8544,2.40,2.40
2010.01.08 06:52:12.042,0.8542,0.8544,2.40,2.40
2010.01.08 06:52:13.621,0.8542,0.8544,2.40,2.40
2010.01.08 06:52:15.831,0.8542,0.8545,2.50,3.20
2010.01.08 06:52:16.231,0.85415,0.85435,11.20,4.00
2010.01.08 06:52:16.401,0.85415,0.85435,2.40,4.00
2010.01.08 06:52:17.021,0.85415,0.85435,2.40,4.00
2010.01.08 06:52:17.891,0.85415,0.8543,2.40,1.60
2010.01.08 06:52:18.291,0.85405,0.8543,4.80,4.00
2010.01.08 06:52:18.631,0.854,0.85425,6.40,2.40
2010.01.08 06:52:19.040,0.854,0.85425,2.40,2.40
2010.01.08 06:52:19.680,0.854,0.85425,2.40,2.40
2010.01.08 06:52:20.070,0.85395,0.8542,12.00,2.40
2010.01.08 06:52:20.360,0.8539,0.8541,8.00,4.80
2010.01.08 06:52:20.650,0.85385,0.8541,4.00,4.00
2010.01.08 06:52:20.940,0.8539,0.85415,2.40,11.20
2010.01.08 06:52:21.160,0.8539,0.85415,2.40,3.20
2010.01.08 06:52:21.810,0.85385,0.8541,12.00,3.20
2010.01.08 06:52:22.100,0.8538,0.85405,8.00,2.40
2010.01.08 06:52:22.390,0.85375,0.85405,8.00,2.40
2010.01.08 06:52:22.969,0.85375,0.85405,8.00,3.20
2010.01.08 06:52:23.250,0.85375,0.85405,4.00,6.40
2010.01.08 06:52:23.599,0.8537,0.85405,4.80,11.20
2010.01.08 06:52:24.290,0.8537,0.85405,5.60,10.40
2010.01.08 06:52:24.640,0.85375,0.85405,1.00,4.00
2010.01.08 06:52:24.989,0.85375,0.8541,11.20,7.20
2010.01.08 06:52:25.619,0.85375,0.8541,11.20,6.40
2010.01.08 06:52:25.959,0.85375,0.854,10.40,1.00
2010.01.08 06:52:26.308,0.8538,0.854,2.40,8.80
2010.01.08 06:52:26.429,0.8538,0.854,3.20,8.80
2010.01.08 06:52:26.479,0.85385,0.8541,2.40,6.40
2010.01.08 06:52:26.699,0.8539,0.8541,2.40,4.00
2010.01.08 06:52:27.048,0.8539,0.85415,2.40,4.80
2010.01.08 06:52:27.158,0.8539,0.85415,2.40,2.40
2010.01.08 06:52:27.278,0.85385,0.8541,9.60,2.40
2010.01.08 06:52:27.328,0.85385,0.8541,8.00,2.40
2010.01.08 06:52:27.958,0.8538,0.8541,1.00,2.40
2010.01.08 06:52:28.298,0.85385,0.8541,2.40,2.40
2010.01.08 06:52:28.638,0.85385,0.85415,10.40,1.00
2010.01.08 06:52:28.928,0.8538,0.85405,3.60,2.40
2010.01.08 06:52:29.218,0.8538,0.85405,3.20,2.40
2010.01.08 06:52:54.462,0.8538,0.85405,2.40,2.40
2010.01.08 06:53:00.800,0.85385,0.85405,1.00,2.40
2010.01.08 06:53:01.100,0.85385,0.85405,1.60,2.40
2010.01.08 06:53:01.270,0.85385,0.8541,4.00,4.00
2010.01.08 06:53:01.950,0.8539,0.8541,1.00,4.00
2010.01.08 06:53:08.478,0.85385,0.8541,4.00,4.00
2010.01.08 06:53:08.818,0.8539,0.85415,2.40,6.40
2010.01.08 06:53:09.108,0.8539,0.85415,2.40,2.40
2010.01.08 06:53:09.688,0.8539,0.85415,2.40,2.40
2010.01.08 06:53:16.067,0.854,0.8542,2.40,8.00
2010.01.08 06:53:16.236,0.854,0.85425,2.40,2.40
2010.01.08 06:53:16.457,0.85405,0.8543,2.40,12.80
2010.01.08 06:53:16.617,0.85405,0.8543,2.40,4.80
2010.01.08 06:53:17.796,0.85405,0.8543,2.40,4.80
2010.01.08 06:53:19.866,0.85405,0.8543,2.40,4.00
2010.01.08 06:53:21.255,0.85405,0.8543,4.00,4.00
2010.01.08 06:53:35.212,0.85405,0.8543,4.00,4.00
2010.01.08 06:53:35.492,0.8541,0.85435,2.40,12.00
2010.01.08 06:53:35.842,0.8541,0.85435,2.40,4.00
2010.01.08 06:53:36.702,0.8541,0.85435,2.40,4.00
2010.01.08 06:53:48.779,0.85415,0.85435,2.40,1.60
2010.01.08 06:53:49.749,0.85415,0.85435,2.40,1.60
2010.01.08 06:53:52.608,0.85415,0.8544,2.40,4.00
2010.01.08 06:53:54.607,0.85415,0.85435,2.40,1.60
2010.01.08 06:53:58.186,0.85415,0.8544,2.40,4.00
2010.01.08 06:54:00.126,0.8542,0.8544,1.60,2.40
2010.01.08 06:54:00.246,0.85425,0.8544,1.00,2.40
2010.01.08 06:54:00.356,0.85425,0.85445,2.40,4.00
2010.01.08 06:54:00.596,0.85425,0.85445,2.40,2.40
2010.01.08 06:54:03.805,0.85425,0.8545,2.40,2.40
2010.01.08 06:54:04.545,0.85425,0.8545,6.40,2.40
2010.01.08 06:54:05.235,0.85425,0.8545,2.40,2.40
2010.01.08 06:54:05.525,0.8543,0.85455,4.00,4.00
2010.01.08 06:54:05.815,0.85435,0.85455,1.00,4.00
2010.01.08 06:54:07.004,0.8543,0.85455,4.80,4.00
2010.01.08 06:54:07.114,0.85435,0.85455,2.40,1.60
2010.01.08 06:54:07.224,0.85435,0.8546,2.40,6.40
2010.01.08 06:54:07.564,0.85435,0.8546,3.20,6.40
2010.01.08 06:54:07.844,0.8544,0.85465,4.00,8.00
2010.01.08 06:54:08.074,0.85435,0.8546,2.40,2.40
2010.01.08 06:54:08.534,0.8543,0.8545,8.00,2.40
2010.01.08 06:54:08.924,0.85425,0.8545,2.40,2.40
2010.01.08 06:54:13.493,0.85425,0.8545,3.20,2.40
2010.01.08 06:54:13.893,0.8543,0.8546,2.40,7.20
2010.01.08 06:54:14.192,0.8543,0.8546,2.40,6.40
2010.01.08 06:54:16.982,0.8543,0.8546,2.40,2.40
2010.01.08 06:54:22.071,0.8543,0.8546,2.40,2.40
2010.01.08 06:54:24.680,0.8543,0.8546,3.20,2.40
2010.01.08 06:54:24.980,0.8543,0.85465,11.20,15.20
2010.01.08 06:54:26.590,0.85435,0.85465,1.00,15.20
2010.01.08 06:54:26.640,0.8544,0.85465,2.40,15.20
2010.01.08 06:54:26.760,0.8544,0.85465,2.40,14.40
2010.01.08 06:54:26.880,0.8544,0.85465,2.40,10.40
2010.01.08 06:54:26.939,0.8544,0.85465,2.40,8.00
2010.01.08 06:54:26.999,0.8544,0.85465,2.40,4.00
2010.01.08 06:54:29.009,0.8544,0.85465,3.20,4.00
2010.01.08 06:54:29.349,0.85445,0.8547,1.00,3.20
2010.01.08 06:54:29.919,0.8545,0.85475,2.40,11.40
2010.01.08 06:54:30.259,0.8544,0.8547,11.60,3.20
2010.01.08 06:54:30.618,0.8544,0.8547,3.20,11.20
2010.01.08 06:54:30.969,0.8544,0.8547,2.40,11.20
2010.01.08 06:54:32.638,0.8544,0.8547,2.40,12.00
2010.01.08 06:54:32.808,0.8544,0.85465,2.40,2.40
2010.01.08 06:54:42.616,0.8544,0.85465,2.40,4.00
2010.01.08 06:54:42.836,0.8544,0.85465,2.40,12.00
2010.01.08 06:54:43.255,0.8544,0.85465,2.40,4.00
2010.01.08 06:54:48.094,0.85445,0.85465,2.40,1.60
2010.01.08 06:54:50.974,0.8544,0.85465,2.40,4.00
2010.01.08 06:54:51.614,0.85435,0.8547,10.40,3.20
2010.01.08 06:54:51.784,0.85445,0.8547,2.40,2.40
2010.01.08 06:54:52.004,0.85445,0.8547,2.40,6.40
2010.01.08 06:54:52.123,0.85445,0.8547,2.40,2.40
2010.01.08 06:54:53.243,0.85445,0.8547,2.40,2.40
2010.01.08 06:54:58.232,0.8545,0.85475,2.40,12.00
2010.01.08 06:54:58.572,0.8545,0.85475,4.00,4.00
2010.01.08 06:54:59.272,0.8545,0.85475,2.40,4.80
2010.01.08 06:54:59.612,0.85445,0.8547,2.40,2.40
2010.01.08 06:55:00.941,0.85445,0.8547,2.40,2.40
2010.01.08 06:55:01.521,0.85445,0.8547,2.40,3.20
2010.01.08 06:55:01.581,0.8544,0.85465,12.00,4.00
2010.01.08 06:55:01.691,0.8544,0.85465,4.00,4.00
2010.01.08 06:55:02.771,0.8544,0.85465,4.00,4.00
2010.01.08 06:55:03.061,0.85435,0.85455,10.40,1.60
2010.01.08 06:55:03.291,0.85435,0.85455,2.40,1.60
2010.01.08 06:55:03.621,0.8543,0.85455,4.80,4.00
2010.01.08 06:55:03.960,0.8543,0.85455,4.00,4.00
2010.01.08 06:55:05.370,0.85435,0.85455,1.00,4.00
2010.01.08 06:55:05.720,0.8543,0.85455,2.40,2.40
2010.01.08 06:55:06.000,0.8543,0.85455,2.40,2.40
2010.01.08 06:55:06.280,0.85425,0.85455,10.40,2.40
2010.01.08 06:55:06.500,0.85425,0.85455,2.40,2.40
2010.01.08 06:55:06.790,0.85425,0.85455,6.40,2.40
2010.01.08 06:55:07.130,0.8543,0.85455,2.40,2.40
2010.01.08 06:55:10.219,0.85425,0.8545,10.40,2.40
2010.01.08 06:55:10.509,0.85425,0.8545,2.40,2.40
2010.01.08 06:55:10.749,0.85425,0.8545,3.20,2.40
2010.01.08 06:55:11.029,0.8543,0.85455,2.40,2.40
2010.01.08 06:55:12.559,0.85425,0.8545,2.40,2.40
2010.01.08 06:55:12.859,0.85425,0.85445,2.40,1.60
2010.01.08 06:55:19.417,0.8542,0.85445,10.40,4.00
2010.01.08 06:55:19.587,0.8542,0.85445,6.40,4.00
2010.01.08 06:55:20.107,0.8542,0.85445,10.40,4.00
2010.01.08 06:55:20.726,0.8542,0.85445,10.40,4.00
2010.01.08 06:55:21.236,0.8542,0.85445,10.40,4.00
2010.01.08 06:55:21.816,0.8542,0.8544,10.40,1.60
2010.01.08 06:55:21.926,0.8542,0.85435,2.40,1.60
2010.01.08 06:55:22.166,0.8542,0.8544,2.40,2.40
2010.01.08 06:55:22.276,0.8542,0.85445,2.40,4.00
2010.01.08 06:55:22.376,0.8542,0.85445,6.40,4.00
2010.01.08 06:55:22.616,0.8542,0.85445,10.40,4.00
2010.01.08 06:55:24.356,0.8542,0.85435,10.40,1.60
2010.01.08 06:55:24.595,0.8542,0.85435,6.40,1.60
2010.01.08 06:55:25.145,0.8542,0.85435,2.40,1.60
2010.01.08 06:55:25.995,0.8542,0.8544,2.40,1.60
2010.01.08 06:55:26.105,0.8542,0.8544,2.40,1.60
2010.01.08 06:55:26.385,0.8542,0.8544,2.40,1.60
2010.01.08 06:55:26.675,0.8542,0.8544,2.40,1.60
2010.01.08 06:55:27.075,0.8542,0.8544,2.40,1.60
2010.01.08 06:55:27.415,0.8542,0.85435,2.40,1.60
2010.01.08 06:55:27.585,0.8542,0.85435,2.40,1.60
2010.01.08 06:55:28.775,0.8541,0.85425,8.00,2.40
2010.01.08 06:55:29.124,0.8542,0.85435,2.40,1.60
2010.01.08 06:55:29.834,0.8541,0.85435,6.40,1.60
2010.01.08 06:55:30.404,0.8541,0.85435,6.40,1.60
2010.01.08 06:55:30.864,0.8541,0.85435,8.00,1.60
2010.01.08 06:55:32.304,0.8541,0.8543,5.60,2.40
2010.01.08 06:55:32.534,0.85405,0.85435,12.80,4.00
2010.01.08 06:55:32.984,0.8541,0.85435,6.40,4.00
2010.01.08 06:55:33.214,0.8541,0.85435,2.40,2.40
2010.01.08 06:55:33.844,0.8541,0.85435,2.40,4.00
2010.01.08 06:55:35.363,0.8541,0.85435,3.20,2.40
2010.01.08 06:55:35.973,0.8541,0.85435,3.20,2.40
2010.01.08 06:55:36.193,0.85415,0.85435,1.00,2.40
2010.01.08 06:55:36.763,0.85415,0.85455,12.00,6.40
2010.01.08 06:55:37.113,0.85415,0.85455,18.90,6.40
2010.01.08 06:55:37.462,0.85415,0.85455,18.90,3.20
2010.01.08 06:55:37.812,0.85415,0.85455,18.90,3.20
2010.01.08 06:55:38.203,0.85415,0.85445,14.10,1.00
2010.01.08 06:55:38.552,0.85415,0.85445,8.80,2.40
2010.01.08 06:55:38.902,0.8542,0.85445,4.00,2.40
2010.01.08 06:55:39.242,0.85415,0.85445,2.40,4.00
2010.01.08 06:55:39.582,0.85415,0.85445,10.40,4.00
2010.01.08 06:55:39.932,0.8542,0.85445,4.00,4.80
2010.01.08 06:55:40.212,0.8542,0.85445,6.40,4.80
2010.01.08 06:55:40.742,0.85425,0.85445,4.00,4.80
2010.01.08 06:55:41.032,0.85425,0.85445,8.00,4.80
2010.01.08 06:55:41.272,0.85425,0.85445,8.00,4.00
2010.01.08 06:55:41.442,0.85425,0.85445,8.00,2.40
2010.01.08 06:55:42.011,0.8542,0.85445,6.40,2.40
2010.01.08 06:55:42.871,0.8542,0.85445,7.20,2.40
2010.01.08 06:55:42.991,0.85425,0.85445,2.40,1.60
2010.01.08 06:55:45.401,0.8543,0.85455,2.40,7.20
2010.01.08 06:55:45.641,0.8543,0.85455,2.40,4.00
2010.01.08 06:55:47.500,0.8543,0.85455,2.40,1.60
2010.01.08 06:55:47.610,0.8543,0.8546,2.40,4.80
2010.01.08 06:55:47.940,0.8543,0.8546,6.40,1.00
2010.01.08 06:55:48.290,0.8543,0.8546,10.40,1.00
2010.01.08 06:55:48.940,0.8543,0.85465,10.40,15.50
2010.01.08 06:55:49.640,0.8543,0.8546,10.40,1.00
2010.01.08 06:55:49.869,0.8543,0.85455,10.40,2.40
2010.01.08 06:55:50.099,0.8543,0.85455,6.40,4.00
2010.01.08 06:55:50.619,0.8543,0.85455,6.40,4.00
2010.01.08 06:55:51.209,0.8543,0.85455,10.40,4.00
2010.01.08 06:55:52.029,0.8543,0.85455,10.40,4.00
2010.01.08 06:55:52.209,0.8543,0.85455,10.40,4.00
2010.01.08 06:55:53.189,0.8543,0.85455,10.40,4.00
2010.01.08 06:55:53.889,0.8543,0.85455,10.40,4.80
2010.01.08 06:55:54.179,0.8543,0.8545,1.00,2.40
2010.01.08 06:55:54.758,0.8543,0.85455,4.00,4.00
2010.01.08 06:55:54.988,0.85435,0.85455,1.00,4.00
2010.01.08 06:55:55.348,0.8543,0.85455,12.00,4.00
2010.01.08 06:55:55.738,0.8543,0.85455,6.40,4.80
2010.01.08 06:55:56.088,0.8543,0.8545,1.00,2.40
2010.01.08 06:55:56.368,0.85425,0.8545,10.40,2.40
2010.01.08 06:55:57.238,0.85425,0.8545,10.40,3.20
2010.01.08 06:55:57.408,0.85425,0.85445,8.00,4.00
2010.01.08 06:55:57.528,0.85425,0.85445,8.00,4.00
2010.01.08 06:55:57.808,0.85425,0.85445,4.00,4.00
2010.01.08 06:55:57.918,0.8542,0.85445,12.00,4.00
2010.01.08 06:55:59.657,0.8542,0.85445,8.00,4.00
2010.01.08 06:56:00.537,0.8542,0.85445,8.00,4.80
2010.01.08 06:56:00.767,0.8542,0.8544,8.00,2.40
2010.01.08 06:56:01.007,0.8542,0.8544,4.00,2.40
2010.01.08 06:56:04.056,0.8542,0.8544,2.40,2.40
2010.01.08 06:56:08.295,0.8542,0.85445,10.40,2.40
2010.01.08 06:56:13.124,0.8542,0.85445,11.20,2.40
2010.01.08 06:56:21.642,0.8543,0.85455,4.00,4.00
2010.01.08 06:56:21.702,0.8543,0.85455,8.00,4.00
2010.01.08 06:56:21.992,0.8543,0.85455,8.00,4.00
2010.01.08 06:56:22.412,0.8543,0.85455,8.00,4.00
2010.01.08 06:56:23.861,0.8543,0.8545,4.00,2.40
2010.01.08 06:56:24.211,0.85425,0.8545,10.40,2.40
2010.01.08 06:56:25.191,0.8543,0.8545,1.00,2.40
2010.01.08 06:56:25.481,0.8543,0.8546,2.40,12.00
2010.01.08 06:56:25.761,0.8543,0.8546,6.40,8.00
2010.01.08 06:56:26.051,0.8543,0.8546,2.40,4.00
2010.01.08 06:56:28.291,0.85435,0.8546,2.40,4.00
2010.01.08 06:56:28.451,0.85435,0.8546,2.40,2.40
2010.01.08 06:56:28.960,0.8543,0.85455,2.40,2.40
2010.01.08 06:56:29.300,0.8543,0.85455,6.40,2.40
2010.01.08 06:56:33.289,0.8543,0.85455,2.40,2.40
2010.01.08 06:56:35.049,0.8543,0.8545,6.40,1.00
2010.01.08 06:56:35.449,0.8543,0.8545,2.40,1.00
2010.01.08 06:56:35.619,0.8543,0.85455,6.40,2.40
2010.01.08 06:56:36.958,0.8543,0.8545,6.40,1.00
2010.01.08 06:56:37.528,0.85435,0.85455,2.40,1.00
2010.01.08 06:56:37.928,0.85435,0.85465,2.40,2.40
2010.01.08 06:56:38.518,0.85435,0.85465,6.40,2.40
2010.01.08 06:56:40.847,0.85435,0.85465,7.20,2.40
2010.01.08 06:56:41.027,0.8544,0.85465,2.40,2.40
2010.01.08 06:56:41.197,0.8544,0.85465,6.40,2.40
2010.01.08 06:56:41.997,0.8544,0.85465,10.40,2.40
2010.01.08 06:56:42.117,0.85445,0.8547,2.40,3.20
2010.01.08 06:56:42.287,0.85445,0.8547,2.40,2.40
2010.01.08 06:56:43.137,0.85445,0.8547,2.40,1.60
2010.01.08 06:56:44.116,0.85445,0.8547,2.40,1.60
2010.01.08 06:56:44.406,0.85455,0.85475,2.40,1.60
2010.01.08 06:56:44.696,0.8545,0.85475,10.40,4.00
2010.01.08 06:56:44.986,0.8545,0.85475,2.40,4.00
2010.01.08 06:56:45.216,0.8545,0.85475,2.40,4.80
2010.01.08 06:56:46.556,0.8545,0.85475,2.40,5.60
2010.01.08 06:56:46.776,0.8544,0.85465,10.40,1.60
2010.01.08 06:56:46.986,0.85445,0.8547,2.40,3.20
2010.01.08 06:56:47.165,0.8545,0.85475,2.40,6.40
2010.01.08 06:56:47.506,0.8545,0.85475,10.40,4.00
2010.01.08 06:56:48.075,0.8545,0.8547,8.00,2.40
2010.01.08 06:56:48.365,0.85445,0.8547,10.40,2.40
2010.01.08 06:56:49.295,0.85445,0.8547,10.40,2.40
2010.01.08 06:56:49.645,0.8545,0.85475,10.40,4.80
2010.01.08 06:56:50.745,0.8545,0.85475,2.40,4.80
2010.01.08 06:56:51.605,0.85445,0.8547,10.40,2.40
2010.01.08 06:56:51.774,0.85445,0.8547,6.40,2.40
2010.01.08 06:56:52.064,0.85445,0.8547,10.40,2.40
2010.01.08 06:56:52.774,0.8544,0.85465,6.40,1.60
2010.01.08 06:56:58.423,0.8544,0.85465,4.00,4.00
2010.01.08 06:56:58.713,0.8544,0.85465,2.40,2.40
2010.01.08 06:56:59.093,0.85435,0.85465,11.20,2.40
2010.01.08 06:57:01.192,0.8544,0.85465,6.40,3.20
2010.01.08 06:57:01.372,0.8544,0.85455,4.00,4.00
2010.01.08 06:57:01.542,0.8543,0.85455,8.00,4.00
2010.01.08 06:57:03.272,0.8543,0.85455,6.40,4.80
2010.01.08 06:57:03.622,0.8543,0.85455,2.40,11.20
2010.01.08 06:57:03.981,0.8543,0.8546,6.40,4.00
2010.01.08 06:57:04.711,0.8543,0.8546,7.20,4.00
2010.01.08 06:57:05.061,0.85435,0.8546,4.00,1.60
2010.01.08 06:57:06.191,0.85435,0.8546,4.00,1.00
2010.01.08 06:57:06.481,0.85435,0.85465,4.00,11.40
2010.01.08 06:57:09.490,0.85435,0.85465,4.00,8.00
2010.01.08 06:57:10.830,0.85435,0.85465,4.00,5.60
2010.01.08 06:57:15.469,0.85435,0.85465,8.00,5.60
2010.01.08 06:57:17.548,0.85435,0.85465,8.00,4.00
2010.01.08 06:57:18.318,0.85435,0.85465,8.00,1.60
2010.01.08 06:57:21.757,0.8543,0.8546,10.40,1.00
2010.01.08 06:57:21.817,0.85435,0.85455,8.00,4.00
2010.01.08 06:57:22.267,0.85425,0.85455,10.80,4.00
2010.01.08 06:57:22.437,0.85425,0.85455,11.60,2.40
2010.01.08 06:57:22.667,0.8543,0.8546,2.40,11.20
2010.01.08 06:57:23.057,0.8543,0.85455,4.00,2.40
2010.01.08 06:57:23.387,0.8543,0.85455,6.40,2.40
2010.01.08 06:57:23.727,0.8543,0.8545,4.00,2.40
2010.01.08 06:57:24.077,0.8542,0.8545,12.00,4.10
2010.01.08 06:57:24.427,0.8542,0.85445,8.00,4.00
2010.01.08 06:57:25.346,0.8542,0.85445,4.00,4.00
2010.01.08 06:57:25.577,0.85415,0.85445,10.40,4.00
2010.01.08 06:57:26.376,0.85415,0.85435,10.40,2.40
2010.01.08 06:57:26.666,0.85415,0.8543,8.00,2.40
2010.01.08 06:57:26.956,0.85405,0.8543,8.00,2.40
2010.01.08 06:57:27.946,0.854,0.8543,11.20,2.40
2010.01.08 06:57:28.226,0.854,0.8543,10.40,2.40
2010.01.08 06:57:28.526,0.85405,0.85435,11.20,2.40
2010.01.08 06:57:28.936,0.85415,0.8544,10.40,1.00
2010.01.08 06:57:29.285,0.85415,0.85435,8.00,2.40
2010.01.08 06:57:29.625,0.8541,0.85435,2.40,2.40
2010.01.08 06:57:29.975,0.85415,0.85445,6.40,8.80
2010.01.08 06:57:30.326,0.85415,0.85445,10.40,2.40
2010.01.08 06:57:31.545,0.85415,0.85445,10.40,3.20
2010.01.08 06:57:32.675,0.8542,0.85445,2.40,1.00
2010.01.08 06:57:33.055,0.8542,0.8545,10.40,3.20
2010.01.08 06:57:33.405,0.8542,0.8545,10.40,2.40
2010.01.08 06:57:34.394,0.8542,0.8545,4.00,9.60
2010.01.08 06:57:34.624,0.85415,0.85445,10.40,4.00
2010.01.08 06:57:34.894,0.85415,0.8544,8.00,2.40
2010.01.08 06:57:35.124,0.8541,0.8544,12.80,4.00
2010.01.08 06:57:36.534,0.85415,0.8544,1.00,4.10
2010.01.08 06:57:36.944,0.85415,0.8544,1.00,4.00
2010.01.08 06:57:38.843,0.85415,0.8544,1.00,2.40
2010.01.08 06:57:58.668,0.85415,0.85435,1.00,1.60
2010.01.08 06:57:58.958,0.8542,0.85435,4.00,1.60
2010.01.08 06:57:59.288,0.85415,0.8544,1.00,2.40
2010.01.08 06:57:59.628,0.85415,0.85445,6.80,4.80
2010.01.08 06:57:59.968,0.85415,0.85445,2.80,4.80
2010.01.08 06:58:01.428,0.85415,0.85445,2.40,3.20
2010.01.08 06:58:02.478,0.85415,0.85445,3.20,3.20
2010.01.08 06:58:02.538,0.8542,0.85445,2.40,1.00
2010.01.08 06:58:02.997,0.8542,0.85445,4.80,1.00
2010.01.08 06:58:03.058,0.85425,0.8545,2.40,3.20
2010.01.08 06:58:03.418,0.85415,0.85445,9.60,2.40
2010.01.08 06:58:03.797,0.8541,0.8544,8.00,2.40
2010.01.08 06:58:04.137,0.85405,0.8544,11.20,11.20
2010.01.08 06:58:04.847,0.85405,0.8544,7.20,11.20
2010.01.08 06:58:05.207,0.85405,0.85435,3.20,1.00
2010.01.08 06:58:05.537,0.85405,0.8543,11.20,2.40
2010.01.08 06:58:05.827,0.854,0.8543,8.50,2.40
2010.01.08 06:58:06.157,0.854,0.85435,7.20,10.40
2010.01.08 06:58:06.507,0.85405,0.8543,8.00,1.00
2010.01.08 06:58:08.886,0.85405,0.85435,8.00,1.00
2010.01.08 06:58:09.586,0.85405,0.8543,8.00,2.40
2010.01.08 06:58:09.866,0.85405,0.85425,4.00,1.00
2010.01.08 06:58:10.156,0.85395,0.85425,10.40,1.00
2010.01.08 06:58:10.666,0.85395,0.85425,11.20,1.00
2010.01.08 06:58:10.966,0.85395,0.8543,11.20,12.20
2010.01.08 06:58:11.246,0.854,0.8543,4.00,4.20
2010.01.08 06:58:12.225,0.854,0.8543,4.00,4.00
2010.01.08 06:58:12.635,0.854,0.8543,6.40,1.00
2010.01.08 06:58:12.985,0.85395,0.85425,10.40,1.00
2010.01.08 06:58:13.375,0.85395,0.85425,10.40,3.20
2010.01.08 06:58:13.705,0.854,0.85425,4.00,2.40
2010.01.08 06:58:14.055,0.85395,0.85425,10.40,2.40
2010.01.08 06:58:14.405,0.85395,0.85425,10.40,3.20
2010.01.08 06:58:15.644,0.85395,0.85425,11.20,3.20
2010.01.08 06:58:15.924,0.854,0.8543,2.40,11.20
2010.01.08 06:58:16.154,0.854,0.8543,6.40,3.20
2010.01.08 06:58:25.512,0.854,0.8543,7.20,3.20
2010.01.08 06:58:25.692,0.85405,0.85435,4.00,13.10
2010.01.08 06:58:25.862,0.85405,0.85435,4.00,12.80
2010.01.08 06:58:26.262,0.85405,0.85435,12.00,4.80
2010.01.08 06:58:26.552,0.85405,0.85435,12.80,2.40
2010.01.08 06:58:26.792,0.8541,0.8544,2.40,11.20
2010.01.08 06:58:27.072,0.8541,0.8544,6.40,3.20
2010.01.08 06:58:27.702,0.8541,0.8544,6.40,3.20
2010.01.08 06:58:27.981,0.8541,0.8544,6.40,3.20
2010.01.08 06:58:28.611,0.8541,0.8544,6.40,3.20
2010.01.08 06:58:28.971,0.8541,0.8544,6.40,3.20
2010.01.08 06:58:30.351,0.8541,0.85435,6.40,1.60
2010.01.08 06:58:30.691,0.8541,0.85435,6.40,2.40
2010.01.08 06:58:31.031,0.8541,0.8544,6.40,7.20
2010.01.08 06:58:31.390,0.85405,0.8544,12.80,3.20
2010.01.08 06:58:40.259,0.8541,0.85435,4.00,4.80
2010.01.08 06:58:40.528,0.85405,0.85435,12.00,4.80
2010.01.08 06:58:40.909,0.85405,0.85435,12.80,4.00
2010.01.08 06:58:41.258,0.8541,0.8544,2.40,11.20
2010.01.08 06:58:41.598,0.8541,0.8544,6.40,8.00
2010.01.08 06:58:41.768,0.85405,0.8544,10.40,12.00
2010.01.08 06:58:43.008,0.85405,0.85435,10.40,3.20
2010.01.08 06:58:44.287,0.85405,0.8543,8.00,3.20
2010.01.08 06:58:44.617,0.854,0.8543,6.40,3.20
2010.01.08 06:58:45.837,0.854,0.8543,6.40,4.00
2010.01.08 06:58:47.327,0.85395,0.8543,12.00,3.20
2010.01.08 06:58:47.547,0.85395,0.8543,12.80,3.20
2010.01.08 06:58:50.806,0.854,0.85425,6.80,2.40
2010.01.08 06:58:50.986,0.854,0.85415,1.00,2.40
2010.01.08 06:58:51.156,0.8539,0.85415,2.40,2.40
2010.01.08 06:58:52.036,0.85395,0.8542,2.40,10.40
2010.01.08 06:58:52.216,0.85395,0.8542,2.40,2.40
2010.01.08 06:58:52.556,0.85395,0.8542,2.40,2.40
2010.01.08 06:58:52.726,0.85415,0.85425,2.40,10.40
2010.01.08 06:58:53.176,0.8541,0.85445,8.40,10.80
2010.01.08 06:58:53.465,0.8541,0.8544,4.40,1.00
2010.01.08 06:58:53.745,0.85415,0.8544,6.40,1.00
2010.01.08 06:58:54.026,0.85425,0.8545,2.40,11.20
2010.01.08 06:58:54.375,0.85425,0.8545,6.40,3.20
2010.01.08 06:58:55.655,0.85425,0.8545,6.40,4.00
2010.01.08 06:58:55.955,0.8542,0.85445,6.40,2.40
2010.01.08 06:58:56.275,0.8542,0.8544,4.00,2.40
2010.01.08 06:58:56.514,0.85415,0.8544,6.40,2.40
2010.01.08 06:58:57.195,0.8542,0.8544,6.40,1.00
2010.01.08 06:58:57.425,0.8541,0.8544,5.60,3.20
2010.01.08 06:58:57.534,0.8541,0.8544,6.80,1.00
2010.01.08 06:58:57.714,0.8541,0.85445,10.80,7.20
2010.01.08 06:58:57.884,0.85415,0.85445,4.00,3.20
2010.01.08 06:59:04.713,0.85415,0.85445,4.00,4.80
2010.01.08 06:59:05.003,0.8541,0.85435,6.40,2.40
2010.01.08 06:59:05.233,0.85415,0.85435,1.00,2.40
2010.01.08 06:59:05.453,0.8542,0.85445,2.50,10.40
2010.01.08 06:59:05.672,0.8542,0.85445,2.40,10.40
2010.01.08 06:59:06.012,0.8542,0.85445,6.40,2.40
2010.01.08 06:59:06.302,0.8542,0.85445,6.40,2.40
2010.01.08 06:59:06.602,0.8542,0.8545,6.40,3.20
2010.01.08 06:59:06.942,0.8542,0.85445,6.40,2.40
2010.01.08 06:59:07.062,0.8542,0.85445,6.40,2.40
2010.01.08 06:59:07.303,0.85425,0.85445,1.00,2.40
2010.01.08 06:59:07.422,0.8543,0.85445,2.80,2.40
2010.01.08 06:59:07.532,0.85435,0.85445,4.00,2.40
2010.01.08 06:59:07.692,0.85435,0.8546,6.40,2.40
2010.01.08 06:59:07.812,0.8544,0.8546,1.60,2.40
2010.01.08 06:59:07.922,0.8544,0.8546,2.40,1.00
2010.01.08 06:59:08.272,0.8544,0.85465,2.40,2.40
2010.01.08 06:59:08.622,0.8544,0.85465,10.40,2.40
2010.01.08 06:59:10.001,0.8544,0.8546,8.00,2.40
2010.01.08 06:59:10.401,0.8544,0.85465,2.40,2.40
2010.01.08 06:59:10.781,0.85435,0.8546,11.20,2.40
2010.01.08 06:59:10.951,0.85435,0.8546,10.40,2.40
2010.01.08 06:59:11.861,0.85435,0.8546,6.40,2.40
2010.01.08 06:59:12.201,0.8543,0.8546,12.00,2.40
2010.01.08 06:59:12.531,0.85435,0.8546,3.20,2.40
2010.01.08 06:59:12.651,0.8544,0.85465,2.40,10.40
2010.01.08 06:59:12.771,0.8544,0.85465,2.40,6.40
2010.01.08 06:59:12.881,0.8544,0.85465,2.40,2.40
2010.01.08 06:59:21.149,0.8544,0.85465,3.20,2.40
2010.01.08 06:59:21.428,0.85445,0.85475,1.00,8.80
2010.01.08 06:59:21.539,0.8544,0.85475,11.60,11.20
2010.01.08 06:59:21.598,0.8544,0.85475,11.20,11.20
2010.01.08 06:59:21.708,0.8544,0.85475,11.20,7.20
2010.01.08 06:59:22.108,0.8544,0.85475,12.80,7.20
2010.01.08 06:59:22.338,0.85445,0.85475,8.00,3.20
2010.01.08 06:59:22.508,0.85445,0.85475,4.00,7.20
2010.01.08 06:59:22.808,0.8544,0.85475,12.80,13.60
2010.01.08 06:59:23.098,0.8544,0.85465,4.80,2.40
2010.01.08 06:59:23.378,0.8544,0.85465,2.40,2.40
2010.01.08 06:59:24.258,0.85435,0.85465,1.00,6.40
2010.01.08 06:59:32.226,0.85435,0.85465,1.00,6.50
2010.01.08 06:59:32.346,0.85435,0.85465,1.00,6.40
2010.01.08 06:59:34.975,0.85435,0.85465,1.60,6.40
2010.01.08 06:59:35.315,0.8544,0.85465,2.40,2.40
2010.01.08 06:59:36.695,0.8544,0.85465,2.40,2.40
2010.01.08 06:59:37.435,0.8544,0.85465,4.00,2.40
2010.01.08 06:59:37.775,0.8544,0.85465,12.00,2.40
2010.01.08 06:59:38.064,0.8544,0.8547,8.00,6.40
2010.01.08 06:59:38.294,0.8544,0.85465,4.00,2.40
2010.01.08 06:59:38.894,0.8544,0.85465,4.00,3.20
2010.01.08 06:59:39.244,0.8544,0.85465,2.40,2.40
2010.01.08 06:59:45.873,0.8544,0.8547,2.40,4.80
2010.01.08 06:59:46.043,0.8544,0.8547,10.40,1.00
2010.01.08 06:59:47.892,0.85445,0.85475,2.40,4.80
2010.01.08 06:59:48.052,0.85445,0.85475,10.40,1.00
2010.01.08 06:59:48.286,0.85445,0.85475,10.40,1.00
2010.01.08 06:59:51.961,0.85445,0.8548,10.40,11.40
2010.01.08 06:59:52.191,0.8545,0.8548,2.40,8.80
2010.01.08 06:59:52.421,0.85455,0.8548,4.00,4.80
2010.01.08 06:59:52.631,0.85455,0.8548,4.00,1.00
2010.01.08 06:59:53.431,0.85455,0.8548,6.40,1.00
2010.01.08 06:59:53.771,0.8546,0.8549,4.00,1.00
2010.01.08 06:59:54.121,0.8546,0.8549,4.00,3.20
2010.01.08 06:59:54.461,0.85455,0.8549,8.00,11.20
2010.01.08 06:59:55.380,0.85455,0.85485,8.00,1.00
2010.01.08 06:59:55.672,0.8545,0.8548,2.40,10.40
2010.01.08 06:59:55.910,0.85445,0.85465,3.20,2.40
2010.01.08 06:59:56.150,0.8544,0.8547,12.50,2.40
2010.01.08 06:59:56.490,0.8544,0.8547,15.80,2.40
2010.01.08 06:59:56.840,0.85445,0.8548,13.60,6.40
2010.01.08 06:59:57.170,0.85445,0.85465,8.00,2.40
2010.01.08 06:59:57.290,0.85445,0.85465,4.00,2.40
2010.01.08 06:59:57.450,0.85435,0.85465,18.20,2.40
2010.01.08 06:59:58.670,0.8544,0.8547,11.20,2.40
2010.01.08 06:59:59.030,0.85445,0.85475,3.20,8.00
2010.01.08 06:59:59.369,0.85445,0.8548,13.60,10.40
2010.01.08 06:59:59.719,0.85445,0.85465,6.40,2.40
