2016.07.01 15:00:00.255,0.76832,0.76836,1.00,1.10
2016.07.01 15:00:00.578,0.76825,0.7683,1.00,1.00
2016.07.01 15:00:01.120,0.76825,0.7683,1.00,1.50
2016.07.01 15:00:01.172,0.76831,0.76836,1.00,1.00
2016.07.01 15:00:01.223,0.76827,0.76836,1.00,1.00
2016.07.01 15:00:01.328,0.76824,0.76836,2.25,1.00
2016.07.01 15:00:01.909,0.76825,0.76837,1.87,1.00
2016.07.01 15:00:02.122,0.76828,0.76837,1.00,1.00
2016.07.01 15:00:02.275,0.76827,0.76839,1.37,1.50
2016.07.01 15:00:03.046,0.76826,0.76838,1.87,1.00
2016.07.01 15:00:04.088,0.76827,0.76838,1.12,1.00
2016.07.01 15:00:04.341,0.76827,0.76836,1.12,1.00
2016.07.01 15:00:04.862,0.76824,0.76836,3.00,1.00
2016.07.01 15:00:05.208,0.76825,0.76834,1.00,1.00
2016.07.01 15:00:05.730,0.76824,0.76835,1.00,1.50
2016.07.01 15:00:06.992,0.76824,0.76836,1.87,1.87
2016.07.01 15:00:07.513,0.76825,0.76836,1.00,1.50
2016.07.01 15:00:07.840,0.76825,0.76835,1.00,1.37
2016.07.01 15:00:08.144,0.76818,0.76823,1.00,1.00
2016.07.01 15:00:08.198,0.76812,0.76823,2.01,1.00
2016.07.01 15:00:08.688,0.76813,0.76825,1.50,1.00
2016.07.01 15:00:09.199,0.76814,0.76825,1.00,1.00
2016.07.01 15:00:09.481,0.76813,0.76823,1.50,1.00
2016.07.01 15:00:09.990,0.76811,0.76822,1.50,1.00
2016.07.01 15:00:10.143,0.76811,0.76821,1.00,1.00
2016.07.01 15:00:10.753,0.76809,0.76821,1.50,1.00
2016.07.01 15:00:11.333,0.76809,0.76821,1.87,1.00
2016.07.01 15:00:12.137,0.76809,0.76821,3.13,1.00
2016.07.01 15:00:12.239,0.76812,0.76822,1.00,1.12
2016.07.01 15:00:12.544,0.76811,0.7682,1.12,1.00
2016.07.01 15:00:12.994,0.76809,0.7682,2.25,1.00
2016.07.01 15:00:13.548,0.76809,0.76821,1.87,1.00
2016.07.01 15:00:14.076,0.7681,0.7682,1.00,1.00
2016.07.01 15:00:14.602,0.7681,0.76821,1.50,1.50
2016.07.01 15:00:15.445,0.76811,0.76823,1.12,1.00
2016.07.01 15:00:15.936,0.76815,0.76825,1.00,1.37
2016.07.01 15:00:16.038,0.76815,0.76826,1.00,1.12
2016.07.01 15:00:16.443,0.76813,0.76823,1.95,1.00
2016.07.01 15:00:16.701,0.76812,0.76823,1.20,1.00
2016.07.01 15:00:17.158,0.76814,0.76824,1.50,1.00
2016.07.01 15:00:17.783,0.76813,0.76823,1.00,1.12
2016.07.01 15:00:18.107,0.7681,0.76821,1.50,1.00
2016.07.01 15:00:18.633,0.76811,0.7682,1.12,1.00
2016.07.01 15:00:18.958,0.76812,0.76822,1.37,1.00
2016.07.01 15:00:19.363,0.76811,0.76822,1.12,1.00
2016.07.01 15:00:19.853,0.76813,0.76822,1.37,1.00
2016.07.01 15:00:19.904,0.76813,0.76824,1.37,1.00
2016.07.01 15:00:20.110,0.76813,0.76822,1.50,1.00
2016.07.01 15:00:20.366,0.76811,0.76821,1.12,1.00
2016.07.01 15:00:20.570,0.76813,0.76824,1.00,1.57
2016.07.01 15:00:21.093,0.76814,0.76825,1.12,2.69
2016.07.01 15:00:21.550,0.76815,0.76825,1.00,1.19
2016.07.01 15:00:22.089,0.76813,0.76824,1.37,1.00
2016.07.01 15:00:22.592,0.76812,0.76824,2.25,1.07
2016.07.01 15:00:22.694,0.76814,0.76825,1.00,1.00
2016.07.01 15:00:23.056,0.76818,0.76825,1.00,1.00
2016.07.01 15:00:23.158,0.76817,0.76828,1.20,1.09
2016.07.01 15:00:23.209,0.76819,0.76829,1.20,1.19
2016.07.01 15:00:23.716,0.76819,0.7683,1.50,1.07
2016.07.01 15:00:24.225,0.76819,0.7683,1.50,1.07
2016.07.01 15:00:24.737,0.7682,0.7683,1.12,1.07
2016.07.01 15:00:25.452,0.76822,0.76832,1.00,1.87
2016.07.01 15:00:25.503,0.76825,0.76833,1.00,1.37
2016.07.01 15:00:25.554,0.76825,0.76834,1.00,1.12
2016.07.01 15:00:25.605,0.76822,0.76833,1.87,1.00
2016.07.01 15:00:25.860,0.7682,0.76832,1.12,1.50
2016.07.01 15:00:26.386,0.7682,0.76831,1.00,1.00
2016.07.01 15:00:26.893,0.76821,0.76831,1.00,1.10
2016.07.01 15:00:27.414,0.76822,0.76832,1.00,1.50
2016.07.01 15:00:27.920,0.76821,0.76831,1.12,1.00
2016.07.01 15:00:28.497,0.76822,0.76831,1.00,1.00
2016.07.01 15:00:29.647,0.76822,0.76833,1.00,1.37
2016.07.01 15:00:30.102,0.7682,0.76831,1.87,1.00
2016.07.01 15:00:30.508,0.76817,0.76826,1.95,1.00
2016.07.01 15:00:30.843,0.76815,0.76824,1.00,1.00
2016.07.01 15:00:31.382,0.76814,0.76823,1.00,1.00
2016.07.01 15:00:31.585,0.76811,0.76822,1.57,1.00
2016.07.01 15:00:32.093,0.76811,0.76821,1.50,1.00
2016.07.01 15:00:32.499,0.76808,0.76818,1.75,1.00
2016.07.01 15:00:32.702,0.76806,0.76815,1.50,1.00
2016.07.01 15:00:33.065,0.76805,0.76817,2.62,1.00
2016.07.01 15:00:34.074,0.76808,0.76817,1.00,1.00
2016.07.01 15:00:34.188,0.76806,0.76816,1.87,1.00
2016.07.01 15:00:34.492,0.76808,0.76816,1.00,1.00
2016.07.01 15:00:35.917,0.76807,0.76816,1.12,1.00
2016.07.01 15:00:36.528,0.76808,0.76816,1.00,1.00
2016.07.01 15:00:36.832,0.76806,0.76812,1.50,1.00
2016.07.01 15:00:37.035,0.768,0.76808,1.10,1.00
2016.07.01 15:00:37.086,0.76798,0.76806,1.87,1.00
2016.07.01 15:00:37.289,0.76798,0.76807,1.00,1.00
2016.07.01 15:00:37.342,0.76798,0.76805,1.00,1.00
2016.07.01 15:00:37.647,0.76798,0.76807,1.00,1.00
2016.07.01 15:00:38.154,0.76797,0.76806,1.50,1.00
2016.07.01 15:00:38.206,0.76801,0.76809,1.00,1.00
2016.07.01 15:00:38.471,0.76805,0.76816,1.12,1.00
2016.07.01 15:00:38.522,0.76804,0.76815,1.87,1.00
2016.07.01 15:00:38.725,0.76805,0.76817,2.32,1.00
2016.07.01 15:00:39.238,0.76806,0.76815,1.12,1.00
2016.07.01 15:00:40.020,0.76805,0.76815,1.50,1.00
2016.07.01 15:00:40.222,0.76804,0.76813,1.20,1.00
2016.07.01 15:00:40.754,0.76803,0.76814,1.50,1.00
2016.07.01 15:00:41.108,0.76804,0.76816,2.25,1.00
2016.07.01 15:00:41.522,0.76806,0.76817,1.87,1.00
2016.07.01 15:00:41.987,0.76808,0.76819,1.50,1.50
2016.07.01 15:00:42.090,0.76809,0.76817,1.12,1.00
2016.07.01 15:00:42.500,0.76807,0.76815,1.45,1.00
2016.07.01 15:00:42.602,0.76806,0.76815,1.20,1.00
2016.07.01 15:00:43.369,0.76806,0.76812,1.00,1.00
2016.07.01 15:00:43.590,0.76802,0.76812,1.87,1.00
2016.07.01 15:00:43.692,0.76803,0.76814,1.12,1.00
2016.07.01 15:00:43.743,0.76804,0.76814,1.50,1.00
2016.07.01 15:00:43.997,0.76805,0.76816,1.00,1.00
2016.07.01 15:00:44.048,0.76805,0.76816,1.37,1.00
2016.07.01 15:00:45.068,0.76806,0.76811,1.50,1.00
2016.07.01 15:00:45.119,0.76801,0.76811,3.14,1.00
2016.07.01 15:00:45.221,0.76803,0.76813,1.00,1.00
2016.07.01 15:00:45.885,0.76802,0.76811,2.62,1.00
2016.07.01 15:00:46.139,0.76802,0.76813,2.62,1.00
2016.07.01 15:00:46.343,0.76804,0.76816,1.00,1.57
2016.07.01 15:00:46.546,0.76806,0.76816,1.00,1.00
2016.07.01 15:00:46.850,0.76803,0.76814,2.70,1.00
2016.07.01 15:00:47.003,0.76803,0.76814,1.50,1.00
2016.07.01 15:00:47.308,0.76802,0.76812,1.87,1.00
2016.07.01 15:00:47.931,0.76803,0.76812,1.00,1.00
2016.07.01 15:00:48.552,0.76802,0.76812,1.50,1.00
2016.07.01 15:00:48.856,0.76805,0.76813,1.00,1.00
2016.07.01 15:00:49.112,0.76803,0.76813,1.87,1.00
2016.07.01 15:00:49.468,0.76804,0.76815,1.87,1.12
2016.07.01 15:00:50.181,0.76805,0.76816,1.00,1.00
2016.07.01 15:00:51.026,0.76805,0.76817,1.00,3.37
2016.07.01 15:00:51.527,0.76805,0.76815,1.50,1.50
2016.07.01 15:00:52.048,0.76805,0.76816,1.00,2.25
2016.07.01 15:00:52.671,0.76804,0.76814,1.50,1.00
2016.07.01 15:00:53.221,0.76804,0.76815,1.50,1.00
2016.07.01 15:00:53.668,0.76806,0.76815,1.00,1.50
2016.07.01 15:00:54.891,0.76805,0.76815,1.00,1.00
2016.07.01 15:00:55.585,0.76806,0.76817,1.00,3.37
2016.07.01 15:00:56.133,0.76807,0.76816,1.00,1.00
2016.07.01 15:00:56.638,0.76806,0.76816,1.00,1.37
2016.07.01 15:00:57.373,0.76805,0.76815,1.50,1.12
2016.07.01 15:00:57.892,0.76806,0.76816,1.50,1.00
2016.07.01 15:00:58.650,0.76805,0.76816,1.50,1.50
2016.07.01 15:00:59.157,0.76804,0.76815,1.00,1.00
2016.07.01 15:00:59.659,0.76805,0.76815,1.00,1.00
2016.07.01 15:00:59.710,0.76808,0.76815,1.00,1.00
2016.07.01 15:00:59.864,0.76809,0.7682,1.00,1.75
2016.07.01 15:00:59.965,0.76809,0.7682,1.00,1.00
2016.07.01 15:01:00.118,0.76811,0.76822,1.00,2.25
2016.07.01 15:01:00.270,0.76811,0.76823,1.12,1.00
2016.07.01 15:01:00.523,0.76809,0.76821,2.25,1.00
2016.07.01 15:01:00.574,0.76809,0.7682,1.50,1.00
2016.07.01 15:01:01.095,0.7681,0.76822,1.00,1.65
2016.07.01 15:01:01.603,0.76812,0.76823,1.00,1.00
2016.07.01 15:01:01.976,0.76814,0.76823,1.00,1.00
2016.07.01 15:01:02.027,0.76812,0.76822,1.00,1.00
2016.07.01 15:01:02.179,0.76812,0.7682,1.50,1.00
2016.07.01 15:01:02.855,0.76813,0.76821,1.50,1.00
2016.07.01 15:01:03.896,0.76812,0.76821,1.12,1.00
2016.07.01 15:01:04.410,0.76812,0.76822,1.50,1.00
2016.07.01 15:01:05.009,0.76812,0.76821,1.00,1.00
2016.07.01 15:01:05.517,0.76812,0.7682,1.00,1.00
2016.07.01 15:01:06.056,0.76811,0.7682,1.00,1.00
2016.07.01 15:01:06.607,0.76811,0.76821,1.00,1.00
2016.07.01 15:01:07.110,0.76811,0.7682,1.50,1.00
2016.07.01 15:01:07.616,0.76813,0.76821,1.00,1.00
2016.07.01 15:01:08.587,0.76813,0.7682,1.50,1.00
2016.07.01 15:01:09.786,0.76813,0.76821,1.50,1.00
2016.07.01 15:01:10.243,0.76816,0.76821,1.00,1.00
2016.07.01 15:01:10.344,0.76814,0.76821,1.00,1.00
2016.07.01 15:01:10.851,0.76815,0.76821,1.00,1.00
2016.07.01 15:01:10.993,0.76815,0.76823,1.00,1.00
2016.07.01 15:01:11.499,0.76816,0.76823,1.00,1.00
2016.07.01 15:01:12.007,0.76815,0.76823,1.00,1.00
2016.07.01 15:01:12.513,0.76816,0.76823,1.00,1.00
2016.07.01 15:01:13.145,0.76815,0.76823,1.00,1.00
2016.07.01 15:01:13.678,0.76816,0.76822,1.00,1.00
2016.07.01 15:01:14.201,0.76817,0.76822,1.00,1.00
2016.07.01 15:01:14.448,0.76817,0.76824,1.00,1.00
2016.07.01 15:01:15.005,0.76817,0.76823,1.00,1.00
2016.07.01 15:01:15.157,0.76817,0.76825,1.50,1.00
2016.07.01 15:01:15.734,0.7682,0.76828,1.00,1.19
2016.07.01 15:01:15.789,0.76821,0.76828,1.12,1.00
2016.07.01 15:01:15.840,0.76823,0.76828,1.00,1.00
2016.07.01 15:01:16.144,0.76826,0.7683,1.20,1.00
2016.07.01 15:01:16.347,0.76825,0.76833,1.50,1.00
2016.07.01 15:01:16.398,0.76825,0.76836,1.50,1.50
2016.07.01 15:01:18.514,0.76824,0.76836,1.87,1.00
2016.07.01 15:01:19.022,0.76826,0.76836,1.00,1.00
2016.07.01 15:01:19.843,0.76826,0.76835,1.00,1.00
2016.07.01 15:01:22.149,0.76827,0.76836,1.00,2.25
2016.07.01 15:01:22.200,0.76829,0.76836,1.00,1.00
2016.07.01 15:01:22.302,0.76831,0.7684,1.00,1.50
2016.07.01 15:01:22.354,0.76834,0.7684,1.00,1.00
2016.07.01 15:01:22.580,0.76834,0.76843,1.12,1.00
2016.07.01 15:01:23.121,0.76834,0.76843,1.12,1.00
2016.07.01 15:01:23.539,0.7683,0.76836,2.25,1.00
2016.07.01 15:01:23.641,0.76825,0.76835,2.25,1.00
2016.07.01 15:01:23.742,0.76824,0.76835,1.87,1.00
2016.07.01 15:01:24.248,0.76825,0.76836,1.87,1.00
2016.07.01 15:01:24.933,0.76825,0.76835,1.12,1.00
2016.07.01 15:01:25.556,0.76825,0.76836,1.12,1.50
2016.07.01 15:01:26.390,0.76825,0.76834,1.12,1.00
2016.07.01 15:01:27.141,0.76824,0.76834,2.32,1.00
2016.07.01 15:01:27.346,0.76822,0.76834,1.57,1.50
2016.07.01 15:01:27.795,0.76823,0.76832,1.00,1.00
2016.07.01 15:01:28.392,0.76822,0.76833,1.00,1.50
2016.07.01 15:01:28.858,0.76825,0.76834,1.00,1.50
2016.07.01 15:01:28.910,0.76821,0.76833,2.32,1.12
2016.07.01 15:01:29.084,0.76821,0.7683,1.85,1.00
2016.07.01 15:01:29.240,0.76817,0.76829,1.57,1.50
2016.07.01 15:01:29.342,0.76818,0.76827,1.57,1.00
2016.07.01 15:01:29.446,0.76816,0.76827,1.85,1.00
2016.07.01 15:01:29.547,0.76814,0.76825,1.85,1.00
2016.07.01 15:01:29.852,0.76811,0.7682,1.12,1.00
2016.07.01 15:01:30.071,0.7681,0.76819,1.00,1.00
2016.07.01 15:01:30.583,0.76808,0.76819,2.62,1.00
2016.07.01 15:01:31.223,0.7681,0.76819,1.12,1.00
2016.07.01 15:01:31.744,0.76811,0.7682,1.00,1.00
2016.07.01 15:01:31.947,0.76811,0.76821,1.50,1.00
2016.07.01 15:01:32.099,0.76814,0.76824,1.00,1.12
2016.07.01 15:01:32.397,0.76816,0.76827,1.12,1.00
2016.07.01 15:01:33.753,0.76814,0.76825,1.50,1.00
2016.07.01 15:01:34.061,0.76814,0.76823,1.00,1.00
2016.07.01 15:01:34.826,0.76815,0.76824,1.00,1.00
2016.07.01 15:01:35.414,0.76815,0.76827,1.00,1.87
2016.07.01 15:01:35.465,0.76815,0.76825,1.87,1.00
2016.07.01 15:01:37.145,0.76814,0.76826,3.00,1.50
2016.07.01 15:01:37.450,0.76814,0.76823,1.00,1.00
2016.07.01 15:01:38.136,0.76814,0.76825,1.50,1.50
2016.07.01 15:01:38.289,0.76817,0.76827,1.00,1.07
2016.07.01 15:01:38.391,0.76818,0.76829,2.25,2.32
2016.07.01 15:01:39.230,0.76816,0.76828,1.75,1.50
2016.07.01 15:01:39.781,0.76816,0.76828,1.87,1.87
2016.07.01 15:01:40.101,0.76816,0.76828,1.87,1.87
2016.07.01 15:01:40.593,0.76817,0.76827,1.37,1.00
2016.07.01 15:01:41.124,0.76818,0.76828,1.12,1.50
2016.07.01 15:01:41.899,0.76817,0.76827,2.62,1.00
2016.07.01 15:01:42.416,0.76819,0.7683,1.00,1.50
2016.07.01 15:01:42.646,0.76821,0.76833,1.57,1.37
2016.07.01 15:01:43.153,0.76822,0.76834,1.12,1.87
2016.07.01 15:01:43.255,0.76824,0.76836,1.12,2.25
2016.07.01 15:01:43.357,0.76822,0.76833,1.00,1.00
2016.07.01 15:01:43.676,0.76818,0.76827,1.37,1.00
2016.07.01 15:01:44.083,0.76817,0.76827,1.09,1.00
2016.07.01 15:01:44.743,0.76816,0.76826,1.57,1.00
2016.07.01 15:01:45.271,0.76816,0.76826,1.09,1.00
2016.07.01 15:01:45.923,0.76817,0.76827,1.00,1.00
2016.07.01 15:01:46.448,0.76817,0.76828,2.32,1.00
2016.07.01 15:01:47.012,0.76818,0.76829,1.87,1.00
2016.07.01 15:01:47.074,0.76819,0.76831,2.62,1.87
2016.07.01 15:01:47.176,0.76821,0.76831,1.00,1.12
2016.07.01 15:01:47.278,0.76822,0.76833,1.50,1.00
2016.07.01 15:01:47.481,0.76823,0.76834,1.37,1.00
2016.07.01 15:01:47.684,0.76822,0.76834,1.00,1.12
2016.07.01 15:01:47.735,0.76823,0.76832,1.00,1.00
2016.07.01 15:01:48.082,0.76825,0.76837,1.12,3.75
2016.07.01 15:01:48.133,0.76826,0.76835,1.00,1.00
2016.07.01 15:01:48.184,0.76828,0.76838,1.00,2.62
2016.07.01 15:01:48.387,0.76828,0.7684,1.50,1.00
2016.07.01 15:01:48.918,0.76829,0.7684,1.00,1.00
2016.07.01 15:01:49.283,0.76827,0.76838,1.47,1.00
2016.07.01 15:01:49.587,0.76826,0.76836,1.00,1.00
2016.07.01 15:01:49.934,0.76824,0.76834,1.00,1.00
2016.07.01 15:01:50.440,0.76823,0.76834,1.19,1.00
2016.07.01 15:01:52.375,0.76823,0.76833,1.57,1.00
2016.07.01 15:01:52.903,0.76823,0.76832,1.00,1.00
2016.07.01 15:01:53.004,0.76822,0.76834,1.50,1.50
2016.07.01 15:01:53.568,0.76823,0.76834,1.00,1.00
2016.07.01 15:01:54.131,0.76824,0.76834,1.00,1.12
2016.07.01 15:01:54.997,0.76825,0.76835,1.00,1.87
2016.07.01 15:01:55.807,0.76824,0.76834,1.50,1.12
2016.07.01 15:01:56.623,0.76823,0.76834,1.50,1.87
2016.07.01 15:01:57.198,0.76822,0.76833,1.50,1.00
2016.07.01 15:01:57.706,0.76821,0.76833,1.50,2.62
2016.07.01 15:01:58.289,0.76822,0.76832,1.00,1.00
2016.07.01 15:01:58.796,0.76822,0.76833,1.00,2.62
2016.07.01 15:01:58.848,0.76821,0.76825,1.00,1.00
2016.07.01 15:01:58.899,0.7682,0.76824,1.00,1.00
2016.07.01 15:01:59.001,0.76817,0.76821,1.00,1.00
2016.07.01 15:01:59.103,0.76813,0.76821,1.00,1.00
2016.07.01 15:01:59.344,0.7681,0.76822,1.87,1.00
2016.07.01 15:01:59.396,0.76812,0.76823,1.00,1.00
2016.07.01 15:01:59.701,0.76814,0.76823,1.00,1.00
2016.07.01 15:02:00.202,0.76813,0.76824,1.12,1.00
2016.07.01 15:02:00.506,0.76813,0.76822,1.12,1.00
2016.07.01 15:02:00.708,0.76812,0.76821,1.50,1.00
2016.07.01 15:02:00.911,0.7681,0.76821,1.20,1.00
2016.07.01 15:02:01.194,0.76813,0.76821,1.00,1.00
2016.07.01 15:02:01.700,0.76813,0.76822,1.00,1.00
2016.07.01 15:02:02.285,0.76813,0.76821,1.00,1.00
2016.07.01 15:02:03.467,0.76816,0.76821,1.00,1.00
2016.07.01 15:02:03.532,0.76817,0.76823,1.00,1.00
2016.07.01 15:02:03.989,0.76817,0.76825,1.00,1.00
2016.07.01 15:02:04.354,0.76817,0.76821,1.00,1.00
2016.07.01 15:02:04.405,0.76814,0.76821,1.50,1.00
2016.07.01 15:02:04.608,0.76814,0.76824,1.50,1.00
2016.07.01 15:02:05.114,0.76815,0.76824,1.00,1.00
2016.07.01 15:02:05.624,0.76815,0.76822,1.00,1.00
2016.07.01 15:02:06.079,0.76815,0.76824,1.00,1.00
2016.07.01 15:02:06.181,0.76815,0.76822,1.00,1.00
2016.07.01 15:02:06.720,0.76814,0.76822,1.00,1.00
2016.07.01 15:02:07.024,0.76812,0.76822,1.87,1.00
2016.07.01 15:02:07.126,0.76815,0.76822,1.00,1.00
2016.07.01 15:02:07.329,0.76813,0.76822,1.00,1.00
2016.07.01 15:02:09.077,0.76813,0.76821,1.00,1.00
2016.07.01 15:02:09.128,0.76814,0.76824,1.00,1.12
2016.07.01 15:02:09.280,0.76813,0.76822,1.00,1.00
2016.07.01 15:02:09.331,0.76811,0.76822,1.50,1.50
2016.07.01 15:02:09.433,0.7681,0.76819,1.12,1.00
2016.07.01 15:02:09.738,0.76804,0.76814,1.50,1.00
2016.07.01 15:02:09.789,0.76804,0.76814,1.50,1.00
2016.07.01 15:02:10.291,0.76804,0.76815,1.87,1.00
2016.07.01 15:02:10.443,0.76804,0.76813,1.12,1.00
2016.07.01 15:02:10.646,0.76802,0.76813,1.00,1.00
2016.07.01 15:02:11.738,0.76803,0.76813,1.00,1.00
2016.07.01 15:02:13.647,0.76803,0.76811,1.00,1.00
2016.07.01 15:02:13.851,0.76805,0.76814,1.00,2.25
2016.07.01 15:02:14.356,0.76806,0.76815,1.00,1.00
2016.07.01 15:02:14.939,0.76806,0.76816,1.00,1.50
2016.07.01 15:02:15.091,0.76807,0.76818,1.00,2.25
2016.07.01 15:02:15.598,0.76808,0.76817,1.12,1.00
2016.07.01 15:02:15.752,0.76807,0.76819,2.25,1.00
2016.07.01 15:02:16.114,0.7681,0.76819,1.00,1.00
2016.07.01 15:02:16.419,0.76815,0.76822,1.57,1.00
2016.07.01 15:02:17.017,0.76814,0.76821,1.12,1.00
2016.07.01 15:02:17.068,0.7681,0.76821,2.69,1.00
2016.07.01 15:02:17.272,0.76812,0.76821,1.00,1.00
2016.07.01 15:02:18.062,0.76809,0.76819,1.12,1.00
2016.07.01 15:02:18.214,0.76808,0.76817,1.95,1.00
2016.07.01 15:02:18.728,0.76806,0.76816,1.82,1.00
2016.07.01 15:02:19.393,0.76809,0.76819,1.87,1.50
2016.07.01 15:02:19.444,0.76809,0.76819,1.37,1.00
2016.07.01 15:02:19.927,0.7681,0.76822,2.25,2.25
2016.07.01 15:02:20.487,0.76811,0.76821,1.50,1.00
2016.07.01 15:02:20.538,0.76811,0.76818,1.00,1.00
2016.07.01 15:02:20.640,0.76807,0.76818,1.57,1.00
2016.07.01 15:02:20.691,0.76807,0.76818,1.19,1.00
2016.07.01 15:02:21.314,0.76808,0.76818,1.00,1.00
2016.07.01 15:02:23.466,0.76808,0.76819,2.70,1.00
2016.07.01 15:02:23.980,0.76807,0.76819,2.25,1.00
2016.07.01 15:02:24.484,0.76808,0.7682,1.87,1.00
2016.07.01 15:02:24.788,0.7681,0.7682,1.00,1.00
2016.07.01 15:02:25.197,0.76811,0.76822,1.00,1.00
2016.07.01 15:02:25.745,0.76812,0.76822,1.00,1.00
2016.07.01 15:02:27.082,0.76814,0.76825,1.00,2.25
2016.07.01 15:02:27.184,0.76816,0.76825,1.20,1.00
2016.07.01 15:02:27.626,0.76816,0.76823,1.12,1.00
2016.07.01 15:02:27.780,0.76813,0.76823,1.00,1.00
2016.07.01 15:02:28.401,0.76813,0.76822,1.37,1.00
2016.07.01 15:02:28.620,0.76812,0.76822,1.50,1.00
2016.07.01 15:02:28.671,0.76815,0.76823,1.00,1.00
2016.07.01 15:02:28.874,0.76812,0.76822,1.50,1.00
2016.07.01 15:02:28.976,0.76812,0.76819,1.00,1.00
2016.07.01 15:02:29.077,0.7681,0.76822,3.00,1.00
2016.07.01 15:02:29.128,0.76811,0.7682,1.00,1.00
2016.07.01 15:02:29.667,0.7681,0.76819,1.50,1.00
2016.07.01 15:02:30.596,0.7681,0.76819,2.25,1.00
2016.07.01 15:02:31.046,0.76812,0.76821,1.20,1.00
2016.07.01 15:02:31.097,0.76815,0.76823,1.00,1.00
2016.07.01 15:02:31.666,0.76814,0.76823,1.00,1.00
2016.07.01 15:02:32.579,0.76814,0.76822,1.00,1.00
2016.07.01 15:02:33.092,0.76813,0.76822,1.00,1.00
2016.07.01 15:02:33.456,0.76812,0.7682,1.20,1.00
2016.07.01 15:02:33.760,0.7681,0.76814,1.00,1.00
2016.07.01 15:02:34.119,0.7681,0.76818,1.00,1.50
2016.07.01 15:02:34.221,0.76812,0.76819,1.00,1.12
2016.07.01 15:02:34.423,0.76812,0.76821,1.10,1.00
2016.07.01 15:02:34.677,0.76811,0.76823,2.92,1.00
2016.07.01 15:02:34.778,0.76813,0.76825,1.20,1.00
2016.07.01 15:02:35.096,0.7681,0.7682,2.62,1.00
2016.07.01 15:02:35.147,0.7681,0.76819,1.57,1.00
2016.07.01 15:02:35.299,0.76808,0.76818,1.95,1.00
2016.07.01 15:02:35.350,0.7681,0.76821,1.00,1.50
2016.07.01 15:02:35.402,0.76812,0.76822,1.00,1.00
2016.07.01 15:02:35.706,0.76813,0.76824,2.32,1.00
2016.07.01 15:02:36.139,0.76814,0.7682,1.10,1.00
2016.07.01 15:02:36.343,0.76806,0.76816,1.65,1.00
2016.07.01 15:02:36.394,0.76806,0.76816,1.65,1.00
2016.07.01 15:02:36.597,0.76806,0.76817,2.40,1.00
2016.07.01 15:02:36.800,0.76807,0.76819,1.75,1.00
2016.07.01 15:02:37.269,0.76808,0.76817,1.20,1.00
2016.07.01 15:02:37.737,0.7681,0.76817,1.00,1.00
2016.07.01 15:02:37.904,0.76808,0.76817,1.20,1.00
2016.07.01 15:02:38.056,0.76806,0.76814,1.47,1.00
2016.07.01 15:02:38.276,0.76806,0.76816,3.07,1.00
2016.07.01 15:02:38.530,0.76807,0.76818,1.20,1.00
2016.07.01 15:02:38.631,0.76807,0.76816,1.95,1.00
2016.07.01 15:02:39.140,0.76806,0.76815,1.95,1.00
2016.07.01 15:02:39.591,0.76807,0.76816,3.45,1.00
2016.07.01 15:02:40.098,0.76805,0.76815,4.57,1.00
2016.07.01 15:02:40.251,0.76805,0.76815,1.85,1.00
2016.07.01 15:02:40.801,0.76806,0.76815,1.00,1.00
2016.07.01 15:02:41.308,0.76804,0.76814,1.57,1.00
2016.07.01 15:02:41.359,0.76804,0.76814,1.57,1.00
2016.07.01 15:02:41.669,0.76804,0.76812,1.07,1.00
2016.07.01 15:02:41.974,0.768,0.76809,1.19,1.00
2016.07.01 15:02:42.228,0.76799,0.76809,1.07,1.00
2016.07.01 15:02:42.789,0.76802,0.7681,1.07,1.00
2016.07.01 15:02:43.144,0.76803,0.76812,1.07,1.00
2016.07.01 15:02:43.296,0.76803,0.76814,2.69,1.50
2016.07.01 15:02:43.852,0.76806,0.76815,1.12,1.00
2016.07.01 15:02:44.359,0.76806,0.76815,2.25,1.00
2016.07.01 15:02:44.612,0.76808,0.76815,1.37,1.00
2016.07.01 15:02:44.916,0.76806,0.76815,2.40,1.00
2016.07.01 15:02:45.497,0.76805,0.76816,1.95,1.00
2016.07.01 15:02:47.362,0.76806,0.76815,1.50,1.00
2016.07.01 15:02:47.784,0.76805,0.76813,1.95,1.00
2016.07.01 15:02:47.835,0.76804,0.76813,2.25,1.00
2016.07.01 15:02:48.038,0.76802,0.76811,1.57,1.00
2016.07.01 15:02:48.565,0.76803,0.76812,1.00,1.00
2016.07.01 15:02:48.916,0.76802,0.7681,1.12,1.00
2016.07.01 15:02:49.867,0.76801,0.76809,1.50,1.00
2016.07.01 15:02:50.120,0.76798,0.76807,3.37,1.00
2016.07.01 15:02:50.632,0.76798,0.76807,1.87,1.00
2016.07.01 15:02:51.238,0.76799,0.76807,1.00,1.00
2016.07.01 15:02:51.757,0.768,0.76808,1.00,1.00
2016.07.01 15:02:52.088,0.76801,0.7681,1.00,1.00
2016.07.01 15:02:52.343,0.768,0.76812,2.32,1.00
2016.07.01 15:02:52.445,0.76803,0.76812,1.00,1.00
2016.07.01 15:02:52.952,0.76801,0.7681,1.95,1.00
2016.07.01 15:02:53.483,0.76801,0.7681,1.47,1.00
2016.07.01 15:02:54.124,0.76802,0.76812,1.47,1.00
2016.07.01 15:02:54.226,0.76803,0.76814,2.62,1.00
2016.07.01 15:02:54.277,0.76805,0.76815,1.37,1.00
2016.07.01 15:02:54.582,0.76807,0.76816,1.20,1.00
2016.07.01 15:02:55.971,0.76805,0.76814,1.27,1.00
2016.07.01 15:02:56.073,0.76805,0.76812,1.07,1.00
2016.07.01 15:02:56.174,0.76806,0.76814,1.00,1.00
2016.07.01 15:02:56.276,0.76807,0.76816,1.00,1.00
2016.07.01 15:02:56.812,0.76808,0.76816,1.00,1.00
2016.07.01 15:02:57.117,0.76807,0.76811,1.12,1.00
2016.07.01 15:02:57.219,0.76801,0.76812,1.85,1.07
2016.07.01 15:02:57.372,0.76804,0.76813,1.10,1.00
2016.07.01 15:02:57.524,0.76803,0.7681,1.57,1.00
2016.07.01 15:02:57.839,0.76795,0.76804,1.10,1.00
2016.07.01 15:02:58.349,0.76797,0.76809,1.50,1.50
2016.07.01 15:02:58.400,0.76802,0.76807,1.00,1.00
2016.07.01 15:02:58.508,0.768,0.76809,3.37,1.00
2016.07.01 15:02:58.559,0.768,0.76811,3.00,1.00
2016.07.01 15:02:58.814,0.768,0.76809,3.37,1.00
2016.07.01 15:02:58.976,0.768,0.76809,1.20,1.00
2016.07.01 15:02:59.229,0.76799,0.76807,1.75,1.00
2016.07.01 15:02:59.583,0.76797,0.76806,1.50,1.00
2016.07.01 15:02:59.843,0.76796,0.76804,1.12,1.00
2016.07.01 15:03:00.301,0.76795,0.76804,1.87,1.00
2016.07.01 15:03:00.912,0.76795,0.76805,1.57,1.00
2016.07.01 15:03:01.118,0.76798,0.76807,1.35,1.12
2016.07.01 15:03:01.424,0.76802,0.76808,1.95,1.00
2016.07.01 15:03:01.475,0.76799,0.76808,1.12,1.00
2016.07.01 15:03:01.578,0.76796,0.76806,3.00,1.00
2016.07.01 15:03:01.629,0.76796,0.76804,1.57,1.00
2016.07.01 15:03:02.244,0.76796,0.76805,1.12,1.00
2016.07.01 15:03:02.649,0.76796,0.76805,3.37,1.00
2016.07.01 15:03:03.043,0.76796,0.76805,2.32,1.00
2016.07.01 15:03:03.566,0.76796,0.76805,2.70,1.00
2016.07.01 15:03:03.719,0.76798,0.76805,1.57,1.00
2016.07.01 15:03:04.920,0.76797,0.76807,1.12,1.50
2016.07.01 15:03:04.971,0.76797,0.76805,1.12,1.00
2016.07.01 15:03:05.290,0.768,0.76805,1.00,1.00
2016.07.01 15:03:05.860,0.76799,0.76805,1.00,1.00
2016.07.01 15:03:06.378,0.76798,0.76806,1.47,1.00
2016.07.01 15:03:06.888,0.76798,0.76806,1.10,1.00
2016.07.01 15:03:07.416,0.76799,0.76807,1.00,1.50
2016.07.01 15:03:07.922,0.76799,0.76808,1.50,1.50
2016.07.01 15:03:08.296,0.76798,0.76805,1.50,1.50
2016.07.01 15:03:08.347,0.76798,0.76805,1.00,1.50
2016.07.01 15:03:08.499,0.76798,0.76805,1.50,1.50
2016.07.01 15:03:08.602,0.76798,0.76807,1.87,1.50
2016.07.01 15:03:09.144,0.76798,0.76806,1.87,1.00
2016.07.01 15:03:09.296,0.76798,0.76806,1.10,1.00
2016.07.01 15:03:09.602,0.76798,0.76804,1.10,1.00
2016.07.01 15:03:09.855,0.76798,0.76806,1.00,1.50
2016.07.01 15:03:10.463,0.76798,0.76804,1.00,1.00
2016.07.01 15:03:10.994,0.76796,0.76804,1.50,1.00
2016.07.01 15:03:11.528,0.76797,0.76805,1.27,1.00
2016.07.01 15:03:12.176,0.76797,0.76803,1.00,1.00
2016.07.01 15:03:12.329,0.76794,0.76803,1.87,1.00
2016.07.01 15:03:12.380,0.76794,0.76801,1.57,1.00
2016.07.01 15:03:12.431,0.76794,0.76803,1.57,1.00
2016.07.01 15:03:13.300,0.76795,0.76802,1.20,1.00
2016.07.01 15:03:13.807,0.76796,0.76802,1.00,1.00
2016.07.01 15:03:14.626,0.76794,0.76802,1.12,1.00
2016.07.01 15:03:15.202,0.76793,0.76801,1.87,1.00
2016.07.01 15:03:16.814,0.76793,0.768,1.87,1.00
2016.07.01 15:03:17.325,0.76791,0.768,1.95,1.00
2016.07.01 15:03:17.883,0.76793,0.76797,1.00,1.00
2016.07.01 15:03:17.934,0.7679,0.76796,1.10,1.00
2016.07.01 15:03:18.207,0.76786,0.76794,1.12,1.00
2016.07.01 15:03:18.793,0.76787,0.76794,1.00,1.00
2016.07.01 15:03:19.344,0.76784,0.76793,3.00,1.00
2016.07.01 15:03:19.703,0.76784,0.76795,1.75,1.00
2016.07.01 15:03:20.725,0.76786,0.76795,1.50,1.00
2016.07.01 15:03:20.827,0.76785,0.76794,1.12,1.00
2016.07.01 15:03:21.029,0.76785,0.76791,1.00,1.00
2016.07.01 15:03:21.080,0.76783,0.76791,1.50,1.00
2016.07.01 15:03:21.582,0.76783,0.7679,1.00,1.00
2016.07.01 15:03:22.498,0.76783,0.76791,1.00,1.00
2016.07.01 15:03:23.008,0.76782,0.76791,1.00,1.00
2016.07.01 15:03:23.515,0.76782,0.7679,1.00,1.00
2016.07.01 15:03:23.566,0.76784,0.7679,1.00,1.00
2016.07.01 15:03:24.198,0.76783,0.7679,1.00,1.00
2016.07.01 15:03:24.653,0.76783,0.76788,1.00,1.00
2016.07.01 15:03:24.703,0.76781,0.76788,1.00,1.00
2016.07.01 15:03:24.805,0.7678,0.76786,1.12,1.00
2016.07.01 15:03:24.856,0.76778,0.76785,1.00,1.00
2016.07.01 15:03:25.059,0.76781,0.76787,1.00,1.00
2016.07.01 15:03:25.320,0.76783,0.7679,1.00,1.00
2016.07.01 15:03:25.833,0.76783,0.76791,1.00,1.00
2016.07.01 15:03:26.816,0.76783,0.7679,1.00,1.00
2016.07.01 15:03:27.571,0.76787,0.76791,1.00,1.00
2016.07.01 15:03:27.623,0.76787,0.76794,1.00,1.00
2016.07.01 15:03:28.243,0.76787,0.76793,1.00,1.00
2016.07.01 15:03:28.797,0.76787,0.76794,1.00,1.00
2016.07.01 15:03:29.278,0.76785,0.76793,1.00,1.00
2016.07.01 15:03:29.867,0.76784,0.76793,1.12,1.00
2016.07.01 15:03:29.918,0.76784,0.76791,1.00,1.00
2016.07.01 15:03:31.606,0.76784,0.76792,1.00,1.00
2016.07.01 15:03:31.860,0.76785,0.76794,1.00,1.00
2016.07.01 15:03:32.386,0.76784,0.76792,1.00,1.00
2016.07.01 15:03:33.955,0.76784,0.76793,1.00,2.25
2016.07.01 15:03:35.191,0.76786,0.76793,1.00,1.00
2016.07.01 15:03:35.717,0.76785,0.76793,1.00,1.00
2016.07.01 15:03:35.921,0.76783,0.76793,1.50,1.12
2016.07.01 15:03:36.432,0.76784,0.76794,1.00,1.12
2016.07.01 15:03:37.737,0.76784,0.76795,1.10,2.25
2016.07.01 15:03:39.278,0.76791,0.76796,1.12,1.50
2016.07.01 15:03:39.380,0.76793,0.76799,1.50,1.12
2016.07.01 15:03:39.431,0.76796,0.768,1.10,2.25
2016.07.01 15:03:39.533,0.76799,0.76806,1.00,1.12
2016.07.01 15:03:39.787,0.76796,0.76808,1.75,1.50
2016.07.01 15:03:39.889,0.76796,0.76808,1.37,1.50
2016.07.01 15:03:40.688,0.76796,0.76807,1.00,1.00
2016.07.01 15:03:40.891,0.76798,0.76807,1.00,1.00
2016.07.01 15:03:41.434,0.76803,0.76808,1.00,1.50
2016.07.01 15:03:41.485,0.76803,0.7681,1.00,1.37
2016.07.01 15:03:41.537,0.76806,0.7681,1.00,1.00
2016.07.01 15:03:41.690,0.76805,0.76814,1.00,1.50
2016.07.01 15:03:42.216,0.76805,0.76814,1.00,1.37
2016.07.01 15:03:42.761,0.76806,0.76814,1.00,1.00
2016.07.01 15:03:43.268,0.76806,0.76815,1.00,1.50
2016.07.01 15:03:46.629,0.76805,0.76816,1.00,2.85
2016.07.01 15:03:47.177,0.76805,0.76815,1.50,1.50
2016.07.01 15:03:47.342,0.76804,0.76813,1.12,1.00
2016.07.01 15:03:47.564,0.76799,0.7681,1.00,1.87
2016.07.01 15:03:48.121,0.76799,0.76808,1.00,1.00
2016.07.01 15:03:48.374,0.76801,0.76809,1.00,1.50
2016.07.01 15:03:48.725,0.76805,0.76811,1.00,1.00
2016.07.01 15:03:49.189,0.76805,0.76814,1.00,1.50
2016.07.01 15:03:50.038,0.76803,0.76814,1.00,1.00
2016.07.01 15:03:50.342,0.76805,0.76814,1.00,1.00
2016.07.01 15:03:50.858,0.76805,0.76815,1.00,2.62
2016.07.01 15:03:51.200,0.76811,0.76818,1.00,1.37
2016.07.01 15:03:51.302,0.76811,0.7682,1.00,1.50
2016.07.01 15:03:51.507,0.76811,0.76822,1.00,3.00
2016.07.01 15:03:52.032,0.76814,0.76822,1.00,1.87
2016.07.01 15:03:52.184,0.76815,0.76825,1.00,1.72
2016.07.01 15:03:55.353,0.76813,0.76824,1.57,1.00
2016.07.01 15:03:56.168,0.76815,0.76824,1.00,1.12
2016.07.01 15:03:56.681,0.76814,0.76824,1.00,1.12
2016.07.01 15:03:57.294,0.76813,0.76824,1.57,1.12
2016.07.01 15:03:59.670,0.76814,0.76824,1.00,1.87
2016.07.01 15:04:00.227,0.76814,0.76823,1.00,1.00
2016.07.01 15:04:00.531,0.76813,0.76821,1.00,1.00
2016.07.01 15:04:00.684,0.76813,0.76823,1.00,1.00
2016.07.01 15:04:01.241,0.76813,0.76824,1.57,2.25
2016.07.01 15:04:03.301,0.76815,0.76824,1.00,1.50
2016.07.01 15:04:03.792,0.76813,0.76824,1.57,1.50
2016.07.01 15:04:04.317,0.76814,0.76823,2.25,1.00
2016.07.01 15:04:04.875,0.76815,0.76823,1.00,1.00
2016.07.01 15:04:05.503,0.76814,0.76823,1.00,1.00
2016.07.01 15:04:07.253,0.76814,0.76824,1.57,2.25
2016.07.01 15:04:07.506,0.76816,0.76824,1.00,1.12
2016.07.01 15:04:07.709,0.76814,0.76824,1.57,1.00
2016.07.01 15:04:08.914,0.76816,0.76824,1.00,1.00
2016.07.01 15:04:10.297,0.76813,0.76824,2.40,1.00
2016.07.01 15:04:11.438,0.76814,0.76824,1.00,1.50
2016.07.01 15:04:11.954,0.76813,0.76824,1.57,1.87
2016.07.01 15:04:12.555,0.76816,0.76824,1.00,1.50
2016.07.01 15:04:12.657,0.76814,0.76824,1.00,1.00
2016.07.01 15:04:13.101,0.76814,0.76821,1.00,1.00
2016.07.01 15:04:13.152,0.76811,0.76821,1.12,1.00
2016.07.01 15:04:13.683,0.76812,0.76822,1.00,1.00
2016.07.01 15:04:14.195,0.76813,0.76823,1.00,1.12
2016.07.01 15:04:15.162,0.76813,0.76821,1.00,1.00
2016.07.01 15:04:15.670,0.76812,0.76821,1.50,1.00
2016.07.01 15:04:16.263,0.76813,0.76821,1.00,1.00
2016.07.01 15:04:18.229,0.76812,0.76821,1.00,1.12
2016.07.01 15:04:18.584,0.76813,0.76823,1.00,2.85
2016.07.01 15:04:19.760,0.76812,0.76823,1.50,2.25
2016.07.01 15:04:20.466,0.76812,0.76823,1.50,2.62
2016.07.01 15:04:21.569,0.76812,0.76823,1.50,2.25
2016.07.01 15:04:23.120,0.76814,0.76823,1.00,2.62
2016.07.01 15:04:23.443,0.76812,0.76823,1.50,2.62
2016.07.01 15:04:23.816,0.76812,0.76819,1.50,1.00
2016.07.01 15:04:23.867,0.76809,0.76817,1.19,1.00
2016.07.01 15:04:23.969,0.76807,0.76815,1.00,1.00
2016.07.01 15:04:24.072,0.76805,0.76815,1.19,1.00
2016.07.01 15:04:25.787,0.76806,0.76815,1.00,1.00
2016.07.01 15:04:26.303,0.76805,0.76815,1.00,1.00
2016.07.01 15:04:26.664,0.76807,0.76815,1.00,1.00
2016.07.01 15:04:27.265,0.76806,0.76815,1.50,1.00
2016.07.01 15:04:28.374,0.76809,0.76815,1.00,1.00
2016.07.01 15:04:28.943,0.76811,0.76816,1.00,1.00
2016.07.01 15:04:29.246,0.76809,0.76816,1.00,1.00
2016.07.01 15:04:30.040,0.76809,0.76815,1.00,1.00
2016.07.01 15:04:30.296,0.76812,0.76816,1.00,1.00
2016.07.01 15:04:31.077,0.76812,0.76818,1.00,1.00
2016.07.01 15:04:31.230,0.76812,0.76821,1.00,1.00
2016.07.01 15:04:32.589,0.76811,0.76821,1.50,1.00
2016.07.01 15:04:33.569,0.76812,0.76819,1.00,1.00
2016.07.01 15:04:33.772,0.7681,0.76819,1.00,1.50
2016.07.01 15:04:34.275,0.7681,0.76818,1.00,1.00
2016.07.01 15:04:35.147,0.7681,0.76819,1.00,1.50
2016.07.01 15:04:35.400,0.76812,0.76819,1.00,1.00
2016.07.01 15:04:35.755,0.76809,0.76819,3.00,1.50
2016.07.01 15:04:36.298,0.7681,0.76819,1.00,1.50
2016.07.01 15:04:36.562,0.7681,0.76816,1.00,1.00
2016.07.01 15:04:36.715,0.76808,0.76816,1.50,1.00
2016.07.01 15:04:37.221,0.76807,0.76815,1.12,1.00
2016.07.01 15:04:37.724,0.76807,0.76816,1.12,1.00
2016.07.01 15:04:37.903,0.76807,0.76814,1.12,1.00
2016.07.01 15:04:38.207,0.76807,0.76816,1.12,1.00
2016.07.01 15:04:38.741,0.76808,0.76816,1.00,1.00
2016.07.01 15:04:39.252,0.76809,0.76816,1.00,1.00
2016.07.01 15:04:40.691,0.76808,0.76816,1.00,1.00
2016.07.01 15:04:41.235,0.76808,0.76817,1.50,1.00
2016.07.01 15:04:41.549,0.76808,0.76815,1.50,1.00
2016.07.01 15:04:41.802,0.76804,0.76812,2.25,1.00
2016.07.01 15:04:43.388,0.76806,0.76812,1.00,1.00
2016.07.01 15:04:43.692,0.7681,0.76816,1.00,1.00
2016.07.01 15:04:43.896,0.76812,0.76819,1.50,1.00
2016.07.01 15:04:44.302,0.7681,0.76819,1.50,1.00
2016.07.01 15:04:44.845,0.7681,0.76818,1.00,1.00
2016.07.01 15:04:44.896,0.76808,0.76818,1.12,1.00
2016.07.01 15:04:45.453,0.76808,0.76817,1.00,1.00
2016.07.01 15:04:46.197,0.76806,0.76817,2.25,1.50
2016.07.01 15:04:46.838,0.76807,0.76817,1.00,1.50
2016.07.01 15:04:47.432,0.76806,0.76817,2.25,2.25
2016.07.01 15:04:47.838,0.76808,0.76817,1.00,1.50
2016.07.01 15:04:48.361,0.76807,0.76816,1.00,1.00
2016.07.01 15:04:48.879,0.76806,0.76817,1.00,2.62
2016.07.01 15:04:49.191,0.76806,0.76815,1.00,1.00
2016.07.01 15:04:49.495,0.76805,0.76813,1.00,1.00
2016.07.01 15:04:54.053,0.76804,0.76813,1.00,1.00
2016.07.01 15:04:54.574,0.76803,0.76813,2.62,1.00
2016.07.01 15:04:55.632,0.76805,0.76813,1.00,1.00
2016.07.01 15:04:56.145,0.76804,0.76813,1.50,1.00
2016.07.01 15:04:56.926,0.76804,0.76811,1.00,1.00
2016.07.01 15:04:57.230,0.76803,0.76813,1.50,1.00
2016.07.01 15:04:57.829,0.76804,0.76813,1.00,1.00
2016.07.01 15:05:00.932,0.76805,0.76813,1.00,1.00
2016.07.01 15:05:01.438,0.76804,0.76813,1.00,1.00
2016.07.01 15:05:07.679,0.76804,0.76815,1.00,2.62
2016.07.01 15:05:08.281,0.76805,0.76815,1.00,2.62
2016.07.01 15:05:08.542,0.76808,0.76815,1.00,1.00
2016.07.01 15:05:08.645,0.76809,0.76817,1.00,1.12
2016.07.01 15:05:08.950,0.76807,0.76817,1.50,1.00
2016.07.01 15:05:09.521,0.76805,0.76816,1.00,1.12
2016.07.01 15:05:10.056,0.76806,0.76816,1.50,1.37
2016.07.01 15:05:10.574,0.76806,0.76816,1.50,1.00
2016.07.01 15:05:11.257,0.76807,0.76816,1.00,1.00
2016.07.01 15:05:13.274,0.76806,0.76816,1.50,1.50
2016.07.01 15:05:16.447,0.76807,0.76816,1.00,1.00
2016.07.01 15:05:16.550,0.76813,0.76817,1.00,1.00
2016.07.01 15:05:16.601,0.76813,0.7682,1.00,1.00
2016.07.01 15:05:16.653,0.76813,0.76822,1.00,1.95
2016.07.01 15:05:17.230,0.76812,0.76822,2.32,1.00
2016.07.01 15:05:17.300,0.76814,0.76822,1.00,1.00
2016.07.01 15:05:17.554,0.76815,0.76825,1.50,1.50
2016.07.01 15:05:18.075,0.76814,0.76824,1.50,1.00
2016.07.01 15:05:21.672,0.76814,0.76823,1.50,1.00
2016.07.01 15:05:24.291,0.76814,0.76824,1.00,1.35
2016.07.01 15:05:24.815,0.76813,0.76824,2.25,2.10
2016.07.01 15:05:25.517,0.76814,0.76824,1.00,2.10
2016.07.01 15:05:28.138,0.76814,0.76825,1.00,2.25
2016.07.01 15:05:28.681,0.76814,0.76824,1.00,1.50
2016.07.01 15:05:29.283,0.76814,0.76823,1.00,1.00
2016.07.01 15:05:30.431,0.76813,0.76823,1.50,1.00
2016.07.01 15:05:34.088,0.76814,0.76824,1.00,1.12
2016.07.01 15:05:34.597,0.76814,0.76823,1.00,1.50
2016.07.01 15:05:36.980,0.76814,0.76824,1.00,1.50
2016.07.01 15:05:37.482,0.76815,0.76825,1.00,2.47
2016.07.01 15:05:37.955,0.76818,0.76825,1.00,1.12
2016.07.01 15:05:38.056,0.76816,0.76825,2.25,1.00
2016.07.01 15:05:38.515,0.76818,0.76826,1.00,1.00
2016.07.01 15:05:39.139,0.76818,0.76828,1.50,1.00
2016.07.01 15:05:39.708,0.76819,0.76828,1.00,1.00
2016.07.01 15:05:40.210,0.76818,0.76828,1.00,1.50
2016.07.01 15:05:40.312,0.76817,0.76826,1.00,1.00
2016.07.01 15:05:40.861,0.76816,0.76826,1.50,1.00
2016.07.01 15:05:41.368,0.76815,0.76826,1.00,3.00
2016.07.01 15:05:42.185,0.76814,0.76826,1.87,2.62
2016.07.01 15:05:42.751,0.76814,0.76824,1.12,1.00
2016.07.01 15:05:45.472,0.7682,0.76824,1.00,1.00
2016.07.01 15:05:45.524,0.7682,0.76826,1.00,1.12
2016.07.01 15:05:45.575,0.76823,0.76827,1.00,1.00
2016.07.01 15:05:45.676,0.76823,0.7683,1.00,1.00
2016.07.01 15:05:46.229,0.7682,0.76829,1.00,1.00
2016.07.01 15:05:46.281,0.76818,0.76829,1.00,1.50
2016.07.01 15:05:46.826,0.76817,0.76828,1.00,1.87
2016.07.01 15:05:47.028,0.76817,0.76826,1.00,1.00
2016.07.01 15:05:47.646,0.76816,0.76825,1.00,1.00
2016.07.01 15:05:48.280,0.76815,0.76824,1.00,1.00
2016.07.01 15:05:48.790,0.76814,0.76824,1.50,1.50
2016.07.01 15:05:49.771,0.76815,0.76824,1.00,1.12
2016.07.01 15:05:51.036,0.76814,0.76824,1.00,1.00
2016.07.01 15:05:52.513,0.76815,0.76824,1.00,1.00
2016.07.01 15:05:55.051,0.76814,0.76824,1.00,1.50
2016.07.01 15:05:55.588,0.76815,0.76824,1.00,1.00
2016.07.01 15:05:58.785,0.76816,0.76824,1.00,1.00
2016.07.01 15:05:59.130,0.76823,0.76827,1.50,1.00
2016.07.01 15:05:59.181,0.76823,0.7683,1.50,1.50
2016.07.01 15:05:59.378,0.76824,0.76832,1.00,1.50
2016.07.01 15:05:59.429,0.76824,0.7683,1.00,1.00
2016.07.01 15:05:59.958,0.76823,0.7683,1.50,1.00
2016.07.01 15:06:00.308,0.76825,0.7683,1.00,1.00
2016.07.01 15:06:00.782,0.76825,0.76833,1.00,1.12
2016.07.01 15:06:01.348,0.76822,0.76831,1.12,1.00
2016.07.01 15:06:01.400,0.7682,0.76826,1.12,2.10
2016.07.01 15:06:01.553,0.76814,0.76823,2.62,1.00
2016.07.01 15:06:01.654,0.76813,0.76822,1.00,1.12
2016.07.01 15:06:01.757,0.76815,0.76822,1.00,1.00
2016.07.01 15:06:01.859,0.76814,0.76825,1.00,2.85
2016.07.01 15:06:02.260,0.76816,0.76825,1.00,2.10
2016.07.01 15:06:02.413,0.76813,0.76824,1.37,1.35
2016.07.01 15:06:02.516,0.76811,0.76821,1.75,1.00
2016.07.01 15:06:02.772,0.76809,0.76818,1.00,1.00
2016.07.01 15:06:03.287,0.76808,0.76818,1.87,1.00
2016.07.01 15:06:03.797,0.76809,0.76818,1.00,1.00
2016.07.01 15:06:04.452,0.7681,0.76818,1.00,1.00
2016.07.01 15:06:05.285,0.76809,0.76818,1.00,1.00
2016.07.01 15:06:05.791,0.76808,0.76818,1.00,1.00
2016.07.01 15:06:06.348,0.76808,0.76818,1.00,1.37
2016.07.01 15:06:06.849,0.76808,0.76818,1.00,2.62
2016.07.01 15:06:09.697,0.7681,0.76818,1.87,1.00
2016.07.01 15:06:09.850,0.76811,0.76821,1.09,1.50
2016.07.01 15:06:10.408,0.76812,0.76821,1.00,1.12
2016.07.01 15:06:11.551,0.76814,0.76821,1.00,1.00
2016.07.01 15:06:12.057,0.76813,0.76822,1.00,1.00
2016.07.01 15:06:12.412,0.76811,0.76822,1.50,1.00
2016.07.01 15:06:12.984,0.76812,0.76822,1.00,1.00
2016.07.01 15:06:15.669,0.76813,0.76822,1.00,1.00
2016.07.01 15:06:15.993,0.76815,0.76824,1.00,1.00
2016.07.01 15:06:16.795,0.76814,0.76823,1.12,1.00
2016.07.01 15:06:16.897,0.76812,0.76823,1.00,3.00
2016.07.01 15:06:17.226,0.76812,0.7682,1.00,1.00
2016.07.01 15:06:19.193,0.7681,0.7682,1.00,1.12
2016.07.01 15:06:19.727,0.76808,0.76818,1.12,1.00
2016.07.01 15:06:20.032,0.76807,0.76815,2.25,1.00
2016.07.01 15:06:20.560,0.76807,0.76816,1.87,1.00
2016.07.01 15:06:21.018,0.76809,0.76816,1.00,1.00
2016.07.01 15:06:22.016,0.76807,0.76816,1.50,1.12
2016.07.01 15:06:23.227,0.76807,0.76815,1.50,1.00
2016.07.01 15:06:24.366,0.76806,0.76815,1.00,1.00
2016.07.01 15:06:24.874,0.76805,0.76815,1.00,2.25
2016.07.01 15:06:25.379,0.76805,0.76815,1.57,1.12
2016.07.01 15:06:26.278,0.76805,0.76815,1.09,1.50
2016.07.01 15:06:26.811,0.76806,0.76815,1.09,1.00
2016.07.01 15:06:28.224,0.76807,0.76815,1.50,1.00
2016.07.01 15:06:28.581,0.76807,0.76817,1.57,1.00
2016.07.01 15:06:29.103,0.76807,0.76817,1.09,1.00
2016.07.01 15:06:30.544,0.76808,0.76817,1.00,1.50
2016.07.01 15:06:31.071,0.76807,0.76817,1.00,2.25
2016.07.01 15:06:32.814,0.76805,0.76815,1.19,1.00
2016.07.01 15:06:33.323,0.76806,0.76816,1.07,1.00
2016.07.01 15:06:33.526,0.76806,0.76814,1.00,1.00
2016.07.01 15:06:34.057,0.76803,0.76813,1.12,1.87
2016.07.01 15:06:34.115,0.768,0.76809,1.00,1.00
2016.07.01 15:06:34.723,0.76801,0.76809,1.00,1.00
2016.07.01 15:06:35.238,0.768,0.76809,1.00,1.00
2016.07.01 15:06:35.969,0.76802,0.76809,1.00,1.50
2016.07.01 15:06:36.640,0.76802,0.76811,1.00,1.50
2016.07.01 15:06:38.372,0.76801,0.76811,1.00,1.50
2016.07.01 15:06:38.424,0.76801,0.76809,1.00,1.00
2016.07.01 15:06:38.777,0.76804,0.7681,1.00,1.00
2016.07.01 15:06:38.879,0.76805,0.76812,1.00,1.00
2016.07.01 15:06:39.335,0.76806,0.76815,1.00,1.00
2016.07.01 15:06:39.876,0.76807,0.76815,1.00,1.00
2016.07.01 15:06:40.130,0.76805,0.76814,1.00,1.00
2016.07.01 15:06:40.637,0.76804,0.76813,1.71,1.12
2016.07.01 15:06:43.140,0.76803,0.76813,1.00,1.00
2016.07.01 15:06:43.659,0.76804,0.76813,1.12,1.50
2016.07.01 15:06:44.424,0.76804,0.76813,1.50,1.00
2016.07.01 15:06:44.947,0.76804,0.76814,1.50,1.00
2016.07.01 15:06:45.854,0.76804,0.76814,1.63,1.50
2016.07.01 15:06:46.357,0.76805,0.76814,1.00,1.00
2016.07.01 15:06:47.051,0.76806,0.76814,1.00,1.00
2016.07.01 15:06:47.203,0.76806,0.76816,1.50,1.50
2016.07.01 15:06:47.355,0.76811,0.76816,1.00,1.00
2016.07.01 15:06:47.406,0.76811,0.76818,1.00,1.12
2016.07.01 15:06:47.457,0.76813,0.76819,1.00,1.12
2016.07.01 15:06:47.559,0.76814,0.76823,1.00,2.62
2016.07.01 15:06:48.658,0.76813,0.76823,1.00,1.50
2016.07.01 15:06:49.286,0.76814,0.76823,1.00,1.50
2016.07.01 15:06:51.639,0.76813,0.76821,1.00,1.00
2016.07.01 15:06:53.215,0.76814,0.76821,1.00,1.00
2016.07.01 15:06:55.678,0.76815,0.76821,1.00,1.00
2016.07.01 15:06:57.220,0.76815,0.76823,1.00,1.12
2016.07.01 15:06:57.375,0.76813,0.76823,1.50,1.12
2016.07.01 15:06:57.752,0.76816,0.76826,2.32,1.50
2016.07.01 15:06:57.905,0.76819,0.76829,1.20,1.00
2016.07.01 15:06:58.210,0.76818,0.76829,1.00,1.12
2016.07.01 15:06:58.312,0.76817,0.76828,1.19,2.25
2016.07.01 15:06:59.373,0.76818,0.76828,1.00,2.25
2016.07.01 15:06:59.884,0.76817,0.76828,2.32,2.25
2016.07.01 15:07:00.218,0.7682,0.76828,1.00,1.00
2016.07.01 15:07:00.729,0.7682,0.76829,1.00,1.00
2016.07.01 15:07:01.240,0.76819,0.76828,1.00,1.50
2016.07.01 15:07:01.758,0.76819,0.76829,1.12,1.00
2016.07.01 15:07:02.557,0.76819,0.7683,1.50,1.50
2016.07.01 15:07:03.071,0.76819,0.7683,1.09,1.87
2016.07.01 15:07:03.579,0.7682,0.7683,1.10,1.87
2016.07.01 15:07:05.893,0.76819,0.76828,1.12,1.00
2016.07.01 15:07:06.455,0.7682,0.76827,1.00,1.00
2016.07.01 15:07:06.556,0.76816,0.76827,2.32,1.37
2016.07.01 15:07:06.607,0.76816,0.76827,1.65,1.37
2016.07.01 15:07:06.709,0.76818,0.76827,1.00,1.37
2016.07.01 15:07:07.455,0.76818,0.76827,1.00,1.00
2016.07.01 15:07:08.249,0.76818,0.76826,1.00,1.00
2016.07.01 15:07:08.299,0.76816,0.76826,1.20,1.00
2016.07.01 15:07:08.883,0.76817,0.76826,1.00,1.50
2016.07.01 15:07:09.413,0.76816,0.76826,1.57,1.50
2016.07.01 15:07:09.980,0.76817,0.76826,1.10,1.00
2016.07.01 15:07:10.487,0.76818,0.76827,1.00,1.00
2016.07.01 15:07:11.018,0.76817,0.76827,1.10,1.00
2016.07.01 15:07:11.920,0.76819,0.76827,1.00,1.00
2016.07.01 15:07:12.425,0.76819,0.76826,1.00,1.00
2016.07.01 15:07:12.818,0.76815,0.76823,1.37,1.00
2016.07.01 15:07:12.869,0.76814,0.76823,1.00,1.00
2016.07.01 15:07:15.044,0.76813,0.76823,1.87,1.00
2016.07.01 15:07:15.582,0.76813,0.76824,2.62,1.00
2016.07.01 15:07:16.089,0.76814,0.76823,1.12,1.00
2016.07.01 15:07:17.622,0.76814,0.76824,1.00,2.25
2016.07.01 15:07:18.245,0.76814,0.76823,1.00,1.00
2016.07.01 15:07:18.753,0.76813,0.76822,1.00,1.00
2016.07.01 15:07:19.156,0.76813,0.7682,1.00,1.00
2016.07.01 15:07:19.208,0.7681,0.7682,1.12,1.00
2016.07.01 15:07:19.759,0.7681,0.76819,1.20,1.00
2016.07.01 15:07:20.268,0.76807,0.76819,1.50,1.00
2016.07.01 15:07:20.320,0.76807,0.76816,1.50,1.00
2016.07.01 15:07:20.473,0.76806,0.76816,1.12,1.00
2016.07.01 15:07:22.215,0.76807,0.76816,1.00,1.00
2016.07.01 15:07:22.721,0.76806,0.76816,2.25,1.00
2016.07.01 15:07:22.952,0.76808,0.76816,1.00,1.00
2016.07.01 15:07:23.351,0.76811,0.76816,1.50,1.00
2016.07.01 15:07:23.605,0.76814,0.76824,1.00,1.50
2016.07.01 15:07:23.859,0.76815,0.76826,1.00,1.00
2016.07.01 15:07:27.031,0.76814,0.76826,1.00,2.62
2016.07.01 15:07:27.657,0.76815,0.76826,1.00,3.00
2016.07.01 15:07:28.165,0.76816,0.76826,1.00,2.25
2016.07.01 15:07:30.651,0.76816,0.76826,1.50,3.00
2016.07.01 15:07:30.702,0.76813,0.76823,1.50,1.00
2016.07.01 15:07:30.905,0.76812,0.76821,1.00,1.00
2016.07.01 15:07:30.956,0.7681,0.76821,2.62,1.00
2016.07.01 15:07:33.028,0.76809,0.7682,1.00,1.50
2016.07.01 15:07:33.079,0.76808,0.76818,1.50,1.00
2016.07.01 15:07:33.930,0.76807,0.76818,1.50,1.50
2016.07.01 15:07:34.954,0.76807,0.76817,1.00,1.00
2016.07.01 15:07:35.157,0.76805,0.76817,2.32,1.12
2016.07.01 15:07:35.563,0.76805,0.76816,1.00,2.25
2016.07.01 15:07:35.927,0.76803,0.76813,1.50,1.00
2016.07.01 15:07:37.409,0.76803,0.76812,1.00,1.00
2016.07.01 15:07:37.519,0.76801,0.76812,2.25,1.00
2016.07.01 15:07:38.031,0.76802,0.76811,1.00,1.00
2016.07.01 15:07:38.556,0.76802,0.7681,1.00,1.00
2016.07.01 15:07:39.547,0.76801,0.7681,1.50,1.00
2016.07.01 15:07:41.177,0.76801,0.76808,1.00,1.00
2016.07.01 15:07:41.228,0.768,0.7681,2.62,1.50
2016.07.01 15:07:41.279,0.768,0.76808,1.12,1.00
2016.07.01 15:07:42.375,0.768,0.76809,2.25,1.00
2016.07.01 15:07:42.722,0.76803,0.76809,1.00,1.00
2016.07.01 15:07:42.970,0.76804,0.76811,1.00,1.00
2016.07.01 15:07:43.549,0.76805,0.76811,1.00,1.00
2016.07.01 15:07:47.295,0.76803,0.76811,1.00,1.00
2016.07.01 15:07:47.600,0.76803,0.76809,1.00,1.00
2016.07.01 15:07:48.543,0.76802,0.76809,1.00,1.00
2016.07.01 15:07:48.746,0.76797,0.76805,1.50,1.00
2016.07.01 15:07:49.248,0.76798,0.76805,1.00,1.00
2016.07.01 15:07:50.535,0.76797,0.76805,1.50,1.00
2016.07.01 15:07:51.042,0.76797,0.76804,1.00,1.00
2016.07.01 15:07:51.563,0.76798,0.76804,1.00,1.00
2016.07.01 15:07:52.069,0.76799,0.76804,1.00,1.00
2016.07.01 15:07:52.120,0.76799,0.76806,1.00,1.00
2016.07.01 15:07:52.424,0.76797,0.76806,1.50,1.00
2016.07.01 15:07:52.644,0.76795,0.76805,1.50,1.12
2016.07.01 15:07:54.161,0.76795,0.76804,1.00,1.00
2016.07.01 15:07:54.668,0.76795,0.76805,1.50,1.50
2016.07.01 15:07:55.022,0.76797,0.76805,1.00,1.00
2016.07.01 15:07:55.567,0.76797,0.76804,1.00,1.00
2016.07.01 15:07:56.856,0.76797,0.76806,2.25,1.12
2016.07.01 15:07:57.463,0.76797,0.76804,1.00,1.00
2016.07.01 15:07:57.996,0.76796,0.76804,1.00,1.00
2016.07.01 15:07:58.502,0.76797,0.76804,1.50,1.00
2016.07.01 15:07:59.114,0.76798,0.76804,1.00,1.00
2016.07.01 15:07:59.560,0.76799,0.76806,1.00,1.00
2016.07.01 15:07:59.864,0.76797,0.76806,1.50,1.00
2016.07.01 15:08:00.371,0.76797,0.76805,1.00,1.00
2016.07.01 15:08:01.691,0.76796,0.76805,1.87,1.00
2016.07.01 15:08:02.046,0.76798,0.76805,1.00,1.00
2016.07.01 15:08:02.350,0.76796,0.76806,1.50,1.00
2016.07.01 15:08:02.881,0.76797,0.76806,1.12,1.00
2016.07.01 15:08:03.134,0.768,0.76806,1.00,1.00
2016.07.01 15:08:03.817,0.76801,0.76806,1.50,1.00
2016.07.01 15:08:04.025,0.76801,0.76809,1.50,1.00
2016.07.01 15:08:09.318,0.768,0.76809,1.50,1.00
2016.07.01 15:08:13.657,0.76801,0.76809,1.00,1.00
2016.07.01 15:08:14.181,0.768,0.76809,1.87,1.00
2016.07.01 15:08:15.207,0.76799,0.76809,1.00,1.00
2016.07.01 15:08:16.346,0.768,0.76809,1.00,1.00
2016.07.01 15:08:16.397,0.76802,0.76809,1.00,1.00
2016.07.01 15:08:16.842,0.76802,0.76811,1.50,1.00
2016.07.01 15:08:19.401,0.76801,0.76811,1.00,1.87
2016.07.01 15:08:20.410,0.76801,0.76808,1.00,1.00
2016.07.01 15:08:20.512,0.76801,0.7681,1.00,1.00
2016.07.01 15:08:20.765,0.76798,0.76808,1.50,1.00
2016.07.01 15:08:20.918,0.76793,0.76803,1.50,1.00
2016.07.01 15:08:21.425,0.76795,0.76803,1.00,1.00
2016.07.01 15:08:21.752,0.76797,0.76807,1.50,1.00
2016.07.01 15:08:22.259,0.76796,0.76806,1.95,1.00
2016.07.01 15:08:22.922,0.76794,0.76805,2.25,1.75
2016.07.01 15:08:23.429,0.76793,0.76803,1.00,1.12
2016.07.01 15:08:24.091,0.76796,0.76804,1.00,1.00
2016.07.01 15:08:24.400,0.76798,0.76805,1.00,1.00
2016.07.01 15:08:24.932,0.768,0.76805,1.00,1.00
2016.07.01 15:08:24.983,0.768,0.76808,1.00,1.00
2016.07.01 15:08:26.962,0.768,0.76811,1.12,1.87
2016.07.01 15:08:27.641,0.76801,0.76811,1.00,1.87
2016.07.01 15:08:29.198,0.76801,0.7681,1.00,1.00
2016.07.01 15:08:29.627,0.76802,0.76813,2.25,1.00
2016.07.01 15:08:30.691,0.76802,0.76812,1.00,1.00
2016.07.01 15:08:30.865,0.76802,0.76809,1.00,1.00
2016.07.01 15:08:30.917,0.768,0.76809,1.00,1.00
2016.07.01 15:08:31.436,0.768,0.76808,1.00,1.12
2016.07.01 15:08:31.976,0.76799,0.76808,1.50,1.12
2016.07.01 15:08:33.830,0.768,0.76808,1.00,1.00
2016.07.01 15:08:34.820,0.76804,0.76808,1.00,1.00
2016.07.01 15:08:34.922,0.76807,0.76812,1.00,1.50
2016.07.01 15:08:35.085,0.76808,0.76812,1.00,1.00
2016.07.01 15:08:35.136,0.7681,0.76816,1.00,1.00
2016.07.01 15:08:35.339,0.76808,0.76816,1.00,1.00
2016.07.01 15:08:36.235,0.76806,0.76816,1.87,1.00
2016.07.01 15:08:36.650,0.76808,0.76816,1.00,1.00
2016.07.01 15:08:37.269,0.76808,0.76817,1.00,1.00
2016.07.01 15:08:37.752,0.7681,0.76817,1.00,1.00
2016.07.01 15:08:37.952,0.76808,0.76817,1.50,1.00
2016.07.01 15:08:38.490,0.76808,0.76818,1.50,1.00
2016.07.01 15:08:38.767,0.7681,0.76818,1.00,1.00
2016.07.01 15:08:39.934,0.76808,0.76818,1.50,1.00
2016.07.01 15:08:40.636,0.76809,0.76818,1.00,1.00
2016.07.01 15:08:41.258,0.76808,0.76818,1.50,1.00
2016.07.01 15:08:43.163,0.76807,0.76818,1.50,1.00
2016.07.01 15:08:43.264,0.76809,0.76818,1.00,1.00
2016.07.01 15:08:43.366,0.76807,0.76818,1.50,1.00
2016.07.01 15:08:44.186,0.76806,0.76816,1.00,2.62
2016.07.01 15:08:44.491,0.768,0.76812,2.70,1.50
2016.07.01 15:08:44.744,0.76801,0.76809,1.00,1.00
2016.07.01 15:08:46.169,0.768,0.76809,1.12,1.00
2016.07.01 15:08:46.533,0.76796,0.76804,1.10,1.12
2016.07.01 15:08:46.584,0.76793,0.76804,1.10,1.12
2016.07.01 15:08:46.635,0.76792,0.76802,4.20,1.12
2016.07.01 15:08:47.142,0.76792,0.76801,1.00,1.00
2016.07.01 15:08:47.294,0.76789,0.76799,1.00,1.00
2016.07.01 15:08:47.844,0.7679,0.76799,1.00,1.00
2016.07.01 15:08:48.654,0.76791,0.76799,1.00,1.00
2016.07.01 15:08:50.562,0.76792,0.76801,1.00,1.12
2016.07.01 15:08:52.404,0.76794,0.76801,1.00,1.00
2016.07.01 15:08:52.506,0.76792,0.76801,1.50,1.00
2016.07.01 15:08:53.038,0.76793,0.76801,1.00,1.00
2016.07.01 15:08:53.906,0.76792,0.76801,1.09,1.00
2016.07.01 15:08:54.412,0.76793,0.76801,1.00,1.00
2016.07.01 15:08:54.676,0.76796,0.76805,1.50,1.50
2016.07.01 15:08:54.982,0.76797,0.76806,1.07,1.00
2016.07.01 15:08:55.134,0.76796,0.76806,1.50,1.00
2016.07.01 15:08:55.541,0.76796,0.76804,1.50,1.00
2016.07.01 15:08:56.061,0.76796,0.76804,1.00,1.50
2016.07.01 15:08:56.113,0.76793,0.76802,1.00,1.50
2016.07.01 15:08:56.622,0.76792,0.76801,1.00,1.00
2016.07.01 15:08:58.090,0.76794,0.76801,1.00,1.00
2016.07.01 15:08:58.192,0.76796,0.76805,1.50,1.20
2016.07.01 15:08:58.606,0.76795,0.76802,1.00,1.00
2016.07.01 15:09:00.542,0.76794,0.76802,1.00,1.00
2016.07.01 15:09:00.846,0.76792,0.76801,1.00,1.00
2016.07.01 15:09:00.897,0.76792,0.76799,1.00,1.00
2016.07.01 15:09:00.999,0.76792,0.76801,1.00,1.00
2016.07.01 15:09:03.171,0.76791,0.76801,1.50,1.50
2016.07.01 15:09:03.324,0.76789,0.768,1.10,1.87
2016.07.01 15:09:03.679,0.76787,0.76799,1.50,1.50
2016.07.01 15:09:04.109,0.76787,0.76797,1.50,1.00
2016.07.01 15:09:04.936,0.76786,0.76797,1.50,1.87
2016.07.01 15:09:05.237,0.76786,0.76794,1.00,1.00
2016.07.01 15:09:06.190,0.76786,0.76796,1.50,1.12
2016.07.01 15:09:06.241,0.76788,0.76796,1.00,1.00
2016.07.01 15:09:07.240,0.76788,0.76796,1.57,1.00
2016.07.01 15:09:07.780,0.76786,0.76795,1.07,1.00
2016.07.01 15:09:08.287,0.76787,0.76795,1.07,1.00
2016.07.01 15:09:08.743,0.76788,0.76798,1.07,1.12
2016.07.01 15:09:09.292,0.76789,0.76797,1.50,1.00
2016.07.01 15:09:09.343,0.76787,0.76796,1.50,1.00
2016.07.01 15:09:10.379,0.76787,0.76794,1.00,1.00
2016.07.01 15:09:10.531,0.76785,0.76794,1.00,1.12
2016.07.01 15:09:11.038,0.76785,0.76793,1.00,1.00
2016.07.01 15:09:11.140,0.76786,0.76796,1.57,1.00
2016.07.01 15:09:11.293,0.7679,0.76799,1.50,1.00
2016.07.01 15:09:11.504,0.76791,0.76801,1.00,1.00
2016.07.01 15:09:12.037,0.7679,0.768,1.00,1.00
2016.07.01 15:09:12.341,0.76791,0.76801,1.19,1.00
2016.07.01 15:09:13.417,0.76791,0.76801,1.34,1.00
2016.07.01 15:09:13.721,0.76788,0.76796,1.75,1.00
2016.07.01 15:09:13.772,0.76785,0.76795,1.20,1.00
2016.07.01 15:09:14.274,0.76784,0.76795,1.17,1.12
2016.07.01 15:09:16.645,0.76785,0.76795,1.19,1.12
2016.07.01 15:09:16.883,0.76785,0.76795,1.57,1.12
2016.07.01 15:09:16.937,0.76786,0.76793,1.00,1.00
2016.07.01 15:09:17.090,0.76786,0.76795,1.57,1.00
2016.07.01 15:09:17.293,0.76783,0.76793,1.64,1.00
2016.07.01 15:09:17.344,0.76783,0.76793,1.00,1.00
2016.07.01 15:09:17.446,0.7678,0.7679,1.87,1.50
2016.07.01 15:09:17.498,0.76778,0.76788,1.27,1.12
2016.07.01 15:09:17.761,0.76777,0.76786,1.07,1.00
2016.07.01 15:09:17.968,0.76776,0.76786,1.00,1.00
2016.07.01 15:09:18.475,0.76776,0.76785,1.07,1.00
2016.07.01 15:09:18.527,0.7678,0.76785,1.07,1.00
2016.07.01 15:09:18.742,0.76785,0.76793,1.00,1.50
2016.07.01 15:09:18.793,0.76786,0.76795,1.00,1.00
2016.07.01 15:09:19.815,0.76784,0.76795,1.20,1.00
2016.07.01 15:09:20.332,0.76786,0.76795,1.09,1.00
2016.07.01 15:09:20.888,0.76787,0.76795,1.50,1.00
2016.07.01 15:09:21.438,0.76787,0.76796,1.50,1.00
2016.07.01 15:09:22.221,0.7679,0.768,1.00,1.00
2016.07.01 15:09:23.035,0.76789,0.768,1.09,1.00
2016.07.01 15:09:23.424,0.76789,0.768,1.57,1.37
2016.07.01 15:09:24.605,0.76788,0.768,1.57,2.62
2016.07.01 15:09:24.816,0.76788,0.76797,1.00,1.50
2016.07.01 15:09:25.323,0.76787,0.76797,2.25,2.25
2016.07.01 15:09:25.836,0.76788,0.76797,1.00,2.25
2016.07.01 15:09:26.167,0.76792,0.76801,1.50,2.25
2016.07.01 15:09:26.270,0.76792,0.76804,2.25,3.07
2016.07.01 15:09:26.525,0.76795,0.76803,1.50,1.00
2016.07.01 15:09:27.073,0.76792,0.76804,1.50,2.25
2016.07.01 15:09:27.596,0.76792,0.76804,1.50,2.25
2016.07.01 15:09:28.222,0.76793,0.76804,1.50,1.50
2016.07.01 15:09:28.427,0.76793,0.76803,1.00,1.37
2016.07.01 15:09:28.855,0.76789,0.768,1.20,1.12
2016.07.01 15:09:28.906,0.76789,0.76799,1.10,1.37
2016.07.01 15:09:29.211,0.76791,0.768,1.50,1.12
2016.07.01 15:09:29.262,0.76794,0.76804,1.00,1.50
2016.07.01 15:09:29.364,0.76792,0.76798,1.95,1.00
2016.07.01 15:09:29.516,0.76794,0.76806,1.50,1.50
2016.07.01 15:09:29.568,0.76796,0.76806,1.00,1.00
2016.07.01 15:09:29.771,0.76796,0.76808,1.00,1.87
2016.07.01 15:09:30.472,0.76795,0.76807,1.50,1.50
2016.07.01 15:09:30.624,0.76795,0.76807,1.50,2.25
2016.07.01 15:09:31.154,0.76795,0.76803,1.50,1.00
2016.07.01 15:09:31.506,0.76792,0.76801,1.00,1.75
2016.07.01 15:09:31.760,0.7679,0.76801,1.50,1.87
2016.07.01 15:09:32.200,0.7679,0.76797,1.00,1.00
2016.07.01 15:09:32.722,0.76788,0.76795,1.00,1.00
2016.07.01 15:09:33.229,0.76789,0.76795,1.00,1.00
2016.07.01 15:09:33.936,0.76788,0.76795,1.50,1.00
2016.07.01 15:09:34.244,0.76786,0.76793,1.00,1.00
2016.07.01 15:09:34.814,0.76786,0.76792,1.00,1.00
2016.07.01 15:09:35.171,0.76787,0.76794,1.00,1.00
2016.07.01 15:09:35.678,0.76786,0.76793,1.00,1.00
2016.07.01 15:09:36.183,0.76786,0.76792,1.50,1.00
2016.07.01 15:09:36.720,0.76786,0.76793,1.00,1.00
2016.07.01 15:09:37.672,0.76786,0.76792,1.00,1.00
2016.07.01 15:09:38.077,0.76785,0.76789,1.00,1.00
2016.07.01 15:09:38.129,0.76782,0.76789,1.12,1.00
2016.07.01 15:09:38.231,0.76781,0.76788,1.10,1.00
2016.07.01 15:09:38.538,0.7678,0.76786,1.00,1.00
2016.07.01 15:09:38.590,0.76778,0.76786,1.12,1.00
2016.07.01 15:09:38.794,0.76779,0.76788,1.87,1.00
2016.07.01 15:09:39.301,0.76782,0.76789,1.00,1.00
2016.07.01 15:09:39.926,0.76782,0.7679,1.00,1.00
2016.07.01 15:09:40.230,0.7678,0.76789,1.10,1.00
2016.07.01 15:09:40.382,0.7678,0.76789,3.22,1.00
2016.07.01 15:09:40.729,0.76783,0.76792,1.00,1.00
2016.07.01 15:09:41.298,0.76784,0.76792,1.12,1.00
2016.07.01 15:09:41.790,0.76788,0.76795,1.00,1.00
2016.07.01 15:09:41.943,0.76786,0.76795,1.00,1.00
2016.07.01 15:09:42.818,0.76784,0.76792,1.10,1.00
2016.07.01 15:09:43.325,0.76783,0.76792,1.00,1.00
2016.07.01 15:09:44.146,0.76782,0.76792,1.35,1.00
2016.07.01 15:09:47.923,0.76784,0.76792,1.00,1.00
2016.07.01 15:09:50.060,0.76783,0.76792,1.00,1.00
2016.07.01 15:09:50.516,0.7678,0.76788,1.87,1.00
2016.07.01 15:09:50.669,0.7678,0.76788,1.00,1.00
2016.07.01 15:09:50.923,0.76778,0.76788,1.10,1.00
2016.07.01 15:09:51.145,0.76777,0.76786,1.00,1.50
2016.07.01 15:09:51.449,0.76775,0.76779,1.00,1.00
2016.07.01 15:09:51.501,0.7677,0.76779,1.87,1.00
2016.07.01 15:09:51.553,0.7677,0.76779,1.12,1.00
2016.07.01 15:09:52.762,0.76771,0.76779,1.00,1.00
2016.07.01 15:09:53.263,0.76772,0.76779,1.00,1.00
2016.07.01 15:09:54.736,0.76773,0.76781,1.00,1.00
2016.07.01 15:09:54.838,0.76777,0.76784,1.00,1.57
2016.07.01 15:09:55.117,0.76775,0.76785,1.00,1.00
2016.07.01 15:09:55.445,0.76772,0.76782,3.37,1.00
2016.07.01 15:09:55.952,0.76772,0.76779,1.00,1.00
2016.07.01 15:09:56.955,0.76773,0.76782,1.00,1.50
2016.07.01 15:09:57.259,0.76775,0.76783,1.00,1.00
2016.07.01 15:09:57.412,0.76775,0.76785,1.00,1.50
2016.07.01 15:09:57.626,0.76778,0.76785,1.00,1.00
2016.07.01 15:09:57.677,0.76775,0.76785,1.37,1.00
2016.07.01 15:09:58.185,0.76774,0.76784,2.25,1.00
2016.07.01 15:09:58.694,0.76777,0.76787,1.00,1.00
2016.07.01 15:09:58.746,0.76779,0.76787,1.00,1.00
2016.07.01 15:09:59.279,0.76778,0.76787,1.00,1.00
2016.07.01 15:09:59.330,0.76776,0.76787,1.12,1.00
2016.07.01 15:09:59.842,0.76775,0.76786,1.95,1.00
2016.07.01 15:10:00.109,0.76775,0.76784,1.57,1.00
2016.07.01 15:10:00.615,0.76775,0.76785,1.00,1.12
2016.07.01 15:10:00.961,0.76778,0.76786,1.00,1.00
2016.07.01 15:10:01.417,0.76779,0.76788,1.00,1.00
2016.07.01 15:10:01.468,0.76777,0.76788,1.00,1.00
2016.07.01 15:10:01.619,0.76777,0.7679,1.87,1.50
2016.07.01 15:10:01.721,0.7678,0.76791,1.12,1.50
2016.07.01 15:10:01.772,0.76782,0.76791,1.00,1.50
2016.07.01 15:10:02.198,0.76782,0.76792,1.00,1.00
2016.07.01 15:10:02.707,0.76783,0.76791,1.00,1.00
2016.07.01 15:10:04.080,0.76783,0.76794,1.87,1.00
2016.07.01 15:10:04.485,0.76785,0.76793,1.00,1.00
2016.07.01 15:10:04.536,0.76785,0.76795,1.00,1.00
2016.07.01 15:10:05.296,0.76784,0.76795,1.50,1.00
2016.07.01 15:10:05.651,0.76784,0.76793,1.00,1.00
2016.07.01 15:10:05.955,0.76784,0.76791,1.00,1.00
2016.07.01 15:10:07.102,0.76783,0.76791,1.12,1.00
2016.07.01 15:10:07.479,0.76785,0.76791,1.00,1.00
2016.07.01 15:10:08.385,0.76785,0.76792,1.00,1.00
2016.07.01 15:10:09.048,0.76785,0.76794,1.00,1.00
2016.07.01 15:10:09.149,0.76788,0.76795,1.00,1.50
2016.07.01 15:10:09.353,0.76789,0.76799,1.00,1.75
2016.07.01 15:10:09.454,0.76789,0.76799,1.00,1.00
2016.07.01 15:10:09.961,0.76789,0.76798,1.00,1.00
2016.07.01 15:10:10.468,0.76791,0.768,1.12,1.00
2016.07.01 15:10:10.671,0.76793,0.76803,1.00,1.00
2016.07.01 15:10:10.824,0.76795,0.76804,1.00,1.87
2016.07.01 15:10:11.162,0.76793,0.76802,1.00,1.12
2016.07.01 15:10:11.619,0.76795,0.76805,1.00,1.94
2016.07.01 15:10:11.772,0.76793,0.76804,1.00,1.07
2016.07.01 15:10:12.274,0.76794,0.76802,1.00,1.00
2016.07.01 15:10:12.630,0.76796,0.76803,1.00,1.00
2016.07.01 15:10:13.214,0.76797,0.76805,1.00,1.57
2016.07.01 15:10:13.516,0.768,0.76809,1.00,3.44
2016.07.01 15:10:13.618,0.768,0.76807,1.00,1.00
2016.07.01 15:10:13.670,0.76802,0.76807,1.00,1.09
2016.07.01 15:10:13.772,0.76802,0.7681,1.00,1.19
2016.07.01 15:10:13.925,0.76799,0.76809,1.50,1.57
2016.07.01 15:10:13.976,0.76797,0.76807,1.00,1.44
2016.07.01 15:10:14.187,0.76795,0.76807,1.00,2.32
2016.07.01 15:10:14.494,0.76802,0.7681,1.00,1.46
2016.07.01 15:10:14.546,0.76803,0.76815,1.00,3.75
2016.07.01 15:10:14.647,0.76803,0.76815,1.00,3.00
2016.07.01 15:10:15.645,0.76806,0.76818,1.00,4.12
2016.07.01 15:10:16.891,0.76806,0.76816,1.00,1.00
2016.07.01 15:10:18.322,0.76806,0.76814,1.00,1.00
2016.07.01 15:10:18.855,0.76806,0.76815,1.00,1.00
2016.07.01 15:10:19.169,0.76804,0.76813,1.00,1.00
2016.07.01 15:10:19.661,0.76803,0.76812,1.00,1.37
2016.07.01 15:10:19.965,0.76802,0.76808,1.50,1.12
2016.07.01 15:10:20.169,0.76803,0.76811,1.00,1.50
2016.07.01 15:10:20.718,0.76803,0.76812,1.00,1.37
2016.07.01 15:10:21.638,0.76803,0.76813,1.00,1.12
2016.07.01 15:10:22.144,0.76804,0.76812,1.00,1.00
2016.07.01 15:10:22.665,0.76803,0.76812,1.00,1.50
2016.07.01 15:10:23.889,0.76802,0.76809,1.00,1.00
2016.07.01 15:10:23.940,0.768,0.76809,1.00,1.00
2016.07.01 15:10:23.991,0.768,0.76807,1.00,1.00
2016.07.01 15:10:24.092,0.76798,0.76807,1.00,1.50
2016.07.01 15:10:24.599,0.76798,0.76805,1.00,1.00
2016.07.01 15:10:25.103,0.76797,0.76805,1.50,1.00
2016.07.01 15:10:25.306,0.76797,0.76803,1.00,1.00
2016.07.01 15:10:25.459,0.76794,0.76803,2.25,1.00
2016.07.01 15:10:25.510,0.76794,0.76798,1.00,1.00
2016.07.01 15:10:25.562,0.76791,0.76798,1.50,1.00
2016.07.01 15:10:25.664,0.76789,0.76798,1.00,1.00
2016.07.01 15:10:25.993,0.76787,0.76796,1.50,1.00
2016.07.01 15:10:26.499,0.76788,0.76797,1.00,1.00
2016.07.01 15:10:27.006,0.76789,0.76799,1.00,1.50
2016.07.01 15:10:27.522,0.76789,0.76799,1.50,1.12
2016.07.01 15:10:28.108,0.76789,0.76799,1.50,1.37
2016.07.01 15:10:28.620,0.76789,0.76799,1.50,1.00
2016.07.01 15:10:29.312,0.7679,0.76799,1.00,1.12
2016.07.01 15:10:29.617,0.76794,0.76803,1.50,1.12
2016.07.01 15:10:30.119,0.76796,0.76805,1.00,2.25
2016.07.01 15:10:30.373,0.76795,0.76807,1.00,2.25
2016.07.01 15:10:30.525,0.76793,0.76804,1.00,1.50
2016.07.01 15:10:30.829,0.76792,0.76803,1.00,2.25
2016.07.01 15:10:31.929,0.76796,0.76803,1.00,1.87
2016.07.01 15:10:31.980,0.76795,0.76803,1.00,1.50
2016.07.01 15:10:32.031,0.76797,0.76805,1.00,1.75
2016.07.01 15:10:32.254,0.76797,0.76809,1.00,2.25
2016.07.01 15:10:32.308,0.76795,0.76804,1.00,1.00
2016.07.01 15:10:32.412,0.76793,0.76804,1.00,1.50
2016.07.01 15:10:32.464,0.76792,0.76804,1.12,2.25
2016.07.01 15:10:32.971,0.76792,0.76804,1.00,1.87
2016.07.01 15:10:33.480,0.76793,0.76804,1.00,2.62
2016.07.01 15:10:34.794,0.76792,0.76802,1.00,1.50
2016.07.01 15:10:35.186,0.76792,0.76799,1.00,1.00
2016.07.01 15:10:35.704,0.76793,0.76803,1.00,2.25
2016.07.01 15:10:36.806,0.76791,0.76801,2.25,1.12
2016.07.01 15:10:38.152,0.76793,0.76803,1.00,2.62
2016.07.01 15:10:38.456,0.76793,0.76802,1.00,1.37
2016.07.01 15:10:39.157,0.76795,0.76804,1.50,2.25
2016.07.01 15:10:39.208,0.76796,0.76804,1.00,1.50
2016.07.01 15:10:39.311,0.76796,0.76806,1.00,1.00
2016.07.01 15:10:39.844,0.76796,0.76807,1.00,1.50
2016.07.01 15:10:40.501,0.76796,0.76806,1.00,1.50
2016.07.01 15:10:40.603,0.76798,0.76807,1.00,1.50
2016.07.01 15:10:41.142,0.76797,0.76806,1.00,1.00
2016.07.01 15:10:41.812,0.76796,0.76806,1.87,1.00
2016.07.01 15:10:42.638,0.76796,0.76807,1.87,2.25
2016.07.01 15:10:45.344,0.76797,0.76807,1.00,2.25
2016.07.01 15:10:48.349,0.76796,0.76806,1.12,1.00
2016.07.01 15:10:48.653,0.76794,0.76804,1.00,1.12
2016.07.01 15:10:48.958,0.76796,0.76806,1.00,2.62
2016.07.01 15:10:49.062,0.76797,0.76807,1.00,1.87
2016.07.01 15:10:51.157,0.76797,0.76806,1.00,1.00
2016.07.01 15:10:51.683,0.76797,0.76807,1.00,2.62
2016.07.01 15:10:52.307,0.76797,0.76807,1.00,3.00
2016.07.01 15:10:52.874,0.76797,0.76807,1.00,2.62
2016.07.01 15:10:55.481,0.76797,0.76806,1.00,1.00
2016.07.01 15:10:55.532,0.76797,0.76806,1.00,2.25
2016.07.01 15:10:55.634,0.76797,0.76806,1.00,2.25
2016.07.01 15:10:55.837,0.76795,0.76806,1.00,1.50
2016.07.01 15:10:55.939,0.76795,0.76805,1.00,1.87
2016.07.01 15:10:56.457,0.76795,0.76805,1.00,1.50
2016.07.01 15:10:56.812,0.76795,0.76805,1.00,1.87
2016.07.01 15:10:57.116,0.7679,0.76796,1.12,1.37
2016.07.01 15:10:57.440,0.76787,0.76794,1.00,1.00
2016.07.01 15:10:57.987,0.76786,0.76794,1.00,1.00
2016.07.01 15:10:58.038,0.76786,0.76797,1.00,3.75
2016.07.01 15:11:01.044,0.76786,0.76797,1.00,3.75
2016.07.01 15:11:01.569,0.76785,0.76794,1.00,1.37
2016.07.01 15:11:01.722,0.76783,0.76792,1.00,1.12
2016.07.01 15:11:02.297,0.76784,0.76792,1.00,1.12
2016.07.01 15:11:02.802,0.76783,0.76792,1.00,1.12
2016.07.01 15:11:03.005,0.76781,0.76791,1.00,1.00
2016.07.01 15:11:03.784,0.7678,0.76791,1.87,1.50
2016.07.01 15:11:03.886,0.76781,0.76789,1.00,1.00
2016.07.01 15:11:04.392,0.7678,0.76788,1.12,1.00
2016.07.01 15:11:05.054,0.76779,0.76788,1.00,1.00
2016.07.01 15:11:05.606,0.7678,0.76788,1.00,1.00
2016.07.01 15:11:06.113,0.76779,0.76788,1.12,1.00
2016.07.01 15:11:09.428,0.7678,0.76788,1.00,1.50
2016.07.01 15:11:09.976,0.7678,0.76789,1.00,1.50
2016.07.01 15:11:10.432,0.76778,0.76786,1.50,1.00
2016.07.01 15:11:10.736,0.76777,0.76784,1.00,1.00
2016.07.01 15:11:10.992,0.76775,0.76784,1.00,1.00
2016.07.01 15:11:11.248,0.76773,0.76783,1.00,1.00
2016.07.01 15:11:11.798,0.76774,0.76782,1.00,1.00
2016.07.01 15:11:12.325,0.76775,0.76782,1.00,1.00
2016.07.01 15:11:12.867,0.76774,0.76782,1.00,1.00
2016.07.01 15:11:13.326,0.76771,0.7678,1.00,1.00
2016.07.01 15:11:13.572,0.7677,0.76777,1.00,1.50
2016.07.01 15:11:13.725,0.76768,0.76777,1.00,1.50
2016.07.01 15:11:13.931,0.76766,0.76775,1.50,1.00
2016.07.01 15:11:14.521,0.76765,0.76776,1.87,1.50
2016.07.01 15:11:15.054,0.76767,0.76775,1.12,1.00
2016.07.01 15:11:15.749,0.76767,0.76776,1.00,2.25
2016.07.01 15:11:16.281,0.76766,0.76776,1.50,1.50
2016.07.01 15:11:22.013,0.76766,0.76775,1.00,1.00
2016.07.01 15:11:22.764,0.76765,0.76775,1.00,1.50
2016.07.01 15:11:23.070,0.76762,0.7677,1.37,1.00
2016.07.01 15:11:23.274,0.7676,0.76768,1.50,1.00
2016.07.01 15:11:23.805,0.7676,0.76767,1.00,1.00
2016.07.01 15:11:24.362,0.7676,0.7677,1.87,1.12
2016.07.01 15:11:24.413,0.7676,0.76766,1.12,1.00
2016.07.01 15:11:24.835,0.76755,0.76763,1.12,1.00
2016.07.01 15:11:24.886,0.76756,0.76766,1.57,1.00
2016.07.01 15:11:25.345,0.76754,0.76766,2.25,1.00
2016.07.01 15:11:25.817,0.76756,0.76765,1.00,1.00
2016.07.01 15:11:26.333,0.76756,0.76766,1.50,1.00
2016.07.01 15:11:26.801,0.76757,0.76768,1.00,3.00
2016.07.01 15:11:26.852,0.76759,0.76768,1.00,2.25
2016.07.01 15:11:29.771,0.76759,0.76769,1.00,1.12
2016.07.01 15:11:30.076,0.76763,0.76773,1.50,1.12
2016.07.01 15:11:30.380,0.7676,0.7677,2.25,1.00
2016.07.01 15:11:30.431,0.7676,0.7677,1.50,1.00
2016.07.01 15:11:30.532,0.76759,0.7677,1.12,1.00
2016.07.01 15:11:30.760,0.76762,0.76774,1.10,2.25
2016.07.01 15:11:31.065,0.76765,0.76776,1.50,3.00
2016.07.01 15:11:31.673,0.76765,0.76777,1.95,1.00
2016.07.01 15:11:32.235,0.76765,0.76776,1.47,1.00
2016.07.01 15:11:32.539,0.76764,0.76773,1.00,1.00
2016.07.01 15:11:32.590,0.76762,0.76773,1.50,1.00
2016.07.01 15:11:33.939,0.76763,0.76774,1.00,1.00
2016.07.01 15:11:34.041,0.76764,0.76776,1.50,1.12
2016.07.01 15:11:34.560,0.76765,0.76775,1.87,1.00
2016.07.01 15:11:35.188,0.76764,0.76774,1.37,1.00
2016.07.01 15:11:35.239,0.76763,0.76773,1.57,1.00
2016.07.01 15:11:35.291,0.76763,0.76771,1.50,1.00
2016.07.01 15:11:35.609,0.76759,0.7677,1.12,1.00
2016.07.01 15:11:35.761,0.76756,0.76767,2.47,1.00
2016.07.01 15:11:36.015,0.76753,0.76765,1.87,1.00
2016.07.01 15:11:36.117,0.76753,0.76763,1.87,1.00
2016.07.01 15:11:36.775,0.76753,0.76763,1.87,1.00
2016.07.01 15:11:37.492,0.76755,0.76763,1.00,1.00
2016.07.01 15:11:37.644,0.76755,0.76765,1.50,1.00
2016.07.01 15:11:37.797,0.76757,0.76765,1.00,1.00
2016.07.01 15:11:38.146,0.76754,0.76765,1.00,1.87
2016.07.01 15:11:38.454,0.76756,0.76765,1.00,1.87
2016.07.01 15:11:39.242,0.76756,0.76763,1.00,1.00
2016.07.01 15:11:39.293,0.76753,0.76763,1.87,1.50
2016.07.01 15:11:39.344,0.76753,0.7676,1.00,1.00
2016.07.01 15:11:39.446,0.76749,0.76759,2.25,1.00
2016.07.01 15:11:39.547,0.76749,0.76759,1.50,1.50
2016.07.01 15:11:40.054,0.76749,0.76761,1.00,1.12
2016.07.01 15:11:40.466,0.76751,0.76763,1.00,1.50
2016.07.01 15:11:41.416,0.7675,0.7676,1.87,1.00
2016.07.01 15:11:42.075,0.76751,0.7676,1.00,1.00
2016.07.01 15:11:42.228,0.76752,0.76764,1.00,2.25
2016.07.01 15:11:42.380,0.76752,0.76764,1.00,1.12
2016.07.01 15:11:42.482,0.76751,0.76763,1.75,2.25
2016.07.01 15:11:42.664,0.76749,0.76762,1.50,1.50
2016.07.01 15:11:43.172,0.76749,0.7676,1.50,1.00
2016.07.01 15:11:43.527,0.76746,0.76758,2.62,1.00
2016.07.01 15:11:43.986,0.76749,0.76759,1.00,1.50
2016.07.01 15:11:44.088,0.76748,0.7676,1.50,1.12
2016.07.01 15:11:44.290,0.7675,0.76762,1.00,1.12
2016.07.01 15:11:44.594,0.76749,0.76761,1.00,1.37
2016.07.01 15:11:44.899,0.76751,0.76761,1.00,1.12
2016.07.01 15:11:45.433,0.7675,0.7676,1.00,1.12
2016.07.01 15:11:46.648,0.7675,0.76762,1.50,1.87
2016.07.01 15:11:47.194,0.76751,0.76762,1.00,1.12
2016.07.01 15:11:48.008,0.7675,0.76762,1.00,1.12
2016.07.01 15:11:48.161,0.76752,0.76763,1.00,1.37
2016.07.01 15:11:49.646,0.76751,0.76762,1.50,1.50
2016.07.01 15:11:50.102,0.76753,0.76763,1.00,1.12
2016.07.01 15:11:50.204,0.76752,0.76765,1.00,2.62
2016.07.01 15:11:50.591,0.76754,0.76764,1.00,1.37
2016.07.01 15:11:50.997,0.76755,0.76767,1.00,1.75
2016.07.01 15:11:51.539,0.76755,0.76767,1.00,1.50
2016.07.01 15:11:52.070,0.76755,0.76765,1.00,1.12
2016.07.01 15:11:52.592,0.76757,0.76769,1.00,6.45
2016.07.01 15:11:52.876,0.76757,0.76767,1.00,1.00
2016.07.01 15:11:53.383,0.76758,0.76768,1.50,1.50
2016.07.01 15:11:55.000,0.76757,0.76767,1.50,1.12
2016.07.01 15:11:55.203,0.76755,0.76767,1.50,1.87
2016.07.01 15:11:55.305,0.76756,0.76766,1.00,1.50
2016.07.01 15:11:58.901,0.76755,0.76765,1.00,2.25
2016.07.01 15:11:59.053,0.76752,0.76762,1.57,1.00
2016.07.01 15:11:59.461,0.7675,0.76761,2.25,1.12
2016.07.01 15:11:59.745,0.7675,0.76755,1.00,1.00
2016.07.01 15:11:59.796,0.76745,0.76755,1.00,1.50
2016.07.01 15:12:00.000,0.76745,0.76757,1.00,1.87
2016.07.01 15:12:00.153,0.76747,0.76759,1.00,1.87
2016.07.01 15:12:00.205,0.76747,0.76759,1.00,1.50
2016.07.01 15:12:00.357,0.76747,0.76757,1.00,1.37
2016.07.01 15:12:00.459,0.76745,0.76757,1.00,2.25
2016.07.01 15:12:00.717,0.76744,0.76756,1.00,3.00
2016.07.01 15:12:02.182,0.76743,0.76753,1.50,1.12
2016.07.01 15:12:02.486,0.76741,0.76751,1.00,1.87
2016.07.01 15:12:03.021,0.7674,0.76751,1.00,2.25
2016.07.01 15:12:03.566,0.76739,0.76751,1.00,2.62
2016.07.01 15:12:04.081,0.76738,0.76748,1.00,1.12
2016.07.01 15:12:04.609,0.76737,0.76748,1.50,1.50
2016.07.01 15:12:05.015,0.76736,0.76746,1.00,1.00
2016.07.01 15:12:05.319,0.76734,0.76745,1.50,1.00
2016.07.01 15:12:05.875,0.76735,0.76745,1.00,1.50
2016.07.01 15:12:06.333,0.76738,0.76746,1.00,1.50
2016.07.01 15:12:06.839,0.76738,0.76747,1.00,1.50
2016.07.01 15:12:07.153,0.76742,0.76751,1.00,1.50
2016.07.01 15:12:07.356,0.7674,0.7675,1.00,1.00
2016.07.01 15:12:07.869,0.7674,0.76749,1.00,1.00
2016.07.01 15:12:07.921,0.76739,0.76747,1.00,1.00
2016.07.01 15:12:07.972,0.76735,0.76746,1.47,1.00
2016.07.01 15:12:08.124,0.76736,0.76748,1.50,1.50
2016.07.01 15:12:08.755,0.76736,0.76747,1.50,1.50
2016.07.01 15:12:08.857,0.76735,0.76745,2.40,1.00
2016.07.01 15:12:08.908,0.76735,0.76747,1.95,2.25
2016.07.01 15:12:08.959,0.76736,0.76746,1.00,1.00
2016.07.01 15:12:09.112,0.76736,0.76748,1.37,1.37
2016.07.01 15:12:09.265,0.76738,0.76749,1.50,1.50
2016.07.01 15:12:09.670,0.76736,0.76748,1.19,1.12
2016.07.01 15:12:10.177,0.76736,0.76747,1.00,1.00
2016.07.01 15:12:10.685,0.76735,0.76746,1.00,1.50
2016.07.01 15:12:11.192,0.76733,0.76745,1.57,1.50
2016.07.01 15:12:11.546,0.76732,0.76743,2.32,1.00
2016.07.01 15:12:13.127,0.76732,0.76742,1.82,1.00
2016.07.01 15:12:13.329,0.76729,0.7674,1.82,1.50
2016.07.01 15:12:13.633,0.76728,0.76738,1.82,1.00
2016.07.01 15:12:13.735,0.7673,0.7674,1.09,1.00
2016.07.01 15:12:14.449,0.7673,0.76739,1.00,1.00
2016.07.01 15:12:16.305,0.76728,0.76737,1.00,1.00
2016.07.01 15:12:16.407,0.76726,0.76736,1.94,1.00
2016.07.01 15:12:16.964,0.76727,0.76737,1.00,1.50
2016.07.01 15:12:17.066,0.76727,0.76739,1.07,1.50
2016.07.01 15:12:17.356,0.76727,0.76736,1.12,1.00
2016.07.01 15:12:17.410,0.76723,0.76735,2.02,1.00
2016.07.01 15:12:17.565,0.76723,0.76734,1.10,1.00
2016.07.01 15:12:17.970,0.76721,0.76731,2.32,1.00
2016.07.01 15:12:18.553,0.76723,0.76733,1.00,1.00
2016.07.01 15:12:19.355,0.76725,0.76737,1.00,2.62
2016.07.01 15:12:19.873,0.76726,0.76736,1.00,1.12
2016.07.01 15:12:20.453,0.76727,0.76736,1.00,1.12
2016.07.01 15:12:20.964,0.76728,0.76738,1.00,1.75
2016.07.01 15:12:21.471,0.7673,0.76741,1.09,3.00
2016.07.01 15:12:21.573,0.76728,0.76738,1.57,1.00
2016.07.01 15:12:21.677,0.76729,0.76741,1.07,1.75
2016.07.01 15:12:21.779,0.76731,0.76741,1.09,1.12
2016.07.01 15:12:21.982,0.7673,0.76739,1.00,1.00
2016.07.01 15:12:22.387,0.76726,0.76738,1.94,1.50
2016.07.01 15:12:22.919,0.76727,0.76737,1.00,1.00
2016.07.01 15:12:23.525,0.76727,0.76736,1.00,1.00
2016.07.01 15:12:24.044,0.76726,0.76736,1.09,1.00
2016.07.01 15:12:25.267,0.76725,0.76736,1.19,1.50
2016.07.01 15:12:25.521,0.76724,0.76734,1.57,1.00
2016.07.01 15:12:25.869,0.76721,0.76732,1.19,1.00
2016.07.01 15:12:26.079,0.76721,0.76732,1.19,1.00
2016.07.01 15:12:26.845,0.76721,0.7673,1.12,1.00
2016.07.01 15:12:26.896,0.76721,0.76732,1.12,1.00
2016.07.01 15:12:27.405,0.76722,0.76732,1.00,1.00
2016.07.01 15:12:27.916,0.76723,0.76731,1.00,1.00
2016.07.01 15:12:28.181,0.76721,0.76733,1.57,1.50
2016.07.01 15:12:29.761,0.76723,0.76733,1.12,1.00
2016.07.01 15:12:30.351,0.76724,0.76734,1.94,1.00
2016.07.01 15:12:30.989,0.76724,0.76735,1.19,1.00
2016.07.01 15:12:31.550,0.76726,0.76736,2.17,1.00
2016.07.01 15:12:31.855,0.76733,0.76741,1.00,1.00
2016.07.01 15:12:32.381,0.76735,0.76743,1.00,1.12
2016.07.01 15:12:32.629,0.76736,0.76745,1.00,1.00
2016.07.01 15:12:33.154,0.76735,0.76744,1.00,1.50
2016.07.01 15:12:33.470,0.76731,0.76739,1.12,1.00
2016.07.01 15:12:33.784,0.76728,0.76736,1.00,2.62
2016.07.01 15:12:33.886,0.76729,0.76738,1.00,1.20
2016.07.01 15:12:34.482,0.76728,0.76739,1.00,2.25
2016.07.01 15:12:35.026,0.76728,0.76739,1.50,1.87
2016.07.01 15:12:35.280,0.76729,0.76739,1.00,1.12
2016.07.01 15:12:35.932,0.76729,0.76741,1.00,1.95
2016.07.01 15:12:36.084,0.76728,0.76736,1.07,1.00
2016.07.01 15:12:36.237,0.76721,0.76733,1.50,1.00
2016.07.01 15:12:36.288,0.76721,0.76732,1.00,1.50
2016.07.01 15:12:36.795,0.7672,0.7673,1.00,1.00
2016.07.01 15:12:37.321,0.76725,0.76733,1.00,1.20
2016.07.01 15:12:37.525,0.76729,0.76739,1.00,1.00
2016.07.01 15:12:37.576,0.76731,0.76741,1.00,1.37
2016.07.01 15:12:37.627,0.76731,0.76742,1.00,1.12
2016.07.01 15:12:38.093,0.76732,0.76744,1.00,1.87
2016.07.01 15:12:38.398,0.76731,0.76743,1.00,1.37
2016.07.01 15:12:38.652,0.76732,0.76744,1.00,1.12
2016.07.01 15:12:38.929,0.76731,0.76741,1.12,1.12
2016.07.01 15:12:39.031,0.76729,0.76741,1.12,1.12
2016.07.01 15:12:39.547,0.76728,0.7674,1.00,1.00
2016.07.01 15:12:39.700,0.7673,0.7674,1.00,1.00
2016.07.01 15:12:40.202,0.76729,0.7674,1.00,1.00
2016.07.01 15:12:40.912,0.76729,0.7674,1.00,1.50
2016.07.01 15:12:41.450,0.76727,0.76738,1.47,1.00
2016.07.01 15:12:42.227,0.76727,0.76739,1.50,1.87
2016.07.01 15:12:42.739,0.76727,0.76738,1.50,1.00
2016.07.01 15:12:43.249,0.76727,0.76738,1.50,1.00
2016.07.01 15:12:45.909,0.76727,0.76739,1.00,3.00
2016.07.01 15:12:46.240,0.76727,0.76737,1.00,1.00
2016.07.01 15:12:46.791,0.76727,0.76737,1.00,1.87
2016.07.01 15:12:47.195,0.76725,0.76735,1.50,1.00
2016.07.01 15:12:47.735,0.76724,0.76735,1.95,1.00
2016.07.01 15:12:48.299,0.76724,0.76735,1.50,1.50
2016.07.01 15:12:48.763,0.76724,0.76731,1.00,1.12
2016.07.01 15:12:48.814,0.76719,0.76731,2.62,1.50
2016.07.01 15:12:49.349,0.7672,0.7673,1.00,2.62
2016.07.01 15:12:49.885,0.76718,0.76729,1.50,1.00
2016.07.01 15:12:50.038,0.76718,0.76727,1.00,1.00
2016.07.01 15:12:50.546,0.76717,0.76729,1.50,1.12
2016.07.01 15:12:50.698,0.76719,0.76729,1.00,1.12
2016.07.01 15:12:51.017,0.76721,0.76731,1.50,2.25
2016.07.01 15:12:51.237,0.76727,0.76739,1.00,1.75
2016.07.01 15:12:51.440,0.76728,0.7674,1.00,2.62
2016.07.01 15:12:52.118,0.76729,0.7674,1.00,1.00
2016.07.01 15:12:52.542,0.76731,0.76741,1.00,1.87
2016.07.01 15:12:53.117,0.76728,0.7674,1.00,1.00
2016.07.01 15:12:53.932,0.7673,0.76739,1.00,1.00
2016.07.01 15:12:54.135,0.76728,0.76738,2.25,1.00
2016.07.01 15:12:54.236,0.76726,0.76734,1.50,1.00
2016.07.01 15:12:54.667,0.76716,0.76728,1.00,1.37
2016.07.01 15:12:54.769,0.76714,0.76726,2.25,1.00
2016.07.01 15:12:56.730,0.76713,0.76726,3.07,1.87
2016.07.01 15:12:56.832,0.76714,0.76724,1.00,1.00
2016.07.01 15:12:57.680,0.76713,0.76725,2.32,1.00
2016.07.01 15:12:58.035,0.76714,0.76726,1.57,1.00
2016.07.01 15:12:58.238,0.76714,0.76726,1.20,1.00
2016.07.01 15:12:58.618,0.76715,0.76725,1.00,1.37
2016.07.01 15:12:58.771,0.76713,0.76723,1.00,1.00
2016.07.01 15:12:59.228,0.76713,0.76725,1.37,1.00
2016.07.01 15:12:59.746,0.76717,0.76727,1.00,1.00
2016.07.01 15:13:00.253,0.76717,0.76728,1.12,1.00
2016.07.01 15:13:00.659,0.76719,0.76729,1.00,1.00
2016.07.01 15:13:00.989,0.76717,0.76728,1.87,1.50
2016.07.01 15:13:01.243,0.76716,0.76728,1.37,1.50
2016.07.01 15:13:01.547,0.76714,0.76726,1.47,1.00
2016.07.01 15:13:01.958,0.76714,0.76726,1.75,1.00
2016.07.01 15:13:02.313,0.76715,0.76728,3.75,1.00
2016.07.01 15:13:02.819,0.76717,0.76729,1.37,1.00
2016.07.01 15:13:03.327,0.76719,0.7673,1.00,1.00
2016.07.01 15:13:03.580,0.7672,0.7673,1.37,1.00
2016.07.01 15:13:04.081,0.7672,0.76731,1.37,1.00
2016.07.01 15:13:06.166,0.7672,0.7673,1.37,1.00
2016.07.01 15:13:06.470,0.76718,0.7673,2.62,1.50
2016.07.01 15:13:06.623,0.76718,0.76728,2.62,1.00
2016.07.01 15:13:06.979,0.76718,0.7673,1.00,1.12
2016.07.01 15:13:07.488,0.76719,0.7673,1.50,1.00
2016.07.01 15:13:07.998,0.76719,0.7673,2.25,1.00
2016.07.01 15:13:08.539,0.76719,0.7673,1.12,1.00
2016.07.01 15:13:09.108,0.76719,0.76731,1.87,1.00
2016.07.01 15:13:09.611,0.7672,0.76731,1.00,1.00
2016.07.01 15:13:10.117,0.7672,0.7673,1.50,1.12
2016.07.01 15:13:10.621,0.7672,0.76731,1.00,1.00
2016.07.01 15:13:11.142,0.76719,0.76731,2.62,1.00
2016.07.01 15:13:12.267,0.7672,0.76731,1.00,1.00
2016.07.01 15:13:12.583,0.76722,0.76734,1.50,1.87
2016.07.01 15:13:12.887,0.76724,0.76734,1.00,1.87
2016.07.01 15:13:13.666,0.76723,0.76734,1.12,1.12
2016.07.01 15:13:13.971,0.76722,0.76732,1.00,1.00
2016.07.01 15:13:14.272,0.76722,0.7673,1.00,1.00
2016.07.01 15:13:16.279,0.76722,0.76732,1.00,1.00
2016.07.01 15:13:16.879,0.76721,0.76732,1.50,1.00
2016.07.01 15:13:17.231,0.76729,0.76733,1.00,1.12
2016.07.01 15:13:17.283,0.76729,0.76735,1.00,1.37
2016.07.01 15:13:17.335,0.76731,0.76738,1.00,1.75
2016.07.01 15:13:17.386,0.76729,0.7674,1.00,1.87
2016.07.01 15:13:17.437,0.7673,0.7674,1.00,2.62
2016.07.01 15:13:17.976,0.76729,0.76739,1.00,1.00
2016.07.01 15:13:18.282,0.76726,0.76738,1.50,2.62
2016.07.01 15:13:19.104,0.76726,0.76736,1.00,1.00
2016.07.01 15:13:20.899,0.76725,0.76735,2.32,1.00
2016.07.01 15:13:21.342,0.76724,0.7673,1.37,1.00
2016.07.01 15:13:21.394,0.76721,0.76729,1.75,1.00
2016.07.01 15:13:21.495,0.76719,0.76728,1.00,1.87
2016.07.01 15:13:21.547,0.76717,0.76728,1.00,1.50
2016.07.01 15:13:23.378,0.76718,0.76727,1.00,1.00
2016.07.01 15:13:23.842,0.76718,0.76729,1.50,1.12
2016.07.01 15:13:24.350,0.76719,0.76728,1.00,1.12
2016.07.01 15:13:26.011,0.76717,0.76728,1.57,1.12
2016.07.01 15:13:26.517,0.76718,0.76729,1.00,1.87
2016.07.01 15:13:27.278,0.76718,0.76726,1.00,1.00
2016.07.01 15:13:27.894,0.76717,0.76726,1.50,1.00
2016.07.01 15:13:28.504,0.76718,0.76726,1.00,1.00
2016.07.01 15:13:29.361,0.76718,0.76728,1.00,1.00
2016.07.01 15:13:29.789,0.7672,0.76728,1.00,1.00
2016.07.01 15:13:29.891,0.76718,0.76728,1.12,1.00
2016.07.01 15:13:30.196,0.76718,0.76726,1.00,1.00
2016.07.01 15:13:30.778,0.76717,0.76726,1.09,1.00
2016.07.01 15:13:32.983,0.76716,0.76726,1.19,1.50
2016.07.01 15:13:33.287,0.76714,0.76724,1.12,1.50
2016.07.01 15:13:33.678,0.76714,0.76722,1.12,1.00
2016.07.01 15:13:34.480,0.76714,0.76721,1.12,1.00
2016.07.01 15:13:34.531,0.76712,0.76723,2.25,1.57
2016.07.01 15:13:34.582,0.76712,0.76721,2.25,1.00
2016.07.01 15:13:34.734,0.76713,0.76723,1.50,2.25
2016.07.01 15:13:35.282,0.76713,0.76722,1.37,1.00
2016.07.01 15:13:35.333,0.76711,0.76722,1.46,1.50
2016.07.01 15:13:35.435,0.7671,0.7672,1.57,1.00
2016.07.01 15:13:35.738,0.76716,0.7672,1.00,1.00
2016.07.01 15:13:36.016,0.76718,0.76723,1.00,1.00
2016.07.01 15:13:36.706,0.7672,0.76726,1.00,1.37
2016.07.01 15:13:37.035,0.76722,0.76727,1.00,1.00
2016.07.01 15:13:37.541,0.76722,0.76726,1.00,1.00
2016.07.01 15:13:38.321,0.76722,0.76727,1.00,1.00
2016.07.01 15:13:38.677,0.76725,0.7673,1.00,2.32
2016.07.01 15:13:38.893,0.76728,0.76732,1.00,1.00
2016.07.01 15:13:39.147,0.76726,0.7673,1.00,1.00
2016.07.01 15:13:39.451,0.7673,0.76734,1.00,1.35
2016.07.01 15:13:39.502,0.76727,0.76732,1.00,1.00
2016.07.01 15:13:39.604,0.76726,0.7673,1.00,1.00
2016.07.01 15:13:39.655,0.76723,0.7673,1.00,1.00
2016.07.01 15:13:39.706,0.76723,0.76732,1.00,2.40
2016.07.01 15:13:39.878,0.76722,0.76732,1.00,1.95
2016.07.01 15:13:40.195,0.76726,0.76732,1.00,1.00
2016.07.01 15:13:40.719,0.76726,0.76731,1.00,1.00
2016.07.01 15:13:40.770,0.76723,0.76731,1.00,1.35
2016.07.01 15:13:41.278,0.76723,0.76731,1.00,1.60
2016.07.01 15:13:42.099,0.76725,0.76732,1.00,1.60
2016.07.01 15:13:42.675,0.76726,0.76731,1.00,1.60
2016.07.01 15:13:42.726,0.76726,0.76732,1.00,1.00
2016.07.01 15:13:42.828,0.76728,0.76732,1.00,1.00
2016.07.01 15:13:43.032,0.76729,0.76735,1.00,1.10
2016.07.01 15:13:43.134,0.76727,0.76734,1.00,1.00
2016.07.01 15:13:43.677,0.76726,0.76734,1.00,1.72
2016.07.01 15:13:43.982,0.76726,0.76734,1.00,2.10
2016.07.01 15:13:44.084,0.76726,0.76734,1.00,1.72
2016.07.01 15:13:44.930,0.76726,0.76734,1.00,1.07
2016.07.01 15:13:45.410,0.76723,0.7673,1.00,1.00
2016.07.01 15:13:45.940,0.76723,0.76731,1.00,1.00
2016.07.01 15:13:46.476,0.76725,0.76731,1.00,1.00
2016.07.01 15:13:47.011,0.76725,0.7673,1.00,1.00
2016.07.01 15:13:47.916,0.76726,0.76732,1.00,1.19
2016.07.01 15:13:48.321,0.76723,0.76731,1.12,1.07
2016.07.01 15:13:49.118,0.76723,0.76729,1.00,1.00
2016.07.01 15:13:49.971,0.76722,0.76729,1.00,1.09
2016.07.01 15:13:50.328,0.76723,0.76732,1.00,2.02
2016.07.01 15:13:50.878,0.76724,0.76732,1.00,1.07
2016.07.01 15:13:51.232,0.76726,0.76734,1.00,1.19
2016.07.01 15:13:51.841,0.76726,0.76733,1.00,1.07
2016.07.01 15:13:52.647,0.76728,0.76734,1.00,1.07
2016.07.01 15:13:53.702,0.76729,0.76735,1.00,1.07
2016.07.01 15:13:54.057,0.76729,0.76735,1.00,1.00
2016.07.01 15:13:54.411,0.76731,0.76736,1.00,1.00
2016.07.01 15:13:54.686,0.76725,0.76734,1.12,1.00
2016.07.01 15:13:55.193,0.76726,0.76734,1.00,1.30
2016.07.01 15:13:55.700,0.76726,0.76735,1.00,1.00
2016.07.01 15:13:56.451,0.76726,0.76734,1.00,1.00
2016.07.01 15:13:56.899,0.76726,0.76737,1.12,2.17
2016.07.01 15:13:56.951,0.76729,0.76737,1.00,1.00
2016.07.01 15:13:57.256,0.76731,0.76738,1.00,1.30
2016.07.01 15:13:57.358,0.76729,0.76738,1.00,1.30
2016.07.01 15:13:57.844,0.76731,0.76738,1.00,1.87
2016.07.01 15:13:58.199,0.7673,0.76737,1.00,1.72
2016.07.01 15:13:58.264,0.76728,0.76737,1.00,1.72
2016.07.01 15:13:58.767,0.7673,0.76737,1.00,1.10
2016.07.01 15:13:59.069,0.76732,0.76739,1.00,1.30
2016.07.01 15:13:59.606,0.76732,0.76738,1.00,1.00
2016.07.01 15:14:00.258,0.76731,0.76738,1.00,1.00
2016.07.01 15:14:00.309,0.76729,0.76738,1.00,1.37
2016.07.01 15:14:00.802,0.76732,0.76739,1.00,2.10
2016.07.01 15:14:00.956,0.76732,0.76741,1.00,2.25
2016.07.01 15:14:01.181,0.76731,0.76738,1.00,1.00
2016.07.01 15:14:01.540,0.76731,0.7674,1.00,1.00
2016.07.01 15:14:01.844,0.76729,0.7674,1.12,1.00
2016.07.01 15:14:01.895,0.76729,0.76737,1.12,2.47
2016.07.01 15:14:02.194,0.7673,0.7674,1.00,1.00
2016.07.01 15:14:02.715,0.76731,0.7674,1.00,1.37
2016.07.01 15:14:03.375,0.7673,0.76738,1.00,1.00
2016.07.01 15:14:03.642,0.7673,0.76736,1.00,1.00
2016.07.01 15:14:04.159,0.76728,0.76736,1.00,1.07
2016.07.01 15:14:04.936,0.76727,0.76736,1.00,1.37
2016.07.01 15:14:05.360,0.76728,0.76737,1.00,1.35
2016.07.01 15:14:05.867,0.76729,0.76738,1.00,3.22
2016.07.01 15:14:06.172,0.76732,0.76738,1.00,1.50
2016.07.01 15:14:06.325,0.76728,0.76738,1.12,1.00
2016.07.01 15:14:06.428,0.76728,0.76737,1.00,1.50
2016.07.01 15:14:07.139,0.76726,0.76737,1.00,1.87
2016.07.01 15:14:07.603,0.76724,0.76735,1.00,1.72
2016.07.01 15:14:07.755,0.76723,0.76733,1.00,1.50
2016.07.01 15:14:08.116,0.76725,0.76733,1.00,1.80
2016.07.01 15:14:08.167,0.76724,0.76733,1.00,1.05
2016.07.01 15:14:08.320,0.76722,0.76734,1.12,1.72
2016.07.01 15:14:08.473,0.76721,0.76731,1.00,3.60
2016.07.01 15:14:08.856,0.76718,0.76725,1.00,1.30
2016.07.01 15:14:09.182,0.76716,0.76725,1.00,1.30
2016.07.01 15:14:09.721,0.76716,0.76725,1.00,1.67
2016.07.01 15:14:10.439,0.76715,0.76724,1.00,1.50
2016.07.01 15:14:10.846,0.76715,0.76723,1.00,1.50
2016.07.01 15:14:11.343,0.76713,0.76723,1.00,3.60
2016.07.01 15:14:12.077,0.76714,0.76723,1.00,3.22
2016.07.01 15:14:12.236,0.76714,0.76723,1.00,1.12
2016.07.01 15:14:12.338,0.76716,0.76724,1.00,1.00
2016.07.01 15:14:12.841,0.76717,0.76725,1.00,1.00
2016.07.01 15:14:14.494,0.76717,0.76725,1.00,1.37
2016.07.01 15:14:14.899,0.76717,0.76726,1.00,1.00
2016.07.01 15:14:14.951,0.7672,0.76726,1.00,1.00
2016.07.01 15:14:15.004,0.76719,0.76728,1.00,1.12
2016.07.01 15:14:15.106,0.76718,0.76725,1.00,1.00
2016.07.01 15:14:15.662,0.76717,0.76724,1.00,1.00
2016.07.01 15:14:15.804,0.76717,0.76726,1.00,1.50
2016.07.01 15:14:16.805,0.76717,0.76725,1.00,1.12
2016.07.01 15:14:17.011,0.76716,0.76724,1.00,1.50
2016.07.01 15:14:17.063,0.76713,0.76721,1.00,1.00
2016.07.01 15:14:17.165,0.76716,0.76722,1.00,2.10
2016.07.01 15:14:17.267,0.76717,0.76723,1.00,1.00
2016.07.01 15:14:17.420,0.76717,0.76725,1.00,1.00
2016.07.01 15:14:17.521,0.7672,0.76725,1.00,1.00
2016.07.01 15:14:17.572,0.76718,0.76726,1.00,1.37
2016.07.01 15:14:17.674,0.76716,0.76725,1.12,1.00
2016.07.01 15:14:17.914,0.76716,0.76725,1.00,1.37
2016.07.01 15:14:18.218,0.76719,0.76725,1.00,1.67
2016.07.01 15:14:18.430,0.76719,0.7673,1.00,2.99
2016.07.01 15:14:19.065,0.76719,0.7673,1.00,3.74
2016.07.01 15:14:19.167,0.76719,0.7673,1.00,2.39
2016.07.01 15:14:19.218,0.76721,0.7673,1.00,2.32
2016.07.01 15:14:19.725,0.7672,0.7673,1.12,1.00
2016.07.01 15:14:20.198,0.76721,0.7673,1.00,1.50
2016.07.01 15:14:20.401,0.76721,0.7673,1.00,1.12
2016.07.01 15:14:20.619,0.76721,0.76728,1.00,1.00
2016.07.01 15:14:21.125,0.76722,0.7673,1.00,1.09
2016.07.01 15:14:21.629,0.7672,0.76731,1.00,1.94
2016.07.01 15:14:22.161,0.76719,0.76729,1.00,1.19
2016.07.01 15:14:22.212,0.76719,0.76727,1.00,1.00
2016.07.01 15:14:22.469,0.7672,0.76729,1.00,1.12
2016.07.01 15:14:22.927,0.76721,0.76732,1.00,1.94
2016.07.01 15:14:23.585,0.76722,0.76731,1.00,1.07
2016.07.01 15:14:25.028,0.76721,0.76731,1.00,1.44
2016.07.01 15:14:25.535,0.76722,0.76729,1.00,1.00
2016.07.01 15:14:26.042,0.76722,0.76731,1.00,1.07
2016.07.01 15:14:28.004,0.76722,0.76731,1.00,1.12
2016.07.01 15:14:28.136,0.76721,0.76731,1.00,1.50
2016.07.01 15:14:29.025,0.7672,0.76729,1.00,1.12
2016.07.01 15:14:29.329,0.76719,0.76727,1.00,1.00
2016.07.01 15:14:29.532,0.7672,0.76729,1.00,1.35
2016.07.01 15:14:29.634,0.76722,0.7673,1.00,1.00
2016.07.01 15:14:30.283,0.76722,0.76731,1.50,1.30
2016.07.01 15:14:30.592,0.76725,0.76731,1.00,1.09
2016.07.01 15:14:31.345,0.76725,0.76732,1.00,1.09
2016.07.01 15:14:31.909,0.76725,0.76734,1.00,1.07
2016.07.01 15:14:32.654,0.76724,0.76732,1.00,1.00
2016.07.01 15:14:33.316,0.76724,0.76731,1.00,1.00
2016.07.01 15:14:33.865,0.76724,0.76734,1.12,1.37
2016.07.01 15:14:34.017,0.76725,0.76734,1.00,1.30
2016.07.01 15:14:34.170,0.76722,0.76734,1.50,1.12
2016.07.01 15:14:34.415,0.76722,0.76733,1.12,2.10
2016.07.01 15:14:34.720,0.76725,0.76734,1.00,2.85
2016.07.01 15:14:35.256,0.76726,0.76734,1.00,2.92
2016.07.01 15:14:35.579,0.76726,0.76734,1.00,1.00
2016.07.01 15:14:35.832,0.76728,0.76737,1.00,1.54
2016.07.01 15:14:36.344,0.76727,0.76735,1.00,1.09
2016.07.01 15:14:36.658,0.76726,0.76733,1.00,1.42
2016.07.01 15:14:37.660,0.76726,0.76732,1.00,1.00
2016.07.01 15:14:37.711,0.76724,0.76732,1.00,1.00
2016.07.01 15:14:38.218,0.76725,0.76733,1.00,1.35
2016.07.01 15:14:39.650,0.76726,0.7673,1.00,1.00
2016.07.01 15:14:39.753,0.76724,0.76731,1.00,1.50
2016.07.01 15:14:39.854,0.76724,0.76732,1.00,1.57
2016.07.01 15:14:40.934,0.76724,0.76733,1.00,1.09
2016.07.01 15:14:41.192,0.76727,0.76734,1.00,1.09
2016.07.01 15:14:41.609,0.76728,0.76736,1.00,1.42
2016.07.01 15:14:42.125,0.76729,0.76738,1.00,2.99
2016.07.01 15:14:42.789,0.7673,0.76739,1.00,1.07
2016.07.01 15:14:43.194,0.7673,0.76739,1.00,1.00
2016.07.01 15:14:43.437,0.7673,0.76739,1.00,1.37
2016.07.01 15:14:44.809,0.76731,0.76738,1.00,1.37
2016.07.01 15:14:45.182,0.76733,0.76739,1.00,1.00
2016.07.01 15:14:45.773,0.76733,0.76741,1.00,2.10
2016.07.01 15:14:46.335,0.76733,0.76742,1.00,1.00
2016.07.01 15:14:46.488,0.76735,0.76744,1.00,1.35
2016.07.01 15:14:46.792,0.76733,0.76744,1.00,1.12
2016.07.01 15:14:47.150,0.76734,0.76743,1.00,1.72
2016.07.01 15:14:47.687,0.76734,0.76743,1.00,1.35
2016.07.01 15:14:48.160,0.76736,0.76744,1.00,1.72
2016.07.01 15:14:48.467,0.76735,0.76741,1.00,1.60
2016.07.01 15:14:49.157,0.76734,0.7674,1.00,1.30
2016.07.01 15:14:49.213,0.76732,0.7674,1.00,1.30
2016.07.01 15:14:49.265,0.76732,0.7674,1.00,2.05
2016.07.01 15:14:49.792,0.76731,0.76738,1.00,1.00
2016.07.01 15:14:50.300,0.76731,0.76737,1.00,1.00
2016.07.01 15:14:50.843,0.76731,0.76738,1.00,1.35
2016.07.01 15:14:52.832,0.76731,0.76739,1.00,1.00
2016.07.01 15:14:53.349,0.76731,0.76741,1.00,2.25
2016.07.01 15:14:54.410,0.76732,0.7674,1.00,1.12
2016.07.01 15:14:54.714,0.76735,0.76743,1.00,1.12
2016.07.01 15:14:55.017,0.76737,0.76747,1.00,1.47
2016.07.01 15:14:55.271,0.76735,0.76745,1.00,1.67
2016.07.01 15:14:55.372,0.76733,0.76743,1.00,1.30
2016.07.01 15:14:55.424,0.76734,0.76743,1.00,1.67
2016.07.01 15:14:55.678,0.76738,0.76746,1.00,1.00
2016.07.01 15:14:55.945,0.76736,0.76746,1.00,2.62
2016.07.01 15:14:56.301,0.76735,0.76745,1.00,1.95
2016.07.01 15:14:56.504,0.76735,0.76745,1.00,1.57
2016.07.01 15:14:56.808,0.76733,0.76744,1.00,2.25
2016.07.01 15:14:57.324,0.76735,0.76744,1.00,1.50
2016.07.01 15:14:57.579,0.76737,0.76747,1.00,1.87
2016.07.01 15:14:57.731,0.76739,0.76747,1.00,1.50
2016.07.01 15:14:58.240,0.76739,0.76746,1.00,1.87
2016.07.01 15:14:58.291,0.76737,0.76746,1.00,1.87
2016.07.01 15:14:58.715,0.76737,0.76745,1.00,1.37
2016.07.01 15:14:59.592,0.76738,0.76746,1.00,1.57
2016.07.01 15:15:00.028,0.76741,0.76748,1.00,2.32
2016.07.01 15:15:00.079,0.76741,0.76748,1.00,2.32
2016.07.01 15:15:00.625,0.76742,0.76749,1.00,1.00
2016.07.01 15:15:01.151,0.76741,0.76749,1.00,1.00
2016.07.01 15:15:01.679,0.76741,0.76748,1.00,1.00
2016.07.01 15:15:02.144,0.76738,0.76748,1.50,1.12
2016.07.01 15:15:02.195,0.76738,0.76746,1.00,1.00
2016.07.01 15:15:02.606,0.76735,0.76743,1.00,1.00
2016.07.01 15:15:03.151,0.76735,0.76743,1.00,1.37
2016.07.01 15:15:03.407,0.76738,0.76747,1.00,1.12
2016.07.01 15:15:03.679,0.76738,0.76745,1.00,1.00
2016.07.01 15:15:03.832,0.76736,0.76744,1.00,1.12
2016.07.01 15:15:05.712,0.76736,0.76742,1.00,1.00
2016.07.01 15:15:05.961,0.76739,0.76746,1.00,1.12
2016.07.01 15:15:06.012,0.76739,0.76744,1.00,1.00
2016.07.01 15:15:06.125,0.76739,0.76749,1.50,3.45
2016.07.01 15:15:06.632,0.7674,0.76749,1.00,3.22
2016.07.01 15:15:06.785,0.76742,0.76749,1.00,1.37
2016.07.01 15:15:07.127,0.76742,0.76751,1.00,1.00
2016.07.01 15:15:07.381,0.76741,0.76752,1.00,1.82
2016.07.01 15:15:07.483,0.76742,0.76751,1.00,1.20
2016.07.01 15:15:07.890,0.76741,0.76749,1.00,1.00
2016.07.01 15:15:08.435,0.76743,0.76751,1.00,1.57
2016.07.01 15:15:08.744,0.76747,0.76755,1.00,1.35
2016.07.01 15:15:09.041,0.76741,0.7675,1.00,1.00
2016.07.01 15:15:09.585,0.76741,0.76749,1.00,1.00
2016.07.01 15:15:10.264,0.76741,0.7675,1.00,1.00
2016.07.01 15:15:10.418,0.76741,0.76753,1.00,2.62
2016.07.01 15:15:10.469,0.76745,0.76753,1.00,1.95
2016.07.01 15:15:10.571,0.76745,0.76754,1.00,1.00
2016.07.01 15:15:11.078,0.76744,0.76756,1.00,2.62
2016.07.01 15:15:11.625,0.76744,0.76753,1.00,1.35
2016.07.01 15:15:12.129,0.76745,0.76753,1.00,1.12
2016.07.01 15:15:12.719,0.76745,0.76752,1.00,1.00
2016.07.01 15:15:12.770,0.76742,0.76751,1.37,1.00
2016.07.01 15:15:12.822,0.76741,0.76748,1.12,1.00
2016.07.01 15:15:13.329,0.76743,0.76751,1.00,1.57
2016.07.01 15:15:14.040,0.76743,0.76751,1.00,1.27
2016.07.01 15:15:15.259,0.76742,0.76751,1.00,1.20
2016.07.01 15:15:16.362,0.76742,0.7675,1.00,1.00
2016.07.01 15:15:17.964,0.76742,0.76749,1.00,1.00
2016.07.01 15:15:18.471,0.76742,0.76751,1.00,1.00
2016.07.01 15:15:20.680,0.76742,0.7675,1.00,1.00
2016.07.01 15:15:21.473,0.76742,0.76749,1.00,1.00
2016.07.01 15:15:21.987,0.76746,0.7675,1.00,1.00
2016.07.01 15:15:22.039,0.76747,0.76755,1.00,1.87
2016.07.01 15:15:22.090,0.76749,0.76756,1.00,1.75
2016.07.01 15:15:22.141,0.76748,0.76759,1.00,1.94
2016.07.01 15:15:22.244,0.76749,0.76758,1.00,1.09
2016.07.01 15:15:23.055,0.76751,0.76761,1.00,2.54
2016.07.01 15:15:23.158,0.76751,0.7676,1.00,1.00
2016.07.01 15:15:23.261,0.7675,0.76758,1.12,1.00
2016.07.01 15:15:23.365,0.76748,0.76757,1.12,1.00
2016.07.01 15:15:23.901,0.76748,0.76756,1.00,1.00
2016.07.01 15:15:25.145,0.76748,0.76757,1.00,1.00
2016.07.01 15:15:25.651,0.76748,0.76756,1.00,1.00
2016.07.01 15:15:26.060,0.76752,0.76761,1.00,1.50
2016.07.01 15:15:26.393,0.76758,0.76767,1.00,1.87
2016.07.01 15:15:26.647,0.76758,0.76767,1.00,1.10
2016.07.01 15:15:27.390,0.76758,0.76766,1.00,1.00
2016.07.01 15:15:27.901,0.76758,0.76767,1.00,1.00
2016.07.01 15:15:28.560,0.76759,0.76767,1.00,1.00
2016.07.01 15:15:29.068,0.76759,0.76768,1.00,1.00
2016.07.01 15:15:29.529,0.76757,0.76769,1.00,1.19
2016.07.01 15:15:29.581,0.76757,0.76764,1.00,1.00
2016.07.01 15:15:29.918,0.76751,0.7676,1.12,1.27
2016.07.01 15:15:29.971,0.76749,0.76759,1.00,1.09
2016.07.01 15:15:30.580,0.76748,0.7676,1.00,2.77
2016.07.01 15:15:30.966,0.7675,0.7676,1.00,1.19
2016.07.01 15:15:31.119,0.76753,0.76764,1.00,1.27
2016.07.01 15:15:31.170,0.76753,0.76762,1.00,1.00
2016.07.01 15:15:31.475,0.76755,0.76767,1.00,2.02
2016.07.01 15:15:32.051,0.76754,0.76766,1.00,1.94
2016.07.01 15:15:32.557,0.76754,0.76764,1.00,1.75
2016.07.01 15:15:33.691,0.76753,0.76761,1.00,1.00
2016.07.01 15:15:34.222,0.76754,0.76761,1.00,1.00
2016.07.01 15:15:34.999,0.76755,0.76761,1.00,1.00
2016.07.01 15:15:35.304,0.76755,0.76763,1.00,1.35
2016.07.01 15:15:35.734,0.76753,0.76763,1.00,1.35
2016.07.01 15:15:35.886,0.76753,0.76762,1.00,1.50
2016.07.01 15:15:36.452,0.76753,0.7676,1.00,1.00
2016.07.01 15:15:36.964,0.76753,0.76761,1.00,1.12
2016.07.01 15:15:37.490,0.76752,0.76761,1.00,1.12
2016.07.01 15:15:38.210,0.76754,0.76762,1.00,1.37
2016.07.01 15:15:38.363,0.76751,0.76762,1.50,1.00
2016.07.01 15:15:38.415,0.76751,0.7676,1.50,1.00
2016.07.01 15:15:38.720,0.7675,0.76757,1.00,1.00
2016.07.01 15:15:38.771,0.76748,0.76757,1.50,1.00
2016.07.01 15:15:38.874,0.76749,0.76759,1.00,1.12
2016.07.01 15:15:38.975,0.76749,0.76759,1.00,1.37
2016.07.01 15:15:39.202,0.76749,0.7676,1.12,1.00
2016.07.01 15:15:39.708,0.76749,0.76759,1.12,1.00
2016.07.01 15:15:40.463,0.76752,0.7676,1.00,1.00
2016.07.01 15:15:40.514,0.76753,0.76762,1.00,1.00
2016.07.01 15:15:41.020,0.76754,0.76762,1.00,1.00
2016.07.01 15:15:42.311,0.76755,0.76763,1.00,1.00
2016.07.01 15:15:42.362,0.76757,0.76763,1.00,1.00
2016.07.01 15:15:42.413,0.76758,0.76767,1.00,1.57
2016.07.01 15:15:42.514,0.76758,0.7677,1.00,1.12
2016.07.01 15:15:42.717,0.7676,0.7677,1.00,2.25
2016.07.01 15:15:43.103,0.7676,0.76768,1.00,1.00
2016.07.01 15:15:45.320,0.76758,0.76768,1.50,1.00
2016.07.01 15:15:45.574,0.76757,0.76763,1.00,1.00
2016.07.01 15:15:45.626,0.76752,0.76762,2.25,1.00
2016.07.01 15:15:45.729,0.76752,0.7676,1.00,1.00
2016.07.01 15:15:45.831,0.7675,0.76763,1.37,2.55
2016.07.01 15:15:45.933,0.76749,0.76761,1.00,1.12
2016.07.01 15:15:46.288,0.76748,0.76759,1.00,1.00
2016.07.01 15:15:46.592,0.7675,0.7676,1.00,1.50
2016.07.01 15:15:49.207,0.76751,0.76762,1.00,1.50
2016.07.01 15:15:49.727,0.76752,0.76762,1.00,1.50
2016.07.01 15:15:50.276,0.76753,0.76762,1.50,1.00
2016.07.01 15:15:51.357,0.76755,0.76762,1.00,1.00
2016.07.01 15:15:51.510,0.76757,0.76766,1.00,1.87
2016.07.01 15:15:52.018,0.76758,0.76765,1.00,1.00
2016.07.01 15:15:53.209,0.76758,0.76767,1.00,1.00
2016.07.01 15:15:54.033,0.76758,0.76766,1.00,1.00
2016.07.01 15:15:55.846,0.76756,0.76766,1.00,1.00
2016.07.01 15:15:56.352,0.76756,0.76765,1.00,1.00
2016.07.01 15:15:56.942,0.76754,0.76763,1.12,1.00
2016.07.01 15:15:57.247,0.76761,0.76769,1.50,1.00
2016.07.01 15:15:57.351,0.76761,0.76771,1.00,1.00
2016.07.01 15:15:58.098,0.76762,0.76771,1.00,1.00
2016.07.01 15:15:58.149,0.7676,0.76771,1.00,1.50
2016.07.01 15:15:58.805,0.7676,0.76769,1.00,1.00
2016.07.01 15:15:59.058,0.76754,0.76765,1.37,1.50
2016.07.01 15:15:59.573,0.76754,0.76764,1.00,1.10
2016.07.01 15:16:00.254,0.76753,0.76764,1.00,1.10
2016.07.01 15:16:00.536,0.76756,0.76765,1.50,1.00
2016.07.01 15:16:00.943,0.76752,0.7676,2.40,1.00
2016.07.01 15:16:01.147,0.7675,0.7676,1.00,1.00
2016.07.01 15:16:01.683,0.76749,0.7676,1.12,1.00
2016.07.01 15:16:02.189,0.76748,0.76758,1.37,1.00
2016.07.01 15:16:02.493,0.76748,0.76755,1.00,1.00
2016.07.01 15:16:02.813,0.76746,0.76755,1.50,1.00
2016.07.01 15:16:03.121,0.76744,0.76755,3.00,1.00
2016.07.01 15:16:03.787,0.76745,0.76755,1.00,1.00
2016.07.01 15:16:04.307,0.76746,0.76755,1.00,1.00
2016.07.01 15:16:05.079,0.76746,0.76756,1.50,1.00
2016.07.01 15:16:05.181,0.76746,0.76758,2.62,1.50
2016.07.01 15:16:05.233,0.76747,0.76759,1.50,2.25
2016.07.01 15:16:05.739,0.76749,0.76759,1.00,1.87
2016.07.01 15:16:06.266,0.76749,0.7676,1.50,1.00
2016.07.01 15:16:06.317,0.76748,0.76759,1.87,1.00
2016.07.01 15:16:06.823,0.76748,0.76758,1.87,1.50
2016.07.01 15:16:07.329,0.76747,0.76757,1.12,1.00
2016.07.01 15:16:07.430,0.76746,0.76755,3.37,1.00
2016.07.01 15:16:07.951,0.76746,0.76756,1.37,1.00
2016.07.01 15:16:08.483,0.76746,0.76757,1.37,1.00
2016.07.01 15:16:09.029,0.76746,0.76756,1.37,1.00
2016.07.01 15:16:09.755,0.76746,0.76757,1.37,1.50
2016.07.01 15:16:10.260,0.76747,0.76756,1.12,1.00
2016.07.01 15:16:11.377,0.76747,0.76758,1.87,1.12
2016.07.01 15:16:12.029,0.76747,0.76757,1.12,1.00
2016.07.01 15:16:12.547,0.76746,0.76757,1.87,1.12
2016.07.01 15:16:12.750,0.76746,0.76755,1.87,1.00
2016.07.01 15:16:14.657,0.76744,0.76753,1.50,1.00
2016.07.01 15:16:14.760,0.76742,0.76752,2.62,1.00
2016.07.01 15:16:15.014,0.76742,0.76751,1.00,1.00
2016.07.01 15:16:15.520,0.76741,0.76751,1.87,1.00
2016.07.01 15:16:15.941,0.76739,0.76751,1.37,1.37
2016.07.01 15:16:16.498,0.76741,0.76751,1.00,1.37
2016.07.01 15:16:17.103,0.76741,0.76751,1.37,1.12
2016.07.01 15:16:17.614,0.76741,0.76751,1.00,1.12
2016.07.01 15:16:18.047,0.76743,0.76752,1.50,1.00
2016.07.01 15:16:18.554,0.76744,0.76752,1.00,1.00
2016.07.01 15:16:19.247,0.76744,0.76753,1.50,1.00
2016.07.01 15:16:19.821,0.76745,0.76753,1.00,1.00
2016.07.01 15:16:20.483,0.76745,0.76755,1.00,2.25
2016.07.01 15:16:20.787,0.76745,0.76756,1.00,1.00
2016.07.01 15:16:21.062,0.76747,0.76757,1.00,3.00
2016.07.01 15:16:21.570,0.76745,0.76754,1.00,1.00
2016.07.01 15:16:21.876,0.76738,0.76747,1.37,1.00
2016.07.01 15:16:22.376,0.76738,0.76749,1.00,1.50
2016.07.01 15:16:22.985,0.76738,0.76748,1.00,1.00
2016.07.01 15:16:23.511,0.76737,0.76747,1.12,1.00
2016.07.01 15:16:24.018,0.76737,0.76746,1.87,1.00
2016.07.01 15:16:24.520,0.76738,0.76746,1.00,1.50
2016.07.01 15:16:25.027,0.76737,0.76745,1.00,1.50
2016.07.01 15:16:25.672,0.76737,0.76746,1.00,1.12
2016.07.01 15:16:26.149,0.76735,0.76746,1.50,1.00
2016.07.01 15:16:26.824,0.76735,0.76745,1.87,1.00
2016.07.01 15:16:27.078,0.76735,0.76743,1.00,1.00
2016.07.01 15:16:27.594,0.76734,0.76743,1.50,1.00
2016.07.01 15:16:28.807,0.76735,0.76743,1.00,1.00
2016.07.01 15:16:29.347,0.76731,0.76743,1.50,1.12
2016.07.01 15:16:29.398,0.7673,0.7674,1.12,1.00
2016.07.01 15:16:29.509,0.76731,0.76742,1.00,1.00
2016.07.01 15:16:29.611,0.7673,0.7674,1.00,1.00
2016.07.01 15:16:30.168,0.7673,0.7674,1.00,1.37
2016.07.01 15:16:30.685,0.7673,0.7674,1.00,1.00
2016.07.01 15:16:32.814,0.76733,0.76739,1.00,1.00
2016.07.01 15:16:32.979,0.76733,0.76742,1.00,1.12
2016.07.01 15:16:33.131,0.76733,0.76744,1.00,1.87
2016.07.01 15:16:33.592,0.76732,0.76742,1.00,1.12
2016.07.01 15:16:34.116,0.76731,0.76742,1.50,1.20
2016.07.01 15:16:34.650,0.76732,0.76742,1.00,1.20
2016.07.01 15:16:35.195,0.76732,0.76741,1.00,1.00
2016.07.01 15:16:35.797,0.76732,0.76742,1.00,1.10
2016.07.01 15:16:36.311,0.76733,0.76743,1.00,2.25
2016.07.01 15:16:36.846,0.76733,0.76743,1.00,1.20
2016.07.01 15:16:37.170,0.76732,0.76741,1.00,1.00
2016.07.01 15:16:37.772,0.76731,0.7674,1.00,1.12
2016.07.01 15:16:38.396,0.76731,0.76742,1.00,1.20
2016.07.01 15:16:39.179,0.76733,0.76742,1.00,1.10
2016.07.01 15:16:39.708,0.76732,0.76741,1.00,1.00
2016.07.01 15:16:40.333,0.76732,0.7674,1.00,1.00
2016.07.01 15:16:40.882,0.76732,0.76741,1.00,1.12
2016.07.01 15:16:41.391,0.76732,0.7674,1.00,1.00
2016.07.01 15:16:41.919,0.76732,0.76741,1.12,1.00
2016.07.01 15:16:42.520,0.76732,0.7674,1.12,1.00
2016.07.01 15:16:42.900,0.76734,0.76744,1.00,3.00
2016.07.01 15:16:43.001,0.76735,0.76744,1.00,1.10
2016.07.01 15:16:43.513,0.76734,0.76744,1.12,1.00
2016.07.01 15:16:44.895,0.76734,0.76745,1.12,1.10
2016.07.01 15:16:46.969,0.76736,0.76745,1.00,1.10
2016.07.01 15:16:47.507,0.76736,0.76744,1.00,1.50
2016.07.01 15:16:48.348,0.76736,0.76743,1.00,1.00
2016.07.01 15:16:48.894,0.76736,0.76744,1.00,1.50
2016.07.01 15:16:49.830,0.76732,0.76741,1.50,1.00
2016.07.01 15:16:50.335,0.76734,0.76741,1.00,1.00
2016.07.01 15:16:50.997,0.7673,0.76738,1.12,1.00
2016.07.01 15:16:51.049,0.76724,0.76732,1.75,1.00
2016.07.01 15:16:51.100,0.76724,0.76732,1.00,1.00
2016.07.01 15:16:51.253,0.76721,0.7673,1.87,1.00
2016.07.01 15:16:51.472,0.76719,0.76729,1.12,1.00
2016.07.01 15:16:51.524,0.76719,0.76729,1.75,1.00
2016.07.01 15:16:51.626,0.76721,0.76732,1.50,1.00
2016.07.01 15:16:51.915,0.76723,0.76733,1.75,1.00
2016.07.01 15:16:52.016,0.76724,0.76735,1.00,1.50
2016.07.01 15:16:52.118,0.76723,0.76732,2.62,1.00
2016.07.01 15:16:52.423,0.76721,0.76727,1.00,1.00
2016.07.01 15:16:52.474,0.76718,0.76727,1.00,1.00
2016.07.01 15:16:52.996,0.76718,0.76726,1.00,1.00
2016.07.01 15:16:53.529,0.76716,0.76726,1.37,1.00
2016.07.01 15:16:54.050,0.76716,0.76726,1.00,1.00
2016.07.01 15:16:54.581,0.76717,0.76726,1.00,1.00
2016.07.01 15:16:55.026,0.76719,0.76726,1.50,1.00
2016.07.01 15:16:56.824,0.76717,0.76726,1.00,1.00
2016.07.01 15:16:57.223,0.76719,0.76726,1.00,1.00
2016.07.01 15:16:57.389,0.76719,0.76729,1.50,1.50
2016.07.01 15:16:57.440,0.76719,0.76729,2.10,1.00
2016.07.01 15:16:57.783,0.76725,0.76737,1.12,1.50
2016.07.01 15:16:57.834,0.76727,0.76738,1.00,1.12
2016.07.01 15:16:57.885,0.76725,0.76736,1.95,1.10
2016.07.01 15:16:57.936,0.76729,0.76736,1.00,1.00
2016.07.01 15:16:58.038,0.76725,0.76735,3.00,1.00
2016.07.01 15:16:58.543,0.76726,0.76734,1.00,1.00
2016.07.01 15:16:58.695,0.76723,0.76734,2.25,1.00
2016.07.01 15:16:59.721,0.76723,0.76733,1.50,1.00
2016.07.01 15:16:59.873,0.76722,0.76733,1.50,1.00
2016.07.01 15:17:00.169,0.76724,0.76733,1.00,1.00
2016.07.01 15:17:00.575,0.7673,0.76736,1.00,1.00
2016.07.01 15:17:00.626,0.7673,0.76741,1.00,1.00
2016.07.01 15:17:00.881,0.76731,0.76737,1.00,1.00
2016.07.01 15:17:01.085,0.76726,0.76735,1.00,1.00
2016.07.01 15:17:01.516,0.76725,0.76734,2.25,1.00
2016.07.01 15:17:01.571,0.76727,0.76739,2.25,1.00
2016.07.01 15:17:01.673,0.76729,0.76741,1.87,1.50
2016.07.01 15:17:02.200,0.76732,0.76741,1.00,1.50
2016.07.01 15:17:02.739,0.76732,0.76742,1.37,1.00
2016.07.01 15:17:03.247,0.76732,0.76742,1.50,1.00
2016.07.01 15:17:03.400,0.76732,0.76744,1.50,1.00
2016.07.01 15:17:03.901,0.76732,0.76744,1.87,1.00
2016.07.01 15:17:04.408,0.76734,0.76744,1.00,1.00
2016.07.01 15:17:05.072,0.76734,0.76741,1.00,1.00
2016.07.01 15:17:05.653,0.76734,0.76743,1.50,1.00
2016.07.01 15:17:06.173,0.76735,0.76744,1.00,1.00
2016.07.01 15:17:06.720,0.76734,0.76743,1.12,1.00
2016.07.01 15:17:07.299,0.76733,0.76743,1.00,1.00
2016.07.01 15:17:10.490,0.76734,0.76743,1.00,1.00
2016.07.01 15:17:11.160,0.76733,0.76743,1.50,1.50
2016.07.01 15:17:11.680,0.76731,0.76742,1.37,1.00
2016.07.01 15:17:12.712,0.76731,0.76742,1.00,1.00
2016.07.01 15:17:12.763,0.76733,0.76742,1.00,1.00
2016.07.01 15:17:12.966,0.76731,0.76742,1.00,1.00
2016.07.01 15:17:13.178,0.76733,0.76742,1.00,1.00
2016.07.01 15:17:13.381,0.7673,0.7674,1.87,1.00
2016.07.01 15:17:13.483,0.76728,0.7674,1.87,1.00
2016.07.01 15:17:13.534,0.76728,0.76738,1.50,1.00
2016.07.01 15:17:13.635,0.76729,0.7674,1.87,1.00
2016.07.01 15:17:13.686,0.7673,0.76742,1.12,1.10
2016.07.01 15:17:13.737,0.7673,0.76742,1.50,1.10
2016.07.01 15:17:13.839,0.7673,0.76742,1.00,1.00
2016.07.01 15:17:14.387,0.7673,0.76742,1.00,1.50
2016.07.01 15:17:14.717,0.76732,0.76742,1.00,1.00
2016.07.01 15:17:14.970,0.76734,0.76746,1.87,1.12
2016.07.01 15:17:15.272,0.76734,0.76744,1.12,1.00
2016.07.01 15:17:15.323,0.76732,0.76743,1.00,1.12
2016.07.01 15:17:15.477,0.76732,0.76741,1.00,1.00
2016.07.01 15:17:15.983,0.76731,0.76741,1.00,1.12
2016.07.01 15:17:17.997,0.7673,0.76741,1.00,1.00
2016.07.01 15:17:18.503,0.76729,0.76741,1.50,1.37
2016.07.01 15:17:19.902,0.76728,0.76739,1.12,1.00
2016.07.01 15:17:20.206,0.76726,0.76738,1.50,1.50
2016.07.01 15:17:20.674,0.76728,0.76737,1.00,1.12
2016.07.01 15:17:20.777,0.76726,0.76738,1.50,2.25
2016.07.01 15:17:21.247,0.76728,0.76737,1.00,1.12
2016.07.01 15:17:21.450,0.76728,0.76739,1.00,1.12
2016.07.01 15:17:21.856,0.76729,0.76741,1.00,1.95
2016.07.01 15:17:22.009,0.7673,0.76742,1.50,1.10
2016.07.01 15:17:22.161,0.76729,0.76741,3.00,1.00
2016.07.01 15:17:22.668,0.76728,0.7674,1.50,1.00
2016.07.01 15:17:24.118,0.7673,0.7674,1.00,1.00
2016.07.01 15:17:24.634,0.76729,0.76741,1.50,1.57
2016.07.01 15:17:26.219,0.7673,0.76741,1.12,1.57
2016.07.01 15:17:26.523,0.76733,0.76741,1.00,1.00
2016.07.01 15:17:26.848,0.76731,0.76741,1.12,1.00
2016.07.01 15:17:26.949,0.76731,0.76743,1.12,1.00
2016.07.01 15:17:27.102,0.7673,0.76741,1.50,1.00
2016.07.01 15:17:27.887,0.76733,0.76741,1.00,1.10
2016.07.01 15:17:28.889,0.76733,0.76742,1.00,1.00
2016.07.01 15:17:29.440,0.76732,0.76742,1.50,1.00
2016.07.01 15:17:30.227,0.76734,0.76742,1.00,1.00
2016.07.01 15:17:30.686,0.76734,0.76744,1.50,1.87
2016.07.01 15:17:31.236,0.76735,0.76744,1.00,1.50
2016.07.01 15:17:32.780,0.76735,0.76742,1.00,1.00
2016.07.01 15:17:32.982,0.76731,0.76743,3.07,1.50
2016.07.01 15:17:33.084,0.76731,0.76741,1.87,1.00
2016.07.01 15:17:33.737,0.76733,0.76741,1.00,1.00
2016.07.01 15:17:33.805,0.76733,0.76743,1.00,1.00
2016.07.01 15:17:33.958,0.76733,0.76743,1.87,1.00
2016.07.01 15:17:34.162,0.76731,0.76743,4.50,1.50
2016.07.01 15:17:34.482,0.76731,0.76742,4.12,1.00
2016.07.01 15:17:34.985,0.7673,0.76741,1.87,1.50
2016.07.01 15:17:35.087,0.7673,0.76739,1.87,1.00
2016.07.01 15:17:35.958,0.7673,0.7674,1.12,1.00
2016.07.01 15:17:36.111,0.7673,0.76742,2.25,1.50
2016.07.01 15:17:36.631,0.7673,0.76741,1.87,1.00
2016.07.01 15:17:39.020,0.7673,0.7674,1.87,1.00
2016.07.01 15:17:39.377,0.7673,0.76742,1.00,2.62
2016.07.01 15:17:39.884,0.76731,0.76742,1.00,2.25
2016.07.01 15:17:40.632,0.7673,0.76742,1.00,1.87
2016.07.01 15:17:40.683,0.7673,0.76742,1.00,2.25
2016.07.01 15:17:40.734,0.76728,0.7674,1.87,1.87
2016.07.01 15:17:40.837,0.76727,0.76737,1.87,1.00
2016.07.01 15:17:41.259,0.76731,0.76741,1.00,1.12
2016.07.01 15:17:41.768,0.76732,0.76741,1.00,1.12
2016.07.01 15:17:41.871,0.76728,0.7674,1.00,1.37
2016.07.01 15:17:41.972,0.76727,0.76739,1.50,1.50
2016.07.01 15:17:42.580,0.76728,0.76737,1.00,1.12
2016.07.01 15:17:42.840,0.76732,0.76743,1.12,1.35
2016.07.01 15:17:43.094,0.7673,0.76742,1.00,1.00
2016.07.01 15:17:43.645,0.7673,0.76741,1.00,1.12
2016.07.01 15:17:44.208,0.7673,0.76742,1.00,1.87
2016.07.01 15:17:44.741,0.76731,0.76741,1.00,1.00
2016.07.01 15:17:45.826,0.76731,0.76741,1.00,1.50
2016.07.01 15:17:46.345,0.7673,0.7674,1.00,1.00
2016.07.01 15:17:46.895,0.76729,0.76739,1.00,1.87
2016.07.01 15:17:47.432,0.76729,0.76739,1.00,2.85
2016.07.01 15:17:47.736,0.76728,0.76737,1.00,1.37
2016.07.01 15:17:48.430,0.76725,0.76735,1.00,1.12
2016.07.01 15:17:48.492,0.76723,0.76734,1.00,1.37
2016.07.01 15:17:49.009,0.76724,0.76732,1.00,1.12
2016.07.01 15:17:49.111,0.76722,0.76732,1.50,1.12
2016.07.01 15:17:49.617,0.76723,0.76733,1.00,1.12
2016.07.01 15:17:50.120,0.76724,0.76733,1.00,1.12
2016.07.01 15:17:50.658,0.76728,0.76736,1.00,1.20
2016.07.01 15:17:50.761,0.76728,0.76737,1.12,1.87
2016.07.01 15:17:51.454,0.76727,0.76737,3.00,1.00
2016.07.01 15:17:51.708,0.76727,0.76736,1.12,1.00
2016.07.01 15:17:51.810,0.76725,0.76736,1.50,1.00
2016.07.01 15:17:52.013,0.76725,0.76734,1.87,1.00
2016.07.01 15:17:52.443,0.76724,0.76731,1.50,1.00
2016.07.01 15:17:52.675,0.76722,0.76731,1.50,1.00
2016.07.01 15:17:54.113,0.76723,0.76731,1.00,1.00
2016.07.01 15:17:54.662,0.76723,0.7673,1.00,1.00
2016.07.01 15:17:55.604,0.76723,0.76732,1.00,1.00
2016.07.01 15:17:55.871,0.76724,0.76735,1.00,2.25
2016.07.01 15:17:55.922,0.76726,0.76734,1.00,1.00
2016.07.01 15:17:56.024,0.76725,0.76736,1.50,1.00
2016.07.01 15:17:56.125,0.76727,0.76736,1.00,1.00
2016.07.01 15:17:58.625,0.76728,0.76736,1.00,1.00
2016.07.01 15:17:59.222,0.76728,0.76737,1.00,1.12
2016.07.01 15:17:59.578,0.76731,0.76738,1.00,1.00
2016.07.01 15:17:59.883,0.76733,0.76739,1.00,1.00
2016.07.01 15:18:00.412,0.76733,0.7674,1.00,1.00
2016.07.01 15:18:00.766,0.76733,0.76742,1.00,1.00
2016.07.01 15:18:01.282,0.76733,0.76743,1.50,1.00
2016.07.01 15:18:02.884,0.76733,0.76745,1.87,1.00
2016.07.01 15:18:03.425,0.76734,0.76744,1.00,1.00
2016.07.01 15:18:04.442,0.76734,0.76745,1.37,1.50
2016.07.01 15:18:04.848,0.76737,0.76748,1.00,2.25
2016.07.01 15:18:05.364,0.76737,0.76747,1.00,1.00
2016.07.01 15:18:06.410,0.76741,0.76749,1.00,2.25
2016.07.01 15:18:07.232,0.7674,0.76748,1.00,1.00
2016.07.01 15:18:07.799,0.76742,0.76748,1.00,1.00
2016.07.01 15:18:08.308,0.76742,0.76749,1.00,1.00
2016.07.01 15:18:08.614,0.7674,0.7675,1.12,1.00
2016.07.01 15:18:09.009,0.76742,0.76751,1.00,1.00
2016.07.01 15:18:09.538,0.76742,0.7675,1.00,1.00
2016.07.01 15:18:10.056,0.76741,0.76749,1.00,1.00
2016.07.01 15:18:10.391,0.76743,0.76751,1.00,1.00
2016.07.01 15:18:10.846,0.76742,0.76749,1.00,1.00
2016.07.01 15:18:11.434,0.76739,0.76748,1.75,1.00
2016.07.01 15:18:12.482,0.76739,0.76748,1.00,1.00
2016.07.01 15:18:13.037,0.76739,0.76747,1.00,1.00
2016.07.01 15:18:15.525,0.76739,0.76746,1.00,1.12
2016.07.01 15:18:15.577,0.76736,0.76743,1.00,1.00
2016.07.01 15:18:15.729,0.76734,0.76743,1.00,1.00
2016.07.01 15:18:16.084,0.76733,0.76739,1.00,1.00
2016.07.01 15:18:16.135,0.7673,0.76739,1.87,1.00
2016.07.01 15:18:16.288,0.7673,0.76737,1.00,1.00
2016.07.01 15:18:16.607,0.76726,0.76735,3.37,1.00
2016.07.01 15:18:17.671,0.76726,0.76735,1.87,1.00
2016.07.01 15:18:18.178,0.76727,0.76735,1.00,1.00
2016.07.01 15:18:18.333,0.76727,0.76733,1.00,1.00
2016.07.01 15:18:18.598,0.76724,0.76733,3.75,1.00
2016.07.01 15:18:18.902,0.76725,0.76735,1.00,1.00
2016.07.01 15:18:18.953,0.76729,0.76739,1.87,1.95
2016.07.01 15:18:19.257,0.76735,0.76743,1.00,1.00
2016.07.01 15:18:19.610,0.76733,0.76743,1.00,1.00
2016.07.01 15:18:19.662,0.76733,0.7674,1.00,1.00
2016.07.01 15:18:20.188,0.76732,0.76741,1.00,1.00
2016.07.01 15:18:20.704,0.76732,0.7674,1.00,1.12
2016.07.01 15:18:21.211,0.76732,0.76739,1.00,1.00
2016.07.01 15:18:21.515,0.76728,0.76739,1.00,1.94
2016.07.01 15:18:21.566,0.76727,0.76736,1.00,1.00
2016.07.01 15:18:21.869,0.76727,0.76734,1.00,1.00
2016.07.01 15:18:22.797,0.76729,0.76736,1.00,1.10
2016.07.01 15:18:23.474,0.76729,0.76737,1.00,1.00
2016.07.01 15:18:23.959,0.76725,0.76729,1.50,1.50
2016.07.01 15:18:24.162,0.76719,0.76727,1.50,1.00
2016.07.01 15:18:24.264,0.76718,0.76727,1.00,1.00
2016.07.01 15:18:24.787,0.76719,0.76729,1.00,1.70
2016.07.01 15:18:24.990,0.76721,0.76732,1.00,1.84
2016.07.01 15:18:25.095,0.76722,0.76733,1.00,1.47
2016.07.01 15:18:25.247,0.7672,0.76732,1.12,1.12
2016.07.01 15:18:25.444,0.7672,0.7673,1.00,1.00
2016.07.01 15:18:25.755,0.76719,0.7673,1.00,1.50
2016.07.01 15:18:26.936,0.76721,0.76728,1.00,1.00
2016.07.01 15:18:27.191,0.76724,0.76733,1.00,1.00
2016.07.01 15:18:27.293,0.76727,0.76737,1.00,2.77
2016.07.01 15:18:27.344,0.76727,0.76736,1.00,1.00
2016.07.01 15:18:27.964,0.76727,0.76739,1.00,3.45
2016.07.01 15:18:29.588,0.76727,0.76736,1.00,1.00
2016.07.01 15:18:30.095,0.76727,0.76737,1.00,1.12
2016.07.01 15:18:30.601,0.76728,0.76737,1.00,1.12
2016.07.01 15:18:31.002,0.76728,0.76735,1.00,1.00
2016.07.01 15:18:31.509,0.76728,0.76736,1.00,1.12
2016.07.01 15:18:32.227,0.76728,0.76735,1.00,1.00
2016.07.01 15:18:32.923,0.7673,0.76735,1.00,1.00
2016.07.01 15:18:33.024,0.76731,0.7674,1.00,1.57
2016.07.01 15:18:33.075,0.76731,0.7674,1.00,1.57
2016.07.01 15:18:33.685,0.76733,0.76742,1.00,1.50
2016.07.01 15:18:33.737,0.76733,0.76742,1.00,1.50
2016.07.01 15:18:33.941,0.76735,0.76741,1.00,1.00
2016.07.01 15:18:34.042,0.76735,0.76743,1.00,1.00
2016.07.01 15:18:34.094,0.76733,0.76744,1.12,1.12
2016.07.01 15:18:34.297,0.76732,0.76741,1.00,1.00
2016.07.01 15:18:34.809,0.76732,0.76742,1.00,1.00
2016.07.01 15:18:35.321,0.76733,0.76742,1.00,1.00
2016.07.01 15:18:35.626,0.76735,0.76744,1.00,1.87
2016.07.01 15:18:36.166,0.76734,0.76744,1.00,1.00
2016.07.01 15:18:36.561,0.76737,0.76745,1.00,1.12
2016.07.01 15:18:36.713,0.76737,0.76747,1.00,1.50
2016.07.01 15:18:38.169,0.76737,0.76748,1.00,1.12
2016.07.01 15:18:38.695,0.76737,0.76747,1.50,1.00
2016.07.01 15:18:40.275,0.76737,0.76746,1.00,1.12
2016.07.01 15:18:40.784,0.76737,0.76745,1.00,1.00
2016.07.01 15:18:42.074,0.76735,0.76745,1.00,1.00
2016.07.01 15:18:44.622,0.76735,0.76744,1.00,1.00
2016.07.01 15:18:44.724,0.76735,0.76746,1.00,1.12
2016.07.01 15:18:45.006,0.76737,0.76747,1.50,1.50
2016.07.01 15:18:45.108,0.76738,0.7675,1.50,3.82
2016.07.01 15:18:45.210,0.76741,0.76749,1.00,1.00
2016.07.01 15:18:45.312,0.76742,0.76754,1.00,2.70
2016.07.01 15:18:45.363,0.76743,0.76754,1.00,1.50
2016.07.01 15:18:45.620,0.76743,0.76755,1.00,2.25
2016.07.01 15:18:46.151,0.76742,0.76754,1.87,1.00
2016.07.01 15:18:46.887,0.76743,0.76755,1.12,1.50
2016.07.01 15:18:47.039,0.76743,0.76753,1.12,1.00
2016.07.01 15:18:48.324,0.76742,0.76752,1.87,1.00
2016.07.01 15:18:49.725,0.76741,0.76752,1.12,1.00
2016.07.01 15:18:50.073,0.76743,0.76752,1.00,1.00
2016.07.01 15:18:50.327,0.76741,0.76752,1.12,1.00
2016.07.01 15:18:50.614,0.76741,0.76748,1.12,1.00
2016.07.01 15:18:50.665,0.76739,0.76747,1.00,1.00
2016.07.01 15:18:50.767,0.76735,0.76747,1.87,1.50
2016.07.01 15:18:51.281,0.76735,0.76746,1.50,1.00
2016.07.01 15:18:51.535,0.76737,0.76747,1.50,1.00
2016.07.01 15:18:51.738,0.76739,0.7675,1.00,1.00
2016.07.01 15:18:52.341,0.76737,0.76746,1.50,1.00
2016.07.01 15:18:52.695,0.76736,0.76746,1.00,1.50
2016.07.01 15:18:53.157,0.76738,0.76749,1.00,1.00
2016.07.01 15:18:53.658,0.76738,0.7675,1.87,1.87
2016.07.01 15:18:53.863,0.76741,0.76751,1.00,1.37
2016.07.01 15:18:54.066,0.76745,0.76755,1.00,1.12
2016.07.01 15:18:54.700,0.76742,0.76754,2.25,1.00
2016.07.01 15:18:55.212,0.76744,0.76754,1.00,1.65
2016.07.01 15:18:55.711,0.76744,0.76752,1.00,1.00
2016.07.01 15:18:55.766,0.76742,0.76753,1.00,1.00
2016.07.01 15:18:56.582,0.76742,0.76752,1.00,1.00
2016.07.01 15:18:56.835,0.76741,0.76749,1.87,1.00
2016.07.01 15:18:57.059,0.76737,0.76747,1.00,1.00
2016.07.01 15:18:57.667,0.76736,0.76746,1.00,1.00
2016.07.01 15:18:59.405,0.76735,0.76746,1.12,1.00
2016.07.01 15:18:59.907,0.76735,0.76747,1.00,1.95
2016.07.01 15:18:59.958,0.76734,0.76744,2.25,1.00
2016.07.01 15:19:00.489,0.76735,0.76744,1.00,1.00
2016.07.01 15:19:00.857,0.76735,0.76746,1.50,1.00
2016.07.01 15:19:01.012,0.76737,0.76746,1.00,1.00
2016.07.01 15:19:01.064,0.76735,0.76746,1.00,1.00
2016.07.01 15:19:01.115,0.76735,0.76746,1.37,1.00
2016.07.01 15:19:01.217,0.76735,0.76746,1.12,1.00
2016.07.01 15:19:03.310,0.76735,0.76745,1.00,1.00
2016.07.01 15:19:03.933,0.76734,0.76746,1.00,1.50
2016.07.01 15:19:07.317,0.76734,0.76745,1.00,1.00
2016.07.01 15:19:08.266,0.76733,0.76745,1.87,1.00
2016.07.01 15:19:08.477,0.76732,0.7674,1.37,1.00
2016.07.01 15:19:08.801,0.76727,0.76736,1.50,1.00
2016.07.01 15:19:09.054,0.76727,0.76736,1.00,1.00
2016.07.01 15:19:09.105,0.76727,0.76739,1.50,1.12
2016.07.01 15:19:09.156,0.76729,0.76739,1.00,1.12
2016.07.01 15:19:09.309,0.76729,0.76741,1.00,1.00
2016.07.01 15:19:09.552,0.76731,0.76743,1.12,5.10
2016.07.01 15:19:09.603,0.76731,0.76743,1.12,4.72
2016.07.01 15:19:10.109,0.76732,0.76741,1.00,1.00
2016.07.01 15:19:10.736,0.76731,0.76741,1.00,1.87
2016.07.01 15:19:10.787,0.76726,0.76737,3.37,1.00
2016.07.01 15:19:10.838,0.76726,0.76735,1.12,1.00
2016.07.01 15:19:11.143,0.76724,0.76733,1.00,1.00
2016.07.01 15:19:11.295,0.76724,0.76735,1.00,1.20
2016.07.01 15:19:11.397,0.76723,0.76733,2.25,1.00
2016.07.01 15:19:11.992,0.76723,0.76732,1.50,1.50
2016.07.01 15:19:12.537,0.76723,0.7673,1.50,1.00
2016.07.01 15:19:13.762,0.76723,0.76731,1.50,1.00
2016.07.01 15:19:14.066,0.76722,0.76729,1.00,1.00
2016.07.01 15:19:16.463,0.7672,0.76729,2.62,1.00
2016.07.01 15:19:17.985,0.76721,0.76729,1.00,1.00
2016.07.01 15:19:21.052,0.7672,0.76729,1.12,1.00
2016.07.01 15:19:21.154,0.7672,0.76726,1.12,1.00
2016.07.01 15:19:21.255,0.76718,0.76726,1.87,1.00
2016.07.01 15:19:21.509,0.76717,0.76724,1.12,1.00
2016.07.01 15:19:21.661,0.76715,0.76723,1.12,1.00
2016.07.01 15:19:22.169,0.76716,0.76724,1.50,1.50
2016.07.01 15:19:22.681,0.76716,0.76725,1.37,1.00
2016.07.01 15:19:24.163,0.76717,0.76723,1.00,1.00
2016.07.01 15:19:24.417,0.76711,0.7672,1.50,1.00
2016.07.01 15:19:24.958,0.7671,0.7672,1.00,1.00
2016.07.01 15:19:25.796,0.7671,0.76719,1.12,1.00
2016.07.01 15:19:26.107,0.76712,0.76719,1.00,1.00
2016.07.01 15:19:26.259,0.7671,0.76718,1.12,1.00
2016.07.01 15:19:26.411,0.7671,0.7672,1.50,1.00
2016.07.01 15:19:27.366,0.76708,0.76717,1.50,1.00
2016.07.01 15:19:27.417,0.76708,0.76717,1.50,1.00
2016.07.01 15:19:29.396,0.76708,0.76715,1.00,1.00
2016.07.01 15:19:29.497,0.76708,0.76717,1.00,1.50
2016.07.01 15:19:30.153,0.76707,0.76717,1.50,1.00
2016.07.01 15:19:30.761,0.7671,0.76717,1.00,1.00
2016.07.01 15:19:31.298,0.7671,0.76716,1.00,1.00
2016.07.01 15:19:31.782,0.76708,0.76716,1.00,1.00
2016.07.01 15:19:32.776,0.76709,0.76717,1.00,1.00
2016.07.01 15:19:33.151,0.76707,0.76714,1.50,1.00
2016.07.01 15:19:33.203,0.76707,0.76714,1.00,1.00
2016.07.01 15:19:33.306,0.76705,0.76713,1.00,1.50
2016.07.01 15:19:34.187,0.76705,0.76714,1.00,1.00
2016.07.01 15:19:35.158,0.76705,0.76713,1.00,1.00
2016.07.01 15:19:35.454,0.76703,0.76712,1.00,1.00
2016.07.01 15:19:38.323,0.76704,0.76712,1.00,1.00
2016.07.01 15:19:38.747,0.76705,0.76714,1.00,1.00
2016.07.01 15:19:38.900,0.76702,0.7671,1.37,1.00
2016.07.01 15:19:39.103,0.767,0.76711,1.87,1.00
2016.07.01 15:19:39.607,0.76701,0.76712,1.87,1.00
2016.07.01 15:19:39.812,0.76704,0.76713,1.00,1.00
2016.07.01 15:19:40.896,0.76707,0.76715,1.00,1.12
2016.07.01 15:19:41.409,0.76706,0.76716,1.00,1.00
2016.07.01 15:19:41.883,0.76705,0.76714,1.12,1.00
2016.07.01 15:19:43.748,0.76705,0.76713,1.12,1.00
2016.07.01 15:19:44.238,0.76706,0.76715,1.00,1.00
2016.07.01 15:19:44.799,0.76705,0.76715,1.50,1.00
2016.07.01 15:19:46.138,0.76706,0.76714,1.00,1.00
2016.07.01 15:19:46.672,0.76705,0.76714,1.12,1.00
2016.07.01 15:19:47.201,0.76706,0.76715,1.00,1.00
2016.07.01 15:19:47.729,0.76705,0.76714,1.12,1.00
2016.07.01 15:19:48.255,0.76705,0.76715,1.12,1.50
2016.07.01 15:19:48.953,0.76704,0.76714,1.50,1.00
2016.07.01 15:19:49.459,0.76703,0.76713,2.25,1.00
2016.07.01 15:19:49.561,0.76706,0.76714,1.00,1.00
2016.07.01 15:19:49.766,0.76707,0.76717,1.00,1.50
2016.07.01 15:19:50.281,0.76707,0.76716,1.12,1.00
2016.07.01 15:19:50.890,0.76706,0.76716,1.00,1.00
2016.07.01 15:19:51.663,0.76706,0.76717,1.12,1.50
2016.07.01 15:19:52.469,0.76709,0.76717,1.00,1.00
2016.07.01 15:19:52.571,0.7671,0.7672,1.50,1.10
2016.07.01 15:19:52.672,0.76712,0.76723,1.50,2.25
2016.07.01 15:19:53.179,0.76713,0.76724,1.00,1.00
2016.07.01 15:19:58.247,0.76714,0.76724,1.00,1.50
2016.07.01 15:19:58.783,0.76714,0.76725,1.00,1.50
2016.07.01 15:20:00.589,0.76714,0.76726,1.50,2.25
2016.07.01 15:20:00.843,0.76717,0.76725,1.00,1.00
2016.07.01 15:20:00.945,0.76718,0.76727,1.00,1.00
2016.07.01 15:20:01.098,0.7672,0.7673,1.12,1.57
2016.07.01 15:20:01.355,0.76718,0.76728,1.12,1.00
2016.07.01 15:20:01.603,0.76715,0.76727,1.75,1.00
2016.07.01 15:20:01.705,0.76716,0.76726,1.00,1.00
2016.07.01 15:20:02.213,0.76717,0.76727,1.00,1.00
2016.07.01 15:20:02.439,0.76717,0.76729,1.50,1.87
2016.07.01 15:20:03.850,0.76717,0.76728,1.12,1.00
2016.07.01 15:20:03.922,0.76716,0.76726,1.87,1.00
2016.07.01 15:20:04.447,0.76716,0.76727,1.50,1.50
2016.07.01 15:20:05.212,0.76716,0.76728,1.50,1.50
2016.07.01 15:20:05.516,0.76718,0.76729,1.50,1.50
2016.07.01 15:20:05.821,0.76719,0.76731,1.87,2.25
2016.07.01 15:20:06.084,0.7672,0.76729,1.50,1.00
2016.07.01 15:20:06.397,0.76722,0.76731,1.87,1.00
2016.07.01 15:20:06.498,0.76722,0.76734,1.00,1.00
2016.07.01 15:20:07.012,0.76722,0.76733,1.00,1.00
2016.07.01 15:20:08.706,0.76724,0.76733,1.00,1.00
2016.07.01 15:20:10.868,0.76724,0.76734,1.00,1.00
2016.07.01 15:20:11.122,0.76727,0.76738,1.50,1.50
2016.07.01 15:20:11.173,0.76729,0.76738,1.00,1.50
2016.07.01 15:20:11.483,0.76727,0.76739,1.57,1.87
2016.07.01 15:20:12.030,0.76727,0.76737,1.57,1.00
2016.07.01 15:20:12.334,0.76725,0.76735,1.00,1.00
2016.07.01 15:20:13.335,0.76727,0.76735,1.00,1.00
2016.07.01 15:20:13.487,0.76727,0.76737,1.00,1.50
2016.07.01 15:20:13.747,0.76725,0.76733,1.50,1.00
2016.07.01 15:20:13.849,0.76724,0.76733,1.00,1.00
2016.07.01 15:20:14.001,0.76723,0.76736,1.10,1.12
2016.07.01 15:20:14.406,0.76722,0.76733,1.12,1.00
2016.07.01 15:20:14.782,0.76721,0.76731,1.00,1.87
2016.07.01 15:20:15.291,0.7672,0.76732,2.62,1.87
2016.07.01 15:20:15.595,0.7672,0.7673,1.50,1.00
2016.07.01 15:20:16.195,0.7672,0.76732,1.50,1.87
2016.07.01 15:20:16.743,0.76721,0.76732,1.50,1.50
2016.07.01 15:20:17.148,0.76723,0.76733,1.00,1.87
2016.07.01 15:20:18.011,0.76723,0.76734,1.12,1.00
2016.07.01 15:20:18.316,0.76725,0.76736,1.00,1.00
2016.07.01 15:20:18.853,0.76726,0.76737,1.00,1.00
2016.07.01 15:20:19.359,0.76725,0.76737,1.87,1.50
2016.07.01 15:20:19.738,0.76724,0.76734,1.00,1.00
2016.07.01 15:20:20.245,0.76724,0.76736,2.25,1.50
2016.07.01 15:20:20.754,0.76726,0.76736,1.00,1.50
2016.07.01 15:20:22.961,0.76726,0.76735,1.00,1.00
2016.07.01 15:20:23.490,0.76726,0.76736,1.00,1.50
2016.07.01 15:20:24.015,0.76727,0.76736,1.50,1.00
2016.07.01 15:20:24.564,0.76727,0.76737,1.50,1.00
2016.07.01 15:20:25.126,0.76729,0.76737,1.00,1.00
2016.07.01 15:20:25.177,0.76727,0.76737,1.50,1.00
2016.07.01 15:20:26.641,0.76728,0.76737,1.00,1.00
2016.07.01 15:20:26.794,0.76731,0.76738,1.00,1.50
2016.07.01 15:20:27.189,0.76729,0.76737,1.00,1.00
2016.07.01 15:20:28.022,0.76728,0.76736,1.00,1.00
2016.07.01 15:20:29.243,0.76729,0.76736,1.00,1.00
2016.07.01 15:20:29.345,0.7673,0.76738,1.00,1.00
2016.07.01 15:20:29.753,0.76732,0.7674,1.00,2.25
2016.07.01 15:20:30.058,0.76734,0.76739,1.00,1.00
2016.07.01 15:20:30.159,0.76734,0.76741,1.00,1.00
2016.07.01 15:20:30.681,0.76734,0.7674,1.00,1.00
2016.07.01 15:20:31.327,0.76735,0.7674,1.00,1.00
2016.07.01 15:20:31.378,0.76735,0.76743,1.00,1.87
2016.07.01 15:20:32.538,0.76734,0.76741,1.00,1.00
2016.07.01 15:20:32.690,0.76732,0.76742,1.00,3.00
2016.07.01 15:20:32.742,0.76732,0.7674,1.00,1.50
2016.07.01 15:20:33.149,0.76734,0.76741,1.00,1.12
2016.07.01 15:20:33.455,0.76738,0.76745,1.00,1.37
2016.07.01 15:20:33.608,0.7674,0.76748,1.00,1.87
2016.07.01 15:20:34.192,0.76741,0.76748,1.00,1.50
2016.07.01 15:20:34.294,0.76741,0.76748,1.00,1.12
2016.07.01 15:20:34.396,0.76742,0.76751,1.00,1.50
2016.07.01 15:20:35.150,0.76741,0.76748,1.00,1.12
2016.07.01 15:20:35.660,0.7674,0.76748,1.00,1.00
2016.07.01 15:20:36.174,0.76741,0.7675,1.00,1.50
2016.07.01 15:20:37.460,0.7674,0.76748,1.00,1.00
2016.07.01 15:20:40.656,0.76741,0.7675,1.00,1.50
2016.07.01 15:20:40.810,0.76742,0.7675,1.00,1.12
2016.07.01 15:20:40.862,0.76744,0.76752,1.00,1.47
2016.07.01 15:20:41.166,0.76748,0.76755,1.00,1.75
2016.07.01 15:20:41.381,0.76748,0.76756,1.00,1.12
2016.07.01 15:20:41.670,0.7675,0.76758,1.00,1.00
2016.07.01 15:20:42.554,0.7675,0.76756,1.00,1.00
2016.07.01 15:20:43.367,0.7675,0.76758,1.00,1.00
2016.07.01 15:20:44.063,0.7675,0.76757,1.00,1.00
2016.07.01 15:20:44.400,0.76749,0.76754,1.00,1.00
2016.07.01 15:20:44.922,0.76749,0.76755,1.00,1.50
2016.07.01 15:20:45.690,0.76747,0.76752,1.00,1.00
2016.07.01 15:20:45.791,0.76744,0.76751,1.57,1.00
2016.07.01 15:20:46.335,0.76744,0.76752,1.00,1.50
2016.07.01 15:20:47.289,0.76744,0.76751,1.00,1.00
2016.07.01 15:20:48.463,0.76743,0.7675,1.00,1.00
2016.07.01 15:20:48.666,0.76741,0.76748,1.00,1.50
2016.07.01 15:20:48.718,0.76739,0.76748,1.50,1.50
2016.07.01 15:20:48.870,0.76738,0.76743,1.00,1.00
2016.07.01 15:20:49.317,0.76737,0.76742,1.00,1.37
2016.07.01 15:20:49.773,0.76734,0.76741,1.00,1.00
2016.07.01 15:20:50.414,0.76733,0.76741,1.00,1.00
2016.07.01 15:20:50.920,0.76734,0.76743,1.00,1.50
2016.07.01 15:20:51.174,0.76732,0.76741,1.00,1.00
2016.07.01 15:20:51.377,0.76731,0.76738,1.00,1.00
2016.07.01 15:20:51.911,0.7673,0.76738,1.00,1.00
2016.07.01 15:20:52.256,0.76735,0.76739,1.00,1.57
2016.07.01 15:20:52.359,0.76735,0.76741,1.00,1.50
2016.07.01 15:20:52.929,0.76735,0.76741,1.00,1.00
2016.07.01 15:20:53.666,0.76735,0.76743,1.00,1.50
2016.07.01 15:20:55.630,0.76742,0.76747,1.00,1.37
2016.07.01 15:20:56.137,0.76745,0.76749,1.00,1.12
2016.07.01 15:20:56.466,0.76743,0.76747,1.00,1.00
2016.07.01 15:20:56.968,0.76748,0.76752,1.00,3.37
2016.07.01 15:20:57.570,0.76747,0.76751,1.00,3.37
2016.07.01 15:20:58.080,0.76739,0.76747,5.25,1.37
2016.07.01 15:20:58.137,0.76742,0.76748,1.50,1.37
2016.07.01 15:20:58.238,0.7674,0.76747,1.87,3.37
2016.07.01 15:20:58.341,0.76743,0.76748,1.00,1.12
2016.07.01 15:20:58.544,0.76747,0.76753,1.00,1.00
2016.07.01 15:20:59.112,0.76745,0.76751,1.00,1.00
2016.07.01 15:20:59.633,0.76745,0.76752,1.00,1.00
2016.07.01 15:21:00.279,0.76745,0.76753,1.00,1.00
2016.07.01 15:21:00.737,0.76746,0.76755,1.00,1.87
2016.07.01 15:21:01.310,0.76746,0.76754,1.00,1.00
2016.07.01 15:21:01.823,0.76747,0.76754,1.00,1.00
2016.07.01 15:21:02.027,0.7675,0.76755,1.00,1.00
2016.07.01 15:21:02.180,0.7675,0.76757,1.00,1.00
2016.07.01 15:21:02.780,0.7675,0.76756,1.00,1.00
2016.07.01 15:21:03.394,0.76748,0.76756,1.00,1.00
2016.07.01 15:21:03.799,0.76748,0.76754,1.00,1.00
2016.07.01 15:21:08.238,0.76747,0.76754,1.00,1.00
2016.07.01 15:21:08.811,0.76746,0.76753,1.00,1.00
2016.07.01 15:21:09.352,0.76747,0.76754,1.00,1.00
2016.07.01 15:21:09.860,0.76747,0.76753,1.00,1.00
2016.07.01 15:21:10.193,0.76749,0.76758,1.00,1.00
2016.07.01 15:21:10.244,0.76748,0.76754,1.00,1.50
2016.07.01 15:21:10.295,0.76746,0.76754,1.12,1.50
2016.07.01 15:21:10.803,0.76747,0.76755,1.00,1.00
2016.07.01 15:21:11.056,0.76747,0.76757,1.00,1.50
2016.07.01 15:21:11.208,0.76749,0.76757,1.00,1.50
2016.07.01 15:21:11.529,0.76749,0.76759,1.00,2.25
2016.07.01 15:21:12.051,0.76749,0.76758,1.00,1.00
2016.07.01 15:21:12.998,0.76746,0.76756,1.00,1.00
2016.07.01 15:21:13.353,0.76747,0.76758,1.00,1.50
2016.07.01 15:21:13.556,0.76747,0.76756,1.00,1.00
2016.07.01 15:21:14.078,0.76745,0.76755,1.00,1.00
2016.07.01 15:21:14.806,0.76744,0.76755,2.25,1.00
2016.07.01 15:21:14.857,0.76744,0.76752,1.00,1.00
2016.07.01 15:21:15.402,0.76744,0.76751,1.00,1.00
2016.07.01 15:21:15.555,0.76746,0.76755,1.00,1.47
2016.07.01 15:21:15.707,0.76747,0.76757,1.00,1.57
2016.07.01 15:21:15.860,0.76749,0.76759,1.00,1.47
2016.07.01 15:21:16.013,0.76752,0.76762,1.00,3.07
2016.07.01 15:21:16.375,0.76751,0.76762,1.00,2.32
2016.07.01 15:21:16.426,0.76751,0.76762,1.00,2.32
2016.07.01 15:21:16.681,0.76754,0.76762,1.00,1.00
2016.07.01 15:21:17.259,0.76754,0.76761,1.00,1.00
2016.07.01 15:21:17.789,0.76755,0.76762,1.00,1.00
2016.07.01 15:21:17.942,0.76756,0.76765,1.00,2.70
2016.07.01 15:21:18.475,0.76756,0.76766,1.00,1.50
2016.07.01 15:21:19.040,0.76756,0.76765,1.00,1.00
2016.07.01 15:21:19.668,0.76756,0.76764,1.00,1.00
2016.07.01 15:21:20.204,0.76756,0.76766,1.00,1.50
2016.07.01 15:21:21.172,0.76756,0.76765,1.00,1.00
2016.07.01 15:21:24.184,0.76757,0.76766,1.00,1.00
2016.07.01 15:21:24.691,0.76756,0.76766,1.50,1.00
2016.07.01 15:21:25.420,0.76757,0.76766,1.00,1.12
2016.07.01 15:21:25.781,0.76754,0.76758,1.12,1.00
2016.07.01 15:21:25.832,0.76751,0.76758,1.00,1.00
2016.07.01 15:21:26.035,0.76749,0.76758,1.00,1.00
2016.07.01 15:21:26.440,0.76748,0.76755,1.00,1.00
2016.07.01 15:21:26.542,0.76743,0.76755,1.20,1.00
2016.07.01 15:21:26.861,0.76742,0.76753,1.00,1.87
2016.07.01 15:21:27.375,0.76742,0.76753,1.00,1.12
2016.07.01 15:21:27.731,0.76743,0.76752,1.00,1.87
2016.07.01 15:21:28.017,0.76744,0.76755,1.50,1.87
2016.07.01 15:21:28.530,0.76744,0.76755,1.00,1.37
2016.07.01 15:21:30.207,0.76744,0.76753,1.00,1.00
2016.07.01 15:21:31.079,0.76745,0.76755,1.00,1.50
2016.07.01 15:21:31.183,0.76747,0.76756,1.00,1.00
2016.07.01 15:21:31.827,0.76746,0.76756,1.00,1.00
2016.07.01 15:21:32.181,0.76749,0.76757,1.00,1.00
2016.07.01 15:21:33.309,0.76751,0.76759,1.00,1.12
2016.07.01 15:21:33.613,0.76753,0.76762,1.00,1.87
2016.07.01 15:21:34.167,0.76753,0.76762,1.00,1.37
2016.07.01 15:21:35.139,0.76755,0.76763,1.00,1.12
2016.07.01 15:21:35.241,0.76755,0.76765,1.50,1.00
2016.07.01 15:21:35.343,0.76757,0.76765,1.00,1.12
2016.07.01 15:21:35.884,0.76758,0.76766,1.00,1.12
2016.07.01 15:21:36.188,0.76759,0.76768,1.00,1.50
2016.07.01 15:21:37.486,0.7676,0.76768,1.00,1.00
2016.07.01 15:21:37.587,0.7676,0.7677,1.00,1.50
2016.07.01 15:21:38.177,0.7676,0.76769,1.00,1.00
2016.07.01 15:21:39.003,0.76763,0.7677,1.00,1.50
2016.07.01 15:21:39.541,0.76762,0.76771,1.12,1.00
2016.07.01 15:21:40.586,0.76764,0.76771,1.00,1.00
2016.07.01 15:21:41.092,0.76765,0.76772,1.00,1.00
2016.07.01 15:21:42.724,0.76765,0.76773,1.00,1.00
2016.07.01 15:21:43.272,0.76765,0.76774,1.00,1.50
2016.07.01 15:21:44.083,0.76765,0.76775,1.00,1.87
2016.07.01 15:21:44.599,0.76765,0.76774,1.12,1.00
2016.07.01 15:21:45.834,0.76765,0.76773,1.12,1.00
2016.07.01 15:21:48.258,0.76764,0.76773,1.50,1.00
2016.07.01 15:21:48.713,0.76762,0.7677,1.00,1.00
2016.07.01 15:21:49.962,0.76761,0.76766,1.00,1.00
2016.07.01 15:21:50.170,0.76759,0.76767,1.50,1.12
2016.07.01 15:21:50.272,0.76761,0.76769,1.00,1.37
2016.07.01 15:21:50.374,0.76763,0.76771,1.00,1.12
2016.07.01 15:21:51.016,0.76762,0.76771,1.00,1.00
2016.07.01 15:21:51.067,0.7676,0.76767,1.00,1.00
2016.07.01 15:21:51.118,0.76758,0.76767,1.12,1.00
2016.07.01 15:21:51.339,0.76757,0.76765,1.00,1.12
2016.07.01 15:21:53.920,0.76757,0.76767,1.00,1.00
2016.07.01 15:21:53.971,0.7676,0.76769,1.00,1.37
2016.07.01 15:21:54.073,0.76761,0.7677,1.00,1.00
2016.07.01 15:21:55.649,0.76762,0.7677,1.00,1.00
2016.07.01 15:21:56.580,0.76761,0.7677,1.00,1.12
2016.07.01 15:21:57.094,0.7676,0.76769,1.00,1.00
2016.07.01 15:21:57.631,0.76761,0.76769,1.00,1.00
2016.07.01 15:21:58.068,0.76763,0.76771,1.00,1.50
2016.07.01 15:21:58.334,0.76764,0.76772,1.00,1.00
2016.07.01 15:21:59.255,0.76765,0.76774,1.00,1.00
2016.07.01 15:21:59.996,0.76765,0.76773,1.50,1.00
2016.07.01 15:22:00.201,0.76767,0.76776,1.50,1.12
2016.07.01 15:22:00.739,0.76767,0.76775,1.00,1.00
2016.07.01 15:22:01.241,0.76766,0.76775,1.12,1.00
2016.07.01 15:22:01.804,0.76763,0.76772,2.32,1.00
2016.07.01 15:22:01.907,0.76762,0.76772,1.50,1.00
2016.07.01 15:22:02.059,0.76762,0.7677,1.00,1.00
2016.07.01 15:22:02.568,0.7676,0.7677,1.50,1.00
2016.07.01 15:22:03.111,0.76761,0.7677,1.00,1.00
2016.07.01 15:22:03.264,0.76759,0.76768,2.25,1.00
2016.07.01 15:22:05.573,0.7676,0.76768,1.00,1.00
2016.07.01 15:22:05.879,0.76765,0.76772,1.00,1.00
2016.07.01 15:22:05.930,0.76765,0.76775,1.00,1.19
2016.07.01 15:22:06.457,0.76766,0.76775,1.00,1.09
2016.07.01 15:22:06.609,0.76766,0.76773,1.00,1.00
2016.07.01 15:22:07.116,0.76766,0.76775,1.00,1.12
2016.07.01 15:22:07.473,0.76766,0.76773,1.00,1.00
2016.07.01 15:22:07.837,0.76766,0.76775,1.00,1.00
2016.07.01 15:22:08.365,0.76765,0.76775,1.00,1.00
2016.07.01 15:22:09.014,0.76763,0.76773,1.00,1.00
2016.07.01 15:22:09.319,0.76761,0.76771,1.50,1.00
2016.07.01 15:22:09.825,0.76761,0.7677,1.00,1.00
2016.07.01 15:22:10.315,0.76763,0.76771,1.00,1.00
2016.07.01 15:22:10.858,0.76763,0.76772,1.00,1.00
2016.07.01 15:22:11.163,0.76761,0.7677,1.00,1.00
2016.07.01 15:22:11.666,0.7676,0.76769,1.50,1.00
2016.07.01 15:22:12.172,0.76759,0.76768,1.50,1.00
2016.07.01 15:22:13.035,0.76761,0.76769,1.00,1.00
2016.07.01 15:22:13.542,0.76761,0.7677,1.00,1.00
2016.07.01 15:22:14.153,0.7676,0.7677,2.25,1.00
2016.07.01 15:22:14.709,0.7676,0.76771,1.50,1.12
2016.07.01 15:22:16.334,0.76759,0.76769,1.87,1.00
2016.07.01 15:22:16.840,0.76758,0.76769,1.00,1.50
2016.07.01 15:22:17.386,0.76757,0.76769,1.87,1.50
2016.07.01 15:22:18.237,0.76758,0.76769,1.00,1.00
2016.07.01 15:22:19.547,0.76758,0.7677,1.50,1.87
2016.07.01 15:22:19.896,0.7676,0.76771,1.00,2.25
2016.07.01 15:22:20.399,0.76759,0.76771,1.87,2.25
2016.07.01 15:22:20.713,0.76764,0.76773,1.00,1.00
2016.07.01 15:22:21.093,0.76762,0.76771,1.20,1.00
2016.07.01 15:22:21.245,0.76759,0.7677,1.87,1.12
2016.07.01 15:22:21.798,0.76759,0.76771,1.12,1.12
2016.07.01 15:22:22.314,0.7676,0.76771,1.12,1.50
2016.07.01 15:22:22.822,0.7676,0.7677,1.12,1.50
2016.07.01 15:22:23.439,0.7676,0.76769,1.12,1.00
2016.07.01 15:22:23.560,0.76758,0.76769,1.00,1.00
2016.07.01 15:22:24.103,0.76758,0.76769,1.50,1.37
2016.07.01 15:22:25.832,0.76758,0.76769,1.50,1.00
2016.07.01 15:22:30.853,0.76759,0.7677,1.00,1.50
2016.07.01 15:22:31.322,0.76761,0.7677,1.00,1.00
2016.07.01 15:22:31.856,0.76761,0.76771,1.00,1.50
2016.07.01 15:22:32.328,0.76762,0.76773,1.00,1.50
2016.07.01 15:22:32.867,0.76763,0.76774,1.12,1.00
2016.07.01 15:22:34.086,0.76763,0.76772,1.00,1.00
2016.07.01 15:22:34.391,0.76757,0.76767,1.95,1.50
2016.07.01 15:22:34.442,0.76757,0.76767,1.95,2.25
2016.07.01 15:22:34.544,0.76757,0.76764,1.00,1.00
2016.07.01 15:22:35.049,0.76757,0.76765,1.00,1.00
2016.07.01 15:22:37.407,0.76756,0.76765,1.12,1.00
2016.07.01 15:22:37.610,0.76754,0.76765,2.25,1.12
2016.07.01 15:22:38.038,0.76753,0.76763,1.12,1.00
2016.07.01 15:22:38.395,0.76751,0.76762,2.25,1.50
2016.07.01 15:22:38.901,0.7675,0.76762,2.32,1.50
2016.07.01 15:22:39.440,0.76751,0.76762,1.00,1.00
2016.07.01 15:22:39.802,0.76753,0.76764,1.00,1.87
2016.07.01 15:22:40.390,0.76753,0.76764,1.50,1.50
2016.07.01 15:22:41.081,0.76753,0.76762,1.50,1.00
2016.07.01 15:22:41.750,0.76753,0.76764,1.50,1.00
2016.07.01 15:22:42.394,0.76753,0.76763,1.50,1.00
2016.07.01 15:22:43.598,0.76753,0.76764,2.25,1.00
2016.07.01 15:22:44.004,0.76755,0.76763,1.00,1.00
2016.07.01 15:22:44.660,0.76754,0.76765,2.25,1.00
2016.07.01 15:22:45.177,0.76754,0.76764,2.25,1.00
2016.07.01 15:22:45.976,0.76755,0.76764,1.00,1.00
2016.07.01 15:22:46.077,0.76754,0.76766,2.25,1.50
2016.07.01 15:22:47.083,0.76754,0.76765,2.25,1.00
2016.07.01 15:22:47.603,0.76755,0.76764,1.00,1.00
2016.07.01 15:22:47.910,0.76753,0.76765,1.00,1.87
2016.07.01 15:22:48.215,0.76752,0.76762,1.00,1.00
2016.07.01 15:22:48.722,0.76753,0.76763,1.00,1.00
2016.07.01 15:22:50.096,0.76753,0.76762,1.50,1.00
2016.07.01 15:22:51.329,0.76753,0.76763,1.00,1.00
2016.07.01 15:22:51.848,0.76754,0.76763,1.00,1.00
2016.07.01 15:22:51.949,0.76754,0.76765,2.25,1.00
2016.07.01 15:22:52.140,0.76758,0.76767,1.12,1.50
2016.07.01 15:22:52.191,0.76758,0.76771,1.12,1.72
2016.07.01 15:22:52.242,0.76759,0.76767,1.00,1.00
2016.07.01 15:22:52.344,0.76757,0.76767,1.50,1.00
2016.07.01 15:22:52.547,0.76756,0.76765,1.00,1.00
2016.07.01 15:22:53.186,0.76755,0.76765,1.00,1.00
2016.07.01 15:22:53.490,0.76755,0.76766,1.07,1.87
2016.07.01 15:22:53.794,0.76755,0.76764,1.07,1.00
2016.07.01 15:22:54.391,0.76755,0.76765,1.07,1.00
2016.07.01 15:22:55.326,0.76755,0.76764,1.07,1.00
2016.07.01 15:22:56.042,0.76759,0.76766,1.00,1.12
2016.07.01 15:22:56.246,0.76762,0.76771,1.07,1.00
2016.07.01 15:22:56.297,0.76762,0.76771,1.57,1.50
2016.07.01 15:22:56.600,0.76762,0.76774,2.32,1.50
2016.07.01 15:22:56.753,0.76762,0.76772,2.32,1.00
2016.07.01 15:22:57.312,0.76762,0.76772,1.57,1.00
2016.07.01 15:22:57.979,0.76762,0.76772,1.57,1.00
2016.07.01 15:22:58.131,0.76762,0.76774,1.57,1.50
2016.07.01 15:22:58.790,0.76762,0.76774,1.12,1.50
2016.07.01 15:22:59.417,0.76762,0.76774,1.50,1.87
2016.07.01 15:22:59.519,0.76762,0.76774,1.50,2.62
2016.07.01 15:23:00.359,0.76762,0.76773,1.00,1.87
2016.07.01 15:23:00.905,0.76761,0.76771,1.37,1.00
2016.07.01 15:23:01.417,0.76761,0.76771,1.12,1.12
2016.07.01 15:23:01.928,0.7676,0.76771,2.32,1.00
2016.07.01 15:23:02.232,0.7676,0.76769,1.09,1.00
2016.07.01 15:23:03.695,0.76759,0.76769,2.32,1.00
2016.07.01 15:23:03.797,0.76764,0.76775,1.09,2.70
2016.07.01 15:23:03.899,0.76766,0.76776,1.07,1.00
2016.07.01 15:23:04.203,0.76765,0.76776,1.12,1.00
2016.07.01 15:23:04.424,0.7676,0.76772,2.62,1.00
2016.07.01 15:23:04.475,0.7676,0.76772,1.50,1.00
2016.07.01 15:23:04.544,0.7676,0.76772,1.12,1.12
2016.07.01 15:23:05.082,0.7676,0.76772,1.12,1.12
2016.07.01 15:23:05.730,0.76761,0.76772,1.50,1.00
2016.07.01 15:23:05.781,0.76761,0.76772,2.25,1.00
2016.07.01 15:23:06.289,0.76761,0.76773,1.50,1.50
2016.07.01 15:23:06.492,0.7676,0.76773,2.25,1.50
2016.07.01 15:23:06.848,0.76761,0.76771,1.00,1.00
2016.07.01 15:23:07.365,0.76763,0.76771,1.00,1.00
2016.07.01 15:23:07.581,0.76761,0.76772,1.00,1.12
2016.07.01 15:23:08.150,0.76762,0.76772,1.00,1.50
2016.07.01 15:23:10.304,0.76761,0.76772,1.00,1.50
2016.07.01 15:23:10.843,0.76761,0.76772,1.00,2.25
2016.07.01 15:23:11.357,0.7676,0.76772,1.87,1.12
2016.07.01 15:23:13.319,0.76761,0.76771,1.00,1.00
2016.07.01 15:23:14.722,0.76761,0.76771,1.00,1.12
2016.07.01 15:23:15.026,0.76751,0.76761,3.00,1.12
2016.07.01 15:23:15.128,0.76751,0.76761,1.00,1.87
2016.07.01 15:23:15.669,0.7675,0.76761,2.25,1.50
2016.07.01 15:23:16.316,0.7675,0.76761,1.50,1.00
2016.07.01 15:23:16.611,0.7675,0.76759,1.50,1.00
2016.07.01 15:23:17.037,0.7675,0.76761,2.62,1.00
2016.07.01 15:23:17.559,0.76751,0.76761,1.87,1.00
2016.07.01 15:23:17.812,0.76753,0.76761,1.00,1.00
2016.07.01 15:23:17.964,0.76756,0.76767,1.50,1.50
2016.07.01 15:23:18.065,0.76756,0.76768,1.00,1.50
2016.07.01 15:23:18.835,0.76755,0.76767,2.25,1.00
2016.07.01 15:23:18.886,0.76754,0.76765,1.75,1.00
2016.07.01 15:23:19.190,0.76752,0.76762,1.37,1.87
2016.07.01 15:23:19.394,0.76753,0.76763,1.00,1.00
2016.07.01 15:23:19.902,0.76751,0.76762,2.25,1.00
2016.07.01 15:23:20.327,0.76753,0.76764,1.12,1.65
2016.07.01 15:23:21.138,0.76754,0.76764,1.00,1.50
2016.07.01 15:23:21.782,0.76752,0.76763,1.37,1.00
2016.07.01 15:23:21.833,0.76751,0.76762,1.00,1.00
2016.07.01 15:23:21.884,0.76751,0.7676,1.00,1.00
2016.07.01 15:23:22.137,0.76749,0.76761,1.50,1.50
2016.07.01 15:23:22.188,0.76751,0.76763,1.50,4.65
2016.07.01 15:23:22.469,0.76752,0.76764,1.50,3.15
2016.07.01 15:23:22.927,0.76752,0.76762,1.87,1.00
2016.07.01 15:23:23.484,0.76751,0.76761,1.00,1.00
2016.07.01 15:23:23.726,0.76749,0.76761,1.12,1.12
2016.07.01 15:23:24.052,0.76751,0.76761,1.00,1.87
2016.07.01 15:23:24.603,0.76751,0.76762,1.37,1.50
2016.07.01 15:23:25.536,0.76751,0.76761,1.87,1.00
2016.07.01 15:23:26.309,0.76752,0.76762,1.12,1.00
2016.07.01 15:23:26.615,0.76752,0.76763,2.62,1.57
2016.07.01 15:23:28.729,0.76753,0.76762,1.37,1.00
2016.07.01 15:23:29.277,0.76753,0.76762,1.12,1.00
2016.07.01 15:23:29.800,0.76754,0.76763,1.00,1.50
2016.07.01 15:23:29.902,0.76752,0.76762,1.87,2.25
2016.07.01 15:23:30.018,0.7675,0.7676,2.25,1.00
2016.07.01 15:23:30.424,0.7675,0.7676,2.25,1.00
2016.07.01 15:23:30.526,0.76752,0.7676,1.00,1.00
2016.07.01 15:23:31.078,0.76752,0.76761,1.00,1.50
2016.07.01 15:23:31.405,0.7675,0.76761,1.87,1.50
2016.07.01 15:23:31.793,0.7675,0.76758,1.87,1.00
2016.07.01 15:23:32.097,0.76752,0.76761,1.00,1.50
2016.07.01 15:23:32.302,0.76754,0.76764,1.00,1.87
2016.07.01 15:23:32.815,0.76753,0.76763,1.50,1.00
2016.07.01 15:23:33.375,0.76754,0.76763,1.00,1.00
2016.07.01 15:23:36.516,0.76752,0.76763,2.25,1.00
2016.07.01 15:23:38.626,0.76752,0.76762,2.25,1.00
2016.07.01 15:23:40.136,0.76754,0.76763,1.00,1.00
2016.07.01 15:23:40.442,0.76755,0.76765,1.50,1.50
2016.07.01 15:23:40.544,0.76755,0.76763,1.87,1.00
2016.07.01 15:23:40.949,0.76753,0.76762,1.12,1.00
2016.07.01 15:23:41.051,0.76755,0.76763,1.00,1.00
2016.07.01 15:23:41.576,0.76756,0.76763,1.00,1.00
2016.07.01 15:23:42.640,0.76754,0.76763,1.00,1.00
2016.07.01 15:23:43.185,0.76754,0.76764,1.00,1.00
2016.07.01 15:23:44.871,0.76752,0.76763,1.50,1.50
2016.07.01 15:23:44.922,0.76752,0.76761,1.50,1.00
2016.07.01 15:23:45.443,0.76752,0.76761,1.12,1.00
2016.07.01 15:23:46.946,0.76752,0.76762,1.87,1.00
2016.07.01 15:23:47.364,0.76752,0.76762,1.87,1.00
2016.07.01 15:23:47.901,0.76751,0.76762,1.87,1.50
2016.07.01 15:23:48.321,0.76751,0.7676,1.50,1.00
2016.07.01 15:23:49.481,0.7675,0.7676,1.37,1.00
2016.07.01 15:23:49.789,0.76749,0.76759,1.50,1.00
2016.07.01 15:23:50.298,0.76749,0.76758,1.87,1.00
2016.07.01 15:23:54.482,0.76749,0.76753,1.50,1.00
2016.07.01 15:23:54.533,0.76747,0.76751,1.12,1.00
2016.07.01 15:23:54.635,0.76744,0.7675,1.00,1.00
2016.07.01 15:23:54.686,0.76744,0.76748,1.00,1.00
2016.07.01 15:23:55.170,0.7674,0.76749,1.50,1.00
2016.07.01 15:23:55.761,0.7674,0.76749,1.12,1.00
2016.07.01 15:23:58.907,0.7674,0.76751,1.12,1.87
2016.07.01 15:23:59.104,0.76743,0.76751,1.00,1.00
2016.07.01 15:23:59.463,0.76743,0.76748,1.00,1.00
2016.07.01 15:23:59.768,0.76738,0.76742,1.00,1.00
2016.07.01 15:23:59.819,0.76733,0.76742,1.12,1.00
2016.07.01 15:24:00.378,0.76734,0.76743,1.00,1.00
2016.07.01 15:24:00.479,0.76736,0.76745,1.00,1.12
2016.07.01 15:24:01.018,0.76737,0.76746,1.00,1.00
2016.07.01 15:24:02.790,0.76737,0.76744,1.00,1.00
2016.07.01 15:24:03.406,0.76737,0.76746,1.00,1.00
2016.07.01 15:24:03.609,0.76739,0.76747,1.00,1.50
2016.07.01 15:24:03.710,0.76737,0.76747,1.12,1.00
2016.07.01 15:24:04.288,0.7674,0.76749,1.00,1.12
2016.07.01 15:24:04.812,0.76739,0.76748,1.00,1.50
2016.07.01 15:24:05.503,0.76737,0.76745,1.00,1.00
2016.07.01 15:24:05.706,0.76735,0.76745,1.87,1.00
2016.07.01 15:24:06.123,0.76736,0.76745,1.50,1.00
2016.07.01 15:24:06.276,0.76735,0.76745,3.75,1.00
2016.07.01 15:24:07.912,0.76734,0.76745,1.50,1.00
2016.07.01 15:24:07.963,0.76734,0.76743,1.00,1.00
2016.07.01 15:24:08.470,0.76733,0.76743,1.00,1.00
2016.07.01 15:24:08.774,0.76735,0.76743,1.00,1.00
2016.07.01 15:24:09.286,0.76734,0.76743,1.12,1.00
2016.07.01 15:24:10.088,0.76735,0.76743,1.00,1.50
2016.07.01 15:24:10.637,0.76733,0.76743,1.50,1.00
2016.07.01 15:24:11.786,0.76734,0.76744,1.12,1.00
2016.07.01 15:24:12.283,0.76734,0.76742,1.12,1.00
2016.07.01 15:24:14.013,0.76732,0.7674,1.50,1.00
2016.07.01 15:24:14.359,0.76729,0.76739,1.00,1.50
2016.07.01 15:24:14.461,0.76729,0.76741,1.50,1.37
2016.07.01 15:24:14.531,0.76728,0.7674,2.62,1.00
2016.07.01 15:24:14.836,0.76725,0.76733,1.50,1.00
2016.07.01 15:24:14.888,0.76724,0.76733,1.00,1.00
2016.07.01 15:24:15.123,0.76724,0.76731,1.00,1.00
2016.07.01 15:24:15.661,0.76723,0.76731,1.00,1.00
2016.07.01 15:24:16.183,0.76722,0.76731,1.00,1.00
2016.07.01 15:24:17.391,0.76722,0.7673,1.00,1.00
2016.07.01 15:24:17.442,0.7672,0.76729,1.00,1.00
2016.07.01 15:24:17.831,0.7672,0.76731,1.00,1.50
2016.07.01 15:24:17.933,0.76724,0.76731,1.00,1.00
2016.07.01 15:24:17.984,0.76724,0.76734,1.00,1.00
2016.07.01 15:24:18.137,0.76726,0.76734,1.00,1.00
2016.07.01 15:24:18.391,0.76722,0.76732,3.45,1.00
2016.07.01 15:24:18.736,0.76722,0.76733,2.25,1.00
2016.07.01 15:24:18.888,0.76723,0.76735,2.32,1.00
2016.07.01 15:24:19.159,0.76725,0.76733,1.12,1.00
2016.07.01 15:24:19.311,0.76723,0.76733,1.50,1.00
2016.07.01 15:24:19.413,0.76722,0.76731,1.50,1.00
2016.07.01 15:24:19.759,0.76719,0.76728,1.87,1.00
2016.07.01 15:24:19.912,0.76723,0.76734,1.87,1.00
2016.07.01 15:24:20.069,0.76724,0.76735,1.57,1.00
2016.07.01 15:24:20.587,0.76724,0.76736,3.82,1.00
2016.07.01 15:24:21.071,0.76726,0.76736,1.12,1.00
2016.07.01 15:24:21.274,0.76728,0.76736,1.00,1.00
2016.07.01 15:24:21.325,0.76725,0.76732,1.75,1.00
2016.07.01 15:24:21.477,0.76722,0.76731,1.87,1.00
2016.07.01 15:24:21.528,0.76721,0.76731,1.20,1.00
2016.07.01 15:24:21.579,0.76721,0.76732,1.85,1.00
2016.07.01 15:24:21.832,0.76724,0.76734,1.50,1.00
2016.07.01 15:24:22.010,0.76724,0.76734,1.50,1.00
2016.07.01 15:24:23.101,0.76724,0.76735,1.75,1.00
2016.07.01 15:24:26.954,0.7673,0.76738,1.37,1.00
2016.07.01 15:24:27.056,0.76732,0.76741,2.47,1.00
2016.07.01 15:24:27.107,0.76733,0.76743,1.12,1.00
2016.07.01 15:24:27.669,0.76734,0.76744,1.75,1.00
2016.07.01 15:24:28.201,0.76734,0.76744,1.00,1.00
2016.07.01 15:24:28.651,0.76737,0.76744,1.00,1.00
2016.07.01 15:24:29.209,0.76735,0.76744,1.50,1.00
2016.07.01 15:24:29.733,0.76735,0.76744,1.50,1.00
2016.07.01 15:24:32.170,0.76735,0.76744,1.37,1.00
2016.07.01 15:24:32.634,0.76734,0.76744,1.57,1.00
2016.07.01 15:24:32.938,0.76736,0.76744,1.00,1.00
2016.07.01 15:24:33.251,0.76733,0.76742,1.87,1.00
2016.07.01 15:24:33.768,0.76733,0.76742,1.37,1.00
2016.07.01 15:24:34.292,0.76733,0.76743,1.87,1.00
2016.07.01 15:24:35.344,0.76732,0.76742,1.12,1.50
2016.07.01 15:24:35.445,0.7673,0.76738,1.57,1.00
2016.07.01 15:24:35.749,0.76727,0.76733,1.37,1.00
2016.07.01 15:24:35.800,0.76725,0.76733,1.50,1.00
2016.07.01 15:24:36.042,0.76724,0.76733,1.12,1.00
2016.07.01 15:24:36.857,0.76728,0.76738,1.37,1.50
2016.07.01 15:24:36.908,0.76729,0.7674,1.50,1.37
2016.07.01 15:24:36.959,0.7673,0.76741,1.00,1.00
2016.07.01 15:24:37.397,0.76731,0.76743,1.50,1.00
2016.07.01 15:24:38.131,0.7673,0.76742,1.87,1.00
2016.07.01 15:24:38.182,0.76733,0.76743,1.00,1.12
2016.07.01 15:24:39.471,0.7673,0.7674,1.85,1.00
2016.07.01 15:24:39.595,0.76728,0.7674,4.50,1.00
2016.07.01 15:24:39.698,0.76728,0.76739,1.87,1.00
2016.07.01 15:24:40.130,0.7673,0.7674,1.00,1.00
2016.07.01 15:24:40.949,0.76729,0.7674,1.00,1.50
2016.07.01 15:24:41.271,0.7673,0.76742,1.50,1.00
2016.07.01 15:24:41.774,0.76733,0.76742,1.00,2.25
2016.07.01 15:24:41.876,0.76731,0.76742,1.00,2.62
2016.07.01 15:24:42.409,0.76731,0.76742,1.00,2.25
2016.07.01 15:24:42.914,0.76731,0.76741,1.37,1.00
2016.07.01 15:24:43.168,0.7673,0.76741,1.12,1.50
2016.07.01 15:24:43.686,0.76731,0.76741,1.12,1.00
2016.07.01 15:24:44.538,0.76732,0.76742,1.00,1.50
2016.07.01 15:24:45.095,0.76731,0.76742,1.12,1.50
2016.07.01 15:24:45.762,0.76738,0.76742,1.00,1.00
2016.07.01 15:24:45.814,0.7674,0.76746,1.27,1.37
2016.07.01 15:24:45.865,0.7674,0.76749,1.27,1.00
2016.07.01 15:24:45.916,0.7674,0.76751,1.50,1.50
2016.07.01 15:24:46.519,0.76739,0.76749,1.12,1.00
2016.07.01 15:24:46.825,0.76729,0.7674,5.25,1.37
2016.07.01 15:24:46.877,0.76729,0.76739,1.87,1.12
2016.07.01 15:24:47.385,0.76729,0.76738,1.12,1.00
2016.07.01 15:24:47.618,0.76726,0.76738,1.50,1.00
2016.07.01 15:24:47.821,0.76729,0.76739,1.00,1.00
2016.07.01 15:24:48.277,0.76729,0.76741,1.50,1.20
2016.07.01 15:24:49.150,0.76731,0.76741,1.00,1.00
2016.07.01 15:24:49.657,0.7673,0.76742,1.87,1.57
2016.07.01 15:24:49.974,0.7673,0.76742,2.62,1.00
2016.07.01 15:24:50.328,0.7673,0.76742,2.62,1.12
2016.07.01 15:24:50.911,0.76731,0.76743,1.00,2.25
2016.07.01 15:24:51.013,0.76732,0.76744,1.50,1.00
2016.07.01 15:24:51.520,0.76732,0.76744,1.87,1.12
2016.07.01 15:24:52.367,0.76734,0.76746,1.00,2.32
2016.07.01 15:24:52.418,0.76734,0.76746,1.00,2.25
2016.07.01 15:24:52.773,0.76734,0.76744,1.50,1.00
2016.07.01 15:24:53.181,0.76732,0.76743,1.50,1.00
2016.07.01 15:24:53.434,0.76731,0.76741,1.00,1.00
2016.07.01 15:24:53.790,0.76729,0.7674,1.00,1.00
2016.07.01 15:24:53.994,0.76731,0.76741,1.00,1.50
2016.07.01 15:24:54.096,0.76729,0.76741,1.87,1.00
2016.07.01 15:24:54.463,0.76731,0.76742,1.00,1.00
2016.07.01 15:24:55.764,0.76734,0.76742,1.00,1.00
2016.07.01 15:24:55.866,0.76735,0.76746,1.00,2.25
2016.07.01 15:24:56.389,0.76735,0.76747,1.50,1.87
2016.07.01 15:24:56.837,0.76735,0.76745,1.00,1.00
2016.07.01 15:24:57.163,0.76729,0.7674,1.00,1.87
2016.07.01 15:24:57.790,0.76729,0.7674,1.00,1.87
2016.07.01 15:24:58.295,0.7673,0.7674,1.00,1.87
2016.07.01 15:24:58.800,0.7673,0.76739,1.50,1.00
2016.07.01 15:24:59.611,0.76726,0.7673,2.32,1.00
2016.07.01 15:24:59.764,0.76719,0.76728,1.12,1.00
2016.07.01 15:24:59.815,0.76718,0.76725,1.12,1.00
2016.07.01 15:25:00.145,0.76713,0.76723,2.25,1.00
2016.07.01 15:25:00.401,0.76713,0.76724,1.12,1.00
2016.07.01 15:25:00.908,0.76712,0.76724,1.12,1.00
2016.07.01 15:25:01.262,0.76712,0.76724,1.37,1.00
2016.07.01 15:25:01.518,0.76714,0.76726,1.00,1.00
2016.07.01 15:25:02.024,0.76717,0.76727,1.00,1.00
2016.07.01 15:25:02.328,0.76719,0.7673,1.12,1.12
2016.07.01 15:25:02.740,0.7672,0.7673,1.37,1.00
2016.07.01 15:25:02.791,0.76721,0.76732,1.00,1.20
2016.07.01 15:25:02.842,0.7672,0.76732,2.62,1.10
2016.07.01 15:25:03.045,0.76719,0.7673,2.62,1.00
2016.07.01 15:25:03.800,0.76719,0.7673,1.50,1.00
2016.07.01 15:25:04.305,0.76719,0.7673,1.00,1.12
2016.07.01 15:25:04.773,0.7672,0.76731,1.50,1.37
2016.07.01 15:25:05.280,0.7672,0.76731,1.50,1.37
2016.07.01 15:25:05.635,0.76721,0.76732,1.37,1.50
2016.07.01 15:25:05.686,0.76721,0.76732,1.50,1.12
2016.07.01 15:25:06.193,0.76723,0.76733,1.50,1.00
2016.07.01 15:25:06.454,0.76721,0.76731,1.00,1.00
2016.07.01 15:25:07.334,0.76722,0.76731,1.00,1.00
2016.07.01 15:25:09.980,0.76722,0.76732,1.50,1.12
2016.07.01 15:25:10.205,0.76723,0.76734,1.00,1.12
2016.07.01 15:25:10.486,0.76722,0.76731,1.37,1.00
2016.07.01 15:25:10.587,0.76722,0.76731,1.12,1.00
2016.07.01 15:25:12.319,0.76721,0.76731,1.00,1.00
2016.07.01 15:25:12.825,0.7672,0.7673,1.87,1.00
2016.07.01 15:25:13.386,0.76721,0.7673,1.00,1.00
2016.07.01 15:25:13.836,0.76723,0.7673,1.00,1.00
2016.07.01 15:25:14.713,0.76721,0.7673,1.00,1.00
2016.07.01 15:25:15.087,0.76722,0.76732,1.00,1.50
2016.07.01 15:25:15.442,0.76724,0.76733,1.00,1.00
2016.07.01 15:25:16.057,0.76727,0.76734,1.00,1.00
2016.07.01 15:25:16.601,0.76726,0.76735,1.12,1.09
2016.07.01 15:25:17.255,0.76726,0.76735,1.12,1.07
2016.07.01 15:25:17.684,0.76726,0.76736,1.50,1.09
2016.07.01 15:25:18.197,0.76727,0.76737,1.00,1.00
2016.07.01 15:25:18.730,0.76726,0.76736,1.87,1.00
2016.07.01 15:25:19.177,0.76727,0.76738,1.00,3.37
2016.07.01 15:25:19.708,0.76726,0.76737,1.87,1.00
2016.07.01 15:25:20.930,0.76731,0.76737,1.00,1.00
2016.07.01 15:25:21.082,0.76734,0.76743,1.00,1.37
2016.07.01 15:25:21.133,0.76734,0.76744,1.57,1.50
2016.07.01 15:25:22.218,0.76733,0.76743,2.62,1.00
2016.07.01 15:25:22.471,0.76732,0.7674,1.00,1.00
2016.07.01 15:25:22.974,0.76731,0.76741,1.50,1.00
2016.07.01 15:25:24.272,0.76731,0.7674,1.50,1.00
2016.07.01 15:25:24.778,0.7673,0.76739,1.50,1.00
2016.07.01 15:25:25.846,0.7673,0.76738,1.00,1.00
2016.07.01 15:25:25.998,0.76727,0.76738,1.12,1.50
2016.07.01 15:25:26.302,0.76726,0.76736,1.00,1.00
2016.07.01 15:25:26.829,0.7673,0.76738,1.00,1.50
2016.07.01 15:25:27.335,0.76729,0.76738,1.00,1.00
2016.07.01 15:25:27.639,0.76726,0.76736,1.00,1.00
2016.07.01 15:25:27.690,0.76725,0.76734,1.87,1.00
2016.07.01 15:25:28.236,0.76725,0.76735,1.12,1.50
2016.07.01 15:25:28.747,0.76729,0.76736,1.00,1.00
2016.07.01 15:25:28.799,0.7673,0.76738,1.00,1.12
2016.07.01 15:25:29.001,0.76728,0.76738,1.00,1.00
2016.07.01 15:25:29.103,0.76726,0.76736,1.20,1.00
2016.07.01 15:25:29.205,0.76724,0.76735,2.70,1.00
2016.07.01 15:25:29.713,0.76724,0.76734,1.12,1.00
2016.07.01 15:25:30.980,0.76725,0.76736,1.00,1.50
2016.07.01 15:25:31.233,0.76727,0.76737,1.12,1.00
2016.07.01 15:25:31.741,0.76726,0.76737,2.25,1.00
2016.07.01 15:25:32.110,0.76725,0.76734,1.50,1.00
2016.07.01 15:25:32.644,0.76724,0.76734,2.25,1.00
2016.07.01 15:25:32.797,0.76724,0.76734,1.12,1.00
2016.07.01 15:25:32.949,0.76724,0.76734,1.37,1.00
2016.07.01 15:25:33.704,0.76724,0.76735,1.50,1.50
2016.07.01 15:25:34.211,0.76727,0.76736,1.00,1.00
2016.07.01 15:25:34.662,0.76727,0.76734,1.00,1.00
2016.07.01 15:25:34.713,0.76724,0.76734,1.12,1.00
2016.07.01 15:25:36.052,0.76723,0.76735,2.25,1.00
2016.07.01 15:25:37.262,0.76725,0.76733,1.00,1.00
2016.07.01 15:25:37.316,0.76726,0.76735,1.00,1.87
2016.07.01 15:25:37.825,0.76725,0.76735,1.50,1.50
2016.07.01 15:25:38.383,0.76726,0.76735,1.00,1.50
2016.07.01 15:25:39.120,0.76726,0.76737,1.00,2.25
2016.07.01 15:25:39.324,0.76728,0.76738,1.00,1.00
2016.07.01 15:25:39.883,0.76729,0.76739,1.00,1.50
2016.07.01 15:25:41.226,0.76729,0.7674,1.50,1.00
2016.07.01 15:25:41.613,0.76731,0.7674,1.00,1.00
2016.07.01 15:25:41.715,0.76731,0.76742,1.87,1.00
2016.07.01 15:25:41.816,0.76733,0.76743,1.00,2.25
2016.07.01 15:25:42.880,0.76736,0.76743,1.00,1.00
2016.07.01 15:25:42.932,0.76738,0.76746,1.00,1.00
2016.07.01 15:25:42.983,0.76738,0.76748,1.00,1.87
2016.07.01 15:25:43.618,0.76737,0.76748,1.12,1.50
2016.07.01 15:25:44.157,0.76738,0.76747,1.00,1.00
2016.07.01 15:25:44.659,0.76738,0.76748,1.00,1.00
2016.07.01 15:25:45.202,0.76738,0.76749,1.00,1.50
2016.07.01 15:25:45.787,0.76739,0.76748,1.00,1.00
2016.07.01 15:25:45.939,0.76736,0.76747,1.50,1.50
2016.07.01 15:25:46.477,0.76736,0.76746,1.12,1.00
2016.07.01 15:25:47.694,0.76735,0.76746,2.25,1.50
2016.07.01 15:25:47.746,0.76735,0.76744,1.87,1.00
2016.07.01 15:25:48.610,0.76735,0.76746,2.25,1.50
2016.07.01 15:25:49.347,0.76735,0.76745,2.25,1.00
2016.07.01 15:25:49.852,0.76735,0.76744,2.25,1.00
2016.07.01 15:25:50.355,0.76734,0.76743,3.37,1.00
2016.07.01 15:25:50.866,0.76734,0.76743,1.00,1.00
2016.07.01 15:25:53.558,0.76736,0.76745,1.00,1.00
2016.07.01 15:25:53.914,0.76736,0.76747,2.25,1.50
2016.07.01 15:25:54.550,0.76737,0.76748,1.12,2.25
2016.07.01 15:25:54.652,0.76741,0.76749,1.00,1.10
2016.07.01 15:25:54.754,0.76742,0.76752,1.00,2.25
2016.07.01 15:25:55.097,0.76744,0.76751,1.00,1.00
2016.07.01 15:25:55.148,0.76744,0.76753,1.00,1.00
2016.07.01 15:25:55.301,0.76745,0.76754,1.37,1.00
2016.07.01 15:25:55.353,0.76745,0.76756,1.37,1.00
2016.07.01 15:25:55.867,0.76745,0.76757,1.37,1.00
2016.07.01 15:25:56.398,0.76747,0.76759,1.12,1.87
2016.07.01 15:25:56.651,0.76748,0.76756,1.12,1.00
2016.07.01 15:25:56.973,0.76747,0.76758,1.87,1.12
2016.07.01 15:25:58.148,0.76748,0.76758,1.00,1.00
2016.07.01 15:25:58.674,0.76748,0.76759,1.50,1.50
2016.07.01 15:26:00.276,0.76749,0.76759,1.00,1.12
2016.07.01 15:26:00.856,0.7675,0.76759,1.00,1.12
2016.07.01 15:26:01.386,0.76751,0.7676,1.00,1.12
2016.07.01 15:26:01.987,0.76751,0.76759,1.00,1.00
2016.07.01 15:26:02.531,0.76752,0.76759,1.00,1.00
2016.07.01 15:26:03.010,0.76754,0.76762,1.00,1.12
2016.07.01 15:26:03.061,0.76756,0.76764,1.00,2.32
2016.07.01 15:26:03.567,0.76756,0.76765,1.00,1.00
2016.07.01 15:26:04.112,0.76756,0.76766,1.00,2.25
2016.07.01 15:26:04.419,0.76756,0.76764,1.00,1.00
2016.07.01 15:26:05.547,0.76755,0.76764,1.00,1.00
2016.07.01 15:26:05.598,0.76753,0.76765,1.00,2.62
2016.07.01 15:26:05.649,0.76753,0.76762,1.00,1.00
2016.07.01 15:26:06.595,0.76755,0.76764,1.00,3.75
2016.07.01 15:26:07.145,0.76756,0.76764,1.00,1.12
2016.07.01 15:26:07.247,0.76758,0.76764,1.00,1.00
2016.07.01 15:26:07.298,0.76758,0.76767,1.00,2.62
2016.07.01 15:26:07.815,0.76759,0.76767,1.00,1.87
2016.07.01 15:26:08.074,0.76757,0.76765,1.00,1.00
2016.07.01 15:26:08.125,0.76755,0.76765,1.00,1.50
2016.07.01 15:26:08.298,0.76754,0.76761,1.00,1.10
2016.07.01 15:26:08.501,0.76749,0.76758,1.00,1.00
2016.07.01 15:26:09.005,0.76747,0.76758,1.50,1.00
2016.07.01 15:26:09.494,0.76748,0.76759,1.50,1.00
2016.07.01 15:26:09.545,0.76749,0.76761,1.50,1.12
2016.07.01 15:26:10.011,0.76751,0.7676,1.50,1.00
2016.07.01 15:26:10.517,0.76751,0.7676,1.00,2.25
2016.07.01 15:26:11.112,0.76748,0.7676,1.50,1.50
2016.07.01 15:26:13.668,0.76748,0.7676,2.25,1.12
2016.07.01 15:26:13.719,0.7675,0.7676,1.00,1.00
2016.07.01 15:26:14.626,0.76749,0.7676,1.00,1.00
2016.07.01 15:26:16.872,0.76749,0.76759,1.00,1.00
2016.07.01 15:26:17.379,0.76748,0.76758,1.00,1.00
2016.07.01 15:26:17.941,0.76749,0.76758,1.00,1.50
2016.07.01 15:26:18.629,0.7675,0.76758,1.00,1.00
2016.07.01 15:26:19.405,0.76748,0.76759,1.50,1.00
2016.07.01 15:26:19.978,0.76748,0.76759,2.25,1.00
2016.07.01 15:26:20.399,0.76751,0.7676,1.87,1.00
2016.07.01 15:26:20.703,0.76755,0.76764,1.00,1.10
2016.07.01 15:26:21.022,0.76755,0.76766,1.00,1.87
2016.07.01 15:26:21.089,0.76755,0.76762,1.00,1.00
2016.07.01 15:26:21.141,0.76752,0.76762,1.00,1.00
2016.07.01 15:26:21.192,0.76752,0.7676,1.00,1.00
2016.07.01 15:26:21.344,0.7675,0.76761,1.00,1.50
2016.07.01 15:26:21.739,0.76752,0.76762,1.00,1.00
2016.07.01 15:26:22.062,0.76757,0.76765,1.00,1.12
2016.07.01 15:26:22.113,0.76755,0.76765,1.00,1.00
2016.07.01 15:26:22.621,0.76756,0.76765,1.00,1.00
2016.07.01 15:26:23.477,0.76755,0.76765,1.50,1.00
2016.07.01 15:26:26.801,0.76755,0.76766,1.00,1.50
2016.07.01 15:26:27.118,0.76757,0.76767,1.00,1.00
2016.07.01 15:26:27.650,0.76758,0.76767,1.00,1.00
2016.07.01 15:26:28.388,0.76756,0.76765,1.50,1.00
2016.07.01 15:26:28.900,0.76757,0.76764,1.00,1.00
2016.07.01 15:26:28.951,0.76758,0.76766,1.00,1.00
2016.07.01 15:26:30.066,0.76758,0.76767,1.00,1.00
2016.07.01 15:26:30.713,0.76757,0.76766,1.87,1.50
2016.07.01 15:26:33.252,0.76758,0.76766,1.00,1.50
2016.07.01 15:26:33.767,0.76757,0.76765,1.00,1.50
2016.07.01 15:26:34.139,0.76755,0.76765,1.00,1.50
2016.07.01 15:26:34.334,0.76754,0.76763,2.25,1.00
2016.07.01 15:26:34.876,0.76754,0.76762,1.00,1.50
2016.07.01 15:26:37.489,0.76754,0.76763,1.12,1.00
2016.07.01 15:26:38.361,0.76757,0.76765,1.00,1.50
2016.07.01 15:26:39.037,0.76758,0.76765,1.00,1.50
2016.07.01 15:26:40.040,0.76759,0.76765,1.00,1.50
2016.07.01 15:26:40.348,0.76761,0.76766,1.00,1.00
2016.07.01 15:26:40.942,0.76758,0.76766,1.00,1.00
2016.07.01 15:26:41.347,0.76758,0.76764,1.00,1.50
2016.07.01 15:26:42.235,0.76758,0.76763,1.00,1.00
2016.07.01 15:26:42.666,0.76758,0.76765,1.00,1.00
2016.07.01 15:26:43.125,0.76755,0.76759,1.00,1.00
2016.07.01 15:26:43.179,0.76751,0.76757,1.00,1.00
2016.07.01 15:26:43.281,0.76749,0.76756,1.00,1.50
2016.07.01 15:26:43.535,0.76751,0.76756,1.00,1.50
2016.07.01 15:26:43.689,0.76751,0.76757,1.00,1.00
2016.07.01 15:26:43.791,0.76753,0.76758,1.00,1.50
2016.07.01 15:26:44.050,0.76751,0.76758,1.00,1.20
2016.07.01 15:26:44.557,0.76751,0.76758,1.00,1.57
2016.07.01 15:26:44.912,0.76749,0.76756,1.00,1.50
2016.07.01 15:26:44.963,0.76748,0.76753,1.00,1.00
2016.07.01 15:26:46.140,0.76748,0.76752,1.00,1.00
2016.07.01 15:26:46.191,0.76745,0.76752,1.00,1.00
2016.07.01 15:26:46.242,0.76744,0.7675,1.00,1.00
2016.07.01 15:26:47.134,0.76746,0.7675,1.00,1.50
2016.07.01 15:26:47.388,0.76743,0.76749,1.00,1.00
2016.07.01 15:26:47.972,0.76742,0.76749,1.00,1.00
2016.07.01 15:26:48.073,0.76742,0.76747,1.00,1.00
2016.07.01 15:26:49.169,0.76742,0.76748,1.00,1.00
2016.07.01 15:26:49.270,0.76743,0.7675,1.00,1.10
2016.07.01 15:26:49.779,0.76742,0.7675,1.00,2.25
2016.07.01 15:26:50.351,0.76743,0.7675,1.00,1.50
2016.07.01 15:26:51.182,0.76743,0.76749,1.00,1.00
2016.07.01 15:26:51.715,0.76744,0.76749,1.00,1.00
2016.07.01 15:26:52.458,0.76741,0.76746,1.00,1.37
2016.07.01 15:26:52.509,0.76738,0.76745,1.00,1.50
2016.07.01 15:26:52.763,0.76735,0.76742,1.00,1.35
2016.07.01 15:26:53.067,0.76733,0.76741,1.00,1.57
2016.07.01 15:26:53.118,0.76733,0.76739,1.00,1.00
2016.07.01 15:26:53.322,0.76733,0.76742,1.00,2.32
2016.07.01 15:26:53.861,0.76733,0.7674,1.00,1.30
2016.07.01 15:26:54.165,0.76734,0.76742,1.00,1.12
2016.07.01 15:26:54.675,0.76734,0.76741,1.00,1.00
2016.07.01 15:26:55.203,0.76734,0.76739,1.00,1.00
2016.07.01 15:26:55.424,0.76734,0.76741,1.00,1.00
2016.07.01 15:26:55.576,0.76735,0.76743,1.00,1.20
2016.07.01 15:26:55.678,0.76736,0.76745,1.00,2.77
2016.07.01 15:26:55.869,0.76738,0.76745,1.00,1.50
2016.07.01 15:26:56.198,0.7674,0.76748,1.00,1.57
2016.07.01 15:26:56.720,0.7674,0.76748,1.00,3.07
2016.07.01 15:26:56.922,0.76741,0.76748,1.00,1.12
2016.07.01 15:26:57.438,0.7674,0.76748,1.00,1.47
2016.07.01 15:26:58.110,0.7674,0.76748,1.00,1.20
2016.07.01 15:27:00.610,0.76741,0.76748,1.00,1.00
2016.07.01 15:27:01.422,0.7674,0.76748,1.00,1.00
2016.07.01 15:27:01.965,0.76742,0.76749,1.00,1.87
2016.07.01 15:27:02.412,0.76742,0.76747,1.00,1.00
2016.07.01 15:27:03.096,0.7674,0.76747,1.00,1.00
2016.07.01 15:27:03.493,0.7674,0.76745,1.00,1.00
2016.07.01 15:27:03.646,0.76736,0.76746,1.00,1.10
2016.07.01 15:27:03.697,0.76737,0.76744,1.00,1.12
2016.07.01 15:27:04.259,0.76738,0.76745,1.00,2.25
2016.07.01 15:27:07.046,0.76739,0.76745,1.00,1.50
2016.07.01 15:27:07.148,0.76739,0.76747,1.00,1.12
2016.07.01 15:27:07.503,0.76742,0.76747,1.00,1.00
2016.07.01 15:27:08.012,0.76742,0.76746,1.00,1.00
2016.07.01 15:27:08.317,0.76742,0.76748,1.00,1.57
2016.07.01 15:27:11.425,0.76742,0.76747,1.00,1.00
2016.07.01 15:27:11.931,0.76741,0.76747,1.00,1.00
2016.07.01 15:27:12.567,0.76739,0.76747,1.00,1.00
2016.07.01 15:27:12.618,0.76739,0.76745,1.00,1.00
2016.07.01 15:27:13.143,0.76739,0.76744,1.00,1.00
2016.07.01 15:27:13.681,0.76738,0.76744,1.00,1.00
2016.07.01 15:27:15.917,0.76738,0.76745,1.00,1.00
2016.07.01 15:27:16.221,0.7674,0.76746,1.00,1.00
2016.07.01 15:27:20.814,0.7674,0.76747,1.00,1.12
2016.07.01 15:27:22.133,0.7674,0.76746,1.00,1.00
2016.07.01 15:27:22.406,0.76738,0.76746,1.00,1.00
2016.07.01 15:27:22.682,0.76738,0.76743,1.00,1.00
2016.07.01 15:27:22.734,0.76735,0.76743,1.00,1.00
2016.07.01 15:27:22.785,0.76735,0.76739,1.00,1.00
2016.07.01 15:27:23.039,0.76731,0.76736,1.00,1.00
2016.07.01 15:27:23.142,0.76733,0.76737,1.00,1.00
2016.07.01 15:27:23.761,0.76733,0.76741,1.00,1.00
2016.07.01 15:27:23.914,0.76735,0.76742,1.00,1.12
2016.07.01 15:27:24.220,0.76741,0.76747,1.00,1.37
2016.07.01 15:27:24.271,0.76741,0.76748,1.00,1.87
2016.07.01 15:27:24.784,0.7674,0.7675,1.00,1.87
2016.07.01 15:27:25.783,0.7674,0.76748,1.00,1.00
2016.07.01 15:27:26.307,0.7674,0.76749,1.00,1.00
2016.07.01 15:27:27.733,0.76742,0.76749,1.00,1.50
2016.07.01 15:27:27.888,0.76742,0.76751,1.00,1.50
2016.07.01 15:27:28.446,0.76743,0.76751,1.00,1.00
2016.07.01 15:27:29.107,0.76743,0.76752,1.00,1.87
2016.07.01 15:27:31.190,0.76743,0.7675,1.00,1.00
2016.07.01 15:27:31.291,0.76744,0.76752,1.00,1.00
2016.07.01 15:27:33.367,0.76744,0.76753,1.50,1.00
2016.07.01 15:27:33.920,0.76745,0.76753,1.00,1.00
2016.07.01 15:27:34.173,0.76746,0.76755,1.00,1.50
2016.07.01 15:27:34.477,0.76748,0.76754,1.00,1.12
2016.07.01 15:27:34.579,0.76751,0.76759,1.00,3.75
2016.07.01 15:27:35.104,0.76751,0.76759,1.00,1.00
2016.07.01 15:27:35.308,0.76749,0.76757,1.00,1.00
2016.07.01 15:27:35.873,0.76749,0.76756,1.00,1.00
2016.07.01 15:27:36.380,0.76749,0.76755,1.00,1.00
2016.07.01 15:27:36.684,0.76747,0.76751,1.00,1.00
2016.07.01 15:27:36.888,0.76746,0.76752,1.00,1.00
2016.07.01 15:27:37.411,0.76746,0.76753,1.00,1.00
2016.07.01 15:27:38.400,0.76746,0.76754,1.00,3.00
2016.07.01 15:27:38.502,0.76745,0.76752,1.00,1.00
2016.07.01 15:27:38.604,0.76745,0.76754,1.00,1.12
2016.07.01 15:27:39.137,0.76744,0.76754,2.25,1.00
2016.07.01 15:27:39.440,0.76746,0.76754,1.00,1.00
2016.07.01 15:27:39.981,0.76745,0.76752,1.00,1.00
2016.07.01 15:27:41.351,0.76747,0.76757,1.00,1.75
2016.07.01 15:27:41.504,0.76745,0.76753,1.00,1.00
2016.07.01 15:27:41.961,0.76743,0.76753,1.00,1.50
2016.07.01 15:27:42.376,0.76745,0.76755,1.00,1.50
2016.07.01 15:27:44.023,0.76745,0.76754,1.00,1.00
2016.07.01 15:27:45.746,0.76744,0.76754,1.00,1.00
2016.07.01 15:27:46.050,0.76743,0.7675,1.00,1.00
2016.07.01 15:27:46.697,0.76743,0.76751,1.00,1.00
2016.07.01 15:27:47.595,0.76741,0.76751,1.00,1.00
2016.07.01 15:27:47.646,0.7674,0.76747,1.12,1.00
2016.07.01 15:27:47.975,0.76737,0.76745,1.00,1.00
2016.07.01 15:27:48.027,0.76739,0.76744,1.00,1.00
2016.07.01 15:27:48.128,0.76741,0.76749,1.00,1.57
2016.07.01 15:27:48.179,0.76739,0.76749,1.00,1.87
2016.07.01 15:27:48.534,0.76741,0.7675,1.00,2.25
2016.07.01 15:27:48.788,0.76743,0.76753,1.00,2.62
2016.07.01 15:27:49.432,0.76744,0.76753,1.00,1.57
2016.07.01 15:27:49.483,0.76746,0.76753,1.00,1.57
2016.07.01 15:27:49.636,0.76746,0.76758,1.00,3.37
2016.07.01 15:27:50.194,0.76747,0.76755,1.00,1.00
2016.07.01 15:27:50.735,0.76746,0.76755,1.00,1.10
2016.07.01 15:27:51.204,0.76748,0.76756,1.00,1.12
2016.07.01 15:27:51.711,0.76749,0.76756,1.00,1.00
2016.07.01 15:27:52.225,0.76749,0.76755,1.00,1.00
2016.07.01 15:27:52.276,0.76747,0.76755,1.50,1.00
2016.07.01 15:27:52.803,0.76747,0.76756,1.00,1.00
2016.07.01 15:27:54.134,0.76747,0.76754,1.00,1.00
2016.07.01 15:27:54.640,0.76747,0.76753,1.00,1.00
2016.07.01 15:27:54.793,0.76745,0.76753,1.09,1.00
2016.07.01 15:27:55.154,0.76745,0.76755,1.07,1.00
2016.07.01 15:27:55.661,0.76745,0.76754,1.00,1.00
2016.07.01 15:27:57.037,0.76745,0.76753,1.00,1.00
2016.07.01 15:27:57.139,0.76745,0.76751,1.00,1.00
2016.07.01 15:27:57.443,0.76745,0.76753,1.00,1.00
2016.07.01 15:27:58.052,0.76745,0.76752,1.00,1.00
2016.07.01 15:27:58.558,0.76744,0.76753,1.00,1.50
2016.07.01 15:27:59.272,0.76744,0.76752,1.00,1.12
2016.07.01 15:27:59.797,0.76743,0.76752,1.50,1.12
2016.07.01 15:28:00.305,0.76742,0.76751,1.50,1.00
2016.07.01 15:28:00.844,0.76743,0.76752,1.00,1.50
2016.07.01 15:28:02.573,0.76745,0.76752,1.00,1.00
2016.07.01 15:28:03.082,0.76745,0.76753,1.00,1.50
2016.07.01 15:28:03.630,0.76745,0.76752,1.00,1.00
2016.07.01 15:28:04.132,0.76745,0.76753,1.00,1.50
2016.07.01 15:28:08.241,0.76745,0.76752,1.00,1.00
2016.07.01 15:28:08.395,0.76743,0.76753,2.62,1.50
2016.07.01 15:28:09.624,0.76743,0.76751,1.87,1.00
2016.07.01 15:28:09.879,0.76733,0.76742,1.50,1.00
2016.07.01 15:28:10.155,0.7673,0.76741,1.12,1.50
2016.07.01 15:28:10.308,0.76734,0.76741,1.00,1.37
2016.07.01 15:28:10.410,0.76735,0.76745,1.00,1.50
2016.07.01 15:28:10.461,0.76736,0.76745,1.37,1.00
2016.07.01 15:28:11.010,0.76736,0.76745,1.00,1.00
2016.07.01 15:28:11.567,0.76736,0.76744,1.00,1.00
2016.07.01 15:28:12.857,0.76736,0.76746,1.00,2.25
2016.07.01 15:28:13.660,0.76737,0.76746,1.00,1.00
2016.07.01 15:28:14.186,0.76738,0.76746,1.00,1.00
2016.07.01 15:28:14.288,0.76736,0.76747,2.25,1.00
2016.07.01 15:28:14.389,0.76736,0.76744,1.00,1.00
2016.07.01 15:28:15.001,0.76737,0.76746,1.00,1.00
2016.07.01 15:28:16.339,0.76737,0.76745,1.00,1.00
2016.07.01 15:28:16.444,0.76735,0.76745,1.00,1.00
2016.07.01 15:28:16.998,0.76735,0.76744,1.00,1.00
2016.07.01 15:28:17.537,0.76736,0.76744,1.00,1.00
2016.07.01 15:28:19.294,0.76735,0.76745,1.00,1.00
2016.07.01 15:28:21.141,0.76735,0.76744,1.00,1.00
2016.07.01 15:28:22.502,0.76735,0.76745,1.00,1.00
2016.07.01 15:28:23.264,0.76734,0.76741,2.25,1.00
2016.07.01 15:28:23.467,0.76731,0.76741,1.12,1.00
2016.07.01 15:28:23.675,0.7673,0.76739,1.50,1.00
2016.07.01 15:28:24.187,0.76729,0.76737,1.00,1.00
2016.07.01 15:28:24.391,0.76731,0.7674,1.00,1.50
2016.07.01 15:28:24.644,0.76732,0.76741,1.00,1.07
2016.07.01 15:28:26.229,0.7673,0.7674,1.00,1.37
2016.07.01 15:28:26.382,0.7673,0.76741,1.00,1.12
2016.07.01 15:28:26.797,0.76731,0.76739,1.00,1.00
2016.07.01 15:28:27.713,0.7673,0.76739,1.50,1.00
2016.07.01 15:28:28.195,0.76732,0.76739,1.00,1.00
2016.07.01 15:28:28.918,0.7673,0.76739,1.00,1.00
2016.07.01 15:28:29.802,0.76729,0.76739,1.87,1.00
2016.07.01 15:28:30.329,0.76729,0.76738,1.00,1.00
2016.07.01 15:28:30.686,0.76727,0.76738,2.62,1.00
2016.07.01 15:28:31.211,0.76727,0.76737,2.62,1.00
2016.07.01 15:28:31.718,0.76727,0.76736,1.50,1.00
2016.07.01 15:28:32.288,0.76727,0.76737,1.50,1.50
2016.07.01 15:28:32.882,0.76728,0.76736,1.00,1.00
2016.07.01 15:28:33.394,0.76727,0.76737,1.00,2.25
2016.07.01 15:28:33.500,0.76726,0.76735,1.50,1.00
2016.07.01 15:28:34.116,0.76726,0.76734,1.00,1.00
2016.07.01 15:28:34.684,0.76725,0.76734,1.50,1.00
2016.07.01 15:28:35.405,0.76723,0.76731,1.87,1.00
2016.07.01 15:28:35.810,0.76723,0.76734,1.00,3.00
2016.07.01 15:28:36.164,0.76725,0.76732,1.00,1.00
2016.07.01 15:28:36.397,0.76724,0.76736,1.50,1.00
2016.07.01 15:28:36.499,0.76726,0.76736,1.00,1.00
2016.07.01 15:28:37.169,0.76727,0.76737,1.00,2.85
2016.07.01 15:28:37.772,0.76726,0.76737,1.50,1.72
2016.07.01 15:28:38.076,0.76731,0.76741,1.00,2.01
2016.07.01 15:28:38.874,0.76731,0.7674,1.00,1.00
2016.07.01 15:28:39.191,0.76729,0.76738,1.00,1.18
2016.07.01 15:28:39.736,0.76727,0.76737,1.50,1.00
2016.07.01 15:28:40.605,0.76728,0.76736,1.00,1.00
2016.07.01 15:28:42.126,0.76727,0.76736,1.50,1.00
2016.07.01 15:28:42.633,0.76725,0.76734,2.62,1.00
2016.07.01 15:28:42.737,0.76725,0.76736,1.50,1.00
2016.07.01 15:28:43.258,0.76726,0.76736,1.00,1.12
2016.07.01 15:28:43.780,0.76725,0.76735,1.50,1.00
2016.07.01 15:28:44.330,0.76726,0.76736,1.00,1.12
2016.07.01 15:28:45.225,0.76727,0.76737,1.00,1.12
2016.07.01 15:28:45.326,0.76727,0.76735,1.50,1.00
2016.07.01 15:28:46.084,0.76725,0.76735,2.25,1.00
2016.07.01 15:28:46.602,0.76725,0.76734,2.62,1.00
2016.07.01 15:28:47.306,0.76727,0.76734,1.00,1.00
2016.07.01 15:28:47.458,0.76727,0.76737,1.00,1.12
2016.07.01 15:28:48.394,0.76728,0.76738,1.47,1.37
2016.07.01 15:28:48.650,0.76734,0.76743,1.00,1.12
2016.07.01 15:28:49.887,0.76734,0.76742,1.50,1.00
2016.07.01 15:28:50.821,0.76734,0.76743,1.00,1.12
2016.07.01 15:28:52.875,0.76732,0.76743,1.50,1.12
2016.07.01 15:28:53.027,0.76732,0.76739,1.50,1.00
2016.07.01 15:28:53.529,0.76732,0.76742,1.00,1.87
2016.07.01 15:28:54.073,0.76732,0.76741,1.00,1.00
2016.07.01 15:28:54.748,0.76732,0.76742,1.00,1.87
2016.07.01 15:28:54.849,0.76732,0.7674,1.50,1.00
2016.07.01 15:28:55.216,0.7673,0.76741,1.20,1.50
2016.07.01 15:28:55.268,0.76729,0.76738,2.25,1.00
2016.07.01 15:28:55.814,0.76729,0.76738,1.00,1.12
2016.07.01 15:29:00.446,0.7673,0.76738,1.00,1.00
2016.07.01 15:29:00.497,0.7673,0.7674,2.25,1.12
2016.07.01 15:29:01.010,0.76731,0.76741,1.00,1.00
2016.07.01 15:29:04.378,0.76731,0.76739,1.50,1.00
2016.07.01 15:29:04.920,0.7673,0.76738,2.25,1.00
2016.07.01 15:29:05.342,0.7673,0.7674,1.50,1.00
2016.07.01 15:29:05.618,0.7673,0.76737,1.00,1.00
2016.07.01 15:29:06.123,0.76729,0.76738,1.00,1.00
2016.07.01 15:29:06.574,0.76729,0.76736,1.00,1.00
2016.07.01 15:29:07.080,0.76729,0.76737,1.00,1.00
2016.07.01 15:29:07.596,0.7673,0.76739,1.50,1.20
2016.07.01 15:29:08.918,0.76731,0.76741,1.50,1.50
2016.07.01 15:29:08.970,0.76733,0.76741,1.00,1.12
2016.07.01 15:29:09.275,0.76733,0.76743,1.00,1.12
2016.07.01 15:29:09.428,0.76733,0.76741,1.50,1.00
2016.07.01 15:29:11.014,0.76732,0.76742,1.00,1.37
2016.07.01 15:29:11.364,0.76727,0.76736,1.00,1.12
2016.07.01 15:29:11.884,0.76728,0.76737,1.09,1.00
2016.07.01 15:29:12.173,0.76726,0.76737,1.00,1.50
2016.07.01 15:29:12.501,0.76728,0.76738,1.50,1.50
2016.07.01 15:29:13.037,0.76729,0.76739,1.00,1.12
2016.07.01 15:29:13.341,0.76732,0.76741,1.00,1.00
2016.07.01 15:29:14.060,0.7673,0.76741,1.57,1.00
2016.07.01 15:29:14.365,0.76731,0.76739,1.00,1.12
2016.07.01 15:29:14.669,0.76734,0.76739,1.00,1.00
2016.07.01 15:29:14.885,0.76731,0.76742,1.57,1.50
2016.07.01 15:29:15.394,0.7673,0.76741,1.07,1.20
2016.07.01 15:29:15.496,0.7673,0.7674,1.09,1.00
2016.07.01 15:29:15.648,0.76729,0.76739,1.57,1.37
2016.07.01 15:29:15.750,0.76728,0.76738,1.00,2.25
2016.07.01 15:29:15.944,0.76726,0.76738,1.00,2.25
2016.07.01 15:29:16.902,0.76726,0.76737,1.07,1.50
2016.07.01 15:29:17.325,0.76728,0.76737,1.27,1.00
2016.07.01 15:29:17.630,0.76733,0.7674,1.09,1.00
2016.07.01 15:29:18.137,0.76729,0.76739,1.00,1.50
2016.07.01 15:29:18.289,0.76732,0.7674,1.00,1.12
2016.07.01 15:29:18.805,0.76732,0.76741,1.00,1.00
2016.07.01 15:29:19.518,0.76731,0.76741,1.09,1.00
2016.07.01 15:29:20.068,0.76732,0.76742,1.00,1.50
2016.07.01 15:29:20.610,0.7673,0.7674,1.00,1.00
2016.07.01 15:29:20.916,0.76731,0.76742,1.57,1.00
2016.07.01 15:29:21.428,0.76732,0.76743,1.07,1.00
2016.07.01 15:29:21.815,0.76735,0.76744,1.00,2.25
2016.07.01 15:29:22.322,0.76735,0.76743,1.00,1.00
2016.07.01 15:29:22.894,0.76735,0.76744,1.00,1.87
2016.07.01 15:29:24.832,0.76735,0.76743,1.00,1.00
2016.07.01 15:29:24.934,0.76733,0.76743,1.09,1.12
2016.07.01 15:29:25.705,0.76734,0.76743,1.00,1.00
2016.07.01 15:29:26.419,0.76734,0.76744,1.00,1.87
2016.07.01 15:29:26.672,0.76737,0.76746,1.00,1.00
2016.07.01 15:29:27.326,0.76737,0.76745,1.00,1.00
2016.07.01 15:29:27.580,0.76735,0.76745,1.00,1.00
2016.07.01 15:29:28.499,0.76736,0.76745,1.00,1.00
2016.07.01 15:29:29.043,0.76738,0.76747,1.00,1.50
2016.07.01 15:29:29.094,0.76736,0.76747,1.00,1.50
2016.07.01 15:29:29.145,0.76736,0.76744,1.00,1.00
2016.07.01 15:29:29.475,0.76739,0.76745,1.00,1.00
2016.07.01 15:29:29.527,0.7674,0.76749,1.00,1.12
2016.07.01 15:29:32.284,0.7674,0.76748,1.00,1.00
2016.07.01 15:29:32.811,0.7674,0.76749,1.00,1.00
2016.07.01 15:29:33.368,0.7674,0.76748,1.00,1.00
2016.07.01 15:29:33.622,0.76738,0.76746,1.00,1.00
2016.07.01 15:29:33.926,0.76735,0.76742,1.00,1.00
2016.07.01 15:29:34.445,0.76735,0.76745,1.00,1.37
2016.07.01 15:29:34.495,0.76735,0.76745,1.00,1.37
2016.07.01 15:29:35.002,0.76737,0.76745,1.00,1.12
2016.07.01 15:29:35.533,0.76737,0.76742,1.00,1.00
2016.07.01 15:29:35.635,0.76734,0.76742,1.50,1.00
2016.07.01 15:29:37.346,0.76734,0.76743,1.00,1.12
2016.07.01 15:29:37.668,0.76733,0.76741,1.50,1.00
2016.07.01 15:29:38.024,0.76732,0.7674,1.50,1.37
2016.07.01 15:29:38.125,0.76732,0.7674,1.50,1.12
2016.07.01 15:29:38.892,0.76732,0.76741,1.50,1.00
2016.07.01 15:29:39.044,0.76734,0.76741,1.00,1.00
2016.07.01 15:29:39.693,0.76735,0.76741,1.00,1.00
2016.07.01 15:29:40.007,0.76733,0.76741,1.00,1.12
2016.07.01 15:29:40.519,0.76732,0.76741,1.50,1.12
2016.07.01 15:29:41.391,0.76733,0.76742,1.00,1.00
2016.07.01 15:29:41.544,0.76735,0.76743,1.00,1.00
2016.07.01 15:29:41.596,0.76735,0.76745,1.00,2.25
2016.07.01 15:29:41.799,0.76737,0.76746,1.00,1.12
2016.07.01 15:29:42.327,0.76738,0.76747,1.00,1.00
2016.07.01 15:29:42.428,0.76736,0.76746,2.25,1.00
2016.07.01 15:29:42.682,0.76736,0.76744,1.00,1.00
2016.07.01 15:29:43.291,0.76735,0.76744,1.50,1.12
2016.07.01 15:29:43.795,0.76734,0.76742,1.50,1.00
2016.07.01 15:29:44.610,0.76733,0.76742,1.50,1.12
2016.07.01 15:29:45.139,0.76733,0.76741,1.50,1.00
2016.07.01 15:29:45.739,0.76733,0.76742,1.50,1.00
2016.07.01 15:29:45.993,0.76731,0.76741,1.87,1.12
2016.07.01 15:29:46.409,0.76731,0.76739,1.12,1.00
2016.07.01 15:29:46.742,0.76729,0.76738,1.50,1.00
2016.07.01 15:29:47.250,0.76729,0.76739,1.00,1.87
2016.07.01 15:29:48.327,0.7673,0.76739,1.00,1.00
2016.07.01 15:29:49.730,0.76732,0.7674,1.00,1.00
2016.07.01 15:29:50.897,0.76732,0.76741,1.00,1.00
2016.07.01 15:29:51.205,0.7673,0.7674,1.50,1.00
2016.07.01 15:29:51.752,0.76732,0.76741,1.00,1.00
2016.07.01 15:29:52.261,0.76731,0.76741,1.00,1.50
2016.07.01 15:29:52.993,0.76732,0.76742,1.00,1.87
2016.07.01 15:29:53.502,0.76732,0.76742,1.00,1.00
2016.07.01 15:29:54.061,0.76732,0.76743,1.50,1.00
2016.07.01 15:29:54.394,0.76733,0.76741,1.00,1.00
2016.07.01 15:29:54.698,0.76731,0.76741,1.00,1.00
2016.07.01 15:29:55.216,0.76731,0.76742,2.25,1.07
2016.07.01 15:29:55.773,0.76732,0.76743,1.50,1.07
2016.07.01 15:29:58.124,0.76732,0.76741,1.50,1.00
2016.07.01 15:29:58.842,0.76733,0.76742,1.00,1.07
2016.07.01 15:30:00.343,0.76735,0.76743,1.00,1.00
2016.07.01 15:30:00.554,0.76734,0.76745,1.00,2.25
2016.07.01 15:30:00.822,0.76736,0.76746,1.00,1.50
2016.07.01 15:30:01.128,0.76741,0.76746,1.00,1.00
2016.07.01 15:30:01.855,0.76742,0.76746,1.00,1.00
2016.07.01 15:30:01.906,0.76742,0.76749,1.00,1.00
2016.07.01 15:30:02.059,0.76743,0.76752,1.00,1.00
2016.07.01 15:30:03.009,0.76743,0.76751,1.00,1.00
2016.07.01 15:30:03.565,0.76746,0.76754,1.00,1.00
2016.07.01 15:30:03.819,0.76747,0.76757,1.00,1.87
2016.07.01 15:30:04.134,0.76745,0.76757,1.00,2.62
2016.07.01 15:30:04.446,0.76744,0.76755,1.87,1.00
2016.07.01 15:30:04.954,0.76743,0.76755,1.87,1.87
2016.07.01 15:30:05.312,0.76746,0.76755,1.00,1.00
2016.07.01 15:30:05.662,0.76748,0.76758,1.50,1.20
2016.07.01 15:30:06.263,0.76749,0.76758,1.00,1.12
2016.07.01 15:30:06.364,0.76746,0.76757,1.37,1.87
2016.07.01 15:30:06.588,0.76744,0.76755,1.00,1.00
2016.07.01 15:30:07.353,0.76745,0.76755,1.50,1.50
2016.07.01 15:30:09.731,0.76744,0.76755,1.00,1.00
2016.07.01 15:30:09.833,0.76744,0.76753,1.50,1.00
2016.07.01 15:30:09.937,0.76743,0.76755,2.25,2.62
2016.07.01 15:30:10.354,0.76743,0.76752,1.50,1.00
2016.07.01 15:30:10.675,0.76743,0.7675,1.00,1.12
2016.07.01 15:30:11.081,0.76743,0.76753,1.50,3.07
2016.07.01 15:30:11.607,0.76743,0.76753,1.50,2.25
2016.07.01 15:30:12.117,0.76741,0.76753,1.50,1.87
2016.07.01 15:30:12.169,0.76742,0.76751,1.00,1.00
2016.07.01 15:30:12.717,0.76741,0.76751,1.00,2.25
2016.07.01 15:30:13.318,0.7674,0.76751,1.12,2.25
2016.07.01 15:30:13.838,0.76739,0.76751,2.25,1.50
2016.07.01 15:30:14.142,0.76739,0.76751,1.50,3.00
2016.07.01 15:30:14.973,0.7674,0.76751,1.00,2.25
2016.07.01 15:30:15.516,0.76742,0.76751,1.00,2.62
2016.07.01 15:30:16.023,0.76742,0.76751,1.00,3.00
2016.07.01 15:30:16.124,0.76742,0.76751,1.00,3.00
2016.07.01 15:30:16.175,0.76741,0.76749,1.00,1.00
2016.07.01 15:30:16.277,0.76742,0.76751,1.00,2.62
2016.07.01 15:30:18.382,0.76743,0.76752,1.00,1.37
2016.07.01 15:30:18.924,0.76743,0.7675,1.00,1.00
2016.07.01 15:30:18.975,0.76743,0.76752,1.00,1.00
2016.07.01 15:30:19.692,0.76743,0.7675,1.00,1.00
2016.07.01 15:30:20.222,0.76742,0.7675,1.00,1.00
2016.07.01 15:30:22.166,0.76742,0.76751,1.00,1.00
2016.07.01 15:30:22.672,0.76741,0.76751,1.00,1.00
2016.07.01 15:30:24.732,0.76741,0.76751,1.00,2.25
2016.07.01 15:30:25.264,0.7674,0.7675,1.00,1.50
2016.07.01 15:30:28.440,0.7674,0.76748,1.00,1.00
2016.07.01 15:30:28.743,0.76737,0.76747,1.12,1.00
2016.07.01 15:30:28.946,0.76736,0.76745,1.50,1.00
2016.07.01 15:30:29.477,0.76735,0.76744,1.00,1.50
2016.07.01 15:30:29.680,0.76731,0.76741,1.00,1.00
2016.07.01 15:30:29.934,0.76733,0.76744,1.00,1.95
2016.07.01 15:30:30.137,0.76737,0.76746,1.00,1.00
2016.07.01 15:30:32.276,0.76737,0.76747,1.12,1.50
2016.07.01 15:30:34.811,0.76737,0.76748,1.12,1.50
2016.07.01 15:30:36.082,0.76737,0.76747,1.12,1.00
2016.07.01 15:30:43.650,0.76737,0.76748,1.12,1.50
2016.07.01 15:30:44.125,0.76737,0.76746,1.12,1.00
2016.07.01 15:30:44.442,0.76735,0.76744,1.12,1.00
2016.07.01 15:30:45.002,0.76737,0.76744,1.00,1.00
2016.07.01 15:30:46.427,0.76735,0.76744,1.00,1.00
2016.07.01 15:30:46.530,0.76737,0.76744,1.00,1.00
2016.07.01 15:30:46.976,0.76738,0.76748,1.00,1.87
2016.07.01 15:30:50.235,0.76737,0.76748,1.50,1.00
2016.07.01 15:30:50.935,0.76738,0.76749,1.00,1.50
2016.07.01 15:30:51.138,0.7674,0.76749,1.00,1.50
2016.07.01 15:30:52.575,0.76738,0.76749,1.12,1.50
2016.07.01 15:30:53.657,0.7674,0.76749,1.00,1.50
2016.07.01 15:30:54.759,0.7674,0.7675,1.00,1.00
2016.07.01 15:30:55.284,0.76741,0.7675,1.00,1.00
2016.07.01 15:30:57.889,0.76741,0.76749,1.00,1.00
2016.07.01 15:30:58.549,0.76739,0.76749,1.87,1.00
2016.07.01 15:30:59.061,0.76739,0.76748,1.37,1.00
2016.07.01 15:30:59.715,0.76739,0.7675,1.37,1.50
2016.07.01 15:31:01.560,0.76739,0.7675,1.50,1.00
2016.07.01 15:31:01.899,0.76741,0.7675,1.00,1.00
2016.07.01 15:31:03.796,0.76741,0.76752,1.00,1.50
2016.07.01 15:31:04.273,0.76743,0.76752,1.00,1.50
2016.07.01 15:31:05.125,0.76743,0.76754,1.00,1.00
2016.07.01 15:31:05.176,0.76745,0.76755,1.00,1.87
2016.07.01 15:31:05.481,0.76745,0.76753,1.00,1.00
2016.07.01 15:31:07.373,0.76742,0.76752,1.50,1.00
2016.07.01 15:31:09.618,0.76741,0.76752,1.12,1.50
2016.07.01 15:31:10.876,0.76743,0.76752,1.00,1.50
2016.07.01 15:31:11.079,0.76741,0.76751,1.12,1.00
2016.07.01 15:31:12.225,0.76742,0.76752,1.00,1.00
2016.07.01 15:31:12.781,0.7674,0.76752,2.70,1.00
2016.07.01 15:31:13.434,0.76742,0.76752,1.00,1.00
2016.07.01 15:31:13.940,0.76741,0.76752,1.12,1.50
2016.07.01 15:31:14.093,0.76741,0.76749,1.00,1.00
2016.07.01 15:31:15.486,0.76741,0.7675,1.00,1.50
2016.07.01 15:31:16.910,0.76739,0.7675,1.00,1.87
2016.07.01 15:31:17.012,0.76737,0.76748,1.50,1.50
2016.07.01 15:31:17.524,0.76737,0.76746,1.00,1.00
2016.07.01 15:31:20.036,0.76737,0.76747,1.00,1.00
2016.07.01 15:31:21.076,0.76737,0.76746,1.12,1.00
2016.07.01 15:31:21.598,0.76736,0.76746,1.87,1.00
2016.07.01 15:31:22.143,0.76736,0.76747,1.00,1.12
2016.07.01 15:31:22.449,0.76737,0.76745,1.00,1.00
2016.07.01 15:31:23.302,0.76736,0.76745,1.00,1.00
2016.07.01 15:31:23.806,0.76736,0.76742,1.00,1.00
2016.07.01 15:31:23.908,0.76734,0.76742,1.00,1.00
2016.07.01 15:31:25.109,0.76733,0.76742,1.50,1.00
2016.07.01 15:31:25.160,0.76733,0.76744,2.25,1.00
2016.07.01 15:31:25.616,0.76737,0.76746,1.50,1.12
2016.07.01 15:31:25.783,0.76738,0.76749,1.50,1.00
2016.07.01 15:31:26.284,0.76739,0.76749,1.12,1.00
2016.07.01 15:31:27.218,0.76738,0.76746,1.37,1.00
2016.07.01 15:31:27.411,0.76736,0.76745,1.87,1.00
2016.07.01 15:31:27.958,0.76735,0.76745,1.00,1.50
2016.07.01 15:31:28.160,0.76732,0.76743,3.00,1.00
2016.07.01 15:31:28.758,0.76734,0.76743,1.00,1.00
2016.07.01 15:31:29.726,0.76735,0.76743,1.00,1.00
2016.07.01 15:31:29.841,0.76737,0.76747,1.00,3.37
2016.07.01 15:31:30.378,0.76737,0.76747,1.87,1.00
2016.07.01 15:31:30.835,0.76739,0.76749,1.00,1.50
2016.07.01 15:31:31.805,0.76739,0.7675,1.00,1.19
2016.07.01 15:31:32.131,0.76739,0.76748,1.50,1.00
2016.07.01 15:31:32.634,0.76739,0.7675,1.50,1.09
2016.07.01 15:31:34.523,0.76739,0.7675,1.50,1.50
2016.07.01 15:31:35.735,0.76738,0.76749,1.50,1.12
2016.07.01 15:31:36.090,0.76738,0.76747,1.50,1.00
2016.07.01 15:31:36.957,0.76738,0.76746,1.00,1.00
2016.07.01 15:31:37.364,0.76736,0.76747,1.50,1.00
2016.07.01 15:31:37.590,0.76738,0.76748,1.00,1.50
2016.07.01 15:31:38.756,0.76738,0.76746,1.00,1.00
2016.07.01 15:31:39.245,0.76737,0.76746,1.00,1.07
2016.07.01 15:31:39.761,0.76737,0.76746,1.00,1.07
2016.07.01 15:31:39.964,0.76737,0.76746,1.00,1.00
2016.07.01 15:31:42.812,0.76738,0.76748,1.00,1.00
2016.07.01 15:31:42.864,0.76741,0.76748,1.00,1.00
2016.07.01 15:31:43.265,0.76746,0.76751,1.50,1.09
2016.07.01 15:31:43.469,0.76739,0.76745,1.12,1.07
2016.07.01 15:31:43.636,0.76739,0.76745,1.00,1.09
2016.07.01 15:31:44.232,0.76736,0.76746,1.57,1.07
2016.07.01 15:31:45.407,0.76737,0.76746,1.12,1.57
2016.07.01 15:31:46.951,0.76736,0.76744,1.37,1.00
2016.07.01 15:31:48.740,0.76736,0.76746,1.12,1.07
2016.07.01 15:31:50.866,0.76738,0.76746,1.00,2.32
2016.07.01 15:31:51.377,0.76737,0.76746,1.00,1.07
2016.07.01 15:31:51.894,0.76737,0.76746,1.00,1.07
2016.07.01 15:31:52.468,0.76737,0.76743,1.00,1.00
2016.07.01 15:31:52.996,0.76736,0.76743,1.87,1.00
2016.07.01 15:31:53.499,0.76736,0.76744,1.87,1.00
2016.07.01 15:31:53.974,0.76741,0.76746,1.20,1.00
2016.07.01 15:31:54.026,0.76744,0.76748,1.00,1.00
2016.07.01 15:31:54.546,0.76745,0.76749,1.12,1.00
2016.07.01 15:31:54.849,0.76744,0.76755,1.00,3.00
2016.07.01 15:31:55.106,0.76747,0.76755,1.00,1.00
2016.07.01 15:31:56.114,0.76747,0.76756,1.00,1.50
2016.07.01 15:31:57.865,0.76747,0.76757,1.00,1.00
2016.07.01 15:31:58.167,0.76747,0.76755,1.12,1.00
2016.07.01 15:31:58.556,0.76749,0.76757,1.00,1.00
2016.07.01 15:31:59.061,0.7675,0.76758,1.00,1.00
2016.07.01 15:32:01.256,0.7675,0.76759,1.00,1.00
2016.07.01 15:32:01.560,0.76755,0.76764,1.00,1.12
2016.07.01 15:32:01.965,0.7676,0.76766,1.00,1.37
2016.07.01 15:32:02.226,0.76761,0.7677,1.00,1.37
2016.07.01 15:32:02.277,0.76762,0.7677,1.00,1.12
2016.07.01 15:32:02.328,0.76762,0.76768,1.00,1.00
2016.07.01 15:32:02.430,0.76762,0.7677,1.00,1.50
2016.07.01 15:32:04.310,0.76762,0.76771,1.00,1.87
2016.07.01 15:32:04.867,0.76762,0.76771,1.00,2.25
2016.07.01 15:32:04.918,0.76759,0.76765,1.50,1.00
2016.07.01 15:32:05.424,0.7676,0.76764,1.00,1.00
2016.07.01 15:32:05.779,0.76758,0.76764,1.87,1.00
2016.07.01 15:32:06.712,0.76757,0.76764,1.50,1.00
2016.07.01 15:32:07.339,0.76757,0.76763,1.50,1.00
2016.07.01 15:32:07.744,0.76758,0.76765,1.00,1.00
2016.07.01 15:32:08.048,0.76757,0.76763,1.50,1.00
2016.07.01 15:32:08.302,0.76755,0.76763,1.00,1.00
2016.07.01 15:32:08.353,0.76755,0.76765,1.00,1.00
2016.07.01 15:32:08.565,0.76755,0.76763,1.00,1.00
2016.07.01 15:32:09.072,0.76757,0.76766,1.00,1.37
2016.07.01 15:32:09.581,0.76757,0.76765,1.00,1.07
2016.07.01 15:32:11.038,0.76755,0.76765,1.00,1.50
2016.07.01 15:32:11.432,0.7676,0.76768,1.00,1.50
2016.07.01 15:32:11.736,0.7676,0.76765,1.00,1.00
2016.07.01 15:32:12.284,0.76759,0.76765,1.00,1.00
2016.07.01 15:32:12.823,0.76759,0.76766,1.00,1.00
2016.07.01 15:32:13.027,0.76761,0.7677,1.00,1.50
2016.07.01 15:32:13.546,0.76762,0.76771,1.00,1.50
2016.07.01 15:32:14.962,0.76762,0.7677,1.00,1.50
2016.07.01 15:32:15.013,0.76764,0.7677,1.00,1.00
2016.07.01 15:32:15.216,0.76766,0.76776,2.25,1.50
2016.07.01 15:32:15.572,0.76764,0.76775,2.62,1.37
2016.07.01 15:32:15.624,0.76763,0.76773,1.00,1.12
2016.07.01 15:32:16.207,0.76763,0.76773,1.00,1.87
2016.07.01 15:32:16.309,0.76761,0.76773,1.00,1.50
2016.07.01 15:32:16.866,0.76761,0.76771,1.00,1.00
2016.07.01 15:32:18.995,0.76761,0.7677,1.00,1.12
2016.07.01 15:32:19.148,0.76759,0.7677,1.50,1.12
2016.07.01 15:32:20.002,0.76762,0.76771,1.00,1.50
2016.07.01 15:32:20.104,0.76763,0.76772,1.00,1.20
2016.07.01 15:32:20.664,0.76762,0.76772,1.00,1.87
2016.07.01 15:32:22.573,0.7676,0.76772,1.12,1.87
2016.07.01 15:32:22.725,0.76759,0.7677,1.50,1.50
2016.07.01 15:32:23.029,0.76757,0.76768,1.00,2.25
2016.07.01 15:32:23.535,0.76756,0.76767,1.00,1.00
2016.07.01 15:32:24.109,0.76759,0.76768,1.50,1.00
2016.07.01 15:32:24.413,0.76762,0.76771,1.00,1.50
2016.07.01 15:32:24.867,0.76764,0.76773,1.00,1.09
2016.07.01 15:32:25.171,0.7676,0.7677,1.00,1.50
2016.07.01 15:32:25.738,0.76758,0.76762,1.00,1.00
2016.07.01 15:32:25.789,0.76758,0.76764,1.00,1.00
2016.07.01 15:32:25.840,0.76754,0.76758,1.42,1.00
2016.07.01 15:32:26.043,0.76748,0.76758,3.00,1.50
2016.07.01 15:32:26.551,0.76748,0.76758,1.75,1.00
2016.07.01 15:32:26.653,0.76747,0.76756,1.87,1.00
2016.07.01 15:32:26.856,0.76744,0.76754,1.37,1.00
2016.07.01 15:32:27.540,0.76748,0.76757,1.00,2.62
2016.07.01 15:32:27.744,0.76751,0.76763,1.00,2.32
2016.07.01 15:32:27.846,0.76752,0.76764,1.00,1.19
2016.07.01 15:32:28.391,0.76753,0.76765,1.12,1.27
2016.07.01 15:32:29.579,0.76753,0.76765,1.12,2.02
2016.07.01 15:32:30.099,0.76753,0.76764,1.12,1.00
2016.07.01 15:32:33.574,0.76753,0.76764,1.12,2.32
2016.07.01 15:32:33.929,0.76751,0.76762,1.12,1.00
2016.07.01 15:32:34.444,0.7675,0.76761,1.50,1.00
2016.07.01 15:32:34.852,0.76752,0.76761,1.00,1.57
2016.07.01 15:32:34.954,0.7675,0.76761,1.50,1.00
2016.07.01 15:32:35.556,0.7675,0.7676,1.00,1.00
2016.07.01 15:32:35.630,0.76752,0.76761,1.00,1.50
2016.07.01 15:32:38.518,0.76752,0.76763,1.00,1.87
2016.07.01 15:32:39.255,0.76752,0.76761,1.00,1.00
2016.07.01 15:32:40.286,0.76753,0.76763,1.00,1.00
2016.07.01 15:32:40.816,0.76754,0.76763,1.00,1.00
2016.07.01 15:32:41.741,0.76755,0.76763,1.00,1.00
2016.07.01 15:32:42.262,0.76755,0.76764,1.50,1.50
2016.07.01 15:32:43.380,0.76755,0.76766,1.00,1.50
2016.07.01 15:32:43.431,0.76759,0.76768,1.00,2.62
2016.07.01 15:32:43.482,0.7676,0.7677,1.50,3.75
2016.07.01 15:32:43.686,0.76758,0.7677,1.00,1.50
2016.07.01 15:32:44.093,0.76757,0.76767,1.00,1.50
2016.07.01 15:32:44.245,0.76754,0.76766,1.50,2.47
2016.07.01 15:32:44.499,0.76755,0.76767,1.00,1.87
2016.07.01 15:32:44.768,0.76753,0.76764,1.87,1.00
2016.07.01 15:32:46.820,0.76755,0.76765,1.00,3.60
2016.07.01 15:32:46.972,0.76755,0.76766,1.00,1.10
2016.07.01 15:32:47.512,0.76756,0.76767,1.50,1.87
2016.07.01 15:32:47.614,0.76755,0.76765,1.50,1.12
2016.07.01 15:32:47.918,0.76757,0.76767,1.00,1.50
2016.07.01 15:32:48.171,0.76755,0.76766,1.00,1.50
2016.07.01 15:32:48.412,0.76754,0.76764,1.87,1.00
2016.07.01 15:32:48.818,0.76752,0.76764,1.50,1.87
2016.07.01 15:32:49.367,0.76753,0.76762,1.00,1.00
2016.07.01 15:32:50.880,0.76755,0.76763,1.00,1.12
2016.07.01 15:32:51.419,0.76755,0.76764,1.00,1.12
2016.07.01 15:32:51.622,0.76753,0.76764,2.25,1.00
2016.07.01 15:32:52.137,0.76754,0.76764,1.00,1.00
2016.07.01 15:32:52.647,0.76755,0.76764,1.00,1.50
2016.07.01 15:32:53.153,0.76754,0.76765,1.00,1.12
2016.07.01 15:32:53.831,0.76755,0.76765,1.00,1.12
2016.07.01 15:32:55.520,0.76756,0.76765,1.00,1.50
2016.07.01 15:32:56.046,0.76755,0.76765,2.25,1.12
2016.07.01 15:32:56.503,0.76757,0.76766,1.00,1.00
2016.07.01 15:32:57.570,0.76761,0.76766,1.00,1.00
2016.07.01 15:32:57.621,0.76763,0.76771,1.50,1.87
2016.07.01 15:32:57.672,0.76765,0.76772,1.12,1.75
2016.07.01 15:32:57.875,0.76771,0.76781,1.00,1.85
2016.07.01 15:32:57.926,0.76772,0.76781,1.00,1.57
2016.07.01 15:32:58.438,0.76773,0.76784,1.00,1.50
2016.07.01 15:32:58.960,0.76774,0.76783,1.00,1.37
2016.07.01 15:32:59.529,0.76773,0.76782,1.00,1.00
2016.07.01 15:33:00.067,0.76771,0.76781,1.00,1.00
2016.07.01 15:33:00.219,0.7677,0.76779,2.25,1.00
2016.07.01 15:33:00.422,0.76771,0.76782,1.50,1.12
2016.07.01 15:33:02.078,0.7677,0.76779,1.87,1.00
2016.07.01 15:33:02.383,0.76769,0.76777,1.00,1.00
2016.07.01 15:33:02.938,0.76768,0.76777,1.50,1.00
2016.07.01 15:33:03.332,0.7677,0.76781,1.87,2.25
2016.07.01 15:33:03.853,0.7677,0.7678,1.87,1.00
2016.07.01 15:33:04.108,0.7677,0.76777,1.12,1.00
2016.07.01 15:33:04.311,0.76769,0.76779,1.00,1.00
2016.07.01 15:33:04.824,0.76771,0.7678,1.00,1.00
2016.07.01 15:33:05.086,0.76775,0.76786,1.50,1.00
2016.07.01 15:33:05.137,0.76774,0.7678,1.00,1.00
2016.07.01 15:33:05.238,0.76773,0.76783,1.50,1.00
2016.07.01 15:33:05.810,0.76773,0.76784,1.12,1.50
2016.07.01 15:33:06.614,0.76773,0.76783,1.00,1.00
2016.07.01 15:33:07.666,0.76772,0.76783,1.87,1.00
2016.07.01 15:33:08.444,0.76772,0.76782,1.12,1.00
2016.07.01 15:33:09.041,0.76773,0.76782,1.00,1.00
2016.07.01 15:33:09.447,0.76775,0.76784,1.00,2.25
2016.07.01 15:33:10.847,0.76775,0.76783,1.00,1.00
2016.07.01 15:33:11.366,0.76775,0.76784,1.50,1.00
2016.07.01 15:33:11.884,0.76775,0.76784,1.00,1.00
2016.07.01 15:33:13.749,0.76776,0.76784,1.00,1.00
2016.07.01 15:33:13.851,0.76777,0.76788,1.00,1.37
2016.07.01 15:33:13.902,0.76779,0.76789,1.00,2.62
2016.07.01 15:33:14.422,0.7678,0.76788,1.00,1.00
2016.07.01 15:33:15.839,0.7678,0.76787,1.00,1.00
2016.07.01 15:33:15.991,0.76777,0.76786,1.50,1.00
2016.07.01 15:33:16.042,0.76777,0.76788,1.50,1.00
2016.07.01 15:33:16.093,0.76781,0.76788,1.00,1.00
2016.07.01 15:33:16.296,0.76786,0.76795,1.00,1.87
2016.07.01 15:33:17.819,0.76784,0.76795,1.94,1.00
2016.07.01 15:33:18.443,0.76785,0.76795,1.07,1.00
2016.07.01 15:33:18.945,0.76784,0.76794,1.07,1.00
2016.07.01 15:33:19.046,0.76783,0.76794,1.87,1.00
2016.07.01 15:33:19.149,0.76782,0.76791,1.56,1.00
2016.07.01 15:33:19.471,0.76781,0.76789,1.19,1.00
2016.07.01 15:33:19.776,0.76778,0.76788,1.37,1.00
2016.07.01 15:33:19.929,0.76776,0.76788,1.19,1.87
2016.07.01 15:33:20.081,0.76779,0.76788,1.00,1.50
2016.07.01 15:33:20.600,0.7678,0.76788,1.00,1.00
2016.07.01 15:33:21.417,0.7678,0.76789,1.00,1.50
2016.07.01 15:33:21.468,0.76778,0.76788,1.87,1.00
2016.07.01 15:33:21.570,0.76776,0.76784,1.44,1.00
2016.07.01 15:33:21.824,0.76778,0.76789,1.09,2.25
2016.07.01 15:33:22.518,0.76779,0.76789,1.00,1.00
2016.07.01 15:33:23.046,0.76779,0.7679,1.07,1.50
2016.07.01 15:33:23.696,0.76779,0.76789,1.07,1.00
2016.07.01 15:33:24.208,0.76781,0.7679,1.00,1.00
2016.07.01 15:33:24.714,0.76783,0.76791,1.00,1.00
2016.07.01 15:33:24.765,0.76783,0.76793,1.00,1.12
2016.07.01 15:33:25.022,0.76781,0.7679,1.94,1.00
2016.07.01 15:33:25.529,0.76779,0.76789,1.00,1.50
2016.07.01 15:33:26.084,0.76779,0.76788,1.00,1.00
2016.07.01 15:33:26.591,0.7678,0.76789,1.00,1.00
2016.07.01 15:33:27.119,0.76781,0.7679,1.00,1.00
2016.07.01 15:33:27.626,0.76782,0.7679,1.00,1.00
2016.07.01 15:33:27.828,0.76785,0.7679,1.00,1.00
2016.07.01 15:33:27.879,0.76785,0.76792,1.00,1.00
2016.07.01 15:33:28.390,0.76785,0.76794,1.00,1.00
2016.07.01 15:33:29.864,0.76787,0.76794,1.00,1.00
2016.07.01 15:33:30.689,0.76787,0.76792,1.00,1.00
2016.07.01 15:33:30.905,0.76785,0.76792,1.00,1.00
2016.07.01 15:33:31.435,0.76785,0.76793,1.00,1.00
2016.07.01 15:33:31.878,0.76786,0.76795,1.00,1.00
2016.07.01 15:33:32.082,0.76784,0.76794,1.00,1.12
2016.07.01 15:33:32.184,0.76784,0.76792,1.00,1.00
2016.07.01 15:33:32.769,0.76783,0.76791,1.00,1.00
2016.07.01 15:33:33.024,0.7678,0.76789,1.00,1.00
2016.07.01 15:33:33.075,0.7678,0.76787,1.00,1.00
2016.07.01 15:33:33.481,0.7678,0.76789,1.00,1.50
2016.07.01 15:33:33.826,0.76784,0.76791,1.00,1.10
2016.07.01 15:33:33.928,0.76784,0.76794,1.00,1.27
2016.07.01 15:33:34.527,0.76784,0.76794,1.00,2.32
2016.07.01 15:33:35.139,0.76784,0.76792,1.00,1.00
2016.07.01 15:33:36.275,0.76783,0.76792,1.00,1.00
2016.07.01 15:33:36.824,0.76783,0.76791,1.00,1.00
2016.07.01 15:33:37.331,0.76783,0.76792,1.00,1.10
2016.07.01 15:33:37.935,0.76782,0.76792,1.00,1.00
2016.07.01 15:33:38.290,0.76782,0.76793,1.50,1.00
2016.07.01 15:33:38.803,0.76784,0.76794,1.12,1.50
2016.07.01 15:33:39.418,0.76784,0.76794,1.50,1.50
2016.07.01 15:33:39.685,0.76781,0.76792,1.00,1.87
2016.07.01 15:33:39.737,0.7678,0.76792,1.87,2.25
2016.07.01 15:33:39.940,0.7678,0.76792,1.50,1.50
2016.07.01 15:33:40.166,0.7678,0.7679,1.00,1.00
2016.07.01 15:33:40.319,0.76777,0.76789,1.87,1.87
2016.07.01 15:33:40.825,0.76776,0.76788,2.32,1.12
2016.07.01 15:33:41.411,0.76776,0.76788,3.07,1.12
2016.07.01 15:33:41.956,0.76777,0.76788,1.12,1.50
2016.07.01 15:33:42.542,0.76776,0.76786,3.00,1.00
2016.07.01 15:33:43.124,0.76777,0.76788,1.12,1.87
2016.07.01 15:33:43.340,0.76776,0.76786,3.00,1.00
2016.07.01 15:33:43.682,0.76777,0.76788,1.12,1.50
2016.07.01 15:33:43.834,0.76776,0.76786,3.00,1.00
2016.07.01 15:33:44.377,0.76776,0.76785,1.50,1.00
2016.07.01 15:33:44.632,0.76772,0.76782,2.25,1.00
2016.07.01 15:33:45.170,0.76772,0.76782,1.50,1.00
2016.07.01 15:33:45.743,0.76772,0.76783,1.50,1.00
2016.07.01 15:33:46.273,0.76772,0.76784,2.25,1.50
2016.07.01 15:33:47.407,0.76773,0.76784,1.50,1.50
2016.07.01 15:33:47.939,0.76774,0.76783,1.12,1.00
2016.07.01 15:33:50.495,0.76774,0.76783,1.50,1.00
2016.07.01 15:33:50.547,0.76776,0.76785,1.00,1.00
2016.07.01 15:33:51.048,0.76774,0.76784,1.50,1.50
2016.07.01 15:33:51.251,0.76774,0.76783,1.12,1.50
2016.07.01 15:33:51.504,0.76772,0.76781,1.50,1.00
2016.07.01 15:33:51.713,0.76769,0.76779,1.12,1.00
2016.07.01 15:33:52.254,0.76769,0.76779,1.37,1.00
2016.07.01 15:33:52.458,0.76768,0.76778,1.87,1.00
2016.07.01 15:33:52.829,0.76769,0.76779,1.87,1.00
2016.07.01 15:33:53.340,0.76768,0.76778,1.50,1.00
2016.07.01 15:33:54.031,0.76768,0.76779,2.25,1.00
2016.07.01 15:33:54.372,0.76768,0.76777,1.12,1.00
2016.07.01 15:33:54.676,0.76768,0.76775,1.00,1.00
2016.07.01 15:33:55.190,0.76765,0.76776,2.25,1.00
2016.07.01 15:33:55.942,0.76765,0.76776,2.25,1.50
2016.07.01 15:33:57.094,0.76765,0.76775,1.50,1.00
2016.07.01 15:33:57.667,0.76764,0.76774,1.75,1.00
2016.07.01 15:33:58.003,0.76764,0.76772,1.75,1.00
2016.07.01 15:33:58.207,0.76763,0.76774,1.50,1.50
2016.07.01 15:33:58.720,0.76763,0.76773,1.50,1.00
2016.07.01 15:33:59.222,0.76763,0.76772,2.25,1.00
2016.07.01 15:33:59.576,0.76762,0.76773,1.57,1.50
2016.07.01 15:33:59.830,0.76763,0.76771,1.50,1.00
2016.07.01 15:33:59.881,0.76763,0.76773,1.50,1.12
2016.07.01 15:34:00.010,0.76763,0.76771,1.50,1.00
2016.07.01 15:34:00.262,0.76763,0.76773,1.50,1.00
2016.07.01 15:34:01.184,0.76763,0.76771,1.57,1.00
2016.07.01 15:34:01.451,0.76759,0.76769,1.12,1.50
2016.07.01 15:34:01.502,0.76757,0.76767,1.75,1.00
2016.07.01 15:34:01.806,0.76757,0.76765,1.50,1.00
2016.07.01 15:34:02.009,0.76754,0.76765,1.50,1.00
2016.07.01 15:34:02.738,0.76754,0.76766,1.50,1.12
2016.07.01 15:34:03.353,0.76755,0.76767,1.12,1.50
2016.07.01 15:34:03.866,0.76753,0.76764,1.20,1.00
2016.07.01 15:34:04.171,0.76755,0.76766,1.12,2.25
2016.07.01 15:34:06.963,0.76755,0.76764,1.12,1.00
2016.07.01 15:34:07.469,0.76756,0.76765,1.00,1.00
2016.07.01 15:34:07.982,0.76755,0.76766,1.12,1.00
2016.07.01 15:34:09.656,0.76759,0.76766,1.00,1.00
2016.07.01 15:34:09.707,0.7676,0.76768,1.00,1.00
2016.07.01 15:34:10.062,0.76761,0.76769,1.50,1.00
2016.07.01 15:34:10.164,0.76761,0.76771,1.50,1.50
2016.07.01 15:34:10.976,0.76761,0.7677,1.50,1.00
2016.07.01 15:34:11.027,0.76759,0.76767,1.75,1.00
2016.07.01 15:34:11.281,0.76754,0.76765,1.00,2.62
2016.07.01 15:34:11.333,0.76756,0.76765,1.00,1.87
2016.07.01 15:34:11.808,0.76755,0.76767,1.12,1.72
2016.07.01 15:34:12.081,0.76755,0.76767,1.75,1.00
2016.07.01 15:34:12.608,0.76755,0.76764,1.75,1.00
2016.07.01 15:34:12.965,0.76757,0.76766,1.00,1.50
2016.07.01 15:34:13.394,0.76757,0.76766,1.50,1.00
2016.07.01 15:34:13.446,0.76758,0.7677,2.25,2.62
2016.07.01 15:34:13.954,0.7676,0.76769,1.87,1.00
2016.07.01 15:34:14.210,0.76758,0.76767,1.75,1.00
2016.07.01 15:34:14.312,0.76759,0.7677,1.12,1.00
2016.07.01 15:34:14.819,0.76759,0.76771,1.12,1.00
2016.07.01 15:34:15.321,0.7676,0.76769,1.00,1.00
2016.07.01 15:34:15.795,0.76761,0.76771,1.00,1.00
2016.07.01 15:34:16.327,0.76762,0.76772,1.50,1.00
2016.07.01 15:34:16.479,0.76762,0.76774,1.50,2.25
2016.07.01 15:34:16.531,0.76762,0.76774,1.87,2.25
2016.07.01 15:34:17.152,0.76763,0.76773,1.12,1.00
2016.07.01 15:34:18.397,0.76763,0.76772,1.87,1.00
2016.07.01 15:34:18.881,0.76764,0.76774,1.00,1.00
2016.07.01 15:34:19.982,0.76765,0.76774,1.00,1.00
2016.07.01 15:34:20.533,0.76765,0.76775,1.37,1.00
2016.07.01 15:34:21.244,0.76765,0.76775,1.87,1.00
2016.07.01 15:34:21.837,0.76766,0.76775,1.12,1.00
2016.07.01 15:34:21.990,0.76766,0.76773,1.00,1.00
2016.07.01 15:34:22.041,0.76762,0.76773,2.25,1.00
2016.07.01 15:34:22.092,0.76762,0.76769,1.50,1.00
2016.07.01 15:34:22.194,0.76761,0.76771,1.09,1.00
2016.07.01 15:34:22.740,0.76762,0.76771,1.00,1.00
2016.07.01 15:34:23.251,0.76763,0.76771,1.00,1.00
2016.07.01 15:34:23.403,0.76763,0.76769,1.00,1.00
2016.07.01 15:34:23.606,0.7676,0.76769,1.50,1.00
2016.07.01 15:34:24.049,0.76759,0.76769,1.00,1.07
2016.07.01 15:34:24.305,0.76761,0.7677,1.00,1.09
2016.07.01 15:34:27.897,0.76759,0.7677,1.50,1.19
2016.07.01 15:34:27.948,0.76759,0.76768,1.12,1.09
2016.07.01 15:34:28.576,0.76761,0.76768,1.00,1.09
2016.07.01 15:34:29.041,0.76762,0.76771,1.00,1.00
2016.07.01 15:34:29.550,0.76763,0.76772,1.00,1.00
2016.07.01 15:34:29.833,0.76765,0.76772,1.00,1.00
2016.07.01 15:34:30.036,0.76765,0.76775,1.00,1.00
2016.07.01 15:34:30.137,0.76765,0.76773,1.00,1.00
2016.07.01 15:34:30.793,0.76764,0.76773,1.12,1.00
2016.07.01 15:34:31.321,0.76763,0.76772,1.12,1.00
2016.07.01 15:34:32.321,0.76763,0.76773,1.12,1.00
2016.07.01 15:34:32.786,0.76765,0.76773,1.00,1.00
2016.07.01 15:34:32.837,0.76765,0.76775,1.12,1.12
2016.07.01 15:34:34.398,0.76766,0.76775,1.00,1.00
2016.07.01 15:34:34.550,0.76768,0.76777,1.00,1.00
2016.07.01 15:34:35.431,0.76768,0.76776,1.12,1.00
2016.07.01 15:34:36.687,0.76767,0.76776,1.12,1.50
2016.07.01 15:34:36.992,0.76764,0.76774,1.47,1.00
2016.07.01 15:34:38.360,0.76763,0.76774,2.25,1.50
2016.07.01 15:34:38.462,0.76763,0.7677,1.00,1.00
2016.07.01 15:34:38.796,0.76759,0.76767,2.32,1.12
2016.07.01 15:34:38.847,0.76757,0.76766,1.12,1.00
2016.07.01 15:34:39.044,0.76756,0.76765,1.00,1.00
2016.07.01 15:34:39.450,0.76756,0.76763,1.00,1.00
2016.07.01 15:34:40.114,0.76755,0.76763,1.12,1.00
2016.07.01 15:34:40.696,0.76754,0.76763,2.25,1.50
2016.07.01 15:34:41.102,0.76754,0.76763,2.25,1.50
2016.07.01 15:34:43.922,0.76752,0.76762,3.00,1.00
2016.07.01 15:34:43.973,0.76752,0.76762,1.75,1.50
2016.07.01 15:34:44.518,0.76753,0.76762,1.00,2.25
2016.07.01 15:34:45.594,0.76751,0.76762,3.00,2.25
2016.07.01 15:34:46.751,0.76753,0.76761,1.50,1.00
2016.07.01 15:34:47.397,0.76753,0.76761,1.50,1.00
2016.07.01 15:34:47.757,0.76753,0.76763,1.87,1.50
2016.07.01 15:34:48.270,0.76754,0.76763,1.75,1.00
2016.07.01 15:34:48.372,0.7676,0.76768,1.00,1.00
2016.07.01 15:34:48.525,0.7676,0.76768,1.87,1.00
2016.07.01 15:34:48.830,0.76757,0.76765,1.75,1.00
2016.07.01 15:34:49.043,0.76755,0.76763,1.00,1.00
2016.07.01 15:34:49.398,0.76756,0.76766,1.87,1.00
2016.07.01 15:34:51.967,0.76757,0.76765,1.50,1.50
2016.07.01 15:34:52.424,0.76759,0.76765,1.00,1.50
2016.07.01 15:34:52.880,0.76759,0.76767,1.37,1.00
2016.07.01 15:34:53.257,0.76762,0.7677,1.00,1.50
2016.07.01 15:34:53.308,0.76764,0.76771,1.00,1.00
2016.07.01 15:34:53.359,0.76765,0.76773,1.00,1.00
2016.07.01 15:34:53.868,0.76765,0.76773,1.50,1.00
2016.07.01 15:34:54.693,0.76765,0.76771,1.50,1.00
2016.07.01 15:34:55.272,0.76765,0.76772,1.50,1.00
2016.07.01 15:34:55.837,0.76765,0.76772,1.50,1.00
2016.07.01 15:34:56.401,0.76765,0.76773,1.12,1.00
2016.07.01 15:34:56.706,0.76767,0.76774,1.00,1.50
2016.07.01 15:34:57.894,0.76767,0.76773,1.00,1.00
2016.07.01 15:34:58.399,0.76766,0.76773,1.00,1.00
2016.07.01 15:34:59.305,0.76766,0.76774,1.00,1.50
2016.07.01 15:35:00.893,0.76766,0.76773,1.50,1.00
2016.07.01 15:35:01.296,0.76764,0.7677,1.75,1.00
2016.07.01 15:35:01.448,0.76763,0.76771,1.00,1.00
2016.07.01 15:35:02.183,0.76762,0.76772,1.50,1.50
2016.07.01 15:35:02.722,0.76762,0.76771,1.50,1.00
2016.07.01 15:35:03.087,0.76763,0.76769,1.12,1.00
2016.07.01 15:35:03.697,0.76764,0.7677,1.00,1.00
2016.07.01 15:35:03.901,0.76767,0.76776,1.50,1.95
2016.07.01 15:35:03.952,0.76769,0.76776,1.00,1.57
2016.07.01 15:35:04.104,0.76769,0.76779,1.12,1.50
2016.07.01 15:35:04.652,0.7677,0.76779,1.12,2.25
2016.07.01 15:35:04.703,0.7677,0.76777,1.12,1.00
2016.07.01 15:35:05.209,0.76769,0.76779,1.50,1.50
2016.07.01 15:35:07.467,0.76769,0.76779,2.25,1.00
2016.07.01 15:35:10.169,0.76772,0.76779,1.00,1.00
2016.07.01 15:35:10.624,0.76777,0.76781,1.00,1.00
2016.07.01 15:35:10.685,0.76777,0.76784,1.00,1.50
2016.07.01 15:35:10.892,0.7678,0.76784,1.00,1.00
2016.07.01 15:35:11.198,0.7678,0.76789,1.00,1.00
2016.07.01 15:35:12.323,0.7678,0.76789,1.37,1.00
2016.07.01 15:35:12.829,0.7678,0.7679,1.37,1.50
2016.07.01 15:35:13.355,0.76782,0.76789,1.12,1.00
2016.07.01 15:35:13.895,0.76782,0.7679,1.12,1.00
2016.07.01 15:35:15.842,0.76779,0.76787,1.12,1.00
2016.07.01 15:35:15.943,0.76777,0.76786,1.20,1.50
2016.07.01 15:35:17.548,0.76779,0.76787,1.00,1.00
2016.07.01 15:35:17.650,0.76779,0.76789,1.50,1.00
2016.07.01 15:35:17.751,0.76779,0.76789,2.25,1.00
2016.07.01 15:35:17.954,0.76779,0.76789,1.87,1.00
2016.07.01 15:35:18.466,0.76779,0.76788,1.12,1.00
2016.07.01 15:35:19.201,0.76779,0.7679,1.12,1.50
2016.07.01 15:35:19.507,0.7678,0.7679,1.37,1.00
2016.07.01 15:35:20.433,0.76781,0.76791,1.12,2.25
2016.07.01 15:35:21.647,0.76781,0.7679,1.12,1.00
2016.07.01 15:35:22.228,0.7678,0.7679,1.12,1.00
2016.07.01 15:35:23.057,0.7678,0.7679,1.50,1.00
2016.07.01 15:35:23.903,0.7678,0.7679,1.12,1.00
2016.07.01 15:35:24.529,0.7678,0.76789,1.12,1.00
2016.07.01 15:35:25.220,0.76779,0.76788,1.37,1.00
2016.07.01 15:35:25.272,0.76777,0.76786,1.85,1.00
2016.07.01 15:35:25.576,0.76773,0.76782,1.00,1.00
2016.07.01 15:35:25.628,0.76771,0.76781,1.12,2.25
2016.07.01 15:35:26.142,0.76771,0.76781,1.00,1.87
2016.07.01 15:35:26.607,0.76769,0.76779,1.87,1.00
2016.07.01 15:35:26.876,0.76768,0.76777,1.00,1.00
2016.07.01 15:35:27.129,0.76765,0.76777,2.40,1.50
2016.07.01 15:35:27.711,0.76766,0.76775,1.12,1.00
2016.07.01 15:35:28.037,0.76762,0.76771,1.00,1.00
2016.07.01 15:35:28.781,0.76763,0.76771,1.00,1.00
2016.07.01 15:35:28.883,0.76761,0.76771,1.12,1.00
2016.07.01 15:35:29.355,0.76758,0.7677,1.50,1.00
2016.07.01 15:35:30.294,0.76758,0.76768,2.25,1.00
2016.07.01 15:35:30.827,0.76757,0.76768,1.50,1.00
2016.07.01 15:35:32.172,0.76759,0.76768,1.00,1.50
2016.07.01 15:35:32.693,0.76758,0.76767,1.12,1.00
2016.07.01 15:35:33.581,0.76758,0.76768,1.87,1.00
2016.07.01 15:35:34.095,0.76759,0.76768,1.00,1.00
2016.07.01 15:35:35.658,0.76758,0.76768,1.87,1.12
2016.07.01 15:35:36.025,0.76756,0.76765,1.87,1.00
2016.07.01 15:35:36.458,0.76758,0.76767,1.00,1.50
2016.07.01 15:35:36.765,0.76759,0.76769,1.00,1.50
2016.07.01 15:35:37.252,0.7676,0.76769,3.00,1.00
2016.07.01 15:35:37.657,0.76763,0.7677,1.00,1.00
2016.07.01 15:35:38.124,0.76763,0.76773,1.50,1.50
2016.07.01 15:35:38.276,0.76765,0.76774,1.00,1.00
2016.07.01 15:35:38.804,0.76764,0.76774,2.25,1.00
2016.07.01 15:35:39.107,0.76769,0.76777,1.00,1.00
2016.07.01 15:35:39.159,0.76769,0.76779,1.00,1.00
2016.07.01 15:35:39.261,0.76768,0.76776,1.37,1.00
2016.07.01 15:35:39.413,0.76764,0.76774,1.95,1.00
2016.07.01 15:35:42.358,0.76764,0.76775,1.37,1.50
2016.07.01 15:35:42.510,0.76767,0.76778,1.00,1.12
2016.07.01 15:35:42.561,0.76769,0.76779,1.00,2.70
2016.07.01 15:35:42.866,0.76771,0.76779,1.00,1.00
2016.07.01 15:35:43.070,0.76768,0.76779,1.50,1.50
2016.07.01 15:35:43.121,0.76768,0.76777,1.50,1.00
2016.07.01 15:35:43.426,0.76765,0.76775,1.00,1.00
2016.07.01 15:35:43.950,0.76762,0.76774,1.75,1.00
2016.07.01 15:35:45.399,0.76764,0.76773,1.00,1.00
2016.07.01 15:35:45.653,0.76761,0.76771,2.70,1.00
2016.07.01 15:35:45.705,0.76761,0.76771,2.62,1.00
2016.07.01 15:35:48.487,0.76763,0.76772,1.00,1.00
2016.07.01 15:35:48.994,0.76762,0.76773,1.00,1.50
2016.07.01 15:35:49.501,0.76762,0.76772,1.00,1.00
2016.07.01 15:35:50.282,0.76762,0.76773,1.00,1.87
2016.07.01 15:35:53.206,0.76763,0.76773,1.00,1.00
2016.07.01 15:35:53.552,0.76764,0.76771,1.00,1.00
2016.07.01 15:35:54.109,0.76763,0.76771,1.00,1.00
2016.07.01 15:35:56.397,0.76764,0.76773,1.12,1.00
2016.07.01 15:35:56.500,0.76766,0.76775,1.00,1.00
2016.07.01 15:35:56.906,0.76768,0.76777,1.00,1.00
2016.07.01 15:35:57.421,0.76769,0.76777,1.12,1.00
2016.07.01 15:35:58.376,0.7677,0.76777,1.00,1.00
2016.07.01 15:35:58.731,0.76767,0.76775,1.12,1.00
2016.07.01 15:35:58.956,0.76765,0.76773,1.12,1.00
2016.07.01 15:35:59.479,0.76762,0.76773,1.75,1.00
2016.07.01 15:36:00.010,0.76761,0.76772,1.75,1.00
2016.07.01 15:36:00.550,0.76762,0.76771,1.12,1.00
2016.07.01 15:36:02.068,0.76761,0.7677,1.50,1.00
2016.07.01 15:36:02.400,0.76759,0.76767,1.20,1.00
2016.07.01 15:36:02.451,0.76757,0.76767,2.25,1.00
2016.07.01 15:36:02.553,0.76756,0.76766,1.00,1.00
2016.07.01 15:36:03.060,0.76755,0.76765,2.32,1.00
2016.07.01 15:36:04.029,0.76757,0.76765,1.00,1.00
2016.07.01 15:36:04.610,0.76755,0.76765,1.57,1.00
2016.07.01 15:36:06.016,0.76755,0.76765,1.20,1.00
2016.07.01 15:36:06.620,0.76756,0.76766,1.00,1.00
2016.07.01 15:36:07.241,0.76756,0.76765,1.00,1.00
2016.07.01 15:36:07.343,0.76754,0.76762,2.32,1.00
2016.07.01 15:36:07.789,0.76755,0.76764,1.37,1.00
2016.07.01 15:36:08.673,0.76756,0.76767,1.87,1.87
2016.07.01 15:36:08.724,0.76758,0.76769,1.00,2.25
2016.07.01 15:36:09.078,0.7676,0.76768,1.00,1.00
2016.07.01 15:36:09.388,0.76758,0.76769,1.00,1.00
2016.07.01 15:36:09.642,0.76758,0.76767,1.57,1.00
2016.07.01 15:36:10.257,0.76756,0.76768,1.87,1.00
2016.07.01 15:36:10.927,0.76758,0.76763,1.37,1.00
2016.07.01 15:36:11.080,0.76755,0.76761,1.12,1.00
2016.07.01 15:36:11.447,0.76749,0.76758,1.10,1.00
2016.07.01 15:36:11.955,0.76748,0.76759,2.70,1.00
2016.07.01 15:36:14.204,0.76748,0.76755,2.25,1.00
2016.07.01 15:36:14.306,0.76745,0.76755,1.37,1.00
2016.07.01 15:36:14.357,0.76744,0.76754,1.37,1.00
2016.07.01 15:36:14.408,0.76744,0.76752,1.00,1.00
2016.07.01 15:36:14.763,0.76742,0.76752,2.70,1.00
2016.07.01 15:36:15.016,0.76745,0.76754,1.00,1.00
2016.07.01 15:36:15.573,0.76746,0.76754,1.00,1.00
2016.07.01 15:36:16.953,0.76746,0.76753,1.00,1.00
2016.07.01 15:36:17.156,0.76744,0.76753,1.50,1.00
2016.07.01 15:36:17.258,0.76744,0.76751,1.00,1.00
2016.07.01 15:36:17.412,0.76739,0.76748,1.95,1.00
2016.07.01 15:36:17.616,0.76739,0.76746,1.12,1.00
2016.07.01 15:36:17.791,0.76736,0.76746,1.50,1.00
2016.07.01 15:36:18.331,0.76734,0.76745,2.25,1.00
2016.07.01 15:36:20.838,0.76738,0.76747,1.00,1.00
2016.07.01 15:36:21.164,0.7674,0.76748,1.87,1.00
2016.07.01 15:36:21.721,0.76741,0.76747,1.12,1.00
2016.07.01 15:36:21.924,0.76739,0.76747,1.00,1.00
2016.07.01 15:36:22.279,0.76743,0.7675,1.00,1.00
2016.07.01 15:36:22.583,0.76748,0.76753,1.00,1.00
2016.07.01 15:36:23.352,0.76747,0.76753,1.00,1.00
2016.07.01 15:36:23.758,0.76745,0.7675,1.00,1.00
2016.07.01 15:36:23.809,0.76745,0.76749,1.00,1.12
2016.07.01 15:36:24.019,0.76736,0.76744,1.75,1.00
2016.07.01 15:36:24.121,0.76736,0.76744,1.00,1.00
2016.07.01 15:36:24.628,0.76736,0.76745,1.00,1.00
2016.07.01 15:36:24.730,0.76736,0.76743,1.00,1.00
2016.07.01 15:36:25.260,0.76735,0.76742,1.12,1.00
2016.07.01 15:36:26.505,0.76735,0.76741,1.12,1.00
2016.07.01 15:36:26.810,0.7673,0.76738,1.37,1.00
2016.07.01 15:36:26.861,0.76729,0.76733,1.00,1.00
2016.07.01 15:36:26.912,0.76725,0.76732,2.32,1.00
2016.07.01 15:36:27.116,0.76723,0.76731,1.00,1.00
2016.07.01 15:36:27.631,0.76721,0.76732,1.94,1.00
2016.07.01 15:36:28.196,0.76724,0.76734,1.19,1.00
2016.07.01 15:36:28.495,0.76725,0.76733,2.25,1.00
2016.07.01 15:36:29.001,0.76726,0.76734,1.00,1.00
2016.07.01 15:36:30.104,0.76725,0.76733,1.00,1.00
2016.07.01 15:36:32.159,0.76725,0.76733,1.50,1.00
2016.07.01 15:36:32.717,0.76725,0.76734,1.50,1.00
2016.07.01 15:36:33.748,0.76726,0.76734,1.00,1.00
2016.07.01 15:36:34.801,0.76726,0.76732,1.00,1.00
2016.07.01 15:36:36.816,0.76724,0.76732,1.50,1.00
2016.07.01 15:36:36.917,0.76725,0.76734,1.00,1.00
2016.07.01 15:36:38.065,0.76725,0.76733,1.00,1.00
2016.07.01 15:36:39.641,0.76725,0.76729,1.00,1.00
2016.07.01 15:36:39.976,0.76716,0.7672,1.00,1.00
2016.07.01 15:36:40.585,0.7671,0.7672,2.70,1.00
2016.07.01 15:36:40.738,0.76713,0.76723,1.00,1.00
2016.07.01 15:36:41.125,0.76716,0.76723,1.00,1.00
2016.07.01 15:36:41.379,0.76716,0.76725,1.00,1.00
2016.07.01 15:36:41.885,0.76716,0.76724,1.00,1.00
2016.07.01 15:36:42.409,0.76719,0.76724,1.00,1.00
2016.07.01 15:36:42.815,0.7672,0.76727,1.10,1.00
2016.07.01 15:36:43.018,0.7672,0.76729,1.10,1.00
2016.07.01 15:36:43.411,0.76722,0.76731,1.00,1.00
2016.07.01 15:36:43.923,0.76723,0.7673,1.00,1.00
2016.07.01 15:36:44.519,0.76722,0.76731,1.20,1.00
2016.07.01 15:36:45.026,0.76722,0.76731,1.00,1.00
2016.07.01 15:36:45.687,0.76721,0.7673,1.10,1.00
2016.07.01 15:36:47.349,0.76722,0.7673,1.00,1.00
2016.07.01 15:36:47.501,0.76722,0.76732,1.00,1.00
2016.07.01 15:36:48.007,0.76722,0.76732,1.50,1.00
2016.07.01 15:36:48.595,0.76724,0.76732,1.00,1.00
2016.07.01 15:36:48.646,0.76724,0.76734,1.07,1.00
2016.07.01 15:36:49.254,0.76726,0.76734,1.00,1.00
2016.07.01 15:36:49.875,0.76726,0.76735,1.00,1.00
2016.07.01 15:36:50.466,0.76725,0.76735,1.19,1.00
2016.07.01 15:36:50.985,0.76726,0.76736,1.00,1.00
2016.07.01 15:36:51.341,0.76725,0.76734,1.00,1.00
2016.07.01 15:36:51.870,0.76726,0.76734,1.00,1.00
2016.07.01 15:36:53.725,0.76726,0.76735,1.00,1.00
2016.07.01 15:36:55.442,0.76728,0.76735,1.00,1.00
2016.07.01 15:36:55.672,0.76728,0.76737,1.00,1.00
2016.07.01 15:36:56.274,0.76729,0.76738,1.00,1.12
2016.07.01 15:36:56.813,0.76728,0.76738,1.50,1.00
2016.07.01 15:36:58.740,0.76728,0.76737,1.00,1.00
2016.07.01 15:36:59.044,0.76727,0.76734,1.12,1.00
2016.07.01 15:36:59.394,0.7672,0.76729,1.12,1.00
2016.07.01 15:36:59.700,0.76719,0.76727,1.37,1.00
2016.07.01 15:37:02.015,0.7672,0.76726,1.37,1.00
2016.07.01 15:37:02.627,0.7672,0.76727,1.37,1.00
2016.07.01 15:37:03.321,0.7672,0.76727,1.12,1.00
2016.07.01 15:37:04.034,0.7672,0.76731,1.35,1.50
2016.07.01 15:37:04.086,0.76725,0.76732,1.00,1.75
2016.07.01 15:37:04.188,0.76722,0.76731,1.50,1.00
2016.07.01 15:37:04.258,0.76724,0.76732,1.00,1.00
2016.07.01 15:37:04.411,0.76722,0.76731,1.00,1.00
2016.07.01 15:37:04.462,0.76722,0.76729,1.00,1.00
2016.07.01 15:37:04.829,0.76719,0.76729,1.50,1.00
2016.07.01 15:37:05.392,0.7672,0.76728,1.00,1.00
2016.07.01 15:37:06.095,0.76718,0.76728,1.80,1.00
2016.07.01 15:37:06.222,0.76717,0.76727,1.12,1.00
2016.07.01 15:37:06.374,0.76717,0.76725,1.00,1.00
2016.07.01 15:37:06.809,0.76717,0.76727,1.00,1.00
2016.07.01 15:37:06.879,0.76722,0.7673,1.00,1.50
2016.07.01 15:37:07.032,0.76723,0.76732,1.00,1.00
2016.07.01 15:37:09.610,0.76724,0.76732,1.00,1.00
2016.07.01 15:37:10.118,0.76719,0.76729,1.75,1.00
2016.07.01 15:37:10.169,0.76721,0.76728,1.00,1.00
2016.07.01 15:37:10.271,0.76718,0.76728,1.57,1.00
2016.07.01 15:37:10.711,0.76718,0.76725,1.12,1.00
2016.07.01 15:37:11.248,0.76717,0.76726,1.12,1.00
2016.07.01 15:37:11.761,0.76717,0.76725,1.00,1.00
2016.07.01 15:37:12.289,0.76716,0.76725,1.00,1.00
2016.07.01 15:37:12.799,0.76715,0.76725,3.97,1.00
2016.07.01 15:37:13.103,0.76717,0.76722,1.00,1.00
2016.07.01 15:37:13.205,0.76714,0.76722,1.12,1.00
2016.07.01 15:37:13.477,0.76716,0.76722,1.00,1.00
2016.07.01 15:37:13.878,0.76714,0.76722,1.50,1.00
2016.07.01 15:37:14.581,0.76715,0.76722,1.00,1.00
2016.07.01 15:37:16.400,0.76715,0.76724,1.00,1.00
2016.07.01 15:37:17.298,0.76713,0.76723,1.00,1.00
2016.07.01 15:37:17.399,0.76711,0.76721,3.37,1.00
2016.07.01 15:37:17.703,0.76715,0.76719,1.00,1.50
2016.07.01 15:37:17.754,0.76712,0.76719,1.00,1.50
2016.07.01 15:37:18.245,0.76708,0.76718,1.07,1.00
2016.07.01 15:37:18.805,0.76708,0.76718,1.07,1.00
2016.07.01 15:37:21.960,0.76708,0.76718,1.19,1.00
2016.07.01 15:37:25.123,0.76708,0.76718,1.19,1.00
2016.07.01 15:37:26.271,0.76709,0.76718,1.07,1.00
2016.07.01 15:37:26.875,0.76709,0.76718,1.00,1.00
2016.07.01 15:37:28.182,0.7671,0.76719,1.00,1.00
2016.07.01 15:37:28.233,0.76714,0.76722,1.00,1.47
2016.07.01 15:37:28.437,0.76715,0.76728,3.82,1.75
2016.07.01 15:37:28.598,0.76715,0.76728,3.44,1.75
2016.07.01 15:37:28.649,0.76717,0.76729,1.19,1.00
2016.07.01 15:37:29.174,0.76717,0.7673,2.69,1.00
2016.07.01 15:37:29.552,0.76719,0.76728,1.00,1.00
2016.07.01 15:37:29.603,0.76717,0.76729,1.94,1.50
2016.07.01 15:37:29.930,0.76717,0.76727,1.09,1.00
2016.07.01 15:37:30.528,0.76721,0.76731,1.09,1.75
2016.07.01 15:37:30.579,0.76722,0.76731,1.00,1.00
2016.07.01 15:37:30.681,0.76723,0.76734,1.57,1.00
2016.07.01 15:37:30.834,0.76725,0.76734,1.09,1.00
2016.07.01 15:37:31.161,0.76727,0.76739,1.00,2.70
2016.07.01 15:37:32.189,0.76723,0.76734,1.27,1.00
2016.07.01 15:37:33.939,0.76723,0.76734,1.27,1.00
2016.07.01 15:37:35.392,0.76724,0.76735,1.57,1.00
2016.07.01 15:37:35.918,0.76724,0.76735,2.32,1.00
2016.07.01 15:37:36.870,0.76724,0.76735,1.07,1.00
2016.07.01 15:37:37.037,0.76724,0.76735,1.09,1.00
2016.07.01 15:37:37.404,0.76723,0.76732,1.00,1.00
2016.07.01 15:37:37.708,0.76719,0.7673,1.44,1.00
2016.07.01 15:37:38.047,0.7672,0.7673,1.19,1.00
2016.07.01 15:37:38.199,0.76718,0.7673,2.32,1.87
2016.07.01 15:37:38.750,0.76718,0.76729,1.57,1.50
2016.07.01 15:37:39.304,0.76718,0.76729,1.57,1.12
2016.07.01 15:37:41.928,0.76722,0.76733,1.00,1.87
2016.07.01 15:37:42.030,0.76722,0.76734,1.07,2.25
2016.07.01 15:37:42.642,0.76722,0.76734,1.19,1.12
2016.07.01 15:37:42.961,0.76726,0.76735,1.00,1.87
2016.07.01 15:37:43.012,0.76723,0.76735,1.09,2.62
2016.07.01 15:37:43.518,0.76724,0.76732,1.00,1.50
2016.07.01 15:37:43.620,0.76724,0.76735,1.00,2.62
2016.07.01 15:37:43.721,0.76726,0.76735,1.00,3.00
2016.07.01 15:37:44.269,0.76723,0.76733,1.00,1.37
2016.07.01 15:37:44.922,0.76722,0.76732,1.00,1.50
2016.07.01 15:37:46.934,0.7672,0.7673,1.09,1.00
2016.07.01 15:37:47.350,0.7672,0.76728,1.00,1.50
2016.07.01 15:37:47.429,0.7672,0.76731,1.00,1.87
2016.07.01 15:37:47.633,0.76723,0.76732,1.00,1.85
2016.07.01 15:37:48.044,0.76724,0.76733,1.00,1.00
2016.07.01 15:37:48.146,0.76724,0.76735,1.00,1.87
2016.07.01 15:37:48.248,0.76726,0.76734,1.00,1.00
2016.07.01 15:37:48.772,0.76723,0.76733,1.87,1.00
2016.07.01 15:37:49.127,0.76722,0.76733,1.00,1.12
2016.07.01 15:37:49.667,0.76723,0.76732,1.00,1.00
2016.07.01 15:37:52.556,0.76722,0.76732,1.00,1.50
2016.07.01 15:37:53.101,0.76721,0.76732,1.00,1.50
2016.07.01 15:37:54.862,0.76721,0.76731,1.00,1.00
2016.07.01 15:37:56.810,0.76721,0.76732,1.00,2.25
2016.07.01 15:37:57.445,0.76721,0.76731,1.00,1.00
2016.07.01 15:37:57.496,0.76724,0.76731,1.00,1.00
2016.07.01 15:37:57.547,0.76724,0.76733,1.00,1.00
2016.07.01 15:37:57.750,0.76724,0.76736,1.00,2.62
2016.07.01 15:37:58.291,0.76725,0.76735,1.50,1.00
2016.07.01 15:38:01.523,0.76725,0.76737,1.00,3.37
2016.07.01 15:38:01.675,0.76725,0.76735,1.50,1.00
2016.07.01 15:38:02.296,0.76726,0.76735,1.00,1.00
2016.07.01 15:38:02.359,0.76727,0.76737,1.00,1.00
2016.07.01 15:38:05.178,0.76728,0.76738,1.00,1.00
2016.07.01 15:38:06.333,0.76728,0.7674,1.12,1.50
2016.07.01 15:38:07.001,0.76729,0.76739,1.00,1.50
2016.07.01 15:38:08.255,0.76728,0.76738,1.87,1.00
2016.07.01 15:38:09.380,0.76726,0.76738,1.12,2.25
2016.07.01 15:38:09.928,0.76727,0.76738,1.12,2.25
2016.07.01 15:38:10.782,0.76726,0.76736,1.50,1.00
2016.07.01 15:38:11.110,0.76725,0.76734,1.00,1.00
2016.07.01 15:38:11.415,0.76723,0.7673,1.00,1.00
2016.07.01 15:38:11.922,0.76723,0.76731,1.00,1.50
2016.07.01 15:38:12.486,0.7672,0.76731,1.50,1.50
2016.07.01 15:38:13.094,0.7672,0.7673,1.00,1.50
2016.07.01 15:38:13.196,0.76718,0.76728,1.00,1.00
2016.07.01 15:38:13.514,0.76716,0.76726,1.00,1.50
2016.07.01 15:38:13.616,0.76714,0.76726,2.62,1.50
2016.07.01 15:38:14.123,0.76715,0.76725,1.00,1.87
2016.07.01 15:38:14.629,0.76715,0.76724,1.00,1.12
2016.07.01 15:38:17.567,0.76717,0.76724,1.00,1.00
2016.07.01 15:38:17.669,0.76719,0.76731,1.50,2.25
2016.07.01 15:38:17.771,0.76721,0.76731,1.12,1.50
2016.07.01 15:38:18.582,0.76721,0.7673,1.87,1.00
2016.07.01 15:38:20.216,0.7672,0.76731,1.37,1.12
2016.07.01 15:38:20.744,0.76721,0.7673,1.00,1.00
2016.07.01 15:38:21.170,0.76719,0.76731,1.50,1.12
2016.07.01 15:38:21.915,0.7672,0.76731,1.00,1.00
2016.07.01 15:38:22.454,0.76721,0.7673,1.00,1.00
2016.07.01 15:38:24.000,0.76721,0.76731,1.50,1.00
2016.07.01 15:38:24.541,0.76721,0.7673,1.50,1.00
2016.07.01 15:38:25.061,0.76721,0.76731,1.50,1.00
2016.07.01 15:38:27.350,0.76719,0.7673,1.37,1.00
2016.07.01 15:38:27.503,0.76718,0.76728,2.25,1.00
2016.07.01 15:38:29.972,0.76719,0.76728,1.00,1.00
2016.07.01 15:38:31.113,0.76718,0.76728,1.00,1.00
2016.07.01 15:38:31.734,0.76718,0.76727,1.00,1.00
2016.07.01 15:38:34.157,0.76717,0.76728,1.00,1.87
2016.07.01 15:38:34.510,0.76713,0.76723,1.00,1.50
2016.07.01 15:38:34.859,0.76715,0.76724,1.00,1.00
2016.07.01 15:38:36.348,0.76715,0.76727,1.50,1.87
2016.07.01 15:38:36.854,0.76716,0.76728,1.50,1.87
2016.07.01 15:38:37.057,0.76715,0.76724,1.50,1.00
2016.07.01 15:38:37.159,0.76715,0.76726,1.50,1.50
2016.07.01 15:38:38.199,0.76714,0.76726,1.50,2.62
2016.07.01 15:38:38.249,0.76714,0.76725,1.00,1.37
2016.07.01 15:38:38.654,0.76716,0.76725,1.00,1.00
2016.07.01 15:38:49.193,0.76714,0.76725,1.00,1.00
2016.07.01 15:38:49.253,0.76712,0.76721,1.12,1.00
2016.07.01 15:38:49.785,0.76711,0.7672,1.00,1.00
2016.07.01 15:38:50.002,0.76709,0.7672,1.00,1.00
2016.07.01 15:38:50.851,0.7671,0.7672,1.50,1.00
2016.07.01 15:38:50.953,0.7671,0.76722,1.00,1.00
2016.07.01 15:38:51.257,0.76712,0.76721,1.00,1.00
2016.07.01 15:38:52.051,0.76713,0.76723,1.00,1.00
2016.07.01 15:38:54.345,0.76715,0.76725,1.00,2.25
2016.07.01 15:38:54.649,0.76717,0.76727,1.00,1.00
2016.07.01 15:38:55.193,0.76716,0.76727,1.00,1.12
2016.07.01 15:38:55.497,0.76714,0.76723,1.50,1.00
2016.07.01 15:38:56.200,0.76715,0.76723,1.00,1.00
2016.07.01 15:38:56.601,0.76713,0.76723,1.00,1.00
2016.07.01 15:38:56.652,0.76713,0.76721,1.00,1.00
2016.07.01 15:38:59.455,0.76713,0.76722,1.00,1.00
2016.07.01 15:39:00.094,0.76713,0.76723,1.00,1.12
2016.07.01 15:39:00.424,0.76715,0.76723,1.00,1.00
2016.07.01 15:39:00.476,0.76715,0.76725,1.00,2.25
2016.07.01 15:39:01.063,0.76715,0.76725,1.00,1.37
2016.07.01 15:39:01.579,0.76714,0.76725,1.00,1.12
2016.07.01 15:39:02.687,0.76714,0.76723,1.50,1.00
2016.07.01 15:39:04.175,0.76715,0.76724,1.00,1.00
2016.07.01 15:39:04.480,0.76716,0.76727,1.00,2.70
2016.07.01 15:39:04.784,0.76719,0.76728,1.50,1.37
2016.07.01 15:39:05.126,0.76723,0.76733,1.50,3.75
2016.07.01 15:39:05.177,0.76723,0.76733,1.50,2.25
2016.07.01 15:39:05.687,0.76724,0.76733,1.00,1.00
2016.07.01 15:39:06.282,0.76728,0.76733,1.00,1.00
2016.07.01 15:39:06.345,0.76728,0.76737,1.00,1.00
2016.07.01 15:39:06.608,0.76726,0.76736,1.00,1.00
2016.07.01 15:39:07.013,0.76726,0.76734,1.00,1.00
2016.07.01 15:39:07.528,0.76724,0.76733,1.00,1.00
2016.07.01 15:39:08.044,0.76724,0.76732,1.00,1.00
2016.07.01 15:39:08.246,0.76722,0.76732,1.50,1.00
2016.07.01 15:39:08.297,0.76721,0.7673,1.50,1.00
2016.07.01 15:39:08.811,0.76722,0.76729,1.00,1.00
2016.07.01 15:39:08.913,0.76722,0.76731,1.00,1.12
2016.07.01 15:39:09.420,0.76724,0.76731,1.00,1.12
2016.07.01 15:39:09.522,0.76727,0.76736,1.00,2.25
2016.07.01 15:39:10.028,0.76727,0.76734,1.00,1.00
2016.07.01 15:39:10.336,0.76725,0.76734,1.00,1.12
2016.07.01 15:39:10.388,0.76723,0.76734,1.00,2.25
2016.07.01 15:39:10.539,0.76723,0.76732,1.00,1.00
2016.07.01 15:39:10.843,0.7672,0.76731,1.00,1.00
2016.07.01 15:39:10.996,0.7672,0.76729,1.00,1.00
2016.07.01 15:39:13.324,0.76721,0.76729,1.00,1.50
2016.07.01 15:39:13.425,0.76722,0.76732,1.00,1.87
2016.07.01 15:39:13.938,0.76723,0.76734,1.00,2.25
2016.07.01 15:39:14.488,0.76722,0.76729,1.00,1.00
2016.07.01 15:39:14.539,0.7672,0.76729,1.00,1.00
2016.07.01 15:39:15.045,0.7672,0.76731,1.00,2.62
2016.07.01 15:39:15.607,0.76719,0.76728,1.00,1.00
2016.07.01 15:39:15.738,0.76715,0.76726,1.50,1.00
2016.07.01 15:39:16.093,0.76715,0.76724,1.00,1.00
2016.07.01 15:39:16.296,0.76713,0.76723,1.00,1.00
2016.07.01 15:39:16.659,0.76715,0.76723,1.00,1.00
2016.07.01 15:39:16.913,0.76713,0.76723,1.00,1.12
2016.07.01 15:39:17.429,0.76714,0.76723,1.00,1.12
2016.07.01 15:39:19.086,0.76714,0.76724,1.00,3.00
2016.07.01 15:39:19.618,0.76713,0.76723,1.00,1.50
2016.07.01 15:39:20.119,0.76714,0.76723,1.00,2.25
2016.07.01 15:39:21.035,0.76713,0.76723,1.00,1.87
2016.07.01 15:39:22.065,0.76713,0.76723,1.00,1.50
2016.07.01 15:39:22.218,0.76715,0.76724,1.00,1.50
2016.07.01 15:39:22.522,0.76717,0.76725,1.00,1.12
2016.07.01 15:39:24.531,0.76716,0.76725,1.00,1.12
2016.07.01 15:39:26.082,0.76717,0.76725,1.00,1.12
2016.07.01 15:39:26.433,0.76717,0.76728,1.00,2.62
2016.07.01 15:39:26.940,0.76718,0.76728,1.00,1.12
2016.07.01 15:39:27.472,0.76718,0.76728,1.00,1.50
2016.07.01 15:39:32.398,0.76718,0.76728,1.00,1.50
2016.07.01 15:39:32.886,0.76718,0.76728,1.00,1.50
2016.07.01 15:39:33.412,0.76717,0.76727,1.00,1.87
2016.07.01 15:39:34.991,0.76717,0.76727,1.00,1.87
2016.07.01 15:39:45.614,0.76714,0.76725,1.00,1.00
2016.07.01 15:39:46.143,0.76713,0.76725,1.87,1.12
2016.07.01 15:39:46.820,0.76714,0.76726,1.00,1.87
2016.07.01 15:39:47.325,0.76715,0.76725,1.00,1.12
2016.07.01 15:39:47.946,0.76715,0.76726,1.50,1.00
2016.07.01 15:39:48.478,0.76714,0.76727,1.87,1.50
2016.07.01 15:39:49.027,0.76715,0.76726,1.00,1.00
2016.07.01 15:39:49.703,0.76715,0.76726,1.37,1.00
2016.07.01 15:39:50.254,0.76716,0.76727,1.00,1.50
2016.07.01 15:39:50.458,0.76718,0.76728,1.00,1.50
2016.07.01 15:39:50.610,0.76719,0.7673,1.50,2.25
2016.07.01 15:39:51.156,0.76719,0.76731,1.87,1.00
2016.07.01 15:39:51.258,0.76721,0.7673,1.50,1.00
2016.07.01 15:39:52.249,0.7672,0.76732,1.00,1.87
2016.07.01 15:39:53.487,0.76719,0.76731,1.87,1.00
2016.07.01 15:39:54.012,0.76719,0.7673,1.87,1.00
2016.07.01 15:39:55.466,0.76718,0.76727,1.12,1.50
2016.07.01 15:39:55.770,0.76718,0.76729,1.00,1.00
2016.07.01 15:39:56.276,0.76719,0.7673,1.00,1.50
2016.07.01 15:39:56.918,0.7672,0.7673,1.00,1.50
2016.07.01 15:40:01.135,0.7672,0.76731,1.12,1.00
2016.07.01 15:40:01.935,0.76725,0.76731,1.00,1.00
2016.07.01 15:40:02.036,0.76728,0.76737,1.00,1.87
2016.07.01 15:40:02.138,0.76727,0.76738,1.50,1.00
2016.07.01 15:40:02.658,0.76728,0.76739,1.00,1.00
2016.07.01 15:40:03.167,0.76728,0.7674,1.50,1.00
2016.07.01 15:40:03.473,0.76732,0.76741,1.00,2.62
2016.07.01 15:40:03.606,0.7673,0.7674,1.00,1.12
2016.07.01 15:40:04.108,0.7673,0.76741,1.50,1.12
2016.07.01 15:40:05.188,0.76732,0.76742,1.00,1.10
2016.07.01 15:40:07.084,0.76732,0.76743,1.50,1.12
2016.07.01 15:40:07.388,0.76734,0.76743,1.00,1.00
2016.07.01 15:40:08.294,0.76733,0.76742,1.50,1.00
2016.07.01 15:40:08.548,0.7673,0.7674,1.87,1.00
2016.07.01 15:40:08.952,0.76731,0.76742,1.50,1.87
2016.07.01 15:40:11.007,0.76732,0.76742,1.00,1.87
2016.07.01 15:40:11.519,0.76732,0.76741,1.12,1.00
2016.07.01 15:40:11.621,0.76732,0.76743,1.00,1.12
2016.07.01 15:40:11.883,0.76734,0.76745,1.00,1.12
2016.07.01 15:40:13.897,0.76734,0.76744,1.00,1.00
2016.07.01 15:40:14.261,0.76732,0.7674,1.00,1.00
2016.07.01 15:40:14.718,0.76734,0.76743,1.00,2.25
2016.07.01 15:40:15.332,0.76734,0.76743,1.00,1.50
2016.07.01 15:40:15.857,0.76733,0.76743,1.00,1.50
2016.07.01 15:40:16.367,0.76733,0.76744,1.00,1.00
2016.07.01 15:40:16.906,0.76733,0.76745,1.50,2.62
2016.07.01 15:40:17.216,0.76735,0.76745,1.00,2.62
2016.07.01 15:40:18.363,0.76734,0.76745,1.00,1.50
2016.07.01 15:40:18.666,0.76736,0.76747,1.00,1.57
2016.07.01 15:40:19.656,0.7674,0.76747,1.50,1.37
2016.07.01 15:40:19.810,0.76743,0.76753,1.50,1.87
2016.07.01 15:40:20.298,0.76743,0.76755,2.25,1.00
2016.07.01 15:40:20.412,0.76745,0.76755,1.00,1.50
2016.07.01 15:40:21.020,0.76744,0.76755,1.00,1.00
2016.07.01 15:40:21.521,0.76745,0.76755,1.00,1.50
2016.07.01 15:40:25.447,0.76746,0.76755,1.00,1.00
2016.07.01 15:40:25.701,0.76752,0.76764,2.17,1.37
2016.07.01 15:40:26.216,0.76752,0.76764,2.70,1.00
2016.07.01 15:40:32.649,0.76753,0.76764,1.00,1.00
2016.07.01 15:40:32.851,0.76755,0.76764,1.50,1.00
2016.07.01 15:40:33.155,0.76755,0.76766,1.00,1.12
2016.07.01 15:40:33.660,0.76755,0.76765,1.50,1.12
2016.07.01 15:40:35.907,0.76755,0.76765,1.50,1.87
2016.07.01 15:40:37.149,0.76755,0.76764,1.50,1.50
2016.07.01 15:40:37.201,0.76751,0.76762,1.65,1.00
2016.07.01 15:40:37.555,0.76749,0.76758,1.00,1.37
2016.07.01 15:40:37.758,0.76743,0.76754,1.12,2.32
2016.07.01 15:40:38.352,0.76742,0.76752,1.37,1.00
2016.07.01 15:40:38.883,0.76742,0.76752,1.50,1.00
2016.07.01 15:40:41.480,0.76744,0.76752,1.00,1.00
2016.07.01 15:40:41.794,0.76747,0.76758,1.50,1.50
2016.07.01 15:40:42.048,0.76748,0.76759,1.00,1.87
2016.07.01 15:40:42.586,0.76749,0.76757,1.00,1.00
2016.07.01 15:40:42.637,0.76747,0.76757,1.50,1.00
2016.07.01 15:40:42.789,0.76748,0.76759,1.50,1.12
2016.07.01 15:40:43.307,0.7675,0.7676,1.00,1.37
2016.07.01 15:40:43.808,0.7675,0.7676,1.00,1.12
2016.07.01 15:40:44.657,0.76751,0.76761,1.00,2.25
2016.07.01 15:40:44.861,0.76746,0.76756,2.25,1.00
2016.07.01 15:40:45.064,0.76744,0.76754,1.50,1.00
2016.07.01 15:40:45.570,0.76745,0.76754,1.00,1.00
2016.07.01 15:40:46.268,0.76744,0.76756,1.50,2.62
2016.07.01 15:40:48.869,0.76744,0.76756,1.50,2.25
2016.07.01 15:40:49.233,0.76746,0.76756,1.00,1.87
2016.07.01 15:40:49.386,0.76747,0.76758,1.00,2.62
2016.07.01 15:40:50.986,0.76748,0.76758,1.00,1.87
2016.07.01 15:40:51.603,0.76748,0.76757,1.00,1.12
2016.07.01 15:40:53.691,0.76748,0.76758,1.00,2.62
2016.07.01 15:40:54.814,0.76749,0.76758,1.50,1.12
2016.07.01 15:40:55.031,0.7675,0.7676,1.00,1.12
2016.07.01 15:40:55.133,0.7675,0.7676,1.00,2.25
2016.07.01 15:40:55.184,0.76748,0.76758,1.00,1.50
2016.07.01 15:40:55.691,0.76747,0.76758,1.50,1.57
2016.07.01 15:40:56.230,0.76748,0.76757,1.00,1.00
2016.07.01 15:40:57.202,0.76748,0.76758,1.00,1.20
2016.07.01 15:40:58.102,0.76748,0.76758,1.00,1.87
2016.07.01 15:40:59.124,0.76752,0.7676,1.50,1.87
2016.07.01 15:40:59.225,0.76752,0.7676,1.50,1.12
2016.07.01 15:40:59.327,0.76754,0.7676,1.00,1.00
2016.07.01 15:40:59.530,0.76752,0.7676,1.00,1.00
2016.07.01 15:40:59.631,0.7675,0.76759,1.00,1.37
2016.07.01 15:41:00.149,0.76749,0.76758,1.00,1.12
2016.07.01 15:41:00.655,0.76748,0.76757,1.00,1.50
2016.07.01 15:41:00.852,0.76746,0.76756,1.00,1.00
2016.07.01 15:41:01.360,0.76747,0.76755,1.00,1.00
2016.07.01 15:41:03.140,0.76747,0.76757,1.00,1.87
2016.07.01 15:41:03.660,0.76749,0.76758,1.00,1.00
2016.07.01 15:41:04.076,0.76751,0.7676,1.00,1.00
2016.07.01 15:41:04.229,0.76749,0.76759,1.00,1.00
2016.07.01 15:41:04.381,0.76746,0.76758,2.32,1.00
2016.07.01 15:41:05.064,0.76747,0.76759,1.00,1.87
2016.07.01 15:41:05.336,0.76749,0.7676,1.00,2.62
2016.07.01 15:41:05.640,0.76752,0.76762,1.00,1.50
2016.07.01 15:41:05.948,0.76748,0.7676,1.12,3.37
2016.07.01 15:41:06.101,0.76747,0.76759,1.00,2.62
2016.07.01 15:41:06.830,0.76747,0.76757,1.50,1.00
2016.07.01 15:41:10.435,0.7675,0.76758,1.00,1.00
2016.07.01 15:41:10.587,0.76749,0.76762,1.50,3.75
2016.07.01 15:41:10.638,0.76751,0.76761,1.00,1.12
2016.07.01 15:41:11.147,0.7675,0.76762,1.00,2.62
2016.07.01 15:41:11.655,0.76751,0.76761,1.00,1.00
2016.07.01 15:41:12.026,0.76752,0.76763,1.50,2.25
2016.07.01 15:41:12.280,0.76754,0.76763,1.00,1.50
2016.07.01 15:41:12.567,0.76752,0.76763,1.00,1.50
2016.07.01 15:41:13.011,0.7675,0.7676,1.12,1.12
2016.07.01 15:41:13.215,0.76751,0.76762,1.50,2.25
2016.07.01 15:41:13.418,0.76754,0.76763,1.00,1.00
2016.07.01 15:41:13.981,0.76754,0.76764,1.00,1.87
2016.07.01 15:41:16.194,0.76754,0.76762,1.50,1.00
2016.07.01 15:41:17.252,0.76754,0.76764,1.50,2.25
2016.07.01 15:41:19.762,0.76754,0.76763,1.50,1.00
2016.07.01 15:41:20.268,0.76755,0.76763,1.00,1.00
2016.07.01 15:41:21.251,0.76755,0.76764,1.00,1.00
2016.07.01 15:41:22.529,0.76754,0.76764,1.00,1.00
2016.07.01 15:41:24.629,0.76755,0.76763,1.00,1.00
2016.07.01 15:41:25.731,0.76754,0.76764,1.00,1.00
2016.07.01 15:41:30.648,0.76753,0.76763,1.50,1.00
2016.07.01 15:41:30.968,0.76752,0.7676,1.00,1.50
2016.07.01 15:41:31.070,0.76747,0.76759,1.12,2.62
2016.07.01 15:41:31.171,0.76746,0.76759,1.00,3.37
2016.07.01 15:41:31.679,0.76746,0.76757,1.00,1.00
2016.07.01 15:41:32.190,0.76746,0.76755,1.50,1.00
2016.07.01 15:41:32.849,0.76746,0.76757,1.50,1.12
2016.07.01 15:41:34.753,0.76746,0.76756,1.50,1.00
2016.07.01 15:41:36.090,0.76747,0.76756,1.00,1.00
2016.07.01 15:41:37.477,0.76747,0.76757,1.00,1.87
2016.07.01 15:41:38.524,0.76746,0.76757,1.50,1.12
2016.07.01 15:41:40.554,0.76748,0.76757,1.00,1.12
2016.07.01 15:41:43.196,0.76748,0.76755,1.00,1.00
2016.07.01 15:41:43.836,0.76747,0.76755,1.00,1.00
2016.07.01 15:41:44.378,0.76746,0.76755,1.50,1.00
2016.07.01 15:41:45.088,0.76745,0.76753,1.00,1.00
2016.07.01 15:41:45.341,0.76741,0.76751,1.00,1.12
2016.07.01 15:41:45.849,0.76741,0.7675,1.00,1.12
2016.07.01 15:41:46.096,0.76738,0.76748,2.25,1.00
2016.07.01 15:41:46.198,0.76737,0.76746,1.87,1.00
2016.07.01 15:41:46.761,0.76737,0.76746,1.50,1.12
2016.07.01 15:41:49.621,0.76736,0.76746,1.00,1.87
2016.07.01 15:41:50.156,0.76736,0.76745,1.50,1.00
2016.07.01 15:41:54.692,0.76734,0.76745,1.00,1.87
2016.07.01 15:41:54.895,0.76735,0.76743,1.00,1.00
2016.07.01 15:41:55.247,0.76733,0.76743,1.50,2.25
2016.07.01 15:41:55.298,0.76731,0.76742,2.25,1.12
2016.07.01 15:41:55.805,0.76732,0.76742,1.50,1.00
2016.07.01 15:41:56.326,0.76732,0.76743,1.50,1.50
2016.07.01 15:41:56.877,0.76733,0.76743,1.00,1.50
2016.07.01 15:41:56.994,0.76733,0.76741,1.50,1.00
2016.07.01 15:41:59.004,0.76733,0.76743,1.50,1.50
2016.07.01 15:41:59.257,0.76734,0.76745,1.00,1.50
2016.07.01 15:42:00.096,0.76735,0.76745,1.00,1.00
2016.07.01 15:42:01.639,0.76735,0.76746,1.00,1.50
2016.07.01 15:42:01.917,0.76737,0.76746,1.00,1.50
2016.07.01 15:42:02.424,0.76737,0.76747,1.00,1.87
2016.07.01 15:42:04.205,0.76737,0.76748,1.50,1.00
2016.07.01 15:42:04.510,0.76739,0.76748,1.00,1.37
2016.07.01 15:42:05.019,0.76738,0.76748,1.50,1.87
2016.07.01 15:42:05.650,0.76737,0.76747,2.25,1.12
2016.07.01 15:42:06.163,0.76738,0.76747,1.00,1.12
2016.07.01 15:42:08.759,0.76737,0.76747,1.00,1.87
2016.07.01 15:42:09.111,0.76735,0.76745,1.50,1.00
2016.07.01 15:42:09.684,0.76735,0.76745,1.00,2.62
2016.07.01 15:42:10.463,0.76732,0.76741,1.00,1.00
2016.07.01 15:42:10.565,0.7673,0.76739,1.37,1.00
2016.07.01 15:42:10.717,0.76727,0.76739,2.25,2.25
2016.07.01 15:42:10.986,0.76729,0.76738,1.00,1.00
2016.07.01 15:42:11.692,0.76728,0.76738,1.00,1.00
2016.07.01 15:42:12.265,0.76727,0.76738,2.25,1.00
2016.07.01 15:42:12.657,0.7673,0.76738,1.00,1.50
2016.07.01 15:42:14.558,0.76729,0.76738,1.00,1.50
2016.07.01 15:42:15.902,0.76729,0.76739,1.00,1.50
2016.07.01 15:42:16.826,0.7673,0.76739,1.00,1.50
2016.07.01 15:42:17.455,0.76729,0.76738,1.00,1.37
2016.07.01 15:42:17.557,0.76731,0.76741,1.00,1.50
2016.07.01 15:42:17.658,0.76734,0.76743,1.00,1.75
2016.07.01 15:42:17.709,0.76734,0.76745,1.00,1.87
2016.07.01 15:42:18.215,0.76733,0.76744,1.00,1.12
2016.07.01 15:42:19.175,0.76734,0.76744,1.00,1.50
2016.07.01 15:42:19.684,0.76735,0.76746,1.00,1.87
2016.07.01 15:42:21.661,0.76737,0.76746,1.00,1.37
2016.07.01 15:42:22.791,0.76738,0.76748,1.00,1.00
2016.07.01 15:42:23.457,0.76738,0.76747,1.00,1.00
2016.07.01 15:42:23.894,0.76736,0.76747,1.50,1.00
2016.07.01 15:42:25.877,0.76737,0.76748,1.00,2.25
2016.07.01 15:42:26.418,0.76738,0.76748,1.00,1.12
2016.07.01 15:42:27.670,0.76739,0.76749,1.00,1.37
2016.07.01 15:42:27.772,0.7674,0.7675,1.00,1.00
2016.07.01 15:42:28.025,0.76738,0.76747,1.00,1.00
2016.07.01 15:42:28.532,0.76738,0.76748,1.00,1.12
2016.07.01 15:42:30.072,0.76737,0.76748,1.00,2.25
2016.07.01 15:42:30.585,0.76736,0.76748,1.50,1.50
2016.07.01 15:42:30.925,0.76735,0.76744,1.00,1.12
2016.07.01 15:42:31.708,0.76734,0.76744,1.00,1.12
2016.07.01 15:42:32.092,0.76733,0.76742,1.00,1.00
2016.07.01 15:42:32.504,0.76733,0.76744,1.00,1.12
2016.07.01 15:42:32.707,0.76733,0.76742,1.00,1.00
2016.07.01 15:42:32.809,0.76734,0.76744,1.00,1.87
2016.07.01 15:42:33.180,0.76732,0.76743,1.12,1.00
2016.07.01 15:42:39.331,0.76733,0.76743,1.00,1.00
2016.07.01 15:42:39.845,0.76732,0.76743,1.50,1.50
2016.07.01 15:42:40.348,0.76734,0.76744,1.00,1.12
2016.07.01 15:42:40.694,0.76736,0.76745,1.00,1.50
2016.07.01 15:42:40.796,0.76734,0.76745,1.12,1.50
2016.07.01 15:42:41.304,0.76734,0.76745,1.00,1.87
2016.07.01 15:42:44.101,0.76732,0.76743,1.50,1.00
2016.07.01 15:42:44.355,0.76732,0.76743,1.00,2.62
2016.07.01 15:42:44.966,0.76731,0.76742,2.10,1.75
2016.07.01 15:42:45.017,0.76731,0.76742,2.10,1.12
2016.07.01 15:42:45.612,0.76732,0.76743,1.00,1.87
2016.07.01 15:42:47.037,0.76732,0.76743,1.50,1.12
2016.07.01 15:42:47.544,0.76731,0.76742,1.50,1.12
2016.07.01 15:42:48.061,0.76732,0.76743,1.00,1.37
2016.07.01 15:42:48.854,0.76732,0.76743,1.00,1.12
2016.07.01 15:42:49.369,0.76733,0.76744,1.50,2.62
2016.07.01 15:42:50.050,0.76733,0.76744,1.50,1.12
2016.07.01 15:42:50.152,0.76735,0.76744,1.00,1.00
2016.07.01 15:42:50.448,0.7674,0.7675,1.50,1.87
2016.07.01 15:42:50.854,0.76737,0.76746,2.25,1.00
2016.07.01 15:42:51.360,0.76738,0.76747,1.00,1.00
2016.07.01 15:42:52.089,0.76739,0.76747,1.00,1.00
2016.07.01 15:42:52.292,0.76739,0.7675,1.00,1.12
2016.07.01 15:42:52.800,0.7674,0.76751,1.00,3.00
2016.07.01 15:42:54.016,0.76741,0.76751,1.00,2.25
2016.07.01 15:42:55.667,0.76742,0.76751,1.00,1.00
2016.07.01 15:42:55.870,0.76744,0.76754,1.00,1.00
2016.07.01 15:42:56.073,0.76746,0.76755,1.50,1.00
2016.07.01 15:42:56.225,0.76747,0.76757,1.00,1.50
2016.07.01 15:42:56.529,0.76747,0.76754,1.00,1.00
2016.07.01 15:42:57.030,0.76746,0.76754,1.00,1.00
2016.07.01 15:42:57.454,0.76745,0.76756,1.50,1.50
2016.07.01 15:42:57.705,0.76744,0.76754,1.50,1.50
2016.07.01 15:42:58.674,0.76745,0.76754,1.00,1.12
2016.07.01 15:42:59.221,0.76744,0.76755,1.00,1.87
2016.07.01 15:42:59.760,0.76743,0.76755,1.50,1.87
2016.07.01 15:43:00.319,0.76743,0.76754,1.50,1.00
2016.07.01 15:43:02.882,0.76742,0.76753,2.25,1.00
2016.07.01 15:43:04.171,0.76744,0.76753,1.00,1.00
2016.07.01 15:43:05.151,0.76744,0.76754,1.00,1.50
2016.07.01 15:43:05.935,0.76744,0.76752,1.00,1.00
2016.07.01 15:43:05.986,0.76741,0.76752,2.62,1.00
2016.07.01 15:43:06.512,0.76741,0.76751,1.00,1.00
2016.07.01 15:43:07.860,0.76743,0.76752,1.00,1.00
2016.07.01 15:43:09.748,0.76742,0.76752,1.00,1.00
2016.07.01 15:43:10.445,0.76742,0.76753,1.00,1.50
2016.07.01 15:43:11.192,0.76741,0.76753,1.87,1.50
2016.07.01 15:43:11.751,0.76743,0.76752,1.00,1.00
2016.07.01 15:43:11.854,0.76743,0.76754,1.50,1.00
2016.07.01 15:43:12.450,0.76744,0.76753,1.00,1.00
2016.07.01 15:43:13.758,0.7674,0.76751,3.07,1.00
2016.07.01 15:43:13.860,0.7674,0.76749,1.00,1.00
2016.07.01 15:43:13.962,0.76738,0.76749,1.87,1.00
2016.07.01 15:43:14.420,0.7674,0.76749,1.00,1.00
2016.07.01 15:43:14.624,0.76742,0.76752,1.87,1.00
2016.07.01 15:43:15.942,0.76742,0.76753,1.12,1.87
2016.07.01 15:43:16.479,0.76742,0.76752,1.50,1.00
2016.07.01 15:43:17.027,0.76743,0.76753,1.00,1.50
2016.07.01 15:43:17.562,0.76742,0.76753,1.50,1.00
2016.07.01 15:43:18.285,0.76743,0.76754,1.00,1.00
2016.07.01 15:43:18.693,0.76745,0.76754,1.00,1.00
2016.07.01 15:43:19.288,0.76746,0.76755,1.00,1.00
2016.07.01 15:43:19.964,0.76744,0.76756,1.50,1.00
2016.07.01 15:43:21.377,0.76745,0.76754,1.00,1.00
2016.07.01 15:43:22.359,0.76742,0.76753,1.87,1.00
2016.07.01 15:43:22.511,0.76741,0.7675,1.50,1.00
2016.07.01 15:43:22.815,0.76742,0.76753,1.00,1.87
2016.07.01 15:43:23.322,0.76743,0.76752,1.00,1.00
2016.07.01 15:43:23.474,0.76741,0.76752,1.87,1.00
2016.07.01 15:43:24.281,0.76742,0.76752,1.00,1.00
2016.07.01 15:43:26.587,0.76739,0.76751,2.62,1.50
2016.07.01 15:43:26.689,0.76738,0.7675,2.25,1.57
2016.07.01 15:43:27.375,0.76739,0.7675,1.00,1.00
2016.07.01 15:43:33.294,0.76741,0.7675,1.00,1.00
2016.07.01 15:43:33.669,0.76745,0.76756,1.00,1.75
2016.07.01 15:43:33.720,0.76746,0.76757,1.12,1.00
2016.07.01 15:43:34.258,0.76746,0.76758,1.50,2.25
2016.07.01 15:43:34.817,0.76746,0.76757,1.50,1.00
2016.07.01 15:43:35.051,0.76745,0.76753,1.00,1.00
2016.07.01 15:43:35.154,0.76742,0.76753,1.12,1.00
2016.07.01 15:43:35.205,0.76742,0.76751,1.12,1.00
2016.07.01 15:43:35.561,0.76742,0.76753,1.50,1.00
2016.07.01 15:43:36.281,0.76742,0.76754,1.12,2.25
2016.07.01 15:43:37.013,0.76746,0.76754,1.00,1.00
2016.07.01 15:43:37.583,0.76746,0.76755,1.00,1.50
2016.07.01 15:43:38.215,0.76745,0.76756,1.12,1.50
2016.07.01 15:43:38.695,0.76747,0.76757,1.00,1.00
2016.07.01 15:43:39.087,0.76747,0.76758,2.25,1.50
2016.07.01 15:43:40.610,0.7675,0.76759,1.00,1.00
2016.07.01 15:43:40.661,0.7675,0.76761,1.12,3.00
2016.07.01 15:43:42.303,0.76749,0.7676,2.25,1.00
2016.07.01 15:43:42.911,0.7675,0.7676,1.00,1.00
2016.07.01 15:43:43.280,0.76748,0.76759,1.00,1.00
2016.07.01 15:43:43.929,0.76748,0.76758,1.50,1.50
2016.07.01 15:43:47.709,0.76749,0.76759,1.00,1.50
2016.07.01 15:43:48.302,0.76748,0.76758,1.50,1.00
2016.07.01 15:43:51.852,0.76748,0.76757,1.00,1.00
2016.07.01 15:43:51.903,0.76746,0.76757,2.25,1.00
2016.07.01 15:43:52.587,0.76746,0.76758,1.00,2.25
2016.07.01 15:43:53.009,0.76746,0.76758,1.00,2.25
2016.07.01 15:43:53.310,0.76746,0.76757,1.50,1.75
2016.07.01 15:43:53.701,0.76747,0.76757,1.00,1.50
2016.07.01 15:43:54.203,0.76746,0.76756,1.50,1.00
2016.07.01 15:43:56.044,0.76749,0.76757,1.00,1.12
2016.07.01 15:43:58.327,0.76748,0.76757,1.00,1.00
2016.07.01 15:43:59.351,0.76747,0.76756,1.50,1.00
2016.07.01 15:44:01.589,0.76746,0.76756,1.12,1.00
2016.07.01 15:44:02.957,0.76746,0.76757,1.12,1.00
2016.07.01 15:44:06.608,0.76747,0.76755,1.00,1.00
2016.07.01 15:44:07.198,0.76746,0.76755,1.12,1.00
2016.07.01 15:44:09.277,0.76746,0.76756,1.00,1.00
2016.07.01 15:44:13.113,0.76746,0.76755,1.00,1.00
2016.07.01 15:44:13.718,0.76745,0.76755,1.00,1.00
2016.07.01 15:44:20.158,0.76744,0.76752,1.12,1.00
2016.07.01 15:44:20.395,0.76744,0.76755,1.12,1.50
2016.07.01 15:44:20.924,0.76745,0.76755,1.00,1.00
2016.07.01 15:44:21.615,0.76745,0.76756,1.00,1.50
2016.07.01 15:44:23.656,0.76746,0.76756,1.00,1.50
2016.07.01 15:44:24.009,0.76744,0.76755,1.87,1.00
2016.07.01 15:44:24.267,0.76745,0.76753,1.00,1.00
2016.07.01 15:44:24.773,0.76745,0.76754,1.87,1.00
2016.07.01 15:44:24.875,0.76742,0.76752,1.57,1.00
2016.07.01 15:44:25.237,0.76745,0.76754,1.00,2.25
2016.07.01 15:44:25.744,0.76745,0.76754,1.12,1.00
2016.07.01 15:44:26.297,0.76746,0.76756,2.62,1.00
2016.07.01 15:44:26.450,0.7675,0.76758,1.00,1.00
2016.07.01 15:44:27.470,0.76747,0.76758,1.87,1.00
2016.07.01 15:44:28.480,0.76748,0.76758,1.12,1.00
2016.07.01 15:44:29.022,0.76749,0.76757,1.00,1.00
2016.07.01 15:44:29.573,0.76748,0.76758,1.12,1.50
2016.07.01 15:44:30.947,0.76749,0.76758,1.00,1.00
2016.07.01 15:44:32.199,0.76748,0.76758,1.12,1.00
2016.07.01 15:44:32.761,0.76752,0.76758,1.00,1.00
2016.07.01 15:44:33.700,0.76751,0.76758,1.00,1.00
2016.07.01 15:44:34.241,0.76751,0.76757,1.00,1.00
2016.07.01 15:44:34.777,0.76751,0.76758,1.00,1.00
2016.07.01 15:44:38.059,0.76751,0.76756,1.00,1.00
2016.07.01 15:44:39.164,0.76751,0.76758,1.00,1.00
2016.07.01 15:44:43.625,0.7675,0.76758,1.00,1.00
2016.07.01 15:44:44.133,0.76749,0.76758,1.00,1.50
2016.07.01 15:44:44.690,0.76749,0.76757,1.00,1.00
2016.07.01 15:44:44.922,0.76751,0.76757,1.00,1.00
2016.07.01 15:44:48.247,0.76748,0.76755,1.00,1.00
2016.07.01 15:44:48.349,0.76746,0.76753,1.12,1.00
2016.07.01 15:44:48.860,0.76747,0.76753,1.00,1.00
2016.07.01 15:44:49.313,0.76745,0.76753,1.00,1.00
2016.07.01 15:44:49.881,0.76745,0.76754,1.00,1.50
2016.07.01 15:44:50.404,0.76745,0.76753,1.00,1.00
2016.07.01 15:44:52.214,0.76746,0.76754,1.00,1.00
2016.07.01 15:44:52.734,0.76747,0.76754,1.00,1.00
2016.07.01 15:44:56.067,0.76746,0.76752,1.00,1.00
2016.07.01 15:44:56.169,0.76744,0.76752,1.00,1.00
2016.07.01 15:44:56.271,0.76744,0.76749,1.00,1.00
2016.07.01 15:44:56.426,0.76741,0.76749,1.00,1.00
2016.07.01 15:44:56.929,0.7674,0.76749,1.00,1.50
2016.07.01 15:44:57.824,0.76741,0.76749,1.00,1.50
2016.07.01 15:44:59.604,0.7674,0.76749,1.00,1.87
2016.07.01 15:44:59.655,0.7674,0.76746,1.00,1.00
2016.07.01 15:44:59.757,0.76738,0.76746,1.00,1.12
2016.07.01 15:45:00.284,0.76738,0.76746,1.00,1.87
2016.07.01 15:45:00.564,0.76736,0.76745,1.00,1.37
2016.07.01 15:45:01.071,0.76736,0.76743,1.00,1.00
2016.07.01 15:45:01.659,0.76735,0.76742,1.00,1.50
2016.07.01 15:45:02.167,0.76735,0.76741,1.00,1.00
2016.07.01 15:45:02.791,0.76733,0.76742,1.00,1.00
2016.07.01 15:45:04.246,0.76733,0.76743,1.00,1.12
2016.07.01 15:45:04.298,0.76735,0.76743,1.00,1.12
2016.07.01 15:45:04.845,0.76735,0.76742,1.00,1.00
2016.07.01 15:45:07.827,0.76735,0.76743,1.00,1.00
2016.07.01 15:45:08.357,0.76735,0.76744,1.00,1.00
2016.07.01 15:45:09.609,0.76736,0.76744,1.00,1.00
2016.07.01 15:45:10.230,0.76737,0.76745,1.00,1.00
2016.07.01 15:45:14.423,0.76736,0.76745,1.00,1.00
2016.07.01 15:45:15.080,0.76736,0.76744,1.00,1.00
2016.07.01 15:45:17.342,0.76737,0.76743,1.00,1.00
2016.07.01 15:45:18.235,0.76737,0.76744,1.00,1.00
2016.07.01 15:45:19.057,0.76737,0.76744,1.00,1.37
2016.07.01 15:45:19.578,0.76736,0.76744,1.00,1.12
2016.07.01 15:45:20.101,0.76735,0.76744,1.00,1.12
2016.07.01 15:45:20.613,0.76736,0.76744,1.00,1.12
2016.07.01 15:45:21.466,0.76736,0.76743,1.00,1.00
2016.07.01 15:45:22.806,0.76734,0.76743,1.00,1.12
2016.07.01 15:45:22.858,0.76731,0.76738,1.50,1.00
2016.07.01 15:45:23.152,0.7673,0.76738,1.00,1.00
2016.07.01 15:45:23.204,0.76733,0.7674,1.00,1.75
2016.07.01 15:45:23.306,0.76735,0.7674,1.00,1.00
2016.07.01 15:45:23.357,0.76735,0.76742,1.00,1.00
2016.07.01 15:45:24.236,0.76734,0.76742,1.00,1.00
2016.07.01 15:45:24.587,0.76734,0.7674,1.00,1.00
2016.07.01 15:45:25.580,0.76733,0.7674,1.00,1.00
2016.07.01 15:45:28.465,0.76735,0.76742,1.00,1.00
2016.07.01 15:45:31.531,0.76734,0.76742,1.00,1.12
2016.07.01 15:45:32.371,0.76734,0.76741,1.00,1.00
2016.07.01 15:45:32.422,0.76731,0.76741,1.50,1.00
2016.07.01 15:45:32.473,0.76731,0.76737,1.00,1.00
2016.07.01 15:45:32.625,0.76729,0.76737,1.00,1.00
2016.07.01 15:45:33.342,0.76732,0.76737,1.00,1.00
2016.07.01 15:45:33.393,0.76732,0.7674,1.00,1.87
2016.07.01 15:45:33.444,0.76734,0.7674,1.00,1.00
2016.07.01 15:45:33.647,0.76734,0.76744,1.00,1.95
2016.07.01 15:45:33.708,0.76734,0.76744,1.00,1.00
2016.07.01 15:45:33.759,0.76735,0.76742,1.00,1.00
2016.07.01 15:45:35.266,0.76735,0.76744,1.00,1.00
2016.07.01 15:45:37.813,0.76736,0.76744,1.00,1.00
2016.07.01 15:45:38.345,0.76736,0.76745,1.00,1.00
2016.07.01 15:45:39.289,0.76736,0.76744,1.00,1.00
2016.07.01 15:45:41.948,0.7674,0.76744,1.00,1.00
2016.07.01 15:45:42.222,0.76746,0.76754,1.00,1.12
2016.07.01 15:45:42.274,0.76744,0.76755,1.75,1.50
2016.07.01 15:45:42.376,0.76743,0.76753,1.12,1.00
2016.07.01 15:45:44.807,0.76744,0.76753,1.00,1.87
2016.07.01 15:45:50.705,0.76745,0.76754,1.00,1.50
2016.07.01 15:45:51.834,0.76746,0.76754,1.00,1.00
2016.07.01 15:45:51.885,0.76748,0.76755,1.00,1.00
2016.07.01 15:45:52.393,0.76748,0.76756,1.00,1.00
2016.07.01 15:45:53.018,0.76748,0.76755,1.00,1.00
2016.07.01 15:45:53.295,0.76744,0.76753,1.12,1.00
2016.07.01 15:45:53.797,0.76745,0.76752,1.00,1.00
2016.07.01 15:45:54.460,0.76743,0.76752,1.00,1.00
2016.07.01 15:45:55.503,0.76743,0.76751,1.00,1.00
2016.07.01 15:45:56.790,0.76743,0.76752,1.00,1.00
2016.07.01 15:45:57.324,0.76743,0.76753,1.00,1.12
2016.07.01 15:45:57.892,0.76744,0.76754,1.00,1.87
2016.07.01 15:45:58.398,0.76745,0.76754,1.00,1.00
2016.07.01 15:45:59.198,0.76746,0.76754,1.00,1.00
2016.07.01 15:45:59.956,0.7675,0.76754,1.00,1.00
2016.07.01 15:46:00.007,0.76751,0.76757,1.00,1.00
2016.07.01 15:46:00.058,0.76753,0.76758,1.00,1.00
2016.07.01 15:46:00.557,0.76753,0.76762,1.00,1.00
2016.07.01 15:46:01.220,0.76752,0.76762,1.12,1.00
2016.07.01 15:46:01.537,0.76754,0.76762,1.00,1.00
2016.07.01 15:46:01.952,0.76755,0.7676,1.00,1.00
2016.07.01 15:46:02.410,0.76752,0.76761,1.00,1.00
2016.07.01 15:46:02.511,0.76752,0.76758,1.00,1.00
2016.07.01 15:46:02.613,0.7675,0.76757,1.00,1.00
2016.07.01 15:46:02.765,0.76752,0.76758,1.00,1.00
2016.07.01 15:46:02.816,0.76752,0.7676,1.00,1.12
2016.07.01 15:46:02.918,0.76754,0.76762,1.00,1.00
2016.07.01 15:46:03.476,0.76755,0.76765,1.00,1.87
2016.07.01 15:46:03.577,0.76755,0.76765,1.00,1.50
2016.07.01 15:46:04.917,0.76755,0.76763,1.00,1.00
2016.07.01 15:46:06.903,0.76756,0.76763,1.00,1.00
2016.07.01 15:46:07.053,0.76756,0.76766,1.00,1.50
2016.07.01 15:46:07.104,0.76759,0.76766,1.00,1.00
2016.07.01 15:46:07.271,0.76755,0.76767,1.50,1.12
2016.07.01 15:46:07.322,0.76755,0.76766,1.37,1.87
2016.07.01 15:46:07.475,0.76753,0.76762,1.00,1.00
2016.07.01 15:46:07.527,0.76755,0.76762,1.00,1.00
2016.07.01 15:46:07.628,0.76754,0.76764,1.00,1.00
2016.07.01 15:46:07.730,0.76756,0.76765,1.00,2.25
2016.07.01 15:46:08.243,0.76756,0.76765,1.00,1.00
2016.07.01 15:46:08.845,0.76756,0.76764,1.00,1.00
2016.07.01 15:46:09.774,0.76755,0.76764,1.00,1.00
2016.07.01 15:46:10.717,0.76755,0.76763,1.00,1.00
2016.07.01 15:46:12.531,0.76755,0.76764,1.00,1.00
2016.07.01 15:46:13.048,0.76756,0.76765,1.00,1.00
2016.07.01 15:46:13.363,0.76753,0.76761,1.00,1.00
2016.07.01 15:46:13.414,0.76751,0.76761,1.00,1.37
2016.07.01 15:46:13.516,0.76751,0.76758,1.00,1.00
2016.07.01 15:46:13.617,0.7675,0.7676,1.50,1.12
2016.07.01 15:46:13.719,0.76753,0.76762,1.00,1.47
2016.07.01 15:46:13.821,0.7675,0.76759,2.25,1.00
2016.07.01 15:46:13.932,0.7675,0.76762,2.25,1.12
2016.07.01 15:46:14.034,0.76753,0.76762,1.00,1.00
2016.07.01 15:46:14.186,0.76753,0.76764,1.00,1.00
2016.07.01 15:46:14.339,0.76753,0.76764,1.00,3.07
2016.07.01 15:46:14.562,0.76751,0.76761,1.00,1.12
2016.07.01 15:46:14.916,0.76751,0.76761,1.00,1.12
2016.07.01 15:46:15.449,0.76751,0.76761,1.00,1.12
2016.07.01 15:46:15.653,0.76753,0.76762,1.00,1.50
2016.07.01 15:46:16.264,0.76753,0.76761,1.00,1.00
2016.07.01 15:46:17.165,0.76753,0.7676,1.00,1.00
2016.07.01 15:46:18.025,0.76752,0.76759,1.00,1.00
2016.07.01 15:46:18.126,0.7675,0.76757,1.00,1.00
2016.07.01 15:46:18.658,0.76749,0.76757,1.00,1.00
2016.07.01 15:46:19.128,0.76751,0.7676,1.00,1.50
2016.07.01 15:46:20.162,0.76751,0.76759,1.00,1.00
2016.07.01 15:46:20.768,0.76751,0.7676,1.00,1.00
2016.07.01 15:46:21.746,0.76749,0.7676,1.50,1.00
2016.07.01 15:46:21.949,0.7675,0.76758,1.00,1.00
2016.07.01 15:46:22.455,0.76749,0.76758,1.87,1.00
2016.07.01 15:46:22.822,0.76745,0.76755,1.46,1.00
2016.07.01 15:46:23.369,0.76745,0.76754,1.00,1.00
2016.07.01 15:46:24.429,0.76745,0.76753,1.00,1.00
2016.07.01 15:46:24.763,0.76744,0.76751,1.00,1.00
2016.07.01 15:46:26.801,0.76743,0.76751,1.50,1.00
2016.07.01 15:46:26.852,0.76743,0.76754,1.00,1.12
2016.07.01 15:46:27.982,0.76743,0.76753,1.00,1.00
2016.07.01 15:46:28.651,0.76743,0.76752,1.00,1.00
2016.07.01 15:46:30.552,0.76742,0.76752,1.12,1.00
2016.07.01 15:46:30.603,0.76741,0.76752,1.37,1.37
2016.07.01 15:46:30.908,0.76736,0.76744,1.00,1.00
2016.07.01 15:46:31.359,0.76734,0.76743,1.00,1.00
2016.07.01 15:46:31.777,0.76733,0.76741,1.00,1.00
2016.07.01 15:46:35.601,0.76732,0.76741,1.00,1.00
2016.07.01 15:46:36.116,0.76733,0.76741,1.00,1.00
2016.07.01 15:46:36.631,0.76732,0.76742,1.00,1.12
2016.07.01 15:46:37.162,0.76732,0.76741,1.00,1.00
2016.07.01 15:46:37.961,0.76732,0.7674,1.00,1.00
2016.07.01 15:46:39.324,0.76733,0.76742,1.00,1.00
2016.07.01 15:46:39.375,0.76737,0.76746,1.00,1.12
2016.07.01 15:46:39.839,0.76735,0.76746,2.25,1.50
2016.07.01 15:46:39.890,0.76735,0.76742,1.00,1.00
2016.07.01 15:46:39.941,0.76733,0.76742,1.12,1.00
2016.07.01 15:46:40.664,0.76733,0.76741,1.00,1.12
2016.07.01 15:46:42.182,0.76731,0.76741,1.00,1.50
2016.07.01 15:46:48.501,0.76732,0.76741,1.00,1.12
2016.07.01 15:46:50.420,0.76731,0.76742,1.50,1.50
2016.07.01 15:46:50.472,0.7673,0.76739,1.12,1.00
2016.07.01 15:46:50.624,0.76727,0.76737,2.25,1.00
2016.07.01 15:46:50.747,0.76727,0.76737,1.00,1.37
2016.07.01 15:46:51.186,0.76727,0.76737,1.00,1.00
2016.07.01 15:46:51.237,0.76729,0.76737,1.00,1.00
2016.07.01 15:46:51.742,0.76729,0.76739,1.00,1.87
2016.07.01 15:46:52.581,0.76732,0.7674,1.00,1.00
2016.07.01 15:46:52.683,0.76732,0.76742,1.00,1.50
2016.07.01 15:46:53.196,0.76733,0.76742,1.00,1.12
2016.07.01 15:46:53.611,0.76733,0.7674,1.00,1.00
2016.07.01 15:46:53.848,0.7673,0.76738,1.00,1.00
2016.07.01 15:46:53.951,0.76728,0.76738,1.00,1.37
2016.07.01 15:46:54.962,0.7673,0.76738,1.00,1.50
2016.07.01 15:46:55.140,0.7673,0.76739,1.00,1.00
2016.07.01 15:46:55.649,0.76729,0.7674,1.00,1.50
2016.07.01 15:46:56.183,0.76729,0.7674,1.00,1.87
2016.07.01 15:46:56.748,0.7673,0.7674,1.00,1.50
2016.07.01 15:46:57.287,0.7673,0.76737,1.00,1.00
2016.07.01 15:46:57.338,0.76728,0.76737,1.50,1.00
2016.07.01 15:46:58.209,0.76729,0.76739,1.00,1.87
2016.07.01 15:46:59.119,0.76728,0.76739,1.00,3.00
2016.07.01 15:46:59.170,0.76726,0.76739,1.50,4.50
2016.07.01 15:46:59.493,0.76724,0.76737,1.50,3.37
2016.07.01 15:47:00.063,0.76725,0.76737,1.00,3.00
2016.07.01 15:47:01.715,0.76726,0.76737,1.00,1.12
2016.07.01 15:47:02.624,0.76727,0.76737,1.00,1.12
2016.07.01 15:47:02.905,0.76727,0.76735,1.00,1.00
2016.07.01 15:47:03.423,0.76727,0.76736,1.00,1.00
2016.07.01 15:47:07.199,0.76729,0.76739,1.00,1.37
2016.07.01 15:47:07.724,0.76729,0.76739,1.50,1.00
2016.07.01 15:47:08.338,0.76731,0.76739,1.00,1.00
2016.07.01 15:47:08.743,0.76729,0.76739,1.50,1.00
2016.07.01 15:47:09.280,0.76729,0.76738,1.00,1.12
2016.07.01 15:47:09.743,0.7673,0.7674,1.50,1.12
2016.07.01 15:47:10.401,0.7673,0.76739,1.00,1.00
2016.07.01 15:47:11.050,0.7673,0.7674,1.00,2.25
2016.07.01 15:47:12.250,0.76729,0.7674,1.50,1.50
2016.07.01 15:47:12.643,0.76727,0.76736,1.50,1.00
2016.07.01 15:47:12.796,0.76725,0.76735,1.00,1.00
2016.07.01 15:47:13.324,0.76724,0.76735,1.50,1.00
2016.07.01 15:47:18.860,0.76725,0.76735,1.00,1.00
2016.07.01 15:47:18.911,0.76725,0.76735,1.50,1.00
2016.07.01 15:47:19.485,0.76732,0.76736,1.00,1.00
2016.07.01 15:47:19.537,0.76733,0.76742,1.00,1.10
2016.07.01 15:47:20.269,0.76733,0.76744,1.50,2.25
2016.07.01 15:47:21.402,0.76734,0.76744,1.00,1.50
2016.07.01 15:47:21.605,0.76736,0.76744,1.00,1.00
2016.07.01 15:47:21.656,0.76734,0.76745,1.00,1.00
2016.07.01 15:47:21.758,0.76734,0.76743,1.57,1.00
2016.07.01 15:47:22.264,0.76734,0.76743,1.00,1.00
2016.07.01 15:47:22.805,0.76734,0.76742,1.00,1.00
2016.07.01 15:47:23.457,0.76734,0.76744,1.00,1.00
2016.07.01 15:47:24.375,0.76735,0.76744,1.00,1.50
2016.07.01 15:47:24.477,0.76734,0.76742,1.50,1.00
2016.07.01 15:47:25.037,0.76734,0.76743,1.00,1.00
2016.07.01 15:47:25.877,0.76733,0.76743,1.12,1.00
2016.07.01 15:47:27.081,0.76733,0.76742,1.12,1.00
2016.07.01 15:47:29.472,0.76731,0.76741,1.50,1.00
2016.07.01 15:47:29.524,0.7673,0.76741,3.07,2.25
2016.07.01 15:47:29.676,0.76729,0.76738,1.47,1.50
2016.07.01 15:47:29.779,0.76728,0.76737,1.10,1.12
2016.07.01 15:47:30.184,0.7673,0.76738,1.00,1.00
2016.07.01 15:47:30.433,0.76728,0.76738,1.12,1.12
2016.07.01 15:47:30.939,0.76729,0.76739,1.00,1.12
2016.07.01 15:47:31.483,0.76726,0.76737,1.85,1.00
2016.07.01 15:47:31.771,0.76724,0.76735,1.00,1.50
2016.07.01 15:47:32.278,0.76724,0.76733,1.00,1.00
2016.07.01 15:47:32.789,0.76724,0.76734,1.00,1.50
2016.07.01 15:47:35.603,0.76725,0.76734,1.00,1.00
2016.07.01 15:47:36.165,0.76725,0.76736,1.00,1.87
2016.07.01 15:47:36.514,0.76723,0.76736,1.12,3.00
2016.07.01 15:47:37.023,0.76723,0.76736,1.00,3.37
2016.07.01 15:47:38.120,0.76725,0.76734,1.00,1.00
2016.07.01 15:47:42.704,0.76723,0.76734,1.50,1.50
2016.07.01 15:47:45.290,0.76723,0.76734,1.00,1.87
2016.07.01 15:47:45.804,0.76723,0.76732,1.00,1.00
2016.07.01 15:47:45.957,0.76721,0.76731,1.50,1.00
2016.07.01 15:47:46.460,0.7672,0.76732,2.25,1.00
2016.07.01 15:47:46.997,0.76722,0.76731,1.00,1.00
2016.07.01 15:47:47.098,0.76722,0.76733,1.50,2.25
2016.07.01 15:47:47.820,0.76723,0.76731,1.00,1.00
2016.07.01 15:47:47.922,0.76722,0.76733,1.50,1.50
2016.07.01 15:47:49.799,0.76721,0.76733,1.00,2.25
2016.07.01 15:47:50.433,0.76721,0.76732,1.00,1.00
2016.07.01 15:47:52.777,0.76721,0.76732,1.87,1.00
2016.07.01 15:47:53.349,0.76721,0.76731,1.50,1.00
2016.07.01 15:47:54.618,0.76722,0.7673,1.12,1.00
2016.07.01 15:47:57.416,0.76721,0.76731,1.50,1.00
2016.07.01 15:47:57.519,0.7672,0.76731,1.12,1.00
2016.07.01 15:47:57.570,0.7672,0.76731,1.00,1.87
2016.07.01 15:47:57.674,0.76718,0.76729,2.62,1.12
2016.07.01 15:47:58.017,0.76721,0.7673,1.00,1.00
2016.07.01 15:47:58.170,0.76721,0.76732,1.12,1.00
2016.07.01 15:47:58.605,0.76721,0.7673,1.12,1.00
2016.07.01 15:47:59.032,0.76718,0.76727,1.00,1.00
2016.07.01 15:47:59.639,0.76717,0.76727,1.50,1.00
2016.07.01 15:48:00.153,0.76717,0.76728,1.50,2.62
2016.07.01 15:48:00.985,0.76718,0.76728,1.00,1.12
2016.07.01 15:48:03.525,0.7672,0.76729,1.00,1.00
2016.07.01 15:48:03.627,0.76721,0.76731,1.00,1.12
2016.07.01 15:48:04.133,0.76721,0.7673,1.12,1.00
2016.07.01 15:48:04.794,0.76721,0.76732,1.00,3.00
2016.07.01 15:48:05.344,0.76721,0.76732,1.00,2.25
2016.07.01 15:48:05.552,0.76721,0.7673,1.00,1.00
2016.07.01 15:48:06.138,0.76719,0.76731,1.50,1.50
2016.07.01 15:48:06.468,0.76719,0.76728,1.00,1.00
2016.07.01 15:48:06.570,0.7672,0.76731,1.50,1.87
2016.07.01 15:48:06.875,0.76723,0.76732,1.00,1.50
2016.07.01 15:48:07.192,0.76723,0.76734,1.00,1.87
2016.07.01 15:48:09.639,0.76722,0.76734,2.62,1.00
2016.07.01 15:48:10.057,0.76724,0.76733,1.00,1.00
2016.07.01 15:48:12.540,0.76723,0.76733,1.00,1.00
2016.07.01 15:48:12.844,0.76722,0.7673,1.00,1.00
2016.07.01 15:48:12.946,0.7672,0.76731,1.50,1.00
2016.07.01 15:48:13.250,0.76722,0.76733,1.00,1.12
2016.07.01 15:48:13.743,0.76722,0.76731,2.25,1.00
2016.07.01 15:48:13.845,0.76722,0.76733,2.25,1.00
2016.07.01 15:48:14.646,0.76723,0.76731,1.00,1.00
2016.07.01 15:48:16.575,0.76722,0.76733,1.00,1.50
2016.07.01 15:48:16.677,0.76724,0.76734,1.00,2.25
2016.07.01 15:48:17.284,0.76725,0.76733,1.00,1.00
2016.07.01 15:48:20.566,0.76724,0.76733,1.12,1.00
2016.07.01 15:48:21.802,0.76723,0.76734,1.87,1.50
2016.07.01 15:48:25.279,0.7673,0.76735,1.00,1.00
2016.07.01 15:48:25.583,0.76733,0.76738,1.12,1.00
2016.07.01 15:48:25.685,0.76733,0.76743,1.12,1.12
2016.07.01 15:48:26.281,0.76733,0.76744,1.87,1.00
2016.07.01 15:48:26.805,0.76733,0.76743,1.12,1.00
2016.07.01 15:48:29.111,0.76733,0.76744,1.50,1.00
2016.07.01 15:48:30.212,0.76733,0.76745,1.50,1.00
2016.07.01 15:48:30.665,0.76733,0.76746,1.50,3.00
2016.07.01 15:48:31.216,0.76733,0.76745,1.00,1.50
2016.07.01 15:48:31.872,0.76734,0.76744,1.00,1.00
2016.07.01 15:48:32.310,0.76734,0.76742,1.87,1.00
2016.07.01 15:48:32.898,0.76733,0.76743,1.00,1.00
2016.07.01 15:48:35.219,0.76733,0.76744,2.25,1.00
2016.07.01 15:48:37.390,0.76734,0.76744,1.00,1.00
2016.07.01 15:48:37.938,0.76735,0.76744,1.00,1.00
2016.07.01 15:48:39.416,0.76735,0.76745,1.50,1.00
2016.07.01 15:48:42.302,0.76735,0.76744,2.25,1.00
2016.07.01 15:48:45.409,0.76736,0.76744,1.00,1.00
2016.07.01 15:48:45.979,0.76735,0.76744,1.00,1.00
2016.07.01 15:48:46.035,0.76733,0.76743,2.25,1.00
2016.07.01 15:48:46.860,0.76735,0.76743,1.00,1.00
2016.07.01 15:48:47.190,0.76731,0.76741,2.25,1.12
2016.07.01 15:48:48.178,0.76732,0.76742,1.00,1.87
2016.07.01 15:48:48.685,0.76733,0.76744,1.00,1.50
2016.07.01 15:48:49.307,0.76734,0.76744,1.50,1.00
2016.07.01 15:48:51.746,0.76735,0.76744,1.00,1.00
2016.07.01 15:48:52.451,0.76737,0.76745,1.00,1.00
2016.07.01 15:48:52.606,0.76737,0.76747,1.00,1.50
2016.07.01 15:48:52.859,0.76737,0.76745,1.00,1.00
2016.07.01 15:48:53.532,0.76736,0.76744,1.50,1.00
2016.07.01 15:48:53.735,0.76738,0.76747,1.00,1.00
2016.07.01 15:48:54.268,0.76737,0.76746,1.00,1.00
2016.07.01 15:48:55.278,0.76735,0.76746,1.50,1.00
2016.07.01 15:48:55.330,0.76734,0.76742,1.00,1.00
2016.07.01 15:48:55.843,0.76733,0.76742,1.00,1.00
2016.07.01 15:48:56.864,0.76734,0.76741,1.00,1.00
2016.07.01 15:48:57.067,0.76734,0.76744,1.00,1.37
2016.07.01 15:48:57.618,0.76734,0.76744,1.00,1.00
2016.07.01 15:48:59.061,0.76733,0.76744,1.87,1.00
2016.07.01 15:49:01.348,0.76734,0.76744,1.00,1.00
2016.07.01 15:49:01.859,0.76733,0.76744,1.50,1.00
2016.07.01 15:49:03.962,0.76733,0.76741,1.00,1.00
2016.07.01 15:49:04.165,0.7673,0.76741,2.62,1.37
2016.07.01 15:49:04.464,0.7673,0.76738,1.00,1.00
2016.07.01 15:49:04.768,0.7673,0.7674,1.00,1.50
2016.07.01 15:49:06.295,0.76732,0.7674,1.00,1.00
2016.07.01 15:49:06.346,0.7673,0.7674,1.87,1.00
2016.07.01 15:49:06.983,0.76731,0.76741,1.00,1.50
2016.07.01 15:49:07.566,0.76732,0.7674,1.00,1.00
2016.07.01 15:49:08.424,0.76732,0.76741,1.50,1.00
2016.07.01 15:49:10.383,0.76731,0.76741,1.00,1.50
2016.07.01 15:49:10.924,0.7673,0.7674,1.50,1.00
2016.07.01 15:49:11.696,0.76731,0.76741,1.00,1.50
2016.07.01 15:49:12.201,0.76731,0.7674,1.00,1.00
2016.07.01 15:49:13.594,0.76731,0.76741,1.50,1.00
2016.07.01 15:49:15.194,0.76731,0.7674,1.00,1.00
2016.07.01 15:49:15.990,0.7673,0.76738,1.00,1.00
2016.07.01 15:49:16.531,0.7673,0.76739,1.00,1.00
2016.07.01 15:49:17.175,0.76729,0.76739,1.00,1.00
2016.07.01 15:49:17.510,0.76729,0.7674,1.00,2.62
2016.07.01 15:49:18.046,0.76728,0.76736,1.00,1.00
2016.07.01 15:49:20.664,0.76728,0.76737,1.00,1.00
2016.07.01 15:49:21.965,0.76729,0.7674,1.00,2.62
2016.07.01 15:49:22.471,0.7673,0.76739,1.00,1.12
2016.07.01 15:49:24.809,0.76728,0.76738,1.00,1.00
2016.07.01 15:49:25.503,0.76729,0.76738,1.00,1.00
2016.07.01 15:49:26.034,0.76729,0.76739,1.00,1.00
2016.07.01 15:49:29.117,0.76731,0.76739,1.00,1.00
2016.07.01 15:49:29.623,0.76731,0.7674,1.00,1.00
2016.07.01 15:49:30.989,0.76731,0.76739,1.00,1.00
2016.07.01 15:49:31.524,0.76731,0.7674,1.00,1.00
2016.07.01 15:49:34.432,0.7673,0.7674,1.50,1.00
2016.07.01 15:49:34.939,0.76731,0.7674,1.00,1.00
2016.07.01 15:49:35.499,0.7673,0.76739,1.00,1.00
2016.07.01 15:49:37.230,0.7673,0.7674,1.00,1.50
2016.07.01 15:49:39.812,0.7673,0.76738,1.50,1.00
2016.07.01 15:49:40.313,0.7673,0.7674,1.50,1.87
2016.07.01 15:49:40.615,0.76737,0.76743,1.00,1.50
2016.07.01 15:49:40.666,0.76737,0.76745,1.50,1.37
2016.07.01 15:49:40.819,0.76737,0.76747,1.87,1.12
2016.07.01 15:49:40.920,0.76739,0.76747,1.00,1.00
2016.07.01 15:49:42.595,0.76737,0.76747,1.87,1.50
2016.07.01 15:49:42.646,0.76739,0.76747,1.00,1.50
2016.07.01 15:49:43.267,0.76739,0.76746,1.00,1.00
2016.07.01 15:49:43.644,0.76739,0.76748,1.00,1.87
2016.07.01 15:49:44.414,0.76739,0.76746,1.00,1.00
2016.07.01 15:49:44.946,0.76738,0.76746,1.00,1.00
2016.07.01 15:49:46.014,0.76736,0.76746,1.87,1.00
2016.07.01 15:49:46.184,0.76736,0.76741,1.00,1.00
2016.07.01 15:49:46.438,0.76735,0.76743,1.87,1.00
2016.07.01 15:49:47.803,0.76736,0.7674,1.00,1.00
2016.07.01 15:49:47.854,0.76736,0.76743,1.00,1.00
2016.07.01 15:49:47.956,0.76733,0.76743,1.50,1.00
2016.07.01 15:49:48.057,0.76733,0.76741,1.00,1.00
2016.07.01 15:49:48.361,0.76732,0.76739,1.50,1.00
2016.07.01 15:49:48.673,0.76731,0.76735,1.00,1.00
2016.07.01 15:49:49.182,0.76732,0.76736,1.00,1.00
2016.07.01 15:49:49.579,0.76728,0.76736,1.00,1.50
2016.07.01 15:49:51.066,0.76728,0.76735,1.00,1.00
2016.07.01 15:50:00.876,0.76727,0.76735,1.00,1.00
2016.07.01 15:50:00.977,0.76725,0.76733,1.87,1.00
2016.07.01 15:50:01.484,0.76726,0.76734,1.00,1.00
2016.07.01 15:50:01.850,0.76726,0.76736,1.00,1.00
2016.07.01 15:50:02.530,0.76727,0.76736,1.00,1.00
2016.07.01 15:50:02.632,0.76725,0.76736,1.87,1.00
2016.07.01 15:50:07.365,0.76724,0.76735,1.37,1.00
2016.07.01 15:50:07.902,0.76723,0.76734,1.00,1.00
2016.07.01 15:50:08.003,0.7672,0.76733,2.77,1.87
2016.07.01 15:50:08.054,0.7672,0.76731,2.70,1.00
2016.07.01 15:50:08.105,0.7672,0.76728,1.95,1.00
2016.07.01 15:50:08.409,0.76718,0.76728,1.00,1.50
2016.07.01 15:50:08.511,0.76717,0.76725,1.12,1.00
2016.07.01 15:50:08.864,0.76717,0.76728,1.12,1.00
2016.07.01 15:50:10.064,0.76717,0.76726,1.12,1.00
2016.07.01 15:50:10.592,0.76716,0.76726,1.00,1.87
2016.07.01 15:50:11.226,0.76715,0.76725,1.50,1.00
2016.07.01 15:50:13.097,0.76715,0.76726,1.50,2.62
2016.07.01 15:50:14.678,0.76715,0.76725,1.50,1.00
2016.07.01 15:50:18.200,0.76715,0.76725,1.00,1.50
2016.07.01 15:50:18.697,0.76713,0.76724,2.25,1.00
2016.07.01 15:50:19.591,0.76714,0.76724,1.00,1.00
2016.07.01 15:50:20.437,0.76714,0.76723,1.00,1.00
2016.07.01 15:50:20.488,0.76714,0.76725,1.00,1.12
2016.07.01 15:50:20.691,0.76715,0.76723,1.00,1.00
2016.07.01 15:50:21.548,0.76715,0.76724,1.00,1.00
2016.07.01 15:50:22.051,0.76716,0.76724,1.00,1.00
2016.07.01 15:50:22.304,0.76714,0.76725,1.50,2.62
2016.07.01 15:50:24.750,0.76714,0.76725,1.50,2.62
2016.07.01 15:50:24.802,0.7671,0.7672,3.82,1.00
2016.07.01 15:50:25.004,0.76707,0.76716,1.57,1.00
2016.07.01 15:50:25.106,0.76704,0.76716,1.20,1.12
2016.07.01 15:50:25.654,0.76704,0.76716,1.00,1.87
2016.07.01 15:50:26.165,0.76704,0.76716,1.12,1.00
2016.07.01 15:50:26.705,0.76705,0.76715,1.00,1.00
2016.07.01 15:50:29.111,0.76709,0.76716,1.00,1.00
2016.07.01 15:50:29.213,0.7671,0.7672,1.00,1.87
2016.07.01 15:50:29.606,0.76706,0.76717,2.70,1.00
2016.07.01 15:50:29.658,0.76706,0.76717,1.57,1.00
2016.07.01 15:50:29.810,0.76708,0.76717,1.00,1.00
2016.07.01 15:50:30.529,0.7671,0.76718,1.00,1.00
2016.07.01 15:50:30.630,0.7671,0.7672,1.00,1.87
2016.07.01 15:50:31.133,0.7671,0.7672,1.50,1.50
2016.07.01 15:50:31.679,0.7671,0.76719,1.00,1.00
2016.07.01 15:50:32.225,0.76709,0.76718,1.00,1.12
2016.07.01 15:50:32.733,0.76711,0.76721,1.50,1.00
2016.07.01 15:50:33.304,0.76711,0.76722,1.50,1.00
2016.07.01 15:50:34.278,0.76711,0.7672,1.50,1.00
2016.07.01 15:50:34.779,0.76711,0.76721,1.50,1.00
2016.07.01 15:50:35.322,0.76711,0.76721,1.50,1.00
2016.07.01 15:50:35.475,0.76711,0.76721,1.87,1.00
2016.07.01 15:50:35.689,0.76713,0.76721,1.12,1.00
2016.07.01 15:50:36.062,0.76715,0.76721,1.00,1.00
2016.07.01 15:50:36.113,0.76715,0.76723,1.12,1.00
2016.07.01 15:50:36.164,0.76717,0.76725,1.50,1.00
2016.07.01 15:50:36.215,0.76717,0.76727,1.87,1.00
2016.07.01 15:50:36.316,0.76718,0.76726,1.37,1.00
2016.07.01 15:50:36.519,0.7672,0.7673,1.00,1.50
2016.07.01 15:50:36.815,0.7672,0.7673,1.50,1.00
2016.07.01 15:50:39.104,0.76721,0.76731,1.37,1.00
2016.07.01 15:50:39.631,0.76721,0.76731,1.12,1.00
2016.07.01 15:50:42.352,0.76721,0.7673,1.12,1.00
2016.07.01 15:50:42.706,0.76723,0.7673,1.00,1.00
2016.07.01 15:50:42.959,0.76723,0.76732,1.50,1.00
2016.07.01 15:50:43.061,0.76723,0.76734,1.50,1.12
2016.07.01 15:50:43.589,0.76723,0.76734,2.62,1.00
2016.07.01 15:50:44.094,0.76724,0.76735,1.10,1.00
2016.07.01 15:50:45.308,0.76725,0.76735,1.00,1.00
2016.07.01 15:50:47.162,0.76725,0.76735,1.47,1.00
2016.07.01 15:50:47.213,0.76731,0.76735,1.00,1.00
2016.07.01 15:50:47.264,0.76731,0.76737,1.00,1.00
2016.07.01 15:50:47.315,0.76733,0.76737,1.00,1.00
2016.07.01 15:50:47.532,0.76734,0.76744,1.10,1.00
2016.07.01 15:50:51.852,0.76733,0.76742,1.50,1.00
2016.07.01 15:50:52.415,0.76733,0.76743,1.00,1.00
2016.07.01 15:50:52.921,0.76734,0.76744,1.00,1.00
2016.07.01 15:50:53.293,0.76734,0.76742,1.00,1.00
2016.07.01 15:50:53.836,0.76735,0.76744,1.00,1.00
2016.07.01 15:50:55.608,0.76734,0.76744,1.12,1.00
2016.07.01 15:50:55.659,0.76732,0.76742,3.07,1.00
2016.07.01 15:50:55.963,0.76732,0.76739,1.00,1.12
2016.07.01 15:50:56.167,0.76728,0.76739,1.50,1.00
2016.07.01 15:50:56.697,0.76728,0.7674,1.50,1.12
2016.07.01 15:50:57.001,0.76727,0.76738,1.50,1.00
2016.07.01 15:50:57.530,0.76727,0.76737,1.00,1.00
2016.07.01 15:51:02.289,0.76728,0.76737,1.00,1.00
2016.07.01 15:51:02.644,0.76728,0.76735,1.00,1.00
2016.07.01 15:51:02.696,0.76726,0.76735,1.00,1.00
2016.07.01 15:51:03.621,0.76725,0.76735,1.00,1.00
2016.07.01 15:51:05.713,0.76728,0.76735,1.00,1.00
2016.07.01 15:51:05.764,0.7673,0.76738,1.00,1.00
2016.07.01 15:51:05.817,0.76732,0.76741,1.00,1.00
2016.07.01 15:51:08.182,0.7673,0.76742,3.37,1.00
2016.07.01 15:51:08.284,0.76729,0.76738,1.00,1.00
2016.07.01 15:51:08.575,0.76727,0.76737,1.00,1.12
2016.07.01 15:51:08.656,0.76726,0.76735,1.00,1.00
2016.07.01 15:51:09.227,0.76724,0.76735,2.62,1.00
2016.07.01 15:51:09.778,0.76724,0.76735,2.25,1.00
2016.07.01 15:51:10.284,0.76725,0.76736,1.00,1.50
2016.07.01 15:51:10.833,0.76726,0.76736,1.00,1.12
2016.07.01 15:51:12.170,0.76727,0.76736,1.00,1.12
2016.07.01 15:51:12.221,0.76727,0.76738,1.50,1.12
2016.07.01 15:51:13.038,0.76728,0.76738,1.00,1.50
2016.07.01 15:51:15.624,0.76727,0.76736,1.00,1.00
2016.07.01 15:51:15.726,0.76726,0.76738,1.00,1.50
2016.07.01 15:51:18.398,0.76726,0.76737,1.50,1.00
2016.07.01 15:51:18.634,0.76733,0.76742,1.12,1.00
2016.07.01 15:51:18.685,0.76733,0.76744,1.12,1.57
2016.07.01 15:51:18.736,0.76734,0.76744,1.37,1.00
2016.07.01 15:51:18.788,0.76734,0.76746,1.37,2.25
2016.07.01 15:51:19.446,0.76735,0.76747,1.12,1.50
2016.07.01 15:51:19.906,0.76737,0.76746,1.00,1.00
2016.07.01 15:51:20.235,0.76734,0.76746,2.62,1.00
2016.07.01 15:51:21.147,0.76735,0.76745,1.00,1.50
2016.07.01 15:51:26.418,0.7674,0.76747,1.00,1.00
2016.07.01 15:51:26.520,0.76741,0.76751,1.00,1.12
2016.07.01 15:51:26.571,0.76741,0.76752,1.12,1.12
2016.07.01 15:51:26.774,0.76741,0.76752,1.75,1.00
2016.07.01 15:51:28.141,0.76744,0.76753,1.00,1.00
2016.07.01 15:51:28.925,0.76747,0.76755,1.00,1.00
2016.07.01 15:51:29.330,0.76746,0.76757,1.50,1.57
2016.07.01 15:51:29.839,0.76745,0.76756,2.25,1.00
2016.07.01 15:51:30.649,0.76746,0.76755,1.37,1.00
2016.07.01 15:51:31.303,0.76746,0.76755,1.12,1.00
2016.07.01 15:51:32.042,0.76746,0.76754,1.12,1.00
2016.07.01 15:51:35.569,0.76747,0.76754,1.00,1.00
2016.07.01 15:51:37.607,0.76748,0.76754,1.00,1.00
2016.07.01 15:51:38.143,0.76747,0.76754,1.00,1.00
2016.07.01 15:51:41.015,0.76748,0.76754,1.00,1.00
2016.07.01 15:51:41.066,0.76751,0.76759,1.00,1.00
2016.07.01 15:51:41.167,0.76752,0.76762,1.50,1.50
2016.07.01 15:51:41.528,0.76753,0.76762,1.75,1.50
2016.07.01 15:51:42.705,0.76754,0.76763,1.50,1.00
2016.07.01 15:51:45.319,0.76754,0.76764,1.50,1.50
2016.07.01 15:51:46.860,0.76758,0.76764,1.00,1.00
2016.07.01 15:51:46.912,0.76758,0.76766,1.00,1.50
2016.07.01 15:51:46.963,0.76756,0.76766,1.00,1.50
2016.07.01 15:51:47.471,0.76756,0.76765,1.00,1.00
2016.07.01 15:51:50.278,0.76756,0.76767,1.00,2.25
2016.07.01 15:51:50.879,0.76757,0.76767,1.00,1.00
2016.07.01 15:51:53.130,0.76757,0.76766,1.00,1.50
2016.07.01 15:51:53.692,0.76756,0.76767,1.50,1.00
2016.07.01 15:52:00.720,0.76755,0.76765,1.12,1.00
2016.07.01 15:52:02.187,0.76753,0.76762,1.00,1.50
2016.07.01 15:52:02.238,0.76751,0.76761,1.00,1.12
2016.07.01 15:52:02.745,0.7675,0.7676,1.50,1.00
2016.07.01 15:52:03.144,0.76752,0.7676,1.12,1.00
2016.07.01 15:52:03.674,0.76753,0.7676,1.00,1.00
2016.07.01 15:52:04.275,0.76752,0.7676,1.87,1.00
2016.07.01 15:52:04.827,0.76753,0.7676,1.00,1.00
2016.07.01 15:52:06.374,0.76752,0.7676,1.87,1.00
2016.07.01 15:52:08.639,0.76754,0.76762,1.00,1.50
2016.07.01 15:52:08.892,0.76752,0.76762,1.57,1.00
2016.07.01 15:52:09.399,0.76753,0.76762,1.00,1.00
2016.07.01 15:52:09.551,0.76755,0.76762,1.00,1.00
2016.07.01 15:52:09.602,0.76755,0.76764,1.00,1.00
2016.07.01 15:52:10.383,0.76754,0.76764,1.00,1.00
2016.07.01 15:52:10.884,0.76754,0.76765,1.00,1.00
2016.07.01 15:52:11.918,0.76752,0.76762,1.50,1.00
2016.07.01 15:52:12.375,0.7675,0.7676,1.00,1.50
2016.07.01 15:52:12.477,0.76749,0.76758,1.37,1.00
2016.07.01 15:52:12.630,0.76748,0.76758,1.00,1.00
2016.07.01 15:52:16.530,0.76748,0.76757,1.00,1.00
2016.07.01 15:52:17.701,0.76746,0.76757,2.25,1.00
2016.07.01 15:52:18.233,0.76748,0.76757,1.00,1.00
2016.07.01 15:52:19.217,0.7675,0.76757,1.00,1.00
2016.07.01 15:52:25.132,0.76748,0.76757,1.50,1.12
2016.07.01 15:52:25.687,0.76747,0.76756,1.50,1.00
2016.07.01 15:52:26.227,0.76747,0.76755,1.50,1.00
2016.07.01 15:52:30.310,0.76746,0.76755,1.50,1.00
2016.07.01 15:52:30.836,0.76745,0.76754,1.87,1.50
2016.07.01 15:52:31.848,0.76745,0.76753,1.12,1.00
2016.07.01 15:52:33.618,0.76744,0.76753,1.00,1.00
2016.07.01 15:52:36.085,0.76743,0.76753,1.50,1.00
2016.07.01 15:52:36.367,0.76745,0.76753,1.00,1.00
2016.07.01 15:52:37.608,0.76743,0.76753,1.50,1.00
2016.07.01 15:52:38.177,0.76744,0.76753,1.00,1.00
2016.07.01 15:52:40.328,0.76744,0.76754,1.50,1.50
2016.07.01 15:52:40.430,0.76746,0.76754,1.00,1.50
2016.07.01 15:52:40.737,0.76748,0.76755,1.00,1.00
2016.07.01 15:52:42.072,0.76747,0.76755,1.00,1.50
2016.07.01 15:52:44.255,0.76746,0.76755,2.25,1.00
2016.07.01 15:52:45.301,0.76748,0.76755,1.00,1.00
2016.07.01 15:52:45.402,0.76746,0.76755,1.50,1.00
2016.07.01 15:52:45.555,0.76747,0.76755,1.50,1.00
2016.07.01 15:52:46.350,0.76746,0.76755,1.00,1.50
2016.07.01 15:52:48.529,0.76748,0.76757,1.00,1.00
2016.07.01 15:52:49.909,0.76747,0.76757,1.12,1.00
2016.07.01 15:52:50.495,0.76748,0.76757,1.00,1.00
2016.07.01 15:52:52.741,0.76751,0.76758,1.00,1.00
2016.07.01 15:52:52.894,0.76751,0.7676,1.50,1.00
2016.07.01 15:52:53.025,0.76753,0.76762,1.12,1.00
2016.07.01 15:52:53.756,0.76754,0.76762,1.00,1.00
2016.07.01 15:52:54.381,0.76752,0.76762,2.32,1.00
2016.07.01 15:52:56.992,0.76754,0.76762,1.00,1.00
2016.07.01 15:52:58.878,0.76755,0.76762,1.00,1.00
2016.07.01 15:52:59.437,0.76755,0.76763,1.00,1.00
2016.07.01 15:53:00.030,0.76754,0.76763,1.00,1.00
2016.07.01 15:53:04.627,0.76754,0.76761,1.50,1.00
2016.07.01 15:53:04.919,0.76752,0.76761,1.00,1.50
2016.07.01 15:53:05.435,0.76753,0.76761,1.00,1.50
2016.07.01 15:53:08.860,0.76752,0.76761,1.50,2.25
2016.07.01 15:53:10.163,0.76753,0.76761,1.00,1.50
2016.07.01 15:53:12.068,0.76752,0.76761,1.00,1.50
2016.07.01 15:53:13.172,0.76752,0.7676,1.50,1.00
2016.07.01 15:53:13.375,0.76752,0.76758,1.00,1.00
2016.07.01 15:53:13.477,0.76748,0.76756,1.50,1.50
2016.07.01 15:53:13.528,0.76747,0.76754,2.25,1.00
2016.07.01 15:53:13.630,0.76749,0.76756,1.00,1.00
2016.07.01 15:53:13.939,0.76751,0.76759,1.00,1.50
2016.07.01 15:53:14.909,0.76751,0.76756,1.00,1.00
2016.07.01 15:53:15.011,0.76747,0.76756,1.00,1.00
2016.07.01 15:53:15.286,0.76745,0.76755,1.00,1.00
2016.07.01 15:53:15.825,0.76746,0.76755,1.00,1.00
2016.07.01 15:53:17.096,0.76749,0.76756,1.00,1.00
2016.07.01 15:53:17.248,0.76749,0.76759,1.12,1.50
2016.07.01 15:53:17.299,0.76751,0.76759,1.00,1.50
2016.07.01 15:53:17.831,0.76751,0.76758,1.00,1.00
2016.07.01 15:53:18.424,0.76751,0.76759,1.00,1.00
2016.07.01 15:53:19.019,0.76751,0.76758,1.00,1.00
2016.07.01 15:53:19.222,0.76751,0.7676,1.00,2.25
2016.07.01 15:53:19.828,0.76751,0.7676,1.37,1.00
2016.07.01 15:53:22.227,0.76753,0.76761,1.00,1.00
2016.07.01 15:53:22.733,0.76754,0.7676,1.00,1.00
2016.07.01 15:53:23.406,0.76753,0.7676,1.00,1.00
2016.07.01 15:53:24.334,0.76751,0.76761,1.87,1.00
2016.07.01 15:53:24.851,0.76752,0.76762,1.75,1.00
2016.07.01 15:53:25.487,0.76754,0.7676,1.12,1.00
2016.07.01 15:53:25.538,0.76754,0.76763,1.12,1.50
2016.07.01 15:53:27.403,0.76756,0.76763,1.00,1.50
2016.07.01 15:53:27.657,0.76756,0.76765,1.00,1.50
2016.07.01 15:53:27.811,0.7676,0.76766,1.00,1.00
2016.07.01 15:53:28.365,0.76755,0.76765,2.25,1.00
2016.07.01 15:53:28.417,0.76758,0.76766,1.00,1.00
2016.07.01 15:53:29.945,0.76759,0.76766,1.00,1.00
2016.07.01 15:53:30.534,0.76758,0.76766,1.12,1.00
2016.07.01 15:53:32.062,0.76758,0.76768,1.12,1.00
2016.07.01 15:53:35.225,0.76755,0.76766,2.32,1.50
2016.07.01 15:53:35.427,0.76755,0.76765,1.00,1.00
2016.07.01 15:53:36.298,0.76755,0.76766,1.00,1.00
2016.07.01 15:53:36.802,0.76756,0.76766,1.00,1.00
2016.07.01 15:53:37.999,0.7676,0.76766,1.00,1.00
2016.07.01 15:53:38.232,0.76762,0.76773,1.57,1.12
2016.07.01 15:53:38.334,0.76762,0.76773,2.32,1.12
2016.07.01 15:53:38.866,0.76764,0.76774,1.50,1.00
2016.07.01 15:53:39.372,0.76764,0.76773,1.00,1.00
2016.07.01 15:53:40.259,0.76763,0.76774,1.00,1.50
2016.07.01 15:53:40.757,0.76762,0.76771,1.00,1.00
2016.07.01 15:53:40.909,0.76759,0.7677,1.12,1.50
2016.07.01 15:53:41.180,0.76762,0.76773,1.00,1.37
2016.07.01 15:53:41.231,0.76763,0.76773,1.00,1.12
2016.07.01 15:53:41.737,0.76762,0.76772,1.47,1.00
2016.07.01 15:53:43.041,0.76763,0.76774,1.12,1.00
2016.07.01 15:53:43.142,0.76765,0.76774,1.00,1.00
2016.07.01 15:53:44.040,0.76765,0.76769,1.00,1.00
2016.07.01 15:53:44.092,0.76759,0.76769,1.50,1.00
2016.07.01 15:53:44.144,0.76758,0.76768,2.25,1.00
2016.07.01 15:53:44.685,0.76759,0.76768,1.00,1.50
2016.07.01 15:53:45.278,0.76758,0.7677,1.00,2.25
2016.07.01 15:53:45.660,0.76761,0.76767,1.50,1.12
2016.07.01 15:53:45.914,0.76764,0.76774,1.00,1.00
2016.07.01 15:53:45.965,0.76764,0.76776,1.00,1.00
2016.07.01 15:53:46.486,0.76764,0.76777,2.25,2.25
2016.07.01 15:53:47.469,0.76766,0.76776,1.00,1.00
2016.07.01 15:53:49.283,0.76766,0.76772,1.00,1.00
2016.07.01 15:53:49.339,0.76759,0.76772,1.87,3.37
2016.07.01 15:53:49.390,0.76759,0.7677,1.12,1.50
2016.07.01 15:53:49.694,0.76757,0.76769,1.20,1.12
2016.07.01 15:53:49.745,0.76757,0.76768,1.10,1.37
2016.07.01 15:53:50.460,0.76755,0.76768,1.00,2.25
2016.07.01 15:53:52.003,0.76756,0.76767,1.00,1.12
2016.07.01 15:53:52.525,0.76757,0.76768,1.00,1.12
2016.07.01 15:53:53.046,0.76757,0.76767,1.50,1.00
2016.07.01 15:53:54.006,0.76757,0.76768,2.25,1.00
2016.07.01 15:53:54.731,0.76757,0.76767,1.00,1.00
2016.07.01 15:53:55.238,0.76756,0.76766,1.00,1.00
2016.07.01 15:53:55.786,0.76756,0.76768,1.00,1.12
2016.07.01 15:53:56.230,0.76759,0.76769,1.00,1.00
2016.07.01 15:53:56.708,0.76756,0.76767,1.37,1.00
2016.07.01 15:53:56.759,0.76755,0.76767,2.25,1.00
2016.07.01 15:53:57.012,0.76757,0.76767,1.00,1.12
2016.07.01 15:53:58.910,0.76756,0.76766,1.00,1.00
2016.07.01 15:53:59.452,0.76755,0.76767,1.12,1.12
2016.07.01 15:53:59.995,0.76756,0.76768,1.50,1.87
2016.07.01 15:54:06.336,0.76757,0.76766,1.00,1.00
2016.07.01 15:54:06.590,0.76757,0.76768,1.50,1.87
2016.07.01 15:54:07.827,0.76757,0.76767,1.50,1.00
2016.07.01 15:54:08.948,0.7676,0.7677,1.50,1.50
2016.07.01 15:54:10.306,0.7676,0.76771,1.50,1.00
2016.07.01 15:54:12.434,0.76762,0.76771,1.00,1.00
2016.07.01 15:54:13.298,0.76763,0.76773,1.00,1.00
2016.07.01 15:54:13.712,0.7676,0.7677,1.37,1.00
2016.07.01 15:54:13.763,0.76757,0.7677,2.62,1.00
2016.07.01 15:54:13.814,0.76758,0.76768,1.20,1.00
2016.07.01 15:54:14.321,0.76758,0.76769,1.87,1.00
2016.07.01 15:54:14.697,0.76756,0.76769,3.75,2.25
2016.07.01 15:54:15.004,0.76756,0.76769,3.37,2.62
2016.07.01 15:54:16.240,0.76756,0.76768,1.50,1.87
2016.07.01 15:54:16.745,0.76757,0.76767,1.00,1.12
2016.07.01 15:54:17.273,0.76756,0.76768,1.50,1.87
2016.07.01 15:54:18.629,0.76756,0.76766,1.00,1.00
2016.07.01 15:54:19.857,0.76756,0.76767,1.37,1.00
2016.07.01 15:54:20.382,0.76758,0.76767,1.12,1.00
2016.07.01 15:54:20.462,0.76756,0.76768,1.10,1.00
2016.07.01 15:54:20.513,0.76756,0.76766,1.10,1.00
2016.07.01 15:54:21.031,0.76756,0.76767,1.87,1.00
2016.07.01 15:54:21.336,0.76752,0.76761,2.62,1.10
2016.07.01 15:54:21.439,0.76752,0.7676,1.00,1.00
2016.07.01 15:54:21.541,0.76749,0.76759,1.00,1.00
2016.07.01 15:54:22.635,0.76749,0.76759,1.37,1.00
2016.07.01 15:54:23.141,0.76749,0.76757,1.00,1.00
2016.07.01 15:54:24.360,0.76749,0.76759,1.50,1.00
2016.07.01 15:54:25.304,0.76747,0.76758,1.87,1.00
2016.07.01 15:54:26.982,0.76752,0.7676,1.00,1.95
2016.07.01 15:54:27.033,0.76752,0.76762,1.50,1.37
2016.07.01 15:54:27.135,0.76754,0.76763,1.00,1.00
2016.07.01 15:54:27.665,0.76754,0.76763,1.87,1.00
2016.07.01 15:54:28.214,0.76754,0.76764,1.87,1.00
2016.07.01 15:54:29.156,0.76753,0.76762,1.12,1.00
2016.07.01 15:54:29.851,0.76752,0.76764,1.50,1.87
2016.07.01 15:54:30.213,0.76753,0.76764,1.50,1.50
2016.07.01 15:54:34.935,0.76752,0.76761,1.75,1.00
2016.07.01 15:54:34.987,0.76749,0.7676,2.25,1.00
2016.07.01 15:54:35.089,0.76747,0.76758,2.25,1.00
2016.07.01 15:54:35.191,0.76747,0.76757,1.12,1.12
2016.07.01 15:54:37.527,0.76748,0.76758,1.00,1.50
2016.07.01 15:54:38.081,0.76746,0.76757,1.87,1.00
2016.07.01 15:54:38.534,0.76749,0.76758,1.00,1.00
2016.07.01 15:54:39.074,0.76747,0.76759,2.25,1.00
2016.07.01 15:54:39.529,0.7675,0.76759,1.00,1.00
2016.07.01 15:54:39.834,0.76753,0.76761,1.12,1.00
2016.07.01 15:54:40.343,0.76749,0.76758,1.37,1.00
2016.07.01 15:54:40.395,0.76749,0.76758,1.12,1.00
2016.07.01 15:54:42.294,0.76745,0.76754,5.70,1.00
2016.07.01 15:54:42.345,0.76745,0.76756,3.75,1.50
2016.07.01 15:54:42.700,0.76746,0.76755,1.00,1.00
2016.07.01 15:54:43.939,0.76746,0.76754,1.00,1.00
2016.07.01 15:54:44.143,0.76744,0.76753,1.00,1.00
2016.07.01 15:54:44.688,0.76743,0.76752,1.00,1.00
2016.07.01 15:54:45.248,0.76744,0.76752,1.00,1.50
2016.07.01 15:54:47.814,0.76741,0.7675,1.00,1.00
2016.07.01 15:54:47.976,0.76739,0.7675,3.07,1.50
2016.07.01 15:54:48.027,0.76739,0.76748,1.12,1.00
2016.07.01 15:54:50.527,0.7674,0.76749,1.00,1.00
2016.07.01 15:54:50.831,0.76744,0.76752,1.00,1.50
2016.07.01 15:54:51.924,0.76745,0.76754,1.00,1.00
2016.07.01 15:54:52.025,0.76747,0.76755,1.00,1.00
2016.07.01 15:54:52.127,0.76747,0.76757,1.12,1.50
2016.07.01 15:54:52.674,0.76748,0.76757,1.12,1.50
2016.07.01 15:54:53.943,0.76746,0.76756,1.50,1.00
2016.07.01 15:54:55.849,0.76747,0.76756,1.50,1.00
2016.07.01 15:54:57.220,0.76747,0.76757,1.00,1.00
2016.07.01 15:55:00.382,0.76747,0.76756,1.00,1.00
2016.07.01 15:55:00.963,0.76748,0.76756,1.00,1.50
2016.07.01 15:55:02.645,0.76747,0.76756,1.50,1.50
2016.07.01 15:55:03.187,0.76747,0.76754,1.50,1.00
2016.07.01 15:55:03.663,0.76744,0.76752,1.00,1.00
2016.07.01 15:55:03.765,0.76744,0.7675,1.12,1.00
2016.07.01 15:55:03.918,0.76739,0.76749,2.25,1.50
2016.07.01 15:55:04.122,0.76738,0.76749,1.00,1.50
2016.07.01 15:55:04.477,0.76736,0.76748,1.87,1.00
2016.07.01 15:55:07.692,0.76738,0.76746,1.50,1.00
2016.07.01 15:55:08.083,0.76737,0.76746,1.37,1.00
2016.07.01 15:55:08.599,0.76737,0.76746,1.00,1.00
2016.07.01 15:55:08.752,0.76742,0.76748,1.00,1.00
2016.07.01 15:55:09.106,0.76744,0.76755,1.12,1.50
2016.07.01 15:55:09.644,0.76743,0.76754,1.00,1.50
2016.07.01 15:55:10.476,0.76744,0.76754,1.00,1.50
2016.07.01 15:55:11.257,0.76745,0.76754,1.00,1.00
2016.07.01 15:55:11.807,0.76745,0.76755,1.00,1.50
2016.07.01 15:55:11.959,0.76743,0.76755,1.87,1.00
2016.07.01 15:55:12.893,0.76743,0.76756,2.62,1.50
2016.07.01 15:55:13.444,0.76744,0.76756,1.00,1.50
2016.07.01 15:55:13.861,0.76746,0.76756,1.00,1.50
2016.07.01 15:55:14.805,0.76746,0.76756,1.37,1.00
2016.07.01 15:55:14.960,0.76747,0.76758,1.50,1.50
2016.07.01 15:55:15.967,0.76747,0.76759,1.50,1.50
2016.07.01 15:55:19.030,0.7675,0.76759,1.00,1.00
2016.07.01 15:55:19.081,0.7675,0.76761,1.50,1.50
2016.07.01 15:55:19.132,0.7675,0.76761,1.87,1.50
2016.07.01 15:55:19.680,0.7675,0.7676,1.87,1.00
2016.07.01 15:55:19.782,0.7675,0.7676,1.50,1.00
2016.07.01 15:55:20.295,0.7675,0.76761,1.50,1.00
2016.07.01 15:55:22.397,0.7675,0.7676,1.50,1.00
2016.07.01 15:55:23.387,0.76751,0.76759,1.00,1.00
2016.07.01 15:55:24.026,0.7675,0.76761,1.50,1.50
2016.07.01 15:55:24.669,0.7675,0.7676,1.50,1.00
2016.07.01 15:55:24.872,0.76749,0.76758,1.00,1.00
2016.07.01 15:55:24.923,0.76747,0.76757,2.25,1.00
2016.07.01 15:55:25.568,0.76748,0.76758,1.00,1.00
2016.07.01 15:55:26.095,0.76747,0.76758,1.87,1.00
2016.07.01 15:55:26.600,0.76748,0.76757,1.00,1.00
2016.07.01 15:55:27.123,0.76747,0.76757,1.12,1.00
2016.07.01 15:55:27.397,0.76749,0.76758,1.00,1.50
2016.07.01 15:55:27.610,0.76747,0.76758,1.87,1.50
2016.07.01 15:55:28.921,0.76749,0.76757,1.00,1.00
2016.07.01 15:55:29.424,0.76748,0.76758,1.50,1.00
2016.07.01 15:55:30.448,0.76748,0.76759,1.00,1.00
2016.07.01 15:55:32.646,0.76749,0.76758,1.00,1.00
2016.07.01 15:55:33.138,0.76749,0.7676,1.00,1.50
2016.07.01 15:55:33.240,0.76752,0.7676,1.12,1.00
2016.07.01 15:55:33.752,0.76751,0.76762,1.37,1.00
2016.07.01 15:55:34.268,0.76751,0.76761,1.37,1.00
2016.07.01 15:55:34.826,0.76752,0.76762,1.12,1.50
2016.07.01 15:55:35.155,0.76754,0.76763,1.00,1.50
2016.07.01 15:55:35.257,0.76752,0.76764,1.12,1.00
2016.07.01 15:55:35.783,0.76751,0.76764,1.12,1.87
2016.07.01 15:55:35.935,0.76753,0.76764,1.00,2.62
2016.07.01 15:55:37.525,0.76752,0.76763,1.12,1.00
2016.07.01 15:55:38.025,0.76754,0.76762,1.00,1.00
2016.07.01 15:55:38.367,0.76756,0.76766,1.00,2.25
2016.07.01 15:55:38.439,0.7676,0.76768,1.00,1.20
2016.07.01 15:55:38.619,0.76758,0.7677,1.50,1.00
2016.07.01 15:55:38.674,0.76755,0.76764,1.50,1.00
2016.07.01 15:55:38.724,0.76754,0.76764,1.87,1.00
2016.07.01 15:55:38.877,0.76753,0.76764,3.00,1.00
2016.07.01 15:55:39.079,0.76753,0.76765,3.00,1.00
2016.07.01 15:55:39.181,0.76754,0.76765,1.00,1.00
2016.07.01 15:55:39.334,0.76752,0.76763,2.25,1.00
2016.07.01 15:55:39.868,0.76753,0.76763,1.50,1.00
2016.07.01 15:55:40.527,0.76752,0.76761,1.00,1.00
2016.07.01 15:55:40.732,0.7675,0.76761,1.00,1.00
2016.07.01 15:55:41.100,0.76752,0.76762,1.00,1.00
2016.07.01 15:55:41.354,0.76754,0.76766,1.12,1.87
2016.07.01 15:55:41.887,0.76755,0.76765,1.00,1.12
2016.07.01 15:55:42.452,0.76754,0.76765,1.50,1.12
2016.07.01 15:55:43.231,0.76754,0.76766,1.00,1.50
2016.07.01 15:55:43.741,0.76755,0.76767,1.00,1.00
2016.07.01 15:55:45.041,0.76755,0.76764,1.50,1.00
2016.07.01 15:55:46.343,0.76755,0.76766,1.12,1.00
2016.07.01 15:55:46.852,0.76754,0.76765,2.62,1.00
2016.07.01 15:55:48.136,0.76757,0.76766,1.00,1.00
2016.07.01 15:55:48.649,0.76756,0.76767,1.50,1.00
2016.07.01 15:55:49.194,0.76757,0.76768,1.00,1.50
2016.07.01 15:55:50.449,0.76758,0.76768,1.00,1.00
2016.07.01 15:55:50.955,0.76759,0.76768,1.00,1.00
2016.07.01 15:55:53.551,0.7676,0.76768,1.00,1.00
2016.07.01 15:55:54.052,0.76759,0.76769,1.00,1.00
2016.07.01 15:55:54.576,0.76758,0.76766,1.50,1.00
2016.07.01 15:55:55.079,0.76759,0.76766,1.00,1.00
2016.07.01 15:55:55.181,0.76759,0.7677,1.50,1.50
2016.07.01 15:55:55.740,0.7676,0.76769,1.00,1.00
2016.07.01 15:55:56.389,0.76759,0.76769,2.25,1.00
2016.07.01 15:55:56.800,0.76761,0.76769,1.00,1.00
2016.07.01 15:55:56.903,0.76761,0.76771,1.00,1.00
2016.07.01 15:55:56.954,0.76763,0.76771,1.50,1.00
2016.07.01 15:55:57.005,0.76764,0.76774,1.00,1.87
2016.07.01 15:55:57.160,0.76765,0.76776,1.12,1.50
2016.07.01 15:55:57.414,0.76764,0.76774,1.12,1.00
2016.07.01 15:55:57.738,0.76758,0.76768,1.75,1.00
2016.07.01 15:55:57.841,0.76757,0.76768,1.87,1.00
2016.07.01 15:55:57.943,0.76757,0.76768,1.87,1.00
2016.07.01 15:55:58.512,0.76757,0.76767,1.12,1.00
2016.07.01 15:56:00.049,0.76764,0.76768,1.00,1.00
2016.07.01 15:56:00.101,0.76766,0.76773,1.00,1.20
2016.07.01 15:56:00.152,0.76768,0.76772,1.00,1.00
2016.07.01 15:56:00.332,0.76768,0.76776,1.00,1.37
2016.07.01 15:56:00.383,0.76769,0.76778,1.00,1.00
2016.07.01 15:56:02.039,0.76769,0.76779,1.00,1.00
2016.07.01 15:56:02.090,0.76769,0.76776,1.00,1.00
2016.07.01 15:56:03.644,0.76769,0.76778,1.00,1.00
2016.07.01 15:56:06.967,0.76767,0.76778,1.87,1.37
2016.07.01 15:56:07.489,0.76767,0.76778,1.12,1.50
2016.07.01 15:56:08.842,0.76766,0.76778,1.12,1.50
2016.07.01 15:56:08.893,0.76765,0.76774,2.32,1.00
2016.07.01 15:56:08.996,0.76764,0.76775,1.00,1.00
2016.07.01 15:56:09.047,0.76766,0.76776,1.00,1.87
2016.07.01 15:56:09.200,0.7677,0.7678,1.00,1.50
2016.07.01 15:56:09.714,0.76771,0.76781,1.00,1.87
2016.07.01 15:56:10.224,0.76768,0.76778,1.50,1.00
2016.07.01 15:56:10.326,0.76768,0.7678,1.12,1.50
2016.07.01 15:56:12.120,0.76768,0.76779,1.12,1.00
2016.07.01 15:56:12.223,0.76767,0.76778,1.50,1.87
2016.07.01 15:56:12.325,0.76766,0.76777,1.12,1.07
2016.07.01 15:56:12.427,0.76766,0.76778,1.12,1.20
2016.07.01 15:56:13.023,0.76766,0.76777,1.12,1.00
2016.07.01 15:56:14.026,0.76765,0.76775,3.00,1.00
2016.07.01 15:56:14.085,0.76765,0.76777,3.00,1.50
2016.07.01 15:56:14.631,0.76767,0.76778,1.12,1.57
2016.07.01 15:56:17.779,0.76767,0.76778,1.00,2.25
2016.07.01 15:56:18.297,0.76767,0.76778,1.00,1.87
2016.07.01 15:56:18.948,0.76768,0.76777,1.00,1.00
2016.07.01 15:56:19.642,0.76766,0.76778,2.25,1.12
2016.07.01 15:56:20.191,0.76768,0.76777,1.00,1.00
2016.07.01 15:56:20.699,0.76767,0.76778,1.00,1.12
2016.07.01 15:56:21.436,0.76766,0.76778,1.12,1.87
2016.07.01 15:56:21.968,0.76767,0.76778,1.00,1.50
2016.07.01 15:56:22.215,0.76765,0.76776,1.85,1.50
2016.07.01 15:56:22.317,0.76764,0.76776,1.47,1.00
2016.07.01 15:56:22.847,0.76766,0.76776,1.00,1.00
2016.07.01 15:56:22.949,0.76765,0.76778,1.12,1.00
2016.07.01 15:56:23.568,0.76765,0.76778,2.25,1.00
2016.07.01 15:56:24.126,0.76767,0.76777,1.00,1.00
2016.07.01 15:56:25.770,0.76763,0.76771,1.00,1.00
2016.07.01 15:56:25.873,0.7676,0.76769,1.00,1.00
2016.07.01 15:56:26.025,0.76758,0.76769,1.00,1.00
2016.07.01 15:56:26.799,0.76758,0.76768,1.00,1.00
2016.07.01 15:56:28.348,0.76757,0.76768,1.00,1.50
2016.07.01 15:56:29.364,0.76757,0.76768,1.00,1.87
2016.07.01 15:56:31.160,0.76757,0.76768,1.00,1.50
2016.07.01 15:56:31.869,0.76756,0.76768,1.00,1.87
2016.07.01 15:56:34.651,0.76756,0.76766,1.00,1.00
2016.07.01 15:56:35.213,0.76756,0.76767,1.00,1.00
2016.07.01 15:56:35.869,0.76756,0.76766,1.00,1.00
2016.07.01 15:56:38.043,0.76757,0.76766,1.00,1.00
2016.07.01 15:56:43.449,0.76757,0.76768,1.00,1.87
2016.07.01 15:56:50.652,0.76756,0.76766,1.50,1.00
2016.07.01 15:56:51.375,0.76756,0.76765,1.50,1.00
2016.07.01 15:56:53.182,0.76753,0.76764,2.62,1.50
2016.07.01 15:56:53.284,0.76754,0.76762,1.00,1.00
2016.07.01 15:56:53.791,0.76754,0.76763,1.50,1.00
2016.07.01 15:56:54.363,0.76754,0.76765,1.50,1.50
2016.07.01 15:56:54.905,0.76753,0.76764,1.50,1.00
2016.07.01 15:56:54.956,0.76755,0.76764,1.00,1.00
2016.07.01 15:56:55.159,0.76756,0.76766,1.00,1.00
2016.07.01 15:56:55.463,0.76757,0.76768,1.12,1.50
2016.07.01 15:56:58.278,0.76758,0.76769,1.50,1.12
2016.07.01 15:56:58.881,0.76759,0.7677,1.00,2.25
2016.07.01 15:56:59.400,0.76759,0.76768,1.50,1.00
2016.07.01 15:57:00.456,0.76759,0.76769,2.25,1.00
2016.07.01 15:57:00.978,0.76759,0.76768,1.50,1.50
2016.07.01 15:57:01.751,0.76761,0.76768,1.12,1.00
2016.07.01 15:57:01.802,0.76762,0.76772,1.00,1.50
2016.07.01 15:57:01.853,0.76764,0.76772,1.00,1.00
2016.07.01 15:57:02.224,0.76766,0.76773,1.00,1.00
2016.07.01 15:57:02.732,0.76762,0.76772,1.50,1.50
2016.07.01 15:57:02.783,0.7676,0.76771,1.50,1.50
2016.07.01 15:57:03.290,0.76761,0.76772,1.00,1.00
2016.07.01 15:57:03.710,0.76761,0.7677,1.00,1.00
2016.07.01 15:57:04.217,0.76761,0.7677,1.00,1.37
2016.07.01 15:57:05.663,0.76759,0.76771,1.00,2.25
2016.07.01 15:57:05.764,0.76761,0.7677,1.00,1.37
2016.07.01 15:57:11.179,0.76758,0.76769,1.12,1.00
2016.07.01 15:57:11.688,0.76759,0.7677,1.00,1.50
2016.07.01 15:57:13.389,0.76761,0.76769,1.00,1.00
2016.07.01 15:57:14.898,0.76762,0.7677,1.00,1.12
2016.07.01 15:57:15.416,0.76761,0.76772,1.00,1.37
2016.07.01 15:57:16.096,0.76759,0.7677,1.00,1.00
2016.07.01 15:57:16.198,0.76759,0.7677,1.00,1.50
2016.07.01 15:57:16.517,0.7676,0.76771,1.50,1.00
2016.07.01 15:57:17.098,0.7676,0.76772,1.50,1.50
2016.07.01 15:57:17.836,0.76761,0.76772,1.00,1.50
2016.07.01 15:57:18.351,0.7676,0.76771,1.50,1.00
2016.07.01 15:57:20.658,0.76763,0.76772,1.00,1.00
2016.07.01 15:57:20.861,0.76766,0.76776,1.12,1.50
2016.07.01 15:57:21.388,0.76767,0.76776,1.00,1.50
2016.07.01 15:57:22.007,0.76767,0.76775,1.00,1.00
2016.07.01 15:57:22.058,0.76764,0.76775,1.12,1.00
2016.07.01 15:57:23.294,0.76765,0.76775,1.00,1.00
2016.07.01 15:57:23.883,0.76764,0.76774,1.87,1.00
2016.07.01 15:57:30.828,0.76763,0.76773,1.12,1.00
2016.07.01 15:57:30.930,0.76763,0.76771,1.00,1.00
2016.07.01 15:57:31.795,0.76762,0.76771,1.00,2.62
2016.07.01 15:57:32.128,0.7676,0.7677,1.87,1.00
2016.07.01 15:57:32.737,0.76761,0.76771,1.00,2.25
2016.07.01 15:57:33.282,0.76761,0.7677,1.00,1.00
2016.07.01 15:57:34.049,0.7676,0.7677,1.12,1.00
2016.07.01 15:57:34.252,0.76759,0.76766,1.50,1.00
2016.07.01 15:57:34.557,0.76754,0.76763,1.00,1.00
2016.07.01 15:57:34.973,0.76757,0.76763,1.00,1.50
2016.07.01 15:57:36.112,0.76757,0.76762,1.00,1.00
2016.07.01 15:57:36.315,0.76756,0.76764,1.00,1.50
2016.07.01 15:57:36.576,0.7676,0.76767,1.00,1.00
2016.07.01 15:57:37.020,0.76759,0.76769,1.00,1.50
2016.07.01 15:57:38.583,0.7676,0.76769,1.00,1.50
2016.07.01 15:57:39.148,0.76759,0.76769,1.12,1.50
2016.07.01 15:57:39.958,0.76757,0.76768,3.00,1.00
2016.07.01 15:57:40.059,0.76756,0.76765,1.50,1.00
2016.07.01 15:57:40.263,0.76754,0.76765,2.25,1.00
2016.07.01 15:57:40.365,0.76759,0.76768,1.00,2.25
2016.07.01 15:57:40.467,0.76759,0.76768,1.00,1.50
2016.07.01 15:57:41.509,0.76759,0.76767,1.00,1.00
2016.07.01 15:57:41.571,0.76758,0.76763,1.00,1.00
2016.07.01 15:57:42.068,0.76751,0.76761,1.50,1.87
2016.07.01 15:57:42.170,0.76751,0.76763,1.50,1.12
2016.07.01 15:57:43.654,0.76751,0.76761,1.87,1.00
2016.07.01 15:57:44.166,0.76751,0.76762,1.87,1.00
2016.07.01 15:57:44.968,0.76752,0.76762,1.00,1.00
2016.07.01 15:57:45.491,0.76752,0.76763,1.00,1.87
2016.07.01 15:57:48.878,0.76751,0.76763,1.12,1.87
2016.07.01 15:57:49.875,0.76752,0.76762,1.00,1.00
2016.07.01 15:57:51.466,0.76751,0.76763,1.12,1.87
2016.07.01 15:57:51.967,0.76751,0.76762,1.12,1.50
2016.07.01 15:57:53.477,0.76751,0.76763,1.12,1.87
2016.07.01 15:57:53.786,0.76753,0.76764,1.00,1.37
2016.07.01 15:57:54.293,0.76752,0.76764,1.00,2.25
2016.07.01 15:57:54.851,0.76752,0.76763,1.00,1.00
2016.07.01 15:57:57.686,0.76751,0.76762,1.50,1.00
2016.07.01 15:57:58.193,0.76752,0.76763,1.00,1.00
2016.07.01 15:58:01.726,0.76754,0.76764,1.00,2.25
2016.07.01 15:58:02.182,0.76756,0.76767,1.00,1.87
2016.07.01 15:58:02.861,0.76757,0.76767,1.00,1.50
2016.07.01 15:58:04.475,0.76758,0.76766,1.00,1.00
2016.07.01 15:58:05.257,0.76758,0.76764,1.00,1.00
2016.07.01 15:58:05.309,0.76753,0.76763,1.87,1.00
2016.07.01 15:58:05.410,0.76752,0.76762,1.00,1.00
2016.07.01 15:58:08.087,0.7675,0.76762,3.00,1.00
2016.07.01 15:58:08.290,0.76752,0.76761,1.00,1.00
2016.07.01 15:58:09.539,0.76755,0.76761,1.00,1.00
2016.07.01 15:58:09.590,0.76756,0.76765,1.00,1.20
2016.07.01 15:58:09.692,0.76757,0.76766,1.50,1.00
2016.07.01 15:58:10.198,0.76757,0.76767,1.50,1.00
2016.07.01 15:58:11.591,0.76757,0.76768,2.25,1.50
2016.07.01 15:58:12.109,0.76759,0.76768,1.00,1.00
2016.07.01 15:58:12.638,0.76759,0.76767,1.00,1.00
2016.07.01 15:58:13.169,0.76759,0.76768,1.00,1.00
2016.07.01 15:58:15.807,0.76759,0.76767,1.00,1.00
2016.07.01 15:58:16.814,0.76759,0.76766,1.00,1.00
2016.07.01 15:58:17.400,0.76759,0.76767,1.00,1.00
2016.07.01 15:58:21.510,0.76759,0.76768,1.00,1.12
2016.07.01 15:58:23.321,0.76759,0.76766,1.00,1.00
2016.07.01 15:58:23.822,0.7676,0.76766,1.00,1.00
2016.07.01 15:58:25.435,0.76758,0.76766,1.50,1.00
2016.07.01 15:58:25.847,0.76757,0.76768,1.12,1.00
2016.07.01 15:58:31.414,0.76757,0.76766,2.62,1.00
2016.07.01 15:58:31.948,0.76758,0.76766,1.00,1.00
2016.07.01 15:58:32.449,0.76757,0.76767,1.87,1.00
2016.07.01 15:58:33.039,0.76757,0.76768,2.62,1.00
2016.07.01 15:58:35.420,0.76757,0.76767,1.12,1.00
2016.07.01 15:58:42.194,0.76756,0.76766,2.25,1.00
2016.07.01 15:58:42.295,0.76754,0.76765,1.87,1.50
2016.07.01 15:58:42.346,0.76754,0.76763,1.00,1.50
2016.07.01 15:58:42.499,0.76751,0.76762,1.37,1.87
2016.07.01 15:58:43.005,0.76751,0.76762,1.50,1.00
2016.07.01 15:58:43.056,0.76752,0.76763,1.87,1.50
2016.07.01 15:58:45.285,0.76753,0.76764,1.87,1.50
2016.07.01 15:58:45.916,0.76756,0.76764,1.00,1.00
2016.07.01 15:58:45.967,0.76758,0.76767,1.00,1.57
2016.07.01 15:58:47.662,0.76759,0.76767,1.00,1.50
2016.07.01 15:58:48.165,0.76758,0.76767,1.00,1.50
2016.07.01 15:58:48.267,0.76757,0.76765,1.12,1.00
2016.07.01 15:58:48.469,0.76754,0.76766,3.45,1.00
2016.07.01 15:58:48.979,0.76755,0.76765,1.00,1.00
2016.07.01 15:58:50.358,0.76755,0.76766,1.50,3.00
2016.07.01 15:58:50.865,0.76755,0.76765,1.00,1.00
2016.07.01 15:58:53.053,0.76755,0.76766,1.50,2.25
2016.07.01 15:58:53.905,0.76755,0.76765,1.00,1.00
2016.07.01 15:58:54.424,0.76758,0.76766,1.00,1.00
2016.07.01 15:58:54.881,0.76759,0.76768,1.00,1.50
2016.07.01 15:58:55.867,0.76758,0.76768,1.00,1.50
2016.07.01 15:58:57.698,0.76757,0.76768,1.00,1.50
2016.07.01 15:58:58.217,0.76757,0.76767,1.00,1.00
2016.07.01 15:58:58.747,0.76757,0.76766,1.00,1.00
2016.07.01 15:59:02.829,0.76757,0.76767,1.12,1.50
2016.07.01 15:59:04.392,0.76758,0.76766,1.00,1.00
2016.07.01 15:59:08.999,0.76757,0.76767,1.50,1.00
2016.07.01 15:59:17.238,0.76759,0.76767,1.00,1.50
2016.07.01 15:59:17.341,0.76757,0.76769,1.00,1.50
2016.07.01 15:59:18.534,0.76757,0.76768,1.50,1.00
2016.07.01 15:59:19.695,0.76757,0.76766,1.00,1.00
2016.07.01 15:59:19.899,0.76754,0.76764,1.50,1.00
2016.07.01 15:59:20.405,0.76753,0.76763,2.47,1.00
2016.07.01 15:59:23.448,0.76754,0.76763,1.00,1.50
2016.07.01 15:59:26.442,0.76753,0.76762,1.30,1.00
2016.07.01 15:59:28.264,0.7675,0.76761,3.75,1.00
2016.07.01 15:59:28.315,0.7675,0.76761,3.75,1.00
2016.07.01 15:59:31.667,0.76753,0.76761,1.00,1.00
2016.07.01 15:59:32.263,0.76752,0.76761,1.00,1.00
2016.07.01 15:59:35.769,0.76752,0.76763,1.00,1.87
2016.07.01 15:59:36.294,0.76751,0.76763,1.87,1.50
2016.07.01 15:59:36.943,0.76751,0.76762,1.50,1.00
2016.07.01 15:59:37.452,0.76751,0.76763,1.50,1.50
2016.07.01 15:59:38.462,0.7675,0.76762,3.37,1.00
2016.07.01 15:59:38.513,0.76752,0.76762,1.00,1.00
2016.07.01 15:59:39.597,0.76756,0.76762,1.00,1.00
2016.07.01 15:59:39.699,0.76757,0.76767,1.00,1.50
2016.07.01 15:59:39.802,0.76758,0.76767,1.50,1.37
2016.07.01 15:59:39.854,0.7676,0.76768,1.00,1.00
2016.07.01 15:59:40.361,0.76759,0.76767,1.00,1.00
2016.07.01 15:59:40.905,0.76758,0.76767,1.00,1.50
2016.07.01 15:59:41.494,0.76759,0.76768,1.00,1.50
2016.07.01 15:59:44.021,0.76759,0.76769,1.00,1.00
2016.07.01 15:59:44.623,0.76758,0.76769,1.00,1.00
2016.07.01 15:59:45.016,0.7676,0.76768,1.00,1.00
2016.07.01 15:59:45.524,0.76759,0.76769,1.50,1.00
2016.07.01 15:59:46.130,0.7676,0.76769,1.00,1.00
2016.07.01 15:59:47.209,0.76761,0.76769,1.00,1.50
2016.07.01 15:59:47.310,0.76759,0.76769,1.50,1.00
2016.07.01 15:59:47.831,0.7676,0.76769,1.00,1.00
2016.07.01 15:59:49.807,0.76762,0.76769,1.00,1.00
2016.07.01 15:59:50.180,0.76759,0.76768,1.00,1.50
2016.07.01 15:59:50.859,0.76757,0.76767,2.32,1.00
2016.07.01 15:59:52.787,0.76757,0.76764,2.25,1.00
2016.07.01 15:59:52.991,0.76753,0.76763,1.00,1.50
2016.07.01 15:59:53.396,0.76755,0.76763,1.00,1.00
2016.07.01 15:59:53.752,0.76754,0.76765,1.12,1.50
2016.07.01 15:59:53.803,0.76757,0.76765,1.00,1.00
2016.07.01 15:59:54.006,0.76754,0.76765,1.57,1.00
2016.07.01 15:59:54.802,0.76757,0.76765,1.00,1.00
2016.07.01 15:59:56.605,0.76755,0.76765,1.20,1.00
2016.07.01 15:59:57.090,0.76757,0.76765,1.00,1.00
2016.07.01 15:59:58.653,0.76757,0.76762,1.00,1.00
2016.07.01 15:59:58.704,0.76753,0.76762,3.00,1.50
2016.07.01 15:59:58.755,0.76752,0.76758,1.12,1.00
2016.07.01 15:59:58.825,0.7675,0.76757,1.37,1.00
2016.07.01 15:59:59.051,0.76751,0.76759,1.37,1.12
2016.07.01 15:59:59.173,0.76749,0.76761,1.00,1.50
