2015.01.20 01:00:00.095,0.96512,0.96521,1.00,2.62
2015.01.20 01:00:00.146,0.9651,0.96521,1.00,2.70
2015.01.20 01:00:00.248,0.96506,0.9652,1.57,1.52
2015.01.20 01:00:00.401,0.96509,0.9652,1.10,1.57
2015.01.20 01:00:00.452,0.96511,0.96521,1.00,1.50
2015.01.20 01:00:00.503,0.96511,0.96521,1.10,1.00
2015.01.20 01:00:00.554,0.96511,0.96526,1.10,3.15
2015.01.20 01:00:00.707,0.9651,0.96524,1.65,1.87
2015.01.20 01:00:01.011,0.96515,0.96528,1.15,1.50
2015.01.20 01:00:01.518,0.96515,0.96529,1.15,1.50
2015.01.20 01:00:01.620,0.96511,0.96529,1.25,1.90
2015.01.20 01:00:02.146,0.96511,0.96528,1.25,1.27
2015.01.20 01:00:02.318,0.96512,0.96528,3.07,1.90
2015.01.20 01:00:02.420,0.96513,0.96527,2.32,1.07
2015.01.20 01:00:02.623,0.96516,0.96528,1.15,1.07
2015.01.20 01:00:02.825,0.96515,0.96531,3.07,1.20
2015.01.20 01:00:03.280,0.96514,0.96528,2.32,2.25
2015.01.20 01:00:03.331,0.96511,0.96528,1.20,2.40
2015.01.20 01:00:03.382,0.9651,0.96528,1.87,2.85
2015.01.20 01:00:03.534,0.96509,0.96525,1.27,2.02
2015.01.20 01:00:03.636,0.96506,0.96524,3.07,1.65
2015.01.20 01:00:03.738,0.96506,0.96524,3.07,1.65
2015.01.20 01:00:03.990,0.96504,0.96522,1.27,4.27
2015.01.20 01:00:04.041,0.96504,0.9652,1.25,1.35
2015.01.20 01:00:04.255,0.96505,0.96523,1.35,1.27
2015.01.20 01:00:04.509,0.96504,0.96521,1.27,2.77
2015.01.20 01:00:04.560,0.96503,0.9652,1.35,1.22
2015.01.20 01:00:05.022,0.96499,0.96517,3.90,2.70
2015.01.20 01:00:05.426,0.96499,0.96516,3.45,1.07
2015.01.20 01:00:05.729,0.96498,0.96516,2.10,4.95
2015.01.20 01:00:06.585,0.96501,0.96514,2.25,1.07
2015.01.20 01:00:06.636,0.96501,0.96516,4.20,1.20
2015.01.20 01:00:06.687,0.96506,0.96516,2.25,1.10
2015.01.20 01:00:06.789,0.96507,0.9652,2.32,1.50
2015.01.20 01:00:06.890,0.96511,0.96523,2.25,1.20
2015.01.20 01:00:07.093,0.96512,0.96525,2.32,1.57
2015.01.20 01:00:07.146,0.96511,0.96525,4.50,1.47
2015.01.20 01:00:07.197,0.96517,0.96525,2.25,1.10
2015.01.20 01:00:07.400,0.96516,0.9653,1.15,1.27
2015.01.20 01:00:07.653,0.96513,0.96529,1.17,1.35
2015.01.20 01:00:07.704,0.96511,0.96526,1.20,2.62
2015.01.20 01:00:07.855,0.96508,0.96523,1.75,1.15
2015.01.20 01:00:08.376,0.96509,0.96525,2.77,2.70
2015.01.20 01:00:08.478,0.96512,0.96528,1.07,1.62
2015.01.20 01:00:09.005,0.96512,0.96528,3.07,1.35
2015.01.20 01:00:09.308,0.96511,0.96522,1.57,2.25
2015.01.20 01:00:09.511,0.96504,0.96518,1.95,2.70
2015.01.20 01:00:09.765,0.96506,0.96517,1.12,1.17
2015.01.20 01:00:10.624,0.96506,0.96521,1.20,5.62
2015.01.20 01:00:10.826,0.96506,0.96521,1.65,1.52
2015.01.20 01:00:10.928,0.96506,0.9652,1.35,1.20
2015.01.20 01:00:11.333,0.96504,0.96516,1.95,2.62
2015.01.20 01:00:11.384,0.96504,0.96515,1.00,1.52
2015.01.20 01:00:11.586,0.96507,0.96512,1.00,1.10
2015.01.20 01:00:12.106,0.96499,0.96514,1.27,1.15
2015.01.20 01:00:12.360,0.96507,0.96514,1.00,1.15
2015.01.20 01:00:12.754,0.96505,0.96514,1.00,1.15
2015.01.20 01:00:13.181,0.96504,0.96516,1.07,1.15
2015.01.20 01:00:13.284,0.96505,0.96518,1.87,5.25
2015.01.20 01:00:13.588,0.96507,0.96515,1.12,1.10
2015.01.20 01:00:13.690,0.96506,0.96515,1.87,1.17
2015.01.20 01:00:14.146,0.96506,0.96515,1.12,1.10
2015.01.20 01:00:14.252,0.96506,0.96517,3.07,1.00
2015.01.20 01:00:14.354,0.96511,0.96517,1.12,1.20
2015.01.20 01:00:15.012,0.96508,0.96519,1.12,1.15
2015.01.20 01:00:15.519,0.96511,0.9652,1.10,1.15
2015.01.20 01:00:15.773,0.96512,0.9652,1.10,1.10
2015.01.20 01:00:15.985,0.96512,0.9652,1.87,1.10
2015.01.20 01:00:16.491,0.96513,0.96523,1.87,1.15
2015.01.20 01:00:17.900,0.96512,0.96524,1.10,3.07
2015.01.20 01:00:18.204,0.96513,0.96523,1.20,1.15
2015.01.20 01:00:19.320,0.96509,0.96522,1.07,1.15
2015.01.20 01:00:19.471,0.96507,0.96521,2.25,1.65
2015.01.20 01:00:19.674,0.9651,0.96521,1.00,1.15
2015.01.20 01:00:20.271,0.96509,0.96521,3.75,1.15
2015.01.20 01:00:20.575,0.96515,0.96524,1.00,1.27
2015.01.20 01:00:20.677,0.96513,0.96524,1.57,1.17
2015.01.20 01:00:20.980,0.9651,0.96523,4.12,1.17
2015.01.20 01:00:22.256,0.96511,0.96522,3.37,1.00
2015.01.20 01:00:22.357,0.96511,0.96525,1.12,1.15
2015.01.20 01:00:22.711,0.9651,0.96524,1.10,1.20
2015.01.20 01:00:23.038,0.96508,0.96522,1.72,1.00
2015.01.20 01:00:23.581,0.96509,0.96522,1.12,1.17
2015.01.20 01:00:24.401,0.96508,0.96522,1.12,1.17
2015.01.20 01:00:24.921,0.9651,0.96522,1.00,1.15
2015.01.20 01:00:25.282,0.9651,0.9652,1.00,1.15
2015.01.20 01:00:25.434,0.96505,0.96513,1.00,1.00
2015.01.20 01:00:25.536,0.96502,0.96512,1.12,1.00
2015.01.20 01:00:26.063,0.96503,0.96511,1.00,1.00
2015.01.20 01:00:26.114,0.96504,0.96514,1.00,1.15
2015.01.20 01:00:26.216,0.96504,0.96516,1.00,1.27
2015.01.20 01:00:26.740,0.96504,0.96511,1.00,1.57
2015.01.20 01:00:26.892,0.96496,0.96508,2.25,3.07
2015.01.20 01:00:26.993,0.96499,0.96507,1.00,1.10
2015.01.20 01:00:27.094,0.96497,0.96507,1.00,1.12
2015.01.20 01:00:27.196,0.96499,0.96511,1.10,1.12
2015.01.20 01:00:27.297,0.96497,0.96511,1.00,2.02
2015.01.20 01:00:27.348,0.96497,0.9651,1.00,2.70
2015.01.20 01:00:27.399,0.96495,0.96506,1.00,1.10
2015.01.20 01:00:27.749,0.96492,0.96506,1.87,1.10
2015.01.20 01:00:27.850,0.96493,0.96504,1.00,1.00
2015.01.20 01:00:28.154,0.96492,0.96502,1.00,1.27
2015.01.20 01:00:28.495,0.96489,0.965,1.12,1.00
2015.01.20 01:00:29.000,0.9649,0.965,1.00,1.00
2015.01.20 01:00:29.314,0.96488,0.965,1.50,1.20
2015.01.20 01:00:29.527,0.96485,0.96498,1.65,1.00
2015.01.20 01:00:29.577,0.96485,0.96498,1.47,3.07
2015.01.20 01:00:29.830,0.96484,0.96494,1.00,1.10
2015.01.20 01:00:30.083,0.96482,0.96494,1.00,1.20
2015.01.20 01:00:30.185,0.96484,0.96494,1.00,1.10
2015.01.20 01:00:30.495,0.96488,0.96498,1.00,2.00
2015.01.20 01:00:30.597,0.96488,0.96498,1.00,1.20
2015.01.20 01:00:30.698,0.96489,0.96501,1.00,2.02
2015.01.20 01:00:31.227,0.96488,0.96501,1.00,2.02
2015.01.20 01:00:31.278,0.96491,0.96501,1.00,2.02
2015.01.20 01:00:31.582,0.96496,0.96503,1.00,1.95
2015.01.20 01:00:31.734,0.96496,0.96503,1.50,1.00
2015.01.20 01:00:31.835,0.96496,0.9651,1.00,2.02
2015.01.20 01:00:31.886,0.96496,0.96509,1.00,2.32
2015.01.20 01:00:31.937,0.96493,0.96507,1.57,1.17
2015.01.20 01:00:32.139,0.96496,0.96506,1.00,1.17
2015.01.20 01:00:32.291,0.96496,0.9651,1.00,1.72
2015.01.20 01:00:32.393,0.96494,0.96506,3.90,1.00
2015.01.20 01:00:32.646,0.96486,0.96498,1.12,1.55
2015.01.20 01:00:32.805,0.9648,0.96496,1.27,1.17
2015.01.20 01:00:32.907,0.9648,0.96496,2.02,1.17
2015.01.20 01:00:34.559,0.9649,0.96499,1.00,2.70
2015.01.20 01:00:34.610,0.9649,0.965,1.00,2.40
2015.01.20 01:00:34.812,0.9649,0.96502,1.00,1.95
2015.01.20 01:00:35.117,0.96488,0.96504,1.00,2.00
2015.01.20 01:00:35.168,0.96488,0.96504,1.00,1.35
2015.01.20 01:00:35.755,0.96489,0.96504,1.00,1.35
2015.01.20 01:00:36.369,0.96489,0.96504,1.00,3.22
2015.01.20 01:00:36.732,0.96487,0.96503,1.20,1.15
2015.01.20 01:00:36.783,0.96487,0.96502,1.20,2.32
2015.01.20 01:00:37.087,0.96491,0.96503,1.00,1.07
2015.01.20 01:00:37.340,0.96485,0.96501,2.40,1.10
2015.01.20 01:00:37.391,0.96485,0.96501,2.62,1.15
2015.01.20 01:00:37.694,0.96491,0.96498,1.87,1.00
2015.01.20 01:00:37.745,0.96491,0.96502,1.87,1.15
2015.01.20 01:00:37.897,0.96491,0.96501,1.00,2.32
2015.01.20 01:00:37.999,0.96485,0.96501,1.10,2.32
2015.01.20 01:00:38.100,0.96489,0.96498,1.12,1.00
2015.01.20 01:00:38.302,0.96489,0.96501,1.00,1.35
2015.01.20 01:00:38.404,0.96486,0.96501,1.00,1.35
2015.01.20 01:00:38.506,0.96486,0.96499,1.00,1.17
2015.01.20 01:00:38.674,0.96486,0.96499,1.20,1.20
2015.01.20 01:00:38.783,0.96488,0.965,1.00,1.20
2015.01.20 01:00:39.095,0.9649,0.965,1.00,1.00
2015.01.20 01:00:39.404,0.96492,0.965,1.00,1.00
2015.01.20 01:00:39.826,0.9649,0.965,1.00,1.00
2015.01.20 01:00:39.877,0.9649,0.965,1.00,1.07
2015.01.20 01:00:40.638,0.96483,0.96493,2.32,1.37
2015.01.20 01:00:40.792,0.96479,0.96493,1.57,2.02
2015.01.20 01:00:41.385,0.96485,0.96492,1.00,1.15
2015.01.20 01:00:41.487,0.96485,0.96493,1.00,1.17
2015.01.20 01:00:41.790,0.96486,0.96496,1.00,1.00
2015.01.20 01:00:41.942,0.96489,0.96499,1.00,3.07
2015.01.20 01:00:41.993,0.96489,0.96499,1.00,1.17
2015.01.20 01:00:42.044,0.96487,0.96499,1.00,1.17
2015.01.20 01:00:42.517,0.96485,0.96499,1.00,1.17
2015.01.20 01:00:43.046,0.96487,0.96499,1.00,1.17
2015.01.20 01:00:43.488,0.96487,0.96501,1.00,1.27
2015.01.20 01:00:43.589,0.96485,0.96501,1.10,1.27
2015.01.20 01:00:44.115,0.96485,0.96498,1.20,1.00
2015.01.20 01:00:44.419,0.96477,0.96493,1.87,1.52
2015.01.20 01:00:44.521,0.96477,0.96493,1.12,1.62
2015.01.20 01:00:44.701,0.9648,0.96493,1.00,1.62
2015.01.20 01:00:44.918,0.96478,0.96493,1.10,1.62
2015.01.20 01:00:45.480,0.96477,0.96493,1.12,1.62
2015.01.20 01:00:45.877,0.9648,0.96493,1.00,1.62
2015.01.20 01:00:46.560,0.96479,0.96493,1.00,1.62
2015.01.20 01:00:47.077,0.96477,0.96491,1.12,1.52
2015.01.20 01:00:49.315,0.96481,0.96492,1.00,3.07
2015.01.20 01:00:49.518,0.96482,0.96495,1.00,2.32
2015.01.20 01:00:49.569,0.96482,0.96497,1.17,1.12
2015.01.20 01:00:49.620,0.96485,0.96497,1.00,1.50
2015.01.20 01:00:49.873,0.96483,0.96497,1.00,1.72
2015.01.20 01:00:50.178,0.96482,0.96495,1.00,1.25
2015.01.20 01:00:50.705,0.96483,0.96495,1.00,1.15
2015.01.20 01:00:51.585,0.96483,0.96495,1.00,1.20
2015.01.20 01:00:51.737,0.96486,0.96496,1.00,1.00
2015.01.20 01:00:52.041,0.96487,0.96498,1.12,1.10
2015.01.20 01:00:54.714,0.96487,0.96501,1.12,1.10
2015.01.20 01:00:54.816,0.96489,0.96505,1.15,2.32
2015.01.20 01:00:54.867,0.96489,0.96505,1.15,1.95
2015.01.20 01:00:54.968,0.96491,0.96506,1.27,1.20
2015.01.20 01:00:55.020,0.96491,0.96507,1.35,1.87
2015.01.20 01:00:55.528,0.96494,0.96506,1.00,1.57
2015.01.20 01:00:55.818,0.96487,0.96503,1.65,1.17
2015.01.20 01:00:56.516,0.96489,0.96505,1.15,1.65
2015.01.20 01:00:57.024,0.9649,0.965,1.12,1.00
2015.01.20 01:00:57.328,0.96489,0.965,1.00,1.10
2015.01.20 01:00:57.703,0.96489,0.96503,1.00,1.20
2015.01.20 01:00:57.905,0.96491,0.96503,1.00,1.10
2015.01.20 01:00:58.310,0.96489,0.96503,1.20,1.10
2015.01.20 01:00:58.360,0.96489,0.96503,1.20,1.47
2015.01.20 01:00:58.885,0.96489,0.96503,1.00,1.47
2015.01.20 01:00:59.341,0.96492,0.965,1.00,1.00
2015.01.20 01:00:59.697,0.96488,0.96499,1.12,1.15
2015.01.20 01:00:59.798,0.96493,0.96499,1.00,1.00
2015.01.20 01:00:59.850,0.96487,0.96501,1.57,1.17
2015.01.20 01:00:59.900,0.96487,0.96501,2.32,1.55
2015.01.20 01:01:00.204,0.96493,0.96499,1.00,1.00
2015.01.20 01:01:00.305,0.9649,0.965,1.00,1.27
2015.01.20 01:01:00.407,0.96488,0.965,1.50,1.17
2015.01.20 01:01:00.862,0.96491,0.96499,1.00,1.00
2015.01.20 01:01:01.524,0.9649,0.96499,1.00,1.00
2015.01.20 01:01:02.084,0.96488,0.96499,1.00,1.00
2015.01.20 01:01:02.186,0.96486,0.96497,1.35,1.00
2015.01.20 01:01:02.489,0.96482,0.96489,1.00,1.00
2015.01.20 01:01:02.641,0.96479,0.96489,1.00,1.00
2015.01.20 01:01:02.742,0.96479,0.96486,1.00,1.00
2015.01.20 01:01:02.853,0.96476,0.9649,1.57,1.20
2015.01.20 01:01:02.904,0.96476,0.9649,2.47,1.12
2015.01.20 01:01:03.207,0.9648,0.96488,1.00,1.00
2015.01.20 01:01:03.592,0.96484,0.96488,1.00,1.00
2015.01.20 01:01:03.953,0.96481,0.96488,1.00,1.00
2015.01.20 01:01:04.157,0.96479,0.96485,1.00,1.00
2015.01.20 01:01:04.487,0.96481,0.96488,1.00,1.00
2015.01.20 01:01:04.588,0.96479,0.9649,2.02,1.00
2015.01.20 01:01:04.690,0.9648,0.96488,1.45,1.00
2015.01.20 01:01:04.842,0.96479,0.96486,1.00,1.00
2015.01.20 01:01:04.943,0.96481,0.96488,1.00,1.00
2015.01.20 01:01:05.045,0.9648,0.96491,1.65,1.00
2015.01.20 01:01:05.146,0.96481,0.96491,2.47,1.00
2015.01.20 01:01:05.453,0.96483,0.96491,2.02,1.00
2015.01.20 01:01:05.563,0.96485,0.96494,1.12,1.00
2015.01.20 01:01:05.816,0.96485,0.96492,1.12,1.00
2015.01.20 01:01:06.120,0.96482,0.96489,1.87,1.00
2015.01.20 01:01:06.576,0.96482,0.96489,1.10,1.00
2015.01.20 01:01:07.154,0.96483,0.96489,1.12,1.00
2015.01.20 01:01:07.407,0.96479,0.96488,1.10,1.10
2015.01.20 01:01:07.458,0.96479,0.96485,1.10,1.00
2015.01.20 01:01:07.761,0.96475,0.96482,1.50,1.00
2015.01.20 01:01:08.014,0.9648,0.96484,1.00,1.00
2015.01.20 01:01:08.115,0.96476,0.96484,1.35,1.00
2015.01.20 01:01:08.470,0.96475,0.96484,1.00,1.00
2015.01.20 01:01:09.637,0.96477,0.96484,1.00,1.00
2015.01.20 01:01:09.790,0.96477,0.96486,1.10,1.00
2015.01.20 01:01:09.942,0.96478,0.96486,1.07,1.00
2015.01.20 01:01:09.993,0.96478,0.96488,1.17,1.00
2015.01.20 01:01:10.403,0.96481,0.96488,1.00,1.00
2015.01.20 01:01:10.995,0.96479,0.96488,1.20,1.00
2015.01.20 01:01:12.056,0.96481,0.96489,4.50,1.00
2015.01.20 01:01:12.208,0.9648,0.96488,1.25,1.00
2015.01.20 01:01:12.410,0.9648,0.96486,1.17,1.00
2015.01.20 01:01:12.511,0.9648,0.96487,1.35,1.00
2015.01.20 01:01:12.663,0.9648,0.96486,1.10,1.00
2015.01.20 01:01:13.176,0.96476,0.96485,1.35,1.00
2015.01.20 01:01:17.013,0.9648,0.96485,1.07,1.00
2015.01.20 01:01:17.114,0.9648,0.96488,1.25,1.00
2015.01.20 01:01:17.368,0.9648,0.96491,3.52,1.00
2015.01.20 01:01:19.653,0.96482,0.96489,1.17,1.00
2015.01.20 01:01:19.704,0.96482,0.96489,1.00,1.00
2015.01.20 01:01:20.251,0.96481,0.96489,1.30,1.00
2015.01.20 01:01:20.658,0.96478,0.96487,1.27,1.00
2015.01.20 01:01:22.313,0.96477,0.96487,3.52,1.37
2015.01.20 01:01:22.466,0.96477,0.96487,1.37,1.37
2015.01.20 01:01:22.870,0.96474,0.96486,1.27,1.37
2015.01.20 01:01:23.110,0.96472,0.96486,7.87,1.12
2015.01.20 01:01:27.613,0.96482,0.96486,1.00,1.00
2015.01.20 01:01:27.714,0.9648,0.96488,1.65,1.00
2015.01.20 01:01:27.815,0.96482,0.9649,1.52,1.00
2015.01.20 01:01:27.917,0.96483,0.96492,2.02,1.00
2015.01.20 01:01:28.018,0.96483,0.96494,4.65,1.00
2015.01.20 01:01:29.350,0.96484,0.96494,1.20,1.07
2015.01.20 01:01:29.451,0.96482,0.96489,1.85,1.00
2015.01.20 01:01:29.502,0.9648,0.96489,1.27,1.00
2015.01.20 01:01:29.603,0.96478,0.96488,1.35,1.00
2015.01.20 01:01:29.654,0.96478,0.96486,1.27,1.00
2015.01.20 01:01:30.109,0.96477,0.96485,1.10,1.00
2015.01.20 01:01:30.587,0.96478,0.96485,1.07,1.00
2015.01.20 01:01:30.891,0.96478,0.96488,3.45,1.00
2015.01.20 01:01:31.093,0.96479,0.96485,1.45,1.00
2015.01.20 01:01:31.617,0.96478,0.96485,1.92,1.00
2015.01.20 01:01:32.097,0.96478,0.96483,1.70,1.00
2015.01.20 01:01:32.249,0.96472,0.96483,3.45,1.00
2015.01.20 01:01:32.451,0.96473,0.96481,1.27,1.00
2015.01.20 01:01:32.654,0.96471,0.96481,2.02,1.00
2015.01.20 01:01:33.143,0.9647,0.96481,1.27,1.00
2015.01.20 01:01:33.194,0.96469,0.96479,2.00,1.00
2015.01.20 01:01:33.245,0.96469,0.96479,1.27,1.00
2015.01.20 01:01:33.296,0.96469,0.96476,1.20,1.00
2015.01.20 01:01:33.604,0.9647,0.96475,1.05,1.10
2015.01.20 01:01:33.655,0.96463,0.96475,1.10,1.20
2015.01.20 01:01:33.706,0.96466,0.96475,1.00,1.17
2015.01.20 01:01:34.011,0.96457,0.96469,1.27,1.00
2015.01.20 01:01:34.316,0.96452,0.96464,2.02,1.00
2015.01.20 01:01:34.367,0.96461,0.96467,1.00,1.15
2015.01.20 01:01:34.418,0.96452,0.96462,1.20,1.00
2015.01.20 01:01:34.469,0.96457,0.96462,1.00,1.00
2015.01.20 01:01:34.520,0.96452,0.9646,1.20,1.00
2015.01.20 01:01:34.622,0.96457,0.96462,1.00,1.00
2015.01.20 01:01:35.093,0.96455,0.96462,1.00,1.00
2015.01.20 01:01:35.312,0.96453,0.96462,1.00,1.00
2015.01.20 01:01:35.717,0.96453,0.96464,1.17,1.00
2015.01.20 01:01:36.210,0.96454,0.96464,1.20,1.00
2015.01.20 01:01:38.489,0.96455,0.96466,1.45,1.07
2015.01.20 01:01:39.132,0.96455,0.96464,1.45,1.00
2015.01.20 01:01:39.655,0.96455,0.96464,1.27,1.00
2015.01.20 01:01:39.706,0.96455,0.96467,1.27,1.00
2015.01.20 01:01:40.478,0.96455,0.96469,1.27,1.17
2015.01.20 01:01:41.291,0.96456,0.96469,3.15,1.07
2015.01.20 01:01:41.341,0.96456,0.9647,5.32,1.00
2015.01.20 01:01:41.443,0.96459,0.96469,2.32,1.00
2015.01.20 01:01:41.544,0.96459,0.96471,2.85,1.00
2015.01.20 01:01:41.748,0.96457,0.96472,4.57,1.00
2015.01.20 01:01:41.798,0.96457,0.96469,3.45,1.00
2015.01.20 01:01:42.427,0.96459,0.96467,1.52,1.00
2015.01.20 01:01:42.882,0.96459,0.9647,3.45,1.00
2015.01.20 01:01:43.084,0.96459,0.96472,5.62,1.00
2015.01.20 01:01:44.075,0.96459,0.96474,6.37,1.00
2015.01.20 01:01:46.136,0.96465,0.96474,1.00,1.00
2015.01.20 01:01:46.338,0.96466,0.96476,1.00,1.00
2015.01.20 01:01:46.742,0.96467,0.96478,1.15,1.00
2015.01.20 01:01:48.433,0.96469,0.96478,1.00,1.00
2015.01.20 01:01:50.102,0.9647,0.96478,1.00,1.00
2015.01.20 01:01:50.506,0.9647,0.96483,1.20,1.27
2015.01.20 01:01:50.608,0.96474,0.96483,1.00,1.17
2015.01.20 01:01:50.861,0.96471,0.96483,1.27,1.00
2015.01.20 01:01:51.366,0.96472,0.96483,1.20,1.00
2015.01.20 01:01:51.925,0.96474,0.96483,1.00,1.00
2015.01.20 01:01:52.456,0.96475,0.96483,1.00,1.00
2015.01.20 01:01:52.704,0.96473,0.96483,1.10,1.00
2015.01.20 01:01:58.287,0.96473,0.96483,1.10,1.17
2015.01.20 01:01:58.338,0.96473,0.9648,1.00,1.00
2015.01.20 01:01:58.852,0.96472,0.9648,1.00,1.00
2015.01.20 01:02:00.653,0.96473,0.9648,1.00,1.10
2015.01.20 01:02:01.058,0.96473,0.96482,1.00,1.10
2015.01.20 01:02:01.333,0.96473,0.96485,1.10,1.52
2015.01.20 01:02:01.383,0.96473,0.96482,1.65,1.00
2015.01.20 01:02:01.687,0.96479,0.96491,1.15,1.50
2015.01.20 01:02:01.993,0.96486,0.96496,1.10,1.75
2015.01.20 01:02:02.675,0.96482,0.96496,6.00,1.47
2015.01.20 01:02:02.777,0.96482,0.96496,6.00,1.47
2015.01.20 01:02:03.287,0.96482,0.96496,1.15,1.47
2015.01.20 01:02:03.439,0.9648,0.96495,1.25,1.47
2015.01.20 01:02:03.887,0.96478,0.96494,1.25,1.55
2015.01.20 01:02:04.474,0.96479,0.96496,5.25,1.35
2015.01.20 01:02:04.815,0.96479,0.96493,5.25,1.00
2015.01.20 01:02:05.164,0.96482,0.96493,3.07,1.00
2015.01.20 01:02:05.266,0.96484,0.96497,2.25,1.57
2015.01.20 01:02:05.368,0.96491,0.96499,1.00,1.12
2015.01.20 01:02:05.469,0.96489,0.96502,1.07,1.17
2015.01.20 01:02:05.520,0.96489,0.96502,1.17,1.10
2015.01.20 01:02:05.672,0.96489,0.96502,3.45,1.50
2015.01.20 01:02:06.128,0.9649,0.96505,2.40,1.10
2015.01.20 01:02:08.834,0.9649,0.96505,2.40,1.47
2015.01.20 01:02:09.137,0.96487,0.96503,6.00,1.37
2015.01.20 01:02:10.153,0.96487,0.96503,6.00,1.37
2015.01.20 01:02:10.678,0.96486,0.96503,3.90,1.65
2015.01.20 01:02:11.927,0.96486,0.96503,3.90,1.65
2015.01.20 01:02:13.332,0.96486,0.96503,3.90,1.65
2015.01.20 01:02:14.323,0.96486,0.96503,3.90,1.27
2015.01.20 01:02:16.172,0.96489,0.96503,1.10,1.15
2015.01.20 01:02:16.476,0.96485,0.96499,1.87,4.50
2015.01.20 01:02:16.527,0.96485,0.96499,1.20,4.50
2015.01.20 01:02:16.628,0.96482,0.96497,2.32,1.15
2015.01.20 01:02:16.679,0.96482,0.96496,1.85,3.07
2015.01.20 01:02:16.984,0.9648,0.96493,1.12,2.32
2015.01.20 01:02:17.086,0.96477,0.96493,1.95,2.32
2015.01.20 01:02:17.187,0.96477,0.96494,2.02,1.52
2015.01.20 01:02:19.007,0.96477,0.96494,2.00,1.15
2015.01.20 01:02:19.310,0.96481,0.96497,1.65,1.25
2015.01.20 01:02:19.784,0.96483,0.96497,1.87,2.70
2015.01.20 01:02:20.036,0.9648,0.96496,1.65,1.15
2015.01.20 01:02:20.188,0.9648,0.96496,1.35,1.25
2015.01.20 01:02:20.491,0.96481,0.96494,1.00,2.32
2015.01.20 01:02:20.795,0.96477,0.96493,3.45,1.10
2015.01.20 01:02:20.998,0.96481,0.96496,1.15,1.35
2015.01.20 01:02:21.508,0.96483,0.96497,1.15,1.25
2015.01.20 01:02:22.272,0.96483,0.96497,1.15,1.62
2015.01.20 01:02:22.778,0.96483,0.96497,1.00,1.62
2015.01.20 01:02:23.084,0.96487,0.96501,1.27,1.07
2015.01.20 01:02:23.250,0.96488,0.96502,1.35,1.10
2015.01.20 01:02:24.610,0.96489,0.96501,1.17,1.00
2015.01.20 01:02:25.226,0.96486,0.965,4.57,1.00
2015.01.20 01:02:25.576,0.96488,0.96502,1.35,1.10
2015.01.20 01:02:27.994,0.96486,0.965,1.35,1.10
2015.01.20 01:02:28.507,0.96486,0.965,1.35,1.10
2015.01.20 01:02:30.744,0.96486,0.96498,1.15,1.00
2015.01.20 01:02:31.541,0.96483,0.96497,2.02,1.17
2015.01.20 01:02:31.845,0.96479,0.96489,1.15,1.00
2015.01.20 01:02:32.250,0.96477,0.96489,1.20,1.10
2015.01.20 01:02:32.757,0.96478,0.9649,1.10,1.10
2015.01.20 01:02:36.251,0.96476,0.9649,2.00,1.10
2015.01.20 01:02:38.024,0.96477,0.96484,1.85,2.17
2015.01.20 01:02:38.226,0.96468,0.96479,1.00,1.15
2015.01.20 01:02:39.005,0.96465,0.96477,1.17,1.07
2015.01.20 01:02:39.537,0.96463,0.96477,2.77,3.00
2015.01.20 01:02:39.941,0.96463,0.96475,2.02,1.10
2015.01.20 01:02:40.144,0.96466,0.96479,1.00,1.15
2015.01.20 01:02:40.656,0.96467,0.9648,1.00,2.32
2015.01.20 01:02:41.015,0.96467,0.96481,1.12,1.15
2015.01.20 01:02:43.140,0.96468,0.96481,1.17,1.15
2015.01.20 01:02:43.241,0.9647,0.96482,3.37,1.17
2015.01.20 01:02:43.406,0.96473,0.96488,1.20,3.07
2015.01.20 01:02:44.113,0.96477,0.96488,3.00,3.07
2015.01.20 01:02:44.422,0.96482,0.96493,3.82,1.00
2015.01.20 01:02:44.523,0.96484,0.96496,2.32,1.00
2015.01.20 01:02:44.726,0.96486,0.96495,1.20,1.00
2015.01.20 01:02:45.030,0.96486,0.96498,1.00,1.25
2015.01.20 01:02:45.536,0.96486,0.96498,1.00,1.55
2015.01.20 01:02:45.746,0.96483,0.96497,1.57,1.45
2015.01.20 01:02:46.050,0.96482,0.96494,1.20,1.45
2015.01.20 01:02:46.354,0.96477,0.96491,1.07,1.15
2015.01.20 01:02:47.872,0.96477,0.96491,1.15,1.20
2015.01.20 01:02:48.125,0.96477,0.96491,1.17,1.30
2015.01.20 01:02:48.630,0.96477,0.96491,1.17,1.20
2015.01.20 01:02:51.644,0.96479,0.96493,1.15,1.72
2015.01.20 01:02:53.543,0.96478,0.9649,1.07,1.45
2015.01.20 01:02:53.594,0.96478,0.9649,1.00,1.52
2015.01.20 01:02:53.796,0.96476,0.9649,1.05,1.62
2015.01.20 01:02:56.091,0.96476,0.9649,1.27,1.55
2015.01.20 01:02:56.599,0.96476,0.9649,1.25,1.47
2015.01.20 01:02:57.003,0.96476,0.9649,1.17,1.55
2015.01.20 01:02:57.054,0.96476,0.9649,1.20,1.62
2015.01.20 01:02:59.065,0.96475,0.96487,1.07,3.37
2015.01.20 01:02:59.167,0.96472,0.96486,1.10,3.82
2015.01.20 01:02:59.268,0.96471,0.96485,1.25,1.27
2015.01.20 01:02:59.808,0.96474,0.96488,1.10,1.62
2015.01.20 01:03:00.460,0.96474,0.96488,1.17,1.27
2015.01.20 01:03:00.562,0.96474,0.96488,1.15,1.30
2015.01.20 01:03:00.886,0.96473,0.96485,1.15,1.00
2015.01.20 01:03:02.556,0.96474,0.96488,1.15,1.72
2015.01.20 01:03:02.963,0.96473,0.96485,1.07,1.07
2015.01.20 01:03:04.147,0.96473,0.96485,1.15,1.07
2015.01.20 01:03:04.198,0.96473,0.96487,1.65,1.12
2015.01.20 01:03:04.299,0.96477,0.96489,1.00,1.27
2015.01.20 01:03:04.856,0.96477,0.96489,1.65,1.10
2015.01.20 01:03:06.359,0.96479,0.96489,1.00,1.10
2015.01.20 01:03:06.511,0.9648,0.96491,1.10,1.00
2015.01.20 01:03:07.384,0.9648,0.96491,1.17,1.00
2015.01.20 01:03:07.486,0.96481,0.96495,1.25,1.10
2015.01.20 01:03:07.890,0.96485,0.96497,1.10,1.10
2015.01.20 01:03:08.501,0.96485,0.96497,1.57,1.10
2015.01.20 01:03:10.796,0.96487,0.96499,1.07,1.07
2015.01.20 01:03:11.112,0.96489,0.96499,2.62,1.07
2015.01.20 01:03:11.213,0.96492,0.96501,1.15,1.00
2015.01.20 01:03:11.264,0.96494,0.96506,1.50,1.30
2015.01.20 01:03:11.416,0.96496,0.96508,1.10,1.65
2015.01.20 01:03:11.517,0.96498,0.96509,1.12,1.65
2015.01.20 01:03:11.871,0.96495,0.96508,1.65,1.20
2015.01.20 01:03:12.124,0.96494,0.96507,1.92,1.57
2015.01.20 01:03:12.175,0.96493,0.96507,1.27,1.15
2015.01.20 01:03:12.378,0.96493,0.96507,1.25,1.57
2015.01.20 01:03:12.681,0.96496,0.96509,3.07,1.00
2015.01.20 01:03:13.219,0.965,0.9651,1.10,1.12
2015.01.20 01:03:15.480,0.96498,0.96512,1.27,2.02
2015.01.20 01:03:15.784,0.96495,0.96511,4.20,2.02
2015.01.20 01:03:16.087,0.96495,0.96509,1.20,1.52
2015.01.20 01:03:16.138,0.96493,0.96505,1.27,1.37
2015.01.20 01:03:16.404,0.96491,0.96501,5.25,1.12
2015.01.20 01:03:16.507,0.96493,0.96506,3.07,1.00
2015.01.20 01:03:16.608,0.96493,0.96506,5.25,1.57
2015.01.20 01:03:16.811,0.96493,0.96506,1.17,1.57
2015.01.20 01:03:16.912,0.96492,0.96505,3.07,1.87
2015.01.20 01:03:17.368,0.96495,0.96509,1.07,2.10
2015.01.20 01:03:17.419,0.96497,0.96509,1.17,1.20
2015.01.20 01:03:17.924,0.96497,0.9651,1.35,1.37
2015.01.20 01:03:19.584,0.96497,0.96508,1.27,1.45
2015.01.20 01:03:19.736,0.96492,0.96507,1.92,1.55
2015.01.20 01:03:19.888,0.96491,0.96507,1.90,1.55
2015.01.20 01:03:20.192,0.96492,0.96507,1.27,1.52
2015.01.20 01:03:20.697,0.96493,0.96507,1.20,1.52
2015.01.20 01:03:20.798,0.96493,0.96507,1.35,1.52
2015.01.20 01:03:21.112,0.96493,0.96506,1.35,1.57
2015.01.20 01:03:21.441,0.9649,0.96506,1.92,4.20
2015.01.20 01:03:21.593,0.96489,0.96506,2.02,4.95
2015.01.20 01:03:22.149,0.96488,0.96504,1.90,1.52
2015.01.20 01:03:22.403,0.96484,0.965,2.02,1.52
2015.01.20 01:03:22.454,0.96484,0.96498,1.27,1.47
2015.01.20 01:03:22.960,0.96486,0.96498,1.10,1.47
2015.01.20 01:03:23.263,0.96489,0.965,1.17,1.37
2015.01.20 01:03:24.092,0.96489,0.96501,1.10,1.37
2015.01.20 01:03:24.245,0.96485,0.96498,1.82,1.52
2015.01.20 01:03:24.296,0.96484,0.96496,1.80,1.52
2015.01.20 01:03:24.397,0.96481,0.96493,1.95,1.37
2015.01.20 01:03:24.499,0.96481,0.96493,1.10,1.37
2015.01.20 01:03:24.550,0.96481,0.96493,1.10,1.37
2015.01.20 01:03:24.601,0.96483,0.96493,1.00,1.37
2015.01.20 01:03:24.753,0.96482,0.96496,1.52,1.57
2015.01.20 01:03:24.804,0.96482,0.96496,3.45,1.47
2015.01.20 01:03:25.108,0.96478,0.9649,1.95,1.20
2015.01.20 01:03:25.159,0.96478,0.9649,1.07,1.20
2015.01.20 01:03:26.833,0.96478,0.9649,1.27,1.00
2015.01.20 01:03:27.391,0.9648,0.96492,1.00,1.20
2015.01.20 01:03:27.901,0.9648,0.96492,1.17,1.00
2015.01.20 01:03:28.053,0.9648,0.96492,1.15,1.00
2015.01.20 01:03:28.356,0.96485,0.96499,1.15,1.95
2015.01.20 01:03:28.609,0.96487,0.96501,1.25,1.67
2015.01.20 01:03:29.300,0.96487,0.96501,2.00,1.57
2015.01.20 01:03:29.901,0.96488,0.96501,1.55,1.57
2015.01.20 01:03:30.229,0.96487,0.96501,1.35,1.57
2015.01.20 01:03:32.111,0.96487,0.96501,1.35,1.52
2015.01.20 01:03:32.631,0.96486,0.96498,1.27,1.87
2015.01.20 01:03:33.097,0.96486,0.96498,1.27,1.87
2015.01.20 01:03:35.626,0.96485,0.96498,1.85,1.55
2015.01.20 01:03:35.728,0.96484,0.96498,1.35,1.55
2015.01.20 01:03:36.085,0.96482,0.96495,1.12,1.52
2015.01.20 01:03:36.237,0.9648,0.96492,2.40,1.37
2015.01.20 01:03:36.741,0.96478,0.9649,1.72,1.12
2015.01.20 01:03:37.402,0.96478,0.9649,1.72,1.37
2015.01.20 01:03:39.407,0.96481,0.96493,1.17,1.95
2015.01.20 01:03:40.889,0.96481,0.96493,1.15,1.87
2015.01.20 01:03:41.142,0.96484,0.96493,1.15,1.37
2015.01.20 01:03:41.193,0.96484,0.96498,1.15,2.77
2015.01.20 01:03:41.698,0.96486,0.96499,1.35,1.87
2015.01.20 01:03:41.800,0.96486,0.96499,1.35,1.37
2015.01.20 01:03:41.902,0.96486,0.96499,1.35,1.00
2015.01.20 01:03:42.104,0.96487,0.96501,1.27,1.20
2015.01.20 01:03:43.064,0.96487,0.96501,1.65,1.10
2015.01.20 01:03:43.772,0.96487,0.96501,2.02,1.00
2015.01.20 01:03:44.101,0.9649,0.96501,2.70,1.00
2015.01.20 01:03:44.152,0.96492,0.96506,1.15,2.02
2015.01.20 01:03:44.304,0.96494,0.96508,1.17,1.07
2015.01.20 01:03:44.356,0.96495,0.96509,1.15,1.30
2015.01.20 01:03:44.458,0.96493,0.96506,1.92,1.00
2015.01.20 01:03:44.763,0.96492,0.96504,1.20,1.45
2015.01.20 01:03:44.864,0.96489,0.96501,1.10,1.10
2015.01.20 01:03:49.654,0.96489,0.96501,1.20,1.10
2015.01.20 01:03:50.461,0.96489,0.96501,1.27,1.47
2015.01.20 01:03:55.640,0.96489,0.96501,1.27,1.47
2015.01.20 01:03:57.840,0.96489,0.96501,1.27,1.47
2015.01.20 01:03:58.435,0.96489,0.96501,1.27,1.47
2015.01.20 01:03:58.952,0.96489,0.96501,1.27,1.20
2015.01.20 01:04:00.150,0.96489,0.96501,1.27,1.47
2015.01.20 01:04:00.260,0.96489,0.96501,1.27,1.20
2015.01.20 01:04:03.353,0.96489,0.96501,1.27,1.10
2015.01.20 01:04:03.454,0.9648,0.96496,1.52,2.70
2015.01.20 01:04:03.505,0.9648,0.96491,1.27,1.37
2015.01.20 01:04:03.607,0.96479,0.96491,2.77,1.00
2015.01.20 01:04:03.708,0.96478,0.96491,1.45,1.17
2015.01.20 01:04:03.821,0.96478,0.96488,1.45,1.00
2015.01.20 01:04:04.327,0.96477,0.96487,1.52,1.00
2015.01.20 01:04:05.930,0.96476,0.96487,1.20,1.10
2015.01.20 01:04:06.314,0.96475,0.96487,1.52,1.47
2015.01.20 01:04:06.618,0.96473,0.96486,2.02,1.37
2015.01.20 01:04:06.871,0.96473,0.96487,1.72,1.47
2015.01.20 01:04:07.390,0.96472,0.96483,1.52,1.37
2015.01.20 01:04:07.901,0.96472,0.96483,1.27,1.00
2015.01.20 01:04:13.162,0.96472,0.96486,2.40,1.20
2015.01.20 01:04:13.760,0.96472,0.96486,2.40,1.47
2015.01.20 01:04:14.491,0.96472,0.96484,3.15,1.00
2015.01.20 01:04:14.716,0.96472,0.96478,1.95,1.00
2015.01.20 01:04:14.768,0.96472,0.96478,1.10,1.00
2015.01.20 01:04:14.819,0.9647,0.96475,1.05,1.00
2015.01.20 01:04:14.921,0.96465,0.96475,1.95,1.00
2015.01.20 01:04:15.174,0.96463,0.96475,2.77,1.00
2015.01.20 01:04:15.427,0.96466,0.96475,1.12,1.00
2015.01.20 01:04:16.291,0.96466,0.96475,1.12,1.00
2015.01.20 01:04:17.455,0.96468,0.96478,1.12,1.55
2015.01.20 01:04:20.300,0.96468,0.96476,1.12,1.00
2015.01.20 01:04:20.553,0.96468,0.96474,1.05,1.00
2015.01.20 01:04:21.092,0.96468,0.96475,1.12,1.00
2015.01.20 01:04:23.529,0.96467,0.96475,1.75,1.00
2015.01.20 01:04:27.283,0.96465,0.96475,1.85,1.00
2015.01.20 01:04:28.560,0.96465,0.96477,1.45,1.20
2015.01.20 01:04:33.149,0.96465,0.96477,1.45,1.47
2015.01.20 01:04:35.027,0.96465,0.96477,1.45,1.10
2015.01.20 01:04:36.120,0.96465,0.96478,1.45,1.55
2015.01.20 01:04:37.071,0.96464,0.96478,2.02,1.55
2015.01.20 01:04:37.592,0.96464,0.96478,1.35,1.55
2015.01.20 01:04:37.973,0.96464,0.96478,2.02,1.55
2015.01.20 01:04:38.124,0.96464,0.96478,2.02,1.17
2015.01.20 01:04:38.175,0.9647,0.96478,1.00,1.17
2015.01.20 01:04:39.995,0.9647,0.96481,1.00,1.27
2015.01.20 01:04:40.097,0.96471,0.96481,1.20,1.00
2015.01.20 01:04:40.199,0.96474,0.96481,1.00,1.00
2015.01.20 01:04:40.514,0.96477,0.96483,1.00,1.20
2015.01.20 01:04:40.821,0.96474,0.96483,1.12,1.20
2015.01.20 01:04:41.788,0.96473,0.96486,1.65,1.17
2015.01.20 01:04:42.691,0.96473,0.96486,1.72,1.00
2015.01.20 01:04:43.225,0.96473,0.96487,2.47,1.00
2015.01.20 01:04:44.221,0.96474,0.96487,1.27,1.00
2015.01.20 01:04:44.322,0.96477,0.9649,1.20,1.27
2015.01.20 01:04:44.423,0.96479,0.96491,1.00,1.62
2015.01.20 01:04:44.928,0.96476,0.9649,1.65,1.75
2015.01.20 01:04:45.181,0.96475,0.96488,1.37,1.07
2015.01.20 01:04:45.282,0.96473,0.96485,2.47,1.00
2015.01.20 01:04:45.333,0.96473,0.96485,1.65,1.00
2015.01.20 01:04:45.840,0.96472,0.96484,1.05,1.20
2015.01.20 01:04:46.745,0.96473,0.96485,1.00,1.72
2015.01.20 01:04:50.790,0.96473,0.96485,1.17,1.07
2015.01.20 01:04:51.331,0.96473,0.96485,1.27,1.00
2015.01.20 01:04:54.404,0.96473,0.96485,3.15,1.00
2015.01.20 01:04:55.031,0.96475,0.96487,1.17,1.65
2015.01.20 01:04:55.576,0.96475,0.96487,1.15,1.37
2015.01.20 01:04:55.981,0.96476,0.96488,1.00,1.47
2015.01.20 01:04:56.623,0.96476,0.96488,1.17,1.37
2015.01.20 01:05:00.446,0.96477,0.9649,1.10,1.27
2015.01.20 01:05:01.310,0.96477,0.96491,1.10,2.40
2015.01.20 01:05:01.362,0.96477,0.96491,3.07,2.25
2015.01.20 01:05:01.515,0.96482,0.96496,1.15,1.72
2015.01.20 01:05:01.565,0.96482,0.96496,1.15,1.35
2015.01.20 01:05:01.869,0.96483,0.96492,1.00,1.72
2015.01.20 01:05:01.971,0.96478,0.96492,1.37,1.67
2015.01.20 01:05:02.487,0.9648,0.96493,1.00,1.27
2015.01.20 01:05:03.840,0.96479,0.96491,1.00,1.65
2015.01.20 01:05:04.158,0.96481,0.9649,1.00,1.12
2015.01.20 01:05:04.857,0.96472,0.96485,1.87,1.52
2015.01.20 01:05:04.908,0.96472,0.96481,1.87,1.00
2015.01.20 01:05:05.009,0.96471,0.96481,1.72,1.00
2015.01.20 01:05:05.061,0.96471,0.96481,3.15,1.00
2015.01.20 01:05:05.162,0.96474,0.96487,2.32,1.12
2015.01.20 01:05:05.263,0.96477,0.9649,1.07,1.90
2015.01.20 01:05:05.314,0.96477,0.9649,1.07,1.90
2015.01.20 01:05:06.273,0.96481,0.96491,2.32,1.57
2015.01.20 01:05:06.374,0.96485,0.96496,1.17,1.12
2015.01.20 01:05:06.476,0.96485,0.96497,1.15,1.47
2015.01.20 01:05:10.338,0.96488,0.96497,1.00,2.70
2015.01.20 01:05:10.440,0.96483,0.96492,1.12,1.55
2015.01.20 01:05:10.542,0.96478,0.96491,1.95,1.55
2015.01.20 01:05:10.594,0.96478,0.96491,1.95,1.55
2015.01.20 01:05:10.746,0.96482,0.96494,2.32,1.20
2015.01.20 01:05:10.797,0.96482,0.96494,2.32,1.57
2015.01.20 01:05:11.102,0.96481,0.96493,1.20,1.10
2015.01.20 01:05:11.203,0.96479,0.96493,1.95,1.65
2015.01.20 01:05:11.305,0.96477,0.96491,1.17,2.02
2015.01.20 01:05:11.357,0.96477,0.96491,1.10,2.02
2015.01.20 01:05:15.610,0.96475,0.96486,1.15,1.37
2015.01.20 01:05:15.864,0.96475,0.96489,1.72,1.17
2015.01.20 01:05:15.915,0.9648,0.96489,1.00,1.17
2015.01.20 01:05:16.218,0.96482,0.96495,1.17,1.35
2015.01.20 01:05:16.784,0.96482,0.96495,1.15,1.20
2015.01.20 01:05:18.408,0.96484,0.96495,1.20,1.20
2015.01.20 01:05:18.459,0.96487,0.96495,1.00,1.20
2015.01.20 01:05:19.121,0.96484,0.96497,1.17,1.27
2015.01.20 01:05:21.258,0.96484,0.96497,1.17,1.27
2015.01.20 01:05:23.276,0.96486,0.96499,1.57,1.52
2015.01.20 01:05:23.765,0.96484,0.96493,1.15,2.70
2015.01.20 01:05:23.867,0.96478,0.9649,1.00,1.15
2015.01.20 01:05:24.412,0.96476,0.96489,1.20,1.07
2015.01.20 01:05:24.463,0.96477,0.96489,3.15,1.00
2015.01.20 01:05:24.817,0.96476,0.96489,1.27,1.20
2015.01.20 01:05:25.368,0.96483,0.96489,1.00,1.10
2015.01.20 01:05:25.470,0.96483,0.96494,1.00,1.17
2015.01.20 01:05:25.623,0.96485,0.96494,1.00,1.17
2015.01.20 01:05:25.927,0.96483,0.96495,2.25,1.27
2015.01.20 01:05:25.977,0.96483,0.96495,1.50,1.27
2015.01.20 01:05:26.180,0.96482,0.96494,1.00,1.35
2015.01.20 01:05:26.231,0.9648,0.96492,1.00,1.15
2015.01.20 01:05:26.585,0.96482,0.96493,1.00,1.27
2015.01.20 01:05:27.889,0.96481,0.96493,1.00,1.15
2015.01.20 01:05:28.470,0.96481,0.96493,1.07,1.07
2015.01.20 01:05:28.521,0.96481,0.96493,1.15,1.00
2015.01.20 01:05:29.105,0.96483,0.96495,1.00,1.15
2015.01.20 01:05:29.537,0.96484,0.96496,1.20,1.00
2015.01.20 01:05:29.793,0.96484,0.96498,1.15,1.35
2015.01.20 01:05:34.310,0.96484,0.96498,1.17,1.72
2015.01.20 01:05:34.361,0.96484,0.96498,1.20,1.72
2015.01.20 01:05:34.411,0.96483,0.96496,1.07,2.85
2015.01.20 01:05:34.967,0.96482,0.96495,1.10,1.35
2015.01.20 01:05:35.169,0.96479,0.96493,1.10,2.40
2015.01.20 01:05:35.674,0.96479,0.96493,1.10,1.42
2015.01.20 01:05:37.110,0.96479,0.96493,1.17,1.55
2015.01.20 01:05:38.694,0.96483,0.96494,1.00,1.27
2015.01.20 01:05:38.745,0.96483,0.96494,1.20,1.10
2015.01.20 01:05:39.268,0.96484,0.96496,1.00,1.35
2015.01.20 01:05:40.641,0.96484,0.96496,1.07,1.27
2015.01.20 01:05:40.894,0.96485,0.96499,1.65,2.02
2015.01.20 01:05:40.995,0.96487,0.965,1.00,1.27
2015.01.20 01:05:41.096,0.96485,0.96499,1.65,1.25
2015.01.20 01:05:41.630,0.96485,0.96499,1.10,3.15
2015.01.20 01:05:41.934,0.96486,0.96497,1.07,1.20
2015.01.20 01:05:42.036,0.96485,0.96499,1.10,2.32
2015.01.20 01:05:42.580,0.96483,0.96497,1.65,1.37
2015.01.20 01:05:43.090,0.96483,0.96497,1.17,2.40
2015.01.20 01:05:44.016,0.96484,0.96496,2.25,1.50
2015.01.20 01:05:44.218,0.96485,0.96497,1.15,1.10
2015.01.20 01:05:44.741,0.96487,0.965,1.17,1.20
2015.01.20 01:05:45.860,0.96487,0.965,1.07,1.12
2015.01.20 01:05:45.961,0.96491,0.96502,1.00,1.12
2015.01.20 01:05:48.161,0.96489,0.96501,1.00,1.72
2015.01.20 01:05:48.363,0.96487,0.96499,1.00,3.60
2015.01.20 01:05:48.464,0.96484,0.96498,1.00,2.02
2015.01.20 01:05:48.978,0.96484,0.96497,1.00,1.52
2015.01.20 01:05:49.663,0.96482,0.96496,1.00,1.35
2015.01.20 01:05:49.916,0.96482,0.96496,1.00,2.02
2015.01.20 01:05:50.465,0.9648,0.96492,1.10,1.75
2015.01.20 01:05:50.979,0.96481,0.96493,1.00,1.85
2015.01.20 01:05:51.030,0.96481,0.96493,1.00,1.10
2015.01.20 01:05:53.418,0.9648,0.96492,1.00,1.00
2015.01.20 01:05:53.932,0.96477,0.96491,1.15,1.10
2015.01.20 01:05:55.573,0.96477,0.96491,1.15,1.47
2015.01.20 01:05:55.675,0.96477,0.96489,1.00,1.12
2015.01.20 01:05:55.726,0.96475,0.96487,1.35,1.00
2015.01.20 01:05:55.929,0.96471,0.96485,1.20,1.20
2015.01.20 01:05:56.433,0.96471,0.96485,1.80,1.00
2015.01.20 01:05:56.996,0.96471,0.96485,1.72,1.10
2015.01.20 01:05:57.447,0.96471,0.96485,1.72,1.00
2015.01.20 01:05:57.752,0.96475,0.96487,2.77,1.00
2015.01.20 01:05:58.358,0.96478,0.96487,1.00,1.00
2015.01.20 01:06:00.581,0.96477,0.96487,1.00,1.07
2015.01.20 01:06:00.884,0.96474,0.96484,1.00,1.95
2015.01.20 01:06:01.036,0.96471,0.96484,1.00,1.95
2015.01.20 01:06:03.588,0.96471,0.96483,1.00,1.25
2015.01.20 01:06:04.458,0.96471,0.96483,1.00,1.25
2015.01.20 01:06:04.762,0.9647,0.96482,1.00,3.45
2015.01.20 01:06:05.302,0.9647,0.96479,1.00,1.27
2015.01.20 01:06:05.403,0.96468,0.96479,1.00,1.27
2015.01.20 01:06:05.655,0.96468,0.96478,1.00,2.32
2015.01.20 01:06:05.757,0.9647,0.96482,1.00,4.20
2015.01.20 01:06:06.072,0.96473,0.96482,1.00,1.67
2015.01.20 01:06:06.123,0.96473,0.96482,1.00,1.67
2015.01.20 01:06:06.528,0.96471,0.9648,1.00,1.20
2015.01.20 01:06:06.579,0.96471,0.9648,1.00,1.27
2015.01.20 01:06:06.831,0.96468,0.9648,1.50,1.52
2015.01.20 01:06:07.145,0.96468,0.9648,1.65,1.57
2015.01.20 01:06:07.297,0.96471,0.96483,1.17,1.00
2015.01.20 01:06:07.348,0.96471,0.96483,1.07,1.07
2015.01.20 01:06:07.601,0.96467,0.96481,1.20,2.02
2015.01.20 01:06:08.280,0.96467,0.96481,1.57,1.52
2015.01.20 01:06:08.894,0.96467,0.96481,1.57,1.52
2015.01.20 01:06:09.130,0.96467,0.96481,1.10,2.10
2015.01.20 01:06:10.019,0.96465,0.96479,1.27,1.47
2015.01.20 01:06:13.673,0.96465,0.96478,1.10,3.52
2015.01.20 01:06:13.825,0.96464,0.96478,1.12,3.52
2015.01.20 01:06:14.488,0.96464,0.96478,1.10,3.82
2015.01.20 01:06:15.272,0.96464,0.96476,1.00,2.77
2015.01.20 01:06:15.400,0.96462,0.96476,1.50,4.27
2015.01.20 01:06:15.564,0.96462,0.96476,1.00,5.02
2015.01.20 01:06:15.868,0.96459,0.96471,1.50,1.55
2015.01.20 01:06:16.020,0.96456,0.96468,2.62,3.45
2015.01.20 01:06:16.121,0.96456,0.96468,1.00,5.62
2015.01.20 01:06:16.842,0.96457,0.96468,1.00,4.20
2015.01.20 01:06:17.718,0.96457,0.96467,1.00,2.85
2015.01.20 01:06:17.923,0.96457,0.96465,1.00,2.70
2015.01.20 01:06:18.074,0.96455,0.96465,1.00,2.70
2015.01.20 01:06:18.636,0.96457,0.96464,1.00,1.27
2015.01.20 01:06:19.170,0.96456,0.96468,1.00,3.45
2015.01.20 01:06:20.488,0.96456,0.96465,1.00,2.70
2015.01.20 01:06:21.459,0.96454,0.96465,1.50,2.70
2015.01.20 01:06:22.608,0.96455,0.96465,1.00,2.70
2015.01.20 01:06:22.912,0.96459,0.96471,1.00,2.10
2015.01.20 01:06:22.963,0.96459,0.9647,1.00,3.07
2015.01.20 01:06:23.064,0.96459,0.96469,1.00,1.52
2015.01.20 01:06:23.224,0.96455,0.96468,1.50,2.70
2015.01.20 01:06:23.831,0.96456,0.96468,1.00,2.70
2015.01.20 01:06:24.433,0.9646,0.96468,1.00,2.70
2015.01.20 01:06:24.585,0.96458,0.96468,1.00,2.70
2015.01.20 01:06:25.532,0.96457,0.96468,1.00,3.15
2015.01.20 01:06:25.685,0.96455,0.96467,1.50,1.62
2015.01.20 01:06:25.837,0.96455,0.96467,1.00,2.10
2015.01.20 01:06:26.369,0.96455,0.96466,1.00,5.25
2015.01.20 01:06:27.696,0.96455,0.96465,1.00,2.40
2015.01.20 01:06:27.747,0.96452,0.96463,1.00,1.62
2015.01.20 01:06:28.616,0.9645,0.96463,1.00,1.72
2015.01.20 01:06:29.021,0.96449,0.96462,1.00,1.07
2015.01.20 01:06:29.560,0.96448,0.96462,1.10,1.15
2015.01.20 01:06:30.119,0.96448,0.96462,1.00,1.22
2015.01.20 01:06:30.778,0.96449,0.96462,1.00,1.22
2015.01.20 01:06:31.108,0.96452,0.96463,1.00,2.40
2015.01.20 01:06:31.618,0.9645,0.96463,1.00,1.72
2015.01.20 01:06:31.720,0.9645,0.96463,1.00,1.72
2015.01.20 01:06:32.175,0.96453,0.96466,1.07,2.32
2015.01.20 01:06:32.327,0.96457,0.96469,1.00,1.10
2015.01.20 01:06:32.581,0.96456,0.96471,1.00,2.10
2015.01.20 01:06:32.885,0.96451,0.96464,1.50,1.37
2015.01.20 01:06:33.037,0.96447,0.96461,1.00,1.65
2015.01.20 01:06:33.088,0.96446,0.96461,1.00,1.65
2015.01.20 01:06:33.139,0.96444,0.96456,1.10,1.20
2015.01.20 01:06:33.291,0.96441,0.96456,1.65,1.20
2015.01.20 01:06:33.341,0.96441,0.96455,1.95,1.65
2015.01.20 01:06:33.443,0.96438,0.96452,1.27,1.47
2015.01.20 01:06:34.151,0.96437,0.96452,1.65,1.65
2015.01.20 01:06:34.252,0.96436,0.96449,1.17,1.82
2015.01.20 01:06:34.404,0.96436,0.96449,1.15,1.50
2015.01.20 01:06:34.940,0.96436,0.96451,1.65,2.25
2015.01.20 01:06:35.041,0.96436,0.96451,1.15,1.87
2015.01.20 01:06:39.168,0.96436,0.96452,1.27,1.75
2015.01.20 01:06:39.623,0.96441,0.96452,1.00,1.12
2015.01.20 01:06:40.140,0.96442,0.96452,1.00,1.12
2015.01.20 01:06:40.675,0.96442,0.96453,1.00,1.45
2015.01.20 01:06:40.826,0.9644,0.96453,1.00,1.45
2015.01.20 01:06:41.597,0.96441,0.96453,1.00,1.45
2015.01.20 01:06:42.102,0.96442,0.96453,1.00,1.95
2015.01.20 01:06:42.660,0.96441,0.96453,1.00,1.95
2015.01.20 01:06:42.802,0.96443,0.96453,1.00,1.95
2015.01.20 01:06:42.908,0.96441,0.96453,1.00,1.95
2015.01.20 01:06:43.429,0.96442,0.96453,1.00,1.45
2015.01.20 01:06:43.970,0.96441,0.96453,1.00,1.45
2015.01.20 01:06:44.538,0.96441,0.96452,1.00,1.12
2015.01.20 01:06:44.589,0.96439,0.96452,1.00,1.12
2015.01.20 01:06:45.302,0.96439,0.96452,1.15,1.12
2015.01.20 01:06:45.834,0.9644,0.96453,1.00,1.20
2015.01.20 01:06:46.109,0.96445,0.96453,1.00,1.27
2015.01.20 01:06:46.362,0.96438,0.96453,1.10,1.27
2015.01.20 01:06:46.899,0.96439,0.96451,1.00,1.20
2015.01.20 01:06:47.101,0.96441,0.96452,1.00,1.92
2015.01.20 01:06:48.520,0.9644,0.96454,1.00,4.20
2015.01.20 01:06:51.191,0.9644,0.96452,1.00,1.27
2015.01.20 01:06:54.919,0.96438,0.96452,1.10,1.27
2015.01.20 01:06:57.098,0.96437,0.96451,1.00,1.92
2015.01.20 01:06:57.414,0.96438,0.96451,1.00,3.82
2015.01.20 01:06:57.667,0.96433,0.96448,1.30,1.72
2015.01.20 01:06:57.718,0.96433,0.96447,1.30,2.70
2015.01.20 01:06:58.023,0.96433,0.96443,1.00,1.35
2015.01.20 01:06:58.383,0.96431,0.96441,1.00,1.17
2015.01.20 01:06:58.899,0.96432,0.96441,1.00,1.17
2015.01.20 01:06:59.202,0.96429,0.96442,1.00,1.90
2015.01.20 01:06:59.455,0.96426,0.96441,1.10,1.35
2015.01.20 01:06:59.557,0.96426,0.96441,1.95,1.17
2015.01.20 01:06:59.980,0.96426,0.96439,1.87,1.15
2015.01.20 01:07:00.133,0.96424,0.96438,1.00,1.20
2015.01.20 01:07:00.184,0.96424,0.96439,2.40,1.57
2015.01.20 01:07:00.285,0.96426,0.9644,1.27,1.00
2015.01.20 01:07:00.455,0.96426,0.96436,1.20,1.00
2015.01.20 01:07:00.557,0.96427,0.96439,1.00,1.17
2015.01.20 01:07:01.088,0.96425,0.9644,1.10,1.72
2015.01.20 01:07:02.081,0.96426,0.9644,1.00,1.72
2015.01.20 01:07:02.537,0.96428,0.96441,1.00,1.20
2015.01.20 01:07:03.058,0.96428,0.96442,1.00,1.95
2015.01.20 01:07:03.597,0.96427,0.96442,1.10,1.95
2015.01.20 01:07:04.260,0.96427,0.96442,1.10,1.95
2015.01.20 01:07:04.765,0.96428,0.96441,1.00,1.12
2015.01.20 01:07:05.350,0.96426,0.96441,1.27,1.12
2015.01.20 01:07:05.909,0.96426,0.96441,1.17,1.75
2015.01.20 01:07:06.331,0.96426,0.9644,1.17,1.12
2015.01.20 01:07:06.998,0.96427,0.96441,1.10,1.12
2015.01.20 01:07:08.435,0.96427,0.96442,1.20,1.65
2015.01.20 01:07:08.486,0.96427,0.96442,1.30,1.30
2015.01.20 01:07:10.146,0.96427,0.96442,1.30,1.37
2015.01.20 01:07:10.298,0.96427,0.96442,1.10,2.00
2015.01.20 01:07:10.753,0.96427,0.9644,1.00,2.10
2015.01.20 01:07:10.905,0.96425,0.96438,1.00,1.35
2015.01.20 01:07:11.057,0.96426,0.96438,1.00,4.27
2015.01.20 01:07:11.463,0.96425,0.96434,1.00,2.32
2015.01.20 01:07:13.225,0.96424,0.96434,1.00,3.15
2015.01.20 01:07:13.529,0.96417,0.96427,1.00,1.12
2015.01.20 01:07:13.884,0.96416,0.96424,1.00,1.27
2015.01.20 01:07:14.391,0.96415,0.96424,1.00,1.27
2015.01.20 01:07:14.695,0.96417,0.96424,1.00,2.02
2015.01.20 01:07:15.399,0.96416,0.96424,1.00,1.65
2015.01.20 01:07:15.858,0.96418,0.96425,1.00,1.85
2015.01.20 01:07:15.960,0.96418,0.96427,1.00,1.52
2015.01.20 01:07:16.835,0.96419,0.96427,1.00,1.12
2015.01.20 01:07:16.936,0.96417,0.9643,1.00,1.27
2015.01.20 01:07:17.139,0.9642,0.9643,1.00,1.27
2015.01.20 01:07:17.240,0.9642,0.96431,1.10,1.20
2015.01.20 01:07:17.408,0.96423,0.96432,1.00,1.12
2015.01.20 01:07:17.763,0.96423,0.96432,1.07,1.12
2015.01.20 01:07:17.915,0.96426,0.96441,3.07,1.07
2015.01.20 01:07:18.472,0.96428,0.96442,1.15,1.12
2015.01.20 01:07:18.877,0.96426,0.96442,3.82,1.20
2015.01.20 01:07:18.979,0.96431,0.96441,1.00,1.12
2015.01.20 01:07:19.352,0.96429,0.96442,1.00,1.75
2015.01.20 01:07:19.605,0.96431,0.96442,1.00,1.75
2015.01.20 01:07:20.129,0.96436,0.96445,1.00,1.95
2015.01.20 01:07:20.672,0.96436,0.96445,1.00,1.85
2015.01.20 01:07:21.244,0.96433,0.96445,1.10,1.85
2015.01.20 01:07:21.345,0.96436,0.96445,1.07,1.75
2015.01.20 01:07:21.446,0.96437,0.96452,2.40,1.12
2015.01.20 01:07:21.599,0.96438,0.96455,3.52,1.20
2015.01.20 01:07:21.872,0.96441,0.96457,1.65,1.05
2015.01.20 01:07:22.850,0.96441,0.96457,1.27,1.35
2015.01.20 01:07:23.204,0.96441,0.96456,1.17,1.85
2015.01.20 01:07:23.717,0.96441,0.96457,1.17,1.52
2015.01.20 01:07:27.037,0.96441,0.96454,1.00,2.32
2015.01.20 01:07:27.138,0.96438,0.96453,1.15,1.27
2015.01.20 01:07:27.492,0.96435,0.96453,1.72,1.27
2015.01.20 01:07:28.354,0.96434,0.96451,2.02,1.57
2015.01.20 01:07:28.658,0.96434,0.96451,1.30,1.72
2015.01.20 01:07:28.911,0.96434,0.96448,1.10,1.75
2015.01.20 01:07:29.215,0.96435,0.96449,1.17,1.12
2015.01.20 01:07:29.569,0.96435,0.96451,1.65,1.57
2015.01.20 01:07:29.911,0.96438,0.96452,1.00,1.92
2015.01.20 01:07:30.373,0.96436,0.96452,1.65,2.02
2015.01.20 01:07:30.424,0.96436,0.96452,2.32,2.02
2015.01.20 01:07:31.079,0.96439,0.96452,1.00,1.35
2015.01.20 01:07:31.621,0.96437,0.96451,1.87,1.65
2015.01.20 01:07:32.156,0.96437,0.96451,1.50,1.62
2015.01.20 01:07:33.305,0.96435,0.96449,1.27,1.27
2015.01.20 01:07:33.858,0.96436,0.96449,1.10,1.20
2015.01.20 01:07:36.861,0.96436,0.96449,1.10,1.47
2015.01.20 01:07:37.164,0.96429,0.96436,1.10,1.45
2015.01.20 01:07:37.316,0.9642,0.96429,1.87,1.00
2015.01.20 01:07:37.418,0.96429,0.96438,1.00,1.57
2015.01.20 01:07:37.468,0.96429,0.96435,1.00,1.00
2015.01.20 01:07:37.570,0.96429,0.96438,1.10,1.12
2015.01.20 01:07:37.621,0.96427,0.96438,1.12,1.37
2015.01.20 01:07:37.823,0.96427,0.96441,1.20,2.17
2015.01.20 01:07:38.718,0.96427,0.96441,1.80,2.02
2015.01.20 01:07:39.061,0.96433,0.96442,1.00,1.37
2015.01.20 01:07:39.466,0.96433,0.96445,1.00,1.62
2015.01.20 01:07:40.348,0.96433,0.96445,1.10,1.20
2015.01.20 01:07:40.708,0.96435,0.96445,1.07,1.10
2015.01.20 01:07:40.759,0.96437,0.96449,1.10,1.47
2015.01.20 01:07:40.810,0.96437,0.96451,1.10,2.25
2015.01.20 01:07:41.758,0.9644,0.9645,1.00,1.12
2015.01.20 01:07:42.780,0.9644,0.96449,1.00,1.07
2015.01.20 01:07:42.882,0.96432,0.96444,2.02,1.00
2015.01.20 01:07:42.933,0.96432,0.96438,1.95,1.00
2015.01.20 01:07:43.034,0.96431,0.96438,1.00,1.00
2015.01.20 01:07:43.137,0.96426,0.96432,1.00,1.00
2015.01.20 01:07:43.340,0.96423,0.96432,1.50,1.00
2015.01.20 01:07:43.854,0.96423,0.96433,1.00,2.32
2015.01.20 01:07:44.380,0.96422,0.96433,1.00,1.95
2015.01.20 01:07:44.785,0.96424,0.96432,1.00,1.57
2015.01.20 01:07:44.886,0.96422,0.96432,1.00,1.95
2015.01.20 01:07:45.999,0.96423,0.96432,1.00,1.20
2015.01.20 01:07:46.101,0.96425,0.96432,1.00,1.20
2015.01.20 01:07:46.569,0.96425,0.96432,1.00,1.57
2015.01.20 01:07:46.621,0.96421,0.96432,1.00,1.57
2015.01.20 01:07:47.146,0.96421,0.96431,1.00,1.57
2015.01.20 01:07:47.650,0.9642,0.96431,1.50,1.57
2015.01.20 01:07:52.667,0.96418,0.9643,1.00,1.20
2015.01.20 01:07:56.419,0.96421,0.9643,1.00,1.57
2015.01.20 01:07:56.521,0.96418,0.9643,1.50,1.57
2015.01.20 01:07:58.737,0.96419,0.9643,1.00,1.57
2015.01.20 01:07:59.328,0.9642,0.9643,1.00,1.57
2015.01.20 01:08:00.018,0.96421,0.9643,1.00,1.57
2015.01.20 01:08:00.069,0.96423,0.9643,1.00,1.57
2015.01.20 01:08:00.609,0.96419,0.9643,1.00,1.10
2015.01.20 01:08:01.138,0.96418,0.9643,1.50,1.10
2015.01.20 01:08:02.145,0.96419,0.9643,1.00,1.20
2015.01.20 01:08:03.317,0.96422,0.96431,1.00,1.57
2015.01.20 01:08:03.571,0.96423,0.96434,1.50,1.00
2015.01.20 01:08:03.773,0.96426,0.96434,1.10,1.00
2015.01.20 01:08:03.824,0.96426,0.96438,1.10,1.87
2015.01.20 01:08:03.977,0.96423,0.96437,1.20,1.27
2015.01.20 01:08:04.280,0.96419,0.9643,1.10,1.17
2015.01.20 01:08:04.482,0.96415,0.96426,1.20,1.00
2015.01.20 01:08:04.533,0.96415,0.96427,2.32,1.00
2015.01.20 01:08:04.635,0.96417,0.96429,1.00,1.20
2015.01.20 01:08:04.787,0.96419,0.96433,1.10,1.95
2015.01.20 01:08:05.090,0.9642,0.96432,1.12,1.10
2015.01.20 01:08:05.628,0.96422,0.96435,1.12,1.15
2015.01.20 01:08:09.019,0.96422,0.96435,1.52,1.07
2015.01.20 01:08:09.323,0.96423,0.96432,1.10,1.00
2015.01.20 01:08:09.425,0.96423,0.96434,1.15,1.00
2015.01.20 01:08:09.627,0.96425,0.96438,1.10,1.27
2015.01.20 01:08:10.176,0.96426,0.96438,1.00,1.07
2015.01.20 01:08:10.277,0.96426,0.96438,1.00,1.15
2015.01.20 01:08:10.386,0.96426,0.96438,1.17,1.00
2015.01.20 01:08:10.487,0.96426,0.96438,1.00,1.65
2015.01.20 01:08:12.259,0.96426,0.96438,1.00,1.10
2015.01.20 01:08:12.461,0.96429,0.96441,1.00,2.02
2015.01.20 01:08:12.776,0.96429,0.96438,1.00,1.57
2015.01.20 01:08:13.295,0.96429,0.96439,1.00,1.12
2015.01.20 01:08:13.598,0.96429,0.96437,1.00,1.75
2015.01.20 01:08:13.700,0.96433,0.96444,1.07,1.10
2015.01.20 01:08:14.004,0.96433,0.96442,1.00,1.92
2015.01.20 01:08:14.459,0.96431,0.9644,1.10,1.12
2015.01.20 01:08:14.712,0.96428,0.96438,1.00,1.10
2015.01.20 01:08:14.813,0.96428,0.96436,1.00,1.10
2015.01.20 01:08:14.965,0.96424,0.96436,1.10,1.17
2015.01.20 01:08:15.526,0.96424,0.96434,1.10,1.00
2015.01.20 01:08:15.678,0.96422,0.9643,1.45,2.92
2015.01.20 01:08:15.780,0.96418,0.96428,1.12,1.17
2015.01.20 01:08:15.982,0.96417,0.96428,1.20,1.17
2015.01.20 01:08:16.084,0.96417,0.96428,1.17,1.20
2015.01.20 01:08:16.801,0.96416,0.96421,1.17,1.50
2015.01.20 01:08:16.902,0.96408,0.96416,1.45,1.45
2015.01.20 01:08:16.954,0.96399,0.96411,1.07,3.00
2015.01.20 01:08:17.005,0.96396,0.96406,2.25,1.12
2015.01.20 01:08:17.055,0.96396,0.96406,2.17,3.37
2015.01.20 01:08:17.208,0.9639,0.96402,1.50,1.35
2015.01.20 01:08:17.309,0.96393,0.96402,1.00,1.20
2015.01.20 01:08:17.461,0.96393,0.96405,1.00,1.35
2015.01.20 01:08:17.765,0.96392,0.96406,1.65,2.70
2015.01.20 01:08:18.272,0.96396,0.96404,1.00,1.50
2015.01.20 01:08:18.322,0.96392,0.96404,1.65,1.87
2015.01.20 01:08:18.373,0.96392,0.96404,1.65,1.87
2015.01.20 01:08:18.475,0.96392,0.96404,1.50,1.95
2015.01.20 01:08:18.680,0.96392,0.96404,1.65,1.12
2015.01.20 01:08:18.984,0.96395,0.96406,1.15,1.12
2015.01.20 01:08:19.085,0.96397,0.96409,1.15,1.50
2015.01.20 01:08:19.186,0.96397,0.96407,1.10,1.20
2015.01.20 01:08:19.288,0.96398,0.96409,1.07,1.12
2015.01.20 01:08:19.827,0.964,0.9641,1.10,1.50
2015.01.20 01:08:20.059,0.964,0.96412,1.10,1.82
2015.01.20 01:08:20.362,0.964,0.96412,1.10,1.95
2015.01.20 01:08:21.171,0.96396,0.96409,1.15,1.57
2015.01.20 01:08:21.323,0.96394,0.96409,1.80,1.57
2015.01.20 01:08:21.833,0.96393,0.96409,1.35,2.40
2015.01.20 01:08:21.934,0.96393,0.96407,1.15,1.45
2015.01.20 01:08:22.499,0.96394,0.96407,1.17,1.57
2015.01.20 01:08:25.599,0.96393,0.96405,1.65,1.15
2015.01.20 01:08:26.110,0.96393,0.96407,1.37,1.57
2015.01.20 01:08:26.824,0.96391,0.96407,2.40,1.95
2015.01.20 01:08:27.078,0.96388,0.96395,1.50,1.12
2015.01.20 01:08:27.129,0.96386,0.96395,1.00,1.00
2015.01.20 01:08:27.634,0.96385,0.96394,1.00,1.10
2015.01.20 01:08:27.887,0.96387,0.96393,1.00,1.00
2015.01.20 01:08:28.141,0.96389,0.96398,1.00,1.20
2015.01.20 01:08:28.192,0.96389,0.96398,1.00,1.15
2015.01.20 01:08:28.243,0.96387,0.96397,1.10,1.17
2015.01.20 01:08:28.293,0.96388,0.96397,2.25,1.10
2015.01.20 01:08:28.597,0.96389,0.96402,1.27,1.37
2015.01.20 01:08:28.901,0.96389,0.96402,2.70,1.95
2015.01.20 01:08:29.103,0.96386,0.96401,4.20,1.37
2015.01.20 01:08:29.307,0.96388,0.964,4.50,1.95
2015.01.20 01:08:29.408,0.96388,0.96401,4.57,1.87
2015.01.20 01:08:30.016,0.96386,0.96394,1.87,4.35
2015.01.20 01:08:30.067,0.96386,0.96394,1.00,4.50
2015.01.20 01:08:30.118,0.96385,0.96398,1.00,4.27
2015.01.20 01:08:30.169,0.96385,0.96397,1.00,1.27
2015.01.20 01:08:30.270,0.96385,0.96395,1.00,1.92
2015.01.20 01:08:30.434,0.96385,0.96395,1.15,1.57
2015.01.20 01:08:30.738,0.96381,0.96394,1.27,1.20
2015.01.20 01:08:31.847,0.96378,0.96395,3.45,1.35
2015.01.20 01:08:32.367,0.96378,0.96392,3.07,1.00
2015.01.20 01:08:32.620,0.96378,0.96395,3.82,1.27
2015.01.20 01:08:34.280,0.96379,0.96395,3.07,1.20
2015.01.20 01:08:34.684,0.96385,0.96398,2.25,1.20
2015.01.20 01:08:34.837,0.96387,0.96405,2.70,2.02
2015.01.20 01:08:34.888,0.9639,0.96405,3.07,2.02
2015.01.20 01:08:35.091,0.9639,0.96407,3.45,1.35
2015.01.20 01:08:35.242,0.96391,0.96407,1.27,1.30
2015.01.20 01:08:35.748,0.96395,0.96407,1.00,1.30
2015.01.20 01:08:35.799,0.96395,0.96409,2.25,1.20
2015.01.20 01:08:36.001,0.96394,0.96411,2.00,2.47
2015.01.20 01:08:36.103,0.96396,0.9641,2.02,1.27
2015.01.20 01:08:36.637,0.96396,0.96408,1.17,1.17
2015.01.20 01:08:39.830,0.96395,0.96409,1.30,3.22
2015.01.20 01:08:40.211,0.96395,0.96407,1.20,5.25
2015.01.20 01:08:40.618,0.96395,0.96405,1.20,1.10
2015.01.20 01:08:40.720,0.96393,0.96407,1.12,3.15
2015.01.20 01:08:40.822,0.96392,0.96407,2.32,1.35
2015.01.20 01:08:46.068,0.96393,0.96409,1.12,4.57
2015.01.20 01:08:46.170,0.96392,0.96408,1.85,1.27
2015.01.20 01:08:47.141,0.96392,0.96406,1.75,2.32
2015.01.20 01:08:47.242,0.9639,0.96406,1.95,2.40
2015.01.20 01:08:49.353,0.9639,0.96407,2.02,2.10
2015.01.20 01:08:51.508,0.9639,0.96405,1.52,2.32
2015.01.20 01:08:51.944,0.9639,0.96407,1.52,4.27
2015.01.20 01:08:55.848,0.96392,0.96404,1.00,5.25
2015.01.20 01:08:56.050,0.96387,0.964,1.87,1.15
2015.01.20 01:08:56.468,0.96386,0.96397,1.27,1.00
2015.01.20 01:08:57.036,0.96386,0.96397,1.30,1.00
2015.01.20 01:08:58.058,0.96386,0.96398,1.30,1.20
2015.01.20 01:08:58.311,0.96386,0.96396,1.30,1.00
2015.01.20 01:08:58.640,0.96386,0.96398,3.45,1.00
2015.01.20 01:08:59.044,0.96386,0.96398,1.27,1.00
2015.01.20 01:09:00.177,0.96384,0.96399,1.27,1.20
2015.01.20 01:09:00.330,0.96388,0.96402,1.85,1.15
2015.01.20 01:09:00.836,0.96388,0.96405,1.82,3.82
2015.01.20 01:09:00.887,0.96388,0.96405,1.90,1.65
2015.01.20 01:09:00.938,0.9639,0.96405,2.40,1.57
2015.01.20 01:09:01.298,0.96394,0.96408,1.12,3.07
2015.01.20 01:09:01.451,0.96397,0.96409,1.12,1.15
2015.01.20 01:09:01.553,0.96397,0.96409,1.55,1.20
2015.01.20 01:09:01.654,0.96398,0.96409,1.12,3.82
2015.01.20 01:09:01.755,0.96397,0.96409,1.75,3.07
2015.01.20 01:09:02.059,0.96398,0.96409,1.45,1.00
2015.01.20 01:09:02.570,0.96398,0.96412,1.45,1.15
2015.01.20 01:09:02.876,0.96399,0.96412,1.25,1.00
2015.01.20 01:09:02.926,0.96399,0.96409,1.35,1.00
2015.01.20 01:09:03.487,0.964,0.96412,1.75,1.17
2015.01.20 01:09:04.252,0.964,0.96414,1.82,1.65
2015.01.20 01:09:04.303,0.964,0.96414,1.90,1.65
2015.01.20 01:09:04.405,0.96402,0.96414,1.55,1.65
2015.01.20 01:09:04.859,0.96399,0.96414,1.25,1.35
2015.01.20 01:09:05.062,0.964,0.96414,1.27,1.17
2015.01.20 01:09:05.584,0.964,0.96414,1.52,1.65
2015.01.20 01:09:05.888,0.96398,0.96414,2.02,4.65
2015.01.20 01:09:06.246,0.96397,0.96411,1.52,1.17
2015.01.20 01:09:06.348,0.96397,0.96411,1.57,1.17
2015.01.20 01:09:06.451,0.96398,0.96408,2.40,1.00
2015.01.20 01:09:06.666,0.964,0.96414,1.17,1.17
2015.01.20 01:09:06.767,0.96401,0.96413,1.12,2.32
2015.01.20 01:09:06.970,0.96401,0.96412,1.12,1.00
2015.01.20 01:09:07.071,0.96401,0.96414,1.52,1.10
2015.01.20 01:09:07.937,0.964,0.96416,1.27,1.25
2015.01.20 01:09:10.076,0.96399,0.96414,2.02,2.40
2015.01.20 01:09:10.380,0.96398,0.9641,1.10,1.17
2015.01.20 01:09:10.787,0.96398,0.9641,1.15,1.00
2015.01.20 01:09:12.113,0.96401,0.96413,1.00,2.02
2015.01.20 01:09:12.648,0.96401,0.96413,1.10,1.27
2015.01.20 01:09:15.866,0.96402,0.96414,1.10,1.72
2015.01.20 01:09:15.968,0.96402,0.96414,1.10,1.10
2015.01.20 01:09:16.923,0.96404,0.96416,1.00,1.25
2015.01.20 01:09:17.489,0.96404,0.96416,1.07,1.17
2015.01.20 01:09:19.359,0.96404,0.96416,1.00,1.17
2015.01.20 01:09:19.663,0.964,0.96409,1.05,3.07
2015.01.20 01:09:19.714,0.96397,0.96409,1.75,3.07
2015.01.20 01:09:19.866,0.96395,0.96409,2.70,1.07
2015.01.20 01:09:19.967,0.96397,0.96411,1.17,2.02
2015.01.20 01:09:20.364,0.96399,0.96412,1.15,1.07
2015.01.20 01:09:20.516,0.96398,0.96412,1.20,1.27
2015.01.20 01:09:21.022,0.96399,0.96411,1.10,1.17
2015.01.20 01:09:24.909,0.96399,0.96411,1.07,1.20
2015.01.20 01:09:25.112,0.964,0.96413,3.00,1.12
2015.01.20 01:09:25.264,0.96401,0.96413,1.10,2.02
2015.01.20 01:09:26.882,0.96401,0.9641,1.00,2.32
2015.01.20 01:09:26.933,0.96397,0.96409,1.87,1.15
2015.01.20 01:09:26.984,0.96397,0.96409,1.10,1.00
2015.01.20 01:09:27.187,0.96398,0.9641,1.35,1.00
2015.01.20 01:09:27.491,0.96398,0.9641,1.00,3.45
2015.01.20 01:09:27.592,0.96395,0.96407,1.27,1.07
2015.01.20 01:09:27.794,0.96395,0.96407,1.15,1.12
2015.01.20 01:09:28.098,0.964,0.96413,1.15,1.55
2015.01.20 01:09:28.301,0.96402,0.96415,1.17,1.20
2015.01.20 01:09:30.540,0.96402,0.96415,3.07,1.20
2015.01.20 01:09:31.047,0.96407,0.96416,1.10,1.12
2015.01.20 01:09:31.552,0.96407,0.96414,1.10,1.50
2015.01.20 01:09:34.622,0.96407,0.96414,1.00,1.00
2015.01.20 01:09:35.136,0.96407,0.96417,1.00,1.12
2015.01.20 01:09:37.421,0.96405,0.96417,1.15,1.12
2015.01.20 01:09:38.082,0.96405,0.96414,1.07,1.07
2015.01.20 01:09:38.286,0.96399,0.96413,1.65,1.52
2015.01.20 01:09:38.337,0.96399,0.96413,1.30,1.52
2015.01.20 01:09:38.488,0.96399,0.96412,1.20,1.92
2015.01.20 01:09:38.792,0.96403,0.96414,1.15,1.12
2015.01.20 01:09:47.585,0.96405,0.96416,1.10,2.25
2015.01.20 01:09:49.096,0.96405,0.96416,1.10,1.07
2015.01.20 01:09:53.293,0.96405,0.96416,1.10,3.07
2015.01.20 01:09:53.547,0.96399,0.9641,1.00,1.10
2015.01.20 01:09:53.700,0.964,0.96411,2.25,1.07
2015.01.20 01:09:53.902,0.96404,0.96416,1.17,1.12
2015.01.20 01:09:54.575,0.96404,0.96418,1.17,3.07
2015.01.20 01:09:55.835,0.96404,0.96418,1.17,1.95
2015.01.20 01:09:55.987,0.96404,0.96415,1.00,1.00
2015.01.20 01:09:56.514,0.96404,0.96415,1.00,1.37
2015.01.20 01:09:56.666,0.96404,0.96416,1.17,1.00
2015.01.20 01:09:57.622,0.96406,0.96417,1.00,1.20
2015.01.20 01:09:59.248,0.96406,0.96418,5.25,1.50
2015.01.20 01:09:59.501,0.96409,0.96419,1.15,1.50
2015.01.20 01:10:01.239,0.9641,0.96419,1.20,1.37
2015.01.20 01:10:01.949,0.9641,0.96421,1.20,1.37
2015.01.20 01:10:04.005,0.9641,0.96421,1.20,1.37
2015.01.20 01:10:04.207,0.9641,0.96421,1.20,1.00
2015.01.20 01:10:04.258,0.9641,0.96422,1.20,2.02
2015.01.20 01:10:04.562,0.96415,0.96427,3.07,1.75
2015.01.20 01:10:04.613,0.96415,0.96428,3.07,1.20
2015.01.20 01:10:04.714,0.96418,0.9643,1.15,1.50
2015.01.20 01:10:04.917,0.9642,0.96433,1.30,1.25
2015.01.20 01:10:05.018,0.96422,0.96433,1.00,1.25
2015.01.20 01:10:05.373,0.96422,0.96434,3.00,1.12
2015.01.20 01:10:05.474,0.96424,0.96438,1.15,4.50
2015.01.20 01:10:05.575,0.96428,0.96438,1.00,1.12
2015.01.20 01:10:06.030,0.96428,0.96442,1.00,3.82
2015.01.20 01:10:06.458,0.9643,0.96442,1.00,3.07
2015.01.20 01:10:08.866,0.96431,0.96441,1.00,1.12
2015.01.20 01:10:09.387,0.96431,0.96441,1.00,1.00
2015.01.20 01:10:09.746,0.96431,0.96443,1.00,1.50
2015.01.20 01:10:10.249,0.96432,0.96443,1.00,1.50
2015.01.20 01:10:10.487,0.96429,0.96442,1.65,1.00
2015.01.20 01:10:11.017,0.96429,0.96441,1.65,1.00
2015.01.20 01:10:12.083,0.96428,0.96443,2.40,1.50
2015.01.20 01:10:12.651,0.96428,0.96442,2.40,1.00
2015.01.20 01:10:13.678,0.96431,0.96442,1.00,1.00
2015.01.20 01:10:14.196,0.96431,0.96443,1.00,1.00
2015.01.20 01:10:14.729,0.96431,0.96445,1.00,2.32
2015.01.20 01:10:17.273,0.96431,0.96442,1.00,1.00
2015.01.20 01:10:17.806,0.96428,0.96442,2.32,1.10
2015.01.20 01:10:17.908,0.96426,0.96442,1.72,1.20
2015.01.20 01:10:18.411,0.96426,0.9644,1.35,1.00
2015.01.20 01:10:18.906,0.96426,0.96442,1.35,1.20
2015.01.20 01:10:19.159,0.96426,0.96443,3.52,1.27
2015.01.20 01:10:19.462,0.96431,0.96442,1.17,1.00
2015.01.20 01:10:19.866,0.96433,0.96443,2.32,1.00
2015.01.20 01:10:20.877,0.96433,0.96445,3.15,1.12
2015.01.20 01:10:22.398,0.96433,0.96444,3.15,1.00
2015.01.20 01:10:22.925,0.96433,0.96445,3.15,1.12
2015.01.20 01:10:23.656,0.96433,0.96446,3.15,1.00
2015.01.20 01:10:23.859,0.96434,0.96452,1.27,2.40
2015.01.20 01:10:24.216,0.96436,0.96452,1.25,1.45
2015.01.20 01:10:24.419,0.96438,0.96455,2.55,1.75
2015.01.20 01:10:24.470,0.9644,0.96455,2.32,1.75
2015.01.20 01:10:24.723,0.96443,0.96459,1.65,1.87
2015.01.20 01:10:24.824,0.96443,0.96458,1.65,1.12
2015.01.20 01:10:27.110,0.96443,0.96458,1.55,1.12
2015.01.20 01:10:27.870,0.96441,0.96458,4.27,1.12
2015.01.20 01:10:28.375,0.96441,0.96455,2.77,1.00
2015.01.20 01:10:28.578,0.96439,0.96453,1.65,1.00
2015.01.20 01:10:28.629,0.96439,0.96453,1.65,1.00
2015.01.20 01:10:29.866,0.96438,0.96453,1.82,1.10
2015.01.20 01:10:30.601,0.96438,0.96455,1.82,1.22
2015.01.20 01:10:31.068,0.96438,0.96454,1.82,1.72
2015.01.20 01:10:31.321,0.9644,0.96456,3.52,1.12
2015.01.20 01:10:31.372,0.9644,0.96456,3.52,1.12
2015.01.20 01:10:31.591,0.96442,0.96454,2.32,1.00
2015.01.20 01:10:31.693,0.9644,0.96454,5.25,1.00
2015.01.20 01:10:31.795,0.96441,0.96454,1.07,1.57
2015.01.20 01:10:32.208,0.96439,0.96455,1.42,1.85
2015.01.20 01:10:37.369,0.96438,0.96457,2.40,1.90
2015.01.20 01:10:37.420,0.96439,0.96457,3.07,1.82
2015.01.20 01:10:37.724,0.96441,0.96457,3.07,1.50
2015.01.20 01:10:38.146,0.96441,0.9645,4.20,1.00
2015.01.20 01:10:38.197,0.96441,0.9645,2.02,1.00
2015.01.20 01:10:38.299,0.96438,0.9645,1.25,1.00
2015.01.20 01:10:39.114,0.96438,0.96449,1.25,1.00
2015.01.20 01:10:39.927,0.96438,0.96451,1.25,1.00
2015.01.20 01:10:40.028,0.96438,0.96451,3.15,1.00
2015.01.20 01:10:40.705,0.9644,0.96453,1.35,1.00
2015.01.20 01:10:41.559,0.9644,0.96451,2.02,1.00
2015.01.20 01:10:42.084,0.9644,0.96452,1.27,1.00
2015.01.20 01:10:43.957,0.96439,0.96451,1.65,1.00
2015.01.20 01:10:44.837,0.9644,0.96448,1.20,1.00
2015.01.20 01:10:45.040,0.96436,0.96448,2.02,1.00
2015.01.20 01:10:45.091,0.96438,0.9645,1.12,1.00
2015.01.20 01:10:45.192,0.96438,0.9645,1.20,1.00
2015.01.20 01:10:45.416,0.96438,0.9645,1.95,1.00
2015.01.20 01:10:48.250,0.96439,0.9645,1.72,1.00
2015.01.20 01:10:49.570,0.96439,0.96451,1.72,1.00
2015.01.20 01:10:50.139,0.96439,0.96452,1.72,1.00
2015.01.20 01:10:50.595,0.96441,0.96456,1.35,1.12
2015.01.20 01:10:50.696,0.96441,0.96458,1.35,1.72
2015.01.20 01:10:50.848,0.96441,0.96458,1.10,2.77
2015.01.20 01:10:51.362,0.96441,0.96456,1.00,1.52
2015.01.20 01:10:53.355,0.96441,0.96456,1.37,1.52
2015.01.20 01:10:53.660,0.96445,0.96459,3.45,1.00
2015.01.20 01:10:53.862,0.96446,0.96461,2.02,1.20
2015.01.20 01:10:54.409,0.96449,0.96462,1.17,2.25
2015.01.20 01:10:59.230,0.96451,0.9646,1.00,1.20
2015.01.20 01:10:59.382,0.96451,0.96457,1.00,1.00
2015.01.20 01:10:59.928,0.9645,0.96459,1.20,1.00
2015.01.20 01:11:00.133,0.9645,0.96459,1.35,1.00
2015.01.20 01:11:00.501,0.9645,0.96459,3.82,1.00
2015.01.20 01:11:02.875,0.96452,0.9646,1.17,1.00
2015.01.20 01:11:03.079,0.96452,0.96461,1.00,1.00
2015.01.20 01:11:03.130,0.96452,0.96459,1.00,1.00
2015.01.20 01:11:03.433,0.96452,0.9646,1.17,1.00
2015.01.20 01:11:04.247,0.9645,0.9646,1.57,1.00
2015.01.20 01:11:04.349,0.96448,0.96458,1.20,1.00
2015.01.20 01:11:04.450,0.96446,0.96459,1.27,1.10
2015.01.20 01:11:04.904,0.96446,0.96459,1.17,1.95
2015.01.20 01:11:05.845,0.96446,0.96459,3.07,1.12
2015.01.20 01:11:05.997,0.96447,0.96461,4.50,1.75
2015.01.20 01:11:06.098,0.96448,0.96463,1.15,2.25
2015.01.20 01:11:06.414,0.96451,0.96463,2.32,2.25
2015.01.20 01:11:06.515,0.96451,0.96465,5.25,1.10
2015.01.20 01:11:08.955,0.96455,0.96467,1.15,1.87
2015.01.20 01:11:09.057,0.96456,0.9647,1.15,1.75
2015.01.20 01:11:09.161,0.96458,0.96471,1.20,1.20
2015.01.20 01:11:09.464,0.96458,0.96471,1.25,1.12
2015.01.20 01:11:11.454,0.96458,0.96472,2.02,1.10
2015.01.20 01:11:12.394,0.96461,0.96474,4.50,1.12
2015.01.20 01:11:12.597,0.96464,0.96478,1.25,1.12
2015.01.20 01:11:12.698,0.96466,0.96482,1.27,1.95
2015.01.20 01:11:12.951,0.96468,0.96481,1.07,1.57
2015.01.20 01:11:13.542,0.96468,0.96479,1.35,1.00
2015.01.20 01:11:14.256,0.96468,0.96484,1.35,1.75
2015.01.20 01:11:14.755,0.96469,0.96484,2.32,1.75
2015.01.20 01:11:15.019,0.96475,0.9649,2.32,1.20
2015.01.20 01:11:15.323,0.96476,0.96486,3.07,1.00
2015.01.20 01:11:15.374,0.96476,0.96486,1.15,1.00
2015.01.20 01:11:15.677,0.96474,0.96484,1.35,1.00
2015.01.20 01:11:16.305,0.96478,0.96487,1.15,1.00
2015.01.20 01:11:16.811,0.96476,0.96486,3.52,1.00
2015.01.20 01:11:17.303,0.96474,0.96485,2.40,1.00
2015.01.20 01:11:17.505,0.96474,0.96483,2.40,1.00
2015.01.20 01:11:17.657,0.96474,0.96485,2.40,1.00
2015.01.20 01:11:17.708,0.96475,0.96485,3.07,1.00
2015.01.20 01:11:17.859,0.96475,0.96487,5.25,1.00
2015.01.20 01:11:17.961,0.96475,0.96489,5.25,1.00
2015.01.20 01:11:18.214,0.96478,0.96491,2.02,1.00
2015.01.20 01:11:18.517,0.96481,0.96493,1.65,1.00
2015.01.20 01:11:19.080,0.96481,0.96492,1.65,1.00
2015.01.20 01:11:19.182,0.96481,0.9649,1.07,1.00
2015.01.20 01:11:19.485,0.96475,0.96487,4.27,1.00
2015.01.20 01:11:19.637,0.96475,0.96491,3.52,1.87
2015.01.20 01:11:19.738,0.96475,0.96489,3.07,1.12
2015.01.20 01:11:20.258,0.96475,0.96486,3.07,1.00
2015.01.20 01:11:20.309,0.96475,0.96486,1.15,1.00
2015.01.20 01:11:20.854,0.96473,0.96488,3.07,1.20
2015.01.20 01:11:21.007,0.96476,0.96489,1.15,1.87
2015.01.20 01:11:21.310,0.96476,0.96489,1.15,1.00
2015.01.20 01:11:21.840,0.96476,0.9649,1.15,1.10
2015.01.20 01:11:22.675,0.96476,0.96489,1.15,1.00
2015.01.20 01:11:23.774,0.96476,0.96491,1.15,1.00
2015.01.20 01:11:23.987,0.96476,0.96491,3.07,1.00
2015.01.20 01:11:24.531,0.96476,0.96492,1.15,1.10
2015.01.20 01:11:26.769,0.96476,0.96489,1.15,1.00
2015.01.20 01:11:27.293,0.96476,0.9649,1.15,1.00
2015.01.20 01:11:27.886,0.96476,0.96489,1.15,1.00
2015.01.20 01:11:29.300,0.96476,0.9649,1.15,1.00
2015.01.20 01:11:29.604,0.96479,0.9649,2.32,1.00
2015.01.20 01:11:29.706,0.96473,0.96488,1.50,1.65
2015.01.20 01:11:29.807,0.96471,0.96488,1.17,1.72
2015.01.20 01:11:29.861,0.96469,0.96483,1.15,1.00
2015.01.20 01:11:29.912,0.96467,0.96483,1.35,1.10
2015.01.20 01:11:30.516,0.96466,0.96482,4.20,1.00
2015.01.20 01:11:31.048,0.96466,0.96483,3.45,1.10
2015.01.20 01:11:31.994,0.96468,0.96483,2.32,1.00
2015.01.20 01:11:32.318,0.96471,0.96483,2.32,1.00
2015.01.20 01:11:32.369,0.96471,0.96488,2.32,1.20
2015.01.20 01:11:32.521,0.96471,0.96488,2.32,1.57
2015.01.20 01:11:33.064,0.96471,0.96486,2.70,1.00
2015.01.20 01:11:33.597,0.96471,0.96487,3.15,1.00
2015.01.20 01:11:34.004,0.96473,0.9649,4.57,1.12
2015.01.20 01:11:34.155,0.96476,0.96491,1.27,1.00
2015.01.20 01:11:34.307,0.96477,0.96491,1.20,1.00
2015.01.20 01:11:34.610,0.96478,0.96493,1.27,1.00
2015.01.20 01:11:34.712,0.96479,0.96494,2.77,1.00
2015.01.20 01:11:35.015,0.96477,0.96492,3.52,1.00
2015.01.20 01:11:35.541,0.96478,0.96492,1.25,1.00
2015.01.20 01:11:35.934,0.96478,0.96492,1.62,1.00
2015.01.20 01:11:36.035,0.9648,0.96496,2.70,1.10
2015.01.20 01:11:36.137,0.96478,0.96495,2.10,1.17
2015.01.20 01:11:36.717,0.96478,0.96495,4.95,1.10
2015.01.20 01:11:37.020,0.96483,0.965,1.52,1.10
2015.01.20 01:11:37.273,0.96483,0.96496,1.15,1.00
2015.01.20 01:11:37.576,0.96482,0.96499,1.62,1.10
2015.01.20 01:11:37.915,0.96482,0.96499,1.65,2.10
2015.01.20 01:11:38.421,0.9648,0.96499,3.52,1.27
2015.01.20 01:11:38.893,0.9648,0.96494,3.52,1.00
2015.01.20 01:11:39.147,0.96479,0.96492,1.72,1.00
2015.01.20 01:11:39.248,0.96479,0.96494,3.45,1.00
2015.01.20 01:11:39.552,0.96475,0.96491,2.32,1.17
2015.01.20 01:11:39.653,0.96474,0.96488,1.20,1.57
2015.01.20 01:11:39.969,0.96473,0.96489,1.27,1.00
2015.01.20 01:11:40.020,0.96474,0.9649,3.15,1.00
2015.01.20 01:11:40.426,0.96474,0.96487,3.45,1.00
2015.01.20 01:11:40.629,0.96473,0.96487,1.65,1.00
2015.01.20 01:11:40.680,0.96473,0.96485,1.35,1.00
2015.01.20 01:11:40.781,0.96473,0.96488,1.65,1.00
2015.01.20 01:11:40.984,0.96472,0.96487,1.35,1.37
2015.01.20 01:11:41.237,0.96468,0.96485,3.15,1.57
2015.01.20 01:11:41.440,0.96468,0.96484,1.35,1.00
2015.01.20 01:11:41.492,0.96471,0.96484,1.07,1.00
2015.01.20 01:11:41.543,0.96471,0.96486,1.15,1.00
2015.01.20 01:11:41.847,0.96472,0.96488,1.15,1.10
2015.01.20 01:11:41.898,0.96472,0.96488,3.07,1.10
2015.01.20 01:11:42.302,0.96477,0.96491,1.10,1.07
2015.01.20 01:11:42.403,0.96472,0.96486,3.07,1.00
2015.01.20 01:11:42.454,0.96472,0.96486,1.20,1.00
2015.01.20 01:11:42.960,0.96471,0.96488,3.07,1.20
2015.01.20 01:11:43.616,0.96471,0.96488,3.07,1.20
2015.01.20 01:11:44.138,0.96471,0.96488,3.07,1.10
2015.01.20 01:11:44.667,0.96473,0.96487,1.17,1.50
2015.01.20 01:11:44.920,0.96472,0.96485,1.10,1.00
2015.01.20 01:11:45.174,0.9647,0.96484,1.20,1.00
2015.01.20 01:11:45.377,0.9647,0.96482,1.20,1.00
2015.01.20 01:11:45.914,0.96471,0.96482,1.00,1.00
2015.01.20 01:11:46.446,0.96471,0.96483,1.00,1.00
2015.01.20 01:11:47.168,0.96471,0.96482,1.00,1.00
2015.01.20 01:11:47.485,0.96471,0.96485,1.00,1.10
2015.01.20 01:11:48.489,0.96471,0.96486,1.00,2.70
2015.01.20 01:11:48.540,0.96468,0.96482,1.27,1.17
2015.01.20 01:11:48.794,0.96464,0.96481,1.37,1.65
2015.01.20 01:11:49.032,0.96464,0.9648,1.00,1.35
2015.01.20 01:11:50.978,0.96466,0.96481,1.00,1.65
2015.01.20 01:11:51.333,0.96466,0.96481,5.25,1.00
2015.01.20 01:11:51.636,0.96471,0.96483,1.00,1.50
2015.01.20 01:11:52.174,0.96472,0.96484,1.00,1.30
2015.01.20 01:11:52.276,0.9647,0.96484,1.20,1.65
2015.01.20 01:11:52.879,0.9647,0.96483,1.20,1.00
2015.01.20 01:11:53.081,0.96469,0.96481,1.00,1.57
2015.01.20 01:11:53.385,0.96461,0.96475,1.10,1.15
2015.01.20 01:11:53.638,0.96461,0.96475,1.20,1.10
2015.01.20 01:11:55.301,0.96462,0.96475,2.25,1.10
2015.01.20 01:11:55.503,0.96468,0.96479,1.00,1.10
2015.01.20 01:11:55.809,0.96462,0.96476,1.17,1.00
2015.01.20 01:11:56.481,0.96462,0.96476,1.00,1.17
2015.01.20 01:11:56.683,0.96461,0.96473,1.00,1.00
2015.01.20 01:11:59.905,0.96461,0.96473,1.57,1.00
2015.01.20 01:12:00.011,0.96465,0.96477,1.12,1.00
2015.01.20 01:12:05.559,0.96465,0.96477,1.47,1.00
2015.01.20 01:12:05.712,0.96467,0.96481,1.27,1.10
2015.01.20 01:12:05.814,0.9647,0.96484,1.17,1.12
2015.01.20 01:12:05.865,0.9647,0.96478,1.00,1.00
2015.01.20 01:12:05.915,0.96468,0.96478,1.00,1.00
2015.01.20 01:12:06.017,0.96465,0.96477,1.20,1.00
2015.01.20 01:12:07.642,0.96465,0.96477,1.00,1.17
2015.01.20 01:12:07.744,0.96461,0.96475,1.10,1.15
2015.01.20 01:12:07.795,0.96459,0.96473,1.57,1.17
2015.01.20 01:12:08.054,0.96459,0.96472,1.10,1.17
2015.01.20 01:12:08.357,0.96456,0.96467,1.37,1.00
2015.01.20 01:12:09.465,0.96455,0.96466,1.37,1.00
2015.01.20 01:12:11.036,0.96455,0.96466,1.12,1.00
2015.01.20 01:12:11.654,0.96456,0.96466,1.00,1.00
2015.01.20 01:12:12.185,0.96457,0.96466,1.00,1.00
2015.01.20 01:12:12.313,0.96454,0.96466,1.37,1.00
2015.01.20 01:12:12.737,0.96454,0.96466,1.37,1.07
2015.01.20 01:12:12.889,0.96456,0.96466,1.12,1.10
2015.01.20 01:12:13.396,0.96453,0.96466,1.37,1.10
2015.01.20 01:12:14.505,0.96456,0.96468,1.37,1.10
2015.01.20 01:12:14.606,0.96456,0.96466,1.37,1.00
2015.01.20 01:12:15.146,0.96455,0.96467,1.87,1.00
2015.01.20 01:12:15.649,0.96457,0.96466,1.12,1.00
2015.01.20 01:12:17.023,0.96457,0.96469,1.12,1.00
2015.01.20 01:12:17.478,0.96457,0.96469,1.12,1.07
2015.01.20 01:12:18.207,0.96455,0.96467,1.50,1.10
2015.01.20 01:12:18.730,0.96454,0.96466,1.12,1.00
2015.01.20 01:12:21.080,0.96452,0.96466,1.47,1.00
2015.01.20 01:12:22.930,0.96452,0.96466,1.10,1.00
2015.01.20 01:12:23.032,0.96452,0.96466,1.00,1.15
2015.01.20 01:12:23.234,0.9645,0.96464,1.00,1.10
2015.01.20 01:12:23.639,0.9645,0.96464,1.00,1.15
2015.01.20 01:12:25.592,0.9645,0.96464,1.65,1.00
2015.01.20 01:12:26.105,0.96452,0.96463,1.00,1.10
2015.01.20 01:12:26.310,0.96449,0.96463,1.87,1.10
2015.01.20 01:12:26.856,0.96449,0.96463,1.00,1.10
2015.01.20 01:12:27.439,0.96449,0.96463,1.80,1.00
2015.01.20 01:12:27.490,0.96449,0.96463,3.97,1.00
2015.01.20 01:12:27.591,0.96454,0.96466,1.00,1.00
2015.01.20 01:12:27.844,0.96451,0.96465,1.65,1.00
2015.01.20 01:12:28.259,0.96455,0.96469,1.00,1.15
2015.01.20 01:12:28.563,0.9646,0.96472,1.00,1.07
2015.01.20 01:12:28.822,0.96458,0.96472,1.10,1.07
2015.01.20 01:12:29.006,0.9646,0.96472,1.00,1.07
2015.01.20 01:12:29.564,0.96463,0.96473,1.00,1.17
2015.01.20 01:12:29.615,0.96463,0.96475,1.00,2.32
2015.01.20 01:12:29.817,0.9646,0.96474,1.00,1.10
2015.01.20 01:12:29.919,0.96457,0.96471,1.27,1.50
2015.01.20 01:12:30.222,0.96455,0.96469,1.00,1.15
2015.01.20 01:12:30.665,0.96453,0.96467,1.00,1.20
2015.01.20 01:12:31.317,0.96451,0.96465,1.15,1.00
2015.01.20 01:12:31.624,0.96451,0.96465,1.15,1.00
2015.01.20 01:12:31.929,0.96459,0.96471,1.00,1.35
2015.01.20 01:12:32.131,0.96459,0.96471,1.00,1.00
2015.01.20 01:12:33.033,0.96459,0.96471,1.37,1.00
2015.01.20 01:12:33.135,0.96463,0.96474,1.82,1.27
2015.01.20 01:12:33.236,0.96468,0.96478,1.00,2.25
2015.01.20 01:12:33.440,0.96473,0.96485,1.00,1.07
2015.01.20 01:12:33.945,0.96473,0.96485,1.00,1.00
2015.01.20 01:12:34.886,0.96471,0.96485,1.17,1.00
2015.01.20 01:12:36.855,0.96471,0.96485,1.10,1.07
2015.01.20 01:12:41.881,0.96471,0.9648,1.20,1.00
2015.01.20 01:12:42.298,0.96471,0.96477,1.10,1.00
2015.01.20 01:12:42.349,0.96469,0.96477,1.20,1.00
2015.01.20 01:12:42.450,0.96469,0.96479,1.00,1.00
2015.01.20 01:12:42.553,0.96466,0.96479,1.07,1.00
2015.01.20 01:12:42.654,0.96464,0.96477,1.57,1.10
2015.01.20 01:12:42.756,0.96464,0.96475,1.00,1.10
2015.01.20 01:12:43.110,0.96464,0.96478,1.17,1.00
2015.01.20 01:12:43.212,0.96467,0.96478,1.00,1.00
2015.01.20 01:12:43.415,0.96472,0.96484,1.00,1.10
2015.01.20 01:12:43.466,0.96473,0.96487,1.00,4.20
2015.01.20 01:12:43.985,0.96476,0.96488,1.07,1.07
2015.01.20 01:12:44.086,0.96476,0.9649,1.15,1.00
2015.01.20 01:12:44.595,0.96477,0.96491,1.15,1.50
2015.01.20 01:12:45.372,0.96477,0.9649,1.15,3.00
2015.01.20 01:12:46.424,0.9648,0.9649,1.00,3.75
2015.01.20 01:12:47.013,0.9648,0.96491,1.00,1.00
2015.01.20 01:12:48.262,0.9648,0.9649,1.00,3.00
2015.01.20 01:12:48.364,0.96478,0.9649,1.10,1.00
2015.01.20 01:12:48.415,0.96475,0.96489,1.65,1.50
2015.01.20 01:12:50.239,0.96475,0.96489,1.00,1.57
2015.01.20 01:12:51.434,0.96475,0.96486,1.00,3.00
2015.01.20 01:12:54.942,0.96475,0.96489,1.00,5.02
2015.01.20 01:12:55.277,0.96475,0.96484,1.00,3.00
2015.01.20 01:12:55.430,0.96472,0.96485,1.00,3.37
2015.01.20 01:12:55.633,0.9647,0.96483,1.10,3.37
2015.01.20 01:12:56.613,0.9647,0.96482,1.00,3.37
2015.01.20 01:13:00.722,0.9647,0.96483,1.00,3.15
2015.01.20 01:13:01.136,0.96472,0.96484,1.00,1.57
2015.01.20 01:13:01.470,0.96473,0.96487,1.00,2.77
2015.01.20 01:13:02.865,0.96473,0.96487,1.07,2.77
2015.01.20 01:13:03.372,0.96476,0.96488,1.00,1.00
2015.01.20 01:13:03.758,0.96477,0.9649,1.07,1.07
2015.01.20 01:13:04.011,0.96477,0.96491,1.07,1.57
2015.01.20 01:13:12.363,0.96477,0.9649,1.07,1.00
2015.01.20 01:13:13.342,0.9648,0.96491,1.00,1.10
2015.01.20 01:13:14.302,0.9648,0.9649,1.00,1.00
2015.01.20 01:13:15.880,0.9648,0.96491,1.00,1.10
2015.01.20 01:13:16.498,0.9648,0.96492,1.00,1.00
2015.01.20 01:13:18.168,0.9648,0.9649,1.00,1.00
2015.01.20 01:13:20.614,0.96477,0.9649,1.20,1.00
2015.01.20 01:13:22.272,0.96475,0.96489,1.57,1.00
2015.01.20 01:13:22.323,0.96475,0.96489,1.27,1.00
2015.01.20 01:13:22.375,0.96477,0.96491,1.00,1.15
2015.01.20 01:13:22.703,0.96475,0.96489,1.37,1.17
2015.01.20 01:13:23.007,0.96475,0.96487,1.37,1.95
2015.01.20 01:13:23.555,0.96475,0.96487,1.00,1.95
2015.01.20 01:13:24.090,0.96475,0.96487,1.00,1.57
2015.01.20 01:13:24.623,0.96475,0.96487,1.57,1.50
2015.01.20 01:13:24.977,0.96478,0.9649,1.00,1.50
2015.01.20 01:13:27.873,0.96478,0.96488,1.00,1.00
2015.01.20 01:13:28.393,0.96478,0.96489,1.00,1.00
2015.01.20 01:13:29.384,0.96478,0.96487,1.12,3.00
2015.01.20 01:13:29.693,0.96476,0.96487,1.37,1.15
2015.01.20 01:13:29.794,0.96475,0.96487,1.12,1.20
2015.01.20 01:13:30.300,0.96476,0.96489,1.00,1.17
2015.01.20 01:13:30.923,0.96476,0.96489,1.10,1.30
2015.01.20 01:13:30.973,0.96478,0.96489,1.00,1.20
2015.01.20 01:13:31.176,0.96481,0.96494,1.00,1.07
2015.01.20 01:13:31.379,0.96483,0.96495,1.00,1.65
2015.01.20 01:13:31.430,0.96483,0.96495,1.00,1.57
2015.01.20 01:13:31.632,0.96485,0.96497,1.00,1.10
2015.01.20 01:13:32.206,0.96485,0.96499,1.10,1.17
2015.01.20 01:13:32.737,0.96485,0.96499,1.15,1.00
2015.01.20 01:13:33.058,0.96489,0.965,1.00,1.00
2015.01.20 01:13:33.464,0.96489,0.96503,1.10,2.40
2015.01.20 01:13:33.717,0.9649,0.96504,1.20,1.00
2015.01.20 01:13:33.819,0.96493,0.96505,1.00,1.20
2015.01.20 01:13:33.920,0.9649,0.96504,1.20,1.00
2015.01.20 01:13:34.224,0.9649,0.96504,1.17,1.00
2015.01.20 01:13:34.476,0.96494,0.96507,1.00,1.00
2015.01.20 01:13:34.729,0.96494,0.96506,1.00,1.07
2015.01.20 01:13:34.831,0.96491,0.96505,1.10,1.65
2015.01.20 01:13:34.882,0.96491,0.96502,1.10,1.00
2015.01.20 01:13:34.983,0.96489,0.96501,1.00,1.10
2015.01.20 01:13:35.244,0.96486,0.965,1.85,1.07
2015.01.20 01:13:35.649,0.96492,0.96498,1.15,1.00
2015.01.20 01:13:35.700,0.96493,0.96505,2.32,1.00
2015.01.20 01:13:35.801,0.96496,0.96508,1.00,1.10
2015.01.20 01:13:35.904,0.96493,0.96505,1.10,2.32
2015.01.20 01:13:36.056,0.96494,0.96505,1.00,1.10
2015.01.20 01:13:36.107,0.96493,0.96508,1.17,2.32
2015.01.20 01:13:36.158,0.96493,0.96508,1.15,1.50
2015.01.20 01:13:36.209,0.96495,0.96508,3.07,1.00
2015.01.20 01:13:36.470,0.96497,0.96507,1.12,1.00
2015.01.20 01:13:36.773,0.96492,0.96506,1.15,1.00
2015.01.20 01:13:36.976,0.96492,0.96502,1.17,1.00
2015.01.20 01:13:37.841,0.96491,0.96502,1.07,1.50
2015.01.20 01:13:37.892,0.96489,0.96502,1.07,1.00
2015.01.20 01:13:37.943,0.96489,0.96503,3.00,1.00
2015.01.20 01:13:38.449,0.96493,0.96504,1.10,1.00
2015.01.20 01:13:38.769,0.96491,0.96503,1.00,1.10
2015.01.20 01:13:40.532,0.96489,0.96503,1.07,1.07
2015.01.20 01:13:40.886,0.96487,0.96503,1.27,1.65
2015.01.20 01:13:41.240,0.96487,0.965,1.10,1.57
2015.01.20 01:13:41.544,0.9647,0.96486,1.20,1.17
2015.01.20 01:13:42.101,0.96473,0.96486,1.00,1.10
2015.01.20 01:13:42.355,0.96474,0.96489,1.07,1.27
2015.01.20 01:13:42.607,0.96477,0.96491,1.20,1.00
2015.01.20 01:13:42.860,0.96477,0.96489,1.20,1.00
2015.01.20 01:13:43.062,0.96479,0.96492,1.10,1.00
2015.01.20 01:13:43.366,0.96479,0.9649,1.37,1.00
2015.01.20 01:13:43.518,0.96477,0.9649,1.65,1.00
2015.01.20 01:13:43.619,0.96476,0.96489,1.27,1.07
2015.01.20 01:13:43.923,0.96475,0.96489,1.47,1.17
2015.01.20 01:13:44.126,0.96473,0.96487,1.37,1.17
2015.01.20 01:13:44.177,0.96471,0.96484,1.57,1.00
2015.01.20 01:13:44.379,0.96472,0.96486,1.00,1.10
2015.01.20 01:13:44.969,0.96471,0.96483,1.20,1.00
2015.01.20 01:13:45.497,0.96471,0.96483,1.57,1.00
2015.01.20 01:13:45.851,0.96474,0.96487,2.62,1.15
2015.01.20 01:13:45.952,0.96479,0.96493,2.40,1.10
2015.01.20 01:13:46.458,0.9648,0.96492,1.65,1.00
2015.01.20 01:13:46.711,0.96484,0.96496,1.07,1.07
2015.01.20 01:13:46.762,0.96484,0.96498,3.45,1.00
2015.01.20 01:13:47.134,0.96488,0.96502,1.57,1.65
2015.01.20 01:13:47.286,0.96491,0.96502,1.10,1.00
2015.01.20 01:13:47.798,0.96491,0.96503,1.20,1.50
2015.01.20 01:13:48.101,0.96488,0.96502,1.57,1.07
2015.01.20 01:13:48.614,0.96488,0.96502,1.17,1.07
2015.01.20 01:13:48.927,0.96486,0.96498,1.57,1.07
2015.01.20 01:13:49.028,0.96483,0.96495,1.47,1.00
2015.01.20 01:13:49.080,0.96483,0.96495,1.10,1.00
2015.01.20 01:13:49.181,0.96483,0.96495,1.35,1.00
2015.01.20 01:13:49.383,0.96485,0.96499,1.15,1.00
2015.01.20 01:13:49.889,0.96486,0.96499,1.15,1.00
2015.01.20 01:13:50.032,0.96486,0.96499,1.00,1.00
2015.01.20 01:13:50.133,0.96485,0.96497,1.00,1.00
2015.01.20 01:13:50.879,0.96485,0.96497,1.00,1.15
2015.01.20 01:13:50.981,0.96483,0.96495,1.20,1.00
2015.01.20 01:13:51.132,0.96481,0.96493,1.15,1.00
2015.01.20 01:13:51.587,0.96481,0.96493,1.45,1.15
2015.01.20 01:13:51.689,0.96479,0.9649,1.95,1.00
2015.01.20 01:13:51.892,0.96476,0.96488,1.92,1.00
2015.01.20 01:13:52.195,0.96474,0.96486,2.77,1.00
2015.01.20 01:13:52.633,0.96474,0.96488,3.15,1.00
2015.01.20 01:13:53.856,0.96474,0.96486,1.50,1.00
2015.01.20 01:13:54.055,0.96474,0.96488,2.25,1.20
2015.01.20 01:13:54.279,0.96479,0.96491,1.50,1.00
2015.01.20 01:13:54.431,0.9648,0.96493,1.00,1.00
2015.01.20 01:13:54.647,0.96479,0.96491,1.50,1.00
2015.01.20 01:13:55.203,0.96477,0.96491,1.27,1.17
2015.01.20 01:13:55.710,0.96476,0.96488,1.57,1.00
2015.01.20 01:13:56.362,0.96477,0.96488,1.65,1.00
2015.01.20 01:13:56.413,0.9648,0.96492,1.10,1.00
2015.01.20 01:13:56.463,0.9648,0.96492,1.57,1.00
2015.01.20 01:13:57.799,0.96479,0.9649,1.20,1.00
2015.01.20 01:13:58.103,0.96477,0.96488,1.37,1.00
2015.01.20 01:13:58.154,0.96477,0.96488,1.00,1.00
2015.01.20 01:13:58.255,0.96473,0.96486,1.20,1.00
2015.01.20 01:13:58.357,0.9647,0.96483,1.27,1.00
2015.01.20 01:13:58.679,0.96472,0.96483,1.55,1.00
2015.01.20 01:13:59.353,0.96471,0.96481,1.12,1.00
2015.01.20 01:13:59.454,0.96471,0.96483,1.12,1.00
2015.01.20 01:14:00.044,0.96471,0.96482,1.12,1.00
2015.01.20 01:14:00.095,0.96469,0.96482,1.85,1.00
2015.01.20 01:14:00.532,0.96472,0.96486,1.27,1.07
2015.01.20 01:14:00.584,0.96472,0.96486,3.15,1.00
2015.01.20 01:14:00.887,0.96474,0.96486,1.27,1.00
2015.01.20 01:14:01.192,0.96472,0.96482,1.82,1.00
2015.01.20 01:14:01.344,0.9647,0.96482,1.95,1.00
2015.01.20 01:14:01.840,0.96473,0.96482,1.47,1.00
2015.01.20 01:14:02.936,0.96473,0.96482,1.57,1.00
2015.01.20 01:14:03.189,0.96474,0.96485,1.57,1.00
2015.01.20 01:14:03.290,0.96477,0.96489,1.37,1.15
2015.01.20 01:14:03.341,0.96477,0.96487,1.37,1.00
2015.01.20 01:14:03.745,0.96478,0.96491,1.47,1.15
2015.01.20 01:14:03.847,0.96478,0.96491,1.87,1.15
2015.01.20 01:14:04.383,0.96478,0.96491,2.70,1.00
2015.01.20 01:14:04.433,0.96479,0.96493,1.57,1.10
2015.01.20 01:14:05.147,0.96479,0.96493,1.87,1.10
2015.01.20 01:14:05.372,0.96479,0.96493,1.87,1.10
2015.01.20 01:14:05.423,0.96479,0.96491,1.87,1.00
2015.01.20 01:14:05.983,0.96479,0.9649,1.12,1.00
2015.01.20 01:14:06.512,0.96477,0.96488,3.15,1.00
2015.01.20 01:14:06.818,0.96474,0.96484,1.47,1.00
2015.01.20 01:14:07.340,0.96473,0.96484,1.47,1.00
2015.01.20 01:14:07.677,0.96473,0.96484,1.55,1.00
2015.01.20 01:14:07.778,0.96475,0.96487,1.20,1.00
2015.01.20 01:14:07.829,0.96476,0.9649,1.00,1.10
2015.01.20 01:14:07.879,0.96476,0.9649,1.87,1.17
2015.01.20 01:14:08.032,0.96479,0.96491,1.65,1.00
2015.01.20 01:14:08.133,0.96481,0.96491,1.37,1.00
2015.01.20 01:14:08.436,0.9648,0.96491,1.12,1.00
2015.01.20 01:14:08.959,0.9648,0.96491,1.12,1.00
2015.01.20 01:14:09.569,0.96479,0.96491,1.87,1.00
2015.01.20 01:14:10.459,0.96479,0.96488,1.12,1.00
2015.01.20 01:14:10.561,0.96478,0.96491,1.12,1.15
2015.01.20 01:14:10.612,0.96478,0.96491,1.12,1.20
2015.01.20 01:14:11.101,0.96478,0.96491,1.12,1.20
2015.01.20 01:14:11.974,0.96478,0.96491,1.50,1.20
2015.01.20 01:14:12.429,0.9648,0.96494,1.57,1.10
2015.01.20 01:14:12.736,0.9648,0.96491,1.57,1.00
2015.01.20 01:14:12.838,0.9648,0.96491,1.50,1.00
2015.01.20 01:14:13.040,0.96476,0.9649,1.57,1.27
2015.01.20 01:14:13.349,0.96474,0.96486,1.47,1.00
2015.01.20 01:14:13.670,0.96472,0.96484,1.65,1.00
2015.01.20 01:14:14.074,0.96472,0.96484,1.47,1.10
2015.01.20 01:14:14.540,0.9647,0.9648,2.02,1.00
2015.01.20 01:14:15.353,0.9647,0.96481,1.00,1.15
2015.01.20 01:14:15.506,0.96466,0.96479,1.50,1.65
2015.01.20 01:14:15.607,0.96465,0.96478,1.10,1.00
2015.01.20 01:14:15.709,0.96464,0.96478,4.57,1.00
2015.01.20 01:14:15.861,0.96465,0.96479,1.57,1.65
2015.01.20 01:14:16.013,0.96464,0.96478,1.00,1.17
2015.01.20 01:14:16.556,0.96463,0.96475,1.00,1.10
2015.01.20 01:14:17.119,0.96463,0.96475,1.17,1.00
2015.01.20 01:14:17.220,0.96466,0.9648,1.20,1.87
2015.01.20 01:14:17.271,0.96469,0.96482,1.00,1.15
2015.01.20 01:14:17.322,0.96469,0.96482,1.15,1.00
2015.01.20 01:14:17.625,0.96473,0.96485,1.00,1.00
2015.01.20 01:14:19.104,0.96473,0.96485,1.00,1.07
2015.01.20 01:14:20.005,0.96473,0.96485,1.00,1.17
2015.01.20 01:14:20.362,0.96476,0.96488,1.00,2.40
2015.01.20 01:14:20.464,0.96476,0.96488,1.00,1.50
2015.01.20 01:14:20.515,0.96476,0.96488,1.00,1.57
2015.01.20 01:14:20.824,0.96474,0.96486,1.00,1.10
2015.01.20 01:14:22.012,0.96476,0.96488,1.00,1.07
2015.01.20 01:14:22.265,0.96478,0.96492,1.00,1.17
2015.01.20 01:14:22.317,0.96478,0.96492,1.27,1.10
2015.01.20 01:14:22.368,0.9648,0.96494,1.17,1.00
2015.01.20 01:14:22.469,0.96483,0.96495,1.00,1.10
2015.01.20 01:14:23.652,0.96483,0.96495,1.00,1.15
2015.01.20 01:14:24.263,0.96483,0.96495,1.00,1.07
2015.01.20 01:14:25.721,0.96483,0.96495,1.07,1.00
2015.01.20 01:14:25.773,0.96485,0.96497,1.10,1.00
2015.01.20 01:14:25.874,0.96488,0.96501,1.00,1.15
2015.01.20 01:14:26.076,0.96486,0.965,1.00,1.15
2015.01.20 01:14:26.329,0.96484,0.96498,1.10,1.07
2015.01.20 01:14:29.915,0.96482,0.96496,1.35,1.10
2015.01.20 01:14:30.626,0.96483,0.96497,1.55,1.10
2015.01.20 01:14:30.728,0.96488,0.96502,1.10,1.07
2015.01.20 01:14:30.830,0.96492,0.96504,1.00,1.57
2015.01.20 01:14:31.335,0.96492,0.96504,1.20,1.00
2015.01.20 01:14:32.055,0.96493,0.96507,1.10,1.65
2015.01.20 01:14:33.172,0.96493,0.96507,1.10,1.65
2015.01.20 01:14:33.425,0.96491,0.96505,1.00,1.65
2015.01.20 01:14:33.952,0.96491,0.96505,1.00,1.10
2015.01.20 01:14:34.306,0.96493,0.96505,1.00,1.10
2015.01.20 01:14:34.508,0.96496,0.9651,1.00,1.17
2015.01.20 01:14:34.559,0.96496,0.9651,1.00,3.07
2015.01.20 01:14:34.762,0.96493,0.96507,1.20,1.10
2015.01.20 01:14:35.303,0.96495,0.96509,1.00,1.17
2015.01.20 01:14:35.657,0.96492,0.96505,1.65,1.00
2015.01.20 01:14:35.960,0.96494,0.96506,1.57,1.00
2015.01.20 01:14:36.540,0.96494,0.96506,1.57,1.00
2015.01.20 01:14:37.054,0.96496,0.96506,1.45,1.00
2015.01.20 01:14:37.358,0.965,0.96513,1.55,1.50
2015.01.20 01:14:37.409,0.96503,0.96516,1.47,1.10
2015.01.20 01:14:37.611,0.96503,0.96516,1.37,1.10
2015.01.20 01:14:37.727,0.96499,0.96514,1.55,1.00
2015.01.20 01:14:37.937,0.96499,0.96514,1.55,1.07
2015.01.20 01:14:38.089,0.96499,0.96514,1.55,3.00
2015.01.20 01:14:38.292,0.96498,0.96507,1.00,1.07
2015.01.20 01:14:38.394,0.96493,0.96507,1.55,1.07
2015.01.20 01:14:38.445,0.96493,0.96507,1.52,1.00
2015.01.20 01:14:38.546,0.96493,0.9651,1.62,1.07
2015.01.20 01:14:38.814,0.96493,0.9651,2.77,1.65
2015.01.20 01:14:39.222,0.96494,0.96509,3.45,1.20
2015.01.20 01:14:39.527,0.96507,0.96519,1.00,1.00
2015.01.20 01:14:39.578,0.96507,0.96521,1.10,1.87
2015.01.20 01:14:39.629,0.96508,0.96521,1.07,1.12
2015.01.20 01:14:39.933,0.96507,0.96519,1.37,1.07
2015.01.20 01:14:40.035,0.96501,0.96519,3.45,1.50
2015.01.20 01:14:40.187,0.965,0.96509,2.70,1.00
2015.01.20 01:14:40.289,0.96502,0.96512,1.37,1.00
2015.01.20 01:14:40.340,0.96502,0.9652,1.37,1.25
2015.01.20 01:14:40.442,0.96501,0.96518,1.45,1.20
2015.01.20 01:14:40.545,0.96502,0.96516,1.55,1.00
2015.01.20 01:14:41.073,0.965,0.96519,1.95,1.17
2015.01.20 01:14:41.174,0.96501,0.96519,1.52,1.00
2015.01.20 01:14:41.225,0.96501,0.96519,1.65,1.00
2015.01.20 01:14:41.276,0.96504,0.96521,1.57,1.20
2015.01.20 01:14:41.428,0.96505,0.96522,1.12,2.40
2015.01.20 01:14:41.479,0.96502,0.96519,1.95,1.17
2015.01.20 01:14:41.682,0.96507,0.96519,1.37,1.17
2015.01.20 01:14:41.783,0.96507,0.96521,1.57,1.27
2015.01.20 01:14:42.853,0.96508,0.96522,1.67,1.20
2015.01.20 01:14:42.955,0.9651,0.96525,1.37,1.17
2015.01.20 01:14:43.006,0.96507,0.96523,1.52,1.00
2015.01.20 01:14:43.057,0.96507,0.96523,1.37,1.15
2015.01.20 01:14:43.158,0.96507,0.96525,1.55,1.15
2015.01.20 01:14:43.209,0.96517,0.96525,1.37,1.15
2015.01.20 01:14:43.310,0.96515,0.96526,1.00,3.15
2015.01.20 01:14:43.411,0.96511,0.96524,1.12,1.15
2015.01.20 01:14:43.462,0.96504,0.96524,2.85,3.07
2015.01.20 01:14:43.513,0.96504,0.96524,2.10,3.45
2015.01.20 01:14:43.564,0.96502,0.96521,2.77,1.15
2015.01.20 01:14:43.665,0.96502,0.96519,1.37,1.15
2015.01.20 01:14:43.766,0.96499,0.96515,1.37,2.32
2015.01.20 01:14:43.868,0.96494,0.96515,3.82,3.82
2015.01.20 01:14:44.019,0.96499,0.96516,1.10,1.35
2015.01.20 01:14:44.070,0.96499,0.96517,1.47,1.65
2015.01.20 01:14:44.374,0.96504,0.96519,1.45,2.62
2015.01.20 01:14:44.424,0.96504,0.9652,2.77,1.47
2015.01.20 01:14:44.677,0.96505,0.96525,1.65,3.07
2015.01.20 01:14:44.728,0.96505,0.96525,1.72,1.15
2015.01.20 01:14:44.845,0.96509,0.96527,2.02,1.15
2015.01.20 01:14:44.896,0.96509,0.96525,2.25,2.32
2015.01.20 01:14:45.199,0.9651,0.96525,1.37,2.32
2015.01.20 01:14:45.705,0.96509,0.96525,1.37,2.32
2015.01.20 01:14:46.068,0.96507,0.96525,2.10,2.32
2015.01.20 01:14:46.404,0.96501,0.96512,1.00,1.00
2015.01.20 01:14:46.707,0.96493,0.9651,1.12,1.15
2015.01.20 01:14:47.213,0.96493,0.96509,1.20,3.07
2015.01.20 01:14:47.517,0.96492,0.96507,1.12,4.50
2015.01.20 01:14:48.033,0.96499,0.96506,1.00,1.17
2015.01.20 01:14:48.185,0.96499,0.9651,1.37,2.32
2015.01.20 01:14:48.236,0.96499,0.96511,1.37,1.15
2015.01.20 01:14:48.337,0.96499,0.96515,1.55,1.17
2015.01.20 01:14:48.489,0.96499,0.96514,1.10,1.45
2015.01.20 01:14:48.541,0.96496,0.96514,1.10,1.65
2015.01.20 01:14:49.046,0.96495,0.96511,1.17,1.47
2015.01.20 01:14:49.097,0.96493,0.9651,1.20,1.27
2015.01.20 01:14:49.147,0.96491,0.96509,1.15,1.62
2015.01.20 01:14:49.199,0.9649,0.96507,1.17,1.52
2015.01.20 01:14:49.350,0.9649,0.96507,1.17,1.52
2015.01.20 01:14:50.071,0.9649,0.96506,1.15,1.37
2015.01.20 01:14:50.614,0.9649,0.96507,1.15,2.70
2015.01.20 01:14:51.025,0.9649,0.96507,1.15,1.95
2015.01.20 01:14:51.227,0.9649,0.96507,1.15,1.10
2015.01.20 01:14:51.480,0.96492,0.96507,1.10,1.47
2015.01.20 01:14:52.059,0.96491,0.96506,1.00,1.52
2015.01.20 01:14:52.466,0.96492,0.96506,1.87,1.15
2015.01.20 01:14:52.518,0.96492,0.96506,2.77,1.00
2015.01.20 01:14:52.619,0.96493,0.96509,2.10,1.00
2015.01.20 01:14:53.132,0.96494,0.96511,1.27,1.55
2015.01.20 01:14:53.336,0.965,0.96511,1.37,1.17
2015.01.20 01:14:53.488,0.965,0.96516,2.02,1.17
2015.01.20 01:14:53.539,0.965,0.96516,1.65,1.17
2015.01.20 01:14:53.792,0.96504,0.96519,1.00,1.15
2015.01.20 01:14:53.893,0.96504,0.96519,1.17,1.00
2015.01.20 01:14:53.995,0.96504,0.96519,1.20,1.17
2015.01.20 01:14:55.324,0.96504,0.96516,1.10,1.00
2015.01.20 01:14:55.426,0.96501,0.96517,1.00,1.80
2015.01.20 01:14:55.527,0.96499,0.96514,1.10,1.17
2015.01.20 01:14:55.628,0.96499,0.96515,1.17,1.10
2015.01.20 01:14:55.679,0.96499,0.96515,1.07,3.07
2015.01.20 01:14:55.781,0.96498,0.96514,1.10,1.25
2015.01.20 01:14:56.084,0.96496,0.96512,1.10,1.15
2015.01.20 01:14:56.236,0.96499,0.96512,1.00,1.15
2015.01.20 01:14:56.446,0.96501,0.96517,1.17,1.10
2015.01.20 01:14:56.599,0.96501,0.96517,1.10,1.15
2015.01.20 01:14:56.701,0.96502,0.96517,1.65,1.20
2015.01.20 01:14:56.753,0.96503,0.96517,1.37,1.30
2015.01.20 01:14:56.855,0.96507,0.96521,1.17,1.00
2015.01.20 01:14:57.008,0.96502,0.96518,2.40,1.10
2015.01.20 01:14:57.110,0.96502,0.96516,1.17,1.00
2015.01.20 01:14:57.618,0.96502,0.96517,1.10,1.10
2015.01.20 01:14:57.974,0.96504,0.9652,1.00,1.25
2015.01.20 01:14:58.279,0.96505,0.96522,1.15,1.20
2015.01.20 01:14:58.584,0.96507,0.96522,1.00,1.15
2015.01.20 01:14:58.634,0.96505,0.96522,1.00,1.15
2015.01.20 01:14:59.412,0.96505,0.9652,1.00,2.32
2015.01.20 01:14:59.514,0.96505,0.96522,1.65,2.02
2015.01.20 01:14:59.818,0.96505,0.96519,1.10,1.07
2015.01.20 01:15:00.942,0.96502,0.96516,1.15,1.00
2015.01.20 01:15:01.094,0.96502,0.96516,1.00,1.10
2015.01.20 01:15:01.346,0.96502,0.96516,1.00,3.07
2015.01.20 01:15:01.498,0.96497,0.96512,1.20,1.27
2015.01.20 01:15:01.600,0.96495,0.96512,1.27,1.52
2015.01.20 01:15:01.702,0.96495,0.96512,1.50,3.45
2015.01.20 01:15:02.246,0.96492,0.96509,2.40,1.17
2015.01.20 01:15:03.059,0.96494,0.96509,3.37,1.45
2015.01.20 01:15:03.515,0.96496,0.96508,1.00,1.00
2015.01.20 01:15:04.350,0.96493,0.96507,1.15,1.00
2015.01.20 01:15:04.401,0.96493,0.96507,1.10,1.00
2015.01.20 01:15:04.553,0.96493,0.96505,1.10,2.62
2015.01.20 01:15:04.706,0.96487,0.965,1.00,1.07
2015.01.20 01:15:05.227,0.96486,0.965,1.20,1.07
2015.01.20 01:15:05.531,0.96486,0.965,1.00,1.15
2015.01.20 01:15:05.817,0.96484,0.96498,1.50,1.15
2015.01.20 01:15:06.364,0.96484,0.96498,1.50,1.17
2015.01.20 01:15:06.466,0.96487,0.96499,1.07,1.07
2015.01.20 01:15:06.567,0.96493,0.96502,1.00,1.00
2015.01.20 01:15:06.668,0.96494,0.96508,1.10,1.20
2015.01.20 01:15:06.719,0.96494,0.96508,1.65,1.12
2015.01.20 01:15:06.871,0.96495,0.96509,1.20,1.10
2015.01.20 01:15:07.175,0.96499,0.96513,1.00,1.27
2015.01.20 01:15:07.680,0.96498,0.9651,1.00,1.17
2015.01.20 01:15:08.198,0.96497,0.96511,1.00,1.15
2015.01.20 01:15:08.501,0.96505,0.96517,1.00,1.15
2015.01.20 01:15:08.552,0.96503,0.96515,1.00,1.07
2015.01.20 01:15:08.754,0.965,0.96514,1.00,1.17
2015.01.20 01:15:09.266,0.96498,0.96512,1.10,1.00
2015.01.20 01:15:09.780,0.96497,0.96509,1.17,1.00
2015.01.20 01:15:09.882,0.96498,0.96512,1.10,1.00
2015.01.20 01:15:10.405,0.96502,0.96514,1.00,1.17
2015.01.20 01:15:10.659,0.96504,0.96518,1.00,1.10
2015.01.20 01:15:11.128,0.96504,0.96518,1.07,1.00
2015.01.20 01:15:11.280,0.96504,0.96518,1.10,1.00
2015.01.20 01:15:12.533,0.96504,0.96518,1.00,1.07
2015.01.20 01:15:13.238,0.96508,0.96518,1.00,1.00
2015.01.20 01:15:13.643,0.96506,0.96518,1.10,1.00
2015.01.20 01:15:13.744,0.96509,0.96523,1.00,1.15
2015.01.20 01:15:14.047,0.96506,0.9652,1.00,2.02
2015.01.20 01:15:14.351,0.9651,0.96521,1.00,1.47
2015.01.20 01:15:14.402,0.96507,0.96521,1.10,1.47
2015.01.20 01:15:14.503,0.96503,0.96517,1.27,1.37
2015.01.20 01:15:14.858,0.96505,0.96519,1.00,1.55
2015.01.20 01:15:15.364,0.96505,0.96519,1.00,1.55
2015.01.20 01:15:15.415,0.96505,0.96519,1.00,1.55
2015.01.20 01:15:15.466,0.96508,0.9652,1.00,1.62
2015.01.20 01:15:15.934,0.9651,0.96522,1.00,1.65
2015.01.20 01:15:16.086,0.9651,0.96522,3.00,1.20
2015.01.20 01:15:16.390,0.9652,0.96535,2.32,1.37
2015.01.20 01:15:16.441,0.9652,0.96535,4.50,1.00
2015.01.20 01:15:16.492,0.9652,0.9654,4.50,1.35
2015.01.20 01:15:16.543,0.96522,0.96539,2.32,1.47
2015.01.20 01:15:16.846,0.96525,0.9654,3.07,1.00
2015.01.20 01:15:17.052,0.96527,0.96543,1.17,1.57
2015.01.20 01:15:17.153,0.96526,0.9654,1.15,1.00
2015.01.20 01:15:17.457,0.96525,0.96542,1.15,1.62
2015.01.20 01:15:17.659,0.96525,0.96541,1.15,1.62
2015.01.20 01:15:17.862,0.96525,0.96538,1.07,1.45
2015.01.20 01:15:17.913,0.96521,0.96538,1.25,1.95
2015.01.20 01:15:17.964,0.96521,0.96535,1.27,1.47
2015.01.20 01:15:18.065,0.96519,0.96535,2.10,1.45
2015.01.20 01:15:18.166,0.96519,0.96534,1.17,1.37
2015.01.20 01:15:18.319,0.96518,0.96535,1.27,2.02
2015.01.20 01:15:18.471,0.96514,0.96532,2.47,3.45
2015.01.20 01:15:18.774,0.96514,0.96531,1.00,4.27
2015.01.20 01:15:19.128,0.96511,0.9653,2.02,1.27
2015.01.20 01:15:19.445,0.96511,0.96528,1.10,1.17
2015.01.20 01:15:19.748,0.965,0.96515,1.17,1.10
2015.01.20 01:15:20.255,0.96498,0.96515,1.35,1.10
2015.01.20 01:15:20.560,0.965,0.96517,1.15,1.10
2015.01.20 01:15:20.886,0.96501,0.96517,2.32,1.00
2015.01.20 01:15:21.038,0.96502,0.96517,1.10,1.15
2015.01.20 01:15:24.351,0.96504,0.96515,1.00,1.10
2015.01.20 01:15:24.452,0.96502,0.96515,1.10,1.10
2015.01.20 01:15:24.604,0.96502,0.96514,1.10,1.07
2015.01.20 01:15:24.856,0.965,0.96514,1.10,1.15
2015.01.20 01:15:25.059,0.96501,0.96514,1.00,1.00
2015.01.20 01:15:25.564,0.96501,0.96515,1.00,1.15
2015.01.20 01:15:25.867,0.96503,0.96516,1.00,1.17
2015.01.20 01:15:26.170,0.96505,0.96516,1.00,1.17
2015.01.20 01:15:26.756,0.96506,0.96516,1.00,1.17
2015.01.20 01:15:27.059,0.96509,0.96516,1.00,1.10
2015.01.20 01:15:27.261,0.96512,0.9652,1.00,1.20
2015.01.20 01:15:27.312,0.9651,0.9652,1.00,1.20
2015.01.20 01:15:27.413,0.96514,0.9652,1.00,1.17
2015.01.20 01:15:28.144,0.96514,0.96522,1.00,1.17
2015.01.20 01:15:28.296,0.96512,0.96521,1.12,1.07
2015.01.20 01:15:28.397,0.96517,0.96524,1.00,1.57
2015.01.20 01:15:28.550,0.96517,0.96523,1.00,1.00
2015.01.20 01:15:28.601,0.9652,0.96531,1.00,1.52
2015.01.20 01:15:28.703,0.96518,0.96528,1.00,1.00
2015.01.20 01:15:29.216,0.96518,0.96531,1.00,1.15
2015.01.20 01:15:29.921,0.96519,0.96531,1.00,1.15
2015.01.20 01:15:30.131,0.96521,0.96531,1.00,1.15
2015.01.20 01:15:30.590,0.96522,0.96531,1.00,1.10
2015.01.20 01:15:30.692,0.96519,0.96531,1.00,1.15
2015.01.20 01:15:30.894,0.96519,0.9653,1.00,1.20
2015.01.20 01:15:31.249,0.96517,0.9653,1.00,1.20
2015.01.20 01:15:31.805,0.96518,0.96531,1.00,1.15
2015.01.20 01:15:32.844,0.96521,0.96531,1.00,1.15
2015.01.20 01:15:32.996,0.96521,0.96533,1.00,1.17
2015.01.20 01:15:33.884,0.96522,0.96534,1.00,1.15
2015.01.20 01:15:34.326,0.96522,0.96534,1.00,1.20
2015.01.20 01:15:35.108,0.9652,0.96534,1.00,1.20
2015.01.20 01:15:35.642,0.96519,0.96535,1.65,1.15
2015.01.20 01:15:36.192,0.9652,0.96535,1.00,1.15
2015.01.20 01:15:36.344,0.96532,0.96538,1.00,5.32
2015.01.20 01:15:36.446,0.96538,0.96543,1.47,1.00
2015.01.20 01:15:36.497,0.96538,0.96551,1.82,1.37
2015.01.20 01:15:36.548,0.96541,0.9655,1.50,1.12
2015.01.20 01:15:36.650,0.96543,0.96562,1.10,3.82
2015.01.20 01:15:36.701,0.96543,0.96562,3.52,1.20
2015.01.20 01:15:37.105,0.9655,0.96566,1.00,2.70
2015.01.20 01:15:37.441,0.96555,0.96566,1.00,2.32
2015.01.20 01:15:37.643,0.96552,0.96566,1.00,2.32
2015.01.20 01:15:37.744,0.96554,0.96566,1.00,2.32
2015.01.20 01:15:37.846,0.96552,0.96566,1.00,2.32
2015.01.20 01:15:37.947,0.96552,0.96568,1.00,2.32
2015.01.20 01:15:38.101,0.96556,0.96569,1.00,3.07
2015.01.20 01:15:38.303,0.96553,0.9657,1.00,2.32
2015.01.20 01:15:38.819,0.96554,0.96569,1.00,2.32
2015.01.20 01:15:39.021,0.96555,0.96569,1.12,2.32
2015.01.20 01:15:39.224,0.96544,0.96555,1.00,1.20
2015.01.20 01:15:39.527,0.96541,0.96559,1.07,2.32
2015.01.20 01:15:39.629,0.96539,0.96558,1.27,1.27
2015.01.20 01:15:39.781,0.96539,0.96556,1.87,1.15
2015.01.20 01:15:40.236,0.9654,0.96556,1.10,1.15
2015.01.20 01:15:40.539,0.9654,0.96558,1.20,1.15
2015.01.20 01:15:40.590,0.96542,0.96558,1.00,1.15
2015.01.20 01:15:41.301,0.96539,0.96557,1.27,1.15
2015.01.20 01:15:41.403,0.96539,0.96553,1.10,1.15
2015.01.20 01:15:41.555,0.96536,0.96554,1.27,4.57
2015.01.20 01:15:41.606,0.96534,0.96551,1.82,1.15
2015.01.20 01:15:41.657,0.96534,0.96551,1.07,1.15
2015.01.20 01:15:42.214,0.96532,0.96551,1.35,4.57
2015.01.20 01:15:42.518,0.96533,0.96551,1.27,3.07
2015.01.20 01:15:42.636,0.96534,0.96553,1.10,3.07
2015.01.20 01:15:42.738,0.96535,0.96551,3.07,1.00
2015.01.20 01:15:42.789,0.96536,0.96555,1.65,2.47
2015.01.20 01:15:42.840,0.96537,0.96555,2.32,2.10
2015.01.20 01:15:43.144,0.96536,0.96555,3.07,1.95
2015.01.20 01:15:43.296,0.96536,0.96555,3.45,1.27
2015.01.20 01:15:43.448,0.96538,0.96555,1.20,1.35
2015.01.20 01:15:44.138,0.96539,0.96556,1.00,1.35
2015.01.20 01:15:44.240,0.96539,0.96556,1.17,1.35
2015.01.20 01:15:44.341,0.96539,0.96556,2.32,1.27
2015.01.20 01:15:44.744,0.96541,0.96559,1.15,1.10
2015.01.20 01:15:45.166,0.96545,0.96561,2.25,1.55
2015.01.20 01:15:45.470,0.96549,0.96565,1.15,1.12
2015.01.20 01:15:45.521,0.96549,0.96566,1.15,1.57
2015.01.20 01:15:45.875,0.96549,0.96563,1.17,1.00
2015.01.20 01:15:46.077,0.96544,0.96563,2.40,1.52
2015.01.20 01:15:46.230,0.96545,0.96562,3.15,1.37
2015.01.20 01:15:46.534,0.96545,0.96559,1.27,1.00
2015.01.20 01:15:46.837,0.96542,0.96557,2.25,3.07
2015.01.20 01:15:46.888,0.96542,0.96557,2.32,1.10
2015.01.20 01:15:46.939,0.9654,0.96557,4.50,1.20
2015.01.20 01:15:47.041,0.96542,0.96557,1.10,1.00
2015.01.20 01:15:47.092,0.96544,0.9656,1.00,1.00
2015.01.20 01:15:47.360,0.96542,0.96559,1.00,1.00
2015.01.20 01:15:47.664,0.96542,0.96557,1.00,1.00
2015.01.20 01:15:47.968,0.96544,0.96562,1.50,1.17
2015.01.20 01:15:48.273,0.96544,0.96559,1.00,1.00
2015.01.20 01:15:48.426,0.96542,0.9656,1.57,1.00
2015.01.20 01:15:48.729,0.96544,0.96559,1.00,1.50
2015.01.20 01:15:48.982,0.96542,0.96558,1.10,1.00
2015.01.20 01:15:49.084,0.96541,0.96552,1.00,1.00
2015.01.20 01:15:49.185,0.96537,0.96552,1.00,1.00
2015.01.20 01:15:49.236,0.96536,0.96549,1.20,1.00
2015.01.20 01:15:49.641,0.96537,0.96545,1.00,1.00
2015.01.20 01:15:49.743,0.96534,0.96547,1.10,1.00
2015.01.20 01:15:49.845,0.96531,0.96547,1.12,1.00
2015.01.20 01:15:49.897,0.96531,0.96545,1.00,1.00
2015.01.20 01:15:50.346,0.96529,0.96544,1.00,1.10
2015.01.20 01:15:50.550,0.96529,0.96541,1.00,1.00
2015.01.20 01:15:50.860,0.96528,0.96539,1.00,1.00
2015.01.20 01:15:51.174,0.96526,0.96538,1.00,1.57
2015.01.20 01:15:51.376,0.96525,0.96539,1.00,1.95
2015.01.20 01:15:51.680,0.96524,0.96532,1.00,1.00
2015.01.20 01:15:51.984,0.96526,0.96534,1.00,1.00
2015.01.20 01:15:52.086,0.96525,0.96537,1.00,1.50
2015.01.20 01:15:52.289,0.9653,0.96537,1.00,1.00
2015.01.20 01:15:52.340,0.9653,0.96539,1.00,1.00
2015.01.20 01:15:52.391,0.96526,0.96539,1.00,1.00
2015.01.20 01:15:52.930,0.96526,0.96542,1.00,1.27
2015.01.20 01:15:53.203,0.96526,0.96542,1.00,1.10
2015.01.20 01:15:53.255,0.96529,0.96544,1.00,1.12
2015.01.20 01:15:53.560,0.96533,0.96547,1.00,1.17
2015.01.20 01:15:53.864,0.9654,0.96549,1.00,1.20
2015.01.20 01:15:53.914,0.96538,0.96553,1.00,1.92
2015.01.20 01:15:53.966,0.96538,0.96553,1.00,1.20
2015.01.20 01:15:54.017,0.96542,0.96554,1.00,1.27
2015.01.20 01:15:54.476,0.96541,0.96556,1.00,1.57
2015.01.20 01:15:54.734,0.96541,0.96552,1.00,1.00
2015.01.20 01:15:55.252,0.9654,0.96552,1.00,1.00
2015.01.20 01:15:55.571,0.96539,0.96556,1.00,1.10
2015.01.20 01:15:55.729,0.96538,0.96554,1.00,1.00
2015.01.20 01:15:56.033,0.96538,0.96549,1.00,1.00
2015.01.20 01:15:56.437,0.96537,0.96551,1.00,1.00
2015.01.20 01:15:56.488,0.96535,0.96551,1.00,1.00
2015.01.20 01:15:56.589,0.96539,0.96553,1.00,1.57
2015.01.20 01:15:56.892,0.96536,0.96552,1.00,1.27
2015.01.20 01:15:57.203,0.96541,0.96552,1.00,1.17
2015.01.20 01:15:57.254,0.96538,0.96552,1.00,1.17
2015.01.20 01:15:57.305,0.96538,0.96552,1.00,1.15
2015.01.20 01:15:57.609,0.96533,0.96547,1.20,4.87
2015.01.20 01:15:57.710,0.96535,0.96547,1.00,1.17
2015.01.20 01:15:58.218,0.96535,0.96549,1.00,1.65
2015.01.20 01:15:58.573,0.96537,0.96551,1.15,1.00
2015.01.20 01:15:58.725,0.96537,0.96556,1.65,1.72
2015.01.20 01:15:58.775,0.96539,0.96556,2.32,1.65
2015.01.20 01:15:58.826,0.96539,0.96556,2.32,1.27
2015.01.20 01:15:58.896,0.96537,0.96556,1.65,1.35
2015.01.20 01:16:00.884,0.96537,0.96554,1.20,3.00
2015.01.20 01:16:01.138,0.96535,0.96552,1.20,1.15
2015.01.20 01:16:01.190,0.96535,0.96552,1.17,1.17
2015.01.20 01:16:01.241,0.96535,0.96552,1.15,1.10
2015.01.20 01:16:01.597,0.96538,0.96553,1.00,2.32
2015.01.20 01:16:01.698,0.96535,0.96553,1.10,4.20
2015.01.20 01:16:01.800,0.96534,0.96553,1.15,1.27
2015.01.20 01:16:02.282,0.96535,0.96553,2.32,1.07
2015.01.20 01:16:02.332,0.96535,0.96553,2.32,1.00
2015.01.20 01:16:02.383,0.96536,0.96554,1.15,4.20
2015.01.20 01:16:02.636,0.96533,0.9655,1.15,1.20
2015.01.20 01:16:04.590,0.96535,0.96553,1.17,1.65
2015.01.20 01:16:04.849,0.96535,0.96554,1.15,2.47
2015.01.20 01:16:07.447,0.96537,0.96554,1.17,2.10
2015.01.20 01:16:07.549,0.96535,0.9655,1.17,1.55
2015.01.20 01:16:07.909,0.96532,0.9655,4.57,1.55
2015.01.20 01:16:08.011,0.96532,0.9655,3.07,1.55
2015.01.20 01:16:08.436,0.96532,0.96548,1.10,1.55
2015.01.20 01:16:09.090,0.96533,0.9655,1.00,1.52
2015.01.20 01:16:09.457,0.96533,0.9655,1.17,1.27
2015.01.20 01:16:10.072,0.96534,0.96547,1.10,1.50
2015.01.20 01:16:10.375,0.96533,0.96548,1.00,7.50
2015.01.20 01:16:10.426,0.96533,0.96548,1.07,6.07
2015.01.20 01:16:10.628,0.96534,0.96548,3.00,3.00
2015.01.20 01:16:10.679,0.96541,0.9655,1.00,1.00
2015.01.20 01:16:10.730,0.96541,0.96553,1.00,1.20
2015.01.20 01:16:10.832,0.96541,0.9655,1.00,1.00
2015.01.20 01:16:10.933,0.9654,0.96554,1.10,1.00
2015.01.20 01:16:11.035,0.96542,0.96557,2.25,1.27
2015.01.20 01:16:11.187,0.96542,0.96557,1.15,1.00
2015.01.20 01:16:11.243,0.96543,0.96557,3.07,1.00
2015.01.20 01:16:11.294,0.96543,0.96559,1.65,1.45
2015.01.20 01:16:11.547,0.96542,0.96559,1.10,3.22
2015.01.20 01:16:11.699,0.96542,0.96558,1.00,3.15
2015.01.20 01:16:12.003,0.96541,0.96554,1.00,1.52
2015.01.20 01:16:12.054,0.96538,0.96552,1.10,1.47
2015.01.20 01:16:12.105,0.96538,0.96552,1.00,1.47
2015.01.20 01:16:12.206,0.96536,0.96552,1.30,1.45
2015.01.20 01:16:14.323,0.96536,0.9655,1.00,2.02
2015.01.20 01:16:14.374,0.96534,0.96549,1.00,1.55
2015.01.20 01:16:14.425,0.96535,0.96549,1.00,1.65
2015.01.20 01:16:14.526,0.96533,0.96547,1.00,1.52
2015.01.20 01:16:14.679,0.9653,0.96546,1.17,1.47
2015.01.20 01:16:15.184,0.9653,0.96546,1.00,1.27
2015.01.20 01:16:16.341,0.9653,0.96545,1.00,2.70
2015.01.20 01:16:16.543,0.96526,0.96542,1.20,1.17
2015.01.20 01:16:16.676,0.9653,0.96542,1.00,1.17
2015.01.20 01:16:16.777,0.96527,0.96541,1.00,1.10
2015.01.20 01:16:16.828,0.96527,0.96541,1.00,1.47
2015.01.20 01:16:18.278,0.96527,0.96538,1.00,1.47
2015.01.20 01:16:18.329,0.96524,0.96538,1.00,1.95
2015.01.20 01:16:19.598,0.96524,0.96537,1.00,1.37
2015.01.20 01:16:20.110,0.96522,0.96536,1.10,1.45
2015.01.20 01:16:20.211,0.96522,0.96532,1.00,2.25
2015.01.20 01:16:20.363,0.96522,0.96534,1.00,1.52
2015.01.20 01:16:20.414,0.96518,0.96532,1.10,1.47
2015.01.20 01:16:20.516,0.96521,0.96533,1.07,1.20
2015.01.20 01:16:20.769,0.96522,0.96536,1.17,1.47
2015.01.20 01:16:21.022,0.96522,0.96536,1.17,1.47
2015.01.20 01:16:21.326,0.96522,0.96535,1.00,1.55
2015.01.20 01:16:21.376,0.9652,0.96532,1.10,1.37
2015.01.20 01:16:21.478,0.9652,0.9653,1.10,1.37
2015.01.20 01:16:21.529,0.96518,0.9653,1.10,1.37
2015.01.20 01:16:21.631,0.96521,0.9653,1.00,1.37
2015.01.20 01:16:21.784,0.96522,0.96532,1.00,1.37
2015.01.20 01:16:21.885,0.96519,0.96534,1.65,1.37
2015.01.20 01:16:22.412,0.96522,0.96531,1.00,1.37
2015.01.20 01:16:22.463,0.96522,0.96533,1.00,1.37
2015.01.20 01:16:22.564,0.96522,0.96534,1.17,1.37
2015.01.20 01:16:22.666,0.96524,0.96534,1.07,1.37
2015.01.20 01:16:22.767,0.96526,0.96538,1.00,1.47
2015.01.20 01:16:23.121,0.96526,0.96536,1.20,1.37
2015.01.20 01:16:24.340,0.96524,0.96536,1.10,1.37
2015.01.20 01:16:24.543,0.96522,0.96533,1.00,1.37
2015.01.20 01:16:25.079,0.96522,0.96534,1.00,1.47
2015.01.20 01:16:25.395,0.9652,0.96532,1.00,1.37
2015.01.20 01:16:25.547,0.9652,0.96533,1.00,1.47
2015.01.20 01:16:25.851,0.9652,0.96534,3.07,1.95
2015.01.20 01:16:25.952,0.96523,0.96535,1.07,1.37
2015.01.20 01:16:26.003,0.96526,0.96536,1.00,1.37
2015.01.20 01:16:26.731,0.96526,0.96533,1.00,1.37
2015.01.20 01:16:26.883,0.96523,0.96535,1.00,1.47
2015.01.20 01:16:26.935,0.96523,0.96535,1.00,1.47
2015.01.20 01:16:27.139,0.9652,0.96533,1.00,1.37
2015.01.20 01:16:27.241,0.96523,0.96532,1.00,1.37
2015.01.20 01:16:27.685,0.96518,0.96528,1.17,1.00
2015.01.20 01:16:27.736,0.96518,0.96532,1.57,2.70
2015.01.20 01:16:27.837,0.96517,0.96529,1.10,1.37
2015.01.20 01:16:28.142,0.96519,0.9653,1.00,1.37
2015.01.20 01:16:28.692,0.96519,0.9653,1.00,1.37
2015.01.20 01:16:29.599,0.96519,0.96528,1.00,1.00
2015.01.20 01:16:29.650,0.96518,0.9653,1.57,1.10
2015.01.20 01:16:29.751,0.96523,0.96535,1.00,1.47
2015.01.20 01:16:29.903,0.96523,0.96535,1.00,1.95
2015.01.20 01:16:30.004,0.9652,0.96532,1.10,1.37
2015.01.20 01:16:30.055,0.9652,0.96532,1.10,1.00
2015.01.20 01:16:30.258,0.9652,0.96531,1.10,1.37
2015.01.20 01:16:30.562,0.96526,0.96536,1.20,1.00
2015.01.20 01:16:30.866,0.96531,0.9654,1.00,1.00
2015.01.20 01:16:30.967,0.96531,0.96544,1.00,1.07
2015.01.20 01:16:31.353,0.96535,0.96544,1.07,1.00
2015.01.20 01:16:31.404,0.96535,0.96548,1.07,1.20
2015.01.20 01:16:31.758,0.96539,0.96551,1.00,1.10
2015.01.20 01:16:32.274,0.96539,0.9655,1.50,2.32
2015.01.20 01:16:32.375,0.96537,0.96548,1.00,1.15
2015.01.20 01:16:32.477,0.96537,0.96548,1.00,1.00
2015.01.20 01:16:32.528,0.96538,0.9655,1.00,1.57
2015.01.20 01:16:33.033,0.96539,0.96552,1.50,1.17
2015.01.20 01:16:33.772,0.96539,0.96552,1.95,1.00
2015.01.20 01:16:33.924,0.96543,0.96557,1.00,1.55
2015.01.20 01:16:34.025,0.96545,0.96557,1.00,1.17
2015.01.20 01:16:34.328,0.96547,0.96557,1.00,1.10
2015.01.20 01:16:34.531,0.96543,0.96557,1.00,1.27
2015.01.20 01:16:34.582,0.96542,0.96558,1.15,2.02
2015.01.20 01:16:35.087,0.96544,0.96556,1.10,1.10
2015.01.20 01:16:35.445,0.96543,0.96557,1.20,1.27
2015.01.20 01:16:35.748,0.9654,0.96554,1.15,1.47
2015.01.20 01:16:35.850,0.9654,0.96552,1.10,1.45
2015.01.20 01:16:36.191,0.96537,0.96551,1.07,1.52
2015.01.20 01:16:36.444,0.96535,0.96551,1.17,4.57
2015.01.20 01:16:36.950,0.96533,0.96547,1.17,3.45
2015.01.20 01:16:37.000,0.96533,0.96547,1.10,3.45
2015.01.20 01:16:37.051,0.96533,0.96545,1.00,2.32
2015.01.20 01:16:37.305,0.96529,0.96542,1.10,1.15
2015.01.20 01:16:37.356,0.96529,0.96542,1.07,1.17
2015.01.20 01:16:37.457,0.96534,0.96542,2.62,1.00
2015.01.20 01:16:37.559,0.96538,0.96548,1.20,1.50
2015.01.20 01:16:37.610,0.96538,0.96548,1.10,1.00
2015.01.20 01:16:37.661,0.96538,0.9655,1.10,1.00
2015.01.20 01:16:37.813,0.9654,0.96552,1.00,1.37
2015.01.20 01:16:38.167,0.9654,0.96552,1.07,1.20
2015.01.20 01:16:38.471,0.96541,0.96553,1.07,1.00
2015.01.20 01:16:38.572,0.96543,0.96557,1.17,1.65
2015.01.20 01:16:40.825,0.96546,0.96557,1.00,1.65
2015.01.20 01:16:41.344,0.96546,0.9656,1.00,1.65
2015.01.20 01:16:41.699,0.96542,0.96557,1.10,2.77
2015.01.20 01:16:42.156,0.96539,0.96556,1.65,3.07
2015.01.20 01:16:43.395,0.96538,0.96551,1.15,1.00
2015.01.20 01:16:43.446,0.96543,0.96551,1.00,1.00
2015.01.20 01:16:43.597,0.96542,0.96556,1.15,1.20
2015.01.20 01:16:43.699,0.96542,0.96557,1.65,1.52
2015.01.20 01:16:45.010,0.96544,0.96557,1.00,1.52
2015.01.20 01:16:45.521,0.96543,0.96557,1.10,1.52
2015.01.20 01:16:45.571,0.96545,0.96557,1.00,1.52
2015.01.20 01:16:46.087,0.96544,0.96557,1.00,1.52
2015.01.20 01:16:46.591,0.96545,0.96557,1.00,1.52
2015.01.20 01:16:47.134,0.96546,0.96557,1.00,1.52
2015.01.20 01:16:47.855,0.96547,0.96559,1.00,4.20
2015.01.20 01:16:49.072,0.96545,0.96558,1.00,1.52
2015.01.20 01:16:49.399,0.96545,0.96557,1.00,1.52
2015.01.20 01:16:50.497,0.96545,0.96557,1.00,1.62
2015.01.20 01:16:50.598,0.96542,0.96557,1.17,1.52
2015.01.20 01:16:52.662,0.96543,0.96558,1.17,1.45
2015.01.20 01:16:53.175,0.96543,0.96558,1.65,1.47
2015.01.20 01:16:53.990,0.96543,0.96558,1.65,1.47
2015.01.20 01:16:54.916,0.96543,0.96558,1.65,1.47
2015.01.20 01:16:55.076,0.96543,0.96556,1.15,1.37
2015.01.20 01:16:55.178,0.9654,0.96546,1.00,1.00
2015.01.20 01:16:55.229,0.9654,0.96546,1.00,1.20
2015.01.20 01:16:55.495,0.96542,0.96554,1.00,1.65
2015.01.20 01:16:55.697,0.96542,0.96553,1.00,1.65
2015.01.20 01:16:55.849,0.96542,0.96553,1.65,1.20
2015.01.20 01:16:56.102,0.96544,0.96554,1.00,1.20
2015.01.20 01:16:56.254,0.96547,0.96559,1.10,2.02
2015.01.20 01:16:56.456,0.96547,0.96559,1.10,1.52
2015.01.20 01:16:56.519,0.96547,0.96559,1.10,1.15
2015.01.20 01:16:56.670,0.96549,0.96559,1.00,1.15
2015.01.20 01:16:57.080,0.96551,0.96559,1.00,1.15
2015.01.20 01:16:57.314,0.96548,0.96559,1.00,1.15
2015.01.20 01:16:57.567,0.96548,0.96555,1.00,1.10
2015.01.20 01:16:58.075,0.96548,0.96558,1.00,3.07
2015.01.20 01:16:58.322,0.96546,0.96558,1.00,3.45
2015.01.20 01:16:58.827,0.96547,0.96558,1.00,3.45
2015.01.20 01:16:59.082,0.96545,0.96558,1.00,3.45
2015.01.20 01:16:59.431,0.96547,0.96558,1.00,3.37
2015.01.20 01:16:59.532,0.9655,0.96559,1.00,1.37
2015.01.20 01:16:59.634,0.96551,0.96561,1.00,1.45
2015.01.20 01:17:00.160,0.9655,0.96563,1.10,1.55
2015.01.20 01:17:00.420,0.96552,0.96563,1.00,1.55
2015.01.20 01:17:00.976,0.96551,0.96565,1.50,3.45
2015.01.20 01:17:01.396,0.96549,0.9656,1.00,1.27
2015.01.20 01:17:01.549,0.96538,0.96551,1.10,2.32
2015.01.20 01:17:01.600,0.96538,0.96552,1.10,1.15
2015.01.20 01:17:01.752,0.96549,0.96556,1.00,1.35
2015.01.20 01:17:01.853,0.96546,0.96556,1.00,1.25
2015.01.20 01:17:02.056,0.96548,0.96556,1.00,1.15
2015.01.20 01:17:02.107,0.96548,0.96556,1.00,1.00
2015.01.20 01:17:02.208,0.96548,0.96558,1.00,1.10
2015.01.20 01:17:02.360,0.9655,0.96558,1.00,1.00
2015.01.20 01:17:02.881,0.9655,0.96561,1.00,1.52
2015.01.20 01:17:03.599,0.96548,0.96561,1.65,1.52
2015.01.20 01:17:04.311,0.9655,0.96561,1.00,1.52
2015.01.20 01:17:04.888,0.9655,0.96561,1.00,1.52
2015.01.20 01:17:05.570,0.96549,0.96563,1.10,3.45
2015.01.20 01:17:05.874,0.96551,0.96565,1.00,1.52
2015.01.20 01:17:06.205,0.96553,0.96565,1.00,1.52
2015.01.20 01:17:06.619,0.96555,0.96565,1.00,1.15
2015.01.20 01:17:06.822,0.96552,0.96566,1.00,2.02
2015.01.20 01:17:06.974,0.9655,0.96565,1.17,1.52
2015.01.20 01:17:07.025,0.9655,0.96564,1.00,1.52
2015.01.20 01:17:07.127,0.9655,0.96564,1.65,1.62
2015.01.20 01:17:07.430,0.9655,0.96564,1.65,1.52
2015.01.20 01:17:07.532,0.9655,0.96564,1.15,1.52
2015.01.20 01:17:07.835,0.96545,0.96558,1.00,1.27
2015.01.20 01:17:07.886,0.96546,0.96557,1.00,2.32
2015.01.20 01:17:08.139,0.96546,0.96559,1.50,2.77
2015.01.20 01:17:08.392,0.96546,0.96556,1.07,1.10
2015.01.20 01:17:08.695,0.96551,0.96561,1.20,1.67
2015.01.20 01:17:08.796,0.96554,0.96561,1.00,1.37
2015.01.20 01:17:09.099,0.96554,0.96562,1.00,1.00
2015.01.20 01:17:09.205,0.96554,0.96567,1.17,2.02
2015.01.20 01:17:10.207,0.96554,0.96568,1.10,3.90
2015.01.20 01:17:10.309,0.96554,0.96564,1.10,1.10
2015.01.20 01:17:10.562,0.96548,0.96558,1.00,1.47
2015.01.20 01:17:10.613,0.96548,0.96558,1.00,1.10
2015.01.20 01:17:10.765,0.96545,0.96559,1.00,1.65
2015.01.20 01:17:11.120,0.96547,0.9656,1.00,1.25
2015.01.20 01:17:11.389,0.96545,0.96559,1.10,1.17
2015.01.20 01:17:11.440,0.96545,0.96559,1.17,1.17
2015.01.20 01:17:11.908,0.96546,0.96558,1.50,1.15
2015.01.20 01:17:12.009,0.96547,0.96561,1.00,2.77
2015.01.20 01:17:13.398,0.96549,0.96561,1.00,1.25
2015.01.20 01:17:13.900,0.96548,0.96561,1.00,1.25
2015.01.20 01:17:14.418,0.96547,0.96561,1.50,1.72
2015.01.20 01:17:15.792,0.96547,0.96559,1.50,2.40
2015.01.20 01:17:15.945,0.96542,0.96552,1.00,2.40
2015.01.20 01:17:16.046,0.9654,0.96548,1.10,1.00
2015.01.20 01:17:16.147,0.9654,0.96551,1.00,3.45
2015.01.20 01:17:16.198,0.96538,0.96548,1.50,1.17
2015.01.20 01:17:16.249,0.96538,0.96548,1.50,3.45
2015.01.20 01:17:16.350,0.96535,0.96548,1.00,3.52
2015.01.20 01:17:16.858,0.96535,0.96548,1.10,1.25
2015.01.20 01:17:17.789,0.96535,0.96549,1.17,2.02
2015.01.20 01:17:17.841,0.96539,0.96549,1.00,1.27
2015.01.20 01:17:18.145,0.96543,0.96555,1.00,3.07
2015.01.20 01:17:18.246,0.96543,0.96556,1.07,1.82
2015.01.20 01:17:18.399,0.96545,0.96558,1.00,2.77
2015.01.20 01:17:19.015,0.96545,0.96558,1.00,3.82
2015.01.20 01:17:19.168,0.96547,0.96558,1.00,1.85
2015.01.20 01:17:19.374,0.96549,0.96561,1.00,1.20
2015.01.20 01:17:19.526,0.9655,0.96563,1.00,1.92
2015.01.20 01:17:19.577,0.96553,0.96563,1.00,1.92
2015.01.20 01:17:19.679,0.96551,0.96563,1.00,2.40
2015.01.20 01:17:19.931,0.96552,0.96565,1.10,1.27
2015.01.20 01:17:19.982,0.96552,0.96564,1.10,3.82
2015.01.20 01:17:20.286,0.96548,0.9656,1.00,2.02
2015.01.20 01:17:20.792,0.96548,0.96559,1.00,1.95
2015.01.20 01:17:21.146,0.96551,0.96559,1.00,1.57
2015.01.20 01:17:21.298,0.96551,0.9656,1.00,1.75
2015.01.20 01:17:21.450,0.96549,0.96561,1.00,1.72
2015.01.20 01:17:21.753,0.9655,0.96564,1.00,1.65
2015.01.20 01:17:21.804,0.96553,0.96565,1.00,1.92
2015.01.20 01:17:21.905,0.96553,0.96567,1.00,2.10
2015.01.20 01:17:21.956,0.96553,0.96567,1.00,2.02
2015.01.20 01:17:22.058,0.96553,0.96567,1.10,2.02
2015.01.20 01:17:22.109,0.96557,0.96569,1.00,1.62
2015.01.20 01:17:22.699,0.96557,0.96569,1.00,1.52
2015.01.20 01:17:23.052,0.96558,0.9657,1.00,1.15
2015.01.20 01:17:23.154,0.96558,0.96572,1.15,1.17
2015.01.20 01:17:23.255,0.9656,0.96573,1.00,3.15
2015.01.20 01:17:23.769,0.96558,0.96572,1.17,1.15
2015.01.20 01:17:24.770,0.96558,0.96572,1.00,3.07
2015.01.20 01:17:25.077,0.96558,0.9657,1.00,2.32
2015.01.20 01:17:26.081,0.96556,0.9657,1.10,4.95
2015.01.20 01:17:27.539,0.96556,0.96567,1.00,2.02
2015.01.20 01:17:27.842,0.96556,0.96567,1.20,1.10
2015.01.20 01:17:27.893,0.96556,0.96568,1.85,1.00
2015.01.20 01:17:28.410,0.96557,0.96571,2.25,1.15
2015.01.20 01:17:28.685,0.96557,0.96571,1.20,1.15
2015.01.20 01:17:28.838,0.96559,0.96573,1.00,4.95
2015.01.20 01:17:30.274,0.96559,0.96571,1.20,1.20
2015.01.20 01:17:30.752,0.96562,0.96574,1.07,2.92
2015.01.20 01:17:30.854,0.96564,0.96574,1.00,1.65
2015.01.20 01:17:31.057,0.96564,0.96575,1.15,1.12
2015.01.20 01:17:31.159,0.96562,0.96576,1.35,1.12
2015.01.20 01:17:31.209,0.96567,0.96579,1.00,1.52
2015.01.20 01:17:31.513,0.9657,0.96579,1.00,1.57
2015.01.20 01:17:31.739,0.96567,0.96579,1.00,1.57
2015.01.20 01:17:31.966,0.96565,0.96577,1.00,1.52
2015.01.20 01:17:32.168,0.96558,0.96572,1.20,1.65
2015.01.20 01:17:32.219,0.96558,0.9657,1.10,1.55
2015.01.20 01:17:32.371,0.96553,0.96565,1.35,1.00
2015.01.20 01:17:32.422,0.96557,0.96569,1.00,1.27
2015.01.20 01:17:32.725,0.96548,0.96562,1.65,1.25
2015.01.20 01:17:32.826,0.96551,0.96563,1.00,2.10
2015.01.20 01:17:32.928,0.96546,0.96559,1.25,1.50
2015.01.20 01:17:32.979,0.96547,0.96559,1.15,1.87
2015.01.20 01:17:33.283,0.9655,0.96557,1.00,1.37
2015.01.20 01:17:33.333,0.9655,0.96557,1.00,1.00
2015.01.20 01:17:33.649,0.96546,0.96558,1.10,1.10
2015.01.20 01:17:34.054,0.96545,0.96558,1.27,1.10
2015.01.20 01:17:34.358,0.96546,0.96558,1.10,1.47
2015.01.20 01:17:34.864,0.96546,0.96557,1.17,1.37
2015.01.20 01:17:35.729,0.96546,0.96557,1.17,1.00
2015.01.20 01:17:35.830,0.96551,0.96559,1.00,1.20
2015.01.20 01:17:36.033,0.96551,0.96563,1.00,1.72
2015.01.20 01:17:36.503,0.96551,0.96563,1.00,3.15
2015.01.20 01:17:36.819,0.96548,0.9656,1.00,3.45
2015.01.20 01:17:37.679,0.96548,0.9656,1.10,1.15
2015.01.20 01:17:37.983,0.9655,0.96562,1.00,1.15
2015.01.20 01:17:38.286,0.96552,0.96564,1.00,3.07
2015.01.20 01:17:39.190,0.96552,0.96562,1.00,2.32
2015.01.20 01:17:39.292,0.9655,0.96562,1.00,3.07
2015.01.20 01:17:39.545,0.9655,0.96561,1.00,1.10
2015.01.20 01:17:39.596,0.9655,0.96561,1.00,1.07
2015.01.20 01:17:40.122,0.9655,0.96561,1.00,4.50
2015.01.20 01:17:40.295,0.96548,0.96561,1.50,4.50
2015.01.20 01:17:40.396,0.96548,0.96559,1.50,2.32
2015.01.20 01:17:40.699,0.96548,0.96561,3.75,2.70
2015.01.20 01:17:40.750,0.96553,0.96565,1.00,2.00
2015.01.20 01:17:40.902,0.96549,0.96558,1.00,2.25
2015.01.20 01:17:41.004,0.96548,0.96559,1.00,2.32
2015.01.20 01:17:41.156,0.96549,0.96561,1.00,1.17
2015.01.20 01:17:41.207,0.96551,0.96563,1.00,1.25
2015.01.20 01:17:41.864,0.96549,0.96561,1.50,1.17
2015.01.20 01:17:42.445,0.96551,0.96561,1.00,1.17
2015.01.20 01:17:42.749,0.96546,0.96558,1.20,1.15
2015.01.20 01:17:43.052,0.96545,0.96557,1.20,3.07
2015.01.20 01:17:43.750,0.96549,0.96557,1.00,2.32
2015.01.20 01:17:43.801,0.96549,0.9656,1.10,1.50
2015.01.20 01:17:43.852,0.96551,0.96563,1.75,1.27
2015.01.20 01:17:44.156,0.96555,0.96564,1.12,1.15
2015.01.20 01:17:44.257,0.96552,0.96564,1.00,1.15
2015.01.20 01:17:44.389,0.96552,0.96563,1.00,3.07
2015.01.20 01:17:44.692,0.96553,0.96564,1.12,1.15
2015.01.20 01:17:45.299,0.9655,0.96563,1.12,1.15
2015.01.20 01:17:45.350,0.96549,0.96563,3.45,1.15
2015.01.20 01:17:45.904,0.96552,0.96564,1.00,1.15
2015.01.20 01:17:46.006,0.96552,0.96564,1.17,1.00
2015.01.20 01:17:46.259,0.96556,0.96568,1.10,1.15
2015.01.20 01:17:46.411,0.96556,0.96568,1.10,1.15
2015.01.20 01:17:46.513,0.96555,0.96569,2.10,1.87
2015.01.20 01:17:46.816,0.96555,0.96566,1.30,1.57
2015.01.20 01:17:47.120,0.96554,0.96566,1.12,1.15
2015.01.20 01:17:47.646,0.96554,0.96567,1.87,3.07
2015.01.20 01:17:48.151,0.96553,0.96564,1.45,1.07
2015.01.20 01:17:48.455,0.96551,0.96558,1.75,1.15
2015.01.20 01:17:48.657,0.96549,0.96562,2.62,2.32
2015.01.20 01:17:48.708,0.96549,0.96563,2.62,1.15
2015.01.20 01:17:49.011,0.96549,0.96559,1.75,1.00
2015.01.20 01:17:49.415,0.9655,0.96561,1.12,2.32
2015.01.20 01:17:49.617,0.96547,0.96561,1.95,3.07
2015.01.20 01:17:49.820,0.96546,0.9656,1.27,1.25
2015.01.20 01:17:50.341,0.96546,0.9656,1.00,4.65
2015.01.20 01:17:50.595,0.96546,0.96557,1.00,2.32
2015.01.20 01:17:50.798,0.96544,0.96557,1.50,2.32
2015.01.20 01:17:51.303,0.96542,0.96556,1.50,3.07
2015.01.20 01:17:51.839,0.96542,0.96556,1.10,3.15
2015.01.20 01:17:52.914,0.96542,0.96554,1.10,3.45
2015.01.20 01:17:53.420,0.96541,0.96553,1.00,1.25
2015.01.20 01:17:53.521,0.96539,0.96549,1.10,1.00
2015.01.20 01:17:54.245,0.9654,0.96549,1.00,1.00
2015.01.20 01:17:55.220,0.9654,0.96549,1.00,1.17
2015.01.20 01:17:55.735,0.96541,0.9655,1.00,1.10
2015.01.20 01:17:55.887,0.96539,0.9655,1.00,1.10
2015.01.20 01:17:56.090,0.96541,0.9655,1.00,1.00
2015.01.20 01:17:56.394,0.96539,0.9655,1.20,1.00
2015.01.20 01:17:56.902,0.96538,0.96549,1.00,1.00
2015.01.20 01:17:58.050,0.9654,0.96552,1.10,1.00
2015.01.20 01:17:58.406,0.96541,0.96553,3.00,1.50
2015.01.20 01:17:58.659,0.96544,0.96557,1.17,1.12
2015.01.20 01:17:59.166,0.96546,0.96557,1.00,1.20
2015.01.20 01:17:59.369,0.96547,0.96559,1.12,1.85
2015.01.20 01:17:59.421,0.96547,0.96561,1.57,1.65
2015.01.20 01:17:59.522,0.96547,0.96559,1.65,1.00
2015.01.20 01:17:59.826,0.9655,0.96562,1.00,1.17
2015.01.20 01:18:00.129,0.9655,0.96562,1.00,3.07
2015.01.20 01:18:00.383,0.96547,0.96559,1.00,1.15
2015.01.20 01:18:00.434,0.96545,0.96557,1.00,1.17
2015.01.20 01:18:00.791,0.96543,0.96557,1.10,1.17
2015.01.20 01:18:01.356,0.96543,0.96557,1.10,1.15
2015.01.20 01:18:03.289,0.9654,0.96554,1.87,1.47
2015.01.20 01:18:03.794,0.96541,0.96552,1.75,1.00
2015.01.20 01:18:04.097,0.96543,0.96555,1.10,1.37
2015.01.20 01:18:04.350,0.96545,0.96555,1.00,1.00
2015.01.20 01:18:04.857,0.96542,0.96556,2.62,1.17
2015.01.20 01:18:05.394,0.96542,0.96556,1.87,1.17
2015.01.20 01:18:05.958,0.96542,0.96556,3.00,1.17
2015.01.20 01:18:06.620,0.96543,0.96556,1.57,1.00
2015.01.20 01:18:06.671,0.96543,0.96556,1.95,1.00
2015.01.20 01:18:08.053,0.96543,0.96556,1.12,1.17
2015.01.20 01:18:08.205,0.96541,0.96553,1.87,1.00
2015.01.20 01:18:08.726,0.96542,0.96554,1.57,1.20
2015.01.20 01:18:08.928,0.96541,0.96552,1.87,1.00
2015.01.20 01:18:10.263,0.96544,0.96554,1.17,1.10
2015.01.20 01:18:10.364,0.96544,0.96554,1.27,1.00
2015.01.20 01:18:10.465,0.96546,0.9656,2.40,1.37
2015.01.20 01:18:11.077,0.96549,0.96562,1.00,1.87
2015.01.20 01:18:11.586,0.96549,0.96563,1.00,1.47
2015.01.20 01:18:12.157,0.96549,0.96563,1.20,1.47
2015.01.20 01:18:13.118,0.96549,0.96563,1.20,1.10
2015.01.20 01:18:13.169,0.96551,0.96563,1.12,1.00
2015.01.20 01:18:13.320,0.96551,0.96565,1.87,1.10
2015.01.20 01:18:13.523,0.96552,0.96563,1.17,1.00
2015.01.20 01:18:14.049,0.96552,0.96563,1.82,1.00
2015.01.20 01:18:14.573,0.96552,0.96563,1.57,1.00
2015.01.20 01:18:16.459,0.9655,0.96563,1.57,1.10
2015.01.20 01:18:17.019,0.9655,0.96563,1.07,1.10
2015.01.20 01:18:17.588,0.96549,0.96563,1.87,1.10
2015.01.20 01:18:18.208,0.96549,0.96562,1.45,1.00
2015.01.20 01:18:19.158,0.96549,0.9656,1.45,1.10
2015.01.20 01:18:19.411,0.96545,0.96558,1.27,1.10
2015.01.20 01:18:19.949,0.96544,0.96558,1.27,1.10
2015.01.20 01:18:21.302,0.96544,0.96558,1.95,1.10
2015.01.20 01:18:21.812,0.96546,0.96558,1.85,1.00
2015.01.20 01:18:22.346,0.96546,0.96556,1.75,1.00
2015.01.20 01:18:22.397,0.96545,0.96556,1.20,1.00
2015.01.20 01:18:22.960,0.96543,0.96556,1.92,1.00
2015.01.20 01:18:26.538,0.96544,0.96558,1.50,1.15
2015.01.20 01:18:26.690,0.96543,0.96555,1.10,1.57
2015.01.20 01:18:26.842,0.96541,0.96553,1.52,1.00
2015.01.20 01:18:27.146,0.96545,0.96556,2.25,1.12
2015.01.20 01:18:27.247,0.96545,0.96557,3.82,1.00
2015.01.20 01:18:27.298,0.96545,0.96559,3.82,1.00
2015.01.20 01:18:27.551,0.96549,0.96561,1.00,1.57
2015.01.20 01:18:27.955,0.96547,0.96561,1.57,1.57
2015.01.20 01:18:28.006,0.96547,0.96561,1.10,2.02
2015.01.20 01:18:28.058,0.96545,0.96557,1.57,1.00
2015.01.20 01:18:28.108,0.96545,0.96557,1.10,1.00
2015.01.20 01:18:28.159,0.96546,0.9656,3.00,1.27
2015.01.20 01:18:28.311,0.96548,0.96561,1.00,2.77
2015.01.20 01:18:28.624,0.96545,0.96557,1.00,1.00
2015.01.20 01:18:30.116,0.96543,0.96555,1.57,1.00
2015.01.20 01:18:30.370,0.96546,0.96559,1.10,1.20
2015.01.20 01:18:30.573,0.96543,0.96557,2.02,1.00
2015.01.20 01:18:30.887,0.96545,0.96557,1.12,1.00
2015.01.20 01:18:32.377,0.96545,0.96557,1.87,1.00
2015.01.20 01:18:32.883,0.96547,0.96553,1.12,1.00
2015.01.20 01:18:32.985,0.96545,0.96556,1.75,1.10
2015.01.20 01:18:33.237,0.96545,0.96559,2.40,1.00
2015.01.20 01:18:33.339,0.96545,0.96557,1.95,1.00
2015.01.20 01:18:35.049,0.96543,0.96557,2.02,1.50
2015.01.20 01:18:37.107,0.96543,0.96557,2.77,1.00
2015.01.20 01:18:37.557,0.96547,0.96559,1.20,1.50
2015.01.20 01:18:37.659,0.96547,0.96559,2.10,1.00
2015.01.20 01:18:37.761,0.96549,0.96563,1.20,1.20
2015.01.20 01:18:37.812,0.96552,0.96563,1.12,1.00
2015.01.20 01:18:38.115,0.96554,0.96563,1.12,1.00
2015.01.20 01:18:38.267,0.96554,0.96566,1.12,1.00
2015.01.20 01:18:40.372,0.96553,0.96564,1.12,1.00
2015.01.20 01:18:40.575,0.9655,0.96561,1.50,1.00
2015.01.20 01:18:40.676,0.96549,0.96561,1.47,1.00
2015.01.20 01:18:41.449,0.96547,0.96561,3.07,1.00
2015.01.20 01:18:42.168,0.96547,0.96561,2.32,1.50
2015.01.20 01:18:42.676,0.96547,0.96561,1.10,1.87
2015.01.20 01:18:42.979,0.9654,0.96554,1.95,1.30
2015.01.20 01:18:43.293,0.96539,0.9655,1.37,1.35
2015.01.20 01:18:43.344,0.96539,0.96548,1.00,1.10
2015.01.20 01:18:43.395,0.96536,0.96548,1.87,1.10
2015.01.20 01:18:44.722,0.96537,0.9655,1.00,1.65
2015.01.20 01:18:44.824,0.96535,0.96547,1.50,1.00
2015.01.20 01:18:45.888,0.96535,0.96547,2.62,1.10
2015.01.20 01:18:46.040,0.96536,0.9655,3.52,1.12
2015.01.20 01:18:46.091,0.96539,0.96553,1.57,1.00
2015.01.20 01:18:46.445,0.96543,0.96557,1.00,2.40
2015.01.20 01:18:46.849,0.96547,0.96557,1.00,1.12
2015.01.20 01:18:47.001,0.96547,0.96559,1.00,2.02
2015.01.20 01:18:50.677,0.96547,0.96559,1.00,2.77
2015.01.20 01:18:50.778,0.96544,0.96558,1.50,1.65
2015.01.20 01:18:51.800,0.96545,0.96559,1.00,2.02
2015.01.20 01:18:53.797,0.96543,0.96557,1.20,1.12
2015.01.20 01:18:54.585,0.96541,0.96555,2.02,1.10
2015.01.20 01:18:56.286,0.96541,0.96555,2.10,1.20
2015.01.20 01:18:57.116,0.96541,0.96555,4.27,1.12
2015.01.20 01:18:57.319,0.96547,0.96559,1.00,2.32
2015.01.20 01:18:57.748,0.96545,0.96557,1.20,1.00
2015.01.20 01:18:58.266,0.96545,0.96557,1.20,1.20
2015.01.20 01:18:59.296,0.96545,0.96557,1.00,5.10
2015.01.20 01:18:59.347,0.96545,0.96553,1.00,1.75
2015.01.20 01:18:59.399,0.96539,0.9655,1.00,1.20
2015.01.20 01:18:59.449,0.96536,0.9655,1.07,1.85
2015.01.20 01:18:59.500,0.96534,0.96548,1.57,1.12
2015.01.20 01:18:59.703,0.96533,0.96547,1.17,1.75
2015.01.20 01:19:00.222,0.96533,0.96545,1.17,1.12
2015.01.20 01:19:00.735,0.96533,0.96543,1.00,1.12
2015.01.20 01:19:01.655,0.96533,0.96544,1.00,1.12
2015.01.20 01:19:02.217,0.96533,0.96545,1.00,1.45
2015.01.20 01:19:02.784,0.96533,0.96546,1.00,1.20
2015.01.20 01:19:03.295,0.96533,0.96547,1.00,1.65
2015.01.20 01:19:04.674,0.96531,0.96545,1.17,1.10
2015.01.20 01:19:05.184,0.96533,0.96547,1.00,2.10
2015.01.20 01:19:06.093,0.96532,0.96545,1.20,1.10
2015.01.20 01:19:06.776,0.96533,0.96547,1.00,1.65
2015.01.20 01:19:07.131,0.96529,0.96543,1.30,1.00
2015.01.20 01:19:11.997,0.96529,0.96543,1.10,2.25
2015.01.20 01:19:12.516,0.96528,0.96542,1.10,2.10
2015.01.20 01:19:13.257,0.96527,0.96539,1.17,1.00
2015.01.20 01:19:13.638,0.96527,0.96539,1.00,2.32
2015.01.20 01:19:13.689,0.96523,0.96537,1.17,1.10
2015.01.20 01:19:14.143,0.96525,0.96539,1.17,2.25
2015.01.20 01:19:14.348,0.96525,0.96539,1.17,1.10
2015.01.20 01:19:14.399,0.96525,0.96539,1.17,1.50
2015.01.20 01:19:14.918,0.96529,0.96539,1.00,1.12
2015.01.20 01:19:15.373,0.96529,0.96541,1.00,1.82
2015.01.20 01:19:15.878,0.96528,0.9654,1.00,1.12
2015.01.20 01:19:15.929,0.96525,0.96538,1.00,1.00
2015.01.20 01:19:16.081,0.96525,0.96538,1.00,1.50
2015.01.20 01:19:16.587,0.96523,0.96537,1.17,1.20
2015.01.20 01:19:17.327,0.96526,0.96538,1.00,1.87
2015.01.20 01:19:17.580,0.96527,0.96539,1.00,1.10
2015.01.20 01:19:17.883,0.96525,0.96537,1.27,1.00
2015.01.20 01:19:18.740,0.96525,0.96537,1.00,1.30
2015.01.20 01:19:19.245,0.96526,0.96539,1.00,1.20
2015.01.20 01:19:21.839,0.96524,0.96537,1.07,1.00
2015.01.20 01:19:22.193,0.96522,0.96536,1.65,1.00
2015.01.20 01:19:22.345,0.96522,0.96536,2.02,1.00
2015.01.20 01:19:22.598,0.96529,0.96545,2.02,1.10
2015.01.20 01:19:22.649,0.96529,0.96541,1.20,1.00
2015.01.20 01:19:22.801,0.96526,0.96542,1.27,2.70
2015.01.20 01:19:22.852,0.96526,0.96542,1.65,2.02
2015.01.20 01:19:23.179,0.96532,0.96544,2.32,1.00
2015.01.20 01:19:23.432,0.96532,0.96544,1.10,1.00
2015.01.20 01:19:23.740,0.9653,0.96542,1.27,1.00
2015.01.20 01:19:23.842,0.96531,0.96545,1.00,1.27
2015.01.20 01:19:24.431,0.96531,0.96545,1.00,2.02
2015.01.20 01:19:26.468,0.96529,0.96543,1.15,1.10
2015.01.20 01:19:26.552,0.96532,0.96544,1.00,1.20
2015.01.20 01:19:28.945,0.96532,0.96544,1.00,1.10
2015.01.20 01:19:29.248,0.9653,0.96543,1.10,2.32
2015.01.20 01:19:29.401,0.96528,0.96538,1.20,1.20
2015.01.20 01:19:29.552,0.96526,0.96538,1.00,1.65
2015.01.20 01:19:30.163,0.96526,0.96536,1.12,1.00
2015.01.20 01:19:30.570,0.96523,0.96533,1.25,1.00
2015.01.20 01:19:31.346,0.96523,0.96532,1.25,1.00
2015.01.20 01:19:31.599,0.96523,0.96534,2.32,1.00
2015.01.20 01:19:31.752,0.96521,0.96534,2.02,1.00
2015.01.20 01:19:31.803,0.96521,0.96532,2.02,1.00
2015.01.20 01:19:32.691,0.96521,0.96532,1.65,1.00
2015.01.20 01:19:32.893,0.96521,0.96535,1.65,1.57
2015.01.20 01:19:33.234,0.96521,0.96534,1.57,1.07
2015.01.20 01:19:33.538,0.96522,0.96536,3.82,1.00
2015.01.20 01:19:33.843,0.96529,0.96536,1.07,1.00
2015.01.20 01:19:33.894,0.96529,0.96539,1.07,1.00
2015.01.20 01:19:34.446,0.96529,0.9654,1.07,1.00
2015.01.20 01:19:35.537,0.96529,0.96538,1.07,1.00
2015.01.20 01:19:35.638,0.96529,0.9654,1.07,1.00
2015.01.20 01:19:36.179,0.96529,0.96539,1.00,1.00
2015.01.20 01:19:36.516,0.96526,0.96537,2.02,1.00
2015.01.20 01:19:36.617,0.96526,0.9654,2.02,1.50
2015.01.20 01:19:37.123,0.96526,0.9654,1.27,1.00
2015.01.20 01:19:38.465,0.96529,0.96541,1.00,1.57
2015.01.20 01:19:38.972,0.9653,0.96541,1.00,1.00
2015.01.20 01:19:39.276,0.96532,0.96542,1.00,1.00
2015.01.20 01:19:39.809,0.96532,0.96546,1.20,1.87
2015.01.20 01:19:39.961,0.96533,0.96547,1.07,1.95
2015.01.20 01:19:40.214,0.96534,0.96547,1.35,1.00
2015.01.20 01:19:40.265,0.9654,0.96551,1.07,1.75
2015.01.20 01:19:40.316,0.9654,0.96552,1.17,1.10
2015.01.20 01:19:40.367,0.9654,0.96553,2.32,1.65
2015.01.20 01:19:40.620,0.96544,0.96556,1.10,1.57
2015.01.20 01:19:40.722,0.96544,0.96553,1.10,1.00
2015.01.20 01:19:41.241,0.96544,0.96554,1.10,1.00
2015.01.20 01:19:41.395,0.96544,0.96556,1.10,1.10
2015.01.20 01:19:41.749,0.96544,0.96556,1.15,1.10
2015.01.20 01:19:41.800,0.96546,0.96558,1.17,1.20
2015.01.20 01:19:42.155,0.96547,0.9656,1.27,1.00
2015.01.20 01:19:42.687,0.96547,0.96559,1.17,1.00
2015.01.20 01:19:43.232,0.96547,0.9656,1.27,1.00
2015.01.20 01:19:43.333,0.96547,0.96558,1.27,1.00
2015.01.20 01:19:43.843,0.96547,0.96559,1.27,1.00
2015.01.20 01:19:44.789,0.96547,0.96561,1.65,1.00
2015.01.20 01:19:45.746,0.96547,0.9656,1.65,1.00
2015.01.20 01:19:46.475,0.96547,0.96558,1.65,1.00
2015.01.20 01:19:46.587,0.96547,0.96564,1.07,5.40
2015.01.20 01:19:46.690,0.96546,0.9656,1.00,1.17
2015.01.20 01:19:46.791,0.96544,0.9656,1.17,1.10
2015.01.20 01:19:47.507,0.96546,0.96563,1.65,1.30
2015.01.20 01:19:48.016,0.96547,0.96563,1.27,1.20
2015.01.20 01:19:49.195,0.96547,0.96562,1.12,2.32
2015.01.20 01:19:49.399,0.96546,0.9656,1.10,1.25
2015.01.20 01:19:49.501,0.96542,0.96559,1.35,1.25
2015.01.20 01:19:50.006,0.96542,0.96559,1.30,2.02
2015.01.20 01:19:50.278,0.96542,0.96559,4.27,1.95
2015.01.20 01:19:50.581,0.9655,0.96559,1.17,1.00
2015.01.20 01:19:50.834,0.9655,0.96564,1.07,1.10
2015.01.20 01:19:50.986,0.9655,0.96564,1.07,1.00
2015.01.20 01:19:51.037,0.96552,0.96566,1.27,1.20
2015.01.20 01:19:51.593,0.96552,0.96569,1.17,1.35
2015.01.20 01:19:51.694,0.96552,0.96569,1.25,1.72
2015.01.20 01:19:51.897,0.96556,0.96571,1.15,1.87
2015.01.20 01:19:52.049,0.96556,0.96573,1.25,2.02
2015.01.20 01:19:52.569,0.96556,0.96573,1.25,1.35
2015.01.20 01:19:52.670,0.96556,0.96573,1.17,1.35
2015.01.20 01:19:53.263,0.96555,0.96571,1.35,1.15
2015.01.20 01:19:54.079,0.96554,0.96569,1.20,2.25
2015.01.20 01:19:54.535,0.96551,0.96567,1.50,1.15
2015.01.20 01:19:55.647,0.96552,0.96568,1.57,3.07
2015.01.20 01:19:58.676,0.96552,0.96568,1.20,3.07
2015.01.20 01:19:58.903,0.96551,0.96566,1.12,2.32
2015.01.20 01:19:59.207,0.96547,0.96563,1.95,1.25
2015.01.20 01:19:59.258,0.96547,0.96562,1.20,1.15
2015.01.20 01:19:59.612,0.96546,0.96562,2.85,1.17
2015.01.20 01:19:59.713,0.96549,0.96563,1.20,1.00
2015.01.20 01:20:00.168,0.96549,0.96565,1.57,1.25
2015.01.20 01:20:01.190,0.96549,0.96564,1.50,1.15
2015.01.20 01:20:01.606,0.96552,0.96568,1.10,1.15
2015.01.20 01:20:02.012,0.96553,0.96568,1.50,1.17
2015.01.20 01:20:02.062,0.96553,0.96568,2.32,1.07
2015.01.20 01:20:02.366,0.96556,0.96571,1.12,1.15
2015.01.20 01:20:02.519,0.96557,0.96571,1.72,1.20
2015.01.20 01:20:02.620,0.96559,0.96576,1.50,1.25
2015.01.20 01:20:03.126,0.9656,0.96576,1.12,1.15
2015.01.20 01:20:03.717,0.96559,0.96576,1.57,1.25
2015.01.20 01:20:04.128,0.96559,0.96576,1.10,1.27
2015.01.20 01:20:04.330,0.96558,0.96575,1.10,2.40
2015.01.20 01:20:04.642,0.96559,0.96576,1.57,1.15
2015.01.20 01:20:04.945,0.96556,0.96569,1.27,1.15
2015.01.20 01:20:05.249,0.96553,0.96569,1.50,3.07
2015.01.20 01:20:05.703,0.96553,0.96569,1.50,1.15
2015.01.20 01:20:06.279,0.96553,0.96569,1.10,1.15
2015.01.20 01:20:08.603,0.96553,0.96571,1.72,1.35
2015.01.20 01:20:08.906,0.96558,0.96571,1.00,1.37
2015.01.20 01:20:08.977,0.96556,0.96571,1.10,1.37
2015.01.20 01:20:09.518,0.96557,0.96571,1.00,1.37
2015.01.20 01:20:10.012,0.96561,0.96571,1.00,1.30
2015.01.20 01:20:10.114,0.96559,0.96571,1.00,1.30
2015.01.20 01:20:10.164,0.96559,0.96573,1.07,2.32
2015.01.20 01:20:10.367,0.96563,0.96578,1.37,1.35
2015.01.20 01:20:10.418,0.96567,0.96578,1.00,1.27
2015.01.20 01:20:10.520,0.96565,0.96582,2.40,1.20
2015.01.20 01:20:11.026,0.96566,0.96585,2.85,1.17
2015.01.20 01:20:12.266,0.96569,0.96586,1.20,1.15
2015.01.20 01:20:12.418,0.96569,0.96586,3.82,1.10
2015.01.20 01:20:12.722,0.96574,0.96591,1.17,2.02
2015.01.20 01:20:12.774,0.96573,0.96593,1.25,1.27
2015.01.20 01:20:12.824,0.96574,0.96593,4.50,1.55
2015.01.20 01:20:13.027,0.96572,0.96592,1.75,4.65
2015.01.20 01:20:13.533,0.96574,0.96592,1.27,1.65
2015.01.20 01:20:14.060,0.96573,0.9659,1.15,1.45
2015.01.20 01:20:15.590,0.96573,0.9659,1.15,1.20
2015.01.20 01:20:16.351,0.96573,0.96589,1.57,1.27
2015.01.20 01:20:17.221,0.96569,0.96588,1.72,3.15
2015.01.20 01:20:17.727,0.9657,0.96587,1.00,1.27
2015.01.20 01:20:18.087,0.96568,0.96585,2.02,1.25
2015.01.20 01:20:18.391,0.96564,0.96583,1.30,5.70
2015.01.20 01:20:19.401,0.96567,0.96583,1.07,3.75
2015.01.20 01:20:19.452,0.96567,0.96584,3.07,1.12
2015.01.20 01:20:19.503,0.96568,0.96585,1.15,1.00
2015.01.20 01:20:19.654,0.96571,0.96587,1.15,1.07
2015.01.20 01:20:19.756,0.96571,0.96589,1.15,1.72
2015.01.20 01:20:20.059,0.96574,0.9659,4.57,1.87
2015.01.20 01:20:20.160,0.96574,0.96592,5.70,1.10
2015.01.20 01:20:20.262,0.96576,0.96594,3.15,1.95
2015.01.20 01:20:20.363,0.96578,0.96597,1.35,2.92
2015.01.20 01:20:20.515,0.96576,0.96595,2.77,1.95
2015.01.20 01:20:21.020,0.96574,0.96593,2.40,1.65
2015.01.20 01:20:21.546,0.96573,0.96591,1.65,1.27
2015.01.20 01:20:23.021,0.96574,0.96592,1.35,3.82
2015.01.20 01:20:23.654,0.96572,0.96591,1.65,3.90
2015.01.20 01:20:23.705,0.9657,0.9659,2.77,1.65
2015.01.20 01:20:24.312,0.9657,0.9659,2.10,2.40
2015.01.20 01:20:29.377,0.9657,0.96588,1.90,1.55
2015.01.20 01:20:29.631,0.9657,0.96588,1.90,2.02
2015.01.20 01:20:30.109,0.96569,0.96586,1.20,3.00
2015.01.20 01:20:30.160,0.96568,0.96586,1.87,7.50
2015.01.20 01:20:30.262,0.96568,0.96584,1.87,3.45
2015.01.20 01:20:30.515,0.96561,0.9658,1.52,4.27
2015.01.20 01:20:30.919,0.9656,0.9658,2.40,8.02
2015.01.20 01:20:31.222,0.9656,0.96577,3.82,1.47
2015.01.20 01:20:31.273,0.9656,0.96577,1.65,1.55
2015.01.20 01:20:32.288,0.9656,0.96574,1.95,2.70
2015.01.20 01:20:32.592,0.96558,0.96569,1.17,1.37
2015.01.20 01:20:32.693,0.96558,0.96574,1.17,1.55
2015.01.20 01:20:32.846,0.96558,0.96577,3.45,3.15
2015.01.20 01:20:32.947,0.96558,0.96575,1.65,1.55
2015.01.20 01:20:33.700,0.96558,0.96572,1.35,1.37
2015.01.20 01:20:34.364,0.96558,0.96572,2.02,1.37
2015.01.20 01:20:34.908,0.96558,0.96572,2.02,1.37
2015.01.20 01:20:37.238,0.96561,0.96573,1.10,1.37
2015.01.20 01:20:37.777,0.96561,0.96575,1.10,1.37
2015.01.20 01:20:38.417,0.96561,0.96575,1.10,1.37
2015.01.20 01:20:40.508,0.96561,0.96573,1.10,1.37
2015.01.20 01:20:41.586,0.96561,0.96575,1.10,1.37
2015.01.20 01:20:42.146,0.96558,0.96575,2.40,1.37
2015.01.20 01:20:44.016,0.96562,0.96575,1.00,1.47
2015.01.20 01:20:44.319,0.96562,0.96574,1.15,1.37
2015.01.20 01:20:44.370,0.96562,0.96575,1.10,1.47
2015.01.20 01:20:46.152,0.9656,0.96573,1.17,2.62
2015.01.20 01:20:46.203,0.9656,0.96572,1.00,2.70
2015.01.20 01:20:46.254,0.96558,0.96572,1.10,3.45
2015.01.20 01:20:46.305,0.96558,0.96572,1.10,1.57
2015.01.20 01:20:46.355,0.96556,0.9657,1.27,1.47
2015.01.20 01:20:46.659,0.96551,0.96567,2.10,1.47
2015.01.20 01:20:47.115,0.96553,0.96567,1.17,1.57
2015.01.20 01:20:47.418,0.96553,0.96568,1.17,1.12
2015.01.20 01:20:47.948,0.96553,0.96568,1.15,1.12
2015.01.20 01:20:48.251,0.96559,0.96568,1.00,1.57
2015.01.20 01:20:48.832,0.96559,0.96568,1.00,1.37
2015.01.20 01:20:48.995,0.96557,0.96567,1.10,1.37
2015.01.20 01:20:49.298,0.96557,0.96571,1.10,2.32
2015.01.20 01:20:49.887,0.96555,0.96569,1.00,1.57
2015.01.20 01:20:51.050,0.96555,0.96569,1.00,1.57
2015.01.20 01:20:51.853,0.96554,0.96566,1.20,1.37
2015.01.20 01:20:52.372,0.96554,0.96566,1.10,1.47
2015.01.20 01:20:52.878,0.96553,0.96565,1.10,1.37
2015.01.20 01:20:53.181,0.96553,0.96567,1.10,3.45
2015.01.20 01:20:54.116,0.96553,0.96567,1.10,3.45
2015.01.20 01:20:54.508,0.96553,0.96567,1.65,1.55
2015.01.20 01:20:54.862,0.96552,0.96565,1.17,1.10
2015.01.20 01:20:55.578,0.96553,0.96565,1.47,1.10
2015.01.20 01:20:55.881,0.96554,0.96566,1.25,1.00
2015.01.20 01:20:56.445,0.96555,0.96569,1.17,1.27
2015.01.20 01:20:57.056,0.96559,0.96569,1.00,1.27
2015.01.20 01:20:57.158,0.96557,0.96569,1.10,1.27
2015.01.20 01:20:58.283,0.96556,0.96567,1.00,1.07
2015.01.20 01:20:58.534,0.96556,0.96567,1.00,1.10
2015.01.20 01:20:59.690,0.96555,0.96567,1.10,1.10
2015.01.20 01:21:00.458,0.96556,0.96567,1.00,1.10
2015.01.20 01:21:01.457,0.96557,0.96567,1.00,1.10
2015.01.20 01:21:02.658,0.96556,0.96567,1.00,1.10
2015.01.20 01:21:04.438,0.96556,0.96568,1.27,1.10
2015.01.20 01:21:06.842,0.9656,0.96572,1.00,3.15
2015.01.20 01:21:07.280,0.96558,0.96572,1.57,3.15
2015.01.20 01:21:10.936,0.96558,0.9657,1.00,1.15
2015.01.20 01:21:11.607,0.96556,0.9657,1.87,1.25
2015.01.20 01:21:12.109,0.96556,0.96569,1.12,1.15
2015.01.20 01:21:12.933,0.96555,0.96569,1.10,1.15
2015.01.20 01:21:13.475,0.96554,0.96566,1.35,1.10
2015.01.20 01:21:24.905,0.96556,0.96568,1.10,2.40
2015.01.20 01:21:24.956,0.96553,0.96567,1.12,1.35
2015.01.20 01:21:25.909,0.96553,0.96567,1.45,1.37
2015.01.20 01:21:25.960,0.96553,0.96567,2.02,1.30
2015.01.20 01:21:26.595,0.96554,0.96567,1.52,1.20
2015.01.20 01:21:28.296,0.96554,0.96564,1.45,3.00
2015.01.20 01:21:28.347,0.96554,0.96563,1.00,2.70
2015.01.20 01:21:28.399,0.96552,0.96563,1.00,4.87
2015.01.20 01:21:28.551,0.9655,0.96561,1.50,1.65
2015.01.20 01:21:28.703,0.96545,0.96559,1.07,1.17
2015.01.20 01:21:28.754,0.96545,0.96559,1.10,3.07
2015.01.20 01:21:29.028,0.96541,0.96555,1.10,2.10
2015.01.20 01:21:29.079,0.96541,0.96555,1.10,2.47
2015.01.20 01:21:29.382,0.96541,0.96551,1.00,1.12
2015.01.20 01:21:29.498,0.96539,0.96551,1.00,1.27
2015.01.20 01:21:30.007,0.96538,0.9655,1.00,1.62
2015.01.20 01:21:30.440,0.96538,0.9655,1.07,1.55
2015.01.20 01:21:30.591,0.96542,0.96555,1.17,1.82
2015.01.20 01:21:30.693,0.96543,0.96555,1.10,1.17
2015.01.20 01:21:31.228,0.96543,0.96556,1.10,2.85
2015.01.20 01:21:34.220,0.96546,0.96558,1.00,2.77
2015.01.20 01:21:34.574,0.96546,0.96558,1.10,2.40
2015.01.20 01:21:34.907,0.96546,0.96558,1.10,2.47
2015.01.20 01:21:37.261,0.96546,0.96557,1.17,1.12
2015.01.20 01:21:38.055,0.96546,0.96558,1.17,1.95
2015.01.20 01:21:38.257,0.96546,0.96558,1.10,1.27
2015.01.20 01:21:38.358,0.96546,0.96555,1.00,2.25
2015.01.20 01:21:38.510,0.96539,0.96551,1.37,1.10
2015.01.20 01:21:38.560,0.96539,0.96551,1.00,1.07
2015.01.20 01:21:38.712,0.96535,0.96549,1.57,1.17
2015.01.20 01:21:38.864,0.96535,0.96549,1.10,2.77
2015.01.20 01:21:39.400,0.96535,0.96544,1.10,1.00
2015.01.20 01:21:39.707,0.96535,0.96544,1.10,1.37
2015.01.20 01:21:39.914,0.96535,0.96544,1.10,1.00
2015.01.20 01:21:40.167,0.96537,0.96549,1.00,3.15
2015.01.20 01:21:40.306,0.96537,0.96549,1.15,1.27
2015.01.20 01:21:40.812,0.96537,0.96549,1.17,1.10
2015.01.20 01:21:41.192,0.96536,0.96549,1.07,1.27
2015.01.20 01:21:47.689,0.96533,0.96549,1.15,4.95
2015.01.20 01:21:54.634,0.96533,0.96549,1.17,5.70
2015.01.20 01:21:54.685,0.96533,0.96545,1.10,1.45
2015.01.20 01:21:54.988,0.9653,0.96544,1.07,2.77
2015.01.20 01:21:55.089,0.96526,0.96541,1.25,1.20
2015.01.20 01:21:55.241,0.96522,0.96537,3.97,1.37
2015.01.20 01:21:55.292,0.96522,0.96537,3.90,1.37
2015.01.20 01:21:55.647,0.96524,0.96539,1.65,1.27
2015.01.20 01:21:55.698,0.96525,0.96539,2.32,1.20
2015.01.20 01:21:56.001,0.96529,0.96543,1.15,1.92
2015.01.20 01:21:56.102,0.96529,0.96543,1.15,1.27
2015.01.20 01:21:56.614,0.96529,0.96543,1.15,1.57
2015.01.20 01:21:59.093,0.96529,0.96544,1.65,2.10
2015.01.20 01:22:04.827,0.96527,0.96542,1.25,1.27
2015.01.20 01:22:05.029,0.96526,0.96542,1.20,3.90
2015.01.20 01:22:05.589,0.96524,0.96539,2.77,1.17
2015.01.20 01:22:05.691,0.96524,0.96538,1.87,3.07
2015.01.20 01:22:05.792,0.96523,0.96536,2.32,1.07
2015.01.20 01:22:05.843,0.96523,0.96536,2.02,1.00
2015.01.20 01:22:06.348,0.96524,0.96539,1.15,1.17
2015.01.20 01:22:08.378,0.96524,0.96538,1.15,1.47
2015.01.20 01:22:08.429,0.96521,0.96534,3.37,3.00
2015.01.20 01:22:08.480,0.9652,0.96534,1.85,3.07
2015.01.20 01:22:08.682,0.9652,0.96532,2.70,1.00
2015.01.20 01:22:08.733,0.96524,0.96536,2.25,5.25
2015.01.20 01:22:09.417,0.96524,0.96537,3.22,1.00
2015.01.20 01:22:09.730,0.96524,0.96535,2.47,1.00
2015.01.20 01:22:09.831,0.96523,0.96535,1.50,1.20
2015.01.20 01:22:10.085,0.9652,0.96532,1.65,1.00
2015.01.20 01:22:10.186,0.9652,0.96532,1.20,1.65
2015.01.20 01:22:10.704,0.96519,0.96532,1.15,1.12
2015.01.20 01:22:11.007,0.96519,0.96533,1.10,2.10
2015.01.20 01:22:11.311,0.96518,0.96531,4.50,1.10
2015.01.20 01:22:11.871,0.96521,0.96532,1.15,1.00
2015.01.20 01:22:12.174,0.96525,0.96532,1.15,1.00
2015.01.20 01:22:12.276,0.96525,0.96535,1.15,1.00
2015.01.20 01:22:12.327,0.96525,0.96535,5.25,1.00
2015.01.20 01:22:12.378,0.96525,0.96539,6.00,3.75
2015.01.20 01:22:13.164,0.96527,0.96543,1.15,1.65
2015.01.20 01:22:13.518,0.96527,0.96542,1.00,5.62
2015.01.20 01:22:13.821,0.96524,0.9654,1.07,3.07
2015.01.20 01:22:14.226,0.96522,0.96538,1.10,3.82
2015.01.20 01:22:16.033,0.96522,0.96539,1.25,1.35
2015.01.20 01:22:16.337,0.96525,0.96539,1.17,1.27
2015.01.20 01:22:16.640,0.96518,0.96534,7.12,1.20
2015.01.20 01:22:16.945,0.96518,0.96533,5.25,3.00
2015.01.20 01:22:16.996,0.96518,0.96533,5.32,2.25
2015.01.20 01:22:17.511,0.96518,0.96533,1.25,2.77
2015.01.20 01:22:17.821,0.9652,0.96533,3.07,3.37
2015.01.20 01:22:18.125,0.96531,0.96541,1.15,1.00
2015.01.20 01:22:18.654,0.96532,0.96541,2.10,1.00
2015.01.20 01:22:18.755,0.96532,0.96549,2.10,1.25
2015.01.20 01:22:18.958,0.96534,0.9655,1.15,2.10
2015.01.20 01:22:19.936,0.96531,0.96547,4.57,1.65
2015.01.20 01:22:20.088,0.9653,0.96543,1.10,1.35
2015.01.20 01:22:20.341,0.96529,0.96543,1.10,4.20
2015.01.20 01:22:20.644,0.96527,0.96539,1.15,1.45
2015.01.20 01:22:20.926,0.96526,0.96538,1.00,1.35
2015.01.20 01:22:21.824,0.96524,0.96538,1.25,1.35
2015.01.20 01:22:22.179,0.96522,0.96536,1.00,1.15
2015.01.20 01:22:22.230,0.96522,0.96536,1.00,3.45
2015.01.20 01:22:22.382,0.96519,0.96532,1.27,1.30
2015.01.20 01:22:22.585,0.96522,0.96533,1.00,1.27
2015.01.20 01:22:22.687,0.9652,0.96532,1.20,1.55
2015.01.20 01:22:22.839,0.9652,0.96534,1.72,1.10
2015.01.20 01:22:23.362,0.9652,0.96534,1.72,1.27
2015.01.20 01:22:23.716,0.96523,0.96534,1.00,1.17
2015.01.20 01:22:24.234,0.96524,0.96536,1.00,1.17
2015.01.20 01:22:26.747,0.96524,0.96536,1.10,1.10
2015.01.20 01:22:27.394,0.96525,0.96539,1.50,1.72
2015.01.20 01:22:27.901,0.96525,0.96537,1.87,1.25
2015.01.20 01:22:28.003,0.96528,0.96537,1.00,1.25
2015.01.20 01:22:28.872,0.96526,0.96537,1.00,1.15
2015.01.20 01:22:31.119,0.96526,0.96539,1.07,3.15
2015.01.20 01:22:31.170,0.96526,0.96539,1.15,1.37
2015.01.20 01:22:33.092,0.96527,0.96539,1.17,1.52
2015.01.20 01:22:33.297,0.96527,0.96537,1.17,1.12
2015.01.20 01:22:35.048,0.96523,0.96537,1.17,2.02
2015.01.20 01:22:35.603,0.96525,0.96536,1.10,1.75
2015.01.20 01:22:36.029,0.96521,0.96532,2.32,1.00
2015.01.20 01:22:36.182,0.96519,0.9653,1.15,1.00
2015.01.20 01:22:36.233,0.9652,0.96534,1.15,2.02
2015.01.20 01:22:36.587,0.9652,0.96534,1.65,1.00
2015.01.20 01:22:37.214,0.96522,0.96535,1.17,1.20
2015.01.20 01:22:39.331,0.96521,0.96534,1.17,2.25
2015.01.20 01:22:39.382,0.96521,0.96533,1.10,2.32
2015.01.20 01:22:39.584,0.96517,0.96531,1.95,1.15
2015.01.20 01:22:39.686,0.96517,0.96531,1.20,1.15
2015.01.20 01:22:39.787,0.96517,0.96531,1.25,1.07
2015.01.20 01:22:40.198,0.96519,0.96533,1.17,1.27
2015.01.20 01:22:41.715,0.96522,0.96535,1.00,1.90
2015.01.20 01:22:41.968,0.96526,0.96539,1.00,3.07
2015.01.20 01:22:42.019,0.96526,0.9654,1.00,3.15
2015.01.20 01:22:42.070,0.96526,0.9654,1.07,1.65
2015.01.20 01:22:42.842,0.9653,0.96542,1.00,3.15
2015.01.20 01:22:42.893,0.9653,0.96542,1.10,1.20
2015.01.20 01:22:44.071,0.9653,0.96542,1.07,1.00
2015.01.20 01:22:44.374,0.96538,0.9655,1.00,3.07
2015.01.20 01:22:44.425,0.96538,0.96552,1.00,2.02
2015.01.20 01:22:44.955,0.96538,0.96552,1.20,1.35
2015.01.20 01:22:45.057,0.9654,0.96552,1.00,1.35
2015.01.20 01:22:45.360,0.96542,0.96554,1.07,1.20
2015.01.20 01:22:45.714,0.96542,0.96556,1.15,1.20
2015.01.20 01:22:46.691,0.96544,0.96558,1.15,1.57
2015.01.20 01:22:46.995,0.96547,0.96559,1.17,1.10
2015.01.20 01:22:47.399,0.96544,0.96558,1.27,1.17
2015.01.20 01:22:47.501,0.96546,0.9656,1.17,1.27
2015.01.20 01:22:48.047,0.96546,0.9656,1.65,1.00
2015.01.20 01:22:48.402,0.96546,0.9656,1.10,1.17
2015.01.20 01:22:49.459,0.96546,0.9656,1.17,1.20
2015.01.20 01:22:49.561,0.96548,0.96563,1.15,1.65
2015.01.20 01:22:49.713,0.9655,0.96565,1.10,1.35
2015.01.20 01:22:49.865,0.9655,0.96565,1.17,1.27
2015.01.20 01:22:50.018,0.96552,0.96566,1.17,1.27
2015.01.20 01:22:55.795,0.96549,0.96564,2.02,1.27
2015.01.20 01:22:56.300,0.96548,0.96564,2.77,1.45
2015.01.20 01:22:56.402,0.96547,0.96564,2.02,3.45
2015.01.20 01:22:56.725,0.96547,0.96564,3.45,1.27
2015.01.20 01:22:57.253,0.96549,0.96564,1.25,1.20
2015.01.20 01:22:57.508,0.9655,0.96567,2.32,1.65
2015.01.20 01:22:59.015,0.96549,0.96566,1.27,1.22
2015.01.20 01:23:01.146,0.96548,0.96564,1.27,1.15
2015.01.20 01:23:01.487,0.96548,0.96563,1.27,3.07
2015.01.20 01:23:01.956,0.96546,0.9656,1.95,3.07
2015.01.20 01:23:02.209,0.96542,0.96559,1.35,2.02
2015.01.20 01:23:02.462,0.96542,0.96557,1.07,1.65
2015.01.20 01:23:02.563,0.96538,0.96556,1.72,1.27
2015.01.20 01:23:03.119,0.96538,0.96554,1.15,3.52
2015.01.20 01:23:03.438,0.96537,0.96551,1.10,1.25
2015.01.20 01:23:03.996,0.96537,0.96551,1.10,1.25
2015.01.20 01:23:04.199,0.96535,0.9655,1.20,1.35
2015.01.20 01:23:05.067,0.96535,0.9655,1.10,3.52
2015.01.20 01:23:08.266,0.96532,0.96548,3.45,1.10
2015.01.20 01:23:08.570,0.96535,0.96551,1.15,1.27
2015.01.20 01:23:08.874,0.9654,0.96552,1.00,1.92
2015.01.20 01:23:09.227,0.96538,0.96551,1.00,1.27
2015.01.20 01:23:10.045,0.96538,0.96551,1.00,3.45
2015.01.20 01:23:10.598,0.96536,0.96548,1.07,1.07
2015.01.20 01:23:11.334,0.9654,0.96549,1.00,1.27
2015.01.20 01:23:11.536,0.96538,0.96549,1.00,1.27
2015.01.20 01:23:13.184,0.96539,0.96549,1.00,1.37
2015.01.20 01:23:13.436,0.96537,0.96549,1.00,1.35
2015.01.20 01:23:13.639,0.96533,0.96546,1.57,1.27
2015.01.20 01:23:14.181,0.96532,0.96544,1.07,1.20
2015.01.20 01:23:14.499,0.96531,0.96544,1.50,1.27
2015.01.20 01:23:15.046,0.9653,0.96544,1.10,1.25
2015.01.20 01:23:15.972,0.9653,0.96544,1.00,3.15
2015.01.20 01:23:17.176,0.96532,0.96544,1.00,2.40
2015.01.20 01:23:17.278,0.96533,0.96547,1.17,1.35
2015.01.20 01:23:18.468,0.96535,0.96547,1.00,1.35
2015.01.20 01:23:18.877,0.96536,0.96547,1.17,1.20
2015.01.20 01:23:19.396,0.96538,0.96551,1.50,2.32
2015.01.20 01:23:21.196,0.96538,0.96551,1.87,2.32
2015.01.20 01:23:21.500,0.96549,0.96558,1.00,1.75
2015.01.20 01:23:24.935,0.96549,0.96561,1.10,1.95
2015.01.20 01:23:24.986,0.96549,0.96561,1.17,1.47
2015.01.20 01:23:25.350,0.96552,0.96562,2.32,1.00
2015.01.20 01:23:25.502,0.96553,0.96565,1.15,1.57
2015.01.20 01:23:25.553,0.96556,0.96565,1.15,1.57
2015.01.20 01:23:25.705,0.96558,0.96568,1.17,1.37
2015.01.20 01:23:25.806,0.96559,0.9657,1.10,1.57
2015.01.20 01:23:25.857,0.96559,0.9657,1.15,1.47
2015.01.20 01:23:26.262,0.96559,0.96573,1.00,1.57
2015.01.20 01:23:26.782,0.96557,0.96572,1.35,1.37
2015.01.20 01:23:27.525,0.96555,0.96569,1.20,1.20
2015.01.20 01:23:27.576,0.96554,0.96569,1.75,3.15
2015.01.20 01:23:27.627,0.96553,0.96568,1.20,1.65
2015.01.20 01:23:27.677,0.9655,0.96566,1.85,1.35
2015.01.20 01:23:27.729,0.9655,0.96565,1.10,1.90
2015.01.20 01:23:28.134,0.9655,0.96562,1.00,2.02
2015.01.20 01:23:28.185,0.96544,0.9656,2.77,2.32
2015.01.20 01:23:28.286,0.96544,0.96558,1.07,1.57
2015.01.20 01:23:28.590,0.96546,0.9656,1.17,1.10
2015.01.20 01:23:28.792,0.96547,0.9656,1.15,1.10
2015.01.20 01:23:29.321,0.9655,0.96563,1.00,1.82
2015.01.20 01:23:29.833,0.9655,0.96563,1.00,1.27
2015.01.20 01:23:31.835,0.96548,0.96562,1.27,1.50
2015.01.20 01:23:32.297,0.9655,0.96564,1.10,1.55
2015.01.20 01:23:33.862,0.9655,0.96562,1.10,1.37
2015.01.20 01:23:35.423,0.9655,0.96562,1.10,1.50
2015.01.20 01:23:37.154,0.9655,0.96558,1.10,1.37
2015.01.20 01:23:37.608,0.96546,0.96558,1.10,1.57
2015.01.20 01:23:37.710,0.96544,0.96553,1.00,1.37
2015.01.20 01:23:37.760,0.96548,0.96553,1.00,1.00
2015.01.20 01:23:37.811,0.96548,0.96553,1.20,1.00
2015.01.20 01:23:37.963,0.96548,0.96562,1.30,1.95
2015.01.20 01:23:38.115,0.9655,0.96562,1.00,2.62
2015.01.20 01:23:38.165,0.9655,0.96562,1.10,1.50
2015.01.20 01:23:38.216,0.96549,0.96562,1.15,1.50
2015.01.20 01:23:38.519,0.96549,0.96559,1.00,1.00
2015.01.20 01:23:39.053,0.9655,0.96559,1.00,1.00
2015.01.20 01:23:39.933,0.96551,0.96559,1.00,1.00
2015.01.20 01:23:40.749,0.96551,0.96558,1.00,1.00
2015.01.20 01:23:40.851,0.96549,0.96558,1.00,1.00
2015.01.20 01:23:41.586,0.96548,0.96558,1.00,1.00
2015.01.20 01:23:42.326,0.96548,0.96558,1.65,1.00
2015.01.20 01:23:42.377,0.96551,0.96565,1.10,2.02
2015.01.20 01:23:42.479,0.96551,0.96565,1.20,1.20
2015.01.20 01:23:43.010,0.96552,0.96566,1.00,1.35
2015.01.20 01:23:43.523,0.96551,0.96565,1.20,1.20
2015.01.20 01:23:45.146,0.9655,0.96563,1.15,1.00
2015.01.20 01:23:45.348,0.96551,0.96565,1.20,1.20
2015.01.20 01:23:46.694,0.96552,0.96566,1.00,1.35
2015.01.20 01:23:46.795,0.96552,0.96566,1.87,1.15
2015.01.20 01:23:47.300,0.9655,0.96564,2.02,1.00
2015.01.20 01:23:52.555,0.96552,0.96564,1.20,1.00
2015.01.20 01:23:53.103,0.96553,0.96564,1.45,1.00
2015.01.20 01:23:53.205,0.96553,0.96567,1.95,1.10
2015.01.20 01:23:55.227,0.96554,0.96568,4.27,1.00
2015.01.20 01:23:55.480,0.9656,0.96574,1.35,1.30
2015.01.20 01:23:55.531,0.96562,0.96574,1.07,1.10
2015.01.20 01:23:55.834,0.96563,0.96576,1.52,1.00
2015.01.20 01:23:56.932,0.96563,0.96575,1.12,3.00
2015.01.20 01:23:57.033,0.96557,0.96571,1.20,1.00
2015.01.20 01:23:57.135,0.96558,0.9657,1.17,1.20
2015.01.20 01:23:57.337,0.96559,0.96573,1.10,3.00
2015.01.20 01:23:57.791,0.96558,0.96571,1.00,1.20
2015.01.20 01:23:58.324,0.96556,0.9657,1.00,1.27
2015.01.20 01:23:58.476,0.96555,0.96567,1.10,1.00
2015.01.20 01:23:58.790,0.96555,0.96567,1.27,1.10
2015.01.20 01:23:58.841,0.96555,0.96567,1.10,1.10
2015.01.20 01:23:59.044,0.96555,0.96567,1.10,2.32
2015.01.20 01:23:59.246,0.96544,0.96558,1.20,2.62
2015.01.20 01:23:59.348,0.96542,0.96556,1.20,1.50
2015.01.20 01:23:59.651,0.96542,0.96556,1.00,3.07
2015.01.20 01:24:02.818,0.96542,0.96555,1.00,1.35
2015.01.20 01:24:03.322,0.9654,0.96554,1.07,1.17
2015.01.20 01:24:04.874,0.9654,0.96554,1.07,1.65
2015.01.20 01:24:05.178,0.96535,0.96546,1.00,1.12
2015.01.20 01:24:05.503,0.96537,0.96547,1.00,1.50
2015.01.20 01:24:05.605,0.96537,0.96548,1.00,1.12
2015.01.20 01:24:07.905,0.96535,0.96547,1.17,1.65
2015.01.20 01:24:08.007,0.96532,0.96543,3.82,1.00
2015.01.20 01:24:08.058,0.9653,0.96543,1.82,1.12
2015.01.20 01:24:08.109,0.96529,0.96543,1.17,1.50
2015.01.20 01:24:08.311,0.96529,0.96543,1.12,1.90
2015.01.20 01:24:08.664,0.96528,0.96542,1.50,1.92
2015.01.20 01:24:10.927,0.96528,0.9654,1.00,2.47
2015.01.20 01:24:11.231,0.96522,0.96534,1.15,2.25
2015.01.20 01:24:11.332,0.96519,0.96532,1.00,1.15
2015.01.20 01:24:11.383,0.96519,0.96532,1.00,1.27
2015.01.20 01:24:11.522,0.96517,0.96531,1.20,1.12
2015.01.20 01:24:12.261,0.96515,0.96532,3.90,1.87
2015.01.20 01:24:12.784,0.96515,0.9653,1.72,1.12
2015.01.20 01:24:14.463,0.96515,0.96528,1.25,1.85
2015.01.20 01:24:15.134,0.96515,0.96526,1.15,1.75
2015.01.20 01:24:15.336,0.96512,0.96525,1.15,1.12
2015.01.20 01:24:15.439,0.96513,0.96526,2.32,1.12
2015.01.20 01:24:15.490,0.96514,0.96526,1.15,1.12
2015.01.20 01:24:15.992,0.96515,0.96526,1.15,1.12
2015.01.20 01:24:17.844,0.96515,0.96524,1.17,1.12
2015.01.20 01:24:18.048,0.96515,0.96524,1.10,1.12
2015.01.20 01:24:18.645,0.96515,0.96524,1.15,1.12
2015.01.20 01:24:21.749,0.96512,0.96524,1.65,1.12
2015.01.20 01:24:28.175,0.96509,0.96523,1.50,1.62
2015.01.20 01:24:28.277,0.96509,0.96523,1.15,2.32
2015.01.20 01:24:28.580,0.96513,0.96526,1.57,2.25
2015.01.20 01:24:28.902,0.9651,0.9652,1.15,1.12
2015.01.20 01:24:28.952,0.9651,0.96524,1.15,1.12
2015.01.20 01:24:37.796,0.9651,0.96524,1.00,1.27
2015.01.20 01:24:37.998,0.9651,0.96522,1.00,1.20
2015.01.20 01:24:38.150,0.96507,0.96519,1.07,1.10
2015.01.20 01:24:38.201,0.96507,0.96518,1.07,1.75
2015.01.20 01:24:39.405,0.96507,0.96516,1.07,1.75
2015.01.20 01:24:40.124,0.9651,0.96516,1.00,1.75
2015.01.20 01:24:40.873,0.96511,0.96516,1.00,1.60
2015.01.20 01:24:40.975,0.96511,0.96518,1.00,1.12
2015.01.20 01:24:41.576,0.9651,0.96518,1.00,1.12
2015.01.20 01:24:42.095,0.96512,0.96518,1.00,1.12
2015.01.20 01:24:44.722,0.96511,0.96518,1.00,1.12
2015.01.20 01:24:46.041,0.96508,0.96518,1.10,1.12
2015.01.20 01:24:46.586,0.96509,0.96518,1.00,1.12
2015.01.20 01:24:47.196,0.96512,0.96518,2.17,1.12
2015.01.20 01:24:47.247,0.96512,0.9652,2.32,1.12
2015.01.20 01:24:47.450,0.96513,0.96524,1.65,1.75
2015.01.20 01:24:47.903,0.96513,0.96521,1.15,1.37
2015.01.20 01:24:48.004,0.96509,0.9652,1.00,1.47
2015.01.20 01:24:48.055,0.96512,0.9652,1.00,1.47
2015.01.20 01:24:48.358,0.96513,0.96522,1.15,1.12
2015.01.20 01:24:53.483,0.96512,0.96524,1.15,1.12
2015.01.20 01:24:54.001,0.96512,0.96525,1.15,1.75
2015.01.20 01:24:56.484,0.96512,0.96524,1.65,1.75
2015.01.20 01:24:57.035,0.96514,0.96526,1.20,1.12
2015.01.20 01:24:58.252,0.96516,0.96526,1.00,1.12
2015.01.20 01:25:00.233,0.96515,0.96526,1.00,1.12
2015.01.20 01:25:00.536,0.96517,0.96526,1.00,1.12
2015.01.20 01:25:01.040,0.96516,0.96526,1.00,1.12
2015.01.20 01:25:01.572,0.96515,0.96526,1.12,1.12
2015.01.20 01:25:04.168,0.96515,0.96528,1.00,3.00
2015.01.20 01:25:04.522,0.96517,0.96528,1.00,3.00
2015.01.20 01:25:04.623,0.96517,0.96528,1.00,1.20
2015.01.20 01:25:04.876,0.96516,0.96531,1.20,1.27
2015.01.20 01:25:04.927,0.96516,0.96531,1.27,1.20
2015.01.20 01:25:05.230,0.96524,0.96533,1.17,1.75
2015.01.20 01:25:05.281,0.96524,0.96537,1.15,1.12
2015.01.20 01:25:05.383,0.96525,0.9654,1.25,1.52
2015.01.20 01:25:05.535,0.9653,0.9654,1.10,1.12
2015.01.20 01:25:05.585,0.9653,0.96544,1.20,2.25
2015.01.20 01:25:05.687,0.9653,0.96543,1.20,1.12
2015.01.20 01:25:05.839,0.9653,0.96544,1.20,1.87
2015.01.20 01:25:06.042,0.9653,0.96542,1.20,1.12
2015.01.20 01:25:08.737,0.9653,0.96542,1.17,1.12
2015.01.20 01:25:08.990,0.96536,0.96552,4.27,1.12
2015.01.20 01:25:09.142,0.9654,0.96553,1.10,1.12
2015.01.20 01:25:09.672,0.9654,0.96554,1.10,1.12
2015.01.20 01:25:10.313,0.9654,0.96554,1.20,3.00
2015.01.20 01:25:11.337,0.96541,0.96554,1.12,1.20
2015.01.20 01:25:11.590,0.96538,0.96554,2.02,1.20
2015.01.20 01:25:16.810,0.96538,0.96555,1.65,1.27
2015.01.20 01:25:18.360,0.96538,0.96554,2.00,1.07
2015.01.20 01:25:18.512,0.96544,0.96557,1.00,1.72
2015.01.20 01:25:18.714,0.96548,0.96564,2.40,3.37
2015.01.20 01:25:18.816,0.96549,0.96564,1.27,2.62
2015.01.20 01:25:19.069,0.96549,0.96565,1.25,1.55
2015.01.20 01:25:19.574,0.96549,0.96567,1.90,1.65
2015.01.20 01:25:20.184,0.9655,0.96567,1.95,1.60
2015.01.20 01:25:20.567,0.9655,0.96565,1.95,1.57
2015.01.20 01:25:21.355,0.96549,0.96564,1.12,2.70
2015.01.20 01:25:21.456,0.96546,0.96563,2.02,1.47
2015.01.20 01:25:21.507,0.96545,0.96563,1.90,1.95
2015.01.20 01:25:21.558,0.96545,0.96562,1.90,1.50
2015.01.20 01:25:21.761,0.96542,0.96561,2.02,2.02
2015.01.20 01:25:21.863,0.96547,0.96559,2.70,1.12
2015.01.20 01:25:22.166,0.96554,0.96565,1.15,1.07
2015.01.20 01:25:22.318,0.96552,0.96569,1.90,1.75
2015.01.20 01:25:23.640,0.96553,0.9657,3.52,1.20
2015.01.20 01:25:23.824,0.96557,0.96571,1.17,1.50
2015.01.20 01:25:23.976,0.96557,0.96574,1.90,2.62
2015.01.20 01:25:24.429,0.96558,0.96575,1.72,1.17
2015.01.20 01:25:25.121,0.96558,0.96576,2.40,1.27
2015.01.20 01:25:26.332,0.96558,0.96576,2.40,1.60
2015.01.20 01:25:26.871,0.96558,0.96576,2.40,3.45
2015.01.20 01:25:28.136,0.96557,0.96573,2.00,1.27
2015.01.20 01:25:28.288,0.96556,0.96573,1.35,2.40
2015.01.20 01:25:28.809,0.96555,0.96571,1.55,1.65
2015.01.20 01:25:29.580,0.96555,0.96571,1.12,3.82
2015.01.20 01:25:29.837,0.96553,0.96571,2.02,3.82
2015.01.20 01:25:33.986,0.96554,0.96569,1.12,1.90
2015.01.20 01:25:34.605,0.96554,0.96569,1.12,1.35
2015.01.20 01:25:38.615,0.96552,0.96568,1.00,1.22
2015.01.20 01:25:38.717,0.96553,0.96567,1.00,2.02
2015.01.20 01:25:38.768,0.96549,0.96566,2.47,1.45
2015.01.20 01:25:38.869,0.96549,0.96566,1.10,2.02
2015.01.20 01:25:39.408,0.96547,0.96564,1.37,1.92
2015.01.20 01:25:45.831,0.96549,0.96564,1.00,1.92
2015.01.20 01:25:46.381,0.9655,0.96563,1.00,1.20
2015.01.20 01:25:47.151,0.96548,0.96564,1.10,1.92
2015.01.20 01:25:47.732,0.96546,0.96564,1.57,2.02
2015.01.20 01:25:47.834,0.96551,0.96563,1.00,1.12
2015.01.20 01:25:47.986,0.96552,0.96565,1.00,1.12
2015.01.20 01:25:48.340,0.96552,0.96566,1.12,1.07
2015.01.20 01:25:48.815,0.96554,0.96567,1.15,1.12
2015.01.20 01:25:48.967,0.96554,0.96571,2.02,1.22
2015.01.20 01:25:49.522,0.96557,0.96571,1.00,1.22
2015.01.20 01:25:49.624,0.96557,0.96571,1.15,1.07
2015.01.20 01:25:49.927,0.96561,0.96575,1.25,1.20
2015.01.20 01:25:49.978,0.96561,0.96576,1.25,1.57
2015.01.20 01:25:50.151,0.96561,0.96575,1.25,1.37
2015.01.20 01:25:51.825,0.96561,0.96575,1.10,1.12
2015.01.20 01:25:51.977,0.96561,0.96576,1.57,1.07
2015.01.20 01:25:52.028,0.96561,0.96578,2.25,1.50
2015.01.20 01:25:52.551,0.96563,0.96578,1.10,1.17
2015.01.20 01:25:54.902,0.96561,0.96578,1.12,1.27
2015.01.20 01:25:55.649,0.96562,0.96579,1.57,1.47
2015.01.20 01:25:56.004,0.96566,0.96579,1.12,1.37
2015.01.20 01:25:56.307,0.96564,0.96578,1.12,1.37
2015.01.20 01:25:56.654,0.96569,0.96581,1.00,1.07
2015.01.20 01:25:57.172,0.96568,0.96582,1.12,1.65
2015.01.20 01:25:57.550,0.96567,0.96582,1.00,1.72
2015.01.20 01:25:58.298,0.96566,0.96582,1.10,1.72
2015.01.20 01:25:58.502,0.96567,0.96583,1.87,1.12
2015.01.20 01:25:59.008,0.96567,0.96583,1.20,1.20
2015.01.20 01:25:59.518,0.96567,0.96583,1.95,1.12
2015.01.20 01:26:07.623,0.96569,0.96583,1.00,1.87
2015.01.20 01:26:08.153,0.96568,0.96583,1.10,1.95
2015.01.20 01:26:08.658,0.96569,0.96583,1.00,1.12
2015.01.20 01:26:08.963,0.96573,0.96587,1.00,1.12
2015.01.20 01:26:09.373,0.96573,0.96588,1.95,1.12
2015.01.20 01:26:09.950,0.96573,0.96586,1.15,1.07
2015.01.20 01:26:10.461,0.96573,0.96586,1.20,1.07
2015.01.20 01:26:10.562,0.9657,0.96586,1.27,1.55
2015.01.20 01:26:10.614,0.9657,0.96585,1.20,1.20
2015.01.20 01:26:10.917,0.96569,0.96582,1.07,1.20
2015.01.20 01:26:11.372,0.96573,0.96582,1.00,1.12
2015.01.20 01:26:11.525,0.96573,0.96585,1.00,1.57
2015.01.20 01:26:11.828,0.96571,0.96585,1.10,1.50
2015.01.20 01:26:16.280,0.96571,0.96585,1.07,2.02
2015.01.20 01:26:17.681,0.96571,0.96583,1.17,1.47
2015.01.20 01:26:17.833,0.96569,0.96583,1.30,1.47
2015.01.20 01:26:18.187,0.9657,0.96582,1.00,1.55
2015.01.20 01:26:18.646,0.96567,0.9658,1.00,1.30
2015.01.20 01:26:18.697,0.96567,0.9658,1.00,1.27
2015.01.20 01:26:19.555,0.9657,0.96579,1.00,1.27
2015.01.20 01:26:19.842,0.96567,0.96579,1.00,1.27
2015.01.20 01:26:20.562,0.96567,0.96577,1.00,2.40
2015.01.20 01:26:20.613,0.96565,0.96577,1.00,2.40
2015.01.20 01:26:21.941,0.96564,0.96574,1.00,1.17
2015.01.20 01:26:22.282,0.96568,0.96574,1.00,1.17
2015.01.20 01:26:25.032,0.96566,0.96574,1.00,1.17
2015.01.20 01:26:25.083,0.96566,0.96576,1.00,1.45
2015.01.20 01:26:25.597,0.96566,0.96574,1.00,1.10
2015.01.20 01:26:26.188,0.96567,0.96574,1.00,1.10
2015.01.20 01:26:26.627,0.96567,0.96576,1.00,1.10
2015.01.20 01:26:26.678,0.96567,0.96576,1.00,1.17
2015.01.20 01:26:27.266,0.96567,0.96573,1.00,1.00
2015.01.20 01:26:27.929,0.96566,0.96573,1.00,1.00
2015.01.20 01:26:28.730,0.96565,0.96573,1.00,1.00
2015.01.20 01:26:29.893,0.96565,0.96573,1.00,1.15
2015.01.20 01:26:29.994,0.96565,0.96573,1.00,1.00
2015.01.20 01:26:30.399,0.9656,0.96573,1.00,1.00
2015.01.20 01:26:32.288,0.9656,0.96573,1.50,1.00
2015.01.20 01:26:32.596,0.9656,0.96569,1.87,1.00
2015.01.20 01:26:33.513,0.96558,0.96569,1.20,1.20
2015.01.20 01:26:33.563,0.96557,0.96567,1.12,1.00
2015.01.20 01:26:33.665,0.96554,0.96567,1.27,1.00
2015.01.20 01:26:33.715,0.96553,0.96567,1.87,1.15
2015.01.20 01:26:33.817,0.96551,0.96565,3.00,1.10
2015.01.20 01:26:34.070,0.96551,0.96565,1.10,1.27
2015.01.20 01:26:34.121,0.9655,0.96561,1.27,1.00
2015.01.20 01:26:38.310,0.96547,0.96564,7.50,2.25
2015.01.20 01:26:41.871,0.96548,0.96564,3.60,1.87
2015.01.20 01:26:42.225,0.96549,0.96564,1.27,1.00
2015.01.20 01:26:46.602,0.9655,0.9656,1.82,1.12
2015.01.20 01:26:46.755,0.96542,0.96557,1.35,1.87
2015.01.20 01:26:46.857,0.96541,0.96554,3.22,1.00
2015.01.20 01:26:47.111,0.96539,0.96555,1.65,1.57
2015.01.20 01:26:47.262,0.96539,0.96555,1.20,2.40
2015.01.20 01:26:47.813,0.96537,0.96551,2.02,1.00
2015.01.20 01:26:48.944,0.96537,0.96551,4.20,1.00
2015.01.20 01:26:50.721,0.96537,0.96551,1.65,1.00
2015.01.20 01:26:52.212,0.96537,0.96554,1.65,3.07
2015.01.20 01:26:56.517,0.96537,0.96551,1.65,1.00
2015.01.20 01:26:58.702,0.96537,0.96551,1.15,1.87
2015.01.20 01:26:59.242,0.96537,0.96552,1.27,1.75
2015.01.20 01:26:59.344,0.96536,0.96552,1.72,1.20
2015.01.20 01:26:59.647,0.96537,0.96553,1.27,1.35
2015.01.20 01:26:59.749,0.96537,0.96553,1.35,1.35
2015.01.20 01:26:59.951,0.96537,0.96552,2.32,1.50
2015.01.20 01:27:00.352,0.96539,0.96551,1.15,1.12
2015.01.20 01:27:00.504,0.96539,0.96553,1.15,1.20
2015.01.20 01:27:00.758,0.96539,0.96553,1.15,1.85
2015.01.20 01:27:01.748,0.96539,0.96553,1.15,1.50
2015.01.20 01:27:02.261,0.96539,0.96553,1.00,1.35
2015.01.20 01:27:04.756,0.9654,0.96553,1.00,1.35
2015.01.20 01:27:05.060,0.9654,0.96553,1.00,2.02
2015.01.20 01:27:05.883,0.9654,0.96553,1.27,1.20
2015.01.20 01:27:06.186,0.96537,0.96553,2.17,3.15
2015.01.20 01:27:08.161,0.96539,0.96553,1.00,2.40
2015.01.20 01:27:09.900,0.96538,0.96553,1.20,2.40
2015.01.20 01:27:10.361,0.96538,0.9655,1.10,1.45
2015.01.20 01:27:10.513,0.96533,0.96546,1.00,1.45
2015.01.20 01:27:10.665,0.96528,0.96542,1.57,1.00
2015.01.20 01:27:11.210,0.96528,0.96542,1.20,1.10
2015.01.20 01:27:12.961,0.96528,0.96542,1.20,1.47
2015.01.20 01:27:13.526,0.9653,0.96542,1.00,1.47
2015.01.20 01:27:15.370,0.96529,0.96542,1.00,1.47
2015.01.20 01:27:16.603,0.9653,0.96542,1.00,1.10
2015.01.20 01:27:16.704,0.9653,0.96542,1.00,1.47
2015.01.20 01:27:17.872,0.9653,0.96541,1.10,1.52
2015.01.20 01:27:18.377,0.96528,0.9654,1.10,1.37
2015.01.20 01:27:19.161,0.96527,0.96542,1.20,1.95
2015.01.20 01:27:19.566,0.96526,0.96542,2.47,1.47
2015.01.20 01:27:19.718,0.96526,0.9654,2.32,1.57
2015.01.20 01:27:21.600,0.96526,0.96539,1.72,1.07
2015.01.20 01:27:21.801,0.96525,0.96536,1.95,1.00
2015.01.20 01:27:22.311,0.96525,0.96536,1.65,1.00
2015.01.20 01:27:22.563,0.96525,0.96538,1.65,1.10
2015.01.20 01:27:25.876,0.96527,0.96541,1.20,2.47
2015.01.20 01:27:26.980,0.96527,0.96541,1.20,1.72
2015.01.20 01:27:27.858,0.96528,0.96541,2.02,1.57
2015.01.20 01:27:28.579,0.96528,0.96541,1.27,1.57
2015.01.20 01:27:29.120,0.96526,0.9654,1.65,1.20
2015.01.20 01:27:30.371,0.96528,0.9654,1.00,1.20
2015.01.20 01:27:30.674,0.96528,0.9654,1.00,1.17
2015.01.20 01:27:30.978,0.96526,0.96535,1.00,1.00
2015.01.20 01:27:31.372,0.96525,0.96535,1.00,1.07
2015.01.20 01:27:31.590,0.96521,0.96535,2.25,1.17
2015.01.20 01:27:31.742,0.96521,0.96535,1.10,1.17
2015.01.20 01:27:32.452,0.96519,0.96535,1.57,2.77
2015.01.20 01:27:34.341,0.96517,0.96532,1.90,1.00
2015.01.20 01:27:35.181,0.96517,0.96532,2.40,1.37
2015.01.20 01:27:35.303,0.96517,0.96532,1.90,1.37
2015.01.20 01:27:35.779,0.96517,0.96531,1.85,1.45
2015.01.20 01:27:36.031,0.96516,0.96528,1.10,1.17
2015.01.20 01:27:36.832,0.96516,0.96528,1.12,1.55
2015.01.20 01:27:36.985,0.96515,0.96528,1.57,1.55
2015.01.20 01:27:37.754,0.96517,0.96528,1.10,1.55
2015.01.20 01:27:38.295,0.96514,0.96529,1.72,1.87
2015.01.20 01:27:38.632,0.96515,0.96529,1.20,1.37
2015.01.20 01:27:38.942,0.96515,0.96529,1.20,1.37
2015.01.20 01:27:39.045,0.96515,0.96529,1.20,1.37
2015.01.20 01:27:39.725,0.96515,0.96529,1.20,1.37
2015.01.20 01:27:40.232,0.96517,0.96529,1.00,1.37
2015.01.20 01:27:40.743,0.96515,0.96529,1.20,1.37
2015.01.20 01:27:42.000,0.96515,0.96531,1.20,1.65
2015.01.20 01:27:42.699,0.96518,0.96531,1.00,1.57
2015.01.20 01:27:43.204,0.96516,0.96532,1.25,2.10
2015.01.20 01:27:43.507,0.96519,0.96534,3.07,1.12
2015.01.20 01:27:43.761,0.96522,0.96537,1.15,1.50
2015.01.20 01:27:43.913,0.96522,0.96539,2.10,1.27
2015.01.20 01:27:45.830,0.96522,0.96535,3.07,2.62
2015.01.20 01:27:45.982,0.96516,0.9653,2.32,1.12
2015.01.20 01:27:46.034,0.96516,0.96529,1.00,1.27
2015.01.20 01:27:46.236,0.96514,0.96529,1.00,2.77
2015.01.20 01:27:46.338,0.96512,0.96528,1.10,1.35
2015.01.20 01:27:46.500,0.96512,0.96528,1.00,1.35
2015.01.20 01:27:47.215,0.9651,0.96527,1.27,1.25
2015.01.20 01:27:47.626,0.9651,0.96527,1.30,3.15
2015.01.20 01:27:47.930,0.9651,0.96527,1.17,1.25
2015.01.20 01:27:48.485,0.9651,0.96527,1.25,1.35
2015.01.20 01:27:49.181,0.9651,0.96527,1.90,1.65
2015.01.20 01:27:49.723,0.96512,0.96529,1.72,2.77
2015.01.20 01:27:50.181,0.96512,0.96526,1.15,1.12
2015.01.20 01:27:50.848,0.96512,0.96526,1.00,1.55
2015.01.20 01:27:51.253,0.96509,0.96524,1.10,1.57
2015.01.20 01:27:53.514,0.96508,0.96522,1.27,1.17
2015.01.20 01:27:54.032,0.96508,0.96522,1.07,2.70
2015.01.20 01:28:00.140,0.96512,0.96522,1.00,1.82
2015.01.20 01:28:00.646,0.96512,0.96523,1.00,2.02
2015.01.20 01:28:03.706,0.9651,0.96523,1.00,2.02
2015.01.20 01:28:04.214,0.96509,0.96522,1.00,2.10
2015.01.20 01:28:04.779,0.96509,0.96523,1.00,3.15
2015.01.20 01:28:05.294,0.9651,0.96523,1.00,3.15
2015.01.20 01:28:07.328,0.96513,0.96523,1.00,2.77
2015.01.20 01:28:07.480,0.96515,0.96527,1.10,1.57
2015.01.20 01:28:07.582,0.96515,0.9653,1.15,2.25
2015.01.20 01:28:08.088,0.96518,0.96531,1.00,1.90
2015.01.20 01:28:08.593,0.96518,0.96531,1.00,2.02
2015.01.20 01:28:08.997,0.96518,0.9653,1.00,1.45
2015.01.20 01:28:10.570,0.96518,0.9653,1.00,1.95
2015.01.20 01:28:10.812,0.96511,0.96525,2.40,1.00
2015.01.20 01:28:10.964,0.96511,0.96526,2.32,1.27
2015.01.20 01:28:11.065,0.96511,0.96524,1.20,1.17
2015.01.20 01:28:11.167,0.96514,0.96521,1.00,1.00
2015.01.20 01:28:11.370,0.96511,0.96521,1.00,1.07
2015.01.20 01:28:11.572,0.96513,0.96521,1.00,1.00
2015.01.20 01:28:12.079,0.96514,0.96522,1.00,1.00
2015.01.20 01:28:12.597,0.96515,0.96525,1.00,1.15
2015.01.20 01:28:12.902,0.96517,0.96525,1.00,1.07
2015.01.20 01:28:13.054,0.96517,0.96526,1.00,1.27
2015.01.20 01:28:13.357,0.96515,0.96526,1.00,1.20
2015.01.20 01:28:14.551,0.96514,0.96526,1.00,1.10
2015.01.20 01:28:14.754,0.96514,0.96526,1.00,1.17
2015.01.20 01:28:14.805,0.96512,0.96526,1.57,1.25
2015.01.20 01:28:15.008,0.96514,0.96524,1.00,1.07
2015.01.20 01:28:15.312,0.96513,0.96521,1.00,1.10
2015.01.20 01:28:15.989,0.96512,0.96521,1.00,1.10
2015.01.20 01:28:16.494,0.96513,0.96523,1.00,1.17
2015.01.20 01:28:16.661,0.96511,0.96523,1.00,1.27
2015.01.20 01:28:17.380,0.96511,0.96523,3.00,1.20
2015.01.20 01:28:17.482,0.96514,0.96528,1.65,1.87
2015.01.20 01:28:17.684,0.96515,0.96524,1.20,1.00
2015.01.20 01:28:17.786,0.96513,0.96524,1.10,1.10
2015.01.20 01:28:17.988,0.96513,0.96523,1.00,1.07
2015.01.20 01:28:19.302,0.96513,0.96523,1.00,1.17
2015.01.20 01:28:19.829,0.96514,0.96523,1.00,1.10
2015.01.20 01:28:20.372,0.96515,0.96523,1.00,1.10
2015.01.20 01:28:20.676,0.96517,0.96523,1.00,1.10
2015.01.20 01:28:21.055,0.96519,0.96523,1.00,1.00
2015.01.20 01:28:21.308,0.96521,0.96533,1.12,1.65
2015.01.20 01:28:21.411,0.96524,0.96535,1.12,1.17
2015.01.20 01:28:21.462,0.96524,0.96535,1.20,1.10
2015.01.20 01:28:21.513,0.96527,0.96535,1.00,1.10
2015.01.20 01:28:21.817,0.96526,0.96534,1.20,1.17
2015.01.20 01:28:22.071,0.96526,0.96537,1.00,1.00
2015.01.20 01:28:22.172,0.96528,0.96537,1.00,1.00
2015.01.20 01:28:22.476,0.9652,0.96527,1.00,1.00
2015.01.20 01:28:22.578,0.96517,0.96525,1.00,1.00
2015.01.20 01:28:22.931,0.96511,0.96522,1.27,1.00
2015.01.20 01:28:23.437,0.9651,0.96522,3.15,1.00
2015.01.20 01:28:23.960,0.9651,0.96522,1.07,1.00
2015.01.20 01:28:25.582,0.96511,0.96525,2.02,1.12
2015.01.20 01:28:26.101,0.96511,0.96525,2.40,1.00
2015.01.20 01:28:26.799,0.96515,0.96528,1.00,1.95
2015.01.20 01:28:27.350,0.96513,0.96527,1.00,2.02
2015.01.20 01:28:27.451,0.96512,0.96526,1.00,2.02
2015.01.20 01:28:28.041,0.96512,0.96526,1.07,1.95
2015.01.20 01:28:28.092,0.96512,0.96526,1.25,1.50
2015.01.20 01:28:28.244,0.96515,0.96529,1.00,2.02
2015.01.20 01:28:30.752,0.96514,0.96526,1.00,1.00
2015.01.20 01:28:30.954,0.96514,0.96526,1.00,1.17
2015.01.20 01:28:31.005,0.96511,0.96525,1.50,1.15
2015.01.20 01:28:31.511,0.96511,0.96525,1.95,1.07
2015.01.20 01:28:31.625,0.96514,0.96526,1.00,1.20
2015.01.20 01:28:34.190,0.96514,0.96526,1.17,1.00
2015.01.20 01:28:35.721,0.96515,0.96526,1.45,1.00
2015.01.20 01:28:36.025,0.96518,0.96532,1.17,1.20
2015.01.20 01:28:38.019,0.96518,0.96532,1.20,1.10
2015.01.20 01:28:38.709,0.96518,0.96532,3.52,1.10
2015.01.20 01:28:38.912,0.96526,0.96537,1.10,1.00
2015.01.20 01:28:39.265,0.96524,0.96538,1.10,1.20
2015.01.20 01:28:39.468,0.96523,0.96537,1.20,1.20
2015.01.20 01:28:40.533,0.96521,0.96533,1.27,1.00
2015.01.20 01:28:40.837,0.96526,0.96538,1.15,1.20
2015.01.20 01:28:41.140,0.96528,0.9654,1.15,1.87
2015.01.20 01:28:41.292,0.96531,0.96542,1.10,1.75
2015.01.20 01:28:42.372,0.96531,0.96542,1.52,1.57
2015.01.20 01:28:42.423,0.96533,0.96544,1.57,1.87
2015.01.20 01:28:42.474,0.96538,0.96544,4.35,1.50
2015.01.20 01:28:42.575,0.96538,0.9655,1.65,1.47
2015.01.20 01:28:42.626,0.96542,0.9655,1.00,1.12
2015.01.20 01:28:42.677,0.96542,0.96552,1.15,1.12
2015.01.20 01:28:42.728,0.96542,0.96554,1.15,1.87
2015.01.20 01:28:42.779,0.96545,0.96555,1.10,1.12
2015.01.20 01:28:42.981,0.9654,0.96554,1.10,1.37
2015.01.20 01:28:43.185,0.96543,0.96556,1.00,1.72
2015.01.20 01:28:43.389,0.96544,0.96558,1.07,1.82
2015.01.20 01:28:43.642,0.96545,0.9656,1.10,2.70
2015.01.20 01:28:43.709,0.96545,0.96558,1.00,3.82
2015.01.20 01:28:43.760,0.96541,0.96555,1.72,1.65
2015.01.20 01:28:43.963,0.96541,0.96555,1.20,1.17
2015.01.20 01:28:44.266,0.96541,0.96555,1.10,1.85
2015.01.20 01:28:46.286,0.96538,0.96554,1.07,2.02
2015.01.20 01:28:47.489,0.96538,0.96554,1.95,1.27
2015.01.20 01:28:50.084,0.96538,0.96554,1.95,1.20
2015.01.20 01:28:57.086,0.96538,0.96554,2.02,1.27
2015.01.20 01:28:57.593,0.96538,0.96553,1.27,1.07
2015.01.20 01:28:58.158,0.96538,0.96553,1.17,1.95
2015.01.20 01:29:00.825,0.96539,0.96555,1.20,3.60
2015.01.20 01:29:00.926,0.96537,0.96553,1.87,3.82
2015.01.20 01:29:01.028,0.96534,0.96548,1.87,1.10
2015.01.20 01:29:01.231,0.96531,0.96548,2.32,2.10
2015.01.20 01:29:01.333,0.9653,0.96546,2.70,1.25
2015.01.20 01:29:01.485,0.9653,0.96546,1.20,1.72
2015.01.20 01:29:02.332,0.96529,0.96544,1.10,2.02
2015.01.20 01:29:02.635,0.96528,0.96542,1.20,1.57
2015.01.20 01:29:02.898,0.96528,0.96542,1.07,1.20
2015.01.20 01:29:05.298,0.96525,0.9654,1.20,1.07
2015.01.20 01:29:05.602,0.96525,0.96537,1.00,1.65
2015.01.20 01:29:05.653,0.96523,0.96535,1.00,1.00
2015.01.20 01:29:06.176,0.96524,0.96537,1.00,1.17
2015.01.20 01:29:06.942,0.96524,0.96537,1.17,1.07
2015.01.20 01:29:07.194,0.96526,0.9654,1.10,1.57
2015.01.20 01:29:08.320,0.96526,0.9654,1.25,1.50
2015.01.20 01:29:08.573,0.96531,0.96543,1.00,1.20
2015.01.20 01:29:08.928,0.96531,0.96545,1.10,1.20
2015.01.20 01:29:09.030,0.96533,0.96545,1.00,1.20
2015.01.20 01:29:13.638,0.96535,0.96545,1.00,1.12
2015.01.20 01:29:14.162,0.96536,0.96545,1.00,1.10
2015.01.20 01:29:14.665,0.96535,0.96545,1.00,1.10
2015.01.20 01:29:16.837,0.96537,0.96545,1.00,1.00
2015.01.20 01:29:18.124,0.96536,0.96545,1.00,1.00
2015.01.20 01:29:18.633,0.96537,0.96545,1.00,1.00
2015.01.20 01:29:19.260,0.96536,0.96545,1.00,1.00
2015.01.20 01:29:19.589,0.96538,0.96545,1.00,1.00
2015.01.20 01:29:19.690,0.96539,0.9655,1.00,1.12
2015.01.20 01:29:20.146,0.96541,0.9655,1.00,1.00
2015.01.20 01:29:20.999,0.9654,0.9655,1.10,1.00
2015.01.20 01:29:23.199,0.96542,0.96547,1.00,1.00
2015.01.20 01:29:23.351,0.96532,0.96546,1.65,1.27
2015.01.20 01:29:23.555,0.96532,0.96544,1.87,1.57
2015.01.20 01:29:23.656,0.9653,0.96544,1.12,1.57
2015.01.20 01:29:24.243,0.9653,0.96543,1.00,1.37
2015.01.20 01:29:27.268,0.9653,0.96543,1.00,1.00
2015.01.20 01:29:27.876,0.9653,0.96544,1.00,1.27
2015.01.20 01:29:30.185,0.9653,0.96544,1.17,1.20
2015.01.20 01:29:30.821,0.9653,0.96544,1.17,1.47
2015.01.20 01:29:32.577,0.9653,0.96544,1.17,1.47
2015.01.20 01:29:35.670,0.96531,0.96545,1.27,1.57
2015.01.20 01:29:35.755,0.96531,0.96545,1.37,1.20
2015.01.20 01:29:36.167,0.96533,0.96547,1.27,1.27
2015.01.20 01:29:36.319,0.96533,0.96547,1.25,1.95
2015.01.20 01:29:36.838,0.96533,0.96546,1.15,1.12
2015.01.20 01:29:37.822,0.96533,0.96546,1.00,1.65
2015.01.20 01:29:37.923,0.96531,0.96545,1.20,1.57
2015.01.20 01:29:39.930,0.96531,0.96545,1.20,1.95
2015.01.20 01:29:48.944,0.96529,0.96543,1.17,1.95
2015.01.20 01:29:49.980,0.96529,0.96543,1.15,1.95
2015.01.20 01:29:50.441,0.96532,0.96544,1.15,1.45
2015.01.20 01:29:52.170,0.96532,0.96546,1.15,1.87
2015.01.20 01:29:53.368,0.96532,0.96546,1.15,1.87
2015.01.20 01:29:55.797,0.96534,0.96546,1.00,1.12
2015.01.20 01:30:00.760,0.96536,0.96548,1.00,1.35
2015.01.20 01:30:02.359,0.96536,0.96548,1.00,1.35
2015.01.20 01:30:03.581,0.96536,0.9655,1.00,1.72
2015.01.20 01:30:05.058,0.96536,0.9655,1.20,1.25
2015.01.20 01:30:05.574,0.96536,0.9655,1.10,1.57
2015.01.20 01:30:05.726,0.96536,0.9655,1.07,1.57
2015.01.20 01:30:05.777,0.96536,0.9655,1.15,1.10
2015.01.20 01:30:05.828,0.96537,0.96551,3.07,1.20
2015.01.20 01:30:08.980,0.9654,0.96552,1.25,1.12
2015.01.20 01:30:10.610,0.96541,0.96552,2.70,1.00
2015.01.20 01:30:10.865,0.96545,0.96557,1.17,1.12
2015.01.20 01:30:10.916,0.96545,0.96557,3.07,1.12
2015.01.20 01:30:10.967,0.96547,0.96558,1.15,1.10
2015.01.20 01:30:11.018,0.96547,0.96561,1.15,1.00
2015.01.20 01:30:11.069,0.96549,0.96563,1.27,1.20
2015.01.20 01:30:11.423,0.96549,0.96563,1.17,2.32
2015.01.20 01:30:11.726,0.96549,0.96561,1.20,1.47
2015.01.20 01:30:12.215,0.96547,0.96559,1.10,1.10
2015.01.20 01:30:12.417,0.96545,0.96557,1.15,1.00
2015.01.20 01:30:13.051,0.96545,0.96557,1.00,1.10
2015.01.20 01:30:14.813,0.96542,0.96556,1.35,1.00
2015.01.20 01:30:15.116,0.96541,0.96554,1.95,1.00
2015.01.20 01:30:15.419,0.96544,0.96556,2.62,1.12
2015.01.20 01:30:15.571,0.96548,0.9656,1.10,1.12
2015.01.20 01:30:15.622,0.96548,0.96561,1.10,1.95
2015.01.20 01:30:15.723,0.96549,0.96561,1.00,1.20
2015.01.20 01:30:16.240,0.96547,0.96561,1.00,1.27
2015.01.20 01:30:17.388,0.96547,0.96559,1.00,1.00
2015.01.20 01:30:18.450,0.96547,0.96559,1.00,1.15
2015.01.20 01:30:18.552,0.96544,0.96558,1.20,1.20
2015.01.20 01:30:19.518,0.96544,0.96558,1.20,1.20
2015.01.20 01:30:20.060,0.96548,0.96559,1.10,1.10
2015.01.20 01:30:20.586,0.96548,0.9656,1.95,1.00
2015.01.20 01:30:21.859,0.96549,0.96563,1.10,1.20
2015.01.20 01:30:22.373,0.96549,0.96563,1.57,1.10
2015.01.20 01:30:22.942,0.96549,0.96563,2.25,1.10
2015.01.20 01:30:23.195,0.96551,0.96565,1.10,1.10
2015.01.20 01:30:23.296,0.96551,0.96565,1.50,1.10
2015.01.20 01:30:23.398,0.96554,0.96567,1.20,1.00
2015.01.20 01:30:23.701,0.96554,0.96562,1.10,1.12
2015.01.20 01:30:24.055,0.96553,0.96563,1.00,1.12
2015.01.20 01:30:24.308,0.96548,0.96558,1.00,1.75
2015.01.20 01:30:24.569,0.96546,0.96557,1.50,1.75
2015.01.20 01:30:25.118,0.96546,0.96558,1.00,1.12
2015.01.20 01:30:25.442,0.96553,0.96558,1.00,1.05
2015.01.20 01:30:25.594,0.96547,0.96561,3.82,2.25
2015.01.20 01:30:25.645,0.96547,0.96561,3.82,1.50
2015.01.20 01:30:25.847,0.96552,0.96563,2.25,1.20
2015.01.20 01:30:25.949,0.96556,0.96565,1.07,1.00
2015.01.20 01:30:26.000,0.96556,0.96569,1.15,1.12
2015.01.20 01:30:26.051,0.96554,0.9657,4.50,1.95
2015.01.20 01:30:26.152,0.96554,0.96567,1.07,1.85
2015.01.20 01:30:26.203,0.96553,0.96566,1.50,1.12
2015.01.20 01:30:26.254,0.96555,0.96569,1.00,2.02
2015.01.20 01:30:26.305,0.96555,0.96569,1.00,1.20
2015.01.20 01:30:26.355,0.96555,0.96571,1.07,1.20
2015.01.20 01:30:26.916,0.96557,0.9657,1.65,1.12
2015.01.20 01:30:27.878,0.96558,0.96571,1.10,1.12
2015.01.20 01:30:28.385,0.96558,0.96572,1.10,1.12
2015.01.20 01:30:31.076,0.96559,0.96573,1.57,1.87
2015.01.20 01:30:31.227,0.96562,0.96575,1.00,1.95
2015.01.20 01:30:35.178,0.96564,0.96575,1.00,1.12
2015.01.20 01:30:39.541,0.96563,0.96576,1.17,1.12
2015.01.20 01:30:40.143,0.96565,0.96577,1.00,1.75
2015.01.20 01:30:40.447,0.96567,0.96576,1.17,1.12
2015.01.20 01:30:40.599,0.96566,0.9658,1.15,1.75
2015.01.20 01:30:40.651,0.9657,0.96581,1.07,1.12
2015.01.20 01:30:40.706,0.9657,0.96582,1.07,1.12
2015.01.20 01:30:40.757,0.9657,0.96582,5.25,1.12
2015.01.20 01:30:40.910,0.96573,0.96584,1.15,1.12
2015.01.20 01:30:40.961,0.96573,0.96584,1.15,1.12
2015.01.20 01:30:41.372,0.96573,0.96587,1.15,1.50
2015.01.20 01:30:41.890,0.96573,0.96587,1.17,1.50
2015.01.20 01:30:42.550,0.96574,0.96587,6.00,1.50
2015.01.20 01:30:42.701,0.96576,0.96589,1.15,1.45
2015.01.20 01:30:42.752,0.96576,0.96589,1.00,1.12
2015.01.20 01:30:42.854,0.96576,0.96587,1.00,1.12
2015.01.20 01:30:43.107,0.96576,0.96589,1.15,1.45
2015.01.20 01:30:43.461,0.96576,0.96591,1.65,1.50
2015.01.20 01:30:43.664,0.96576,0.96591,3.82,1.50
2015.01.20 01:30:44.661,0.96578,0.96593,3.82,1.50
2015.01.20 01:30:44.828,0.96582,0.96593,1.10,1.50
2015.01.20 01:30:44.879,0.96583,0.96593,3.07,1.50
2015.01.20 01:30:45.031,0.96587,0.96598,1.15,1.12
2015.01.20 01:30:45.082,0.96588,0.96601,2.32,1.12
2015.01.20 01:30:45.234,0.96588,0.96603,3.07,1.12
2015.01.20 01:30:45.487,0.96588,0.96603,1.17,1.20
2015.01.20 01:30:45.588,0.96586,0.966,1.65,1.12
2015.01.20 01:30:45.892,0.96591,0.96599,1.10,1.75
2015.01.20 01:30:46.398,0.96586,0.966,1.65,1.12
2015.01.20 01:30:46.600,0.96586,0.96601,3.82,1.75
2015.01.20 01:30:47.471,0.96588,0.96601,1.15,1.12
2015.01.20 01:30:47.673,0.96588,0.96601,1.10,1.12
2015.01.20 01:30:48.078,0.96584,0.96601,1.27,1.27
2015.01.20 01:30:48.230,0.96584,0.96601,1.00,3.45
2015.01.20 01:30:48.533,0.96582,0.96597,1.00,4.20
2015.01.20 01:30:48.584,0.96582,0.96597,1.00,1.65
2015.01.20 01:30:49.132,0.96582,0.96598,1.50,1.27
2015.01.20 01:30:49.183,0.96582,0.96597,1.65,1.85
2015.01.20 01:30:50.923,0.96581,0.96597,1.17,1.85
2015.01.20 01:30:52.464,0.96582,0.96597,1.17,1.85
2015.01.20 01:30:52.819,0.96584,0.96599,1.10,1.45
2015.01.20 01:30:53.324,0.96583,0.96597,1.17,1.12
2015.01.20 01:30:53.848,0.96585,0.96599,1.10,1.27
2015.01.20 01:30:54.337,0.96583,0.96599,1.72,1.27
2015.01.20 01:30:55.173,0.96583,0.96598,1.72,1.50
2015.01.20 01:30:56.997,0.96583,0.96599,1.72,1.95
2015.01.20 01:30:57.098,0.96583,0.96599,1.72,1.20
2015.01.20 01:30:58.275,0.96583,0.96599,1.15,1.20
2015.01.20 01:30:58.427,0.96582,0.96599,3.90,1.55
2015.01.20 01:30:58.630,0.96583,0.96599,3.45,1.50
2015.01.20 01:30:58.731,0.96583,0.966,3.45,1.20
2015.01.20 01:30:58.782,0.96586,0.966,3.07,1.20
2015.01.20 01:30:59.323,0.96586,0.96601,3.07,1.20
2015.01.20 01:30:59.627,0.96587,0.966,1.00,1.65
2015.01.20 01:30:59.678,0.96585,0.96599,1.65,1.12
2015.01.20 01:30:59.982,0.96579,0.96591,1.00,1.55
2015.01.20 01:31:00.033,0.96579,0.9659,1.00,1.95
2015.01.20 01:31:00.135,0.96575,0.96587,1.00,1.90
2015.01.20 01:31:00.186,0.96575,0.96583,1.00,1.17
2015.01.20 01:31:00.491,0.9657,0.96578,1.00,1.12
2015.01.20 01:31:00.693,0.96564,0.9658,1.17,1.20
2015.01.20 01:31:00.893,0.96564,0.96579,1.17,2.32
2015.01.20 01:31:01.146,0.96565,0.9658,1.35,1.50
2015.01.20 01:31:01.602,0.96565,0.96579,1.15,1.07
2015.01.20 01:31:01.703,0.96565,0.96582,2.47,1.57
2015.01.20 01:31:01.805,0.96566,0.96585,1.92,3.52
2015.01.20 01:31:02.334,0.96573,0.96586,1.00,5.32
2015.01.20 01:31:02.436,0.96571,0.96586,1.00,2.47
2015.01.20 01:31:02.537,0.96571,0.96586,1.00,2.10
2015.01.20 01:31:02.689,0.96578,0.96586,1.00,2.40
2015.01.20 01:31:02.791,0.96579,0.96587,1.20,1.00
2015.01.20 01:31:02.842,0.96579,0.96591,1.20,1.07
2015.01.20 01:31:02.943,0.9658,0.96594,1.00,1.52
2015.01.20 01:31:03.095,0.96584,0.96596,1.00,4.20
2015.01.20 01:31:03.349,0.96582,0.96593,1.00,1.27
2015.01.20 01:31:03.566,0.9658,0.96592,1.00,1.35
2015.01.20 01:31:03.820,0.96579,0.96591,1.10,3.37
2015.01.20 01:31:03.871,0.96575,0.96589,1.50,1.65
2015.01.20 01:31:03.922,0.96575,0.96586,1.00,3.00
2015.01.20 01:31:03.973,0.96572,0.96586,1.12,6.37
2015.01.20 01:31:04.024,0.96571,0.96584,1.50,2.40
2015.01.20 01:31:04.226,0.96565,0.9658,1.00,4.20
2015.01.20 01:31:04.631,0.96566,0.96574,1.00,1.07
2015.01.20 01:31:04.732,0.96566,0.96577,1.00,1.20
2015.01.20 01:31:04.884,0.96563,0.96579,1.10,1.52
2015.01.20 01:31:04.986,0.96565,0.96579,1.00,1.27
2015.01.20 01:31:05.290,0.96569,0.96584,1.25,1.75
2015.01.20 01:31:05.492,0.96569,0.96585,1.72,1.95
2015.01.20 01:31:05.999,0.9657,0.96583,1.10,1.12
2015.01.20 01:31:06.100,0.9657,0.96585,1.10,1.45
2015.01.20 01:31:06.505,0.96571,0.96579,1.00,2.25
2015.01.20 01:31:06.656,0.96568,0.96578,1.00,3.07
2015.01.20 01:31:06.809,0.96568,0.96575,1.00,1.17
2015.01.20 01:31:07.314,0.96565,0.96572,1.00,1.10
2015.01.20 01:31:08.069,0.96562,0.96572,1.00,1.10
2015.01.20 01:31:08.386,0.9656,0.96572,1.00,1.20
2015.01.20 01:31:08.911,0.96561,0.96572,1.00,1.20
2015.01.20 01:31:09.462,0.96562,0.96572,1.00,1.20
2015.01.20 01:31:09.920,0.96562,0.9657,1.00,1.10
2015.01.20 01:31:10.224,0.96551,0.96566,1.10,1.25
2015.01.20 01:31:10.325,0.96548,0.96565,1.72,2.02
2015.01.20 01:31:10.578,0.96548,0.96565,2.40,1.65
2015.01.20 01:31:10.679,0.96548,0.96564,2.10,1.15
2015.01.20 01:31:10.780,0.96548,0.96564,1.27,1.90
2015.01.20 01:31:11.092,0.96548,0.96563,1.10,1.82
2015.01.20 01:31:11.143,0.96548,0.96563,1.00,1.20
2015.01.20 01:31:11.245,0.9655,0.96563,1.00,1.27
2015.01.20 01:31:11.750,0.96549,0.96562,3.07,1.50
2015.01.20 01:31:12.003,0.96549,0.96564,1.65,1.12
2015.01.20 01:31:12.155,0.96549,0.96565,1.15,2.25
2015.01.20 01:31:12.469,0.96549,0.96568,2.02,2.02
2015.01.20 01:31:13.023,0.96552,0.96568,1.12,1.15
2015.01.20 01:31:14.928,0.96552,0.96565,3.15,1.87
2015.01.20 01:31:15.232,0.96557,0.96575,6.00,1.95
2015.01.20 01:31:15.283,0.96559,0.96578,2.02,2.77
2015.01.20 01:31:15.333,0.9656,0.96578,1.27,2.40
2015.01.20 01:31:15.834,0.96562,0.96578,1.12,1.65
2015.01.20 01:31:16.669,0.96562,0.96578,1.12,4.20
2015.01.20 01:31:16.986,0.96562,0.96573,1.12,1.17
2015.01.20 01:31:17.290,0.96557,0.9657,1.12,5.62
2015.01.20 01:31:17.395,0.96554,0.96569,1.12,1.52
2015.01.20 01:31:17.546,0.96553,0.96567,1.12,2.70
2015.01.20 01:31:17.597,0.96552,0.96567,1.75,2.70
2015.01.20 01:31:17.872,0.96552,0.96567,1.75,1.52
2015.01.20 01:31:18.074,0.96552,0.96568,2.40,1.00
2015.01.20 01:31:18.176,0.96557,0.96571,1.00,3.07
2015.01.20 01:31:18.480,0.96553,0.96568,1.75,1.65
2015.01.20 01:31:19.018,0.96551,0.96566,1.12,2.02
2015.01.20 01:31:19.119,0.9655,0.96566,1.55,1.27
2015.01.20 01:31:19.936,0.9655,0.96566,1.27,1.20
2015.01.20 01:31:20.239,0.96549,0.96566,4.20,1.45
2015.01.20 01:31:20.661,0.96549,0.96563,1.87,1.15
2015.01.20 01:31:21.011,0.96556,0.9657,2.32,1.20
2015.01.20 01:31:21.214,0.96559,0.96573,1.15,1.75
2015.01.20 01:31:21.366,0.96559,0.96576,1.35,2.32
2015.01.20 01:31:21.670,0.96563,0.96577,1.15,1.20
2015.01.20 01:31:21.974,0.96556,0.96567,1.92,1.00
2015.01.20 01:31:22.024,0.96556,0.96567,1.17,1.37
2015.01.20 01:31:22.075,0.96556,0.96567,1.00,1.87
2015.01.20 01:31:22.126,0.96556,0.96566,1.00,1.12
2015.01.20 01:31:22.329,0.96553,0.96567,1.15,1.07
2015.01.20 01:31:22.380,0.96558,0.96568,1.00,1.50
2015.01.20 01:31:22.582,0.96553,0.96567,1.35,1.07
2015.01.20 01:31:22.936,0.96559,0.9657,1.00,1.95
2015.01.20 01:31:22.987,0.96559,0.9657,1.00,1.27
2015.01.20 01:31:23.340,0.96558,0.96571,1.15,1.12
2015.01.20 01:31:23.767,0.96558,0.96569,1.15,1.12
2015.01.20 01:31:23.969,0.96566,0.96575,1.00,1.10
2015.01.20 01:31:24.273,0.96568,0.96577,1.15,1.12
2015.01.20 01:31:24.526,0.96568,0.96577,1.00,1.75
2015.01.20 01:31:25.278,0.96564,0.96572,1.00,2.25
2015.01.20 01:31:25.430,0.96562,0.96571,1.00,1.00
2015.01.20 01:31:25.531,0.96562,0.9657,1.00,1.20
2015.01.20 01:31:25.835,0.96564,0.96572,1.00,1.12
2015.01.20 01:31:26.428,0.96565,0.96572,1.00,1.27
2015.01.20 01:31:26.882,0.96563,0.96572,1.00,1.27
2015.01.20 01:31:27.414,0.96562,0.96572,1.00,1.27
2015.01.20 01:31:28.054,0.96562,0.96569,1.00,1.17
2015.01.20 01:31:28.206,0.96558,0.96569,1.37,2.02
2015.01.20 01:31:28.358,0.96562,0.96569,1.00,2.40
2015.01.20 01:31:28.409,0.96558,0.96569,1.00,2.32
2015.01.20 01:31:28.561,0.96559,0.96565,1.00,1.00
2015.01.20 01:31:28.612,0.96553,0.96565,1.00,1.10
2015.01.20 01:31:28.764,0.96553,0.96565,1.00,1.72
2015.01.20 01:31:29.218,0.96555,0.96564,1.00,1.12
2015.01.20 01:31:29.623,0.96558,0.96566,1.00,1.12
2015.01.20 01:31:29.826,0.96559,0.96572,1.17,2.25
2015.01.20 01:31:30.179,0.9656,0.96574,1.07,1.87
2015.01.20 01:31:30.418,0.9656,0.96574,1.25,1.10
2015.01.20 01:31:30.570,0.96563,0.96576,2.25,1.87
2015.01.20 01:31:31.076,0.96565,0.96577,1.17,1.12
2015.01.20 01:31:31.596,0.96565,0.96576,1.17,1.12
2015.01.20 01:31:32.003,0.96565,0.96578,1.17,1.75
2015.01.20 01:31:32.411,0.96569,0.96581,1.00,1.95
2015.01.20 01:31:32.462,0.96569,0.96581,1.00,1.95
2015.01.20 01:31:32.978,0.96567,0.96579,1.10,1.10
2015.01.20 01:31:33.181,0.96567,0.96579,1.00,1.72
2015.01.20 01:31:33.439,0.96565,0.96577,1.00,1.27
2015.01.20 01:31:33.743,0.96562,0.96576,1.27,1.20
2015.01.20 01:31:34.096,0.96562,0.96576,1.10,1.17
2015.01.20 01:31:34.575,0.96565,0.96575,2.25,1.20
2015.01.20 01:31:34.778,0.96568,0.96578,1.20,1.75
2015.01.20 01:31:34.880,0.96569,0.96583,2.32,1.95
2015.01.20 01:31:35.386,0.96571,0.96583,1.00,1.12
2015.01.20 01:31:35.918,0.9657,0.96583,1.10,1.12
2015.01.20 01:31:35.969,0.9657,0.96584,1.10,1.87
2015.01.20 01:31:36.323,0.9657,0.96582,1.00,1.45
2015.01.20 01:31:36.424,0.96567,0.96581,1.20,1.27
2015.01.20 01:31:36.526,0.96567,0.96579,1.00,1.12
2015.01.20 01:31:36.729,0.96565,0.96577,1.00,1.12
2015.01.20 01:31:36.986,0.96565,0.96576,1.00,1.12
2015.01.20 01:31:37.088,0.96565,0.96577,1.00,1.20
2015.01.20 01:31:37.189,0.96562,0.96576,1.10,1.20
2015.01.20 01:31:37.392,0.96562,0.96576,1.10,1.25
2015.01.20 01:31:38.109,0.96564,0.96576,1.50,2.02
2015.01.20 01:31:38.311,0.96569,0.96581,1.20,1.00
2015.01.20 01:31:38.362,0.96571,0.96583,1.00,1.20
2015.01.20 01:31:38.514,0.96569,0.96583,1.00,2.02
2015.01.20 01:31:39.020,0.9657,0.96584,1.00,1.95
2015.01.20 01:31:40.118,0.96572,0.96584,1.00,1.20
2015.01.20 01:31:41.889,0.96572,0.96585,1.10,1.45
2015.01.20 01:31:42.414,0.96574,0.96586,1.00,1.12
2015.01.20 01:31:42.920,0.96572,0.96586,1.17,1.87
2015.01.20 01:31:44.129,0.96575,0.96586,1.00,1.87
2015.01.20 01:31:45.374,0.96576,0.96586,1.00,1.87
2015.01.20 01:31:45.921,0.96575,0.96586,1.00,1.87
2015.01.20 01:31:46.067,0.96575,0.96586,1.00,1.20
2015.01.20 01:31:46.331,0.96577,0.96586,1.00,1.27
2015.01.20 01:31:46.870,0.96578,0.96586,1.00,1.37
2015.01.20 01:31:48.985,0.96577,0.96586,1.00,1.37
2015.01.20 01:31:49.510,0.96576,0.96586,1.00,1.37
2015.01.20 01:31:50.075,0.96575,0.96586,1.00,1.37
2015.01.20 01:31:50.408,0.96577,0.96586,1.00,1.37
2015.01.20 01:31:51.158,0.96576,0.96586,1.00,1.37
2015.01.20 01:31:51.487,0.96574,0.96586,1.20,1.37
2015.01.20 01:31:53.287,0.96575,0.96586,1.00,1.37
2015.01.20 01:31:53.623,0.96577,0.96586,1.00,1.37
2015.01.20 01:31:53.825,0.96577,0.96586,1.00,1.20
2015.01.20 01:31:54.432,0.96578,0.96586,1.00,1.10
2015.01.20 01:31:55.790,0.96576,0.96586,1.00,1.10
2015.01.20 01:31:58.439,0.96576,0.96586,1.00,1.47
2015.01.20 01:31:58.541,0.96572,0.96582,1.10,2.70
2015.01.20 01:31:58.642,0.96568,0.96581,1.30,1.27
2015.01.20 01:31:58.743,0.96568,0.96579,1.00,1.27
2015.01.20 01:31:59.047,0.96566,0.96577,1.00,1.35
2015.01.20 01:31:59.269,0.96567,0.9658,1.15,1.42
2015.01.20 01:31:59.421,0.96574,0.96581,1.00,1.65
2015.01.20 01:31:59.574,0.96574,0.96584,1.00,1.27
2015.01.20 01:32:02.009,0.96574,0.96583,1.00,1.27
2015.01.20 01:32:02.060,0.96569,0.96583,1.12,2.02
2015.01.20 01:32:02.212,0.96567,0.96577,1.95,1.07
2015.01.20 01:32:02.263,0.96567,0.96577,1.00,1.15
2015.01.20 01:32:02.465,0.96568,0.96581,1.10,1.35
2015.01.20 01:32:02.567,0.96568,0.96579,1.00,1.07
2015.01.20 01:32:02.994,0.96568,0.96578,1.00,1.45
2015.01.20 01:32:03.504,0.96567,0.96578,1.10,1.45
2015.01.20 01:32:04.017,0.96568,0.96578,1.00,1.52
2015.01.20 01:32:04.618,0.96567,0.96578,1.00,1.52
2015.01.20 01:32:06.359,0.96566,0.96577,1.00,1.27
2015.01.20 01:32:06.860,0.96567,0.96577,1.00,1.27
2015.01.20 01:32:07.380,0.96568,0.96577,1.00,1.27
2015.01.20 01:32:09.150,0.96568,0.96575,1.00,1.00
2015.01.20 01:32:16.597,0.96569,0.96575,1.00,1.00
2015.01.20 01:32:16.648,0.96569,0.96577,1.00,1.00
2015.01.20 01:32:17.153,0.96569,0.96578,1.00,1.20
2015.01.20 01:32:18.487,0.96568,0.96578,1.00,1.20
2015.01.20 01:32:18.992,0.96568,0.96579,1.10,1.00
2015.01.20 01:32:19.595,0.96568,0.96581,1.10,1.27
2015.01.20 01:32:21.965,0.9657,0.96581,1.00,1.27
2015.01.20 01:32:22.337,0.96567,0.96581,1.57,2.10
2015.01.20 01:32:22.439,0.96567,0.96578,1.00,1.17
2015.01.20 01:32:22.692,0.96567,0.96578,1.15,1.10
2015.01.20 01:32:22.844,0.96567,0.9658,1.15,1.30
2015.01.20 01:32:23.099,0.96571,0.9658,1.00,1.30
2015.01.20 01:32:23.642,0.96572,0.96581,1.00,1.35
2015.01.20 01:32:24.154,0.96571,0.96581,1.00,1.27
2015.01.20 01:32:25.835,0.9657,0.96581,1.00,1.27
2015.01.20 01:32:27.702,0.96571,0.96581,1.00,1.27
2015.01.20 01:32:27.905,0.96572,0.96583,1.00,1.10
2015.01.20 01:32:28.057,0.96574,0.96584,1.00,1.20
2015.01.20 01:32:29.579,0.96575,0.96585,1.00,1.15
2015.01.20 01:32:29.681,0.96573,0.96583,1.00,1.15
2015.01.20 01:32:30.035,0.96571,0.96581,1.00,1.20
2015.01.20 01:32:30.187,0.96571,0.96581,1.00,1.25
2015.01.20 01:32:30.490,0.96571,0.96582,1.00,1.65
2015.01.20 01:32:30.992,0.96572,0.96582,1.00,1.17
2015.01.20 01:32:32.228,0.96573,0.96582,1.00,1.17
2015.01.20 01:32:33.282,0.96573,0.96582,1.00,1.00
2015.01.20 01:32:33.484,0.96573,0.96587,1.65,2.02
2015.01.20 01:32:34.327,0.96573,0.96584,1.17,1.00
2015.01.20 01:32:34.830,0.96577,0.96584,1.00,1.00
2015.01.20 01:32:35.297,0.96578,0.96586,1.00,1.00
2015.01.20 01:32:35.348,0.96578,0.96589,1.00,1.17
2015.01.20 01:32:35.853,0.96579,0.96591,1.00,1.65
2015.01.20 01:32:36.106,0.96579,0.96591,1.20,1.10
2015.01.20 01:32:36.657,0.9658,0.96592,1.00,1.27
2015.01.20 01:32:37.168,0.96581,0.96592,1.00,1.27
2015.01.20 01:32:37.691,0.96581,0.96592,1.00,1.10
2015.01.20 01:32:38.707,0.96584,0.96592,1.00,1.20
2015.01.20 01:32:40.329,0.96585,0.96592,1.00,1.20
2015.01.20 01:32:40.634,0.96585,0.96592,1.20,1.12
2015.01.20 01:32:40.737,0.96583,0.96592,1.10,1.12
2015.01.20 01:32:40.790,0.96583,0.96597,1.57,1.17
2015.01.20 01:32:40.841,0.96583,0.96593,1.10,1.00
2015.01.20 01:32:41.247,0.9658,0.96594,1.10,1.72
2015.01.20 01:32:41.349,0.96577,0.96589,1.20,1.15
2015.01.20 01:32:42.192,0.96577,0.96589,1.20,1.20
2015.01.20 01:32:42.395,0.96579,0.96591,1.00,2.85
2015.01.20 01:32:45.262,0.96579,0.96591,1.00,2.02
2015.01.20 01:32:46.247,0.96577,0.96589,1.10,1.20
2015.01.20 01:32:49.210,0.9658,0.96591,1.10,1.12
2015.01.20 01:32:49.361,0.9658,0.96593,1.10,1.52
2015.01.20 01:32:49.412,0.9658,0.96593,1.15,1.12
2015.01.20 01:32:49.564,0.9658,0.96594,1.15,1.35
2015.01.20 01:32:50.725,0.96583,0.96595,1.00,2.02
2015.01.20 01:32:50.827,0.96583,0.96595,1.52,1.87
2015.01.20 01:32:51.130,0.96589,0.96599,1.17,1.12
2015.01.20 01:32:51.536,0.96589,0.96602,1.17,1.12
2015.01.20 01:32:52.971,0.96589,0.96603,1.17,2.32
2015.01.20 01:32:53.175,0.96589,0.96602,1.17,1.12
2015.01.20 01:32:53.634,0.96589,0.96599,1.00,1.52
2015.01.20 01:32:53.836,0.96589,0.96601,1.10,1.92
2015.01.20 01:32:53.938,0.96591,0.96601,1.00,1.92
2015.01.20 01:32:55.261,0.96592,0.96603,1.10,1.45
2015.01.20 01:32:55.413,0.96593,0.96605,1.15,1.75
2015.01.20 01:32:55.615,0.96593,0.96607,1.15,1.72
2015.01.20 01:32:56.145,0.96592,0.96607,1.15,1.65
2015.01.20 01:32:56.449,0.9659,0.96605,2.02,3.90
2015.01.20 01:32:56.753,0.96587,0.966,1.22,1.12
2015.01.20 01:32:56.804,0.96585,0.96599,1.22,1.20
2015.01.20 01:32:57.158,0.96586,0.96597,1.07,1.75
2015.01.20 01:32:58.652,0.96586,0.96597,1.07,1.75
2015.01.20 01:32:59.108,0.96589,0.96599,1.27,1.12
2015.01.20 01:32:59.813,0.96589,0.96601,1.27,1.12
2015.01.20 01:32:59.915,0.96596,0.96601,1.00,1.05
2015.01.20 01:33:00.219,0.96617,0.96624,1.42,1.00
2015.01.20 01:33:00.270,0.96621,0.96634,2.32,2.25
2015.01.20 01:33:00.372,0.96622,0.96635,1.10,1.27
2015.01.20 01:33:00.878,0.96621,0.96635,1.57,1.15
2015.01.20 01:33:01.182,0.96624,0.96638,1.00,1.72
2015.01.20 01:33:01.284,0.96621,0.96635,1.55,4.50
2015.01.20 01:33:01.388,0.96621,0.96637,1.67,2.32
2015.01.20 01:33:01.439,0.96625,0.96638,1.00,1.35
2015.01.20 01:33:01.793,0.96625,0.96638,1.10,1.15
2015.01.20 01:33:01.903,0.96627,0.9664,1.00,1.52
2015.01.20 01:33:02.004,0.96627,0.96641,1.00,1.50
2015.01.20 01:33:02.308,0.96632,0.96644,1.00,1.45
2015.01.20 01:33:02.409,0.96632,0.96645,1.00,1.00
2015.01.20 01:33:02.561,0.9663,0.96644,1.67,1.12
2015.01.20 01:33:02.612,0.9663,0.96644,1.30,1.12
2015.01.20 01:33:03.118,0.96629,0.96643,1.50,1.45
2015.01.20 01:33:03.471,0.96633,0.96641,1.20,1.00
2015.01.20 01:33:03.623,0.96636,0.96648,1.00,1.00
2015.01.20 01:33:03.724,0.96635,0.96652,1.00,1.35
2015.01.20 01:33:03.876,0.96636,0.96652,1.12,1.87
2015.01.20 01:33:04.064,0.96638,0.96652,1.20,1.00
2015.01.20 01:33:04.519,0.9664,0.96652,1.00,1.20
2015.01.20 01:33:04.620,0.96642,0.96656,1.50,1.50
2015.01.20 01:33:04.974,0.96644,0.96656,1.00,1.12
2015.01.20 01:33:05.283,0.96639,0.96647,1.12,1.00
2015.01.20 01:33:05.384,0.96633,0.96647,1.00,1.37
2015.01.20 01:33:05.435,0.96632,0.96647,1.50,1.00
2015.01.20 01:33:05.536,0.96634,0.96648,1.50,1.10
2015.01.20 01:33:06.112,0.96634,0.96652,1.87,5.77
2015.01.20 01:33:06.918,0.96636,0.96652,3.00,1.37
2015.01.20 01:33:06.969,0.96637,0.96653,1.50,1.30
2015.01.20 01:33:07.181,0.96639,0.96655,2.32,1.12
2015.01.20 01:33:07.940,0.96642,0.96657,1.00,1.20
2015.01.20 01:33:08.143,0.96642,0.9666,1.20,1.95
2015.01.20 01:33:08.244,0.96643,0.9666,1.12,1.27
2015.01.20 01:33:08.548,0.96644,0.96661,1.20,2.70
2015.01.20 01:33:09.085,0.96644,0.96658,1.00,1.47
2015.01.20 01:33:09.748,0.96645,0.96658,1.00,1.20
2015.01.20 01:33:10.054,0.96647,0.96661,1.00,1.27
2015.01.20 01:33:10.155,0.96647,0.96664,1.10,2.32
2015.01.20 01:33:10.459,0.96647,0.96662,1.00,1.50
2015.01.20 01:33:10.888,0.96645,0.96659,1.00,1.45
2015.01.20 01:33:11.191,0.96643,0.96656,1.30,1.12
2015.01.20 01:33:11.696,0.96637,0.96654,1.50,1.45
2015.01.20 01:33:11.747,0.96636,0.96654,2.25,1.45
2015.01.20 01:33:11.899,0.96639,0.96651,1.07,1.12
2015.01.20 01:33:12.000,0.96641,0.96656,1.00,1.35
2015.01.20 01:33:12.101,0.96641,0.96654,1.00,2.25
2015.01.20 01:33:12.253,0.96639,0.96654,1.10,2.32
2015.01.20 01:33:12.304,0.96639,0.96654,1.00,4.57
2015.01.20 01:33:12.608,0.96644,0.96654,1.00,1.12
2015.01.20 01:33:13.158,0.96644,0.96655,1.00,1.85
2015.01.20 01:33:13.517,0.96643,0.96658,1.65,1.12
2015.01.20 01:33:13.568,0.96646,0.96658,1.00,1.12
2015.01.20 01:33:13.669,0.96643,0.96658,1.15,1.12
2015.01.20 01:33:14.026,0.96641,0.96658,1.17,1.27
2015.01.20 01:33:14.078,0.96641,0.96654,1.17,1.12
2015.01.20 01:33:14.331,0.96643,0.9666,1.30,1.90
2015.01.20 01:33:14.433,0.96643,0.9666,1.65,4.50
2015.01.20 01:33:14.737,0.96646,0.96661,1.00,1.27
2015.01.20 01:33:14.788,0.96644,0.96661,1.50,1.27
2015.01.20 01:33:14.839,0.96644,0.96661,2.32,1.27
2015.01.20 01:33:15.359,0.96644,0.9666,1.12,1.27
2015.01.20 01:33:15.870,0.96645,0.96662,1.27,3.37
2015.01.20 01:33:15.921,0.96644,0.96662,1.65,1.45
2015.01.20 01:33:16.275,0.96649,0.96662,2.62,1.45
2015.01.20 01:33:16.377,0.9665,0.96665,3.82,1.00
2015.01.20 01:33:16.479,0.96654,0.96665,1.17,1.00
2015.01.20 01:33:16.783,0.96657,0.96665,1.85,1.00
2015.01.20 01:33:16.834,0.96657,0.96672,1.75,4.20
2015.01.20 01:33:17.036,0.96656,0.96673,2.77,1.45
2015.01.20 01:33:17.188,0.96656,0.96672,3.45,1.12
2015.01.20 01:33:17.391,0.96658,0.96674,1.65,1.20
2015.01.20 01:33:17.921,0.96659,0.96676,1.15,1.27
2015.01.20 01:33:18.840,0.96656,0.96674,3.67,1.20
2015.01.20 01:33:19.042,0.96657,0.96674,1.42,1.27
2015.01.20 01:33:19.144,0.96657,0.96675,2.47,1.27
2015.01.20 01:33:19.672,0.9666,0.96676,1.20,4.20
2015.01.20 01:33:21.516,0.9666,0.96676,1.30,2.02
2015.01.20 01:33:21.668,0.9666,0.96678,2.10,1.65
2015.01.20 01:33:21.719,0.96661,0.96678,1.25,1.45
2015.01.20 01:33:21.922,0.96662,0.96679,2.02,1.25
2015.01.20 01:33:21.973,0.96662,0.9668,1.52,1.65
2015.01.20 01:33:22.523,0.96661,0.96679,1.20,3.82
2015.01.20 01:33:22.826,0.96662,0.96679,1.42,3.82
2015.01.20 01:33:23.621,0.96665,0.96679,2.77,1.20
2015.01.20 01:33:23.773,0.96669,0.96686,5.10,1.07
2015.01.20 01:33:23.823,0.96677,0.96687,1.37,1.12
2015.01.20 01:33:23.874,0.96677,0.96689,1.37,1.52
2015.01.20 01:33:23.976,0.96676,0.96692,1.35,1.12
2015.01.20 01:33:24.380,0.96674,0.96692,2.92,1.50
2015.01.20 01:33:24.481,0.96673,0.96689,2.02,1.37
2015.01.20 01:33:24.582,0.96673,0.96689,2.02,1.27
2015.01.20 01:33:24.633,0.96673,0.96688,1.22,1.12
2015.01.20 01:33:24.858,0.96672,0.96689,1.12,1.27
2015.01.20 01:33:25.262,0.96672,0.96689,1.15,2.02
2015.01.20 01:33:25.826,0.96672,0.96689,1.65,1.27
2015.01.20 01:33:25.927,0.96672,0.96691,1.52,1.62
2015.01.20 01:33:26.281,0.96676,0.96692,1.50,2.47
2015.01.20 01:33:26.635,0.96673,0.96691,1.60,1.35
2015.01.20 01:33:28.828,0.96673,0.96692,1.35,3.82
2015.01.20 01:33:30.736,0.96673,0.9669,1.27,2.77
2015.01.20 01:33:31.285,0.96672,0.9669,2.17,3.15
2015.01.20 01:33:31.437,0.96671,0.96688,1.45,1.52
2015.01.20 01:33:32.295,0.9667,0.96687,2.17,1.72
2015.01.20 01:33:32.347,0.9667,0.96687,2.10,3.90
2015.01.20 01:33:32.852,0.96669,0.96687,1.52,1.72
2015.01.20 01:33:33.206,0.96668,0.96683,1.87,2.70
2015.01.20 01:33:33.358,0.96664,0.96681,1.27,1.22
2015.01.20 01:33:33.510,0.96663,0.96677,1.12,2.32
2015.01.20 01:33:33.561,0.96659,0.96676,1.95,2.32
2015.01.20 01:33:33.662,0.96656,0.96676,2.02,4.20
2015.01.20 01:33:34.464,0.96657,0.96675,1.10,3.45
2015.01.20 01:33:34.899,0.96657,0.96672,1.00,2.40
2015.01.20 01:33:35.370,0.96655,0.96672,1.20,2.40
2015.01.20 01:33:35.471,0.96655,0.9667,1.20,2.47
2015.01.20 01:33:35.674,0.96649,0.96666,1.20,3.45
2015.01.20 01:33:35.776,0.96646,0.96663,1.87,1.27
2015.01.20 01:33:36.130,0.9665,0.96661,1.00,1.92
2015.01.20 01:33:36.456,0.96648,0.96661,1.00,1.92
2015.01.20 01:33:36.607,0.96646,0.96661,1.00,1.92
2015.01.20 01:33:36.709,0.96649,0.96661,1.10,1.75
2015.01.20 01:33:37.163,0.96649,0.96664,1.10,1.92
2015.01.20 01:33:37.264,0.96649,0.96664,1.07,1.75
2015.01.20 01:33:37.416,0.96653,0.96667,1.00,2.02
2015.01.20 01:33:37.568,0.96654,0.96667,1.00,4.20
2015.01.20 01:33:37.670,0.9665,0.96667,1.20,4.20
2015.01.20 01:33:38.023,0.96653,0.96666,1.00,1.27
2015.01.20 01:33:38.378,0.96654,0.96669,1.00,3.45
2015.01.20 01:33:38.580,0.96656,0.96669,1.00,3.45
2015.01.20 01:33:38.908,0.96654,0.96669,1.00,3.45
2015.01.20 01:33:39.466,0.96655,0.96669,1.00,3.45
2015.01.20 01:33:40.210,0.96655,0.96669,1.00,1.52
2015.01.20 01:33:40.413,0.96651,0.96669,1.72,1.52
2015.01.20 01:33:40.514,0.9665,0.96669,2.10,2.02
2015.01.20 01:33:40.616,0.9665,0.96667,1.27,1.27
2015.01.20 01:33:41.090,0.96653,0.96667,1.00,1.27
2015.01.20 01:33:41.495,0.96653,0.96669,1.00,1.90
2015.01.20 01:33:41.597,0.96653,0.96667,1.00,2.47
2015.01.20 01:33:41.749,0.96651,0.96667,1.00,2.32
2015.01.20 01:33:41.850,0.96654,0.96667,1.00,3.45
2015.01.20 01:33:42.356,0.96654,0.96668,1.00,3.45
2015.01.20 01:33:42.603,0.96653,0.96668,1.10,1.27
2015.01.20 01:33:42.907,0.96653,0.96668,1.50,5.62
2015.01.20 01:33:43.966,0.96654,0.96668,1.00,6.00
2015.01.20 01:33:44.732,0.96655,0.96668,1.00,2.02
2015.01.20 01:33:44.833,0.96655,0.96667,1.15,1.07
2015.01.20 01:33:44.935,0.96655,0.96668,1.15,1.00
2015.01.20 01:33:44.987,0.96655,0.96673,1.35,1.35
2015.01.20 01:33:45.291,0.96658,0.96672,1.25,1.20
2015.01.20 01:33:45.392,0.96657,0.96675,6.75,1.75
2015.01.20 01:33:46.389,0.96657,0.96675,1.35,1.27
2015.01.20 01:33:46.440,0.96657,0.96672,1.35,1.12
2015.01.20 01:33:46.744,0.96652,0.96668,1.72,1.20
2015.01.20 01:33:46.795,0.96652,0.96668,1.10,1.27
2015.01.20 01:33:46.896,0.96652,0.96667,1.00,1.27
2015.01.20 01:33:47.429,0.96652,0.96668,1.57,1.27
2015.01.20 01:33:47.789,0.96654,0.96669,1.00,2.02
2015.01.20 01:33:48.295,0.96652,0.96669,1.95,2.02
2015.01.20 01:33:48.902,0.96654,0.96669,1.00,2.02
2015.01.20 01:33:49.206,0.96652,0.96666,1.00,4.20
2015.01.20 01:33:49.610,0.96651,0.96664,1.00,3.45
2015.01.20 01:33:51.776,0.9665,0.96663,1.00,1.27
2015.01.20 01:33:52.140,0.96651,0.96665,1.00,1.35
2015.01.20 01:33:52.191,0.96653,0.96665,1.00,1.35
2015.01.20 01:33:52.343,0.96654,0.96666,1.00,1.25
2015.01.20 01:33:52.495,0.96654,0.96666,1.57,1.15
2015.01.20 01:33:53.153,0.96653,0.96668,1.20,3.15
2015.01.20 01:33:54.038,0.96654,0.96668,1.10,1.25
2015.01.20 01:33:54.543,0.96653,0.96664,1.20,1.00
2015.01.20 01:33:55.485,0.96654,0.96664,1.00,1.00
2015.01.20 01:33:55.994,0.96651,0.96666,2.62,1.25
2015.01.20 01:33:56.095,0.96651,0.96665,1.50,1.27
2015.01.20 01:33:56.247,0.96651,0.96665,1.00,3.45
2015.01.20 01:33:56.753,0.9665,0.96664,1.10,1.60
2015.01.20 01:33:57.258,0.96649,0.96662,1.17,1.17
2015.01.20 01:33:57.777,0.96648,0.96662,1.20,1.27
2015.01.20 01:33:58.646,0.96648,0.96662,1.20,1.27
2015.01.20 01:34:00.939,0.96648,0.96661,1.00,1.27
2015.01.20 01:34:01.243,0.96652,0.96662,1.00,1.27
2015.01.20 01:34:01.445,0.9665,0.96662,1.20,1.20
2015.01.20 01:34:01.648,0.9665,0.96661,1.00,2.32
2015.01.20 01:34:01.850,0.9665,0.96662,1.00,2.40
2015.01.20 01:34:02.651,0.9665,0.96663,1.15,1.12
2015.01.20 01:34:02.702,0.9665,0.96664,1.15,1.20
2015.01.20 01:34:02.967,0.96654,0.96667,1.17,1.45
2015.01.20 01:34:03.018,0.96654,0.96668,1.17,1.35
2015.01.20 01:34:05.444,0.96656,0.96668,1.10,1.27
2015.01.20 01:34:05.917,0.96654,0.96668,1.00,1.35
2015.01.20 01:34:06.170,0.96653,0.96666,1.15,1.20
2015.01.20 01:34:07.846,0.96658,0.96668,1.00,1.95
2015.01.20 01:34:09.960,0.96655,0.96667,1.20,2.02
2015.01.20 01:34:10.415,0.96653,0.96667,1.50,2.02
2015.01.20 01:34:11.747,0.96653,0.96666,1.50,1.92
2015.01.20 01:34:12.294,0.96653,0.96667,2.25,1.35
2015.01.20 01:34:12.345,0.96655,0.96667,1.00,1.35
2015.01.20 01:34:12.598,0.96655,0.96667,1.10,1.20
2015.01.20 01:34:17.395,0.96656,0.96667,1.00,1.10
2015.01.20 01:34:18.836,0.96657,0.96669,1.00,1.72
2015.01.20 01:34:18.937,0.96655,0.96667,1.10,1.10
2015.01.20 01:34:18.988,0.96655,0.96667,1.00,1.25
2015.01.20 01:34:19.740,0.96653,0.96667,1.65,1.15
2015.01.20 01:34:21.386,0.96655,0.96669,1.17,2.02
2015.01.20 01:34:21.691,0.96657,0.9667,1.15,1.12
2015.01.20 01:34:21.946,0.96657,0.96671,1.00,4.20
2015.01.20 01:34:21.997,0.96657,0.96671,1.10,2.02
2015.01.20 01:34:22.200,0.96655,0.96669,1.65,1.27
2015.01.20 01:34:22.403,0.96655,0.96667,1.10,1.25
2015.01.20 01:34:23.018,0.96656,0.96667,1.00,1.25
2015.01.20 01:34:23.684,0.96653,0.96667,1.65,1.25
2015.01.20 01:34:25.291,0.96653,0.96665,1.10,1.17
2015.01.20 01:34:25.342,0.96655,0.96667,1.00,2.02
2015.01.20 01:34:25.996,0.96653,0.96667,1.57,1.72
2015.01.20 01:34:26.525,0.96656,0.96667,1.00,1.72
2015.01.20 01:34:27.044,0.96655,0.96667,1.00,1.35
2015.01.20 01:34:27.547,0.96657,0.96667,1.00,1.35
2015.01.20 01:34:28.081,0.96656,0.96665,1.00,1.17
2015.01.20 01:34:28.182,0.96654,0.96665,1.00,1.17
2015.01.20 01:34:28.655,0.96656,0.96665,1.00,1.17
2015.01.20 01:34:28.756,0.96654,0.96665,1.00,1.17
2015.01.20 01:34:29.421,0.96655,0.96665,1.00,1.17
2015.01.20 01:34:29.932,0.96654,0.96665,1.00,1.17
2015.01.20 01:34:30.723,0.96652,0.96666,1.35,1.00
2015.01.20 01:34:31.178,0.96657,0.96668,1.00,1.35
2015.01.20 01:34:31.280,0.96655,0.96668,1.00,1.35
2015.01.20 01:34:31.381,0.96657,0.96668,1.00,1.07
2015.01.20 01:34:31.533,0.96657,0.9667,1.07,1.27
2015.01.20 01:34:32.941,0.96656,0.9667,1.57,1.35
2015.01.20 01:34:33.244,0.96655,0.96667,1.00,1.27
2015.01.20 01:34:33.547,0.96657,0.96669,1.00,1.72
2015.01.20 01:34:33.598,0.96654,0.96667,1.00,1.52
2015.01.20 01:34:34.122,0.96654,0.96668,1.07,1.35
2015.01.20 01:34:34.628,0.96657,0.96669,1.00,1.27
2015.01.20 01:34:35.454,0.96657,0.96669,1.17,1.10
2015.01.20 01:34:35.971,0.96658,0.96672,1.10,2.40
2015.01.20 01:34:36.584,0.96659,0.96672,1.00,2.40
2015.01.20 01:34:37.049,0.96657,0.9667,1.00,1.65
2015.01.20 01:34:37.610,0.96658,0.9667,1.00,1.65
2015.01.20 01:34:38.210,0.96656,0.9667,1.65,1.65
2015.01.20 01:34:39.834,0.96657,0.9667,1.00,1.65
2015.01.20 01:34:40.037,0.96658,0.96672,1.17,2.40
2015.01.20 01:34:40.564,0.96658,0.96672,2.47,1.35
2015.01.20 01:34:42.135,0.9666,0.96672,1.10,2.10
2015.01.20 01:34:42.337,0.96654,0.96664,1.10,1.00
2015.01.20 01:34:42.591,0.96656,0.96667,1.00,1.27
2015.01.20 01:34:42.744,0.96657,0.96667,1.00,1.10
2015.01.20 01:34:42.980,0.96657,0.96667,1.10,1.17
2015.01.20 01:34:43.384,0.96655,0.96666,1.50,1.15
2015.01.20 01:34:43.739,0.96653,0.96666,1.00,1.65
2015.01.20 01:34:43.790,0.96653,0.96665,1.00,2.32
2015.01.20 01:34:44.000,0.9665,0.96661,1.00,1.17
2015.01.20 01:34:44.548,0.96651,0.96661,1.00,1.25
2015.01.20 01:34:44.599,0.96649,0.96661,1.00,1.25
2015.01.20 01:34:45.861,0.96649,0.96661,1.00,2.47
2015.01.20 01:34:46.443,0.96649,0.96659,1.00,1.52
2015.01.20 01:34:47.630,0.96649,0.96659,1.00,1.27
2015.01.20 01:34:47.681,0.96647,0.96659,1.50,1.27
2015.01.20 01:34:49.765,0.96647,0.96659,1.50,4.20
2015.01.20 01:34:49.982,0.96647,0.96657,1.00,4.65
2015.01.20 01:34:50.286,0.96645,0.96653,1.00,3.15
2015.01.20 01:34:50.337,0.96645,0.96655,1.00,1.72
2015.01.20 01:34:50.539,0.96647,0.96654,1.00,1.57
2015.01.20 01:34:51.065,0.96646,0.96655,1.00,1.72
2015.01.20 01:34:51.218,0.96646,0.96657,1.00,1.72
2015.01.20 01:34:52.548,0.96646,0.96658,1.00,1.22
2015.01.20 01:34:53.061,0.96646,0.96658,1.15,1.07
2015.01.20 01:34:57.777,0.96649,0.96658,1.00,1.07
2015.01.20 01:34:59.047,0.96649,0.96659,1.00,1.50
2015.01.20 01:35:00.254,0.96649,0.96659,1.00,1.65
2015.01.20 01:35:00.784,0.96649,0.9666,1.00,1.57
2015.01.20 01:35:01.098,0.96646,0.96656,1.07,1.37
2015.01.20 01:35:02.547,0.96646,0.96656,1.07,1.45
2015.01.20 01:35:02.851,0.96646,0.96652,1.00,1.12
2015.01.20 01:35:03.305,0.96647,0.96657,1.00,2.02
2015.01.20 01:35:07.745,0.96647,0.96659,1.00,2.40
2015.01.20 01:35:09.719,0.96647,0.96657,1.00,1.72
2015.01.20 01:35:09.770,0.96645,0.96657,1.00,1.72
2015.01.20 01:35:10.451,0.96645,0.96655,1.00,1.12
2015.01.20 01:35:11.109,0.96647,0.96656,1.00,2.32
2015.01.20 01:35:11.261,0.96647,0.9666,1.57,1.52
2015.01.20 01:35:11.362,0.96647,0.96658,1.17,1.00
2015.01.20 01:35:11.565,0.96646,0.96652,1.00,1.37
2015.01.20 01:35:12.071,0.96647,0.96657,1.00,1.65
2015.01.20 01:35:12.375,0.96647,0.96659,1.00,4.27
2015.01.20 01:35:15.094,0.96647,0.96658,1.00,3.45
2015.01.20 01:35:15.398,0.96648,0.96655,1.00,2.32
2015.01.20 01:35:15.751,0.96644,0.96654,1.00,2.10
2015.01.20 01:35:15.853,0.96644,0.96654,1.00,1.35
2015.01.20 01:35:16.058,0.96646,0.96657,1.00,3.90
2015.01.20 01:35:18.423,0.96646,0.96654,1.00,2.70
2015.01.20 01:35:18.727,0.96641,0.9665,1.00,3.15
2015.01.20 01:35:18.828,0.96639,0.96648,1.00,2.25
2015.01.20 01:35:18.880,0.96639,0.96648,1.00,4.50
2015.01.20 01:35:18.981,0.96639,0.96649,1.00,1.15
2015.01.20 01:35:19.133,0.96637,0.96649,1.50,1.65
2015.01.20 01:35:20.046,0.96637,0.96649,1.30,1.00
2015.01.20 01:35:20.147,0.96636,0.96646,1.45,1.00
2015.01.20 01:35:20.350,0.96635,0.96646,1.17,1.00
2015.01.20 01:35:20.654,0.96639,0.96649,1.00,2.77
2015.01.20 01:35:20.705,0.96639,0.96649,1.10,1.00
2015.01.20 01:35:20.908,0.96643,0.96652,1.00,1.35
2015.01.20 01:35:21.110,0.96645,0.96656,1.00,1.30
2015.01.20 01:35:22.317,0.96646,0.96656,1.00,1.00
2015.01.20 01:35:22.677,0.96648,0.96657,1.00,1.30
2015.01.20 01:35:22.779,0.9665,0.96662,1.00,1.27
2015.01.20 01:35:22.830,0.9665,0.96662,1.15,1.12
2015.01.20 01:35:23.032,0.96652,0.96665,1.17,1.12
2015.01.20 01:35:23.084,0.96655,0.96665,1.00,1.12
2015.01.20 01:35:23.236,0.96655,0.96667,1.10,1.50
2015.01.20 01:35:23.857,0.96656,0.96667,1.00,1.50
2015.01.20 01:35:23.908,0.96656,0.96667,1.17,1.50
2015.01.20 01:35:24.010,0.96658,0.9667,1.15,1.12
2015.01.20 01:35:24.518,0.96658,0.96671,1.17,1.62
2015.01.20 01:35:25.027,0.96658,0.96669,1.00,1.55
2015.01.20 01:35:25.078,0.96654,0.96666,1.35,1.00
2015.01.20 01:35:25.432,0.96652,0.96666,1.95,1.65
2015.01.20 01:35:25.838,0.96652,0.96663,1.12,1.17
2015.01.20 01:35:25.889,0.96649,0.96663,2.10,1.17
2015.01.20 01:35:26.193,0.96651,0.96664,1.15,1.57
2015.01.20 01:35:26.295,0.9665,0.96664,1.72,2.32
2015.01.20 01:35:26.801,0.96652,0.96663,1.57,1.85
2015.01.20 01:35:27.206,0.96652,0.96666,1.57,2.02
2015.01.20 01:35:29.918,0.96652,0.96666,1.07,2.77
2015.01.20 01:35:30.170,0.96652,0.96663,1.10,1.10
2015.01.20 01:35:30.221,0.96652,0.96663,1.00,3.07
2015.01.20 01:35:30.272,0.96647,0.96659,2.10,1.20
2015.01.20 01:35:30.323,0.96647,0.96659,2.10,1.10
2015.01.20 01:35:30.374,0.9665,0.96662,1.30,1.30
2015.01.20 01:35:30.425,0.9665,0.96662,1.20,1.27
2015.01.20 01:35:30.964,0.96648,0.9666,1.07,1.20
2015.01.20 01:35:32.137,0.96648,0.96658,1.07,1.00
2015.01.20 01:35:33.012,0.96648,0.96659,1.17,1.12
2015.01.20 01:35:34.325,0.96648,0.96658,1.10,1.57
2015.01.20 01:35:34.850,0.96645,0.96659,1.65,2.70
2015.01.20 01:35:36.134,0.96645,0.96658,1.65,1.35
2015.01.20 01:35:38.356,0.96645,0.96658,1.00,1.35
2015.01.20 01:35:38.719,0.96643,0.96657,1.20,5.32
2015.01.20 01:35:39.022,0.96639,0.96648,1.07,2.32
2015.01.20 01:35:39.074,0.96636,0.96647,1.10,1.15
2015.01.20 01:35:39.175,0.96636,0.96645,1.75,1.17
2015.01.20 01:35:39.377,0.96631,0.96642,1.17,1.00
2015.01.20 01:35:39.899,0.9663,0.96642,1.27,1.07
2015.01.20 01:35:40.747,0.96632,0.96642,2.70,1.00
2015.01.20 01:35:40.798,0.96634,0.96647,1.17,1.20
2015.01.20 01:35:40.849,0.96634,0.96648,3.07,1.27
2015.01.20 01:35:40.952,0.96634,0.96648,1.50,1.35
2015.01.20 01:35:41.157,0.9663,0.96644,1.27,1.27
2015.01.20 01:35:41.705,0.96628,0.96642,2.02,1.00
2015.01.20 01:35:42.254,0.96628,0.96642,2.02,1.10
2015.01.20 01:35:42.775,0.96628,0.96642,1.65,1.10
2015.01.20 01:35:44.551,0.96628,0.96644,1.65,1.65
2015.01.20 01:35:45.060,0.96628,0.96644,1.15,1.92
2015.01.20 01:35:45.468,0.96627,0.96636,1.20,1.15
2015.01.20 01:35:45.823,0.96626,0.96636,1.15,1.20
2015.01.20 01:35:45.877,0.96628,0.9664,1.27,1.10
2015.01.20 01:35:45.979,0.96628,0.96642,2.47,1.00
2015.01.20 01:35:46.030,0.96628,0.96644,2.47,1.10
2015.01.20 01:35:46.434,0.96637,0.96646,1.00,1.15
2015.01.20 01:35:47.625,0.96635,0.96646,1.10,1.15
2015.01.20 01:35:48.789,0.96633,0.96642,1.05,2.32
2015.01.20 01:35:48.839,0.9663,0.96642,1.20,3.07
2015.01.20 01:35:48.941,0.9663,0.96643,1.27,1.15
2015.01.20 01:35:49.042,0.9663,0.96641,1.20,2.32
2015.01.20 01:35:49.345,0.96626,0.96638,1.12,4.50
2015.01.20 01:35:49.396,0.96629,0.96638,1.00,4.50
2015.01.20 01:35:49.497,0.96627,0.96636,1.20,1.15
2015.01.20 01:35:49.750,0.96625,0.96636,4.20,1.00
2015.01.20 01:35:50.054,0.96625,0.96639,1.90,1.10
2015.01.20 01:35:50.155,0.96633,0.96639,1.00,1.10
2015.01.20 01:35:50.357,0.9663,0.96641,1.00,1.15
2015.01.20 01:35:50.509,0.9663,0.96641,2.25,1.15
2015.01.20 01:35:51.034,0.96633,0.96643,1.10,3.07
2015.01.20 01:35:51.580,0.96634,0.96643,1.10,2.32
2015.01.20 01:35:52.245,0.96636,0.96643,1.00,3.07
2015.01.20 01:35:52.608,0.9663,0.96643,1.50,3.82
2015.01.20 01:35:52.659,0.9663,0.96641,1.50,2.32
2015.01.20 01:35:52.920,0.96628,0.96638,1.50,1.10
2015.01.20 01:35:53.021,0.96633,0.96642,1.00,3.07
2015.01.20 01:35:53.072,0.96633,0.96642,1.00,1.65
2015.01.20 01:35:53.325,0.9663,0.96642,1.20,1.15
2015.01.20 01:35:53.477,0.96633,0.96642,1.00,1.15
2015.01.20 01:35:53.817,0.96629,0.9664,1.12,3.07
2015.01.20 01:35:54.328,0.96634,0.9664,1.00,2.32
2015.01.20 01:35:54.581,0.96632,0.96642,1.12,1.15
2015.01.20 01:35:54.797,0.96631,0.96642,1.12,1.15
2015.01.20 01:35:56.704,0.96631,0.96636,1.05,2.17
2015.01.20 01:35:56.755,0.96627,0.96635,1.00,2.32
2015.01.20 01:35:56.806,0.96627,0.96633,1.00,2.32
2015.01.20 01:35:57.008,0.96619,0.96631,2.62,3.82
2015.01.20 01:35:58.672,0.96618,0.96629,1.12,2.32
2015.01.20 01:35:58.977,0.96617,0.96622,1.00,2.25
2015.01.20 01:35:59.483,0.96617,0.96624,1.00,1.15
2015.01.20 01:35:59.534,0.96614,0.96624,1.65,1.15
2015.01.20 01:35:59.635,0.96614,0.9663,2.02,3.90
2015.01.20 01:35:59.989,0.96617,0.9663,1.12,3.07
2015.01.20 01:36:00.387,0.96617,0.96627,1.12,2.32
2015.01.20 01:36:00.539,0.96615,0.96626,1.50,5.25
2015.01.20 01:36:02.115,0.96616,0.96624,1.00,2.32
2015.01.20 01:36:02.317,0.96615,0.96624,1.10,2.32
2015.01.20 01:36:02.368,0.96617,0.96624,1.00,2.32
2015.01.20 01:36:02.856,0.96615,0.96624,1.10,2.32
2015.01.20 01:36:08.518,0.96615,0.96626,1.10,5.25
2015.01.20 01:36:08.569,0.96615,0.96626,1.47,4.50
2015.01.20 01:36:08.720,0.96618,0.96629,1.10,3.07
2015.01.20 01:36:08.772,0.96618,0.96629,1.87,3.07
2015.01.20 01:36:10.207,0.9662,0.96631,1.10,3.07
2015.01.20 01:36:10.764,0.9662,0.9663,1.10,2.32
2015.01.20 01:36:11.503,0.9662,0.96626,1.10,4.35
2015.01.20 01:36:11.806,0.96614,0.96623,2.25,2.32
2015.01.20 01:36:12.311,0.96615,0.96623,1.20,3.07
2015.01.20 01:36:12.816,0.96614,0.96624,1.87,3.07
2015.01.20 01:36:12.924,0.96614,0.96624,1.10,3.07
2015.01.20 01:36:13.129,0.96616,0.96624,1.00,3.07
2015.01.20 01:36:13.282,0.96614,0.96624,1.10,3.07
2015.01.20 01:36:13.785,0.96615,0.96624,1.00,3.07
2015.01.20 01:36:14.554,0.96614,0.96624,1.10,3.07
2015.01.20 01:36:15.278,0.9661,0.96621,1.75,1.17
2015.01.20 01:36:16.544,0.9661,0.96621,2.32,1.00
2015.01.20 01:36:17.178,0.9661,0.96623,2.32,1.17
2015.01.20 01:36:20.821,0.96611,0.96623,5.62,1.00
2015.01.20 01:36:20.973,0.96615,0.9663,2.40,1.20
2015.01.20 01:36:21.125,0.96613,0.9663,2.02,1.25
2015.01.20 01:36:21.227,0.96613,0.96629,1.95,3.07
2015.01.20 01:36:21.429,0.96613,0.96625,1.20,1.10
2015.01.20 01:36:21.581,0.96613,0.96627,1.10,3.15
2015.01.20 01:36:21.926,0.96616,0.96626,1.00,2.70
2015.01.20 01:36:22.506,0.96618,0.96624,1.00,1.15
2015.01.20 01:36:22.709,0.96615,0.96626,1.00,3.07
2015.01.20 01:36:22.915,0.96617,0.96626,1.00,3.07
2015.01.20 01:36:23.702,0.96611,0.96626,1.57,3.52
2015.01.20 01:36:23.854,0.96613,0.96625,1.00,1.72
2015.01.20 01:36:25.139,0.96613,0.96625,1.57,3.07
2015.01.20 01:36:25.241,0.96613,0.96624,1.10,1.17
2015.01.20 01:36:25.292,0.96613,0.96625,1.10,3.07
2015.01.20 01:36:25.595,0.96615,0.96625,1.12,4.50
2015.01.20 01:36:25.953,0.96615,0.96623,1.12,5.10
2015.01.20 01:36:26.056,0.96615,0.96625,1.50,2.32
2015.01.20 01:36:26.359,0.96618,0.96628,1.00,2.32
2015.01.20 01:36:26.410,0.96618,0.9663,1.20,3.75
2015.01.20 01:36:26.461,0.96618,0.9663,1.27,1.10
2015.01.20 01:36:26.512,0.96619,0.96634,1.52,3.37
2015.01.20 01:36:26.614,0.96622,0.96638,1.27,2.77
2015.01.20 01:36:26.782,0.96622,0.96638,1.65,4.95
2015.01.20 01:36:27.087,0.96622,0.96635,1.00,3.22
2015.01.20 01:36:27.675,0.9662,0.96635,1.17,3.15
2015.01.20 01:36:27.777,0.9662,0.96635,1.65,1.27
2015.01.20 01:36:27.827,0.96621,0.96636,2.70,1.27
2015.01.20 01:36:27.879,0.96622,0.96636,3.07,1.20
2015.01.20 01:36:27.930,0.96624,0.9664,1.25,1.35
2015.01.20 01:36:28.739,0.96624,0.96638,1.82,1.17
2015.01.20 01:36:28.840,0.96624,0.96638,1.75,1.15
2015.01.20 01:36:28.891,0.96622,0.96637,1.57,2.32
2015.01.20 01:36:29.397,0.96622,0.96634,1.12,1.15
2015.01.20 01:36:29.751,0.96622,0.96635,1.27,1.10
2015.01.20 01:36:30.165,0.96624,0.96641,1.25,2.77
2015.01.20 01:36:31.220,0.96624,0.96638,1.25,1.00
2015.01.20 01:36:31.271,0.96624,0.96637,1.10,2.32
2015.01.20 01:36:31.575,0.9662,0.96632,1.20,1.17
2015.01.20 01:36:31.979,0.9662,0.96632,1.00,4.57
2015.01.20 01:36:32.654,0.9662,0.9663,1.00,1.35
2015.01.20 01:36:32.806,0.96617,0.96628,1.00,1.15
2015.01.20 01:36:35.875,0.96617,0.96627,1.50,1.00
2015.01.20 01:36:36.449,0.96618,0.96627,1.00,1.00
2015.01.20 01:36:36.651,0.96622,0.96632,2.25,1.95
2015.01.20 01:36:36.803,0.96626,0.96636,1.15,1.37
2015.01.20 01:36:36.854,0.96626,0.96636,1.15,1.00
2015.01.20 01:36:36.955,0.96627,0.96639,1.15,1.20
2015.01.20 01:36:37.006,0.96627,0.9664,3.07,1.87
2015.01.20 01:36:37.057,0.9663,0.9664,1.07,1.20
2015.01.20 01:36:37.627,0.9663,0.96642,1.17,1.15
2015.01.20 01:36:37.678,0.9663,0.96642,1.10,1.15
2015.01.20 01:36:38.192,0.96629,0.9664,1.20,1.57
2015.01.20 01:36:38.503,0.96629,0.9664,1.27,1.00
2015.01.20 01:36:38.807,0.96636,0.96644,2.32,1.00
2015.01.20 01:36:38.858,0.96637,0.96649,1.15,1.12
2015.01.20 01:36:38.909,0.96638,0.96651,2.32,1.12
2015.01.20 01:36:39.010,0.96639,0.96652,1.15,1.35
2015.01.20 01:36:39.719,0.96639,0.96652,1.27,1.17
2015.01.20 01:36:39.820,0.96637,0.96652,2.40,1.65
2015.01.20 01:36:40.825,0.96639,0.96653,1.27,1.72
2015.01.20 01:36:41.027,0.9664,0.96654,1.22,2.02
2015.01.20 01:36:41.575,0.9664,0.96654,1.32,1.72
2015.01.20 01:36:42.858,0.9664,0.96652,1.22,1.95
2015.01.20 01:36:43.546,0.9664,0.96652,1.22,1.12
2015.01.20 01:36:45.564,0.9664,0.96652,1.22,1.12
2015.01.20 01:36:46.071,0.9664,0.96653,1.22,1.20
2015.01.20 01:36:46.528,0.96641,0.96653,1.22,1.20
2015.01.20 01:36:46.936,0.96644,0.96656,1.15,1.50
2015.01.20 01:36:47.139,0.96643,0.96656,1.15,2.62
2015.01.20 01:36:47.668,0.96643,0.96654,1.15,1.20
2015.01.20 01:36:48.222,0.9664,0.96653,4.57,1.00
2015.01.20 01:36:48.274,0.9664,0.96651,2.40,1.37
2015.01.20 01:36:48.325,0.96638,0.96651,1.35,1.37
2015.01.20 01:36:48.831,0.96636,0.9665,3.45,1.10
2015.01.20 01:36:50.925,0.96637,0.9665,1.20,1.35
2015.01.20 01:36:51.026,0.96636,0.96647,1.35,1.00
2015.01.20 01:36:52.663,0.96635,0.96649,2.77,1.27
2015.01.20 01:36:52.714,0.96635,0.96649,4.95,1.20
2015.01.20 01:36:53.221,0.96639,0.96649,1.15,1.12
2015.01.20 01:36:53.423,0.96639,0.96652,1.10,2.02
2015.01.20 01:36:54.304,0.96636,0.96649,1.25,1.37
2015.01.20 01:36:56.233,0.96636,0.96648,1.15,1.37
2015.01.20 01:36:56.642,0.96635,0.96649,1.65,1.30
2015.01.20 01:36:56.744,0.96637,0.96651,2.40,2.62
2015.01.20 01:36:57.199,0.9664,0.96651,1.10,1.00
2015.01.20 01:36:57.351,0.9664,0.96655,3.07,3.07
2015.01.20 01:36:57.654,0.96644,0.96656,1.15,1.37
2015.01.20 01:36:58.185,0.96646,0.96658,1.35,1.87
2015.01.20 01:36:58.286,0.96646,0.96658,1.35,1.87
2015.01.20 01:36:59.257,0.96646,0.96658,1.72,1.87
2015.01.20 01:36:59.358,0.96648,0.96658,2.32,1.00
2015.01.20 01:36:59.409,0.9665,0.96661,1.15,1.37
2015.01.20 01:36:59.460,0.9665,0.96661,1.10,1.37
2015.01.20 01:36:59.815,0.9665,0.96659,1.00,1.37
2015.01.20 01:37:00.068,0.96649,0.96659,1.30,1.37
2015.01.20 01:37:01.264,0.96646,0.96658,1.25,1.12
2015.01.20 01:37:01.365,0.96646,0.9666,1.25,2.77
2015.01.20 01:37:01.568,0.96643,0.96657,1.25,1.67
2015.01.20 01:37:01.921,0.96645,0.96658,1.17,1.65
2015.01.20 01:37:02.225,0.96648,0.96659,1.07,1.50
2015.01.20 01:37:02.333,0.96648,0.96659,1.07,1.50
2015.01.20 01:37:02.636,0.96648,0.96659,1.15,1.50
2015.01.20 01:37:02.788,0.96648,0.96662,1.15,1.12
2015.01.20 01:37:03.041,0.96647,0.96661,1.35,1.67
2015.01.20 01:37:03.345,0.96645,0.96659,3.90,1.50
2015.01.20 01:37:03.774,0.96645,0.96658,1.25,1.57
2015.01.20 01:37:04.282,0.96646,0.9666,1.27,1.65
2015.01.20 01:37:06.302,0.96646,0.9666,1.25,1.55
2015.01.20 01:37:06.870,0.96647,0.96662,1.15,2.40
2015.01.20 01:37:08.443,0.96646,0.96661,1.17,1.72
2015.01.20 01:37:08.645,0.96646,0.9666,1.17,1.65
2015.01.20 01:37:08.847,0.96646,0.96661,1.17,1.72
2015.01.20 01:37:09.496,0.96644,0.96661,1.52,4.65
2015.01.20 01:37:09.598,0.96643,0.9666,2.02,5.32
2015.01.20 01:37:09.699,0.96643,0.9666,1.15,6.37
2015.01.20 01:37:10.163,0.96643,0.96657,1.57,2.70
2015.01.20 01:37:16.866,0.96642,0.96657,1.27,2.77
2015.01.20 01:37:17.370,0.96642,0.96657,1.35,1.65
2015.01.20 01:37:19.074,0.96641,0.96655,1.25,1.37
2015.01.20 01:37:19.479,0.9664,0.96652,1.37,1.37
2015.01.20 01:37:19.731,0.96636,0.96651,1.27,1.95
2015.01.20 01:37:19.783,0.96636,0.96651,1.45,2.02
2015.01.20 01:37:20.288,0.96635,0.96648,1.12,1.17
2015.01.20 01:37:20.591,0.96632,0.96648,1.92,1.65
2015.01.20 01:37:21.517,0.96633,0.96648,1.20,1.65
2015.01.20 01:37:22.815,0.96632,0.96643,1.87,1.17
2015.01.20 01:37:22.916,0.96632,0.96646,3.82,1.95
2015.01.20 01:37:23.271,0.96634,0.96645,1.15,1.57
2015.01.20 01:37:23.423,0.96632,0.96645,1.07,1.72
2015.01.20 01:37:23.726,0.9663,0.96644,1.65,2.70
2015.01.20 01:37:23.828,0.96628,0.96639,1.00,1.00
2015.01.20 01:37:24.181,0.96626,0.96639,1.20,1.65
2015.01.20 01:37:24.435,0.96622,0.96636,1.20,1.15
2015.01.20 01:37:24.957,0.96622,0.96636,1.20,1.65
2015.01.20 01:37:26.411,0.96621,0.96636,3.75,1.65
2015.01.20 01:37:29.964,0.96625,0.96636,1.10,1.52
2015.01.20 01:37:30.218,0.96626,0.96635,1.10,1.00
2015.01.20 01:37:30.320,0.96626,0.96638,1.10,1.47
2015.01.20 01:37:30.858,0.96626,0.96638,1.10,1.55
2015.01.20 01:37:31.162,0.96627,0.96637,1.17,1.12
2015.01.20 01:37:31.414,0.96632,0.96643,1.10,1.20
2015.01.20 01:37:31.861,0.9663,0.96643,1.10,1.17
2015.01.20 01:37:32.364,0.96631,0.96645,1.00,2.17
2015.01.20 01:37:32.887,0.9663,0.96644,1.30,1.27
2015.01.20 01:37:32.938,0.96629,0.96639,1.20,1.17
2015.01.20 01:37:33.141,0.96627,0.96639,1.65,1.17
2015.01.20 01:37:33.647,0.96625,0.96639,1.95,2.02
2015.01.20 01:37:34.225,0.96626,0.96638,1.35,1.00
2015.01.20 01:37:35.719,0.96627,0.96641,1.27,2.02
2015.01.20 01:37:35.923,0.96629,0.96642,2.32,1.47
2015.01.20 01:37:36.226,0.96633,0.96644,1.15,1.87
2015.01.20 01:37:36.732,0.96633,0.96644,1.17,1.37
2015.01.20 01:37:37.137,0.96633,0.96646,1.17,1.57
2015.01.20 01:37:38.124,0.96633,0.96646,1.17,1.57
2015.01.20 01:37:38.327,0.96633,0.96646,1.37,1.47
2015.01.20 01:37:39.503,0.96633,0.96646,1.20,1.65
2015.01.20 01:37:40.283,0.96633,0.96646,1.10,1.72
2015.01.20 01:37:41.403,0.96636,0.96647,1.00,3.15
2015.01.20 01:37:41.657,0.96634,0.96647,1.65,1.10
2015.01.20 01:37:42.172,0.96636,0.96648,1.35,1.00
2015.01.20 01:37:42.223,0.96636,0.96648,1.35,1.00
2015.01.20 01:37:42.375,0.96638,0.96652,1.17,1.65
2015.01.20 01:37:42.425,0.96641,0.96652,1.00,1.65
2015.01.20 01:37:42.527,0.96639,0.96651,1.10,1.10
2015.01.20 01:37:43.260,0.96639,0.96651,1.10,1.95
2015.01.20 01:37:43.361,0.96637,0.96649,1.10,1.15
2015.01.20 01:37:43.614,0.96634,0.96648,1.25,1.35
2015.01.20 01:37:44.121,0.96634,0.96648,1.00,3.22
2015.01.20 01:37:44.992,0.96634,0.96647,1.00,1.65
2015.01.20 01:37:45.706,0.96635,0.96647,1.00,2.40
2015.01.20 01:37:45.757,0.96637,0.96647,2.32,2.25
2015.01.20 01:37:45.909,0.96642,0.96652,1.00,1.12
2015.01.20 01:37:45.960,0.96642,0.96652,1.15,1.12
2015.01.20 01:37:46.061,0.96641,0.96654,1.10,2.02
2015.01.20 01:37:46.566,0.96639,0.96653,1.37,2.17
2015.01.20 01:37:47.726,0.96639,0.96653,1.30,2.17
2015.01.20 01:37:47.979,0.96637,0.96649,1.20,1.07
2015.01.20 01:37:48.030,0.96635,0.96649,2.40,2.02
2015.01.20 01:37:48.232,0.96635,0.96649,1.27,1.27
2015.01.20 01:37:48.674,0.96637,0.96651,1.07,2.02
2015.01.20 01:37:49.240,0.96637,0.96651,1.07,2.02
2015.01.20 01:37:49.756,0.96637,0.96649,1.00,1.47
2015.01.20 01:37:49.857,0.96635,0.96649,1.10,2.02
2015.01.20 01:37:50.332,0.96635,0.96648,1.10,1.57
2015.01.20 01:37:50.535,0.96632,0.96644,1.20,1.00
2015.01.20 01:37:50.636,0.96631,0.96644,1.10,1.57
2015.01.20 01:37:50.940,0.96629,0.96643,1.57,1.62
2015.01.20 01:37:50.991,0.96629,0.9664,1.10,1.00
2015.01.20 01:37:52.049,0.96628,0.9664,1.10,1.00
2015.01.20 01:37:52.362,0.96625,0.96638,1.85,1.27
2015.01.20 01:37:52.615,0.96623,0.96635,2.62,1.00
2015.01.20 01:37:54.383,0.96626,0.96635,1.00,1.00
2015.01.20 01:37:54.915,0.96627,0.96635,1.00,1.00
2015.01.20 01:37:54.966,0.96627,0.96638,1.00,1.00
2015.01.20 01:37:55.271,0.96628,0.96642,1.00,1.35
2015.01.20 01:37:55.474,0.96629,0.96642,1.12,1.17
2015.01.20 01:37:55.627,0.9663,0.96644,1.00,1.17
2015.01.20 01:37:55.829,0.96633,0.96645,1.00,1.20
2015.01.20 01:37:56.486,0.96634,0.96646,1.00,1.20
2015.01.20 01:37:58.784,0.96634,0.96646,1.00,1.27
2015.01.20 01:37:59.350,0.96632,0.96646,1.07,1.27
2015.01.20 01:37:59.895,0.96633,0.96646,1.10,1.20
2015.01.20 01:38:00.425,0.96633,0.96647,1.95,1.20
2015.01.20 01:38:05.707,0.96633,0.96647,1.20,1.45
2015.01.20 01:38:06.226,0.96633,0.96647,1.20,1.55
2015.01.20 01:38:11.522,0.96631,0.96645,2.77,1.37
2015.01.20 01:38:12.063,0.96632,0.96645,1.82,1.00
2015.01.20 01:38:15.495,0.96634,0.96646,1.20,1.20
2015.01.20 01:38:16.736,0.96634,0.96646,1.10,1.47
2015.01.20 01:38:18.386,0.96635,0.96649,1.00,2.10
2015.01.20 01:38:18.689,0.96636,0.96648,1.00,2.62
2015.01.20 01:38:18.892,0.96633,0.96647,1.10,1.87
2015.01.20 01:38:19.726,0.96632,0.96644,1.00,1.37
2015.01.20 01:38:20.140,0.96633,0.96646,1.20,1.12
2015.01.20 01:38:23.971,0.96633,0.96647,1.30,1.57
2015.01.20 01:38:24.715,0.96633,0.96646,1.17,1.12
2015.01.20 01:38:24.817,0.96634,0.96646,2.32,1.12
2015.01.20 01:38:24.969,0.96635,0.96647,1.17,1.12
2015.01.20 01:38:25.171,0.96632,0.96646,1.15,2.25
2015.01.20 01:38:25.767,0.96631,0.96645,1.27,1.47
2015.01.20 01:38:27.805,0.96631,0.96644,1.10,2.32
2015.01.20 01:38:28.422,0.9663,0.96642,1.27,1.37
2015.01.20 01:38:28.727,0.9663,0.96642,1.20,1.47
2015.01.20 01:38:29.232,0.9663,0.96642,1.12,1.50
2015.01.20 01:38:29.437,0.96624,0.96637,1.50,1.27
2015.01.20 01:38:29.693,0.96621,0.96634,2.25,1.00
2015.01.20 01:38:29.895,0.96621,0.96634,1.10,1.10
2015.01.20 01:38:30.047,0.96621,0.96632,1.10,1.00
2015.01.20 01:38:31.972,0.96618,0.96632,1.20,1.20
2015.01.20 01:38:32.511,0.9662,0.96632,1.00,1.10
2015.01.20 01:38:35.296,0.9662,0.96632,1.00,1.95
2015.01.20 01:38:35.397,0.96618,0.96632,1.10,2.70
2015.01.20 01:38:35.903,0.96618,0.96631,1.00,2.40
2015.01.20 01:38:36.152,0.96618,0.96629,1.00,1.57
2015.01.20 01:38:38.523,0.96618,0.9663,1.07,1.20
2015.01.20 01:38:38.574,0.96618,0.9663,1.07,1.07
2015.01.20 01:38:38.726,0.96621,0.9663,1.00,1.07
2015.01.20 01:38:39.081,0.96621,0.96633,1.00,3.75
2015.01.20 01:38:39.594,0.96622,0.96635,1.10,1.95
2015.01.20 01:38:39.941,0.96622,0.96636,1.20,1.27
2015.01.20 01:38:40.511,0.96621,0.96633,2.10,1.00
2015.01.20 01:38:41.353,0.96621,0.96633,2.02,1.00
2015.01.20 01:38:41.505,0.96624,0.96636,1.20,1.10
2015.01.20 01:38:41.708,0.96626,0.96638,1.00,1.57
2015.01.20 01:38:42.324,0.96626,0.96638,1.20,1.00
2015.01.20 01:38:42.602,0.96628,0.9664,1.00,1.50
2015.01.20 01:38:42.905,0.96627,0.96638,1.00,1.95
2015.01.20 01:38:43.006,0.96625,0.96637,1.10,1.50
2015.01.20 01:38:44.982,0.96626,0.96634,1.00,1.12
2015.01.20 01:38:45.033,0.96626,0.96634,1.17,1.12
2015.01.20 01:38:45.134,0.96626,0.96635,1.10,1.12
2015.01.20 01:38:45.568,0.96623,0.96637,1.10,2.25
2015.01.20 01:38:45.770,0.96621,0.96633,1.00,1.67
2015.01.20 01:38:46.074,0.96621,0.96633,1.00,2.10
2015.01.20 01:38:46.884,0.96617,0.96631,1.20,1.55
2015.01.20 01:38:47.399,0.9662,0.96632,1.00,1.65
2015.01.20 01:38:47.943,0.9662,0.96632,1.10,1.50
2015.01.20 01:38:49.745,0.96618,0.96632,1.10,1.57
2015.01.20 01:38:50.247,0.96618,0.96632,1.20,1.47
2015.01.20 01:38:50.466,0.96618,0.96632,1.27,1.37
2015.01.20 01:38:50.618,0.96618,0.96632,1.35,1.00
2015.01.20 01:38:51.074,0.96621,0.96633,1.35,1.00
2015.01.20 01:38:51.175,0.96622,0.96636,1.17,1.10
2015.01.20 01:38:52.155,0.96622,0.96636,1.72,1.00
2015.01.20 01:38:53.228,0.96622,0.96636,1.27,1.00
2015.01.20 01:38:53.788,0.96622,0.96636,1.10,1.10
2015.01.20 01:38:58.472,0.96622,0.96636,1.27,1.00
2015.01.20 01:38:58.725,0.96622,0.96636,1.50,1.52
2015.01.20 01:38:58.826,0.96622,0.96636,1.10,1.52
2015.01.20 01:38:58.978,0.96625,0.96637,1.00,1.37
2015.01.20 01:38:59.371,0.96625,0.96637,1.00,1.37
2015.01.20 01:39:02.574,0.96625,0.96637,1.00,1.47
2015.01.20 01:39:02.625,0.96622,0.96636,1.20,1.37
2015.01.20 01:39:02.676,0.96622,0.96636,1.10,1.37
2015.01.20 01:39:02.929,0.96622,0.96636,1.10,1.95
2015.01.20 01:39:04.030,0.96624,0.96637,1.00,2.02
2015.01.20 01:39:04.375,0.96626,0.96636,1.00,1.37
2015.01.20 01:39:04.577,0.96626,0.96636,1.00,1.37
2015.01.20 01:39:05.123,0.96624,0.96636,1.07,1.37
2015.01.20 01:39:07.831,0.96624,0.96636,1.20,1.37
2015.01.20 01:39:08.394,0.96624,0.96636,1.10,1.87
2015.01.20 01:39:08.721,0.96624,0.96636,1.10,1.50
2015.01.20 01:39:09.483,0.96624,0.96636,1.10,1.15
2015.01.20 01:39:09.638,0.96621,0.96633,1.12,1.00
2015.01.20 01:39:11.603,0.96621,0.96635,1.87,1.20
2015.01.20 01:39:14.371,0.96621,0.96635,1.87,1.65
2015.01.20 01:39:14.422,0.96621,0.96635,1.50,1.65
2015.01.20 01:39:14.574,0.96621,0.96635,1.00,1.35
2015.01.20 01:39:14.777,0.96621,0.96634,1.00,1.35
2015.01.20 01:39:14.828,0.96619,0.9663,1.00,1.00
2015.01.20 01:39:15.356,0.96618,0.9663,1.00,1.17
2015.01.20 01:39:16.101,0.96618,0.96631,1.00,1.20
2015.01.20 01:39:16.485,0.96619,0.96632,1.37,1.17
2015.01.20 01:39:16.587,0.9662,0.96632,1.00,1.17
2015.01.20 01:39:16.740,0.96618,0.96632,1.95,1.17
2015.01.20 01:39:16.842,0.96619,0.96632,1.37,1.27
2015.01.20 01:39:17.045,0.96619,0.96632,1.20,1.10
2015.01.20 01:39:18.161,0.9662,0.96632,1.00,1.10
2015.01.20 01:39:18.691,0.96621,0.96632,1.00,1.10
2015.01.20 01:39:18.983,0.96621,0.96632,1.00,1.35
2015.01.20 01:39:19.288,0.96617,0.96629,1.57,1.10
2015.01.20 01:39:20.683,0.96617,0.96631,1.27,1.50
2015.01.20 01:39:21.990,0.96617,0.96631,1.27,1.00
2015.01.20 01:39:22.495,0.9662,0.96632,1.10,1.50
2015.01.20 01:39:22.697,0.96621,0.96633,1.07,1.10
2015.01.20 01:39:23.001,0.96624,0.96636,1.00,2.25
2015.01.20 01:39:23.593,0.96624,0.96636,1.17,1.65
2015.01.20 01:39:26.595,0.96624,0.96636,1.17,1.20
2015.01.20 01:39:26.747,0.96625,0.96638,1.27,1.00
2015.01.20 01:39:26.798,0.96626,0.96638,2.25,1.00
2015.01.20 01:39:26.899,0.9663,0.96641,1.10,1.10
2015.01.20 01:39:27.203,0.96631,0.9664,1.00,1.50
2015.01.20 01:39:27.254,0.96628,0.9664,1.07,2.25
2015.01.20 01:39:27.356,0.96626,0.9664,1.07,3.07
2015.01.20 01:39:27.458,0.96629,0.96639,1.00,1.00
2015.01.20 01:39:27.990,0.96629,0.96641,1.00,1.50
2015.01.20 01:39:29.702,0.96629,0.96641,1.07,1.95
2015.01.20 01:39:31.107,0.96628,0.9664,1.20,1.10
2015.01.20 01:39:33.862,0.9663,0.9664,1.00,1.00
2015.01.20 01:39:33.963,0.96628,0.9664,1.20,1.07
2015.01.20 01:39:35.724,0.9663,0.96639,1.00,1.10
2015.01.20 01:39:36.244,0.9663,0.96642,1.00,2.32
2015.01.20 01:39:36.295,0.96628,0.96642,1.10,1.57
2015.01.20 01:39:36.396,0.96631,0.96643,1.00,3.00
2015.01.20 01:39:36.447,0.96631,0.96643,1.10,1.65
2015.01.20 01:39:36.650,0.96632,0.96643,1.00,3.07
2015.01.20 01:39:36.852,0.9663,0.96641,1.00,1.35
2015.01.20 01:39:36.953,0.96628,0.96641,1.00,1.27
2015.01.20 01:39:37.155,0.96626,0.96638,1.20,1.00
2015.01.20 01:39:37.927,0.96627,0.96638,1.27,1.00
2015.01.20 01:39:38.131,0.96634,0.96647,1.15,1.00
2015.01.20 01:39:38.656,0.96636,0.9665,1.27,1.65
2015.01.20 01:39:42.250,0.96636,0.9665,1.27,1.30
2015.01.20 01:39:50.135,0.96638,0.96652,1.17,1.95
2015.01.20 01:39:50.439,0.96645,0.96657,1.00,1.07
2015.01.20 01:39:50.492,0.96646,0.96658,1.00,1.10
2015.01.20 01:39:51.024,0.96646,0.9666,1.00,1.95
2015.01.20 01:39:51.995,0.96646,0.9666,1.17,1.50
2015.01.20 01:39:52.249,0.96646,0.9666,1.42,1.00
2015.01.20 01:39:52.764,0.96648,0.96662,1.07,2.02
2015.01.20 01:39:53.611,0.96648,0.96662,1.17,1.65
2015.01.20 01:39:54.151,0.96648,0.96662,1.07,2.70
2015.01.20 01:39:56.176,0.96648,0.96662,1.00,2.70
2015.01.20 01:39:57.172,0.96648,0.96659,1.00,1.00
2015.01.20 01:39:57.273,0.96645,0.96656,1.85,1.45
2015.01.20 01:39:57.375,0.96641,0.96652,1.00,1.10
2015.01.20 01:39:57.476,0.96641,0.96652,1.00,1.17
2015.01.20 01:39:57.628,0.96638,0.9665,1.50,1.20
2015.01.20 01:39:58.142,0.96638,0.9665,1.00,1.35
2015.01.20 01:39:58.817,0.96636,0.96648,1.20,1.00
2015.01.20 01:39:59.070,0.96636,0.96646,1.12,1.00
2015.01.20 01:40:00.697,0.96633,0.96643,1.50,1.00
2015.01.20 01:40:00.951,0.9663,0.96642,1.57,1.20
2015.01.20 01:40:01.002,0.96631,0.96642,1.07,1.10
2015.01.20 01:40:01.103,0.96634,0.96648,1.07,2.25
2015.01.20 01:40:01.204,0.96634,0.96648,1.17,1.57
2015.01.20 01:40:01.306,0.96634,0.96648,1.20,2.02
2015.01.20 01:40:03.099,0.96634,0.96648,1.07,1.95
2015.01.20 01:40:03.302,0.96643,0.96657,1.07,2.02
2015.01.20 01:40:03.872,0.96646,0.96657,1.00,1.12
2015.01.20 01:40:05.230,0.96644,0.96657,1.27,1.12
2015.01.20 01:40:06.310,0.96646,0.96657,1.00,1.12
2015.01.20 01:40:07.085,0.96646,0.96657,1.00,2.02
2015.01.20 01:40:07.200,0.96642,0.96654,1.57,1.37
2015.01.20 01:40:07.251,0.96642,0.96654,1.00,1.47
2015.01.20 01:40:07.504,0.96639,0.96652,1.17,1.37
2015.01.20 01:40:09.161,0.96642,0.96653,1.00,2.32
2015.01.20 01:40:10.480,0.96642,0.96653,1.00,2.32
2015.01.20 01:40:12.361,0.96642,0.96653,1.50,1.82
2015.01.20 01:40:12.563,0.96642,0.96654,1.00,1.47
2015.01.20 01:40:14.473,0.96645,0.96657,1.00,1.55
2015.01.20 01:40:14.574,0.96646,0.96658,1.00,1.17
2015.01.20 01:40:14.626,0.96646,0.9666,1.57,1.65
2015.01.20 01:40:15.174,0.96649,0.96663,1.10,2.10
2015.01.20 01:40:15.600,0.96649,0.96663,3.90,1.57
2015.01.20 01:40:15.853,0.96656,0.96669,1.00,1.20
2015.01.20 01:40:15.918,0.96659,0.9667,1.10,1.87
2015.01.20 01:40:16.222,0.9666,0.96671,1.00,1.12
2015.01.20 01:40:16.323,0.96657,0.96669,1.57,1.20
2015.01.20 01:40:19.428,0.96655,0.9667,1.15,1.12
2015.01.20 01:40:23.248,0.96658,0.96669,1.00,1.12
2015.01.20 01:40:28.119,0.96652,0.96664,1.07,2.25
2015.01.20 01:40:28.221,0.96652,0.96664,1.50,2.32
2015.01.20 01:40:28.423,0.96652,0.96666,1.00,3.82
2015.01.20 01:40:28.928,0.96652,0.96667,1.50,3.90
2015.01.20 01:40:29.931,0.96654,0.96667,1.00,3.90
2015.01.20 01:40:35.554,0.96654,0.96666,1.00,2.70
2015.01.20 01:40:35.874,0.9665,0.96664,2.32,2.32
2015.01.20 01:40:36.032,0.9665,0.96664,1.95,2.32
2015.01.20 01:40:36.133,0.9665,0.96664,2.32,2.32
2015.01.20 01:40:37.228,0.9665,0.96664,1.10,3.07
2015.01.20 01:40:37.381,0.9665,0.96659,1.37,1.55
2015.01.20 01:40:37.533,0.96645,0.96659,1.10,2.02
2015.01.20 01:40:37.736,0.96645,0.96659,1.15,1.87
2015.01.20 01:40:38.194,0.96645,0.96658,1.07,2.77
2015.01.20 01:40:38.362,0.96639,0.96652,2.10,1.00
2015.01.20 01:40:38.414,0.96639,0.9665,1.15,1.00
2015.01.20 01:40:38.718,0.96638,0.9665,1.65,2.32
2015.01.20 01:40:41.690,0.96638,0.96649,1.15,1.12
2015.01.20 01:40:41.993,0.96638,0.96648,1.10,1.85
2015.01.20 01:40:42.518,0.96638,0.9665,1.10,2.02
2015.01.20 01:40:43.940,0.96638,0.96649,3.07,1.47
2015.01.20 01:40:44.092,0.96641,0.96653,1.17,2.25
2015.01.20 01:40:47.637,0.9664,0.96654,1.20,2.10
2015.01.20 01:40:50.558,0.96638,0.96652,1.72,1.55
2015.01.20 01:40:50.661,0.96636,0.9665,2.02,1.15
2015.01.20 01:40:51.999,0.96636,0.96647,1.07,1.20
2015.01.20 01:40:53.235,0.96636,0.96648,1.07,1.15
2015.01.20 01:40:55.230,0.96636,0.9665,1.15,1.35
2015.01.20 01:40:55.281,0.96636,0.9665,1.15,1.35
2015.01.20 01:40:57.268,0.96636,0.9665,1.00,3.52
2015.01.20 01:40:57.471,0.96632,0.96646,2.85,1.07
2015.01.20 01:40:57.926,0.96636,0.96644,1.00,1.10
2015.01.20 01:40:58.256,0.96633,0.96644,1.12,1.10
2015.01.20 01:40:59.682,0.96633,0.96646,1.20,1.27
2015.01.20 01:41:00.194,0.96634,0.96646,1.57,1.20
2015.01.20 01:41:00.764,0.96636,0.96646,1.37,1.20
2015.01.20 01:41:01.169,0.96635,0.96648,1.17,1.10
2015.01.20 01:41:01.422,0.96637,0.9665,1.17,1.20
2015.01.20 01:41:02.158,0.96636,0.9665,1.27,1.17
2015.01.20 01:41:02.461,0.96635,0.96647,4.20,1.00
2015.01.20 01:41:02.617,0.96636,0.9665,2.47,1.27
2015.01.20 01:41:03.147,0.96639,0.96653,1.15,2.02
2015.01.20 01:41:03.198,0.96639,0.96653,1.15,1.95
2015.01.20 01:41:03.683,0.96639,0.96653,1.10,2.77
2015.01.20 01:41:03.734,0.96637,0.96651,1.10,1.27
2015.01.20 01:41:03.987,0.96637,0.96651,1.10,1.92
2015.01.20 01:41:04.323,0.96635,0.96649,1.15,1.87
2015.01.20 01:41:12.280,0.96637,0.96649,1.15,1.12
2015.01.20 01:41:12.484,0.96638,0.96651,2.32,2.25
2015.01.20 01:41:13.048,0.9664,0.96654,1.17,2.02
2015.01.20 01:41:14.322,0.9664,0.96654,1.00,2.02
2015.01.20 01:41:14.477,0.96639,0.96651,1.00,1.27
2015.01.20 01:41:14.782,0.96639,0.96649,1.00,1.45
2015.01.20 01:41:15.088,0.9664,0.96651,2.32,1.50
2015.01.20 01:41:15.139,0.9664,0.96651,2.32,1.00
2015.01.20 01:41:15.645,0.96644,0.96654,1.10,1.85
2015.01.20 01:41:16.500,0.96645,0.96654,1.00,1.85
2015.01.20 01:41:17.013,0.96645,0.96655,1.00,1.27
2015.01.20 01:41:17.782,0.96643,0.96655,1.07,1.72
2015.01.20 01:41:18.135,0.9664,0.96654,1.65,1.15
2015.01.20 01:41:18.186,0.9664,0.96654,1.12,1.65
2015.01.20 01:41:18.237,0.96638,0.96652,1.27,1.27
2015.01.20 01:41:18.490,0.96637,0.9665,1.00,1.15
2015.01.20 01:41:18.999,0.96637,0.96651,1.07,1.72
2015.01.20 01:41:21.780,0.96637,0.96649,3.07,1.07
2015.01.20 01:41:21.881,0.96639,0.96653,1.15,2.62
2015.01.20 01:41:22.394,0.96643,0.96654,1.00,1.45
2015.01.20 01:41:22.962,0.96643,0.96655,1.00,2.02
2015.01.20 01:41:24.287,0.96643,0.96655,1.07,1.95
2015.01.20 01:41:24.590,0.96652,0.96662,2.32,1.85
2015.01.20 01:41:24.641,0.9665,0.96662,2.32,1.10
2015.01.20 01:41:24.743,0.9665,0.96663,2.32,1.87
2015.01.20 01:41:25.255,0.96649,0.96663,3.15,1.87
2015.01.20 01:41:25.971,0.96649,0.96662,3.07,1.37
2015.01.20 01:41:27.795,0.96652,0.96663,1.17,1.20
2015.01.20 01:41:27.897,0.9666,0.96666,1.37,1.00
2015.01.20 01:41:27.948,0.9666,0.96671,1.37,1.00
2015.01.20 01:41:27.999,0.96661,0.96671,1.47,1.00
2015.01.20 01:41:28.253,0.96661,0.96675,2.77,1.20
2015.01.20 01:41:28.749,0.96661,0.96675,1.15,2.02
2015.01.20 01:41:32.465,0.96661,0.96675,2.40,1.65
2015.01.20 01:41:35.057,0.96661,0.96675,1.95,1.72
2015.01.20 01:41:35.571,0.96661,0.96675,1.45,1.72
2015.01.20 01:41:35.940,0.9666,0.96673,1.07,1.25
2015.01.20 01:41:35.991,0.96659,0.96673,1.95,1.25
2015.01.20 01:41:39.288,0.96658,0.96672,1.65,1.25
2015.01.20 01:41:40.371,0.96659,0.96672,1.00,1.25
2015.01.20 01:41:42.229,0.96659,0.96672,1.20,1.15
2015.01.20 01:41:42.787,0.96658,0.9667,1.10,1.17
2015.01.20 01:41:44.106,0.96659,0.9667,1.00,1.17
2015.01.20 01:41:44.615,0.96658,0.9667,1.10,1.17
2015.01.20 01:41:45.236,0.96659,0.9667,1.00,1.17
2015.01.20 01:41:46.005,0.96658,0.9667,1.10,1.17
2015.01.20 01:41:46.869,0.9666,0.9667,1.00,1.17
2015.01.20 01:41:47.489,0.96659,0.9667,1.00,1.17
2015.01.20 01:41:48.006,0.96658,0.9667,1.10,1.17
2015.01.20 01:41:48.339,0.9666,0.9667,1.00,1.17
2015.01.20 01:41:49.214,0.96658,0.9667,1.20,1.17
2015.01.20 01:41:49.265,0.96658,0.96672,2.02,1.20
2015.01.20 01:41:49.571,0.96664,0.96672,1.15,1.37
2015.01.20 01:41:49.622,0.96664,0.96675,1.00,2.02
2015.01.20 01:41:49.673,0.96664,0.96671,1.00,1.12
2015.01.20 01:41:49.723,0.96662,0.96671,1.10,1.12
2015.01.20 01:41:49.976,0.96662,0.96673,1.10,1.12
2015.01.20 01:41:50.027,0.9666,0.96673,1.15,1.45
2015.01.20 01:41:50.179,0.9666,0.96671,1.15,1.37
2015.01.20 01:41:50.483,0.9666,0.9667,1.15,1.12
2015.01.20 01:41:50.736,0.96658,0.96672,1.65,2.32
2015.01.20 01:41:51.251,0.96658,0.96671,1.15,1.07
2015.01.20 01:41:51.809,0.96661,0.96673,1.00,2.40
2015.01.20 01:41:52.998,0.96659,0.96672,1.17,1.65
2015.01.20 01:41:53.917,0.96659,0.96672,1.17,2.02
2015.01.20 01:41:55.008,0.96662,0.96672,1.00,1.95
2015.01.20 01:41:55.160,0.96662,0.96672,1.00,1.10
2015.01.20 01:41:55.704,0.96661,0.96673,1.50,1.27
2015.01.20 01:41:56.007,0.96663,0.96673,1.00,1.27
2015.01.20 01:41:56.508,0.96663,0.96675,1.17,1.87
2015.01.20 01:41:57.043,0.96662,0.96675,1.15,1.50
2015.01.20 01:41:57.560,0.96661,0.96674,1.17,1.20
2015.01.20 01:41:57.863,0.96666,0.96676,1.00,1.20
2015.01.20 01:41:57.914,0.96666,0.96677,1.00,1.95
2015.01.20 01:41:57.964,0.96666,0.96677,1.15,1.87
2015.01.20 01:41:58.015,0.96666,0.96677,1.15,1.00
2015.01.20 01:41:58.567,0.96668,0.96679,1.10,1.12
2015.01.20 01:41:59.314,0.96667,0.96679,1.17,1.00
2015.01.20 01:42:00.166,0.9667,0.96683,1.00,1.27
2015.01.20 01:42:00.679,0.96669,0.96684,1.27,2.10
2015.01.20 01:42:03.034,0.96668,0.96681,2.32,1.50
2015.01.20 01:42:03.287,0.96667,0.96677,1.00,1.27
2015.01.20 01:42:03.338,0.96664,0.96677,1.15,1.27
2015.01.20 01:42:03.591,0.96662,0.96673,1.10,1.47
2015.01.20 01:42:04.668,0.96662,0.96673,5.25,1.12
2015.01.20 01:42:04.977,0.96663,0.96675,1.00,1.87
2015.01.20 01:42:05.289,0.96663,0.96674,1.07,1.72
2015.01.20 01:42:05.813,0.96661,0.96673,1.15,1.12
2015.01.20 01:42:06.787,0.96661,0.96672,1.15,1.57
2015.01.20 01:42:06.839,0.96661,0.96672,1.07,2.02
2015.01.20 01:42:06.992,0.96654,0.96668,1.25,1.87
2015.01.20 01:42:07.144,0.96656,0.96668,1.35,1.37
2015.01.20 01:42:08.181,0.96661,0.96671,1.00,1.20
2015.01.20 01:42:08.730,0.96661,0.96672,1.00,1.20
2015.01.20 01:42:08.948,0.96663,0.96675,1.17,1.45
2015.01.20 01:42:09.051,0.96664,0.96675,1.17,1.50
2015.01.20 01:42:09.153,0.96664,0.96677,5.25,1.75
2015.01.20 01:42:09.204,0.96664,0.96676,5.25,1.12
2015.01.20 01:42:09.748,0.96666,0.9668,1.15,1.95
2015.01.20 01:42:10.847,0.96666,0.9668,1.00,1.95
2015.01.20 01:42:11.383,0.96666,0.96678,1.15,1.37
2015.01.20 01:42:12.165,0.96666,0.96678,1.07,1.45
2015.01.20 01:42:13.819,0.96666,0.96679,1.07,1.55
2015.01.20 01:42:14.022,0.96663,0.96676,1.27,1.47
2015.01.20 01:42:14.527,0.96663,0.96676,1.20,1.57
2015.01.20 01:42:25.082,0.96663,0.96671,1.10,2.62
2015.01.20 01:42:25.185,0.96656,0.96668,1.20,2.70
2015.01.20 01:42:25.590,0.96652,0.96666,1.27,1.52
2015.01.20 01:42:27.692,0.96652,0.96666,3.52,1.47
2015.01.20 01:42:28.202,0.96657,0.96668,1.00,1.47
2015.01.20 01:42:28.744,0.96656,0.96668,1.05,1.37
2015.01.20 01:42:29.529,0.96656,0.96668,1.20,1.37
2015.01.20 01:42:30.958,0.96656,0.96668,1.20,1.37
2015.01.20 01:42:31.600,0.96652,0.96666,1.72,1.45
2015.01.20 01:42:34.236,0.96654,0.96667,1.17,1.65
2015.01.20 01:42:35.230,0.96653,0.96667,1.12,2.10
2015.01.20 01:42:35.382,0.96653,0.96666,1.00,1.62
2015.01.20 01:42:35.585,0.96653,0.96664,1.00,1.52
2015.01.20 01:42:35.890,0.9665,0.96664,3.45,1.87
2015.01.20 01:42:36.397,0.96655,0.96667,1.00,1.65
2015.01.20 01:42:36.549,0.96652,0.96661,1.20,1.37
2015.01.20 01:42:36.752,0.96648,0.9666,1.12,1.27
2015.01.20 01:42:36.954,0.96646,0.96659,2.62,2.32
2015.01.20 01:42:37.258,0.96644,0.96653,1.12,1.20
2015.01.20 01:42:37.410,0.96643,0.96653,1.75,1.27
2015.01.20 01:42:39.350,0.96647,0.96654,1.00,1.17
2015.01.20 01:42:39.886,0.96646,0.96654,1.00,1.17
2015.01.20 01:42:40.425,0.96645,0.96654,1.00,1.17
2015.01.20 01:42:40.931,0.96644,0.96654,1.20,1.27
2015.01.20 01:42:41.306,0.96642,0.96654,1.30,1.17
2015.01.20 01:42:41.874,0.96643,0.96654,1.00,1.17
2015.01.20 01:42:43.985,0.96643,0.96654,1.12,1.17
2015.01.20 01:42:46.217,0.96642,0.96654,2.40,1.12
2015.01.20 01:42:46.496,0.96646,0.96654,1.00,1.00
2015.01.20 01:42:47.043,0.96645,0.96654,1.00,1.00
2015.01.20 01:42:47.397,0.96648,0.96654,1.00,1.00
2015.01.20 01:42:47.499,0.96645,0.96657,1.12,1.57
2015.01.20 01:42:48.029,0.96647,0.96657,1.00,1.57
2015.01.20 01:42:48.457,0.96649,0.96657,1.00,1.57
2015.01.20 01:42:48.568,0.96647,0.96657,1.00,1.57
2015.01.20 01:42:49.636,0.96647,0.96657,1.00,1.57
2015.01.20 01:42:50.889,0.96647,0.96657,1.00,1.57
2015.01.20 01:42:52.007,0.96648,0.96657,1.00,1.57
2015.01.20 01:42:52.678,0.96647,0.96657,1.00,1.57
2015.01.20 01:42:53.487,0.96647,0.96657,1.00,1.20
2015.01.20 01:42:53.638,0.96648,0.96657,1.00,1.15
2015.01.20 01:42:53.740,0.96646,0.96657,1.00,1.15
2015.01.20 01:42:54.262,0.96645,0.96656,1.00,1.15
2015.01.20 01:42:55.176,0.96648,0.96656,1.00,1.15
2015.01.20 01:42:56.488,0.96647,0.96657,1.00,1.15
2015.01.20 01:42:57.290,0.96645,0.96657,1.00,1.15
2015.01.20 01:43:00.301,0.96647,0.96657,1.00,1.15
2015.01.20 01:43:00.606,0.96651,0.96657,1.00,1.15
2015.01.20 01:43:00.917,0.96649,0.96657,1.00,1.15
2015.01.20 01:43:01.397,0.96648,0.96657,1.00,1.10
2015.01.20 01:43:01.498,0.9665,0.96657,1.00,1.10
2015.01.20 01:43:01.650,0.9665,0.96661,1.07,1.45
2015.01.20 01:43:01.751,0.9665,0.96664,1.07,1.72
2015.01.20 01:43:01.802,0.96654,0.96664,1.00,1.27
2015.01.20 01:43:02.105,0.96654,0.96662,1.00,1.27
2015.01.20 01:43:02.257,0.96651,0.96657,1.12,1.00
2015.01.20 01:43:02.762,0.9665,0.96655,1.00,1.00
2015.01.20 01:43:03.181,0.96649,0.96657,1.00,1.12
2015.01.20 01:43:03.690,0.9665,0.96657,1.00,1.12
2015.01.20 01:43:04.215,0.96649,0.96657,1.00,1.12
2015.01.20 01:43:04.772,0.96649,0.96656,1.00,1.00
2015.01.20 01:43:05.581,0.96649,0.96658,1.00,1.47
2015.01.20 01:43:08.116,0.9665,0.96658,1.00,1.47
2015.01.20 01:43:09.595,0.9665,0.96658,1.00,1.20
2015.01.20 01:43:10.379,0.96651,0.96658,1.00,1.20
2015.01.20 01:43:12.077,0.96648,0.96658,1.00,1.20
2015.01.20 01:43:16.678,0.96649,0.96658,1.00,1.10
2015.01.20 01:43:17.222,0.96648,0.96658,1.10,1.10
2015.01.20 01:43:19.997,0.96648,0.96657,1.10,1.00
2015.01.20 01:43:20.301,0.9665,0.96657,1.00,1.10
2015.01.20 01:43:23.106,0.9665,0.9666,1.00,1.25
2015.01.20 01:43:23.207,0.9665,0.9666,1.00,1.10
2015.01.20 01:43:23.606,0.96653,0.9666,1.00,1.10
2015.01.20 01:43:23.758,0.96652,0.96664,1.15,1.50
2015.01.20 01:43:23.809,0.96657,0.96664,1.20,1.50
2015.01.20 01:43:23.961,0.96657,0.96666,1.20,1.50
2015.01.20 01:43:24.011,0.96657,0.96666,1.15,1.50
2015.01.20 01:43:24.517,0.96658,0.9667,1.15,1.82
2015.01.20 01:43:30.788,0.96659,0.96672,1.17,1.65
2015.01.20 01:43:31.041,0.96657,0.96666,1.00,1.55
2015.01.20 01:43:31.143,0.96654,0.96665,1.20,1.20
2015.01.20 01:43:31.361,0.96654,0.96668,2.10,1.15
2015.01.20 01:43:31.412,0.96655,0.96668,3.82,1.00
2015.01.20 01:43:31.462,0.96658,0.96672,1.27,1.27
2015.01.20 01:43:31.614,0.96664,0.96673,1.00,1.72
2015.01.20 01:43:31.868,0.96662,0.96673,1.10,1.07
2015.01.20 01:43:32.719,0.96666,0.96675,1.00,1.07
2015.01.20 01:43:32.820,0.96664,0.96676,1.15,1.20
2015.01.20 01:43:33.326,0.96667,0.96678,1.10,1.17
2015.01.20 01:43:33.579,0.96668,0.9668,1.10,1.10
2015.01.20 01:43:33.630,0.9667,0.9668,1.10,1.00
2015.01.20 01:43:33.782,0.9667,0.96684,1.10,2.77
2015.01.20 01:43:33.934,0.9667,0.96685,1.17,1.35
2015.01.20 01:43:36.628,0.96675,0.96687,1.00,3.97
2015.01.20 01:43:36.730,0.96675,0.96687,1.20,1.05
2015.01.20 01:43:37.242,0.96675,0.9669,1.35,1.72
2015.01.20 01:43:37.700,0.96675,0.96687,1.20,1.27
2015.01.20 01:43:37.953,0.96676,0.96689,1.00,1.90
2015.01.20 01:43:38.358,0.96676,0.9669,1.27,2.02
2015.01.20 01:43:39.447,0.96681,0.9669,1.10,1.12
2015.01.20 01:43:39.600,0.96681,0.96691,1.17,1.00
2015.01.20 01:43:39.701,0.96681,0.96691,1.17,1.12
2015.01.20 01:43:40.007,0.96681,0.96694,3.07,2.25
2015.01.20 01:43:40.108,0.96681,0.96694,1.15,2.25
2015.01.20 01:43:40.159,0.96681,0.96694,1.15,2.25
2015.01.20 01:43:40.462,0.96686,0.967,1.15,2.25
2015.01.20 01:43:40.564,0.96686,0.96699,1.30,1.55
2015.01.20 01:43:40.665,0.96686,0.967,1.35,1.42
2015.01.20 01:43:40.716,0.96685,0.96701,1.65,2.02
2015.01.20 01:43:41.254,0.96686,0.96701,2.40,1.57
2015.01.20 01:43:41.660,0.96686,0.96703,4.20,1.12
2015.01.20 01:43:46.664,0.96689,0.96703,1.17,1.12
2015.01.20 01:43:47.237,0.96689,0.96703,1.17,1.12
2015.01.20 01:43:47.805,0.96689,0.96703,1.10,1.12
2015.01.20 01:43:48.715,0.96686,0.96703,1.65,1.75
2015.01.20 01:43:48.817,0.96685,0.96699,2.40,1.00
2015.01.20 01:43:49.019,0.96679,0.96694,1.00,1.72
2015.01.20 01:43:49.070,0.96678,0.96694,1.65,1.72
2015.01.20 01:43:49.490,0.96676,0.96692,1.10,2.40
2015.01.20 01:43:49.794,0.96677,0.96693,1.25,1.50
2015.01.20 01:43:50.047,0.96678,0.96694,1.35,1.27
2015.01.20 01:43:50.351,0.96681,0.96695,1.07,1.65
2015.01.20 01:43:51.475,0.96679,0.96695,1.17,2.32
2015.01.20 01:43:51.677,0.96679,0.96693,1.00,1.65
2015.01.20 01:43:54.707,0.96678,0.96693,1.30,1.65
2015.01.20 01:43:57.690,0.96678,0.96693,1.72,1.57
2015.01.20 01:43:57.842,0.96679,0.96694,1.37,1.20
2015.01.20 01:43:58.388,0.96679,0.96694,1.65,1.27
2015.01.20 01:43:58.569,0.96677,0.96693,1.65,3.15
2015.01.20 01:43:58.873,0.96677,0.96693,1.10,2.02
2015.01.20 01:43:58.925,0.96677,0.96691,1.10,1.75
2015.01.20 01:43:59.382,0.96676,0.96689,1.17,1.12
2015.01.20 01:44:02.997,0.96677,0.9669,1.57,1.12
2015.01.20 01:44:03.098,0.9668,0.96694,1.57,1.82
2015.01.20 01:44:04.985,0.9668,0.96694,1.00,3.37
2015.01.20 01:44:05.086,0.96676,0.96693,4.57,2.17
2015.01.20 01:44:05.620,0.96676,0.9669,1.17,1.17
2015.01.20 01:44:05.824,0.96676,0.96681,1.10,1.00
2015.01.20 01:44:06.028,0.96663,0.96677,1.07,1.25
2015.01.20 01:44:06.180,0.96659,0.96676,1.27,1.27
2015.01.20 01:44:06.332,0.96659,0.96675,1.65,1.12
2015.01.20 01:44:06.838,0.96661,0.96675,1.00,1.65
2015.01.20 01:44:07.042,0.96659,0.96673,1.57,1.52
2015.01.20 01:44:07.195,0.96657,0.96669,1.25,1.37
2015.01.20 01:44:07.499,0.96654,0.96669,1.72,1.57
2015.01.20 01:44:07.705,0.96654,0.9667,1.27,2.32
2015.01.20 01:44:07.755,0.96654,0.96669,1.10,1.82
2015.01.20 01:44:08.109,0.96652,0.96664,1.00,1.55
2015.01.20 01:44:08.160,0.96649,0.96664,1.20,2.40
2015.01.20 01:44:08.363,0.96646,0.96661,1.20,1.65
2015.01.20 01:44:08.515,0.96646,0.9666,1.20,1.50
2015.01.20 01:44:08.616,0.96646,0.9666,1.20,2.25
2015.01.20 01:44:09.121,0.96648,0.9666,1.00,1.12
2015.01.20 01:44:09.424,0.96648,0.9666,1.15,1.12
2015.01.20 01:44:09.763,0.96649,0.9666,5.25,1.12
2015.01.20 01:44:09.814,0.9665,0.96663,1.15,1.12
2015.01.20 01:44:09.916,0.96652,0.96663,2.32,1.12
2015.01.20 01:44:10.228,0.96654,0.96663,2.32,1.05
2015.01.20 01:44:10.746,0.96656,0.96664,1.65,1.05
2015.01.20 01:44:10.797,0.96656,0.96667,1.65,1.12
2015.01.20 01:44:11.190,0.9666,0.96671,2.62,1.50
2015.01.20 01:44:11.392,0.96661,0.96675,1.52,1.12
2015.01.20 01:44:11.914,0.96662,0.96676,1.15,1.87
2015.01.20 01:44:12.016,0.9666,0.96676,2.85,2.02
2015.01.20 01:44:12.067,0.9666,0.96675,1.27,1.20
2015.01.20 01:44:12.606,0.96657,0.96672,3.45,1.50
2015.01.20 01:44:12.935,0.96657,0.9667,3.07,1.50
2015.01.20 01:44:13.408,0.96657,0.9667,1.17,1.50
2015.01.20 01:44:13.459,0.96657,0.96669,1.20,1.07
2015.01.20 01:44:13.566,0.96656,0.96668,1.15,1.75
2015.01.20 01:44:14.619,0.96656,0.96668,1.15,1.87
2015.01.20 01:44:15.679,0.96658,0.96669,1.15,1.75
2015.01.20 01:44:19.394,0.96659,0.96668,1.20,1.75
2015.01.20 01:44:20.482,0.96657,0.96667,1.17,1.12
2015.01.20 01:44:20.837,0.96657,0.96668,1.10,1.07
2015.01.20 01:44:21.625,0.96655,0.96665,1.07,2.62
2015.01.20 01:44:21.778,0.96648,0.96658,1.12,1.55
2015.01.20 01:44:21.829,0.96645,0.96658,1.57,1.17
2015.01.20 01:44:21.931,0.96646,0.96658,1.00,1.27
2015.01.20 01:44:22.438,0.96646,0.96658,1.07,1.12
2015.01.20 01:44:22.539,0.96645,0.96658,1.10,1.20
2015.01.20 01:44:23.046,0.96645,0.96656,1.10,1.12
2015.01.20 01:44:23.148,0.96645,0.96658,1.10,1.12
2015.01.20 01:44:23.537,0.96648,0.96658,1.00,1.12
2015.01.20 01:44:25.042,0.96648,0.96658,1.07,1.12
2015.01.20 01:44:25.447,0.96651,0.9666,1.07,1.87
2015.01.20 01:44:26.535,0.96651,0.9666,1.65,1.75
2015.01.20 01:44:26.788,0.96652,0.96662,1.17,1.12
2015.01.20 01:44:27.243,0.96655,0.96662,1.17,1.05
2015.01.20 01:44:27.294,0.96655,0.96667,1.17,1.12
2015.01.20 01:44:28.405,0.96657,0.96667,1.17,1.12
2015.01.20 01:44:28.786,0.96659,0.96667,1.17,1.12
2015.01.20 01:44:28.836,0.96659,0.9667,1.15,1.45
2015.01.20 01:44:29.734,0.96661,0.9667,1.65,1.12
2015.01.20 01:44:31.956,0.96663,0.96675,1.00,1.50
2015.01.20 01:44:32.057,0.96663,0.96675,1.00,1.50
2015.01.20 01:44:32.260,0.96663,0.96676,1.15,1.20
2015.01.20 01:44:32.765,0.96666,0.9668,1.57,1.57
2015.01.20 01:44:32.968,0.96666,0.96681,1.65,1.50
2015.01.20 01:44:34.926,0.96664,0.9668,2.02,2.10
2015.01.20 01:44:35.129,0.96663,0.96677,1.10,1.65
2015.01.20 01:44:35.230,0.96661,0.96674,2.32,1.50
2015.01.20 01:44:35.281,0.96661,0.96674,1.65,1.50
2015.01.20 01:44:35.686,0.9666,0.96671,1.10,1.45
2015.01.20 01:44:35.838,0.96663,0.96671,1.00,1.45
2015.01.20 01:44:36.243,0.96663,0.96675,1.00,2.25
2015.01.20 01:44:36.445,0.96663,0.96675,1.00,2.25
2015.01.20 01:44:36.751,0.96663,0.96675,1.00,1.57
2015.01.20 01:44:37.562,0.96663,0.96675,1.00,2.25
2015.01.20 01:44:38.067,0.96659,0.96669,1.15,1.12
2015.01.20 01:44:38.445,0.96663,0.96667,1.00,1.00
2015.01.20 01:44:38.699,0.96661,0.96668,1.00,1.87
2015.01.20 01:44:38.800,0.96658,0.96667,1.17,1.20
2015.01.20 01:44:39.665,0.96658,0.96667,1.17,1.20
2015.01.20 01:44:39.867,0.96661,0.96667,1.07,1.12
2015.01.20 01:44:39.973,0.96661,0.96669,1.07,1.20
2015.01.20 01:44:40.188,0.96661,0.96669,1.00,1.20
2015.01.20 01:44:40.734,0.96661,0.96669,1.07,1.20
2015.01.20 01:44:41.087,0.96657,0.9667,3.15,1.12
2015.01.20 01:44:41.596,0.96657,0.96669,3.15,1.57
2015.01.20 01:44:41.762,0.96663,0.96671,1.00,2.25
2015.01.20 01:44:42.267,0.96658,0.96669,1.15,1.50
2015.01.20 01:44:43.388,0.96663,0.96669,1.00,1.12
2015.01.20 01:44:43.540,0.96659,0.96665,1.00,1.00
2015.01.20 01:44:43.692,0.96657,0.96665,1.10,1.37
2015.01.20 01:44:44.197,0.96657,0.96665,1.10,1.37
2015.01.20 01:44:45.466,0.96657,0.96665,1.10,1.37
2015.01.20 01:44:46.004,0.96657,0.96669,1.17,1.50
2015.01.20 01:44:46.055,0.9666,0.96669,1.10,1.50
2015.01.20 01:44:47.379,0.96661,0.96669,1.00,1.12
2015.01.20 01:44:47.685,0.96663,0.96671,1.10,1.57
2015.01.20 01:44:48.921,0.96659,0.9667,2.25,1.47
2015.01.20 01:44:49.022,0.9666,0.96669,1.10,1.37
2015.01.20 01:44:49.124,0.96658,0.96666,1.20,1.37
2015.01.20 01:44:49.456,0.96658,0.96667,1.20,1.57
2015.01.20 01:44:50.036,0.96658,0.96667,1.20,1.57
2015.01.20 01:44:51.721,0.96658,0.96667,1.65,1.07
2015.01.20 01:44:51.774,0.96659,0.96667,1.15,1.07
2015.01.20 01:44:51.978,0.9666,0.96668,1.00,1.95
2015.01.20 01:44:52.080,0.96657,0.96668,1.20,1.95
2015.01.20 01:44:52.420,0.96659,0.96668,1.00,1.95
2015.01.20 01:44:52.732,0.96659,0.96668,1.17,1.95
2015.01.20 01:44:53.086,0.96659,0.96668,1.00,1.50
2015.01.20 01:44:53.556,0.96659,0.96668,1.00,1.57
2015.01.20 01:44:55.152,0.96657,0.96668,1.17,1.57
2015.01.20 01:44:55.665,0.96657,0.96668,1.17,1.57
2015.01.20 01:44:55.725,0.96661,0.96668,1.00,1.57
2015.01.20 01:44:56.244,0.96661,0.9667,1.07,1.50
2015.01.20 01:44:57.113,0.96662,0.96674,1.17,1.12
2015.01.20 01:44:57.215,0.96664,0.96673,1.10,1.20
2015.01.20 01:44:57.368,0.96666,0.96673,1.00,1.20
2015.01.20 01:44:57.520,0.96662,0.96673,1.15,1.20
2015.01.20 01:44:58.093,0.96665,0.96674,1.10,1.50
2015.01.20 01:44:58.144,0.96667,0.96674,1.00,1.47
2015.01.20 01:44:59.241,0.96665,0.96674,1.10,1.47
2015.01.20 01:44:59.765,0.96666,0.96674,1.00,1.47
2015.01.20 01:45:00.127,0.96666,0.96675,1.15,1.12
2015.01.20 01:45:00.229,0.96667,0.96676,1.17,1.07
2015.01.20 01:45:00.787,0.96668,0.96676,1.10,1.50
2015.01.20 01:45:02.414,0.96668,0.96676,1.15,1.50
2015.01.20 01:45:02.617,0.96668,0.96679,1.10,1.12
2015.01.20 01:45:02.921,0.96668,0.96677,1.65,1.75
2015.01.20 01:45:03.023,0.96668,0.96679,1.50,1.12
2015.01.20 01:45:03.175,0.96668,0.96679,1.00,1.20
2015.01.20 01:45:03.680,0.96669,0.96679,1.07,1.87
2015.01.20 01:45:03.731,0.96669,0.96679,1.27,1.00
2015.01.20 01:45:03.782,0.9667,0.96682,1.17,1.20
2015.01.20 01:45:04.087,0.9667,0.96683,4.57,1.12
2015.01.20 01:45:04.138,0.9667,0.96683,1.65,1.12
2015.01.20 01:45:04.666,0.96671,0.96681,1.00,1.20
2015.01.20 01:45:05.029,0.96673,0.96679,1.00,1.10
2015.01.20 01:45:05.332,0.96672,0.96679,1.00,1.87
2015.01.20 01:45:05.881,0.9667,0.96679,1.00,1.87
2015.01.20 01:45:07.313,0.96667,0.96679,1.57,2.02
2015.01.20 01:45:07.843,0.96667,0.96679,1.07,1.95
2015.01.20 01:45:08.045,0.96667,0.96679,1.72,1.45
2015.01.20 01:45:09.249,0.96667,0.96678,1.07,1.12
2015.01.20 01:45:10.212,0.96667,0.96677,1.00,1.47
2015.01.20 01:45:10.263,0.96665,0.96677,1.10,1.47
2015.01.20 01:45:10.789,0.96664,0.96676,1.00,4.65
2015.01.20 01:45:10.890,0.96661,0.96671,1.00,1.00
2015.01.20 01:45:10.944,0.96661,0.96671,1.00,1.07
2015.01.20 01:45:11.248,0.9666,0.9667,1.00,1.20
2015.01.20 01:45:12.018,0.96661,0.9667,1.00,1.12
2015.01.20 01:45:12.588,0.96661,0.96671,1.00,1.87
2015.01.20 01:45:14.176,0.96661,0.9667,1.00,1.62
2015.01.20 01:45:14.731,0.9666,0.96668,1.00,1.12
2015.01.20 01:45:15.034,0.9666,0.96668,1.07,1.12
2015.01.20 01:45:15.086,0.96665,0.96675,1.00,1.75
2015.01.20 01:45:15.695,0.96664,0.96676,1.10,1.87
2015.01.20 01:45:16.144,0.96662,0.96675,1.00,1.27
2015.01.20 01:45:16.246,0.96662,0.96673,1.00,4.12
2015.01.20 01:45:16.347,0.9666,0.96673,1.30,4.95
2015.01.20 01:45:16.398,0.96658,0.96669,1.22,1.45
2015.01.20 01:45:16.550,0.96657,0.96667,1.00,1.10
2015.01.20 01:45:17.067,0.96657,0.96667,1.00,1.50
2015.01.20 01:45:17.366,0.96659,0.96667,1.00,1.50
2015.01.20 01:45:17.894,0.9666,0.96667,1.00,1.50
2015.01.20 01:45:18.046,0.9666,0.96669,1.00,1.30
2015.01.20 01:45:19.229,0.96662,0.96669,1.00,1.20
2015.01.20 01:45:20.261,0.96662,0.96671,3.00,1.60
2015.01.20 01:45:20.464,0.96667,0.96675,1.00,1.12
2015.01.20 01:45:20.666,0.96664,0.96673,1.10,1.12
2015.01.20 01:45:20.768,0.96667,0.96675,1.00,1.12
2015.01.20 01:45:20.869,0.96664,0.96673,1.57,1.12
2015.01.20 01:45:21.172,0.96666,0.96673,1.00,1.12
2015.01.20 01:45:21.678,0.96666,0.96674,3.07,1.12
2015.01.20 01:45:21.982,0.9667,0.96679,1.15,1.12
2015.01.20 01:45:22.639,0.96671,0.96679,1.15,1.12
2015.01.20 01:45:22.956,0.96671,0.96679,1.15,1.12
2015.01.20 01:45:23.276,0.96671,0.96679,1.15,1.12
2015.01.20 01:45:23.817,0.96674,0.96681,1.00,1.05
2015.01.20 01:45:24.025,0.96671,0.96679,1.15,1.12
2015.01.20 01:45:24.936,0.96668,0.96676,4.42,1.12
2015.01.20 01:45:25.090,0.96676,0.96682,1.00,1.45
2015.01.20 01:45:26.607,0.96675,0.96682,1.00,1.45
2015.01.20 01:45:27.316,0.96676,0.96682,1.00,1.45
2015.01.20 01:45:27.367,0.96671,0.96682,1.15,1.50
2015.01.20 01:45:29.525,0.96672,0.96682,1.65,1.50
2015.01.20 01:45:30.148,0.96675,0.96682,1.10,1.50
2015.01.20 01:45:30.249,0.96675,0.96684,1.20,1.50
2015.01.20 01:45:30.421,0.96673,0.96684,1.00,1.50
2015.01.20 01:45:33.176,0.96674,0.96684,1.00,1.65
2015.01.20 01:45:33.227,0.96674,0.9668,1.00,1.10
2015.01.20 01:45:33.530,0.96671,0.96678,1.00,1.35
2015.01.20 01:45:34.085,0.96671,0.96678,1.00,1.27
2015.01.20 01:45:34.287,0.96671,0.96682,1.00,2.02
2015.01.20 01:45:34.389,0.96673,0.96682,1.00,2.02
2015.01.20 01:45:36.088,0.96673,0.96682,1.00,2.02
2015.01.20 01:45:36.645,0.96672,0.96682,1.00,2.02
2015.01.20 01:45:38.102,0.96672,0.96682,1.00,1.12
2015.01.20 01:45:38.625,0.96672,0.96683,1.00,1.95
2015.01.20 01:45:39.737,0.96675,0.96683,1.00,1.12
2015.01.20 01:45:40.275,0.96673,0.96683,1.07,1.12
2015.01.20 01:45:41.730,0.96673,0.96683,1.00,1.55
2015.01.20 01:45:41.831,0.9667,0.9668,1.00,1.17
2015.01.20 01:45:42.034,0.96669,0.96678,1.00,1.17
2015.01.20 01:45:42.085,0.96666,0.96678,1.20,1.15
2015.01.20 01:45:42.187,0.96664,0.96678,1.17,2.77
2015.01.20 01:45:42.288,0.96663,0.96676,1.00,1.25
2015.01.20 01:45:42.541,0.96665,0.96675,1.00,2.40
2015.01.20 01:45:42.692,0.96661,0.96674,1.57,1.25
2015.01.20 01:45:42.844,0.96665,0.96675,1.00,2.02
2015.01.20 01:45:43.115,0.96665,0.96675,1.00,1.10
2015.01.20 01:45:50.855,0.96665,0.96675,1.00,1.17
2015.01.20 01:45:51.109,0.96666,0.96675,1.00,1.25
2015.01.20 01:45:51.415,0.96666,0.96675,1.00,1.27
2015.01.20 01:45:52.227,0.96667,0.96677,1.00,1.62
2015.01.20 01:45:52.430,0.96664,0.96673,1.00,1.52
2015.01.20 01:45:52.633,0.96663,0.96675,1.00,1.45
2015.01.20 01:45:52.785,0.96666,0.96673,1.00,1.10
2015.01.20 01:45:52.937,0.96666,0.96677,1.00,1.65
2015.01.20 01:45:55.026,0.96666,0.96674,1.00,1.00
2015.01.20 01:45:55.127,0.96666,0.96673,1.00,1.27
2015.01.20 01:45:55.178,0.96664,0.96673,1.00,1.52
2015.01.20 01:45:55.938,0.96663,0.96673,1.00,2.40
2015.01.20 01:45:56.754,0.96661,0.96673,1.00,3.15
2015.01.20 01:45:57.355,0.9666,0.96671,1.00,1.27
2015.01.20 01:45:57.697,0.96658,0.96671,1.50,1.27
2015.01.20 01:45:57.748,0.96661,0.96672,2.25,2.10
2015.01.20 01:45:58.053,0.96677,0.96692,2.40,2.25
2015.01.20 01:45:58.104,0.96677,0.96692,2.40,1.87
2015.01.20 01:45:58.206,0.96679,0.96696,1.17,2.32
2015.01.20 01:45:58.257,0.96677,0.96694,2.02,2.32
2015.01.20 01:45:58.561,0.96681,0.96691,1.20,3.07
2015.01.20 01:45:58.611,0.96679,0.96691,1.00,3.07
2015.01.20 01:45:58.814,0.96677,0.96691,1.00,3.90
2015.01.20 01:45:58.916,0.96677,0.96689,1.00,2.32
2015.01.20 01:45:59.221,0.96672,0.96681,1.12,1.17
2015.01.20 01:45:59.272,0.96668,0.96681,1.20,1.17
2015.01.20 01:45:59.816,0.96667,0.96681,1.27,1.17
2015.01.20 01:46:00.740,0.96667,0.96681,2.40,1.20
2015.01.20 01:46:00.942,0.96671,0.96684,1.00,1.27
2015.01.20 01:46:01.347,0.96672,0.96683,1.70,1.00
2015.01.20 01:46:01.499,0.96674,0.96688,1.15,2.02
2015.01.20 01:46:02.156,0.96675,0.96687,1.15,2.25
2015.01.20 01:46:03.800,0.96675,0.96687,1.15,2.25
2015.01.20 01:46:04.154,0.96676,0.96687,1.10,1.85
2015.01.20 01:46:04.458,0.96673,0.96687,1.10,1.72
2015.01.20 01:46:04.559,0.96673,0.96687,1.00,4.27
2015.01.20 01:46:04.661,0.96671,0.96685,1.20,1.27
2015.01.20 01:46:04.712,0.96672,0.96685,2.25,1.20
2015.01.20 01:46:05.015,0.96675,0.96688,1.15,1.12
2015.01.20 01:46:05.167,0.96677,0.96688,1.62,1.12
2015.01.20 01:46:05.420,0.96678,0.96689,1.00,1.45
2015.01.20 01:46:05.572,0.96678,0.9669,1.00,1.65
2015.01.20 01:46:05.742,0.96679,0.9669,2.32,1.00
2015.01.20 01:46:06.047,0.96687,0.96697,1.00,4.57
2015.01.20 01:46:06.249,0.96683,0.96696,1.52,1.27
2015.01.20 01:46:07.059,0.96683,0.96696,1.52,5.62
2015.01.20 01:46:08.867,0.96683,0.96697,1.40,4.20
2015.01.20 01:46:09.271,0.96686,0.96697,1.10,1.52
2015.01.20 01:46:10.961,0.96685,0.96697,1.17,1.12
2015.01.20 01:46:11.164,0.96688,0.96702,3.00,1.35
2015.01.20 01:46:11.266,0.96688,0.96701,3.07,1.12
2015.01.20 01:46:11.368,0.96688,0.96703,1.80,1.57
2015.01.20 01:46:11.469,0.96689,0.96701,1.30,2.25
2015.01.20 01:46:11.570,0.96689,0.96701,1.00,2.32
2015.01.20 01:46:11.672,0.96686,0.96701,1.20,4.27
2015.01.20 01:46:11.874,0.96686,0.96697,1.00,1.07
2015.01.20 01:46:12.285,0.96686,0.96695,1.00,1.27
2015.01.20 01:46:12.505,0.96686,0.96696,1.00,1.35
2015.01.20 01:46:12.555,0.96686,0.96695,1.00,2.40
2015.01.20 01:46:12.657,0.96686,0.96696,1.00,1.27
2015.01.20 01:46:12.769,0.96686,0.96697,1.00,1.95
2015.01.20 01:46:12.821,0.96688,0.96697,1.00,1.45
2015.01.20 01:46:12.923,0.96689,0.96703,1.00,2.10
2015.01.20 01:46:12.974,0.96689,0.96701,1.00,2.32
2015.01.20 01:46:13.227,0.96683,0.96697,1.20,2.70
2015.01.20 01:46:13.278,0.96683,0.96695,1.12,2.32
2015.01.20 01:46:13.804,0.96682,0.96694,1.00,1.72
2015.01.20 01:46:16.718,0.96685,0.96694,1.00,2.32
2015.01.20 01:46:16.870,0.96683,0.96697,1.17,2.32
2015.01.20 01:46:16.972,0.96683,0.96694,1.00,1.27
2015.01.20 01:46:17.425,0.96683,0.96694,1.00,1.35
2015.01.20 01:46:17.941,0.96682,0.96694,1.00,1.35
2015.01.20 01:46:18.479,0.96683,0.96697,1.10,1.35
2015.01.20 01:46:18.783,0.96684,0.96696,1.00,2.32
2015.01.20 01:46:19.333,0.96683,0.96696,1.57,2.32
2015.01.20 01:46:20.701,0.96686,0.96697,1.00,1.15
2015.01.20 01:46:20.811,0.96686,0.96697,1.10,1.00
2015.01.20 01:46:21.270,0.96685,0.96698,1.00,6.07
2015.01.20 01:46:21.576,0.96684,0.96696,1.10,5.25
2015.01.20 01:46:23.277,0.96683,0.96696,1.00,5.40
2015.01.20 01:46:23.803,0.96682,0.96696,1.20,5.40
2015.01.20 01:46:24.056,0.96687,0.96703,2.02,4.65
2015.01.20 01:46:24.109,0.96688,0.96704,1.15,1.65
2015.01.20 01:46:24.928,0.96691,0.96704,1.55,1.15
2015.01.20 01:46:26.891,0.96688,0.96705,3.15,1.25
2015.01.20 01:46:28.702,0.96688,0.96705,2.02,3.15
2015.01.20 01:46:29.208,0.96689,0.96705,1.27,1.72
2015.01.20 01:46:30.506,0.96688,0.96703,1.65,2.40
2015.01.20 01:46:30.608,0.96686,0.96701,2.02,3.15
2015.01.20 01:46:30.709,0.96685,0.96698,1.12,1.15
2015.01.20 01:46:30.760,0.96684,0.96698,1.00,2.02
2015.01.20 01:46:31.287,0.96681,0.96698,1.42,2.40
2015.01.20 01:46:32.826,0.96683,0.96698,4.87,1.00
2015.01.20 01:46:33.131,0.96687,0.96703,1.27,2.02
2015.01.20 01:46:33.923,0.96687,0.96701,1.27,1.20
2015.01.20 01:46:34.795,0.96687,0.967,1.12,2.32
2015.01.20 01:46:34.897,0.96685,0.967,1.27,2.47
2015.01.20 01:46:35.099,0.96683,0.96699,3.82,1.17
2015.01.20 01:46:35.150,0.96685,0.967,1.15,1.97
2015.01.20 01:46:35.704,0.96685,0.967,4.95,1.04
2015.01.20 01:46:35.856,0.96687,0.96704,1.35,2.02
2015.01.20 01:46:35.908,0.96687,0.96704,5.70,2.02
2015.01.20 01:46:36.424,0.96687,0.96704,2.40,1.35
2015.01.20 01:46:36.608,0.9669,0.96706,1.55,1.90
2015.01.20 01:46:36.810,0.9669,0.96706,1.52,1.27
2015.01.20 01:46:38.825,0.9669,0.96706,1.65,6.00
2015.01.20 01:46:39.028,0.96686,0.967,1.65,1.17
2015.01.20 01:46:39.803,0.96688,0.96701,2.32,1.12
2015.01.20 01:46:39.905,0.96687,0.96701,1.15,1.45
2015.01.20 01:46:40.109,0.96688,0.96702,1.00,2.02
2015.01.20 01:46:40.424,0.96686,0.96698,1.20,1.15
2015.01.20 01:46:40.645,0.96686,0.96698,1.17,1.10
2015.01.20 01:46:40.695,0.96689,0.96698,2.25,1.10
2015.01.20 01:46:40.910,0.96692,0.96705,1.17,1.12
2015.01.20 01:46:41.064,0.9669,0.96704,3.07,1.87
2015.01.20 01:46:41.114,0.9669,0.96704,1.17,1.95
2015.01.20 01:46:41.165,0.9669,0.96704,1.10,2.02
2015.01.20 01:46:41.318,0.9669,0.96704,1.10,1.35
2015.01.20 01:46:41.534,0.9669,0.96704,1.07,1.35
2015.01.20 01:46:42.067,0.96693,0.96705,1.00,1.72
2015.01.20 01:46:42.614,0.96691,0.96703,1.15,1.20
2015.01.20 01:46:43.605,0.96694,0.96703,2.32,1.20
2015.01.20 01:46:43.808,0.96699,0.9671,1.00,1.25
2015.01.20 01:46:44.010,0.96696,0.9671,1.00,1.72
2015.01.20 01:46:44.162,0.96694,0.96708,1.17,2.32
2015.01.20 01:46:44.465,0.96693,0.96706,1.00,3.90
2015.01.20 01:46:44.718,0.96692,0.96704,1.07,1.20
2015.01.20 01:46:44.932,0.96693,0.96707,1.17,1.95
2015.01.20 01:46:45.494,0.96692,0.96708,2.02,2.02
2015.01.20 01:46:45.995,0.96692,0.96708,2.02,2.02
2015.01.20 01:46:46.304,0.96693,0.96705,1.10,1.25
2015.01.20 01:46:46.405,0.9669,0.96704,1.10,1.35
2015.01.20 01:46:46.558,0.96689,0.96702,4.20,1.30
2015.01.20 01:46:46.709,0.96696,0.96708,1.20,1.75
2015.01.20 01:46:47.361,0.96695,0.96709,1.00,3.52
2015.01.20 01:46:47.463,0.96693,0.96707,1.00,1.27
2015.01.20 01:46:48.001,0.96691,0.96705,1.15,1.65
2015.01.20 01:46:48.733,0.96691,0.96705,1.27,1.17
2015.01.20 01:46:49.051,0.96694,0.96708,1.15,1.95
2015.01.20 01:46:49.254,0.96694,0.96708,1.20,2.02
2015.01.20 01:46:52.336,0.96693,0.96707,1.17,1.35
2015.01.20 01:46:52.640,0.96688,0.96702,1.20,1.17
2015.01.20 01:46:52.742,0.96696,0.96703,1.00,1.20
2015.01.20 01:46:52.845,0.96696,0.96707,1.00,3.82
2015.01.20 01:46:52.946,0.96696,0.96704,1.00,1.27
2015.01.20 01:46:52.997,0.96692,0.96704,1.00,1.27
2015.01.20 01:46:53.300,0.96691,0.96703,1.10,1.10
2015.01.20 01:46:53.844,0.96691,0.96703,1.07,1.10
2015.01.20 01:46:54.358,0.96688,0.96702,1.17,1.17
2015.01.20 01:46:54.662,0.96695,0.96702,1.15,1.12
2015.01.20 01:46:54.713,0.96695,0.96702,1.15,1.00
2015.01.20 01:46:54.764,0.96696,0.96707,1.15,1.12
2015.01.20 01:46:54.816,0.96696,0.96706,1.15,1.75
2015.01.20 01:46:55.256,0.96696,0.96707,1.10,1.12
2015.01.20 01:46:55.359,0.96703,0.9671,1.00,2.10
2015.01.20 01:46:55.561,0.96698,0.96706,1.00,2.70
2015.01.20 01:46:55.612,0.96697,0.96706,1.00,2.70
2015.01.20 01:46:55.815,0.96698,0.96705,1.00,1.82
2015.01.20 01:46:56.118,0.96696,0.96705,1.00,2.40
2015.01.20 01:46:56.220,0.96691,0.96705,1.65,2.40
2015.01.20 01:46:56.270,0.96694,0.96705,1.00,1.90
2015.01.20 01:46:56.695,0.96696,0.96705,1.00,1.75
2015.01.20 01:46:56.950,0.96696,0.96708,1.00,1.35
2015.01.20 01:46:57.001,0.96696,0.96708,1.07,1.65
2015.01.20 01:46:57.305,0.96696,0.96705,1.10,1.50
2015.01.20 01:46:57.621,0.96694,0.96704,1.07,1.12
2015.01.20 01:46:58.333,0.96698,0.96704,1.00,1.05
2015.01.20 01:46:58.619,0.96696,0.96704,1.00,1.12
2015.01.20 01:46:59.131,0.96697,0.96704,1.00,1.12
2015.01.20 01:47:00.233,0.96694,0.96703,1.15,1.12
2015.01.20 01:47:00.334,0.96694,0.96701,1.15,1.12
2015.01.20 01:47:00.639,0.96694,0.96705,1.00,1.87
2015.01.20 01:47:00.791,0.96696,0.96705,1.00,1.75
2015.01.20 01:47:01.095,0.96709,0.96713,1.00,1.00
2015.01.20 01:47:01.146,0.96709,0.96714,1.00,1.00
2015.01.20 01:47:01.197,0.96712,0.96717,1.00,1.00
2015.01.20 01:47:01.248,0.96712,0.96719,1.00,1.10
2015.01.20 01:47:01.350,0.96712,0.96725,1.20,1.87
2015.01.20 01:47:01.451,0.96712,0.96726,1.00,2.40
2015.01.20 01:47:01.502,0.96712,0.96726,1.00,4.57
2015.01.20 01:47:01.654,0.96707,0.96721,1.37,1.35
2015.01.20 01:47:02.219,0.96707,0.96721,1.00,1.35
2015.01.20 01:47:03.714,0.96706,0.9672,1.20,1.17
2015.01.20 01:47:04.017,0.96706,0.96718,1.67,1.00
2015.01.20 01:47:04.271,0.96703,0.96718,1.17,1.27
2015.01.20 01:47:04.322,0.96703,0.96718,1.10,1.35
2015.01.20 01:47:04.474,0.96704,0.96717,1.07,1.27
2015.01.20 01:47:04.778,0.96712,0.9672,1.00,1.20
2015.01.20 01:47:05.271,0.9671,0.9672,1.00,1.00
2015.01.20 01:47:05.524,0.96709,0.96718,1.00,1.00
2015.01.20 01:47:06.031,0.96708,0.96718,1.00,1.20
2015.01.20 01:47:06.805,0.96708,0.96718,1.00,1.27
2015.01.20 01:47:08.148,0.96704,0.96716,1.00,1.12
2015.01.20 01:47:08.351,0.96699,0.96714,1.15,1.12
2015.01.20 01:47:08.504,0.96699,0.96714,1.00,1.52
2015.01.20 01:47:08.772,0.96696,0.96711,1.27,1.20
2015.01.20 01:47:08.823,0.96695,0.96709,1.47,1.20
2015.01.20 01:47:09.132,0.96692,0.96709,1.35,1.27
2015.01.20 01:47:09.645,0.96693,0.9671,1.25,1.12
2015.01.20 01:47:10.284,0.96693,0.96711,2.77,1.95
2015.01.20 01:47:11.915,0.96699,0.96711,1.00,1.45
2015.01.20 01:47:12.431,0.967,0.96711,1.20,1.12
2015.01.20 01:47:14.107,0.96699,0.96711,1.15,1.12
2015.01.20 01:47:14.411,0.96702,0.96711,1.15,1.12
2015.01.20 01:47:14.513,0.96702,0.96714,1.65,1.12
2015.01.20 01:47:14.615,0.96702,0.96717,1.95,1.75
2015.01.20 01:47:15.985,0.96702,0.96717,1.37,4.12
2015.01.20 01:47:16.036,0.96702,0.96716,1.00,3.45
2015.01.20 01:47:16.138,0.96699,0.96716,1.25,2.32
2015.01.20 01:47:16.240,0.96699,0.96712,1.17,1.47
2015.01.20 01:47:16.341,0.96695,0.96711,1.37,1.55
2015.01.20 01:47:16.392,0.96693,0.96708,2.32,1.75
2015.01.20 01:47:16.443,0.96691,0.96708,2.40,1.75
2015.01.20 01:47:16.814,0.96692,0.96708,1.65,1.20
2015.01.20 01:47:17.017,0.96696,0.9671,2.32,2.25
2015.01.20 01:47:17.472,0.967,0.96711,2.32,1.12
2015.01.20 01:47:17.775,0.96703,0.96714,2.32,1.12
2015.01.20 01:47:17.826,0.96703,0.96716,2.32,1.20
2015.01.20 01:47:18.905,0.96703,0.96716,2.32,1.57
2015.01.20 01:47:19.057,0.96702,0.96713,1.10,1.07
2015.01.20 01:47:19.546,0.96702,0.96713,1.15,1.07
2015.01.20 01:47:19.852,0.96706,0.96713,1.10,1.07
2015.01.20 01:47:20.072,0.96706,0.96719,1.10,1.50
2015.01.20 01:47:20.124,0.96706,0.96719,1.15,1.50
2015.01.20 01:47:20.655,0.96706,0.96719,1.22,1.50
2015.01.20 01:47:21.778,0.96704,0.96717,3.90,1.12
2015.01.20 01:47:22.876,0.96704,0.96719,3.07,1.50
2015.01.20 01:47:22.978,0.96704,0.96719,3.07,1.50
2015.01.20 01:47:23.386,0.96704,0.96716,3.07,1.00
2015.01.20 01:47:23.437,0.96704,0.96716,1.17,1.37
2015.01.20 01:47:28.694,0.96703,0.96712,1.15,1.05
2015.01.20 01:47:28.746,0.96704,0.96712,2.32,1.05
2015.01.20 01:47:28.797,0.96704,0.96717,2.32,1.20
2015.01.20 01:47:29.251,0.96703,0.96717,1.17,1.20
2015.01.20 01:47:29.302,0.96703,0.96717,1.07,3.52
2015.01.20 01:47:29.404,0.967,0.96713,1.75,1.20
2015.01.20 01:47:29.611,0.96699,0.96713,1.17,2.02
2015.01.20 01:47:29.915,0.96701,0.96715,1.15,1.20
2015.01.20 01:47:30.371,0.96704,0.96716,1.07,1.75
2015.01.20 01:47:30.883,0.96705,0.96716,1.07,1.75
2015.01.20 01:47:30.984,0.96704,0.96716,1.00,1.75
2015.01.20 01:47:31.341,0.96704,0.96716,1.07,1.75
2015.01.20 01:47:31.846,0.96706,0.96716,1.10,1.75
2015.01.20 01:47:32.466,0.96705,0.96715,1.00,1.12
2015.01.20 01:47:33.106,0.96705,0.96714,1.00,1.50
2015.01.20 01:47:33.766,0.96705,0.96711,1.00,1.12
2015.01.20 01:47:33.816,0.96702,0.96711,1.00,1.12
2015.01.20 01:47:33.867,0.96698,0.96706,1.07,1.12
2015.01.20 01:47:33.919,0.96699,0.96706,1.10,1.12
2015.01.20 01:47:34.121,0.96696,0.96704,1.10,1.12
2015.01.20 01:47:34.425,0.96696,0.96704,5.10,1.12
2015.01.20 01:47:34.475,0.96696,0.96704,1.10,1.12
2015.01.20 01:47:34.526,0.96696,0.96709,1.10,1.12
2015.01.20 01:47:34.780,0.96698,0.96707,2.32,1.05
2015.01.20 01:47:34.881,0.96702,0.96711,1.10,1.12
2015.01.20 01:47:34.982,0.96702,0.96713,1.10,1.12
2015.01.20 01:47:35.497,0.96702,0.96714,1.00,1.12
2015.01.20 01:47:35.851,0.967,0.96714,1.10,1.95
2015.01.20 01:47:36.255,0.96698,0.96712,1.20,1.17
2015.01.20 01:47:36.513,0.96697,0.96711,1.17,2.32
2015.01.20 01:47:37.657,0.96697,0.96711,1.00,2.77
2015.01.20 01:47:37.960,0.96696,0.96708,1.10,1.87
2015.01.20 01:47:38.279,0.96696,0.96707,1.10,1.12
2015.01.20 01:47:38.482,0.96695,0.96709,1.07,1.95
2015.01.20 01:47:38.765,0.96695,0.96709,1.07,1.87
2015.01.20 01:47:38.816,0.96695,0.96709,1.65,1.00
2015.01.20 01:47:39.171,0.96698,0.96712,1.10,1.27
2015.01.20 01:47:40.055,0.967,0.96714,1.00,2.02
2015.01.20 01:47:40.830,0.96698,0.96712,1.10,1.07
2015.01.20 01:47:41.235,0.96698,0.96711,1.10,1.45
2015.01.20 01:47:47.402,0.96698,0.96712,1.10,1.27
2015.01.20 01:47:47.942,0.96698,0.96712,1.10,2.40
2015.01.20 01:47:48.194,0.96694,0.96708,1.57,1.17
2015.01.20 01:47:48.690,0.96696,0.9671,1.10,1.57
2015.01.20 01:47:48.741,0.96699,0.96711,1.00,2.40
2015.01.20 01:47:48.842,0.96699,0.96711,1.00,1.10
2015.01.20 01:47:49.348,0.967,0.96712,1.07,1.85
2015.01.20 01:47:49.500,0.967,0.96712,1.07,1.10
2015.01.20 01:47:49.602,0.967,0.9671,1.07,1.12
2015.01.20 01:47:49.805,0.967,0.96712,1.07,1.87
2015.01.20 01:47:54.105,0.967,0.96712,1.15,1.87
2015.01.20 01:47:54.612,0.96701,0.96713,1.17,1.12
2015.01.20 01:47:58.617,0.96701,0.96715,1.17,1.87
2015.01.20 01:48:02.920,0.96701,0.96715,1.17,1.20
2015.01.20 01:48:03.436,0.96701,0.96715,1.15,1.20
2015.01.20 01:48:03.909,0.96701,0.96709,1.17,1.12
2015.01.20 01:48:04.010,0.96701,0.96712,1.17,1.12
2015.01.20 01:48:07.549,0.96703,0.96713,1.00,1.12
2015.01.20 01:48:14.126,0.96703,0.96711,1.00,1.50
2015.01.20 01:48:14.177,0.96697,0.96711,1.15,2.25
2015.01.20 01:48:14.228,0.96697,0.96709,1.00,1.27
2015.01.20 01:48:14.582,0.96697,0.9671,1.17,1.12
2015.01.20 01:48:14.735,0.96696,0.96706,1.00,1.15
2015.01.20 01:48:14.836,0.96692,0.96704,1.00,1.45
2015.01.20 01:48:14.992,0.96692,0.96706,1.00,1.35
2015.01.20 01:48:15.144,0.96694,0.96706,1.00,1.35
2015.01.20 01:48:15.347,0.96692,0.96706,1.00,2.02
2015.01.20 01:48:15.549,0.96691,0.96703,1.00,1.95
2015.01.20 01:48:16.565,0.96692,0.96703,1.00,1.95
2015.01.20 01:48:17.093,0.96691,0.96703,1.00,1.95
2015.01.20 01:48:17.439,0.9669,0.96702,1.00,2.32
2015.01.20 01:48:17.692,0.96685,0.96696,1.00,1.00
2015.01.20 01:48:17.743,0.96685,0.96695,1.00,1.12
2015.01.20 01:48:17.901,0.96686,0.96697,1.00,1.12
2015.01.20 01:48:18.003,0.96688,0.96698,1.00,1.57
2015.01.20 01:48:18.622,0.96688,0.96696,1.00,1.00
2015.01.20 01:48:19.134,0.96687,0.96696,1.00,1.20
2015.01.20 01:48:19.863,0.96689,0.96696,1.00,1.20
2015.01.20 01:48:20.065,0.96689,0.96699,1.00,1.20
2015.01.20 01:48:20.268,0.96689,0.967,1.15,1.12
2015.01.20 01:48:20.369,0.96689,0.967,1.00,1.12
2015.01.20 01:48:21.744,0.96691,0.967,1.00,1.12
2015.01.20 01:48:21.846,0.96692,0.96704,1.00,2.70
2015.01.20 01:48:22.200,0.9669,0.96703,1.00,2.02
2015.01.20 01:48:22.399,0.96692,0.96703,1.00,1.87
2015.01.20 01:48:22.702,0.96692,0.96701,1.00,1.12
2015.01.20 01:48:22.804,0.96692,0.96705,1.00,1.27
2015.01.20 01:48:22.855,0.96694,0.96705,1.00,1.20
2015.01.20 01:48:23.378,0.96692,0.96706,1.65,1.20
2015.01.20 01:48:24.243,0.96696,0.96706,1.00,1.20
2015.01.20 01:48:24.395,0.96694,0.96706,1.00,1.20
2015.01.20 01:48:24.924,0.96692,0.96706,1.65,1.20
2015.01.20 01:48:25.556,0.96692,0.96706,1.15,2.25
2015.01.20 01:48:25.657,0.96692,0.96706,1.15,2.25
2015.01.20 01:48:25.961,0.96693,0.96707,1.57,1.87
2015.01.20 01:48:26.012,0.96694,0.96704,1.00,1.12
2015.01.20 01:48:26.113,0.96694,0.96705,1.00,1.27
2015.01.20 01:48:26.214,0.96694,0.96703,1.00,1.12
2015.01.20 01:48:26.467,0.9669,0.96703,1.15,1.87
2015.01.20 01:48:26.568,0.96689,0.96701,1.72,1.12
2015.01.20 01:48:28.474,0.96689,0.96701,1.00,1.12
2015.01.20 01:48:28.982,0.96688,0.967,1.50,1.87
2015.01.20 01:48:29.772,0.96691,0.967,1.00,1.12
2015.01.20 01:48:30.304,0.96691,0.96702,1.00,1.12
2015.01.20 01:48:30.658,0.9669,0.967,1.00,1.12
2015.01.20 01:48:31.165,0.96689,0.96698,1.00,2.25
2015.01.20 01:48:31.526,0.96689,0.96696,1.00,1.12
2015.01.20 01:48:33.057,0.9669,0.96696,1.00,1.12
2015.01.20 01:48:33.604,0.9669,0.96698,1.00,1.87
2015.01.20 01:48:33.928,0.96692,0.96698,1.00,1.80
2015.01.20 01:48:34.030,0.96692,0.96701,1.00,1.12
2015.01.20 01:48:34.182,0.96691,0.96702,1.57,1.75
2015.01.20 01:48:34.284,0.96693,0.96703,1.00,1.20
2015.01.20 01:48:34.914,0.96692,0.96703,1.20,1.20
2015.01.20 01:48:35.707,0.96693,0.96704,1.00,1.12
2015.01.20 01:48:36.216,0.96693,0.96705,1.00,1.12
2015.01.20 01:48:36.719,0.96693,0.96704,1.00,1.12
2015.01.20 01:48:37.022,0.96698,0.96712,1.50,2.02
2015.01.20 01:48:37.073,0.96698,0.96712,1.65,1.87
2015.01.20 01:48:37.275,0.96698,0.9671,1.20,1.47
2015.01.20 01:48:37.427,0.96698,0.9671,1.95,1.12
2015.01.20 01:48:37.493,0.96698,0.9671,6.00,1.57
2015.01.20 01:48:37.797,0.96699,0.96711,1.00,1.47
2015.01.20 01:48:38.303,0.96698,0.96712,1.10,2.40
2015.01.20 01:48:38.727,0.96698,0.96712,1.10,3.07
2015.01.20 01:48:39.233,0.96697,0.96711,1.17,2.40
2015.01.20 01:48:39.553,0.96706,0.96715,1.10,1.10
2015.01.20 01:48:39.655,0.96706,0.96718,1.00,1.17
2015.01.20 01:48:39.757,0.96705,0.96717,1.00,1.27
2015.01.20 01:48:39.909,0.96699,0.96713,1.10,1.10
2015.01.20 01:48:40.011,0.96699,0.96711,1.00,1.87
2015.01.20 01:48:40.556,0.967,0.96711,1.00,1.87
2015.01.20 01:48:41.123,0.967,0.96711,1.00,1.20
2015.01.20 01:48:41.733,0.96699,0.96711,1.00,1.20
2015.01.20 01:48:44.196,0.96699,0.96711,1.57,1.20
2015.01.20 01:48:44.780,0.96699,0.96711,1.57,1.00
2015.01.20 01:48:45.377,0.96699,0.96711,1.00,1.20
2015.01.20 01:48:45.580,0.96696,0.96707,1.00,1.00
2015.01.20 01:48:45.832,0.96698,0.96707,1.00,1.00
2015.01.20 01:48:46.466,0.96698,0.96707,1.07,1.00
2015.01.20 01:48:46.517,0.96698,0.96709,1.15,1.10
2015.01.20 01:48:46.618,0.96698,0.96711,1.15,1.20
2015.01.20 01:48:46.669,0.96698,0.96711,3.07,1.20
2015.01.20 01:48:48.315,0.96699,0.96712,1.10,1.20
2015.01.20 01:48:48.836,0.96697,0.96711,1.65,1.37
2015.01.20 01:48:48.987,0.96697,0.96711,1.10,3.22
2015.01.20 01:48:49.290,0.96694,0.96705,1.00,1.20
2015.01.20 01:48:49.392,0.96693,0.96705,1.00,1.27
2015.01.20 01:48:49.443,0.96691,0.96704,1.00,1.27
2015.01.20 01:48:49.599,0.96688,0.96701,1.00,1.57
2015.01.20 01:48:49.802,0.9669,0.967,1.00,1.20
2015.01.20 01:48:50.323,0.9669,0.967,1.00,1.00
2015.01.20 01:48:50.865,0.96692,0.96703,1.00,2.02
2015.01.20 01:48:51.381,0.96691,0.96703,1.00,2.02
2015.01.20 01:48:51.685,0.96695,0.96703,1.00,1.12
2015.01.20 01:48:51.736,0.96695,0.96706,1.00,2.25
2015.01.20 01:48:51.787,0.96695,0.96706,1.07,1.75
2015.01.20 01:48:51.989,0.96698,0.96708,1.00,1.87
2015.01.20 01:48:52.519,0.96695,0.96708,1.65,1.87
2015.01.20 01:48:53.337,0.96699,0.96708,1.00,1.37
2015.01.20 01:48:53.388,0.96699,0.9671,1.10,1.12
2015.01.20 01:48:53.439,0.96701,0.96711,1.00,1.12
2015.01.20 01:48:53.641,0.96701,0.96713,1.15,1.07
2015.01.20 01:48:53.692,0.96701,0.96714,3.07,1.50
2015.01.20 01:48:53.998,0.96707,0.96717,1.17,1.12
2015.01.20 01:48:54.720,0.96701,0.96715,1.10,2.02
2015.01.20 01:48:54.771,0.96701,0.96714,1.10,1.65
2015.01.20 01:48:54.822,0.967,0.96714,1.17,1.72
2015.01.20 01:48:54.924,0.967,0.96714,1.15,1.57
2015.01.20 01:48:55.228,0.96698,0.96707,1.00,3.07
2015.01.20 01:48:55.278,0.96698,0.96707,1.00,1.65
2015.01.20 01:48:55.330,0.96697,0.96705,1.00,1.95
2015.01.20 01:48:55.380,0.96693,0.96705,1.57,2.32
2015.01.20 01:48:55.887,0.96693,0.96704,1.00,2.02
2015.01.20 01:48:57.937,0.96696,0.96705,1.00,1.27
2015.01.20 01:48:58.241,0.96694,0.96706,1.00,3.15
2015.01.20 01:48:58.494,0.96691,0.96703,1.20,1.05
2015.01.20 01:48:58.602,0.96691,0.96701,1.20,1.00
2015.01.20 01:48:58.915,0.96693,0.96701,1.00,1.50
2015.01.20 01:48:59.553,0.96692,0.96701,1.00,1.50
2015.01.20 01:49:00.142,0.96692,0.96701,1.00,1.00
2015.01.20 01:49:00.447,0.96694,0.96701,1.00,1.00
2015.01.20 01:49:00.750,0.96697,0.96704,1.00,1.20
2015.01.20 01:49:00.801,0.96694,0.96704,1.17,1.00
2015.01.20 01:49:01.004,0.96693,0.96705,1.72,1.15
2015.01.20 01:49:01.510,0.96693,0.96705,1.72,1.35
2015.01.20 01:49:01.892,0.96697,0.96705,1.00,1.65
2015.01.20 01:49:02.096,0.96699,0.96707,1.00,1.65
2015.01.20 01:49:02.526,0.96696,0.96707,1.00,1.17
2015.01.20 01:49:02.962,0.96698,0.96707,1.00,1.17
2015.01.20 01:49:03.293,0.96696,0.96707,1.00,1.17
2015.01.20 01:49:03.811,0.96695,0.96707,1.65,1.17
2015.01.20 01:49:04.327,0.96696,0.96707,1.00,1.17
2015.01.20 01:49:04.949,0.96695,0.96707,1.65,1.17
2015.01.20 01:49:05.735,0.96697,0.96709,1.65,1.35
2015.01.20 01:49:06.932,0.96697,0.96709,1.15,2.10
2015.01.20 01:49:07.437,0.96695,0.96707,1.25,1.00
2015.01.20 01:49:07.694,0.96697,0.96707,1.15,1.57
2015.01.20 01:49:07.846,0.96695,0.96707,1.00,1.27
2015.01.20 01:49:08.102,0.96693,0.96706,1.07,1.72
2015.01.20 01:49:08.715,0.96692,0.96705,1.50,1.27
2015.01.20 01:49:09.227,0.96693,0.96704,1.00,1.35
2015.01.20 01:49:11.365,0.96695,0.96704,1.00,1.35
2015.01.20 01:49:11.719,0.96693,0.96706,1.15,1.10
2015.01.20 01:49:12.225,0.96697,0.96709,1.00,1.17
2015.01.20 01:49:13.237,0.96698,0.96709,1.00,1.27
2015.01.20 01:49:13.541,0.96698,0.96707,1.00,1.07
2015.01.20 01:49:13.642,0.96696,0.96707,1.00,1.27
2015.01.20 01:49:14.157,0.96696,0.96708,1.57,1.17
2015.01.20 01:49:14.671,0.96697,0.96709,1.07,1.20
2015.01.20 01:49:15.251,0.96699,0.96711,1.00,2.40
2015.01.20 01:49:15.454,0.96702,0.96711,1.07,1.12
2015.01.20 01:49:15.505,0.96702,0.96712,1.07,1.20
2015.01.20 01:49:15.556,0.96699,0.96712,1.65,1.27
2015.01.20 01:49:16.061,0.96698,0.9671,1.72,1.30
2015.01.20 01:49:17.485,0.967,0.9671,1.00,1.30
2015.01.20 01:49:17.738,0.96701,0.96713,1.10,1.27
2015.01.20 01:49:18.142,0.96701,0.96713,1.00,1.27
2015.01.20 01:49:18.396,0.96698,0.9671,1.00,1.95
2015.01.20 01:49:18.598,0.96698,0.9671,1.00,1.20
2015.01.20 01:49:19.187,0.96698,0.9671,1.27,1.00
2015.01.20 01:49:19.700,0.96701,0.9671,1.00,1.00
2015.01.20 01:49:20.105,0.96701,0.96706,1.00,1.50
2015.01.20 01:49:20.156,0.96695,0.96704,1.75,1.17
2015.01.20 01:49:20.258,0.96691,0.96699,1.15,1.00
2015.01.20 01:49:20.309,0.96691,0.96699,1.15,1.00
2015.01.20 01:49:20.461,0.96691,0.96703,1.15,1.57
2015.01.20 01:49:20.562,0.96694,0.96707,1.27,1.00
2015.01.20 01:49:21.081,0.96696,0.96709,1.55,1.15
2015.01.20 01:49:21.797,0.96695,0.96709,1.35,1.15
2015.01.20 01:49:22.342,0.96698,0.96709,1.12,1.15
2015.01.20 01:49:22.860,0.96699,0.96709,1.00,1.00
2015.01.20 01:49:24.539,0.96698,0.96709,1.27,1.00
2015.01.20 01:49:26.062,0.96701,0.96709,1.00,1.00
2015.01.20 01:49:27.072,0.96698,0.96709,1.20,1.00
2015.01.20 01:49:27.639,0.96699,0.96709,1.00,1.00
2015.01.20 01:49:27.791,0.967,0.96712,1.00,1.35
2015.01.20 01:49:28.729,0.967,0.96712,1.00,2.40
2015.01.20 01:49:28.982,0.96697,0.96711,1.20,2.02
2015.01.20 01:49:29.033,0.96697,0.9671,1.20,1.27
2015.01.20 01:49:29.337,0.96694,0.96705,1.20,1.17
2015.01.20 01:49:29.651,0.96692,0.96705,1.92,1.17
2015.01.20 01:49:29.702,0.96691,0.96705,2.02,1.15
2015.01.20 01:49:30.586,0.96691,0.96702,1.10,1.15
2015.01.20 01:49:31.119,0.9669,0.96702,1.57,1.25
2015.01.20 01:49:33.531,0.9669,0.96701,1.50,1.52
2015.01.20 01:49:34.860,0.9669,0.96701,1.57,1.45
2015.01.20 01:49:34.962,0.96692,0.96702,1.10,1.00
2015.01.20 01:49:35.063,0.96692,0.96706,1.57,2.02
2015.01.20 01:49:35.577,0.9669,0.96704,1.72,1.25
2015.01.20 01:49:36.481,0.9669,0.96704,1.72,1.17
2015.01.20 01:49:36.532,0.9669,0.96704,1.72,1.10
2015.01.20 01:49:36.583,0.96691,0.96704,2.32,1.10
2015.01.20 01:49:37.088,0.96696,0.96708,1.00,1.65
2015.01.20 01:49:37.737,0.96696,0.96708,1.17,1.50
2015.01.20 01:49:37.983,0.96698,0.9671,2.25,1.85
2015.01.20 01:49:38.085,0.967,0.96711,1.07,1.20
2015.01.20 01:49:38.388,0.96699,0.96711,1.10,1.95
2015.01.20 01:49:38.490,0.96696,0.96709,1.15,1.95
2015.01.20 01:49:38.743,0.96695,0.96709,1.27,2.02
2015.01.20 01:49:39.060,0.96695,0.96709,1.30,4.20
2015.01.20 01:49:39.263,0.96693,0.96707,1.17,1.27
2015.01.20 01:49:39.718,0.96693,0.96706,1.07,1.57
2015.01.20 01:49:39.921,0.9669,0.96704,1.72,1.25
2015.01.20 01:49:40.693,0.96693,0.96706,1.00,2.10
2015.01.20 01:49:40.744,0.96693,0.96707,3.00,4.12
2015.01.20 01:49:40.946,0.96696,0.9671,1.15,1.95
2015.01.20 01:49:41.452,0.96697,0.9671,2.25,1.27
2015.01.20 01:49:41.859,0.967,0.96712,1.15,1.50
2015.01.20 01:49:42.011,0.96697,0.96711,1.15,1.95
2015.01.20 01:49:42.062,0.96697,0.96706,1.00,2.25
2015.01.20 01:49:42.113,0.96694,0.96706,2.62,3.45
2015.01.20 01:49:42.265,0.9669,0.96703,1.00,2.02
2015.01.20 01:49:43.323,0.96689,0.967,1.65,1.00
2015.01.20 01:49:43.577,0.9669,0.96704,1.37,1.37
2015.01.20 01:49:47.040,0.96689,0.96703,6.45,1.10
2015.01.20 01:49:47.545,0.96691,0.96705,1.15,1.30
2015.01.20 01:49:47.747,0.96691,0.96705,1.15,2.02
2015.01.20 01:49:48.396,0.96691,0.96705,1.17,1.95
2015.01.20 01:49:48.497,0.96691,0.96705,1.15,1.10
2015.01.20 01:49:48.763,0.96692,0.96705,2.32,1.10
2015.01.20 01:49:49.274,0.96695,0.96708,1.17,1.07
2015.01.20 01:49:49.974,0.96693,0.96707,1.07,1.27
2015.01.20 01:49:50.075,0.96693,0.96707,1.07,1.25
2015.01.20 01:49:50.581,0.96692,0.96706,1.00,1.72
2015.01.20 01:49:51.166,0.9669,0.96702,1.87,1.10
2015.01.20 01:49:51.866,0.9669,0.96702,1.27,1.10
2015.01.20 01:49:51.968,0.96692,0.96706,1.20,3.15
2015.01.20 01:49:52.070,0.96692,0.96706,1.00,2.77
2015.01.20 01:49:52.591,0.9669,0.96704,1.27,1.27
2015.01.20 01:49:53.468,0.9669,0.96704,1.17,1.25
2015.01.20 01:49:53.671,0.96688,0.967,2.70,1.00
2015.01.20 01:50:00.125,0.96689,0.967,2.70,1.00
2015.01.20 01:50:00.176,0.96692,0.96703,1.15,1.00
2015.01.20 01:50:00.709,0.96694,0.96706,1.00,2.02
2015.01.20 01:50:01.222,0.96694,0.96706,1.00,4.20
2015.01.20 01:50:01.273,0.96691,0.96704,1.00,1.25
2015.01.20 01:50:01.323,0.96691,0.96703,1.00,2.32
2015.01.20 01:50:01.677,0.96688,0.96702,2.02,1.17
2015.01.20 01:50:03.796,0.96688,0.967,1.20,1.00
2015.01.20 01:50:04.109,0.96687,0.967,1.27,1.07
2015.01.20 01:50:05.081,0.96687,0.96699,1.20,1.17
2015.01.20 01:50:07.534,0.96687,0.96697,1.20,1.00
2015.01.20 01:50:07.989,0.96683,0.96697,1.72,1.00
2015.01.20 01:50:13.233,0.96685,0.96699,1.72,1.17
2015.01.20 01:50:13.768,0.96686,0.96699,1.57,1.17
2015.01.20 01:50:14.299,0.96686,0.96699,1.65,1.00
2015.01.20 01:50:14.861,0.96689,0.96701,1.00,1.17
2015.01.20 01:50:17.331,0.96689,0.96701,1.17,1.00
2015.01.20 01:50:20.049,0.9669,0.96701,1.17,1.00
2015.01.20 01:50:20.355,0.96722,0.96727,1.00,1.10
2015.01.20 01:50:20.407,0.96722,0.96732,1.00,2.32
2015.01.20 01:50:20.508,0.96722,0.96731,1.00,1.00
2015.01.20 01:50:20.660,0.96717,0.96732,2.32,1.27
2015.01.20 01:50:20.712,0.96716,0.96732,1.15,1.27
2015.01.20 01:50:20.965,0.96713,0.96729,3.45,2.40
2015.01.20 01:50:21.167,0.96712,0.96726,1.35,1.15
2015.01.20 01:50:21.930,0.96711,0.96727,2.02,1.27
2015.01.20 01:50:22.435,0.96711,0.96727,5.40,1.17
2015.01.20 01:50:22.549,0.96714,0.9673,3.45,1.65
2015.01.20 01:50:22.853,0.96718,0.96731,1.17,1.20
2015.01.20 01:50:23.157,0.96718,0.96731,2.32,1.12
2015.01.20 01:50:23.258,0.96718,0.96732,2.32,1.45
2015.01.20 01:50:23.763,0.96719,0.96731,1.15,1.12
2015.01.20 01:50:23.814,0.96725,0.96731,4.72,1.12
2015.01.20 01:50:24.068,0.96737,0.96754,3.07,1.92
2015.01.20 01:50:24.170,0.96744,0.96754,2.25,1.00
2015.01.20 01:50:24.221,0.96745,0.96757,2.32,1.12
2015.01.20 01:50:24.423,0.96742,0.96757,2.85,1.10
2015.01.20 01:50:24.474,0.96752,0.96757,2.17,1.00
2015.01.20 01:50:24.626,0.96745,0.96762,1.52,4.65
2015.01.20 01:50:24.677,0.96748,0.96759,2.25,1.17
2015.01.20 01:50:24.779,0.96751,0.96762,1.15,1.12
2015.01.20 01:50:24.881,0.96749,0.96763,1.35,1.20
2015.01.20 01:50:24.932,0.96749,0.96761,1.20,2.32
2015.01.20 01:50:25.033,0.96749,0.96762,1.17,1.15
2015.01.20 01:50:25.084,0.96748,0.96762,1.20,3.07
2015.01.20 01:50:25.236,0.96748,0.96761,1.00,2.32
2015.01.20 01:50:25.287,0.96748,0.96761,1.57,2.25
2015.01.20 01:50:25.338,0.96748,0.96763,1.65,1.27
2015.01.20 01:50:25.440,0.96748,0.96763,1.75,3.07
2015.01.20 01:50:25.643,0.96754,0.96766,1.00,1.87
2015.01.20 01:50:25.745,0.96752,0.96761,1.85,1.00
2015.01.20 01:50:25.897,0.96746,0.96761,1.10,1.17
2015.01.20 01:50:26.099,0.96749,0.96761,1.00,1.10
2015.01.20 01:50:26.403,0.96756,0.96768,1.75,1.85
2015.01.20 01:50:26.627,0.96757,0.96774,1.50,1.75
2015.01.20 01:50:26.729,0.96756,0.96776,1.12,6.07
2015.01.20 01:50:26.780,0.96755,0.96775,1.95,1.90
2015.01.20 01:50:26.832,0.96759,0.96774,1.37,1.12
2015.01.20 01:50:27.035,0.96758,0.96777,3.45,1.87
2015.01.20 01:50:27.238,0.96759,0.9677,1.12,1.00
2015.01.20 01:50:27.340,0.96757,0.9677,1.12,1.00
2015.01.20 01:50:27.442,0.96757,0.9677,1.10,1.00
2015.01.20 01:50:27.594,0.96766,0.9677,1.00,1.00
2015.01.20 01:50:27.645,0.96766,0.96774,1.00,1.12
2015.01.20 01:50:27.696,0.96765,0.96775,3.37,1.50
2015.01.20 01:50:27.849,0.96769,0.96784,1.37,2.40
2015.01.20 01:50:28.253,0.96768,0.96782,1.12,1.00
2015.01.20 01:50:28.557,0.96768,0.96782,1.20,1.00
2015.01.20 01:50:28.709,0.96766,0.96782,1.75,3.75
2015.01.20 01:50:28.861,0.96762,0.96776,1.00,1.10
2015.01.20 01:50:28.912,0.96761,0.96776,1.00,1.65
2015.01.20 01:50:29.215,0.9676,0.96776,1.20,1.00
2015.01.20 01:50:29.316,0.96762,0.96776,1.12,1.00
2015.01.20 01:50:29.620,0.9677,0.96781,1.07,1.00
2015.01.20 01:50:29.874,0.96775,0.96788,1.00,1.20
2015.01.20 01:50:29.976,0.96775,0.9679,1.87,1.17
2015.01.20 01:50:30.280,0.96781,0.96799,3.82,1.75
2015.01.20 01:50:30.331,0.96783,0.96799,1.27,1.00
2015.01.20 01:50:30.382,0.96788,0.96799,1.17,1.00
2015.01.20 01:50:30.483,0.96788,0.96799,1.00,1.00
2015.01.20 01:50:30.534,0.96788,0.96803,1.10,1.10
2015.01.20 01:50:30.585,0.96789,0.96803,1.75,1.10
2015.01.20 01:50:30.890,0.96789,0.96801,1.12,1.07
2015.01.20 01:50:31.042,0.9679,0.96806,1.20,1.57
2015.01.20 01:50:31.144,0.96791,0.96803,1.20,1.00
2015.01.20 01:50:31.448,0.96799,0.96813,1.90,2.62
2015.01.20 01:50:31.550,0.96802,0.96816,1.27,1.50
2015.01.20 01:50:31.652,0.96802,0.96817,1.95,1.00
2015.01.20 01:50:31.702,0.96804,0.96825,1.75,1.12
2015.01.20 01:50:32.209,0.96809,0.96827,1.07,1.52
2015.01.20 01:50:32.714,0.96809,0.96824,1.37,2.25
2015.01.20 01:50:32.867,0.96806,0.96819,1.10,1.00
2015.01.20 01:50:33.271,0.96806,0.96823,1.12,1.20
2015.01.20 01:50:33.399,0.96807,0.96823,1.47,1.10
2015.01.20 01:50:33.732,0.96809,0.96824,1.27,1.00
2015.01.20 01:50:34.037,0.96808,0.96827,1.57,1.00
2015.01.20 01:50:34.088,0.96807,0.96823,1.95,1.00
2015.01.20 01:50:34.392,0.96807,0.96817,5.62,1.37
2015.01.20 01:50:34.494,0.96808,0.96817,1.20,1.37
2015.01.20 01:50:34.658,0.96804,0.96815,1.95,1.37
2015.01.20 01:50:34.861,0.96811,0.96824,1.00,2.02
2015.01.20 01:50:34.912,0.96811,0.96825,1.50,1.52
2015.01.20 01:50:34.964,0.96811,0.96825,2.32,1.07
2015.01.20 01:50:35.268,0.96812,0.96824,1.75,2.32
2015.01.20 01:50:35.369,0.96807,0.96824,1.57,2.40
2015.01.20 01:50:35.882,0.96807,0.96825,1.12,1.20
2015.01.20 01:50:36.185,0.96803,0.96822,2.25,1.87
2015.01.20 01:50:36.236,0.96803,0.96822,2.25,2.62
2015.01.20 01:50:36.388,0.96805,0.96822,1.12,1.20
2015.01.20 01:50:36.592,0.9681,0.96823,1.75,1.50
2015.01.20 01:50:36.694,0.96816,0.96833,1.37,1.87
2015.01.20 01:50:36.745,0.96816,0.96834,1.95,2.62
2015.01.20 01:50:36.897,0.96825,0.96841,1.00,1.12
2015.01.20 01:50:37.049,0.96825,0.96842,1.12,1.50
2015.01.20 01:50:37.353,0.96822,0.96841,1.12,1.50
2015.01.20 01:50:37.505,0.96818,0.96837,2.62,1.87
2015.01.20 01:50:37.556,0.96818,0.96835,1.87,1.12
2015.01.20 01:50:37.708,0.96816,0.96835,1.12,1.50
2015.01.20 01:50:37.810,0.96814,0.96834,1.12,1.12
2015.01.20 01:50:37.911,0.96814,0.96833,1.12,1.12
2015.01.20 01:50:38.063,0.96815,0.96835,1.12,1.20
2015.01.20 01:50:38.114,0.96817,0.96835,1.12,1.07
2015.01.20 01:50:38.468,0.96819,0.96838,1.12,2.25
2015.01.20 01:50:38.980,0.96815,0.96833,1.12,1.50
2015.01.20 01:50:39.486,0.96812,0.96832,1.75,1.12
2015.01.20 01:50:39.537,0.96811,0.96829,1.07,1.12
2015.01.20 01:50:39.690,0.96812,0.9683,1.12,1.57
2015.01.20 01:50:39.994,0.96813,0.9683,1.75,1.20
2015.01.20 01:50:40.252,0.96814,0.9683,1.12,1.20
2015.01.20 01:50:40.556,0.96861,0.9687,1.37,1.00
2015.01.20 01:50:40.607,0.96861,0.96878,1.37,1.75
2015.01.20 01:50:40.658,0.96864,0.9688,3.07,1.20
2015.01.20 01:50:40.709,0.96867,0.96881,1.10,1.12
2015.01.20 01:50:40.913,0.96869,0.96889,1.12,1.12
2015.01.20 01:50:40.966,0.96871,0.96889,1.10,1.20
2015.01.20 01:50:41.151,0.96871,0.96889,1.87,1.07
2015.01.20 01:50:41.457,0.96875,0.96893,1.57,1.85
2015.01.20 01:50:41.765,0.96894,0.96918,1.04,3.07
2015.01.20 01:50:41.816,0.96894,0.96919,1.04,1.75
2015.01.20 01:50:42.020,0.96898,0.96917,1.04,1.57
2015.01.20 01:50:42.325,0.96898,0.96919,1.34,1.12
2015.01.20 01:50:42.679,0.96891,0.96918,1.12,2.25
2015.01.20 01:50:42.781,0.96892,0.96912,1.87,1.12
2015.01.20 01:50:43.085,0.96892,0.96907,1.75,1.75
2015.01.20 01:50:43.187,0.96899,0.96917,1.87,1.20
2015.01.20 01:50:43.238,0.96901,0.96921,1.12,1.12
2015.01.20 01:50:43.289,0.96902,0.96922,1.87,1.37
2015.01.20 01:50:43.340,0.96906,0.96925,1.00,1.12
2015.01.20 01:50:43.644,0.96909,0.96924,1.12,1.00
2015.01.20 01:50:43.898,0.96901,0.96921,1.00,1.87
2015.01.20 01:50:43.949,0.96897,0.96917,1.20,1.00
2015.01.20 01:50:44.000,0.96898,0.96917,1.10,1.75
2015.01.20 01:50:44.506,0.96899,0.96917,1.10,1.12
2015.01.20 01:50:44.814,0.96898,0.96913,1.00,1.75
2015.01.20 01:50:44.865,0.96891,0.96912,1.87,2.25
2015.01.20 01:50:44.968,0.96894,0.9691,1.00,1.50
2015.01.20 01:50:45.272,0.96894,0.96908,1.00,1.12
2015.01.20 01:50:45.475,0.96892,0.96909,1.12,1.12
2015.01.20 01:50:45.627,0.9689,0.96908,1.87,1.87
2015.01.20 01:50:45.930,0.96893,0.96909,1.87,1.75
2015.01.20 01:50:46.032,0.96896,0.96912,1.12,1.20
2015.01.20 01:50:46.083,0.96897,0.96912,1.12,1.95
2015.01.20 01:50:46.285,0.96894,0.96909,1.00,1.12
2015.01.20 01:50:46.387,0.96894,0.96911,1.50,1.75
2015.01.20 01:50:46.488,0.96895,0.96913,1.12,1.95
2015.01.20 01:50:46.690,0.96893,0.96911,1.75,1.45
2015.01.20 01:50:46.842,0.96893,0.96906,1.75,1.37
2015.01.20 01:50:47.146,0.9689,0.96899,1.12,1.00
2015.01.20 01:50:47.247,0.96884,0.96899,1.95,1.37
2015.01.20 01:50:47.399,0.96881,0.96901,1.12,2.25
2015.01.20 01:50:47.450,0.96886,0.969,1.00,1.12
2015.01.20 01:50:47.602,0.96887,0.96905,1.75,1.50
2015.01.20 01:50:47.703,0.96888,0.96901,1.12,1.00
2015.01.20 01:50:48.007,0.96886,0.96898,1.75,1.12
2015.01.20 01:50:48.313,0.96883,0.96899,1.12,1.37
2015.01.20 01:50:48.365,0.96881,0.96899,1.12,1.47
2015.01.20 01:50:48.467,0.96881,0.96893,1.12,1.00
2015.01.20 01:50:48.518,0.9688,0.96893,1.12,1.50
2015.01.20 01:50:48.570,0.96877,0.96892,1.37,1.12
2015.01.20 01:50:48.621,0.96876,0.9689,1.10,1.12
2015.01.20 01:50:48.729,0.96866,0.96887,2.62,1.12
2015.01.20 01:50:48.883,0.96865,0.96884,1.12,1.12
2015.01.20 01:50:49.215,0.96866,0.96885,1.75,1.50
2015.01.20 01:50:49.266,0.96866,0.96885,1.57,1.87
2015.01.20 01:50:49.367,0.96864,0.96883,1.75,1.12
2015.01.20 01:50:49.570,0.96863,0.96882,1.87,1.50
2015.01.20 01:50:49.874,0.96855,0.96874,1.10,1.37
2015.01.20 01:50:50.027,0.96849,0.96869,1.12,1.20
2015.01.20 01:50:50.128,0.96849,0.96867,1.12,1.20
2015.01.20 01:50:50.540,0.96858,0.96868,1.87,1.12
2015.01.20 01:50:50.643,0.96863,0.96883,1.37,1.10
2015.01.20 01:50:50.694,0.96867,0.96884,1.12,1.12
2015.01.20 01:50:50.796,0.96868,0.96888,1.35,1.12
2015.01.20 01:50:51.099,0.9687,0.96889,1.65,1.50
2015.01.20 01:50:51.402,0.96868,0.96887,1.35,1.12
2015.01.20 01:50:51.958,0.96868,0.96887,1.12,1.12
2015.01.20 01:50:52.313,0.96867,0.96885,1.47,1.12
2015.01.20 01:50:52.415,0.96869,0.96887,1.42,1.12
2015.01.20 01:50:52.669,0.96871,0.96892,1.12,1.87
2015.01.20 01:50:52.973,0.96873,0.96892,1.42,1.87
2015.01.20 01:50:53.327,0.96875,0.96894,1.12,1.87
2015.01.20 01:50:53.429,0.96876,0.96894,1.12,1.12
2015.01.20 01:50:53.962,0.96878,0.96894,1.12,1.12
2015.01.20 01:50:54.419,0.96879,0.969,1.12,1.75
2015.01.20 01:50:54.520,0.96884,0.96904,1.90,1.12
2015.01.20 01:50:54.673,0.96886,0.96906,1.75,1.75
2015.01.20 01:50:54.724,0.96887,0.96906,1.12,1.12
2015.01.20 01:50:54.876,0.96891,0.96911,1.20,1.85
2015.01.20 01:50:54.978,0.96893,0.96911,1.37,1.12
2015.01.20 01:50:55.080,0.9689,0.96912,1.87,1.75
2015.01.20 01:50:55.300,0.9689,0.96911,1.87,1.12
2015.01.20 01:50:55.503,0.96882,0.969,1.12,1.50
2015.01.20 01:50:55.554,0.96883,0.969,1.12,1.50
2015.01.20 01:50:55.655,0.96888,0.96905,1.12,1.00
2015.01.20 01:50:55.858,0.96891,0.96908,1.12,1.75
2015.01.20 01:50:55.960,0.96892,0.96911,1.50,1.50
2015.01.20 01:50:56.102,0.96893,0.96912,1.12,1.20
2015.01.20 01:50:56.154,0.96894,0.96915,1.50,1.12
2015.01.20 01:50:56.458,0.96901,0.96918,1.12,1.12
2015.01.20 01:50:56.768,0.96891,0.96913,1.12,1.87
2015.01.20 01:50:56.820,0.9689,0.96913,1.12,1.37
2015.01.20 01:50:56.871,0.96893,0.96914,1.75,1.87
2015.01.20 01:50:57.023,0.96888,0.96909,1.87,1.12
2015.01.20 01:50:57.074,0.96889,0.9691,1.12,1.75
2015.01.20 01:50:57.176,0.96889,0.96913,1.20,1.57
2015.01.20 01:50:57.278,0.96889,0.96913,1.07,1.75
2015.01.20 01:50:57.583,0.96885,0.96908,1.12,1.12
2015.01.20 01:50:57.735,0.96883,0.96904,1.10,1.57
2015.01.20 01:50:57.938,0.96881,0.96903,1.10,1.75
2015.01.20 01:50:58.292,0.96882,0.96904,1.50,1.12
2015.01.20 01:50:58.394,0.96882,0.96905,1.87,1.87
2015.01.20 01:50:58.495,0.96882,0.96905,1.87,1.00
2015.01.20 01:50:58.849,0.96881,0.96906,2.25,2.40
2015.01.20 01:50:59.254,0.96881,0.969,1.10,1.50
2015.01.20 01:50:59.760,0.9688,0.969,1.37,1.50
2015.01.20 01:51:00.371,0.9688,0.96899,1.00,1.50
2015.01.20 01:51:00.574,0.96869,0.96889,1.50,1.50
2015.01.20 01:51:01.093,0.9687,0.96887,1.12,1.20
2015.01.20 01:51:01.245,0.9687,0.96889,1.50,1.20
2015.01.20 01:51:01.448,0.96873,0.96891,1.75,1.87
2015.01.20 01:51:01.651,0.96875,0.96891,1.12,1.07
2015.01.20 01:51:02.435,0.96873,0.96891,1.75,1.12
2015.01.20 01:51:02.486,0.96874,0.96892,1.12,1.12
2015.01.20 01:51:03.030,0.96876,0.96894,1.12,2.32
2015.01.20 01:51:03.334,0.96868,0.96886,1.12,1.12
2015.01.20 01:51:03.537,0.9686,0.96879,1.12,1.12
2015.01.20 01:51:03.588,0.96858,0.96878,1.12,1.12
2015.01.20 01:51:03.640,0.96858,0.96875,1.12,1.12
2015.01.20 01:51:03.741,0.9686,0.96877,1.12,1.12
2015.01.20 01:51:04.046,0.96861,0.96881,1.12,1.12
2015.01.20 01:51:04.097,0.96862,0.96881,1.12,1.12
2015.01.20 01:51:04.346,0.96858,0.96879,1.12,1.75
2015.01.20 01:51:04.397,0.96857,0.96877,3.00,2.25
2015.01.20 01:51:04.549,0.96857,0.96876,1.50,1.12
2015.01.20 01:51:04.701,0.96847,0.96868,1.00,1.75
2015.01.20 01:51:04.857,0.96846,0.96862,1.00,1.12
2015.01.20 01:51:05.182,0.96842,0.96859,1.12,1.12
2015.01.20 01:51:05.284,0.9684,0.96859,1.75,1.75
2015.01.20 01:51:05.437,0.96839,0.96858,1.12,1.12
2015.01.20 01:51:05.741,0.96831,0.9685,1.85,1.87
2015.01.20 01:51:05.843,0.9683,0.96849,1.12,1.87
2015.01.20 01:51:05.944,0.9683,0.96842,1.12,1.00
2015.01.20 01:51:06.046,0.96824,0.96842,1.12,1.50
2015.01.20 01:51:06.097,0.96824,0.96839,1.12,1.00
2015.01.20 01:51:06.300,0.96824,0.96846,1.37,1.12
2015.01.20 01:51:06.401,0.96835,0.96848,1.00,1.50
2015.01.20 01:51:06.503,0.96838,0.96853,1.00,1.12
2015.01.20 01:51:06.554,0.96838,0.96855,1.50,1.75
2015.01.20 01:51:06.605,0.96839,0.96856,1.12,1.10
2015.01.20 01:51:06.706,0.96838,0.96856,1.95,1.20
2015.01.20 01:51:06.869,0.96838,0.96857,1.87,1.12
2015.01.20 01:51:07.073,0.96843,0.96862,1.50,1.85
2015.01.20 01:51:07.174,0.96846,0.96863,1.57,1.12
2015.01.20 01:51:07.478,0.96846,0.96865,1.50,1.12
2015.01.20 01:51:07.833,0.96849,0.96866,1.47,1.57
2015.01.20 01:51:08.173,0.96849,0.96863,1.95,1.00
2015.01.20 01:51:08.477,0.96848,0.96862,1.37,1.12
2015.01.20 01:51:08.579,0.96848,0.96864,1.37,1.87
2015.01.20 01:51:08.630,0.96848,0.96861,1.37,1.00
2015.01.20 01:51:08.832,0.96845,0.96864,1.50,1.87
2015.01.20 01:51:09.136,0.96848,0.96864,1.50,1.00
2015.01.20 01:51:09.678,0.96848,0.96864,1.07,1.00
2015.01.20 01:51:09.982,0.96847,0.96864,1.50,1.00
2015.01.20 01:51:10.286,0.96855,0.9687,1.12,1.12
2015.01.20 01:51:10.589,0.96855,0.96872,1.12,1.00
2015.01.20 01:51:11.845,0.96858,0.96874,1.12,1.20
2015.01.20 01:51:12.389,0.9686,0.96875,1.45,1.00
2015.01.20 01:51:12.440,0.96868,0.96881,1.37,1.87
2015.01.20 01:51:12.542,0.96871,0.96884,1.07,1.00
2015.01.20 01:51:12.593,0.96876,0.96892,1.00,1.87
2015.01.20 01:51:12.644,0.96883,0.96892,1.00,1.87
2015.01.20 01:51:12.797,0.96887,0.96898,1.12,1.10
2015.01.20 01:51:12.899,0.96893,0.96907,1.37,1.00
2015.01.20 01:51:13.000,0.96894,0.96913,1.12,1.12
2015.01.20 01:51:13.456,0.96896,0.96914,1.05,1.87
2015.01.20 01:51:14.110,0.96896,0.96914,1.42,1.12
2015.01.20 01:51:14.414,0.96904,0.96918,1.37,1.00
2015.01.20 01:51:14.719,0.96909,0.96921,1.05,1.00
2015.01.20 01:51:14.921,0.96913,0.96926,1.35,1.00
2015.01.20 01:51:15.124,0.96911,0.96924,1.05,1.00
2015.01.20 01:51:15.586,0.9691,0.96921,1.05,1.00
2015.01.20 01:51:15.688,0.96909,0.96921,1.12,1.00
2015.01.20 01:51:15.740,0.96906,0.96917,1.50,1.00
2015.01.20 01:51:16.044,0.96901,0.96912,1.12,1.00
2015.01.20 01:51:16.196,0.96899,0.96911,1.37,1.00
2015.01.20 01:51:16.297,0.96898,0.96911,1.37,1.00
2015.01.20 01:51:16.500,0.969,0.96914,1.45,1.00
2015.01.20 01:51:16.552,0.96899,0.96914,1.12,1.75
2015.01.20 01:51:16.870,0.96899,0.96913,2.62,1.12
2015.01.20 01:51:17.074,0.96904,0.96924,1.87,1.12
2015.01.20 01:51:17.176,0.96904,0.96924,1.50,1.12
2015.01.20 01:51:17.277,0.96905,0.96923,1.20,1.12
2015.01.20 01:51:17.480,0.96903,0.96921,1.50,1.87
2015.01.20 01:51:17.734,0.96902,0.9692,2.25,1.75
2015.01.20 01:51:17.835,0.96903,0.9692,2.25,1.00
2015.01.20 01:51:17.886,0.96903,0.96924,2.25,1.87
2015.01.20 01:51:17.988,0.96903,0.96922,1.50,1.57
2015.01.20 01:51:18.292,0.96907,0.96922,1.20,1.00
2015.01.20 01:51:18.595,0.96903,0.96921,1.50,1.75
2015.01.20 01:51:19.172,0.96903,0.96921,2.25,1.12
2015.01.20 01:51:19.718,0.96904,0.96922,1.75,2.25
2015.01.20 01:51:20.057,0.96906,0.96923,1.20,1.75
2015.01.20 01:51:20.109,0.96908,0.96925,1.12,1.75
2015.01.20 01:51:20.160,0.96909,0.96925,1.12,1.00
2015.01.20 01:51:20.261,0.96912,0.96925,1.12,1.00
2015.01.20 01:51:20.312,0.96912,0.96932,1.12,1.75
2015.01.20 01:51:20.413,0.96915,0.96932,1.12,1.00
2015.01.20 01:51:20.616,0.96916,0.9693,1.12,1.00
2015.01.20 01:51:21.148,0.96916,0.96931,1.87,1.00
2015.01.20 01:51:21.650,0.96916,0.96928,1.75,1.00
2015.01.20 01:51:21.969,0.96903,0.96922,1.12,1.12
2015.01.20 01:51:22.019,0.96902,0.96921,1.75,1.75
2015.01.20 01:51:22.070,0.96902,0.96913,1.75,1.00
2015.01.20 01:51:22.222,0.96896,0.96913,1.75,1.00
2015.01.20 01:51:22.374,0.96896,0.96916,1.50,1.20
2015.01.20 01:51:22.475,0.96898,0.96916,1.20,1.12
2015.01.20 01:51:22.779,0.96899,0.96913,1.12,1.00
2015.01.20 01:51:22.880,0.96896,0.96913,1.75,1.00
2015.01.20 01:51:22.931,0.96896,0.96911,1.75,1.00
2015.01.20 01:51:23.033,0.96896,0.96913,1.75,1.00
2015.01.20 01:51:23.134,0.96893,0.96913,1.50,1.50
2015.01.20 01:51:23.336,0.96893,0.9691,1.45,2.25
2015.01.20 01:51:23.438,0.96891,0.96909,1.20,1.12
2015.01.20 01:51:23.691,0.96893,0.96911,1.37,2.25
2015.01.20 01:51:23.793,0.96892,0.96908,1.12,1.12
2015.01.20 01:51:24.120,0.96887,0.96906,1.50,1.12
2015.01.20 01:51:24.525,0.96886,0.96903,1.12,1.20
2015.01.20 01:51:24.828,0.96881,0.96899,1.37,1.12
2015.01.20 01:51:25.890,0.96881,0.96898,1.00,1.12
2015.01.20 01:51:25.941,0.96878,0.96898,1.35,1.12
2015.01.20 01:51:26.488,0.96877,0.96896,1.27,1.12
2015.01.20 01:51:26.539,0.96878,0.96896,1.22,1.12
2015.01.20 01:51:26.842,0.9688,0.96897,2.47,1.75
2015.01.20 01:51:27.247,0.96881,0.96898,1.27,1.12
2015.01.20 01:51:27.749,0.96882,0.96898,1.27,1.12
2015.01.20 01:51:28.399,0.96882,0.96899,1.17,1.12
2015.01.20 01:51:30.532,0.96882,0.96898,1.17,1.12
2015.01.20 01:51:30.633,0.96882,0.96894,1.10,1.10
2015.01.20 01:51:30.937,0.96876,0.96891,1.00,1.20
2015.01.20 01:51:31.038,0.96876,0.96891,1.00,1.20
2015.01.20 01:51:31.089,0.96869,0.96891,1.27,1.95
2015.01.20 01:51:31.190,0.96869,0.96888,1.35,1.65
2015.01.20 01:51:31.494,0.96869,0.96888,1.35,1.10
2015.01.20 01:51:31.798,0.96873,0.96888,1.00,1.00
2015.01.20 01:51:32.110,0.96873,0.96887,1.00,1.75
2015.01.20 01:51:32.876,0.96871,0.96887,1.12,1.75
2015.01.20 01:51:33.362,0.96871,0.96887,1.45,1.75
2015.01.20 01:51:33.921,0.96871,0.96887,1.12,1.75
2015.01.20 01:51:35.335,0.96869,0.96887,1.72,1.12
2015.01.20 01:51:35.641,0.96864,0.96883,1.37,2.02
2015.01.20 01:51:35.945,0.96888,0.96899,2.32,1.75
2015.01.20 01:51:35.996,0.96888,0.96905,2.32,1.75
2015.01.20 01:51:36.098,0.96899,0.96907,2.17,1.57
2015.01.20 01:51:36.199,0.969,0.96915,2.32,1.12
2015.01.20 01:51:36.250,0.96897,0.96916,3.45,1.12
2015.01.20 01:51:36.352,0.96902,0.96919,2.25,1.20
2015.01.20 01:51:36.403,0.96902,0.96919,2.25,1.07
2015.01.20 01:51:36.555,0.96897,0.9692,3.52,1.12
2015.01.20 01:51:37.143,0.96898,0.96918,1.20,1.25
2015.01.20 01:51:37.462,0.96895,0.96915,1.32,1.12
2015.01.20 01:51:37.765,0.96893,0.9691,1.60,1.00
2015.01.20 01:51:37.968,0.96896,0.96915,1.10,1.87
2015.01.20 01:51:38.120,0.96896,0.96915,1.17,1.87
2015.01.20 01:51:38.373,0.96897,0.96915,1.10,1.12
2015.01.20 01:51:38.424,0.96897,0.96914,1.10,1.12
2015.01.20 01:51:38.727,0.96897,0.96915,1.20,1.12
2015.01.20 01:51:39.489,0.96897,0.96912,1.20,1.00
2015.01.20 01:51:39.855,0.96895,0.96914,1.50,1.95
2015.01.20 01:51:40.059,0.96897,0.96914,1.20,2.25
2015.01.20 01:51:40.617,0.96896,0.96913,1.80,1.20
2015.01.20 01:51:41.130,0.96896,0.96911,1.15,1.12
2015.01.20 01:51:41.790,0.96896,0.96914,1.50,1.20
2015.01.20 01:51:42.841,0.96897,0.96914,1.42,1.20
2015.01.20 01:51:43.250,0.96895,0.96914,1.65,1.85
2015.01.20 01:51:45.899,0.96894,0.96912,1.65,1.65
2015.01.20 01:51:46.103,0.96892,0.9691,1.95,1.75
2015.01.20 01:51:46.407,0.9689,0.96909,1.27,2.70
2015.01.20 01:51:46.711,0.96884,0.96902,1.65,2.40
2015.01.20 01:51:47.017,0.96881,0.96898,1.61,1.10
2015.01.20 01:51:47.320,0.96881,0.96896,1.61,1.00
2015.01.20 01:51:47.825,0.9688,0.96896,1.27,1.10
2015.01.20 01:51:49.052,0.96879,0.96896,1.57,1.65
2015.01.20 01:51:49.569,0.96879,0.96896,1.87,1.20
2015.01.20 01:51:51.051,0.9688,0.96894,1.05,1.82
2015.01.20 01:51:51.304,0.96875,0.96889,3.07,2.25
2015.01.20 01:51:51.406,0.96874,0.96887,1.72,1.12
2015.01.20 01:51:51.608,0.96875,0.96884,1.20,1.12
2015.01.20 01:51:51.912,0.96875,0.96885,1.20,1.12
2015.01.20 01:51:52.440,0.96874,0.96884,1.20,1.75
2015.01.20 01:51:53.163,0.96874,0.96883,1.20,1.12
2015.01.20 01:51:53.778,0.96871,0.96882,1.15,1.12
2015.01.20 01:51:54.032,0.96871,0.96885,1.30,1.12
2015.01.20 01:51:54.234,0.96871,0.96888,1.05,1.75
2015.01.20 01:51:54.663,0.96876,0.96888,1.00,1.75
2015.01.20 01:51:54.815,0.96877,0.96891,1.07,1.12
2015.01.20 01:51:55.219,0.9688,0.96893,1.00,1.85
2015.01.20 01:51:55.321,0.9688,0.96894,1.00,1.35
2015.01.20 01:51:55.776,0.9688,0.96897,1.87,1.35
2015.01.20 01:51:56.289,0.9688,0.96898,1.95,2.02
2015.01.20 01:51:56.593,0.96881,0.96888,1.00,1.00
2015.01.20 01:51:56.898,0.96878,0.96887,1.00,1.12
2015.01.20 01:51:56.999,0.96878,0.96887,1.00,1.55
2015.01.20 01:51:57.304,0.96878,0.96889,1.00,1.95
2015.01.20 01:51:57.759,0.9688,0.9689,1.00,1.95
2015.01.20 01:51:58.062,0.96895,0.96903,1.12,1.00
2015.01.20 01:51:58.164,0.96895,0.96906,1.75,1.00
2015.01.20 01:51:58.316,0.96898,0.96906,1.57,1.00
2015.01.20 01:51:58.776,0.96896,0.96906,1.10,1.10
2015.01.20 01:51:58.827,0.96896,0.96901,1.10,1.00
2015.01.20 01:51:58.878,0.96894,0.96901,1.50,1.00
2015.01.20 01:51:59.409,0.96893,0.969,1.42,1.00
2015.01.20 01:51:59.669,0.96893,0.96902,1.42,1.00
2015.01.20 01:51:59.719,0.96896,0.96902,1.00,1.00
2015.01.20 01:52:00.089,0.96896,0.96908,1.00,4.20
2015.01.20 01:52:00.617,0.96897,0.96905,1.00,1.12
2015.01.20 01:52:01.628,0.96894,0.96905,1.00,1.82
2015.01.20 01:52:02.082,0.96894,0.96903,1.00,1.12
2015.01.20 01:52:02.500,0.9689,0.96901,1.00,1.12
2015.01.20 01:52:02.601,0.96885,0.969,1.15,1.20
2015.01.20 01:52:02.652,0.96885,0.969,1.15,1.87
2015.01.20 01:52:02.804,0.96885,0.969,1.25,1.20
2015.01.20 01:52:03.715,0.96885,0.969,1.10,1.95
2015.01.20 01:52:04.019,0.96885,0.96898,1.05,1.12
2015.01.20 01:52:04.272,0.96888,0.96902,1.00,2.40
2015.01.20 01:52:04.373,0.96891,0.96903,1.00,1.92
2015.01.20 01:52:04.676,0.96891,0.96903,1.00,1.10
2015.01.20 01:52:05.030,0.96891,0.96905,1.00,1.20
2015.01.20 01:52:05.535,0.9689,0.96905,1.20,1.20
2015.01.20 01:52:06.073,0.9689,0.96905,1.50,1.10
2015.01.20 01:52:06.786,0.9689,0.96905,1.57,1.10
2015.01.20 01:52:06.887,0.96893,0.96909,1.20,1.30
2015.01.20 01:52:06.989,0.96895,0.96911,1.20,1.87
2015.01.20 01:52:07.090,0.96895,0.96911,2.02,1.00
2015.01.20 01:52:07.142,0.96896,0.96911,1.20,1.00
2015.01.20 01:52:07.445,0.96899,0.96905,1.12,1.00
2015.01.20 01:52:07.900,0.969,0.96907,1.52,1.00
2015.01.20 01:52:07.951,0.969,0.96918,3.45,1.12
2015.01.20 01:52:08.002,0.96902,0.96916,1.27,1.10
2015.01.20 01:52:08.104,0.96903,0.96917,1.20,1.07
2015.01.20 01:52:08.205,0.96896,0.96906,1.92,1.00
2015.01.20 01:52:08.306,0.96907,0.96915,1.00,1.35
2015.01.20 01:52:08.813,0.96906,0.96915,1.00,1.20
2015.01.20 01:52:08.864,0.969,0.96913,1.00,1.20
2015.01.20 01:52:09.178,0.96901,0.96912,1.00,1.87
2015.01.20 01:52:09.431,0.96904,0.96915,1.12,1.20
2015.01.20 01:52:09.533,0.96905,0.96917,1.00,1.00
2015.01.20 01:52:09.634,0.96903,0.96917,1.57,1.12
2015.01.20 01:52:10.185,0.96899,0.96918,1.87,1.72
2015.01.20 01:52:10.489,0.96897,0.96915,1.87,1.92
2015.01.20 01:52:10.539,0.96897,0.96915,1.57,1.27
2015.01.20 01:52:10.843,0.96898,0.96916,1.82,2.02
2015.01.20 01:52:11.968,0.96896,0.96911,1.50,1.20
2015.01.20 01:52:12.070,0.96894,0.96912,2.02,1.50
2015.01.20 01:52:12.272,0.96894,0.9691,1.20,1.20
2015.01.20 01:52:12.811,0.96892,0.96908,2.40,1.10
2015.01.20 01:52:13.169,0.96892,0.96906,1.65,1.00
2015.01.20 01:52:15.107,0.96892,0.96905,1.20,2.25
2015.01.20 01:52:15.411,0.96888,0.96896,1.47,1.00
2015.01.20 01:52:15.462,0.96884,0.96896,1.50,1.00
2015.01.20 01:52:16.026,0.96884,0.96894,1.50,1.07
2015.01.20 01:52:16.380,0.96883,0.96899,1.57,1.20
2015.01.20 01:52:16.482,0.96883,0.96896,1.65,1.00
2015.01.20 01:52:16.583,0.96884,0.96896,1.65,1.00
2015.01.20 01:52:16.786,0.96885,0.96898,1.20,1.00
2015.01.20 01:52:16.887,0.96887,0.96898,1.75,1.00
2015.01.20 01:52:17.320,0.96886,0.96898,1.12,1.00
2015.01.20 01:52:17.690,0.96886,0.96902,1.05,2.25
2015.01.20 01:52:17.791,0.96888,0.96902,1.75,1.00
2015.01.20 01:52:20.102,0.96885,0.96901,1.00,1.20
2015.01.20 01:52:20.204,0.96883,0.96896,1.87,1.00
2015.01.20 01:52:20.509,0.9687,0.96886,1.37,1.00
2015.01.20 01:52:20.764,0.96869,0.96883,2.02,1.10
2015.01.20 01:52:21.873,0.96872,0.96886,1.20,1.10
2015.01.20 01:52:22.507,0.96872,0.96885,1.10,1.00
2015.01.20 01:52:23.266,0.96872,0.96882,1.10,1.00
2015.01.20 01:52:23.803,0.9687,0.96882,1.37,1.17
2015.01.20 01:52:24.338,0.9687,0.96879,1.37,1.00
2015.01.20 01:52:24.924,0.96864,0.96873,1.05,2.32
2015.01.20 01:52:25.026,0.96856,0.96873,2.62,2.70
2015.01.20 01:52:25.127,0.96856,0.96867,1.75,2.32
2015.01.20 01:52:25.178,0.96848,0.96867,1.45,2.32
2015.01.20 01:52:25.229,0.96848,0.96864,1.45,2.32
2015.01.20 01:52:25.532,0.96846,0.96861,1.37,1.15
2015.01.20 01:52:25.836,0.96849,0.9686,1.37,1.17
2015.01.20 01:52:26.110,0.96849,0.9686,1.87,1.10
2015.01.20 01:52:26.588,0.9685,0.96863,1.20,1.00
2015.01.20 01:52:27.229,0.96851,0.96862,1.00,1.10
2015.01.20 01:52:27.432,0.96846,0.96862,1.87,1.10
2015.01.20 01:52:27.533,0.96846,0.96861,1.20,1.27
2015.01.20 01:52:27.911,0.96844,0.96859,1.00,2.32
2015.01.20 01:52:28.164,0.96841,0.96857,1.75,1.15
2015.01.20 01:52:28.215,0.9684,0.96855,1.00,1.92
2015.01.20 01:52:28.316,0.96842,0.96855,1.00,1.90
2015.01.20 01:52:29.251,0.9684,0.96856,1.50,2.02
2015.01.20 01:52:29.455,0.96842,0.96856,1.12,1.35
2015.01.20 01:52:29.661,0.96842,0.96856,1.50,1.10
2015.01.20 01:52:29.880,0.96841,0.96856,1.20,2.25
2015.01.20 01:52:29.933,0.96838,0.96855,2.25,3.37
2015.01.20 01:52:30.186,0.9684,0.96855,1.50,1.10
2015.01.20 01:52:30.687,0.9684,0.96855,1.12,1.07
2015.01.20 01:52:30.789,0.96839,0.96855,1.07,2.02
2015.01.20 01:52:31.679,0.96838,0.96855,2.32,1.27
2015.01.20 01:52:32.216,0.96839,0.96855,1.50,1.17
2015.01.20 01:52:32.566,0.96839,0.96854,1.50,4.50
2015.01.20 01:52:33.073,0.96839,0.96852,1.12,1.65
2015.01.20 01:52:33.589,0.9684,0.96852,1.00,1.17
2015.01.20 01:52:33.842,0.96839,0.96854,1.07,1.20
2015.01.20 01:52:34.161,0.96837,0.96853,1.27,1.75
2015.01.20 01:52:34.262,0.96836,0.96852,1.57,1.57
2015.01.20 01:52:34.616,0.96839,0.9685,1.12,1.00
2015.01.20 01:52:35.029,0.96839,0.9685,1.00,1.87
2015.01.20 01:52:35.236,0.96836,0.9685,1.47,1.87
2015.01.20 01:52:35.287,0.96836,0.96848,1.37,1.12
2015.01.20 01:52:35.844,0.96831,0.96845,2.25,1.10
2015.01.20 01:52:35.945,0.9683,0.96843,1.37,1.00
2015.01.20 01:52:36.249,0.9683,0.96841,1.37,1.20
2015.01.20 01:52:38.043,0.96829,0.96841,1.37,2.02
2015.01.20 01:52:38.144,0.96828,0.96841,1.37,2.02
2015.01.20 01:52:38.658,0.96825,0.96837,1.47,1.10
2015.01.20 01:52:38.810,0.96825,0.96837,1.12,1.10
2015.01.20 01:52:39.348,0.96823,0.96837,1.00,1.35
2015.01.20 01:52:39.551,0.96823,0.96836,1.00,2.40
2015.01.20 01:52:39.970,0.96825,0.96833,1.00,1.20
2015.01.20 01:52:40.122,0.9682,0.96832,1.00,1.00
2015.01.20 01:52:40.328,0.96822,0.96832,1.00,1.87
2015.01.20 01:52:40.634,0.96837,0.96848,1.75,2.25
2015.01.20 01:52:40.686,0.96837,0.96845,1.75,1.12
2015.01.20 01:52:40.737,0.96837,0.96845,1.00,1.12
2015.01.20 01:52:40.789,0.96834,0.9684,1.20,1.00
2015.01.20 01:52:40.890,0.96831,0.96844,1.35,1.50
2015.01.20 01:52:40.992,0.9683,0.96844,1.17,1.12
2015.01.20 01:52:41.094,0.96834,0.96846,1.00,1.00
2015.01.20 01:52:41.399,0.96831,0.96839,1.00,1.12
2015.01.20 01:52:41.450,0.96837,0.96844,1.00,1.12
2015.01.20 01:52:41.755,0.96838,0.96847,1.00,1.12
2015.01.20 01:52:41.857,0.9683,0.96846,1.20,1.20
2015.01.20 01:52:42.059,0.96838,0.96846,1.15,1.20
2015.01.20 01:52:42.211,0.96842,0.96849,1.00,1.12
2015.01.20 01:52:42.313,0.9684,0.9685,6.37,1.12
2015.01.20 01:52:42.415,0.9684,0.96856,7.12,1.12
2015.01.20 01:52:42.517,0.96841,0.96864,2.02,1.95
2015.01.20 01:52:42.568,0.96841,0.96861,1.75,3.07
2015.01.20 01:52:42.619,0.9684,0.96861,1.50,3.07
2015.01.20 01:52:42.771,0.96837,0.96854,1.20,1.07
2015.01.20 01:52:42.974,0.96823,0.9684,1.10,1.15
2015.01.20 01:52:43.075,0.96819,0.96841,1.50,1.15
2015.01.20 01:52:43.177,0.96821,0.96839,1.12,1.17
2015.01.20 01:52:43.481,0.96817,0.96835,1.20,1.12
2015.01.20 01:52:44.859,0.96818,0.96835,1.35,1.12
2015.01.20 01:52:44.961,0.96822,0.96837,1.00,1.12
2015.01.20 01:52:45.062,0.96822,0.96839,1.10,1.12
2015.01.20 01:52:45.164,0.96822,0.96842,1.87,1.52
2015.01.20 01:52:46.393,0.96831,0.96842,1.00,1.52
2015.01.20 01:52:46.697,0.96831,0.96841,1.00,1.25
2015.01.20 01:52:47.008,0.9683,0.9684,1.00,4.95
2015.01.20 01:52:47.058,0.96827,0.9684,1.00,5.70
2015.01.20 01:52:47.812,0.96819,0.96838,1.45,1.20
2015.01.20 01:52:48.471,0.96819,0.96837,1.20,1.45
2015.01.20 01:52:48.825,0.96816,0.96834,3.00,1.75
2015.01.20 01:52:49.912,0.9682,0.96834,1.00,1.75
2015.01.20 01:52:50.114,0.96817,0.96837,3.07,1.75
2015.01.20 01:52:50.367,0.96817,0.96834,1.85,1.37
2015.01.20 01:52:50.570,0.96813,0.96832,1.12,1.27
2015.01.20 01:52:50.672,0.96816,0.96832,1.00,1.12
2015.01.20 01:52:50.773,0.96818,0.96837,1.10,1.57
2015.01.20 01:52:50.875,0.9682,0.96837,1.75,1.27
2015.01.20 01:52:51.027,0.96819,0.96837,1.20,1.57
2015.01.20 01:52:51.491,0.96819,0.96837,1.20,1.65
2015.01.20 01:52:52.014,0.96819,0.96835,1.00,1.12
2015.01.20 01:52:52.115,0.96819,0.96838,1.30,1.12
2015.01.20 01:52:52.166,0.96826,0.96838,1.00,1.12
2015.01.20 01:52:52.318,0.96826,0.96844,1.27,1.10
2015.01.20 01:52:52.368,0.96827,0.96847,1.17,1.20
2015.01.20 01:52:52.521,0.96828,0.96848,1.35,1.10
2015.01.20 01:52:52.622,0.96837,0.96849,1.00,1.35
2015.01.20 01:52:52.927,0.96837,0.9685,1.57,1.15
2015.01.20 01:52:53.332,0.9684,0.9685,1.20,1.15
2015.01.20 01:52:53.838,0.96838,0.9685,1.75,1.20
2015.01.20 01:52:54.200,0.96836,0.9685,2.25,1.20
2015.01.20 01:52:54.713,0.96836,0.96851,1.20,1.15
2015.01.20 01:52:55.166,0.96841,0.96851,1.00,1.15
2015.01.20 01:52:55.318,0.96841,0.96853,1.00,1.00
2015.01.20 01:52:55.419,0.9684,0.96858,1.20,1.85
2015.01.20 01:52:55.521,0.9684,0.96856,2.25,1.00
2015.01.20 01:52:56.052,0.9684,0.96857,1.00,1.10
2015.01.20 01:52:56.103,0.9684,0.96854,1.00,1.15
2015.01.20 01:52:56.406,0.96838,0.96855,1.20,2.02
2015.01.20 01:52:58.567,0.96839,0.96854,1.87,1.15
2015.01.20 01:52:59.575,0.96847,0.96854,1.00,1.15
2015.01.20 01:52:59.727,0.96847,0.96862,1.00,1.27
2015.01.20 01:52:59.879,0.96844,0.96861,1.00,1.17
2015.01.20 01:52:59.930,0.96841,0.96856,1.12,1.00
2015.01.20 01:53:00.233,0.96836,0.96853,1.87,1.72
2015.01.20 01:53:00.538,0.96833,0.96846,1.12,1.00
2015.01.20 01:53:01.081,0.96835,0.96845,1.00,1.00
2015.01.20 01:53:01.387,0.96837,0.96845,1.00,1.00
2015.01.20 01:53:01.539,0.96832,0.96846,1.12,1.00
2015.01.20 01:53:01.792,0.96835,0.96846,1.12,1.00
2015.01.20 01:53:02.402,0.96835,0.96845,1.12,2.32
2015.01.20 01:53:02.453,0.96827,0.96837,1.12,1.00
2015.01.20 01:53:02.554,0.96825,0.96837,1.75,1.00
2015.01.20 01:53:03.120,0.96825,0.96836,1.75,1.00
2015.01.20 01:53:04.535,0.96823,0.96836,1.75,1.00
2015.01.20 01:53:05.675,0.96823,0.96839,1.85,1.00
2015.01.20 01:53:06.455,0.96823,0.96841,1.85,1.20
2015.01.20 01:53:08.278,0.96825,0.96841,1.87,1.10
2015.01.20 01:53:08.582,0.96815,0.96827,1.00,1.12
2015.01.20 01:53:08.633,0.96812,0.96827,1.00,1.87
2015.01.20 01:53:08.683,0.96819,0.96827,1.00,1.87
2015.01.20 01:53:08.835,0.9682,0.9683,1.00,1.20
2015.01.20 01:53:09.139,0.96818,0.9683,1.00,1.00
2015.01.20 01:53:09.190,0.96818,0.96833,1.00,1.20
2015.01.20 01:53:09.241,0.96818,0.9683,1.00,1.12
2015.01.20 01:53:09.771,0.96817,0.9683,1.00,1.57
2015.01.20 01:53:10.307,0.96818,0.96831,1.00,1.75
2015.01.20 01:53:10.670,0.9682,0.96832,1.00,1.12
2015.01.20 01:53:10.974,0.96822,0.96831,1.00,1.27
2015.01.20 01:53:11.126,0.96815,0.96831,1.10,1.50
2015.01.20 01:53:11.228,0.96812,0.9683,1.50,2.25
2015.01.20 01:53:11.329,0.96811,0.96824,1.00,1.12
2015.01.20 01:53:11.440,0.96811,0.96826,1.00,1.75
2015.01.20 01:53:12.308,0.96809,0.96826,1.65,1.75
2015.01.20 01:53:12.561,0.96808,0.96822,1.12,1.12
2015.01.20 01:53:13.066,0.96806,0.96821,1.37,1.10
2015.01.20 01:53:13.117,0.96801,0.96817,1.20,1.45
2015.01.20 01:53:13.219,0.96801,0.96814,1.00,1.00
2015.01.20 01:53:13.421,0.96794,0.96813,2.25,1.92
2015.01.20 01:53:13.573,0.96794,0.96809,1.10,1.20
2015.01.20 01:53:13.876,0.96789,0.96806,3.52,1.12
2015.01.20 01:53:13.928,0.96789,0.96806,1.20,1.12
2015.01.20 01:53:13.978,0.96792,0.96803,1.00,1.12
2015.01.20 01:53:14.080,0.9679,0.96802,1.00,1.12
2015.01.20 01:53:14.920,0.96786,0.96803,1.12,1.12
2015.01.20 01:53:15.223,0.96786,0.96803,2.70,1.12
2015.01.20 01:53:15.325,0.96787,0.96805,3.52,1.12
2015.01.20 01:53:15.426,0.96789,0.9681,1.25,1.87
2015.01.20 01:53:15.528,0.96793,0.9681,1.12,1.20
2015.01.20 01:53:16.039,0.96794,0.9681,1.20,1.00
2015.01.20 01:53:16.194,0.96794,0.96815,1.27,1.20
2015.01.20 01:53:16.295,0.96799,0.96816,1.12,1.87
2015.01.20 01:53:16.447,0.96791,0.96811,1.95,1.95
2015.01.20 01:53:16.549,0.96791,0.96808,1.12,1.15
2015.01.20 01:53:16.651,0.96795,0.9681,1.00,2.10
2015.01.20 01:53:16.752,0.96795,0.96812,1.00,1.12
2015.01.20 01:53:16.854,0.96799,0.96813,1.75,1.00
2015.01.20 01:53:17.056,0.96799,0.96816,1.75,2.40
2015.01.20 01:53:17.818,0.96799,0.96812,1.75,1.45
2015.01.20 01:53:17.970,0.96788,0.96802,1.10,1.00
2015.01.20 01:53:18.021,0.96788,0.96802,1.10,3.00
2015.01.20 01:53:18.325,0.96787,0.96797,1.10,1.12
2015.01.20 01:53:18.477,0.9679,0.96803,1.00,1.95
2015.01.20 01:53:18.629,0.96787,0.96806,2.25,1.92
2015.01.20 01:53:18.731,0.96787,0.96801,2.25,1.00
2015.01.20 01:53:19.294,0.96785,0.96801,1.12,1.20
2015.01.20 01:53:19.407,0.96783,0.968,1.20,1.12
2015.01.20 01:53:19.802,0.96783,0.96798,1.00,1.12
2015.01.20 01:53:20.313,0.96784,0.96798,1.12,1.12
2015.01.20 01:53:20.618,0.96786,0.96799,1.00,1.12
2015.01.20 01:53:20.821,0.96783,0.96799,1.20,1.87
2015.01.20 01:53:20.923,0.96783,0.96798,1.10,1.12
2015.01.20 01:53:21.228,0.96783,0.96799,1.00,1.12
2015.01.20 01:53:21.329,0.96787,0.96799,1.00,1.12
2015.01.20 01:53:21.488,0.96787,0.96801,1.00,1.75
2015.01.20 01:53:22.127,0.96783,0.96801,1.72,1.75
2015.01.20 01:53:22.330,0.96787,0.96799,1.20,1.12
2015.01.20 01:53:22.584,0.96799,0.96815,1.57,1.72
2015.01.20 01:53:22.685,0.96799,0.96815,2.25,1.00
2015.01.20 01:53:22.889,0.96801,0.96816,1.12,1.00
2015.01.20 01:53:23.395,0.96801,0.96818,1.12,2.02
2015.01.20 01:53:23.745,0.96801,0.96815,1.00,1.12
2015.01.20 01:53:23.897,0.96801,0.96817,1.10,1.20
2015.01.20 01:53:24.201,0.96798,0.96815,1.20,1.12
2015.01.20 01:53:24.520,0.96803,0.96815,1.00,1.12
2015.01.20 01:53:24.571,0.96796,0.96814,2.32,1.75
2015.01.20 01:53:25.862,0.96802,0.96814,2.70,1.75
2015.01.20 01:53:26.115,0.96808,0.96828,1.00,1.27
2015.01.20 01:53:26.166,0.96809,0.96828,1.37,1.27
2015.01.20 01:53:26.470,0.96812,0.96833,1.25,1.12
2015.01.20 01:53:27.018,0.96814,0.96832,1.65,2.25
2015.01.20 01:53:27.576,0.96815,0.96831,1.10,1.47
2015.01.20 01:53:28.189,0.96815,0.9683,1.10,1.12
2015.01.20 01:53:28.733,0.96815,0.96831,1.10,1.12
2015.01.20 01:53:29.058,0.96815,0.96832,1.10,1.07
2015.01.20 01:53:29.839,0.96818,0.96832,1.00,1.07
2015.01.20 01:53:30.374,0.96818,0.96834,1.00,1.20
2015.01.20 01:53:31.338,0.96818,0.96828,1.00,1.00
2015.01.20 01:53:31.490,0.96807,0.96828,4.20,1.20
2015.01.20 01:53:31.541,0.96807,0.96828,1.95,3.45
2015.01.20 01:53:31.643,0.9681,0.96828,1.00,1.15
2015.01.20 01:53:31.694,0.9681,0.96827,1.57,1.52
2015.01.20 01:53:31.795,0.96813,0.9683,1.20,1.27
2015.01.20 01:53:31.897,0.96814,0.9683,1.72,1.00
2015.01.20 01:53:32.049,0.96816,0.9683,1.10,1.75
2015.01.20 01:53:32.352,0.9682,0.96829,1.00,1.12
2015.01.20 01:53:32.454,0.9682,0.96833,1.00,1.12
2015.01.20 01:53:32.808,0.9682,0.96835,1.00,1.12
2015.01.20 01:53:32.859,0.96817,0.96835,2.02,1.20
2015.01.20 01:53:32.961,0.96816,0.96835,1.12,4.20
2015.01.20 01:53:33.012,0.96813,0.96835,1.57,4.20
2015.01.20 01:53:33.518,0.96813,0.96831,1.00,1.17
2015.01.20 01:53:33.569,0.96813,0.96831,3.00,1.10
2015.01.20 01:53:33.670,0.96813,0.96834,4.27,1.20
2015.01.20 01:53:34.024,0.96816,0.96828,1.07,1.12
2015.01.20 01:53:34.227,0.96816,0.9683,1.07,1.75
2015.01.20 01:53:34.480,0.96819,0.96831,1.00,1.12
2015.01.20 01:53:34.581,0.96819,0.96834,1.00,2.25
2015.01.20 01:53:34.682,0.96819,0.96832,1.00,1.12
2015.01.20 01:53:35.023,0.96823,0.96832,1.07,1.12
2015.01.20 01:53:35.124,0.96827,0.96841,1.50,1.75
2015.01.20 01:53:35.226,0.96827,0.96844,1.50,1.07
2015.01.20 01:53:35.378,0.9683,0.96847,1.00,2.25
2015.01.20 01:53:35.783,0.96828,0.96842,1.50,1.12
2015.01.20 01:53:36.784,0.96828,0.96844,1.00,1.95
2015.01.20 01:53:36.886,0.96824,0.96838,1.12,1.07
2015.01.20 01:53:37.139,0.96815,0.9683,1.00,1.00
2015.01.20 01:53:37.291,0.96812,0.96829,1.50,1.27
2015.01.20 01:53:37.544,0.9681,0.96827,1.00,1.12
2015.01.20 01:53:38.084,0.96809,0.96826,1.20,1.20
2015.01.20 01:53:39.361,0.96809,0.96821,1.00,4.50
2015.01.20 01:53:39.412,0.96806,0.96821,1.20,4.50
2015.01.20 01:53:39.463,0.96806,0.96818,1.20,2.32
2015.01.20 01:53:39.530,0.96805,0.96818,1.12,2.32
2015.01.20 01:53:39.833,0.96802,0.96814,1.12,1.10
2015.01.20 01:53:39.935,0.96803,0.96814,1.37,1.10
2015.01.20 01:53:40.137,0.96804,0.96815,1.00,1.00
2015.01.20 01:53:40.289,0.96804,0.96814,1.00,1.12
2015.01.20 01:53:40.340,0.96802,0.96814,1.27,1.12
2015.01.20 01:53:40.846,0.96801,0.96813,1.00,1.45
2015.01.20 01:53:40.998,0.96803,0.96813,1.00,1.45
2015.01.20 01:53:41.352,0.96801,0.96814,1.00,1.20
2015.01.20 01:53:41.862,0.968,0.96814,1.00,1.20
2015.01.20 01:53:42.017,0.96802,0.96814,1.00,1.20
2015.01.20 01:53:42.118,0.968,0.96814,1.00,1.20
2015.01.20 01:53:42.321,0.96796,0.96811,1.00,1.27
2015.01.20 01:53:42.422,0.96796,0.96805,1.00,1.00
2015.01.20 01:53:42.727,0.96797,0.96804,1.00,1.12
2015.01.20 01:53:42.828,0.96798,0.96806,1.00,1.12
2015.01.20 01:53:42.879,0.96795,0.96806,1.00,1.12
2015.01.20 01:53:43.434,0.96795,0.96805,1.00,2.25
2015.01.20 01:53:43.485,0.96795,0.96803,1.00,1.12
2015.01.20 01:53:43.805,0.96797,0.96803,1.00,1.12
2015.01.20 01:53:43.906,0.96797,0.96805,1.00,1.75
2015.01.20 01:53:44.430,0.96796,0.96805,1.00,1.12
2015.01.20 01:53:44.632,0.96799,0.96805,1.00,1.12
2015.01.20 01:53:44.885,0.96797,0.96805,1.00,1.12
2015.01.20 01:53:44.987,0.96797,0.96809,1.00,1.12
2015.01.20 01:53:45.240,0.96797,0.96805,1.00,1.12
2015.01.20 01:53:45.665,0.96788,0.96802,1.00,1.17
2015.01.20 01:53:45.766,0.96788,0.96801,1.00,1.55
2015.01.20 01:53:46.615,0.96786,0.968,1.00,1.72
2015.01.20 01:53:46.918,0.96788,0.96796,1.00,1.22
2015.01.20 01:53:47.427,0.96781,0.96796,1.00,1.95
2015.01.20 01:53:47.529,0.9678,0.96793,1.00,1.12
2015.01.20 01:53:47.630,0.96777,0.9679,1.00,1.00
2015.01.20 01:53:47.732,0.96777,0.96786,1.00,2.32
2015.01.20 01:53:47.783,0.9677,0.96786,1.87,2.40
2015.01.20 01:53:47.834,0.9677,0.96786,1.12,3.60
2015.01.20 01:53:47.886,0.96764,0.96786,1.57,6.52
2015.01.20 01:53:47.938,0.96764,0.9678,1.00,3.75
2015.01.20 01:53:48.239,0.96767,0.9678,1.00,5.25
2015.01.20 01:53:48.543,0.96769,0.96777,1.20,1.45
2015.01.20 01:53:48.647,0.96769,0.96782,1.65,1.37
2015.01.20 01:53:48.853,0.96775,0.96782,1.00,1.00
2015.01.20 01:53:49.106,0.96774,0.96787,1.00,1.57
2015.01.20 01:53:49.258,0.96772,0.96787,1.00,2.32
2015.01.20 01:53:49.309,0.96772,0.96783,1.00,1.12
2015.01.20 01:53:49.613,0.96771,0.96781,1.00,1.50
2015.01.20 01:53:49.664,0.96767,0.96779,1.00,1.47
2015.01.20 01:53:49.867,0.96761,0.96776,1.65,1.12
2015.01.20 01:53:49.918,0.96761,0.96776,1.50,1.12
2015.01.20 01:53:49.969,0.9676,0.96773,1.00,1.12
2015.01.20 01:53:50.273,0.96751,0.96763,1.50,2.32
2015.01.20 01:53:50.526,0.96752,0.96762,1.00,1.55
2015.01.20 01:53:50.577,0.96745,0.96762,1.00,1.55
2015.01.20 01:53:50.628,0.96742,0.96761,1.65,1.12
2015.01.20 01:53:50.729,0.96742,0.96758,1.65,3.07
2015.01.20 01:53:51.033,0.96739,0.96754,1.10,3.90
2015.01.20 01:53:51.338,0.96737,0.96752,1.00,1.12
2015.01.20 01:53:51.643,0.96739,0.96753,1.00,1.12
2015.01.20 01:53:51.846,0.96742,0.96761,4.72,3.37
2015.01.20 01:53:51.897,0.96748,0.96762,1.00,1.50
2015.01.20 01:53:52.201,0.96746,0.96757,1.12,4.50
2015.01.20 01:53:52.252,0.96744,0.96757,1.50,4.50
2015.01.20 01:53:52.558,0.9675,0.96759,1.00,1.12
2015.01.20 01:53:52.609,0.9675,0.96765,1.00,3.15
2015.01.20 01:53:52.710,0.9675,0.96766,1.87,2.32
2015.01.20 01:53:52.761,0.9675,0.96769,2.10,1.27
2015.01.20 01:53:52.812,0.9675,0.96769,1.37,1.20
2015.01.20 01:53:52.863,0.9675,0.96769,1.45,1.12
2015.01.20 01:53:52.913,0.96751,0.96771,1.82,1.17
2015.01.20 01:53:53.065,0.96749,0.96768,1.50,3.00
2015.01.20 01:53:53.369,0.96747,0.96759,1.20,4.50
2015.01.20 01:53:53.571,0.96748,0.96758,1.00,1.00
2015.01.20 01:53:53.622,0.96748,0.96765,1.07,1.20
2015.01.20 01:53:53.824,0.9675,0.96769,1.10,1.45
2015.01.20 01:53:54.027,0.9675,0.96771,1.50,1.42
2015.01.20 01:53:54.128,0.9675,0.9677,1.50,2.32
2015.01.20 01:53:54.482,0.96751,0.96765,1.00,1.45
2015.01.20 01:53:54.533,0.96747,0.96765,1.37,1.45
2015.01.20 01:53:54.584,0.96747,0.96765,1.37,1.12
2015.01.20 01:53:54.736,0.96747,0.96764,1.00,1.57
2015.01.20 01:53:54.787,0.96747,0.96762,1.00,1.50
2015.01.20 01:53:55.090,0.96741,0.96762,1.50,1.50
2015.01.20 01:53:55.242,0.96759,0.96768,1.00,1.75
2015.01.20 01:53:55.343,0.96757,0.96766,1.00,1.45
2015.01.20 01:53:55.662,0.96741,0.96753,1.87,2.70
2015.01.20 01:53:55.864,0.96737,0.9675,1.00,2.32
2015.01.20 01:53:55.916,0.96737,0.96744,1.00,1.00
2015.01.20 01:53:56.220,0.96735,0.96741,1.00,1.10
2015.01.20 01:53:56.271,0.96735,0.96744,1.00,1.12
2015.01.20 01:53:56.348,0.9673,0.96744,1.00,1.12
2015.01.20 01:53:56.401,0.9673,0.96744,1.10,1.20
2015.01.20 01:53:56.855,0.96728,0.96744,1.00,2.10
2015.01.20 01:53:56.906,0.96728,0.96744,1.00,2.10
2015.01.20 01:53:57.314,0.96727,0.96744,1.12,1.27
2015.01.20 01:53:57.365,0.96736,0.96749,2.32,3.04
2015.01.20 01:53:57.466,0.96735,0.96749,4.50,3.04
2015.01.20 01:53:57.568,0.96739,0.96749,2.32,1.50
2015.01.20 01:53:57.670,0.9674,0.96753,1.00,1.57
2015.01.20 01:53:57.873,0.96739,0.96749,1.00,1.12
2015.01.20 01:53:58.126,0.96739,0.96746,1.00,1.07
2015.01.20 01:53:58.632,0.96739,0.96749,1.00,2.32
2015.01.20 01:53:59.161,0.96736,0.96748,1.00,1.50
2015.01.20 01:53:59.697,0.96735,0.96748,1.00,1.12
2015.01.20 01:54:00.310,0.96735,0.96748,1.95,1.87
2015.01.20 01:54:00.613,0.96739,0.96749,1.10,1.00
2015.01.20 01:54:00.866,0.96737,0.96755,1.95,1.57
2015.01.20 01:54:01.170,0.96739,0.96754,1.75,1.37
2015.01.20 01:54:01.525,0.96737,0.96753,1.87,1.50
2015.01.20 01:54:02.179,0.96739,0.96753,1.12,1.37
2015.01.20 01:54:02.410,0.96739,0.96757,1.45,1.50
2015.01.20 01:54:02.613,0.96743,0.96761,1.12,1.82
2015.01.20 01:54:02.917,0.96746,0.96752,1.45,1.00
2015.01.20 01:54:03.069,0.9674,0.96752,1.20,1.37
2015.01.20 01:54:03.170,0.96738,0.96757,1.45,1.50
2015.01.20 01:54:03.271,0.9674,0.96758,1.12,1.92
2015.01.20 01:54:03.575,0.96743,0.96762,1.12,1.90
2015.01.20 01:54:03.828,0.96742,0.96753,1.00,1.20
2015.01.20 01:54:03.879,0.96736,0.96753,2.40,1.20
2015.01.20 01:54:03.930,0.96739,0.96757,1.12,1.50
2015.01.20 01:54:04.238,0.96748,0.96763,1.00,1.50
2015.01.20 01:54:04.390,0.96746,0.96763,2.40,1.12
2015.01.20 01:54:04.491,0.96744,0.96761,2.32,1.20
2015.01.20 01:54:04.593,0.96743,0.96761,1.12,1.65
2015.01.20 01:54:04.795,0.96743,0.96759,1.57,1.12
2015.01.20 01:54:04.897,0.96746,0.96763,1.27,1.37
2015.01.20 01:54:05.575,0.96746,0.96763,2.02,1.87
2015.01.20 01:54:05.778,0.9675,0.96763,1.12,1.37
2015.01.20 01:54:06.324,0.96751,0.96768,1.12,1.12
2015.01.20 01:54:06.783,0.96753,0.96768,1.10,1.37
2015.01.20 01:54:06.885,0.96756,0.96768,2.85,1.12
2015.01.20 01:54:06.991,0.96761,0.96769,1.12,1.37
2015.01.20 01:54:07.144,0.96764,0.96779,1.07,1.37
2015.01.20 01:54:07.297,0.96768,0.96778,1.10,1.37
2015.01.20 01:54:07.348,0.96768,0.96784,1.10,1.37
2015.01.20 01:54:07.551,0.9677,0.96788,1.12,1.95
2015.01.20 01:54:08.008,0.96771,0.96788,1.27,1.37
2015.01.20 01:54:08.110,0.96774,0.96794,2.32,1.37
2015.01.20 01:54:08.161,0.96779,0.96793,1.15,1.37
2015.01.20 01:54:08.464,0.96787,0.96808,1.00,4.57
2015.01.20 01:54:08.526,0.96787,0.96808,1.00,4.57
2015.01.20 01:54:08.830,0.96789,0.96797,1.05,5.47
2015.01.20 01:54:08.881,0.96778,0.96797,1.12,6.07
2015.01.20 01:54:09.084,0.96782,0.96793,1.12,1.15
2015.01.20 01:54:09.185,0.96777,0.96792,1.75,1.45
2015.01.20 01:54:09.338,0.96778,0.96784,1.75,1.00
2015.01.20 01:54:09.439,0.9677,0.96782,1.75,1.45
2015.01.20 01:54:09.540,0.96764,0.96782,1.12,4.57
2015.01.20 01:54:09.642,0.9676,0.96779,1.12,1.35
2015.01.20 01:54:09.846,0.9676,0.96779,1.12,1.35
2015.01.20 01:54:10.395,0.9676,0.96779,1.12,1.65
2015.01.20 01:54:11.254,0.96761,0.96779,1.05,1.65
2015.01.20 01:54:13.798,0.96766,0.96779,1.00,1.65
2015.01.20 01:54:14.102,0.96766,0.96779,1.00,2.32
2015.01.20 01:54:14.152,0.96762,0.96779,1.10,2.32
2015.01.20 01:54:14.456,0.96764,0.96779,1.00,2.25
2015.01.20 01:54:14.507,0.96764,0.9678,1.22,1.20
2015.01.20 01:54:14.609,0.96768,0.96781,1.00,1.12
2015.01.20 01:54:14.811,0.96771,0.96785,1.12,1.20
2015.01.20 01:54:14.913,0.96773,0.96786,1.75,1.55
2015.01.20 01:54:15.266,0.96775,0.96789,1.35,3.45
2015.01.20 01:54:15.418,0.96775,0.96793,1.12,2.40
2015.01.20 01:54:15.469,0.96778,0.96793,1.12,1.47
2015.01.20 01:54:16.156,0.96778,0.96791,1.12,1.37
2015.01.20 01:54:16.257,0.96775,0.9679,1.75,4.87
2015.01.20 01:54:16.460,0.96777,0.9679,1.12,1.52
2015.01.20 01:54:17.129,0.96778,0.96792,1.12,1.45
2015.01.20 01:54:17.657,0.96778,0.96792,1.12,1.37
2015.01.20 01:54:17.996,0.96781,0.96795,1.12,1.00
2015.01.20 01:54:18.098,0.96781,0.96795,1.12,1.37
2015.01.20 01:54:18.351,0.96784,0.96797,1.12,1.00
2015.01.20 01:54:18.554,0.96784,0.96797,1.12,1.37
2015.01.20 01:54:18.757,0.96787,0.96802,1.75,1.55
2015.01.20 01:54:19.445,0.96787,0.96802,1.75,1.55
2015.01.20 01:54:19.547,0.96789,0.96803,1.12,1.52
2015.01.20 01:54:19.599,0.96789,0.96803,1.12,1.47
2015.01.20 01:54:20.003,0.96791,0.96808,1.75,1.52
2015.01.20 01:54:20.324,0.96791,0.96808,1.12,1.15
2015.01.20 01:54:20.425,0.96797,0.9681,1.00,1.12
2015.01.20 01:54:20.526,0.96792,0.9681,1.05,1.12
2015.01.20 01:54:20.678,0.96793,0.9681,1.37,1.45
2015.01.20 01:54:20.981,0.96795,0.96809,1.75,4.20
2015.01.20 01:54:21.181,0.96794,0.96809,1.20,4.20
2015.01.20 01:54:21.488,0.96793,0.96811,1.55,3.90
2015.01.20 01:54:22.030,0.96794,0.96811,1.12,3.15
2015.01.20 01:54:22.545,0.96793,0.96814,2.02,2.70
2015.01.20 01:54:22.798,0.96797,0.96809,1.00,1.37
2015.01.20 01:54:23.101,0.96793,0.96809,1.55,1.87
2015.01.20 01:54:23.405,0.96796,0.96809,1.00,1.37
2015.01.20 01:54:23.607,0.96791,0.96809,1.20,1.87
2015.01.20 01:54:24.831,0.96796,0.96808,1.00,1.87
2015.01.20 01:54:25.564,0.96792,0.96807,1.10,1.37
2015.01.20 01:54:26.070,0.9679,0.96805,1.50,1.37
2015.01.20 01:54:26.913,0.9679,0.96803,1.20,3.00
2015.01.20 01:54:27.014,0.96787,0.96803,1.57,3.52
2015.01.20 01:54:27.115,0.96782,0.96798,1.12,1.47
2015.01.20 01:54:27.649,0.96782,0.96796,1.12,1.87
2015.01.20 01:54:27.953,0.96778,0.96792,1.12,1.37
2015.01.20 01:54:28.106,0.96777,0.96791,1.20,1.37
2015.01.20 01:54:29.092,0.96779,0.96791,1.00,1.37
2015.01.20 01:54:29.143,0.96779,0.96791,1.50,1.12
2015.01.20 01:54:29.345,0.96779,0.96798,1.50,1.52
2015.01.20 01:54:29.555,0.96782,0.96798,1.12,1.65
2015.01.20 01:54:31.158,0.96786,0.96799,1.00,1.47
2015.01.20 01:54:31.210,0.96786,0.96799,1.20,1.37
2015.01.20 01:54:31.311,0.96786,0.96804,1.57,1.92
2015.01.20 01:54:31.565,0.96797,0.96816,1.55,1.12
2015.01.20 01:54:31.667,0.96793,0.96815,3.45,2.02
2015.01.20 01:54:31.768,0.96789,0.9681,3.15,1.65
2015.01.20 01:54:31.819,0.96794,0.9681,1.00,1.65
2015.01.20 01:54:31.870,0.96794,0.9681,1.00,1.65
2015.01.20 01:54:31.921,0.9679,0.96809,1.20,1.72
2015.01.20 01:54:32.022,0.9679,0.96807,1.20,2.70
2015.01.20 01:54:32.437,0.9679,0.96805,1.12,2.40
2015.01.20 01:54:32.539,0.96788,0.96805,1.12,2.77
2015.01.20 01:54:32.957,0.96785,0.96802,1.87,1.17
2015.01.20 01:54:33.925,0.96785,0.96802,1.87,1.10
2015.01.20 01:54:34.595,0.96785,0.96802,1.12,1.00
2015.01.20 01:54:34.747,0.96785,0.96802,1.00,1.87
2015.01.20 01:54:35.051,0.96785,0.96802,1.00,2.25
2015.01.20 01:54:35.355,0.96787,0.96798,1.00,1.07
2015.01.20 01:54:35.860,0.96787,0.968,1.45,1.12
2015.01.20 01:54:36.062,0.9679,0.96806,1.00,1.50
2015.01.20 01:54:36.467,0.96787,0.96801,1.00,1.50
2015.01.20 01:54:36.992,0.96787,0.96797,1.00,1.07
2015.01.20 01:54:37.246,0.96784,0.96797,1.00,1.65
2015.01.20 01:54:37.347,0.96778,0.96795,1.20,1.52
2015.01.20 01:54:37.499,0.96779,0.96793,1.12,1.17
2015.01.20 01:54:37.600,0.96777,0.96793,1.87,1.65
2015.01.20 01:54:38.126,0.9678,0.96791,1.00,1.12
2015.01.20 01:54:40.649,0.9678,0.96794,1.00,1.47
2015.01.20 01:54:40.760,0.9678,0.96792,1.00,1.12
2015.01.20 01:54:41.064,0.96785,0.96794,1.00,1.20
2015.01.20 01:54:41.114,0.96785,0.96796,1.00,1.50
2015.01.20 01:54:41.418,0.96787,0.96795,1.00,1.07
2015.01.20 01:54:41.520,0.96785,0.96795,1.00,1.07
2015.01.20 01:54:41.842,0.96783,0.96796,1.00,1.57
2015.01.20 01:54:41.944,0.96781,0.96795,1.00,1.27
2015.01.20 01:54:42.450,0.96781,0.96795,1.12,1.12
2015.01.20 01:54:43.270,0.96783,0.96796,1.00,1.62
2015.01.20 01:54:43.372,0.96785,0.96796,1.00,1.55
2015.01.20 01:54:43.423,0.96785,0.96797,1.00,1.37
2015.01.20 01:54:43.474,0.96787,0.96797,1.00,1.37
2015.01.20 01:54:43.778,0.96791,0.96797,1.00,1.37
2015.01.20 01:54:47.374,0.96791,0.96801,1.00,1.12
2015.01.20 01:54:47.577,0.96795,0.96802,1.00,1.37
2015.01.20 01:54:48.829,0.96795,0.96804,1.00,1.00
2015.01.20 01:54:48.980,0.96801,0.96808,1.00,1.37
2015.01.20 01:54:49.774,0.96802,0.96807,1.00,1.12
2015.01.20 01:54:50.545,0.96801,0.96807,1.00,1.12
2015.01.20 01:54:50.900,0.96802,0.96809,1.00,1.00
2015.01.20 01:54:55.105,0.96802,0.96815,1.10,1.00
2015.01.20 01:54:55.156,0.96804,0.9682,1.00,1.50
2015.01.20 01:54:55.309,0.96806,0.9682,1.12,1.00
2015.01.20 01:54:55.613,0.96816,0.96822,1.00,1.00
2015.01.20 01:54:55.918,0.96815,0.96825,1.12,1.37
2015.01.20 01:54:56.070,0.96815,0.96819,1.10,1.00
2015.01.20 01:54:56.634,0.96815,0.96822,1.10,1.00
2015.01.20 01:54:56.735,0.96815,0.96819,1.10,1.00
2015.01.20 01:54:57.039,0.96815,0.9683,1.95,1.17
2015.01.20 01:54:57.090,0.96815,0.9683,1.95,1.17
2015.01.20 01:54:57.191,0.96815,0.96833,2.02,1.20
2015.01.20 01:54:57.293,0.96819,0.96835,1.50,2.02
2015.01.20 01:54:57.646,0.96822,0.96835,1.12,1.27
2015.01.20 01:54:58.248,0.9682,0.96833,1.12,1.10
2015.01.20 01:54:58.775,0.96819,0.96833,1.12,1.10
2015.01.20 01:55:01.352,0.96817,0.96834,2.40,2.02
2015.01.20 01:55:01.454,0.96814,0.96834,4.20,3.52
2015.01.20 01:55:01.506,0.96814,0.96829,1.87,1.55
2015.01.20 01:55:01.557,0.96813,0.96829,1.20,1.65
2015.01.20 01:55:02.096,0.96811,0.96828,1.27,1.52
2015.01.20 01:55:02.796,0.96811,0.96827,3.45,1.12
2015.01.20 01:55:02.897,0.96815,0.96827,2.32,1.12
2015.01.20 01:55:03.201,0.96819,0.96826,1.25,1.00
2015.01.20 01:55:03.302,0.96819,0.96826,1.20,1.00
2015.01.20 01:55:03.354,0.96819,0.96828,1.20,1.00
2015.01.20 01:55:03.556,0.96819,0.9683,1.12,1.52
2015.01.20 01:55:03.759,0.96817,0.9683,1.12,1.52
2015.01.20 01:55:04.185,0.96817,0.9683,1.12,1.10
2015.01.20 01:55:04.337,0.9682,0.9683,1.75,1.10
2015.01.20 01:55:07.017,0.9682,0.96833,2.40,1.00
2015.01.20 01:55:07.119,0.9682,0.96835,2.32,1.20
2015.01.20 01:55:07.170,0.96825,0.96835,1.75,1.20
2015.01.20 01:55:09.911,0.96825,0.96834,1.60,2.32
2015.01.20 01:55:10.581,0.96824,0.96834,1.12,2.32
2015.01.20 01:55:10.946,0.96824,0.96834,1.12,1.15
2015.01.20 01:55:12.299,0.96824,0.96834,1.12,3.82
2015.01.20 01:55:12.611,0.96824,0.96834,1.12,1.65
2015.01.20 01:55:14.083,0.96824,0.96834,1.12,1.20
2015.01.20 01:55:14.617,0.96824,0.96834,1.27,1.12
2015.01.20 01:55:15.154,0.96825,0.96834,1.52,1.12
2015.01.20 01:55:15.660,0.96824,0.96834,1.27,1.37
2015.01.20 01:55:16.175,0.96824,0.96834,1.12,1.37
2015.01.20 01:55:16.639,0.96823,0.96834,1.12,1.37
2015.01.20 01:55:17.858,0.96823,0.96834,1.27,1.37
2015.01.20 01:55:19.304,0.96821,0.96834,6.37,1.37
2015.01.20 01:55:19.847,0.96821,0.96837,6.37,1.37
2015.01.20 01:55:20.049,0.96825,0.96837,1.95,1.00
2015.01.20 01:55:20.100,0.96825,0.96837,4.57,1.00
2015.01.20 01:55:20.202,0.96829,0.96843,1.27,1.00
2015.01.20 01:55:20.253,0.96831,0.96843,1.27,1.00
2015.01.20 01:55:20.558,0.96834,0.96845,5.62,1.00
2015.01.20 01:55:20.610,0.96837,0.96849,2.40,1.00
2015.01.20 01:55:20.662,0.96837,0.96853,2.40,1.47
2015.01.20 01:55:20.713,0.96837,0.96855,2.47,1.57
2015.01.20 01:55:20.814,0.9684,0.96855,1.20,1.65
2015.01.20 01:55:21.228,0.96841,0.96855,2.77,1.37
2015.01.20 01:55:22.428,0.96844,0.96857,2.32,1.37
2015.01.20 01:55:23.140,0.96845,0.96857,1.25,1.37
2015.01.20 01:55:24.119,0.96846,0.96859,1.15,1.37
2015.01.20 01:55:24.629,0.96848,0.96859,3.07,1.37
2015.01.20 01:55:24.882,0.96849,0.96859,1.15,1.12
2015.01.20 01:55:25.237,0.96853,0.96857,1.00,1.00
2015.01.20 01:55:25.338,0.96853,0.9686,1.00,1.37
2015.01.20 01:55:26.328,0.96853,0.96861,1.00,1.00
2015.01.20 01:55:26.430,0.96853,0.96861,1.07,1.00
2015.01.20 01:55:26.639,0.96859,0.96869,1.07,1.00
2015.01.20 01:55:26.842,0.96863,0.96869,1.00,1.00
2015.01.20 01:55:26.893,0.96863,0.96873,1.00,1.00
2015.01.20 01:55:26.943,0.96865,0.96873,1.00,1.00
2015.01.20 01:55:27.352,0.96864,0.96877,1.87,1.00
2015.01.20 01:55:27.555,0.96866,0.96877,1.12,1.00
2015.01.20 01:55:27.858,0.96868,0.96883,1.12,1.12
2015.01.20 01:55:28.312,0.96868,0.96882,1.12,1.50
2015.01.20 01:55:28.414,0.96866,0.96882,1.87,1.57
2015.01.20 01:55:28.515,0.96865,0.96881,1.20,1.07
2015.01.20 01:55:28.617,0.96865,0.96878,1.20,1.00
2015.01.20 01:55:28.920,0.96866,0.96878,1.00,1.50
2015.01.20 01:55:29.049,0.96866,0.96878,1.00,1.12
2015.01.20 01:55:29.404,0.96868,0.96882,1.12,1.00
2015.01.20 01:55:29.708,0.96871,0.96883,1.20,1.00
2015.01.20 01:55:30.011,0.96872,0.96883,1.12,1.00
2015.01.20 01:55:30.327,0.96872,0.9688,1.12,1.00
2015.01.20 01:55:30.480,0.96871,0.9688,1.87,1.00
2015.01.20 01:55:30.632,0.96873,0.96882,1.13,1.00
2015.01.20 01:55:30.835,0.96873,0.96879,1.03,1.12
2015.01.20 01:55:31.350,0.96873,0.96879,1.00,1.12
2015.01.20 01:55:31.552,0.96868,0.96875,1.00,1.12
2015.01.20 01:55:31.604,0.96868,0.96883,1.57,1.37
2015.01.20 01:55:31.655,0.9687,0.96883,1.13,1.37
2015.01.20 01:55:31.959,0.96872,0.9688,1.00,1.12
2015.01.20 01:55:32.263,0.96872,0.9688,1.03,1.00
2015.01.20 01:55:32.568,0.96886,0.96892,4.35,1.05
2015.01.20 01:55:32.620,0.96909,0.96914,1.00,1.01
2015.01.20 01:55:32.724,0.96909,0.96917,1.52,1.50
2015.01.20 01:55:32.825,0.96909,0.96916,1.53,1.50
2015.01.20 01:55:32.876,0.96909,0.96916,1.03,1.50
2015.01.20 01:55:32.978,0.96902,0.96916,2.80,1.00
2015.01.20 01:55:33.487,0.96901,0.96919,1.48,1.12
2015.01.20 01:55:33.589,0.96902,0.96921,1.30,1.12
2015.01.20 01:55:33.893,0.96901,0.96919,3.18,1.12
2015.01.20 01:55:34.830,0.969,0.96908,2.52,1.00
2015.01.20 01:55:34.932,0.96902,0.96908,1.12,1.00
2015.01.20 01:55:35.034,0.96894,0.96908,1.75,1.00
2015.01.20 01:55:35.135,0.96894,0.96903,1.75,1.00
2015.01.20 01:55:35.237,0.96892,0.96903,1.45,1.00
2015.01.20 01:55:35.338,0.96892,0.96911,1.27,1.10
2015.01.20 01:55:35.439,0.96898,0.96914,1.12,1.00
2015.01.20 01:55:35.695,0.96894,0.96911,1.30,1.12
2015.01.20 01:55:36.013,0.96892,0.96907,1.15,1.12
2015.01.20 01:55:36.532,0.96889,0.96907,1.87,1.65
2015.01.20 01:55:36.654,0.96884,0.96905,1.12,1.65
2015.01.20 01:55:36.755,0.96883,0.969,1.57,1.12
2015.01.20 01:55:37.283,0.96883,0.969,1.47,1.75
2015.01.20 01:55:37.587,0.96894,0.96903,2.32,1.60
2015.01.20 01:55:37.638,0.96892,0.96907,3.07,1.12
2015.01.20 01:55:37.740,0.96894,0.9691,5.32,1.12
2015.01.20 01:55:38.044,0.96902,0.96913,1.12,1.00
2015.01.20 01:55:38.095,0.969,0.96914,1.82,1.00
2015.01.20 01:55:38.615,0.96899,0.96913,1.92,1.12
2015.01.20 01:55:38.767,0.96897,0.9691,2.32,1.00
2015.01.20 01:55:38.868,0.96894,0.96902,1.87,1.00
2015.01.20 01:55:38.970,0.96889,0.969,1.20,1.00
2015.01.20 01:55:39.122,0.96888,0.96895,2.25,1.00
2015.01.20 01:55:39.172,0.96883,0.96895,1.90,1.00
2015.01.20 01:55:39.324,0.96881,0.96895,3.82,1.57
2015.01.20 01:55:39.729,0.96881,0.96898,3.82,1.75
2015.01.20 01:55:39.830,0.96881,0.96897,3.07,1.12
2015.01.20 01:55:39.881,0.96881,0.96887,1.00,1.00
2015.01.20 01:55:39.982,0.96882,0.9689,1.12,1.37
2015.01.20 01:55:40.084,0.96877,0.96884,1.12,1.00
2015.01.20 01:55:40.338,0.96875,0.96894,1.90,1.50
2015.01.20 01:55:40.389,0.96875,0.96892,1.90,1.12
2015.01.20 01:55:40.694,0.96875,0.96886,1.12,1.00
2015.01.20 01:55:40.745,0.96869,0.96886,1.85,1.87
2015.01.20 01:55:40.847,0.96873,0.96884,2.32,1.12
2015.01.20 01:55:40.948,0.96875,0.96888,1.00,1.00
2015.01.20 01:55:40.999,0.9687,0.96888,1.72,1.00
2015.01.20 01:55:41.050,0.9687,0.96883,1.00,1.27
2015.01.20 01:55:41.385,0.96867,0.96878,1.45,1.00
2015.01.20 01:55:41.639,0.96867,0.96887,1.50,1.65
2015.01.20 01:55:41.741,0.96865,0.96884,1.10,1.45
2015.01.20 01:55:41.792,0.9687,0.96884,2.25,1.12
2015.01.20 01:55:41.843,0.9687,0.96887,2.25,2.32
2015.01.20 01:55:42.097,0.96872,0.96893,1.27,1.12
2015.01.20 01:55:42.504,0.96872,0.9689,3.90,1.12
2015.01.20 01:55:42.722,0.96872,0.9689,1.20,1.45
2015.01.20 01:55:42.824,0.9687,0.96888,1.17,1.12
2015.01.20 01:55:43.331,0.96866,0.96887,4.95,1.45
2015.01.20 01:55:43.637,0.96864,0.96884,1.37,3.90
2015.01.20 01:55:43.688,0.96864,0.96885,1.07,2.02
2015.01.20 01:55:43.790,0.96868,0.96885,1.12,1.12
2015.01.20 01:55:44.093,0.96872,0.96888,1.10,1.20
2015.01.20 01:55:44.296,0.96867,0.96888,1.12,1.27
2015.01.20 01:55:44.448,0.96868,0.96888,1.65,1.20
2015.01.20 01:55:44.650,0.9687,0.96889,1.45,1.20
2015.01.20 01:55:44.701,0.96869,0.96888,1.65,1.20
2015.01.20 01:55:44.803,0.96869,0.96888,1.10,1.45
2015.01.20 01:55:45.185,0.96871,0.96888,1.12,1.82
2015.01.20 01:55:45.495,0.96871,0.96883,1.37,1.07
2015.01.20 01:55:46.002,0.96871,0.96883,1.12,1.07
2015.01.20 01:55:46.613,0.96868,0.96883,1.17,1.07
2015.01.20 01:55:46.664,0.96868,0.96881,1.10,2.62
2015.01.20 01:55:46.765,0.96863,0.96878,1.12,1.10
2015.01.20 01:55:46.867,0.96861,0.9688,1.12,3.82
2015.01.20 01:55:46.918,0.9686,0.96878,1.12,2.10
2015.01.20 01:55:47.020,0.96856,0.96871,1.65,1.12
2015.01.20 01:55:47.324,0.96864,0.96876,2.10,1.00
2015.01.20 01:55:47.425,0.96861,0.96876,1.00,1.75
2015.01.20 01:55:47.779,0.96858,0.96876,1.12,1.75
2015.01.20 01:55:47.986,0.96859,0.96878,1.12,1.95
2015.01.20 01:55:48.524,0.96858,0.96878,1.27,1.87
2015.01.20 01:55:49.088,0.96858,0.96876,1.20,1.87
2015.01.20 01:55:49.624,0.96858,0.96876,1.20,2.25
2015.01.20 01:55:49.928,0.96854,0.96864,1.12,1.50
2015.01.20 01:55:50.052,0.96845,0.96862,3.45,1.12
2015.01.20 01:55:50.103,0.9685,0.96862,2.70,1.12
2015.01.20 01:55:50.306,0.96857,0.96873,2.40,1.12
2015.01.20 01:55:50.407,0.96861,0.96874,1.25,1.75
2015.01.20 01:55:50.509,0.96864,0.96874,1.17,1.00
2015.01.20 01:55:50.610,0.96864,0.96874,1.17,1.37
2015.01.20 01:55:50.812,0.96859,0.96871,1.20,1.00
2015.01.20 01:55:50.863,0.96859,0.96866,1.20,1.00
2015.01.20 01:55:50.965,0.96858,0.96868,1.12,1.00
2015.01.20 01:55:51.066,0.96856,0.9687,1.30,1.00
2015.01.20 01:55:51.168,0.96856,0.9687,1.27,1.00
2015.01.20 01:55:51.471,0.96857,0.9687,1.27,1.00
2015.01.20 01:55:51.776,0.96857,0.96866,1.12,1.00
2015.01.20 01:55:51.827,0.96848,0.96866,2.02,1.57
2015.01.20 01:55:51.877,0.96849,0.96867,2.77,1.50
2015.01.20 01:55:51.928,0.9685,0.96867,1.25,1.12
2015.01.20 01:55:52.080,0.96853,0.9687,1.65,2.25
2015.01.20 01:55:52.535,0.96853,0.96871,2.32,1.20
2015.01.20 01:55:52.737,0.96855,0.96872,1.12,1.10
2015.01.20 01:55:53.245,0.96855,0.96871,1.12,1.00
2015.01.20 01:55:53.549,0.96856,0.96869,1.25,1.00
2015.01.20 01:55:53.599,0.96856,0.96871,1.25,1.50
2015.01.20 01:55:53.701,0.96856,0.96871,1.10,1.00
2015.01.20 01:55:53.853,0.96854,0.96874,1.12,1.27
2015.01.20 01:55:53.904,0.96855,0.96874,2.77,1.20
2015.01.20 01:55:54.210,0.9686,0.96874,1.12,1.00
2015.01.20 01:55:55.147,0.96859,0.96874,1.20,1.00
2015.01.20 01:55:55.465,0.96859,0.96874,1.20,1.37
2015.01.20 01:55:55.775,0.96859,0.96874,1.20,1.37
2015.01.20 01:55:56.029,0.96854,0.9687,3.45,1.37
2015.01.20 01:55:56.130,0.96858,0.9687,1.12,1.00
2015.01.20 01:55:56.232,0.96855,0.96874,1.35,1.50
2015.01.20 01:55:56.333,0.96855,0.96871,1.27,1.12
2015.01.20 01:55:57.511,0.96855,0.96873,1.35,1.47
2015.01.20 01:55:57.561,0.96855,0.96872,1.35,1.37
2015.01.20 01:55:57.612,0.96861,0.96872,1.00,1.37
2015.01.20 01:55:57.868,0.96857,0.96872,1.00,1.37
2015.01.20 01:55:58.171,0.96854,0.96867,1.87,1.00
2015.01.20 01:55:58.272,0.96849,0.96864,1.00,1.12
2015.01.20 01:55:58.989,0.96849,0.96864,3.00,1.12
2015.01.20 01:55:59.191,0.96852,0.96865,1.07,1.75
2015.01.20 01:55:59.343,0.96852,0.9686,1.00,1.00
2015.01.20 01:55:59.546,0.96842,0.96853,1.75,1.00
2015.01.20 01:55:59.647,0.96838,0.96853,1.00,1.00
2015.01.20 01:55:59.753,0.96838,0.96853,1.00,1.87
2015.01.20 01:56:00.107,0.96837,0.9685,1.00,1.47
2015.01.20 01:56:00.360,0.96834,0.9685,1.27,1.47
2015.01.20 01:56:00.763,0.96834,0.96852,1.35,1.87
2015.01.20 01:56:00.915,0.96834,0.9685,1.75,2.02
2015.01.20 01:56:01.068,0.96827,0.96845,1.27,1.20
2015.01.20 01:56:01.170,0.96826,0.96844,1.82,1.75
2015.01.20 01:56:01.432,0.96832,0.96849,1.65,1.10
2015.01.20 01:56:01.483,0.96838,0.96851,2.25,1.12
2015.01.20 01:56:01.788,0.96849,0.96858,2.32,1.12
2015.01.20 01:56:01.839,0.96849,0.96862,2.32,1.47
2015.01.20 01:56:01.890,0.96847,0.9686,3.00,1.10
2015.01.20 01:56:01.941,0.96847,0.9686,1.00,1.00
2015.01.20 01:56:01.992,0.96847,0.96861,1.07,1.00
2015.01.20 01:56:02.093,0.9685,0.96866,1.45,1.00
2015.01.20 01:56:02.195,0.96852,0.96868,1.20,1.00
2015.01.20 01:56:02.902,0.96853,0.96871,1.20,1.12
2015.01.20 01:56:03.206,0.96853,0.96868,1.00,1.50
2015.01.20 01:56:03.531,0.96853,0.96868,1.15,1.50
2015.01.20 01:56:03.835,0.96857,0.9687,1.10,1.50
2015.01.20 01:56:04.501,0.96857,0.96872,1.10,2.25
2015.01.20 01:56:05.113,0.96859,0.96872,1.00,2.25
2015.01.20 01:56:07.166,0.96865,0.96872,2.17,1.50
2015.01.20 01:56:07.368,0.96873,0.96884,1.00,3.00
2015.01.20 01:56:07.520,0.96871,0.96883,1.00,1.37
2015.01.20 01:56:07.571,0.96872,0.96882,2.25,1.45
2015.01.20 01:56:07.875,0.96876,0.96883,1.00,1.37
2015.01.20 01:56:08.237,0.96875,0.96882,1.17,1.00
2015.01.20 01:56:08.769,0.96875,0.96881,1.17,1.00
2015.01.20 01:56:09.348,0.96875,0.96882,1.17,1.12
2015.01.20 01:56:09.399,0.96875,0.96882,1.10,1.12
2015.01.20 01:56:09.753,0.96874,0.96887,1.00,1.12
2015.01.20 01:56:09.804,0.96874,0.96888,1.00,1.75
2015.01.20 01:56:09.855,0.96874,0.96887,1.07,1.12
2015.01.20 01:56:10.108,0.96882,0.96893,1.10,1.12
2015.01.20 01:56:10.524,0.96882,0.96895,1.10,1.10
2015.01.20 01:56:10.676,0.96882,0.96897,1.17,1.12
2015.01.20 01:56:10.878,0.96883,0.969,1.15,1.12
2015.01.20 01:56:10.980,0.96883,0.96898,1.15,1.12
2015.01.20 01:56:11.305,0.96883,0.96896,1.15,1.12
2015.01.20 01:56:12.310,0.96882,0.96896,1.07,1.12
2015.01.20 01:56:12.614,0.96881,0.96896,1.00,1.12
2015.01.20 01:56:13.165,0.96881,0.96895,1.00,1.12
2015.01.20 01:56:13.894,0.96881,0.96895,3.00,1.12
2015.01.20 01:56:14.198,0.96887,0.969,1.15,1.00
2015.01.20 01:56:14.351,0.96889,0.96902,1.35,1.00
2015.01.20 01:56:14.553,0.96888,0.969,1.45,1.00
2015.01.20 01:56:14.705,0.96887,0.96901,1.17,1.57
2015.01.20 01:56:15.290,0.96885,0.96901,1.25,1.20
2015.01.20 01:56:15.442,0.96885,0.96901,1.20,1.20
2015.01.20 01:56:15.696,0.96883,0.96899,1.15,1.12
2015.01.20 01:56:16.242,0.96882,0.96898,1.15,1.75
2015.01.20 01:56:16.343,0.96882,0.96898,1.00,1.75
2015.01.20 01:56:16.495,0.96879,0.96896,1.27,1.12
2015.01.20 01:56:17.925,0.96877,0.96896,3.15,1.12
2015.01.20 01:56:18.375,0.96878,0.96898,2.40,2.40
2015.01.20 01:56:19.241,0.96878,0.96897,1.75,2.40
2015.01.20 01:56:19.343,0.96877,0.96896,1.00,1.90
2015.01.20 01:56:19.444,0.96874,0.9689,1.00,1.10
2015.01.20 01:56:19.495,0.9687,0.9689,2.77,1.10
2015.01.20 01:56:19.546,0.9687,0.96886,2.77,1.12
2015.01.20 01:56:19.748,0.9687,0.96886,1.95,1.12
2015.01.20 01:56:20.520,0.96867,0.96886,1.57,1.12
2015.01.20 01:56:22.250,0.9687,0.96885,1.00,1.27
2015.01.20 01:56:22.352,0.96864,0.96883,1.10,1.20
2015.01.20 01:56:22.403,0.96864,0.96882,1.00,1.87
2015.01.20 01:56:22.504,0.96859,0.96879,1.15,1.87
2015.01.20 01:56:22.555,0.96857,0.96876,1.72,1.12
2015.01.20 01:56:23.100,0.96859,0.96876,1.00,1.87
2015.01.20 01:56:24.287,0.96859,0.96873,1.00,1.75
2015.01.20 01:56:25.425,0.96857,0.96872,1.00,1.12
2015.01.20 01:56:25.527,0.96854,0.96871,1.75,1.35
2015.01.20 01:56:25.628,0.96853,0.96867,1.00,1.50
2015.01.20 01:56:25.679,0.96849,0.96867,1.75,1.50
2015.01.20 01:56:25.730,0.96848,0.96864,1.00,1.12
2015.01.20 01:56:26.134,0.96848,0.96864,1.15,1.75
2015.01.20 01:56:26.185,0.9685,0.96866,1.17,1.12
2015.01.20 01:56:26.287,0.96854,0.96866,1.00,1.12
2015.01.20 01:56:26.389,0.96854,0.96869,1.00,1.12
2015.01.20 01:56:26.490,0.96854,0.96871,1.10,1.12
2015.01.20 01:56:26.725,0.96856,0.96872,1.00,1.12
2015.01.20 01:56:26.838,0.96856,0.96874,1.20,1.57
2015.01.20 01:56:27.469,0.96856,0.96872,1.20,1.12
2015.01.20 01:56:27.778,0.96859,0.96872,1.00,1.12
2015.01.20 01:56:27.829,0.9686,0.96878,1.10,1.45
2015.01.20 01:56:28.032,0.96861,0.96879,1.12,1.57
2015.01.20 01:56:28.545,0.96862,0.96879,1.12,1.20
2015.01.20 01:56:29.055,0.96862,0.96878,1.12,1.17
2015.01.20 01:56:29.157,0.9686,0.96877,1.12,1.20
2015.01.20 01:56:29.258,0.96858,0.96876,1.12,1.10
2015.01.20 01:56:29.882,0.96858,0.96876,1.12,1.25
2015.01.20 01:56:30.405,0.96858,0.96874,1.12,1.00
2015.01.20 01:56:32.404,0.96858,0.96874,1.12,1.00
2015.01.20 01:56:33.663,0.96859,0.96874,1.20,1.00
2015.01.20 01:56:38.143,0.96859,0.96874,1.12,1.00
2015.01.20 01:56:38.244,0.96858,0.96874,1.12,1.00
2015.01.20 01:56:38.774,0.96859,0.96874,1.12,1.00
2015.01.20 01:56:39.379,0.96858,0.96874,1.20,1.00
2015.01.20 01:56:41.025,0.96858,0.96874,1.10,1.00
2015.01.20 01:56:43.037,0.96859,0.96875,1.00,1.10
2015.01.20 01:56:43.190,0.96859,0.96875,1.27,1.10
2015.01.20 01:56:43.342,0.96865,0.9688,1.00,1.20
2015.01.20 01:56:43.443,0.96865,0.96881,1.20,1.00
2015.01.20 01:56:48.386,0.96865,0.96881,1.10,1.37
2015.01.20 01:56:48.689,0.96862,0.96876,1.50,1.47
2015.01.20 01:56:48.841,0.96862,0.96876,1.12,1.95
2015.01.20 01:56:49.301,0.96862,0.96872,1.00,1.00
2015.01.20 01:56:49.402,0.96864,0.96877,1.00,1.57
2015.01.20 01:56:49.756,0.96863,0.96877,1.10,2.40
2015.01.20 01:56:50.009,0.96855,0.96869,1.50,1.10
2015.01.20 01:56:50.060,0.96852,0.96863,1.85,1.00
2015.01.20 01:56:50.263,0.96849,0.96863,1.00,2.02
2015.01.20 01:56:50.787,0.96848,0.96855,1.00,1.50
2015.01.20 01:56:50.939,0.96848,0.96854,2.17,1.00
2015.01.20 01:56:50.990,0.96845,0.96854,2.02,1.00
2015.01.20 01:56:51.193,0.96848,0.96862,1.00,1.00
2015.01.20 01:56:51.244,0.96849,0.96862,1.12,1.00
2015.01.20 01:56:51.397,0.96852,0.96867,1.10,1.57
2015.01.20 01:56:51.448,0.96853,0.96867,1.12,1.00
2015.01.20 01:56:51.772,0.96853,0.9687,1.20,2.62
2015.01.20 01:56:52.407,0.96853,0.9687,1.10,3.00
2015.01.20 01:56:53.303,0.96853,0.9687,1.10,3.00
2015.01.20 01:56:53.607,0.96852,0.96858,1.12,1.00
2015.01.20 01:56:53.658,0.96848,0.96858,1.10,1.37
2015.01.20 01:56:53.760,0.96843,0.96854,1.75,1.00
2015.01.20 01:56:53.862,0.9684,0.96853,1.85,1.47
2015.01.20 01:56:53.914,0.96838,0.96853,1.12,1.47
2015.01.20 01:56:54.066,0.96845,0.96853,1.00,1.47
2015.01.20 01:56:54.370,0.96899,0.96908,2.02,2.62
2015.01.20 01:56:54.573,0.96906,0.96928,1.15,1.62
2015.01.20 01:56:54.624,0.96905,0.96928,1.12,3.07
2015.01.20 01:56:54.776,0.96908,0.96928,1.12,4.20
2015.01.20 01:56:54.979,0.96908,0.96932,2.02,5.32
2015.01.20 01:56:55.030,0.96916,0.96932,2.25,2.32
2015.01.20 01:56:55.132,0.96916,0.96934,2.32,1.12
2015.01.20 01:56:55.334,0.96915,0.96934,1.12,1.27
2015.01.20 01:56:55.537,0.96912,0.96934,1.75,1.90
2015.01.20 01:56:55.638,0.96914,0.96934,1.12,1.27
2015.01.20 01:56:56.203,0.96913,0.96934,1.12,1.27
2015.01.20 01:56:57.576,0.96913,0.96933,1.12,1.72
2015.01.20 01:56:57.627,0.96911,0.96932,2.02,1.65
2015.01.20 01:56:57.729,0.96909,0.96928,2.25,1.85
2015.01.20 01:56:57.830,0.96908,0.96928,1.20,1.45
2015.01.20 01:56:58.036,0.96904,0.96927,3.82,2.47
2015.01.20 01:56:58.138,0.96907,0.96927,1.00,2.47
2015.01.20 01:56:58.443,0.96903,0.96921,1.00,1.37
2015.01.20 01:56:58.747,0.96905,0.9692,1.00,1.07
2015.01.20 01:56:59.050,0.96905,0.96915,1.00,1.00
2015.01.20 01:56:59.203,0.96887,0.96908,1.37,3.07
2015.01.20 01:56:59.254,0.96887,0.96902,1.00,1.50
2015.01.20 01:56:59.558,0.96887,0.96903,1.00,2.40
2015.01.20 01:56:59.659,0.96883,0.96897,1.00,1.20
2015.01.20 01:56:59.862,0.96878,0.96897,3.07,1.57
2015.01.20 01:56:59.913,0.96878,0.96897,1.17,1.85
2015.01.20 01:57:00.014,0.96871,0.96888,1.12,1.17
2015.01.20 01:57:00.116,0.96876,0.96888,1.00,1.00
2015.01.20 01:57:00.421,0.96886,0.96897,1.00,1.12
2015.01.20 01:57:00.726,0.9689,0.96898,1.00,1.12
2015.01.20 01:57:00.828,0.96884,0.96902,2.02,1.57
2015.01.20 01:57:01.081,0.96878,0.96897,1.52,1.12
2015.01.20 01:57:01.486,0.96878,0.96893,1.00,1.50
2015.01.20 01:57:01.790,0.96878,0.96894,1.00,1.50
2015.01.20 01:57:01.841,0.96875,0.96893,1.00,1.07
2015.01.20 01:57:02.044,0.96877,0.96897,1.50,1.72
2015.01.20 01:57:02.636,0.96877,0.96897,1.10,2.32
2015.01.20 01:57:02.840,0.96874,0.96892,1.10,1.65
2015.01.20 01:57:03.343,0.96873,0.96889,1.00,2.02
2015.01.20 01:57:03.395,0.96876,0.96889,1.00,2.02
2015.01.20 01:57:03.699,0.96864,0.96882,1.52,1.57
2015.01.20 01:57:03.800,0.96859,0.9688,1.12,1.65
2015.01.20 01:57:03.902,0.96854,0.96873,1.27,1.20
2015.01.20 01:57:03.953,0.96857,0.96873,1.50,1.20
2015.01.20 01:57:04.256,0.96853,0.96874,1.10,2.32
2015.01.20 01:57:04.762,0.96854,0.96868,1.00,1.12
2015.01.20 01:57:05.080,0.96854,0.96869,1.00,1.50
2015.01.20 01:57:05.422,0.96856,0.96867,1.00,1.75
2015.01.20 01:57:05.675,0.96853,0.96866,1.17,1.12
2015.01.20 01:57:05.928,0.96852,0.96866,1.50,1.50
2015.01.20 01:57:06.131,0.96859,0.96866,1.00,1.12
2015.01.20 01:57:06.333,0.96859,0.96871,1.00,1.50
2015.01.20 01:57:06.800,0.9686,0.96875,1.10,1.20
2015.01.20 01:57:07.205,0.96867,0.96879,1.00,1.52
2015.01.20 01:57:07.509,0.96875,0.96888,1.12,1.52
2015.01.20 01:57:07.813,0.96875,0.96892,1.10,1.72
2015.01.20 01:57:08.117,0.96876,0.96888,1.52,1.00
2015.01.20 01:57:08.472,0.96874,0.96888,1.87,1.10
2015.01.20 01:57:08.523,0.96874,0.96887,1.00,1.50
2015.01.20 01:57:08.624,0.9687,0.96885,1.10,1.50
2015.01.20 01:57:09.134,0.9687,0.96887,1.27,1.57
2015.01.20 01:57:09.545,0.9687,0.96887,1.95,1.47
2015.01.20 01:57:09.848,0.96868,0.96886,1.20,1.82
2015.01.20 01:57:09.899,0.96868,0.96884,1.20,2.70
2015.01.20 01:57:10.283,0.96867,0.96883,1.10,1.50
2015.01.20 01:57:10.537,0.96867,0.96883,1.10,1.50
2015.01.20 01:57:10.690,0.96867,0.96884,1.92,1.87
2015.01.20 01:57:10.995,0.96875,0.96888,1.00,1.20
2015.01.20 01:57:11.085,0.96872,0.96888,1.00,1.57
2015.01.20 01:57:11.137,0.96872,0.96883,1.00,1.50
2015.01.20 01:57:11.654,0.96871,0.96883,1.00,2.25
2015.01.20 01:57:11.958,0.96865,0.96877,1.87,1.50
2015.01.20 01:57:12.009,0.96865,0.96877,1.20,1.87
2015.01.20 01:57:12.111,0.96865,0.96879,1.10,1.47
2015.01.20 01:57:12.623,0.96867,0.96882,1.00,1.50
2015.01.20 01:57:13.077,0.96878,0.96884,1.07,1.42
2015.01.20 01:57:13.128,0.96883,0.96889,1.00,1.27
2015.01.20 01:57:13.179,0.96881,0.9689,1.45,1.12
2015.01.20 01:57:13.230,0.96887,0.96894,1.12,1.00
2015.01.20 01:57:13.281,0.96887,0.96905,1.20,1.65
2015.01.20 01:57:13.434,0.96887,0.96906,2.02,1.12
2015.01.20 01:57:13.637,0.96894,0.96908,1.00,1.75
2015.01.20 01:57:13.688,0.96895,0.96908,1.07,1.75
2015.01.20 01:57:14.071,0.96901,0.96917,1.45,1.87
2015.01.20 01:57:14.685,0.96904,0.96917,1.00,1.87
2015.01.20 01:57:16.114,0.96901,0.96917,1.95,1.87
2015.01.20 01:57:16.575,0.96901,0.96914,1.05,1.37
2015.01.20 01:57:16.677,0.96899,0.96913,1.12,1.37
2015.01.20 01:57:16.778,0.96894,0.9691,1.00,1.12
2015.01.20 01:57:16.829,0.96892,0.9691,1.57,1.12
2015.01.20 01:57:16.931,0.96892,0.96904,1.00,1.37
2015.01.20 01:57:17.139,0.96892,0.96904,1.00,1.12
2015.01.20 01:57:17.240,0.96888,0.96899,1.25,1.00
2015.01.20 01:57:17.342,0.96882,0.96899,1.27,1.20
2015.01.20 01:57:17.444,0.96888,0.96901,1.00,1.12
2015.01.20 01:57:17.747,0.96888,0.96903,1.15,1.50
2015.01.20 01:57:17.798,0.96888,0.96903,1.20,1.12
2015.01.20 01:57:17.950,0.96888,0.96903,1.20,1.12
2015.01.20 01:57:18.456,0.96885,0.96899,1.27,1.10
2015.01.20 01:57:18.557,0.96882,0.96899,1.57,1.50
2015.01.20 01:57:18.860,0.96882,0.96897,1.10,1.12
2015.01.20 01:57:19.334,0.96878,0.96896,3.30,1.57
2015.01.20 01:57:19.436,0.9688,0.96896,1.10,1.57
2015.01.20 01:57:19.588,0.9688,0.96893,1.10,1.00
2015.01.20 01:57:20.136,0.96879,0.96892,1.00,1.12
2015.01.20 01:57:20.354,0.96879,0.96892,1.00,1.50
2015.01.20 01:57:20.556,0.96879,0.96894,1.00,2.25
2015.01.20 01:57:20.759,0.96882,0.96896,1.00,1.50
2015.01.20 01:57:21.362,0.96883,0.96897,1.00,1.50
2015.01.20 01:57:21.564,0.96883,0.96897,1.37,1.12
2015.01.20 01:57:21.666,0.96892,0.96897,1.00,1.05
2015.01.20 01:57:21.818,0.96895,0.9691,1.00,1.87
2015.01.20 01:57:21.870,0.96893,0.9691,2.25,1.12
2015.01.20 01:57:22.023,0.96893,0.96911,2.62,1.20
2015.01.20 01:57:22.074,0.96898,0.96912,1.00,1.87
2015.01.20 01:57:22.378,0.96898,0.96914,1.87,1.72
2015.01.20 01:57:22.911,0.96899,0.96913,1.12,1.37
2015.01.20 01:57:23.297,0.96899,0.96913,1.87,1.00
2015.01.20 01:57:23.449,0.96895,0.96909,1.82,1.12
2015.01.20 01:57:23.500,0.96895,0.96908,1.07,1.12
2015.01.20 01:57:23.551,0.96895,0.96908,1.15,1.50
2015.01.20 01:57:23.753,0.96892,0.96911,1.17,2.25
2015.01.20 01:57:23.842,0.96892,0.9691,1.10,1.92
2015.01.20 01:57:24.148,0.96888,0.96905,1.10,1.37
2015.01.20 01:57:24.300,0.96888,0.96905,1.00,1.37
2015.01.20 01:57:24.503,0.96888,0.96907,1.00,1.57
2015.01.20 01:57:24.604,0.96888,0.96903,1.00,1.20
2015.01.20 01:57:25.184,0.96884,0.96902,1.65,3.00
2015.01.20 01:57:25.336,0.96881,0.96897,1.20,1.57
2015.01.20 01:57:25.387,0.9688,0.96894,1.12,1.37
2015.01.20 01:57:25.438,0.96877,0.96894,1.00,1.37
2015.01.20 01:57:25.640,0.96876,0.96892,1.00,1.50
2015.01.20 01:57:25.944,0.96878,0.96893,1.12,1.47
2015.01.20 01:57:26.046,0.96878,0.96893,1.12,1.47
2015.01.20 01:57:26.097,0.96877,0.96893,1.00,1.82
2015.01.20 01:57:26.805,0.96877,0.96894,1.10,2.32
2015.01.20 01:57:27.140,0.96876,0.96891,1.20,1.57
2015.01.20 01:57:27.664,0.96876,0.96891,1.00,2.25
2015.01.20 01:57:27.715,0.96876,0.96891,1.00,2.25
2015.01.20 01:57:28.225,0.96876,0.96891,1.00,2.25
2015.01.20 01:57:28.733,0.96876,0.96891,1.20,1.20
2015.01.20 01:57:28.834,0.96877,0.96893,1.10,1.12
2015.01.20 01:57:29.151,0.96888,0.96894,1.00,1.75
2015.01.20 01:57:29.304,0.96885,0.96898,1.00,1.00
2015.01.20 01:57:29.355,0.96889,0.96898,1.00,1.00
2015.01.20 01:57:29.557,0.96889,0.96902,1.00,1.95
2015.01.20 01:57:29.761,0.96889,0.96902,1.00,1.10
2015.01.20 01:57:29.913,0.96889,0.969,1.00,1.00
2015.01.20 01:57:30.444,0.9689,0.969,1.00,1.10
2015.01.20 01:57:30.697,0.96888,0.96901,1.00,1.20
2015.01.20 01:57:30.904,0.96886,0.96901,1.00,1.20
2015.01.20 01:57:31.315,0.96888,0.96901,1.00,1.00
2015.01.20 01:57:31.669,0.96888,0.96898,1.00,1.00
2015.01.20 01:57:31.973,0.96883,0.96891,1.75,1.10
2015.01.20 01:57:32.075,0.96875,0.9689,1.00,1.47
2015.01.20 01:57:32.277,0.96874,0.96886,1.17,1.75
2015.01.20 01:57:32.379,0.96879,0.96891,1.00,1.12
2015.01.20 01:57:32.480,0.96879,0.96893,1.00,1.20
2015.01.20 01:57:32.733,0.96876,0.96887,1.20,1.00
2015.01.20 01:57:32.936,0.96875,0.96887,1.20,1.00
2015.01.20 01:57:33.632,0.96873,0.96887,1.10,1.00
2015.01.20 01:57:34.088,0.96875,0.96887,1.00,1.12
2015.01.20 01:57:34.189,0.96873,0.96887,1.10,1.12
2015.01.20 01:57:34.647,0.96872,0.96886,1.10,1.47
2015.01.20 01:57:35.162,0.96872,0.96886,1.00,1.95
2015.01.20 01:57:35.720,0.96872,0.96886,1.00,1.87
2015.01.20 01:57:37.806,0.9687,0.96884,1.00,1.00
2015.01.20 01:57:39.332,0.9687,0.96884,1.00,1.50
2015.01.20 01:57:43.154,0.9687,0.96884,1.00,4.12
2015.01.20 01:57:43.473,0.96867,0.96872,1.00,1.00
2015.01.20 01:57:43.982,0.96867,0.96872,1.00,1.00
2015.01.20 01:57:44.083,0.96866,0.96872,1.00,1.00
2015.01.20 01:57:44.625,0.96865,0.96872,1.00,1.00
2015.01.20 01:57:45.515,0.96863,0.96871,1.00,1.00
2015.01.20 01:57:45.617,0.96855,0.96871,1.00,1.37
2015.01.20 01:57:45.820,0.96853,0.96867,1.87,1.12
2015.01.20 01:57:46.124,0.96852,0.96862,1.00,1.00
2015.01.20 01:57:46.431,0.96852,0.96862,1.00,2.25
2015.01.20 01:57:47.032,0.96854,0.96862,1.00,2.25
2015.01.20 01:57:47.237,0.96854,0.96862,1.00,1.10
2015.01.20 01:57:47.898,0.96855,0.96862,1.00,1.10
2015.01.20 01:57:50.589,0.96853,0.96862,1.00,1.10
2015.01.20 01:57:53.297,0.96853,0.96862,1.00,1.12
2015.01.20 01:57:53.449,0.96853,0.96862,1.00,1.50
2015.01.20 01:57:53.651,0.96851,0.96862,1.00,1.95
2015.01.20 01:57:54.651,0.96845,0.96862,1.57,2.02
2015.01.20 01:57:54.803,0.96845,0.96862,1.20,2.02
2015.01.20 01:57:54.854,0.96845,0.96862,1.10,2.32
2015.01.20 01:57:55.376,0.96844,0.96858,1.00,1.12
2015.01.20 01:57:57.004,0.96844,0.96857,1.00,1.50
2015.01.20 01:57:57.773,0.96844,0.96857,1.00,1.45
2015.01.20 01:58:00.153,0.96847,0.96857,1.00,1.12
2015.01.20 01:58:00.456,0.96841,0.96858,1.20,2.25
2015.01.20 01:58:00.608,0.96843,0.96858,1.00,2.25
2015.01.20 01:58:00.810,0.96843,0.96861,1.17,1.50
2015.01.20 01:58:00.962,0.96847,0.96863,1.75,1.37
2015.01.20 01:58:01.551,0.96841,0.96855,1.00,1.12
2015.01.20 01:58:01.765,0.96841,0.96852,1.00,1.75
2015.01.20 01:58:02.403,0.96845,0.96852,1.15,1.60
2015.01.20 01:58:02.707,0.96849,0.96857,1.15,1.05
2015.01.20 01:58:02.758,0.96849,0.96864,1.25,1.87
2015.01.20 01:58:02.910,0.96854,0.96864,1.00,3.00
2015.01.20 01:58:03.213,0.96852,0.96863,1.00,1.37
2015.01.20 01:58:03.315,0.96848,0.96864,1.20,1.95
2015.01.20 01:58:03.871,0.96844,0.96862,1.87,2.32
2015.01.20 01:58:03.922,0.96844,0.96858,1.87,1.00
2015.01.20 01:58:04.074,0.96838,0.96854,1.75,1.45
2015.01.20 01:58:04.176,0.96836,0.96849,1.00,1.20
2015.01.20 01:58:04.227,0.96833,0.96849,1.10,1.20
2015.01.20 01:58:04.755,0.96833,0.9685,1.50,1.87
2015.01.20 01:58:05.300,0.96833,0.9685,1.95,1.07
2015.01.20 01:58:07.247,0.96833,0.9685,1.00,1.07
2015.01.20 01:58:08.835,0.96834,0.96851,1.00,1.57
2015.01.20 01:58:08.886,0.96834,0.96851,1.37,1.50
2015.01.20 01:58:09.038,0.96837,0.96854,1.65,1.50
2015.01.20 01:58:09.089,0.96837,0.96854,3.52,1.50
2015.01.20 01:58:09.564,0.96834,0.96851,1.87,1.20
2015.01.20 01:58:10.475,0.96834,0.96851,1.87,1.47
2015.01.20 01:58:11.575,0.96834,0.96851,1.95,1.10
2015.01.20 01:58:12.094,0.96834,0.96851,1.07,1.50
2015.01.20 01:58:12.448,0.96834,0.96851,1.07,1.87
2015.01.20 01:58:13.379,0.96834,0.96851,1.07,1.87
2015.01.20 01:58:13.973,0.96834,0.96851,1.95,1.47
2015.01.20 01:58:15.581,0.96834,0.96851,1.20,1.55
2015.01.20 01:58:23.136,0.96834,0.96849,1.07,1.20
2015.01.20 01:58:23.237,0.96832,0.96849,1.12,1.95
2015.01.20 01:58:23.838,0.96832,0.96847,1.00,1.50
2015.01.20 01:58:24.585,0.96832,0.96847,1.00,1.50
2015.01.20 01:58:25.123,0.96832,0.96847,1.00,1.50
2015.01.20 01:58:26.402,0.9683,0.96847,1.35,1.50
2015.01.20 01:58:26.921,0.9683,0.96849,2.77,1.87
2015.01.20 01:58:27.505,0.9683,0.96849,2.77,1.87
2015.01.20 01:58:27.764,0.9683,0.96849,2.77,1.87
2015.01.20 01:58:28.073,0.9683,0.96849,2.77,1.87
2015.01.20 01:58:30.510,0.96834,0.9685,1.00,1.50
2015.01.20 01:58:34.724,0.96832,0.96843,1.00,1.12
2015.01.20 01:58:34.775,0.96828,0.96843,1.00,1.50
2015.01.20 01:58:34.826,0.96828,0.96843,1.00,1.50
2015.01.20 01:58:35.183,0.96827,0.96843,1.52,2.25
2015.01.20 01:58:35.233,0.96827,0.96843,3.07,2.25
2015.01.20 01:58:35.335,0.96829,0.96848,1.17,1.37
2015.01.20 01:58:35.597,0.96829,0.96848,1.27,1.00
2015.01.20 01:58:36.122,0.96831,0.9685,1.10,1.47
2015.01.20 01:58:36.667,0.96831,0.9685,1.10,1.10
2015.01.20 01:58:36.796,0.96831,0.9685,1.85,1.10
2015.01.20 01:58:37.099,0.96843,0.96862,1.85,1.07
2015.01.20 01:58:37.150,0.96843,0.96862,1.95,1.00
2015.01.20 01:58:37.201,0.9685,0.96864,1.00,1.15
2015.01.20 01:58:37.504,0.96856,0.96862,1.50,1.00
2015.01.20 01:58:37.555,0.96856,0.96872,1.57,1.20
2015.01.20 01:58:37.606,0.96861,0.96874,1.12,1.17
2015.01.20 01:58:37.708,0.96858,0.96874,1.12,1.15
2015.01.20 01:58:37.759,0.96858,0.96867,1.12,1.00
2015.01.20 01:58:37.961,0.96854,0.96866,1.12,1.00
2015.01.20 01:58:38.742,0.96854,0.96868,1.12,1.00
2015.01.20 01:58:39.740,0.96855,0.96872,1.17,1.20
2015.01.20 01:58:39.791,0.96856,0.96872,1.12,1.10
2015.01.20 01:58:40.044,0.96855,0.96874,1.72,2.62
2015.01.20 01:58:40.246,0.96855,0.96873,1.20,1.12
2015.01.20 01:58:41.005,0.96855,0.96871,1.30,1.12
2015.01.20 01:58:41.525,0.96852,0.96871,1.20,2.70
2015.01.20 01:58:41.576,0.96852,0.96866,1.20,1.12
2015.01.20 01:58:44.052,0.96845,0.96864,1.30,1.12
2015.01.20 01:58:44.213,0.96845,0.96863,1.30,1.12
2015.01.20 01:58:44.516,0.96854,0.96864,1.00,1.75
2015.01.20 01:58:45.017,0.96854,0.96865,1.00,1.12
2015.01.20 01:58:45.321,0.96851,0.96864,1.00,1.45
2015.01.20 01:58:45.473,0.96846,0.96863,1.15,1.20
2015.01.20 01:58:45.524,0.96846,0.96858,1.15,1.12
2015.01.20 01:58:46.042,0.96846,0.96859,1.15,1.75
2015.01.20 01:58:46.912,0.9685,0.96859,1.00,1.12
2015.01.20 01:58:47.215,0.96848,0.96858,1.00,1.12
2015.01.20 01:58:47.266,0.96848,0.96862,1.07,1.12
2015.01.20 01:58:47.317,0.96852,0.96863,1.00,1.12
2015.01.20 01:58:47.827,0.96851,0.96862,1.00,1.12
2015.01.20 01:58:47.979,0.96849,0.96862,1.00,1.12
2015.01.20 01:58:48.080,0.96848,0.9686,1.00,1.75
2015.01.20 01:58:48.383,0.96848,0.96858,1.10,1.12
2015.01.20 01:58:51.518,0.96849,0.96858,1.00,1.12
2015.01.20 01:58:51.569,0.96849,0.9686,1.00,1.75
2015.01.20 01:58:53.255,0.96847,0.9686,1.07,1.75
2015.01.20 01:58:53.803,0.96849,0.96861,1.00,1.12
2015.01.20 01:58:54.121,0.96843,0.9685,1.00,1.12
2015.01.20 01:58:54.375,0.96837,0.96846,1.00,2.25
2015.01.20 01:58:54.476,0.96821,0.96839,1.90,2.25
2015.01.20 01:58:54.527,0.96817,0.96839,2.25,2.25
2015.01.20 01:58:54.578,0.96813,0.96838,1.15,2.32
2015.01.20 01:58:54.680,0.9681,0.96838,2.32,2.32
2015.01.20 01:58:55.207,0.96809,0.96838,2.70,2.32
2015.01.20 01:58:55.258,0.96807,0.96835,2.70,2.32
2015.01.20 01:58:55.673,0.96812,0.96829,1.00,1.10
2015.01.20 01:58:55.774,0.96806,0.96833,2.32,2.32
2015.01.20 01:58:55.930,0.96808,0.96827,1.17,1.00
2015.01.20 01:58:56.234,0.96808,0.96827,3.07,1.00
2015.01.20 01:58:56.538,0.9681,0.96827,2.32,1.00
2015.01.20 01:58:57.498,0.96812,0.96827,2.32,1.00
2015.01.20 01:58:57.651,0.96812,0.96831,3.07,1.00
2015.01.20 01:58:58.188,0.96815,0.96831,2.32,1.00
2015.01.20 01:58:58.391,0.96815,0.96833,3.07,1.00
2015.01.20 01:58:59.099,0.9682,0.96833,2.25,1.00
2015.01.20 01:58:59.149,0.9682,0.96835,2.32,1.00
2015.01.20 01:58:59.251,0.96818,0.96835,2.70,1.00
2015.01.20 01:58:59.302,0.96819,0.96838,1.27,1.00
2015.01.20 01:58:59.512,0.96821,0.96836,1.00,1.00
2015.01.20 01:58:59.563,0.96817,0.96836,1.52,1.00
2015.01.20 01:58:59.766,0.96817,0.96836,3.07,1.00
2015.01.20 01:58:59.919,0.96822,0.96839,1.00,1.00
2015.01.20 01:59:00.451,0.96819,0.96838,1.15,1.00
2015.01.20 01:59:00.704,0.96821,0.96838,2.40,1.00
2015.01.20 01:59:00.805,0.96824,0.96842,2.32,1.00
2015.01.20 01:59:01.059,0.96823,0.96839,1.17,1.12
2015.01.20 01:59:01.362,0.96823,0.96836,1.17,1.12
2015.01.20 01:59:03.712,0.96823,0.96836,1.17,1.12
2015.01.20 01:59:04.016,0.9682,0.96833,1.17,1.12
2015.01.20 01:59:04.118,0.9682,0.96831,1.17,1.12
2015.01.20 01:59:04.422,0.9682,0.96831,1.17,1.12
2015.01.20 01:59:04.574,0.96817,0.96828,1.00,1.12
2015.01.20 01:59:04.675,0.96813,0.96828,1.65,1.12
2015.01.20 01:59:05.219,0.96813,0.96832,1.65,1.10
2015.01.20 01:59:05.321,0.96817,0.96832,2.32,1.00
2015.01.20 01:59:05.422,0.96817,0.96835,1.17,1.12
2015.01.20 01:59:07.298,0.96814,0.96834,2.32,1.12
2015.01.20 01:59:07.648,0.96816,0.96834,2.32,1.12
2015.01.20 01:59:08.135,0.96818,0.96834,2.32,1.12
2015.01.20 01:59:10.509,0.96823,0.96842,1.15,1.00
2015.01.20 01:59:10.610,0.96822,0.9684,4.50,1.50
2015.01.20 01:59:10.930,0.96815,0.96833,1.00,1.87
2015.01.20 01:59:11.031,0.96809,0.96827,1.50,2.25
2015.01.20 01:59:11.285,0.96806,0.96827,1.10,2.25
2015.01.20 01:59:11.586,0.96809,0.96827,1.00,1.75
2015.01.20 01:59:12.093,0.96809,0.96827,1.00,1.12
2015.01.20 01:59:12.638,0.96808,0.96827,1.10,1.12
2015.01.20 01:59:14.803,0.96808,0.96821,1.10,1.12
2015.01.20 01:59:17.290,0.96808,0.96822,1.10,1.75
2015.01.20 01:59:17.915,0.96808,0.96822,1.57,1.12
2015.01.20 01:59:17.966,0.96815,0.96827,1.12,1.00
2015.01.20 01:59:18.068,0.96815,0.96829,1.12,1.00
2015.01.20 01:59:18.220,0.96822,0.96833,1.12,1.00
2015.01.20 01:59:18.423,0.96822,0.96837,1.87,1.00
2015.01.20 01:59:18.525,0.96827,0.96839,1.12,1.12
2015.01.20 01:59:18.778,0.9681,0.96831,1.00,1.00
2015.01.20 01:59:18.880,0.96808,0.96828,1.00,1.12
2015.01.20 01:59:19.184,0.96805,0.96822,1.00,1.75
2015.01.20 01:59:19.711,0.96805,0.96821,1.00,1.12
2015.01.20 01:59:20.261,0.96802,0.96821,1.15,1.12
2015.01.20 01:59:22.179,0.96802,0.9682,1.15,1.12
2015.01.20 01:59:22.722,0.96804,0.9682,1.15,1.12
2015.01.20 01:59:24.016,0.96807,0.9682,1.15,1.12
2015.01.20 01:59:24.320,0.96809,0.9682,1.47,1.12
2015.01.20 01:59:24.372,0.96809,0.96825,1.47,1.12
2015.01.20 01:59:24.423,0.96809,0.96825,1.47,1.12
2015.01.20 01:59:24.475,0.9681,0.96832,1.37,1.00
2015.01.20 01:59:24.525,0.96812,0.96832,2.32,1.00
2015.01.20 01:59:24.577,0.96815,0.96834,1.07,1.00
2015.01.20 01:59:24.787,0.96814,0.9683,1.17,1.00
2015.01.20 01:59:25.090,0.96812,0.96824,1.00,1.12
2015.01.20 01:59:26.224,0.96814,0.96824,1.00,1.12
2015.01.20 01:59:26.341,0.96811,0.96824,1.15,1.12
2015.01.20 01:59:26.796,0.96804,0.96823,1.00,1.20
2015.01.20 01:59:26.846,0.96806,0.96823,1.37,1.20
2015.01.20 01:59:26.999,0.96813,0.9683,1.00,1.00
2015.01.20 01:59:27.101,0.96812,0.96825,1.10,2.25
2015.01.20 01:59:27.304,0.96804,0.96819,1.00,1.12
2015.01.20 01:59:27.458,0.96796,0.96815,1.00,1.00
2015.01.20 01:59:27.559,0.96795,0.96812,1.00,1.00
2015.01.20 01:59:27.661,0.96789,0.96814,2.32,1.00
2015.01.20 01:59:27.762,0.96792,0.96811,1.17,1.00
2015.01.20 01:59:28.200,0.96797,0.96814,1.00,1.87
2015.01.20 01:59:28.302,0.96797,0.96816,1.10,1.00
2015.01.20 01:59:28.404,0.96795,0.96813,1.17,1.00
2015.01.20 01:59:28.556,0.96795,0.96813,1.00,1.50
2015.01.20 01:59:29.347,0.96795,0.96805,1.00,1.57
2015.01.20 01:59:29.398,0.96788,0.96805,5.25,1.57
2015.01.20 01:59:29.499,0.96788,0.96808,3.00,1.45
2015.01.20 01:59:29.601,0.96793,0.96805,1.00,1.00
2015.01.20 01:59:29.657,0.96775,0.96805,4.50,1.00
2015.01.20 01:59:29.709,0.96775,0.96802,2.32,1.00
2015.01.20 01:59:30.013,0.9678,0.96793,1.07,1.12
2015.01.20 01:59:30.318,0.96766,0.96781,2.32,1.12
2015.01.20 01:59:30.419,0.96762,0.96781,4.50,1.87
2015.01.20 01:59:30.522,0.96762,0.96774,4.50,1.12
2015.01.20 01:59:30.724,0.96762,0.96782,4.50,1.12
2015.01.20 01:59:30.927,0.96753,0.9678,2.16,1.12
2015.01.20 01:59:30.978,0.9675,0.96774,2.32,1.75
2015.01.20 01:59:31.231,0.96748,0.96774,2.32,1.85
2015.01.20 01:59:31.282,0.96748,0.9677,2.32,1.75
2015.01.20 01:59:31.535,0.96754,0.96782,2.25,1.65
2015.01.20 01:59:31.637,0.96758,0.96776,1.00,1.00
2015.01.20 01:59:31.940,0.96757,0.9677,1.00,1.12
2015.01.20 01:59:32.193,0.96753,0.96767,1.00,1.00
2015.01.20 01:59:32.294,0.96753,0.96766,1.00,1.12
2015.01.20 01:59:32.395,0.96751,0.96766,1.00,1.12
2015.01.20 01:59:32.497,0.96742,0.96768,1.57,3.75
2015.01.20 01:59:32.649,0.96745,0.96768,1.00,3.82
2015.01.20 01:59:32.954,0.96748,0.96767,1.95,1.12
2015.01.20 01:59:33.056,0.96751,0.96771,1.20,1.75
2015.01.20 01:59:33.157,0.9676,0.96771,2.25,1.75
2015.01.20 01:59:33.360,0.9676,0.96771,1.07,1.75
2015.01.20 01:59:33.411,0.9676,0.96771,1.00,1.75
2015.01.20 01:59:33.513,0.96756,0.96771,1.00,1.75
2015.01.20 01:59:33.835,0.96754,0.96771,1.00,1.75
2015.01.20 01:59:33.914,0.96754,0.96768,1.00,1.27
2015.01.20 01:59:34.017,0.96749,0.96769,1.00,1.75
2015.01.20 01:59:34.068,0.96752,0.96769,2.25,1.12
2015.01.20 01:59:34.170,0.96754,0.96772,1.15,1.75
2015.01.20 01:59:34.679,0.96758,0.96778,1.10,1.85
2015.01.20 01:59:34.730,0.96758,0.9678,1.20,1.85
2015.01.20 01:59:34.832,0.96761,0.9678,1.00,1.75
2015.01.20 01:59:35.141,0.96758,0.9678,1.37,1.75
2015.01.20 01:59:35.242,0.96763,0.9678,1.00,1.75
2015.01.20 01:59:35.445,0.9676,0.9678,1.00,1.75
2015.01.20 01:59:36.028,0.96761,0.9678,1.00,1.75
2015.01.20 01:59:36.435,0.96765,0.9678,1.00,1.12
2015.01.20 01:59:36.739,0.96765,0.9678,1.15,1.12
2015.01.20 01:59:37.080,0.96765,0.9678,1.00,1.12
2015.01.20 01:59:37.232,0.96763,0.9678,1.00,1.12
2015.01.20 01:59:37.334,0.96774,0.9678,1.00,1.05
2015.01.20 01:59:37.486,0.96789,0.96805,4.50,1.00
2015.01.20 01:59:37.537,0.96804,0.96819,2.25,1.10
2015.01.20 01:59:37.588,0.96805,0.96834,2.32,1.00
2015.01.20 01:59:37.749,0.96812,0.96839,2.25,3.37
2015.01.20 01:59:38.054,0.96801,0.96822,2.32,2.25
2015.01.20 01:59:38.105,0.96799,0.96821,2.32,1.75
2015.01.20 01:59:38.310,0.96808,0.96818,2.17,1.75
2015.01.20 01:59:38.361,0.96809,0.96828,2.70,1.50
2015.01.20 01:59:38.412,0.96811,0.96829,2.70,1.35
2015.01.20 01:59:38.514,0.96825,0.96845,2.25,1.07
2015.01.20 01:59:38.565,0.96825,0.96852,4.50,1.20
2015.01.20 01:59:38.666,0.96825,0.96858,1.15,2.32
2015.01.20 01:59:38.718,0.96825,0.96847,1.07,2.25
2015.01.20 01:59:38.769,0.96812,0.96846,2.32,3.07
2015.01.20 01:59:38.820,0.96815,0.96846,2.32,3.00
2015.01.20 01:59:38.871,0.96816,0.96846,2.32,1.00
2015.01.20 01:59:38.922,0.96816,0.9684,2.25,2.25
2015.01.20 01:59:38.973,0.96811,0.96838,1.00,2.32
2015.01.20 01:59:39.075,0.96814,0.96833,1.00,1.00
2015.01.20 01:59:39.532,0.96812,0.96832,1.00,1.00
2015.01.20 01:59:39.634,0.96816,0.96838,1.00,1.17
2015.01.20 01:59:39.888,0.96824,0.96851,1.00,2.32
2015.01.20 01:59:40.090,0.96843,0.9686,2.32,1.00
2015.01.20 01:59:40.141,0.9685,0.96865,1.00,1.00
2015.01.20 01:59:40.192,0.96854,0.96865,2.32,1.00
2015.01.20 01:59:40.243,0.96854,0.96882,2.32,1.50
2015.01.20 01:59:40.294,0.96849,0.96882,2.70,1.65
2015.01.20 01:59:40.850,0.96849,0.96872,2.70,1.00
2015.01.20 01:59:41.154,0.96833,0.9685,2.32,1.00
2015.01.20 01:59:41.306,0.96836,0.96855,2.32,1.00
2015.01.20 01:59:41.407,0.9684,0.96862,1.10,1.00
2015.01.20 01:59:41.509,0.96841,0.96862,2.32,1.00
2015.01.20 01:59:41.818,0.96835,0.96854,1.15,1.00
2015.01.20 01:59:42.193,0.96829,0.9685,1.10,1.00
2015.01.20 01:59:42.294,0.96831,0.96847,2.32,1.00
2015.01.20 01:59:42.395,0.96831,0.96851,2.32,1.00
2015.01.20 01:59:42.496,0.96831,0.96848,2.25,1.00
2015.01.20 01:59:42.547,0.96828,0.96848,1.15,1.00
2015.01.20 01:59:42.598,0.96826,0.96845,2.25,1.00
2015.01.20 01:59:42.902,0.96851,0.96867,2.32,1.00
2015.01.20 01:59:43.071,0.96851,0.96877,2.32,2.32
2015.01.20 01:59:43.122,0.96854,0.96877,2.32,1.57
2015.01.20 01:59:43.173,0.96852,0.96877,2.25,1.65
2015.01.20 01:59:43.224,0.96844,0.96877,2.32,1.72
2015.01.20 01:59:43.274,0.96843,0.96864,2.32,1.00
2015.01.20 01:59:43.325,0.96839,0.96864,3.07,1.00
2015.01.20 01:59:43.376,0.96839,0.96861,2.32,1.00
2015.01.20 01:59:43.680,0.96837,0.96854,2.25,1.00
2015.01.20 01:59:43.732,0.96832,0.9685,2.32,1.00
2015.01.20 01:59:43.884,0.9683,0.96849,2.25,2.25
2015.01.20 01:59:43.935,0.96821,0.96842,1.50,1.00
2015.01.20 01:59:44.037,0.96818,0.96852,2.70,2.32
2015.01.20 01:59:44.088,0.96817,0.96846,2.70,1.07
2015.01.20 01:59:44.341,0.96815,0.96848,2.32,1.15
2015.01.20 01:59:44.493,0.96814,0.96834,2.25,1.00
2015.01.20 01:59:44.544,0.96813,0.96834,1.00,1.00
2015.01.20 01:59:44.595,0.96807,0.96837,2.32,2.25
2015.01.20 01:59:44.646,0.96804,0.96837,1.15,2.32
2015.01.20 01:59:44.862,0.96804,0.96836,2.02,4.50
2015.01.20 01:59:44.913,0.96815,0.96843,2.70,1.57
2015.01.20 01:59:45.014,0.96822,0.96841,1.00,1.00
2015.01.20 01:59:45.167,0.96819,0.96839,1.00,1.00
2015.01.20 01:59:45.269,0.96814,0.96835,1.10,1.00
2015.01.20 01:59:45.320,0.96814,0.96835,1.00,1.15
2015.01.20 01:59:45.472,0.9681,0.96831,1.00,1.00
2015.01.20 01:59:45.574,0.96816,0.96836,1.00,2.32
2015.01.20 01:59:45.625,0.96816,0.96837,1.07,1.00
2015.01.20 01:59:45.844,0.96835,0.96842,1.00,1.07
2015.01.20 01:59:45.895,0.96835,0.96844,1.00,1.07
2015.01.20 01:59:46.047,0.96835,0.9685,1.00,1.00
2015.01.20 01:59:46.149,0.96834,0.96854,1.00,1.00
2015.01.20 01:59:46.301,0.96834,0.96854,1.07,1.00
2015.01.20 01:59:46.352,0.96833,0.96866,1.15,2.32
2015.01.20 01:59:46.454,0.96838,0.96858,1.00,1.00
2015.01.20 01:59:46.555,0.96834,0.96866,1.15,2.32
2015.01.20 01:59:46.607,0.96839,0.96867,2.25,2.25
2015.01.20 01:59:46.657,0.96839,0.96873,2.70,2.32
2015.01.20 01:59:46.759,0.96843,0.96877,3.45,2.32
2015.01.20 01:59:46.810,0.96842,0.96856,2.62,1.00
2015.01.20 01:59:46.861,0.96836,0.96856,1.15,1.00
2015.01.20 01:59:47.013,0.9684,0.96861,1.07,1.00
2015.01.20 01:59:47.266,0.9683,0.96852,1.15,1.00
2015.01.20 01:59:47.367,0.9683,0.96852,3.07,1.00
2015.01.20 01:59:47.570,0.96835,0.96854,1.10,1.00
2015.01.20 01:59:47.671,0.9683,0.96845,2.32,1.00
2015.01.20 01:59:47.874,0.9685,0.96877,2.25,2.25
2015.01.20 01:59:47.925,0.96857,0.96885,1.00,2.70
2015.01.20 01:59:48.026,0.96863,0.96886,1.00,5.25
2015.01.20 01:59:48.330,0.96877,0.96902,2.32,1.37
2015.01.20 01:59:48.532,0.96875,0.96901,2.32,1.37
2015.01.20 01:59:48.585,0.96877,0.96901,2.32,1.00
2015.01.20 01:59:48.636,0.96878,0.96904,2.32,2.62
2015.01.20 01:59:48.687,0.96883,0.96904,2.25,2.62
2015.01.20 01:59:48.993,0.9688,0.96903,2.32,2.62
2015.01.20 01:59:49.298,0.96879,0.96904,2.32,2.62
2015.01.20 01:59:49.399,0.96888,0.96904,2.32,2.25
2015.01.20 01:59:49.450,0.96891,0.96904,2.32,2.25
2015.01.20 01:59:49.603,0.96886,0.96904,2.32,2.25
2015.01.20 01:59:49.654,0.96888,0.96904,2.32,2.25
2015.01.20 01:59:49.958,0.96895,0.969,2.17,1.30
2015.01.20 01:59:50.009,0.96891,0.969,2.32,1.30
2015.01.20 01:59:50.212,0.96885,0.96902,2.32,1.50
2015.01.20 01:59:50.364,0.96885,0.96902,2.32,1.50
2015.01.20 01:59:50.522,0.96882,0.96902,4.50,1.50
2015.01.20 01:59:50.573,0.96882,0.96902,4.50,1.50
2015.01.20 01:59:50.882,0.96881,0.9689,1.00,0.37
2015.01.20 01:59:51.136,0.96877,0.96908,2.70,1.52
2015.01.20 01:59:51.187,0.96879,0.96906,2.70,1.45
2015.01.20 01:59:51.339,0.96876,0.96906,5.62,1.57
2015.01.20 01:59:51.667,0.96874,0.96889,1.45,2.62
2015.01.20 01:59:51.921,0.9687,0.9689,1.42,1.00
2015.01.20 01:59:52.023,0.96868,0.96898,1.15,1.47
2015.01.20 01:59:52.074,0.96867,0.96889,2.25,1.00
2015.01.20 01:59:52.125,0.96861,0.96889,2.70,1.00
2015.01.20 01:59:52.176,0.96861,0.96887,2.70,1.10
2015.01.20 01:59:52.227,0.96858,0.96887,2.70,1.17
2015.01.20 01:59:52.592,0.96862,0.96887,2.70,1.07
2015.01.20 01:59:52.846,0.96864,0.96891,1.52,1.00
2015.01.20 01:59:53.048,0.96865,0.96893,4.87,1.00
2015.01.20 01:59:53.200,0.96871,0.96893,2.25,1.00
2015.01.20 01:59:53.302,0.96872,0.969,4.50,1.00
2015.01.20 01:59:53.354,0.96884,0.969,2.25,1.00
2015.01.20 01:59:53.405,0.96884,0.96903,2.25,1.07
2015.01.20 01:59:53.456,0.96887,0.96903,2.32,1.00
2015.01.20 01:59:53.508,0.96887,0.9691,2.32,1.00
2015.01.20 01:59:53.559,0.96888,0.9691,2.25,1.37
2015.01.20 01:59:53.660,0.96883,0.9691,1.07,2.70
2015.01.20 01:59:53.762,0.96879,0.96906,1.45,2.32
2015.01.20 01:59:53.914,0.96871,0.96898,2.32,1.00
2015.01.20 01:59:54.444,0.96871,0.96899,2.70,1.00
2015.01.20 01:59:54.495,0.96871,0.96896,2.62,1.10
2015.01.20 01:59:54.799,0.96864,0.96886,2.32,1.00
2015.01.20 01:59:54.850,0.96864,0.96889,2.32,1.00
2015.01.20 01:59:54.901,0.96864,0.96889,2.70,1.00
2015.01.20 01:59:55.162,0.96861,0.96891,1.87,1.00
2015.01.20 01:59:55.265,0.96872,0.96902,1.37,1.00
2015.01.20 01:59:55.690,0.9687,0.969,1.37,1.00
2015.01.20 01:59:55.999,0.96868,0.96898,1.37,1.00
2015.01.20 01:59:56.260,0.9687,0.969,1.37,1.00
2015.01.20 01:59:56.846,0.96872,0.969,1.37,1.00
2015.01.20 01:59:56.897,0.96873,0.96903,1.37,1.00
2015.01.20 01:59:57.049,0.96877,0.96907,1.37,1.00
2015.01.20 01:59:57.151,0.96881,0.96911,1.37,1.00
2015.01.20 01:59:57.253,0.96887,0.96915,1.00,1.00
2015.01.20 01:59:57.356,0.96874,0.96931,1.37,1.12
2015.01.20 01:59:57.862,0.96878,0.96931,1.37,1.12
2015.01.20 01:59:58.334,0.96899,0.96931,1.00,1.12
2015.01.20 01:59:58.436,0.96894,0.9693,1.00,1.20
2015.01.20 01:59:58.588,0.96898,0.96928,1.00,1.00
2015.01.20 01:59:59.104,0.96896,0.96926,1.00,1.00
2015.01.20 01:59:59.206,0.96896,0.9693,1.00,1.20
