2009.08.21 17:00:01.324,0.78945,0.78965,1.00,2.10
2009.08.21 17:00:01.624,0.7895,0.78965,1.00,1.00
2009.08.21 17:00:02.014,0.7895,0.78975,1.00,10.40
2009.08.21 17:00:02.364,0.78955,0.78975,1.00,6.50
2009.08.21 17:00:02.584,0.78955,0.7897,1.00,1.00
2009.08.21 17:00:02.874,0.78955,0.78975,1.00,1.00
2009.08.21 17:00:03.226,0.7896,0.7898,1.00,4.00
2009.08.21 17:00:03.574,0.7896,0.78985,1.00,14.50
2009.08.21 17:00:04.094,0.7896,0.7898,1.00,1.00
2009.08.21 17:00:04.493,0.7896,0.78985,1.00,14.50
2009.08.21 17:00:05.183,0.7896,0.78985,1.00,12.10
2009.08.21 17:00:08.893,0.7895,0.78975,4.00,1.00
2009.08.21 17:00:09.292,0.7895,0.78975,4.00,3.20
2009.08.21 17:00:09.652,0.7895,0.7897,4.00,4.30
2009.08.21 17:00:10.022,0.7894,0.78965,4.00,1.00
2009.08.21 17:00:10.362,0.7894,0.78965,12.50,1.00
2009.08.21 17:00:10.712,0.78945,0.7897,8.00,8.50
2009.08.21 17:00:11.092,0.78945,0.7897,1.00,8.50
2009.08.21 17:00:11.392,0.78945,0.7897,1.00,4.30
2009.08.21 17:00:11.921,0.7894,0.7897,4.00,8.50
2009.08.21 17:00:12.321,0.7894,0.7897,4.40,8.50
2009.08.21 17:00:12.491,0.7894,0.7897,4.00,8.50
2009.08.21 17:00:12.841,0.7894,0.7897,4.40,8.50
2009.08.21 17:00:13.511,0.7894,0.7897,4.40,4.30
2009.08.21 17:00:13.911,0.7894,0.7896,4.00,1.00
2009.08.21 17:00:14.301,0.7894,0.7896,1.00,1.00
2009.08.21 17:00:17.210,0.7893,0.7896,12.50,2.80
2009.08.21 17:00:17.450,0.7893,0.7896,10.90,2.80
2009.08.21 17:00:17.860,0.7893,0.7896,10.90,2.90
2009.08.21 17:00:18.200,0.78935,0.7896,1.00,2.90
2009.08.21 17:00:20.530,0.7893,0.7896,10.90,2.90
2009.08.21 17:00:20.879,0.7894,0.78965,1.00,3.70
2009.08.21 17:00:21.749,0.7894,0.78965,1.00,3.70
2009.08.21 17:00:22.529,0.7895,0.78965,1.00,1.00
2009.08.21 17:00:22.759,0.7895,0.78965,1.00,1.00
2009.08.21 17:00:26.648,0.7895,0.78965,1.00,1.00
2009.08.21 17:00:26.888,0.7895,0.7897,1.00,1.00
2009.08.21 17:00:27.118,0.7895,0.7897,1.00,4.40
2009.08.21 17:00:27.468,0.7895,0.78975,1.00,16.50
2009.08.21 17:00:27.868,0.7895,0.7897,1.00,1.70
2009.08.21 17:00:29.118,0.78955,0.7897,1.00,1.70
2009.08.21 17:00:30.227,0.7895,0.7897,1.00,4.10
2009.08.21 17:00:30.577,0.78945,0.78965,4.40,1.00
2009.08.21 17:00:30.927,0.7895,0.7897,1.00,4.10
2009.08.21 17:00:31.847,0.7895,0.7896,1.00,1.00
2009.08.21 17:00:32.257,0.7895,0.78965,1.00,1.00
2009.08.21 17:00:32.727,0.78955,0.7896,1.00,1.00
2009.08.21 17:00:33.067,0.78955,0.7897,1.00,1.00
2009.08.21 17:00:33.956,0.7896,0.7898,1.00,19.90
2009.08.21 17:00:34.296,0.7896,0.78985,1.00,10.90
2009.08.21 17:00:36.576,0.7896,0.7898,1.00,1.00
2009.08.21 17:00:36.926,0.7896,0.78985,1.00,10.90
2009.08.21 17:00:38.225,0.7896,0.7898,1.00,1.00
2009.08.21 17:00:38.985,0.7896,0.78985,1.00,2.90
2009.08.21 17:00:39.215,0.7896,0.78985,1.00,4.90
2009.08.21 17:00:39.735,0.7896,0.78985,1.00,12.90
2009.08.21 17:00:40.345,0.78965,0.78985,1.60,12.90
2009.08.21 17:00:40.635,0.7897,0.78995,1.00,4.00
2009.08.21 17:00:41.085,0.78965,0.78995,12.50,2.90
2009.08.21 17:00:41.485,0.7897,0.78995,1.00,8.00
2009.08.21 17:00:41.825,0.7897,0.78995,1.00,1.00
2009.08.21 17:00:42.814,0.7898,0.78995,1.00,1.00
2009.08.21 17:00:43.544,0.7898,0.78995,1.00,2.90
2009.08.21 17:00:43.864,0.78965,0.78995,12.50,6.90
2009.08.21 17:00:44.214,0.7897,0.78995,1.00,10.90
2009.08.21 17:00:45.834,0.7897,0.7899,1.00,12.00
2009.08.21 17:00:46.363,0.7898,0.78995,1.00,4.80
2009.08.21 17:00:46.646,0.7898,0.79005,1.00,3.70
2009.08.21 17:00:47.463,0.7898,0.79005,1.00,3.70
2009.08.21 17:00:47.933,0.7898,0.79,1.00,1.00
2009.08.21 17:00:48.443,0.7898,0.79005,1.00,9.70
2009.08.21 17:00:48.723,0.78975,0.79,8.00,1.00
2009.08.21 17:00:49.642,0.78975,0.79,8.00,1.00
2009.08.21 17:00:49.912,0.78975,0.79,8.40,1.00
2009.08.21 17:00:50.143,0.78975,0.79,8.00,1.00
2009.08.21 17:00:51.062,0.7898,0.79,1.00,1.00
2009.08.21 17:00:51.302,0.78975,0.79,8.00,1.00
2009.08.21 17:00:52.042,0.78975,0.79,8.00,1.00
2009.08.21 17:00:52.222,0.78975,0.78995,8.00,1.00
2009.08.21 17:00:52.462,0.7898,0.79,1.00,1.00
2009.08.21 17:01:02.280,0.7898,0.79,1.00,1.00
2009.08.21 17:01:03.649,0.78985,0.79,1.00,1.00
2009.08.21 17:01:06.048,0.7898,0.78985,1.00,2.40
2009.08.21 17:01:06.509,0.78975,0.7898,1.00,11.50
2009.08.21 17:01:06.848,0.7897,0.78975,1.00,2.40
2009.08.21 17:01:07.188,0.7897,0.78975,1.00,6.40
2009.08.21 17:01:07.648,0.7895,0.78975,1.00,10.40
2009.08.21 17:01:07.988,0.7895,0.78975,1.00,4.80
2009.08.21 17:01:08.268,0.7895,0.7898,1.00,23.70
2009.08.21 17:01:08.608,0.7895,0.7898,4.00,19.70
2009.08.21 17:01:09.308,0.78955,0.7898,1.00,19.70
2009.08.21 17:01:10.968,0.78945,0.78975,16.50,2.50
2009.08.21 17:01:11.207,0.7895,0.78975,1.00,2.50
2009.08.21 17:01:11.437,0.7896,0.78975,1.00,1.00
2009.08.21 17:01:12.067,0.78955,0.7898,1.00,11.70
2009.08.21 17:01:12.237,0.78955,0.7898,1.00,9.30
2009.08.21 17:01:12.457,0.78955,0.7898,1.00,11.70
2009.08.21 17:01:12.637,0.7896,0.78975,1.00,1.00
2009.08.21 17:01:18.935,0.7895,0.78975,4.00,2.50
2009.08.21 17:01:19.115,0.7895,0.78975,1.00,2.50
2009.08.21 17:01:20.635,0.7895,0.78975,1.00,2.90
2009.08.21 17:01:21.325,0.7895,0.78975,1.00,2.50
2009.08.21 17:01:22.935,0.7895,0.78975,4.00,1.00
2009.08.21 17:01:23.744,0.7896,0.78975,1.00,1.00
2009.08.21 17:01:26.664,0.78955,0.7897,1.00,1.00
2009.08.21 17:01:27.753,0.78955,0.7897,1.00,1.00
2009.08.21 17:01:27.983,0.7895,0.7897,1.00,1.00
2009.08.21 17:01:28.593,0.7895,0.7897,1.00,4.50
2009.08.21 17:01:28.933,0.7895,0.7897,1.00,7.70
2009.08.21 17:01:29.323,0.7894,0.7896,3.30,1.00
2009.08.21 17:01:29.673,0.78935,0.78955,8.00,2.90
2009.08.21 17:01:29.733,0.78935,0.78955,4.00,2.90
2009.08.21 17:01:30.213,0.7894,0.78955,1.00,1.00
2009.08.21 17:01:30.783,0.7894,0.7896,1.00,3.20
2009.08.21 17:01:31.293,0.78945,0.78965,1.00,13.20
2009.08.21 17:01:31.642,0.78945,0.7897,1.00,22.50
2009.08.21 17:01:31.992,0.78945,0.7897,1.00,18.50
2009.08.21 17:01:32.352,0.78945,0.7897,1.00,20.10
2009.08.21 17:01:32.592,0.78935,0.7896,11.70,1.00
2009.08.21 17:01:33.002,0.78945,0.78965,1.00,6.40
2009.08.21 17:01:33.442,0.78945,0.7897,1.00,8.00
2009.08.21 17:01:39.091,0.78945,0.7897,1.00,8.40
2009.08.21 17:01:39.450,0.78945,0.7897,1.00,8.00
2009.08.21 17:01:39.790,0.7894,0.7896,1.00,1.00
2009.08.21 17:01:40.171,0.7894,0.7896,1.00,1.00
2009.08.21 17:01:41.140,0.7894,0.78965,1.00,11.70
2009.08.21 17:01:41.360,0.78945,0.78965,1.00,8.00
2009.08.21 17:01:42.020,0.78945,0.7897,1.00,8.00
2009.08.21 17:01:42.310,0.7894,0.7897,6.80,8.00
2009.08.21 17:01:43.110,0.78945,0.78965,2.80,2.40
2009.08.21 17:01:43.459,0.7894,0.78965,1.20,10.40
2009.08.21 17:01:44.269,0.7894,0.78965,1.20,10.50
2009.08.21 17:01:44.560,0.7894,0.78965,1.20,2.50
2009.08.21 17:01:46.109,0.78945,0.78965,1.00,2.50
2009.08.21 17:01:46.779,0.78945,0.78965,1.00,2.90
2009.08.21 17:01:47.589,0.78935,0.7896,15.70,1.00
2009.08.21 17:01:47.939,0.7894,0.7896,1.00,2.80
2009.08.21 17:01:48.488,0.7893,0.78955,10.40,1.00
2009.08.21 17:01:48.708,0.7893,0.78945,9.60,2.40
2009.08.21 17:01:49.168,0.78925,0.78945,1.00,6.40
2009.08.21 17:01:49.568,0.7892,0.78945,1.00,10.80
2009.08.21 17:01:50.948,0.7892,0.78945,1.00,10.90
2009.08.21 17:01:51.338,0.7892,0.7894,1.00,1.00
2009.08.21 17:01:51.568,0.78915,0.7894,1.00,1.00
2009.08.21 17:01:52.208,0.78915,0.78935,1.00,2.80
2009.08.21 17:01:53.207,0.7891,0.78935,1.00,2.90
2009.08.21 17:01:54.437,0.7891,0.78925,1.00,1.00
2009.08.21 17:01:55.087,0.78905,0.78925,8.40,1.00
2009.08.21 17:01:55.667,0.78905,0.78935,8.40,6.90
2009.08.21 17:01:56.346,0.7891,0.78935,1.00,14.90
2009.08.21 17:01:57.996,0.7891,0.78935,1.00,6.30
2009.08.21 17:01:59.576,0.7891,0.7893,1.00,1.00
2009.08.21 17:01:59.636,0.78915,0.7893,1.00,1.00
2009.08.21 17:02:00.036,0.7891,0.78935,1.00,6.30
2009.08.21 17:02:01.385,0.78915,0.7893,1.00,1.00
2009.08.21 17:02:01.735,0.78915,0.78935,1.00,1.00
2009.08.21 17:02:02.135,0.78915,0.78935,1.00,1.00
2009.08.21 17:02:02.415,0.78915,0.78945,1.00,14.70
2009.08.21 17:02:03.065,0.78915,0.78935,1.00,1.00
2009.08.21 17:02:03.506,0.78915,0.78945,1.00,14.70
2009.08.21 17:02:03.785,0.78915,0.78945,1.00,14.30
2009.08.21 17:02:04.075,0.78915,0.78935,1.00,1.00
2009.08.21 17:02:04.415,0.78915,0.78945,1.00,14.30
2009.08.21 17:02:04.744,0.78915,0.78945,1.00,14.70
2009.08.21 17:02:05.135,0.78915,0.78935,1.00,1.00
2009.08.21 17:02:05.426,0.78915,0.7893,1.00,1.00
2009.08.21 17:02:06.924,0.7891,0.7893,1.00,1.00
2009.08.21 17:02:07.224,0.78915,0.7893,1.00,1.00
2009.08.21 17:02:07.384,0.78915,0.7893,1.00,1.00
2009.08.21 17:02:07.724,0.7891,0.7893,1.00,1.60
2009.08.21 17:02:08.124,0.78915,0.7893,1.00,1.70
2009.08.21 17:02:08.683,0.7891,0.7893,1.00,1.60
2009.08.21 17:02:09.023,0.78915,0.7893,1.00,1.70
2009.08.21 17:02:09.403,0.78915,0.7893,1.00,2.10
2009.08.21 17:02:09.753,0.7891,0.7893,1.00,1.20
2009.08.21 17:02:10.453,0.7891,0.78925,1.00,1.00
2009.08.21 17:02:11.133,0.78915,0.78925,1.00,1.00
2009.08.21 17:02:11.423,0.7891,0.78925,1.00,1.00
2009.08.21 17:02:12.692,0.78915,0.78925,1.00,1.00
2009.08.21 17:02:13.083,0.7891,0.78935,1.00,6.30
2009.08.21 17:02:13.372,0.7892,0.7894,1.00,8.00
2009.08.21 17:02:13.822,0.78915,0.7894,8.40,1.70
2009.08.21 17:02:14.172,0.78915,0.7894,8.00,1.70
2009.08.21 17:02:14.392,0.7891,0.7894,10.90,1.60
2009.08.21 17:02:14.803,0.7891,0.7894,10.90,1.70
2009.08.21 17:02:15.192,0.7891,0.7894,10.90,1.60
2009.08.21 17:02:16.512,0.7891,0.78935,10.80,1.00
2009.08.21 17:02:16.802,0.7891,0.7894,10.90,1.60
2009.08.21 17:02:17.521,0.78915,0.78945,1.00,15.90
2009.08.21 17:02:19.111,0.78915,0.78935,1.00,1.00
2009.08.21 17:02:19.461,0.78915,0.78945,1.00,15.90
2009.08.21 17:02:20.221,0.78915,0.78935,1.00,1.00
2009.08.21 17:02:20.850,0.78915,0.78945,1.00,15.90
2009.08.21 17:02:21.550,0.78915,0.78935,1.00,1.00
2009.08.21 17:02:23.950,0.78915,0.78945,1.00,15.90
2009.08.21 17:02:24.740,0.78915,0.78935,1.00,1.00
2009.08.21 17:02:25.210,0.78915,0.78935,1.00,2.80
2009.08.21 17:02:25.719,0.7891,0.78935,1.00,2.90
2009.08.21 17:02:26.050,0.7891,0.78925,1.00,1.00
2009.08.21 17:02:26.389,0.7891,0.78935,1.00,2.90
2009.08.21 17:02:30.618,0.7891,0.7893,1.00,1.00
2009.08.21 17:02:30.958,0.78905,0.78925,8.00,4.00
2009.08.21 17:02:31.298,0.789,0.78925,1.00,5.60
2009.08.21 17:02:31.588,0.78905,0.78925,8.40,1.00
2009.08.21 17:02:32.098,0.78905,0.7893,8.40,5.60
2009.08.21 17:02:32.559,0.78905,0.78925,8.40,1.00
2009.08.21 17:02:32.718,0.78905,0.7893,8.40,5.60
2009.08.21 17:02:33.118,0.78915,0.78925,1.00,1.00
2009.08.21 17:02:34.338,0.78915,0.7893,1.00,1.00
2009.08.21 17:02:34.677,0.7891,0.78925,1.00,1.00
2009.08.21 17:02:38.626,0.7891,0.78925,1.00,1.00
2009.08.21 17:02:38.686,0.78915,0.7893,1.00,1.00
2009.08.21 17:02:39.237,0.78905,0.7893,1.00,4.50
2009.08.21 17:02:39.586,0.78905,0.78925,1.00,1.00
2009.08.21 17:02:39.946,0.78905,0.7893,1.00,4.50
2009.08.21 17:02:40.586,0.78905,0.78925,1.00,1.00
2009.08.21 17:02:40.886,0.789,0.78925,8.00,1.00
2009.08.21 17:02:41.276,0.789,0.7892,8.90,2.40
2009.08.21 17:02:41.516,0.78905,0.7893,1.00,8.90
2009.08.21 17:02:41.796,0.78905,0.7893,1.00,1.70
2009.08.21 17:02:42.486,0.7891,0.7893,1.00,1.70
2009.08.21 17:02:43.176,0.78905,0.7893,1.00,1.70
2009.08.21 17:02:43.235,0.78905,0.7893,1.00,6.10
2009.08.21 17:02:43.875,0.78905,0.78925,1.00,1.00
2009.08.21 17:02:44.565,0.78905,0.78925,1.00,1.00
2009.08.21 17:02:45.645,0.78905,0.78935,1.00,15.90
2009.08.21 17:02:47.014,0.78905,0.78935,8.00,7.90
2009.08.21 17:02:47.364,0.78905,0.78925,8.00,1.00
2009.08.21 17:02:48.064,0.78905,0.78935,8.00,7.90
2009.08.21 17:02:50.983,0.78905,0.78935,8.00,6.30
2009.08.21 17:02:56.082,0.78905,0.78925,8.00,1.00
2009.08.21 17:02:57.722,0.78905,0.78935,8.00,9.50
2009.08.21 17:02:58.172,0.78905,0.78925,8.00,1.00
2009.08.21 17:02:59.951,0.7891,0.78925,1.00,1.00
2009.08.21 17:03:01.521,0.7891,0.78925,1.00,1.00
2009.08.21 17:03:04.150,0.7891,0.78935,1.00,7.70
2009.08.21 17:03:04.560,0.78915,0.78935,1.00,6.50
2009.08.21 17:03:04.890,0.7891,0.78935,1.00,15.70
2009.08.21 17:03:05.180,0.78915,0.78935,1.00,6.50
2009.08.21 17:03:05.530,0.7891,0.78935,1.00,7.70
2009.08.21 17:03:07.539,0.78915,0.78935,1.00,6.50
2009.08.21 17:03:07.709,0.7891,0.78935,1.00,7.70
2009.08.21 17:03:07.999,0.78915,0.78935,1.00,6.50
2009.08.21 17:03:09.209,0.7891,0.78935,1.00,7.70
2009.08.21 17:03:13.368,0.78915,0.78935,1.00,6.50
2009.08.21 17:03:13.598,0.7891,0.78935,1.00,7.70
2009.08.21 17:03:15.717,0.7891,0.78925,1.00,1.00
2009.08.21 17:03:16.437,0.789,0.78915,4.00,1.00
2009.08.21 17:03:16.657,0.78895,0.7891,4.00,8.00
2009.08.21 17:03:16.947,0.78885,0.78905,1.00,2.80
2009.08.21 17:03:17.297,0.7888,0.78905,4.40,2.90
2009.08.21 17:03:17.817,0.78875,0.789,16.80,2.40
2009.08.21 17:03:18.197,0.78875,0.789,4.00,2.40
2009.08.21 17:03:18.897,0.7889,0.7891,1.00,6.80
2009.08.21 17:03:19.247,0.7888,0.7891,1.00,15.50
2009.08.21 17:03:19.597,0.78875,0.7891,12.00,15.70
2009.08.21 17:03:20.047,0.78885,0.78905,1.60,1.30
2009.08.21 17:03:20.436,0.78885,0.789,8.00,2.40
2009.08.21 17:03:20.776,0.7888,0.78905,1.00,8.00
2009.08.21 17:03:21.236,0.78875,0.78905,8.00,3.70
2009.08.21 17:03:21.976,0.7889,0.78905,1.00,3.60
2009.08.21 17:03:22.486,0.7888,0.7891,5.60,4.90
2009.08.21 17:03:22.606,0.7888,0.7891,4.80,4.80
2009.08.21 17:03:22.826,0.7888,0.7891,5.20,4.80
2009.08.21 17:03:23.116,0.7888,0.7891,5.20,4.90
2009.08.21 17:03:23.405,0.7888,0.7891,4.80,4.90
2009.08.21 17:03:25.175,0.7888,0.78905,4.80,1.00
2009.08.21 17:03:25.695,0.7888,0.7891,4.80,4.90
2009.08.21 17:03:26.385,0.78885,0.7891,1.00,4.90
2009.08.21 17:03:26.675,0.78885,0.7891,1.00,2.50
2009.08.21 17:03:27.785,0.78885,0.7891,2.00,4.10
2009.08.21 17:03:27.844,0.7889,0.7891,1.00,12.50
2009.08.21 17:03:27.895,0.7889,0.7891,1.00,8.50
2009.08.21 17:03:31.644,0.78885,0.78905,2.10,1.00
2009.08.21 17:03:31.993,0.789,0.78915,1.00,8.00
2009.08.21 17:03:32.493,0.7892,0.7893,1.00,7.90
2009.08.21 17:03:32.863,0.7893,0.7895,1.20,12.00
2009.08.21 17:03:33.403,0.7893,0.78955,1.00,8.40
2009.08.21 17:03:33.743,0.78925,0.78945,11.20,1.00
2009.08.21 17:03:34.033,0.78925,0.78945,8.00,6.70
2009.08.21 17:03:34.383,0.78915,0.78935,12.00,4.40
2009.08.21 17:03:34.784,0.78905,0.7894,12.40,11.90
2009.08.21 17:03:35.243,0.7891,0.78935,1.00,2.40
2009.08.21 17:03:35.703,0.7891,0.78945,5.20,15.70
2009.08.21 17:03:36.222,0.7891,0.78945,4.80,15.70
2009.08.21 17:03:36.562,0.7891,0.78945,4.80,16.10
2009.08.21 17:03:39.732,0.78905,0.7894,18.00,16.50
2009.08.21 17:03:40.091,0.7891,0.78935,3.60,2.90
2009.08.21 17:03:40.501,0.78905,0.78935,12.40,2.90
2009.08.21 17:03:41.181,0.78905,0.78935,4.00,6.90
2009.08.21 17:03:41.411,0.7891,0.78935,1.00,10.90
2009.08.21 17:03:42.121,0.789,0.78935,5.20,16.90
2009.08.21 17:03:42.411,0.789,0.7893,4.80,1.00
2009.08.21 17:03:42.571,0.789,0.7893,4.80,3.60
2009.08.21 17:03:43.971,0.78905,0.7893,1.00,3.60
2009.08.21 17:03:44.210,0.78905,0.7893,8.00,3.60
2009.08.21 17:03:44.690,0.78905,0.78925,8.00,1.00
2009.08.21 17:03:45.030,0.78905,0.78925,1.00,1.00
2009.08.21 17:03:45.800,0.78905,0.78925,1.00,1.00
2009.08.21 17:03:50.349,0.789,0.78925,4.00,1.00
2009.08.21 17:03:50.689,0.789,0.78925,4.00,8.90
2009.08.21 17:03:51.089,0.7889,0.78925,10.50,16.90
2009.08.21 17:03:52.878,0.78895,0.78925,8.00,8.90
2009.08.21 17:03:53.058,0.7889,0.78925,10.50,16.90
2009.08.21 17:03:53.338,0.7889,0.7892,10.50,1.00
2009.08.21 17:03:53.898,0.78895,0.78915,1.00,1.00
2009.08.21 17:03:54.238,0.78885,0.78915,8.00,8.70
2009.08.21 17:03:55.748,0.7888,0.78915,10.50,16.90
2009.08.21 17:03:57.338,0.78885,0.78915,8.00,8.90
2009.08.21 17:03:59.597,0.7888,0.78915,10.50,16.90
2009.08.21 17:04:00.837,0.7888,0.7891,10.50,1.00
2009.08.21 17:04:04.126,0.78885,0.78915,8.00,8.90
2009.08.21 17:04:05.105,0.78885,0.7891,4.00,3.50
2009.08.21 17:04:05.406,0.7888,0.7891,4.00,12.50
2009.08.21 17:04:06.035,0.78885,0.7891,2.40,3.20
2009.08.21 17:04:06.156,0.78885,0.7891,12.00,3.20
2009.08.21 17:04:06.435,0.7889,0.78915,4.00,3.30
2009.08.21 17:04:06.545,0.78885,0.78915,16.00,3.30
2009.08.21 17:04:06.727,0.78885,0.78915,14.40,1.30
2009.08.21 17:04:07.015,0.7889,0.78915,4.00,1.30
2009.08.21 17:04:07.535,0.7889,0.78915,4.00,1.20
2009.08.21 17:04:09.064,0.78895,0.78915,1.00,1.20
2009.08.21 17:04:09.294,0.78895,0.78915,1.70,1.20
2009.08.21 17:04:09.694,0.78895,0.78915,8.00,1.60
2009.08.21 17:04:10.314,0.789,0.78915,1.00,1.60
2009.08.21 17:04:11.114,0.789,0.78915,1.00,1.00
2009.08.21 17:04:11.454,0.789,0.78925,4.00,11.20
2009.08.21 17:04:11.794,0.78905,0.7893,8.00,4.00
2009.08.21 17:04:12.134,0.78905,0.78935,8.00,10.90
2009.08.21 17:04:12.484,0.78905,0.78935,8.00,6.90
2009.08.21 17:04:14.243,0.7891,0.78935,1.00,3.70
2009.08.21 17:04:14.543,0.7891,0.78935,4.00,1.00
2009.08.21 17:04:15.413,0.7891,0.78935,4.00,1.00
2009.08.21 17:04:19.512,0.78905,0.78935,19.30,1.00
2009.08.21 17:04:19.962,0.7891,0.78935,4.00,1.00
2009.08.21 17:04:20.292,0.7891,0.78935,4.00,2.50
2009.08.21 17:04:21.112,0.78905,0.78935,15.20,2.50
2009.08.21 17:04:22.162,0.78905,0.78935,12.00,2.50
2009.08.21 17:04:22.331,0.7891,0.7894,4.00,5.60
2009.08.21 17:04:22.561,0.7891,0.7894,4.80,5.60
2009.08.21 17:04:23.581,0.78915,0.7894,1.00,5.60
2009.08.21 17:04:26.130,0.78915,0.78945,1.00,14.30
2009.08.21 17:04:26.470,0.78915,0.78945,8.00,14.30
2009.08.21 17:04:30.799,0.78915,0.78945,4.00,14.30
2009.08.21 17:04:31.149,0.78915,0.78945,1.00,14.30
2009.08.21 17:04:46.226,0.7892,0.78945,3.30,1.00
2009.08.21 17:04:46.456,0.7892,0.78945,1.00,1.00
2009.08.21 17:04:54.534,0.7891,0.78935,1.00,1.00
2009.08.21 17:04:55.413,0.78905,0.78935,15.30,1.00
2009.08.21 17:04:57.093,0.7891,0.78935,3.70,1.00
2009.08.21 17:04:57.323,0.78915,0.7894,8.00,4.50
2009.08.21 17:04:57.593,0.7892,0.7894,1.00,4.40
2009.08.21 17:04:57.833,0.7892,0.78945,1.00,6.50
2009.08.21 17:04:57.893,0.7892,0.78945,1.00,6.30
2009.08.21 17:04:58.113,0.7892,0.78945,1.00,3.20
2009.08.21 17:04:58.233,0.7892,0.78945,1.00,1.00
2009.08.21 17:04:59.864,0.7892,0.7894,1.00,1.00
2009.08.21 17:05:00.552,0.7892,0.7894,1.00,3.60
2009.08.21 17:05:00.942,0.7892,0.78935,1.00,1.00
2009.08.21 17:05:13.339,0.78915,0.7893,1.00,2.50
2009.08.21 17:05:13.619,0.78915,0.7893,1.00,5.70
2009.08.21 17:05:16.538,0.7891,0.78935,6.40,1.00
2009.08.21 17:05:19.008,0.7891,0.78935,10.40,1.00
2009.08.21 17:05:19.529,0.78915,0.7894,1.00,1.70
2009.08.21 17:05:19.757,0.7891,0.78935,4.00,1.00
2009.08.21 17:05:19.977,0.78915,0.7894,1.00,10.50
2009.08.21 17:05:21.127,0.78915,0.7894,1.00,18.50
2009.08.21 17:05:28.475,0.7891,0.78935,1.00,4.50
2009.08.21 17:05:30.345,0.7891,0.78925,1.00,1.00
2009.08.21 17:05:31.195,0.7891,0.78915,1.00,1.00
2009.08.21 17:05:32.724,0.78895,0.78915,1.00,1.00
2009.08.21 17:05:35.664,0.78885,0.78915,14.50,1.00
2009.08.21 17:05:35.723,0.78895,0.78915,1.00,1.00
2009.08.21 17:05:36.294,0.78885,0.78915,14.50,2.10
2009.08.21 17:05:36.624,0.7888,0.78905,14.50,1.00
2009.08.21 17:05:36.973,0.78885,0.7891,6.50,8.00
2009.08.21 17:05:37.493,0.78885,0.7892,10.40,15.70
2009.08.21 17:05:37.843,0.7889,0.7892,1.00,15.70
2009.08.21 17:05:38.183,0.78895,0.7892,1.00,15.50
2009.08.21 17:05:42.012,0.789,0.78915,1.00,1.00
2009.08.21 17:05:42.252,0.789,0.78915,1.00,1.00
2009.08.21 17:05:42.432,0.78895,0.7892,1.00,10.10
2009.08.21 17:05:42.842,0.78895,0.78915,1.00,1.00
2009.08.21 17:05:43.352,0.78895,0.7891,1.00,1.00
2009.08.21 17:05:44.032,0.78895,0.78905,1.00,1.00
2009.08.21 17:05:45.121,0.78895,0.7891,1.00,5.70
2009.08.21 17:05:48.620,0.78895,0.78915,1.00,20.10
2009.08.21 17:05:48.781,0.78895,0.7891,1.00,3.30
2009.08.21 17:05:49.090,0.78895,0.7891,1.00,1.00
2009.08.21 17:05:58.718,0.78895,0.78915,1.00,14.50
2009.08.21 17:06:11.175,0.7889,0.78905,1.00,1.00
2009.08.21 17:06:11.485,0.7889,0.7891,1.00,8.30
2009.08.21 17:06:12.855,0.7889,0.7891,1.00,8.50
2009.08.21 17:06:16.344,0.78885,0.7891,1.70,4.30
2009.08.21 17:06:17.674,0.78885,0.7891,8.00,4.30
2009.08.21 17:06:17.733,0.7889,0.7891,1.00,4.30
2009.08.21 17:06:21.942,0.7889,0.7891,1.00,4.70
2009.08.21 17:06:23.873,0.78885,0.7891,1.00,4.70
2009.08.21 17:06:24.044,0.78885,0.78905,1.00,4.70
2009.08.21 17:06:26.462,0.78885,0.7891,10.40,4.80
2009.08.21 17:06:26.751,0.78885,0.7892,10.40,15.30
2009.08.21 17:06:27.811,0.78895,0.7892,1.00,15.10
2009.08.21 17:06:29.001,0.78895,0.7891,1.00,1.00
2009.08.21 17:06:30.030,0.7889,0.7891,1.00,1.00
2009.08.21 17:06:30.140,0.78885,0.7891,10.40,1.00
2009.08.21 17:06:30.350,0.78885,0.7891,8.00,1.00
2009.08.21 17:06:30.470,0.78885,0.78915,8.00,14.70
2009.08.21 17:06:30.700,0.78885,0.78915,4.00,14.70
2009.08.21 17:06:30.761,0.7888,0.78905,8.00,1.00
2009.08.21 17:06:30.871,0.7888,0.78905,4.00,1.00
2009.08.21 17:06:31.220,0.7888,0.78905,4.00,1.60
2009.08.21 17:06:31.710,0.7888,0.7891,4.00,7.30
2009.08.21 17:06:32.060,0.78885,0.7891,1.00,15.10
2009.08.21 17:06:32.980,0.7888,0.7891,4.00,7.30
2009.08.21 17:06:33.320,0.7888,0.78905,4.00,4.10
2009.08.21 17:06:33.670,0.78875,0.78905,8.00,4.10
2009.08.21 17:06:41.468,0.78875,0.789,8.00,1.00
2009.08.21 17:06:41.818,0.78875,0.78905,8.00,4.30
2009.08.21 17:06:42.208,0.78875,0.789,8.00,1.00
2009.08.21 17:06:42.507,0.78875,0.78905,12.00,4.10
2009.08.21 17:06:42.948,0.78875,0.78905,12.00,2.50
2009.08.21 17:06:43.228,0.78875,0.789,8.80,2.40
2009.08.21 17:06:43.457,0.78875,0.789,8.00,2.40
2009.08.21 17:06:43.627,0.7887,0.789,8.00,2.40
2009.08.21 17:06:44.907,0.7887,0.78895,8.00,1.00
2009.08.21 17:06:50.216,0.7887,0.78895,8.00,1.00
2009.08.21 17:06:50.556,0.7887,0.789,8.10,2.50
2009.08.21 17:06:50.946,0.7887,0.78895,8.00,1.00
2009.08.21 17:06:51.775,0.7887,0.78895,4.00,1.00
2009.08.21 17:06:52.106,0.78865,0.78895,17.70,1.00
2009.08.21 17:06:53.675,0.7887,0.78895,4.00,1.00
2009.08.21 17:06:55.544,0.78875,0.789,1.00,8.10
2009.08.21 17:06:55.714,0.7887,0.78895,4.00,1.00
2009.08.21 17:06:56.234,0.78875,0.78895,1.60,1.00
2009.08.21 17:06:56.354,0.78875,0.789,1.60,8.10
2009.08.21 17:06:56.644,0.78875,0.789,8.00,5.70
2009.08.21 17:06:57.714,0.78875,0.789,8.00,6.10
2009.08.21 17:06:58.004,0.7888,0.789,1.00,6.00
2009.08.21 17:06:58.224,0.78875,0.789,8.00,7.70
2009.08.21 17:07:14.700,0.7888,0.78895,1.00,1.00
2009.08.21 17:07:15.050,0.7888,0.78895,1.00,1.00
2009.08.21 17:07:16.189,0.7888,0.78895,1.00,1.00
2009.08.21 17:07:16.409,0.7888,0.78895,1.00,4.50
2009.08.21 17:07:17.759,0.78875,0.7889,1.70,1.00
2009.08.21 17:07:18.149,0.78875,0.78895,1.70,1.00
2009.08.21 17:07:18.599,0.7887,0.78895,9.70,1.00
2009.08.21 17:07:18.949,0.7887,0.78895,9.60,1.00
2009.08.21 17:07:20.578,0.7887,0.78895,9.60,1.00
2009.08.21 17:07:20.998,0.78875,0.789,12.00,2.10
2009.08.21 17:07:21.348,0.78875,0.789,12.00,1.00
2009.08.21 17:07:23.557,0.78885,0.789,1.00,1.00
2009.08.21 17:07:35.195,0.78885,0.78905,1.00,6.40
2009.08.21 17:07:35.545,0.78885,0.78905,1.00,4.00
2009.08.21 17:07:35.895,0.78885,0.78905,1.00,2.40
2009.08.21 17:07:42.393,0.78885,0.7891,1.00,7.70
2009.08.21 17:07:42.633,0.78885,0.78905,1.00,1.00
2009.08.21 17:07:42.863,0.78885,0.7891,1.00,4.50
2009.08.21 17:07:47.142,0.78885,0.7891,1.00,2.10
2009.08.21 17:07:47.372,0.78885,0.78915,8.10,9.90
2009.08.21 17:07:47.622,0.7889,0.78915,4.00,2.90
2009.08.21 17:07:47.952,0.7889,0.78915,4.00,1.00
2009.08.21 17:07:48.582,0.7889,0.78915,4.00,2.90
2009.08.21 17:07:48.942,0.7889,0.78915,4.00,1.00
2009.08.21 17:07:50.361,0.78895,0.7892,4.00,7.20
2009.08.21 17:07:50.701,0.78895,0.78925,8.00,10.40
2009.08.21 17:07:50.991,0.78895,0.78925,8.00,4.10
2009.08.21 17:07:52.611,0.78895,0.78925,8.00,10.40
2009.08.21 17:08:06.867,0.78895,0.78925,8.00,10.40
2009.08.21 17:08:07.497,0.7889,0.78925,12.90,10.40
2009.08.21 17:08:07.607,0.7889,0.7892,10.50,1.00
2009.08.21 17:08:07.917,0.78895,0.7892,1.00,1.00
2009.08.21 17:08:08.337,0.78895,0.7892,1.00,3.60
2009.08.21 17:08:08.627,0.78895,0.7892,8.00,3.60
2009.08.21 17:08:09.067,0.78895,0.7892,8.00,3.20
2009.08.21 17:08:09.307,0.78895,0.78925,8.00,19.70
2009.08.21 17:08:09.587,0.78895,0.78925,8.00,15.70
2009.08.21 17:08:09.976,0.78895,0.78925,8.00,10.10
2009.08.21 17:08:24.273,0.78885,0.78905,8.00,1.00
2009.08.21 17:08:24.633,0.78885,0.78905,1.00,1.00
2009.08.21 17:08:24.983,0.7888,0.78905,3.30,4.10
2009.08.21 17:08:25.043,0.7888,0.78905,3.30,1.70
2009.08.21 17:08:25.143,0.78875,0.7891,18.50,18.70
2009.08.21 17:08:25.384,0.78885,0.78915,4.00,18.30
2009.08.21 17:08:25.443,0.78885,0.78915,8.00,11.90
2009.08.21 17:08:25.563,0.78885,0.7891,8.00,3.20
2009.08.21 17:08:25.843,0.78885,0.78915,8.00,9.30
2009.08.21 17:08:26.023,0.78885,0.78915,8.00,13.30
2009.08.21 17:08:26.362,0.78885,0.78915,8.00,17.30
2009.08.21 17:08:27.232,0.78885,0.78915,8.00,10.40
2009.08.21 17:08:27.812,0.78885,0.7891,8.00,1.00
2009.08.21 17:08:28.152,0.78885,0.78915,8.00,15.10
2009.08.21 17:08:28.902,0.78885,0.7891,8.00,1.00
2009.08.21 17:08:28.962,0.78885,0.7891,8.00,2.00
2009.08.21 17:08:29.082,0.78885,0.7891,8.00,1.60
2009.08.21 17:08:29.192,0.78885,0.78915,8.00,18.10
2009.08.21 17:08:32.321,0.78885,0.78915,8.00,18.50
2009.08.21 17:08:32.961,0.78885,0.7891,8.00,1.00
2009.08.21 17:08:35.030,0.78885,0.78915,8.00,20.10
2009.08.21 17:08:35.252,0.78885,0.78915,8.00,18.50
2009.08.21 17:08:38.440,0.78885,0.78915,8.00,15.30
2009.08.21 17:08:38.499,0.78885,0.78915,8.00,10.40
2009.08.21 17:08:40.250,0.78885,0.78915,8.00,6.40
2009.08.21 17:08:40.779,0.78885,0.78915,8.00,7.30
2009.08.21 17:08:41.119,0.7889,0.78915,8.80,2.40
2009.08.21 17:08:41.469,0.789,0.78925,8.80,2.90
2009.08.21 17:08:41.819,0.789,0.7893,6.50,8.00
2009.08.21 17:08:42.169,0.78905,0.78935,8.00,13.70
2009.08.21 17:08:42.619,0.78905,0.7893,8.00,1.00
2009.08.21 17:08:42.949,0.78905,0.78935,8.00,13.70
2009.08.21 17:08:50.747,0.78905,0.78935,8.80,11.70
2009.08.21 17:08:50.977,0.7891,0.7894,4.50,11.90
2009.08.21 17:08:51.037,0.7891,0.7894,4.00,8.00
2009.08.21 17:08:51.607,0.78915,0.78945,4.00,16.10
2009.08.21 17:08:52.126,0.78915,0.7894,8.00,1.00
2009.08.21 17:08:52.946,0.7891,0.7894,12.10,1.00
2009.08.21 17:08:54.896,0.78915,0.78945,12.10,1.70
2009.08.21 17:08:55.286,0.7892,0.78945,4.00,1.70
2009.08.21 17:09:01.794,0.7893,0.78945,1.00,1.70
2009.08.21 17:09:02.814,0.7893,0.78945,1.00,1.30
2009.08.21 17:09:03.054,0.7893,0.78945,1.00,1.70
2009.08.21 17:09:05.133,0.7893,0.78945,1.00,1.30
2009.08.21 17:09:11.392,0.78925,0.7894,1.00,1.60
2009.08.21 17:09:11.672,0.7892,0.7894,5.70,1.30
2009.08.21 17:09:12.082,0.78925,0.7894,1.00,2.00
2009.08.21 17:09:12.532,0.78925,0.7894,1.00,1.00
2009.08.21 17:09:12.941,0.7893,0.78945,1.00,1.00
2009.08.21 17:09:15.651,0.7892,0.78945,4.00,1.00
2009.08.21 17:09:16.920,0.78925,0.78945,1.00,1.00
2009.08.21 17:09:19.290,0.7893,0.78945,1.00,1.00
2009.08.21 17:09:20.459,0.7892,0.78945,4.00,1.00
2009.08.21 17:09:21.149,0.7893,0.78945,1.00,1.00
2009.08.21 17:09:21.579,0.7892,0.78945,4.00,1.00
2009.08.21 17:09:22.869,0.7893,0.78945,1.00,1.00
2009.08.21 17:09:29.277,0.7893,0.78945,1.00,1.00
2009.08.21 17:09:32.247,0.7893,0.78945,1.00,1.00
2009.08.21 17:09:32.507,0.78925,0.78945,1.00,2.50
2009.08.21 17:09:32.736,0.78925,0.7894,1.00,1.00
2009.08.21 17:09:33.316,0.78925,0.78945,1.00,1.00
2009.08.21 17:09:33.656,0.78925,0.78945,1.00,1.00
2009.08.21 17:09:33.896,0.7893,0.78945,1.00,1.00
2009.08.21 17:09:36.935,0.7893,0.78945,1.00,1.00
2009.08.21 17:09:38.305,0.7893,0.78945,1.00,1.00
2009.08.21 17:09:45.793,0.7893,0.7894,1.00,1.00
2009.08.21 17:09:48.063,0.7892,0.7894,4.00,1.00
2009.08.21 17:09:48.513,0.7892,0.7894,1.00,1.00
2009.08.21 17:09:54.221,0.7892,0.7894,1.00,1.00
2009.08.21 17:09:54.521,0.7892,0.7894,1.00,1.00
2009.08.21 17:09:58.311,0.7892,0.7894,1.00,1.00
2009.08.21 17:10:14.347,0.78915,0.7894,14.40,1.00
2009.08.21 17:10:14.756,0.7891,0.78935,12.10,1.00
2009.08.21 17:10:21.925,0.7891,0.7894,12.10,2.10
2009.08.21 17:10:22.105,0.7892,0.7894,1.00,2.00
2009.08.21 17:10:22.515,0.7892,0.7894,1.70,1.60
2009.08.21 17:10:22.855,0.78925,0.78945,1.00,1.60
2009.08.21 17:10:23.814,0.78925,0.7894,1.00,1.00
2009.08.21 17:10:25.064,0.78915,0.7894,14.50,1.00
2009.08.21 17:10:25.284,0.7892,0.78935,1.00,1.00
2009.08.21 17:10:25.515,0.78915,0.78935,2.50,1.00
2009.08.21 17:10:25.794,0.78915,0.78935,1.70,1.00
2009.08.21 17:10:27.223,0.7892,0.78935,1.00,1.00
2009.08.21 17:10:28.023,0.78915,0.78935,1.70,1.00
2009.08.21 17:10:29.473,0.78915,0.7894,1.70,3.30
2009.08.21 17:10:29.983,0.78915,0.78945,10.40,7.10
2009.08.21 17:10:30.223,0.78915,0.78945,10.40,5.50
2009.08.21 17:10:31.712,0.7892,0.78945,1.00,5.50
2009.08.21 17:10:32.532,0.7892,0.7894,1.00,1.60
2009.08.21 17:10:35.951,0.7892,0.78945,1.00,5.90
2009.08.21 17:10:36.301,0.7892,0.78945,1.00,5.50
2009.08.21 17:10:39.331,0.7892,0.7894,1.00,1.60
2009.08.21 17:10:39.861,0.78925,0.78945,1.00,10.40
2009.08.21 17:10:40.321,0.78925,0.7895,12.10,1.00
2009.08.21 17:10:40.730,0.7893,0.78955,4.00,1.00
2009.08.21 17:10:41.350,0.78935,0.78955,1.00,1.00
2009.08.21 17:10:43.669,0.7893,0.78955,4.00,2.90
2009.08.21 17:10:44.009,0.78935,0.78955,1.00,4.40
2009.08.21 17:10:44.750,0.78925,0.78955,15.30,4.50
2009.08.21 17:10:45.599,0.78935,0.78955,1.00,4.40
2009.08.21 17:10:46.629,0.78925,0.78955,15.30,4.50
2009.08.21 17:10:46.909,0.78935,0.78955,1.00,4.40
2009.08.21 17:10:47.249,0.78925,0.78955,15.30,4.50
2009.08.21 17:10:47.549,0.78935,0.78955,1.00,4.40
2009.08.21 17:10:52.937,0.78935,0.78955,1.00,4.80
2009.08.21 17:10:53.407,0.78935,0.78955,1.00,5.50
2009.08.21 17:10:53.577,0.78935,0.7895,1.00,1.00
2009.08.21 17:10:53.807,0.78935,0.7895,1.00,1.00
2009.08.21 17:10:54.557,0.7893,0.7895,1.00,1.00
2009.08.21 17:10:54.897,0.78935,0.7895,1.00,1.00
2009.08.21 17:10:55.427,0.78935,0.7895,1.00,1.00
2009.08.21 17:10:55.776,0.78935,0.7895,1.00,1.00
2009.08.21 17:10:55.947,0.78935,0.7895,1.00,1.00
2009.08.21 17:10:56.397,0.7893,0.7895,1.00,1.00
2009.08.21 17:10:56.746,0.78935,0.7895,1.00,1.00
2009.08.21 17:10:57.086,0.7893,0.7895,1.00,1.00
2009.08.21 17:10:57.536,0.78935,0.7895,1.00,1.00
2009.08.21 17:10:57.886,0.78935,0.7895,1.00,1.00
2009.08.21 17:10:58.226,0.7893,0.7895,1.00,3.20
2009.08.21 17:10:59.026,0.7892,0.7895,8.10,4.80
2009.08.21 17:10:59.206,0.7892,0.7895,8.00,8.90
2009.08.21 17:10:59.376,0.7892,0.7895,8.10,4.80
2009.08.21 17:10:59.726,0.78925,0.78945,1.00,1.00
2009.08.21 17:11:00.126,0.78915,0.78935,1.00,2.80
2009.08.21 17:11:00.485,0.7891,0.78935,3.30,2.80
2009.08.21 17:11:00.836,0.78905,0.78935,12.00,2.80
2009.08.21 17:11:01.175,0.78905,0.78935,8.00,6.80
2009.08.21 17:11:01.595,0.78905,0.78935,3.20,12.10
2009.08.21 17:11:02.005,0.789,0.7893,8.10,2.80
2009.08.21 17:11:02.356,0.7891,0.7893,1.00,10.80
2009.08.21 17:11:02.775,0.789,0.7893,6.50,10.80
2009.08.21 17:11:03.165,0.7892,0.7893,2.00,8.00
2009.08.21 17:11:03.505,0.7892,0.78945,1.00,1.00
2009.08.21 17:11:03.865,0.7892,0.78945,4.80,1.00
2009.08.21 17:11:04.325,0.7892,0.78945,1.00,1.00
2009.08.21 17:11:05.174,0.78915,0.7894,17.70,1.00
2009.08.21 17:11:05.524,0.78915,0.7893,11.20,1.00
2009.08.21 17:11:05.814,0.78915,0.7893,8.00,1.00
2009.08.21 17:11:06.154,0.78915,0.7893,1.00,2.80
2009.08.21 17:11:06.504,0.78915,0.7893,1.00,4.00
2009.08.21 17:11:06.844,0.7892,0.78935,1.00,2.90
2009.08.21 17:11:07.534,0.7892,0.78935,1.00,1.00
2009.08.21 17:11:08.693,0.7892,0.78935,1.00,1.00
2009.08.21 17:11:09.204,0.7892,0.7894,1.00,5.60
2009.08.21 17:11:09.553,0.7892,0.78945,1.00,8.50
2009.08.21 17:11:11.783,0.78915,0.78945,8.00,6.70
2009.08.21 17:11:12.133,0.7891,0.78945,4.00,18.50
2009.08.21 17:11:13.212,0.78915,0.78945,1.00,18.30
2009.08.21 17:11:13.512,0.78915,0.78945,1.00,20.30
2009.08.21 17:11:15.332,0.7892,0.78945,1.00,11.20
2009.08.21 17:11:15.862,0.7892,0.7895,1.00,11.10
2009.08.21 17:11:16.242,0.7892,0.7895,4.80,10.40
2009.08.21 17:11:20.770,0.7892,0.78925,4.80,1.00
2009.08.21 17:11:21.071,0.78905,0.78925,17.60,1.00
2009.08.21 17:11:21.691,0.7891,0.7893,1.70,1.00
2009.08.21 17:11:22.020,0.7891,0.78935,1.70,8.30
2009.08.21 17:11:22.420,0.7891,0.78935,1.00,8.30
2009.08.21 17:11:22.903,0.78905,0.78925,1.70,1.00
2009.08.21 17:11:23.310,0.789,0.7892,4.80,1.00
2009.08.21 17:11:23.780,0.789,0.7891,4.00,2.80
2009.08.21 17:11:24.190,0.78895,0.78915,8.00,2.90
2009.08.21 17:11:24.650,0.7889,0.78915,4.00,4.50
2009.08.21 17:11:24.990,0.7889,0.7891,4.00,2.80
2009.08.21 17:11:25.490,0.78885,0.7891,12.00,4.40
2009.08.21 17:11:26.289,0.78885,0.7891,12.00,4.00
2009.08.21 17:11:26.509,0.7889,0.78915,4.00,4.90
2009.08.21 17:11:30.278,0.7889,0.78915,4.00,4.50
2009.08.21 17:11:31.478,0.7889,0.7891,4.00,1.00
2009.08.21 17:11:32.818,0.78885,0.7891,16.10,1.00
2009.08.21 17:11:33.148,0.7889,0.7891,1.00,1.00
2009.08.21 17:11:34.768,0.7889,0.78915,1.00,4.50
2009.08.21 17:11:38.796,0.78885,0.78915,12.10,4.50
2009.08.21 17:11:40.506,0.7889,0.78915,4.00,4.50
2009.08.21 17:11:42.695,0.789,0.78915,1.00,4.50
2009.08.21 17:11:43.055,0.7889,0.78915,8.00,1.00
2009.08.21 17:11:43.285,0.789,0.78915,1.00,1.00
2009.08.21 17:11:45.255,0.789,0.78915,1.00,1.00
2009.08.21 17:11:45.725,0.78885,0.78915,17.70,4.50
2009.08.21 17:11:46.074,0.7889,0.78915,4.00,4.90
2009.08.21 17:11:46.764,0.7889,0.78915,4.00,4.50
2009.08.21 17:11:49.474,0.7889,0.78915,4.80,4.50
2009.08.21 17:11:49.804,0.7889,0.78915,4.80,2.90
2009.08.21 17:11:51.063,0.7889,0.78915,1.00,2.90
2009.08.21 17:11:55.362,0.7889,0.78915,4.80,2.90
2009.08.21 17:11:56.912,0.7889,0.78915,1.00,2.90
2009.08.21 17:12:01.511,0.78895,0.7892,1.00,8.00
2009.08.21 17:12:01.911,0.78895,0.7892,1.00,1.00
2009.08.21 17:12:06.540,0.789,0.78925,1.00,2.90
2009.08.21 17:12:06.930,0.789,0.7893,1.00,14.90
2009.08.21 17:12:12.298,0.78895,0.78925,8.00,10.90
2009.08.21 17:12:13.968,0.7889,0.78925,10.50,10.90
2009.08.21 17:12:17.707,0.7889,0.78925,10.50,14.10
2009.08.21 17:12:17.997,0.7889,0.78925,10.50,14.90
2009.08.21 17:12:18.157,0.78895,0.78925,8.00,17.30
2009.08.21 17:12:22.696,0.7889,0.78925,10.50,17.30
2009.08.21 17:12:25.375,0.78895,0.78925,8.00,17.30
2009.08.21 17:12:31.214,0.78895,0.78925,1.00,17.30
2009.08.21 17:12:31.893,0.78895,0.7892,1.00,1.00
2009.08.21 17:12:36.662,0.78895,0.7892,1.00,6.00
2009.08.21 17:12:36.983,0.7889,0.7892,8.00,6.10
2009.08.21 17:12:42.641,0.78895,0.7892,1.00,6.00
2009.08.21 17:12:43.741,0.7889,0.7892,8.00,6.10
2009.08.21 17:12:44.101,0.7889,0.7892,8.00,3.70
2009.08.21 17:12:44.330,0.78895,0.7892,1.00,3.20
2009.08.21 17:12:45.850,0.78895,0.78925,1.00,17.30
2009.08.21 17:12:46.490,0.78895,0.78925,4.00,13.30
2009.08.21 17:12:46.780,0.78895,0.78925,1.00,9.30
2009.08.21 17:12:51.529,0.78895,0.78925,1.00,13.30
2009.08.21 17:12:51.879,0.78895,0.78925,1.00,17.30
2009.08.21 17:12:58.257,0.78895,0.78925,1.00,16.90
2009.08.21 17:12:58.768,0.78895,0.7892,1.00,1.00
2009.08.21 17:13:00.736,0.78895,0.7892,1.00,1.00
2009.08.21 17:13:02.336,0.78895,0.7892,1.00,1.00
2009.08.21 17:13:06.505,0.7889,0.7891,1.00,1.00
2009.08.21 17:13:12.434,0.78885,0.78905,1.00,1.00
2009.08.21 17:13:12.724,0.78885,0.78905,1.00,1.00
2009.08.21 17:13:17.403,0.78885,0.78905,8.00,1.00
2009.08.21 17:13:21.452,0.78885,0.789,1.00,1.00
2009.08.21 17:13:29.330,0.78885,0.78905,1.00,1.00
2009.08.21 17:13:31.819,0.7889,0.7891,1.60,9.70
2009.08.21 17:13:32.169,0.789,0.7891,2.40,1.00
2009.08.21 17:13:32.689,0.7891,0.78915,1.00,1.00
2009.08.21 17:13:33.149,0.7891,0.78935,8.00,1.00
2009.08.21 17:13:33.489,0.7891,0.78935,8.00,1.00
2009.08.21 17:13:33.769,0.7891,0.78935,1.00,1.00
2009.08.21 17:13:40.897,0.7891,0.78935,1.00,1.00
2009.08.21 17:13:41.007,0.78905,0.78935,14.50,1.00
2009.08.21 17:13:41.377,0.78905,0.78935,12.10,1.00
2009.08.21 17:13:41.607,0.78905,0.78935,12.10,1.00
2009.08.21 17:13:44.166,0.78895,0.78925,15.30,1.00
2009.08.21 17:13:44.556,0.78895,0.78925,12.10,1.00
2009.08.21 17:13:49.005,0.78905,0.7893,1.00,4.00
2009.08.21 17:13:49.115,0.78905,0.7893,1.00,7.60
2009.08.21 17:13:49.405,0.78905,0.7893,1.00,3.60
2009.08.21 17:13:49.515,0.78905,0.7893,1.00,8.00
2009.08.21 17:13:54.094,0.789,0.7893,4.10,8.00
2009.08.21 17:13:54.433,0.789,0.7893,6.50,8.00
2009.08.21 17:13:57.753,0.789,0.7893,6.50,4.00
2009.08.21 17:13:58.033,0.789,0.78935,10.50,17.30
2009.08.21 17:13:58.443,0.789,0.78935,10.50,13.30
2009.08.21 17:13:59.872,0.789,0.7893,10.50,1.00
2009.08.21 17:14:12.329,0.78905,0.7893,2.50,1.00
2009.08.21 17:14:12.499,0.78905,0.7893,1.00,1.00
2009.08.21 17:14:16.948,0.78905,0.7893,8.00,1.00
2009.08.21 17:14:31.425,0.7891,0.7893,1.00,1.00
2009.08.21 17:14:32.135,0.78905,0.7893,8.00,1.00
2009.08.21 17:14:39.713,0.78905,0.78935,8.00,9.30
2009.08.21 17:14:40.003,0.7891,0.78935,1.00,9.30
2009.08.21 17:14:42.672,0.78905,0.78935,8.00,9.30
2009.08.21 17:14:43.492,0.78905,0.7893,8.00,1.00
2009.08.21 17:14:48.241,0.7891,0.7893,1.00,1.00
2009.08.21 17:14:52.350,0.7891,0.7894,1.00,17.30
2009.08.21 17:14:54.129,0.78905,0.7894,8.00,17.30
2009.08.21 17:14:54.349,0.78905,0.78935,4.00,9.30
2009.08.21 17:14:54.519,0.789,0.7893,10.50,1.00
2009.08.21 17:14:55.339,0.789,0.78935,10.90,12.90
2009.08.21 17:14:55.689,0.78905,0.78935,8.00,4.90
2009.08.21 17:14:56.039,0.7891,0.7894,1.00,17.70
2009.08.21 17:14:56.329,0.7891,0.78935,1.00,4.90
2009.08.21 17:14:56.609,0.78905,0.7894,8.00,16.90
2009.08.21 17:14:57.399,0.7891,0.78935,4.40,1.00
2009.08.21 17:14:57.739,0.7892,0.7895,4.00,6.80
2009.08.21 17:14:58.079,0.78925,0.7895,8.00,1.30
2009.08.21 17:14:58.568,0.78925,0.78945,8.00,1.00
2009.08.21 17:14:59.089,0.78925,0.7895,8.00,1.60
2009.08.21 17:14:59.208,0.78925,0.78945,8.00,1.00
2009.08.21 17:15:00.428,0.78925,0.7895,8.00,1.00
2009.08.21 17:15:00.818,0.78925,0.78945,8.00,1.00
2009.08.21 17:15:02.479,0.78925,0.78945,8.00,2.40
2009.08.21 17:15:02.937,0.7892,0.7895,4.00,12.10
2009.08.21 17:15:03.407,0.78925,0.78945,1.70,1.00
2009.08.21 17:15:03.767,0.78925,0.7894,1.00,1.00
2009.08.21 17:15:04.247,0.78935,0.7895,1.00,1.70
2009.08.21 17:15:04.597,0.7892,0.7894,17.30,1.00
2009.08.21 17:15:04.896,0.7892,0.78945,4.00,2.40
2009.08.21 17:15:05.227,0.78925,0.78945,1.00,2.50
2009.08.21 17:15:05.966,0.7892,0.78935,4.00,1.00
2009.08.21 17:15:06.306,0.78925,0.7894,1.00,1.00
2009.08.21 17:15:06.426,0.7892,0.78945,4.00,2.50
2009.08.21 17:15:06.776,0.7892,0.78935,4.00,1.00
2009.08.21 17:15:07.186,0.78925,0.7894,1.00,1.00
2009.08.21 17:15:10.065,0.78935,0.7895,4.00,3.20
2009.08.21 17:15:10.626,0.78935,0.78955,8.00,1.00
2009.08.21 17:15:11.365,0.78935,0.7896,8.00,2.50
2009.08.21 17:15:11.586,0.78935,0.78965,8.00,14.50
2009.08.21 17:15:11.875,0.78935,0.7896,8.00,2.50
2009.08.21 17:15:13.035,0.78935,0.7896,8.00,2.40
2009.08.21 17:15:14.764,0.78935,0.7896,8.00,2.50
2009.08.21 17:15:15.284,0.78935,0.7896,8.00,2.40
2009.08.21 17:15:16.534,0.78935,0.7896,8.00,2.50
2009.08.21 17:15:16.814,0.78935,0.7896,8.00,2.40
2009.08.21 17:15:17.104,0.78935,0.7896,8.00,2.50
2009.08.21 17:15:17.404,0.78935,0.7896,8.00,3.10
2009.08.21 17:15:17.693,0.78935,0.7896,8.00,12.10
2009.08.21 17:15:18.673,0.7893,0.7896,4.00,12.10
2009.08.21 17:15:19.313,0.7893,0.7896,4.80,8.10
2009.08.21 17:15:20.563,0.7893,0.7896,5.60,8.00
2009.08.21 17:15:20.953,0.7894,0.7896,4.00,5.60
2009.08.21 17:15:21.463,0.7893,0.7896,8.00,2.40
2009.08.21 17:15:22.622,0.7893,0.7896,8.00,2.50
2009.08.21 17:15:24.192,0.7893,0.78955,7.20,2.40
2009.08.21 17:15:24.435,0.7893,0.78955,4.00,2.40
2009.08.21 17:15:24.662,0.7894,0.7896,1.00,21.50
2009.08.21 17:15:25.072,0.7893,0.78955,4.00,2.40
2009.08.21 17:15:25.352,0.7893,0.78945,3.30,1.00
2009.08.21 17:15:25.582,0.7893,0.78945,1.00,1.00
2009.08.21 17:15:25.822,0.78925,0.78945,4.00,1.00
2009.08.21 17:15:26.172,0.7892,0.78945,8.00,1.00
2009.08.21 17:15:26.622,0.7892,0.78945,4.00,1.00
2009.08.21 17:15:26.951,0.78915,0.78935,8.00,4.10
2009.08.21 17:15:27.301,0.78905,0.78935,4.00,12.50
2009.08.21 17:15:27.822,0.7891,0.78935,1.00,12.50
2009.08.21 17:15:28.621,0.78915,0.7893,1.00,1.00
2009.08.21 17:15:29.371,0.78905,0.7893,4.00,1.00
2009.08.21 17:15:29.421,0.78905,0.7893,12.00,1.00
2009.08.21 17:15:29.531,0.78915,0.7893,1.00,1.00
2009.08.21 17:15:29.751,0.78905,0.7893,12.00,1.00
2009.08.21 17:15:29.871,0.78915,0.7893,1.00,1.00
2009.08.21 17:15:30.391,0.78905,0.7893,12.00,1.00
2009.08.21 17:15:30.741,0.7891,0.78935,1.00,2.50
2009.08.21 17:15:31.430,0.7891,0.78935,8.00,2.50
2009.08.21 17:15:31.880,0.7891,0.78935,8.10,2.40
2009.08.21 17:15:33.070,0.7891,0.78935,4.00,2.50
2009.08.21 17:15:33.760,0.7891,0.78935,4.00,1.00
2009.08.21 17:15:34.050,0.7891,0.78935,8.00,1.00
2009.08.21 17:15:35.279,0.7891,0.78935,11.20,1.00
2009.08.21 17:15:35.609,0.78915,0.78945,4.00,8.00
2009.08.21 17:15:35.929,0.78925,0.78945,1.00,4.00
2009.08.21 17:15:36.159,0.78925,0.78955,12.00,6.50
2009.08.21 17:15:36.400,0.78925,0.78955,4.00,8.00
2009.08.21 17:15:36.929,0.78925,0.78955,8.00,4.10
2009.08.21 17:15:37.579,0.7893,0.78955,1.00,4.10
2009.08.21 17:15:38.399,0.78925,0.78955,8.00,4.10
2009.08.21 17:15:38.849,0.7892,0.7895,8.00,1.00
2009.08.21 17:15:39.138,0.7892,0.7895,4.00,8.00
2009.08.21 17:15:39.418,0.7892,0.7895,8.00,1.00
2009.08.21 17:15:39.688,0.7892,0.7895,4.00,4.00
2009.08.21 17:15:40.078,0.7892,0.78955,8.00,16.90
2009.08.21 17:15:40.768,0.7892,0.78955,8.10,16.90
2009.08.21 17:15:41.888,0.7892,0.78955,8.00,18.10
2009.08.21 17:15:42.247,0.7892,0.78945,4.00,4.10
2009.08.21 17:15:42.587,0.7891,0.78935,4.00,2.40
2009.08.21 17:15:42.937,0.78905,0.78935,4.00,10.40
2009.08.21 17:15:43.627,0.78905,0.78935,4.00,10.50
2009.08.21 17:15:43.967,0.78905,0.78935,4.00,10.40
2009.08.21 17:15:44.287,0.7891,0.78935,1.00,4.00
2009.08.21 17:15:44.407,0.7891,0.78945,4.80,21.50
2009.08.21 17:15:44.697,0.78915,0.78945,4.00,8.00
2009.08.21 17:15:45.097,0.7892,0.7895,4.00,8.80
2009.08.21 17:15:45.587,0.7892,0.78955,10.40,12.90
2009.08.21 17:15:46.317,0.7892,0.7895,10.40,1.00
2009.08.21 17:15:47.166,0.78925,0.7895,8.00,1.00
2009.08.21 17:15:50.176,0.78925,0.7894,8.00,1.00
2009.08.21 17:15:50.396,0.78925,0.78935,8.00,2.40
2009.08.21 17:15:50.746,0.78915,0.7893,4.00,1.00
2009.08.21 17:15:51.136,0.7891,0.7893,4.00,1.00
2009.08.21 17:15:52.185,0.7891,0.7893,4.00,1.00
2009.08.21 17:15:52.535,0.78905,0.7893,8.00,2.00
2009.08.21 17:15:59.224,0.78905,0.7893,8.00,1.00
2009.08.21 17:15:59.563,0.78905,0.78935,12.00,2.90
2009.08.21 17:15:59.784,0.78915,0.78945,4.00,1.00
2009.08.21 17:16:00.553,0.7892,0.7895,4.00,6.70
2009.08.21 17:16:07.672,0.7892,0.78945,4.00,1.00
2009.08.21 17:16:07.911,0.78915,0.78945,12.10,1.00
2009.08.21 17:16:17.749,0.7892,0.7894,1.00,1.00
2009.08.21 17:16:18.189,0.7892,0.7894,1.00,1.00
2009.08.21 17:16:18.539,0.7892,0.7894,1.00,1.00
2009.08.21 17:16:22.408,0.78915,0.78945,12.10,2.90
2009.08.21 17:16:22.768,0.78915,0.78945,12.10,1.00
2009.08.21 17:16:29.117,0.7892,0.78945,1.00,1.00
2009.08.21 17:16:29.347,0.7892,0.7894,1.00,1.00
2009.08.21 17:16:39.484,0.78915,0.78945,12.10,1.00
2009.08.21 17:16:39.714,0.78915,0.7894,12.10,1.00
2009.08.21 17:16:40.454,0.78915,0.7894,8.90,1.00
2009.08.21 17:16:40.694,0.7892,0.7894,1.00,1.00
2009.08.21 17:16:45.052,0.78915,0.7894,8.00,1.00
2009.08.21 17:16:45.172,0.78915,0.78935,4.00,1.00
2009.08.21 17:16:45.453,0.78915,0.7894,1.00,1.20
2009.08.21 17:16:45.742,0.78915,0.7894,8.00,1.60
2009.08.21 17:16:46.013,0.78915,0.7894,8.00,2.00
2009.08.21 17:16:50.581,0.7891,0.7894,8.10,2.00
2009.08.21 17:16:52.381,0.7891,0.7894,8.10,2.40
2009.08.21 17:16:53.181,0.7891,0.7894,8.10,1.00
2009.08.21 17:16:53.471,0.78915,0.78945,4.00,10.90
2009.08.21 17:16:54.520,0.78915,0.78945,12.00,10.90
2009.08.21 17:16:54.740,0.78915,0.78945,12.00,2.90
2009.08.21 17:16:57.999,0.7892,0.78945,4.00,2.90
2009.08.21 17:16:58.799,0.7892,0.7894,4.00,1.00
2009.08.21 17:16:59.199,0.7892,0.78945,4.00,2.90
2009.08.21 17:16:59.649,0.7892,0.78945,1.00,2.90
2009.08.21 17:17:00.809,0.78915,0.78945,17.70,2.90
2009.08.21 17:17:04.298,0.78925,0.78945,1.00,2.80
2009.08.21 17:17:04.518,0.7892,0.78945,7.30,2.40
2009.08.21 17:17:04.758,0.7892,0.7895,8.10,4.50
2009.08.21 17:17:04.988,0.7892,0.7895,8.10,1.20
2009.08.21 17:17:05.278,0.78925,0.7895,12.00,1.00
2009.08.21 17:17:05.548,0.78925,0.78955,12.00,1.00
2009.08.21 17:17:05.898,0.78925,0.7895,12.00,1.00
2009.08.21 17:17:06.248,0.7893,0.78955,1.00,1.00
2009.08.21 17:17:06.648,0.78935,0.7896,4.00,10.80
2009.08.21 17:17:06.937,0.78935,0.7897,12.00,15.70
2009.08.21 17:17:19.844,0.78935,0.7897,12.00,15.50
2009.08.21 17:17:20.004,0.78935,0.7897,12.00,14.70
2009.08.21 17:17:20.354,0.78935,0.78965,12.00,4.00
2009.08.21 17:17:20.694,0.78935,0.78965,12.00,8.00
2009.08.21 17:17:30.062,0.78935,0.78965,4.00,8.00
2009.08.21 17:17:38.090,0.78935,0.7896,1.00,4.00
2009.08.21 17:17:38.430,0.7893,0.7896,4.80,4.10
2009.08.21 17:17:39.040,0.7893,0.7896,4.80,3.70
2009.08.21 17:17:39.320,0.78935,0.7896,1.00,3.60
2009.08.21 17:17:39.430,0.78935,0.7896,1.00,1.00
2009.08.21 17:17:39.489,0.7893,0.7896,4.80,1.00
2009.08.21 17:17:47.847,0.7893,0.78955,4.80,1.00
2009.08.21 17:17:48.237,0.7893,0.7896,4.80,1.00
2009.08.21 17:17:48.587,0.78935,0.7896,1.00,1.00
2009.08.21 17:17:48.927,0.7893,0.7896,4.80,1.00
2009.08.21 17:17:49.267,0.78935,0.78965,1.00,18.10
2009.08.21 17:17:50.527,0.7893,0.78965,8.10,18.10
2009.08.21 17:17:50.827,0.7893,0.78965,8.10,17.90
2009.08.21 17:17:51.187,0.7893,0.78965,8.10,17.10
2009.08.21 17:17:55.046,0.7893,0.78955,8.00,1.00
2009.08.21 17:17:55.327,0.7893,0.78945,4.00,2.80
2009.08.21 17:17:55.736,0.7891,0.78945,14.40,14.70
2009.08.21 17:17:56.016,0.78915,0.78945,8.00,17.10
2009.08.21 17:17:56.525,0.78915,0.7894,8.00,1.00
2009.08.21 17:17:56.985,0.7891,0.7894,8.00,1.00
2009.08.21 17:17:57.335,0.78915,0.7894,1.00,1.00
2009.08.21 17:17:58.135,0.7891,0.7894,8.00,1.00
2009.08.21 17:17:58.755,0.78915,0.7894,1.00,1.00
2009.08.21 17:17:59.385,0.78915,0.7894,4.00,1.00
2009.08.21 17:17:59.565,0.78915,0.7894,8.00,1.00
2009.08.21 17:18:01.134,0.7891,0.78935,4.80,2.80
2009.08.21 17:18:01.594,0.7891,0.78935,4.00,2.80
2009.08.21 17:18:01.864,0.78905,0.78935,15.20,10.80
2009.08.21 17:18:02.124,0.78905,0.78935,12.00,10.80
2009.08.21 17:18:02.814,0.78905,0.78935,12.00,2.90
2009.08.21 17:18:03.324,0.78905,0.78935,12.00,2.80
2009.08.21 17:18:03.934,0.78905,0.7893,12.00,1.00
2009.08.21 17:18:04.444,0.78905,0.7893,8.90,1.00
2009.08.21 17:18:04.783,0.78905,0.7892,8.00,1.00
2009.08.21 17:18:05.074,0.78895,0.7892,4.00,1.00
2009.08.21 17:18:05.883,0.789,0.7892,1.00,1.00
2009.08.21 17:18:08.392,0.789,0.78925,1.00,14.70
2009.08.21 17:18:09.542,0.7889,0.78925,8.10,14.70
2009.08.21 17:18:10.642,0.7889,0.78925,8.10,14.30
2009.08.21 17:18:11.093,0.78895,0.78925,14.40,1.00
2009.08.21 17:18:16.880,0.789,0.78925,8.00,1.00
2009.08.21 17:18:17.291,0.789,0.78915,4.00,1.00
2009.08.21 17:18:17.871,0.7889,0.78915,4.00,6.70
2009.08.21 17:18:18.170,0.78875,0.78905,19.30,1.00
2009.08.21 17:18:18.500,0.7888,0.7891,4.00,4.30
2009.08.21 17:18:19.890,0.78885,0.7891,1.00,4.30
2009.08.21 17:18:21.040,0.7888,0.78905,4.00,1.00
2009.08.21 17:18:21.260,0.78875,0.78905,15.30,1.00
2009.08.21 17:18:21.550,0.78875,0.78895,8.00,1.00
2009.08.21 17:18:21.789,0.7887,0.789,8.00,1.00
2009.08.21 17:18:22.449,0.78875,0.789,8.00,1.00
2009.08.21 17:18:22.969,0.78875,0.78895,8.00,1.00
2009.08.21 17:18:23.359,0.78875,0.78905,12.00,5.30
2009.08.21 17:18:23.709,0.7888,0.7891,8.00,6.80
2009.08.21 17:18:24.059,0.7888,0.78905,8.00,1.00
2009.08.21 17:18:24.669,0.7888,0.78905,8.10,1.00
2009.08.21 17:18:25.648,0.7889,0.78905,1.00,1.00
2009.08.21 17:18:27.828,0.78885,0.7891,12.10,1.00
2009.08.21 17:18:28.168,0.78885,0.7891,12.10,1.00
2009.08.21 17:18:28.918,0.7889,0.7891,4.00,1.00
2009.08.21 17:18:29.248,0.78885,0.78905,8.00,1.00
2009.08.21 17:18:29.587,0.7888,0.78905,10.50,1.00
2009.08.21 17:18:34.446,0.78885,0.789,1.00,1.00
2009.08.21 17:18:35.156,0.78875,0.789,12.00,1.00
2009.08.21 17:18:36.236,0.78885,0.789,1.00,1.00
2009.08.21 17:18:36.466,0.78875,0.789,12.00,1.00
2009.08.21 17:18:36.756,0.78885,0.789,1.00,1.00
2009.08.21 17:18:43.584,0.78885,0.789,1.00,2.50
2009.08.21 17:18:43.814,0.7888,0.78895,1.00,1.00
2009.08.21 17:18:44.394,0.78875,0.78905,1.70,16.30
2009.08.21 17:18:44.615,0.78875,0.789,4.00,2.00
2009.08.21 17:18:44.964,0.78875,0.789,12.10,1.00
2009.08.21 17:18:45.363,0.78885,0.789,1.00,1.00
2009.08.21 17:18:46.163,0.78885,0.789,1.00,1.00
2009.08.21 17:18:46.513,0.78885,0.7891,4.00,10.40
2009.08.21 17:18:47.023,0.78885,0.7891,12.00,1.00
2009.08.21 17:18:47.763,0.78895,0.7891,1.00,1.00
2009.08.21 17:18:49.263,0.78885,0.7891,4.00,2.90
2009.08.21 17:18:54.001,0.78885,0.78905,4.00,1.00
2009.08.21 17:18:57.641,0.78885,0.7891,4.00,2.90
2009.08.21 17:19:02.239,0.78885,0.78905,4.00,1.60
2009.08.21 17:19:02.420,0.7888,0.789,10.40,2.80
2009.08.21 17:19:02.540,0.78885,0.7889,2.40,1.00
2009.08.21 17:19:02.760,0.7888,0.7889,4.00,1.00
2009.08.21 17:19:02.869,0.7887,0.7889,4.80,1.00
2009.08.21 17:19:04.999,0.78875,0.7889,1.00,1.00
2009.08.21 17:19:07.818,0.7888,0.78895,4.00,2.40
2009.08.21 17:19:08.278,0.7889,0.7891,4.00,8.00
2009.08.21 17:19:08.678,0.789,0.7892,2.40,1.00
2009.08.21 17:19:09.008,0.789,0.7893,12.00,1.00
2009.08.21 17:19:09.398,0.78905,0.7893,8.00,1.00
2009.08.21 17:19:09.628,0.7891,0.7893,1.00,1.00
2009.08.21 17:19:10.088,0.78905,0.7893,8.00,2.90
2009.08.21 17:19:10.258,0.789,0.7893,8.10,2.90
2009.08.21 17:19:25.764,0.789,0.7893,10.50,1.00
2009.08.21 17:19:25.824,0.78905,0.7893,4.80,1.00
2009.08.21 17:19:26.094,0.78905,0.7893,12.00,1.00
2009.08.21 17:19:27.553,0.78915,0.7893,1.00,1.00
2009.08.21 17:19:35.612,0.78915,0.7893,1.00,1.30
2009.08.21 17:19:36.011,0.78905,0.78915,1.00,1.00
2009.08.21 17:19:36.341,0.78895,0.7891,8.00,1.00
2009.08.21 17:19:36.691,0.78895,0.7891,1.00,1.00
2009.08.21 17:19:37.031,0.78895,0.7892,1.00,22.90
2009.08.21 17:19:37.561,0.78895,0.7892,1.00,16.50
2009.08.21 17:19:37.901,0.78895,0.7892,1.00,12.50
2009.08.21 17:19:38.731,0.78895,0.7892,1.00,20.50
2009.08.21 17:19:40.260,0.78895,0.7892,1.00,19.70
2009.08.21 17:19:40.380,0.78895,0.7892,1.00,17.30
2009.08.21 17:19:40.830,0.78895,0.7892,1.00,14.10
2009.08.21 17:19:42.160,0.7889,0.7892,8.10,14.10
2009.08.21 17:19:42.280,0.7889,0.7892,8.10,10.90
2009.08.21 17:19:42.450,0.7889,0.7892,10.50,10.90
2009.08.21 17:19:53.017,0.7889,0.7892,14.50,8.00
2009.08.21 17:19:53.317,0.78895,0.7892,8.00,1.00
2009.08.21 17:19:54.527,0.78905,0.7892,1.00,1.00
2009.08.21 17:20:07.544,0.78895,0.7892,4.00,6.90
2009.08.21 17:20:07.845,0.78895,0.7892,1.00,10.90
2009.08.21 17:20:08.393,0.78895,0.7892,1.70,10.90
2009.08.21 17:20:08.904,0.78895,0.7892,8.00,1.00
2009.08.21 17:20:09.414,0.78895,0.78915,8.00,1.00
2009.08.21 17:20:09.893,0.789,0.78915,1.00,1.00
2009.08.21 17:20:10.803,0.789,0.78915,1.00,2.50
2009.08.21 17:20:20.411,0.789,0.78915,1.00,1.00
2009.08.21 17:20:21.510,0.78895,0.7891,1.00,1.00
2009.08.21 17:20:22.710,0.78895,0.7891,1.00,1.00
2009.08.21 17:20:27.129,0.78895,0.7891,1.00,1.00
2009.08.21 17:20:27.699,0.7889,0.78905,1.00,1.00
2009.08.21 17:20:27.919,0.7889,0.7891,1.00,1.00
2009.08.21 17:20:28.361,0.7889,0.7891,1.00,1.00
2009.08.21 17:20:29.348,0.78895,0.7891,1.00,1.00
2009.08.21 17:20:30.678,0.78895,0.78915,1.00,8.00
2009.08.21 17:20:30.978,0.78895,0.7892,1.00,20.50
2009.08.21 17:20:31.328,0.78895,0.7892,1.00,14.10
2009.08.21 17:20:33.437,0.78895,0.7892,1.00,14.50
2009.08.21 17:20:37.066,0.78895,0.78915,1.00,1.00
2009.08.21 17:20:49.503,0.78895,0.78915,1.00,1.00
2009.08.21 17:20:49.724,0.78895,0.7891,1.00,1.00
2009.08.21 17:20:52.293,0.78895,0.7891,1.00,1.00
2009.08.21 17:21:05.310,0.78895,0.7891,1.00,1.00
2009.08.21 17:21:07.169,0.78895,0.7891,1.00,1.00
2009.08.21 17:21:43.001,0.78895,0.78915,1.00,8.00
2009.08.21 17:21:43.511,0.78905,0.7892,2.00,1.00
2009.08.21 17:21:43.861,0.7891,0.7893,4.00,1.00
2009.08.21 17:21:44.201,0.78905,0.7893,8.00,1.00
2009.08.21 17:21:44.541,0.78905,0.78925,1.00,2.80
2009.08.21 17:21:44.941,0.78895,0.78925,17.60,2.80
2009.08.21 17:21:45.680,0.78895,0.78925,17.60,2.90
2009.08.21 17:21:46.800,0.78895,0.78925,17.60,2.50
2009.08.21 17:21:47.810,0.78895,0.78925,12.00,2.50
2009.08.21 17:21:52.429,0.78895,0.78925,12.00,1.00
2009.08.21 17:21:52.599,0.789,0.78925,4.00,1.00
2009.08.21 17:21:52.948,0.789,0.78925,1.00,1.00
2009.08.21 17:21:53.628,0.78895,0.78925,12.00,2.50
2009.08.21 17:21:53.928,0.78895,0.78925,12.00,2.90
2009.08.21 17:21:54.278,0.78895,0.78925,12.00,3.30
2009.08.21 17:21:54.668,0.78895,0.7892,12.00,1.00
2009.08.21 17:21:55.008,0.78895,0.7891,8.00,1.00
2009.08.21 17:21:55.299,0.78895,0.7891,1.00,1.00
2009.08.21 17:21:55.628,0.78895,0.78915,1.00,2.80
2009.08.21 17:21:58.967,0.7889,0.78915,8.10,2.80
2009.08.21 17:21:59.197,0.7889,0.7892,8.10,3.20
2009.08.21 17:21:59.727,0.78895,0.78925,12.00,2.90
2009.08.21 17:22:23.541,0.78895,0.78915,8.00,2.40
2009.08.21 17:22:24.041,0.78895,0.78915,1.00,2.80
2009.08.21 17:23:02.092,0.789,0.78915,1.00,1.00
2009.08.21 17:23:02.482,0.789,0.78915,1.00,1.00
2009.08.21 17:23:04.291,0.789,0.78915,1.00,1.00
2009.08.21 17:23:08.150,0.789,0.78915,1.00,1.00
2009.08.21 17:23:15.568,0.7889,0.78905,1.00,1.00
2009.08.21 17:23:15.669,0.7889,0.7891,1.00,2.10
2009.08.21 17:23:15.849,0.7889,0.7891,1.00,1.00
2009.08.21 17:23:17.438,0.78895,0.7891,1.00,1.00
2009.08.21 17:23:35.864,0.78895,0.7891,1.00,1.00
2009.08.21 17:23:37.423,0.78895,0.78915,1.00,2.80
2009.08.21 17:23:43.232,0.78895,0.78915,1.00,2.40
2009.08.21 17:23:44.951,0.78895,0.78915,1.70,2.40
2009.08.21 17:23:45.282,0.789,0.7892,1.00,1.60
2009.08.21 17:23:45.621,0.789,0.78925,4.00,2.50
2009.08.21 17:23:45.971,0.78895,0.78925,12.00,2.50
2009.08.21 17:23:49.380,0.78895,0.7892,8.00,1.00
2009.08.21 17:23:49.560,0.78895,0.7892,4.00,1.00
2009.08.21 17:23:49.930,0.78895,0.7892,12.00,1.00
2009.08.21 17:23:51.420,0.78895,0.78925,12.00,2.50
2009.08.21 17:23:54.289,0.78895,0.78925,12.00,4.10
2009.08.21 17:23:54.639,0.78895,0.78915,1.00,4.40
2009.08.21 17:23:54.979,0.7889,0.7891,3.30,1.00
2009.08.21 17:23:55.249,0.7889,0.7891,1.00,1.00
2009.08.21 17:23:56.589,0.7889,0.7891,1.00,1.60
2009.08.21 17:23:56.829,0.7889,0.78905,1.00,1.00
2009.08.21 17:23:57.418,0.7889,0.7891,1.00,6.00
2009.08.21 17:23:57.579,0.7889,0.78905,1.00,1.00
2009.08.21 17:23:57.808,0.7889,0.7891,1.00,6.00
2009.08.21 17:23:58.148,0.7889,0.7891,1.00,3.60
2009.08.21 17:23:58.598,0.7889,0.7891,1.00,2.00
2009.08.21 17:24:00.688,0.7889,0.7891,1.00,1.20
2009.08.21 17:24:00.918,0.7889,0.7891,1.00,2.00
2009.08.21 17:24:01.148,0.7889,0.78905,1.00,1.70
2009.08.21 17:24:01.677,0.7889,0.78905,1.00,1.00
2009.08.21 17:24:08.526,0.78895,0.7891,1.00,4.50
2009.08.21 17:24:08.876,0.78895,0.7891,1.00,1.00
2009.08.21 17:24:09.217,0.78885,0.78915,16.10,6.50
2009.08.21 17:24:09.496,0.7889,0.78915,1.00,6.50
2009.08.21 17:24:10.515,0.78895,0.7891,1.00,1.00
2009.08.21 17:24:12.655,0.78905,0.7892,1.00,4.00
2009.08.21 17:24:13.005,0.78905,0.78925,1.00,8.10
2009.08.21 17:24:13.814,0.789,0.78925,1.60,8.10
2009.08.21 17:24:14.044,0.78905,0.78925,1.00,8.10
2009.08.21 17:24:14.604,0.789,0.78925,1.60,8.10
2009.08.21 17:24:14.904,0.78905,0.78925,1.00,8.10
2009.08.21 17:24:15.364,0.789,0.78925,1.60,8.10
2009.08.21 17:24:15.584,0.789,0.78915,1.70,1.00
2009.08.21 17:24:15.704,0.789,0.78925,1.60,8.10
2009.08.21 17:24:16.014,0.78905,0.78925,1.00,8.10
2009.08.21 17:24:16.184,0.789,0.78925,1.60,8.10
2009.08.21 17:24:16.714,0.78905,0.78925,1.00,8.10
2009.08.21 17:24:17.004,0.789,0.78915,1.70,1.00
2009.08.21 17:24:17.284,0.789,0.78925,1.60,8.10
2009.08.21 17:24:17.583,0.78905,0.78925,1.00,8.10
2009.08.21 17:24:17.864,0.789,0.78925,1.60,8.10
2009.08.21 17:24:18.153,0.78905,0.78925,1.00,8.10
2009.08.21 17:24:18.543,0.789,0.78915,1.70,1.00
2009.08.21 17:24:18.993,0.78905,0.78925,1.00,8.10
2009.08.21 17:24:19.683,0.789,0.78925,1.60,8.10
2009.08.21 17:24:20.083,0.78905,0.78925,1.00,8.10
2009.08.21 17:24:20.383,0.789,0.78925,1.60,8.10
2009.08.21 17:24:21.303,0.789,0.7892,1.70,1.60
2009.08.21 17:24:21.483,0.78905,0.78925,1.00,8.10
2009.08.21 17:24:21.763,0.789,0.7892,1.70,1.60
2009.08.21 17:24:23.152,0.789,0.7891,1.60,1.00
2009.08.21 17:24:25.002,0.789,0.78915,1.70,1.00
2009.08.21 17:24:25.342,0.789,0.7891,1.60,1.00
2009.08.21 17:24:25.631,0.789,0.78915,1.70,1.00
2009.08.21 17:24:25.852,0.789,0.7891,1.60,1.00
2009.08.21 17:24:26.252,0.789,0.78915,1.70,1.00
2009.08.21 17:24:26.651,0.789,0.7891,1.60,1.00
2009.08.21 17:24:27.451,0.789,0.78915,1.70,1.00
2009.08.21 17:24:28.571,0.78905,0.78925,1.00,7.70
2009.08.21 17:24:28.871,0.789,0.78915,1.70,1.00
2009.08.21 17:24:29.871,0.78905,0.78925,1.00,7.70
2009.08.21 17:24:31.090,0.78905,0.78925,1.00,8.10
2009.08.21 17:24:32.880,0.789,0.7892,1.60,1.00
2009.08.21 17:24:33.170,0.789,0.78925,4.00,1.00
2009.08.21 17:24:33.340,0.78905,0.78925,1.00,1.00
2009.08.21 17:24:33.680,0.78905,0.78925,1.00,2.50
2009.08.21 17:24:34.369,0.789,0.78925,1.00,4.90
2009.08.21 17:24:39.048,0.789,0.78925,1.00,2.90
2009.08.21 17:24:42.238,0.78895,0.78915,8.00,5.50
2009.08.21 17:24:42.408,0.78895,0.7891,4.00,2.40
2009.08.21 17:24:42.468,0.7889,0.7891,1.00,6.40
2009.08.21 17:24:42.638,0.7889,0.7891,1.00,10.40
2009.08.21 17:24:43.467,0.78885,0.7891,1.00,10.40
2009.08.21 17:24:44.548,0.7889,0.7891,1.60,8.00
2009.08.21 17:24:44.717,0.7889,0.78915,1.60,4.10
2009.08.21 17:24:45.227,0.7889,0.7892,1.60,16.90
2009.08.21 17:24:45.467,0.7889,0.7892,1.60,14.50
2009.08.21 17:24:47.086,0.78895,0.7892,1.00,20.90
2009.08.21 17:24:47.527,0.78895,0.7892,1.00,18.30
2009.08.21 17:24:47.696,0.78895,0.7892,1.00,6.40
2009.08.21 17:24:47.816,0.78895,0.78925,1.00,17.50
2009.08.21 17:24:47.936,0.78895,0.78925,1.00,14.30
2009.08.21 17:24:48.936,0.789,0.78925,1.00,14.30
2009.08.21 17:24:49.626,0.789,0.78915,1.00,1.00
2009.08.21 17:24:49.857,0.78905,0.7892,1.00,1.00
2009.08.21 17:24:50.316,0.789,0.7892,1.70,5.20
2009.08.21 17:24:50.706,0.78895,0.78915,4.00,1.00
2009.08.21 17:24:50.936,0.78895,0.78915,1.00,1.00
2009.08.21 17:24:51.915,0.789,0.78915,1.00,1.00
2009.08.21 17:24:52.755,0.78895,0.78915,1.00,2.90
2009.08.21 17:24:52.975,0.78895,0.78915,1.00,4.50
2009.08.21 17:24:53.585,0.78895,0.7891,1.00,1.00
2009.08.21 17:24:59.984,0.78885,0.78915,16.10,4.10
2009.08.21 17:25:02.103,0.78895,0.7892,1.00,14.90
2009.08.21 17:25:02.273,0.789,0.7892,1.00,7.60
2009.08.21 17:25:02.963,0.78895,0.78925,8.00,12.90
2009.08.21 17:25:03.643,0.78895,0.78925,8.00,4.90
2009.08.21 17:25:03.822,0.789,0.78925,1.00,4.90
2009.08.21 17:25:06.802,0.789,0.78925,1.00,8.90
2009.08.21 17:25:06.862,0.789,0.78925,1.00,12.90
2009.08.21 17:25:08.491,0.789,0.78925,1.00,4.90
2009.08.21 17:25:11.940,0.789,0.7892,1.00,2.40
2009.08.21 17:25:26.167,0.789,0.78915,1.00,2.50
2009.08.21 17:25:26.447,0.789,0.7892,1.00,3.20
2009.08.21 17:25:26.677,0.789,0.78925,1.00,14.50
2009.08.21 17:25:27.077,0.789,0.78925,1.00,6.50
2009.08.21 17:25:27.577,0.789,0.78925,1.00,10.50
2009.08.21 17:25:27.737,0.789,0.78925,1.00,14.50
2009.08.21 17:25:27.967,0.789,0.78925,1.00,10.50
2009.08.21 17:25:28.087,0.789,0.78925,1.00,6.50
2009.08.21 17:25:28.786,0.789,0.78925,1.00,14.50
2009.08.21 17:25:36.234,0.78895,0.78925,16.10,1.00
2009.08.21 17:25:36.785,0.78895,0.78925,14.50,1.00
2009.08.21 17:25:36.844,0.78905,0.78925,1.00,8.00
2009.08.21 17:25:37.524,0.78895,0.78925,14.50,8.00
2009.08.21 17:25:38.214,0.789,0.7892,2.50,2.50
2009.08.21 17:25:38.564,0.789,0.78915,1.00,8.00
2009.08.21 17:25:39.024,0.789,0.7892,1.00,10.90
2009.08.21 17:25:39.374,0.789,0.78915,1.00,1.00
2009.08.21 17:25:39.674,0.789,0.78915,1.70,1.00
2009.08.21 17:25:40.304,0.78885,0.78915,19.20,3.50
2009.08.21 17:25:40.604,0.78885,0.78915,4.00,13.10
2009.08.21 17:25:40.874,0.7888,0.78915,4.10,17.10
2009.08.21 17:25:41.373,0.78885,0.7891,1.00,2.10
2009.08.21 17:25:41.723,0.7888,0.7891,1.00,18.50
2009.08.21 17:25:42.124,0.7888,0.7891,4.10,8.00
2009.08.21 17:25:42.343,0.78885,0.78915,4.00,10.50
2009.08.21 17:25:45.003,0.78885,0.78905,4.00,2.40
2009.08.21 17:25:45.353,0.78875,0.78905,9.60,2.40
2009.08.21 17:25:46.622,0.78875,0.78905,9.60,2.50
2009.08.21 17:25:47.182,0.78875,0.789,9.60,1.00
2009.08.21 17:25:47.532,0.7888,0.789,3.20,4.50
2009.08.21 17:25:47.992,0.78875,0.789,1.00,4.50
2009.08.21 17:25:48.292,0.78875,0.789,1.00,7.70
2009.08.21 17:25:50.272,0.78875,0.789,1.00,5.70
2009.08.21 17:25:50.441,0.78875,0.789,8.00,3.20
2009.08.21 17:25:50.671,0.78885,0.78905,4.00,9.30
2009.08.21 17:25:50.791,0.78885,0.78905,8.00,1.00
2009.08.21 17:25:52.221,0.7888,0.78905,4.00,2.50
2009.08.21 17:25:54.001,0.78885,0.78905,8.00,1.00
2009.08.21 17:25:54.850,0.7889,0.78915,4.00,12.10
2009.08.21 17:25:55.120,0.78885,0.78915,8.00,11.90
2009.08.21 17:26:00.139,0.78885,0.78915,8.00,12.10
2009.08.21 17:26:04.078,0.7889,0.78915,4.00,7.10
2009.08.21 17:26:04.708,0.78895,0.78915,1.00,7.10
2009.08.21 17:26:06.027,0.78895,0.7892,8.00,9.50
2009.08.21 17:26:06.407,0.78905,0.78925,1.00,10.40
2009.08.21 17:26:06.867,0.78905,0.7893,8.00,6.90
2009.08.21 17:26:07.217,0.78905,0.78925,8.00,1.00
2009.08.21 17:26:07.577,0.7891,0.78925,1.00,1.00
2009.08.21 17:26:07.977,0.78905,0.7892,8.00,1.00
2009.08.21 17:26:08.437,0.78895,0.7892,8.00,6.70
2009.08.21 17:26:08.787,0.78895,0.7892,8.00,11.90
2009.08.21 17:26:09.127,0.789,0.7892,1.60,9.70
2009.08.21 17:26:09.527,0.78905,0.7892,1.00,3.30
2009.08.21 17:26:09.877,0.78905,0.7892,1.00,1.00
2009.08.21 17:26:11.346,0.78905,0.78925,1.00,1.00
2009.08.21 17:26:12.086,0.78905,0.78925,8.00,1.00
2009.08.21 17:26:12.796,0.7891,0.78925,1.00,1.00
2009.08.21 17:26:15.245,0.7891,0.7893,1.00,3.60
2009.08.21 17:26:16.225,0.7891,0.78925,1.00,1.00
2009.08.21 17:26:16.705,0.7891,0.7893,1.00,3.60
2009.08.21 17:26:17.675,0.7891,0.78925,1.00,1.00
2009.08.21 17:26:18.814,0.7891,0.7893,1.00,3.60
2009.08.21 17:26:19.684,0.7891,0.78925,1.00,1.00
2009.08.21 17:26:20.264,0.7891,0.78925,1.00,1.00
2009.08.21 17:26:20.914,0.789,0.78925,4.80,1.00
2009.08.21 17:26:21.154,0.789,0.7892,4.00,1.00
2009.08.21 17:26:22.594,0.789,0.7892,4.00,2.80
2009.08.21 17:26:22.653,0.789,0.7892,1.00,6.00
2009.08.21 17:26:23.053,0.789,0.7892,1.00,5.60
2009.08.21 17:26:23.393,0.78905,0.78925,8.00,2.00
2009.08.21 17:26:23.723,0.789,0.78925,4.00,4.40
2009.08.21 17:26:24.633,0.789,0.78925,4.00,4.50
2009.08.21 17:26:25.043,0.789,0.78925,4.00,1.00
2009.08.21 17:26:25.163,0.789,0.7893,6.40,5.70
2009.08.21 17:26:25.603,0.789,0.7893,10.40,1.00
2009.08.21 17:26:26.903,0.7891,0.7893,1.00,1.00
2009.08.21 17:26:27.322,0.789,0.78925,4.80,1.00
2009.08.21 17:26:27.442,0.789,0.78925,4.00,1.00
2009.08.21 17:26:27.732,0.789,0.78925,4.00,2.40
2009.08.21 17:26:28.792,0.789,0.78925,4.00,2.50
2009.08.21 17:26:28.912,0.789,0.78925,4.00,4.90
2009.08.21 17:26:29.202,0.789,0.78925,1.00,12.90
2009.08.21 17:26:29.382,0.789,0.78925,1.00,12.80
2009.08.21 17:26:29.502,0.789,0.78925,1.00,12.90
2009.08.21 17:26:30.962,0.789,0.78915,1.00,1.00
2009.08.21 17:26:31.252,0.789,0.78925,1.00,12.90
2009.08.21 17:26:31.931,0.789,0.78915,1.00,1.00
2009.08.21 17:26:32.321,0.789,0.7892,1.00,2.80
2009.08.21 17:26:32.671,0.789,0.7892,4.00,1.00
2009.08.21 17:26:33.971,0.789,0.7892,1.00,6.00
2009.08.21 17:26:34.201,0.789,0.7892,1.00,9.90
2009.08.21 17:26:34.681,0.78895,0.78915,1.00,1.00
2009.08.21 17:26:34.911,0.78895,0.78915,1.00,4.10
2009.08.21 17:26:35.720,0.78895,0.78915,1.00,1.00
2009.08.21 17:26:36.190,0.78895,0.78915,1.00,4.10
2009.08.21 17:26:37.950,0.78895,0.7891,1.00,1.00
2009.08.21 17:26:38.180,0.7889,0.78905,6.50,1.00
2009.08.21 17:26:39.189,0.78895,0.7891,1.00,1.00
2009.08.21 17:26:40.089,0.78885,0.7891,5.60,2.50
2009.08.21 17:26:41.039,0.78885,0.7891,4.80,2.50
2009.08.21 17:26:41.279,0.78885,0.7891,4.00,2.50
2009.08.21 17:26:44.938,0.78885,0.78915,12.00,2.50
2009.08.21 17:26:45.698,0.78885,0.78915,12.10,2.50
2009.08.21 17:26:46.048,0.78895,0.7891,1.00,1.00
2009.08.21 17:26:46.408,0.78885,0.78915,12.10,2.50
2009.08.21 17:26:46.928,0.7889,0.78915,1.00,2.50
2009.08.21 17:26:47.557,0.78895,0.7891,1.00,1.00
2009.08.21 17:26:49.057,0.7889,0.78915,1.00,2.50
2009.08.21 17:26:49.397,0.7889,0.7892,4.80,6.90
2009.08.21 17:26:50.547,0.7889,0.78905,4.00,1.00
2009.08.21 17:26:50.847,0.78885,0.789,4.00,14.10
2009.08.21 17:26:51.137,0.7887,0.78895,4.00,1.00
2009.08.21 17:26:51.547,0.78875,0.78895,8.00,1.00
2009.08.21 17:26:52.027,0.78875,0.789,8.00,8.80
2009.08.21 17:26:52.756,0.78875,0.789,8.00,8.90
2009.08.21 17:26:56.145,0.7887,0.7889,4.00,10.80
2009.08.21 17:26:56.425,0.7887,0.7889,4.00,11.20
2009.08.21 17:26:56.885,0.78865,0.7889,8.00,6.80
2009.08.21 17:26:57.415,0.78865,0.7889,8.00,6.90
2009.08.21 17:26:57.755,0.78865,0.78895,8.00,4.90
2009.08.21 17:26:58.105,0.7887,0.78895,4.00,4.90
2009.08.21 17:27:00.295,0.7887,0.7889,4.00,1.00
2009.08.21 17:27:00.474,0.7887,0.7889,4.00,2.50
2009.08.21 17:27:00.814,0.78865,0.78885,12.00,1.00
2009.08.21 17:27:00.994,0.78865,0.78885,8.00,1.00
2009.08.21 17:27:02.294,0.78865,0.7889,8.00,2.90
2009.08.21 17:27:04.774,0.78865,0.78885,8.00,2.00
2009.08.21 17:27:04.953,0.78865,0.78885,8.00,4.40
2009.08.21 17:27:05.353,0.78865,0.78885,1.00,4.40
2009.08.21 17:27:06.053,0.78865,0.7889,1.00,6.90
2009.08.21 17:27:06.393,0.78865,0.7889,8.00,6.90
2009.08.21 17:27:06.513,0.78865,0.7889,8.00,3.70
2009.08.21 17:27:07.433,0.78865,0.7889,8.00,4.40
2009.08.21 17:27:07.733,0.78865,0.78895,8.00,4.90
2009.08.21 17:27:08.463,0.7887,0.78895,4.00,4.90
2009.08.21 17:27:08.932,0.7887,0.78895,4.00,2.50
2009.08.21 17:27:09.292,0.7887,0.78895,4.00,1.00
2009.08.21 17:27:10.562,0.78875,0.789,1.00,14.90
2009.08.21 17:27:11.412,0.7887,0.78895,4.00,2.50
2009.08.21 17:27:12.402,0.7887,0.7889,4.00,2.40
2009.08.21 17:27:12.742,0.78865,0.7889,12.00,2.40
2009.08.21 17:27:12.973,0.78865,0.7889,8.00,2.40
2009.08.21 17:27:13.671,0.78865,0.7889,8.00,2.50
2009.08.21 17:27:13.971,0.78865,0.78895,8.00,2.50
2009.08.21 17:27:14.331,0.78865,0.78895,8.00,6.50
2009.08.21 17:27:14.731,0.7887,0.78895,4.00,2.50
2009.08.21 17:27:23.329,0.7887,0.78895,4.00,1.00
2009.08.21 17:27:24.579,0.78875,0.789,1.00,7.30
2009.08.21 17:27:34.776,0.7887,0.7889,4.10,1.00
2009.08.21 17:27:34.956,0.78875,0.7889,1.00,1.00
2009.08.21 17:27:37.635,0.78875,0.78895,1.70,2.40
2009.08.21 17:27:37.966,0.7888,0.789,6.40,4.10
2009.08.21 17:27:38.325,0.7888,0.7891,12.00,4.00
2009.08.21 17:27:38.655,0.7888,0.7891,14.40,1.00
2009.08.21 17:27:39.635,0.7889,0.7891,1.00,1.00
2009.08.21 17:27:40.225,0.7889,0.78905,1.00,1.60
2009.08.21 17:27:40.625,0.7888,0.78905,8.90,1.60
2009.08.21 17:27:40.965,0.7888,0.78915,14.50,16.10
2009.08.21 17:27:41.345,0.7888,0.7891,14.50,1.00
2009.08.21 17:27:42.434,0.78885,0.7891,1.00,1.00
2009.08.21 17:27:42.664,0.78885,0.7891,4.00,1.00
2009.08.21 17:27:43.654,0.78885,0.7891,4.00,6.50
2009.08.21 17:27:44.164,0.7888,0.7891,10.40,10.50
2009.08.21 17:27:44.504,0.7889,0.7891,1.00,1.00
2009.08.21 17:27:44.734,0.78885,0.7891,4.50,1.00
2009.08.21 17:27:45.024,0.78895,0.78915,1.00,10.40
2009.08.21 17:27:45.254,0.789,0.78925,1.00,10.50
2009.08.21 17:27:46.123,0.789,0.78925,1.20,10.50
2009.08.21 17:27:46.413,0.78905,0.78925,1.00,1.00
2009.08.21 17:27:46.703,0.789,0.78925,4.00,2.50
2009.08.21 17:27:47.043,0.78895,0.78925,16.80,2.90
2009.08.21 17:27:47.403,0.78895,0.78925,8.00,4.90
2009.08.21 17:27:49.793,0.78895,0.78925,8.00,9.30
2009.08.21 17:27:52.282,0.78895,0.78925,8.00,8.90
2009.08.21 17:27:53.522,0.78895,0.7892,8.00,9.90
2009.08.21 17:27:53.872,0.78885,0.78915,12.00,6.30
2009.08.21 17:27:54.161,0.78885,0.78915,8.00,8.70
2009.08.21 17:27:55.092,0.78885,0.78915,8.00,8.90
2009.08.21 17:27:55.491,0.78885,0.78915,8.00,6.90
2009.08.21 17:27:55.931,0.78885,0.7891,8.00,5.60
2009.08.21 17:27:59.850,0.78885,0.7891,8.00,9.50
2009.08.21 17:28:02.320,0.7888,0.78905,1.00,8.00
2009.08.21 17:28:02.780,0.78885,0.7891,8.00,5.60
2009.08.21 17:28:03.109,0.78885,0.78915,8.00,14.30
2009.08.21 17:28:03.439,0.78885,0.78915,20.50,4.00
2009.08.21 17:28:03.890,0.7889,0.7892,4.00,9.60
2009.08.21 17:28:04.119,0.7889,0.7892,6.40,6.00
2009.08.21 17:28:04.379,0.7889,0.7892,4.00,8.10
2009.08.21 17:28:04.779,0.78885,0.78915,8.00,1.00
2009.08.21 17:28:05.119,0.78885,0.78915,8.00,6.50
2009.08.21 17:28:06.129,0.78885,0.7891,8.00,4.10
2009.08.21 17:28:06.519,0.7888,0.7891,4.80,4.10
2009.08.21 17:28:07.569,0.7888,0.7891,4.80,9.50
2009.08.21 17:28:07.628,0.7888,0.7891,4.80,7.50
2009.08.21 17:28:07.978,0.7888,0.7891,4.00,4.10
2009.08.21 17:28:08.268,0.78885,0.7891,8.00,4.10
2009.08.21 17:28:08.538,0.7888,0.7891,4.00,4.10
2009.08.21 17:28:12.217,0.7887,0.78905,8.00,11.90
2009.08.21 17:28:12.927,0.78875,0.78895,8.00,1.00
2009.08.21 17:28:13.437,0.7887,0.789,4.00,6.70
2009.08.21 17:28:13.607,0.7887,0.789,4.00,14.70
2009.08.21 17:28:14.057,0.7887,0.78895,4.00,4.30
2009.08.21 17:28:14.966,0.7887,0.78895,4.00,4.10
2009.08.21 17:28:17.436,0.7887,0.78895,4.00,10.50
2009.08.21 17:28:17.906,0.78865,0.78895,8.00,19.30
2009.08.21 17:28:18.265,0.78865,0.7889,8.00,3.20
2009.08.21 17:28:18.616,0.78865,0.78885,8.00,1.00
2009.08.21 17:28:21.365,0.78865,0.7889,8.00,3.20
2009.08.21 17:28:21.605,0.78865,0.78895,8.00,17.70
2009.08.21 17:28:21.935,0.7887,0.789,4.00,17.70
2009.08.21 17:28:22.115,0.7887,0.78895,4.00,3.70
2009.08.21 17:28:23.625,0.7887,0.78895,4.00,1.00
2009.08.21 17:28:24.084,0.7887,0.78895,4.00,1.00
2009.08.21 17:28:24.474,0.7887,0.789,4.00,22.10
2009.08.21 17:28:25.394,0.7887,0.78885,4.00,4.40
2009.08.21 17:28:25.514,0.78865,0.78885,4.00,4.40
2009.08.21 17:28:25.574,0.78855,0.78885,17.70,4.40
2009.08.21 17:28:26.034,0.78855,0.78885,17.70,4.00
2009.08.21 17:28:26.084,0.78855,0.78885,17.70,2.40
2009.08.21 17:28:26.254,0.7886,0.7889,4.00,16.50
2009.08.21 17:28:26.415,0.7886,0.7889,4.00,12.50
2009.08.21 17:28:27.634,0.7887,0.78895,3.20,15.20
2009.08.21 17:28:27.983,0.78875,0.78895,1.00,8.00
2009.08.21 17:28:28.153,0.7888,0.78895,4.00,4.00
2009.08.21 17:28:28.333,0.7888,0.789,4.00,4.00
2009.08.21 17:28:28.503,0.7888,0.7891,4.00,15.70
2009.08.21 17:28:29.153,0.78875,0.789,12.00,4.40
2009.08.21 17:28:29.273,0.7887,0.789,8.00,12.40
2009.08.21 17:28:29.783,0.7887,0.789,8.00,10.40
2009.08.21 17:28:30.113,0.7887,0.789,8.00,2.50
2009.08.21 17:28:30.972,0.78875,0.789,1.00,2.50
2009.08.21 17:28:32.712,0.7887,0.78895,8.00,1.60
2009.08.21 17:28:32.932,0.78885,0.789,4.00,8.70
2009.08.21 17:28:33.282,0.7888,0.789,4.00,3.20
2009.08.21 17:28:33.632,0.7887,0.78905,10.40,18.30
2009.08.21 17:28:33.932,0.7888,0.78905,4.00,4.00
2009.08.21 17:28:34.272,0.7888,0.7891,4.00,15.50
2009.08.21 17:28:34.982,0.78875,0.7891,16.00,19.50
2009.08.21 17:28:35.032,0.78875,0.7891,12.00,23.50
2009.08.21 17:28:36.131,0.78875,0.78905,12.00,1.00
2009.08.21 17:28:36.191,0.78875,0.789,8.00,1.60
2009.08.21 17:28:36.581,0.7887,0.78905,8.00,16.30
2009.08.21 17:28:37.041,0.7887,0.78895,8.00,1.60
2009.08.21 17:28:37.431,0.7887,0.78895,1.00,1.60
2009.08.21 17:28:38.521,0.7887,0.789,1.00,15.90
2009.08.21 17:28:38.761,0.78875,0.78895,4.00,1.60
2009.08.21 17:28:39.001,0.78875,0.78905,8.00,12.50
2009.08.21 17:28:39.391,0.78875,0.78905,8.00,10.10
2009.08.21 17:28:39.690,0.78875,0.78905,8.00,9.90
2009.08.21 17:28:40.030,0.78875,0.78905,8.00,6.30
2009.08.21 17:28:40.380,0.78875,0.78905,12.00,1.60
2009.08.21 17:28:40.550,0.78875,0.78905,12.00,1.00
2009.08.21 17:28:40.900,0.7888,0.7891,4.00,18.10
2009.08.21 17:28:41.070,0.7888,0.7891,4.00,14.10
2009.08.21 17:28:41.250,0.7888,0.7891,4.00,13.70
2009.08.21 17:28:41.710,0.7888,0.7891,4.00,12.10
2009.08.21 17:28:41.990,0.7888,0.7891,8.00,8.10
2009.08.21 17:28:42.361,0.7888,0.7891,8.00,5.70
2009.08.21 17:28:42.650,0.78885,0.78915,12.00,1.00
2009.08.21 17:28:43.040,0.78885,0.7892,12.00,24.10
2009.08.21 17:28:43.709,0.7889,0.7891,4.00,1.00
2009.08.21 17:28:45.929,0.7889,0.78915,4.00,1.00
2009.08.21 17:28:46.099,0.7889,0.7892,4.00,6.10
2009.08.21 17:28:46.519,0.7889,0.7892,4.00,6.90
2009.08.21 17:28:46.679,0.7889,0.78915,4.00,1.00
2009.08.21 17:28:47.049,0.78885,0.78915,12.00,1.00
2009.08.21 17:28:47.389,0.7889,0.7892,1.00,23.30
2009.08.21 17:28:50.618,0.78885,0.7892,12.00,23.30
2009.08.21 17:28:52.108,0.78885,0.7891,8.00,1.00
2009.08.21 17:28:52.458,0.78885,0.78915,8.00,4.10
2009.08.21 17:28:52.747,0.78885,0.78915,8.00,6.30
2009.08.21 17:28:53.737,0.78895,0.78915,1.60,1.00
2009.08.21 17:28:53.857,0.78895,0.7892,8.00,4.00
2009.08.21 17:28:54.077,0.78895,0.78925,8.00,4.40
2009.08.21 17:28:54.577,0.78895,0.78925,12.00,4.40
2009.08.21 17:28:54.697,0.78895,0.78925,12.00,4.50
2009.08.21 17:28:55.527,0.789,0.78925,1.00,4.50
2009.08.21 17:29:00.585,0.789,0.78925,4.00,1.00
2009.08.21 17:29:02.585,0.78895,0.78925,12.00,4.40
2009.08.21 17:29:02.825,0.78895,0.78925,12.00,4.50
2009.08.21 17:29:03.615,0.78895,0.7892,12.00,1.00
2009.08.21 17:29:04.305,0.789,0.78925,1.00,4.50
2009.08.21 17:29:04.935,0.789,0.7892,1.00,1.00
2009.08.21 17:29:05.235,0.78895,0.7892,8.80,11.60
2009.08.21 17:29:05.724,0.78885,0.7892,8.00,23.90
2009.08.21 17:29:05.954,0.78885,0.78915,8.00,6.30
2009.08.21 17:29:07.264,0.78885,0.7891,8.00,1.00
2009.08.21 17:29:07.764,0.78885,0.78915,8.00,4.10
2009.08.21 17:29:08.324,0.78885,0.78915,8.00,6.30
2009.08.21 17:29:10.333,0.78885,0.78915,8.00,8.30
2009.08.21 17:29:10.513,0.7888,0.78915,12.90,18.70
2009.08.21 17:29:11.633,0.7889,0.78915,1.00,18.90
2009.08.21 17:29:14.502,0.7889,0.78915,1.00,19.70
2009.08.21 17:29:14.852,0.7889,0.7891,1.00,8.00
2009.08.21 17:29:16.792,0.7888,0.7891,12.90,8.00
2009.08.21 17:29:17.371,0.7889,0.7891,1.00,8.00
2009.08.21 17:29:17.701,0.7888,0.7891,10.50,8.00
2009.08.21 17:29:25.270,0.7889,0.7891,1.00,8.00
2009.08.21 17:29:25.619,0.7888,0.7891,10.50,8.00
2009.08.21 17:29:28.229,0.7889,0.7891,1.00,8.00
2009.08.21 17:29:28.579,0.7889,0.78915,1.00,11.90
2009.08.21 17:29:32.668,0.7889,0.78915,1.00,19.10
2009.08.21 17:29:33.068,0.7888,0.7891,6.40,21.10
2009.08.21 17:29:33.348,0.78875,0.7891,12.00,23.70
2009.08.21 17:29:33.877,0.78875,0.78905,12.00,1.00
2009.08.21 17:29:35.317,0.7888,0.7891,1.00,22.10
2009.08.21 17:29:36.337,0.7888,0.78905,1.00,8.00
2009.08.21 17:29:36.457,0.78875,0.78905,12.10,8.00
2009.08.21 17:29:37.647,0.78875,0.78905,12.10,4.00
2009.08.21 17:29:37.877,0.78875,0.7891,12.10,26.10
2009.08.21 17:29:38.056,0.78875,0.7891,12.10,22.10
2009.08.21 17:29:40.556,0.7888,0.7891,1.00,26.10
2009.08.21 17:29:40.836,0.7888,0.7891,1.00,22.10
2009.08.21 17:29:42.435,0.78875,0.78905,12.00,1.00
2009.08.21 17:29:43.115,0.7888,0.7891,1.00,23.70
2009.08.21 17:29:43.395,0.78875,0.78905,8.80,3.20
2009.08.21 17:29:43.785,0.78875,0.78905,8.00,10.50
2009.08.21 17:29:44.135,0.7887,0.78905,10.40,8.00
2009.08.21 17:29:44.475,0.78875,0.78905,8.00,8.00
2009.08.21 17:29:45.105,0.78875,0.78905,8.00,2.50
2009.08.21 17:29:45.795,0.78875,0.78905,8.00,1.00
2009.08.21 17:29:49.054,0.7887,0.78905,12.90,12.10
2009.08.21 17:29:49.284,0.7887,0.78905,12.90,14.50
2009.08.21 17:29:50.493,0.7887,0.789,12.90,1.00
2009.08.21 17:30:02.171,0.7887,0.78895,8.00,1.00
2009.08.21 17:30:02.521,0.78865,0.78895,19.20,1.00
2009.08.21 17:30:02.821,0.78865,0.78895,15.20,1.00
2009.08.21 17:30:03.110,0.7887,0.78895,4.00,1.00
2009.08.21 17:30:03.330,0.78865,0.78895,19.20,1.00
2009.08.21 17:30:03.450,0.7887,0.78895,3.20,1.00
2009.08.21 17:30:03.730,0.78865,0.78895,15.20,1.00
2009.08.21 17:30:04.250,0.78865,0.789,15.30,25.90
2009.08.21 17:30:07.509,0.78865,0.789,15.30,19.90
2009.08.21 17:30:07.869,0.78865,0.789,12.10,22.50
2009.08.21 17:30:08.219,0.78865,0.789,12.10,22.10
2009.08.21 17:30:09.359,0.78865,0.789,12.10,22.50
2009.08.21 17:30:09.649,0.78865,0.78895,12.00,1.00
2009.08.21 17:30:10.349,0.78865,0.789,12.10,22.50
2009.08.21 17:30:11.149,0.78865,0.78895,12.00,1.00
2009.08.21 17:30:19.116,0.78865,0.7889,8.00,1.00
2009.08.21 17:30:19.467,0.7886,0.7889,10.40,1.00
2009.08.21 17:30:19.917,0.78865,0.7889,1.00,1.00
2009.08.21 17:30:20.207,0.78865,0.7889,4.00,1.00
2009.08.21 17:30:20.736,0.78865,0.7889,6.40,8.00
2009.08.21 17:30:21.096,0.78865,0.78895,8.00,11.70
2009.08.21 17:30:21.446,0.78865,0.78895,8.00,19.70
2009.08.21 17:30:22.836,0.78865,0.7889,8.00,1.00
2009.08.21 17:30:28.075,0.78865,0.78895,8.00,14.50
2009.08.21 17:30:28.544,0.78865,0.78885,8.00,1.00
2009.08.21 17:30:29.584,0.7886,0.78885,4.00,1.00
2009.08.21 17:30:29.924,0.7886,0.78885,4.40,1.00
2009.08.21 17:30:32.243,0.7886,0.78885,4.00,1.00
2009.08.21 17:30:34.313,0.78865,0.78885,1.00,1.00
2009.08.21 17:30:40.261,0.78865,0.7889,8.00,4.10
2009.08.21 17:30:40.662,0.78865,0.7889,1.00,4.10
2009.08.21 17:30:40.841,0.78865,0.7889,1.00,4.10
2009.08.21 17:30:41.141,0.78865,0.7889,4.00,14.10
2009.08.21 17:30:41.251,0.78865,0.78885,8.00,1.00
2009.08.21 17:30:41.371,0.78865,0.78885,4.00,1.00
2009.08.21 17:30:41.551,0.78865,0.78885,1.00,1.00
2009.08.21 17:30:48.360,0.7886,0.78885,4.00,2.50
2009.08.21 17:30:48.479,0.7886,0.78885,4.00,4.10
2009.08.21 17:30:48.589,0.78855,0.78885,15.60,4.10
2009.08.21 17:30:49.759,0.78855,0.7888,15.60,1.00
2009.08.21 17:30:52.738,0.7885,0.7888,4.00,6.90
2009.08.21 17:30:53.028,0.78855,0.7888,1.00,10.40
2009.08.21 17:31:02.156,0.78845,0.78875,11.70,6.80
2009.08.21 17:31:02.386,0.78845,0.78875,7.70,10.80
2009.08.21 17:31:03.966,0.78845,0.7887,7.60,1.00
2009.08.21 17:31:13.963,0.78845,0.78865,4.00,1.00
2009.08.21 17:31:14.284,0.7884,0.78865,4.80,2.80
2009.08.21 17:31:14.683,0.7884,0.78865,1.00,10.80
2009.08.21 17:31:15.153,0.78835,0.78865,9.70,10.80
2009.08.21 17:31:15.833,0.78835,0.7886,9.60,1.00
2009.08.21 17:31:17.662,0.7884,0.7887,1.00,8.00
2009.08.21 17:31:18.853,0.78845,0.78875,4.90,11.90
2009.08.21 17:31:19.202,0.78845,0.7888,14.40,10.40
2009.08.21 17:31:19.872,0.78845,0.7888,14.50,10.40
2009.08.21 17:31:20.272,0.78845,0.7888,16.90,10.40
2009.08.21 17:31:20.612,0.78845,0.7888,20.10,10.40
2009.08.21 17:31:28.360,0.78845,0.7888,21.70,10.40
2009.08.21 17:31:28.580,0.7885,0.7888,6.40,8.00
2009.08.21 17:31:29.040,0.78855,0.7888,4.00,1.00
2009.08.21 17:31:34.918,0.7886,0.78885,1.00,12.10
2009.08.21 17:31:35.158,0.7886,0.78885,1.00,8.00
2009.08.21 17:31:35.608,0.7886,0.7889,1.00,16.10
2009.08.21 17:31:38.558,0.7886,0.78885,4.80,1.00
2009.08.21 17:31:38.907,0.7887,0.7889,1.00,3.30
2009.08.21 17:31:39.257,0.7887,0.7889,1.00,1.00
2009.08.21 17:31:39.597,0.7886,0.7889,12.90,1.00
2009.08.21 17:31:40.047,0.78875,0.7889,1.00,1.00
2009.08.21 17:31:40.587,0.7886,0.7889,12.90,1.00
2009.08.21 17:31:59.222,0.7886,0.7889,8.00,4.50
2009.08.21 17:31:59.572,0.78855,0.7889,15.30,15.70
2009.08.21 17:32:00.153,0.78855,0.7889,15.30,18.10
2009.08.21 17:32:01.372,0.78865,0.7889,1.00,18.10
2009.08.21 17:32:05.321,0.78865,0.78885,1.00,8.00
2009.08.21 17:32:12.449,0.78865,0.78885,1.00,8.00
2009.08.21 17:32:12.679,0.7887,0.7889,1.00,8.00
2009.08.21 17:32:14.869,0.7886,0.7887,4.80,8.00
2009.08.21 17:32:15.099,0.7885,0.7887,1.00,4.00
2009.08.21 17:32:15.269,0.7885,0.78875,1.00,10.40
2009.08.21 17:32:15.678,0.7885,0.78875,1.00,11.20
2009.08.21 17:32:16.078,0.7885,0.7887,1.00,1.00
2009.08.21 17:32:16.359,0.78845,0.7887,4.00,9.30
2009.08.21 17:32:16.588,0.78845,0.7887,4.00,13.30
2009.08.21 17:32:17.528,0.78845,0.7886,4.00,1.00
2009.08.21 17:32:18.178,0.78845,0.7886,1.00,1.00
2009.08.21 17:32:18.398,0.78845,0.7886,1.00,2.50
2009.08.21 17:32:18.748,0.78845,0.7886,1.00,1.00
2009.08.21 17:32:19.798,0.78845,0.7886,1.00,1.00
2009.08.21 17:32:21.987,0.78845,0.7886,1.00,1.00
2009.08.21 17:32:22.097,0.78845,0.7886,1.00,2.50
2009.08.21 17:32:22.457,0.78835,0.78855,4.50,1.00
2009.08.21 17:32:22.807,0.78835,0.78855,1.00,1.00
2009.08.21 17:32:23.147,0.7883,0.7885,1.00,1.00
2009.08.21 17:32:23.506,0.78825,0.7885,8.00,4.10
2009.08.21 17:32:23.846,0.78825,0.7885,1.00,4.10
2009.08.21 17:32:25.206,0.78825,0.7885,2.50,1.00
2009.08.21 17:32:25.376,0.78825,0.7885,10.40,4.00
2009.08.21 17:32:25.656,0.78835,0.78855,1.00,7.90
2009.08.21 17:32:25.936,0.78825,0.78855,14.50,4.70
2009.08.21 17:32:26.176,0.78825,0.78855,10.40,4.70
2009.08.21 17:32:26.616,0.7883,0.78855,1.00,4.70
2009.08.21 17:32:27.066,0.7883,0.78855,4.00,4.70
2009.08.21 17:32:27.636,0.7883,0.7885,4.00,1.00
2009.08.21 17:32:28.095,0.78825,0.7885,4.00,1.00
2009.08.21 17:32:28.775,0.78825,0.78855,8.00,9.30
2009.08.21 17:32:29.465,0.78825,0.7885,8.00,1.00
2009.08.21 17:32:29.825,0.7882,0.78845,19.70,1.00
2009.08.21 17:32:30.535,0.7882,0.78845,15.70,1.00
2009.08.21 17:32:32.654,0.78825,0.7885,1.00,4.10
2009.08.21 17:32:32.925,0.78825,0.7885,1.00,10.50
2009.08.21 17:32:33.144,0.7882,0.7885,4.00,10.50
2009.08.21 17:32:33.444,0.7882,0.7885,1.00,11.90
2009.08.21 17:32:33.844,0.78825,0.78845,1.00,2.40
2009.08.21 17:32:34.194,0.7882,0.78845,1.00,2.40
2009.08.21 17:32:35.064,0.7881,0.7884,22.90,1.70
2009.08.21 17:32:35.574,0.7881,0.7884,4.00,7.90
2009.08.21 17:32:36.104,0.7881,0.7884,3.20,15.90
2009.08.21 17:32:36.574,0.7881,0.78835,1.00,1.00
2009.08.21 17:32:37.034,0.7881,0.7884,1.00,15.90
2009.08.21 17:32:37.493,0.78815,0.7884,1.00,15.90
2009.08.21 17:32:38.003,0.7881,0.78835,1.00,6.40
2009.08.21 17:32:38.243,0.7881,0.78835,1.00,10.40
2009.08.21 17:32:38.533,0.78805,0.78835,4.90,14.30
2009.08.21 17:32:38.894,0.78805,0.7883,4.90,8.00
2009.08.21 17:32:39.243,0.7881,0.7883,1.00,8.00
2009.08.21 17:32:39.723,0.7881,0.7883,1.00,1.00
2009.08.21 17:32:41.802,0.7881,0.7883,2.50,1.00
2009.08.21 17:32:42.092,0.78815,0.7883,1.00,1.00
2009.08.21 17:32:42.332,0.7882,0.7883,8.40,1.00
2009.08.21 17:32:42.782,0.78825,0.7883,8.00,1.00
2009.08.21 17:32:43.133,0.78825,0.7883,12.00,1.00
2009.08.21 17:32:45.281,0.78825,0.7883,8.00,1.00
2009.08.21 17:32:45.571,0.7882,0.7884,8.00,1.00
2009.08.21 17:32:49.570,0.78825,0.7884,1.00,1.00
2009.08.21 17:32:50.780,0.78825,0.7885,1.00,1.00
2009.08.21 17:32:52.330,0.78825,0.7885,2.50,1.20
2009.08.21 17:32:52.560,0.78825,0.7885,4.10,1.20
2009.08.21 17:32:52.990,0.78825,0.7885,12.10,1.00
2009.08.21 17:32:53.639,0.78835,0.7885,1.00,1.00
2009.08.21 17:33:00.478,0.7883,0.78855,1.00,2.50
2009.08.21 17:33:00.938,0.78835,0.7885,1.00,1.00
2009.08.21 17:33:01.288,0.78835,0.78855,1.00,2.40
2009.08.21 17:33:01.747,0.78835,0.78855,1.00,4.10
2009.08.21 17:33:02.047,0.78835,0.7885,1.00,1.00
2009.08.21 17:33:02.457,0.78825,0.7885,12.10,1.00
2009.08.21 17:33:02.747,0.7883,0.7885,1.00,1.00
2009.08.21 17:33:03.137,0.78825,0.7885,1.00,1.00
2009.08.21 17:33:03.427,0.7883,0.7885,1.00,1.00
2009.08.21 17:33:03.837,0.78825,0.7885,1.00,1.00
2009.08.21 17:33:04.817,0.7883,0.7885,1.00,1.00
2009.08.21 17:33:04.867,0.78825,0.7885,1.00,1.00
2009.08.21 17:33:05.337,0.78825,0.78855,8.10,8.90
2009.08.21 17:33:05.397,0.78835,0.78855,1.00,4.90
2009.08.21 17:33:05.967,0.7883,0.7885,4.00,1.00
2009.08.21 17:33:06.326,0.7883,0.78855,4.00,7.30
2009.08.21 17:33:06.736,0.7883,0.7885,4.00,2.80
2009.08.21 17:33:07.306,0.78825,0.7885,8.00,2.80
2009.08.21 17:33:07.766,0.78835,0.7885,8.00,1.00
2009.08.21 17:33:10.137,0.7883,0.78845,1.00,1.00
2009.08.21 17:33:10.426,0.78825,0.7884,8.00,1.00
2009.08.21 17:33:10.705,0.7883,0.7884,4.00,1.00
2009.08.21 17:33:13.505,0.78825,0.7884,8.00,1.00
2009.08.21 17:33:13.674,0.7883,0.7884,1.00,1.00
2009.08.21 17:33:14.534,0.78825,0.7884,8.00,1.00
2009.08.21 17:33:14.824,0.78825,0.7884,1.00,1.00
2009.08.21 17:33:15.854,0.7882,0.7884,4.00,1.00
2009.08.21 17:33:17.594,0.78815,0.78845,12.10,7.20
2009.08.21 17:33:17.944,0.7882,0.7884,1.00,1.00
2009.08.21 17:33:18.294,0.78815,0.7884,4.00,1.00
2009.08.21 17:33:18.723,0.78815,0.7884,1.00,1.00
2009.08.21 17:33:20.323,0.7881,0.7884,8.00,1.00
2009.08.21 17:33:21.523,0.7881,0.78825,5.60,4.00
2009.08.21 17:33:21.933,0.78795,0.78825,8.00,4.00
2009.08.21 17:33:22.223,0.78795,0.78825,12.00,1.00
2009.08.21 17:33:22.503,0.78795,0.7882,12.00,1.00
2009.08.21 17:33:25.662,0.78795,0.78825,4.00,8.80
2009.08.21 17:33:26.042,0.78795,0.7882,4.00,1.00
2009.08.21 17:33:27.551,0.78795,0.78815,4.00,1.00
2009.08.21 17:33:28.071,0.78795,0.78825,4.00,8.80
2009.08.21 17:33:28.251,0.78795,0.7882,12.00,1.00
2009.08.21 17:33:28.491,0.788,0.7882,4.00,1.00
2009.08.21 17:33:29.041,0.788,0.7883,1.00,17.70
2009.08.21 17:33:35.369,0.788,0.78825,1.00,2.50
2009.08.21 17:33:35.589,0.788,0.7883,4.00,13.70
2009.08.21 17:33:35.819,0.788,0.7883,4.00,9.70
2009.08.21 17:33:36.049,0.788,0.7883,1.00,17.70
2009.08.21 17:33:37.619,0.788,0.7883,1.00,16.90
2009.08.21 17:33:37.899,0.788,0.78825,6.40,1.00
2009.08.21 17:33:38.938,0.78805,0.7883,1.00,21.30
2009.08.21 17:33:39.268,0.78805,0.78835,1.00,12.90
2009.08.21 17:33:39.658,0.7881,0.7883,5.20,1.00
2009.08.21 17:33:39.838,0.7881,0.7884,8.40,10.40
2009.08.21 17:33:39.948,0.7881,0.7884,14.80,4.10
2009.08.21 17:33:40.418,0.7881,0.7884,14.80,1.00
2009.08.21 17:33:40.948,0.78815,0.7884,1.00,1.00
2009.08.21 17:33:44.507,0.78815,0.78845,10.50,4.70
2009.08.21 17:33:47.617,0.78815,0.7884,8.00,1.30
2009.08.21 17:33:48.136,0.7881,0.7884,4.00,10.10
2009.08.21 17:33:48.316,0.7881,0.78835,4.00,2.40
2009.08.21 17:33:48.536,0.78805,0.78835,8.00,2.50
2009.08.21 17:33:48.896,0.788,0.78835,12.90,8.00
2009.08.21 17:33:49.646,0.788,0.7883,12.90,1.00
2009.08.21 17:33:51.165,0.788,0.78835,12.90,8.00
2009.08.21 17:33:51.526,0.78805,0.7884,12.10,18.10
2009.08.21 17:33:51.866,0.78815,0.7884,4.00,10.50
2009.08.21 17:33:52.335,0.78815,0.7884,12.00,10.50
2009.08.21 17:33:53.445,0.7882,0.7884,1.00,10.50
2009.08.21 17:33:53.956,0.78825,0.7884,1.00,10.50
2009.08.21 17:33:55.524,0.78825,0.7884,1.00,4.50
2009.08.21 17:33:55.754,0.78825,0.7884,1.00,4.40
2009.08.21 17:33:55.994,0.78825,0.7884,1.00,4.00
2009.08.21 17:33:58.024,0.78825,0.7884,1.00,4.10
2009.08.21 17:33:58.544,0.78825,0.7884,1.00,1.00
2009.08.21 17:34:00.653,0.78825,0.7884,1.00,1.00
2009.08.21 17:34:00.823,0.78825,0.7884,1.00,1.00
2009.08.21 17:34:01.243,0.78815,0.7884,9.60,1.00
2009.08.21 17:34:01.423,0.78815,0.7884,8.00,1.00
2009.08.21 17:34:01.773,0.78815,0.7884,1.00,1.00
2009.08.21 17:34:02.113,0.7882,0.78845,1.00,15.10
2009.08.21 17:34:06.192,0.78815,0.7884,1.00,1.00
2009.08.21 17:34:06.472,0.7881,0.78845,13.70,15.30
2009.08.21 17:34:06.692,0.78805,0.78835,17.70,6.40
2009.08.21 17:34:07.192,0.7881,0.78835,3.20,14.90
2009.08.21 17:34:07.632,0.788,0.7883,8.00,1.00
2009.08.21 17:34:07.982,0.788,0.78825,4.80,4.00
2009.08.21 17:34:08.162,0.78795,0.78825,9.70,8.00
2009.08.21 17:34:08.661,0.78795,0.78825,14.50,8.00
2009.08.21 17:34:09.171,0.788,0.78825,4.00,4.00
2009.08.21 17:34:09.691,0.78805,0.7883,1.00,2.40
2009.08.21 17:34:14.760,0.78805,0.78825,1.00,1.00
2009.08.21 17:34:15.739,0.78795,0.78825,14.50,1.00
2009.08.21 17:34:16.130,0.78795,0.7882,6.40,1.00
2009.08.21 17:34:16.530,0.78795,0.78825,14.50,1.00
2009.08.21 17:34:17.549,0.7879,0.7882,12.80,8.00
2009.08.21 17:34:18.249,0.7879,0.7881,12.90,1.00
2009.08.21 17:34:19.039,0.78795,0.7882,10.40,1.00
2009.08.21 17:34:19.329,0.78805,0.78825,1.00,8.00
2009.08.21 17:34:19.689,0.78805,0.78825,1.00,2.90
2009.08.21 17:34:19.859,0.788,0.78825,1.00,2.90
2009.08.21 17:34:20.089,0.788,0.7883,1.00,17.30
2009.08.21 17:34:20.429,0.78795,0.7882,10.40,1.00
2009.08.21 17:34:20.608,0.78795,0.7882,4.90,1.00
2009.08.21 17:34:20.989,0.788,0.78825,1.00,8.00
2009.08.21 17:34:21.738,0.78795,0.7882,4.90,1.00
2009.08.21 17:34:22.248,0.78795,0.7882,10.40,1.00
2009.08.21 17:34:22.648,0.788,0.78825,1.00,8.00
2009.08.21 17:34:23.808,0.78795,0.7882,10.40,1.00
2009.08.21 17:34:24.048,0.788,0.78825,1.00,8.00
2009.08.21 17:34:24.278,0.78795,0.7882,10.40,1.00
2009.08.21 17:34:24.738,0.788,0.78825,1.00,8.00
2009.08.21 17:34:32.126,0.7879,0.78815,1.00,1.00
2009.08.21 17:34:43.283,0.7879,0.7882,8.00,1.00
2009.08.21 17:34:44.213,0.7879,0.78815,8.00,1.00
2009.08.21 17:34:44.773,0.7879,0.7882,8.00,8.00
2009.08.21 17:34:44.953,0.7879,0.7882,8.00,4.00
2009.08.21 17:34:45.133,0.7879,0.7882,8.00,1.00
2009.08.21 17:34:45.523,0.7879,0.7882,8.00,1.00
2009.08.21 17:34:46.032,0.7879,0.78815,4.00,1.00
2009.08.21 17:34:46.202,0.7879,0.78815,4.00,1.00
2009.08.21 17:34:47.362,0.7879,0.78815,4.00,1.00
2009.08.21 17:34:47.692,0.7879,0.78815,8.00,1.00
2009.08.21 17:34:48.052,0.78795,0.78815,4.00,1.00
2009.08.21 17:34:48.572,0.78795,0.78825,4.00,8.00
2009.08.21 17:34:48.922,0.78795,0.78825,12.00,8.00
2009.08.21 17:34:49.612,0.788,0.78825,1.00,8.00
2009.08.21 17:34:50.591,0.788,0.78825,1.00,8.00
2009.08.21 17:34:51.041,0.788,0.78825,1.00,8.00
2009.08.21 17:34:51.391,0.788,0.78825,4.00,4.00
2009.08.21 17:34:51.771,0.788,0.78825,1.00,8.00
2009.08.21 17:34:52.061,0.788,0.7883,4.00,7.50
2009.08.21 17:34:52.412,0.788,0.78825,4.00,2.40
2009.08.21 17:34:52.861,0.78795,0.78805,8.00,1.00
2009.08.21 17:34:53.391,0.78785,0.78805,8.00,2.00
2009.08.21 17:34:53.741,0.78785,0.78805,1.00,1.70
2009.08.21 17:34:54.221,0.7879,0.78805,1.00,1.00
2009.08.21 17:34:54.560,0.7879,0.7881,1.00,1.60
2009.08.21 17:34:54.950,0.7879,0.7881,1.00,1.60
2009.08.21 17:34:55.640,0.7879,0.78815,1.00,2.50
2009.08.21 17:34:56.250,0.78795,0.78815,1.00,2.90
2009.08.21 17:35:00.039,0.78795,0.78815,1.00,1.00
2009.08.21 17:35:00.269,0.78795,0.7881,1.00,1.00
2009.08.21 17:35:00.989,0.78785,0.78805,8.00,4.10
2009.08.21 17:35:01.559,0.7878,0.78805,4.00,2.10
2009.08.21 17:35:01.849,0.7878,0.7881,1.00,14.90
2009.08.21 17:35:01.969,0.7878,0.7881,4.40,14.90
2009.08.21 17:35:02.229,0.78785,0.7881,1.00,12.50
2009.08.21 17:35:02.518,0.7879,0.78805,1.00,1.00
2009.08.21 17:35:02.638,0.7879,0.78805,1.00,1.00
2009.08.21 17:35:02.978,0.78785,0.78805,1.00,1.00
2009.08.21 17:35:03.368,0.7878,0.78805,4.00,1.00
2009.08.21 17:35:04.338,0.78775,0.78805,20.50,1.00
2009.08.21 17:35:04.628,0.78785,0.78795,1.00,1.00
2009.08.21 17:35:05.028,0.7878,0.78805,4.40,1.00
2009.08.21 17:35:05.418,0.7878,0.78805,12.40,1.00
2009.08.21 17:35:05.768,0.78785,0.78815,4.00,10.90
2009.08.21 17:35:06.117,0.7879,0.78815,1.00,6.70
2009.08.21 17:35:06.577,0.7879,0.78815,4.00,6.70
2009.08.21 17:35:07.827,0.7879,0.78815,4.00,6.90
2009.08.21 17:35:08.947,0.7879,0.78815,4.00,6.50
2009.08.21 17:35:09.007,0.7879,0.78815,1.00,14.50
2009.08.21 17:35:09.517,0.7879,0.78815,1.00,14.90
2009.08.21 17:35:10.548,0.7879,0.78805,1.00,1.00
2009.08.21 17:35:10.767,0.7879,0.78805,1.00,1.00
2009.08.21 17:35:11.056,0.7879,0.78815,1.00,14.90
2009.08.21 17:35:11.296,0.7879,0.7881,1.00,1.00
2009.08.21 17:35:11.686,0.7879,0.78815,1.00,14.90
2009.08.21 17:35:13.476,0.7879,0.78805,1.00,1.00
2009.08.21 17:35:14.545,0.7879,0.78815,1.00,6.50
2009.08.21 17:35:14.895,0.7879,0.78815,4.00,6.50
2009.08.21 17:35:15.166,0.78795,0.78815,2.40,3.20
2009.08.21 17:35:15.505,0.788,0.78815,1.00,1.00
2009.08.21 17:35:15.915,0.788,0.7882,1.00,3.20
2009.08.21 17:35:16.435,0.788,0.78825,4.00,6.50
2009.08.21 17:35:16.946,0.78795,0.78825,2.90,14.50
2009.08.21 17:35:17.415,0.788,0.78825,1.00,12.50
2009.08.21 17:35:17.755,0.788,0.7882,1.00,1.00
2009.08.21 17:35:18.734,0.78805,0.78825,1.00,12.50
2009.08.21 17:35:19.074,0.78805,0.78825,1.00,4.50
2009.08.21 17:35:22.034,0.78805,0.78825,1.00,1.00
2009.08.21 17:35:22.154,0.7881,0.78825,1.00,1.00
2009.08.21 17:35:23.114,0.7881,0.7883,1.00,7.70
2009.08.21 17:35:23.463,0.7881,0.7883,1.00,8.00
2009.08.21 17:35:23.983,0.7881,0.7883,1.00,7.30
2009.08.21 17:35:24.443,0.7881,0.7883,1.00,7.20
2009.08.21 17:35:25.653,0.78805,0.7883,2.90,7.30
2009.08.21 17:35:27.012,0.78815,0.7883,1.00,7.30
2009.08.21 17:35:27.463,0.78815,0.7883,1.00,7.20
2009.08.21 17:35:28.102,0.78815,0.7883,1.00,5.60
2009.08.21 17:35:28.272,0.78815,0.7883,1.00,3.20
2009.08.21 17:35:28.582,0.78815,0.78835,1.00,6.30
2009.08.21 17:35:28.922,0.78815,0.7883,1.00,1.00
2009.08.21 17:35:29.312,0.78815,0.78835,1.00,6.30
2009.08.21 17:35:31.252,0.7881,0.78835,1.00,8.30
2009.08.21 17:35:31.601,0.7881,0.78835,1.00,12.30
2009.08.21 17:35:32.111,0.7881,0.78835,4.10,12.30
2009.08.21 17:35:32.281,0.78815,0.78835,1.00,4.30
2009.08.21 17:35:33.911,0.78815,0.7883,1.00,1.00
2009.08.21 17:35:34.191,0.7881,0.78835,2.10,4.30
2009.08.21 17:35:34.481,0.7881,0.78835,4.50,4.30
2009.08.21 17:35:34.831,0.78815,0.78835,1.00,4.30
2009.08.21 17:35:35.191,0.78825,0.7884,2.10,8.00
2009.08.21 17:35:35.701,0.7883,0.78845,1.00,1.30
2009.08.21 17:35:36.101,0.78815,0.7883,4.10,1.00
2009.08.21 17:35:36.440,0.78805,0.7883,8.00,10.30
2009.08.21 17:35:37.630,0.78795,0.78825,20.10,8.00
2009.08.21 17:35:37.970,0.78795,0.78825,16.10,1.00
2009.08.21 17:35:38.370,0.78795,0.78825,1.70,11.90
2009.08.21 17:35:38.730,0.78795,0.78825,9.70,11.90
2009.08.21 17:35:40.049,0.78795,0.78825,5.70,11.90
2009.08.21 17:35:43.528,0.78795,0.78825,4.00,11.90
2009.08.21 17:35:43.819,0.78795,0.78825,8.00,11.90
2009.08.21 17:35:44.728,0.78795,0.78825,8.00,4.10
2009.08.21 17:35:46.248,0.78795,0.78825,8.80,3.20
2009.08.21 17:35:46.468,0.78795,0.7883,12.00,12.10
2009.08.21 17:35:47.098,0.78795,0.7882,12.00,1.00
2009.08.21 17:35:58.487,0.7881,0.78835,1.00,4.10
2009.08.21 17:35:58.545,0.78805,0.78835,8.00,4.10
2009.08.21 17:35:58.775,0.7881,0.78835,1.00,6.30
2009.08.21 17:36:03.314,0.78805,0.78835,8.00,4.10
2009.08.21 17:36:04.243,0.7881,0.78835,1.00,6.30
2009.08.21 17:36:07.383,0.78805,0.78835,8.00,4.10
2009.08.21 17:36:08.532,0.78805,0.78835,8.00,6.30
2009.08.21 17:36:08.942,0.7881,0.78835,4.00,4.10
2009.08.21 17:36:09.292,0.7881,0.78835,4.00,6.30
2009.08.21 17:36:09.642,0.78815,0.7884,1.00,17.50
2009.08.21 17:36:10.102,0.7881,0.7884,4.00,12.10
2009.08.21 17:36:10.392,0.78805,0.78835,8.00,14.30
2009.08.21 17:36:10.622,0.78805,0.78835,8.00,12.10
2009.08.21 17:36:11.112,0.78805,0.78835,8.00,14.30
2009.08.21 17:36:11.982,0.78805,0.78835,8.00,12.10
2009.08.21 17:36:12.101,0.78805,0.78835,8.00,14.50
2009.08.21 17:36:12.312,0.78805,0.78835,8.00,10.50
2009.08.21 17:36:12.422,0.78805,0.78835,8.00,6.50
2009.08.21 17:36:12.831,0.78805,0.78835,8.00,10.50
2009.08.21 17:36:13.171,0.78805,0.78835,8.00,14.50
2009.08.21 17:36:13.921,0.78805,0.7883,8.00,4.30
2009.08.21 17:36:14.201,0.78795,0.7883,15.20,14.90
2009.08.21 17:36:14.651,0.7879,0.78825,8.10,14.30
2009.08.21 17:36:14.951,0.78795,0.78825,8.00,14.30
2009.08.21 17:36:15.891,0.788,0.78825,4.00,6.50
2009.08.21 17:36:16.121,0.788,0.78825,1.00,14.50
2009.08.21 17:36:16.591,0.788,0.78825,4.00,10.50
2009.08.21 17:36:16.941,0.788,0.78825,4.00,6.50
2009.08.21 17:36:17.240,0.788,0.78825,4.00,6.30
2009.08.21 17:36:17.760,0.788,0.7882,1.00,1.00
2009.08.21 17:36:18.060,0.788,0.7882,1.00,3.60
2009.08.21 17:36:18.750,0.788,0.78815,1.00,1.00
2009.08.21 17:36:20.610,0.78795,0.78815,8.00,1.00
2009.08.21 17:36:21.010,0.7879,0.7882,4.00,9.70
2009.08.21 17:36:21.309,0.7879,0.7882,4.00,11.70
2009.08.21 17:36:21.699,0.7879,0.78815,4.00,1.00
2009.08.21 17:36:22.399,0.7879,0.78815,4.00,2.40
2009.08.21 17:36:22.689,0.7879,0.78815,4.00,2.50
2009.08.21 17:36:22.959,0.7879,0.78815,4.00,2.40
2009.08.21 17:36:25.389,0.7879,0.78815,4.00,2.50
2009.08.21 17:36:33.516,0.7879,0.78815,4.00,4.10
2009.08.21 17:36:34.186,0.7879,0.78815,4.00,2.50
2009.08.21 17:36:35.836,0.7879,0.78815,6.40,2.50
2009.08.21 17:36:36.976,0.7879,0.78815,6.40,4.10
2009.08.21 17:36:37.146,0.78795,0.7881,1.00,1.00
2009.08.21 17:36:37.547,0.7879,0.78815,4.00,6.70
2009.08.21 17:36:37.946,0.7879,0.78815,4.10,6.70
2009.08.21 17:36:38.295,0.7879,0.7881,1.70,2.00
2009.08.21 17:36:38.525,0.7879,0.7881,1.70,1.60
2009.08.21 17:36:41.015,0.78795,0.78805,1.00,1.00
2009.08.21 17:36:41.365,0.78795,0.788,1.00,1.00
2009.08.21 17:36:41.704,0.78785,0.78805,1.00,3.30
2009.08.21 17:36:41.995,0.78785,0.7881,1.00,7.20
2009.08.21 17:36:42.235,0.78785,0.7881,4.00,1.60
2009.08.21 17:36:42.584,0.78785,0.7881,14.40,1.60
2009.08.21 17:36:43.044,0.7879,0.7881,4.00,1.60
2009.08.21 17:36:43.584,0.78795,0.7881,8.00,1.60
2009.08.21 17:36:46.384,0.788,0.7881,1.00,1.60
2009.08.21 17:36:47.003,0.78795,0.7881,8.00,1.60
2009.08.21 17:36:47.233,0.788,0.7881,1.00,1.60
2009.08.21 17:36:47.803,0.78795,0.7881,8.00,1.60
2009.08.21 17:36:48.323,0.788,0.7881,1.00,1.60
2009.08.21 17:36:48.893,0.78805,0.7881,1.00,1.00
2009.08.21 17:36:49.393,0.78805,0.7881,1.00,1.00
2009.08.21 17:36:53.092,0.78795,0.7881,15.30,1.00
2009.08.21 17:36:53.422,0.7881,0.7882,1.00,3.70
2009.08.21 17:36:54.082,0.78795,0.7881,16.90,1.00
2009.08.21 17:36:54.421,0.78795,0.7881,15.30,1.00
2009.08.21 17:36:55.431,0.78795,0.7881,12.10,1.00
2009.08.21 17:36:59.630,0.78795,0.78825,12.10,10.40
2009.08.21 17:37:00.910,0.788,0.78825,1.00,10.40
2009.08.21 17:37:01.140,0.788,0.78825,1.00,16.90
2009.08.21 17:37:03.739,0.78795,0.7882,4.00,11.20
2009.08.21 17:37:04.039,0.78795,0.7882,1.00,10.40
2009.08.21 17:37:07.388,0.78795,0.78825,8.00,10.40
2009.08.21 17:37:08.648,0.788,0.78825,1.00,10.40
2009.08.21 17:37:09.278,0.788,0.78825,1.00,13.60
2009.08.21 17:37:09.658,0.788,0.78825,1.00,16.90
2009.08.21 17:37:10.068,0.78795,0.7882,1.00,10.40
2009.08.21 17:37:11.917,0.78795,0.7882,1.00,17.30
2009.08.21 17:37:17.516,0.78795,0.7882,1.00,15.30
2009.08.21 17:37:17.576,0.78795,0.7882,1.00,13.70
2009.08.21 17:37:17.756,0.78795,0.7882,4.00,4.00
2009.08.21 17:37:18.036,0.78795,0.7882,8.00,3.30
2009.08.21 17:37:18.726,0.788,0.7882,1.00,3.20
2009.08.21 17:37:21.525,0.7881,0.7882,1.00,3.20
2009.08.21 17:37:22.095,0.788,0.7882,1.00,3.20
2009.08.21 17:37:22.155,0.788,0.78825,1.00,8.90
2009.08.21 17:37:22.825,0.788,0.78825,1.00,12.90
2009.08.21 17:37:23.175,0.788,0.78825,1.00,16.90
2009.08.21 17:37:23.724,0.788,0.7882,1.00,3.20
2009.08.21 17:37:24.464,0.788,0.78825,1.00,17.50
2009.08.21 17:37:24.824,0.78785,0.78815,8.00,6.50
2009.08.21 17:37:25.164,0.78785,0.7881,1.00,2.40
2009.08.21 17:37:25.534,0.7878,0.7881,4.80,2.40
2009.08.21 17:37:25.884,0.78785,0.7881,1.00,2.40
2009.08.21 17:37:26.584,0.78785,0.7881,1.00,2.50
2009.08.21 17:37:27.164,0.7879,0.7881,1.00,2.40
2009.08.21 17:37:28.313,0.78795,0.7881,1.00,2.50
2009.08.21 17:37:28.483,0.78795,0.7881,1.00,1.00
2009.08.21 17:37:28.873,0.78795,0.78815,1.00,2.40
2009.08.21 17:37:29.053,0.78795,0.7882,1.00,24.50
2009.08.21 17:37:30.533,0.78795,0.7882,1.00,24.30
2009.08.21 17:37:31.053,0.78795,0.7882,8.00,10.30
2009.08.21 17:37:31.403,0.78795,0.7882,8.00,9.50
2009.08.21 17:37:31.743,0.788,0.7882,1.00,9.50
2009.08.21 17:37:32.402,0.7881,0.7882,1.00,9.50
2009.08.21 17:37:32.702,0.7881,0.7882,1.00,3.20
2009.08.21 17:37:33.042,0.7881,0.78825,1.00,6.50
2009.08.21 17:37:33.452,0.788,0.78825,1.00,6.30
2009.08.21 17:37:34.072,0.788,0.78825,1.00,14.30
2009.08.21 17:37:36.802,0.788,0.7882,1.00,1.10
2009.08.21 17:37:37.082,0.78795,0.78805,8.00,1.00
2009.08.21 17:37:37.521,0.78795,0.78805,4.00,2.80
2009.08.21 17:37:37.931,0.7878,0.788,4.00,1.00
2009.08.21 17:37:38.321,0.78775,0.788,8.00,1.00
2009.08.21 17:37:38.841,0.78775,0.78805,8.90,2.40
2009.08.21 17:37:39.201,0.78785,0.7881,8.00,10.50
2009.08.21 17:37:40.001,0.78785,0.7881,8.00,10.30
2009.08.21 17:37:40.520,0.78785,0.7881,8.00,10.50
2009.08.21 17:37:41.200,0.78785,0.7881,8.00,10.30
2009.08.21 17:37:43.440,0.7879,0.7881,1.00,10.30
2009.08.21 17:37:43.730,0.7879,0.7881,1.00,7.10
2009.08.21 17:37:44.010,0.7879,0.7882,4.00,13.30
2009.08.21 17:37:44.360,0.7879,0.788,4.00,4.00
2009.08.21 17:37:44.770,0.7878,0.7881,8.00,8.00
2009.08.21 17:37:45.129,0.7878,0.7881,4.00,8.00
2009.08.21 17:37:45.429,0.7878,0.78815,4.00,16.90
2009.08.21 17:37:46.719,0.7878,0.7881,4.00,4.00
2009.08.21 17:37:46.889,0.78775,0.7881,20.10,8.00
2009.08.21 17:37:47.519,0.78775,0.78805,20.10,1.00
2009.08.21 17:37:48.079,0.78775,0.7881,20.10,8.00
2009.08.21 17:37:49.538,0.7878,0.7881,14.90,8.00
2009.08.21 17:37:49.928,0.7878,0.7881,10.40,1.00
2009.08.21 17:37:50.618,0.7878,0.7881,10.50,1.00
2009.08.21 17:38:01.295,0.78785,0.7881,8.00,1.00
2009.08.21 17:38:01.526,0.7878,0.7881,10.50,1.00
2009.08.21 17:38:01.756,0.7879,0.7881,1.60,1.00
2009.08.21 17:38:02.957,0.7879,0.78815,1.70,1.00
2009.08.21 17:38:03.305,0.7879,0.78815,1.60,1.00
2009.08.21 17:38:04.015,0.7879,0.7881,1.60,2.40
2009.08.21 17:38:04.135,0.78785,0.7881,4.00,4.00
2009.08.21 17:38:04.245,0.7878,0.7881,4.10,12.00
2009.08.21 17:38:04.605,0.7878,0.7881,6.40,8.00
2009.08.21 17:38:04.885,0.7878,0.78805,10.50,1.00
2009.08.21 17:38:05.805,0.7879,0.78805,1.00,1.00
2009.08.21 17:38:07.014,0.7878,0.7881,10.50,1.00
2009.08.21 17:38:08.554,0.78785,0.7881,12.00,1.00
2009.08.21 17:38:08.904,0.78785,0.7881,4.00,1.00
2009.08.21 17:38:09.883,0.78785,0.7881,4.00,1.00
2009.08.21 17:38:09.943,0.78785,0.7881,4.00,2.50
2009.08.21 17:38:12.065,0.78745,0.7877,4.00,1.00
2009.08.21 17:38:12.413,0.7875,0.7877,4.00,1.00
2009.08.21 17:38:12.763,0.78745,0.78765,12.00,1.00
2009.08.21 17:38:13.382,0.78745,0.78765,10.40,1.00
2009.08.21 17:38:14.032,0.7875,0.78765,1.60,1.00
2009.08.21 17:38:14.282,0.7875,0.78765,4.00,1.00
2009.08.21 17:38:15.372,0.7873,0.78735,39.30,1.00
2009.08.21 17:38:15.892,0.78715,0.78735,1.70,1.00
2009.08.21 17:38:16.582,0.78715,0.78735,1.70,1.00
2009.08.21 17:38:17.622,0.78715,0.7873,1.70,1.00
2009.08.21 17:38:18.311,0.7871,0.7873,3.20,1.00
2009.08.21 17:38:18.751,0.78705,0.78725,3.20,1.00
2009.08.21 17:38:19.091,0.78705,0.78725,3.20,1.00
2009.08.21 17:38:19.271,0.78705,0.78725,1.00,1.00
2009.08.21 17:38:19.611,0.78695,0.78725,12.10,1.00
2009.08.21 17:38:19.901,0.787,0.7873,4.00,10.10
2009.08.21 17:38:20.251,0.7871,0.7872,3.20,1.00
2009.08.21 17:38:20.541,0.7871,0.7872,1.00,1.00
2009.08.21 17:38:21.041,0.78705,0.7872,1.60,1.00
2009.08.21 17:38:21.541,0.787,0.7872,4.00,1.00
2009.08.21 17:38:22.080,0.787,0.7873,6.40,4.30
2009.08.21 17:38:22.610,0.78705,0.7873,8.00,4.50
2009.08.21 17:38:22.970,0.7869,0.78695,11.50,2.50
2009.08.21 17:38:23.320,0.78685,0.7869,4.00,3.30
2009.08.21 17:38:23.610,0.7867,0.7868,12.80,1.00
2009.08.21 17:38:23.850,0.78665,0.7868,12.00,1.00
2009.08.21 17:38:24.200,0.7866,0.7868,12.10,1.00
2009.08.21 17:38:24.540,0.7866,0.78675,12.00,1.00
2009.08.21 17:38:24.890,0.7866,0.78675,12.00,1.00
2009.08.21 17:38:25.240,0.78655,0.78675,21.70,1.00
2009.08.21 17:38:25.779,0.78655,0.78675,21.70,1.00
2009.08.21 17:38:28.119,0.78665,0.7868,1.00,1.00
2009.08.21 17:38:28.449,0.7866,0.78675,4.00,1.00
2009.08.21 17:38:28.849,0.7867,0.78685,4.00,2.40
2009.08.21 17:38:29.589,0.7867,0.78685,12.00,2.80
2009.08.21 17:38:29.939,0.78665,0.78685,16.00,2.80
2009.08.21 17:38:30.299,0.7865,0.78665,18.40,1.00
2009.08.21 17:38:30.639,0.7865,0.78665,12.00,1.00
2009.08.21 17:38:31.039,0.7864,0.78665,16.90,1.00
2009.08.21 17:38:31.548,0.7864,0.7867,16.90,10.10
2009.08.21 17:38:31.718,0.78645,0.78665,10.70,1.00
2009.08.21 17:38:32.278,0.78645,0.78665,1.00,1.00
2009.08.21 17:38:32.448,0.78645,0.78665,1.00,2.10
2009.08.21 17:38:33.478,0.78645,0.7866,1.00,1.00
2009.08.21 17:38:34.517,0.7865,0.7866,1.00,1.00
2009.08.21 17:38:35.647,0.7865,0.78665,1.00,8.40
2009.08.21 17:38:38.087,0.7865,0.78665,1.00,10.80
2009.08.21 17:38:38.367,0.7864,0.7866,1.00,1.00
2009.08.21 17:38:38.836,0.7865,0.7866,1.00,1.00
2009.08.21 17:38:39.466,0.78635,0.78655,1.00,1.00
2009.08.21 17:38:39.976,0.78635,0.7866,1.00,8.00
2009.08.21 17:38:40.316,0.78645,0.7866,1.00,8.00
2009.08.21 17:38:40.656,0.7863,0.7865,8.00,1.00
2009.08.21 17:38:41.056,0.78625,0.7865,16.90,1.00
2009.08.21 17:38:41.576,0.78625,0.7865,13.70,1.00
2009.08.21 17:38:41.876,0.78625,0.78655,13.70,4.50
2009.08.21 17:38:42.056,0.78625,0.78655,9.70,8.50
2009.08.21 17:38:42.276,0.78625,0.78655,4.90,10.40
2009.08.21 17:38:42.446,0.78625,0.78655,4.10,10.40
2009.08.21 17:38:45.175,0.78625,0.78655,8.10,6.40
2009.08.21 17:38:45.465,0.78625,0.78655,12.10,10.40
2009.08.21 17:38:47.044,0.7863,0.78655,1.00,10.40
2009.08.21 17:38:47.694,0.7863,0.78655,1.00,2.90
2009.08.21 17:38:48.224,0.78625,0.78645,12.00,1.00
2009.08.21 17:38:48.634,0.7863,0.7865,1.00,1.00
2009.08.21 17:38:48.954,0.78625,0.7865,4.00,2.10
2009.08.21 17:38:49.295,0.7863,0.78645,1.00,1.00
2009.08.21 17:38:49.414,0.78625,0.7865,1.00,8.40
2009.08.21 17:38:49.804,0.7863,0.7865,1.00,2.00
2009.08.21 17:38:50.154,0.7863,0.7865,1.00,1.00
2009.08.21 17:38:50.494,0.7863,0.7865,1.00,1.00
2009.08.21 17:38:50.773,0.78625,0.78655,8.00,7.30
2009.08.21 17:38:51.174,0.78635,0.7865,1.00,1.00
2009.08.21 17:38:51.503,0.7863,0.78655,1.00,5.30
2009.08.21 17:38:51.953,0.7864,0.7865,1.00,1.00
2009.08.21 17:38:52.513,0.7863,0.7865,1.00,1.00
2009.08.21 17:38:52.863,0.7862,0.78645,6.50,1.00
2009.08.21 17:38:53.933,0.78625,0.7865,4.00,2.00
2009.08.21 17:38:54.103,0.78625,0.7865,4.00,1.00
2009.08.21 17:38:54.553,0.7863,0.7865,1.00,1.00
2009.08.21 17:38:55.123,0.7864,0.7865,1.00,1.00
2009.08.21 17:38:55.523,0.7863,0.7864,4.00,1.00
2009.08.21 17:38:55.792,0.78625,0.7865,8.00,2.00
2009.08.21 17:38:56.022,0.78625,0.7865,8.00,2.40
2009.08.21 17:38:56.302,0.78625,0.7865,8.00,3.30
2009.08.21 17:38:56.632,0.7863,0.7865,1.00,3.20
2009.08.21 17:38:57.042,0.78625,0.7865,8.00,3.30
2009.08.21 17:38:57.482,0.7863,0.7865,1.00,3.20
2009.08.21 17:38:57.602,0.7863,0.7865,1.00,3.60
2009.08.21 17:38:57.722,0.7863,0.7865,1.00,2.00
2009.08.21 17:38:57.952,0.7863,0.7865,1.00,1.60
2009.08.21 17:38:58.242,0.78625,0.7865,8.00,1.70
2009.08.21 17:38:58.582,0.78625,0.7865,18.40,1.00
2009.08.21 17:38:58.862,0.78625,0.7865,18.40,1.00
2009.08.21 17:38:59.851,0.7864,0.78655,1.00,1.00
2009.08.21 17:39:00.121,0.7864,0.78655,1.00,2.10
2009.08.21 17:39:03.401,0.78635,0.78655,1.00,2.00
2009.08.21 17:39:03.571,0.7864,0.78655,1.00,2.10
2009.08.21 17:39:03.631,0.7864,0.7865,1.00,1.00
2009.08.21 17:39:03.910,0.78645,0.7866,1.00,5.60
2009.08.21 17:39:03.971,0.78645,0.78655,1.00,1.60
2009.08.21 17:39:06.330,0.7863,0.7865,4.10,1.00
2009.08.21 17:39:06.570,0.7863,0.78655,4.10,2.00
2009.08.21 17:39:07.150,0.78645,0.7866,1.00,9.60
2009.08.21 17:39:07.310,0.78645,0.78655,1.00,1.60
2009.08.21 17:39:07.570,0.78645,0.7866,1.00,1.00
2009.08.21 17:39:09.019,0.78635,0.7866,14.50,1.00
2009.08.21 17:39:09.189,0.78645,0.7866,1.00,1.00
2009.08.21 17:39:11.899,0.78635,0.7866,9.60,1.00
2009.08.21 17:39:12.119,0.7864,0.7866,1.00,2.10
2009.08.21 17:39:12.648,0.7864,0.7866,1.00,3.70
2009.08.21 17:39:13.568,0.7864,0.78655,1.00,1.00
2009.08.21 17:39:13.688,0.78635,0.7866,1.70,3.70
2009.08.21 17:39:14.958,0.7864,0.78655,1.00,1.00
2009.08.21 17:39:15.398,0.7864,0.7866,1.00,2.10
2009.08.21 17:39:15.738,0.7864,0.7866,1.00,1.00
2009.08.21 17:39:16.827,0.78645,0.7866,1.00,1.00
2009.08.21 17:39:18.327,0.78645,0.78665,1.70,12.30
2009.08.21 17:39:18.677,0.78645,0.78665,1.00,8.30
2009.08.21 17:39:19.187,0.7864,0.7866,1.00,2.00
2009.08.21 17:39:20.616,0.7864,0.78655,1.00,1.00
2009.08.21 17:39:23.416,0.7864,0.7866,1.00,1.00
2009.08.21 17:39:24.596,0.78645,0.7866,1.00,1.00
2009.08.21 17:39:25.276,0.7864,0.7866,1.00,2.10
2009.08.21 17:39:25.516,0.7864,0.78655,1.00,2.40
2009.08.21 17:39:25.745,0.7864,0.7865,1.00,1.00
2009.08.21 17:39:26.185,0.7863,0.7865,4.50,1.00
2009.08.21 17:39:26.535,0.7863,0.7865,4.00,1.00
2009.08.21 17:39:27.075,0.7863,0.7865,1.00,1.00
2009.08.21 17:39:27.895,0.7863,0.7865,1.00,1.00
2009.08.21 17:39:29.614,0.7863,0.78645,1.00,1.00
2009.08.21 17:39:31.444,0.7863,0.7865,1.00,1.00
2009.08.21 17:39:32.324,0.78635,0.7865,1.00,1.00
2009.08.21 17:39:32.433,0.78635,0.7865,1.00,1.00
2009.08.21 17:39:32.723,0.78635,0.7865,1.00,1.00
2009.08.21 17:39:34.863,0.78635,0.7865,1.00,1.00
2009.08.21 17:39:38.692,0.78635,0.7865,1.70,1.00
2009.08.21 17:39:38.962,0.78635,0.7866,4.50,7.70
2009.08.21 17:39:39.182,0.78635,0.7866,6.90,5.30
2009.08.21 17:39:39.242,0.7864,0.7866,4.00,1.00
2009.08.21 17:39:40.561,0.78645,0.7866,1.00,1.00
2009.08.21 17:39:42.131,0.78645,0.7866,1.00,1.00
2009.08.21 17:39:42.431,0.78645,0.7866,8.10,1.00
2009.08.21 17:39:42.791,0.78645,0.7867,18.50,1.00
2009.08.21 17:39:43.131,0.78645,0.7867,16.00,1.00
2009.08.21 17:39:43.641,0.7865,0.7868,6.40,5.50
2009.08.21 17:39:43.981,0.7865,0.78675,6.40,1.00
2009.08.21 17:39:44.741,0.78655,0.7868,1.00,3.70
2009.08.21 17:39:45.081,0.78655,0.7868,1.00,5.30
2009.08.21 17:39:46.040,0.78655,0.7868,1.00,3.70
2009.08.21 17:39:46.510,0.78655,0.7868,1.00,3.60
2009.08.21 17:39:46.810,0.7866,0.78685,2.40,2.90
2009.08.21 17:39:47.090,0.7866,0.78685,6.40,1.00
2009.08.21 17:39:47.710,0.78665,0.78685,1.00,1.00
2009.08.21 17:39:51.329,0.7866,0.78685,6.40,1.00
2009.08.21 17:39:51.499,0.7866,0.78685,6.40,5.90
2009.08.21 17:39:51.669,0.7866,0.7868,1.00,1.00
2009.08.21 17:39:54.218,0.78655,0.7868,4.00,2.10
2009.08.21 17:39:54.518,0.78655,0.7867,1.00,1.00
2009.08.21 17:39:54.858,0.7865,0.78665,1.00,1.00
2009.08.21 17:39:55.148,0.7865,0.7867,1.00,11.50
2009.08.21 17:39:55.598,0.7865,0.7867,1.00,4.80
2009.08.21 17:39:55.938,0.78655,0.78675,1.00,6.70
2009.08.21 17:39:58.167,0.78655,0.78675,4.10,2.40
2009.08.21 17:39:58.407,0.78655,0.7868,12.10,1.60
2009.08.21 17:39:58.467,0.7866,0.7868,4.00,1.00
2009.08.21 17:39:58.857,0.7866,0.7868,1.00,1.00
2009.08.21 17:40:02.166,0.7866,0.7868,5.30,1.00
2009.08.21 17:40:02.506,0.78665,0.78685,1.00,2.00
2009.08.21 17:40:04.836,0.78665,0.7869,1.00,16.30
2009.08.21 17:40:05.815,0.78665,0.78685,1.00,2.00
2009.08.21 17:40:06.777,0.78665,0.78685,1.00,1.00
2009.08.21 17:40:10.364,0.78665,0.7869,1.00,22.50
2009.08.21 17:40:10.586,0.78665,0.7869,1.00,17.70
2009.08.21 17:40:10.764,0.78675,0.7869,1.00,20.10
2009.08.21 17:40:11.404,0.78675,0.7869,1.00,19.70
2009.08.21 17:40:11.754,0.78675,0.7869,1.00,11.70
2009.08.21 17:40:12.784,0.78675,0.7869,1.00,1.00
2009.08.21 17:40:13.064,0.7867,0.78695,1.00,11.70
2009.08.21 17:40:13.414,0.7867,0.78695,1.00,3.70
2009.08.21 17:40:15.603,0.7867,0.78695,1.00,2.90
2009.08.21 17:40:15.843,0.7867,0.78695,1.00,2.10
2009.08.21 17:40:16.083,0.7867,0.78695,4.00,2.10
2009.08.21 17:40:16.373,0.78675,0.78695,1.00,2.00
2009.08.21 17:40:16.663,0.78665,0.78695,18.90,1.70
2009.08.21 17:40:16.903,0.78675,0.78695,1.00,1.60
2009.08.21 17:40:18.333,0.78675,0.787,1.00,8.00
2009.08.21 17:40:19.722,0.78675,0.787,1.00,3.60
2009.08.21 17:40:20.002,0.78675,0.787,1.00,8.00
2009.08.21 17:40:20.692,0.7867,0.787,4.00,8.00
2009.08.21 17:40:20.962,0.78665,0.78685,20.10,1.00
2009.08.21 17:40:21.196,0.78665,0.7869,15.30,2.00
2009.08.21 17:40:21.582,0.7867,0.7869,1.00,1.00
2009.08.21 17:40:21.982,0.7867,0.78695,1.00,2.10
2009.08.21 17:40:22.331,0.7867,0.78695,1.00,1.00
2009.08.21 17:40:22.562,0.7867,0.78695,4.80,1.00
2009.08.21 17:40:23.711,0.7867,0.7869,4.80,1.00
2009.08.21 17:40:24.001,0.7867,0.78695,3.70,3.30
2009.08.21 17:40:24.291,0.7867,0.78695,1.00,1.00
2009.08.21 17:40:24.751,0.7867,0.78685,1.00,2.00
2009.08.21 17:40:25.041,0.78665,0.78685,4.00,1.00
2009.08.21 17:40:25.561,0.78665,0.78685,4.10,1.00
2009.08.21 17:40:26.490,0.78665,0.78685,4.10,1.00
2009.08.21 17:40:29.950,0.78675,0.78685,1.00,1.00
2009.08.21 17:40:30.310,0.78665,0.78685,4.10,1.00
2009.08.21 17:40:30.999,0.78665,0.7869,4.10,2.10
2009.08.21 17:40:31.229,0.78665,0.7869,4.10,1.00
2009.08.21 17:40:31.679,0.78675,0.7869,1.00,1.00
2009.08.21 17:40:31.959,0.78675,0.78695,1.00,8.00
2009.08.21 17:40:32.189,0.78675,0.78695,1.00,3.70
2009.08.21 17:40:33.579,0.78675,0.7869,1.00,1.00
2009.08.21 17:40:33.819,0.78675,0.78695,1.00,2.50
2009.08.21 17:40:34.109,0.78675,0.78695,1.00,1.00
2009.08.21 17:40:34.349,0.78675,0.78695,3.20,1.00
2009.08.21 17:40:34.628,0.78675,0.7869,4.00,2.40
2009.08.21 17:40:35.040,0.78675,0.7868,2.40,1.00
2009.08.21 17:40:35.318,0.78675,0.7869,1.00,4.10
2009.08.21 17:40:35.648,0.78675,0.7869,1.00,2.10
2009.08.21 17:40:36.848,0.78665,0.7868,4.00,2.10
2009.08.21 17:40:37.078,0.7866,0.78675,7.30,1.00
2009.08.21 17:40:37.138,0.7865,0.78675,8.00,1.00
2009.08.21 17:40:37.368,0.7865,0.78675,4.00,1.00
2009.08.21 17:40:38.578,0.7866,0.7868,1.00,1.00
2009.08.21 17:40:39.078,0.78655,0.7868,4.00,1.00
2009.08.21 17:40:39.317,0.7865,0.7868,10.50,2.80
2009.08.21 17:40:39.648,0.78655,0.7867,1.00,1.00
2009.08.21 17:40:39.877,0.78645,0.7867,7.30,2.10
2009.08.21 17:40:40.687,0.7865,0.7868,13.30,10.30
2009.08.21 17:40:41.017,0.7866,0.7868,1.00,1.70
2009.08.21 17:40:41.767,0.78665,0.7868,1.00,1.00
2009.08.21 17:40:42.067,0.78665,0.78685,1.00,1.00
2009.08.21 17:40:42.587,0.78665,0.7868,1.00,1.00
2009.08.21 17:40:42.937,0.7866,0.78685,1.00,1.00
2009.08.21 17:40:43.107,0.78665,0.78685,1.00,1.00
2009.08.21 17:40:43.447,0.78665,0.78685,1.00,1.60
2009.08.21 17:40:43.927,0.78665,0.7868,1.00,1.00
2009.08.21 17:40:44.406,0.78665,0.78685,1.00,1.60
2009.08.21 17:40:44.736,0.78665,0.7868,1.00,1.00
2009.08.21 17:40:45.036,0.78665,0.7868,1.00,1.00
2009.08.21 17:40:45.556,0.78665,0.7868,1.00,1.00
2009.08.21 17:40:46.026,0.78665,0.7868,1.00,1.00
2009.08.21 17:40:46.366,0.78665,0.7868,1.00,1.00
2009.08.21 17:40:47.076,0.7866,0.7868,1.00,1.00
2009.08.21 17:40:47.415,0.7866,0.78675,1.00,1.00
2009.08.21 17:40:48.575,0.7866,0.78675,1.00,1.00
2009.08.21 17:40:51.195,0.7866,0.7868,1.00,1.00
2009.08.21 17:40:52.594,0.78665,0.7868,1.00,1.00
2009.08.21 17:40:55.244,0.7866,0.78675,1.00,1.00
2009.08.21 17:40:57.083,0.7866,0.78675,1.00,1.00
2009.08.21 17:40:57.493,0.7866,0.78675,1.00,1.00
2009.08.21 17:40:57.603,0.78655,0.78675,4.10,1.00
2009.08.21 17:40:57.713,0.78655,0.78675,6.50,1.00
2009.08.21 17:40:58.003,0.78655,0.78685,6.50,8.00
2009.08.21 17:40:58.563,0.78655,0.7868,12.00,1.00
2009.08.21 17:40:58.863,0.7865,0.7867,6.50,1.00
2009.08.21 17:40:59.273,0.7865,0.7867,4.10,1.00
2009.08.21 17:40:59.723,0.7865,0.78675,4.00,1.00
2009.08.21 17:41:00.133,0.78645,0.78675,20.80,1.00
2009.08.21 17:41:00.482,0.78645,0.78665,8.00,1.00
2009.08.21 17:41:00.833,0.78645,0.7867,8.00,4.80
2009.08.21 17:41:01.332,0.7865,0.78675,1.00,8.00
2009.08.21 17:41:01.692,0.7865,0.7867,1.00,1.00
2009.08.21 17:41:05.431,0.78655,0.78675,4.00,1.00
2009.08.21 17:41:05.891,0.78655,0.7868,8.00,1.00
2009.08.21 17:41:06.421,0.78655,0.7868,1.70,2.50
2009.08.21 17:41:06.711,0.7865,0.78675,4.00,2.80
2009.08.21 17:41:07.011,0.7866,0.7868,1.00,5.50
2009.08.21 17:41:07.291,0.7866,0.7868,1.00,11.30
2009.08.21 17:41:07.521,0.7866,0.7868,1.00,11.70
2009.08.21 17:41:07.851,0.7866,0.7868,1.00,7.70
2009.08.21 17:41:08.030,0.7866,0.7868,1.00,2.10
2009.08.21 17:41:08.610,0.78665,0.7868,1.00,2.10
2009.08.21 17:41:09.010,0.78665,0.7868,1.00,2.00
2009.08.21 17:41:09.310,0.78665,0.78685,1.00,4.00
2009.08.21 17:41:09.540,0.78665,0.78685,1.00,1.00
2009.08.21 17:41:10.170,0.78655,0.78685,20.10,1.00
2009.08.21 17:41:10.230,0.78655,0.78685,17.70,1.00
2009.08.21 17:41:10.580,0.7866,0.78685,3.30,1.00
2009.08.21 17:41:10.700,0.7866,0.78685,1.00,1.00
2009.08.21 17:41:10.810,0.7866,0.7868,1.00,1.60
2009.08.21 17:41:10.980,0.7866,0.78675,1.00,1.00
2009.08.21 17:41:11.880,0.7866,0.78685,1.00,8.00
2009.08.21 17:41:12.210,0.78655,0.78685,18.50,1.00
2009.08.21 17:41:12.730,0.7867,0.78685,1.00,1.00
2009.08.21 17:41:13.199,0.78665,0.7868,1.00,1.00
2009.08.21 17:41:13.549,0.7866,0.78675,1.00,1.00
2009.08.21 17:41:14.539,0.7866,0.78675,1.00,1.00
2009.08.21 17:41:15.539,0.7866,0.78685,1.00,8.00
2009.08.21 17:41:16.099,0.7866,0.78685,1.00,11.90
2009.08.21 17:41:16.499,0.7866,0.78675,1.00,1.00
2009.08.21 17:41:16.729,0.7865,0.78675,4.00,1.00
2009.08.21 17:41:16.909,0.78645,0.78675,17.70,8.00
2009.08.21 17:41:34.874,0.7865,0.78675,1.00,8.00
2009.08.21 17:41:39.193,0.7865,0.78675,1.00,11.90
2009.08.21 17:41:41.464,0.7865,0.78675,1.00,8.70
2009.08.21 17:41:41.813,0.7865,0.78675,1.00,4.00
2009.08.21 17:41:42.172,0.7865,0.78675,1.00,8.00
2009.08.21 17:42:00.078,0.7865,0.7867,1.00,1.00
2009.08.21 17:42:00.428,0.7865,0.78675,1.00,10.70
2009.08.21 17:42:00.838,0.78645,0.7867,4.00,5.10
2009.08.21 17:42:01.078,0.7864,0.7867,4.00,16.30
2009.08.21 17:42:01.668,0.78635,0.78665,12.10,8.00
2009.08.21 17:42:16.704,0.78635,0.78665,13.70,8.00
2009.08.21 17:42:16.924,0.7864,0.78665,8.00,1.00
2009.08.21 17:42:16.984,0.7864,0.7867,11.20,8.00
2009.08.21 17:42:17.474,0.78645,0.78675,8.00,8.50
2009.08.21 17:42:18.034,0.78645,0.78675,8.00,12.50
2009.08.21 17:42:18.324,0.7865,0.78675,1.00,8.00
2009.08.21 17:42:18.744,0.7865,0.78675,1.00,1.00
2009.08.21 17:42:18.863,0.78645,0.78675,12.10,4.00
2009.08.21 17:42:19.034,0.78645,0.78675,12.10,8.00
2009.08.21 17:42:19.883,0.78645,0.78675,20.10,4.00
2009.08.21 17:42:20.123,0.7865,0.78675,4.00,10.40
2009.08.21 17:42:21.963,0.7865,0.78675,8.00,4.00
2009.08.21 17:42:22.083,0.78655,0.7868,4.00,8.00
2009.08.21 17:42:22.423,0.78655,0.7868,4.00,4.00
2009.08.21 17:42:22.893,0.78655,0.7868,4.00,1.00
2009.08.21 17:42:23.242,0.78655,0.78685,4.00,10.40
2009.08.21 17:42:23.892,0.78655,0.78685,4.00,10.80
2009.08.21 17:42:24.472,0.78655,0.78685,4.00,10.40
2009.08.21 17:42:24.932,0.78655,0.78685,4.00,10.80
2009.08.21 17:42:25.642,0.78655,0.7868,4.00,1.00
2009.08.21 17:42:27.401,0.78655,0.7868,4.00,8.00
2009.08.21 17:42:28.811,0.78655,0.7868,3.20,8.00
2009.08.21 17:42:29.101,0.7865,0.7868,4.00,8.00
2009.08.21 17:42:34.050,0.78645,0.7867,1.70,10.40
2009.08.21 17:42:35.669,0.7864,0.7867,6.40,10.40
2009.08.21 17:42:35.839,0.7864,0.78665,6.40,2.40
2009.08.21 17:42:35.950,0.78645,0.7866,1.00,1.60
2009.08.21 17:42:36.240,0.78645,0.7866,1.00,8.00
2009.08.21 17:42:36.419,0.7863,0.7866,12.90,8.00
2009.08.21 17:42:36.649,0.7863,0.7866,10.50,8.00
2009.08.21 17:42:37.049,0.7864,0.7866,1.00,8.00
2009.08.21 17:42:37.790,0.7863,0.7866,10.50,1.70
2009.08.21 17:42:38.129,0.7863,0.7866,10.50,8.00
2009.08.21 17:42:44.067,0.7863,0.7866,10.50,4.00
2009.08.21 17:42:44.298,0.7863,0.7866,10.50,1.70
2009.08.21 17:42:44.537,0.7863,0.78655,9.60,1.00
2009.08.21 17:42:44.767,0.7863,0.7865,4.90,1.60
2009.08.21 17:42:45.047,0.7863,0.78655,1.70,14.30
2009.08.21 17:42:45.277,0.7863,0.78655,1.70,4.00
2009.08.21 17:42:45.687,0.7863,0.7866,1.70,24.50
2009.08.21 17:42:46.167,0.78635,0.78655,1.00,8.00
2009.08.21 17:42:46.637,0.78635,0.7866,1.00,8.00
2009.08.21 17:42:46.877,0.7863,0.7866,8.10,8.00
2009.08.21 17:42:48.366,0.78635,0.7866,4.50,8.00
2009.08.21 17:42:48.536,0.78635,0.7866,8.50,8.00
2009.08.21 17:42:48.716,0.7864,0.78665,4.00,2.40
2009.08.21 17:42:49.766,0.7864,0.78665,4.00,4.80
2009.08.21 17:42:50.046,0.78635,0.78665,14.50,10.40
2009.08.21 17:42:50.286,0.78635,0.78665,14.40,10.40
2009.08.21 17:42:50.576,0.78635,0.7866,4.00,8.00
2009.08.21 17:42:50.856,0.78635,0.7866,1.70,8.00
2009.08.21 17:42:54.375,0.7864,0.7866,1.00,8.00
2009.08.21 17:42:56.575,0.78645,0.7866,1.00,8.00
2009.08.21 17:42:56.974,0.78645,0.7866,1.00,5.70
2009.08.21 17:42:57.144,0.78635,0.78665,3.30,21.70
2009.08.21 17:42:57.364,0.7864,0.78665,1.00,21.50
2009.08.21 17:42:57.704,0.78635,0.78665,1.70,21.70
2009.08.21 17:42:57.824,0.7864,0.78665,1.00,21.50
2009.08.21 17:42:58.284,0.7864,0.7866,1.00,8.00
2009.08.21 17:42:58.404,0.7864,0.78665,1.00,21.50
2009.08.21 17:42:59.594,0.78635,0.78665,1.70,21.70
2009.08.21 17:42:59.944,0.78635,0.7866,1.70,8.00
2009.08.21 17:43:00.294,0.7864,0.7866,1.00,8.00
2009.08.21 17:43:01.673,0.78635,0.7866,1.70,8.00
2009.08.21 17:43:06.662,0.7864,0.7866,1.00,8.00
2009.08.21 17:43:07.502,0.78635,0.7866,1.00,8.00
2009.08.21 17:43:07.852,0.7864,0.7866,1.00,8.00
2009.08.21 17:43:09.511,0.7864,0.7866,1.00,4.00
2009.08.21 17:43:09.911,0.7864,0.78665,1.00,14.30
2009.08.21 17:43:12.011,0.7864,0.78655,1.00,1.00
2009.08.21 17:43:19.589,0.7864,0.7866,1.00,5.30
2009.08.21 17:43:19.929,0.7864,0.7866,1.00,2.10
2009.08.21 17:43:22.208,0.78645,0.7866,1.00,2.10
2009.08.21 17:43:26.887,0.78645,0.7866,1.00,1.00
2009.08.21 17:43:27.117,0.78645,0.78665,1.00,1.00
2009.08.21 17:43:27.767,0.7864,0.78665,10.50,1.00
2009.08.21 17:43:28.007,0.7865,0.7867,1.00,8.00
2009.08.21 17:43:28.117,0.7865,0.7867,1.00,2.00
2009.08.21 17:43:28.557,0.7865,0.7867,1.00,8.00
2009.08.21 17:43:28.917,0.7865,0.78675,1.00,10.40
2009.08.21 17:43:29.437,0.7865,0.7867,1.00,2.00
2009.08.21 17:43:29.848,0.7864,0.7867,8.10,10.40
2009.08.21 17:43:31.056,0.78645,0.7867,1.00,10.40
2009.08.21 17:43:32.246,0.7865,0.78675,1.00,8.00
2009.08.21 17:43:32.466,0.7865,0.78685,4.80,19.30
2009.08.21 17:43:33.426,0.7865,0.7868,1.00,8.00
2009.08.21 17:43:34.395,0.7865,0.78685,4.80,19.30
2009.08.21 17:43:34.745,0.7865,0.78675,4.80,2.40
2009.08.21 17:43:34.805,0.7865,0.78675,1.00,2.40
2009.08.21 17:43:36.025,0.7865,0.78675,1.00,2.50
2009.08.21 17:43:37.175,0.7865,0.78675,1.00,6.40
2009.08.21 17:43:37.525,0.7865,0.78675,1.00,10.40
2009.08.21 17:43:37.944,0.7865,0.78675,1.00,6.50
2009.08.21 17:43:38.174,0.7865,0.78675,1.00,2.50
2009.08.21 17:43:39.394,0.7865,0.7868,1.00,4.00
2009.08.21 17:43:39.514,0.7865,0.7868,4.80,4.10
2009.08.21 17:43:39.634,0.7865,0.78675,4.80,2.40
2009.08.21 17:43:39.924,0.7865,0.78675,1.00,2.40
2009.08.21 17:43:40.624,0.7865,0.78675,1.00,2.50
2009.08.21 17:43:41.104,0.7865,0.78675,1.00,1.00
2009.08.21 17:43:41.324,0.78655,0.7867,1.00,1.00
2009.08.21 17:43:41.673,0.7865,0.78675,4.80,2.50
2009.08.21 17:43:41.904,0.7865,0.78675,1.00,2.50
2009.08.21 17:43:42.253,0.7865,0.78675,1.00,10.40
2009.08.21 17:43:44.473,0.78645,0.7867,7.20,4.00
2009.08.21 17:43:44.533,0.78645,0.7867,7.20,10.40
2009.08.21 17:43:45.613,0.78645,0.7867,4.00,10.40
2009.08.21 17:43:46.662,0.78645,0.7867,4.00,8.00
2009.08.21 17:43:47.182,0.78645,0.78675,4.00,10.40
2009.08.21 17:43:47.532,0.78645,0.78675,4.10,10.40
2009.08.21 17:43:48.002,0.78645,0.78675,4.10,10.80
2009.08.21 17:43:48.232,0.78645,0.7867,1.00,2.00
2009.08.21 17:43:48.342,0.7865,0.78665,1.00,1.00
2009.08.21 17:43:51.724,0.7865,0.78665,8.50,1.00
2009.08.21 17:43:52.181,0.78665,0.78685,1.60,8.00
2009.08.21 17:43:52.571,0.7866,0.78685,4.00,2.10
2009.08.21 17:43:52.911,0.78655,0.78685,9.70,12.40
2009.08.21 17:43:53.371,0.78655,0.78685,9.60,12.50
2009.08.21 17:43:53.731,0.78655,0.78685,9.70,12.50
2009.08.21 17:43:54.081,0.78655,0.7868,7.20,1.00
2009.08.21 17:43:54.401,0.7866,0.78685,1.00,12.50
2009.08.21 17:43:54.740,0.78655,0.7868,1.00,1.00
2009.08.21 17:43:54.860,0.78655,0.78685,1.00,14.50
2009.08.21 17:43:55.780,0.7865,0.78685,18.10,14.50
2009.08.21 17:43:56.220,0.7865,0.78685,16.10,14.50
2009.08.21 17:43:56.450,0.7865,0.7868,8.00,1.00
2009.08.21 17:43:58.569,0.7865,0.7868,4.80,1.00
2009.08.21 17:43:59.689,0.7865,0.7868,4.80,4.00
2009.08.21 17:43:59.969,0.7865,0.7868,1.00,8.00
2009.08.21 17:44:00.209,0.7865,0.78675,1.00,2.40
2009.08.21 17:44:00.499,0.7865,0.78675,1.00,10.40
2009.08.21 17:44:01.079,0.7865,0.78675,1.00,6.40
2009.08.21 17:44:01.139,0.7865,0.78675,1.00,2.40
2009.08.21 17:44:01.319,0.7865,0.78675,1.00,2.50
2009.08.21 17:44:02.059,0.7865,0.78665,1.00,1.00
2009.08.21 17:44:02.399,0.7865,0.78665,3.30,1.00
2009.08.21 17:44:02.679,0.7865,0.7867,1.00,8.00
2009.08.21 17:44:02.978,0.78645,0.7867,1.00,4.00
2009.08.21 17:44:03.378,0.78645,0.7867,1.00,10.40
2009.08.21 17:44:17.105,0.7864,0.7867,8.10,10.40
2009.08.21 17:44:17.435,0.7865,0.78665,1.00,1.00
2009.08.21 17:44:17.545,0.78645,0.7867,6.90,4.00
2009.08.21 17:44:17.715,0.78645,0.7867,4.80,1.00
2009.08.21 17:44:17.835,0.78645,0.78675,12.00,4.10
2009.08.21 17:44:18.185,0.78645,0.78675,4.00,10.40
2009.08.21 17:44:19.565,0.78645,0.78675,4.10,10.40
2009.08.21 17:44:22.084,0.7865,0.78675,1.00,10.40
2009.08.21 17:44:22.494,0.7865,0.7866,1.00,1.00
2009.08.21 17:44:22.787,0.78645,0.7866,4.00,2.00
2009.08.21 17:44:23.084,0.78645,0.7865,1.00,1.00
2009.08.21 17:44:23.434,0.78635,0.7865,8.00,1.00
2009.08.21 17:44:23.484,0.7863,0.7865,1.00,1.00
2009.08.21 17:44:23.913,0.7863,0.78655,1.00,20.30
2009.08.21 17:44:24.274,0.7863,0.78655,1.00,7.10
2009.08.21 17:44:24.613,0.7863,0.7866,4.00,3.30
2009.08.21 17:44:25.123,0.7863,0.7866,8.00,3.30
2009.08.21 17:44:26.173,0.7863,0.7866,8.00,1.00
2009.08.21 17:44:27.143,0.78635,0.7866,4.00,1.00
2009.08.21 17:44:27.413,0.78635,0.7866,10.40,1.00
2009.08.21 17:44:28.054,0.78635,0.78665,10.40,4.90
2009.08.21 17:44:28.722,0.78645,0.78665,1.00,2.40
2009.08.21 17:44:29.022,0.78645,0.7867,1.00,8.00
2009.08.21 17:44:29.302,0.78655,0.78675,1.00,1.00
2009.08.21 17:44:29.542,0.7865,0.78675,9.60,1.00
2009.08.21 17:44:29.972,0.7865,0.78675,8.00,2.50
2009.08.21 17:44:30.362,0.78645,0.78675,15.30,2.40
2009.08.21 17:44:31.052,0.78645,0.78675,15.30,2.50
2009.08.21 17:44:31.552,0.78655,0.78675,1.00,2.40
2009.08.21 17:44:32.981,0.78645,0.78675,15.30,2.50
2009.08.21 17:44:33.321,0.78655,0.7867,1.00,1.00
2009.08.21 17:44:33.621,0.78645,0.78675,16.90,2.50
2009.08.21 17:44:33.981,0.78645,0.78675,19.30,1.00
2009.08.21 17:44:34.371,0.78655,0.78675,1.00,2.40
2009.08.21 17:44:34.591,0.7865,0.78675,1.00,2.50
2009.08.21 17:44:34.861,0.78655,0.78675,1.00,2.40
2009.08.21 17:44:35.861,0.7865,0.78675,1.00,2.50
2009.08.21 17:44:35.981,0.7865,0.78675,3.30,2.50
2009.08.21 17:44:36.220,0.78645,0.7867,8.00,1.00
2009.08.21 17:44:36.510,0.78645,0.78675,1.00,15.30
2009.08.21 17:44:36.670,0.78645,0.78675,1.00,18.50
2009.08.21 17:44:38.430,0.7864,0.78665,4.80,2.40
2009.08.21 17:44:38.720,0.78635,0.78665,17.70,2.40
2009.08.21 17:44:39.120,0.78635,0.78665,8.00,3.10
2009.08.21 17:44:39.180,0.78635,0.78665,8.00,8.70
2009.08.21 17:44:39.690,0.78635,0.78665,4.00,12.70
2009.08.21 17:44:39.920,0.7863,0.78665,8.10,16.70
2009.08.21 17:44:43.989,0.78635,0.78665,1.00,16.70
2009.08.21 17:44:44.738,0.7864,0.78665,1.00,14.30
2009.08.21 17:44:44.959,0.78635,0.78665,1.00,14.50
2009.08.21 17:44:45.238,0.78635,0.78665,1.00,16.70
2009.08.21 17:44:45.860,0.7863,0.7866,4.80,1.00
2009.08.21 17:44:46.328,0.7863,0.7866,8.00,1.00
2009.08.21 17:44:46.568,0.7863,0.78665,8.10,16.90
2009.08.21 17:44:47.078,0.7863,0.7866,8.00,1.00
2009.08.21 17:44:47.188,0.7863,0.78665,8.10,16.70
2009.08.21 17:44:47.648,0.7863,0.7866,8.00,1.00
2009.08.21 17:44:47.818,0.7863,0.78665,8.10,16.70
2009.08.21 17:44:48.277,0.7863,0.7866,8.00,1.00
2009.08.21 17:44:59.865,0.78635,0.7866,8.00,1.00
2009.08.21 17:45:00.155,0.78635,0.7866,10.40,1.00
2009.08.21 17:45:01.124,0.78635,0.7866,14.40,1.00
2009.08.21 17:45:01.744,0.7864,0.78665,1.00,2.50
2009.08.21 17:45:04.854,0.78635,0.78665,14.50,2.50
2009.08.21 17:45:05.024,0.78635,0.78665,14.50,2.40
2009.08.21 17:45:05.374,0.78635,0.7867,20.90,4.00
2009.08.21 17:45:05.734,0.7864,0.7867,8.00,1.00
2009.08.21 17:45:12.872,0.7864,0.78675,8.10,19.30
2009.08.21 17:45:13.102,0.7864,0.7867,8.10,1.60
2009.08.21 17:45:13.513,0.78645,0.78665,1.00,2.40
2009.08.21 17:45:14.591,0.78635,0.78665,20.10,2.50
2009.08.21 17:45:22.369,0.7864,0.78665,1.00,2.50
2009.08.21 17:45:22.589,0.78635,0.78665,14.40,2.50
2009.08.21 17:45:22.640,0.78635,0.78665,10.40,2.50
2009.08.21 17:45:22.849,0.78635,0.78665,8.00,6.30
2009.08.21 17:45:22.899,0.78635,0.78665,4.00,10.30
2009.08.21 17:45:23.119,0.78635,0.78665,1.00,14.30
2009.08.21 17:45:23.180,0.78635,0.78665,1.00,14.30
2009.08.21 17:45:23.819,0.7863,0.78665,4.80,14.50
2009.08.21 17:45:24.689,0.78635,0.78665,1.00,14.30
2009.08.21 17:45:26.638,0.78635,0.78665,1.00,17.50
2009.08.21 17:45:30.228,0.78635,0.78665,8.00,6.30
2009.08.21 17:45:30.918,0.78635,0.78665,14.40,2.40
2009.08.21 17:45:31.147,0.78635,0.78665,14.40,2.50
2009.08.21 17:45:31.387,0.78635,0.7866,14.40,1.00
2009.08.21 17:45:32.257,0.78645,0.7867,1.00,14.30
2009.08.21 17:45:32.597,0.7865,0.78665,1.00,1.00
2009.08.21 17:45:33.468,0.7864,0.78665,4.00,1.00
2009.08.21 17:45:33.867,0.7865,0.7867,1.00,11.90
2009.08.21 17:45:34.166,0.78645,0.78665,1.70,1.00
2009.08.21 17:45:34.387,0.78645,0.78665,1.00,1.00
2009.08.21 17:45:35.576,0.78645,0.7866,1.00,1.00
2009.08.21 17:45:36.196,0.7865,0.78665,1.00,1.00
2009.08.21 17:45:38.366,0.78645,0.7867,1.00,14.30
2009.08.21 17:45:41.965,0.78645,0.7866,1.00,1.00
2009.08.21 17:45:42.315,0.7864,0.7866,3.20,1.00
2009.08.21 17:45:42.545,0.7864,0.78655,1.00,1.00
2009.08.21 17:45:43.234,0.7863,0.78655,6.50,1.00
2009.08.21 17:45:43.704,0.7864,0.78655,1.00,1.00
2009.08.21 17:45:44.434,0.7863,0.78655,6.50,1.00
2009.08.21 17:45:44.664,0.7864,0.78655,1.00,1.00
2009.08.21 17:45:44.724,0.7863,0.78655,6.50,1.00
2009.08.21 17:45:45.524,0.7864,0.78655,1.00,1.00
2009.08.21 17:45:46.574,0.78635,0.7866,6.40,3.30
2009.08.21 17:45:46.924,0.7864,0.7866,1.00,3.20
2009.08.21 17:45:48.373,0.7864,0.7866,1.00,4.80
2009.08.21 17:45:48.543,0.7864,0.78655,1.00,1.00
2009.08.21 17:45:48.663,0.78635,0.78655,8.00,1.00
2009.08.21 17:45:49.013,0.7864,0.78655,1.00,1.00
2009.08.21 17:45:49.393,0.7863,0.78655,12.90,1.00
2009.08.21 17:45:50.143,0.7864,0.78655,1.00,1.00
2009.08.21 17:45:54.792,0.7863,0.78655,12.90,1.00
2009.08.21 17:45:54.901,0.7863,0.78655,12.90,1.00
2009.08.21 17:45:55.122,0.7864,0.78655,1.00,1.00
2009.08.21 17:45:55.461,0.7863,0.78655,12.90,1.00
2009.08.21 17:45:56.151,0.7864,0.78655,1.00,1.00
2009.08.21 17:45:56.832,0.7864,0.78655,1.00,1.30
2009.08.21 17:45:57.231,0.78635,0.7865,1.00,1.00
2009.08.21 17:45:57.571,0.7863,0.7865,1.70,1.00
2009.08.21 17:45:58.211,0.7863,0.78655,1.60,8.90
2009.08.21 17:45:58.571,0.7863,0.7866,4.00,14.10
2009.08.21 17:45:59.051,0.7863,0.7866,6.40,6.10
2009.08.21 17:45:59.631,0.7863,0.7866,6.50,6.10
2009.08.21 17:46:00.260,0.7863,0.7866,6.50,4.90
2009.08.21 17:46:00.830,0.7863,0.78655,8.90,1.00
2009.08.21 17:46:01.600,0.7863,0.7866,8.90,4.10
2009.08.21 17:46:02.010,0.7863,0.78655,4.00,2.10
2009.08.21 17:46:02.350,0.78625,0.78655,14.40,2.10
2009.08.21 17:46:02.780,0.78625,0.7865,14.40,1.00
2009.08.21 17:46:03.989,0.78635,0.7865,1.00,1.00
2009.08.21 17:46:04.859,0.7863,0.7865,1.00,1.00
2009.08.21 17:46:06.029,0.78635,0.7865,1.00,1.00
2009.08.21 17:46:08.128,0.7863,0.7865,1.00,1.00
2009.08.21 17:46:09.648,0.78635,0.7865,1.00,1.00
2009.08.21 17:46:11.078,0.78635,0.78655,1.00,1.00
2009.08.21 17:46:11.928,0.7864,0.78655,1.00,1.00
2009.08.21 17:46:14.907,0.78635,0.7866,18.50,1.00
2009.08.21 17:46:15.247,0.78635,0.7866,21.70,1.70
2009.08.21 17:46:16.047,0.78645,0.7866,1.00,1.70
2009.08.21 17:46:17.447,0.78645,0.7866,1.00,1.00
2009.08.21 17:46:19.535,0.78645,0.78665,1.00,3.20
2009.08.21 17:46:19.716,0.7864,0.78665,3.30,3.20
2009.08.21 17:46:19.775,0.7865,0.78665,1.00,1.00
2009.08.21 17:46:20.065,0.7865,0.7867,1.00,1.00
2009.08.21 17:46:21.515,0.78655,0.7867,1.00,1.00
2009.08.21 17:46:22.435,0.78655,0.78675,1.00,1.00
2009.08.21 17:46:22.725,0.78655,0.7867,1.00,1.00
2009.08.21 17:46:23.025,0.7865,0.7867,4.00,2.00
2009.08.21 17:46:23.325,0.7864,0.7867,10.40,4.50
2009.08.21 17:46:23.725,0.7864,0.7866,4.00,2.00
2009.08.21 17:46:24.084,0.7864,0.7866,1.00,2.00
2009.08.21 17:46:24.744,0.7864,0.78655,1.00,1.00
2009.08.21 17:46:28.664,0.7865,0.78665,1.00,1.00
2009.08.21 17:46:30.693,0.7864,0.78665,10.40,1.00
2009.08.21 17:46:31.533,0.7864,0.78665,8.00,1.00
2009.08.21 17:46:31.772,0.7864,0.78665,4.00,1.00
2009.08.21 17:46:34.342,0.78635,0.78665,17.70,1.00
2009.08.21 17:46:38.394,0.78645,0.78675,12.00,4.10
2009.08.21 17:46:38.731,0.7865,0.78675,1.70,1.70
2009.08.21 17:46:39.521,0.7865,0.78675,4.00,1.00
2009.08.21 17:46:40.650,0.7865,0.78675,1.70,1.00
2009.08.21 17:46:44.210,0.7865,0.78685,6.40,19.70
2009.08.21 17:46:44.560,0.78655,0.78685,1.00,19.70
2009.08.21 17:46:55.077,0.7865,0.7868,4.00,13.70
2009.08.21 17:46:55.197,0.7865,0.7868,4.90,23.70
2009.08.21 17:46:55.587,0.7865,0.7868,1.70,23.70
2009.08.21 17:46:56.267,0.7865,0.78675,1.70,1.00
2009.08.21 17:46:57.176,0.7865,0.78675,1.00,3.20
2009.08.21 17:46:57.637,0.78645,0.7867,8.00,1.00
2009.08.21 17:46:57.756,0.7864,0.78665,8.00,1.00
2009.08.21 17:46:59.106,0.7864,0.7867,8.10,1.00
2009.08.21 17:46:59.456,0.7864,0.78665,8.00,1.00
2009.08.21 17:46:59.576,0.7864,0.7867,8.10,1.00
2009.08.21 17:46:59.866,0.7864,0.78665,8.00,1.00
2009.08.21 17:47:00.926,0.7864,0.7867,8.10,1.00
2009.08.21 17:47:02.815,0.78645,0.7867,1.00,1.70
2009.08.21 17:47:03.045,0.78645,0.7867,1.00,8.50
2009.08.21 17:47:03.265,0.78645,0.7867,1.00,19.70
2009.08.21 17:47:03.495,0.78635,0.78665,14.40,1.00
2009.08.21 17:47:03.785,0.78635,0.78665,4.00,10.50
2009.08.21 17:47:04.125,0.78635,0.7866,4.00,1.00
2009.08.21 17:47:04.825,0.78635,0.78655,4.00,1.00
2009.08.21 17:47:05.604,0.7864,0.7866,9.60,1.00
2009.08.21 17:47:05.715,0.7864,0.7866,15.20,1.00
2009.08.21 17:47:06.584,0.7864,0.7866,15.30,1.00
2009.08.21 17:47:07.554,0.78645,0.7866,1.00,1.00
2009.08.21 17:47:08.234,0.78645,0.78675,1.00,21.70
2009.08.21 17:47:10.373,0.78645,0.78675,1.00,21.50
2009.08.21 17:47:10.723,0.78645,0.78675,6.50,11.30
2009.08.21 17:47:11.193,0.78645,0.78675,10.40,7.30
2009.08.21 17:47:11.883,0.7865,0.78675,1.00,7.30
2009.08.21 17:47:12.523,0.7865,0.78675,1.00,5.70
2009.08.21 17:47:12.983,0.7865,0.78675,1.00,1.70
2009.08.21 17:47:13.333,0.78645,0.7867,4.00,1.60
2009.08.21 17:47:14.533,0.7864,0.7867,10.50,1.70
2009.08.21 17:47:15.112,0.7865,0.78665,1.00,1.00
2009.08.21 17:47:15.902,0.78635,0.7866,12.00,6.00
2009.08.21 17:47:16.372,0.7863,0.7866,7.30,14.30
2009.08.21 17:47:16.782,0.7863,0.78655,1.00,8.00
2009.08.21 17:47:18.511,0.7863,0.78655,1.00,4.00
2009.08.21 17:47:18.741,0.7863,0.7866,1.00,14.50
2009.08.21 17:47:33.888,0.78635,0.7866,8.00,1.60
2009.08.21 17:47:34.248,0.7863,0.7866,10.50,1.60
2009.08.21 17:47:35.547,0.7863,0.7866,10.50,1.70
2009.08.21 17:47:36.117,0.7863,0.7866,10.50,1.60
2009.08.21 17:47:36.347,0.78635,0.78665,10.50,4.10
2009.08.21 17:47:37.557,0.7864,0.78665,1.00,4.10
2009.08.21 17:47:42.036,0.7864,0.78665,1.00,4.10
2009.08.21 17:47:45.855,0.7864,0.78665,1.00,4.10
2009.08.21 17:47:46.195,0.7864,0.78665,1.00,16.90
2009.08.21 17:47:49.074,0.7864,0.78665,1.00,3.20
2009.08.21 17:47:49.374,0.7865,0.78675,1.00,20.90
2009.08.21 17:47:49.544,0.7865,0.78675,1.00,16.90
2009.08.21 17:47:50.804,0.7865,0.78675,1.00,16.90
2009.08.21 17:47:51.483,0.7865,0.7867,1.00,1.00
2009.08.21 17:47:57.642,0.78645,0.7867,2.00,1.00
2009.08.21 17:47:58.272,0.78645,0.78675,2.00,17.30
2009.08.21 17:47:58.562,0.7864,0.78665,4.00,8.70
2009.08.21 17:47:58.672,0.7864,0.78665,1.00,8.70
2009.08.21 17:47:58.781,0.7864,0.78665,1.00,16.70
2009.08.21 17:47:59.831,0.7864,0.7866,1.00,1.00
2009.08.21 17:48:05.110,0.7864,0.78665,1.00,11.90
2009.08.21 17:48:05.341,0.7864,0.7866,1.00,1.00
2009.08.21 17:48:05.800,0.7863,0.7866,8.40,1.00
2009.08.21 17:48:06.200,0.7864,0.7866,1.00,1.00
2009.08.21 17:48:08.219,0.7864,0.78665,1.00,16.90
2009.08.21 17:48:08.629,0.7864,0.78665,1.00,11.90
2009.08.21 17:48:16.938,0.7864,0.7867,4.00,14.50
2009.08.21 17:48:17.297,0.78645,0.78665,1.00,1.00
2009.08.21 17:48:18.317,0.7865,0.7867,1.00,8.00
2009.08.21 17:48:18.847,0.7865,0.78675,1.00,14.50
2009.08.21 17:48:19.677,0.7865,0.78675,1.00,6.50
2009.08.21 17:48:21.276,0.7865,0.7867,1.00,4.00
2009.08.21 17:48:21.556,0.7865,0.7867,1.00,8.00
2009.08.21 17:48:22.336,0.7865,0.78665,1.00,1.00
2009.08.21 17:48:31.934,0.7865,0.7867,1.00,4.00
2009.08.21 17:48:32.104,0.7865,0.78675,1.00,4.10
2009.08.21 17:48:32.324,0.7865,0.78675,1.00,1.00
2009.08.21 17:48:32.724,0.7865,0.78675,1.00,1.00
2009.08.21 17:48:34.083,0.78645,0.7867,8.00,4.00
2009.08.21 17:48:34.493,0.78645,0.78665,4.00,4.00
2009.08.21 17:48:34.763,0.7864,0.78665,1.00,8.00
2009.08.21 17:48:37.532,0.7864,0.78665,1.00,1.00
2009.08.21 17:48:37.952,0.7864,0.78665,1.00,8.00
2009.08.21 17:48:38.482,0.78645,0.78665,1.60,8.00
2009.08.21 17:48:39.122,0.78645,0.7867,8.00,5.70
2009.08.21 17:48:39.512,0.78645,0.7867,1.70,11.90
2009.08.21 17:48:39.612,0.78645,0.7867,1.00,11.90
2009.08.21 17:48:40.542,0.78645,0.7867,1.00,8.00
2009.08.21 17:48:41.051,0.7865,0.7867,1.00,4.00
2009.08.21 17:48:41.552,0.7865,0.7867,4.00,1.00
2009.08.21 17:48:42.071,0.78645,0.7867,8.00,1.70
2009.08.21 17:48:42.411,0.7865,0.78665,1.00,1.00
2009.08.21 17:48:42.701,0.7865,0.7867,1.00,1.60
2009.08.21 17:48:43.211,0.7865,0.78665,1.00,1.00
2009.08.21 17:48:45.401,0.7865,0.7867,1.00,8.00
2009.08.21 17:48:45.680,0.7865,0.7867,1.00,4.00
2009.08.21 17:48:45.901,0.7865,0.78675,1.00,8.00
2009.08.21 17:48:46.370,0.7865,0.78675,1.00,2.50
2009.08.21 17:48:46.760,0.7865,0.7867,1.00,11.90
2009.08.21 17:48:47.790,0.7865,0.78665,1.00,1.00
2009.08.21 17:48:50.320,0.78645,0.78665,1.00,1.00
2009.08.21 17:48:50.499,0.78645,0.78665,1.00,1.70
2009.08.21 17:48:50.799,0.78645,0.78665,1.00,9.60
2009.08.21 17:48:51.199,0.78645,0.78665,1.00,8.00
2009.08.21 17:48:51.539,0.78645,0.78665,1.00,8.00
2009.08.21 17:48:51.819,0.78645,0.7867,1.00,12.10
2009.08.21 17:48:54.068,0.78635,0.78655,2.00,1.00
2009.08.21 17:48:54.358,0.7864,0.78655,1.00,1.00
2009.08.21 17:48:54.628,0.7864,0.7866,1.00,1.00
2009.08.21 17:48:54.898,0.78635,0.7866,2.00,8.00
2009.08.21 17:48:55.168,0.78645,0.78665,4.00,8.00
2009.08.21 17:48:55.518,0.78655,0.78665,1.00,8.00
2009.08.21 17:48:55.918,0.78655,0.78675,1.00,8.00
2009.08.21 17:48:56.258,0.78655,0.78675,1.00,1.00
2009.08.21 17:48:56.958,0.78655,0.78675,1.00,1.00
2009.08.21 17:48:57.298,0.78655,0.78675,1.00,1.00
2009.08.21 17:48:57.587,0.78655,0.78675,1.00,1.00
2009.08.21 17:48:57.877,0.7866,0.78675,1.00,1.00
2009.08.21 17:48:59.727,0.7865,0.78675,4.00,1.00
2009.08.21 17:49:00.197,0.7866,0.78675,1.00,1.00
2009.08.21 17:49:02.967,0.7865,0.7868,4.00,14.50
2009.08.21 17:49:03.376,0.7866,0.7868,1.00,4.50
2009.08.21 17:49:07.075,0.78665,0.78685,1.00,12.00
2009.08.21 17:49:07.415,0.78665,0.78685,1.00,1.00
2009.08.21 17:49:07.925,0.78665,0.78685,1.00,1.00
2009.08.21 17:49:08.325,0.7867,0.78685,1.00,1.00
2009.08.21 17:49:10.375,0.7867,0.7868,1.00,1.60
2009.08.21 17:49:10.614,0.78655,0.78665,5.60,2.10
2009.08.21 17:49:11.004,0.7865,0.78665,4.10,4.50
2009.08.21 17:49:11.344,0.78645,0.7866,1.00,1.00
2009.08.21 17:49:11.644,0.78645,0.78665,1.00,6.90
2009.08.21 17:49:12.104,0.78645,0.78665,1.00,6.50
2009.08.21 17:49:15.683,0.78635,0.78655,8.00,1.00
2009.08.21 17:49:16.183,0.78635,0.7866,1.00,11.70
2009.08.21 17:49:16.293,0.78635,0.78655,1.00,6.30
2009.08.21 17:49:16.643,0.78625,0.78655,4.00,10.50
2009.08.21 17:49:16.923,0.7863,0.78655,1.00,8.70
2009.08.21 17:49:17.203,0.7863,0.78655,1.00,10.30
2009.08.21 17:49:17.713,0.7863,0.78655,1.00,10.90
2009.08.21 17:49:18.233,0.78625,0.78655,8.40,10.50
2009.08.21 17:49:18.583,0.7863,0.7865,1.00,1.00
2009.08.21 17:49:18.923,0.78625,0.7865,1.00,9.70
2009.08.21 17:49:19.432,0.78625,0.7864,1.00,1.00
2009.08.21 17:49:19.592,0.78635,0.78655,1.00,13.60
2009.08.21 17:49:19.884,0.78635,0.78655,1.00,11.20
2009.08.21 17:49:20.222,0.78625,0.7865,10.80,8.00
2009.08.21 17:49:20.402,0.7863,0.78655,6.80,6.90
2009.08.21 17:49:20.572,0.78635,0.78655,4.00,6.90
2009.08.21 17:49:20.962,0.78635,0.78655,8.00,6.90
2009.08.21 17:49:21.612,0.78635,0.78655,8.00,6.70
2009.08.21 17:49:22.002,0.7864,0.78655,1.00,6.70
2009.08.21 17:49:22.351,0.78635,0.78655,8.00,3.90
2009.08.21 17:49:22.761,0.7864,0.78655,1.00,5.10
2009.08.21 17:49:23.041,0.78635,0.78655,8.00,5.30
2009.08.21 17:49:23.162,0.78635,0.7865,1.00,4.10
2009.08.21 17:49:23.611,0.7864,0.7865,1.00,4.00
2009.08.21 17:49:23.951,0.78635,0.7865,1.00,4.10
2009.08.21 17:49:24.342,0.78635,0.7865,1.00,10.50
2009.08.21 17:49:24.691,0.7863,0.7865,1.00,10.50
2009.08.21 17:49:24.911,0.78625,0.7865,8.00,10.50
2009.08.21 17:49:25.191,0.78625,0.7865,1.00,10.50
2009.08.21 17:49:29.300,0.7863,0.7865,1.00,4.10
2009.08.21 17:49:29.690,0.7863,0.7865,1.00,10.50
2009.08.21 17:49:29.910,0.7863,0.7865,1.00,14.50
2009.08.21 17:49:30.580,0.78625,0.7864,1.00,1.00
2009.08.21 17:49:32.059,0.7863,0.7865,1.00,14.50
2009.08.21 17:49:32.399,0.7863,0.7865,1.00,14.90
2009.08.21 17:49:33.209,0.7863,0.78645,1.00,1.30
2009.08.21 17:49:33.439,0.7862,0.7864,1.00,3.20
2009.08.21 17:49:33.789,0.78615,0.7864,8.00,4.10
2009.08.21 17:49:34.129,0.7861,0.7864,4.00,4.10
2009.08.21 17:49:34.759,0.78615,0.7864,1.00,9.50
2009.08.21 17:49:35.118,0.7861,0.7864,4.00,4.10
2009.08.21 17:49:35.469,0.7862,0.7864,1.00,9.50
2009.08.21 17:49:38.358,0.7862,0.7864,1.00,3.20
2009.08.21 17:49:38.418,0.7862,0.7864,1.00,5.60
2009.08.21 17:49:38.708,0.7862,0.78645,1.00,14.50
2009.08.21 17:49:38.768,0.7861,0.78645,10.90,12.10
2009.08.21 17:49:39.358,0.7862,0.78645,1.00,8.00
2009.08.21 17:49:39.807,0.7862,0.78645,1.00,4.00
2009.08.21 17:49:40.137,0.78615,0.78645,18.90,1.00
2009.08.21 17:49:40.418,0.78635,0.7865,1.00,8.00
2009.08.21 17:49:41.467,0.78635,0.7865,1.00,1.70
2009.08.21 17:49:41.757,0.7863,0.7865,1.00,1.70
2009.08.21 17:49:42.507,0.78635,0.7865,1.00,1.70
2009.08.21 17:49:42.797,0.7863,0.7865,4.50,1.60
2009.08.21 17:49:43.097,0.78635,0.7866,1.00,9.70
2009.08.21 17:49:44.526,0.78635,0.7866,1.00,9.70
2009.08.21 17:49:45.256,0.78635,0.7866,1.00,9.70
2009.08.21 17:49:45.366,0.78635,0.7866,1.00,9.70
2009.08.21 17:49:45.426,0.78635,0.7866,2.50,9.70
2009.08.21 17:49:45.696,0.7864,0.7866,1.00,6.30
2009.08.21 17:49:46.196,0.7864,0.78665,6.40,1.00
2009.08.21 17:49:46.546,0.7864,0.78665,6.80,1.00
2009.08.21 17:49:46.946,0.78645,0.7867,1.00,11.90
2009.08.21 17:49:51.145,0.78645,0.7867,1.00,8.00
2009.08.21 17:49:51.885,0.78645,0.7867,1.00,4.00
2009.08.21 17:49:51.995,0.78645,0.7867,1.00,3.70
2009.08.21 17:49:56.583,0.78645,0.7867,1.00,4.10
2009.08.21 17:49:59.772,0.7866,0.78675,1.00,11.20
2009.08.21 17:49:59.993,0.7866,0.7867,1.00,3.20
2009.08.21 17:50:00.353,0.7866,0.7868,1.00,3.20
2009.08.21 17:50:00.703,0.78665,0.7869,1.00,8.10
2009.08.21 17:50:01.102,0.78665,0.7869,1.00,10.30
2009.08.21 17:50:01.502,0.7867,0.787,4.00,9.70
2009.08.21 17:50:02.202,0.78675,0.787,1.00,9.70
2009.08.21 17:50:02.552,0.78675,0.787,1.00,3.30
2009.08.21 17:50:03.412,0.78675,0.78695,8.00,1.00
2009.08.21 17:50:03.582,0.78675,0.78695,4.00,1.00
2009.08.21 17:50:03.802,0.7867,0.78695,4.40,1.00
2009.08.21 17:50:03.972,0.7868,0.78695,1.00,1.00
2009.08.21 17:50:04.841,0.78665,0.78695,20.50,1.00
2009.08.21 17:50:05.241,0.7868,0.78695,1.00,1.00
2009.08.21 17:50:07.053,0.7868,0.787,1.00,11.90
2009.08.21 17:50:07.511,0.7868,0.787,4.00,4.80
2009.08.21 17:50:07.831,0.78675,0.787,8.00,10.30
2009.08.21 17:50:08.301,0.78675,0.787,8.00,9.50
2009.08.21 17:50:08.811,0.7868,0.787,1.00,9.50
2009.08.21 17:50:09.150,0.7868,0.78705,1.00,11.90
2009.08.21 17:50:09.490,0.7868,0.78705,1.00,4.10
2009.08.21 17:50:09.800,0.7868,0.78705,1.00,7.90
2009.08.21 17:50:10.070,0.7868,0.78705,1.00,8.00
2009.08.21 17:50:10.240,0.7868,0.7871,4.00,18.50
2009.08.21 17:50:10.660,0.7868,0.7871,4.00,10.50
2009.08.21 17:50:11.000,0.7868,0.7871,4.00,6.50
2009.08.21 17:50:11.411,0.7868,0.78705,1.00,11.90
2009.08.21 17:50:11.910,0.7868,0.78705,4.00,4.10
2009.08.21 17:50:12.210,0.7868,0.78705,4.00,1.00
2009.08.21 17:50:12.670,0.7868,0.787,4.00,5.50
2009.08.21 17:50:13.010,0.78675,0.787,4.50,19.10
2009.08.21 17:50:13.240,0.7868,0.787,1.00,8.00
2009.08.21 17:50:13.411,0.7868,0.787,1.00,5.60
2009.08.21 17:50:13.629,0.78685,0.787,1.00,3.20
2009.08.21 17:50:13.809,0.78685,0.78705,1.00,2.40
2009.08.21 17:50:14.659,0.78685,0.7871,1.00,6.30
2009.08.21 17:50:15.189,0.78685,0.7871,1.00,9.50
2009.08.21 17:50:15.539,0.78685,0.7871,1.00,7.90
2009.08.21 17:50:15.659,0.78685,0.7871,1.00,21.50
2009.08.21 17:50:16.058,0.78685,0.7871,1.00,9.50
2009.08.21 17:50:16.509,0.78685,0.7871,1.00,6.30
2009.08.21 17:50:16.859,0.78685,0.78705,1.00,2.40
2009.08.21 17:50:17.270,0.78685,0.787,1.00,1.00
2009.08.21 17:50:17.558,0.78675,0.787,2.10,15.90
2009.08.21 17:50:17.798,0.78675,0.787,1.00,19.10
2009.08.21 17:50:18.508,0.78675,0.787,10.40,5.60
2009.08.21 17:50:19.438,0.7868,0.787,1.00,5.60
2009.08.21 17:50:26.556,0.7868,0.78695,1.00,1.00
2009.08.21 17:50:27.466,0.7868,0.787,1.00,9.50
2009.08.21 17:50:28.446,0.78675,0.787,2.90,9.70
2009.08.21 17:50:28.735,0.7868,0.787,1.00,9.50
2009.08.21 17:50:30.106,0.78675,0.787,10.40,9.70
2009.08.21 17:50:30.285,0.7868,0.787,1.00,9.50
2009.08.21 17:50:30.585,0.78675,0.787,10.40,9.70
2009.08.21 17:50:31.045,0.7868,0.787,1.00,9.50
2009.08.21 17:50:32.425,0.7868,0.78695,1.00,1.00
2009.08.21 17:50:33.174,0.7868,0.787,1.00,11.10
2009.08.21 17:50:33.284,0.7868,0.78695,1.00,1.00
2009.08.21 17:50:33.454,0.7868,0.787,1.00,9.50
2009.08.21 17:50:34.324,0.78675,0.787,10.40,9.70
2009.08.21 17:50:34.664,0.7868,0.787,1.00,9.50
2009.08.21 17:50:35.874,0.78675,0.787,10.40,11.10
2009.08.21 17:50:36.054,0.78675,0.787,1.00,19.10
2009.08.21 17:50:36.394,0.78675,0.787,1.00,8.00
2009.08.21 17:50:36.944,0.78675,0.787,2.80,8.00
2009.08.21 17:50:37.174,0.78675,0.78705,2.90,15.30
2009.08.21 17:50:38.494,0.78675,0.787,2.90,1.00
2009.08.21 17:50:39.183,0.7868,0.78705,1.00,15.30
2009.08.21 17:50:41.942,0.78675,0.787,10.90,1.00
2009.08.21 17:50:42.242,0.7868,0.78705,1.00,15.30
2009.08.21 17:50:42.642,0.7868,0.78705,1.00,15.30
2009.08.21 17:50:42.703,0.7868,0.78705,2.90,11.50
2009.08.21 17:50:43.162,0.7868,0.78705,2.90,7.50
2009.08.21 17:50:43.692,0.78685,0.78705,1.00,7.50
2009.08.21 17:50:44.172,0.78685,0.78705,1.00,3.90
2009.08.21 17:50:44.512,0.78685,0.78705,1.00,1.20
2009.08.21 17:50:44.752,0.7868,0.7871,1.00,15.50
2009.08.21 17:50:45.042,0.78675,0.787,6.90,2.40
2009.08.21 17:50:45.272,0.78675,0.787,1.00,8.00
2009.08.21 17:50:45.602,0.7867,0.787,6.10,21.30
2009.08.21 17:50:45.841,0.7867,0.78695,1.00,8.00
2009.08.21 17:50:46.192,0.7867,0.787,1.00,17.70
2009.08.21 17:50:46.531,0.7867,0.787,4.00,17.70
2009.08.21 17:50:47.791,0.78675,0.787,2.80,17.70
2009.08.21 17:50:48.081,0.78675,0.787,10.80,9.70
2009.08.21 17:50:48.871,0.7868,0.787,1.00,9.50
2009.08.21 17:50:49.570,0.78675,0.787,8.00,11.10
2009.08.21 17:50:49.911,0.78675,0.787,1.00,19.50
2009.08.21 17:50:50.540,0.78675,0.787,1.00,19.10
2009.08.21 17:50:50.590,0.78675,0.787,1.00,19.30
2009.08.21 17:50:50.920,0.78675,0.787,1.00,8.00
2009.08.21 17:50:51.920,0.78675,0.78695,1.00,1.00
2009.08.21 17:50:52.160,0.78675,0.787,1.00,8.00
2009.08.21 17:50:53.830,0.78675,0.78695,1.00,1.00
2009.08.21 17:50:54.120,0.7867,0.78695,4.80,2.50
2009.08.21 17:50:54.459,0.7867,0.7869,1.00,1.00
2009.08.21 17:50:54.979,0.7867,0.78695,1.00,8.00
2009.08.21 17:50:55.359,0.7867,0.787,4.00,17.70
2009.08.21 17:50:55.949,0.78675,0.787,1.00,17.50
2009.08.21 17:50:56.179,0.7867,0.787,4.00,17.70
2009.08.21 17:50:56.409,0.78675,0.787,1.00,17.70
2009.08.21 17:50:57.149,0.7867,0.78695,1.00,8.00
2009.08.21 17:50:57.439,0.78675,0.78695,1.00,8.00
2009.08.21 17:50:57.729,0.7867,0.78695,1.00,8.00
2009.08.21 17:50:58.428,0.78675,0.78695,1.00,8.00
2009.08.21 17:50:58.889,0.78675,0.78695,1.00,17.10
2009.08.21 17:50:59.218,0.78665,0.7869,1.00,9.50
2009.08.21 17:51:00.388,0.7866,0.7869,6.40,9.70
2009.08.21 17:51:00.748,0.78665,0.7869,1.00,9.50
2009.08.21 17:51:01.098,0.7866,0.7869,6.40,9.70
2009.08.21 17:51:01.448,0.7867,0.7869,1.60,5.70
2009.08.21 17:51:01.838,0.78675,0.78695,6.80,1.00
2009.08.21 17:51:02.178,0.78675,0.787,10.80,7.30
2009.08.21 17:51:02.648,0.78675,0.787,10.90,7.30
2009.08.21 17:51:03.117,0.7868,0.787,1.00,7.20
2009.08.21 17:51:04.207,0.7868,0.78695,1.00,1.00
2009.08.21 17:51:04.507,0.78675,0.787,8.00,3.30
2009.08.21 17:51:04.857,0.78675,0.78695,1.00,1.00
2009.08.21 17:51:05.367,0.7867,0.78695,1.00,1.00
2009.08.21 17:51:05.817,0.7867,0.787,1.00,18.50
2009.08.21 17:51:06.696,0.7867,0.78695,4.00,1.00
2009.08.21 17:51:07.036,0.7867,0.787,4.00,18.50
2009.08.21 17:51:07.376,0.7867,0.78695,4.00,1.00
2009.08.21 17:51:07.726,0.78665,0.78695,14.40,4.10
2009.08.21 17:51:08.126,0.7867,0.7869,1.00,3.20
2009.08.21 17:51:08.526,0.7866,0.7869,9.30,15.10
2009.08.21 17:51:08.876,0.7866,0.7869,1.00,18.30
2009.08.21 17:51:09.376,0.7866,0.7869,1.00,18.50
2009.08.21 17:51:10.056,0.7866,0.78685,1.00,1.00
2009.08.21 17:51:10.346,0.7866,0.7869,1.00,18.50
2009.08.21 17:51:11.026,0.7866,0.7869,4.00,10.50
2009.08.21 17:51:18.704,0.7866,0.78685,4.00,1.00
2009.08.21 17:51:18.944,0.7866,0.7869,4.00,10.50
2009.08.21 17:51:19.625,0.78655,0.78685,18.50,1.00
2009.08.21 17:51:19.963,0.7866,0.78685,1.00,1.00
2009.08.21 17:51:20.313,0.7866,0.7869,1.00,18.50
2009.08.21 17:51:20.603,0.7866,0.7869,4.00,10.50
2009.08.21 17:51:24.122,0.7866,0.78685,4.00,1.00
2009.08.21 17:51:24.642,0.7866,0.7869,4.00,10.50
2009.08.21 17:51:24.822,0.7866,0.7869,4.00,3.90
2009.08.21 17:51:25.002,0.7866,0.7869,4.00,10.50
2009.08.21 17:51:26.672,0.7866,0.78685,4.00,1.00
2009.08.21 17:51:27.062,0.7866,0.7869,4.00,10.50
2009.08.21 17:51:27.641,0.7866,0.78685,4.00,1.00
2009.08.21 17:51:28.102,0.7866,0.7869,4.00,10.50
2009.08.21 17:51:29.061,0.7866,0.78685,4.00,1.00
2009.08.21 17:51:29.411,0.7866,0.7869,4.00,10.50
2009.08.21 17:51:30.771,0.7866,0.7869,4.00,16.90
2009.08.21 17:51:31.001,0.7866,0.7869,1.00,24.90
2009.08.21 17:51:31.231,0.7866,0.7869,1.00,28.90
2009.08.21 17:51:31.580,0.7866,0.78685,1.00,1.00
2009.08.21 17:51:31.811,0.7866,0.78685,1.00,1.00
2009.08.21 17:51:33.370,0.7866,0.78685,1.00,1.00
2009.08.21 17:51:33.540,0.7866,0.7869,4.00,14.90
2009.08.21 17:51:33.890,0.7866,0.7869,4.00,10.90
2009.08.21 17:51:34.720,0.7866,0.7869,4.00,3.90
2009.08.21 17:51:34.990,0.78665,0.7869,1.00,10.70
2009.08.21 17:51:35.580,0.7866,0.7869,4.00,18.90
2009.08.21 17:51:35.869,0.7866,0.7869,4.00,10.90
2009.08.21 17:51:37.249,0.7866,0.7869,4.00,4.30
2009.08.21 17:51:37.929,0.7866,0.7869,4.00,10.90
2009.08.21 17:51:41.148,0.7866,0.78685,4.00,1.00
2009.08.21 17:51:41.548,0.7866,0.7869,4.00,10.90
2009.08.21 17:51:41.838,0.7866,0.7869,4.00,4.30
2009.08.21 17:51:42.188,0.7866,0.78685,4.00,1.00
2009.08.21 17:51:42.588,0.7866,0.78685,4.00,4.30
2009.08.21 17:51:42.938,0.7866,0.78685,2.50,11.90
2009.08.21 17:51:43.238,0.78665,0.7868,2.40,4.00
2009.08.21 17:51:43.578,0.78665,0.78685,2.40,4.10
2009.08.21 17:51:43.928,0.78665,0.78685,2.40,8.00
2009.08.21 17:51:44.148,0.78665,0.78685,10.40,1.00
2009.08.21 17:51:44.368,0.78665,0.78685,10.50,1.00
2009.08.21 17:51:45.937,0.78665,0.78685,1.00,1.00
2009.08.21 17:51:47.227,0.78665,0.7869,1.00,5.70
2009.08.21 17:51:47.467,0.78665,0.7868,1.00,1.00
2009.08.21 17:51:48.287,0.78665,0.7869,1.00,5.70
2009.08.21 17:51:52.196,0.78665,0.7868,1.00,1.00
2009.08.21 17:51:52.935,0.78665,0.78685,1.00,1.60
2009.08.21 17:51:53.316,0.7866,0.78685,11.30,1.00
2009.08.21 17:51:53.815,0.78665,0.7869,1.00,5.70
2009.08.21 17:51:55.025,0.7866,0.7869,7.30,3.20
2009.08.21 17:51:55.195,0.7866,0.7869,10.50,3.30
2009.08.21 17:51:55.994,0.7866,0.7869,6.50,8.00
2009.08.21 17:51:56.105,0.7866,0.7869,10.50,8.00
2009.08.21 17:51:56.565,0.7866,0.7869,10.50,3.30
2009.08.21 17:51:58.214,0.7866,0.7868,10.50,1.00
2009.08.21 17:51:58.325,0.7866,0.7869,10.50,3.30
2009.08.21 17:51:59.384,0.7866,0.7869,10.50,3.20
2009.08.21 17:51:59.744,0.7867,0.78695,4.00,8.50
2009.08.21 17:52:00.094,0.7867,0.78695,8.00,4.50
2009.08.21 17:52:00.724,0.78675,0.78695,1.00,3.90
2009.08.21 17:52:01.134,0.78675,0.787,1.00,20.10
2009.08.21 17:52:03.493,0.7867,0.787,8.10,22.10
2009.08.21 17:52:03.793,0.7867,0.78695,1.00,8.00
2009.08.21 17:52:10.031,0.7867,0.78685,1.00,1.00
2009.08.21 17:52:12.890,0.78665,0.78685,1.00,1.70
2009.08.21 17:52:13.101,0.78665,0.78685,1.00,1.00
2009.08.21 17:52:13.440,0.78665,0.78685,1.00,1.70
2009.08.21 17:52:13.610,0.78665,0.78685,1.00,1.00
2009.08.21 17:52:14.810,0.78665,0.7868,1.00,1.00
2009.08.21 17:52:15.380,0.78665,0.7869,1.00,8.00
2009.08.21 17:52:15.500,0.78665,0.7869,1.00,6.50
2009.08.21 17:52:15.860,0.78665,0.7869,10.50,4.80
2009.08.21 17:52:16.200,0.78665,0.78695,8.00,10.50
2009.08.21 17:52:16.550,0.7866,0.7869,10.50,1.60
2009.08.21 17:52:17.649,0.7866,0.7869,10.50,1.70
2009.08.21 17:52:19.109,0.7866,0.7868,6.50,1.00
2009.08.21 17:52:19.559,0.7866,0.7868,10.50,1.00
2009.08.21 17:52:21.598,0.78665,0.7868,1.70,1.00
2009.08.21 17:52:21.879,0.7867,0.78685,1.00,1.00
2009.08.21 17:52:22.119,0.78675,0.7869,1.00,1.00
2009.08.21 17:52:23.568,0.78665,0.7867,1.00,8.00
2009.08.21 17:52:23.968,0.7865,0.78655,8.80,1.00
2009.08.21 17:52:24.248,0.7864,0.7865,12.80,6.10
2009.08.21 17:52:24.588,0.7863,0.78645,9.00,1.00
2009.08.21 17:52:25.118,0.78625,0.78655,16.10,1.70
2009.08.21 17:52:25.458,0.7863,0.78655,4.00,1.70
2009.08.21 17:52:28.447,0.7863,0.78645,1.00,1.00
2009.08.21 17:52:28.797,0.78635,0.7865,1.00,1.70
2009.08.21 17:52:30.686,0.78635,0.7865,1.00,1.00
2009.08.21 17:52:30.796,0.78625,0.7865,1.00,6.50
2009.08.21 17:52:31.016,0.78625,0.7865,1.00,6.40
2009.08.21 17:52:31.356,0.78625,0.7865,1.00,10.40
2009.08.21 17:52:31.706,0.78625,0.7865,1.00,10.80
2009.08.21 17:52:32.106,0.78625,0.78645,1.00,1.00
2009.08.21 17:52:32.856,0.78635,0.78645,1.00,1.00
2009.08.21 17:52:33.196,0.78625,0.78645,1.00,1.00
2009.08.21 17:52:33.316,0.7862,0.7865,1.70,14.90
2009.08.21 17:52:33.546,0.78625,0.78645,1.00,1.00
2009.08.21 17:52:33.786,0.78625,0.78645,1.00,4.30
2009.08.21 17:52:34.016,0.78625,0.78645,1.00,6.30
2009.08.21 17:52:34.725,0.7862,0.7864,1.00,2.40
2009.08.21 17:52:35.055,0.7861,0.78635,4.90,2.40
2009.08.21 17:52:35.355,0.7861,0.78635,4.00,2.40
2009.08.21 17:52:35.755,0.7861,0.78635,1.70,10.40
2009.08.21 17:52:35.995,0.7861,0.78635,1.00,14.30
2009.08.21 17:52:36.285,0.78605,0.7863,8.00,3.90
2009.08.21 17:52:36.575,0.78605,0.7863,8.00,9.50
2009.08.21 17:52:37.445,0.786,0.7863,4.00,17.50
2009.08.21 17:52:37.795,0.786,0.7863,4.00,8.00
2009.08.21 17:52:38.465,0.78605,0.7863,4.00,4.00
2009.08.21 17:52:38.814,0.78605,0.7863,10.40,1.00
2009.08.21 17:52:39.614,0.7861,0.78635,1.00,17.70
2009.08.21 17:52:42.903,0.7861,0.7863,1.00,1.00
2009.08.21 17:52:43.473,0.7861,0.78625,1.00,1.00
2009.08.21 17:52:43.883,0.78605,0.7863,1.00,3.70
2009.08.21 17:52:44.633,0.7861,0.78625,1.00,1.00
2009.08.21 17:52:44.933,0.78605,0.7863,1.00,17.70
2009.08.21 17:52:45.443,0.7861,0.78625,1.00,1.00
2009.08.21 17:52:45.783,0.78605,0.7863,1.00,17.70
2009.08.21 17:52:46.013,0.7861,0.78625,1.00,1.00
2009.08.21 17:52:46.702,0.78605,0.7863,1.00,17.70
2009.08.21 17:52:47.622,0.7861,0.7863,1.00,14.50
2009.08.21 17:52:53.181,0.7861,0.7863,1.00,8.00
2009.08.21 17:52:53.481,0.78615,0.78635,1.00,2.40
2009.08.21 17:52:53.821,0.78615,0.78645,1.00,21.70
2009.08.21 17:52:54.701,0.78625,0.78645,1.00,21.70
2009.08.21 17:52:56.411,0.78625,0.7864,1.00,1.70
2009.08.21 17:52:57.100,0.78625,0.7864,1.00,1.00
2009.08.21 17:52:57.680,0.78625,0.7864,1.00,1.70
2009.08.21 17:52:58.030,0.7862,0.7864,1.00,1.70
2009.08.21 17:52:58.370,0.7862,0.7864,1.00,8.00
2009.08.21 17:52:59.979,0.7862,0.7864,1.00,4.00
2009.08.21 17:53:00.319,0.7862,0.7864,1.00,3.20
2009.08.21 17:53:01.009,0.7862,0.7864,1.00,3.20
2009.08.21 17:53:02.289,0.7862,0.7864,1.00,3.20
2009.08.21 17:53:02.709,0.7862,0.7864,1.00,4.00
2009.08.21 17:53:02.949,0.7862,0.7864,1.00,8.00
2009.08.21 17:53:08.427,0.7862,0.7864,1.00,13.60
2009.08.21 17:53:08.707,0.7862,0.7864,1.00,8.00
2009.08.21 17:53:09.957,0.7862,0.78635,1.00,1.00
2009.08.21 17:53:10.177,0.7862,0.7864,1.00,8.00
2009.08.21 17:53:11.368,0.7862,0.7864,1.00,8.00
2009.08.21 17:53:11.716,0.7862,0.7864,1.00,5.60
2009.08.21 17:53:16.995,0.78625,0.7864,1.00,5.70
2009.08.21 17:53:17.535,0.7862,0.7864,1.00,5.60
2009.08.21 17:53:18.155,0.7862,0.7864,1.00,3.60
2009.08.21 17:53:18.555,0.78625,0.7864,1.00,3.20
2009.08.21 17:53:18.715,0.78625,0.7864,1.00,9.70
2009.08.21 17:53:19.684,0.7862,0.7864,1.00,9.50
2009.08.21 17:53:20.196,0.7862,0.7864,1.00,6.30
2009.08.21 17:53:20.594,0.78625,0.7864,1.00,3.30
2009.08.21 17:53:20.984,0.78625,0.7864,1.00,1.00
2009.08.21 17:53:30.002,0.7863,0.78645,1.00,1.00
2009.08.21 17:53:30.442,0.78625,0.7864,1.00,1.00
2009.08.21 17:53:30.962,0.78635,0.7865,1.00,8.00
2009.08.21 17:53:31.202,0.78635,0.7865,1.00,5.70
2009.08.21 17:53:31.602,0.78635,0.7865,1.00,1.00
2009.08.21 17:53:36.300,0.78625,0.78655,1.00,14.50
2009.08.21 17:53:36.531,0.78625,0.78655,1.00,17.70
2009.08.21 17:53:37.111,0.78625,0.7864,1.00,1.00
2009.08.21 17:53:41.469,0.78625,0.7865,2.10,14.50
2009.08.21 17:53:41.809,0.78625,0.78645,1.70,1.00
2009.08.21 17:53:42.459,0.7863,0.7865,1.00,3.30
2009.08.21 17:53:42.869,0.7863,0.7865,4.50,1.00
2009.08.21 17:53:43.219,0.78635,0.78655,1.70,1.00
2009.08.21 17:53:43.769,0.78635,0.78655,1.00,1.00
2009.08.21 17:53:50.487,0.78635,0.7866,1.00,8.00
2009.08.21 17:53:50.777,0.7863,0.7866,4.00,10.10
2009.08.21 17:53:51.117,0.7863,0.7866,4.00,18.10
2009.08.21 17:53:51.587,0.78635,0.7866,8.00,5.70
2009.08.21 17:53:52.107,0.78635,0.7866,1.00,5.70
2009.08.21 17:53:52.457,0.78635,0.7866,1.00,1.00
2009.08.21 17:53:52.787,0.78645,0.7866,1.00,1.00
2009.08.21 17:53:55.646,0.7864,0.7866,1.00,1.70
2009.08.21 17:53:56.146,0.7864,0.7866,1.00,1.00
2009.08.21 17:53:56.666,0.78635,0.78665,8.00,6.50
2009.08.21 17:53:57.176,0.78635,0.7866,1.00,9.70
2009.08.21 17:53:57.475,0.7863,0.7866,4.00,9.70
2009.08.21 17:53:58.985,0.78635,0.7866,1.00,9.70
2009.08.21 17:53:59.395,0.78635,0.78655,1.00,3.20
2009.08.21 17:53:59.845,0.7863,0.78655,1.00,6.30
2009.08.21 17:54:01.984,0.78625,0.7865,4.00,1.00
2009.08.21 17:54:02.214,0.78625,0.7865,1.00,5.70
2009.08.21 17:54:03.434,0.78615,0.78645,20.90,8.00
2009.08.21 17:54:03.494,0.78615,0.7864,11.30,1.60
2009.08.21 17:54:04.064,0.78615,0.7864,12.10,1.60
2009.08.21 17:54:04.174,0.7862,0.7864,11.70,1.60
2009.08.21 17:54:04.234,0.7862,0.78645,11.70,8.00
2009.08.21 17:54:04.524,0.7862,0.78645,6.40,4.00
2009.08.21 17:54:04.874,0.7862,0.7865,6.40,5.70
2009.08.21 17:54:05.903,0.78625,0.7865,1.00,5.70
2009.08.21 17:54:09.382,0.78625,0.7865,1.00,11.70
2009.08.21 17:54:09.882,0.78625,0.7865,1.00,19.70
2009.08.21 17:54:10.572,0.78625,0.7864,1.00,1.00
2009.08.21 17:54:11.082,0.78625,0.7865,1.00,8.00
2009.08.21 17:54:11.422,0.78625,0.7865,1.00,5.70
2009.08.21 17:54:11.952,0.7863,0.7865,1.00,5.60
2009.08.21 17:54:14.192,0.7863,0.7865,1.00,3.20
2009.08.21 17:54:14.671,0.7863,0.78655,1.00,17.70
2009.08.21 17:54:20.860,0.7862,0.7865,10.50,1.00
2009.08.21 17:54:23.039,0.78625,0.7865,1.00,2.50
2009.08.21 17:54:23.979,0.7862,0.78645,4.00,2.40
2009.08.21 17:54:24.389,0.78615,0.78645,19.30,8.00
2009.08.21 17:54:24.739,0.7862,0.7865,10.10,8.00
2009.08.21 17:54:25.449,0.7862,0.7865,10.10,4.00
2009.08.21 17:54:25.559,0.7862,0.7865,6.40,5.70
2009.08.21 17:54:26.778,0.78625,0.7865,1.00,5.70
2009.08.21 17:54:27.588,0.78625,0.7865,2.50,5.70
2009.08.21 17:54:27.708,0.78625,0.7865,4.10,5.70
2009.08.21 17:54:27.828,0.78625,0.78655,8.10,13.70
2009.08.21 17:54:28.088,0.78625,0.7865,12.10,1.00
2009.08.21 17:54:29.668,0.7863,0.7865,1.00,1.00
2009.08.21 17:54:29.837,0.7863,0.7865,1.00,1.70
2009.08.21 17:54:30.328,0.78625,0.78645,1.70,1.00
2009.08.21 17:54:30.497,0.7862,0.78645,4.10,1.00
2009.08.21 17:54:31.377,0.7862,0.7864,4.80,6.10
2009.08.21 17:54:31.717,0.7862,0.7864,1.00,8.00
2009.08.21 17:54:31.997,0.7862,0.78645,1.00,8.00
2009.08.21 17:54:32.587,0.7861,0.7863,8.00,1.60
2009.08.21 17:54:32.947,0.7861,0.78635,4.00,4.00
2009.08.21 17:54:33.397,0.78615,0.78645,8.00,4.10
2009.08.21 17:54:33.567,0.7861,0.78645,10.50,11.90
2009.08.21 17:54:34.786,0.7862,0.78645,1.00,11.90
2009.08.21 17:54:35.076,0.7862,0.78645,1.00,8.10
2009.08.21 17:54:35.136,0.7862,0.78645,1.00,4.10
2009.08.21 17:54:36.666,0.7862,0.78645,1.00,1.00
2009.08.21 17:54:38.046,0.7862,0.78645,1.00,4.00
2009.08.21 17:54:40.205,0.78625,0.7864,4.00,4.00
2009.08.21 17:54:40.535,0.78625,0.78655,8.00,10.40
2009.08.21 17:54:40.705,0.78625,0.78655,8.00,10.50
2009.08.21 17:54:40.815,0.78625,0.78655,8.00,6.50
2009.08.21 17:54:41.045,0.7863,0.78655,1.00,6.50
2009.08.21 17:54:41.315,0.7863,0.78655,1.00,4.10
2009.08.21 17:54:41.425,0.7863,0.78655,4.00,4.10
2009.08.21 17:54:44.334,0.7863,0.78655,1.00,17.70
2009.08.21 17:54:44.384,0.78625,0.7865,2.10,14.10
2009.08.21 17:54:44.504,0.7863,0.7865,1.00,14.00
2009.08.21 17:54:44.794,0.7863,0.7865,1.00,6.00
2009.08.21 17:54:45.844,0.7863,0.78645,1.00,1.00
2009.08.21 17:54:46.194,0.78625,0.7864,2.10,1.00
2009.08.21 17:54:46.434,0.7863,0.78645,1.00,1.00
2009.08.21 17:54:48.903,0.7863,0.7865,1.00,6.10
2009.08.21 17:54:49.303,0.7863,0.7865,1.00,1.70
2009.08.21 17:54:50.493,0.78635,0.7865,1.00,1.70
2009.08.21 17:54:50.553,0.78635,0.78655,1.00,4.10
2009.08.21 17:54:50.783,0.78635,0.78655,1.00,4.00
2009.08.21 17:54:51.012,0.7863,0.7865,1.00,1.00
2009.08.21 17:54:51.533,0.78635,0.7865,1.00,1.00
2009.08.21 17:54:52.312,0.7864,0.78655,1.00,1.70
2009.08.21 17:54:53.052,0.78635,0.7865,1.00,1.00
2009.08.21 17:54:53.282,0.7864,0.78655,1.00,1.00
2009.08.21 17:54:53.852,0.7864,0.7866,1.00,21.30
2009.08.21 17:54:53.912,0.7864,0.7866,1.00,15.30
2009.08.21 17:54:58.841,0.7864,0.78655,1.00,1.00
2009.08.21 17:55:00.330,0.7864,0.78655,1.00,1.00
2009.08.21 17:55:01.830,0.78645,0.7866,1.00,1.70
2009.08.21 17:55:02.800,0.7864,0.78655,1.00,1.00
2009.08.21 17:55:04.519,0.78645,0.7866,1.00,1.70
2009.08.21 17:55:04.699,0.7864,0.78655,1.00,1.00
2009.08.21 17:55:11.497,0.7864,0.78655,1.00,1.00
2009.08.21 17:55:12.607,0.78635,0.7865,1.00,1.00
2009.08.21 17:55:13.777,0.78635,0.7865,2.10,1.00
2009.08.21 17:55:14.117,0.7864,0.78655,1.00,1.00
2009.08.21 17:55:14.977,0.7864,0.78655,1.00,1.00
2009.08.21 17:55:21.285,0.7864,0.7866,1.00,11.70
2009.08.21 17:55:21.965,0.78635,0.78655,1.00,1.00
2009.08.21 17:55:22.265,0.78635,0.7865,1.00,1.00
2009.08.21 17:55:22.895,0.7864,0.7866,1.00,16.10
2009.08.21 17:55:23.225,0.78635,0.78645,1.00,1.00
2009.08.21 17:55:23.684,0.7863,0.78645,1.00,1.00
2009.08.21 17:55:23.975,0.78625,0.78645,8.00,6.30
2009.08.21 17:55:24.264,0.7862,0.78645,1.00,7.90
2009.08.21 17:55:24.614,0.7862,0.7864,1.00,1.00
2009.08.21 17:55:25.734,0.78625,0.7864,1.00,1.00
2009.08.21 17:55:26.254,0.78625,0.7864,1.00,1.00
2009.08.21 17:55:29.153,0.78625,0.7864,1.00,1.00
2009.08.21 17:55:29.613,0.7862,0.78645,1.00,6.30
2009.08.21 17:55:29.993,0.7862,0.78635,1.00,1.00
2009.08.21 17:55:30.273,0.7862,0.78635,1.00,1.00
2009.08.21 17:55:38.871,0.78615,0.78635,1.00,2.70
2009.08.21 17:55:39.161,0.7861,0.7863,4.90,2.00
2009.08.21 17:55:39.451,0.7861,0.7863,1.00,5.20
2009.08.21 17:55:40.620,0.7861,0.78625,1.00,1.00
2009.08.21 17:55:45.389,0.7861,0.78625,1.00,1.00
2009.08.21 17:55:46.749,0.78605,0.7862,1.00,1.00
2009.08.21 17:55:47.099,0.78605,0.7862,1.00,1.00
2009.08.21 17:55:48.949,0.78605,0.7862,1.00,1.00
2009.08.21 17:55:57.946,0.78605,0.7862,1.00,1.00
2009.08.21 17:55:58.876,0.78605,0.7862,1.00,1.00
2009.08.21 17:56:13.903,0.78615,0.7862,1.00,1.00
2009.08.21 17:56:15.032,0.78615,0.78625,1.00,1.60
2009.08.21 17:56:18.731,0.78605,0.78625,1.00,1.60
2009.08.21 17:56:20.701,0.78605,0.7862,1.00,1.00
2009.08.21 17:56:24.890,0.786,0.7862,1.60,4.90
2009.08.21 17:56:25.300,0.78585,0.7861,11.30,1.00
2009.08.21 17:56:25.420,0.78585,0.7861,4.10,1.00
2009.08.21 17:56:26.629,0.78585,0.7861,4.10,1.00
2009.08.21 17:56:27.619,0.78585,0.78605,4.10,1.00
2009.08.21 17:56:28.089,0.78595,0.7861,1.00,1.00
2009.08.21 17:56:28.609,0.78585,0.78605,4.10,1.00
2009.08.21 17:56:32.798,0.78585,0.7861,4.10,1.00
2009.08.21 17:56:33.168,0.78585,0.7861,6.50,1.00
2009.08.21 17:56:33.558,0.7859,0.7861,4.00,1.00
2009.08.21 17:56:33.788,0.78585,0.7861,14.50,1.00
2009.08.21 17:56:34.008,0.78585,0.7861,8.10,1.00
2009.08.21 17:56:34.408,0.78585,0.7861,12.10,1.00
2009.08.21 17:56:34.748,0.78585,0.7861,14.50,1.00
2009.08.21 17:56:35.847,0.78585,0.78615,14.50,8.00
2009.08.21 17:56:36.017,0.78585,0.7862,14.50,16.10
2009.08.21 17:56:37.567,0.78585,0.7861,14.50,1.00
2009.08.21 17:56:38.427,0.78585,0.78615,14.50,8.40
2009.08.21 17:56:41.446,0.78595,0.78615,1.00,8.00
2009.08.21 17:56:41.916,0.78595,0.78615,2.50,8.00
2009.08.21 17:56:42.156,0.78595,0.7862,10.40,3.60
2009.08.21 17:56:42.656,0.786,0.7862,1.00,3.60
2009.08.21 17:56:42.896,0.7861,0.78625,1.00,8.00
2009.08.21 17:56:43.255,0.78605,0.7863,1.00,25.70
2009.08.21 17:56:43.605,0.786,0.7863,6.90,9.70
2009.08.21 17:56:43.986,0.78595,0.7863,16.90,17.70
2009.08.21 17:56:51.603,0.78595,0.78625,6.50,8.00
2009.08.21 17:56:52.213,0.78595,0.7863,6.50,19.70
2009.08.21 17:56:52.563,0.78595,0.7862,12.00,1.00
2009.08.21 17:56:52.913,0.78595,0.78625,12.00,10.90
2009.08.21 17:56:53.603,0.78595,0.78625,4.00,10.90
2009.08.21 17:56:56.532,0.786,0.78625,1.00,10.90
2009.08.21 17:56:56.882,0.78595,0.78625,12.00,1.00
2009.08.21 17:56:57.102,0.786,0.78625,1.00,1.00
2009.08.21 17:56:57.332,0.78595,0.7863,12.00,14.90
2009.08.21 17:56:57.572,0.78595,0.78625,12.00,1.00
2009.08.21 17:56:57.812,0.786,0.7863,4.00,8.00
2009.08.21 17:56:58.302,0.786,0.78635,4.00,22.50
2009.08.21 17:56:58.592,0.78595,0.78625,17.70,2.80
2009.08.21 17:56:59.042,0.78595,0.78625,7.30,10.40
2009.08.21 17:56:59.622,0.78595,0.7862,7.20,1.00
2009.08.21 17:56:59.912,0.78595,0.78625,7.30,10.40
2009.08.21 17:57:10.489,0.78605,0.7862,1.00,1.00
2009.08.21 17:57:23.166,0.78595,0.78625,15.30,2.90
2009.08.21 17:57:24.685,0.78595,0.78625,11.30,6.90
2009.08.21 17:57:24.916,0.78595,0.78625,7.30,10.40
2009.08.21 17:57:27.335,0.78595,0.78625,7.30,10.80
2009.08.21 17:57:30.384,0.786,0.78615,1.00,1.00
2009.08.21 17:57:36.753,0.78595,0.78615,2.50,2.10
2009.08.21 17:57:37.092,0.78595,0.78615,1.00,9.60
2009.08.21 17:57:37.612,0.78595,0.7861,1.00,1.00
2009.08.21 17:57:43.781,0.78595,0.7861,1.00,1.70
2009.08.21 17:57:44.661,0.78595,0.7861,1.00,2.10
2009.08.21 17:57:45.810,0.78595,0.78615,1.00,1.30
2009.08.21 17:57:46.500,0.786,0.78615,1.00,1.30
2009.08.21 17:57:47.380,0.78595,0.7861,1.00,1.00
2009.08.21 17:57:48.580,0.78595,0.7861,1.00,1.00
2009.08.21 17:57:52.379,0.7859,0.78615,10.50,1.00
2009.08.21 17:57:52.899,0.786,0.78625,4.00,4.00
2009.08.21 17:57:53.409,0.786,0.7863,4.00,6.50
2009.08.21 17:57:53.699,0.7861,0.7863,1.00,6.50
2009.08.21 17:57:54.898,0.786,0.78625,4.00,1.00
2009.08.21 17:57:55.538,0.786,0.7863,4.00,22.10
2009.08.21 17:57:55.658,0.786,0.78625,4.00,1.00
2009.08.21 17:57:55.878,0.786,0.7863,4.00,8.10
2009.08.21 17:57:56.168,0.786,0.7863,4.00,4.10
2009.08.21 17:57:56.578,0.78605,0.7863,1.00,4.10
2009.08.21 17:57:57.617,0.78605,0.7863,1.00,13.70
2009.08.21 17:57:57.907,0.78605,0.78625,1.00,2.40
2009.08.21 17:57:58.717,0.78605,0.7862,1.00,1.00
2009.08.21 17:58:02.526,0.78605,0.7863,1.00,11.90
2009.08.21 17:58:03.046,0.786,0.7863,4.00,4.10
2009.08.21 17:58:03.726,0.786,0.7863,4.00,8.50
2009.08.21 17:58:04.036,0.78595,0.7862,17.60,4.00
2009.08.21 17:58:04.306,0.786,0.78625,3.20,1.70
2009.08.21 17:58:04.766,0.786,0.7863,4.00,4.70
2009.08.21 17:58:04.996,0.786,0.7863,4.00,4.10
2009.08.21 17:58:06.505,0.78605,0.7863,1.00,4.10
2009.08.21 17:58:09.545,0.786,0.7863,4.00,4.10
2009.08.21 17:58:10.835,0.78605,0.7863,1.00,4.10
2009.08.21 17:58:11.174,0.78595,0.78625,18.50,1.00
2009.08.21 17:58:11.524,0.78595,0.78625,16.10,1.00
2009.08.21 17:58:11.924,0.78605,0.78625,1.00,1.00
2009.08.21 17:58:12.435,0.78605,0.7862,1.00,1.00
2009.08.21 17:58:34.339,0.78595,0.78625,16.10,1.00
2009.08.21 17:58:34.739,0.78605,0.7862,1.00,1.00
2009.08.21 17:58:36.388,0.78595,0.78625,16.10,1.00
2009.08.21 17:58:36.758,0.78605,0.7862,1.00,1.00
2009.08.21 17:58:56.393,0.78605,0.7862,7.30,1.00
2009.08.21 17:58:56.503,0.78605,0.7862,14.50,1.00
2009.08.21 17:58:56.733,0.78605,0.7862,18.50,1.00
2009.08.21 17:58:58.003,0.78615,0.7863,1.00,1.00
2009.08.21 17:59:09.230,0.78615,0.7863,1.00,4.10
2009.08.21 17:59:09.460,0.7861,0.7863,1.00,6.50
2009.08.21 17:59:09.970,0.7861,0.7863,1.00,14.50
2009.08.21 17:59:10.550,0.78615,0.7863,1.00,21.70
2009.08.21 17:59:15.379,0.78615,0.78625,1.00,5.50
2009.08.21 17:59:15.719,0.7861,0.78625,1.00,11.90
2009.08.21 17:59:16.249,0.78615,0.78625,1.00,11.90
2009.08.21 17:59:22.177,0.786,0.78625,1.00,11.90
2009.08.21 17:59:22.687,0.786,0.78625,1.00,4.10
2009.08.21 17:59:22.747,0.786,0.78625,1.00,11.90
2009.08.21 17:59:25.596,0.786,0.78625,1.00,14.50
2009.08.21 17:59:26.286,0.78605,0.78625,1.00,19.30
2009.08.21 17:59:26.646,0.786,0.78615,1.00,1.00
2009.08.21 17:59:27.306,0.78605,0.78625,1.00,19.30
2009.08.21 17:59:28.156,0.786,0.78615,1.00,1.00
2009.08.21 17:59:30.785,0.7859,0.78615,4.00,1.00
2009.08.21 17:59:31.425,0.78585,0.78615,16.10,1.00
2009.08.21 17:59:31.715,0.78585,0.78615,12.10,1.00
2009.08.21 17:59:33.334,0.7859,0.78615,4.00,1.00
2009.08.21 17:59:35.124,0.78585,0.78615,16.10,1.00
2009.08.21 17:59:35.354,0.78585,0.78615,12.10,1.00
2009.08.21 17:59:35.634,0.7859,0.78615,4.00,1.00
2009.08.21 17:59:41.053,0.7859,0.78615,4.00,2.50
2009.08.21 17:59:41.802,0.78595,0.78615,1.00,2.40
2009.08.21 17:59:42.162,0.7859,0.78615,4.00,2.50
2009.08.21 17:59:42.512,0.78595,0.78615,1.00,2.40
2009.08.21 17:59:43.722,0.7859,0.78615,4.00,2.50
2009.08.21 17:59:54.020,0.78595,0.7862,1.00,8.00
2009.08.21 17:59:54.190,0.78595,0.7862,8.00,5.60
2009.08.21 17:59:54.579,0.786,0.7862,1.00,5.60
2009.08.21 17:59:55.019,0.786,0.7862,1.00,3.20
2009.08.21 17:59:55.079,0.786,0.78625,1.00,7.30
