2016.05.19 09:00:00.353,0.79396,0.79404,1.50,1.00
2016.05.19 09:00:00.927,0.79398,0.79404,1.00,1.00
2016.05.19 09:00:01.465,0.79397,0.79404,1.12,1.00
2016.05.19 09:00:01.770,0.79396,0.79407,1.12,1.87
2016.05.19 09:00:02.065,0.79396,0.79403,1.12,1.00
2016.05.19 09:00:02.218,0.79396,0.79406,1.12,1.87
2016.05.19 09:00:02.733,0.79396,0.79406,1.87,1.50
2016.05.19 09:00:03.241,0.79396,0.79405,1.00,1.50
2016.05.19 09:00:03.624,0.794,0.79407,1.00,1.01
2016.05.19 09:00:03.727,0.794,0.79408,1.50,1.94
2016.05.19 09:00:03.778,0.794,0.79408,2.25,1.94
2016.05.19 09:00:03.931,0.79397,0.79408,1.50,2.25
2016.05.19 09:00:05.230,0.79397,0.79408,1.00,2.25
2016.05.19 09:00:05.780,0.79398,0.79408,1.00,2.25
2016.05.19 09:00:06.015,0.79396,0.79408,1.50,2.25
2016.05.19 09:00:06.117,0.79393,0.79402,1.50,1.00
2016.05.19 09:00:06.424,0.79393,0.79397,1.00,1.00
2016.05.19 09:00:06.908,0.7939,0.794,3.75,1.00
2016.05.19 09:00:07.060,0.79396,0.79401,1.00,1.00
2016.05.19 09:00:07.112,0.79394,0.79401,1.87,1.00
2016.05.19 09:00:07.163,0.79397,0.79401,1.00,1.00
2016.05.19 09:00:08.338,0.79397,0.79406,1.00,1.12
2016.05.19 09:00:08.849,0.79396,0.79405,1.50,1.00
2016.05.19 09:00:10.042,0.79396,0.79405,1.50,1.00
2016.05.19 09:00:10.475,0.79394,0.79403,1.75,1.00
2016.05.19 09:00:10.825,0.79387,0.79391,7.50,1.00
2016.05.19 09:00:11.131,0.79383,0.79389,7.50,1.00
2016.05.19 09:00:11.233,0.79385,0.79391,7.50,1.25
2016.05.19 09:00:11.766,0.79385,0.7939,6.75,1.00
2016.05.19 09:00:12.073,0.79389,0.79401,6.74,1.87
2016.05.19 09:00:12.582,0.79386,0.79391,3.37,1.03
2016.05.19 09:00:12.684,0.79388,0.79393,3.37,1.01
2016.05.19 09:00:13.037,0.79391,0.79405,6.75,16.10
2016.05.19 09:00:13.575,0.79388,0.79395,6.75,1.25
2016.05.19 09:00:13.948,0.7939,0.794,6.75,9.28
2016.05.19 09:00:14.547,0.79388,0.79395,4.50,1.69
2016.05.19 09:00:15.056,0.79388,0.79398,5.25,12.73
2016.05.19 09:00:15.600,0.79386,0.79393,6.75,1.69
2016.05.19 09:00:15.961,0.79383,0.79391,3.00,1.00
2016.05.19 09:00:16.684,0.79383,0.79391,3.00,1.00
2016.05.19 09:00:17.466,0.79384,0.79393,2.25,3.28
2016.05.19 09:00:18.187,0.79384,0.7939,6.75,1.00
2016.05.19 09:00:18.492,0.79383,0.79388,6.75,1.00
2016.05.19 09:00:18.594,0.7938,0.79388,7.50,1.00
2016.05.19 09:00:19.119,0.7938,0.79386,7.50,1.00
2016.05.19 09:00:19.447,0.79386,0.79393,7.50,1.31
2016.05.19 09:00:19.703,0.79379,0.79388,1.37,1.00
2016.05.19 09:00:19.755,0.79378,0.79386,1.50,1.00
2016.05.19 09:00:19.807,0.79378,0.79386,1.12,1.00
2016.05.19 09:00:19.859,0.79377,0.79384,9.00,1.00
2016.05.19 09:00:20.166,0.7938,0.79384,7.50,1.00
2016.05.19 09:00:20.578,0.79385,0.79401,6.75,18.73
2016.05.19 09:00:20.784,0.79381,0.79385,7.50,1.25
2016.05.19 09:00:21.191,0.79378,0.79383,7.50,1.00
2016.05.19 09:00:21.293,0.79375,0.79383,7.87,1.00
2016.05.19 09:00:21.473,0.7938,0.79387,6.75,1.12
2016.05.19 09:00:21.880,0.79383,0.79398,6.75,16.55
2016.05.19 09:00:22.084,0.79382,0.79394,7.00,1.50
2016.05.19 09:00:22.440,0.79378,0.79382,6.75,1.00
2016.05.19 09:00:22.604,0.79379,0.79386,6.75,1.00
2016.05.19 09:00:23.112,0.79379,0.79383,6.75,1.00
2016.05.19 09:00:23.519,0.79381,0.79385,1.00,1.50
2016.05.19 09:00:23.621,0.7938,0.79388,2.25,1.69
2016.05.19 09:00:23.672,0.79378,0.79386,1.75,1.00
2016.05.19 09:00:23.780,0.79378,0.79386,1.50,1.00
2016.05.19 09:00:23.831,0.79378,0.79389,1.50,1.21
2016.05.19 09:00:23.883,0.79379,0.79389,1.50,1.87
2016.05.19 09:00:23.985,0.7938,0.79389,1.00,1.59
2016.05.19 09:00:24.138,0.79382,0.79391,1.12,1.50
2016.05.19 09:00:24.495,0.79382,0.79392,1.96,1.25
2016.05.19 09:00:25.002,0.79382,0.79391,1.21,1.00
2016.05.19 09:00:25.105,0.79382,0.79392,1.49,2.00
2016.05.19 09:00:25.207,0.79382,0.7939,1.49,1.00
2016.05.19 09:00:25.411,0.79383,0.79392,1.12,1.31
2016.05.19 09:00:26.215,0.79383,0.79392,1.12,2.00
2016.05.19 09:00:26.585,0.79381,0.79387,1.50,1.00
2016.05.19 09:00:26.737,0.79378,0.79385,1.12,1.00
2016.05.19 09:00:26.940,0.79375,0.79385,1.00,1.00
2016.05.19 09:00:27.213,0.79376,0.79385,2.25,1.00
2016.05.19 09:00:27.587,0.79375,0.79383,2.25,1.00
2016.05.19 09:00:27.740,0.79375,0.79385,2.25,1.00
2016.05.19 09:00:27.791,0.79376,0.79385,2.25,1.00
2016.05.19 09:00:27.893,0.79374,0.79385,3.75,1.00
2016.05.19 09:00:28.238,0.79374,0.79384,3.00,1.00
2016.05.19 09:00:28.766,0.79373,0.79384,2.34,1.00
2016.05.19 09:00:29.205,0.79374,0.79384,1.00,1.00
2016.05.19 09:00:29.720,0.79374,0.79385,2.62,1.00
2016.05.19 09:00:30.227,0.79376,0.79385,2.34,1.00
2016.05.19 09:00:30.696,0.79382,0.79387,1.00,1.00
2016.05.19 09:00:31.102,0.7938,0.79389,2.25,3.19
2016.05.19 09:00:31.652,0.79381,0.79385,1.00,1.00
2016.05.19 09:00:31.806,0.79375,0.79384,1.21,1.00
2016.05.19 09:00:32.857,0.79376,0.79387,1.00,1.50
2016.05.19 09:00:33.863,0.79377,0.79387,1.00,1.00
2016.05.19 09:00:34.622,0.79376,0.79387,1.00,1.50
2016.05.19 09:00:35.043,0.79378,0.79387,1.00,1.50
2016.05.19 09:00:37.067,0.79377,0.79388,1.12,1.50
2016.05.19 09:00:40.811,0.79376,0.79387,1.00,1.12
2016.05.19 09:00:41.295,0.79374,0.79385,2.25,1.00
2016.05.19 09:00:41.801,0.79374,0.79385,1.12,1.62
2016.05.19 09:00:42.332,0.79379,0.79386,1.00,1.78
2016.05.19 09:00:42.618,0.79379,0.79386,1.12,1.00
2016.05.19 09:00:42.669,0.79379,0.79389,1.12,1.62
2016.05.19 09:00:42.822,0.79379,0.7939,1.87,1.19
2016.05.19 09:00:43.128,0.79379,0.79388,1.50,1.00
2016.05.19 09:00:43.625,0.79377,0.79386,2.25,1.00
2016.05.19 09:00:43.952,0.79373,0.79382,1.00,1.00
2016.05.19 09:00:44.603,0.79371,0.7938,1.50,1.00
2016.05.19 09:00:45.342,0.79371,0.79382,1.50,1.00
2016.05.19 09:00:45.879,0.79371,0.79381,1.00,1.25
2016.05.19 09:00:47.133,0.79372,0.79382,1.00,1.19
2016.05.19 09:00:47.286,0.79372,0.79383,1.00,1.69
2016.05.19 09:00:47.496,0.79371,0.79376,1.00,1.25
2016.05.19 09:00:47.801,0.79368,0.79372,1.50,1.00
2016.05.19 09:00:48.309,0.79369,0.79373,1.00,1.25
2016.05.19 09:00:49.064,0.79368,0.79377,2.25,4.78
2016.05.19 09:00:49.584,0.79369,0.79376,2.50,1.59
2016.05.19 09:00:49.771,0.79369,0.79374,1.00,1.00
2016.05.19 09:00:50.631,0.79367,0.79374,1.00,1.31
2016.05.19 09:00:51.062,0.79364,0.79373,1.12,1.25
2016.05.19 09:00:52.461,0.79365,0.79374,1.00,1.69
2016.05.19 09:00:53.314,0.79368,0.79375,1.00,3.19
2016.05.19 09:00:53.619,0.7937,0.79374,1.00,1.00
2016.05.19 09:00:54.025,0.79368,0.79377,1.00,1.94
2016.05.19 09:00:54.532,0.79367,0.79376,1.00,1.94
2016.05.19 09:00:55.261,0.79367,0.79376,1.00,1.19
2016.05.19 09:00:55.767,0.79365,0.79376,1.75,1.69
2016.05.19 09:00:55.981,0.79365,0.79376,3.00,1.69
2016.05.19 09:00:56.268,0.79365,0.79376,1.75,1.69
2016.05.19 09:00:56.487,0.79365,0.79376,1.00,2.06
2016.05.19 09:00:57.183,0.79367,0.79376,1.00,2.06
2016.05.19 09:00:57.487,0.79369,0.79379,1.50,2.00
2016.05.19 09:00:57.741,0.7937,0.79378,1.00,1.00
2016.05.19 09:00:58.322,0.7937,0.7938,1.00,1.31
2016.05.19 09:00:59.144,0.79369,0.7938,1.50,2.06
2016.05.19 09:00:59.246,0.79369,0.79377,1.00,1.19
2016.05.19 09:01:00.805,0.79369,0.79379,1.00,2.44
2016.05.19 09:01:01.340,0.79369,0.79379,1.00,1.31
2016.05.19 09:01:04.670,0.79368,0.7938,1.00,3.19
2016.05.19 09:01:07.222,0.79367,0.79379,1.12,1.31
2016.05.19 09:01:07.527,0.79365,0.79376,1.75,1.69
2016.05.19 09:01:08.100,0.79366,0.79376,1.00,1.31
2016.05.19 09:01:09.061,0.79366,0.79376,1.00,1.25
2016.05.19 09:01:09.568,0.79367,0.79377,1.12,1.00
2016.05.19 09:01:10.114,0.79369,0.79377,1.00,1.00
2016.05.19 09:01:10.622,0.79367,0.79378,1.50,1.25
2016.05.19 09:01:10.993,0.79368,0.79378,1.31,1.00
2016.05.19 09:01:11.552,0.79368,0.79378,1.31,1.50
2016.05.19 09:01:17.077,0.79371,0.79378,1.19,1.12
2016.05.19 09:01:17.744,0.79373,0.79379,1.69,1.00
2016.05.19 09:01:18.050,0.79379,0.79383,1.25,1.50
2016.05.19 09:01:18.406,0.79379,0.79385,1.19,3.75
2016.05.19 09:01:18.812,0.79382,0.79387,1.19,5.25
2016.05.19 09:01:19.133,0.79383,0.79387,1.25,1.00
2016.05.19 09:01:19.733,0.79383,0.79392,1.19,1.75
2016.05.19 09:01:20.273,0.79383,0.79392,1.19,1.37
2016.05.19 09:01:20.410,0.79383,0.79392,1.19,1.12
2016.05.19 09:01:20.461,0.79385,0.79394,1.19,1.75
2016.05.19 09:01:21.243,0.79386,0.79394,1.19,1.75
2016.05.19 09:01:21.446,0.79386,0.79394,1.19,1.12
2016.05.19 09:01:21.982,0.79386,0.79395,1.19,1.12
2016.05.19 09:01:24.018,0.79386,0.79394,1.19,1.00
2016.05.19 09:01:24.537,0.79386,0.79393,1.19,1.00
2016.05.19 09:01:24.588,0.79386,0.79395,1.19,1.12
2016.05.19 09:01:25.141,0.79388,0.79397,1.00,1.50
2016.05.19 09:01:25.193,0.79391,0.79397,1.00,1.50
2016.05.19 09:01:25.714,0.79391,0.794,1.50,1.75
2016.05.19 09:01:26.133,0.79391,0.79402,1.50,1.12
2016.05.19 09:01:26.734,0.79391,0.79403,1.50,2.25
2016.05.19 09:01:27.301,0.79391,0.79402,1.50,1.00
2016.05.19 09:01:28.095,0.79391,0.79403,2.25,2.25
2016.05.19 09:01:28.784,0.79392,0.79403,1.00,1.50
2016.05.19 09:01:28.885,0.79394,0.79403,1.00,1.50
2016.05.19 09:01:29.230,0.79396,0.79403,1.00,1.00
2016.05.19 09:01:29.336,0.79396,0.79407,1.00,2.25
2016.05.19 09:01:29.590,0.79394,0.79403,1.31,1.00
2016.05.19 09:01:29.895,0.79391,0.79401,3.19,1.00
2016.05.19 09:01:30.149,0.79391,0.79401,1.94,1.00
2016.05.19 09:01:30.690,0.79391,0.79401,1.19,1.00
2016.05.19 09:01:30.843,0.79392,0.79401,1.19,1.12
2016.05.19 09:01:31.182,0.79392,0.79401,1.19,1.75
2016.05.19 09:01:32.249,0.79392,0.794,1.19,1.50
2016.05.19 09:01:32.563,0.79395,0.794,1.19,1.50
2016.05.19 09:01:36.033,0.79395,0.794,1.19,1.12
2016.05.19 09:01:37.702,0.79395,0.79402,1.19,2.25
2016.05.19 09:01:38.209,0.79395,0.79402,1.19,1.12
2016.05.19 09:01:39.431,0.79395,0.79399,1.25,1.00
2016.05.19 09:01:39.483,0.79391,0.79401,1.00,1.00
2016.05.19 09:01:39.535,0.79389,0.79398,1.69,1.00
2016.05.19 09:01:39.841,0.79391,0.79401,1.19,1.50
2016.05.19 09:01:43.540,0.79393,0.79402,1.69,1.75
2016.05.19 09:01:43.946,0.79393,0.79403,1.69,1.00
2016.05.19 09:01:44.482,0.79392,0.79402,1.28,1.00
2016.05.19 09:01:44.786,0.7939,0.79401,1.62,1.37
2016.05.19 09:01:45.324,0.79392,0.79401,1.00,1.75
2016.05.19 09:01:45.751,0.79392,0.79401,1.00,1.12
2016.05.19 09:01:46.767,0.79393,0.79404,1.69,1.75
2016.05.19 09:01:46.919,0.79396,0.79405,1.00,1.50
2016.05.19 09:01:47.432,0.79397,0.79406,1.00,1.50
2016.05.19 09:01:47.990,0.79395,0.79406,1.78,1.50
2016.05.19 09:01:50.367,0.79395,0.79405,2.53,1.00
2016.05.19 09:01:51.078,0.79395,0.79404,2.53,1.00
2016.05.19 09:01:52.075,0.79395,0.79406,2.44,1.12
2016.05.19 09:01:53.771,0.79395,0.79405,1.69,1.00
2016.05.19 09:01:54.122,0.79397,0.79402,1.19,1.00
2016.05.19 09:01:54.428,0.79394,0.794,1.94,1.00
2016.05.19 09:01:54.734,0.79392,0.79399,1.87,1.57
2016.05.19 09:01:54.938,0.79389,0.79394,1.19,1.50
2016.05.19 09:01:55.457,0.79389,0.79395,1.19,1.50
2016.05.19 09:01:55.509,0.79389,0.79397,1.19,1.50
2016.05.19 09:01:56.018,0.7939,0.79397,1.19,1.50
2016.05.19 09:01:56.499,0.79391,0.79399,2.06,1.50
2016.05.19 09:01:57.015,0.7939,0.79398,3.19,1.50
2016.05.19 09:01:57.276,0.79392,0.79397,1.25,1.50
2016.05.19 09:01:58.039,0.7939,0.79396,1.69,1.00
2016.05.19 09:01:58.292,0.79385,0.79396,1.69,1.87
2016.05.19 09:01:58.823,0.79388,0.79396,1.25,1.00
2016.05.19 09:01:59.142,0.79387,0.79398,1.31,1.00
2016.05.19 09:01:59.547,0.79389,0.79398,1.19,1.50
2016.05.19 09:01:59.851,0.79392,0.79398,1.19,1.00
2016.05.19 09:01:59.953,0.79389,0.79397,1.19,1.00
2016.05.19 09:02:00.322,0.79389,0.79395,1.19,1.00
2016.05.19 09:02:00.833,0.79389,0.79396,1.19,1.00
2016.05.19 09:02:01.147,0.79389,0.79394,1.19,1.00
2016.05.19 09:02:01.857,0.79389,0.79397,1.19,1.87
2016.05.19 09:02:01.908,0.79389,0.79395,1.19,1.00
2016.05.19 09:02:02.212,0.79391,0.79395,1.25,1.00
2016.05.19 09:02:02.620,0.79389,0.79393,1.25,1.00
2016.05.19 09:02:03.130,0.79389,0.79395,1.19,1.50
2016.05.19 09:02:03.181,0.79386,0.79392,1.69,1.00
2016.05.19 09:02:03.855,0.79388,0.79394,1.25,1.00
2016.05.19 09:02:03.906,0.79387,0.79393,1.94,1.00
2016.05.19 09:02:04.110,0.79385,0.79395,2.25,1.50
2016.05.19 09:02:04.617,0.79389,0.79395,1.00,1.00
2016.05.19 09:02:05.153,0.79385,0.79396,2.44,1.00
2016.05.19 09:02:05.410,0.79385,0.79396,2.44,1.00
2016.05.19 09:02:05.919,0.79385,0.79394,1.00,1.00
2016.05.19 09:02:06.421,0.79385,0.79395,1.00,1.50
2016.05.19 09:02:06.943,0.79385,0.79395,1.37,1.00
2016.05.19 09:02:07.516,0.79386,0.79395,1.37,1.00
2016.05.19 09:02:07.820,0.79389,0.79399,1.19,1.37
2016.05.19 09:02:08.226,0.79385,0.79394,1.69,1.00
2016.05.19 09:02:08.747,0.79385,0.79393,1.19,1.00
2016.05.19 09:02:09.265,0.79385,0.79392,1.19,1.00
2016.05.19 09:02:09.880,0.79387,0.79395,1.19,1.00
2016.05.19 09:02:10.248,0.79386,0.79393,1.56,1.00
2016.05.19 09:02:10.755,0.79386,0.79394,1.56,1.00
2016.05.19 09:02:11.375,0.79386,0.79393,1.19,1.00
2016.05.19 09:02:11.862,0.79386,0.79397,1.31,1.50
2016.05.19 09:02:12.218,0.7939,0.79396,1.00,1.00
2016.05.19 09:02:12.523,0.79388,0.79397,2.25,1.00
2016.05.19 09:02:12.836,0.79385,0.79396,3.94,1.00
2016.05.19 09:02:12.988,0.79385,0.79397,3.56,1.37
2016.05.19 09:02:13.039,0.79385,0.79397,1.69,3.00
2016.05.19 09:02:13.365,0.79385,0.79397,1.69,1.75
2016.05.19 09:02:13.518,0.79388,0.79398,1.00,1.75
2016.05.19 09:02:13.569,0.7939,0.79399,1.00,2.25
2016.05.19 09:02:13.947,0.79391,0.79396,1.19,1.00
2016.05.19 09:02:14.252,0.7939,0.794,1.19,1.75
2016.05.19 09:02:14.761,0.79388,0.79399,1.31,1.37
2016.05.19 09:02:15.924,0.7939,0.79398,1.19,1.00
2016.05.19 09:02:16.432,0.79389,0.79397,1.94,1.00
2016.05.19 09:02:16.948,0.79389,0.79397,1.94,1.00
2016.05.19 09:02:16.999,0.79389,0.79399,1.94,2.25
2016.05.19 09:02:17.893,0.7939,0.794,1.94,1.00
2016.05.19 09:02:17.995,0.79393,0.79401,1.19,1.50
2016.05.19 09:02:18.248,0.79391,0.79402,1.69,1.00
2016.05.19 09:02:18.350,0.79393,0.79401,1.19,1.00
2016.05.19 09:02:18.654,0.79393,0.79399,1.19,1.00
2016.05.19 09:02:19.259,0.79393,0.79398,1.19,1.00
2016.05.19 09:02:19.774,0.79393,0.79399,1.19,1.00
2016.05.19 09:02:20.849,0.79393,0.79399,1.19,1.50
2016.05.19 09:02:21.205,0.79389,0.79398,2.06,1.00
2016.05.19 09:02:21.749,0.7939,0.79397,1.25,1.00
2016.05.19 09:02:21.851,0.79391,0.79399,1.19,1.50
2016.05.19 09:02:22.307,0.79393,0.79398,1.19,1.00
2016.05.19 09:02:22.844,0.79393,0.79399,1.19,1.12
2016.05.19 09:02:23.589,0.79393,0.794,1.19,1.00
2016.05.19 09:02:23.994,0.79391,0.79398,1.69,1.00
2016.05.19 09:02:24.299,0.79391,0.79398,1.31,1.00
2016.05.19 09:02:24.502,0.79391,0.79396,1.31,1.00
2016.05.19 09:02:24.939,0.79393,0.79398,1.19,1.00
2016.05.19 09:02:25.468,0.79393,0.79398,1.19,1.12
2016.05.19 09:02:26.272,0.79388,0.79399,1.69,1.50
2016.05.19 09:02:26.903,0.79391,0.794,1.25,1.75
2016.05.19 09:02:27.453,0.79389,0.79401,2.15,2.25
2016.05.19 09:02:28.453,0.79391,0.79401,1.00,1.75
2016.05.19 09:02:28.862,0.79392,0.79401,1.69,2.25
2016.05.19 09:02:29.371,0.79393,0.79403,1.00,2.25
2016.05.19 09:02:29.422,0.79395,0.794,1.19,1.00
2016.05.19 09:02:29.767,0.79395,0.79404,3.19,1.75
2016.05.19 09:02:30.280,0.79397,0.79401,1.00,1.00
2016.05.19 09:02:30.845,0.79396,0.79405,1.03,2.25
2016.05.19 09:02:31.218,0.79398,0.79402,1.00,1.00
2016.05.19 09:02:31.576,0.79395,0.79404,5.90,2.25
2016.05.19 09:02:31.888,0.79395,0.79403,4.87,4.00
2016.05.19 09:02:32.437,0.79395,0.79403,3.37,4.00
2016.05.19 09:02:32.795,0.79395,0.79404,7.69,2.25
2016.05.19 09:02:32.847,0.79399,0.79405,1.62,3.75
2016.05.19 09:02:33.417,0.79398,0.79407,2.44,2.25
2016.05.19 09:02:33.924,0.79399,0.79407,1.31,2.25
2016.05.19 09:02:34.382,0.79401,0.79409,1.00,2.25
2016.05.19 09:02:34.532,0.79399,0.79407,1.31,2.25
2016.05.19 09:02:34.853,0.79397,0.79406,2.81,3.75
2016.05.19 09:02:35.158,0.79394,0.79403,7.76,2.25
2016.05.19 09:02:35.310,0.79396,0.79405,3.19,2.25
2016.05.19 09:02:35.412,0.79398,0.79407,1.31,2.25
2016.05.19 09:02:35.565,0.79398,0.79405,1.12,4.00
2016.05.19 09:02:35.881,0.79403,0.79409,1.25,6.75
2016.05.19 09:02:35.932,0.79398,0.79407,6.94,2.25
2016.05.19 09:02:36.491,0.79403,0.79407,1.25,1.00
2016.05.19 09:02:37.116,0.79404,0.79413,1.00,2.25
2016.05.19 09:02:37.219,0.79403,0.79415,1.25,3.00
2016.05.19 09:02:37.575,0.79403,0.79412,1.25,2.25
2016.05.19 09:02:38.096,0.79402,0.79411,2.06,2.25
2016.05.19 09:02:38.629,0.79402,0.79414,2.06,1.75
2016.05.19 09:02:39.152,0.79403,0.79414,1.25,1.75
2016.05.19 09:02:39.502,0.794,0.79411,1.31,1.12
2016.05.19 09:02:41.088,0.794,0.7941,1.19,1.00
2016.05.19 09:02:41.609,0.794,0.79411,1.31,1.50
2016.05.19 09:02:41.923,0.794,0.79411,1.19,1.50
2016.05.19 09:02:42.368,0.79403,0.79411,1.00,1.00
2016.05.19 09:02:42.924,0.79401,0.79411,1.31,1.00
2016.05.19 09:02:43.297,0.79401,0.79411,1.62,1.00
2016.05.19 09:02:44.073,0.794,0.7941,1.94,1.00
2016.05.19 09:02:44.768,0.794,0.79411,1.75,1.00
2016.05.19 09:02:45.289,0.79401,0.79412,1.31,1.00
2016.05.19 09:02:45.812,0.79401,0.79412,1.62,1.00
2016.05.19 09:02:46.402,0.794,0.79412,3.19,1.00
2016.05.19 09:02:47.044,0.79401,0.79413,1.69,1.50
2016.05.19 09:02:47.349,0.79405,0.79415,1.19,1.75
2016.05.19 09:02:49.763,0.79405,0.79414,1.69,1.12
2016.05.19 09:02:50.438,0.79405,0.79415,2.06,1.00
2016.05.19 09:02:51.020,0.79405,0.79414,1.56,1.00
2016.05.19 09:02:51.529,0.79405,0.79413,1.31,1.00
2016.05.19 09:02:52.205,0.79405,0.79414,1.19,1.12
2016.05.19 09:02:54.171,0.79405,0.79413,1.19,1.00
2016.05.19 09:02:54.690,0.79404,0.79413,1.19,1.00
2016.05.19 09:02:55.297,0.79404,0.79412,1.19,1.00
2016.05.19 09:02:55.348,0.79404,0.79414,1.31,1.12
2016.05.19 09:02:57.354,0.79404,0.79413,1.68,1.00
2016.05.19 09:02:57.959,0.79404,0.79414,1.65,1.00
2016.05.19 09:02:58.821,0.79404,0.79413,1.65,1.00
2016.05.19 09:02:59.507,0.79404,0.79412,1.65,1.00
2016.05.19 09:03:00.957,0.79404,0.79414,1.19,1.50
2016.05.19 09:03:02.537,0.79408,0.79416,1.19,1.75
2016.05.19 09:03:02.801,0.79411,0.79421,1.12,3.00
2016.05.19 09:03:03.005,0.79411,0.79422,1.12,2.25
2016.05.19 09:03:03.514,0.7941,0.79422,1.00,2.25
2016.05.19 09:03:03.769,0.79409,0.79418,1.21,1.00
2016.05.19 09:03:04.270,0.79408,0.79419,1.69,1.12
2016.05.19 09:03:05.059,0.79408,0.7942,2.06,1.12
2016.05.19 09:03:05.919,0.79409,0.79419,1.31,1.00
2016.05.19 09:03:06.449,0.79409,0.7942,1.31,1.00
2016.05.19 09:03:06.976,0.7941,0.79421,1.00,1.12
2016.05.19 09:03:07.481,0.79409,0.7942,1.31,1.00
2016.05.19 09:03:08.013,0.7941,0.7942,1.00,1.49
2016.05.19 09:03:08.551,0.79411,0.7942,1.25,1.12
2016.05.19 09:03:09.397,0.79411,0.79422,1.25,1.59
2016.05.19 09:03:10.025,0.7941,0.79422,1.31,1.21
2016.05.19 09:03:10.342,0.79406,0.79415,1.75,1.00
2016.05.19 09:03:10.699,0.79409,0.79418,1.50,1.00
2016.05.19 09:03:11.004,0.79406,0.79416,1.94,1.12
2016.05.19 09:03:11.527,0.79405,0.79415,2.44,1.00
2016.05.19 09:03:11.629,0.79408,0.79415,1.00,1.00
2016.05.19 09:03:12.137,0.79406,0.79415,1.69,1.00
2016.05.19 09:03:12.188,0.79405,0.79417,2.44,1.00
2016.05.19 09:03:12.240,0.79405,0.79417,2.06,1.37
2016.05.19 09:03:12.756,0.79405,0.79417,1.69,1.75
2016.05.19 09:03:13.094,0.79405,0.79417,2.44,1.00
2016.05.19 09:03:13.399,0.79406,0.79418,1.31,1.12
2016.05.19 09:03:13.571,0.79407,0.79418,1.00,1.50
2016.05.19 09:03:13.896,0.79407,0.79418,1.00,3.00
2016.05.19 09:03:14.441,0.79406,0.79418,1.25,3.00
2016.05.19 09:03:15.297,0.79406,0.79416,1.03,1.00
2016.05.19 09:03:15.811,0.79406,0.79418,1.25,1.75
2016.05.19 09:03:16.514,0.79406,0.79418,1.31,1.75
2016.05.19 09:03:17.095,0.79406,0.79418,1.25,1.59
2016.05.19 09:03:18.713,0.79407,0.79419,1.00,2.34
2016.05.19 09:03:18.764,0.79409,0.79419,1.00,1.87
2016.05.19 09:03:19.448,0.7941,0.7942,1.25,1.75
2016.05.19 09:03:19.702,0.7941,0.79422,1.25,1.75
2016.05.19 09:03:20.125,0.7941,0.79422,1.69,1.12
2016.05.19 09:03:21.217,0.79413,0.79423,1.00,1.37
2016.05.19 09:03:21.736,0.79411,0.79423,1.62,1.37
2016.05.19 09:03:22.266,0.79413,0.79422,1.12,1.00
2016.05.19 09:03:23.946,0.7941,0.79419,1.69,1.00
2016.05.19 09:03:24.255,0.79408,0.79415,1.94,1.00
2016.05.19 09:03:24.885,0.79408,0.79416,1.94,1.00
2016.05.19 09:03:25.391,0.79408,0.79417,1.69,1.00
2016.05.19 09:03:25.932,0.79407,0.79417,1.19,1.37
2016.05.19 09:03:26.559,0.79406,0.79416,1.31,1.12
2016.05.19 09:03:26.762,0.79406,0.79414,1.19,1.00
2016.05.19 09:03:27.277,0.79404,0.79413,1.69,1.00
2016.05.19 09:03:27.821,0.79404,0.79413,1.31,1.00
2016.05.19 09:03:29.439,0.79404,0.79415,1.69,1.12
2016.05.19 09:03:29.945,0.79404,0.79416,2.81,1.00
2016.05.19 09:03:30.249,0.79407,0.79417,1.69,1.12
2016.05.19 09:03:30.554,0.79415,0.7942,1.19,1.50
2016.05.19 09:03:31.068,0.79415,0.7942,1.19,1.00
2016.05.19 09:03:31.171,0.79415,0.79422,1.19,1.00
2016.05.19 09:03:31.389,0.79415,0.79426,1.19,1.87
2016.05.19 09:03:33.077,0.79416,0.79425,1.25,1.00
2016.05.19 09:03:33.593,0.79415,0.79427,1.69,1.50
2016.05.19 09:03:34.123,0.79417,0.79428,1.00,1.85
2016.05.19 09:03:34.646,0.79418,0.79428,1.00,1.75
2016.05.19 09:03:35.163,0.79417,0.79427,1.00,1.50
2016.05.19 09:03:37.501,0.79418,0.79427,1.00,1.50
2016.05.19 09:03:38.307,0.79419,0.79428,1.00,1.85
2016.05.19 09:03:38.812,0.79418,0.79428,1.00,1.85
2016.05.19 09:03:39.015,0.79418,0.79428,1.00,1.20
2016.05.19 09:03:39.565,0.79419,0.79428,1.00,3.07
2016.05.19 09:03:39.616,0.79417,0.79428,1.00,2.32
2016.05.19 09:03:40.078,0.79419,0.79427,1.25,1.87
2016.05.19 09:03:40.775,0.79419,0.79427,1.25,1.37
2016.05.19 09:03:41.294,0.79419,0.79426,1.25,1.00
2016.05.19 09:03:42.621,0.7942,0.79426,1.00,1.00
2016.05.19 09:03:43.122,0.79419,0.79426,1.25,1.00
2016.05.19 09:03:43.660,0.7942,0.7943,1.00,4.87
2016.05.19 09:03:43.915,0.7942,0.7943,1.00,3.37
2016.05.19 09:03:44.422,0.7942,0.7943,1.00,3.37
2016.05.19 09:03:45.035,0.79419,0.79429,1.00,2.00
2016.05.19 09:03:45.603,0.79422,0.7943,1.00,3.19
2016.05.19 09:03:45.909,0.79425,0.79429,1.00,1.00
2016.05.19 09:03:46.063,0.79425,0.79429,1.00,1.00
2016.05.19 09:03:46.508,0.79426,0.7943,1.00,1.00
2016.05.19 09:03:46.864,0.79425,0.79435,1.00,1.87
2016.05.19 09:03:47.370,0.79426,0.79436,1.00,1.91
2016.05.19 09:03:47.556,0.79423,0.79435,2.25,1.72
2016.05.19 09:03:47.760,0.79423,0.79435,2.25,2.81
2016.05.19 09:03:48.283,0.79425,0.79434,1.00,1.19
2016.05.19 09:03:48.789,0.79423,0.79435,2.25,2.81
2016.05.19 09:03:49.421,0.79423,0.79435,1.59,2.06
2016.05.19 09:03:49.877,0.79423,0.79432,1.19,1.00
2016.05.19 09:03:50.182,0.79421,0.79431,1.69,1.00
2016.05.19 09:03:50.688,0.79421,0.79431,1.25,1.37
2016.05.19 09:03:51.038,0.79424,0.79434,1.00,1.31
2016.05.19 09:03:51.343,0.79431,0.79435,1.00,1.00
2016.05.19 09:03:51.873,0.79431,0.79435,1.00,1.00
2016.05.19 09:03:51.925,0.79429,0.79433,1.00,1.00
2016.05.19 09:03:52.026,0.79429,0.7944,1.00,1.69
2016.05.19 09:03:52.544,0.79429,0.7944,1.59,1.69
2016.05.19 09:03:53.810,0.79428,0.79437,1.75,1.19
2016.05.19 09:03:54.224,0.79424,0.79435,1.87,1.19
2016.05.19 09:03:54.276,0.79424,0.79434,1.87,1.19
2016.05.19 09:03:54.800,0.79424,0.79434,1.49,1.19
2016.05.19 09:03:55.344,0.79424,0.79434,1.00,1.19
2016.05.19 09:03:58.018,0.79422,0.79431,1.50,1.19
2016.05.19 09:03:58.230,0.79422,0.79432,1.00,2.44
2016.05.19 09:03:58.737,0.7942,0.79432,2.34,2.44
2016.05.19 09:04:02.373,0.79422,0.79431,1.00,1.19
2016.05.19 09:04:02.527,0.7942,0.79432,1.50,2.44
2016.05.19 09:04:03.253,0.7942,0.79432,1.00,3.19
2016.05.19 09:04:03.999,0.79421,0.79432,1.00,3.19
2016.05.19 09:04:04.506,0.79419,0.7943,2.44,1.25
2016.05.19 09:04:04.558,0.79419,0.7943,1.69,1.69
2016.05.19 09:04:06.658,0.7942,0.79431,1.00,2.44
2016.05.19 09:04:07.317,0.79421,0.7943,1.00,1.69
2016.05.19 09:04:08.152,0.79419,0.79431,1.25,1.94
2016.05.19 09:04:08.743,0.79419,0.79431,1.62,1.69
2016.05.19 09:04:09.351,0.79419,0.79428,1.62,1.00
2016.05.19 09:04:09.707,0.79418,0.79426,1.03,1.00
2016.05.19 09:04:09.861,0.79416,0.79425,1.50,1.00
2016.05.19 09:04:10.170,0.79416,0.79424,1.50,1.69
2016.05.19 09:04:10.528,0.79416,0.79428,2.25,3.26
2016.05.19 09:04:11.038,0.79416,0.79427,1.00,1.00
2016.05.19 09:04:11.243,0.79416,0.79428,1.00,4.69
2016.05.19 09:04:11.558,0.79418,0.79423,1.00,1.00
2016.05.19 09:04:12.104,0.79417,0.79423,1.00,1.00
2016.05.19 09:04:12.461,0.79417,0.79427,1.00,1.12
2016.05.19 09:04:12.818,0.79415,0.79427,1.31,1.12
2016.05.19 09:04:12.869,0.79416,0.79425,1.00,1.00
2016.05.19 09:04:13.051,0.79416,0.79428,1.00,3.19
2016.05.19 09:04:13.562,0.79416,0.79426,1.00,1.00
2016.05.19 09:04:13.665,0.79415,0.79424,1.69,1.00
2016.05.19 09:04:14.201,0.79413,0.79425,1.40,1.12
2016.05.19 09:04:19.273,0.79415,0.79424,1.25,1.00
2016.05.19 09:04:19.585,0.79415,0.79427,1.31,3.00
2016.05.19 09:04:19.971,0.79415,0.79427,2.06,2.25
2016.05.19 09:04:20.572,0.79416,0.79425,1.19,1.00
2016.05.19 09:04:21.080,0.79415,0.79426,1.31,1.12
2016.05.19 09:04:21.834,0.79419,0.79428,1.00,1.75
2016.05.19 09:04:22.139,0.79424,0.79428,1.25,1.00
2016.05.19 09:04:22.383,0.79421,0.79431,2.06,1.00
2016.05.19 09:04:22.535,0.79421,0.79433,1.12,2.06
2016.05.19 09:04:22.890,0.79421,0.79432,1.50,1.25
2016.05.19 09:04:23.709,0.79422,0.79433,1.37,1.25
2016.05.19 09:04:23.760,0.79422,0.79433,1.00,1.31
2016.05.19 09:04:24.328,0.79423,0.79433,1.00,1.25
2016.05.19 09:04:24.835,0.79423,0.79433,1.50,1.25
2016.05.19 09:04:30.034,0.79427,0.79435,1.00,1.69
2016.05.19 09:04:30.171,0.79427,0.79435,1.00,1.00
2016.05.19 09:04:30.375,0.79428,0.79435,1.37,1.00
2016.05.19 09:04:30.527,0.79427,0.79439,1.50,2.06
2016.05.19 09:04:31.036,0.79427,0.79437,1.75,1.00
2016.05.19 09:04:31.191,0.79427,0.79437,1.12,1.00
2016.05.19 09:04:32.091,0.79428,0.79438,1.00,1.31
2016.05.19 09:04:32.498,0.7943,0.79441,1.00,1.69
2016.05.19 09:04:33.021,0.79431,0.79441,1.00,1.25
2016.05.19 09:04:33.525,0.79431,0.7944,1.00,1.00
2016.05.19 09:04:33.576,0.7943,0.79442,1.50,1.69
2016.05.19 09:04:33.779,0.79431,0.79443,1.37,1.19
2016.05.19 09:04:36.449,0.79433,0.79442,1.00,1.25
2016.05.19 09:04:37.389,0.7943,0.79442,1.75,1.19
2016.05.19 09:04:38.008,0.7943,0.79441,1.75,1.19
2016.05.19 09:04:38.111,0.7943,0.79441,1.12,1.19
2016.05.19 09:04:38.709,0.79431,0.7944,1.00,1.25
2016.05.19 09:04:39.498,0.79429,0.79441,2.25,1.19
2016.05.19 09:04:40.132,0.79431,0.79441,1.00,1.19
2016.05.19 09:04:42.157,0.7943,0.79442,1.12,2.06
2016.05.19 09:04:42.327,0.79432,0.79442,1.00,1.12
2016.05.19 09:04:42.859,0.79433,0.79441,1.00,1.00
2016.05.19 09:04:43.601,0.79431,0.79441,1.69,1.00
2016.05.19 09:04:43.855,0.79433,0.79441,1.00,1.00
2016.05.19 09:04:44.265,0.79436,0.79445,1.00,1.94
2016.05.19 09:04:44.418,0.79434,0.79446,1.00,3.19
2016.05.19 09:04:44.621,0.79435,0.79446,1.00,2.00
2016.05.19 09:04:45.132,0.79435,0.79447,1.00,2.44
2016.05.19 09:04:45.760,0.79436,0.79447,1.00,2.44
2016.05.19 09:04:46.272,0.79435,0.79447,1.00,1.94
2016.05.19 09:04:46.800,0.79436,0.79447,1.00,1.94
2016.05.19 09:04:48.044,0.79437,0.79448,1.00,4.76
2016.05.19 09:04:48.146,0.79439,0.79448,1.00,3.07
2016.05.19 09:04:48.542,0.79441,0.79445,1.00,1.00
2016.05.19 09:04:49.594,0.7944,0.79448,1.00,2.25
2016.05.19 09:04:49.828,0.79439,0.79445,1.00,1.00
2016.05.19 09:04:50.031,0.79439,0.79451,1.00,1.76
2016.05.19 09:04:50.576,0.79438,0.79449,1.31,1.37
2016.05.19 09:04:51.654,0.79438,0.79447,1.31,1.00
2016.05.19 09:04:52.229,0.79437,0.79449,1.37,1.62
2016.05.19 09:04:55.793,0.7944,0.79451,1.00,1.03
2016.05.19 09:04:56.304,0.79438,0.7945,1.19,1.78
2016.05.19 09:04:59.221,0.79439,0.79448,1.25,1.00
2016.05.19 09:04:59.724,0.79439,0.79449,1.25,1.12
2016.05.19 09:05:00.030,0.79441,0.7945,1.00,1.50
2016.05.19 09:05:00.082,0.79437,0.79448,3.56,1.00
2016.05.19 09:05:00.926,0.7944,0.7945,1.00,1.50
2016.05.19 09:05:05.086,0.79438,0.7945,1.69,1.50
2016.05.19 09:05:05.712,0.79439,0.79448,1.31,1.00
2016.05.19 09:05:06.245,0.79438,0.7945,2.81,1.50
2016.05.19 09:05:08.324,0.7944,0.79449,1.00,1.12
2016.05.19 09:05:09.063,0.79439,0.7945,1.31,1.69
2016.05.19 09:05:09.164,0.79439,0.7945,1.31,1.50
2016.05.19 09:05:09.732,0.79439,0.79448,1.31,1.00
2016.05.19 09:05:10.097,0.79435,0.79444,3.19,1.00
2016.05.19 09:05:10.403,0.79432,0.79442,3.19,1.00
2016.05.19 09:05:10.917,0.79432,0.79441,2.44,1.00
2016.05.19 09:05:11.964,0.79432,0.79442,1.69,1.50
2016.05.19 09:05:12.614,0.79432,0.79441,1.19,1.00
2016.05.19 09:05:13.128,0.79432,0.7944,1.19,1.00
2016.05.19 09:05:13.787,0.79432,0.79441,1.19,1.00
2016.05.19 09:05:15.265,0.79432,0.79442,1.19,1.12
2016.05.19 09:05:15.624,0.79432,0.7944,1.19,1.00
2016.05.19 09:05:16.254,0.79435,0.79445,1.00,4.01
2016.05.19 09:05:16.356,0.79437,0.79445,1.00,1.85
2016.05.19 09:05:16.407,0.79437,0.79445,1.50,1.00
2016.05.19 09:05:16.508,0.79437,0.79447,1.50,1.00
2016.05.19 09:05:16.711,0.79439,0.79448,1.00,1.12
2016.05.19 09:05:17.049,0.79439,0.7945,2.53,1.12
2016.05.19 09:05:19.000,0.79441,0.79451,1.19,1.12
2016.05.19 09:05:26.913,0.79441,0.7945,1.19,1.00
2016.05.19 09:05:27.464,0.7944,0.79452,1.19,1.50
2016.05.19 09:05:30.826,0.79443,0.79452,1.00,1.50
2016.05.19 09:05:32.915,0.79442,0.79454,1.25,3.19
2016.05.19 09:05:33.219,0.79446,0.79454,1.00,1.94
2016.05.19 09:05:33.729,0.79443,0.79454,1.69,1.75
2016.05.19 09:05:34.187,0.79444,0.79453,1.00,1.50
2016.05.19 09:05:34.595,0.79441,0.79451,1.94,1.00
2016.05.19 09:05:34.747,0.79445,0.79455,1.12,1.62
2016.05.19 09:05:34.951,0.79448,0.79457,1.12,1.50
2016.05.19 09:05:35.257,0.7945,0.79456,1.00,1.00
2016.05.19 09:05:35.359,0.79448,0.79456,1.12,1.00
2016.05.19 09:05:35.854,0.79448,0.79456,1.00,1.75
2016.05.19 09:05:36.361,0.79448,0.79452,1.00,1.00
2016.05.19 09:05:36.900,0.79447,0.79456,1.00,2.44
2016.05.19 09:05:37.448,0.79448,0.79452,1.00,1.00
2016.05.19 09:05:37.939,0.79447,0.79454,1.00,2.25
2016.05.19 09:05:38.143,0.79447,0.79455,1.00,2.25
2016.05.19 09:05:38.449,0.79447,0.79458,1.25,1.50
2016.05.19 09:05:39.358,0.79446,0.79458,1.00,1.50
2016.05.19 09:05:39.662,0.79446,0.79458,1.75,1.00
2016.05.19 09:05:40.897,0.79445,0.79457,2.00,1.00
2016.05.19 09:05:41.202,0.79444,0.79453,1.75,1.00
2016.05.19 09:05:41.758,0.79443,0.79453,1.75,1.00
2016.05.19 09:05:43.055,0.79443,0.79453,1.75,1.19
2016.05.19 09:05:43.567,0.79444,0.79453,1.50,1.19
2016.05.19 09:05:43.719,0.79444,0.79456,1.59,2.81
2016.05.19 09:05:44.222,0.79444,0.79455,1.50,1.19
2016.05.19 09:05:44.830,0.79442,0.79452,3.00,1.19
2016.05.19 09:05:45.663,0.79441,0.79452,1.12,1.19
2016.05.19 09:05:45.917,0.79443,0.79453,1.00,1.69
2016.05.19 09:05:46.019,0.79443,0.79453,1.00,1.31
2016.05.19 09:05:46.578,0.79443,0.79453,1.00,2.44
2016.05.19 09:05:48.237,0.79442,0.79452,1.12,1.31
2016.05.19 09:05:48.775,0.79441,0.79453,2.25,1.19
2016.05.19 09:05:49.945,0.79441,0.79453,1.12,2.06
2016.05.19 09:05:50.300,0.79441,0.79452,1.69,1.19
2016.05.19 09:05:50.602,0.79442,0.79448,1.00,1.19
2016.05.19 09:05:50.856,0.79442,0.79446,1.00,1.00
2016.05.19 09:05:51.472,0.79435,0.79446,3.94,1.00
2016.05.19 09:05:52.364,0.79436,0.79446,2.44,1.50
2016.05.19 09:05:53.604,0.79436,0.79445,2.44,1.00
2016.05.19 09:05:54.154,0.79436,0.79446,2.44,1.00
2016.05.19 09:05:55.079,0.79434,0.79446,3.94,1.00
2016.05.19 09:05:55.603,0.79434,0.79446,2.44,1.19
2016.05.19 09:05:56.265,0.79434,0.79446,2.44,1.19
2016.05.19 09:05:56.775,0.79434,0.79446,1.31,1.69
2016.05.19 09:05:57.593,0.79434,0.79446,1.25,1.94
2016.05.19 09:06:00.319,0.79437,0.79447,1.00,3.19
2016.05.19 09:06:00.624,0.79441,0.79445,1.00,1.00
2016.05.19 09:06:01.874,0.7944,0.79447,1.00,2.44
2016.05.19 09:06:01.976,0.79438,0.79447,1.00,2.44
2016.05.19 09:06:02.129,0.79436,0.79447,1.00,2.44
2016.05.19 09:06:02.587,0.79435,0.79446,1.00,1.76
2016.05.19 09:06:03.272,0.79437,0.79446,1.00,1.39
2016.05.19 09:06:03.778,0.79435,0.79445,1.75,1.50
2016.05.19 09:06:04.136,0.79435,0.79444,1.00,1.00
2016.05.19 09:06:04.404,0.79435,0.79446,1.75,1.01
2016.05.19 09:06:05.041,0.79437,0.79445,1.00,1.00
2016.05.19 09:06:05.498,0.7944,0.79447,1.00,1.50
2016.05.19 09:06:05.803,0.79443,0.79447,1.00,1.12
2016.05.19 09:06:06.363,0.79441,0.79447,1.00,1.12
2016.05.19 09:06:06.617,0.7944,0.79448,1.00,3.00
2016.05.19 09:06:06.921,0.79438,0.79446,1.69,2.25
2016.05.19 09:06:09.158,0.79441,0.79447,1.00,1.00
2016.05.19 09:06:09.323,0.79441,0.79453,1.00,3.94
2016.05.19 09:06:09.554,0.79441,0.79453,1.00,2.44
2016.05.19 09:06:11.529,0.7944,0.79452,1.00,1.69
2016.05.19 09:06:13.586,0.79441,0.79451,1.00,1.12
2016.05.19 09:06:14.280,0.7944,0.79452,1.00,1.69
2016.05.19 09:06:15.399,0.7944,0.7945,1.00,1.00
2016.05.19 09:06:15.955,0.7944,0.79452,1.00,1.69
2016.05.19 09:06:16.460,0.79439,0.79451,1.12,1.31
2016.05.19 09:06:16.759,0.79439,0.79449,1.12,1.00
2016.05.19 09:06:17.659,0.79438,0.7945,1.12,1.12
2016.05.19 09:06:17.963,0.79438,0.7945,1.75,1.12
2016.05.19 09:06:18.499,0.79438,0.7945,1.50,1.50
2016.05.19 09:06:19.018,0.79438,0.79449,1.00,1.00
2016.05.19 09:06:19.550,0.79439,0.79449,1.00,1.00
2016.05.19 09:06:21.600,0.79438,0.79449,1.00,1.50
2016.05.19 09:06:22.000,0.79437,0.79444,1.00,1.25
2016.05.19 09:06:22.306,0.79432,0.79438,2.25,1.69
2016.05.19 09:06:22.459,0.79428,0.79438,1.12,1.19
2016.05.19 09:06:23.030,0.79425,0.79437,2.00,1.25
2016.05.19 09:06:23.132,0.79425,0.79437,1.69,1.62
2016.05.19 09:06:23.183,0.79425,0.79437,1.31,1.69
2016.05.19 09:06:23.762,0.79425,0.79437,1.37,1.62
2016.05.19 09:06:24.269,0.79425,0.79435,1.00,1.00
2016.05.19 09:06:24.812,0.79425,0.79435,1.37,1.00
2016.05.19 09:06:25.319,0.79425,0.79437,1.00,2.44
2016.05.19 09:06:26.037,0.79426,0.79435,1.00,1.50
2016.05.19 09:06:26.088,0.79424,0.79436,1.00,1.75
2016.05.19 09:06:26.620,0.79425,0.79437,1.00,2.00
2016.05.19 09:06:29.626,0.79423,0.79435,1.69,1.50
2016.05.19 09:06:29.677,0.79422,0.79431,2.04,1.00
2016.05.19 09:06:30.185,0.79419,0.79431,2.00,1.50
2016.05.19 09:06:30.651,0.7942,0.7943,1.37,1.37
2016.05.19 09:06:30.950,0.7942,0.7943,1.12,1.12
2016.05.19 09:06:32.502,0.79419,0.79429,1.69,1.00
2016.05.19 09:06:33.049,0.79419,0.7943,1.69,1.00
2016.05.19 09:06:34.803,0.7942,0.79429,1.00,1.00
2016.05.19 09:06:35.591,0.79419,0.7943,1.25,1.50
2016.05.19 09:06:37.633,0.79417,0.79429,2.44,1.00
2016.05.19 09:06:38.146,0.79419,0.79429,1.19,1.50
2016.05.19 09:06:40.147,0.7942,0.79428,1.19,1.00
2016.05.19 09:06:40.677,0.7942,0.79429,1.19,1.12
2016.05.19 09:06:42.631,0.7942,0.79432,2.06,1.87
2016.05.19 09:06:43.076,0.7942,0.79432,1.69,2.62
2016.05.19 09:06:44.370,0.7942,0.7943,1.00,1.12
2016.05.19 09:06:45.193,0.7942,0.79429,1.00,1.00
2016.05.19 09:06:45.577,0.79422,0.7943,1.00,1.00
2016.05.19 09:06:47.346,0.7942,0.79431,1.25,1.50
2016.05.19 09:06:47.880,0.79421,0.79431,1.00,1.00
2016.05.19 09:06:48.930,0.79423,0.79432,1.00,2.25
2016.05.19 09:06:49.133,0.79427,0.79438,1.00,1.75
2016.05.19 09:06:49.453,0.79425,0.79433,2.00,1.00
2016.05.19 09:06:49.555,0.79425,0.79436,2.00,1.50
2016.05.19 09:06:49.708,0.79425,0.79434,1.94,1.00
2016.05.19 09:06:50.013,0.79425,0.79434,1.31,1.00
2016.05.19 09:06:53.021,0.79425,0.79435,1.19,1.12
2016.05.19 09:06:54.492,0.79423,0.79435,1.69,1.87
2016.05.19 09:06:55.022,0.79423,0.79434,1.19,1.50
2016.05.19 09:06:55.530,0.79426,0.79433,1.00,1.12
2016.05.19 09:06:55.582,0.79426,0.79433,1.69,1.12
2016.05.19 09:06:56.090,0.79427,0.79437,1.19,1.75
2016.05.19 09:06:56.619,0.79424,0.79435,2.44,1.50
2016.05.19 09:06:57.025,0.79423,0.79435,1.94,1.50
2016.05.19 09:06:57.561,0.79424,0.79435,1.19,1.50
2016.05.19 09:06:58.074,0.79424,0.79434,1.19,1.00
2016.05.19 09:06:58.125,0.79424,0.79432,1.19,1.00
2016.05.19 09:06:58.328,0.7942,0.79432,1.94,2.25
2016.05.19 09:06:58.832,0.79421,0.79431,1.19,1.00
2016.05.19 09:06:59.161,0.79421,0.79427,1.19,1.12
2016.05.19 09:06:59.213,0.79415,0.79422,3.00,1.00
2016.05.19 09:06:59.416,0.79415,0.7942,2.25,1.19
2016.05.19 09:06:59.619,0.79417,0.79421,1.00,1.00
2016.05.19 09:06:59.720,0.79411,0.79421,2.25,1.00
2016.05.19 09:07:00.178,0.79411,0.79419,2.25,1.00
2016.05.19 09:07:01.360,0.79409,0.79419,1.50,1.00
2016.05.19 09:07:01.840,0.79409,0.79419,1.12,1.00
2016.05.19 09:07:02.348,0.79409,0.79421,1.00,2.25
2016.05.19 09:07:03.093,0.79411,0.7942,1.00,1.12
2016.05.19 09:07:03.246,0.79409,0.79421,1.00,1.50
2016.05.19 09:07:03.754,0.7941,0.79421,1.12,1.37
2016.05.19 09:07:04.277,0.79415,0.7942,1.00,1.00
2016.05.19 09:07:04.836,0.79415,0.79421,1.00,1.00
2016.05.19 09:07:05.432,0.79416,0.79425,1.00,3.00
2016.05.19 09:07:05.970,0.79415,0.79425,1.00,2.25
2016.05.19 09:07:06.471,0.79416,0.79426,1.00,2.25
2016.05.19 09:07:06.630,0.79414,0.79425,1.00,2.25
2016.05.19 09:07:06.833,0.79412,0.79424,1.00,2.44
2016.05.19 09:07:07.246,0.79414,0.79424,1.00,1.69
2016.05.19 09:07:07.570,0.79413,0.79424,1.75,1.69
2016.05.19 09:07:10.834,0.79413,0.79423,1.50,1.19
2016.05.19 09:07:10.885,0.79413,0.79423,1.50,1.19
2016.05.19 09:07:11.088,0.79413,0.79419,1.00,1.19
2016.05.19 09:07:11.710,0.79408,0.79418,2.25,1.19
2016.05.19 09:07:13.066,0.79413,0.79419,1.00,1.37
2016.05.19 09:07:13.372,0.79406,0.79412,6.75,1.25
2016.05.19 09:07:13.986,0.79404,0.79412,3.00,2.06
2016.05.19 09:07:14.038,0.79397,0.79408,1.00,1.25
2016.05.19 09:07:14.568,0.79398,0.79408,1.00,1.00
2016.05.19 09:07:15.571,0.79398,0.79409,1.00,1.25
2016.05.19 09:07:16.100,0.79398,0.79408,1.00,1.00
2016.05.19 09:07:16.576,0.79402,0.7941,6.75,1.00
2016.05.19 09:07:16.904,0.79406,0.79411,4.00,2.32
2016.05.19 09:07:17.058,0.79409,0.79413,1.00,1.00
2016.05.19 09:07:17.160,0.79406,0.79415,2.25,1.00
2016.05.19 09:07:17.363,0.79409,0.79413,1.00,1.00
2016.05.19 09:07:17.841,0.79407,0.79411,1.00,1.00
2016.05.19 09:07:18.348,0.79406,0.79411,1.00,1.69
2016.05.19 09:07:19.183,0.79403,0.79412,2.25,1.69
2016.05.19 09:07:19.393,0.794,0.79411,1.75,1.19
2016.05.19 09:07:19.697,0.794,0.79411,1.37,1.31
2016.05.19 09:07:20.065,0.79404,0.79414,1.00,1.94
2016.05.19 09:07:20.370,0.79409,0.79413,1.50,1.00
2016.05.19 09:07:20.961,0.79405,0.79413,1.50,2.25
2016.05.19 09:07:21.892,0.79406,0.79415,2.25,2.25
2016.05.19 09:07:22.147,0.79405,0.79415,1.87,3.00
2016.05.19 09:07:22.249,0.79403,0.79414,1.50,2.44
2016.05.19 09:07:23.235,0.79405,0.79414,1.00,2.44
2016.05.19 09:07:23.595,0.79404,0.79412,1.00,2.44
2016.05.19 09:07:24.453,0.79403,0.79412,1.00,2.44
2016.05.19 09:07:25.902,0.79403,0.79414,1.12,2.25
2016.05.19 09:07:26.211,0.79403,0.79415,1.00,2.00
2016.05.19 09:07:26.364,0.79402,0.79412,1.37,1.19
2016.05.19 09:07:27.195,0.79402,0.79412,1.00,1.19
2016.05.19 09:07:27.720,0.79402,0.79412,1.50,1.94
2016.05.19 09:07:28.263,0.79401,0.79412,1.50,2.44
2016.05.19 09:07:28.314,0.79399,0.79411,1.27,1.69
2016.05.19 09:07:28.366,0.794,0.79409,1.00,1.19
2016.05.19 09:07:28.773,0.79401,0.79409,1.37,1.19
2016.05.19 09:07:29.098,0.79403,0.79408,1.00,1.19
2016.05.19 09:07:29.403,0.79403,0.79409,3.75,1.19
2016.05.19 09:07:29.454,0.79401,0.79409,1.00,1.69
2016.05.19 09:07:30.482,0.79402,0.79409,1.00,1.19
2016.05.19 09:07:30.710,0.79402,0.79409,1.37,1.19
2016.05.19 09:07:31.222,0.79402,0.79409,1.75,1.25
2016.05.19 09:07:31.437,0.794,0.79409,1.87,1.19
2016.05.19 09:07:31.958,0.794,0.79408,1.50,1.19
2016.05.19 09:07:32.522,0.79399,0.7941,1.75,1.19
2016.05.19 09:07:33.382,0.79399,0.7941,1.87,1.19
2016.05.19 09:07:34.284,0.79399,0.7941,2.25,1.19
2016.05.19 09:07:34.996,0.79399,0.7941,1.12,1.56
2016.05.19 09:07:35.562,0.794,0.7941,1.00,1.31
2016.05.19 09:07:36.089,0.79401,0.7941,1.50,1.19
2016.05.19 09:07:36.649,0.79402,0.7941,1.00,1.19
2016.05.19 09:07:37.150,0.79401,0.7941,1.00,1.31
2016.05.19 09:07:41.243,0.79403,0.79413,1.50,2.06
2016.05.19 09:07:41.294,0.79405,0.79413,1.00,1.31
2016.05.19 09:07:42.110,0.79405,0.79413,1.00,1.31
2016.05.19 09:07:47.703,0.79406,0.79413,1.00,1.31
2016.05.19 09:07:48.028,0.79408,0.79416,1.00,1.94
2016.05.19 09:07:48.535,0.79408,0.79414,1.00,1.25
2016.05.19 09:07:50.057,0.79408,0.79418,1.00,3.19
2016.05.19 09:07:50.624,0.79408,0.79418,1.00,3.19
2016.05.19 09:07:51.158,0.79407,0.79417,1.00,1.69
2016.05.19 09:07:51.701,0.79406,0.79415,1.00,1.00
2016.05.19 09:07:52.968,0.79404,0.79415,1.12,1.00
2016.05.19 09:07:53.323,0.79403,0.79414,1.69,1.37
2016.05.19 09:07:53.864,0.79403,0.79414,1.25,1.87
2016.05.19 09:07:54.820,0.79405,0.79415,1.00,1.75
2016.05.19 09:07:55.124,0.79405,0.79415,1.19,1.00
2016.05.19 09:07:55.671,0.79405,0.79416,1.19,1.50
2016.05.19 09:07:56.519,0.79404,0.79415,1.25,1.00
2016.05.19 09:07:56.672,0.79402,0.79414,1.50,1.69
2016.05.19 09:07:56.925,0.79404,0.79414,1.00,1.69
2016.05.19 09:07:57.472,0.79404,0.79414,1.00,1.50
2016.05.19 09:07:58.016,0.79403,0.79413,1.25,1.12
2016.05.19 09:07:59.531,0.79402,0.79415,1.50,1.94
2016.05.19 09:08:00.151,0.79404,0.79414,1.00,1.69
2016.05.19 09:08:00.313,0.79402,0.79414,1.50,1.69
2016.05.19 09:08:00.820,0.79403,0.79414,1.00,1.69
2016.05.19 09:08:01.322,0.79404,0.79414,1.00,1.69
2016.05.19 09:08:02.254,0.79404,0.79416,1.50,2.44
2016.05.19 09:08:02.562,0.79404,0.79416,1.50,1.69
2016.05.19 09:08:02.664,0.79405,0.79417,1.00,2.44
2016.05.19 09:08:02.970,0.79403,0.79415,1.69,1.75
2016.05.19 09:08:03.387,0.79404,0.79415,1.00,1.00
2016.05.19 09:08:03.489,0.79404,0.79413,1.00,1.00
2016.05.19 09:08:04.765,0.79403,0.79413,1.25,1.12
2016.05.19 09:08:07.399,0.79403,0.79408,1.00,1.19
2016.05.19 09:08:07.451,0.79401,0.79408,1.00,1.69
2016.05.19 09:08:07.604,0.79401,0.7941,1.00,1.19
2016.05.19 09:08:08.400,0.79401,0.79412,1.12,2.44
2016.05.19 09:08:14.044,0.79402,0.79412,1.00,1.19
2016.05.19 09:08:15.072,0.79403,0.79412,1.00,1.19
2016.05.19 09:08:15.588,0.79402,0.79412,1.50,1.19
2016.05.19 09:08:16.850,0.79402,0.79413,1.50,1.31
2016.05.19 09:08:17.002,0.79404,0.79413,1.00,1.19
2016.05.19 09:08:17.104,0.79405,0.79416,1.50,1.94
2016.05.19 09:08:18.130,0.79406,0.79416,1.00,1.94
2016.05.19 09:08:18.647,0.79407,0.79416,1.00,1.94
2016.05.19 09:08:20.981,0.79406,0.79416,1.50,1.69
2016.05.19 09:08:21.688,0.79406,0.79416,2.25,1.69
2016.05.19 09:08:22.275,0.79406,0.79416,1.87,1.69
2016.05.19 09:08:30.929,0.79407,0.79416,1.00,1.19
2016.05.19 09:08:31.960,0.79406,0.79416,1.00,1.19
2016.05.19 09:08:32.565,0.79405,0.79416,1.37,1.31
2016.05.19 09:08:34.011,0.79406,0.79418,1.87,1.56
2016.05.19 09:08:34.612,0.79406,0.79418,1.87,2.44
2016.05.19 09:08:34.815,0.79404,0.79416,2.25,1.69
2016.05.19 09:08:35.221,0.79405,0.79416,1.00,1.69
2016.05.19 09:08:35.728,0.79404,0.79416,2.25,3.19
2016.05.19 09:08:37.056,0.79405,0.79416,1.00,2.81
2016.05.19 09:08:37.643,0.79406,0.79416,1.00,1.94
2016.05.19 09:08:37.846,0.79408,0.79417,1.00,1.94
2016.05.19 09:08:38.355,0.79408,0.79418,1.50,2.44
2016.05.19 09:08:38.552,0.79408,0.7942,1.50,2.44
2016.05.19 09:08:39.072,0.79408,0.79419,1.50,1.69
2016.05.19 09:08:44.220,0.7941,0.79419,1.00,1.31
2016.05.19 09:08:44.271,0.7941,0.7942,1.00,1.87
2016.05.19 09:08:48.412,0.79411,0.79422,1.00,1.94
2016.05.19 09:08:48.514,0.79411,0.79423,1.00,3.19
2016.05.19 09:08:49.556,0.79411,0.79421,1.00,1.69
2016.05.19 09:08:54.024,0.7941,0.79421,1.69,1.69
2016.05.19 09:08:54.532,0.79411,0.79421,1.00,1.69
2016.05.19 09:08:55.776,0.79411,0.79419,1.00,1.00
2016.05.19 09:08:55.827,0.79409,0.79419,1.00,1.00
2016.05.19 09:08:55.878,0.79408,0.79416,2.06,1.00
2016.05.19 09:08:56.421,0.79407,0.79415,1.00,1.50
2016.05.19 09:08:56.828,0.79405,0.79414,1.00,1.00
2016.05.19 09:08:57.240,0.79403,0.79413,2.25,1.25
2016.05.19 09:08:57.477,0.79402,0.7941,2.06,1.00
2016.05.19 09:08:57.986,0.79402,0.7941,1.69,1.00
2016.05.19 09:08:58.516,0.79402,0.79411,1.25,1.12
2016.05.19 09:08:58.861,0.79399,0.79406,1.50,1.50
2016.05.19 09:08:59.472,0.79399,0.79406,1.00,1.50
2016.05.19 09:09:00.632,0.79395,0.79407,1.25,2.25
2016.05.19 09:09:01.172,0.79396,0.79408,1.12,2.44
2016.05.19 09:09:01.273,0.79398,0.79408,1.00,2.44
2016.05.19 09:09:01.426,0.79396,0.79408,1.00,1.75
2016.05.19 09:09:01.945,0.79397,0.79407,1.00,1.00
2016.05.19 09:09:02.605,0.79398,0.79407,1.00,1.00
2016.05.19 09:09:02.757,0.79398,0.7941,1.00,3.09
2016.05.19 09:09:03.229,0.794,0.7941,1.00,1.59
2016.05.19 09:09:03.736,0.79399,0.79409,1.00,1.00
2016.05.19 09:09:04.247,0.79398,0.79411,1.75,3.84
2016.05.19 09:09:04.552,0.79397,0.79409,1.37,1.46
2016.05.19 09:09:05.177,0.79399,0.79408,1.00,1.00
2016.05.19 09:09:05.700,0.79399,0.79409,1.00,1.00
2016.05.19 09:09:06.063,0.79395,0.79407,3.00,1.09
2016.05.19 09:09:06.508,0.79393,0.79402,2.25,1.00
2016.05.19 09:09:06.815,0.79393,0.79397,1.00,1.00
2016.05.19 09:09:07.122,0.79393,0.794,4.00,2.44
2016.05.19 09:09:07.426,0.7939,0.79397,6.75,1.09
2016.05.19 09:09:07.883,0.79391,0.794,2.25,7.40
2016.05.19 09:09:08.089,0.7939,0.79396,1.00,1.12
2016.05.19 09:09:08.300,0.79385,0.79395,2.25,1.00
2016.05.19 09:09:08.403,0.79383,0.79395,1.75,1.12
2016.05.19 09:09:08.950,0.79383,0.79395,1.75,1.21
2016.05.19 09:09:09.451,0.79382,0.79395,2.25,1.21
2016.05.19 09:09:09.970,0.79386,0.79398,1.00,1.75
2016.05.19 09:09:11.470,0.79387,0.79398,1.00,1.87
2016.05.19 09:09:13.103,0.79387,0.79398,1.37,1.75
2016.05.19 09:09:13.205,0.79387,0.79398,1.37,1.12
2016.05.19 09:09:13.672,0.79386,0.79397,1.00,1.12
2016.05.19 09:09:13.979,0.79385,0.79395,1.37,1.00
2016.05.19 09:09:14.385,0.79381,0.79393,3.75,1.00
2016.05.19 09:09:14.539,0.79384,0.79396,1.75,2.71
2016.05.19 09:09:14.692,0.79385,0.79397,1.50,1.00
2016.05.19 09:09:15.200,0.79386,0.79398,1.12,1.50
2016.05.19 09:09:15.504,0.79386,0.79398,1.00,3.09
2016.05.19 09:09:15.713,0.79386,0.79398,1.00,1.59
2016.05.19 09:09:16.218,0.79386,0.79398,1.00,1.59
2016.05.19 09:09:16.530,0.79383,0.79394,2.32,1.00
2016.05.19 09:09:17.038,0.79385,0.79395,1.00,1.00
2016.05.19 09:09:17.556,0.79385,0.79397,1.50,1.78
2016.05.19 09:09:21.015,0.79385,0.79395,1.50,1.00
2016.05.19 09:09:21.559,0.79385,0.79397,1.50,1.69
2016.05.19 09:09:22.762,0.79385,0.79397,2.25,2.44
2016.05.19 09:09:23.290,0.79386,0.79397,1.37,1.31
2016.05.19 09:09:23.392,0.79386,0.79397,1.00,1.25
2016.05.19 09:09:23.941,0.79386,0.79398,1.50,1.19
2016.05.19 09:09:24.477,0.79386,0.79398,1.00,1.69
2016.05.19 09:09:24.995,0.79387,0.79397,1.00,1.40
2016.05.19 09:09:25.327,0.79389,0.79399,1.00,1.94
2016.05.19 09:09:25.429,0.79387,0.79399,2.25,2.44
2016.05.19 09:09:25.531,0.79388,0.79399,1.00,1.25
2016.05.19 09:09:25.633,0.79389,0.79399,1.00,1.69
2016.05.19 09:09:26.201,0.79394,0.79399,1.00,1.19
2016.05.19 09:09:26.304,0.79395,0.79401,1.00,1.00
2016.05.19 09:09:26.355,0.79397,0.79404,1.00,1.69
2016.05.19 09:09:26.776,0.79398,0.79408,1.00,1.21
2016.05.19 09:09:27.249,0.79398,0.7941,1.75,1.40
2016.05.19 09:09:27.924,0.79398,0.7941,1.75,1.31
2016.05.19 09:09:28.357,0.794,0.79408,1.00,1.19
2016.05.19 09:09:29.063,0.794,0.79408,1.00,1.00
2016.05.19 09:09:29.869,0.79398,0.79408,1.69,1.00
2016.05.19 09:09:33.634,0.79397,0.79409,2.06,1.12
2016.05.19 09:09:35.156,0.79399,0.79411,1.37,3.82
2016.05.19 09:09:36.190,0.79399,0.7941,2.06,1.12
2016.05.19 09:09:36.616,0.79401,0.7941,1.69,1.12
2016.05.19 09:09:37.511,0.79401,0.79411,1.19,1.50
2016.05.19 09:09:38.839,0.79401,0.79412,1.19,1.20
2016.05.19 09:09:40.375,0.79401,0.79409,1.19,1.00
2016.05.19 09:09:40.477,0.794,0.7941,1.31,1.00
2016.05.19 09:09:40.833,0.79397,0.79409,2.44,1.12
2016.05.19 09:09:40.985,0.79398,0.79407,1.56,1.00
2016.05.19 09:09:41.238,0.79397,0.79407,1.25,1.50
2016.05.19 09:09:42.359,0.79398,0.79408,1.00,1.50
2016.05.19 09:09:42.410,0.794,0.79409,1.00,2.25
2016.05.19 09:09:42.715,0.79404,0.79412,1.69,1.50
2016.05.19 09:09:43.334,0.79405,0.79415,1.25,1.12
2016.05.19 09:09:43.900,0.79403,0.79415,2.44,1.50
2016.05.19 09:09:44.412,0.79403,0.79415,2.44,1.12
2016.05.19 09:09:44.953,0.79404,0.79416,1.69,2.62
2016.05.19 09:09:45.518,0.79403,0.79415,1.94,1.00
2016.05.19 09:09:45.569,0.79402,0.79412,3.19,1.00
2016.05.19 09:09:46.127,0.79402,0.79413,2.44,1.00
2016.05.19 09:09:46.652,0.79402,0.79413,1.94,1.00
2016.05.19 09:09:47.161,0.79402,0.79412,1.94,1.00
2016.05.19 09:09:48.134,0.79402,0.79411,1.94,1.00
2016.05.19 09:09:48.467,0.79399,0.79403,1.50,1.00
2016.05.19 09:09:48.570,0.79401,0.79405,1.00,1.12
2016.05.19 09:09:48.621,0.79401,0.79405,1.00,1.00
2016.05.19 09:09:48.775,0.79397,0.79402,1.37,1.00
2016.05.19 09:09:49.291,0.79397,0.79401,1.00,1.00
2016.05.19 09:09:49.455,0.79393,0.79401,1.94,1.00
2016.05.19 09:09:50.016,0.79393,0.79403,1.56,1.00
2016.05.19 09:09:50.421,0.79397,0.79407,1.00,2.25
2016.05.19 09:09:50.764,0.794,0.79406,1.19,1.00
2016.05.19 09:09:51.652,0.79401,0.79411,1.19,3.00
2016.05.19 09:09:52.479,0.79401,0.79411,1.19,1.75
2016.05.19 09:09:52.990,0.79402,0.79413,1.25,1.50
2016.05.19 09:09:53.745,0.79403,0.79414,1.00,1.37
2016.05.19 09:09:53.796,0.79403,0.79414,1.12,1.12
2016.05.19 09:09:53.999,0.79403,0.79415,2.06,2.25
2016.05.19 09:09:55.429,0.79404,0.79415,1.19,1.50
2016.05.19 09:09:58.610,0.79404,0.79416,2.06,1.12
2016.05.19 09:09:59.517,0.79404,0.79415,1.31,1.00
2016.05.19 09:10:00.070,0.79404,0.79414,1.19,1.00
2016.05.19 09:10:02.517,0.79404,0.79415,1.19,2.25
2016.05.19 09:10:04.003,0.79406,0.79415,1.19,1.50
2016.05.19 09:10:04.510,0.79406,0.79416,1.31,1.87
2016.05.19 09:10:05.843,0.79406,0.79414,1.31,1.00
2016.05.19 09:10:07.902,0.79406,0.79415,1.19,1.12
2016.05.19 09:10:08.431,0.79407,0.79416,1.19,1.37
2016.05.19 09:10:08.653,0.79407,0.79417,1.19,2.25
2016.05.19 09:10:10.740,0.79407,0.79417,1.19,1.37
2016.05.19 09:10:12.070,0.79405,0.79417,1.19,1.87
2016.05.19 09:10:15.885,0.79405,0.79417,1.31,1.50
2016.05.19 09:10:18.675,0.79404,0.79416,1.87,1.62
2016.05.19 09:10:21.594,0.79403,0.79415,2.25,1.50
2016.05.19 09:10:23.575,0.79403,0.79415,1.50,2.81
2016.05.19 09:10:27.807,0.79403,0.79415,1.37,1.62
2016.05.19 09:10:30.336,0.79403,0.79413,1.37,1.00
2016.05.19 09:10:30.540,0.79402,0.79413,1.25,1.00
2016.05.19 09:10:30.863,0.79404,0.79414,1.00,1.00
2016.05.19 09:10:31.169,0.79404,0.79416,1.50,1.31
2016.05.19 09:10:31.724,0.79404,0.79416,1.50,1.31
2016.05.19 09:10:32.971,0.79403,0.79415,1.50,1.00
2016.05.19 09:10:33.649,0.79403,0.79415,1.50,1.09
2016.05.19 09:10:33.700,0.79401,0.7941,1.75,1.00
2016.05.19 09:10:34.005,0.79402,0.79406,1.00,1.00
2016.05.19 09:10:34.360,0.79394,0.79406,2.44,1.00
2016.05.19 09:10:34.885,0.79394,0.79406,2.06,1.12
2016.05.19 09:10:37.786,0.79396,0.79406,1.19,1.12
2016.05.19 09:10:38.773,0.79396,0.79405,1.19,1.00
2016.05.19 09:10:39.079,0.79398,0.79407,1.19,2.25
2016.05.19 09:10:39.887,0.79398,0.79407,1.19,1.12
2016.05.19 09:10:42.690,0.79398,0.79406,1.19,1.00
2016.05.19 09:10:44.419,0.79398,0.79408,1.19,1.37
2016.05.19 09:10:44.723,0.794,0.79409,1.19,1.50
2016.05.19 09:10:45.034,0.79402,0.79411,1.19,2.25
2016.05.19 09:10:45.085,0.79402,0.79412,1.19,1.75
2016.05.19 09:10:45.594,0.79403,0.79413,1.69,3.00
2016.05.19 09:10:45.898,0.79403,0.79414,1.69,1.75
2016.05.19 09:10:46.132,0.79405,0.79414,1.19,1.75
2016.05.19 09:10:46.236,0.79405,0.79414,1.19,1.50
2016.05.19 09:10:46.338,0.79405,0.7941,1.19,1.00
2016.05.19 09:10:46.390,0.79401,0.7941,1.31,1.00
2016.05.19 09:10:46.543,0.79401,0.79408,1.69,1.00
2016.05.19 09:10:47.053,0.79401,0.79409,1.31,1.00
2016.05.19 09:10:47.383,0.79397,0.79407,1.69,1.00
2016.05.19 09:10:47.536,0.79396,0.79404,1.94,1.00
2016.05.19 09:10:47.790,0.79392,0.79402,1.94,1.00
2016.05.19 09:10:47.892,0.79393,0.79402,2.44,1.00
2016.05.19 09:10:48.216,0.79394,0.79403,2.25,1.00
2016.05.19 09:10:48.467,0.79393,0.79402,2.44,1.00
2016.05.19 09:10:48.822,0.79391,0.79402,1.94,1.00
2016.05.19 09:10:49.329,0.79391,0.79402,1.31,1.00
2016.05.19 09:10:50.188,0.79391,0.79402,1.31,1.37
2016.05.19 09:10:50.789,0.79391,0.794,1.19,1.00
2016.05.19 09:10:51.558,0.79391,0.79401,1.69,1.50
2016.05.19 09:10:53.637,0.79392,0.79404,1.69,1.50
2016.05.19 09:10:53.843,0.79392,0.79404,2.44,1.00
2016.05.19 09:10:55.061,0.79395,0.79405,1.12,1.87
2016.05.19 09:10:55.366,0.79399,0.79405,1.69,1.12
2016.05.19 09:10:55.874,0.79402,0.79406,1.25,1.00
2016.05.19 09:10:56.355,0.79399,0.79407,1.94,1.50
2016.05.19 09:10:57.476,0.79401,0.79405,1.00,1.00
2016.05.19 09:10:57.527,0.79398,0.79402,1.25,1.00
2016.05.19 09:10:57.578,0.79394,0.79402,1.19,1.00
2016.05.19 09:10:57.734,0.79393,0.79402,1.19,1.00
2016.05.19 09:10:57.788,0.79391,0.79397,1.19,1.00
2016.05.19 09:10:57.941,0.7939,0.79396,1.00,1.00
2016.05.19 09:10:58.602,0.7939,0.79395,1.00,1.00
2016.05.19 09:10:58.885,0.7939,0.79398,1.25,1.00
2016.05.19 09:10:59.240,0.7939,0.79396,1.25,1.00
2016.05.19 09:10:59.342,0.7939,0.79398,1.25,1.00
2016.05.19 09:10:59.506,0.79395,0.794,1.87,1.00
2016.05.19 09:10:59.765,0.79393,0.79402,3.75,4.95
2016.05.19 09:10:59.968,0.79392,0.794,2.25,1.00
2016.05.19 09:11:00.166,0.7939,0.79399,1.25,1.00
2016.05.19 09:11:00.318,0.7939,0.79398,1.69,1.00
2016.05.19 09:11:00.631,0.7939,0.79399,1.00,3.00
2016.05.19 09:11:01.397,0.7939,0.79397,1.00,1.00
2016.05.19 09:11:01.449,0.79389,0.79393,1.00,1.50
2016.05.19 09:11:01.755,0.7939,0.79398,1.00,1.50
2016.05.19 09:11:02.289,0.7939,0.79402,1.50,3.00
2016.05.19 09:11:02.792,0.7939,0.79402,1.50,3.00
2016.05.19 09:11:02.920,0.7939,0.79402,1.50,1.75
2016.05.19 09:11:03.820,0.79393,0.79402,1.00,1.75
2016.05.19 09:11:04.131,0.79395,0.79402,1.00,1.75
2016.05.19 09:11:04.435,0.79395,0.79402,1.00,1.75
2016.05.19 09:11:05.070,0.79395,0.79402,1.00,1.75
2016.05.19 09:11:05.223,0.79393,0.79402,1.00,2.25
2016.05.19 09:11:05.569,0.79393,0.79397,1.00,1.00
2016.05.19 09:11:05.791,0.79392,0.79403,1.00,3.00
2016.05.19 09:11:05.893,0.79391,0.79402,1.00,1.00
2016.05.19 09:11:06.292,0.79391,0.79399,1.00,1.00
2016.05.19 09:11:07.013,0.79391,0.79402,1.00,1.50
2016.05.19 09:11:07.537,0.7939,0.79402,1.50,1.00
2016.05.19 09:11:08.074,0.79391,0.79401,1.00,1.00
2016.05.19 09:11:08.483,0.79393,0.79402,1.00,1.50
2016.05.19 09:11:09.063,0.79394,0.79402,1.00,1.50
2016.05.19 09:11:09.576,0.79392,0.79402,1.19,2.25
2016.05.19 09:11:10.085,0.79391,0.79401,1.69,1.00
2016.05.19 09:11:10.630,0.79391,0.79403,1.56,1.50
2016.05.19 09:11:11.150,0.79391,0.79403,2.44,1.00
2016.05.19 09:11:11.454,0.79395,0.79406,1.31,1.00
2016.05.19 09:11:11.786,0.79395,0.79406,1.19,2.25
2016.05.19 09:11:12.092,0.79395,0.79406,1.19,1.75
2016.05.19 09:11:12.543,0.79392,0.79402,1.50,1.50
2016.05.19 09:11:12.595,0.79391,0.794,1.25,1.00
2016.05.19 09:11:13.004,0.79389,0.79399,2.25,1.00
2016.05.19 09:11:13.311,0.79391,0.794,2.25,1.00
2016.05.19 09:11:13.845,0.79392,0.79401,2.25,1.87
2016.05.19 09:11:13.999,0.7939,0.79399,2.25,1.00
2016.05.19 09:11:14.151,0.79387,0.79399,1.69,1.00
2016.05.19 09:11:16.102,0.79387,0.79399,1.69,1.00
2016.05.19 09:11:18.715,0.7939,0.794,1.31,1.12
2016.05.19 09:11:19.020,0.79391,0.79399,1.19,1.00
2016.05.19 09:11:19.325,0.79393,0.79399,1.19,1.00
2016.05.19 09:11:19.832,0.79394,0.79402,1.19,1.50
2016.05.19 09:11:20.137,0.79397,0.79403,1.19,1.50
2016.05.19 09:11:20.987,0.79397,0.79403,1.25,1.50
2016.05.19 09:11:21.242,0.79394,0.79403,1.25,1.50
2016.05.19 09:11:21.743,0.79393,0.79405,1.19,3.75
2016.05.19 09:11:22.470,0.79391,0.794,2.44,1.00
2016.05.19 09:11:23.051,0.7939,0.794,1.69,1.12
2016.05.19 09:11:23.560,0.79392,0.79401,1.19,1.12
2016.05.19 09:11:24.425,0.79393,0.79403,1.25,1.87
2016.05.19 09:11:24.937,0.79394,0.79403,1.00,1.00
2016.05.19 09:11:25.541,0.79392,0.79403,3.19,1.00
2016.05.19 09:11:26.346,0.79392,0.79404,3.94,2.25
2016.05.19 09:11:26.955,0.79393,0.79403,2.00,1.00
2016.05.19 09:11:27.158,0.79393,0.79403,1.69,1.00
2016.05.19 09:11:27.675,0.79392,0.79404,1.19,3.00
2016.05.19 09:11:29.653,0.79393,0.79405,1.69,1.69
2016.05.19 09:11:29.704,0.79393,0.79405,1.69,1.31
2016.05.19 09:11:30.221,0.79393,0.79405,1.69,1.25
2016.05.19 09:11:31.708,0.79394,0.79406,1.12,1.87
2016.05.19 09:11:32.231,0.79394,0.79406,1.37,1.50
2016.05.19 09:11:34.617,0.79395,0.79404,1.50,1.00
2016.05.19 09:11:35.129,0.79395,0.79405,1.50,1.00
2016.05.19 09:11:35.738,0.79397,0.79405,1.19,1.00
2016.05.19 09:11:36.303,0.79397,0.79406,1.69,1.50
2016.05.19 09:11:36.609,0.79399,0.7941,1.31,1.50
2016.05.19 09:11:38.123,0.79399,0.79409,1.94,1.00
2016.05.19 09:11:38.663,0.79399,0.7941,1.94,2.25
2016.05.19 09:11:39.431,0.79402,0.7941,1.00,1.00
2016.05.19 09:11:39.533,0.79402,0.79412,1.50,1.00
2016.05.19 09:11:39.584,0.79404,0.79412,1.19,1.00
2016.05.19 09:11:40.093,0.79404,0.79415,1.19,3.00
2016.05.19 09:11:41.209,0.79404,0.79411,1.19,1.00
2016.05.19 09:11:41.310,0.79404,0.79413,1.19,1.12
2016.05.19 09:11:42.180,0.79404,0.79412,1.94,1.50
2016.05.19 09:11:42.694,0.79404,0.79411,1.69,1.00
2016.05.19 09:11:42.949,0.79404,0.79409,1.69,1.00
2016.05.19 09:11:43.402,0.79402,0.79409,1.31,1.00
2016.05.19 09:11:43.934,0.79402,0.7941,1.31,1.00
2016.05.19 09:11:44.298,0.79402,0.79408,1.31,1.00
2016.05.19 09:11:44.656,0.79399,0.79407,1.31,1.00
2016.05.19 09:11:45.356,0.79399,0.79408,1.69,1.00
2016.05.19 09:11:45.904,0.79399,0.79407,1.31,1.00
2016.05.19 09:11:47.517,0.79399,0.79408,1.69,1.00
2016.05.19 09:11:50.213,0.79401,0.79409,1.25,1.00
2016.05.19 09:11:50.365,0.79403,0.79411,1.19,1.00
2016.05.19 09:11:50.880,0.79403,0.79412,1.31,1.00
2016.05.19 09:11:52.586,0.79403,0.79413,1.31,1.00
2016.05.19 09:11:53.400,0.79403,0.79411,1.31,1.00
2016.05.19 09:11:54.591,0.79402,0.79407,1.69,1.00
2016.05.19 09:11:54.790,0.79395,0.79399,1.00,1.00
2016.05.19 09:11:54.943,0.79392,0.79399,1.19,1.00
2016.05.19 09:11:55.399,0.7939,0.79399,2.44,1.00
2016.05.19 09:11:55.963,0.79391,0.79403,1.25,1.50
2016.05.19 09:11:56.015,0.79394,0.79403,1.19,1.50
2016.05.19 09:11:56.221,0.79397,0.79404,1.00,1.00
2016.05.19 09:11:56.324,0.79398,0.79406,1.19,1.37
2016.05.19 09:11:56.426,0.79398,0.79407,1.19,1.37
2016.05.19 09:11:56.933,0.79398,0.79407,1.31,1.00
2016.05.19 09:11:57.701,0.79398,0.79408,1.69,1.00
2016.05.19 09:11:59.592,0.79399,0.79409,1.19,1.00
2016.05.19 09:11:59.745,0.79402,0.7941,1.19,1.12
2016.05.19 09:12:00.855,0.79402,0.79412,2.06,1.12
2016.05.19 09:12:01.009,0.79406,0.79416,1.00,3.00
2016.05.19 09:12:01.314,0.79409,0.79415,1.19,1.00
2016.05.19 09:12:01.416,0.79409,0.79417,1.19,1.75
2016.05.19 09:12:01.929,0.79408,0.79418,1.69,1.50
2016.05.19 09:12:02.235,0.79408,0.79419,2.81,1.50
2016.05.19 09:12:05.485,0.7941,0.79422,1.69,1.75
2016.05.19 09:12:05.688,0.79411,0.79422,2.06,1.75
2016.05.19 09:12:08.211,0.79412,0.79422,1.69,1.50
2016.05.19 09:12:08.982,0.79412,0.79424,2.06,1.75
2016.05.19 09:12:09.085,0.79415,0.79424,1.19,1.75
2016.05.19 09:12:09.468,0.7942,0.79426,1.19,1.00
2016.05.19 09:12:11.035,0.7942,0.79426,1.19,1.00
2016.05.19 09:12:11.630,0.7942,0.79428,1.19,2.25
2016.05.19 09:12:12.153,0.7942,0.79427,1.25,1.75
2016.05.19 09:12:12.204,0.79416,0.79425,1.31,1.50
2016.05.19 09:12:15.027,0.79417,0.79425,1.25,1.00
2016.05.19 09:12:16.678,0.79417,0.79425,1.62,1.00
2016.05.19 09:12:16.996,0.7942,0.79429,1.56,1.37
2016.05.19 09:12:17.048,0.7942,0.79429,2.44,1.37
2016.05.19 09:12:17.679,0.79424,0.79433,1.19,3.00
2016.05.19 09:12:18.054,0.79425,0.79431,1.19,1.00
2016.05.19 09:12:18.107,0.79425,0.79431,1.25,1.75
2016.05.19 09:12:18.617,0.79424,0.7943,1.19,1.00
2016.05.19 09:12:19.999,0.79429,0.79434,1.19,3.00
2016.05.19 09:12:21.095,0.79426,0.79432,1.19,1.00
2016.05.19 09:12:21.652,0.79431,0.79436,1.19,5.25
2016.05.19 09:12:21.964,0.79435,0.7944,1.19,1.00
2016.05.19 09:12:22.522,0.79429,0.79435,3.00,4.00
2016.05.19 09:12:22.789,0.79431,0.79436,1.87,1.00
2016.05.19 09:12:22.891,0.7943,0.79439,2.81,2.25
2016.05.19 09:12:23.463,0.79433,0.79442,1.25,2.25
2016.05.19 09:12:23.515,0.79434,0.79439,1.19,1.00
2016.05.19 09:12:23.616,0.7943,0.79438,1.19,1.00
2016.05.19 09:12:24.125,0.79429,0.79439,1.19,1.00
2016.05.19 09:12:24.624,0.79429,0.79435,1.19,1.00
2016.05.19 09:12:24.726,0.79428,0.79435,1.25,1.00
2016.05.19 09:12:28.353,0.79429,0.79435,1.19,1.00
2016.05.19 09:12:28.456,0.79429,0.79438,1.56,1.00
2016.05.19 09:12:28.609,0.79431,0.79439,1.19,1.00
2016.05.19 09:12:29.065,0.79431,0.79439,1.69,1.00
2016.05.19 09:12:29.422,0.79433,0.79437,1.25,1.00
2016.05.19 09:12:29.728,0.79434,0.79439,1.00,1.00
2016.05.19 09:12:29.932,0.7943,0.79439,2.25,1.00
2016.05.19 09:12:29.983,0.79431,0.79435,1.00,1.00
2016.05.19 09:12:30.612,0.79428,0.79437,2.25,1.00
2016.05.19 09:12:31.322,0.79427,0.79432,2.25,1.00
2016.05.19 09:12:31.373,0.79424,0.79433,2.44,1.00
2016.05.19 09:12:32.191,0.79428,0.79432,1.00,1.00
2016.05.19 09:12:33.718,0.79422,0.79431,3.28,1.00
2016.05.19 09:12:34.250,0.79422,0.79432,3.28,1.00
2016.05.19 09:12:35.452,0.79422,0.79432,3.84,1.00
2016.05.19 09:12:35.858,0.79426,0.79434,2.25,1.25
2016.05.19 09:12:36.162,0.79427,0.79436,3.75,1.69
2016.05.19 09:12:36.614,0.79425,0.79434,2.25,1.25
2016.05.19 09:12:36.917,0.79421,0.79432,2.53,1.00
2016.05.19 09:12:37.945,0.79421,0.79431,2.53,1.00
2016.05.19 09:12:39.836,0.7942,0.79431,1.40,1.00
2016.05.19 09:12:40.546,0.7942,0.79429,1.94,1.00
2016.05.19 09:12:40.873,0.79422,0.79426,1.00,1.00
2016.05.19 09:12:41.428,0.79419,0.79427,1.75,1.00
2016.05.19 09:12:42.706,0.79422,0.79426,1.00,1.00
2016.05.19 09:12:43.238,0.79418,0.79427,2.25,1.00
2016.05.19 09:12:43.289,0.79422,0.79426,1.00,1.00
2016.05.19 09:12:43.825,0.79419,0.79427,2.25,1.00
2016.05.19 09:12:44.130,0.79417,0.79425,2.25,1.00
2016.05.19 09:12:44.384,0.79417,0.79425,2.25,1.00
2016.05.19 09:12:44.689,0.79416,0.7942,5.25,1.00
2016.05.19 09:12:45.852,0.79417,0.79421,1.50,1.00
2016.05.19 09:12:46.424,0.79416,0.79423,1.87,1.25
2016.05.19 09:12:46.735,0.79414,0.79422,2.25,1.00
2016.05.19 09:12:47.286,0.79413,0.79421,2.25,1.00
2016.05.19 09:12:47.800,0.79413,0.79421,2.25,1.00
2016.05.19 09:12:48.009,0.7941,0.79419,3.19,1.00
2016.05.19 09:12:48.233,0.7941,0.79418,1.25,1.00
2016.05.19 09:12:49.372,0.7941,0.79419,1.25,1.00
2016.05.19 09:12:49.425,0.7941,0.79416,1.25,1.00
2016.05.19 09:12:49.933,0.7941,0.79415,1.00,1.00
2016.05.19 09:12:49.985,0.7941,0.79417,1.00,1.00
2016.05.19 09:12:50.505,0.79407,0.79418,2.00,1.25
2016.05.19 09:12:52.360,0.79407,0.79417,2.00,1.00
2016.05.19 09:12:53.130,0.79407,0.79416,2.00,1.00
2016.05.19 09:12:53.181,0.79406,0.79414,4.76,1.00
2016.05.19 09:12:53.491,0.79406,0.7941,1.50,1.25
2016.05.19 09:12:53.543,0.79406,0.79411,2.25,1.19
2016.05.19 09:12:53.950,0.79403,0.79412,2.25,1.69
2016.05.19 09:12:54.780,0.79404,0.79413,2.25,1.69
2016.05.19 09:12:57.728,0.79403,0.79412,2.25,3.19
2016.05.19 09:12:58.129,0.79399,0.79411,1.75,2.06
2016.05.19 09:12:58.534,0.79399,0.79411,1.00,2.44
2016.05.19 09:12:59.157,0.79398,0.79411,2.25,2.06
2016.05.19 09:13:00.421,0.79399,0.7941,1.00,1.31
2016.05.19 09:13:00.955,0.79398,0.79409,1.12,1.00
2016.05.19 09:13:01.889,0.79397,0.79408,1.50,1.19
2016.05.19 09:13:02.396,0.79396,0.79407,1.75,1.69
2016.05.19 09:13:02.701,0.79396,0.79406,1.75,1.19
2016.05.19 09:13:03.058,0.79395,0.79406,2.25,1.00
2016.05.19 09:13:03.559,0.79395,0.79407,2.25,1.25
2016.05.19 09:13:03.762,0.79395,0.79407,1.50,1.25
2016.05.19 09:13:04.016,0.79399,0.79407,1.00,1.50
2016.05.19 09:13:04.321,0.79405,0.79409,1.00,1.00
2016.05.19 09:13:04.800,0.79405,0.7941,1.19,1.00
2016.05.19 09:13:05.156,0.79405,0.79413,1.19,1.12
2016.05.19 09:13:05.361,0.79405,0.79411,1.00,1.00
2016.05.19 09:13:05.667,0.79405,0.79412,1.37,1.00
2016.05.19 09:13:06.094,0.79405,0.79412,1.00,1.00
2016.05.19 09:13:06.600,0.79406,0.79412,1.00,1.00
2016.05.19 09:13:07.196,0.79402,0.79412,2.51,1.00
2016.05.19 09:13:07.706,0.79402,0.79411,2.59,1.00
2016.05.19 09:13:08.218,0.79402,0.7941,1.01,1.00
2016.05.19 09:13:08.896,0.79404,0.79408,1.25,1.00
2016.05.19 09:13:09.200,0.794,0.79409,2.25,1.25
2016.05.19 09:13:09.423,0.79398,0.79407,3.00,1.00
2016.05.19 09:13:09.965,0.79397,0.79405,2.25,1.00
2016.05.19 09:13:11.062,0.79397,0.79406,2.25,1.00
2016.05.19 09:13:11.714,0.79397,0.79406,2.25,1.00
2016.05.19 09:13:12.228,0.79399,0.79407,1.75,1.00
2016.05.19 09:13:12.331,0.794,0.79404,1.25,1.00
2016.05.19 09:13:12.484,0.79396,0.79405,2.51,1.00
2016.05.19 09:13:12.945,0.79396,0.79403,1.31,1.00
2016.05.19 09:13:13.249,0.79392,0.79401,2.89,1.00
2016.05.19 09:13:13.618,0.79392,0.79402,2.44,1.00
2016.05.19 09:13:13.720,0.79397,0.79401,1.00,1.00
2016.05.19 09:13:14.230,0.79396,0.794,1.00,1.00
2016.05.19 09:13:14.383,0.79391,0.794,2.59,1.00
2016.05.19 09:13:14.619,0.79394,0.79398,1.00,1.00
2016.05.19 09:13:14.925,0.79392,0.79399,6.00,1.25
2016.05.19 09:13:15.484,0.79394,0.794,1.00,1.19
2016.05.19 09:13:15.782,0.79391,0.79399,2.25,1.25
2016.05.19 09:13:15.986,0.79391,0.79399,2.25,1.69
2016.05.19 09:13:16.240,0.79391,0.79399,2.25,1.25
2016.05.19 09:13:16.747,0.79394,0.79398,1.00,1.00
2016.05.19 09:13:17.022,0.79387,0.79397,3.26,1.00
2016.05.19 09:13:17.292,0.7939,0.79399,1.12,1.00
2016.05.19 09:13:17.343,0.79395,0.79404,1.00,2.25
2016.05.19 09:13:17.395,0.79398,0.79404,1.37,2.25
2016.05.19 09:13:17.700,0.79402,0.79407,1.39,1.00
2016.05.19 09:13:18.012,0.79403,0.79407,1.25,1.50
2016.05.19 09:13:18.215,0.79401,0.79407,1.01,3.75
2016.05.19 09:13:18.725,0.79401,0.79406,1.19,1.50
2016.05.19 09:13:18.777,0.79406,0.79412,1.19,6.75
2016.05.19 09:13:18.931,0.79406,0.79415,1.19,1.00
2016.05.19 09:13:19.097,0.79402,0.79412,2.89,1.00
2016.05.19 09:13:19.250,0.79402,0.79414,2.51,1.00
2016.05.19 09:13:19.301,0.79406,0.79414,1.19,1.00
2016.05.19 09:13:19.608,0.79399,0.79406,3.00,6.75
2016.05.19 09:13:20.145,0.79405,0.79412,1.78,6.75
2016.05.19 09:13:20.196,0.79405,0.79415,1.78,1.00
2016.05.19 09:13:20.247,0.79405,0.79417,1.78,9.00
2016.05.19 09:13:20.754,0.79405,0.79416,1.78,1.00
2016.05.19 09:13:21.555,0.79405,0.79415,1.78,1.00
2016.05.19 09:13:21.606,0.79405,0.79413,1.28,1.00
2016.05.19 09:13:22.063,0.79406,0.79414,1.19,1.00
2016.05.19 09:13:22.114,0.79406,0.79416,1.19,1.00
2016.05.19 09:13:22.216,0.79404,0.79412,2.32,3.37
2016.05.19 09:13:22.499,0.79404,0.79411,1.03,6.75
2016.05.19 09:13:22.652,0.79405,0.79415,2.15,1.00
2016.05.19 09:13:22.703,0.79406,0.79416,1.19,1.00
2016.05.19 09:13:23.209,0.79406,0.79416,1.19,1.50
2016.05.19 09:13:23.693,0.79408,0.79417,1.19,1.75
2016.05.19 09:13:23.998,0.79408,0.79418,1.19,1.75
2016.05.19 09:13:25.089,0.79408,0.79417,1.25,3.00
2016.05.19 09:13:25.636,0.79406,0.79415,3.28,2.25
2016.05.19 09:13:26.227,0.79408,0.79418,1.19,1.75
2016.05.19 09:13:26.744,0.79408,0.79418,1.19,1.50
2016.05.19 09:13:26.846,0.79408,0.79418,1.19,3.00
2016.05.19 09:13:27.353,0.79408,0.79418,1.19,1.50
2016.05.19 09:13:27.455,0.79408,0.79418,1.19,1.50
2016.05.19 09:13:27.761,0.79408,0.79415,1.31,1.00
2016.05.19 09:13:28.621,0.79408,0.79416,1.19,1.00
2016.05.19 09:13:29.634,0.79404,0.79416,2.51,1.12
2016.05.19 09:13:30.329,0.79404,0.79416,2.51,1.00
2016.05.19 09:13:31.144,0.79404,0.79415,2.04,1.00
2016.05.19 09:13:31.195,0.79404,0.79413,1.94,1.00
2016.05.19 09:13:31.522,0.79403,0.79407,5.25,1.00
2016.05.19 09:13:31.625,0.79406,0.7941,1.00,2.25
2016.05.19 09:13:31.880,0.79403,0.79409,1.87,1.00
2016.05.19 09:13:32.456,0.79402,0.79412,2.25,3.56
2016.05.19 09:13:32.558,0.794,0.79409,2.44,1.00
2016.05.19 09:13:33.070,0.79404,0.79408,1.00,1.00
2016.05.19 09:13:33.478,0.79397,0.79407,1.19,1.00
2016.05.19 09:13:33.678,0.79402,0.79406,1.00,1.00
2016.05.19 09:13:33.887,0.79396,0.79406,1.19,1.00
2016.05.19 09:13:34.269,0.79403,0.79412,3.75,9.64
2016.05.19 09:13:34.778,0.79395,0.79406,1.19,1.00
2016.05.19 09:13:35.349,0.79394,0.79407,1.69,1.50
2016.05.19 09:13:35.552,0.79402,0.79411,2.25,7.31
2016.05.19 09:13:36.057,0.79402,0.7941,2.25,1.00
2016.05.19 09:13:36.247,0.79402,0.79414,3.94,3.00
2016.05.19 09:13:36.504,0.79404,0.79416,2.00,1.50
2016.05.19 09:13:38.788,0.79404,0.79416,2.00,1.87
2016.05.19 09:13:39.485,0.79404,0.79415,1.25,2.25
2016.05.19 09:13:39.995,0.79404,0.79414,1.25,2.25
2016.05.19 09:13:41.092,0.79405,0.79414,1.00,2.25
2016.05.19 09:13:41.982,0.79404,0.79414,1.25,2.25
2016.05.19 09:13:42.493,0.79401,0.79411,1.56,1.75
2016.05.19 09:13:42.545,0.794,0.79406,1.48,1.00
2016.05.19 09:13:42.596,0.794,0.79406,1.39,1.12
2016.05.19 09:13:42.647,0.79399,0.79403,1.12,1.00
2016.05.19 09:13:42.749,0.79395,0.79403,1.56,1.00
2016.05.19 09:13:43.263,0.79391,0.79401,5.60,1.00
2016.05.19 09:13:44.077,0.79397,0.79406,2.25,6.19
2016.05.19 09:13:44.568,0.79399,0.79409,3.75,9.64
2016.05.19 09:13:44.930,0.79397,0.79401,3.37,1.00
2016.05.19 09:13:44.982,0.79391,0.79401,1.19,1.00
2016.05.19 09:13:45.241,0.79391,0.79403,1.19,1.25
2016.05.19 09:13:49.016,0.79399,0.79408,2.25,6.64
2016.05.19 09:13:49.291,0.79393,0.79403,2.25,1.25
2016.05.19 09:13:49.791,0.79392,0.79403,2.06,1.25
2016.05.19 09:13:50.146,0.79395,0.79406,1.50,2.44
2016.05.19 09:13:50.475,0.79401,0.79407,1.69,1.12
2016.05.19 09:13:50.993,0.79401,0.79406,2.06,1.37
2016.05.19 09:13:51.553,0.79402,0.79406,1.00,1.50
2016.05.19 09:13:53.364,0.79404,0.79408,1.00,1.00
2016.05.19 09:13:54.468,0.79402,0.79407,1.19,1.00
2016.05.19 09:13:56.392,0.79401,0.79411,1.19,2.25
2016.05.19 09:13:56.829,0.79401,0.79412,1.31,1.00
2016.05.19 09:13:57.921,0.79402,0.7941,1.19,1.00
2016.05.19 09:13:58.226,0.79402,0.79407,1.00,1.50
2016.05.19 09:13:58.639,0.79401,0.79405,1.00,1.00
2016.05.19 09:13:59.994,0.79402,0.79406,1.00,1.00
2016.05.19 09:14:00.351,0.794,0.79404,1.00,1.00
2016.05.19 09:14:01.267,0.79398,0.79402,3.94,1.00
2016.05.19 09:14:04.349,0.79399,0.79403,1.00,1.00
2016.05.19 09:14:04.868,0.79398,0.79402,3.75,1.00
2016.05.19 09:14:08.644,0.79397,0.79401,6.75,1.00
2016.05.19 09:14:08.949,0.79395,0.79399,6.75,1.00
2016.05.19 09:14:09.623,0.79394,0.79398,6.75,1.00
2016.05.19 09:14:09.928,0.79391,0.79395,3.37,1.00
2016.05.19 09:14:09.979,0.79391,0.79397,3.37,1.00
2016.05.19 09:14:10.234,0.79391,0.79395,3.37,1.00
2016.05.19 09:14:10.742,0.7939,0.79394,3.37,1.00
2016.05.19 09:14:11.882,0.79383,0.79394,2.06,1.00
2016.05.19 09:14:12.312,0.79383,0.79392,1.00,1.00
2016.05.19 09:14:12.829,0.79382,0.79392,1.00,1.00
2016.05.19 09:14:13.384,0.79383,0.79392,1.00,1.00
2016.05.19 09:14:14.279,0.79383,0.79393,1.50,1.00
2016.05.19 09:14:14.816,0.79383,0.79394,1.19,1.00
2016.05.19 09:14:15.409,0.79383,0.79393,1.19,1.00
2016.05.19 09:14:16.196,0.79383,0.79394,1.19,1.00
2016.05.19 09:14:16.729,0.79383,0.79393,1.19,1.00
2016.05.19 09:14:16.994,0.79383,0.79391,1.19,1.00
2016.05.19 09:14:17.299,0.7938,0.79384,1.00,1.00
2016.05.19 09:14:17.401,0.79375,0.79384,1.12,1.00
2016.05.19 09:14:17.615,0.79372,0.79382,1.87,1.00
2016.05.19 09:14:17.922,0.79372,0.7938,1.00,1.00
2016.05.19 09:14:18.226,0.79369,0.79379,2.06,1.00
2016.05.19 09:14:18.765,0.79369,0.79378,1.31,1.00
2016.05.19 09:14:19.534,0.79367,0.79376,1.25,1.00
2016.05.19 09:14:20.619,0.79369,0.79376,1.00,1.00
2016.05.19 09:14:20.670,0.79369,0.79378,1.00,1.25
2016.05.19 09:14:23.003,0.79371,0.79379,1.00,1.19
2016.05.19 09:14:24.927,0.79368,0.79379,1.00,1.19
2016.05.19 09:14:25.080,0.79368,0.79376,1.00,1.00
2016.05.19 09:14:25.384,0.79368,0.79378,1.50,1.25
2016.05.19 09:14:25.880,0.79366,0.79375,1.00,1.00
2016.05.19 09:14:26.083,0.79367,0.79379,1.00,1.69
2016.05.19 09:14:26.286,0.79369,0.79379,1.00,1.25
2016.05.19 09:14:27.002,0.7937,0.7938,1.00,1.25
2016.05.19 09:14:27.551,0.79369,0.79381,1.00,1.19
2016.05.19 09:14:28.516,0.79369,0.79381,1.12,1.25
2016.05.19 09:14:32.985,0.79368,0.79381,1.78,1.00
2016.05.19 09:14:33.524,0.7937,0.7938,1.25,1.00
2016.05.19 09:14:35.035,0.79366,0.79377,2.06,1.00
2016.05.19 09:14:35.342,0.79367,0.79373,1.00,1.50
2016.05.19 09:14:35.396,0.79369,0.79373,1.00,1.00
2016.05.19 09:14:35.651,0.79362,0.79371,2.44,1.00
2016.05.19 09:14:35.753,0.79365,0.79369,1.00,1.00
2016.05.19 09:14:36.076,0.79362,0.7937,2.25,1.50
2016.05.19 09:14:36.339,0.79357,0.79367,1.69,1.00
2016.05.19 09:14:37.672,0.79363,0.79367,1.00,1.00
2016.05.19 09:14:38.183,0.79357,0.79367,1.94,1.00
2016.05.19 09:14:38.692,0.79357,0.79366,1.94,1.00
2016.05.19 09:14:38.895,0.79357,0.79366,1.25,1.00
2016.05.19 09:14:40.193,0.79357,0.79367,1.31,1.12
2016.05.19 09:14:40.244,0.79357,0.79367,2.06,1.00
2016.05.19 09:14:40.627,0.79361,0.7937,1.19,1.87
2016.05.19 09:14:41.185,0.79361,0.7937,1.19,1.37
2016.05.19 09:14:41.388,0.79359,0.79369,1.19,1.00
2016.05.19 09:14:41.592,0.79361,0.79369,1.19,1.00
2016.05.19 09:14:41.901,0.79357,0.79365,2.41,1.00
2016.05.19 09:14:41.953,0.79357,0.79363,1.50,1.00
2016.05.19 09:14:42.006,0.79357,0.79365,1.00,1.12
2016.05.19 09:14:42.465,0.7936,0.79368,1.19,1.12
2016.05.19 09:14:42.982,0.79361,0.79369,1.19,1.50
2016.05.19 09:14:44.488,0.79361,0.79367,1.19,1.00
2016.05.19 09:14:44.540,0.79357,0.79367,1.69,1.00
2016.05.19 09:14:45.047,0.79357,0.79366,1.19,1.00
2016.05.19 09:14:45.789,0.79357,0.79365,1.69,1.00
2016.05.19 09:14:46.298,0.7936,0.79365,1.00,1.87
2016.05.19 09:14:46.841,0.79353,0.7936,1.00,1.00
2016.05.19 09:14:46.994,0.79358,0.79362,1.00,1.00
2016.05.19 09:14:47.046,0.7936,0.79366,1.00,1.87
2016.05.19 09:14:47.148,0.7936,0.79367,1.00,1.00
2016.05.19 09:14:47.251,0.79358,0.79369,1.75,1.00
2016.05.19 09:14:47.556,0.79358,0.79369,2.06,1.87
2016.05.19 09:14:47.608,0.79358,0.79369,1.69,3.75
2016.05.19 09:14:48.130,0.79358,0.79366,1.69,1.00
2016.05.19 09:14:48.529,0.79358,0.79369,2.06,1.50
2016.05.19 09:14:48.732,0.79358,0.79368,2.00,1.00
2016.05.19 09:14:49.061,0.79357,0.79366,2.06,1.00
2016.05.19 09:14:49.568,0.79357,0.79367,2.06,1.00
2016.05.19 09:14:49.721,0.79357,0.79367,1.40,1.00
2016.05.19 09:14:50.243,0.79356,0.79366,1.69,1.00
2016.05.19 09:14:50.597,0.79356,0.79368,1.25,1.75
2016.05.19 09:14:51.314,0.79356,0.79366,1.25,1.50
2016.05.19 09:14:51.416,0.79356,0.79366,1.25,1.75
2016.05.19 09:14:51.923,0.79356,0.79366,1.25,3.00
2016.05.19 09:14:51.975,0.79356,0.79366,1.25,1.75
2016.05.19 09:14:52.473,0.79356,0.79366,1.62,1.00
2016.05.19 09:14:52.676,0.79356,0.79366,2.00,1.00
2016.05.19 09:14:52.727,0.79355,0.79368,2.44,1.00
2016.05.19 09:14:52.778,0.79356,0.79366,2.00,1.00
2016.05.19 09:14:53.133,0.79355,0.79368,2.44,1.00
2016.05.19 09:14:53.684,0.79359,0.79367,1.00,1.00
2016.05.19 09:14:54.191,0.79356,0.79368,2.00,1.00
2016.05.19 09:14:54.859,0.79358,0.79367,1.19,1.00
2016.05.19 09:14:55.417,0.79358,0.79365,1.19,1.00
2016.05.19 09:14:55.998,0.79358,0.79364,1.19,1.00
2016.05.19 09:14:56.252,0.79358,0.79366,1.19,1.00
2016.05.19 09:14:56.354,0.79358,0.79364,1.19,1.00
2016.05.19 09:14:56.883,0.79357,0.79364,1.19,1.00
2016.05.19 09:14:56.934,0.79357,0.79366,1.19,1.00
2016.05.19 09:14:57.116,0.79358,0.79364,1.25,1.00
2016.05.19 09:14:57.624,0.79355,0.79365,1.69,1.00
2016.05.19 09:14:58.132,0.79356,0.79368,1.31,1.75
2016.05.19 09:14:58.843,0.79356,0.79367,1.19,1.00
2016.05.19 09:14:59.147,0.79356,0.79368,1.31,1.75
2016.05.19 09:14:59.910,0.79356,0.79368,1.31,1.50
2016.05.19 09:15:00.267,0.79357,0.79368,1.19,1.75
2016.05.19 09:15:01.139,0.79357,0.79367,1.19,1.00
2016.05.19 09:15:02.166,0.79358,0.79367,1.25,1.00
2016.05.19 09:15:02.715,0.79358,0.79367,1.19,1.00
2016.05.19 09:15:03.374,0.79355,0.79367,2.44,1.50
2016.05.19 09:15:03.925,0.79355,0.79367,2.44,1.50
2016.05.19 09:15:04.027,0.79356,0.79366,1.25,1.50
2016.05.19 09:15:04.333,0.79357,0.79367,1.19,1.75
2016.05.19 09:15:04.859,0.79357,0.79366,1.19,1.00
2016.05.19 09:15:05.402,0.79357,0.79367,1.69,1.50
2016.05.19 09:15:05.453,0.79357,0.79367,1.69,1.12
2016.05.19 09:15:08.279,0.79357,0.79366,1.19,1.00
2016.05.19 09:15:10.170,0.79357,0.79367,1.69,1.12
2016.05.19 09:15:10.677,0.79356,0.79367,1.31,1.00
2016.05.19 09:15:11.199,0.79355,0.79368,1.69,1.12
2016.05.19 09:15:11.735,0.79355,0.79367,1.69,1.00
2016.05.19 09:15:11.786,0.79355,0.79365,1.69,1.00
2016.05.19 09:15:13.147,0.79357,0.79367,1.25,1.00
2016.05.19 09:15:13.199,0.7936,0.7937,1.00,2.00
2016.05.19 09:15:13.504,0.79365,0.79372,1.50,1.50
2016.05.19 09:15:13.962,0.79366,0.79376,2.25,1.69
2016.05.19 09:15:14.499,0.79367,0.79376,1.50,1.19
2016.05.19 09:15:15.070,0.79366,0.79376,1.37,1.19
2016.05.19 09:15:18.082,0.79364,0.79376,1.75,1.69
2016.05.19 09:15:18.643,0.79364,0.79375,1.75,1.19
2016.05.19 09:15:21.029,0.79365,0.79376,1.75,1.19
2016.05.19 09:15:22.995,0.79365,0.79375,1.00,1.19
2016.05.19 09:15:24.574,0.79364,0.79374,1.75,1.25
2016.05.19 09:15:25.728,0.79363,0.79371,1.75,1.00
2016.05.19 09:15:26.145,0.79362,0.79366,1.00,1.50
2016.05.19 09:15:26.452,0.79359,0.79364,3.75,1.00
2016.05.19 09:15:26.504,0.79358,0.79364,1.00,1.00
2016.05.19 09:15:26.968,0.79354,0.79362,2.25,1.00
2016.05.19 09:15:27.489,0.79352,0.79362,2.44,1.00
2016.05.19 09:15:27.895,0.79354,0.79361,1.00,1.00
2016.05.19 09:15:28.402,0.79354,0.79362,1.00,1.00
2016.05.19 09:15:28.453,0.79354,0.79364,1.00,1.25
2016.05.19 09:15:28.587,0.79354,0.79365,1.19,1.00
2016.05.19 09:15:28.892,0.79353,0.79364,2.81,1.50
2016.05.19 09:15:29.045,0.79354,0.79364,1.25,1.50
2016.05.19 09:15:29.147,0.79354,0.79365,1.69,1.75
2016.05.19 09:15:29.502,0.79355,0.79365,1.31,1.00
2016.05.19 09:15:30.223,0.79355,0.79365,1.94,1.00
2016.05.19 09:15:30.699,0.79353,0.79363,2.44,1.00
2016.05.19 09:15:31.033,0.79353,0.79361,2.44,1.00
2016.05.19 09:15:31.287,0.79351,0.79361,1.94,1.00
2016.05.19 09:15:31.744,0.79351,0.79363,2.44,1.00
2016.05.19 09:15:31.795,0.79354,0.79365,1.69,1.12
2016.05.19 09:15:32.497,0.79353,0.79365,1.31,1.50
2016.05.19 09:15:33.336,0.79353,0.79363,1.56,1.00
2016.05.19 09:15:33.735,0.79353,0.79365,1.94,1.12
2016.05.19 09:15:35.303,0.79352,0.79364,2.44,1.00
2016.05.19 09:15:35.355,0.79352,0.79361,1.94,1.00
2016.05.19 09:15:35.406,0.79354,0.7936,1.00,1.00
2016.05.19 09:15:35.457,0.79354,0.79358,1.00,1.00
2016.05.19 09:15:35.711,0.79346,0.79357,1.50,1.25
2016.05.19 09:15:36.227,0.79345,0.79357,2.44,1.00
2016.05.19 09:15:37.082,0.79346,0.79358,2.00,1.00
2016.05.19 09:15:37.618,0.79346,0.79358,2.06,1.50
2016.05.19 09:15:38.162,0.79345,0.79355,1.56,1.00
2016.05.19 09:15:43.387,0.79344,0.79357,2.44,1.00
2016.05.19 09:15:43.590,0.79344,0.79355,1.94,1.00
2016.05.19 09:15:44.098,0.79344,0.79357,2.44,1.12
2016.05.19 09:15:44.600,0.79346,0.79356,1.31,1.00
2016.05.19 09:15:45.107,0.79345,0.79355,1.19,1.00
2016.05.19 09:15:47.420,0.79343,0.79356,2.44,1.00
2016.05.19 09:15:48.883,0.79343,0.79355,2.44,1.00
2016.05.19 09:15:49.867,0.79343,0.79353,1.94,1.00
2016.05.19 09:15:50.070,0.79344,0.79353,1.00,1.00
2016.05.19 09:15:50.604,0.7934,0.79352,2.44,1.00
2016.05.19 09:15:52.368,0.7934,0.79352,1.50,1.12
2016.05.19 09:15:52.958,0.7934,0.79353,1.75,1.62
2016.05.19 09:15:53.462,0.79344,0.79356,1.00,2.00
2016.05.19 09:15:53.716,0.79346,0.79357,1.00,3.28
2016.05.19 09:15:54.368,0.79346,0.79357,1.00,2.06
2016.05.19 09:15:54.572,0.79348,0.79359,1.00,3.19
2016.05.19 09:15:54.877,0.79354,0.79358,1.00,1.00
2016.05.19 09:15:55.202,0.79356,0.79361,1.00,5.25
2016.05.19 09:15:55.609,0.79359,0.79363,1.00,5.25
2016.05.19 09:15:56.460,0.79355,0.79363,4.76,2.25
2016.05.19 09:15:57.011,0.7936,0.79365,1.00,5.25
2016.05.19 09:15:57.530,0.79359,0.79363,1.00,2.25
2016.05.19 09:15:57.581,0.79356,0.79365,4.50,2.25
2016.05.19 09:15:58.188,0.79356,0.79365,4.50,2.25
2016.05.19 09:15:59.155,0.79357,0.79366,3.00,2.25
2016.05.19 09:15:59.595,0.79358,0.79368,1.50,1.69
2016.05.19 09:15:59.846,0.79358,0.79368,1.87,1.31
2016.05.19 09:16:00.853,0.79358,0.79368,2.25,1.25
2016.05.19 09:16:01.400,0.7936,0.7937,1.00,1.69
2016.05.19 09:16:02.607,0.7936,0.79372,1.12,1.31
2016.05.19 09:16:03.164,0.79359,0.79371,1.50,1.69
2016.05.19 09:16:03.686,0.79359,0.79369,1.12,1.25
2016.05.19 09:16:04.256,0.79359,0.79369,1.37,1.25
2016.05.19 09:16:04.679,0.79356,0.79369,3.75,1.69
2016.05.19 09:16:05.214,0.79357,0.7937,1.75,1.69
2016.05.19 09:16:05.715,0.79357,0.79369,1.75,1.19
2016.05.19 09:16:05.991,0.79357,0.79369,1.50,1.19
2016.05.19 09:16:06.571,0.79358,0.79369,1.37,1.19
2016.05.19 09:16:07.781,0.79357,0.79369,1.50,1.40
2016.05.19 09:16:07.832,0.79357,0.79369,1.50,1.78
2016.05.19 09:16:08.665,0.79359,0.79369,1.00,1.00
2016.05.19 09:16:09.170,0.79357,0.79368,1.69,1.00
2016.05.19 09:16:09.224,0.79357,0.79369,1.69,1.25
2016.05.19 09:16:09.633,0.79358,0.79366,1.10,1.00
2016.05.19 09:16:10.137,0.79358,0.7937,1.00,1.75
2016.05.19 09:16:10.644,0.79356,0.79368,1.37,1.62
2016.05.19 09:16:11.122,0.79356,0.79369,2.06,1.50
2016.05.19 09:16:11.664,0.79356,0.79368,2.44,1.00
2016.05.19 09:16:12.189,0.79356,0.79367,2.53,1.00
2016.05.19 09:16:12.728,0.79358,0.79368,1.69,1.00
2016.05.19 09:16:13.033,0.79358,0.79368,1.94,1.00
2016.05.19 09:16:13.337,0.79357,0.79369,1.03,1.00
2016.05.19 09:16:13.560,0.79357,0.79367,1.03,1.00
2016.05.19 09:16:13.921,0.79352,0.79361,3.00,1.50
2016.05.19 09:16:14.227,0.79352,0.79361,2.25,1.96
2016.05.19 09:16:14.278,0.79352,0.79361,2.25,1.87
2016.05.19 09:16:14.329,0.79355,0.79359,5.25,1.00
2016.05.19 09:16:14.837,0.79355,0.7936,5.25,1.00
2016.05.19 09:16:16.001,0.79356,0.7936,1.00,1.00
2016.05.19 09:16:16.524,0.79356,0.7936,1.00,1.00
2016.05.19 09:16:16.909,0.79352,0.79361,2.25,1.00
2016.05.19 09:16:17.384,0.79356,0.7936,1.00,1.00
2016.05.19 09:16:17.638,0.79357,0.79362,1.00,1.25
2016.05.19 09:16:18.188,0.79356,0.79364,2.25,2.90
2016.05.19 09:16:18.343,0.79357,0.79362,1.00,1.25
2016.05.19 09:16:18.883,0.79357,0.79362,1.00,1.25
2016.05.19 09:16:18.935,0.79355,0.79363,2.25,1.69
2016.05.19 09:16:20.246,0.79357,0.79361,1.00,1.00
2016.05.19 09:16:20.942,0.79352,0.79361,2.25,1.00
2016.05.19 09:16:21.449,0.79351,0.79361,1.00,1.00
2016.05.19 09:16:21.501,0.79349,0.79361,1.62,1.49
2016.05.19 09:16:21.552,0.79349,0.79361,1.25,1.87
2016.05.19 09:16:22.615,0.79349,0.7936,1.62,1.37
2016.05.19 09:16:22.808,0.79349,0.7936,1.62,1.37
2016.05.19 09:16:23.416,0.79349,0.7936,1.25,1.50
2016.05.19 09:16:23.955,0.79348,0.79359,1.69,1.12
2016.05.19 09:16:24.505,0.79348,0.79358,1.69,1.00
2016.05.19 09:16:25.268,0.79348,0.79358,1.00,1.00
2016.05.19 09:16:26.541,0.79348,0.79358,1.50,1.00
2016.05.19 09:16:27.918,0.79348,0.79358,1.50,1.00
2016.05.19 09:16:29.445,0.79346,0.79356,2.44,1.00
2016.05.19 09:16:30.064,0.79345,0.79349,1.57,1.00
2016.05.19 09:16:30.269,0.79333,0.79337,1.00,1.00
2016.05.19 09:16:30.320,0.79331,0.79335,1.00,1.00
2016.05.19 09:16:30.473,0.79331,0.79336,1.00,1.00
2016.05.19 09:16:30.525,0.79327,0.79338,1.19,1.10
2016.05.19 09:16:30.779,0.79325,0.79336,8.44,1.00
2016.05.19 09:16:30.830,0.79325,0.79338,9.19,1.00
2016.05.19 09:16:31.242,0.79325,0.79338,9.19,1.00
2016.05.19 09:16:31.758,0.79325,0.79338,9.00,1.19
2016.05.19 09:16:32.872,0.79327,0.79338,2.25,1.19
2016.05.19 09:16:33.476,0.79325,0.79335,1.50,1.00
2016.05.19 09:16:34.230,0.79327,0.79335,1.00,1.00
2016.05.19 09:16:34.536,0.79329,0.79335,1.00,1.00
2016.05.19 09:16:34.790,0.79333,0.79342,1.00,1.69
2016.05.19 09:16:34.841,0.79335,0.79342,1.00,1.69
2016.05.19 09:16:35.211,0.79331,0.79342,1.00,1.69
2016.05.19 09:16:35.262,0.7933,0.7934,1.12,2.44
2016.05.19 09:16:35.314,0.79328,0.79339,1.20,1.03
2016.05.19 09:16:35.365,0.79328,0.79336,1.12,1.25
2016.05.19 09:16:35.671,0.79328,0.79333,1.00,1.00
2016.05.19 09:16:35.982,0.79326,0.79333,1.00,1.19
2016.05.19 09:16:36.134,0.79325,0.79335,1.12,1.85
2016.05.19 09:16:36.338,0.79325,0.79332,1.12,1.00
2016.05.19 09:16:36.643,0.79325,0.7933,1.12,1.00
2016.05.19 09:16:37.009,0.79323,0.79327,1.50,1.25
2016.05.19 09:16:37.315,0.79321,0.79325,3.00,1.00
2016.05.19 09:16:37.854,0.79322,0.79326,1.50,1.00
2016.05.19 09:16:38.162,0.79325,0.79332,1.75,3.65
2016.05.19 09:16:38.673,0.79322,0.79326,7.50,1.00
2016.05.19 09:16:38.986,0.79326,0.79332,2.50,1.10
2016.05.19 09:16:39.599,0.79326,0.79335,5.25,12.65
2016.05.19 09:16:40.112,0.79323,0.79328,7.50,1.00
2016.05.19 09:16:41.611,0.79316,0.79329,1.69,2.44
2016.05.19 09:16:41.764,0.79316,0.79324,1.00,1.19
2016.05.19 09:16:42.175,0.79317,0.79322,3.37,1.00
2016.05.19 09:16:42.480,0.79315,0.7932,6.75,1.19
2016.05.19 09:16:42.868,0.79315,0.79323,2.25,4.03
2016.05.19 09:16:43.297,0.79316,0.79325,3.75,7.10
2016.05.19 09:16:43.882,0.79313,0.79322,2.25,3.28
2016.05.19 09:16:44.881,0.79311,0.7932,2.25,1.25
2016.05.19 09:16:45.364,0.7931,0.79318,2.25,1.00
2016.05.19 09:16:45.737,0.79314,0.79318,1.00,1.00
2016.05.19 09:16:46.272,0.79313,0.79321,2.25,1.69
2016.05.19 09:16:46.966,0.7931,0.79319,2.25,1.25
2016.05.19 09:16:47.785,0.79309,0.79319,2.25,1.00
2016.05.19 09:16:47.993,0.79306,0.79319,2.44,1.12
2016.05.19 09:16:48.540,0.79307,0.79319,2.06,1.37
2016.05.19 09:16:51.872,0.79308,0.79318,2.06,1.12
2016.05.19 09:16:52.382,0.79308,0.7932,2.81,1.50
2016.05.19 09:16:52.711,0.79308,0.7932,2.81,1.12
2016.05.19 09:16:53.266,0.79308,0.7932,2.44,1.00
2016.05.19 09:16:55.043,0.7931,0.79323,1.69,2.00
2016.05.19 09:16:55.721,0.79309,0.79322,1.37,2.53
2016.05.19 09:16:56.246,0.79309,0.79321,1.12,1.94
2016.05.19 09:16:56.804,0.7931,0.79321,1.00,1.94
2016.05.19 09:16:57.338,0.79311,0.79322,1.00,1.94
2016.05.19 09:16:57.694,0.79311,0.79323,1.00,1.03
2016.05.19 09:16:58.062,0.79313,0.79325,1.00,3.94
2016.05.19 09:16:58.368,0.79319,0.79325,1.00,2.25
2016.05.19 09:16:58.419,0.79319,0.79328,1.50,2.25
2016.05.19 09:16:58.825,0.79318,0.79329,1.12,1.78
2016.05.19 09:16:59.803,0.7932,0.79329,1.00,1.69
2016.05.19 09:17:00.821,0.79317,0.79327,1.37,1.12
2016.05.19 09:17:01.330,0.79315,0.79326,1.69,1.00
2016.05.19 09:17:02.818,0.79318,0.79326,1.00,1.00
2016.05.19 09:17:04.326,0.79318,0.7933,1.25,1.96
2016.05.19 09:17:04.841,0.79319,0.7933,1.00,1.96
2016.05.19 09:17:06.319,0.79317,0.7933,1.19,2.34
2016.05.19 09:17:08.014,0.79319,0.79329,1.00,1.75
2016.05.19 09:17:08.320,0.79321,0.79331,1.00,3.94
2016.05.19 09:17:08.643,0.79325,0.79329,1.00,1.00
2016.05.19 09:17:08.948,0.79324,0.79333,2.44,3.00
2016.05.19 09:17:09.459,0.79328,0.79332,1.00,1.00
2016.05.19 09:17:09.964,0.79327,0.79335,1.00,3.00
2016.05.19 09:17:10.626,0.79327,0.79334,1.00,1.00
2016.05.19 09:17:10.948,0.79328,0.79337,1.00,1.78
2016.05.19 09:17:11.490,0.79326,0.79336,1.50,1.00
2016.05.19 09:17:12.278,0.79326,0.79336,1.12,1.00
2016.05.19 09:17:12.792,0.79325,0.79336,1.12,1.31
2016.05.19 09:17:12.926,0.79324,0.79334,2.25,1.00
2016.05.19 09:17:13.434,0.79322,0.79334,1.94,1.87
2016.05.19 09:17:13.951,0.79321,0.7933,1.94,1.00
2016.05.19 09:17:14.460,0.7932,0.79331,2.44,1.87
2016.05.19 09:17:14.956,0.79319,0.79331,3.19,1.12
2016.05.19 09:17:15.491,0.79319,0.79331,3.19,1.12
2016.05.19 09:17:15.801,0.79319,0.79329,2.44,1.00
2016.05.19 09:17:16.338,0.79319,0.79331,1.56,1.50
2016.05.19 09:17:16.653,0.79319,0.7933,1.19,2.25
2016.05.19 09:17:17.156,0.7932,0.79328,1.19,1.37
2016.05.19 09:17:17.299,0.7932,0.79328,1.19,1.12
2016.05.19 09:17:17.604,0.79318,0.79328,1.19,1.87
2016.05.19 09:17:19.552,0.79318,0.79327,1.19,1.09
2016.05.19 09:17:19.859,0.79318,0.79328,1.69,1.50
2016.05.19 09:17:20.146,0.7932,0.79328,1.19,1.00
2016.05.19 09:17:21.559,0.79321,0.79332,1.25,3.00
2016.05.19 09:17:22.068,0.79321,0.79332,1.69,3.00
2016.05.19 09:17:24.665,0.79321,0.79332,1.69,1.75
2016.05.19 09:17:25.213,0.79321,0.79332,1.19,1.75
2016.05.19 09:17:25.522,0.79324,0.79333,1.25,2.62
2016.05.19 09:17:25.829,0.79326,0.79334,1.69,2.25
2016.05.19 09:17:26.378,0.79327,0.79332,1.19,1.00
2016.05.19 09:17:28.636,0.79328,0.79333,1.19,1.00
2016.05.19 09:17:29.268,0.79326,0.79332,1.19,1.00
2016.05.19 09:17:30.071,0.79327,0.79331,1.25,1.00
2016.05.19 09:17:30.756,0.79327,0.79333,1.19,1.00
2016.05.19 09:17:31.330,0.79327,0.79337,1.19,1.75
2016.05.19 09:17:32.441,0.79324,0.79337,2.06,1.69
2016.05.19 09:17:32.966,0.79325,0.79335,1.25,1.00
2016.05.19 09:17:33.790,0.79323,0.79336,2.44,1.12
2016.05.19 09:17:34.182,0.79323,0.79336,1.31,1.37
2016.05.19 09:17:37.449,0.79323,0.79335,1.19,1.87
2016.05.19 09:17:37.755,0.7932,0.79329,1.50,1.56
2016.05.19 09:17:38.060,0.79315,0.79327,2.44,1.00
2016.05.19 09:17:38.568,0.79315,0.79326,1.50,1.25
2016.05.19 09:17:38.722,0.7932,0.79328,1.00,1.75
2016.05.19 09:17:39.027,0.79322,0.79331,1.50,2.44
2016.05.19 09:17:39.364,0.79325,0.79329,1.25,1.00
2016.05.19 09:17:39.517,0.79325,0.79333,1.25,2.25
2016.05.19 09:17:39.568,0.79325,0.79331,1.25,1.00
2016.05.19 09:17:40.294,0.79324,0.79336,1.19,2.00
2016.05.19 09:17:40.802,0.79325,0.79338,1.31,1.94
2016.05.19 09:17:48.378,0.79323,0.79333,2.44,1.00
2016.05.19 09:17:50.829,0.79321,0.79332,1.76,1.00
2016.05.19 09:17:50.931,0.79321,0.79329,2.00,1.00
2016.05.19 09:17:50.982,0.79321,0.79331,1.69,1.50
2016.05.19 09:17:51.033,0.79321,0.79329,1.69,1.00
2016.05.19 09:17:51.955,0.79316,0.79329,1.69,1.87
2016.05.19 09:17:52.525,0.79316,0.79328,1.31,1.12
2016.05.19 09:17:53.033,0.79316,0.79328,1.69,2.25
2016.05.19 09:17:55.596,0.79318,0.79328,1.00,1.50
2016.05.19 09:17:56.272,0.79316,0.79326,1.69,1.00
2016.05.19 09:17:56.805,0.79317,0.79327,1.25,1.12
2016.05.19 09:17:57.210,0.79317,0.79328,1.19,1.50
2016.05.19 09:17:57.752,0.79318,0.7933,1.69,1.75
2016.05.19 09:17:58.310,0.7932,0.79329,1.19,1.37
2016.05.19 09:17:58.462,0.79318,0.79328,2.06,1.00
2016.05.19 09:18:01.588,0.79318,0.79327,1.19,1.00
2016.05.19 09:18:02.133,0.79318,0.79328,1.19,1.50
2016.05.19 09:18:02.555,0.79318,0.79326,1.19,1.00
2016.05.19 09:18:03.062,0.79316,0.79326,1.19,1.37
2016.05.19 09:18:04.051,0.79316,0.79326,1.19,1.50
2016.05.19 09:18:04.365,0.79316,0.79326,1.19,1.12
2016.05.19 09:18:06.649,0.79316,0.79325,1.19,1.00
2016.05.19 09:18:07.157,0.79315,0.79324,1.19,1.12
2016.05.19 09:18:07.209,0.79315,0.79322,1.19,1.00
2016.05.19 09:18:07.732,0.79315,0.79323,1.19,1.00
2016.05.19 09:18:08.250,0.79315,0.79323,1.19,1.37
2016.05.19 09:18:08.454,0.79315,0.79321,1.00,1.00
2016.05.19 09:18:08.556,0.7931,0.79319,1.01,1.00
2016.05.19 09:18:09.069,0.7931,0.7932,1.69,1.00
2016.05.19 09:18:09.121,0.7931,0.79323,1.69,1.21
2016.05.19 09:18:09.223,0.79313,0.79323,1.19,1.21
2016.05.19 09:18:09.730,0.79313,0.79323,1.19,1.21
2016.05.19 09:18:10.555,0.79313,0.79323,1.19,1.87
2016.05.19 09:18:10.861,0.79319,0.79323,1.00,1.00
2016.05.19 09:18:11.166,0.79323,0.79327,1.00,2.62
2016.05.19 09:18:11.686,0.79328,0.79332,1.00,7.50
2016.05.19 09:18:11.737,0.79325,0.79332,1.28,7.50
2016.05.19 09:18:11.942,0.79321,0.79327,1.28,2.25
2016.05.19 09:18:12.452,0.79322,0.79332,1.00,1.75
2016.05.19 09:18:12.556,0.79322,0.79332,1.12,1.12
2016.05.19 09:18:12.862,0.79323,0.79332,1.00,1.50
2016.05.19 09:18:13.065,0.79322,0.79332,2.25,1.00
2016.05.19 09:18:13.756,0.79322,0.79332,1.87,1.00
2016.05.19 09:18:14.164,0.79325,0.79334,1.00,1.87
2016.05.19 09:18:14.266,0.79321,0.79332,1.09,1.00
2016.05.19 09:18:14.810,0.7932,0.79333,1.09,2.25
2016.05.19 09:18:14.963,0.7932,0.79332,1.12,1.50
2016.05.19 09:18:15.676,0.79319,0.79329,1.31,1.00
2016.05.19 09:18:15.981,0.79317,0.79327,2.00,1.00
2016.05.19 09:18:16.489,0.79316,0.79328,1.75,1.12
2016.05.19 09:18:16.995,0.79316,0.79328,1.37,1.49
2016.05.19 09:18:17.814,0.79318,0.79328,1.00,1.50
2016.05.19 09:18:17.916,0.79316,0.79329,1.12,2.53
2016.05.19 09:18:19.147,0.79317,0.79327,1.00,1.12
2016.05.19 09:18:19.476,0.79314,0.79326,3.64,1.12
2016.05.19 09:18:19.528,0.79314,0.79324,1.69,1.50
2016.05.19 09:18:19.833,0.79312,0.79321,1.19,1.00
2016.05.19 09:18:20.343,0.79312,0.79324,1.00,2.34
2016.05.19 09:18:22.600,0.79311,0.79323,1.12,1.75
2016.05.19 09:18:23.800,0.79312,0.79323,1.00,1.87
2016.05.19 09:18:24.003,0.79312,0.79323,1.00,1.59
2016.05.19 09:18:24.652,0.79312,0.79322,1.00,1.00
2016.05.19 09:18:25.176,0.79312,0.79323,1.00,1.59
2016.05.19 09:18:28.239,0.79313,0.79323,1.00,1.00
2016.05.19 09:18:30.257,0.79315,0.79323,1.00,1.00
2016.05.19 09:18:30.765,0.79315,0.79325,1.12,1.69
2016.05.19 09:18:31.885,0.79314,0.79327,1.12,4.69
2016.05.19 09:18:32.423,0.79315,0.79326,1.00,1.94
2016.05.19 09:18:32.945,0.79314,0.79326,1.12,1.94
2016.05.19 09:18:33.521,0.79313,0.79326,1.00,2.44
2016.05.19 09:18:33.855,0.79313,0.79326,1.00,3.19
2016.05.19 09:18:35.993,0.79313,0.79325,1.84,2.00
2016.05.19 09:18:36.097,0.79316,0.79328,1.12,3.19
2016.05.19 09:18:36.300,0.79319,0.79328,1.00,3.19
2016.05.19 09:18:36.605,0.79322,0.79331,1.00,3.19
2016.05.19 09:18:36.910,0.79322,0.79331,1.00,1.69
2016.05.19 09:18:37.490,0.79322,0.79331,1.00,1.25
2016.05.19 09:18:38.141,0.79321,0.79331,1.00,1.25
2016.05.19 09:18:39.395,0.79321,0.7933,1.00,1.50
2016.05.19 09:18:39.649,0.79321,0.79327,1.00,1.00
2016.05.19 09:18:39.967,0.79316,0.7932,2.25,1.00
2016.05.19 09:18:40.272,0.79313,0.79319,5.25,2.44
2016.05.19 09:18:40.324,0.79315,0.79322,1.75,8.44
2016.05.19 09:18:40.888,0.79315,0.79319,2.62,1.69
2016.05.19 09:18:41.249,0.79314,0.79319,1.50,1.25
2016.05.19 09:18:41.740,0.79311,0.79316,1.50,1.25
2016.05.19 09:18:42.623,0.7931,0.79315,1.00,1.37
2016.05.19 09:18:42.991,0.79305,0.79312,1.75,5.25
2016.05.19 09:18:43.653,0.79304,0.7931,1.75,1.69
2016.05.19 09:18:43.705,0.79304,0.79309,1.37,1.50
2016.05.19 09:18:44.118,0.79302,0.7931,1.75,1.03
2016.05.19 09:18:44.524,0.79302,0.79312,1.75,1.00
2016.05.19 09:18:44.881,0.79302,0.7931,1.75,1.00
2016.05.19 09:18:45.286,0.79302,0.79312,1.75,1.59
2016.05.19 09:18:46.503,0.79302,0.79311,1.75,1.09
2016.05.19 09:18:46.766,0.79304,0.79312,1.00,2.53
2016.05.19 09:18:47.283,0.79304,0.79312,1.00,1.78
2016.05.19 09:18:47.537,0.793,0.79312,2.06,1.78
2016.05.19 09:18:48.080,0.793,0.79312,1.31,2.53
2016.05.19 09:18:48.665,0.793,0.79312,1.31,2.09
2016.05.19 09:18:49.192,0.79299,0.79309,1.69,1.00
2016.05.19 09:18:49.700,0.79299,0.79309,1.19,1.09
2016.05.19 09:18:51.023,0.793,0.7931,1.19,1.12
2016.05.19 09:18:51.536,0.79302,0.79312,3.19,1.09
2016.05.19 09:18:51.995,0.79302,0.79312,3.19,1.00
2016.05.19 09:18:52.300,0.79302,0.79314,3.19,1.00
2016.05.19 09:18:52.566,0.79302,0.79314,1.69,1.00
2016.05.19 09:18:53.238,0.79302,0.79314,2.44,1.00
2016.05.19 09:18:53.442,0.79303,0.79314,1.19,1.50
2016.05.19 09:18:53.990,0.79303,0.79314,1.19,1.98
2016.05.19 09:18:54.427,0.79309,0.79314,1.19,1.00
2016.05.19 09:18:54.731,0.79311,0.79316,1.19,2.25
2016.05.19 09:18:54.986,0.79307,0.79314,1.25,1.75
2016.05.19 09:18:55.559,0.79306,0.79315,1.25,3.00
2016.05.19 09:18:56.786,0.79306,0.79316,1.19,2.25
2016.05.19 09:18:57.090,0.79306,0.79314,1.25,1.00
2016.05.19 09:18:57.591,0.79307,0.79314,1.00,1.00
2016.05.19 09:18:58.310,0.79306,0.79314,1.25,1.00
2016.05.19 09:18:58.361,0.79302,0.79308,4.72,1.00
2016.05.19 09:18:58.666,0.79297,0.79302,1.87,1.00
2016.05.19 09:18:59.250,0.79297,0.79305,2.06,1.95
2016.05.19 09:18:59.557,0.79302,0.7931,2.25,3.00
2016.05.19 09:19:00.169,0.79302,0.7931,2.25,2.25
2016.05.19 09:19:00.271,0.79303,0.79312,2.25,4.50
2016.05.19 09:19:00.398,0.79305,0.79309,1.00,1.00
2016.05.19 09:19:00.551,0.79305,0.79314,2.25,5.70
2016.05.19 09:19:00.866,0.79302,0.79311,2.25,3.00
2016.05.19 09:19:00.986,0.79302,0.79311,2.25,2.25
2016.05.19 09:19:02.326,0.79305,0.79309,1.00,1.00
2016.05.19 09:19:02.956,0.79302,0.7931,2.25,1.00
2016.05.19 09:19:03.058,0.793,0.7931,3.94,1.00
2016.05.19 09:19:03.573,0.793,0.79309,1.19,1.75
2016.05.19 09:19:04.195,0.793,0.79304,1.69,1.00
2016.05.19 09:19:04.500,0.79296,0.79305,1.69,2.25
2016.05.19 09:19:05.508,0.79301,0.79305,1.25,1.00
2016.05.19 09:19:05.610,0.79301,0.79305,1.25,1.00
2016.05.19 09:19:05.765,0.79301,0.79307,1.69,1.00
2016.05.19 09:19:06.172,0.79301,0.79311,1.69,1.75
2016.05.19 09:19:06.417,0.79299,0.79311,1.00,2.25
2016.05.19 09:19:07.096,0.79299,0.79309,1.00,1.00
2016.05.19 09:19:08.182,0.79296,0.79308,1.12,1.31
2016.05.19 09:19:08.284,0.79296,0.79307,1.31,1.00
2016.05.19 09:19:08.589,0.79296,0.79304,1.31,1.00
2016.05.19 09:19:08.690,0.79296,0.79306,1.31,1.00
2016.05.19 09:19:09.205,0.79296,0.79305,1.31,1.00
2016.05.19 09:19:09.749,0.79296,0.79306,2.06,1.00
2016.05.19 09:19:10.259,0.79297,0.79309,1.19,2.25
2016.05.19 09:19:10.648,0.793,0.79309,1.19,1.50
2016.05.19 09:19:14.175,0.793,0.79309,1.19,1.00
2016.05.19 09:19:14.479,0.79304,0.79311,1.19,2.25
2016.05.19 09:19:15.084,0.79304,0.79311,1.25,2.25
2016.05.19 09:19:16.129,0.79301,0.7931,1.69,2.25
2016.05.19 09:19:16.434,0.79302,0.79307,1.00,1.00
2016.05.19 09:19:18.337,0.79303,0.7931,1.69,1.75
2016.05.19 09:19:18.388,0.79303,0.79308,1.00,1.50
2016.05.19 09:19:18.693,0.79303,0.79309,1.00,1.00
2016.05.19 09:19:19.095,0.79303,0.7931,1.00,1.75
2016.05.19 09:19:19.498,0.79304,0.7931,1.19,1.50
2016.05.19 09:19:20.029,0.79304,0.7931,1.19,1.12
2016.05.19 09:19:21.822,0.79304,0.79311,1.19,1.00
2016.05.19 09:19:22.583,0.79304,0.79313,1.19,1.50
2016.05.19 09:19:22.911,0.79302,0.79314,1.69,2.25
2016.05.19 09:19:23.418,0.79302,0.79312,1.25,1.00
2016.05.19 09:19:25.025,0.79302,0.79313,1.12,1.00
2016.05.19 09:19:25.565,0.79303,0.79313,1.00,1.00
2016.05.19 09:19:28.231,0.79306,0.79314,1.00,1.12
2016.05.19 09:19:28.537,0.79309,0.79318,1.69,3.00
2016.05.19 09:19:28.842,0.79312,0.79321,1.00,2.25
2016.05.19 09:19:29.455,0.79313,0.79318,1.00,1.00
2016.05.19 09:19:30.047,0.79314,0.79324,1.50,1.94
2016.05.19 09:19:30.869,0.79314,0.79326,1.50,2.44
2016.05.19 09:19:31.780,0.79314,0.79326,1.50,1.69
2016.05.19 09:19:34.969,0.79315,0.79326,1.00,1.19
2016.05.19 09:19:35.495,0.79316,0.79326,1.69,1.00
2016.05.19 09:19:36.794,0.79316,0.79325,1.25,1.00
2016.05.19 09:19:36.947,0.79314,0.79326,2.44,2.44
2016.05.19 09:19:36.998,0.79314,0.79326,2.44,2.25
2016.05.19 09:19:37.202,0.79314,0.79322,1.00,1.25
2016.05.19 09:19:37.507,0.79314,0.79323,2.44,1.00
2016.05.19 09:19:37.754,0.79315,0.79326,1.19,1.01
2016.05.19 09:19:37.856,0.79316,0.79326,1.19,1.00
2016.05.19 09:19:38.262,0.79316,0.79327,1.69,2.25
2016.05.19 09:19:39.256,0.79316,0.79328,2.06,1.31
2016.05.19 09:19:40.200,0.79316,0.79328,1.31,1.12
2016.05.19 09:19:41.207,0.79316,0.79328,1.31,1.37
2016.05.19 09:19:41.519,0.79316,0.79327,1.25,2.25
2016.05.19 09:19:41.570,0.79316,0.79328,1.25,1.75
2016.05.19 09:19:42.029,0.79316,0.79328,1.31,1.50
2016.05.19 09:19:42.486,0.79317,0.79329,1.69,1.75
2016.05.19 09:19:43.329,0.79321,0.7933,1.00,2.44
2016.05.19 09:19:43.634,0.79321,0.7933,1.69,2.25
2016.05.19 09:19:45.276,0.79321,0.79328,1.69,1.00
2016.05.19 09:19:45.682,0.79324,0.79329,1.19,1.00
2016.05.19 09:19:46.917,0.79325,0.79329,1.25,1.00
2016.05.19 09:19:47.526,0.79322,0.79329,1.69,1.00
2016.05.19 09:19:47.780,0.79322,0.79333,1.56,1.50
2016.05.19 09:19:47.881,0.79322,0.79333,1.69,1.12
2016.05.19 09:19:48.479,0.79322,0.79332,1.69,1.00
2016.05.19 09:19:48.785,0.79324,0.79335,1.19,1.75
2016.05.19 09:19:49.089,0.79323,0.79327,1.00,1.00
2016.05.19 09:19:49.140,0.79323,0.79331,1.00,2.34
2016.05.19 09:19:49.616,0.79323,0.79329,1.00,1.00
2016.05.19 09:19:50.125,0.79318,0.79328,3.94,1.00
2016.05.19 09:19:50.650,0.79321,0.79327,1.00,1.00
2016.05.19 09:19:50.753,0.79321,0.79331,1.00,1.19
2016.05.19 09:19:51.386,0.79319,0.79331,1.50,1.56
2016.05.19 09:19:51.903,0.7932,0.7933,1.37,1.19
2016.05.19 09:19:52.321,0.7932,0.7933,1.12,1.56
2016.05.19 09:19:52.777,0.79318,0.7933,1.25,1.94
2016.05.19 09:19:53.416,0.79318,0.7933,1.62,1.56
2016.05.19 09:19:53.913,0.79318,0.7933,2.00,1.19
2016.05.19 09:19:54.442,0.7932,0.7933,1.00,1.40
2016.05.19 09:19:55.909,0.79318,0.7933,1.69,1.31
2016.05.19 09:19:56.449,0.79318,0.79329,1.31,1.25
2016.05.19 09:19:56.987,0.79318,0.7933,1.31,2.71
2016.05.19 09:19:57.468,0.79317,0.79324,2.06,1.00
2016.05.19 09:19:57.772,0.79314,0.79318,1.25,1.00
2016.05.19 09:19:57.874,0.79316,0.7932,1.00,1.00
2016.05.19 09:19:58.129,0.79315,0.79319,1.00,1.00
2016.05.19 09:19:59.150,0.79316,0.7932,1.00,1.00
2016.05.19 09:20:00.326,0.79316,0.79321,1.00,1.69
2016.05.19 09:20:01.593,0.79317,0.79322,1.00,1.50
2016.05.19 09:20:01.949,0.79319,0.79325,1.00,1.00
2016.05.19 09:20:02.102,0.79319,0.79328,1.00,1.69
2016.05.19 09:20:02.356,0.79319,0.7933,1.00,2.25
2016.05.19 09:20:03.175,0.7932,0.79329,1.00,1.00
2016.05.19 09:20:04.189,0.7932,0.7933,1.00,3.00
2016.05.19 09:20:04.729,0.79319,0.7933,1.50,1.00
2016.05.19 09:20:05.313,0.79319,0.7933,1.50,1.19
2016.05.19 09:20:07.355,0.79319,0.79328,1.00,1.00
2016.05.19 09:20:07.710,0.79319,0.79327,1.00,1.19
2016.05.19 09:20:10.330,0.79319,0.79324,1.00,1.00
2016.05.19 09:20:10.837,0.79319,0.79326,1.00,1.19
2016.05.19 09:20:11.340,0.79319,0.79326,1.00,1.69
2016.05.19 09:20:12.110,0.79319,0.79325,1.00,1.69
2016.05.19 09:20:17.608,0.79319,0.79326,1.00,1.19
2016.05.19 09:20:20.551,0.79319,0.79327,1.00,1.19
2016.05.19 09:20:21.622,0.79317,0.79328,1.00,1.69
2016.05.19 09:20:22.114,0.7932,0.79328,1.00,1.19
2016.05.19 09:20:22.623,0.79321,0.7933,1.00,1.19
2016.05.19 09:20:22.674,0.79321,0.79331,1.00,1.19
2016.05.19 09:20:22.887,0.79322,0.79332,1.00,1.25
2016.05.19 09:20:23.955,0.79323,0.79332,1.00,1.50
2016.05.19 09:20:24.465,0.79322,0.79332,1.25,1.00
2016.05.19 09:20:26.937,0.79324,0.79332,1.00,1.00
2016.05.19 09:20:27.090,0.79324,0.79334,1.00,1.00
2016.05.19 09:20:27.243,0.79326,0.79335,1.00,1.50
2016.05.19 09:20:27.781,0.79324,0.79336,1.19,1.75
2016.05.19 09:20:28.387,0.79324,0.79336,1.31,1.75
2016.05.19 09:20:31.245,0.79326,0.79337,1.00,1.31
2016.05.19 09:20:31.347,0.79326,0.79336,1.00,1.00
2016.05.19 09:20:32.617,0.79327,0.79336,1.00,1.00
2016.05.19 09:20:33.141,0.79326,0.79336,1.00,1.00
2016.05.19 09:20:34.694,0.79327,0.79336,1.00,1.00
2016.05.19 09:20:35.503,0.79325,0.79336,1.25,1.00
2016.05.19 09:20:36.010,0.79324,0.79336,1.69,1.50
2016.05.19 09:20:36.781,0.79324,0.79336,1.69,1.87
2016.05.19 09:20:45.925,0.79324,0.79334,2.44,1.00
2016.05.19 09:20:46.459,0.79324,0.79335,1.69,1.12
2016.05.19 09:20:47.381,0.79327,0.79335,1.00,1.12
2016.05.19 09:20:47.704,0.79331,0.79339,1.00,2.00
2016.05.19 09:20:47.857,0.79332,0.79342,1.25,2.25
2016.05.19 09:20:48.060,0.79332,0.79342,1.25,2.25
2016.05.19 09:20:48.482,0.79331,0.79342,1.19,1.12
2016.05.19 09:20:48.835,0.79329,0.79339,1.57,1.00
2016.05.19 09:20:49.169,0.79328,0.79336,2.00,1.00
2016.05.19 09:20:49.687,0.79328,0.79337,2.00,1.00
2016.05.19 09:20:49.991,0.79327,0.79336,1.56,1.12
2016.05.19 09:20:50.503,0.79326,0.79335,1.19,1.12
2016.05.19 09:20:50.706,0.79327,0.79335,1.69,1.00
2016.05.19 09:20:50.808,0.79326,0.79335,2.06,1.00
2016.05.19 09:20:51.011,0.79327,0.79337,1.19,1.50
2016.05.19 09:20:51.165,0.79326,0.79336,1.12,1.00
2016.05.19 09:20:51.738,0.79323,0.79335,2.44,1.00
2016.05.19 09:20:51.789,0.79322,0.79332,1.76,1.87
2016.05.19 09:20:52.094,0.79322,0.79331,3.19,1.12
2016.05.19 09:20:52.349,0.79324,0.79329,1.00,1.50
2016.05.19 09:20:52.522,0.79325,0.79331,1.00,1.00
2016.05.19 09:20:53.599,0.79323,0.79334,1.40,1.37
2016.05.19 09:20:53.701,0.79323,0.79334,1.28,2.62
2016.05.19 09:20:54.623,0.79323,0.79332,1.31,1.75
2016.05.19 09:20:55.633,0.79323,0.79331,1.19,1.50
2016.05.19 09:20:56.185,0.79323,0.79329,1.78,1.00
2016.05.19 09:20:56.708,0.79323,0.79329,2.53,1.00
2016.05.19 09:20:57.063,0.79323,0.79334,3.65,1.00
2016.05.19 09:20:57.578,0.79324,0.79335,1.31,1.00
2016.05.19 09:20:58.377,0.79324,0.79334,1.25,1.00
2016.05.19 09:20:58.428,0.79324,0.79332,1.25,1.00
2016.05.19 09:20:59.313,0.79324,0.79333,1.00,1.25
2016.05.19 09:20:59.617,0.79328,0.79337,1.00,2.00
2016.05.19 09:21:00.033,0.79329,0.79334,1.31,1.00
2016.05.19 09:21:00.084,0.7933,0.79335,1.25,1.00
2016.05.19 09:21:00.736,0.79332,0.79336,1.00,1.00
2016.05.19 09:21:01.061,0.79334,0.79338,1.00,1.00
2016.05.19 09:21:01.577,0.79332,0.79337,1.00,1.00
2016.05.19 09:21:01.628,0.79332,0.79338,1.78,1.00
2016.05.19 09:21:01.831,0.79335,0.79339,1.00,1.00
2016.05.19 09:21:02.034,0.79332,0.79342,2.53,2.25
2016.05.19 09:21:02.541,0.79331,0.79342,1.19,3.37
2016.05.19 09:21:02.886,0.79334,0.79339,1.19,1.00
2016.05.19 09:21:03.733,0.7933,0.79337,1.09,2.50
2016.05.19 09:21:04.085,0.79332,0.79342,1.69,2.25
2016.05.19 09:21:04.303,0.79334,0.79343,1.19,2.25
2016.05.19 09:21:04.405,0.79334,0.79342,1.19,1.00
2016.05.19 09:21:04.507,0.79334,0.79344,1.19,2.25
2016.05.19 09:21:05.028,0.79334,0.79343,1.19,1.50
2016.05.19 09:21:06.370,0.79334,0.79344,1.69,1.00
2016.05.19 09:21:08.078,0.79334,0.79343,1.69,1.00
2016.05.19 09:21:08.129,0.79334,0.79345,1.19,1.87
2016.05.19 09:21:08.180,0.79334,0.79343,1.19,1.00
2016.05.19 09:21:08.792,0.79334,0.79342,1.19,1.00
2016.05.19 09:21:09.249,0.79334,0.79344,1.19,1.00
2016.05.19 09:21:09.796,0.79334,0.79345,1.69,1.00
2016.05.19 09:21:10.127,0.79334,0.79346,1.69,1.75
2016.05.19 09:21:10.433,0.79336,0.79346,1.69,3.00
2016.05.19 09:21:10.943,0.79337,0.79347,1.03,1.75
2016.05.19 09:21:10.994,0.79337,0.79347,1.03,1.75
2016.05.19 09:21:11.543,0.79337,0.79347,1.31,1.50
2016.05.19 09:21:12.046,0.79337,0.79347,1.31,1.12
2016.05.19 09:21:14.654,0.79339,0.7935,1.00,1.75
2016.05.19 09:21:14.806,0.79341,0.7935,1.19,1.75
2016.05.19 09:21:15.111,0.79339,0.7935,1.19,1.75
2016.05.19 09:21:15.314,0.79338,0.79349,1.31,1.00
2016.05.19 09:21:15.567,0.79337,0.79348,2.53,1.00
2016.05.19 09:21:15.948,0.79337,0.79346,1.78,1.00
2016.05.19 09:21:16.463,0.79336,0.79347,2.44,1.00
2016.05.19 09:21:17.286,0.79337,0.79349,1.25,2.25
2016.05.19 09:21:18.290,0.79337,0.79347,1.69,1.00
2016.05.19 09:21:18.747,0.79337,0.79341,1.00,1.00
2016.05.19 09:21:19.054,0.79334,0.79342,1.75,1.57
2016.05.19 09:21:19.565,0.79334,0.79338,1.00,1.00
2016.05.19 09:21:19.876,0.79331,0.79336,5.25,1.00
2016.05.19 09:21:19.978,0.79331,0.79336,1.87,1.00
2016.05.19 09:21:20.334,0.79329,0.79338,2.44,1.59
2016.05.19 09:21:20.846,0.79332,0.79337,1.00,1.12
2016.05.19 09:21:21.707,0.79329,0.79338,2.44,1.50
2016.05.19 09:21:21.859,0.79328,0.79336,1.31,1.00
2016.05.19 09:21:22.616,0.79327,0.79337,1.19,2.62
2016.05.19 09:21:22.769,0.79327,0.79336,1.19,1.37
2016.05.19 09:21:23.389,0.79326,0.79337,1.19,1.87
2016.05.19 09:21:24.786,0.7933,0.7934,1.00,3.84
2016.05.19 09:21:25.092,0.79331,0.79339,2.81,1.87
2016.05.19 09:21:25.628,0.79336,0.79341,1.19,6.75
2016.05.19 09:21:26.443,0.79336,0.79341,1.25,6.75
2016.05.19 09:21:27.747,0.79335,0.79341,1.00,6.75
2016.05.19 09:21:28.289,0.79334,0.7934,2.53,5.25
2016.05.19 09:21:29.100,0.79336,0.79342,1.09,6.75
2016.05.19 09:21:29.440,0.79333,0.7934,1.12,2.25
2016.05.19 09:21:29.694,0.79332,0.7934,1.25,2.25
2016.05.19 09:21:29.746,0.79332,0.79338,1.34,1.00
2016.05.19 09:21:29.797,0.79332,0.7934,1.25,2.25
2016.05.19 09:21:31.018,0.79332,0.79343,1.25,3.19
2016.05.19 09:21:31.069,0.79332,0.79343,1.25,2.00
2016.05.19 09:21:31.120,0.79332,0.79343,1.34,1.69
2016.05.19 09:21:31.636,0.79334,0.79343,1.00,1.25
2016.05.19 09:21:33.474,0.79333,0.79343,1.00,1.25
2016.05.19 09:21:33.525,0.79332,0.79343,1.62,1.62
2016.05.19 09:21:33.830,0.79336,0.79342,1.31,1.00
2016.05.19 09:21:33.932,0.79334,0.79342,1.31,1.00
2016.05.19 09:21:34.034,0.79332,0.79342,1.09,1.00
2016.05.19 09:21:34.564,0.79332,0.79344,1.59,2.00
2016.05.19 09:21:35.143,0.79334,0.79344,1.19,2.25
2016.05.19 09:21:36.102,0.79333,0.79344,1.69,2.25
2016.05.19 09:21:36.493,0.79333,0.79344,2.81,1.87
2016.05.19 09:21:37.044,0.79334,0.79343,1.94,1.00
2016.05.19 09:21:37.247,0.79333,0.79344,1.94,1.00
2016.05.19 09:21:38.220,0.79335,0.79344,1.19,1.00
2016.05.19 09:21:38.750,0.79334,0.79344,1.19,1.50
2016.05.19 09:21:38.801,0.79334,0.79344,1.19,1.50
2016.05.19 09:21:40.409,0.79334,0.79342,1.19,1.12
2016.05.19 09:21:40.613,0.79334,0.79344,1.19,1.00
2016.05.19 09:21:40.900,0.79338,0.79344,1.19,1.00
2016.05.19 09:21:40.951,0.7934,0.79346,1.25,2.25
2016.05.19 09:21:41.205,0.79341,0.79347,1.19,1.00
2016.05.19 09:21:41.630,0.79341,0.79345,1.00,1.87
2016.05.19 09:21:42.391,0.79343,0.79348,1.19,5.25
2016.05.19 09:21:43.716,0.79343,0.79347,1.00,1.87
2016.05.19 09:21:44.235,0.79339,0.79349,4.76,2.25
2016.05.19 09:21:47.018,0.7934,0.79345,1.19,1.00
2016.05.19 09:21:47.069,0.7934,0.7935,1.19,1.75
2016.05.19 09:21:47.374,0.7934,0.79346,1.31,1.00
2016.05.19 09:21:47.895,0.7934,0.79346,1.94,1.00
2016.05.19 09:21:48.413,0.79337,0.79347,2.25,1.00
2016.05.19 09:21:48.718,0.79338,0.79349,1.03,1.00
2016.05.19 09:21:49.073,0.79337,0.79349,2.81,1.12
2016.05.19 09:21:49.359,0.79337,0.79349,2.44,1.37
2016.05.19 09:21:49.779,0.79339,0.79346,1.19,1.00
2016.05.19 09:21:50.669,0.79342,0.79347,1.19,1.00
2016.05.19 09:21:51.178,0.79342,0.79352,1.69,2.25
2016.05.19 09:21:51.331,0.79345,0.7935,1.19,1.00
2016.05.19 09:21:51.882,0.79342,0.79352,1.03,2.25
2016.05.19 09:21:51.984,0.79345,0.79353,1.25,1.75
2016.05.19 09:21:52.507,0.79345,0.79353,1.19,1.75
2016.05.19 09:21:52.777,0.79345,0.79352,1.19,1.00
2016.05.19 09:21:55.077,0.79345,0.79351,1.19,1.00
2016.05.19 09:21:55.894,0.79345,0.79352,1.19,1.12
2016.05.19 09:21:58.349,0.79345,0.79354,1.19,1.12
2016.05.19 09:21:58.852,0.79345,0.79353,1.19,1.00
2016.05.19 09:21:59.207,0.79345,0.79353,1.19,1.75
2016.05.19 09:21:59.562,0.79347,0.79356,1.25,3.00
2016.05.19 09:21:59.874,0.79347,0.79357,1.19,3.00
2016.05.19 09:22:00.192,0.79347,0.79357,1.19,1.50
2016.05.19 09:22:00.368,0.79347,0.79357,1.19,1.12
2016.05.19 09:22:00.731,0.79347,0.79354,1.19,1.00
2016.05.19 09:22:01.031,0.79346,0.79355,1.31,2.25
2016.05.19 09:22:01.133,0.79348,0.79354,1.19,1.00
2016.05.19 09:22:01.184,0.79348,0.79356,1.19,1.00
2016.05.19 09:22:01.736,0.79348,0.79355,1.19,1.00
2016.05.19 09:22:02.329,0.79346,0.79355,2.06,1.00
2016.05.19 09:22:02.888,0.79346,0.79355,1.69,2.62
2016.05.19 09:22:03.523,0.79346,0.79356,1.19,3.09
2016.05.19 09:22:03.940,0.79346,0.79354,1.19,1.00
2016.05.19 09:22:04.196,0.79348,0.79354,1.19,1.00
2016.05.19 09:22:04.708,0.7935,0.79354,1.25,1.00
2016.05.19 09:22:04.983,0.79349,0.79359,1.19,2.25
2016.05.19 09:22:05.152,0.79349,0.7936,1.19,1.75
2016.05.19 09:22:05.732,0.79347,0.79359,1.03,1.75
2016.05.19 09:22:05.935,0.79347,0.79359,1.78,1.00
2016.05.19 09:22:06.199,0.79347,0.79359,1.78,1.00
2016.05.19 09:22:06.749,0.79348,0.7936,1.75,1.00
2016.05.19 09:22:07.274,0.79348,0.7936,1.75,1.50
2016.05.19 09:22:07.783,0.79349,0.79361,2.44,1.75
2016.05.19 09:22:08.148,0.7935,0.79361,1.69,1.00
2016.05.19 09:22:08.674,0.79353,0.79365,1.03,1.75
2016.05.19 09:22:09.222,0.79353,0.79365,1.40,1.50
2016.05.19 09:22:09.274,0.79355,0.79364,1.00,1.37
2016.05.19 09:22:09.426,0.79354,0.79365,1.00,1.50
2016.05.19 09:22:09.958,0.79353,0.79365,1.59,1.50
2016.05.19 09:22:10.733,0.79353,0.79365,1.21,2.25
2016.05.19 09:22:11.140,0.79353,0.79365,1.12,1.50
2016.05.19 09:22:11.445,0.79355,0.79366,1.00,1.75
2016.05.19 09:22:11.496,0.79353,0.79365,1.03,1.50
2016.05.19 09:22:11.547,0.79354,0.79365,1.19,1.50
2016.05.19 09:22:12.073,0.79355,0.79365,1.19,1.37
2016.05.19 09:22:12.732,0.79355,0.79364,1.19,1.50
2016.05.19 09:22:13.333,0.79352,0.79363,1.31,1.37
2016.05.19 09:22:13.539,0.79351,0.79363,1.94,1.12
2016.05.19 09:22:13.642,0.79351,0.79362,1.19,1.00
2016.05.19 09:22:14.265,0.79353,0.79362,1.00,1.50
2016.05.19 09:22:14.804,0.79351,0.79362,1.19,1.00
2016.05.19 09:22:15.656,0.79352,0.79362,1.19,1.00
2016.05.19 09:22:16.171,0.79352,0.79362,1.25,1.00
2016.05.19 09:22:16.375,0.79354,0.79362,1.00,1.00
2016.05.19 09:22:16.879,0.79353,0.79364,1.31,1.37
2016.05.19 09:22:17.430,0.79353,0.79362,1.00,1.00
2016.05.19 09:22:17.946,0.79354,0.79364,1.00,1.50
2016.05.19 09:22:18.585,0.79353,0.79364,1.00,1.50
2016.05.19 09:22:19.267,0.79354,0.79364,1.00,1.50
2016.05.19 09:22:21.874,0.79352,0.79363,1.25,1.31
2016.05.19 09:22:21.977,0.7935,0.7936,2.06,1.00
2016.05.19 09:22:22.468,0.79347,0.79359,2.25,1.25
2016.05.19 09:22:22.570,0.79347,0.79357,1.75,1.19
2016.05.19 09:22:22.875,0.79347,0.79357,1.00,1.69
2016.05.19 09:22:23.195,0.79345,0.79355,1.50,1.00
2016.05.19 09:22:23.711,0.79346,0.79355,1.00,1.50
2016.05.19 09:22:24.290,0.79346,0.79355,1.00,1.75
2016.05.19 09:22:24.837,0.79345,0.79355,1.00,1.75
2016.05.19 09:22:25.354,0.79344,0.79355,1.25,1.75
2016.05.19 09:22:25.660,0.79347,0.79356,1.00,2.44
2016.05.19 09:22:25.813,0.79345,0.79355,1.00,1.75
2016.05.19 09:22:26.687,0.79344,0.79355,1.25,1.75
2016.05.19 09:22:27.664,0.79345,0.79355,1.00,1.75
2016.05.19 09:22:27.867,0.79343,0.79353,1.00,1.12
2016.05.19 09:22:28.584,0.79343,0.79353,1.00,1.50
2016.05.19 09:22:29.040,0.79345,0.79354,1.00,1.75
2016.05.19 09:22:29.615,0.79348,0.79357,1.50,2.44
2016.05.19 09:22:29.768,0.79348,0.79358,1.69,2.25
2016.05.19 09:22:30.277,0.79349,0.79353,1.00,1.00
2016.05.19 09:22:30.583,0.79352,0.79356,1.00,1.00
2016.05.19 09:22:30.894,0.79355,0.79359,1.00,5.44
2016.05.19 09:22:30.997,0.79355,0.79359,1.00,3.75
2016.05.19 09:22:31.302,0.79354,0.79364,1.25,3.00
2016.05.19 09:22:31.818,0.79355,0.79364,1.00,2.25
2016.05.19 09:22:31.870,0.79355,0.79366,1.00,3.00
2016.05.19 09:22:32.427,0.79354,0.79366,1.69,3.00
2016.05.19 09:22:32.478,0.79354,0.79363,1.00,3.00
2016.05.19 09:22:32.530,0.79352,0.79363,1.25,3.00
2016.05.19 09:22:32.783,0.79354,0.79364,1.00,3.19
2016.05.19 09:22:32.885,0.79354,0.79364,1.00,1.75
2016.05.19 09:22:33.215,0.79354,0.79364,1.69,1.50
2016.05.19 09:22:33.824,0.79354,0.79364,1.69,1.12
2016.05.19 09:22:34.615,0.79354,0.79364,1.69,1.00
2016.05.19 09:22:34.716,0.79352,0.79362,3.19,1.00
2016.05.19 09:22:34.977,0.79352,0.79364,4.69,1.00
2016.05.19 09:22:35.527,0.79354,0.79364,1.25,1.12
2016.05.19 09:22:36.718,0.79354,0.79365,1.25,1.00
2016.05.19 09:22:37.380,0.79354,0.79366,1.69,1.75
2016.05.19 09:22:37.432,0.79354,0.79366,1.69,1.75
2016.05.19 09:22:37.978,0.79354,0.79365,1.00,1.75
2016.05.19 09:22:38.812,0.79354,0.79364,1.00,1.00
2016.05.19 09:22:39.237,0.79354,0.79362,1.00,1.00
2016.05.19 09:22:39.849,0.7935,0.79361,3.19,1.00
2016.05.19 09:22:41.226,0.79354,0.7936,1.00,1.00
2016.05.19 09:22:41.776,0.7935,0.7936,2.44,1.00
2016.05.19 09:22:42.081,0.79349,0.79358,3.94,1.00
2016.05.19 09:22:43.050,0.79349,0.79359,3.94,1.00
2016.05.19 09:22:43.354,0.79349,0.79357,2.25,1.00
2016.05.19 09:22:43.821,0.79346,0.79355,2.25,1.69
2016.05.19 09:22:44.336,0.79347,0.79355,2.25,1.69
2016.05.19 09:22:44.849,0.79345,0.79355,2.25,1.19
2016.05.19 09:22:45.856,0.79345,0.79354,1.75,1.25
2016.05.19 09:22:46.424,0.79347,0.79355,1.00,1.19
2016.05.19 09:22:47.132,0.79343,0.79355,2.44,1.19
2016.05.19 09:22:47.759,0.79343,0.79355,2.06,1.31
2016.05.19 09:22:48.338,0.79343,0.79354,1.69,1.69
2016.05.19 09:22:49.146,0.79343,0.79355,2.06,1.69
2016.05.19 09:22:49.686,0.79344,0.79353,1.00,1.12
2016.05.19 09:22:50.217,0.79342,0.79352,1.56,1.00
2016.05.19 09:22:51.281,0.79342,0.79353,1.69,1.50
2016.05.19 09:22:53.305,0.79341,0.79353,2.44,1.50
2016.05.19 09:22:53.876,0.79341,0.79353,1.31,1.12
2016.05.19 09:22:55.926,0.79341,0.79352,1.19,1.00
2016.05.19 09:22:56.434,0.79341,0.79353,1.69,1.12
2016.05.19 09:22:56.813,0.79341,0.79351,1.69,1.00
2016.05.19 09:22:57.897,0.79341,0.79353,1.69,1.12
2016.05.19 09:22:59.052,0.7934,0.79352,3.94,1.00
2016.05.19 09:22:59.636,0.79339,0.79351,2.44,1.00
2016.05.19 09:23:00.042,0.79339,0.7935,1.94,1.00
2016.05.19 09:23:00.498,0.7934,0.79352,1.69,1.00
2016.05.19 09:23:01.213,0.79341,0.79353,2.06,2.06
2016.05.19 09:23:01.670,0.79341,0.79353,2.44,1.25
2016.05.19 09:23:02.002,0.79341,0.79351,2.44,1.00
2016.05.19 09:23:04.726,0.79342,0.79352,1.25,1.00
2016.05.19 09:23:05.652,0.79344,0.79352,1.00,1.00
2016.05.19 09:23:05.856,0.79342,0.79352,1.00,1.00
2016.05.19 09:23:06.568,0.79342,0.7935,1.00,1.00
2016.05.19 09:23:07.155,0.79339,0.7935,1.19,1.00
2016.05.19 09:23:07.662,0.79337,0.79349,1.69,1.00
2016.05.19 09:23:08.165,0.79337,0.79349,3.19,1.12
2016.05.19 09:23:08.672,0.79337,0.79349,2.44,1.00
2016.05.19 09:23:10.415,0.79338,0.7935,1.31,1.12
2016.05.19 09:23:10.725,0.79339,0.79351,1.95,1.69
2016.05.19 09:23:11.283,0.79339,0.79351,3.45,1.69
2016.05.19 09:23:11.587,0.79342,0.79353,1.25,2.44
2016.05.19 09:23:12.218,0.79345,0.79353,1.19,1.00
2016.05.19 09:23:12.878,0.79343,0.79353,1.12,1.78
2016.05.19 09:23:12.929,0.79343,0.79349,1.12,1.00
2016.05.19 09:23:13.574,0.79346,0.79351,1.00,1.69
2016.05.19 09:23:14.114,0.79344,0.79348,1.00,1.00
2016.05.19 09:23:14.528,0.79341,0.79346,6.75,1.12
2016.05.19 09:23:14.834,0.79332,0.79342,1.19,1.00
2016.05.19 09:23:15.088,0.7934,0.79345,1.00,1.12
2016.05.19 09:23:15.602,0.79339,0.79343,1.00,1.00
2016.05.19 09:23:16.010,0.79332,0.79343,2.44,1.00
2016.05.19 09:23:16.167,0.79332,0.79341,2.44,1.00
2016.05.19 09:23:16.722,0.7933,0.79341,3.94,1.00
2016.05.19 09:23:16.975,0.7933,0.79341,1.94,1.00
2016.05.19 09:23:17.476,0.7933,0.79342,2.44,1.49
2016.05.19 09:23:17.578,0.79332,0.79342,1.31,1.49
2016.05.19 09:23:17.924,0.79336,0.79344,1.19,1.37
2016.05.19 09:23:18.889,0.79337,0.79346,1.19,1.87
2016.05.19 09:23:19.206,0.79338,0.79347,1.25,2.25
2016.05.19 09:23:19.359,0.79337,0.79343,1.19,1.00
2016.05.19 09:23:20.171,0.79337,0.79347,1.19,1.75
2016.05.19 09:23:20.704,0.79337,0.79347,1.31,1.12
2016.05.19 09:23:21.549,0.79338,0.79348,1.19,1.50
2016.05.19 09:23:22.085,0.79336,0.79347,1.69,1.12
2016.05.19 09:23:22.389,0.79336,0.79344,1.94,1.00
2016.05.19 09:23:22.897,0.79332,0.79344,4.69,1.00
2016.05.19 09:23:23.426,0.79333,0.79343,2.44,1.00
2016.05.19 09:23:23.944,0.79334,0.79343,2.44,1.00
2016.05.19 09:23:24.299,0.79332,0.79342,1.94,1.00
2016.05.19 09:23:24.814,0.79332,0.79341,1.69,1.00
2016.05.19 09:23:25.358,0.7933,0.79341,3.19,1.00
2016.05.19 09:23:25.410,0.79332,0.79341,1.25,1.00
2016.05.19 09:23:26.837,0.79332,0.79341,1.19,1.50
2016.05.19 09:23:27.142,0.79332,0.79339,1.19,1.00
2016.05.19 09:23:27.262,0.79329,0.79339,2.44,1.00
2016.05.19 09:23:27.577,0.79329,0.79341,2.44,1.50
2016.05.19 09:23:27.628,0.79331,0.7934,1.69,1.00
2016.05.19 09:23:28.136,0.79333,0.79341,1.19,1.00
2016.05.19 09:23:28.440,0.79333,0.79342,1.19,1.87
2016.05.19 09:23:28.886,0.79333,0.79342,1.19,1.21
2016.05.19 09:23:29.039,0.79331,0.79339,1.25,1.00
2016.05.19 09:23:29.191,0.7933,0.79337,1.69,1.00
2016.05.19 09:23:29.699,0.79328,0.79338,2.00,1.00
2016.05.19 09:23:29.801,0.79328,0.79338,1.62,1.00
2016.05.19 09:23:30.310,0.79328,0.79338,1.25,1.12
2016.05.19 09:23:33.450,0.79328,0.79339,1.69,1.09
2016.05.19 09:23:33.956,0.79328,0.79339,1.94,1.09
2016.05.19 09:23:35.169,0.79328,0.79339,2.06,1.00
2016.05.19 09:23:36.050,0.79328,0.7934,1.94,1.12
2016.05.19 09:23:36.486,0.79327,0.79338,3.56,1.00
2016.05.19 09:23:36.791,0.79325,0.79334,2.00,1.00
2016.05.19 09:23:36.944,0.79324,0.79334,1.94,1.00
2016.05.19 09:23:37.634,0.79324,0.79334,1.31,1.00
2016.05.19 09:23:38.548,0.79323,0.79335,2.44,1.21
2016.05.19 09:23:39.649,0.79324,0.79336,2.06,1.46
2016.05.19 09:23:40.153,0.79321,0.79333,1.94,1.12
2016.05.19 09:23:40.256,0.79321,0.79331,1.94,1.00
2016.05.19 09:23:40.778,0.79322,0.79332,1.19,1.50
2016.05.19 09:23:41.285,0.79322,0.79332,1.31,1.00
2016.05.19 09:23:41.811,0.79319,0.7933,1.75,1.69
2016.05.19 09:23:42.263,0.79319,0.7933,1.94,1.00
2016.05.19 09:23:42.517,0.79319,0.79331,1.69,2.25
2016.05.19 09:23:43.214,0.79319,0.79331,2.06,2.25
2016.05.19 09:23:43.265,0.79319,0.79331,2.44,1.87
2016.05.19 09:23:44.910,0.79319,0.7933,1.69,1.00
2016.05.19 09:23:45.232,0.7932,0.79329,1.31,1.00
2016.05.19 09:23:45.385,0.79319,0.79331,2.44,1.50
2016.05.19 09:23:45.487,0.79319,0.79329,2.44,1.00
2016.05.19 09:23:45.798,0.79316,0.79322,3.19,1.00
2016.05.19 09:23:46.306,0.79318,0.79322,1.00,1.50
2016.05.19 09:23:46.572,0.79317,0.79321,1.00,1.00
2016.05.19 09:23:46.777,0.79315,0.79319,1.12,1.00
2016.05.19 09:23:47.083,0.79315,0.79319,1.12,1.00
2016.05.19 09:23:47.439,0.79312,0.79318,1.00,1.00
2016.05.19 09:23:47.968,0.79311,0.79319,1.12,1.00
2016.05.19 09:23:48.444,0.79312,0.79322,1.12,1.40
2016.05.19 09:23:48.632,0.79314,0.79326,2.44,1.75
2016.05.19 09:23:48.937,0.79315,0.79325,1.19,2.25
2016.05.19 09:23:49.824,0.79316,0.79324,1.25,1.75
2016.05.19 09:23:50.529,0.79315,0.79324,1.25,2.25
2016.05.19 09:23:51.862,0.79315,0.79325,1.69,2.25
2016.05.19 09:23:52.787,0.79317,0.79325,1.00,2.25
2016.05.19 09:23:53.837,0.79317,0.79327,1.00,1.12
2016.05.19 09:23:54.164,0.79317,0.79328,1.00,1.69
2016.05.19 09:23:54.699,0.79318,0.79329,1.00,1.69
2016.05.19 09:23:55.206,0.79318,0.79327,1.00,1.00
2016.05.19 09:23:55.257,0.79318,0.79324,1.00,1.00
2016.05.19 09:23:55.584,0.79312,0.79317,2.25,1.19
2016.05.19 09:23:56.337,0.79311,0.79318,2.25,1.25
2016.05.19 09:23:56.563,0.7931,0.79318,1.00,1.19
2016.05.19 09:23:56.766,0.79314,0.79322,2.25,5.89
2016.05.19 09:23:57.273,0.79315,0.79319,1.00,1.00
2016.05.19 09:23:57.643,0.79315,0.79324,2.25,8.06
2016.05.19 09:23:57.860,0.7931,0.79319,2.25,1.00
2016.05.19 09:23:57.963,0.79307,0.79317,1.69,1.00
2016.05.19 09:23:58.151,0.79308,0.79319,1.69,1.00
2016.05.19 09:23:58.506,0.7931,0.79321,2.44,1.50
2016.05.19 09:24:00.484,0.7931,0.79321,1.31,1.00
2016.05.19 09:24:00.687,0.79312,0.79323,1.25,2.06
2016.05.19 09:24:01.244,0.79312,0.79323,1.19,2.25
2016.05.19 09:24:01.759,0.79312,0.79322,1.19,1.00
2016.05.19 09:24:02.723,0.79312,0.79321,1.69,1.00
2016.05.19 09:24:03.267,0.79312,0.79322,1.69,1.00
2016.05.19 09:24:03.521,0.79311,0.79322,1.94,1.37
2016.05.19 09:24:03.886,0.7931,0.79314,1.00,1.87
2016.05.19 09:24:04.197,0.79308,0.79312,1.00,1.00
2016.05.19 09:24:04.855,0.79305,0.79314,2.44,1.00
2016.05.19 09:24:05.077,0.79305,0.79314,2.44,1.00
2016.05.19 09:24:05.281,0.79304,0.79314,2.44,1.00
2016.05.19 09:24:05.795,0.79306,0.79314,1.19,1.12
2016.05.19 09:24:06.303,0.79306,0.79313,1.19,1.00
2016.05.19 09:24:07.013,0.79306,0.79314,1.19,1.87
2016.05.19 09:24:07.216,0.79308,0.79314,1.19,1.12
2016.05.19 09:24:09.167,0.79308,0.79313,1.19,1.00
2016.05.19 09:24:10.714,0.79308,0.79314,1.19,1.12
2016.05.19 09:24:11.797,0.79302,0.79314,2.44,1.50
2016.05.19 09:24:12.468,0.79302,0.79313,1.69,1.37
2016.05.19 09:24:12.795,0.79299,0.7931,1.94,1.00
2016.05.19 09:24:14.054,0.79301,0.79311,1.12,2.25
2016.05.19 09:24:14.248,0.79304,0.79313,1.25,1.50
2016.05.19 09:24:14.757,0.79305,0.79314,1.00,1.75
2016.05.19 09:24:14.910,0.79304,0.79314,2.00,1.00
2016.05.19 09:24:15.012,0.79304,0.79316,2.00,1.87
2016.05.19 09:24:15.165,0.79304,0.79315,2.00,1.87
2016.05.19 09:24:16.014,0.79303,0.79314,1.56,1.50
2016.05.19 09:24:16.616,0.79304,0.79314,1.25,1.50
2016.05.19 09:24:17.161,0.79303,0.79314,1.19,1.75
2016.05.19 09:24:17.691,0.79303,0.79314,1.19,1.87
2016.05.19 09:24:18.211,0.79303,0.79314,1.19,1.87
2016.05.19 09:24:20.510,0.79302,0.79314,2.06,1.50
2016.05.19 09:24:21.215,0.79302,0.79314,2.44,1.00
2016.05.19 09:24:22.464,0.79303,0.79315,1.69,1.12
2016.05.19 09:24:23.086,0.79303,0.79314,1.69,1.00
2016.05.19 09:24:23.631,0.79303,0.79315,1.69,1.12
2016.05.19 09:24:24.163,0.79302,0.79314,1.94,1.00
2016.05.19 09:24:24.518,0.79302,0.79314,1.37,1.37
2016.05.19 09:24:28.889,0.79304,0.79313,1.00,1.12
2016.05.19 09:24:29.345,0.79303,0.79315,1.69,1.50
2016.05.19 09:24:29.899,0.79304,0.79316,1.12,1.12
2016.05.19 09:24:30.241,0.79305,0.79314,1.00,1.00
2016.05.19 09:24:30.780,0.79303,0.79315,1.69,1.00
2016.05.19 09:24:31.298,0.79305,0.79314,1.00,1.00
2016.05.19 09:24:31.349,0.79304,0.79316,1.12,1.12
2016.05.19 09:24:33.089,0.79305,0.79317,1.00,1.69
2016.05.19 09:24:33.598,0.79304,0.79316,1.12,1.12
2016.05.19 09:24:34.059,0.79304,0.79314,1.50,1.00
2016.05.19 09:24:34.563,0.79303,0.79315,1.31,1.50
2016.05.19 09:24:34.717,0.79304,0.79316,1.12,1.12
2016.05.19 09:24:35.224,0.79305,0.79317,1.00,1.69
2016.05.19 09:24:35.752,0.79306,0.79317,1.00,1.69
2016.05.19 09:24:36.562,0.79308,0.79317,1.00,1.50
2016.05.19 09:24:37.136,0.79306,0.79318,1.31,1.75
2016.05.19 09:24:37.678,0.79307,0.79318,1.00,1.75
2016.05.19 09:24:38.186,0.79306,0.79317,1.31,1.50
2016.05.19 09:24:40.267,0.79309,0.79319,1.00,1.75
2016.05.19 09:24:40.776,0.79309,0.79317,1.19,1.50
2016.05.19 09:24:41.286,0.7931,0.79315,1.00,1.12
2016.05.19 09:24:41.812,0.79304,0.79316,4.69,1.00
2016.05.19 09:24:42.334,0.79308,0.79316,1.00,1.00
2016.05.19 09:24:42.776,0.79304,0.79316,2.44,1.00
2016.05.19 09:24:43.349,0.79304,0.79316,2.06,1.37
2016.05.19 09:24:44.245,0.79303,0.79315,2.06,1.12
2016.05.19 09:24:44.502,0.79302,0.79313,1.69,1.00
2016.05.19 09:24:44.808,0.79309,0.79318,1.00,1.75
2016.05.19 09:24:45.115,0.79312,0.79317,1.19,1.00
2016.05.19 09:24:46.152,0.79312,0.79317,1.69,1.00
2016.05.19 09:24:46.692,0.79312,0.79317,2.44,1.00
2016.05.19 09:24:47.074,0.79312,0.79319,1.19,1.00
2016.05.19 09:24:47.380,0.79312,0.79322,1.69,1.12
2016.05.19 09:24:51.878,0.79312,0.7932,1.69,1.00
2016.05.19 09:24:52.385,0.7931,0.79319,1.94,1.00
2016.05.19 09:24:52.715,0.7931,0.79321,1.94,1.00
2016.05.19 09:24:54.102,0.7931,0.79321,1.31,1.00
2016.05.19 09:24:55.446,0.7931,0.7932,1.31,1.00
2016.05.19 09:24:57.845,0.7931,0.79321,1.31,1.00
2016.05.19 09:24:57.969,0.7931,0.79321,1.56,1.00
2016.05.19 09:24:58.232,0.79311,0.79321,1.25,1.00
2016.05.19 09:24:58.334,0.79311,0.79319,1.25,1.00
2016.05.19 09:25:01.572,0.7931,0.7932,2.06,1.00
2016.05.19 09:25:03.166,0.7931,0.79319,1.69,1.00
2016.05.19 09:25:03.702,0.7931,0.7932,2.44,1.00
2016.05.19 09:25:04.057,0.79312,0.79321,1.19,1.00
2016.05.19 09:25:04.109,0.79312,0.79323,1.19,1.87
2016.05.19 09:25:04.160,0.79316,0.79324,1.19,1.50
2016.05.19 09:25:04.707,0.7932,0.79325,1.19,1.00
2016.05.19 09:25:04.759,0.7932,0.79328,1.19,1.12
2016.05.19 09:25:04.912,0.7932,0.79328,1.19,1.37
2016.05.19 09:25:05.811,0.7932,0.79327,1.19,1.00
2016.05.19 09:25:06.231,0.7932,0.79329,1.31,1.00
2016.05.19 09:25:06.743,0.79318,0.79329,1.94,1.00
2016.05.19 09:25:08.700,0.79318,0.7933,3.94,1.00
2016.05.19 09:25:09.218,0.7932,0.79329,1.37,1.00
2016.05.19 09:25:09.587,0.79319,0.79329,1.69,1.00
2016.05.19 09:25:09.915,0.79318,0.79325,1.94,1.00
2016.05.19 09:25:10.261,0.79319,0.79323,1.25,1.00
2016.05.19 09:25:10.617,0.79318,0.79323,1.69,1.00
2016.05.19 09:25:11.004,0.79313,0.79323,3.19,1.00
2016.05.19 09:25:11.055,0.79313,0.79323,1.94,1.00
2016.05.19 09:25:11.585,0.79312,0.79322,2.44,1.00
2016.05.19 09:25:12.041,0.79312,0.79322,1.00,1.50
2016.05.19 09:25:13.825,0.79311,0.79321,1.69,1.00
2016.05.19 09:25:14.342,0.79312,0.79322,1.12,1.12
2016.05.19 09:25:15.500,0.79312,0.79324,1.31,1.75
2016.05.19 09:25:15.703,0.79314,0.79324,1.00,1.12
2016.05.19 09:25:16.212,0.79313,0.79325,1.69,2.25
2016.05.19 09:25:16.719,0.79313,0.79324,1.69,1.00
2016.05.19 09:25:17.531,0.79314,0.79324,1.00,1.00
2016.05.19 09:25:18.039,0.79314,0.79324,1.50,1.00
2016.05.19 09:25:18.473,0.79314,0.79326,1.50,2.25
2016.05.19 09:25:19.311,0.79313,0.79325,2.00,1.00
2016.05.19 09:25:19.875,0.79313,0.79325,1.62,1.37
2016.05.19 09:25:21.385,0.79312,0.79323,2.44,1.00
2016.05.19 09:25:21.981,0.79312,0.79322,1.19,1.00
2016.05.19 09:25:24.205,0.79314,0.79324,1.00,1.87
2016.05.19 09:25:27.742,0.79314,0.79324,1.00,2.62
2016.05.19 09:25:28.761,0.79313,0.79323,1.25,1.12
2016.05.19 09:25:28.913,0.79311,0.79322,1.12,1.00
2016.05.19 09:25:29.448,0.79309,0.79321,3.19,1.00
2016.05.19 09:25:29.543,0.79309,0.79321,2.81,1.37
2016.05.19 09:25:30.755,0.7931,0.79322,1.31,2.25
2016.05.19 09:25:31.278,0.7931,0.79322,1.31,1.87
2016.05.19 09:25:35.761,0.7931,0.79322,2.06,1.00
2016.05.19 09:25:36.066,0.7931,0.79322,2.53,1.00
2016.05.19 09:25:38.119,0.79311,0.79323,2.00,1.12
2016.05.19 09:25:38.373,0.79312,0.79323,1.00,1.00
2016.05.19 09:25:39.181,0.79312,0.79324,1.50,2.25
2016.05.19 09:25:39.232,0.79314,0.79324,1.00,1.50
2016.05.19 09:25:39.689,0.79314,0.79326,1.50,1.25
2016.05.19 09:25:40.230,0.79315,0.79325,2.06,1.00
2016.05.19 09:25:40.738,0.79315,0.79325,1.31,1.00
2016.05.19 09:25:41.285,0.79315,0.79325,1.69,1.00
2016.05.19 09:25:43.792,0.79314,0.79325,1.69,1.00
2016.05.19 09:25:45.373,0.79314,0.79326,1.40,1.12
2016.05.19 09:25:46.572,0.79316,0.79326,1.00,1.12
2016.05.19 09:25:47.100,0.79317,0.79327,1.00,1.50
2016.05.19 09:25:47.806,0.79318,0.79328,1.00,1.75
2016.05.19 09:25:48.695,0.79318,0.79328,1.00,1.50
2016.05.19 09:25:49.506,0.79318,0.7933,1.40,1.37
2016.05.19 09:25:50.131,0.79318,0.7933,2.53,1.25
2016.05.19 09:25:50.334,0.79318,0.79328,1.87,1.00
2016.05.19 09:25:50.861,0.79318,0.79328,1.49,1.00
2016.05.19 09:25:51.363,0.79318,0.79328,1.12,1.00
2016.05.19 09:25:52.397,0.79318,0.79328,1.00,1.37
2016.05.19 09:25:57.764,0.79322,0.79332,1.00,3.94
2016.05.19 09:25:57.815,0.79322,0.79332,1.00,2.44
2016.05.19 09:25:58.083,0.79324,0.79335,1.69,2.25
2016.05.19 09:25:58.338,0.79324,0.79336,1.69,1.75
2016.05.19 09:25:58.642,0.79324,0.79336,2.44,1.00
2016.05.19 09:26:01.068,0.79323,0.79334,2.00,1.00
2016.05.19 09:26:01.322,0.79322,0.79334,1.31,1.12
2016.05.19 09:26:01.842,0.79322,0.79334,1.12,1.12
2016.05.19 09:26:02.148,0.79324,0.79334,1.00,1.12
2016.05.19 09:26:02.200,0.79322,0.79334,1.12,1.12
2016.05.19 09:26:02.657,0.79324,0.79334,1.00,1.87
2016.05.19 09:26:03.938,0.79324,0.79334,1.00,1.75
2016.05.19 09:26:08.375,0.79324,0.79336,1.00,2.62
2016.05.19 09:26:10.018,0.79323,0.79335,1.25,1.50
2016.05.19 09:26:10.750,0.79324,0.79336,1.00,2.44
2016.05.19 09:26:13.815,0.79323,0.79333,1.25,1.00
2016.05.19 09:26:17.551,0.79324,0.79334,1.00,1.50
2016.05.19 09:26:18.080,0.79324,0.79334,1.00,1.12
2016.05.19 09:26:18.586,0.79324,0.79334,1.50,1.12
2016.05.19 09:26:20.979,0.79326,0.79336,1.00,2.00
2016.05.19 09:26:21.486,0.79325,0.79336,1.31,1.75
2016.05.19 09:26:21.689,0.79325,0.79336,1.31,1.00
2016.05.19 09:26:22.582,0.79325,0.79337,1.31,2.06
2016.05.19 09:26:23.471,0.79326,0.79337,1.00,1.31
2016.05.19 09:26:24.004,0.79326,0.79336,1.00,1.00
2016.05.19 09:26:25.096,0.79326,0.79338,1.12,2.06
2016.05.19 09:26:26.600,0.79325,0.79336,1.69,1.00
2016.05.19 09:26:27.135,0.79327,0.79336,1.00,1.00
2016.05.19 09:26:27.898,0.79327,0.79339,1.12,2.06
2016.05.19 09:26:29.440,0.79329,0.79339,1.25,1.12
2016.05.19 09:26:29.786,0.79338,0.79345,2.25,2.62
2016.05.19 09:26:30.093,0.79348,0.79352,1.00,6.00
2016.05.19 09:26:30.195,0.79348,0.79353,1.00,6.75
2016.05.19 09:26:30.399,0.79348,0.79355,1.50,7.50
2016.05.19 09:26:30.698,0.79351,0.79357,2.25,6.75
2016.05.19 09:26:31.211,0.79352,0.79357,1.50,2.50
2016.05.19 09:26:31.322,0.79352,0.79362,2.44,2.25
2016.05.19 09:26:31.640,0.79352,0.79361,1.00,1.75
2016.05.19 09:26:31.777,0.79349,0.79361,1.19,1.75
2016.05.19 09:26:32.031,0.7935,0.7936,1.25,1.00
2016.05.19 09:26:32.615,0.79349,0.7936,1.69,1.12
2016.05.19 09:26:32.817,0.79349,0.7936,3.19,1.00
2016.05.19 09:26:33.153,0.79351,0.79359,2.25,1.00
2016.05.19 09:26:33.408,0.79351,0.7936,2.25,2.25
2016.05.19 09:26:33.613,0.79353,0.79359,1.00,1.50
2016.05.19 09:26:33.715,0.79353,0.79357,1.00,1.00
2016.05.19 09:26:34.334,0.7935,0.79357,1.25,1.00
2016.05.19 09:26:34.796,0.7935,0.79359,1.25,1.00
2016.05.19 09:26:34.899,0.79349,0.79361,1.31,1.12
2016.05.19 09:26:35.156,0.7935,0.79361,1.19,1.12
2016.05.19 09:26:36.254,0.79351,0.79361,1.25,1.00
2016.05.19 09:26:36.599,0.79349,0.79361,2.44,1.00
2016.05.19 09:26:37.113,0.7935,0.79362,1.94,1.50
2016.05.19 09:26:37.242,0.7935,0.79362,1.69,1.50
2016.05.19 09:26:37.344,0.79354,0.79364,1.19,1.50
2016.05.19 09:26:37.547,0.79354,0.79365,1.19,1.87
2016.05.19 09:26:38.330,0.79357,0.79365,1.00,1.00
2016.05.19 09:26:38.909,0.79352,0.7936,2.62,1.00
2016.05.19 09:26:39.112,0.79349,0.79359,2.44,1.50
2016.05.19 09:26:39.671,0.79349,0.79358,1.00,1.00
2016.05.19 09:26:39.836,0.79347,0.79358,3.19,1.50
2016.05.19 09:26:40.248,0.79347,0.79358,1.94,1.50
2016.05.19 09:26:41.011,0.79348,0.79358,1.25,1.50
2016.05.19 09:26:42.398,0.79348,0.79357,1.25,1.00
2016.05.19 09:26:42.929,0.79348,0.79356,1.25,1.00
2016.05.19 09:26:43.506,0.79347,0.79355,1.19,1.00
2016.05.19 09:26:44.023,0.79347,0.79356,1.19,1.87
2016.05.19 09:26:45.943,0.79349,0.79357,1.19,1.50
2016.05.19 09:26:48.327,0.79349,0.79357,1.19,1.00
2016.05.19 09:26:52.608,0.79349,0.79359,1.19,1.50
2016.05.19 09:26:53.434,0.79346,0.79358,2.06,1.00
2016.05.19 09:26:54.294,0.79347,0.79357,1.19,1.00
2016.05.19 09:26:57.460,0.79347,0.79357,1.19,1.00
2016.05.19 09:26:57.968,0.79347,0.79357,1.25,1.00
2016.05.19 09:27:00.805,0.79346,0.79358,1.31,1.12
2016.05.19 09:27:03.495,0.79347,0.79359,1.69,1.50
2016.05.19 09:27:07.115,0.79347,0.79359,1.78,1.50
2016.05.19 09:27:07.995,0.79347,0.7936,2.09,1.25
2016.05.19 09:27:08.464,0.79345,0.79355,4.69,1.00
2016.05.19 09:27:08.920,0.79345,0.79355,2.44,1.00
2016.05.19 09:27:10.655,0.79345,0.79356,1.94,1.00
2016.05.19 09:27:11.223,0.79345,0.79355,1.94,1.00
2016.05.19 09:27:14.068,0.79345,0.79356,1.94,1.00
2016.05.19 09:27:15.122,0.79345,0.79355,1.94,1.00
2016.05.19 09:27:17.077,0.79347,0.79357,1.31,1.12
2016.05.19 09:27:17.230,0.79345,0.79354,1.69,1.00
2016.05.19 09:27:17.535,0.79341,0.79346,1.00,1.00
2016.05.19 09:27:17.873,0.79339,0.79347,1.87,1.50
2016.05.19 09:27:18.127,0.79338,0.79346,1.00,1.19
2016.05.19 09:27:18.534,0.79338,0.79342,1.00,1.00
2016.05.19 09:27:18.864,0.79334,0.79339,3.75,1.19
2016.05.19 09:27:19.172,0.79331,0.79335,1.00,1.00
2016.05.19 09:27:19.274,0.79332,0.79337,1.00,1.00
2016.05.19 09:27:19.376,0.79329,0.79338,2.25,2.06
2016.05.19 09:27:19.631,0.79334,0.79338,1.00,1.25
2016.05.19 09:27:19.935,0.79332,0.79336,3.75,1.00
2016.05.19 09:27:20.734,0.79331,0.79339,2.25,1.78
2016.05.19 09:27:20.835,0.79331,0.79339,2.25,1.78
2016.05.19 09:27:20.887,0.79331,0.79338,1.87,1.03
2016.05.19 09:27:21.136,0.79333,0.79337,1.00,1.00
2016.05.19 09:27:21.644,0.79332,0.79336,1.00,1.00
2016.05.19 09:27:22.356,0.79331,0.79335,1.00,1.00
2016.05.19 09:27:23.241,0.79328,0.79336,2.25,1.00
2016.05.19 09:27:23.839,0.79325,0.79335,2.44,1.00
2016.05.19 09:27:24.126,0.79325,0.79333,2.44,1.00
2016.05.19 09:27:24.430,0.79324,0.79333,1.19,1.00
2016.05.19 09:27:24.482,0.79324,0.79335,1.19,1.12
2016.05.19 09:27:26.515,0.79324,0.79336,2.44,1.50
2016.05.19 09:27:26.984,0.79324,0.79333,1.69,1.00
2016.05.19 09:27:27.530,0.79321,0.79332,2.25,1.25
2016.05.19 09:27:28.251,0.79321,0.7933,2.25,1.00
2016.05.19 09:27:28.352,0.79321,0.79332,2.25,1.25
2016.05.19 09:27:28.960,0.7932,0.79332,1.94,1.25
2016.05.19 09:27:30.950,0.79322,0.79332,1.00,1.25
2016.05.19 09:27:36.475,0.79319,0.79331,1.94,1.00
2016.05.19 09:27:37.083,0.79319,0.79331,1.94,1.00
2016.05.19 09:27:38.781,0.7932,0.79332,1.69,1.25
2016.05.19 09:27:39.714,0.79321,0.79333,1.31,1.12
2016.05.19 09:27:40.255,0.7932,0.79332,3.26,1.00
2016.05.19 09:27:40.808,0.79321,0.79331,1.69,1.00
2016.05.19 09:27:42.478,0.79319,0.79331,2.00,1.25
2016.05.19 09:27:42.681,0.79319,0.79331,1.69,1.31
2016.05.19 09:27:43.195,0.7932,0.79331,1.00,1.62
2016.05.19 09:27:43.723,0.79319,0.79331,1.00,2.00
2016.05.19 09:27:45.748,0.79318,0.79328,1.25,1.00
2016.05.19 09:27:46.205,0.79318,0.79328,1.69,1.37
2016.05.19 09:27:46.714,0.79319,0.79326,1.69,1.00
2016.05.19 09:27:47.092,0.79319,0.79329,2.06,1.00
2016.05.19 09:27:47.476,0.79319,0.79331,2.06,1.59
2016.05.19 09:27:48.021,0.79319,0.7933,1.31,1.12
2016.05.19 09:27:50.896,0.79318,0.79329,2.44,1.00
2016.05.19 09:27:51.151,0.79315,0.79327,3.94,1.00
2016.05.19 09:27:51.303,0.79315,0.79327,2.44,1.00
2016.05.19 09:27:51.405,0.79313,0.79323,1.85,1.25
2016.05.19 09:27:51.978,0.79314,0.79326,1.87,1.69
2016.05.19 09:27:52.509,0.79314,0.79326,1.50,1.69
2016.05.19 09:27:53.119,0.79316,0.79326,1.00,2.44
2016.05.19 09:27:58.430,0.79314,0.79326,1.50,1.69
2016.05.19 09:27:58.634,0.79314,0.79324,1.00,1.19
2016.05.19 09:27:58.838,0.7931,0.79322,2.70,2.81
2016.05.19 09:27:58.890,0.79309,0.79319,1.37,1.19
2016.05.19 09:27:58.992,0.79309,0.79321,2.06,2.06
2016.05.19 09:27:59.196,0.79308,0.7932,1.31,1.12
2016.05.19 09:27:59.298,0.79308,0.7932,2.06,1.75
2016.05.19 09:27:59.824,0.79308,0.79318,2.44,1.50
2016.05.19 09:28:03.407,0.79308,0.7932,2.44,1.50
2016.05.19 09:28:03.942,0.79308,0.79318,1.69,1.00
2016.05.19 09:28:04.505,0.79308,0.79318,1.31,1.12
2016.05.19 09:28:10.340,0.79307,0.79319,1.50,1.50
2016.05.19 09:28:10.879,0.79308,0.7932,1.00,2.00
2016.05.19 09:28:11.491,0.79307,0.7932,1.50,2.00
2016.05.19 09:28:12.029,0.79308,0.7932,1.00,2.00
2016.05.19 09:28:12.740,0.79308,0.7932,1.00,1.69
2016.05.19 09:28:13.196,0.79307,0.79317,1.12,1.00
2016.05.19 09:28:13.813,0.79306,0.79319,1.50,1.12
2016.05.19 09:28:16.242,0.79307,0.79319,1.75,1.00
2016.05.19 09:28:16.725,0.79311,0.7932,1.00,1.25
2016.05.19 09:28:17.237,0.79311,0.7932,1.00,1.19
2016.05.19 09:28:17.757,0.7931,0.79319,1.00,1.25
2016.05.19 09:28:18.643,0.79311,0.7932,1.00,1.19
2016.05.19 09:28:18.999,0.79311,0.79321,1.00,1.31
2016.05.19 09:28:19.253,0.79314,0.79323,1.00,1.69
2016.05.19 09:28:19.457,0.79312,0.79323,1.37,1.69
2016.05.19 09:28:20.026,0.79311,0.79322,1.37,1.31
2016.05.19 09:28:21.045,0.79311,0.79322,1.00,1.62
2016.05.19 09:28:23.729,0.79311,0.7932,1.00,1.00
2016.05.19 09:28:24.280,0.79311,0.79322,1.00,1.50
2016.05.19 09:28:26.341,0.7931,0.79322,1.31,1.50
2016.05.19 09:28:27.641,0.79311,0.79322,1.00,1.50
2016.05.19 09:28:28.159,0.79312,0.79321,1.00,1.12
2016.05.19 09:28:29.924,0.79313,0.79321,1.00,1.12
2016.05.19 09:28:30.165,0.79311,0.79322,1.25,1.50
2016.05.19 09:28:30.573,0.79311,0.79321,1.19,1.12
2016.05.19 09:28:31.081,0.7931,0.79322,2.06,1.50
2016.05.19 09:28:31.867,0.79311,0.79323,1.19,1.75
2016.05.19 09:28:32.171,0.79311,0.79321,1.19,1.00
2016.05.19 09:28:32.376,0.79314,0.79324,1.00,1.75
2016.05.19 09:28:32.694,0.79316,0.79326,1.19,3.00
2016.05.19 09:28:32.848,0.79313,0.79324,1.00,1.75
2016.05.19 09:28:33.669,0.79311,0.79322,1.19,1.50
2016.05.19 09:28:34.385,0.79311,0.79322,1.31,1.37
2016.05.19 09:28:34.745,0.79309,0.79322,1.75,1.00
2016.05.19 09:28:34.914,0.79311,0.79322,1.37,1.00
2016.05.19 09:28:35.346,0.79317,0.79323,1.00,1.00
2016.05.19 09:28:35.397,0.79314,0.79324,1.12,1.87
2016.05.19 09:28:35.448,0.79319,0.79324,1.00,1.00
2016.05.19 09:28:35.601,0.79317,0.79326,1.23,1.50
2016.05.19 09:28:35.816,0.79315,0.79326,1.50,2.25
2016.05.19 09:28:35.870,0.79311,0.79322,1.75,1.00
2016.05.19 09:28:36.378,0.79311,0.79323,1.75,1.00
2016.05.19 09:28:36.784,0.79314,0.79324,1.50,1.25
2016.05.19 09:28:37.000,0.79314,0.79324,1.00,1.69
2016.05.19 09:28:37.356,0.79312,0.79322,1.00,1.00
2016.05.19 09:28:37.671,0.79312,0.79322,1.00,1.37
2016.05.19 09:28:38.220,0.79312,0.79324,1.00,3.19
2016.05.19 09:28:38.525,0.7932,0.79326,1.00,1.00
2016.05.19 09:28:38.728,0.79322,0.7933,1.00,1.19
2016.05.19 09:28:39.327,0.79322,0.7933,1.00,1.94
2016.05.19 09:28:39.378,0.79319,0.79329,1.50,2.44
2016.05.19 09:28:39.581,0.79321,0.79331,1.00,3.94
2016.05.19 09:28:39.683,0.79322,0.79331,1.00,2.06
2016.05.19 09:28:39.784,0.79319,0.79329,1.00,1.25
2016.05.19 09:28:39.886,0.79318,0.79328,1.00,1.37
2016.05.19 09:28:40.191,0.79317,0.79322,1.00,1.00
2016.05.19 09:28:40.444,0.79317,0.79327,1.00,2.25
2016.05.19 09:28:40.495,0.79317,0.79326,1.00,2.25
2016.05.19 09:28:40.880,0.79317,0.79328,1.00,2.25
2016.05.19 09:28:41.392,0.79316,0.79323,1.00,1.00
2016.05.19 09:28:41.443,0.79318,0.79323,1.00,1.00
2016.05.19 09:28:41.595,0.79317,0.79328,1.50,1.00
2016.05.19 09:28:42.099,0.79316,0.79328,1.37,1.37
2016.05.19 09:28:42.991,0.79319,0.79329,1.00,1.69
2016.05.19 09:28:44.960,0.7932,0.79329,1.00,1.50
2016.05.19 09:28:48.377,0.79321,0.7933,1.00,1.75
2016.05.19 09:28:48.631,0.79323,0.79335,1.50,3.00
2016.05.19 09:28:49.002,0.79323,0.79335,1.50,1.75
2016.05.19 09:28:49.994,0.79325,0.79335,1.00,1.75
2016.05.19 09:28:50.338,0.79329,0.79334,1.19,1.00
2016.05.19 09:28:50.542,0.79331,0.79336,3.19,1.00
2016.05.19 09:28:51.050,0.79329,0.79336,2.44,1.00
2016.05.19 09:28:51.468,0.79329,0.79336,1.56,1.00
2016.05.19 09:28:51.977,0.79331,0.79336,1.00,1.00
2016.05.19 09:28:52.029,0.79331,0.79338,1.00,1.00
2016.05.19 09:28:52.080,0.79331,0.7934,1.00,1.12
2016.05.19 09:28:52.131,0.79328,0.7934,2.44,1.12
2016.05.19 09:28:52.233,0.79328,0.7934,1.69,1.75
2016.05.19 09:28:52.549,0.79328,0.79339,1.19,1.75
2016.05.19 09:28:52.854,0.79332,0.79336,1.00,1.00
2016.05.19 09:28:53.009,0.7933,0.79336,1.50,1.00
2016.05.19 09:28:53.520,0.79331,0.79339,1.00,2.25
2016.05.19 09:28:53.763,0.79331,0.7934,1.00,1.75
2016.05.19 09:28:54.295,0.79332,0.79341,1.00,3.00
2016.05.19 09:28:54.450,0.79329,0.7934,1.50,2.25
2016.05.19 09:28:54.653,0.79327,0.79337,1.25,1.75
2016.05.19 09:28:54.705,0.79327,0.79337,1.69,1.00
2016.05.19 09:28:54.910,0.79326,0.79335,1.94,1.00
2016.05.19 09:28:55.215,0.79328,0.79334,1.75,1.00
2016.05.19 09:28:55.723,0.79324,0.79333,2.25,1.00
2016.05.19 09:28:56.138,0.79326,0.79335,2.25,1.00
2016.05.19 09:28:56.659,0.79324,0.79334,2.25,1.00
2016.05.19 09:28:56.924,0.79323,0.79333,3.19,1.00
2016.05.19 09:28:57.351,0.79324,0.79335,1.50,1.50
2016.05.19 09:28:57.402,0.79327,0.79335,1.19,1.00
2016.05.19 09:28:57.808,0.79331,0.79339,1.00,3.15
2016.05.19 09:28:58.113,0.79331,0.79335,1.00,1.00
2016.05.19 09:28:58.440,0.79328,0.79334,2.44,1.00
2016.05.19 09:28:58.739,0.7933,0.79336,1.19,1.00
2016.05.19 09:28:59.552,0.7933,0.79342,2.44,1.75
2016.05.19 09:29:00.064,0.7933,0.79342,2.44,1.75
2016.05.19 09:29:00.165,0.7933,0.79337,1.69,1.00
2016.05.19 09:29:00.419,0.7933,0.79336,1.00,1.00
2016.05.19 09:29:00.991,0.7933,0.79337,1.00,1.00
2016.05.19 09:29:01.499,0.79329,0.79338,1.12,1.00
2016.05.19 09:29:01.653,0.79331,0.7934,1.00,1.10
2016.05.19 09:29:02.183,0.79327,0.79336,2.44,1.00
2016.05.19 09:29:02.745,0.79329,0.79339,2.44,1.50
2016.05.19 09:29:02.848,0.79331,0.79339,1.12,1.00
2016.05.19 09:29:02.900,0.79331,0.79341,1.87,1.12
2016.05.19 09:29:03.553,0.79331,0.7934,1.00,1.00
2016.05.19 09:29:03.604,0.79331,0.7934,1.50,1.87
2016.05.19 09:29:03.963,0.79332,0.79343,1.25,2.25
2016.05.19 09:29:04.116,0.79332,0.79341,1.25,2.25
2016.05.19 09:29:04.483,0.79332,0.79339,1.25,1.00
2016.05.19 09:29:04.635,0.79328,0.79338,1.87,1.37
2016.05.19 09:29:04.686,0.79327,0.79337,1.87,1.12
2016.05.19 09:29:04.839,0.79326,0.79336,2.44,1.50
2016.05.19 09:29:05.043,0.79326,0.79336,1.25,1.12
2016.05.19 09:29:05.145,0.79324,0.79336,1.12,1.50
2016.05.19 09:29:05.348,0.79324,0.79336,1.87,1.12
2016.05.19 09:29:05.399,0.79324,0.79336,3.75,1.12
2016.05.19 09:29:05.715,0.79327,0.79336,1.75,1.00
2016.05.19 09:29:06.189,0.79329,0.79336,1.00,1.75
2016.05.19 09:29:06.521,0.7933,0.79336,1.00,1.37
2016.05.19 09:29:06.572,0.7933,0.79336,1.00,1.12
2016.05.19 09:29:06.725,0.79324,0.79336,1.12,1.12
2016.05.19 09:29:06.827,0.79324,0.79336,1.50,1.12
2016.05.19 09:29:07.145,0.79326,0.79338,1.50,1.12
2016.05.19 09:29:07.653,0.79326,0.79338,1.75,1.00
2016.05.19 09:29:07.957,0.7933,0.7934,2.25,1.00
2016.05.19 09:29:08.009,0.79331,0.79342,1.37,2.81
2016.05.19 09:29:08.467,0.79332,0.79343,1.00,1.94
2016.05.19 09:29:08.779,0.79331,0.79341,1.50,2.25
2016.05.19 09:29:09.453,0.79333,0.79337,1.00,1.00
2016.05.19 09:29:10.038,0.79334,0.79339,1.00,1.00
2016.05.19 09:29:10.343,0.79334,0.79341,1.87,1.00
2016.05.19 09:29:10.547,0.79336,0.79345,1.25,2.25
2016.05.19 09:29:10.750,0.79337,0.79346,2.25,2.25
2016.05.19 09:29:11.283,0.79342,0.79346,1.00,2.25
2016.05.19 09:29:11.879,0.79338,0.79346,3.19,2.25
2016.05.19 09:29:11.981,0.7934,0.79349,1.00,2.25
2016.05.19 09:29:12.540,0.79342,0.79351,1.00,3.00
2016.05.19 09:29:12.854,0.79342,0.79351,1.00,1.75
2016.05.19 09:29:13.358,0.79339,0.79351,1.09,1.75
2016.05.19 09:29:13.698,0.79341,0.7935,1.12,3.00
2016.05.19 09:29:14.089,0.79341,0.7935,1.09,1.37
2016.05.19 09:29:14.689,0.79341,0.7935,1.12,1.37
2016.05.19 09:29:15.194,0.79343,0.7935,1.00,1.37
2016.05.19 09:29:15.549,0.79342,0.79352,1.00,1.50
2016.05.19 09:29:16.143,0.79342,0.7935,1.00,1.00
2016.05.19 09:29:16.657,0.79341,0.7935,1.00,1.00
2016.05.19 09:29:18.076,0.79341,0.79351,2.06,1.00
2016.05.19 09:29:20.235,0.79342,0.79351,1.00,1.00
2016.05.19 09:29:22.225,0.79341,0.79351,1.00,1.00
2016.05.19 09:29:22.732,0.7934,0.79351,1.25,1.00
2016.05.19 09:29:23.315,0.79339,0.7935,1.69,1.00
2016.05.19 09:29:23.878,0.79341,0.79349,1.00,1.00
2016.05.19 09:29:24.502,0.79341,0.79349,1.00,1.37
2016.05.19 09:29:25.163,0.7934,0.79347,1.25,1.00
2016.05.19 09:29:25.315,0.79335,0.79345,1.94,1.00
2016.05.19 09:29:25.828,0.79338,0.79346,1.12,1.00
2016.05.19 09:29:27.051,0.79338,0.79347,1.12,1.00
2016.05.19 09:29:27.967,0.79339,0.79347,1.00,1.00
2016.05.19 09:29:28.282,0.79338,0.79345,1.12,1.00
2016.05.19 09:29:28.678,0.79333,0.79341,2.25,1.00
2016.05.19 09:29:28.781,0.79336,0.79343,1.50,1.00
2016.05.19 09:29:28.884,0.79337,0.79345,1.37,1.20
2016.05.19 09:29:28.986,0.7934,0.79348,1.00,1.12
2016.05.19 09:29:29.038,0.7934,0.79349,1.00,1.95
2016.05.19 09:29:29.394,0.79342,0.79346,1.00,1.00
2016.05.19 09:29:29.774,0.7934,0.79344,1.00,1.00
2016.05.19 09:29:29.825,0.79341,0.79346,1.00,1.00
2016.05.19 09:29:29.927,0.79341,0.79348,1.00,1.12
2016.05.19 09:29:29.978,0.79339,0.79348,1.25,3.00
2016.05.19 09:29:30.384,0.79341,0.7935,1.00,1.50
2016.05.19 09:29:30.641,0.79339,0.79348,1.25,1.87
2016.05.19 09:29:30.793,0.79341,0.79347,1.00,1.00
2016.05.19 09:29:31.340,0.79341,0.7935,1.00,1.87
2016.05.19 09:29:31.392,0.7934,0.7935,1.25,1.87
2016.05.19 09:29:34.136,0.79339,0.79349,1.69,1.00
2016.05.19 09:29:35.089,0.79339,0.7935,1.19,1.12
2016.05.19 09:29:35.340,0.79339,0.79348,1.69,1.00
2016.05.19 09:29:35.703,0.79339,0.7935,1.19,1.12
2016.05.19 09:29:36.308,0.79339,0.79349,1.19,1.00
2016.05.19 09:29:36.815,0.79339,0.79348,1.19,1.00
2016.05.19 09:29:37.325,0.79339,0.7935,1.19,1.57
2016.05.19 09:29:38.673,0.79339,0.79349,1.69,1.50
2016.05.19 09:29:39.834,0.79341,0.79348,2.44,1.00
2016.05.19 09:29:40.038,0.79341,0.7935,1.19,1.00
2016.05.19 09:29:40.551,0.79341,0.79349,1.19,1.00
2016.05.19 09:29:41.710,0.79343,0.7935,1.25,1.00
2016.05.19 09:29:42.257,0.7934,0.7935,2.06,1.00
2016.05.19 09:29:42.954,0.7934,0.79349,1.19,1.00
2016.05.19 09:29:43.475,0.7934,0.79351,1.31,2.25
2016.05.19 09:29:45.485,0.7934,0.79349,1.19,1.00
2016.05.19 09:29:45.738,0.79337,0.79347,2.44,1.50
2016.05.19 09:29:45.840,0.79337,0.79345,1.69,1.00
2016.05.19 09:29:49.421,0.79337,0.79343,1.31,1.00
2016.05.19 09:29:49.676,0.79331,0.79338,1.25,1.00
2016.05.19 09:29:50.193,0.7933,0.79341,1.19,2.32
2016.05.19 09:29:50.245,0.79332,0.79341,1.00,1.95
2016.05.19 09:29:50.560,0.79332,0.79341,1.69,1.75
2016.05.19 09:29:50.864,0.79334,0.79341,1.25,1.75
2016.05.19 09:29:51.408,0.79333,0.79341,5.81,2.25
2016.05.19 09:29:51.921,0.79334,0.79343,1.69,2.25
2016.05.19 09:29:52.456,0.79335,0.79344,1.25,2.25
2016.05.19 09:29:52.507,0.79334,0.79344,1.25,2.25
2016.05.19 09:29:52.912,0.79335,0.79345,1.25,1.75
2016.05.19 09:29:53.186,0.79335,0.79345,1.25,1.50
2016.05.19 09:29:53.836,0.79336,0.79345,1.00,1.00
2016.05.19 09:29:53.938,0.79336,0.79347,1.00,1.00
2016.05.19 09:29:53.990,0.79339,0.79347,1.00,1.00
2016.05.19 09:29:54.396,0.7934,0.79349,1.25,1.12
2016.05.19 09:29:54.599,0.79342,0.79353,1.00,2.34
2016.05.19 09:29:54.924,0.79345,0.79349,1.00,1.00
2016.05.19 09:29:55.229,0.79345,0.79354,1.00,2.25
2016.05.19 09:29:55.784,0.79347,0.79353,1.19,2.25
2016.05.19 09:29:56.204,0.79342,0.7935,2.25,5.50
2016.05.19 09:29:56.816,0.79341,0.79347,3.26,1.00
2016.05.19 09:29:57.035,0.79341,0.79346,1.69,1.00
2016.05.19 09:29:57.543,0.79341,0.79345,1.25,1.00
2016.05.19 09:29:58.023,0.79342,0.79352,1.69,2.25
2016.05.19 09:29:58.481,0.79337,0.79349,3.19,1.21
2016.05.19 09:29:58.807,0.79337,0.79348,3.19,1.09
2016.05.19 09:29:59.275,0.79339,0.79348,2.44,1.09
2016.05.19 09:29:59.881,0.79343,0.79348,1.00,1.09
2016.05.19 09:30:00.591,0.79342,0.79346,1.00,1.00
2016.05.19 09:30:01.102,0.79344,0.7935,1.00,1.00
2016.05.19 09:30:01.306,0.79343,0.79348,1.00,1.12
2016.05.19 09:30:01.779,0.79342,0.79348,1.00,1.09
2016.05.19 09:30:01.933,0.7934,0.7935,1.75,1.12
2016.05.19 09:30:02.448,0.79343,0.79351,1.00,1.12
2016.05.19 09:30:02.501,0.79341,0.79353,3.00,1.28
2016.05.19 09:30:02.806,0.79341,0.79351,1.00,1.87
2016.05.19 09:30:02.858,0.79339,0.79351,1.25,1.87
2016.05.19 09:30:03.991,0.79337,0.79348,1.19,1.59
2016.05.19 09:30:04.195,0.79337,0.79347,1.19,1.12
2016.05.19 09:30:05.089,0.79338,0.79348,1.56,1.09
2016.05.19 09:30:05.191,0.79342,0.79351,1.00,1.09
2016.05.19 09:30:05.242,0.7934,0.79351,1.87,1.00
2016.05.19 09:30:05.446,0.79344,0.79353,1.00,1.78
2016.05.19 09:30:05.497,0.79341,0.79353,2.81,2.25
2016.05.19 09:30:05.701,0.79341,0.79353,2.44,1.50
2016.05.19 09:30:06.034,0.79341,0.79351,2.44,2.25
2016.05.19 09:30:07.101,0.79344,0.79348,1.00,1.00
2016.05.19 09:30:07.407,0.79347,0.79352,1.25,5.25
2016.05.19 09:30:07.818,0.79347,0.79352,1.50,1.00
2016.05.19 09:30:08.326,0.79347,0.79355,1.00,2.25
2016.05.19 09:30:08.701,0.79347,0.79352,1.00,1.00
2016.05.19 09:30:09.058,0.79347,0.79359,1.00,3.09
2016.05.19 09:30:09.211,0.79347,0.79357,1.00,2.25
2016.05.19 09:30:09.516,0.79347,0.79356,1.69,2.25
2016.05.19 09:30:10.050,0.79346,0.79355,2.44,2.25
2016.05.19 09:30:10.152,0.7935,0.79355,1.19,1.00
2016.05.19 09:30:10.253,0.7935,0.79358,1.19,1.12
2016.05.19 09:30:10.963,0.7935,0.79357,1.19,1.00
2016.05.19 09:30:11.472,0.7935,0.79358,1.19,1.12
2016.05.19 09:30:14.574,0.7935,0.79356,1.19,1.00
2016.05.19 09:30:14.625,0.79347,0.79356,1.19,1.00
2016.05.19 09:30:15.133,0.79347,0.79357,1.19,1.12
2016.05.19 09:30:16.345,0.79345,0.79357,2.44,1.09
2016.05.19 09:30:16.396,0.79345,0.79357,1.69,1.09
2016.05.19 09:30:16.928,0.79345,0.79357,1.25,1.59
2016.05.19 09:30:17.333,0.79347,0.79357,1.00,1.59
2016.05.19 09:30:17.883,0.79347,0.79357,1.12,1.12
2016.05.19 09:30:17.934,0.79345,0.79357,1.69,1.12
2016.05.19 09:30:18.449,0.79344,0.79356,1.69,1.00
2016.05.19 09:30:18.955,0.79345,0.79357,1.25,1.84
2016.05.19 09:30:22.922,0.79343,0.79353,1.56,1.00
2016.05.19 09:30:23.428,0.79343,0.79353,1.00,1.12
2016.05.19 09:30:27.080,0.79342,0.79352,1.25,1.00
2016.05.19 09:30:27.132,0.79342,0.79351,1.69,1.00
2016.05.19 09:30:27.437,0.79341,0.79345,1.00,1.00
2016.05.19 09:30:27.742,0.79339,0.79344,1.00,1.19
2016.05.19 09:30:27.904,0.79339,0.79343,1.00,1.25
2016.05.19 09:30:28.338,0.79333,0.79343,3.00,1.25
2016.05.19 09:30:28.689,0.79333,0.79343,1.00,1.62
2016.05.19 09:30:29.251,0.79332,0.79342,1.12,1.12
2016.05.19 09:30:29.676,0.79333,0.79345,1.00,2.25
2016.05.19 09:30:30.248,0.79333,0.79345,1.00,3.19
2016.05.19 09:30:30.784,0.79333,0.79345,1.37,1.87
2016.05.19 09:30:32.073,0.79333,0.79345,1.37,2.25
2016.05.19 09:30:33.872,0.79334,0.79345,1.37,1.50
2016.05.19 09:30:34.616,0.79332,0.79344,2.25,1.00
2016.05.19 09:30:34.870,0.79331,0.79343,2.25,1.00
2016.05.19 09:30:35.073,0.79331,0.79343,2.25,1.12
2016.05.19 09:30:35.837,0.79331,0.79342,1.12,1.00
2016.05.19 09:30:37.190,0.79333,0.79342,1.00,1.50
2016.05.19 09:30:37.692,0.79333,0.79343,1.00,1.12
2016.05.19 09:30:39.397,0.79333,0.79345,1.12,2.44
2016.05.19 09:30:41.185,0.79334,0.79345,1.00,1.69
2016.05.19 09:30:41.490,0.79337,0.79348,1.00,1.31
2016.05.19 09:30:42.008,0.79336,0.79347,1.12,1.37
2016.05.19 09:30:44.244,0.79334,0.79344,1.50,1.00
2016.05.19 09:30:44.700,0.79333,0.79342,1.75,1.00
2016.05.19 09:30:44.887,0.79334,0.79342,1.00,1.00
2016.05.19 09:30:46.119,0.79331,0.79341,1.75,1.00
2016.05.19 09:30:49.232,0.79331,0.79343,1.75,2.25
2016.05.19 09:30:49.435,0.79332,0.79344,1.75,1.69
2016.05.19 09:30:50.222,0.79331,0.79344,2.25,1.87
2016.05.19 09:30:52.743,0.79333,0.79342,1.12,1.00
2016.05.19 09:30:53.347,0.79331,0.79341,1.50,1.00
2016.05.19 09:30:53.875,0.7933,0.7934,1.75,1.00
2016.05.19 09:30:54.088,0.79328,0.7934,1.75,1.12
2016.05.19 09:30:54.595,0.79329,0.79341,1.50,1.50
2016.05.19 09:30:55.102,0.79329,0.79341,2.25,1.00
2016.05.19 09:30:55.270,0.79332,0.79342,1.00,1.12
2016.05.19 09:30:55.575,0.79329,0.79339,2.25,1.00
2016.05.19 09:30:56.785,0.79329,0.79339,2.25,1.00
2016.05.19 09:30:57.091,0.79327,0.79336,2.25,1.00
2016.05.19 09:30:57.396,0.79328,0.79332,1.00,1.00
2016.05.19 09:30:59.113,0.79328,0.79333,1.00,1.69
2016.05.19 09:30:59.265,0.79321,0.79333,3.00,3.19
2016.05.19 09:30:59.791,0.7932,0.79332,3.00,1.00
2016.05.19 09:31:00.119,0.79319,0.79331,1.50,1.12
2016.05.19 09:31:00.171,0.79319,0.7933,1.50,1.00
2016.05.19 09:31:00.694,0.7932,0.7933,1.00,1.12
2016.05.19 09:31:02.029,0.7932,0.7933,1.00,1.37
2016.05.19 09:31:02.384,0.79322,0.79328,1.00,1.00
2016.05.19 09:31:02.437,0.7932,0.79328,1.00,1.00
2016.05.19 09:31:02.539,0.79323,0.79328,1.00,1.00
2016.05.19 09:31:02.857,0.79324,0.79333,1.00,2.25
2016.05.19 09:31:02.908,0.79325,0.7933,1.00,1.00
2016.05.19 09:31:03.089,0.79325,0.79337,1.00,3.19
2016.05.19 09:31:03.394,0.79322,0.79333,1.37,1.12
2016.05.19 09:31:03.648,0.79322,0.79333,1.75,1.00
2016.05.19 09:31:03.750,0.79321,0.79333,1.59,1.00
2016.05.19 09:31:04.279,0.79322,0.79332,1.00,1.00
2016.05.19 09:31:04.818,0.79321,0.79334,1.12,3.19
2016.05.19 09:31:05.362,0.79323,0.79333,1.00,1.31
2016.05.19 09:31:06.097,0.79321,0.79334,1.12,2.44
2016.05.19 09:31:06.470,0.79323,0.79333,1.00,1.31
2016.05.19 09:31:07.009,0.79322,0.79334,1.00,1.69
2016.05.19 09:31:07.555,0.79323,0.79333,1.00,1.31
2016.05.19 09:31:09.061,0.79323,0.79333,1.00,1.69
2016.05.19 09:31:10.103,0.79321,0.79333,2.34,1.69
2016.05.19 09:31:15.756,0.7932,0.79332,1.84,1.00
2016.05.19 09:31:16.748,0.79321,0.79334,1.59,1.12
2016.05.19 09:31:17.053,0.79325,0.79335,1.00,1.50
2016.05.19 09:31:17.561,0.79325,0.79335,1.00,1.12
2016.05.19 09:31:18.380,0.79325,0.79336,1.50,1.00
2016.05.19 09:31:19.155,0.79326,0.79337,1.00,1.69
2016.05.19 09:31:19.700,0.79326,0.79337,1.00,1.50
2016.05.19 09:31:20.231,0.79327,0.79337,1.00,1.00
2016.05.19 09:31:20.739,0.79326,0.79337,1.00,1.50
2016.05.19 09:31:21.240,0.79325,0.79336,1.12,1.00
2016.05.19 09:31:21.755,0.79324,0.79334,1.59,1.00
2016.05.19 09:31:22.115,0.79323,0.79334,1.00,1.00
2016.05.19 09:31:22.622,0.79322,0.79334,1.50,1.50
2016.05.19 09:31:23.129,0.79322,0.79333,1.00,1.00
2016.05.19 09:31:23.642,0.79322,0.79333,1.09,1.00
2016.05.19 09:31:23.948,0.79321,0.79333,1.59,1.00
2016.05.19 09:31:24.371,0.79321,0.79333,1.59,1.62
2016.05.19 09:31:24.880,0.79321,0.79333,1.21,2.00
2016.05.19 09:31:26.342,0.79322,0.79334,1.00,1.94
2016.05.19 09:31:33.041,0.79323,0.79334,1.00,1.75
2016.05.19 09:31:34.432,0.79325,0.79335,1.00,2.25
2016.05.19 09:31:34.787,0.79326,0.79333,1.00,1.00
2016.05.19 09:31:35.293,0.79325,0.79336,1.50,1.75
2016.05.19 09:31:36.259,0.79324,0.79336,1.87,1.75
2016.05.19 09:31:37.094,0.79325,0.79337,1.00,1.75
2016.05.19 09:31:37.613,0.79326,0.79337,1.00,1.75
2016.05.19 09:31:39.025,0.79326,0.79335,1.00,1.50
2016.05.19 09:31:41.780,0.79326,0.79334,1.00,1.00
2016.05.19 09:31:42.303,0.79326,0.79336,1.00,1.50
2016.05.19 09:31:42.737,0.79328,0.79338,1.00,1.50
2016.05.19 09:31:42.789,0.79328,0.79338,1.00,1.12
2016.05.19 09:31:42.840,0.7933,0.79338,1.00,1.12
2016.05.19 09:31:43.246,0.7933,0.79336,1.00,1.00
2016.05.19 09:31:43.398,0.79328,0.79338,1.12,1.12
2016.05.19 09:31:43.652,0.79328,0.79336,1.12,1.00
2016.05.19 09:31:44.158,0.79325,0.79335,1.75,1.00
2016.05.19 09:31:44.318,0.79325,0.79335,1.50,1.00
2016.05.19 09:31:45.303,0.79325,0.79335,1.37,1.12
2016.05.19 09:31:47.003,0.79328,0.79338,1.00,2.00
2016.05.19 09:31:47.308,0.7932,0.7933,4.20,1.00
2016.05.19 09:31:47.667,0.79324,0.79328,1.00,1.00
2016.05.19 09:31:47.972,0.79322,0.79326,3.75,1.00
2016.05.19 09:31:48.479,0.79323,0.79327,1.00,1.00
2016.05.19 09:31:48.581,0.79318,0.79327,2.25,1.00
2016.05.19 09:31:49.708,0.79319,0.79328,1.75,1.00
2016.05.19 09:31:49.911,0.79321,0.79331,2.25,1.00
2016.05.19 09:31:50.131,0.79325,0.79334,1.00,1.94
2016.05.19 09:31:50.538,0.79325,0.79334,1.50,2.25
2016.05.19 09:31:50.842,0.79318,0.79325,1.87,1.25
2016.05.19 09:31:50.996,0.79323,0.79327,1.00,1.69
2016.05.19 09:31:51.098,0.79321,0.79327,1.00,1.00
2016.05.19 09:31:51.838,0.79319,0.79328,2.25,1.00
2016.05.19 09:31:51.889,0.79319,0.79329,2.25,2.44
2016.05.19 09:31:52.255,0.79321,0.79328,2.25,1.00
2016.05.19 09:31:52.783,0.79324,0.79329,1.00,1.25
2016.05.19 09:31:54.058,0.79321,0.79331,1.50,1.69
2016.05.19 09:31:54.465,0.79322,0.79331,1.00,2.25
2016.05.19 09:31:54.922,0.79319,0.79329,1.50,1.50
2016.05.19 09:31:55.549,0.79319,0.79329,1.50,1.50
2016.05.19 09:31:55.955,0.79317,0.79329,1.87,1.50
2016.05.19 09:31:56.057,0.79317,0.79329,2.25,1.12
2016.05.19 09:31:56.507,0.79321,0.79333,1.57,1.87
2016.05.19 09:31:56.812,0.79323,0.79334,1.50,2.25
2016.05.19 09:31:57.168,0.79322,0.7933,1.00,1.00
2016.05.19 09:31:57.597,0.79319,0.79331,4.27,1.37
2016.05.19 09:31:58.170,0.79323,0.7933,1.00,1.00
2016.05.19 09:31:58.474,0.79326,0.7933,1.00,1.00
2016.05.19 09:31:58.989,0.79325,0.7933,1.00,1.00
2016.05.19 09:31:59.423,0.79325,0.79335,1.00,1.50
2016.05.19 09:31:59.946,0.79326,0.79335,1.00,1.00
2016.05.19 09:32:00.187,0.79324,0.79335,1.12,1.37
2016.05.19 09:32:00.581,0.79324,0.79335,1.00,1.75
2016.05.19 09:32:01.089,0.79323,0.79333,1.00,1.00
2016.05.19 09:32:01.191,0.79323,0.79335,1.75,1.00
2016.05.19 09:32:01.729,0.79327,0.79335,1.00,1.50
2016.05.19 09:32:02.041,0.79327,0.79337,1.00,1.00
2016.05.19 09:32:02.552,0.79326,0.79337,1.12,1.50
2016.05.19 09:32:03.079,0.79325,0.79337,2.25,1.00
2016.05.19 09:32:03.767,0.79326,0.79338,2.25,1.00
2016.05.19 09:32:04.274,0.79328,0.7934,1.00,2.44
2016.05.19 09:32:04.821,0.79329,0.79341,1.50,2.25
2016.05.19 09:32:05.328,0.7933,0.79341,1.00,1.50
2016.05.19 09:32:05.844,0.7933,0.79341,1.87,1.12
2016.05.19 09:32:07.013,0.7933,0.7934,1.12,1.00
2016.05.19 09:32:09.010,0.7933,0.7934,1.37,1.50
2016.05.19 09:32:10.630,0.7933,0.7934,1.50,2.62
2016.05.19 09:32:12.016,0.79329,0.79339,1.50,1.00
2016.05.19 09:32:13.131,0.79329,0.7934,1.50,1.12
2016.05.19 09:32:13.755,0.79328,0.79339,1.75,1.00
2016.05.19 09:32:13.958,0.79326,0.79337,2.32,1.00
2016.05.19 09:32:14.211,0.79326,0.79337,2.32,1.00
2016.05.19 09:32:14.721,0.79327,0.79338,1.50,1.69
2016.05.19 09:32:15.329,0.79328,0.79338,1.00,1.69
2016.05.19 09:32:15.867,0.79329,0.79338,1.12,1.19
2016.05.19 09:32:18.947,0.79333,0.79338,1.00,1.19
2016.05.19 09:32:18.998,0.79333,0.79342,1.00,1.50
2016.05.19 09:32:19.508,0.79333,0.79343,1.00,1.37
2016.05.19 09:32:20.016,0.7933,0.79342,1.50,1.12
2016.05.19 09:32:20.522,0.7933,0.79342,1.50,1.50
2016.05.19 09:32:21.094,0.79331,0.79341,1.50,1.31
2016.05.19 09:32:21.414,0.7933,0.79342,1.12,1.31
2016.05.19 09:32:21.882,0.79332,0.79344,1.50,1.94
2016.05.19 09:32:22.288,0.79337,0.79341,1.00,1.00
2016.05.19 09:32:22.645,0.79337,0.79343,1.00,1.00
2016.05.19 09:32:22.849,0.79337,0.79348,1.00,1.69
2016.05.19 09:32:23.397,0.79338,0.79348,1.00,1.19
2016.05.19 09:32:24.062,0.79337,0.79347,2.25,1.25
2016.05.19 09:32:24.454,0.79336,0.79342,1.50,1.87
2016.05.19 09:32:24.556,0.79329,0.79333,1.00,1.00
2016.05.19 09:32:24.760,0.79323,0.79334,1.50,1.19
2016.05.19 09:32:25.280,0.79323,0.79331,1.50,1.00
2016.05.19 09:32:25.793,0.79323,0.79332,1.00,1.00
2016.05.19 09:32:26.302,0.79323,0.79333,1.00,1.69
2016.05.19 09:32:26.809,0.79322,0.79332,1.50,1.00
2016.05.19 09:32:27.353,0.79322,0.79333,1.50,1.25
2016.05.19 09:32:27.888,0.79323,0.79332,1.00,1.00
2016.05.19 09:32:28.402,0.79322,0.79332,1.50,1.50
2016.05.19 09:32:28.754,0.79322,0.7933,1.00,1.00
2016.05.19 09:32:29.364,0.7932,0.7933,1.00,1.00
2016.05.19 09:32:30.473,0.79321,0.79332,1.00,1.00
2016.05.19 09:32:30.575,0.79324,0.79334,1.00,2.81
2016.05.19 09:32:31.084,0.79325,0.79335,1.00,1.19
2016.05.19 09:32:32.474,0.79325,0.79332,1.00,1.00
2016.05.19 09:32:32.985,0.79321,0.79333,2.25,1.69
2016.05.19 09:32:33.492,0.79323,0.79333,1.12,1.25
2016.05.19 09:32:34.221,0.7932,0.79332,3.15,1.00
2016.05.19 09:32:34.678,0.79321,0.79332,1.12,1.00
2016.05.19 09:32:34.784,0.79324,0.79334,1.00,2.81
2016.05.19 09:32:34.936,0.79321,0.79332,3.00,1.00
2016.05.19 09:32:35.038,0.79323,0.79334,1.00,1.56
2016.05.19 09:32:35.350,0.79328,0.79335,1.00,1.31
2016.05.19 09:32:35.885,0.79327,0.79336,1.00,1.31
2016.05.19 09:32:36.443,0.79327,0.79336,1.00,1.25
2016.05.19 09:32:36.731,0.79326,0.79335,1.00,1.19
2016.05.19 09:32:37.238,0.79325,0.79335,1.00,1.69
2016.05.19 09:32:38.799,0.79327,0.79334,1.00,1.69
2016.05.19 09:32:39.103,0.79329,0.79334,1.00,1.00
2016.05.19 09:32:39.609,0.7933,0.79338,1.00,1.69
2016.05.19 09:32:39.913,0.79332,0.79338,1.00,1.31
2016.05.19 09:32:40.669,0.7933,0.79338,1.00,1.19
2016.05.19 09:32:42.891,0.79329,0.79333,1.12,1.00
2016.05.19 09:32:42.992,0.79328,0.79337,1.00,1.31
2016.05.19 09:32:43.043,0.7933,0.79338,1.00,2.81
2016.05.19 09:32:43.348,0.79329,0.79338,1.00,2.44
2016.05.19 09:32:43.726,0.7933,0.79339,1.00,1.94
2016.05.19 09:32:45.269,0.79333,0.79339,1.00,1.19
2016.05.19 09:32:45.320,0.79333,0.7934,1.00,1.00
2016.05.19 09:32:45.827,0.79332,0.79343,1.00,1.69
2016.05.19 09:32:46.242,0.79329,0.79335,2.25,1.00
2016.05.19 09:32:46.554,0.79316,0.79324,1.00,1.19
2016.05.19 09:32:46.605,0.79316,0.79327,1.00,1.62
2016.05.19 09:32:46.656,0.79319,0.79328,1.00,1.69
2016.05.19 09:32:46.961,0.79319,0.79325,1.00,1.00
2016.05.19 09:32:47.423,0.79321,0.79325,1.00,1.00
2016.05.19 09:32:47.937,0.7932,0.79325,1.00,1.00
2016.05.19 09:32:48.241,0.79321,0.79332,1.19,3.00
2016.05.19 09:32:48.394,0.79321,0.79329,1.19,1.00
2016.05.19 09:32:48.597,0.79325,0.79329,1.00,1.00
2016.05.19 09:32:48.934,0.79327,0.79335,1.00,2.81
2016.05.19 09:32:49.440,0.79327,0.79336,1.00,2.44
2016.05.19 09:32:49.492,0.79328,0.79334,1.00,1.00
2016.05.19 09:32:50.017,0.79329,0.79338,1.00,1.31
2016.05.19 09:32:50.536,0.7933,0.79341,1.00,1.94
2016.05.19 09:32:50.587,0.7933,0.79341,1.00,1.94
2016.05.19 09:32:50.917,0.79332,0.79341,1.00,2.44
2016.05.19 09:32:52.847,0.79335,0.79342,1.00,2.44
2016.05.19 09:32:53.166,0.79338,0.79347,1.50,3.19
2016.05.19 09:32:53.319,0.79338,0.79347,1.00,3.19
2016.05.19 09:32:53.522,0.79338,0.79348,1.00,3.94
2016.05.19 09:32:54.397,0.79341,0.7935,1.00,3.94
2016.05.19 09:32:54.925,0.79339,0.79345,1.50,1.00
2016.05.19 09:32:55.129,0.7934,0.79347,1.00,1.00
2016.05.19 09:32:55.654,0.79341,0.79351,1.00,1.94
2016.05.19 09:32:56.161,0.79342,0.79353,1.00,5.06
2016.05.19 09:32:56.690,0.79342,0.79353,1.00,1.94
2016.05.19 09:32:57.933,0.79343,0.79353,1.00,2.44
2016.05.19 09:32:58.035,0.79347,0.79354,1.00,2.44
2016.05.19 09:32:58.178,0.79348,0.79354,1.00,1.75
2016.05.19 09:32:58.230,0.79354,0.79358,1.00,6.56
2016.05.19 09:32:58.739,0.79353,0.79357,1.00,2.25
2016.05.19 09:32:59.208,0.79355,0.79359,1.00,3.75
2016.05.19 09:33:00.125,0.79356,0.7936,1.00,1.00
2016.05.19 09:33:00.533,0.79356,0.79366,1.00,3.94
2016.05.19 09:33:00.896,0.79356,0.79365,1.00,2.25
2016.05.19 09:33:01.710,0.79356,0.79366,1.00,2.81
2016.05.19 09:33:02.355,0.79355,0.79363,1.00,1.75
2016.05.19 09:33:02.406,0.79352,0.79362,1.50,1.37
2016.05.19 09:33:02.609,0.79353,0.79363,1.00,1.87
2016.05.19 09:33:03.126,0.79352,0.79362,1.50,1.00
2016.05.19 09:33:03.655,0.79352,0.79363,1.50,2.62
2016.05.19 09:33:04.118,0.79354,0.79363,1.00,1.12
2016.05.19 09:33:04.372,0.79352,0.79363,1.50,1.00
2016.05.19 09:33:04.525,0.79353,0.79362,1.00,1.50
2016.05.19 09:33:05.183,0.79352,0.79362,1.50,1.37
2016.05.19 09:33:05.729,0.79354,0.79363,1.00,2.44
2016.05.19 09:33:05.781,0.79354,0.79363,1.00,1.31
2016.05.19 09:33:05.985,0.79354,0.79364,1.00,2.25
2016.05.19 09:33:06.492,0.79354,0.79363,1.00,2.25
2016.05.19 09:33:07.832,0.79354,0.79364,1.00,2.25
2016.05.19 09:33:08.465,0.79354,0.79358,1.00,1.00
2016.05.19 09:33:08.928,0.79354,0.79365,1.00,2.25
2016.05.19 09:33:09.452,0.79355,0.79365,1.00,2.25
2016.05.19 09:33:09.554,0.79355,0.79366,1.00,2.62
2016.05.19 09:33:10.300,0.79354,0.79366,1.00,2.62
2016.05.19 09:33:10.771,0.79356,0.79362,1.00,1.00
2016.05.19 09:33:11.305,0.79354,0.79362,1.00,1.00
2016.05.19 09:33:13.665,0.79353,0.79362,1.59,1.25
2016.05.19 09:33:19.345,0.7935,0.79361,2.53,1.00
2016.05.19 09:33:19.530,0.7935,0.79358,1.28,1.00
2016.05.19 09:33:19.835,0.79347,0.79354,3.94,1.00
2016.05.19 09:33:19.886,0.79345,0.79355,2.06,1.00
2016.05.19 09:33:20.399,0.79345,0.79355,1.19,1.50
2016.05.19 09:33:21.177,0.79345,0.79355,1.00,1.69
2016.05.19 09:33:21.278,0.79343,0.79353,1.69,1.00
2016.05.19 09:33:21.861,0.79343,0.79353,2.06,1.37
2016.05.19 09:33:21.913,0.79345,0.79355,1.00,1.75
2016.05.19 09:33:22.065,0.79346,0.79356,1.00,2.44
2016.05.19 09:33:22.168,0.79346,0.79356,1.00,1.69
2016.05.19 09:33:22.676,0.79345,0.79356,1.12,1.25
2016.05.19 09:33:24.020,0.79344,0.79355,2.25,1.00
2016.05.19 09:33:24.122,0.79344,0.79353,2.25,1.00
2016.05.19 09:33:24.840,0.79344,0.79354,1.37,1.50
2016.05.19 09:33:25.346,0.79344,0.79354,1.00,2.25
2016.05.19 09:33:25.857,0.79344,0.79354,1.00,1.00
2016.05.19 09:33:26.395,0.79344,0.79354,1.00,1.50
2016.05.19 09:33:27.695,0.79344,0.79352,1.00,1.00
2016.05.19 09:33:27.747,0.79341,0.79353,3.75,1.31
2016.05.19 09:33:28.253,0.79342,0.79351,1.12,1.12
2016.05.19 09:33:28.797,0.79341,0.79352,1.37,2.06
2016.05.19 09:33:29.822,0.79343,0.79352,1.00,2.06
2016.05.19 09:33:30.344,0.79342,0.79351,1.00,1.50
2016.05.19 09:33:32.662,0.79342,0.79353,1.00,2.44
2016.05.19 09:33:33.161,0.79344,0.79353,1.00,2.44
2016.05.19 09:33:33.669,0.79345,0.79354,1.00,1.31
2016.05.19 09:33:34.187,0.79343,0.79354,1.50,1.31
2016.05.19 09:33:35.140,0.79344,0.79355,1.12,1.69
2016.05.19 09:33:35.655,0.79345,0.79356,1.00,1.75
2016.05.19 09:33:36.163,0.79343,0.79354,2.25,1.31
2016.05.19 09:33:36.570,0.79343,0.79354,1.12,2.06
2016.05.19 09:33:37.387,0.79343,0.79354,1.00,1.69
2016.05.19 09:33:37.926,0.79343,0.79354,2.25,1.19
2016.05.19 09:33:38.406,0.79343,0.79355,2.25,1.19
2016.05.19 09:33:38.693,0.79346,0.79355,1.00,1.25
2016.05.19 09:33:39.205,0.79344,0.79355,1.50,1.25
2016.05.19 09:33:39.358,0.79343,0.79355,1.87,1.31
2016.05.19 09:33:39.409,0.79345,0.79354,1.00,1.00
2016.05.19 09:33:39.989,0.79344,0.79356,1.25,1.69
2016.05.19 09:33:40.504,0.79345,0.79354,1.00,1.00
2016.05.19 09:33:41.026,0.79345,0.79354,1.00,1.50
2016.05.19 09:33:41.546,0.79345,0.79355,1.00,1.69
2016.05.19 09:33:43.826,0.79345,0.79354,1.37,1.00
2016.05.19 09:33:44.365,0.79345,0.79354,1.00,1.00
2016.05.19 09:33:44.899,0.79344,0.79355,1.25,1.25
2016.05.19 09:33:45.407,0.79344,0.79355,1.19,1.00
2016.05.19 09:33:45.944,0.79345,0.79354,1.25,1.00
2016.05.19 09:33:46.516,0.79344,0.79355,1.69,1.00
2016.05.19 09:33:48.270,0.79346,0.79355,1.00,1.00
2016.05.19 09:33:48.789,0.79344,0.79356,1.69,1.12
2016.05.19 09:33:50.126,0.79346,0.79357,1.00,1.50
2016.05.19 09:33:50.658,0.79345,0.79357,1.69,1.50
2016.05.19 09:33:51.845,0.79346,0.79355,1.00,1.00
2016.05.19 09:33:52.353,0.79345,0.79354,1.25,1.00
2016.05.19 09:33:53.544,0.79343,0.79349,1.69,1.00
2016.05.19 09:33:53.850,0.79338,0.79345,1.94,1.00
2016.05.19 09:33:54.190,0.79336,0.79346,1.12,1.50
2016.05.19 09:33:54.606,0.79335,0.79344,1.69,1.00
2016.05.19 09:33:55.148,0.79335,0.79344,1.25,1.00
2016.05.19 09:33:57.213,0.79335,0.79345,1.25,1.50
2016.05.19 09:33:57.761,0.79335,0.79344,1.25,1.00
2016.05.19 09:33:58.272,0.79334,0.79344,1.50,1.00
2016.05.19 09:33:58.865,0.79334,0.79345,1.50,1.50
2016.05.19 09:33:59.469,0.79334,0.79344,1.50,1.00
2016.05.19 09:33:59.967,0.79334,0.79342,1.00,1.00
2016.05.19 09:34:00.719,0.79332,0.79342,1.31,1.00
2016.05.19 09:34:03.961,0.79332,0.79343,1.00,2.00
2016.05.19 09:34:06.076,0.79331,0.79337,1.00,1.00
2016.05.19 09:34:06.383,0.79331,0.79335,1.00,1.50
2016.05.19 09:34:06.587,0.79328,0.79335,1.00,1.50
2016.05.19 09:34:06.688,0.79326,0.79335,1.00,1.50
2016.05.19 09:34:07.196,0.79324,0.79335,1.19,1.50
2016.05.19 09:34:07.731,0.79323,0.79333,1.19,1.00
2016.05.19 09:34:09.008,0.79323,0.79332,1.00,1.00
2016.05.19 09:34:09.291,0.79321,0.79331,1.25,1.00
2016.05.19 09:34:09.697,0.79319,0.79329,3.19,1.00
2016.05.19 09:34:10.002,0.79319,0.79328,1.69,1.00
2016.05.19 09:34:10.517,0.79319,0.79329,1.25,1.00
2016.05.19 09:34:11.071,0.79319,0.79328,1.25,1.00
2016.05.19 09:34:11.805,0.79318,0.79328,1.12,1.25
2016.05.19 09:34:12.706,0.79319,0.7933,1.00,1.31
2016.05.19 09:34:12.953,0.7932,0.7933,1.00,1.12
2016.05.19 09:34:13.004,0.7932,0.7933,1.00,1.50
2016.05.19 09:34:13.547,0.79319,0.79331,1.50,2.00
2016.05.19 09:34:13.709,0.7932,0.79332,1.00,1.69
2016.05.19 09:34:14.541,0.79321,0.79332,1.00,1.69
2016.05.19 09:34:15.063,0.79322,0.79333,1.00,1.94
2016.05.19 09:34:15.317,0.79324,0.79334,1.00,1.94
2016.05.19 09:34:16.315,0.79325,0.79335,1.00,3.19
2016.05.19 09:34:16.810,0.79325,0.79334,1.00,1.25
2016.05.19 09:34:17.353,0.79324,0.79334,1.00,1.25
2016.05.19 09:34:19.790,0.79323,0.79332,1.50,1.19
2016.05.19 09:34:19.943,0.79321,0.79332,1.50,1.31
2016.05.19 09:34:20.045,0.79324,0.79332,1.00,1.19
2016.05.19 09:34:20.146,0.79323,0.79334,1.00,1.69
2016.05.19 09:34:23.939,0.79322,0.79331,1.00,1.00
2016.05.19 09:34:24.492,0.79321,0.7933,1.00,1.31
2016.05.19 09:34:25.379,0.79322,0.79332,1.00,1.69
2016.05.19 09:34:25.430,0.79322,0.79332,1.25,1.00
2016.05.19 09:34:25.953,0.79322,0.79334,1.69,1.31
2016.05.19 09:34:27.370,0.79323,0.79332,1.12,1.00
2016.05.19 09:34:27.835,0.79323,0.79332,1.00,1.75
2016.05.19 09:34:28.050,0.79323,0.79333,1.00,1.69
2016.05.19 09:34:28.672,0.79323,0.79333,1.00,1.31
2016.05.19 09:34:31.262,0.79323,0.79333,1.50,1.62
2016.05.19 09:34:32.379,0.79324,0.79335,1.50,1.75
2016.05.19 09:34:32.430,0.79324,0.79335,1.87,1.50
2016.05.19 09:34:32.582,0.79326,0.79335,1.00,1.50
2016.05.19 09:34:33.344,0.79326,0.79335,1.00,1.00
2016.05.19 09:34:33.408,0.79324,0.79336,2.25,1.69
2016.05.19 09:34:33.954,0.79325,0.79336,1.00,1.69
2016.05.19 09:34:37.194,0.79326,0.79336,1.00,1.25
2016.05.19 09:34:37.700,0.79327,0.79336,1.00,1.69
2016.05.19 09:34:38.251,0.79326,0.79336,1.00,1.25
2016.05.19 09:34:39.303,0.79328,0.79336,1.00,1.25
2016.05.19 09:34:39.455,0.79329,0.7934,1.00,1.94
2016.05.19 09:34:39.962,0.7933,0.79341,1.00,1.69
2016.05.19 09:34:41.857,0.7933,0.79341,1.37,1.19
2016.05.19 09:34:42.435,0.79329,0.79341,2.25,1.31
2016.05.19 09:34:46.582,0.7933,0.79339,1.00,1.25
2016.05.19 09:34:48.199,0.79329,0.79338,1.00,1.00
2016.05.19 09:34:48.251,0.79329,0.79336,1.00,1.00
2016.05.19 09:34:48.558,0.79327,0.79335,1.00,1.00
2016.05.19 09:34:49.066,0.79324,0.79334,1.75,1.00
2016.05.19 09:34:49.170,0.79324,0.79332,1.75,1.00
2016.05.19 09:34:49.475,0.79322,0.7933,2.25,1.00
2016.05.19 09:34:49.642,0.79324,0.7933,1.00,1.00
2016.05.19 09:34:50.170,0.7932,0.7933,1.75,1.00
2016.05.19 09:34:50.681,0.79321,0.7933,1.00,1.00
2016.05.19 09:34:51.202,0.79321,0.79331,2.25,1.00
2016.05.19 09:34:51.727,0.79323,0.79333,1.12,1.31
2016.05.19 09:34:52.233,0.79323,0.79332,1.12,1.19
2016.05.19 09:34:52.560,0.79321,0.7933,2.25,1.19
2016.05.19 09:34:53.350,0.79321,0.7933,2.25,1.19
2016.05.19 09:34:55.995,0.79321,0.79332,2.25,1.19
2016.05.19 09:34:57.293,0.79323,0.79332,1.00,1.19
2016.05.19 09:34:57.598,0.79321,0.79332,1.12,1.19
2016.05.19 09:34:57.751,0.79321,0.79333,1.50,2.06
2016.05.19 09:34:58.185,0.79321,0.79332,1.12,1.19
2016.05.19 09:34:59.611,0.79322,0.79333,1.12,1.69
2016.05.19 09:35:00.128,0.79322,0.79333,1.50,1.19
2016.05.19 09:35:02.604,0.79321,0.79333,1.50,1.69
2016.05.19 09:35:04.138,0.79322,0.79333,1.12,1.25
2016.05.19 09:35:04.921,0.79323,0.79335,1.00,1.69
2016.05.19 09:35:05.651,0.79324,0.79334,1.00,1.19
2016.05.19 09:35:07.538,0.79323,0.79334,1.00,1.19
2016.05.19 09:35:08.134,0.79323,0.79332,1.00,1.00
2016.05.19 09:35:08.647,0.79322,0.79331,1.12,1.00
2016.05.19 09:35:09.622,0.79322,0.79332,1.12,1.12
2016.05.19 09:35:14.045,0.79324,0.79334,1.00,1.69
2016.05.19 09:35:14.663,0.79324,0.79334,1.12,1.31
2016.05.19 09:35:17.707,0.79325,0.79336,1.12,2.44
2016.05.19 09:35:19.187,0.79327,0.79336,1.00,1.69
2016.05.19 09:35:19.694,0.79326,0.79336,1.00,1.56
2016.05.19 09:35:20.491,0.79334,0.79339,1.09,1.69
2016.05.19 09:35:20.543,0.79334,0.79339,1.09,1.00
2016.05.19 09:35:21.309,0.7933,0.79335,1.80,2.06
2016.05.19 09:35:21.411,0.79323,0.79331,1.50,1.19
2016.05.19 09:35:21.513,0.79321,0.79327,1.12,1.19
2016.05.19 09:35:21.851,0.79319,0.79327,1.09,1.19
2016.05.19 09:35:21.902,0.79318,0.79327,1.12,1.19
2016.05.19 09:35:22.004,0.79316,0.79327,1.57,1.69
2016.05.19 09:35:22.156,0.79314,0.79325,1.00,1.25
2016.05.19 09:35:22.410,0.7932,0.79327,1.37,2.81
2016.05.19 09:35:22.563,0.7932,0.79325,1.37,1.25
2016.05.19 09:35:23.058,0.79319,0.79325,1.00,1.25
2016.05.19 09:35:23.211,0.79317,0.79325,1.00,1.31
2016.05.19 09:35:23.313,0.79314,0.79325,1.00,1.69
2016.05.19 09:35:23.721,0.7931,0.79321,1.94,1.69
2016.05.19 09:35:23.823,0.7931,0.79319,1.10,1.25
2016.05.19 09:35:24.026,0.79307,0.79318,1.09,1.00
2016.05.19 09:35:24.558,0.79307,0.79319,1.09,2.00
2016.05.19 09:35:25.118,0.79306,0.79318,1.38,1.50
2016.05.19 09:35:26.003,0.79305,0.79316,1.09,1.19
2016.05.19 09:35:26.460,0.79306,0.79313,1.12,1.00
2016.05.19 09:35:26.754,0.79306,0.79318,1.09,1.69
2016.05.19 09:35:26.958,0.79306,0.79318,1.09,2.00
2016.05.19 09:35:27.469,0.79307,0.79318,1.12,1.69
2016.05.19 09:35:29.547,0.79307,0.79319,1.59,2.44
2016.05.19 09:35:30.062,0.79308,0.79319,1.12,1.69
2016.05.19 09:35:30.574,0.7931,0.79319,1.00,2.44
2016.05.19 09:35:31.124,0.79309,0.79319,1.00,1.19
2016.05.19 09:35:31.430,0.79308,0.79319,1.00,1.94
2016.05.19 09:35:31.887,0.79307,0.79318,1.09,1.25
2016.05.19 09:35:32.090,0.7931,0.7932,1.00,2.44
2016.05.19 09:35:32.517,0.79312,0.7932,1.00,1.69
2016.05.19 09:35:34.137,0.79312,0.79323,1.00,1.94
2016.05.19 09:35:34.720,0.79313,0.79323,1.00,1.94
2016.05.19 09:35:35.282,0.79313,0.79325,1.19,1.50
2016.05.19 09:35:35.802,0.79313,0.79325,1.09,1.69
2016.05.19 09:35:36.311,0.79314,0.79325,1.09,1.25
2016.05.19 09:35:36.835,0.79313,0.79325,1.21,1.31
2016.05.19 09:35:38.093,0.79315,0.79326,1.00,1.69
2016.05.19 09:35:38.608,0.79316,0.79326,1.00,1.69
2016.05.19 09:35:38.780,0.79318,0.79328,1.00,3.19
2016.05.19 09:35:39.084,0.7932,0.79328,1.00,1.69
2016.05.19 09:35:40.205,0.79319,0.79328,1.00,1.56
2016.05.19 09:35:40.729,0.7932,0.7933,1.00,1.94
2016.05.19 09:35:41.236,0.79321,0.7933,1.00,2.44
2016.05.19 09:35:41.337,0.79319,0.7933,1.00,1.94
2016.05.19 09:35:41.388,0.79321,0.7933,1.00,2.44
2016.05.19 09:35:44.884,0.79321,0.79329,1.00,1.25
2016.05.19 09:35:47.307,0.79321,0.79332,1.00,1.94
2016.05.19 09:35:48.566,0.79322,0.79333,1.00,3.19
2016.05.19 09:35:48.982,0.79324,0.79333,1.00,1.94
2016.05.19 09:35:49.135,0.79322,0.79334,1.00,3.56
2016.05.19 09:35:49.758,0.79324,0.79333,1.00,1.94
2016.05.19 09:35:49.910,0.79324,0.79333,1.00,1.94
2016.05.19 09:35:50.422,0.79323,0.79335,1.00,4.69
2016.05.19 09:35:50.643,0.79328,0.79336,1.00,4.76
2016.05.19 09:35:50.950,0.79332,0.79336,1.00,1.50
2016.05.19 09:35:51.208,0.79332,0.79341,1.00,1.94
2016.05.19 09:35:51.743,0.79332,0.79342,1.00,1.94
2016.05.19 09:35:52.865,0.79334,0.79342,1.00,2.06
2016.05.19 09:35:53.393,0.79332,0.79342,1.00,2.06
2016.05.19 09:35:53.896,0.79333,0.79342,1.00,2.06
2016.05.19 09:35:54.049,0.79331,0.79341,1.00,1.19
2016.05.19 09:35:55.153,0.7933,0.79341,1.12,1.19
2016.05.19 09:35:57.357,0.79329,0.7934,1.87,1.25
2016.05.19 09:35:57.914,0.79328,0.79338,1.50,1.00
2016.05.19 09:35:58.236,0.79326,0.79336,2.25,1.00
2016.05.19 09:35:58.338,0.79326,0.79336,1.50,1.19
2016.05.19 09:35:59.151,0.79324,0.79335,1.75,1.25
2016.05.19 09:35:59.657,0.79325,0.79336,1.00,1.19
2016.05.19 09:36:00.888,0.79326,0.79335,1.00,1.25
2016.05.19 09:36:01.472,0.79325,0.79337,1.12,1.94
2016.05.19 09:36:01.980,0.79325,0.79337,1.37,1.69
2016.05.19 09:36:04.525,0.79327,0.79338,1.00,1.94
2016.05.19 09:36:04.627,0.79329,0.79338,1.00,1.94
2016.05.19 09:36:05.193,0.79328,0.79338,1.00,1.94
2016.05.19 09:36:05.716,0.79328,0.79338,1.00,1.69
2016.05.19 09:36:06.238,0.79327,0.79338,1.12,1.69
2016.05.19 09:36:06.882,0.79328,0.79338,1.00,1.69
2016.05.19 09:36:07.440,0.79327,0.79338,1.12,1.69
2016.05.19 09:36:08.147,0.79326,0.79337,2.25,1.50
2016.05.19 09:36:08.453,0.79323,0.79335,4.69,1.00
2016.05.19 09:36:11.015,0.79323,0.79334,2.44,1.00
2016.05.19 09:36:11.247,0.79323,0.79333,3.19,1.00
2016.05.19 09:36:13.666,0.79323,0.79335,2.06,1.37
2016.05.19 09:36:13.769,0.79327,0.79336,1.19,1.50
2016.05.19 09:36:14.327,0.79327,0.79335,1.19,1.12
2016.05.19 09:36:14.960,0.79327,0.79337,1.69,1.50
2016.05.19 09:36:18.974,0.79327,0.79335,1.19,1.00
2016.05.19 09:36:19.543,0.79327,0.79336,1.19,1.12
2016.05.19 09:36:20.051,0.79322,0.79332,2.51,1.00
2016.05.19 09:36:20.356,0.79322,0.7933,1.69,1.00
2016.05.19 09:36:20.559,0.7932,0.7933,1.25,1.00
2016.05.19 09:36:21.942,0.79319,0.79328,1.69,1.00
2016.05.19 09:36:22.273,0.79319,0.79328,1.00,1.75
2016.05.19 09:36:22.783,0.79317,0.79328,1.19,1.50
2016.05.19 09:36:23.284,0.79319,0.79329,1.00,1.75
2016.05.19 09:36:23.386,0.79318,0.7933,1.69,1.50
2016.05.19 09:36:23.662,0.79318,0.79328,1.69,1.00
2016.05.19 09:36:26.497,0.79317,0.79328,1.31,1.37
2016.05.19 09:36:27.006,0.79317,0.79329,1.56,1.37
2016.05.19 09:36:28.604,0.79317,0.79327,1.56,1.00
2016.05.19 09:36:29.700,0.79317,0.79326,1.56,1.00
2016.05.19 09:36:30.208,0.79316,0.79325,1.31,1.00
2016.05.19 09:36:30.361,0.79315,0.79325,1.37,1.00
2016.05.19 09:36:30.565,0.79314,0.79325,1.25,1.12
2016.05.19 09:36:31.389,0.79315,0.79327,1.00,2.25
2016.05.19 09:36:31.491,0.79318,0.79328,1.25,3.00
2016.05.19 09:36:33.516,0.79317,0.79327,1.19,1.75
2016.05.19 09:36:34.796,0.79317,0.79328,1.19,1.75
2016.05.19 09:36:35.375,0.79317,0.79326,1.19,1.00
2016.05.19 09:36:35.722,0.79317,0.79329,1.19,3.00
2016.05.19 09:36:36.023,0.79317,0.79329,1.69,1.00
2016.05.19 09:36:37.427,0.79317,0.79328,1.69,1.00
2016.05.19 09:36:38.089,0.79317,0.79329,1.69,1.00
2016.05.19 09:36:38.241,0.79318,0.79327,1.31,1.00
2016.05.19 09:36:38.778,0.79316,0.79328,3.19,1.50
2016.05.19 09:36:39.325,0.79317,0.79328,1.31,1.50
2016.05.19 09:36:43.848,0.79319,0.7933,1.00,1.75
2016.05.19 09:36:44.154,0.79324,0.79333,1.00,2.25
2016.05.19 09:36:44.462,0.79327,0.79331,1.00,1.00
2016.05.19 09:36:44.615,0.79327,0.79335,1.00,1.50
2016.05.19 09:36:45.122,0.79326,0.79335,1.25,1.12
2016.05.19 09:36:45.857,0.79327,0.79335,1.00,1.00
2016.05.19 09:36:46.402,0.79327,0.79336,1.50,1.00
2016.05.19 09:36:46.909,0.79327,0.79335,2.25,1.00
2016.05.19 09:36:49.133,0.79327,0.79336,1.00,1.00
2016.05.19 09:36:49.647,0.79325,0.79336,2.06,1.00
2016.05.19 09:36:51.918,0.79327,0.79336,1.00,1.50
2016.05.19 09:36:52.180,0.79325,0.79336,1.31,1.00
2016.05.19 09:36:52.767,0.79326,0.79337,1.00,1.87
2016.05.19 09:36:53.570,0.79326,0.79336,1.50,1.00
2016.05.19 09:36:54.945,0.79326,0.79335,1.50,1.00
2016.05.19 09:36:55.246,0.79323,0.79333,2.44,1.00
2016.05.19 09:36:55.550,0.79323,0.7933,1.00,1.00
2016.05.19 09:36:55.956,0.79323,0.79332,1.00,1.50
2016.05.19 09:36:56.498,0.79324,0.79334,1.00,3.19
2016.05.19 09:36:56.549,0.79324,0.79334,1.00,2.44
2016.05.19 09:36:59.389,0.79324,0.79334,1.00,1.69
2016.05.19 09:37:01.658,0.79323,0.79334,1.12,1.69
2016.05.19 09:37:04.771,0.79323,0.79334,1.00,2.06
2016.05.19 09:37:05.292,0.79322,0.79334,1.12,2.06
2016.05.19 09:37:05.343,0.79324,0.79333,1.00,1.00
2016.05.19 09:37:06.197,0.79322,0.79334,1.12,2.81
2016.05.19 09:37:06.701,0.79323,0.79334,1.00,2.81
2016.05.19 09:37:07.249,0.79323,0.79333,1.00,1.00
2016.05.19 09:37:07.763,0.79323,0.79334,1.00,2.06
2016.05.19 09:37:08.096,0.79325,0.79334,1.00,2.06
2016.05.19 09:37:10.500,0.79325,0.79335,1.00,1.69
2016.05.19 09:37:16.016,0.79325,0.79336,1.12,1.31
2016.05.19 09:37:16.547,0.79326,0.79336,1.00,1.31
2016.05.19 09:37:16.858,0.7933,0.79339,1.00,1.69
2016.05.19 09:37:17.013,0.79328,0.7934,1.25,2.25
2016.05.19 09:37:17.065,0.7933,0.79339,1.00,1.50
2016.05.19 09:37:17.270,0.79329,0.7934,1.00,1.50
2016.05.19 09:37:17.800,0.7933,0.7934,1.00,1.00
2016.05.19 09:37:18.016,0.79332,0.7934,1.00,1.00
2016.05.19 09:37:18.270,0.7933,0.7934,1.03,1.00
2016.05.19 09:37:18.776,0.7933,0.7934,1.68,1.00
2016.05.19 09:37:20.181,0.79329,0.79339,1.78,1.00
2016.05.19 09:37:25.518,0.79329,0.79341,2.44,1.00
2016.05.19 09:37:26.064,0.7933,0.7934,1.03,1.00
2016.05.19 09:37:26.166,0.79329,0.7934,1.03,1.00
2016.05.19 09:37:26.675,0.79329,0.79339,1.03,1.00
2016.05.19 09:37:28.310,0.7933,0.79339,1.19,1.00
2016.05.19 09:37:28.412,0.7933,0.79341,1.19,1.87
2016.05.19 09:37:28.463,0.79332,0.79341,1.19,1.87
2016.05.19 09:37:28.792,0.79335,0.79345,1.19,3.00
2016.05.19 09:37:29.098,0.79332,0.7934,2.25,1.00
2016.05.19 09:37:29.150,0.79332,0.79338,1.00,1.00
2016.05.19 09:37:29.507,0.79329,0.79338,2.44,1.00
2016.05.19 09:37:30.038,0.7933,0.79339,3.94,1.00
2016.05.19 09:37:30.191,0.79331,0.79341,3.19,1.00
2016.05.19 09:37:30.293,0.79333,0.79342,2.44,1.50
2016.05.19 09:37:30.700,0.79333,0.7934,2.25,1.00
2016.05.19 09:37:30.802,0.79331,0.7934,1.94,1.00
2016.05.19 09:37:31.005,0.79331,0.7934,1.19,1.12
2016.05.19 09:37:31.515,0.79331,0.7934,1.19,1.50
2016.05.19 09:37:32.043,0.79331,0.7934,1.69,1.00
2016.05.19 09:37:34.398,0.79331,0.79341,2.06,1.00
2016.05.19 09:37:35.393,0.7933,0.79341,1.69,1.00
2016.05.19 09:37:36.869,0.7933,0.7934,2.44,1.00
2016.05.19 09:37:37.534,0.7933,0.79341,2.44,1.00
2016.05.19 09:37:38.098,0.7933,0.79342,2.44,1.00
2016.05.19 09:37:38.468,0.7933,0.7934,2.44,1.00
2016.05.19 09:37:38.990,0.79329,0.7934,1.69,1.00
2016.05.19 09:37:39.564,0.7933,0.79339,1.25,1.00
2016.05.19 09:37:39.616,0.79329,0.79341,1.94,1.00
2016.05.19 09:37:39.718,0.79329,0.79341,1.94,1.00
2016.05.19 09:37:39.921,0.79328,0.7934,2.44,1.00
2016.05.19 09:37:41.204,0.79329,0.79339,1.69,1.00
2016.05.19 09:37:41.881,0.79329,0.7934,1.69,1.00
2016.05.19 09:37:42.540,0.79329,0.79341,1.69,1.00
2016.05.19 09:37:43.089,0.79329,0.7934,1.69,1.00
2016.05.19 09:37:43.630,0.79328,0.79339,1.76,1.00
2016.05.19 09:37:43.732,0.79327,0.79337,1.94,1.00
2016.05.19 09:37:44.285,0.79327,0.79337,1.69,1.00
2016.05.19 09:37:44.944,0.79327,0.79337,1.25,1.00
2016.05.19 09:37:48.084,0.79326,0.79336,1.19,1.00
2016.05.19 09:37:48.237,0.79325,0.79335,1.00,1.00
2016.05.19 09:37:49.243,0.79323,0.79335,2.06,1.87
2016.05.19 09:37:50.766,0.79323,0.79334,1.31,1.00
2016.05.19 09:37:50.918,0.79323,0.79332,1.31,1.00
2016.05.19 09:37:52.441,0.79323,0.79333,1.31,1.12
2016.05.19 09:37:53.316,0.79323,0.79334,2.06,1.00
2016.05.19 09:37:53.823,0.79324,0.79333,1.56,1.00
2016.05.19 09:37:53.924,0.79322,0.79334,1.56,1.87
2016.05.19 09:37:54.803,0.79324,0.79333,1.00,1.12
2016.05.19 09:37:55.359,0.79323,0.79334,1.25,2.25
2016.05.19 09:37:56.122,0.79322,0.79334,1.31,2.25
2016.05.19 09:37:58.007,0.79324,0.79335,1.00,1.50
2016.05.19 09:37:58.463,0.79325,0.79337,1.25,1.50
2016.05.19 09:37:58.972,0.79325,0.79337,1.69,1.00
2016.05.19 09:37:59.911,0.79325,0.79336,1.69,1.00
2016.05.19 09:38:00.470,0.79325,0.79335,1.69,1.00
2016.05.19 09:38:01.980,0.79322,0.79327,1.00,1.25
2016.05.19 09:38:02.083,0.79317,0.79322,1.50,1.19
2016.05.19 09:38:02.134,0.79317,0.79322,1.00,1.19
2016.05.19 09:38:02.186,0.79312,0.79322,1.00,1.19
2016.05.19 09:38:02.237,0.79312,0.79322,1.19,1.00
2016.05.19 09:38:02.744,0.7931,0.79322,1.25,1.19
2016.05.19 09:38:03.722,0.7931,0.7932,1.25,1.00
2016.05.19 09:38:04.077,0.79317,0.79329,6.75,15.56
2016.05.19 09:38:04.381,0.79314,0.79321,1.00,1.69
2016.05.19 09:38:04.644,0.79312,0.79321,2.25,1.69
2016.05.19 09:38:04.973,0.79309,0.79321,1.94,1.69
2016.05.19 09:38:05.483,0.79308,0.7932,1.94,1.12
2016.05.19 09:38:05.687,0.79308,0.7932,1.31,1.12
2016.05.19 09:38:05.890,0.79307,0.79318,1.78,1.00
2016.05.19 09:38:06.197,0.79307,0.79317,1.19,1.50
2016.05.19 09:38:07.626,0.79308,0.79317,1.19,2.25
2016.05.19 09:38:10.224,0.79304,0.79316,1.40,1.37
2016.05.19 09:38:10.753,0.79302,0.79314,2.44,1.00
2016.05.19 09:38:11.261,0.79303,0.79312,1.31,1.00
2016.05.19 09:38:11.566,0.79301,0.79313,1.00,1.69
2016.05.19 09:38:11.668,0.79303,0.79312,1.00,1.12
2016.05.19 09:38:12.198,0.79303,0.79313,1.00,1.25
2016.05.19 09:38:12.676,0.79303,0.79315,1.12,1.31
2016.05.19 09:38:13.182,0.79304,0.79316,1.00,2.44
2016.05.19 09:38:14.538,0.79305,0.79317,1.00,3.19
2016.05.19 09:38:18.496,0.79306,0.79316,1.00,1.31
2016.05.19 09:38:19.062,0.79305,0.79315,1.00,1.25
2016.05.19 09:38:19.608,0.79304,0.79316,1.87,1.31
2016.05.19 09:38:20.722,0.79304,0.79314,1.50,1.00
2016.05.19 09:38:21.235,0.79303,0.79315,1.59,1.69
2016.05.19 09:38:21.586,0.79303,0.79314,1.00,1.19
2016.05.19 09:38:22.169,0.79302,0.79314,1.59,1.69
2016.05.19 09:38:22.742,0.79302,0.79314,1.59,1.69
2016.05.19 09:38:23.528,0.79302,0.79314,1.50,1.69
2016.05.19 09:38:24.374,0.79303,0.79314,1.00,1.69
2016.05.19 09:38:24.831,0.79304,0.79314,1.34,1.00
2016.05.19 09:38:25.337,0.79303,0.79315,1.12,1.31
2016.05.19 09:38:25.850,0.79303,0.79315,1.12,1.40
2016.05.19 09:38:27.092,0.79306,0.79315,1.00,1.03
2016.05.19 09:38:27.367,0.79308,0.7932,1.25,2.44
2016.05.19 09:38:27.419,0.79309,0.79319,1.19,1.75
2016.05.19 09:38:27.521,0.79308,0.7932,1.69,1.87
2016.05.19 09:38:27.623,0.7931,0.79319,1.19,1.00
2016.05.19 09:38:28.132,0.7931,0.79318,1.19,1.00
2016.05.19 09:38:33.660,0.79308,0.79317,1.19,1.00
2016.05.19 09:38:33.915,0.79306,0.79316,1.69,1.00
2016.05.19 09:38:37.138,0.79306,0.79315,1.19,1.00
2016.05.19 09:38:37.240,0.79306,0.79315,1.19,1.50
2016.05.19 09:38:39.071,0.79304,0.79315,1.31,1.50
2016.05.19 09:38:39.559,0.79304,0.79311,1.19,1.00
2016.05.19 09:38:39.610,0.79304,0.79313,1.19,1.50
2016.05.19 09:38:40.117,0.79305,0.79313,1.19,1.12
2016.05.19 09:38:40.271,0.79305,0.7931,1.19,1.00
2016.05.19 09:38:40.526,0.793,0.79307,1.69,1.00
2016.05.19 09:38:40.954,0.79297,0.79306,1.31,1.00
2016.05.19 09:38:41.461,0.79297,0.79307,1.31,1.12
2016.05.19 09:38:42.233,0.79299,0.79309,1.19,1.50
2016.05.19 09:38:42.538,0.79299,0.79309,1.69,1.12
2016.05.19 09:38:44.980,0.79298,0.7931,2.06,1.12
2016.05.19 09:38:45.489,0.79299,0.79311,1.31,1.12
2016.05.19 09:38:46.014,0.79298,0.7931,2.44,1.50
2016.05.19 09:38:46.946,0.79299,0.79311,1.31,1.87
2016.05.19 09:38:47.551,0.79299,0.7931,1.31,1.00
2016.05.19 09:38:50.970,0.793,0.79312,1.25,2.25
2016.05.19 09:38:53.563,0.793,0.7931,1.25,1.00
2016.05.19 09:38:54.070,0.793,0.7931,1.69,1.00
2016.05.19 09:38:54.841,0.793,0.7931,1.25,1.00
2016.05.19 09:38:55.068,0.79301,0.79312,1.00,1.50
2016.05.19 09:38:55.478,0.793,0.7931,1.25,1.00
2016.05.19 09:38:55.782,0.79307,0.79315,1.00,1.75
2016.05.19 09:38:56.064,0.79307,0.79315,1.00,1.12
2016.05.19 09:38:56.564,0.79309,0.79319,1.00,1.00
2016.05.19 09:38:57.075,0.79307,0.79319,1.69,1.50
2016.05.19 09:38:58.755,0.79308,0.7932,1.12,1.87
2016.05.19 09:38:58.958,0.79309,0.7932,1.50,1.00
2016.05.19 09:38:59.686,0.79309,0.79321,1.50,1.87
2016.05.19 09:39:00.227,0.7931,0.7932,1.12,1.00
2016.05.19 09:39:00.762,0.79307,0.79319,2.00,1.00
2016.05.19 09:39:00.966,0.79308,0.79319,1.00,1.00
2016.05.19 09:39:01.372,0.79307,0.79317,1.50,1.00
2016.05.19 09:39:04.090,0.79307,0.79317,1.37,1.31
2016.05.19 09:39:05.193,0.79307,0.79317,1.12,1.12
2016.05.19 09:39:05.498,0.79308,0.79318,1.19,1.50
2016.05.19 09:39:06.008,0.79308,0.79318,1.56,1.12
2016.05.19 09:39:11.179,0.79307,0.79316,1.56,1.00
2016.05.19 09:39:11.281,0.79304,0.79316,1.94,1.00
2016.05.19 09:39:11.382,0.79304,0.79316,1.94,1.09
2016.05.19 09:39:11.687,0.79303,0.79311,2.44,1.50
2016.05.19 09:39:12.166,0.79303,0.79315,2.44,1.19
2016.05.19 09:39:12.217,0.79305,0.79315,1.31,1.22
2016.05.19 09:39:12.676,0.79306,0.79316,1.00,1.75
2016.05.19 09:39:12.982,0.79306,0.7931,1.00,1.00
2016.05.19 09:39:13.430,0.79306,0.79316,1.00,1.75
2016.05.19 09:39:13.732,0.79306,0.79316,1.12,1.12
2016.05.19 09:39:14.715,0.79308,0.79317,1.19,1.37
2016.05.19 09:39:16.338,0.79308,0.79318,1.19,1.50
2016.05.19 09:39:17.723,0.79308,0.79319,1.31,1.12
2016.05.19 09:39:18.231,0.7931,0.79321,1.25,2.25
2016.05.19 09:39:18.761,0.7931,0.7932,1.00,1.09
2016.05.19 09:39:19.406,0.79308,0.7932,1.12,1.21
2016.05.19 09:39:19.914,0.79309,0.79319,1.00,1.00
2016.05.19 09:39:20.746,0.79307,0.7932,1.69,1.12
2016.05.19 09:39:21.256,0.79307,0.79319,1.69,1.00
2016.05.19 09:39:21.773,0.79308,0.7932,1.12,1.21
2016.05.19 09:39:24.415,0.79308,0.7932,1.12,1.21
2016.05.19 09:39:28.560,0.79309,0.79319,1.00,1.00
2016.05.19 09:39:29.067,0.7931,0.79322,1.12,1.59
2016.05.19 09:39:33.256,0.7931,0.79322,1.12,1.50
2016.05.19 09:39:33.764,0.7931,0.79322,2.06,1.12
2016.05.19 09:39:33.968,0.79311,0.79323,2.44,1.50
2016.05.19 09:39:34.485,0.79311,0.79323,2.06,1.87
2016.05.19 09:39:36.179,0.79313,0.79324,1.19,1.50
2016.05.19 09:39:36.555,0.79313,0.79322,1.19,1.00
2016.05.19 09:39:39.494,0.79313,0.79323,1.19,1.50
2016.05.19 09:39:40.876,0.79313,0.79322,1.19,1.00
2016.05.19 09:39:46.203,0.79311,0.7932,1.94,1.00
2016.05.19 09:39:51.296,0.79311,0.79322,1.94,1.50
2016.05.19 09:39:51.867,0.7931,0.79322,2.44,1.50
2016.05.19 09:39:52.802,0.79311,0.79321,1.94,1.00
2016.05.19 09:39:53.310,0.7931,0.79322,2.44,1.50
2016.05.19 09:39:53.837,0.7931,0.79321,2.44,1.00
2016.05.19 09:39:54.346,0.79312,0.79321,1.69,1.00
2016.05.19 09:39:54.915,0.79312,0.79323,1.69,1.87
2016.05.19 09:39:56.347,0.79313,0.79324,1.31,1.00
2016.05.19 09:39:57.855,0.79313,0.79325,1.69,1.00
2016.05.19 09:39:59.035,0.79314,0.79326,1.31,1.87
2016.05.19 09:39:59.086,0.79316,0.79326,1.00,2.62
2016.05.19 09:39:59.442,0.79316,0.79328,1.00,3.75
2016.05.19 09:39:59.774,0.79316,0.79326,1.50,1.00
2016.05.19 09:40:00.307,0.79316,0.79327,1.00,1.00
2016.05.19 09:40:00.814,0.79315,0.79327,1.00,1.50
2016.05.19 09:40:01.334,0.79315,0.79326,1.12,1.37
2016.05.19 09:40:02.048,0.79316,0.79326,1.00,1.37
2016.05.19 09:40:02.557,0.79314,0.79326,1.62,1.49
2016.05.19 09:40:02.896,0.79316,0.79324,1.19,1.00
2016.05.19 09:40:03.202,0.79312,0.79318,3.19,1.00
2016.05.19 09:40:03.253,0.79313,0.79317,1.25,1.00
2016.05.19 09:40:03.773,0.7931,0.79317,1.69,1.00
2016.05.19 09:40:04.079,0.79306,0.79316,1.94,1.00
2016.05.19 09:40:04.130,0.79306,0.79316,1.31,1.37
2016.05.19 09:40:04.232,0.79305,0.79315,1.25,1.12
2016.05.19 09:40:04.742,0.79304,0.79315,3.19,1.00
2016.05.19 09:40:05.403,0.79305,0.79315,1.25,1.12
2016.05.19 09:40:05.607,0.79304,0.79316,1.56,1.00
2016.05.19 09:40:06.125,0.79304,0.79315,1.94,1.00
2016.05.19 09:40:06.662,0.79304,0.79315,1.94,1.00
2016.05.19 09:40:07.196,0.79304,0.79315,1.94,1.00
2016.05.19 09:40:07.742,0.79306,0.79314,1.31,1.00
2016.05.19 09:40:07.844,0.79304,0.79314,2.00,1.00
2016.05.19 09:40:08.098,0.79304,0.79312,2.00,1.00
2016.05.19 09:40:08.355,0.79305,0.79312,1.00,1.00
2016.05.19 09:40:09.360,0.79303,0.79312,1.56,1.00
2016.05.19 09:40:11.244,0.79302,0.79313,1.69,1.50
2016.05.19 09:40:11.397,0.79302,0.79311,1.69,1.00
2016.05.19 09:40:11.702,0.79304,0.79313,1.31,1.00
2016.05.19 09:40:12.276,0.79304,0.79312,1.31,1.00
2016.05.19 09:40:12.580,0.79301,0.79312,3.56,1.00
2016.05.19 09:40:13.090,0.79301,0.79311,1.94,1.50
2016.05.19 09:40:13.613,0.793,0.7931,2.00,1.00
2016.05.19 09:40:13.715,0.793,0.7931,1.69,1.00
2016.05.19 09:40:14.222,0.79298,0.7931,3.94,1.00
2016.05.19 09:40:15.695,0.79301,0.79311,1.00,1.12
2016.05.19 09:40:16.202,0.79301,0.79312,1.25,1.12
2016.05.19 09:40:19.032,0.793,0.79311,1.31,1.00
2016.05.19 09:40:19.544,0.79301,0.7931,1.25,1.00
2016.05.19 09:40:20.588,0.79298,0.7931,1.56,1.87
2016.05.19 09:40:20.850,0.79298,0.79309,1.19,2.25
2016.05.19 09:40:20.901,0.79297,0.79309,2.81,2.25
2016.05.19 09:40:22.457,0.79296,0.79308,1.31,2.25
2016.05.19 09:40:22.983,0.79294,0.79305,1.69,1.00
2016.05.19 09:40:23.034,0.79294,0.79302,1.69,1.00
2016.05.19 09:40:23.210,0.79292,0.79304,3.19,1.00
2016.05.19 09:40:23.718,0.79292,0.79303,2.44,1.00
2016.05.19 09:40:24.540,0.7929,0.793,3.00,1.00
2016.05.19 09:40:24.846,0.79294,0.79298,1.00,1.00
2016.05.19 09:40:25.294,0.79289,0.79298,1.75,1.50
2016.05.19 09:40:25.809,0.79288,0.79297,2.25,1.00
2016.05.19 09:40:26.164,0.79287,0.79297,2.25,1.00
2016.05.19 09:40:26.784,0.79286,0.79297,3.19,1.00
2016.05.19 09:40:27.088,0.79287,0.79297,2.25,1.00
2016.05.19 09:40:27.718,0.79289,0.79294,2.25,1.37
2016.05.19 09:40:27.771,0.79282,0.79293,1.00,1.87
2016.05.19 09:40:28.027,0.79285,0.79295,1.00,1.00
2016.05.19 09:40:28.129,0.79286,0.79297,1.00,1.31
2016.05.19 09:40:28.383,0.79285,0.79295,1.00,1.00
2016.05.19 09:40:28.690,0.79287,0.79295,2.25,1.00
2016.05.19 09:40:28.856,0.79289,0.79295,1.00,1.00
2016.05.19 09:40:29.378,0.79285,0.79295,2.25,1.50
2016.05.19 09:40:29.842,0.79289,0.79293,1.00,1.00
2016.05.19 09:40:30.124,0.79284,0.79293,2.25,1.00
2016.05.19 09:40:30.378,0.79282,0.79293,1.94,1.00
2016.05.19 09:40:30.885,0.79281,0.79292,2.44,1.00
2016.05.19 09:40:32.539,0.79282,0.79293,1.94,1.50
2016.05.19 09:40:33.027,0.79282,0.79291,1.56,1.00
2016.05.19 09:40:34.007,0.79282,0.79291,3.19,1.00
2016.05.19 09:40:34.547,0.79282,0.79292,1.94,1.59
2016.05.19 09:40:34.903,0.79279,0.79291,3.19,1.00
2016.05.19 09:40:35.207,0.7928,0.79291,2.44,1.50
2016.05.19 09:40:35.309,0.79282,0.7929,1.25,1.00
2016.05.19 09:40:35.411,0.79279,0.7929,3.94,1.00
2016.05.19 09:40:35.513,0.79279,0.79289,3.19,1.00
2016.05.19 09:40:36.704,0.79279,0.79289,2.44,1.00
2016.05.19 09:40:37.238,0.79279,0.79289,2.44,1.50
2016.05.19 09:40:38.107,0.7928,0.79288,1.19,1.00
2016.05.19 09:40:38.159,0.7928,0.79285,1.19,1.00
2016.05.19 09:40:38.210,0.7928,0.79284,1.00,1.00
2016.05.19 09:40:38.262,0.79275,0.79281,2.06,1.00
2016.05.19 09:40:38.568,0.79272,0.79279,2.81,1.00
2016.05.19 09:40:38.670,0.79273,0.79282,1.87,1.00
2016.05.19 09:40:39.183,0.79274,0.79283,2.25,1.00
2016.05.19 09:40:39.690,0.79271,0.79282,1.56,1.12
2016.05.19 09:40:39.741,0.79274,0.79284,1.19,1.59
2016.05.19 09:40:40.080,0.79274,0.79284,1.19,2.25
2016.05.19 09:40:40.385,0.7928,0.79284,1.00,1.00
2016.05.19 09:40:40.690,0.79282,0.79287,1.00,6.75
2016.05.19 09:40:40.902,0.79278,0.79287,2.59,2.25
2016.05.19 09:40:41.360,0.79282,0.79288,1.00,6.75
2016.05.19 09:40:41.715,0.79279,0.79286,1.69,1.00
2016.05.19 09:40:42.403,0.79282,0.79286,1.00,1.00
2016.05.19 09:40:43.796,0.7928,0.79286,1.00,1.00
2016.05.19 09:40:44.375,0.79279,0.79288,1.69,2.25
2016.05.19 09:40:44.851,0.79282,0.79294,1.00,3.09
2016.05.19 09:40:45.445,0.79282,0.79294,1.00,1.87
2016.05.19 09:40:45.979,0.79282,0.79294,1.19,3.00
2016.05.19 09:40:48.736,0.79283,0.79293,1.25,1.37
2016.05.19 09:40:49.239,0.79283,0.79293,1.25,1.12
2016.05.19 09:40:49.823,0.79283,0.79292,1.25,1.00
2016.05.19 09:40:51.568,0.79282,0.79293,1.31,1.00
2016.05.19 09:40:51.880,0.79286,0.79296,1.25,2.25
2016.05.19 09:40:55.992,0.79284,0.79295,2.06,1.37
2016.05.19 09:40:56.465,0.79283,0.79295,1.19,1.50
2016.05.19 09:40:58.559,0.79283,0.79295,1.31,1.50
2016.05.19 09:41:00.557,0.79286,0.79293,1.19,1.00
2016.05.19 09:41:00.658,0.79284,0.79293,1.31,1.00
2016.05.19 09:41:01.219,0.79283,0.79295,2.06,1.87
2016.05.19 09:41:01.672,0.79285,0.79295,1.69,1.87
2016.05.19 09:41:03.090,0.79285,0.79293,1.19,1.00
2016.05.19 09:41:03.598,0.79284,0.79292,1.31,1.00
2016.05.19 09:41:05.167,0.79283,0.7929,1.69,1.00
2016.05.19 09:41:05.679,0.79283,0.79291,1.19,1.00
2016.05.19 09:41:06.923,0.79283,0.79292,1.19,1.12
2016.05.19 09:41:07.383,0.79283,0.79292,1.19,2.25
2016.05.19 09:41:08.565,0.79283,0.79292,1.19,2.25
2016.05.19 09:41:09.187,0.79283,0.79292,1.19,2.62
2016.05.19 09:41:09.724,0.79283,0.79291,1.19,2.25
2016.05.19 09:41:09.826,0.79283,0.79289,1.19,1.00
2016.05.19 09:41:10.346,0.79283,0.7929,1.19,1.00
2016.05.19 09:41:11.419,0.79281,0.7929,1.19,1.00
2016.05.19 09:41:12.058,0.79281,0.79291,1.19,3.00
2016.05.19 09:41:12.109,0.79281,0.7929,1.19,1.37
2016.05.19 09:41:12.312,0.79281,0.79291,1.19,1.87
2016.05.19 09:41:12.415,0.79281,0.79289,1.19,1.00
2016.05.19 09:41:12.889,0.79281,0.79291,1.19,1.87
2016.05.19 09:41:13.206,0.79281,0.79291,1.19,2.25
2016.05.19 09:41:13.712,0.7928,0.79291,1.19,2.25
2016.05.19 09:41:15.118,0.7928,0.79293,1.69,1.75
2016.05.19 09:41:17.014,0.7928,0.79292,2.06,1.50
2016.05.19 09:41:17.520,0.7928,0.79292,1.69,1.75
2016.05.19 09:41:18.465,0.79278,0.79289,1.37,1.12
2016.05.19 09:41:18.821,0.79276,0.79289,2.06,1.50
2016.05.19 09:41:20.279,0.79275,0.79285,2.44,1.00
2016.05.19 09:41:20.583,0.79275,0.79283,1.00,1.87
2016.05.19 09:41:20.685,0.79271,0.79283,1.69,1.87
2016.05.19 09:41:20.938,0.79271,0.79282,1.25,1.00
2016.05.19 09:41:21.732,0.79275,0.79282,1.00,1.00
2016.05.19 09:41:22.037,0.79278,0.79282,1.00,1.00
2016.05.19 09:41:22.139,0.79278,0.79289,1.00,2.25
2016.05.19 09:41:22.342,0.79278,0.79289,1.19,2.25
2016.05.19 09:41:22.755,0.79278,0.7929,1.69,3.00
2016.05.19 09:41:23.729,0.79279,0.79291,1.19,2.25
2016.05.19 09:41:24.231,0.79278,0.79289,1.31,1.00
2016.05.19 09:41:24.333,0.79278,0.79287,1.31,1.50
2016.05.19 09:41:24.840,0.79278,0.79286,1.31,1.50
2016.05.19 09:41:25.083,0.79276,0.79286,1.62,1.00
2016.05.19 09:41:25.632,0.79278,0.79288,1.00,2.25
2016.05.19 09:41:25.836,0.79276,0.79287,1.25,1.50
2016.05.19 09:41:26.192,0.79277,0.79288,2.06,1.87
2016.05.19 09:41:26.829,0.7928,0.7929,1.00,3.00
2016.05.19 09:41:27.338,0.79279,0.79291,1.25,1.75
2016.05.19 09:41:27.890,0.7928,0.7929,1.00,1.75
2016.05.19 09:41:28.245,0.7928,0.79289,1.00,1.00
2016.05.19 09:41:31.003,0.79279,0.79289,1.00,1.00
2016.05.19 09:41:32.140,0.79281,0.79289,1.00,1.00
2016.05.19 09:41:32.296,0.79279,0.79289,1.00,1.00
2016.05.19 09:41:32.807,0.79279,0.79289,1.00,1.69
2016.05.19 09:41:33.490,0.79281,0.79289,1.00,1.69
2016.05.19 09:41:34.110,0.79279,0.79289,1.00,1.69
2016.05.19 09:41:34.628,0.7928,0.79289,1.00,1.69
2016.05.19 09:41:35.210,0.79279,0.79284,1.00,1.19
2016.05.19 09:41:35.311,0.7928,0.79287,1.00,1.19
2016.05.19 09:41:35.616,0.79278,0.79287,1.00,1.19
2016.05.19 09:41:36.124,0.79279,0.79287,1.00,1.19
2016.05.19 09:41:36.921,0.79276,0.79287,1.50,1.19
2016.05.19 09:41:36.973,0.79275,0.79281,1.75,1.25
2016.05.19 09:41:37.282,0.79275,0.7928,1.50,1.69
2016.05.19 09:41:37.537,0.79273,0.79278,1.50,1.19
2016.05.19 09:41:38.100,0.79269,0.79278,1.50,1.69
2016.05.19 09:41:38.514,0.79271,0.79278,1.00,1.69
2016.05.19 09:41:38.723,0.79269,0.79278,1.00,1.69
2016.05.19 09:41:39.250,0.79271,0.79278,1.00,1.69
2016.05.19 09:41:39.778,0.7927,0.79278,1.00,1.00
2016.05.19 09:41:40.285,0.79271,0.79278,1.00,1.00
2016.05.19 09:41:40.649,0.79271,0.79282,1.00,2.44
2016.05.19 09:41:41.214,0.79272,0.7928,1.00,1.25
2016.05.19 09:41:41.734,0.79271,0.79283,1.00,1.94
2016.05.19 09:41:42.041,0.79268,0.79278,2.25,1.25
2016.05.19 09:41:42.651,0.79267,0.79279,1.75,1.69
2016.05.19 09:41:43.006,0.79266,0.79279,1.57,3.19
2016.05.19 09:41:43.519,0.79267,0.79277,1.00,1.00
2016.05.19 09:41:45.555,0.79265,0.79276,1.10,1.69
2016.05.19 09:41:45.920,0.79265,0.79273,1.00,1.19
2016.05.19 09:41:46.226,0.79265,0.79275,1.50,1.25
2016.05.19 09:41:46.733,0.79266,0.79274,1.00,1.00
2016.05.19 09:41:47.267,0.79266,0.79278,1.00,3.94
2016.05.19 09:41:47.793,0.79265,0.79277,1.00,1.94
2016.05.19 09:41:48.300,0.79264,0.79276,1.50,1.69
2016.05.19 09:41:48.660,0.79263,0.79274,2.25,1.19
2016.05.19 09:41:48.863,0.79263,0.79274,1.75,1.25
2016.05.19 09:41:48.914,0.79263,0.79272,1.50,1.00
2016.05.19 09:41:49.451,0.79261,0.79274,2.00,1.00
2016.05.19 09:41:49.553,0.79262,0.79272,1.75,1.00
2016.05.19 09:41:50.068,0.79262,0.79272,1.50,1.00
2016.05.19 09:41:52.019,0.7926,0.79272,2.81,1.12
2016.05.19 09:41:52.587,0.79259,0.79271,1.69,1.00
2016.05.19 09:41:53.185,0.7926,0.79272,1.12,1.87
2016.05.19 09:41:54.374,0.79259,0.79271,1.69,1.00
2016.05.19 09:41:54.477,0.79259,0.7927,1.50,1.56
2016.05.19 09:41:54.934,0.79258,0.79268,1.50,1.19
2016.05.19 09:41:55.036,0.79258,0.7927,1.50,2.44
2016.05.19 09:41:55.604,0.79258,0.79268,1.00,1.00
2016.05.19 09:41:55.676,0.79258,0.7927,1.00,2.00
2016.05.19 09:41:55.879,0.79258,0.7927,1.12,2.00
2016.05.19 09:41:56.442,0.79256,0.79266,1.75,1.25
2016.05.19 09:41:56.776,0.79255,0.79264,2.25,1.00
2016.05.19 09:41:56.980,0.79254,0.79264,1.75,1.00
2016.05.19 09:41:57.491,0.79252,0.79264,3.00,1.00
2016.05.19 09:41:57.542,0.79252,0.79262,3.00,1.00
2016.05.19 09:41:57.796,0.7925,0.79262,2.25,1.00
2016.05.19 09:41:58.051,0.79252,0.79264,1.75,1.50
2016.05.19 09:41:58.255,0.79252,0.79262,1.75,1.00
2016.05.19 09:41:58.357,0.79252,0.79262,1.00,1.00
2016.05.19 09:41:58.867,0.79251,0.79262,1.50,1.19
2016.05.19 09:41:59.183,0.79251,0.79262,1.50,1.19
2016.05.19 09:41:59.539,0.79251,0.79262,1.00,3.19
2016.05.19 09:42:00.203,0.79251,0.7926,1.00,1.00
2016.05.19 09:42:00.704,0.79251,0.79261,1.50,1.69
2016.05.19 09:42:01.686,0.7925,0.79261,1.00,2.44
2016.05.19 09:42:02.299,0.7925,0.79257,1.00,1.00
2016.05.19 09:42:02.605,0.7925,0.79259,1.37,1.25
2016.05.19 09:42:03.057,0.79254,0.79259,1.00,1.25
2016.05.19 09:42:03.565,0.79255,0.79261,1.00,1.31
2016.05.19 09:42:03.667,0.79253,0.79261,1.00,1.31
2016.05.19 09:42:04.193,0.79256,0.79264,1.00,2.44
2016.05.19 09:42:04.704,0.79255,0.79263,1.00,1.94
2016.05.19 09:42:05.208,0.79255,0.79263,1.00,1.69
2016.05.19 09:42:05.729,0.79255,0.79263,1.00,1.19
2016.05.19 09:42:08.103,0.79255,0.79262,1.12,1.19
2016.05.19 09:42:09.955,0.79255,0.79265,1.00,1.31
2016.05.19 09:42:10.531,0.79254,0.79264,1.00,1.19
2016.05.19 09:42:11.924,0.79253,0.79263,1.31,1.25
2016.05.19 09:42:13.756,0.7925,0.79262,3.19,1.00
2016.05.19 09:42:14.561,0.7925,0.79263,3.19,2.06
2016.05.19 09:42:14.736,0.79251,0.79261,1.69,1.00
2016.05.19 09:42:15.041,0.79248,0.79257,3.19,1.00
2016.05.19 09:42:15.574,0.79248,0.79258,2.44,1.00
2016.05.19 09:42:15.980,0.79246,0.79258,4.69,1.00
2016.05.19 09:42:16.372,0.79246,0.79255,2.44,1.00
2016.05.19 09:42:16.630,0.7924,0.79249,1.19,1.50
2016.05.19 09:42:16.682,0.79239,0.79248,1.00,1.00
2016.05.19 09:42:16.735,0.79239,0.79246,1.00,1.00
2016.05.19 09:42:16.787,0.79237,0.79246,1.25,1.00
2016.05.19 09:42:17.142,0.79233,0.79238,1.10,1.00
2016.05.19 09:42:17.691,0.79232,0.79237,1.00,1.00
2016.05.19 09:42:17.844,0.7923,0.79237,1.00,1.00
2016.05.19 09:42:18.098,0.79226,0.79238,1.20,1.19
2016.05.19 09:42:18.403,0.79223,0.79235,1.29,1.00
2016.05.19 09:42:18.759,0.79222,0.7923,1.10,1.25
2016.05.19 09:42:19.064,0.7922,0.79228,1.25,1.00
2016.05.19 09:42:19.217,0.79218,0.79229,1.00,1.25
2016.05.19 09:42:19.808,0.79217,0.79229,1.00,2.14
2016.05.19 09:42:20.214,0.79216,0.79228,1.00,1.69
2016.05.19 09:42:20.468,0.79212,0.79224,1.69,1.00
2016.05.19 09:42:20.519,0.79212,0.79221,1.00,1.00
2016.05.19 09:42:20.773,0.79209,0.79221,1.69,1.00
2016.05.19 09:42:20.824,0.79209,0.79219,1.25,1.00
2016.05.19 09:42:21.170,0.79205,0.79215,1.00,1.00
2016.05.19 09:42:21.476,0.79194,0.79206,1.00,1.10
2016.05.19 09:42:21.527,0.79195,0.79205,1.00,1.19
2016.05.19 09:42:21.732,0.79193,0.79205,1.87,1.19
2016.05.19 09:42:21.943,0.792,0.79205,1.00,1.19
2016.05.19 09:42:21.994,0.792,0.79208,1.00,1.19
2016.05.19 09:42:22.096,0.792,0.79212,1.00,1.50
2016.05.19 09:42:22.148,0.79202,0.79213,1.00,1.25
2016.05.19 09:42:22.455,0.79193,0.79205,1.00,1.25
2016.05.19 09:42:23.638,0.79193,0.79204,1.00,1.00
2016.05.19 09:42:23.740,0.79191,0.79203,1.00,1.25
2016.05.19 09:42:23.842,0.79189,0.79195,1.00,1.19
2016.05.19 09:42:24.189,0.79191,0.79196,1.00,1.19
2016.05.19 09:42:24.292,0.79198,0.79204,1.00,1.25
2016.05.19 09:42:24.394,0.792,0.79209,1.00,1.19
2016.05.19 09:42:24.496,0.79201,0.79212,1.00,1.69
2016.05.19 09:42:24.750,0.79203,0.79212,1.00,1.25
2016.05.19 09:42:25.122,0.79204,0.79208,1.00,1.00
2016.05.19 09:42:25.427,0.79209,0.79217,2.25,3.19
2016.05.19 09:42:25.479,0.79209,0.79217,3.75,1.37
2016.05.19 09:42:25.581,0.79209,0.79217,4.00,1.37
2016.05.19 09:42:25.937,0.79203,0.79209,6.75,1.00
2016.05.19 09:42:25.989,0.79205,0.79213,4.87,1.57
2016.05.19 09:42:26.244,0.79206,0.79213,3.00,1.25
2016.05.19 09:42:26.600,0.79208,0.79217,1.50,2.00
2016.05.19 09:42:26.652,0.7921,0.79217,1.50,1.55
2016.05.19 09:42:26.754,0.7921,0.79219,3.75,1.00
2016.05.19 09:42:26.805,0.7921,0.79217,3.37,1.00
2016.05.19 09:42:26.856,0.79208,0.79217,2.32,1.25
2016.05.19 09:42:27.368,0.79208,0.7922,2.57,1.19
2016.05.19 09:42:27.571,0.79209,0.79221,1.39,1.00
2016.05.19 09:42:27.727,0.79207,0.79223,1.12,2.44
2016.05.19 09:42:27.833,0.79207,0.79222,1.31,2.06
2016.05.19 09:42:27.935,0.79207,0.79221,1.19,1.20
2016.05.19 09:42:28.359,0.79202,0.79212,1.00,1.19
2016.05.19 09:42:28.666,0.79202,0.79207,1.00,2.62
2016.05.19 09:42:28.769,0.79202,0.7921,1.00,3.56
2016.05.19 09:42:28.973,0.79197,0.79212,1.31,3.56
2016.05.19 09:42:29.427,0.79195,0.79209,1.19,2.62
2016.05.19 09:42:29.681,0.79197,0.7921,1.50,1.29
2016.05.19 09:42:29.784,0.79196,0.79212,1.75,5.81
2016.05.19 09:42:30.090,0.79196,0.79209,1.31,1.56
2016.05.19 09:42:30.432,0.79197,0.79209,1.00,1.56
2016.05.19 09:42:30.971,0.79198,0.79209,1.00,1.69
2016.05.19 09:42:31.126,0.79195,0.79211,2.04,1.31
2016.05.19 09:42:31.228,0.79195,0.79211,2.04,1.31
2016.05.19 09:42:31.532,0.79201,0.79216,1.31,2.06
2016.05.19 09:42:31.838,0.79203,0.79217,1.12,3.19
2016.05.19 09:42:32.143,0.79203,0.79215,2.25,2.44
2016.05.19 09:42:32.474,0.79201,0.79211,4.69,2.25
2016.05.19 09:42:32.778,0.79202,0.79207,1.00,1.00
2016.05.19 09:42:32.984,0.79201,0.79217,2.44,3.26
2016.05.19 09:42:33.187,0.79202,0.79217,2.25,1.94
2016.05.19 09:42:33.693,0.79202,0.79216,2.25,1.19
2016.05.19 09:42:33.897,0.79202,0.79217,2.25,3.19
2016.05.19 09:42:33.999,0.79202,0.79213,2.25,1.00
2016.05.19 09:42:34.256,0.79202,0.79217,1.12,1.94
2016.05.19 09:42:34.459,0.79204,0.79217,1.00,1.31
2016.05.19 09:42:35.117,0.79204,0.79217,1.37,1.31
2016.05.19 09:42:35.719,0.79206,0.79217,1.37,1.19
2016.05.19 09:42:37.138,0.79203,0.79217,1.25,1.31
2016.05.19 09:42:37.647,0.79201,0.79216,4.31,1.19
2016.05.19 09:42:38.038,0.79204,0.79217,2.44,2.25
2016.05.19 09:42:38.343,0.79204,0.79215,3.19,2.25
2016.05.19 09:42:38.445,0.79204,0.79212,3.56,1.00
2016.05.19 09:42:38.648,0.79205,0.79213,1.19,1.00
2016.05.19 09:42:39.183,0.79204,0.79214,2.81,1.00
2016.05.19 09:42:39.235,0.79204,0.79217,2.81,2.25
2016.05.19 09:42:39.592,0.79204,0.79216,1.19,1.12
2016.05.19 09:42:39.693,0.79204,0.79216,1.19,1.00
2016.05.19 09:42:39.846,0.79204,0.79218,1.19,3.00
2016.05.19 09:42:40.399,0.79205,0.79219,1.19,3.19
2016.05.19 09:42:40.856,0.79208,0.79218,1.00,2.25
2016.05.19 09:42:41.162,0.79208,0.79219,1.19,1.12
2016.05.19 09:42:41.213,0.79205,0.79217,2.44,1.00
2016.05.19 09:42:42.769,0.79205,0.79219,1.69,1.31
2016.05.19 09:42:43.227,0.79207,0.7922,1.31,1.12
2016.05.19 09:42:44.519,0.79207,0.7922,1.56,1.50
2016.05.19 09:42:45.026,0.79209,0.79223,1.19,2.44
2016.05.19 09:42:45.300,0.79207,0.79221,4.31,2.25
2016.05.19 09:42:45.721,0.79213,0.79222,1.19,2.25
2016.05.19 09:42:45.772,0.79213,0.79224,1.19,1.75
2016.05.19 09:42:45.874,0.7921,0.79221,1.19,1.37
2016.05.19 09:42:45.975,0.79209,0.79221,1.12,3.19
2016.05.19 09:42:46.077,0.79209,0.79221,1.31,1.10
2016.05.19 09:42:46.396,0.79207,0.79214,1.00,2.44
2016.05.19 09:42:46.701,0.79207,0.79213,5.25,1.31
2016.05.19 09:42:46.752,0.79208,0.79213,1.00,1.12
2016.05.19 09:42:46.803,0.79208,0.79214,1.00,2.32
2016.05.19 09:42:46.854,0.79207,0.79214,1.00,2.32
2016.05.19 09:42:47.261,0.79203,0.79212,2.25,1.01
2016.05.19 09:42:47.584,0.79202,0.79209,2.25,1.19
2016.05.19 09:42:47.737,0.79198,0.79208,1.00,1.19
2016.05.19 09:42:47.840,0.79197,0.79201,1.00,1.00
2016.05.19 09:42:48.044,0.79187,0.79196,1.19,1.00
2016.05.19 09:42:48.500,0.79182,0.79197,10.69,2.59
2016.05.19 09:42:48.806,0.79191,0.79196,1.00,1.19
2016.05.19 09:42:49.010,0.79191,0.79196,1.00,1.19
2016.05.19 09:42:49.061,0.79189,0.79196,1.00,1.19
2016.05.19 09:42:49.551,0.79191,0.79195,1.00,1.25
2016.05.19 09:42:49.907,0.79186,0.79195,1.00,1.00
2016.05.19 09:42:50.262,0.79188,0.79199,7.69,1.50
2016.05.19 09:42:50.414,0.79188,0.79202,7.69,1.00
2016.05.19 09:42:50.583,0.792,0.79213,6.75,20.44
2016.05.19 09:42:50.685,0.79195,0.79204,6.75,1.00
2016.05.19 09:42:50.889,0.79198,0.79205,1.00,2.25
2016.05.19 09:42:51.095,0.79193,0.79201,2.25,1.00
2016.05.19 09:42:51.146,0.79194,0.79198,1.00,1.00
2016.05.19 09:42:51.198,0.79194,0.79198,1.00,1.00
2016.05.19 09:42:51.503,0.79191,0.792,1.31,1.00
2016.05.19 09:42:51.723,0.79191,0.792,1.25,1.75
2016.05.19 09:42:52.030,0.79189,0.79195,1.69,1.00
2016.05.19 09:42:52.285,0.79191,0.79199,1.25,2.25
2016.05.19 09:42:53.102,0.79191,0.79199,1.69,2.25
2016.05.19 09:42:53.407,0.79187,0.79196,7.31,2.25
2016.05.19 09:42:53.510,0.79189,0.79197,2.89,2.25
2016.05.19 09:42:53.640,0.79192,0.79197,1.19,1.00
2016.05.19 09:42:53.793,0.79192,0.79202,1.19,2.25
2016.05.19 09:42:54.162,0.79192,0.79204,1.19,3.75
2016.05.19 09:42:54.241,0.79192,0.79201,1.19,1.00
2016.05.19 09:42:54.755,0.79191,0.79203,1.19,1.75
2016.05.19 09:42:55.262,0.79192,0.79202,1.25,1.12
2016.05.19 09:42:55.763,0.79193,0.79203,1.00,1.87
2016.05.19 09:42:56.198,0.7919,0.79201,2.04,1.00
2016.05.19 09:42:56.566,0.79191,0.79195,1.00,1.50
2016.05.19 09:42:57.074,0.79188,0.79192,2.44,1.00
2016.05.19 09:42:57.698,0.79189,0.79198,2.25,6.56
2016.05.19 09:42:58.207,0.79188,0.79197,2.25,5.14
2016.05.19 09:42:58.259,0.7919,0.79195,1.00,1.10
2016.05.19 09:42:58.463,0.79192,0.79198,1.00,2.06
2016.05.19 09:42:58.822,0.79186,0.79196,1.69,1.00
2016.05.19 09:42:58.873,0.79186,0.79196,1.31,2.62
2016.05.19 09:43:00.121,0.79189,0.79193,1.00,1.00
2016.05.19 09:43:00.478,0.79185,0.79195,2.06,1.75
2016.05.19 09:43:01.363,0.79182,0.79192,1.00,1.12
2016.05.19 09:43:01.871,0.79182,0.79192,1.69,1.12
2016.05.19 09:43:02.377,0.79182,0.79192,2.06,1.00
2016.05.19 09:43:02.700,0.79184,0.79193,2.25,1.00
2016.05.19 09:43:03.276,0.79185,0.79194,2.25,1.12
2016.05.19 09:43:03.708,0.79183,0.79193,3.19,1.00
2016.05.19 09:43:04.250,0.79184,0.79193,2.25,1.00
2016.05.19 09:43:04.533,0.79184,0.79195,2.25,1.00
2016.05.19 09:43:04.686,0.79186,0.79196,2.25,1.00
2016.05.19 09:43:04.788,0.79184,0.79196,4.50,1.00
2016.05.19 09:43:05.092,0.79184,0.79196,1.75,1.37
2016.05.19 09:43:05.143,0.79184,0.79196,1.37,1.50
2016.05.19 09:43:05.685,0.79184,0.79196,1.00,1.75
2016.05.19 09:43:05.838,0.79184,0.79196,1.50,1.12
2016.05.19 09:43:06.295,0.79184,0.79196,1.00,1.50
2016.05.19 09:43:06.968,0.79188,0.79198,1.25,2.25
2016.05.19 09:43:07.172,0.79186,0.79197,1.10,1.75
2016.05.19 09:43:07.681,0.79184,0.79196,1.29,1.75
2016.05.19 09:43:08.446,0.79187,0.79197,1.00,1.12
2016.05.19 09:43:08.753,0.79189,0.79198,1.00,2.25
2016.05.19 09:43:09.383,0.79188,0.79198,1.25,2.25
2016.05.19 09:43:09.689,0.7919,0.79199,1.10,2.25
2016.05.19 09:43:10.146,0.7919,0.79201,1.10,2.25
2016.05.19 09:43:10.933,0.79187,0.79194,1.57,1.00
2016.05.19 09:43:11.288,0.79184,0.79192,1.69,1.00
2016.05.19 09:43:11.784,0.7918,0.7919,2.25,1.00
2016.05.19 09:43:12.091,0.79184,0.7919,2.25,1.00
2016.05.19 09:43:12.446,0.7918,0.7919,2.44,1.00
2016.05.19 09:43:13.135,0.7918,0.79192,3.94,1.00
2016.05.19 09:43:13.441,0.79186,0.7919,1.00,1.00
2016.05.19 09:43:13.746,0.79184,0.79193,2.25,1.00
2016.05.19 09:43:14.282,0.79186,0.79194,2.25,1.00
2016.05.19 09:43:14.596,0.79182,0.79188,3.00,1.31
2016.05.19 09:43:14.648,0.79174,0.79184,1.50,1.00
2016.05.19 09:43:14.699,0.79174,0.79182,1.12,1.00
2016.05.19 09:43:14.750,0.79171,0.79182,1.19,1.00
2016.05.19 09:43:14.852,0.79171,0.7918,1.00,1.00
2016.05.19 09:43:15.005,0.79169,0.79179,1.25,1.00
2016.05.19 09:43:15.056,0.79169,0.79181,1.25,1.00
2016.05.19 09:43:15.108,0.79175,0.79185,3.37,1.30
2016.05.19 09:43:15.260,0.79177,0.79182,4.00,1.00
2016.05.19 09:43:15.415,0.79173,0.79182,2.25,1.00
2016.05.19 09:43:15.834,0.79175,0.79184,2.25,1.00
2016.05.19 09:43:15.936,0.79175,0.79184,2.25,1.00
2016.05.19 09:43:16.430,0.79175,0.79185,1.00,1.00
2016.05.19 09:43:16.711,0.79175,0.79186,1.00,2.44
2016.05.19 09:43:17.224,0.79175,0.79185,1.87,2.44
2016.05.19 09:43:17.750,0.79175,0.79187,2.06,3.19
2016.05.19 09:43:17.987,0.79175,0.79186,1.87,3.19
2016.05.19 09:43:18.447,0.79176,0.79186,1.00,1.94
2016.05.19 09:43:18.954,0.79176,0.79187,1.00,3.19
2016.05.19 09:43:19.056,0.79176,0.79185,1.00,1.25
2016.05.19 09:43:19.605,0.79175,0.79185,1.00,1.25
2016.05.19 09:43:20.108,0.79174,0.79185,1.00,1.69
2016.05.19 09:43:20.514,0.79172,0.79184,1.12,1.12
2016.05.19 09:43:20.617,0.79172,0.79182,1.00,1.00
2016.05.19 09:43:21.529,0.79172,0.79182,1.87,1.00
2016.05.19 09:43:21.834,0.79169,0.79179,1.75,1.25
2016.05.19 09:43:21.936,0.79167,0.79177,1.50,1.00
2016.05.19 09:43:22.479,0.79165,0.79177,2.70,1.12
2016.05.19 09:43:24.183,0.79168,0.79176,1.00,1.00
2016.05.19 09:43:24.545,0.79165,0.79175,1.50,1.00
2016.05.19 09:43:25.090,0.79164,0.79176,1.50,1.00
2016.05.19 09:43:25.614,0.79163,0.79175,1.75,1.00
2016.05.19 09:43:26.238,0.79165,0.79175,1.00,1.25
2016.05.19 09:43:27.298,0.79165,0.79173,1.00,1.00
2016.05.19 09:43:27.349,0.79165,0.79175,1.00,1.25
2016.05.19 09:43:30.937,0.79168,0.79177,1.00,1.69
2016.05.19 09:43:31.355,0.79176,0.7918,1.10,1.25
2016.05.19 09:43:31.660,0.79178,0.79182,1.00,6.75
2016.05.19 09:43:32.067,0.79175,0.79184,1.50,2.44
2016.05.19 09:43:32.774,0.79178,0.79186,1.00,1.94
2016.05.19 09:43:33.359,0.79177,0.79186,1.00,1.31
2016.05.19 09:43:33.811,0.79173,0.79183,1.85,1.19
2016.05.19 09:43:34.318,0.79172,0.79184,1.75,1.69
2016.05.19 09:43:34.907,0.79172,0.79184,1.75,1.69
2016.05.19 09:43:35.111,0.79175,0.79185,1.50,1.19
2016.05.19 09:43:35.986,0.79172,0.79181,1.75,1.19
2016.05.19 09:43:37.045,0.79174,0.79181,1.37,1.19
2016.05.19 09:43:37.564,0.79174,0.79181,1.00,1.19
2016.05.19 09:43:39.077,0.79172,0.79181,1.12,1.19
2016.05.19 09:43:39.652,0.79173,0.79181,1.00,1.19
2016.05.19 09:43:39.855,0.79174,0.79181,1.37,1.19
2016.05.19 09:43:40.371,0.79174,0.79181,1.12,1.19
2016.05.19 09:43:40.524,0.79174,0.79184,1.12,1.31
2016.05.19 09:43:40.983,0.79171,0.79182,1.50,1.00
2016.05.19 09:43:41.496,0.79168,0.79181,2.25,1.31
2016.05.19 09:43:41.802,0.79174,0.79181,1.00,1.31
2016.05.19 09:43:41.955,0.79175,0.79184,1.00,1.19
2016.05.19 09:43:42.159,0.79178,0.79185,1.00,1.69
2016.05.19 09:43:42.261,0.79179,0.79185,1.00,1.00
2016.05.19 09:43:42.660,0.79181,0.79185,1.00,1.00
2016.05.19 09:43:42.966,0.79186,0.79191,1.00,6.75
2016.05.19 09:43:43.069,0.79183,0.79189,3.00,1.00
2016.05.19 09:43:43.621,0.79184,0.79189,1.10,3.75
2016.05.19 09:43:44.181,0.79179,0.79187,3.52,2.50
2016.05.19 09:43:44.846,0.79182,0.7919,1.87,6.75
2016.05.19 09:43:45.298,0.7918,0.79189,6.26,2.25
2016.05.19 09:43:45.614,0.79182,0.79189,1.87,1.00
2016.05.19 09:43:45.773,0.79184,0.79193,1.00,2.25
2016.05.19 09:43:46.021,0.79185,0.79195,1.50,2.44
2016.05.19 09:43:46.382,0.7918,0.79191,3.26,1.00
2016.05.19 09:43:46.484,0.7918,0.79188,1.50,1.00
2016.05.19 09:43:46.788,0.79178,0.79187,2.25,2.06
2016.05.19 09:43:47.094,0.79169,0.79177,1.00,1.25
2016.05.19 09:43:47.362,0.79165,0.79177,1.00,1.62
2016.05.19 09:43:47.414,0.79167,0.79177,1.00,1.62
2016.05.19 09:43:47.821,0.79165,0.79176,1.00,1.25
2016.05.19 09:43:47.872,0.79164,0.79174,1.00,1.00
2016.05.19 09:43:48.179,0.79166,0.79176,1.10,1.19
2016.05.19 09:43:49.871,0.79167,0.79176,1.00,1.19
2016.05.19 09:43:50.798,0.79168,0.79176,1.00,1.19
2016.05.19 09:43:51.148,0.79174,0.79185,6.75,13.01
2016.05.19 09:43:51.423,0.79174,0.7918,6.75,1.19
2016.05.19 09:43:51.525,0.79174,0.79179,1.00,1.19
2016.05.19 09:43:51.628,0.79171,0.79177,5.25,1.19
2016.05.19 09:43:51.781,0.79166,0.79173,1.00,1.19
2016.05.19 09:43:51.833,0.79163,0.79171,1.00,1.19
2016.05.19 09:43:52.140,0.79168,0.79176,2.25,3.94
2016.05.19 09:43:52.344,0.79163,0.79171,1.75,1.19
2016.05.19 09:43:52.890,0.79161,0.79171,3.00,1.19
2016.05.19 09:43:53.144,0.79163,0.79169,1.00,1.19
2016.05.19 09:43:53.652,0.79161,0.7917,3.45,1.25
2016.05.19 09:43:53.840,0.79165,0.79174,1.50,1.19
2016.05.19 09:43:54.044,0.79165,0.79175,1.12,1.25
2016.05.19 09:43:54.551,0.79165,0.79175,1.00,1.69
2016.05.19 09:43:54.707,0.79165,0.79175,1.75,1.25
2016.05.19 09:43:55.291,0.79166,0.79175,1.00,1.25
2016.05.19 09:43:56.012,0.79165,0.79177,1.75,1.69
2016.05.19 09:43:56.637,0.7917,0.79177,1.00,1.19
2016.05.19 09:43:56.943,0.79167,0.79173,1.00,1.00
2016.05.19 09:43:57.200,0.79169,0.79173,1.00,1.00
2016.05.19 09:43:57.725,0.79168,0.79173,1.00,1.00
2016.05.19 09:43:57.928,0.79168,0.79178,1.00,2.25
2016.05.19 09:43:58.232,0.79171,0.79175,1.00,1.00
2016.05.19 09:43:58.333,0.7917,0.79181,1.10,2.25
2016.05.19 09:43:58.435,0.7917,0.79179,1.00,2.25
2016.05.19 09:43:58.610,0.79171,0.79181,1.00,2.25
2016.05.19 09:43:58.661,0.79173,0.79182,1.00,2.25
2016.05.19 09:43:59.020,0.79174,0.79181,1.19,1.00
2016.05.19 09:43:59.528,0.79174,0.79179,1.50,1.00
2016.05.19 09:43:59.580,0.79172,0.79182,1.69,2.25
2016.05.19 09:44:00.109,0.79172,0.79183,1.69,2.25
2016.05.19 09:44:00.313,0.79172,0.79183,1.25,1.75
2016.05.19 09:44:00.607,0.79172,0.79183,1.62,1.37
2016.05.19 09:44:00.773,0.79172,0.79184,2.00,1.00
2016.05.19 09:44:00.936,0.79172,0.79184,1.31,1.50
2016.05.19 09:44:01.153,0.79172,0.79183,1.25,2.25
2016.05.19 09:44:01.259,0.79172,0.79184,1.25,1.75
2016.05.19 09:44:01.361,0.79172,0.79184,1.69,1.50
2016.05.19 09:44:01.413,0.79172,0.79184,1.31,1.50
2016.05.19 09:44:01.718,0.79174,0.79184,1.00,1.00
2016.05.19 09:44:02.025,0.79176,0.79186,1.00,1.94
2016.05.19 09:44:02.554,0.79174,0.79184,1.19,1.00
2016.05.19 09:44:03.061,0.79178,0.79184,1.00,1.00
2016.05.19 09:44:03.213,0.79176,0.79184,1.50,1.00
2016.05.19 09:44:03.470,0.7918,0.79184,1.00,1.00
2016.05.19 09:44:03.979,0.79179,0.79189,1.50,2.25
2016.05.19 09:44:04.234,0.79179,0.79191,1.50,3.00
2016.05.19 09:44:05.142,0.79178,0.7919,1.50,1.75
2016.05.19 09:44:05.864,0.79176,0.79187,1.50,1.50
2016.05.19 09:44:05.915,0.79176,0.79184,1.50,1.00
2016.05.19 09:44:06.220,0.79178,0.79182,1.00,1.00
2016.05.19 09:44:06.726,0.79174,0.79183,2.25,1.25
2016.05.19 09:44:06.777,0.79172,0.79183,2.44,1.25
2016.05.19 09:44:06.828,0.79173,0.79185,2.00,1.00
2016.05.19 09:44:07.120,0.79174,0.79187,1.94,1.00
2016.05.19 09:44:07.426,0.79177,0.79189,1.31,1.12
2016.05.19 09:44:07.579,0.7918,0.79189,1.19,1.37
2016.05.19 09:44:07.682,0.79177,0.79188,1.39,1.12
2016.05.19 09:44:08.199,0.79179,0.79189,1.00,1.00
2016.05.19 09:44:08.351,0.79181,0.79191,1.00,1.00
2016.05.19 09:44:09.173,0.7918,0.79191,1.00,1.00
2016.05.19 09:44:09.685,0.79181,0.79191,1.00,1.12
2016.05.19 09:44:10.644,0.79181,0.79191,1.00,3.00
2016.05.19 09:44:10.950,0.7918,0.7919,1.00,2.25
2016.05.19 09:44:11.251,0.7918,0.79184,1.00,1.00
2016.05.19 09:44:11.844,0.79181,0.79185,1.00,1.00
2016.05.19 09:44:12.355,0.7918,0.79185,1.00,1.00
2016.05.19 09:44:12.558,0.79183,0.79187,1.00,1.00
2016.05.19 09:44:12.863,0.79186,0.79193,1.10,6.75
2016.05.19 09:44:13.273,0.79184,0.79191,1.29,2.50
2016.05.19 09:44:13.780,0.79186,0.79194,1.50,2.25
2016.05.19 09:44:14.227,0.79189,0.79194,1.19,3.75
2016.05.19 09:44:15.701,0.79186,0.79193,1.00,2.25
2016.05.19 09:44:15.803,0.79184,0.79193,1.00,2.25
2016.05.19 09:44:16.262,0.79179,0.79191,2.06,2.25
2016.05.19 09:44:16.363,0.79178,0.7919,1.37,1.37
2016.05.19 09:44:16.802,0.79179,0.7919,2.25,1.00
2016.05.19 09:44:17.352,0.79185,0.79191,1.00,1.50
2016.05.19 09:44:17.656,0.79185,0.79191,1.00,1.50
2016.05.19 09:44:18.195,0.79185,0.7919,1.00,1.00
2016.05.19 09:44:18.550,0.79186,0.79192,1.00,1.50
2016.05.19 09:44:19.069,0.79183,0.79192,2.25,1.00
2016.05.19 09:44:20.651,0.79183,0.79193,2.25,1.50
2016.05.19 09:44:21.096,0.7918,0.79193,1.12,2.25
2016.05.19 09:44:21.198,0.7918,0.79192,1.12,2.06
2016.05.19 09:44:21.502,0.79178,0.79191,1.75,1.69
2016.05.19 09:44:21.706,0.79178,0.7919,1.50,2.44
2016.05.19 09:44:21.757,0.79178,0.79187,1.00,1.19
2016.05.19 09:44:21.910,0.79176,0.79188,1.12,1.31
2016.05.19 09:44:22.281,0.79178,0.79189,1.00,2.52
2016.05.19 09:44:22.333,0.7918,0.7919,1.00,1.84
2016.05.19 09:44:22.435,0.79183,0.7919,1.00,1.75
2016.05.19 09:44:22.742,0.79189,0.79193,1.25,1.50
2016.05.19 09:44:23.091,0.79185,0.79195,10.40,6.75
2016.05.19 09:44:23.397,0.79188,0.79192,1.00,1.00
2016.05.19 09:44:23.933,0.79189,0.79193,1.00,2.25
2016.05.19 09:44:24.244,0.7919,0.79194,1.10,3.00
2016.05.19 09:44:24.552,0.79197,0.79201,1.00,6.75
2016.05.19 09:44:25.061,0.79196,0.79201,1.00,1.00
2016.05.19 09:44:25.526,0.79195,0.79199,1.25,6.75
2016.05.19 09:44:25.780,0.7919,0.79199,1.10,6.75
2016.05.19 09:44:26.584,0.79196,0.79202,1.19,6.75
2016.05.19 09:44:27.094,0.79195,0.79201,1.00,6.75
2016.05.19 09:44:27.247,0.79195,0.792,1.00,6.75
2016.05.19 09:44:27.299,0.79198,0.79202,1.00,6.75
2016.05.19 09:44:27.350,0.79197,0.79209,1.00,4.02
2016.05.19 09:44:27.401,0.79199,0.79209,1.19,1.87
2016.05.19 09:44:27.516,0.79197,0.79208,1.25,1.00
2016.05.19 09:44:28.025,0.79197,0.79207,1.25,1.00
2016.05.19 09:44:28.229,0.79196,0.79209,1.19,1.02
2016.05.19 09:44:28.652,0.79194,0.792,1.50,5.50
2016.05.19 09:44:28.856,0.79194,0.792,2.44,5.25
2016.05.19 09:44:29.008,0.79194,0.79199,1.00,1.00
2016.05.19 09:44:29.517,0.79193,0.79204,1.19,2.25
2016.05.19 09:44:29.568,0.79193,0.79204,1.25,2.25
2016.05.19 09:44:29.717,0.79193,0.79205,1.25,1.75
2016.05.19 09:44:30.128,0.79194,0.79204,1.12,1.00
2016.05.19 09:44:30.295,0.79194,0.79206,1.12,1.12
2016.05.19 09:44:30.501,0.79194,0.79204,1.00,2.25
2016.05.19 09:44:30.881,0.79199,0.79204,1.00,5.25
2016.05.19 09:44:31.186,0.79201,0.79208,1.50,6.75
2016.05.19 09:44:31.491,0.79205,0.79211,1.00,6.75
2016.05.19 09:44:31.796,0.79198,0.79208,1.50,7.00
2016.05.19 09:44:31.968,0.79209,0.79213,1.00,6.75
2016.05.19 09:44:32.172,0.79215,0.79221,1.00,1.00
2016.05.19 09:44:32.276,0.79213,0.79223,1.57,1.19
2016.05.19 09:44:32.327,0.79215,0.79223,1.00,1.19
2016.05.19 09:44:32.634,0.7921,0.79219,1.61,6.75
2016.05.19 09:44:32.997,0.79202,0.79217,16.46,6.75
2016.05.19 09:44:33.100,0.79216,0.79225,1.00,1.31
2016.05.19 09:44:33.303,0.79215,0.79226,1.25,1.37
2016.05.19 09:44:33.456,0.79218,0.79228,1.00,2.06
2016.05.19 09:44:33.507,0.79216,0.79228,1.00,1.56
2016.05.19 09:44:33.914,0.79208,0.79218,1.50,6.75
2016.05.19 09:44:34.162,0.79218,0.79228,1.00,1.19
2016.05.19 09:44:34.970,0.79216,0.79229,1.00,2.06
2016.05.19 09:44:35.294,0.79207,0.79218,2.25,3.37
2016.05.19 09:44:35.447,0.79216,0.79228,1.00,1.56
2016.05.19 09:44:35.979,0.79216,0.79228,1.00,1.19
2016.05.19 09:44:36.493,0.79213,0.79222,1.50,3.37
2016.05.19 09:44:36.819,0.7921,0.79218,2.25,2.25
2016.05.19 09:44:37.225,0.79213,0.7922,1.00,2.25
2016.05.19 09:44:37.734,0.79212,0.79221,1.00,2.25
2016.05.19 09:44:37.953,0.79212,0.79224,1.75,1.19
2016.05.19 09:44:38.216,0.79212,0.79224,3.00,1.19
2016.05.19 09:44:38.653,0.79214,0.79224,2.25,1.19
2016.05.19 09:44:38.755,0.79213,0.79224,2.25,1.19
2016.05.19 09:44:39.170,0.79212,0.79224,1.12,1.69
2016.05.19 09:44:39.703,0.79212,0.79224,1.50,1.69
2016.05.19 09:44:40.159,0.7921,0.79222,1.12,1.12
2016.05.19 09:44:40.803,0.7921,0.7922,1.12,1.00
2016.05.19 09:44:41.361,0.7921,0.7922,1.12,1.37
2016.05.19 09:44:41.680,0.79207,0.79214,1.00,1.00
2016.05.19 09:44:41.845,0.79201,0.79211,1.31,1.00
2016.05.19 09:44:42.048,0.79201,0.79209,1.19,1.00
2016.05.19 09:44:42.099,0.79201,0.79209,1.00,1.00
2016.05.19 09:44:42.150,0.79199,0.79209,1.25,1.00
2016.05.19 09:44:42.578,0.79201,0.79214,1.00,4.19
2016.05.19 09:44:42.883,0.79202,0.79215,1.19,3.19
2016.05.19 09:44:43.063,0.79203,0.79213,1.69,1.25
2016.05.19 09:44:43.167,0.79201,0.79213,1.69,1.00
2016.05.19 09:44:43.734,0.79201,0.79212,1.19,1.00
2016.05.19 09:44:45.472,0.79201,0.79214,1.69,1.31
2016.05.19 09:44:46.349,0.79201,0.79213,1.69,1.00
2016.05.19 09:44:46.857,0.79201,0.79214,1.69,1.31
2016.05.19 09:44:47.383,0.79203,0.79216,1.00,1.94
2016.05.19 09:44:47.587,0.79205,0.79215,1.00,1.69
2016.05.19 09:44:48.156,0.79204,0.79216,1.69,1.50
2016.05.19 09:44:48.543,0.79201,0.79214,1.69,1.50
2016.05.19 09:44:49.508,0.79204,0.79214,1.25,1.50
2016.05.19 09:44:49.660,0.79202,0.79215,2.44,1.12
2016.05.19 09:44:50.198,0.79202,0.79214,2.44,1.00
2016.05.19 09:44:50.737,0.792,0.79213,2.44,1.00
2016.05.19 09:44:51.606,0.79202,0.79214,1.19,1.50
2016.05.19 09:44:51.657,0.79201,0.79213,1.56,1.37
2016.05.19 09:44:52.658,0.79203,0.79212,1.19,1.12
2016.05.19 09:44:56.853,0.79205,0.79214,1.19,1.37
2016.05.19 09:44:57.359,0.79204,0.79213,1.19,1.12
2016.05.19 09:44:58.715,0.79204,0.79212,1.19,1.00
2016.05.19 09:44:59.232,0.79204,0.79211,1.19,1.00
2016.05.19 09:44:59.623,0.79204,0.79213,1.19,1.12
2016.05.19 09:45:01.348,0.79204,0.79212,1.19,1.00
2016.05.19 09:45:02.828,0.79204,0.79211,1.19,1.00
2016.05.19 09:45:03.716,0.79204,0.79212,1.19,1.00
2016.05.19 09:45:04.241,0.79204,0.79213,1.19,1.12
2016.05.19 09:45:05.495,0.79204,0.79212,1.19,1.00
2016.05.19 09:45:06.114,0.79204,0.79213,1.19,1.00
2016.05.19 09:45:07.433,0.79204,0.79214,1.19,3.00
2016.05.19 09:45:07.484,0.79204,0.79214,1.19,3.00
2016.05.19 09:45:11.331,0.79207,0.79215,1.00,2.32
2016.05.19 09:45:11.383,0.79209,0.79215,1.25,1.75
2016.05.19 09:45:11.689,0.79212,0.79216,1.25,1.00
2016.05.19 09:45:11.792,0.79212,0.79219,1.25,1.00
2016.05.19 09:45:11.893,0.79212,0.79221,1.25,1.50
2016.05.19 09:45:12.400,0.79213,0.79222,1.69,1.00
2016.05.19 09:45:12.908,0.79213,0.79222,1.69,1.00
2016.05.19 09:45:13.128,0.79213,0.79225,1.69,1.00
2016.05.19 09:45:13.773,0.79213,0.79224,1.69,1.00
2016.05.19 09:45:14.352,0.79213,0.79225,1.69,1.00
2016.05.19 09:45:15.439,0.79214,0.79224,1.12,1.00
2016.05.19 09:45:16.031,0.79212,0.79225,2.44,1.00
2016.05.19 09:45:17.208,0.79213,0.79223,1.69,1.00
2016.05.19 09:45:19.042,0.79212,0.79224,2.00,1.00
2016.05.19 09:45:19.586,0.79212,0.79225,3.19,1.10
2016.05.19 09:45:20.136,0.79213,0.79226,1.50,1.87
2016.05.19 09:45:23.211,0.79215,0.79227,1.00,2.25
2016.05.19 09:45:23.905,0.79214,0.79226,1.12,1.12
2016.05.19 09:45:24.244,0.79213,0.79223,1.62,1.00
2016.05.19 09:45:24.798,0.79212,0.79224,1.31,1.00
2016.05.19 09:45:26.486,0.79212,0.79225,2.06,1.00
2016.05.19 09:45:27.228,0.79211,0.79224,2.44,1.00
2016.05.19 09:45:27.737,0.79212,0.79223,2.06,1.00
2016.05.19 09:45:28.257,0.79213,0.79224,1.37,1.00
2016.05.19 09:45:28.758,0.79213,0.79225,1.37,1.00
2016.05.19 09:45:29.310,0.79213,0.79224,1.87,1.00
2016.05.19 09:45:29.733,0.79213,0.79226,1.69,1.12
2016.05.19 09:45:30.078,0.79213,0.79224,1.69,1.00
2016.05.19 09:45:30.535,0.79211,0.79222,1.75,1.00
2016.05.19 09:45:31.042,0.79211,0.79221,1.75,1.00
2016.05.19 09:45:32.186,0.7921,0.79222,2.44,1.00
2016.05.19 09:45:32.542,0.79215,0.79224,1.00,1.95
2016.05.19 09:45:32.593,0.79216,0.79224,1.19,1.57
2016.05.19 09:45:32.734,0.79214,0.79224,1.69,1.10
2016.05.19 09:45:33.243,0.79213,0.79223,1.69,1.00
2016.05.19 09:45:36.371,0.79215,0.79223,1.25,1.00
2016.05.19 09:45:36.922,0.79215,0.79222,1.25,1.00
2016.05.19 09:45:37.435,0.79212,0.79223,2.00,1.00
2016.05.19 09:45:38.583,0.79212,0.79221,2.00,1.00
2016.05.19 09:45:38.888,0.79211,0.79223,2.44,2.25
2016.05.19 09:45:39.413,0.79215,0.79224,1.00,1.00
2016.05.19 09:45:40.189,0.79216,0.79226,1.19,1.20
2016.05.19 09:45:40.780,0.79219,0.79228,1.00,1.20
2016.05.19 09:45:41.086,0.79223,0.79227,1.00,1.00
2016.05.19 09:45:41.390,0.79225,0.7923,1.19,1.00
2016.05.19 09:45:41.767,0.79227,0.79232,1.19,5.25
2016.05.19 09:45:42.277,0.79227,0.79232,1.00,5.25
2016.05.19 09:45:43.005,0.79226,0.7923,1.25,1.00
2016.05.19 09:45:46.423,0.79228,0.79232,1.00,5.25
2016.05.19 09:45:49.706,0.79229,0.79234,1.00,6.75
2016.05.19 09:45:50.610,0.79222,0.79231,1.69,2.25
2016.05.19 09:45:51.130,0.79227,0.79231,1.25,2.25
2016.05.19 09:45:51.181,0.79223,0.79227,1.00,1.00
2016.05.19 09:45:51.749,0.79225,0.7923,1.19,1.00
2016.05.19 09:45:52.055,0.79228,0.79235,1.69,6.75
2016.05.19 09:45:52.272,0.79229,0.79233,1.00,6.75
2016.05.19 09:45:53.598,0.79228,0.79232,1.00,5.25
2016.05.19 09:45:54.109,0.79226,0.79231,1.19,2.25
2016.05.19 09:45:54.160,0.79224,0.79229,1.19,1.00
2016.05.19 09:45:54.672,0.79223,0.79228,1.69,1.00
2016.05.19 09:45:55.490,0.79224,0.79229,1.69,1.00
2016.05.19 09:45:56.038,0.79224,0.79228,1.25,1.00
2016.05.19 09:45:57.896,0.79226,0.79231,1.19,2.25
2016.05.19 09:45:58.404,0.79225,0.79229,1.25,1.00
2016.05.19 09:46:02.990,0.79221,0.7923,1.69,1.75
2016.05.19 09:46:03.861,0.79226,0.79231,1.19,2.25
2016.05.19 09:46:04.168,0.79228,0.79233,1.19,6.75
2016.05.19 09:46:04.677,0.7923,0.79234,1.00,6.75
2016.05.19 09:46:06.829,0.79227,0.79231,1.00,2.25
2016.05.19 09:46:07.287,0.79223,0.79227,1.00,1.00
2016.05.19 09:46:07.802,0.79219,0.79228,1.00,1.75
2016.05.19 09:46:07.853,0.79221,0.79228,1.00,1.75
2016.05.19 09:46:10.032,0.7922,0.79231,1.00,4.50
2016.05.19 09:46:11.378,0.79219,0.79231,1.50,4.57
2016.05.19 09:46:12.830,0.79219,0.7923,1.50,1.50
2016.05.19 09:46:13.095,0.7922,0.7923,1.69,1.00
2016.05.19 09:46:13.350,0.79222,0.79232,1.50,1.00
2016.05.19 09:46:15.749,0.79223,0.79232,1.19,1.00
2016.05.19 09:46:16.965,0.79223,0.7923,1.19,1.00
2016.05.19 09:46:17.319,0.79223,0.79228,1.19,1.00
2016.05.19 09:46:17.370,0.79222,0.79227,1.25,1.00
2016.05.19 09:46:17.472,0.7922,0.79228,1.25,1.00
2016.05.19 09:46:17.777,0.79221,0.79226,1.00,1.00
2016.05.19 09:46:18.187,0.79219,0.79223,1.25,1.00
2016.05.19 09:46:18.238,0.79217,0.79223,1.19,1.00
2016.05.19 09:46:18.391,0.79216,0.79224,1.00,1.50
2016.05.19 09:46:18.697,0.79218,0.79224,1.25,1.00
2016.05.19 09:46:18.950,0.79218,0.79228,1.25,1.29
2016.05.19 09:46:19.416,0.79218,0.7923,1.00,1.12
2016.05.19 09:46:19.872,0.79216,0.79228,1.69,1.00
2016.05.19 09:46:20.176,0.79216,0.79224,1.00,1.00
2016.05.19 09:46:20.448,0.79217,0.79226,1.00,1.00
2016.05.19 09:46:20.804,0.7922,0.79226,1.19,1.00
2016.05.19 09:46:21.560,0.7922,0.79225,1.19,1.00
2016.05.19 09:46:22.024,0.7922,0.79227,1.19,1.00
2016.05.19 09:46:23.665,0.7922,0.79226,1.19,1.00
2016.05.19 09:46:24.211,0.79219,0.79227,1.19,1.00
2016.05.19 09:46:26.122,0.79219,0.79226,1.69,1.00
2016.05.19 09:46:26.477,0.79219,0.79228,1.69,1.00
2016.05.19 09:46:27.436,0.79219,0.79227,1.69,1.00
2016.05.19 09:46:27.487,0.79219,0.79229,1.69,1.00
2016.05.19 09:46:27.640,0.79222,0.7923,1.19,1.00
2016.05.19 09:46:28.300,0.79222,0.79231,1.19,1.00
2016.05.19 09:46:28.818,0.79222,0.7923,1.19,1.00
2016.05.19 09:46:29.355,0.79222,0.79231,1.19,1.00
2016.05.19 09:46:30.557,0.79222,0.7923,1.19,1.00
2016.05.19 09:46:30.812,0.79222,0.79233,1.19,1.00
2016.05.19 09:46:30.915,0.79226,0.79234,1.25,1.75
2016.05.19 09:46:31.426,0.79226,0.79231,1.19,1.00
2016.05.19 09:46:31.935,0.79227,0.79235,1.25,1.87
2016.05.19 09:46:32.037,0.79227,0.79235,1.25,1.87
2016.05.19 09:46:32.443,0.79227,0.79235,1.25,1.50
2016.05.19 09:46:33.319,0.79227,0.79235,1.25,1.50
2016.05.19 09:46:34.034,0.79227,0.79236,1.25,1.59
2016.05.19 09:46:35.648,0.79225,0.79234,2.81,1.00
2016.05.19 09:46:36.185,0.79226,0.79237,1.19,1.84
2016.05.19 09:46:39.283,0.79227,0.79234,1.25,1.00
2016.05.19 09:46:40.078,0.79225,0.79235,1.69,1.50
2016.05.19 09:46:40.230,0.79225,0.79233,2.44,1.00
2016.05.19 09:46:40.281,0.79225,0.79233,1.69,1.00
2016.05.19 09:46:41.884,0.79225,0.79232,1.25,1.00
2016.05.19 09:46:42.526,0.79224,0.79234,2.06,1.09
2016.05.19 09:46:43.175,0.79224,0.79234,1.69,1.84
2016.05.19 09:46:43.683,0.79224,0.79232,1.69,1.59
2016.05.19 09:46:44.049,0.79222,0.79231,1.50,1.21
2016.05.19 09:46:44.623,0.79222,0.79233,1.00,1.84
2016.05.19 09:46:46.438,0.79222,0.79233,1.00,1.21
2016.05.19 09:46:46.594,0.79222,0.79231,1.50,1.00
2016.05.19 09:46:47.117,0.7922,0.79231,2.25,1.00
2016.05.19 09:46:47.680,0.7922,0.79232,2.25,1.00
2016.05.19 09:46:47.985,0.79221,0.7923,1.12,1.00
2016.05.19 09:46:48.461,0.7922,0.79232,2.25,1.12
2016.05.19 09:46:49.071,0.7922,0.79231,1.50,1.12
2016.05.19 09:46:50.179,0.79221,0.7923,1.00,1.00
2016.05.19 09:46:50.693,0.7922,0.79231,1.00,1.87
2016.05.19 09:46:51.340,0.7922,0.7923,1.00,1.00
2016.05.19 09:46:52.797,0.7922,0.79229,1.50,1.00
2016.05.19 09:46:53.344,0.7922,0.79231,1.00,1.87
2016.05.19 09:46:53.857,0.7922,0.79231,2.44,1.50
2016.05.19 09:46:54.145,0.79222,0.79233,1.00,1.12
2016.05.19 09:46:54.246,0.79223,0.79234,1.69,2.25
2016.05.19 09:46:54.595,0.79223,0.79232,1.00,1.00
2016.05.19 09:46:55.103,0.79223,0.79233,1.00,1.00
2016.05.19 09:46:56.496,0.79223,0.79234,1.00,1.87
2016.05.19 09:46:58.236,0.79223,0.79232,1.12,1.00
2016.05.19 09:46:59.759,0.79223,0.79233,1.00,1.00
2016.05.19 09:47:00.118,0.79225,0.79235,1.12,1.50
2016.05.19 09:47:00.507,0.79228,0.79232,1.00,1.00
2016.05.19 09:47:00.559,0.79227,0.79239,1.87,1.12
2016.05.19 09:47:00.762,0.79228,0.79237,1.00,1.00
2016.05.19 09:47:01.480,0.7923,0.79237,1.00,1.00
2016.05.19 09:47:01.684,0.79231,0.79239,1.00,1.00
2016.05.19 09:47:03.083,0.7923,0.79239,1.00,1.00
2016.05.19 09:47:03.497,0.79228,0.79239,2.44,1.12
2016.05.19 09:47:04.832,0.79228,0.7924,2.06,1.12
2016.05.19 09:47:05.124,0.79229,0.7924,1.69,1.12
2016.05.19 09:47:05.659,0.79229,0.79239,1.69,1.00
2016.05.19 09:47:06.216,0.79229,0.7924,1.31,1.12
2016.05.19 09:47:06.405,0.79228,0.79239,1.69,1.00
2016.05.19 09:47:06.557,0.79228,0.79237,2.06,1.00
2016.05.19 09:47:08.600,0.79228,0.79239,1.00,1.50
2016.05.19 09:47:09.008,0.79227,0.79237,1.00,1.75
2016.05.19 09:47:09.160,0.79225,0.79237,1.50,1.75
2016.05.19 09:47:09.792,0.79226,0.79237,1.00,1.75
2016.05.19 09:47:10.046,0.79223,0.79234,1.69,1.87
2016.05.19 09:47:10.552,0.79221,0.79233,2.44,1.50
2016.05.19 09:47:10.980,0.79222,0.79233,1.25,1.75
2016.05.19 09:47:11.767,0.79223,0.79232,1.00,1.75
2016.05.19 09:47:12.271,0.79224,0.79233,1.00,1.75
2016.05.19 09:47:13.181,0.79223,0.79235,1.00,1.75
2016.05.19 09:47:14.230,0.79224,0.79236,1.00,3.00
2016.05.19 09:47:14.535,0.79226,0.79233,1.50,1.00
2016.05.19 09:47:14.687,0.79224,0.79233,1.10,1.00
2016.05.19 09:47:15.207,0.79224,0.79235,1.00,1.12
2016.05.19 09:47:15.561,0.79225,0.79237,1.50,2.25
2016.05.19 09:47:15.766,0.79225,0.79237,1.87,1.37
2016.05.19 09:47:16.166,0.79225,0.79237,1.50,3.00
2016.05.19 09:47:17.192,0.79225,0.79237,1.50,1.75
2016.05.19 09:47:17.698,0.79224,0.79236,1.31,1.50
2016.05.19 09:47:18.217,0.79224,0.79236,1.31,1.12
2016.05.19 09:47:19.311,0.79226,0.79235,1.00,1.00
2016.05.19 09:47:19.620,0.79226,0.79235,1.00,1.50
2016.05.19 09:47:20.131,0.79225,0.79236,1.00,1.75
2016.05.19 09:47:21.111,0.79227,0.79237,1.25,3.00
2016.05.19 09:47:22.065,0.79225,0.79237,1.00,3.19
2016.05.19 09:47:22.521,0.79223,0.79233,1.31,1.12
2016.05.19 09:47:23.042,0.79222,0.79234,2.44,1.50
2016.05.19 09:47:23.457,0.79222,0.79231,2.44,1.00
2016.05.19 09:47:23.964,0.79222,0.79232,1.19,1.00
2016.05.19 09:47:24.484,0.79222,0.79233,1.19,1.00
2016.05.19 09:47:27.473,0.79223,0.79232,1.69,1.00
2016.05.19 09:47:27.626,0.79223,0.79234,1.25,1.00
2016.05.19 09:47:27.677,0.79223,0.79234,1.69,1.00
2016.05.19 09:47:28.003,0.79223,0.79232,1.94,1.00
2016.05.19 09:47:28.469,0.79222,0.79234,2.81,1.12
2016.05.19 09:47:29.002,0.79222,0.79233,1.69,1.00
2016.05.19 09:47:29.104,0.79228,0.79237,1.19,1.37
2016.05.19 09:47:29.155,0.79229,0.79237,1.19,1.37
2016.05.19 09:47:29.686,0.79231,0.7924,1.00,1.25
2016.05.19 09:47:34.176,0.79231,0.79241,1.25,1.00
2016.05.19 09:47:36.887,0.79229,0.79239,1.69,1.00
2016.05.19 09:47:37.192,0.79227,0.79235,1.75,1.25
2016.05.19 09:47:37.244,0.79222,0.79232,3.19,1.00
2016.05.19 09:47:37.447,0.79221,0.79232,2.44,1.00
2016.05.19 09:47:37.956,0.79221,0.79233,2.06,1.50
2016.05.19 09:47:38.466,0.79221,0.79233,1.19,2.25
2016.05.19 09:47:39.016,0.79222,0.79234,1.19,1.75
2016.05.19 09:47:40.532,0.79225,0.79235,1.19,3.00
2016.05.19 09:47:41.877,0.79224,0.79236,1.19,3.00
2016.05.19 09:47:42.061,0.79224,0.79234,1.19,1.00
2016.05.19 09:47:44.581,0.79224,0.79235,1.19,1.00
2016.05.19 09:47:51.333,0.79224,0.79236,1.19,1.69
2016.05.19 09:47:51.908,0.79224,0.79236,1.50,1.69
2016.05.19 09:47:52.436,0.79223,0.79235,1.12,1.12
2016.05.19 09:47:52.901,0.79224,0.79234,1.37,1.00
2016.05.19 09:47:56.155,0.79222,0.79232,2.44,1.00
2016.05.19 09:47:56.662,0.7922,0.79231,2.44,1.00
2016.05.19 09:47:56.713,0.79219,0.79231,1.94,1.00
2016.05.19 09:47:58.360,0.7922,0.7923,2.00,1.00
2016.05.19 09:47:58.972,0.7922,0.79231,2.00,1.00
2016.05.19 09:47:59.489,0.7922,0.79232,2.00,1.00
2016.05.19 09:48:00.012,0.7922,0.79231,2.00,1.00
2016.05.19 09:48:00.708,0.79221,0.79231,1.12,1.00
2016.05.19 09:48:01.384,0.79221,0.79232,1.25,1.12
2016.05.19 09:48:03.034,0.79222,0.79234,1.00,1.94
2016.05.19 09:48:03.187,0.79222,0.79234,1.00,3.19
2016.05.19 09:48:03.568,0.79222,0.79232,1.00,1.00
2016.05.19 09:48:04.452,0.79222,0.79234,1.12,1.69
2016.05.19 09:48:04.807,0.79223,0.79235,1.87,1.19
2016.05.19 09:48:05.309,0.79225,0.79235,1.00,1.19
2016.05.19 09:48:05.816,0.79224,0.79236,1.50,2.81
2016.05.19 09:48:06.549,0.79225,0.79235,1.00,1.19
2016.05.19 09:48:07.077,0.79226,0.79235,1.00,1.19
2016.05.19 09:48:07.768,0.79225,0.79236,1.12,2.06
2016.05.19 09:48:08.848,0.79226,0.79236,1.00,2.06
2016.05.19 09:48:10.553,0.79225,0.79236,1.00,1.31
2016.05.19 09:48:11.802,0.79224,0.79236,1.87,2.06
2016.05.19 09:48:12.827,0.79224,0.79236,1.87,2.06
2016.05.19 09:48:13.829,0.79224,0.79236,1.50,2.06
2016.05.19 09:48:16.624,0.79224,0.79236,1.31,2.06
2016.05.19 09:48:17.219,0.79225,0.79237,1.00,1.69
2016.05.19 09:48:17.757,0.79226,0.79238,1.12,1.31
2016.05.19 09:48:19.709,0.79227,0.79236,1.00,1.25
2016.05.19 09:48:20.018,0.79229,0.79239,1.00,2.81
2016.05.19 09:48:20.567,0.79228,0.79238,1.50,1.19
2016.05.19 09:48:21.487,0.79229,0.7924,1.00,3.94
2016.05.19 09:48:22.163,0.79228,0.79234,1.00,1.00
2016.05.19 09:48:22.469,0.79225,0.7923,1.00,1.50
2016.05.19 09:48:22.673,0.79219,0.79229,1.31,1.00
2016.05.19 09:48:23.026,0.79218,0.79229,1.37,1.31
2016.05.19 09:48:23.681,0.79218,0.79229,1.00,2.06
2016.05.19 09:48:24.022,0.7922,0.79229,1.00,1.31
2016.05.19 09:48:24.522,0.79222,0.7923,1.00,2.06
2016.05.19 09:48:24.573,0.79223,0.79232,1.00,2.44
2016.05.19 09:48:24.676,0.79227,0.79231,1.00,1.25
2016.05.19 09:48:25.082,0.79228,0.79232,1.00,1.00
2016.05.19 09:48:26.552,0.79228,0.79233,1.00,1.00
2016.05.19 09:48:26.762,0.79228,0.79235,1.00,1.00
2016.05.19 09:48:27.408,0.79228,0.79238,1.00,1.25
2016.05.19 09:48:27.972,0.79229,0.79239,1.00,1.31
2016.05.19 09:48:28.227,0.79226,0.79236,1.50,1.12
2016.05.19 09:48:28.633,0.7922,0.79227,2.25,1.69
2016.05.19 09:48:28.685,0.79216,0.79226,1.75,1.69
2016.05.19 09:48:28.736,0.79215,0.79226,3.00,1.50
2016.05.19 09:48:28.787,0.79215,0.79224,3.00,1.00
2016.05.19 09:48:29.093,0.79215,0.79219,3.00,1.00
2016.05.19 09:48:29.195,0.79216,0.7922,1.00,1.00
2016.05.19 09:48:29.451,0.79211,0.79221,3.19,1.12
2016.05.19 09:48:29.787,0.79211,0.79223,3.19,1.00
2016.05.19 09:48:30.294,0.79213,0.79224,1.00,1.50
2016.05.19 09:48:30.447,0.79215,0.79223,1.00,1.12
2016.05.19 09:48:30.983,0.79216,0.79224,1.00,1.75
2016.05.19 09:48:31.538,0.79216,0.79226,1.00,2.25
2016.05.19 09:48:32.293,0.79216,0.79227,1.00,3.00
2016.05.19 09:48:32.972,0.79218,0.79228,1.00,3.00
2016.05.19 09:48:33.276,0.79219,0.79231,1.00,3.00
2016.05.19 09:48:33.379,0.79221,0.79231,1.00,3.00
2016.05.19 09:48:33.992,0.79222,0.79231,1.00,3.00
2016.05.19 09:48:34.248,0.7922,0.79231,1.25,3.00
2016.05.19 09:48:34.705,0.7922,0.79231,1.31,1.50
2016.05.19 09:48:35.242,0.7922,0.7923,1.69,1.00
2016.05.19 09:48:37.827,0.7922,0.79232,1.69,2.25
2016.05.19 09:48:38.920,0.79222,0.79232,1.00,2.25
2016.05.19 09:48:39.073,0.79222,0.79232,1.00,2.25
2016.05.19 09:48:39.603,0.7922,0.79231,1.19,1.12
2016.05.19 09:48:40.264,0.79219,0.79231,2.06,1.12
2016.05.19 09:48:40.936,0.79219,0.7923,2.06,1.00
2016.05.19 09:48:41.815,0.7922,0.79231,1.25,1.12
2016.05.19 09:48:42.329,0.79221,0.7923,1.00,1.00
2016.05.19 09:48:42.902,0.7922,0.79232,1.31,1.87
2016.05.19 09:48:43.183,0.7922,0.79232,1.31,1.87
2016.05.19 09:48:45.495,0.79219,0.79229,2.06,1.00
2016.05.19 09:48:46.150,0.79219,0.7923,2.06,1.12
2016.05.19 09:48:46.457,0.79224,0.79232,1.19,2.25
2016.05.19 09:48:46.767,0.79224,0.79232,1.19,2.25
2016.05.19 09:48:48.039,0.79224,0.79231,1.19,1.00
2016.05.19 09:48:52.909,0.79223,0.79231,1.19,1.00
2016.05.19 09:48:54.945,0.79223,0.79232,1.19,1.00
2016.05.19 09:48:55.988,0.79223,0.79231,1.19,1.00
2016.05.19 09:48:56.630,0.79223,0.7923,1.19,1.00
2016.05.19 09:48:57.177,0.79223,0.79231,1.19,1.50
2016.05.19 09:48:57.721,0.79223,0.7923,1.19,1.00
2016.05.19 09:48:58.183,0.79223,0.79232,1.19,1.00
2016.05.19 09:48:58.694,0.79223,0.79231,1.19,1.00
2016.05.19 09:48:59.001,0.79225,0.79232,1.19,1.00
2016.05.19 09:49:01.637,0.79225,0.79234,1.19,2.25
2016.05.19 09:49:01.943,0.7923,0.79235,1.69,1.00
2016.05.19 09:49:02.261,0.79232,0.79237,1.19,1.00
2016.05.19 09:49:02.312,0.79232,0.7924,1.19,1.75
2016.05.19 09:49:02.414,0.79232,0.79239,1.19,1.00
2016.05.19 09:49:03.035,0.79232,0.79241,1.19,1.12
2016.05.19 09:49:06.122,0.7923,0.79242,1.69,1.50
2016.05.19 09:49:06.528,0.7923,0.79239,2.06,1.00
2016.05.19 09:49:06.680,0.79229,0.79239,2.51,1.00
2016.05.19 09:49:13.968,0.79229,0.79238,1.29,1.00
2016.05.19 09:49:14.130,0.79226,0.79236,1.12,1.50
2016.05.19 09:49:14.435,0.7923,0.79239,1.69,1.37
2016.05.19 09:49:14.959,0.7923,0.79239,1.69,1.00
2016.05.19 09:49:16.021,0.79228,0.79238,1.31,1.00
2016.05.19 09:49:16.528,0.79228,0.79237,1.31,1.00
2016.05.19 09:49:16.894,0.79227,0.79236,2.14,1.37
2016.05.19 09:49:19.133,0.79226,0.79235,1.31,1.00
2016.05.19 09:49:21.449,0.79227,0.79238,1.10,1.96
2016.05.19 09:49:21.998,0.79227,0.79238,1.10,2.34
2016.05.19 09:49:24.025,0.79226,0.79237,1.31,1.50
2016.05.19 09:49:25.326,0.79225,0.79237,3.26,1.50
2016.05.19 09:49:25.841,0.79227,0.79236,1.10,1.00
2016.05.19 09:49:26.299,0.79228,0.79238,1.12,2.25
2016.05.19 09:49:27.105,0.7923,0.79238,1.00,1.12
2016.05.19 09:49:27.614,0.7923,0.79238,1.20,1.00
2016.05.19 09:49:28.348,0.79231,0.79238,1.12,1.00
2016.05.19 09:49:29.545,0.79233,0.79238,1.00,1.00
2016.05.19 09:49:30.049,0.79231,0.79238,1.12,1.00
2016.05.19 09:49:30.915,0.79233,0.79239,1.00,1.00
2016.05.19 09:49:31.228,0.79235,0.7924,1.19,1.12
2016.05.19 09:49:31.431,0.79231,0.79242,1.09,1.75
2016.05.19 09:49:31.533,0.79235,0.79242,1.19,1.75
2016.05.19 09:49:31.787,0.79232,0.79242,1.01,2.25
2016.05.19 09:49:32.244,0.79234,0.79242,1.00,2.00
2016.05.19 09:49:32.557,0.79236,0.79243,1.00,1.00
2016.05.19 09:49:32.862,0.79237,0.79244,1.19,1.12
2016.05.19 09:49:33.166,0.79237,0.79246,1.19,3.00
2016.05.19 09:49:34.158,0.79236,0.79246,1.25,2.25
2016.05.19 09:49:34.310,0.79238,0.79246,1.00,2.25
2016.05.19 09:49:34.565,0.79238,0.79248,1.00,2.25
2016.05.19 09:49:34.892,0.79238,0.79249,1.00,1.50
2016.05.19 09:49:35.045,0.79238,0.79249,1.00,1.50
2016.05.19 09:49:35.322,0.79238,0.79249,1.00,1.50
2016.05.19 09:49:35.525,0.79238,0.79249,1.00,1.75
2016.05.19 09:49:36.050,0.79238,0.79248,1.00,1.00
2016.05.19 09:49:36.568,0.79238,0.79249,1.10,1.75
2016.05.19 09:49:37.428,0.79238,0.79249,1.10,1.75
2016.05.19 09:49:37.945,0.79238,0.79249,1.10,1.50
2016.05.19 09:49:39.231,0.79239,0.7925,1.00,2.44
2016.05.19 09:49:40.271,0.7924,0.7925,1.00,2.44
2016.05.19 09:49:40.881,0.7924,0.7925,1.00,1.69
2016.05.19 09:49:42.179,0.79239,0.7925,1.12,1.62
2016.05.19 09:49:44.851,0.79238,0.7925,1.50,1.69
2016.05.19 09:49:46.681,0.79239,0.79251,1.00,1.94
2016.05.19 09:49:47.984,0.79239,0.79251,1.00,1.69
2016.05.19 09:49:49.896,0.7924,0.7925,1.00,1.69
2016.05.19 09:49:51.692,0.79239,0.79251,1.00,2.06
2016.05.19 09:49:54.242,0.79238,0.7925,1.12,1.31
2016.05.19 09:49:54.546,0.7924,0.79249,1.00,1.00
2016.05.19 09:49:56.541,0.79239,0.79251,1.00,1.69
2016.05.19 09:49:57.961,0.7924,0.79251,1.00,1.69
2016.05.19 09:49:58.624,0.79239,0.7925,1.10,1.31
2016.05.19 09:49:59.496,0.79239,0.7925,1.10,1.62
2016.05.19 09:50:03.449,0.7924,0.79251,1.00,1.94
2016.05.19 09:50:03.905,0.79241,0.7925,1.12,1.69
2016.05.19 09:50:04.498,0.79241,0.7925,1.12,1.69
2016.05.19 09:50:06.993,0.79241,0.79251,1.00,1.56
2016.05.19 09:50:09.553,0.7924,0.7925,1.00,1.25
2016.05.19 09:50:10.744,0.79241,0.7925,1.00,1.25
2016.05.19 09:50:11.356,0.7924,0.7925,1.00,1.25
2016.05.19 09:50:13.326,0.7924,0.79251,1.10,1.94
2016.05.19 09:50:15.519,0.79239,0.79251,1.87,1.94
2016.05.19 09:50:16.028,0.7924,0.7925,1.00,1.25
2016.05.19 09:50:17.791,0.79239,0.7925,1.50,1.25
2016.05.19 09:50:19.033,0.7924,0.7925,1.00,1.25
2016.05.19 09:50:20.764,0.79239,0.7925,1.12,1.25
2016.05.19 09:50:22.631,0.7924,0.7925,1.00,1.25
2016.05.19 09:50:23.139,0.79239,0.7925,1.00,1.25
2016.05.19 09:50:23.838,0.79239,0.79249,1.00,1.00
2016.05.19 09:50:25.243,0.79241,0.79249,1.00,1.12
2016.05.19 09:50:26.218,0.7924,0.79249,1.00,1.87
2016.05.19 09:50:27.599,0.79238,0.79249,1.30,1.87
2016.05.19 09:50:29.682,0.79238,0.79248,1.40,1.00
2016.05.19 09:50:30.189,0.79238,0.79249,1.12,2.44
2016.05.19 09:50:35.290,0.79236,0.79247,2.23,1.00
2016.05.19 09:50:35.544,0.79236,0.79247,1.31,1.00
2016.05.19 09:50:35.697,0.79235,0.79246,2.53,1.12
2016.05.19 09:50:36.230,0.79235,0.79244,1.77,1.00
2016.05.19 09:50:36.757,0.79235,0.79245,1.19,1.10
2016.05.19 09:50:37.264,0.79235,0.79244,1.19,1.10
2016.05.19 09:50:37.941,0.79235,0.79239,1.31,1.00
2016.05.19 09:50:38.042,0.79227,0.79234,1.00,1.50
2016.05.19 09:50:38.094,0.7923,0.79235,1.19,1.50
2016.05.19 09:50:38.195,0.79226,0.79232,1.19,1.00
2016.05.19 09:50:38.247,0.79226,0.7923,1.25,1.00
2016.05.19 09:50:38.597,0.79226,0.79233,1.94,1.00
2016.05.19 09:50:38.700,0.79226,0.79231,1.19,1.00
2016.05.19 09:50:39.635,0.79226,0.7923,1.25,1.00
2016.05.19 09:50:42.926,0.79228,0.79234,1.19,3.07
2016.05.19 09:50:43.181,0.79226,0.79233,1.25,1.75
2016.05.19 09:50:43.283,0.79226,0.79233,1.19,1.37
2016.05.19 09:50:43.840,0.79225,0.79232,1.19,1.12
2016.05.19 09:50:44.095,0.79225,0.79232,1.19,1.75
2016.05.19 09:50:45.717,0.79222,0.79231,1.19,1.87
2016.05.19 09:50:45.819,0.79222,0.79227,1.19,1.00
2016.05.19 09:50:45.921,0.79218,0.79224,1.31,1.00
2016.05.19 09:50:46.030,0.79216,0.79224,2.00,1.10
2016.05.19 09:50:46.082,0.79214,0.79222,3.19,1.12
2016.05.19 09:50:46.184,0.79216,0.7922,1.25,1.00
2016.05.19 09:50:46.693,0.79216,0.7922,1.00,1.00
2016.05.19 09:50:47.234,0.79213,0.7922,1.19,1.12
2016.05.19 09:50:47.739,0.79213,0.79219,1.19,1.00
2016.05.19 09:50:48.662,0.79216,0.79221,1.19,1.57
2016.05.19 09:50:48.925,0.79216,0.79223,1.19,1.50
2016.05.19 09:50:49.475,0.79216,0.79223,1.19,1.87
2016.05.19 09:50:50.949,0.79219,0.79226,1.00,2.25
2016.05.19 09:50:51.254,0.79221,0.7923,1.00,2.25
2016.05.19 09:50:51.634,0.79222,0.79231,1.00,1.75
2016.05.19 09:50:52.005,0.79222,0.79231,1.00,1.12
2016.05.19 09:50:52.056,0.79224,0.79231,1.19,1.12
2016.05.19 09:50:58.584,0.79225,0.79233,1.19,1.50
2016.05.19 09:50:58.889,0.79225,0.79233,1.19,1.00
2016.05.19 09:50:59.418,0.79225,0.79232,1.19,1.00
2016.05.19 09:51:00.278,0.79225,0.79233,1.19,1.00
2016.05.19 09:51:00.430,0.79221,0.7923,1.69,1.00
2016.05.19 09:51:00.481,0.79221,0.79228,1.69,1.00
2016.05.19 09:51:01.029,0.79221,0.79227,1.19,1.00
2016.05.19 09:51:01.753,0.79218,0.79227,1.19,1.50
2016.05.19 09:51:04.025,0.79218,0.79227,1.19,1.50
2016.05.19 09:51:05.590,0.79218,0.79227,1.19,1.50
2016.05.19 09:51:06.428,0.79219,0.79228,1.25,1.57
2016.05.19 09:51:08.702,0.79218,0.79226,1.19,1.00
2016.05.19 09:51:09.215,0.79218,0.79225,1.19,1.12
2016.05.19 09:51:11.754,0.79218,0.79224,1.19,1.00
2016.05.19 09:51:12.751,0.79217,0.79225,1.19,2.62
2016.05.19 09:51:14.865,0.79217,0.79224,1.19,1.00
2016.05.19 09:51:14.916,0.79217,0.79221,1.25,1.00
2016.05.19 09:51:14.967,0.79213,0.79219,1.00,1.00
2016.05.19 09:51:15.089,0.79213,0.79217,1.00,1.00
2016.05.19 09:51:15.349,0.7921,0.7922,1.19,1.12
2016.05.19 09:51:15.502,0.7921,0.79218,1.19,1.00
2016.05.19 09:51:15.707,0.79209,0.79218,1.12,1.00
2016.05.19 09:51:15.809,0.79214,0.7922,1.19,1.00
2016.05.19 09:51:16.278,0.79219,0.79224,1.19,7.50
2016.05.19 09:51:16.837,0.79213,0.79222,2.44,2.25
2016.05.19 09:51:18.241,0.79212,0.79221,3.94,2.25
2016.05.19 09:51:18.658,0.79218,0.79224,1.19,3.75
2016.05.19 09:51:19.164,0.79218,0.79227,1.69,2.25
2016.05.19 09:51:19.706,0.79219,0.79223,1.25,1.00
2016.05.19 09:51:19.859,0.79219,0.79227,1.19,1.12
2016.05.19 09:51:20.638,0.79219,0.79228,1.31,1.87
2016.05.19 09:51:21.162,0.79219,0.79227,1.19,1.50
2016.05.19 09:51:21.486,0.79219,0.79228,1.25,4.87
2016.05.19 09:51:22.134,0.79219,0.79227,1.19,1.75
2016.05.19 09:51:22.563,0.79218,0.79227,1.69,1.50
2016.05.19 09:51:22.738,0.79218,0.79228,1.69,3.37
2016.05.19 09:51:23.245,0.79219,0.79228,1.25,3.00
2016.05.19 09:51:25.011,0.79218,0.79226,1.19,1.37
2016.05.19 09:51:25.856,0.79218,0.79224,1.19,1.00
2016.05.19 09:51:29.666,0.79218,0.79228,1.69,1.50
2016.05.19 09:51:30.096,0.79218,0.79228,1.19,1.50
2016.05.19 09:51:30.300,0.79218,0.79228,1.19,1.75
2016.05.19 09:51:30.506,0.79218,0.7923,1.69,2.25
2016.05.19 09:51:30.607,0.79218,0.7923,2.44,1.87
2016.05.19 09:51:32.717,0.79221,0.7923,1.00,1.12
2016.05.19 09:51:33.246,0.7922,0.79232,1.31,1.50
2016.05.19 09:51:35.231,0.79221,0.79232,1.00,1.50
2016.05.19 09:51:35.333,0.79223,0.79234,1.25,2.25
2016.05.19 09:51:35.638,0.79227,0.79237,1.69,2.25
2016.05.19 09:51:35.690,0.79228,0.79238,1.00,1.12
2016.05.19 09:51:36.001,0.79228,0.79239,1.00,1.75
2016.05.19 09:51:36.511,0.79229,0.79238,1.00,1.50
2016.05.19 09:51:37.018,0.79229,0.79238,1.00,1.50
2016.05.19 09:51:38.711,0.79228,0.79238,1.00,1.50
2016.05.19 09:51:39.219,0.79228,0.79238,1.19,1.50
2016.05.19 09:51:39.770,0.79228,0.79236,1.19,1.00
2016.05.19 09:51:40.311,0.79228,0.79237,1.19,1.12
2016.05.19 09:51:40.870,0.79228,0.79237,1.19,1.87
2016.05.19 09:51:42.120,0.79227,0.79236,1.19,1.00
2016.05.19 09:51:42.716,0.79227,0.79235,1.19,1.00
2016.05.19 09:51:42.919,0.79225,0.79235,3.00,1.00
2016.05.19 09:51:43.454,0.79225,0.79236,2.25,1.50
2016.05.19 09:51:43.910,0.79228,0.79236,1.00,1.50
2016.05.19 09:51:47.192,0.79228,0.79235,1.00,1.00
2016.05.19 09:51:47.734,0.79228,0.79236,1.00,1.00
2016.05.19 09:51:48.747,0.79226,0.79236,1.56,1.00
2016.05.19 09:51:51.391,0.79226,0.79235,1.56,1.00
2016.05.19 09:51:51.850,0.79226,0.79237,1.56,1.12
2016.05.19 09:51:52.357,0.79226,0.79238,3.19,1.37
2016.05.19 09:51:52.899,0.79227,0.79237,1.25,1.12
2016.05.19 09:51:53.154,0.79228,0.79239,2.44,2.25
2016.05.19 09:51:53.205,0.79229,0.79239,1.31,1.87
2016.05.19 09:51:53.712,0.7923,0.79239,2.06,1.00
2016.05.19 09:51:53.763,0.7923,0.79241,1.56,1.12
2016.05.19 09:51:54.439,0.79232,0.79243,1.00,2.25
2016.05.19 09:51:54.982,0.79232,0.79243,1.19,2.25
2016.05.19 09:51:57.220,0.79234,0.79244,1.19,1.75
2016.05.19 09:51:57.543,0.79234,0.79244,1.69,1.50
2016.05.19 09:51:58.215,0.79234,0.79242,1.19,1.00
2016.05.19 09:51:59.040,0.79234,0.79243,1.19,1.00
2016.05.19 09:52:00.121,0.79234,0.79244,1.19,1.50
2016.05.19 09:52:00.172,0.79238,0.79244,1.19,1.50
2016.05.19 09:52:00.733,0.79238,0.79245,1.19,1.12
2016.05.19 09:52:01.909,0.79241,0.79246,1.19,1.50
2016.05.19 09:52:02.170,0.79237,0.79246,1.25,1.50
2016.05.19 09:52:02.591,0.79241,0.79246,1.19,1.12
2016.05.19 09:52:03.250,0.7924,0.79247,1.25,1.75
2016.05.19 09:52:03.424,0.7924,0.79246,1.19,1.00
2016.05.19 09:52:03.879,0.7924,0.79248,1.19,1.87
2016.05.19 09:52:04.387,0.79242,0.79249,1.19,1.50
2016.05.19 09:52:04.917,0.79242,0.79247,1.19,1.00
2016.05.19 09:52:05.070,0.79242,0.79247,1.19,1.00
2016.05.19 09:52:05.188,0.79242,0.79247,1.19,1.00
2016.05.19 09:52:06.010,0.79242,0.79247,1.19,1.00
2016.05.19 09:52:06.213,0.79239,0.79247,1.31,1.00
2016.05.19 09:52:07.749,0.7924,0.79247,1.19,1.00
2016.05.19 09:52:08.369,0.7924,0.79249,1.56,1.00
2016.05.19 09:52:08.420,0.79244,0.79249,1.19,1.00
2016.05.19 09:52:08.471,0.79244,0.79251,1.19,1.12
2016.05.19 09:52:08.573,0.79244,0.79248,1.25,1.00
2016.05.19 09:52:08.624,0.79242,0.79246,1.00,1.00
2016.05.19 09:52:08.676,0.79238,0.79248,1.50,1.00
2016.05.19 09:52:08.728,0.79238,0.79244,1.50,1.00
2016.05.19 09:52:09.150,0.79237,0.79245,2.25,1.25
2016.05.19 09:52:09.455,0.7924,0.79249,2.25,5.44
2016.05.19 09:52:09.760,0.79239,0.79243,1.00,1.00
2016.05.19 09:52:10.174,0.79236,0.7924,1.00,1.69
2016.05.19 09:52:10.428,0.79229,0.79235,1.00,1.00
2016.05.19 09:52:10.480,0.79229,0.79233,1.00,1.00
2016.05.19 09:52:10.785,0.79229,0.79233,1.50,1.00
2016.05.19 09:52:11.299,0.79232,0.79237,1.00,1.00
2016.05.19 09:52:11.651,0.7923,0.79234,1.00,1.00
2016.05.19 09:52:11.753,0.79229,0.79233,1.31,1.00
2016.05.19 09:52:12.260,0.79229,0.79234,1.00,1.00
2016.05.19 09:52:12.764,0.79229,0.79235,1.00,1.50
2016.05.19 09:52:12.969,0.79228,0.79237,1.19,1.50
2016.05.19 09:52:13.476,0.79226,0.79234,1.69,1.00
2016.05.19 09:52:13.891,0.79226,0.79232,1.19,1.00
2016.05.19 09:52:13.945,0.79224,0.79234,1.31,1.00
2016.05.19 09:52:14.047,0.79228,0.79235,1.19,1.12
2016.05.19 09:52:14.614,0.79228,0.79237,1.19,1.12
2016.05.19 09:52:14.817,0.79226,0.79237,1.69,1.12
2016.05.19 09:52:15.434,0.79227,0.79238,1.25,1.50
2016.05.19 09:52:15.536,0.79229,0.79238,1.00,1.50
2016.05.19 09:52:15.789,0.79227,0.79237,1.69,1.00
2016.05.19 09:52:16.144,0.79227,0.79231,1.25,1.00
2016.05.19 09:52:16.462,0.79225,0.79229,1.00,1.95
2016.05.19 09:52:16.970,0.79222,0.79231,2.25,6.75
2016.05.19 09:52:17.864,0.79226,0.79231,1.69,2.62
2016.05.19 09:52:18.119,0.79226,0.79231,1.00,1.00
2016.05.19 09:52:18.222,0.79222,0.79226,1.00,1.00
2016.05.19 09:52:18.324,0.79219,0.79225,1.00,1.37
2016.05.19 09:52:18.376,0.79218,0.79224,1.00,1.75
2016.05.19 09:52:18.785,0.79216,0.7922,1.00,1.00
2016.05.19 09:52:19.291,0.79216,0.79221,1.00,1.50
2016.05.19 09:52:20.004,0.7922,0.79228,2.25,4.57
2016.05.19 09:52:20.107,0.79219,0.79224,1.00,1.00
2016.05.19 09:52:20.260,0.79219,0.79224,4.12,1.00
2016.05.19 09:52:21.125,0.79222,0.79226,1.00,1.69
2016.05.19 09:52:21.294,0.79217,0.79225,1.00,1.50
2016.05.19 09:52:21.395,0.79217,0.79222,1.00,1.00
2016.05.19 09:52:22.158,0.7922,0.79224,1.00,1.00
2016.05.19 09:52:22.489,0.79218,0.79222,1.00,1.00
2016.05.19 09:52:22.960,0.79221,0.79225,1.00,1.50
2016.05.19 09:52:23.027,0.79221,0.79225,1.00,1.50
2016.05.19 09:52:23.129,0.79221,0.79225,1.00,1.50
2016.05.19 09:52:23.232,0.79221,0.79225,1.00,1.50
2016.05.19 09:52:23.283,0.79221,0.79228,1.75,5.89
2016.05.19 09:52:23.955,0.79211,0.79221,1.00,1.00
2016.05.19 09:52:24.012,0.79211,0.79219,1.00,1.00
2016.05.19 09:52:24.483,0.79215,0.79219,3.75,1.00
2016.05.19 09:52:25.130,0.79215,0.7922,1.87,1.00
2016.05.19 09:52:25.185,0.79217,0.79222,1.00,2.62
2016.05.19 09:52:25.687,0.79216,0.79221,1.00,1.00
2016.05.19 09:52:26.041,0.79214,0.79219,1.00,1.00
2016.05.19 09:52:26.193,0.79211,0.7922,1.19,1.75
2016.05.19 09:52:26.583,0.79211,0.7922,1.19,1.00
2016.05.19 09:52:26.634,0.79215,0.7922,1.00,1.00
2016.05.19 09:52:26.849,0.79216,0.7922,1.00,1.00
2016.05.19 09:52:26.959,0.79215,0.7922,1.00,1.00
2016.05.19 09:52:27.269,0.79213,0.7922,1.12,1.00
2016.05.19 09:52:28.073,0.79211,0.7922,2.44,1.00
2016.05.19 09:52:28.702,0.79212,0.7922,1.25,1.50
2016.05.19 09:52:29.266,0.79212,0.79219,1.69,1.50
2016.05.19 09:52:29.623,0.79212,0.7922,1.25,1.00
2016.05.19 09:52:31.364,0.79213,0.7922,1.00,1.00
2016.05.19 09:52:32.008,0.79212,0.79223,1.25,2.25
2016.05.19 09:52:32.485,0.7921,0.79217,2.81,1.00
2016.05.19 09:52:32.536,0.7921,0.79217,1.12,1.00
2016.05.19 09:52:33.337,0.79209,0.79217,1.12,1.00
2016.05.19 09:52:34.719,0.79207,0.79218,1.94,1.00
2016.05.19 09:52:35.309,0.79207,0.79218,1.69,1.00
2016.05.19 09:52:35.512,0.79207,0.79218,1.31,1.37
2016.05.19 09:52:35.818,0.79208,0.79219,1.25,2.25
2016.05.19 09:52:36.913,0.79208,0.79219,1.25,2.25
2016.05.19 09:52:37.193,0.79206,0.79214,2.06,1.00
2016.05.19 09:52:37.244,0.79206,0.79214,1.12,1.00
2016.05.19 09:52:37.450,0.79208,0.79217,1.00,1.00
2016.05.19 09:52:37.606,0.79209,0.79217,1.19,1.00
2016.05.19 09:52:38.115,0.7921,0.79218,1.25,1.12
2016.05.19 09:52:38.623,0.79211,0.79218,1.00,1.12
2016.05.19 09:52:39.616,0.79211,0.79218,1.00,1.87
2016.05.19 09:52:39.844,0.79211,0.79221,1.00,3.00
2016.05.19 09:52:39.997,0.79211,0.7922,1.00,2.25
2016.05.19 09:52:40.414,0.79213,0.79217,1.00,1.00
2016.05.19 09:52:40.668,0.79215,0.79223,1.00,2.25
2016.05.19 09:52:41.134,0.79217,0.79222,1.19,1.00
2016.05.19 09:52:42.013,0.79217,0.79222,1.19,1.00
2016.05.19 09:52:42.166,0.79217,0.79226,1.19,1.75
2016.05.19 09:52:42.268,0.79217,0.79226,1.19,1.50
2016.05.19 09:52:42.472,0.79216,0.79223,1.19,1.00
2016.05.19 09:52:42.733,0.79213,0.79222,1.31,1.00
2016.05.19 09:52:43.241,0.79211,0.79221,1.94,1.00
2016.05.19 09:52:43.444,0.79212,0.79219,2.44,1.12
2016.05.19 09:52:43.853,0.7921,0.79219,3.19,1.00
2016.05.19 09:52:44.005,0.79214,0.79218,1.00,1.00
2016.05.19 09:52:44.171,0.7921,0.79219,3.19,1.00
2016.05.19 09:52:44.817,0.79209,0.79218,2.44,1.00
2016.05.19 09:52:44.868,0.79212,0.79216,1.00,1.00
2016.05.19 09:52:45.405,0.79208,0.79217,3.19,1.00
2016.05.19 09:52:45.915,0.79208,0.79217,1.94,1.00
2016.05.19 09:52:46.441,0.79208,0.79216,1.94,1.00
2016.05.19 09:52:46.972,0.79208,0.79216,1.94,1.00
2016.05.19 09:52:47.513,0.79208,0.79216,1.31,1.00
2016.05.19 09:52:48.749,0.79208,0.79215,1.19,1.00
2016.05.19 09:52:50.549,0.79207,0.79217,1.19,1.00
2016.05.19 09:53:02.898,0.79208,0.79217,1.19,1.12
2016.05.19 09:53:03.354,0.79205,0.79216,1.31,1.00
2016.05.19 09:53:07.025,0.79205,0.79217,1.31,1.12
2016.05.19 09:53:07.153,0.79207,0.79216,1.50,1.00
2016.05.19 09:53:07.458,0.79208,0.79217,1.19,1.00
2016.05.19 09:53:07.917,0.79208,0.79219,1.19,1.12
2016.05.19 09:53:11.170,0.79208,0.79218,1.19,1.37
2016.05.19 09:53:16.388,0.79208,0.79219,1.19,1.75
2016.05.19 09:53:16.693,0.79209,0.79219,1.19,1.12
2016.05.19 09:53:16.947,0.79211,0.79222,1.19,1.75
2016.05.19 09:53:17.474,0.79211,0.7922,1.19,1.00
2016.05.19 09:53:21.756,0.79211,0.79219,1.31,1.00
2016.05.19 09:53:21.909,0.79208,0.79219,1.56,1.12
2016.05.19 09:53:22.583,0.79208,0.79217,2.06,1.00
2016.05.19 09:53:24.087,0.79208,0.79218,1.56,1.00
2016.05.19 09:53:24.593,0.79208,0.79217,1.69,1.00
2016.05.19 09:53:25.153,0.79208,0.79218,1.69,1.00
2016.05.19 09:53:25.981,0.79208,0.79217,2.44,1.00
2016.05.19 09:53:26.506,0.79208,0.79218,1.94,1.00
2016.05.19 09:53:27.075,0.79208,0.79218,1.31,1.12
2016.05.19 09:53:29.736,0.79208,0.79217,1.31,1.00
2016.05.19 09:53:29.838,0.79206,0.79216,1.00,1.00
2016.05.19 09:53:30.382,0.79205,0.79217,2.44,1.50
2016.05.19 09:53:33.026,0.79205,0.79216,1.00,1.25
2016.05.19 09:53:33.128,0.79205,0.79213,1.00,1.00
2016.05.19 09:53:33.455,0.79202,0.7921,1.50,1.00
2016.05.19 09:53:33.969,0.79199,0.79209,3.94,1.00
2016.05.19 09:53:34.141,0.79199,0.79209,1.69,1.12
2016.05.19 09:53:38.325,0.79198,0.7921,2.06,1.12
2016.05.19 09:53:38.973,0.792,0.79209,1.25,1.00
2016.05.19 09:53:39.534,0.79199,0.79211,1.69,1.50
2016.05.19 09:53:40.037,0.79201,0.7921,1.00,1.12
2016.05.19 09:53:40.557,0.79199,0.79211,1.19,2.25
2016.05.19 09:53:42.132,0.79201,0.7921,1.00,1.12
2016.05.19 09:53:43.817,0.792,0.79211,1.25,1.50
2016.05.19 09:53:44.727,0.79201,0.7921,1.00,1.12
2016.05.19 09:53:47.379,0.792,0.79211,1.25,1.50
2016.05.19 09:53:47.582,0.79203,0.79213,1.00,2.00
2016.05.19 09:53:48.088,0.79204,0.79213,1.00,1.75
2016.05.19 09:53:48.190,0.79201,0.79213,2.81,1.37
2016.05.19 09:53:48.693,0.79202,0.79211,1.12,1.00
2016.05.19 09:53:49.203,0.79199,0.79211,3.19,1.00
2016.05.19 09:53:49.731,0.79199,0.7921,3.19,1.00
2016.05.19 09:53:50.233,0.79199,0.79211,2.44,1.00
2016.05.19 09:53:50.785,0.792,0.7921,1.31,1.12
2016.05.19 09:53:51.307,0.792,0.79209,1.31,1.00
2016.05.19 09:53:52.488,0.79198,0.79209,1.50,1.25
2016.05.19 09:53:52.540,0.79197,0.79207,1.75,1.00
2016.05.19 09:53:52.794,0.79194,0.79205,2.44,1.00
2016.05.19 09:53:53.302,0.79194,0.79204,2.06,1.00
2016.05.19 09:53:53.990,0.79194,0.79203,1.56,1.00
2016.05.19 09:53:54.092,0.79192,0.79202,1.69,1.12
2016.05.19 09:53:54.194,0.79192,0.79201,1.19,1.37
2016.05.19 09:53:54.499,0.79185,0.79194,2.44,1.00
2016.05.19 09:53:54.702,0.79183,0.79193,2.44,1.00
2016.05.19 09:53:54.863,0.79181,0.79191,3.00,1.00
2016.05.19 09:53:55.119,0.79181,0.79193,2.25,1.25
2016.05.19 09:53:55.628,0.79182,0.79193,1.75,1.19
2016.05.19 09:53:55.941,0.79182,0.79193,1.12,1.12
2016.05.19 09:53:56.449,0.79182,0.79192,1.12,1.00
2016.05.19 09:53:57.277,0.79183,0.79192,1.00,1.00
2016.05.19 09:53:57.379,0.79186,0.79194,1.00,3.00
2016.05.19 09:53:57.788,0.79181,0.79192,1.25,1.75
2016.05.19 09:53:57.993,0.79182,0.79192,1.00,1.50
2016.05.19 09:53:58.044,0.79185,0.79192,1.00,1.50
2016.05.19 09:53:58.197,0.79181,0.79192,1.25,1.50
2016.05.19 09:53:58.745,0.79181,0.79192,1.25,1.00
2016.05.19 09:54:00.081,0.79182,0.79192,1.00,1.00
2016.05.19 09:54:00.661,0.79182,0.79191,1.00,1.00
2016.05.19 09:54:01.091,0.79186,0.79194,1.87,1.00
2016.05.19 09:54:01.712,0.79182,0.79192,1.00,1.37
2016.05.19 09:54:02.315,0.79181,0.79193,1.31,1.50
2016.05.19 09:54:02.583,0.79181,0.79193,1.62,1.50
2016.05.19 09:54:04.283,0.79184,0.79193,1.00,1.37
2016.05.19 09:54:04.917,0.79183,0.79194,1.12,1.50
2016.05.19 09:54:05.384,0.79183,0.79194,1.00,1.50
2016.05.19 09:54:06.493,0.79181,0.79192,1.25,1.50
2016.05.19 09:54:06.544,0.79183,0.79192,1.00,1.50
2016.05.19 09:54:07.051,0.79184,0.79194,1.00,2.00
2016.05.19 09:54:07.602,0.79185,0.79194,1.00,2.00
2016.05.19 09:54:08.678,0.79186,0.79194,1.00,2.00
2016.05.19 09:54:09.313,0.79184,0.79193,1.00,2.25
2016.05.19 09:54:09.364,0.79184,0.79193,1.00,2.25
2016.05.19 09:54:09.415,0.79184,0.79195,1.00,3.94
2016.05.19 09:54:09.922,0.79185,0.79195,1.00,2.44
2016.05.19 09:54:12.034,0.79186,0.79195,1.00,1.94
2016.05.19 09:54:12.748,0.79185,0.79196,1.00,2.44
2016.05.19 09:54:13.103,0.79183,0.79195,1.00,2.44
2016.05.19 09:54:14.763,0.79184,0.79195,1.00,2.44
2016.05.19 09:54:16.852,0.79184,0.79195,1.00,1.94
2016.05.19 09:54:17.368,0.79185,0.79194,1.00,1.69
2016.05.19 09:54:18.546,0.79184,0.79196,1.00,2.44
2016.05.19 09:54:19.059,0.79184,0.79196,1.12,2.44
2016.05.19 09:54:19.959,0.79183,0.79193,1.37,1.00
2016.05.19 09:54:20.468,0.79184,0.79196,1.12,2.52
2016.05.19 09:54:20.953,0.79184,0.79195,1.00,2.00
2016.05.19 09:54:21.156,0.79184,0.79194,1.00,1.00
2016.05.19 09:54:21.258,0.79182,0.79193,1.50,1.00
2016.05.19 09:54:21.768,0.79183,0.79194,1.00,2.51
2016.05.19 09:54:21.971,0.79183,0.79195,1.62,1.39
2016.05.19 09:54:23.595,0.79181,0.79193,2.00,1.00
2016.05.19 09:54:23.748,0.79182,0.79192,1.00,1.31
2016.05.19 09:54:24.369,0.79182,0.79191,1.12,1.00
2016.05.19 09:54:25.671,0.79182,0.79192,1.12,2.14
2016.05.19 09:54:25.975,0.79181,0.7919,1.37,1.00
2016.05.19 09:54:28.430,0.79181,0.79192,1.37,1.39
2016.05.19 09:54:28.937,0.79182,0.79194,1.37,1.56
2016.05.19 09:54:29.693,0.7918,0.79191,1.62,1.12
2016.05.19 09:54:32.331,0.79182,0.79191,1.00,1.12
2016.05.19 09:54:32.832,0.79181,0.7919,1.12,1.00
2016.05.19 09:54:32.984,0.79179,0.79189,2.25,1.69
2016.05.19 09:54:33.539,0.79177,0.79187,2.25,1.25
2016.05.19 09:54:34.137,0.79175,0.79187,3.56,1.62
2016.05.19 09:54:34.188,0.79175,0.79187,1.69,2.00
2016.05.19 09:54:34.290,0.79176,0.79187,1.00,1.25
2016.05.19 09:54:34.887,0.79176,0.79188,2.06,1.57
2016.05.19 09:54:35.564,0.79176,0.79188,2.81,1.57
2016.05.19 09:54:35.665,0.79182,0.7919,1.00,2.51
2016.05.19 09:54:36.071,0.79183,0.79188,1.50,1.00
2016.05.19 09:54:36.122,0.79185,0.79189,1.00,1.00
2016.05.19 09:54:36.389,0.79185,0.79194,1.00,1.31
2016.05.19 09:54:36.926,0.79181,0.79191,3.19,1.00
2016.05.19 09:54:37.243,0.79182,0.79191,1.25,1.00
2016.05.19 09:54:38.744,0.79182,0.79192,1.25,1.00
2016.05.19 09:54:39.513,0.79182,0.79193,1.25,1.00
2016.05.19 09:54:43.111,0.79182,0.79192,1.69,1.00
2016.05.19 09:54:45.511,0.79182,0.7919,1.25,1.00
2016.05.19 09:54:45.832,0.79173,0.79177,2.25,1.00
2016.05.19 09:54:46.090,0.79167,0.79174,1.69,1.20
2016.05.19 09:54:47.077,0.79165,0.79175,1.19,1.75
2016.05.19 09:54:47.494,0.79165,0.79175,1.19,1.12
2016.05.19 09:54:48.069,0.79165,0.79175,1.69,1.00
2016.05.19 09:54:48.428,0.79167,0.79176,1.19,1.00
2016.05.19 09:54:48.529,0.79166,0.79178,1.50,1.69
2016.05.19 09:54:48.986,0.79168,0.79178,1.00,1.50
2016.05.19 09:54:49.189,0.79168,0.79179,1.00,1.69
2016.05.19 09:54:49.703,0.79169,0.79179,1.50,1.25
2016.05.19 09:54:50.008,0.79171,0.79179,1.00,1.00
2016.05.19 09:54:50.314,0.79172,0.79182,1.00,3.00
2016.05.19 09:54:50.618,0.79172,0.79182,1.00,1.50
2016.05.19 09:54:51.137,0.79171,0.79183,1.00,2.00
2016.05.19 09:54:51.289,0.79171,0.79183,1.50,1.69
2016.05.19 09:54:53.688,0.79172,0.79183,1.00,1.69
2016.05.19 09:54:54.253,0.79174,0.79184,1.25,1.37
2016.05.19 09:54:54.712,0.79175,0.79185,1.00,1.25
2016.05.19 09:54:56.231,0.79175,0.79187,1.69,1.37
2016.05.19 09:54:56.764,0.79173,0.79185,2.44,1.00
2016.05.19 09:54:56.816,0.79174,0.79183,1.69,1.00
2016.05.19 09:54:57.469,0.79173,0.79183,1.19,1.00
2016.05.19 09:54:59.837,0.79173,0.79184,1.19,1.20
2016.05.19 09:55:00.141,0.79173,0.79185,1.19,1.95
2016.05.19 09:55:00.345,0.79175,0.79184,1.25,1.12
2016.05.19 09:55:00.859,0.79176,0.79184,1.00,1.00
2016.05.19 09:55:01.363,0.79174,0.79185,2.44,1.00
2016.05.19 09:55:01.895,0.79174,0.79185,1.69,1.00
2016.05.19 09:55:02.402,0.79174,0.79185,1.69,1.00
2016.05.19 09:55:03.730,0.79175,0.79187,1.69,1.50
2016.05.19 09:55:04.254,0.79176,0.79187,1.00,1.00
2016.05.19 09:55:04.545,0.79178,0.79188,1.00,1.69
2016.05.19 09:55:04.852,0.7918,0.7919,1.00,1.50
2016.05.19 09:55:05.158,0.79182,0.79192,1.00,1.94
2016.05.19 09:55:05.311,0.79182,0.79191,1.25,1.00
2016.05.19 09:55:05.843,0.79182,0.79192,1.25,1.00
2016.05.19 09:55:06.363,0.79182,0.79194,1.25,2.06
2016.05.19 09:55:07.537,0.79182,0.79194,1.69,1.50
2016.05.19 09:55:08.969,0.7918,0.79188,3.00,1.25
2016.05.19 09:55:09.020,0.79178,0.79182,3.37,1.00
2016.05.19 09:55:09.072,0.79172,0.79178,5.25,1.19
2016.05.19 09:55:09.123,0.79172,0.79178,1.12,1.69
2016.05.19 09:55:09.174,0.79171,0.79175,1.50,1.20
2016.05.19 09:55:09.277,0.79168,0.79174,1.50,1.20
2016.05.19 09:55:09.786,0.79165,0.79176,1.75,2.70
2016.05.19 09:55:10.325,0.79165,0.79176,1.75,1.50
2016.05.19 09:55:10.376,0.79165,0.79176,1.00,2.25
2016.05.19 09:55:10.731,0.79163,0.79174,1.31,1.37
2016.05.19 09:55:11.264,0.79162,0.79174,2.44,1.00
2016.05.19 09:55:11.805,0.79163,0.79173,1.69,1.00
2016.05.19 09:55:12.451,0.79163,0.79173,2.00,1.00
2016.05.19 09:55:12.654,0.79163,0.79175,2.00,1.00
2016.05.19 09:55:12.962,0.79163,0.79175,1.69,1.12
2016.05.19 09:55:13.233,0.79163,0.79175,1.25,1.50
2016.05.19 09:55:15.498,0.79163,0.79175,1.62,1.50
2016.05.19 09:55:15.549,0.79164,0.79175,1.00,1.50
2016.05.19 09:55:16.321,0.79164,0.79174,1.00,1.00
2016.05.19 09:55:16.424,0.79166,0.79175,1.00,1.00
2016.05.19 09:55:16.932,0.79166,0.79175,1.19,1.00
2016.05.19 09:55:17.258,0.79171,0.79176,1.19,1.00
2016.05.19 09:55:17.563,0.79169,0.79178,1.69,2.25
2016.05.19 09:55:17.868,0.79172,0.79176,1.25,1.00
2016.05.19 09:55:18.183,0.79176,0.7918,1.00,1.00
2016.05.19 09:55:18.692,0.79174,0.79184,1.69,2.25
2016.05.19 09:55:19.394,0.79174,0.79186,1.69,3.00
2016.05.19 09:55:20.084,0.79176,0.79186,1.25,1.12
2016.05.19 09:55:20.591,0.79176,0.79186,1.69,1.12
2016.05.19 09:55:21.073,0.79174,0.79183,2.44,1.00
2016.05.19 09:55:21.175,0.79174,0.79182,1.00,1.00
2016.05.19 09:55:21.683,0.79173,0.79182,1.00,1.00
2016.05.19 09:55:22.500,0.79173,0.79179,1.00,1.00
2016.05.19 09:55:22.806,0.79173,0.79177,1.00,1.00
2016.05.19 09:55:23.062,0.79166,0.79178,3.94,1.00
2016.05.19 09:55:23.281,0.79166,0.79178,2.44,1.00
2016.05.19 09:55:24.827,0.79166,0.79177,1.31,1.00
2016.05.19 09:55:25.340,0.79166,0.79176,1.19,1.00
2016.05.19 09:55:27.870,0.79166,0.79175,1.19,1.00
2016.05.19 09:55:27.921,0.79165,0.79175,1.00,1.50
2016.05.19 09:55:27.973,0.79163,0.79175,1.87,1.50
2016.05.19 09:55:28.230,0.79165,0.79175,1.19,1.00
2016.05.19 09:55:28.434,0.79167,0.79176,1.19,1.75
2016.05.19 09:55:28.941,0.79167,0.79175,1.19,1.00
2016.05.19 09:55:29.398,0.79167,0.79177,1.31,1.12
2016.05.19 09:55:29.761,0.79171,0.79181,1.19,1.87
2016.05.19 09:55:30.222,0.79172,0.79183,1.69,1.12
2016.05.19 09:55:31.364,0.79172,0.79182,1.69,1.00
2016.05.19 09:55:31.566,0.7917,0.7918,2.44,1.00
2016.05.19 09:55:31.873,0.7917,0.79177,1.50,1.00
2016.05.19 09:55:32.177,0.79168,0.79175,1.19,1.00
2016.05.19 09:55:32.228,0.79168,0.79177,1.19,1.12
2016.05.19 09:55:34.282,0.79165,0.79176,1.75,1.00
2016.05.19 09:55:34.333,0.79163,0.79174,3.19,1.00
2016.05.19 09:55:34.836,0.79165,0.79176,1.31,1.50
2016.05.19 09:55:35.445,0.79165,0.79174,1.69,1.00
2016.05.19 09:55:36.194,0.79165,0.79177,2.44,1.00
2016.05.19 09:55:36.550,0.79169,0.79179,1.00,2.25
2016.05.19 09:55:37.170,0.79168,0.7918,1.25,1.75
2016.05.19 09:55:37.891,0.79169,0.79181,1.00,1.62
2016.05.19 09:55:38.146,0.7917,0.7918,1.12,1.12
2016.05.19 09:55:38.602,0.79168,0.7918,2.00,1.00
2016.05.19 09:55:39.044,0.79168,0.7918,2.00,1.00
2016.05.19 09:55:42.305,0.79168,0.7918,2.06,1.12
2016.05.19 09:55:44.028,0.79168,0.7918,1.69,1.12
2016.05.19 09:55:46.715,0.79173,0.79184,1.69,3.90
2016.05.19 09:55:47.035,0.79178,0.79183,1.19,1.00
2016.05.19 09:55:47.137,0.79178,0.79187,1.19,1.75
2016.05.19 09:55:47.646,0.79178,0.79188,1.69,1.00
2016.05.19 09:55:49.336,0.79178,0.79189,1.69,1.12
2016.05.19 09:55:49.843,0.7918,0.79189,1.25,1.12
2016.05.19 09:55:50.355,0.7918,0.79191,1.25,1.50
2016.05.19 09:55:53.313,0.79181,0.79191,1.19,1.50
2016.05.19 09:55:54.252,0.79181,0.79192,1.19,1.50
2016.05.19 09:55:55.467,0.79181,0.79191,2.06,1.00
2016.05.19 09:55:56.027,0.79181,0.79191,1.12,1.00
2016.05.19 09:55:56.129,0.79181,0.79193,1.37,1.00
2016.05.19 09:55:56.669,0.79182,0.79194,1.50,1.00
2016.05.19 09:55:57.727,0.79188,0.79196,1.00,1.50
2016.05.19 09:55:58.055,0.7919,0.79196,1.25,1.50
2016.05.19 09:55:58.613,0.79191,0.792,1.00,2.25
2016.05.19 09:55:59.368,0.79191,0.79203,1.00,1.75
2016.05.19 09:55:59.470,0.79194,0.79205,1.00,2.25
2016.05.19 09:55:59.934,0.79194,0.79206,1.00,1.87
2016.05.19 09:56:00.519,0.79194,0.79204,1.00,1.87
2016.05.19 09:56:01.060,0.79194,0.79204,1.12,1.00
2016.05.19 09:56:01.887,0.79195,0.79205,1.00,1.12
2016.05.19 09:56:02.627,0.79196,0.79207,1.00,3.52
2016.05.19 09:56:02.678,0.79199,0.79207,1.00,2.32
2016.05.19 09:56:03.187,0.79199,0.79208,1.00,2.25
2016.05.19 09:56:03.570,0.79199,0.79209,1.00,1.12
2016.05.19 09:56:03.782,0.79199,0.79209,1.00,1.75
2016.05.19 09:56:04.319,0.79199,0.79206,1.00,1.00
2016.05.19 09:56:04.833,0.79196,0.79206,1.00,1.50
2016.05.19 09:56:05.373,0.79195,0.79206,1.50,1.00
2016.05.19 09:56:05.778,0.792,0.79206,1.00,1.00
2016.05.19 09:56:06.167,0.79198,0.79206,1.50,1.00
2016.05.19 09:56:06.793,0.79198,0.79207,1.50,1.00
2016.05.19 09:56:06.946,0.79198,0.79209,2.81,1.75
2016.05.19 09:56:07.277,0.79198,0.79209,1.75,1.00
2016.05.19 09:56:07.674,0.79198,0.7921,2.25,1.00
2016.05.19 09:56:07.826,0.79199,0.79203,1.00,1.00
2016.05.19 09:56:08.131,0.79197,0.79201,2.25,1.10
2016.05.19 09:56:08.387,0.79194,0.79203,2.25,1.10
2016.05.19 09:56:08.743,0.79194,0.79203,2.25,1.10
2016.05.19 09:56:09.251,0.79194,0.79204,3.94,1.00
2016.05.19 09:56:09.607,0.79194,0.79204,2.44,1.00
2016.05.19 09:56:09.760,0.79194,0.79199,1.69,1.00
2016.05.19 09:56:10.015,0.79187,0.79196,1.69,1.00
2016.05.19 09:56:10.066,0.79189,0.79197,1.87,1.00
2016.05.19 09:56:10.726,0.79187,0.79197,2.44,1.00
2016.05.19 09:56:11.266,0.79187,0.79199,3.94,1.00
2016.05.19 09:56:11.317,0.79188,0.79201,2.00,1.50
2016.05.19 09:56:11.571,0.79191,0.79201,1.56,1.00
2016.05.19 09:56:11.915,0.79191,0.79199,1.94,1.00
2016.05.19 09:56:12.017,0.79191,0.79199,1.19,1.75
2016.05.19 09:56:12.321,0.79191,0.79201,1.19,1.75
2016.05.19 09:56:12.575,0.79191,0.79201,2.44,2.25
2016.05.19 09:56:12.677,0.79191,0.79203,2.44,4.50
2016.05.19 09:56:12.880,0.79194,0.792,2.06,1.00
2016.05.19 09:56:13.195,0.79204,0.7921,1.19,6.75
2016.05.19 09:56:13.298,0.79208,0.79213,1.00,1.00
2016.05.19 09:56:13.349,0.79208,0.79218,1.69,1.50
2016.05.19 09:56:13.503,0.79198,0.7921,2.17,6.75
2016.05.19 09:56:13.810,0.79204,0.79214,1.87,6.37
2016.05.19 09:56:14.369,0.79208,0.79215,1.19,3.37
2016.05.19 09:56:14.421,0.79208,0.79219,1.19,1.00
2016.05.19 09:56:14.930,0.79208,0.79218,1.19,1.00
2016.05.19 09:56:15.510,0.79208,0.79219,1.19,1.00
2016.05.19 09:56:15.713,0.79209,0.79221,1.25,1.00
2016.05.19 09:56:15.968,0.79212,0.79222,1.19,1.00
2016.05.19 09:56:16.476,0.79212,0.79221,1.19,1.00
2016.05.19 09:56:16.837,0.79206,0.79216,1.12,6.75
2016.05.19 09:56:17.091,0.79207,0.79214,1.00,7.00
2016.05.19 09:56:17.562,0.79212,0.79221,1.19,1.00
2016.05.19 09:56:17.614,0.79208,0.79216,4.12,2.25
2016.05.19 09:56:18.382,0.79212,0.79216,1.00,1.00
2016.05.19 09:56:18.433,0.79212,0.79222,1.25,3.00
2016.05.19 09:56:18.716,0.79212,0.79219,1.19,1.00
2016.05.19 09:56:19.239,0.79212,0.79222,1.19,1.50
2016.05.19 09:56:19.885,0.79212,0.79222,1.19,1.75
2016.05.19 09:56:20.919,0.79212,0.79221,1.19,1.12
2016.05.19 09:56:21.843,0.79212,0.79219,1.31,1.00
2016.05.19 09:56:22.351,0.79209,0.79218,1.94,1.50
2016.05.19 09:56:23.018,0.79209,0.79218,1.69,1.00
2016.05.19 09:56:23.489,0.79209,0.79221,1.69,1.12
2016.05.19 09:56:24.100,0.79209,0.79221,1.69,1.00
2016.05.19 09:56:24.604,0.7921,0.7922,1.00,1.00
2016.05.19 09:56:25.160,0.7921,0.79221,1.00,1.12
2016.05.19 09:56:25.691,0.7921,0.7922,1.69,1.00
2016.05.19 09:56:27.455,0.7921,0.79219,1.69,1.50
2016.05.19 09:56:27.723,0.79207,0.79215,1.31,1.00
2016.05.19 09:56:27.977,0.79207,0.79213,1.25,1.00
2016.05.19 09:56:28.384,0.79207,0.79216,1.25,1.12
2016.05.19 09:56:28.435,0.79211,0.79216,1.19,1.12
2016.05.19 09:56:29.004,0.79211,0.79216,1.19,1.00
2016.05.19 09:56:29.311,0.79213,0.79218,1.69,1.00
2016.05.19 09:56:29.618,0.79215,0.7922,1.19,2.25
2016.05.19 09:56:29.982,0.79214,0.79223,1.19,2.25
2016.05.19 09:56:30.287,0.79218,0.79223,1.19,1.00
2016.05.19 09:56:30.389,0.79217,0.79222,1.69,1.00
2016.05.19 09:56:30.642,0.79218,0.79223,1.19,1.00
2016.05.19 09:56:30.846,0.79218,0.79229,1.19,2.25
2016.05.19 09:56:31.367,0.79219,0.79229,1.25,3.00
2016.05.19 09:56:31.418,0.79219,0.79231,1.25,3.00
2016.05.19 09:56:31.520,0.79221,0.79231,1.25,1.75
2016.05.19 09:56:31.673,0.79221,0.7923,1.25,1.00
2016.05.19 09:56:32.181,0.79221,0.7923,1.19,1.00
2016.05.19 09:56:32.797,0.79221,0.7923,1.25,1.00
2016.05.19 09:56:33.300,0.7922,0.79232,1.69,1.50
2016.05.19 09:56:35.123,0.79219,0.79231,2.06,1.87
2016.05.19 09:56:35.309,0.79219,0.79229,2.06,1.00
2016.05.19 09:56:35.833,0.79219,0.79231,2.06,2.62
2016.05.19 09:56:36.619,0.79219,0.7923,2.06,1.00
2016.05.19 09:56:37.697,0.79219,0.79229,1.31,1.00
2016.05.19 09:56:38.993,0.79219,0.7923,1.31,1.00
2016.05.19 09:56:41.842,0.79219,0.79228,2.06,1.00
2016.05.19 09:56:41.893,0.79219,0.7923,1.31,1.00
2016.05.19 09:56:42.973,0.79219,0.79231,2.06,1.12
2016.05.19 09:56:44.054,0.79219,0.79231,2.15,1.37
2016.05.19 09:56:45.360,0.7922,0.79229,1.31,1.00
2016.05.19 09:56:46.956,0.79219,0.7923,1.56,1.12
2016.05.19 09:56:47.008,0.79218,0.79228,1.50,1.00
2016.05.19 09:56:47.161,0.79216,0.79228,3.27,1.12
2016.05.19 09:56:47.784,0.79216,0.79226,2.52,1.00
2016.05.19 09:56:48.211,0.79216,0.79228,2.52,1.12
2016.05.19 09:56:50.949,0.79216,0.79226,1.77,1.00
2016.05.19 09:56:51.196,0.79214,0.79225,1.59,1.00
2016.05.19 09:56:51.809,0.79215,0.79227,1.25,1.50
2016.05.19 09:56:52.320,0.79215,0.79227,1.69,1.50
2016.05.19 09:56:52.975,0.79216,0.79225,1.00,1.00
2016.05.19 09:56:53.077,0.79214,0.79226,1.12,1.12
2016.05.19 09:56:53.128,0.79216,0.79225,1.00,1.00
2016.05.19 09:56:53.699,0.79216,0.79225,1.69,1.00
2016.05.19 09:56:54.207,0.79216,0.79227,1.19,1.75
2016.05.19 09:56:54.365,0.79214,0.79226,1.50,1.75
2016.05.19 09:56:54.416,0.79212,0.79222,2.62,1.12
2016.05.19 09:56:54.721,0.79211,0.79221,2.44,1.50
2016.05.19 09:56:55.241,0.79215,0.79223,1.00,1.50
2016.05.19 09:56:55.926,0.79215,0.79224,1.00,1.00
2016.05.19 09:56:56.230,0.79212,0.79224,2.44,1.37
2016.05.19 09:56:56.385,0.79212,0.79224,2.06,1.75
2016.05.19 09:56:56.786,0.79212,0.79224,2.06,1.75
2016.05.19 09:56:58.338,0.79214,0.79224,1.00,1.75
2016.05.19 09:56:58.839,0.79213,0.79225,1.25,1.75
2016.05.19 09:57:00.844,0.79214,0.79223,1.00,1.50
2016.05.19 09:57:00.895,0.79215,0.79225,1.19,1.75
2016.05.19 09:57:01.149,0.79215,0.79227,1.25,1.50
2016.05.19 09:57:01.681,0.79217,0.79226,1.00,1.12
2016.05.19 09:57:01.733,0.79215,0.79227,1.40,1.50
2016.05.19 09:57:02.241,0.79215,0.79227,1.77,1.50
2016.05.19 09:57:02.954,0.79215,0.79227,1.40,1.50
2016.05.19 09:57:03.457,0.79216,0.79228,1.00,1.75
2016.05.19 09:57:03.508,0.79217,0.79228,1.19,1.75
2016.05.19 09:57:03.863,0.7922,0.79232,1.12,1.75
2016.05.19 09:57:04.166,0.79223,0.79232,1.19,1.12
2016.05.19 09:57:05.170,0.79223,0.79233,1.19,1.00
2016.05.19 09:57:07.216,0.79223,0.79234,1.19,1.12
2016.05.19 09:57:07.822,0.79224,0.79234,1.62,1.12
2016.05.19 09:57:08.331,0.79224,0.79235,1.30,1.12
2016.05.19 09:57:08.838,0.79224,0.79234,1.40,1.00
2016.05.19 09:57:09.374,0.79223,0.79233,1.40,1.00
2016.05.19 09:57:09.881,0.79223,0.79232,1.27,1.00
2016.05.19 09:57:10.757,0.79225,0.79232,1.19,1.00
2016.05.19 09:57:10.910,0.79225,0.79235,1.19,1.00
2016.05.19 09:57:11.458,0.79225,0.79234,1.19,1.00
2016.05.19 09:57:13.539,0.79225,0.79235,1.19,1.00
2016.05.19 09:57:20.072,0.79226,0.79236,1.25,1.00
2016.05.19 09:57:20.123,0.79227,0.79231,1.25,1.00
2016.05.19 09:57:20.225,0.79223,0.7923,1.50,1.20
2016.05.19 09:57:20.276,0.79223,0.79229,1.75,1.00
2016.05.19 09:57:20.799,0.7922,0.79228,1.31,1.00
2016.05.19 09:57:21.308,0.79216,0.79227,1.19,1.12
2016.05.19 09:57:21.507,0.79216,0.79225,1.69,1.00
2016.05.19 09:57:22.026,0.79216,0.79226,1.19,1.00
2016.05.19 09:57:22.333,0.79216,0.79224,1.19,1.00
2016.05.19 09:57:22.862,0.79216,0.79224,1.19,1.37
2016.05.19 09:57:24.022,0.79216,0.79226,1.19,1.50
2016.05.19 09:57:24.657,0.79216,0.79226,1.19,1.12
2016.05.19 09:57:27.293,0.79215,0.79227,2.06,1.12
2016.05.19 09:57:29.320,0.79215,0.79225,1.31,1.00
2016.05.19 09:57:29.371,0.79214,0.79225,2.44,1.00
2016.05.19 09:57:29.575,0.79213,0.79222,1.94,1.00
2016.05.19 09:57:30.032,0.79212,0.79222,1.00,1.00
2016.05.19 09:57:30.336,0.79212,0.79223,2.44,1.00
2016.05.19 09:57:30.640,0.79212,0.79221,1.69,1.00
2016.05.19 09:57:31.695,0.79212,0.79224,1.69,2.25
2016.05.19 09:57:32.213,0.79212,0.79223,1.69,1.50
2016.05.19 09:57:32.820,0.79212,0.79223,1.69,1.12
2016.05.19 09:57:34.576,0.79217,0.79223,1.00,1.12
2016.05.19 09:57:34.730,0.7922,0.79229,1.19,1.50
2016.05.19 09:57:36.195,0.79219,0.79229,1.69,1.00
2016.05.19 09:57:36.702,0.79218,0.79229,1.69,1.12
2016.05.19 09:57:40.419,0.79218,0.79227,1.69,1.00
2016.05.19 09:57:44.420,0.7922,0.79228,1.19,1.00
2016.05.19 09:57:45.726,0.7922,0.79224,1.31,1.00
2016.05.19 09:57:46.232,0.79219,0.79223,1.00,1.00
2016.05.19 09:57:46.435,0.79215,0.79223,2.44,1.00
2016.05.19 09:57:47.337,0.79215,0.79223,2.44,1.00
2016.05.19 09:57:49.525,0.79215,0.79222,1.69,1.00
2016.05.19 09:57:50.278,0.79215,0.79224,1.69,1.12
2016.05.19 09:57:50.786,0.79217,0.79224,1.25,1.12
2016.05.19 09:57:51.093,0.79217,0.79224,1.25,1.50
2016.05.19 09:57:57.741,0.79218,0.79222,1.31,1.00
2016.05.19 09:57:58.048,0.79223,0.79231,1.25,1.75
2016.05.19 09:57:58.595,0.79224,0.79231,1.25,1.75
2016.05.19 09:57:59.063,0.79222,0.79231,1.25,2.25
2016.05.19 09:57:59.164,0.79223,0.79231,1.19,2.25
2016.05.19 09:57:59.469,0.79223,0.79229,1.25,1.50
2016.05.19 09:57:59.621,0.79221,0.79227,1.19,1.00
2016.05.19 09:58:00.362,0.79219,0.79224,1.25,1.00
2016.05.19 09:58:00.870,0.79218,0.79225,1.19,1.12
2016.05.19 09:58:01.407,0.79218,0.79224,1.19,1.00
2016.05.19 09:58:02.152,0.79218,0.79225,1.19,1.12
2016.05.19 09:58:03.256,0.79218,0.79227,1.19,2.25
2016.05.19 09:58:04.350,0.79218,0.79226,1.19,2.25
2016.05.19 09:58:04.984,0.79218,0.79226,1.19,2.25
2016.05.19 09:58:05.506,0.79218,0.79224,1.19,1.00
2016.05.19 09:58:17.116,0.79218,0.79222,1.25,1.00
2016.05.19 09:58:17.167,0.79218,0.79224,1.19,1.50
2016.05.19 09:58:17.218,0.79216,0.79224,1.25,1.50
2016.05.19 09:58:17.370,0.79216,0.79224,1.25,1.75
2016.05.19 09:58:17.611,0.79216,0.79224,1.25,1.50
2016.05.19 09:58:19.171,0.79217,0.79224,1.25,1.50
2016.05.19 09:58:21.095,0.79217,0.79226,1.25,1.96
2016.05.19 09:58:21.818,0.79217,0.79226,1.25,1.49
2016.05.19 09:58:23.760,0.79219,0.79228,1.00,1.12
2016.05.19 09:58:23.912,0.79221,0.79229,1.19,1.00
2016.05.19 09:58:24.423,0.79221,0.7923,1.31,1.12
2016.05.19 09:58:27.924,0.79221,0.79229,1.31,1.00
2016.05.19 09:58:28.027,0.7922,0.79228,1.25,1.00
2016.05.19 09:58:28.552,0.79218,0.79227,1.19,1.00
2016.05.19 09:58:30.933,0.79218,0.79228,2.06,1.21
2016.05.19 09:58:31.035,0.79221,0.79231,1.00,1.56
2016.05.19 09:58:31.340,0.79224,0.79236,1.25,3.46
2016.05.19 09:58:31.442,0.79224,0.79236,1.25,1.96
2016.05.19 09:58:31.647,0.79226,0.79236,1.25,1.96
2016.05.19 09:58:34.432,0.79227,0.79236,1.00,1.09
2016.05.19 09:58:34.584,0.79231,0.79239,1.69,1.00
2016.05.19 09:58:34.837,0.79231,0.79241,1.69,1.00
2016.05.19 09:58:35.041,0.79233,0.79241,1.19,1.50
2016.05.19 09:58:35.392,0.79233,0.79239,1.19,1.00
2016.05.19 09:58:36.448,0.79233,0.79239,1.19,1.37
2016.05.19 09:58:37.981,0.79232,0.79237,1.19,1.50
2016.05.19 09:58:38.532,0.79229,0.79237,1.19,1.00
2016.05.19 09:58:40.203,0.7923,0.79237,1.19,1.00
2016.05.19 09:58:40.676,0.7923,0.79239,1.19,1.50
2016.05.19 09:58:44.060,0.7923,0.79239,1.19,2.25
2016.05.19 09:58:44.361,0.79228,0.79239,1.31,2.25
2016.05.19 09:58:45.365,0.79228,0.79237,1.31,1.00
2016.05.19 09:58:46.217,0.79228,0.79233,1.31,1.00
2016.05.19 09:58:46.370,0.79223,0.79229,2.44,1.00
2016.05.19 09:58:46.877,0.79223,0.79228,1.19,1.00
2016.05.19 09:58:47.030,0.79219,0.79228,1.69,1.00
2016.05.19 09:58:47.891,0.79218,0.79228,1.25,1.00
2016.05.19 09:58:48.416,0.79218,0.79227,1.00,1.00
2016.05.19 09:58:48.867,0.79216,0.79227,1.56,1.37
2016.05.19 09:58:49.070,0.79216,0.79227,1.19,1.12
2016.05.19 09:58:50.266,0.79216,0.79225,1.19,1.00
2016.05.19 09:58:50.809,0.79215,0.79224,1.31,1.00
2016.05.19 09:58:51.315,0.79215,0.79225,1.19,1.50
2016.05.19 09:58:52.021,0.79215,0.79223,1.19,1.00
2016.05.19 09:58:52.072,0.79213,0.79223,1.69,1.00
2016.05.19 09:58:52.124,0.79213,0.79219,1.25,1.00
2016.05.19 09:58:52.378,0.7921,0.79218,1.69,1.00
2016.05.19 09:58:52.886,0.7921,0.79217,1.19,1.37
2016.05.19 09:58:53.813,0.79212,0.7922,1.00,2.25
2016.05.19 09:58:53.915,0.79212,0.79223,1.00,3.00
2016.05.19 09:58:54.296,0.79212,0.79223,1.69,1.75
2016.05.19 09:58:54.499,0.79212,0.79224,2.06,1.12
2016.05.19 09:58:55.485,0.79212,0.79224,1.69,1.50
2016.05.19 09:58:57.139,0.79212,0.7922,1.19,1.00
2016.05.19 09:58:57.190,0.7921,0.79222,2.51,1.00
2016.05.19 09:58:57.242,0.7921,0.79219,1.69,1.00
2016.05.19 09:58:57.546,0.79209,0.79216,1.19,1.00
2016.05.19 09:58:57.597,0.79208,0.79216,1.00,1.00
2016.05.19 09:58:57.750,0.79206,0.79215,1.00,1.00
2016.05.19 09:58:58.268,0.79206,0.79215,1.19,1.50
2016.05.19 09:58:59.778,0.79206,0.79217,1.19,1.75
2016.05.19 09:59:00.452,0.79206,0.79216,1.19,1.00
2016.05.19 09:59:01.792,0.79206,0.79215,1.19,1.37
2016.05.19 09:59:01.995,0.79203,0.79214,1.31,1.37
2016.05.19 09:59:02.520,0.79203,0.79214,1.19,1.75
2016.05.19 09:59:06.552,0.79204,0.79215,1.62,1.75
2016.05.19 09:59:06.755,0.79207,0.79216,1.25,2.25
2016.05.19 09:59:06.920,0.79207,0.79216,1.25,1.75
2016.05.19 09:59:07.614,0.79207,0.79218,1.25,1.50
2016.05.19 09:59:08.122,0.79207,0.79219,1.69,1.75
2016.05.19 09:59:08.602,0.79207,0.79219,1.69,1.50
2016.05.19 09:59:08.704,0.79209,0.79218,1.00,1.12
2016.05.19 09:59:09.251,0.79209,0.7922,1.19,1.75
2016.05.19 09:59:09.759,0.79209,0.79219,1.69,1.00
2016.05.19 09:59:10.414,0.79211,0.79219,1.00,1.00
2016.05.19 09:59:10.791,0.79214,0.79219,1.25,1.00
2016.05.19 09:59:11.146,0.79217,0.79221,1.25,1.00
2016.05.19 09:59:11.299,0.79217,0.79221,1.25,1.00
2016.05.19 09:59:12.015,0.79217,0.79223,1.25,1.37
2016.05.19 09:59:12.525,0.79217,0.79223,1.25,1.00
2016.05.19 09:59:13.028,0.79217,0.79224,1.25,1.12
2016.05.19 09:59:13.180,0.79217,0.79221,1.25,1.00
2016.05.19 09:59:13.231,0.79211,0.7922,1.50,1.00
2016.05.19 09:59:13.283,0.79211,0.79218,1.50,1.00
2016.05.19 09:59:13.638,0.7921,0.79221,2.44,1.00
2016.05.19 09:59:14.146,0.7921,0.79222,2.44,1.00
2016.05.19 09:59:14.307,0.7921,0.79222,1.69,1.75
2016.05.19 09:59:14.833,0.7921,0.79221,1.69,1.00
2016.05.19 09:59:16.041,0.7921,0.79222,1.69,1.75
2016.05.19 09:59:17.685,0.7921,0.79219,1.69,1.00
2016.05.19 09:59:18.233,0.7921,0.79218,1.19,1.00
2016.05.19 09:59:19.638,0.79212,0.79221,1.00,1.75
2016.05.19 09:59:19.944,0.79214,0.79223,1.25,3.00
2016.05.19 09:59:20.164,0.7921,0.79216,1.01,1.00
2016.05.19 09:59:20.673,0.79211,0.79216,1.00,1.00
2016.05.19 09:59:20.775,0.79211,0.79218,1.00,1.50
2016.05.19 09:59:20.877,0.79212,0.7922,1.69,1.00
2016.05.19 09:59:21.080,0.79212,0.79222,1.69,1.00
2016.05.19 09:59:21.131,0.79212,0.7922,1.69,1.00
2016.05.19 09:59:21.482,0.79213,0.7922,1.19,1.50
2016.05.19 09:59:21.850,0.79209,0.79218,1.69,2.25
2016.05.19 09:59:22.559,0.79209,0.79218,1.25,2.25
2016.05.19 09:59:22.902,0.79214,0.79219,1.19,3.75
2016.05.19 09:59:23.337,0.79214,0.79221,1.19,1.75
2016.05.19 09:59:23.541,0.79214,0.79221,1.19,1.50
2016.05.19 09:59:23.901,0.79217,0.79222,1.19,1.50
2016.05.19 09:59:24.753,0.79215,0.79221,1.19,1.00
2016.05.19 09:59:24.906,0.79217,0.79222,1.19,1.00
2016.05.19 09:59:25.225,0.79216,0.79224,1.25,3.00
2016.05.19 09:59:25.542,0.79213,0.79222,2.44,2.25
2016.05.19 09:59:25.945,0.79216,0.79224,1.25,2.25
2016.05.19 09:59:26.558,0.79217,0.79225,1.25,1.75
2016.05.19 09:59:27.975,0.79215,0.79224,1.25,1.75
2016.05.19 09:59:28.187,0.79217,0.79224,1.25,1.75
2016.05.19 09:59:28.440,0.79217,0.79224,1.25,1.50
2016.05.19 09:59:29.010,0.79214,0.79224,1.19,1.00
2016.05.19 09:59:29.555,0.79214,0.79225,1.19,1.12
2016.05.19 09:59:30.016,0.79218,0.79228,1.00,1.98
2016.05.19 09:59:30.321,0.79221,0.79227,1.19,1.00
2016.05.19 09:59:30.728,0.79218,0.79229,1.69,2.25
2016.05.19 09:59:30.831,0.79217,0.79223,1.00,3.37
2016.05.19 09:59:31.343,0.79217,0.79226,1.19,1.12
2016.05.19 09:59:31.776,0.79217,0.79228,1.19,1.12
2016.05.19 09:59:32.080,0.79221,0.7923,1.00,1.75
2016.05.19 09:59:32.442,0.79223,0.79234,1.25,1.75
2016.05.19 09:59:32.802,0.79223,0.79228,1.25,1.00
2016.05.19 09:59:32.907,0.79217,0.79226,1.69,1.00
2016.05.19 09:59:33.060,0.79222,0.79227,1.00,1.12
2016.05.19 09:59:33.730,0.79223,0.79229,1.00,1.20
2016.05.19 09:59:34.291,0.79222,0.79229,1.00,1.00
2016.05.19 09:59:34.606,0.79224,0.79233,1.00,1.50
2016.05.19 09:59:34.860,0.79223,0.79233,1.00,1.75
2016.05.19 09:59:35.164,0.79223,0.79232,1.19,1.75
2016.05.19 09:59:35.469,0.79219,0.79228,2.81,1.50
2016.05.19 09:59:36.344,0.7922,0.79227,1.62,1.00
2016.05.19 09:59:36.673,0.79223,0.79227,1.00,1.00
2016.05.19 09:59:37.077,0.79218,0.79227,3.00,1.00
2016.05.19 09:59:37.368,0.79221,0.7923,2.25,3.07
2016.05.19 09:59:38.147,0.79222,0.79226,1.00,1.00
2016.05.19 09:59:38.823,0.79223,0.79227,1.00,1.00
2016.05.19 09:59:39.142,0.79221,0.79225,1.00,1.00
2016.05.19 09:59:39.497,0.79215,0.79226,1.31,1.00
2016.05.19 09:59:40.739,0.79216,0.79225,1.31,1.00
2016.05.19 09:59:41.561,0.79217,0.79226,1.00,1.00
2016.05.19 09:59:41.999,0.79218,0.79227,2.25,1.00
2016.05.19 09:59:42.769,0.79219,0.79228,2.25,1.12
2016.05.19 09:59:43.375,0.79222,0.79226,1.00,1.00
2016.05.19 09:59:43.738,0.79219,0.79228,2.25,3.00
2016.05.19 09:59:43.891,0.79214,0.79226,3.94,1.00
2016.05.19 09:59:43.993,0.79215,0.79226,1.00,1.00
2016.05.19 09:59:44.501,0.79216,0.79227,1.50,1.00
2016.05.19 09:59:44.754,0.79218,0.79227,1.00,1.50
2016.05.19 09:59:46.111,0.79217,0.79227,1.00,1.50
2016.05.19 09:59:47.178,0.79217,0.79226,1.50,1.00
2016.05.19 09:59:47.484,0.79217,0.79223,1.00,1.00
2016.05.19 09:59:47.786,0.79216,0.7922,1.00,1.00
2016.05.19 09:59:47.889,0.7921,0.79219,2.44,1.00
2016.05.19 09:59:48.398,0.79211,0.7922,2.25,1.00
2016.05.19 09:59:50.500,0.79214,0.79218,1.00,1.00
2016.05.19 09:59:50.804,0.7921,0.79218,1.94,1.00
2016.05.19 09:59:51.209,0.7921,0.79218,1.69,1.00
2016.05.19 09:59:51.468,0.7921,0.7922,1.69,1.00
2016.05.19 09:59:52.188,0.7921,0.7922,1.19,1.50
2016.05.19 09:59:53.967,0.79213,0.79221,1.00,1.75
2016.05.19 09:59:54.220,0.79213,0.79219,1.00,1.00
2016.05.19 09:59:54.271,0.79215,0.79219,1.00,1.00
2016.05.19 09:59:55.336,0.79215,0.79223,1.00,1.75
2016.05.19 09:59:57.761,0.79213,0.79224,1.19,1.75
2016.05.19 09:59:58.117,0.7921,0.79219,1.50,1.00
2016.05.19 09:59:58.429,0.79208,0.79218,1.69,1.00
2016.05.19 09:59:58.886,0.79211,0.79221,1.19,1.75
2016.05.19 09:59:59.573,0.79211,0.7922,1.19,1.50
