2017.01.05 10:00:00.220,0.85036,0.85048,1.87,1.00
2017.01.05 10:00:00.323,0.8504,0.85051,1.00,2.25
2017.01.05 10:00:00.628,0.85036,0.85048,1.00,2.25
2017.01.05 10:00:01.026,0.85038,0.85047,1.00,1.00
2017.01.05 10:00:01.442,0.85036,0.85047,1.00,1.00
2017.01.05 10:00:01.847,0.85039,0.85048,1.00,1.00
2017.01.05 10:00:01.950,0.85039,0.85051,1.12,3.37
2017.01.05 10:00:02.164,0.85041,0.85053,1.00,4.50
2017.01.05 10:00:02.216,0.85039,0.85051,1.00,1.50
2017.01.05 10:00:02.728,0.85039,0.85051,1.00,1.75
2017.01.05 10:00:02.779,0.85041,0.85051,1.00,1.75
2017.01.05 10:00:02.831,0.85041,0.85051,1.00,1.50
2017.01.05 10:00:02.882,0.85039,0.85051,1.00,2.25
2017.01.05 10:00:03.187,0.85037,0.85049,1.50,1.00
2017.01.05 10:00:03.491,0.85036,0.85048,1.00,1.87
2017.01.05 10:00:03.845,0.85037,0.85049,1.00,2.25
2017.01.05 10:00:03.997,0.85039,0.8505,1.00,1.50
2017.01.05 10:00:04.301,0.85041,0.85051,1.00,1.00
2017.01.05 10:00:04.855,0.85041,0.85052,1.00,1.12
2017.01.05 10:00:05.159,0.85043,0.85053,1.00,1.50
2017.01.05 10:00:05.464,0.85045,0.85055,1.00,1.50
2017.01.05 10:00:05.566,0.85042,0.85053,1.00,1.00
2017.01.05 10:00:06.003,0.85044,0.85056,1.00,3.75
2017.01.05 10:00:06.360,0.85047,0.85057,1.00,2.25
2017.01.05 10:00:06.462,0.85049,0.8506,1.00,3.75
2017.01.05 10:00:06.666,0.85049,0.85061,1.00,1.50
2017.01.05 10:00:07.569,0.8505,0.85062,1.12,1.00
2017.01.05 10:00:07.620,0.85052,0.85062,1.00,1.00
2017.01.05 10:00:07.925,0.8505,0.85062,2.25,1.00
2017.01.05 10:00:09.938,0.8505,0.85061,1.87,1.00
2017.01.05 10:00:10.443,0.8505,0.85062,1.12,1.00
2017.01.05 10:00:10.967,0.85049,0.85061,1.50,1.00
2017.01.05 10:00:11.445,0.85051,0.85062,1.00,1.00
2017.01.05 10:00:11.748,0.8505,0.8506,1.00,1.00
2017.01.05 10:00:12.281,0.85048,0.8506,2.62,1.00
2017.01.05 10:00:12.586,0.85047,0.85057,1.00,1.00
2017.01.05 10:00:12.991,0.85045,0.85057,1.87,1.00
2017.01.05 10:00:13.343,0.85047,0.85059,1.12,1.50
2017.01.05 10:00:13.699,0.85045,0.85057,1.50,1.00
2017.01.05 10:00:14.208,0.85046,0.85058,1.12,1.00
2017.01.05 10:00:14.559,0.85048,0.8506,1.00,1.00
2017.01.05 10:00:14.863,0.85047,0.85057,1.12,1.00
2017.01.05 10:00:14.915,0.85045,0.85057,1.00,1.00
2017.01.05 10:00:15.118,0.85045,0.85055,1.00,1.00
2017.01.05 10:00:15.646,0.85044,0.85054,1.00,1.00
2017.01.05 10:00:15.927,0.85044,0.85056,1.00,1.50
2017.01.05 10:00:16.501,0.85044,0.85054,1.00,1.00
2017.01.05 10:00:17.108,0.85042,0.85054,1.50,1.50
2017.01.05 10:00:17.579,0.8504,0.85052,1.87,1.00
2017.01.05 10:00:17.746,0.8504,0.8505,1.00,1.00
2017.01.05 10:00:17.798,0.85038,0.8505,1.00,1.87
2017.01.05 10:00:17.900,0.8504,0.8505,1.00,1.12
2017.01.05 10:00:18.053,0.8504,0.85052,1.00,1.12
2017.01.05 10:00:18.155,0.85042,0.85052,1.00,1.12
2017.01.05 10:00:18.661,0.85041,0.85053,2.25,1.00
2017.01.05 10:00:21.172,0.85041,0.85053,1.87,1.00
2017.01.05 10:00:21.749,0.85044,0.85054,1.00,1.00
2017.01.05 10:00:21.805,0.85044,0.85056,2.25,1.00
2017.01.05 10:00:21.907,0.85043,0.85053,1.00,1.00
2017.01.05 10:00:22.261,0.85041,0.85053,1.00,1.00
2017.01.05 10:00:22.671,0.85043,0.85053,1.50,1.00
2017.01.05 10:00:23.225,0.85042,0.85052,1.87,1.00
2017.01.05 10:00:23.742,0.8504,0.85052,3.00,1.00
2017.01.05 10:00:24.075,0.8504,0.8505,2.25,1.00
2017.01.05 10:00:24.177,0.85041,0.85053,1.87,1.00
2017.01.05 10:00:24.682,0.85042,0.85052,1.12,1.00
2017.01.05 10:00:26.090,0.85042,0.85053,1.12,1.00
2017.01.05 10:00:26.982,0.85042,0.85053,2.25,1.00
2017.01.05 10:00:27.440,0.85042,0.85055,2.25,1.00
2017.01.05 10:00:27.818,0.85042,0.85053,2.62,1.00
2017.01.05 10:00:28.071,0.85042,0.85055,4.12,1.00
2017.01.05 10:00:28.326,0.85043,0.85053,2.25,1.00
2017.01.05 10:00:28.832,0.85042,0.85052,2.62,1.00
2017.01.05 10:00:29.085,0.85044,0.85056,1.00,1.00
2017.01.05 10:00:29.490,0.85046,0.85056,1.00,1.00
2017.01.05 10:00:29.794,0.85047,0.85058,1.37,1.50
2017.01.05 10:00:30.195,0.85045,0.85054,2.00,1.00
2017.01.05 10:00:30.449,0.85042,0.8505,1.25,1.00
2017.01.05 10:00:30.955,0.85042,0.85051,1.25,1.00
2017.01.05 10:00:31.411,0.85042,0.85054,1.69,1.69
2017.01.05 10:00:31.462,0.85043,0.85052,1.25,1.00
2017.01.05 10:00:31.716,0.85043,0.85054,1.25,1.00
2017.01.05 10:00:32.226,0.85041,0.85054,3.19,1.50
2017.01.05 10:00:32.278,0.8504,0.8505,1.12,1.00
2017.01.05 10:00:32.430,0.8504,0.85052,1.50,1.69
2017.01.05 10:00:32.942,0.8504,0.8505,1.12,1.00
2017.01.05 10:00:33.713,0.85044,0.85055,1.00,1.69
2017.01.05 10:00:33.814,0.85046,0.85055,1.00,1.25
2017.01.05 10:00:33.916,0.85044,0.85055,1.12,1.25
2017.01.05 10:00:34.445,0.85045,0.85055,1.00,1.25
2017.01.05 10:00:35.320,0.85046,0.85056,1.25,1.00
2017.01.05 10:00:39.928,0.85046,0.85054,1.69,1.00
2017.01.05 10:00:40.232,0.85042,0.85052,1.62,1.00
2017.01.05 10:00:40.770,0.85042,0.85051,1.25,1.00
2017.01.05 10:00:41.427,0.85039,0.85048,1.69,1.00
2017.01.05 10:00:42.446,0.85039,0.85049,1.25,1.00
2017.01.05 10:00:42.988,0.85039,0.8505,1.25,1.00
2017.01.05 10:00:43.331,0.85042,0.85051,1.00,1.69
2017.01.05 10:00:44.515,0.85042,0.85052,1.25,1.00
2017.01.05 10:00:44.984,0.8504,0.85051,1.69,1.00
2017.01.05 10:00:45.364,0.85039,0.85048,2.44,1.00
2017.01.05 10:00:47.387,0.85037,0.85046,2.06,1.00
2017.01.05 10:00:47.640,0.85038,0.85048,1.25,2.25
2017.01.05 10:00:50.028,0.85038,0.85047,1.69,1.00
2017.01.05 10:00:51.940,0.85036,0.85046,1.37,1.00
2017.01.05 10:00:51.993,0.85039,0.85046,1.25,1.00
2017.01.05 10:00:52.147,0.85039,0.85048,1.25,1.00
2017.01.05 10:00:52.350,0.85039,0.85046,1.25,1.00
2017.01.05 10:00:52.861,0.85039,0.85047,1.25,1.50
2017.01.05 10:00:54.365,0.85039,0.85049,1.25,1.87
2017.01.05 10:00:54.884,0.85038,0.85049,1.69,1.00
2017.01.05 10:00:55.412,0.85038,0.85048,1.25,1.50
2017.01.05 10:00:55.917,0.85038,0.85049,1.25,1.50
2017.01.05 10:00:56.428,0.85037,0.85047,2.62,1.25
2017.01.05 10:00:56.934,0.85036,0.85048,3.94,1.00
2017.01.05 10:00:58.470,0.85039,0.8505,1.00,1.50
2017.01.05 10:00:58.976,0.85038,0.85049,1.00,1.00
2017.01.05 10:00:59.496,0.85038,0.85048,2.25,1.00
2017.01.05 10:00:59.699,0.85037,0.85047,1.87,1.25
2017.01.05 10:00:59.750,0.85038,0.85049,1.25,1.00
2017.01.05 10:01:00.257,0.85038,0.85048,2.06,1.00
2017.01.05 10:01:00.359,0.8504,0.8505,1.50,2.44
2017.01.05 10:01:00.562,0.85038,0.8505,2.06,2.44
2017.01.05 10:01:01.080,0.85038,0.85049,2.06,1.00
2017.01.05 10:01:01.741,0.85039,0.85049,1.00,1.00
2017.01.05 10:01:03.981,0.8504,0.8505,1.00,1.69
2017.01.05 10:01:04.083,0.85043,0.85054,1.00,1.50
2017.01.05 10:01:04.438,0.85046,0.85055,1.00,1.12
2017.01.05 10:01:04.648,0.85046,0.85058,1.87,1.31
2017.01.05 10:01:05.192,0.85047,0.85058,1.12,1.25
2017.01.05 10:01:05.735,0.85047,0.85057,1.50,1.00
2017.01.05 10:01:06.762,0.85046,0.85058,2.62,1.69
2017.01.05 10:01:06.864,0.85046,0.85055,1.37,1.25
2017.01.05 10:01:07.371,0.85046,0.85056,1.12,1.00
2017.01.05 10:01:07.878,0.85045,0.85055,2.44,1.00
2017.01.05 10:01:08.182,0.85048,0.85055,1.25,1.00
2017.01.05 10:01:08.233,0.85048,0.85057,1.69,1.00
2017.01.05 10:01:08.932,0.85047,0.85057,1.00,1.25
2017.01.05 10:01:10.035,0.85047,0.85056,1.00,1.50
2017.01.05 10:01:10.187,0.85043,0.85055,1.50,1.69
2017.01.05 10:01:10.238,0.85042,0.85052,5.06,1.00
2017.01.05 10:01:10.289,0.85042,0.85052,3.19,1.00
2017.01.05 10:01:10.832,0.85043,0.85051,1.25,1.00
2017.01.05 10:01:11.323,0.85043,0.85049,1.25,1.00
2017.01.05 10:01:11.374,0.85039,0.85049,1.75,1.00
2017.01.05 10:01:11.475,0.85039,0.85048,1.12,1.00
2017.01.05 10:01:11.578,0.85037,0.85048,1.69,1.00
2017.01.05 10:01:11.730,0.85039,0.8505,1.00,1.00
2017.01.05 10:01:12.282,0.85039,0.85049,1.50,1.00
2017.01.05 10:01:13.181,0.85038,0.85048,1.12,1.00
2017.01.05 10:01:13.704,0.85038,0.85049,1.00,1.00
2017.01.05 10:01:14.024,0.8504,0.85051,1.50,1.31
2017.01.05 10:01:14.380,0.85039,0.85049,2.25,1.00
2017.01.05 10:01:14.527,0.85037,0.85049,2.81,1.00
2017.01.05 10:01:14.679,0.85037,0.85048,2.44,1.00
2017.01.05 10:01:14.987,0.85036,0.85046,1.50,1.00
2017.01.05 10:01:15.190,0.85035,0.85045,1.87,1.00
2017.01.05 10:01:15.781,0.85034,0.85045,1.69,1.00
2017.01.05 10:01:16.287,0.85034,0.85046,3.19,1.50
2017.01.05 10:01:18.035,0.85034,0.85045,1.69,1.00
2017.01.05 10:01:18.561,0.85035,0.85046,1.00,1.87
2017.01.05 10:01:20.878,0.85036,0.85046,1.00,1.00
2017.01.05 10:01:21.080,0.85036,0.85048,2.62,1.25
2017.01.05 10:01:21.600,0.85038,0.85049,1.12,1.00
2017.01.05 10:01:25.212,0.85039,0.85049,1.00,1.50
2017.01.05 10:01:27.970,0.85038,0.85049,1.12,1.00
2017.01.05 10:01:28.296,0.85038,0.85051,1.87,2.44
2017.01.05 10:01:28.870,0.85039,0.85051,1.00,2.44
2017.01.05 10:01:29.501,0.85038,0.8505,1.50,1.50
2017.01.05 10:01:30.051,0.85039,0.8505,1.00,1.50
2017.01.05 10:01:30.591,0.85037,0.85049,2.62,2.44
2017.01.05 10:01:31.169,0.85036,0.85048,1.50,1.00
2017.01.05 10:01:32.286,0.85036,0.85049,2.25,2.44
2017.01.05 10:01:32.815,0.85036,0.85048,2.25,1.00
2017.01.05 10:01:33.498,0.85037,0.85049,1.50,2.44
2017.01.05 10:01:33.961,0.85039,0.8505,1.00,1.69
2017.01.05 10:01:39.086,0.85038,0.8505,2.44,1.69
2017.01.05 10:01:40.053,0.85039,0.8505,1.00,1.69
2017.01.05 10:01:41.574,0.85038,0.8505,3.19,2.44
2017.01.05 10:01:42.489,0.85038,0.85048,2.25,1.00
2017.01.05 10:01:42.994,0.85039,0.85049,1.00,1.69
2017.01.05 10:01:45.900,0.85039,0.85051,1.00,1.69
2017.01.05 10:01:46.525,0.8504,0.8505,1.00,1.00
2017.01.05 10:01:47.331,0.8504,0.85051,1.00,2.44
2017.01.05 10:01:48.145,0.85041,0.85051,1.00,1.00
2017.01.05 10:01:48.647,0.85042,0.85052,1.25,1.00
2017.01.05 10:01:49.011,0.85039,0.85051,3.19,1.50
2017.01.05 10:01:49.555,0.85039,0.85051,1.69,2.44
2017.01.05 10:01:49.746,0.85039,0.85049,1.25,1.00
2017.01.05 10:01:50.952,0.85041,0.85052,1.25,3.00
2017.01.05 10:01:51.513,0.85039,0.85051,3.00,1.25
2017.01.05 10:01:51.564,0.85039,0.8505,1.50,1.00
2017.01.05 10:01:52.105,0.85039,0.85051,1.12,2.44
2017.01.05 10:01:52.645,0.85039,0.8505,1.00,1.00
2017.01.05 10:01:54.427,0.8504,0.85051,1.00,1.69
2017.01.05 10:01:54.733,0.85043,0.85052,1.00,1.00
2017.01.05 10:01:55.037,0.85044,0.85054,1.00,2.44
2017.01.05 10:01:55.581,0.85044,0.85055,2.44,1.00
2017.01.05 10:01:55.885,0.85046,0.85055,1.00,1.00
2017.01.05 10:01:55.936,0.85044,0.85054,2.62,1.50
2017.01.05 10:01:56.444,0.85045,0.85054,1.25,1.00
2017.01.05 10:01:56.953,0.85045,0.85056,1.25,2.44
2017.01.05 10:01:57.204,0.85043,0.85053,1.12,1.00
2017.01.05 10:01:57.511,0.85047,0.85056,1.25,2.62
2017.01.05 10:01:57.664,0.85049,0.85057,1.25,1.50
2017.01.05 10:01:57.918,0.85047,0.85057,1.00,1.00
2017.01.05 10:01:58.546,0.85047,0.85056,1.00,1.25
2017.01.05 10:01:58.597,0.85044,0.85056,2.62,1.25
2017.01.05 10:01:58.648,0.85045,0.85054,1.00,1.25
2017.01.05 10:01:59.004,0.85046,0.85056,1.00,1.25
2017.01.05 10:01:59.360,0.85048,0.85056,1.00,1.25
2017.01.05 10:01:59.411,0.85048,0.85058,1.00,1.69
2017.01.05 10:02:00.858,0.85049,0.85058,1.00,1.25
2017.01.05 10:02:01.390,0.85049,0.85057,1.00,1.25
2017.01.05 10:02:01.810,0.85048,0.85059,1.87,1.25
2017.01.05 10:02:02.013,0.85046,0.85057,1.37,1.00
2017.01.05 10:02:02.064,0.85045,0.85056,1.69,1.00
2017.01.05 10:02:02.267,0.85043,0.85055,1.00,1.25
2017.01.05 10:02:03.050,0.85043,0.85056,2.81,2.81
2017.01.05 10:02:03.386,0.85044,0.85056,1.37,1.25
2017.01.05 10:02:03.690,0.85046,0.85059,2.06,3.56
2017.01.05 10:02:03.792,0.85047,0.85059,2.81,2.44
2017.01.05 10:02:04.299,0.85048,0.85058,1.25,1.00
2017.01.05 10:02:04.351,0.85046,0.85058,1.00,1.69
2017.01.05 10:02:05.843,0.85046,0.85057,1.12,1.00
2017.01.05 10:02:06.765,0.85046,0.85058,1.00,1.69
2017.01.05 10:02:07.439,0.85047,0.85057,1.00,1.00
2017.01.05 10:02:07.954,0.85046,0.85056,1.25,1.00
2017.01.05 10:02:08.631,0.85046,0.85055,1.25,1.00
2017.01.05 10:02:09.153,0.85045,0.85055,1.00,1.50
2017.01.05 10:02:09.695,0.85043,0.85054,2.81,1.00
2017.01.05 10:02:10.205,0.85043,0.85055,2.81,1.50
2017.01.05 10:02:10.840,0.85045,0.85055,1.00,1.00
2017.01.05 10:02:11.297,0.85043,0.85054,2.44,1.00
2017.01.05 10:02:11.399,0.85042,0.85052,1.37,1.69
2017.01.05 10:02:11.501,0.8504,0.8505,1.12,1.50
2017.01.05 10:02:11.604,0.85038,0.8505,1.50,2.44
2017.01.05 10:02:11.655,0.85037,0.85048,1.50,1.69
2017.01.05 10:02:11.959,0.85035,0.85046,1.00,1.00
2017.01.05 10:02:14.064,0.85034,0.85046,2.44,1.00
2017.01.05 10:02:14.369,0.85037,0.8505,1.87,4.31
2017.01.05 10:02:14.673,0.85036,0.85045,1.00,1.25
2017.01.05 10:02:14.927,0.85032,0.85042,1.12,1.25
2017.01.05 10:02:15.289,0.85034,0.85041,1.00,1.25
2017.01.05 10:02:15.821,0.85033,0.85041,1.50,1.25
2017.01.05 10:02:16.803,0.85033,0.85045,1.87,2.81
2017.01.05 10:02:17.353,0.85033,0.85045,1.87,2.44
2017.01.05 10:02:17.869,0.85035,0.85045,1.00,2.44
2017.01.05 10:02:18.385,0.85035,0.85046,1.00,1.00
2017.01.05 10:02:22.504,0.85035,0.85044,1.50,1.25
2017.01.05 10:02:22.808,0.8504,0.85051,1.00,2.25
2017.01.05 10:02:22.859,0.8504,0.85051,1.00,1.50
2017.01.05 10:02:23.375,0.8504,0.8505,1.00,1.25
2017.01.05 10:02:23.923,0.85038,0.85047,2.25,1.25
2017.01.05 10:02:24.176,0.85036,0.85046,1.12,1.25
2017.01.05 10:02:24.278,0.85037,0.85048,1.00,1.50
2017.01.05 10:02:24.690,0.85036,0.85045,1.87,1.25
2017.01.05 10:02:25.217,0.85037,0.85049,1.87,2.06
2017.01.05 10:02:25.268,0.85038,0.85049,1.00,1.25
2017.01.05 10:02:25.319,0.8504,0.85049,1.00,1.25
2017.01.05 10:02:25.421,0.85041,0.85051,1.50,1.00
2017.01.05 10:02:25.701,0.85042,0.85053,1.87,1.50
2017.01.05 10:02:26.788,0.85042,0.85054,1.87,1.25
2017.01.05 10:02:27.092,0.85042,0.85054,2.25,1.25
2017.01.05 10:02:27.615,0.85044,0.85051,1.12,1.25
2017.01.05 10:02:28.835,0.85043,0.85052,1.00,1.69
2017.01.05 10:02:28.988,0.8504,0.85051,2.25,1.31
2017.01.05 10:02:29.511,0.8504,0.85051,1.50,1.25
2017.01.05 10:02:31.244,0.85043,0.85051,1.00,1.25
2017.01.05 10:02:31.447,0.85041,0.85051,1.12,1.25
2017.01.05 10:02:31.954,0.8504,0.85051,1.00,1.69
2017.01.05 10:02:32.005,0.85042,0.85051,1.00,1.00
2017.01.05 10:02:32.107,0.85042,0.85053,1.00,3.19
2017.01.05 10:02:32.411,0.8504,0.85052,1.50,1.25
2017.01.05 10:02:32.969,0.85039,0.85051,1.50,2.06
2017.01.05 10:02:33.836,0.8504,0.85051,1.00,2.06
2017.01.05 10:02:36.588,0.85041,0.85051,1.00,1.25
2017.01.05 10:02:36.862,0.85042,0.85053,1.25,1.00
2017.01.05 10:02:37.570,0.85043,0.85053,1.00,1.50
2017.01.05 10:02:38.077,0.85044,0.85054,1.00,1.50
2017.01.05 10:02:38.645,0.85044,0.85055,1.00,1.50
2017.01.05 10:02:38.797,0.85048,0.85056,1.25,1.50
2017.01.05 10:02:38.848,0.85044,0.85056,1.50,1.50
2017.01.05 10:02:39.889,0.85046,0.85057,1.00,3.56
2017.01.05 10:02:40.407,0.85045,0.85057,1.69,1.50
2017.01.05 10:02:40.955,0.85048,0.85057,1.25,1.50
2017.01.05 10:02:41.334,0.85046,0.85057,1.25,1.50
2017.01.05 10:02:42.014,0.85045,0.85057,1.00,1.50
2017.01.05 10:02:43.215,0.85047,0.85057,1.00,1.50
2017.01.05 10:02:43.541,0.85041,0.85051,1.87,1.69
2017.01.05 10:02:43.592,0.85041,0.85051,1.00,1.69
2017.01.05 10:02:43.846,0.85039,0.85049,1.12,1.25
2017.01.05 10:02:43.999,0.85037,0.85048,1.00,1.00
2017.01.05 10:02:44.442,0.85038,0.85051,4.31,3.19
2017.01.05 10:02:44.635,0.8504,0.85053,2.25,1.69
2017.01.05 10:02:44.940,0.85041,0.85053,2.62,1.25
2017.01.05 10:02:45.491,0.85041,0.85054,4.31,1.69
2017.01.05 10:02:48.228,0.85044,0.85054,1.00,1.69
2017.01.05 10:02:48.688,0.85046,0.85056,1.00,1.50
2017.01.05 10:02:48.841,0.85049,0.8506,1.31,1.00
2017.01.05 10:02:49.044,0.85047,0.85058,1.62,1.00
2017.01.05 10:02:49.095,0.85047,0.85058,1.25,1.00
2017.01.05 10:02:49.705,0.85047,0.8506,3.19,1.69
2017.01.05 10:02:50.211,0.85048,0.85059,1.31,1.25
2017.01.05 10:02:52.209,0.8505,0.85059,1.00,1.25
2017.01.05 10:02:52.260,0.85049,0.85061,1.69,1.00
2017.01.05 10:02:52.312,0.85051,0.85062,1.00,1.00
2017.01.05 10:02:52.616,0.85053,0.85064,1.69,1.00
2017.01.05 10:02:55.942,0.85053,0.85064,2.06,1.00
2017.01.05 10:02:56.246,0.85052,0.85062,1.00,1.00
2017.01.05 10:02:56.551,0.85052,0.85064,1.50,1.12
2017.01.05 10:02:57.053,0.85052,0.85063,1.00,1.00
2017.01.05 10:02:57.879,0.85051,0.85062,1.31,1.00
2017.01.05 10:02:58.033,0.85051,0.8506,1.25,1.50
2017.01.05 10:02:58.135,0.85049,0.85059,1.00,1.25
2017.01.05 10:02:58.287,0.85048,0.85057,1.25,1.00
2017.01.05 10:03:01.320,0.85048,0.85056,1.25,1.00
2017.01.05 10:03:01.828,0.85047,0.85055,1.25,1.00
2017.01.05 10:03:01.930,0.85044,0.85055,1.37,1.00
2017.01.05 10:03:02.339,0.85043,0.85055,1.31,1.00
2017.01.05 10:03:03.706,0.85043,0.85054,1.31,1.00
2017.01.05 10:03:04.233,0.85043,0.85053,1.25,1.00
2017.01.05 10:03:04.828,0.85043,0.85054,1.25,1.50
2017.01.05 10:03:05.856,0.85043,0.85053,1.69,1.00
2017.01.05 10:03:06.435,0.85044,0.85053,1.00,1.19
2017.01.05 10:03:06.892,0.8504,0.85051,3.37,1.00
2017.01.05 10:03:06.943,0.8504,0.8505,1.50,1.00
2017.01.05 10:03:08.619,0.8504,0.85049,1.00,1.00
2017.01.05 10:03:09.141,0.85039,0.85049,1.69,1.00
2017.01.05 10:03:10.611,0.8504,0.85049,1.00,1.00
2017.01.05 10:03:11.326,0.85039,0.85049,1.00,1.00
2017.01.05 10:03:12.338,0.85038,0.85049,1.25,1.00
2017.01.05 10:03:13.061,0.85039,0.85049,1.00,1.00
2017.01.05 10:03:14.288,0.85039,0.8505,1.00,1.00
2017.01.05 10:03:14.390,0.85037,0.85048,1.75,1.69
2017.01.05 10:03:14.441,0.85037,0.85048,1.00,1.69
2017.01.05 10:03:14.694,0.85037,0.85048,3.00,1.25
2017.01.05 10:03:14.796,0.85037,0.85048,1.87,1.25
2017.01.05 10:03:15.315,0.85037,0.85048,1.00,1.00
2017.01.05 10:03:15.979,0.85036,0.85046,1.87,1.00
2017.01.05 10:03:16.283,0.85037,0.85049,2.06,1.12
2017.01.05 10:03:17.404,0.85037,0.8505,1.69,1.50
2017.01.05 10:03:17.503,0.8504,0.8505,1.00,1.87
2017.01.05 10:03:18.431,0.8504,0.85051,1.00,1.69
2017.01.05 10:03:18.982,0.8504,0.8505,1.00,1.00
2017.01.05 10:03:19.489,0.85039,0.85049,1.00,1.00
2017.01.05 10:03:21.315,0.85039,0.8505,1.00,1.00
2017.01.05 10:03:22.777,0.85038,0.85048,1.69,1.00
2017.01.05 10:03:23.376,0.8504,0.85048,1.25,1.00
2017.01.05 10:03:23.471,0.85038,0.85048,1.69,1.00
2017.01.05 10:03:26.090,0.85038,0.85042,1.69,1.00
2017.01.05 10:03:26.343,0.85035,0.8504,2.44,1.00
2017.01.05 10:03:26.546,0.85033,0.8504,1.12,1.00
2017.01.05 10:03:27.093,0.85033,0.8504,1.37,1.00
2017.01.05 10:03:27.253,0.85033,0.85037,1.12,1.00
2017.01.05 10:03:27.405,0.85031,0.85036,2.44,1.00
2017.01.05 10:03:27.918,0.85031,0.85035,1.25,1.00
2017.01.05 10:03:28.327,0.85029,0.85036,1.00,1.00
2017.01.05 10:03:29.417,0.85029,0.85037,1.12,1.00
2017.01.05 10:03:29.599,0.8503,0.85039,1.00,1.69
2017.01.05 10:03:29.752,0.8503,0.85037,1.00,1.00
2017.01.05 10:03:30.297,0.85029,0.85037,1.00,1.00
2017.01.05 10:03:31.788,0.85029,0.85039,1.00,1.69
2017.01.05 10:03:33.004,0.8503,0.85039,1.00,1.69
2017.01.05 10:03:33.633,0.8503,0.85038,1.00,1.25
2017.01.05 10:03:33.774,0.85029,0.85036,1.50,1.25
2017.01.05 10:03:33.826,0.8503,0.8504,1.69,1.50
2017.01.05 10:03:33.927,0.85033,0.8504,1.00,1.00
2017.01.05 10:03:34.080,0.85031,0.85041,1.25,1.00
2017.01.05 10:03:34.384,0.85031,0.85038,1.25,1.00
2017.01.05 10:03:34.891,0.85029,0.85041,2.06,1.00
2017.01.05 10:03:35.068,0.85032,0.85041,1.00,1.00
2017.01.05 10:03:35.591,0.85032,0.85042,1.00,1.00
2017.01.05 10:03:35.922,0.85032,0.8504,1.00,1.00
2017.01.05 10:03:36.466,0.85032,0.85042,1.00,1.00
2017.01.05 10:03:36.823,0.85032,0.8504,1.00,1.00
2017.01.05 10:03:37.324,0.85031,0.8504,1.50,1.00
2017.01.05 10:03:37.925,0.85031,0.85041,1.50,1.00
2017.01.05 10:03:38.695,0.85034,0.85043,1.00,1.31
2017.01.05 10:03:39.203,0.85033,0.85043,1.00,1.69
2017.01.05 10:03:39.708,0.85033,0.85043,2.25,1.69
2017.01.05 10:03:40.069,0.85033,0.85041,2.25,1.25
2017.01.05 10:03:40.224,0.85035,0.85043,1.00,1.00
2017.01.05 10:03:40.326,0.85033,0.85042,1.00,1.00
2017.01.05 10:03:40.529,0.85031,0.85042,1.00,1.69
2017.01.05 10:03:40.833,0.85033,0.8504,1.25,1.00
2017.01.05 10:03:40.935,0.85033,0.85042,1.25,1.00
2017.01.05 10:03:41.406,0.85033,0.8504,1.25,1.00
2017.01.05 10:03:41.863,0.85033,0.85042,1.25,1.00
2017.01.05 10:03:41.914,0.85031,0.85041,1.50,1.00
2017.01.05 10:03:42.117,0.8503,0.85038,1.50,1.25
2017.01.05 10:03:42.271,0.85028,0.85038,3.19,1.00
2017.01.05 10:03:42.627,0.8503,0.85039,1.00,1.00
2017.01.05 10:03:42.729,0.8503,0.85041,1.87,1.69
2017.01.05 10:03:42.831,0.85033,0.85041,1.00,1.00
2017.01.05 10:03:43.342,0.85032,0.85042,3.19,1.00
2017.01.05 10:03:43.868,0.85034,0.85042,1.12,1.00
2017.01.05 10:03:44.245,0.85037,0.85047,1.25,1.12
2017.01.05 10:03:44.296,0.85037,0.85048,1.69,2.44
2017.01.05 10:03:44.347,0.85039,0.85048,1.00,1.25
2017.01.05 10:03:44.398,0.8504,0.85051,1.50,1.12
2017.01.05 10:03:44.905,0.85042,0.85052,1.12,1.69
2017.01.05 10:03:45.322,0.85043,0.85055,1.12,1.69
2017.01.05 10:03:45.373,0.85046,0.85055,1.00,1.00
2017.01.05 10:03:45.526,0.85047,0.85057,1.12,1.25
2017.01.05 10:03:46.794,0.85047,0.85057,2.25,1.19
2017.01.05 10:03:46.845,0.85047,0.85058,2.25,1.69
2017.01.05 10:03:47.048,0.85049,0.85058,1.50,1.69
2017.01.05 10:03:48.789,0.8505,0.85057,1.00,1.25
2017.01.05 10:03:49.419,0.8505,0.85058,1.00,1.69
2017.01.05 10:03:50.000,0.85049,0.85058,1.00,1.69
2017.01.05 10:03:50.320,0.85049,0.85056,1.00,1.00
2017.01.05 10:03:50.371,0.85047,0.85056,1.00,1.31
2017.01.05 10:03:50.473,0.85049,0.85057,1.00,1.12
2017.01.05 10:03:50.786,0.85049,0.85055,1.00,1.00
2017.01.05 10:03:51.304,0.85048,0.85055,1.25,1.00
2017.01.05 10:03:52.210,0.85048,0.85056,1.25,1.00
2017.01.05 10:03:52.261,0.85045,0.85054,1.31,1.00
2017.01.05 10:03:52.500,0.85043,0.85052,1.69,1.00
2017.01.05 10:03:52.804,0.85045,0.85054,1.00,1.50
2017.01.05 10:03:52.906,0.85042,0.85052,1.00,1.00
2017.01.05 10:03:53.160,0.85043,0.8505,1.25,1.00
2017.01.05 10:03:53.668,0.85042,0.85049,1.25,1.00
2017.01.05 10:03:53.870,0.8504,0.85049,1.25,1.00
2017.01.05 10:03:53.924,0.8504,0.85051,1.69,1.50
2017.01.05 10:03:54.247,0.8504,0.85049,2.06,1.00
2017.01.05 10:03:54.298,0.8504,0.85051,1.12,1.50
2017.01.05 10:03:54.349,0.85039,0.85049,1.00,1.25
2017.01.05 10:03:54.653,0.8504,0.85051,2.44,1.50
2017.01.05 10:03:54.856,0.85042,0.85051,1.00,1.50
2017.01.05 10:03:55.385,0.85041,0.85051,1.00,1.00
2017.01.05 10:03:55.832,0.85043,0.85052,1.00,1.00
2017.01.05 10:03:56.334,0.85043,0.85053,1.50,1.69
2017.01.05 10:03:57.017,0.85041,0.85053,2.62,1.69
2017.01.05 10:03:57.610,0.85041,0.85053,3.00,1.69
2017.01.05 10:03:57.965,0.85041,0.85053,1.87,1.69
2017.01.05 10:03:58.273,0.85041,0.85052,1.87,2.44
2017.01.05 10:03:58.730,0.85043,0.85053,1.69,1.00
2017.01.05 10:03:59.447,0.85043,0.85053,1.87,1.00
2017.01.05 10:03:59.599,0.85044,0.85055,1.50,1.25
2017.01.05 10:04:00.688,0.85044,0.85055,1.50,1.25
2017.01.05 10:04:01.639,0.85046,0.85055,1.00,1.25
2017.01.05 10:04:02.196,0.85043,0.85055,4.50,1.25
2017.01.05 10:04:03.279,0.85047,0.85055,1.00,1.25
2017.01.05 10:04:03.452,0.85051,0.85061,1.00,1.69
2017.01.05 10:04:03.757,0.85049,0.85058,1.50,1.00
2017.01.05 10:04:04.162,0.85044,0.85057,5.25,1.00
2017.01.05 10:04:04.213,0.85044,0.85056,2.25,1.37
2017.01.05 10:04:04.315,0.85046,0.85057,1.00,1.50
2017.01.05 10:04:04.819,0.85045,0.85058,1.75,1.00
2017.01.05 10:04:05.172,0.85048,0.85059,1.37,2.25
2017.01.05 10:04:05.480,0.85051,0.85061,1.00,1.00
2017.01.05 10:04:05.733,0.85049,0.85062,1.69,1.87
2017.01.05 10:04:06.259,0.85049,0.85061,1.69,1.00
2017.01.05 10:04:06.756,0.85047,0.85058,1.87,1.25
2017.01.05 10:04:07.061,0.8505,0.8506,1.00,1.37
2017.01.05 10:04:07.467,0.85048,0.85058,1.69,1.00
2017.01.05 10:04:08.303,0.85046,0.85057,2.44,1.25
2017.01.05 10:04:08.557,0.85046,0.85055,1.25,1.00
2017.01.05 10:04:11.626,0.85041,0.85052,1.69,1.00
2017.01.05 10:04:12.301,0.85043,0.85053,1.25,1.50
2017.01.05 10:04:12.454,0.85039,0.85051,1.00,1.25
2017.01.05 10:04:12.505,0.85039,0.85049,1.00,1.25
2017.01.05 10:04:12.808,0.85038,0.85049,1.00,2.06
2017.01.05 10:04:14.138,0.85038,0.85049,1.00,2.06
2017.01.05 10:04:14.686,0.85038,0.85047,1.00,1.31
2017.01.05 10:04:15.202,0.85036,0.85045,1.00,1.25
2017.01.05 10:04:15.524,0.8504,0.85046,1.00,1.25
2017.01.05 10:04:17.329,0.8504,0.85044,1.00,1.25
2017.01.05 10:04:17.381,0.8504,0.85049,1.50,1.31
2017.01.05 10:04:17.482,0.85041,0.85052,1.00,2.44
2017.01.05 10:04:17.888,0.85041,0.85049,1.00,1.25
2017.01.05 10:04:17.989,0.85042,0.85052,1.50,1.25
2017.01.05 10:04:18.683,0.85043,0.85052,1.00,1.25
2017.01.05 10:04:19.206,0.85042,0.85052,1.00,1.25
2017.01.05 10:04:21.317,0.85044,0.85052,1.00,1.25
2017.01.05 10:04:21.846,0.85043,0.85051,1.00,1.25
2017.01.05 10:04:22.428,0.85042,0.85051,1.50,1.25
2017.01.05 10:04:22.905,0.85044,0.85051,1.00,1.25
2017.01.05 10:04:23.414,0.85048,0.85056,1.00,1.62
2017.01.05 10:04:23.827,0.85048,0.85056,1.50,1.25
2017.01.05 10:04:26.665,0.85047,0.85057,1.00,1.31
2017.01.05 10:04:26.716,0.85049,0.85058,1.00,1.25
2017.01.05 10:04:27.073,0.85051,0.85059,1.00,1.31
2017.01.05 10:04:27.478,0.85049,0.85059,2.62,1.25
2017.01.05 10:04:27.789,0.85051,0.85059,1.00,1.25
2017.01.05 10:04:28.561,0.85052,0.85059,1.00,1.25
2017.01.05 10:04:28.713,0.8505,0.85061,1.00,2.44
2017.01.05 10:04:28.765,0.85048,0.8506,2.44,1.12
2017.01.05 10:04:28.816,0.85049,0.85057,1.00,1.25
2017.01.05 10:04:28.868,0.85049,0.85059,1.12,1.25
2017.01.05 10:04:30.168,0.85048,0.85059,1.12,1.69
2017.01.05 10:04:30.269,0.85048,0.85057,1.00,1.25
2017.01.05 10:04:30.574,0.85046,0.85058,2.25,1.25
2017.01.05 10:04:30.675,0.85048,0.85058,1.00,1.25
2017.01.05 10:04:31.504,0.85046,0.85058,2.25,1.25
2017.01.05 10:04:32.020,0.85046,0.85057,1.50,1.25
2017.01.05 10:04:32.530,0.85049,0.85057,1.00,1.25
2017.01.05 10:04:33.475,0.85048,0.85057,1.50,1.25
2017.01.05 10:04:34.066,0.85047,0.85057,1.50,1.25
2017.01.05 10:04:36.248,0.85047,0.85057,1.87,1.25
2017.01.05 10:04:36.859,0.85049,0.85057,1.00,1.25
2017.01.05 10:04:37.872,0.85047,0.85057,1.87,1.25
2017.01.05 10:04:38.585,0.85048,0.85057,1.00,1.25
2017.01.05 10:04:38.687,0.8505,0.85057,1.00,1.25
2017.01.05 10:04:39.013,0.85048,0.85053,1.00,1.25
2017.01.05 10:04:39.066,0.85046,0.85053,1.12,1.25
2017.01.05 10:04:39.573,0.85045,0.85053,1.00,1.25
2017.01.05 10:04:40.375,0.85046,0.85054,1.50,1.25
2017.01.05 10:04:40.426,0.85047,0.85056,1.37,1.25
2017.01.05 10:04:40.768,0.85049,0.85059,1.50,1.25
2017.01.05 10:04:41.285,0.8505,0.85059,1.00,1.25
2017.01.05 10:04:41.643,0.8505,0.85057,1.12,1.25
2017.01.05 10:04:43.479,0.85049,0.85057,1.00,1.25
2017.01.05 10:04:43.983,0.85048,0.85057,1.50,1.25
2017.01.05 10:04:45.699,0.85048,0.85056,1.50,1.25
2017.01.05 10:04:46.003,0.85046,0.85052,1.00,1.25
2017.01.05 10:04:46.105,0.85047,0.85056,1.50,1.25
2017.01.05 10:04:46.593,0.85047,0.85058,2.25,1.25
2017.01.05 10:04:47.099,0.85048,0.85058,1.00,1.25
2017.01.05 10:04:47.613,0.85046,0.85057,1.87,1.00
2017.01.05 10:04:47.766,0.85047,0.85055,1.25,1.00
2017.01.05 10:04:48.277,0.85045,0.85055,1.00,1.50
2017.01.05 10:04:48.831,0.85044,0.85055,2.44,1.50
2017.01.05 10:04:49.087,0.85042,0.85054,2.44,1.50
2017.01.05 10:04:49.706,0.85044,0.85054,1.00,1.50
2017.01.05 10:04:50.698,0.85042,0.85054,2.44,1.00
2017.01.05 10:04:51.238,0.85043,0.85054,1.12,1.00
2017.01.05 10:04:51.917,0.85044,0.85054,1.00,1.00
2017.01.05 10:04:52.487,0.85043,0.85053,1.00,1.69
2017.01.05 10:04:54.331,0.85042,0.85053,1.87,1.69
2017.01.05 10:04:54.689,0.85044,0.85053,1.00,1.25
2017.01.05 10:04:55.332,0.85043,0.85053,1.87,1.25
2017.01.05 10:04:55.818,0.85045,0.85055,1.00,1.00
2017.01.05 10:04:56.726,0.85044,0.85055,1.00,1.00
2017.01.05 10:04:57.257,0.85043,0.85054,1.50,1.19
2017.01.05 10:04:57.770,0.85042,0.85053,1.00,1.25
2017.01.05 10:04:58.491,0.85043,0.85053,1.00,1.25
2017.01.05 10:04:58.947,0.85041,0.85051,1.50,1.25
2017.01.05 10:04:59.251,0.85042,0.85053,3.19,2.25
2017.01.05 10:04:59.594,0.85042,0.85051,1.00,1.00
2017.01.05 10:05:00.153,0.85041,0.85051,1.00,1.00
2017.01.05 10:05:00.955,0.8504,0.85049,1.25,1.00
2017.01.05 10:05:01.492,0.85039,0.85049,1.00,1.69
2017.01.05 10:05:02.027,0.85038,0.85049,1.50,1.69
2017.01.05 10:05:02.953,0.85039,0.85049,1.00,1.69
2017.01.05 10:05:03.263,0.85039,0.85047,1.00,1.00
2017.01.05 10:05:03.722,0.85036,0.85047,2.44,1.00
2017.01.05 10:05:04.230,0.85037,0.85047,1.00,1.50
2017.01.05 10:05:04.838,0.85036,0.85046,1.69,1.00
2017.01.05 10:05:06.207,0.85035,0.85043,1.00,1.25
2017.01.05 10:05:06.259,0.85036,0.85046,1.00,1.25
2017.01.05 10:05:06.402,0.85038,0.85047,1.00,1.00
2017.01.05 10:05:06.506,0.85036,0.85046,1.00,1.00
2017.01.05 10:05:06.557,0.85036,0.85044,1.00,1.00
2017.01.05 10:05:06.861,0.85037,0.85048,2.44,1.50
2017.01.05 10:05:06.912,0.85039,0.85049,1.00,3.56
2017.01.05 10:05:06.963,0.85039,0.85049,1.00,1.25
2017.01.05 10:05:07.479,0.8504,0.85049,1.00,1.25
2017.01.05 10:05:08.521,0.85041,0.85049,1.00,1.25
2017.01.05 10:05:08.572,0.85041,0.85052,1.00,1.25
2017.01.05 10:05:09.974,0.85043,0.85053,1.50,2.06
2017.01.05 10:05:10.277,0.85046,0.85053,1.00,1.25
2017.01.05 10:05:14.975,0.85046,0.85056,1.50,1.25
2017.01.05 10:05:15.481,0.85045,0.85056,2.06,1.00
2017.01.05 10:05:15.633,0.85047,0.85056,1.00,1.00
2017.01.05 10:05:15.948,0.85047,0.85058,1.00,1.00
2017.01.05 10:05:16.127,0.85046,0.85056,1.50,1.00
2017.01.05 10:05:16.330,0.85044,0.85057,2.44,3.94
2017.01.05 10:05:17.388,0.85044,0.85054,1.50,1.25
2017.01.05 10:05:17.690,0.85046,0.85054,1.00,1.25
2017.01.05 10:05:18.522,0.85044,0.85054,1.50,1.25
2017.01.05 10:05:19.505,0.85046,0.85054,1.00,1.25
2017.01.05 10:05:20.207,0.85048,0.85058,2.25,1.00
2017.01.05 10:05:20.740,0.85046,0.85055,1.50,1.00
2017.01.05 10:05:21.108,0.85043,0.85055,1.69,3.19
2017.01.05 10:05:22.491,0.85044,0.85054,1.00,2.62
2017.01.05 10:05:23.847,0.85043,0.85054,1.25,2.62
2017.01.05 10:05:25.942,0.85041,0.85051,1.00,1.69
2017.01.05 10:05:26.484,0.85041,0.8505,1.00,1.00
2017.01.05 10:05:27.064,0.8504,0.8505,1.00,1.50
2017.01.05 10:05:28.826,0.85041,0.8505,1.00,1.69
2017.01.05 10:05:29.332,0.8504,0.85051,2.44,1.00
2017.01.05 10:05:29.877,0.85041,0.85051,1.00,1.00
2017.01.05 10:05:30.384,0.85042,0.85051,1.00,1.00
2017.01.05 10:05:31.648,0.85041,0.85051,1.00,1.50
2017.01.05 10:05:31.953,0.85035,0.85044,1.50,1.69
2017.01.05 10:05:32.275,0.85035,0.85041,1.00,1.00
2017.01.05 10:05:32.748,0.85033,0.8504,1.00,1.00
2017.01.05 10:05:33.255,0.85032,0.8504,1.00,1.00
2017.01.05 10:05:33.916,0.85031,0.8504,1.00,1.00
2017.01.05 10:05:35.011,0.85031,0.85039,1.25,1.00
2017.01.05 10:05:35.163,0.85032,0.85041,1.00,1.50
2017.01.05 10:05:35.686,0.85032,0.85042,1.00,1.00
2017.01.05 10:05:36.244,0.85033,0.85042,1.00,1.00
2017.01.05 10:05:37.007,0.85032,0.85042,1.12,1.00
2017.01.05 10:05:37.680,0.85033,0.85042,1.25,1.00
2017.01.05 10:05:37.782,0.85035,0.85042,1.00,1.00
2017.01.05 10:05:38.252,0.85034,0.85044,1.69,1.00
2017.01.05 10:05:39.625,0.85034,0.85042,1.25,1.00
2017.01.05 10:05:39.932,0.85034,0.8504,1.25,1.00
2017.01.05 10:05:40.440,0.85035,0.85041,1.25,1.00
2017.01.05 10:05:40.998,0.85034,0.85041,1.69,1.00
2017.01.05 10:05:43.506,0.85034,0.85042,1.69,1.00
2017.01.05 10:05:44.152,0.85035,0.85044,1.00,1.50
2017.01.05 10:05:44.204,0.85037,0.85044,1.69,1.00
2017.01.05 10:05:44.306,0.85037,0.85046,1.69,1.00
2017.01.05 10:05:44.816,0.85036,0.85046,1.12,1.69
2017.01.05 10:05:45.726,0.85034,0.85044,1.87,1.69
2017.01.05 10:05:45.777,0.85034,0.85043,1.00,1.69
2017.01.05 10:05:45.929,0.85032,0.85043,2.81,1.69
2017.01.05 10:05:46.082,0.85035,0.85043,1.00,1.00
2017.01.05 10:05:46.436,0.85036,0.85044,1.37,1.00
2017.01.05 10:05:46.603,0.85038,0.85048,1.00,1.00
2017.01.05 10:05:46.907,0.85036,0.85043,1.50,1.00
2017.01.05 10:05:47.060,0.85034,0.85043,1.00,1.69
2017.01.05 10:05:48.544,0.85033,0.85042,1.00,1.00
2017.01.05 10:05:50.502,0.85032,0.85041,1.00,1.69
2017.01.05 10:05:51.022,0.8503,0.8504,2.25,1.69
2017.01.05 10:05:51.880,0.85033,0.8504,1.00,1.69
2017.01.05 10:05:51.931,0.85033,0.85042,1.69,1.50
2017.01.05 10:05:52.336,0.85033,0.8504,1.25,1.00
2017.01.05 10:05:53.502,0.85033,0.85042,1.25,1.00
2017.01.05 10:05:53.908,0.85033,0.8504,2.81,1.00
2017.01.05 10:05:54.440,0.85033,0.8504,1.69,1.00
2017.01.05 10:05:54.947,0.85032,0.8504,1.12,1.00
2017.01.05 10:05:55.473,0.85031,0.8504,2.06,1.00
2017.01.05 10:05:55.778,0.85031,0.85038,1.00,1.00
2017.01.05 10:05:56.098,0.85033,0.85039,1.25,1.00
2017.01.05 10:05:56.557,0.85033,0.85037,1.25,1.00
2017.01.05 10:05:57.063,0.85033,0.85038,1.25,1.00
2017.01.05 10:05:57.369,0.85033,0.8504,1.25,1.00
2017.01.05 10:05:59.112,0.85033,0.85038,1.25,1.00
2017.01.05 10:06:00.541,0.85033,0.85039,1.25,1.00
2017.01.05 10:06:01.063,0.85029,0.85038,1.50,1.00
2017.01.05 10:06:01.114,0.85033,0.85039,1.25,1.00
2017.01.05 10:06:01.368,0.8503,0.85038,2.06,1.00
2017.01.05 10:06:01.778,0.85028,0.85037,1.31,1.00
2017.01.05 10:06:02.088,0.85029,0.85039,1.00,1.31
2017.01.05 10:06:03.112,0.85029,0.85039,1.50,1.69
2017.01.05 10:06:03.309,0.85028,0.85035,1.75,1.00
2017.01.05 10:06:03.360,0.85027,0.85034,1.50,1.00
2017.01.05 10:06:03.907,0.85026,0.85034,1.12,1.00
2017.01.05 10:06:04.726,0.85028,0.85036,1.25,1.00
2017.01.05 10:06:05.031,0.8503,0.85037,1.25,1.50
2017.01.05 10:06:05.631,0.85028,0.85037,1.69,1.00
2017.01.05 10:06:07.633,0.8503,0.85038,1.25,1.00
2017.01.05 10:06:08.371,0.8503,0.85039,1.25,1.00
2017.01.05 10:06:10.894,0.85028,0.85037,1.00,1.00
2017.01.05 10:06:11.441,0.85026,0.85033,1.69,1.00
2017.01.05 10:06:11.745,0.85026,0.85031,1.69,1.00
2017.01.05 10:06:12.085,0.85026,0.85033,1.25,1.00
2017.01.05 10:06:12.648,0.85026,0.85034,1.69,1.00
2017.01.05 10:06:13.190,0.85026,0.85035,1.69,1.00
2017.01.05 10:06:14.419,0.85026,0.85033,1.25,1.00
2017.01.05 10:06:14.470,0.85027,0.85035,1.25,1.00
2017.01.05 10:06:14.673,0.85029,0.85036,1.25,1.00
2017.01.05 10:06:15.206,0.85029,0.85037,1.25,1.00
2017.01.05 10:06:15.719,0.85029,0.85038,1.62,1.00
2017.01.05 10:06:16.250,0.8503,0.85039,1.12,1.00
2017.01.05 10:06:17.424,0.85029,0.85039,2.81,1.00
2017.01.05 10:06:17.994,0.8503,0.85039,1.00,1.00
2017.01.05 10:06:19.006,0.8503,0.85038,1.00,1.00
2017.01.05 10:06:19.515,0.85029,0.85037,1.69,1.00
2017.01.05 10:06:21.432,0.85032,0.8504,1.69,2.25
2017.01.05 10:06:21.635,0.85028,0.85037,1.12,1.00
2017.01.05 10:06:21.686,0.85028,0.85035,1.12,1.00
2017.01.05 10:06:21.737,0.85028,0.85037,1.00,1.00
2017.01.05 10:06:21.788,0.85028,0.85039,1.00,2.81
2017.01.05 10:06:21.840,0.85028,0.85036,1.00,1.00
2017.01.05 10:06:21.992,0.85026,0.85035,1.12,1.00
2017.01.05 10:06:22.297,0.85025,0.85032,1.00,1.00
2017.01.05 10:06:22.604,0.85024,0.8503,1.69,1.00
2017.01.05 10:06:22.742,0.85024,0.85032,1.69,1.00
2017.01.05 10:06:24.654,0.85024,0.85033,1.12,1.00
2017.01.05 10:06:27.142,0.85024,0.85034,1.00,1.00
2017.01.05 10:06:27.346,0.85025,0.85035,1.37,1.00
2017.01.05 10:06:27.852,0.85027,0.85036,1.12,1.00
2017.01.05 10:06:28.395,0.85028,0.85036,1.00,1.00
2017.01.05 10:06:28.717,0.85027,0.85033,1.12,1.00
2017.01.05 10:06:29.073,0.85025,0.85033,1.00,1.00
2017.01.05 10:06:29.580,0.85024,0.85034,2.06,1.00
2017.01.05 10:06:29.838,0.85024,0.85032,2.06,1.00
2017.01.05 10:06:30.657,0.85025,0.85033,1.00,1.00
2017.01.05 10:06:31.184,0.85026,0.85034,1.12,1.00
2017.01.05 10:06:31.554,0.85028,0.85035,1.00,1.00
2017.01.05 10:06:31.606,0.85028,0.85037,1.00,1.00
2017.01.05 10:06:31.759,0.85026,0.85035,1.50,1.00
2017.01.05 10:06:32.265,0.85026,0.85034,1.00,1.00
2017.01.05 10:06:33.762,0.85029,0.85034,1.25,1.00
2017.01.05 10:06:33.864,0.8503,0.85039,1.69,1.00
2017.01.05 10:06:33.915,0.85032,0.85039,1.00,1.00
2017.01.05 10:06:34.321,0.85032,0.85037,1.69,1.00
2017.01.05 10:06:35.130,0.85028,0.85037,1.37,1.00
2017.01.05 10:06:35.182,0.85027,0.85036,1.50,1.00
2017.01.05 10:06:35.582,0.85026,0.85034,2.44,1.00
2017.01.05 10:06:35.991,0.85026,0.85036,1.00,1.69
2017.01.05 10:06:36.530,0.85027,0.85036,1.00,1.00
2017.01.05 10:06:37.832,0.85026,0.85034,1.00,1.00
2017.01.05 10:06:38.443,0.85026,0.85035,1.00,1.00
2017.01.05 10:06:38.974,0.85027,0.85036,1.00,1.00
2017.01.05 10:06:39.391,0.85028,0.85038,1.00,1.00
2017.01.05 10:06:39.441,0.8503,0.85037,1.00,1.00
2017.01.05 10:06:39.847,0.85031,0.85041,1.00,1.00
2017.01.05 10:06:40.253,0.85032,0.85039,1.00,1.00
2017.01.05 10:06:40.304,0.85032,0.85041,1.00,1.00
2017.01.05 10:06:40.816,0.85031,0.85038,1.69,1.00
2017.01.05 10:06:41.342,0.85031,0.85039,1.00,1.00
2017.01.05 10:06:41.634,0.85029,0.85039,1.12,1.00
2017.01.05 10:06:47.829,0.85029,0.85038,1.12,1.00
2017.01.05 10:06:49.995,0.8503,0.85038,1.00,1.00
2017.01.05 10:06:51.416,0.8503,0.8504,1.00,1.00
2017.01.05 10:06:51.467,0.85029,0.85038,1.12,1.00
2017.01.05 10:06:56.976,0.8503,0.85038,1.00,1.00
2017.01.05 10:06:57.258,0.8503,0.85041,1.00,1.69
2017.01.05 10:06:57.768,0.8503,0.85039,1.12,1.00
2017.01.05 10:06:58.288,0.85031,0.8504,1.00,1.00
2017.01.05 10:06:59.452,0.85032,0.8504,1.25,1.00
2017.01.05 10:07:01.317,0.8503,0.8504,2.06,1.00
2017.01.05 10:07:01.521,0.85029,0.85038,1.87,1.00
2017.01.05 10:07:01.985,0.8503,0.8504,1.00,1.25
2017.01.05 10:07:02.087,0.85033,0.85043,1.00,1.87
2017.01.05 10:07:02.392,0.85033,0.85039,1.00,1.00
2017.01.05 10:07:02.935,0.85032,0.85036,1.25,1.00
2017.01.05 10:07:04.112,0.85034,0.85038,1.25,1.00
2017.01.05 10:07:04.215,0.85031,0.85038,1.00,1.00
2017.01.05 10:07:04.418,0.85029,0.85037,1.12,1.00
2017.01.05 10:07:04.519,0.85028,0.85035,1.37,1.00
2017.01.05 10:07:05.032,0.85028,0.85035,1.12,1.00
2017.01.05 10:07:06.268,0.85027,0.85035,1.12,1.00
2017.01.05 10:07:06.769,0.85027,0.85036,1.12,1.00
2017.01.05 10:07:06.972,0.85025,0.85035,3.19,1.00
2017.01.05 10:07:07.175,0.85026,0.85036,1.75,1.00
2017.01.05 10:07:07.732,0.85029,0.85037,1.00,1.00
2017.01.05 10:07:08.260,0.8503,0.85037,1.00,1.00
2017.01.05 10:07:09.128,0.85028,0.85034,1.00,1.00
2017.01.05 10:07:09.659,0.85028,0.85033,1.00,1.00
2017.01.05 10:07:10.123,0.85025,0.85034,1.87,1.00
2017.01.05 10:07:10.629,0.85026,0.85035,1.50,1.00
2017.01.05 10:07:10.680,0.85026,0.85033,1.50,1.00
2017.01.05 10:07:11.136,0.85026,0.85035,1.50,1.00
2017.01.05 10:07:11.646,0.85026,0.85036,1.50,1.00
2017.01.05 10:07:11.920,0.85026,0.85033,1.50,1.00
2017.01.05 10:07:12.223,0.85028,0.85034,1.00,1.00
2017.01.05 10:07:12.976,0.85027,0.85034,1.00,1.00
2017.01.05 10:07:13.533,0.85027,0.85035,1.00,1.00
2017.01.05 10:07:14.089,0.85027,0.85035,1.37,1.00
2017.01.05 10:07:18.293,0.85027,0.85033,1.37,1.00
2017.01.05 10:07:18.461,0.85027,0.85035,1.37,1.00
2017.01.05 10:07:19.476,0.85027,0.85036,1.50,1.00
2017.01.05 10:07:19.945,0.85026,0.85035,1.50,1.00
2017.01.05 10:07:20.047,0.85025,0.85032,1.00,1.00
2017.01.05 10:07:20.361,0.85025,0.85034,1.00,1.69
2017.01.05 10:07:20.615,0.85023,0.85032,1.50,1.00
2017.01.05 10:07:20.920,0.85023,0.85029,1.00,1.00
2017.01.05 10:07:21.327,0.8502,0.85027,1.37,1.00
2017.01.05 10:07:21.499,0.85018,0.85026,1.12,1.00
2017.01.05 10:07:21.654,0.85016,0.85025,1.00,1.00
2017.01.05 10:07:22.241,0.85016,0.85025,2.06,1.00
2017.01.05 10:07:22.926,0.85016,0.85025,1.69,1.00
2017.01.05 10:07:23.138,0.85019,0.85025,1.37,1.00
2017.01.05 10:07:23.190,0.8502,0.8503,1.31,1.00
2017.01.05 10:07:23.243,0.85022,0.85028,1.25,1.00
2017.01.05 10:07:23.599,0.85022,0.85026,1.25,1.00
2017.01.05 10:07:23.650,0.8502,0.85026,1.25,1.00
2017.01.05 10:07:23.803,0.85023,0.85027,1.25,1.00
2017.01.05 10:07:23.854,0.85019,0.85027,1.25,1.00
2017.01.05 10:07:24.542,0.85019,0.85029,1.25,1.00
2017.01.05 10:07:24.694,0.85019,0.85027,1.00,1.00
2017.01.05 10:07:27.051,0.8502,0.85028,1.69,1.00
2017.01.05 10:07:27.355,0.85019,0.85026,1.25,1.00
2017.01.05 10:07:29.621,0.85021,0.85028,1.00,1.00
2017.01.05 10:07:29.825,0.85024,0.85033,1.00,1.00
2017.01.05 10:07:32.326,0.85023,0.85033,2.44,1.00
2017.01.05 10:07:32.545,0.85021,0.85033,2.25,1.37
2017.01.05 10:07:32.596,0.85023,0.85033,1.25,1.37
2017.01.05 10:07:33.118,0.85023,0.85033,1.25,1.00
2017.01.05 10:07:33.916,0.85023,0.85032,1.25,1.00
2017.01.05 10:07:34.436,0.85023,0.85031,1.25,1.00
2017.01.05 10:07:35.851,0.85023,0.85033,1.69,1.00
2017.01.05 10:07:36.733,0.85023,0.85032,1.69,1.00
2017.01.05 10:07:39.496,0.85021,0.8503,1.25,1.00
2017.01.05 10:07:40.013,0.8502,0.85029,1.69,1.00
2017.01.05 10:07:41.340,0.85022,0.85029,1.00,1.00
2017.01.05 10:07:41.543,0.85022,0.85032,1.00,2.44
2017.01.05 10:07:44.866,0.85023,0.85033,1.00,1.00
2017.01.05 10:07:45.170,0.85022,0.8503,1.25,1.00
2017.01.05 10:07:45.373,0.85023,0.85033,2.44,1.12
2017.01.05 10:07:45.475,0.85025,0.85034,1.00,1.69
2017.01.05 10:07:45.831,0.85023,0.85032,2.06,1.00
2017.01.05 10:07:46.339,0.85023,0.85033,1.69,1.50
2017.01.05 10:07:46.644,0.85023,0.85031,1.25,1.00
2017.01.05 10:07:46.970,0.8502,0.85028,1.31,1.00
2017.01.05 10:07:47.498,0.85019,0.85028,1.69,1.00
2017.01.05 10:07:47.714,0.8502,0.85031,2.06,1.12
2017.01.05 10:07:48.291,0.85021,0.85031,1.69,1.00
2017.01.05 10:07:51.675,0.85023,0.85032,1.69,1.00
2017.01.05 10:07:51.955,0.85023,0.85034,1.69,1.50
2017.01.05 10:07:52.705,0.85024,0.85034,1.00,1.00
2017.01.05 10:07:52.858,0.85026,0.85033,1.25,1.00
2017.01.05 10:07:53.581,0.85025,0.85033,1.25,1.00
2017.01.05 10:07:53.938,0.85024,0.85029,1.50,1.00
2017.01.05 10:07:54.610,0.85025,0.85032,1.25,1.00
2017.01.05 10:07:54.914,0.85025,0.8503,1.25,1.00
2017.01.05 10:07:54.965,0.85025,0.85032,1.25,1.00
2017.01.05 10:07:55.136,0.85025,0.8503,1.25,1.00
2017.01.05 10:07:55.897,0.85023,0.85029,1.25,1.00
2017.01.05 10:07:55.999,0.85025,0.85031,1.25,1.00
2017.01.05 10:07:56.304,0.85028,0.85032,1.25,1.00
2017.01.05 10:07:59.434,0.85025,0.85029,1.25,1.00
2017.01.05 10:07:59.485,0.85025,0.85029,1.25,1.00
2017.01.05 10:08:01.046,0.85024,0.85028,1.25,1.00
2017.01.05 10:08:01.300,0.85024,0.8503,1.25,1.00
2017.01.05 10:08:01.351,0.85025,0.85033,1.00,1.00
2017.01.05 10:08:01.808,0.85023,0.85033,3.19,1.00
2017.01.05 10:08:02.627,0.85025,0.85033,1.00,1.00
2017.01.05 10:08:03.286,0.85025,0.85034,1.00,1.00
2017.01.05 10:08:03.883,0.85025,0.85033,1.00,1.00
2017.01.05 10:08:04.602,0.85024,0.85033,1.69,1.00
2017.01.05 10:08:05.132,0.85024,0.85031,1.69,1.00
2017.01.05 10:08:05.183,0.85024,0.85033,1.69,1.00
2017.01.05 10:08:05.767,0.85025,0.85034,1.00,1.00
2017.01.05 10:08:06.495,0.85025,0.85032,1.00,1.00
2017.01.05 10:08:07.687,0.85026,0.85035,1.00,1.00
2017.01.05 10:08:08.183,0.85028,0.85037,1.00,1.00
2017.01.05 10:08:08.492,0.8503,0.85038,1.25,1.00
2017.01.05 10:08:09.330,0.85029,0.85036,1.50,1.00
2017.01.05 10:08:09.736,0.85031,0.85037,1.25,1.00
2017.01.05 10:08:10.337,0.85031,0.85038,1.25,1.00
2017.01.05 10:08:10.661,0.85033,0.8504,1.25,1.00
2017.01.05 10:08:12.842,0.85033,0.85038,1.69,1.00
2017.01.05 10:08:12.893,0.85033,0.85041,1.00,1.00
2017.01.05 10:08:13.322,0.85031,0.85039,1.25,1.00
2017.01.05 10:08:13.373,0.85029,0.85039,2.06,1.00
2017.01.05 10:08:13.627,0.8503,0.85041,1.00,1.00
2017.01.05 10:08:14.170,0.8503,0.8504,1.00,1.00
2017.01.05 10:08:14.949,0.85031,0.8504,1.25,1.00
2017.01.05 10:08:16.269,0.85029,0.85039,3.56,1.00
2017.01.05 10:08:16.472,0.85029,0.85037,2.06,1.00
2017.01.05 10:08:17.437,0.85031,0.85037,1.25,1.00
2017.01.05 10:08:17.940,0.85031,0.85036,1.25,1.00
2017.01.05 10:08:18.924,0.85031,0.85037,1.25,1.00
2017.01.05 10:08:18.988,0.85029,0.85038,1.00,1.00
2017.01.05 10:08:19.293,0.8503,0.8504,1.69,1.00
2017.01.05 10:08:19.394,0.85032,0.85039,1.00,1.00
2017.01.05 10:08:19.586,0.85034,0.85043,1.69,1.00
2017.01.05 10:08:20.400,0.85035,0.85043,1.00,1.00
2017.01.05 10:08:21.121,0.85034,0.85043,1.69,1.00
2017.01.05 10:08:23.757,0.85036,0.85044,1.00,1.00
2017.01.05 10:08:23.808,0.85033,0.85042,1.00,1.00
2017.01.05 10:08:24.347,0.85034,0.85043,1.00,1.00
2017.01.05 10:08:24.399,0.85034,0.8504,1.00,1.00
2017.01.05 10:08:24.451,0.85032,0.8504,1.25,1.00
2017.01.05 10:08:24.502,0.85032,0.85038,1.25,1.00
2017.01.05 10:08:24.807,0.85032,0.85036,1.25,1.00
2017.01.05 10:08:25.111,0.85034,0.85038,1.25,1.00
2017.01.05 10:08:27.401,0.85034,0.85039,1.25,1.00
2017.01.05 10:08:27.705,0.85033,0.85037,1.25,1.00
2017.01.05 10:08:27.807,0.85032,0.85037,1.25,1.00
2017.01.05 10:08:28.112,0.85032,0.8504,1.25,1.00
2017.01.05 10:08:28.416,0.85033,0.85044,1.50,1.00
2017.01.05 10:08:28.467,0.85036,0.85045,1.25,1.00
2017.01.05 10:08:28.810,0.85036,0.85043,1.25,1.00
2017.01.05 10:08:29.341,0.85036,0.8504,1.25,1.00
2017.01.05 10:08:29.493,0.85034,0.8504,1.69,1.00
2017.01.05 10:08:29.697,0.85033,0.85042,1.00,1.00
2017.01.05 10:08:29.840,0.85035,0.85043,1.69,1.00
2017.01.05 10:08:30.144,0.85035,0.85039,1.69,1.00
2017.01.05 10:08:30.195,0.85035,0.85041,1.69,1.00
2017.01.05 10:08:30.550,0.85033,0.8504,1.25,1.00
2017.01.05 10:08:31.058,0.85034,0.85041,1.31,1.00
2017.01.05 10:08:31.741,0.85038,0.85042,1.25,1.00
2017.01.05 10:08:31.792,0.85038,0.85044,1.25,1.00
2017.01.05 10:08:32.147,0.85038,0.85042,1.25,1.00
2017.01.05 10:08:34.316,0.85038,0.85045,1.25,1.00
2017.01.05 10:08:34.834,0.85038,0.85044,1.25,1.00
2017.01.05 10:08:34.966,0.85038,0.85042,1.25,1.00
2017.01.05 10:08:35.083,0.85034,0.8504,2.06,1.00
2017.01.05 10:08:35.185,0.85034,0.85042,2.06,1.00
2017.01.05 10:08:35.712,0.85034,0.85041,1.31,1.00
2017.01.05 10:08:36.218,0.85035,0.85042,1.00,1.00
2017.01.05 10:08:36.491,0.85035,0.8504,1.00,1.00
2017.01.05 10:08:37.294,0.85034,0.8504,1.25,1.00
2017.01.05 10:08:37.832,0.85034,0.85041,1.25,1.00
2017.01.05 10:08:41.291,0.85034,0.85042,1.69,1.00
2017.01.05 10:08:41.797,0.85035,0.85043,2.06,1.00
2017.01.05 10:08:42.780,0.85035,0.85044,2.06,1.00
2017.01.05 10:08:43.689,0.85035,0.85043,1.69,1.00
2017.01.05 10:08:44.257,0.85035,0.85044,1.25,1.00
2017.01.05 10:08:44.584,0.85038,0.85044,1.25,1.00
2017.01.05 10:08:45.109,0.85037,0.85044,1.25,1.00
2017.01.05 10:08:48.938,0.85039,0.85044,1.25,1.00
2017.01.05 10:08:49.094,0.85039,0.85046,1.25,1.00
2017.01.05 10:08:49.600,0.85039,0.85045,1.25,1.00
2017.01.05 10:08:49.702,0.85039,0.85043,1.25,1.00
2017.01.05 10:08:50.242,0.85039,0.85044,1.25,1.00
2017.01.05 10:08:50.658,0.85039,0.85047,1.25,1.00
2017.01.05 10:08:53.836,0.85039,0.85049,1.69,2.62
2017.01.05 10:08:54.041,0.85037,0.85047,3.56,1.00
2017.01.05 10:08:54.703,0.85037,0.85046,1.25,1.50
2017.01.05 10:08:54.871,0.85037,0.85048,2.44,1.69
2017.01.05 10:08:58.002,0.85038,0.85048,1.00,1.69
2017.01.05 10:08:59.057,0.8504,0.85048,1.00,1.25
2017.01.05 10:08:59.563,0.85043,0.85051,1.00,1.00
2017.01.05 10:08:59.616,0.85043,0.85053,1.50,1.69
2017.01.05 10:09:00.131,0.85046,0.85055,1.00,1.87
2017.01.05 10:09:00.182,0.85044,0.85054,1.69,1.00
2017.01.05 10:09:00.708,0.85044,0.8505,1.25,1.00
2017.01.05 10:09:01.069,0.85044,0.85052,1.25,2.25
2017.01.05 10:09:01.524,0.85044,0.85054,1.25,1.00
2017.01.05 10:09:01.776,0.85047,0.85056,1.00,1.50
2017.01.05 10:09:01.827,0.85047,0.85058,1.00,2.44
2017.01.05 10:09:01.930,0.85054,0.85059,1.25,1.00
2017.01.05 10:09:01.981,0.85052,0.8506,1.00,1.50
2017.01.05 10:09:02.134,0.85051,0.85062,1.00,1.50
2017.01.05 10:09:02.236,0.85051,0.85062,1.00,1.87
2017.01.05 10:09:02.745,0.8505,0.85061,1.69,1.00
2017.01.05 10:09:03.225,0.8505,0.85059,1.69,1.50
2017.01.05 10:09:03.765,0.85053,0.85062,1.00,2.44
2017.01.05 10:09:03.816,0.85051,0.85062,1.00,2.06
2017.01.05 10:09:03.917,0.85056,0.85063,1.00,1.25
2017.01.05 10:09:04.120,0.85059,0.85068,1.00,3.19
2017.01.05 10:09:04.171,0.85057,0.85068,1.69,3.19
2017.01.05 10:09:04.715,0.85058,0.85068,1.00,1.69
2017.01.05 10:09:05.238,0.85057,0.85068,1.69,1.69
2017.01.05 10:09:05.440,0.85059,0.85068,1.00,1.69
2017.01.05 10:09:06.216,0.85057,0.85067,1.25,1.50
2017.01.05 10:09:06.829,0.85058,0.85067,1.00,1.00
2017.01.05 10:09:08.356,0.85057,0.85068,1.25,1.69
2017.01.05 10:09:08.893,0.85057,0.85067,1.25,1.00
2017.01.05 10:09:12.728,0.85057,0.85066,1.25,1.50
2017.01.05 10:09:12.830,0.85057,0.85064,1.25,1.00
2017.01.05 10:09:12.932,0.85057,0.85066,1.25,1.50
2017.01.05 10:09:13.186,0.85057,0.85068,1.69,3.94
2017.01.05 10:09:13.344,0.85057,0.85066,1.69,1.00
2017.01.05 10:09:14.134,0.85057,0.85065,1.25,1.00
2017.01.05 10:09:14.655,0.85057,0.85064,1.25,1.00
2017.01.05 10:09:15.190,0.85057,0.85065,1.25,1.50
2017.01.05 10:09:15.616,0.85057,0.85062,1.25,1.00
2017.01.05 10:09:16.033,0.85051,0.85059,1.25,1.00
2017.01.05 10:09:16.921,0.85052,0.85062,1.00,2.62
2017.01.05 10:09:17.023,0.85054,0.85062,1.00,1.00
2017.01.05 10:09:17.074,0.85055,0.85064,1.00,1.50
2017.01.05 10:09:17.660,0.85054,0.85063,1.00,1.00
2017.01.05 10:09:17.824,0.85052,0.85063,1.00,1.00
2017.01.05 10:09:17.926,0.85052,0.85061,1.00,1.00
2017.01.05 10:09:19.578,0.85051,0.8506,1.00,1.00
2017.01.05 10:09:19.881,0.85053,0.8506,1.00,1.00
2017.01.05 10:09:20.408,0.85052,0.8506,1.00,1.00
2017.01.05 10:09:20.611,0.85054,0.85064,1.69,3.37
2017.01.05 10:09:20.814,0.85054,0.85061,1.00,1.00
2017.01.05 10:09:21.101,0.85051,0.85061,1.00,1.00
2017.01.05 10:09:21.650,0.85051,0.8506,1.00,1.00
2017.01.05 10:09:24.115,0.85054,0.85062,1.00,1.00
2017.01.05 10:09:24.419,0.85056,0.85063,1.00,1.00
2017.01.05 10:09:24.925,0.85057,0.85063,1.00,1.25
2017.01.05 10:09:25.128,0.85056,0.85066,1.25,1.87
2017.01.05 10:09:26.285,0.85056,0.85064,1.25,1.00
2017.01.05 10:09:31.980,0.85055,0.85064,1.25,1.00
2017.01.05 10:09:32.284,0.85055,0.85062,1.25,1.50
2017.01.05 10:09:32.487,0.85053,0.85062,1.00,1.50
2017.01.05 10:09:33.616,0.85051,0.85062,1.37,1.00
2017.01.05 10:09:34.023,0.85051,0.8506,1.25,1.50
2017.01.05 10:09:34.593,0.85051,0.85059,1.25,1.00
2017.01.05 10:09:35.872,0.85051,0.8506,1.25,1.87
2017.01.05 10:09:36.463,0.85051,0.85059,1.25,1.00
2017.01.05 10:09:45.177,0.85052,0.8506,1.25,1.50
2017.01.05 10:09:49.440,0.85052,0.85059,1.25,1.00
2017.01.05 10:09:50.768,0.8505,0.85059,1.25,1.00
2017.01.05 10:09:54.278,0.85049,0.8506,1.00,2.44
2017.01.05 10:09:54.801,0.85048,0.85059,1.00,1.00
2017.01.05 10:09:59.473,0.8505,0.85059,1.25,1.00
2017.01.05 10:09:59.676,0.8505,0.85061,1.25,1.00
2017.01.05 10:10:00.212,0.8505,0.85061,1.25,1.87
2017.01.05 10:10:00.957,0.85052,0.8506,1.25,1.00
2017.01.05 10:10:01.469,0.85053,0.85061,1.25,1.00
2017.01.05 10:10:01.722,0.8505,0.85062,2.44,1.00
2017.01.05 10:10:01.824,0.85053,0.85062,1.25,1.37
2017.01.05 10:10:02.078,0.85054,0.85063,1.25,1.00
2017.01.05 10:10:02.129,0.85051,0.85063,1.50,1.69
2017.01.05 10:10:02.726,0.85051,0.85062,1.50,1.00
2017.01.05 10:10:04.268,0.8505,0.85062,1.87,1.50
2017.01.05 10:10:04.319,0.8505,0.8506,1.87,1.25
2017.01.05 10:10:05.000,0.8505,0.85059,1.00,1.00
2017.01.05 10:10:09.097,0.85051,0.8506,1.00,1.25
2017.01.05 10:10:09.272,0.85051,0.85062,1.69,1.00
2017.01.05 10:10:09.778,0.85053,0.85063,1.69,1.00
2017.01.05 10:10:10.284,0.85053,0.85064,2.44,1.00
2017.01.05 10:10:11.792,0.85053,0.85062,1.69,1.00
2017.01.05 10:10:14.273,0.85053,0.85064,1.25,1.50
2017.01.05 10:10:14.679,0.85055,0.85064,1.00,1.50
2017.01.05 10:10:15.735,0.85054,0.85064,1.00,1.00
2017.01.05 10:10:17.627,0.85054,0.85065,1.50,2.44
2017.01.05 10:10:20.952,0.85054,0.85063,1.00,1.00
2017.01.05 10:10:21.556,0.85053,0.85064,2.44,1.00
2017.01.05 10:10:22.129,0.85054,0.85065,1.00,2.44
2017.01.05 10:10:26.278,0.85055,0.85065,1.00,2.44
2017.01.05 10:10:26.576,0.85051,0.85062,3.56,1.69
2017.01.05 10:10:27.140,0.85052,0.85062,1.00,1.25
2017.01.05 10:10:29.978,0.85053,0.85062,1.00,1.25
2017.01.05 10:10:30.322,0.85053,0.85064,1.50,1.00
2017.01.05 10:10:30.872,0.85055,0.85065,1.00,2.81
2017.01.05 10:10:31.596,0.85055,0.85066,1.50,1.69
2017.01.05 10:10:32.256,0.85055,0.85064,1.00,1.00
2017.01.05 10:10:32.747,0.85053,0.85062,1.00,1.00
2017.01.05 10:10:33.050,0.85052,0.8506,1.25,1.00
2017.01.05 10:10:34.930,0.85053,0.8506,1.00,1.00
2017.01.05 10:10:35.439,0.85052,0.8506,1.69,1.00
2017.01.05 10:10:35.907,0.85052,0.85058,1.69,1.00
2017.01.05 10:10:36.446,0.85052,0.85059,1.69,1.00
2017.01.05 10:10:37.286,0.85052,0.8506,1.69,1.00
2017.01.05 10:10:37.813,0.85052,0.85061,1.69,1.00
2017.01.05 10:10:40.090,0.85052,0.8506,1.25,1.00
2017.01.05 10:10:40.445,0.85051,0.85062,1.00,1.50
2017.01.05 10:10:40.951,0.85051,0.85061,1.00,1.00
2017.01.05 10:10:41.608,0.85051,0.85062,1.00,1.87
2017.01.05 10:10:45.591,0.85051,0.85061,1.00,1.00
2017.01.05 10:10:46.144,0.85051,0.85062,1.00,1.87
2017.01.05 10:10:46.665,0.85051,0.85061,1.00,1.00
2017.01.05 10:10:47.220,0.85051,0.85062,1.00,1.50
2017.01.05 10:10:47.815,0.85052,0.85063,1.00,3.19
2017.01.05 10:10:50.037,0.85051,0.85059,1.00,1.00
2017.01.05 10:10:52.349,0.85052,0.85062,1.00,1.00
2017.01.05 10:10:52.450,0.85052,0.8506,1.31,1.00
2017.01.05 10:10:52.552,0.8505,0.85059,1.00,1.00
2017.01.05 10:10:52.654,0.85048,0.8506,3.56,2.06
2017.01.05 10:10:52.755,0.85048,0.85057,2.44,1.00
2017.01.05 10:10:52.976,0.85048,0.85059,1.69,1.00
2017.01.05 10:10:53.445,0.85051,0.85062,1.69,2.62
2017.01.05 10:10:53.801,0.8505,0.85059,1.37,1.00
2017.01.05 10:10:54.262,0.85049,0.85057,1.00,1.00
2017.01.05 10:10:54.598,0.85049,0.85059,2.44,1.00
2017.01.05 10:10:54.851,0.8505,0.85061,1.25,1.00
2017.01.05 10:10:54.902,0.8505,0.85059,1.25,1.00
2017.01.05 10:10:55.417,0.85049,0.85058,1.25,1.00
2017.01.05 10:10:55.923,0.85049,0.85056,1.25,1.00
2017.01.05 10:10:56.075,0.85047,0.85057,1.12,1.00
2017.01.05 10:10:56.293,0.8505,0.85058,1.00,1.69
2017.01.05 10:10:56.893,0.85051,0.85058,1.00,1.25
2017.01.05 10:11:03.101,0.85053,0.85058,1.00,1.25
2017.01.05 10:11:03.659,0.8505,0.85058,1.00,1.25
2017.01.05 10:11:04.559,0.85051,0.85058,1.00,1.25
2017.01.05 10:11:07.301,0.85052,0.85058,1.00,1.25
2017.01.05 10:11:07.983,0.8505,0.85058,1.00,1.25
2017.01.05 10:11:08.527,0.85048,0.85057,1.00,1.00
2017.01.05 10:11:08.578,0.85046,0.85057,1.69,1.00
2017.01.05 10:11:08.730,0.85046,0.85055,1.69,1.00
2017.01.05 10:11:09.361,0.85044,0.85054,1.12,1.25
2017.01.05 10:11:09.524,0.85042,0.85053,1.00,1.50
2017.01.05 10:11:09.575,0.85042,0.85051,1.00,1.69
2017.01.05 10:11:10.082,0.8504,0.8505,1.00,1.12
2017.01.05 10:11:10.340,0.85043,0.85051,1.00,1.37
2017.01.05 10:11:10.543,0.85042,0.85052,1.69,1.50
2017.01.05 10:11:10.594,0.85042,0.85052,1.69,1.87
2017.01.05 10:11:12.350,0.85042,0.85049,1.00,1.00
2017.01.05 10:11:12.402,0.85042,0.85051,1.00,1.69
2017.01.05 10:11:13.061,0.85043,0.85051,1.00,1.25
2017.01.05 10:11:13.590,0.85044,0.8505,1.00,1.00
2017.01.05 10:11:14.169,0.85044,0.85051,1.00,1.31
2017.01.05 10:11:14.363,0.85041,0.8505,1.00,1.69
2017.01.05 10:11:14.465,0.8504,0.85048,1.00,1.25
2017.01.05 10:11:14.988,0.85041,0.85048,1.00,1.25
2017.01.05 10:11:15.394,0.85043,0.85048,1.00,1.25
2017.01.05 10:11:16.115,0.85043,0.85051,1.00,1.31
2017.01.05 10:11:16.166,0.85045,0.85051,1.00,1.31
2017.01.05 10:11:16.881,0.85043,0.85051,1.00,1.25
2017.01.05 10:11:17.616,0.85043,0.85053,1.00,3.19
2017.01.05 10:11:18.122,0.85042,0.85051,1.00,1.25
2017.01.05 10:11:18.640,0.85043,0.85051,1.00,1.31
2017.01.05 10:11:20.616,0.85044,0.85053,1.00,3.19
2017.01.05 10:11:20.849,0.85044,0.85053,1.00,3.19
2017.01.05 10:11:21.153,0.85044,0.85051,1.00,1.25
2017.01.05 10:11:21.660,0.85043,0.85051,1.00,1.25
2017.01.05 10:11:22.250,0.85042,0.85051,1.00,1.25
2017.01.05 10:11:22.761,0.85041,0.85051,1.25,2.25
2017.01.05 10:11:23.705,0.85045,0.8505,1.00,1.12
2017.01.05 10:11:24.535,0.85047,0.85051,1.00,1.12
2017.01.05 10:11:24.840,0.8505,0.85056,1.00,2.62
2017.01.05 10:11:24.891,0.85051,0.85056,1.00,1.50
2017.01.05 10:11:25.395,0.85052,0.85056,1.00,1.00
2017.01.05 10:11:25.807,0.85053,0.85058,1.00,3.56
2017.01.05 10:11:26.062,0.85057,0.85061,1.00,1.12
2017.01.05 10:11:26.119,0.85055,0.85061,1.00,1.50
2017.01.05 10:11:26.373,0.85057,0.85061,1.00,1.25
2017.01.05 10:11:26.886,0.85058,0.85062,1.00,1.25
2017.01.05 10:11:27.354,0.85055,0.85059,1.00,1.25
2017.01.05 10:11:27.456,0.85055,0.85059,1.00,1.25
2017.01.05 10:11:30.049,0.85054,0.85058,1.00,1.25
2017.01.05 10:11:30.767,0.85054,0.8506,1.00,1.00
2017.01.05 10:11:30.818,0.85056,0.8506,1.00,1.00
2017.01.05 10:11:30.971,0.85057,0.85062,1.00,1.12
2017.01.05 10:11:32.082,0.85055,0.85063,1.00,1.50
2017.01.05 10:11:33.149,0.85057,0.85063,1.00,1.12
2017.01.05 10:11:33.832,0.85056,0.85062,1.00,1.00
2017.01.05 10:11:34.378,0.85055,0.85062,1.00,1.50
2017.01.05 10:11:34.912,0.85055,0.8506,1.00,1.12
2017.01.05 10:11:35.029,0.85053,0.8506,1.00,1.12
2017.01.05 10:11:35.232,0.85051,0.85059,1.00,1.00
2017.01.05 10:11:35.283,0.85049,0.85058,1.00,1.25
2017.01.05 10:11:35.334,0.85049,0.85056,1.00,1.00
2017.01.05 10:11:36.321,0.85049,0.85058,1.00,1.00
2017.01.05 10:11:36.372,0.85051,0.85058,1.00,1.00
2017.01.05 10:11:36.858,0.8505,0.85056,1.00,1.25
2017.01.05 10:11:37.995,0.85049,0.85056,1.00,1.25
2017.01.05 10:11:38.807,0.8505,0.8506,1.00,1.69
2017.01.05 10:11:39.431,0.8505,0.85059,1.00,1.69
2017.01.05 10:11:40.024,0.8505,0.85058,1.00,1.00
2017.01.05 10:11:41.465,0.85049,0.85058,1.00,1.00
2017.01.05 10:11:41.718,0.85051,0.85058,1.00,1.00
2017.01.05 10:11:42.370,0.85051,0.85057,1.00,1.00
2017.01.05 10:11:42.676,0.85052,0.8506,1.00,1.87
2017.01.05 10:11:42.828,0.85053,0.85062,1.00,1.50
2017.01.05 10:11:43.386,0.85054,0.85063,1.00,2.44
2017.01.05 10:11:43.928,0.85053,0.85063,1.00,2.44
2017.01.05 10:11:44.513,0.85052,0.8506,1.00,1.00
2017.01.05 10:11:44.868,0.8505,0.85059,1.00,1.00
2017.01.05 10:11:48.594,0.8505,0.85057,1.00,1.69
2017.01.05 10:11:49.100,0.85049,0.85057,1.00,1.69
2017.01.05 10:11:50.066,0.85049,0.85055,1.00,1.00
2017.01.05 10:11:50.218,0.85047,0.85056,1.00,1.69
2017.01.05 10:11:50.746,0.85048,0.85056,1.00,1.69
2017.01.05 10:11:51.076,0.85048,0.85054,1.00,1.25
2017.01.05 10:11:52.730,0.85048,0.85053,1.00,1.25
2017.01.05 10:11:53.034,0.85044,0.85053,1.00,1.69
2017.01.05 10:11:53.136,0.85046,0.85053,1.00,1.69
2017.01.05 10:11:53.347,0.85047,0.85056,1.00,1.69
2017.01.05 10:11:55.185,0.85049,0.85058,1.00,2.62
2017.01.05 10:11:55.489,0.85048,0.85056,1.00,1.00
2017.01.05 10:11:56.022,0.85048,0.85057,1.00,1.00
2017.01.05 10:12:03.028,0.85048,0.85057,1.00,2.62
2017.01.05 10:12:03.548,0.85048,0.85058,1.00,4.12
2017.01.05 10:12:04.127,0.85048,0.85058,1.00,3.37
2017.01.05 10:12:04.897,0.85048,0.85057,1.00,1.00
2017.01.05 10:12:05.201,0.85045,0.85054,1.00,1.00
2017.01.05 10:12:07.606,0.85046,0.85054,1.00,1.12
2017.01.05 10:12:08.159,0.85046,0.85056,1.00,3.00
2017.01.05 10:12:11.001,0.85048,0.85057,1.00,3.00
2017.01.05 10:12:11.206,0.85046,0.85055,1.69,1.00
2017.01.05 10:12:11.358,0.85044,0.85054,1.00,1.00
2017.01.05 10:12:11.882,0.85044,0.85053,1.00,1.87
2017.01.05 10:12:11.933,0.85043,0.85051,1.00,1.00
2017.01.05 10:12:12.439,0.85043,0.85053,1.69,1.50
2017.01.05 10:12:12.957,0.85041,0.85051,1.69,1.12
2017.01.05 10:12:13.238,0.85044,0.85053,1.00,1.87
2017.01.05 10:12:13.354,0.85044,0.85054,1.00,2.81
2017.01.05 10:12:13.875,0.85044,0.85054,1.00,1.25
2017.01.05 10:12:13.977,0.85046,0.85054,1.00,1.69
2017.01.05 10:12:14.078,0.85044,0.85053,1.00,1.00
2017.01.05 10:12:14.637,0.85044,0.85053,1.00,1.87
2017.01.05 10:12:14.890,0.85043,0.85052,1.00,1.87
2017.01.05 10:12:15.452,0.85046,0.8505,1.69,1.00
2017.01.05 10:12:15.554,0.85046,0.85055,1.69,1.75
2017.01.05 10:12:15.661,0.85046,0.85056,1.69,1.50
2017.01.05 10:12:16.025,0.85048,0.85056,1.00,1.00
2017.01.05 10:12:16.430,0.85046,0.85055,1.00,1.12
2017.01.05 10:12:16.481,0.85046,0.85053,1.00,1.25
2017.01.05 10:12:17.015,0.85045,0.85053,1.00,1.25
2017.01.05 10:12:19.267,0.85048,0.85055,1.00,1.37
2017.01.05 10:12:19.573,0.85053,0.85062,1.00,1.50
2017.01.05 10:12:20.095,0.85054,0.85061,1.00,1.00
2017.01.05 10:12:20.350,0.85052,0.85061,1.00,1.00
2017.01.05 10:12:21.142,0.85052,0.85059,1.00,1.00
2017.01.05 10:12:21.244,0.85049,0.85057,1.00,1.00
2017.01.05 10:12:21.784,0.85048,0.85057,1.00,1.12
2017.01.05 10:12:23.590,0.85049,0.85058,1.00,1.31
2017.01.05 10:12:26.583,0.85051,0.85058,1.00,1.31
2017.01.05 10:12:27.123,0.8505,0.85058,1.00,1.31
2017.01.05 10:12:27.717,0.85049,0.85057,1.00,1.00
2017.01.05 10:12:28.224,0.85048,0.85056,1.00,1.00
2017.01.05 10:12:28.563,0.8505,0.85057,1.00,1.25
2017.01.05 10:12:29.069,0.85052,0.85061,1.00,1.69
2017.01.05 10:12:29.120,0.85054,0.85061,1.00,1.62
2017.01.05 10:12:29.323,0.85057,0.85064,1.00,1.31
2017.01.05 10:12:29.525,0.85058,0.85066,1.00,1.25
2017.01.05 10:12:30.075,0.85057,0.85067,1.00,2.44
2017.01.05 10:12:30.614,0.85058,0.85067,1.00,1.31
2017.01.05 10:12:31.858,0.85057,0.85065,1.00,1.69
2017.01.05 10:12:32.176,0.85055,0.85064,1.00,1.69
2017.01.05 10:12:34.379,0.85056,0.85066,1.00,2.44
2017.01.05 10:12:34.932,0.85055,0.85065,1.00,1.00
2017.01.05 10:12:36.245,0.85053,0.85064,1.12,1.00
2017.01.05 10:12:36.380,0.85052,0.85062,1.12,2.44
2017.01.05 10:12:38.272,0.85052,0.85062,1.69,1.00
2017.01.05 10:12:39.128,0.85052,0.85061,1.00,1.00
2017.01.05 10:12:42.956,0.85052,0.8506,1.00,1.00
2017.01.05 10:12:43.980,0.85052,0.85061,1.00,2.06
2017.01.05 10:12:46.998,0.85053,0.8506,1.00,1.00
2017.01.05 10:12:47.367,0.8505,0.85061,1.00,1.25
2017.01.05 10:12:47.469,0.85052,0.85061,1.00,1.31
2017.01.05 10:12:47.773,0.85054,0.85061,1.00,1.25
2017.01.05 10:12:49.070,0.85053,0.85061,1.00,1.25
2017.01.05 10:12:49.848,0.85052,0.85061,1.00,1.25
2017.01.05 10:12:50.214,0.85054,0.85064,1.00,3.56
2017.01.05 10:12:50.723,0.85053,0.85064,1.69,1.69
2017.01.05 10:12:50.954,0.85053,0.85062,1.69,1.00
2017.01.05 10:12:51.267,0.85048,0.85055,1.00,1.25
2017.01.05 10:12:51.470,0.85046,0.85055,1.00,1.25
2017.01.05 10:12:51.990,0.85047,0.85055,1.00,1.25
2017.01.05 10:12:58.346,0.85047,0.85057,1.00,1.00
2017.01.05 10:12:58.397,0.8505,0.85058,1.00,1.69
2017.01.05 10:12:58.905,0.85049,0.85059,1.50,1.50
2017.01.05 10:12:59.448,0.8505,0.85058,1.00,1.00
2017.01.05 10:13:00.865,0.8505,0.8506,1.00,2.06
2017.01.05 10:13:01.934,0.8505,0.85058,1.00,1.00
2017.01.05 10:13:01.985,0.85048,0.85057,1.12,1.69
2017.01.05 10:13:02.087,0.85047,0.85055,1.00,1.25
2017.01.05 10:13:02.368,0.85049,0.85059,1.25,1.12
2017.01.05 10:13:02.912,0.85049,0.8506,1.69,1.87
2017.01.05 10:13:03.786,0.85049,0.85059,1.69,1.00
2017.01.05 10:13:03.887,0.85047,0.85058,2.44,1.00
2017.01.05 10:13:04.427,0.85047,0.85057,1.00,1.00
2017.01.05 10:13:04.944,0.85046,0.85056,1.25,1.00
2017.01.05 10:13:06.495,0.85047,0.85056,1.25,1.00
2017.01.05 10:13:06.546,0.85047,0.85058,1.25,1.00
2017.01.05 10:13:07.968,0.85048,0.85058,1.00,1.50
2017.01.05 10:13:08.019,0.8505,0.85059,1.25,1.00
2017.01.05 10:13:08.323,0.85053,0.85058,1.25,1.00
2017.01.05 10:13:08.890,0.85052,0.85058,1.25,1.50
2017.01.05 10:13:09.416,0.85047,0.85057,1.12,1.00
2017.01.05 10:13:09.671,0.8505,0.85059,1.00,1.25
2017.01.05 10:13:10.048,0.85052,0.85059,1.00,1.25
2017.01.05 10:13:10.511,0.85052,0.85062,1.00,1.00
2017.01.05 10:13:11.042,0.85053,0.85063,1.00,1.00
2017.01.05 10:13:11.553,0.85056,0.85064,1.00,1.87
2017.01.05 10:13:11.785,0.85054,0.85064,1.00,1.87
2017.01.05 10:13:12.658,0.85055,0.85064,1.00,1.12
2017.01.05 10:13:13.440,0.85056,0.85064,1.00,1.00
2017.01.05 10:13:13.965,0.85055,0.85065,1.00,2.06
2017.01.05 10:13:14.984,0.85054,0.85064,1.00,1.00
2017.01.05 10:13:15.646,0.85049,0.85058,1.12,1.00
2017.01.05 10:13:15.951,0.85046,0.85054,1.00,1.25
2017.01.05 10:13:16.458,0.85047,0.85055,1.00,1.25
2017.01.05 10:13:17.079,0.85046,0.85055,1.00,1.25
2017.01.05 10:13:18.404,0.85045,0.85053,1.00,1.25
2017.01.05 10:13:18.507,0.85043,0.85052,1.50,1.25
2017.01.05 10:13:19.361,0.85042,0.85052,1.00,1.25
2017.01.05 10:13:19.759,0.85041,0.8505,1.00,1.25
2017.01.05 10:13:20.284,0.85042,0.8505,1.00,1.25
2017.01.05 10:13:20.818,0.85042,0.85047,1.00,1.25
2017.01.05 10:13:20.920,0.85039,0.85046,1.00,1.25
2017.01.05 10:13:21.108,0.85039,0.85049,1.00,1.37
2017.01.05 10:13:21.159,0.85037,0.85047,1.00,1.25
2017.01.05 10:13:21.362,0.85039,0.85049,1.00,2.06
2017.01.05 10:13:21.881,0.85039,0.85049,1.00,1.31
2017.01.05 10:13:22.387,0.85037,0.85047,1.00,1.25
2017.01.05 10:13:22.688,0.85036,0.85044,1.00,1.25
2017.01.05 10:13:23.712,0.85035,0.85044,1.00,1.25
2017.01.05 10:13:25.197,0.85032,0.8504,1.00,1.25
2017.01.05 10:13:25.401,0.85028,0.85037,1.00,1.25
2017.01.05 10:13:25.502,0.85031,0.85035,1.00,1.25
2017.01.05 10:13:25.554,0.85028,0.85038,1.00,1.25
2017.01.05 10:13:25.605,0.85031,0.8504,1.00,3.19
2017.01.05 10:13:25.932,0.8503,0.85035,1.00,1.25
2017.01.05 10:13:26.144,0.8503,0.8504,1.00,1.69
2017.01.05 10:13:28.283,0.85029,0.8504,1.00,1.00
2017.01.05 10:13:28.770,0.85032,0.85041,1.00,1.00
2017.01.05 10:13:28.973,0.8503,0.85042,1.69,3.37
2017.01.05 10:13:29.126,0.85032,0.85042,1.25,1.50
2017.01.05 10:13:29.631,0.85031,0.85042,1.25,2.44
2017.01.05 10:13:29.986,0.85034,0.85042,1.00,1.25
2017.01.05 10:13:32.914,0.85035,0.85042,1.00,1.25
2017.01.05 10:13:33.066,0.85036,0.85046,1.00,2.06
2017.01.05 10:13:33.567,0.85036,0.85046,1.00,1.25
2017.01.05 10:13:34.460,0.85035,0.85046,1.00,1.25
2017.01.05 10:13:34.511,0.85035,0.85044,1.00,1.00
2017.01.05 10:13:34.680,0.85035,0.85046,1.00,1.69
2017.01.05 10:13:35.692,0.85035,0.85043,1.00,1.00
2017.01.05 10:13:36.039,0.85037,0.85044,1.00,1.69
2017.01.05 10:13:36.141,0.85035,0.85044,1.00,1.25
2017.01.05 10:13:36.395,0.85037,0.85044,1.00,1.25
2017.01.05 10:13:37.013,0.85036,0.85044,1.00,1.25
2017.01.05 10:13:37.540,0.85037,0.85044,1.00,1.25
2017.01.05 10:13:38.110,0.85035,0.85042,1.00,1.25
2017.01.05 10:13:38.262,0.85032,0.8504,1.00,1.25
2017.01.05 10:13:38.314,0.8503,0.85036,1.87,1.25
2017.01.05 10:13:38.366,0.85031,0.85041,1.00,2.06
2017.01.05 10:13:38.671,0.85028,0.85038,2.62,1.00
2017.01.05 10:13:40.284,0.85027,0.85036,1.00,1.00
2017.01.05 10:13:40.589,0.85023,0.85033,1.62,1.00
2017.01.05 10:13:41.187,0.85023,0.85033,1.25,1.00
2017.01.05 10:13:41.390,0.85025,0.85036,1.25,1.00
2017.01.05 10:13:41.911,0.85026,0.85036,1.31,1.00
2017.01.05 10:13:42.511,0.85026,0.85035,2.06,1.00
2017.01.05 10:13:42.989,0.85026,0.85037,2.06,1.00
2017.01.05 10:13:43.600,0.85026,0.85036,2.06,1.00
2017.01.05 10:13:44.130,0.85026,0.85035,2.06,1.00
2017.01.05 10:13:45.360,0.85027,0.85036,1.00,1.00
2017.01.05 10:13:45.563,0.8503,0.85039,1.00,1.69
2017.01.05 10:13:45.767,0.85032,0.85042,2.44,1.00
2017.01.05 10:13:45.868,0.85034,0.85044,1.00,1.00
2017.01.05 10:13:46.381,0.85034,0.85043,1.87,1.00
2017.01.05 10:13:47.261,0.85036,0.85043,1.00,1.00
2017.01.05 10:13:47.514,0.85036,0.85046,1.69,1.00
2017.01.05 10:13:47.819,0.85036,0.85044,1.69,1.00
2017.01.05 10:13:48.326,0.85035,0.85043,1.25,1.00
2017.01.05 10:13:49.309,0.85036,0.85043,1.00,1.00
2017.01.05 10:13:49.513,0.85036,0.85046,1.69,1.87
2017.01.05 10:13:49.564,0.85038,0.85046,1.00,1.87
2017.01.05 10:13:49.817,0.85038,0.85048,2.44,1.12
2017.01.05 10:13:49.868,0.8504,0.85049,1.00,2.25
2017.01.05 10:13:49.973,0.85038,0.85048,1.87,1.00
2017.01.05 10:13:50.250,0.85038,0.85046,1.25,1.00
2017.01.05 10:13:50.615,0.85036,0.85047,2.06,1.00
2017.01.05 10:13:50.828,0.85036,0.85045,1.31,1.00
2017.01.05 10:13:51.336,0.85035,0.85047,3.19,1.12
2017.01.05 10:13:51.918,0.85035,0.85047,2.44,1.12
2017.01.05 10:13:53.069,0.85034,0.85046,2.25,1.50
2017.01.05 10:13:53.120,0.85035,0.85044,1.00,1.00
2017.01.05 10:13:53.475,0.85033,0.85043,1.12,1.00
2017.01.05 10:13:54.032,0.85032,0.85043,2.25,1.25
2017.01.05 10:13:54.235,0.85034,0.85043,1.12,1.25
2017.01.05 10:13:54.770,0.85034,0.85042,1.00,1.25
2017.01.05 10:13:54.973,0.85036,0.85045,1.00,1.69
2017.01.05 10:13:55.946,0.85037,0.85045,1.00,1.69
2017.01.05 10:13:57.794,0.85038,0.85045,1.00,1.25
2017.01.05 10:13:59.220,0.85038,0.85047,1.00,1.25
2017.01.05 10:13:59.271,0.85041,0.85049,1.00,2.06
2017.01.05 10:13:59.424,0.85042,0.85051,1.00,1.00
2017.01.05 10:13:59.678,0.85043,0.85053,1.00,1.00
2017.01.05 10:13:59.779,0.85043,0.85055,1.00,1.87
2017.01.05 10:14:00.032,0.85042,0.85053,3.94,1.25
2017.01.05 10:14:00.336,0.85041,0.8505,1.87,1.00
2017.01.05 10:14:00.438,0.85041,0.85052,1.87,1.00
2017.01.05 10:14:00.921,0.85039,0.8505,1.50,1.00
2017.01.05 10:14:01.074,0.85037,0.85049,3.00,1.69
2017.01.05 10:14:01.595,0.85037,0.85048,1.50,1.00
2017.01.05 10:14:02.106,0.85039,0.85049,1.00,1.69
2017.01.05 10:14:02.157,0.85041,0.8505,1.00,1.00
2017.01.05 10:14:02.662,0.85041,0.85051,1.50,1.00
2017.01.05 10:14:02.866,0.85038,0.8505,2.62,1.00
2017.01.05 10:14:03.069,0.85037,0.85047,1.87,1.25
2017.01.05 10:14:03.120,0.85037,0.85049,1.87,1.69
2017.01.05 10:14:03.632,0.85039,0.85049,1.12,1.25
2017.01.05 10:14:03.785,0.85041,0.8505,1.00,1.00
2017.01.05 10:14:04.337,0.85041,0.85051,1.12,1.25
2017.01.05 10:14:04.642,0.85037,0.85048,1.87,1.25
2017.01.05 10:14:05.182,0.85037,0.85048,1.50,1.25
2017.01.05 10:14:05.610,0.85036,0.85045,1.12,1.25
2017.01.05 10:14:05.914,0.85036,0.85048,1.69,1.00
2017.01.05 10:14:06.278,0.85036,0.85046,2.44,1.00
2017.01.05 10:14:06.882,0.85037,0.85046,1.00,1.00
2017.01.05 10:14:07.403,0.85036,0.85046,1.00,1.00
2017.01.05 10:14:07.918,0.85038,0.8505,1.50,1.69
2017.01.05 10:14:08.427,0.85038,0.85051,4.31,1.00
2017.01.05 10:14:08.945,0.85039,0.85051,1.00,1.00
2017.01.05 10:14:09.985,0.85039,0.85049,1.50,1.00
2017.01.05 10:14:10.372,0.85041,0.85049,1.00,1.00
2017.01.05 10:14:10.812,0.85042,0.85053,1.69,1.87
2017.01.05 10:14:10.914,0.85044,0.85055,1.00,2.62
2017.01.05 10:14:11.602,0.85044,0.85055,1.00,1.00
2017.01.05 10:14:12.099,0.85043,0.85053,2.44,1.00
2017.01.05 10:14:13.321,0.85042,0.85053,1.50,1.69
2017.01.05 10:14:13.525,0.85039,0.85051,3.19,1.00
2017.01.05 10:14:14.092,0.85039,0.8505,1.00,1.00
2017.01.05 10:14:14.617,0.85038,0.8505,2.25,1.00
2017.01.05 10:14:15.333,0.8504,0.8505,1.00,1.50
2017.01.05 10:14:20.329,0.85038,0.8505,2.25,1.00
2017.01.05 10:14:20.903,0.85039,0.85051,1.12,2.44
2017.01.05 10:14:21.157,0.85039,0.85049,1.87,1.00
2017.01.05 10:14:21.673,0.8504,0.85049,1.00,1.69
2017.01.05 10:14:22.000,0.85037,0.85047,1.12,1.00
2017.01.05 10:14:22.407,0.85039,0.85048,1.00,1.00
2017.01.05 10:14:23.064,0.85039,0.85049,1.12,1.25
2017.01.05 10:14:23.590,0.8504,0.85049,1.00,1.25
2017.01.05 10:14:24.123,0.85037,0.85048,2.25,2.44
2017.01.05 10:14:24.174,0.85036,0.85048,1.50,2.44
2017.01.05 10:14:24.684,0.85038,0.85048,1.87,1.00
2017.01.05 10:14:25.404,0.85039,0.85048,1.00,1.00
2017.01.05 10:14:25.455,0.85039,0.8505,1.00,1.00
2017.01.05 10:14:26.072,0.85041,0.8505,1.00,1.00
2017.01.05 10:14:27.696,0.85037,0.85046,1.87,1.25
2017.01.05 10:14:28.041,0.85032,0.8504,1.50,1.25
2017.01.05 10:14:28.911,0.85031,0.8504,2.25,1.25
2017.01.05 10:14:29.340,0.85031,0.8504,3.37,1.25
2017.01.05 10:14:29.755,0.85032,0.85042,1.50,1.00
2017.01.05 10:14:29.807,0.85035,0.85044,1.00,1.25
2017.01.05 10:14:30.142,0.85037,0.85045,1.12,1.25
2017.01.05 10:14:30.797,0.85035,0.85045,2.25,1.25
2017.01.05 10:14:31.337,0.85038,0.85047,1.00,1.69
2017.01.05 10:14:31.641,0.85036,0.85044,1.12,1.25
2017.01.05 10:14:31.795,0.85036,0.85043,1.12,1.25
2017.01.05 10:14:31.847,0.85034,0.85041,1.00,1.25
2017.01.05 10:14:32.354,0.85034,0.85042,1.00,1.25
2017.01.05 10:14:32.882,0.85033,0.85042,1.50,1.25
2017.01.05 10:14:33.713,0.85035,0.85044,1.00,1.25
2017.01.05 10:14:33.968,0.85036,0.85046,1.12,1.69
2017.01.05 10:14:34.120,0.85038,0.85048,1.00,1.00
2017.01.05 10:14:34.670,0.85038,0.85049,1.87,1.00
2017.01.05 10:14:36.400,0.85037,0.85048,2.25,1.69
2017.01.05 10:14:36.705,0.85035,0.85045,2.62,1.00
2017.01.05 10:14:37.093,0.85038,0.85047,1.00,1.00
2017.01.05 10:14:37.825,0.85037,0.85047,1.87,1.00
2017.01.05 10:14:38.404,0.85037,0.85048,2.62,1.00
2017.01.05 10:14:38.740,0.85035,0.85046,4.31,1.00
2017.01.05 10:14:39.277,0.85035,0.85045,3.94,1.00
2017.01.05 10:14:40.082,0.85036,0.85045,1.00,1.00
2017.01.05 10:14:40.614,0.85036,0.85046,1.00,1.00
2017.01.05 10:14:41.121,0.85035,0.85045,1.50,1.00
2017.01.05 10:14:41.664,0.85035,0.85044,1.00,1.69
2017.01.05 10:14:41.961,0.85032,0.85042,1.87,1.25
2017.01.05 10:14:42.013,0.85036,0.85045,1.50,1.00
2017.01.05 10:14:42.114,0.85034,0.85044,1.31,1.00
2017.01.05 10:14:42.165,0.85034,0.85043,2.06,1.00
2017.01.05 10:14:42.318,0.85034,0.85045,1.25,1.00
2017.01.05 10:14:42.672,0.85036,0.85046,1.00,1.00
2017.01.05 10:14:43.215,0.85035,0.85045,1.37,1.00
2017.01.05 10:14:43.367,0.85034,0.85044,1.25,1.00
2017.01.05 10:14:44.857,0.85036,0.85046,1.69,1.00
2017.01.05 10:14:45.359,0.85036,0.85045,1.00,1.69
2017.01.05 10:14:45.887,0.85035,0.85045,1.00,1.69
2017.01.05 10:14:49.211,0.85035,0.85044,1.00,1.00
2017.01.05 10:14:49.736,0.85034,0.85045,1.12,1.69
2017.01.05 10:14:50.089,0.85033,0.85042,1.87,1.25
2017.01.05 10:14:50.140,0.85036,0.85046,1.00,1.00
2017.01.05 10:14:50.667,0.85035,0.85045,1.50,1.25
2017.01.05 10:14:51.208,0.85037,0.85045,1.50,1.25
2017.01.05 10:14:51.310,0.85037,0.85049,1.50,1.00
2017.01.05 10:14:51.463,0.85039,0.85049,1.00,1.00
2017.01.05 10:14:53.139,0.85037,0.85047,2.25,1.69
2017.01.05 10:14:53.241,0.85035,0.85046,1.00,1.25
2017.01.05 10:14:53.747,0.85034,0.85045,1.00,1.69
2017.01.05 10:14:54.624,0.85037,0.85047,1.00,1.69
2017.01.05 10:14:55.560,0.85036,0.85045,1.00,1.00
2017.01.05 10:14:56.095,0.85035,0.85044,1.12,1.25
2017.01.05 10:14:56.352,0.85032,0.85043,2.62,1.25
2017.01.05 10:14:56.555,0.85034,0.85043,1.00,1.25
2017.01.05 10:14:59.294,0.85037,0.85046,1.00,1.31
2017.01.05 10:14:59.496,0.85037,0.85048,1.87,1.25
2017.01.05 10:14:59.547,0.85039,0.85049,1.00,1.25
2017.01.05 10:15:00.079,0.85038,0.8505,4.69,1.25
2017.01.05 10:15:00.568,0.85041,0.8505,1.00,1.25
2017.01.05 10:15:00.715,0.85041,0.85052,1.12,1.69
2017.01.05 10:15:01.398,0.85041,0.85051,3.00,1.25
2017.01.05 10:15:01.604,0.85042,0.85053,1.12,1.25
2017.01.05 10:15:02.118,0.85042,0.85052,1.87,1.25
2017.01.05 10:15:02.342,0.85043,0.8505,1.00,1.25
2017.01.05 10:15:02.572,0.85036,0.85046,1.00,1.25
2017.01.05 10:15:02.776,0.85036,0.85045,1.37,1.69
2017.01.05 10:15:02.878,0.85034,0.85043,1.50,1.00
2017.01.05 10:15:03.514,0.85032,0.85044,2.62,1.00
2017.01.05 10:15:04.018,0.85034,0.85045,1.12,1.25
2017.01.05 10:15:04.529,0.85035,0.85045,1.00,1.69
2017.01.05 10:15:04.631,0.85035,0.85047,1.00,2.06
2017.01.05 10:15:04.783,0.85035,0.85047,1.75,1.69
2017.01.05 10:15:04.885,0.85034,0.85046,3.00,1.00
2017.01.05 10:15:04.986,0.85034,0.85046,1.00,1.00
2017.01.05 10:15:05.672,0.85035,0.85046,1.00,1.00
2017.01.05 10:15:07.223,0.85035,0.85045,1.00,1.00
2017.01.05 10:15:07.911,0.85035,0.85044,1.12,1.00
2017.01.05 10:15:08.415,0.85034,0.85043,1.37,1.25
2017.01.05 10:15:09.218,0.85033,0.85043,1.12,1.25
2017.01.05 10:15:10.092,0.85034,0.85043,1.00,1.25
2017.01.05 10:15:10.586,0.85035,0.85045,1.00,1.00
2017.01.05 10:15:10.688,0.85036,0.85047,2.06,1.00
2017.01.05 10:15:11.239,0.85036,0.85046,1.50,1.25
2017.01.05 10:15:13.579,0.85037,0.85048,3.19,1.25
2017.01.05 10:15:14.091,0.85036,0.85048,1.87,1.69
2017.01.05 10:15:15.103,0.85038,0.85048,1.00,1.00
2017.01.05 10:15:15.653,0.85038,0.85049,2.25,1.25
2017.01.05 10:15:17.048,0.85038,0.85046,1.00,1.69
2017.01.05 10:15:17.201,0.85034,0.85043,1.00,2.44
2017.01.05 10:15:17.397,0.85031,0.85042,1.00,1.00
2017.01.05 10:15:17.916,0.85031,0.85043,1.50,3.94
2017.01.05 10:15:17.967,0.85034,0.85043,1.00,1.12
2017.01.05 10:15:18.019,0.85031,0.85044,3.19,1.87
2017.01.05 10:15:18.546,0.85031,0.85044,4.31,1.00
2017.01.05 10:15:19.287,0.85033,0.85044,1.00,1.50
2017.01.05 10:15:19.624,0.85034,0.85046,1.69,3.19
2017.01.05 10:15:20.130,0.85036,0.85047,1.25,1.00
2017.01.05 10:15:20.644,0.85037,0.85048,1.50,1.00
2017.01.05 10:15:21.050,0.85038,0.8505,1.69,2.06
2017.01.05 10:15:22.027,0.8504,0.85051,1.00,3.00
2017.01.05 10:15:22.244,0.85038,0.8505,2.44,1.25
2017.01.05 10:15:22.835,0.85038,0.85049,1.69,1.00
2017.01.05 10:15:23.379,0.85038,0.85048,1.00,1.00
2017.01.05 10:15:23.480,0.85037,0.85046,1.00,1.00
2017.01.05 10:15:23.632,0.85034,0.85046,2.25,1.00
2017.01.05 10:15:24.144,0.85034,0.85046,1.00,1.00
2017.01.05 10:15:25.213,0.85034,0.85047,1.87,2.44
2017.01.05 10:15:25.702,0.85036,0.85047,1.00,2.81
2017.01.05 10:15:30.358,0.85035,0.85047,1.00,2.44
2017.01.05 10:15:30.670,0.85035,0.85045,1.50,1.00
2017.01.05 10:15:32.581,0.85036,0.85045,1.00,1.00
2017.01.05 10:15:32.633,0.85036,0.85047,1.00,1.25
2017.01.05 10:15:34.302,0.85037,0.85047,1.00,1.25
2017.01.05 10:15:34.353,0.85041,0.85049,1.00,1.37
2017.01.05 10:15:34.455,0.85041,0.8505,1.00,1.25
2017.01.05 10:15:35.263,0.8504,0.8505,1.00,1.25
2017.01.05 10:15:39.616,0.8504,0.85049,1.00,1.00
2017.01.05 10:15:41.738,0.85041,0.85051,1.00,2.06
2017.01.05 10:15:42.244,0.85039,0.8505,1.00,1.00
2017.01.05 10:15:43.678,0.85041,0.8505,1.00,1.25
2017.01.05 10:15:43.881,0.85044,0.85054,1.12,1.69
2017.01.05 10:15:44.185,0.85044,0.8505,1.00,1.00
2017.01.05 10:15:44.719,0.85043,0.8505,1.00,1.00
2017.01.05 10:15:44.770,0.85043,0.85052,1.00,1.00
2017.01.05 10:15:45.302,0.85042,0.85053,1.00,1.00
2017.01.05 10:15:45.736,0.85042,0.85051,1.00,1.00
2017.01.05 10:15:46.348,0.85042,0.85052,1.00,1.00
2017.01.05 10:15:46.887,0.85042,0.85051,1.00,1.00
2017.01.05 10:15:47.039,0.85043,0.85053,1.00,1.50
2017.01.05 10:15:47.647,0.85043,0.8505,1.00,1.00
2017.01.05 10:15:47.698,0.8504,0.85049,1.50,1.25
2017.01.05 10:15:48.230,0.85039,0.85051,1.00,1.87
2017.01.05 10:15:48.483,0.85041,0.85051,1.00,1.50
2017.01.05 10:15:49.352,0.85042,0.85052,1.00,1.12
2017.01.05 10:15:50.258,0.85042,0.85053,1.50,1.25
2017.01.05 10:15:50.564,0.85047,0.85057,1.00,1.00
2017.01.05 10:15:50.871,0.85046,0.85055,1.12,1.00
2017.01.05 10:15:51.377,0.85045,0.85055,1.50,1.00
2017.01.05 10:15:51.881,0.85046,0.85056,1.00,1.50
2017.01.05 10:15:52.336,0.85044,0.85056,2.25,1.69
2017.01.05 10:15:52.387,0.85044,0.85054,1.00,1.69
2017.01.05 10:15:52.923,0.85043,0.85053,1.69,1.00
2017.01.05 10:15:53.439,0.85043,0.85054,1.69,1.69
2017.01.05 10:15:53.742,0.85038,0.85048,3.00,1.00
2017.01.05 10:15:53.793,0.85038,0.85048,1.50,1.25
2017.01.05 10:15:54.300,0.85039,0.85048,1.00,1.25
2017.01.05 10:15:54.809,0.85039,0.85047,1.00,1.00
2017.01.05 10:15:55.342,0.85038,0.85048,1.12,1.69
2017.01.05 10:15:55.647,0.85036,0.85045,1.69,1.00
2017.01.05 10:15:56.796,0.85036,0.85046,1.69,1.00
2017.01.05 10:15:56.948,0.85038,0.85048,1.50,1.69
2017.01.05 10:15:58.359,0.85038,0.85047,1.00,1.00
2017.01.05 10:15:58.613,0.85036,0.85045,2.44,1.00
2017.01.05 10:15:59.972,0.85037,0.85048,1.00,2.44
2017.01.05 10:16:00.225,0.85037,0.85045,1.00,1.69
2017.01.05 10:16:02.804,0.85036,0.85045,1.00,1.00
2017.01.05 10:16:03.543,0.85035,0.85045,1.00,1.00
2017.01.05 10:16:04.328,0.85036,0.85045,1.00,1.00
2017.01.05 10:16:05.319,0.85035,0.85045,1.00,1.00
2017.01.05 10:16:05.858,0.85034,0.85044,1.00,1.00
2017.01.05 10:16:06.578,0.85035,0.85044,1.00,1.00
2017.01.05 10:16:07.107,0.85036,0.85045,1.00,1.00
2017.01.05 10:16:07.158,0.85036,0.85047,1.00,1.00
2017.01.05 10:16:07.311,0.85036,0.85041,1.87,1.25
2017.01.05 10:16:07.517,0.85031,0.85039,1.00,1.00
2017.01.05 10:16:07.923,0.85031,0.85041,1.00,1.00
2017.01.05 10:16:08.075,0.8503,0.85039,1.00,1.25
2017.01.05 10:16:08.227,0.85028,0.85038,1.12,1.69
2017.01.05 10:16:08.329,0.85028,0.85036,1.00,1.00
2017.01.05 10:16:08.626,0.85026,0.85036,1.87,1.00
2017.01.05 10:16:09.481,0.85026,0.85038,1.12,1.69
2017.01.05 10:16:09.983,0.85027,0.85038,1.00,1.69
2017.01.05 10:16:11.532,0.85027,0.85037,2.44,1.00
2017.01.05 10:16:11.937,0.85028,0.85039,1.12,1.31
2017.01.05 10:16:11.988,0.85028,0.85037,1.50,1.00
2017.01.05 10:16:12.040,0.85029,0.85039,1.00,1.31
2017.01.05 10:16:12.243,0.8503,0.85041,1.25,1.69
2017.01.05 10:16:12.446,0.85032,0.85041,1.00,1.69
2017.01.05 10:16:12.865,0.8503,0.85038,1.00,1.25
2017.01.05 10:16:13.394,0.85029,0.85038,1.87,1.25
2017.01.05 10:16:14.340,0.85029,0.85036,1.12,1.25
2017.01.05 10:16:14.645,0.8502,0.8503,1.50,1.25
2017.01.05 10:16:14.748,0.85023,0.85031,1.00,1.25
2017.01.05 10:16:14.951,0.85021,0.85031,1.87,1.25
2017.01.05 10:16:15.211,0.85019,0.85031,1.12,2.06
2017.01.05 10:16:16.973,0.85019,0.85031,2.25,2.44
2017.01.05 10:16:17.495,0.8502,0.8503,1.87,1.00
2017.01.05 10:16:18.045,0.85019,0.8503,1.50,1.00
2017.01.05 10:16:18.928,0.85019,0.85029,1.50,1.00
2017.01.05 10:16:19.571,0.85018,0.85028,1.37,1.00
2017.01.05 10:16:20.485,0.85017,0.85026,2.44,1.00
2017.01.05 10:16:20.587,0.85017,0.85028,2.06,1.00
2017.01.05 10:16:21.118,0.85018,0.85029,1.50,1.69
2017.01.05 10:16:21.273,0.85017,0.85027,1.50,1.69
2017.01.05 10:16:21.375,0.85016,0.85026,1.87,1.00
2017.01.05 10:16:23.849,0.85016,0.85026,1.00,1.19
2017.01.05 10:16:23.951,0.85016,0.85028,2.25,1.69
2017.01.05 10:16:24.457,0.85016,0.85027,1.87,1.00
2017.01.05 10:16:24.592,0.85016,0.85025,1.87,1.00
2017.01.05 10:16:24.744,0.85015,0.85025,2.44,1.00
2017.01.05 10:16:24.848,0.85015,0.85027,1.69,1.00
2017.01.05 10:16:25.364,0.85015,0.85027,3.94,1.00
2017.01.05 10:16:25.743,0.85016,0.85027,1.12,1.00
2017.01.05 10:16:26.261,0.85018,0.85027,1.37,1.00
2017.01.05 10:16:26.414,0.85016,0.85027,1.12,1.00
2017.01.05 10:16:26.972,0.85016,0.85027,1.87,1.00
2017.01.05 10:16:29.397,0.85019,0.85029,1.00,1.00
2017.01.05 10:16:29.738,0.8502,0.8503,1.37,1.00
2017.01.05 10:16:30.355,0.8502,0.85031,1.37,1.69
2017.01.05 10:16:32.159,0.8502,0.85029,1.87,1.00
2017.01.05 10:16:32.311,0.85019,0.85028,1.00,1.25
2017.01.05 10:16:32.514,0.85017,0.85028,1.12,1.69
2017.01.05 10:16:32.898,0.85016,0.85025,1.00,1.00
2017.01.05 10:16:33.202,0.85011,0.8502,1.12,1.25
2017.01.05 10:16:36.328,0.8501,0.8502,1.12,1.25
2017.01.05 10:16:36.792,0.85009,0.85018,1.00,1.00
2017.01.05 10:16:37.300,0.85008,0.85019,1.12,1.00
2017.01.05 10:16:40.701,0.8501,0.8502,1.50,1.00
2017.01.05 10:16:41.514,0.8501,0.85021,1.00,1.69
2017.01.05 10:16:41.830,0.85012,0.85021,1.00,1.69
2017.01.05 10:16:42.690,0.85011,0.85021,1.50,1.69
2017.01.05 10:16:43.024,0.85009,0.85018,1.50,1.00
2017.01.05 10:16:45.572,0.8501,0.85021,1.00,2.06
2017.01.05 10:16:45.881,0.85009,0.85019,1.12,1.00
2017.01.05 10:16:46.870,0.85008,0.85019,1.50,1.00
2017.01.05 10:16:48.090,0.8501,0.85019,1.00,1.00
2017.01.05 10:16:49.088,0.85008,0.85019,1.87,1.00
2017.01.05 10:16:49.760,0.85008,0.85018,2.62,1.00
2017.01.05 10:16:51.301,0.85008,0.85017,2.62,1.00
2017.01.05 10:16:51.821,0.85007,0.85017,1.12,1.00
2017.01.05 10:16:52.703,0.85006,0.85017,1.87,1.00
2017.01.05 10:16:53.026,0.85009,0.85019,1.00,2.06
2017.01.05 10:16:53.341,0.85008,0.85016,1.12,1.25
2017.01.05 10:16:54.120,0.85007,0.85016,1.00,1.69
2017.01.05 10:16:55.445,0.85008,0.85016,1.00,1.25
2017.01.05 10:16:55.988,0.85009,0.85016,1.12,1.25
2017.01.05 10:16:57.562,0.85008,0.85017,2.62,1.25
2017.01.05 10:16:58.129,0.8501,0.85017,1.00,1.25
2017.01.05 10:16:58.281,0.85008,0.85018,1.87,1.00
2017.01.05 10:16:58.435,0.85008,0.85016,1.50,1.00
2017.01.05 10:16:58.739,0.85005,0.85014,1.50,1.00
2017.01.05 10:16:59.852,0.85005,0.85014,1.00,1.00
2017.01.05 10:17:00.378,0.85003,0.85013,1.37,1.00
2017.01.05 10:17:01.159,0.85003,0.85012,1.37,1.00
2017.01.05 10:17:01.672,0.85002,0.85011,2.62,1.00
2017.01.05 10:17:02.378,0.85004,0.85014,1.87,1.00
2017.01.05 10:17:02.549,0.85006,0.85013,1.00,1.00
2017.01.05 10:17:02.600,0.85006,0.85015,1.50,1.00
2017.01.05 10:17:03.056,0.85004,0.85013,2.25,1.00
2017.01.05 10:17:03.367,0.85002,0.8501,1.87,1.00
2017.01.05 10:17:03.680,0.85002,0.85012,3.37,1.00
2017.01.05 10:17:04.299,0.85004,0.85012,1.00,1.00
2017.01.05 10:17:04.906,0.85003,0.85012,1.12,1.00
2017.01.05 10:17:05.058,0.85007,0.85014,1.69,1.00
2017.01.05 10:17:05.110,0.85007,0.85016,1.69,1.00
2017.01.05 10:17:05.161,0.85009,0.85016,1.25,1.00
2017.01.05 10:17:05.263,0.85005,0.85014,1.00,1.00
2017.01.05 10:17:05.801,0.85004,0.85014,2.44,1.00
2017.01.05 10:17:08.700,0.85003,0.85014,1.50,1.69
2017.01.05 10:17:10.717,0.85002,0.85014,1.87,1.69
2017.01.05 10:17:12.003,0.85004,0.85014,1.00,2.44
2017.01.05 10:17:13.157,0.85002,0.85014,1.87,1.69
2017.01.05 10:17:16.552,0.85002,0.85012,2.62,1.25
2017.01.05 10:17:16.907,0.85004,0.85012,1.00,1.25
2017.01.05 10:17:19.408,0.85001,0.85012,3.56,1.25
2017.01.05 10:17:19.510,0.84999,0.8501,3.00,1.00
2017.01.05 10:17:19.561,0.84999,0.85009,1.50,2.44
2017.01.05 10:17:20.625,0.84999,0.85009,1.87,2.44
2017.01.05 10:17:21.098,0.84998,0.85009,1.12,1.69
2017.01.05 10:17:21.647,0.84997,0.85008,2.62,1.00
2017.01.05 10:17:25.802,0.85,0.85008,1.00,1.00
2017.01.05 10:17:26.061,0.84998,0.85008,1.12,1.00
2017.01.05 10:17:29.483,0.85001,0.85009,1.00,1.25
2017.01.05 10:17:29.796,0.85003,0.85009,1.00,1.25
2017.01.05 10:17:30.772,0.85002,0.85009,1.00,1.25
2017.01.05 10:17:31.263,0.85004,0.8501,1.00,1.25
2017.01.05 10:17:34.031,0.85005,0.8501,1.00,1.25
2017.01.05 10:17:35.617,0.85006,0.85013,1.00,1.25
2017.01.05 10:17:36.146,0.85005,0.85013,1.00,1.25
2017.01.05 10:17:37.009,0.85009,0.85017,1.00,1.31
2017.01.05 10:17:37.314,0.85012,0.8502,1.00,1.25
2017.01.05 10:17:37.711,0.85016,0.85022,1.00,1.25
2017.01.05 10:17:39.766,0.85016,0.85024,1.00,1.00
2017.01.05 10:17:39.868,0.85015,0.85022,1.00,1.25
2017.01.05 10:17:39.920,0.85013,0.85022,1.00,1.25
2017.01.05 10:17:41.321,0.8501,0.85019,1.12,1.25
2017.01.05 10:17:41.625,0.85012,0.85018,1.37,1.25
2017.01.05 10:17:41.676,0.85011,0.8502,1.37,1.00
2017.01.05 10:17:41.727,0.8501,0.85018,2.62,1.25
2017.01.05 10:17:41.779,0.8501,0.85018,1.12,1.25
2017.01.05 10:17:43.163,0.8501,0.8502,1.00,1.69
2017.01.05 10:17:43.696,0.85011,0.8502,1.00,1.25
2017.01.05 10:17:43.798,0.8501,0.85018,1.12,1.25
2017.01.05 10:17:44.102,0.85013,0.85018,1.00,1.25
2017.01.05 10:17:47.287,0.85011,0.85017,1.00,1.25
2017.01.05 10:17:47.338,0.8501,0.8502,1.00,1.50
2017.01.05 10:17:47.389,0.8501,0.85018,1.00,1.00
2017.01.05 10:17:47.949,0.85011,0.85019,1.00,1.25
2017.01.05 10:17:48.878,0.85012,0.8502,1.00,1.25
2017.01.05 10:17:49.342,0.85011,0.85017,1.00,1.25
2017.01.05 10:17:49.461,0.85011,0.8502,1.00,1.25
2017.01.05 10:17:49.818,0.85013,0.8502,1.00,1.25
2017.01.05 10:17:49.970,0.8501,0.8502,1.00,1.25
2017.01.05 10:17:51.565,0.85009,0.85019,1.00,1.12
2017.01.05 10:17:52.075,0.8501,0.85019,1.00,1.12
2017.01.05 10:17:53.202,0.8501,0.8502,1.00,3.19
2017.01.05 10:17:54.103,0.85009,0.8502,1.25,2.06
2017.01.05 10:17:54.989,0.8501,0.85019,1.00,1.31
2017.01.05 10:17:55.040,0.85012,0.85017,1.00,1.25
2017.01.05 10:17:55.091,0.85011,0.85021,1.00,1.50
2017.01.05 10:17:57.052,0.85012,0.85019,1.00,1.25
2017.01.05 10:17:57.204,0.85012,0.85022,1.50,1.31
2017.01.05 10:17:57.796,0.85013,0.85022,1.00,1.25
2017.01.05 10:17:58.319,0.85012,0.85022,1.00,1.69
2017.01.05 10:17:58.433,0.8501,0.8502,1.00,1.25
2017.01.05 10:17:58.739,0.85014,0.85024,1.00,2.06
2017.01.05 10:17:59.043,0.85016,0.85026,1.00,1.69
2017.01.05 10:17:59.582,0.85015,0.85026,1.69,1.69
2017.01.05 10:18:00.105,0.85015,0.85025,1.69,1.00
2017.01.05 10:18:00.611,0.85016,0.85026,1.37,1.25
2017.01.05 10:18:01.118,0.85018,0.85026,1.50,1.25
2017.01.05 10:18:01.313,0.8502,0.85029,1.00,1.25
2017.01.05 10:18:01.617,0.85021,0.85029,1.50,1.25
2017.01.05 10:18:01.771,0.85021,0.85029,1.00,1.25
2017.01.05 10:18:03.971,0.85022,0.85029,1.00,1.25
2017.01.05 10:18:04.493,0.85023,0.85029,1.00,1.25
2017.01.05 10:18:04.544,0.8502,0.85029,2.62,1.25
2017.01.05 10:18:05.354,0.8502,0.85031,1.00,1.50
2017.01.05 10:18:05.898,0.8502,0.85032,2.25,1.69
2017.01.05 10:18:06.202,0.8502,0.85029,1.00,1.25
2017.01.05 10:18:06.708,0.8502,0.8503,1.87,1.69
2017.01.05 10:18:07.055,0.85022,0.8503,1.00,1.25
2017.01.05 10:18:07.791,0.85022,0.85033,1.00,1.00
2017.01.05 10:18:08.320,0.85022,0.85032,1.00,2.44
2017.01.05 10:18:08.844,0.85022,0.85031,1.00,1.31
2017.01.05 10:18:08.996,0.85022,0.85033,1.69,1.69
2017.01.05 10:18:09.690,0.85022,0.85029,1.00,1.25
2017.01.05 10:18:09.943,0.85018,0.85028,2.81,1.25
2017.01.05 10:18:10.804,0.85019,0.85028,1.00,1.25
2017.01.05 10:18:11.379,0.85019,0.85028,1.87,1.25
2017.01.05 10:18:11.923,0.85022,0.85029,1.12,1.25
2017.01.05 10:18:14.374,0.85019,0.85029,1.50,1.25
2017.01.05 10:18:14.881,0.85018,0.85028,1.00,1.00
2017.01.05 10:18:15.409,0.85018,0.85029,1.00,1.69
2017.01.05 10:18:15.822,0.85021,0.85029,1.00,1.25
2017.01.05 10:18:16.924,0.85021,0.85027,1.00,1.25
2017.01.05 10:18:17.077,0.85018,0.85026,1.00,1.31
2017.01.05 10:18:17.128,0.85016,0.85026,1.00,1.31
2017.01.05 10:18:17.179,0.85018,0.85026,1.00,1.69
2017.01.05 10:18:17.711,0.85017,0.85026,1.00,1.25
2017.01.05 10:18:18.641,0.85018,0.85029,1.00,1.50
2017.01.05 10:18:18.742,0.85024,0.8503,1.00,1.12
2017.01.05 10:18:18.945,0.85028,0.85038,1.00,2.06
2017.01.05 10:18:19.246,0.85027,0.85037,1.12,1.75
2017.01.05 10:18:19.348,0.85025,0.85034,1.00,1.69
2017.01.05 10:18:19.399,0.85027,0.85034,1.00,1.69
2017.01.05 10:18:19.703,0.85025,0.85034,1.87,1.25
2017.01.05 10:18:19.755,0.85028,0.85036,1.00,1.00
2017.01.05 10:18:20.060,0.85035,0.85044,1.00,1.25
2017.01.05 10:18:20.112,0.85034,0.85042,1.00,1.25
2017.01.05 10:18:20.264,0.85032,0.85042,1.00,2.06
2017.01.05 10:18:20.768,0.85031,0.85042,1.00,1.69
2017.01.05 10:18:20.881,0.8503,0.8504,1.00,2.25
2017.01.05 10:18:21.185,0.85034,0.85043,1.00,2.06
2017.01.05 10:18:21.489,0.85036,0.85046,1.50,1.12
2017.01.05 10:18:22.039,0.85036,0.85046,1.12,1.12
2017.01.05 10:18:22.244,0.85039,0.85049,1.25,1.12
2017.01.05 10:18:22.345,0.85041,0.85049,1.00,1.87
2017.01.05 10:18:22.864,0.85041,0.85049,1.37,1.00
2017.01.05 10:18:23.375,0.85039,0.8505,2.06,1.87
2017.01.05 10:18:24.169,0.85039,0.85051,2.44,1.50
2017.01.05 10:18:24.669,0.85044,0.85053,1.00,1.37
2017.01.05 10:18:24.973,0.8505,0.85057,1.00,1.00
2017.01.05 10:18:25.024,0.85048,0.85057,1.00,1.00
2017.01.05 10:18:25.338,0.85048,0.85055,1.00,1.25
2017.01.05 10:18:25.644,0.85038,0.85046,1.25,1.50
2017.01.05 10:18:25.695,0.85036,0.85045,1.00,1.12
2017.01.05 10:18:26.202,0.85031,0.85044,1.50,3.19
2017.01.05 10:18:26.253,0.85034,0.85041,1.00,1.31
2017.01.05 10:18:26.500,0.85033,0.85044,1.00,1.12
2017.01.05 10:18:26.755,0.85033,0.85043,1.00,1.50
2017.01.05 10:18:26.908,0.85032,0.85044,1.69,1.87
2017.01.05 10:18:26.958,0.85035,0.85044,1.25,1.50
2017.01.05 10:18:27.212,0.85032,0.85044,1.00,2.81
2017.01.05 10:18:27.263,0.85032,0.85041,1.00,1.25
2017.01.05 10:18:27.365,0.8503,0.85041,2.06,1.25
2017.01.05 10:18:28.401,0.85031,0.85041,1.00,3.94
2017.01.05 10:18:28.503,0.85036,0.85044,1.25,1.12
2017.01.05 10:18:28.554,0.85036,0.85045,1.25,1.87
2017.01.05 10:18:28.606,0.85038,0.85047,1.00,1.37
2017.01.05 10:18:28.657,0.85038,0.85048,1.00,1.50
2017.01.05 10:18:28.759,0.85038,0.8505,1.00,1.50
2017.01.05 10:18:29.300,0.85039,0.85051,1.00,3.56
2017.01.05 10:18:29.545,0.85038,0.85048,1.12,1.12
2017.01.05 10:18:29.798,0.85035,0.85047,1.69,3.00
2017.01.05 10:18:30.609,0.85035,0.85045,1.25,1.00
2017.01.05 10:18:30.829,0.85037,0.85047,1.00,1.12
2017.01.05 10:18:30.930,0.85038,0.8505,1.12,5.06
2017.01.05 10:18:31.448,0.85042,0.85053,1.00,1.50
2017.01.05 10:18:31.752,0.85041,0.85052,1.25,3.37
2017.01.05 10:18:31.854,0.85037,0.85048,2.06,1.12
2017.01.05 10:18:32.056,0.8504,0.85048,1.00,1.12
2017.01.05 10:18:32.362,0.85049,0.85057,1.25,1.87
2017.01.05 10:18:32.757,0.85051,0.8506,1.00,1.69
2017.01.05 10:18:32.917,0.85049,0.8506,1.69,1.31
2017.01.05 10:18:33.322,0.85046,0.85057,1.25,1.12
2017.01.05 10:18:33.638,0.85047,0.85057,1.25,2.62
2017.01.05 10:18:33.790,0.85047,0.85059,1.69,2.25
2017.01.05 10:18:33.904,0.85051,0.85059,1.25,2.25
2017.01.05 10:18:34.109,0.85051,0.85061,1.00,1.00
2017.01.05 10:18:34.536,0.85048,0.8506,1.00,2.81
2017.01.05 10:18:34.637,0.85045,0.85057,2.81,1.00
2017.01.05 10:18:35.093,0.85047,0.85054,1.25,1.00
2017.01.05 10:18:35.505,0.85045,0.85054,1.25,1.12
2017.01.05 10:18:35.658,0.85045,0.85053,1.25,1.87
2017.01.05 10:18:35.975,0.85045,0.85052,1.25,1.87
2017.01.05 10:18:36.288,0.85035,0.85043,3.00,1.12
2017.01.05 10:18:36.390,0.85032,0.85041,1.12,3.56
2017.01.05 10:18:36.492,0.85029,0.8504,1.69,1.87
2017.01.05 10:18:37.026,0.85029,0.8504,1.25,1.00
2017.01.05 10:18:37.488,0.85028,0.85038,1.00,1.00
2017.01.05 10:18:37.817,0.85035,0.8504,1.25,1.00
2017.01.05 10:18:37.869,0.85033,0.85043,1.00,2.62
2017.01.05 10:18:38.022,0.85031,0.85043,1.00,2.62
2017.01.05 10:18:38.175,0.85032,0.85038,1.00,1.25
2017.01.05 10:18:38.327,0.8503,0.85041,1.50,1.25
2017.01.05 10:18:38.384,0.8503,0.8504,1.37,1.00
2017.01.05 10:18:38.487,0.85028,0.85039,1.37,1.50
2017.01.05 10:18:38.589,0.85027,0.85038,1.25,1.87
2017.01.05 10:18:39.067,0.8503,0.85039,1.00,1.37
2017.01.05 10:18:39.220,0.85033,0.85044,1.69,3.75
2017.01.05 10:18:39.372,0.85033,0.85044,2.44,1.00
2017.01.05 10:18:40.122,0.85036,0.85044,1.00,1.00
2017.01.05 10:18:40.275,0.85038,0.8505,1.00,4.31
2017.01.05 10:18:40.326,0.85038,0.85049,1.00,1.00
2017.01.05 10:18:40.916,0.85037,0.85047,1.00,1.00
2017.01.05 10:18:41.220,0.85032,0.85041,1.00,1.00
2017.01.05 10:18:41.372,0.85029,0.85039,1.87,1.25
2017.01.05 10:18:41.920,0.85029,0.85041,1.69,1.87
2017.01.05 10:18:42.573,0.8503,0.85041,1.00,1.87
2017.01.05 10:18:42.625,0.85032,0.85041,1.00,1.37
2017.01.05 10:18:42.676,0.85032,0.85042,1.00,1.25
2017.01.05 10:18:43.031,0.85035,0.85043,1.69,1.00
2017.01.05 10:18:43.183,0.85037,0.85048,1.00,2.44
2017.01.05 10:18:43.234,0.85038,0.85048,1.00,1.31
2017.01.05 10:18:43.766,0.85038,0.85047,1.12,1.25
2017.01.05 10:18:44.180,0.85039,0.85049,2.06,1.00
2017.01.05 10:18:44.660,0.85039,0.85049,1.12,1.12
2017.01.05 10:18:45.176,0.85038,0.85048,1.00,1.37
2017.01.05 10:18:46.202,0.85038,0.85049,1.00,1.37
2017.01.05 10:18:46.770,0.85039,0.85049,1.00,1.50
2017.01.05 10:18:47.086,0.85043,0.85053,1.00,2.44
2017.01.05 10:18:49.140,0.85042,0.85053,1.50,2.44
2017.01.05 10:18:49.964,0.85043,0.85052,1.00,1.12
2017.01.05 10:18:51.438,0.85041,0.85052,1.00,1.12
2017.01.05 10:18:51.983,0.85042,0.85052,1.00,1.50
2017.01.05 10:18:52.454,0.85043,0.85053,1.00,1.25
2017.01.05 10:18:52.505,0.85045,0.85056,1.00,1.37
2017.01.05 10:18:52.841,0.85042,0.85052,1.12,1.12
2017.01.05 10:18:53.348,0.85041,0.85052,1.00,1.12
2017.01.05 10:18:56.545,0.85041,0.85051,1.50,1.00
2017.01.05 10:18:57.058,0.8504,0.85053,2.06,4.69
2017.01.05 10:18:57.976,0.85043,0.85053,1.25,1.87
2017.01.05 10:19:00.081,0.85041,0.85051,1.50,1.69
2017.01.05 10:19:00.544,0.85039,0.85048,1.00,1.25
2017.01.05 10:19:01.052,0.8504,0.8505,1.25,2.62
2017.01.05 10:19:02.530,0.85039,0.85049,1.00,2.62
2017.01.05 10:19:02.738,0.85035,0.85047,2.06,1.87
2017.01.05 10:19:03.700,0.85035,0.85045,1.25,1.00
2017.01.05 10:19:04.048,0.85035,0.85045,1.25,1.87
2017.01.05 10:19:04.588,0.85034,0.85043,1.00,1.31
2017.01.05 10:19:04.892,0.85031,0.85039,1.00,1.25
2017.01.05 10:19:05.658,0.85031,0.8504,1.00,1.00
2017.01.05 10:19:07.586,0.85031,0.85041,1.00,1.00
2017.01.05 10:19:08.004,0.85031,0.8504,1.37,1.25
2017.01.05 10:19:08.207,0.85031,0.85039,1.00,1.00
2017.01.05 10:19:08.321,0.85028,0.85039,2.81,1.50
2017.01.05 10:19:08.971,0.85028,0.85038,1.00,1.00
2017.01.05 10:19:09.484,0.85028,0.85037,1.37,1.00
2017.01.05 10:19:10.017,0.85028,0.85039,1.37,1.69
2017.01.05 10:19:10.600,0.85028,0.85039,1.12,1.69
2017.01.05 10:19:11.107,0.85029,0.85039,1.00,1.69
2017.01.05 10:19:12.682,0.85028,0.85039,1.12,1.00
2017.01.05 10:19:14.267,0.85028,0.85038,1.00,1.00
2017.01.05 10:19:14.613,0.85029,0.85041,1.25,1.50
2017.01.05 10:19:14.663,0.85029,0.85039,2.81,1.00
2017.01.05 10:19:14.968,0.85029,0.85037,1.25,1.00
2017.01.05 10:19:15.761,0.85029,0.85038,1.25,1.50
2017.01.05 10:19:16.065,0.85025,0.85034,1.69,1.00
2017.01.05 10:19:17.873,0.85025,0.85033,1.69,1.00
2017.01.05 10:19:17.974,0.85027,0.85035,1.25,1.12
2017.01.05 10:19:18.329,0.85026,0.85032,1.25,1.00
2017.01.05 10:19:18.864,0.85026,0.85035,1.25,1.00
2017.01.05 10:19:19.167,0.85026,0.85032,1.25,1.00
2017.01.05 10:19:19.936,0.85026,0.85034,1.25,1.00
2017.01.05 10:19:21.386,0.85026,0.85033,1.69,1.00
2017.01.05 10:19:21.438,0.85026,0.85036,1.69,1.00
2017.01.05 10:19:21.540,0.85029,0.85039,1.00,1.12
2017.01.05 10:19:21.973,0.85029,0.85039,1.50,1.00
2017.01.05 10:19:22.491,0.85029,0.85038,1.87,1.00
2017.01.05 10:19:23.100,0.85028,0.8504,4.12,1.69
2017.01.05 10:19:23.202,0.85032,0.85041,1.00,1.00
2017.01.05 10:19:23.304,0.85032,0.85043,1.12,1.50
2017.01.05 10:19:23.355,0.85034,0.85043,1.00,1.00
2017.01.05 10:19:24.335,0.85034,0.85044,1.00,1.50
2017.01.05 10:19:24.841,0.85033,0.85043,1.12,1.50
2017.01.05 10:19:25.115,0.85031,0.85042,2.25,1.69
2017.01.05 10:19:25.167,0.85031,0.8504,1.50,1.00
2017.01.05 10:19:25.901,0.85031,0.85039,1.25,1.00
2017.01.05 10:19:26.414,0.8503,0.85041,1.50,1.12
2017.01.05 10:19:26.465,0.85032,0.85041,1.00,1.00
2017.01.05 10:19:26.983,0.85033,0.85041,1.00,1.00
2017.01.05 10:19:27.500,0.85031,0.85038,1.12,1.00
2017.01.05 10:19:29.482,0.85031,0.85039,1.00,1.00
2017.01.05 10:19:29.533,0.85029,0.85039,5.06,1.00
2017.01.05 10:19:30.035,0.8503,0.85039,1.12,1.00
2017.01.05 10:19:31.245,0.8503,0.85037,1.12,1.00
2017.01.05 10:19:31.448,0.8503,0.85039,1.12,1.00
2017.01.05 10:19:31.987,0.8503,0.8504,2.25,1.00
2017.01.05 10:19:34.857,0.85036,0.85044,1.00,1.37
2017.01.05 10:19:34.908,0.85036,0.85045,1.00,1.00
2017.01.05 10:19:35.214,0.85035,0.8504,1.00,1.00
2017.01.05 10:19:35.741,0.85031,0.85038,1.50,1.00
2017.01.05 10:19:37.696,0.85031,0.85039,1.00,1.00
2017.01.05 10:19:38.312,0.8503,0.85039,1.69,1.00
2017.01.05 10:19:42.292,0.85029,0.85039,1.69,1.00
2017.01.05 10:19:42.343,0.85028,0.85037,1.12,1.00
2017.01.05 10:19:42.648,0.85026,0.85033,1.25,1.00
2017.01.05 10:19:43.480,0.85026,0.85034,1.25,1.00
2017.01.05 10:19:43.825,0.85023,0.85032,1.69,1.50
2017.01.05 10:19:43.880,0.85024,0.85034,1.69,1.00
2017.01.05 10:19:43.984,0.85026,0.85036,1.50,2.06
2017.01.05 10:19:44.289,0.85023,0.85033,6.75,1.00
2017.01.05 10:19:44.493,0.85023,0.85032,1.50,1.00
2017.01.05 10:19:44.797,0.85025,0.85034,1.00,1.00
2017.01.05 10:19:44.849,0.85025,0.85036,1.12,1.69
2017.01.05 10:19:44.901,0.85028,0.85036,1.00,1.25
2017.01.05 10:19:45.249,0.85028,0.85038,1.37,1.00
2017.01.05 10:19:45.796,0.85027,0.85037,2.62,1.00
2017.01.05 10:19:46.945,0.85027,0.85037,1.87,1.00
2017.01.05 10:19:47.648,0.85027,0.85037,1.50,1.00
2017.01.05 10:19:48.253,0.85027,0.85037,1.87,1.00
2017.01.05 10:19:48.769,0.85026,0.85036,1.87,1.00
2017.01.05 10:19:49.760,0.85028,0.85036,1.25,1.00
2017.01.05 10:19:50.225,0.85026,0.85033,1.87,1.25
2017.01.05 10:19:50.327,0.85025,0.85034,1.37,1.69
2017.01.05 10:19:50.529,0.85026,0.85035,1.50,1.00
2017.01.05 10:19:51.471,0.85026,0.85035,1.87,1.00
2017.01.05 10:19:52.662,0.85027,0.85036,1.00,1.00
2017.01.05 10:19:53.725,0.85026,0.85036,1.50,1.00
2017.01.05 10:19:54.030,0.85027,0.85031,1.00,1.25
2017.01.05 10:19:54.081,0.85022,0.85031,1.50,1.25
2017.01.05 10:19:54.132,0.85022,0.85029,1.50,1.00
2017.01.05 10:19:54.721,0.85021,0.85029,1.50,1.00
2017.01.05 10:19:55.002,0.85024,0.85033,1.12,1.00
2017.01.05 10:19:55.053,0.85024,0.85033,1.37,1.00
2017.01.05 10:19:55.560,0.85025,0.85034,1.25,1.00
2017.01.05 10:19:56.099,0.85025,0.85036,2.81,1.12
2017.01.05 10:19:56.150,0.85027,0.85037,1.00,2.06
2017.01.05 10:19:56.627,0.85026,0.85037,1.00,2.06
2017.01.05 10:19:57.131,0.85026,0.85037,1.50,2.06
2017.01.05 10:19:57.536,0.85024,0.85035,1.50,1.37
2017.01.05 10:19:57.588,0.85024,0.85035,1.12,1.37
2017.01.05 10:19:57.894,0.85022,0.85033,2.25,1.62
2017.01.05 10:19:58.303,0.85025,0.85033,1.50,1.62
2017.01.05 10:19:58.810,0.85023,0.85033,3.00,1.62
2017.01.05 10:19:58.861,0.85025,0.85033,1.00,1.62
2017.01.05 10:19:59.532,0.85024,0.85033,1.00,1.62
2017.01.05 10:20:00.141,0.85025,0.85033,1.00,1.25
2017.01.05 10:20:00.661,0.85022,0.85033,2.25,1.25
2017.01.05 10:20:00.764,0.85021,0.8503,1.00,1.25
2017.01.05 10:20:00.967,0.85019,0.8503,2.62,1.25
2017.01.05 10:20:01.339,0.85018,0.85028,1.37,1.00
2017.01.05 10:20:01.391,0.85019,0.8503,1.00,1.69
2017.01.05 10:20:01.493,0.85017,0.85027,1.87,1.25
2017.01.05 10:20:02.024,0.85016,0.85028,3.56,1.00
2017.01.05 10:20:02.459,0.85019,0.85029,1.62,1.00
2017.01.05 10:20:03.063,0.85019,0.85029,1.25,1.00
2017.01.05 10:20:03.988,0.85019,0.8503,1.69,1.50
2017.01.05 10:20:04.292,0.85019,0.85028,1.69,1.00
2017.01.05 10:20:04.793,0.8502,0.85029,1.00,1.00
2017.01.05 10:20:05.311,0.8502,0.8503,1.37,1.00
2017.01.05 10:20:07.855,0.85019,0.8503,1.31,1.00
2017.01.05 10:20:07.957,0.85021,0.8503,1.25,1.00
2017.01.05 10:20:08.542,0.85021,0.85029,1.25,1.00
2017.01.05 10:20:09.062,0.85021,0.8503,1.25,1.00
2017.01.05 10:20:09.579,0.8502,0.8503,1.00,1.50
2017.01.05 10:20:09.731,0.8502,0.85032,1.37,1.50
2017.01.05 10:20:09.934,0.8502,0.8503,1.12,1.00
2017.01.05 10:20:10.465,0.85019,0.85029,2.44,1.00
2017.01.05 10:20:12.414,0.8502,0.85029,2.06,1.00
2017.01.05 10:20:12.957,0.85021,0.85029,1.25,1.00
2017.01.05 10:20:15.625,0.85021,0.8503,1.25,1.00
2017.01.05 10:20:15.778,0.85022,0.85032,1.00,1.00
2017.01.05 10:20:15.880,0.85022,0.85034,2.25,2.06
2017.01.05 10:20:16.034,0.85024,0.85036,2.06,2.25
2017.01.05 10:20:16.086,0.85024,0.85036,2.81,1.00
2017.01.05 10:20:16.137,0.85027,0.85037,1.00,1.69
2017.01.05 10:20:16.442,0.85026,0.85035,2.25,1.25
2017.01.05 10:20:17.439,0.85026,0.85034,1.37,1.00
2017.01.05 10:20:17.490,0.85024,0.85033,1.87,1.00
2017.01.05 10:20:17.642,0.8502,0.8503,5.06,1.00
2017.01.05 10:20:17.693,0.8502,0.85029,2.81,1.00
2017.01.05 10:20:17.744,0.8502,0.85031,3.19,1.00
2017.01.05 10:20:17.796,0.85022,0.85031,1.00,1.00
2017.01.05 10:20:18.915,0.85022,0.85032,1.00,1.87
2017.01.05 10:20:20.673,0.85022,0.85032,1.00,3.00
2017.01.05 10:20:21.202,0.85021,0.8503,1.25,1.00
2017.01.05 10:20:21.740,0.85021,0.85031,1.25,1.87
2017.01.05 10:20:22.443,0.85021,0.8503,1.25,1.00
2017.01.05 10:20:22.757,0.85023,0.85031,1.00,1.00
2017.01.05 10:20:22.808,0.85021,0.85031,1.00,1.00
2017.01.05 10:20:22.910,0.8502,0.85029,1.69,1.00
2017.01.05 10:20:23.494,0.85018,0.85029,1.50,2.44
2017.01.05 10:20:23.546,0.85018,0.85027,1.00,1.00
2017.01.05 10:20:23.800,0.85015,0.85026,2.44,1.25
2017.01.05 10:20:24.377,0.85016,0.85026,1.00,2.44
2017.01.05 10:20:24.883,0.85015,0.85025,1.69,1.00
2017.01.05 10:20:25.744,0.85016,0.85026,1.25,1.00
2017.01.05 10:20:25.795,0.85019,0.85026,1.25,1.00
2017.01.05 10:20:25.986,0.85019,0.85029,1.69,1.00
2017.01.05 10:20:26.975,0.85018,0.85028,2.44,1.00
2017.01.05 10:20:27.445,0.8502,0.85027,1.25,1.50
2017.01.05 10:20:27.496,0.85017,0.85027,2.81,1.50
2017.01.05 10:20:27.547,0.85019,0.85027,1.25,1.50
2017.01.05 10:20:27.699,0.85017,0.85027,2.81,1.50
2017.01.05 10:20:29.368,0.85019,0.85027,1.25,1.50
2017.01.05 10:20:29.747,0.85017,0.85027,1.69,1.00
2017.01.05 10:20:29.943,0.85014,0.85026,2.62,2.81
2017.01.05 10:20:29.995,0.85014,0.85024,1.12,1.00
2017.01.05 10:20:30.096,0.85014,0.85026,1.50,3.56
2017.01.05 10:20:30.627,0.85014,0.85025,1.00,1.87
2017.01.05 10:20:31.142,0.85015,0.85025,1.25,1.00
2017.01.05 10:20:31.776,0.85015,0.85026,1.31,2.25
2017.01.05 10:20:33.115,0.85015,0.85027,2.81,1.50
2017.01.05 10:20:35.721,0.85015,0.85026,1.31,1.50
2017.01.05 10:20:35.889,0.85014,0.85024,2.44,1.00
2017.01.05 10:20:39.672,0.85013,0.85024,1.69,2.25
2017.01.05 10:20:40.537,0.85014,0.85024,1.00,1.00
2017.01.05 10:20:41.187,0.85015,0.85025,1.69,1.00
2017.01.05 10:20:41.440,0.85015,0.85027,1.00,5.44
2017.01.05 10:20:41.491,0.85015,0.85024,1.00,1.00
2017.01.05 10:20:41.796,0.85011,0.85021,1.00,1.00
2017.01.05 10:20:42.137,0.85008,0.8502,1.87,1.69
2017.01.05 10:20:42.797,0.85009,0.8502,1.25,1.00
2017.01.05 10:20:43.303,0.8501,0.8502,1.00,1.00
2017.01.05 10:20:43.817,0.85009,0.8502,1.69,2.25
2017.01.05 10:20:44.263,0.85012,0.8502,1.25,1.00
2017.01.05 10:20:44.314,0.85012,0.85022,1.25,1.00
2017.01.05 10:20:45.037,0.85013,0.85023,1.25,1.00
2017.01.05 10:20:45.539,0.85013,0.85024,1.25,1.50
2017.01.05 10:20:46.368,0.85011,0.85023,2.62,3.19
2017.01.05 10:20:46.470,0.85011,0.8502,1.00,1.25
2017.01.05 10:20:46.775,0.85017,0.85027,1.00,1.12
2017.01.05 10:20:48.061,0.85019,0.85027,1.00,1.00
2017.01.05 10:20:48.629,0.85017,0.85027,1.50,1.00
2017.01.05 10:20:49.631,0.85016,0.85026,1.50,1.00
2017.01.05 10:20:52.120,0.85016,0.85025,1.00,1.00
2017.01.05 10:20:53.000,0.85015,0.85025,1.00,2.44
2017.01.05 10:20:53.051,0.85013,0.85025,1.50,2.44
2017.01.05 10:20:53.102,0.85015,0.85025,1.00,1.69
2017.01.05 10:20:53.637,0.85015,0.85026,1.69,1.50
2017.01.05 10:20:54.271,0.85017,0.85026,1.69,1.50
2017.01.05 10:20:54.372,0.85018,0.85028,1.25,1.87
2017.01.05 10:20:54.900,0.85017,0.85028,1.50,1.25
2017.01.05 10:20:55.980,0.85017,0.85027,1.00,1.00
2017.01.05 10:20:56.082,0.85016,0.85025,1.25,1.00
2017.01.05 10:20:56.682,0.85016,0.85026,1.25,1.50
2017.01.05 10:20:58.109,0.85016,0.85025,1.25,1.00
2017.01.05 10:20:59.906,0.85016,0.85026,1.69,2.25
2017.01.05 10:21:00.270,0.85018,0.85026,1.25,1.50
2017.01.05 10:21:00.872,0.85018,0.85027,1.25,1.87
2017.01.05 10:21:01.126,0.85013,0.85024,1.31,2.25
2017.01.05 10:21:01.177,0.85015,0.85024,1.25,1.87
2017.01.05 10:21:01.329,0.85012,0.85022,2.06,1.00
2017.01.05 10:21:01.380,0.8501,0.85019,1.69,1.00
2017.01.05 10:21:01.735,0.85011,0.85021,1.69,1.00
2017.01.05 10:21:02.080,0.85013,0.85022,1.25,1.00
2017.01.05 10:21:02.131,0.85013,0.85024,2.06,1.50
2017.01.05 10:21:02.183,0.85015,0.85025,1.00,1.87
2017.01.05 10:21:02.708,0.85016,0.85023,1.25,1.00
2017.01.05 10:21:08.638,0.85014,0.85023,1.50,1.00
2017.01.05 10:21:08.740,0.85012,0.85023,3.37,1.00
2017.01.05 10:21:09.326,0.85014,0.85022,1.00,1.00
2017.01.05 10:21:09.833,0.85015,0.85023,1.25,1.00
2017.01.05 10:21:11.004,0.85015,0.85025,1.25,1.00
2017.01.05 10:21:11.471,0.85014,0.85023,1.00,1.25
2017.01.05 10:21:11.522,0.85011,0.85022,1.87,1.69
2017.01.05 10:21:11.573,0.8501,0.85019,2.25,1.25
2017.01.05 10:21:11.624,0.85009,0.85018,1.00,1.00
2017.01.05 10:21:11.826,0.85009,0.8502,1.00,1.12
2017.01.05 10:21:11.928,0.85011,0.8502,1.00,1.00
2017.01.05 10:21:11.979,0.85009,0.85021,1.50,2.06
2017.01.05 10:21:12.500,0.8501,0.85021,1.00,1.69
2017.01.05 10:21:13.034,0.85011,0.85021,1.00,1.00
2017.01.05 10:21:13.237,0.85012,0.85023,1.00,2.06
2017.01.05 10:21:13.716,0.85014,0.85023,2.44,1.00
2017.01.05 10:21:13.919,0.85018,0.85029,2.06,1.00
2017.01.05 10:21:13.971,0.8502,0.8503,1.00,1.00
2017.01.05 10:21:14.625,0.85017,0.85026,2.62,1.25
2017.01.05 10:21:14.779,0.85013,0.85025,1.12,2.44
2017.01.05 10:21:15.086,0.85014,0.85021,1.00,1.25
2017.01.05 10:21:15.138,0.85014,0.85025,1.00,1.69
2017.01.05 10:21:15.239,0.85016,0.85024,1.00,1.25
2017.01.05 10:21:15.442,0.85017,0.85026,1.00,1.00
2017.01.05 10:21:15.594,0.85015,0.85024,1.12,1.00
2017.01.05 10:21:15.895,0.85013,0.85023,1.00,2.06
2017.01.05 10:21:17.382,0.85014,0.85023,1.00,1.25
2017.01.05 10:21:17.892,0.85015,0.85023,1.00,1.25
2017.01.05 10:21:18.439,0.85013,0.85023,1.50,1.69
2017.01.05 10:21:21.126,0.85014,0.85024,1.25,1.00
2017.01.05 10:21:21.177,0.85015,0.85026,1.00,1.12
2017.01.05 10:21:21.228,0.85016,0.85023,1.00,1.25
2017.01.05 10:21:21.330,0.85014,0.85023,2.44,1.00
2017.01.05 10:21:21.603,0.85014,0.85021,1.25,1.00
2017.01.05 10:21:22.717,0.85014,0.85023,1.25,1.00
2017.01.05 10:21:23.264,0.85014,0.85022,1.25,1.00
2017.01.05 10:21:23.366,0.85013,0.85024,1.69,1.00
2017.01.05 10:21:23.417,0.85013,0.85021,1.00,1.00
2017.01.05 10:21:23.934,0.85012,0.85021,1.25,1.00
2017.01.05 10:21:24.275,0.85012,0.85019,1.25,1.00
2017.01.05 10:21:24.935,0.85009,0.85019,2.81,1.00
2017.01.05 10:21:24.986,0.85009,0.85017,2.81,1.00
2017.01.05 10:21:25.139,0.85007,0.85016,1.12,1.00
2017.01.05 10:21:25.241,0.85007,0.85014,1.00,1.00
2017.01.05 10:21:25.731,0.85007,0.85017,1.69,1.00
2017.01.05 10:21:26.044,0.85007,0.85015,1.00,1.00
2017.01.05 10:21:26.806,0.85007,0.85014,1.12,1.00
2017.01.05 10:21:27.826,0.85007,0.85016,1.12,1.00
2017.01.05 10:21:28.030,0.85009,0.85016,1.00,1.00
2017.01.05 10:21:28.539,0.85008,0.85017,1.25,1.00
2017.01.05 10:21:29.139,0.85007,0.85017,1.00,1.00
2017.01.05 10:21:30.293,0.85008,0.85017,1.00,1.00
2017.01.05 10:21:30.841,0.85007,0.85017,1.31,1.00
2017.01.05 10:21:32.799,0.85008,0.85017,1.00,1.00
2017.01.05 10:21:33.766,0.85009,0.85017,1.00,1.00
2017.01.05 10:21:34.089,0.85008,0.85019,1.50,2.06
2017.01.05 10:21:34.191,0.8501,0.85019,1.00,1.69
2017.01.05 10:21:34.343,0.85011,0.85021,1.50,1.00
2017.01.05 10:21:34.855,0.85011,0.8502,1.12,1.00
2017.01.05 10:21:35.363,0.85014,0.85021,1.00,1.00
2017.01.05 10:21:35.567,0.85012,0.85021,1.50,1.00
2017.01.05 10:21:36.079,0.85011,0.85021,1.25,1.00
2017.01.05 10:21:36.626,0.85014,0.85023,1.25,1.12
2017.01.05 10:21:36.728,0.85015,0.85026,1.00,2.81
2017.01.05 10:21:37.185,0.85013,0.85024,1.87,1.00
2017.01.05 10:21:37.692,0.85014,0.85024,1.00,1.00
2017.01.05 10:21:38.219,0.85015,0.85023,1.00,1.00
2017.01.05 10:21:38.526,0.85015,0.85025,1.00,1.00
2017.01.05 10:21:39.037,0.85014,0.85025,1.69,1.00
2017.01.05 10:21:40.690,0.85015,0.85026,1.00,1.00
2017.01.05 10:21:41.287,0.85015,0.85025,1.00,1.00
2017.01.05 10:21:42.425,0.85014,0.85024,1.69,1.00
2017.01.05 10:21:42.935,0.85015,0.85024,1.00,1.00
2017.01.05 10:21:43.036,0.85014,0.85022,1.25,1.00
2017.01.05 10:21:43.189,0.85012,0.85022,1.00,1.00
2017.01.05 10:21:43.290,0.85011,0.8502,1.00,1.00
2017.01.05 10:21:45.006,0.85011,0.85022,1.00,1.00
2017.01.05 10:21:45.574,0.85012,0.85023,1.00,2.06
2017.01.05 10:21:46.695,0.85011,0.85022,1.00,1.00
2017.01.05 10:21:47.202,0.85012,0.85023,1.50,1.69
2017.01.05 10:21:48.095,0.85014,0.85023,1.00,1.69
2017.01.05 10:21:50.417,0.85013,0.85022,1.00,1.00
2017.01.05 10:21:50.979,0.85012,0.85021,1.50,1.00
2017.01.05 10:21:52.229,0.85014,0.85022,1.00,1.25
2017.01.05 10:21:52.556,0.85014,0.85025,1.50,1.87
2017.01.05 10:21:53.064,0.85014,0.85025,1.50,1.87
2017.01.05 10:21:53.584,0.85015,0.85025,1.00,1.12
2017.01.05 10:21:55.815,0.85014,0.85024,2.06,1.50
2017.01.05 10:21:56.355,0.85014,0.85024,2.81,1.50
2017.01.05 10:21:56.912,0.85014,0.85025,2.06,1.00
2017.01.05 10:21:56.977,0.85014,0.85023,2.81,1.00
2017.01.05 10:22:01.904,0.85013,0.85023,2.44,1.00
2017.01.05 10:22:02.411,0.85015,0.85022,1.25,1.00
2017.01.05 10:22:02.917,0.85015,0.85023,1.25,1.00
2017.01.05 10:22:03.019,0.85012,0.85022,2.06,1.00
2017.01.05 10:22:03.552,0.85014,0.85021,1.25,1.00
2017.01.05 10:22:03.614,0.85011,0.85021,1.00,1.69
2017.01.05 10:22:04.138,0.8501,0.8502,1.69,1.00
2017.01.05 10:22:04.442,0.8501,0.85018,1.69,1.00
2017.01.05 10:22:05.052,0.85013,0.85021,1.00,1.00
2017.01.05 10:22:05.356,0.85009,0.85018,7.31,1.00
2017.01.05 10:22:05.458,0.85009,0.85017,2.06,1.00
2017.01.05 10:22:06.226,0.8501,0.85017,1.00,1.00
2017.01.05 10:22:07.288,0.85008,0.85017,3.00,1.00
2017.01.05 10:22:07.542,0.85007,0.85016,1.69,1.00
2017.01.05 10:22:08.588,0.85008,0.85017,1.00,1.00
2017.01.05 10:22:09.137,0.85008,0.85017,2.25,1.00
2017.01.05 10:22:09.695,0.85009,0.85016,1.00,1.00
2017.01.05 10:22:10.344,0.85007,0.85016,1.69,1.00
2017.01.05 10:22:10.978,0.85009,0.85016,1.00,1.00
2017.01.05 10:22:11.080,0.85007,0.85016,1.12,1.25
2017.01.05 10:22:11.131,0.85007,0.85014,1.00,1.25
2017.01.05 10:22:11.183,0.85005,0.85014,3.00,1.25
2017.01.05 10:22:11.437,0.85008,0.85019,1.50,3.94
2017.01.05 10:22:11.590,0.85008,0.85018,1.75,1.00
2017.01.05 10:22:11.692,0.85006,0.85017,2.81,1.00
2017.01.05 10:22:11.844,0.85006,0.85015,2.81,1.00
2017.01.05 10:22:12.284,0.85006,0.85017,3.56,1.00
2017.01.05 10:22:12.801,0.85007,0.85017,1.50,1.00
2017.01.05 10:22:18.107,0.85008,0.85017,1.00,1.00
2017.01.05 10:22:18.619,0.85008,0.85018,1.12,1.00
2017.01.05 10:22:19.869,0.85009,0.85019,1.00,1.00
2017.01.05 10:22:20.122,0.85009,0.85017,1.69,1.00
2017.01.05 10:22:20.224,0.85007,0.85016,1.12,1.00
2017.01.05 10:22:20.477,0.85007,0.85013,1.00,1.00
2017.01.05 10:22:21.027,0.85006,0.85013,1.25,1.00
2017.01.05 10:22:23.087,0.85008,0.85012,1.25,1.00
2017.01.05 10:22:23.138,0.85004,0.85012,1.00,1.00
2017.01.05 10:22:23.252,0.85004,0.85014,1.00,1.00
2017.01.05 10:22:23.404,0.85004,0.85012,1.00,1.00
2017.01.05 10:22:23.952,0.85003,0.85012,1.00,1.00
2017.01.05 10:22:25.479,0.85003,0.85011,1.00,1.00
2017.01.05 10:22:25.682,0.85003,0.85014,1.00,1.00
2017.01.05 10:22:26.913,0.85003,0.85013,1.00,1.00
2017.01.05 10:22:28.924,0.85003,0.85012,1.00,1.00
2017.01.05 10:22:29.329,0.85002,0.85009,1.12,1.00
2017.01.05 10:22:30.068,0.85002,0.85011,1.12,1.00
2017.01.05 10:22:31.015,0.85001,0.85011,1.69,1.00
2017.01.05 10:22:31.684,0.85002,0.85011,1.00,1.00
2017.01.05 10:22:35.944,0.85004,0.85011,1.25,1.00
2017.01.05 10:22:36.301,0.85004,0.85013,1.25,1.00
2017.01.05 10:22:37.034,0.85003,0.85013,1.25,1.00
2017.01.05 10:22:37.278,0.85003,0.85011,1.25,1.00
2017.01.05 10:22:37.849,0.85003,0.8501,1.25,1.00
2017.01.05 10:22:38.957,0.85003,0.85012,1.25,1.00
2017.01.05 10:22:39.733,0.85006,0.85012,1.00,1.00
2017.01.05 10:22:42.518,0.85007,0.85015,1.00,1.00
2017.01.05 10:22:42.873,0.85009,0.85017,1.00,1.00
2017.01.05 10:22:43.177,0.85011,0.8502,1.69,1.00
2017.01.05 10:22:45.074,0.85011,0.85019,1.00,1.00
2017.01.05 10:22:45.277,0.85011,0.85017,1.00,1.00
2017.01.05 10:22:45.329,0.85009,0.85016,1.12,1.00
2017.01.05 10:22:45.983,0.85008,0.85016,1.50,1.00
2017.01.05 10:22:46.416,0.85007,0.85014,2.44,1.00
2017.01.05 10:22:47.025,0.85007,0.85016,1.00,1.00
2017.01.05 10:22:47.127,0.85009,0.85016,1.00,1.00
2017.01.05 10:22:47.531,0.85009,0.85018,1.00,1.69
2017.01.05 10:22:48.153,0.85009,0.85017,1.00,1.00
2017.01.05 10:22:49.522,0.85009,0.85018,1.00,1.69
2017.01.05 10:22:50.052,0.8501,0.85018,1.50,1.69
2017.01.05 10:22:52.749,0.85012,0.85021,1.00,1.00
2017.01.05 10:22:53.479,0.85012,0.8502,1.00,1.00
2017.01.05 10:22:55.565,0.85012,0.85021,1.00,1.00
2017.01.05 10:22:55.616,0.85013,0.85023,1.00,1.12
2017.01.05 10:22:55.724,0.85015,0.85023,1.00,1.00
2017.01.05 10:22:56.193,0.85015,0.85021,1.00,1.00
2017.01.05 10:22:58.194,0.85017,0.85023,1.25,1.00
2017.01.05 10:22:58.246,0.85016,0.85025,1.87,1.00
2017.01.05 10:22:58.652,0.85015,0.85022,1.00,1.00
2017.01.05 10:22:59.159,0.85014,0.85022,1.00,1.00
2017.01.05 10:22:59.211,0.85014,0.85024,1.50,1.00
2017.01.05 10:22:59.464,0.85015,0.85026,1.50,1.00
2017.01.05 10:22:59.515,0.85017,0.85026,1.00,1.00
2017.01.05 10:23:00.226,0.85017,0.85024,1.00,1.00
2017.01.05 10:23:00.277,0.85015,0.85024,1.00,1.00
2017.01.05 10:23:01.382,0.85016,0.85026,1.00,1.00
2017.01.05 10:23:01.433,0.85018,0.85027,1.00,1.87
2017.01.05 10:23:01.637,0.85016,0.85026,1.00,1.69
2017.01.05 10:23:01.846,0.85016,0.85024,1.12,1.00
2017.01.05 10:23:02.151,0.85016,0.85027,1.87,1.00
2017.01.05 10:23:02.202,0.85019,0.85027,1.00,1.00
2017.01.05 10:23:02.506,0.85019,0.85025,1.50,1.00
2017.01.05 10:23:02.658,0.85019,0.85027,1.50,1.00
2017.01.05 10:23:03.483,0.85019,0.85025,1.50,1.00
2017.01.05 10:23:03.689,0.85017,0.85025,1.00,1.00
2017.01.05 10:23:05.730,0.85018,0.85026,1.00,1.00
2017.01.05 10:23:06.298,0.85018,0.85027,1.50,1.00
2017.01.05 10:23:06.724,0.85018,0.85024,1.00,1.69
2017.01.05 10:23:06.776,0.85015,0.85023,3.00,1.00
2017.01.05 10:23:07.284,0.85014,0.85022,1.50,1.00
2017.01.05 10:23:08.117,0.85015,0.85022,1.00,1.00
2017.01.05 10:23:09.145,0.85014,0.85022,1.50,1.00
2017.01.05 10:23:10.216,0.85013,0.85022,1.50,1.69
2017.01.05 10:23:10.317,0.85013,0.8502,1.50,1.00
2017.01.05 10:23:10.418,0.85013,0.85022,1.50,1.69
2017.01.05 10:23:11.241,0.85014,0.85022,1.00,1.69
2017.01.05 10:23:12.014,0.85014,0.8502,1.00,1.00
2017.01.05 10:23:12.335,0.85013,0.85022,1.00,1.69
2017.01.05 10:23:12.486,0.85013,0.85019,1.00,1.00
2017.01.05 10:23:12.588,0.85011,0.85019,1.50,1.00
2017.01.05 10:23:12.740,0.85011,0.85021,1.50,1.00
2017.01.05 10:23:12.842,0.85015,0.85024,1.00,2.44
2017.01.05 10:23:12.994,0.85017,0.85027,1.12,2.06
2017.01.05 10:23:13.212,0.85017,0.85025,1.00,1.69
2017.01.05 10:23:13.365,0.85015,0.85025,2.25,1.69
2017.01.05 10:23:13.568,0.85015,0.85022,1.00,1.00
2017.01.05 10:23:15.421,0.85015,0.85024,1.00,1.00
2017.01.05 10:23:15.976,0.85014,0.85023,2.81,1.00
2017.01.05 10:23:16.584,0.85015,0.85023,1.00,1.00
2017.01.05 10:23:17.237,0.85014,0.85023,2.81,1.00
2017.01.05 10:23:18.862,0.85014,0.85022,1.12,1.00
2017.01.05 10:23:19.396,0.85014,0.85021,1.00,1.00
2017.01.05 10:23:19.650,0.85017,0.85024,1.25,1.00
2017.01.05 10:23:19.752,0.85017,0.85026,1.25,1.00
2017.01.05 10:23:19.955,0.85016,0.85022,1.50,1.00
2017.01.05 10:23:20.057,0.85012,0.8502,1.87,1.00
2017.01.05 10:23:20.212,0.85012,0.85018,1.00,1.00
2017.01.05 10:23:20.364,0.85009,0.85018,1.87,1.00
2017.01.05 10:23:20.750,0.85011,0.8502,1.00,1.00
2017.01.05 10:23:21.257,0.85012,0.8502,1.00,1.00
2017.01.05 10:23:21.806,0.85012,0.85021,1.50,1.00
2017.01.05 10:23:22.468,0.85012,0.8502,1.00,1.25
2017.01.05 10:23:22.987,0.85013,0.85021,1.00,1.00
2017.01.05 10:23:23.200,0.85013,0.85023,1.00,1.00
2017.01.05 10:23:23.663,0.85015,0.85024,1.00,1.00
2017.01.05 10:23:23.714,0.85016,0.85026,1.25,1.12
2017.01.05 10:23:24.215,0.85016,0.85027,2.44,2.06
2017.01.05 10:23:27.929,0.85017,0.85026,1.00,1.00
2017.01.05 10:23:29.255,0.85018,0.85027,1.00,1.69
2017.01.05 10:23:29.804,0.85018,0.85028,1.00,1.00
2017.01.05 10:23:32.520,0.85018,0.85029,1.00,1.00
2017.01.05 10:23:33.103,0.85017,0.85029,2.81,1.00
2017.01.05 10:23:33.154,0.85019,0.85029,1.31,1.00
2017.01.05 10:23:33.458,0.85019,0.85027,1.25,1.00
2017.01.05 10:23:34.000,0.85018,0.85027,1.69,1.00
2017.01.05 10:23:34.324,0.85017,0.85025,1.25,1.00
2017.01.05 10:23:34.827,0.85017,0.85027,1.25,2.25
2017.01.05 10:23:36.719,0.85017,0.85025,1.25,1.00
2017.01.05 10:23:37.862,0.85017,0.85026,1.25,1.00
2017.01.05 10:23:37.963,0.85015,0.85026,1.50,1.00
2017.01.05 10:23:39.762,0.85018,0.85027,1.69,1.12
2017.01.05 10:23:39.813,0.85018,0.85029,1.69,1.12
2017.01.05 10:23:39.915,0.8502,0.85031,1.50,1.87
2017.01.05 10:23:42.870,0.85019,0.8503,1.50,1.12
2017.01.05 10:23:43.775,0.8502,0.85031,1.00,1.87
2017.01.05 10:23:44.326,0.8502,0.85029,1.00,1.00
2017.01.05 10:23:47.620,0.85018,0.85028,2.81,1.00
2017.01.05 10:23:47.723,0.85017,0.85026,1.12,1.00
2017.01.05 10:23:47.876,0.85015,0.85026,1.50,2.06
2017.01.05 10:23:48.029,0.85017,0.85026,1.00,1.31
2017.01.05 10:23:48.579,0.85018,0.85026,1.00,1.25
2017.01.05 10:23:48.630,0.85016,0.85026,1.50,1.25
2017.01.05 10:23:48.883,0.85014,0.85024,1.12,1.25
2017.01.05 10:23:49.188,0.85012,0.85019,1.50,1.25
2017.01.05 10:23:49.703,0.8501,0.85019,1.00,1.25
2017.01.05 10:23:50.214,0.85011,0.85019,1.00,1.25
2017.01.05 10:23:50.936,0.85011,0.8502,1.00,1.00
2017.01.05 10:23:51.510,0.85011,0.85021,1.50,1.25
2017.01.05 10:23:51.866,0.85014,0.85024,1.50,2.06
2017.01.05 10:23:52.184,0.85016,0.85024,1.00,1.25
2017.01.05 10:23:52.235,0.85014,0.85024,2.62,1.25
2017.01.05 10:23:52.336,0.85015,0.85026,1.00,2.81
2017.01.05 10:23:52.573,0.85017,0.85026,1.00,2.06
2017.01.05 10:23:53.826,0.85016,0.85026,1.00,2.06
2017.01.05 10:23:54.755,0.85016,0.85025,1.00,1.00
2017.01.05 10:23:55.302,0.85015,0.85026,1.50,2.44
2017.01.05 10:23:57.691,0.85017,0.85026,1.25,1.50
2017.01.05 10:23:58.214,0.85017,0.85025,1.25,1.00
2017.01.05 10:23:58.914,0.85017,0.85026,1.25,1.87
2017.01.05 10:24:02.015,0.85017,0.85023,1.25,1.00
2017.01.05 10:24:02.066,0.85014,0.85023,1.50,1.00
2017.01.05 10:24:02.338,0.85012,0.85023,2.81,2.25
2017.01.05 10:24:02.542,0.8501,0.8502,2.06,2.25
2017.01.05 10:24:02.857,0.85011,0.8502,1.19,1.12
2017.01.05 10:24:03.390,0.85011,0.85019,1.19,1.12
2017.01.05 10:24:03.920,0.85008,0.85018,2.06,1.00
2017.01.05 10:24:04.325,0.85009,0.85019,1.37,1.00
2017.01.05 10:24:06.615,0.85011,0.85021,2.44,1.87
2017.01.05 10:24:06.716,0.85013,0.85023,1.50,1.00
2017.01.05 10:24:06.767,0.85014,0.85024,1.69,3.00
2017.01.05 10:24:06.870,0.85014,0.85025,2.06,3.00
2017.01.05 10:24:08.949,0.85015,0.85026,1.69,2.25
2017.01.05 10:24:10.237,0.85013,0.85023,3.00,1.00
2017.01.05 10:24:10.743,0.85014,0.85025,1.69,2.25
2017.01.05 10:24:11.048,0.85012,0.85021,1.00,2.44
2017.01.05 10:24:11.554,0.8501,0.85021,1.00,2.81
2017.01.05 10:24:11.858,0.8501,0.85019,1.00,1.12
2017.01.05 10:24:12.774,0.8501,0.8502,1.69,1.00
2017.01.05 10:24:13.151,0.85007,0.85015,1.25,1.00
2017.01.05 10:24:13.685,0.85007,0.85014,1.25,1.00
2017.01.05 10:24:14.537,0.85006,0.85014,1.25,1.50
2017.01.05 10:24:15.153,0.85006,0.85013,1.25,1.00
2017.01.05 10:24:15.661,0.85005,0.85013,1.25,1.00
2017.01.05 10:24:19.571,0.85005,0.85013,1.19,1.00
2017.01.05 10:24:20.105,0.85007,0.85013,1.25,1.00
2017.01.05 10:24:23.073,0.85007,0.85012,1.25,1.00
2017.01.05 10:24:23.499,0.85004,0.85012,1.69,1.00
2017.01.05 10:24:23.702,0.85005,0.85015,1.69,1.00
2017.01.05 10:24:24.209,0.85004,0.85012,1.69,1.00
2017.01.05 10:24:25.625,0.85005,0.85012,1.25,1.00
2017.01.05 10:24:25.730,0.85007,0.85016,1.00,1.37
2017.01.05 10:24:25.895,0.85008,0.85018,1.00,1.00
2017.01.05 10:24:25.997,0.85008,0.85015,1.00,1.00
2017.01.05 10:24:26.199,0.8501,0.85018,1.25,1.00
2017.01.05 10:24:27.376,0.8501,0.85017,1.25,1.00
2017.01.05 10:24:27.901,0.85011,0.85017,1.25,1.00
2017.01.05 10:24:28.666,0.85013,0.85017,1.25,1.00
2017.01.05 10:24:28.717,0.85013,0.85019,1.25,1.50
2017.01.05 10:24:29.229,0.85014,0.8502,1.25,1.00
2017.01.05 10:24:32.104,0.85014,0.85021,1.25,1.00
2017.01.05 10:24:32.809,0.85015,0.85021,1.25,1.00
2017.01.05 10:24:33.134,0.85011,0.85021,1.00,1.00
2017.01.05 10:24:33.762,0.8501,0.85021,2.44,1.00
2017.01.05 10:24:35.184,0.85011,0.85021,1.00,1.00
2017.01.05 10:24:35.640,0.8501,0.85019,1.25,1.00
2017.01.05 10:24:35.692,0.85008,0.85019,1.12,1.00
2017.01.05 10:24:35.844,0.85007,0.85017,1.87,1.25
2017.01.05 10:24:36.265,0.85007,0.85015,1.00,1.25
2017.01.05 10:24:36.569,0.85004,0.85012,1.00,1.25
2017.01.05 10:24:37.322,0.85002,0.85012,2.25,1.25
2017.01.05 10:24:43.122,0.85001,0.8501,1.50,1.69
2017.01.05 10:24:43.510,0.84998,0.85007,1.00,1.69
2017.01.05 10:24:45.256,0.84999,0.85008,1.00,1.00
2017.01.05 10:24:45.777,0.85,0.85008,1.00,1.00
2017.01.05 10:24:47.090,0.84999,0.8501,1.12,1.69
2017.01.05 10:24:47.345,0.84998,0.85008,1.00,1.00
2017.01.05 10:24:48.373,0.84999,0.85008,1.00,1.00
2017.01.05 10:24:49.216,0.84999,0.85009,1.00,1.00
2017.01.05 10:24:51.641,0.84998,0.85009,1.50,1.00
2017.01.05 10:24:52.610,0.84999,0.85009,1.00,1.00
2017.01.05 10:24:53.004,0.85001,0.85011,1.00,1.50
2017.01.05 10:24:53.333,0.84997,0.85006,1.69,1.00
2017.01.05 10:24:54.460,0.84996,0.85006,1.00,1.69
2017.01.05 10:24:55.009,0.84995,0.85005,1.00,1.69
2017.01.05 10:24:55.538,0.84998,0.85005,1.25,1.50
2017.01.05 10:24:55.589,0.84995,0.85005,2.44,1.00
2017.01.05 10:24:55.641,0.84995,0.85007,2.81,1.87
2017.01.05 10:24:56.097,0.84998,0.85008,1.25,2.62
2017.01.05 10:24:56.275,0.84996,0.85007,1.69,1.00
2017.01.05 10:24:56.782,0.84995,0.85006,2.06,1.69
2017.01.05 10:24:59.971,0.84995,0.85004,1.12,1.00
2017.01.05 10:25:00.753,0.84993,0.85004,2.81,1.69
2017.01.05 10:25:01.440,0.84993,0.85004,2.06,1.69
2017.01.05 10:25:02.909,0.84994,0.85004,2.44,1.00
2017.01.05 10:25:03.227,0.84997,0.85006,1.25,1.00
2017.01.05 10:25:03.740,0.84998,0.85008,1.00,1.50
2017.01.05 10:25:04.431,0.84997,0.85007,1.25,1.00
2017.01.05 10:25:04.483,0.84996,0.85005,1.12,1.00
2017.01.05 10:25:04.535,0.84994,0.85004,1.87,1.00
2017.01.05 10:25:05.002,0.84992,0.85003,1.50,1.00
2017.01.05 10:25:05.255,0.84992,0.85001,1.50,1.00
2017.01.05 10:25:05.762,0.84991,0.85002,1.25,1.50
2017.01.05 10:25:07.520,0.84992,0.85002,1.00,1.87
2017.01.05 10:25:08.084,0.84993,0.85002,1.00,1.00
2017.01.05 10:25:11.549,0.84992,0.85003,1.12,1.69
2017.01.05 10:25:11.894,0.84995,0.85006,1.87,1.50
2017.01.05 10:25:12.199,0.84997,0.85007,1.12,2.44
2017.01.05 10:25:12.504,0.84995,0.85005,1.87,1.69
2017.01.05 10:25:13.041,0.84996,0.85006,1.00,1.00
2017.01.05 10:25:13.832,0.84996,0.85005,1.00,1.00
2017.01.05 10:25:15.223,0.84995,0.85003,1.00,1.25
2017.01.05 10:25:15.375,0.8499,0.84999,2.06,1.00
2017.01.05 10:25:15.527,0.8499,0.85002,2.44,2.25
2017.01.05 10:25:15.679,0.8499,0.85,2.06,1.00
2017.01.05 10:25:16.231,0.84991,0.85,1.00,1.00
2017.01.05 10:25:16.830,0.8499,0.84999,2.06,1.50
2017.01.05 10:25:17.784,0.8499,0.84998,1.31,1.00
2017.01.05 10:25:17.886,0.8499,0.85001,2.06,1.50
2017.01.05 10:25:18.402,0.84992,0.85,1.00,1.00
2017.01.05 10:25:18.686,0.84994,0.85004,1.25,1.87
2017.01.05 10:25:19.610,0.84994,0.85004,2.06,1.00
2017.01.05 10:25:20.700,0.84997,0.85004,1.25,1.00
2017.01.05 10:25:20.864,0.84999,0.85008,1.25,1.00
2017.01.05 10:25:21.957,0.84999,0.85009,1.25,1.12
2017.01.05 10:25:22.509,0.84999,0.85011,1.69,3.37
2017.01.05 10:25:23.032,0.85,0.8501,1.00,1.12
2017.01.05 10:25:24.687,0.85,0.85009,1.00,1.00
2017.01.05 10:25:25.192,0.84999,0.8501,1.69,1.00
2017.01.05 10:25:27.222,0.84999,0.85009,2.44,1.00
2017.01.05 10:25:27.923,0.85002,0.85008,1.25,1.00
2017.01.05 10:25:28.025,0.85003,0.8501,1.25,1.00
2017.01.05 10:25:28.228,0.85005,0.85012,1.25,1.50
2017.01.05 10:25:28.434,0.85004,0.85013,1.25,1.50
2017.01.05 10:25:28.941,0.85004,0.85012,1.25,1.00
2017.01.05 10:25:29.632,0.85004,0.85011,1.25,1.00
2017.01.05 10:25:30.152,0.85004,0.85012,1.25,1.00
2017.01.05 10:25:30.893,0.85006,0.85012,1.25,1.00
2017.01.05 10:25:31.248,0.85003,0.85015,1.50,4.12
2017.01.05 10:25:31.350,0.85003,0.85014,1.00,1.37
2017.01.05 10:25:33.140,0.85003,0.85014,1.00,3.19
2017.01.05 10:25:33.445,0.85005,0.85014,1.00,1.69
2017.01.05 10:25:33.951,0.85005,0.85013,1.25,1.00
2017.01.05 10:25:34.258,0.85005,0.85011,1.25,1.00
2017.01.05 10:25:34.563,0.85005,0.85013,1.25,1.50
2017.01.05 10:25:35.069,0.85005,0.85012,1.25,1.00
2017.01.05 10:25:35.714,0.85003,0.85012,1.69,1.00
2017.01.05 10:25:36.252,0.85004,0.85012,1.25,1.00
2017.01.05 10:25:42.555,0.85004,0.85013,1.25,1.00
2017.01.05 10:25:43.061,0.85004,0.85014,1.25,1.00
2017.01.05 10:25:43.618,0.85005,0.85014,1.25,1.00
2017.01.05 10:25:44.168,0.85006,0.85014,1.25,1.00
2017.01.05 10:25:44.669,0.85006,0.85015,1.25,2.25
2017.01.05 10:25:46.854,0.85005,0.85015,1.25,1.00
2017.01.05 10:25:47.577,0.85006,0.85015,1.25,1.00
2017.01.05 10:25:48.541,0.85007,0.85016,1.00,1.00
2017.01.05 10:25:49.049,0.85008,0.85017,1.50,1.25
2017.01.05 10:25:49.588,0.85008,0.85018,1.00,2.44
2017.01.05 10:25:50.071,0.85006,0.85018,1.87,1.69
2017.01.05 10:25:50.710,0.85007,0.85018,1.00,1.69
2017.01.05 10:25:52.415,0.85006,0.85018,2.25,2.44
2017.01.05 10:25:52.834,0.85006,0.85016,2.06,1.00
2017.01.05 10:25:53.190,0.85006,0.85014,1.25,1.00
2017.01.05 10:25:54.055,0.85006,0.85015,1.25,1.87
2017.01.05 10:25:54.999,0.85006,0.85014,1.25,1.00
2017.01.05 10:25:55.517,0.85006,0.85013,1.25,1.00
2017.01.05 10:25:56.063,0.85005,0.85013,1.25,1.00
2017.01.05 10:25:57.131,0.85005,0.85014,1.25,1.00
2017.01.05 10:25:57.435,0.85008,0.85015,1.25,1.00
2017.01.05 10:25:57.787,0.85008,0.85013,1.25,1.00
2017.01.05 10:25:58.050,0.85008,0.85015,1.25,1.50
2017.01.05 10:26:00.188,0.85008,0.85014,1.25,1.00
2017.01.05 10:26:00.405,0.85008,0.85016,1.25,1.12
2017.01.05 10:26:00.456,0.85011,0.85017,1.25,1.37
2017.01.05 10:26:00.608,0.85012,0.85018,1.25,1.50
2017.01.05 10:26:00.877,0.85012,0.85016,1.25,1.00
2017.01.05 10:26:01.754,0.85006,0.85016,1.69,1.00
2017.01.05 10:26:01.805,0.85006,0.85014,1.25,1.00
2017.01.05 10:26:02.320,0.85006,0.85015,1.25,1.00
2017.01.05 10:26:07.303,0.85007,0.85017,1.00,1.12
2017.01.05 10:26:07.354,0.85009,0.85017,1.25,1.12
2017.01.05 10:26:07.761,0.8501,0.8502,1.25,1.50
2017.01.05 10:26:08.518,0.85012,0.8502,1.25,1.00
2017.01.05 10:26:08.721,0.85013,0.85022,1.31,1.00
2017.01.05 10:26:08.823,0.85009,0.85019,2.44,1.00
2017.01.05 10:26:08.925,0.85009,0.85017,1.31,1.00
2017.01.05 10:26:09.423,0.85009,0.85019,1.00,1.00
2017.01.05 10:26:09.576,0.85007,0.85019,1.50,3.19
2017.01.05 10:26:10.033,0.85007,0.85016,1.50,1.00
2017.01.05 10:26:11.962,0.85006,0.85017,1.31,2.06
2017.01.05 10:26:12.267,0.85006,0.85014,1.25,1.12
2017.01.05 10:26:12.808,0.85006,0.85015,1.25,1.00
2017.01.05 10:26:14.546,0.85006,0.85014,1.25,1.00
2017.01.05 10:26:16.222,0.85004,0.85014,2.81,1.00
2017.01.05 10:26:22.516,0.85011,0.85016,1.25,1.50
2017.01.05 10:26:22.721,0.85014,0.85023,1.25,1.00
2017.01.05 10:26:23.230,0.85015,0.85024,1.25,1.00
2017.01.05 10:26:23.781,0.85015,0.85022,1.25,1.00
2017.01.05 10:26:26.518,0.85015,0.85023,1.25,1.00
2017.01.05 10:26:26.797,0.8501,0.8502,2.44,1.50
2017.01.05 10:26:27.305,0.8501,0.85019,1.25,1.00
2017.01.05 10:26:27.711,0.85013,0.85021,1.00,1.00
2017.01.05 10:26:28.219,0.85012,0.8502,1.00,1.00
2017.01.05 10:26:28.827,0.8501,0.85019,2.06,1.00
2017.01.05 10:26:29.333,0.8501,0.8502,1.62,1.00
2017.01.05 10:26:30.081,0.8501,0.8502,1.62,1.00
2017.01.05 10:26:32.848,0.8501,0.8502,1.62,1.00
2017.01.05 10:26:33.886,0.8501,0.8502,1.62,1.00
2017.01.05 10:26:34.190,0.8501,0.85018,1.25,1.50
2017.01.05 10:26:37.921,0.85008,0.85018,1.00,1.00
2017.01.05 10:26:39.461,0.85008,0.85017,1.00,1.00
2017.01.05 10:26:39.667,0.85006,0.85015,2.06,1.00
2017.01.05 10:26:40.014,0.85005,0.85013,1.25,1.00
2017.01.05 10:26:40.271,0.85001,0.8501,1.25,1.00
2017.01.05 10:26:40.790,0.85001,0.85011,1.25,1.87
2017.01.05 10:26:41.645,0.85001,0.85009,1.25,1.00
2017.01.05 10:26:42.151,0.85001,0.85008,1.25,1.00
2017.01.05 10:26:42.661,0.85001,0.85009,1.25,1.00
2017.01.05 10:26:43.299,0.85001,0.85007,1.25,1.00
2017.01.05 10:26:44.769,0.84997,0.85007,2.06,1.50
2017.01.05 10:26:45.312,0.84996,0.85006,2.81,1.12
2017.01.05 10:26:45.519,0.84998,0.85006,1.25,1.12
2017.01.05 10:26:46.030,0.84996,0.85006,1.87,1.00
2017.01.05 10:26:46.651,0.84997,0.85006,1.00,1.00
2017.01.05 10:26:46.956,0.84998,0.85008,1.12,1.50
2017.01.05 10:26:47.058,0.85,0.85008,1.00,1.00
2017.01.05 10:26:47.261,0.85001,0.85012,1.50,1.00
2017.01.05 10:26:47.775,0.85,0.85013,2.25,2.44
2017.01.05 10:26:48.904,0.85,0.8501,1.87,1.25
2017.01.05 10:26:48.955,0.85,0.8501,1.12,1.69
2017.01.05 10:26:49.244,0.84998,0.85007,1.37,1.00
2017.01.05 10:26:52.280,0.84999,0.85009,1.31,1.50
2017.01.05 10:26:52.868,0.84999,0.85007,1.31,1.00
2017.01.05 10:26:53.705,0.84998,0.85006,2.06,1.00
2017.01.05 10:26:53.806,0.84996,0.85005,1.31,1.00
2017.01.05 10:26:54.312,0.84996,0.85004,1.25,1.00
2017.01.05 10:26:56.904,0.84994,0.85002,1.25,1.00
2017.01.05 10:26:57.136,0.84995,0.85004,1.25,1.00
2017.01.05 10:26:59.561,0.84995,0.85004,1.69,1.00
2017.01.05 10:27:00.065,0.84996,0.85005,1.25,1.50
2017.01.05 10:27:00.592,0.84996,0.85004,1.25,1.00
2017.01.05 10:27:02.449,0.84995,0.85004,1.31,1.50
2017.01.05 10:27:02.901,0.84994,0.85006,2.81,1.12
2017.01.05 10:27:03.888,0.84995,0.85004,1.69,1.00
2017.01.05 10:27:04.142,0.84994,0.85004,1.12,1.00
2017.01.05 10:27:04.678,0.84993,0.85003,1.12,1.00
2017.01.05 10:27:04.982,0.84995,0.85004,1.00,1.50
2017.01.05 10:27:05.438,0.84992,0.85003,1.37,1.00
2017.01.05 10:27:06.118,0.84992,0.85004,1.87,1.00
2017.01.05 10:27:06.639,0.84991,0.85003,3.56,1.00
2017.01.05 10:27:06.950,0.84994,0.85005,1.25,1.12
2017.01.05 10:27:07.287,0.84999,0.85007,1.25,1.00
2017.01.05 10:27:10.886,0.84996,0.85007,2.44,1.00
2017.01.05 10:27:14.086,0.84996,0.85004,1.00,1.00
2017.01.05 10:27:14.188,0.84993,0.85003,1.87,1.00
2017.01.05 10:27:14.694,0.84993,0.85004,1.12,1.00
2017.01.05 10:27:15.616,0.84996,0.85004,1.00,1.00
2017.01.05 10:27:15.717,0.84997,0.85006,1.00,1.12
2017.01.05 10:27:16.573,0.84996,0.85005,1.00,1.00
2017.01.05 10:27:16.863,0.84993,0.85004,2.81,1.00
2017.01.05 10:27:17.386,0.84993,0.85004,2.06,1.00
2017.01.05 10:27:17.590,0.84993,0.85002,1.31,1.00
2017.01.05 10:27:19.525,0.84994,0.85004,2.06,1.00
2017.01.05 10:27:19.576,0.84996,0.85006,1.25,1.50
2017.01.05 10:27:20.113,0.84996,0.85007,2.06,1.00
2017.01.05 10:27:22.880,0.84996,0.85006,2.06,1.00
2017.01.05 10:27:23.590,0.84997,0.85006,1.00,1.00
2017.01.05 10:27:25.680,0.84997,0.85007,1.00,1.00
2017.01.05 10:27:26.426,0.84998,0.85007,1.25,1.00
2017.01.05 10:27:26.937,0.84998,0.85008,1.25,1.00
2017.01.05 10:27:28.034,0.84998,0.85009,1.69,1.00
2017.01.05 10:27:28.339,0.85,0.85011,3.19,1.00
2017.01.05 10:27:28.865,0.85001,0.85011,1.00,1.00
2017.01.05 10:27:30.066,0.85001,0.8501,1.00,1.00
2017.01.05 10:27:30.571,0.85,0.8501,3.19,1.00
2017.01.05 10:27:31.191,0.85,0.85008,1.00,1.00
2017.01.05 10:27:32.835,0.84999,0.85008,1.69,1.00
2017.01.05 10:27:33.139,0.84999,0.8501,1.31,1.00
2017.01.05 10:27:34.441,0.84999,0.85011,3.19,1.25
2017.01.05 10:27:34.964,0.85,0.85011,1.00,1.25
2017.01.05 10:27:35.065,0.85003,0.85013,1.00,1.69
2017.01.05 10:27:35.167,0.85004,0.85015,1.00,2.81
2017.01.05 10:27:35.691,0.85005,0.85015,1.25,1.00
2017.01.05 10:27:35.964,0.85006,0.85017,1.00,1.00
2017.01.05 10:27:36.116,0.8501,0.85018,1.00,1.25
2017.01.05 10:27:36.268,0.85012,0.85023,1.12,1.37
2017.01.05 10:27:36.875,0.85014,0.85022,1.00,1.25
2017.01.05 10:27:37.112,0.85017,0.85026,1.00,1.25
2017.01.05 10:27:37.665,0.85017,0.85025,1.00,1.25
2017.01.05 10:27:38.273,0.85017,0.85027,1.00,2.81
2017.01.05 10:27:38.783,0.85017,0.85027,1.00,3.19
2017.01.05 10:27:42.674,0.85016,0.85027,1.50,2.44
2017.01.05 10:27:42.831,0.85018,0.85027,1.00,1.50
2017.01.05 10:27:42.883,0.85015,0.85024,1.25,1.50
2017.01.05 10:27:43.087,0.85017,0.85027,1.00,2.25
2017.01.05 10:27:43.189,0.85016,0.85027,1.50,1.00
2017.01.05 10:27:43.240,0.85019,0.85029,1.69,1.00
2017.01.05 10:27:43.750,0.8502,0.8503,1.00,1.12
2017.01.05 10:27:44.254,0.85019,0.8503,1.69,1.00
2017.01.05 10:27:44.557,0.85018,0.85028,1.12,1.00
2017.01.05 10:27:44.942,0.8502,0.85028,1.00,1.00
2017.01.05 10:27:44.993,0.8502,0.8503,1.00,1.00
2017.01.05 10:27:45.452,0.85019,0.85028,1.00,1.69
2017.01.05 10:27:45.792,0.85021,0.85029,1.00,3.19
2017.01.05 10:27:46.452,0.8502,0.85029,1.00,1.69
2017.01.05 10:27:46.718,0.85021,0.85031,1.00,1.69
2017.01.05 10:27:46.769,0.85023,0.85031,1.00,1.69
2017.01.05 10:27:47.329,0.85024,0.85031,1.00,1.25
2017.01.05 10:27:47.877,0.85023,0.85031,1.00,1.25
2017.01.05 10:27:48.384,0.85023,0.8503,1.00,1.25
2017.01.05 10:27:48.692,0.85025,0.8503,1.00,1.25
2017.01.05 10:27:48.743,0.85022,0.85032,1.00,1.25
2017.01.05 10:27:49.248,0.85023,0.85032,1.00,1.25
2017.01.05 10:27:49.788,0.85022,0.85032,1.00,1.69
2017.01.05 10:27:50.157,0.85025,0.85032,1.00,1.25
2017.01.05 10:27:50.310,0.85027,0.85036,1.00,1.69
2017.01.05 10:27:50.362,0.85029,0.85036,1.00,1.69
2017.01.05 10:27:51.279,0.85028,0.85036,1.00,1.69
2017.01.05 10:27:51.785,0.85029,0.85036,1.00,1.25
2017.01.05 10:27:53.071,0.85028,0.85036,1.00,1.25
2017.01.05 10:27:53.375,0.85026,0.85036,1.00,1.25
2017.01.05 10:27:57.220,0.85026,0.85034,1.00,1.00
2017.01.05 10:27:57.829,0.85026,0.85036,1.00,2.06
2017.01.05 10:27:58.347,0.85027,0.85036,1.00,1.25
2017.01.05 10:28:01.636,0.85026,0.85036,1.00,1.69
2017.01.05 10:28:01.808,0.85025,0.85034,1.00,2.44
2017.01.05 10:28:02.061,0.85022,0.85032,1.00,1.50
2017.01.05 10:28:02.213,0.85024,0.85033,1.00,1.12
2017.01.05 10:28:02.315,0.85025,0.85036,1.00,2.06
2017.01.05 10:28:02.366,0.85025,0.85033,1.00,1.00
2017.01.05 10:28:02.569,0.85023,0.85033,1.69,1.00
2017.01.05 10:28:03.252,0.8502,0.85031,2.44,1.00
2017.01.05 10:28:03.354,0.8502,0.85029,1.00,1.00
2017.01.05 10:28:03.756,0.8502,0.85031,1.69,1.12
2017.01.05 10:28:03.959,0.85022,0.85031,1.00,1.00
2017.01.05 10:28:04.010,0.85019,0.8503,1.31,1.50
2017.01.05 10:28:04.415,0.85018,0.85028,1.00,1.00
2017.01.05 10:28:05.285,0.85018,0.85029,1.69,1.50
2017.01.05 10:28:06.020,0.85018,0.85028,1.25,1.00
2017.01.05 10:28:06.986,0.85019,0.85028,1.00,1.00
2017.01.05 10:28:07.224,0.8502,0.8503,1.00,1.12
2017.01.05 10:28:07.735,0.85021,0.85031,1.00,2.06
2017.01.05 10:28:08.568,0.85018,0.8503,2.44,1.87
2017.01.05 10:28:08.762,0.85018,0.85027,1.00,2.44
2017.01.05 10:28:08.813,0.85016,0.85027,1.69,2.44
2017.01.05 10:28:08.965,0.85016,0.85025,1.25,1.00
2017.01.05 10:28:09.471,0.85016,0.85026,1.25,1.50
2017.01.05 10:28:10.152,0.85016,0.85024,1.25,1.00
2017.01.05 10:28:10.456,0.85012,0.85022,1.50,1.00
2017.01.05 10:28:11.182,0.85011,0.85022,1.69,1.00
2017.01.05 10:28:11.909,0.85011,0.85023,3.19,1.00
2017.01.05 10:28:11.960,0.85013,0.85024,1.00,1.69
2017.01.05 10:28:12.264,0.85016,0.85024,1.00,1.69
2017.01.05 10:28:13.147,0.85018,0.85027,1.00,2.81
2017.01.05 10:28:13.649,0.85019,0.85027,1.00,1.25
2017.01.05 10:28:15.150,0.85018,0.85027,1.00,1.25
2017.01.05 10:28:15.759,0.8502,0.85027,1.00,1.25
2017.01.05 10:28:15.810,0.85018,0.85029,1.69,1.50
2017.01.05 10:28:16.572,0.85017,0.85029,1.00,2.81
2017.01.05 10:28:17.085,0.85018,0.85028,1.00,1.00
2017.01.05 10:28:17.614,0.85018,0.8503,1.00,4.31
2017.01.05 10:28:18.150,0.85019,0.85028,1.25,1.00
2017.01.05 10:28:18.201,0.85017,0.85028,2.44,1.00
2017.01.05 10:28:18.474,0.85016,0.85027,1.25,2.25
2017.01.05 10:28:19.338,0.85016,0.85024,1.00,1.00
2017.01.05 10:28:19.693,0.85014,0.85024,1.12,1.50
2017.01.05 10:28:20.652,0.85014,0.85023,1.12,1.00
2017.01.05 10:28:21.604,0.85013,0.85024,1.50,2.44
2017.01.05 10:28:21.710,0.85012,0.85022,1.75,2.06
2017.01.05 10:28:21.762,0.8501,0.8502,1.00,1.00
2017.01.05 10:28:22.978,0.8501,0.85019,1.00,1.00
2017.01.05 10:28:25.834,0.85013,0.85023,1.00,2.25
2017.01.05 10:28:26.363,0.85011,0.8502,1.12,1.00
2017.01.05 10:28:28.433,0.85009,0.8502,1.25,2.25
2017.01.05 10:28:29.162,0.85009,0.85019,1.25,1.00
2017.01.05 10:28:31.789,0.85009,0.8502,1.25,1.50
2017.01.05 10:28:33.252,0.85011,0.8502,1.00,1.00
2017.01.05 10:28:33.303,0.85009,0.8502,1.69,1.00
2017.01.05 10:28:34.159,0.85009,0.85019,1.69,1.00
2017.01.05 10:28:36.419,0.85011,0.85019,1.00,1.00
2017.01.05 10:28:37.754,0.85007,0.85017,1.12,1.00
2017.01.05 10:28:37.856,0.85009,0.85016,1.00,1.25
2017.01.05 10:28:37.957,0.85009,0.85019,1.00,1.12
2017.01.05 10:28:38.110,0.85011,0.85019,1.00,1.00
2017.01.05 10:28:38.732,0.85011,0.8502,1.00,1.25
2017.01.05 10:28:39.240,0.85009,0.85019,1.87,1.00
2017.01.05 10:28:39.932,0.85009,0.8502,1.00,1.69
2017.01.05 10:28:40.849,0.85012,0.85022,1.00,1.12
2017.01.05 10:28:41.362,0.85012,0.85023,1.00,1.00
2017.01.05 10:28:41.666,0.85012,0.85021,1.00,2.44
2017.01.05 10:28:42.611,0.8501,0.85021,1.00,1.69
2017.01.05 10:28:43.285,0.8501,0.8502,1.00,2.25
2017.01.05 10:28:45.622,0.8501,0.85019,1.00,1.00
2017.01.05 10:28:46.146,0.85011,0.85019,1.25,1.00
2017.01.05 10:28:46.648,0.85011,0.8502,1.25,1.00
2017.01.05 10:28:47.095,0.85007,0.85018,1.87,1.69
2017.01.05 10:28:47.399,0.85007,0.85015,1.00,1.00
2017.01.05 10:28:47.908,0.85006,0.85015,1.00,1.00
2017.01.05 10:28:49.977,0.85007,0.85018,1.69,1.12
2017.01.05 10:28:50.028,0.8501,0.85018,1.25,1.12
2017.01.05 10:28:50.231,0.85009,0.8502,1.00,2.44
2017.01.05 10:28:50.753,0.8501,0.8502,1.00,1.25
2017.01.05 10:28:51.286,0.85011,0.8502,1.00,1.25
2017.01.05 10:28:51.544,0.85009,0.8502,1.12,1.69
2017.01.05 10:28:51.595,0.85008,0.85018,1.00,1.00
2017.01.05 10:28:51.899,0.8501,0.85019,1.00,2.44
2017.01.05 10:28:53.176,0.85007,0.85019,1.87,1.69
2017.01.05 10:28:53.328,0.85009,0.85019,1.00,1.50
2017.01.05 10:28:53.724,0.85012,0.85021,1.00,1.25
2017.01.05 10:28:54.714,0.85011,0.85019,1.00,1.25
2017.01.05 10:28:54.917,0.85014,0.85023,1.00,1.25
2017.01.05 10:28:55.519,0.85017,0.85023,1.00,1.25
2017.01.05 10:28:55.570,0.85014,0.85022,1.00,1.25
2017.01.05 10:28:55.622,0.85016,0.85022,1.00,1.25
2017.01.05 10:28:55.673,0.85017,0.85025,1.00,1.00
2017.01.05 10:28:55.876,0.85017,0.85027,1.00,3.94
2017.01.05 10:28:56.438,0.85017,0.85026,1.00,1.00
2017.01.05 10:28:57.089,0.85016,0.85026,1.00,1.00
2017.01.05 10:28:57.971,0.85016,0.85023,1.00,1.00
2017.01.05 10:28:58.022,0.85014,0.85023,1.87,1.00
2017.01.05 10:28:58.328,0.85016,0.85024,1.00,1.25
2017.01.05 10:28:58.708,0.85018,0.85024,1.00,1.25
2017.01.05 10:28:59.360,0.8502,0.85027,1.00,1.25
2017.01.05 10:28:59.614,0.85022,0.85027,1.00,1.25
2017.01.05 10:28:59.665,0.85018,0.85027,1.00,1.25
2017.01.05 10:28:59.817,0.85016,0.85027,1.87,1.25
2017.01.05 10:29:00.120,0.85019,0.85027,1.00,1.25
2017.01.05 10:29:00.222,0.8502,0.8503,1.00,1.00
2017.01.05 10:29:00.782,0.85019,0.8503,1.00,1.00
2017.01.05 10:29:01.204,0.85018,0.85027,1.00,1.25
2017.01.05 10:29:01.705,0.85019,0.85027,1.00,1.25
2017.01.05 10:29:02.218,0.8502,0.85027,1.00,1.25
2017.01.05 10:29:07.054,0.85022,0.85027,1.00,1.25
2017.01.05 10:29:07.155,0.85022,0.85029,1.00,1.25
2017.01.05 10:29:07.978,0.8502,0.85029,1.00,1.25
2017.01.05 10:29:08.029,0.85018,0.85028,1.00,1.12
2017.01.05 10:29:08.080,0.85017,0.85025,2.62,1.00
2017.01.05 10:29:08.234,0.85016,0.85027,1.50,1.25
2017.01.05 10:29:08.335,0.85019,0.85029,1.00,3.19
2017.01.05 10:29:08.686,0.85023,0.85029,1.00,1.25
2017.01.05 10:29:08.838,0.8502,0.85029,2.25,1.25
2017.01.05 10:29:09.092,0.8502,0.85029,1.00,1.19
2017.01.05 10:29:09.143,0.85019,0.85029,1.00,1.25
2017.01.05 10:29:09.194,0.85021,0.85029,1.00,1.25
2017.01.05 10:29:09.508,0.85019,0.85029,1.00,1.25
2017.01.05 10:29:09.914,0.85019,0.85027,1.00,1.25
2017.01.05 10:29:10.752,0.85018,0.85026,1.00,1.25
2017.01.05 10:29:11.060,0.85017,0.85023,1.00,1.25
2017.01.05 10:29:11.566,0.85016,0.85023,1.00,1.25
2017.01.05 10:29:14.353,0.85017,0.85023,1.50,1.25
2017.01.05 10:29:14.455,0.8502,0.85028,1.00,1.00
2017.01.05 10:29:14.986,0.85019,0.85028,1.00,1.00
2017.01.05 10:29:15.138,0.85017,0.85026,1.00,1.25
2017.01.05 10:29:15.291,0.85019,0.85029,1.00,2.44
2017.01.05 10:29:15.676,0.85016,0.85028,2.06,1.00
2017.01.05 10:29:16.352,0.85016,0.85027,1.69,1.00
2017.01.05 10:29:16.886,0.85017,0.85027,1.25,1.00
2017.01.05 10:29:20.514,0.85017,0.85028,1.69,2.25
2017.01.05 10:29:21.066,0.85018,0.85029,1.00,1.00
2017.01.05 10:29:21.301,0.85021,0.8503,1.00,1.00
2017.01.05 10:29:22.221,0.85021,0.85031,1.00,1.50
2017.01.05 10:29:22.763,0.85023,0.85028,1.00,1.00
2017.01.05 10:29:22.814,0.8502,0.85028,1.12,1.00
2017.01.05 10:29:23.118,0.85023,0.8503,1.00,1.50
2017.01.05 10:29:23.271,0.85024,0.85035,1.00,2.44
2017.01.05 10:29:23.431,0.85026,0.85035,1.00,1.69
2017.01.05 10:29:23.736,0.85024,0.85034,1.00,1.25
2017.01.05 10:29:23.787,0.85023,0.85032,1.12,1.25
2017.01.05 10:29:24.294,0.85024,0.85032,1.00,1.25
2017.01.05 10:29:24.769,0.85027,0.85032,1.00,1.25
2017.01.05 10:29:24.820,0.85027,0.85035,1.00,1.69
2017.01.05 10:29:25.062,0.85024,0.85035,1.00,1.69
2017.01.05 10:29:26.235,0.85025,0.85035,1.00,1.31
2017.01.05 10:29:27.457,0.85025,0.85034,1.00,1.00
2017.01.05 10:29:27.710,0.85027,0.85035,1.00,1.25
2017.01.05 10:29:28.263,0.85027,0.85036,1.37,1.25
2017.01.05 10:29:28.730,0.8503,0.85036,1.00,1.25
2017.01.05 10:29:29.034,0.85032,0.85036,1.00,1.25
2017.01.05 10:29:29.409,0.85029,0.85036,1.50,1.25
2017.01.05 10:29:29.606,0.85029,0.8504,2.81,1.00
2017.01.05 10:29:30.133,0.85029,0.85039,1.25,2.25
2017.01.05 10:29:32.485,0.85029,0.8504,1.69,3.37
2017.01.05 10:29:32.999,0.8503,0.85039,1.00,1.00
2017.01.05 10:29:33.575,0.85031,0.8504,1.00,2.62
2017.01.05 10:29:34.152,0.8503,0.8504,1.00,1.00
2017.01.05 10:29:34.305,0.85032,0.85041,1.00,2.81
2017.01.05 10:29:34.649,0.8503,0.85041,1.00,1.31
2017.01.05 10:29:35.256,0.85031,0.85041,1.00,2.06
2017.01.05 10:29:35.357,0.85032,0.85043,1.00,3.19
2017.01.05 10:29:35.734,0.85031,0.85039,1.50,1.25
2017.01.05 10:29:35.890,0.8503,0.85039,1.00,1.25
2017.01.05 10:29:36.144,0.85032,0.85039,1.00,1.25
2017.01.05 10:29:36.600,0.8503,0.85039,1.12,1.25
2017.01.05 10:29:38.019,0.85031,0.85039,1.00,1.25
2017.01.05 10:29:38.585,0.85032,0.85039,1.00,1.25
2017.01.05 10:29:38.961,0.85034,0.85039,1.00,1.25
2017.01.05 10:29:41.956,0.85034,0.8504,1.00,1.25
2017.01.05 10:29:42.495,0.85034,0.85039,1.00,1.25
2017.01.05 10:29:43.034,0.85032,0.85039,1.00,1.25
2017.01.05 10:29:43.703,0.85033,0.85039,1.00,1.25
2017.01.05 10:29:43.805,0.85032,0.85043,1.12,1.87
2017.01.05 10:29:43.856,0.85032,0.85041,1.12,1.25
2017.01.05 10:29:44.539,0.85034,0.85041,1.00,1.25
2017.01.05 10:29:45.122,0.85035,0.85041,1.00,1.25
2017.01.05 10:29:45.325,0.85036,0.85044,1.00,1.31
2017.01.05 10:29:45.851,0.85038,0.85044,1.00,1.25
2017.01.05 10:29:46.155,0.85037,0.85047,1.00,1.00
2017.01.05 10:29:46.459,0.85039,0.85049,1.00,3.37
2017.01.05 10:29:47.057,0.85037,0.85048,1.69,1.12
2017.01.05 10:29:47.361,0.8504,0.85049,1.00,1.50
2017.01.05 10:29:47.867,0.85039,0.85049,1.25,2.25
2017.01.05 10:29:48.171,0.85039,0.85046,1.25,1.00
2017.01.05 10:29:49.489,0.85039,0.85047,1.25,1.00
2017.01.05 10:29:49.744,0.85041,0.8505,1.00,1.12
2017.01.05 10:29:50.322,0.8504,0.85049,1.00,1.25
2017.01.05 10:29:51.517,0.8504,0.8505,1.00,2.06
2017.01.05 10:29:51.620,0.85038,0.85047,1.00,1.00
2017.01.05 10:29:51.671,0.85039,0.85051,2.44,3.94
2017.01.05 10:29:51.824,0.85041,0.85051,1.00,2.06
2017.01.05 10:29:52.178,0.85044,0.85051,1.25,1.87
2017.01.05 10:29:52.442,0.85044,0.85053,1.25,1.00
2017.01.05 10:29:52.899,0.85044,0.85051,1.00,1.25
2017.01.05 10:29:53.001,0.85045,0.85053,1.69,1.00
2017.01.05 10:29:53.153,0.85045,0.85056,1.69,1.31
2017.01.05 10:29:53.262,0.85047,0.85056,1.00,1.31
2017.01.05 10:29:54.110,0.85046,0.85056,1.50,1.25
2017.01.05 10:29:54.616,0.85045,0.85055,1.25,1.00
2017.01.05 10:29:55.108,0.85047,0.85055,1.25,1.00
2017.01.05 10:29:55.614,0.85047,0.85057,1.25,3.75
2017.01.05 10:29:55.994,0.85049,0.85058,1.25,1.12
2017.01.05 10:29:56.045,0.85046,0.85058,1.69,1.87
2017.01.05 10:29:56.198,0.85046,0.85056,1.25,1.00
2017.01.05 10:29:57.170,0.85048,0.85056,1.25,1.00
2017.01.05 10:29:58.933,0.85045,0.85055,1.00,1.00
2017.01.05 10:29:58.984,0.85044,0.85052,1.25,1.00
2017.01.05 10:29:59.086,0.85045,0.85054,1.00,1.00
2017.01.05 10:29:59.602,0.85046,0.85054,1.25,1.00
2017.01.05 10:30:00.223,0.85046,0.85056,1.25,3.00
2017.01.05 10:30:00.937,0.85046,0.85055,1.25,1.00
2017.01.05 10:30:01.932,0.85046,0.85053,1.25,1.50
2017.01.05 10:30:01.983,0.85042,0.85052,1.50,1.00
2017.01.05 10:30:02.521,0.85043,0.85052,1.00,1.00
2017.01.05 10:30:03.003,0.85041,0.85052,1.12,2.44
2017.01.05 10:30:03.511,0.85042,0.85052,1.00,1.50
2017.01.05 10:30:04.043,0.85043,0.85051,1.00,1.00
2017.01.05 10:30:04.095,0.85041,0.8505,1.25,1.00
2017.01.05 10:30:04.610,0.85043,0.85049,1.00,1.00
2017.01.05 10:30:05.066,0.85041,0.8505,1.00,1.25
2017.01.05 10:30:06.228,0.85041,0.85049,1.00,1.00
2017.01.05 10:30:06.734,0.85042,0.8505,1.00,1.69
2017.01.05 10:30:07.337,0.85043,0.8505,1.00,1.69
2017.01.05 10:30:07.981,0.85044,0.8505,1.00,1.25
2017.01.05 10:30:09.130,0.85043,0.8505,1.00,1.25
2017.01.05 10:30:09.239,0.8504,0.85048,1.12,1.69
2017.01.05 10:30:09.751,0.85039,0.85048,1.00,1.69
2017.01.05 10:30:10.040,0.85041,0.85048,1.00,1.69
2017.01.05 10:30:10.091,0.85039,0.85048,1.00,1.69
2017.01.05 10:30:10.451,0.85041,0.85048,1.00,1.25
2017.01.05 10:30:10.858,0.85039,0.85048,1.50,1.69
2017.01.05 10:30:11.162,0.85041,0.85048,1.00,1.25
2017.01.05 10:30:11.366,0.8504,0.8505,1.00,1.69
2017.01.05 10:30:11.417,0.85042,0.8505,1.00,1.31
2017.01.05 10:30:11.620,0.85043,0.85053,1.00,3.94
2017.01.05 10:30:12.026,0.85041,0.85052,1.50,1.00
2017.01.05 10:30:12.179,0.8504,0.8505,1.00,1.00
2017.01.05 10:30:12.788,0.85042,0.85051,1.00,3.37
2017.01.05 10:30:13.143,0.85039,0.8505,1.69,1.00
2017.01.05 10:30:13.425,0.85041,0.8505,1.00,1.00
2017.01.05 10:30:13.678,0.85039,0.8505,1.69,1.00
2017.01.05 10:30:13.932,0.85043,0.85051,1.00,1.00
2017.01.05 10:30:14.312,0.85041,0.85049,1.00,1.00
2017.01.05 10:30:14.566,0.85041,0.85051,1.00,2.62
2017.01.05 10:30:15.076,0.85042,0.8505,1.00,1.00
2017.01.05 10:30:15.613,0.85041,0.8505,1.00,1.00
2017.01.05 10:30:16.137,0.8504,0.85048,1.00,1.00
2017.01.05 10:30:16.290,0.85037,0.85046,1.00,1.25
2017.01.05 10:30:16.391,0.85036,0.85044,1.00,1.25
2017.01.05 10:30:16.494,0.85032,0.85042,1.87,1.69
2017.01.05 10:30:16.595,0.85033,0.85042,1.37,1.00
2017.01.05 10:30:16.698,0.85033,0.85042,1.12,1.00
2017.01.05 10:30:16.951,0.85035,0.85044,1.00,1.69
2017.01.05 10:30:17.256,0.85034,0.85044,1.00,2.06
2017.01.05 10:30:17.358,0.85032,0.85041,1.25,1.00
2017.01.05 10:30:17.896,0.85032,0.85042,1.69,2.62
2017.01.05 10:30:18.431,0.85032,0.85041,1.25,1.12
2017.01.05 10:30:18.974,0.85031,0.8504,1.00,1.25
2017.01.05 10:30:19.075,0.85029,0.8504,1.00,1.69
2017.01.05 10:30:19.623,0.8503,0.8504,1.00,1.69
2017.01.05 10:30:20.203,0.85031,0.8504,1.00,1.25
2017.01.05 10:30:20.681,0.85029,0.8504,1.12,1.25
2017.01.05 10:30:20.839,0.85031,0.8504,1.00,1.25
2017.01.05 10:30:20.942,0.85032,0.85042,1.00,1.50
2017.01.05 10:30:21.043,0.85034,0.85043,1.00,1.50
2017.01.05 10:30:23.293,0.85033,0.85043,1.00,1.00
2017.01.05 10:30:23.821,0.85033,0.85044,1.00,1.69
2017.01.05 10:30:24.375,0.85034,0.85043,1.00,1.00
2017.01.05 10:30:25.290,0.85033,0.85043,1.00,1.00
2017.01.05 10:30:25.804,0.85032,0.85042,1.00,1.25
2017.01.05 10:30:26.094,0.8503,0.85041,1.12,1.00
2017.01.05 10:30:26.145,0.8503,0.85039,1.00,1.00
2017.01.05 10:30:26.577,0.85032,0.85041,1.00,1.12
2017.01.05 10:30:27.120,0.85032,0.85042,1.00,1.25
2017.01.05 10:30:28.697,0.8503,0.8504,1.37,1.25
2017.01.05 10:30:28.799,0.85031,0.85043,1.00,4.69
2017.01.05 10:30:29.053,0.8503,0.85041,1.00,1.00
2017.01.05 10:30:29.357,0.85029,0.85038,1.25,1.50
2017.01.05 10:30:29.884,0.85032,0.85039,1.25,1.50
2017.01.05 10:30:30.088,0.85032,0.85042,1.69,1.37
2017.01.05 10:30:30.191,0.85032,0.85043,1.69,1.69
2017.01.05 10:30:30.495,0.85031,0.8504,2.25,1.00
2017.01.05 10:30:30.597,0.85028,0.8504,2.25,1.00
2017.01.05 10:30:31.139,0.85028,0.85039,1.00,1.31
2017.01.05 10:30:32.052,0.85029,0.85038,1.00,1.00
2017.01.05 10:30:32.205,0.85027,0.85039,3.00,1.69
2017.01.05 10:30:32.630,0.85027,0.85036,1.12,1.69
2017.01.05 10:30:32.883,0.85023,0.85035,1.87,1.69
2017.01.05 10:30:32.985,0.85023,0.85035,1.50,1.69
2017.01.05 10:30:33.499,0.85023,0.85033,1.87,1.00
2017.01.05 10:30:33.549,0.85025,0.85036,1.25,1.00
2017.01.05 10:30:33.600,0.85025,0.85034,1.25,1.00
2017.01.05 10:30:33.651,0.85026,0.85036,1.69,1.12
2017.01.05 10:30:34.157,0.85027,0.85035,1.25,1.00
2017.01.05 10:30:35.547,0.85026,0.85035,1.25,1.00
2017.01.05 10:30:35.750,0.85024,0.85035,1.69,1.50
2017.01.05 10:30:36.266,0.85024,0.85034,1.69,1.00
2017.01.05 10:30:36.730,0.85029,0.85038,1.00,1.00
2017.01.05 10:30:37.238,0.85028,0.85039,1.00,2.44
2017.01.05 10:30:37.576,0.85026,0.85036,3.00,1.25
2017.01.05 10:30:37.897,0.85027,0.85039,1.00,3.00
2017.01.05 10:30:38.317,0.8503,0.85038,1.25,1.12
2017.01.05 10:30:38.522,0.8503,0.8504,1.25,2.62
2017.01.05 10:30:38.776,0.85027,0.85035,1.12,1.00
2017.01.05 10:30:39.082,0.85025,0.85033,1.00,1.00
2017.01.05 10:30:39.133,0.85023,0.85033,1.00,1.00
2017.01.05 10:30:39.312,0.85028,0.85033,1.00,1.00
2017.01.05 10:30:39.369,0.85027,0.85038,1.00,4.69
2017.01.05 10:30:39.878,0.85027,0.85038,1.12,1.00
2017.01.05 10:30:39.980,0.85029,0.85041,1.69,5.06
2017.01.05 10:30:40.031,0.8503,0.85041,1.69,1.12
2017.01.05 10:30:40.082,0.85032,0.85042,1.25,3.00
2017.01.05 10:30:40.236,0.85032,0.85043,1.25,1.50
2017.01.05 10:30:40.479,0.85032,0.85041,1.69,1.00
2017.01.05 10:30:40.930,0.8503,0.85041,1.00,2.44
2017.01.05 10:30:47.588,0.85029,0.8504,1.50,1.00
2017.01.05 10:30:48.507,0.85031,0.8504,1.00,1.00
2017.01.05 10:30:49.038,0.8503,0.8504,1.50,1.00
2017.01.05 10:30:49.800,0.8503,0.85042,1.00,3.19
2017.01.05 10:30:50.354,0.8503,0.85041,1.00,1.00
2017.01.05 10:30:50.559,0.85032,0.85041,1.00,1.00
2017.01.05 10:30:51.066,0.85031,0.85042,1.50,1.50
2017.01.05 10:30:51.573,0.8503,0.85041,1.25,1.50
2017.01.05 10:30:51.892,0.85036,0.85044,1.00,1.50
2017.01.05 10:30:51.994,0.85033,0.85044,1.25,1.87
2017.01.05 10:30:52.045,0.85034,0.85042,1.25,1.00
2017.01.05 10:30:52.248,0.85034,0.85045,1.25,3.75
2017.01.05 10:30:52.300,0.85036,0.85045,1.00,1.50
2017.01.05 10:30:52.351,0.85032,0.85043,2.44,1.50
2017.01.05 10:30:52.807,0.85032,0.8504,1.00,1.00
2017.01.05 10:30:53.844,0.85031,0.8504,1.00,1.00
2017.01.05 10:30:54.657,0.85031,0.85042,1.69,2.81
2017.01.05 10:30:55.667,0.85031,0.8504,1.69,1.00
2017.01.05 10:30:56.083,0.85032,0.85042,1.00,2.06
2017.01.05 10:30:58.756,0.85029,0.85038,1.87,1.00
2017.01.05 10:30:58.858,0.85028,0.85038,1.00,1.00
2017.01.05 10:30:58.959,0.8503,0.85038,1.00,1.00
2017.01.05 10:30:59.557,0.8503,0.85039,1.00,1.25
2017.01.05 10:31:00.128,0.85031,0.85038,1.00,1.00
2017.01.05 10:31:00.684,0.8503,0.85039,1.00,1.25
2017.01.05 10:31:00.738,0.8503,0.85041,1.00,3.19
2017.01.05 10:31:03.829,0.85031,0.85041,1.00,1.25
2017.01.05 10:31:04.335,0.85031,0.85042,1.69,2.44
2017.01.05 10:31:05.888,0.85031,0.85041,1.00,1.00
2017.01.05 10:31:06.142,0.85029,0.85039,2.25,1.69
2017.01.05 10:31:06.720,0.85029,0.85039,1.00,1.69
2017.01.05 10:31:07.319,0.85031,0.8504,1.69,1.12
2017.01.05 10:31:08.117,0.85031,0.85041,1.00,1.25
2017.01.05 10:31:08.834,0.85031,0.85043,1.00,3.94
2017.01.05 10:31:09.529,0.8503,0.85039,1.00,1.25
2017.01.05 10:31:09.833,0.8503,0.85037,1.00,1.00
2017.01.05 10:31:09.884,0.85028,0.85037,1.00,1.00
2017.01.05 10:31:12.456,0.85028,0.85039,1.00,2.44
2017.01.05 10:31:12.988,0.85029,0.85039,1.00,2.44
2017.01.05 10:31:15.193,0.8503,0.85039,1.00,1.69
2017.01.05 10:31:16.069,0.85029,0.85036,1.00,1.25
2017.01.05 10:31:16.120,0.85027,0.85036,1.00,1.25
2017.01.05 10:31:16.274,0.85025,0.85033,1.00,1.25
2017.01.05 10:31:16.477,0.85024,0.85035,1.69,1.12
2017.01.05 10:31:16.598,0.85028,0.85035,1.00,1.00
2017.01.05 10:31:16.649,0.85026,0.85037,1.12,3.75
2017.01.05 10:31:16.902,0.85026,0.85037,1.00,3.94
2017.01.05 10:31:17.410,0.85027,0.85038,1.12,1.00
2017.01.05 10:31:18.332,0.85026,0.85036,1.62,1.00
2017.01.05 10:31:18.505,0.85025,0.85036,1.00,2.44
2017.01.05 10:31:19.448,0.85026,0.85036,1.00,1.00
2017.01.05 10:31:19.968,0.85027,0.85037,1.00,2.44
2017.01.05 10:31:20.327,0.85029,0.85038,1.00,1.50
2017.01.05 10:31:21.210,0.85029,0.85039,1.00,2.44
2017.01.05 10:31:21.653,0.85031,0.85039,1.00,1.25
2017.01.05 10:31:22.231,0.85031,0.8504,1.00,1.87
2017.01.05 10:31:22.738,0.8503,0.8504,1.00,2.06
2017.01.05 10:31:24.334,0.85031,0.8504,1.00,2.06
2017.01.05 10:31:24.698,0.85029,0.85038,1.00,2.44
2017.01.05 10:31:24.955,0.8503,0.85041,1.69,1.50
2017.01.05 10:31:25.462,0.8503,0.85041,1.69,1.00
2017.01.05 10:31:25.977,0.8503,0.85042,1.69,2.62
2017.01.05 10:31:26.495,0.85031,0.85042,1.69,1.87
2017.01.05 10:31:27.000,0.85031,0.85041,1.25,1.50
2017.01.05 10:31:27.510,0.85031,0.8504,1.25,1.00
2017.01.05 10:31:28.020,0.8503,0.8504,1.00,1.25
2017.01.05 10:31:29.489,0.8503,0.85039,1.00,1.00
2017.01.05 10:31:31.637,0.85029,0.85039,1.00,1.25
2017.01.05 10:31:31.789,0.85031,0.85039,1.00,1.25
2017.01.05 10:31:32.304,0.8503,0.85039,1.00,1.25
2017.01.05 10:31:33.369,0.85031,0.85039,1.00,1.25
2017.01.05 10:31:33.744,0.85032,0.85042,1.00,1.50
2017.01.05 10:31:34.251,0.85033,0.85043,1.00,2.81
2017.01.05 10:31:34.809,0.85033,0.85042,1.00,1.00
2017.01.05 10:31:35.412,0.85031,0.85042,1.00,1.00
2017.01.05 10:31:35.564,0.8503,0.85041,1.00,1.50
2017.01.05 10:31:35.918,0.85033,0.85041,1.00,1.00
2017.01.05 10:31:36.071,0.85031,0.85041,1.69,1.00
2017.01.05 10:31:36.618,0.85032,0.85042,1.00,2.25
2017.01.05 10:31:38.656,0.85033,0.85042,1.00,1.00
2017.01.05 10:31:39.638,0.85031,0.85041,1.69,1.00
2017.01.05 10:31:39.942,0.85034,0.85043,1.00,2.25
2017.01.05 10:31:40.609,0.85034,0.85042,1.00,1.00
2017.01.05 10:31:40.966,0.85033,0.85044,1.00,2.62
2017.01.05 10:31:41.017,0.85035,0.85044,1.00,1.87
2017.01.05 10:31:41.535,0.85036,0.85045,1.00,1.50
2017.01.05 10:31:41.586,0.85034,0.85045,1.69,1.50
2017.01.05 10:31:42.303,0.85034,0.85046,1.69,3.56
2017.01.05 10:31:48.820,0.85034,0.85043,1.25,2.25
2017.01.05 10:31:49.440,0.85033,0.85042,1.25,2.25
2017.01.05 10:31:51.139,0.8503,0.8504,1.37,1.00
2017.01.05 10:31:51.243,0.85029,0.85039,1.00,1.00
2017.01.05 10:31:51.387,0.85028,0.85037,1.69,1.00
2017.01.05 10:31:52.142,0.85028,0.85038,1.25,1.50
2017.01.05 10:31:52.779,0.85028,0.85039,1.69,2.62
2017.01.05 10:31:58.440,0.85028,0.85037,1.69,1.00
2017.01.05 10:31:59.535,0.85028,0.85038,1.25,3.37
2017.01.05 10:32:02.728,0.85028,0.85035,1.25,1.00
2017.01.05 10:32:03.082,0.85028,0.85037,1.25,1.50
2017.01.05 10:32:06.028,0.8503,0.85037,1.25,1.50
2017.01.05 10:32:06.570,0.8503,0.85038,1.25,1.50
2017.01.05 10:32:08.140,0.8503,0.85037,1.25,1.00
2017.01.05 10:32:08.646,0.8503,0.85036,1.25,1.00
2017.01.05 10:32:12.839,0.8503,0.85037,1.25,1.00
2017.01.05 10:32:13.332,0.8503,0.85035,1.25,1.00
2017.01.05 10:32:14.830,0.8503,0.85036,1.25,1.00
2017.01.05 10:32:16.334,0.8503,0.85037,1.25,1.00
2017.01.05 10:32:17.248,0.8503,0.85035,1.25,1.00
2017.01.05 10:32:18.010,0.85029,0.85035,1.25,1.00
2017.01.05 10:32:18.263,0.85029,0.85037,1.25,1.00
2017.01.05 10:32:18.717,0.85031,0.8504,1.50,1.31
2017.01.05 10:32:18.819,0.85033,0.8504,1.00,1.25
2017.01.05 10:32:19.047,0.85034,0.85043,1.69,1.00
2017.01.05 10:32:19.658,0.85035,0.85043,1.00,1.00
2017.01.05 10:32:20.008,0.85035,0.85045,1.00,2.44
2017.01.05 10:32:20.540,0.85036,0.85045,1.00,1.69
2017.01.05 10:32:21.978,0.85037,0.85045,1.00,1.69
2017.01.05 10:32:22.982,0.85038,0.85047,1.00,1.00
2017.01.05 10:32:23.083,0.85038,0.85049,1.87,1.69
2017.01.05 10:32:23.313,0.8504,0.85049,1.00,1.69
2017.01.05 10:32:25.224,0.85042,0.85053,2.44,2.44
2017.01.05 10:32:25.376,0.85045,0.85055,1.25,1.12
2017.01.05 10:32:25.478,0.85046,0.85057,1.00,1.50
2017.01.05 10:32:25.742,0.85045,0.85055,1.69,1.00
2017.01.05 10:32:25.860,0.85043,0.85053,2.25,1.00
2017.01.05 10:32:26.371,0.85042,0.85053,1.69,1.00
2017.01.05 10:32:27.684,0.85044,0.85052,1.25,1.00
2017.01.05 10:32:28.201,0.85043,0.85052,1.69,1.00
2017.01.05 10:32:28.355,0.85044,0.85054,2.06,1.87
2017.01.05 10:32:29.527,0.85044,0.85055,1.50,2.44
2017.01.05 10:32:30.033,0.85045,0.85056,1.69,1.00
2017.01.05 10:32:31.917,0.85045,0.85055,1.69,1.00
2017.01.05 10:32:32.761,0.85046,0.85055,1.00,1.00
2017.01.05 10:32:33.300,0.85045,0.85055,1.69,1.00
2017.01.05 10:32:35.470,0.85046,0.85056,1.00,1.00
2017.01.05 10:32:35.573,0.85048,0.85055,1.25,1.00
2017.01.05 10:32:36.079,0.85049,0.85055,1.25,1.00
2017.01.05 10:32:36.180,0.85052,0.85059,1.25,1.00
2017.01.05 10:32:36.743,0.85053,0.8506,1.25,1.00
2017.01.05 10:32:37.113,0.8505,0.85059,1.25,1.00
2017.01.05 10:32:37.216,0.85047,0.85058,1.37,1.00
2017.01.05 10:32:37.762,0.85047,0.85058,1.00,2.06
2017.01.05 10:32:38.642,0.85046,0.85057,2.06,1.50
2017.01.05 10:32:38.795,0.85046,0.85055,2.44,1.00
2017.01.05 10:32:39.384,0.85043,0.85053,1.50,1.00
2017.01.05 10:32:39.536,0.85042,0.85052,2.06,1.50
2017.01.05 10:32:39.891,0.85044,0.85052,1.25,1.00
2017.01.05 10:32:40.768,0.85042,0.85051,1.12,1.00
2017.01.05 10:32:44.114,0.85042,0.85052,1.25,1.00
2017.01.05 10:32:45.064,0.8504,0.85049,1.12,1.00
2017.01.05 10:32:45.571,0.85039,0.85048,2.25,1.00
2017.01.05 10:32:46.290,0.8504,0.85048,1.00,1.00
2017.01.05 10:32:47.326,0.85041,0.85048,1.25,1.00
2017.01.05 10:32:48.379,0.85042,0.85052,1.00,2.25
2017.01.05 10:32:49.242,0.85042,0.8505,1.00,1.69
2017.01.05 10:32:49.293,0.8504,0.8505,1.00,2.06
2017.01.05 10:32:49.344,0.85042,0.8505,1.00,2.06
2017.01.05 10:32:49.598,0.85042,0.85052,1.00,1.50
2017.01.05 10:32:50.164,0.85043,0.85053,1.00,1.12
2017.01.05 10:32:50.670,0.85044,0.85054,1.69,2.25
2017.01.05 10:32:51.332,0.85044,0.85053,1.69,1.00
2017.01.05 10:32:52.448,0.85046,0.85055,1.69,2.62
2017.01.05 10:32:52.602,0.85046,0.85056,1.69,1.00
2017.01.05 10:32:53.570,0.85047,0.85057,1.00,2.06
2017.01.05 10:32:54.367,0.85047,0.85056,1.00,1.00
2017.01.05 10:32:55.488,0.85047,0.85055,1.00,1.00
2017.01.05 10:32:55.590,0.85047,0.85057,1.00,1.12
2017.01.05 10:33:00.632,0.85049,0.85057,1.25,1.12
2017.01.05 10:33:01.058,0.85046,0.85056,1.00,1.69
2017.01.05 10:33:01.212,0.85047,0.85058,1.00,1.50
2017.01.05 10:33:01.731,0.85047,0.85057,1.00,1.00
2017.01.05 10:33:02.722,0.8505,0.85058,1.00,1.00
2017.01.05 10:33:03.026,0.85052,0.8506,1.00,1.31
2017.01.05 10:33:03.533,0.85053,0.85063,1.00,1.50
2017.01.05 10:33:04.062,0.85053,0.85061,1.00,1.00
2017.01.05 10:33:04.568,0.85052,0.85061,1.00,1.00
2017.01.05 10:33:05.087,0.85052,0.85062,1.00,1.50
2017.01.05 10:33:05.325,0.85054,0.85063,1.00,1.50
2017.01.05 10:33:06.336,0.85054,0.85064,1.00,2.81
2017.01.05 10:33:12.663,0.85053,0.85064,1.50,2.06
2017.01.05 10:33:12.967,0.85055,0.85064,1.50,1.25
2017.01.05 10:33:14.246,0.85054,0.85063,1.12,1.00
2017.01.05 10:33:14.856,0.85054,0.85062,1.00,1.00
2017.01.05 10:33:15.411,0.85054,0.85062,1.00,1.50
2017.01.05 10:33:23.510,0.85052,0.85062,1.00,1.50
2017.01.05 10:33:25.096,0.85053,0.85061,1.00,1.12
2017.01.05 10:33:25.198,0.85055,0.85063,1.00,1.75
2017.01.05 10:33:25.249,0.85055,0.85063,1.00,1.00
2017.01.05 10:33:25.553,0.85055,0.85065,1.00,1.87
2017.01.05 10:33:26.584,0.85055,0.85064,1.00,1.00
2017.01.05 10:33:27.377,0.85055,0.85063,1.00,1.00
2017.01.05 10:33:28.182,0.85055,0.85064,1.00,1.00
2017.01.05 10:33:29.468,0.85055,0.85063,1.00,1.00
2017.01.05 10:33:29.519,0.85053,0.85063,2.06,1.00
2017.01.05 10:33:30.089,0.85053,0.85063,1.00,2.44
2017.01.05 10:33:30.600,0.85052,0.85063,1.00,2.44
2017.01.05 10:33:31.356,0.8505,0.8506,2.25,1.25
2017.01.05 10:33:31.660,0.85049,0.85059,1.00,3.56
2017.01.05 10:33:31.965,0.85051,0.85062,1.00,1.50
2017.01.05 10:33:32.482,0.85052,0.85063,1.12,1.50
2017.01.05 10:33:33.630,0.85051,0.85059,1.50,1.25
2017.01.05 10:33:33.732,0.85049,0.85059,1.37,1.25
2017.01.05 10:33:34.086,0.85052,0.85061,1.00,1.50
2017.01.05 10:33:34.326,0.8505,0.85061,2.06,1.00
2017.01.05 10:33:34.874,0.8505,0.85061,2.81,1.37
2017.01.05 10:33:35.027,0.85051,0.85062,1.00,1.12
2017.01.05 10:33:35.128,0.8505,0.85062,2.44,2.25
2017.01.05 10:33:35.432,0.85049,0.85057,1.00,1.31
2017.01.05 10:33:35.585,0.8505,0.85059,1.00,1.25
2017.01.05 10:33:35.911,0.85051,0.85061,1.12,1.31
2017.01.05 10:33:36.604,0.85052,0.85061,1.00,1.31
2017.01.05 10:33:37.731,0.85052,0.85063,1.50,1.00
2017.01.05 10:33:40.012,0.85054,0.85063,1.00,1.00
2017.01.05 10:33:40.065,0.85052,0.85062,1.00,1.12
2017.01.05 10:33:40.116,0.85052,0.85062,1.50,1.87
2017.01.05 10:33:40.422,0.85054,0.85063,1.69,1.00
2017.01.05 10:33:40.726,0.85054,0.85061,1.25,1.00
2017.01.05 10:33:40.828,0.85051,0.85061,1.00,1.00
2017.01.05 10:33:42.074,0.85052,0.85061,1.00,1.00
2017.01.05 10:33:44.340,0.85052,0.85062,1.00,1.87
2017.01.05 10:33:46.303,0.85053,0.85062,1.00,1.12
2017.01.05 10:33:46.675,0.85052,0.8506,1.00,1.00
2017.01.05 10:33:47.182,0.8505,0.85059,1.00,1.00
2017.01.05 10:33:47.987,0.85048,0.85056,1.00,1.00
2017.01.05 10:33:48.536,0.85049,0.85057,1.00,1.00
2017.01.05 10:33:48.982,0.85047,0.85056,1.00,1.12
2017.01.05 10:33:50.319,0.85047,0.85055,1.00,1.00
2017.01.05 10:33:50.674,0.85047,0.85057,1.00,3.56
2017.01.05 10:33:51.546,0.85047,0.85056,1.00,1.00
2017.01.05 10:33:52.359,0.85047,0.85057,1.50,1.69
2017.01.05 10:33:52.872,0.85046,0.85056,1.50,1.69
2017.01.05 10:33:53.384,0.85047,0.85056,1.00,1.25
2017.01.05 10:33:59.352,0.85046,0.85055,1.00,1.00
2017.01.05 10:33:59.555,0.85047,0.85057,1.00,1.00
2017.01.05 10:33:59.808,0.85048,0.85055,1.00,1.25
2017.01.05 10:34:00.253,0.85049,0.85057,1.00,1.00
2017.01.05 10:34:00.911,0.85048,0.85056,1.00,1.25
2017.01.05 10:34:01.275,0.85049,0.85058,1.00,1.00
2017.01.05 10:34:01.805,0.85048,0.85058,1.00,1.69
2017.01.05 10:34:03.013,0.85051,0.85058,1.00,1.25
2017.01.05 10:34:03.469,0.85052,0.8506,1.00,1.69
2017.01.05 10:34:07.743,0.85052,0.85063,1.69,2.25
2017.01.05 10:34:07.795,0.85055,0.85064,1.00,2.62
2017.01.05 10:34:08.049,0.85054,0.85064,1.00,1.69
2017.01.05 10:34:09.014,0.85054,0.85065,1.00,1.12
2017.01.05 10:34:09.521,0.85055,0.85065,1.00,1.31
2017.01.05 10:34:09.774,0.85052,0.85062,1.00,1.69
2017.01.05 10:34:10.022,0.85055,0.85067,1.00,4.31
2017.01.05 10:34:10.275,0.85053,0.85064,1.50,1.00
2017.01.05 10:34:10.326,0.85055,0.85063,1.00,1.25
2017.01.05 10:34:10.377,0.85053,0.85063,1.00,1.25
2017.01.05 10:34:10.631,0.85051,0.85061,1.00,1.25
2017.01.05 10:34:11.086,0.85053,0.85062,1.00,1.00
2017.01.05 10:34:11.275,0.85054,0.85064,1.00,1.25
2017.01.05 10:34:11.580,0.85053,0.8506,1.00,1.25
2017.01.05 10:34:11.985,0.85053,0.85063,1.00,2.44
2017.01.05 10:34:12.087,0.85053,0.85061,1.00,1.25
2017.01.05 10:34:12.342,0.85053,0.85065,1.00,3.19
2017.01.05 10:34:12.530,0.85055,0.85065,1.00,3.56
2017.01.05 10:34:12.986,0.85056,0.85066,1.25,1.50
2017.01.05 10:34:13.534,0.85056,0.85067,1.69,1.12
2017.01.05 10:34:14.041,0.85056,0.85066,1.69,1.00
2017.01.05 10:34:14.414,0.85058,0.85068,1.25,2.62
2017.01.05 10:34:14.870,0.8506,0.85069,1.00,1.37
2017.01.05 10:34:14.972,0.85061,0.8507,1.69,1.12
2017.01.05 10:34:15.124,0.85059,0.8507,1.00,1.31
2017.01.05 10:34:15.815,0.85058,0.85069,1.00,1.00
2017.01.05 10:34:17.154,0.8506,0.85069,1.00,1.00
2017.01.05 10:34:17.205,0.85058,0.85068,1.00,1.31
2017.01.05 10:34:17.728,0.85058,0.85067,1.00,1.25
2017.01.05 10:34:19.690,0.85058,0.8507,1.69,2.62
2017.01.05 10:34:20.796,0.85061,0.85069,1.00,1.00
2017.01.05 10:34:21.151,0.85061,0.85071,1.00,1.50
2017.01.05 10:34:21.811,0.85061,0.85069,1.00,1.00
2017.01.05 10:34:22.331,0.85062,0.85069,1.00,1.00
2017.01.05 10:34:22.666,0.85061,0.85071,1.00,1.12
2017.01.05 10:34:23.195,0.85062,0.85071,1.00,1.00
2017.01.05 10:34:23.558,0.85063,0.85073,1.00,1.00
2017.01.05 10:34:23.660,0.85062,0.85071,1.00,1.00
2017.01.05 10:34:24.418,0.85062,0.85072,1.00,1.12
2017.01.05 10:34:25.867,0.85061,0.85071,1.00,1.00
2017.01.05 10:34:26.173,0.85059,0.85069,1.00,1.50
2017.01.05 10:34:26.753,0.85058,0.85069,1.50,1.50
2017.01.05 10:34:27.126,0.85057,0.85067,2.06,1.00
2017.01.05 10:34:27.633,0.85056,0.85066,1.00,1.50
2017.01.05 10:34:28.172,0.85055,0.85066,1.69,1.50
2017.01.05 10:34:28.684,0.85057,0.85067,1.00,2.25
2017.01.05 10:34:28.735,0.85057,0.85067,1.00,1.87
2017.01.05 10:34:29.242,0.85056,0.85068,1.00,1.87
2017.01.05 10:34:29.749,0.85057,0.85067,1.25,1.00
2017.01.05 10:34:29.953,0.85055,0.85066,2.25,2.06
2017.01.05 10:34:30.106,0.85053,0.85063,1.00,1.00
2017.01.05 10:34:30.616,0.85054,0.85063,1.00,1.69
2017.01.05 10:34:30.667,0.85051,0.85063,1.69,3.19
2017.01.05 10:34:31.193,0.85051,0.85062,1.69,1.00
2017.01.05 10:34:32.502,0.85053,0.85062,1.25,1.12
2017.01.05 10:34:32.755,0.85055,0.85066,1.87,1.00
2017.01.05 10:34:34.471,0.85055,0.85065,1.00,1.00
2017.01.05 10:34:35.694,0.85055,0.85064,1.00,1.00
2017.01.05 10:34:36.993,0.85054,0.85064,1.00,1.00
2017.01.05 10:34:37.543,0.85055,0.85063,1.00,1.00
2017.01.05 10:34:37.809,0.85053,0.85063,1.69,1.00
2017.01.05 10:34:38.012,0.85054,0.85065,1.00,2.25
2017.01.05 10:34:38.518,0.85054,0.85066,1.00,3.56
2017.01.05 10:34:38.620,0.85053,0.85063,1.12,1.00
2017.01.05 10:34:38.923,0.85056,0.85068,1.69,3.19
2017.01.05 10:34:39.227,0.85056,0.85066,1.25,1.00
2017.01.05 10:34:39.632,0.85058,0.85067,1.00,1.00
2017.01.05 10:34:40.088,0.85056,0.85068,3.56,2.44
2017.01.05 10:34:40.594,0.85056,0.85067,1.69,1.00
2017.01.05 10:34:41.115,0.85056,0.85068,1.31,5.06
2017.01.05 10:34:42.771,0.85058,0.85068,1.00,2.81
2017.01.05 10:34:43.075,0.85061,0.85071,1.00,1.69
2017.01.05 10:34:43.430,0.85059,0.85069,2.81,1.00
2017.01.05 10:34:43.680,0.85056,0.85068,3.37,1.50
2017.01.05 10:34:43.732,0.85056,0.85066,1.87,1.00
2017.01.05 10:34:44.390,0.85057,0.85066,1.00,1.00
2017.01.05 10:34:48.568,0.85058,0.85066,1.00,1.00
2017.01.05 10:34:49.102,0.85056,0.85066,1.12,1.00
2017.01.05 10:34:51.340,0.85056,0.85065,1.69,1.00
2017.01.05 10:34:51.883,0.85054,0.85064,2.06,1.00
2017.01.05 10:34:52.070,0.85056,0.85065,1.69,1.50
2017.01.05 10:34:55.802,0.85055,0.85064,1.12,1.00
2017.01.05 10:34:56.148,0.85052,0.85061,3.37,1.00
2017.01.05 10:34:56.199,0.85052,0.85061,1.50,1.00
2017.01.05 10:34:56.555,0.85055,0.85062,1.50,1.00
2017.01.05 10:34:56.758,0.85056,0.85065,1.00,1.50
2017.01.05 10:34:57.063,0.85056,0.85067,1.00,2.06
2017.01.05 10:34:57.783,0.85055,0.85067,1.69,4.69
2017.01.05 10:34:58.150,0.85057,0.85067,1.00,2.62
2017.01.05 10:34:58.934,0.85057,0.85066,1.00,1.50
2017.01.05 10:34:59.309,0.85059,0.85065,1.25,1.00
2017.01.05 10:34:59.360,0.85057,0.85065,1.25,1.00
2017.01.05 10:35:00.019,0.85057,0.85066,1.25,1.00
2017.01.05 10:35:00.622,0.8506,0.85068,1.69,1.00
2017.01.05 10:35:00.825,0.8506,0.8507,1.25,1.00
2017.01.05 10:35:00.896,0.85058,0.85069,1.69,1.00
2017.01.05 10:35:00.947,0.85058,0.85066,1.25,1.00
2017.01.05 10:35:01.463,0.85058,0.85064,1.25,1.00
2017.01.05 10:35:04.570,0.85054,0.85063,1.25,1.00
2017.01.05 10:35:04.621,0.85052,0.85064,2.44,3.00
2017.01.05 10:35:04.672,0.85052,0.85062,1.69,1.00
2017.01.05 10:35:04.976,0.85058,0.85062,1.69,1.00
2017.01.05 10:35:05.028,0.85061,0.85069,1.25,4.12
2017.01.05 10:35:05.079,0.85061,0.85069,1.25,1.00
2017.01.05 10:35:05.334,0.85064,0.85069,1.00,1.00
2017.01.05 10:35:05.541,0.85065,0.85071,1.50,1.00
2017.01.05 10:35:05.593,0.85066,0.85074,1.00,1.00
2017.01.05 10:35:05.745,0.85067,0.85078,1.12,1.00
2017.01.05 10:35:06.259,0.85068,0.85078,1.00,1.00
2017.01.05 10:35:06.555,0.85066,0.85078,2.06,1.00
2017.01.05 10:35:07.090,0.85067,0.85078,1.00,1.00
2017.01.05 10:35:08.022,0.85066,0.85078,1.00,1.50
2017.01.05 10:35:09.125,0.85067,0.85078,1.00,1.50
2017.01.05 10:35:15.329,0.85068,0.85078,1.00,1.50
2017.01.05 10:35:15.836,0.85069,0.85079,1.50,1.50
2017.01.05 10:35:19.890,0.85069,0.85078,1.00,1.00
2017.01.05 10:35:20.427,0.85069,0.85079,1.00,1.00
2017.01.05 10:35:23.851,0.85068,0.85079,1.69,1.50
2017.01.05 10:35:26.149,0.85068,0.85078,1.25,1.00
2017.01.05 10:35:30.347,0.85068,0.85079,1.25,1.87
2017.01.05 10:35:31.939,0.85068,0.85078,1.25,1.00
2017.01.05 10:35:32.639,0.85067,0.85078,1.50,1.00
2017.01.05 10:35:33.395,0.85066,0.85078,3.00,1.00
2017.01.05 10:35:33.548,0.85067,0.85076,1.25,1.00
2017.01.05 10:35:33.599,0.85066,0.85078,3.19,1.87
2017.01.05 10:35:33.944,0.85066,0.85076,1.69,1.00
2017.01.05 10:35:35.534,0.85064,0.85076,2.62,2.44
2017.01.05 10:35:37.681,0.85065,0.85076,1.12,1.69
2017.01.05 10:35:39.495,0.85065,0.85074,1.50,1.25
2017.01.05 10:35:40.061,0.85064,0.85074,1.00,1.25
2017.01.05 10:35:40.571,0.85065,0.85074,1.00,1.25
2017.01.05 10:35:41.765,0.85067,0.85076,1.00,1.69
2017.01.05 10:35:41.918,0.85068,0.85078,1.00,1.25
2017.01.05 10:35:42.426,0.85069,0.85079,1.00,1.50
2017.01.05 10:35:42.960,0.8507,0.8508,1.25,1.50
2017.01.05 10:35:43.521,0.8507,0.85079,1.25,1.00
2017.01.05 10:35:44.181,0.85071,0.8508,1.00,1.00
2017.01.05 10:35:44.618,0.85074,0.85081,1.25,1.00
2017.01.05 10:35:45.216,0.85074,0.85083,1.25,1.50
2017.01.05 10:35:45.723,0.85073,0.85084,1.69,2.44
2017.01.05 10:35:45.774,0.85075,0.85084,1.25,1.12
2017.01.05 10:35:45.926,0.85076,0.85086,1.25,1.12
2017.01.05 10:35:47.562,0.85074,0.85084,2.06,1.50
2017.01.05 10:35:47.816,0.85068,0.8508,2.81,1.50
2017.01.05 10:35:47.867,0.85068,0.85079,2.06,1.37
2017.01.05 10:35:48.384,0.85068,0.85079,1.69,1.12
2017.01.05 10:35:49.138,0.85067,0.85076,2.62,1.25
2017.01.05 10:35:49.679,0.85065,0.85076,2.25,1.25
2017.01.05 10:35:50.547,0.85065,0.85076,1.87,1.25
2017.01.05 10:35:51.531,0.85066,0.85076,1.00,1.25
2017.01.05 10:35:52.100,0.85067,0.85076,1.00,1.25
2017.01.05 10:35:53.075,0.85066,0.85076,1.00,1.25
2017.01.05 10:35:53.419,0.85065,0.85074,1.12,1.00
2017.01.05 10:35:53.522,0.85066,0.85077,1.00,2.81
2017.01.05 10:35:54.359,0.85065,0.85077,1.87,2.44
2017.01.05 10:35:55.407,0.85066,0.85077,1.00,2.44
2017.01.05 10:35:56.514,0.85065,0.85077,1.50,2.44
2017.01.05 10:35:56.565,0.85067,0.85077,1.00,1.69
2017.01.05 10:35:57.101,0.85064,0.85075,1.50,1.25
2017.01.05 10:35:57.153,0.85066,0.85075,1.00,1.25
2017.01.05 10:35:57.680,0.85066,0.85076,1.50,2.06
2017.01.05 10:36:00.569,0.85067,0.85076,1.00,1.25
2017.01.05 10:36:01.282,0.85067,0.85077,1.50,1.31
2017.01.05 10:36:01.830,0.85066,0.85076,1.00,1.50
2017.01.05 10:36:02.365,0.85067,0.85076,1.00,1.00
2017.01.05 10:36:02.518,0.85067,0.85078,1.00,2.25
2017.01.05 10:36:02.772,0.85066,0.85076,1.50,1.00
2017.01.05 10:36:03.298,0.85066,0.85075,1.00,1.00
2017.01.05 10:36:03.520,0.85067,0.85079,1.00,2.81
2017.01.05 10:36:03.710,0.8507,0.8508,1.00,1.50
2017.01.05 10:36:04.579,0.8507,0.85081,1.00,2.44
2017.01.05 10:36:05.431,0.85069,0.8508,2.25,1.00
2017.01.05 10:36:05.961,0.85069,0.85081,2.25,1.69
2017.01.05 10:36:06.490,0.8507,0.85081,1.00,1.69
2017.01.05 10:36:08.009,0.85069,0.85078,1.50,1.25
2017.01.05 10:36:08.060,0.85067,0.85078,1.87,1.25
2017.01.05 10:36:08.301,0.85066,0.85078,2.44,2.06
2017.01.05 10:36:08.403,0.85066,0.85078,2.81,1.69
2017.01.05 10:36:08.504,0.85066,0.85076,1.69,1.00
2017.01.05 10:36:10.716,0.85065,0.85076,1.87,1.31
2017.01.05 10:36:19.144,0.85066,0.85076,1.00,1.69
2017.01.05 10:36:31.158,0.85067,0.85077,1.00,1.69
2017.01.05 10:36:32.836,0.85068,0.85077,1.00,1.69
2017.01.05 10:36:33.156,0.85071,0.85077,1.00,1.25
2017.01.05 10:36:33.691,0.8507,0.85077,1.50,1.25
2017.01.05 10:36:34.349,0.85069,0.85077,1.12,1.25
2017.01.05 10:36:34.885,0.8507,0.85077,1.00,1.25
2017.01.05 10:36:35.402,0.85069,0.85077,1.00,1.25
2017.01.05 10:36:36.442,0.8507,0.85077,1.00,1.25
2017.01.05 10:36:37.081,0.85069,0.85077,1.50,1.25
2017.01.05 10:36:37.482,0.85071,0.85077,1.00,1.25
2017.01.05 10:36:38.464,0.85069,0.85081,1.50,2.44
2017.01.05 10:36:38.515,0.85068,0.85078,3.00,1.00
2017.01.05 10:36:39.027,0.85068,0.85077,1.12,1.00
2017.01.05 10:36:39.532,0.85068,0.85078,1.00,1.00
2017.01.05 10:36:40.074,0.85069,0.85079,1.50,1.00
2017.01.05 10:36:41.025,0.8507,0.85079,1.00,1.00
2017.01.05 10:36:43.088,0.8507,0.8508,1.00,1.31
2017.01.05 10:36:43.679,0.85069,0.85079,1.00,1.25
2017.01.05 10:36:44.214,0.85068,0.85079,1.00,1.69
2017.01.05 10:36:44.783,0.85067,0.85079,1.87,2.44
2017.01.05 10:36:47.838,0.85069,0.85079,1.00,2.44
2017.01.05 10:36:48.708,0.85068,0.85079,1.12,1.31
2017.01.05 10:36:49.209,0.85067,0.85079,1.87,2.06
2017.01.05 10:36:49.723,0.85068,0.85079,1.50,1.25
2017.01.05 10:36:50.272,0.85068,0.85078,1.50,1.00
2017.01.05 10:36:50.852,0.85069,0.85079,1.00,1.69
2017.01.05 10:36:53.412,0.85068,0.85079,1.00,2.06
2017.01.05 10:36:53.949,0.85068,0.85078,1.12,1.00
2017.01.05 10:36:55.214,0.85067,0.85078,1.00,1.00
2017.01.05 10:36:59.377,0.85068,0.85078,1.00,1.00
2017.01.05 10:36:59.936,0.85068,0.85079,1.50,2.06
2017.01.05 10:37:00.648,0.85068,0.85078,1.50,1.00
2017.01.05 10:37:01.664,0.85066,0.85075,1.50,1.50
2017.01.05 10:37:02.170,0.85064,0.85074,2.62,1.25
2017.01.05 10:37:02.561,0.85067,0.85074,1.00,1.25
2017.01.05 10:37:02.892,0.85063,0.85072,1.75,1.25
2017.01.05 10:37:02.943,0.85063,0.85072,1.00,1.25
2017.01.05 10:37:02.994,0.85065,0.85072,1.00,1.25
2017.01.05 10:37:03.575,0.85064,0.85072,1.00,1.25
2017.01.05 10:37:04.140,0.85065,0.85074,1.00,1.25
2017.01.05 10:37:04.678,0.85066,0.85074,1.00,1.25
2017.01.05 10:37:07.744,0.85064,0.85072,1.50,1.25
2017.01.05 10:37:08.091,0.85062,0.85071,1.12,1.25
2017.01.05 10:37:09.306,0.85062,0.85069,1.00,1.25
2017.01.05 10:37:09.810,0.8506,0.85068,1.12,1.25
2017.01.05 10:37:11.011,0.85061,0.85068,1.00,1.25
2017.01.05 10:37:11.062,0.85061,0.8507,1.00,1.25
2017.01.05 10:37:11.699,0.85062,0.8507,1.00,1.25
2017.01.05 10:37:12.888,0.85061,0.8507,1.00,1.25
2017.01.05 10:37:13.559,0.85059,0.85066,1.50,1.25
2017.01.05 10:37:13.712,0.85057,0.85068,1.12,2.06
2017.01.05 10:37:13.763,0.85059,0.85067,1.00,1.25
2017.01.05 10:37:14.320,0.85059,0.85068,1.00,1.25
2017.01.05 10:37:14.863,0.8506,0.85068,1.00,1.25
2017.01.05 10:37:19.829,0.85059,0.85065,1.00,1.25
2017.01.05 10:37:20.237,0.85061,0.8507,1.50,2.06
2017.01.05 10:37:21.165,0.8506,0.85068,1.00,1.00
2017.01.05 10:37:21.216,0.85058,0.85068,1.69,1.00
2017.01.05 10:37:21.318,0.8506,0.85068,1.00,1.00
2017.01.05 10:37:21.673,0.85058,0.85069,1.25,1.87
2017.01.05 10:37:21.825,0.85058,0.85067,2.06,1.00
2017.01.05 10:37:22.335,0.85058,0.85068,1.25,1.12
2017.01.05 10:37:22.880,0.85059,0.85069,1.00,1.00
2017.01.05 10:37:23.226,0.85058,0.85067,2.81,1.00
2017.01.05 10:37:23.746,0.85059,0.85067,1.00,1.00
2017.01.05 10:37:24.289,0.85059,0.85068,1.00,1.12
2017.01.05 10:37:24.817,0.8506,0.85068,1.00,1.00
2017.01.05 10:37:25.186,0.85058,0.85067,1.69,1.00
2017.01.05 10:37:26.601,0.85057,0.85067,1.00,1.12
2017.01.05 10:37:27.198,0.85059,0.85067,1.00,1.12
2017.01.05 10:37:27.577,0.85057,0.85067,1.69,1.12
2017.01.05 10:37:27.882,0.85056,0.85065,1.00,1.25
2017.01.05 10:37:28.400,0.85055,0.85065,1.00,1.69
2017.01.05 10:37:28.903,0.85056,0.85065,1.12,1.25
2017.01.05 10:37:29.499,0.85057,0.85065,1.00,1.25
2017.01.05 10:37:31.551,0.85056,0.85065,1.87,1.25
2017.01.05 10:37:31.859,0.85056,0.85063,1.50,1.25
2017.01.05 10:37:32.113,0.85056,0.85065,1.87,1.00
2017.01.05 10:37:32.658,0.85057,0.85065,1.00,1.00
2017.01.05 10:37:33.166,0.85056,0.85065,1.12,1.00
2017.01.05 10:37:33.678,0.85056,0.85064,1.00,1.00
2017.01.05 10:37:35.915,0.85056,0.85065,1.00,1.00
2017.01.05 10:37:36.719,0.85056,0.85064,1.00,1.00
2017.01.05 10:37:37.250,0.85056,0.85065,1.00,1.00
2017.01.05 10:37:40.876,0.85056,0.85066,1.00,2.81
2017.01.05 10:37:41.652,0.85056,0.85065,1.00,1.00
2017.01.05 10:37:42.008,0.85054,0.85065,1.69,1.00
2017.01.05 10:37:42.465,0.85053,0.85063,1.50,1.00
2017.01.05 10:37:42.719,0.85054,0.85065,1.00,1.12
2017.01.05 10:37:42.872,0.85054,0.85063,1.00,1.00
2017.01.05 10:37:46.471,0.85054,0.85065,1.00,1.12
2017.01.05 10:37:46.999,0.85054,0.85065,1.12,1.37
2017.01.05 10:37:51.700,0.85055,0.85064,1.00,1.00
2017.01.05 10:37:53.042,0.85055,0.85065,1.00,1.00
2017.01.05 10:37:54.109,0.85057,0.85066,1.00,2.06
2017.01.05 10:37:56.975,0.85055,0.85065,1.87,1.12
2017.01.05 10:37:57.600,0.85056,0.85066,1.00,2.06
2017.01.05 10:37:58.149,0.85056,0.85064,1.00,1.31
2017.01.05 10:37:59.286,0.85055,0.85064,1.00,1.31
2017.01.05 10:38:03.890,0.85055,0.85059,1.12,1.25
2017.01.05 10:38:03.941,0.85055,0.85063,1.50,1.25
2017.01.05 10:38:04.094,0.85057,0.85063,1.00,1.25
2017.01.05 10:38:04.397,0.85059,0.85063,1.50,1.25
2017.01.05 10:38:05.173,0.85058,0.85063,1.00,1.25
2017.01.05 10:38:05.744,0.85059,0.85063,1.00,1.25
2017.01.05 10:38:06.281,0.85056,0.85061,3.75,1.25
2017.01.05 10:38:06.382,0.85056,0.85065,1.12,1.25
2017.01.05 10:38:09.307,0.85055,0.85065,1.50,1.25
2017.01.05 10:38:11.429,0.85056,0.85065,1.00,1.25
2017.01.05 10:38:11.966,0.85057,0.85065,1.00,1.25
2017.01.05 10:38:12.990,0.85056,0.85065,1.00,1.25
2017.01.05 10:38:14.296,0.85055,0.85065,1.12,1.69
2017.01.05 10:38:14.808,0.85055,0.85064,1.00,1.00
2017.01.05 10:38:14.859,0.85053,0.85062,1.50,1.00
2017.01.05 10:38:15.881,0.85054,0.85062,1.00,1.00
2017.01.05 10:38:16.396,0.85053,0.85062,1.12,1.00
2017.01.05 10:38:18.662,0.85054,0.85063,1.00,1.00
2017.01.05 10:38:19.597,0.85054,0.85064,1.00,1.00
2017.01.05 10:38:20.620,0.85055,0.85064,1.00,1.00
2017.01.05 10:38:21.131,0.85056,0.85065,1.12,1.69
2017.01.05 10:38:22.809,0.85056,0.85064,1.12,1.00
2017.01.05 10:38:23.358,0.85055,0.85065,1.87,1.69
2017.01.05 10:38:24.482,0.85056,0.85064,1.12,1.25
2017.01.05 10:38:25.720,0.85055,0.85064,1.00,1.69
2017.01.05 10:38:36.052,0.85057,0.85064,1.00,1.25
2017.01.05 10:38:37.570,0.85055,0.85063,1.00,1.25
2017.01.05 10:38:38.281,0.85054,0.85063,1.00,1.25
2017.01.05 10:38:43.276,0.85056,0.85063,1.00,1.25
2017.01.05 10:38:44.278,0.85055,0.85063,1.50,1.25
2017.01.05 10:38:45.593,0.85056,0.85063,1.00,1.25
2017.01.05 10:38:48.127,0.85057,0.85063,1.00,1.25
2017.01.05 10:38:48.279,0.85059,0.85066,1.00,1.25
2017.01.05 10:38:49.924,0.8506,0.85066,1.50,1.25
2017.01.05 10:38:50.177,0.8506,0.85069,1.87,1.31
2017.01.05 10:38:50.541,0.8506,0.85067,1.87,1.25
2017.01.05 10:38:51.114,0.8506,0.85068,2.25,1.25
2017.01.05 10:38:52.033,0.85062,0.85068,1.00,1.25
2017.01.05 10:38:54.218,0.85062,0.85067,1.00,1.25
2017.01.05 10:38:54.629,0.85062,0.85071,1.50,1.69
2017.01.05 10:38:55.161,0.85062,0.85071,2.62,1.25
2017.01.05 10:38:55.465,0.8506,0.8507,1.00,1.00
2017.01.05 10:38:55.969,0.8506,0.85069,1.00,1.00
2017.01.05 10:38:56.222,0.8506,0.85067,1.00,1.25
2017.01.05 10:38:58.206,0.8506,0.85068,1.00,1.00
2017.01.05 10:38:58.714,0.85059,0.85069,1.00,1.00
2017.01.05 10:38:59.122,0.85059,0.85067,1.00,1.00
2017.01.05 10:38:59.570,0.85058,0.85065,1.00,1.00
2017.01.05 10:38:59.622,0.85056,0.85064,1.00,1.00
2017.01.05 10:39:00.153,0.85056,0.85066,1.00,1.12
2017.01.05 10:39:00.687,0.85055,0.85065,1.00,2.06
2017.01.05 10:39:01.048,0.85057,0.85065,1.00,1.12
2017.01.05 10:39:04.374,0.85059,0.85068,1.87,1.00
2017.01.05 10:39:04.527,0.85061,0.85069,1.00,1.25
2017.01.05 10:39:05.055,0.85059,0.85068,1.00,1.00
2017.01.05 10:39:05.509,0.85057,0.85067,1.12,1.00
2017.01.05 10:39:07.471,0.85056,0.85067,1.50,1.50
2017.01.05 10:39:07.976,0.85057,0.85068,1.00,1.00
2017.01.05 10:39:08.642,0.85058,0.85068,1.00,1.00
2017.01.05 10:39:12.161,0.8506,0.85069,1.69,1.87
2017.01.05 10:39:12.364,0.8506,0.85071,2.06,1.12
2017.01.05 10:39:12.835,0.85059,0.85069,3.19,1.00
2017.01.05 10:39:13.088,0.8506,0.85071,1.00,2.06
2017.01.05 10:39:13.590,0.85059,0.85071,2.44,2.81
2017.01.05 10:39:13.843,0.85061,0.85071,1.00,2.44
2017.01.05 10:39:14.151,0.85058,0.85064,1.69,1.00
2017.01.05 10:39:14.253,0.85058,0.85066,1.69,1.00
2017.01.05 10:39:14.406,0.8506,0.85069,1.00,1.50
2017.01.05 10:39:14.508,0.85062,0.85069,1.00,1.00
2017.01.05 10:39:14.660,0.85062,0.85071,1.00,1.00
2017.01.05 10:39:15.193,0.85062,0.85072,1.00,3.75
2017.01.05 10:39:19.609,0.85062,0.8507,1.00,1.00
2017.01.05 10:39:20.160,0.85063,0.85071,1.00,1.00
2017.01.05 10:39:20.262,0.85065,0.85074,1.00,2.44
2017.01.05 10:39:20.767,0.85064,0.85074,1.50,2.44
2017.01.05 10:39:24.352,0.85065,0.85074,1.00,1.00
2017.01.05 10:39:25.382,0.85065,0.85075,1.00,1.50
2017.01.05 10:39:25.534,0.85065,0.85073,1.00,1.00
2017.01.05 10:39:25.636,0.85063,0.85073,2.25,1.50
2017.01.05 10:39:25.788,0.85063,0.85073,1.50,1.69
2017.01.05 10:39:26.293,0.85063,0.85071,1.00,1.25
2017.01.05 10:39:29.339,0.8506,0.85068,1.12,1.25
2017.01.05 10:39:29.857,0.85059,0.85067,1.00,1.25
2017.01.05 10:39:34.477,0.8506,0.85067,1.00,1.25
2017.01.05 10:39:37.176,0.85058,0.85066,1.50,1.25
2017.01.05 10:39:37.684,0.85058,0.85066,1.00,1.25
2017.01.05 10:39:38.244,0.85057,0.85065,1.00,1.25
2017.01.05 10:39:40.543,0.85058,0.85065,1.00,1.25
2017.01.05 10:39:41.237,0.8506,0.85065,1.00,1.25
2017.01.05 10:39:43.465,0.85056,0.85064,1.12,1.00
2017.01.05 10:39:43.516,0.85056,0.85061,1.12,1.25
2017.01.05 10:39:43.618,0.85051,0.85061,1.50,1.25
2017.01.05 10:39:43.669,0.85051,0.85059,1.50,1.00
2017.01.05 10:39:44.124,0.85053,0.85059,1.00,1.00
2017.01.05 10:39:44.429,0.85055,0.85059,1.00,1.00
2017.01.05 10:39:44.937,0.85055,0.8506,1.00,1.00
2017.01.05 10:39:45.089,0.85053,0.8506,1.00,1.00
2017.01.05 10:39:47.128,0.85052,0.85059,1.12,1.25
2017.01.05 10:39:49.428,0.85049,0.85055,1.87,1.25
2017.01.05 10:39:49.889,0.85052,0.85056,1.00,1.00
2017.01.05 10:39:49.991,0.85053,0.85059,1.00,1.69
2017.01.05 10:39:50.368,0.85055,0.85059,1.00,1.69
2017.01.05 10:39:50.903,0.85054,0.8506,1.87,1.25
2017.01.05 10:39:51.207,0.85058,0.85063,1.00,1.00
2017.01.05 10:39:51.512,0.85062,0.85066,1.00,1.00
2017.01.05 10:39:52.041,0.85063,0.85067,1.00,1.00
2017.01.05 10:39:52.361,0.85066,0.8507,1.00,1.00
2017.01.05 10:39:52.747,0.8507,0.85075,1.00,1.00
2017.01.05 10:39:52.799,0.85068,0.85075,1.12,1.00
2017.01.05 10:39:52.900,0.8507,0.85075,1.00,1.00
2017.01.05 10:39:53.002,0.85071,0.85077,1.00,1.00
2017.01.05 10:39:53.104,0.85074,0.85078,1.00,1.00
2017.01.05 10:39:53.156,0.85074,0.85079,1.00,1.00
2017.01.05 10:39:53.680,0.85074,0.85078,1.00,1.25
2017.01.05 10:39:54.645,0.85071,0.85078,1.12,1.25
2017.01.05 10:39:58.829,0.8507,0.85077,1.00,1.00
2017.01.05 10:39:59.264,0.85068,0.85077,1.50,1.00
2017.01.05 10:39:59.467,0.85068,0.85077,2.25,1.00
2017.01.05 10:39:59.897,0.85067,0.85075,1.37,1.00
2017.01.05 10:39:59.948,0.85067,0.85075,1.12,1.00
2017.01.05 10:40:00.771,0.85065,0.85075,1.37,1.00
2017.01.05 10:40:01.176,0.85064,0.85074,1.87,1.00
2017.01.05 10:40:01.228,0.85066,0.85074,1.00,1.00
2017.01.05 10:40:01.743,0.85065,0.85075,1.37,2.25
2017.01.05 10:40:02.398,0.85064,0.85074,1.50,1.00
2017.01.05 10:40:02.550,0.85064,0.85074,1.00,1.00
2017.01.05 10:40:02.652,0.85064,0.85075,1.87,1.50
2017.01.05 10:40:02.804,0.85064,0.85075,1.87,1.50
2017.01.05 10:40:02.957,0.85065,0.85073,1.50,1.00
2017.01.05 10:40:03.770,0.85063,0.85073,1.00,1.00
2017.01.05 10:40:04.176,0.85063,0.85071,1.00,1.25
2017.01.05 10:40:04.700,0.85062,0.8507,1.00,1.25
2017.01.05 10:40:05.049,0.85064,0.85071,1.00,1.69
2017.01.05 10:40:05.438,0.85062,0.85069,1.87,1.25
2017.01.05 10:40:06.097,0.85062,0.85071,1.50,1.69
2017.01.05 10:40:06.250,0.85062,0.85069,1.00,1.25
2017.01.05 10:40:06.591,0.85059,0.85067,1.37,1.69
2017.01.05 10:40:06.794,0.85056,0.85064,1.50,1.25
2017.01.05 10:40:06.845,0.85054,0.85062,1.50,1.69
2017.01.05 10:40:07.150,0.8505,0.85056,1.00,1.50
2017.01.05 10:40:07.302,0.85051,0.8506,1.00,1.87
2017.01.05 10:40:07.899,0.85051,0.85061,1.00,1.69
2017.01.05 10:40:10.326,0.85052,0.85061,1.00,1.69
2017.01.05 10:40:10.848,0.85052,0.8506,1.12,1.00
2017.01.05 10:40:11.364,0.85052,0.85059,1.12,1.25
2017.01.05 10:40:13.891,0.8505,0.85059,1.87,1.25
2017.01.05 10:40:15.942,0.85049,0.85058,1.87,1.00
2017.01.05 10:40:15.993,0.85047,0.85058,1.50,1.50
2017.01.05 10:40:16.044,0.85047,0.85054,1.00,1.25
2017.01.05 10:40:16.196,0.85044,0.85053,2.25,1.00
2017.01.05 10:40:18.029,0.85045,0.85053,1.00,1.00
2017.01.05 10:40:19.034,0.85043,0.85053,2.62,1.00
2017.01.05 10:40:21.041,0.85045,0.85053,1.00,1.00
2017.01.05 10:40:21.193,0.85046,0.85055,1.00,1.00
2017.01.05 10:40:23.671,0.85046,0.85054,1.00,1.00
2017.01.05 10:40:23.824,0.85044,0.85054,1.12,2.25
2017.01.05 10:40:24.880,0.85045,0.85054,1.00,1.50
2017.01.05 10:40:26.361,0.85044,0.85053,1.12,1.00
2017.01.05 10:40:26.715,0.85042,0.85051,1.12,1.25
2017.01.05 10:40:27.120,0.85044,0.85051,1.00,1.25
2017.01.05 10:40:28.821,0.85043,0.85051,1.00,1.25
2017.01.05 10:40:29.399,0.85044,0.85051,1.00,1.25
2017.01.05 10:40:30.495,0.85043,0.85051,1.12,1.25
2017.01.05 10:40:31.054,0.85042,0.85051,1.87,1.69
2017.01.05 10:40:31.560,0.85041,0.8505,1.12,1.50
2017.01.05 10:40:34.849,0.8504,0.8505,1.00,1.50
2017.01.05 10:40:35.409,0.85041,0.8505,1.00,1.50
2017.01.05 10:40:36.055,0.85043,0.85051,1.00,1.25
2017.01.05 10:40:36.581,0.85044,0.85051,1.00,1.25
2017.01.05 10:40:40.285,0.85042,0.85051,1.87,1.25
2017.01.05 10:40:44.851,0.85043,0.85051,1.00,1.25
2017.01.05 10:40:44.952,0.85045,0.85051,1.00,1.25
2017.01.05 10:40:45.003,0.85043,0.85051,1.00,1.25
2017.01.05 10:40:46.158,0.85045,0.85052,1.00,1.00
2017.01.05 10:40:48.473,0.85045,0.85054,1.00,2.44
2017.01.05 10:40:52.621,0.85046,0.85054,1.00,1.69
2017.01.05 10:40:53.280,0.85046,0.85056,1.00,1.00
2017.01.05 10:40:53.506,0.85044,0.85053,1.87,1.25
2017.01.05 10:40:53.760,0.85045,0.85055,1.50,1.12
2017.01.05 10:40:53.811,0.85047,0.85055,1.00,1.00
2017.01.05 10:40:54.066,0.85045,0.85055,1.87,1.00
2017.01.05 10:40:54.584,0.85047,0.85056,1.00,3.19
2017.01.05 10:40:55.092,0.85046,0.85056,1.00,2.44
2017.01.05 10:40:55.639,0.85048,0.85056,1.00,1.00
2017.01.05 10:40:56.106,0.85049,0.85058,1.00,1.00
2017.01.05 10:40:56.411,0.85047,0.85057,1.00,2.44
2017.01.05 10:40:56.462,0.85044,0.85055,4.50,2.44
2017.01.05 10:40:56.780,0.85049,0.85058,1.00,1.69
2017.01.05 10:40:56.933,0.85047,0.85057,1.50,1.50
2017.01.05 10:40:57.436,0.85047,0.85058,1.00,4.12
2017.01.05 10:40:57.487,0.85045,0.85056,1.00,1.00
2017.01.05 10:40:57.745,0.85043,0.85054,1.87,1.12
2017.01.05 10:40:58.049,0.85042,0.85051,1.00,1.50
2017.01.05 10:40:58.392,0.85044,0.85053,1.00,1.50
2017.01.05 10:41:00.187,0.85045,0.85054,1.00,1.00
2017.01.05 10:41:00.726,0.85046,0.85054,1.00,1.00
2017.01.05 10:41:01.148,0.85043,0.85054,1.87,1.50
2017.01.05 10:41:01.200,0.85043,0.85051,1.50,1.25
2017.01.05 10:41:01.518,0.85044,0.85054,1.00,2.06
2017.01.05 10:41:01.872,0.85046,0.85054,1.00,1.69
2017.01.05 10:41:03.676,0.85045,0.85054,1.00,2.44
2017.01.05 10:41:04.182,0.85046,0.85054,1.00,1.69
2017.01.05 10:41:04.371,0.85044,0.85054,1.00,3.19
2017.01.05 10:41:05.465,0.85043,0.85054,1.00,3.56
2017.01.05 10:41:06.442,0.85043,0.85054,1.00,3.94
2017.01.05 10:41:07.513,0.85045,0.85054,1.00,3.94
2017.01.05 10:41:08.020,0.85046,0.85054,1.00,2.44
2017.01.05 10:41:10.100,0.85047,0.85056,1.00,1.00
2017.01.05 10:41:10.640,0.85047,0.85057,1.00,3.19
2017.01.05 10:41:10.898,0.85047,0.85055,1.00,1.00
2017.01.05 10:41:11.349,0.85045,0.85054,1.12,1.00
2017.01.05 10:41:11.881,0.85044,0.85054,1.50,1.00
2017.01.05 10:41:12.271,0.85047,0.85055,1.00,1.00
2017.01.05 10:41:12.373,0.85047,0.85057,1.00,3.19
2017.01.05 10:41:12.638,0.8505,0.85057,1.00,1.50
2017.01.05 10:41:12.691,0.85051,0.85059,1.00,2.25
2017.01.05 10:41:13.159,0.85052,0.85061,1.00,2.81
2017.01.05 10:41:13.663,0.85053,0.85062,1.00,2.25
2017.01.05 10:41:13.866,0.85051,0.85059,1.69,1.00
2017.01.05 10:41:14.018,0.85047,0.85056,1.12,1.00
2017.01.05 10:41:14.566,0.85047,0.85055,1.00,1.00
2017.01.05 10:41:18.148,0.85046,0.85055,1.00,2.25
2017.01.05 10:41:18.957,0.8505,0.85056,1.00,1.00
2017.01.05 10:41:19.058,0.8505,0.85059,1.00,3.56
2017.01.05 10:41:19.639,0.85051,0.85059,1.00,1.69
2017.01.05 10:41:19.898,0.85049,0.85058,1.00,1.00
2017.01.05 10:41:20.152,0.85048,0.85056,1.00,1.00
2017.01.05 10:41:20.662,0.85048,0.85057,1.00,1.50
2017.01.05 10:41:20.764,0.85046,0.85056,1.00,1.00
2017.01.05 10:41:21.382,0.85046,0.85053,1.00,1.00
2017.01.05 10:41:21.741,0.85046,0.85055,1.00,2.25
2017.01.05 10:41:23.132,0.85045,0.85052,1.00,1.25
2017.01.05 10:41:23.328,0.85042,0.85052,1.12,1.50
2017.01.05 10:41:23.851,0.85042,0.85051,1.00,1.00
2017.01.05 10:41:24.362,0.85043,0.85051,1.00,1.00
2017.01.05 10:41:24.900,0.85042,0.8505,1.00,1.00
2017.01.05 10:41:25.167,0.85044,0.85053,1.00,5.06
2017.01.05 10:41:26.474,0.85045,0.85054,1.00,4.12
2017.01.05 10:41:26.628,0.85044,0.85052,1.00,1.25
2017.01.05 10:41:26.679,0.85042,0.85051,1.00,1.00
2017.01.05 10:41:27.192,0.85041,0.8505,1.00,1.25
2017.01.05 10:41:27.693,0.8504,0.8505,1.00,1.87
2017.01.05 10:41:28.221,0.85042,0.85051,1.00,1.37
2017.01.05 10:41:28.425,0.85043,0.85052,1.00,1.25
2017.01.05 10:41:28.476,0.85043,0.85054,1.00,2.62
2017.01.05 10:41:28.670,0.85043,0.85053,1.00,2.06
2017.01.05 10:41:28.721,0.8504,0.85051,1.00,1.00
2017.01.05 10:41:28.824,0.85038,0.85049,1.00,1.00
2017.01.05 10:41:29.330,0.85039,0.85049,1.00,1.00
2017.01.05 10:41:29.791,0.85041,0.85049,1.00,1.00
2017.01.05 10:41:30.023,0.85042,0.85052,1.00,3.75
2017.01.05 10:41:30.531,0.85042,0.85052,1.00,1.50
2017.01.05 10:41:31.064,0.85041,0.85052,1.00,2.25
2017.01.05 10:41:31.961,0.85042,0.85052,1.00,1.00
2017.01.05 10:41:32.164,0.85041,0.85049,1.00,1.00
2017.01.05 10:41:32.980,0.85038,0.85049,2.44,1.50
2017.01.05 10:41:33.487,0.85037,0.85048,1.12,1.00
2017.01.05 10:41:34.283,0.85037,0.85046,1.00,1.69
2017.01.05 10:41:34.900,0.85036,0.85046,1.00,1.25
2017.01.05 10:41:35.204,0.85038,0.85048,1.00,1.69
2017.01.05 10:41:35.725,0.85039,0.85048,1.50,2.44
2017.01.05 10:41:35.878,0.85041,0.85051,1.00,1.87
2017.01.05 10:41:35.980,0.85043,0.85051,1.00,1.00
2017.01.05 10:41:36.031,0.85041,0.8505,1.00,1.25
2017.01.05 10:41:36.183,0.85039,0.8505,1.00,2.06
2017.01.05 10:41:36.235,0.85041,0.85047,1.00,1.00
2017.01.05 10:41:36.286,0.85041,0.8505,1.00,2.06
2017.01.05 10:41:36.809,0.8504,0.8505,1.00,1.69
2017.01.05 10:41:37.772,0.85042,0.8505,1.00,1.25
2017.01.05 10:41:37.924,0.8504,0.8505,1.00,1.25
2017.01.05 10:41:38.026,0.85043,0.8505,1.25,1.37
2017.01.05 10:41:38.217,0.85045,0.85051,1.25,1.00
2017.01.05 10:41:38.268,0.85049,0.85053,1.00,1.00
2017.01.05 10:41:38.379,0.85048,0.85055,1.00,1.37
2017.01.05 10:41:38.599,0.85048,0.85056,1.50,1.00
2017.01.05 10:41:38.751,0.85049,0.8506,1.00,1.37
2017.01.05 10:41:38.954,0.85049,0.85061,1.00,1.87
2017.01.05 10:41:39.056,0.85051,0.85062,1.00,2.81
2017.01.05 10:41:39.599,0.85051,0.85062,1.00,1.25
2017.01.05 10:41:40.133,0.85051,0.85061,1.12,1.00
2017.01.05 10:41:40.286,0.85049,0.8506,1.00,1.12
2017.01.05 10:41:40.934,0.85049,0.85059,1.00,1.25
2017.01.05 10:41:40.985,0.85046,0.85056,2.25,1.31
2017.01.05 10:41:41.239,0.85045,0.85056,1.00,2.62
2017.01.05 10:41:41.290,0.85045,0.85054,1.00,1.00
2017.01.05 10:41:41.746,0.85042,0.85052,2.06,1.00
2017.01.05 10:41:42.258,0.85043,0.85053,1.25,1.50
2017.01.05 10:41:43.153,0.85043,0.85052,1.25,1.00
2017.01.05 10:41:43.356,0.85041,0.85052,1.00,2.06
2017.01.05 10:41:43.545,0.85043,0.85052,1.00,1.12
2017.01.05 10:41:44.102,0.85042,0.85052,1.25,1.00
2017.01.05 10:41:44.621,0.85043,0.85053,1.25,1.00
2017.01.05 10:41:45.154,0.85043,0.85052,1.00,1.00
2017.01.05 10:41:45.206,0.85041,0.85052,1.00,1.50
2017.01.05 10:41:45.308,0.85041,0.85051,1.00,2.25
2017.01.05 10:41:45.612,0.85041,0.85051,1.00,2.62
2017.01.05 10:41:47.561,0.85042,0.85051,1.00,1.00
2017.01.05 10:41:47.662,0.85044,0.85051,1.00,1.00
2017.01.05 10:41:47.713,0.85045,0.85054,1.00,2.25
2017.01.05 10:41:48.069,0.85046,0.85057,1.00,2.25
2017.01.05 10:41:48.509,0.85045,0.85056,1.50,1.87
2017.01.05 10:41:48.803,0.85046,0.85057,1.00,2.25
2017.01.05 10:41:49.344,0.85046,0.85058,1.69,1.69
2017.01.05 10:41:49.395,0.85048,0.85057,1.00,1.00
2017.01.05 10:41:50.542,0.85047,0.85057,1.00,1.50
2017.01.05 10:41:50.848,0.85042,0.85052,1.00,1.00
2017.01.05 10:41:51.359,0.85042,0.85053,1.00,3.19
2017.01.05 10:41:51.904,0.85043,0.85053,1.00,2.44
2017.01.05 10:41:52.963,0.85043,0.85052,1.00,1.00
2017.01.05 10:41:53.500,0.85043,0.85052,1.00,1.87
2017.01.05 10:41:54.026,0.85041,0.85051,1.00,1.00
2017.01.05 10:41:54.522,0.85038,0.85049,1.00,1.69
2017.01.05 10:41:54.624,0.85036,0.85047,1.37,1.62
2017.01.05 10:41:54.725,0.85035,0.85044,1.00,1.25
2017.01.05 10:41:55.238,0.85036,0.85044,1.00,1.25
2017.01.05 10:41:55.938,0.85036,0.85045,1.00,1.00
2017.01.05 10:41:57.388,0.85035,0.85046,1.00,1.87
2017.01.05 10:42:00.801,0.85035,0.85044,1.00,1.00
2017.01.05 10:42:01.804,0.85034,0.85044,1.00,1.00
2017.01.05 10:42:02.109,0.85033,0.85042,1.00,1.00
2017.01.05 10:42:02.613,0.85032,0.85042,1.00,1.00
2017.01.05 10:42:02.881,0.85032,0.85044,1.00,1.87
2017.01.05 10:42:03.755,0.85032,0.85043,1.00,1.00
2017.01.05 10:42:05.051,0.85032,0.85042,1.00,1.00
2017.01.05 10:42:06.422,0.8503,0.85038,1.50,1.00
2017.01.05 10:42:06.489,0.85029,0.85038,1.31,1.00
2017.01.05 10:42:06.641,0.85027,0.85037,1.12,1.12
2017.01.05 10:42:07.334,0.85027,0.85038,1.12,1.87
2017.01.05 10:42:07.432,0.85027,0.85036,1.12,1.00
2017.01.05 10:42:08.080,0.85027,0.85037,1.87,1.00
2017.01.05 10:42:08.384,0.8503,0.85038,1.00,1.00
2017.01.05 10:42:08.922,0.85029,0.85038,1.00,1.00
2017.01.05 10:42:09.485,0.85029,0.85039,1.00,1.25
2017.01.05 10:42:10.094,0.85028,0.85038,1.00,1.00
2017.01.05 10:42:10.398,0.8503,0.85038,1.00,1.00
2017.01.05 10:42:10.924,0.8503,0.85039,1.00,2.44
2017.01.05 10:42:12.278,0.85029,0.85039,1.00,2.44
2017.01.05 10:42:15.184,0.85029,0.85038,1.00,1.00
2017.01.05 10:42:15.967,0.8503,0.85038,1.00,1.00
2017.01.05 10:42:16.018,0.85028,0.85038,1.00,1.00
2017.01.05 10:42:16.427,0.85027,0.85035,1.00,1.37
2017.01.05 10:42:16.978,0.85026,0.85035,1.00,1.00
2017.01.05 10:42:17.080,0.85027,0.85037,1.00,1.87
2017.01.05 10:42:17.232,0.85028,0.85039,1.00,3.56
2017.01.05 10:42:17.283,0.8503,0.85039,1.00,3.56
2017.01.05 10:42:17.805,0.85029,0.85039,1.00,2.81
2017.01.05 10:42:18.310,0.85028,0.85039,1.00,1.69
2017.01.05 10:42:18.629,0.85026,0.85035,1.50,1.00
2017.01.05 10:42:19.137,0.85024,0.85034,1.00,1.31
2017.01.05 10:42:19.239,0.85026,0.85034,1.00,1.25
2017.01.05 10:42:20.661,0.85026,0.85035,1.00,1.00
2017.01.05 10:42:21.169,0.85027,0.85037,1.00,1.50
2017.01.05 10:42:21.675,0.85027,0.85037,1.00,1.87
2017.01.05 10:42:22.734,0.85027,0.85037,1.00,1.50
2017.01.05 10:42:23.098,0.85027,0.85035,1.00,1.00
2017.01.05 10:42:23.606,0.85028,0.85038,1.00,5.06
2017.01.05 10:42:23.734,0.85026,0.85037,1.00,1.00
2017.01.05 10:42:24.191,0.85028,0.85038,1.50,3.56
2017.01.05 10:42:24.624,0.85028,0.85036,1.00,1.00
2017.01.05 10:42:25.172,0.85027,0.85036,1.00,1.37
2017.01.05 10:42:26.263,0.85027,0.85037,1.00,1.87
2017.01.05 10:42:26.785,0.85027,0.85035,1.00,1.00
2017.01.05 10:42:27.190,0.85025,0.85035,1.69,1.50
2017.01.05 10:42:28.867,0.85025,0.85033,1.00,1.00
2017.01.05 10:42:29.323,0.85022,0.85033,1.00,1.00
2017.01.05 10:42:30.099,0.85022,0.85034,1.50,1.50
2017.01.05 10:42:30.201,0.85024,0.85034,1.69,1.00
2017.01.05 10:42:30.505,0.85026,0.85036,1.00,1.00
2017.01.05 10:42:31.084,0.85026,0.85037,1.00,1.12
2017.01.05 10:42:31.698,0.85026,0.85036,1.00,1.00
2017.01.05 10:42:32.225,0.85027,0.85036,1.25,1.00
2017.01.05 10:42:32.731,0.85027,0.85037,1.25,1.12
2017.01.05 10:42:33.073,0.85027,0.85037,1.25,1.37
2017.01.05 10:42:33.740,0.85027,0.85036,1.69,1.00
2017.01.05 10:42:34.247,0.85026,0.85035,1.25,1.12
2017.01.05 10:42:36.387,0.85024,0.85035,1.00,3.37
2017.01.05 10:42:36.439,0.85024,0.85033,1.00,1.00
2017.01.05 10:42:36.981,0.85024,0.85032,1.00,1.69
2017.01.05 10:42:38.055,0.85022,0.85032,1.00,1.69
2017.01.05 10:42:39.420,0.85021,0.8503,1.00,1.00
2017.01.05 10:42:39.971,0.85022,0.85029,1.00,1.00
2017.01.05 10:42:40.481,0.85022,0.85031,1.00,1.50
2017.01.05 10:42:41.874,0.85022,0.85029,1.00,1.00
2017.01.05 10:42:42.443,0.85021,0.85029,1.00,1.00
2017.01.05 10:42:42.997,0.85021,0.8503,1.00,1.00
2017.01.05 10:42:43.505,0.85022,0.8503,1.25,1.00
2017.01.05 10:42:43.606,0.8502,0.85029,1.00,1.00
2017.01.05 10:42:43.860,0.85018,0.85029,1.00,1.00
2017.01.05 10:42:44.012,0.85017,0.85026,2.06,1.00
2017.01.05 10:42:44.469,0.85015,0.85026,1.50,3.19
2017.01.05 10:42:44.954,0.85016,0.85028,1.69,2.25
2017.01.05 10:42:45.488,0.85017,0.85028,1.00,1.87
2017.01.05 10:42:47.199,0.85017,0.85029,1.00,3.56
2017.01.05 10:42:47.714,0.85017,0.85028,1.00,1.25
2017.01.05 10:42:48.376,0.85018,0.85028,1.00,1.69
2017.01.05 10:42:49.661,0.85017,0.85028,1.50,1.69
2017.01.05 10:42:51.575,0.85018,0.85029,1.00,1.12
2017.01.05 10:42:51.676,0.8502,0.8503,1.00,4.50
2017.01.05 10:42:51.778,0.85017,0.85029,3.00,2.25
2017.01.05 10:42:52.133,0.85019,0.85029,1.00,1.87
2017.01.05 10:42:52.732,0.85019,0.8503,1.00,1.69
2017.01.05 10:42:53.380,0.85019,0.85029,1.50,1.00
2017.01.05 10:42:54.196,0.85022,0.85031,1.00,1.69
2017.01.05 10:42:54.543,0.85024,0.85032,1.00,1.00
2017.01.05 10:42:55.158,0.85024,0.85033,1.00,1.00
2017.01.05 10:42:56.816,0.85024,0.85035,1.50,2.81
2017.01.05 10:42:57.372,0.85024,0.85034,1.00,1.00
2017.01.05 10:42:59.774,0.85024,0.85033,1.00,1.00
2017.01.05 10:42:59.825,0.85024,0.85035,1.00,3.56
2017.01.05 10:43:00.364,0.85025,0.85036,1.00,1.87
2017.01.05 10:43:00.626,0.85024,0.85034,2.44,1.00
2017.01.05 10:43:02.265,0.85026,0.85035,1.00,1.12
2017.01.05 10:43:02.771,0.85026,0.85036,1.50,1.00
2017.01.05 10:43:03.311,0.85026,0.85037,1.50,1.12
2017.01.05 10:43:05.620,0.85027,0.85038,1.00,4.69
2017.01.05 10:43:07.574,0.85027,0.85036,1.00,1.00
2017.01.05 10:43:07.625,0.85025,0.85035,2.44,1.00
2017.01.05 10:43:07.956,0.85025,0.85033,1.25,1.00
2017.01.05 10:43:08.311,0.85022,0.85033,1.12,1.00
2017.01.05 10:43:08.843,0.85023,0.85033,1.00,1.00
2017.01.05 10:43:09.763,0.85023,0.85034,1.50,1.87
2017.01.05 10:43:11.077,0.85023,0.85033,1.50,1.00
2017.01.05 10:43:12.049,0.85025,0.85033,1.00,1.00
2017.01.05 10:43:12.302,0.85027,0.85036,1.00,1.00
2017.01.05 10:43:12.506,0.85027,0.85038,1.00,1.25
2017.01.05 10:43:12.661,0.85029,0.85039,1.25,1.50
2017.01.05 10:43:13.230,0.8503,0.85039,1.25,1.00
2017.01.05 10:43:13.773,0.8503,0.85038,1.25,1.50
2017.01.05 10:43:13.824,0.85028,0.85038,1.00,1.50
2017.01.05 10:43:13.876,0.85027,0.85036,1.25,1.00
2017.01.05 10:43:14.194,0.85028,0.85038,1.25,4.50
2017.01.05 10:43:14.346,0.85028,0.85036,1.25,1.00
2017.01.05 10:43:14.696,0.85025,0.85035,1.00,1.00
2017.01.05 10:43:15.052,0.85023,0.85035,2.06,1.00
2017.01.05 10:43:15.154,0.85027,0.85036,1.00,1.12
2017.01.05 10:43:15.357,0.85029,0.85039,1.25,1.87
2017.01.05 10:43:16.810,0.85029,0.85038,1.25,1.50
2017.01.05 10:43:17.342,0.85029,0.85038,1.25,1.37
2017.01.05 10:43:19.572,0.85029,0.85038,1.25,1.12
2017.01.05 10:43:21.085,0.85027,0.85035,1.00,1.00
2017.01.05 10:43:21.136,0.85025,0.85037,1.12,1.50
2017.01.05 10:43:21.643,0.85026,0.85036,1.00,1.25
2017.01.05 10:43:23.117,0.85026,0.85037,1.00,1.50
2017.01.05 10:43:23.471,0.85028,0.85038,1.00,1.00
2017.01.05 10:43:23.927,0.85029,0.8504,1.00,2.06
2017.01.05 10:43:25.396,0.85029,0.85039,1.50,1.00
2017.01.05 10:43:26.286,0.85029,0.8504,1.00,1.12
2017.01.05 10:43:26.337,0.85026,0.85036,1.37,1.00
2017.01.05 10:43:26.641,0.8503,0.85037,1.00,1.00
2017.01.05 10:43:26.742,0.8503,0.85039,1.00,1.50
2017.01.05 10:43:27.305,0.85029,0.85039,1.50,1.00
2017.01.05 10:43:27.558,0.85027,0.85039,2.44,1.50
2017.01.05 10:43:27.661,0.85027,0.85037,1.25,1.00
2017.01.05 10:43:28.868,0.85027,0.85035,1.25,1.00
2017.01.05 10:43:29.021,0.85025,0.85037,1.00,3.75
2017.01.05 10:43:29.174,0.85027,0.85037,1.00,3.37
2017.01.05 10:43:29.276,0.85025,0.85037,1.00,3.37
2017.01.05 10:43:29.562,0.85028,0.85037,1.00,1.75
2017.01.05 10:43:29.663,0.85029,0.85039,1.00,2.62
2017.01.05 10:43:30.874,0.85027,0.85037,1.00,1.00
2017.01.05 10:43:30.925,0.85025,0.85035,1.00,1.25
2017.01.05 10:43:31.380,0.85027,0.85035,1.00,1.25
2017.01.05 10:43:32.706,0.85029,0.85037,1.00,1.25
2017.01.05 10:43:32.858,0.85029,0.85039,1.00,2.81
2017.01.05 10:43:33.011,0.85027,0.85039,3.19,2.25
2017.01.05 10:43:33.062,0.85027,0.85036,1.69,1.00
2017.01.05 10:43:33.215,0.85023,0.85035,3.37,1.00
2017.01.05 10:43:33.423,0.85022,0.8503,1.25,1.00
2017.01.05 10:43:33.938,0.85019,0.85029,1.31,1.00
2017.01.05 10:43:33.989,0.85019,0.85027,1.25,1.00
2017.01.05 10:43:35.617,0.8502,0.85027,1.25,1.00
2017.01.05 10:43:35.668,0.8502,0.8503,1.00,1.37
2017.01.05 10:43:35.719,0.85022,0.8503,1.25,1.37
2017.01.05 10:43:35.821,0.85024,0.85034,1.25,3.00
2017.01.05 10:43:36.024,0.85024,0.85035,1.31,2.25
2017.01.05 10:43:36.473,0.85022,0.85033,2.81,1.00
2017.01.05 10:43:36.524,0.85022,0.85033,1.69,1.00
2017.01.05 10:43:37.121,0.85022,0.85032,1.69,1.00
2017.01.05 10:43:37.637,0.85022,0.85031,1.69,1.00
2017.01.05 10:43:37.847,0.85022,0.85033,1.69,1.50
2017.01.05 10:43:38.552,0.8502,0.85032,1.50,1.50
2017.01.05 10:43:38.609,0.85019,0.8503,2.81,1.00
2017.01.05 10:43:39.115,0.8502,0.85031,1.69,1.12
2017.01.05 10:43:39.626,0.85019,0.8503,2.44,1.00
2017.01.05 10:43:39.932,0.85021,0.85033,1.69,1.87
2017.01.05 10:43:41.055,0.85022,0.85033,1.00,1.87
2017.01.05 10:43:41.881,0.85022,0.85033,1.37,1.00
2017.01.05 10:43:41.982,0.85023,0.85035,1.12,1.87
2017.01.05 10:43:42.494,0.85023,0.85034,1.12,1.50
2017.01.05 10:43:43.011,0.85024,0.85034,1.00,1.00
2017.01.05 10:43:43.557,0.85024,0.85033,1.00,1.00
2017.01.05 10:43:44.731,0.85026,0.85035,1.00,1.50
2017.01.05 10:43:45.137,0.85025,0.85037,1.00,1.69
2017.01.05 10:43:45.664,0.85026,0.85037,1.00,1.00
2017.01.05 10:43:45.873,0.85025,0.85035,1.00,1.00
2017.01.05 10:43:46.178,0.85029,0.85035,1.25,1.00
2017.01.05 10:43:46.229,0.85026,0.85035,1.00,1.00
2017.01.05 10:43:46.280,0.85026,0.85037,1.12,1.00
2017.01.05 10:43:46.584,0.85027,0.85039,1.00,1.50
2017.01.05 10:43:46.635,0.85029,0.85038,1.00,1.00
2017.01.05 10:43:47.923,0.85028,0.85039,1.00,2.62
2017.01.05 10:43:48.506,0.85027,0.85038,1.00,1.00
2017.01.05 10:43:48.810,0.8503,0.8504,1.00,1.25
2017.01.05 10:43:48.861,0.85028,0.8504,1.69,1.00
2017.01.05 10:43:48.912,0.85029,0.8504,2.06,1.00
2017.01.05 10:43:48.963,0.8503,0.85042,1.12,4.31
2017.01.05 10:43:49.165,0.8503,0.85039,2.06,1.00
2017.01.05 10:43:49.318,0.85031,0.85041,1.31,1.12
2017.01.05 10:43:49.783,0.85031,0.85043,2.44,3.37
2017.01.05 10:43:49.834,0.85033,0.85043,1.00,1.00
2017.01.05 10:43:50.140,0.85032,0.8504,1.00,1.00
2017.01.05 10:43:50.497,0.85031,0.85042,1.00,1.00
2017.01.05 10:43:50.638,0.85028,0.85038,2.62,1.00
2017.01.05 10:43:50.791,0.85027,0.85036,1.00,1.00
2017.01.05 10:43:51.005,0.85027,0.85038,1.50,1.00
2017.01.05 10:43:51.512,0.85028,0.85039,2.81,1.00
2017.01.05 10:43:51.614,0.85028,0.85037,2.25,1.00
2017.01.05 10:43:51.887,0.85026,0.85035,1.12,1.00
2017.01.05 10:43:51.939,0.85028,0.85036,1.25,1.00
2017.01.05 10:43:52.194,0.85028,0.85038,1.25,1.00
2017.01.05 10:43:52.713,0.85029,0.85039,1.31,2.25
2017.01.05 10:43:53.255,0.85029,0.8504,2.06,3.00
2017.01.05 10:43:53.357,0.85029,0.8504,2.06,2.62
2017.01.05 10:43:53.968,0.85029,0.85039,2.06,1.00
2017.01.05 10:43:54.121,0.85031,0.85042,1.69,2.25
2017.01.05 10:43:54.334,0.85035,0.85044,1.00,1.50
2017.01.05 10:43:54.852,0.85034,0.85045,1.00,1.00
2017.01.05 10:43:55.004,0.85032,0.85044,1.50,1.69
2017.01.05 10:43:55.055,0.85032,0.85041,1.00,1.00
2017.01.05 10:43:55.106,0.8503,0.85041,1.00,1.00
2017.01.05 10:43:55.359,0.85035,0.85042,1.25,1.00
2017.01.05 10:43:55.501,0.85035,0.85044,2.06,1.00
2017.01.05 10:43:55.653,0.85035,0.85046,2.06,1.50
2017.01.05 10:43:56.550,0.85035,0.85045,1.69,1.00
2017.01.05 10:43:57.070,0.85035,0.85044,1.69,1.00
2017.01.05 10:43:57.324,0.85032,0.85042,2.06,1.00
2017.01.05 10:43:57.628,0.85032,0.85039,1.25,1.00
2017.01.05 10:43:57.730,0.85028,0.85039,2.44,1.00
2017.01.05 10:43:58.085,0.85031,0.85039,1.37,1.00
2017.01.05 10:43:58.281,0.85034,0.85043,1.00,1.50
2017.01.05 10:43:58.333,0.85032,0.85043,1.12,1.50
2017.01.05 10:43:58.691,0.85031,0.8504,2.81,1.00
2017.01.05 10:44:00.745,0.85031,0.8504,2.06,1.00
2017.01.05 10:44:02.472,0.85031,0.85042,2.06,1.00
2017.01.05 10:44:02.574,0.8503,0.8504,1.50,1.00
2017.01.05 10:44:02.676,0.85032,0.85042,1.25,1.12
2017.01.05 10:44:02.867,0.85033,0.85045,1.37,1.87
2017.01.05 10:44:02.918,0.85033,0.85043,1.37,1.00
2017.01.05 10:44:02.969,0.85034,0.85046,1.12,1.87
2017.01.05 10:44:03.021,0.85037,0.85045,1.25,1.12
2017.01.05 10:44:03.072,0.85035,0.85045,1.00,1.12
2017.01.05 10:44:03.226,0.85032,0.85043,2.06,1.00
2017.01.05 10:44:03.433,0.85034,0.85043,1.00,1.00
2017.01.05 10:44:03.484,0.85033,0.85045,1.12,1.50
2017.01.05 10:44:05.258,0.85033,0.85044,1.00,1.00
2017.01.05 10:44:05.760,0.85033,0.85043,1.00,1.00
2017.01.05 10:44:05.912,0.85035,0.85044,1.25,1.12
2017.01.05 10:44:07.241,0.85035,0.85046,1.25,1.12
2017.01.05 10:44:07.748,0.85036,0.85047,1.00,1.00
2017.01.05 10:44:08.254,0.85035,0.85047,1.69,1.12
2017.01.05 10:44:09.402,0.85036,0.85045,1.00,1.00
2017.01.05 10:44:09.453,0.85037,0.85048,1.00,3.37
2017.01.05 10:44:09.504,0.8504,0.85048,1.00,2.62
2017.01.05 10:44:09.707,0.8504,0.85052,1.12,2.81
2017.01.05 10:44:10.207,0.8504,0.85049,1.00,1.00
2017.01.05 10:44:10.410,0.85038,0.85048,1.12,1.00
2017.01.05 10:44:10.999,0.85037,0.85048,2.06,1.00
2017.01.05 10:44:12.361,0.85036,0.85047,1.37,1.00
2017.01.05 10:44:12.412,0.85035,0.85045,1.25,1.00
2017.01.05 10:44:13.540,0.85037,0.85045,1.00,1.00
2017.01.05 10:44:14.046,0.85036,0.85044,1.25,1.00
2017.01.05 10:44:14.330,0.85037,0.85046,1.25,2.25
2017.01.05 10:44:15.475,0.85037,0.85045,1.25,1.00
2017.01.05 10:44:15.981,0.85036,0.85044,1.25,1.00
2017.01.05 10:44:16.185,0.85036,0.85046,1.25,2.62
2017.01.05 10:44:16.742,0.85035,0.85046,1.00,1.50
2017.01.05 10:44:17.101,0.85034,0.85044,1.00,1.25
2017.01.05 10:44:17.826,0.85036,0.85044,1.00,1.25
2017.01.05 10:44:18.368,0.85037,0.85045,1.00,1.25
2017.01.05 10:44:18.877,0.85035,0.85043,1.50,1.00
2017.01.05 10:44:19.080,0.85033,0.85042,1.37,1.00
2017.01.05 10:44:19.334,0.85032,0.85042,2.06,1.00
2017.01.05 10:44:19.678,0.85034,0.85043,1.25,1.00
2017.01.05 10:44:19.998,0.85031,0.85039,2.06,1.00
2017.01.05 10:44:20.507,0.85031,0.8504,1.69,1.00
2017.01.05 10:44:20.717,0.85032,0.85042,1.25,1.00
2017.01.05 10:44:21.321,0.85032,0.85041,2.06,1.00
2017.01.05 10:44:21.373,0.85032,0.85044,2.06,1.00
2017.01.05 10:44:21.424,0.85032,0.85044,2.44,1.37
2017.01.05 10:44:21.931,0.85034,0.85043,1.37,1.00
2017.01.05 10:44:22.185,0.85032,0.85043,2.25,1.00
2017.01.05 10:44:22.236,0.85032,0.85043,2.25,1.00
2017.01.05 10:44:22.588,0.85032,0.85043,2.25,1.00
2017.01.05 10:44:23.103,0.85033,0.85043,1.00,1.00
2017.01.05 10:44:23.559,0.85034,0.85045,1.87,1.00
2017.01.05 10:44:24.107,0.85034,0.85044,1.37,1.00
2017.01.05 10:44:24.622,0.85033,0.85044,1.37,1.00
2017.01.05 10:44:25.160,0.85034,0.85042,1.50,1.00
2017.01.05 10:44:25.416,0.85034,0.85044,1.00,1.00
2017.01.05 10:44:25.788,0.85034,0.85042,1.12,1.00
2017.01.05 10:44:25.983,0.85034,0.85044,1.12,1.00
2017.01.05 10:44:26.339,0.85034,0.85045,2.25,1.00
2017.01.05 10:44:26.854,0.85036,0.85044,1.00,1.00
2017.01.05 10:44:27.361,0.85034,0.85044,1.87,1.00
2017.01.05 10:44:27.905,0.85034,0.85044,1.87,1.00
2017.01.05 10:44:28.562,0.85038,0.85045,1.25,1.00
2017.01.05 10:44:28.801,0.85039,0.85047,1.25,1.00
2017.01.05 10:44:28.852,0.85036,0.85048,1.00,1.00
2017.01.05 10:44:28.904,0.85035,0.85047,3.00,1.00
2017.01.05 10:44:29.210,0.85034,0.85044,1.37,1.25
2017.01.05 10:44:29.720,0.85034,0.85043,1.00,1.12
2017.01.05 10:44:30.223,0.85034,0.85044,1.00,1.69
2017.01.05 10:44:30.630,0.85031,0.85041,1.50,1.25
2017.01.05 10:44:31.086,0.85029,0.85041,1.87,1.00
2017.01.05 10:44:31.343,0.85034,0.85042,1.00,1.37
2017.01.05 10:44:31.495,0.85034,0.85043,1.00,1.00
2017.01.05 10:44:31.546,0.85034,0.85045,1.00,3.56
2017.01.05 10:44:32.808,0.85034,0.85044,1.00,1.00
2017.01.05 10:44:33.210,0.85037,0.85045,1.00,2.25
2017.01.05 10:44:33.514,0.85039,0.85048,1.00,2.06
2017.01.05 10:44:33.869,0.8504,0.85049,1.00,1.00
2017.01.05 10:44:34.372,0.85039,0.85049,1.00,1.00
2017.01.05 10:44:34.423,0.85041,0.8505,1.00,3.19
2017.01.05 10:44:34.739,0.85041,0.85048,1.00,1.12
2017.01.05 10:44:35.299,0.8504,0.85048,1.00,1.12
2017.01.05 10:44:35.871,0.8504,0.85047,1.00,1.00
2017.01.05 10:44:36.630,0.85039,0.85047,1.00,1.00
2017.01.05 10:44:36.934,0.85038,0.85045,1.00,1.00
2017.01.05 10:44:37.467,0.85037,0.85044,1.00,1.00
2017.01.05 10:44:37.721,0.85035,0.85043,1.00,1.00
2017.01.05 10:44:40.089,0.85033,0.85043,1.00,1.00
2017.01.05 10:44:40.414,0.85035,0.85043,1.00,1.00
2017.01.05 10:44:41.313,0.85035,0.85044,1.00,1.50
2017.01.05 10:44:42.697,0.85034,0.85043,1.00,1.00
2017.01.05 10:44:43.806,0.85035,0.85043,1.00,1.00
2017.01.05 10:44:43.857,0.85034,0.85045,1.00,1.50
2017.01.05 10:44:45.177,0.85035,0.85045,1.00,1.50
2017.01.05 10:44:46.391,0.85033,0.85044,1.50,1.00
2017.01.05 10:44:46.492,0.85037,0.85043,1.00,1.50
2017.01.05 10:44:46.645,0.85039,0.85048,1.00,2.44
2017.01.05 10:44:47.157,0.85039,0.85047,1.00,1.00
2017.01.05 10:44:47.682,0.85039,0.85046,1.00,1.25
2017.01.05 10:44:47.964,0.85036,0.85044,1.00,1.25
2017.01.05 10:44:48.471,0.85037,0.85044,1.00,1.25
2017.01.05 10:44:48.998,0.85037,0.85045,1.00,1.00
2017.01.05 10:44:50.285,0.85037,0.85044,1.00,1.00
2017.01.05 10:44:51.629,0.85037,0.85045,1.00,1.00
2017.01.05 10:44:52.171,0.85036,0.85045,1.00,1.00
2017.01.05 10:44:52.647,0.85037,0.85047,1.69,1.12
2017.01.05 10:44:52.786,0.85043,0.85049,1.00,1.37
2017.01.05 10:44:52.939,0.85045,0.85052,1.00,1.00
2017.01.05 10:44:53.195,0.85045,0.85054,1.00,1.00
2017.01.05 10:44:53.990,0.85047,0.85056,1.00,4.50
2017.01.05 10:44:54.537,0.85046,0.85055,1.00,2.25
2017.01.05 10:44:55.078,0.85049,0.85056,1.00,1.12
2017.01.05 10:44:55.130,0.8505,0.85058,1.00,1.87
2017.01.05 10:44:55.384,0.8505,0.85061,1.00,1.00
2017.01.05 10:44:55.816,0.85046,0.85053,3.75,1.50
2017.01.05 10:44:56.070,0.85044,0.85052,1.75,1.31
2017.01.05 10:44:56.121,0.85044,0.85052,1.00,1.31
2017.01.05 10:44:56.172,0.85044,0.8505,1.00,1.25
2017.01.05 10:44:56.223,0.85042,0.8505,1.00,1.25
2017.01.05 10:44:56.731,0.85043,0.8505,1.00,1.25
2017.01.05 10:44:57.272,0.85042,0.8505,1.00,1.25
2017.01.05 10:44:57.374,0.8504,0.85047,1.00,1.25
2017.01.05 10:44:57.680,0.85037,0.85044,1.00,1.25
2017.01.05 10:44:58.692,0.85034,0.85044,2.62,1.69
2017.01.05 10:44:59.334,0.85034,0.85044,1.00,2.81
2017.01.05 10:45:00.180,0.85035,0.85045,1.00,2.25
2017.01.05 10:45:00.708,0.85035,0.85046,1.00,1.00
2017.01.05 10:45:01.147,0.85037,0.85046,1.00,1.00
2017.01.05 10:45:01.668,0.85037,0.85047,1.00,1.50
2017.01.05 10:45:02.503,0.85039,0.85049,1.00,1.87
2017.01.05 10:45:02.554,0.85037,0.85048,1.12,1.12
2017.01.05 10:45:03.049,0.85039,0.8505,1.00,3.94
2017.01.05 10:45:03.355,0.85041,0.8505,1.00,1.69
2017.01.05 10:45:03.870,0.8504,0.8505,1.00,1.25
2017.01.05 10:45:03.972,0.85038,0.85049,1.00,1.00
2017.01.05 10:45:04.226,0.85036,0.85046,1.37,1.00
2017.01.05 10:45:04.469,0.85033,0.85045,1.12,1.50
2017.01.05 10:45:04.672,0.85033,0.85042,1.12,1.00
2017.01.05 10:45:04.992,0.85036,0.85045,1.00,1.87
2017.01.05 10:45:05.246,0.85035,0.85047,2.06,1.87
2017.01.05 10:45:05.805,0.85035,0.85046,1.00,1.69
2017.01.05 10:45:05.958,0.85037,0.85046,1.00,1.25
2017.01.05 10:45:06.059,0.85038,0.85048,1.00,1.12
2017.01.05 10:45:06.212,0.85035,0.85045,2.62,1.25
2017.01.05 10:45:06.516,0.85034,0.85045,1.00,2.81
2017.01.05 10:45:06.668,0.85036,0.85046,1.00,1.00
2017.01.05 10:45:07.287,0.85036,0.85047,1.00,1.50
2017.01.05 10:45:08.960,0.85035,0.85046,1.12,1.00
2017.01.05 10:45:09.264,0.85034,0.85044,1.69,1.00
2017.01.05 10:45:09.987,0.85034,0.85043,1.25,1.00
2017.01.05 10:45:10.944,0.85032,0.85042,1.12,1.25
2017.01.05 10:45:11.475,0.85032,0.85043,2.06,1.00
2017.01.05 10:45:12.511,0.85033,0.85045,1.00,1.87
2017.01.05 10:45:12.702,0.85035,0.85046,1.00,1.00
2017.01.05 10:45:13.228,0.85036,0.85046,1.00,1.00
2017.01.05 10:45:13.760,0.85036,0.85046,1.50,1.00
2017.01.05 10:45:14.267,0.85037,0.85047,1.12,1.00
2017.01.05 10:45:14.563,0.85037,0.85049,1.87,2.44
2017.01.05 10:45:14.839,0.85038,0.85047,1.69,1.00
2017.01.05 10:45:15.246,0.85036,0.85047,1.12,1.00
2017.01.05 10:45:15.449,0.85034,0.85045,2.25,1.00
2017.01.05 10:45:15.501,0.85034,0.85045,1.12,1.69
2017.01.05 10:45:16.020,0.85034,0.85044,1.00,1.00
2017.01.05 10:45:16.530,0.85034,0.85045,1.00,1.00
2017.01.05 10:45:17.075,0.85034,0.85044,1.50,1.00
2017.01.05 10:45:17.682,0.85035,0.85044,1.00,1.00
2017.01.05 10:45:18.347,0.85035,0.85045,1.50,1.00
2017.01.05 10:45:18.500,0.85037,0.85048,1.00,3.19
2017.01.05 10:45:20.164,0.85036,0.85048,1.87,1.69
2017.01.05 10:45:21.115,0.85038,0.85048,1.00,2.44
2017.01.05 10:45:24.540,0.85036,0.85045,2.62,1.00
2017.01.05 10:45:25.102,0.85036,0.85045,1.87,1.00
2017.01.05 10:45:26.159,0.85035,0.85045,2.81,1.00
2017.01.05 10:45:26.363,0.85037,0.85047,1.00,1.50
2017.01.05 10:45:26.869,0.85037,0.85048,2.81,1.00
2017.01.05 10:45:27.579,0.85039,0.85049,1.69,1.50
2017.01.05 10:45:28.114,0.85038,0.85049,1.75,1.50
2017.01.05 10:45:28.267,0.85038,0.85049,1.00,1.50
2017.01.05 10:45:28.538,0.85038,0.85047,1.00,1.00
2017.01.05 10:45:30.038,0.85038,0.85049,1.00,1.12
2017.01.05 10:45:30.559,0.8504,0.85048,1.25,1.50
2017.01.05 10:45:30.768,0.8504,0.8505,1.25,1.00
2017.01.05 10:45:33.182,0.8504,0.85048,1.25,1.00
2017.01.05 10:45:34.059,0.85037,0.85048,2.81,1.50
2017.01.05 10:45:34.110,0.85037,0.85046,1.69,1.00
2017.01.05 10:45:35.365,0.85037,0.85048,1.69,1.50
2017.01.05 10:45:35.888,0.85037,0.85047,1.69,1.00
2017.01.05 10:45:36.679,0.85037,0.85048,1.69,2.25
2017.01.05 10:45:37.190,0.85037,0.85046,1.69,1.00
2017.01.05 10:45:37.575,0.8504,0.85047,1.25,1.50
2017.01.05 10:45:38.079,0.8504,0.85049,1.25,1.50
2017.01.05 10:45:38.329,0.85042,0.85049,1.25,1.50
2017.01.05 10:45:38.386,0.8504,0.85049,1.25,1.50
2017.01.05 10:45:38.451,0.85037,0.85049,3.00,1.50
2017.01.05 10:45:38.552,0.85037,0.85046,1.87,1.00
2017.01.05 10:45:38.604,0.85037,0.85048,1.12,1.50
2017.01.05 10:45:39.112,0.85037,0.85047,1.12,1.00
2017.01.05 10:45:39.674,0.85038,0.85047,1.00,1.00
2017.01.05 10:45:39.776,0.8504,0.8505,1.69,1.50
2017.01.05 10:45:40.284,0.85041,0.8505,1.00,1.00
2017.01.05 10:45:40.791,0.85041,0.85052,1.12,2.25
2017.01.05 10:45:44.322,0.85041,0.8505,1.00,1.00
2017.01.05 10:45:44.474,0.85039,0.8505,1.12,1.50
2017.01.05 10:45:45.459,0.85039,0.85049,1.12,1.00
2017.01.05 10:45:45.662,0.8504,0.85051,1.50,1.12
2017.01.05 10:45:46.186,0.85041,0.85051,1.00,1.87
2017.01.05 10:45:47.172,0.8504,0.85051,1.50,1.87
2017.01.05 10:45:47.692,0.85039,0.8505,1.00,1.50
2017.01.05 10:45:48.232,0.8504,0.8505,1.50,1.50
2017.01.05 10:45:48.693,0.85042,0.85052,1.00,2.62
2017.01.05 10:45:50.347,0.85041,0.85053,3.19,3.37
2017.01.05 10:45:51.200,0.85042,0.85053,1.00,1.87
2017.01.05 10:45:53.059,0.85042,0.85053,1.87,1.12
2017.01.05 10:45:53.364,0.8504,0.8505,2.06,1.00
2017.01.05 10:45:53.683,0.8504,0.8505,2.44,1.00
2017.01.05 10:45:53.989,0.8504,0.8505,1.69,1.00
2017.01.05 10:45:54.345,0.85041,0.85052,1.50,1.00
2017.01.05 10:45:54.801,0.85043,0.85052,1.00,1.00
2017.01.05 10:45:55.410,0.85043,0.85051,1.00,1.00
2017.01.05 10:45:55.462,0.8504,0.85051,2.06,2.25
2017.01.05 10:45:55.513,0.8504,0.85049,1.50,1.00
2017.01.05 10:45:55.818,0.85042,0.85049,1.00,1.00
2017.01.05 10:45:56.885,0.85042,0.85052,1.00,3.94
2017.01.05 10:45:57.411,0.85042,0.85052,1.00,3.19
2017.01.05 10:46:00.690,0.85041,0.85052,1.12,3.56
2017.01.05 10:46:01.234,0.85042,0.85051,1.50,1.00
2017.01.05 10:46:02.090,0.85041,0.85051,1.12,1.00
2017.01.05 10:46:02.629,0.85041,0.85052,1.12,2.44
2017.01.05 10:46:03.148,0.85041,0.85051,1.12,1.00
2017.01.05 10:46:03.686,0.8504,0.8505,1.00,2.44
2017.01.05 10:46:06.115,0.85041,0.85051,1.00,1.12
2017.01.05 10:46:07.168,0.85043,0.85051,1.25,1.12
2017.01.05 10:46:08.764,0.85041,0.85051,1.00,1.87
2017.01.05 10:46:09.119,0.85044,0.85054,1.00,4.31
2017.01.05 10:46:09.221,0.85045,0.85055,1.50,3.00
2017.01.05 10:46:09.751,0.85043,0.85054,1.50,1.50
2017.01.05 10:46:09.803,0.85043,0.85052,1.00,1.12
2017.01.05 10:46:09.905,0.85041,0.85052,1.87,1.12
2017.01.05 10:46:10.723,0.85041,0.85051,2.25,1.25
2017.01.05 10:46:11.258,0.85042,0.85052,2.25,1.00
2017.01.05 10:46:11.805,0.85043,0.85053,1.00,1.25
2017.01.05 10:46:12.389,0.85044,0.85054,1.25,1.00
2017.01.05 10:46:12.891,0.85045,0.85054,1.25,1.00
2017.01.05 10:46:13.349,0.85048,0.85054,1.25,1.00
2017.01.05 10:46:13.502,0.85049,0.85056,1.25,1.00
2017.01.05 10:46:13.553,0.85046,0.85056,1.25,1.00
2017.01.05 10:46:14.075,0.85047,0.85056,1.00,1.00
2017.01.05 10:46:14.540,0.85045,0.85056,1.87,1.50
2017.01.05 10:46:15.404,0.85045,0.85055,1.12,1.12
2017.01.05 10:46:15.556,0.85043,0.85053,1.37,1.00
2017.01.05 10:46:15.759,0.85042,0.85053,1.12,1.00
2017.01.05 10:46:16.279,0.85044,0.85053,1.00,1.00
2017.01.05 10:46:16.583,0.85044,0.85055,3.19,1.00
2017.01.05 10:46:16.634,0.85046,0.85057,1.00,1.87
2017.01.05 10:46:17.166,0.85047,0.85057,1.00,1.00
2017.01.05 10:46:17.673,0.85048,0.85058,1.00,2.44
2017.01.05 10:46:17.927,0.85046,0.85057,1.69,1.00
2017.01.05 10:46:18.440,0.85047,0.85056,1.00,1.00
2017.01.05 10:46:18.809,0.85047,0.85058,1.50,2.06
2017.01.05 10:46:19.360,0.85048,0.85058,1.00,1.00
2017.01.05 10:46:19.461,0.85048,0.85056,1.00,1.00
2017.01.05 10:46:19.967,0.85048,0.85057,1.00,1.00
2017.01.05 10:46:20.284,0.8505,0.85057,1.00,1.00
2017.01.05 10:46:20.385,0.85048,0.85058,1.25,1.00
2017.01.05 10:46:20.927,0.85048,0.85059,1.69,1.00
2017.01.05 10:46:21.803,0.85048,0.8506,3.56,1.50
2017.01.05 10:46:21.854,0.8505,0.85061,1.00,3.00
2017.01.05 10:46:22.007,0.85051,0.85063,2.44,1.87
2017.01.05 10:46:22.530,0.85051,0.85062,1.62,1.50
2017.01.05 10:46:29.055,0.85051,0.85062,1.69,1.50
2017.01.05 10:46:29.207,0.85051,0.8506,1.25,1.00
2017.01.05 10:46:29.726,0.85051,0.85061,1.25,1.00
2017.01.05 10:46:30.240,0.85052,0.85061,1.50,1.00
2017.01.05 10:46:31.403,0.85052,0.85063,1.00,1.50
2017.01.05 10:46:31.454,0.85051,0.85061,2.06,1.00
2017.01.05 10:46:31.972,0.85051,0.85062,2.06,1.50
2017.01.05 10:46:32.475,0.85051,0.85061,2.06,1.00
2017.01.05 10:46:33.345,0.85051,0.85062,2.81,1.00
2017.01.05 10:46:33.781,0.85054,0.85064,1.69,3.00
2017.01.05 10:46:34.085,0.85053,0.85062,1.25,1.00
2017.01.05 10:46:34.186,0.8505,0.85061,1.25,1.50
2017.01.05 10:46:34.288,0.85052,0.85062,1.00,2.62
2017.01.05 10:46:34.617,0.85055,0.85064,1.00,1.12
2017.01.05 10:46:34.668,0.85053,0.85064,1.87,1.00
2017.01.05 10:46:34.770,0.85054,0.85065,1.37,1.50
2017.01.05 10:46:35.074,0.85053,0.85061,1.31,1.00
2017.01.05 10:46:35.378,0.8505,0.85059,1.00,1.00
2017.01.05 10:46:35.429,0.85048,0.85058,1.50,1.00
2017.01.05 10:46:35.581,0.8505,0.8506,1.50,1.75
2017.01.05 10:46:35.728,0.85051,0.8506,1.69,1.50
2017.01.05 10:46:35.780,0.85055,0.85064,1.00,1.12
2017.01.05 10:46:35.831,0.85055,0.85066,1.00,1.50
2017.01.05 10:46:35.983,0.85056,0.85066,1.00,1.00
2017.01.05 10:46:36.034,0.85054,0.85065,2.06,1.00
2017.01.05 10:46:36.136,0.85055,0.85063,1.00,1.00
2017.01.05 10:46:36.187,0.85055,0.85065,1.00,1.00
2017.01.05 10:46:36.541,0.85057,0.85065,1.25,1.12
2017.01.05 10:46:36.744,0.85054,0.85063,2.44,1.00
2017.01.05 10:46:36.896,0.85054,0.85063,2.00,1.00
2017.01.05 10:46:37.067,0.85054,0.85063,1.25,1.00
2017.01.05 10:46:37.238,0.85059,0.85068,1.00,1.87
2017.01.05 10:46:37.801,0.8506,0.85069,1.00,1.69
2017.01.05 10:46:37.954,0.8506,0.85071,1.00,2.06
2017.01.05 10:46:38.500,0.85061,0.85071,1.00,1.00
2017.01.05 10:46:38.602,0.85062,0.85073,1.50,1.00
2017.01.05 10:46:38.906,0.85064,0.85075,1.00,1.00
2017.01.05 10:46:39.210,0.85065,0.85073,1.00,1.00
2017.01.05 10:46:39.464,0.85063,0.85073,1.69,1.00
2017.01.05 10:46:39.819,0.85064,0.85075,1.50,1.50
2017.01.05 10:46:39.972,0.85066,0.85076,1.00,2.44
2017.01.05 10:46:40.476,0.85067,0.85076,1.00,1.12
2017.01.05 10:46:40.995,0.85066,0.85076,1.00,2.06
2017.01.05 10:46:41.548,0.85066,0.85075,1.00,1.00
2017.01.05 10:46:42.348,0.85066,0.85077,1.50,1.31
2017.01.05 10:46:42.400,0.85068,0.85076,1.00,1.31
2017.01.05 10:46:42.908,0.85067,0.85076,1.00,1.00
2017.01.05 10:46:43.611,0.85067,0.85075,1.00,1.00
2017.01.05 10:46:44.443,0.85067,0.85077,1.00,1.25
2017.01.05 10:46:44.899,0.85069,0.85076,1.00,1.00
2017.01.05 10:46:45.035,0.85066,0.85075,1.12,1.00
2017.01.05 10:46:45.663,0.85065,0.85076,2.62,1.00
2017.01.05 10:46:46.582,0.85067,0.85076,1.00,1.00
2017.01.05 10:46:47.129,0.85067,0.85077,1.12,1.00
2017.01.05 10:46:47.575,0.85069,0.85077,1.25,1.00
2017.01.05 10:46:47.677,0.85068,0.85079,1.50,1.00
2017.01.05 10:46:47.728,0.85068,0.85077,1.50,1.00
2017.01.05 10:46:47.880,0.85066,0.85076,1.00,1.00
2017.01.05 10:46:48.390,0.85065,0.85076,1.50,1.00
2017.01.05 10:46:49.306,0.85067,0.85077,1.00,2.44
2017.01.05 10:46:49.852,0.85068,0.85077,1.00,1.69
2017.01.05 10:46:50.196,0.8507,0.8508,1.00,1.50
2017.01.05 10:46:50.348,0.85071,0.85081,1.00,1.00
2017.01.05 10:46:50.703,0.85074,0.85082,1.00,1.12
2017.01.05 10:46:51.008,0.85076,0.85085,1.00,1.00
2017.01.05 10:46:51.545,0.85075,0.85084,1.00,1.12
2017.01.05 10:46:53.869,0.85075,0.85085,1.00,1.50
2017.01.05 10:46:54.469,0.85075,0.85084,1.00,1.00
2017.01.05 10:46:54.982,0.85074,0.85083,1.00,1.25
2017.01.05 10:46:55.748,0.85076,0.85083,1.00,1.25
2017.01.05 10:46:55.901,0.85076,0.85087,1.00,3.19
2017.01.05 10:46:56.055,0.85078,0.85084,1.00,1.25
2017.01.05 10:46:56.107,0.85078,0.85086,1.00,1.69
2017.01.05 10:46:56.158,0.85076,0.85085,1.00,1.87
2017.01.05 10:46:56.311,0.85074,0.85085,1.00,1.50
2017.01.05 10:46:56.870,0.85074,0.85085,1.00,4.12
2017.01.05 10:46:57.475,0.85075,0.85085,1.00,3.75
2017.01.05 10:46:59.885,0.85074,0.85083,1.00,1.00
2017.01.05 10:47:00.605,0.85074,0.85084,1.00,1.87
2017.01.05 10:47:01.281,0.85073,0.85083,1.00,1.00
2017.01.05 10:47:01.963,0.85073,0.85084,1.00,1.87
2017.01.05 10:47:04.410,0.85073,0.85083,1.00,1.50
2017.01.05 10:47:04.512,0.85071,0.85083,1.69,1.87
2017.01.05 10:47:04.613,0.85072,0.8508,1.00,1.00
2017.01.05 10:47:04.664,0.8507,0.8508,1.00,1.00
2017.01.05 10:47:04.969,0.85072,0.8508,1.25,1.00
2017.01.05 10:47:05.223,0.8507,0.85079,1.00,1.00
2017.01.05 10:47:05.559,0.8507,0.85081,1.00,2.06
2017.01.05 10:47:05.813,0.85068,0.85079,1.12,1.00
2017.01.05 10:47:06.118,0.85074,0.85084,1.00,2.25
2017.01.05 10:47:06.272,0.85074,0.85084,1.00,1.50
2017.01.05 10:47:06.476,0.85072,0.85083,1.00,1.50
2017.01.05 10:47:06.979,0.85072,0.85082,1.00,1.00
2017.01.05 10:47:07.487,0.85073,0.85083,1.00,1.75
2017.01.05 10:47:07.690,0.85071,0.85082,1.12,2.25
2017.01.05 10:47:08.662,0.85071,0.85082,1.12,1.50
2017.01.05 10:47:08.769,0.85073,0.85082,1.00,1.00
2017.01.05 10:47:09.307,0.85073,0.85083,1.12,1.00
2017.01.05 10:47:09.961,0.85072,0.85083,1.00,1.00
2017.01.05 10:47:10.473,0.85072,0.85082,1.00,1.25
2017.01.05 10:47:10.983,0.85072,0.85082,1.37,1.00
2017.01.05 10:47:11.186,0.85071,0.85082,1.12,1.00
2017.01.05 10:47:11.834,0.85071,0.85082,1.12,1.37
2017.01.05 10:47:12.353,0.85071,0.85082,1.12,1.00
2017.01.05 10:47:13.426,0.85072,0.85083,1.00,2.25
2017.01.05 10:47:13.954,0.85071,0.85082,2.25,1.00
2017.01.05 10:47:15.338,0.85069,0.85079,1.50,2.44
2017.01.05 10:47:15.388,0.85068,0.8508,2.81,1.12
2017.01.05 10:47:15.923,0.85069,0.8508,1.12,1.12
2017.01.05 10:47:16.284,0.85072,0.85081,1.00,1.37
2017.01.05 10:47:16.385,0.85072,0.85083,1.00,1.31
2017.01.05 10:47:16.920,0.85073,0.85083,1.00,1.25
2017.01.05 10:47:17.831,0.85075,0.85083,1.00,1.25
2017.01.05 10:47:18.142,0.85076,0.85086,1.00,1.50
2017.01.05 10:47:18.345,0.85072,0.85084,3.56,1.00
2017.01.05 10:47:18.497,0.85072,0.85082,1.37,1.00
2017.01.05 10:47:18.549,0.85071,0.8508,1.00,1.00
2017.01.05 10:47:18.802,0.85073,0.85081,1.25,1.00
2017.01.05 10:47:18.853,0.8507,0.85079,1.00,1.00
2017.01.05 10:47:18.904,0.85071,0.85082,1.00,1.50
2017.01.05 10:47:19.434,0.85072,0.85083,1.00,2.06
2017.01.05 10:47:20.401,0.85074,0.85083,1.00,1.25
2017.01.05 10:47:20.503,0.85074,0.85085,1.00,1.87
2017.01.05 10:47:20.707,0.85076,0.85086,1.00,1.25
2017.01.05 10:47:21.951,0.85078,0.85086,1.00,1.25
2017.01.05 10:47:22.724,0.85077,0.85086,1.00,1.69
2017.01.05 10:47:24.437,0.85077,0.85088,1.69,1.00
2017.01.05 10:47:24.945,0.85078,0.85087,1.00,1.00
2017.01.05 10:47:25.431,0.85078,0.8509,1.12,1.50
2017.01.05 10:47:25.533,0.85081,0.8509,1.00,1.00
2017.01.05 10:47:25.787,0.85078,0.8509,1.50,3.19
2017.01.05 10:47:26.294,0.85078,0.85088,1.00,1.00
2017.01.05 10:47:26.868,0.85077,0.85087,1.69,1.00
2017.01.05 10:47:28.253,0.85075,0.85086,2.44,1.50
2017.01.05 10:47:28.759,0.85075,0.85085,1.50,1.00
2017.01.05 10:47:29.491,0.85076,0.85087,1.50,1.12
2017.01.05 10:47:29.998,0.85077,0.85088,1.00,1.50
2017.01.05 10:47:30.504,0.85078,0.85089,1.00,1.00
2017.01.05 10:47:31.025,0.85077,0.85088,1.00,1.00
2017.01.05 10:47:31.229,0.85079,0.8509,1.50,3.19
2017.01.05 10:47:31.535,0.85083,0.85093,1.00,1.25
2017.01.05 10:47:33.160,0.85082,0.85091,1.00,1.00
2017.01.05 10:47:33.793,0.85083,0.85091,1.00,1.00
2017.01.05 10:47:34.329,0.85083,0.85092,1.12,1.00
2017.01.05 10:47:35.569,0.85083,0.85091,1.00,1.00
2017.01.05 10:47:37.824,0.85082,0.85091,2.06,1.00
2017.01.05 10:47:38.882,0.85082,0.85092,2.06,1.00
2017.01.05 10:47:39.193,0.85082,0.8509,2.06,1.00
2017.01.05 10:47:39.548,0.85082,0.85092,2.44,1.00
2017.01.05 10:47:40.416,0.85084,0.85092,1.00,1.00
2017.01.05 10:47:40.948,0.85084,0.85091,1.00,1.00
2017.01.05 10:47:43.775,0.85083,0.85093,1.12,1.00
2017.01.05 10:47:43.827,0.85082,0.85091,2.25,1.00
2017.01.05 10:47:44.030,0.85083,0.85093,1.69,1.12
2017.01.05 10:47:44.446,0.85085,0.85093,1.00,1.00
2017.01.05 10:47:44.548,0.85083,0.85092,3.94,1.00
2017.01.05 10:47:44.649,0.85083,0.8509,2.25,1.00
2017.01.05 10:47:45.205,0.85083,0.85091,1.69,1.00
2017.01.05 10:47:45.664,0.85083,0.85093,1.69,1.00
2017.01.05 10:47:46.166,0.85083,0.85092,1.69,1.00
2017.01.05 10:47:47.718,0.85084,0.85092,1.00,1.00
2017.01.05 10:47:48.277,0.85083,0.85092,1.69,1.00
2017.01.05 10:47:48.328,0.85085,0.85092,1.25,1.00
2017.01.05 10:47:48.481,0.8509,0.85099,1.69,1.12
2017.01.05 10:47:48.532,0.85093,0.85101,1.00,1.87
2017.01.05 10:47:49.039,0.85092,0.85101,1.69,1.00
2017.01.05 10:47:49.398,0.85094,0.85101,1.00,1.00
2017.01.05 10:47:50.593,0.85093,0.85101,1.50,1.00
2017.01.05 10:47:51.653,0.85091,0.85099,1.00,1.00
2017.01.05 10:47:52.201,0.8509,0.85099,1.69,1.00
2017.01.05 10:47:52.709,0.8509,0.851,2.44,1.00
2017.01.05 10:47:53.013,0.8509,0.85099,1.50,1.00
2017.01.05 10:47:53.064,0.8509,0.85099,1.00,1.00
2017.01.05 10:47:53.116,0.85092,0.85099,1.00,1.00
2017.01.05 10:47:53.218,0.85093,0.85101,1.25,1.00
2017.01.05 10:47:53.563,0.85093,0.85099,1.25,1.00
2017.01.05 10:47:56.673,0.85091,0.85099,1.00,1.00
2017.01.05 10:47:56.774,0.85089,0.85098,1.25,1.00
2017.01.05 10:47:57.431,0.85088,0.85098,2.25,1.00
2017.01.05 10:47:57.533,0.8509,0.85099,1.00,1.00
2017.01.05 10:47:57.838,0.85093,0.851,1.25,1.00
2017.01.05 10:47:58.142,0.85091,0.85099,2.06,1.00
2017.01.05 10:47:58.780,0.8509,0.85098,1.62,1.00
2017.01.05 10:47:58.882,0.8509,0.85096,1.25,1.00
2017.01.05 10:47:58.934,0.85088,0.85096,1.12,1.00
2017.01.05 10:47:59.086,0.8509,0.85098,1.25,1.00
2017.01.05 10:47:59.390,0.85094,0.85103,1.37,1.00
2017.01.05 10:47:59.491,0.85093,0.85103,1.50,1.00
2017.01.05 10:47:59.593,0.85093,0.85101,1.00,1.00
2017.01.05 10:47:59.897,0.85095,0.85102,1.25,1.00
2017.01.05 10:48:00.471,0.85094,0.85101,1.00,1.00
2017.01.05 10:48:00.523,0.85095,0.85103,1.25,1.00
2017.01.05 10:48:00.625,0.85098,0.85107,1.00,1.87
2017.01.05 10:48:00.727,0.85098,0.85108,1.00,1.12
2017.01.05 10:48:01.236,0.85099,0.85108,1.69,1.00
2017.01.05 10:48:01.595,0.85097,0.85108,1.50,1.12
2017.01.05 10:48:01.697,0.85097,0.85106,1.00,1.00
2017.01.05 10:48:02.104,0.85099,0.85107,1.00,1.00
2017.01.05 10:48:02.307,0.851,0.85109,1.00,1.69
2017.01.05 10:48:02.914,0.85098,0.85109,1.00,2.06
2017.01.05 10:48:03.456,0.85097,0.85108,1.87,1.50
2017.01.05 10:48:06.032,0.85097,0.85107,1.00,1.00
2017.01.05 10:48:09.742,0.85099,0.85108,1.50,1.00
2017.01.05 10:48:09.793,0.85099,0.8511,1.50,1.12
2017.01.05 10:48:09.895,0.85098,0.85107,1.00,1.00
2017.01.05 10:48:10.096,0.85095,0.85106,2.06,1.00
2017.01.05 10:48:10.147,0.85095,0.85104,1.00,1.00
2017.01.05 10:48:10.709,0.85096,0.85105,1.00,1.00
2017.01.05 10:48:11.598,0.85095,0.85104,1.00,1.00
2017.01.05 10:48:14.455,0.85097,0.85106,1.00,1.87
2017.01.05 10:48:14.932,0.85099,0.85107,1.00,1.00
2017.01.05 10:48:15.317,0.85097,0.85107,1.87,1.00
2017.01.05 10:48:15.824,0.85097,0.85106,1.50,1.00
2017.01.05 10:48:16.177,0.85097,0.85108,1.00,1.50
2017.01.05 10:48:16.717,0.85096,0.85107,1.87,1.00
2017.01.05 10:48:18.078,0.85097,0.85107,1.00,1.00
2017.01.05 10:48:20.707,0.85096,0.85105,1.50,1.00
2017.01.05 10:48:21.316,0.85097,0.85108,1.12,2.25
2017.01.05 10:48:21.569,0.85097,0.85106,1.12,1.00
2017.01.05 10:48:21.937,0.85099,0.85108,1.00,1.00
2017.01.05 10:48:22.039,0.851,0.85111,1.00,1.50
2017.01.05 10:48:22.343,0.85099,0.85108,2.81,1.00
2017.01.05 10:48:22.852,0.85099,0.85108,1.25,1.00
2017.01.05 10:48:23.386,0.85099,0.85107,1.25,1.00
2017.01.05 10:48:23.521,0.85099,0.85109,2.44,1.00
2017.01.05 10:48:23.673,0.85098,0.85107,1.50,1.00
2017.01.05 10:48:23.926,0.85095,0.85106,1.12,1.00
2017.01.05 10:48:23.977,0.85097,0.85106,1.00,1.00
2017.01.05 10:48:24.538,0.85096,0.85105,1.00,1.00
2017.01.05 10:48:29.758,0.85094,0.85104,1.50,1.00
2017.01.05 10:48:30.930,0.85094,0.85104,1.00,1.00
2017.01.05 10:48:31.440,0.85094,0.85105,1.50,1.00
2017.01.05 10:48:32.197,0.85093,0.85104,1.00,1.00
2017.01.05 10:48:32.704,0.85094,0.85105,1.50,1.87
2017.01.05 10:48:37.388,0.85097,0.85106,1.00,1.50
2017.01.05 10:48:37.490,0.85095,0.85106,1.50,1.00
2017.01.05 10:48:37.996,0.85095,0.85106,3.19,1.00
2017.01.05 10:48:38.314,0.85095,0.85103,2.44,1.00
2017.01.05 10:48:38.818,0.85094,0.85103,2.44,1.00
2017.01.05 10:48:39.890,0.85095,0.85103,1.00,1.00
2017.01.05 10:48:40.833,0.85092,0.851,1.37,1.00
2017.01.05 10:48:40.985,0.85091,0.851,1.69,1.00
2017.01.05 10:48:42.267,0.85094,0.85102,1.25,1.00
2017.01.05 10:48:42.574,0.85096,0.85102,1.25,1.00
2017.01.05 10:48:42.625,0.85093,0.85102,1.50,1.00
2017.01.05 10:48:43.257,0.85092,0.85101,1.12,1.00
2017.01.05 10:48:43.409,0.85089,0.85098,3.37,1.25
2017.01.05 10:48:43.460,0.85087,0.85097,2.62,1.00
2017.01.05 10:48:43.512,0.85087,0.85095,2.62,1.00
2017.01.05 10:48:43.563,0.85088,0.85095,1.00,1.00
2017.01.05 10:48:43.664,0.85086,0.85095,2.25,1.00
2017.01.05 10:48:44.250,0.85087,0.85096,1.00,1.00
2017.01.05 10:48:46.462,0.85084,0.85092,1.87,1.00
2017.01.05 10:48:46.514,0.85084,0.85094,1.50,1.00
2017.01.05 10:48:46.617,0.85087,0.85095,1.00,1.00
2017.01.05 10:48:46.770,0.85087,0.85098,1.50,1.87
2017.01.05 10:48:47.277,0.85087,0.85097,1.00,1.00
2017.01.05 10:48:47.429,0.85085,0.85094,2.06,1.00
2017.01.05 10:48:47.934,0.85084,0.85093,1.00,1.00
2017.01.05 10:48:48.753,0.85085,0.85093,1.00,1.00
2017.01.05 10:48:49.383,0.85085,0.85095,1.00,2.44
2017.01.05 10:48:49.860,0.85086,0.85097,1.00,2.44
2017.01.05 10:48:50.368,0.85087,0.85098,1.12,1.69
2017.01.05 10:48:51.072,0.85086,0.85097,2.62,1.00
2017.01.05 10:48:51.326,0.85086,0.85095,1.00,1.00
2017.01.05 10:48:51.530,0.85086,0.85098,1.50,2.62
2017.01.05 10:48:52.036,0.85085,0.85096,2.62,1.12
2017.01.05 10:48:52.416,0.85088,0.85096,1.00,1.25
2017.01.05 10:48:52.568,0.85089,0.85098,1.00,1.69
2017.01.05 10:48:52.771,0.8509,0.85101,1.00,1.00
2017.01.05 10:48:52.923,0.85088,0.85099,3.19,1.00
2017.01.05 10:48:53.443,0.85089,0.85098,1.00,1.00
2017.01.05 10:48:53.958,0.85088,0.85098,1.25,1.00
2017.01.05 10:48:55.025,0.85089,0.85098,1.00,1.00
2017.01.05 10:48:55.555,0.85089,0.85099,1.50,1.00
2017.01.05 10:48:55.874,0.85093,0.85102,1.00,1.12
2017.01.05 10:48:56.179,0.85091,0.851,1.00,1.00
2017.01.05 10:48:56.585,0.8509,0.85098,1.25,1.00
2017.01.05 10:48:56.893,0.85091,0.85101,1.00,1.00
2017.01.05 10:48:57.399,0.85091,0.85102,1.12,1.12
2017.01.05 10:48:59.719,0.8509,0.85101,3.19,1.00
2017.01.05 10:49:00.352,0.8509,0.85098,1.69,1.00
2017.01.05 10:49:00.861,0.8509,0.85097,1.25,1.00
2017.01.05 10:49:02.379,0.85086,0.85096,1.00,1.00
2017.01.05 10:49:02.583,0.85089,0.85097,1.00,1.00
2017.01.05 10:49:02.837,0.8509,0.85099,1.25,1.00
2017.01.05 10:49:02.990,0.8509,0.85101,2.44,1.12
2017.01.05 10:49:03.402,0.85089,0.85099,1.12,1.12
2017.01.05 10:49:03.716,0.85088,0.85097,1.69,1.00
2017.01.05 10:49:04.021,0.85087,0.85095,1.00,1.00
2017.01.05 10:49:04.325,0.85088,0.85097,1.25,1.00
2017.01.05 10:49:04.437,0.8509,0.85097,1.25,1.00
2017.01.05 10:49:04.742,0.85088,0.85094,1.25,1.00
2017.01.05 10:49:05.041,0.85089,0.85096,1.25,1.00
2017.01.05 10:49:05.498,0.85086,0.85094,1.12,1.00
2017.01.05 10:49:05.600,0.85084,0.85093,1.87,1.00
2017.01.05 10:49:05.702,0.85082,0.85091,1.87,1.00
2017.01.05 10:49:06.231,0.85081,0.85091,1.00,1.00
2017.01.05 10:49:06.756,0.85082,0.85091,1.00,1.00
2017.01.05 10:49:08.432,0.85083,0.85091,1.00,1.00
2017.01.05 10:49:09.040,0.85081,0.85091,1.37,1.00
2017.01.05 10:49:09.812,0.85081,0.85091,1.00,1.00
2017.01.05 10:49:10.321,0.85082,0.85091,1.00,1.00
2017.01.05 10:49:11.134,0.85081,0.8509,1.00,1.00
2017.01.05 10:49:11.388,0.85083,0.85093,1.00,1.12
2017.01.05 10:49:11.540,0.85083,0.8509,1.00,1.25
2017.01.05 10:49:12.096,0.85082,0.8509,1.00,1.25
2017.01.05 10:49:13.053,0.85083,0.8509,1.00,1.25
2017.01.05 10:49:14.147,0.85083,0.85092,1.00,1.00
2017.01.05 10:49:14.669,0.85083,0.85093,1.00,1.69
2017.01.05 10:49:15.197,0.85082,0.85093,1.50,1.69
2017.01.05 10:49:15.485,0.85082,0.8509,1.00,1.00
2017.01.05 10:49:15.536,0.85082,0.85092,1.00,1.00
2017.01.05 10:49:16.275,0.85081,0.85089,1.00,1.00
2017.01.05 10:49:16.580,0.8508,0.85087,1.25,1.00
2017.01.05 10:49:16.631,0.8508,0.85089,1.25,1.00
2017.01.05 10:49:17.158,0.85077,0.85082,1.37,1.00
2017.01.05 10:49:17.210,0.85077,0.85084,1.37,1.00
2017.01.05 10:49:17.262,0.85076,0.85084,1.00,1.00
2017.01.05 10:49:17.415,0.85075,0.85086,1.87,1.00
2017.01.05 10:49:18.074,0.85074,0.85085,1.87,1.00
2017.01.05 10:49:18.266,0.85075,0.85083,1.00,1.00
2017.01.05 10:49:18.774,0.85074,0.85083,2.62,1.00
2017.01.05 10:49:19.948,0.85075,0.85084,1.00,1.00
2017.01.05 10:49:21.211,0.85074,0.85084,1.87,1.00
2017.01.05 10:49:21.670,0.85074,0.85084,2.25,1.00
2017.01.05 10:49:22.181,0.85075,0.85084,1.00,1.00
2017.01.05 10:49:24.945,0.85076,0.85084,1.00,1.00
2017.01.05 10:49:25.469,0.85074,0.85084,1.87,1.25
2017.01.05 10:49:25.520,0.85075,0.85084,1.37,1.25
2017.01.05 10:49:26.259,0.85075,0.85083,1.87,1.00
2017.01.05 10:49:26.871,0.85075,0.85084,2.25,1.69
2017.01.05 10:49:27.681,0.85075,0.85083,1.50,1.00
2017.01.05 10:49:28.810,0.85075,0.85084,1.00,1.69
2017.01.05 10:49:30.259,0.85075,0.85085,1.25,1.00
2017.01.05 10:49:30.588,0.85076,0.85083,1.37,1.00
2017.01.05 10:49:31.209,0.85076,0.85085,1.37,1.00
2017.01.05 10:49:35.857,0.85076,0.85085,1.87,1.00
2017.01.05 10:49:37.135,0.85078,0.85087,1.00,1.50
2017.01.05 10:49:37.287,0.85081,0.85091,1.87,1.12
2017.01.05 10:49:37.491,0.85079,0.85088,1.12,1.00
2017.01.05 10:49:37.997,0.85078,0.85087,1.50,1.25
2017.01.05 10:49:38.339,0.85079,0.85085,1.00,1.25
2017.01.05 10:49:38.739,0.8508,0.8509,1.00,1.00
2017.01.05 10:49:38.790,0.85081,0.8509,1.50,1.00
2017.01.05 10:49:39.044,0.85084,0.85094,1.00,1.12
2017.01.05 10:49:39.448,0.85084,0.85091,1.00,1.00
2017.01.05 10:49:40.213,0.85083,0.85091,1.00,1.00
2017.01.05 10:49:41.163,0.85084,0.85093,1.50,1.00
2017.01.05 10:49:41.332,0.85083,0.8509,1.12,1.00
2017.01.05 10:49:41.637,0.85076,0.85084,3.56,1.00
2017.01.05 10:49:42.077,0.8508,0.85088,1.00,1.00
2017.01.05 10:49:42.128,0.85082,0.85089,1.00,1.50
2017.01.05 10:49:42.280,0.85083,0.85091,2.81,1.12
2017.01.05 10:49:42.382,0.85083,0.85093,2.81,1.00
2017.01.05 10:49:42.857,0.85084,0.85091,1.12,1.00
2017.01.05 10:49:43.755,0.85083,0.85091,2.06,1.00
2017.01.05 10:49:45.539,0.85083,0.8509,1.00,1.00
2017.01.05 10:49:45.641,0.8508,0.8509,2.44,1.00
2017.01.05 10:49:45.696,0.8508,0.85088,2.44,1.00
2017.01.05 10:49:46.000,0.8508,0.85086,1.25,1.00
2017.01.05 10:49:46.254,0.8508,0.85089,1.69,1.00
2017.01.05 10:49:46.602,0.85082,0.85091,1.87,1.00
2017.01.05 10:49:47.110,0.85082,0.8509,1.87,1.00
2017.01.05 10:49:48.380,0.85081,0.8509,1.00,1.00
2017.01.05 10:49:48.684,0.85081,0.85087,1.00,1.00
2017.01.05 10:49:49.186,0.8508,0.85087,1.50,1.00
2017.01.05 10:49:50.334,0.8508,0.85089,1.50,1.00
2017.01.05 10:49:50.820,0.8508,0.85087,1.50,1.00
2017.01.05 10:49:51.200,0.85078,0.85085,1.50,1.00
2017.01.05 10:49:51.415,0.85076,0.85084,1.00,1.00
2017.01.05 10:49:51.619,0.85076,0.85082,1.00,1.00
2017.01.05 10:49:52.149,0.85075,0.85082,1.00,1.00
2017.01.05 10:49:53.049,0.85074,0.85082,2.25,1.00
2017.01.05 10:49:53.993,0.85074,0.85081,2.25,1.00
2017.01.05 10:49:54.607,0.85074,0.85083,1.50,1.00
2017.01.05 10:49:55.109,0.85074,0.85082,1.50,1.00
2017.01.05 10:49:55.211,0.85074,0.85084,1.50,1.69
2017.01.05 10:49:55.566,0.85074,0.85082,1.00,1.00
2017.01.05 10:49:55.871,0.85074,0.85079,1.00,1.25
2017.01.05 10:49:55.922,0.85071,0.85079,1.00,1.25
2017.01.05 10:49:56.424,0.8507,0.85079,1.00,1.00
2017.01.05 10:49:56.971,0.85069,0.85078,1.00,1.00
2017.01.05 10:49:57.477,0.85069,0.85077,1.00,1.00
2017.01.05 10:49:59.163,0.85069,0.8508,1.00,1.12
2017.01.05 10:49:59.665,0.85069,0.85079,1.00,1.00
2017.01.05 10:50:00.192,0.8507,0.85079,1.00,1.00
2017.01.05 10:50:00.820,0.85069,0.85079,1.87,1.00
2017.01.05 10:50:01.319,0.85069,0.85075,1.50,1.25
2017.01.05 10:50:01.370,0.85071,0.8508,1.00,1.50
2017.01.05 10:50:01.624,0.85073,0.85079,1.00,1.25
2017.01.05 10:50:01.725,0.85073,0.85082,1.00,1.00
2017.01.05 10:50:02.550,0.85073,0.85083,1.50,1.00
2017.01.05 10:50:03.105,0.85073,0.85082,1.00,1.00
2017.01.05 10:50:04.281,0.85073,0.8508,1.00,1.00
2017.01.05 10:50:05.773,0.85073,0.85081,1.00,1.00
2017.01.05 10:50:06.729,0.85073,0.85083,1.50,1.50
2017.01.05 10:50:10.927,0.85073,0.85082,1.00,1.69
2017.01.05 10:50:12.705,0.85073,0.85081,1.00,1.69
2017.01.05 10:50:13.010,0.85072,0.85083,3.19,1.00
2017.01.05 10:50:13.264,0.85073,0.8508,1.00,1.00
2017.01.05 10:50:14.122,0.8507,0.85078,1.00,1.00
2017.01.05 10:50:14.375,0.85071,0.8508,1.00,1.00
2017.01.05 10:50:14.881,0.85071,0.85079,1.00,1.00
2017.01.05 10:50:16.386,0.85071,0.8508,1.50,1.00
2017.01.05 10:50:16.950,0.85071,0.85079,1.00,1.00
2017.01.05 10:50:17.480,0.8507,0.85079,1.00,1.00
2017.01.05 10:50:17.632,0.8507,0.85076,1.00,1.00
2017.01.05 10:50:17.683,0.85067,0.85076,2.62,1.00
2017.01.05 10:50:18.561,0.85067,0.85076,1.50,1.00
2017.01.05 10:50:19.299,0.85068,0.85076,1.00,1.00
2017.01.05 10:50:20.978,0.85067,0.85076,1.69,1.00
2017.01.05 10:50:21.559,0.85067,0.85077,1.00,1.00
2017.01.05 10:50:22.122,0.85067,0.85076,1.00,1.00
2017.01.05 10:50:22.655,0.85067,0.85077,1.00,1.00
2017.01.05 10:50:23.238,0.85067,0.85076,1.00,1.00
2017.01.05 10:50:25.325,0.85067,0.85074,1.00,1.00
2017.01.05 10:50:25.477,0.85065,0.85074,1.00,1.00
2017.01.05 10:50:26.036,0.85065,0.85075,1.00,1.00
2017.01.05 10:50:26.554,0.85064,0.85075,1.50,1.00
2017.01.05 10:50:27.223,0.85064,0.85073,1.50,1.00
2017.01.05 10:50:27.530,0.85063,0.85071,1.00,1.25
2017.01.05 10:50:29.453,0.85064,0.85073,1.00,1.00
2017.01.05 10:50:29.504,0.85065,0.85075,1.00,2.81
2017.01.05 10:50:29.758,0.85065,0.85073,1.00,1.00
2017.01.05 10:50:30.065,0.85065,0.85075,1.00,2.81
2017.01.05 10:50:30.335,0.85067,0.85075,1.00,1.69
2017.01.05 10:50:31.902,0.85067,0.85076,1.00,1.69
2017.01.05 10:50:32.274,0.85065,0.85076,2.25,1.69
2017.01.05 10:50:32.523,0.85065,0.85072,1.50,1.25
2017.01.05 10:50:33.032,0.85063,0.85072,1.50,1.25
2017.01.05 10:50:33.455,0.85065,0.85074,1.00,1.00
2017.01.05 10:50:33.987,0.85065,0.85073,1.00,1.00
2017.01.05 10:50:34.526,0.85065,0.85076,1.50,2.81
2017.01.05 10:50:35.139,0.85066,0.85076,1.00,1.31
2017.01.05 10:50:35.292,0.85069,0.8508,1.50,1.12
2017.01.05 10:50:35.394,0.85069,0.85078,2.25,1.00
2017.01.05 10:50:35.648,0.8507,0.8508,2.25,1.00
2017.01.05 10:50:35.851,0.8507,0.85078,1.50,1.00
2017.01.05 10:50:35.953,0.85068,0.85077,1.12,1.00
2017.01.05 10:50:36.387,0.85066,0.85076,1.12,1.00
2017.01.05 10:50:36.897,0.85068,0.85076,1.50,1.25
2017.01.05 10:50:37.404,0.85068,0.85075,1.00,1.00
2017.01.05 10:50:40.589,0.85072,0.85076,1.00,1.31
2017.01.05 10:50:40.843,0.85075,0.85079,1.00,1.12
2017.01.05 10:50:40.894,0.85075,0.8508,1.00,1.69
2017.01.05 10:50:41.038,0.85079,0.85084,1.00,2.81
2017.01.05 10:50:41.140,0.8508,0.85084,1.00,2.00
2017.01.05 10:50:41.648,0.85081,0.85085,1.00,1.25
2017.01.05 10:50:41.851,0.8508,0.85087,1.00,2.44
2017.01.05 10:50:42.663,0.85079,0.85087,1.00,2.44
2017.01.05 10:50:43.209,0.8508,0.85087,1.00,1.69
2017.01.05 10:50:44.275,0.85081,0.85087,1.00,1.00
2017.01.05 10:50:44.531,0.85083,0.85088,1.00,1.37
2017.01.05 10:50:44.632,0.85083,0.85091,1.00,1.00
2017.01.05 10:50:45.010,0.85086,0.85092,1.00,1.25
2017.01.05 10:50:45.213,0.85088,0.85097,1.00,3.56
2017.01.05 10:50:45.725,0.85089,0.85097,1.00,1.31
2017.01.05 10:50:47.224,0.85087,0.85097,1.00,1.31
2017.01.05 10:50:47.741,0.85088,0.85097,1.00,2.37
2017.01.05 10:50:52.329,0.8509,0.85097,1.00,1.62
2017.01.05 10:50:52.837,0.85089,0.85097,1.00,1.25
2017.01.05 10:50:56.053,0.85089,0.85096,1.00,1.00
2017.01.05 10:50:56.155,0.85087,0.85096,1.00,1.00
2017.01.05 10:50:56.661,0.85088,0.85095,1.00,1.00
2017.01.05 10:50:57.959,0.85088,0.85096,1.00,1.00
2017.01.05 10:50:58.486,0.8509,0.85097,1.00,2.44
2017.01.05 10:50:58.588,0.85087,0.85097,1.00,2.44
2017.01.05 10:50:59.130,0.85088,0.85096,1.00,1.00
2017.01.05 10:50:59.644,0.85087,0.85096,1.00,1.00
2017.01.05 10:51:00.020,0.8509,0.85097,1.00,2.44
2017.01.05 10:51:00.455,0.85088,0.85097,1.00,1.00
2017.01.05 10:51:00.969,0.85088,0.85097,1.00,1.50
2017.01.05 10:51:01.487,0.85089,0.85097,1.00,1.50
2017.01.05 10:51:01.690,0.85088,0.85099,1.00,1.87
2017.01.05 10:51:01.742,0.8509,0.851,1.00,2.81
2017.01.05 10:51:02.049,0.85089,0.85097,1.00,1.00
2017.01.05 10:51:02.150,0.85087,0.85097,1.00,1.50
2017.01.05 10:51:02.252,0.85089,0.85097,1.00,1.50
2017.01.05 10:51:02.760,0.85088,0.85097,1.00,1.12
2017.01.05 10:51:04.559,0.85088,0.85096,1.00,1.00
2017.01.05 10:51:04.863,0.85087,0.85092,1.00,1.25
2017.01.05 10:51:04.966,0.85089,0.85095,1.00,1.25
2017.01.05 10:51:05.370,0.85091,0.85095,1.00,1.25
2017.01.05 10:51:06.491,0.85089,0.85093,1.00,1.25
2017.01.05 10:51:06.543,0.8509,0.85097,1.00,1.62
2017.01.05 10:51:06.696,0.85088,0.85095,1.00,1.25
2017.01.05 10:51:07.544,0.85089,0.85095,1.00,1.25
2017.01.05 10:51:09.397,0.8509,0.85095,1.00,1.25
2017.01.05 10:51:11.265,0.85089,0.85095,1.00,1.25
2017.01.05 10:51:11.420,0.85091,0.85095,1.00,1.25
2017.01.05 10:51:11.923,0.8509,0.85095,1.00,1.25
2017.01.05 10:51:12.284,0.8509,0.851,1.00,2.06
2017.01.05 10:51:13.166,0.85089,0.851,1.00,3.56
2017.01.05 10:51:13.708,0.85089,0.85099,1.00,1.00
2017.01.05 10:51:14.005,0.85089,0.85099,1.00,2.81
2017.01.05 10:51:14.607,0.85088,0.85099,1.00,3.94
2017.01.05 10:51:14.759,0.85088,0.85099,1.00,3.94
2017.01.05 10:51:15.040,0.8509,0.85099,1.00,2.44
2017.01.05 10:51:15.946,0.85092,0.85099,1.00,1.25
2017.01.05 10:51:16.048,0.85094,0.85102,1.00,1.00
2017.01.05 10:51:16.151,0.85097,0.85103,1.00,1.62
2017.01.05 10:51:16.303,0.85095,0.85103,1.00,1.25
2017.01.05 10:51:16.354,0.85093,0.85101,1.00,1.00
2017.01.05 10:51:16.507,0.8509,0.851,2.25,1.25
2017.01.05 10:51:16.558,0.85092,0.851,1.00,1.69
2017.01.05 10:51:17.169,0.85092,0.851,1.00,1.25
2017.01.05 10:51:17.996,0.85091,0.851,1.00,1.69
2017.01.05 10:51:18.351,0.85093,0.851,1.00,1.31
2017.01.05 10:51:18.871,0.85094,0.851,1.00,1.25
2017.01.05 10:51:19.509,0.85094,0.85103,1.00,1.31
2017.01.05 10:51:19.611,0.85096,0.85102,1.00,1.25
2017.01.05 10:51:20.385,0.85095,0.85102,1.00,1.25
2017.01.05 10:51:20.989,0.85096,0.85102,1.00,1.25
2017.01.05 10:51:21.728,0.85096,0.85104,1.00,1.25
2017.01.05 10:51:22.248,0.85098,0.85104,1.00,1.25
2017.01.05 10:51:22.553,0.851,0.85106,1.00,1.25
2017.01.05 10:51:23.107,0.85101,0.85107,1.00,1.31
2017.01.05 10:51:23.159,0.851,0.85109,1.00,2.25
2017.01.05 10:51:23.463,0.85103,0.8511,1.00,1.69
2017.01.05 10:51:23.769,0.85101,0.8511,1.00,1.69
2017.01.05 10:51:24.653,0.85102,0.8511,1.00,1.69
2017.01.05 10:51:26.909,0.85099,0.85109,1.50,1.37
2017.01.05 10:51:27.227,0.85099,0.85105,1.00,1.25
2017.01.05 10:51:27.733,0.851,0.85105,1.00,1.25
2017.01.05 10:51:28.606,0.85101,0.85105,1.00,1.25
2017.01.05 10:51:28.657,0.85097,0.85106,1.50,1.19
2017.01.05 10:51:28.759,0.85094,0.85103,1.50,1.69
2017.01.05 10:51:28.911,0.85092,0.85102,1.87,1.00
2017.01.05 10:51:29.426,0.85092,0.85103,1.12,2.44
2017.01.05 10:51:29.975,0.85093,0.85103,1.00,1.25
2017.01.05 10:51:30.077,0.85096,0.85103,1.00,1.25
2017.01.05 10:51:32.194,0.85095,0.85104,1.50,1.00
2017.01.05 10:51:32.346,0.85095,0.85106,1.00,1.00
2017.01.05 10:51:32.865,0.85097,0.85107,1.62,2.25
2017.01.05 10:51:32.916,0.85098,0.85109,2.81,2.62
2017.01.05 10:51:32.968,0.851,0.85108,1.00,1.62
2017.01.05 10:51:33.019,0.851,0.85109,1.50,1.12
2017.01.05 10:51:33.663,0.85101,0.8511,1.00,2.06
2017.01.05 10:51:37.064,0.85101,0.8511,1.00,2.44
2017.01.05 10:51:40.125,0.85101,0.8511,1.00,2.44
2017.01.05 10:51:40.328,0.85103,0.8511,1.00,1.25
2017.01.05 10:51:40.481,0.85101,0.8511,2.62,1.25
2017.01.05 10:51:41.207,0.851,0.8511,1.00,1.69
2017.01.05 10:51:42.105,0.851,0.85108,1.00,1.00
2017.01.05 10:51:42.640,0.85099,0.85108,1.12,1.00
2017.01.05 10:51:43.192,0.85099,0.85108,1.37,1.00
2017.01.05 10:51:43.743,0.85099,0.85109,1.87,1.31
2017.01.05 10:51:44.246,0.85099,0.85108,1.87,1.00
2017.01.05 10:51:44.792,0.85099,0.85109,1.87,1.25
2017.01.05 10:51:45.487,0.85099,0.85109,1.87,1.69
2017.01.05 10:51:46.755,0.85099,0.85109,2.62,2.06
2017.01.05 10:51:47.251,0.85099,0.8511,1.87,2.44
2017.01.05 10:51:47.784,0.851,0.8511,2.25,2.06
2017.01.05 10:51:48.440,0.85099,0.85109,1.87,1.00
2017.01.05 10:51:48.592,0.851,0.85109,2.62,1.00
2017.01.05 10:51:49.096,0.851,0.85109,3.37,1.00
2017.01.05 10:51:49.615,0.851,0.85109,2.25,1.00
2017.01.05 10:51:50.148,0.85101,0.8511,1.00,1.00
2017.01.05 10:51:50.657,0.85099,0.85108,2.25,1.00
2017.01.05 10:51:50.871,0.851,0.8511,1.12,1.00
2017.01.05 10:51:51.183,0.85098,0.85108,2.25,1.00
2017.01.05 10:51:51.503,0.85098,0.85102,1.00,1.25
2017.01.05 10:51:51.605,0.85096,0.85102,1.50,1.25
2017.01.05 10:51:51.707,0.85099,0.85105,1.00,1.00
2017.01.05 10:51:51.758,0.85101,0.85109,1.81,1.87
2017.01.05 10:51:51.860,0.85103,0.85111,1.00,3.37
2017.01.05 10:51:51.962,0.85102,0.85112,1.50,1.69
2017.01.05 10:51:52.524,0.85101,0.8511,1.00,1.25
2017.01.05 10:51:52.828,0.85101,0.85112,1.00,1.50
2017.01.05 10:51:52.930,0.85101,0.85111,1.00,1.37
2017.01.05 10:51:53.438,0.85102,0.85113,1.50,2.06
2017.01.05 10:51:53.703,0.85102,0.85111,1.50,1.00
2017.01.05 10:51:54.581,0.85102,0.85112,1.50,1.50
2017.01.05 10:51:54.928,0.85121,0.8513,1.00,3.75
2017.01.05 10:51:54.979,0.85123,0.85131,1.00,1.31
2017.01.05 10:51:55.081,0.85121,0.85129,1.12,1.25
2017.01.05 10:51:55.132,0.85121,0.85132,1.00,2.25
2017.01.05 10:51:55.234,0.85118,0.85129,1.50,1.00
2017.01.05 10:51:55.453,0.8512,0.85129,1.00,1.00
2017.01.05 10:51:56.105,0.85118,0.85129,1.00,1.12
2017.01.05 10:51:57.369,0.85117,0.85127,1.00,1.25
2017.01.05 10:51:57.919,0.85116,0.85124,1.12,1.25
2017.01.05 10:51:58.192,0.85115,0.85126,1.12,1.69
2017.01.05 10:51:58.293,0.85115,0.85126,1.00,1.62
2017.01.05 10:51:58.602,0.85116,0.85122,1.00,1.25
2017.01.05 10:51:58.805,0.85117,0.85124,1.00,1.25
2017.01.05 10:51:59.110,0.85114,0.85123,1.12,1.25
2017.01.05 10:51:59.851,0.85114,0.85124,1.00,1.25
2017.01.05 10:51:59.954,0.85117,0.85124,1.00,1.25
2017.01.05 10:52:00.157,0.85116,0.85127,1.00,1.25
2017.01.05 10:52:00.512,0.85118,0.85127,1.00,1.25
2017.01.05 10:52:00.614,0.85118,0.85129,1.00,1.00
2017.01.05 10:52:00.665,0.85119,0.85129,1.37,1.00
2017.01.05 10:52:00.914,0.85117,0.85127,1.50,1.00
2017.01.05 10:52:01.282,0.8512,0.85131,1.00,3.00
2017.01.05 10:52:01.333,0.8512,0.85131,1.00,1.87
2017.01.05 10:52:01.436,0.85122,0.85131,1.00,4.31
2017.01.05 10:52:01.741,0.85118,0.85129,1.69,1.00
2017.01.05 10:52:01.793,0.85121,0.85131,1.00,2.06
2017.01.05 10:52:02.144,0.85124,0.85131,1.00,1.00
2017.01.05 10:52:02.397,0.85122,0.85131,1.12,1.00
2017.01.05 10:52:02.904,0.85121,0.85132,1.87,1.00
2017.01.05 10:52:03.423,0.8512,0.85131,1.87,1.00
2017.01.05 10:52:03.931,0.85121,0.85131,1.50,1.00
2017.01.05 10:52:04.085,0.8512,0.8513,1.12,1.25
2017.01.05 10:52:04.595,0.85121,0.8513,1.00,1.69
2017.01.05 10:52:04.850,0.85119,0.85126,1.75,1.25
2017.01.05 10:52:04.953,0.85116,0.85124,1.37,1.00
2017.01.05 10:52:05.004,0.85116,0.85124,1.00,1.12
2017.01.05 10:52:05.158,0.85113,0.85124,1.87,1.00
2017.01.05 10:52:05.413,0.85115,0.85126,1.00,1.00
2017.01.05 10:52:05.949,0.85116,0.85126,1.00,1.00
2017.01.05 10:52:06.255,0.8512,0.8513,1.69,1.12
2017.01.05 10:52:06.560,0.85125,0.85132,1.62,1.00
2017.01.05 10:52:06.713,0.85122,0.85132,1.69,1.00
2017.01.05 10:52:06.865,0.85126,0.85134,1.00,1.00
2017.01.05 10:52:07.018,0.85124,0.85135,1.00,1.69
2017.01.05 10:52:07.070,0.85122,0.85131,2.25,1.69
2017.01.05 10:52:07.409,0.85121,0.85128,1.00,1.25
2017.01.05 10:52:07.712,0.85121,0.85132,1.00,2.25
2017.01.05 10:52:07.967,0.85124,0.85132,1.00,1.00
2017.01.05 10:52:08.068,0.85122,0.85132,1.00,1.00
2017.01.05 10:52:08.221,0.85124,0.85132,1.00,1.00
2017.01.05 10:52:08.777,0.85123,0.85132,1.00,1.50
2017.01.05 10:52:09.934,0.85122,0.85133,1.12,1.50
2017.01.05 10:52:10.493,0.85123,0.85133,1.00,1.00
2017.01.05 10:52:11.145,0.85124,0.85133,1.00,1.00
2017.01.05 10:52:11.652,0.85125,0.85133,1.12,1.25
2017.01.05 10:52:11.833,0.85124,0.85135,1.00,1.05
2017.01.05 10:52:12.448,0.85126,0.85135,1.00,1.00
2017.01.05 10:52:15.728,0.85127,0.85135,1.00,1.25
2017.01.05 10:52:16.278,0.85125,0.85136,1.87,1.09
2017.01.05 10:52:17.210,0.85125,0.85136,1.87,1.09
2017.01.05 10:52:17.745,0.85125,0.85136,1.87,1.08
2017.01.05 10:52:20.061,0.85126,0.85136,1.00,1.08
2017.01.05 10:52:20.214,0.85129,0.85137,1.00,1.00
2017.01.05 10:52:20.747,0.8513,0.85137,1.00,1.25
2017.01.05 10:52:23.435,0.8513,0.8514,1.50,1.62
2017.01.05 10:52:23.979,0.8513,0.85138,1.50,1.25
2017.01.05 10:52:24.182,0.85133,0.85139,1.00,1.25
2017.01.05 10:52:24.584,0.85131,0.85139,1.00,1.25
2017.01.05 10:52:25.985,0.85129,0.85139,2.62,1.25
2017.01.05 10:52:26.138,0.85127,0.85138,1.00,1.69
2017.01.05 10:52:26.341,0.85129,0.85138,1.00,1.25
2017.01.05 10:52:26.682,0.85127,0.85135,1.00,1.25
2017.01.05 10:52:26.733,0.85127,0.85138,1.00,1.12
2017.01.05 10:52:27.244,0.85129,0.85138,1.00,1.00
2017.01.05 10:52:27.295,0.85127,0.85138,1.69,1.50
2017.01.05 10:52:27.560,0.85127,0.85136,1.00,1.00
2017.01.05 10:52:27.712,0.85125,0.85136,1.00,1.87
2017.01.05 10:52:28.261,0.85124,0.85135,1.69,1.00
2017.01.05 10:52:28.464,0.85126,0.85137,1.00,2.81
2017.01.05 10:52:29.009,0.85126,0.85137,1.00,1.69
2017.01.05 10:52:29.314,0.85124,0.85135,1.50,1.37
2017.01.05 10:52:30.132,0.85124,0.85135,1.12,1.12
2017.01.05 10:52:30.434,0.85123,0.85133,1.87,2.06
2017.01.05 10:52:30.971,0.85123,0.85133,1.12,1.31
2017.01.05 10:52:31.495,0.85122,0.85133,1.50,1.69
2017.01.05 10:52:31.902,0.85125,0.85133,1.00,1.25
2017.01.05 10:52:32.055,0.85123,0.85133,1.00,1.25
2017.01.05 10:52:32.259,0.85124,0.85135,1.00,2.25
2017.01.05 10:52:32.763,0.85125,0.85135,1.00,1.12
2017.01.05 10:52:32.865,0.85131,0.85136,1.00,2.25
2017.01.05 10:52:33.485,0.85129,0.85134,1.00,1.25
2017.01.05 10:52:33.994,0.8513,0.85134,1.00,2.44
2017.01.05 10:52:34.096,0.85127,0.85131,1.00,1.25
2017.01.05 10:52:34.409,0.85129,0.85133,1.00,1.25
2017.01.05 10:52:34.853,0.8513,0.85135,1.00,1.69
2017.01.05 10:52:34.955,0.85129,0.85133,1.00,1.25
2017.01.05 10:52:35.569,0.85131,0.85136,1.00,3.19
2017.01.05 10:52:35.928,0.85128,0.85135,1.00,2.44
2017.01.05 10:52:36.072,0.85128,0.85133,1.00,1.12
2017.01.05 10:52:36.908,0.8513,0.85134,1.00,1.12
2017.01.05 10:52:36.959,0.8513,0.85136,1.00,2.06
2017.01.05 10:52:37.523,0.85131,0.85136,1.00,1.31
2017.01.05 10:52:37.827,0.85133,0.85137,1.00,1.69
2017.01.05 10:52:38.835,0.85134,0.85138,1.00,1.31
2017.01.05 10:52:38.987,0.85139,0.85143,1.00,1.25
2017.01.05 10:52:39.038,0.8514,0.85145,1.00,1.12
2017.01.05 10:52:39.139,0.85139,0.85145,1.00,1.25
2017.01.05 10:52:39.190,0.85137,0.85145,1.50,2.00
2017.01.05 10:52:39.704,0.85139,0.85146,1.00,2.62
2017.01.05 10:52:40.008,0.8514,0.85146,1.00,1.00
2017.01.05 10:52:42.051,0.85138,0.85146,1.00,1.50
2017.01.05 10:52:42.575,0.85141,0.85146,1.00,1.50
2017.01.05 10:52:42.728,0.85146,0.85153,1.00,2.44
2017.01.05 10:52:42.881,0.85144,0.85153,1.00,2.44
2017.01.05 10:52:42.932,0.85144,0.85151,1.00,1.25
2017.01.05 10:52:43.439,0.85146,0.85151,1.00,1.69
2017.01.05 10:52:44.021,0.85144,0.85151,1.00,1.69
2017.01.05 10:52:44.173,0.85142,0.85151,1.00,1.69
2017.01.05 10:52:47.008,0.85142,0.85152,1.00,1.12
2017.01.05 10:52:47.160,0.85142,0.85152,1.00,1.50
2017.01.05 10:52:47.565,0.85141,0.85152,1.00,2.62
2017.01.05 10:52:48.077,0.8514,0.85151,1.00,1.00
2017.01.05 10:52:48.588,0.85141,0.85152,1.00,2.62
2017.01.05 10:52:49.556,0.85141,0.85151,1.00,1.00
2017.01.05 10:52:50.144,0.85142,0.85152,1.00,1.12
2017.01.05 10:52:50.674,0.85142,0.85151,1.00,1.69
2017.01.05 10:52:51.186,0.85141,0.8515,1.00,2.44
2017.01.05 10:52:51.651,0.85144,0.8515,1.00,1.00
2017.01.05 10:52:51.702,0.85144,0.85152,1.00,1.69
2017.01.05 10:52:52.526,0.85141,0.85148,1.00,1.25
2017.01.05 10:52:52.870,0.85136,0.85141,1.00,1.25
2017.01.05 10:52:53.347,0.85134,0.85141,1.00,1.25
2017.01.05 10:52:54.003,0.85134,0.85143,1.12,1.25
2017.01.05 10:52:54.307,0.85137,0.85144,1.00,1.25
2017.01.05 10:52:54.838,0.85138,0.85144,1.00,1.25
2017.01.05 10:52:56.748,0.85137,0.85141,1.00,1.25
2017.01.05 10:52:56.953,0.85135,0.85142,1.00,1.25
2017.01.05 10:52:57.055,0.85135,0.8514,1.00,1.25
2017.01.05 10:52:57.207,0.85133,0.8514,1.50,1.25
2017.01.05 10:52:58.086,0.85133,0.85141,1.00,1.25
2017.01.05 10:52:58.639,0.85132,0.8514,1.12,1.25
2017.01.05 10:52:58.741,0.8513,0.8514,1.50,1.69
2017.01.05 10:52:59.163,0.85132,0.8514,1.00,1.31
2017.01.05 10:53:01.223,0.85131,0.8514,1.00,2.06
2017.01.05 10:53:01.425,0.85129,0.8514,1.00,2.06
2017.01.05 10:53:01.729,0.85127,0.85138,1.12,1.00
2017.01.05 10:53:01.831,0.85126,0.85136,1.50,1.25
2017.01.05 10:53:02.134,0.85129,0.85136,1.00,1.25
2017.01.05 10:53:02.491,0.85132,0.8514,1.00,2.06
2017.01.05 10:53:02.542,0.85132,0.8514,1.00,1.31
2017.01.05 10:53:02.643,0.8513,0.8514,1.00,1.31
2017.01.05 10:53:02.694,0.8513,0.85137,1.00,1.25
2017.01.05 10:53:03.100,0.85129,0.85135,1.00,1.25
2017.01.05 10:53:03.617,0.85128,0.85134,1.00,1.25
2017.01.05 10:53:03.770,0.85124,0.85132,1.00,1.25
2017.01.05 10:53:03.821,0.85122,0.85132,1.50,1.25
2017.01.05 10:53:04.425,0.85122,0.85133,1.12,1.00
2017.01.05 10:53:04.628,0.85123,0.85133,1.37,1.50
2017.01.05 10:53:05.157,0.85123,0.85133,1.00,2.25
2017.01.05 10:53:05.462,0.85127,0.85136,1.00,1.50
2017.01.05 10:53:05.810,0.85127,0.85134,1.00,1.31
2017.01.05 10:53:06.444,0.85125,0.85133,1.00,1.25
2017.01.05 10:53:06.799,0.85128,0.85135,1.00,1.62
2017.01.05 10:53:07.309,0.85128,0.85135,1.00,1.25
2017.01.05 10:53:11.858,0.85124,0.8513,1.00,1.25
2017.01.05 10:53:11.909,0.85123,0.85132,1.12,1.25
2017.01.05 10:53:11.960,0.85125,0.85132,1.00,1.25
2017.01.05 10:53:12.142,0.8512,0.85131,1.00,3.00
2017.01.05 10:53:12.648,0.8512,0.8513,1.00,2.06
2017.01.05 10:53:13.220,0.8512,0.85128,1.00,1.25
2017.01.05 10:53:13.565,0.85118,0.85125,1.00,1.25
2017.01.05 10:53:14.076,0.85119,0.85125,1.00,1.25
2017.01.05 10:53:14.229,0.85119,0.85128,1.00,1.25
2017.01.05 10:53:14.533,0.85119,0.85126,1.00,1.62
2017.01.05 10:53:14.634,0.85119,0.85126,1.00,1.25
2017.01.05 10:53:15.178,0.85119,0.85126,1.00,2.44
2017.01.05 10:53:15.469,0.85117,0.85126,1.00,1.69
2017.01.05 10:53:16.392,0.85118,0.85126,1.00,1.69
2017.01.05 10:53:16.746,0.85119,0.85127,1.00,1.00
2017.01.05 10:53:16.797,0.85121,0.85129,1.00,2.25
2017.01.05 10:53:17.101,0.85123,0.8513,1.00,1.25
2017.01.05 10:53:17.933,0.85123,0.85132,1.00,2.06
2017.01.05 10:53:18.035,0.85121,0.85131,1.00,1.12
2017.01.05 10:53:18.141,0.85121,0.8513,1.00,1.50
2017.01.05 10:53:18.243,0.85122,0.85131,1.00,1.50
2017.01.05 10:53:18.346,0.85125,0.85131,1.00,2.06
2017.01.05 10:53:18.451,0.85125,0.85131,1.00,1.31
2017.01.05 10:53:18.503,0.85123,0.85131,1.00,1.31
2017.01.05 10:53:19.256,0.85122,0.85131,1.00,1.31
2017.01.05 10:53:19.724,0.85121,0.85129,1.00,1.25
2017.01.05 10:53:20.029,0.85118,0.85127,1.00,1.25
2017.01.05 10:53:20.544,0.85119,0.85127,1.00,1.25
2017.01.05 10:53:21.687,0.85121,0.85129,1.00,1.00
2017.01.05 10:53:21.992,0.85121,0.85126,1.00,1.25
2017.01.05 10:53:22.043,0.85122,0.85128,1.00,1.25
2017.01.05 10:53:22.145,0.85123,0.8513,1.00,1.00
2017.01.05 10:53:22.297,0.85125,0.85131,1.00,1.31
2017.01.05 10:53:22.602,0.85125,0.85129,1.00,1.25
2017.01.05 10:53:23.344,0.85122,0.85127,1.00,1.25
2017.01.05 10:53:23.699,0.85124,0.85131,1.00,1.31
2017.01.05 10:53:24.605,0.85126,0.85133,1.00,1.12
2017.01.05 10:53:24.707,0.85126,0.85136,1.00,2.81
2017.01.05 10:53:24.809,0.85128,0.85136,1.00,1.31
2017.01.05 10:53:25.451,0.85127,0.85136,1.00,2.06
2017.01.05 10:53:25.868,0.85125,0.85135,1.00,1.25
2017.01.05 10:53:26.418,0.85126,0.85135,1.00,1.25
2017.01.05 10:53:27.067,0.85125,0.85134,1.00,1.00
2017.01.05 10:53:28.051,0.85126,0.85135,1.00,3.94
2017.01.05 10:53:29.059,0.85127,0.85134,1.00,1.87
2017.01.05 10:53:29.628,0.85127,0.85134,1.00,1.00
2017.01.05 10:53:34.661,0.85125,0.85135,1.00,1.37
2017.01.05 10:53:36.250,0.85125,0.85136,1.00,3.94
2017.01.05 10:53:37.219,0.85125,0.85135,1.00,1.00
2017.01.05 10:53:37.455,0.85127,0.85134,1.00,1.00
2017.01.05 10:53:37.557,0.85127,0.85136,1.00,1.12
2017.01.05 10:53:39.484,0.85125,0.85136,2.25,1.25
2017.01.05 10:53:40.031,0.85125,0.85136,1.50,1.69
2017.01.05 10:53:42.162,0.85123,0.85134,2.25,1.50
2017.01.05 10:53:42.314,0.85119,0.85131,2.25,1.50
2017.01.05 10:53:42.416,0.85119,0.85128,1.00,1.00
2017.01.05 10:53:42.570,0.85119,0.8513,1.00,1.00
2017.01.05 10:53:43.077,0.85119,0.8513,1.37,1.00
2017.01.05 10:53:43.617,0.85119,0.8513,1.00,1.00
2017.01.05 10:53:44.434,0.8512,0.8513,1.00,1.00
2017.01.05 10:53:46.830,0.85119,0.8513,1.87,1.00
2017.01.05 10:53:48.709,0.85118,0.8513,1.50,1.12
2017.01.05 10:53:49.828,0.85118,0.8513,1.87,1.00
2017.01.05 10:53:50.560,0.85118,0.8513,1.50,1.00
2017.01.05 10:53:52.141,0.85118,0.8513,1.87,1.00
2017.01.05 10:53:52.643,0.85118,0.8513,1.50,1.00
2017.01.05 10:53:53.197,0.85118,0.85129,1.00,1.50
2017.01.05 10:53:53.714,0.85119,0.8513,1.00,1.00
2017.01.05 10:53:54.092,0.85121,0.85131,1.00,1.69
2017.01.05 10:53:54.446,0.8512,0.85131,1.00,1.62
2017.01.05 10:53:54.746,0.85114,0.85124,1.00,1.69
2017.01.05 10:53:55.202,0.85115,0.85126,1.00,1.69
2017.01.05 10:53:55.708,0.85114,0.85125,1.00,1.25
2017.01.05 10:53:56.831,0.85115,0.85125,1.00,1.25
2017.01.05 10:53:57.259,0.85113,0.85123,1.50,1.25
2017.01.05 10:53:57.563,0.85115,0.85124,1.50,1.25
2017.01.05 10:53:58.969,0.85114,0.85124,1.00,1.25
2017.01.05 10:53:59.587,0.85113,0.85121,1.00,1.25
2017.01.05 10:53:59.844,0.85111,0.85121,1.00,1.31
2017.01.05 10:54:00.828,0.85112,0.85121,1.00,1.31
2017.01.05 10:54:01.366,0.85113,0.85121,1.00,1.25
2017.01.05 10:54:01.933,0.85112,0.85121,1.00,1.25
2017.01.05 10:54:04.136,0.85113,0.85121,1.00,1.25
2017.01.05 10:54:04.187,0.85112,0.85123,1.00,1.69
2017.01.05 10:54:04.380,0.85117,0.85125,1.50,3.19
2017.01.05 10:54:04.584,0.85119,0.8513,1.00,1.69
2017.01.05 10:54:05.141,0.85121,0.8513,1.00,1.25
2017.01.05 10:54:05.496,0.85121,0.85128,1.00,1.25
2017.01.05 10:54:05.837,0.85119,0.85126,1.00,1.25
2017.01.05 10:54:05.888,0.85119,0.85129,1.00,1.69
2017.01.05 10:54:06.394,0.85117,0.85129,2.25,1.69
2017.01.05 10:54:06.445,0.85117,0.85124,1.50,1.25
2017.01.05 10:54:06.699,0.85112,0.8512,1.87,1.25
2017.01.05 10:54:07.107,0.85115,0.85121,1.00,1.25
2017.01.05 10:54:07.217,0.85115,0.85125,1.00,1.00
2017.01.05 10:54:07.269,0.85113,0.85121,1.87,1.25
2017.01.05 10:54:07.422,0.85114,0.85126,1.50,1.00
2017.01.05 10:54:07.524,0.85113,0.85124,1.87,1.00
2017.01.05 10:54:07.829,0.85111,0.85121,1.50,1.69
2017.01.05 10:54:08.134,0.85114,0.85125,1.50,1.12
2017.01.05 10:54:08.186,0.85116,0.85126,1.00,4.12
2017.01.05 10:54:08.454,0.85116,0.85127,1.00,1.25
2017.01.05 10:54:10.777,0.85115,0.85125,1.50,1.25
2017.01.05 10:54:11.081,0.85114,0.85122,1.00,1.25
2017.01.05 10:54:11.435,0.85116,0.85125,1.00,1.25
2017.01.05 10:54:11.487,0.85116,0.85127,1.12,1.25
2017.01.05 10:54:12.040,0.85117,0.85127,1.00,1.25
2017.01.05 10:54:12.293,0.85115,0.85127,2.25,1.69
2017.01.05 10:54:12.395,0.85117,0.85128,1.00,2.06
2017.01.05 10:54:12.699,0.85119,0.85128,1.00,1.25
2017.01.05 10:54:12.851,0.85117,0.85127,1.87,1.25
2017.01.05 10:54:13.398,0.85118,0.85127,1.00,1.25
2017.01.05 10:54:15.573,0.85117,0.85127,1.12,1.25
2017.01.05 10:54:15.625,0.85116,0.85124,1.50,1.25
2017.01.05 10:54:15.727,0.85118,0.85126,1.00,1.25
2017.01.05 10:54:15.829,0.85118,0.85124,1.00,1.25
2017.01.05 10:54:16.039,0.85115,0.85124,1.50,1.25
2017.01.05 10:54:17.235,0.85117,0.85124,1.00,1.25
2017.01.05 10:54:17.825,0.85119,0.85128,1.00,1.00
2017.01.05 10:54:18.332,0.85119,0.85129,1.50,1.25
2017.01.05 10:54:19.342,0.85118,0.85129,1.12,1.25
2017.01.05 10:54:20.239,0.85119,0.85129,1.00,1.69
2017.01.05 10:54:20.746,0.85121,0.8513,1.00,1.69
2017.01.05 10:54:21.009,0.85121,0.85131,1.00,1.25
2017.01.05 10:54:21.061,0.85119,0.85128,1.87,1.25
2017.01.05 10:54:21.368,0.85126,0.8513,1.00,1.00
2017.01.05 10:54:21.419,0.85125,0.85134,1.00,1.00
2017.01.05 10:54:21.471,0.85123,0.85131,1.50,1.25
2017.01.05 10:54:22.291,0.85123,0.85133,1.00,1.31
2017.01.05 10:54:22.696,0.85121,0.85133,1.00,2.06
2017.01.05 10:54:23.101,0.85119,0.85131,1.50,1.00
2017.01.05 10:54:24.616,0.8512,0.85132,1.00,3.56
2017.01.05 10:54:25.144,0.8512,0.85131,1.00,1.00
2017.01.05 10:54:25.600,0.85122,0.85131,1.00,1.25
2017.01.05 10:54:26.107,0.85123,0.85131,1.00,1.25
2017.01.05 10:54:27.651,0.85124,0.85131,1.00,1.25
2017.01.05 10:54:28.195,0.85122,0.85131,1.00,1.25
2017.01.05 10:54:28.714,0.85123,0.85132,1.00,1.25
2017.01.05 10:54:29.077,0.85121,0.85132,1.00,2.44
2017.01.05 10:54:29.614,0.85122,0.85132,1.00,1.25
2017.01.05 10:54:30.770,0.85121,0.85132,3.37,1.25
2017.01.05 10:54:31.067,0.85121,0.8513,1.00,1.00
2017.01.05 10:54:31.589,0.85119,0.85131,1.50,1.12
2017.01.05 10:54:32.046,0.85119,0.85129,1.87,1.00
2017.01.05 10:54:32.513,0.8512,0.85132,1.00,2.06
2017.01.05 10:54:32.777,0.85119,0.8513,1.50,1.00
2017.01.05 10:54:33.314,0.85118,0.8513,1.50,1.00
2017.01.05 10:54:33.864,0.85119,0.8513,1.00,1.50
2017.01.05 10:54:35.279,0.8512,0.8513,1.00,1.50
2017.01.05 10:54:38.118,0.8512,0.85129,1.00,1.00
2017.01.05 10:54:38.169,0.8512,0.85131,2.25,1.00
2017.01.05 10:54:38.271,0.85122,0.85132,1.50,1.37
2017.01.05 10:54:38.423,0.85122,0.85133,1.50,1.50
2017.01.05 10:54:40.933,0.85121,0.85132,1.50,1.00
2017.01.05 10:54:40.984,0.85121,0.85125,1.00,1.25
2017.01.05 10:54:41.085,0.85117,0.85121,1.00,1.31
2017.01.05 10:54:41.136,0.85113,0.8512,1.75,1.25
2017.01.05 10:54:41.238,0.85113,0.85123,2.62,1.31
2017.01.05 10:54:41.340,0.85114,0.85121,1.87,1.25
2017.01.05 10:54:41.644,0.85119,0.85125,1.00,1.25
2017.01.05 10:54:41.848,0.85118,0.85127,1.00,1.25
2017.01.05 10:54:42.178,0.85119,0.8513,1.00,1.25
2017.01.05 10:54:42.229,0.85119,0.8513,1.00,1.62
2017.01.05 10:54:42.330,0.85119,0.8513,1.00,1.25
2017.01.05 10:54:43.501,0.85119,0.85131,1.00,2.44
2017.01.05 10:54:43.552,0.85122,0.85132,1.00,3.56
2017.01.05 10:54:43.654,0.85122,0.85132,1.00,1.69
2017.01.05 10:54:46.310,0.85123,0.85132,1.00,1.69
2017.01.05 10:54:47.029,0.85121,0.85131,1.00,1.25
2017.01.05 10:54:47.669,0.85119,0.85128,1.50,1.25
2017.01.05 10:54:47.973,0.85118,0.85125,1.00,1.25
2017.01.05 10:54:48.793,0.85116,0.85121,1.00,1.25
2017.01.05 10:54:48.844,0.85114,0.85121,1.12,1.25
2017.01.05 10:54:48.997,0.85115,0.85123,1.00,1.25
2017.01.05 10:54:49.048,0.85117,0.85123,1.50,1.25
2017.01.05 10:54:49.100,0.85118,0.85126,1.00,1.69
2017.01.05 10:54:49.202,0.85119,0.85127,1.00,1.69
2017.01.05 10:54:50.459,0.85118,0.85127,1.87,1.25
2017.01.05 10:54:51.079,0.85118,0.85125,1.50,1.25
2017.01.05 10:54:55.980,0.85116,0.85123,1.37,1.25
2017.01.05 10:54:56.081,0.85114,0.85122,1.50,1.25
2017.01.05 10:54:57.204,0.85114,0.85122,1.00,1.31
2017.01.05 10:54:57.486,0.85117,0.85124,1.50,1.00
2017.01.05 10:54:57.537,0.85117,0.85126,1.50,1.69
2017.01.05 10:54:57.943,0.8512,0.85127,1.00,1.25
2017.01.05 10:54:58.237,0.85118,0.85127,1.00,1.25
2017.01.05 10:54:58.752,0.85117,0.85127,1.87,1.69
2017.01.05 10:54:59.278,0.85117,0.85125,1.00,1.25
2017.01.05 10:54:59.431,0.85115,0.85125,1.00,1.25
2017.01.05 10:54:59.482,0.85114,0.85122,1.12,1.25
2017.01.05 10:54:59.756,0.85113,0.85125,1.00,3.94
2017.01.05 10:55:00.060,0.85112,0.85122,2.44,1.00
2017.01.05 10:55:01.686,0.85113,0.85123,3.00,1.00
2017.01.05 10:55:02.017,0.85114,0.85123,3.00,1.00
2017.01.05 10:55:02.536,0.85114,0.85124,1.12,1.00
2017.01.05 10:55:03.116,0.85116,0.85126,2.06,1.50
2017.01.05 10:55:03.471,0.85116,0.85124,1.00,1.00
2017.01.05 10:55:03.675,0.85116,0.85128,2.25,2.06
2017.01.05 10:55:03.878,0.8512,0.85129,1.87,1.00
2017.01.05 10:55:04.471,0.85118,0.85127,1.87,1.25
2017.01.05 10:55:04.522,0.85118,0.85126,1.12,1.00
2017.01.05 10:55:04.624,0.85116,0.85124,2.62,1.00
2017.01.05 10:55:04.675,0.85115,0.85123,2.62,1.00
2017.01.05 10:55:04.777,0.85115,0.85125,2.62,1.25
2017.01.05 10:55:05.081,0.85117,0.85126,1.00,1.69
2017.01.05 10:55:05.644,0.85118,0.85126,1.87,1.25
2017.01.05 10:55:07.793,0.85117,0.85126,3.00,1.25
2017.01.05 10:55:08.648,0.85117,0.85126,3.37,1.25
2017.01.05 10:55:08.797,0.85117,0.85129,3.75,1.69
2017.01.05 10:55:09.051,0.8512,0.8513,3.00,1.25
2017.01.05 10:55:09.579,0.85121,0.85131,2.25,1.25
2017.01.05 10:55:10.771,0.85122,0.85131,3.37,1.25
2017.01.05 10:55:10.873,0.85124,0.85133,1.12,1.25
2017.01.05 10:55:11.809,0.85124,0.85133,1.37,1.25
2017.01.05 10:55:14.061,0.85124,0.85133,1.50,1.25
2017.01.05 10:55:14.163,0.85125,0.85135,1.00,1.12
2017.01.05 10:55:18.465,0.85126,0.85135,1.00,1.00
2017.01.05 10:55:19.051,0.85126,0.85136,1.12,1.50
2017.01.05 10:55:20.392,0.85127,0.85136,1.00,2.25
2017.01.05 10:55:20.843,0.85124,0.85134,1.50,1.25
2017.01.05 10:55:21.248,0.85126,0.85135,1.00,1.69
2017.01.05 10:55:22.218,0.85127,0.85135,1.00,1.69
2017.01.05 10:55:22.269,0.85124,0.85135,1.87,1.25
2017.01.05 10:55:22.983,0.85125,0.85136,1.00,1.50
2017.01.05 10:55:23.230,0.85124,0.85134,1.37,1.25
2017.01.05 10:55:23.383,0.85124,0.85134,1.00,1.31
2017.01.05 10:55:23.890,0.85123,0.85134,1.00,1.31
2017.01.05 10:55:24.510,0.85123,0.85134,1.87,1.31
2017.01.05 10:55:25.225,0.85123,0.85134,1.50,1.31
2017.01.05 10:55:25.952,0.85123,0.85134,1.50,2.06
2017.01.05 10:55:26.206,0.85124,0.85135,1.00,1.87
2017.01.05 10:55:26.257,0.85123,0.85132,1.12,1.00
2017.01.05 10:55:27.832,0.85123,0.85132,1.37,1.00
2017.01.05 10:55:28.339,0.85123,0.85132,1.00,1.00
2017.01.05 10:55:28.897,0.85122,0.85132,1.00,1.69
2017.01.05 10:55:29.229,0.85121,0.8513,1.12,1.00
2017.01.05 10:55:29.431,0.85119,0.85129,1.12,1.00
2017.01.05 10:55:30.006,0.85119,0.85127,1.12,1.00
2017.01.05 10:55:30.108,0.85119,0.85129,1.50,1.00
2017.01.05 10:55:30.159,0.85121,0.85129,1.25,1.00
2017.01.05 10:55:30.669,0.8512,0.85129,1.69,1.00
2017.01.05 10:55:30.872,0.8512,0.85131,1.25,1.00
2017.01.05 10:55:31.176,0.85122,0.85131,1.00,1.00
2017.01.05 10:55:31.750,0.8512,0.85131,1.62,1.12
2017.01.05 10:55:32.275,0.8512,0.8513,1.25,1.00
2017.01.05 10:55:32.646,0.85122,0.85129,1.00,1.25
2017.01.05 10:55:32.747,0.85122,0.85131,1.00,1.00
2017.01.05 10:55:32.950,0.8512,0.85132,1.50,1.50
2017.01.05 10:55:33.464,0.85121,0.85132,1.00,1.00
2017.01.05 10:55:33.737,0.85121,0.8513,1.25,1.00
2017.01.05 10:55:34.100,0.85119,0.85129,1.31,1.00
2017.01.05 10:55:34.630,0.85119,0.85128,1.31,1.00
2017.01.05 10:55:35.172,0.85119,0.85129,2.81,1.00
2017.01.05 10:55:35.694,0.8512,0.85128,1.50,1.00
2017.01.05 10:55:36.225,0.8512,0.85129,1.12,1.00
2017.01.05 10:55:36.818,0.85119,0.85129,2.62,1.00
2017.01.05 10:55:37.023,0.85122,0.85129,1.00,1.00
2017.01.05 10:55:37.428,0.8512,0.85129,1.00,1.00
2017.01.05 10:55:37.761,0.85122,0.8513,1.00,1.00
2017.01.05 10:55:40.284,0.85121,0.8513,1.00,1.00
2017.01.05 10:55:40.608,0.85123,0.85131,1.00,1.00
2017.01.05 10:55:41.274,0.85125,0.85131,1.00,1.00
2017.01.05 10:55:41.819,0.85123,0.85129,1.00,1.00
2017.01.05 10:55:41.921,0.85121,0.85128,1.00,1.00
2017.01.05 10:55:42.124,0.85123,0.85128,1.00,1.00
2017.01.05 10:55:42.631,0.85122,0.85129,1.00,1.00
2017.01.05 10:55:43.251,0.85124,0.85129,1.00,1.00
2017.01.05 10:55:43.739,0.85124,0.85131,1.00,1.00
2017.01.05 10:55:44.200,0.85124,0.85133,1.00,1.50
2017.01.05 10:55:45.602,0.85125,0.85134,1.00,1.00
2017.01.05 10:55:46.532,0.85125,0.85135,1.00,3.19
2017.01.05 10:55:48.625,0.85124,0.85135,2.25,1.69
2017.01.05 10:55:48.879,0.85126,0.85135,2.25,1.00
2017.01.05 10:55:49.386,0.85125,0.85134,1.50,1.00
2017.01.05 10:55:51.566,0.85126,0.85134,1.00,1.00
2017.01.05 10:55:51.668,0.85126,0.85136,1.00,1.12
2017.01.05 10:55:57.520,0.85126,0.85135,2.06,1.00
2017.01.05 10:56:00.543,0.85129,0.85136,1.00,1.00
2017.01.05 10:56:00.594,0.8513,0.85139,1.69,1.87
2017.01.05 10:56:00.793,0.85128,0.85138,1.25,1.50
2017.01.05 10:56:01.703,0.85127,0.85138,1.00,1.50
2017.01.05 10:56:01.856,0.85129,0.85138,1.00,2.44
2017.01.05 10:56:02.215,0.85126,0.85138,1.50,2.44
2017.01.05 10:56:02.385,0.85126,0.85136,1.00,1.00
2017.01.05 10:56:02.915,0.85125,0.85136,1.69,1.87
2017.01.05 10:56:03.218,0.85127,0.85136,1.00,1.87
2017.01.05 10:56:03.325,0.85125,0.85136,1.69,1.87
2017.01.05 10:56:03.499,0.85127,0.85136,1.00,2.06
2017.01.05 10:56:03.551,0.85125,0.85136,2.81,2.81
2017.01.05 10:56:03.703,0.85125,0.85134,1.69,1.00
2017.01.05 10:56:04.226,0.85123,0.85132,1.00,1.25
2017.01.05 10:56:04.733,0.85123,0.85133,1.00,1.25
2017.01.05 10:56:05.239,0.85124,0.85134,1.12,1.25
2017.01.05 10:56:05.872,0.85125,0.85136,1.50,1.31
2017.01.05 10:56:05.923,0.85128,0.85136,1.00,1.25
2017.01.05 10:56:06.229,0.85127,0.85134,1.00,1.25
2017.01.05 10:56:06.381,0.85124,0.85134,1.87,1.25
2017.01.05 10:56:06.436,0.85126,0.85131,1.00,1.25
2017.01.05 10:56:06.487,0.85126,0.85134,1.00,1.25
2017.01.05 10:56:06.721,0.85121,0.85133,2.44,1.00
2017.01.05 10:56:07.759,0.85122,0.85133,1.00,1.25
2017.01.05 10:56:08.691,0.85124,0.85133,1.00,1.25
2017.01.05 10:56:08.792,0.85125,0.85135,1.00,1.00
2017.01.05 10:56:09.104,0.85125,0.85137,1.50,2.06
2017.01.05 10:56:09.257,0.85126,0.85135,1.00,1.00
2017.01.05 10:56:09.510,0.85124,0.85134,1.31,1.50
2017.01.05 10:56:09.562,0.85122,0.85133,2.25,1.50
2017.01.05 10:56:10.089,0.85121,0.85132,1.69,1.00
2017.01.05 10:56:10.600,0.85122,0.85133,1.00,1.00
2017.01.05 10:56:11.056,0.8512,0.8513,2.25,1.00
2017.01.05 10:56:11.563,0.85119,0.85131,1.50,2.44
2017.01.05 10:56:11.936,0.85121,0.85131,1.00,2.44
2017.01.05 10:56:12.099,0.85122,0.85133,1.00,1.69
2017.01.05 10:56:12.605,0.85123,0.85133,1.00,1.25
2017.01.05 10:56:13.188,0.85122,0.85133,1.00,1.25
2017.01.05 10:56:14.379,0.85122,0.85132,1.00,1.69
2017.01.05 10:56:14.815,0.85124,0.85131,1.00,1.00
2017.01.05 10:56:14.917,0.85121,0.85133,1.87,1.69
2017.01.05 10:56:15.462,0.85123,0.85134,1.00,1.69
2017.01.05 10:56:15.980,0.85124,0.85134,1.00,1.25
2017.01.05 10:56:16.219,0.85124,0.85136,1.00,1.00
2017.01.05 10:56:18.178,0.85124,0.85134,1.00,1.00
2017.01.05 10:56:18.697,0.85123,0.85134,1.50,1.69
2017.01.05 10:56:19.226,0.85124,0.85134,1.50,2.44
2017.01.05 10:56:19.639,0.85122,0.85134,1.87,1.69
2017.01.05 10:56:19.943,0.85123,0.85132,1.00,1.00
2017.01.05 10:56:20.146,0.85121,0.85132,1.50,1.12
2017.01.05 10:56:20.197,0.85121,0.8513,1.00,1.00
2017.01.05 10:56:20.741,0.85121,0.85129,1.00,1.00
2017.01.05 10:56:21.272,0.85122,0.8513,1.00,1.00
2017.01.05 10:56:21.323,0.85122,0.85132,1.25,1.12
2017.01.05 10:56:21.880,0.85123,0.85132,1.00,1.00
2017.01.05 10:56:21.931,0.85121,0.85133,2.44,3.75
2017.01.05 10:56:21.983,0.85123,0.85133,1.25,3.00
2017.01.05 10:56:22.522,0.85123,0.8513,1.25,1.00
2017.01.05 10:56:22.792,0.8512,0.8513,3.37,1.00
2017.01.05 10:56:25.635,0.85121,0.85131,1.00,1.69
2017.01.05 10:56:25.889,0.85119,0.8513,2.06,1.12
2017.01.05 10:56:25.940,0.85119,0.85128,1.00,1.69
2017.01.05 10:56:26.093,0.85116,0.85126,1.00,1.00
2017.01.05 10:56:26.498,0.85118,0.85125,1.00,1.00
2017.01.05 10:56:26.840,0.85116,0.85123,1.00,1.25
2017.01.05 10:56:27.043,0.85112,0.85123,2.06,1.25
2017.01.05 10:56:27.246,0.85115,0.85124,1.25,3.75
2017.01.05 10:56:27.297,0.85115,0.85124,1.69,2.25
2017.01.05 10:56:27.348,0.85117,0.85124,1.00,1.00
2017.01.05 10:56:27.450,0.85115,0.85123,1.25,1.00
2017.01.05 10:56:27.957,0.85116,0.85125,1.25,1.50
2017.01.05 10:56:28.145,0.85116,0.85126,1.25,3.00
2017.01.05 10:56:28.399,0.85114,0.85124,1.50,1.00
2017.01.05 10:56:28.804,0.85116,0.85125,1.69,1.12
2017.01.05 10:56:28.957,0.85117,0.85129,1.00,5.44
2017.01.05 10:56:29.109,0.85118,0.85127,1.00,1.00
2017.01.05 10:56:29.628,0.85118,0.85128,1.00,1.87
2017.01.05 10:56:30.134,0.85118,0.85129,1.00,3.94
2017.01.05 10:56:30.590,0.85118,0.85127,1.00,1.00
2017.01.05 10:56:31.216,0.8512,0.85127,1.00,1.00
2017.01.05 10:56:31.267,0.85122,0.8513,1.00,1.12
2017.01.05 10:56:31.318,0.85124,0.85131,1.00,1.00
2017.01.05 10:56:31.575,0.85124,0.85133,2.44,1.00
2017.01.05 10:56:31.626,0.85126,0.85133,1.00,1.12
2017.01.05 10:56:31.778,0.85126,0.85135,1.00,1.00
2017.01.05 10:56:31.829,0.85128,0.85136,1.00,1.12
2017.01.05 10:56:31.880,0.85126,0.85136,1.00,3.56
2017.01.05 10:56:31.932,0.85126,0.85135,1.00,3.00
2017.01.05 10:56:31.983,0.85124,0.85133,1.00,1.00
2017.01.05 10:56:32.085,0.85123,0.85135,1.00,3.37
2017.01.05 10:56:32.136,0.85124,0.85135,1.00,1.87
2017.01.05 10:56:32.238,0.85124,0.85135,1.00,3.00
2017.01.05 10:56:32.289,0.85126,0.85134,1.00,1.12
2017.01.05 10:56:32.795,0.85128,0.85136,1.00,1.87
2017.01.05 10:56:32.846,0.85127,0.85137,1.00,2.44
2017.01.05 10:56:32.948,0.85126,0.85135,1.00,1.00
2017.01.05 10:56:33.584,0.85127,0.85136,1.00,1.50
2017.01.05 10:56:34.091,0.85126,0.85135,1.00,1.87
2017.01.05 10:56:34.604,0.85125,0.85135,1.00,1.87
2017.01.05 10:56:35.569,0.85125,0.85132,1.69,1.00
2017.01.05 10:56:35.671,0.85127,0.85135,1.00,1.12
2017.01.05 10:56:35.874,0.85124,0.85134,1.69,1.00
2017.01.05 10:56:36.077,0.85127,0.85134,1.00,1.00
2017.01.05 10:56:36.179,0.85126,0.85136,1.00,3.19
2017.01.05 10:56:36.485,0.85125,0.85135,1.00,1.37
2017.01.05 10:56:36.822,0.85127,0.85136,1.25,1.00
2017.01.05 10:56:37.126,0.85127,0.85134,1.25,1.12
2017.01.05 10:56:37.799,0.85126,0.85135,1.00,1.37
2017.01.05 10:56:37.901,0.85124,0.85135,1.00,1.87
2017.01.05 10:56:38.054,0.85126,0.85135,1.00,1.50
2017.01.05 10:56:38.596,0.85125,0.85133,1.00,1.00
2017.01.05 10:56:38.982,0.85126,0.85135,1.00,1.69
2017.01.05 10:56:39.033,0.85129,0.85135,1.50,1.69
2017.01.05 10:56:39.185,0.85129,0.85139,1.00,1.69
2017.01.05 10:56:39.287,0.85129,0.85136,1.00,1.00
2017.01.05 10:56:39.338,0.85127,0.85136,1.00,1.00
2017.01.05 10:56:39.887,0.85126,0.85136,1.25,2.25
2017.01.05 10:56:40.204,0.85126,0.85135,1.25,1.37
2017.01.05 10:56:40.830,0.85126,0.85136,1.25,1.12
2017.01.05 10:56:41.411,0.85127,0.85137,1.50,2.25
2017.01.05 10:56:41.919,0.85128,0.85137,1.00,1.00
2017.01.05 10:56:42.433,0.85129,0.85137,1.00,1.00
2017.01.05 10:56:42.635,0.85129,0.85139,1.00,1.00
2017.01.05 10:56:43.112,0.85129,0.85141,1.00,4.31
2017.01.05 10:56:43.503,0.85129,0.85139,1.00,1.00
2017.01.05 10:56:44.009,0.8513,0.85139,1.00,1.00
2017.01.05 10:56:44.265,0.8513,0.85141,1.00,1.87
2017.01.05 10:56:45.592,0.85129,0.85141,1.00,2.62
2017.01.05 10:56:46.705,0.8513,0.85141,1.00,3.00
2017.01.05 10:56:46.757,0.85134,0.85141,1.87,1.50
2017.01.05 10:56:46.859,0.85134,0.85145,1.00,2.25
2017.01.05 10:56:46.911,0.85132,0.85143,1.25,1.50
2017.01.05 10:56:47.214,0.85132,0.85141,1.00,1.12
2017.01.05 10:56:47.519,0.85134,0.8514,1.00,1.00
2017.01.05 10:56:47.571,0.85132,0.8514,1.50,1.00
2017.01.05 10:56:47.622,0.85133,0.85142,1.00,1.00
2017.01.05 10:56:48.131,0.85132,0.85142,1.00,1.50
2017.01.05 10:56:48.436,0.8513,0.85142,1.00,1.00
2017.01.05 10:56:48.487,0.8513,0.8514,1.00,1.00
2017.01.05 10:56:49.135,0.85129,0.8514,2.06,1.87
2017.01.05 10:56:49.447,0.85133,0.85141,1.00,1.00
2017.01.05 10:56:49.949,0.85133,0.8514,1.00,1.00
2017.01.05 10:56:50.500,0.85131,0.8514,1.69,1.00
2017.01.05 10:56:51.002,0.85131,0.8514,1.69,1.50
2017.01.05 10:56:51.442,0.85129,0.85138,2.44,1.00
2017.01.05 10:56:52.015,0.85127,0.85137,1.00,1.00
2017.01.05 10:56:52.116,0.85126,0.85135,1.12,1.00
2017.01.05 10:56:52.523,0.85129,0.85135,1.00,1.87
2017.01.05 10:56:52.677,0.85129,0.85136,1.00,1.00
2017.01.05 10:56:52.936,0.85127,0.85136,1.00,1.69
2017.01.05 10:56:53.443,0.85128,0.85136,1.69,1.00
2017.01.05 10:56:53.544,0.85128,0.85138,1.69,2.25
2017.01.05 10:56:54.073,0.85128,0.85137,1.69,1.00
2017.01.05 10:56:54.732,0.85128,0.85136,1.69,1.00
2017.01.05 10:56:55.234,0.85129,0.85137,1.00,1.12
2017.01.05 10:56:55.336,0.85131,0.85137,1.00,1.37
2017.01.05 10:56:55.387,0.8513,0.85138,1.00,1.12
2017.01.05 10:56:55.438,0.85132,0.85138,1.00,1.12
2017.01.05 10:56:55.976,0.85132,0.85139,1.00,1.25
2017.01.05 10:56:56.030,0.8513,0.85139,1.00,1.25
2017.01.05 10:57:00.238,0.85127,0.85136,1.12,1.00
2017.01.05 10:57:00.565,0.85129,0.85137,1.00,2.25
2017.01.05 10:57:00.616,0.85129,0.85138,1.00,4.31
2017.01.05 10:57:00.667,0.85131,0.85138,1.00,3.19
2017.01.05 10:57:00.870,0.85129,0.85138,1.00,1.69
2017.01.05 10:57:00.921,0.85127,0.85136,1.62,1.00
2017.01.05 10:57:01.228,0.85127,0.85134,1.25,1.12
2017.01.05 10:57:01.431,0.85127,0.85137,1.00,3.00
2017.01.05 10:57:01.649,0.85125,0.85136,1.00,1.12
2017.01.05 10:57:01.902,0.85127,0.85137,1.00,4.69
2017.01.05 10:57:02.408,0.85125,0.85136,1.00,1.50
2017.01.05 10:57:02.459,0.85125,0.85134,1.00,1.00
2017.01.05 10:57:02.976,0.85124,0.85134,1.00,1.00
2017.01.05 10:57:03.326,0.85124,0.85132,1.00,1.00
2017.01.05 10:57:03.865,0.85122,0.85131,1.00,1.00
2017.01.05 10:57:04.278,0.85122,0.85129,1.00,1.00
2017.01.05 10:57:04.858,0.85122,0.8513,1.00,1.12
2017.01.05 10:57:05.198,0.85124,0.8513,1.00,1.12
2017.01.05 10:57:05.874,0.85124,0.85132,1.00,2.44
2017.01.05 10:57:06.249,0.85126,0.85133,1.00,1.37
2017.01.05 10:57:06.402,0.85125,0.85134,1.00,1.50
2017.01.05 10:57:06.555,0.85123,0.85134,1.50,2.62
2017.01.05 10:57:06.605,0.85123,0.85134,1.50,2.62
2017.01.05 10:57:07.111,0.85123,0.85134,1.50,3.00
2017.01.05 10:57:07.609,0.85125,0.85132,1.00,1.12
2017.01.05 10:57:08.534,0.85123,0.85132,1.00,1.87
2017.01.05 10:57:08.738,0.85123,0.85131,1.00,1.50
2017.01.05 10:57:09.347,0.85123,0.85131,1.00,1.12
2017.01.05 10:57:11.058,0.85122,0.85131,1.00,1.12
2017.01.05 10:57:11.405,0.85119,0.85127,1.00,1.31
2017.01.05 10:57:12.075,0.85118,0.85127,1.50,2.44
2017.01.05 10:57:12.611,0.85117,0.85127,1.50,1.25
2017.01.05 10:57:12.943,0.85112,0.85119,1.00,1.25
2017.01.05 10:57:13.044,0.85107,0.85117,1.50,1.25
2017.01.05 10:57:15.333,0.85108,0.85117,1.00,1.25
2017.01.05 10:57:15.864,0.85106,0.85117,1.37,2.44
2017.01.05 10:57:15.965,0.85105,0.85114,1.87,1.00
2017.01.05 10:57:16.017,0.85105,0.85114,1.50,1.12
2017.01.05 10:57:16.275,0.85107,0.85117,1.69,1.75
2017.01.05 10:57:16.327,0.85109,0.85117,1.00,1.00
2017.01.05 10:57:16.378,0.85111,0.85117,1.00,1.00
2017.01.05 10:57:16.429,0.85109,0.8512,1.69,1.62
2017.01.05 10:57:16.531,0.85109,0.8512,1.69,1.31
2017.01.05 10:57:16.734,0.85113,0.85122,1.00,2.25
2017.01.05 10:57:16.937,0.85115,0.85126,1.00,2.44
2017.01.05 10:57:17.039,0.85115,0.85126,1.00,2.75
2017.01.05 10:57:17.677,0.85115,0.85125,1.00,1.00
2017.01.05 10:57:18.102,0.8512,0.85126,1.00,1.00
2017.01.05 10:57:18.306,0.8512,0.8513,1.00,2.44
2017.01.05 10:57:18.420,0.85119,0.85126,1.25,1.00
2017.01.05 10:57:18.534,0.85114,0.85123,1.31,1.00
2017.01.05 10:57:18.586,0.85114,0.8512,1.31,1.00
2017.01.05 10:57:18.640,0.8511,0.85121,1.00,1.50
2017.01.05 10:57:19.360,0.85109,0.85121,1.00,3.56
2017.01.05 10:57:19.869,0.85109,0.8512,1.00,1.50
2017.01.05 10:57:20.377,0.8511,0.8512,1.00,1.00
2017.01.05 10:57:20.962,0.8511,0.85121,1.00,2.44
2017.01.05 10:57:21.440,0.8511,0.85119,1.00,1.00
2017.01.05 10:57:22.759,0.85109,0.85119,1.00,1.00
2017.01.05 10:57:23.081,0.85109,0.85119,1.00,2.25
2017.01.05 10:57:23.132,0.85107,0.85116,1.69,1.12
2017.01.05 10:57:23.769,0.85106,0.85116,1.00,1.87
2017.01.05 10:57:24.073,0.85104,0.85114,3.94,1.00
2017.01.05 10:57:24.226,0.85102,0.85111,1.12,1.00
2017.01.05 10:57:25.343,0.85101,0.85111,1.69,1.00
2017.01.05 10:57:26.834,0.85101,0.8511,2.44,1.00
2017.01.05 10:57:27.037,0.85097,0.85107,2.62,1.00
2017.01.05 10:57:27.139,0.85101,0.8511,1.00,2.81
2017.01.05 10:57:27.191,0.85099,0.85107,1.50,1.25
2017.01.05 10:57:27.293,0.85098,0.85107,1.50,1.25
2017.01.05 10:57:27.344,0.85099,0.85109,1.00,1.12
2017.01.05 10:57:27.395,0.85101,0.85109,1.00,1.12
2017.01.05 10:57:27.700,0.85101,0.85107,1.00,1.00
2017.01.05 10:57:28.017,0.85099,0.85107,1.00,1.00
2017.01.05 10:57:29.031,0.85101,0.85107,1.00,1.00
2017.01.05 10:57:29.133,0.85099,0.85107,1.00,1.50
2017.01.05 10:57:29.285,0.85097,0.85107,1.00,1.87
2017.01.05 10:57:29.640,0.85097,0.85106,1.00,1.37
2017.01.05 10:57:30.160,0.85097,0.85104,1.00,1.25
2017.01.05 10:57:30.666,0.85098,0.85104,1.00,1.25
2017.01.05 10:57:32.192,0.85095,0.85104,1.00,1.25
2017.01.05 10:57:32.735,0.85093,0.85103,1.50,1.00
2017.01.05 10:57:33.243,0.85094,0.85103,1.50,1.00
2017.01.05 10:57:33.790,0.85095,0.85104,1.00,2.06
2017.01.05 10:57:33.942,0.85097,0.85104,1.00,1.25
2017.01.05 10:57:35.096,0.85097,0.85103,1.00,1.25
2017.01.05 10:57:35.711,0.85097,0.85104,1.00,1.25
2017.01.05 10:57:36.328,0.85096,0.85104,1.50,1.25
2017.01.05 10:57:36.675,0.851,0.85106,1.00,1.69
2017.01.05 10:57:36.726,0.85098,0.85107,1.00,1.31
2017.01.05 10:57:36.777,0.85101,0.85107,1.00,1.25
2017.01.05 10:57:36.932,0.851,0.8511,1.00,3.87
2017.01.05 10:57:36.983,0.85097,0.85108,3.00,1.25
2017.01.05 10:57:37.035,0.85097,0.85106,3.37,1.25
2017.01.05 10:57:37.586,0.85098,0.85106,1.00,1.25
2017.01.05 10:57:37.890,0.85096,0.85106,1.50,1.25
2017.01.05 10:57:38.397,0.85096,0.85105,1.50,1.25
2017.01.05 10:57:38.601,0.85094,0.85103,3.00,1.25
2017.01.05 10:57:38.703,0.85093,0.85102,1.00,1.25
2017.01.05 10:57:38.876,0.85091,0.85099,1.00,1.25
2017.01.05 10:57:39.394,0.85089,0.85098,1.50,1.25
2017.01.05 10:57:40.713,0.85093,0.85102,1.00,4.31
2017.01.05 10:57:40.814,0.85094,0.85103,1.00,1.69
2017.01.05 10:57:41.329,0.85094,0.85103,1.00,1.69
2017.01.05 10:57:41.986,0.85093,0.85101,1.00,1.25
2017.01.05 10:57:42.212,0.85091,0.85101,1.00,1.25
2017.01.05 10:57:42.263,0.85091,0.85099,1.00,1.25
2017.01.05 10:57:43.187,0.85089,0.85099,1.50,1.25
2017.01.05 10:57:43.769,0.85089,0.85099,1.00,1.25
2017.01.05 10:57:45.313,0.85091,0.85099,1.00,1.25
2017.01.05 10:57:45.777,0.85094,0.85102,1.00,1.25
2017.01.05 10:57:45.879,0.85094,0.85104,1.50,1.31
2017.01.05 10:57:46.740,0.85095,0.85104,1.00,1.25
2017.01.05 10:57:47.188,0.85095,0.85102,1.00,1.25
2017.01.05 10:57:47.725,0.85094,0.85102,1.00,1.25
2017.01.05 10:57:48.970,0.85092,0.85098,1.00,1.25
2017.01.05 10:57:49.176,0.8509,0.85097,1.00,1.25
2017.01.05 10:57:51.648,0.85093,0.85098,1.50,1.00
2017.01.05 10:57:51.757,0.85094,0.85102,1.00,1.31
2017.01.05 10:57:51.909,0.85095,0.85102,2.62,1.31
2017.01.05 10:57:52.416,0.85096,0.85103,1.12,1.25
2017.01.05 10:57:52.924,0.85097,0.85104,1.00,1.25
2017.01.05 10:57:53.785,0.85099,0.85108,1.00,1.25
2017.01.05 10:57:53.886,0.85102,0.85108,1.00,1.25
2017.01.05 10:57:55.246,0.85102,0.85106,1.00,1.25
2017.01.05 10:57:55.551,0.85099,0.85109,3.37,1.25
2017.01.05 10:57:55.865,0.85102,0.85109,1.37,1.25
2017.01.05 10:57:56.119,0.851,0.85109,3.37,1.25
2017.01.05 10:57:56.636,0.85102,0.85112,1.50,2.06
2017.01.05 10:57:56.940,0.85107,0.85118,1.50,1.50
2017.01.05 10:57:57.042,0.85107,0.85118,1.50,1.00
2017.01.05 10:57:57.246,0.85107,0.85115,1.00,1.25
2017.01.05 10:57:57.846,0.85105,0.85115,1.00,1.69
2017.01.05 10:57:58.138,0.85106,0.85117,1.69,1.00
2017.01.05 10:57:58.621,0.85104,0.85114,2.25,1.25
2017.01.05 10:57:59.920,0.85103,0.85114,1.69,1.69
2017.01.05 10:58:01.212,0.85103,0.85112,1.69,1.00
2017.01.05 10:58:01.517,0.8511,0.8512,1.12,1.87
2017.01.05 10:58:01.568,0.8511,0.85118,1.00,1.25
2017.01.05 10:58:01.829,0.85109,0.8512,1.00,1.69
2017.01.05 10:58:02.670,0.85109,0.85118,1.00,1.25
2017.01.05 10:58:03.075,0.85111,0.85121,1.50,1.69
2017.01.05 10:58:03.178,0.85113,0.85122,1.00,1.50
2017.01.05 10:58:03.229,0.85115,0.85125,1.00,1.00
2017.01.05 10:58:03.280,0.85117,0.85125,1.00,1.00
2017.01.05 10:58:03.436,0.85116,0.85128,1.37,1.69
2017.01.05 10:58:03.897,0.85118,0.8513,1.00,1.69
2017.01.05 10:58:03.999,0.8512,0.85129,1.00,1.00
2017.01.05 10:58:04.101,0.85118,0.8513,1.00,1.69
2017.01.05 10:58:04.607,0.85118,0.85129,1.00,1.00
2017.01.05 10:58:05.699,0.85117,0.85129,1.00,1.00
2017.01.05 10:58:06.104,0.8512,0.85129,1.00,1.50
2017.01.05 10:58:06.410,0.85123,0.85132,2.06,1.00
2017.01.05 10:58:06.911,0.85124,0.85134,1.00,1.69
2017.01.05 10:58:07.417,0.85123,0.85133,2.44,1.00
2017.01.05 10:58:07.736,0.85122,0.85132,1.00,1.50
2017.01.05 10:58:07.839,0.85121,0.85129,1.00,1.25
2017.01.05 10:58:07.890,0.85122,0.85132,1.50,1.00
2017.01.05 10:58:08.115,0.85122,0.8513,1.00,1.69
2017.01.05 10:58:08.166,0.85123,0.85133,1.69,1.87
2017.01.05 10:58:08.420,0.85121,0.8513,1.87,1.00
2017.01.05 10:58:08.533,0.85119,0.8513,1.12,1.00
2017.01.05 10:58:08.954,0.85122,0.85131,1.00,1.00
2017.01.05 10:58:09.208,0.85126,0.85136,1.00,1.00
2017.01.05 10:58:09.390,0.85124,0.85134,1.62,1.00
2017.01.05 10:58:09.542,0.85122,0.85133,2.44,1.00
2017.01.05 10:58:09.745,0.85122,0.85131,1.00,1.00
2017.01.05 10:58:10.253,0.8512,0.8513,1.12,1.00
2017.01.05 10:58:10.507,0.85124,0.85131,1.25,1.00
2017.01.05 10:58:10.558,0.85124,0.85134,1.25,1.50
2017.01.05 10:58:10.610,0.85126,0.85135,1.25,1.37
2017.01.05 10:58:10.661,0.85126,0.85136,1.25,1.12
2017.01.05 10:58:10.810,0.85127,0.85134,1.25,1.00
2017.01.05 10:58:11.120,0.85124,0.85132,1.69,1.00
2017.01.05 10:58:11.171,0.85126,0.85134,1.25,1.00
2017.01.05 10:58:11.222,0.85124,0.85134,1.00,1.00
2017.01.05 10:58:11.273,0.85124,0.85136,1.00,1.00
2017.01.05 10:58:11.375,0.85123,0.85134,1.50,1.00
2017.01.05 10:58:11.730,0.85122,0.85133,1.00,1.00
2017.01.05 10:58:12.815,0.85122,0.85132,1.69,1.00
2017.01.05 10:58:12.918,0.85124,0.85134,1.25,1.00
2017.01.05 10:58:13.670,0.85123,0.85134,1.69,1.00
2017.01.05 10:58:15.064,0.85123,0.85131,1.25,1.00
2017.01.05 10:58:15.166,0.85123,0.85133,1.25,1.00
2017.01.05 10:58:15.268,0.85125,0.85134,1.00,1.00
2017.01.05 10:58:15.575,0.85121,0.85129,1.00,1.00
2017.01.05 10:58:15.728,0.85116,0.85127,1.12,1.00
2017.01.05 10:58:15.778,0.85116,0.85125,1.50,1.00
2017.01.05 10:58:15.982,0.85114,0.85123,1.00,1.25
2017.01.05 10:58:16.084,0.85112,0.85121,1.87,1.69
2017.01.05 10:58:16.392,0.8511,0.8512,1.12,1.69
2017.01.05 10:58:16.443,0.85112,0.85121,1.50,1.00
2017.01.05 10:58:16.546,0.85113,0.85124,1.00,1.00
2017.01.05 10:58:16.647,0.85115,0.85124,1.00,1.00
2017.01.05 10:58:16.851,0.85112,0.85122,1.00,1.00
2017.01.05 10:58:16.953,0.8511,0.85122,1.12,1.87
2017.01.05 10:58:17.410,0.85112,0.85121,1.00,1.00
2017.01.05 10:58:17.462,0.8511,0.85121,1.12,1.25
2017.01.05 10:58:17.860,0.85108,0.85119,1.12,1.00
2017.01.05 10:58:18.366,0.85107,0.85119,2.06,1.37
2017.01.05 10:58:18.675,0.85107,0.85115,1.12,1.25
2017.01.05 10:58:19.217,0.85106,0.85115,1.00,1.25
2017.01.05 10:58:19.523,0.85107,0.85116,1.50,1.31
2017.01.05 10:58:20.053,0.85108,0.85115,1.12,1.25
2017.01.05 10:58:20.358,0.85105,0.85112,1.12,1.25
2017.01.05 10:58:20.842,0.85102,0.85112,1.50,1.25
2017.01.05 10:58:21.349,0.85102,0.85112,1.50,1.25
2017.01.05 10:58:22.176,0.85104,0.85112,1.00,1.25
2017.01.05 10:58:23.332,0.85103,0.85112,1.00,1.25
2017.01.05 10:58:23.895,0.85102,0.85112,1.12,1.25
2017.01.05 10:58:24.432,0.85103,0.85112,1.00,1.25
2017.01.05 10:58:24.888,0.85101,0.85112,1.12,2.44
2017.01.05 10:58:25.090,0.85103,0.85112,1.00,2.44
2017.01.05 10:58:25.293,0.85105,0.85116,1.50,1.69
2017.01.05 10:58:25.795,0.85104,0.85116,1.00,2.81
2017.01.05 10:58:26.315,0.85105,0.85116,1.00,2.06
2017.01.05 10:58:26.720,0.85102,0.85113,2.81,1.00
2017.01.05 10:58:27.170,0.85104,0.85115,1.00,1.50
2017.01.05 10:58:27.272,0.85102,0.85114,3.19,1.12
2017.01.05 10:58:27.727,0.85104,0.85113,1.00,1.00
2017.01.05 10:58:28.234,0.85103,0.85113,1.00,1.25
2017.01.05 10:58:29.228,0.85103,0.85111,1.00,1.25
2017.01.05 10:58:29.893,0.85102,0.85111,1.00,1.69
2017.01.05 10:58:30.349,0.85103,0.85113,1.50,3.56
2017.01.05 10:58:30.401,0.85101,0.8511,1.00,1.25
2017.01.05 10:58:30.913,0.851,0.85109,1.00,1.00
2017.01.05 10:58:31.428,0.851,0.8511,1.00,1.69
2017.01.05 10:58:31.941,0.85099,0.85109,1.12,1.00
2017.01.05 10:58:33.190,0.851,0.85109,1.00,1.00
2017.01.05 10:58:33.596,0.85102,0.8511,1.00,1.25
2017.01.05 10:58:33.647,0.851,0.8511,1.12,1.25
2017.01.05 10:58:34.053,0.85102,0.8511,1.00,1.69
2017.01.05 10:58:34.563,0.85102,0.85109,1.00,1.50
2017.01.05 10:58:35.229,0.851,0.85109,1.50,1.50
2017.01.05 10:58:35.747,0.85099,0.85109,1.87,1.00
2017.01.05 10:58:36.296,0.851,0.85109,1.00,1.00
2017.01.05 10:58:36.841,0.85099,0.85108,1.00,1.25
2017.01.05 10:58:36.892,0.851,0.8511,1.00,1.25
2017.01.05 10:58:37.139,0.85098,0.85105,1.12,1.25
2017.01.05 10:58:37.651,0.85097,0.85105,1.00,1.25
2017.01.05 10:58:37.958,0.85097,0.85107,1.00,2.44
2017.01.05 10:58:39.208,0.85101,0.85108,1.00,1.12
2017.01.05 10:58:39.412,0.85108,0.85117,2.44,1.87
2017.01.05 10:58:39.616,0.85109,0.8512,1.25,1.12
2017.01.05 10:58:39.834,0.85111,0.85121,1.25,1.50
2017.01.05 10:58:40.241,0.85113,0.8512,1.25,1.12
2017.01.05 10:58:40.394,0.85113,0.85122,1.25,1.50
2017.01.05 10:58:40.917,0.85113,0.85121,1.25,1.00
2017.01.05 10:58:41.331,0.85109,0.8512,1.69,1.00
2017.01.05 10:58:41.382,0.85109,0.85117,1.62,1.00
2017.01.05 10:58:41.433,0.85109,0.8512,2.44,1.37
2017.01.05 10:58:41.664,0.85108,0.85117,1.00,1.00
2017.01.05 10:58:41.969,0.85106,0.85116,1.25,1.87
2017.01.05 10:58:42.486,0.85106,0.85116,1.69,1.50
2017.01.05 10:58:42.826,0.85105,0.85114,1.25,1.50
2017.01.05 10:58:42.928,0.85102,0.85113,2.06,2.25
2017.01.05 10:58:43.284,0.851,0.85111,1.12,1.25
2017.01.05 10:58:43.486,0.85103,0.85112,1.00,1.69
2017.01.05 10:58:43.993,0.85102,0.85112,1.00,1.69
2017.01.05 10:58:44.332,0.85105,0.8511,1.00,1.25
2017.01.05 10:58:44.383,0.85101,0.85108,1.12,1.25
2017.01.05 10:58:44.535,0.85104,0.85114,1.00,2.81
2017.01.05 10:58:44.688,0.85107,0.85115,1.00,1.62
2017.01.05 10:58:44.790,0.85107,0.85117,1.00,1.00
2017.01.05 10:58:45.004,0.85108,0.85114,1.00,1.25
2017.01.05 10:58:45.519,0.85107,0.85114,1.50,1.25
2017.01.05 10:58:46.397,0.85108,0.85114,1.00,1.25
2017.01.05 10:58:46.912,0.85107,0.85114,1.50,1.25
2017.01.05 10:58:48.126,0.85106,0.85114,1.00,1.25
2017.01.05 10:58:48.379,0.85108,0.85117,1.00,1.25
2017.01.05 10:58:48.430,0.85106,0.85116,1.00,1.69
2017.01.05 10:58:48.587,0.85105,0.85114,1.00,1.25
2017.01.05 10:58:48.941,0.85103,0.85114,1.00,1.69
2017.01.05 10:58:49.043,0.85105,0.85114,1.00,1.25
2017.01.05 10:58:49.551,0.85105,0.85115,1.00,1.25
2017.01.05 10:58:50.071,0.85104,0.85113,1.00,1.25
2017.01.05 10:58:50.225,0.85104,0.85115,1.00,1.25
2017.01.05 10:58:51.395,0.85105,0.85115,1.00,1.25
2017.01.05 10:58:51.447,0.85107,0.85117,1.00,1.69
2017.01.05 10:58:51.753,0.85105,0.85116,1.50,1.31
2017.01.05 10:58:51.804,0.85106,0.85114,1.00,1.25
2017.01.05 10:58:52.212,0.85105,0.85112,1.00,1.25
2017.01.05 10:58:52.558,0.85103,0.85109,1.50,1.25
2017.01.05 10:58:52.863,0.85103,0.85113,1.00,1.25
2017.01.05 10:58:53.371,0.85102,0.85112,1.50,1.00
2017.01.05 10:58:53.886,0.85101,0.85111,1.50,1.12
2017.01.05 10:58:54.089,0.85099,0.8511,1.69,1.25
2017.01.05 10:58:55.290,0.85098,0.8511,1.69,2.06
2017.01.05 10:58:55.875,0.85098,0.85108,1.25,1.00
2017.01.05 10:58:56.388,0.85097,0.85108,1.69,1.25
2017.01.05 10:58:58.308,0.85096,0.85108,1.00,2.81
2017.01.05 10:59:00.071,0.85097,0.85106,1.00,1.00
2017.01.05 10:59:00.968,0.85095,0.85106,1.00,1.25
2017.01.05 10:59:01.476,0.85094,0.85105,1.00,1.25
2017.01.05 10:59:01.683,0.85097,0.85106,1.00,1.12
2017.01.05 10:59:02.190,0.85097,0.85105,1.00,1.25
2017.01.05 10:59:02.407,0.85096,0.85107,1.00,1.69
2017.01.05 10:59:02.831,0.85094,0.85105,3.19,1.00
2017.01.05 10:59:03.353,0.85096,0.85107,1.25,1.50
2017.01.05 10:59:03.667,0.85096,0.85105,1.25,1.00
2017.01.05 10:59:03.996,0.85099,0.85105,1.25,1.00
2017.01.05 10:59:04.047,0.85095,0.85107,1.12,1.69
2017.01.05 10:59:04.565,0.85096,0.85106,1.69,1.00
2017.01.05 10:59:05.718,0.85096,0.85104,1.25,1.00
2017.01.05 10:59:06.024,0.85094,0.85104,1.00,1.00
2017.01.05 10:59:07.356,0.85094,0.85104,1.50,1.00
2017.01.05 10:59:08.003,0.85093,0.85102,1.50,1.25
2017.01.05 10:59:08.156,0.85093,0.85103,1.00,2.06
2017.01.05 10:59:08.663,0.85094,0.85103,1.12,1.25
2017.01.05 10:59:09.169,0.85096,0.85105,1.00,1.25
2017.01.05 10:59:09.815,0.85095,0.85104,1.12,1.25
2017.01.05 10:59:10.343,0.85096,0.85104,1.00,1.25
2017.01.05 10:59:10.447,0.85097,0.85106,1.00,1.25
2017.01.05 10:59:10.958,0.85098,0.85106,1.00,1.25
2017.01.05 10:59:11.481,0.85097,0.85107,1.12,1.25
2017.01.05 10:59:11.784,0.85101,0.85109,1.00,1.00
2017.01.05 10:59:11.899,0.85103,0.85112,1.00,1.12
2017.01.05 10:59:11.950,0.85103,0.85114,1.25,2.44
2017.01.05 10:59:12.001,0.85101,0.85111,1.69,1.12
2017.01.05 10:59:12.155,0.85097,0.85109,1.69,1.50
2017.01.05 10:59:12.662,0.85098,0.85109,1.50,1.25
2017.01.05 10:59:13.293,0.85098,0.8511,1.00,1.69
2017.01.05 10:59:13.841,0.851,0.85112,1.00,2.25
2017.01.05 10:59:14.145,0.85102,0.85114,1.00,2.25
2017.01.05 10:59:14.521,0.85101,0.85112,1.69,1.50
2017.01.05 10:59:15.637,0.851,0.85112,1.00,2.44
2017.01.05 10:59:15.943,0.85103,0.85113,1.00,1.00
2017.01.05 10:59:16.471,0.85102,0.85112,1.00,1.00
2017.01.05 10:59:17.030,0.85103,0.85111,1.25,1.00
2017.01.05 10:59:17.448,0.85101,0.85111,1.31,1.50
2017.01.05 10:59:17.956,0.85101,0.85113,1.69,1.87
2017.01.05 10:59:18.312,0.85103,0.85112,1.00,1.00
2017.01.05 10:59:18.660,0.85104,0.85114,1.00,2.25
2017.01.05 10:59:19.214,0.85103,0.85114,1.50,1.00
2017.01.05 10:59:19.316,0.85107,0.85114,1.00,1.25
2017.01.05 10:59:19.417,0.85108,0.85118,1.00,1.00
2017.01.05 10:59:19.519,0.8511,0.85117,1.00,1.25
2017.01.05 10:59:19.671,0.85108,0.8512,2.06,1.69
2017.01.05 10:59:20.179,0.85108,0.8512,1.69,4.31
2017.01.05 10:59:20.314,0.85108,0.85118,1.00,1.25
2017.01.05 10:59:20.618,0.85111,0.85121,1.69,1.00
2017.01.05 10:59:21.129,0.85112,0.85122,1.69,1.50
2017.01.05 10:59:22.050,0.85111,0.85121,1.00,1.69
2017.01.05 10:59:24.858,0.85111,0.8512,1.00,1.00
2017.01.05 10:59:25.380,0.8511,0.85119,1.00,1.25
2017.01.05 10:59:25.633,0.8511,0.85121,1.69,1.12
2017.01.05 10:59:26.161,0.85111,0.85122,1.00,1.12
2017.01.05 10:59:26.416,0.8511,0.85119,1.25,1.00
2017.01.05 10:59:27.452,0.8511,0.8512,1.25,2.25
2017.01.05 10:59:28.067,0.85108,0.85118,1.12,1.50
2017.01.05 10:59:28.371,0.85106,0.85115,1.25,1.50
2017.01.05 10:59:31.052,0.85106,0.85114,1.25,1.00
2017.01.05 10:59:31.103,0.85104,0.85113,1.00,1.00
2017.01.05 10:59:31.155,0.85103,0.85111,1.50,1.00
2017.01.05 10:59:31.501,0.85103,0.85113,1.12,1.00
2017.01.05 10:59:32.365,0.85103,0.85114,2.62,1.25
2017.01.05 10:59:32.467,0.85105,0.85114,1.00,1.25
2017.01.05 10:59:32.771,0.85106,0.85112,1.25,1.00
2017.01.05 10:59:34.348,0.85106,0.85114,1.25,1.50
2017.01.05 10:59:36.526,0.85106,0.85115,1.25,1.50
2017.01.05 10:59:37.034,0.85105,0.85115,1.50,1.00
2017.01.05 10:59:37.491,0.85103,0.85114,2.06,1.00
2017.01.05 10:59:37.643,0.85103,0.85111,1.25,1.00
2017.01.05 10:59:38.188,0.85103,0.8511,1.25,1.00
2017.01.05 10:59:38.464,0.85099,0.8511,1.12,1.00
2017.01.05 10:59:38.619,0.851,0.85112,3.19,1.50
2017.01.05 10:59:38.924,0.85106,0.85114,1.25,3.00
2017.01.05 10:59:38.975,0.85107,0.85114,1.25,1.50
2017.01.05 10:59:39.278,0.85108,0.85117,1.25,3.37
2017.01.05 10:59:39.785,0.85109,0.85117,1.25,1.00
2017.01.05 10:59:40.518,0.85107,0.85117,1.00,1.69
2017.01.05 10:59:42.713,0.85106,0.85114,1.25,1.00
2017.01.05 10:59:42.814,0.85104,0.85113,1.00,1.25
2017.01.05 10:59:43.321,0.85104,0.85114,1.50,1.69
2017.01.05 10:59:43.838,0.85105,0.85114,1.00,1.69
2017.01.05 10:59:44.375,0.85104,0.85114,1.00,1.25
2017.01.05 10:59:45.564,0.85103,0.85114,3.37,1.25
2017.01.05 10:59:46.117,0.85103,0.85114,1.87,1.25
2017.01.05 10:59:47.729,0.85105,0.85114,1.00,1.69
2017.01.05 10:59:47.831,0.85103,0.85113,2.25,1.00
2017.01.05 10:59:49.267,0.85103,0.85114,2.25,1.25
2017.01.05 10:59:49.777,0.85104,0.85114,1.00,1.25
2017.01.05 10:59:50.272,0.85106,0.85116,1.00,1.00
2017.01.05 10:59:51.131,0.85106,0.85115,1.00,1.00
2017.01.05 10:59:51.780,0.85105,0.85115,2.44,1.00
2017.01.05 10:59:52.341,0.85105,0.85116,2.44,1.50
2017.01.05 10:59:53.740,0.85105,0.85117,3.19,1.12
2017.01.05 10:59:54.373,0.85106,0.85117,1.00,1.12
2017.01.05 10:59:55.465,0.85107,0.85118,1.00,2.06
2017.01.05 10:59:57.247,0.85107,0.85116,1.00,1.00
2017.01.05 10:59:58.762,0.85107,0.85118,1.00,2.44
2017.01.05 10:59:59.688,0.85105,0.85114,1.50,1.00
