2011.04.20 07:00:00.181,0.87784,0.87804,2.10,2.25
2011.04.20 07:00:00.511,0.87785,0.87805,1.50,1.50
2011.04.20 07:00:00.621,0.87784,0.87804,3.60,1.50
2011.04.20 07:00:00.732,0.87784,0.87804,2.85,1.50
2011.04.20 07:00:01.060,0.87784,0.87805,2.10,1.50
2011.04.20 07:00:01.402,0.87784,0.87801,1.35,1.13
2011.04.20 07:00:01.512,0.87781,0.87801,1.50,1.50
2011.04.20 07:00:01.622,0.87781,0.87797,4.88,2.85
2011.04.20 07:00:01.844,0.87785,0.87801,1.50,1.50
2011.04.20 07:00:01.953,0.87785,0.87801,2.10,1.50
2011.04.20 07:00:02.171,0.87788,0.87808,1.35,4.35
2011.04.20 07:00:02.284,0.8779,0.87808,2.25,4.35
2011.04.20 07:00:02.783,0.8779,0.87802,5.03,4.28
2011.04.20 07:00:03.009,0.87787,0.87808,1.35,5.10
2011.04.20 07:00:03.126,0.87787,0.87805,1.35,2.10
2011.04.20 07:00:03.461,0.87787,0.87807,2.85,2.10
2011.04.20 07:00:03.574,0.87789,0.87807,2.25,2.10
2011.04.20 07:00:03.684,0.87791,0.87813,4.35,8.03
2011.04.20 07:00:04.244,0.87791,0.87813,7.88,2.25
2011.04.20 07:00:04.793,0.87793,0.8781,1.50,1.50
2011.04.20 07:00:05.232,0.87788,0.87808,1.50,3.60
2011.04.20 07:00:05.452,0.87787,0.87805,1.50,2.85
2011.04.20 07:00:05.676,0.87786,0.87801,2.25,2.10
2011.04.20 07:00:06.178,0.87781,0.878,3.00,2.10
2011.04.20 07:00:06.983,0.8778,0.87801,1.50,3.98
2011.04.20 07:00:07.094,0.87779,0.87799,1.50,1.35
2011.04.20 07:00:07.212,0.87778,0.87798,2.25,1.13
2011.04.20 07:00:07.322,0.87776,0.87795,3.75,2.10
2011.04.20 07:00:07.437,0.87776,0.87794,1.50,2.10
2011.04.20 07:00:07.554,0.87774,0.87791,1.50,2.85
2011.04.20 07:00:07.774,0.87778,0.87793,2.25,2.10
2011.04.20 07:00:08.002,0.87779,0.87798,1.50,3.60
2011.04.20 07:00:08.569,0.8778,0.87798,1.50,2.10
2011.04.20 07:00:09.634,0.87782,0.87801,1.50,3.60
2011.04.20 07:00:10.189,0.87786,0.87801,1.50,2.10
2011.04.20 07:00:10.307,0.87786,0.87805,1.50,2.10
2011.04.20 07:00:10.862,0.87786,0.87807,1.35,4.35
2011.04.20 07:00:11.082,0.87786,0.87807,2.10,4.35
2011.04.20 07:00:11.416,0.87785,0.87804,2.25,4.28
2011.04.20 07:00:11.753,0.87782,0.87798,1.50,2.10
2011.04.20 07:00:12.083,0.8778,0.87796,1.50,2.10
2011.04.20 07:00:12.993,0.87777,0.87796,2.48,3.60
2011.04.20 07:00:15.128,0.87777,0.87798,2.10,2.25
2011.04.20 07:00:15.452,0.87779,0.87799,2.25,3.60
2011.04.20 07:00:16.711,0.8778,0.87799,1.50,2.25
2011.04.20 07:00:17.702,0.8778,0.87798,1.50,3.60
2011.04.20 07:00:18.144,0.87778,0.87795,1.50,2.10
2011.04.20 07:00:18.593,0.87775,0.87795,2.85,1.88
2011.04.20 07:00:18.702,0.87774,0.87795,1.50,3.98
2011.04.20 07:00:19.592,0.87773,0.87793,1.50,1.50
2011.04.20 07:00:20.153,0.87772,0.87791,1.50,1.50
2011.04.20 07:00:21.251,0.8777,0.87791,1.13,2.25
2011.04.20 07:00:21.800,0.8777,0.87791,1.13,2.25
2011.04.20 07:00:22.504,0.87771,0.87791,1.13,1.50
2011.04.20 07:00:22.627,0.87772,0.87792,1.35,1.50
2011.04.20 07:00:22.742,0.87772,0.87793,1.35,1.50
2011.04.20 07:00:22.961,0.87771,0.87793,3.98,1.50
2011.04.20 07:00:23.645,0.87771,0.8779,3.23,2.25
2011.04.20 07:00:23.760,0.87769,0.8779,4.58,2.25
2011.04.20 07:00:24.312,0.8777,0.87788,1.35,1.50
2011.04.20 07:00:24.753,0.87773,0.87792,1.73,1.50
2011.04.20 07:00:24.861,0.87776,0.87792,2.85,1.50
2011.04.20 07:00:24.973,0.87777,0.87793,1.50,1.50
2011.04.20 07:00:25.193,0.87771,0.87793,7.50,1.50
2011.04.20 07:00:25.631,0.87773,0.87791,1.50,1.50
2011.04.20 07:00:26.290,0.87773,0.87791,1.50,2.25
2011.04.20 07:00:26.511,0.87771,0.87791,3.98,1.50
2011.04.20 07:00:26.621,0.87776,0.87792,1.50,1.50
2011.04.20 07:00:26.951,0.87776,0.87792,1.50,1.50
2011.04.20 07:00:28.461,0.87778,0.87796,1.50,2.25
2011.04.20 07:00:28.681,0.87778,0.87799,2.63,2.25
2011.04.20 07:00:28.792,0.8778,0.87799,1.73,2.25
2011.04.20 07:00:29.232,0.87781,0.87801,2.10,2.25
2011.04.20 07:00:29.341,0.87781,0.87801,2.10,2.25
2011.04.20 07:00:30.001,0.87783,0.87801,2.25,1.50
2011.04.20 07:00:30.112,0.87784,0.87803,1.50,1.50
2011.04.20 07:00:30.442,0.87786,0.87804,1.73,1.50
2011.04.20 07:00:30.771,0.87788,0.87807,3.45,1.50
2011.04.20 07:00:31.212,0.87789,0.87807,1.13,1.50
2011.04.20 07:00:31.541,0.87794,0.87809,2.10,1.50
2011.04.20 07:00:32.502,0.87796,0.87809,1.50,1.50
2011.04.20 07:00:32.722,0.87793,0.87808,3.45,1.50
2011.04.20 07:00:32.832,0.87793,0.87806,2.10,1.50
2011.04.20 07:00:32.942,0.87789,0.87806,2.48,1.50
2011.04.20 07:00:33.162,0.87793,0.87806,1.13,1.50
2011.04.20 07:00:33.710,0.87794,0.8781,2.85,5.03
2011.04.20 07:00:34.281,0.87794,0.8781,2.85,5.03
2011.04.20 07:00:35.511,0.87792,0.87809,1.73,1.50
2011.04.20 07:00:38.645,0.87788,0.87808,1.88,1.50
2011.04.20 07:00:38.761,0.87788,0.87807,1.13,1.50
2011.04.20 07:00:39.312,0.87787,0.87807,5.40,1.50
2011.04.20 07:00:39.642,0.87789,0.87808,2.25,1.50
2011.04.20 07:00:39.971,0.87792,0.8781,1.13,1.50
2011.04.20 07:00:41.871,0.87791,0.8781,1.50,1.50
2011.04.20 07:00:42.202,0.87794,0.87811,3.98,1.50
2011.04.20 07:00:44.323,0.87796,0.87814,1.13,1.50
2011.04.20 07:00:44.432,0.87796,0.87814,3.23,1.50
2011.04.20 07:00:44.981,0.878,0.87819,1.35,1.50
2011.04.20 07:00:47.662,0.87799,0.87819,4.58,1.50
2011.04.20 07:00:47.885,0.87806,0.87822,2.85,1.50
2011.04.20 07:00:48.113,0.87804,0.87825,1.73,1.50
2011.04.20 07:00:49.002,0.87803,0.87821,1.35,1.50
2011.04.20 07:00:49.335,0.87805,0.87823,4.65,1.13
2011.04.20 07:00:49.567,0.87802,0.87821,1.50,1.35
2011.04.20 07:00:49.906,0.87807,0.87821,2.10,1.50
2011.04.20 07:00:50.246,0.87817,0.87831,2.48,1.50
2011.04.20 07:00:50.363,0.87813,0.87833,1.50,1.50
2011.04.20 07:00:50.471,0.87812,0.87831,1.50,1.50
2011.04.20 07:00:51.021,0.87812,0.87829,1.50,1.50
2011.04.20 07:00:52.102,0.87814,0.8783,1.73,1.50
2011.04.20 07:00:52.432,0.87817,0.87833,3.53,1.50
2011.04.20 07:00:52.541,0.87817,0.87833,3.53,1.50
2011.04.20 07:00:53.227,0.87815,0.8783,3.53,1.50
2011.04.20 07:00:55.811,0.87816,0.87829,3.53,1.50
2011.04.20 07:00:56.144,0.87814,0.87829,4.28,1.50
2011.04.20 07:00:56.362,0.87812,0.87829,4.28,1.50
2011.04.20 07:00:56.471,0.87812,0.87829,4.28,1.50
2011.04.20 07:00:58.250,0.87812,0.87829,4.28,1.50
2011.04.20 07:00:58.360,0.87812,0.87829,4.28,1.50
2011.04.20 07:01:01.402,0.87811,0.8783,6.75,1.50
2011.04.20 07:01:01.513,0.87814,0.87832,2.10,1.50
2011.04.20 07:01:01.842,0.87819,0.87834,3.53,1.50
2011.04.20 07:01:03.165,0.87818,0.87835,4.28,2.25
2011.04.20 07:01:06.261,0.87818,0.87828,4.28,1.50
2011.04.20 07:01:06.482,0.87813,0.8783,4.13,1.50
2011.04.20 07:01:06.701,0.87811,0.87828,3.53,1.50
2011.04.20 07:01:06.921,0.87807,0.87827,5.36,1.50
2011.04.20 07:01:09.302,0.87802,0.87823,2.43,2.10
2011.04.20 07:01:09.526,0.87801,0.87819,1.08,1.50
2011.04.20 07:01:09.641,0.87807,0.87819,1.50,1.50
2011.04.20 07:01:09.862,0.87798,0.87819,1.83,1.50
2011.04.20 07:01:10.398,0.87798,0.87819,2.43,1.50
2011.04.20 07:01:10.953,0.87799,0.87819,1.08,1.50
2011.04.20 07:01:11.287,0.87803,0.87821,2.48,1.50
2011.04.20 07:01:11.404,0.87804,0.87822,3.56,1.50
2011.04.20 07:01:11.624,0.87806,0.87825,1.35,1.50
2011.04.20 07:01:12.172,0.87804,0.87824,6.93,1.50
2011.04.20 07:01:12.502,0.87804,0.87823,2.10,1.50
2011.04.20 07:01:13.271,0.87803,0.87823,2.81,3.00
2011.04.20 07:01:14.308,0.87803,0.87822,3.41,1.50
2011.04.20 07:01:14.426,0.87807,0.87823,1.50,1.50
2011.04.20 07:01:15.861,0.87807,0.87823,1.88,1.50
2011.04.20 07:01:16.084,0.87807,0.87826,2.48,1.50
2011.04.20 07:01:17.781,0.87806,0.87825,3.00,2.85
2011.04.20 07:01:18.591,0.87806,0.87826,3.00,1.50
2011.04.20 07:01:18.701,0.87806,0.87826,2.25,1.50
2011.04.20 07:01:19.153,0.8781,0.87828,3.53,3.60
2011.04.20 07:01:19.262,0.8781,0.87828,1.50,1.50
2011.04.20 07:01:19.593,0.87811,0.87829,1.08,1.50
2011.04.20 07:01:20.153,0.87811,0.87829,1.08,1.50
2011.04.20 07:01:20.592,0.87811,0.87829,1.08,1.50
2011.04.20 07:01:21.141,0.87811,0.87829,1.08,1.50
2011.04.20 07:01:21.721,0.87811,0.87829,1.08,1.50
2011.04.20 07:01:22.282,0.87811,0.87829,1.08,1.50
2011.04.20 07:01:22.850,0.87811,0.87829,1.08,1.50
2011.04.20 07:01:23.222,0.87817,0.87829,1.35,1.50
2011.04.20 07:01:23.335,0.87817,0.87832,1.73,1.50
2011.04.20 07:01:23.563,0.87819,0.87835,1.35,1.50
2011.04.20 07:01:23.783,0.87819,0.87836,1.35,1.50
2011.04.20 07:01:24.435,0.87819,0.87837,1.08,2.85
2011.04.20 07:01:26.102,0.87817,0.87836,2.10,1.50
2011.04.20 07:01:26.323,0.87813,0.87832,1.08,1.50
2011.04.20 07:01:26.887,0.87816,0.87829,1.50,1.50
2011.04.20 07:01:27.441,0.87816,0.87829,1.50,1.50
2011.04.20 07:01:27.552,0.8781,0.87829,1.31,1.50
2011.04.20 07:01:28.104,0.87807,0.87827,7.08,1.50
2011.04.20 07:01:28.372,0.8781,0.87828,1.73,1.50
2011.04.20 07:01:32.301,0.8781,0.87827,1.73,1.50
2011.04.20 07:01:32.414,0.87807,0.87825,1.08,1.50
2011.04.20 07:01:32.960,0.87807,0.87825,2.25,1.50
2011.04.20 07:01:38.613,0.87808,0.87825,1.50,1.50
2011.04.20 07:01:38.836,0.87807,0.87824,2.63,1.50
2011.04.20 07:01:39.501,0.87807,0.87825,2.25,1.50
2011.04.20 07:01:40.083,0.87807,0.87824,2.25,1.50
2011.04.20 07:01:40.662,0.87807,0.87825,2.25,1.50
2011.04.20 07:01:42.523,0.87807,0.87825,2.25,2.25
2011.04.20 07:01:42.745,0.87806,0.87823,1.50,1.50
2011.04.20 07:01:43.301,0.87799,0.8782,1.08,2.85
2011.04.20 07:01:43.743,0.87797,0.87817,1.08,1.50
2011.04.20 07:01:44.182,0.87796,0.87813,3.00,1.50
2011.04.20 07:01:44.731,0.87791,0.87812,1.08,1.13
2011.04.20 07:01:44.842,0.8779,0.8781,4.28,1.50
2011.04.20 07:01:45.485,0.87788,0.8781,5.73,1.88
2011.04.20 07:01:45.713,0.87788,0.8781,5.73,1.88
2011.04.20 07:01:46.263,0.87788,0.8781,5.36,1.50
2011.04.20 07:01:46.481,0.8779,0.8781,1.50,1.50
2011.04.20 07:01:46.703,0.87793,0.8781,1.13,1.50
2011.04.20 07:01:47.251,0.87793,0.8781,1.13,1.50
2011.04.20 07:01:47.471,0.87793,0.87812,1.13,1.50
2011.04.20 07:01:47.694,0.87792,0.8781,1.08,2.48
2011.04.20 07:01:47.802,0.87791,0.8781,5.96,3.23
2011.04.20 07:01:48.024,0.87787,0.87806,1.08,4.58
2011.04.20 07:01:48.471,0.87789,0.87808,1.08,1.50
2011.04.20 07:01:50.764,0.87792,0.87809,1.73,1.50
2011.04.20 07:01:51.091,0.87793,0.87811,4.28,1.50
2011.04.20 07:01:51.532,0.87797,0.87812,1.13,2.25
2011.04.20 07:01:51.641,0.87797,0.87812,1.13,2.25
2011.04.20 07:01:51.861,0.87797,0.87812,1.13,2.25
2011.04.20 07:01:52.081,0.87794,0.87812,1.08,1.50
2011.04.20 07:01:52.640,0.87794,0.87812,4.61,1.50
2011.04.20 07:01:53.251,0.87794,0.87812,1.08,2.25
2011.04.20 07:01:53.982,0.87794,0.87812,1.08,2.25
2011.04.20 07:01:54.711,0.87794,0.87812,1.08,2.25
2011.04.20 07:01:54.931,0.87794,0.87812,1.08,2.25
2011.04.20 07:01:56.568,0.87796,0.87814,1.08,1.50
2011.04.20 07:01:56.793,0.87796,0.87814,1.08,1.50
2011.04.20 07:01:56.904,0.87796,0.87811,1.08,1.13
2011.04.20 07:01:57.235,0.87793,0.87811,1.83,1.13
2011.04.20 07:01:57.791,0.87793,0.87811,1.08,1.73
2011.04.20 07:01:58.341,0.87793,0.87811,1.08,1.73
2011.04.20 07:01:58.781,0.87793,0.87811,1.08,1.73
2011.04.20 07:01:59.002,0.87793,0.87811,1.08,1.73
2011.04.20 07:01:59.881,0.87793,0.87811,1.08,4.58
2011.04.20 07:02:00.102,0.87793,0.87811,1.08,2.48
2011.04.20 07:02:00.431,0.87793,0.87811,1.08,1.50
2011.04.20 07:02:03.635,0.87792,0.87812,1.08,2.25
2011.04.20 07:02:03.752,0.87792,0.8781,1.08,2.85
2011.04.20 07:02:04.080,0.87784,0.87803,1.08,1.35
2011.04.20 07:02:04.410,0.87784,0.87803,1.08,1.35
2011.04.20 07:02:04.743,0.87789,0.87807,1.08,1.50
2011.04.20 07:02:05.071,0.87788,0.8781,6.33,1.50
2011.04.20 07:02:05.511,0.8779,0.8781,1.83,1.50
2011.04.20 07:02:05.621,0.8779,0.87809,5.36,1.13
2011.04.20 07:02:05.953,0.87789,0.87803,1.08,2.25
2011.04.20 07:02:06.283,0.87786,0.87801,2.85,1.50
2011.04.20 07:02:06.611,0.87786,0.87805,2.85,1.50
2011.04.20 07:02:07.190,0.87786,0.87805,1.08,1.13
2011.04.20 07:02:07.303,0.87786,0.87804,1.83,1.50
2011.04.20 07:02:07.633,0.87786,0.87806,2.58,2.63
2011.04.20 07:02:07.746,0.87788,0.87807,1.08,1.50
2011.04.20 07:02:08.082,0.87792,0.8781,4.28,1.50
2011.04.20 07:02:08.631,0.87794,0.87812,1.08,2.63
2011.04.20 07:02:08.960,0.87794,0.87812,1.08,1.88
2011.04.20 07:02:11.044,0.87794,0.87812,1.08,2.25
2011.04.20 07:02:12.913,0.87794,0.87812,1.08,2.25
2011.04.20 07:02:14.031,0.87794,0.87812,1.08,1.50
2011.04.20 07:02:15.571,0.87794,0.87812,1.08,1.50
2011.04.20 07:02:16.115,0.87794,0.87812,1.08,3.00
2011.04.20 07:02:18.511,0.87794,0.87811,1.08,1.50
2011.04.20 07:02:18.843,0.87792,0.8781,1.50,1.50
2011.04.20 07:02:18.955,0.8779,0.8781,6.48,1.50
2011.04.20 07:02:19.292,0.87797,0.87815,1.08,2.25
2011.04.20 07:02:19.402,0.87797,0.87815,1.08,2.25
2011.04.20 07:02:19.732,0.87798,0.87817,3.45,1.50
2011.04.20 07:02:19.953,0.878,0.87819,1.13,2.25
2011.04.20 07:02:20.392,0.87804,0.87821,2.85,1.50
2011.04.20 07:02:21.350,0.87805,0.87821,1.50,1.50
2011.04.20 07:02:21.914,0.87806,0.87823,2.25,1.13
2011.04.20 07:02:22.241,0.87806,0.87821,2.25,2.25
2011.04.20 07:02:22.790,0.87806,0.87821,2.25,2.25
2011.04.20 07:02:23.340,0.87806,0.87821,2.25,2.25
2011.04.20 07:02:23.950,0.87806,0.87821,2.25,1.50
2011.04.20 07:02:25.492,0.87803,0.87822,1.68,1.50
2011.04.20 07:02:25.931,0.87804,0.87823,1.08,1.50
2011.04.20 07:02:33.211,0.87805,0.87823,1.50,1.88
2011.04.20 07:02:33.323,0.87804,0.87821,1.08,3.23
2011.04.20 07:02:34.742,0.87807,0.87821,1.50,2.10
2011.04.20 07:02:35.072,0.87807,0.87825,1.50,1.50
2011.04.20 07:02:35.623,0.87807,0.87825,1.50,1.50
2011.04.20 07:02:35.842,0.87808,0.87827,1.08,1.13
2011.04.20 07:02:39.912,0.87807,0.87824,1.08,1.13
2011.04.20 07:02:40.481,0.87808,0.87825,1.08,2.10
2011.04.20 07:02:40.812,0.87809,0.87827,4.28,1.13
2011.04.20 07:02:41.363,0.87808,0.87826,1.83,1.13
2011.04.20 07:02:46.071,0.87808,0.87826,1.08,1.88
2011.04.20 07:02:48.140,0.87808,0.87826,1.08,1.88
2011.04.20 07:02:48.691,0.87806,0.87825,1.08,1.50
2011.04.20 07:02:53.192,0.87806,0.87825,1.08,1.50
2011.04.20 07:02:55.542,0.87806,0.87824,1.08,1.88
2011.04.20 07:02:55.654,0.87804,0.87822,1.35,2.25
2011.04.20 07:02:58.610,0.87802,0.87822,1.08,3.23
2011.04.20 07:02:59.052,0.87802,0.87822,1.68,1.50
2011.04.20 07:02:59.161,0.87804,0.87824,1.08,4.88
2011.04.20 07:03:00.111,0.87804,0.87824,1.08,2.25
2011.04.20 07:03:01.284,0.87806,0.87825,2.63,1.50
2011.04.20 07:03:01.505,0.87806,0.87825,2.25,1.50
2011.04.20 07:03:02.962,0.87807,0.87827,1.08,1.13
2011.04.20 07:03:04.402,0.87809,0.87828,2.10,2.25
2011.04.20 07:03:04.623,0.87812,0.87831,1.46,1.50
2011.04.20 07:03:04.732,0.87812,0.87833,8.58,3.00
2011.04.20 07:03:04.841,0.87812,0.87833,8.58,1.50
2011.04.20 07:03:04.951,0.87812,0.87833,8.58,1.50
2011.04.20 07:03:06.153,0.87815,0.87833,1.83,1.50
2011.04.20 07:03:06.638,0.87813,0.87833,1.08,3.75
2011.04.20 07:03:09.772,0.87811,0.87832,1.08,1.50
2011.04.20 07:03:09.993,0.8781,0.87831,1.46,1.50
2011.04.20 07:03:12.202,0.8781,0.87829,1.08,2.63
2011.04.20 07:03:12.533,0.87808,0.87827,1.08,1.35
2011.04.20 07:03:12.863,0.87806,0.87824,2.58,1.50
2011.04.20 07:03:13.192,0.87806,0.87819,1.08,1.50
2011.04.20 07:03:14.216,0.87802,0.87819,1.83,1.50
2011.04.20 07:03:15.103,0.878,0.87819,1.35,2.63
2011.04.20 07:03:15.434,0.87799,0.87818,1.08,3.98
2011.04.20 07:03:15.543,0.87799,0.87818,1.08,4.73
2011.04.20 07:03:15.973,0.87798,0.87814,1.83,1.13
2011.04.20 07:03:16.303,0.87795,0.87812,1.08,2.10
2011.04.20 07:03:16.410,0.87795,0.87812,1.08,2.10
2011.04.20 07:03:23.301,0.87793,0.87812,1.08,3.60
2011.04.20 07:03:23.904,0.87793,0.87811,1.08,1.50
2011.04.20 07:03:25.842,0.87793,0.87812,1.08,4.35
2011.04.20 07:03:27.293,0.87793,0.87812,1.08,2.10
2011.04.20 07:03:27.515,0.87797,0.87812,2.48,2.10
2011.04.20 07:03:27.842,0.87803,0.87821,1.68,2.25
2011.04.20 07:03:28.391,0.87806,0.87824,3.53,2.25
2011.04.20 07:03:28.843,0.87806,0.87824,3.86,2.25
2011.04.20 07:03:29.903,0.87804,0.87824,1.08,2.25
2011.04.20 07:03:30.355,0.87807,0.87823,1.50,2.48
2011.04.20 07:03:30.582,0.87807,0.87823,1.50,1.50
2011.04.20 07:03:31.131,0.87807,0.87823,1.50,1.50
2011.04.20 07:03:32.200,0.87807,0.87823,1.50,1.50
2011.04.20 07:03:32.751,0.87807,0.87823,1.50,1.50
2011.04.20 07:03:34.171,0.87807,0.87823,1.50,1.50
2011.04.20 07:03:43.113,0.87807,0.87818,1.50,1.50
2011.04.20 07:03:43.224,0.878,0.87818,1.08,2.25
2011.04.20 07:03:43.442,0.87797,0.87817,1.83,3.60
2011.04.20 07:03:43.553,0.87794,0.87814,1.83,2.25
2011.04.20 07:03:43.663,0.87792,0.87812,1.68,1.50
2011.04.20 07:03:44.276,0.8779,0.8781,3.56,1.50
2011.04.20 07:03:46.591,0.8779,0.8781,1.08,1.50
2011.04.20 07:03:47.472,0.8779,0.87809,1.08,2.25
2011.04.20 07:03:47.913,0.8779,0.87807,1.08,2.85
2011.04.20 07:03:48.243,0.87784,0.87801,1.13,2.10
2011.04.20 07:03:48.573,0.87787,0.87804,1.83,1.50
2011.04.20 07:03:48.903,0.87787,0.87807,1.08,1.13
2011.04.20 07:03:49.565,0.87785,0.87804,1.08,1.50
2011.04.20 07:03:50.121,0.87785,0.87804,1.08,1.50
2011.04.20 07:03:51.731,0.87785,0.87804,1.08,2.63
2011.04.20 07:03:52.282,0.87781,0.87799,1.83,2.10
2011.04.20 07:03:52.832,0.87781,0.87801,1.08,3.83
2011.04.20 07:03:56.291,0.87781,0.87801,1.08,2.70
2011.04.20 07:03:56.403,0.87781,0.87801,1.83,3.08
2011.04.20 07:03:58.141,0.87781,0.878,1.08,1.50
2011.04.20 07:03:59.811,0.87781,0.87802,1.83,2.85
2011.04.20 07:04:02.571,0.87783,0.87804,1.46,3.00
2011.04.20 07:04:05.214,0.87781,0.87802,4.31,1.50
2011.04.20 07:04:05.766,0.87782,0.87802,1.08,1.50
2011.04.20 07:04:06.431,0.87783,0.87804,1.08,4.13
2011.04.20 07:04:09.580,0.87783,0.87804,1.08,3.75
2011.04.20 07:04:14.373,0.87787,0.87805,1.13,1.50
2011.04.20 07:04:14.921,0.87787,0.87807,1.13,2.25
2011.04.20 07:04:18.852,0.87786,0.87805,2.58,1.35
2011.04.20 07:04:19.181,0.87786,0.87804,1.08,1.50
2011.04.20 07:04:19.730,0.87787,0.87804,1.50,1.50
2011.04.20 07:04:21.993,0.87783,0.87802,1.08,2.10
2011.04.20 07:04:22.102,0.87782,0.87802,1.83,1.35
2011.04.20 07:04:22.651,0.87782,0.87802,1.08,1.35
2011.04.20 07:04:23.995,0.87782,0.87802,1.08,2.10
2011.04.20 07:04:24.273,0.87781,0.878,1.08,3.08
2011.04.20 07:04:25.453,0.87782,0.878,1.08,3.45
2011.04.20 07:04:25.673,0.87784,0.87803,1.50,1.88
2011.04.20 07:04:26.222,0.87783,0.87803,1.50,3.38
2011.04.20 07:04:26.442,0.87782,0.87802,1.68,1.50
2011.04.20 07:04:26.881,0.87782,0.87803,1.08,9.08
2011.04.20 07:04:26.991,0.87782,0.87803,1.08,9.08
2011.04.20 07:04:28.601,0.87782,0.87803,1.08,9.08
2011.04.20 07:04:29.962,0.87782,0.87803,1.08,8.33
2011.04.20 07:04:30.511,0.87782,0.878,1.08,1.35
2011.04.20 07:04:33.051,0.87783,0.878,1.08,2.10
2011.04.20 07:04:34.062,0.87783,0.878,1.08,2.10
2011.04.20 07:04:34.610,0.87782,0.87799,1.08,1.88
2011.04.20 07:04:37.032,0.87781,0.878,2.25,2.48
2011.04.20 07:04:37.587,0.87781,0.87799,1.50,1.13
2011.04.20 07:04:38.602,0.87781,0.878,5.03,1.73
2011.04.20 07:04:38.715,0.87784,0.87804,1.08,2.25
2011.04.20 07:04:38.943,0.87783,0.87805,1.83,2.85
2011.04.20 07:04:39.050,0.87783,0.87805,1.83,2.85
2011.04.20 07:04:39.719,0.87785,0.87805,1.83,2.10
2011.04.20 07:04:40.272,0.87787,0.87805,1.08,1.35
2011.04.20 07:04:40.383,0.87786,0.87804,1.08,1.13
2011.04.20 07:04:40.715,0.87782,0.878,1.08,2.63
2011.04.20 07:04:41.065,0.87779,0.87796,1.08,1.13
2011.04.20 07:04:41.513,0.87776,0.87796,4.61,3.60
2011.04.20 07:04:41.732,0.87776,0.87791,3.53,1.50
2011.04.20 07:04:42.281,0.87774,0.87792,1.08,2.10
2011.04.20 07:04:42.505,0.87774,0.87792,1.08,2.10
2011.04.20 07:04:42.832,0.87767,0.87782,1.08,1.13
2011.04.20 07:04:43.381,0.87766,0.87784,1.08,1.35
2011.04.20 07:04:44.751,0.87766,0.87784,1.08,2.10
2011.04.20 07:04:45.251,0.87761,0.87782,1.08,1.13
2011.04.20 07:04:45.364,0.87761,0.87781,1.08,1.13
2011.04.20 07:04:45.911,0.8776,0.87781,1.08,1.88
2011.04.20 07:04:46.312,0.8776,0.87779,1.83,1.88
2011.04.20 07:04:46.533,0.87758,0.87779,1.08,1.88
2011.04.20 07:04:49.836,0.87761,0.87779,2.48,1.50
2011.04.20 07:04:50.063,0.87765,0.87782,1.50,1.13
2011.04.20 07:04:50.283,0.87761,0.87782,1.08,3.23
2011.04.20 07:04:52.911,0.8776,0.8778,1.08,1.88
2011.04.20 07:04:53.461,0.87759,0.87777,1.08,1.13
2011.04.20 07:04:55.031,0.87761,0.8778,1.08,1.50
2011.04.20 07:04:55.362,0.87761,0.87773,1.08,2.10
2011.04.20 07:04:55.585,0.87755,0.87767,1.08,1.73
2011.04.20 07:04:55.703,0.87746,0.87766,1.83,1.50
2011.04.20 07:04:55.814,0.87746,0.87766,1.08,1.50
2011.04.20 07:04:56.253,0.87743,0.87764,3.86,1.50
2011.04.20 07:05:00.101,0.87743,0.87764,1.08,1.50
2011.04.20 07:05:00.431,0.87747,0.87765,1.50,1.50
2011.04.20 07:05:00.982,0.87748,0.87764,1.50,1.50
2011.04.20 07:05:01.202,0.87746,0.87765,1.83,2.10
2011.04.20 07:05:01.422,0.87749,0.87769,1.83,1.35
2011.04.20 07:05:02.605,0.87756,0.87774,2.25,1.35
2011.04.20 07:05:02.725,0.87756,0.87777,2.25,1.50
2011.04.20 07:05:02.953,0.87758,0.87778,1.08,2.63
2011.04.20 07:05:03.503,0.87759,0.87779,2.48,1.50
2011.04.20 07:05:03.833,0.87763,0.87782,3.23,1.50
2011.04.20 07:05:03.942,0.87765,0.87783,1.50,4.28
2011.04.20 07:05:04.053,0.87766,0.87783,2.10,3.53
2011.04.20 07:05:04.383,0.87772,0.87785,1.35,3.53
2011.04.20 07:05:04.712,0.87777,0.87785,2.85,3.53
2011.04.20 07:05:04.933,0.87779,0.87798,1.08,1.50
2011.04.20 07:05:05.515,0.87783,0.87802,1.08,2.25
2011.04.20 07:05:05.743,0.87782,0.87804,1.83,2.48
2011.04.20 07:05:06.291,0.87782,0.87804,1.83,2.48
2011.04.20 07:05:06.402,0.87782,0.87803,1.83,1.73
2011.04.20 07:05:11.342,0.87781,0.87802,5.36,1.13
2011.04.20 07:05:11.451,0.87781,0.87801,5.36,1.13
2011.04.20 07:05:12.002,0.87779,0.87798,1.83,3.08
2011.04.20 07:05:12.442,0.87781,0.87801,1.50,5.33
2011.04.20 07:05:12.990,0.87783,0.87801,1.50,3.23
2011.04.20 07:05:13.321,0.87783,0.87802,1.83,3.83
2011.04.20 07:05:14.052,0.87783,0.87802,1.83,3.83
2011.04.20 07:05:15.516,0.87783,0.87802,2.58,2.85
2011.04.20 07:05:15.741,0.87786,0.87803,1.08,1.50
2011.04.20 07:05:16.390,0.87786,0.87805,1.08,3.23
2011.04.20 07:05:16.508,0.87786,0.87805,1.08,3.23
2011.04.20 07:05:16.845,0.87787,0.87806,1.50,1.50
2011.04.20 07:05:17.078,0.87792,0.87809,1.50,1.73
2011.04.20 07:05:17.415,0.87793,0.87811,1.50,1.13
2011.04.20 07:05:17.526,0.87792,0.87811,2.48,1.13
2011.04.20 07:05:17.755,0.87794,0.87812,1.46,1.13
2011.04.20 07:05:17.874,0.87795,0.87814,1.08,5.63
2011.04.20 07:05:18.422,0.87796,0.87816,1.08,2.25
2011.04.20 07:05:18.754,0.87798,0.87817,4.61,1.50
2011.04.20 07:05:18.865,0.87799,0.87819,1.08,2.25
2011.04.20 07:05:19.873,0.878,0.87818,1.46,1.50
2011.04.20 07:05:19.982,0.87801,0.87819,4.61,1.50
2011.04.20 07:05:20.095,0.87802,0.87822,6.11,2.85
2011.04.20 07:05:20.654,0.87804,0.87822,1.83,1.35
2011.04.20 07:05:20.985,0.87806,0.87825,1.83,1.50
2011.04.20 07:05:21.982,0.87807,0.87826,1.08,1.50
2011.04.20 07:05:22.205,0.87808,0.87827,4.61,1.88
2011.04.20 07:05:22.809,0.8781,0.87831,1.08,1.50
2011.04.20 07:05:23.362,0.8781,0.87829,1.83,1.13
2011.04.20 07:05:23.692,0.87806,0.87825,3.18,1.50
2011.04.20 07:05:23.803,0.87807,0.87826,1.46,1.50
2011.04.20 07:05:23.915,0.87809,0.87829,1.08,1.13
2011.04.20 07:05:24.242,0.87809,0.87824,1.08,1.50
2011.04.20 07:05:24.572,0.87802,0.87819,1.08,1.13
2011.04.20 07:05:25.231,0.87801,0.8782,1.08,1.50
2011.04.20 07:05:25.681,0.87806,0.87821,1.50,1.50
2011.04.20 07:05:26.233,0.87806,0.87822,1.50,1.13
2011.04.20 07:05:26.936,0.87802,0.87821,4.61,1.50
2011.04.20 07:05:27.052,0.87802,0.87821,4.61,1.50
2011.04.20 07:05:27.384,0.87803,0.87823,1.08,2.10
2011.04.20 07:05:27.822,0.87806,0.87824,1.50,1.50
2011.04.20 07:05:28.354,0.87806,0.87824,1.50,1.50
2011.04.20 07:05:28.683,0.87806,0.87827,1.46,2.10
2011.04.20 07:05:29.014,0.87806,0.87828,1.46,1.35
2011.04.20 07:05:30.472,0.87808,0.87827,1.08,1.35
2011.04.20 07:05:31.155,0.8781,0.8783,2.06,1.50
2011.04.20 07:05:31.278,0.87811,0.87829,1.08,2.85
2011.04.20 07:05:31.776,0.87816,0.8783,1.50,2.25
2011.04.20 07:05:32.004,0.87811,0.8783,3.56,2.25
2011.04.20 07:05:32.115,0.87812,0.8783,1.08,1.50
2011.04.20 07:05:32.232,0.87812,0.87832,1.46,2.25
2011.04.20 07:05:32.453,0.87814,0.87829,1.08,1.50
2011.04.20 07:05:32.783,0.87812,0.87829,1.08,1.50
2011.04.20 07:05:33.005,0.87809,0.87826,1.08,1.13
2011.04.20 07:05:33.344,0.87809,0.87825,1.08,1.50
2011.04.20 07:05:33.564,0.87809,0.87828,1.08,1.35
2011.04.20 07:05:34.002,0.87809,0.87829,1.08,1.50
2011.04.20 07:05:34.113,0.87809,0.8783,4.98,1.88
2011.04.20 07:05:34.552,0.87812,0.87832,4.61,1.50
2011.04.20 07:05:34.882,0.87814,0.87832,4.61,1.50
2011.04.20 07:05:35.794,0.87817,0.87835,3.53,1.50
2011.04.20 07:05:36.123,0.87817,0.87838,4.98,2.25
2011.04.20 07:05:36.344,0.87818,0.87835,3.86,1.50
2011.04.20 07:05:36.673,0.87822,0.87839,1.35,1.50
2011.04.20 07:05:36.782,0.87823,0.87842,1.08,1.13
2011.04.20 07:05:36.893,0.87818,0.8784,6.71,2.25
2011.04.20 07:05:37.005,0.87818,0.87837,4.61,1.13
2011.04.20 07:05:37.113,0.87818,0.87834,4.61,1.50
2011.04.20 07:05:37.666,0.87817,0.87833,1.50,1.50
2011.04.20 07:05:38.225,0.87811,0.87831,1.68,2.63
2011.04.20 07:05:38.782,0.87809,0.87828,1.08,1.50
2011.04.20 07:05:39.203,0.87808,0.87827,1.08,1.50
2011.04.20 07:05:39.762,0.87807,0.87827,2.43,1.50
2011.04.20 07:05:41.073,0.87807,0.87826,1.83,1.50
2011.04.20 07:05:41.183,0.87807,0.87825,1.50,1.50
2011.04.20 07:05:41.511,0.87807,0.87823,1.50,1.50
2011.04.20 07:05:41.732,0.87802,0.87823,2.43,1.50
2011.04.20 07:05:42.415,0.87806,0.87823,1.50,2.25
2011.04.20 07:05:45.044,0.87806,0.87823,2.85,1.50
2011.04.20 07:05:45.264,0.87807,0.87824,2.85,1.50
2011.04.20 07:05:45.481,0.87806,0.87822,1.50,1.50
2011.04.20 07:05:46.032,0.87805,0.87823,1.31,1.50
2011.04.20 07:05:46.631,0.87806,0.87823,1.88,1.50
2011.04.20 07:05:46.964,0.87807,0.87826,1.08,4.28
2011.04.20 07:05:47.183,0.87806,0.87824,5.10,1.50
2011.04.20 07:05:47.732,0.87804,0.87823,2.06,1.50
2011.04.20 07:05:48.282,0.87806,0.87824,2.21,2.25
2011.04.20 07:05:50.241,0.87807,0.87824,1.50,2.25
2011.04.20 07:05:50.792,0.87807,0.87824,2.48,2.25
2011.04.20 07:05:51.232,0.87807,0.87824,1.50,2.25
2011.04.20 07:05:51.781,0.87806,0.87823,1.50,1.50
2011.04.20 07:05:52.865,0.87809,0.87827,1.46,4.28
2011.04.20 07:05:53.204,0.87817,0.87826,1.50,1.50
2011.04.20 07:05:53.544,0.87806,0.87822,2.58,1.50
2011.04.20 07:05:53.769,0.87803,0.8782,1.08,1.50
2011.04.20 07:05:54.264,0.87796,0.87816,2.58,2.25
2011.04.20 07:05:54.373,0.87797,0.87815,1.50,1.50
2011.04.20 07:05:54.816,0.87797,0.87812,1.50,1.50
2011.04.20 07:05:55.374,0.87792,0.87812,1.83,2.25
2011.04.20 07:05:55.592,0.87797,0.87812,1.50,1.50
2011.04.20 07:05:55.922,0.87797,0.87812,1.50,1.50
2011.04.20 07:05:56.142,0.87797,0.87812,1.50,2.25
2011.04.20 07:05:56.252,0.8779,0.87812,2.43,2.25
2011.04.20 07:05:56.581,0.87796,0.87811,1.50,1.50
2011.04.20 07:05:59.331,0.87798,0.87815,2.06,1.50
2011.04.20 07:05:59.443,0.87798,0.87815,1.08,3.90
2011.04.20 07:06:00.923,0.87797,0.8781,1.50,3.60
2011.04.20 07:06:01.033,0.87788,0.87809,1.83,1.73
2011.04.20 07:06:01.255,0.87786,0.87806,2.48,2.25
2011.04.20 07:06:01.812,0.87786,0.87804,1.50,1.13
2011.04.20 07:06:02.361,0.87786,0.87806,1.50,2.10
2011.04.20 07:06:02.803,0.87787,0.87807,1.31,3.00
2011.04.20 07:06:03.458,0.87788,0.87808,1.46,1.50
2011.04.20 07:06:04.514,0.87798,0.87808,3.98,1.50
2011.04.20 07:06:04.734,0.87801,0.87813,2.21,1.13
2011.04.20 07:06:04.845,0.87798,0.87812,2.25,2.48
2011.04.20 07:06:04.954,0.87792,0.87812,1.83,3.60
2011.04.20 07:06:05.063,0.87792,0.8781,1.08,1.50
2011.04.20 07:06:05.282,0.87792,0.87813,1.08,2.63
2011.04.20 07:06:05.614,0.87789,0.87809,1.46,1.50
2011.04.20 07:06:06.192,0.87789,0.8781,2.21,1.50
2011.04.20 07:06:08.516,0.87796,0.87813,2.10,2.25
2011.04.20 07:06:08.749,0.87797,0.87814,1.35,1.50
2011.04.20 07:06:08.863,0.87797,0.87818,1.68,2.25
2011.04.20 07:06:08.973,0.87797,0.87818,2.43,1.50
2011.04.20 07:06:10.315,0.87798,0.87819,1.31,2.25
2011.04.20 07:06:10.763,0.87797,0.87818,1.08,2.85
2011.04.20 07:06:10.983,0.87796,0.87815,1.50,2.25
2011.04.20 07:06:11.532,0.87797,0.87815,1.50,2.25
2011.04.20 07:06:12.084,0.87797,0.87813,1.50,2.25
2011.04.20 07:06:12.303,0.87791,0.87812,2.43,1.50
2011.04.20 07:06:12.850,0.87791,0.87809,4.98,1.13
2011.04.20 07:06:13.182,0.87791,0.87809,1.08,1.88
2011.04.20 07:06:15.974,0.87792,0.87811,1.31,1.50
2011.04.20 07:06:16.193,0.87794,0.87813,2.43,1.50
2011.04.20 07:06:16.743,0.87794,0.87813,3.18,1.50
2011.04.20 07:06:17.292,0.87796,0.87816,1.83,1.50
2011.04.20 07:06:17.622,0.87795,0.87813,1.83,1.13
2011.04.20 07:06:17.734,0.87795,0.87813,1.08,1.13
2011.04.20 07:06:21.312,0.87795,0.87812,1.08,1.50
2011.04.20 07:06:21.423,0.87793,0.87811,1.08,1.50
2011.04.20 07:06:21.644,0.87793,0.87808,1.08,1.13
2011.04.20 07:06:21.867,0.87788,0.87805,1.83,1.50
2011.04.20 07:06:22.094,0.87783,0.87803,1.83,3.08
2011.04.20 07:06:22.203,0.87783,0.87803,1.83,3.83
2011.04.20 07:06:22.755,0.87783,0.87803,1.83,3.45
2011.04.20 07:06:23.402,0.87783,0.87803,1.83,3.45
2011.04.20 07:06:23.952,0.87783,0.87804,4.46,1.50
2011.04.20 07:06:24.542,0.87786,0.87804,1.46,2.25
2011.04.20 07:06:25.892,0.87786,0.87804,2.21,1.50
2011.04.20 07:06:26.114,0.87787,0.87808,2.21,2.10
2011.04.20 07:06:26.445,0.87789,0.87808,3.83,1.50
2011.04.20 07:06:26.662,0.87793,0.87811,2.48,1.50
2011.04.20 07:06:27.699,0.87794,0.87811,1.88,1.50
2011.04.20 07:06:27.925,0.87787,0.87808,4.98,2.25
2011.04.20 07:06:28.044,0.87787,0.87806,2.58,1.50
2011.04.20 07:06:28.482,0.87783,0.87805,1.83,2.25
2011.04.20 07:06:29.254,0.87786,0.87802,1.83,1.50
2011.04.20 07:06:29.803,0.87783,0.87803,1.83,1.50
2011.04.20 07:06:31.881,0.87787,0.87807,4.46,1.50
2011.04.20 07:06:32.985,0.87788,0.87807,1.31,1.50
2011.04.20 07:06:33.204,0.87789,0.87811,2.21,2.25
2011.04.20 07:06:33.313,0.87792,0.87811,3.08,1.50
2011.04.20 07:06:33.862,0.87792,0.87811,3.08,1.50
2011.04.20 07:06:34.413,0.87796,0.87814,1.50,2.25
2011.04.20 07:06:34.962,0.87796,0.87814,1.50,1.50
2011.04.20 07:06:36.510,0.87796,0.87814,1.88,1.50
2011.04.20 07:06:36.734,0.87797,0.87814,2.48,1.50
2011.04.20 07:06:37.955,0.87793,0.87814,2.06,1.50
2011.04.20 07:06:38.614,0.87796,0.87814,1.50,1.50
2011.04.20 07:06:38.834,0.87796,0.87814,2.25,1.50
2011.04.20 07:06:42.587,0.87797,0.87816,3.56,1.50
2011.04.20 07:06:45.906,0.87797,0.87816,1.08,1.50
2011.04.20 07:06:46.022,0.87797,0.87815,1.08,1.50
2011.04.20 07:06:46.575,0.87792,0.87813,2.58,2.25
2011.04.20 07:06:46.685,0.87792,0.87813,1.50,1.50
2011.04.20 07:06:46.792,0.8779,0.87813,2.43,1.50
2011.04.20 07:06:47.344,0.8779,0.8781,1.68,1.50
2011.04.20 07:06:48.743,0.87792,0.87812,2.06,3.00
2011.04.20 07:06:48.965,0.87794,0.87814,2.81,1.50
2011.04.20 07:06:49.293,0.87795,0.87814,2.06,3.00
2011.04.20 07:06:49.842,0.87797,0.87816,3.83,2.25
2011.04.20 07:06:51.502,0.87797,0.87816,3.23,2.25
2011.04.20 07:06:55.022,0.87796,0.8781,3.83,1.50
2011.04.20 07:06:55.247,0.87798,0.87816,1.08,1.50
2011.04.20 07:06:55.804,0.87796,0.87814,1.08,1.13
2011.04.20 07:06:57.982,0.87796,0.87814,1.50,1.88
2011.04.20 07:06:58.533,0.87796,0.87814,1.50,1.88
2011.04.20 07:07:01.333,0.87793,0.87813,2.43,1.50
2011.04.20 07:07:01.663,0.87793,0.87813,1.68,1.50
2011.04.20 07:07:01.993,0.87793,0.87813,1.68,1.50
2011.04.20 07:07:04.704,0.87793,0.87814,6.33,3.00
2011.04.20 07:07:04.923,0.87794,0.87814,1.68,3.00
2011.04.20 07:07:05.680,0.87794,0.87814,1.08,3.75
2011.04.20 07:07:06.345,0.87795,0.87814,1.35,3.75
2011.04.20 07:07:07.963,0.87795,0.87814,1.35,3.00
2011.04.20 07:07:08.292,0.87796,0.87816,1.08,2.25
2011.04.20 07:07:08.844,0.87798,0.87816,3.56,1.50
2011.04.20 07:07:09.392,0.87799,0.87819,1.31,1.50
2011.04.20 07:07:11.245,0.87799,0.87819,1.31,1.50
2011.04.20 07:07:11.983,0.87805,0.87825,1.08,1.50
2011.04.20 07:07:12.328,0.87806,0.87824,1.83,2.25
2011.04.20 07:07:14.832,0.87806,0.87823,1.68,2.25
2011.04.20 07:07:15.662,0.87806,0.87823,1.68,1.50
2011.04.20 07:07:16.416,0.87806,0.87826,1.50,1.50
2011.04.20 07:07:17.734,0.87807,0.87826,2.43,3.38
2011.04.20 07:07:18.392,0.87806,0.87822,2.10,1.50
2011.04.20 07:07:18.502,0.87801,0.87822,2.43,1.50
2011.04.20 07:07:18.834,0.87799,0.87819,2.43,1.13
2011.04.20 07:07:18.943,0.87799,0.87817,1.68,1.13
2011.04.20 07:07:19.774,0.87799,0.87813,1.08,1.13
2011.04.20 07:07:20.323,0.87796,0.87817,2.43,1.50
2011.04.20 07:07:20.545,0.87796,0.87817,3.78,1.50
2011.04.20 07:07:21.142,0.87799,0.87817,1.08,1.50
2011.04.20 07:07:23.603,0.87796,0.87817,6.03,2.25
2011.04.20 07:07:23.932,0.87796,0.87816,1.68,3.00
2011.04.20 07:07:24.043,0.87795,0.87814,1.68,1.50
2011.04.20 07:07:26.143,0.87793,0.87813,1.08,3.38
2011.04.20 07:07:26.255,0.87792,0.87812,3.18,1.88
2011.04.20 07:07:26.364,0.87792,0.87812,2.43,1.13
2011.04.20 07:07:26.473,0.8779,0.8781,2.43,1.50
2011.04.20 07:07:26.803,0.87788,0.87807,3.18,1.50
2011.04.20 07:07:27.363,0.87788,0.87808,3.18,1.50
2011.04.20 07:07:29.015,0.87788,0.87809,1.08,2.85
2011.04.20 07:07:29.244,0.87788,0.87805,1.08,1.13
2011.04.20 07:07:30.452,0.87785,0.87804,1.08,2.25
2011.04.20 07:07:33.034,0.87785,0.87804,1.08,1.50
2011.04.20 07:07:33.364,0.87785,0.87804,1.08,2.25
2011.04.20 07:07:33.692,0.87784,0.87803,1.08,1.50
2011.04.20 07:07:34.242,0.87782,0.87802,1.68,1.50
2011.04.20 07:07:35.382,0.87787,0.87803,1.50,1.50
2011.04.20 07:07:36.406,0.87787,0.87804,1.88,1.50
2011.04.20 07:07:36.744,0.87788,0.87809,5.96,2.25
2011.04.20 07:07:37.790,0.87793,0.87812,1.50,1.88
2011.04.20 07:07:37.903,0.87795,0.87813,1.50,1.50
2011.04.20 07:07:38.343,0.87793,0.87813,1.83,1.88
2011.04.20 07:07:38.452,0.87793,0.87813,1.08,1.50
2011.04.20 07:07:38.782,0.87796,0.87813,1.50,1.50
2011.04.20 07:07:39.472,0.87796,0.87813,1.50,1.88
2011.04.20 07:07:39.693,0.87793,0.87813,1.08,1.88
2011.04.20 07:07:43.424,0.87794,0.87813,1.50,3.38
2011.04.20 07:07:43.656,0.878,0.87821,2.06,1.50
2011.04.20 07:07:44.214,0.87802,0.87822,1.68,1.13
2011.04.20 07:07:46.733,0.87802,0.87822,1.68,1.88
2011.04.20 07:07:47.202,0.87802,0.87817,1.08,1.13
2011.04.20 07:07:47.643,0.87802,0.87821,1.08,4.35
2011.04.20 07:07:47.973,0.87802,0.87817,1.08,1.50
2011.04.20 07:07:48.083,0.878,0.87817,1.83,1.50
2011.04.20 07:07:48.302,0.878,0.87821,1.83,2.25
2011.04.20 07:07:48.632,0.878,0.87819,1.83,1.13
2011.04.20 07:07:49.356,0.87796,0.87815,3.18,1.50
2011.04.20 07:07:49.912,0.87796,0.87814,5.58,1.50
2011.04.20 07:07:51.003,0.87799,0.87814,1.08,1.50
2011.04.20 07:07:51.333,0.87799,0.87819,2.21,1.13
2011.04.20 07:07:51.553,0.87803,0.8782,1.35,1.13
2011.04.20 07:07:51.664,0.87804,0.87822,1.13,1.13
2011.04.20 07:07:51.774,0.87804,0.87824,2.58,3.00
2011.04.20 07:07:52.213,0.87807,0.87824,2.06,1.50
2011.04.20 07:07:52.762,0.87809,0.87824,1.08,2.25
2011.04.20 07:07:53.983,0.87803,0.87817,3.53,3.60
2011.04.20 07:07:54.099,0.87803,0.87817,3.53,1.50
2011.04.20 07:07:54.323,0.87801,0.87821,4.46,1.13
2011.04.20 07:07:56.964,0.87801,0.87814,1.08,1.13
2011.04.20 07:07:57.074,0.878,0.87814,3.53,1.13
2011.04.20 07:07:57.623,0.87796,0.87813,1.08,2.25
2011.04.20 07:07:57.954,0.87799,0.87816,1.08,3.60
2011.04.20 07:07:58.406,0.87799,0.87817,1.08,1.35
2011.04.20 07:07:58.529,0.87796,0.87814,1.08,1.50
2011.04.20 07:07:59.904,0.87799,0.87817,1.08,1.50
2011.04.20 07:08:00.454,0.87797,0.87816,1.83,2.63
2011.04.20 07:08:01.033,0.87797,0.87816,1.83,2.63
2011.04.20 07:08:03.824,0.87796,0.87816,2.58,2.25
2011.04.20 07:08:04.045,0.87799,0.87819,5.25,1.50
2011.04.20 07:08:04.154,0.87801,0.87821,4.61,1.50
2011.04.20 07:08:04.373,0.87802,0.87823,3.86,5.85
2011.04.20 07:08:04.483,0.87802,0.87823,4.61,3.60
2011.04.20 07:08:05.302,0.87802,0.87824,5.96,3.75
2011.04.20 07:08:05.852,0.87802,0.87824,2.81,3.00
2011.04.20 07:08:07.843,0.87802,0.87823,5.58,1.88
2011.04.20 07:08:10.127,0.87802,0.87822,1.68,1.13
2011.04.20 07:08:10.733,0.87802,0.87823,2.43,3.75
2011.04.20 07:08:11.283,0.87802,0.87816,1.08,1.50
2011.04.20 07:08:11.394,0.878,0.87815,6.71,1.50
2011.04.20 07:08:11.503,0.878,0.87815,3.86,1.50
2011.04.20 07:08:12.163,0.87798,0.87819,1.46,1.50
2011.04.20 07:08:12.384,0.87798,0.87818,1.46,1.50
2011.04.20 07:08:13.444,0.87798,0.8782,2.43,1.50
2011.04.20 07:08:13.993,0.878,0.8782,1.08,1.50
2011.04.20 07:08:14.543,0.87798,0.8782,5.58,1.50
2011.04.20 07:08:15.177,0.87799,0.87819,1.31,2.25
2011.04.20 07:08:15.303,0.8781,0.8783,3.86,2.85
2011.04.20 07:08:15.632,0.87809,0.87824,4.61,1.50
2011.04.20 07:08:18.123,0.87809,0.87824,4.98,1.50
2011.04.20 07:08:18.233,0.87809,0.87828,5.21,1.50
2011.04.20 07:08:18.343,0.87809,0.87827,4.61,1.50
2011.04.20 07:08:19.716,0.87809,0.87829,5.36,1.50
2011.04.20 07:08:20.192,0.87812,0.87832,3.86,3.00
2011.04.20 07:08:20.874,0.87811,0.87832,3.86,2.25
2011.04.20 07:08:21.832,0.87811,0.87832,3.86,2.25
2011.04.20 07:08:22.962,0.87811,0.87832,3.86,2.25
2011.04.20 07:08:23.466,0.87811,0.87832,3.86,2.25
2011.04.20 07:08:24.794,0.87813,0.87832,3.53,2.25
2011.04.20 07:08:25.463,0.87813,0.87832,4.88,2.25
2011.04.20 07:08:25.793,0.87814,0.87835,1.08,3.00
2011.04.20 07:08:26.126,0.87814,0.87827,1.08,1.50
2011.04.20 07:08:26.233,0.87812,0.87828,1.31,1.50
2011.04.20 07:08:26.345,0.87812,0.87832,2.06,3.60
2011.04.20 07:08:26.673,0.87814,0.87834,1.08,2.63
2011.04.20 07:08:27.300,0.87814,0.87834,1.08,2.63
2011.04.20 07:08:27.853,0.87814,0.87834,1.46,2.25
2011.04.20 07:08:28.520,0.87814,0.87834,3.18,2.25
2011.04.20 07:08:29.052,0.87814,0.87834,1.08,2.25
2011.04.20 07:08:29.273,0.87816,0.87833,1.08,1.50
2011.04.20 07:08:29.494,0.87819,0.87836,2.10,1.35
2011.04.20 07:08:29.713,0.87816,0.87835,2.58,1.50
2011.04.20 07:08:30.265,0.87816,0.87833,1.08,1.50
2011.04.20 07:08:30.922,0.87816,0.87833,3.18,1.50
2011.04.20 07:08:31.363,0.87818,0.87834,3.53,1.50
2011.04.20 07:08:31.869,0.87817,0.87835,1.83,1.50
2011.04.20 07:08:32.255,0.87817,0.87835,1.83,1.50
2011.04.20 07:08:32.584,0.87818,0.87835,2.48,1.50
2011.04.20 07:08:33.133,0.8782,0.87838,2.06,1.50
2011.04.20 07:08:36.222,0.87819,0.87835,1.08,1.50
2011.04.20 07:08:36.772,0.87819,0.87838,1.83,2.25
2011.04.20 07:08:37.322,0.8782,0.87838,1.08,2.25
2011.04.20 07:08:37.828,0.87818,0.87836,9.48,1.50
2011.04.20 07:08:37.946,0.8782,0.87839,1.08,1.50
2011.04.20 07:08:39.352,0.87819,0.87837,4.61,1.50
2011.04.20 07:08:39.682,0.87818,0.87837,5.21,1.50
2011.04.20 07:08:40.014,0.8782,0.87839,1.08,1.73
2011.04.20 07:08:40.562,0.87818,0.87836,4.61,1.50
2011.04.20 07:08:41.115,0.87817,0.87837,4.61,1.50
2011.04.20 07:08:41.444,0.87818,0.87832,2.10,2.25
2011.04.20 07:08:41.993,0.87817,0.87832,1.50,1.50
2011.04.20 07:08:42.682,0.87817,0.87835,1.83,2.25
2011.04.20 07:08:42.798,0.87817,0.87834,1.83,1.50
2011.04.20 07:08:43.353,0.87815,0.87829,3.86,1.35
2011.04.20 07:08:43.576,0.87809,0.87825,1.83,1.35
2011.04.20 07:08:43.696,0.87806,0.87823,1.08,1.50
2011.04.20 07:08:43.815,0.87802,0.8782,1.13,1.13
2011.04.20 07:08:44.035,0.87799,0.87819,4.61,1.50
2011.04.20 07:08:44.472,0.87798,0.87817,3.86,1.50
2011.04.20 07:08:45.243,0.87801,0.87814,3.53,1.50
2011.04.20 07:08:45.903,0.87799,0.87816,4.46,1.50
2011.04.20 07:08:47.652,0.87797,0.87814,1.68,1.88
2011.04.20 07:08:48.115,0.87796,0.8781,3.53,1.50
2011.04.20 07:08:48.557,0.8779,0.87811,5.36,1.73
2011.04.20 07:08:49.623,0.8779,0.87806,1.08,1.13
2011.04.20 07:08:49.844,0.87787,0.87803,1.50,2.48
2011.04.20 07:08:50.064,0.87785,0.87803,1.08,2.63
2011.04.20 07:08:50.175,0.87787,0.87803,1.50,2.63
2011.04.20 07:08:50.393,0.87785,0.87803,1.50,1.50
2011.04.20 07:08:50.942,0.87785,0.87803,4.28,2.25
2011.04.20 07:08:52.292,0.87785,0.87803,4.28,2.25
2011.04.20 07:08:53.397,0.87785,0.87803,3.53,2.25
2011.04.20 07:08:54.173,0.87787,0.87803,1.50,2.25
2011.04.20 07:08:58.281,0.87785,0.87803,5.03,2.25
2011.04.20 07:08:59.083,0.87787,0.87804,1.08,2.85
2011.04.20 07:08:59.634,0.87788,0.87803,4.65,1.50
2011.04.20 07:08:59.964,0.87791,0.87809,3.86,2.25
2011.04.20 07:09:00.295,0.87794,0.8781,1.08,1.50
2011.04.20 07:09:00.893,0.87796,0.8781,3.53,1.50
2011.04.20 07:09:01.454,0.87796,0.8781,4.28,1.50
2011.04.20 07:09:02.223,0.87797,0.87813,1.08,2.25
2011.04.20 07:09:04.306,0.87797,0.87813,1.08,2.25
2011.04.20 07:09:06.322,0.87796,0.87813,1.08,2.63
2011.04.20 07:09:06.655,0.87796,0.87813,4.61,2.25
2011.04.20 07:09:07.312,0.87796,0.87813,1.08,2.25
2011.04.20 07:09:15.825,0.87798,0.87815,3.53,1.50
2011.04.20 07:09:16.045,0.87799,0.87816,1.08,1.35
2011.04.20 07:09:16.263,0.87799,0.87819,1.08,1.50
2011.04.20 07:09:17.633,0.878,0.8782,1.08,1.50
2011.04.20 07:09:17.963,0.87803,0.8782,3.08,1.50
2011.04.20 07:09:18.182,0.87803,0.87823,3.41,3.00
2011.04.20 07:09:19.172,0.87811,0.87823,2.10,2.25
2011.04.20 07:09:19.284,0.87811,0.87825,2.10,1.50
2011.04.20 07:09:19.689,0.87811,0.87828,2.10,2.25
2011.04.20 07:09:19.822,0.87817,0.87827,1.50,1.50
2011.04.20 07:09:20.044,0.87809,0.87827,4.88,1.50
2011.04.20 07:09:21.093,0.87812,0.87828,2.10,2.25
2011.04.20 07:09:21.313,0.87814,0.8783,2.70,3.00
2011.04.20 07:09:21.533,0.87814,0.8783,2.70,2.25
2011.04.20 07:09:21.752,0.87811,0.8783,3.56,2.25
2011.04.20 07:09:21.972,0.87816,0.8783,1.50,2.25
2011.04.20 07:09:23.722,0.87811,0.8783,2.43,2.25
2011.04.20 07:09:24.052,0.8781,0.87827,1.08,1.50
2011.04.20 07:09:24.494,0.8781,0.87824,1.08,1.50
2011.04.20 07:09:24.712,0.87807,0.87823,1.08,1.50
2011.04.20 07:09:25.619,0.87805,0.87818,3.53,1.50
2011.04.20 07:09:25.955,0.87797,0.87813,1.50,2.25
2011.04.20 07:09:27.375,0.87796,0.8781,1.50,1.50
2011.04.20 07:09:27.593,0.87789,0.87807,3.56,1.50
2011.04.20 07:09:28.363,0.8779,0.87809,1.31,2.25
2011.04.20 07:09:28.473,0.8779,0.87809,1.68,2.25
2011.04.20 07:09:28.583,0.8779,0.87811,1.68,3.00
2011.04.20 07:09:29.318,0.87792,0.8781,4.61,1.50
2011.04.20 07:09:29.654,0.87792,0.87812,1.08,1.50
2011.04.20 07:09:30.484,0.87791,0.87811,1.08,1.50
2011.04.20 07:09:31.155,0.8779,0.87811,4.83,1.50
2011.04.20 07:09:31.686,0.8779,0.87811,4.83,1.50
2011.04.20 07:09:32.123,0.87794,0.87813,2.25,1.50
2011.04.20 07:09:32.692,0.87796,0.87813,1.50,1.50
2011.04.20 07:09:33.022,0.87797,0.87813,1.13,1.50
2011.04.20 07:09:33.245,0.87799,0.87816,1.35,1.50
2011.04.20 07:09:33.353,0.87798,0.87817,1.31,1.50
2011.04.20 07:09:35.094,0.87801,0.87819,1.13,2.25
2011.04.20 07:09:35.422,0.87806,0.87821,1.50,1.50
2011.04.20 07:09:36.853,0.87803,0.87822,1.73,2.25
2011.04.20 07:09:36.963,0.87806,0.87824,2.10,1.50
2011.04.20 07:09:37.073,0.87806,0.87824,2.10,1.50
2011.04.20 07:09:37.632,0.87807,0.87825,1.50,1.50
2011.04.20 07:09:38.504,0.87807,0.87825,3.38,1.50
2011.04.20 07:09:38.835,0.87812,0.87827,2.10,2.25
2011.04.20 07:09:39.053,0.87807,0.87827,4.61,2.25
2011.04.20 07:09:40.544,0.87807,0.87825,1.83,1.50
2011.04.20 07:09:41.214,0.87807,0.87825,1.83,1.50
2011.04.20 07:09:41.762,0.87807,0.87827,3.03,1.50
2011.04.20 07:09:44.142,0.87802,0.87822,1.68,1.88
2011.04.20 07:09:44.584,0.878,0.87819,4.61,1.88
2011.04.20 07:09:44.693,0.87799,0.87819,3.86,1.88
2011.04.20 07:09:45.023,0.87797,0.87816,6.15,1.50
2011.04.20 07:09:46.244,0.87798,0.87817,2.48,3.00
2011.04.20 07:09:47.563,0.87803,0.87818,3.53,1.50
2011.04.20 07:09:47.893,0.87803,0.8782,6.38,1.50
2011.04.20 07:09:48.113,0.87802,0.87819,3.53,1.88
2011.04.20 07:09:48.223,0.87799,0.87819,4.98,1.13
2011.04.20 07:09:49.905,0.87802,0.87819,2.10,1.13
2011.04.20 07:09:50.015,0.878,0.87817,4.23,1.50
2011.04.20 07:09:50.235,0.87802,0.87819,3.53,1.50
2011.04.20 07:09:50.563,0.878,0.87818,4.23,1.50
2011.04.20 07:09:51.883,0.87802,0.87819,3.53,1.50
2011.04.20 07:09:52.213,0.87805,0.8782,1.50,1.13
2011.04.20 07:09:52.325,0.87803,0.87823,1.08,1.50
2011.04.20 07:09:52.434,0.878,0.87821,5.21,2.25
2011.04.20 07:09:52.982,0.87801,0.87818,4.13,1.50
2011.04.20 07:09:53.907,0.87802,0.87818,4.88,1.50
2011.04.20 07:09:54.145,0.87802,0.8782,4.28,1.50
2011.04.20 07:09:54.254,0.87802,0.87818,4.28,1.50
2011.04.20 07:09:54.804,0.87801,0.87817,3.53,1.50
2011.04.20 07:09:55.242,0.87798,0.87817,1.46,1.50
2011.04.20 07:09:55.353,0.87798,0.87817,1.46,1.50
2011.04.20 07:09:56.595,0.87798,0.87817,1.08,2.25
2011.04.20 07:09:56.813,0.87798,0.87817,1.08,1.50
2011.04.20 07:09:57.034,0.87796,0.87815,1.83,1.13
2011.04.20 07:09:57.144,0.87795,0.87814,1.08,1.13
2011.04.20 07:09:58.625,0.87796,0.87814,1.83,1.13
2011.04.20 07:09:58.955,0.87793,0.87811,1.08,1.13
2011.04.20 07:09:59.174,0.87789,0.8781,2.43,2.25
2011.04.20 07:09:59.284,0.87789,0.87807,1.68,1.13
2011.04.20 07:09:59.612,0.87789,0.87808,1.68,1.13
2011.04.20 07:09:59.943,0.87789,0.87808,1.68,1.13
2011.04.20 07:10:00.493,0.87789,0.87808,4.46,1.13
2011.04.20 07:10:01.336,0.87789,0.87808,4.46,1.13
2011.04.20 07:10:02.923,0.87791,0.8781,5.03,1.50
2011.04.20 07:10:03.473,0.87792,0.87809,1.08,1.13
2011.04.20 07:10:05.854,0.87791,0.87811,1.83,2.25
2011.04.20 07:10:06.403,0.87791,0.87811,1.08,3.38
2011.04.20 07:10:07.078,0.87791,0.8781,1.08,1.50
2011.04.20 07:10:07.943,0.87791,0.8781,1.08,1.88
2011.04.20 07:10:09.283,0.87788,0.87809,2.43,1.13
2011.04.20 07:10:13.643,0.8779,0.87809,1.08,1.88
2011.04.20 07:10:14.303,0.87788,0.87808,1.68,1.13
2011.04.20 07:10:14.413,0.87788,0.87807,1.68,1.13
2011.04.20 07:10:14.743,0.87786,0.87804,1.08,2.48
2011.04.20 07:10:15.295,0.87783,0.87802,4.28,1.35
2011.04.20 07:10:15.844,0.87782,0.87802,1.08,1.35
2011.04.20 07:10:16.392,0.87783,0.87802,3.53,2.10
2011.04.20 07:10:16.724,0.8778,0.87796,1.08,1.35
2011.04.20 07:10:17.222,0.87777,0.87796,6.11,1.35
2011.04.20 07:10:17.663,0.87777,0.87794,1.08,3.00
2011.04.20 07:10:18.603,0.87776,0.87794,1.83,1.50
2011.04.20 07:10:19.264,0.87776,0.87794,1.83,2.25
2011.04.20 07:10:19.812,0.87776,0.87793,1.83,1.50
2011.04.20 07:10:20.144,0.87771,0.87789,3.86,2.10
2011.04.20 07:10:21.794,0.8777,0.87789,2.06,1.50
2011.04.20 07:10:23.047,0.8777,0.8779,4.61,1.50
2011.04.20 07:10:24.716,0.8777,0.87789,3.53,3.00
2011.04.20 07:10:25.163,0.87768,0.87788,1.83,1.50
2011.04.20 07:10:25.913,0.87767,0.87787,3.86,2.25
2011.04.20 07:10:26.243,0.87771,0.87788,1.13,1.50
2011.04.20 07:10:26.792,0.87771,0.87789,4.65,2.25
2011.04.20 07:10:30.183,0.87771,0.87789,4.65,2.25
2011.04.20 07:10:30.516,0.87771,0.87789,3.53,2.25
2011.04.20 07:10:30.743,0.87769,0.87789,2.58,2.25
2011.04.20 07:10:31.853,0.87766,0.87786,3.33,1.50
2011.04.20 07:10:33.842,0.87767,0.87786,2.10,1.50
2011.04.20 07:10:37.712,0.87767,0.87786,1.50,2.48
2011.04.20 07:10:38.263,0.87764,0.87784,2.21,4.35
2011.04.20 07:10:38.592,0.87766,0.87786,1.83,2.10
2011.04.20 07:10:38.824,0.87766,0.87784,1.83,1.50
2011.04.20 07:10:39.822,0.87764,0.87784,4.61,3.00
2011.04.20 07:10:41.092,0.87766,0.87786,1.08,2.10
2011.04.20 07:10:41.432,0.87766,0.87784,1.08,1.50
2011.04.20 07:10:43.195,0.87765,0.87784,1.08,1.50
2011.04.20 07:10:43.302,0.87765,0.87786,1.08,2.10
2011.04.20 07:10:43.852,0.87767,0.87786,2.25,2.10
2011.04.20 07:10:45.232,0.87766,0.87786,1.08,2.10
2011.04.20 07:10:45.565,0.87767,0.87786,2.25,2.10
2011.04.20 07:10:46.136,0.87767,0.87783,1.50,1.50
2011.04.20 07:10:46.363,0.87767,0.87784,1.50,2.25
2011.04.20 07:10:46.963,0.87767,0.87783,1.50,1.50
2011.04.20 07:10:47.073,0.87764,0.87783,1.13,1.50
2011.04.20 07:10:47.294,0.87762,0.87783,2.43,1.50
2011.04.20 07:10:47.903,0.87763,0.87783,1.08,1.50
2011.04.20 07:10:48.453,0.87764,0.87784,1.13,5.85
2011.04.20 07:10:49.077,0.87767,0.87784,1.50,2.25
2011.04.20 07:10:51.163,0.87767,0.87785,2.58,1.50
2011.04.20 07:10:51.712,0.87767,0.87788,2.58,1.50
2011.04.20 07:10:53.825,0.8777,0.87787,1.35,1.50
2011.04.20 07:10:53.936,0.87771,0.87789,1.08,1.50
2011.04.20 07:10:54.163,0.87769,0.8779,1.68,1.50
2011.04.20 07:10:54.605,0.8777,0.8779,1.68,1.50
2011.04.20 07:10:58.844,0.8777,0.8779,1.08,2.25
2011.04.20 07:10:59.173,0.87767,0.87786,2.58,1.50
2011.04.20 07:10:59.283,0.87772,0.87786,1.50,1.50
2011.04.20 07:10:59.503,0.87768,0.87786,1.08,1.50
2011.04.20 07:11:04.632,0.87768,0.87789,1.83,1.50
2011.04.20 07:11:04.964,0.8777,0.87789,1.73,1.50
2011.04.20 07:11:06.902,0.8777,0.87789,5.25,1.50
2011.04.20 07:11:07.625,0.8777,0.87789,5.25,1.50
2011.04.20 07:11:08.064,0.87776,0.87793,1.50,1.50
2011.04.20 07:11:08.283,0.87776,0.87795,1.50,1.50
2011.04.20 07:11:08.832,0.87776,0.87796,6.11,1.50
2011.04.20 07:11:09.943,0.87776,0.87796,7.23,1.50
2011.04.20 07:11:10.164,0.87778,0.87798,4.61,2.25
2011.04.20 07:11:10.493,0.87781,0.878,3.53,2.10
2011.04.20 07:11:11.403,0.87782,0.878,1.08,1.35
2011.04.20 07:11:11.624,0.87783,0.87803,1.83,1.50
2011.04.20 07:11:12.244,0.87789,0.87808,1.08,4.35
2011.04.20 07:11:12.355,0.87789,0.87808,1.08,1.50
2011.04.20 07:11:15.113,0.87791,0.87809,5.58,1.50
2011.04.20 07:11:15.334,0.87796,0.87815,3.53,2.25
2011.04.20 07:11:15.444,0.87796,0.87816,3.53,2.25
2011.04.20 07:11:15.884,0.87797,0.87817,1.08,2.63
2011.04.20 07:11:16.982,0.87797,0.87818,1.08,3.23
2011.04.20 07:11:17.313,0.87797,0.87818,1.08,3.23
2011.04.20 07:11:17.829,0.87798,0.87816,1.08,1.50
2011.04.20 07:11:18.273,0.87796,0.87815,1.83,1.88
2011.04.20 07:11:18.604,0.87793,0.87811,1.08,3.23
2011.04.20 07:11:18.714,0.87792,0.8781,4.61,1.50
2011.04.20 07:11:19.044,0.8779,0.87808,1.08,2.25
2011.04.20 07:11:19.155,0.87787,0.87807,1.08,2.25
2011.04.20 07:11:19.484,0.87786,0.87805,1.83,4.58
2011.04.20 07:11:19.702,0.87782,0.87802,2.58,1.50
2011.04.20 07:11:19.974,0.87787,0.87802,1.50,1.50
2011.04.20 07:11:20.305,0.87781,0.87802,1.08,1.50
2011.04.20 07:11:20.526,0.87779,0.878,5.36,2.85
2011.04.20 07:11:21.083,0.87781,0.87801,1.08,1.50
2011.04.20 07:11:21.636,0.87781,0.87799,1.08,1.50
2011.04.20 07:11:24.724,0.87781,0.87795,1.08,1.13
2011.04.20 07:11:25.162,0.87781,0.87797,1.08,1.13
2011.04.20 07:11:26.483,0.87778,0.87797,1.08,1.88
2011.04.20 07:11:27.475,0.87777,0.87797,2.25,2.48
2011.04.20 07:11:28.254,0.87777,0.87794,1.83,1.50
2011.04.20 07:11:28.803,0.87777,0.87794,1.50,1.50
2011.04.20 07:11:29.784,0.87777,0.87794,1.50,1.50
2011.04.20 07:11:30.002,0.87774,0.87794,3.53,1.50
2011.04.20 07:11:30.443,0.8777,0.87791,5.96,1.50
2011.04.20 07:11:30.554,0.8777,0.87789,5.36,1.13
2011.04.20 07:11:31.547,0.8777,0.87789,1.83,1.13
2011.04.20 07:11:31.783,0.8777,0.8779,2.43,2.85
2011.04.20 07:11:32.005,0.87772,0.87791,4.28,1.50
2011.04.20 07:11:32.345,0.87772,0.87791,4.28,1.50
2011.04.20 07:11:33.873,0.87771,0.87792,6.11,1.50
2011.04.20 07:11:34.202,0.87772,0.8779,3.86,1.50
2011.04.20 07:11:34.533,0.8777,0.8779,1.08,1.88
2011.04.20 07:11:34.642,0.87769,0.87789,5.36,1.13
2011.04.20 07:11:35.295,0.87769,0.87789,1.83,1.13
2011.04.20 07:11:37.204,0.87769,0.87785,1.83,1.13
2011.04.20 07:11:37.423,0.87767,0.87784,1.83,2.85
2011.04.20 07:11:38.495,0.87768,0.87784,1.08,3.60
2011.04.20 07:11:38.934,0.87769,0.87789,4.28,1.88
2011.04.20 07:11:39.155,0.87771,0.87789,3.53,1.88
2011.04.20 07:11:40.535,0.87772,0.8779,3.53,1.13
2011.04.20 07:11:42.884,0.87773,0.8779,3.53,1.13
2011.04.20 07:11:43.474,0.87775,0.8779,3.53,1.13
2011.04.20 07:11:44.024,0.87774,0.87791,3.53,3.98
2011.04.20 07:11:45.493,0.87772,0.87791,7.05,3.98
2011.04.20 07:11:46.145,0.87771,0.87791,3.86,3.98
2011.04.20 07:11:47.945,0.87771,0.87791,4.61,3.60
2011.04.20 07:11:48.054,0.87773,0.87791,3.53,1.50
2011.04.20 07:11:48.383,0.87773,0.87793,3.86,3.38
2011.04.20 07:11:49.783,0.87772,0.87792,4.46,1.50
2011.04.20 07:11:50.334,0.87774,0.87793,3.53,3.38
2011.04.20 07:11:50.665,0.87774,0.87793,3.53,3.38
2011.04.20 07:11:51.622,0.87774,0.87793,3.53,3.38
2011.04.20 07:11:52.063,0.87774,0.87793,3.53,3.38
2011.04.20 07:11:52.392,0.87776,0.87793,4.61,2.25
2011.04.20 07:11:53.258,0.87787,0.87795,1.50,1.50
2011.04.20 07:11:53.380,0.87787,0.87798,1.50,1.50
2011.04.20 07:11:53.823,0.87787,0.87806,5.03,1.50
2011.04.20 07:11:54.375,0.87787,0.87805,5.36,1.50
2011.04.20 07:11:55.413,0.87787,0.87804,1.50,1.50
2011.04.20 07:11:58.304,0.87787,0.87803,2.10,1.50
2011.04.20 07:11:58.776,0.87789,0.87806,2.10,1.50
2011.04.20 07:12:00.324,0.87787,0.87806,5.78,1.50
2011.04.20 07:12:00.542,0.87789,0.87806,1.50,1.50
2011.04.20 07:12:00.762,0.87787,0.87806,5.63,1.50
2011.04.20 07:12:01.342,0.87786,0.87806,6.48,1.50
2011.04.20 07:12:02.153,0.87786,0.87806,5.36,2.63
2011.04.20 07:12:03.474,0.87787,0.87806,3.53,1.50
2011.04.20 07:12:04.242,0.87786,0.87806,6.11,1.50
2011.04.20 07:12:05.382,0.87786,0.87805,6.11,1.50
2011.04.20 07:12:09.643,0.87787,0.87806,4.28,1.50
2011.04.20 07:12:09.754,0.87787,0.87806,4.28,1.50
2011.04.20 07:12:10.375,0.87787,0.87806,3.90,1.50
2011.04.20 07:12:13.423,0.87788,0.87808,1.68,1.50
2011.04.20 07:12:13.533,0.87788,0.87808,1.68,1.50
2011.04.20 07:12:15.014,0.87789,0.87808,1.31,1.50
2011.04.20 07:12:15.453,0.87789,0.87809,1.31,1.50
2011.04.20 07:12:16.224,0.87789,0.8781,2.06,1.50
2011.04.20 07:12:17.613,0.87789,0.87809,2.06,1.50
2011.04.20 07:12:18.205,0.87789,0.8781,2.06,1.50
2011.04.20 07:12:18.713,0.87789,0.8781,2.06,1.50
2011.04.20 07:12:19.043,0.87789,0.87807,1.68,1.50
2011.04.20 07:12:19.815,0.87789,0.87808,2.81,1.50
2011.04.20 07:12:20.143,0.87796,0.87808,1.50,1.50
2011.04.20 07:12:21.353,0.87796,0.87808,1.50,1.50
2011.04.20 07:12:21.464,0.87788,0.87808,2.43,2.25
2011.04.20 07:12:21.684,0.87788,0.87805,1.08,1.13
2011.04.20 07:12:21.794,0.87785,0.87803,1.50,1.13
2011.04.20 07:12:21.904,0.87782,0.87803,1.08,1.88
2011.04.20 07:12:22.124,0.8778,0.87804,2.43,3.38
2011.04.20 07:12:23.076,0.8778,0.87803,1.83,5.78
2011.04.20 07:12:23.623,0.8778,0.87804,1.08,3.00
2011.04.20 07:12:24.064,0.87779,0.87796,1.83,2.63
2011.04.20 07:12:24.394,0.87766,0.87783,1.08,3.45
2011.04.20 07:12:24.615,0.87762,0.87783,1.83,2.10
2011.04.20 07:12:24.723,0.87762,0.87782,1.83,1.50
2011.04.20 07:12:24.834,0.87762,0.87783,1.83,2.10
2011.04.20 07:12:25.275,0.87768,0.87783,1.35,3.75
2011.04.20 07:12:25.604,0.87768,0.87786,2.10,3.90
2011.04.20 07:12:26.044,0.87766,0.87784,4.46,1.50
2011.04.20 07:12:26.585,0.87766,0.87784,3.33,1.50
2011.04.20 07:12:27.843,0.87766,0.87781,3.33,1.13
2011.04.20 07:12:27.955,0.87766,0.87781,1.83,1.13
2011.04.20 07:12:28.174,0.87766,0.87779,1.08,2.10
2011.04.20 07:12:28.285,0.87764,0.87782,1.08,1.50
2011.04.20 07:12:28.394,0.87764,0.8778,1.08,2.10
2011.04.20 07:12:28.504,0.87767,0.87783,3.00,1.35
2011.04.20 07:12:28.614,0.87767,0.87783,1.50,1.35
2011.04.20 07:12:28.724,0.87768,0.87783,1.50,1.35
2011.04.20 07:12:29.055,0.87766,0.87782,1.08,1.13
2011.04.20 07:12:29.163,0.87764,0.87782,1.08,3.23
2011.04.20 07:12:29.277,0.87764,0.87782,1.46,2.10
2011.04.20 07:12:29.394,0.87768,0.87784,1.50,1.50
2011.04.20 07:12:29.942,0.87767,0.87787,1.50,1.50
2011.04.20 07:12:33.174,0.87767,0.87787,2.10,1.50
2011.04.20 07:12:34.053,0.87769,0.87786,2.06,1.50
2011.04.20 07:12:34.383,0.8777,0.87789,2.48,1.50
2011.04.20 07:12:34.496,0.87772,0.87789,2.21,1.50
2011.04.20 07:12:34.604,0.87772,0.87791,2.21,2.25
2011.04.20 07:12:34.716,0.87772,0.87792,2.21,2.25
2011.04.20 07:12:35.264,0.87772,0.87793,5.73,1.50
2011.04.20 07:12:36.357,0.87773,0.87791,4.23,2.25
2011.04.20 07:12:36.914,0.87772,0.87791,4.61,1.50
2011.04.20 07:12:38.353,0.87772,0.87792,1.08,3.60
2011.04.20 07:12:39.694,0.87772,0.8779,1.08,2.10
2011.04.20 07:12:39.913,0.87768,0.87789,5.36,1.50
2011.04.20 07:12:42.307,0.87769,0.87789,3.86,2.25
2011.04.20 07:12:42.866,0.8777,0.87789,3.53,2.25
2011.04.20 07:12:43.194,0.87769,0.87789,3.86,1.50
2011.04.20 07:12:43.522,0.87769,0.87789,7.76,1.50
2011.04.20 07:12:44.183,0.87769,0.87789,5.73,1.50
2011.04.20 07:12:44.733,0.87769,0.87789,4.23,2.25
2011.04.20 07:12:45.283,0.8777,0.87789,3.53,2.25
2011.04.20 07:12:46.045,0.87769,0.87789,4.23,2.25
2011.04.20 07:12:49.274,0.87769,0.87789,4.61,2.25
2011.04.20 07:12:49.605,0.87768,0.87781,3.53,1.50
2011.04.20 07:12:49.823,0.87768,0.8778,3.53,1.50
2011.04.20 07:12:50.044,0.87764,0.87778,3.53,1.50
2011.04.20 07:12:50.264,0.87761,0.87778,1.50,1.50
2011.04.20 07:12:51.383,0.87761,0.87778,1.50,1.50
2011.04.20 07:12:51.713,0.87755,0.87776,1.83,3.60
2011.04.20 07:12:52.262,0.87755,0.87775,5.36,1.50
2011.04.20 07:12:54.764,0.87759,0.87775,1.50,1.50
2011.04.20 07:12:55.313,0.87761,0.87778,1.35,2.25
2011.04.20 07:12:55.424,0.87761,0.87778,1.35,1.50
2011.04.20 07:12:59.383,0.87761,0.8778,1.35,1.50
2011.04.20 07:12:59.824,0.87762,0.8778,1.50,1.50
2011.04.20 07:13:00.814,0.87759,0.87779,1.83,3.45
2011.04.20 07:13:03.775,0.87759,0.87774,1.08,1.13
2011.04.20 07:13:03.997,0.87755,0.87775,2.21,2.25
2011.04.20 07:13:04.554,0.87757,0.87777,1.08,2.25
2011.04.20 07:13:09.683,0.87757,0.87775,4.61,1.50
2011.04.20 07:13:10.014,0.87754,0.87769,1.35,2.10
2011.04.20 07:13:10.235,0.87754,0.87774,1.35,4.35
2011.04.20 07:13:10.343,0.87754,0.87774,1.35,3.60
2011.04.20 07:13:10.983,0.87756,0.87772,1.08,1.13
2011.04.20 07:13:11.423,0.87756,0.87774,1.08,4.35
2011.04.20 07:13:20.644,0.87756,0.87773,1.08,1.50
2011.04.20 07:13:28.255,0.87755,0.8777,1.08,2.10
2011.04.20 07:13:28.804,0.87754,0.8777,1.08,2.85
2011.04.20 07:13:29.025,0.87754,0.87772,1.08,1.13
2011.04.20 07:13:29.573,0.87754,0.87772,1.83,1.13
2011.04.20 07:13:29.792,0.87754,0.87772,1.08,1.13
2011.04.20 07:13:31.204,0.87754,0.87771,1.08,1.50
2011.04.20 07:13:31.754,0.87751,0.87768,1.68,2.48
2011.04.20 07:13:32.241,0.8775,0.87768,1.08,3.23
2011.04.20 07:13:33.412,0.8775,0.87768,1.08,1.13
2011.04.20 07:13:33.993,0.8775,0.87768,1.68,1.13
2011.04.20 07:13:34.213,0.8775,0.87768,1.68,2.48
2011.04.20 07:13:37.458,0.8775,0.87767,1.08,1.13
2011.04.20 07:13:37.684,0.87748,0.87766,1.08,3.98
2011.04.20 07:13:37.794,0.87747,0.87766,1.08,3.98
2011.04.20 07:13:38.343,0.87747,0.87765,1.08,3.60
2011.04.20 07:13:39.019,0.87747,0.87765,2.25,3.60
2011.04.20 07:13:39.578,0.87747,0.87764,2.25,1.50
2011.04.20 07:13:39.915,0.87745,0.8776,1.08,3.23
2011.04.20 07:13:40.135,0.87744,0.8776,4.28,1.88
2011.04.20 07:13:40.245,0.87739,0.8776,5.21,1.88
2011.04.20 07:13:40.793,0.87739,0.87759,1.68,2.25
2011.04.20 07:13:41.523,0.87738,0.87759,1.08,3.60
2011.04.20 07:13:43.603,0.87739,0.87757,1.08,2.63
2011.04.20 07:13:45.735,0.87739,0.87757,1.08,1.88
2011.04.20 07:13:46.064,0.87737,0.87754,2.58,2.48
2011.04.20 07:13:46.407,0.87736,0.87753,3.86,1.13
2011.04.20 07:13:49.004,0.87736,0.87754,3.86,4.35
2011.04.20 07:13:49.225,0.8774,0.87754,2.10,3.60
2011.04.20 07:13:49.337,0.87742,0.87757,1.35,2.85
2011.04.20 07:13:49.455,0.87742,0.87762,1.68,1.50
2011.04.20 07:13:50.812,0.87744,0.87762,1.35,1.50
2011.04.20 07:13:51.765,0.87747,0.87768,1.88,2.10
2011.04.20 07:13:52.375,0.87747,0.87768,2.63,2.10
2011.04.20 07:13:52.925,0.87749,0.87766,1.08,1.50
2011.04.20 07:13:53.255,0.87746,0.87758,4.61,2.10
2011.04.20 07:13:53.364,0.87744,0.8776,1.83,1.13
2011.04.20 07:13:53.583,0.87741,0.8776,2.43,1.13
2011.04.20 07:13:53.805,0.87741,0.8776,1.68,1.88
2011.04.20 07:13:54.025,0.87741,0.8776,1.08,1.88
2011.04.20 07:13:57.435,0.8774,0.8776,1.08,1.88
2011.04.20 07:13:59.123,0.87736,0.87759,7.83,2.25
2011.04.20 07:13:59.672,0.87736,0.87759,8.21,2.25
2011.04.20 07:14:01.024,0.87738,0.87759,1.08,1.50
2011.04.20 07:14:02.892,0.87738,0.87759,4.61,1.50
2011.04.20 07:14:06.165,0.87743,0.87761,1.50,1.50
2011.04.20 07:14:06.493,0.8774,0.87761,8.55,1.50
2011.04.20 07:14:11.333,0.87741,0.87761,5.03,1.50
2011.04.20 07:14:11.664,0.87745,0.87764,1.50,2.25
2011.04.20 07:14:12.355,0.87745,0.87764,1.83,3.75
2011.04.20 07:14:12.683,0.87746,0.87764,1.35,1.50
2011.04.20 07:14:16.255,0.87745,0.87764,1.35,2.25
2011.04.20 07:14:16.479,0.87744,0.87764,1.08,2.25
2011.04.20 07:14:16.597,0.87744,0.87765,1.08,2.85
2011.04.20 07:14:16.935,0.87745,0.87762,1.50,1.50
2011.04.20 07:14:17.267,0.87742,0.87761,4.28,2.85
2011.04.20 07:14:17.823,0.87741,0.87761,1.08,2.85
2011.04.20 07:14:19.024,0.87746,0.87761,1.35,2.85
2011.04.20 07:14:19.136,0.87746,0.87763,1.35,1.50
2011.04.20 07:14:19.826,0.87745,0.87761,1.08,2.85
2011.04.20 07:14:19.940,0.87741,0.87758,1.08,2.10
2011.04.20 07:14:20.167,0.8774,0.87762,2.58,2.25
2011.04.20 07:14:20.865,0.8774,0.87762,7.83,2.25
2011.04.20 07:14:21.194,0.87743,0.87763,1.50,3.75
2011.04.20 07:14:22.045,0.87743,0.87762,1.50,1.35
2011.04.20 07:14:22.595,0.87741,0.87762,2.58,1.35
2011.04.20 07:14:22.703,0.87741,0.87762,1.83,1.35
2011.04.20 07:14:26.404,0.87741,0.87761,2.58,1.35
2011.04.20 07:14:26.953,0.87741,0.8776,1.50,1.88
2011.04.20 07:14:31.003,0.87741,0.8776,1.50,1.50
2011.04.20 07:14:31.892,0.87741,0.8776,1.50,1.50
2011.04.20 07:14:35.063,0.87739,0.87759,1.50,1.13
2011.04.20 07:14:35.771,0.87739,0.87758,1.50,2.10
2011.04.20 07:14:35.885,0.87739,0.87758,1.50,2.10
2011.04.20 07:14:36.433,0.8774,0.87758,1.13,2.10
2011.04.20 07:14:36.764,0.87748,0.87769,2.43,3.60
2011.04.20 07:14:37.204,0.8775,0.87769,1.08,2.85
2011.04.20 07:14:38.693,0.8775,0.87768,1.08,1.73
2011.04.20 07:14:39.023,0.87748,0.87763,1.50,1.13
2011.04.20 07:14:39.573,0.87747,0.87764,1.50,2.25
2011.04.20 07:14:44.488,0.87738,0.87756,3.60,1.13
2011.04.20 07:14:44.825,0.87737,0.87752,1.58,1.50
2011.04.20 07:14:45.927,0.87743,0.87754,1.95,2.85
2011.04.20 07:14:46.047,0.87744,0.87754,1.35,2.10
2011.04.20 07:14:46.168,0.87744,0.87761,1.35,1.50
2011.04.20 07:14:46.395,0.87745,0.87763,2.10,2.25
2011.04.20 07:14:46.942,0.87745,0.87763,2.43,2.25
2011.04.20 07:14:47.166,0.87747,0.87763,1.13,2.25
2011.04.20 07:14:47.506,0.87754,0.87773,1.35,4.50
2011.04.20 07:14:47.627,0.87754,0.87773,2.10,2.25
2011.04.20 07:14:47.744,0.87755,0.87774,1.13,3.00
2011.04.20 07:14:47.854,0.87755,0.87776,1.13,1.88
2011.04.20 07:14:48.184,0.87752,0.87773,2.25,1.50
2011.04.20 07:14:48.759,0.87751,0.87772,1.35,5.10
2011.04.20 07:14:49.972,0.87751,0.87771,1.35,1.50
2011.04.20 07:14:50.303,0.87755,0.87775,1.73,2.85
2011.04.20 07:14:50.524,0.87755,0.87776,4.28,1.88
2011.04.20 07:14:50.633,0.87757,0.87776,3.53,2.25
2011.04.20 07:14:50.965,0.87751,0.87769,1.50,1.13
2011.04.20 07:14:51.075,0.87749,0.87767,1.08,1.35
2011.04.20 07:14:51.404,0.87747,0.87766,2.25,1.13
2011.04.20 07:14:51.952,0.87747,0.87766,1.50,1.50
2011.04.20 07:14:52.063,0.87747,0.87766,1.50,1.50
2011.04.20 07:14:52.393,0.87747,0.87766,2.63,1.50
2011.04.20 07:14:52.943,0.87755,0.87767,1.13,1.50
2011.04.20 07:14:53.274,0.87757,0.87772,1.35,1.50
2011.04.20 07:14:53.495,0.87757,0.87775,3.23,1.50
2011.04.20 07:14:53.606,0.87759,0.87776,1.13,1.50
2011.04.20 07:14:54.684,0.87763,0.87777,1.13,1.50
2011.04.20 07:14:55.014,0.87765,0.87783,1.50,1.50
2011.04.20 07:14:55.123,0.87765,0.87783,1.50,3.00
2011.04.20 07:14:55.233,0.87765,0.87783,1.50,2.25
2011.04.20 07:14:55.563,0.87765,0.87783,1.50,2.25
2011.04.20 07:14:58.426,0.87765,0.87783,1.88,2.25
2011.04.20 07:14:58.535,0.87765,0.87783,2.48,2.25
2011.04.20 07:14:58.864,0.87767,0.87788,2.48,1.50
2011.04.20 07:14:59.415,0.8777,0.87787,1.13,1.50
2011.04.20 07:14:59.633,0.8777,0.87789,1.88,1.50
2011.04.20 07:15:00.183,0.8777,0.87788,1.88,1.50
2011.04.20 07:15:03.573,0.8777,0.87791,1.88,2.25
2011.04.20 07:15:04.125,0.87771,0.87791,1.83,2.25
2011.04.20 07:15:04.345,0.87773,0.87795,1.83,1.88
2011.04.20 07:15:04.454,0.87776,0.87795,1.83,1.88
2011.04.20 07:15:05.003,0.87777,0.87797,3.00,1.50
2011.04.20 07:15:05.554,0.87777,0.87797,3.33,1.50
2011.04.20 07:15:07.572,0.87777,0.87797,6.86,1.50
2011.04.20 07:15:08.128,0.87776,0.87795,1.68,1.50
2011.04.20 07:15:08.785,0.87776,0.87794,1.08,1.50
2011.04.20 07:15:09.466,0.87775,0.87794,1.08,1.50
2011.04.20 07:15:10.068,0.87774,0.87794,1.83,2.25
2011.04.20 07:15:11.163,0.87774,0.87794,1.08,2.25
2011.04.20 07:15:13.384,0.87774,0.87794,1.08,2.25
2011.04.20 07:15:13.494,0.87776,0.87794,1.08,2.25
2011.04.20 07:15:15.331,0.87778,0.87797,4.61,2.10
2011.04.20 07:15:15.553,0.87778,0.878,5.36,2.25
2011.04.20 07:15:15.663,0.87778,0.878,5.36,2.25
2011.04.20 07:15:16.220,0.87778,0.878,5.36,1.50
2011.04.20 07:15:17.533,0.87778,0.878,5.36,2.25
2011.04.20 07:15:17.753,0.87778,0.878,2.21,2.25
2011.04.20 07:15:18.083,0.87779,0.878,4.28,1.50
2011.04.20 07:15:18.743,0.87779,0.878,4.28,1.50
2011.04.20 07:15:19.396,0.87782,0.87801,1.83,1.50
2011.04.20 07:15:19.724,0.87788,0.87808,1.83,1.50
2011.04.20 07:15:19.836,0.87791,0.87809,1.35,1.50
2011.04.20 07:15:20.384,0.87792,0.87811,1.13,1.50
2011.04.20 07:15:20.714,0.87789,0.87808,1.83,1.50
2011.04.20 07:15:21.410,0.87787,0.87808,1.83,3.60
2011.04.20 07:15:22.845,0.87787,0.87806,1.08,2.48
2011.04.20 07:15:22.955,0.87787,0.87805,1.08,1.50
2011.04.20 07:15:23.065,0.87786,0.87804,2.25,1.50
2011.04.20 07:15:23.176,0.87784,0.87801,2.25,2.10
2011.04.20 07:15:23.284,0.87783,0.87803,1.50,3.23
2011.04.20 07:15:23.395,0.87783,0.87801,1.50,2.85
2011.04.20 07:15:23.834,0.87783,0.87803,1.08,2.25
2011.04.20 07:15:23.946,0.87783,0.87803,1.08,2.25
2011.04.20 07:15:24.646,0.87783,0.87805,1.08,3.00
2011.04.20 07:15:25.903,0.87783,0.87803,1.08,1.35
2011.04.20 07:15:26.232,0.87783,0.87803,1.08,2.10
2011.04.20 07:15:28.465,0.8778,0.87801,4.98,2.25
2011.04.20 07:15:29.614,0.8778,0.87801,4.98,2.25
2011.04.20 07:15:30.166,0.8778,0.87801,4.98,2.25
2011.04.20 07:15:31.153,0.8778,0.878,4.61,1.50
2011.04.20 07:15:31.266,0.8778,0.87796,1.08,2.85
2011.04.20 07:15:31.384,0.8778,0.87795,1.08,1.13
2011.04.20 07:15:31.715,0.8778,0.878,1.08,2.25
2011.04.20 07:15:32.816,0.8778,0.878,1.08,1.50
2011.04.20 07:15:33.035,0.8778,0.878,1.08,1.88
2011.04.20 07:15:33.254,0.8778,0.878,1.08,3.23
2011.04.20 07:15:35.393,0.8778,0.878,1.08,3.98
2011.04.20 07:15:37.423,0.8778,0.87799,1.08,1.88
2011.04.20 07:15:37.976,0.87779,0.87799,1.83,3.98
2011.04.20 07:15:38.756,0.87778,0.87798,2.10,1.88
2011.04.20 07:15:39.776,0.87778,0.87798,1.35,1.88
2011.04.20 07:15:39.995,0.8778,0.87799,1.08,2.25
2011.04.20 07:15:40.545,0.87781,0.87799,1.08,2.85
2011.04.20 07:15:41.093,0.87781,0.87801,1.08,1.50
2011.04.20 07:15:41.644,0.87782,0.87801,1.13,1.50
2011.04.20 07:15:43.423,0.87781,0.87801,1.08,1.50
2011.04.20 07:15:43.893,0.87781,0.87799,1.08,1.13
2011.04.20 07:15:44.335,0.87778,0.87797,1.08,1.13
2011.04.20 07:15:51.128,0.87779,0.87799,1.50,1.50
2011.04.20 07:15:51.261,0.8778,0.878,1.83,1.35
2011.04.20 07:15:53.224,0.87784,0.87802,1.73,2.25
2011.04.20 07:15:53.554,0.87786,0.87803,2.10,1.13
2011.04.20 07:15:53.774,0.87782,0.87804,5.36,2.48
2011.04.20 07:15:53.884,0.87787,0.87802,1.50,1.13
2011.04.20 07:15:54.444,0.87782,0.87802,1.08,1.88
2011.04.20 07:15:56.674,0.87781,0.87802,1.08,2.63
2011.04.20 07:15:59.353,0.87779,0.87802,2.43,2.63
2011.04.20 07:15:59.463,0.8778,0.878,1.08,1.50
2011.04.20 07:15:59.794,0.87782,0.878,1.13,1.50
2011.04.20 07:16:00.124,0.87785,0.87802,1.50,2.25
2011.04.20 07:16:00.234,0.87785,0.87802,1.50,1.50
2011.04.20 07:16:00.343,0.87785,0.87802,1.50,1.50
2011.04.20 07:16:00.893,0.87785,0.87804,1.50,2.25
2011.04.20 07:16:02.564,0.87787,0.87804,1.50,2.25
2011.04.20 07:16:02.784,0.87788,0.87807,1.50,1.35
2011.04.20 07:16:03.006,0.87786,0.87805,1.08,1.50
2011.04.20 07:16:03.334,0.87785,0.87802,1.73,1.50
2011.04.20 07:16:03.443,0.87786,0.87804,3.00,1.50
2011.04.20 07:16:04.384,0.87785,0.87804,1.35,1.50
2011.04.20 07:16:04.931,0.87784,0.87802,1.35,1.50
2011.04.20 07:16:05.904,0.87783,0.87802,1.13,1.50
2011.04.20 07:16:09.157,0.87782,0.87802,1.50,1.50
2011.04.20 07:16:10.174,0.87786,0.87802,1.35,1.50
2011.04.20 07:16:10.394,0.87787,0.87804,1.50,1.13
2011.04.20 07:16:10.504,0.87785,0.87803,2.85,1.73
2011.04.20 07:16:11.057,0.87782,0.87803,1.83,1.35
2011.04.20 07:16:11.178,0.87787,0.87803,1.50,1.35
2011.04.20 07:16:14.045,0.87787,0.87804,1.13,1.50
2011.04.20 07:16:14.374,0.8779,0.87808,1.35,1.50
2011.04.20 07:16:14.593,0.8779,0.8781,1.68,1.50
2011.04.20 07:16:15.034,0.87787,0.87806,1.50,1.50
2011.04.20 07:16:15.365,0.87786,0.87806,3.00,5.03
2011.04.20 07:16:15.585,0.87785,0.87804,1.73,1.50
2011.04.20 07:16:16.464,0.87783,0.87803,1.35,2.25
2011.04.20 07:16:16.793,0.87787,0.87803,1.50,2.25
2011.04.20 07:16:17.224,0.87782,0.87798,1.08,1.73
2011.04.20 07:16:17.445,0.87772,0.87792,5.36,2.10
2011.04.20 07:16:18.088,0.87769,0.87789,5.03,3.60
2011.04.20 07:16:18.643,0.87769,0.87789,1.50,1.50
2011.04.20 07:16:18.754,0.8777,0.87792,2.10,1.50
2011.04.20 07:16:19.333,0.87771,0.87791,1.08,1.50
2011.04.20 07:16:22.295,0.87771,0.8779,1.08,1.13
2011.04.20 07:16:22.844,0.87771,0.87789,1.08,2.10
2011.04.20 07:16:27.444,0.87774,0.87789,1.13,2.10
2011.04.20 07:16:27.668,0.87779,0.87796,1.35,1.50
2011.04.20 07:16:28.323,0.87781,0.87797,1.35,1.50
2011.04.20 07:16:28.441,0.87783,0.87802,1.83,3.60
2011.04.20 07:16:28.664,0.87784,0.87802,1.50,1.35
2011.04.20 07:16:28.886,0.87786,0.87802,1.08,1.35
2011.04.20 07:16:29.434,0.87786,0.87804,1.50,2.10
2011.04.20 07:16:31.315,0.87786,0.87801,1.50,2.10
2011.04.20 07:16:31.425,0.87783,0.87801,4.61,2.85
2011.04.20 07:16:32.085,0.87781,0.87801,1.08,3.60
2011.04.20 07:16:32.928,0.87781,0.878,1.08,2.85
2011.04.20 07:16:33.825,0.87781,0.87797,1.08,2.10
2011.04.20 07:16:34.494,0.87781,0.87797,1.08,2.10
2011.04.20 07:16:35.269,0.87778,0.87795,1.08,1.35
2011.04.20 07:16:35.388,0.87774,0.87793,1.88,4.88
2011.04.20 07:16:35.509,0.87774,0.87788,1.50,2.85
2011.04.20 07:16:35.738,0.87771,0.87792,1.08,4.35
2011.04.20 07:16:36.625,0.87771,0.8779,1.83,2.10
2011.04.20 07:16:37.625,0.87769,0.8779,2.43,3.60
2011.04.20 07:16:37.739,0.87771,0.8779,4.61,1.50
2011.04.20 07:16:39.852,0.87771,0.87791,4.61,4.35
2011.04.20 07:16:40.405,0.87771,0.87789,1.08,2.10
2011.04.20 07:16:40.953,0.87771,0.87787,1.08,2.10
2011.04.20 07:16:41.626,0.87769,0.87787,1.68,2.85
2011.04.20 07:16:42.255,0.87769,0.87787,1.68,2.85
2011.04.20 07:16:44.304,0.87772,0.8779,6.53,1.13
2011.04.20 07:16:44.634,0.87777,0.87797,1.83,1.50
2011.04.20 07:16:45.183,0.8778,0.87799,2.10,2.25
2011.04.20 07:16:46.544,0.87787,0.87799,1.68,1.50
2011.04.20 07:16:47.094,0.87787,0.87807,1.68,1.13
2011.04.20 07:16:48.673,0.8779,0.87808,1.13,1.50
2011.04.20 07:16:49.004,0.87795,0.87813,1.08,1.50
2011.04.20 07:16:49.444,0.87797,0.87817,1.46,1.50
2011.04.20 07:16:55.314,0.87796,0.87814,1.08,1.73
2011.04.20 07:16:55.535,0.87792,0.87811,1.83,1.35
2011.04.20 07:16:56.894,0.87792,0.87811,1.83,1.35
2011.04.20 07:16:57.874,0.87794,0.87812,2.48,1.50
2011.04.20 07:16:57.984,0.87797,0.87816,1.08,1.50
2011.04.20 07:17:12.074,0.87794,0.8781,1.13,1.50
2011.04.20 07:17:12.305,0.87787,0.87807,1.46,1.50
2011.04.20 07:17:12.853,0.87786,0.87805,1.83,1.50
2011.04.20 07:17:14.903,0.87788,0.87805,1.08,3.60
2011.04.20 07:17:15.368,0.87788,0.87807,1.08,1.50
2011.04.20 07:17:15.708,0.87792,0.87813,2.06,2.25
2011.04.20 07:17:16.263,0.87792,0.87813,1.68,3.75
2011.04.20 07:17:17.075,0.87792,0.8781,1.08,1.73
2011.04.20 07:17:17.702,0.87789,0.87806,1.08,4.28
2011.04.20 07:17:18.275,0.87784,0.87804,2.48,2.25
2011.04.20 07:17:18.822,0.87786,0.87804,1.13,1.50
2011.04.20 07:17:19.713,0.87785,0.87804,2.21,1.50
2011.04.20 07:17:21.355,0.87786,0.87804,1.50,1.50
2011.04.20 07:17:21.796,0.87789,0.87807,1.50,1.50
2011.04.20 07:17:23.006,0.87788,0.87807,1.35,1.50
2011.04.20 07:17:25.674,0.87787,0.87806,2.25,1.50
2011.04.20 07:17:26.223,0.87785,0.87806,2.58,1.50
2011.04.20 07:17:29.713,0.87787,0.87808,1.73,1.50
2011.04.20 07:17:29.824,0.87788,0.87808,1.50,1.50
2011.04.20 07:17:29.934,0.87788,0.87809,1.50,1.50
2011.04.20 07:17:31.414,0.87789,0.87809,1.08,1.50
2011.04.20 07:17:31.635,0.8779,0.8781,1.08,2.25
2011.04.20 07:17:32.073,0.87793,0.87811,1.08,2.10
2011.04.20 07:17:36.456,0.87789,0.8781,2.58,2.10
2011.04.20 07:17:36.674,0.87789,0.87808,1.08,1.50
2011.04.20 07:17:39.714,0.87788,0.87808,1.08,2.25
2011.04.20 07:17:50.103,0.87788,0.87807,1.08,1.50
2011.04.20 07:17:51.504,0.87791,0.87807,2.48,1.50
2011.04.20 07:17:51.944,0.87789,0.87807,4.61,1.13
2011.04.20 07:17:52.273,0.87788,0.87808,1.50,3.23
2011.04.20 07:17:52.823,0.87787,0.87806,1.08,1.88
2011.04.20 07:17:53.153,0.87787,0.87805,1.08,2.25
2011.04.20 07:17:53.263,0.87784,0.87803,1.68,1.50
2011.04.20 07:17:53.923,0.87784,0.87804,1.83,2.10
2011.04.20 07:17:54.473,0.87784,0.87804,1.08,2.10
2011.04.20 07:17:56.605,0.87782,0.87802,1.08,3.00
2011.04.20 07:17:57.634,0.87782,0.87802,1.08,1.50
2011.04.20 07:17:58.183,0.87781,0.87802,2.81,2.25
2011.04.20 07:17:58.854,0.87783,0.87802,3.53,1.50
2011.04.20 07:17:59.404,0.87783,0.87802,4.28,1.50
2011.04.20 07:17:59.624,0.87784,0.87804,1.08,1.35
2011.04.20 07:17:59.844,0.87784,0.87805,4.61,1.50
2011.04.20 07:18:00.394,0.87785,0.87806,1.68,1.88
2011.04.20 07:18:00.943,0.87785,0.87806,1.08,1.88
2011.04.20 07:18:02.182,0.87786,0.87806,1.08,1.88
2011.04.20 07:18:03.635,0.87786,0.87806,3.86,1.13
2011.04.20 07:18:03.965,0.87789,0.87808,1.50,2.85
2011.04.20 07:18:04.074,0.8779,0.8781,1.50,2.48
2011.04.20 07:18:04.514,0.87789,0.8781,1.83,1.35
2011.04.20 07:18:05.063,0.87792,0.8781,1.08,1.35
2011.04.20 07:18:06.163,0.87792,0.8781,1.83,1.35
2011.04.20 07:18:06.726,0.87795,0.87812,1.50,1.50
2011.04.20 07:18:06.949,0.87796,0.87816,4.73,1.50
2011.04.20 07:18:07.283,0.87797,0.87817,2.63,2.25
2011.04.20 07:18:10.805,0.87797,0.87816,5.06,1.13
2011.04.20 07:18:11.288,0.87797,0.87814,2.25,1.13
2011.04.20 07:18:11.406,0.87789,0.8781,3.93,1.50
2011.04.20 07:18:11.956,0.87789,0.87809,1.08,2.10
2011.04.20 07:18:13.163,0.87788,0.87809,3.86,2.10
2011.04.20 07:18:14.523,0.8779,0.87808,3.53,1.50
2011.04.20 07:18:15.297,0.8779,0.87809,3.86,1.50
2011.04.20 07:18:15.413,0.87793,0.87809,3.53,1.50
2011.04.20 07:18:15.963,0.87793,0.8781,3.86,1.50
2011.04.20 07:18:17.093,0.87793,0.87812,3.86,1.50
2011.04.20 07:18:17.643,0.87794,0.87813,1.83,2.10
2011.04.20 07:18:18.765,0.87793,0.87813,3.86,2.85
2011.04.20 07:18:20.284,0.87793,0.87813,5.36,2.85
2011.04.20 07:18:20.506,0.87796,0.87815,2.43,1.50
2011.04.20 07:18:21.053,0.87796,0.87816,4.53,1.50
2011.04.20 07:18:23.663,0.87796,0.87816,3.78,1.50
2011.04.20 07:18:24.267,0.87797,0.87816,2.10,1.50
2011.04.20 07:18:24.381,0.87791,0.87811,4.61,1.50
2011.04.20 07:18:27.073,0.87793,0.87812,1.50,2.25
2011.04.20 07:18:27.513,0.87793,0.8781,1.50,1.50
2011.04.20 07:18:27.625,0.87792,0.87808,1.83,1.35
2011.04.20 07:18:27.846,0.87789,0.87807,4.61,1.50
2011.04.20 07:18:28.393,0.87788,0.87807,4.61,1.50
2011.04.20 07:18:30.916,0.87789,0.87807,1.46,1.50
2011.04.20 07:18:31.461,0.87793,0.87813,4.28,2.25
2011.04.20 07:18:32.121,0.87793,0.87811,3.53,1.50
2011.04.20 07:18:32.240,0.8779,0.8781,5.36,1.50
2011.04.20 07:18:32.944,0.87791,0.8781,1.50,1.50
2011.04.20 07:18:33.278,0.878,0.87815,3.90,1.50
2011.04.20 07:18:33.506,0.87805,0.87818,3.53,1.50
2011.04.20 07:18:33.614,0.87803,0.87821,3.53,2.10
2011.04.20 07:18:34.280,0.87803,0.87821,3.53,3.00
2011.04.20 07:18:34.788,0.87802,0.87821,3.86,1.50
2011.04.20 07:18:35.419,0.87803,0.87821,3.53,1.50
2011.04.20 07:18:36.126,0.87801,0.87821,5.21,1.50
2011.04.20 07:18:36.873,0.87801,0.8782,1.68,1.50
2011.04.20 07:18:37.754,0.87801,0.8782,1.08,1.50
2011.04.20 07:18:37.863,0.87798,0.87819,1.46,1.50
2011.04.20 07:18:37.972,0.87798,0.87819,1.46,1.50
2011.04.20 07:18:38.323,0.87798,0.87819,1.46,1.50
2011.04.20 07:18:39.155,0.878,0.87819,3.53,1.50
2011.04.20 07:18:39.703,0.87799,0.87819,4.98,1.50
2011.04.20 07:18:40.254,0.878,0.87821,6.11,1.50
2011.04.20 07:18:41.143,0.87801,0.87821,6.11,1.50
2011.04.20 07:18:41.474,0.87803,0.87823,6.11,1.50
2011.04.20 07:18:42.023,0.87804,0.87823,1.83,1.50
2011.04.20 07:18:42.355,0.87805,0.87824,5.36,1.50
2011.04.20 07:18:42.575,0.87807,0.87828,4.61,2.48
2011.04.20 07:18:42.684,0.87808,0.87828,1.08,2.10
2011.04.20 07:18:42.793,0.87812,0.87828,1.50,1.35
2011.04.20 07:18:43.123,0.87813,0.8783,1.50,1.50
2011.04.20 07:18:43.234,0.87812,0.8783,1.08,1.50
2011.04.20 07:18:43.454,0.8781,0.8783,3.86,1.50
2011.04.20 07:18:44.356,0.8781,0.8783,4.98,1.50
2011.04.20 07:18:44.869,0.87813,0.87834,1.46,2.25
2011.04.20 07:18:44.999,0.87819,0.8784,4.61,2.10
2011.04.20 07:18:45.120,0.8782,0.87843,5.21,4.50
2011.04.20 07:18:45.673,0.87821,0.87842,3.53,1.50
2011.04.20 07:18:46.196,0.87822,0.87842,3.53,1.50
2011.04.20 07:18:46.593,0.8782,0.87842,1.68,1.50
2011.04.20 07:18:47.163,0.87819,0.87842,3.18,1.50
2011.04.20 07:18:47.494,0.8782,0.87842,4.46,1.50
2011.04.20 07:18:47.714,0.87822,0.87842,3.53,1.50
2011.04.20 07:18:48.484,0.87821,0.87842,1.08,1.50
2011.04.20 07:18:48.814,0.87825,0.87843,4.61,2.25
2011.04.20 07:18:48.924,0.87825,0.87843,4.61,3.00
2011.04.20 07:18:49.625,0.87825,0.87844,4.61,1.35
2011.04.20 07:18:49.953,0.87825,0.87844,5.36,1.35
2011.04.20 07:18:50.723,0.87825,0.87843,1.83,1.50
2011.04.20 07:18:51.273,0.87823,0.87842,1.08,1.73
2011.04.20 07:18:52.153,0.87822,0.87841,1.08,1.13
2011.04.20 07:18:52.484,0.87822,0.87838,1.08,2.10
2011.04.20 07:18:52.819,0.87817,0.87825,3.53,2.85
2011.04.20 07:18:52.937,0.87804,0.87822,1.83,1.73
2011.04.20 07:18:53.044,0.87804,0.87821,1.08,1.50
2011.04.20 07:18:53.265,0.878,0.8782,1.08,1.50
2011.04.20 07:18:53.814,0.87799,0.87818,1.50,1.50
2011.04.20 07:18:53.924,0.87797,0.87818,3.18,1.50
2011.04.20 07:18:54.388,0.87797,0.87815,1.08,1.35
2011.04.20 07:18:54.725,0.87796,0.87815,1.08,2.10
2011.04.20 07:18:55.804,0.87799,0.87815,3.53,1.50
2011.04.20 07:18:56.133,0.87801,0.87818,3.53,1.50
2011.04.20 07:18:56.465,0.87801,0.87821,3.90,1.50
2011.04.20 07:18:57.014,0.87801,0.87822,1.08,2.25
2011.04.20 07:18:59.745,0.878,0.8782,1.08,1.50
2011.04.20 07:18:59.964,0.87799,0.87819,1.08,1.50
2011.04.20 07:19:00.513,0.87798,0.87817,1.08,1.50
2011.04.20 07:19:03.563,0.87798,0.87817,1.08,2.25
2011.04.20 07:19:03.893,0.87798,0.87817,1.46,2.25
2011.04.20 07:19:04.224,0.87799,0.87819,2.06,1.50
2011.04.20 07:19:10.881,0.87802,0.8782,1.50,2.25
2011.04.20 07:19:11.874,0.87801,0.8782,1.13,2.25
2011.04.20 07:19:12.203,0.87802,0.8782,1.50,2.25
2011.04.20 07:19:12.975,0.87799,0.87819,2.81,1.50
2011.04.20 07:19:15.184,0.87799,0.8782,2.06,1.50
2011.04.20 07:19:15.404,0.87801,0.87821,1.46,2.25
2011.04.20 07:19:15.514,0.87801,0.87821,1.08,1.50
2011.04.20 07:19:15.844,0.87807,0.87825,2.48,1.50
2011.04.20 07:19:16.174,0.87806,0.87825,5.36,1.50
2011.04.20 07:19:16.833,0.87809,0.87825,1.50,1.50
2011.04.20 07:19:18.195,0.87807,0.87826,4.65,1.50
2011.04.20 07:19:18.305,0.87807,0.87826,5.03,1.50
2011.04.20 07:19:18.413,0.87809,0.87829,1.08,1.50
2011.04.20 07:19:18.527,0.87812,0.87831,1.08,2.25
2011.04.20 07:19:21.456,0.87813,0.87832,3.56,1.35
2011.04.20 07:19:21.676,0.87814,0.87833,1.73,1.50
2011.04.20 07:19:22.613,0.87816,0.87837,2.96,1.50
2011.04.20 07:19:23.395,0.87816,0.87836,3.71,1.50
2011.04.20 07:19:24.583,0.87816,0.87836,3.71,1.50
2011.04.20 07:19:24.915,0.87816,0.87832,1.08,1.13
2011.04.20 07:19:25.245,0.8781,0.87827,1.50,1.50
2011.04.20 07:19:25.354,0.8781,0.87825,1.50,1.35
2011.04.20 07:19:25.464,0.87807,0.87823,1.50,1.50
2011.04.20 07:19:30.784,0.87805,0.87822,1.68,1.50
2011.04.20 07:19:33.576,0.87805,0.87822,1.08,1.88
2011.04.20 07:19:33.795,0.87798,0.87819,1.08,3.23
2011.04.20 07:19:34.014,0.87798,0.87818,1.08,4.35
2011.04.20 07:19:34.344,0.87796,0.87817,1.83,1.73
2011.04.20 07:19:34.454,0.87796,0.87816,1.08,1.35
2011.04.20 07:19:37.199,0.87791,0.87812,1.08,3.60
2011.04.20 07:19:39.835,0.87794,0.87812,1.83,3.60
2011.04.20 07:19:40.933,0.87796,0.87815,1.08,1.35
2011.04.20 07:19:41.853,0.87796,0.87815,1.46,1.35
2011.04.20 07:19:42.075,0.878,0.87817,1.13,2.25
2011.04.20 07:19:42.294,0.878,0.8782,2.21,1.50
2011.04.20 07:19:42.404,0.878,0.87821,2.96,1.50
2011.04.20 07:19:46.143,0.87803,0.87821,1.08,1.50
2011.04.20 07:19:46.254,0.87808,0.87821,1.50,1.50
2011.04.20 07:19:46.474,0.8781,0.87827,1.83,3.53
2011.04.20 07:19:46.584,0.87811,0.87827,1.08,3.53
2011.04.20 07:19:46.695,0.87811,0.8783,1.08,4.28
2011.04.20 07:19:47.358,0.87814,0.87832,1.08,1.50
2011.04.20 07:19:47.479,0.87814,0.87832,1.83,1.50
2011.04.20 07:19:48.255,0.87813,0.87833,5.58,1.50
2011.04.20 07:19:50.534,0.87817,0.87834,2.48,2.25
2011.04.20 07:19:50.754,0.87819,0.87837,1.31,3.00
2011.04.20 07:19:51.194,0.87817,0.87834,3.18,1.50
2011.04.20 07:19:51.414,0.87814,0.87834,1.68,1.50
2011.04.20 07:19:54.023,0.87819,0.87835,2.10,1.50
2011.04.20 07:19:54.135,0.87815,0.87835,1.08,1.50
2011.04.20 07:19:54.354,0.87817,0.87835,1.50,1.50
2011.04.20 07:19:54.684,0.87816,0.87834,3.53,1.13
2011.04.20 07:19:55.233,0.87813,0.87832,1.08,2.85
2011.04.20 07:19:56.343,0.87813,0.87832,1.83,2.48
2011.04.20 07:19:56.675,0.87819,0.87837,1.08,1.50
2011.04.20 07:19:57.223,0.87819,0.87839,1.08,3.60
2011.04.20 07:19:57.773,0.87819,0.87839,1.08,2.85
2011.04.20 07:19:59.122,0.87819,0.87839,1.08,2.10
2011.04.20 07:19:59.776,0.87819,0.87839,2.43,1.50
2011.04.20 07:19:59.886,0.87821,0.8784,2.10,1.50
2011.04.20 07:19:59.997,0.87824,0.87842,2.21,1.50
2011.04.20 07:20:00.214,0.87824,0.87845,2.25,1.35
2011.04.20 07:20:00.763,0.87828,0.87845,1.08,1.35
2011.04.20 07:20:00.986,0.87828,0.87847,1.46,1.50
2011.04.20 07:20:01.533,0.87828,0.87847,3.56,1.50
2011.04.20 07:20:02.786,0.87828,0.87847,3.18,1.50
2011.04.20 07:20:03.115,0.87829,0.87847,1.08,1.50
2011.04.20 07:20:04.734,0.87829,0.87849,5.73,2.25
2011.04.20 07:20:05.064,0.87833,0.87851,4.20,2.25
2011.04.20 07:20:05.393,0.87833,0.87851,1.35,2.25
2011.04.20 07:20:05.724,0.87833,0.87851,1.35,1.50
2011.04.20 07:20:05.835,0.87829,0.87851,1.83,2.85
2011.04.20 07:20:05.943,0.87829,0.87851,1.83,2.85
2011.04.20 07:20:07.195,0.87829,0.8785,1.68,1.88
2011.04.20 07:20:07.523,0.87831,0.87851,1.35,1.50
2011.04.20 07:20:09.224,0.87831,0.87851,1.35,2.25
2011.04.20 07:20:09.445,0.87831,0.87851,1.35,2.63
2011.04.20 07:20:09.666,0.87826,0.87847,3.93,2.25
2011.04.20 07:20:09.773,0.87826,0.87847,3.18,2.25
2011.04.20 07:20:11.434,0.87826,0.87844,3.18,1.50
2011.04.20 07:20:11.767,0.87817,0.87834,2.58,1.13
2011.04.20 07:20:11.997,0.87815,0.87832,1.08,2.10
2011.04.20 07:20:13.878,0.87815,0.87832,1.83,2.85
2011.04.20 07:20:14.324,0.87816,0.87832,1.08,4.73
2011.04.20 07:20:14.434,0.87816,0.87832,1.46,3.60
2011.04.20 07:20:14.545,0.87821,0.87833,2.48,1.50
2011.04.20 07:20:15.031,0.87823,0.87841,2.21,2.10
2011.04.20 07:20:15.152,0.87826,0.87848,1.13,3.00
2011.04.20 07:20:15.484,0.87828,0.87848,1.08,2.25
2011.04.20 07:20:16.035,0.87828,0.87846,1.08,1.13
2011.04.20 07:20:17.564,0.87828,0.87845,1.08,2.85
2011.04.20 07:20:18.223,0.87828,0.87848,1.08,1.50
2011.04.20 07:20:18.774,0.87831,0.87849,1.73,3.60
2011.04.20 07:20:18.884,0.87834,0.87852,1.08,1.50
2011.04.20 07:20:18.995,0.87835,0.87853,1.35,3.75
2011.04.20 07:20:22.320,0.87835,0.87854,1.35,3.60
2011.04.20 07:20:22.883,0.87835,0.87854,1.35,3.60
2011.04.20 07:20:23.464,0.87836,0.87854,1.08,2.85
2011.04.20 07:20:24.454,0.87835,0.87855,3.18,1.50
2011.04.20 07:20:28.273,0.87836,0.87855,1.46,2.25
2011.04.20 07:20:29.034,0.87836,0.87855,1.08,2.25
2011.04.20 07:20:29.144,0.87835,0.87855,1.68,5.10
2011.04.20 07:20:30.354,0.87835,0.87855,2.81,2.25
2011.04.20 07:20:30.575,0.87835,0.87855,2.81,2.25
2011.04.20 07:20:31.013,0.87836,0.87855,1.46,2.25
2011.04.20 07:20:32.061,0.87836,0.87855,1.46,1.50
2011.04.20 07:20:33.015,0.87838,0.87855,1.35,1.50
2011.04.20 07:20:33.124,0.87838,0.87856,3.45,1.50
2011.04.20 07:20:33.344,0.87837,0.87855,2.81,1.50
2011.04.20 07:20:33.576,0.87837,0.87855,2.43,1.50
2011.04.20 07:20:34.454,0.87837,0.87855,2.43,1.50
2011.04.20 07:20:34.785,0.87835,0.87855,1.68,4.35
2011.04.20 07:20:37.703,0.87835,0.87855,1.08,3.60
2011.04.20 07:20:37.986,0.87835,0.87855,1.08,3.60
2011.04.20 07:20:38.875,0.87835,0.87855,1.08,1.50
2011.04.20 07:20:43.120,0.87835,0.87855,1.68,2.25
2011.04.20 07:20:43.676,0.87829,0.87846,3.53,1.50
2011.04.20 07:20:44.223,0.87828,0.87846,4.88,1.50
2011.04.20 07:20:44.966,0.87829,0.87846,3.53,1.50
2011.04.20 07:20:45.296,0.87832,0.87847,3.53,1.50
2011.04.20 07:20:45.405,0.87832,0.87848,3.53,2.25
2011.04.20 07:20:45.883,0.87834,0.87849,3.53,1.50
2011.04.20 07:20:46.544,0.87832,0.87849,3.53,1.50
2011.04.20 07:20:47.374,0.87832,0.87847,3.53,1.50
2011.04.20 07:20:48.097,0.87831,0.87845,3.53,1.50
2011.04.20 07:20:48.217,0.87828,0.87845,3.53,1.50
2011.04.20 07:20:49.623,0.87827,0.87845,4.46,1.50
2011.04.20 07:20:54.087,0.87826,0.87845,1.31,1.50
2011.04.20 07:20:58.484,0.87825,0.87845,4.61,1.50
2011.04.20 07:20:58.924,0.87825,0.87844,3.86,2.10
2011.04.20 07:20:59.034,0.87822,0.87842,5.73,2.25
2011.04.20 07:21:03.639,0.87822,0.87842,5.58,2.25
2011.04.20 07:21:04.974,0.87822,0.87842,2.81,2.25
2011.04.20 07:21:05.524,0.87825,0.87844,3.53,3.00
2011.04.20 07:21:06.084,0.87824,0.87842,3.86,2.25
2011.04.20 07:21:06.415,0.87826,0.87842,3.53,1.50
2011.04.20 07:21:07.076,0.87826,0.87842,1.88,1.50
2011.04.20 07:21:07.623,0.87825,0.87843,1.08,1.50
2011.04.20 07:21:08.823,0.87827,0.87845,1.08,1.50
2011.04.20 07:21:10.817,0.87828,0.87845,1.50,2.25
2011.04.20 07:21:10.937,0.87828,0.87845,4.28,1.50
2011.04.20 07:21:11.485,0.87828,0.87848,4.61,2.10
2011.04.20 07:21:14.915,0.87828,0.87848,4.61,2.10
2011.04.20 07:21:15.026,0.87828,0.87844,4.28,1.73
2011.04.20 07:21:15.595,0.87828,0.87846,4.28,1.50
2011.04.20 07:21:16.884,0.87829,0.87845,1.50,1.50
2011.04.20 07:21:17.105,0.87827,0.87845,1.08,1.50
2011.04.20 07:21:17.654,0.87827,0.87845,2.58,1.50
2011.04.20 07:21:19.317,0.87827,0.87845,2.58,1.50
2011.04.20 07:21:19.548,0.87831,0.87847,1.13,1.50
2011.04.20 07:21:19.887,0.8783,0.87843,1.08,2.10
2011.04.20 07:21:20.004,0.87826,0.87843,1.08,2.10
2011.04.20 07:21:20.554,0.87825,0.87843,1.08,2.85
2011.04.20 07:21:22.456,0.87825,0.8784,1.08,1.13
2011.04.20 07:21:22.785,0.87822,0.87839,1.46,2.85
2011.04.20 07:21:24.895,0.87823,0.8784,2.81,2.85
2011.04.20 07:21:25.224,0.87826,0.87846,1.31,4.28
2011.04.20 07:21:25.554,0.87829,0.87847,1.08,1.50
2011.04.20 07:21:26.246,0.87833,0.87848,1.13,3.60
2011.04.20 07:21:26.573,0.87836,0.87853,1.50,2.25
2011.04.20 07:21:26.795,0.87836,0.87854,1.50,1.50
2011.04.20 07:21:27.914,0.87838,0.87854,1.13,1.50
2011.04.20 07:21:28.135,0.87839,0.87854,2.48,1.50
2011.04.20 07:21:28.354,0.8784,0.87859,2.06,1.50
2011.04.20 07:21:28.463,0.87841,0.8786,1.73,1.50
2011.04.20 07:21:29.013,0.87844,0.8786,1.50,1.50
2011.04.20 07:21:31.035,0.87837,0.87857,1.08,2.10
2011.04.20 07:21:31.594,0.87837,0.87856,1.08,2.85
2011.04.20 07:21:34.995,0.87837,0.87857,1.08,2.10
2011.04.20 07:21:38.245,0.87836,0.87856,1.08,1.50
2011.04.20 07:21:38.466,0.87835,0.87855,1.31,1.50
2011.04.20 07:21:38.794,0.87838,0.87855,1.13,1.50
2011.04.20 07:21:39.144,0.87837,0.87854,2.25,1.13
2011.04.20 07:21:39.364,0.87833,0.8785,1.08,1.13
2011.04.20 07:21:39.476,0.87833,0.87847,1.08,2.10
2011.04.20 07:21:40.026,0.87833,0.87853,1.83,4.35
2011.04.20 07:21:40.245,0.87834,0.87853,1.08,4.35
2011.04.20 07:21:40.574,0.87833,0.87853,1.83,2.85
2011.04.20 07:21:41.504,0.87833,0.87853,2.58,2.85
2011.04.20 07:21:41.724,0.87836,0.87855,1.50,2.10
2011.04.20 07:21:42.874,0.87836,0.87855,3.00,2.10
2011.04.20 07:21:45.078,0.87839,0.87859,1.08,1.50
2011.04.20 07:21:47.174,0.8784,0.8786,1.08,3.60
2011.04.20 07:21:47.284,0.87838,0.87858,2.06,1.50
2011.04.20 07:21:47.834,0.87837,0.87856,1.83,2.85
2011.04.20 07:21:49.075,0.87834,0.87851,1.08,3.60
2011.04.20 07:21:49.297,0.87827,0.87846,1.68,1.50
2011.04.20 07:21:49.636,0.87825,0.87846,1.83,3.98
2011.04.20 07:21:49.855,0.87822,0.87842,2.43,2.85
2011.04.20 07:21:50.623,0.8782,0.87842,1.46,3.60
2011.04.20 07:21:51.067,0.87823,0.87842,1.50,3.60
2011.04.20 07:21:52.645,0.87822,0.87843,2.21,2.10
2011.04.20 07:21:55.916,0.87822,0.87842,1.08,1.13
2011.04.20 07:21:56.136,0.87824,0.87843,1.08,2.10
2011.04.20 07:21:57.725,0.87827,0.87843,1.50,2.10
2011.04.20 07:21:57.836,0.87827,0.87845,1.50,1.50
2011.04.20 07:21:58.058,0.87832,0.8785,2.10,1.50
2011.04.20 07:21:58.287,0.87836,0.87854,1.08,2.63
2011.04.20 07:21:58.397,0.87835,0.87853,3.86,1.50
2011.04.20 07:22:00.844,0.87833,0.8785,1.08,1.13
2011.04.20 07:22:01.065,0.87833,0.87848,1.08,2.85
2011.04.20 07:22:01.614,0.87833,0.87852,1.08,2.85
2011.04.20 07:22:03.963,0.87833,0.87854,1.08,1.50
2011.04.20 07:22:06.654,0.87833,0.87854,1.08,1.50
2011.04.20 07:22:07.204,0.87833,0.87854,1.08,4.35
2011.04.20 07:22:09.454,0.87833,0.87851,1.08,1.13
2011.04.20 07:22:10.273,0.87839,0.87858,1.88,1.50
2011.04.20 07:22:10.495,0.87839,0.87859,1.88,2.25
2011.04.20 07:22:14.785,0.8784,0.87858,1.13,1.50
2011.04.20 07:22:14.894,0.8784,0.87861,2.21,1.50
2011.04.20 07:22:15.114,0.87843,0.87861,1.46,1.50
2011.04.20 07:22:16.713,0.87843,0.87861,1.08,1.50
2011.04.20 07:22:17.469,0.87841,0.87859,1.08,2.85
2011.04.20 07:22:30.254,0.87841,0.87859,4.61,3.23
2011.04.20 07:22:31.374,0.87841,0.87859,1.08,1.13
2011.04.20 07:22:36.944,0.87843,0.87861,1.08,3.60
2011.04.20 07:22:37.384,0.87843,0.87861,4.61,1.50
2011.04.20 07:22:45.654,0.87843,0.87864,1.83,1.35
2011.04.20 07:22:46.503,0.87842,0.87862,1.08,2.25
2011.04.20 07:22:47.277,0.87842,0.87858,1.08,1.73
2011.04.20 07:22:47.495,0.87837,0.87855,1.08,2.85
2011.04.20 07:22:47.716,0.87836,0.87853,1.08,2.85
2011.04.20 07:22:47.935,0.87837,0.87855,1.08,1.50
2011.04.20 07:22:48.484,0.87838,0.87857,1.13,2.10
2011.04.20 07:22:48.595,0.87841,0.87857,1.08,1.50
2011.04.20 07:22:48.814,0.87841,0.8786,1.50,1.50
2011.04.20 07:22:50.525,0.87841,0.87857,1.50,1.50
2011.04.20 07:22:50.745,0.87836,0.87857,1.08,3.00
2011.04.20 07:22:51.074,0.87836,0.87857,1.08,3.00
2011.04.20 07:22:51.625,0.87833,0.87851,1.08,1.50
2011.04.20 07:22:51.955,0.87833,0.87852,1.08,2.85
2011.04.20 07:22:52.064,0.87832,0.87852,1.68,3.60
2011.04.20 07:22:52.283,0.87832,0.87852,1.68,3.60
2011.04.20 07:22:52.874,0.87832,0.87852,1.68,3.60
2011.04.20 07:22:52.985,0.87832,0.87852,2.06,2.85
2011.04.20 07:22:53.097,0.87834,0.87852,1.68,2.85
2011.04.20 07:22:53.426,0.87835,0.87855,1.31,2.85
2011.04.20 07:22:53.973,0.87837,0.87855,1.08,2.85
2011.04.20 07:22:56.464,0.87837,0.87855,1.46,2.85
2011.04.20 07:22:56.685,0.87838,0.87858,1.46,1.50
2011.04.20 07:22:56.794,0.87838,0.87858,1.46,1.50
2011.04.20 07:22:57.125,0.87832,0.87847,1.08,1.50
2011.04.20 07:22:57.456,0.87834,0.87851,1.35,2.85
2011.04.20 07:22:57.565,0.87835,0.87855,1.83,5.03
2011.04.20 07:22:57.784,0.87835,0.87854,1.08,1.50
2011.04.20 07:22:58.706,0.87836,0.87854,1.46,1.50
2011.04.20 07:22:59.035,0.8784,0.87858,1.46,1.50
2011.04.20 07:22:59.253,0.87839,0.87858,1.08,1.50
2011.04.20 07:22:59.474,0.87837,0.87858,2.43,1.50
2011.04.20 07:23:00.343,0.87837,0.87858,1.68,1.50
2011.04.20 07:23:00.676,0.87834,0.87855,3.18,2.25
2011.04.20 07:23:00.784,0.87834,0.87855,1.08,2.25
2011.04.20 07:23:01.348,0.87834,0.87855,1.08,2.25
2011.04.20 07:23:01.816,0.87837,0.87855,1.13,1.50
2011.04.20 07:23:01.924,0.87837,0.87855,1.13,1.50
2011.04.20 07:23:02.144,0.87839,0.87857,1.08,1.50
2011.04.20 07:23:02.694,0.87839,0.87855,1.08,1.13
2011.04.20 07:23:02.805,0.87836,0.87855,1.08,1.13
2011.04.20 07:23:02.915,0.87835,0.87855,3.86,1.88
2011.04.20 07:23:04.014,0.87831,0.87852,1.83,3.60
2011.04.20 07:23:04.895,0.87831,0.87852,2.96,3.60
2011.04.20 07:23:05.114,0.87834,0.87852,1.08,1.50
2011.04.20 07:23:05.822,0.87836,0.87855,1.46,3.60
2011.04.20 07:23:05.941,0.87835,0.87855,1.08,2.25
2011.04.20 07:23:06.274,0.87835,0.87855,1.08,2.25
2011.04.20 07:23:06.604,0.87835,0.87855,1.83,1.50
2011.04.20 07:23:08.173,0.87837,0.87856,1.08,3.60
2011.04.20 07:23:08.833,0.87837,0.87856,1.08,3.60
2011.04.20 07:23:09.564,0.87837,0.87854,1.08,1.50
2011.04.20 07:23:09.675,0.87837,0.87854,1.08,1.50
2011.04.20 07:23:15.274,0.87837,0.87853,1.08,2.25
2011.04.20 07:23:15.714,0.87838,0.87851,1.50,1.50
2011.04.20 07:23:15.823,0.87838,0.87851,1.50,1.50
2011.04.20 07:23:15.933,0.87836,0.87851,1.50,1.50
2011.04.20 07:23:17.324,0.87837,0.87852,2.25,1.50
2011.04.20 07:23:17.764,0.87834,0.87854,1.08,1.50
2011.04.20 07:23:19.143,0.87835,0.87854,1.08,3.00
2011.04.20 07:23:20.073,0.87834,0.87855,3.86,5.10
2011.04.20 07:23:20.463,0.87836,0.87854,1.13,2.25
2011.04.20 07:23:20.904,0.87836,0.87857,2.48,2.25
2011.04.20 07:23:21.665,0.87838,0.87859,1.08,1.50
2011.04.20 07:23:24.343,0.87838,0.87858,1.08,2.85
2011.04.20 07:23:24.893,0.87838,0.87858,1.08,2.85
2011.04.20 07:23:27.845,0.87838,0.87858,1.08,2.85
2011.04.20 07:23:28.063,0.87838,0.87858,1.08,1.50
2011.04.20 07:23:28.174,0.87838,0.87857,1.46,1.50
2011.04.20 07:23:28.832,0.87837,0.87857,1.83,1.50
2011.04.20 07:23:29.273,0.87837,0.87854,1.08,1.50
2011.04.20 07:23:30.093,0.87837,0.87855,1.08,2.10
2011.04.20 07:23:30.598,0.87838,0.87857,1.08,2.85
2011.04.20 07:23:36.803,0.87838,0.87859,1.08,4.35
2011.04.20 07:23:40.257,0.87836,0.87854,1.08,1.50
2011.04.20 07:23:46.814,0.87838,0.87856,1.08,1.50
2011.04.20 07:23:47.143,0.87838,0.87857,1.08,1.50
2011.04.20 07:23:47.255,0.87838,0.87859,1.08,3.00
2011.04.20 07:23:50.113,0.87838,0.87857,1.08,2.85
2011.04.20 07:23:50.552,0.87837,0.87853,1.08,1.50
2011.04.20 07:23:59.283,0.87834,0.87853,1.08,1.50
2011.04.20 07:24:00.034,0.87832,0.87854,3.18,1.88
2011.04.20 07:24:00.806,0.87834,0.87852,1.08,1.88
2011.04.20 07:24:01.476,0.87834,0.87852,1.08,2.63
2011.04.20 07:24:03.243,0.87834,0.87852,1.08,2.63
2011.04.20 07:24:04.123,0.87833,0.87852,1.08,2.63
2011.04.20 07:24:05.347,0.87834,0.87852,1.08,2.63
2011.04.20 07:24:06.383,0.87834,0.87852,1.08,2.63
2011.04.20 07:24:08.573,0.87834,0.87852,1.08,2.63
2011.04.20 07:24:12.773,0.87833,0.87852,1.08,2.63
2011.04.20 07:24:16.081,0.87833,0.87851,1.08,1.50
2011.04.20 07:24:16.416,0.87812,0.87834,1.50,1.50
2011.04.20 07:24:16.634,0.87812,0.87832,1.50,2.63
2011.04.20 07:24:16.964,0.87807,0.87828,1.46,2.25
2011.04.20 07:24:17.582,0.87807,0.87827,1.08,1.50
2011.04.20 07:24:17.694,0.87807,0.87824,1.08,1.50
2011.04.20 07:24:21.345,0.87811,0.87824,3.53,1.50
2011.04.20 07:24:21.676,0.87809,0.87824,3.53,1.50
2011.04.20 07:24:21.786,0.87809,0.87829,4.50,3.00
2011.04.20 07:24:22.334,0.87811,0.87829,3.53,1.50
2011.04.20 07:24:22.886,0.87812,0.87831,1.50,1.50
2011.04.20 07:24:23.105,0.87814,0.87833,1.13,3.75
2011.04.20 07:24:24.345,0.87813,0.87833,1.08,3.00
2011.04.20 07:24:24.894,0.87813,0.87832,1.08,1.50
2011.04.20 07:24:25.334,0.87813,0.87831,1.08,1.50
2011.04.20 07:24:25.663,0.87813,0.87828,1.08,1.50
2011.04.20 07:24:27.215,0.87813,0.87829,1.46,1.50
2011.04.20 07:24:27.435,0.87818,0.87833,1.50,1.50
2011.04.20 07:24:27.545,0.8782,0.87839,1.50,2.85
2011.04.20 07:24:27.875,0.87819,0.87839,1.08,3.60
2011.04.20 07:24:28.644,0.87819,0.87835,2.58,2.10
2011.04.20 07:24:28.864,0.87819,0.87838,1.08,3.45
2011.04.20 07:24:28.977,0.87821,0.87839,2.10,1.50
2011.04.20 07:24:29.095,0.87825,0.87845,1.08,1.50
2011.04.20 07:24:29.203,0.87825,0.87846,1.08,2.25
2011.04.20 07:24:29.314,0.87827,0.87847,2.25,3.00
2011.04.20 07:24:29.864,0.8783,0.87849,1.08,2.85
2011.04.20 07:24:30.084,0.8783,0.87849,1.08,2.85
2011.04.20 07:24:30.414,0.8783,0.87848,1.08,1.13
2011.04.20 07:24:31.112,0.87823,0.87841,1.83,2.70
2011.04.20 07:24:31.232,0.87823,0.87838,1.08,1.73
2011.04.20 07:24:31.565,0.87818,0.87837,1.08,2.10
2011.04.20 07:24:31.784,0.87817,0.87837,1.08,2.85
2011.04.20 07:24:32.713,0.87817,0.87834,1.08,1.35
2011.04.20 07:24:33.046,0.87813,0.87834,1.08,1.35
2011.04.20 07:24:33.374,0.87817,0.87834,1.50,1.35
2011.04.20 07:24:33.807,0.87813,0.87832,1.08,1.50
2011.04.20 07:24:38.739,0.87816,0.87832,1.13,2.25
2011.04.20 07:24:38.857,0.87816,0.87836,1.13,2.25
2011.04.20 07:24:39.404,0.87817,0.87835,1.08,2.25
2011.04.20 07:24:39.514,0.87816,0.87835,2.58,2.25
2011.04.20 07:24:46.755,0.87813,0.87833,1.08,1.35
2011.04.20 07:24:48.768,0.87813,0.87833,1.08,2.85
2011.04.20 07:24:49.104,0.87812,0.87833,1.08,2.48
2011.04.20 07:24:49.654,0.87813,0.87833,1.08,1.35
2011.04.20 07:24:50.423,0.87813,0.87833,1.08,1.35
2011.04.20 07:24:50.975,0.87813,0.87834,2.21,3.38
2011.04.20 07:24:51.524,0.87812,0.87832,1.08,3.60
2011.04.20 07:24:52.323,0.87811,0.87832,1.08,4.35
2011.04.20 07:24:52.434,0.87812,0.87832,1.13,4.35
2011.04.20 07:24:52.984,0.87817,0.87834,2.63,1.50
2011.04.20 07:24:53.563,0.87817,0.87836,2.63,1.50
2011.04.20 07:24:54.413,0.87817,0.87836,2.63,1.50
2011.04.20 07:24:54.963,0.87817,0.87836,2.25,1.50
2011.04.20 07:24:55.074,0.87817,0.87834,1.50,2.85
2011.04.20 07:24:55.184,0.87817,0.87834,1.50,3.60
2011.04.20 07:24:55.295,0.87814,0.87834,1.08,3.60
2011.04.20 07:24:55.405,0.87813,0.87833,1.83,1.50
2011.04.20 07:24:57.224,0.87814,0.87834,1.13,4.35
2011.04.20 07:24:57.774,0.87817,0.87834,2.25,1.35
2011.04.20 07:24:57.995,0.87817,0.87837,2.58,1.50
2011.04.20 07:25:00.453,0.87817,0.87837,2.58,2.25
2011.04.20 07:25:00.785,0.87815,0.87834,3.18,1.13
2011.04.20 07:25:00.896,0.87812,0.8783,1.08,1.13
2011.04.20 07:25:01.014,0.87809,0.87829,2.25,3.60
2011.04.20 07:25:01.236,0.87808,0.87826,1.08,1.88
2011.04.20 07:25:01.565,0.87799,0.87818,1.08,2.10
2011.04.20 07:25:03.215,0.878,0.87818,1.13,2.10
2011.04.20 07:25:03.760,0.87802,0.87821,1.08,1.50
2011.04.20 07:25:04.316,0.87805,0.87819,1.13,2.10
2011.04.20 07:25:04.537,0.87808,0.87827,1.73,2.25
2011.04.20 07:25:04.645,0.8781,0.87828,1.08,1.50
2011.04.20 07:25:04.865,0.87812,0.8783,1.08,1.50
2011.04.20 07:25:05.085,0.87812,0.8783,1.08,2.63
2011.04.20 07:25:05.310,0.8781,0.87829,1.08,3.60
2011.04.20 07:25:05.426,0.8781,0.87829,1.08,2.85
2011.04.20 07:25:05.755,0.87809,0.87824,1.08,2.10
2011.04.20 07:25:05.974,0.87808,0.87821,1.83,2.48
2011.04.20 07:25:06.303,0.87801,0.87817,2.21,2.10
2011.04.20 07:25:06.415,0.87801,0.87821,3.56,3.60
2011.04.20 07:25:06.524,0.87802,0.87821,1.08,2.85
2011.04.20 07:25:06.745,0.87802,0.87822,1.08,1.50
2011.04.20 07:25:10.146,0.87802,0.87822,1.08,1.35
2011.04.20 07:25:10.254,0.87802,0.8782,1.08,1.35
2011.04.20 07:25:10.366,0.87802,0.87818,1.08,1.13
2011.04.20 07:25:10.697,0.87797,0.87814,1.08,1.50
2011.04.20 07:25:10.814,0.87797,0.87814,1.08,1.50
2011.04.20 07:25:10.923,0.87797,0.8782,1.08,4.35
2011.04.20 07:25:11.144,0.87797,0.8782,1.46,2.85
2011.04.20 07:25:11.693,0.87801,0.8782,4.61,2.10
2011.04.20 07:25:14.127,0.87802,0.87819,2.06,1.50
2011.04.20 07:25:14.689,0.87802,0.87822,1.13,1.50
2011.04.20 07:25:14.914,0.87806,0.87824,1.08,2.85
2011.04.20 07:25:15.464,0.87807,0.87824,1.50,2.10
2011.04.20 07:25:16.266,0.87807,0.87824,2.25,1.35
2011.04.20 07:25:17.204,0.87807,0.87822,1.50,1.13
2011.04.20 07:25:17.425,0.87803,0.87819,1.08,2.10
2011.04.20 07:25:17.534,0.87803,0.87822,1.08,5.03
2011.04.20 07:25:18.434,0.87804,0.87823,1.50,3.00
2011.04.20 07:25:18.765,0.87806,0.87827,1.88,3.45
2011.04.20 07:25:19.355,0.87808,0.87827,1.08,2.70
2011.04.20 07:25:19.685,0.87804,0.87823,1.83,2.85
2011.04.20 07:25:19.905,0.87806,0.87824,1.50,4.13
2011.04.20 07:25:21.564,0.87807,0.87827,1.08,3.83
2011.04.20 07:25:23.004,0.87807,0.87827,1.46,2.85
2011.04.20 07:25:23.334,0.8781,0.87829,2.25,1.35
2011.04.20 07:25:23.445,0.87812,0.8783,1.08,1.35
2011.04.20 07:25:25.122,0.87812,0.8783,1.83,2.10
2011.04.20 07:25:27.585,0.87809,0.87829,1.83,2.10
2011.04.20 07:25:28.885,0.87807,0.87828,1.83,6.15
2011.04.20 07:25:29.580,0.87806,0.87827,2.58,4.28
2011.04.20 07:25:31.953,0.87807,0.87827,1.08,4.28
2011.04.20 07:25:32.503,0.87807,0.87828,2.21,2.25
2011.04.20 07:25:34.974,0.87805,0.87825,1.83,1.73
2011.04.20 07:25:35.194,0.87804,0.87823,1.08,2.85
2011.04.20 07:25:36.526,0.87804,0.87818,1.08,1.73
2011.04.20 07:25:36.965,0.87801,0.8782,2.25,1.50
2011.04.20 07:25:37.077,0.878,0.87821,1.35,2.25
2011.04.20 07:25:37.295,0.87799,0.87819,1.50,5.33
2011.04.20 07:25:37.623,0.87799,0.87818,1.50,2.25
2011.04.20 07:25:38.503,0.87797,0.87816,3.33,2.85
2011.04.20 07:25:39.083,0.87798,0.87816,1.50,2.85
2011.04.20 07:25:43.847,0.87799,0.8782,1.50,1.50
2011.04.20 07:25:43.955,0.878,0.87821,1.50,1.50
2011.04.20 07:25:46.083,0.87798,0.8782,1.83,1.50
2011.04.20 07:25:46.627,0.87798,0.87819,1.83,1.50
2011.04.20 07:25:49.804,0.87799,0.87819,1.50,1.50
2011.04.20 07:25:51.726,0.87801,0.87819,1.50,1.50
2011.04.20 07:25:52.055,0.87807,0.87826,1.13,1.50
2011.04.20 07:25:52.166,0.87808,0.87829,2.58,1.35
2011.04.20 07:25:52.713,0.87808,0.87829,4.61,2.10
2011.04.20 07:25:53.507,0.87808,0.87829,5.36,2.10
2011.04.20 07:25:54.944,0.87811,0.8783,1.50,2.85
2011.04.20 07:25:56.646,0.87811,0.8783,1.13,2.85
2011.04.20 07:25:57.193,0.87813,0.8783,1.50,1.35
2011.04.20 07:25:57.523,0.87809,0.87829,1.50,2.25
2011.04.20 07:25:57.743,0.87809,0.87829,1.50,3.00
2011.04.20 07:25:58.293,0.87811,0.8783,1.50,1.35
2011.04.20 07:25:59.654,0.8781,0.8783,1.50,2.85
2011.04.20 07:26:00.798,0.87808,0.8782,1.08,1.35
2011.04.20 07:26:01.027,0.87798,0.87819,1.08,1.73
2011.04.20 07:26:01.616,0.87797,0.87818,2.25,3.00
2011.04.20 07:26:02.274,0.87798,0.87817,1.13,1.50
2011.04.20 07:26:02.714,0.87799,0.87817,1.88,1.50
2011.04.20 07:26:02.824,0.87799,0.87819,2.21,6.53
2011.04.20 07:26:03.373,0.87799,0.87818,1.50,1.13
2011.04.20 07:26:03.484,0.87798,0.87816,2.10,1.50
2011.04.20 07:26:04.624,0.87799,0.87816,1.13,1.50
2011.04.20 07:26:05.174,0.87801,0.87816,1.88,1.50
2011.04.20 07:26:05.783,0.87801,0.87816,1.88,1.50
2011.04.20 07:26:06.595,0.87803,0.8782,1.13,1.50
2011.04.20 07:26:06.705,0.87803,0.87821,3.23,1.50
2011.04.20 07:26:06.815,0.87804,0.87822,2.10,1.50
2011.04.20 07:26:06.923,0.87804,0.87824,2.48,3.00
2011.04.20 07:26:07.255,0.87806,0.87825,1.13,2.10
2011.04.20 07:26:07.584,0.87808,0.87825,1.50,1.35
2011.04.20 07:26:08.293,0.8781,0.87828,1.50,1.50
2011.04.20 07:26:08.638,0.87813,0.87831,1.08,1.13
2011.04.20 07:26:08.976,0.87819,0.87837,1.13,1.50
2011.04.20 07:26:09.755,0.87821,0.87842,1.46,5.03
2011.04.20 07:26:10.303,0.87823,0.87843,1.50,1.50
2011.04.20 07:26:11.327,0.87823,0.87843,1.50,1.50
2011.04.20 07:26:11.436,0.87823,0.87842,1.50,2.85
2011.04.20 07:26:11.547,0.87822,0.87842,3.18,3.60
2011.04.20 07:26:12.105,0.87821,0.8784,2.25,2.10
2011.04.20 07:26:12.546,0.8782,0.8784,1.08,2.85
2011.04.20 07:26:12.765,0.87819,0.87836,1.83,2.10
2011.04.20 07:26:13.095,0.87814,0.87828,1.50,1.73
2011.04.20 07:26:13.204,0.87814,0.87829,1.50,1.35
2011.04.20 07:26:13.314,0.87809,0.87828,1.50,2.10
2011.04.20 07:26:13.533,0.87811,0.87828,1.50,1.35
2011.04.20 07:26:14.383,0.87808,0.87828,1.08,1.35
2011.04.20 07:26:14.493,0.87809,0.87828,1.50,1.35
2011.04.20 07:26:15.091,0.87807,0.87825,4.08,1.35
2011.04.20 07:26:16.763,0.8781,0.87827,1.50,1.35
2011.04.20 07:26:17.303,0.87809,0.87827,1.50,1.35
2011.04.20 07:26:17.663,0.87809,0.87828,1.50,1.35
2011.04.20 07:26:20.795,0.8781,0.87828,1.50,1.35
2011.04.20 07:26:21.125,0.87808,0.87828,1.08,1.35
2011.04.20 07:26:21.776,0.87808,0.87828,1.08,1.35
2011.04.20 07:26:21.891,0.87804,0.87821,3.53,1.35
2011.04.20 07:26:22.224,0.87801,0.87821,2.21,1.35
2011.04.20 07:26:22.334,0.87804,0.87823,2.48,3.75
2011.04.20 07:26:22.664,0.8781,0.87828,1.50,1.50
2011.04.20 07:26:23.654,0.87813,0.8783,2.85,1.50
2011.04.20 07:26:25.744,0.87817,0.8783,1.13,1.50
2011.04.20 07:26:25.857,0.87817,0.87834,1.13,1.50
2011.04.20 07:26:25.976,0.87818,0.87835,2.85,1.50
2011.04.20 07:26:26.523,0.87819,0.87836,1.50,1.50
2011.04.20 07:26:27.717,0.87822,0.87839,1.13,1.50
2011.04.20 07:26:27.836,0.87827,0.87845,5.96,1.50
2011.04.20 07:26:28.054,0.87828,0.87848,1.08,1.50
2011.04.20 07:26:28.823,0.87828,0.87848,1.08,1.50
2011.04.20 07:26:29.043,0.8783,0.87848,1.08,1.50
2011.04.20 07:26:29.483,0.87829,0.87849,1.08,3.60
2011.04.20 07:26:29.595,0.87829,0.87848,1.08,1.35
2011.04.20 07:26:30.144,0.87827,0.87846,2.85,1.35
2011.04.20 07:26:30.836,0.87827,0.87846,2.85,1.35
2011.04.20 07:26:31.274,0.87822,0.87842,2.21,2.10
2011.04.20 07:26:31.495,0.87821,0.87842,2.85,2.10
2011.04.20 07:26:31.606,0.87819,0.8784,1.08,1.35
2011.04.20 07:26:31.933,0.87817,0.87837,1.08,2.10
2011.04.20 07:26:32.264,0.87817,0.87836,1.83,1.13
2011.04.20 07:26:32.813,0.87817,0.87834,1.08,1.50
2011.04.20 07:26:33.484,0.87815,0.87832,2.58,1.73
2011.04.20 07:26:34.744,0.8781,0.87827,1.13,1.50
2011.04.20 07:26:34.963,0.87812,0.8783,1.50,2.25
2011.04.20 07:26:35.413,0.87812,0.87831,1.50,1.35
2011.04.20 07:26:35.856,0.87813,0.87833,3.23,3.00
2011.04.20 07:26:36.184,0.87815,0.87833,1.08,1.50
2011.04.20 07:26:37.714,0.87817,0.87835,1.13,1.50
2011.04.20 07:26:37.935,0.8782,0.87841,1.08,2.10
2011.04.20 07:26:41.883,0.87821,0.87841,1.08,2.10
2011.04.20 07:26:41.993,0.87821,0.87841,1.08,1.35
2011.04.20 07:26:42.535,0.87821,0.87841,1.83,1.35
2011.04.20 07:26:49.273,0.87821,0.87841,1.08,2.10
2011.04.20 07:26:50.375,0.87821,0.87841,1.08,2.10
2011.04.20 07:26:50.703,0.8782,0.87841,1.08,2.10
2011.04.20 07:26:51.643,0.8782,0.87841,1.08,2.10
2011.04.20 07:26:55.493,0.87819,0.87841,5.06,3.60
2011.04.20 07:26:56.044,0.87819,0.87841,5.06,2.85
2011.04.20 07:26:56.684,0.87819,0.87841,5.81,2.85
2011.04.20 07:26:57.083,0.87819,0.87839,3.93,1.50
2011.04.20 07:26:57.303,0.87817,0.87836,1.68,1.50
2011.04.20 07:26:58.254,0.87819,0.87839,1.13,3.00
2011.04.20 07:26:58.474,0.8782,0.8784,1.83,1.50
2011.04.20 07:26:59.353,0.8782,0.8784,1.08,1.50
2011.04.20 07:26:59.906,0.87819,0.8784,4.31,1.50
2011.04.20 07:27:00.433,0.87819,0.8784,5.81,1.50
2011.04.20 07:27:00.984,0.87819,0.8784,5.06,1.50
2011.04.20 07:27:02.994,0.87819,0.8784,3.93,1.88
2011.04.20 07:27:03.324,0.87819,0.87837,1.08,1.50
2011.04.20 07:27:04.013,0.87818,0.87837,1.08,1.35
2011.04.20 07:27:04.565,0.87815,0.87836,1.46,2.25
2011.04.20 07:27:04.674,0.87814,0.87833,7.46,1.50
2011.04.20 07:27:19.443,0.87812,0.87832,1.08,2.25
2011.04.20 07:27:19.986,0.87812,0.87832,1.83,1.50
2011.04.20 07:27:23.535,0.8781,0.87829,1.08,2.85
2011.04.20 07:27:24.083,0.87808,0.87828,1.08,2.10
2011.04.20 07:27:24.193,0.87806,0.87828,3.33,2.85
2011.04.20 07:27:24.413,0.87806,0.87828,1.08,2.85
2011.04.20 07:27:25.443,0.87806,0.87828,4.61,2.85
2011.04.20 07:27:26.764,0.87806,0.87828,1.08,2.85
2011.04.20 07:27:30.284,0.87806,0.87828,1.08,2.10
2011.04.20 07:27:30.615,0.8781,0.87828,1.50,2.10
2011.04.20 07:27:30.834,0.87807,0.87826,1.50,1.50
2011.04.20 07:27:31.165,0.87809,0.87828,1.50,2.10
2011.04.20 07:27:31.493,0.87806,0.87826,1.08,1.50
2011.04.20 07:27:32.729,0.87813,0.87826,1.50,1.50
2011.04.20 07:27:32.954,0.87817,0.87837,2.96,1.50
2011.04.20 07:27:33.285,0.87819,0.87839,2.48,1.50
2011.04.20 07:27:33.614,0.87821,0.87841,2.21,1.50
2011.04.20 07:27:42.634,0.87821,0.87839,1.08,1.50
2011.04.20 07:27:43.296,0.87821,0.8784,1.08,3.60
2011.04.20 07:27:43.894,0.87821,0.87839,1.08,1.50
2011.04.20 07:27:47.393,0.87821,0.87839,1.46,1.50
2011.04.20 07:27:49.823,0.87821,0.87839,1.46,1.50
2011.04.20 07:27:52.484,0.87821,0.87839,1.08,1.50
2011.04.20 07:27:53.155,0.87817,0.87839,3.18,2.85
2011.04.20 07:27:54.584,0.87819,0.8784,1.68,3.60
2011.04.20 07:27:54.803,0.87819,0.8784,2.06,3.60
2011.04.20 07:27:55.354,0.87817,0.87836,2.25,1.50
2011.04.20 07:27:55.464,0.87816,0.87833,1.08,1.35
2011.04.20 07:27:55.797,0.87811,0.87828,1.08,2.85
2011.04.20 07:27:56.695,0.87808,0.87827,1.08,2.25
2011.04.20 07:27:56.805,0.87807,0.87827,1.08,2.25
2011.04.20 07:27:58.234,0.87809,0.87827,1.31,2.25
2011.04.20 07:27:58.344,0.87809,0.87827,1.68,2.25
2011.04.20 07:27:58.455,0.87812,0.87831,1.08,3.60
2011.04.20 07:27:59.383,0.87813,0.87831,1.31,3.60
2011.04.20 07:27:59.933,0.87814,0.87834,2.06,1.50
2011.04.20 07:28:00.433,0.87814,0.87834,2.06,1.50
2011.04.20 07:28:00.544,0.87814,0.87835,3.18,2.25
2011.04.20 07:28:00.876,0.8782,0.87838,1.13,1.50
2011.04.20 07:28:04.337,0.87819,0.87838,1.35,1.50
2011.04.20 07:28:04.926,0.87817,0.87838,2.81,1.50
2011.04.20 07:28:06.353,0.87817,0.87838,2.81,1.50
2011.04.20 07:28:06.916,0.87817,0.87838,2.81,1.50
2011.04.20 07:28:08.484,0.87817,0.87838,3.56,1.50
2011.04.20 07:28:09.414,0.87811,0.87831,1.83,3.60
2011.04.20 07:28:09.963,0.87813,0.87831,2.06,1.50
2011.04.20 07:28:10.464,0.87813,0.87832,2.06,1.50
2011.04.20 07:28:11.015,0.87815,0.87835,3.18,1.50
2011.04.20 07:28:11.124,0.87814,0.87836,6.33,3.60
2011.04.20 07:28:11.673,0.87818,0.87836,1.08,1.50
2011.04.20 07:28:12.464,0.87818,0.87836,1.08,1.50
2011.04.20 07:28:22.443,0.87818,0.87836,1.08,1.50
2011.04.20 07:28:23.133,0.87818,0.87836,1.08,1.50
2011.04.20 07:28:23.244,0.87818,0.87836,1.08,1.50
2011.04.20 07:28:23.355,0.8782,0.87836,1.13,1.50
2011.04.20 07:28:23.575,0.87821,0.8784,4.50,1.50
2011.04.20 07:28:23.992,0.87821,0.87841,4.50,1.50
2011.04.20 07:28:24.214,0.8782,0.8784,4.16,2.25
2011.04.20 07:28:24.435,0.87821,0.8784,1.35,1.50
2011.04.20 07:28:24.984,0.87822,0.87841,3.53,1.50
2011.04.20 07:28:28.804,0.87822,0.8784,4.13,1.50
2011.04.20 07:28:30.444,0.8782,0.87838,3.08,2.25
2011.04.20 07:28:32.744,0.8782,0.87837,2.10,1.50
2011.04.20 07:28:33.073,0.87818,0.87837,1.13,1.50
2011.04.20 07:28:34.875,0.87818,0.87837,1.13,1.50
2011.04.20 07:28:35.716,0.87818,0.87834,1.50,1.50
2011.04.20 07:28:36.388,0.87818,0.87834,1.50,1.50
2011.04.20 07:28:37.484,0.87814,0.87834,5.03,1.50
2011.04.20 07:28:37.595,0.87813,0.87831,1.46,1.50
2011.04.20 07:28:38.719,0.87813,0.87831,1.08,1.50
2011.04.20 07:28:39.436,0.87811,0.87831,1.08,1.50
2011.04.20 07:28:40.005,0.87811,0.87831,1.46,1.50
2011.04.20 07:28:46.094,0.87813,0.87832,1.46,1.50
2011.04.20 07:28:46.315,0.87814,0.87832,1.50,1.50
2011.04.20 07:28:46.644,0.87815,0.87832,1.50,1.50
2011.04.20 07:28:49.295,0.87826,0.87846,1.83,1.50
2011.04.20 07:28:49.516,0.87829,0.87848,1.50,1.50
2011.04.20 07:28:50.119,0.87833,0.8785,1.13,1.50
2011.04.20 07:28:52.686,0.87828,0.87848,2.58,1.50
2011.04.20 07:28:53.233,0.87829,0.87847,1.88,1.50
2011.04.20 07:28:53.675,0.87826,0.87844,1.83,1.50
2011.04.20 07:28:57.025,0.87827,0.87844,1.13,1.50
2011.04.20 07:28:57.136,0.87829,0.87847,1.50,3.00
2011.04.20 07:28:57.246,0.87831,0.87847,1.13,2.25
2011.04.20 07:28:57.355,0.87833,0.8785,1.46,1.50
2011.04.20 07:28:57.894,0.87833,0.8785,1.46,1.50
2011.04.20 07:28:58.706,0.87833,0.8785,1.08,1.50
2011.04.20 07:28:58.926,0.8783,0.87849,1.50,1.50
2011.04.20 07:29:00.464,0.8783,0.87847,1.13,1.50
2011.04.20 07:29:02.674,0.87831,0.87848,1.08,1.50
2011.04.20 07:29:05.876,0.8783,0.87848,2.43,1.50
2011.04.20 07:29:06.969,0.87829,0.87848,4.31,1.50
2011.04.20 07:29:07.855,0.87831,0.87852,1.08,2.25
2011.04.20 07:29:07.965,0.87831,0.87852,1.08,1.50
2011.04.20 07:29:08.076,0.87835,0.87852,1.50,1.50
2011.04.20 07:29:08.994,0.87835,0.87853,1.50,1.50
2011.04.20 07:29:11.814,0.87833,0.87853,1.83,1.50
2011.04.20 07:29:11.926,0.87832,0.87851,1.08,1.50
2011.04.20 07:29:12.033,0.87831,0.87851,2.58,1.50
2011.04.20 07:29:12.646,0.87831,0.8785,1.08,1.50
2011.04.20 07:29:13.124,0.87832,0.8785,1.50,2.25
2011.04.20 07:29:13.675,0.87831,0.8785,1.08,1.50
2011.04.20 07:29:14.341,0.8783,0.87849,1.83,1.50
2011.04.20 07:29:14.894,0.8783,0.87849,1.83,1.50
2011.04.20 07:29:15.223,0.8783,0.87849,1.83,1.50
2011.04.20 07:29:16.127,0.8783,0.87849,1.83,1.50
2011.04.20 07:29:16.814,0.8783,0.8785,1.83,2.25
2011.04.20 07:29:17.376,0.87831,0.8785,1.08,1.50
2011.04.20 07:29:18.163,0.87831,0.8785,1.08,1.50
2011.04.20 07:29:18.754,0.87831,0.8785,1.83,1.50
2011.04.20 07:29:18.864,0.87831,0.87851,1.83,2.25
2011.04.20 07:29:20.663,0.87831,0.87851,1.83,1.50
2011.04.20 07:29:21.004,0.87831,0.8785,1.83,1.50
2011.04.20 07:29:21.114,0.87831,0.8785,1.83,1.50
2011.04.20 07:29:21.743,0.8783,0.8785,2.58,2.25
2011.04.20 07:29:21.853,0.8783,0.8785,2.58,2.25
2011.04.20 07:29:22.988,0.8783,0.8785,1.50,2.25
2011.04.20 07:29:23.106,0.8783,0.8785,1.50,2.25
2011.04.20 07:29:24.456,0.87829,0.8784,2.85,1.13
2011.04.20 07:29:24.785,0.87816,0.8783,1.08,5.03
2011.04.20 07:29:24.894,0.87808,0.87828,1.08,1.50
2011.04.20 07:29:25.004,0.87808,0.87828,1.08,1.50
2011.04.20 07:29:25.223,0.87808,0.87828,1.08,1.50
2011.04.20 07:29:25.443,0.87808,0.87828,1.08,1.50
2011.04.20 07:29:25.666,0.87811,0.87829,1.08,4.28
2011.04.20 07:29:25.884,0.87814,0.87832,1.50,1.50
2011.04.20 07:29:26.465,0.87814,0.87833,1.50,1.50
2011.04.20 07:29:27.454,0.87811,0.87831,1.83,1.88
2011.04.20 07:29:27.565,0.87811,0.87831,1.83,2.63
2011.04.20 07:29:28.335,0.87811,0.87831,1.83,2.25
2011.04.20 07:29:28.859,0.87813,0.87833,1.08,3.00
2011.04.20 07:29:29.974,0.87815,0.87833,1.50,3.75
2011.04.20 07:29:34.184,0.87813,0.87833,3.93,1.50
2011.04.20 07:29:34.624,0.87809,0.8783,1.08,1.50
2011.04.20 07:29:35.754,0.87809,0.87828,1.08,2.10
2011.04.20 07:29:35.864,0.87808,0.87828,1.83,3.60
2011.04.20 07:29:36.084,0.87809,0.87829,1.08,1.50
2011.04.20 07:29:36.847,0.87809,0.87829,1.08,1.50
2011.04.20 07:29:37.560,0.87808,0.87829,1.50,2.63
2011.04.20 07:29:39.974,0.87806,0.87828,1.08,1.50
2011.04.20 07:29:41.795,0.87809,0.87829,1.08,1.50
2011.04.20 07:29:48.947,0.8781,0.87829,1.50,5.78
2011.04.20 07:29:49.057,0.87804,0.87824,1.50,1.50
2011.04.20 07:29:49.178,0.87803,0.87824,2.85,2.25
2011.04.20 07:29:49.297,0.87802,0.87824,1.08,2.25
2011.04.20 07:29:49.627,0.87799,0.8782,1.08,2.25
2011.04.20 07:29:49.955,0.87804,0.87823,1.08,1.50
2011.04.20 07:29:50.506,0.87804,0.87823,1.08,1.50
2011.04.20 07:29:52.026,0.87808,0.87823,1.50,1.50
2011.04.20 07:29:52.356,0.87815,0.87831,1.50,1.50
2011.04.20 07:29:52.466,0.87818,0.87832,1.50,1.50
2011.04.20 07:29:52.684,0.87816,0.87835,1.08,1.50
2011.04.20 07:29:53.015,0.87818,0.87838,1.50,1.50
2011.04.20 07:29:53.565,0.87817,0.87838,3.93,1.50
2011.04.20 07:29:53.785,0.87817,0.87838,3.18,1.50
2011.04.20 07:29:54.811,0.87819,0.87839,1.50,1.50
2011.04.20 07:29:55.393,0.87818,0.87839,2.25,1.50
2011.04.20 07:29:55.836,0.87816,0.87836,1.08,1.88
2011.04.20 07:29:56.054,0.87813,0.87834,1.08,1.50
2011.04.20 07:29:57.714,0.87815,0.87835,2.25,1.50
2011.04.20 07:29:59.863,0.87813,0.87834,1.08,2.25
2011.04.20 07:30:00.307,0.87814,0.87835,1.50,1.50
2011.04.20 07:30:00.534,0.87813,0.87833,1.08,1.50
2011.04.20 07:30:00.647,0.87814,0.87835,1.50,1.50
2011.04.20 07:30:01.193,0.87816,0.87835,1.08,1.50
2011.04.20 07:30:01.304,0.87816,0.87835,1.08,1.50
2011.04.20 07:30:02.054,0.87816,0.87835,1.08,1.50
2011.04.20 07:30:03.557,0.87816,0.87835,1.83,1.50
2011.04.20 07:30:03.897,0.87815,0.87833,1.50,1.50
2011.04.20 07:30:04.444,0.87815,0.87833,1.50,1.50
2011.04.20 07:30:05.185,0.87814,0.87833,1.50,3.98
2011.04.20 07:30:05.625,0.87814,0.87831,1.50,1.50
2011.04.20 07:30:06.205,0.8781,0.87829,1.83,1.50
2011.04.20 07:30:06.855,0.8781,0.87829,1.08,1.50
2011.04.20 07:30:07.076,0.87808,0.87827,1.50,1.50
2011.04.20 07:30:07.295,0.87807,0.87825,1.50,1.50
2011.04.20 07:30:07.404,0.87804,0.87825,2.58,1.50
2011.04.20 07:30:09.115,0.87803,0.87823,1.08,2.25
2011.04.20 07:30:10.664,0.878,0.87821,1.08,1.50
2011.04.20 07:30:11.436,0.87799,0.8782,1.83,1.50
2011.04.20 07:30:12.295,0.87801,0.87821,1.50,3.60
2011.04.20 07:30:12.844,0.87799,0.8782,1.08,4.35
2011.04.20 07:30:16.145,0.878,0.8782,1.08,1.50
2011.04.20 07:30:16.719,0.87799,0.8782,1.83,1.50
2011.04.20 07:30:22.015,0.87799,0.87819,1.83,1.50
2011.04.20 07:30:22.566,0.878,0.8782,1.08,2.25
2011.04.20 07:30:22.678,0.87799,0.87819,2.25,1.88
2011.04.20 07:30:23.018,0.87796,0.87814,1.08,1.50
2011.04.20 07:30:23.550,0.87793,0.8781,1.50,1.50
2011.04.20 07:30:23.664,0.87792,0.8781,3.86,3.00
2011.04.20 07:30:24.215,0.8779,0.87809,1.08,2.25
2011.04.20 07:30:24.764,0.8779,0.8781,4.61,2.25
2011.04.20 07:30:25.095,0.8779,0.87807,1.08,1.50
2011.04.20 07:30:25.425,0.8779,0.8781,5.36,3.00
2011.04.20 07:30:26.194,0.8779,0.87811,1.83,1.50
2011.04.20 07:30:26.743,0.8779,0.87812,6.48,3.00
2011.04.20 07:30:26.969,0.87794,0.87813,1.08,2.25
2011.04.20 07:30:27.385,0.87799,0.87818,2.58,1.13
2011.04.20 07:30:27.505,0.87799,0.87821,3.33,1.50
2011.04.20 07:30:27.615,0.87804,0.87822,2.10,2.25
2011.04.20 07:30:27.955,0.87804,0.87821,1.08,1.50
2011.04.20 07:30:28.289,0.87798,0.87815,1.46,1.50
2011.04.20 07:30:28.514,0.878,0.87817,1.50,2.10
2011.04.20 07:30:28.626,0.87799,0.87822,2.63,2.25
2011.04.20 07:30:28.737,0.87801,0.87821,6.71,1.50
2011.04.20 07:30:31.556,0.87811,0.87828,1.08,1.88
2011.04.20 07:30:31.889,0.87816,0.87836,3.56,1.50
2011.04.20 07:30:32.114,0.87816,0.87838,4.31,1.50
2011.04.20 07:30:32.554,0.87818,0.87839,1.08,1.50
2011.04.20 07:30:33.103,0.87818,0.8784,4.31,1.50
2011.04.20 07:30:33.654,0.87818,0.87839,3.56,1.50
2011.04.20 07:30:37.832,0.87815,0.87835,1.08,2.25
2011.04.20 07:30:39.625,0.87815,0.87835,1.08,2.25
2011.04.20 07:30:40.398,0.87815,0.87835,1.08,2.25
2011.04.20 07:30:42.184,0.87815,0.87835,1.08,2.25
2011.04.20 07:30:43.644,0.87815,0.87835,5.73,1.50
2011.04.20 07:30:43.975,0.8782,0.87838,3.53,2.25
2011.04.20 07:30:44.534,0.87819,0.87838,3.53,1.50
2011.04.20 07:30:45.098,0.87816,0.87838,3.86,2.25
2011.04.20 07:30:45.545,0.87815,0.87835,3.86,1.50
2011.04.20 07:30:48.264,0.87815,0.87835,3.86,2.25
2011.04.20 07:30:48.377,0.87815,0.87832,3.86,1.50
2011.04.20 07:30:48.715,0.87805,0.87824,1.50,2.63
2011.04.20 07:30:48.824,0.87801,0.87824,4.61,2.63
2011.04.20 07:30:48.935,0.87801,0.87823,1.08,1.50
2011.04.20 07:30:49.044,0.87801,0.87821,1.08,1.50
2011.04.20 07:30:51.595,0.87803,0.87821,3.53,2.25
2011.04.20 07:30:51.816,0.87803,0.87823,3.86,1.50
2011.04.20 07:30:52.364,0.87803,0.87824,4.61,1.50
2011.04.20 07:30:54.336,0.87805,0.87825,1.08,1.50
2011.04.20 07:30:54.775,0.87807,0.8783,1.50,1.50
2011.04.20 07:30:55.324,0.8781,0.8783,1.50,1.50
2011.04.20 07:30:57.324,0.87809,0.87829,1.08,1.88
2011.04.20 07:30:57.878,0.87809,0.87828,1.08,1.13
2011.04.20 07:30:57.996,0.87809,0.87825,1.08,1.13
2011.04.20 07:30:58.105,0.87809,0.87828,1.08,1.50
2011.04.20 07:30:58.220,0.87809,0.87829,1.08,2.25
2011.04.20 07:30:58.339,0.87809,0.87829,1.08,1.50
2011.04.20 07:30:58.458,0.8781,0.87832,4.28,1.13
2011.04.20 07:30:59.124,0.8781,0.87832,4.28,1.13
2011.04.20 07:30:59.757,0.87812,0.87833,1.13,1.50
2011.04.20 07:31:01.044,0.87812,0.87833,1.46,1.50
2011.04.20 07:31:01.375,0.87812,0.87833,1.46,1.50
2011.04.20 07:31:01.924,0.87812,0.87833,5.73,1.50
2011.04.20 07:31:02.474,0.87813,0.87835,1.08,1.50
2011.04.20 07:31:04.034,0.87814,0.87835,1.13,1.50
2011.04.20 07:31:04.865,0.87813,0.87833,1.08,1.13
2011.04.20 07:31:05.196,0.8781,0.87831,1.83,2.63
2011.04.20 07:31:05.744,0.87809,0.87829,1.08,2.25
2011.04.20 07:31:10.669,0.87803,0.87824,1.50,1.88
2011.04.20 07:31:13.204,0.87806,0.87824,1.13,2.10
2011.04.20 07:31:13.560,0.87809,0.87824,1.50,2.10
2011.04.20 07:31:14.118,0.87804,0.87823,1.50,1.13
2011.04.20 07:31:14.344,0.87804,0.87823,1.50,1.13
2011.04.20 07:31:16.147,0.87804,0.87823,1.50,1.13
2011.04.20 07:31:16.587,0.87806,0.87824,1.50,1.35
2011.04.20 07:31:16.927,0.878,0.87815,1.35,2.25
2011.04.20 07:31:17.158,0.87799,0.87813,1.08,1.13
2011.04.20 07:31:17.385,0.87799,0.87816,1.83,1.13
2011.04.20 07:31:17.934,0.87799,0.87816,1.08,1.88
2011.04.20 07:31:18.545,0.87799,0.87818,1.08,2.25
2011.04.20 07:31:18.657,0.87799,0.87818,1.83,2.25
2011.04.20 07:31:19.204,0.87799,0.87818,1.08,1.50
2011.04.20 07:31:21.449,0.878,0.87818,1.13,1.50
2011.04.20 07:31:21.788,0.87801,0.87821,1.08,2.25
2011.04.20 07:31:22.467,0.87801,0.8782,1.08,1.50
2011.04.20 07:31:22.695,0.87801,0.8782,1.08,1.50
2011.04.20 07:31:24.263,0.87801,0.87816,1.08,1.50
2011.04.20 07:31:24.485,0.87801,0.87822,4.61,2.25
2011.04.20 07:31:24.706,0.87804,0.87824,1.46,1.50
2011.04.20 07:31:25.034,0.87807,0.87828,1.88,3.00
2011.04.20 07:31:25.363,0.87805,0.87828,1.50,1.88
2011.04.20 07:31:29.883,0.87805,0.87827,1.50,2.25
2011.04.20 07:31:30.433,0.87804,0.87826,1.46,1.50
2011.04.20 07:31:30.768,0.87804,0.87825,1.46,1.50
2011.04.20 07:31:31.255,0.87803,0.87822,1.08,1.50
2011.04.20 07:31:33.996,0.87803,0.87822,1.83,1.88
2011.04.20 07:31:35.646,0.87802,0.87822,1.08,2.63
2011.04.20 07:31:36.243,0.87801,0.87821,1.08,1.50
2011.04.20 07:31:36.574,0.878,0.87817,1.08,1.13
2011.04.20 07:31:36.904,0.87797,0.87816,1.83,2.25
2011.04.20 07:31:37.855,0.87794,0.87814,1.08,1.88
2011.04.20 07:31:37.965,0.87794,0.87813,1.08,1.50
2011.04.20 07:31:38.293,0.8779,0.8781,1.08,1.88
2011.04.20 07:31:39.078,0.87791,0.87809,1.08,1.13
2011.04.20 07:31:39.304,0.87788,0.87808,1.83,1.13
2011.04.20 07:31:39.746,0.87788,0.87807,1.50,1.35
2011.04.20 07:31:41.285,0.87785,0.87805,1.83,1.35
2011.04.20 07:31:41.616,0.87788,0.87805,1.50,1.73
2011.04.20 07:31:41.834,0.87785,0.87804,1.50,2.10
2011.04.20 07:31:42.386,0.87781,0.878,2.25,1.50
2011.04.20 07:31:42.604,0.87781,0.878,1.50,1.50
2011.04.20 07:31:49.994,0.87782,0.878,2.25,1.35
2011.04.20 07:31:50.630,0.87783,0.87801,1.50,1.35
2011.04.20 07:31:51.598,0.87786,0.87802,1.50,1.50
2011.04.20 07:31:52.154,0.87783,0.87802,2.25,1.50
2011.04.20 07:31:52.264,0.87783,0.87802,1.50,1.50
2011.04.20 07:31:53.210,0.87783,0.87801,1.50,1.13
2011.04.20 07:31:53.325,0.87782,0.87798,1.50,1.88
2011.04.20 07:31:53.546,0.87779,0.87798,1.50,1.50
2011.04.20 07:31:53.765,0.87783,0.87798,1.50,1.50
2011.04.20 07:31:54.094,0.87783,0.87802,1.50,1.88
2011.04.20 07:31:54.645,0.87783,0.87802,1.50,1.88
2011.04.20 07:31:57.446,0.87784,0.87804,1.50,1.88
2011.04.20 07:31:57.994,0.87784,0.87804,3.23,1.50
2011.04.20 07:31:58.106,0.87788,0.87804,1.13,1.50
2011.04.20 07:31:58.215,0.87786,0.87806,3.00,1.50
2011.04.20 07:31:58.325,0.87786,0.87806,3.00,1.50
2011.04.20 07:32:04.434,0.87789,0.87806,1.50,1.50
2011.04.20 07:32:04.653,0.87789,0.87806,1.50,1.50
2011.04.20 07:32:06.565,0.87789,0.87809,1.08,1.88
2011.04.20 07:32:07.114,0.87789,0.87809,1.08,1.88
2011.04.20 07:32:07.664,0.87789,0.87809,1.08,1.88
2011.04.20 07:32:08.324,0.87789,0.8781,1.83,2.10
2011.04.20 07:32:09.105,0.87793,0.8781,1.13,2.25
2011.04.20 07:32:09.610,0.87793,0.8781,1.13,1.50
2011.04.20 07:32:12.365,0.87795,0.8781,1.13,1.50
2011.04.20 07:32:18.544,0.87795,0.8781,1.13,1.50
2011.04.20 07:32:18.875,0.87795,0.87813,1.13,1.50
2011.04.20 07:32:19.206,0.87794,0.87811,1.50,1.13
2011.04.20 07:32:19.315,0.87791,0.87807,1.83,1.13
2011.04.20 07:32:19.427,0.87791,0.87805,1.08,1.13
2011.04.20 07:32:19.994,0.8779,0.87808,1.08,2.10
2011.04.20 07:32:20.546,0.87789,0.87808,1.08,2.10
2011.04.20 07:32:22.095,0.87787,0.87807,1.08,1.50
2011.04.20 07:32:22.205,0.87787,0.87806,1.08,1.73
2011.04.20 07:32:22.424,0.87786,0.87804,1.08,1.73
2011.04.20 07:32:22.947,0.87786,0.87803,1.08,1.50
2011.04.20 07:32:29.154,0.87786,0.87803,1.08,1.88
2011.04.20 07:32:29.376,0.87783,0.878,1.50,1.13
2011.04.20 07:32:29.594,0.87782,0.87799,1.08,1.35
2011.04.20 07:32:29.925,0.87782,0.87799,1.08,2.10
2011.04.20 07:32:30.513,0.87781,0.87798,1.08,1.50
2011.04.20 07:32:34.415,0.87781,0.87798,1.08,1.50
2011.04.20 07:32:35.075,0.87781,0.87798,1.08,2.25
2011.04.20 07:32:36.815,0.87782,0.87798,1.08,2.10
2011.04.20 07:32:37.254,0.87782,0.878,1.08,2.85
2011.04.20 07:32:37.365,0.87782,0.878,1.83,2.10
2011.04.20 07:32:37.474,0.87782,0.878,1.83,1.35
2011.04.20 07:32:37.805,0.87779,0.87793,1.46,4.28
2011.04.20 07:32:38.135,0.87771,0.87791,1.08,2.85
2011.04.20 07:32:38.672,0.87771,0.87791,1.08,2.10
2011.04.20 07:32:39.243,0.87771,0.87791,1.08,2.10
2011.04.20 07:32:41.674,0.87771,0.87791,4.61,2.10
2011.04.20 07:32:41.785,0.87771,0.87791,4.61,2.10
2011.04.20 07:32:42.343,0.87771,0.87791,4.61,2.85
2011.04.20 07:32:43.546,0.87771,0.87791,4.61,2.85
2011.04.20 07:32:44.133,0.87774,0.87792,1.08,2.10
2011.04.20 07:32:45.366,0.87774,0.87792,1.46,1.50
2011.04.20 07:32:45.586,0.87775,0.87794,1.50,1.50
2011.04.20 07:32:45.804,0.87776,0.87797,1.08,1.50
2011.04.20 07:32:46.025,0.87776,0.87797,1.08,1.50
2011.04.20 07:32:47.336,0.87776,0.87796,1.08,2.48
2011.04.20 07:32:47.557,0.87775,0.87793,1.08,1.50
2011.04.20 07:32:47.887,0.87772,0.87792,1.08,1.50
2011.04.20 07:32:48.105,0.87772,0.87792,1.08,2.25
2011.04.20 07:32:51.504,0.87769,0.8778,1.68,3.53
2011.04.20 07:32:51.834,0.8777,0.8778,1.08,3.53
2011.04.20 07:32:52.807,0.87773,0.8778,1.13,3.53
2011.04.20 07:32:53.027,0.87766,0.87786,1.08,3.00
2011.04.20 07:32:53.245,0.87762,0.87783,4.28,2.48
2011.04.20 07:32:53.825,0.87761,0.87779,1.50,1.50
2011.04.20 07:32:54.396,0.87761,0.87776,3.53,1.50
2011.04.20 07:32:54.617,0.87764,0.87777,1.13,1.35
2011.04.20 07:32:54.728,0.87764,0.87779,1.13,1.50
2011.04.20 07:32:54.846,0.87759,0.87778,5.03,1.35
2011.04.20 07:32:54.956,0.87765,0.87779,1.35,1.50
2011.04.20 07:32:55.285,0.87766,0.87781,1.35,1.50
2011.04.20 07:32:55.506,0.87767,0.87787,1.08,1.50
2011.04.20 07:32:55.614,0.87765,0.87787,3.56,1.50
2011.04.20 07:32:55.945,0.87767,0.87787,2.06,1.50
2011.04.20 07:32:56.275,0.8777,0.87791,3.18,1.50
2011.04.20 07:32:56.606,0.87772,0.87791,1.08,2.25
2011.04.20 07:32:56.714,0.87772,0.87789,1.08,1.50
2011.04.20 07:32:56.935,0.87769,0.87789,1.31,2.25
2011.04.20 07:32:57.044,0.87769,0.87788,1.31,1.50
2011.04.20 07:32:57.374,0.8777,0.87788,1.08,1.50
2011.04.20 07:32:57.484,0.87771,0.87789,1.08,2.25
2011.04.20 07:32:57.816,0.87773,0.87793,1.68,5.03
2011.04.20 07:32:57.924,0.87772,0.87793,2.06,5.78
2011.04.20 07:32:58.464,0.87775,0.87793,3.86,5.03
2011.04.20 07:32:59.577,0.87776,0.87794,2.06,1.50
2011.04.20 07:33:00.017,0.87775,0.87787,3.53,1.50
2011.04.20 07:33:00.136,0.87772,0.87788,1.08,1.50
2011.04.20 07:33:00.246,0.8777,0.87788,3.86,1.50
2011.04.20 07:33:00.907,0.87769,0.87788,4.83,2.25
2011.04.20 07:33:01.616,0.87769,0.87788,4.46,3.00
2011.04.20 07:33:02.164,0.87769,0.87787,4.13,1.50
2011.04.20 07:33:02.704,0.8777,0.87787,3.53,1.50
2011.04.20 07:33:03.265,0.8777,0.87787,3.53,1.50
2011.04.20 07:33:03.595,0.87767,0.87782,3.53,1.88
2011.04.20 07:33:03.705,0.87764,0.8778,1.08,1.50
2011.04.20 07:33:03.815,0.8776,0.87778,1.08,1.50
2011.04.20 07:33:05.557,0.8776,0.87778,3.86,1.73
2011.04.20 07:33:05.674,0.87749,0.87769,1.08,2.10
2011.04.20 07:33:06.226,0.87749,0.87769,2.25,2.10
2011.04.20 07:33:06.335,0.87749,0.87769,1.50,2.10
2011.04.20 07:33:06.888,0.87751,0.87771,4.28,2.25
2011.04.20 07:33:07.224,0.87753,0.8777,4.28,1.50
2011.04.20 07:33:07.665,0.87754,0.87772,1.50,1.50
2011.04.20 07:33:07.775,0.87754,0.87773,1.50,1.50
2011.04.20 07:33:08.235,0.87756,0.87776,1.35,1.50
2011.04.20 07:33:08.455,0.87758,0.87776,4.50,1.50
2011.04.20 07:33:10.564,0.87759,0.8778,4.98,1.88
2011.04.20 07:33:16.115,0.87759,0.8778,4.98,2.25
2011.04.20 07:33:16.884,0.87758,0.87778,5.58,1.50
2011.04.20 07:33:17.435,0.8776,0.8778,1.50,3.00
2011.04.20 07:33:18.038,0.8776,0.8778,1.88,2.25
2011.04.20 07:33:18.266,0.87761,0.8778,1.35,2.25
2011.04.20 07:33:18.488,0.87765,0.87782,1.50,1.50
2011.04.20 07:33:20.474,0.87763,0.87782,3.53,1.50
2011.04.20 07:33:20.916,0.87766,0.87782,3.53,1.50
2011.04.20 07:33:21.393,0.87764,0.87782,4.65,1.50
2011.04.20 07:33:21.510,0.87764,0.87784,4.65,2.25
2011.04.20 07:33:22.066,0.87764,0.87784,4.65,2.25
2011.04.20 07:33:22.726,0.87763,0.87784,1.08,3.00
2011.04.20 07:33:23.164,0.87762,0.87783,1.08,1.50
2011.04.20 07:33:23.718,0.87763,0.87783,1.08,1.50
2011.04.20 07:33:28.536,0.87763,0.87783,1.08,1.50
2011.04.20 07:33:28.866,0.8776,0.87781,1.83,1.50
2011.04.20 07:33:34.135,0.87761,0.87782,1.83,2.10
2011.04.20 07:33:34.796,0.87764,0.87782,3.53,1.50
2011.04.20 07:33:35.233,0.87761,0.87782,1.83,1.50
2011.04.20 07:33:36.955,0.87761,0.87782,1.08,1.50
2011.04.20 07:33:41.977,0.87768,0.87782,1.50,1.50
2011.04.20 07:33:42.535,0.87768,0.87783,2.10,2.25
2011.04.20 07:33:42.646,0.87768,0.87787,4.88,1.13
2011.04.20 07:33:42.755,0.87768,0.87787,4.88,1.13
2011.04.20 07:33:43.304,0.87766,0.87787,4.61,1.73
2011.04.20 07:33:44.965,0.87768,0.87786,1.35,1.50
2011.04.20 07:33:45.735,0.87768,0.87787,1.35,1.50
2011.04.20 07:33:46.067,0.87775,0.8779,2.10,2.25
2011.04.20 07:33:46.294,0.87777,0.87796,1.35,2.25
2011.04.20 07:33:46.405,0.87777,0.87797,1.35,2.25
2011.04.20 07:33:48.065,0.87776,0.87796,2.58,1.13
2011.04.20 07:33:48.176,0.87775,0.87793,1.83,1.73
2011.04.20 07:33:48.396,0.8777,0.8779,1.08,2.63
2011.04.20 07:33:48.944,0.87768,0.87788,2.43,1.50
2011.04.20 07:33:50.214,0.87768,0.8779,3.18,3.00
2011.04.20 07:33:50.874,0.8777,0.8779,1.08,3.00
2011.04.20 07:33:51.097,0.87777,0.87798,5.21,2.63
2011.04.20 07:33:51.644,0.87779,0.87798,4.13,1.50
2011.04.20 07:33:52.165,0.87777,0.87799,6.71,2.25
2011.04.20 07:33:54.735,0.87777,0.87793,1.08,1.50
2011.04.20 07:33:54.955,0.87772,0.8779,1.83,1.50
2011.04.20 07:33:55.505,0.8777,0.8779,2.58,2.25
2011.04.20 07:33:58.395,0.87772,0.87789,1.08,1.50
2011.04.20 07:33:59.936,0.87769,0.8779,1.35,1.50
2011.04.20 07:34:00.652,0.87769,0.8779,1.35,1.50
2011.04.20 07:34:00.878,0.87768,0.87787,1.08,1.13
2011.04.20 07:34:01.000,0.87766,0.87787,2.25,3.60
2011.04.20 07:34:01.227,0.87765,0.87785,1.50,1.35
2011.04.20 07:34:01.447,0.87764,0.87784,1.08,2.85
2011.04.20 07:34:01.777,0.87767,0.87788,1.68,3.00
2011.04.20 07:34:01.995,0.87767,0.87787,3.18,1.50
2011.04.20 07:34:02.545,0.87767,0.87786,2.58,2.48
2011.04.20 07:34:02.656,0.87766,0.87784,2.58,1.73
2011.04.20 07:34:02.875,0.87761,0.87782,1.08,1.73
2011.04.20 07:34:03.584,0.87761,0.87782,1.08,3.23
2011.04.20 07:34:04.395,0.87762,0.87782,2.25,2.10
2011.04.20 07:34:05.127,0.87764,0.87782,1.50,1.50
2011.04.20 07:34:05.237,0.87761,0.8778,1.83,1.13
2011.04.20 07:34:05.458,0.8776,0.8778,1.08,2.63
2011.04.20 07:34:05.785,0.87761,0.87781,1.50,1.88
2011.04.20 07:34:06.334,0.87762,0.87783,1.50,2.10
2011.04.20 07:34:06.445,0.87763,0.87783,1.50,2.48
2011.04.20 07:34:06.775,0.87761,0.87781,1.83,1.50
2011.04.20 07:34:08.487,0.87763,0.87781,1.50,1.88
2011.04.20 07:34:08.814,0.8776,0.87779,1.83,2.63
2011.04.20 07:34:09.406,0.87759,0.87777,1.83,1.50
2011.04.20 07:34:09.735,0.87759,0.87777,1.83,1.50
2011.04.20 07:34:10.994,0.87759,0.87777,1.83,1.50
2011.04.20 07:34:12.424,0.87761,0.87777,1.50,1.50
2011.04.20 07:34:12.755,0.87763,0.87784,1.83,2.85
2011.04.20 07:34:14.354,0.87763,0.87781,1.08,1.35
2011.04.20 07:34:21.658,0.87766,0.87784,1.13,1.50
2011.04.20 07:34:21.998,0.87773,0.87791,1.50,1.50
2011.04.20 07:34:22.118,0.87774,0.87793,1.08,2.25
2011.04.20 07:34:22.345,0.87774,0.87794,1.08,1.88
2011.04.20 07:34:22.977,0.87774,0.87794,1.08,1.88
2011.04.20 07:34:23.524,0.87773,0.87792,1.50,1.50
2011.04.20 07:34:23.745,0.87773,0.87792,1.50,1.50
2011.04.20 07:34:24.185,0.87774,0.87793,1.08,1.35
2011.04.20 07:34:24.515,0.87774,0.87795,1.08,2.25
2011.04.20 07:34:25.496,0.87774,0.87795,1.83,2.25
2011.04.20 07:34:26.148,0.87774,0.87794,1.83,1.35
2011.04.20 07:34:27.384,0.87775,0.87795,1.50,2.85
2011.04.20 07:34:27.934,0.87775,0.87795,1.50,2.85
2011.04.20 07:34:35.185,0.87776,0.87795,1.88,2.25
2011.04.20 07:34:35.516,0.87779,0.87795,1.50,1.50
2011.04.20 07:34:35.625,0.87779,0.87797,1.50,1.50
2011.04.20 07:34:37.643,0.87778,0.87797,1.83,1.50
2011.04.20 07:34:38.194,0.87778,0.87796,1.08,1.50
2011.04.20 07:34:40.927,0.8778,0.87798,1.08,1.35
2011.04.20 07:34:41.255,0.87783,0.87802,1.50,3.23
2011.04.20 07:34:41.366,0.87782,0.87802,1.08,1.88
2011.04.20 07:34:41.989,0.87779,0.87799,1.83,1.35
2011.04.20 07:34:42.106,0.87779,0.87799,1.08,2.10
2011.04.20 07:34:43.425,0.87778,0.87797,1.08,2.25
2011.04.20 07:34:43.536,0.87778,0.87796,1.08,1.50
2011.04.20 07:34:48.646,0.87778,0.87797,1.68,1.50
2011.04.20 07:34:48.754,0.87779,0.878,1.68,2.25
2011.04.20 07:34:50.406,0.87779,0.87797,2.06,1.50
2011.04.20 07:34:50.955,0.87781,0.87802,2.21,1.50
2011.04.20 07:34:51.065,0.87783,0.87802,1.13,1.50
2011.04.20 07:34:51.505,0.87784,0.87804,1.08,1.50
2011.04.20 07:34:51.844,0.87784,0.87804,1.08,1.50
2011.04.20 07:34:52.393,0.87784,0.87805,1.08,2.25
2011.04.20 07:34:54.704,0.87784,0.87804,1.08,1.50
2011.04.20 07:34:55.575,0.87783,0.87804,1.08,3.38
2011.04.20 07:34:56.854,0.87782,0.87803,1.08,2.25
2011.04.20 07:34:57.296,0.87784,0.87802,4.28,1.35
2011.04.20 07:34:57.519,0.87785,0.87805,4.65,1.50
2011.04.20 07:34:57.856,0.87785,0.87806,5.40,1.50
2011.04.20 07:34:58.075,0.87791,0.87807,1.50,1.35
2011.04.20 07:34:58.295,0.8779,0.87812,2.10,1.50
2011.04.20 07:34:58.405,0.87791,0.87812,4.28,1.50
2011.04.20 07:34:58.516,0.87793,0.87813,1.08,2.25
2011.04.20 07:34:58.625,0.87793,0.87813,1.08,2.25
2011.04.20 07:34:59.346,0.87793,0.87813,1.08,2.25
2011.04.20 07:34:59.896,0.87795,0.87813,1.13,2.25
2011.04.20 07:35:00.005,0.87798,0.87814,1.50,1.50
2011.04.20 07:35:00.116,0.87803,0.87819,1.50,1.50
2011.04.20 07:35:00.335,0.87801,0.8782,1.08,1.50
2011.04.20 07:35:00.446,0.87801,0.87821,1.08,5.63
2011.04.20 07:35:00.557,0.878,0.87817,1.13,1.35
2011.04.20 07:35:00.676,0.878,0.87817,1.13,1.35
2011.04.20 07:35:00.785,0.87798,0.87814,4.28,1.50
2011.04.20 07:35:01.334,0.87796,0.87814,1.08,1.50
2011.04.20 07:35:05.185,0.87792,0.87814,1.83,2.63
2011.04.20 07:35:07.536,0.87792,0.87812,1.08,1.50
2011.04.20 07:35:08.024,0.87792,0.87812,1.08,1.50
2011.04.20 07:35:17.854,0.87792,0.87812,1.08,1.50
2011.04.20 07:35:18.963,0.87792,0.87812,1.08,1.50
2011.04.20 07:35:19.518,0.87793,0.87814,1.50,1.50
2011.04.20 07:35:20.584,0.87792,0.87814,2.21,1.50
2011.04.20 07:35:23.025,0.87793,0.87814,2.85,1.50
2011.04.20 07:35:23.794,0.87797,0.87817,1.13,1.50
2011.04.20 07:35:30.165,0.87797,0.87817,1.88,1.50
2011.04.20 07:35:35.763,0.87801,0.87818,2.85,1.50
2011.04.20 07:35:36.094,0.87797,0.87818,3.18,1.50
2011.04.20 07:35:36.424,0.87797,0.87818,3.18,1.50
2011.04.20 07:35:38.646,0.87797,0.87818,3.93,1.50
2011.04.20 07:35:42.834,0.87797,0.8781,3.60,1.13
2011.04.20 07:35:43.060,0.87792,0.8781,1.68,3.60
2011.04.20 07:35:43.614,0.87792,0.87812,1.68,1.50
2011.04.20 07:35:44.164,0.87792,0.87812,1.68,1.50
2011.04.20 07:35:44.698,0.87792,0.87812,1.68,1.50
2011.04.20 07:35:46.585,0.87792,0.87812,4.91,1.50
2011.04.20 07:35:46.915,0.87797,0.87815,1.13,2.25
2011.04.20 07:35:51.854,0.87798,0.87815,2.10,1.50
2011.04.20 07:35:52.406,0.87798,0.87819,2.43,2.25
2011.04.20 07:35:52.955,0.87798,0.87819,2.43,1.88
2011.04.20 07:35:54.254,0.87798,0.87818,1.68,1.50
2011.04.20 07:35:55.009,0.87798,0.87816,1.68,1.50
2011.04.20 07:36:01.036,0.87802,0.87817,1.50,4.28
2011.04.20 07:36:01.257,0.87801,0.87821,2.85,1.50
2011.04.20 07:36:01.474,0.87803,0.87822,3.45,1.50
2011.04.20 07:36:02.325,0.87805,0.87825,1.13,2.63
2011.04.20 07:36:02.658,0.87804,0.87825,3.18,2.25
2011.04.20 07:36:03.107,0.87803,0.87822,1.08,1.88
2011.04.20 07:36:03.435,0.87799,0.87819,1.35,3.00
2011.04.20 07:36:04.084,0.87799,0.87819,1.35,3.00
2011.04.20 07:36:06.985,0.87799,0.87819,1.35,3.00
2011.04.20 07:36:10.086,0.87798,0.87819,2.10,2.25
2011.04.20 07:36:10.634,0.87797,0.87818,3.18,1.50
2011.04.20 07:36:13.496,0.87797,0.87817,2.85,2.25
2011.04.20 07:36:14.094,0.87796,0.87814,1.35,1.50
2011.04.20 07:36:15.325,0.87796,0.87814,1.35,1.50
2011.04.20 07:36:15.765,0.87796,0.87814,1.35,1.50
2011.04.20 07:36:16.316,0.87795,0.87811,2.85,1.35
2011.04.20 07:36:16.537,0.87794,0.87814,3.83,1.88
2011.04.20 07:36:17.304,0.87794,0.87814,3.83,1.88
2011.04.20 07:36:18.107,0.87794,0.87814,3.83,1.88
2011.04.20 07:36:18.655,0.87794,0.87814,3.83,1.88
2011.04.20 07:36:19.424,0.87794,0.87814,3.83,1.88
2011.04.20 07:36:19.755,0.87794,0.87814,3.83,1.88
2011.04.20 07:36:20.085,0.87794,0.87814,3.83,1.88
2011.04.20 07:36:20.195,0.87794,0.87814,3.83,1.88
2011.04.20 07:36:21.223,0.87794,0.87814,3.83,1.88
2011.04.20 07:36:21.350,0.87794,0.87814,3.83,1.88
2011.04.20 07:36:23.614,0.87794,0.87814,3.83,1.88
2011.04.20 07:36:24.167,0.87794,0.87812,2.85,2.25
2011.04.20 07:36:24.276,0.87791,0.87812,1.50,2.25
2011.04.20 07:36:24.718,0.8779,0.87809,1.35,1.50
2011.04.20 07:36:26.287,0.8779,0.87809,1.35,1.50
2011.04.20 07:36:28.124,0.8779,0.87809,1.35,1.50
2011.04.20 07:36:30.857,0.8779,0.87809,1.35,1.50
2011.04.20 07:36:34.154,0.87791,0.87807,2.10,1.50
2011.04.20 07:36:35.944,0.87791,0.87809,2.10,1.50
2011.04.20 07:36:37.085,0.87791,0.87811,3.60,1.50
2011.04.20 07:36:37.194,0.87791,0.87811,3.60,1.50
2011.04.20 07:36:37.305,0.87793,0.87812,2.10,2.25
2011.04.20 07:36:37.984,0.87792,0.87812,3.18,1.50
2011.04.20 07:36:38.905,0.87792,0.87812,2.10,1.50
2011.04.20 07:36:42.785,0.8779,0.87809,3.45,1.13
2011.04.20 07:36:49.868,0.8779,0.8781,4.16,1.50
2011.04.20 07:36:51.415,0.87792,0.87811,1.08,1.50
2011.04.20 07:36:52.018,0.87791,0.87812,3.86,1.50
2011.04.20 07:36:54.435,0.87793,0.87812,1.50,1.50
2011.04.20 07:36:54.876,0.87792,0.87812,1.83,1.50
2011.04.20 07:36:54.985,0.87795,0.87812,2.10,1.50
2011.04.20 07:36:59.704,0.87794,0.87813,2.70,2.25
2011.04.20 07:37:00.145,0.87795,0.87813,3.60,2.25
2011.04.20 07:37:04.126,0.87796,0.87813,1.50,2.25
2011.04.20 07:37:04.455,0.87796,0.87813,1.50,2.25
2011.04.20 07:37:05.424,0.87795,0.87813,3.83,2.25
2011.04.20 07:37:05.797,0.87795,0.87813,3.83,2.25
2011.04.20 07:37:06.686,0.87793,0.8781,1.50,1.50
2011.04.20 07:37:07.848,0.87792,0.87813,1.08,2.25
2011.04.20 07:37:08.395,0.87792,0.87813,1.83,2.25
2011.04.20 07:37:08.945,0.87794,0.87813,1.50,2.25
2011.04.20 07:37:10.005,0.87799,0.87817,1.50,1.88
2011.04.20 07:37:10.114,0.87799,0.87817,1.50,1.88
2011.04.20 07:37:10.849,0.87796,0.87816,1.35,1.50
2011.04.20 07:37:11.645,0.87796,0.87816,1.35,1.50
2011.04.20 07:37:12.635,0.87797,0.87816,1.50,1.50
2011.04.20 07:37:13.095,0.87797,0.87816,1.50,1.50
2011.04.20 07:37:14.504,0.87796,0.87816,4.20,1.50
2011.04.20 07:37:14.835,0.87796,0.87813,2.85,1.50
2011.04.20 07:37:15.416,0.87796,0.87813,2.85,1.50
2011.04.20 07:37:16.354,0.87795,0.87813,1.08,1.50
2011.04.20 07:37:16.465,0.87795,0.87813,1.08,1.13
2011.04.20 07:37:16.575,0.87795,0.87813,1.08,1.13
2011.04.20 07:37:17.015,0.87795,0.87813,1.08,1.88
2011.04.20 07:37:18.725,0.87795,0.87813,1.08,1.50
2011.04.20 07:37:18.836,0.87795,0.87813,1.08,1.50
2011.04.20 07:37:20.264,0.87795,0.87813,1.08,1.50
2011.04.20 07:37:20.815,0.87796,0.87816,1.08,2.85
2011.04.20 07:37:22.375,0.87796,0.87814,1.08,1.50
2011.04.20 07:37:22.863,0.87794,0.87813,1.08,1.50
2011.04.20 07:37:24.326,0.87794,0.87815,1.08,1.50
2011.04.20 07:37:24.546,0.87793,0.87813,1.83,1.50
2011.04.20 07:37:24.987,0.87793,0.87812,1.08,1.13
2011.04.20 07:37:25.207,0.87789,0.87809,1.68,2.25
2011.04.20 07:37:25.875,0.8779,0.87809,1.68,2.25
2011.04.20 07:37:26.446,0.87789,0.87809,1.68,2.25
2011.04.20 07:37:26.667,0.87789,0.8781,3.93,1.50
2011.04.20 07:37:27.328,0.8779,0.8781,1.68,1.50
2011.04.20 07:37:28.416,0.8779,0.87809,3.86,1.13
2011.04.20 07:37:28.526,0.8779,0.87809,3.86,1.88
2011.04.20 07:37:28.855,0.87786,0.87804,4.46,1.50
2011.04.20 07:37:29.075,0.87785,0.87803,3.86,1.13
2011.04.20 07:37:29.405,0.87784,0.878,1.08,1.50
2011.04.20 07:37:29.626,0.8778,0.87799,1.08,1.88
2011.04.20 07:37:29.737,0.87781,0.878,4.61,3.00
2011.04.20 07:37:29.955,0.87783,0.87801,4.28,1.50
2011.04.20 07:37:30.066,0.87783,0.87802,3.53,1.50
2011.04.20 07:37:30.614,0.87784,0.87801,3.53,1.50
2011.04.20 07:37:30.944,0.87784,0.87799,3.53,1.50
2011.04.20 07:37:31.756,0.87782,0.87799,7.05,1.50
2011.04.20 07:37:32.305,0.87781,0.87797,3.53,1.50
2011.04.20 07:37:32.892,0.87778,0.87797,7.38,1.50
2011.04.20 07:37:33.995,0.87781,0.87797,3.53,1.50
2011.04.20 07:37:35.484,0.8778,0.87797,3.53,1.50
2011.04.20 07:37:36.014,0.87777,0.87797,4.61,1.50
2011.04.20 07:37:36.789,0.87778,0.87793,1.08,2.85
2011.04.20 07:37:37.018,0.87775,0.87791,3.86,2.48
2011.04.20 07:37:37.247,0.87773,0.8779,3.53,2.10
2011.04.20 07:37:37.794,0.87774,0.87789,3.53,1.50
2011.04.20 07:37:39.776,0.87774,0.87792,3.53,2.25
2011.04.20 07:37:39.996,0.87773,0.87793,3.56,1.50
2011.04.20 07:37:40.545,0.87775,0.87793,3.53,2.48
2011.04.20 07:37:40.875,0.87771,0.8779,4.61,1.35
2011.04.20 07:37:41.095,0.87771,0.87789,4.28,1.50
2011.04.20 07:37:43.516,0.87771,0.87789,3.53,1.88
2011.04.20 07:37:43.629,0.87772,0.87787,3.53,1.50
2011.04.20 07:37:43.750,0.87769,0.87786,3.53,2.10
2011.04.20 07:37:43.978,0.87767,0.87784,1.08,1.13
2011.04.20 07:37:44.089,0.87765,0.87781,4.28,1.13
2011.04.20 07:37:44.206,0.87764,0.87781,3.86,1.88
2011.04.20 07:37:44.881,0.87764,0.87776,3.53,1.50
2011.04.20 07:37:44.995,0.87761,0.87776,3.53,1.50
2011.04.20 07:37:45.328,0.87756,0.87775,1.50,3.60
2011.04.20 07:37:45.555,0.87759,0.87775,3.53,2.85
2011.04.20 07:37:45.777,0.87756,0.87776,4.28,1.50
2011.04.20 07:37:45.997,0.87756,0.87776,5.36,1.88
2011.04.20 07:37:46.328,0.87755,0.87774,1.08,1.50
2011.04.20 07:37:46.439,0.87755,0.87772,1.08,1.50
2011.04.20 07:37:46.779,0.87753,0.87769,9.30,2.85
2011.04.20 07:37:47.119,0.87749,0.87762,1.50,1.88
2011.04.20 07:37:47.235,0.87742,0.87762,3.86,1.50
2011.04.20 07:37:47.845,0.87742,0.87759,4.61,1.50
2011.04.20 07:37:48.065,0.87745,0.8776,3.53,1.13
2011.04.20 07:37:48.618,0.87746,0.8776,3.53,1.13
2011.04.20 07:37:49.276,0.87746,0.87761,3.53,1.73
2011.04.20 07:37:49.827,0.87746,0.87761,3.53,2.48
2011.04.20 07:37:50.157,0.87744,0.87757,1.13,1.50
2011.04.20 07:37:50.268,0.87749,0.87759,3.53,1.50
2011.04.20 07:37:50.388,0.87741,0.87761,10.23,1.50
2011.04.20 07:37:50.952,0.87742,0.87756,2.43,1.35
2011.04.20 07:37:51.084,0.87734,0.87753,1.08,3.00
2011.04.20 07:37:51.635,0.87734,0.87752,1.08,1.50
2011.04.20 07:37:52.284,0.87734,0.87753,1.83,2.25
2011.04.20 07:37:52.836,0.87738,0.87753,3.53,1.50
2011.04.20 07:37:53.278,0.87738,0.87755,3.53,2.25
2011.04.20 07:37:54.415,0.87736,0.87755,4.95,1.50
2011.04.20 07:37:56.474,0.87738,0.87756,1.73,2.25
2011.04.20 07:37:56.587,0.87741,0.87759,1.13,1.50
2011.04.20 07:37:56.806,0.87742,0.8776,1.08,1.50
2011.04.20 07:38:02.955,0.87745,0.87762,1.13,1.50
2011.04.20 07:38:03.065,0.8775,0.87765,2.10,2.25
2011.04.20 07:38:03.614,0.87748,0.87766,1.50,1.50
2011.04.20 07:38:05.857,0.87753,0.87768,1.73,1.50
2011.04.20 07:38:05.968,0.87751,0.87771,1.08,1.50
2011.04.20 07:38:06.197,0.87751,0.87765,1.35,1.50
2011.04.20 07:38:06.417,0.87752,0.87769,2.25,1.88
2011.04.20 07:38:06.637,0.87752,0.87769,1.50,3.83
2011.04.20 07:38:06.746,0.87748,0.87768,1.08,2.25
2011.04.20 07:38:07.564,0.87748,0.87768,1.08,1.50
2011.04.20 07:38:08.460,0.8775,0.87769,2.10,3.60
2011.04.20 07:38:08.576,0.8775,0.87768,2.25,1.73
2011.04.20 07:38:08.687,0.87749,0.87768,1.50,1.73
2011.04.20 07:38:09.015,0.87748,0.87767,1.08,1.13
2011.04.20 07:38:10.189,0.87748,0.87768,1.83,1.35
2011.04.20 07:38:10.527,0.8775,0.87768,1.50,1.13
2011.04.20 07:38:10.635,0.87748,0.87768,1.83,1.13
2011.04.20 07:38:10.745,0.87748,0.87768,1.08,1.88
2011.04.20 07:38:12.477,0.87749,0.87769,4.28,1.35
2011.04.20 07:38:12.804,0.87753,0.8777,1.50,1.50
2011.04.20 07:38:13.676,0.8775,0.8777,1.50,2.48
2011.04.20 07:38:13.786,0.87749,0.87768,5.03,1.88
2011.04.20 07:38:14.477,0.87749,0.87768,1.50,1.50
2011.04.20 07:38:14.806,0.87755,0.87772,1.50,1.50
2011.04.20 07:38:15.535,0.87759,0.87775,1.35,1.50
2011.04.20 07:38:15.867,0.87764,0.87779,1.50,1.50
2011.04.20 07:38:16.414,0.87764,0.87779,1.50,1.50
2011.04.20 07:38:17.048,0.87764,0.8778,1.50,1.50
2011.04.20 07:38:17.378,0.87767,0.87782,1.50,1.50
2011.04.20 07:38:17.717,0.8777,0.87788,1.35,1.50
2011.04.20 07:38:18.157,0.87767,0.87784,4.28,2.10
2011.04.20 07:38:18.377,0.87767,0.87784,1.08,2.85
2011.04.20 07:38:18.924,0.87767,0.87784,1.08,2.85
2011.04.20 07:38:19.958,0.87768,0.87788,1.50,2.25
2011.04.20 07:38:20.185,0.87768,0.87784,5.03,1.50
2011.04.20 07:38:20.520,0.87769,0.87789,1.83,4.20
2011.04.20 07:38:23.444,0.8777,0.87788,1.50,1.73
2011.04.20 07:38:23.775,0.87769,0.87783,1.08,2.85
2011.04.20 07:38:23.885,0.87769,0.87786,1.08,1.50
2011.04.20 07:38:24.104,0.87769,0.87788,1.08,2.10
2011.04.20 07:38:25.115,0.87769,0.87788,1.08,2.10
2011.04.20 07:38:26.046,0.87769,0.87788,1.08,2.10
2011.04.20 07:38:28.325,0.87769,0.87788,1.08,1.35
2011.04.20 07:38:28.546,0.87769,0.87788,1.08,1.35
2011.04.20 07:38:29.095,0.87769,0.87783,1.08,1.50
2011.04.20 07:38:29.324,0.87769,0.87788,1.08,1.35
2011.04.20 07:38:29.926,0.87769,0.87788,1.08,1.35
2011.04.20 07:38:30.147,0.8777,0.87789,1.50,1.50
2011.04.20 07:38:30.585,0.8777,0.87789,1.50,1.50
2011.04.20 07:38:33.114,0.8777,0.87789,1.50,2.25
2011.04.20 07:38:34.941,0.87771,0.8779,1.50,1.50
2011.04.20 07:38:38.446,0.87771,0.8779,1.50,5.03
2011.04.20 07:38:38.665,0.8777,0.8779,1.08,5.78
2011.04.20 07:38:39.314,0.8777,0.87788,1.08,1.50
2011.04.20 07:38:39.875,0.87766,0.87787,1.83,1.50
2011.04.20 07:38:40.745,0.87766,0.87787,1.83,1.50
2011.04.20 07:38:41.636,0.87766,0.87785,1.50,1.50
2011.04.20 07:38:42.187,0.87764,0.87784,2.25,1.88
2011.04.20 07:38:42.297,0.87762,0.87781,1.50,1.50
2011.04.20 07:38:42.845,0.87763,0.87781,3.00,1.50
2011.04.20 07:38:43.176,0.87765,0.87781,1.50,1.50
2011.04.20 07:38:44.835,0.87765,0.87785,1.83,5.03
2011.04.20 07:38:45.384,0.87765,0.87785,1.83,1.50
2011.04.20 07:38:46.756,0.87765,0.87785,1.83,1.50
2011.04.20 07:38:46.866,0.87765,0.87785,1.83,1.50
2011.04.20 07:38:47.416,0.87765,0.87785,1.83,1.88
2011.04.20 07:38:47.525,0.87765,0.87784,1.83,1.35
2011.04.20 07:38:47.635,0.87765,0.87783,1.08,1.50
2011.04.20 07:38:47.746,0.87763,0.87779,1.50,1.35
2011.04.20 07:38:47.856,0.87761,0.87779,1.08,2.10
2011.04.20 07:38:47.966,0.8776,0.87779,1.50,2.10
2011.04.20 07:38:48.075,0.87758,0.87779,1.08,2.10
2011.04.20 07:38:48.184,0.87759,0.87777,1.08,1.50
2011.04.20 07:38:48.514,0.87759,0.87777,1.83,1.50
2011.04.20 07:38:48.956,0.87762,0.87777,1.50,1.50
2011.04.20 07:38:49.065,0.87762,0.87779,1.50,1.35
2011.04.20 07:38:52.245,0.87763,0.8778,2.10,1.50
2011.04.20 07:38:52.465,0.87766,0.87782,1.50,2.25
2011.04.20 07:38:52.686,0.87766,0.87782,1.50,1.50
2011.04.20 07:38:53.298,0.87766,0.87782,1.50,1.50
2011.04.20 07:38:53.516,0.87763,0.87781,1.50,1.50
2011.04.20 07:38:54.847,0.8776,0.87779,1.08,1.50
2011.04.20 07:38:55.066,0.87759,0.87778,1.08,1.50
2011.04.20 07:38:55.594,0.87758,0.87778,1.83,1.50
2011.04.20 07:38:58.705,0.87758,0.87778,1.83,1.88
2011.04.20 07:38:59.255,0.87756,0.87776,2.43,1.88
2011.04.20 07:39:00.555,0.87755,0.87775,1.83,1.13
2011.04.20 07:39:02.585,0.87755,0.87775,1.83,1.13
2011.04.20 07:39:03.906,0.87755,0.87774,1.08,1.13
2011.04.20 07:39:05.289,0.87755,0.87771,1.83,1.50
2011.04.20 07:39:05.414,0.87751,0.87766,4.61,1.13
2011.04.20 07:39:05.640,0.87748,0.87766,1.08,1.13
2011.04.20 07:39:05.978,0.87748,0.87763,1.08,1.13
2011.04.20 07:39:06.205,0.87743,0.87763,2.43,1.13
2011.04.20 07:39:06.315,0.87743,0.87764,3.18,3.60
2011.04.20 07:39:06.977,0.87745,0.87762,1.50,1.13
2011.04.20 07:39:07.196,0.87741,0.87759,1.50,1.13
2011.04.20 07:39:07.306,0.87739,0.87759,1.08,1.88
2011.04.20 07:39:07.956,0.87739,0.87758,1.08,1.50
2011.04.20 07:39:08.506,0.87741,0.87759,3.53,1.88
2011.04.20 07:39:09.137,0.87742,0.87758,3.53,1.13
2011.04.20 07:39:09.244,0.87742,0.87752,2.10,1.35
2011.04.20 07:39:09.580,0.87743,0.8775,3.53,2.85
2011.04.20 07:39:09.916,0.87736,0.87751,2.25,1.50
2011.04.20 07:39:10.025,0.87736,0.87752,2.25,1.50
2011.04.20 07:39:11.718,0.87734,0.87753,1.08,1.13
2011.04.20 07:39:11.837,0.87733,0.87753,2.43,1.88
2011.04.20 07:39:12.168,0.87734,0.87753,5.03,2.10
2011.04.20 07:39:12.387,0.87728,0.87746,4.61,1.50
2011.04.20 07:39:12.716,0.87727,0.87744,4.46,1.50
2011.04.20 07:39:13.267,0.87727,0.87746,3.03,1.88
2011.04.20 07:39:13.815,0.87729,0.87748,2.10,3.00
2011.04.20 07:39:14.616,0.87729,0.87748,2.43,2.25
2011.04.20 07:39:14.947,0.87732,0.8775,2.10,1.50
2011.04.20 07:39:15.497,0.87733,0.87751,1.50,1.35
2011.04.20 07:39:16.046,0.87731,0.87751,5.63,2.25
2011.04.20 07:39:16.705,0.87733,0.87751,2.85,1.50
2011.04.20 07:39:17.537,0.87729,0.87746,2.43,1.13
2011.04.20 07:39:17.755,0.87727,0.87746,1.83,1.13
2011.04.20 07:39:18.346,0.87727,0.87744,1.08,1.13
2011.04.20 07:39:18.906,0.87725,0.87742,4.46,1.50
2011.04.20 07:39:19.238,0.87723,0.87736,1.08,1.50
2011.04.20 07:39:19.348,0.87721,0.87735,1.08,1.50
2011.04.20 07:39:19.455,0.87719,0.87735,4.46,1.50
2011.04.20 07:39:19.566,0.87715,0.87735,3.03,1.50
2011.04.20 07:39:19.675,0.87715,0.87734,3.03,1.50
2011.04.20 07:39:19.896,0.87715,0.87735,3.03,1.50
2011.04.20 07:39:20.337,0.87715,0.87734,3.03,1.88
2011.04.20 07:39:20.885,0.87714,0.87734,1.68,1.88
2011.04.20 07:39:21.485,0.87715,0.87733,1.68,1.13
2011.04.20 07:39:22.067,0.87714,0.87733,1.68,1.88
2011.04.20 07:39:22.488,0.87716,0.87732,1.08,1.50
2011.04.20 07:39:22.936,0.87726,0.87736,1.68,2.85
2011.04.20 07:39:23.051,0.87725,0.87742,1.83,1.13
2011.04.20 07:39:23.167,0.87722,0.87741,1.68,1.50
2011.04.20 07:39:23.714,0.87722,0.87741,1.68,3.00
2011.04.20 07:39:24.425,0.87722,0.87741,1.68,2.25
2011.04.20 07:39:24.974,0.87723,0.87741,4.16,1.50
2011.04.20 07:39:25.195,0.87724,0.87741,1.08,1.50
2011.04.20 07:39:25.635,0.87724,0.87744,1.08,3.00
2011.04.20 07:39:26.184,0.87724,0.87744,1.08,2.25
2011.04.20 07:39:35.247,0.87724,0.87744,3.93,2.25
2011.04.20 07:39:35.795,0.87725,0.87744,1.68,2.25
2011.04.20 07:39:36.349,0.87725,0.87745,1.35,1.50
2011.04.20 07:39:36.905,0.87724,0.87743,3.60,1.50
2011.04.20 07:39:37.437,0.87724,0.87743,3.93,2.25
2011.04.20 07:39:38.668,0.87724,0.8774,2.43,1.50
2011.04.20 07:39:38.888,0.87721,0.87736,1.73,1.50
2011.04.20 07:39:39.106,0.87716,0.87736,1.83,1.50
2011.04.20 07:39:39.655,0.87716,0.87734,1.08,1.50
2011.04.20 07:39:40.395,0.87719,0.87734,2.10,1.50
2011.04.20 07:39:41.447,0.87719,0.87736,2.10,2.25
2011.04.20 07:39:42.004,0.87718,0.87736,1.08,1.50
2011.04.20 07:39:45.166,0.87718,0.87734,1.08,1.50
2011.04.20 07:39:45.275,0.87716,0.87734,3.86,2.25
2011.04.20 07:39:45.386,0.87718,0.87734,3.53,1.50
2011.04.20 07:39:45.609,0.87718,0.87734,3.53,1.50
2011.04.20 07:39:46.735,0.87716,0.87736,4.61,2.25
2011.04.20 07:39:46.955,0.87715,0.87735,3.86,2.25
2011.04.20 07:39:47.286,0.87713,0.87733,8.13,2.25
2011.04.20 07:39:52.815,0.87713,0.87732,1.08,1.50
2011.04.20 07:39:53.385,0.87713,0.87732,1.08,1.50
2011.04.20 07:39:54.225,0.87713,0.87732,1.08,1.50
2011.04.20 07:39:57.357,0.87713,0.87733,1.68,1.50
2011.04.20 07:39:57.800,0.87711,0.87728,1.08,1.88
2011.04.20 07:39:58.245,0.8771,0.8773,1.35,1.88
2011.04.20 07:39:58.685,0.87712,0.8773,4.28,1.13
2011.04.20 07:39:59.276,0.87708,0.87728,1.08,1.13
2011.04.20 07:40:00.385,0.87707,0.87727,1.68,1.13
2011.04.20 07:40:00.958,0.87707,0.87727,1.68,1.88
2011.04.20 07:40:01.226,0.87706,0.87724,1.08,1.13
2011.04.20 07:40:01.556,0.87713,0.87731,1.08,2.85
2011.04.20 07:40:01.776,0.87713,0.87733,1.08,2.25
2011.04.20 07:40:02.107,0.87715,0.87733,1.08,1.50
2011.04.20 07:40:02.215,0.87715,0.87736,1.08,3.38
2011.04.20 07:40:02.765,0.87715,0.87736,1.08,1.88
2011.04.20 07:40:03.445,0.87716,0.87737,1.08,2.25
2011.04.20 07:40:03.997,0.87719,0.87737,1.08,1.50
2011.04.20 07:40:04.668,0.87719,0.8774,1.08,3.38
2011.04.20 07:40:05.229,0.87715,0.87733,4.28,1.73
2011.04.20 07:40:05.347,0.87715,0.87734,3.53,1.50
2011.04.20 07:40:05.457,0.87713,0.87734,3.78,1.50
2011.04.20 07:40:05.676,0.87713,0.87733,3.78,2.63
2011.04.20 07:40:06.007,0.87711,0.8773,1.68,2.63
2011.04.20 07:40:06.917,0.87709,0.87727,5.28,1.13
2011.04.20 07:40:07.137,0.87709,0.87725,1.08,1.13
2011.04.20 07:40:07.248,0.87704,0.87724,1.83,1.13
2011.04.20 07:40:07.357,0.87704,0.87723,1.83,1.13
2011.04.20 07:40:07.795,0.87704,0.87724,1.83,1.13
2011.04.20 07:40:08.585,0.87704,0.87724,1.08,1.13
2011.04.20 07:40:11.516,0.87709,0.87725,3.45,1.50
2011.04.20 07:40:11.844,0.87711,0.87729,1.08,1.50
2011.04.20 07:40:12.704,0.87711,0.87731,1.08,1.88
2011.04.20 07:40:12.815,0.87712,0.87732,1.50,1.50
2011.04.20 07:40:13.034,0.87713,0.87733,1.08,2.10
2011.04.20 07:40:13.584,0.87714,0.87733,1.08,1.35
2011.04.20 07:40:14.416,0.87714,0.87732,1.08,3.23
2011.04.20 07:40:14.745,0.87708,0.87729,1.08,2.48
2011.04.20 07:40:15.073,0.87708,0.87726,1.08,1.50
2011.04.20 07:40:15.664,0.87707,0.87726,1.08,1.50
2011.04.20 07:40:19.217,0.87707,0.87725,1.08,1.13
2011.04.20 07:40:19.556,0.87705,0.87724,1.35,1.13
2011.04.20 07:40:20.038,0.87705,0.87725,1.35,1.50
2011.04.20 07:40:20.595,0.87705,0.87726,3.45,3.75
2011.04.20 07:40:20.704,0.87705,0.87726,3.45,3.00
2011.04.20 07:40:21.253,0.87705,0.87726,3.45,2.25
2011.04.20 07:40:21.476,0.87705,0.87726,2.25,2.48
2011.04.20 07:40:21.809,0.87702,0.87719,2.85,2.63
2011.04.20 07:40:22.146,0.877,0.87717,2.10,1.35
2011.04.20 07:40:22.694,0.87699,0.87717,1.08,1.35
2011.04.20 07:40:23.244,0.87699,0.87717,1.08,1.35
2011.04.20 07:40:25.454,0.87699,0.87717,1.08,1.35
2011.04.20 07:40:26.665,0.87699,0.87717,1.08,1.35
2011.04.20 07:40:27.324,0.87699,0.87719,1.08,1.50
2011.04.20 07:40:27.878,0.87702,0.87722,3.45,3.00
2011.04.20 07:40:28.213,0.87705,0.87725,2.25,2.63
2011.04.20 07:40:28.765,0.87702,0.87723,4.53,1.50
2011.04.20 07:40:29.379,0.87699,0.87718,1.08,1.50
2011.04.20 07:40:29.494,0.87699,0.87718,1.08,1.50
2011.04.20 07:40:30.044,0.87699,0.87719,1.08,1.50
2011.04.20 07:40:30.597,0.87698,0.87718,1.83,1.50
2011.04.20 07:40:31.145,0.87698,0.87718,1.83,1.50
2011.04.20 07:40:32.975,0.87699,0.87719,1.08,1.50
2011.04.20 07:40:33.084,0.877,0.8772,1.08,3.23
2011.04.20 07:40:33.565,0.87705,0.87722,1.13,1.50
2011.04.20 07:40:33.786,0.87707,0.87726,1.08,2.25
2011.04.20 07:40:35.275,0.87707,0.87725,1.08,1.50
2011.04.20 07:40:35.496,0.87706,0.87724,1.08,1.88
2011.04.20 07:40:35.824,0.877,0.87721,1.68,2.63
2011.04.20 07:40:36.814,0.877,0.87721,1.68,2.63
2011.04.20 07:40:38.027,0.87705,0.87723,1.50,1.50
2011.04.20 07:40:38.354,0.87706,0.87725,2.10,1.50
2011.04.20 07:40:38.683,0.87705,0.87726,3.78,2.25
2011.04.20 07:40:38.903,0.87706,0.87726,1.35,2.25
2011.04.20 07:40:39.453,0.87707,0.87726,2.85,2.25
2011.04.20 07:40:40.026,0.87707,0.87726,2.85,2.25
2011.04.20 07:40:41.594,0.87707,0.87726,2.85,1.50
2011.04.20 07:40:42.144,0.87708,0.87727,5.36,1.50
2011.04.20 07:40:42.694,0.8771,0.87729,1.50,3.38
2011.04.20 07:40:43.465,0.8771,0.87729,1.50,1.88
2011.04.20 07:40:43.795,0.87717,0.87733,1.35,2.25
2011.04.20 07:40:43.904,0.87717,0.87734,1.35,4.50
2011.04.20 07:40:44.233,0.87717,0.87734,1.35,3.75
2011.04.20 07:40:44.904,0.87717,0.87734,1.35,3.38
2011.04.20 07:40:46.514,0.87714,0.87734,1.83,2.25
2011.04.20 07:40:47.066,0.87714,0.87734,1.08,3.38
2011.04.20 07:40:47.613,0.87712,0.87734,8.06,3.00
2011.04.20 07:40:48.386,0.87713,0.87733,1.68,2.25
2011.04.20 07:40:48.716,0.87719,0.87736,3.60,1.50
2011.04.20 07:40:48.824,0.87719,0.8774,4.68,2.25
2011.04.20 07:40:49.263,0.8772,0.8774,1.50,1.50
2011.04.20 07:40:49.813,0.8772,0.87741,2.58,1.50
2011.04.20 07:40:50.855,0.8772,0.87741,2.58,1.50
2011.04.20 07:40:51.547,0.87721,0.87742,1.08,4.50
2011.04.20 07:40:52.323,0.87721,0.87741,1.08,2.25
2011.04.20 07:40:52.544,0.8772,0.87739,1.50,1.50
2011.04.20 07:40:53.463,0.87719,0.87739,1.08,1.50
2011.04.20 07:40:55.336,0.8772,0.87738,2.10,1.50
2011.04.20 07:40:55.884,0.87719,0.87738,1.08,1.50
2011.04.20 07:40:56.484,0.87719,0.87737,1.08,1.50
2011.04.20 07:40:56.814,0.87719,0.87736,2.85,1.50
2011.04.20 07:40:57.508,0.87719,0.87736,2.85,1.50
2011.04.20 07:40:58.309,0.87723,0.87738,1.35,1.50
2011.04.20 07:40:58.536,0.87721,0.8774,3.60,1.50
2011.04.20 07:40:59.535,0.87721,0.87738,2.85,1.13
2011.04.20 07:40:59.645,0.8772,0.87738,1.08,1.13
2011.04.20 07:41:00.636,0.87715,0.87736,3.93,2.85
2011.04.20 07:41:00.743,0.87715,0.87735,3.18,1.50
2011.04.20 07:41:00.965,0.87715,0.87735,2.43,2.25
2011.04.20 07:41:01.473,0.87715,0.87735,2.43,2.25
2011.04.20 07:41:02.024,0.87714,0.87734,3.18,1.50
2011.04.20 07:41:02.133,0.87714,0.87735,3.18,3.00
2011.04.20 07:41:08.714,0.87716,0.87736,1.08,2.10
2011.04.20 07:41:11.063,0.87719,0.87738,4.28,1.50
2011.04.20 07:41:11.174,0.8772,0.8774,3.18,2.85
2011.04.20 07:41:11.753,0.8772,0.8774,3.93,2.10
2011.04.20 07:41:15.073,0.8772,0.8774,3.18,2.10
2011.04.20 07:41:22.148,0.87722,0.8774,2.25,1.35
2011.04.20 07:41:22.719,0.87724,0.8774,2.10,1.35
2011.04.20 07:41:23.303,0.87722,0.8774,2.85,2.10
2011.04.20 07:41:23.634,0.87718,0.87734,3.86,1.88
2011.04.20 07:41:23.854,0.87718,0.87734,3.53,3.23
2011.04.20 07:41:23.964,0.87716,0.87734,3.53,3.23
2011.04.20 07:41:24.074,0.87714,0.87734,1.08,3.23
2011.04.20 07:41:25.757,0.87717,0.87736,1.13,3.00
2011.04.20 07:41:25.975,0.8772,0.87738,2.85,1.50
2011.04.20 07:41:28.205,0.87721,0.87742,2.85,2.63
2011.04.20 07:41:29.048,0.87724,0.87742,2.85,1.50
2011.04.20 07:41:29.165,0.87724,0.87742,2.85,1.50
2011.04.20 07:41:30.144,0.87724,0.87742,3.60,1.50
2011.04.20 07:41:30.914,0.87724,0.87742,2.85,1.50
2011.04.20 07:41:31.135,0.87724,0.87742,2.85,1.50
2011.04.20 07:41:31.574,0.87725,0.87746,3.18,1.50
2011.04.20 07:41:31.903,0.87726,0.87746,3.60,1.50
2011.04.20 07:41:32.125,0.87726,0.87746,3.60,1.50
2011.04.20 07:41:32.454,0.8773,0.87746,2.10,1.50
2011.04.20 07:41:33.224,0.87729,0.87747,2.85,1.50
2011.04.20 07:41:33.773,0.87729,0.87747,2.85,1.50
2011.04.20 07:41:36.306,0.87727,0.87747,3.45,1.50
2011.04.20 07:41:36.635,0.87727,0.87745,3.45,1.13
2011.04.20 07:41:36.858,0.87727,0.87745,2.10,2.63
2011.04.20 07:41:36.977,0.87726,0.87741,2.10,1.50
2011.04.20 07:41:37.096,0.87722,0.87741,1.68,1.50
2011.04.20 07:41:39.315,0.8772,0.8774,3.03,1.50
2011.04.20 07:41:39.647,0.87719,0.87735,1.08,1.88
2011.04.20 07:41:39.755,0.87715,0.87735,1.68,1.88
2011.04.20 07:41:41.865,0.87716,0.87735,1.50,1.50
2011.04.20 07:41:41.975,0.87717,0.87736,1.50,1.50
2011.04.20 07:41:42.304,0.8772,0.87739,2.85,1.35
2011.04.20 07:41:42.855,0.87722,0.8774,2.43,5.03
2011.04.20 07:41:43.184,0.8772,0.8774,2.58,1.13
2011.04.20 07:41:43.625,0.87722,0.8774,1.08,2.25
2011.04.20 07:41:44.174,0.87722,0.8774,1.08,1.50
2011.04.20 07:41:44.394,0.87722,0.8774,1.08,1.50
2011.04.20 07:41:46.838,0.87722,0.87742,1.08,1.50
2011.04.20 07:41:47.395,0.87724,0.87742,1.35,1.50
2011.04.20 07:41:47.725,0.87722,0.8774,3.18,2.25
2011.04.20 07:41:47.834,0.87722,0.8774,1.08,2.25
2011.04.20 07:41:48.165,0.87723,0.87743,1.08,1.50
2011.04.20 07:41:48.713,0.87723,0.87743,1.68,1.50
2011.04.20 07:41:49.406,0.87723,0.87743,1.68,1.50
2011.04.20 07:41:49.964,0.87723,0.87743,1.08,2.85
2011.04.20 07:41:50.187,0.87719,0.87738,2.21,1.13
2011.04.20 07:41:50.757,0.87721,0.87739,1.08,1.50
2011.04.20 07:41:51.664,0.8772,0.87741,1.08,1.88
2011.04.20 07:41:53.395,0.87723,0.87741,1.35,1.50
2011.04.20 07:41:53.724,0.87725,0.87744,1.08,2.25
2011.04.20 07:41:54.399,0.87725,0.87743,1.68,1.50
2011.04.20 07:41:58.775,0.87728,0.87743,1.50,1.50
2011.04.20 07:41:58.885,0.87728,0.87748,1.50,2.63
2011.04.20 07:41:58.995,0.8773,0.87749,1.08,1.50
2011.04.20 07:41:59.324,0.87732,0.8775,1.08,1.50
2011.04.20 07:42:00.635,0.87732,0.8775,1.08,1.13
2011.04.20 07:42:01.184,0.87731,0.87752,1.08,3.38
2011.04.20 07:42:02.994,0.87734,0.87752,1.83,1.50
2011.04.20 07:42:03.324,0.87734,0.87753,1.83,2.25
2011.04.20 07:42:03.544,0.87734,0.87753,1.83,2.25
2011.04.20 07:42:06.954,0.87734,0.87753,1.08,3.00
2011.04.20 07:42:13.367,0.87734,0.87753,1.08,2.63
2011.04.20 07:42:14.774,0.87734,0.87753,1.83,1.13
2011.04.20 07:42:15.344,0.87734,0.87753,1.08,1.13
2011.04.20 07:42:16.216,0.87734,0.87752,1.08,1.13
2011.04.20 07:42:16.765,0.87732,0.87752,2.58,1.13
2011.04.20 07:42:17.190,0.87732,0.87753,3.93,1.88
2011.04.20 07:42:17.312,0.87732,0.8775,2.43,2.10
2011.04.20 07:42:17.540,0.87732,0.87747,2.10,1.13
2011.04.20 07:42:17.658,0.87732,0.87749,2.10,1.88
2011.04.20 07:42:17.776,0.87729,0.87749,1.46,1.88
2011.04.20 07:42:18.244,0.87729,0.87748,1.46,1.13
2011.04.20 07:42:19.305,0.87733,0.8775,1.08,1.50
2011.04.20 07:42:19.525,0.87734,0.87751,2.85,2.63
2011.04.20 07:42:20.515,0.87733,0.87751,1.08,1.88
2011.04.20 07:42:21.065,0.87733,0.87749,1.08,1.13
2011.04.20 07:42:25.055,0.87733,0.87748,1.08,1.13
2011.04.20 07:42:25.384,0.87733,0.87748,1.08,1.13
2011.04.20 07:42:25.934,0.87733,0.8775,1.08,1.13
2011.04.20 07:42:26.154,0.87733,0.87751,1.08,1.13
2011.04.20 07:42:26.373,0.87733,0.87751,1.08,1.13
2011.04.20 07:42:27.558,0.87733,0.87753,1.08,2.25
2011.04.20 07:42:27.677,0.87735,0.87753,1.08,1.50
2011.04.20 07:42:27.789,0.87736,0.87755,1.35,1.50
2011.04.20 07:42:28.127,0.87742,0.87758,1.50,1.50
2011.04.20 07:42:29.244,0.87737,0.87757,1.08,1.50
2011.04.20 07:42:31.366,0.87743,0.87758,1.50,2.25
2011.04.20 07:42:31.584,0.8774,0.8776,1.83,1.50
2011.04.20 07:42:31.694,0.8774,0.8776,1.83,1.50
2011.04.20 07:42:32.134,0.87738,0.87757,1.08,1.50
2011.04.20 07:42:32.626,0.87738,0.87757,1.08,1.50
2011.04.20 07:42:36.984,0.87739,0.87759,1.08,1.73
2011.04.20 07:42:37.535,0.8774,0.8776,5.03,1.50
2011.04.20 07:42:38.194,0.87741,0.8776,1.50,1.50
2011.04.20 07:42:40.575,0.87745,0.8776,1.50,1.50
2011.04.20 07:42:41.744,0.87741,0.8776,1.50,1.50
2011.04.20 07:42:42.294,0.87743,0.87759,1.50,2.10
2011.04.20 07:42:42.514,0.87739,0.87758,1.08,1.50
2011.04.20 07:42:42.955,0.87747,0.87759,1.13,2.85
2011.04.20 07:42:45.166,0.87755,0.87773,1.50,1.50
2011.04.20 07:42:45.387,0.87754,0.87774,1.83,1.50
2011.04.20 07:42:45.615,0.87754,0.8777,1.08,1.35
2011.04.20 07:42:45.727,0.87753,0.87771,1.08,1.50
2011.04.20 07:42:45.947,0.87753,0.87772,1.83,2.10
2011.04.20 07:42:46.496,0.87753,0.87772,1.08,2.10
2011.04.20 07:42:46.825,0.87749,0.87766,1.88,3.08
2011.04.20 07:42:46.935,0.87744,0.87763,1.13,1.50
2011.04.20 07:42:47.679,0.87748,0.87767,1.08,1.88
2011.04.20 07:42:48.017,0.87748,0.87766,1.08,1.73
2011.04.20 07:42:48.346,0.87741,0.87758,1.08,1.88
2011.04.20 07:42:48.455,0.87741,0.87756,1.08,1.50
2011.04.20 07:42:49.004,0.87736,0.87755,1.08,1.50
2011.04.20 07:42:50.247,0.87736,0.87755,1.08,1.50
2011.04.20 07:42:50.467,0.87736,0.87752,1.08,1.50
2011.04.20 07:42:50.574,0.87736,0.87754,1.08,1.50
2011.04.20 07:42:51.234,0.87734,0.87754,1.08,1.50
2011.04.20 07:42:51.728,0.8774,0.8776,1.08,1.50
2011.04.20 07:42:52.406,0.87741,0.87761,4.61,2.25
2011.04.20 07:42:52.517,0.87752,0.87758,1.50,1.50
2011.04.20 07:42:52.638,0.87756,0.87762,6.11,1.50
2011.04.20 07:42:52.759,0.87768,0.87773,1.35,1.13
2011.04.20 07:42:53.536,0.87777,0.87796,4.28,1.50
2011.04.20 07:42:54.085,0.87777,0.87796,4.28,1.50
2011.04.20 07:42:55.516,0.87782,0.87796,2.70,1.50
2011.04.20 07:42:55.625,0.87785,0.87803,1.08,1.50
2011.04.20 07:42:55.734,0.87785,0.87805,2.58,2.63
2011.04.20 07:42:56.064,0.87786,0.87805,1.08,1.13
2011.04.20 07:42:56.617,0.8779,0.87808,1.50,1.35
2011.04.20 07:42:56.726,0.87791,0.87808,1.08,1.35
2011.04.20 07:42:56.945,0.87787,0.87805,2.25,1.50
2011.04.20 07:42:57.055,0.87785,0.87804,2.85,1.13
2011.04.20 07:42:57.387,0.87783,0.87803,1.50,1.73
2011.04.20 07:42:57.604,0.87781,0.87801,1.83,1.88
2011.04.20 07:42:57.825,0.87782,0.87801,1.35,2.63
2011.04.20 07:42:58.155,0.87782,0.87801,1.73,2.25
2011.04.20 07:42:58.485,0.87785,0.87804,1.83,3.23
2011.04.20 07:42:58.704,0.87787,0.87803,1.50,1.50
2011.04.20 07:42:59.269,0.87785,0.87803,1.08,1.50
2011.04.20 07:43:00.055,0.87786,0.87803,2.25,1.50
2011.04.20 07:43:00.388,0.87785,0.87803,1.08,1.88
2011.04.20 07:43:00.618,0.87786,0.87805,1.50,1.50
2011.04.20 07:43:00.955,0.87786,0.87802,4.28,1.13
2011.04.20 07:43:01.286,0.87785,0.87803,4.61,1.88
2011.04.20 07:43:02.395,0.87785,0.87803,3.86,1.88
2011.04.20 07:43:03.251,0.87785,0.87805,1.08,1.88
2011.04.20 07:43:03.575,0.87787,0.87807,1.08,1.50
2011.04.20 07:43:05.464,0.87787,0.87806,1.08,1.13
2011.04.20 07:43:06.014,0.87787,0.87807,1.08,2.25
2011.04.20 07:43:06.924,0.87787,0.87806,1.08,3.23
2011.04.20 07:43:07.156,0.87788,0.87808,1.35,2.25
2011.04.20 07:43:07.267,0.87788,0.87808,1.35,2.25
2011.04.20 07:43:08.767,0.87791,0.87814,1.46,2.85
2011.04.20 07:43:09.315,0.87795,0.87814,1.46,2.25
2011.04.20 07:43:10.243,0.87795,0.87814,1.46,1.50
2011.04.20 07:43:11.459,0.87795,0.87814,1.08,2.85
2011.04.20 07:43:11.996,0.87795,0.87814,1.08,2.85
2011.04.20 07:43:12.597,0.87795,0.87814,1.08,2.85
2011.04.20 07:43:13.036,0.87795,0.87813,1.08,2.85
2011.04.20 07:43:13.914,0.87795,0.87815,1.50,3.98
2011.04.20 07:43:14.473,0.87794,0.87815,1.08,3.98
2011.04.20 07:43:16.123,0.87796,0.87815,1.13,1.50
2011.04.20 07:43:16.455,0.878,0.87815,1.13,1.50
2011.04.20 07:43:16.676,0.878,0.8782,1.50,1.50
2011.04.20 07:43:17.125,0.878,0.8782,1.50,1.50
2011.04.20 07:43:17.241,0.878,0.8782,1.50,1.50
2011.04.20 07:43:17.796,0.878,0.8782,1.50,1.50
2011.04.20 07:43:18.126,0.878,0.87818,1.50,1.88
2011.04.20 07:43:18.677,0.87798,0.87815,1.50,1.13
2011.04.20 07:43:18.787,0.87796,0.87813,5.03,1.13
2011.04.20 07:43:19.334,0.87792,0.87813,2.85,1.13
2011.04.20 07:43:19.554,0.87794,0.87814,2.85,1.88
2011.04.20 07:43:19.995,0.87794,0.87814,1.08,1.88
2011.04.20 07:43:21.116,0.87794,0.87812,1.08,1.13
2011.04.20 07:43:21.250,0.87792,0.87808,1.35,1.88
2011.04.20 07:43:21.585,0.87788,0.87808,1.08,1.50
2011.04.20 07:43:21.696,0.87788,0.87808,1.08,2.85
2011.04.20 07:43:22.026,0.87786,0.87804,1.08,3.60
2011.04.20 07:43:22.138,0.87789,0.87807,1.35,1.50
2011.04.20 07:43:22.258,0.87789,0.87809,2.10,1.13
2011.04.20 07:43:22.816,0.87791,0.87811,1.50,2.25
2011.04.20 07:43:23.145,0.87793,0.8781,1.08,1.13
2011.04.20 07:43:23.479,0.87793,0.87808,1.08,1.13
2011.04.20 07:43:24.291,0.8779,0.87809,1.50,1.50
2011.04.20 07:43:24.735,0.87792,0.8781,1.83,1.13
2011.04.20 07:43:24.846,0.8779,0.87807,4.28,1.88
2011.04.20 07:43:25.288,0.87793,0.87812,2.85,1.50
2011.04.20 07:43:25.937,0.87792,0.87812,1.83,1.50
2011.04.20 07:43:26.306,0.87791,0.8781,5.03,2.63
2011.04.20 07:43:26.636,0.87786,0.87805,1.50,2.10
2011.04.20 07:43:26.746,0.87785,0.87805,1.68,3.60
2011.04.20 07:43:26.965,0.87786,0.87805,1.08,4.35
2011.04.20 07:43:27.745,0.87786,0.87805,1.08,4.35
2011.04.20 07:43:29.424,0.87783,0.87805,3.18,3.60
2011.04.20 07:43:29.645,0.8778,0.87802,1.50,1.88
2011.04.20 07:43:30.195,0.8778,0.87802,1.50,1.50
2011.04.20 07:43:31.335,0.87781,0.87802,4.28,1.88
2011.04.20 07:43:31.667,0.87781,0.87801,1.35,1.50
2011.04.20 07:43:32.359,0.87782,0.87801,3.18,1.50
2011.04.20 07:43:32.982,0.87781,0.87799,7.13,1.13
2011.04.20 07:43:33.327,0.87779,0.87799,1.08,2.25
2011.04.20 07:43:36.910,0.87785,0.87803,1.83,2.25
2011.04.20 07:43:37.135,0.8779,0.87803,3.53,1.50
2011.04.20 07:43:37.356,0.8779,0.8781,4.28,2.10
2011.04.20 07:43:38.006,0.87793,0.8781,4.28,1.50
2011.04.20 07:43:38.536,0.87791,0.8781,4.28,1.50
2011.04.20 07:43:39.474,0.8779,0.8781,4.88,1.50
2011.04.20 07:43:39.585,0.87789,0.8781,1.08,1.88
2011.04.20 07:43:39.806,0.8779,0.87809,1.13,2.10
2011.04.20 07:43:40.026,0.8779,0.8781,1.13,1.50
2011.04.20 07:43:40.732,0.87797,0.87815,1.88,1.88
2011.04.20 07:43:41.074,0.87801,0.8782,3.60,1.50
2011.04.20 07:43:41.301,0.87807,0.87824,1.35,1.50
2011.04.20 07:43:41.415,0.87807,0.87824,1.35,1.50
2011.04.20 07:43:41.749,0.87806,0.87822,1.50,1.50
2011.04.20 07:43:41.976,0.87799,0.87817,1.35,1.13
2011.04.20 07:43:42.414,0.87794,0.87816,1.08,1.50
2011.04.20 07:43:42.805,0.87795,0.87814,1.08,1.50
2011.04.20 07:43:44.937,0.87793,0.87812,1.50,1.50
2011.04.20 07:43:45.156,0.87793,0.87812,1.50,1.50
2011.04.20 07:43:46.705,0.87793,0.87812,2.85,1.50
2011.04.20 07:43:47.266,0.87792,0.87812,1.50,2.25
2011.04.20 07:43:47.486,0.87792,0.87812,1.50,2.25
2011.04.20 07:43:49.731,0.87789,0.87806,4.28,1.13
2011.04.20 07:43:49.960,0.87786,0.87806,2.25,1.73
2011.04.20 07:43:50.295,0.87784,0.87803,1.50,1.50
2011.04.20 07:43:51.474,0.87782,0.87801,4.28,1.13
2011.04.20 07:43:51.584,0.87782,0.87801,4.28,1.13
2011.04.20 07:43:51.695,0.87782,0.87801,4.28,1.13
2011.04.20 07:43:51.806,0.87782,0.87803,4.28,1.88
2011.04.20 07:43:52.246,0.87784,0.87803,1.50,1.88
2011.04.20 07:43:52.466,0.87789,0.87806,1.50,1.73
2011.04.20 07:43:52.578,0.87787,0.87806,1.50,1.73
2011.04.20 07:43:54.186,0.87786,0.87806,1.08,1.35
2011.04.20 07:43:54.833,0.87783,0.878,4.28,1.88
2011.04.20 07:43:54.953,0.87779,0.87797,4.46,1.50
2011.04.20 07:43:55.066,0.8778,0.87798,1.08,1.13
2011.04.20 07:43:55.509,0.87781,0.87798,4.61,2.10
2011.04.20 07:43:55.625,0.87781,0.87801,5.36,2.63
2011.04.20 07:43:56.374,0.87781,0.87801,5.36,1.88
2011.04.20 07:43:58.204,0.87781,0.87801,1.83,1.88
2011.04.20 07:43:58.756,0.87781,0.878,1.83,2.48
2011.04.20 07:44:02.655,0.87781,0.87797,1.83,1.50
2011.04.20 07:44:02.765,0.8778,0.87796,1.83,1.50
2011.04.20 07:44:03.346,0.87775,0.87795,1.68,1.88
2011.04.20 07:44:03.566,0.8778,0.87798,1.08,1.13
2011.04.20 07:44:04.810,0.8778,0.878,3.18,2.25
2011.04.20 07:44:05.035,0.87782,0.87801,1.08,2.25
2011.04.20 07:44:09.008,0.87782,0.87801,1.08,1.50
2011.04.20 07:44:10.116,0.87785,0.87803,1.35,2.25
2011.04.20 07:44:10.225,0.87786,0.87805,2.10,2.63
2011.04.20 07:44:10.445,0.87788,0.87807,1.50,1.50
2011.04.20 07:44:10.555,0.87788,0.87808,2.25,2.25
2011.04.20 07:44:11.104,0.8779,0.87808,1.08,1.50
2011.04.20 07:44:14.225,0.8779,0.87805,1.08,1.35
2011.04.20 07:44:14.335,0.87789,0.87805,1.08,1.35
2011.04.20 07:44:14.824,0.87784,0.87802,1.50,1.13
2011.04.20 07:44:14.944,0.87787,0.87806,1.50,1.50
2011.04.20 07:44:15.057,0.87788,0.87807,1.50,2.25
2011.04.20 07:44:15.385,0.87786,0.87802,1.08,1.13
2011.04.20 07:44:15.497,0.87786,0.87803,1.08,1.50
2011.04.20 07:44:15.605,0.87786,0.87807,1.83,1.13
2011.04.20 07:44:16.487,0.87789,0.87808,1.08,1.50
2011.04.20 07:44:16.814,0.87791,0.8781,2.43,1.13
2011.04.20 07:44:17.146,0.87796,0.87812,1.50,1.50
2011.04.20 07:44:17.695,0.87795,0.87813,1.08,1.13
2011.04.20 07:44:18.264,0.87795,0.87813,1.08,1.13
2011.04.20 07:44:21.289,0.87795,0.87813,1.08,1.88
2011.04.20 07:44:21.811,0.87802,0.87818,1.50,1.13
2011.04.20 07:44:23.466,0.87802,0.87818,1.50,1.50
2011.04.20 07:44:23.906,0.87798,0.87818,1.08,1.88
2011.04.20 07:44:24.565,0.87804,0.8782,1.50,1.35
2011.04.20 07:44:24.675,0.87804,0.8782,1.50,1.35
2011.04.20 07:44:25.374,0.87804,0.8782,1.50,1.13
2011.04.20 07:44:25.860,0.87802,0.8782,1.83,1.13
2011.04.20 07:44:26.197,0.87802,0.8782,1.08,2.25
2011.04.20 07:44:26.746,0.87803,0.87822,1.50,1.50
2011.04.20 07:44:27.737,0.87802,0.8782,2.58,1.13
2011.04.20 07:44:27.848,0.87802,0.87819,2.25,1.13
2011.04.20 07:44:28.405,0.87799,0.87818,2.10,1.50
2011.04.20 07:44:31.406,0.87799,0.87818,1.35,1.50
2011.04.20 07:44:32.096,0.87792,0.87812,1.68,3.60
2011.04.20 07:44:32.424,0.87792,0.87811,1.68,2.25
2011.04.20 07:44:32.646,0.87792,0.87811,1.68,1.50
2011.04.20 07:44:33.306,0.87792,0.87812,1.83,1.50
2011.04.20 07:44:33.415,0.87792,0.87813,1.83,2.25
2011.04.20 07:44:33.747,0.87798,0.87813,1.50,2.25
2011.04.20 07:44:34.075,0.87796,0.8781,1.50,1.13
2011.04.20 07:44:34.186,0.87792,0.8781,1.50,1.73
2011.04.20 07:44:34.295,0.87791,0.87809,4.28,1.50
2011.04.20 07:44:34.626,0.87792,0.87804,1.35,1.50
2011.04.20 07:44:34.957,0.87795,0.87811,1.50,1.50
2011.04.20 07:44:36.176,0.87795,0.87811,1.50,1.13
2011.04.20 07:44:36.395,0.87791,0.8781,1.68,1.13
2011.04.20 07:44:36.615,0.87791,0.8781,1.68,1.13
2011.04.20 07:44:36.837,0.8779,0.8781,1.68,3.23
2011.04.20 07:44:36.944,0.8779,0.87808,1.68,2.10
2011.04.20 07:44:37.275,0.87791,0.87808,1.68,2.10
2011.04.20 07:44:37.384,0.87791,0.87811,1.68,3.60
2011.04.20 07:44:37.934,0.87791,0.87811,1.68,2.85
2011.04.20 07:44:38.264,0.87791,0.8781,1.08,1.13
2011.04.20 07:44:40.228,0.87789,0.87808,1.83,2.48
2011.04.20 07:44:41.964,0.87789,0.87808,1.08,2.48
2011.04.20 07:44:42.954,0.87789,0.87808,1.08,2.48
2011.04.20 07:44:47.407,0.87791,0.87811,1.83,3.45
2011.04.20 07:44:47.627,0.87795,0.87811,1.50,2.85
2011.04.20 07:44:50.166,0.87798,0.87815,1.50,1.50
2011.04.20 07:44:50.278,0.87798,0.87819,1.50,2.63
2011.04.20 07:44:50.794,0.87798,0.87819,1.50,2.63
2011.04.20 07:44:51.156,0.87798,0.87817,1.50,1.13
2011.04.20 07:44:51.977,0.87797,0.87814,1.68,1.88
2011.04.20 07:44:54.224,0.87796,0.87813,1.83,1.50
2011.04.20 07:44:55.586,0.87796,0.87813,1.83,3.00
2011.04.20 07:44:55.695,0.87796,0.87811,1.50,1.50
2011.04.20 07:44:56.026,0.87792,0.87811,4.28,3.23
2011.04.20 07:44:56.137,0.87797,0.87812,1.50,1.50
2011.04.20 07:44:56.675,0.8779,0.87812,2.85,1.88
2011.04.20 07:44:56.790,0.87792,0.8781,1.50,2.48
2011.04.20 07:44:57.349,0.87792,0.87811,1.50,2.48
2011.04.20 07:44:57.574,0.87792,0.87809,1.50,1.13
2011.04.20 07:44:58.126,0.8779,0.87807,1.35,1.50
2011.04.20 07:44:58.565,0.87787,0.87803,1.08,3.23
2011.04.20 07:44:59.434,0.87787,0.87803,1.08,3.23
2011.04.20 07:45:01.846,0.87784,0.87803,1.08,2.85
2011.04.20 07:45:14.027,0.87784,0.87803,1.08,2.85
2011.04.20 07:45:14.765,0.87784,0.87802,1.08,1.13
2011.04.20 07:45:15.095,0.8778,0.87798,1.08,2.85
2011.04.20 07:45:15.643,0.87779,0.87798,1.08,2.85
2011.04.20 07:45:16.245,0.87779,0.87798,1.08,3.98
2011.04.20 07:45:19.937,0.87779,0.87797,1.08,1.13
2011.04.20 07:45:20.484,0.87776,0.87794,1.08,1.13
2011.04.20 07:45:24.404,0.87776,0.87794,1.08,2.25
2011.04.20 07:45:24.625,0.87776,0.87794,1.08,2.25
2011.04.20 07:45:25.915,0.87777,0.87794,1.13,2.25
2011.04.20 07:45:26.137,0.87777,0.87795,1.13,2.85
2011.04.20 07:45:26.790,0.87777,0.87796,2.85,2.25
2011.04.20 07:45:27.683,0.87776,0.87793,1.68,1.50
2011.04.20 07:45:28.426,0.87774,0.87793,1.08,1.50
2011.04.20 07:45:28.755,0.87773,0.87792,1.08,2.85
2011.04.20 07:45:29.085,0.87773,0.87791,1.08,1.73
2011.04.20 07:45:29.524,0.8777,0.87788,1.08,2.10
2011.04.20 07:45:29.745,0.8777,0.87788,1.08,2.48
2011.04.20 07:45:30.404,0.8777,0.87783,1.08,1.50
2011.04.20 07:45:31.524,0.87769,0.87783,1.08,1.88
2011.04.20 07:45:31.855,0.87766,0.8778,1.08,2.10
2011.04.20 07:45:32.076,0.87763,0.87784,4.61,1.88
2011.04.20 07:45:32.404,0.87763,0.87783,4.61,2.25
2011.04.20 07:45:32.735,0.87768,0.87783,1.50,1.50
2011.04.20 07:45:33.284,0.87763,0.87783,1.83,2.25
2011.04.20 07:45:34.346,0.87763,0.87781,1.83,1.50
2011.04.20 07:45:34.565,0.87766,0.87783,1.50,2.25
2011.04.20 07:45:36.426,0.87767,0.87783,1.50,2.25
2011.04.20 07:45:36.647,0.87767,0.87787,1.50,2.10
2011.04.20 07:45:36.977,0.87768,0.87787,1.50,1.35
2011.04.20 07:45:37.089,0.87768,0.87787,1.50,1.35
2011.04.20 07:45:37.425,0.87768,0.87783,1.50,1.50
2011.04.20 07:45:37.997,0.87766,0.87783,1.83,1.50
2011.04.20 07:45:40.183,0.8777,0.87783,1.88,1.50
2011.04.20 07:45:40.295,0.8777,0.87789,2.48,1.50
2011.04.20 07:45:40.844,0.87772,0.87789,1.35,1.50
2011.04.20 07:45:41.065,0.87772,0.87791,1.35,1.50
2011.04.20 07:45:42.669,0.87772,0.87789,1.35,1.13
2011.04.20 07:45:43.225,0.87771,0.87787,1.35,2.10
2011.04.20 07:45:43.777,0.8777,0.87787,1.08,2.10
2011.04.20 07:45:47.144,0.8777,0.87787,1.08,2.48
2011.04.20 07:45:47.367,0.87761,0.87781,5.36,3.98
2011.04.20 07:45:47.805,0.87758,0.87779,2.81,1.50
2011.04.20 07:45:49.564,0.87759,0.87778,1.35,2.85
2011.04.20 07:45:50.116,0.87759,0.87779,1.35,2.25
2011.04.20 07:45:50.334,0.87761,0.8778,1.08,3.23
2011.04.20 07:45:51.035,0.87762,0.87781,1.46,3.60
2011.04.20 07:45:51.256,0.87764,0.87783,1.46,2.10
2011.04.20 07:45:51.810,0.87766,0.87783,1.08,1.50
2011.04.20 07:45:52.644,0.87767,0.87786,1.08,2.10
2011.04.20 07:45:52.864,0.87767,0.87783,1.08,1.50
2011.04.20 07:46:00.394,0.8777,0.87783,1.08,1.50
2011.04.20 07:46:02.284,0.8777,0.87784,1.08,1.50
2011.04.20 07:46:02.967,0.8777,0.87784,1.08,1.50
2011.04.20 07:46:05.215,0.8777,0.87784,1.08,1.50
2011.04.20 07:46:05.913,0.8777,0.87789,1.08,4.20
2011.04.20 07:46:07.246,0.8777,0.87787,1.08,1.13
2011.04.20 07:46:07.793,0.87768,0.87785,1.08,2.10
2011.04.20 07:46:10.234,0.87768,0.87783,1.08,1.50
2011.04.20 07:46:13.905,0.87765,0.87783,1.08,1.50
2011.04.20 07:46:19.654,0.87765,0.87783,1.83,1.50
2011.04.20 07:46:23.880,0.87765,0.87783,1.83,1.50
2011.04.20 07:46:25.534,0.87765,0.87783,1.08,1.50
2011.04.20 07:46:28.815,0.87766,0.87783,1.35,1.50
2011.04.20 07:46:29.586,0.87764,0.87785,2.58,3.60
2011.04.20 07:46:30.135,0.87764,0.87782,1.08,1.50
2011.04.20 07:46:31.637,0.87755,0.87771,1.08,2.85
2011.04.20 07:46:31.747,0.87755,0.87771,1.08,2.85
2011.04.20 07:46:31.855,0.8775,0.87771,5.96,2.85
2011.04.20 07:46:34.295,0.8775,0.87766,3.86,2.85
2011.04.20 07:46:34.846,0.8775,0.87769,5.21,1.50
2011.04.20 07:46:34.954,0.8775,0.87769,5.21,1.50
2011.04.20 07:46:36.155,0.87752,0.87771,1.50,1.50
2011.04.20 07:46:37.254,0.87752,0.87773,3.93,2.25
2011.04.20 07:46:44.904,0.87752,0.87771,1.08,1.50
2011.04.20 07:46:45.675,0.87752,0.87771,1.08,1.50
2011.04.20 07:47:05.054,0.87752,0.87771,1.08,1.50
2011.04.20 07:47:09.405,0.87752,0.87772,1.83,1.13
2011.04.20 07:47:09.994,0.87754,0.87772,1.08,1.50
2011.04.20 07:47:13.515,0.87752,0.87772,3.60,1.50
2011.04.20 07:47:14.074,0.87752,0.87772,2.85,1.50
2011.04.20 07:47:14.625,0.87752,0.87772,2.85,1.50
2011.04.20 07:47:15.465,0.87749,0.8777,1.68,1.50
2011.04.20 07:47:16.127,0.87749,0.8777,1.08,1.50
2011.04.20 07:47:18.694,0.8775,0.8777,1.08,6.53
2011.04.20 07:47:20.237,0.8775,0.8777,1.08,2.25
2011.04.20 07:47:20.675,0.87747,0.87769,3.18,1.50
2011.04.20 07:47:21.545,0.87749,0.87769,2.10,1.50
2011.04.20 07:47:21.984,0.87748,0.8777,1.68,2.25
2011.04.20 07:47:22.554,0.8775,0.8777,1.13,3.00
2011.04.20 07:47:22.884,0.87748,0.87769,3.03,1.50
2011.04.20 07:47:23.445,0.87749,0.87769,1.13,1.50
2011.04.20 07:47:23.885,0.87751,0.87769,3.18,1.50
2011.04.20 07:47:24.925,0.87752,0.87769,1.08,1.50
2011.04.20 07:47:25.487,0.87751,0.87772,3.78,1.50
2011.04.20 07:47:26.034,0.87751,0.87772,3.78,1.50
2011.04.20 07:47:26.847,0.87752,0.87769,3.86,1.50
2011.04.20 07:47:27.393,0.87751,0.87769,1.35,1.50
2011.04.20 07:47:28.354,0.87749,0.8777,4.13,3.00
2011.04.20 07:47:32.896,0.8775,0.87769,4.13,1.50
2011.04.20 07:47:35.955,0.87749,0.8777,1.73,1.50
2011.04.20 07:47:36.285,0.87754,0.8777,2.85,1.50
2011.04.20 07:47:36.839,0.87754,0.87773,2.10,3.75
2011.04.20 07:47:37.397,0.87755,0.87773,1.50,2.25
2011.04.20 07:47:37.943,0.87757,0.87773,1.35,1.50
2011.04.20 07:47:38.607,0.87757,0.87777,3.41,1.50
2011.04.20 07:47:38.939,0.87765,0.87781,1.50,2.10
2011.04.20 07:47:39.384,0.87763,0.87781,6.23,1.50
2011.04.20 07:47:39.935,0.87763,0.87781,6.56,1.50
2011.04.20 07:47:40.516,0.87763,0.87779,3.03,1.13
2011.04.20 07:47:40.626,0.87763,0.87777,2.70,1.50
2011.04.20 07:47:40.849,0.87758,0.87774,1.50,2.25
2011.04.20 07:47:40.965,0.87756,0.87774,1.50,2.25
2011.04.20 07:47:41.075,0.87756,0.87774,1.50,2.25
2011.04.20 07:47:41.965,0.87756,0.87774,1.50,2.25
2011.04.20 07:47:44.046,0.87756,0.87774,1.13,1.50
2011.04.20 07:47:44.156,0.87758,0.87774,2.10,1.50
2011.04.20 07:47:44.684,0.87758,0.87774,2.85,1.50
2011.04.20 07:47:45.474,0.87758,0.87775,3.60,1.50
2011.04.20 07:47:46.226,0.87758,0.87774,3.60,1.50
2011.04.20 07:47:46.775,0.87758,0.87775,3.18,1.50
2011.04.20 07:47:47.362,0.87758,0.87775,1.08,1.50
2011.04.20 07:47:47.479,0.87755,0.87773,1.68,2.25
2011.04.20 07:47:51.305,0.87755,0.87773,1.08,2.25
2011.04.20 07:47:51.988,0.87754,0.87771,4.35,1.50
2011.04.20 07:47:52.346,0.87754,0.87769,2.25,5.03
2011.04.20 07:47:52.923,0.87751,0.87768,2.85,1.50
2011.04.20 07:47:53.477,0.87751,0.87769,2.85,1.88
2011.04.20 07:47:53.696,0.87748,0.87767,1.08,3.60
2011.04.20 07:47:53.805,0.87748,0.87767,1.08,3.60
2011.04.20 07:47:54.024,0.87748,0.87764,1.46,1.50
2011.04.20 07:47:54.725,0.87749,0.87764,1.83,1.50
2011.04.20 07:47:55.385,0.87747,0.87764,1.68,1.50
2011.04.20 07:47:55.827,0.87749,0.87767,1.31,1.50
2011.04.20 07:47:56.046,0.8775,0.87767,2.70,2.25
2011.04.20 07:47:57.244,0.87749,0.87769,1.68,1.50
2011.04.20 07:47:57.685,0.87749,0.87769,2.06,1.50
2011.04.20 07:47:57.796,0.8775,0.87769,2.48,1.50
2011.04.20 07:47:58.345,0.87752,0.87771,1.08,1.50
2011.04.20 07:47:58.896,0.87752,0.87771,1.08,1.50
2011.04.20 07:47:59.335,0.87751,0.87771,2.43,2.63
2011.04.20 07:48:04.617,0.87752,0.87771,1.08,2.25
2011.04.20 07:48:04.725,0.87753,0.87772,5.36,2.85
2011.04.20 07:48:04.836,0.87755,0.87774,1.08,2.10
2011.04.20 07:48:04.948,0.87757,0.87775,4.28,2.48
2011.04.20 07:48:05.276,0.87756,0.87774,1.08,2.85
2011.04.20 07:48:08.633,0.87755,0.87775,5.36,1.50
2011.04.20 07:48:08.965,0.87755,0.87773,5.36,2.25
2011.04.20 07:48:09.186,0.87754,0.87773,1.68,2.25
2011.04.20 07:48:09.734,0.87753,0.87771,2.43,1.50
2011.04.20 07:48:09.848,0.87753,0.87771,1.68,1.50
2011.04.20 07:48:10.394,0.87751,0.87771,1.83,1.50
2011.04.20 07:48:13.407,0.87751,0.87768,1.83,1.13
2011.04.20 07:48:13.630,0.87747,0.87765,3.53,3.23
2011.04.20 07:48:13.748,0.87745,0.87765,4.28,3.23
2011.04.20 07:48:14.307,0.87744,0.87763,1.08,2.25
2011.04.20 07:48:17.065,0.87744,0.87763,1.08,2.25
2011.04.20 07:48:17.615,0.87745,0.87764,1.13,1.50
2011.04.20 07:48:17.725,0.87745,0.87766,1.46,2.25
2011.04.20 07:48:18.696,0.87747,0.87766,1.46,1.50
2011.04.20 07:48:18.916,0.8775,0.87768,1.83,1.50
2011.04.20 07:48:19.465,0.87747,0.87766,3.71,1.50
2011.04.20 07:48:25.114,0.87747,0.87769,8.36,2.25
2011.04.20 07:48:25.226,0.87748,0.87769,3.18,1.50
2011.04.20 07:48:25.555,0.87747,0.87768,8.21,1.50
2011.04.20 07:48:26.215,0.87752,0.8777,1.08,1.50
2011.04.20 07:48:26.438,0.87754,0.87773,1.50,1.50
2011.04.20 07:48:26.555,0.87754,0.87773,1.88,1.50
2011.04.20 07:48:28.244,0.87757,0.87775,2.58,1.50
2011.04.20 07:48:28.359,0.87755,0.87772,1.08,1.73
2011.04.20 07:48:28.585,0.87749,0.87769,5.36,1.13
2011.04.20 07:48:28.696,0.87749,0.87769,1.83,1.13
2011.04.20 07:48:30.285,0.87749,0.87767,1.08,1.13
2011.04.20 07:48:31.058,0.8775,0.87766,3.86,1.13
2011.04.20 07:48:35.886,0.87748,0.87766,5.36,1.13
2011.04.20 07:48:36.514,0.87748,0.87766,5.36,1.13
2011.04.20 07:48:41.946,0.87748,0.87767,4.61,1.13
2011.04.20 07:48:45.486,0.87748,0.87767,4.61,1.13
2011.04.20 07:48:48.615,0.87749,0.87767,3.86,1.13
2011.04.20 07:48:49.657,0.87757,0.87774,1.68,1.13
2011.04.20 07:48:49.768,0.87758,0.87777,1.50,1.88
2011.04.20 07:48:50.002,0.87758,0.87779,2.96,3.60
2011.04.20 07:48:50.229,0.87761,0.87779,1.08,1.50
2011.04.20 07:48:50.568,0.87766,0.87782,1.88,2.10
2011.04.20 07:48:50.685,0.87766,0.87786,1.13,1.50
2011.04.20 07:48:50.796,0.87766,0.87787,3.56,5.63
2011.04.20 07:48:51.015,0.87766,0.87783,3.56,1.50
2011.04.20 07:48:51.564,0.87767,0.87783,1.08,1.50
2011.04.20 07:48:51.895,0.87768,0.87783,1.50,1.50
2011.04.20 07:48:53.428,0.8777,0.87783,1.50,1.50
2011.04.20 07:48:53.541,0.8777,0.87787,1.50,1.35
2011.04.20 07:48:54.058,0.87769,0.87787,1.08,1.35
2011.04.20 07:48:57.515,0.87769,0.87787,1.08,1.35
2011.04.20 07:48:58.064,0.87768,0.87787,1.08,1.35
2011.04.20 07:48:58.641,0.87765,0.87784,1.83,1.50
2011.04.20 07:48:58.975,0.87765,0.87782,1.08,3.60
2011.04.20 07:48:59.195,0.87762,0.87782,1.08,4.35
2011.04.20 07:49:00.359,0.87762,0.87782,1.08,4.35
2011.04.20 07:49:02.002,0.87762,0.87782,1.68,1.50
2011.04.20 07:49:03.776,0.87762,0.87781,1.08,1.50
2011.04.20 07:49:03.886,0.87762,0.87781,1.08,1.50
2011.04.20 07:49:04.106,0.87762,0.87782,1.08,1.50
2011.04.20 07:49:05.175,0.87764,0.87782,1.68,1.50
2011.04.20 07:49:05.286,0.87765,0.87784,1.08,3.00
2011.04.20 07:49:05.837,0.87765,0.87783,1.08,1.35
2011.04.20 07:49:06.165,0.87763,0.87783,1.83,1.50
2011.04.20 07:49:06.275,0.87763,0.87783,1.08,1.50
2011.04.20 07:49:08.316,0.87762,0.87781,1.08,2.85
2011.04.20 07:49:09.194,0.87762,0.87781,1.08,2.85
2011.04.20 07:49:09.634,0.87758,0.87778,2.06,1.50
2011.04.20 07:49:11.615,0.87758,0.87779,2.06,2.25
2011.04.20 07:49:12.277,0.87758,0.87778,2.06,1.50
2011.04.20 07:49:17.392,0.87759,0.87778,1.08,1.50
2011.04.20 07:49:18.287,0.87759,0.87778,1.08,1.50
2011.04.20 07:49:19.838,0.87761,0.87779,1.08,1.50
2011.04.20 07:49:20.384,0.87764,0.87779,1.50,1.50
2011.04.20 07:49:21.023,0.87764,0.87779,1.50,1.50
2011.04.20 07:49:21.576,0.87764,0.8778,1.50,1.50
2011.04.20 07:49:22.146,0.87764,0.8778,1.50,1.50
2011.04.20 07:49:22.916,0.87764,0.8778,1.50,1.50
2011.04.20 07:49:28.265,0.87761,0.8778,1.08,1.50
2011.04.20 07:49:28.377,0.87761,0.87777,1.08,1.50
2011.04.20 07:49:28.487,0.87759,0.87775,1.08,1.50
2011.04.20 07:49:28.926,0.87761,0.87779,2.21,1.50
2011.04.20 07:49:29.036,0.87762,0.87781,1.08,1.50
2011.04.20 07:49:29.585,0.8776,0.87783,3.33,5.78
2011.04.20 07:49:30.439,0.87759,0.8778,1.08,1.50
2011.04.20 07:49:30.557,0.87756,0.87776,1.73,1.50
2011.04.20 07:49:30.896,0.87761,0.8778,4.23,2.85
2011.04.20 07:49:31.007,0.87761,0.87781,4.61,2.25
2011.04.20 07:49:31.228,0.87766,0.87784,1.73,1.50
2011.04.20 07:49:31.447,0.87768,0.87787,2.06,1.50
2011.04.20 07:49:32.325,0.87768,0.87787,2.06,1.50
2011.04.20 07:49:32.985,0.87768,0.87787,1.31,2.25
2011.04.20 07:49:33.535,0.87772,0.8779,1.68,2.85
2011.04.20 07:49:33.755,0.87769,0.8779,1.08,3.60
2011.04.20 07:49:34.855,0.87766,0.87785,1.08,2.85
2011.04.20 07:49:35.090,0.87766,0.87783,1.08,1.73
2011.04.20 07:49:35.317,0.87763,0.8778,3.86,2.85
2011.04.20 07:49:35.428,0.87764,0.8778,1.73,2.85
2011.04.20 07:49:35.878,0.8776,0.87781,1.83,1.35
2011.04.20 07:49:35.996,0.8776,0.8778,5.36,1.50
2011.04.20 07:49:36.546,0.87763,0.8778,2.48,1.50
2011.04.20 07:49:36.655,0.87764,0.87782,1.08,1.50
2011.04.20 07:49:37.206,0.87764,0.87783,1.68,1.50
2011.04.20 07:49:38.326,0.87764,0.87783,2.06,1.50
2011.04.20 07:49:38.824,0.87766,0.87786,1.08,1.50
2011.04.20 07:49:38.935,0.87766,0.87786,1.08,1.50
2011.04.20 07:49:39.474,0.87766,0.87786,1.08,1.50
2011.04.20 07:49:40.026,0.87767,0.87786,1.08,2.85
2011.04.20 07:49:40.354,0.87767,0.87786,1.08,2.85
2011.04.20 07:49:42.686,0.8777,0.87788,1.35,3.60
2011.04.20 07:49:42.905,0.87772,0.8779,1.13,1.50
2011.04.20 07:49:43.344,0.87774,0.87793,1.50,4.28
2011.04.20 07:49:43.564,0.87775,0.87794,1.08,2.25
2011.04.20 07:49:50.237,0.87775,0.87793,1.08,1.13
2011.04.20 07:49:50.455,0.87772,0.87791,1.08,4.35
2011.04.20 07:49:50.785,0.87772,0.87789,1.08,2.85
2011.04.20 07:49:51.224,0.87772,0.87792,1.08,1.50
2011.04.20 07:49:55.677,0.87773,0.87792,2.06,1.50
2011.04.20 07:49:56.006,0.87774,0.87793,1.08,2.25
2011.04.20 07:49:56.115,0.87774,0.87794,4.61,1.50
2011.04.20 07:49:56.229,0.87776,0.87794,1.31,1.50
2011.04.20 07:49:56.348,0.87776,0.87794,5.58,1.50
2011.04.20 07:49:56.575,0.87778,0.87798,1.31,1.50
2011.04.20 07:49:56.796,0.87779,0.87799,1.35,2.25
2011.04.20 07:49:57.349,0.87782,0.87801,1.46,1.50
2011.04.20 07:49:57.796,0.87783,0.87803,2.81,2.25
2011.04.20 07:49:58.576,0.87786,0.87805,1.08,3.60
2011.04.20 07:49:59.154,0.87784,0.87804,5.21,2.85
2011.04.20 07:49:59.946,0.87783,0.87802,2.85,1.50
2011.04.20 07:50:00.165,0.87781,0.87802,1.83,3.60
2011.04.20 07:50:00.274,0.87781,0.87802,1.83,3.60
2011.04.20 07:50:00.715,0.87779,0.87798,1.13,1.50
2011.04.20 07:50:01.275,0.87779,0.87798,1.13,1.50
2011.04.20 07:50:03.295,0.87779,0.87798,1.13,1.50
2011.04.20 07:50:03.628,0.87777,0.87796,1.08,3.23
2011.04.20 07:50:03.966,0.87775,0.87787,1.08,2.10
2011.04.20 07:50:04.077,0.87771,0.87791,1.08,2.25
2011.04.20 07:50:06.716,0.8777,0.87791,1.68,2.25
2011.04.20 07:50:06.827,0.87771,0.87791,2.06,2.25
2011.04.20 07:50:07.155,0.87773,0.87792,1.46,1.50
2011.04.20 07:50:07.704,0.87773,0.87793,1.46,1.50
2011.04.20 07:50:10.009,0.87772,0.87793,1.46,1.50
2011.04.20 07:50:10.130,0.87772,0.87791,1.08,2.85
2011.04.20 07:50:13.695,0.87769,0.8779,2.81,3.60
2011.04.20 07:50:15.646,0.87771,0.8779,2.10,1.50
2011.04.20 07:50:15.867,0.87772,0.8779,1.50,1.50
2011.04.20 07:50:16.194,0.87772,0.87791,1.08,2.85
2011.04.20 07:50:16.745,0.87771,0.87791,3.18,2.85
2011.04.20 07:50:17.335,0.87773,0.87793,1.83,3.60
2011.04.20 07:50:27.395,0.87773,0.87793,1.83,1.50
2011.04.20 07:50:27.616,0.87773,0.87792,1.83,2.85
2011.04.20 07:50:28.754,0.87773,0.87793,2.58,3.60
2011.04.20 07:50:29.415,0.87773,0.87793,2.58,1.50
2011.04.20 07:50:32.724,0.87773,0.87793,1.83,3.60
2011.04.20 07:50:34.133,0.87777,0.87793,1.50,2.85
2011.04.20 07:50:34.685,0.87777,0.87797,1.50,1.35
2011.04.20 07:50:36.056,0.87777,0.87797,1.50,1.35
2011.04.20 07:50:37.844,0.87777,0.87797,1.50,1.35
2011.04.20 07:50:38.606,0.87777,0.87797,1.50,1.35
2011.04.20 07:50:39.155,0.87775,0.87795,1.83,1.50
2011.04.20 07:50:47.866,0.87777,0.87795,1.50,1.50
2011.04.20 07:50:48.418,0.87777,0.87795,1.50,1.50
2011.04.20 07:50:48.978,0.87777,0.87795,1.50,1.50
2011.04.20 07:50:51.666,0.87775,0.87795,1.08,1.50
2011.04.20 07:50:51.775,0.87774,0.87795,1.08,1.50
2011.04.20 07:50:52.687,0.87774,0.87792,1.08,1.13
2011.04.20 07:50:53.017,0.8777,0.87787,1.68,2.10
2011.04.20 07:50:53.125,0.8777,0.87787,2.43,2.10
2011.04.20 07:50:53.346,0.8777,0.87791,2.43,4.35
2011.04.20 07:50:53.895,0.87773,0.87791,4.61,2.85
2011.04.20 07:50:54.538,0.87774,0.87791,3.53,2.10
2011.04.20 07:50:54.659,0.87776,0.87796,2.43,2.85
2011.04.20 07:50:54.777,0.87777,0.87796,1.50,2.10
2011.04.20 07:50:54.995,0.8778,0.878,2.25,1.35
2011.04.20 07:50:55.986,0.87782,0.878,1.08,1.50
2011.04.20 07:50:56.314,0.87782,0.878,1.08,1.50
2011.04.20 07:50:57.007,0.8778,0.87798,1.08,1.50
2011.04.20 07:50:57.115,0.8778,0.87796,1.08,2.85
2011.04.20 07:50:57.226,0.87778,0.87796,1.08,2.85
2011.04.20 07:50:57.336,0.8778,0.87797,1.08,1.50
2011.04.20 07:50:57.446,0.87782,0.87799,1.50,1.35
2011.04.20 07:50:59.476,0.87782,0.87802,3.56,3.60
2011.04.20 07:50:59.697,0.87782,0.87803,3.23,3.00
2011.04.20 07:51:00.794,0.87783,0.87803,1.83,1.50
2011.04.20 07:51:01.945,0.87783,0.87802,1.83,1.13
2011.04.20 07:51:02.275,0.87778,0.87798,1.46,1.50
2011.04.20 07:51:02.387,0.87782,0.87799,1.50,1.50
2011.04.20 07:51:02.605,0.87778,0.87796,1.08,2.85
2011.04.20 07:51:04.876,0.87778,0.87796,1.46,2.85
2011.04.20 07:51:04.985,0.87779,0.87796,1.31,2.10
2011.04.20 07:51:05.096,0.87779,0.87799,1.31,2.25
2011.04.20 07:51:05.206,0.8778,0.87799,2.10,1.50
2011.04.20 07:51:05.754,0.87781,0.87801,1.08,2.25
2011.04.20 07:51:06.446,0.87781,0.87801,1.08,2.25
2011.04.20 07:51:06.775,0.87781,0.87801,1.08,2.25
2011.04.20 07:51:07.616,0.87781,0.87801,1.08,2.25
2011.04.20 07:51:12.405,0.8778,0.87798,1.68,1.50
2011.04.20 07:51:12.959,0.87778,0.87796,1.08,2.85
2011.04.20 07:51:16.665,0.87778,0.87796,1.08,2.85
2011.04.20 07:51:17.337,0.87778,0.87796,1.08,2.85
2011.04.20 07:51:18.646,0.87775,0.87796,2.43,2.85
2011.04.20 07:51:19.002,0.87775,0.87796,2.43,2.85
2011.04.20 07:51:20.704,0.87775,0.87796,2.43,2.85
2011.04.20 07:51:21.649,0.87776,0.87796,1.31,2.85
2011.04.20 07:51:21.985,0.87778,0.87797,1.13,1.50
2011.04.20 07:51:23.437,0.87776,0.87797,1.31,1.50
2011.04.20 07:51:24.204,0.87777,0.87797,1.46,1.50
2011.04.20 07:51:24.536,0.8778,0.87799,1.08,1.50
2011.04.20 07:51:24.975,0.87778,0.87797,5.03,1.50
2011.04.20 07:51:31.346,0.87776,0.87796,5.21,1.50
2011.04.20 07:51:37.636,0.87776,0.87797,1.68,1.50
2011.04.20 07:51:37.966,0.87779,0.87797,1.73,5.03
2011.04.20 07:51:38.405,0.8778,0.87799,1.31,5.03
2011.04.20 07:51:38.735,0.87783,0.87801,3.93,1.50
2011.04.20 07:51:39.175,0.87783,0.87805,4.31,4.35
2011.04.20 07:51:40.706,0.87785,0.87806,2.43,2.25
2011.04.20 07:51:41.254,0.87786,0.87806,1.68,1.50
2011.04.20 07:51:41.477,0.87785,0.87806,1.08,10.13
2011.04.20 07:51:41.983,0.87779,0.87797,1.83,2.10
2011.04.20 07:51:42.208,0.87778,0.87797,1.13,2.85
2011.04.20 07:51:42.436,0.87777,0.87796,1.08,1.50
2011.04.20 07:51:42.986,0.87777,0.87796,1.08,1.50
2011.04.20 07:51:45.985,0.87775,0.87796,2.43,2.25
2011.04.20 07:51:46.515,0.87775,0.87796,1.83,2.25
2011.04.20 07:51:47.175,0.87774,0.87796,1.08,2.25
2011.04.20 07:51:47.834,0.87773,0.87795,1.08,2.85
2011.04.20 07:51:48.054,0.87774,0.87795,1.08,2.85
2011.04.20 07:51:48.706,0.87774,0.87794,1.46,1.50
2011.04.20 07:51:49.287,0.87774,0.87794,1.46,2.25
2011.04.20 07:51:52.017,0.87776,0.87796,1.08,2.25
2011.04.20 07:51:52.357,0.87776,0.87796,1.08,4.35
2011.04.20 07:51:52.469,0.87776,0.87796,1.08,2.25
2011.04.20 07:51:53.024,0.87776,0.87796,1.08,2.25
2011.04.20 07:51:53.575,0.87776,0.87796,1.08,2.25
2011.04.20 07:51:54.558,0.87776,0.87796,1.46,3.00
2011.04.20 07:51:54.678,0.87776,0.87796,1.46,1.50
2011.04.20 07:51:55.226,0.87776,0.87796,1.08,2.25
2011.04.20 07:51:55.778,0.87779,0.87796,1.35,1.50
2011.04.20 07:51:57.357,0.87779,0.87797,1.88,1.50
2011.04.20 07:51:57.578,0.87782,0.878,1.50,2.25
2011.04.20 07:51:58.124,0.87781,0.878,2.21,1.50
2011.04.20 07:52:03.556,0.87781,0.87799,1.08,2.10
2011.04.20 07:52:04.136,0.87779,0.87799,1.08,2.10
2011.04.20 07:52:04.358,0.87781,0.878,1.46,2.25
2011.04.20 07:52:06.214,0.87782,0.878,1.50,1.50
2011.04.20 07:52:08.626,0.87783,0.87802,1.50,2.25
2011.04.20 07:52:08.737,0.87782,0.87802,2.10,2.25
2011.04.20 07:52:08.846,0.87782,0.87802,2.43,1.50
2011.04.20 07:52:09.196,0.87781,0.87802,2.06,3.60
2011.04.20 07:52:09.526,0.87776,0.87799,1.83,1.13
2011.04.20 07:52:09.857,0.87774,0.87797,1.68,1.50
2011.04.20 07:52:10.405,0.87775,0.87797,1.68,4.35
2011.04.20 07:52:10.736,0.87778,0.87797,1.35,1.50
2011.04.20 07:52:10.955,0.8778,0.87798,1.50,1.50
2011.04.20 07:52:12.845,0.8778,0.87798,1.50,1.50
2011.04.20 07:52:14.675,0.87781,0.87799,1.83,1.50
2011.04.20 07:52:15.224,0.87781,0.87799,1.83,1.50
2011.04.20 07:52:19.154,0.87781,0.87799,1.08,1.50
2011.04.20 07:52:19.815,0.87778,0.87799,2.43,3.60
2011.04.20 07:52:21.185,0.87778,0.87799,1.68,3.60
2011.04.20 07:52:21.407,0.87779,0.87799,1.68,3.60
2011.04.20 07:52:22.536,0.87782,0.87799,1.50,1.50
2011.04.20 07:52:24.144,0.87781,0.87799,1.08,1.50
2011.04.20 07:52:24.476,0.87777,0.87796,1.68,3.60
2011.04.20 07:52:25.123,0.87776,0.87796,1.08,3.60
2011.04.20 07:52:25.646,0.87776,0.87796,1.08,3.98
2011.04.20 07:52:28.586,0.87781,0.878,1.50,1.50
2011.04.20 07:52:30.945,0.8778,0.87802,2.20,2.25
2011.04.20 07:52:31.275,0.87782,0.87802,1.45,1.50
2011.04.20 07:52:31.880,0.87782,0.87802,1.45,1.50
2011.04.20 07:52:32.961,0.87782,0.87802,1.45,1.50
2011.04.20 07:52:33.415,0.87782,0.878,1.45,2.85
2011.04.20 07:52:35.435,0.87782,0.87802,1.45,1.50
2011.04.20 07:52:37.535,0.87782,0.87802,1.45,1.50
2011.04.20 07:52:38.745,0.87783,0.87802,1.08,3.00
2011.04.20 07:52:38.967,0.87784,0.87802,1.45,3.60
2011.04.20 07:52:39.076,0.87784,0.87801,1.45,2.85
2011.04.20 07:52:39.186,0.87784,0.87804,1.45,3.75
2011.04.20 07:52:39.517,0.87785,0.87801,1.45,2.85
2011.04.20 07:52:40.065,0.87786,0.87804,1.30,1.50
2011.04.20 07:52:40.625,0.87785,0.87804,1.45,1.50
2011.04.20 07:52:45.275,0.87786,0.87804,1.30,1.50
2011.04.20 07:52:45.495,0.87788,0.87806,1.50,2.25
2011.04.20 07:52:49.875,0.87788,0.87805,2.20,1.50
2011.04.20 07:52:50.426,0.87786,0.87808,2.05,6.53
2011.04.20 07:52:50.865,0.87787,0.87808,2.20,1.50
2011.04.20 07:52:51.325,0.87787,0.87808,1.45,1.50
2011.04.20 07:52:51.875,0.87786,0.87807,2.43,1.50
2011.04.20 07:52:52.425,0.87787,0.87807,1.45,2.85
2011.04.20 07:52:52.645,0.87787,0.87808,1.45,5.03
2011.04.20 07:52:52.756,0.87786,0.87808,2.05,5.78
2011.04.20 07:52:53.306,0.87788,0.87808,1.45,1.50
2011.04.20 07:52:53.816,0.87786,0.87808,2.80,1.50
2011.04.20 07:52:55.405,0.87786,0.87808,2.05,1.50
2011.04.20 07:52:55.736,0.87786,0.87804,1.30,1.50
2011.04.20 07:53:07.405,0.87786,0.87804,3.18,1.50
2011.04.20 07:53:07.516,0.87788,0.87807,1.45,3.98
2011.04.20 07:53:07.736,0.87788,0.87806,1.45,1.50
2011.04.20 07:53:08.136,0.87788,0.87807,1.45,1.88
2011.04.20 07:53:09.485,0.87788,0.87806,2.20,1.50
2011.04.20 07:53:09.817,0.8779,0.87807,1.88,1.50
2011.04.20 07:53:09.924,0.8779,0.87807,1.13,1.50
2011.04.20 07:53:12.557,0.8779,0.87806,1.13,1.50
2011.04.20 07:53:13.107,0.87791,0.87808,1.13,1.50
2011.04.20 07:53:13.655,0.8779,0.87808,1.73,1.50
2011.04.20 07:53:18.637,0.8779,0.8781,2.43,1.50
2011.04.20 07:53:18.748,0.8779,0.8781,7.45,1.50
2011.04.20 07:53:19.294,0.87795,0.8781,3.53,1.50
2011.04.20 07:53:19.877,0.87794,0.87812,1.73,1.50
2011.04.20 07:53:20.645,0.87794,0.87812,1.35,1.50
2011.04.20 07:53:21.237,0.87792,0.87812,4.53,1.50
2011.04.20 07:53:21.566,0.87792,0.87812,2.05,1.50
2011.04.20 07:53:22.258,0.87793,0.87809,1.73,1.50
2011.04.20 07:53:23.306,0.8779,0.87809,2.80,1.50
2011.04.20 07:53:23.526,0.87787,0.87808,1.45,1.50
2011.04.20 07:53:23.854,0.87786,0.87806,1.08,1.50
2011.04.20 07:53:26.015,0.87785,0.87806,5.58,1.50
2011.04.20 07:53:27.345,0.87785,0.87804,1.30,1.50
2011.04.20 07:53:30.865,0.87783,0.87802,1.45,2.85
2011.04.20 07:53:32.997,0.87783,0.87802,1.45,2.10
2011.04.20 07:53:33.663,0.87785,0.87804,1.45,1.50
2011.04.20 07:53:34.956,0.87785,0.87804,1.45,1.50
2011.04.20 07:53:36.177,0.87783,0.87802,2.20,2.85
2011.04.20 07:53:40.344,0.87781,0.87801,1.45,1.50
2011.04.20 07:53:40.985,0.87781,0.87801,1.45,1.50
2011.04.20 07:53:41.496,0.87782,0.87801,1.08,1.50
2011.04.20 07:53:42.045,0.87783,0.87801,2.20,1.50
2011.04.20 07:53:49.016,0.87781,0.87801,2.20,1.50
2011.04.20 07:53:49.237,0.87781,0.87796,1.45,1.50
2011.04.20 07:53:49.785,0.87781,0.87794,1.45,1.50
2011.04.20 07:53:57.477,0.87781,0.87797,2.05,2.85
2011.04.20 07:53:57.586,0.87782,0.87801,4.60,1.50
2011.04.20 07:53:58.488,0.87784,0.87802,4.13,1.50
2011.04.20 07:54:00.556,0.87784,0.87803,2.05,3.75
2011.04.20 07:54:01.105,0.87784,0.87803,1.30,2.25
2011.04.20 07:54:02.376,0.87786,0.87804,3.18,1.50
2011.04.20 07:54:02.706,0.87789,0.87808,1.30,1.50
2011.04.20 07:54:03.258,0.87791,0.87809,1.35,1.50
2011.04.20 07:54:03.887,0.87799,0.87813,1.30,1.50
2011.04.20 07:54:04.013,0.87798,0.87816,7.30,1.50
2011.04.20 07:54:04.126,0.87798,0.87819,7.30,1.50
2011.04.20 07:54:04.345,0.87798,0.87819,7.30,1.50
2011.04.20 07:54:06.746,0.878,0.87819,3.53,1.50
2011.04.20 07:54:06.856,0.87798,0.87819,6.33,1.50
2011.04.20 07:54:11.097,0.87798,0.87813,4.98,1.50
2011.04.20 07:54:11.316,0.87804,0.87819,3.08,1.50
2011.04.20 07:54:11.428,0.87804,0.87823,3.08,2.25
2011.04.20 07:54:12.640,0.87804,0.87823,4.15,2.25
2011.04.20 07:54:12.975,0.87804,0.87823,2.05,2.85
2011.04.20 07:54:13.415,0.87804,0.87823,2.05,2.85
2011.04.20 07:54:16.925,0.87804,0.87823,1.45,2.85
2011.04.20 07:54:17.256,0.87802,0.87818,1.45,1.35
2011.04.20 07:54:17.476,0.87797,0.87818,1.45,2.10
2011.04.20 07:54:18.182,0.87797,0.87816,2.95,1.50
2011.04.20 07:54:19.586,0.87797,0.87816,2.95,1.50
2011.04.20 07:54:20.156,0.878,0.87821,2.05,2.25
2011.04.20 07:54:20.266,0.87801,0.87821,1.08,2.25
2011.04.20 07:54:20.839,0.87803,0.87821,6.33,1.50
2011.04.20 07:54:20.956,0.87805,0.87823,1.68,1.50
2011.04.20 07:54:22.445,0.87805,0.87823,5.20,2.25
2011.04.20 07:54:23.996,0.87805,0.87823,5.58,1.50
2011.04.20 07:54:24.545,0.87807,0.87824,1.83,2.25
2011.04.20 07:54:25.352,0.87806,0.87823,2.05,2.25
2011.04.20 07:54:25.796,0.87806,0.87823,1.45,2.25
2011.04.20 07:54:26.345,0.87804,0.87823,1.45,2.25
2011.04.20 07:54:27.495,0.87804,0.87822,1.45,3.60
2011.04.20 07:54:27.825,0.87804,0.87822,1.45,3.60
2011.04.20 07:54:28.376,0.87804,0.87821,1.45,2.25
2011.04.20 07:54:28.485,0.87801,0.87821,1.45,2.25
2011.04.20 07:54:28.596,0.87801,0.8782,1.45,1.50
2011.04.20 07:54:29.039,0.87794,0.87815,1.45,2.48
2011.04.20 07:54:29.157,0.87794,0.87811,1.45,1.13
2011.04.20 07:54:29.267,0.87791,0.8781,2.20,1.35
2011.04.20 07:54:29.486,0.87788,0.87806,1.45,1.50
2011.04.20 07:54:29.815,0.87786,0.87807,1.30,1.50
2011.04.20 07:54:30.286,0.87787,0.87806,2.20,1.50
2011.04.20 07:54:32.566,0.87787,0.87806,2.20,2.25
2011.04.20 07:54:32.784,0.87787,0.87806,2.20,2.25
2011.04.20 07:54:33.007,0.8779,0.87806,1.35,2.25
2011.04.20 07:54:33.337,0.87792,0.87812,1.30,2.25
2011.04.20 07:54:33.665,0.87793,0.87812,1.45,1.50
2011.04.20 07:54:36.804,0.87793,0.87813,1.45,3.60
2011.04.20 07:54:39.826,0.87792,0.8781,1.45,2.10
2011.04.20 07:54:39.936,0.87791,0.8781,1.45,4.20
2011.04.20 07:54:40.157,0.87788,0.8781,1.45,5.33
2011.04.20 07:54:40.265,0.87786,0.8781,2.20,5.33
2011.04.20 07:54:40.857,0.87787,0.87806,2.20,1.50
2011.04.20 07:54:41.408,0.87788,0.87806,1.50,1.50
2011.04.20 07:54:41.629,0.87792,0.87812,1.83,1.50
2011.04.20 07:54:41.748,0.87792,0.87812,1.83,1.13
2011.04.20 07:54:42.080,0.87794,0.87811,2.05,2.10
2011.04.20 07:54:42.685,0.87795,0.87815,2.20,2.25
2011.04.20 07:54:43.256,0.87795,0.87813,2.20,1.50
2011.04.20 07:54:50.375,0.87797,0.87813,1.13,1.50
2011.04.20 07:54:50.706,0.87804,0.87813,1.50,1.50
2011.04.20 07:54:50.924,0.87799,0.87813,1.50,1.50
2011.04.20 07:54:51.411,0.87795,0.87813,4.98,1.50
2011.04.20 07:54:52.986,0.87795,0.87812,1.45,1.73
2011.04.20 07:54:53.317,0.87792,0.87808,1.45,1.50
2011.04.20 07:54:53.538,0.8779,0.87804,7.08,1.50
2011.04.20 07:54:53.646,0.8779,0.87809,7.45,2.85
2011.04.20 07:54:53.756,0.87791,0.87804,4.23,1.50
2011.04.20 07:54:55.946,0.878,0.8782,1.83,2.25
2011.04.20 07:54:56.494,0.878,0.8782,1.83,1.50
2011.04.20 07:54:56.824,0.87801,0.87822,1.45,1.50
2011.04.20 07:54:59.546,0.87801,0.87822,1.45,1.50
2011.04.20 07:55:00.096,0.87803,0.87821,4.60,2.85
2011.04.20 07:55:00.426,0.87807,0.87826,3.90,1.50
2011.04.20 07:55:00.535,0.87807,0.87826,3.90,1.50
2011.04.20 07:55:00.975,0.87807,0.87829,5.35,2.25
2011.04.20 07:55:01.626,0.87806,0.87825,2.25,2.63
2011.04.20 07:55:01.742,0.87804,0.87822,3.53,2.85
2011.04.20 07:55:02.075,0.87801,0.87819,1.45,1.50
2011.04.20 07:55:02.625,0.87799,0.8782,1.45,1.50
2011.04.20 07:55:02.959,0.87798,0.87818,2.10,3.60
2011.04.20 07:55:03.286,0.87795,0.87814,2.20,1.13
2011.04.20 07:55:03.945,0.8779,0.87808,2.95,1.50
2011.04.20 07:55:04.167,0.8779,0.87809,1.50,1.13
2011.04.20 07:55:04.277,0.87792,0.87813,3.23,1.50
2011.04.20 07:55:04.387,0.87795,0.87814,1.45,2.25
2011.04.20 07:55:04.935,0.87794,0.87813,1.45,2.85
2011.04.20 07:55:06.017,0.87797,0.87813,1.50,2.25
2011.04.20 07:55:06.236,0.87797,0.87815,1.50,1.50
2011.04.20 07:55:06.565,0.87797,0.87813,1.50,1.50
2011.04.20 07:55:07.626,0.878,0.87813,1.73,1.50
2011.04.20 07:55:07.848,0.87803,0.8782,1.73,1.50
2011.04.20 07:55:08.395,0.87804,0.87822,1.13,1.50
2011.04.20 07:55:08.617,0.87803,0.87822,2.80,1.50
2011.04.20 07:55:09.277,0.87803,0.8782,1.35,1.50
2011.04.20 07:55:13.840,0.87797,0.87817,2.25,1.13
2011.04.20 07:55:13.959,0.87797,0.87814,1.50,1.35
2011.04.20 07:55:14.297,0.87786,0.87801,1.45,2.10
2011.04.20 07:55:14.626,0.8778,0.87799,2.20,1.50
2011.04.20 07:55:15.066,0.87778,0.878,1.83,1.50
2011.04.20 07:55:15.177,0.87777,0.87798,6.70,1.50
2011.04.20 07:55:16.206,0.87781,0.87798,1.35,1.50
2011.04.20 07:55:16.893,0.87783,0.87802,1.35,1.50
2011.04.20 07:55:17.013,0.87786,0.87803,1.83,2.25
2011.04.20 07:55:17.346,0.87786,0.87804,2.58,1.50
2011.04.20 07:55:19.116,0.87787,0.87804,1.35,3.00
2011.04.20 07:55:19.448,0.87789,0.87805,1.88,1.50
2011.04.20 07:55:20.556,0.87789,0.87804,1.50,1.50
2011.04.20 07:55:22.276,0.8779,0.87804,1.13,2.25
2011.04.20 07:55:22.610,0.87795,0.87809,1.50,1.50
2011.04.20 07:55:23.181,0.87797,0.87812,1.35,1.50
2011.04.20 07:55:23.738,0.87797,0.87812,1.35,1.50
2011.04.20 07:55:32.067,0.87799,0.87813,3.53,1.50
2011.04.20 07:55:34.506,0.87799,0.87815,3.53,2.25
2011.04.20 07:55:34.835,0.87802,0.87813,3.53,1.50
2011.04.20 07:55:35.386,0.87801,0.87813,3.53,1.50
2011.04.20 07:55:36.227,0.87803,0.87815,3.53,1.50
2011.04.20 07:55:38.095,0.87802,0.87815,3.53,2.25
2011.04.20 07:55:38.646,0.87802,0.87817,3.53,1.50
2011.04.20 07:55:38.758,0.87802,0.87817,3.53,1.50
2011.04.20 07:55:38.867,0.87805,0.87817,3.53,1.50
2011.04.20 07:55:40.538,0.87806,0.87817,4.13,1.50
2011.04.20 07:55:40.866,0.87811,0.87823,4.50,2.25
2011.04.20 07:55:41.196,0.87809,0.87828,1.73,1.50
2011.04.20 07:55:41.855,0.87809,0.87828,1.73,1.50
2011.04.20 07:55:42.428,0.87812,0.87831,1.13,1.50
2011.04.20 07:55:42.756,0.87811,0.87831,4.15,1.50
2011.04.20 07:55:43.965,0.87811,0.87831,2.05,1.50
2011.04.20 07:55:44.076,0.87811,0.87831,2.05,1.50
2011.04.20 07:55:44.626,0.8781,0.87831,1.83,1.50
2011.04.20 07:55:45.507,0.87806,0.87825,4.23,1.35
2011.04.20 07:55:46.055,0.87805,0.87823,1.45,1.50
2011.04.20 07:55:46.835,0.87805,0.87823,4.98,1.50
2011.04.20 07:55:46.947,0.87807,0.87824,1.13,3.00
2011.04.20 07:55:47.165,0.8781,0.87827,1.88,1.50
2011.04.20 07:55:47.498,0.87818,0.87831,1.73,1.50
2011.04.20 07:55:47.717,0.8782,0.87836,2.85,1.88
2011.04.20 07:55:48.382,0.87813,0.87832,1.45,1.50
2011.04.20 07:55:48.939,0.87812,0.87832,1.45,1.50
2011.04.20 07:55:49.275,0.87812,0.87831,1.45,1.50
2011.04.20 07:55:49.717,0.87814,0.87832,1.83,1.50
2011.04.20 07:55:49.827,0.87821,0.87834,2.10,1.50
2011.04.20 07:55:50.267,0.87821,0.87836,2.10,2.10
2011.04.20 07:55:50.378,0.87817,0.87836,1.50,2.10
2011.04.20 07:55:50.925,0.87815,0.87836,1.45,2.10
2011.04.20 07:55:51.475,0.87813,0.87833,1.45,1.50
2011.04.20 07:55:52.080,0.87813,0.87833,1.83,3.00
2011.04.20 07:55:52.195,0.87813,0.87833,2.43,1.50
2011.04.20 07:55:52.307,0.87813,0.87833,2.43,1.50
2011.04.20 07:55:55.075,0.87813,0.87833,3.55,3.00
2011.04.20 07:55:55.299,0.87813,0.87833,2.80,3.00
2011.04.20 07:55:55.421,0.87816,0.87833,2.10,3.00
2011.04.20 07:55:55.755,0.87816,0.87834,3.93,5.03
2011.04.20 07:55:56.305,0.87816,0.87834,3.18,6.53
2011.04.20 07:55:56.526,0.87815,0.87834,1.83,6.53
2011.04.20 07:55:56.855,0.87815,0.87834,1.45,6.53
2011.04.20 07:55:57.296,0.87814,0.87832,1.50,1.50
2011.04.20 07:55:57.405,0.87813,0.87832,1.35,1.50
2011.04.20 07:55:57.517,0.87814,0.87832,1.50,1.50
2011.04.20 07:55:58.130,0.87813,0.87832,1.50,1.50
2011.04.20 07:55:58.465,0.87814,0.87832,1.13,1.50
2011.04.20 07:55:59.755,0.87814,0.8783,1.88,1.35
2011.04.20 07:56:00.394,0.87812,0.8783,1.45,1.35
2011.04.20 07:56:00.619,0.87812,0.87831,1.50,1.50
2011.04.20 07:56:01.395,0.87812,0.87829,1.50,1.50
2011.04.20 07:56:01.507,0.87811,0.87829,1.45,1.50
2011.04.20 07:56:02.054,0.87808,0.87823,4.90,1.50
2011.04.20 07:56:02.608,0.87808,0.87823,4.53,1.50
2011.04.20 07:56:02.716,0.8781,0.87823,2.10,1.50
2011.04.20 07:56:02.936,0.87807,0.87825,4.23,1.50
2011.04.20 07:56:03.046,0.87806,0.87824,1.45,1.50
2011.04.20 07:56:03.377,0.87805,0.87823,1.45,3.00
2011.04.20 07:56:03.925,0.87803,0.87823,1.45,1.50
2011.04.20 07:56:04.786,0.87805,0.87823,1.08,1.50
2011.04.20 07:56:05.335,0.87807,0.87823,2.10,1.50
2011.04.20 07:56:06.115,0.87809,0.87823,2.10,1.50
2011.04.20 07:56:08.440,0.87807,0.87823,3.08,1.50
2011.04.20 07:56:08.885,0.87809,0.87827,1.30,1.50
2011.04.20 07:56:09.436,0.87809,0.87829,1.45,2.25
2011.04.20 07:56:09.987,0.87807,0.87826,1.45,2.85
2011.04.20 07:56:10.205,0.87805,0.87823,1.45,1.50
2011.04.20 07:56:11.746,0.87806,0.87823,2.43,1.50
2011.04.20 07:56:12.076,0.87809,0.87827,1.88,1.50
2011.04.20 07:56:12.408,0.87816,0.87831,1.13,1.50
2011.04.20 07:56:12.515,0.87816,0.87832,1.13,2.25
2011.04.20 07:56:12.848,0.87816,0.87832,1.88,1.50
2011.04.20 07:56:13.177,0.87815,0.87832,2.10,1.50
2011.04.20 07:56:13.286,0.87812,0.87832,3.23,1.50
2011.04.20 07:56:15.588,0.87811,0.87831,2.43,1.50
2011.04.20 07:56:16.249,0.87815,0.87833,2.80,2.25
2011.04.20 07:56:16.804,0.87815,0.87833,3.55,2.25
2011.04.20 07:56:17.355,0.87812,0.87832,2.05,2.25
2011.04.20 07:56:17.685,0.87812,0.87832,2.43,2.25
2011.04.20 07:56:18.125,0.87815,0.87834,2.48,1.50
2011.04.20 07:56:18.886,0.87813,0.87833,2.80,3.00
2011.04.20 07:56:19.438,0.87814,0.87833,1.45,1.50
2011.04.20 07:56:19.768,0.87816,0.87833,2.10,1.50
2011.04.20 07:56:20.097,0.87817,0.87833,1.35,1.50
2011.04.20 07:56:20.206,0.87816,0.87833,4.20,1.50
2011.04.20 07:56:20.318,0.87819,0.87836,2.48,1.50
2011.04.20 07:56:20.865,0.87819,0.87837,1.13,2.25
2011.04.20 07:56:21.489,0.87819,0.87834,1.13,1.50
2011.04.20 07:56:22.620,0.87817,0.87834,2.10,1.50
2011.04.20 07:56:22.738,0.87817,0.87834,1.35,1.50
2011.04.20 07:56:22.956,0.87818,0.87834,1.13,1.50
2011.04.20 07:56:23.066,0.87818,0.87837,1.13,1.50
2011.04.20 07:56:23.285,0.87818,0.87834,1.13,1.50
2011.04.20 07:56:23.897,0.87816,0.87834,2.05,1.50
2011.04.20 07:56:24.446,0.87815,0.87836,1.45,2.25
2011.04.20 07:56:24.556,0.87815,0.87833,1.45,1.50
2011.04.20 07:56:25.106,0.87816,0.87833,1.13,2.25
2011.04.20 07:56:26.026,0.87816,0.87833,1.13,2.25
2011.04.20 07:56:28.665,0.87814,0.87833,2.05,2.25
2011.04.20 07:56:29.215,0.87814,0.87833,2.80,1.50
2011.04.20 07:56:29.586,0.87813,0.87832,1.45,1.50
2011.04.20 07:56:33.906,0.87811,0.87829,2.20,1.50
2011.04.20 07:56:34.017,0.8781,0.87829,1.30,1.50
2011.04.20 07:56:36.526,0.87809,0.87828,1.45,1.88
2011.04.20 07:56:37.186,0.87807,0.87824,1.45,1.50
2011.04.20 07:56:37.295,0.87807,0.87824,1.45,1.50
2011.04.20 07:56:43.627,0.87805,0.87824,1.45,3.00
2011.04.20 07:56:44.175,0.87805,0.87824,1.45,3.00
2011.04.20 07:56:46.976,0.87804,0.87822,1.45,3.23
2011.04.20 07:56:47.635,0.87804,0.87823,1.45,3.60
2011.04.20 07:56:48.185,0.87804,0.87823,1.45,2.85
2011.04.20 07:56:49.265,0.87804,0.87823,2.58,2.25
2011.04.20 07:56:49.926,0.87806,0.87823,1.30,2.25
2011.04.20 07:56:50.145,0.87809,0.87824,2.10,2.25
2011.04.20 07:56:50.476,0.87806,0.87824,2.20,1.50
2011.04.20 07:56:50.695,0.87805,0.87826,1.45,2.85
2011.04.20 07:56:51.137,0.87804,0.87823,2.20,2.25
2011.04.20 07:56:52.620,0.87801,0.87821,2.20,2.25
2011.04.20 07:56:52.846,0.87801,0.8782,1.45,1.50
2011.04.20 07:56:53.176,0.878,0.87822,2.20,5.48
2011.04.20 07:56:59.078,0.878,0.87821,2.20,1.50
2011.04.20 07:57:04.616,0.878,0.87821,1.45,3.00
2011.04.20 07:57:04.945,0.878,0.87818,1.45,1.50
2011.04.20 07:57:05.855,0.87798,0.87818,2.05,2.25
2011.04.20 07:57:05.965,0.87798,0.87818,1.30,2.25
2011.04.20 07:57:06.076,0.87798,0.87818,1.30,1.50
2011.04.20 07:57:08.286,0.87797,0.87818,2.80,2.25
2011.04.20 07:57:08.836,0.87796,0.87818,3.70,3.00
2011.04.20 07:57:15.606,0.87798,0.87818,1.08,2.25
2011.04.20 07:57:15.720,0.878,0.87818,1.45,1.50
2011.04.20 07:57:16.276,0.878,0.87821,1.83,6.53
2011.04.20 07:57:16.925,0.878,0.8782,1.45,1.50
2011.04.20 07:57:17.629,0.878,0.87819,1.45,1.50
2011.04.20 07:57:18.146,0.878,0.87819,1.45,1.50
2011.04.20 07:57:18.918,0.87801,0.87821,1.45,1.50
2011.04.20 07:57:19.247,0.87804,0.87824,2.80,3.75
2011.04.20 07:57:20.757,0.87804,0.87824,2.80,3.75
2011.04.20 07:57:21.315,0.87803,0.87823,1.35,3.00
2011.04.20 07:57:22.746,0.87805,0.87822,1.50,1.50
2011.04.20 07:57:22.856,0.87805,0.87822,1.88,1.50
2011.04.20 07:57:23.077,0.87804,0.87823,1.35,1.50
2011.04.20 07:57:23.658,0.87802,0.87823,5.28,1.50
2011.04.20 07:57:24.755,0.87804,0.87824,2.05,3.00
2011.04.20 07:57:26.195,0.87804,0.87824,2.05,2.25
2011.04.20 07:57:37.626,0.87804,0.87822,1.23,5.78
2011.04.20 07:57:38.066,0.87804,0.87821,1.23,1.50
2011.04.20 07:57:38.288,0.878,0.87819,1.75,1.50
2011.04.20 07:57:38.835,0.878,0.8782,2.35,2.25
2011.04.20 07:57:42.937,0.87801,0.8782,1.35,1.50
2011.04.20 07:57:44.065,0.878,0.8782,4.45,1.50
2011.04.20 07:57:49.847,0.87803,0.8782,1.50,1.50
2011.04.20 07:57:50.179,0.87809,0.87828,3.23,2.25
2011.04.20 07:57:57.337,0.87808,0.87824,1.23,1.50
2011.04.20 07:57:58.237,0.87805,0.87824,3.63,1.50
2011.04.20 07:57:58.457,0.87805,0.87824,2.88,1.50
2011.04.20 07:57:59.007,0.87805,0.87825,1.38,2.85
2011.04.20 07:57:59.595,0.87804,0.87824,4.90,2.25
2011.04.20 07:58:03.597,0.87807,0.87824,1.98,1.50
2011.04.20 07:58:04.256,0.87809,0.87823,1.60,1.50
2011.04.20 07:58:05.028,0.87813,0.87823,1.13,1.50
2011.04.20 07:58:05.138,0.87813,0.87829,1.13,1.50
2011.04.20 07:58:05.247,0.87813,0.8783,1.13,1.50
2011.04.20 07:58:05.466,0.87813,0.87832,1.88,1.50
2011.04.20 07:58:06.906,0.87813,0.87831,1.88,1.50
2011.04.20 07:58:07.241,0.87815,0.87832,1.35,1.50
2011.04.20 07:58:10.516,0.87816,0.87833,1.13,2.25
2011.04.20 07:58:10.628,0.87816,0.87833,1.75,2.25
2011.04.20 07:58:12.277,0.87816,0.87833,1.38,2.48
2011.04.20 07:58:12.386,0.87816,0.87833,1.38,2.10
2011.04.20 07:58:12.497,0.87816,0.87829,1.38,2.10
2011.04.20 07:58:12.607,0.87816,0.87834,1.38,3.23
2011.04.20 07:58:12.827,0.87813,0.87831,1.38,2.85
2011.04.20 07:58:13.490,0.87816,0.87831,1.13,2.10
2011.04.20 07:58:13.716,0.87816,0.87834,1.73,1.50
2011.04.20 07:58:15.821,0.87815,0.87834,2.10,1.50
2011.04.20 07:58:15.939,0.87817,0.87834,2.10,1.50
2011.04.20 07:58:17.589,0.87817,0.87834,2.85,1.50
2011.04.20 07:58:19.466,0.87815,0.87834,1.35,1.50
2011.04.20 07:58:19.687,0.87814,0.87833,1.38,1.13
2011.04.20 07:58:19.907,0.87813,0.87831,2.88,2.10
2011.04.20 07:58:21.496,0.87814,0.87831,1.98,2.10
2011.04.20 07:58:21.607,0.87814,0.87833,1.98,2.25
2011.04.20 07:58:21.720,0.87818,0.87833,1.35,2.25
2011.04.20 07:58:22.500,0.87818,0.87836,1.50,1.50
2011.04.20 07:58:22.728,0.87821,0.87836,1.50,1.50
2011.04.20 07:58:22.948,0.87821,0.8784,1.50,1.50
2011.04.20 07:58:23.499,0.87821,0.8784,3.60,2.63
2011.04.20 07:58:23.732,0.87823,0.8784,2.48,2.25
2011.04.20 07:58:23.958,0.87823,0.87841,3.85,1.50
2011.04.20 07:58:24.396,0.87823,0.87843,3.85,1.50
2011.04.20 07:58:24.877,0.87827,0.87844,1.50,3.75
2011.04.20 07:58:25.576,0.87829,0.87849,2.13,3.60
2011.04.20 07:58:25.962,0.8783,0.87849,1.50,1.50
2011.04.20 07:58:26.518,0.8783,0.87849,1.50,1.50
2011.04.20 07:58:27.736,0.87829,0.87849,4.98,1.50
2011.04.20 07:58:28.177,0.87828,0.87847,1.50,1.50
2011.04.20 07:58:28.837,0.87827,0.87847,1.50,1.50
2011.04.20 07:58:32.009,0.87827,0.87843,1.50,2.25
2011.04.20 07:58:32.600,0.87827,0.87844,1.50,1.50
2011.04.20 07:58:32.717,0.87828,0.87846,1.50,1.50
2011.04.20 07:58:33.488,0.87825,0.87845,2.13,2.85
2011.04.20 07:58:34.036,0.87828,0.87846,1.50,1.50
2011.04.20 07:58:34.658,0.87827,0.87846,1.50,1.50
2011.04.20 07:58:34.768,0.87828,0.87846,1.50,1.50
2011.04.20 07:58:35.426,0.87827,0.87846,1.50,1.88
2011.04.20 07:58:35.866,0.8783,0.87846,3.53,1.50
2011.04.20 07:58:36.378,0.87829,0.87844,4.28,1.50
2011.04.20 07:58:39.288,0.87839,0.87846,3.53,1.50
2011.04.20 07:58:40.007,0.87838,0.87849,3.60,1.50
2011.04.20 07:58:40.112,0.87834,0.87853,1.38,2.25
2011.04.20 07:58:40.666,0.87833,0.87853,4.28,2.25
2011.04.20 07:58:40.776,0.87832,0.87853,1.50,2.25
2011.04.20 07:58:41.216,0.87832,0.87851,4.28,1.50
2011.04.20 07:58:43.020,0.87834,0.87851,1.50,1.50
2011.04.20 07:58:43.360,0.87833,0.87851,4.28,1.50
2011.04.20 07:58:43.696,0.87833,0.87851,3.53,2.25
2011.04.20 07:58:44.246,0.87832,0.87851,3.53,2.25
2011.04.20 07:58:44.795,0.8783,0.87851,6.63,1.50
2011.04.20 07:58:45.617,0.87829,0.87851,5.20,1.50
2011.04.20 07:58:45.730,0.87833,0.87851,3.53,2.10
2011.04.20 07:58:46.068,0.87833,0.87847,3.53,1.50
2011.04.20 07:58:46.399,0.87837,0.87849,3.53,1.50
2011.04.20 07:58:46.950,0.87836,0.87851,4.28,1.50
2011.04.20 07:58:47.506,0.87835,0.87851,4.28,1.50
2011.04.20 07:58:48.055,0.87835,0.87851,4.28,1.50
2011.04.20 07:58:49.490,0.87834,0.87851,1.50,1.50
2011.04.20 07:58:49.815,0.87834,0.87851,1.50,1.50
2011.04.20 07:58:50.365,0.87834,0.87851,1.50,1.50
2011.04.20 07:58:51.007,0.87837,0.87853,1.73,2.25
2011.04.20 07:58:51.227,0.87838,0.87854,3.45,1.50
2011.04.20 07:58:51.776,0.87838,0.87855,3.45,2.25
2011.04.20 07:58:52.547,0.87838,0.87854,2.10,1.50
2011.04.20 07:58:53.096,0.87838,0.87855,3.60,2.25
2011.04.20 07:58:53.537,0.87834,0.87855,2.85,2.25
2011.04.20 07:58:54.421,0.87835,0.87853,4.28,1.50
2011.04.20 07:58:57.407,0.87834,0.87852,5.03,1.73
2011.04.20 07:58:57.956,0.87834,0.87853,1.50,2.25
2011.04.20 07:59:00.987,0.87835,0.87853,4.28,2.25
2011.04.20 07:59:01.317,0.87832,0.87852,6.25,1.13
2011.04.20 07:59:03.707,0.87832,0.8785,3.53,1.50
2011.04.20 07:59:04.037,0.87828,0.87847,1.38,4.95
2011.04.20 07:59:04.147,0.87826,0.87845,1.50,1.88
2011.04.20 07:59:04.259,0.87825,0.87844,3.53,1.50
2011.04.20 07:59:04.478,0.87824,0.87842,4.90,2.85
2011.04.20 07:59:04.916,0.87826,0.87844,3.53,3.00
2011.04.20 07:59:05.247,0.87826,0.87843,3.53,2.25
2011.04.20 07:59:05.796,0.87827,0.87843,1.50,2.25
2011.04.20 07:59:06.477,0.87824,0.87843,4.15,2.25
2011.04.20 07:59:07.467,0.87823,0.87844,2.50,2.25
2011.04.20 07:59:08.017,0.87826,0.87844,8.25,1.50
2011.04.20 07:59:10.607,0.87826,0.87844,4.95,1.50
2011.04.20 07:59:10.829,0.87826,0.87844,9.98,1.50
2011.04.20 07:59:12.096,0.87828,0.87844,1.50,1.50
2011.04.20 07:59:12.579,0.8783,0.87847,2.85,1.50
2011.04.20 07:59:15.067,0.87829,0.87847,1.50,1.50
2011.04.20 07:59:15.177,0.87828,0.87847,2.10,1.50
2011.04.20 07:59:15.398,0.87826,0.87843,7.13,1.50
2011.04.20 07:59:15.728,0.87823,0.87842,2.13,1.50
2011.04.20 07:59:15.837,0.87821,0.8784,1.38,1.13
2011.04.20 07:59:16.057,0.8782,0.87839,4.15,1.88
2011.04.20 07:59:16.386,0.8782,0.87835,3.53,1.50
2011.04.20 07:59:16.497,0.87817,0.87834,1.50,1.50
2011.04.20 07:59:16.893,0.87817,0.87834,1.50,1.50
2011.04.20 07:59:17.566,0.87814,0.87834,1.98,2.85
2011.04.20 07:59:17.677,0.87814,0.87834,1.98,2.85
2011.04.20 07:59:18.226,0.87814,0.87834,1.98,2.25
2011.04.20 07:59:18.801,0.87818,0.87836,1.88,1.50
2011.04.20 07:59:18.916,0.87818,0.87836,1.88,1.50
2011.04.20 07:59:19.136,0.87817,0.87836,3.23,1.50
2011.04.20 07:59:19.578,0.87818,0.87837,3.23,1.50
2011.04.20 07:59:20.498,0.87825,0.8784,1.13,2.25
2011.04.20 07:59:20.719,0.87826,0.87841,1.35,1.50
2011.04.20 07:59:21.157,0.87821,0.8784,1.73,1.50
2011.04.20 07:59:21.542,0.87821,0.8784,1.73,2.25
2011.04.20 07:59:23.266,0.87819,0.87838,4.15,1.50
2011.04.20 07:59:25.498,0.87819,0.87838,4.15,1.50
2011.04.20 07:59:26.048,0.8782,0.87839,2.25,1.50
2011.04.20 07:59:26.268,0.87824,0.87843,4.15,3.00
2011.04.20 07:59:26.377,0.87825,0.87843,1.50,1.50
2011.04.20 07:59:27.021,0.87828,0.87846,4.28,3.23
2011.04.20 07:59:27.687,0.87828,0.87844,4.28,2.25
2011.04.20 07:59:28.079,0.8783,0.87844,1.50,2.25
2011.04.20 07:59:30.327,0.87831,0.87846,4.28,2.85
2011.04.20 07:59:30.657,0.87832,0.8785,4.28,1.50
2011.04.20 07:59:32.476,0.87837,0.87851,3.53,1.50
2011.04.20 07:59:32.586,0.87834,0.87851,3.53,1.50
2011.04.20 07:59:33.262,0.87834,0.87851,4.13,1.50
2011.04.20 07:59:33.816,0.87835,0.87853,1.23,3.00
2011.04.20 07:59:35.706,0.87835,0.87853,1.23,2.25
2011.04.20 07:59:36.727,0.87835,0.87853,1.60,3.00
2011.04.20 07:59:37.387,0.87835,0.87853,4.75,3.00
2011.04.20 07:59:37.937,0.87834,0.87852,3.90,3.00
2011.04.20 07:59:39.515,0.87832,0.87851,4.15,1.50
2011.04.20 07:59:44.098,0.87834,0.87853,4.15,3.75
2011.04.20 07:59:44.646,0.87835,0.87853,4.75,1.50
2011.04.20 07:59:44.977,0.87839,0.87856,5.25,1.50
2011.04.20 07:59:45.089,0.8784,0.8786,1.38,4.35
2011.04.20 07:59:45.199,0.87841,0.8786,4.28,3.60
2011.04.20 07:59:45.612,0.87842,0.87861,4.90,1.50
2011.04.20 07:59:45.730,0.87842,0.87862,8.43,2.85
2011.04.20 07:59:46.543,0.87844,0.87863,6.63,1.50
2011.04.20 07:59:47.096,0.87844,0.87863,3.10,1.50
2011.04.20 07:59:48.418,0.87847,0.87863,1.13,1.50
2011.04.20 07:59:48.528,0.87849,0.87865,2.35,1.50
2011.04.20 07:59:49.786,0.87849,0.87867,1.38,1.50
2011.04.20 07:59:49.897,0.87849,0.87867,1.38,1.13
2011.04.20 07:59:50.226,0.87846,0.87865,2.13,2.10
2011.04.20 07:59:50.776,0.87846,0.87864,2.13,2.25
2011.04.20 07:59:51.457,0.87849,0.87867,2.35,2.25
2011.04.20 07:59:52.287,0.8785,0.87867,1.35,1.50
2011.04.20 07:59:53.450,0.87849,0.87868,1.75,2.85
2011.04.20 07:59:53.571,0.87847,0.87867,2.13,1.50
2011.04.20 07:59:53.686,0.87847,0.87867,1.38,1.50
2011.04.20 07:59:54.466,0.87847,0.87867,1.75,1.50
2011.04.20 07:59:54.906,0.87847,0.87867,1.38,1.50
2011.04.20 07:59:55.897,0.87847,0.87867,1.75,1.50
2011.04.20 07:59:56.007,0.87847,0.87869,2.13,5.10
2011.04.20 07:59:56.338,0.87851,0.87868,1.35,1.50
2011.04.20 07:59:56.669,0.87856,0.87871,1.50,3.00
2011.04.20 07:59:58.038,0.87854,0.87875,3.85,1.50
2011.04.20 07:59:58.258,0.87854,0.87874,1.38,1.50
2011.04.20 07:59:58.371,0.87854,0.87869,1.38,1.35
2011.04.20 07:59:58.707,0.87847,0.87864,1.38,2.10
2011.04.20 07:59:59.256,0.87847,0.87865,2.13,2.85
