2011.05.03 20:00:00.256,0.87895,0.87913,1.70,1.50
2011.05.03 20:00:00.808,0.87894,0.87916,1.10,1.35
2011.05.03 20:00:01.028,0.87895,0.87916,1.85,1.35
2011.05.03 20:00:01.138,0.87895,0.87916,1.85,1.35
2011.05.03 20:00:01.248,0.87897,0.87917,1.35,1.50
2011.05.03 20:00:01.578,0.87894,0.8791,1.10,1.50
2011.05.03 20:00:01.688,0.87889,0.8791,2.45,1.50
2011.05.03 20:00:02.566,0.87889,0.8791,2.45,1.50
2011.05.03 20:00:02.786,0.87885,0.87906,1.85,1.50
2011.05.03 20:00:03.119,0.87884,0.87901,1.35,3.00
2011.05.03 20:00:03.632,0.87879,0.87896,1.85,1.50
2011.05.03 20:00:04.520,0.87879,0.87899,1.10,1.50
2011.05.03 20:00:05.128,0.8788,0.87901,1.10,1.50
2011.05.03 20:00:05.486,0.87882,0.87901,1.10,1.50
2011.05.03 20:00:05.928,0.87885,0.87906,1.35,2.25
2011.05.03 20:00:06.258,0.87884,0.87906,2.10,1.50
2011.05.03 20:00:06.477,0.87886,0.87906,1.35,1.50
2011.05.03 20:00:06.587,0.87883,0.87906,1.50,1.50
2011.05.03 20:00:06.697,0.87882,0.87906,1.10,1.50
2011.05.03 20:00:07.027,0.87882,0.87904,1.85,1.50
2011.05.03 20:00:07.463,0.87882,0.87902,1.10,1.50
2011.05.03 20:00:07.906,0.87882,0.87901,1.10,1.50
2011.05.03 20:00:09.635,0.87882,0.87901,1.10,1.50
2011.05.03 20:00:17.628,0.87882,0.87901,1.10,2.25
2011.05.03 20:00:17.958,0.87877,0.87899,1.10,1.50
2011.05.03 20:00:18.506,0.87877,0.87899,1.10,1.50
2011.05.03 20:00:18.727,0.87878,0.879,1.10,1.50
2011.05.03 20:00:18.947,0.87878,0.87901,1.10,1.50
2011.05.03 20:00:19.168,0.87878,0.879,1.10,1.50
2011.05.03 20:00:19.496,0.87878,0.87895,1.10,1.50
2011.05.03 20:00:19.826,0.87878,0.87897,1.10,1.50
2011.05.03 20:00:19.939,0.87878,0.87899,1.10,1.35
2011.05.03 20:00:20.268,0.87878,0.87901,1.10,1.50
2011.05.03 20:00:20.640,0.87878,0.879,1.10,1.50
2011.05.03 20:00:21.198,0.87878,0.87903,1.10,1.50
2011.05.03 20:00:21.307,0.87878,0.87904,1.10,1.50
2011.05.03 20:00:22.344,0.87876,0.87903,1.10,1.50
2011.05.03 20:00:22.677,0.87878,0.87897,1.10,1.35
2011.05.03 20:00:22.786,0.87878,0.879,1.10,2.85
2011.05.03 20:00:23.116,0.87875,0.87897,1.55,1.35
2011.05.03 20:00:23.227,0.87875,0.87897,1.10,2.10
2011.05.03 20:00:23.775,0.87875,0.87894,1.20,2.25
2011.05.03 20:00:24.316,0.87875,0.87894,1.20,3.00
2011.05.03 20:00:26.586,0.87875,0.87891,1.20,1.50
2011.05.03 20:00:27.236,0.87875,0.87893,1.20,1.50
2011.05.03 20:00:27.456,0.87875,0.87892,1.20,1.50
2011.05.03 20:00:28.117,0.87875,0.87893,1.20,1.50
2011.05.03 20:00:28.337,0.87875,0.87893,1.20,1.50
2011.05.03 20:00:28.776,0.87873,0.87893,1.85,1.50
2011.05.03 20:00:28.996,0.87873,0.87893,1.85,1.50
2011.05.03 20:00:29.328,0.87873,0.87895,1.85,1.50
2011.05.03 20:00:29.912,0.87873,0.87895,1.85,1.50
2011.05.03 20:00:32.806,0.87873,0.87897,2.60,3.60
2011.05.03 20:00:37.747,0.87873,0.87896,2.60,1.50
2011.05.03 20:00:38.352,0.87873,0.87897,2.60,3.60
2011.05.03 20:00:39.007,0.87873,0.87897,2.60,2.85
2011.05.03 20:00:39.346,0.87877,0.87897,1.35,2.25
2011.05.03 20:00:39.456,0.87877,0.87897,1.35,1.50
2011.05.03 20:00:46.957,0.87877,0.87899,2.10,2.25
2011.05.03 20:00:47.847,0.87877,0.87899,2.10,1.50
2011.05.03 20:00:47.958,0.87884,0.879,1.35,1.50
2011.05.03 20:00:48.179,0.87884,0.87903,1.35,2.25
2011.05.03 20:00:50.666,0.87884,0.87903,1.35,2.25
2011.05.03 20:00:50.887,0.87884,0.87905,1.35,2.25
2011.05.03 20:00:51.656,0.87884,0.87905,1.35,3.00
2011.05.03 20:00:54.286,0.87884,0.87903,1.35,1.13
2011.05.03 20:00:59.130,0.87884,0.87902,1.35,1.13
2011.05.03 20:00:59.248,0.87884,0.87902,1.35,2.25
2011.05.03 20:00:59.737,0.87884,0.87902,1.35,2.63
2011.05.03 20:01:00.998,0.87881,0.87901,2.85,3.00
2011.05.03 20:01:01.326,0.87875,0.87896,1.50,1.50
2011.05.03 20:01:04.158,0.87873,0.87891,1.35,1.50
2011.05.03 20:01:04.486,0.87873,0.87894,2.10,1.88
2011.05.03 20:01:04.818,0.87873,0.87891,1.35,1.50
2011.05.03 20:01:05.270,0.87869,0.87893,1.10,1.50
2011.05.03 20:01:05.825,0.87868,0.87892,1.35,1.88
2011.05.03 20:01:11.076,0.87868,0.87891,1.35,1.13
2011.05.03 20:01:11.626,0.87868,0.8789,1.35,1.50
2011.05.03 20:01:12.675,0.87868,0.87889,1.35,1.50
2011.05.03 20:01:15.527,0.87867,0.87886,1.35,1.50
2011.05.03 20:01:27.717,0.87862,0.87884,1.50,1.50
2011.05.03 20:01:28.296,0.87862,0.87882,1.50,1.50
2011.05.03 20:01:29.136,0.87861,0.87882,1.10,1.50
2011.05.03 20:01:30.746,0.87859,0.87881,1.50,2.25
2011.05.03 20:01:34.336,0.87859,0.87881,1.50,1.50
2011.05.03 20:01:34.666,0.87859,0.87881,1.50,2.25
2011.05.03 20:01:35.074,0.87859,0.87881,1.50,2.25
2011.05.03 20:01:36.467,0.87858,0.87879,1.35,1.50
2011.05.03 20:01:36.797,0.87855,0.87877,3.20,1.50
2011.05.03 20:01:37.728,0.87855,0.87876,1.10,1.50
2011.05.03 20:01:37.837,0.87854,0.87875,1.50,1.50
2011.05.03 20:01:38.166,0.87851,0.87871,1.35,3.00
2011.05.03 20:02:09.150,0.8785,0.8787,1.35,1.50
2011.05.03 20:02:09.266,0.87848,0.8787,3.20,1.50
2011.05.03 20:02:09.376,0.87851,0.8787,1.35,1.50
2011.05.03 20:02:14.515,0.87851,0.87871,1.35,1.50
2011.05.03 20:02:14.846,0.8785,0.8787,1.35,1.50
2011.05.03 20:02:15.789,0.87851,0.8787,1.35,1.50
2011.05.03 20:02:16.007,0.87851,0.87871,1.70,1.50
2011.05.03 20:02:16.447,0.87851,0.87874,1.70,1.50
2011.05.03 20:02:16.557,0.87852,0.87874,1.10,1.50
2011.05.03 20:02:16.666,0.87854,0.87874,1.50,1.50
2011.05.03 20:02:16.776,0.87855,0.87874,2.25,1.50
2011.05.03 20:02:17.497,0.87856,0.87874,1.50,1.50
2011.05.03 20:02:19.737,0.87858,0.87876,1.35,1.50
2011.05.03 20:02:20.246,0.87859,0.87878,1.35,2.25
2011.05.03 20:02:20.908,0.87859,0.87878,1.35,1.50
2011.05.03 20:02:21.238,0.87866,0.87885,1.35,1.50
2011.05.03 20:02:21.525,0.87866,0.87885,1.35,1.50
2011.05.03 20:02:22.207,0.87865,0.87882,1.35,1.50
2011.05.03 20:02:22.425,0.87865,0.87885,1.35,1.50
2011.05.03 20:02:24.266,0.87865,0.87883,1.35,1.50
2011.05.03 20:02:25.358,0.87866,0.87885,1.35,1.50
2011.05.03 20:02:25.577,0.87864,0.87885,1.35,2.25
2011.05.03 20:02:25.687,0.87864,0.87882,1.35,1.50
2011.05.03 20:02:28.107,0.87864,0.87884,1.35,1.50
2011.05.03 20:02:28.218,0.87863,0.87883,1.50,1.35
2011.05.03 20:02:28.329,0.87859,0.87881,1.35,2.25
2011.05.03 20:02:28.656,0.87858,0.87876,1.35,1.50
2011.05.03 20:02:28.988,0.87859,0.87878,1.35,1.50
2011.05.03 20:02:29.206,0.87859,0.87882,1.35,2.25
2011.05.03 20:02:32.688,0.87859,0.87881,1.35,1.50
2011.05.03 20:02:32.910,0.87859,0.87879,1.35,1.50
2011.05.03 20:02:33.246,0.87859,0.87878,1.35,1.50
2011.05.03 20:02:33.801,0.87859,0.87877,1.35,1.50
2011.05.03 20:02:40.949,0.87854,0.87876,1.70,1.50
2011.05.03 20:02:41.279,0.87853,0.87873,1.35,1.50
2011.05.03 20:02:42.319,0.87854,0.87873,1.35,1.50
2011.05.03 20:02:49.868,0.87854,0.87871,1.35,1.50
2011.05.03 20:02:50.198,0.87843,0.87865,1.35,1.50
2011.05.03 20:02:50.308,0.87844,0.87866,1.50,1.50
2011.05.03 20:02:50.417,0.87844,0.87867,1.50,2.10
2011.05.03 20:02:57.248,0.87843,0.87867,2.45,1.35
2011.05.03 20:02:58.326,0.87843,0.87867,1.70,2.10
2011.05.03 20:02:58.858,0.87843,0.87867,2.45,1.35
2011.05.03 20:02:59.406,0.87843,0.87867,3.20,2.10
2011.05.03 20:03:00.027,0.87851,0.87868,1.50,1.50
2011.05.03 20:03:00.136,0.87851,0.87871,1.50,2.25
2011.05.03 20:03:01.522,0.8785,0.8787,1.35,1.50
2011.05.03 20:03:01.752,0.8785,0.87869,1.35,1.13
2011.05.03 20:03:01.870,0.87848,0.87866,1.35,1.50
2011.05.03 20:03:02.207,0.8785,0.87867,1.35,1.50
2011.05.03 20:03:02.536,0.87844,0.87867,1.50,2.25
2011.05.03 20:03:03.747,0.87841,0.87864,1.10,1.50
2011.05.03 20:03:04.877,0.87839,0.87863,1.10,1.50
2011.05.03 20:03:05.209,0.87834,0.87855,2.10,1.50
2011.05.03 20:03:06.097,0.87834,0.87855,2.10,1.50
2011.05.03 20:03:06.428,0.87843,0.87858,2.10,2.25
2011.05.03 20:03:06.760,0.87859,0.87877,1.35,1.50
2011.05.03 20:03:06.880,0.87863,0.87881,1.50,1.50
2011.05.03 20:03:06.997,0.87863,0.87885,1.50,1.50
2011.05.03 20:03:07.107,0.87862,0.87886,1.10,1.50
2011.05.03 20:03:07.327,0.87864,0.87886,1.50,2.25
2011.05.03 20:03:07.985,0.87864,0.87887,1.50,1.50
2011.05.03 20:03:08.426,0.87865,0.87889,1.10,1.50
2011.05.03 20:03:11.225,0.87865,0.87889,1.10,1.50
2011.05.03 20:03:11.667,0.87869,0.87892,1.10,1.50
2011.05.03 20:03:11.997,0.87873,0.87896,1.10,1.50
2011.05.03 20:03:14.707,0.87873,0.87896,1.10,1.50
2011.05.03 20:03:15.266,0.87873,0.87896,1.10,2.25
2011.05.03 20:03:15.382,0.8787,0.87893,1.10,1.50
2011.05.03 20:03:15.883,0.8787,0.87893,1.10,2.25
2011.05.03 20:03:23.466,0.8787,0.87893,1.10,1.50
2011.05.03 20:03:23.576,0.8787,0.87894,1.10,1.50
2011.05.03 20:03:25.276,0.87871,0.87896,1.10,1.50
2011.05.03 20:03:31.739,0.87867,0.87891,1.10,1.50
2011.05.03 20:03:31.967,0.87865,0.87888,1.10,2.25
2011.05.03 20:03:32.629,0.87865,0.87887,1.10,1.50
2011.05.03 20:03:38.687,0.87864,0.87889,1.70,1.50
2011.05.03 20:03:39.794,0.87864,0.8789,1.70,2.25
2011.05.03 20:03:39.907,0.87864,0.87889,2.07,1.50
2011.05.03 20:03:40.457,0.87865,0.87886,1.10,1.50
2011.05.03 20:03:41.875,0.87865,0.87886,1.10,1.50
2011.05.03 20:03:42.207,0.87865,0.87886,1.85,1.50
2011.05.03 20:03:42.846,0.87868,0.87886,1.35,1.50
2011.05.03 20:03:44.297,0.87868,0.87888,1.35,1.50
2011.05.03 20:03:44.519,0.87869,0.87889,1.50,1.50
2011.05.03 20:03:44.627,0.87873,0.87894,1.50,2.25
2011.05.03 20:03:45.176,0.87873,0.87895,1.50,2.25
2011.05.03 20:03:59.576,0.87873,0.87894,1.50,1.50
2011.05.03 20:04:01.716,0.87871,0.87893,1.10,1.50
2011.05.03 20:04:02.939,0.87876,0.87893,1.35,1.50
2011.05.03 20:04:03.267,0.87876,0.87895,1.35,2.25
2011.05.03 20:04:03.838,0.87877,0.87895,1.35,2.25
2011.05.03 20:04:04.090,0.87875,0.87895,2.10,2.25
2011.05.03 20:04:13.044,0.87877,0.87895,1.35,3.00
2011.05.03 20:04:13.166,0.87873,0.87893,1.50,1.50
2011.05.03 20:04:13.277,0.87873,0.87887,1.50,1.50
2011.05.03 20:04:13.389,0.87869,0.87886,3.20,1.50
2011.05.03 20:04:25.540,0.87867,0.87887,1.35,2.25
2011.05.03 20:04:25.988,0.87865,0.87882,1.10,1.50
2011.05.03 20:04:26.098,0.87864,0.87878,1.10,1.50
2011.05.03 20:04:26.317,0.87861,0.87877,1.35,1.50
2011.05.03 20:04:26.866,0.87859,0.87877,1.35,1.50
2011.05.03 20:04:30.319,0.87861,0.87877,1.35,1.50
2011.05.03 20:04:30.867,0.87861,0.8788,1.35,1.50
2011.05.03 20:04:32.598,0.87861,0.87881,1.35,1.50
2011.05.03 20:04:41.478,0.87863,0.87883,1.50,1.50
2011.05.03 20:04:46.614,0.87861,0.87881,1.35,3.00
2011.05.03 20:04:50.855,0.87861,0.87881,1.35,2.25
2011.05.03 20:04:51.187,0.87861,0.87879,1.35,1.50
2011.05.03 20:04:51.296,0.87861,0.87881,1.35,1.50
2011.05.03 20:04:51.646,0.87861,0.87881,1.35,1.50
2011.05.03 20:04:51.760,0.87857,0.87873,1.10,1.50
2011.05.03 20:04:52.426,0.87851,0.87873,1.70,1.50
2011.05.03 20:04:53.887,0.87851,0.87873,1.70,1.50
2011.05.03 20:04:54.218,0.8786,0.87878,1.35,1.50
2011.05.03 20:04:54.326,0.8786,0.87879,1.35,1.50
2011.05.03 20:04:54.988,0.87859,0.87878,1.35,1.50
2011.05.03 20:04:59.879,0.87858,0.87876,1.35,1.50
2011.05.03 20:05:00.748,0.87855,0.87876,1.10,1.50
2011.05.03 20:05:00.967,0.87855,0.87877,1.10,1.35
2011.05.03 20:05:04.049,0.87855,0.87877,1.10,1.50
2011.05.03 20:05:06.946,0.87855,0.87879,1.10,1.50
2011.05.03 20:05:07.546,0.87855,0.87877,1.10,1.50
2011.05.03 20:05:08.116,0.87855,0.87879,1.10,1.50
2011.05.03 20:05:08.665,0.87855,0.87877,1.10,1.50
2011.05.03 20:05:10.896,0.87855,0.87878,1.10,1.50
2011.05.03 20:05:11.477,0.87855,0.87877,1.10,1.50
2011.05.03 20:05:14.165,0.87855,0.87876,1.10,1.50
2011.05.03 20:05:14.606,0.87855,0.87877,1.10,1.50
2011.05.03 20:05:14.936,0.87855,0.87876,1.10,1.50
2011.05.03 20:05:15.606,0.87855,0.87877,1.10,1.50
2011.05.03 20:05:15.936,0.87855,0.87877,1.10,2.25
2011.05.03 20:05:16.266,0.87855,0.87878,1.10,1.50
2011.05.03 20:05:16.949,0.87855,0.87879,1.10,1.50
2011.05.03 20:05:20.092,0.87855,0.87878,1.10,1.50
2011.05.03 20:05:20.645,0.87855,0.87879,1.10,1.50
2011.05.03 20:05:21.774,0.87855,0.87877,1.10,1.50
2011.05.03 20:05:22.886,0.87855,0.87877,1.10,2.25
2011.05.03 20:05:25.045,0.87855,0.87877,1.10,1.50
2011.05.03 20:05:25.724,0.87855,0.87877,1.10,1.50
2011.05.03 20:05:26.056,0.87855,0.87877,1.10,1.50
2011.05.03 20:05:26.408,0.87855,0.87877,1.10,1.50
2011.05.03 20:05:26.847,0.87861,0.8788,1.50,1.50
2011.05.03 20:05:27.176,0.87867,0.87889,1.35,1.50
2011.05.03 20:05:27.506,0.87869,0.87889,1.50,1.50
2011.05.03 20:05:27.839,0.87869,0.87891,2.25,1.50
2011.05.03 20:05:28.166,0.87871,0.87893,1.50,2.25
2011.05.03 20:05:28.385,0.87871,0.87893,1.50,2.25
2011.05.03 20:05:29.366,0.87871,0.87893,1.50,2.25
2011.05.03 20:05:31.826,0.87871,0.87893,1.50,1.50
2011.05.03 20:05:32.406,0.87871,0.87893,1.50,1.50
2011.05.03 20:05:32.847,0.87872,0.87895,1.10,1.50
2011.05.03 20:05:32.958,0.87879,0.87897,1.35,2.25
2011.05.03 20:05:33.477,0.87881,0.87897,1.35,1.50
2011.05.03 20:05:34.037,0.8788,0.87897,1.35,1.50
2011.05.03 20:05:35.116,0.87881,0.87898,1.35,1.50
2011.05.03 20:05:36.538,0.87881,0.87901,1.35,2.25
2011.05.03 20:05:36.866,0.87885,0.87905,1.35,2.25
2011.05.03 20:05:37.726,0.87885,0.87901,1.35,1.50
2011.05.03 20:05:40.008,0.87882,0.87901,1.10,2.25
2011.05.03 20:05:40.119,0.87879,0.87899,1.35,1.50
2011.05.03 20:05:40.337,0.87876,0.87892,2.10,1.50
2011.05.03 20:05:40.668,0.87873,0.87894,1.35,1.50
2011.05.03 20:05:40.996,0.87873,0.87892,1.35,1.50
2011.05.03 20:05:43.957,0.87873,0.87892,1.35,2.25
2011.05.03 20:05:44.179,0.87873,0.87892,1.35,1.50
2011.05.03 20:05:45.047,0.87875,0.87896,1.50,1.50
2011.05.03 20:05:46.256,0.87871,0.87895,1.10,1.50
2011.05.03 20:05:46.917,0.87873,0.87896,1.10,1.50
2011.05.03 20:05:47.247,0.87875,0.87897,1.13,1.50
2011.05.03 20:05:47.359,0.87882,0.87902,1.50,1.50
2011.05.03 20:05:47.577,0.8788,0.87906,2.22,1.50
2011.05.03 20:05:47.688,0.87886,0.87908,1.10,1.50
2011.05.03 20:05:47.908,0.87886,0.87912,1.10,1.50
2011.05.03 20:05:48.457,0.8789,0.87914,1.10,1.50
2011.05.03 20:05:48.787,0.87893,0.87916,1.10,1.50
2011.05.03 20:05:49.336,0.87893,0.87916,1.10,1.50
2011.05.03 20:05:49.601,0.87893,0.87916,1.10,1.50
2011.05.03 20:05:56.517,0.87893,0.87916,1.10,1.50
2011.05.03 20:05:58.856,0.87893,0.87916,1.85,1.50
2011.05.03 20:05:58.966,0.87893,0.87911,1.10,1.50
2011.05.03 20:05:59.296,0.87893,0.87911,1.10,1.50
2011.05.03 20:05:59.900,0.87894,0.87916,1.50,2.25
2011.05.03 20:06:00.346,0.87894,0.87915,1.50,1.50
2011.05.03 20:06:00.456,0.87893,0.87917,1.10,3.00
2011.05.03 20:06:04.671,0.87893,0.87917,1.10,3.00
2011.05.03 20:06:05.529,0.87893,0.87917,1.10,1.50
2011.05.03 20:06:05.967,0.87897,0.87918,1.10,2.25
2011.05.03 20:06:07.089,0.87897,0.87917,1.10,1.50
2011.05.03 20:06:07.417,0.87897,0.87919,1.10,2.25
2011.05.03 20:06:08.076,0.87897,0.8792,1.47,1.50
2011.05.03 20:06:08.518,0.87897,0.87919,1.47,1.50
2011.05.03 20:06:08.627,0.87897,0.87919,1.47,1.50
2011.05.03 20:06:09.230,0.87897,0.87919,1.47,1.50
2011.05.03 20:06:09.786,0.87897,0.87919,1.47,1.50
2011.05.03 20:06:13.653,0.87897,0.87919,1.47,2.25
2011.05.03 20:06:15.428,0.87897,0.87921,1.47,1.50
2011.05.03 20:06:16.366,0.87897,0.87921,1.47,1.50
2011.05.03 20:06:22.860,0.87903,0.87922,1.50,1.50
2011.05.03 20:06:23.188,0.87906,0.87924,1.13,1.50
2011.05.03 20:06:23.300,0.8791,0.87928,1.35,1.50
2011.05.03 20:06:23.418,0.8791,0.87933,1.35,1.50
2011.05.03 20:06:23.966,0.8791,0.87933,1.35,1.50
2011.05.03 20:06:26.891,0.8791,0.87933,1.35,1.50
2011.05.03 20:06:27.307,0.8791,0.87933,1.35,1.50
2011.05.03 20:06:27.637,0.8791,0.87927,1.35,1.50
2011.05.03 20:06:28.077,0.8791,0.87926,1.35,1.50
2011.05.03 20:06:28.186,0.8791,0.87934,1.35,3.00
2011.05.03 20:06:29.227,0.8791,0.87933,1.35,1.50
2011.05.03 20:06:30.666,0.87909,0.87933,1.70,1.50
2011.05.03 20:06:30.777,0.87909,0.87929,1.70,1.50
2011.05.03 20:06:31.106,0.8791,0.87927,1.35,1.50
2011.05.03 20:06:31.436,0.8791,0.87933,1.35,1.50
2011.05.03 20:06:32.138,0.87911,0.87935,1.10,1.50
2011.05.03 20:06:32.561,0.8791,0.87935,2.45,1.50
2011.05.03 20:06:32.897,0.8791,0.87926,2.45,1.50
2011.05.03 20:06:33.118,0.8791,0.87935,2.45,1.50
2011.05.03 20:06:33.228,0.87911,0.87936,1.10,2.85
2011.05.03 20:06:33.988,0.87911,0.87934,1.10,1.50
2011.05.03 20:06:34.096,0.87911,0.87934,1.10,1.50
2011.05.03 20:06:34.427,0.8791,0.87926,2.10,1.50
2011.05.03 20:06:35.308,0.8791,0.87927,1.35,1.50
2011.05.03 20:06:35.638,0.8791,0.87931,1.35,1.50
2011.05.03 20:06:35.747,0.8791,0.87933,1.35,1.50
2011.05.03 20:06:35.856,0.8791,0.87931,1.35,1.50
2011.05.03 20:06:37.519,0.87902,0.87923,1.13,1.35
2011.05.03 20:06:37.848,0.87906,0.87926,1.35,1.50
2011.05.03 20:06:39.690,0.87908,0.87927,1.50,1.50
2011.05.03 20:06:40.043,0.87908,0.87931,1.50,2.25
2011.05.03 20:06:40.898,0.87908,0.87932,1.50,2.10
2011.05.03 20:06:41.337,0.87906,0.8793,1.70,1.50
2011.05.03 20:06:41.557,0.87913,0.87932,1.50,2.85
2011.05.03 20:06:43.487,0.87917,0.87932,1.35,2.25
2011.05.03 20:06:43.599,0.87917,0.87935,1.35,1.50
2011.05.03 20:06:43.708,0.87918,0.87937,1.35,1.50
2011.05.03 20:06:44.256,0.87918,0.87939,1.35,1.50
2011.05.03 20:06:46.468,0.87918,0.87939,1.35,2.25
2011.05.03 20:06:46.686,0.87918,0.87939,1.35,1.50
2011.05.03 20:06:47.157,0.87918,0.87939,1.35,1.50
2011.05.03 20:06:47.460,0.87918,0.87941,1.35,2.25
2011.05.03 20:06:47.581,0.87926,0.87943,1.35,1.50
2011.05.03 20:06:47.700,0.87926,0.87946,1.35,1.50
2011.05.03 20:06:48.146,0.87926,0.87946,1.35,1.50
2011.05.03 20:06:54.927,0.87923,0.87945,2.10,1.50
2011.05.03 20:06:55.536,0.87924,0.87942,1.35,2.25
2011.05.03 20:07:00.849,0.87924,0.87942,1.35,1.50
2011.05.03 20:07:00.957,0.87926,0.87946,1.35,2.25
2011.05.03 20:07:05.607,0.87926,0.87946,1.35,2.25
2011.05.03 20:07:07.317,0.87926,0.87945,1.35,1.50
2011.05.03 20:07:13.591,0.87925,0.87945,1.35,1.50
2011.05.03 20:07:14.037,0.87925,0.87942,1.35,1.50
2011.05.03 20:07:14.366,0.87926,0.87944,1.35,1.50
2011.05.03 20:07:16.029,0.87923,0.87941,3.60,2.25
2011.05.03 20:07:18.248,0.87921,0.8794,1.10,1.50
2011.05.03 20:07:18.468,0.87918,0.87938,1.35,1.50
2011.05.03 20:07:18.796,0.87917,0.87935,1.70,1.50
2011.05.03 20:07:20.137,0.87917,0.87935,1.70,2.25
2011.05.03 20:07:20.359,0.87918,0.87937,1.35,2.25
2011.05.03 20:07:20.688,0.87919,0.8794,1.70,2.25
2011.05.03 20:07:31.366,0.87919,0.8794,1.70,1.50
2011.05.03 20:07:32.326,0.87919,0.8794,1.70,1.50
2011.05.03 20:07:44.757,0.87919,0.8794,1.70,1.50
2011.05.03 20:07:44.867,0.87923,0.87943,1.50,3.00
2011.05.03 20:07:49.542,0.87922,0.87942,1.50,1.50
2011.05.03 20:07:53.547,0.87921,0.87942,1.10,2.25
2011.05.03 20:07:54.117,0.87921,0.87941,1.10,1.50
2011.05.03 20:07:56.048,0.87929,0.87945,1.35,1.50
2011.05.03 20:07:56.158,0.87931,0.87946,1.35,1.50
2011.05.03 20:07:56.268,0.87933,0.87953,1.50,3.00
2011.05.03 20:07:56.376,0.87931,0.87952,1.35,2.25
2011.05.03 20:07:56.926,0.87931,0.87952,1.35,3.00
2011.05.03 20:08:00.856,0.87933,0.87952,1.50,1.50
2011.05.03 20:08:04.376,0.87931,0.87951,1.35,1.50
2011.05.03 20:08:21.226,0.87934,0.87952,1.50,1.50
2011.05.03 20:08:21.466,0.87931,0.87951,1.35,1.50
2011.05.03 20:08:30.178,0.87931,0.87949,1.35,1.50
2011.05.03 20:08:33.046,0.87931,0.87949,1.35,1.50
2011.05.03 20:08:33.559,0.87931,0.87952,1.35,1.50
2011.05.03 20:08:34.366,0.8793,0.87948,1.35,1.50
2011.05.03 20:08:41.647,0.87931,0.87952,2.10,1.50
2011.05.03 20:08:42.087,0.87931,0.87949,1.35,1.50
2011.05.03 20:08:42.507,0.87931,0.87952,2.10,1.50
2011.05.03 20:08:42.808,0.87931,0.87952,1.35,2.25
2011.05.03 20:08:43.027,0.87929,0.87952,1.35,2.25
2011.05.03 20:08:45.168,0.87928,0.87946,1.10,1.50
2011.05.03 20:08:45.388,0.87926,0.87946,1.10,1.50
2011.05.03 20:08:46.547,0.87924,0.87946,1.10,1.50
2011.05.03 20:08:48.689,0.87924,0.87947,1.10,2.10
2011.05.03 20:08:48.797,0.87924,0.87947,1.10,2.10
2011.05.03 20:08:49.238,0.87924,0.87947,1.10,2.10
2011.05.03 20:08:49.567,0.87924,0.87945,1.10,1.50
2011.05.03 20:08:52.437,0.87922,0.87944,1.70,1.50
2011.05.03 20:08:52.766,0.87922,0.87942,1.70,1.50
2011.05.03 20:08:58.276,0.8792,0.87942,3.20,1.50
2011.05.03 20:08:59.857,0.8792,0.87943,2.10,1.50
2011.05.03 20:09:00.518,0.87923,0.8794,1.35,1.50
2011.05.03 20:09:00.847,0.87923,0.87942,2.10,1.50
2011.05.03 20:09:02.316,0.87925,0.87942,2.10,2.25
2011.05.03 20:09:05.538,0.87923,0.87942,1.50,2.25
2011.05.03 20:09:05.777,0.87922,0.87939,1.35,1.50
2011.05.03 20:09:06.328,0.87918,0.87938,2.85,1.50
2011.05.03 20:09:06.770,0.87914,0.87932,1.70,1.50
2011.05.03 20:09:06.879,0.87914,0.87932,1.70,1.50
2011.05.03 20:09:07.097,0.87914,0.87933,1.35,2.25
2011.05.03 20:09:08.187,0.87913,0.87932,1.35,1.50
2011.05.03 20:09:10.406,0.87913,0.87932,1.35,1.50
2011.05.03 20:09:10.957,0.87912,0.87932,1.35,1.50
2011.05.03 20:09:11.507,0.87912,0.8793,1.35,1.50
2011.05.03 20:09:12.295,0.87912,0.87932,1.35,1.50
2011.05.03 20:09:21.219,0.87908,0.87926,1.10,1.50
2011.05.03 20:09:21.344,0.87904,0.87926,1.85,2.25
2011.05.03 20:09:21.464,0.87904,0.87921,1.10,1.50
2011.05.03 20:09:21.580,0.87901,0.87925,1.10,1.50
2011.05.03 20:09:22.029,0.87902,0.87924,1.10,1.50
2011.05.03 20:09:22.248,0.87897,0.87918,1.10,1.50
2011.05.03 20:09:22.796,0.87897,0.87918,1.10,1.50
2011.05.03 20:09:23.326,0.87897,0.87918,1.10,1.50
2011.05.03 20:09:23.436,0.87897,0.87917,1.10,1.50
2011.05.03 20:09:23.829,0.87897,0.87917,1.10,1.50
2011.05.03 20:09:24.272,0.87897,0.87916,1.10,1.50
2011.05.03 20:09:24.819,0.87896,0.87916,1.10,1.50
2011.05.03 20:09:25.039,0.879,0.87916,2.10,1.50
2011.05.03 20:09:25.149,0.87901,0.8792,1.35,1.50
2011.05.03 20:09:25.368,0.879,0.87917,2.10,2.25
2011.05.03 20:09:29.847,0.879,0.87916,2.10,1.50
2011.05.03 20:09:31.497,0.879,0.87917,2.10,1.50
2011.05.03 20:09:38.350,0.879,0.87916,2.10,1.50
2011.05.03 20:09:39.829,0.879,0.87918,2.85,2.25
2011.05.03 20:09:40.587,0.879,0.87918,2.10,2.25
2011.05.03 20:09:40.919,0.879,0.87917,2.10,1.50
2011.05.03 20:09:42.637,0.879,0.87917,2.10,2.25
2011.05.03 20:09:59.106,0.879,0.87916,2.10,1.50
2011.05.03 20:10:01.898,0.879,0.87917,2.10,1.50
2011.05.03 20:10:02.009,0.87903,0.87922,1.35,1.50
2011.05.03 20:10:02.117,0.879,0.87922,2.85,1.50
2011.05.03 20:10:02.229,0.87905,0.87924,2.10,1.50
2011.05.03 20:10:02.340,0.87907,0.87925,1.35,1.50
2011.05.03 20:10:02.557,0.87908,0.87931,1.35,1.50
2011.05.03 20:10:03.106,0.87907,0.87931,1.35,1.50
2011.05.03 20:10:03.437,0.87909,0.87926,1.70,1.50
2011.05.03 20:10:03.659,0.87912,0.87934,1.32,1.50
2011.05.03 20:10:03.769,0.87913,0.87934,1.70,1.50
2011.05.03 20:10:04.650,0.87912,0.87935,2.07,1.50
2011.05.03 20:10:06.491,0.87915,0.87935,1.35,2.25
2011.05.03 20:10:07.266,0.87914,0.87935,2.07,1.50
2011.05.03 20:10:08.947,0.87915,0.87935,1.35,1.50
2011.05.03 20:10:16.758,0.87914,0.87928,1.70,1.50
2011.05.03 20:10:17.638,0.8791,0.87928,1.70,1.50
2011.05.03 20:10:18.206,0.8791,0.87928,1.70,1.50
2011.05.03 20:10:23.117,0.8791,0.8793,1.70,1.50
2011.05.03 20:10:26.617,0.87911,0.87931,1.35,1.50
2011.05.03 20:10:27.276,0.87911,0.8793,1.35,1.50
2011.05.03 20:10:28.678,0.87911,0.87931,1.35,2.25
2011.05.03 20:10:36.823,0.87912,0.8793,1.35,1.50
2011.05.03 20:10:36.939,0.87911,0.8793,1.35,1.50
2011.05.03 20:10:40.248,0.87911,0.8793,1.35,1.50
2011.05.03 20:10:44.959,0.87919,0.87937,2.10,1.50
2011.05.03 20:10:45.067,0.87922,0.87941,1.35,1.50
2011.05.03 20:10:49.235,0.87922,0.8794,1.35,1.50
2011.05.03 20:10:49.458,0.87922,0.87939,1.35,1.50
2011.05.03 20:10:49.567,0.87922,0.8794,1.35,1.50
2011.05.03 20:10:52.208,0.8792,0.87939,1.35,1.50
2011.05.03 20:10:55.487,0.8792,0.87938,1.35,2.25
2011.05.03 20:10:56.773,0.87919,0.87938,2.10,1.50
2011.05.03 20:10:57.340,0.87919,0.87936,2.10,1.50
2011.05.03 20:10:59.499,0.87919,0.87936,2.10,1.50
2011.05.03 20:10:59.718,0.87915,0.87936,1.35,1.50
2011.05.03 20:10:59.829,0.87914,0.87935,1.70,1.50
2011.05.03 20:11:00.158,0.87908,0.87929,1.35,1.50
2011.05.03 20:11:00.269,0.87906,0.87929,1.70,2.25
2011.05.03 20:11:00.599,0.87905,0.87926,2.85,1.50
2011.05.03 20:11:01.147,0.87906,0.87925,1.35,1.50
2011.05.03 20:11:01.480,0.87908,0.87927,1.35,1.50
2011.05.03 20:11:01.588,0.87906,0.8793,1.13,2.25
2011.05.03 20:11:01.699,0.87911,0.87934,1.50,2.25
2011.05.03 20:11:02.028,0.87911,0.87933,1.50,1.50
2011.05.03 20:11:02.248,0.87914,0.87936,1.10,1.50
2011.05.03 20:11:02.730,0.87914,0.87938,1.10,2.25
2011.05.03 20:11:03.440,0.87914,0.87938,1.10,1.50
2011.05.03 20:11:04.566,0.87914,0.87938,1.10,2.25
2011.05.03 20:11:06.057,0.87914,0.87938,1.85,1.50
2011.05.03 20:11:06.168,0.87917,0.8794,1.10,1.50
2011.05.03 20:11:06.838,0.87917,0.87941,1.10,2.25
2011.05.03 20:11:11.178,0.87917,0.87941,1.10,2.25
2011.05.03 20:11:12.387,0.87917,0.87941,1.10,1.50
2011.05.03 20:11:18.938,0.87917,0.8794,1.10,1.50
2011.05.03 20:11:19.516,0.87917,0.87941,1.10,1.50
2011.05.03 20:11:26.127,0.87917,0.8794,1.10,1.50
2011.05.03 20:11:26.238,0.87923,0.87943,1.50,2.25
2011.05.03 20:11:30.768,0.87919,0.87944,1.50,1.50
2011.05.03 20:11:31.317,0.87923,0.87944,1.50,1.50
2011.05.03 20:11:33.209,0.87921,0.87946,1.10,2.25
2011.05.03 20:11:33.431,0.87923,0.87947,1.50,1.50
2011.05.03 20:11:33.986,0.87924,0.87947,1.85,1.50
2011.05.03 20:11:34.096,0.87929,0.87948,1.50,1.50
2011.05.03 20:11:35.009,0.87927,0.87947,1.10,1.50
2011.05.03 20:11:35.677,0.87929,0.87948,1.50,1.50
2011.05.03 20:11:36.453,0.87927,0.87947,1.10,1.50
2011.05.03 20:11:38.064,0.87928,0.87948,1.50,1.50
2011.05.03 20:11:45.548,0.87928,0.87948,1.50,1.50
2011.05.03 20:11:45.888,0.87926,0.87947,1.10,1.50
2011.05.03 20:11:46.328,0.87924,0.87944,2.45,1.50
2011.05.03 20:11:46.547,0.87924,0.87942,1.70,2.25
2011.05.03 20:11:47.778,0.87922,0.87941,1.70,1.50
2011.05.03 20:11:48.218,0.87923,0.87943,1.35,1.50
2011.05.03 20:11:50.147,0.87921,0.87939,2.10,1.50
2011.05.03 20:11:55.267,0.87923,0.87941,2.10,1.50
2011.05.03 20:11:55.818,0.87924,0.87944,1.35,1.50
2011.05.03 20:11:58.318,0.87923,0.87944,1.35,1.50
2011.05.03 20:12:01.467,0.87919,0.87941,1.85,1.73
2011.05.03 20:12:01.798,0.87914,0.87934,3.20,1.50
2011.05.03 20:12:02.017,0.87913,0.87934,1.10,1.50
2011.05.03 20:12:02.718,0.87913,0.87934,1.10,1.50
2011.05.03 20:12:03.390,0.87914,0.87935,1.10,1.50
2011.05.03 20:12:03.498,0.87914,0.87935,3.20,1.50
2011.05.03 20:12:03.608,0.87918,0.87936,1.35,2.25
2011.05.03 20:12:04.267,0.87916,0.87936,1.35,1.50
2011.05.03 20:12:13.169,0.87916,0.87936,1.35,2.25
2011.05.03 20:12:13.610,0.87914,0.87934,3.20,1.50
2011.05.03 20:12:13.729,0.87912,0.87934,1.10,1.50
2011.05.03 20:12:13.838,0.87912,0.87931,1.10,1.50
2011.05.03 20:12:14.167,0.87912,0.8793,1.10,1.50
2011.05.03 20:12:15.617,0.87912,0.87931,1.10,2.25
2011.05.03 20:12:15.947,0.87912,0.87936,1.10,1.50
2011.05.03 20:12:16.168,0.87912,0.87936,1.10,1.50
2011.05.03 20:12:16.608,0.87912,0.87931,1.10,1.50
2011.05.03 20:12:17.187,0.87915,0.87937,1.10,1.50
2011.05.03 20:12:21.089,0.87915,0.87939,1.10,1.50
2011.05.03 20:12:21.198,0.87922,0.87939,2.10,1.50
2011.05.03 20:12:21.418,0.87923,0.87942,1.35,1.50
2011.05.03 20:12:21.639,0.87923,0.87943,1.35,1.50
2011.05.03 20:12:25.817,0.87923,0.87942,1.35,1.50
2011.05.03 20:12:30.446,0.87923,0.87941,1.35,1.50
2011.05.03 20:12:31.347,0.87923,0.87943,2.10,3.00
2011.05.03 20:12:31.788,0.87922,0.87941,2.10,1.50
2011.05.03 20:12:32.827,0.87925,0.87945,1.35,2.25
2011.05.03 20:12:35.238,0.87924,0.87943,1.35,1.50
2011.05.03 20:12:35.788,0.87922,0.87943,2.10,1.50
2011.05.03 20:12:36.336,0.87922,0.87941,2.10,1.50
2011.05.03 20:12:36.667,0.87919,0.87941,1.10,1.50
2011.05.03 20:12:45.358,0.87919,0.87941,1.10,1.50
2011.05.03 20:12:46.089,0.87919,0.87942,1.10,1.50
2011.05.03 20:12:59.811,0.8792,0.87943,1.13,1.50
2011.05.03 20:13:00.147,0.87923,0.87948,1.10,1.50
2011.05.03 20:13:00.367,0.87923,0.87948,1.10,1.50
2011.05.03 20:13:00.937,0.87923,0.87948,1.10,1.50
2011.05.03 20:13:05.398,0.87926,0.87949,1.10,1.50
2011.05.03 20:13:05.947,0.87925,0.87952,1.10,2.25
2011.05.03 20:13:09.158,0.87925,0.87952,1.10,2.25
2011.05.03 20:13:09.490,0.87933,0.87956,1.10,1.50
2011.05.03 20:13:09.707,0.87934,0.87957,1.10,1.50
2011.05.03 20:13:13.307,0.87937,0.87959,1.10,1.50
2011.05.03 20:13:13.637,0.87937,0.87962,1.50,1.50
2011.05.03 20:13:13.966,0.87939,0.87963,1.10,1.50
2011.05.03 20:13:34.927,0.87939,0.87963,1.10,1.50
2011.05.03 20:13:45.487,0.87939,0.87964,1.10,1.50
2011.05.03 20:13:48.668,0.87942,0.87966,1.10,1.50
2011.05.03 20:13:48.781,0.87943,0.87967,1.50,1.50
2011.05.03 20:13:49.008,0.87942,0.87966,1.85,1.50
2011.05.03 20:13:49.228,0.87943,0.87967,1.50,1.50
2011.05.03 20:13:49.718,0.87943,0.87966,1.50,1.50
2011.05.03 20:13:55.606,0.87946,0.8797,1.85,2.25
2011.05.03 20:13:59.537,0.87946,0.87969,1.10,1.50
2011.05.03 20:14:00.327,0.87946,0.87968,1.10,1.50
2011.05.03 20:14:01.217,0.87946,0.8797,1.10,2.25
2011.05.03 20:14:16.277,0.87946,0.87968,1.10,1.50
2011.05.03 20:14:17.107,0.87946,0.87968,1.10,1.50
2011.05.03 20:14:17.747,0.87942,0.87966,1.10,2.25
2011.05.03 20:14:25.757,0.87942,0.87966,1.10,1.50
2011.05.03 20:14:26.088,0.87943,0.87967,1.50,1.50
2011.05.03 20:14:26.419,0.87949,0.87976,3.75,1.50
2011.05.03 20:14:31.157,0.87952,0.87975,1.10,1.50
2011.05.03 20:14:31.706,0.87952,0.87974,1.10,1.50
2011.05.03 20:14:33.309,0.87952,0.87973,1.10,1.13
2011.05.03 20:14:33.530,0.87944,0.87965,1.10,1.50
2011.05.03 20:14:33.639,0.87941,0.87963,1.50,1.50
2011.05.03 20:14:34.848,0.87939,0.87962,1.10,1.50
2011.05.03 20:14:35.069,0.87936,0.8796,1.10,1.50
2011.05.03 20:14:35.617,0.87934,0.87957,1.10,1.50
2011.05.03 20:14:36.287,0.87932,0.87955,1.10,1.50
2011.05.03 20:14:37.678,0.87932,0.87955,1.10,1.50
2011.05.03 20:14:40.949,0.87934,0.87956,1.50,1.50
2011.05.03 20:14:41.519,0.87934,0.87956,1.85,1.50
2011.05.03 20:14:43.288,0.87935,0.87958,1.10,1.50
2011.05.03 20:14:43.617,0.87937,0.8796,1.10,1.50
2011.05.03 20:14:48.178,0.8794,0.87964,1.10,1.50
2011.05.03 20:14:48.289,0.87938,0.87958,1.85,1.50
2011.05.03 20:14:48.508,0.87938,0.87956,1.10,1.50
2011.05.03 20:14:48.618,0.87932,0.87954,1.10,1.50
2011.05.03 20:14:48.729,0.87932,0.87954,1.10,2.25
2011.05.03 20:14:48.839,0.8793,0.87949,1.50,1.50
2011.05.03 20:14:49.168,0.87926,0.87946,1.50,2.25
2011.05.03 20:14:49.498,0.87924,0.87946,1.50,2.25
2011.05.03 20:14:49.717,0.87922,0.87946,1.10,2.25
2011.05.03 20:14:50.872,0.87924,0.87946,1.50,2.25
2011.05.03 20:14:51.099,0.87925,0.87945,1.10,1.50
2011.05.03 20:14:51.867,0.87925,0.87946,1.10,1.50
2011.05.03 20:14:52.220,0.87925,0.87946,1.10,1.50
2011.05.03 20:14:53.501,0.87925,0.87946,1.10,1.50
2011.05.03 20:14:54.810,0.87925,0.87946,1.10,1.50
2011.05.03 20:14:55.498,0.87925,0.87945,1.10,1.50
2011.05.03 20:14:55.938,0.87923,0.87944,1.50,1.50
2011.05.03 20:14:56.048,0.87923,0.87944,1.50,1.50
2011.05.03 20:14:56.908,0.87922,0.87944,1.10,1.50
2011.05.03 20:14:58.858,0.87924,0.87944,1.50,1.50
2011.05.03 20:14:59.078,0.87925,0.87946,1.88,1.50
2011.05.03 20:14:59.409,0.87933,0.87947,1.50,1.50
2011.05.03 20:14:59.848,0.8793,0.87947,1.50,1.50
2011.05.03 20:15:00.398,0.87933,0.87947,1.50,1.50
2011.05.03 20:15:00.619,0.87928,0.87947,1.50,2.25
2011.05.03 20:15:01.034,0.87928,0.87947,2.25,1.50
2011.05.03 20:15:01.479,0.87926,0.87947,1.13,1.50
2011.05.03 20:15:06.551,0.87922,0.87943,1.10,1.50
2011.05.03 20:15:07.110,0.87922,0.87942,1.10,1.50
2011.05.03 20:15:07.337,0.87921,0.87942,1.10,1.88
2011.05.03 20:15:07.667,0.87923,0.87937,1.10,1.50
2011.05.03 20:15:07.777,0.87916,0.87937,1.50,1.50
2011.05.03 20:15:07.887,0.87912,0.87937,1.10,1.50
2011.05.03 20:15:10.108,0.87912,0.87936,1.10,1.50
2011.05.03 20:15:10.747,0.87912,0.87936,1.10,1.50
2011.05.03 20:15:11.076,0.87913,0.87938,1.13,1.50
2011.05.03 20:15:14.248,0.87916,0.87941,1.13,2.25
2011.05.03 20:15:20.887,0.87916,0.87939,1.13,1.50
2011.05.03 20:15:20.998,0.87914,0.87939,1.10,2.25
2011.05.03 20:15:21.547,0.87912,0.87936,1.47,1.50
2011.05.03 20:15:24.858,0.87912,0.87937,1.10,1.50
2011.05.03 20:15:25.408,0.87914,0.87936,1.50,2.25
2011.05.03 20:15:25.737,0.8791,0.87932,1.50,1.50
2011.05.03 20:15:27.648,0.87909,0.87936,1.47,1.50
2011.05.03 20:15:30.069,0.8791,0.87937,1.13,1.50
2011.05.03 20:15:32.307,0.8791,0.87937,1.88,1.50
2011.05.03 20:15:36.177,0.8791,0.87937,1.88,2.25
2011.05.03 20:15:37.147,0.8791,0.87937,1.88,1.50
2011.05.03 20:15:37.668,0.87917,0.8794,1.13,1.50
2011.05.03 20:15:37.997,0.87921,0.87945,1.13,1.50
2011.05.03 20:15:38.217,0.87924,0.87947,1.13,1.50
2011.05.03 20:15:38.548,0.87924,0.87947,1.13,1.50
2011.05.03 20:15:39.097,0.87923,0.87944,1.13,1.50
2011.05.03 20:15:43.938,0.87923,0.87947,1.13,1.50
2011.05.03 20:15:44.267,0.87923,0.87947,1.13,1.50
2011.05.03 20:15:44.488,0.87923,0.87944,1.13,1.50
2011.05.03 20:15:45.249,0.87923,0.87948,1.13,1.50
2011.05.03 20:15:45.577,0.87923,0.87952,1.13,2.25
2011.05.03 20:15:45.798,0.87923,0.87947,1.13,1.50
2011.05.03 20:15:47.148,0.87922,0.87945,1.10,1.50
2011.05.03 20:15:47.370,0.87923,0.87944,1.10,1.50
2011.05.03 20:15:47.946,0.87922,0.87944,1.10,1.50
2011.05.03 20:15:54.208,0.87918,0.87944,1.13,1.50
2011.05.03 20:16:02.426,0.87918,0.87944,1.13,1.50
2011.05.03 20:16:02.758,0.87917,0.87944,1.47,1.50
2011.05.03 20:16:07.997,0.87916,0.87944,1.13,1.50
2011.05.03 20:16:10.508,0.87919,0.87944,1.10,1.50
2011.05.03 20:16:10.729,0.87921,0.87944,1.10,1.50
2011.05.03 20:16:11.168,0.87922,0.87944,1.10,1.50
2011.05.03 20:16:15.160,0.87924,0.87947,2.25,1.50
2011.05.03 20:16:18.828,0.87926,0.87948,1.10,1.50
2011.05.03 20:16:19.379,0.87928,0.87949,1.10,2.25
2011.05.03 20:16:19.908,0.87929,0.87949,1.10,1.50
2011.05.03 20:16:20.798,0.87931,0.87952,1.10,2.25
2011.05.03 20:16:20.908,0.87931,0.87952,1.10,2.25
2011.05.03 20:16:36.300,0.87933,0.87953,1.10,1.50
2011.05.03 20:16:39.928,0.87933,0.87953,1.10,1.50
2011.05.03 20:16:40.150,0.87933,0.87956,1.10,1.50
2011.05.03 20:16:46.067,0.87935,0.87957,1.10,1.50
2011.05.03 20:16:53.469,0.87935,0.87955,1.10,1.50
2011.05.03 20:17:03.146,0.87935,0.87957,1.10,1.50
2011.05.03 20:17:08.416,0.87935,0.87957,1.10,1.50
2011.05.03 20:17:10.441,0.87935,0.87955,1.10,1.50
2011.05.03 20:17:10.668,0.87933,0.87954,1.10,1.50
2011.05.03 20:17:16.400,0.87933,0.87955,1.10,1.50
2011.05.03 20:17:26.667,0.87933,0.87955,1.10,1.50
2011.05.03 20:17:26.777,0.87933,0.87956,1.10,2.25
2011.05.03 20:17:34.389,0.87933,0.87958,1.10,2.25
2011.05.03 20:17:43.718,0.87933,0.87956,1.10,1.50
2011.05.03 20:17:44.268,0.87933,0.87956,1.10,1.50
2011.05.03 20:17:45.037,0.87933,0.87956,1.10,2.25
2011.05.03 20:17:48.657,0.87933,0.87956,1.10,2.25
2011.05.03 20:17:49.727,0.87933,0.87956,1.10,1.50
2011.05.03 20:17:50.277,0.87933,0.87956,1.10,1.50
2011.05.03 20:17:52.808,0.87933,0.87956,1.10,2.25
2011.05.03 20:17:54.128,0.87933,0.87956,1.10,2.25
2011.05.03 20:18:05.547,0.87933,0.87955,1.10,1.50
2011.05.03 20:18:15.658,0.87931,0.87955,1.10,1.50
2011.05.03 20:18:15.880,0.87929,0.87952,1.10,1.50
2011.05.03 20:18:16.319,0.87928,0.87955,1.47,1.50
2011.05.03 20:18:25.828,0.87929,0.87953,1.10,1.50
2011.05.03 20:18:26.160,0.87928,0.87953,1.10,1.50
2011.05.03 20:18:36.768,0.87927,0.87953,2.60,2.25
2011.05.03 20:18:54.527,0.87928,0.87953,1.10,3.75
2011.05.03 20:19:12.794,0.87929,0.87953,1.10,2.25
2011.05.03 20:19:13.457,0.87929,0.87953,1.10,2.25
2011.05.03 20:19:14.118,0.8793,0.87952,1.10,1.50
2011.05.03 20:19:27.297,0.87928,0.87952,1.85,1.50
2011.05.03 20:19:27.518,0.87925,0.87949,1.10,1.50
2011.05.03 20:19:28.519,0.87928,0.87949,1.50,1.50
2011.05.03 20:19:28.629,0.8793,0.8795,1.50,1.50
2011.05.03 20:19:28.740,0.87933,0.87951,1.50,1.50
2011.05.03 20:19:29.288,0.8793,0.87952,1.50,1.50
2011.05.03 20:19:29.729,0.87929,0.87949,1.10,1.50
2011.05.03 20:19:29.947,0.87926,0.87949,1.10,1.50
2011.05.03 20:19:31.680,0.87929,0.87951,1.10,2.25
2011.05.03 20:19:32.280,0.87929,0.87952,1.10,1.50
2011.05.03 20:19:34.907,0.87929,0.87952,1.10,1.50
2011.05.03 20:19:45.888,0.87932,0.87956,1.10,3.00
2011.05.03 20:19:46.508,0.87932,0.87956,1.10,3.00
2011.05.03 20:19:50.358,0.87932,0.87956,1.10,2.25
2011.05.03 20:20:01.157,0.87935,0.87955,1.10,2.25
2011.05.03 20:20:01.489,0.87922,0.87944,1.85,1.50
2011.05.03 20:20:01.819,0.87919,0.87941,1.85,1.50
2011.05.03 20:20:02.368,0.87921,0.87941,1.50,1.50
2011.05.03 20:20:02.808,0.87919,0.87941,1.10,1.50
2011.05.03 20:20:04.188,0.87917,0.87941,1.10,2.25
2011.05.03 20:20:04.759,0.87921,0.87941,1.50,2.25
2011.05.03 20:20:06.476,0.87917,0.87939,1.10,1.50
2011.05.03 20:20:06.698,0.87921,0.87941,1.50,2.25
2011.05.03 20:20:07.688,0.87917,0.8794,1.10,1.50
2011.05.03 20:20:11.197,0.87917,0.87939,1.10,1.50
2011.05.03 20:20:17.448,0.87917,0.87937,1.10,1.50
2011.05.03 20:20:17.669,0.87917,0.87937,1.10,1.50
2011.05.03 20:20:17.999,0.87923,0.87941,1.50,2.25
2011.05.03 20:20:18.109,0.87917,0.87939,1.10,1.50
2011.05.03 20:20:18.438,0.87917,0.87939,1.10,1.50
2011.05.03 20:20:18.658,0.8792,0.8794,1.50,1.50
2011.05.03 20:20:19.208,0.87919,0.87936,1.50,1.50
2011.05.03 20:20:19.798,0.87918,0.87936,1.50,1.50
2011.05.03 20:20:20.847,0.87918,0.87936,1.50,1.50
2011.05.03 20:20:21.197,0.87918,0.87936,1.50,1.50
2011.05.03 20:20:21.310,0.87914,0.87936,2.25,3.00
2011.05.03 20:20:23.899,0.87914,0.87936,2.25,2.25
2011.05.03 20:20:27.981,0.87914,0.87936,1.50,2.25
2011.05.03 20:20:28.088,0.87913,0.87936,1.50,2.25
2011.05.03 20:20:30.978,0.87913,0.87936,2.25,2.25
2011.05.03 20:20:33.747,0.87913,0.87936,1.50,2.63
2011.05.03 20:20:35.219,0.87912,0.87935,1.85,1.13
2011.05.03 20:20:35.438,0.87909,0.8793,1.10,1.50
2011.05.03 20:20:35.964,0.87909,0.8793,1.10,1.50
2011.05.03 20:20:39.499,0.87908,0.8793,1.10,1.50
2011.05.03 20:20:39.719,0.87906,0.87928,2.45,1.50
2011.05.03 20:20:39.828,0.87906,0.87928,2.45,1.50
2011.05.03 20:20:51.208,0.87906,0.87928,1.70,2.25
2011.05.03 20:20:53.608,0.87906,0.87928,2.07,1.50
2011.05.03 20:20:53.937,0.87909,0.87934,1.10,1.50
2011.05.03 20:20:54.158,0.87913,0.87934,1.10,1.50
2011.05.03 20:20:56.544,0.87913,0.87935,1.10,2.25
2011.05.03 20:20:59.498,0.87913,0.87934,1.10,1.50
2011.05.03 20:21:01.199,0.87913,0.87934,1.10,2.25
2011.05.03 20:21:02.179,0.87909,0.87932,1.10,1.50
2011.05.03 20:21:02.951,0.87909,0.87932,1.10,1.50
2011.05.03 20:21:06.680,0.87909,0.87932,1.10,1.50
2011.05.03 20:21:07.229,0.87907,0.87923,1.10,1.50
2011.05.03 20:21:07.340,0.87896,0.87918,1.85,1.50
2011.05.03 20:21:07.448,0.87896,0.87918,1.85,1.50
2011.05.03 20:21:07.668,0.87899,0.87919,2.85,1.50
2011.05.03 20:21:07.889,0.87896,0.87918,1.85,1.50
2011.05.03 20:21:09.349,0.87902,0.8792,1.50,2.25
2011.05.03 20:21:09.569,0.87907,0.87932,1.10,2.25
2011.05.03 20:21:12.758,0.87907,0.87931,1.10,1.50
2011.05.03 20:21:21.978,0.87907,0.8793,1.10,1.50
2011.05.03 20:21:25.497,0.87907,0.87931,1.10,2.25
2011.05.03 20:21:35.729,0.87906,0.87927,1.85,1.50
2011.05.03 20:21:36.281,0.87903,0.87927,1.10,3.00
2011.05.03 20:21:36.499,0.87903,0.87927,1.10,2.25
2011.05.03 20:21:38.368,0.87903,0.87927,1.10,2.25
2011.05.03 20:21:38.947,0.87903,0.87926,1.10,1.50
2011.05.03 20:21:42.670,0.87903,0.87927,1.10,1.50
2011.05.03 20:21:43.437,0.87903,0.87927,1.10,2.25
2011.05.03 20:21:48.328,0.87903,0.87927,1.10,2.25
2011.05.03 20:21:48.970,0.87901,0.87924,1.10,1.50
2011.05.03 20:21:51.449,0.87897,0.87922,1.10,1.50
2011.05.03 20:21:51.559,0.87897,0.87923,1.85,2.25
2011.05.03 20:21:52.373,0.87897,0.87921,1.85,1.50
2011.05.03 20:21:52.928,0.87897,0.8792,1.10,1.50
2011.05.03 20:21:56.333,0.87897,0.87921,1.10,2.25
2011.05.03 20:21:57.560,0.87897,0.8792,1.10,1.50
2011.05.03 20:22:10.051,0.87897,0.8792,1.10,1.50
2011.05.03 20:22:12.127,0.87897,0.87923,1.10,1.50
2011.05.03 20:22:12.459,0.87901,0.87926,1.10,2.25
2011.05.03 20:22:13.405,0.87907,0.87929,1.10,2.25
2011.05.03 20:22:13.523,0.87907,0.8793,1.10,1.50
2011.05.03 20:22:13.750,0.87904,0.87918,1.10,1.13
2011.05.03 20:22:13.859,0.87895,0.87914,1.10,1.50
2011.05.03 20:22:13.969,0.87895,0.87913,1.10,1.50
2011.05.03 20:22:14.519,0.87895,0.87919,1.10,1.50
2011.05.03 20:22:14.629,0.87895,0.8792,1.10,2.25
2011.05.03 20:22:14.960,0.87903,0.87926,1.10,1.50
2011.05.03 20:22:15.069,0.87904,0.87926,1.10,2.25
2011.05.03 20:22:15.509,0.87904,0.87926,1.10,2.25
2011.05.03 20:22:18.620,0.87904,0.87924,1.10,1.50
2011.05.03 20:22:21.608,0.87904,0.87923,1.10,1.50
2011.05.03 20:22:27.989,0.87904,0.87923,1.10,1.50
2011.05.03 20:22:34.838,0.87904,0.87923,1.10,1.50
2011.05.03 20:22:35.058,0.87904,0.87923,1.10,1.50
2011.05.03 20:22:37.111,0.87901,0.87926,1.10,3.00
2011.05.03 20:22:44.068,0.87903,0.87927,1.10,2.25
2011.05.03 20:23:01.939,0.87903,0.87927,1.10,1.50
2011.05.03 20:23:09.509,0.87903,0.87929,1.10,2.25
2011.05.03 20:23:10.770,0.87903,0.87929,1.10,2.25
2011.05.03 20:23:10.880,0.87903,0.87927,1.10,1.50
2011.05.03 20:23:10.990,0.87903,0.87927,1.10,3.00
2011.05.03 20:23:11.538,0.87902,0.87925,1.10,1.50
2011.05.03 20:23:11.760,0.87902,0.87924,1.10,1.50
2011.05.03 20:23:16.101,0.87899,0.87924,1.10,1.50
2011.05.03 20:23:16.659,0.87899,0.87923,1.10,1.50
2011.05.03 20:23:17.320,0.87902,0.87925,1.10,1.50
2011.05.03 20:23:17.650,0.87902,0.87927,1.10,2.25
2011.05.03 20:23:18.922,0.87904,0.87924,1.50,1.50
2011.05.03 20:23:23.649,0.87906,0.87924,1.50,1.50
2011.05.03 20:23:23.870,0.87907,0.87927,1.50,1.50
2011.05.03 20:23:24.752,0.87907,0.87927,1.50,1.50
2011.05.03 20:23:32.731,0.87907,0.87927,1.50,1.50
2011.05.03 20:23:33.170,0.87907,0.87927,1.50,1.50
2011.05.03 20:23:34.279,0.87908,0.87927,1.50,1.50
2011.05.03 20:23:43.958,0.87909,0.87929,1.50,2.25
2011.05.03 20:24:05.499,0.87907,0.87927,2.25,1.50
2011.05.03 20:24:06.110,0.87905,0.87927,1.10,1.50
2011.05.03 20:24:07.380,0.87905,0.87929,1.10,2.25
2011.05.03 20:24:14.998,0.87909,0.87929,1.50,2.25
2011.05.03 20:24:15.110,0.87911,0.87931,2.25,1.50
2011.05.03 20:24:15.330,0.87913,0.87934,1.50,1.50
2011.05.03 20:24:15.713,0.8791,0.87934,1.50,1.50
2011.05.03 20:24:15.835,0.8791,0.87934,1.50,1.50
2011.05.03 20:24:16.371,0.8791,0.87934,1.50,1.50
2011.05.03 20:24:17.881,0.87911,0.87934,1.50,1.50
2011.05.03 20:24:17.999,0.87914,0.87934,1.50,1.50
2011.05.03 20:24:22.589,0.87912,0.87935,1.50,1.50
2011.05.03 20:24:22.810,0.87911,0.87935,1.10,1.50
2011.05.03 20:24:23.450,0.87911,0.87935,1.85,1.50
2011.05.03 20:24:23.818,0.87912,0.87935,1.50,1.50
2011.05.03 20:24:24.039,0.87914,0.87937,1.85,1.50
2011.05.03 20:24:27.359,0.87919,0.87937,1.50,1.50
2011.05.03 20:24:27.470,0.8792,0.87942,1.50,1.50
2011.05.03 20:24:36.148,0.87919,0.87939,1.85,1.50
2011.05.03 20:24:36.478,0.87919,0.87937,1.85,1.50
2011.05.03 20:24:48.243,0.87923,0.87938,1.10,1.50
2011.05.03 20:24:48.688,0.87923,0.87937,1.10,1.50
2011.05.03 20:24:51.210,0.87922,0.87937,1.10,1.50
2011.05.03 20:24:58.688,0.87922,0.87942,1.10,1.50
2011.05.03 20:25:00.306,0.87922,0.87943,1.10,2.25
2011.05.03 20:25:00.535,0.87927,0.87944,1.10,1.50
2011.05.03 20:25:00.650,0.87927,0.87947,1.10,1.50
2011.05.03 20:25:00.871,0.87931,0.87948,1.50,1.50
2011.05.03 20:25:01.092,0.87932,0.87953,1.10,1.50
2011.05.03 20:25:01.429,0.87933,0.87953,1.10,1.50
2011.05.03 20:25:01.869,0.87934,0.87956,1.10,1.50
2011.05.03 20:25:02.309,0.87934,0.87957,1.10,1.50
2011.05.03 20:25:02.860,0.87934,0.8796,1.10,1.50
2011.05.03 20:25:03.189,0.87934,0.87958,1.10,1.50
2011.05.03 20:25:03.779,0.87937,0.87958,1.10,1.50
2011.05.03 20:25:05.584,0.87937,0.87959,1.10,1.50
2011.05.03 20:25:05.920,0.87938,0.87961,1.10,1.50
2011.05.03 20:25:06.028,0.87938,0.87962,1.10,2.25
2011.05.03 20:25:06.358,0.87941,0.87964,1.10,2.25
2011.05.03 20:25:06.468,0.87941,0.87964,1.10,2.25
2011.05.03 20:25:07.048,0.87941,0.87964,1.10,2.25
2011.05.03 20:25:07.159,0.87941,0.87964,1.10,2.25
2011.05.03 20:25:07.269,0.87941,0.8796,1.10,1.50
2011.05.03 20:25:09.541,0.87942,0.87966,1.50,1.50
2011.05.03 20:25:09.649,0.87943,0.87968,1.10,1.50
2011.05.03 20:25:09.758,0.87943,0.87969,1.10,1.50
2011.05.03 20:25:11.728,0.87945,0.87969,1.10,1.50
2011.05.03 20:25:12.959,0.87946,0.87971,1.10,1.50
2011.05.03 20:25:13.181,0.87949,0.87975,1.10,2.25
2011.05.03 20:25:13.583,0.87958,0.87975,1.50,1.50
2011.05.03 20:25:15.782,0.87959,0.87975,1.50,1.88
2011.05.03 20:25:16.012,0.8794,0.87963,1.10,1.50
2011.05.03 20:25:16.130,0.87946,0.87963,1.50,1.50
2011.05.03 20:25:16.679,0.87945,0.87965,1.50,1.50
2011.05.03 20:25:16.799,0.87945,0.87965,1.50,1.50
2011.05.03 20:25:17.580,0.87943,0.87965,2.25,1.50
2011.05.03 20:25:18.270,0.87943,0.87965,1.50,1.50
2011.05.03 20:25:18.838,0.87941,0.87962,1.10,1.50
2011.05.03 20:25:18.948,0.87941,0.87962,1.10,1.50
2011.05.03 20:25:19.551,0.87941,0.8796,1.10,1.50
2011.05.03 20:25:19.908,0.87941,0.87961,1.10,1.50
2011.05.03 20:25:21.129,0.87941,0.87961,1.10,1.50
2011.05.03 20:25:22.859,0.87941,0.87961,1.10,1.50
2011.05.03 20:25:24.878,0.87941,0.87961,1.10,1.50
2011.05.03 20:25:26.359,0.87941,0.87961,1.10,1.50
2011.05.03 20:25:26.469,0.87941,0.87961,1.85,1.50
2011.05.03 20:25:27.901,0.87941,0.87961,1.85,1.50
2011.05.03 20:25:28.889,0.87938,0.87959,1.10,1.50
2011.05.03 20:25:31.503,0.87939,0.87957,1.10,2.25
2011.05.03 20:25:32.060,0.87939,0.87957,1.10,1.50
2011.05.03 20:25:36.591,0.87939,0.87957,1.10,1.50
2011.05.03 20:25:36.919,0.8794,0.87957,1.10,1.50
2011.05.03 20:25:38.789,0.8794,0.87964,1.10,1.13
2011.05.03 20:25:39.152,0.8794,0.87963,1.10,1.13
2011.05.03 20:25:39.489,0.87934,0.87959,1.10,1.50
2011.05.03 20:25:46.028,0.87934,0.87958,1.10,1.50
2011.05.03 20:25:46.858,0.87934,0.87959,1.10,1.50
2011.05.03 20:25:49.358,0.87934,0.87958,1.10,1.50
2011.05.03 20:26:04.168,0.8794,0.87962,1.50,2.25
2011.05.03 20:26:08.409,0.87938,0.87962,1.10,1.50
2011.05.03 20:26:08.738,0.87938,0.87962,1.10,1.50
2011.05.03 20:26:18.689,0.87939,0.87962,1.50,1.50
2011.05.03 20:26:18.908,0.87941,0.87966,1.50,1.50
2011.05.03 20:26:19.651,0.87941,0.87966,2.25,1.50
2011.05.03 20:26:25.798,0.87943,0.87966,1.10,1.50
2011.05.03 20:26:26.618,0.87943,0.87966,1.10,1.50
2011.05.03 20:26:30.409,0.87943,0.87966,1.10,1.50
2011.05.03 20:26:31.269,0.87941,0.87965,1.50,1.50
2011.05.03 20:26:31.864,0.87941,0.87965,1.50,1.50
2011.05.03 20:26:33.430,0.87944,0.87965,1.50,1.50
2011.05.03 20:26:33.538,0.87944,0.87969,1.50,1.50
2011.05.03 20:26:34.759,0.87948,0.87972,1.10,1.50
2011.05.03 20:26:36.059,0.87948,0.87972,1.10,1.50
2011.05.03 20:26:46.168,0.87948,0.87972,1.10,1.50
2011.05.03 20:26:47.789,0.8795,0.87972,1.88,1.50
2011.05.03 20:26:48.119,0.8795,0.87975,2.97,1.50
2011.05.03 20:26:50.568,0.8795,0.87972,2.22,1.50
2011.05.03 20:26:50.900,0.87946,0.87967,1.50,1.50
2011.05.03 20:26:51.450,0.87945,0.87966,1.50,1.13
2011.05.03 20:26:51.669,0.87946,0.87968,1.10,1.50
2011.05.03 20:26:51.780,0.87946,0.8797,1.10,1.50
2011.05.03 20:26:52.110,0.87946,0.8797,1.85,1.50
2011.05.03 20:26:52.328,0.87946,0.8797,1.10,1.50
2011.05.03 20:26:52.888,0.87946,0.8797,1.10,1.50
2011.05.03 20:26:56.448,0.87946,0.8797,1.10,1.50
2011.05.03 20:26:56.778,0.8795,0.87975,1.10,1.50
2011.05.03 20:26:56.999,0.8795,0.87975,1.10,1.50
2011.05.03 20:26:57.219,0.8795,0.87975,1.10,1.50
2011.05.03 20:27:00.642,0.8795,0.87975,1.10,1.50
2011.05.03 20:27:00.764,0.87946,0.87971,1.85,1.88
2011.05.03 20:27:02.468,0.87946,0.87971,1.85,1.88
2011.05.03 20:27:02.798,0.87946,0.8797,1.85,1.50
2011.05.03 20:27:42.449,0.87946,0.8797,1.10,1.50
2011.05.03 20:27:42.560,0.87945,0.87969,1.50,2.25
2011.05.03 20:27:43.108,0.87944,0.87967,1.10,1.50
2011.05.03 20:27:44.521,0.87944,0.87966,1.10,1.50
2011.05.03 20:27:46.439,0.87944,0.87966,1.10,1.50
2011.05.03 20:27:47.055,0.87944,0.87966,1.10,1.50
2011.05.03 20:27:47.439,0.87944,0.87966,1.10,1.50
2011.05.03 20:27:47.769,0.8794,0.87963,1.85,1.50
2011.05.03 20:27:48.500,0.8794,0.87963,1.85,1.50
2011.05.03 20:27:49.639,0.8794,0.87962,1.85,1.50
2011.05.03 20:27:50.699,0.8794,0.87965,1.10,1.50
2011.05.03 20:27:51.248,0.8794,0.87962,1.10,1.50
2011.05.03 20:27:52.288,0.8794,0.87963,1.10,1.50
2011.05.03 20:27:55.720,0.8794,0.87963,1.10,1.50
2011.05.03 20:27:56.330,0.8794,0.87963,1.10,1.50
2011.05.03 20:27:57.000,0.8794,0.87962,1.10,1.50
2011.05.03 20:28:01.191,0.8794,0.87963,1.10,1.50
2011.05.03 20:28:03.408,0.8794,0.87963,1.10,1.50
2011.05.03 20:28:03.739,0.87942,0.87967,1.85,1.50
2011.05.03 20:28:03.959,0.87942,0.87967,1.85,1.50
2011.05.03 20:28:05.478,0.87944,0.87967,1.50,1.50
2011.05.03 20:28:06.138,0.87946,0.8797,1.10,1.50
2011.05.03 20:28:10.158,0.87946,0.87969,1.10,1.50
2011.05.03 20:28:10.269,0.87946,0.87971,1.10,2.63
2011.05.03 20:28:41.979,0.87944,0.87969,1.85,1.50
2011.05.03 20:28:42.199,0.87944,0.87967,1.10,1.50
2011.05.03 20:28:56.601,0.87944,0.87969,1.10,1.50
2011.05.03 20:28:57.059,0.87944,0.87969,1.10,2.25
2011.05.03 20:28:57.608,0.87944,0.87968,1.10,1.50
2011.05.03 20:29:03.959,0.87944,0.87968,1.10,1.50
2011.05.03 20:29:22.188,0.87944,0.87968,1.10,1.50
2011.05.03 20:29:25.229,0.87944,0.87966,1.10,1.50
2011.05.03 20:29:25.779,0.87941,0.87965,1.10,2.25
2011.05.03 20:29:25.998,0.87941,0.87963,1.10,1.50
2011.05.03 20:29:29.119,0.87941,0.87965,1.10,2.25
2011.05.03 20:29:29.558,0.87943,0.87967,1.10,1.50
2011.05.03 20:29:30.720,0.87941,0.87964,1.10,1.50
2011.05.03 20:29:32.091,0.87941,0.87965,1.10,1.50
2011.05.03 20:29:33.649,0.87941,0.87964,1.10,1.50
2011.05.03 20:29:33.870,0.87938,0.87964,1.85,1.50
2011.05.03 20:29:41.691,0.8794,0.87964,1.10,1.50
2011.05.03 20:29:41.802,0.8794,0.87964,1.10,1.50
2011.05.03 20:29:42.021,0.87941,0.87967,1.13,1.50
2011.05.03 20:29:42.348,0.87946,0.87968,1.85,1.50
2011.05.03 20:29:44.191,0.87946,0.87968,1.10,1.50
2011.05.03 20:29:46.967,0.87946,0.87968,1.10,1.50
2011.05.03 20:29:51.820,0.87943,0.87965,1.10,1.50
2011.05.03 20:29:53.949,0.8794,0.87966,1.85,1.50
2011.05.03 20:29:54.522,0.8794,0.87963,1.10,1.50
2011.05.03 20:29:54.630,0.87939,0.8796,1.50,1.50
2011.05.03 20:29:54.741,0.87936,0.8796,1.10,1.50
2011.05.03 20:29:54.959,0.87936,0.8796,1.85,1.50
2011.05.03 20:29:57.769,0.87936,0.8796,1.85,1.50
2011.05.03 20:30:00.540,0.87936,0.87958,1.10,1.50
2011.05.03 20:30:00.980,0.87931,0.87959,1.85,2.63
2011.05.03 20:30:01.529,0.87931,0.87953,1.10,1.50
2011.05.03 20:30:03.098,0.87931,0.87953,1.10,1.50
2011.05.03 20:30:04.208,0.87931,0.87953,1.10,2.25
2011.05.03 20:30:04.758,0.87931,0.87953,1.10,2.25
2011.05.03 20:30:07.060,0.87931,0.87951,1.10,1.50
2011.05.03 20:30:07.281,0.87927,0.87951,1.10,2.25
2011.05.03 20:30:08.581,0.87927,0.87951,1.10,1.50
2011.05.03 20:30:09.642,0.87927,0.87951,1.10,1.50
2011.05.03 20:30:12.889,0.87925,0.87949,1.10,2.25
2011.05.03 20:30:13.502,0.87925,0.87947,1.10,1.50
2011.05.03 20:30:14.480,0.87925,0.87948,1.10,1.50
2011.05.03 20:30:16.441,0.87925,0.87947,1.10,1.50
2011.05.03 20:30:19.199,0.87925,0.87947,1.10,1.50
2011.05.03 20:30:19.752,0.87921,0.87946,1.85,1.50
2011.05.03 20:30:22.101,0.87921,0.87946,1.85,1.50
2011.05.03 20:30:22.649,0.8792,0.87942,1.10,1.50
2011.05.03 20:30:23.790,0.87917,0.87943,1.50,1.50
2011.05.03 20:30:24.119,0.87919,0.87943,1.50,1.50
2011.05.03 20:30:24.669,0.87918,0.8794,1.50,1.50
2011.05.03 20:30:26.461,0.87912,0.87934,1.50,1.50
2011.05.03 20:30:26.571,0.8791,0.8793,1.10,1.50
2011.05.03 20:30:26.901,0.87905,0.87929,1.50,2.25
2011.05.03 20:30:27.009,0.87904,0.87928,1.10,1.50
2011.05.03 20:30:28.239,0.87904,0.87926,1.10,1.50
2011.05.03 20:30:29.690,0.87901,0.87923,1.50,2.25
2011.05.03 20:30:32.020,0.87903,0.87923,1.50,1.50
2011.05.03 20:30:51.329,0.87902,0.87923,1.50,1.50
2011.05.03 20:30:52.908,0.87902,0.87923,1.50,1.50
2011.05.03 20:30:53.349,0.87902,0.87924,1.85,1.50
2011.05.03 20:30:53.458,0.87902,0.87927,1.85,1.50
2011.05.03 20:30:55.329,0.87902,0.87927,1.85,1.50
2011.05.03 20:30:56.719,0.87903,0.87929,1.10,2.63
2011.05.03 20:30:58.260,0.87903,0.87927,1.10,1.13
2011.05.03 20:30:58.589,0.87903,0.87926,1.10,1.88
2011.05.03 20:30:58.919,0.87901,0.87925,1.10,1.50
2011.05.03 20:31:00.640,0.87903,0.87925,1.50,1.50
2011.05.03 20:31:00.750,0.87904,0.87928,1.10,1.50
2011.05.03 20:31:02.000,0.87906,0.87928,1.10,2.25
2011.05.03 20:31:02.219,0.87906,0.87932,1.10,1.50
2011.05.03 20:31:02.769,0.87911,0.87933,1.50,2.25
2011.05.03 20:31:03.544,0.87911,0.87933,1.50,1.50
2011.05.03 20:31:03.659,0.8791,0.87933,1.50,1.50
2011.05.03 20:31:03.992,0.87909,0.87926,1.10,1.13
2011.05.03 20:31:05.389,0.87906,0.87928,1.10,2.63
2011.05.03 20:31:30.308,0.87908,0.8793,1.10,1.88
2011.05.03 20:31:30.640,0.87911,0.87932,1.10,2.25
2011.05.03 20:31:30.751,0.87911,0.87934,1.10,1.50
2011.05.03 20:31:31.329,0.87916,0.87936,1.50,2.25
2011.05.03 20:31:33.169,0.87911,0.87935,1.10,1.50
2011.05.03 20:31:33.939,0.87911,0.87934,1.10,1.50
2011.05.03 20:31:35.018,0.87911,0.87933,1.10,1.50
2011.05.03 20:31:35.128,0.87911,0.87933,1.10,1.50
2011.05.03 20:31:38.469,0.87911,0.87931,1.10,1.88
2011.05.03 20:31:38.800,0.87905,0.87928,1.10,1.13
2011.05.03 20:31:42.308,0.87903,0.87928,1.85,1.13
2011.05.03 20:31:42.750,0.87903,0.87924,1.10,1.13
2011.05.03 20:31:44.109,0.87903,0.87925,1.10,2.63
2011.05.03 20:31:44.636,0.87903,0.87925,1.10,1.50
2011.05.03 20:31:46.838,0.87902,0.87925,1.10,1.50
2011.05.03 20:31:47.389,0.87903,0.87925,1.10,2.63
2011.05.03 20:31:58.380,0.87903,0.87922,1.10,1.50
2011.05.03 20:31:58.709,0.879,0.87922,1.10,2.25
2011.05.03 20:32:00.559,0.879,0.87922,1.10,2.25
2011.05.03 20:32:04.906,0.879,0.87922,1.10,2.25
2011.05.03 20:32:16.280,0.879,0.87922,1.10,1.50
2011.05.03 20:32:16.390,0.879,0.87924,1.85,2.25
2011.05.03 20:32:18.031,0.879,0.87924,1.85,2.25
2011.05.03 20:32:18.731,0.879,0.87922,2.21,1.50
2011.05.03 20:32:19.169,0.879,0.87925,1.10,2.25
2011.05.03 20:32:20.049,0.879,0.87922,1.10,2.25
2011.05.03 20:32:20.831,0.879,0.87922,1.46,1.50
2011.05.03 20:32:20.942,0.879,0.87922,1.46,1.50
2011.05.03 20:32:23.611,0.879,0.87922,1.46,1.50
2011.05.03 20:32:28.308,0.879,0.87923,1.46,1.50
2011.05.03 20:32:30.991,0.879,0.87925,1.10,2.25
2011.05.03 20:32:32.700,0.879,0.87924,1.10,2.25
2011.05.03 20:32:53.302,0.879,0.87924,1.12,1.50
2011.05.03 20:33:16.109,0.879,0.87923,1.12,1.50
2011.05.03 20:33:20.250,0.87899,0.87923,1.46,2.25
2011.05.03 20:33:21.629,0.87899,0.87921,1.46,1.13
2011.05.03 20:33:22.082,0.87899,0.87915,1.12,1.50
2011.05.03 20:33:26.169,0.87898,0.87915,1.12,2.25
2011.05.03 20:33:27.789,0.87899,0.87915,1.12,1.50
2011.05.03 20:33:28.338,0.87899,0.87917,1.12,1.50
2011.05.03 20:33:30.908,0.87897,0.87917,1.12,2.25
2011.05.03 20:33:34.301,0.87897,0.87915,1.12,3.60
2011.05.03 20:33:34.630,0.87889,0.87908,1.54,1.88
2011.05.03 20:33:34.740,0.87883,0.87908,1.50,1.88
2011.05.03 20:33:34.959,0.87883,0.87906,1.50,1.88
2011.05.03 20:33:36.219,0.87883,0.87905,1.50,1.50
2011.05.03 20:33:53.179,0.87883,0.87904,1.50,1.50
2011.05.03 20:33:56.199,0.87883,0.87905,1.50,1.50
2011.05.03 20:34:01.649,0.87883,0.87905,1.50,1.50
2011.05.03 20:34:08.139,0.87883,0.87905,1.50,1.50
2011.05.03 20:34:08.470,0.87883,0.87908,1.85,1.50
2011.05.03 20:34:09.239,0.87883,0.87908,1.85,1.50
2011.05.03 20:34:09.460,0.87883,0.87907,1.10,2.25
2011.05.03 20:34:10.010,0.87884,0.87908,1.50,1.50
2011.05.03 20:34:10.406,0.87884,0.87908,1.50,1.50
2011.05.03 20:34:13.400,0.87884,0.87908,1.50,1.50
2011.05.03 20:34:24.419,0.87883,0.87906,1.10,1.50
2011.05.03 20:34:25.079,0.87883,0.87908,1.85,1.50
2011.05.03 20:34:29.790,0.87884,0.87908,1.50,2.25
2011.05.03 20:34:30.829,0.87881,0.87905,1.10,1.50
2011.05.03 20:34:32.093,0.87877,0.87903,1.85,1.50
2011.05.03 20:34:33.309,0.87878,0.87903,1.50,1.50
2011.05.03 20:34:33.665,0.87878,0.87903,1.50,1.50
2011.05.03 20:34:46.307,0.87882,0.87903,1.50,1.50
2011.05.03 20:34:46.750,0.87884,0.87909,1.50,2.25
2011.05.03 20:34:47.769,0.87885,0.87909,1.10,2.25
2011.05.03 20:34:51.130,0.87887,0.87909,1.10,1.50
2011.05.03 20:35:03.740,0.87891,0.87913,1.10,1.50
2011.05.03 20:35:03.849,0.87891,0.87913,1.10,1.50
2011.05.03 20:35:04.179,0.8789,0.87913,1.10,1.50
2011.05.03 20:35:07.710,0.87891,0.87913,1.10,1.50
2011.05.03 20:35:08.260,0.87893,0.87916,1.10,2.25
2011.05.03 20:35:10.670,0.87893,0.87916,1.10,3.00
2011.05.03 20:35:12.061,0.87893,0.87915,1.10,1.50
2011.05.03 20:35:12.609,0.87893,0.87916,1.85,2.25
2011.05.03 20:35:14.990,0.87893,0.87916,1.10,2.25
2011.05.03 20:35:26.580,0.87894,0.87916,1.50,3.00
2011.05.03 20:35:26.690,0.87894,0.87916,1.50,3.75
2011.05.03 20:35:32.799,0.87893,0.87915,1.85,2.25
2011.05.03 20:35:41.596,0.87893,0.87916,1.85,3.00
2011.05.03 20:35:41.931,0.87895,0.87919,1.10,2.25
2011.05.03 20:35:42.591,0.87895,0.87919,1.10,1.50
2011.05.03 20:35:46.159,0.87895,0.87919,1.10,1.50
2011.05.03 20:35:46.489,0.87899,0.87924,1.10,2.25
2011.05.03 20:35:48.339,0.87899,0.87922,1.10,1.50
2011.05.03 20:35:48.670,0.87899,0.87923,1.10,3.00
2011.05.03 20:35:48.889,0.87899,0.87922,1.10,2.25
2011.05.03 20:35:53.540,0.87899,0.8792,1.10,1.50
2011.05.03 20:35:54.113,0.87899,0.8792,1.10,1.50
2011.05.03 20:35:56.299,0.87899,0.8792,1.10,1.50
2011.05.03 20:35:58.410,0.87899,0.8792,1.10,1.50
2011.05.03 20:35:58.849,0.87899,0.87919,1.10,1.50
2011.05.03 20:36:00.321,0.87899,0.87917,1.10,1.50
2011.05.03 20:36:00.664,0.87897,0.87915,1.10,1.50
2011.05.03 20:36:00.890,0.87894,0.87918,1.10,1.88
2011.05.03 20:36:01.990,0.87894,0.87917,1.10,1.50
2011.05.03 20:36:02.406,0.87894,0.87915,1.10,1.50
2011.05.03 20:36:02.850,0.87894,0.87915,1.10,1.50
2011.05.03 20:36:03.452,0.87894,0.87916,1.10,1.50
2011.05.03 20:36:03.669,0.87894,0.87915,1.10,1.50
2011.05.03 20:36:08.150,0.87894,0.87914,1.10,1.50
2011.05.03 20:36:11.646,0.87894,0.87915,1.10,1.50
2011.05.03 20:36:16.739,0.87894,0.87916,1.10,2.25
2011.05.03 20:36:26.510,0.87894,0.87917,1.10,1.50
2011.05.03 20:36:28.751,0.87895,0.87916,1.85,1.13
2011.05.03 20:36:29.720,0.87895,0.87916,1.50,1.88
2011.05.03 20:36:30.289,0.87895,0.87916,1.50,1.50
2011.05.03 20:36:30.679,0.87896,0.87918,1.50,1.50
2011.05.03 20:36:31.010,0.87896,0.87916,1.85,1.50
2011.05.03 20:36:39.640,0.87898,0.87918,1.10,2.25
2011.05.03 20:36:39.860,0.879,0.8792,1.10,1.50
2011.05.03 20:36:39.970,0.879,0.87921,1.10,2.25
2011.05.03 20:36:40.623,0.879,0.87921,1.10,1.50
2011.05.03 20:36:40.984,0.879,0.87919,1.10,1.88
2011.05.03 20:36:41.543,0.87897,0.87918,1.10,1.50
2011.05.03 20:36:42.391,0.87897,0.87918,1.10,1.50
2011.05.03 20:36:42.830,0.87897,0.87918,1.10,1.50
2011.05.03 20:36:44.246,0.87897,0.87918,1.10,2.25
2011.05.03 20:36:51.410,0.87897,0.87918,1.10,2.25
2011.05.03 20:36:52.230,0.87896,0.87915,1.10,1.50
2011.05.03 20:36:52.670,0.87898,0.87915,1.85,1.50
2011.05.03 20:37:08.479,0.87895,0.87916,1.10,1.50
2011.05.03 20:37:16.622,0.87896,0.87916,1.10,1.50
2011.05.03 20:37:17.060,0.87893,0.87916,1.10,2.25
2011.05.03 20:37:21.480,0.87893,0.87916,1.85,1.50
2011.05.03 20:37:28.542,0.87896,0.87918,1.10,1.50
2011.05.03 20:37:28.759,0.87897,0.87918,1.10,1.50
2011.05.03 20:37:34.419,0.87897,0.87918,1.10,1.50
2011.05.03 20:37:36.351,0.87894,0.87915,1.50,2.25
2011.05.03 20:37:36.570,0.8789,0.87912,1.10,1.50
2011.05.03 20:37:37.010,0.8789,0.87912,1.10,1.50
2011.05.03 20:37:37.451,0.8789,0.87913,1.10,1.50
2011.05.03 20:37:45.095,0.8789,0.87912,1.10,1.50
2011.05.03 20:37:45.649,0.8789,0.87912,1.10,1.50
2011.05.03 20:37:45.999,0.8789,0.87912,1.10,1.50
2011.05.03 20:37:47.643,0.87895,0.87913,1.50,1.50
2011.05.03 20:37:47.869,0.87895,0.87917,1.50,1.50
2011.05.03 20:37:48.089,0.87894,0.87917,1.50,1.50
2011.05.03 20:37:48.420,0.87889,0.87911,1.10,1.50
2011.05.03 20:37:48.530,0.87889,0.87911,1.10,1.50
2011.05.03 20:37:49.039,0.8789,0.87911,1.10,1.50
2011.05.03 20:37:49.260,0.87889,0.87911,1.10,1.50
2011.05.03 20:37:49.590,0.87885,0.8791,1.10,1.50
2011.05.03 20:38:03.025,0.87885,0.87909,1.10,1.50
2011.05.03 20:38:08.699,0.87885,0.87909,1.10,1.50
2011.05.03 20:38:09.702,0.87885,0.87906,1.10,1.50
2011.05.03 20:38:12.670,0.87885,0.87908,1.10,1.50
2011.05.03 20:38:12.891,0.87884,0.87905,1.10,1.88
2011.05.03 20:38:13.000,0.87879,0.87903,1.10,1.50
2011.05.03 20:38:16.769,0.87877,0.879,1.10,2.25
2011.05.03 20:38:22.676,0.87877,0.87898,1.10,1.50
2011.05.03 20:38:31.084,0.87877,0.87898,1.10,1.50
2011.05.03 20:38:40.839,0.8788,0.87901,1.10,2.25
2011.05.03 20:38:40.951,0.87881,0.87905,1.10,1.50
2011.05.03 20:38:41.060,0.87883,0.87905,1.10,1.50
2011.05.03 20:38:41.279,0.87883,0.87905,1.10,1.50
2011.05.03 20:38:46.559,0.87883,0.87905,1.10,1.50
2011.05.03 20:38:46.890,0.87883,0.87904,1.10,1.50
2011.05.03 20:38:48.689,0.87883,0.87903,1.10,1.50
2011.05.03 20:38:49.290,0.87883,0.87903,1.10,1.50
2011.05.03 20:38:52.410,0.87883,0.87903,1.10,1.50
2011.05.03 20:38:56.501,0.87883,0.87903,1.10,1.50
2011.05.03 20:38:56.719,0.87883,0.87907,1.10,2.85
2011.05.03 20:38:58.159,0.87883,0.87907,1.10,2.85
2011.05.03 20:39:08.690,0.87887,0.87907,1.88,1.50
2011.05.03 20:39:08.800,0.87887,0.87915,2.22,1.50
2011.05.03 20:39:08.910,0.87889,0.87915,1.10,1.50
2011.05.03 20:39:09.914,0.87889,0.87915,1.10,1.50
2011.05.03 20:39:18.980,0.8789,0.87912,1.10,1.50
2011.05.03 20:39:20.131,0.87894,0.87912,1.50,1.50
2011.05.03 20:39:22.801,0.87893,0.87911,1.50,1.50
2011.05.03 20:39:22.912,0.87889,0.87911,1.10,1.50
2011.05.03 20:39:24.472,0.87889,0.87908,1.10,1.50
2011.05.03 20:39:24.800,0.87886,0.87908,1.10,1.50
2011.05.03 20:39:25.020,0.87885,0.87908,1.10,1.50
2011.05.03 20:39:29.652,0.87882,0.87906,1.10,2.25
2011.05.03 20:39:32.160,0.87882,0.87905,1.10,1.50
2011.05.03 20:39:46.804,0.87882,0.87904,1.10,2.25
2011.05.03 20:39:47.141,0.87881,0.879,1.10,1.50
2011.05.03 20:39:47.250,0.87876,0.879,1.10,3.00
2011.05.03 20:39:53.999,0.87876,0.879,1.10,3.00
2011.05.03 20:40:00.500,0.87876,0.879,1.10,2.25
2011.05.03 20:40:01.050,0.87874,0.87895,1.10,1.50
2011.05.03 20:40:01.270,0.87874,0.87895,1.10,1.50
2011.05.03 20:40:01.779,0.87874,0.87895,1.10,1.50
2011.05.03 20:40:07.361,0.87874,0.87895,1.10,1.50
2011.05.03 20:40:08.760,0.87874,0.87898,1.10,1.50
2011.05.03 20:40:14.624,0.87873,0.87898,1.85,3.00
2011.05.03 20:40:20.344,0.87874,0.87895,1.10,1.50
2011.05.03 20:40:21.480,0.87874,0.87895,1.10,1.50
2011.05.03 20:40:22.029,0.87873,0.87895,1.85,1.50
2011.05.03 20:40:23.080,0.87872,0.87893,1.10,1.50
2011.05.03 20:40:23.512,0.87871,0.87893,1.10,1.50
2011.05.03 20:40:30.971,0.87872,0.87893,1.10,1.50
2011.05.03 20:40:31.189,0.87874,0.87895,1.10,1.50
2011.05.03 20:40:31.410,0.87873,0.87894,1.85,1.50
2011.05.03 20:40:32.971,0.87871,0.87893,1.10,1.50
2011.05.03 20:40:34.101,0.87871,0.87895,1.10,1.50
2011.05.03 20:40:34.319,0.87871,0.87893,1.10,1.50
2011.05.03 20:40:34.860,0.87869,0.87893,1.85,1.50
2011.05.03 20:40:35.081,0.87868,0.8789,1.10,1.50
2011.05.03 20:40:35.972,0.87868,0.87891,1.10,1.50
2011.05.03 20:40:37.045,0.87868,0.87891,1.10,1.50
2011.05.03 20:40:38.160,0.87872,0.87893,1.50,2.25
2011.05.03 20:40:38.380,0.87872,0.87896,1.50,2.25
2011.05.03 20:40:38.710,0.87872,0.87896,1.50,1.50
2011.05.03 20:40:40.592,0.87872,0.87894,1.50,1.50
2011.05.03 20:40:40.813,0.87872,0.87893,1.50,1.50
2011.05.03 20:40:41.031,0.87871,0.87893,1.10,2.25
2011.05.03 20:40:44.747,0.87871,0.87893,1.10,2.25
2011.05.03 20:40:46.359,0.87868,0.87892,2.25,1.50
2011.05.03 20:40:46.470,0.87868,0.87891,1.50,1.50
2011.05.03 20:40:55.170,0.87868,0.87891,1.50,1.50
2011.05.03 20:41:13.043,0.87868,0.87891,1.50,1.50
2011.05.03 20:41:14.913,0.87868,0.87891,1.50,1.50
2011.05.03 20:41:15.570,0.87868,0.87891,1.50,1.50
2011.05.03 20:41:19.093,0.87868,0.87891,1.50,1.50
2011.05.03 20:41:19.640,0.87869,0.87891,1.50,1.50
2011.05.03 20:41:19.751,0.87869,0.87892,2.25,1.50
2011.05.03 20:41:20.299,0.87871,0.87893,1.10,1.50
2011.05.03 20:41:23.871,0.87871,0.87893,1.10,1.50
2011.05.03 20:41:30.620,0.87869,0.87893,2.60,2.25
2011.05.03 20:41:30.950,0.87869,0.87893,2.60,2.25
2011.05.03 20:41:32.070,0.8787,0.87893,1.10,2.25
2011.05.03 20:41:38.630,0.87871,0.87893,1.10,1.50
2011.05.03 20:41:38.851,0.87871,0.87893,1.10,1.50
2011.05.03 20:41:39.069,0.87871,0.87893,1.10,1.50
2011.05.03 20:41:39.522,0.87873,0.87897,1.10,1.50
2011.05.03 20:41:40.841,0.87872,0.87897,1.85,1.50
2011.05.03 20:41:41.390,0.87871,0.87895,1.10,1.50
2011.05.03 20:41:43.919,0.87871,0.87895,1.10,1.50
2011.05.03 20:41:44.830,0.87871,0.87896,1.10,1.50
2011.05.03 20:41:45.929,0.87871,0.87895,1.10,1.50
2011.05.03 20:41:46.883,0.87871,0.87895,1.10,1.50
2011.05.03 20:41:48.110,0.87871,0.87895,1.10,1.50
2011.05.03 20:41:50.131,0.87871,0.87895,1.10,1.50
2011.05.03 20:41:50.900,0.87871,0.87896,1.10,1.50
2011.05.03 20:41:51.009,0.87871,0.87897,1.10,2.25
2011.05.03 20:42:36.622,0.87871,0.87896,1.10,2.63
2011.05.03 20:42:36.839,0.87871,0.87895,1.10,1.50
2011.05.03 20:42:38.230,0.87868,0.87893,1.10,1.50
2011.05.03 20:42:52.192,0.87868,0.87891,1.10,1.13
2011.05.03 20:42:52.520,0.87872,0.8789,1.50,1.50
2011.05.03 20:42:55.011,0.87875,0.87893,1.50,1.50
2011.05.03 20:42:55.120,0.87873,0.87893,1.50,1.50
2011.05.03 20:42:55.232,0.87868,0.87893,1.50,2.63
2011.05.03 20:42:55.671,0.87868,0.87889,1.50,1.50
2011.05.03 20:42:55.780,0.87867,0.87889,1.10,1.50
2011.05.03 20:42:56.110,0.87867,0.87889,1.10,1.50
2011.05.03 20:42:58.351,0.87866,0.87889,1.85,1.50
2011.05.03 20:42:58.631,0.8786,0.87884,1.85,1.50
2011.05.03 20:42:59.742,0.8786,0.87884,1.10,1.50
2011.05.03 20:43:00.070,0.8786,0.87884,1.10,1.50
2011.05.03 20:43:05.180,0.8786,0.87884,1.10,2.25
2011.05.03 20:43:27.749,0.8786,0.87884,1.10,1.50
2011.05.03 20:43:30.600,0.8786,0.87884,1.10,1.50
2011.05.03 20:43:32.280,0.8786,0.87884,1.10,1.50
2011.05.03 20:43:32.391,0.87863,0.87884,1.50,1.50
2011.05.03 20:43:32.722,0.87873,0.87892,1.50,1.50
2011.05.03 20:43:32.831,0.87869,0.87892,1.50,1.88
2011.05.03 20:43:32.942,0.87869,0.8789,1.50,1.50
2011.05.03 20:43:33.161,0.87864,0.87888,1.10,1.50
2011.05.03 20:43:33.381,0.87861,0.87885,1.10,2.25
2011.05.03 20:43:33.819,0.87861,0.87884,1.10,1.50
2011.05.03 20:43:44.311,0.87859,0.87884,1.50,1.88
2011.05.03 20:43:44.420,0.87857,0.8788,1.10,1.50
2011.05.03 20:43:45.540,0.87857,0.87879,1.10,1.50
2011.05.03 20:43:46.880,0.87857,0.87879,1.10,1.50
2011.05.03 20:43:50.530,0.87857,0.87879,1.10,1.50
2011.05.03 20:43:51.112,0.87857,0.87879,1.10,1.50
2011.05.03 20:43:58.411,0.87853,0.87876,1.10,1.50
2011.05.03 20:44:01.830,0.8785,0.87875,1.10,1.50
2011.05.03 20:44:06.721,0.8785,0.87876,1.47,2.25
2011.05.03 20:44:06.941,0.8785,0.87875,1.10,1.50
2011.05.03 20:44:07.643,0.8785,0.87876,1.10,1.50
2011.05.03 20:44:08.950,0.8785,0.87876,1.10,3.75
2011.05.03 20:44:30.991,0.8785,0.87875,1.10,2.25
2011.05.03 20:44:33.302,0.8785,0.87874,1.10,1.50
2011.05.03 20:44:45.331,0.8785,0.87874,1.10,1.50
2011.05.03 20:44:45.880,0.8785,0.87874,1.10,1.50
2011.05.03 20:45:00.970,0.87849,0.87875,1.10,1.50
2011.05.03 20:45:01.377,0.8785,0.87875,1.10,2.25
2011.05.03 20:45:02.062,0.87851,0.87875,1.10,2.25
2011.05.03 20:45:04.060,0.8785,0.87875,1.10,1.50
2011.05.03 20:45:10.063,0.8785,0.87876,1.47,1.88
2011.05.03 20:45:10.174,0.87851,0.87876,1.50,1.88
2011.05.03 20:45:10.295,0.8785,0.87876,1.10,2.63
2011.05.03 20:45:10.851,0.87851,0.87875,1.10,1.50
2011.05.03 20:45:11.400,0.87851,0.87875,1.10,1.50
2011.05.03 20:45:13.530,0.8785,0.87874,1.10,1.50
2011.05.03 20:45:14.150,0.8785,0.87874,1.10,1.50
2011.05.03 20:45:15.630,0.8785,0.87873,1.10,1.50
2011.05.03 20:45:15.852,0.8785,0.87871,1.10,1.13
2011.05.03 20:45:18.600,0.87841,0.87869,1.13,1.88
2011.05.03 20:45:21.490,0.87841,0.87869,1.13,1.88
2011.05.03 20:45:22.900,0.87841,0.87869,1.13,2.63
2011.05.03 20:45:23.232,0.8784,0.87864,1.50,1.50
2011.05.03 20:45:23.341,0.8784,0.87863,1.50,1.50
2011.05.03 20:45:24.122,0.87838,0.87863,1.10,2.25
2011.05.03 20:45:24.780,0.87838,0.87861,1.10,1.50
2011.05.03 20:45:25.340,0.87838,0.87861,1.10,1.50
2011.05.03 20:45:26.102,0.8784,0.87861,1.50,1.50
2011.05.03 20:45:27.310,0.87838,0.87863,1.13,1.50
2011.05.03 20:45:31.750,0.87838,0.87864,1.13,1.50
2011.05.03 20:45:32.190,0.87838,0.87864,1.88,1.50
2011.05.03 20:45:33.236,0.87838,0.87864,1.13,1.50
2011.05.03 20:45:34.120,0.87838,0.87864,1.50,1.50
2011.05.03 20:45:35.790,0.87837,0.87863,1.85,1.13
2011.05.03 20:45:37.660,0.87837,0.8786,1.50,1.50
2011.05.03 20:45:37.771,0.87837,0.8786,1.50,2.25
2011.05.03 20:45:38.211,0.87837,0.87857,1.50,1.50
2011.05.03 20:45:39.641,0.87835,0.87854,1.50,1.50
2011.05.03 20:45:39.860,0.87832,0.87853,1.50,1.50
2011.05.03 20:45:41.520,0.87832,0.87853,1.50,1.50
2011.05.03 20:45:42.292,0.87834,0.87853,1.50,1.50
2011.05.03 20:45:43.720,0.87834,0.87853,1.50,1.50
2011.05.03 20:45:47.832,0.87833,0.87853,2.25,2.25
2011.05.03 20:46:01.131,0.87833,0.87853,1.50,2.25
2011.05.03 20:46:01.243,0.87829,0.87848,1.50,1.50
2011.05.03 20:46:01.573,0.87826,0.87846,1.50,1.13
2011.05.03 20:46:01.682,0.87819,0.87843,1.50,1.88
2011.05.03 20:46:02.231,0.87819,0.87843,1.50,1.88
2011.05.03 20:46:02.562,0.87819,0.87841,1.50,1.13
2011.05.03 20:46:03.120,0.87819,0.87839,1.50,1.50
2011.05.03 20:46:06.511,0.87815,0.87839,1.85,1.50
2011.05.03 20:46:06.840,0.87811,0.87836,1.10,1.50
2011.05.03 20:46:14.113,0.87819,0.87836,1.50,1.50
2011.05.03 20:46:14.331,0.87823,0.87841,1.50,1.50
2011.05.03 20:46:15.102,0.87821,0.87841,1.50,1.50
2011.05.03 20:46:15.541,0.87819,0.87841,1.50,1.50
2011.05.03 20:46:19.553,0.87816,0.8784,1.50,1.13
2011.05.03 20:46:19.771,0.87813,0.87837,1.10,1.50
2011.05.03 20:46:20.851,0.87813,0.87837,1.10,1.50
2011.05.03 20:46:25.102,0.87824,0.87837,1.50,1.50
2011.05.03 20:46:25.211,0.87824,0.87843,1.50,1.50
2011.05.03 20:46:25.321,0.87824,0.87846,1.50,1.50
2011.05.03 20:46:26.508,0.87824,0.87847,1.50,1.50
2011.05.03 20:46:27.060,0.87824,0.87848,1.50,2.25
2011.05.03 20:46:31.800,0.87824,0.87848,1.50,1.50
2011.05.03 20:46:32.131,0.87832,0.87848,1.50,1.50
2011.05.03 20:46:32.351,0.87835,0.87852,1.50,1.50
2011.05.03 20:46:32.461,0.87835,0.87852,1.50,1.50
2011.05.03 20:46:45.471,0.87836,0.87852,1.50,1.50
2011.05.03 20:46:56.511,0.87836,0.87851,1.50,1.50
2011.05.03 20:46:57.170,0.87836,0.87851,1.50,1.50
2011.05.03 20:46:58.652,0.87831,0.8785,1.50,1.50
2011.05.03 20:46:59.092,0.87825,0.87852,1.10,1.50
2011.05.03 20:46:59.421,0.8783,0.87853,1.50,2.25
2011.05.03 20:46:59.972,0.87829,0.87853,1.10,2.25
2011.05.03 20:47:01.071,0.87833,0.87855,1.50,1.50
2011.05.03 20:47:01.182,0.87833,0.87855,1.50,1.88
2011.05.03 20:47:01.404,0.87826,0.87848,1.10,1.50
2011.05.03 20:47:01.972,0.87824,0.87848,1.10,1.50
2011.05.03 20:47:02.192,0.87821,0.87845,1.10,1.50
2011.05.03 20:47:02.413,0.87826,0.87849,1.10,1.50
2011.05.03 20:47:03.000,0.87826,0.8785,1.10,1.50
2011.05.03 20:47:03.990,0.87828,0.87852,1.50,1.50
2011.05.03 20:47:04.611,0.87832,0.87852,1.50,1.50
2011.05.03 20:47:04.944,0.87832,0.87854,1.50,2.25
2011.05.03 20:47:05.061,0.87831,0.87854,1.85,1.50
2011.05.03 20:47:05.171,0.8783,0.87854,1.10,1.50
2011.05.03 20:47:06.289,0.87817,0.87841,1.10,1.88
2011.05.03 20:47:06.840,0.87818,0.87841,1.10,1.88
2011.05.03 20:47:10.200,0.87819,0.87841,1.10,1.50
2011.05.03 20:47:10.750,0.8782,0.8784,1.85,1.50
2011.05.03 20:47:10.860,0.8782,0.8784,1.85,1.50
2011.05.03 20:47:11.207,0.8782,0.8784,1.85,2.25
2011.05.03 20:47:14.482,0.8782,0.87838,1.85,1.50
2011.05.03 20:47:14.811,0.87816,0.87836,1.10,1.50
2011.05.03 20:47:14.922,0.87812,0.87836,1.10,3.00
2011.05.03 20:47:15.543,0.87812,0.87835,1.10,1.50
2011.05.03 20:47:21.452,0.87812,0.87835,1.10,1.50
2011.05.03 20:47:25.890,0.87812,0.87836,1.10,1.50
2011.05.03 20:47:26.550,0.87808,0.87835,1.10,1.13
2011.05.03 20:47:28.601,0.87808,0.87836,1.85,1.88
2011.05.03 20:47:30.334,0.87815,0.87836,1.50,1.88
2011.05.03 20:47:30.555,0.87812,0.87836,1.50,1.88
2011.05.03 20:47:32.672,0.87808,0.87836,1.10,1.88
2011.05.03 20:47:33.085,0.87808,0.87833,1.10,1.50
2011.05.03 20:47:33.662,0.87808,0.87833,1.10,1.50
2011.05.03 20:47:33.772,0.87805,0.87829,1.10,1.50
2011.05.03 20:47:39.930,0.87805,0.87829,1.10,1.50
2011.05.03 20:47:42.154,0.87816,0.87833,1.50,1.50
2011.05.03 20:47:42.261,0.87816,0.87833,1.50,1.50
2011.05.03 20:47:42.374,0.87813,0.87833,1.50,1.50
2011.05.03 20:47:43.491,0.87813,0.87835,1.50,1.50
2011.05.03 20:47:44.872,0.87811,0.87833,1.10,1.50
2011.05.03 20:47:46.272,0.8781,0.87832,1.50,1.50
2011.05.03 20:47:47.502,0.8781,0.87832,1.50,1.50
2011.05.03 20:47:47.613,0.87811,0.87835,1.10,1.50
2011.05.03 20:47:48.051,0.87811,0.87837,1.10,2.25
2011.05.03 20:47:52.784,0.87814,0.87835,1.50,1.50
2011.05.03 20:47:53.341,0.87811,0.87835,1.10,1.50
2011.05.03 20:47:53.682,0.87813,0.87831,1.50,1.50
2011.05.03 20:47:54.011,0.87799,0.87824,1.10,1.50
2011.05.03 20:47:55.603,0.87799,0.87823,1.10,1.50
2011.05.03 20:47:55.712,0.87799,0.87823,1.10,1.50
2011.05.03 20:47:56.462,0.87799,0.87823,1.10,2.25
2011.05.03 20:47:56.901,0.87798,0.87824,1.10,3.00
2011.05.03 20:47:57.562,0.87802,0.87823,1.10,1.50
2011.05.03 20:47:57.891,0.87802,0.87823,1.10,1.50
2011.05.03 20:47:58.331,0.87802,0.87823,1.10,1.50
2011.05.03 20:48:02.151,0.87802,0.87823,1.10,1.50
2011.05.03 20:48:02.711,0.87802,0.87823,1.10,1.50
2011.05.03 20:48:03.420,0.87802,0.87823,1.10,1.50
2011.05.03 20:48:04.302,0.87802,0.87823,1.10,1.50
2011.05.03 20:48:05.242,0.87804,0.87829,1.10,1.50
2011.05.03 20:48:07.230,0.87804,0.87826,1.10,1.88
2011.05.03 20:48:07.342,0.87801,0.87822,1.10,1.50
2011.05.03 20:48:07.561,0.87801,0.87823,1.10,1.50
2011.05.03 20:48:07.781,0.87801,0.87823,1.10,1.50
2011.05.03 20:48:08.001,0.87801,0.87826,1.10,1.50
2011.05.03 20:48:08.333,0.87803,0.87827,1.50,1.50
2011.05.03 20:48:08.662,0.87805,0.87827,1.10,2.25
2011.05.03 20:48:09.884,0.87805,0.87826,1.10,1.50
2011.05.03 20:48:09.992,0.87805,0.87824,1.10,1.50
2011.05.03 20:48:10.103,0.87802,0.87821,1.10,1.50
2011.05.03 20:48:10.431,0.87802,0.87821,1.10,1.50
2011.05.03 20:48:10.541,0.87802,0.87824,1.10,1.50
2011.05.03 20:48:14.142,0.87802,0.87824,1.10,1.50
2011.05.03 20:48:14.694,0.87802,0.87824,1.10,1.50
2011.05.03 20:48:14.922,0.87802,0.87824,1.10,1.50
2011.05.03 20:48:15.481,0.87802,0.87824,1.10,1.50
2011.05.03 20:48:17.521,0.87802,0.87824,1.10,1.50
2011.05.03 20:48:22.471,0.87802,0.87826,1.10,1.50
2011.05.03 20:48:23.192,0.87802,0.87828,1.10,2.25
2011.05.03 20:48:24.431,0.87802,0.87826,1.10,1.50
2011.05.03 20:48:24.981,0.87801,0.87826,1.10,1.50
2011.05.03 20:48:26.472,0.87799,0.87824,1.10,1.50
2011.05.03 20:48:26.801,0.87795,0.87821,1.10,1.50
2011.05.03 20:48:27.351,0.87796,0.87816,1.10,3.00
2011.05.03 20:48:27.571,0.87796,0.87816,1.10,3.00
2011.05.03 20:48:28.550,0.87796,0.87816,1.10,3.00
2011.05.03 20:48:29.372,0.87796,0.87816,1.10,2.25
2011.05.03 20:48:29.700,0.87796,0.87814,1.10,1.50
2011.05.03 20:48:29.922,0.87796,0.87819,1.10,1.50
2011.05.03 20:48:30.032,0.87796,0.8782,1.85,1.50
2011.05.03 20:48:30.589,0.87798,0.87822,1.10,2.25
2011.05.03 20:48:32.631,0.87801,0.87824,1.10,1.50
2011.05.03 20:48:38.491,0.87801,0.87824,1.10,1.50
2011.05.03 20:48:41.822,0.87799,0.87823,1.10,2.25
2011.05.03 20:48:42.150,0.87799,0.87821,1.10,2.25
2011.05.03 20:48:43.832,0.87799,0.87821,1.10,2.25
2011.05.03 20:48:44.843,0.87799,0.87821,1.10,2.25
2011.05.03 20:48:46.141,0.87799,0.87821,1.10,2.25
2011.05.03 20:48:46.252,0.87799,0.87816,1.10,2.25
2011.05.03 20:48:46.361,0.87799,0.87816,1.10,2.25
2011.05.03 20:48:47.282,0.87799,0.87811,1.10,1.50
2011.05.03 20:48:47.891,0.87799,0.87815,1.10,1.50
2011.05.03 20:48:48.112,0.87799,0.8782,1.10,1.50
2011.05.03 20:48:48.661,0.87799,0.87818,1.10,1.50
2011.05.03 20:48:52.881,0.87799,0.8782,1.10,1.50
2011.05.03 20:48:52.991,0.878,0.87822,1.10,1.50
2011.05.03 20:48:53.431,0.878,0.87824,1.10,1.50
2011.05.03 20:48:54.171,0.878,0.87822,1.10,1.50
2011.05.03 20:48:57.552,0.878,0.87822,1.10,1.50
2011.05.03 20:48:57.661,0.87801,0.87825,1.50,1.50
2011.05.03 20:48:57.880,0.87804,0.87826,1.10,2.25
2011.05.03 20:49:00.472,0.87804,0.87825,1.10,1.50
2011.05.03 20:49:00.801,0.87807,0.87831,1.10,2.25
2011.05.03 20:49:00.912,0.87807,0.87832,1.10,2.10
2011.05.03 20:49:01.351,0.87807,0.87831,1.10,1.50
2011.05.03 20:49:04.431,0.87807,0.87827,1.10,2.25
2011.05.03 20:49:09.283,0.8781,0.87827,1.10,1.50
2011.05.03 20:49:09.392,0.8781,0.87832,1.10,1.35
2011.05.03 20:49:12.575,0.8781,0.87832,1.10,1.35
2011.05.03 20:49:12.911,0.8781,0.87835,1.10,1.50
2011.05.03 20:49:14.240,0.8781,0.87836,1.10,2.25
2011.05.03 20:49:32.828,0.8781,0.87836,1.10,2.25
2011.05.03 20:49:33.163,0.87813,0.87837,1.50,1.50
2011.05.03 20:49:49.935,0.87813,0.87837,1.50,1.50
2011.05.03 20:49:55.760,0.8781,0.87836,1.10,2.63
2011.05.03 20:49:55.876,0.8781,0.87834,1.10,1.50
2011.05.03 20:49:57.488,0.8781,0.87834,1.10,1.50
2011.05.03 20:49:57.820,0.8781,0.87834,1.10,1.50
2011.05.03 20:49:58.902,0.8781,0.87834,1.10,1.50
2011.05.03 20:50:05.560,0.8781,0.87834,1.10,1.50
2011.05.03 20:50:07.282,0.8781,0.87834,1.10,1.50
2011.05.03 20:50:07.611,0.87807,0.87831,1.10,1.50
2011.05.03 20:50:14.868,0.87806,0.87829,1.10,1.50
2011.05.03 20:50:15.420,0.87805,0.87825,1.10,1.50
2011.05.03 20:50:15.971,0.87805,0.87825,1.10,1.50
2011.05.03 20:50:18.242,0.87805,0.87823,1.10,1.35
2011.05.03 20:50:18.572,0.87797,0.87815,1.10,1.13
2011.05.03 20:50:18.681,0.87794,0.87812,1.10,1.50
2011.05.03 20:50:18.791,0.87794,0.87812,1.10,2.25
2011.05.03 20:50:19.343,0.87786,0.87808,1.10,1.13
2011.05.03 20:50:19.890,0.87786,0.87808,1.10,1.13
2011.05.03 20:50:20.698,0.87786,0.87808,1.10,1.13
2011.05.03 20:50:22.952,0.87789,0.87809,1.10,1.50
2011.05.03 20:50:23.173,0.87789,0.87809,1.10,1.50
2011.05.03 20:50:23.502,0.87789,0.87809,1.10,1.88
2011.05.03 20:50:24.991,0.87786,0.87808,1.10,1.88
2011.05.03 20:50:25.761,0.87786,0.87807,1.10,1.13
2011.05.03 20:50:26.311,0.87781,0.87805,1.10,1.13
2011.05.03 20:50:26.642,0.87774,0.87798,1.10,1.13
2011.05.03 20:50:26.751,0.87774,0.87798,1.10,1.13
2011.05.03 20:50:27.441,0.87774,0.87798,1.10,1.88
2011.05.03 20:50:27.791,0.87774,0.878,1.10,1.88
2011.05.03 20:50:28.012,0.87774,0.87799,1.10,1.50
2011.05.03 20:50:30.102,0.87775,0.878,1.50,2.63
2011.05.03 20:50:30.322,0.87776,0.878,1.50,1.50
2011.05.03 20:50:30.431,0.87778,0.878,1.10,1.50
2011.05.03 20:50:30.541,0.87778,0.87801,1.10,1.50
2011.05.03 20:50:31.111,0.87778,0.87802,1.10,1.50
2011.05.03 20:50:32.172,0.87778,0.87802,1.10,1.50
2011.05.03 20:50:32.850,0.87778,0.87803,1.10,1.50
2011.05.03 20:50:33.181,0.87776,0.87799,1.10,1.50
2011.05.03 20:50:33.291,0.87775,0.87798,1.10,1.88
2011.05.03 20:50:33.403,0.87771,0.87798,1.10,1.13
2011.05.03 20:50:33.733,0.8778,0.87799,1.13,1.50
2011.05.03 20:50:34.061,0.87784,0.87808,1.10,1.50
2011.05.03 20:50:35.773,0.87783,0.87808,1.10,1.50
2011.05.03 20:50:35.994,0.87777,0.87799,1.10,1.50
2011.05.03 20:50:36.563,0.87777,0.87799,1.10,1.50
2011.05.03 20:50:36.785,0.87777,0.87801,1.10,1.50
2011.05.03 20:50:52.711,0.87779,0.87799,1.50,1.50
2011.05.03 20:50:53.040,0.87779,0.87799,1.50,2.25
2011.05.03 20:50:57.062,0.87778,0.87799,1.50,2.25
2011.05.03 20:50:57.720,0.87777,0.87798,2.25,1.50
2011.05.03 20:50:58.311,0.87775,0.87797,1.10,1.50
2011.05.03 20:50:58.640,0.87777,0.87797,2.25,1.50
2011.05.03 20:51:00.450,0.87776,0.87797,1.50,1.50
2011.05.03 20:51:02.044,0.87775,0.87795,1.50,2.25
2011.05.03 20:51:02.372,0.8777,0.87795,1.10,1.50
2011.05.03 20:51:03.081,0.87777,0.87795,1.50,1.50
2011.05.03 20:51:05.861,0.87771,0.87795,1.50,1.50
2011.05.03 20:51:06.161,0.87777,0.87795,1.50,1.50
2011.05.03 20:51:07.905,0.8777,0.87794,1.10,1.50
2011.05.03 20:51:08.351,0.87773,0.87794,1.50,1.50
2011.05.03 20:51:08.791,0.8777,0.87794,1.10,2.63
2011.05.03 20:51:09.231,0.87767,0.87791,1.10,1.50
2011.05.03 20:51:10.441,0.87764,0.87792,1.10,1.88
2011.05.03 20:51:10.992,0.87764,0.87788,1.10,1.50
2011.05.03 20:51:11.324,0.87756,0.87776,1.50,1.50
2011.05.03 20:51:11.443,0.87751,0.87774,1.85,1.13
2011.05.03 20:51:11.883,0.87751,0.87773,1.50,1.50
2011.05.03 20:51:12.212,0.87751,0.87772,1.50,1.50
2011.05.03 20:51:13.582,0.87751,0.8777,1.50,1.50
2011.05.03 20:51:13.696,0.87743,0.87768,1.10,2.25
2011.05.03 20:51:14.142,0.8775,0.87771,1.50,1.50
2011.05.03 20:51:14.252,0.87751,0.87772,1.50,2.25
2011.05.03 20:51:15.462,0.87749,0.87768,1.50,1.50
2011.05.03 20:51:15.682,0.87752,0.87772,1.50,2.25
2011.05.03 20:51:15.791,0.87751,0.87772,1.50,2.25
2011.05.03 20:51:16.341,0.87751,0.87772,1.50,2.25
2011.05.03 20:51:20.091,0.87752,0.87772,1.50,1.50
2011.05.03 20:51:20.544,0.87744,0.87765,1.10,1.50
2011.05.03 20:51:21.310,0.87741,0.87765,1.10,2.25
2011.05.03 20:51:21.641,0.87736,0.87762,1.85,1.50
2011.05.03 20:51:21.751,0.87736,0.87759,1.50,1.50
2011.05.03 20:51:22.962,0.87736,0.87756,1.50,1.13
2011.05.03 20:51:23.313,0.87736,0.87754,1.50,1.50
2011.05.03 20:51:23.862,0.87736,0.87754,1.50,1.50
2011.05.03 20:51:23.973,0.87736,0.87758,1.50,2.25
2011.05.03 20:51:24.083,0.87736,0.87758,1.50,1.50
2011.05.03 20:51:24.193,0.87736,0.8776,1.50,1.13
2011.05.03 20:51:27.853,0.87736,0.87758,1.50,1.50
2011.05.03 20:51:28.183,0.87738,0.87766,2.22,2.25
2011.05.03 20:51:28.841,0.87743,0.87766,1.10,1.50
2011.05.03 20:51:29.062,0.87743,0.87766,1.10,1.50
2011.05.03 20:51:29.171,0.87743,0.87767,1.10,1.50
2011.05.03 20:51:29.391,0.87743,0.87766,1.10,2.25
2011.05.03 20:51:29.721,0.87739,0.87763,1.10,1.50
2011.05.03 20:51:30.702,0.87736,0.87758,1.50,1.50
2011.05.03 20:51:31.452,0.87736,0.87758,1.50,2.25
2011.05.03 20:51:31.914,0.87731,0.87755,1.85,1.50
2011.05.03 20:51:34.371,0.87731,0.87754,1.85,1.50
2011.05.03 20:51:34.701,0.87731,0.87756,1.85,2.25
2011.05.03 20:51:37.560,0.87731,0.87755,1.85,1.50
2011.05.03 20:51:38.298,0.87731,0.87753,1.85,1.50
2011.05.03 20:51:38.851,0.87727,0.87751,1.10,1.50
2011.05.03 20:51:41.880,0.87727,0.87751,1.10,2.25
2011.05.03 20:51:43.231,0.87727,0.87751,1.10,1.50
2011.05.03 20:51:43.671,0.87731,0.87754,1.85,1.50
2011.05.03 20:51:48.761,0.87732,0.87753,1.50,1.88
2011.05.03 20:51:49.311,0.87732,0.8775,1.50,1.50
2011.05.03 20:51:49.641,0.87732,0.87752,1.50,1.50
2011.05.03 20:51:50.194,0.8773,0.87755,1.10,2.25
2011.05.03 20:51:50.302,0.8773,0.87755,1.10,2.63
2011.05.03 20:51:50.721,0.8773,0.87755,1.10,1.88
2011.05.03 20:51:51.271,0.8773,0.87752,1.10,1.50
2011.05.03 20:51:53.601,0.8773,0.87752,1.10,1.50
2011.05.03 20:51:53.931,0.8773,0.87752,1.10,1.50
2011.05.03 20:51:55.143,0.87727,0.8775,1.50,1.50
2011.05.03 20:51:56.375,0.87725,0.8775,1.10,1.50
2011.05.03 20:52:08.534,0.87731,0.87753,1.10,1.50
2011.05.03 20:52:09.982,0.87731,0.87755,1.10,1.50
2011.05.03 20:52:13.436,0.8774,0.87755,1.50,1.50
2011.05.03 20:52:13.772,0.87752,0.87775,2.25,2.25
2011.05.03 20:52:15.571,0.87754,0.87775,1.50,2.25
2011.05.03 20:52:18.591,0.87754,0.87775,1.50,2.25
2011.05.03 20:52:19.431,0.87754,0.87776,1.50,1.50
2011.05.03 20:52:19.762,0.87757,0.87783,1.85,2.25
2011.05.03 20:52:20.201,0.87758,0.87781,1.50,1.50
2011.05.03 20:52:20.531,0.87757,0.87783,1.10,1.50
2011.05.03 20:52:20.752,0.8776,0.87784,1.10,1.50
2011.05.03 20:52:22.433,0.87762,0.87785,1.50,2.25
2011.05.03 20:52:22.987,0.87764,0.87788,1.85,1.50
2011.05.03 20:52:26.323,0.87764,0.87776,1.10,1.50
2011.05.03 20:52:26.652,0.8776,0.87776,1.10,1.50
2011.05.03 20:52:27.296,0.8776,0.87782,1.10,1.50
2011.05.03 20:52:27.842,0.8776,0.87781,1.10,1.50
2011.05.03 20:52:29.652,0.8776,0.87781,1.10,1.50
2011.05.03 20:52:29.981,0.87763,0.87778,1.10,1.50
2011.05.03 20:52:32.077,0.87763,0.87778,1.10,1.50
2011.05.03 20:52:32.442,0.87764,0.87778,1.85,1.50
2011.05.03 20:52:34.233,0.87764,0.8779,1.47,1.50
2011.05.03 20:52:34.561,0.87763,0.87777,1.10,1.50
2011.05.03 20:52:38.382,0.87763,0.87777,1.10,1.50
2011.05.03 20:52:38.931,0.87763,0.8779,1.85,1.50
2011.05.03 20:52:39.511,0.87764,0.87786,1.10,1.50
2011.05.03 20:52:41.537,0.87764,0.87786,1.10,1.50
2011.05.03 20:52:41.873,0.87769,0.87786,1.50,1.50
2011.05.03 20:52:42.091,0.87764,0.8779,1.85,1.50
2011.05.03 20:52:50.192,0.87764,0.8779,1.85,1.50
2011.05.03 20:52:50.413,0.87761,0.87784,1.13,1.50
2011.05.03 20:52:50.743,0.87764,0.87789,1.10,1.50
2011.05.03 20:52:54.082,0.87764,0.87788,1.10,1.50
2011.05.03 20:52:57.553,0.87756,0.87778,1.10,1.50
2011.05.03 20:53:02.192,0.87756,0.87781,1.47,1.50
2011.05.03 20:53:02.521,0.87759,0.87781,1.47,1.50
2011.05.03 20:53:10.713,0.87752,0.87774,1.10,1.50
2011.05.03 20:53:10.822,0.87752,0.87774,1.10,1.50
2011.05.03 20:53:13.202,0.87752,0.87774,1.10,1.50
2011.05.03 20:53:13.751,0.87752,0.87774,1.10,1.50
2011.05.03 20:53:16.647,0.87752,0.87774,1.85,1.50
2011.05.03 20:53:17.992,0.87752,0.87767,1.10,1.35
2011.05.03 20:53:18.321,0.87745,0.87764,1.85,1.35
2011.05.03 20:53:43.071,0.87745,0.87765,1.10,1.35
2011.05.03 20:53:43.402,0.87745,0.87767,1.47,1.50
2011.05.03 20:53:43.731,0.8775,0.87774,1.10,2.25
2011.05.03 20:53:45.461,0.8775,0.87774,1.10,2.25
2011.05.03 20:53:52.603,0.8775,0.87768,1.10,1.50
2011.05.03 20:53:52.712,0.87749,0.87768,1.10,1.50
2011.05.03 20:53:53.261,0.87747,0.87774,1.10,2.25
2011.05.03 20:54:09.093,0.87753,0.87775,1.10,1.50
2011.05.03 20:54:10.093,0.87754,0.87777,1.13,3.00
2011.05.03 20:54:10.203,0.87754,0.87777,2.22,1.50
2011.05.03 20:54:10.763,0.87755,0.87779,1.10,2.25
2011.05.03 20:54:14.362,0.87755,0.87777,1.10,1.50
2011.05.03 20:54:14.691,0.87754,0.87777,1.10,1.50
2011.05.03 20:54:16.506,0.87753,0.87777,1.10,1.50
2011.05.03 20:54:16.621,0.87751,0.87777,2.22,2.25
2011.05.03 20:54:18.543,0.87753,0.87777,1.10,2.25
2011.05.03 20:54:18.874,0.87757,0.87778,1.50,1.50
2011.05.03 20:54:19.932,0.87758,0.87782,1.10,2.25
2011.05.03 20:54:20.262,0.87761,0.87786,1.10,1.50
2011.05.03 20:54:20.812,0.87761,0.87786,1.10,1.50
2011.05.03 20:54:21.033,0.87755,0.8778,1.85,1.50
2011.05.03 20:54:22.453,0.87758,0.87782,1.10,2.63
2011.05.03 20:54:22.673,0.87759,0.87782,1.10,3.00
2011.05.03 20:54:23.030,0.87758,0.8778,1.10,1.50
2011.05.03 20:54:23.583,0.87757,0.8778,1.10,1.50
2011.05.03 20:54:25.043,0.87758,0.8778,1.10,1.50
2011.05.03 20:54:25.482,0.8776,0.87782,1.10,1.50
2011.05.03 20:54:27.333,0.8776,0.87785,1.10,1.50
2011.05.03 20:54:35.069,0.87759,0.87782,1.85,1.50
2011.05.03 20:54:35.403,0.87755,0.87784,1.47,1.50
2011.05.03 20:54:36.731,0.87755,0.87786,1.47,1.50
2011.05.03 20:54:36.951,0.87762,0.87787,1.10,1.50
2011.05.03 20:54:37.713,0.87763,0.87787,1.10,1.50
2011.05.03 20:54:39.152,0.87761,0.87787,1.10,1.50
2011.05.03 20:54:39.483,0.87752,0.87771,1.10,1.50
2011.05.03 20:54:44.671,0.87752,0.87772,1.85,1.50
2011.05.03 20:54:45.222,0.8776,0.87783,1.47,1.50
2011.05.03 20:54:45.770,0.8776,0.87787,1.47,1.50
2011.05.03 20:54:45.896,0.8776,0.87787,1.47,1.50
2011.05.03 20:54:46.232,0.87763,0.87787,1.10,2.25
2011.05.03 20:54:46.561,0.87763,0.87787,1.85,2.25
2011.05.03 20:54:49.095,0.87764,0.87787,1.10,2.25
2011.05.03 20:54:50.736,0.87765,0.87787,1.10,2.25
2011.05.03 20:54:55.191,0.87764,0.87787,1.10,2.25
2011.05.03 20:54:55.743,0.87761,0.87785,1.10,1.50
2011.05.03 20:54:59.951,0.87763,0.87787,1.50,1.50
2011.05.03 20:55:00.061,0.87766,0.87788,1.10,1.50
2011.05.03 20:55:00.621,0.87765,0.87788,1.10,1.50
2011.05.03 20:55:00.983,0.87762,0.87786,1.10,1.50
2011.05.03 20:55:01.310,0.8776,0.87788,1.85,1.50
2011.05.03 20:55:01.546,0.87762,0.87786,1.10,1.50
2011.05.03 20:55:01.991,0.87762,0.87786,1.10,1.50
2011.05.03 20:55:02.916,0.87765,0.87788,1.10,1.50
2011.05.03 20:55:03.703,0.87763,0.87785,1.10,1.50
2011.05.03 20:55:04.851,0.87763,0.87787,1.47,1.50
2011.05.03 20:55:04.961,0.87768,0.8779,1.10,1.50
2011.05.03 20:55:05.732,0.87766,0.8779,1.10,1.50
2011.05.03 20:55:05.841,0.87765,0.87786,1.50,1.50
2011.05.03 20:55:07.975,0.87762,0.87788,1.10,1.50
2011.05.03 20:55:08.091,0.87769,0.8779,1.10,1.50
2011.05.03 20:55:08.201,0.87769,0.87793,1.10,1.50
2011.05.03 20:55:08.532,0.87765,0.87786,1.50,1.50
2011.05.03 20:55:08.641,0.87762,0.87786,1.10,1.50
2011.05.03 20:55:14.795,0.8776,0.87786,2.60,1.50
2011.05.03 20:55:15.143,0.87758,0.87776,1.88,1.50
2011.05.03 20:55:15.250,0.87752,0.87776,1.10,1.50
2011.05.03 20:55:15.800,0.8775,0.87776,1.10,1.50
2011.05.03 20:55:16.971,0.87752,0.87777,1.10,1.50
2011.05.03 20:55:17.790,0.87752,0.87776,1.10,1.50
2011.05.03 20:55:18.093,0.8775,0.87776,1.50,1.50
2011.05.03 20:55:19.691,0.8776,0.87774,1.50,1.50
2011.05.03 20:55:19.801,0.87762,0.87784,1.10,1.50
2011.05.03 20:55:19.910,0.8776,0.87784,1.85,1.50
2011.05.03 20:55:20.240,0.8776,0.87778,1.10,1.50
2011.05.03 20:55:20.460,0.87753,0.87777,1.10,1.50
2011.05.03 20:55:21.970,0.87753,0.87777,1.10,1.50
2011.05.03 20:55:22.385,0.87755,0.87777,1.10,1.50
2011.05.03 20:55:22.602,0.87756,0.87777,1.50,1.50
2011.05.03 20:55:22.930,0.87762,0.87786,1.10,1.50
2011.05.03 20:55:23.521,0.87762,0.87786,1.85,1.50
2011.05.03 20:55:25.040,0.8776,0.87784,1.85,1.50
2011.05.03 20:55:26.031,0.8776,0.87784,1.85,1.50
2011.05.03 20:55:26.580,0.8776,0.87784,1.85,1.50
2011.05.03 20:55:27.701,0.8776,0.87784,1.85,1.50
2011.05.03 20:55:28.372,0.87761,0.87785,1.85,1.50
2011.05.03 20:55:30.130,0.87763,0.87785,1.10,1.50
2011.05.03 20:55:30.682,0.8776,0.87781,1.50,1.50
2011.05.03 20:55:31.350,0.87759,0.87781,1.10,1.50
2011.05.03 20:55:31.900,0.87757,0.87781,1.10,1.50
2011.05.03 20:55:32.122,0.87756,0.87779,1.10,1.50
2011.05.03 20:55:32.700,0.87755,0.87779,1.10,1.50
2011.05.03 20:55:33.290,0.87754,0.87779,2.60,1.50
2011.05.03 20:55:34.845,0.87756,0.87779,1.10,1.50
2011.05.03 20:55:37.410,0.87756,0.87779,1.10,1.50
2011.05.03 20:55:41.115,0.87757,0.87779,1.10,1.50
2011.05.03 20:55:45.405,0.87757,0.87779,1.10,1.50
2011.05.03 20:55:49.651,0.87757,0.87781,1.10,1.50
2011.05.03 20:55:49.871,0.87761,0.87782,1.10,1.13
2011.05.03 20:55:50.423,0.8776,0.87783,1.10,1.50
2011.05.03 20:56:02.651,0.87754,0.87778,1.10,1.50
2011.05.03 20:56:09.701,0.87754,0.87778,1.10,1.50
2011.05.03 20:56:10.594,0.87754,0.87778,1.10,1.50
2011.05.03 20:56:11.338,0.87751,0.87774,2.25,1.50
2011.05.03 20:56:15.071,0.87752,0.87774,1.50,1.50
2011.05.03 20:56:15.181,0.87758,0.87774,1.50,1.50
2011.05.03 20:56:15.874,0.87754,0.87774,2.25,1.50
2011.05.03 20:56:16.200,0.87752,0.87774,1.50,1.50
2011.05.03 20:56:17.121,0.87752,0.87774,1.50,1.50
2011.05.03 20:56:17.450,0.87741,0.87765,1.10,2.25
2011.05.03 20:56:21.550,0.87748,0.87772,1.10,2.25
2011.05.03 20:56:23.296,0.87748,0.87772,1.10,2.25
2011.05.03 20:56:25.172,0.87748,0.87772,1.10,2.25
2011.05.03 20:56:26.574,0.87747,0.87772,1.10,2.25
2011.05.03 20:56:26.901,0.87747,0.87769,1.10,1.50
2011.05.03 20:56:27.011,0.87743,0.87767,1.10,1.50
2011.05.03 20:56:27.990,0.87743,0.87767,1.10,1.50
2011.05.03 20:56:28.740,0.87743,0.87767,1.10,1.50
2011.05.03 20:56:29.580,0.87743,0.87767,1.10,1.50
2011.05.03 20:56:30.130,0.87743,0.87767,1.10,1.50
2011.05.03 20:56:30.680,0.87743,0.87767,1.10,1.50
2011.05.03 20:56:31.120,0.87746,0.87771,1.10,1.50
2011.05.03 20:56:31.820,0.87746,0.87771,1.10,1.50
2011.05.03 20:56:34.385,0.87746,0.87771,1.10,1.50
2011.05.03 20:56:34.941,0.87744,0.87768,1.10,2.25
2011.05.03 20:56:35.381,0.87739,0.87764,1.10,1.50
2011.05.03 20:56:35.983,0.87738,0.87764,1.10,2.25
2011.05.03 20:56:36.095,0.87736,0.87762,1.10,1.50
2011.05.03 20:56:36.423,0.87729,0.87751,1.10,1.50
2011.05.03 20:56:36.534,0.87726,0.87746,1.10,1.50
2011.05.03 20:56:36.863,0.87726,0.87749,1.85,1.50
2011.05.03 20:56:37.191,0.87743,0.87766,1.50,1.50
2011.05.03 20:56:37.302,0.87748,0.87767,1.10,1.50
2011.05.03 20:56:37.751,0.87744,0.87768,1.10,1.50
2011.05.03 20:56:37.970,0.87744,0.87769,1.10,1.50
2011.05.03 20:56:39.302,0.87744,0.8777,1.10,2.25
2011.05.03 20:56:39.850,0.87744,0.87768,1.10,1.50
2011.05.03 20:56:40.402,0.8774,0.87763,1.10,1.50
2011.05.03 20:56:40.731,0.87742,0.87762,1.50,1.50
2011.05.03 20:56:42.550,0.87745,0.87762,1.50,1.50
2011.05.03 20:56:42.662,0.87746,0.87768,1.10,1.50
2011.05.03 20:56:43.211,0.87747,0.87768,1.50,1.50
2011.05.03 20:56:44.323,0.87746,0.87768,1.10,1.50
2011.05.03 20:56:44.542,0.87739,0.87764,1.10,1.50
2011.05.03 20:56:44.651,0.87735,0.87759,1.10,1.50
2011.05.03 20:56:52.543,0.87736,0.87759,1.10,1.50
2011.05.03 20:56:52.652,0.87737,0.87759,1.10,1.50
2011.05.03 20:56:55.400,0.87734,0.87759,1.10,1.50
2011.05.03 20:56:55.731,0.87726,0.87751,1.85,1.50
2011.05.03 20:56:57.103,0.87726,0.87745,1.10,1.50
2011.05.03 20:56:57.431,0.87723,0.87742,1.10,1.50
2011.05.03 20:56:57.760,0.8773,0.87755,1.10,1.50
2011.05.03 20:56:58.834,0.8773,0.87755,1.10,1.50
2011.05.03 20:57:00.044,0.8773,0.87755,1.10,1.50
2011.05.03 20:57:00.481,0.87732,0.87758,1.10,2.25
2011.05.03 20:57:01.752,0.87732,0.87758,1.85,2.25
2011.05.03 20:57:04.651,0.87734,0.87758,1.10,1.50
2011.05.03 20:57:04.871,0.87738,0.87763,1.85,1.50
2011.05.03 20:57:06.561,0.87738,0.87763,1.10,1.50
2011.05.03 20:57:06.781,0.87736,0.8776,1.10,1.50
2011.05.03 20:57:09.696,0.87735,0.8776,2.22,1.50
2011.05.03 20:57:10.030,0.87739,0.87763,1.10,1.50
2011.05.03 20:57:10.692,0.87739,0.87763,1.10,1.50
2011.05.03 20:57:11.253,0.87739,0.87763,1.10,1.50
2011.05.03 20:57:11.803,0.87739,0.87763,1.10,1.50
2011.05.03 20:57:12.025,0.87736,0.8776,3.20,2.25
2011.05.03 20:57:12.354,0.87737,0.87761,1.10,1.50
2011.05.03 20:57:12.683,0.87734,0.87759,1.10,1.50
2011.05.03 20:57:13.021,0.87734,0.87759,1.10,2.25
2011.05.03 20:57:17.180,0.87729,0.8775,1.10,1.50
2011.05.03 20:57:17.511,0.87725,0.87745,1.10,1.50
2011.05.03 20:57:19.384,0.87725,0.87745,1.85,1.50
2011.05.03 20:57:19.711,0.87725,0.87746,1.10,1.50
2011.05.03 20:57:20.041,0.87728,0.87746,1.10,1.50
2011.05.03 20:57:20.590,0.87728,0.87746,1.10,1.50
2011.05.03 20:57:20.952,0.87726,0.87746,1.10,1.50
2011.05.03 20:57:21.532,0.87726,0.87746,1.10,1.50
2011.05.03 20:57:24.334,0.87726,0.87746,1.85,1.50
2011.05.03 20:57:24.662,0.87727,0.87747,1.47,1.50
2011.05.03 20:57:24.771,0.87727,0.87752,1.47,1.50
2011.05.03 20:57:26.112,0.87731,0.87753,1.47,1.50
2011.05.03 20:57:26.662,0.8773,0.87755,1.10,1.50
2011.05.03 20:57:28.752,0.87733,0.87757,1.10,1.50
2011.05.03 20:57:29.291,0.87733,0.87757,1.10,1.50
2011.05.03 20:57:29.400,0.87733,0.87757,1.10,1.50
2011.05.03 20:57:29.980,0.8773,0.87757,2.22,1.50
2011.05.03 20:57:30.091,0.8773,0.87757,2.22,1.50
2011.05.03 20:57:33.031,0.87734,0.87758,1.10,3.60
2011.05.03 20:57:33.361,0.87734,0.87748,1.47,1.50
2011.05.03 20:57:33.691,0.87734,0.87748,1.10,1.50
2011.05.03 20:57:41.171,0.87734,0.87756,1.10,1.50
2011.05.03 20:57:42.840,0.87734,0.87756,1.10,1.50
2011.05.03 20:57:51.541,0.87731,0.87756,1.85,1.50
2011.05.03 20:57:51.652,0.8773,0.87755,1.10,1.50
2011.05.03 20:57:51.761,0.8773,0.87755,1.10,1.50
2011.05.03 20:57:52.091,0.87732,0.87759,1.10,1.88
2011.05.03 20:57:52.531,0.87732,0.87757,1.10,1.88
2011.05.03 20:57:53.081,0.87732,0.87756,1.10,1.50
2011.05.03 20:57:58.041,0.87731,0.87756,1.10,2.25
2011.05.03 20:57:58.930,0.87737,0.87756,1.50,2.25
2011.05.03 20:57:59.261,0.8774,0.87766,1.10,1.50
2011.05.03 20:57:59.481,0.87739,0.87765,1.85,1.50
2011.05.03 20:58:00.081,0.87739,0.87765,2.60,1.50
2011.05.03 20:58:00.190,0.87741,0.87765,1.50,1.50
2011.05.03 20:58:00.646,0.87739,0.87762,1.85,1.50
2011.05.03 20:58:00.762,0.87739,0.87762,1.10,1.50
2011.05.03 20:58:01.320,0.87735,0.87767,3.23,1.13
2011.05.03 20:58:02.660,0.87738,0.87768,1.13,1.13
2011.05.03 20:58:03.911,0.87743,0.87768,1.50,1.13
2011.05.03 20:58:04.240,0.87743,0.87765,1.50,1.13
2011.05.03 20:58:05.951,0.87731,0.87762,2.85,1.88
2011.05.03 20:58:06.060,0.87731,0.87761,2.85,1.13
2011.05.03 20:58:06.171,0.87731,0.87762,1.13,1.50
2011.05.03 20:58:06.786,0.87731,0.87762,1.50,1.50
2011.05.03 20:58:11.853,0.8773,0.87761,1.50,1.50
2011.05.03 20:58:12.850,0.8773,0.8776,1.13,1.13
2011.05.03 20:58:13.070,0.87728,0.8776,1.13,1.13
2011.05.03 20:58:24.290,0.87728,0.87757,1.13,1.50
2011.05.03 20:58:26.431,0.87726,0.87757,1.13,1.50
2011.05.03 20:58:27.092,0.87728,0.87756,1.13,1.50
2011.05.03 20:58:28.560,0.87729,0.87756,1.13,1.50
2011.05.03 20:58:28.890,0.87727,0.87756,1.13,1.50
2011.05.03 20:58:31.840,0.87727,0.87756,1.13,1.50
2011.05.03 20:58:47.050,0.87726,0.87757,1.13,1.50
2011.05.03 20:58:47.770,0.87726,0.87757,1.13,1.50
2011.05.03 20:58:49.331,0.87726,0.87757,1.13,1.50
2011.05.03 20:58:52.370,0.87728,0.8776,1.13,1.13
2011.05.03 20:58:52.590,0.87725,0.87755,1.13,1.13
2011.05.03 20:58:52.812,0.87731,0.8776,1.50,1.50
2011.05.03 20:58:52.921,0.87732,0.87764,1.13,1.13
2011.05.03 20:58:53.030,0.87742,0.87768,1.13,1.50
2011.05.03 20:58:53.142,0.87744,0.87771,3.23,1.50
2011.05.03 20:58:53.251,0.87744,0.87772,2.85,1.13
2011.05.03 20:58:53.361,0.87744,0.8777,2.10,1.50
2011.05.03 20:58:53.690,0.87733,0.87766,1.13,1.13
2011.05.03 20:58:55.569,0.87733,0.87766,1.13,1.13
2011.05.03 20:59:01.011,0.87726,0.87774,1.50,1.50
2011.05.03 20:59:01.659,0.87726,0.87774,1.50,1.50
2011.05.03 20:59:03.820,0.87726,0.87774,1.50,1.50
2011.05.03 20:59:08.150,0.87729,0.87778,1.50,1.50
2011.05.03 20:59:10.411,0.87725,0.87773,1.50,1.50
2011.05.03 20:59:17.869,0.87721,0.8777,1.50,1.50
2011.05.03 20:59:18.561,0.8772,0.87764,1.13,1.50
2011.05.03 20:59:19.207,0.87714,0.87756,1.50,1.13
2011.05.03 20:59:27.939,0.87714,0.87759,1.50,1.13
2011.05.03 20:59:32.830,0.87714,0.87756,1.50,1.13
2011.05.03 20:59:34.502,0.87714,0.87754,1.50,1.13
2011.05.03 20:59:35.492,0.87714,0.87754,1.50,1.13
2011.05.03 20:59:37.369,0.87714,0.87755,1.50,1.13
2011.05.03 20:59:38.739,0.87714,0.87755,1.50,1.13
2011.05.03 20:59:42.091,0.87716,0.87756,1.50,2.10
2011.05.03 20:59:43.721,0.87716,0.87756,1.50,2.85
2011.05.03 20:59:45.960,0.87709,0.87756,2.85,2.85
2011.05.03 20:59:46.750,0.87709,0.87756,2.10,2.85
2011.05.03 20:59:51.839,0.87709,0.87756,2.10,2.10
2011.05.03 20:59:53.300,0.87709,0.87756,2.10,2.85
2011.05.03 20:59:54.327,0.87709,0.87756,2.10,2.10
2011.05.03 20:59:55.792,0.87709,0.87771,2.10,2.85
2011.05.03 20:59:56.527,0.87709,0.87778,2.85,1.50
2011.05.03 20:59:57.191,0.87709,0.87782,2.85,2.85
2011.05.03 20:59:57.520,0.87709,0.87782,2.85,2.85
2011.05.03 20:59:57.740,0.87709,0.87782,2.85,2.85
2011.05.03 20:59:57.849,0.87709,0.87782,2.85,2.85
2011.05.03 20:59:58.141,0.87709,0.87782,2.85,2.85
2011.05.03 20:59:58.358,0.87709,0.87782,2.85,2.85
2011.05.03 20:59:58.890,0.87709,0.87782,2.85,2.85
2011.05.03 20:59:59.339,0.87709,0.87782,2.85,2.85
2011.05.03 20:59:59.449,0.87709,0.87782,2.85,2.85
2011.05.03 20:59:59.820,0.87709,0.87782,2.10,2.85
