2016.10.26 16:00:00.425,0.79957,0.79964,1.00,1.50
2016.10.26 16:00:00.527,0.79955,0.79963,1.00,1.00
2016.10.26 16:00:00.578,0.79955,0.79961,1.00,1.00
2016.10.26 16:00:01.853,0.79955,0.7996,1.00,1.00
2016.10.26 16:00:02.390,0.79956,0.7996,1.00,1.00
2016.10.26 16:00:02.645,0.79954,0.7996,1.50,1.00
2016.10.26 16:00:03.220,0.79956,0.79963,1.00,1.00
2016.10.26 16:00:03.272,0.79958,0.79963,1.00,1.00
2016.10.26 16:00:04.503,0.79958,0.79964,1.00,1.12
2016.10.26 16:00:04.604,0.79956,0.79964,1.00,1.12
2016.10.26 16:00:04.706,0.79956,0.79962,1.00,1.00
2016.10.26 16:00:05.113,0.79954,0.79962,1.00,1.00
2016.10.26 16:00:05.164,0.79956,0.79962,1.00,1.00
2016.10.26 16:00:05.668,0.79957,0.79963,1.00,1.00
2016.10.26 16:00:06.025,0.79959,0.79964,1.00,1.00
2016.10.26 16:00:06.576,0.7996,0.79964,1.00,1.00
2016.10.26 16:00:07.025,0.79961,0.79966,1.00,1.00
2016.10.26 16:00:07.567,0.79962,0.79966,1.00,1.00
2016.10.26 16:00:08.587,0.79962,0.79968,1.00,1.00
2016.10.26 16:00:09.837,0.79962,0.79967,1.00,1.00
2016.10.26 16:00:12.804,0.79965,0.7997,1.00,1.12
2016.10.26 16:00:17.137,0.79964,0.7997,1.00,1.00
2016.10.26 16:00:21.851,0.79964,0.79971,1.00,1.50
2016.10.26 16:00:22.654,0.79964,0.79969,1.00,1.00
2016.10.26 16:00:23.188,0.79965,0.79969,1.00,1.00
2016.10.26 16:00:23.613,0.79965,0.79971,1.00,1.00
2016.10.26 16:00:24.154,0.79966,0.79971,1.00,1.00
2016.10.26 16:00:25.564,0.79963,0.79969,1.00,1.00
2016.10.26 16:00:26.022,0.79963,0.79967,1.00,1.12
2016.10.26 16:00:28.043,0.79963,0.79968,1.00,1.12
2016.10.26 16:00:28.655,0.79962,0.79966,1.00,1.00
2016.10.26 16:00:33.376,0.79962,0.79966,1.00,1.00
2016.10.26 16:00:33.478,0.79962,0.79968,1.00,1.00
2016.10.26 16:00:34.068,0.79963,0.79969,1.00,1.00
2016.10.26 16:00:35.640,0.79964,0.79969,1.00,1.00
2016.10.26 16:00:36.141,0.79964,0.7997,1.00,1.50
2016.10.26 16:00:37.464,0.79964,0.79969,1.00,1.00
2016.10.26 16:00:38.058,0.79964,0.7997,1.00,1.00
2016.10.26 16:00:38.383,0.79961,0.79969,1.00,1.00
2016.10.26 16:00:38.485,0.79961,0.79966,1.00,1.00
2016.10.26 16:00:39.348,0.79961,0.79965,1.00,1.00
2016.10.26 16:00:39.653,0.7996,0.79967,1.00,1.00
2016.10.26 16:00:39.705,0.79963,0.79967,1.00,1.00
2016.10.26 16:00:40.105,0.79967,0.79971,1.00,1.00
2016.10.26 16:00:40.766,0.79967,0.79972,1.00,1.00
2016.10.26 16:00:41.250,0.79968,0.79974,1.00,1.00
2016.10.26 16:00:41.734,0.79965,0.79972,1.50,1.00
2016.10.26 16:00:43.382,0.79964,0.79972,1.50,1.00
2016.10.26 16:00:44.375,0.79964,0.79971,1.12,1.00
2016.10.26 16:00:44.897,0.79964,0.7997,1.00,1.00
2016.10.26 16:00:45.522,0.79964,0.79969,1.00,1.00
2016.10.26 16:00:45.573,0.79965,0.79971,1.00,1.00
2016.10.26 16:00:46.654,0.79969,0.79976,1.00,1.69
2016.10.26 16:00:47.477,0.79968,0.79976,1.00,1.00
2016.10.26 16:00:48.469,0.79967,0.79975,1.00,1.00
2016.10.26 16:00:48.977,0.79967,0.79974,2.25,1.00
2016.10.26 16:00:49.453,0.79967,0.79972,1.00,1.00
2016.10.26 16:00:49.850,0.79964,0.7997,1.00,1.00
2016.10.26 16:00:50.476,0.79963,0.7997,1.00,1.00
2016.10.26 16:00:51.592,0.79964,0.7997,1.00,1.00
2016.10.26 16:00:51.975,0.79962,0.79968,1.12,1.00
2016.10.26 16:00:52.280,0.7996,0.79966,1.00,1.00
2016.10.26 16:00:52.585,0.7996,0.79968,1.00,1.00
2016.10.26 16:00:52.947,0.79963,0.79968,1.00,1.00
2016.10.26 16:00:52.998,0.79963,0.7997,1.00,1.00
2016.10.26 16:00:53.100,0.79961,0.7997,1.87,1.00
2016.10.26 16:00:53.781,0.79961,0.79968,2.25,1.00
2016.10.26 16:00:53.985,0.79964,0.79971,1.00,1.00
2016.10.26 16:00:55.026,0.79967,0.79974,1.00,1.00
2016.10.26 16:00:55.507,0.79969,0.79974,1.00,1.00
2016.10.26 16:00:56.092,0.79969,0.79976,1.00,1.50
2016.10.26 16:00:56.194,0.79965,0.79973,1.50,1.00
2016.10.26 16:00:56.347,0.79965,0.79973,1.00,1.37
2016.10.26 16:00:57.164,0.79966,0.79973,1.00,1.12
2016.10.26 16:00:57.216,0.79968,0.79973,1.00,1.12
2016.10.26 16:00:58.968,0.79962,0.79969,1.00,1.00
2016.10.26 16:00:59.120,0.79962,0.79967,1.00,1.00
2016.10.26 16:01:00.343,0.79963,0.79968,1.00,1.00
2016.10.26 16:01:01.386,0.79963,0.79969,1.00,1.12
2016.10.26 16:01:01.745,0.79961,0.79969,1.00,1.37
2016.10.26 16:01:01.797,0.79964,0.79968,1.00,1.00
2016.10.26 16:01:02.305,0.79963,0.79968,1.00,1.00
2016.10.26 16:01:02.843,0.79963,0.79969,1.00,1.00
2016.10.26 16:01:03.148,0.79966,0.7997,1.00,1.00
2016.10.26 16:01:03.352,0.79964,0.7997,1.00,1.00
2016.10.26 16:01:06.159,0.79965,0.79972,1.00,1.00
2016.10.26 16:01:06.686,0.79964,0.79972,1.00,1.00
2016.10.26 16:01:07.220,0.79965,0.79972,1.00,1.00
2016.10.26 16:01:07.424,0.79965,0.7997,1.00,1.00
2016.10.26 16:01:10.052,0.79963,0.7997,1.00,1.00
2016.10.26 16:01:15.703,0.79966,0.7997,1.00,1.00
2016.10.26 16:01:15.754,0.79966,0.79972,1.00,1.00
2016.10.26 16:01:16.928,0.79963,0.79969,1.50,1.00
2016.10.26 16:01:17.457,0.79963,0.79968,1.00,1.00
2016.10.26 16:01:17.558,0.79961,0.79968,1.00,1.00
2016.10.26 16:01:21.029,0.79961,0.79967,1.00,1.00
2016.10.26 16:01:21.429,0.79962,0.79969,1.00,1.00
2016.10.26 16:01:22.558,0.7996,0.79965,1.00,1.00
2016.10.26 16:01:23.068,0.79959,0.79965,1.50,1.00
2016.10.26 16:01:25.278,0.79961,0.79969,1.00,1.37
2016.10.26 16:01:26.999,0.79963,0.79969,1.00,1.00
2016.10.26 16:01:27.916,0.79963,0.79968,1.00,1.00
2016.10.26 16:01:28.843,0.79963,0.79969,1.00,1.00
2016.10.26 16:01:29.233,0.79965,0.79972,1.00,1.00
2016.10.26 16:01:29.436,0.79967,0.79972,1.00,1.00
2016.10.26 16:01:29.943,0.79968,0.79972,1.00,1.00
2016.10.26 16:01:30.824,0.79966,0.79972,1.00,1.12
2016.10.26 16:01:31.333,0.79967,0.79972,1.00,1.00
2016.10.26 16:01:34.155,0.79964,0.7997,1.00,1.00
2016.10.26 16:01:34.258,0.79963,0.79968,1.00,1.00
2016.10.26 16:01:35.103,0.79963,0.7997,1.00,1.00
2016.10.26 16:01:35.624,0.79964,0.79971,1.00,1.00
2016.10.26 16:01:38.243,0.79963,0.79969,1.00,1.00
2016.10.26 16:01:38.609,0.79962,0.79966,1.00,1.00
2016.10.26 16:01:38.661,0.79957,0.79966,1.00,1.50
2016.10.26 16:01:38.763,0.79958,0.79963,1.00,1.00
2016.10.26 16:01:39.744,0.79958,0.79965,1.00,1.00
2016.10.26 16:01:41.051,0.79958,0.79966,1.00,1.00
2016.10.26 16:01:42.025,0.79957,0.79966,1.00,1.50
2016.10.26 16:01:42.561,0.79957,0.79965,1.00,1.00
2016.10.26 16:01:43.567,0.79959,0.79965,1.00,1.00
2016.10.26 16:01:46.671,0.79957,0.79963,1.00,2.62
2016.10.26 16:01:46.722,0.79957,0.79962,1.00,3.22
2016.10.26 16:01:47.049,0.79951,0.79957,3.19,1.72
2016.10.26 16:01:47.102,0.79945,0.7995,1.87,1.00
2016.10.26 16:01:47.448,0.79948,0.79952,1.00,1.50
2016.10.26 16:01:47.550,0.79946,0.79951,1.00,1.35
2016.10.26 16:01:48.108,0.79948,0.79952,1.00,1.00
2016.10.26 16:01:48.526,0.79946,0.79951,1.00,1.00
2016.10.26 16:01:49.968,0.79948,0.79954,1.00,1.00
2016.10.26 16:01:50.827,0.79946,0.79954,1.50,1.00
2016.10.26 16:01:51.353,0.79946,0.79953,1.00,1.12
2016.10.26 16:01:51.874,0.79946,0.79954,1.50,1.00
2016.10.26 16:01:52.560,0.79947,0.79954,1.00,1.00
2016.10.26 16:01:53.067,0.79948,0.79954,1.00,1.00
2016.10.26 16:01:53.711,0.79948,0.79955,1.00,1.87
2016.10.26 16:01:58.138,0.79949,0.79955,1.00,1.12
2016.10.26 16:02:01.202,0.79946,0.79955,1.00,1.00
2016.10.26 16:02:01.763,0.79947,0.79954,1.00,1.50
2016.10.26 16:02:02.279,0.79947,0.79953,1.00,1.00
2016.10.26 16:02:03.526,0.79947,0.79954,1.00,1.00
2016.10.26 16:02:07.181,0.79944,0.79953,1.87,1.00
2016.10.26 16:02:08.294,0.79945,0.79954,2.25,1.00
2016.10.26 16:02:08.347,0.79949,0.79958,1.00,1.50
2016.10.26 16:02:09.752,0.79948,0.79957,1.00,1.00
2016.10.26 16:02:10.465,0.79947,0.79955,1.00,1.00
2016.10.26 16:02:10.797,0.79947,0.79955,1.37,1.00
2016.10.26 16:02:11.104,0.7995,0.79958,1.00,1.00
2016.10.26 16:02:11.411,0.79951,0.7996,1.50,1.00
2016.10.26 16:02:11.948,0.79951,0.7996,2.25,1.00
2016.10.26 16:02:12.230,0.79954,0.7996,1.00,1.00
2016.10.26 16:02:15.479,0.79954,0.79961,1.50,1.00
2016.10.26 16:02:15.783,0.79957,0.79964,1.87,1.00
2016.10.26 16:02:16.557,0.79958,0.79964,1.12,1.00
2016.10.26 16:02:17.127,0.79958,0.79965,1.12,1.00
2016.10.26 16:02:20.261,0.7996,0.79967,1.00,1.00
2016.10.26 16:02:20.617,0.79962,0.79966,1.00,1.00
2016.10.26 16:02:21.356,0.79961,0.79965,1.00,1.00
2016.10.26 16:02:21.407,0.79958,0.79965,1.00,1.12
2016.10.26 16:02:21.915,0.79958,0.79963,1.00,1.00
2016.10.26 16:02:22.018,0.79958,0.79965,1.00,1.12
2016.10.26 16:02:28.055,0.79958,0.79965,1.00,1.37
2016.10.26 16:02:29.080,0.79957,0.79964,1.00,1.00
2016.10.26 16:02:29.587,0.79956,0.79964,1.00,1.12
2016.10.26 16:02:30.146,0.79957,0.79964,1.00,1.12
2016.10.26 16:02:31.216,0.79959,0.79964,1.00,1.12
2016.10.26 16:02:31.471,0.79959,0.79966,1.00,1.00
2016.10.26 16:02:31.624,0.79961,0.79966,1.00,1.00
2016.10.26 16:02:32.129,0.79962,0.79966,1.00,1.00
2016.10.26 16:02:32.733,0.79961,0.79967,1.00,1.00
2016.10.26 16:02:36.273,0.79963,0.7997,1.00,1.87
2016.10.26 16:02:36.759,0.79966,0.7997,1.00,1.00
2016.10.26 16:02:37.472,0.79967,0.79973,1.00,2.25
2016.10.26 16:02:38.021,0.79968,0.79974,1.00,1.12
2016.10.26 16:02:38.529,0.79969,0.79974,1.00,1.00
2016.10.26 16:02:39.120,0.79967,0.79975,1.00,3.00
2016.10.26 16:02:39.224,0.7997,0.79974,1.00,1.00
2016.10.26 16:02:39.275,0.79968,0.79975,1.00,1.00
2016.10.26 16:02:39.326,0.79966,0.79975,2.25,1.00
2016.10.26 16:02:39.378,0.7997,0.79974,1.00,1.00
2016.10.26 16:02:40.574,0.79971,0.79976,1.00,1.12
2016.10.26 16:02:42.413,0.79968,0.79977,1.00,2.06
2016.10.26 16:02:42.464,0.79966,0.79976,1.12,2.00
2016.10.26 16:02:43.015,0.79967,0.79973,1.00,1.00
2016.10.26 16:02:44.579,0.79967,0.79972,1.00,1.00
2016.10.26 16:02:45.088,0.79967,0.79973,1.00,1.12
2016.10.26 16:02:47.778,0.79969,0.79973,1.00,1.00
2016.10.26 16:02:47.829,0.7997,0.79975,1.00,1.00
2016.10.26 16:02:47.931,0.79968,0.79974,1.00,1.00
2016.10.26 16:02:50.921,0.79971,0.79975,1.00,1.00
2016.10.26 16:02:51.125,0.79971,0.79976,1.00,1.00
2016.10.26 16:02:53.069,0.79974,0.79978,1.00,1.12
2016.10.26 16:02:55.357,0.79971,0.79977,1.00,1.12
2016.10.26 16:02:56.833,0.79971,0.79976,1.00,1.00
2016.10.26 16:02:59.033,0.79971,0.79978,1.00,1.37
2016.10.26 16:03:00.508,0.79971,0.79978,1.00,1.00
2016.10.26 16:03:00.602,0.79975,0.79981,1.00,1.00
2016.10.26 16:03:01.145,0.79976,0.79982,1.00,1.00
2016.10.26 16:03:01.862,0.79976,0.7998,1.00,1.00
2016.10.26 16:03:02.560,0.79976,0.79981,1.00,1.00
2016.10.26 16:03:04.496,0.79974,0.79981,1.00,1.00
2016.10.26 16:03:06.029,0.79975,0.79981,1.00,1.00
2016.10.26 16:03:07.341,0.79975,0.7998,1.00,1.00
2016.10.26 16:03:08.629,0.79976,0.79982,1.00,1.00
2016.10.26 16:03:08.806,0.79973,0.79982,1.00,1.69
2016.10.26 16:03:08.857,0.79973,0.79978,1.00,1.00
2016.10.26 16:03:09.061,0.79974,0.79981,1.50,1.00
2016.10.26 16:03:09.214,0.79976,0.79982,1.00,1.00
2016.10.26 16:03:09.615,0.79977,0.79985,1.00,1.50
2016.10.26 16:03:10.145,0.79978,0.79986,1.00,1.00
2016.10.26 16:03:10.898,0.79979,0.79986,1.00,1.00
2016.10.26 16:03:11.324,0.79982,0.79986,1.00,1.00
2016.10.26 16:03:11.375,0.79982,0.79989,1.00,1.87
2016.10.26 16:03:11.899,0.79982,0.79989,1.00,1.00
2016.10.26 16:03:12.883,0.79982,0.79987,1.00,1.00
2016.10.26 16:03:12.934,0.7998,0.79987,1.00,1.00
2016.10.26 16:03:13.252,0.79977,0.79984,1.00,1.00
2016.10.26 16:03:13.776,0.79976,0.79983,1.00,1.00
2016.10.26 16:03:14.605,0.79975,0.79983,1.00,1.50
2016.10.26 16:03:15.112,0.79976,0.79983,1.00,1.00
2016.10.26 16:03:15.661,0.79975,0.79983,1.00,1.12
2016.10.26 16:03:16.168,0.79975,0.79982,1.00,1.00
2016.10.26 16:03:19.248,0.79974,0.7998,1.00,1.00
2016.10.26 16:03:19.750,0.79974,0.79979,1.00,1.00
2016.10.26 16:03:20.262,0.79973,0.79979,1.00,1.00
2016.10.26 16:03:20.786,0.79973,0.79978,1.00,1.00
2016.10.26 16:03:21.831,0.79971,0.79978,1.00,1.50
2016.10.26 16:03:21.883,0.7997,0.79976,1.00,1.00
2016.10.26 16:03:22.257,0.79971,0.79979,1.00,1.50
2016.10.26 16:03:22.308,0.79974,0.79979,1.00,1.00
2016.10.26 16:03:22.815,0.79973,0.79979,1.00,1.00
2016.10.26 16:03:22.917,0.79971,0.79978,1.00,1.00
2016.10.26 16:03:23.643,0.7997,0.79978,1.12,1.94
2016.10.26 16:03:23.695,0.79967,0.79973,1.00,1.00
2016.10.26 16:03:24.895,0.79964,0.79971,1.50,1.00
2016.10.26 16:03:29.948,0.79964,0.7997,1.00,1.00
2016.10.26 16:03:30.501,0.79964,0.79971,1.00,1.00
2016.10.26 16:03:31.899,0.79966,0.79971,1.00,1.00
2016.10.26 16:03:34.435,0.79966,0.79972,1.00,1.00
2016.10.26 16:03:35.259,0.79968,0.79972,1.00,1.00
2016.10.26 16:03:35.364,0.79966,0.79972,1.00,1.00
2016.10.26 16:03:36.173,0.79965,0.79971,1.00,1.00
2016.10.26 16:03:36.633,0.79967,0.79973,1.00,1.00
2016.10.26 16:03:36.937,0.79967,0.79975,1.00,1.00
2016.10.26 16:03:37.495,0.79969,0.79975,1.00,1.00
2016.10.26 16:03:38.251,0.79967,0.79974,1.00,1.00
2016.10.26 16:03:38.927,0.79967,0.79975,1.00,1.00
2016.10.26 16:03:40.997,0.79967,0.79974,1.00,1.00
2016.10.26 16:03:42.174,0.79963,0.79967,2.25,1.00
2016.10.26 16:03:42.226,0.7996,0.79964,1.00,1.00
2016.10.26 16:03:42.646,0.79958,0.79962,1.00,1.00
2016.10.26 16:03:42.698,0.79957,0.79962,1.00,1.00
2016.10.26 16:03:42.799,0.79957,0.79961,1.00,1.00
2016.10.26 16:03:43.327,0.79957,0.79961,1.00,1.00
2016.10.26 16:03:43.831,0.79957,0.79962,1.00,1.00
2016.10.26 16:03:44.410,0.79955,0.79962,1.00,1.00
2016.10.26 16:03:44.917,0.79956,0.79962,1.00,1.00
2016.10.26 16:03:44.968,0.79956,0.7996,1.00,1.00
2016.10.26 16:03:45.922,0.79954,0.79963,1.87,1.00
2016.10.26 16:03:46.076,0.79954,0.79961,1.00,1.00
2016.10.26 16:03:46.585,0.79954,0.79961,3.00,1.00
2016.10.26 16:03:47.193,0.79956,0.79961,1.00,1.00
2016.10.26 16:03:48.077,0.79956,0.79962,1.00,1.00
2016.10.26 16:03:48.400,0.79956,0.7996,1.00,1.00
2016.10.26 16:03:49.070,0.79956,0.79962,1.00,1.00
2016.10.26 16:03:51.120,0.79956,0.79961,1.00,1.00
2016.10.26 16:03:51.173,0.79953,0.79958,1.12,1.50
2016.10.26 16:03:51.607,0.79949,0.79953,3.00,1.00
2016.10.26 16:03:51.659,0.79947,0.79954,1.00,1.00
2016.10.26 16:03:54.525,0.79948,0.79954,1.00,1.00
2016.10.26 16:03:55.041,0.79947,0.79954,1.50,1.00
2016.10.26 16:03:56.174,0.79945,0.79954,1.50,1.00
2016.10.26 16:03:56.728,0.79946,0.79954,1.00,1.00
2016.10.26 16:03:57.563,0.79945,0.79954,1.50,1.00
2016.10.26 16:03:58.154,0.79945,0.79953,1.00,1.00
2016.10.26 16:03:58.206,0.79943,0.79948,1.50,1.00
2016.10.26 16:03:58.359,0.79938,0.79947,1.00,1.00
2016.10.26 16:03:58.817,0.79944,0.79948,1.00,1.00
2016.10.26 16:03:58.869,0.79949,0.79955,1.00,3.00
2016.10.26 16:03:58.971,0.79948,0.79957,1.00,1.00
2016.10.26 16:03:59.487,0.79949,0.79958,1.00,1.12
2016.10.26 16:04:00.023,0.79948,0.79957,1.00,1.00
2016.10.26 16:04:00.663,0.79948,0.79956,1.00,1.00
2016.10.26 16:04:01.295,0.79948,0.79953,1.00,1.00
2016.10.26 16:04:01.625,0.79946,0.7995,1.00,1.00
2016.10.26 16:04:01.676,0.79941,0.7995,1.50,1.00
2016.10.26 16:04:01.976,0.79941,0.7995,1.69,1.00
2016.10.26 16:04:02.283,0.79946,0.7995,1.00,1.00
2016.10.26 16:04:02.668,0.79943,0.7995,1.00,1.00
2016.10.26 16:04:03.277,0.79942,0.79951,1.00,1.00
2016.10.26 16:04:03.378,0.79942,0.79949,1.00,1.00
2016.10.26 16:04:04.288,0.79943,0.7995,1.00,1.00
2016.10.26 16:04:04.440,0.79941,0.7995,1.00,1.00
2016.10.26 16:04:04.491,0.79941,0.79948,1.50,1.00
2016.10.26 16:04:05.004,0.79944,0.79951,1.00,1.87
2016.10.26 16:04:06.291,0.79944,0.79951,1.00,1.00
2016.10.26 16:04:07.409,0.79944,0.7995,1.00,1.00
2016.10.26 16:04:08.171,0.79942,0.7995,1.00,1.00
2016.10.26 16:04:09.032,0.79942,0.79949,1.00,1.00
2016.10.26 16:04:09.523,0.79944,0.79949,1.00,1.00
2016.10.26 16:04:09.631,0.79942,0.79949,1.00,1.00
2016.10.26 16:04:10.288,0.79944,0.79949,1.00,1.00
2016.10.26 16:04:11.903,0.79944,0.79948,1.00,1.00
2016.10.26 16:04:14.472,0.79944,0.79949,1.00,1.00
2016.10.26 16:04:16.375,0.79942,0.79949,1.00,1.50
2016.10.26 16:04:18.917,0.79944,0.79949,1.00,1.50
2016.10.26 16:04:19.485,0.7994,0.79949,1.25,1.87
2016.10.26 16:04:21.842,0.79941,0.7995,1.00,1.50
2016.10.26 16:04:22.745,0.79941,0.79949,1.50,1.00
2016.10.26 16:04:23.226,0.79942,0.79951,1.00,2.62
2016.10.26 16:04:23.277,0.79945,0.79952,1.00,1.50
2016.10.26 16:04:23.582,0.79941,0.79948,1.12,1.00
2016.10.26 16:04:24.042,0.79943,0.79949,1.00,1.00
2016.10.26 16:04:24.581,0.79942,0.79949,1.00,1.00
2016.10.26 16:04:25.545,0.79941,0.79947,1.00,1.00
2016.10.26 16:04:26.625,0.79941,0.79948,1.25,1.00
2016.10.26 16:04:27.310,0.79948,0.79954,1.00,2.25
2016.10.26 16:04:27.824,0.79948,0.79955,1.00,1.00
2016.10.26 16:04:29.777,0.79946,0.79955,1.69,1.00
2016.10.26 16:04:29.829,0.79946,0.7995,1.00,1.00
2016.10.26 16:04:29.981,0.79943,0.79949,2.44,1.00
2016.10.26 16:04:30.368,0.79937,0.79943,3.19,1.00
2016.10.26 16:04:31.127,0.79937,0.79945,1.69,1.50
2016.10.26 16:04:31.229,0.79937,0.79943,1.19,1.00
2016.10.26 16:04:32.914,0.79935,0.79942,2.06,1.00
2016.10.26 16:04:32.966,0.79934,0.7994,1.69,1.00
2016.10.26 16:04:34.282,0.79934,0.7994,1.00,1.00
2016.10.26 16:04:34.333,0.79932,0.79938,1.25,1.00
2016.10.26 16:04:37.836,0.79931,0.79939,1.19,1.00
2016.10.26 16:04:38.461,0.79931,0.79939,1.69,1.00
2016.10.26 16:04:38.992,0.7993,0.79938,1.31,1.00
2016.10.26 16:04:40.125,0.79929,0.79939,2.44,1.50
2016.10.26 16:04:40.514,0.79929,0.79937,1.69,1.00
2016.10.26 16:04:48.319,0.7993,0.79939,1.69,1.00
2016.10.26 16:04:49.062,0.7993,0.79937,2.44,1.00
2016.10.26 16:04:50.027,0.79931,0.79938,1.19,1.00
2016.10.26 16:04:51.815,0.79932,0.79939,1.19,1.00
2016.10.26 16:04:53.845,0.79934,0.7994,1.19,1.00
2016.10.26 16:04:53.896,0.79934,0.79943,1.69,1.00
2016.10.26 16:04:55.058,0.79934,0.79943,1.69,1.00
2016.10.26 16:04:56.271,0.79936,0.79943,1.19,1.00
2016.10.26 16:04:56.322,0.79938,0.79945,1.25,1.50
2016.10.26 16:04:56.665,0.79938,0.79947,1.25,1.12
2016.10.26 16:04:56.721,0.7994,0.79947,1.00,1.00
2016.10.26 16:04:57.025,0.79938,0.79947,1.00,1.00
2016.10.26 16:04:57.534,0.79939,0.79947,1.00,1.00
2016.10.26 16:05:00.315,0.79939,0.79946,1.00,1.00
2016.10.26 16:05:01.143,0.79939,0.79948,1.50,1.50
2016.10.26 16:05:03.734,0.7994,0.79949,1.00,1.50
2016.10.26 16:05:05.837,0.7994,0.79948,1.00,1.00
2016.10.26 16:05:06.396,0.79941,0.7995,1.00,1.00
2016.10.26 16:05:06.548,0.79941,0.79947,1.00,1.00
2016.10.26 16:05:06.853,0.79941,0.79949,1.00,1.00
2016.10.26 16:05:07.378,0.79941,0.79948,1.00,1.00
2016.10.26 16:05:08.832,0.79941,0.79947,1.00,1.00
2016.10.26 16:05:09.664,0.79942,0.7995,1.00,1.50
2016.10.26 16:05:09.856,0.79942,0.79948,1.00,1.00
2016.10.26 16:05:10.060,0.79941,0.7995,1.69,1.00
2016.10.26 16:05:11.270,0.79942,0.79951,1.00,1.00
2016.10.26 16:05:11.321,0.79944,0.79951,1.00,1.00
2016.10.26 16:05:12.372,0.79942,0.79951,2.25,1.50
2016.10.26 16:05:15.260,0.79941,0.7995,2.44,1.00
2016.10.26 16:05:16.026,0.79941,0.79949,2.44,1.00
2016.10.26 16:05:16.755,0.79942,0.7995,1.00,1.12
2016.10.26 16:05:19.155,0.79941,0.7995,1.25,1.87
2016.10.26 16:05:19.792,0.79943,0.7995,1.00,1.00
2016.10.26 16:05:20.117,0.79945,0.79952,1.00,1.00
2016.10.26 16:05:21.684,0.79943,0.7995,1.19,1.00
2016.10.26 16:05:23.014,0.79943,0.79951,1.19,1.00
2016.10.26 16:05:24.771,0.79947,0.79955,1.50,1.00
2016.10.26 16:05:24.887,0.7995,0.79955,1.00,1.00
2016.10.26 16:05:24.938,0.79948,0.79955,1.00,1.00
2016.10.26 16:05:25.446,0.79949,0.79955,1.00,1.00
2016.10.26 16:05:25.599,0.79949,0.79957,1.00,1.12
2016.10.26 16:05:27.230,0.79949,0.79957,1.19,1.00
2016.10.26 16:05:27.784,0.79949,0.79956,1.19,1.00
2016.10.26 16:05:29.924,0.79949,0.79957,1.19,1.50
2016.10.26 16:05:30.947,0.79948,0.79956,1.19,1.00
2016.10.26 16:05:32.274,0.79948,0.79956,1.19,1.00
2016.10.26 16:05:33.023,0.79951,0.79958,1.19,2.25
2016.10.26 16:05:33.125,0.79953,0.7996,1.00,1.50
2016.10.26 16:05:33.176,0.79951,0.7996,1.00,1.50
2016.10.26 16:05:33.684,0.7995,0.79959,1.25,1.50
2016.10.26 16:05:35.535,0.79951,0.7996,1.00,1.50
2016.10.26 16:05:43.109,0.79951,0.79958,1.00,1.50
2016.10.26 16:05:43.514,0.79949,0.79955,1.00,1.00
2016.10.26 16:05:43.565,0.79947,0.79957,3.00,1.12
2016.10.26 16:05:43.617,0.79949,0.79958,1.00,3.00
2016.10.26 16:05:43.922,0.79951,0.79958,1.00,1.12
2016.10.26 16:05:44.856,0.79949,0.79958,1.00,1.00
2016.10.26 16:05:47.105,0.79948,0.79956,1.25,1.00
2016.10.26 16:05:48.808,0.79948,0.79957,1.25,1.50
2016.10.26 16:05:49.321,0.79949,0.79958,1.00,1.50
2016.10.26 16:05:49.829,0.7995,0.79957,1.00,1.00
2016.10.26 16:05:50.367,0.79949,0.79957,1.00,1.00
2016.10.26 16:05:50.874,0.79951,0.79958,1.00,1.00
2016.10.26 16:05:51.323,0.79951,0.7996,1.19,1.50
2016.10.26 16:05:51.526,0.79951,0.79958,1.19,1.00
2016.10.26 16:05:51.629,0.79951,0.7996,1.19,1.00
2016.10.26 16:05:52.136,0.7995,0.79959,2.06,1.00
2016.10.26 16:05:52.568,0.79949,0.79956,1.25,1.00
2016.10.26 16:05:52.977,0.79947,0.79954,1.00,1.00
2016.10.26 16:05:53.028,0.79945,0.79954,2.25,1.00
2016.10.26 16:05:53.079,0.79944,0.79951,2.81,1.00
2016.10.26 16:05:53.282,0.79945,0.79954,1.25,1.50
2016.10.26 16:05:53.700,0.79948,0.79957,1.19,1.12
2016.10.26 16:05:59.828,0.79948,0.79956,1.69,1.00
2016.10.26 16:06:00.391,0.7995,0.79959,2.44,1.00
2016.10.26 16:06:01.150,0.7995,0.7996,2.81,1.50
2016.10.26 16:06:01.981,0.7995,0.79959,2.62,1.00
2016.10.26 16:06:02.235,0.79949,0.79956,2.25,1.00
2016.10.26 16:06:02.715,0.79949,0.79958,2.25,1.00
2016.10.26 16:06:07.138,0.79949,0.79958,2.62,1.00
2016.10.26 16:06:07.239,0.79949,0.79958,2.25,1.00
2016.10.26 16:06:08.354,0.7995,0.79958,1.00,1.50
2016.10.26 16:06:12.426,0.79951,0.79958,1.00,1.00
2016.10.26 16:06:12.477,0.79954,0.7996,1.00,1.00
2016.10.26 16:06:13.616,0.79954,0.79962,1.00,1.00
2016.10.26 16:06:14.261,0.79953,0.79961,2.25,1.00
2016.10.26 16:06:14.480,0.79955,0.79961,1.00,1.00
2016.10.26 16:06:16.084,0.79955,0.7996,1.00,1.00
2016.10.26 16:06:17.033,0.79955,0.79959,1.00,1.00
2016.10.26 16:06:17.727,0.79953,0.79959,1.00,1.00
2016.10.26 16:06:17.882,0.79953,0.79961,1.00,2.25
2016.10.26 16:06:18.556,0.79954,0.79961,1.00,1.00
2016.10.26 16:06:19.136,0.79953,0.79961,1.00,1.00
2016.10.26 16:06:20.967,0.79953,0.7996,1.00,1.00
2016.10.26 16:06:21.121,0.7995,0.79959,3.37,1.50
2016.10.26 16:06:21.691,0.79949,0.79958,1.00,1.00
2016.10.26 16:06:22.616,0.7995,0.79958,1.00,1.50
2016.10.26 16:06:23.153,0.7995,0.79959,1.00,1.50
2016.10.26 16:06:25.913,0.79951,0.7996,1.00,1.00
2016.10.26 16:06:26.419,0.79952,0.79961,1.50,1.50
2016.10.26 16:06:31.514,0.79953,0.79962,2.06,1.00
2016.10.26 16:06:32.143,0.79954,0.79959,1.00,1.00
2016.10.26 16:06:32.195,0.79954,0.79961,1.00,1.00
2016.10.26 16:06:33.047,0.79953,0.79961,1.00,1.00
2016.10.26 16:06:33.200,0.79952,0.79959,1.50,1.00
2016.10.26 16:06:33.900,0.79952,0.79961,1.69,1.00
2016.10.26 16:06:34.710,0.79954,0.7996,1.00,1.00
2016.10.26 16:06:35.226,0.79953,0.7996,2.06,1.00
2016.10.26 16:06:35.609,0.79954,0.79964,2.06,1.50
2016.10.26 16:06:37.244,0.79953,0.79962,1.50,1.00
2016.10.26 16:06:37.425,0.79953,0.7996,1.50,1.00
2016.10.26 16:06:38.041,0.79951,0.79958,1.87,1.00
2016.10.26 16:06:38.486,0.79954,0.79961,1.00,1.00
2016.10.26 16:06:39.003,0.79953,0.79961,1.00,1.00
2016.10.26 16:06:40.264,0.79952,0.79961,1.50,1.00
2016.10.26 16:06:40.568,0.79946,0.79955,2.06,1.00
2016.10.26 16:06:41.077,0.79946,0.79954,1.19,1.00
2016.10.26 16:06:42.082,0.79945,0.79954,1.50,1.00
2016.10.26 16:06:42.902,0.79945,0.79953,1.00,1.50
2016.10.26 16:06:43.436,0.79944,0.79953,1.00,1.00
2016.10.26 16:06:44.770,0.79946,0.79953,1.00,1.87
2016.10.26 16:06:52.048,0.79945,0.79953,1.00,1.00
2016.10.26 16:06:52.556,0.79947,0.79956,1.50,1.50
2016.10.26 16:06:52.658,0.79949,0.79956,1.50,1.87
2016.10.26 16:06:53.223,0.7995,0.79957,1.00,1.00
2016.10.26 16:06:53.774,0.7995,0.79958,1.00,1.00
2016.10.26 16:06:54.320,0.79952,0.79959,1.00,1.50
2016.10.26 16:06:58.382,0.79951,0.79959,1.00,1.00
2016.10.26 16:06:58.962,0.79951,0.79958,1.00,1.50
2016.10.26 16:06:59.548,0.79951,0.79957,1.50,1.00
2016.10.26 16:07:00.700,0.7995,0.79958,1.00,1.00
2016.10.26 16:07:01.274,0.79952,0.79959,1.00,2.25
2016.10.26 16:07:01.427,0.7995,0.79959,1.00,1.50
2016.10.26 16:07:01.631,0.79953,0.79959,1.00,1.00
2016.10.26 16:07:02.042,0.79951,0.79959,1.00,1.00
2016.10.26 16:07:02.635,0.79952,0.79959,1.00,1.00
2016.10.26 16:07:03.761,0.79952,0.7996,1.00,1.00
2016.10.26 16:07:03.964,0.7995,0.79958,1.00,1.00
2016.10.26 16:07:04.320,0.79952,0.79959,1.00,1.00
2016.10.26 16:07:04.861,0.79952,0.7996,1.50,1.00
2016.10.26 16:07:05.278,0.79952,0.79962,1.50,1.50
2016.10.26 16:07:05.821,0.79953,0.79961,1.00,1.00
2016.10.26 16:07:06.893,0.79954,0.79961,1.00,1.00
2016.10.26 16:07:07.197,0.79954,0.79963,1.50,1.00
2016.10.26 16:07:07.971,0.79955,0.79964,1.00,1.87
2016.10.26 16:07:08.022,0.79958,0.79965,1.00,1.00
2016.10.26 16:07:08.530,0.79959,0.79967,1.00,1.87
2016.10.26 16:07:09.012,0.79957,0.79966,1.87,1.12
2016.10.26 16:07:09.421,0.79957,0.79964,1.50,1.00
2016.10.26 16:07:09.776,0.79955,0.79964,1.50,1.00
2016.10.26 16:07:10.364,0.79955,0.79963,1.00,1.50
2016.10.26 16:07:10.883,0.79956,0.79963,1.00,1.00
2016.10.26 16:07:10.985,0.79956,0.79965,1.00,1.50
2016.10.26 16:07:11.662,0.79955,0.79964,1.50,1.00
2016.10.26 16:07:12.667,0.79955,0.79963,1.00,1.00
2016.10.26 16:07:12.820,0.79953,0.79962,1.00,1.50
2016.10.26 16:07:13.955,0.79953,0.7996,1.00,1.00
2016.10.26 16:07:15.432,0.79953,0.79962,1.25,1.87
2016.10.26 16:07:15.971,0.79954,0.79961,1.00,1.00
2016.10.26 16:07:16.521,0.79953,0.7996,1.25,1.00
2016.10.26 16:07:17.070,0.79954,0.79961,1.00,1.00
2016.10.26 16:07:20.150,0.79954,0.79959,1.00,1.00
2016.10.26 16:07:20.670,0.79953,0.79959,1.00,1.00
2016.10.26 16:07:21.241,0.79952,0.79959,1.25,1.00
2016.10.26 16:07:26.659,0.79954,0.79962,1.00,1.50
2016.10.26 16:07:27.326,0.79954,0.7996,1.00,1.00
2016.10.26 16:07:27.378,0.79952,0.7996,1.69,1.00
2016.10.26 16:07:30.197,0.79951,0.79959,1.19,1.00
2016.10.26 16:07:31.187,0.7995,0.79958,1.00,1.00
2016.10.26 16:07:31.492,0.79952,0.79957,1.00,1.00
2016.10.26 16:07:31.998,0.79951,0.79957,1.00,1.00
2016.10.26 16:07:32.356,0.79949,0.79957,1.00,1.00
2016.10.26 16:07:32.911,0.79952,0.79957,1.00,1.00
2016.10.26 16:07:33.429,0.79952,0.79958,1.00,1.00
2016.10.26 16:07:38.283,0.79954,0.79958,1.00,1.00
2016.10.26 16:07:38.435,0.79952,0.79959,1.00,1.00
2016.10.26 16:07:38.689,0.7995,0.79959,1.00,1.50
2016.10.26 16:07:40.984,0.79951,0.79959,1.00,1.00
2016.10.26 16:07:44.060,0.7995,0.79959,1.00,1.50
2016.10.26 16:07:44.263,0.79949,0.79957,1.00,1.00
2016.10.26 16:07:44.655,0.79951,0.79958,1.00,3.00
2016.10.26 16:07:46.451,0.7995,0.79958,1.00,1.00
2016.10.26 16:07:47.259,0.79949,0.79958,1.00,1.87
2016.10.26 16:07:47.744,0.79948,0.79954,1.00,1.00
2016.10.26 16:07:48.255,0.79947,0.79954,1.00,1.50
2016.10.26 16:07:48.765,0.79946,0.79954,2.25,1.00
2016.10.26 16:07:49.711,0.79946,0.7995,1.00,1.00
2016.10.26 16:07:49.848,0.79946,0.79952,1.00,1.00
2016.10.26 16:07:50.000,0.79946,0.7995,1.00,1.00
2016.10.26 16:07:50.052,0.79946,0.79952,1.00,1.00
2016.10.26 16:07:50.174,0.79946,0.7995,1.00,1.00
2016.10.26 16:07:50.226,0.79946,0.79952,1.00,1.00
2016.10.26 16:07:51.006,0.79946,0.79951,1.00,1.00
2016.10.26 16:07:52.093,0.79946,0.7995,1.00,1.00
2016.10.26 16:07:52.679,0.79945,0.7995,1.00,1.00
2016.10.26 16:07:53.556,0.79945,0.79949,1.00,1.00
2016.10.26 16:07:53.658,0.79942,0.79947,1.12,1.00
2016.10.26 16:07:54.167,0.79942,0.79946,1.00,1.00
2016.10.26 16:07:56.168,0.79942,0.79948,1.00,1.00
2016.10.26 16:07:57.227,0.79942,0.79949,2.62,1.00
2016.10.26 16:07:57.279,0.79943,0.79951,1.37,1.00
2016.10.26 16:07:57.433,0.79945,0.79953,2.44,1.00
2016.10.26 16:07:57.910,0.79946,0.79955,1.69,1.50
2016.10.26 16:07:57.961,0.79945,0.79951,1.19,1.00
2016.10.26 16:07:58.481,0.79945,0.7995,1.25,1.00
2016.10.26 16:07:59.440,0.79945,0.79951,1.25,1.00
2016.10.26 16:08:00.034,0.79945,0.79949,1.00,1.00
2016.10.26 16:08:00.085,0.79943,0.79949,1.00,1.00
2016.10.26 16:08:00.255,0.79941,0.79948,1.00,1.00
2016.10.26 16:08:01.176,0.79941,0.79947,1.00,1.00
2016.10.26 16:08:01.711,0.79941,0.79946,1.00,1.00
2016.10.26 16:08:02.219,0.7994,0.79947,1.25,1.00
2016.10.26 16:08:02.948,0.7994,0.79946,1.25,1.00
2016.10.26 16:08:02.999,0.79942,0.79949,1.19,1.00
2016.10.26 16:08:04.764,0.79943,0.79948,1.25,1.00
2016.10.26 16:08:04.970,0.79945,0.79951,1.12,1.00
2016.10.26 16:08:05.226,0.79945,0.79953,1.37,1.00
2016.10.26 16:08:05.766,0.79947,0.79954,1.00,1.00
2016.10.26 16:08:06.483,0.7995,0.79954,1.00,1.00
2016.10.26 16:08:06.535,0.7995,0.79957,1.12,1.00
2016.10.26 16:08:07.168,0.79952,0.79957,1.00,1.00
2016.10.26 16:08:09.133,0.79952,0.79958,1.00,1.00
2016.10.26 16:08:10.027,0.79952,0.79956,1.00,1.00
2016.10.26 16:08:10.382,0.7995,0.79957,1.12,1.00
2016.10.26 16:08:10.719,0.79954,0.79962,1.87,1.50
2016.10.26 16:08:10.844,0.79957,0.79962,1.00,1.00
2016.10.26 16:08:12.380,0.79955,0.79962,1.87,1.00
2016.10.26 16:08:12.922,0.79955,0.79961,2.62,1.00
2016.10.26 16:08:14.542,0.79955,0.7996,1.87,1.00
2016.10.26 16:08:14.689,0.79952,0.79959,3.56,1.00
2016.10.26 16:08:14.843,0.79952,0.79956,1.00,1.00
2016.10.26 16:08:15.366,0.79952,0.79957,1.00,1.00
2016.10.26 16:08:15.891,0.79951,0.79957,1.00,1.00
2016.10.26 16:08:16.613,0.79949,0.79955,2.62,1.00
2016.10.26 16:08:17.229,0.79948,0.79955,1.12,1.00
2016.10.26 16:08:17.744,0.79948,0.79956,1.12,1.00
2016.10.26 16:08:18.112,0.7995,0.79957,1.00,1.00
2016.10.26 16:08:18.648,0.7995,0.79956,1.00,1.00
2016.10.26 16:08:19.273,0.79951,0.79956,1.00,1.00
2016.10.26 16:08:21.703,0.79951,0.79957,1.00,1.00
2016.10.26 16:08:24.591,0.79951,0.79956,1.00,1.00
2016.10.26 16:08:24.744,0.79949,0.79956,1.00,1.00
2016.10.26 16:08:25.207,0.79952,0.79956,1.00,1.00
2016.10.26 16:08:25.528,0.7995,0.79957,1.00,1.00
2016.10.26 16:08:26.430,0.79949,0.79957,1.00,1.00
2016.10.26 16:08:26.937,0.79948,0.79956,1.50,1.00
2016.10.26 16:08:27.434,0.7995,0.79956,1.00,1.00
2016.10.26 16:08:28.128,0.79948,0.79956,1.00,1.00
2016.10.26 16:08:31.833,0.79949,0.79956,1.00,1.00
2016.10.26 16:08:32.429,0.79949,0.79957,1.00,1.00
2016.10.26 16:08:34.024,0.79949,0.79956,1.00,1.00
2016.10.26 16:08:35.216,0.7995,0.79956,1.00,1.00
2016.10.26 16:08:35.735,0.79949,0.79956,1.50,1.00
2016.10.26 16:08:40.484,0.79949,0.79955,1.00,1.00
2016.10.26 16:08:41.409,0.79949,0.79954,1.00,1.00
2016.10.26 16:08:46.212,0.79949,0.79956,1.00,1.00
2016.10.26 16:08:47.390,0.79949,0.79955,1.00,1.00
2016.10.26 16:08:54.073,0.79948,0.79955,1.00,1.00
2016.10.26 16:08:55.278,0.79949,0.79955,1.00,1.00
2016.10.26 16:08:55.582,0.79951,0.79956,1.00,1.00
2016.10.26 16:08:57.180,0.7995,0.79956,1.00,1.00
2016.10.26 16:09:01.326,0.7995,0.79955,1.00,1.00
2016.10.26 16:09:03.876,0.79949,0.79957,1.50,1.00
2016.10.26 16:09:07.132,0.79949,0.79954,1.00,1.00
2016.10.26 16:09:08.317,0.79948,0.79954,1.50,1.00
2016.10.26 16:09:08.846,0.79949,0.79954,1.00,1.00
2016.10.26 16:09:10.069,0.7995,0.79954,1.00,1.00
2016.10.26 16:09:10.808,0.7995,0.79956,1.00,1.00
2016.10.26 16:09:11.335,0.79949,0.79955,1.00,1.00
2016.10.26 16:09:12.768,0.79948,0.79955,1.50,1.00
2016.10.26 16:09:13.535,0.79948,0.79954,1.87,1.00
2016.10.26 16:09:14.671,0.79947,0.79954,1.87,1.00
2016.10.26 16:09:18.999,0.79948,0.79954,1.00,1.00
2016.10.26 16:09:19.505,0.79949,0.79954,1.12,1.00
2016.10.26 16:09:23.621,0.79949,0.79955,1.12,1.00
2016.10.26 16:09:24.068,0.7995,0.79958,1.00,1.00
2016.10.26 16:09:26.385,0.79954,0.7996,1.00,1.87
2016.10.26 16:09:26.436,0.79955,0.79963,1.87,1.12
2016.10.26 16:09:27.048,0.79956,0.79963,1.00,1.00
2016.10.26 16:09:27.669,0.79956,0.79961,1.00,1.00
2016.10.26 16:09:28.180,0.79956,0.79963,1.00,1.00
2016.10.26 16:09:28.716,0.79955,0.79964,1.00,1.00
2016.10.26 16:09:29.020,0.79957,0.79964,1.00,1.00
2016.10.26 16:09:31.974,0.79957,0.79965,1.00,1.00
2016.10.26 16:09:32.285,0.79956,0.79963,1.50,1.00
2016.10.26 16:09:37.537,0.79955,0.79963,1.87,1.50
2016.10.26 16:09:38.431,0.79956,0.79963,1.50,1.00
2016.10.26 16:09:38.976,0.79956,0.79964,1.87,1.00
2016.10.26 16:09:39.516,0.79957,0.79964,1.00,1.00
2016.10.26 16:09:39.829,0.79957,0.79962,1.00,1.00
2016.10.26 16:09:40.692,0.79957,0.79964,1.00,1.50
2016.10.26 16:09:41.858,0.79959,0.79964,1.00,1.00
2016.10.26 16:09:43.768,0.79958,0.79964,1.00,1.00
2016.10.26 16:09:44.358,0.79958,0.79963,1.00,1.00
2016.10.26 16:09:48.846,0.79957,0.79963,1.00,1.00
2016.10.26 16:09:49.368,0.79958,0.79963,1.50,1.00
2016.10.26 16:09:54.278,0.79957,0.79963,1.00,1.00
2016.10.26 16:09:59.054,0.79956,0.79963,2.62,1.00
2016.10.26 16:09:59.831,0.79957,0.79963,1.00,1.00
2016.10.26 16:10:03.280,0.79956,0.79963,1.50,1.00
2016.10.26 16:10:06.274,0.79957,0.79963,1.00,1.00
2016.10.26 16:10:06.875,0.79958,0.79963,1.00,1.00
2016.10.26 16:10:07.875,0.79956,0.79963,2.25,1.00
2016.10.26 16:10:13.124,0.79956,0.79964,1.00,1.00
2016.10.26 16:10:15.570,0.79956,0.79965,1.50,1.00
2016.10.26 16:10:15.950,0.79954,0.79963,2.62,1.00
2016.10.26 16:10:16.732,0.79955,0.79963,1.00,1.00
2016.10.26 16:10:18.133,0.79954,0.79962,1.87,1.00
2016.10.26 16:10:20.347,0.79954,0.79963,1.87,1.00
2016.10.26 16:10:22.371,0.79953,0.79962,2.62,1.00
2016.10.26 16:10:23.088,0.79954,0.79963,1.00,1.50
2016.10.26 16:10:23.802,0.79955,0.79963,1.00,1.50
2016.10.26 16:10:23.853,0.79953,0.79963,3.00,1.50
2016.10.26 16:10:24.639,0.79954,0.79963,1.00,1.00
2016.10.26 16:10:26.115,0.79955,0.79962,1.00,1.00
2016.10.26 16:10:26.166,0.79955,0.79964,1.50,1.00
2016.10.26 16:10:26.368,0.79957,0.79964,1.00,1.00
2016.10.26 16:10:29.938,0.7995,0.79959,1.50,1.00
2016.10.26 16:10:30.049,0.79949,0.79956,1.00,2.25
2016.10.26 16:10:30.151,0.79947,0.79956,1.00,1.50
2016.10.26 16:10:30.202,0.79949,0.79956,1.00,1.87
2016.10.26 16:10:30.304,0.79947,0.79956,1.00,1.50
2016.10.26 16:10:30.355,0.79947,0.79954,1.00,1.00
2016.10.26 16:10:32.329,0.79945,0.79954,1.50,1.00
2016.10.26 16:10:32.796,0.79948,0.79954,1.12,1.00
2016.10.26 16:10:32.850,0.7995,0.79957,1.00,1.50
2016.10.26 16:10:33.357,0.79951,0.79957,1.00,1.00
2016.10.26 16:10:34.452,0.79949,0.79957,1.50,1.00
2016.10.26 16:10:34.604,0.79951,0.79957,1.00,1.50
2016.10.26 16:10:35.275,0.7995,0.79957,1.50,1.00
2016.10.26 16:10:35.428,0.79948,0.79957,1.50,1.50
2016.10.26 16:10:35.920,0.79951,0.79957,1.00,1.00
2016.10.26 16:10:36.554,0.7995,0.79957,1.00,2.25
2016.10.26 16:10:38.010,0.7995,0.79956,1.00,1.00
2016.10.26 16:10:39.295,0.7995,0.79957,1.00,1.50
2016.10.26 16:10:41.007,0.7995,0.79958,2.25,1.00
2016.10.26 16:10:41.319,0.79952,0.79958,1.00,1.00
2016.10.26 16:10:41.827,0.79951,0.79958,1.50,1.00
2016.10.26 16:10:43.081,0.79951,0.79959,1.00,1.50
2016.10.26 16:10:44.884,0.79949,0.79957,1.00,1.00
2016.10.26 16:10:45.604,0.7995,0.79956,1.00,1.00
2016.10.26 16:10:48.265,0.79948,0.79956,1.50,1.00
2016.10.26 16:10:49.663,0.79949,0.79956,1.00,1.00
2016.10.26 16:10:50.481,0.7995,0.79956,1.00,1.00
2016.10.26 16:10:51.360,0.79949,0.79956,1.50,1.00
2016.10.26 16:10:51.765,0.79951,0.79956,1.00,1.50
2016.10.26 16:10:53.135,0.79949,0.79956,1.50,1.00
2016.10.26 16:10:53.776,0.7995,0.79956,1.00,1.00
2016.10.26 16:10:54.173,0.79948,0.79956,2.25,1.00
2016.10.26 16:10:54.224,0.79948,0.79954,1.00,1.00
2016.10.26 16:10:54.275,0.79945,0.79953,1.37,1.00
2016.10.26 16:10:54.786,0.79945,0.79953,1.00,1.50
2016.10.26 16:11:00.822,0.79945,0.79952,1.00,1.00
2016.10.26 16:11:01.329,0.79945,0.79953,1.00,2.25
2016.10.26 16:11:02.281,0.79946,0.79953,1.00,2.25
2016.10.26 16:11:06.482,0.79944,0.79953,1.50,1.50
2016.10.26 16:11:10.026,0.79946,0.79953,1.00,1.50
2016.10.26 16:11:10.752,0.79945,0.79953,1.00,1.00
2016.10.26 16:11:17.904,0.79944,0.79952,1.00,1.00
2016.10.26 16:11:20.141,0.79944,0.79953,1.50,1.50
2016.10.26 16:11:31.087,0.79945,0.79953,1.00,1.00
2016.10.26 16:11:35.136,0.79944,0.79953,1.50,1.50
2016.10.26 16:11:35.674,0.79945,0.79953,1.00,1.00
2016.10.26 16:11:38.181,0.79945,0.79952,1.00,1.00
2016.10.26 16:11:40.609,0.79946,0.79955,1.00,2.62
2016.10.26 16:11:40.935,0.79948,0.79955,1.00,1.12
2016.10.26 16:11:41.732,0.79946,0.79953,1.12,1.00
2016.10.26 16:11:41.884,0.79944,0.79953,3.37,1.00
2016.10.26 16:11:42.139,0.79946,0.79952,1.00,1.00
2016.10.26 16:11:42.998,0.79948,0.79953,1.00,1.00
2016.10.26 16:11:43.624,0.79947,0.79953,1.00,1.00
2016.10.26 16:11:46.694,0.79946,0.79953,1.50,1.00
2016.10.26 16:11:47.161,0.79944,0.79952,1.50,1.50
2016.10.26 16:11:51.303,0.79945,0.79952,1.50,1.00
2016.10.26 16:11:54.902,0.79944,0.7995,1.12,1.00
2016.10.26 16:11:56.213,0.79943,0.79951,1.00,1.00
2016.10.26 16:11:57.436,0.79944,0.79952,1.50,1.00
2016.10.26 16:11:57.963,0.79944,0.79953,1.50,1.50
2016.10.26 16:11:59.223,0.79945,0.79952,1.00,1.50
2016.10.26 16:11:59.741,0.79945,0.79951,1.00,1.00
2016.10.26 16:12:00.272,0.79944,0.79951,1.00,1.00
2016.10.26 16:12:01.479,0.79943,0.79951,1.50,1.00
2016.10.26 16:12:02.834,0.79943,0.7995,1.00,1.00
2016.10.26 16:12:03.544,0.79942,0.7995,1.00,1.50
2016.10.26 16:12:03.863,0.79945,0.79952,1.00,2.62
2016.10.26 16:12:04.578,0.79944,0.79952,1.50,2.25
2016.10.26 16:12:05.393,0.79944,0.79951,1.00,1.00
2016.10.26 16:12:06.728,0.79949,0.79953,1.00,1.00
2016.10.26 16:12:06.779,0.7995,0.79956,1.00,1.00
2016.10.26 16:12:06.831,0.79952,0.79956,1.00,1.00
2016.10.26 16:12:06.935,0.79952,0.79959,1.00,1.50
2016.10.26 16:12:07.088,0.79954,0.79959,1.00,1.00
2016.10.26 16:12:07.139,0.79954,0.79961,1.00,1.50
2016.10.26 16:12:07.692,0.79956,0.79961,1.00,1.00
2016.10.26 16:12:07.744,0.79954,0.79961,1.00,1.50
2016.10.26 16:12:08.260,0.79955,0.79961,1.00,1.50
2016.10.26 16:12:10.345,0.79954,0.79961,1.00,1.00
2016.10.26 16:12:11.196,0.79953,0.79961,1.50,1.00
2016.10.26 16:12:11.728,0.79952,0.79961,1.12,2.25
2016.10.26 16:12:12.527,0.79951,0.79959,1.87,1.00
2016.10.26 16:12:13.063,0.79952,0.79958,1.00,1.00
2016.10.26 16:12:14.837,0.79949,0.79956,1.00,1.00
2016.10.26 16:12:15.625,0.79949,0.79957,1.00,1.50
2016.10.26 16:12:16.040,0.79953,0.79959,1.00,1.00
2016.10.26 16:12:16.344,0.79954,0.79961,1.50,1.12
2016.10.26 16:12:16.395,0.79955,0.79963,1.00,2.25
2016.10.26 16:12:17.161,0.79954,0.7996,1.00,1.00
2016.10.26 16:12:17.669,0.79954,0.79961,1.00,1.00
2016.10.26 16:12:18.530,0.79953,0.79961,1.00,1.00
2016.10.26 16:12:19.084,0.79953,0.79962,1.00,1.87
2016.10.26 16:12:25.658,0.79955,0.79962,1.00,1.87
2016.10.26 16:12:26.179,0.79956,0.79963,1.00,1.00
2016.10.26 16:12:26.724,0.79958,0.79964,1.00,1.00
2016.10.26 16:12:27.923,0.79956,0.79965,1.50,1.50
2016.10.26 16:12:28.462,0.79956,0.79962,1.00,1.50
2016.10.26 16:12:28.564,0.79954,0.79962,1.50,1.00
2016.10.26 16:12:30.319,0.79954,0.79961,1.00,2.25
2016.10.26 16:12:30.420,0.79952,0.79961,1.00,2.25
2016.10.26 16:12:32.163,0.79953,0.79961,1.00,1.50
2016.10.26 16:12:32.808,0.79953,0.7996,1.00,1.00
2016.10.26 16:12:33.641,0.79953,0.79961,1.50,1.50
2016.10.26 16:12:34.508,0.79954,0.79963,1.00,3.00
2016.10.26 16:12:35.016,0.79954,0.79961,1.00,1.00
2016.10.26 16:12:35.520,0.79954,0.79962,1.00,1.00
2016.10.26 16:12:36.327,0.79953,0.79962,2.25,1.00
2016.10.26 16:12:36.429,0.79954,0.7996,1.00,1.00
2016.10.26 16:12:39.572,0.79953,0.7996,1.00,1.00
2016.10.26 16:12:40.116,0.79953,0.79959,1.00,1.00
2016.10.26 16:12:40.646,0.79953,0.7996,1.00,1.00
2016.10.26 16:12:43.327,0.79952,0.7996,1.50,1.50
2016.10.26 16:12:43.843,0.79952,0.79959,1.00,1.00
2016.10.26 16:12:45.701,0.79951,0.79959,1.50,1.50
2016.10.26 16:12:46.874,0.79953,0.79959,1.00,1.00
2016.10.26 16:12:46.976,0.79954,0.79961,1.00,1.00
2016.10.26 16:12:47.079,0.79954,0.79963,1.00,2.25
2016.10.26 16:12:51.273,0.79953,0.79962,1.00,1.50
2016.10.26 16:12:51.375,0.79952,0.7996,1.00,1.50
2016.10.26 16:12:52.271,0.79951,0.7996,1.00,1.50
2016.10.26 16:12:52.678,0.79953,0.79961,1.00,2.25
2016.10.26 16:12:53.498,0.79952,0.79961,1.50,2.25
2016.10.26 16:12:54.061,0.79954,0.79961,1.00,2.25
2016.10.26 16:12:54.521,0.79953,0.79959,1.00,1.00
2016.10.26 16:12:55.002,0.79953,0.79961,1.00,2.25
2016.10.26 16:12:55.575,0.79953,0.7996,1.00,1.50
2016.10.26 16:12:59.486,0.7995,0.79959,1.50,1.00
2016.10.26 16:13:01.258,0.79952,0.79959,1.00,1.50
2016.10.26 16:13:01.830,0.79952,0.79958,1.00,1.00
2016.10.26 16:13:03.328,0.7995,0.79959,1.00,1.50
2016.10.26 16:13:04.441,0.79949,0.79956,1.00,1.00
2016.10.26 16:13:06.736,0.79948,0.79954,1.00,1.00
2016.10.26 16:13:07.126,0.79952,0.79958,1.00,1.50
2016.10.26 16:13:07.431,0.79954,0.79958,1.00,1.00
2016.10.26 16:13:08.181,0.79952,0.7996,1.12,1.00
2016.10.26 16:13:08.811,0.79952,0.79961,1.87,1.00
2016.10.26 16:13:09.562,0.79952,0.7996,1.12,1.00
2016.10.26 16:13:10.536,0.79953,0.7996,1.00,1.00
2016.10.26 16:13:11.383,0.79956,0.7996,1.00,1.00
2016.10.26 16:13:11.436,0.79956,0.79964,1.00,1.00
2016.10.26 16:13:12.096,0.79956,0.79963,1.50,1.00
2016.10.26 16:13:14.991,0.79957,0.79964,1.00,1.00
2016.10.26 16:13:15.841,0.79956,0.79964,1.50,1.00
2016.10.26 16:13:18.050,0.79956,0.79963,1.00,1.00
2016.10.26 16:13:19.081,0.79956,0.79962,1.50,1.00
2016.10.26 16:13:19.426,0.79956,0.79964,1.00,1.00
2016.10.26 16:13:19.953,0.79955,0.79963,1.00,1.00
2016.10.26 16:13:20.497,0.79956,0.79963,1.00,1.00
2016.10.26 16:13:20.961,0.79957,0.79965,1.00,2.25
2016.10.26 16:13:21.726,0.79958,0.79965,1.00,1.50
2016.10.26 16:13:23.243,0.79957,0.79965,1.50,1.00
2016.10.26 16:13:25.279,0.79959,0.79966,1.00,1.00
2016.10.26 16:13:25.618,0.79959,0.79964,1.00,1.00
2016.10.26 16:13:25.772,0.79957,0.79964,1.50,1.00
2016.10.26 16:13:27.428,0.79957,0.79965,1.00,1.50
2016.10.26 16:13:28.349,0.79956,0.79965,1.50,1.00
2016.10.26 16:13:28.872,0.79956,0.79964,1.00,1.00
2016.10.26 16:13:32.962,0.79956,0.79965,1.50,1.00
2016.10.26 16:13:33.513,0.79956,0.79964,1.50,1.00
2016.10.26 16:13:34.086,0.79956,0.79965,1.50,1.00
2016.10.26 16:13:41.885,0.79957,0.79965,1.00,1.00
2016.10.26 16:13:44.260,0.79957,0.79966,1.50,1.00
2016.10.26 16:13:44.742,0.7996,0.79967,1.00,1.00
2016.10.26 16:13:45.479,0.79961,0.79967,1.00,1.00
2016.10.26 16:13:46.588,0.7996,0.79967,1.00,1.00
2016.10.26 16:13:48.506,0.79959,0.79966,1.00,1.00
2016.10.26 16:13:53.630,0.79959,0.79965,1.00,1.00
2016.10.26 16:13:54.438,0.79958,0.79965,1.00,1.00
2016.10.26 16:13:55.752,0.79957,0.79965,1.00,1.00
2016.10.26 16:13:57.915,0.79956,0.79964,1.12,1.00
2016.10.26 16:13:58.502,0.79956,0.79963,1.87,1.00
2016.10.26 16:13:59.633,0.79958,0.79965,2.25,1.00
2016.10.26 16:14:00.139,0.79961,0.79967,1.00,1.00
2016.10.26 16:14:00.444,0.79959,0.79966,1.00,1.00
2016.10.26 16:14:00.648,0.79961,0.79966,1.00,1.00
2016.10.26 16:14:01.848,0.79961,0.79967,1.00,1.00
2016.10.26 16:14:04.528,0.79961,0.79966,1.00,1.00
2016.10.26 16:14:04.852,0.79958,0.79964,1.00,1.00
2016.10.26 16:14:06.154,0.79962,0.79967,1.00,1.00
2016.10.26 16:14:06.258,0.79964,0.79971,1.00,1.12
2016.10.26 16:14:06.360,0.79964,0.79969,1.00,1.00
2016.10.26 16:14:07.164,0.79963,0.79967,1.00,1.00
2016.10.26 16:14:07.703,0.79963,0.79967,1.00,1.00
2016.10.26 16:14:08.281,0.79963,0.79969,1.00,1.00
2016.10.26 16:14:09.440,0.79962,0.79969,1.00,1.00
2016.10.26 16:14:09.542,0.79961,0.79965,1.00,1.00
2016.10.26 16:14:09.647,0.79959,0.79965,1.00,1.00
2016.10.26 16:14:10.436,0.79961,0.79968,1.00,1.00
2016.10.26 16:14:10.589,0.79963,0.79968,1.00,1.00
2016.10.26 16:14:12.153,0.79964,0.79969,1.37,1.00
2016.10.26 16:14:12.204,0.79966,0.79972,1.00,1.00
2016.10.26 16:14:12.805,0.79967,0.79972,1.00,1.00
2016.10.26 16:14:14.391,0.79967,0.79974,1.00,1.00
2016.10.26 16:14:14.544,0.79969,0.79977,1.00,1.12
2016.10.26 16:14:14.671,0.79971,0.79977,1.00,1.00
2016.10.26 16:14:15.076,0.79969,0.79976,1.12,1.00
2016.10.26 16:14:15.127,0.79969,0.79974,1.00,1.00
2016.10.26 16:14:15.641,0.79969,0.79976,1.00,1.50
2016.10.26 16:14:15.692,0.79969,0.79973,1.00,1.00
2016.10.26 16:14:15.743,0.7997,0.79975,1.00,1.00
2016.10.26 16:14:16.259,0.79968,0.79974,1.00,1.00
2016.10.26 16:14:19.224,0.79968,0.79972,1.00,1.00
2016.10.26 16:14:20.680,0.79967,0.79972,1.00,1.00
2016.10.26 16:14:20.782,0.79967,0.79974,1.00,1.00
2016.10.26 16:14:21.298,0.79967,0.79973,1.00,1.00
2016.10.26 16:14:21.810,0.79966,0.79973,1.00,1.00
2016.10.26 16:14:24.427,0.79966,0.79972,1.00,1.00
2016.10.26 16:14:24.800,0.79963,0.79969,1.00,1.00
2016.10.26 16:14:25.471,0.79965,0.79969,1.00,1.00
2016.10.26 16:14:26.341,0.79964,0.79971,1.00,1.00
2016.10.26 16:14:26.871,0.79965,0.79971,1.00,1.00
2016.10.26 16:14:26.923,0.79963,0.79971,1.00,1.00
2016.10.26 16:14:27.832,0.79963,0.79972,1.50,1.50
2016.10.26 16:14:28.266,0.79963,0.7997,1.50,1.00
2016.10.26 16:14:28.800,0.79962,0.79969,1.00,1.50
2016.10.26 16:14:32.588,0.79961,0.79969,1.00,1.00
2016.10.26 16:14:35.477,0.79962,0.79969,1.00,1.00
2016.10.26 16:14:35.629,0.79963,0.79971,1.00,1.00
2016.10.26 16:14:35.733,0.79961,0.7997,1.50,1.00
2016.10.26 16:14:36.476,0.7996,0.79969,1.50,1.00
2016.10.26 16:14:37.830,0.79961,0.79969,1.50,1.00
2016.10.26 16:14:41.479,0.79961,0.79968,1.50,1.00
2016.10.26 16:14:51.484,0.79962,0.79969,1.00,1.00
2016.10.26 16:14:51.946,0.7996,0.7997,2.25,1.50
2016.10.26 16:14:52.047,0.79962,0.79969,1.00,1.00
2016.10.26 16:14:52.886,0.79964,0.79972,1.00,1.00
2016.10.26 16:14:53.637,0.79965,0.79972,1.00,1.00
2016.10.26 16:14:58.276,0.79967,0.79972,1.00,1.00
2016.10.26 16:14:58.328,0.79968,0.79977,1.00,1.50
2016.10.26 16:14:58.584,0.7997,0.79977,1.00,1.50
2016.10.26 16:15:01.404,0.7997,0.79978,1.00,1.00
2016.10.26 16:15:01.900,0.79974,0.79981,1.00,1.50
2016.10.26 16:15:06.129,0.79975,0.79981,1.00,1.00
2016.10.26 16:15:13.039,0.79974,0.79981,1.00,1.50
2016.10.26 16:15:15.840,0.79975,0.79981,1.00,1.00
2016.10.26 16:15:18.224,0.79976,0.79983,1.00,1.50
2016.10.26 16:15:28.519,0.79973,0.79981,1.00,1.00
2016.10.26 16:15:28.775,0.79975,0.79981,1.00,1.00
2016.10.26 16:15:28.878,0.79975,0.79983,1.00,1.50
2016.10.26 16:15:29.132,0.79975,0.79985,1.50,2.62
2016.10.26 16:15:29.918,0.79975,0.79984,1.87,1.50
2016.10.26 16:15:29.970,0.79977,0.79985,1.00,1.00
2016.10.26 16:15:30.428,0.79979,0.79986,1.00,1.00
2016.10.26 16:15:31.126,0.7998,0.79987,1.00,1.50
2016.10.26 16:15:32.742,0.79978,0.79987,1.00,1.50
2016.10.26 16:15:33.846,0.79979,0.79988,1.00,1.50
2016.10.26 16:15:38.388,0.7998,0.79988,1.00,1.50
2016.10.26 16:15:38.827,0.79981,0.79988,1.37,1.00
2016.10.26 16:15:39.378,0.79981,0.79988,1.00,1.00
2016.10.26 16:15:40.099,0.7998,0.79988,1.87,1.00
2016.10.26 16:15:42.371,0.7998,0.79989,1.50,1.00
2016.10.26 16:15:44.430,0.79981,0.7999,1.00,2.25
2016.10.26 16:15:44.938,0.79982,0.7999,1.00,1.00
2016.10.26 16:15:46.146,0.79986,0.79991,1.00,1.31
2016.10.26 16:15:46.799,0.79987,0.79992,1.00,1.00
2016.10.26 16:15:47.134,0.7999,0.79995,1.00,3.94
2016.10.26 16:15:47.623,0.79994,0.79998,1.00,1.12
2016.10.26 16:15:49.807,0.79993,0.79997,1.00,1.12
2016.10.26 16:15:50.399,0.79992,0.79997,1.00,1.00
2016.10.26 16:15:51.406,0.79993,0.79998,1.00,1.00
2016.10.26 16:15:51.959,0.79993,0.79999,1.00,1.00
2016.10.26 16:15:52.071,0.79995,0.79999,1.00,1.00
2016.10.26 16:15:53.362,0.79992,0.8,1.00,2.06
2016.10.26 16:15:53.870,0.79993,0.79998,1.00,1.00
2016.10.26 16:15:54.900,0.79993,0.79999,1.00,1.25
2016.10.26 16:15:55.406,0.79994,0.79999,1.00,1.25
2016.10.26 16:15:55.921,0.79992,0.79996,1.00,1.00
2016.10.26 16:15:56.023,0.79994,0.79999,1.00,1.19
2016.10.26 16:15:56.858,0.79994,0.79999,1.00,1.25
2016.10.26 16:15:57.281,0.79991,0.79998,1.00,1.37
2016.10.26 16:15:58.608,0.79992,0.79996,1.00,1.00
2016.10.26 16:15:58.811,0.7999,0.79998,1.00,2.62
2016.10.26 16:15:59.115,0.79991,0.79995,1.00,1.00
2016.10.26 16:15:59.930,0.79991,0.79996,1.00,1.00
2016.10.26 16:16:00.382,0.79989,0.79996,1.00,1.12
2016.10.26 16:16:00.890,0.79989,0.79995,1.00,1.69
2016.10.26 16:16:00.941,0.79988,0.79993,1.00,1.00
2016.10.26 16:16:01.043,0.79985,0.79993,1.00,1.25
2016.10.26 16:16:01.400,0.79985,0.79991,1.00,1.00
2016.10.26 16:16:01.909,0.79986,0.79991,1.00,1.00
2016.10.26 16:16:03.339,0.79986,0.79992,1.00,1.00
2016.10.26 16:16:04.333,0.79982,0.79991,1.50,1.50
2016.10.26 16:16:04.384,0.79984,0.79991,1.00,2.25
2016.10.26 16:16:04.927,0.79984,0.79991,1.00,1.00
2016.10.26 16:16:06.916,0.79982,0.79987,1.00,1.00
2016.10.26 16:16:06.968,0.79979,0.79987,2.25,1.00
2016.10.26 16:16:07.274,0.79982,0.79987,1.00,1.12
2016.10.26 16:16:07.376,0.7998,0.79988,1.00,1.50
2016.10.26 16:16:08.076,0.7998,0.79987,1.00,1.00
2016.10.26 16:16:10.091,0.7998,0.79987,1.00,1.50
2016.10.26 16:16:11.576,0.79979,0.79986,1.00,2.25
2016.10.26 16:16:16.689,0.7998,0.79987,1.00,2.25
2016.10.26 16:16:17.223,0.79979,0.79987,1.00,2.25
2016.10.26 16:16:17.777,0.79979,0.79986,1.00,1.37
2016.10.26 16:16:19.027,0.79977,0.79985,1.00,1.50
2016.10.26 16:16:19.180,0.79976,0.79983,1.00,1.00
2016.10.26 16:16:19.767,0.79976,0.79984,1.00,1.87
2016.10.26 16:16:20.406,0.79976,0.79983,1.00,1.00
2016.10.26 16:16:26.232,0.79975,0.79983,1.00,1.50
2016.10.26 16:16:26.748,0.79974,0.7998,1.00,1.00
2016.10.26 16:16:27.270,0.79975,0.79981,1.00,1.00
2016.10.26 16:16:27.780,0.79975,0.79982,1.00,1.50
2016.10.26 16:16:33.708,0.79975,0.79982,1.00,3.37
2016.10.26 16:16:35.252,0.79973,0.79982,1.00,2.62
2016.10.26 16:16:36.010,0.79974,0.79982,1.00,2.62
2016.10.26 16:16:36.112,0.79974,0.79983,1.00,4.50
2016.10.26 16:16:36.415,0.79974,0.79981,1.00,1.12
2016.10.26 16:16:37.728,0.79972,0.79981,1.00,3.00
2016.10.26 16:16:39.829,0.79972,0.79979,1.00,1.00
2016.10.26 16:16:44.699,0.79972,0.7998,1.00,1.00
2016.10.26 16:16:45.554,0.79973,0.7998,1.00,1.12
2016.10.26 16:16:46.915,0.79973,0.79979,1.00,1.00
2016.10.26 16:16:47.885,0.79973,0.79981,1.00,1.00
2016.10.26 16:16:47.937,0.79975,0.79981,1.00,1.00
2016.10.26 16:16:48.428,0.79977,0.79984,1.00,1.50
2016.10.26 16:16:49.763,0.79973,0.79977,1.00,1.00
2016.10.26 16:16:49.894,0.79971,0.79979,1.50,1.00
2016.10.26 16:16:50.198,0.79973,0.79979,1.00,1.00
2016.10.26 16:16:50.737,0.79973,0.7998,1.00,1.00
2016.10.26 16:16:51.557,0.79974,0.7998,1.00,1.00
2016.10.26 16:16:54.628,0.79975,0.7998,1.00,1.00
2016.10.26 16:16:55.031,0.79977,0.79984,1.00,1.50
2016.10.26 16:16:55.970,0.79977,0.79986,1.12,1.87
2016.10.26 16:16:56.409,0.79979,0.79986,1.00,1.00
2016.10.26 16:16:57.415,0.7998,0.79989,1.00,2.25
2016.10.26 16:16:57.979,0.79981,0.7999,1.50,1.00
2016.10.26 16:16:58.522,0.79982,0.7999,1.00,1.00
2016.10.26 16:16:59.732,0.79983,0.79991,1.50,1.12
2016.10.26 16:17:00.395,0.79983,0.79992,1.50,1.12
2016.10.26 16:17:01.210,0.79984,0.79993,1.00,2.44
2016.10.26 16:17:01.756,0.79984,0.79991,1.00,1.00
2016.10.26 16:17:03.469,0.79983,0.79991,1.00,1.50
2016.10.26 16:17:04.869,0.79984,0.79991,1.00,1.00
2016.10.26 16:17:07.005,0.79983,0.79991,1.00,1.50
2016.10.26 16:17:07.056,0.79983,0.79989,1.00,1.00
2016.10.26 16:17:08.113,0.79982,0.79991,1.87,1.12
2016.10.26 16:17:08.637,0.79982,0.7999,1.12,1.00
2016.10.26 16:17:09.152,0.79982,0.79991,1.87,1.12
2016.10.26 16:17:09.635,0.79982,0.79989,1.00,1.00
2016.10.26 16:17:13.115,0.79982,0.7999,1.00,1.50
2016.10.26 16:17:13.814,0.79981,0.7999,1.00,1.50
2016.10.26 16:17:14.596,0.7998,0.79989,1.50,1.00
2016.10.26 16:17:15.015,0.79979,0.79987,1.00,1.00
2016.10.26 16:17:15.446,0.7998,0.79989,1.00,2.25
2016.10.26 16:17:17.487,0.79983,0.7999,1.00,1.00
2016.10.26 16:17:17.641,0.79984,0.79993,1.00,1.50
2016.10.26 16:17:17.845,0.79985,0.79994,1.50,1.12
2016.10.26 16:17:18.353,0.79986,0.79993,1.00,1.00
2016.10.26 16:17:28.542,0.79985,0.79992,1.87,1.00
2016.10.26 16:17:29.049,0.79985,0.79991,1.00,1.00
2016.10.26 16:17:29.664,0.79985,0.79993,1.00,1.00
2016.10.26 16:17:29.981,0.79985,0.79991,1.00,1.00
2016.10.26 16:17:32.083,0.79985,0.79992,1.00,1.00
2016.10.26 16:17:32.692,0.79984,0.79991,2.62,1.00
2016.10.26 16:17:33.294,0.79984,0.79992,1.12,1.00
2016.10.26 16:17:35.068,0.79985,0.79991,1.00,1.00
2016.10.26 16:17:35.400,0.79985,0.79993,1.12,1.50
2016.10.26 16:17:35.553,0.79986,0.79995,1.50,1.50
2016.10.26 16:17:36.059,0.79986,0.79994,1.00,1.00
2016.10.26 16:17:38.666,0.79986,0.79993,1.87,1.00
2016.10.26 16:17:39.577,0.79986,0.79995,1.87,1.00
2016.10.26 16:17:40.157,0.79986,0.79994,1.00,1.00
2016.10.26 16:17:41.847,0.79986,0.79993,1.00,1.00
2016.10.26 16:17:43.502,0.79986,0.79993,1.37,1.00
2016.10.26 16:17:44.034,0.79986,0.79994,1.30,1.00
2016.10.26 16:17:44.993,0.79986,0.79995,1.57,1.00
2016.10.26 16:17:45.044,0.79986,0.79995,3.07,1.00
2016.10.26 16:17:45.248,0.79989,0.79998,1.07,1.50
2016.10.26 16:17:45.451,0.79989,0.79998,4.20,1.00
2016.10.26 16:17:46.525,0.79991,0.79998,1.50,1.00
2016.10.26 16:17:49.286,0.79991,0.79997,1.00,1.00
2016.10.26 16:17:49.438,0.79989,0.79997,1.00,1.00
2016.10.26 16:17:50.311,0.79988,0.79997,1.57,1.00
2016.10.26 16:17:51.135,0.79994,0.79998,1.00,1.00
2016.10.26 16:17:51.187,0.79996,0.80002,1.00,1.87
2016.10.26 16:17:51.342,0.79997,0.80004,1.00,1.00
2016.10.26 16:17:55.977,0.79997,0.80003,1.10,1.00
2016.10.26 16:17:56.639,0.79997,0.80003,1.07,1.00
2016.10.26 16:17:58.888,0.79997,0.80005,1.07,1.00
2016.10.26 16:17:59.496,0.79997,0.80005,1.07,1.00
2016.10.26 16:17:59.648,0.79997,0.80005,1.10,1.00
2016.10.26 16:18:00.502,0.79996,0.80004,1.10,1.00
2016.10.26 16:18:01.031,0.79996,0.80004,1.07,1.00
2016.10.26 16:18:01.715,0.79996,0.80004,1.00,1.00
2016.10.26 16:18:03.805,0.79996,0.80002,1.00,1.00
2016.10.26 16:18:04.328,0.79995,0.80002,1.00,1.00
2016.10.26 16:18:04.872,0.79995,0.80003,1.00,1.00
2016.10.26 16:18:04.988,0.79998,0.80007,1.00,1.50
2016.10.26 16:18:05.686,0.79999,0.80007,1.00,1.00
2016.10.26 16:18:06.197,0.80001,0.80008,1.00,1.87
2016.10.26 16:18:06.350,0.79999,0.80008,1.50,1.00
2016.10.26 16:18:07.327,0.8,0.80009,1.00,2.06
2016.10.26 16:18:07.733,0.80002,0.80011,1.50,1.12
2016.10.26 16:18:08.240,0.80004,0.80013,1.50,1.00
2016.10.26 16:18:08.545,0.80009,0.80015,1.00,1.50
2016.10.26 16:18:08.698,0.80009,0.80017,1.00,1.00
2016.10.26 16:18:09.800,0.8001,0.80018,1.00,1.00
2016.10.26 16:18:10.626,0.8001,0.80019,1.50,1.50
2016.10.26 16:18:11.645,0.80011,0.80016,1.00,1.00
2016.10.26 16:18:11.696,0.80009,0.80016,1.50,1.00
2016.10.26 16:18:12.278,0.80009,0.80018,1.12,1.00
2016.10.26 16:18:12.329,0.80011,0.8002,1.00,1.50
2016.10.26 16:18:12.837,0.8001,0.80019,2.25,1.00
2016.10.26 16:18:13.463,0.8001,0.80019,2.25,1.00
2016.10.26 16:18:13.984,0.80011,0.8002,2.25,1.00
2016.10.26 16:18:14.839,0.80012,0.8002,1.00,1.00
2016.10.26 16:18:15.404,0.80013,0.80021,1.00,1.00
2016.10.26 16:18:15.709,0.80011,0.80019,1.00,1.00
2016.10.26 16:18:16.391,0.8001,0.80019,1.50,1.00
2016.10.26 16:18:16.735,0.80012,0.80019,1.00,1.00
2016.10.26 16:18:17.592,0.8001,0.80018,1.00,1.50
2016.10.26 16:18:18.126,0.80008,0.80015,1.87,1.00
2016.10.26 16:18:18.380,0.80008,0.80017,1.50,1.00
2016.10.26 16:18:18.533,0.8001,0.80019,1.50,1.00
2016.10.26 16:18:18.945,0.80013,0.8002,1.00,1.00
2016.10.26 16:18:19.250,0.80013,0.80022,1.00,1.12
2016.10.26 16:18:19.301,0.80012,0.80019,1.50,1.00
2016.10.26 16:18:20.576,0.80011,0.80017,1.12,1.00
2016.10.26 16:18:21.085,0.80011,0.80018,1.12,1.00
2016.10.26 16:18:21.390,0.80009,0.80016,1.00,1.00
2016.10.26 16:18:21.901,0.8001,0.80016,1.00,1.00
2016.10.26 16:18:22.410,0.80011,0.80017,1.00,1.00
2016.10.26 16:18:22.917,0.8001,0.80017,1.00,1.00
2016.10.26 16:18:23.296,0.80009,0.80015,1.00,1.00
2016.10.26 16:18:23.797,0.80009,0.80016,1.50,1.00
2016.10.26 16:18:24.694,0.80005,0.80012,1.00,1.00
2016.10.26 16:18:25.332,0.80004,0.80012,1.00,1.00
2016.10.26 16:18:26.832,0.80004,0.80013,1.00,1.00
2016.10.26 16:18:27.136,0.80006,0.80014,1.12,1.00
2016.10.26 16:18:27.704,0.80008,0.80016,1.00,1.00
2016.10.26 16:18:31.029,0.80007,0.80016,1.00,1.50
2016.10.26 16:18:33.507,0.80006,0.80015,1.50,1.00
2016.10.26 16:18:34.050,0.80007,0.80015,1.00,1.00
2016.10.26 16:18:34.555,0.80007,0.80014,1.00,1.00
2016.10.26 16:18:38.761,0.80009,0.80014,1.00,1.00
2016.10.26 16:18:41.397,0.80009,0.80015,1.00,1.00
2016.10.26 16:18:41.923,0.80009,0.80016,1.00,1.00
2016.10.26 16:18:42.227,0.80007,0.80013,1.00,1.00
2016.10.26 16:18:47.481,0.80006,0.80013,1.00,1.00
2016.10.26 16:18:48.279,0.80006,0.80011,1.00,1.00
2016.10.26 16:18:49.785,0.80008,0.80012,1.00,1.00
2016.10.26 16:18:50.332,0.80007,0.80012,1.00,1.00
2016.10.26 16:18:51.154,0.80007,0.80014,1.12,1.00
2016.10.26 16:18:51.307,0.80008,0.80015,1.37,1.00
2016.10.26 16:18:52.080,0.80008,0.80013,1.37,1.00
2016.10.26 16:18:52.182,0.80008,0.80016,1.37,1.00
2016.10.26 16:18:52.284,0.80011,0.80016,1.00,1.00
2016.10.26 16:18:55.441,0.8001,0.80016,1.87,1.00
2016.10.26 16:18:57.673,0.8001,0.80015,1.12,1.00
2016.10.26 16:18:58.733,0.8001,0.80016,1.00,1.00
2016.10.26 16:19:02.016,0.80009,0.80014,1.12,1.00
2016.10.26 16:19:02.118,0.80007,0.80013,1.12,1.00
2016.10.26 16:19:03.110,0.80006,0.80013,1.00,1.00
2016.10.26 16:19:04.208,0.80008,0.80013,1.00,1.00
2016.10.26 16:19:07.129,0.80008,0.80014,1.00,1.00
2016.10.26 16:19:08.028,0.80008,0.80015,1.00,1.00
2016.10.26 16:19:08.333,0.80008,0.80013,1.00,1.00
2016.10.26 16:19:10.728,0.80006,0.80013,1.50,1.00
2016.10.26 16:19:11.951,0.80007,0.80013,1.00,1.00
2016.10.26 16:19:12.930,0.80006,0.80013,1.50,1.00
2016.10.26 16:19:13.782,0.80006,0.80013,1.87,1.00
2016.10.26 16:19:14.315,0.80006,0.80013,1.50,1.00
2016.10.26 16:19:18.988,0.80006,0.80014,1.00,1.00
2016.10.26 16:19:19.141,0.80006,0.80012,1.50,1.00
2016.10.26 16:19:19.193,0.80006,0.80014,1.00,1.00
2016.10.26 16:19:20.355,0.8001,0.80018,1.87,1.00
2016.10.26 16:19:21.607,0.80011,0.80018,1.00,1.00
2016.10.26 16:19:22.677,0.8001,0.80016,1.50,1.00
2016.10.26 16:19:23.519,0.8001,0.80017,1.50,1.00
2016.10.26 16:19:23.570,0.80008,0.80017,2.62,1.00
2016.10.26 16:19:24.888,0.8001,0.80018,1.00,1.50
2016.10.26 16:19:25.430,0.80009,0.80018,1.50,1.50
2016.10.26 16:19:27.166,0.8001,0.80019,1.00,1.50
2016.10.26 16:19:27.674,0.80011,0.80019,1.00,1.50
2016.10.26 16:19:29.421,0.80012,0.80019,1.00,1.00
2016.10.26 16:19:30.072,0.80011,0.8002,1.50,1.00
2016.10.26 16:19:31.475,0.80011,0.80019,1.00,1.00
2016.10.26 16:19:31.948,0.80012,0.80017,1.00,1.00
2016.10.26 16:19:32.485,0.80012,0.80018,1.00,1.00
2016.10.26 16:19:33.797,0.80011,0.80018,1.87,1.00
2016.10.26 16:19:34.464,0.80012,0.80018,1.12,1.00
2016.10.26 16:19:35.932,0.80012,0.80018,1.37,1.00
2016.10.26 16:19:37.058,0.80015,0.80021,1.00,1.00
2016.10.26 16:19:37.110,0.80015,0.80023,1.00,1.00
2016.10.26 16:19:37.715,0.80016,0.80023,1.00,1.00
2016.10.26 16:19:39.282,0.80016,0.80021,1.00,1.00
2016.10.26 16:19:39.334,0.80013,0.8002,1.87,1.00
2016.10.26 16:19:39.540,0.80015,0.80021,1.00,1.00
2016.10.26 16:19:40.602,0.80014,0.80022,1.00,1.00
2016.10.26 16:19:41.137,0.80014,0.80023,1.50,1.00
2016.10.26 16:19:41.854,0.80016,0.80023,1.00,1.00
2016.10.26 16:19:41.954,0.80014,0.80023,1.50,1.00
2016.10.26 16:19:42.006,0.80014,0.8002,1.00,1.00
2016.10.26 16:19:42.159,0.80016,0.80023,1.00,1.00
2016.10.26 16:19:42.364,0.80014,0.80022,1.50,1.00
2016.10.26 16:19:42.879,0.80014,0.80021,1.50,1.00
2016.10.26 16:19:43.273,0.80016,0.80021,1.00,1.00
2016.10.26 16:19:44.035,0.80015,0.80021,1.00,1.00
2016.10.26 16:19:45.135,0.80014,0.80021,1.87,1.00
2016.10.26 16:19:45.738,0.80013,0.80021,1.00,1.00
2016.10.26 16:19:46.218,0.80013,0.80019,1.00,1.00
2016.10.26 16:19:46.685,0.80013,0.80021,1.00,1.00
2016.10.26 16:19:46.938,0.80013,0.80018,1.00,1.00
2016.10.26 16:19:47.122,0.80013,0.8002,1.00,1.00
2016.10.26 16:19:47.833,0.80014,0.8002,1.00,1.00
2016.10.26 16:19:52.987,0.80014,0.80019,1.00,1.00
2016.10.26 16:19:53.828,0.80012,0.80019,1.00,1.00
2016.10.26 16:19:54.238,0.80014,0.80019,1.00,1.00
2016.10.26 16:19:54.747,0.80013,0.80019,1.00,1.00
2016.10.26 16:19:55.524,0.80012,0.80018,1.00,1.00
2016.10.26 16:19:55.925,0.80012,0.80016,1.00,1.00
2016.10.26 16:19:56.080,0.80009,0.80016,1.00,1.00
2016.10.26 16:19:57.795,0.80009,0.80015,1.12,1.00
2016.10.26 16:19:58.802,0.80009,0.80016,1.87,1.00
2016.10.26 16:19:58.854,0.80009,0.80018,1.87,1.00
2016.10.26 16:20:00.894,0.80011,0.80018,1.00,1.00
2016.10.26 16:20:02.847,0.8001,0.80018,1.50,1.00
2016.10.26 16:20:03.289,0.8001,0.80015,1.50,1.00
2016.10.26 16:20:03.813,0.8001,0.80016,1.00,1.00
2016.10.26 16:20:04.270,0.80008,0.80015,1.12,1.00
2016.10.26 16:20:04.321,0.80008,0.80013,1.50,1.00
2016.10.26 16:20:04.524,0.80008,0.80015,1.00,1.00
2016.10.26 16:20:05.055,0.80009,0.80015,1.00,1.00
2016.10.26 16:20:06.106,0.80009,0.80014,1.00,1.00
2016.10.26 16:20:06.157,0.80006,0.8001,1.12,1.00
2016.10.26 16:20:06.695,0.80007,0.80011,1.00,1.00
2016.10.26 16:20:06.898,0.80005,0.80011,1.87,1.00
2016.10.26 16:20:07.404,0.80006,0.80011,1.00,1.00
2016.10.26 16:20:07.928,0.80005,0.80011,1.00,1.00
2016.10.26 16:20:11.885,0.80005,0.8001,1.87,1.00
2016.10.26 16:20:15.232,0.80009,0.80016,1.00,1.00
2016.10.26 16:20:16.420,0.8001,0.80016,1.00,1.00
2016.10.26 16:20:17.730,0.8001,0.80016,1.37,1.00
2016.10.26 16:20:28.412,0.80014,0.8002,1.00,1.00
2016.10.26 16:20:28.981,0.80014,0.80019,1.00,1.00
2016.10.26 16:20:29.032,0.80012,0.80019,1.12,1.00
2016.10.26 16:20:29.083,0.80013,0.80019,1.19,1.00
2016.10.26 16:20:29.885,0.80013,0.8002,2.06,1.00
2016.10.26 16:20:30.540,0.80015,0.8002,1.00,1.00
2016.10.26 16:20:31.281,0.80017,0.80021,1.00,1.00
2016.10.26 16:20:31.484,0.80017,0.80023,1.00,1.00
2016.10.26 16:20:31.944,0.80016,0.80021,1.00,1.00
2016.10.26 16:20:32.942,0.80015,0.8002,1.00,1.00
2016.10.26 16:20:36.822,0.80013,0.8002,1.00,1.00
2016.10.26 16:20:38.598,0.80013,0.80018,1.00,1.00
2016.10.26 16:20:38.649,0.80011,0.80017,1.50,1.00
2016.10.26 16:20:38.751,0.80013,0.80017,1.00,1.00
2016.10.26 16:20:39.399,0.80014,0.80018,1.00,1.00
2016.10.26 16:20:40.331,0.80013,0.80018,1.00,1.00
2016.10.26 16:20:40.636,0.80015,0.80019,1.00,1.00
2016.10.26 16:20:41.256,0.80016,0.8002,1.00,1.00
2016.10.26 16:20:41.499,0.80017,0.80021,1.00,1.00
2016.10.26 16:20:42.027,0.80016,0.80022,1.00,1.00
2016.10.26 16:20:42.078,0.80016,0.8002,1.00,1.00
2016.10.26 16:20:42.886,0.80015,0.80021,1.50,1.00
2016.10.26 16:20:44.397,0.80015,0.80019,1.00,1.00
2016.10.26 16:20:44.853,0.80013,0.8002,1.12,1.00
2016.10.26 16:20:44.905,0.80013,0.80018,1.12,1.00
2016.10.26 16:20:46.912,0.80013,0.8002,1.12,1.00
2016.10.26 16:20:46.963,0.80015,0.8002,1.00,1.00
2016.10.26 16:20:48.279,0.80017,0.80021,1.00,1.00
2016.10.26 16:20:49.061,0.80017,0.80022,1.00,1.00
2016.10.26 16:20:49.365,0.80015,0.80022,1.87,1.00
2016.10.26 16:20:52.149,0.80016,0.80022,1.00,1.00
2016.10.26 16:20:52.698,0.80015,0.80022,1.87,1.00
2016.10.26 16:20:52.800,0.80015,0.80019,1.87,1.00
2016.10.26 16:20:52.901,0.80013,0.80019,2.62,1.00
2016.10.26 16:20:53.855,0.80014,0.80019,1.00,1.00
2016.10.26 16:20:56.278,0.80016,0.8002,1.00,1.00
2016.10.26 16:20:57.557,0.80016,0.80021,1.00,1.00
2016.10.26 16:20:59.685,0.80015,0.80021,1.50,1.00
2016.10.26 16:20:59.787,0.80014,0.80019,1.00,1.00
2016.10.26 16:21:00.367,0.80015,0.80019,1.00,1.00
2016.10.26 16:21:00.977,0.80013,0.80019,1.37,1.00
2016.10.26 16:21:02.175,0.80013,0.80019,1.00,1.00
2016.10.26 16:21:02.776,0.80015,0.80019,1.00,1.00
2016.10.26 16:21:06.199,0.80016,0.8002,1.00,1.00
2016.10.26 16:21:07.238,0.80016,0.80021,1.00,1.00
2016.10.26 16:21:08.897,0.80017,0.80021,1.00,1.00
2016.10.26 16:21:09.470,0.80016,0.8002,1.00,1.00
2016.10.26 16:21:10.031,0.80016,0.80025,1.50,1.87
2016.10.26 16:21:10.083,0.80019,0.80025,1.00,1.12
2016.10.26 16:21:10.679,0.80019,0.80026,1.50,1.00
2016.10.26 16:21:11.211,0.80019,0.80025,1.00,1.00
2016.10.26 16:21:11.727,0.80018,0.80024,1.00,1.00
2016.10.26 16:21:12.706,0.80017,0.80022,1.00,1.00
2016.10.26 16:21:13.627,0.80017,0.80023,1.00,1.00
2016.10.26 16:21:17.709,0.80016,0.80022,1.87,1.00
2016.10.26 16:21:18.511,0.80016,0.80021,1.00,1.00
2016.10.26 16:21:19.268,0.80016,0.80022,1.00,1.00
2016.10.26 16:21:19.786,0.80016,0.80021,1.00,1.00
2016.10.26 16:21:20.822,0.80015,0.80021,1.00,1.00
2016.10.26 16:21:25.600,0.80016,0.80021,1.00,1.00
2016.10.26 16:21:26.106,0.80013,0.8002,3.00,1.00
2016.10.26 16:21:27.202,0.80013,0.80019,1.00,1.00
2016.10.26 16:21:31.298,0.80012,0.80019,1.00,1.00
2016.10.26 16:21:36.647,0.80013,0.8002,1.00,1.00
2016.10.26 16:21:37.895,0.80013,0.80021,1.12,1.00
2016.10.26 16:21:37.946,0.80015,0.80021,1.00,1.00
2016.10.26 16:21:38.802,0.80016,0.80021,1.37,1.00
2016.10.26 16:21:39.137,0.80015,0.80022,1.12,1.00
2016.10.26 16:21:40.138,0.80016,0.80022,1.00,1.00
2016.10.26 16:21:40.190,0.80018,0.80023,1.00,1.00
2016.10.26 16:21:40.698,0.80018,0.80024,1.50,1.00
2016.10.26 16:21:44.038,0.80019,0.80024,1.00,1.00
2016.10.26 16:21:44.634,0.80019,0.80026,1.00,1.00
2016.10.26 16:21:45.141,0.80018,0.80026,1.50,1.00
2016.10.26 16:21:45.675,0.80018,0.80025,1.00,1.00
2016.10.26 16:21:45.829,0.80016,0.80024,2.25,1.00
2016.10.26 16:21:46.611,0.80016,0.80025,1.50,1.00
2016.10.26 16:21:47.143,0.80017,0.80025,1.00,1.00
2016.10.26 16:21:47.867,0.80016,0.80024,1.00,1.00
2016.10.26 16:21:48.501,0.80017,0.80026,1.87,1.25
2016.10.26 16:21:54.182,0.8002,0.80027,1.00,1.19
2016.10.26 16:21:54.739,0.8002,0.80027,1.00,1.00
2016.10.26 16:21:57.784,0.80019,0.80027,1.00,1.00
2016.10.26 16:21:58.088,0.80017,0.80024,2.25,1.00
2016.10.26 16:21:58.622,0.80017,0.80024,1.50,1.00
2016.10.26 16:21:59.382,0.80016,0.80024,1.50,1.00
2016.10.26 16:22:01.287,0.80015,0.80023,1.00,1.00
2016.10.26 16:22:01.591,0.80017,0.80025,1.00,1.00
2016.10.26 16:22:02.528,0.80017,0.80023,1.00,1.00
2016.10.26 16:22:03.430,0.80016,0.80023,1.50,1.00
2016.10.26 16:22:06.730,0.80015,0.80023,1.00,1.00
2016.10.26 16:22:07.036,0.80014,0.8002,1.12,1.00
2016.10.26 16:22:07.454,0.80015,0.80023,1.00,1.00
2016.10.26 16:22:07.961,0.80015,0.80022,1.12,1.00
2016.10.26 16:22:10.340,0.80014,0.80022,1.37,1.00
2016.10.26 16:22:11.027,0.80014,0.80022,1.37,1.00
2016.10.26 16:22:11.549,0.80014,0.80021,1.37,1.00
2016.10.26 16:22:13.014,0.80014,0.8002,1.37,1.00
2016.10.26 16:22:13.116,0.80015,0.80022,1.12,1.00
2016.10.26 16:22:13.717,0.80016,0.80023,1.00,1.00
2016.10.26 16:22:14.415,0.80016,0.80021,1.00,1.00
2016.10.26 16:22:14.923,0.80016,0.80022,1.00,1.00
2016.10.26 16:22:19.235,0.80015,0.80022,1.00,1.00
2016.10.26 16:22:22.482,0.80015,0.8002,1.00,1.00
2016.10.26 16:22:23.482,0.80011,0.80015,1.00,1.00
2016.10.26 16:22:23.685,0.80009,0.80016,2.62,1.00
2016.10.26 16:22:24.459,0.8001,0.80016,1.00,1.00
2016.10.26 16:22:28.683,0.8001,0.80017,1.87,1.00
2016.10.26 16:22:36.755,0.8001,0.80016,1.00,1.00
2016.10.26 16:22:37.877,0.80008,0.80016,1.12,1.00
2016.10.26 16:22:38.397,0.80009,0.80016,1.12,1.00
2016.10.26 16:22:38.904,0.8001,0.80016,1.12,1.00
2016.10.26 16:22:39.627,0.80011,0.80019,2.25,1.00
2016.10.26 16:22:40.095,0.80011,0.80017,1.12,1.00
2016.10.26 16:22:40.772,0.80011,0.80019,1.87,1.00
2016.10.26 16:22:41.445,0.80011,0.80018,1.00,1.00
2016.10.26 16:22:42.423,0.8001,0.80018,1.00,1.00
2016.10.26 16:22:45.303,0.8001,0.80015,1.00,1.00
2016.10.26 16:22:45.355,0.8001,0.80017,1.00,1.00
2016.10.26 16:22:45.861,0.8001,0.80018,1.50,1.50
2016.10.26 16:22:47.085,0.80011,0.80018,1.00,1.00
2016.10.26 16:22:47.155,0.80011,0.80016,1.00,1.00
2016.10.26 16:22:47.323,0.80009,0.80015,1.00,1.00
2016.10.26 16:22:47.796,0.80009,0.80018,3.00,1.00
2016.10.26 16:22:48.348,0.80011,0.80018,2.25,1.00
2016.10.26 16:22:48.972,0.80011,0.80017,1.50,1.00
2016.10.26 16:22:49.430,0.80011,0.80019,1.12,1.00
2016.10.26 16:22:49.750,0.80014,0.80019,1.12,1.00
2016.10.26 16:22:49.853,0.80014,0.80022,1.12,1.00
2016.10.26 16:22:50.005,0.80014,0.8002,1.00,1.00
2016.10.26 16:22:50.575,0.80013,0.8002,1.87,1.00
2016.10.26 16:22:53.195,0.80013,0.80021,1.50,1.00
2016.10.26 16:22:56.646,0.8001,0.80019,3.00,1.00
2016.10.26 16:22:57.175,0.80011,0.80018,1.00,1.00
2016.10.26 16:22:58.158,0.80011,0.80017,1.00,1.00
2016.10.26 16:22:58.678,0.8001,0.80017,1.87,1.00
2016.10.26 16:22:59.360,0.80008,0.80016,1.12,1.00
2016.10.26 16:22:59.905,0.80008,0.80015,2.25,1.00
2016.10.26 16:23:00.918,0.8001,0.80015,1.00,1.00
2016.10.26 16:23:01.531,0.80007,0.80015,2.06,1.00
2016.10.26 16:23:02.306,0.80009,0.80015,1.00,1.00
2016.10.26 16:23:02.406,0.80009,0.80018,1.50,1.00
2016.10.26 16:23:04.271,0.80012,0.80018,1.00,1.12
2016.10.26 16:23:04.322,0.80012,0.8002,1.00,1.00
2016.10.26 16:23:04.829,0.80012,0.80019,1.00,1.00
2016.10.26 16:23:04.881,0.8001,0.80019,2.62,1.00
2016.10.26 16:23:04.983,0.80012,0.80019,1.00,1.00
2016.10.26 16:23:05.830,0.80013,0.80019,1.00,1.00
2016.10.26 16:23:10.354,0.80013,0.8002,2.25,1.00
2016.10.26 16:23:10.877,0.80014,0.8002,1.00,1.00
2016.10.26 16:23:13.814,0.80013,0.8002,1.87,1.00
2016.10.26 16:23:14.371,0.80014,0.8002,1.37,1.00
2016.10.26 16:23:14.848,0.80014,0.8002,1.00,1.00
2016.10.26 16:23:17.028,0.80013,0.8002,1.87,1.00
2016.10.26 16:23:18.573,0.80013,0.8002,1.87,1.00
2016.10.26 16:23:19.481,0.80013,0.8002,1.87,1.00
2016.10.26 16:23:19.987,0.80013,0.80019,1.87,1.00
2016.10.26 16:23:20.491,0.80013,0.80019,1.87,1.00
2016.10.26 16:23:21.969,0.80013,0.80022,1.50,1.00
2016.10.26 16:23:22.074,0.80015,0.80021,1.50,1.00
2016.10.26 16:23:22.227,0.80015,0.80023,1.50,1.00
2016.10.26 16:23:23.216,0.80017,0.80023,1.00,1.00
2016.10.26 16:23:23.720,0.80017,0.80022,1.00,1.00
2016.10.26 16:23:24.447,0.80015,0.80022,1.12,1.00
2016.10.26 16:23:28.677,0.80015,0.80023,1.12,1.00
2016.10.26 16:23:28.728,0.80015,0.80021,1.12,1.00
2016.10.26 16:23:29.406,0.80014,0.80021,1.50,1.00
2016.10.26 16:23:29.854,0.80013,0.80019,1.12,1.00
2016.10.26 16:23:30.176,0.80015,0.80019,1.00,1.00
2016.10.26 16:23:30.383,0.80015,0.80021,1.00,1.00
2016.10.26 16:23:30.975,0.80015,0.8002,1.00,1.00
2016.10.26 16:23:34.036,0.80013,0.8002,1.00,1.00
2016.10.26 16:23:36.031,0.80012,0.8002,1.00,1.00
2016.10.26 16:23:36.235,0.80014,0.80021,1.00,1.00
2016.10.26 16:23:36.845,0.80014,0.8002,1.00,1.00
2016.10.26 16:23:37.966,0.80014,0.80019,1.00,1.00
2016.10.26 16:23:38.898,0.80014,0.80021,1.00,1.00
2016.10.26 16:23:39.918,0.80013,0.80019,1.12,1.00
2016.10.26 16:23:40.072,0.80011,0.80019,1.12,1.00
2016.10.26 16:23:40.626,0.80011,0.8002,1.87,1.00
2016.10.26 16:23:41.360,0.80012,0.80019,1.00,1.00
2016.10.26 16:23:41.873,0.80011,0.80019,1.50,1.00
2016.10.26 16:23:43.154,0.80011,0.8002,1.50,1.00
2016.10.26 16:23:45.371,0.80009,0.80017,1.00,1.00
2016.10.26 16:23:45.896,0.80008,0.80017,2.25,1.00
2016.10.26 16:23:46.202,0.80008,0.80015,1.00,1.00
2016.10.26 16:23:48.148,0.80008,0.80014,1.00,1.00
2016.10.26 16:23:55.959,0.80006,0.80015,2.62,1.00
2016.10.26 16:23:56.473,0.80007,0.80014,1.87,1.00
2016.10.26 16:23:58.174,0.80007,0.80014,1.37,1.00
2016.10.26 16:23:58.377,0.80006,0.80014,1.50,1.00
2016.10.26 16:24:00.080,0.80006,0.80015,1.50,1.00
2016.10.26 16:24:01.201,0.80007,0.80015,1.00,1.00
2016.10.26 16:24:03.223,0.80006,0.80015,1.50,1.00
2016.10.26 16:24:04.238,0.80007,0.80015,1.00,1.00
2016.10.26 16:24:06.105,0.80008,0.80015,1.00,1.00
2016.10.26 16:24:06.207,0.80006,0.80014,1.00,1.00
2016.10.26 16:24:06.814,0.80005,0.80014,1.87,1.00
2016.10.26 16:24:07.332,0.80005,0.80011,1.12,1.00
2016.10.26 16:24:07.457,0.80005,0.80013,1.12,1.00
2016.10.26 16:24:08.031,0.80006,0.80013,1.00,1.00
2016.10.26 16:24:11.078,0.80006,0.80012,1.00,1.00
2016.10.26 16:24:11.902,0.80006,0.80013,1.00,1.00
2016.10.26 16:24:12.433,0.80007,0.80013,1.00,1.00
2016.10.26 16:24:12.583,0.80007,0.80016,1.50,1.00
2016.10.26 16:24:13.112,0.80007,0.80015,2.62,1.00
2016.10.26 16:24:13.518,0.80004,0.80013,3.75,1.00
2016.10.26 16:24:14.061,0.80005,0.80014,1.87,1.00
2016.10.26 16:24:14.536,0.80004,0.8001,1.00,1.00
2016.10.26 16:24:15.468,0.80004,0.80011,1.00,1.00
2016.10.26 16:24:15.975,0.80004,0.8001,1.50,1.00
2016.10.26 16:24:16.597,0.80003,0.80011,1.00,1.00
2016.10.26 16:24:17.953,0.80003,0.80012,1.87,1.00
2016.10.26 16:24:18.257,0.80004,0.80012,1.37,1.00
2016.10.26 16:24:19.017,0.80004,0.8001,1.12,1.00
2016.10.26 16:24:19.827,0.80003,0.80011,1.12,1.00
2016.10.26 16:24:21.178,0.80003,0.80009,1.00,1.00
2016.10.26 16:24:21.554,0.80001,0.80008,1.00,1.00
2016.10.26 16:24:23.331,0.80001,0.80008,3.37,1.00
2016.10.26 16:24:23.865,0.80001,0.80008,2.62,1.00
2016.10.26 16:24:24.382,0.80001,0.80008,1.12,1.00
2016.10.26 16:24:25.216,0.8,0.80007,1.00,1.00
2016.10.26 16:24:25.930,0.79998,0.80007,1.87,1.00
2016.10.26 16:24:26.237,0.80002,0.80009,1.00,1.00
2016.10.26 16:24:26.767,0.80002,0.8001,1.87,1.00
2016.10.26 16:24:27.082,0.80001,0.80007,1.50,1.00
2016.10.26 16:24:27.237,0.8,0.80007,1.00,1.00
2016.10.26 16:24:27.288,0.8,0.80009,1.50,1.00
2016.10.26 16:24:27.812,0.8,0.80007,1.00,1.00
2016.10.26 16:24:28.329,0.8,0.80008,1.00,1.00
2016.10.26 16:24:29.745,0.8,0.80007,1.00,1.00
2016.10.26 16:24:30.251,0.79999,0.80006,1.00,1.00
2016.10.26 16:24:31.531,0.79999,0.80007,1.00,1.00
2016.10.26 16:24:31.836,0.80001,0.80007,1.50,1.00
2016.10.26 16:24:32.769,0.8,0.80007,1.00,1.00
2016.10.26 16:24:35.277,0.8,0.80009,1.50,1.00
2016.10.26 16:24:35.379,0.80002,0.80009,1.00,1.00
2016.10.26 16:24:35.921,0.80002,0.8001,1.00,1.00
2016.10.26 16:24:36.452,0.80001,0.8001,1.87,1.00
2016.10.26 16:24:37.818,0.79999,0.80005,1.00,1.00
2016.10.26 16:24:37.920,0.79999,0.80007,1.00,1.00
2016.10.26 16:24:38.123,0.8,0.80009,1.00,1.00
2016.10.26 16:24:38.276,0.80003,0.80009,1.00,1.00
2016.10.26 16:24:38.782,0.80002,0.80009,1.87,1.00
2016.10.26 16:24:39.525,0.80003,0.80009,1.00,1.00
2016.10.26 16:24:39.576,0.80003,0.80011,1.12,1.00
2016.10.26 16:24:39.780,0.80005,0.80011,1.00,1.00
2016.10.26 16:24:40.692,0.80005,0.80012,1.12,1.00
2016.10.26 16:24:41.232,0.80004,0.80011,1.00,1.00
2016.10.26 16:24:44.969,0.80004,0.80012,1.37,1.00
2016.10.26 16:24:45.274,0.80009,0.80016,1.00,1.87
2016.10.26 16:24:45.853,0.80009,0.80015,1.00,1.00
2016.10.26 16:24:46.384,0.80008,0.80014,1.00,1.00
2016.10.26 16:24:47.465,0.80009,0.80014,1.00,1.00
2016.10.26 16:24:48.026,0.80008,0.80014,1.00,1.00
2016.10.26 16:24:49.581,0.80008,0.80015,1.00,1.50
2016.10.26 16:24:49.912,0.80006,0.80012,1.00,1.00
2016.10.26 16:24:49.964,0.80004,0.80012,1.00,1.00
2016.10.26 16:24:51.045,0.80005,0.80011,1.00,1.00
2016.10.26 16:24:51.872,0.80004,0.80012,1.00,1.00
2016.10.26 16:24:52.582,0.80005,0.80012,1.00,1.00
2016.10.26 16:24:53.629,0.80006,0.80012,1.00,1.00
2016.10.26 16:24:53.680,0.80006,0.80014,1.00,1.00
2016.10.26 16:24:54.182,0.80008,0.80015,1.00,1.50
2016.10.26 16:24:54.677,0.80008,0.80013,1.00,1.00
2016.10.26 16:24:54.835,0.80006,0.80013,1.00,1.00
2016.10.26 16:24:55.124,0.80007,0.80015,1.00,1.00
2016.10.26 16:24:55.692,0.80007,0.80014,1.00,1.00
2016.10.26 16:24:57.360,0.80007,0.80015,1.00,1.87
2016.10.26 16:24:57.727,0.80006,0.80014,1.00,1.37
2016.10.26 16:24:58.277,0.80006,0.80012,1.00,1.00
2016.10.26 16:24:58.918,0.80006,0.80013,1.00,1.12
2016.10.26 16:25:02.161,0.80005,0.80014,1.50,1.12
2016.10.26 16:25:02.708,0.80006,0.80014,1.00,1.00
2016.10.26 16:25:03.953,0.80005,0.80014,1.50,1.00
2016.10.26 16:25:07.417,0.80004,0.80013,1.50,1.00
2016.10.26 16:25:09.178,0.80005,0.80011,1.00,1.00
2016.10.26 16:25:09.331,0.80003,0.80012,1.31,1.00
2016.10.26 16:25:10.290,0.80003,0.8001,1.25,1.00
2016.10.26 16:25:10.442,0.80004,0.80012,1.12,1.00
2016.10.26 16:25:11.128,0.80004,0.80011,1.00,1.00
2016.10.26 16:25:12.269,0.80002,0.8001,1.00,1.00
2016.10.26 16:25:12.699,0.80004,0.8001,1.00,1.00
2016.10.26 16:25:13.005,0.80004,0.80012,1.00,1.00
2016.10.26 16:25:14.247,0.80005,0.80012,1.00,1.00
2016.10.26 16:25:14.612,0.80005,0.8001,1.00,1.00
2016.10.26 16:25:15.121,0.80005,0.80011,1.00,1.00
2016.10.26 16:25:15.681,0.80006,0.80011,1.00,1.00
2016.10.26 16:25:20.279,0.80006,0.80012,1.00,1.00
2016.10.26 16:25:20.381,0.80003,0.80012,1.50,1.00
2016.10.26 16:25:20.483,0.80003,0.8001,1.00,1.00
2016.10.26 16:25:20.737,0.80005,0.80013,1.00,1.00
2016.10.26 16:25:21.927,0.80005,0.80011,1.00,1.00
2016.10.26 16:25:22.462,0.80006,0.80012,1.00,1.00
2016.10.26 16:25:30.641,0.80007,0.80012,1.00,1.00
2016.10.26 16:25:31.159,0.80008,0.80012,1.00,1.00
2016.10.26 16:25:33.650,0.80007,0.80011,1.00,1.00
2016.10.26 16:25:35.329,0.80005,0.80011,1.00,1.00
2016.10.26 16:25:38.755,0.80004,0.80011,1.50,1.00
2016.10.26 16:25:40.227,0.80004,0.80011,1.87,1.00
2016.10.26 16:25:41.302,0.80004,0.80011,1.87,1.00
2016.10.26 16:25:47.344,0.80004,0.80008,1.12,1.00
2016.10.26 16:25:47.396,0.80002,0.8001,4.69,1.00
2016.10.26 16:25:47.911,0.80005,0.80011,1.00,1.00
2016.10.26 16:25:49.551,0.80005,0.80009,1.00,1.00
2016.10.26 16:25:50.183,0.80005,0.80011,1.00,1.00
2016.10.26 16:25:50.791,0.80006,0.80012,1.00,1.00
2016.10.26 16:25:57.402,0.80006,0.80013,1.50,1.00
2016.10.26 16:25:57.504,0.80006,0.80015,2.06,1.00
2016.10.26 16:25:57.605,0.8001,0.80016,1.00,1.12
2016.10.26 16:25:58.140,0.80009,0.80017,1.00,1.00
2016.10.26 16:25:58.684,0.8001,0.80017,1.50,1.50
2016.10.26 16:26:00.280,0.80011,0.80017,1.00,1.00
2016.10.26 16:26:00.807,0.8001,0.80017,1.12,1.00
2016.10.26 16:26:09.113,0.80009,0.80017,1.00,1.50
2016.10.26 16:26:09.418,0.80008,0.80015,1.50,1.00
2016.10.26 16:26:10.337,0.80006,0.80012,1.37,1.00
2016.10.26 16:26:10.490,0.80004,0.80011,1.12,1.00
2016.10.26 16:26:11.025,0.80003,0.80011,1.00,1.00
2016.10.26 16:26:16.290,0.80003,0.8001,1.50,1.00
2016.10.26 16:26:17.109,0.80005,0.80012,1.00,1.00
2016.10.26 16:26:18.407,0.80004,0.80012,1.00,1.00
2016.10.26 16:26:19.916,0.80003,0.80012,1.50,1.00
2016.10.26 16:26:23.320,0.80004,0.80011,1.00,1.00
2016.10.26 16:26:24.282,0.80004,0.80012,1.00,1.50
2016.10.26 16:26:25.380,0.80004,0.80011,1.00,1.00
2016.10.26 16:26:25.900,0.80004,0.8001,1.00,1.00
2016.10.26 16:26:26.418,0.80003,0.8001,1.87,1.00
2016.10.26 16:26:32.159,0.80002,0.8001,1.00,1.00
2016.10.26 16:26:32.665,0.80002,0.80008,1.12,1.00
2016.10.26 16:26:33.755,0.80001,0.80007,1.00,1.00
2016.10.26 16:26:34.257,0.80001,0.80008,1.00,1.00
2016.10.26 16:26:38.435,0.80002,0.80009,1.00,1.00
2016.10.26 16:26:38.934,0.8,0.80009,1.87,1.00
2016.10.26 16:26:40.073,0.8,0.80008,1.50,1.00
2016.10.26 16:26:40.280,0.79998,0.80007,1.87,1.50
2016.10.26 16:26:41.174,0.79998,0.80006,1.87,1.00
2016.10.26 16:26:42.108,0.79999,0.80006,1.00,1.00
2016.10.26 16:26:42.625,0.79998,0.80006,1.50,1.00
2016.10.26 16:26:43.915,0.79998,0.80004,1.00,1.00
2016.10.26 16:26:44.118,0.79996,0.80004,1.00,1.50
2016.10.26 16:26:44.271,0.79994,0.80002,1.00,1.00
2016.10.26 16:26:45.114,0.79993,0.80002,1.50,1.00
2016.10.26 16:26:49.395,0.79994,0.80003,1.87,1.00
2016.10.26 16:26:50.229,0.79995,0.80002,1.87,1.00
2016.10.26 16:26:50.296,0.79998,0.80007,1.50,3.37
2016.10.26 16:26:50.843,0.79999,0.80008,1.00,1.00
2016.10.26 16:26:51.843,0.8,0.80008,1.50,1.00
2016.10.26 16:26:51.945,0.80002,0.80009,1.00,1.00
2016.10.26 16:26:52.427,0.80003,0.80012,1.50,1.00
2016.10.26 16:26:52.934,0.80002,0.80011,1.50,1.00
2016.10.26 16:26:53.491,0.80002,0.8001,1.00,1.00
2016.10.26 16:26:54.425,0.80002,0.80011,2.62,1.50
2016.10.26 16:26:54.476,0.80004,0.80011,1.00,1.50
2016.10.26 16:26:54.732,0.80007,0.80015,1.00,2.25
2016.10.26 16:26:55.584,0.80008,0.80015,1.00,1.00
2016.10.26 16:26:55.635,0.80011,0.80018,1.00,4.12
2016.10.26 16:26:55.739,0.80011,0.8002,1.50,1.00
2016.10.26 16:26:56.046,0.80011,0.80017,1.00,1.00
2016.10.26 16:26:56.098,0.80009,0.80018,1.87,1.00
2016.10.26 16:26:56.402,0.8001,0.80016,1.00,1.00
2016.10.26 16:26:56.806,0.80008,0.80017,1.00,1.50
2016.10.26 16:26:58.982,0.80008,0.80015,1.00,1.00
2016.10.26 16:27:00.151,0.80008,0.80017,1.12,1.50
2016.10.26 16:27:01.304,0.80008,0.80016,1.12,1.00
2016.10.26 16:27:02.384,0.80007,0.80015,1.00,1.00
2016.10.26 16:27:02.588,0.80005,0.80014,1.87,1.50
2016.10.26 16:27:04.810,0.80004,0.80013,1.87,1.50
2016.10.26 16:27:05.170,0.80006,0.80012,1.00,1.00
2016.10.26 16:27:06.654,0.80004,0.80013,1.37,1.50
2016.10.26 16:27:06.757,0.80003,0.80012,2.62,1.00
2016.10.26 16:27:07.326,0.80004,0.80013,1.00,1.87
2016.10.26 16:27:07.837,0.80004,0.80012,1.00,1.00
2016.10.26 16:27:08.357,0.80004,0.80013,2.62,1.00
2016.10.26 16:27:08.909,0.80004,0.80012,2.62,1.00
2016.10.26 16:27:09.952,0.80005,0.80012,1.00,1.00
2016.10.26 16:27:12.220,0.80007,0.80014,1.00,1.00
2016.10.26 16:27:12.373,0.80009,0.80018,1.00,1.12
2016.10.26 16:27:12.908,0.8001,0.80017,1.00,1.00
2016.10.26 16:27:13.466,0.80009,0.80018,1.50,1.00
2016.10.26 16:27:14.079,0.80008,0.80017,1.87,1.00
2016.10.26 16:27:14.627,0.80009,0.80018,1.00,1.50
2016.10.26 16:27:17.275,0.80009,0.80017,1.00,1.00
2016.10.26 16:27:18.140,0.8001,0.80018,1.00,1.50
2016.10.26 16:27:18.719,0.8001,0.80019,1.50,1.00
2016.10.26 16:27:20.083,0.80009,0.80018,2.25,1.00
2016.10.26 16:27:20.588,0.8001,0.80019,1.00,1.00
2016.10.26 16:27:24.175,0.8001,0.80018,1.00,1.00
2016.10.26 16:27:24.914,0.80012,0.80019,1.00,1.00
2016.10.26 16:27:25.429,0.80012,0.80017,1.00,1.00
2016.10.26 16:27:26.034,0.80011,0.80017,1.00,1.00
2016.10.26 16:27:27.162,0.80009,0.80017,1.00,1.00
2016.10.26 16:27:27.666,0.80009,0.80018,1.00,1.00
2016.10.26 16:27:28.595,0.80009,0.80015,1.00,1.00
2016.10.26 16:27:29.097,0.80009,0.80016,1.00,1.50
2016.10.26 16:27:29.943,0.80008,0.80016,1.12,1.00
2016.10.26 16:27:32.579,0.8001,0.80017,1.00,1.50
2016.10.26 16:27:33.216,0.80009,0.80016,1.50,1.25
2016.10.26 16:27:33.319,0.80006,0.80015,2.62,1.00
2016.10.26 16:27:34.024,0.80008,0.80016,1.00,1.00
2016.10.26 16:27:35.023,0.80009,0.80016,1.00,1.00
2016.10.26 16:27:35.328,0.80011,0.80018,1.00,1.00
2016.10.26 16:27:38.783,0.80011,0.8002,1.50,1.19
2016.10.26 16:27:40.486,0.80013,0.8002,1.00,1.00
2016.10.26 16:27:46.764,0.80013,0.80018,1.00,1.00
2016.10.26 16:27:46.917,0.8001,0.80018,1.87,1.00
2016.10.26 16:27:48.526,0.80011,0.80018,1.00,1.50
2016.10.26 16:27:50.356,0.80011,0.80017,1.00,1.00
2016.10.26 16:27:51.227,0.80011,0.80018,1.00,1.00
2016.10.26 16:27:51.994,0.8001,0.80018,1.00,1.00
2016.10.26 16:27:52.536,0.8001,0.80017,1.00,1.00
2016.10.26 16:27:56.342,0.80011,0.80017,1.00,1.00
2016.10.26 16:27:57.743,0.8001,0.80017,1.50,1.00
2016.10.26 16:27:58.499,0.8001,0.80019,1.50,1.50
2016.10.26 16:27:58.848,0.8001,0.80017,1.00,1.00
2016.10.26 16:27:59.478,0.80011,0.80017,1.00,1.00
2016.10.26 16:28:02.633,0.8001,0.80017,1.00,1.00
2016.10.26 16:28:04.558,0.8001,0.80016,1.00,1.00
2016.10.26 16:28:08.769,0.80011,0.80016,1.00,1.00
2016.10.26 16:28:11.495,0.80011,0.80018,1.00,1.25
2016.10.26 16:28:11.749,0.80009,0.80015,1.00,1.25
2016.10.26 16:28:11.800,0.80007,0.80015,1.12,1.25
2016.10.26 16:28:12.315,0.80008,0.80015,1.00,1.25
2016.10.26 16:28:12.864,0.80008,0.80014,1.00,1.00
2016.10.26 16:28:13.650,0.80007,0.80014,1.00,1.00
2016.10.26 16:28:17.960,0.80008,0.80014,1.00,1.00
2016.10.26 16:28:18.867,0.80008,0.80015,1.00,1.00
2016.10.26 16:28:21.063,0.80007,0.80014,1.00,1.00
2016.10.26 16:28:23.682,0.80007,0.80012,1.00,1.00
2016.10.26 16:28:24.248,0.80008,0.80012,1.00,1.00
2016.10.26 16:28:25.316,0.80008,0.80014,1.00,1.50
2016.10.26 16:28:28.794,0.80007,0.80015,1.00,1.00
2016.10.26 16:28:29.379,0.80007,0.80016,1.00,1.69
2016.10.26 16:28:29.481,0.80007,0.80014,1.00,1.00
2016.10.26 16:28:31.222,0.80008,0.80014,1.00,1.00
2016.10.26 16:28:31.273,0.80009,0.80017,1.00,1.12
2016.10.26 16:28:31.578,0.80011,0.80016,1.00,1.00
2016.10.26 16:28:32.142,0.80009,0.80016,1.00,1.69
2016.10.26 16:28:32.660,0.80008,0.80015,1.00,1.25
2016.10.26 16:28:33.259,0.80008,0.80014,1.00,1.00
2016.10.26 16:28:33.361,0.80008,0.80017,1.00,1.50
2016.10.26 16:28:33.725,0.80013,0.80019,1.50,2.06
2016.10.26 16:28:33.776,0.80014,0.80023,1.00,1.00
2016.10.26 16:28:34.376,0.80014,0.80022,1.50,1.00
2016.10.26 16:28:35.287,0.80014,0.80023,1.00,1.50
2016.10.26 16:28:36.040,0.80015,0.80023,1.00,1.00
2016.10.26 16:28:36.345,0.80017,0.80023,1.00,1.00
2016.10.26 16:28:36.780,0.80021,0.80029,1.87,1.37
2016.10.26 16:28:36.832,0.80022,0.8003,1.00,1.50
2016.10.26 16:28:36.985,0.8002,0.80028,1.00,1.00
2016.10.26 16:28:37.290,0.80023,0.80031,1.00,1.12
2016.10.26 16:28:38.003,0.80023,0.8003,1.00,1.00
2016.10.26 16:28:39.250,0.80023,0.80029,1.00,1.00
2016.10.26 16:28:39.584,0.80025,0.8003,1.00,1.00
2016.10.26 16:28:39.877,0.80026,0.80033,1.00,1.50
2016.10.26 16:28:40.409,0.80026,0.80034,1.00,1.00
2016.10.26 16:28:41.007,0.80026,0.80033,1.50,1.00
2016.10.26 16:28:42.161,0.80026,0.80035,1.00,1.50
2016.10.26 16:28:42.680,0.80025,0.80034,1.37,1.50
2016.10.26 16:28:43.182,0.80025,0.80034,1.87,1.00
2016.10.26 16:28:43.841,0.80026,0.80034,1.00,1.00
2016.10.26 16:28:45.303,0.80028,0.80036,1.00,1.69
2016.10.26 16:28:45.913,0.80028,0.80035,1.00,1.00
2016.10.26 16:28:46.259,0.80026,0.80032,1.50,1.00
2016.10.26 16:28:46.310,0.80024,0.80031,1.12,1.00
2016.10.26 16:28:46.413,0.80021,0.80028,2.62,1.50
2016.10.26 16:28:47.165,0.80022,0.80028,1.00,1.12
2016.10.26 16:28:47.217,0.80018,0.80026,1.87,1.00
2016.10.26 16:28:47.420,0.80018,0.80024,1.12,1.00
2016.10.26 16:28:47.623,0.8002,0.80027,1.00,1.87
2016.10.26 16:28:47.730,0.80018,0.80027,2.25,1.12
2016.10.26 16:28:48.782,0.80019,0.80027,1.00,1.87
2016.10.26 16:28:49.264,0.80021,0.80026,1.12,1.00
2016.10.26 16:28:49.315,0.80023,0.80029,1.00,1.87
2016.10.26 16:28:49.875,0.80022,0.80027,1.00,1.00
2016.10.26 16:28:49.961,0.80019,0.80027,1.00,1.50
2016.10.26 16:28:50.540,0.80019,0.80026,1.00,1.00
2016.10.26 16:28:50.592,0.8002,0.80028,1.00,1.00
2016.10.26 16:28:51.310,0.80022,0.80028,1.00,1.12
2016.10.26 16:28:53.356,0.80023,0.80029,1.00,1.37
2016.10.26 16:28:54.788,0.80021,0.80028,1.00,1.00
2016.10.26 16:28:54.854,0.80021,0.8003,1.00,2.06
2016.10.26 16:28:55.057,0.80023,0.80031,1.00,1.00
2016.10.26 16:28:55.362,0.80026,0.80032,1.00,1.00
2016.10.26 16:28:56.158,0.80024,0.80033,1.00,2.62
2016.10.26 16:28:56.209,0.80024,0.8003,1.00,1.00
2016.10.26 16:28:56.311,0.80021,0.8003,1.50,1.50
2016.10.26 16:28:56.565,0.80021,0.80028,1.00,1.00
2016.10.26 16:28:57.778,0.80021,0.80028,1.00,1.87
2016.10.26 16:28:58.317,0.8002,0.80028,1.00,1.87
2016.10.26 16:28:59.165,0.8002,0.80026,1.00,1.00
2016.10.26 16:28:59.724,0.80019,0.80026,1.00,1.00
2016.10.26 16:29:00.596,0.8002,0.80027,1.00,1.00
2016.10.26 16:29:01.088,0.80018,0.80025,1.00,1.00
2016.10.26 16:29:01.190,0.80016,0.80025,1.00,1.50
2016.10.26 16:29:01.745,0.80017,0.80025,1.00,1.50
2016.10.26 16:29:02.320,0.80016,0.80023,1.00,1.00
2016.10.26 16:29:02.472,0.80016,0.80025,1.00,1.50
2016.10.26 16:29:03.217,0.80018,0.80026,1.50,1.12
2016.10.26 16:29:04.143,0.80018,0.80027,1.00,2.25
2016.10.26 16:29:04.761,0.80019,0.80027,1.00,1.50
2016.10.26 16:29:06.051,0.80019,0.80025,1.00,1.00
2016.10.26 16:29:06.575,0.80019,0.80026,1.87,1.00
2016.10.26 16:29:07.088,0.80019,0.80027,1.12,1.12
2016.10.26 16:29:08.279,0.80022,0.80027,1.00,1.12
2016.10.26 16:29:08.331,0.8002,0.80029,1.12,2.25
2016.10.26 16:29:08.382,0.80022,0.80029,1.00,1.87
2016.10.26 16:29:09.257,0.80024,0.80031,1.00,1.12
2016.10.26 16:29:09.601,0.80026,0.80033,1.00,1.00
2016.10.26 16:29:10.219,0.80026,0.80034,1.00,1.12
2016.10.26 16:29:13.923,0.80025,0.80033,1.00,1.00
2016.10.26 16:29:14.955,0.80024,0.80033,1.00,1.87
2016.10.26 16:29:16.123,0.80025,0.80033,1.00,1.12
2016.10.26 16:29:17.681,0.80026,0.80034,1.00,1.50
2016.10.26 16:29:22.654,0.80026,0.80033,1.50,1.00
2016.10.26 16:29:23.423,0.80027,0.80033,1.50,1.00
2016.10.26 16:29:23.474,0.80027,0.80035,1.50,1.00
2016.10.26 16:29:23.525,0.80027,0.80035,1.87,1.00
2016.10.26 16:29:26.452,0.80027,0.80036,1.87,1.69
2016.10.26 16:29:26.758,0.80031,0.80037,1.00,1.50
2016.10.26 16:29:26.809,0.80029,0.80037,1.50,1.00
2016.10.26 16:29:27.318,0.8003,0.80038,1.00,1.25
2016.10.26 16:29:27.809,0.80034,0.8004,1.00,1.12
2016.10.26 16:29:27.876,0.80032,0.8004,1.50,1.00
2016.10.26 16:29:28.782,0.80033,0.80041,1.00,1.87
2016.10.26 16:29:29.202,0.80035,0.80041,1.00,1.00
2016.10.26 16:29:29.312,0.80033,0.80042,1.50,1.00
2016.10.26 16:29:29.364,0.80035,0.80043,1.00,1.19
2016.10.26 16:29:29.516,0.80035,0.80044,1.00,2.25
2016.10.26 16:29:30.023,0.80035,0.80044,1.00,1.87
2016.10.26 16:29:30.774,0.80036,0.80044,1.00,1.87
2016.10.26 16:29:32.562,0.80036,0.80043,1.00,1.00
2016.10.26 16:29:32.767,0.80038,0.80044,1.00,1.00
2016.10.26 16:29:33.486,0.80037,0.80044,1.00,1.00
2016.10.26 16:29:34.025,0.80036,0.80043,1.50,1.00
2016.10.26 16:29:34.383,0.80034,0.80042,1.87,1.00
2016.10.26 16:29:36.183,0.80037,0.80046,1.50,1.00
2016.10.26 16:29:36.978,0.80038,0.80046,1.00,1.00
2016.10.26 16:29:37.080,0.8004,0.80046,1.00,1.00
2016.10.26 16:29:37.131,0.80041,0.80048,1.00,1.50
2016.10.26 16:29:37.385,0.80039,0.80048,2.62,1.00
2016.10.26 16:29:37.996,0.8004,0.80049,1.00,2.62
2016.10.26 16:29:38.085,0.80039,0.80046,1.50,1.00
2016.10.26 16:29:38.701,0.8004,0.80047,1.00,1.00
2016.10.26 16:29:39.106,0.8004,0.80049,1.87,1.00
2016.10.26 16:29:39.614,0.80041,0.80049,1.50,1.00
2016.10.26 16:29:40.399,0.80042,0.8005,1.25,1.00
2016.10.26 16:29:40.450,0.80042,0.80048,1.00,1.00
2016.10.26 16:29:40.501,0.80041,0.8005,1.00,1.00
2016.10.26 16:29:41.009,0.80042,0.80049,1.00,1.00
2016.10.26 16:29:41.212,0.8004,0.80048,1.50,1.00
2016.10.26 16:29:41.735,0.80041,0.80049,1.00,1.00
2016.10.26 16:29:41.786,0.80041,0.80047,1.00,1.00
2016.10.26 16:29:42.287,0.8004,0.80049,1.00,1.12
2016.10.26 16:29:42.592,0.80042,0.8005,1.00,1.25
2016.10.26 16:29:43.082,0.80041,0.80048,1.00,1.00
2016.10.26 16:29:43.619,0.80042,0.80049,1.00,1.50
2016.10.26 16:29:44.144,0.80042,0.80048,1.00,1.00
2016.10.26 16:29:45.099,0.80041,0.80048,1.00,1.00
2016.10.26 16:29:45.539,0.80044,0.8005,1.00,1.00
2016.10.26 16:29:46.096,0.80042,0.8005,1.00,1.00
2016.10.26 16:29:46.925,0.80042,0.80049,1.00,1.00
2016.10.26 16:29:47.178,0.8004,0.80046,1.00,1.00
2016.10.26 16:29:47.280,0.80038,0.80046,1.50,1.00
2016.10.26 16:29:50.428,0.80038,0.80044,1.00,1.00
2016.10.26 16:29:50.936,0.80037,0.80044,1.00,1.00
2016.10.26 16:29:51.946,0.8004,0.80047,1.00,1.00
2016.10.26 16:29:52.253,0.80041,0.80049,2.25,1.00
2016.10.26 16:29:52.457,0.80042,0.80051,1.50,1.00
2016.10.26 16:29:52.508,0.80044,0.80051,1.00,1.00
2016.10.26 16:29:53.727,0.80043,0.80051,1.50,1.00
2016.10.26 16:29:55.161,0.80044,0.80051,1.00,1.00
2016.10.26 16:29:57.167,0.80043,0.80051,1.00,1.00
2016.10.26 16:29:57.744,0.80043,0.8005,1.00,1.00
2016.10.26 16:29:58.591,0.80042,0.80049,1.00,1.00
2016.10.26 16:29:58.693,0.80039,0.80047,1.50,1.00
2016.10.26 16:29:59.072,0.8004,0.80049,2.62,1.00
2016.10.26 16:29:59.224,0.80042,0.8005,1.00,1.00
2016.10.26 16:29:59.963,0.80041,0.80049,1.50,1.00
2016.10.26 16:30:00.409,0.80042,0.80051,1.00,1.69
2016.10.26 16:30:01.721,0.80044,0.80052,1.50,1.50
2016.10.26 16:30:02.242,0.80045,0.80052,1.00,1.50
2016.10.26 16:30:02.954,0.80045,0.80049,1.00,1.00
2016.10.26 16:30:03.063,0.80039,0.80048,1.50,1.00
2016.10.26 16:30:05.630,0.80038,0.80047,1.50,1.00
2016.10.26 16:30:07.444,0.80038,0.80045,1.00,1.00
2016.10.26 16:30:07.648,0.80036,0.80044,1.00,1.50
2016.10.26 16:30:08.545,0.80035,0.80043,1.00,1.00
2016.10.26 16:30:09.290,0.80035,0.80044,1.50,1.00
2016.10.26 16:30:09.913,0.80036,0.80045,1.00,1.50
2016.10.26 16:30:10.938,0.80037,0.80045,1.00,1.00
2016.10.26 16:30:11.141,0.80039,0.80047,1.00,1.00
2016.10.26 16:30:12.355,0.80039,0.80048,1.87,1.00
2016.10.26 16:30:12.874,0.80038,0.80047,1.00,1.00
2016.10.26 16:30:15.881,0.80038,0.80047,1.87,1.00
2016.10.26 16:30:16.388,0.80038,0.80046,1.50,1.00
2016.10.26 16:30:17.122,0.80039,0.80046,1.00,1.00
2016.10.26 16:30:17.174,0.8004,0.80049,1.00,1.12
2016.10.26 16:30:17.688,0.8004,0.80049,1.37,1.00
2016.10.26 16:30:18.203,0.8004,0.80049,1.12,1.00
2016.10.26 16:30:18.576,0.80039,0.80047,3.00,1.00
2016.10.26 16:30:20.314,0.8004,0.80048,2.62,1.00
2016.10.26 16:30:21.155,0.80039,0.80046,2.25,1.00
2016.10.26 16:30:21.660,0.80038,0.80045,1.00,1.00
2016.10.26 16:30:22.380,0.80039,0.80048,1.50,1.50
2016.10.26 16:30:22.482,0.80041,0.80048,1.00,1.00
2016.10.26 16:30:25.152,0.80039,0.80048,1.50,1.00
2016.10.26 16:30:26.285,0.80039,0.80047,1.50,1.00
2016.10.26 16:30:26.387,0.80038,0.80045,1.87,1.00
2016.10.26 16:30:27.224,0.80037,0.80045,1.00,1.00
2016.10.26 16:30:27.727,0.80036,0.80045,1.50,1.00
2016.10.26 16:30:29.596,0.80039,0.80045,1.00,1.00
2016.10.26 16:30:29.683,0.80039,0.80047,1.00,1.00
2016.10.26 16:30:29.734,0.80039,0.80045,1.00,1.00
2016.10.26 16:30:30.344,0.80038,0.80046,1.00,1.00
2016.10.26 16:30:30.990,0.80037,0.80046,1.50,1.00
2016.10.26 16:30:32.533,0.80037,0.80045,1.00,1.00
2016.10.26 16:30:32.861,0.80039,0.80045,1.00,1.00
2016.10.26 16:30:33.216,0.80035,0.80043,3.00,1.00
2016.10.26 16:30:34.033,0.80035,0.80043,1.12,1.00
2016.10.26 16:30:34.698,0.80039,0.80046,1.00,1.00
2016.10.26 16:30:35.244,0.80035,0.80042,1.87,1.00
2016.10.26 16:30:35.753,0.80035,0.80042,1.50,1.00
2016.10.26 16:30:36.266,0.80035,0.80043,1.12,1.00
2016.10.26 16:30:38.524,0.80034,0.80041,1.12,1.00
2016.10.26 16:30:38.829,0.80033,0.80039,1.12,1.00
2016.10.26 16:30:39.386,0.80035,0.80041,1.00,1.00
2016.10.26 16:30:40.398,0.80035,0.8004,1.00,1.00
2016.10.26 16:30:41.197,0.80033,0.80041,1.50,1.00
2016.10.26 16:30:41.300,0.80037,0.80042,1.12,1.00
2016.10.26 16:30:41.352,0.80037,0.80044,1.12,1.00
2016.10.26 16:30:41.776,0.80037,0.80047,1.87,1.00
2016.10.26 16:30:41.827,0.80042,0.80049,1.00,1.50
2016.10.26 16:30:42.217,0.80043,0.80051,1.00,1.50
2016.10.26 16:30:42.571,0.80041,0.80048,1.87,1.00
2016.10.26 16:30:43.598,0.80041,0.80049,1.12,1.00
2016.10.26 16:30:44.105,0.80041,0.8005,1.00,1.00
2016.10.26 16:30:44.689,0.8004,0.80048,1.87,1.00
2016.10.26 16:30:44.994,0.80044,0.80051,1.00,1.50
2016.10.26 16:30:46.020,0.80044,0.80049,1.00,1.00
2016.10.26 16:30:46.224,0.80044,0.80053,1.00,2.25
2016.10.26 16:30:47.191,0.80041,0.8005,3.56,1.00
2016.10.26 16:30:47.710,0.80042,0.80051,1.00,1.87
2016.10.26 16:30:48.710,0.80043,0.80051,1.00,1.12
2016.10.26 16:30:49.377,0.80043,0.80048,1.00,1.00
2016.10.26 16:30:49.429,0.80037,0.80046,1.69,1.00
2016.10.26 16:30:50.395,0.80038,0.80046,1.00,1.50
2016.10.26 16:30:50.851,0.8004,0.80047,1.00,1.00
2016.10.26 16:30:51.157,0.80042,0.80049,1.00,1.00
2016.10.26 16:30:51.692,0.80042,0.8005,1.25,1.50
2016.10.26 16:30:52.148,0.80044,0.8005,1.00,1.00
2016.10.26 16:30:52.564,0.80044,0.80052,1.19,1.00
2016.10.26 16:30:52.666,0.80046,0.80054,1.00,1.00
2016.10.26 16:30:52.768,0.80049,0.80058,1.00,2.25
2016.10.26 16:30:53.282,0.80049,0.80056,1.00,1.00
2016.10.26 16:30:53.622,0.80047,0.80054,1.00,1.00
2016.10.26 16:30:54.498,0.80048,0.80056,1.00,1.00
2016.10.26 16:30:54.600,0.80052,0.80057,1.00,1.50
2016.10.26 16:30:54.753,0.80053,0.80058,1.00,1.00
2016.10.26 16:30:54.956,0.80053,0.8006,1.00,1.00
2016.10.26 16:30:55.664,0.80054,0.8006,1.00,1.00
2016.10.26 16:30:57.362,0.80053,0.8006,1.00,1.00
2016.10.26 16:30:57.414,0.80055,0.8006,1.00,1.00
2016.10.26 16:30:57.769,0.80055,0.80062,1.00,1.00
2016.10.26 16:30:58.290,0.80052,0.80061,1.00,1.87
2016.10.26 16:30:58.353,0.80054,0.80061,1.00,1.87
2016.10.26 16:30:58.878,0.80054,0.80061,1.00,1.00
2016.10.26 16:30:59.607,0.80054,0.80062,1.00,1.00
2016.10.26 16:31:00.147,0.80052,0.80061,1.25,1.00
2016.10.26 16:31:00.249,0.80054,0.80061,1.00,1.50
2016.10.26 16:31:00.886,0.80052,0.80061,1.25,1.50
2016.10.26 16:31:01.595,0.80053,0.80061,1.00,1.00
2016.10.26 16:31:02.418,0.80055,0.80061,1.00,1.00
2016.10.26 16:31:02.469,0.80055,0.80063,1.00,1.00
2016.10.26 16:31:02.976,0.80055,0.80062,1.00,1.00
2016.10.26 16:31:03.130,0.80054,0.8006,1.00,1.00
2016.10.26 16:31:03.183,0.80052,0.8006,1.50,1.50
2016.10.26 16:31:03.693,0.80052,0.80059,1.50,1.00
2016.10.26 16:31:04.209,0.80053,0.80059,1.00,1.00
2016.10.26 16:31:04.412,0.80053,0.80061,1.00,1.50
2016.10.26 16:31:05.780,0.80053,0.80062,1.50,1.00
2016.10.26 16:31:06.288,0.80054,0.80063,1.00,1.00
2016.10.26 16:31:07.058,0.80053,0.80062,1.50,1.00
2016.10.26 16:31:07.571,0.80054,0.80063,1.50,1.00
2016.10.26 16:31:08.056,0.80054,0.80061,1.00,1.00
2016.10.26 16:31:08.554,0.80052,0.80059,1.50,1.00
2016.10.26 16:31:08.910,0.80052,0.80061,1.50,1.50
2016.10.26 16:31:09.480,0.80053,0.80061,1.00,1.50
2016.10.26 16:31:10.097,0.80057,0.80061,1.00,1.00
2016.10.26 16:31:10.273,0.80057,0.80063,1.00,1.00
2016.10.26 16:31:10.915,0.80052,0.80059,1.19,1.00
2016.10.26 16:31:11.599,0.80052,0.80058,1.31,1.00
2016.10.26 16:31:12.138,0.80052,0.80059,2.06,1.00
2016.10.26 16:31:12.792,0.80052,0.80058,1.19,1.00
2016.10.26 16:31:13.388,0.80052,0.80058,1.00,1.00
2016.10.26 16:31:15.533,0.80052,0.8006,1.50,1.00
2016.10.26 16:31:16.040,0.80052,0.80059,1.50,1.00
2016.10.26 16:31:17.101,0.80051,0.80059,1.00,1.00
2016.10.26 16:31:17.913,0.80051,0.80057,1.00,1.00
2016.10.26 16:31:18.461,0.8005,0.80056,1.00,1.00
2016.10.26 16:31:18.849,0.8005,0.80058,1.00,1.00
2016.10.26 16:31:20.706,0.80049,0.80056,1.50,1.00
2016.10.26 16:31:21.845,0.80053,0.80061,1.50,1.00
2016.10.26 16:31:22.378,0.80053,0.8006,1.00,1.00
2016.10.26 16:31:22.581,0.80055,0.8006,1.00,1.00
2016.10.26 16:31:22.987,0.80053,0.8006,1.87,1.00
2016.10.26 16:31:23.674,0.80052,0.8006,1.00,1.00
2016.10.26 16:31:24.232,0.80052,0.80059,1.00,1.00
2016.10.26 16:31:24.775,0.80052,0.80058,1.00,1.00
2016.10.26 16:31:26.308,0.80052,0.80058,1.37,1.00
2016.10.26 16:31:27.111,0.80053,0.80058,1.37,1.00
2016.10.26 16:31:27.162,0.80056,0.80063,1.00,1.00
2016.10.26 16:31:27.985,0.80057,0.80063,1.00,1.00
2016.10.26 16:31:28.366,0.80055,0.80064,2.25,1.00
2016.10.26 16:31:28.879,0.80056,0.80065,1.00,1.00
2016.10.26 16:31:29.640,0.80056,0.80064,1.00,1.00
2016.10.26 16:31:29.692,0.80053,0.80061,1.37,1.00
2016.10.26 16:31:30.255,0.80053,0.80061,1.00,1.00
2016.10.26 16:31:30.779,0.80052,0.8006,1.12,1.00
2016.10.26 16:31:31.447,0.80052,0.80059,1.00,1.00
2016.10.26 16:31:32.167,0.80051,0.80059,1.00,1.00
2016.10.26 16:31:33.019,0.80052,0.80059,1.25,1.00
2016.10.26 16:31:33.533,0.80053,0.8006,1.00,1.00
2016.10.26 16:31:34.107,0.8005,0.80056,1.00,1.00
2016.10.26 16:31:34.647,0.80049,0.80056,1.00,1.00
2016.10.26 16:31:35.194,0.80048,0.80056,1.00,1.00
2016.10.26 16:31:37.126,0.80048,0.80057,1.50,1.00
2016.10.26 16:31:40.304,0.80049,0.80057,1.00,1.00
2016.10.26 16:31:41.403,0.8005,0.80058,1.00,1.00
2016.10.26 16:31:42.974,0.8005,0.80059,1.50,1.00
2016.10.26 16:31:43.282,0.80052,0.80059,1.00,1.00
2016.10.26 16:31:44.131,0.80053,0.8006,1.50,1.00
2016.10.26 16:31:44.863,0.80054,0.80059,1.00,1.00
2016.10.26 16:31:45.313,0.80052,0.80059,1.50,1.00
2016.10.26 16:31:45.840,0.80052,0.8006,1.00,1.00
2016.10.26 16:31:46.362,0.80053,0.8006,1.00,1.00
2016.10.26 16:31:48.109,0.80053,0.80059,1.00,1.00
2016.10.26 16:31:49.032,0.80052,0.80059,1.00,1.00
2016.10.26 16:31:50.333,0.80051,0.80059,1.00,1.00
2016.10.26 16:31:51.426,0.80052,0.80059,1.00,1.00
2016.10.26 16:31:51.969,0.80052,0.80058,1.00,1.00
2016.10.26 16:31:53.361,0.80051,0.80058,1.50,1.00
2016.10.26 16:31:54.128,0.80051,0.80057,1.00,1.00
2016.10.26 16:31:54.180,0.80048,0.80054,1.50,1.00
2016.10.26 16:31:54.333,0.80045,0.80052,1.12,1.00
2016.10.26 16:31:54.854,0.80044,0.8005,1.12,1.00
2016.10.26 16:31:55.378,0.80044,0.80051,1.00,1.00
2016.10.26 16:31:55.638,0.80042,0.80051,2.25,1.00
2016.10.26 16:31:56.181,0.80043,0.80048,1.00,1.00
2016.10.26 16:31:56.232,0.80044,0.80051,1.00,1.00
2016.10.26 16:31:56.283,0.80045,0.80053,1.00,1.00
2016.10.26 16:31:56.805,0.80046,0.80052,1.00,1.00
2016.10.26 16:31:57.532,0.80046,0.80054,1.00,1.00
2016.10.26 16:31:58.039,0.80046,0.80053,1.00,1.00
2016.10.26 16:31:58.643,0.80045,0.80053,1.00,1.00
2016.10.26 16:31:59.240,0.80045,0.80052,1.00,1.00
2016.10.26 16:31:59.645,0.80048,0.80053,1.00,1.00
2016.10.26 16:32:00.178,0.80048,0.80054,1.00,1.00
2016.10.26 16:32:00.696,0.80047,0.80054,1.00,1.00
2016.10.26 16:32:02.140,0.80047,0.80053,1.00,1.00
2016.10.26 16:32:02.682,0.80047,0.80052,1.00,1.00
2016.10.26 16:32:03.197,0.80046,0.80052,1.87,1.00
2016.10.26 16:32:03.761,0.80046,0.80053,1.00,1.00
2016.10.26 16:32:04.175,0.80048,0.80054,1.00,1.00
2016.10.26 16:32:04.979,0.80047,0.80054,1.50,1.00
2016.10.26 16:32:08.768,0.80045,0.80052,1.50,1.00
2016.10.26 16:32:09.276,0.80044,0.80052,1.00,1.00
2016.10.26 16:32:11.383,0.80044,0.80051,1.00,1.00
2016.10.26 16:32:13.207,0.80045,0.80051,1.00,1.00
2016.10.26 16:32:24.350,0.80045,0.80051,1.37,1.00
2016.10.26 16:32:26.248,0.80046,0.80053,1.00,1.00
2016.10.26 16:32:26.453,0.80046,0.80051,1.00,1.00
2016.10.26 16:32:27.170,0.80044,0.80051,1.00,1.00
2016.10.26 16:32:27.687,0.80043,0.80051,1.00,1.00
2016.10.26 16:32:29.043,0.80043,0.8005,1.00,1.00
2016.10.26 16:32:29.665,0.80042,0.8005,1.12,1.00
2016.10.26 16:32:30.128,0.80044,0.8005,1.37,1.00
2016.10.26 16:32:30.602,0.80045,0.80052,1.00,1.00
2016.10.26 16:32:31.133,0.80046,0.80052,1.00,1.00
2016.10.26 16:32:34.677,0.80046,0.80054,1.00,1.00
2016.10.26 16:32:34.830,0.80049,0.80054,1.00,1.00
2016.10.26 16:32:36.015,0.80047,0.80053,1.00,1.00
2016.10.26 16:32:36.581,0.80046,0.80053,1.50,1.00
2016.10.26 16:32:37.705,0.80048,0.80054,1.00,1.00
2016.10.26 16:32:40.255,0.80047,0.80054,1.00,1.00
2016.10.26 16:32:40.391,0.80045,0.80054,2.06,1.00
2016.10.26 16:32:41.412,0.80047,0.80054,1.00,1.00
2016.10.26 16:32:43.664,0.80047,0.80054,1.69,1.00
2016.10.26 16:32:47.727,0.8005,0.80058,1.19,1.12
2016.10.26 16:32:48.530,0.80053,0.80058,1.00,1.00
2016.10.26 16:32:49.700,0.80049,0.80058,1.87,1.00
2016.10.26 16:32:49.923,0.80053,0.80058,1.00,1.00
2016.10.26 16:32:50.076,0.80054,0.8006,1.00,1.00
2016.10.26 16:32:50.806,0.80051,0.80059,1.87,1.00
2016.10.26 16:32:50.857,0.8005,0.80059,3.37,1.00
2016.10.26 16:32:52.293,0.8005,0.80059,1.87,1.00
2016.10.26 16:32:52.345,0.80051,0.80059,2.06,1.00
2016.10.26 16:32:52.857,0.80052,0.80058,1.62,1.00
2016.10.26 16:32:54.344,0.80053,0.8006,1.12,1.00
2016.10.26 16:32:54.893,0.80053,0.8006,1.50,1.00
2016.10.26 16:32:55.011,0.80056,0.80062,1.50,1.00
2016.10.26 16:32:55.528,0.80058,0.80062,1.00,1.00
2016.10.26 16:32:56.363,0.80057,0.80061,1.00,1.00
2016.10.26 16:32:56.414,0.80055,0.80061,1.50,1.00
2016.10.26 16:32:56.977,0.80055,0.8006,1.00,1.00
2016.10.26 16:33:00.066,0.80056,0.8006,1.00,1.00
2016.10.26 16:33:00.372,0.80058,0.80064,1.00,1.00
2016.10.26 16:33:00.423,0.80058,0.80067,1.69,1.00
2016.10.26 16:33:00.474,0.80061,0.80068,1.00,1.87
2016.10.26 16:33:01.185,0.80061,0.80065,1.12,1.00
2016.10.26 16:33:01.703,0.8006,0.80065,1.00,1.00
2016.10.26 16:33:02.776,0.8006,0.80067,1.00,1.00
2016.10.26 16:33:03.030,0.8006,0.80069,1.19,1.00
2016.10.26 16:33:03.805,0.80062,0.80068,1.00,1.00
2016.10.26 16:33:04.330,0.80063,0.80068,1.00,1.00
2016.10.26 16:33:05.159,0.80062,0.80068,1.00,1.00
2016.10.26 16:33:05.210,0.8006,0.80066,1.12,1.00
2016.10.26 16:33:05.771,0.80061,0.80068,1.50,1.00
2016.10.26 16:33:05.924,0.8006,0.80066,1.00,1.00
2016.10.26 16:33:07.037,0.8006,0.80068,1.12,1.00
2016.10.26 16:33:08.237,0.8006,0.80066,1.00,1.00
2016.10.26 16:33:09.035,0.8006,0.80068,1.12,1.00
2016.10.26 16:33:09.567,0.80061,0.80068,1.50,1.00
2016.10.26 16:33:10.085,0.80061,0.80067,1.50,1.00
2016.10.26 16:33:11.260,0.8006,0.80068,1.00,1.00
2016.10.26 16:33:11.311,0.8006,0.80066,1.00,1.00
2016.10.26 16:33:11.464,0.80061,0.80068,1.00,1.00
2016.10.26 16:33:11.718,0.8006,0.80066,1.00,1.00
2016.10.26 16:33:11.820,0.8006,0.80068,1.00,1.00
2016.10.26 16:33:12.507,0.80059,0.80068,1.50,1.00
2016.10.26 16:33:12.998,0.80059,0.80066,1.00,1.00
2016.10.26 16:33:13.542,0.80058,0.80066,1.50,1.00
2016.10.26 16:33:14.868,0.80059,0.80067,1.50,1.00
2016.10.26 16:33:15.391,0.80059,0.80066,1.50,1.00
2016.10.26 16:33:17.030,0.80059,0.80068,1.50,1.00
2016.10.26 16:33:17.182,0.80061,0.80066,1.00,1.00
2016.10.26 16:33:17.710,0.80062,0.80067,1.50,1.00
2016.10.26 16:33:19.541,0.80061,0.80065,1.00,1.00
2016.10.26 16:33:19.593,0.80058,0.80065,2.62,1.00
2016.10.26 16:33:19.687,0.80057,0.80064,2.44,1.00
2016.10.26 16:33:20.845,0.80057,0.80065,1.00,1.00
2016.10.26 16:33:21.031,0.80057,0.80063,1.00,1.00
2016.10.26 16:33:23.568,0.80056,0.80063,1.50,1.00
2016.10.26 16:33:24.596,0.80057,0.80063,1.00,1.00
2016.10.26 16:33:25.308,0.80056,0.80063,1.00,1.00
2016.10.26 16:33:25.856,0.80055,0.80063,1.12,1.00
2016.10.26 16:33:26.364,0.80055,0.80064,1.50,1.00
2016.10.26 16:33:27.516,0.80058,0.80067,1.25,1.00
2016.10.26 16:33:27.885,0.8006,0.80069,2.44,1.00
2016.10.26 16:33:28.426,0.8006,0.80068,2.81,1.00
2016.10.26 16:33:30.230,0.80061,0.80067,1.25,1.00
2016.10.26 16:33:30.748,0.80064,0.80068,1.00,1.00
2016.10.26 16:33:31.255,0.80062,0.80068,1.19,1.00
2016.10.26 16:33:32.609,0.80061,0.80066,1.00,1.00
2016.10.26 16:33:33.118,0.8006,0.80066,1.12,1.00
2016.10.26 16:33:33.820,0.80061,0.80066,1.00,1.00
2016.10.26 16:33:36.603,0.80061,0.80068,1.00,1.00
2016.10.26 16:33:37.181,0.80061,0.80069,1.12,1.00
2016.10.26 16:33:38.898,0.80068,0.80072,1.00,1.00
2016.10.26 16:33:38.949,0.80068,0.80075,1.00,1.00
2016.10.26 16:33:41.526,0.80068,0.80074,1.00,1.00
2016.10.26 16:33:42.035,0.80065,0.80074,1.87,1.00
2016.10.26 16:33:42.086,0.80065,0.80072,1.50,1.00
2016.10.26 16:33:42.700,0.80064,0.80072,1.00,1.00
2016.10.26 16:33:43.827,0.80065,0.80072,1.87,1.00
2016.10.26 16:33:43.906,0.80069,0.80075,1.00,1.00
2016.10.26 16:33:44.059,0.8007,0.80077,1.00,1.00
2016.10.26 16:33:44.633,0.80069,0.80076,1.00,1.00
2016.10.26 16:33:45.135,0.80068,0.80075,1.50,1.00
2016.10.26 16:33:45.494,0.80068,0.80077,3.00,1.00
2016.10.26 16:33:46.002,0.80069,0.80077,1.00,1.00
2016.10.26 16:33:46.642,0.80069,0.80076,1.12,1.00
2016.10.26 16:33:47.439,0.80067,0.80076,1.87,1.00
2016.10.26 16:33:48.989,0.80068,0.80076,1.00,1.00
2016.10.26 16:33:49.142,0.80066,0.80072,1.12,1.00
2016.10.26 16:33:49.295,0.80064,0.80071,1.12,1.00
2016.10.26 16:33:49.791,0.80066,0.80074,1.12,1.00
2016.10.26 16:33:50.319,0.80067,0.80075,1.12,1.00
2016.10.26 16:33:51.589,0.80067,0.80074,1.00,1.00
2016.10.26 16:33:52.547,0.80068,0.80074,2.06,1.00
2016.10.26 16:33:52.852,0.80071,0.80076,1.00,1.00
2016.10.26 16:33:53.157,0.80072,0.80081,2.06,1.00
2016.10.26 16:33:53.209,0.80072,0.80079,1.37,1.00
2016.10.26 16:33:53.996,0.80074,0.80079,1.37,1.00
2016.10.26 16:33:54.129,0.8007,0.80076,1.37,1.00
2016.10.26 16:33:54.333,0.80073,0.80079,1.37,1.00
2016.10.26 16:33:54.639,0.80074,0.80079,1.37,1.50
2016.10.26 16:33:55.015,0.80071,0.80075,1.00,1.00
2016.10.26 16:33:55.532,0.8007,0.80075,1.00,1.00
2016.10.26 16:33:56.774,0.80069,0.80076,2.62,1.00
2016.10.26 16:33:57.317,0.80071,0.80076,1.00,1.00
2016.10.26 16:33:59.246,0.8007,0.80076,1.12,1.00
2016.10.26 16:33:59.813,0.8007,0.80074,1.00,1.00
2016.10.26 16:33:59.865,0.8007,0.80077,1.00,1.00
2016.10.26 16:34:00.411,0.8007,0.80076,1.00,1.00
2016.10.26 16:34:02.187,0.8007,0.80078,1.12,1.00
2016.10.26 16:34:02.703,0.80071,0.80079,2.25,1.00
2016.10.26 16:34:03.541,0.80072,0.80079,1.00,1.00
2016.10.26 16:34:04.438,0.80074,0.80079,1.00,1.00
2016.10.26 16:34:05.078,0.80073,0.80078,1.00,1.00
2016.10.26 16:34:05.129,0.8007,0.80077,1.87,1.00
2016.10.26 16:34:05.784,0.80071,0.80076,1.00,1.00
2016.10.26 16:34:05.988,0.8007,0.80074,1.00,1.00
2016.10.26 16:34:06.141,0.80067,0.80074,1.00,1.00
2016.10.26 16:34:06.243,0.80065,0.80074,2.62,1.00
2016.10.26 16:34:06.864,0.80067,0.80074,1.00,1.00
2016.10.26 16:34:07.234,0.8007,0.80077,1.00,1.00
2016.10.26 16:34:07.539,0.80069,0.80075,1.37,1.00
2016.10.26 16:34:07.900,0.8007,0.80077,1.12,1.00
2016.10.26 16:34:09.250,0.80072,0.80077,1.00,1.00
2016.10.26 16:34:14.020,0.8007,0.80077,1.50,1.00
2016.10.26 16:34:14.663,0.8007,0.80074,1.00,1.00
2016.10.26 16:34:14.778,0.80068,0.80076,1.87,1.00
2016.10.26 16:34:15.447,0.80068,0.80077,2.62,1.50
2016.10.26 16:34:15.549,0.80069,0.80078,1.87,1.00
2016.10.26 16:34:16.692,0.80069,0.80077,1.37,1.00
2016.10.26 16:34:16.743,0.80067,0.80075,1.50,1.00
2016.10.26 16:34:18.652,0.80066,0.80075,2.62,1.00
2016.10.26 16:34:18.704,0.80068,0.80075,1.00,1.00
2016.10.26 16:34:19.307,0.80066,0.80075,2.47,1.00
2016.10.26 16:34:19.809,0.8007,0.80077,1.00,1.00
2016.10.26 16:34:20.114,0.8007,0.80075,1.00,1.00
2016.10.26 16:34:20.302,0.80068,0.80077,1.50,1.00
2016.10.26 16:34:20.709,0.8007,0.80078,1.00,1.50
2016.10.26 16:34:21.247,0.8007,0.80076,1.00,1.00
2016.10.26 16:34:21.501,0.80066,0.80074,1.72,1.00
2016.10.26 16:34:21.552,0.80066,0.80072,1.50,1.00
2016.10.26 16:34:25.611,0.80067,0.80072,1.00,1.00
2016.10.26 16:34:25.814,0.80065,0.80072,1.35,1.00
2016.10.26 16:34:26.602,0.80065,0.80072,1.72,1.00
2016.10.26 16:34:27.255,0.80066,0.80073,1.00,1.00
2016.10.26 16:34:27.306,0.80068,0.80073,1.00,1.00
2016.10.26 16:34:27.358,0.80068,0.80075,1.00,1.00
2016.10.26 16:34:28.292,0.80068,0.80074,1.12,1.00
2016.10.26 16:34:28.990,0.80068,0.80075,1.12,1.00
2016.10.26 16:34:31.259,0.80068,0.80074,1.50,1.00
2016.10.26 16:34:31.412,0.80069,0.80076,1.00,1.00
2016.10.26 16:34:32.544,0.80068,0.80076,1.00,1.00
2016.10.26 16:34:34.821,0.80066,0.80074,3.22,1.00
2016.10.26 16:34:35.126,0.80068,0.80075,1.50,1.00
2016.10.26 16:34:36.139,0.80067,0.80074,1.50,1.00
2016.10.26 16:34:38.137,0.80067,0.80072,1.00,1.00
2016.10.26 16:34:38.340,0.80063,0.80069,1.00,1.00
2016.10.26 16:34:39.894,0.80066,0.80072,1.00,1.00
2016.10.26 16:34:40.553,0.80064,0.80071,1.50,1.00
2016.10.26 16:34:40.859,0.80062,0.80067,1.00,1.00
2016.10.26 16:34:41.726,0.80061,0.80067,1.00,1.00
2016.10.26 16:34:42.456,0.8006,0.80067,1.12,1.00
2016.10.26 16:34:43.177,0.80059,0.80067,1.12,1.00
2016.10.26 16:34:43.718,0.80059,0.80066,1.12,1.00
2016.10.26 16:34:45.635,0.80059,0.80067,1.12,1.00
2016.10.26 16:34:49.365,0.8006,0.80067,1.00,1.00
2016.10.26 16:34:51.797,0.80058,0.80067,2.44,1.00
2016.10.26 16:34:52.441,0.80058,0.80067,2.06,1.00
2016.10.26 16:34:53.040,0.80058,0.80067,2.44,1.00
2016.10.26 16:34:55.531,0.80058,0.80066,1.12,1.00
2016.10.26 16:34:55.860,0.80062,0.80067,1.37,1.00
2016.10.26 16:34:55.912,0.80065,0.80071,1.00,1.00
2016.10.26 16:34:56.422,0.80065,0.80072,1.00,1.00
2016.10.26 16:34:56.901,0.80062,0.80071,1.00,1.00
2016.10.26 16:34:57.002,0.80062,0.80069,1.00,1.00
2016.10.26 16:34:57.834,0.80062,0.80071,1.00,1.00
2016.10.26 16:34:58.138,0.80061,0.80069,1.12,1.00
2016.10.26 16:34:58.291,0.80062,0.80071,1.00,1.87
2016.10.26 16:35:00.667,0.80062,0.8007,1.00,1.00
2016.10.26 16:35:02.694,0.80061,0.8007,1.00,1.00
2016.10.26 16:35:06.148,0.8006,0.80067,2.25,1.00
2016.10.26 16:35:07.191,0.8006,0.80069,1.87,1.50
2016.10.26 16:35:07.720,0.8006,0.80068,1.87,1.00
2016.10.26 16:35:09.825,0.80059,0.80068,1.00,1.00
2016.10.26 16:35:12.356,0.80059,0.80067,1.00,1.00
2016.10.26 16:35:13.347,0.80059,0.80068,1.87,1.50
2016.10.26 16:35:13.399,0.80059,0.80068,2.62,1.50
2016.10.26 16:35:13.878,0.80061,0.80066,1.12,1.00
2016.10.26 16:35:14.182,0.80059,0.80068,2.62,1.00
2016.10.26 16:35:15.331,0.8006,0.80067,1.12,1.00
2016.10.26 16:35:17.629,0.80059,0.80066,3.37,1.00
2016.10.26 16:35:21.171,0.80063,0.80067,1.00,1.00
2016.10.26 16:35:21.223,0.80063,0.8007,1.12,1.00
2016.10.26 16:35:22.176,0.80064,0.8007,1.00,1.00
2016.10.26 16:35:22.813,0.80064,0.8007,1.37,1.00
2016.10.26 16:35:24.789,0.80064,0.80071,1.12,1.00
2016.10.26 16:35:26.002,0.80065,0.80071,1.00,1.00
2016.10.26 16:35:28.385,0.80063,0.80069,1.50,1.00
2016.10.26 16:35:29.042,0.80062,0.80067,1.12,1.00
2016.10.26 16:35:35.224,0.80065,0.80071,1.00,1.00
2016.10.26 16:35:35.826,0.80066,0.80071,1.00,1.00
2016.10.26 16:35:39.256,0.80066,0.8007,1.00,1.00
2016.10.26 16:35:39.795,0.80067,0.80071,1.00,1.00
2016.10.26 16:35:40.734,0.80067,0.80072,1.00,1.00
2016.10.26 16:35:41.481,0.80069,0.80076,1.00,1.50
2016.10.26 16:35:42.398,0.80067,0.80076,1.00,1.50
2016.10.26 16:35:43.015,0.80066,0.80074,1.00,1.12
2016.10.26 16:35:43.352,0.80068,0.80074,1.00,2.62
2016.10.26 16:35:43.979,0.80067,0.80073,1.00,1.00
2016.10.26 16:35:44.486,0.80066,0.80073,1.00,1.00
2016.10.26 16:35:44.995,0.80067,0.80072,1.00,1.00
2016.10.26 16:35:45.051,0.80065,0.80072,1.00,1.00
2016.10.26 16:35:45.587,0.80066,0.80072,1.00,1.00
2016.10.26 16:35:45.998,0.80068,0.80074,1.00,1.37
2016.10.26 16:35:46.756,0.80069,0.80075,1.00,1.87
2016.10.26 16:35:46.914,0.8007,0.80077,1.00,1.50
2016.10.26 16:35:47.739,0.80072,0.80078,1.00,1.00
2016.10.26 16:35:48.227,0.80073,0.80081,1.00,1.12
2016.10.26 16:35:48.381,0.80075,0.80082,1.00,1.50
2016.10.26 16:35:49.084,0.80075,0.8008,1.00,1.00
2016.10.26 16:35:49.405,0.8007,0.80076,1.31,1.00
2016.10.26 16:35:52.082,0.8007,0.80074,1.00,1.00
2016.10.26 16:35:52.441,0.80068,0.80074,1.25,1.00
2016.10.26 16:35:53.015,0.80068,0.80073,1.25,1.00
2016.10.26 16:35:56.133,0.80068,0.80074,1.31,1.00
2016.10.26 16:35:56.489,0.8007,0.80074,1.00,1.00
2016.10.26 16:35:57.404,0.80068,0.80074,1.62,1.00
2016.10.26 16:35:57.962,0.80068,0.80074,1.25,1.00
2016.10.26 16:35:58.698,0.80068,0.80075,1.25,1.00
2016.10.26 16:36:03.040,0.80069,0.80075,1.00,1.00
2016.10.26 16:36:04.509,0.80068,0.80075,1.25,1.00
2016.10.26 16:36:10.528,0.80069,0.80076,1.00,1.00
2016.10.26 16:36:10.579,0.80069,0.80078,1.50,1.00
2016.10.26 16:36:10.631,0.80072,0.80078,1.00,1.00
2016.10.26 16:36:11.140,0.80071,0.80077,1.00,1.00
2016.10.26 16:36:11.775,0.8007,0.80077,1.25,1.00
2016.10.26 16:36:17.652,0.80071,0.80077,1.00,1.00
2016.10.26 16:36:18.195,0.80071,0.80078,1.00,1.00
2016.10.26 16:36:18.515,0.80071,0.80076,1.00,1.00
2016.10.26 16:36:19.053,0.8007,0.80076,1.25,1.00
2016.10.26 16:36:19.602,0.8007,0.80077,2.06,1.00
2016.10.26 16:36:20.134,0.80071,0.80077,1.00,1.00
2016.10.26 16:36:25.846,0.8007,0.80077,1.25,1.00
2016.10.26 16:36:28.559,0.8007,0.80077,1.19,1.00
2016.10.26 16:36:30.585,0.8007,0.80077,1.12,1.00
2016.10.26 16:36:30.889,0.80068,0.80075,1.12,1.00
2016.10.26 16:36:32.862,0.80067,0.80075,1.00,1.00
2016.10.26 16:36:34.561,0.80068,0.80075,1.00,1.00
2016.10.26 16:36:36.283,0.80067,0.80075,1.50,1.00
2016.10.26 16:36:38.210,0.80068,0.80075,1.00,1.00
2016.10.26 16:36:39.150,0.80068,0.80076,1.19,1.00
2016.10.26 16:36:39.666,0.8007,0.80077,1.00,1.00
2016.10.26 16:36:42.271,0.8007,0.80074,1.00,1.00
2016.10.26 16:36:42.322,0.80068,0.80075,1.12,1.00
2016.10.26 16:36:43.016,0.80068,0.80077,2.44,1.12
2016.10.26 16:36:43.320,0.80076,0.8008,1.00,1.00
2016.10.26 16:36:43.474,0.80075,0.80081,1.69,1.00
2016.10.26 16:36:44.206,0.80076,0.80081,1.00,1.00
2016.10.26 16:36:44.426,0.80076,0.80083,1.25,1.00
2016.10.26 16:36:44.935,0.80077,0.80084,1.00,1.00
2016.10.26 16:36:46.085,0.80077,0.80083,1.00,1.00
2016.10.26 16:36:46.900,0.80077,0.80084,1.00,1.00
2016.10.26 16:36:47.418,0.80077,0.80083,1.00,1.00
2016.10.26 16:36:47.684,0.80075,0.8008,1.50,1.00
2016.10.26 16:36:47.836,0.80073,0.80078,1.00,1.00
2016.10.26 16:36:47.938,0.80074,0.8008,1.00,1.00
2016.10.26 16:36:48.409,0.80072,0.80077,1.00,1.00
2016.10.26 16:36:49.680,0.80071,0.80077,1.69,1.00
2016.10.26 16:36:50.335,0.80069,0.80077,1.50,1.00
2016.10.26 16:36:50.905,0.80071,0.80077,1.00,1.00
2016.10.26 16:36:51.414,0.80069,0.80075,1.50,1.00
2016.10.26 16:36:51.536,0.80069,0.80077,1.00,1.50
2016.10.26 16:36:51.587,0.80069,0.80075,1.00,1.00
2016.10.26 16:36:52.232,0.8007,0.80077,1.50,1.00
2016.10.26 16:36:52.283,0.80072,0.80079,1.00,1.87
2016.10.26 16:36:52.815,0.80073,0.80079,1.00,1.00
2016.10.26 16:36:53.333,0.80072,0.80079,1.50,1.00
2016.10.26 16:36:56.333,0.8007,0.80076,1.00,1.00
2016.10.26 16:36:56.384,0.80068,0.80077,2.25,1.00
2016.10.26 16:36:56.435,0.80071,0.80078,1.00,1.00
2016.10.26 16:36:56.945,0.80072,0.80079,1.00,1.00
2016.10.26 16:36:57.111,0.8007,0.80079,1.00,1.00
2016.10.26 16:36:57.163,0.80069,0.80077,1.00,1.00
2016.10.26 16:36:57.681,0.8007,0.80075,1.12,1.00
2016.10.26 16:36:58.132,0.8007,0.80077,1.00,1.00
2016.10.26 16:36:58.640,0.8007,0.80076,1.00,1.00
2016.10.26 16:36:59.033,0.80068,0.80076,1.50,1.00
2016.10.26 16:36:59.868,0.80068,0.80075,1.50,1.00
2016.10.26 16:37:09.772,0.80067,0.80072,2.25,1.00
2016.10.26 16:37:09.925,0.80066,0.80071,1.00,1.00
2016.10.26 16:37:10.456,0.80065,0.80071,1.00,1.00
2016.10.26 16:37:10.585,0.80065,0.80069,1.00,1.00
2016.10.26 16:37:10.636,0.80065,0.80071,1.00,1.00
2016.10.26 16:37:11.858,0.80066,0.80072,1.00,1.00
2016.10.26 16:37:12.507,0.80065,0.80071,1.12,1.00
2016.10.26 16:37:13.069,0.80064,0.80071,1.12,1.00
2016.10.26 16:37:13.171,0.80064,0.80073,1.12,1.00
2016.10.26 16:37:14.556,0.80064,0.80072,1.00,1.00
2016.10.26 16:37:15.158,0.80064,0.80071,1.00,1.00
2016.10.26 16:37:15.629,0.80062,0.80067,1.87,1.00
2016.10.26 16:37:15.680,0.8006,0.80066,1.12,1.00
2016.10.26 16:37:16.189,0.80062,0.80069,1.12,1.00
2016.10.26 16:37:17.141,0.80058,0.80063,2.25,1.00
2016.10.26 16:37:17.658,0.80058,0.80064,1.00,1.00
2016.10.26 16:37:17.963,0.8006,0.80064,1.00,1.00
2016.10.26 16:37:18.428,0.8006,0.80068,1.50,1.50
2016.10.26 16:37:19.061,0.80061,0.80069,1.00,1.00
2016.10.26 16:37:21.182,0.80062,0.80069,1.00,1.00
2016.10.26 16:37:21.915,0.80063,0.8007,1.50,1.00
2016.10.26 16:37:22.224,0.80066,0.8007,1.50,1.00
2016.10.26 16:37:22.275,0.80065,0.80072,1.87,1.00
2016.10.26 16:37:22.326,0.80065,0.80071,3.37,1.00
2016.10.26 16:37:22.378,0.80064,0.80071,1.87,1.00
2016.10.26 16:37:22.884,0.80064,0.80071,1.00,1.00
2016.10.26 16:37:23.286,0.80068,0.80074,1.00,1.00
2016.10.26 16:37:23.684,0.80069,0.80076,1.50,1.00
2016.10.26 16:37:24.972,0.8007,0.80076,1.00,1.00
2016.10.26 16:37:27.293,0.80067,0.80073,1.00,1.00
2016.10.26 16:37:27.801,0.80065,0.80073,1.00,1.00
2016.10.26 16:37:28.491,0.80065,0.80072,1.00,1.00
2016.10.26 16:37:32.606,0.80065,0.8007,1.00,1.00
2016.10.26 16:37:33.024,0.80062,0.8007,1.87,1.00
2016.10.26 16:37:33.547,0.80062,0.80069,1.00,1.00
2016.10.26 16:37:34.979,0.80062,0.8007,1.00,1.00
2016.10.26 16:37:35.212,0.80062,0.80068,1.00,1.00
2016.10.26 16:37:36.315,0.80062,0.80069,1.50,1.00
2016.10.26 16:37:36.833,0.80061,0.80069,1.12,1.50
2016.10.26 16:37:40.126,0.80061,0.80067,1.12,1.00
2016.10.26 16:37:40.714,0.80061,0.80069,1.12,1.00
2016.10.26 16:37:43.189,0.80061,0.80068,1.00,1.00
2016.10.26 16:37:44.232,0.80061,0.80069,1.00,1.00
2016.10.26 16:37:45.299,0.80062,0.80071,1.00,1.12
2016.10.26 16:37:45.502,0.80062,0.80069,1.87,1.00
2016.10.26 16:37:45.654,0.80065,0.80073,1.00,1.00
2016.10.26 16:37:46.229,0.80066,0.80075,2.25,1.00
2016.10.26 16:37:46.776,0.80068,0.80075,1.00,1.00
2016.10.26 16:37:47.314,0.80069,0.80075,1.00,1.00
2016.10.26 16:37:49.832,0.80069,0.80076,1.00,1.00
2016.10.26 16:37:50.425,0.80068,0.80076,1.12,1.00
2016.10.26 16:37:50.732,0.8007,0.80076,1.00,1.00
2016.10.26 16:37:51.282,0.8007,0.80075,1.00,1.00
2016.10.26 16:37:51.790,0.80069,0.80074,1.00,1.00
2016.10.26 16:37:51.842,0.80069,0.80076,1.00,1.00
2016.10.26 16:37:53.452,0.80068,0.80076,1.12,1.00
2016.10.26 16:37:54.029,0.80066,0.80071,1.00,1.00
2016.10.26 16:37:54.247,0.80063,0.80069,1.00,1.00
2016.10.26 16:37:54.298,0.80063,0.80071,1.00,1.00
2016.10.26 16:37:54.942,0.80062,0.8007,1.00,1.00
2016.10.26 16:37:55.448,0.80062,0.80069,1.00,1.00
2016.10.26 16:37:55.600,0.80062,0.80067,1.00,1.00
2016.10.26 16:37:55.651,0.80059,0.80067,1.50,1.50
2016.10.26 16:37:55.804,0.80059,0.80065,1.00,1.00
2016.10.26 16:37:55.855,0.80055,0.80064,1.50,1.00
2016.10.26 16:37:56.583,0.80055,0.80063,1.00,1.00
2016.10.26 16:37:56.735,0.80056,0.80065,1.69,1.12
2016.10.26 16:37:56.786,0.80058,0.80065,1.00,1.00
2016.10.26 16:37:56.888,0.80058,0.80067,1.00,1.50
2016.10.26 16:37:57.243,0.80058,0.80065,1.00,1.00
2016.10.26 16:37:57.396,0.80055,0.80063,1.50,1.00
2016.10.26 16:37:58.218,0.80054,0.80061,2.25,1.00
2016.10.26 16:37:58.728,0.80055,0.80062,1.00,1.00
2016.10.26 16:37:59.673,0.80054,0.80062,1.12,1.00
2016.10.26 16:38:00.004,0.80051,0.80059,1.31,1.00
2016.10.26 16:38:00.583,0.80053,0.80061,1.12,1.87
2016.10.26 16:38:00.684,0.80052,0.80058,1.37,1.00
2016.10.26 16:38:00.787,0.80049,0.80057,1.12,1.00
2016.10.26 16:38:01.091,0.8005,0.80059,1.00,1.00
2016.10.26 16:38:01.447,0.80048,0.80057,1.12,1.00
2016.10.26 16:38:01.835,0.8005,0.80057,1.00,1.00
2016.10.26 16:38:01.887,0.8005,0.80059,1.50,1.00
2016.10.26 16:38:02.375,0.80052,0.80059,1.25,1.00
2016.10.26 16:38:02.680,0.8005,0.80059,1.50,1.00
2016.10.26 16:38:02.732,0.8005,0.80057,1.00,1.00
2016.10.26 16:38:03.303,0.80049,0.80058,1.12,1.12
2016.10.26 16:38:04.670,0.80053,0.8006,1.00,1.12
2016.10.26 16:38:07.015,0.80051,0.8006,2.25,1.00
2016.10.26 16:38:17.080,0.80052,0.80059,1.50,1.00
2016.10.26 16:38:17.132,0.80052,0.80061,2.25,2.25
2016.10.26 16:38:17.677,0.80052,0.8006,1.00,1.00
2016.10.26 16:38:18.186,0.80052,0.80059,1.00,1.00
2016.10.26 16:38:18.804,0.80052,0.8006,1.50,1.00
2016.10.26 16:38:19.729,0.80053,0.80061,1.50,2.62
2016.10.26 16:38:20.176,0.80052,0.80059,1.50,1.00
2016.10.26 16:38:20.481,0.8005,0.80059,1.00,1.00
2016.10.26 16:38:21.916,0.80055,0.80063,1.12,1.00
2016.10.26 16:38:22.293,0.80054,0.8006,1.87,1.00
2016.10.26 16:38:22.395,0.80052,0.8006,1.12,1.50
2016.10.26 16:38:22.904,0.80053,0.8006,1.00,1.00
2016.10.26 16:38:23.427,0.80051,0.8006,1.50,1.50
2016.10.26 16:38:23.980,0.80051,0.80059,1.50,1.00
2016.10.26 16:38:24.634,0.80051,0.80058,1.50,1.00
2016.10.26 16:38:26.040,0.80052,0.8006,1.00,1.00
2016.10.26 16:38:26.092,0.80054,0.80061,1.00,1.00
2016.10.26 16:38:26.194,0.80052,0.80061,2.25,1.00
2016.10.26 16:38:26.788,0.80052,0.8006,1.00,1.00
2016.10.26 16:38:28.753,0.80053,0.8006,1.00,1.00
2016.10.26 16:38:28.805,0.80053,0.80062,1.00,1.00
2016.10.26 16:38:28.907,0.80055,0.80062,1.00,1.00
2016.10.26 16:38:29.216,0.80057,0.80064,1.00,1.50
2016.10.26 16:38:29.420,0.80057,0.80066,1.00,1.00
2016.10.26 16:38:29.933,0.80058,0.80065,1.00,1.00
2016.10.26 16:38:38.481,0.80057,0.80063,1.00,1.00
2016.10.26 16:38:38.532,0.80055,0.80063,1.00,1.00
2016.10.26 16:38:39.039,0.80055,0.80062,1.00,1.00
2016.10.26 16:38:39.546,0.80054,0.80061,1.12,1.00
2016.10.26 16:38:42.879,0.80052,0.80061,1.87,1.50
2016.10.26 16:38:42.931,0.80052,0.80059,1.37,1.00
2016.10.26 16:38:43.033,0.80051,0.8006,1.00,1.50
2016.10.26 16:38:44.234,0.80051,0.80059,1.00,1.00
2016.10.26 16:38:46.259,0.80051,0.8006,1.00,1.50
2016.10.26 16:38:46.361,0.80053,0.8006,1.00,1.00
2016.10.26 16:38:50.100,0.80053,0.80057,1.00,1.00
2016.10.26 16:38:50.155,0.80051,0.80057,1.00,1.00
2016.10.26 16:38:50.662,0.8005,0.80057,1.00,1.00
2016.10.26 16:38:50.823,0.8005,0.80059,1.00,1.50
2016.10.26 16:38:53.246,0.80049,0.80058,1.50,1.00
2016.10.26 16:38:53.747,0.8005,0.80058,1.50,1.00
2016.10.26 16:38:54.253,0.80052,0.80061,1.00,1.87
2016.10.26 16:38:59.981,0.80052,0.8006,1.50,1.00
2016.10.26 16:39:02.874,0.80051,0.80059,1.12,1.00
2016.10.26 16:39:03.420,0.80051,0.80058,1.00,1.50
2016.10.26 16:39:05.521,0.80049,0.80058,1.87,1.00
2016.10.26 16:39:06.046,0.8005,0.80058,1.00,1.00
2016.10.26 16:39:08.064,0.80051,0.8006,1.50,1.00
2016.10.26 16:39:09.330,0.80049,0.80058,1.50,1.00
2016.10.26 16:39:10.985,0.8005,0.80058,1.00,1.00
2016.10.26 16:39:16.378,0.80048,0.80057,1.12,1.50
2016.10.26 16:39:16.531,0.80047,0.80054,1.50,1.00
2016.10.26 16:39:16.988,0.80047,0.80056,1.50,1.00
2016.10.26 16:39:19.389,0.80047,0.80054,1.00,1.00
2016.10.26 16:39:19.921,0.80048,0.80054,1.00,1.00
2016.10.26 16:39:20.559,0.80048,0.80056,1.50,1.12
2016.10.26 16:39:22.204,0.80046,0.80053,1.00,1.00
2016.10.26 16:39:30.347,0.80047,0.80055,1.87,1.50
2016.10.26 16:39:31.240,0.8005,0.80055,1.00,1.00
2016.10.26 16:39:32.429,0.80051,0.80057,1.00,1.00
2016.10.26 16:39:32.995,0.8005,0.80056,1.00,1.00
2016.10.26 16:39:35.542,0.80049,0.80056,1.00,1.00
2016.10.26 16:39:36.288,0.80049,0.80054,1.00,1.00
2016.10.26 16:39:36.804,0.80049,0.80056,1.50,1.00
2016.10.26 16:39:42.348,0.80053,0.80057,1.00,1.00
2016.10.26 16:39:42.661,0.80055,0.80059,1.00,1.00
2016.10.26 16:39:45.238,0.80056,0.80062,1.00,1.50
2016.10.26 16:39:46.028,0.80056,0.8006,1.00,1.00
2016.10.26 16:39:46.536,0.80056,0.80061,1.00,1.00
2016.10.26 16:39:47.180,0.80054,0.80062,1.50,1.50
2016.10.26 16:39:47.691,0.80055,0.80062,1.00,1.12
2016.10.26 16:39:49.031,0.80057,0.80062,1.00,1.00
2016.10.26 16:39:49.138,0.80055,0.80062,1.00,1.00
2016.10.26 16:39:49.551,0.80057,0.80061,1.00,1.00
2016.10.26 16:39:50.548,0.80055,0.80061,1.00,1.50
2016.10.26 16:39:55.035,0.80056,0.80061,1.00,1.50
2016.10.26 16:39:59.303,0.80055,0.80061,1.00,1.50
2016.10.26 16:39:59.951,0.80055,0.8006,1.00,1.00
2016.10.26 16:40:00.066,0.80054,0.80058,1.00,1.00
2016.10.26 16:40:00.269,0.80052,0.80056,1.00,1.00
2016.10.26 16:40:00.825,0.80051,0.80055,1.00,1.00
2016.10.26 16:40:03.873,0.80053,0.80058,1.50,1.00
2016.10.26 16:40:03.975,0.80056,0.8006,1.00,1.50
2016.10.26 16:40:04.228,0.80053,0.8006,1.50,1.00
2016.10.26 16:40:05.254,0.80054,0.8006,1.00,1.00
2016.10.26 16:40:06.371,0.80053,0.8006,2.25,1.00
2016.10.26 16:40:07.100,0.80054,0.8006,1.00,1.00
2016.10.26 16:40:07.231,0.80051,0.80057,1.00,1.00
2016.10.26 16:40:07.740,0.80051,0.80056,1.00,1.00
2016.10.26 16:40:07.985,0.80049,0.80056,1.00,1.00
2016.10.26 16:40:08.470,0.80047,0.80053,1.12,1.00
2016.10.26 16:40:08.777,0.80049,0.80053,1.00,2.25
2016.10.26 16:40:10.138,0.8005,0.80054,1.00,2.25
2016.10.26 16:40:11.385,0.80048,0.80052,1.00,1.00
2016.10.26 16:40:11.487,0.80045,0.80052,1.50,1.00
2016.10.26 16:40:11.945,0.80044,0.8005,1.00,1.00
2016.10.26 16:40:13.555,0.80043,0.8005,2.25,1.00
2016.10.26 16:40:18.457,0.80043,0.80051,1.50,1.00
2016.10.26 16:40:18.977,0.80043,0.80052,1.50,1.50
2016.10.26 16:40:26.927,0.80043,0.80051,1.50,1.00
2016.10.26 16:40:27.887,0.80043,0.80052,1.00,1.12
2016.10.26 16:40:29.380,0.80043,0.80052,1.00,3.19
2016.10.26 16:40:31.120,0.80043,0.80051,1.00,1.50
2016.10.26 16:40:31.732,0.80043,0.80052,1.00,3.94
2016.10.26 16:40:32.341,0.80044,0.80052,1.00,2.81
2016.10.26 16:40:32.544,0.80045,0.80053,1.00,1.00
2016.10.26 16:40:33.418,0.80044,0.80052,1.00,1.12
2016.10.26 16:40:33.928,0.80043,0.80052,1.00,1.12
2016.10.26 16:40:34.957,0.80044,0.80052,1.50,1.00
2016.10.26 16:40:35.481,0.80043,0.80052,1.00,1.50
2016.10.26 16:40:40.053,0.80043,0.80048,1.00,1.00
2016.10.26 16:40:40.105,0.80041,0.80048,1.00,1.50
2016.10.26 16:40:40.258,0.80042,0.8005,1.00,1.00
2016.10.26 16:40:40.824,0.80042,0.80049,1.00,1.00
2016.10.26 16:40:40.875,0.80041,0.80047,1.00,1.00
2016.10.26 16:40:41.027,0.80037,0.80046,1.12,1.50
2016.10.26 16:40:41.079,0.80036,0.80041,1.50,1.00
2016.10.26 16:40:41.466,0.80032,0.80037,1.00,1.00
2016.10.26 16:40:41.974,0.80031,0.80038,1.00,1.00
2016.10.26 16:40:42.178,0.80034,0.80038,1.00,1.00
2016.10.26 16:40:42.230,0.80035,0.80041,1.00,1.00
2016.10.26 16:40:43.150,0.80035,0.80042,1.00,1.87
2016.10.26 16:40:43.680,0.80035,0.80041,1.00,1.00
2016.10.26 16:40:45.625,0.80035,0.80039,1.00,1.00
2016.10.26 16:40:48.285,0.80035,0.80042,1.00,1.00
2016.10.26 16:40:48.666,0.80037,0.80043,1.00,1.00
2016.10.26 16:40:49.086,0.80037,0.80045,1.00,1.50
2016.10.26 16:40:52.904,0.80038,0.80047,1.50,2.25
2016.10.26 16:40:53.831,0.80039,0.80047,1.00,1.12
2016.10.26 16:40:54.164,0.80041,0.80047,1.00,1.00
2016.10.26 16:40:54.983,0.80041,0.80049,1.00,1.00
2016.10.26 16:40:55.232,0.80041,0.80047,1.00,1.00
2016.10.26 16:40:55.284,0.80041,0.80049,1.00,1.00
2016.10.26 16:40:55.791,0.80042,0.80049,1.00,1.00
2016.10.26 16:40:56.473,0.80042,0.80047,1.00,1.00
2016.10.26 16:40:57.625,0.80042,0.80048,1.00,1.00
2016.10.26 16:41:00.618,0.80038,0.80047,2.62,1.00
2016.10.26 16:41:01.131,0.80038,0.80046,1.50,1.00
2016.10.26 16:41:03.126,0.80039,0.80046,1.00,1.00
2016.10.26 16:41:07.581,0.80039,0.80045,1.00,1.00
2016.10.26 16:41:14.292,0.80039,0.80046,1.50,1.00
2016.10.26 16:41:18.732,0.80043,0.80047,1.00,1.00
2016.10.26 16:41:18.897,0.80043,0.80047,1.00,1.00
2016.10.26 16:41:20.414,0.80044,0.8005,1.50,1.00
2016.10.26 16:41:20.975,0.80045,0.80051,1.00,1.00
2016.10.26 16:41:25.308,0.80048,0.80053,1.00,1.00
2016.10.26 16:41:25.563,0.80046,0.80053,1.00,1.00
2016.10.26 16:41:25.665,0.80046,0.80051,1.00,1.00
2016.10.26 16:41:27.814,0.80048,0.80054,1.00,1.00
2016.10.26 16:41:27.865,0.80048,0.80054,1.00,1.00
2016.10.26 16:41:28.375,0.80047,0.80054,1.00,1.00
2016.10.26 16:41:28.818,0.80046,0.80054,1.50,1.00
2016.10.26 16:41:32.002,0.80048,0.80053,1.00,1.00
2016.10.26 16:41:32.256,0.80047,0.80051,1.00,1.00
2016.10.26 16:41:32.308,0.80046,0.80053,2.62,1.00
2016.10.26 16:41:32.511,0.80048,0.80055,1.00,1.00
2016.10.26 16:41:32.817,0.80048,0.80053,1.00,1.00
2016.10.26 16:41:33.290,0.80048,0.80055,1.50,1.00
2016.10.26 16:41:35.205,0.80049,0.80055,1.00,1.00
2016.10.26 16:41:35.313,0.80051,0.80058,1.00,1.00
2016.10.26 16:41:35.414,0.80051,0.80056,1.00,1.00
2016.10.26 16:41:35.517,0.80049,0.80056,1.50,1.00
2016.10.26 16:41:36.314,0.80049,0.80055,1.00,1.00
2016.10.26 16:41:36.967,0.80048,0.80054,1.00,1.00
2016.10.26 16:41:40.162,0.8005,0.80054,1.00,1.00
2016.10.26 16:41:41.024,0.80049,0.80054,1.00,1.00
2016.10.26 16:41:42.042,0.80052,0.80056,1.00,1.00
2016.10.26 16:41:42.094,0.80052,0.80058,1.00,1.00
2016.10.26 16:41:42.145,0.8005,0.80056,1.87,1.00
2016.10.26 16:41:42.675,0.8005,0.80055,1.00,1.00
2016.10.26 16:41:43.179,0.80049,0.80055,1.00,1.00
2016.10.26 16:41:44.136,0.80049,0.80056,1.00,1.00
2016.10.26 16:41:44.679,0.80051,0.80056,1.00,1.00
2016.10.26 16:41:45.017,0.80054,0.80059,1.00,1.12
2016.10.26 16:41:45.505,0.80054,0.80062,1.00,1.00
2016.10.26 16:41:45.556,0.80059,0.80063,1.00,1.50
2016.10.26 16:41:45.658,0.8006,0.80066,1.00,1.12
2016.10.26 16:41:45.709,0.8006,0.80064,1.00,1.00
2016.10.26 16:41:46.444,0.80059,0.80063,1.50,1.00
2016.10.26 16:41:47.484,0.8006,0.80064,1.00,1.00
2016.10.26 16:41:48.085,0.80059,0.80063,1.50,1.00
2016.10.26 16:41:48.631,0.8006,0.80064,1.00,1.00
2016.10.26 16:41:49.543,0.8006,0.80065,1.00,1.00
2016.10.26 16:41:50.656,0.80059,0.80063,1.00,1.00
2016.10.26 16:41:51.457,0.80057,0.80061,1.00,1.00
2016.10.26 16:41:51.509,0.80055,0.80059,1.00,1.00
2016.10.26 16:41:52.171,0.80055,0.80061,1.00,1.00
2016.10.26 16:41:53.257,0.80055,0.8006,1.50,1.00
2016.10.26 16:41:54.110,0.80053,0.80059,1.37,1.00
2016.10.26 16:41:54.751,0.80053,0.80059,1.00,1.00
2016.10.26 16:41:55.839,0.80054,0.80062,1.00,1.00
2016.10.26 16:41:55.891,0.80054,0.8006,1.00,1.00
2016.10.26 16:41:56.929,0.80054,0.80061,1.00,1.00
2016.10.26 16:41:58.109,0.80054,0.80059,1.00,1.00
2016.10.26 16:41:58.617,0.80053,0.80058,1.00,1.00
2016.10.26 16:42:00.001,0.80053,0.80059,1.00,1.00
2016.10.26 16:42:00.306,0.80049,0.80054,1.00,1.00
2016.10.26 16:42:00.812,0.80049,0.80053,1.00,1.00
2016.10.26 16:42:01.134,0.80047,0.80054,1.00,1.00
2016.10.26 16:42:01.337,0.80047,0.80052,1.00,1.00
2016.10.26 16:42:01.847,0.80046,0.80052,1.50,1.00
2016.10.26 16:42:03.261,0.80046,0.8005,1.50,1.00
2016.10.26 16:42:09.572,0.80045,0.80053,1.25,1.00
2016.10.26 16:42:09.953,0.80048,0.80052,1.00,1.00
2016.10.26 16:42:10.004,0.80048,0.80054,1.00,1.00
2016.10.26 16:42:11.727,0.80049,0.80055,1.50,1.00
2016.10.26 16:42:15.202,0.80048,0.80054,1.00,1.00
2016.10.26 16:42:15.900,0.80048,0.80055,1.00,1.00
2016.10.26 16:42:17.961,0.8005,0.80056,1.50,1.00
2016.10.26 16:42:19.057,0.8005,0.80058,1.50,1.00
2016.10.26 16:42:19.108,0.80054,0.80059,1.00,1.00
2016.10.26 16:42:19.544,0.80051,0.80059,1.12,1.00
2016.10.26 16:42:19.616,0.80051,0.80056,1.00,1.00
2016.10.26 16:42:19.933,0.80051,0.80058,1.00,1.00
2016.10.26 16:42:19.984,0.80051,0.80056,1.00,1.00
2016.10.26 16:42:20.524,0.8005,0.80056,1.87,1.00
2016.10.26 16:42:21.444,0.80049,0.80056,1.50,1.00
2016.10.26 16:42:21.748,0.80049,0.80054,1.00,1.00
2016.10.26 16:42:22.605,0.80048,0.80054,1.50,1.00
2016.10.26 16:42:24.223,0.80049,0.80054,1.00,1.00
2016.10.26 16:42:27.728,0.80049,0.80056,1.50,1.00
2016.10.26 16:42:27.830,0.80051,0.80056,1.00,1.00
2016.10.26 16:42:28.726,0.8005,0.80056,1.00,1.00
2016.10.26 16:42:30.343,0.80044,0.80048,1.50,1.00
2016.10.26 16:42:30.870,0.80043,0.80047,1.50,1.00
2016.10.26 16:42:31.247,0.80042,0.80047,1.50,1.00
2016.10.26 16:42:35.481,0.80043,0.80047,1.00,1.00
2016.10.26 16:42:41.075,0.80044,0.80048,1.00,1.50
2016.10.26 16:42:43.114,0.80044,0.80048,1.00,1.00
2016.10.26 16:42:43.629,0.80043,0.80047,1.00,1.00
2016.10.26 16:42:45.195,0.80044,0.80049,1.19,1.00
2016.10.26 16:42:45.247,0.80046,0.80052,1.56,2.25
2016.10.26 16:42:45.501,0.80047,0.80053,1.00,1.00
2016.10.26 16:42:45.864,0.80042,0.80047,1.00,1.00
2016.10.26 16:42:47.301,0.80041,0.80047,1.00,1.00
2016.10.26 16:42:48.873,0.8004,0.80047,1.00,1.00
2016.10.26 16:42:50.349,0.80041,0.80047,1.00,1.00
2016.10.26 16:42:51.494,0.80041,0.80046,1.00,1.00
2016.10.26 16:42:52.104,0.80041,0.80047,1.00,1.00
2016.10.26 16:42:54.611,0.80042,0.80047,1.00,1.00
2016.10.26 16:43:00.183,0.80043,0.80047,1.00,1.00
2016.10.26 16:43:01.760,0.80041,0.80046,1.00,1.00
2016.10.26 16:43:05.859,0.8004,0.80046,1.00,1.50
2016.10.26 16:43:06.574,0.80041,0.80046,1.00,1.50
2016.10.26 16:43:07.264,0.8004,0.80046,1.00,1.50
2016.10.26 16:43:08.993,0.80038,0.80046,1.50,1.50
2016.10.26 16:43:16.127,0.80039,0.80046,1.00,1.50
2016.10.26 16:43:20.841,0.80037,0.80043,1.00,1.00
2016.10.26 16:43:21.145,0.80039,0.80043,1.00,1.50
2016.10.26 16:43:21.361,0.80039,0.80045,1.00,1.00
2016.10.26 16:43:23.415,0.8004,0.80045,1.00,1.00
2016.10.26 16:43:25.443,0.80041,0.80046,1.00,1.00
2016.10.26 16:43:25.697,0.80042,0.80048,1.00,1.00
2016.10.26 16:43:25.885,0.80044,0.80048,1.00,1.00
2016.10.26 16:43:27.215,0.80043,0.80048,1.00,1.00
2016.10.26 16:43:27.722,0.80043,0.80049,1.12,1.00
2016.10.26 16:43:28.556,0.80044,0.80049,1.00,1.00
2016.10.26 16:43:31.900,0.80043,0.80049,1.12,1.00
2016.10.26 16:43:35.954,0.80044,0.80049,1.00,1.00
2016.10.26 16:43:36.276,0.80042,0.80047,1.87,1.00
2016.10.26 16:43:36.429,0.80038,0.80044,1.50,1.00
2016.10.26 16:43:36.733,0.8004,0.80044,1.00,1.00
2016.10.26 16:43:37.559,0.80038,0.80044,1.50,1.00
2016.10.26 16:43:38.118,0.80038,0.80043,1.00,1.00
2016.10.26 16:43:38.444,0.80038,0.80045,1.50,1.50
2016.10.26 16:43:39.089,0.80039,0.80045,1.00,1.50
2016.10.26 16:43:39.604,0.80038,0.80045,1.00,1.50
2016.10.26 16:43:40.892,0.80038,0.80043,1.50,1.00
2016.10.26 16:43:44.407,0.80038,0.80045,1.50,1.50
2016.10.26 16:43:44.941,0.8004,0.80045,1.00,1.50
2016.10.26 16:43:45.209,0.80038,0.80044,1.87,1.00
2016.10.26 16:43:45.548,0.8004,0.80044,1.00,1.00
2016.10.26 16:43:48.201,0.8004,0.80045,1.00,1.50
2016.10.26 16:43:48.252,0.80038,0.80045,1.87,1.50
2016.10.26 16:43:49.111,0.80037,0.80043,1.00,1.00
2016.10.26 16:43:49.820,0.80038,0.80043,1.00,1.00
2016.10.26 16:43:50.746,0.80036,0.80041,1.00,1.00
2016.10.26 16:43:51.204,0.80034,0.80038,1.00,1.00
2016.10.26 16:43:51.255,0.80034,0.80038,1.00,1.00
2016.10.26 16:43:51.763,0.80035,0.80039,1.00,1.00
2016.10.26 16:43:51.864,0.80033,0.80039,1.00,1.00
2016.10.26 16:43:52.426,0.80032,0.80039,1.00,1.00
2016.10.26 16:43:54.390,0.80032,0.80038,1.00,1.00
2016.10.26 16:43:54.974,0.80034,0.8004,1.00,1.50
2016.10.26 16:43:58.559,0.80033,0.80038,1.00,1.00
2016.10.26 16:43:58.662,0.80033,0.8004,1.50,1.50
2016.10.26 16:43:59.174,0.80034,0.8004,1.00,1.50
2016.10.26 16:44:00.348,0.80035,0.80042,1.00,1.69
2016.10.26 16:44:05.392,0.80035,0.80042,1.00,3.19
2016.10.26 16:44:06.402,0.80035,0.80042,1.00,1.69
2016.10.26 16:44:07.060,0.80036,0.80042,1.00,1.69
2016.10.26 16:44:09.557,0.80036,0.80042,1.00,1.69
2016.10.26 16:44:10.061,0.80036,0.80042,1.00,1.69
2016.10.26 16:44:11.070,0.80038,0.80045,1.50,2.06
2016.10.26 16:44:11.200,0.80042,0.80047,1.00,1.25
2016.10.26 16:44:11.758,0.80044,0.80048,1.00,1.69
2016.10.26 16:44:11.859,0.80044,0.80049,1.00,1.87
2016.10.26 16:44:12.427,0.80044,0.80048,1.00,1.00
2016.10.26 16:44:12.956,0.80044,0.80049,1.00,1.87
2016.10.26 16:44:13.058,0.80042,0.80049,1.00,1.87
2016.10.26 16:44:13.228,0.80044,0.80049,1.00,2.25
2016.10.26 16:44:15.646,0.80042,0.80049,1.00,1.00
2016.10.26 16:44:20.890,0.80042,0.8005,1.00,2.29
2016.10.26 16:44:22.189,0.80042,0.80049,1.00,1.00
2016.10.26 16:44:25.428,0.80043,0.80049,1.00,1.00
2016.10.26 16:44:25.530,0.80045,0.80051,1.00,1.00
2016.10.26 16:44:26.287,0.80047,0.80054,1.00,1.69
2016.10.26 16:44:26.389,0.80045,0.80054,2.25,2.44
2016.10.26 16:44:27.482,0.80046,0.80052,1.00,1.25
2016.10.26 16:44:28.777,0.80046,0.80054,2.25,1.00
2016.10.26 16:44:28.879,0.80049,0.80055,1.00,1.00
2016.10.26 16:44:29.183,0.80052,0.80058,1.00,1.19
2016.10.26 16:44:29.552,0.80052,0.80058,1.00,1.00
2016.10.26 16:44:30.199,0.80051,0.80058,1.00,1.00
2016.10.26 16:44:30.739,0.80051,0.80059,1.00,1.00
2016.10.26 16:44:35.329,0.80046,0.80055,2.25,1.00
2016.10.26 16:44:35.636,0.80046,0.80053,1.00,1.00
2016.10.26 16:44:35.687,0.80044,0.80053,1.50,1.00
2016.10.26 16:44:35.841,0.80046,0.80052,1.00,1.12
2016.10.26 16:44:36.633,0.80047,0.80055,1.00,3.56
2016.10.26 16:44:37.321,0.80048,0.80055,1.00,2.06
2016.10.26 16:44:37.373,0.80048,0.80055,1.00,1.69
2016.10.26 16:44:43.103,0.80047,0.80055,1.00,1.19
2016.10.26 16:44:43.613,0.80047,0.80055,1.00,3.56
2016.10.26 16:44:44.173,0.80046,0.80053,1.00,1.25
2016.10.26 16:44:50.469,0.80045,0.80053,1.00,1.69
2016.10.26 16:44:50.978,0.80046,0.80053,1.00,1.31
2016.10.26 16:44:52.765,0.80047,0.80053,1.00,1.25
2016.10.26 16:44:52.867,0.80049,0.80054,1.00,1.69
2016.10.26 16:44:53.375,0.80048,0.80054,1.00,1.31
2016.10.26 16:44:54.452,0.80048,0.80057,1.00,3.97
2016.10.26 16:44:55.357,0.8005,0.80057,1.00,1.87
2016.10.26 16:44:55.662,0.80052,0.8006,1.00,4.12
2016.10.26 16:44:56.234,0.80051,0.80058,1.00,2.25
2016.10.26 16:44:56.778,0.80051,0.80058,1.00,2.25
2016.10.26 16:44:57.354,0.8005,0.80057,1.00,1.12
2016.10.26 16:44:57.659,0.80052,0.8006,1.00,1.87
2016.10.26 16:44:58.608,0.80052,0.80059,1.00,1.00
2016.10.26 16:44:59.140,0.80051,0.80059,1.00,1.12
2016.10.26 16:44:59.242,0.80053,0.80059,1.00,1.87
2016.10.26 16:45:00.303,0.80052,0.80059,1.00,1.12
2016.10.26 16:45:00.409,0.80049,0.80057,1.00,1.00
2016.10.26 16:45:00.917,0.80048,0.80056,1.00,1.00
2016.10.26 16:45:01.726,0.80047,0.80055,1.50,1.00
2016.10.26 16:45:05.948,0.80048,0.80057,1.50,1.50
2016.10.26 16:45:06.050,0.8005,0.80057,1.50,1.00
2016.10.26 16:45:07.266,0.80048,0.80055,1.00,1.00
2016.10.26 16:45:10.174,0.80047,0.80055,1.50,1.00
2016.10.26 16:45:11.241,0.80047,0.80054,1.50,1.00
2016.10.26 16:45:11.773,0.80048,0.80055,1.00,1.00
2016.10.26 16:45:17.486,0.80048,0.80057,1.00,1.12
2016.10.26 16:45:18.256,0.80048,0.80055,1.00,1.00
2016.10.26 16:45:21.089,0.8005,0.80058,1.50,3.00
2016.10.26 16:45:21.378,0.80051,0.80059,1.00,1.00
2016.10.26 16:45:21.480,0.80053,0.8006,1.00,1.00
2016.10.26 16:45:23.095,0.80054,0.80063,1.00,1.00
2016.10.26 16:45:23.147,0.80056,0.80063,1.00,1.00
2016.10.26 16:45:23.250,0.80057,0.80065,1.00,1.12
2016.10.26 16:45:23.504,0.80058,0.80062,1.00,1.00
2016.10.26 16:45:23.555,0.80056,0.80063,1.12,1.00
2016.10.26 16:45:23.658,0.80054,0.80062,1.00,1.00
2016.10.26 16:45:24.176,0.80053,0.80061,1.50,1.00
2016.10.26 16:45:24.717,0.80054,0.80061,1.00,1.00
2016.10.26 16:45:26.082,0.80053,0.80061,1.12,1.00
2016.10.26 16:45:28.287,0.80054,0.80061,1.00,1.00
2016.10.26 16:45:28.793,0.80054,0.80061,1.87,1.00
2016.10.26 16:45:29.979,0.80054,0.80062,1.37,1.00
2016.10.26 16:45:30.183,0.80058,0.80062,1.00,1.00
2016.10.26 16:45:30.488,0.80056,0.80062,1.12,1.00
2016.10.26 16:45:31.172,0.80054,0.80062,1.00,1.00
2016.10.26 16:45:32.036,0.80054,0.80061,1.00,1.00
2016.10.26 16:45:32.853,0.80053,0.80061,1.50,1.00
2016.10.26 16:45:32.955,0.80054,0.80063,1.00,1.00
2016.10.26 16:45:33.006,0.80056,0.80064,1.00,1.00
2016.10.26 16:45:33.313,0.8006,0.80066,2.62,1.00
2016.10.26 16:45:34.407,0.8006,0.80067,1.00,1.00
2016.10.26 16:45:34.462,0.80056,0.80065,4.12,1.00
2016.10.26 16:45:34.767,0.80056,0.80063,2.62,1.00
2016.10.26 16:45:36.297,0.80056,0.80062,1.12,1.00
2016.10.26 16:45:36.704,0.80056,0.80064,1.12,1.00
2016.10.26 16:45:37.776,0.80056,0.80063,1.12,1.00
2016.10.26 16:45:38.288,0.80055,0.80064,3.75,1.00
2016.10.26 16:45:40.154,0.80056,0.80065,1.00,1.00
2016.10.26 16:45:40.356,0.80055,0.80063,2.62,1.00
2016.10.26 16:45:40.662,0.80053,0.80059,1.00,1.00
2016.10.26 16:45:42.295,0.80055,0.80063,1.00,1.00
2016.10.26 16:45:42.826,0.80056,0.80064,1.00,1.00
2016.10.26 16:45:44.702,0.80057,0.80064,1.00,1.00
2016.10.26 16:45:45.835,0.80057,0.80065,1.00,1.00
2016.10.26 16:45:46.699,0.80058,0.80065,1.00,1.00
2016.10.26 16:45:46.801,0.80055,0.80064,1.50,1.00
2016.10.26 16:45:47.005,0.80057,0.80064,1.00,1.00
2016.10.26 16:45:47.742,0.80057,0.80062,1.00,1.00
2016.10.26 16:45:47.793,0.80058,0.80064,1.00,1.00
2016.10.26 16:45:48.243,0.80058,0.80066,1.00,1.00
2016.10.26 16:45:48.446,0.80058,0.80064,1.00,1.00
2016.10.26 16:45:48.984,0.80057,0.80064,1.00,1.00
2016.10.26 16:45:49.503,0.80052,0.8006,1.37,1.00
2016.10.26 16:45:50.684,0.80053,0.80061,1.12,1.00
2016.10.26 16:45:51.160,0.80054,0.80063,1.87,1.00
2016.10.26 16:45:52.015,0.80056,0.80063,1.12,1.00
2016.10.26 16:45:55.479,0.80056,0.80062,1.00,1.00
2016.10.26 16:45:56.018,0.80055,0.80062,1.00,1.00
2016.10.26 16:45:56.621,0.80054,0.80062,1.00,1.00
2016.10.26 16:45:57.131,0.80054,0.80061,1.50,1.00
2016.10.26 16:45:58.704,0.80055,0.80061,1.00,1.00
2016.10.26 16:46:00.024,0.80053,0.80061,1.87,1.00
2016.10.26 16:46:00.581,0.80053,0.8006,1.87,1.00
2016.10.26 16:46:01.104,0.80051,0.8006,2.25,1.00
2016.10.26 16:46:02.196,0.80053,0.80062,1.00,1.69
2016.10.26 16:46:02.600,0.80055,0.80062,1.00,1.00
2016.10.26 16:46:02.911,0.80057,0.80063,1.00,1.00
2016.10.26 16:46:06.364,0.80055,0.80062,1.00,1.00
2016.10.26 16:46:06.567,0.80053,0.80061,1.00,1.00
2016.10.26 16:46:06.618,0.80054,0.80063,1.00,1.12
2016.10.26 16:46:06.720,0.80056,0.80063,1.00,1.00
2016.10.26 16:46:07.273,0.80058,0.80063,1.00,1.00
2016.10.26 16:46:09.652,0.80058,0.80064,1.00,1.00
2016.10.26 16:46:11.457,0.80057,0.80064,1.00,1.00
2016.10.26 16:46:12.012,0.80057,0.80066,1.00,1.19
2016.10.26 16:46:12.063,0.80058,0.80067,1.50,1.50
2016.10.26 16:46:12.592,0.80059,0.80068,1.00,1.69
2016.10.26 16:46:13.880,0.80058,0.80067,1.50,1.00
2016.10.26 16:46:14.362,0.80058,0.80065,1.00,1.00
2016.10.26 16:46:14.413,0.80056,0.80065,1.50,1.00
2016.10.26 16:46:14.566,0.80056,0.80063,1.00,1.00
2016.10.26 16:46:15.076,0.80057,0.80064,1.00,1.00
2016.10.26 16:46:16.963,0.80057,0.80065,1.00,1.00
2016.10.26 16:46:17.483,0.80056,0.80064,1.37,1.00
2016.10.26 16:46:17.909,0.80057,0.80066,1.12,1.00
2016.10.26 16:46:19.748,0.80058,0.80066,1.00,1.00
2016.10.26 16:46:20.254,0.80058,0.80067,1.87,1.00
2016.10.26 16:46:23.751,0.80056,0.80065,1.87,1.00
2016.10.26 16:46:24.058,0.80056,0.80063,1.00,1.00
2016.10.26 16:46:24.666,0.80055,0.80063,1.00,1.00
2016.10.26 16:46:25.181,0.80056,0.80064,1.00,1.00
2016.10.26 16:46:26.121,0.8006,0.80067,1.00,1.00
2016.10.26 16:46:26.598,0.80056,0.80065,1.50,1.00
2016.10.26 16:46:27.986,0.80057,0.80066,1.00,1.87
2016.10.26 16:46:29.081,0.80052,0.80059,1.87,1.00
2016.10.26 16:46:29.599,0.80053,0.8006,1.00,1.00
2016.10.26 16:46:31.381,0.80054,0.80063,1.50,1.00
2016.10.26 16:46:32.114,0.80056,0.80063,1.00,1.00
2016.10.26 16:46:32.165,0.80054,0.80063,2.62,1.00
2016.10.26 16:46:32.571,0.80054,0.80061,1.00,1.00
2016.10.26 16:46:32.672,0.80052,0.80061,1.00,1.00
2016.10.26 16:46:33.403,0.80053,0.80062,1.50,1.00
2016.10.26 16:46:34.179,0.80054,0.80062,1.00,1.00
2016.10.26 16:46:35.203,0.80054,0.80063,1.50,1.00
2016.10.26 16:46:35.305,0.80057,0.80065,1.00,2.06
2016.10.26 16:46:37.219,0.80056,0.80063,1.00,1.00
2016.10.26 16:46:37.371,0.80054,0.80063,1.50,1.00
2016.10.26 16:46:39.941,0.80053,0.80061,1.00,1.00
2016.10.26 16:46:43.508,0.80051,0.80056,1.12,1.00
2016.10.26 16:46:43.612,0.80049,0.80056,1.87,1.00
2016.10.26 16:46:45.998,0.8005,0.80057,1.12,1.00
2016.10.26 16:46:46.151,0.80052,0.80059,1.00,1.00
2016.10.26 16:46:46.990,0.80054,0.80059,1.00,1.00
2016.10.26 16:46:47.327,0.80051,0.80059,1.50,1.00
2016.10.26 16:46:47.480,0.8005,0.80058,1.12,1.00
2016.10.26 16:46:48.201,0.8005,0.80059,1.87,1.00
2016.10.26 16:46:48.927,0.8005,0.80058,1.00,1.00
2016.10.26 16:46:49.669,0.8005,0.80059,1.87,1.00
2016.10.26 16:46:52.588,0.8005,0.80058,1.12,1.00
2016.10.26 16:46:53.813,0.8005,0.80058,1.50,1.00
2016.10.26 16:46:54.515,0.8005,0.80058,1.00,1.00
2016.10.26 16:46:57.269,0.8005,0.80059,2.25,1.00
2016.10.26 16:46:59.791,0.8005,0.80055,2.25,1.00
2016.10.26 16:46:59.893,0.80048,0.80057,2.25,1.00
2016.10.26 16:47:00.048,0.80049,0.80058,5.25,1.00
2016.10.26 16:47:00.150,0.80049,0.80058,3.75,1.00
2016.10.26 16:47:00.673,0.80051,0.80058,1.00,1.00
2016.10.26 16:47:01.226,0.8005,0.80058,1.00,1.00
2016.10.26 16:47:03.282,0.80049,0.80058,1.12,1.00
2016.10.26 16:47:03.805,0.8005,0.80058,1.12,1.00
2016.10.26 16:47:09.057,0.8005,0.80056,1.50,1.00
2016.10.26 16:47:09.564,0.80049,0.80054,1.37,1.00
2016.10.26 16:47:09.717,0.80046,0.80052,1.12,1.00
2016.10.26 16:47:10.167,0.80049,0.80053,1.00,1.00
2016.10.26 16:47:10.450,0.80046,0.80052,1.00,1.00
2016.10.26 16:47:10.653,0.80044,0.80051,1.12,1.00
2016.10.26 16:47:11.479,0.80045,0.80051,1.00,1.00
2016.10.26 16:47:12.374,0.80044,0.80051,1.00,1.00
2016.10.26 16:47:13.470,0.80043,0.80049,1.00,1.00
2016.10.26 16:47:13.978,0.80043,0.8005,1.00,1.00
2016.10.26 16:47:14.539,0.80043,0.80049,1.00,1.00
2016.10.26 16:47:15.213,0.80043,0.8005,1.00,1.00
2016.10.26 16:47:22.788,0.80043,0.80048,1.00,1.00
2016.10.26 16:47:23.311,0.80043,0.80049,1.00,1.00
2016.10.26 16:47:25.302,0.80041,0.80049,1.00,1.00
2016.10.26 16:47:26.099,0.80042,0.80049,1.00,1.00
2016.10.26 16:47:26.897,0.80041,0.80049,1.00,1.00
2016.10.26 16:47:27.483,0.80042,0.80049,1.00,1.00
2016.10.26 16:47:28.123,0.80042,0.80047,1.00,1.00
2016.10.26 16:47:28.277,0.80038,0.80045,2.25,1.00
2016.10.26 16:47:28.581,0.80038,0.80047,1.50,1.00
2016.10.26 16:47:29.194,0.8004,0.80048,1.00,1.00
2016.10.26 16:47:29.780,0.80039,0.80048,1.87,1.00
2016.10.26 16:47:30.462,0.8004,0.80049,1.50,1.50
2016.10.26 16:47:36.052,0.8004,0.80047,1.50,1.00
2016.10.26 16:47:39.736,0.8004,0.80049,1.50,1.50
2016.10.26 16:47:45.417,0.8004,0.80047,1.00,1.00
2016.10.26 16:47:45.962,0.8004,0.80046,1.00,1.00
2016.10.26 16:47:46.753,0.80039,0.80047,1.00,1.00
2016.10.26 16:47:47.360,0.80039,0.80045,1.50,1.00
2016.10.26 16:47:49.697,0.8004,0.80047,1.00,1.00
2016.10.26 16:47:50.068,0.80038,0.80045,1.00,1.00
2016.10.26 16:47:50.373,0.80036,0.80042,1.00,1.00
2016.10.26 16:47:50.884,0.80036,0.80043,1.00,1.00
2016.10.26 16:47:51.492,0.80035,0.80043,1.00,1.00
2016.10.26 16:47:51.982,0.80034,0.8004,1.00,1.00
2016.10.26 16:47:52.236,0.80032,0.8004,1.00,1.00
2016.10.26 16:47:53.007,0.80032,0.80039,1.00,1.00
2016.10.26 16:47:53.883,0.80032,0.8004,1.00,1.00
2016.10.26 16:47:56.139,0.80032,0.80039,1.00,1.00
2016.10.26 16:47:56.240,0.8003,0.80038,1.00,1.00
2016.10.26 16:47:56.942,0.8003,0.80039,1.50,1.00
2016.10.26 16:47:57.362,0.80032,0.80038,1.00,1.00
2016.10.26 16:47:57.565,0.80031,0.8004,1.00,1.12
2016.10.26 16:47:58.071,0.80032,0.8004,1.00,1.00
2016.10.26 16:47:58.576,0.80031,0.8004,1.00,1.25
2016.10.26 16:48:02.891,0.80033,0.8004,1.00,1.25
2016.10.26 16:48:05.537,0.80031,0.8004,1.00,1.69
2016.10.26 16:48:06.059,0.80032,0.8004,1.00,1.31
2016.10.26 16:48:06.212,0.80035,0.8004,1.00,1.00
2016.10.26 16:48:06.467,0.80034,0.80043,1.00,2.06
2016.10.26 16:48:06.620,0.80036,0.80044,1.00,2.06
2016.10.26 16:48:07.136,0.80037,0.80044,1.00,1.19
2016.10.26 16:48:07.885,0.80038,0.80046,1.00,2.06
2016.10.26 16:48:08.037,0.80036,0.80044,1.00,1.31
2016.10.26 16:48:08.603,0.80037,0.80044,1.00,2.06
2016.10.26 16:48:08.857,0.80035,0.80044,1.00,1.69
2016.10.26 16:48:09.009,0.80035,0.80044,1.00,1.00
2016.10.26 16:48:09.060,0.80037,0.80046,1.00,2.44
2016.10.26 16:48:10.021,0.80039,0.80046,1.00,1.00
2016.10.26 16:48:11.430,0.80037,0.80046,1.00,1.00
2016.10.26 16:48:11.532,0.80037,0.80044,1.00,1.00
2016.10.26 16:48:11.837,0.80035,0.80044,1.50,1.50
2016.10.26 16:48:11.990,0.80035,0.80042,1.50,1.00
2016.10.26 16:48:12.478,0.80036,0.80044,1.00,1.00
2016.10.26 16:48:12.981,0.80036,0.80045,1.50,1.87
2016.10.26 16:48:13.909,0.80037,0.80046,1.00,1.50
2016.10.26 16:48:13.960,0.80039,0.80045,1.00,1.00
2016.10.26 16:48:14.411,0.80037,0.80044,1.00,1.00
2016.10.26 16:48:14.462,0.80035,0.80044,1.50,1.50
2016.10.26 16:48:15.870,0.80035,0.80043,1.00,1.00
2016.10.26 16:48:16.244,0.80033,0.80042,1.50,1.00
2016.10.26 16:48:16.752,0.80034,0.80043,1.00,2.25
2016.10.26 16:48:17.374,0.80033,0.80042,1.00,1.00
2016.10.26 16:48:17.426,0.80031,0.80041,1.87,1.00
2016.10.26 16:48:17.477,0.80031,0.80039,1.00,1.00
2016.10.26 16:48:24.861,0.80038,0.80043,1.00,1.87
2016.10.26 16:48:25.331,0.80038,0.80044,1.00,1.00
2016.10.26 16:48:25.764,0.80038,0.80046,1.00,1.00
2016.10.26 16:48:26.284,0.80038,0.80045,1.00,1.00
2016.10.26 16:48:27.312,0.80038,0.80046,1.12,1.00
2016.10.26 16:48:27.880,0.80038,0.80044,1.50,1.00
2016.10.26 16:48:27.931,0.80038,0.80046,1.00,1.00
2016.10.26 16:48:28.441,0.80039,0.80046,1.00,1.00
2016.10.26 16:48:28.850,0.80037,0.80044,1.00,1.12
2016.10.26 16:48:29.158,0.80035,0.80041,1.00,1.00
2016.10.26 16:48:29.660,0.80036,0.80041,1.00,1.00
2016.10.26 16:48:30.721,0.80033,0.80041,1.12,1.00
2016.10.26 16:48:30.835,0.80033,0.80039,1.00,1.00
2016.10.26 16:48:31.344,0.80032,0.80039,1.50,1.00
2016.10.26 16:48:32.100,0.80035,0.80041,1.12,1.00
2016.10.26 16:48:32.607,0.80036,0.8004,1.00,1.00
2016.10.26 16:48:33.132,0.80035,0.8004,1.50,1.00
2016.10.26 16:48:34.292,0.80033,0.8004,1.00,1.00
2016.10.26 16:48:34.799,0.80032,0.8004,1.00,1.00
2016.10.26 16:48:36.594,0.80036,0.80042,1.00,1.00
2016.10.26 16:48:37.097,0.80036,0.80045,1.50,1.00
2016.10.26 16:48:38.187,0.80035,0.80044,1.50,1.00
2016.10.26 16:48:38.641,0.80037,0.80044,1.00,1.00
2016.10.26 16:48:38.947,0.80037,0.80046,1.00,1.00
2016.10.26 16:48:39.343,0.80036,0.80042,1.12,1.00
2016.10.26 16:48:39.859,0.80035,0.80042,1.12,1.00
2016.10.26 16:48:40.366,0.80034,0.80041,1.00,1.00
2016.10.26 16:48:41.776,0.80035,0.80044,1.00,1.50
2016.10.26 16:48:42.326,0.80036,0.80045,1.50,1.00
2016.10.26 16:48:45.435,0.80037,0.80046,1.00,1.00
2016.10.26 16:48:46.293,0.80037,0.80045,1.00,1.00
2016.10.26 16:48:47.582,0.80038,0.80047,1.00,1.69
2016.10.26 16:48:48.035,0.80037,0.80045,1.87,1.00
2016.10.26 16:48:48.542,0.80039,0.80046,1.00,1.00
2016.10.26 16:48:48.746,0.80041,0.80049,1.00,1.12
2016.10.26 16:48:48.900,0.80039,0.80048,1.87,1.00
2016.10.26 16:48:49.002,0.80039,0.80046,1.00,1.00
2016.10.26 16:48:53.441,0.80038,0.80046,1.00,1.00
2016.10.26 16:48:54.130,0.80037,0.80045,1.50,1.00
2016.10.26 16:48:54.435,0.80034,0.80041,1.12,1.00
2016.10.26 16:48:55.002,0.80034,0.80039,1.00,1.00
2016.10.26 16:48:55.080,0.80031,0.80039,1.50,1.00
2016.10.26 16:48:55.182,0.80033,0.80041,1.00,1.50
2016.10.26 16:48:55.487,0.80035,0.80043,1.12,1.00
2016.10.26 16:48:56.110,0.80036,0.80043,1.00,1.00
2016.10.26 16:48:56.617,0.80037,0.80044,1.12,1.00
2016.10.26 16:48:57.714,0.80037,0.80043,1.00,1.00
2016.10.26 16:48:58.222,0.80038,0.80043,1.00,1.00
2016.10.26 16:48:58.653,0.80038,0.80045,1.00,1.00
2016.10.26 16:48:59.188,0.80037,0.80045,1.00,1.00
2016.10.26 16:48:59.239,0.80037,0.80043,1.00,1.00
2016.10.26 16:48:59.748,0.80037,0.80044,1.00,1.00
2016.10.26 16:49:00.683,0.80038,0.80044,1.00,1.00
2016.10.26 16:49:02.161,0.80039,0.80046,1.00,1.00
2016.10.26 16:49:02.831,0.80039,0.80044,1.00,1.00
2016.10.26 16:49:03.333,0.80038,0.80044,1.00,1.00
2016.10.26 16:49:03.942,0.80037,0.80044,1.00,1.00
2016.10.26 16:49:04.493,0.80037,0.80043,1.00,1.00
2016.10.26 16:49:05.779,0.80036,0.80043,1.00,1.00
2016.10.26 16:49:06.085,0.80034,0.80041,1.50,1.00
2016.10.26 16:49:06.594,0.80034,0.8004,1.12,1.00
2016.10.26 16:49:08.829,0.80034,0.80039,1.00,1.00
2016.10.26 16:49:10.485,0.80034,0.8004,1.00,1.00
2016.10.26 16:49:11.004,0.8003,0.80035,1.87,1.00
2016.10.26 16:49:12.033,0.8003,0.80036,1.00,1.00
2016.10.26 16:49:12.085,0.80028,0.80035,1.87,1.00
2016.10.26 16:49:12.592,0.80029,0.80036,1.00,1.00
2016.10.26 16:49:12.845,0.8003,0.80038,1.00,1.00
2016.10.26 16:49:12.896,0.80032,0.80039,1.00,1.00
2016.10.26 16:49:13.403,0.80033,0.80039,1.00,1.00
2016.10.26 16:49:14.190,0.80032,0.80039,1.00,1.00
2016.10.26 16:49:14.698,0.80033,0.80039,1.00,1.00
2016.10.26 16:49:15.688,0.80033,0.80038,1.00,1.00
2016.10.26 16:49:15.790,0.8003,0.80037,1.50,1.00
2016.10.26 16:49:16.796,0.80031,0.80038,1.00,1.00
2016.10.26 16:49:17.184,0.80032,0.8004,1.00,1.12
2016.10.26 16:49:18.551,0.80035,0.80041,1.12,1.00
2016.10.26 16:49:18.653,0.80035,0.80043,1.12,1.00
2016.10.26 16:49:18.755,0.80038,0.80043,1.00,1.00
2016.10.26 16:49:18.908,0.80035,0.80043,1.87,1.00
2016.10.26 16:49:19.391,0.80035,0.80042,1.87,1.00
2016.10.26 16:49:19.442,0.80037,0.80044,1.37,1.00
2016.10.26 16:49:19.494,0.80037,0.80044,1.12,1.00
2016.10.26 16:49:19.597,0.80038,0.80046,1.12,1.00
2016.10.26 16:49:20.852,0.8004,0.80046,1.12,1.00
2016.10.26 16:49:21.107,0.80041,0.80048,1.87,1.00
2016.10.26 16:49:22.503,0.80041,0.80047,1.37,1.00
2016.10.26 16:49:22.657,0.8004,0.80047,1.00,1.00
2016.10.26 16:49:22.759,0.80041,0.80049,1.00,1.50
2016.10.26 16:49:24.605,0.80042,0.80048,1.00,1.00
2016.10.26 16:49:25.796,0.80039,0.80047,1.12,1.50
2016.10.26 16:49:26.546,0.80039,0.80046,1.12,1.00
2016.10.26 16:49:28.225,0.80041,0.80046,1.00,1.00
2016.10.26 16:49:28.276,0.80041,0.80048,1.00,1.00
2016.10.26 16:49:28.328,0.80043,0.80049,1.12,1.12
2016.10.26 16:49:28.711,0.80043,0.80051,1.50,1.00
2016.10.26 16:49:29.235,0.80045,0.80052,1.00,1.00
2016.10.26 16:49:29.901,0.80044,0.80052,1.37,1.19
2016.10.26 16:49:30.013,0.80043,0.80049,1.12,1.00
2016.10.26 16:49:30.534,0.80042,0.8005,1.12,2.06
2016.10.26 16:49:30.890,0.80044,0.8005,1.00,1.12
2016.10.26 16:49:31.278,0.80044,0.80052,1.87,1.00
2016.10.26 16:49:31.786,0.80045,0.80053,1.12,1.00
2016.10.26 16:49:32.820,0.80045,0.80052,1.87,1.00
2016.10.26 16:49:33.776,0.80045,0.80054,1.87,2.44
2016.10.26 16:49:34.337,0.80045,0.80054,1.87,2.81
2016.10.26 16:49:35.044,0.80045,0.80054,1.87,2.44
2016.10.26 16:49:36.980,0.80045,0.80053,1.87,1.69
2016.10.26 16:49:37.683,0.80045,0.80053,1.12,2.06
2016.10.26 16:49:38.769,0.80044,0.80051,1.00,1.12
2016.10.26 16:49:39.289,0.80045,0.80051,1.00,1.87
2016.10.26 16:49:42.511,0.80043,0.8005,1.00,1.50
2016.10.26 16:49:43.257,0.80043,0.80049,1.00,1.00
2016.10.26 16:49:43.972,0.80044,0.8005,1.00,1.12
2016.10.26 16:49:44.399,0.80042,0.80048,1.50,1.00
2016.10.26 16:49:44.886,0.8004,0.80048,1.00,1.00
2016.10.26 16:49:45.337,0.80042,0.80048,1.00,1.00
2016.10.26 16:49:45.590,0.80042,0.8005,1.12,1.12
2016.10.26 16:49:46.969,0.80042,0.8005,1.12,1.37
2016.10.26 16:49:47.434,0.8004,0.80048,1.00,1.00
2016.10.26 16:49:47.663,0.80042,0.80048,1.00,1.00
2016.10.26 16:49:47.714,0.80043,0.8005,1.00,1.87
2016.10.26 16:49:48.221,0.80043,0.80051,1.00,1.00
2016.10.26 16:49:49.025,0.80043,0.8005,1.00,1.00
2016.10.26 16:49:54.972,0.80044,0.8005,1.50,1.00
2016.10.26 16:49:55.058,0.80045,0.80054,1.00,1.00
2016.10.26 16:49:55.565,0.80046,0.80053,1.00,1.50
2016.10.26 16:49:56.632,0.80049,0.80056,1.00,1.00
2016.10.26 16:49:56.936,0.80049,0.80058,1.87,1.00
2016.10.26 16:49:57.442,0.80049,0.80058,1.50,1.00
2016.10.26 16:49:58.602,0.80049,0.80057,1.00,1.00
2016.10.26 16:49:58.703,0.80051,0.80057,1.00,1.00
2016.10.26 16:49:58.754,0.80049,0.80057,1.00,1.00
2016.10.26 16:49:59.380,0.8005,0.80057,1.00,1.00
2016.10.26 16:50:00.351,0.8005,0.80056,1.00,1.00
2016.10.26 16:50:00.895,0.80048,0.80056,1.00,1.19
2016.10.26 16:50:00.997,0.80045,0.80054,1.50,1.50
2016.10.26 16:50:01.507,0.80046,0.80053,1.00,1.00
2016.10.26 16:50:02.839,0.80046,0.80052,1.00,1.00
2016.10.26 16:50:03.379,0.80045,0.80052,1.00,1.00
2016.10.26 16:50:04.026,0.80044,0.80051,1.00,1.00
2016.10.26 16:50:04.229,0.80042,0.80049,1.00,1.50
2016.10.26 16:50:04.382,0.8004,0.80049,1.00,1.50
2016.10.26 16:50:05.091,0.80039,0.80048,1.00,1.50
2016.10.26 16:50:05.243,0.80041,0.80048,1.00,1.50
2016.10.26 16:50:05.926,0.8004,0.80048,1.00,1.00
2016.10.26 16:50:06.659,0.80039,0.80047,1.50,1.00
2016.10.26 16:50:07.166,0.80039,0.80048,1.00,1.50
2016.10.26 16:50:08.123,0.80038,0.80046,1.00,1.00
2016.10.26 16:50:08.625,0.80037,0.80046,1.50,1.50
2016.10.26 16:50:09.005,0.80039,0.80046,1.00,1.50
2016.10.26 16:50:09.565,0.80039,0.80047,1.00,1.00
2016.10.26 16:50:10.437,0.80039,0.80046,1.00,1.00
2016.10.26 16:50:10.779,0.8004,0.80048,1.00,1.50
2016.10.26 16:50:11.545,0.80041,0.80049,1.00,1.00
2016.10.26 16:50:12.052,0.80041,0.80048,1.00,1.00
2016.10.26 16:50:12.714,0.8004,0.80048,1.00,1.00
2016.10.26 16:50:12.919,0.80042,0.80048,1.00,1.00
2016.10.26 16:50:13.929,0.80039,0.80048,1.00,1.50
2016.10.26 16:50:14.514,0.80039,0.80047,1.00,1.50
2016.10.26 16:50:15.253,0.80041,0.80048,1.00,1.00
2016.10.26 16:50:15.459,0.80044,0.80053,1.00,2.25
2016.10.26 16:50:15.561,0.80043,0.80051,1.00,1.00
2016.10.26 16:50:16.365,0.80041,0.8005,1.50,1.00
2016.10.26 16:50:19.023,0.80041,0.80049,1.87,1.00
2016.10.26 16:50:19.533,0.8004,0.80048,1.00,1.50
2016.10.26 16:50:19.878,0.80043,0.80048,1.00,1.00
2016.10.26 16:50:19.951,0.80047,0.80053,1.00,1.12
2016.10.26 16:50:20.846,0.80048,0.80053,1.12,1.00
2016.10.26 16:50:20.897,0.80052,0.80058,1.00,1.19
2016.10.26 16:50:21.404,0.80052,0.80058,1.00,1.00
2016.10.26 16:50:21.557,0.80052,0.8006,1.00,1.00
2016.10.26 16:50:21.760,0.80052,0.80058,1.00,1.00
2016.10.26 16:50:22.566,0.80052,0.80059,1.00,1.00
2016.10.26 16:50:23.227,0.8005,0.80057,1.00,1.00
2016.10.26 16:50:23.988,0.8005,0.80056,1.00,1.00
2016.10.26 16:50:25.442,0.8005,0.80055,1.00,1.00
2016.10.26 16:50:25.573,0.8005,0.80059,1.00,2.06
2016.10.26 16:50:25.777,0.80049,0.80056,1.00,1.00
2016.10.26 16:50:26.521,0.80048,0.80056,1.00,1.00
2016.10.26 16:50:27.044,0.80049,0.80055,1.00,1.00
2016.10.26 16:50:27.871,0.80047,0.80053,1.00,1.00
2016.10.26 16:50:27.923,0.80044,0.80053,3.37,1.50
2016.10.26 16:50:28.387,0.80043,0.80052,1.12,1.00
2016.10.26 16:50:28.439,0.80045,0.80053,1.00,1.50
2016.10.26 16:50:30.084,0.80046,0.80053,1.00,1.00
2016.10.26 16:50:30.733,0.80044,0.80053,1.00,1.50
2016.10.26 16:50:33.979,0.80045,0.8005,1.00,1.00
2016.10.26 16:50:34.839,0.80044,0.8005,1.00,1.00
2016.10.26 16:50:37.044,0.80046,0.8005,1.00,1.00
2016.10.26 16:50:37.691,0.80046,0.80051,1.00,1.00
2016.10.26 16:50:38.090,0.80048,0.80052,1.00,1.00
2016.10.26 16:50:38.141,0.80048,0.80055,1.00,1.00
2016.10.26 16:50:38.827,0.80048,0.80054,1.00,1.00
2016.10.26 16:50:40.090,0.80045,0.80051,2.62,1.00
2016.10.26 16:50:41.066,0.80045,0.80051,1.87,1.00
2016.10.26 16:50:43.419,0.80043,0.80048,1.87,1.00
2016.10.26 16:50:43.783,0.80043,0.8005,1.87,1.00
2016.10.26 16:50:44.127,0.80044,0.80052,1.50,1.00
2016.10.26 16:50:44.918,0.80045,0.80052,1.12,1.00
2016.10.26 16:50:52.060,0.80046,0.80052,1.00,1.00
2016.10.26 16:50:52.676,0.80045,0.80052,1.00,1.00
2016.10.26 16:50:53.357,0.80044,0.80051,1.00,1.00
2016.10.26 16:50:53.409,0.80044,0.80049,1.00,1.00
2016.10.26 16:50:55.320,0.80042,0.80049,1.00,1.00
2016.10.26 16:50:57.050,0.80041,0.80049,2.25,1.00
2016.10.26 16:50:57.558,0.80041,0.80048,1.00,1.00
2016.10.26 16:50:58.234,0.8004,0.80048,1.50,1.00
2016.10.26 16:50:59.515,0.8004,0.80046,1.00,1.00
2016.10.26 16:51:00.093,0.80039,0.80046,2.25,1.00
2016.10.26 16:51:01.042,0.80042,0.80049,1.00,1.00
2016.10.26 16:51:01.553,0.80042,0.80048,1.00,1.00
2016.10.26 16:51:03.001,0.80043,0.80048,1.00,1.00
2016.10.26 16:51:03.531,0.80042,0.80048,1.00,1.00
2016.10.26 16:51:04.960,0.80045,0.80049,1.00,1.00
2016.10.26 16:51:05.076,0.80046,0.80053,1.00,1.69
2016.10.26 16:51:05.591,0.80047,0.80053,1.00,1.69
2016.10.26 16:51:07.141,0.80048,0.80053,1.00,1.19
2016.10.26 16:51:08.750,0.80049,0.80054,1.00,1.69
2016.10.26 16:51:09.768,0.80051,0.80055,1.00,1.00
2016.10.26 16:51:09.908,0.80051,0.80057,1.00,1.25
2016.10.26 16:51:10.725,0.80053,0.80057,1.00,1.25
2016.10.26 16:51:11.285,0.80052,0.80058,1.00,4.69
2016.10.26 16:51:11.793,0.80051,0.80056,1.00,1.00
2016.10.26 16:51:12.329,0.80052,0.80057,1.00,2.44
2016.10.26 16:51:12.929,0.80053,0.80058,1.00,1.31
2016.10.26 16:51:14.314,0.80054,0.80058,1.00,1.25
2016.10.26 16:51:15.228,0.80056,0.8006,1.00,1.00
2016.10.26 16:51:15.725,0.80053,0.80058,1.00,1.56
2016.10.26 16:51:15.859,0.80051,0.80058,1.00,1.69
2016.10.26 16:51:16.183,0.80051,0.80055,1.00,1.00
2016.10.26 16:51:16.867,0.8005,0.80055,1.00,1.31
2016.10.26 16:51:16.969,0.80048,0.80055,1.00,1.25
2016.10.26 16:51:17.524,0.80047,0.80055,1.00,1.00
2016.10.26 16:51:20.816,0.80047,0.80055,1.00,1.62
2016.10.26 16:51:20.918,0.80045,0.80054,1.12,1.12
2016.10.26 16:51:21.468,0.80044,0.80053,1.00,1.00
2016.10.26 16:51:21.621,0.80046,0.80052,1.00,1.00
2016.10.26 16:51:23.191,0.80044,0.80051,1.00,1.00
2016.10.26 16:51:25.641,0.80044,0.80053,1.50,1.00
2016.10.26 16:51:25.714,0.80046,0.80053,1.00,1.00
2016.10.26 16:51:26.394,0.80046,0.80055,1.50,1.00
2016.10.26 16:51:27.873,0.80047,0.80055,1.00,1.00
2016.10.26 16:51:29.985,0.80047,0.80054,1.00,1.00
2016.10.26 16:51:31.404,0.80046,0.80052,1.00,1.00
2016.10.26 16:51:31.958,0.80045,0.80051,1.00,1.00
2016.10.26 16:51:32.885,0.80044,0.80051,1.00,1.00
2016.10.26 16:51:39.497,0.80041,0.80048,3.37,1.00
2016.10.26 16:51:39.650,0.80038,0.80045,2.62,1.00
2016.10.26 16:51:40.628,0.80037,0.80045,1.50,1.00
2016.10.26 16:51:41.541,0.80039,0.80046,1.00,1.00
2016.10.26 16:51:42.094,0.80038,0.80046,1.50,1.00
2016.10.26 16:51:42.680,0.80039,0.80046,1.00,1.00
2016.10.26 16:51:43.580,0.80038,0.80046,1.00,1.00
2016.10.26 16:51:43.930,0.8004,0.80046,1.00,1.00
2016.10.26 16:51:44.488,0.8004,0.80044,1.00,1.00
2016.10.26 16:51:45.012,0.8004,0.80046,1.00,1.00
2016.10.26 16:51:45.367,0.8004,0.80048,1.00,1.00
2016.10.26 16:51:45.627,0.80042,0.80048,1.00,1.00
2016.10.26 16:51:48.920,0.80041,0.80048,1.00,1.00
2016.10.26 16:51:49.326,0.80038,0.80045,3.37,1.00
2016.10.26 16:51:50.037,0.80039,0.80045,1.50,1.00
2016.10.26 16:51:51.499,0.80038,0.80043,1.00,1.00
2016.10.26 16:51:54.179,0.80038,0.80044,1.00,1.00
2016.10.26 16:51:54.954,0.80037,0.80042,1.00,1.00
2016.10.26 16:51:56.462,0.80037,0.80041,1.00,1.00
2016.10.26 16:51:57.023,0.80036,0.80041,1.00,1.00
2016.10.26 16:51:57.462,0.80038,0.80042,1.00,1.00
2016.10.26 16:51:58.352,0.80036,0.80042,1.00,1.00
2016.10.26 16:51:58.759,0.80033,0.80041,1.50,1.00
2016.10.26 16:51:58.811,0.80033,0.80038,1.00,1.00
2016.10.26 16:51:58.862,0.80031,0.80038,3.37,1.00
2016.10.26 16:51:59.377,0.80031,0.80037,2.25,1.00
2016.10.26 16:51:59.904,0.80032,0.80037,1.00,1.00
2016.10.26 16:52:01.652,0.80031,0.80037,2.25,1.00
2016.10.26 16:52:03.258,0.80031,0.80038,1.00,1.00
2016.10.26 16:52:03.861,0.8003,0.80039,1.50,1.00
2016.10.26 16:52:05.172,0.80031,0.80039,1.00,1.00
2016.10.26 16:52:05.976,0.8003,0.80039,2.62,1.00
2016.10.26 16:52:07.148,0.80031,0.80039,1.00,1.00
2016.10.26 16:52:07.671,0.80032,0.80039,1.00,1.00
2016.10.26 16:52:08.230,0.80031,0.80039,1.50,1.00
2016.10.26 16:52:08.750,0.80032,0.80037,1.00,1.00
2016.10.26 16:52:09.317,0.80032,0.80038,1.00,1.00
2016.10.26 16:52:10.518,0.80032,0.80039,1.00,1.00
2016.10.26 16:52:11.587,0.80034,0.80038,1.00,1.00
2016.10.26 16:52:12.113,0.80034,0.80039,1.00,1.00
2016.10.26 16:52:12.578,0.80031,0.80039,1.12,1.00
2016.10.26 16:52:13.483,0.80032,0.80039,1.00,1.00
2016.10.26 16:52:13.585,0.80036,0.80041,1.00,1.00
2016.10.26 16:52:14.277,0.80036,0.8004,1.00,1.00
2016.10.26 16:52:16.165,0.80036,0.80042,1.00,1.00
2016.10.26 16:52:16.706,0.80035,0.80042,1.50,1.00
2016.10.26 16:52:18.314,0.80036,0.80042,1.37,1.00
2016.10.26 16:52:18.840,0.80036,0.80043,1.00,1.00
2016.10.26 16:52:19.533,0.80037,0.80043,1.00,1.00
2016.10.26 16:52:22.580,0.80036,0.80044,1.50,1.00
2016.10.26 16:52:22.884,0.80039,0.80046,1.00,1.00
2016.10.26 16:52:23.383,0.80037,0.80046,2.25,1.00
2016.10.26 16:52:23.973,0.80039,0.80047,1.00,1.00
2016.10.26 16:52:24.942,0.80039,0.80045,1.00,1.00
2016.10.26 16:52:25.475,0.80038,0.80045,1.00,1.00
2016.10.26 16:52:26.028,0.80036,0.80045,2.25,1.00
2016.10.26 16:52:26.759,0.80036,0.80042,1.00,1.00
2016.10.26 16:52:27.069,0.80034,0.8004,1.00,1.00
2016.10.26 16:52:29.132,0.80032,0.8004,1.87,1.00
2016.10.26 16:52:29.710,0.80032,0.80039,1.00,1.00
2016.10.26 16:52:30.217,0.80032,0.80038,1.00,1.00
2016.10.26 16:52:30.724,0.80031,0.80038,1.50,1.00
2016.10.26 16:52:33.607,0.80031,0.80039,1.00,1.50
2016.10.26 16:52:34.465,0.8003,0.80039,1.50,1.00
2016.10.26 16:52:35.178,0.80031,0.80039,1.00,1.00
2016.10.26 16:52:35.229,0.80033,0.80039,1.00,1.00
2016.10.26 16:52:35.331,0.80034,0.80041,1.50,1.00
2016.10.26 16:52:35.873,0.80035,0.80041,1.00,1.00
2016.10.26 16:52:37.199,0.80033,0.80039,1.00,1.00
2016.10.26 16:52:38.700,0.80034,0.8004,1.00,1.00
2016.10.26 16:52:39.192,0.80034,0.80038,1.00,1.00
2016.10.26 16:52:39.244,0.80029,0.80036,1.37,1.00
2016.10.26 16:52:39.499,0.80031,0.80038,1.00,1.00
2016.10.26 16:52:39.834,0.80033,0.80038,1.00,1.00
2016.10.26 16:52:40.385,0.80032,0.80037,1.00,1.00
2016.10.26 16:52:40.984,0.80032,0.80038,1.00,1.00
2016.10.26 16:52:43.827,0.80032,0.80037,1.00,1.00
2016.10.26 16:52:43.929,0.8003,0.80036,1.00,1.00
2016.10.26 16:52:44.082,0.80028,0.80036,1.12,1.00
2016.10.26 16:52:44.387,0.80027,0.80034,1.00,1.00
2016.10.26 16:52:45.743,0.80026,0.80034,1.87,1.00
2016.10.26 16:52:46.563,0.80026,0.80033,1.50,1.00
2016.10.26 16:52:52.204,0.80024,0.80033,1.87,1.00
2016.10.26 16:52:52.256,0.80027,0.80034,1.00,1.00
2016.10.26 16:52:52.791,0.80028,0.80034,1.50,1.00
2016.10.26 16:52:53.225,0.80025,0.80034,2.62,1.00
2016.10.26 16:52:53.846,0.80025,0.80033,1.00,1.00
2016.10.26 16:52:54.447,0.80024,0.80033,1.50,1.00
2016.10.26 16:52:56.338,0.80024,0.8003,1.50,1.00
2016.10.26 16:52:57.753,0.80024,0.80032,1.00,1.00
2016.10.26 16:52:58.639,0.80022,0.80029,1.00,1.50
2016.10.26 16:52:58.691,0.80018,0.80026,1.00,1.00
2016.10.26 16:52:59.211,0.80017,0.80025,1.00,1.00
2016.10.26 16:53:00.555,0.80018,0.80026,1.00,1.50
2016.10.26 16:53:00.928,0.80017,0.80024,1.87,1.00
2016.10.26 16:53:04.946,0.80016,0.80024,1.50,1.00
2016.10.26 16:53:05.576,0.80015,0.8002,1.50,1.00
2016.10.26 16:53:06.020,0.80014,0.80018,1.12,1.00
2016.10.26 16:53:06.129,0.80014,0.8002,1.00,1.00
2016.10.26 16:53:06.659,0.80012,0.8002,1.37,1.00
2016.10.26 16:53:07.508,0.80014,0.8002,1.00,1.00
2016.10.26 16:53:09.334,0.80015,0.80021,1.50,1.00
2016.10.26 16:53:09.843,0.80015,0.80022,1.50,1.00
2016.10.26 16:53:10.414,0.80013,0.8002,1.00,1.00
2016.10.26 16:53:10.718,0.80014,0.80018,1.00,1.00
2016.10.26 16:53:11.713,0.80013,0.80018,1.00,1.00
2016.10.26 16:53:12.526,0.80011,0.80018,1.50,1.00
2016.10.26 16:53:16.254,0.8001,0.80018,3.00,1.00
2016.10.26 16:53:16.356,0.80012,0.80018,1.00,1.00
2016.10.26 16:53:16.893,0.80012,0.80019,1.00,1.00
2016.10.26 16:53:20.033,0.80012,0.80019,1.87,1.00
2016.10.26 16:53:20.657,0.80012,0.80019,1.00,1.00
2016.10.26 16:53:22.365,0.80014,0.8002,1.00,1.00
2016.10.26 16:53:22.671,0.80016,0.8002,1.00,1.00
2016.10.26 16:53:23.180,0.80015,0.80019,1.00,1.00
2016.10.26 16:53:23.674,0.80014,0.80019,1.00,1.00
2016.10.26 16:53:23.725,0.80014,0.80021,1.50,1.00
2016.10.26 16:53:24.448,0.80014,0.80022,1.50,1.00
2016.10.26 16:53:25.144,0.80016,0.80022,1.00,1.00
2016.10.26 16:53:25.727,0.80018,0.80023,1.00,1.00
2016.10.26 16:53:25.854,0.80018,0.80025,1.00,1.00
2016.10.26 16:53:26.399,0.80017,0.80025,2.25,1.00
2016.10.26 16:53:26.911,0.80018,0.80025,1.50,1.00
2016.10.26 16:53:27.881,0.80016,0.80025,2.25,1.00
2016.10.26 16:53:28.033,0.8002,0.80027,1.00,1.00
2016.10.26 16:53:28.338,0.80024,0.8003,1.00,1.00
2016.10.26 16:53:28.490,0.80021,0.8003,1.87,1.00
2016.10.26 16:53:28.542,0.80021,0.80028,1.87,1.00
2016.10.26 16:53:29.934,0.80023,0.8003,1.00,1.00
2016.10.26 16:53:30.864,0.80023,0.80032,1.50,1.00
2016.10.26 16:53:30.915,0.80027,0.80034,1.00,1.12
2016.10.26 16:53:31.474,0.80029,0.80034,1.00,1.12
2016.10.26 16:53:31.627,0.80031,0.80037,1.00,1.00
2016.10.26 16:53:32.170,0.8003,0.80037,1.00,1.00
2016.10.26 16:53:32.374,0.80032,0.80037,1.00,1.00
2016.10.26 16:53:32.732,0.8003,0.80037,1.00,1.00
2016.10.26 16:53:33.255,0.80031,0.80039,1.00,1.87
2016.10.26 16:53:35.601,0.80032,0.80038,1.00,1.12
2016.10.26 16:53:36.127,0.8003,0.80037,1.00,1.12
2016.10.26 16:53:36.670,0.8003,0.80036,1.00,1.12
2016.10.26 16:53:44.382,0.80032,0.80038,1.00,3.00
2016.10.26 16:53:45.192,0.80032,0.80038,1.00,1.50
2016.10.26 16:53:47.633,0.80031,0.80038,1.00,1.00
2016.10.26 16:53:48.142,0.80031,0.80037,1.00,1.00
2016.10.26 16:53:48.899,0.80031,0.80039,1.00,2.25
2016.10.26 16:53:49.203,0.80031,0.80036,1.00,1.37
2016.10.26 16:53:49.254,0.80029,0.80036,1.00,1.37
2016.10.26 16:53:51.913,0.80025,0.80033,1.00,1.00
2016.10.26 16:53:52.452,0.80027,0.80035,1.00,1.00
2016.10.26 16:53:53.043,0.80027,0.80033,1.00,1.00
2016.10.26 16:53:54.527,0.80026,0.80034,1.87,1.00
2016.10.26 16:53:54.680,0.80028,0.80036,1.00,1.00
2016.10.26 16:53:54.732,0.80029,0.80037,1.37,1.00
2016.10.26 16:53:55.038,0.80033,0.80039,1.00,1.00
2016.10.26 16:53:55.457,0.8003,0.80038,1.87,1.00
2016.10.26 16:53:56.113,0.80031,0.80038,1.00,1.00
2016.10.26 16:53:57.245,0.80031,0.80037,1.00,1.00
2016.10.26 16:53:57.752,0.8003,0.80036,1.00,1.00
2016.10.26 16:53:58.828,0.80029,0.80036,1.00,1.00
2016.10.26 16:53:59.182,0.80031,0.80037,1.00,1.25
2016.10.26 16:53:59.595,0.80027,0.80035,1.50,1.00
2016.10.26 16:54:00.102,0.80028,0.80035,1.00,1.00
2016.10.26 16:54:01.226,0.80028,0.80036,1.00,1.50
2016.10.26 16:54:01.771,0.80028,0.80035,1.00,1.00
2016.10.26 16:54:02.370,0.80027,0.80035,1.00,1.00
2016.10.26 16:54:02.827,0.8003,0.80037,1.00,1.00
2016.10.26 16:54:03.335,0.80031,0.80037,1.50,1.00
2016.10.26 16:54:03.914,0.8003,0.80038,1.00,1.00
2016.10.26 16:54:04.220,0.80028,0.80035,1.50,1.00
2016.10.26 16:54:05.732,0.80027,0.80035,1.00,1.00
2016.10.26 16:54:06.505,0.80026,0.80035,1.50,1.00
2016.10.26 16:54:07.012,0.80027,0.80036,1.00,1.00
2016.10.26 16:54:07.434,0.80028,0.80033,1.00,1.00
2016.10.26 16:54:07.739,0.80026,0.80031,1.00,1.00
2016.10.26 16:54:08.201,0.80026,0.80033,1.00,1.00
2016.10.26 16:54:08.738,0.80025,0.80032,1.00,1.00
2016.10.26 16:54:08.964,0.80026,0.80034,1.00,1.00
2016.10.26 16:54:09.168,0.80028,0.80037,1.12,1.00
2016.10.26 16:54:12.454,0.80028,0.80035,1.50,1.00
2016.10.26 16:54:16.738,0.80028,0.80036,2.25,1.00
2016.10.26 16:54:16.789,0.80032,0.80041,1.87,1.50
2016.10.26 16:54:16.874,0.80032,0.80038,1.12,1.00
2016.10.26 16:54:17.263,0.80028,0.80037,1.87,1.00
2016.10.26 16:54:17.628,0.8003,0.80037,1.00,1.00
2016.10.26 16:54:20.205,0.80029,0.80037,1.00,1.00
2016.10.26 16:54:21.031,0.8003,0.80037,1.00,1.00
2016.10.26 16:54:21.552,0.80029,0.80037,1.00,1.00
2016.10.26 16:54:23.391,0.80028,0.80037,1.87,1.00
2016.10.26 16:54:24.727,0.80029,0.80037,1.00,1.00
2016.10.26 16:54:25.725,0.80029,0.80038,1.50,1.00
2016.10.26 16:54:26.265,0.80029,0.80037,1.87,1.00
2016.10.26 16:54:29.848,0.8003,0.80037,1.00,1.00
2016.10.26 16:54:30.531,0.8003,0.80036,1.12,1.00
2016.10.26 16:54:31.211,0.8003,0.80037,1.00,1.00
2016.10.26 16:54:31.833,0.8003,0.80035,1.00,1.00
2016.10.26 16:54:32.340,0.80029,0.80035,1.00,1.00
2016.10.26 16:54:33.052,0.80027,0.80035,3.00,1.00
2016.10.26 16:54:33.778,0.80027,0.80035,2.25,1.00
2016.10.26 16:54:34.084,0.80026,0.80033,1.12,1.00
2016.10.26 16:54:34.931,0.80028,0.80035,2.25,1.00
2016.10.26 16:54:35.053,0.80029,0.80037,1.00,1.00
2016.10.26 16:54:46.657,0.80029,0.80036,1.00,1.00
2016.10.26 16:54:50.250,0.80028,0.80036,1.87,1.00
2016.10.26 16:54:50.758,0.80028,0.80036,1.87,1.00
2016.10.26 16:54:52.746,0.80027,0.80036,1.50,1.50
2016.10.26 16:54:52.797,0.80026,0.80032,1.00,1.00
2016.10.26 16:54:53.101,0.80025,0.80034,1.50,1.00
2016.10.26 16:54:53.624,0.80025,0.80034,1.87,1.00
2016.10.26 16:54:53.675,0.80029,0.80035,1.00,1.00
2016.10.26 16:54:54.433,0.8003,0.80036,1.12,1.00
2016.10.26 16:54:54.958,0.80032,0.80036,1.00,1.00
2016.10.26 16:54:55.111,0.80032,0.80038,1.00,1.50
2016.10.26 16:54:55.264,0.80029,0.80033,1.12,1.00
2016.10.26 16:54:55.701,0.80022,0.80029,1.00,1.00
2016.10.26 16:54:56.210,0.80021,0.80028,1.00,1.00
2016.10.26 16:55:01.251,0.80021,0.80027,1.00,1.00
2016.10.26 16:55:02.172,0.8002,0.80027,1.00,1.00
2016.10.26 16:55:02.799,0.80019,0.80027,1.00,1.00
2016.10.26 16:55:03.566,0.8002,0.80027,1.00,1.00
2016.10.26 16:55:03.709,0.80018,0.80026,1.87,1.00
2016.10.26 16:55:07.587,0.80018,0.80025,1.00,1.00
2016.10.26 16:55:07.777,0.80018,0.80023,1.00,1.00
2016.10.26 16:55:08.311,0.80017,0.80024,1.50,1.00
2016.10.26 16:55:09.023,0.80018,0.80025,1.00,1.00
2016.10.26 16:55:10.354,0.80018,0.80026,1.50,1.00
2016.10.26 16:55:10.898,0.8002,0.80027,1.00,1.00
2016.10.26 16:55:11.118,0.8002,0.80029,2.25,1.50
2016.10.26 16:55:11.169,0.80022,0.80028,1.00,1.00
2016.10.26 16:55:11.705,0.80023,0.80028,1.00,1.00
2016.10.26 16:55:12.213,0.80021,0.80029,1.00,1.00
2016.10.26 16:55:12.985,0.80021,0.80028,1.00,1.00
2016.10.26 16:55:13.524,0.80021,0.80027,1.00,1.00
2016.10.26 16:55:16.517,0.80022,0.80029,1.00,1.00
2016.10.26 16:55:17.227,0.80021,0.80029,1.00,1.00
2016.10.26 16:55:18.440,0.80021,0.80027,1.12,1.00
2016.10.26 16:55:23.705,0.80021,0.80025,1.00,1.00
2016.10.26 16:55:23.756,0.80019,0.80026,1.50,1.00
2016.10.26 16:55:24.213,0.80018,0.80023,1.00,1.00
2016.10.26 16:55:24.668,0.80022,0.80028,1.00,1.12
2016.10.26 16:55:25.189,0.80023,0.80028,1.50,1.00
2016.10.26 16:55:25.802,0.80024,0.80028,1.00,1.00
2016.10.26 16:55:26.345,0.80023,0.80028,1.50,1.00
2016.10.26 16:55:27.244,0.80023,0.80029,1.00,1.00
2016.10.26 16:55:30.883,0.80023,0.80027,1.00,1.00
2016.10.26 16:55:32.277,0.80024,0.80028,1.00,1.00
2016.10.26 16:55:33.107,0.80023,0.80027,1.00,1.00
2016.10.26 16:55:33.370,0.80024,0.8003,1.00,2.62
2016.10.26 16:55:34.235,0.80023,0.80031,2.25,1.50
2016.10.26 16:55:35.617,0.80023,0.80031,2.62,1.00
2016.10.26 16:55:36.167,0.80025,0.80032,1.00,1.50
2016.10.26 16:55:36.439,0.80023,0.80032,1.50,1.50
2016.10.26 16:55:36.591,0.80021,0.8003,1.87,1.00
2016.10.26 16:55:36.895,0.80022,0.80028,1.00,1.00
2016.10.26 16:55:38.365,0.80021,0.80028,1.00,1.00
2016.10.26 16:55:40.568,0.8002,0.80028,2.25,1.50
2016.10.26 16:55:41.095,0.80022,0.80028,1.00,1.50
2016.10.26 16:55:41.148,0.80023,0.8003,1.00,1.50
2016.10.26 16:55:41.702,0.80022,0.8003,2.62,1.50
2016.10.26 16:55:43.419,0.80022,0.80031,2.62,1.50
2016.10.26 16:55:43.931,0.80023,0.80031,1.00,1.00
2016.10.26 16:55:45.906,0.80021,0.80028,1.50,1.00
2016.10.26 16:55:46.160,0.8002,0.80027,1.00,1.87
2016.10.26 16:55:46.211,0.80018,0.80027,1.87,1.50
2016.10.26 16:55:46.734,0.80018,0.80024,1.50,1.00
2016.10.26 16:55:47.276,0.80018,0.80023,1.00,1.00
2016.10.26 16:55:48.189,0.80017,0.80023,1.50,1.00
2016.10.26 16:55:48.392,0.80015,0.80023,1.50,1.00
2016.10.26 16:55:48.899,0.80014,0.80022,1.50,1.00
2016.10.26 16:55:49.781,0.80015,0.80022,1.00,1.00
2016.10.26 16:55:50.288,0.80016,0.80022,1.00,1.00
2016.10.26 16:55:51.137,0.80016,0.80023,1.50,1.00
2016.10.26 16:55:51.679,0.80017,0.80024,1.00,1.50
2016.10.26 16:55:52.499,0.80016,0.80023,1.00,1.00
2016.10.26 16:55:53.403,0.80014,0.80023,2.25,1.00
2016.10.26 16:55:54.001,0.80014,0.80022,1.00,1.00
2016.10.26 16:55:54.605,0.80014,0.80021,1.12,1.00
2016.10.26 16:55:55.302,0.80013,0.80021,1.50,1.00
2016.10.26 16:55:55.849,0.80014,0.80021,1.00,1.00
2016.10.26 16:55:56.498,0.80014,0.8002,1.00,1.00
2016.10.26 16:55:58.277,0.80013,0.8002,1.00,1.50
2016.10.26 16:55:58.328,0.80012,0.80018,1.00,1.00
2016.10.26 16:55:59.396,0.80011,0.80018,1.00,1.00
2016.10.26 16:56:00.146,0.80011,0.80019,1.00,1.00
2016.10.26 16:56:01.556,0.80013,0.80021,1.00,1.12
2016.10.26 16:56:02.382,0.80013,0.8002,1.00,1.00
2016.10.26 16:56:03.538,0.80016,0.8002,1.00,1.00
2016.10.26 16:56:03.640,0.80016,0.80022,1.00,1.87
2016.10.26 16:56:04.148,0.80015,0.80021,1.00,1.00
2016.10.26 16:56:04.250,0.80013,0.80021,1.00,1.50
2016.10.26 16:56:04.783,0.80012,0.8002,1.00,1.00
2016.10.26 16:56:05.240,0.8001,0.8002,1.00,1.00
2016.10.26 16:56:05.291,0.8001,0.80018,1.00,1.00
2016.10.26 16:56:05.899,0.80009,0.80016,1.50,1.00
2016.10.26 16:56:06.411,0.80008,0.80015,1.00,1.00
2016.10.26 16:56:06.952,0.80009,0.80016,1.00,1.00
2016.10.26 16:56:07.579,0.8001,0.80016,1.00,1.00
2016.10.26 16:56:07.681,0.80008,0.80016,2.25,1.00
2016.10.26 16:56:07.732,0.80008,0.80014,2.25,1.00
2016.10.26 16:56:08.618,0.80009,0.80016,1.00,1.00
2016.10.26 16:56:09.123,0.8001,0.80016,1.00,1.00
2016.10.26 16:56:10.508,0.80009,0.80016,1.00,1.00
2016.10.26 16:56:10.560,0.80009,0.80013,1.00,1.00
2016.10.26 16:56:10.611,0.80009,0.80015,1.00,1.00
2016.10.26 16:56:11.935,0.80006,0.80014,2.25,1.00
2016.10.26 16:56:12.443,0.80006,0.80013,3.00,1.00
2016.10.26 16:56:12.849,0.80008,0.80013,1.00,1.00
2016.10.26 16:56:13.585,0.80008,0.80014,1.00,1.00
2016.10.26 16:56:14.245,0.80007,0.80013,1.50,1.00
2016.10.26 16:56:16.329,0.80008,0.80013,1.00,1.00
2016.10.26 16:56:16.700,0.80008,0.80016,1.00,1.00
2016.10.26 16:56:18.511,0.80008,0.80014,2.62,1.00
2016.10.26 16:56:18.663,0.80008,0.80017,3.00,1.12
2016.10.26 16:56:19.133,0.80008,0.80015,1.12,1.00
2016.10.26 16:56:19.438,0.80007,0.80013,1.12,1.00
2016.10.26 16:56:19.540,0.80007,0.80015,1.12,1.00
2016.10.26 16:56:20.044,0.80006,0.80014,2.62,1.00
2016.10.26 16:56:20.350,0.80008,0.80013,1.00,1.00
2016.10.26 16:56:21.262,0.80006,0.80013,1.50,1.00
2016.10.26 16:56:23.829,0.80006,0.80014,1.00,1.00
2016.10.26 16:56:24.378,0.80007,0.80015,1.00,1.00
2016.10.26 16:56:24.920,0.80006,0.80015,1.87,1.00
2016.10.26 16:56:25.963,0.80007,0.80015,1.00,1.12
2016.10.26 16:56:27.117,0.80007,0.80012,1.00,1.00
2016.10.26 16:56:27.271,0.80005,0.80013,1.00,1.00
2016.10.26 16:56:27.373,0.80008,0.80015,1.00,1.12
2016.10.26 16:56:28.505,0.80008,0.80016,1.00,1.00
2016.10.26 16:56:28.842,0.8001,0.80016,1.00,1.00
2016.10.26 16:56:29.159,0.80007,0.80014,1.00,1.00
2016.10.26 16:56:29.806,0.80007,0.80013,1.00,1.00
2016.10.26 16:56:29.975,0.80011,0.80016,1.00,1.12
2016.10.26 16:56:30.484,0.80011,0.80017,1.00,1.87
2016.10.26 16:56:31.065,0.80014,0.8002,1.00,2.25
2016.10.26 16:56:31.521,0.80016,0.80022,1.00,1.50
2016.10.26 16:56:31.826,0.80019,0.80025,1.00,1.19
2016.10.26 16:56:33.081,0.80015,0.80022,1.00,1.19
2016.10.26 16:56:35.409,0.80016,0.80023,1.00,1.69
2016.10.26 16:56:35.960,0.80016,0.80023,1.00,1.12
2016.10.26 16:56:36.683,0.80017,0.80024,1.00,1.12
2016.10.26 16:56:39.996,0.80018,0.80025,1.00,1.31
2016.10.26 16:56:40.517,0.80019,0.80025,1.00,1.25
2016.10.26 16:56:41.474,0.80019,0.80024,1.00,1.00
2016.10.26 16:56:42.453,0.80018,0.80024,1.00,1.00
2016.10.26 16:56:42.657,0.80019,0.80027,1.50,1.12
2016.10.26 16:56:43.474,0.80019,0.80026,1.50,1.00
2016.10.26 16:56:44.732,0.8002,0.80025,1.00,1.00
2016.10.26 16:56:45.198,0.80022,0.80026,1.00,1.00
2016.10.26 16:56:45.300,0.80022,0.80027,1.00,1.12
2016.10.26 16:56:46.182,0.80022,0.80029,1.00,2.06
2016.10.26 16:56:46.335,0.80024,0.80031,1.00,1.50
2016.10.26 16:56:46.438,0.80026,0.80033,1.00,1.50
2016.10.26 16:56:46.540,0.80028,0.80033,1.00,1.00
2016.10.26 16:56:46.694,0.80026,0.80033,1.00,1.00
2016.10.26 16:56:47.205,0.80027,0.80033,1.00,1.00
2016.10.26 16:56:47.465,0.80029,0.80033,1.00,1.00
2016.10.26 16:56:47.517,0.80031,0.80037,1.00,2.25
2016.10.26 16:56:47.721,0.80031,0.80038,1.00,1.12
2016.10.26 16:56:47.824,0.80029,0.80036,1.00,1.00
2016.10.26 16:56:48.078,0.80027,0.80035,1.00,1.00
2016.10.26 16:56:48.517,0.80027,0.80033,1.00,1.00
2016.10.26 16:56:49.169,0.80026,0.80032,1.00,1.00
2016.10.26 16:56:49.220,0.80026,0.80034,1.00,1.00
2016.10.26 16:56:50.228,0.80026,0.80035,1.00,1.69
2016.10.26 16:56:51.999,0.80026,0.80034,1.00,1.00
2016.10.26 16:56:52.933,0.80027,0.80034,1.00,1.00
2016.10.26 16:56:53.436,0.80028,0.80034,1.00,1.00
2016.10.26 16:56:53.907,0.80031,0.80036,1.00,1.00
2016.10.26 16:56:54.211,0.80032,0.80037,1.00,1.25
2016.10.26 16:56:54.633,0.80031,0.80038,1.00,1.19
2016.10.26 16:56:54.685,0.80033,0.80038,1.00,1.19
2016.10.26 16:56:55.496,0.80032,0.80036,1.00,1.00
2016.10.26 16:56:55.613,0.8003,0.80038,1.00,1.19
2016.10.26 16:56:55.715,0.80029,0.80035,1.00,1.00
2016.10.26 16:56:55.767,0.80027,0.80035,1.00,1.25
2016.10.26 16:56:56.162,0.8003,0.80035,1.00,1.25
2016.10.26 16:56:56.386,0.80028,0.80034,1.00,1.00
2016.10.26 16:56:58.713,0.80024,0.80029,1.00,1.00
2016.10.26 16:56:58.816,0.80026,0.80032,1.00,1.50
2016.10.26 16:56:59.325,0.80027,0.80032,1.00,1.00
2016.10.26 16:56:59.861,0.80026,0.80032,1.00,1.00
2016.10.26 16:57:01.448,0.80025,0.80032,1.00,1.00
2016.10.26 16:57:01.996,0.80025,0.80033,1.00,1.12
2016.10.26 16:57:03.919,0.80026,0.80033,1.00,1.12
2016.10.26 16:57:04.180,0.80025,0.80031,1.00,1.35
2016.10.26 16:57:04.654,0.80024,0.80028,1.00,1.00
2016.10.26 16:57:04.756,0.80023,0.80028,1.00,1.00
2016.10.26 16:57:06.263,0.80025,0.80031,1.00,1.00
2016.10.26 16:57:06.779,0.80026,0.80031,1.00,1.00
2016.10.26 16:57:07.841,0.80027,0.80031,1.00,1.00
2016.10.26 16:57:07.943,0.80029,0.80033,1.00,1.00
2016.10.26 16:57:08.350,0.80025,0.80031,1.00,1.00
2016.10.26 16:57:08.873,0.80026,0.8003,1.00,1.00
2016.10.26 16:57:10.126,0.80023,0.8003,1.00,1.00
2016.10.26 16:57:10.178,0.80025,0.80029,1.00,1.00
2016.10.26 16:57:10.332,0.80022,0.80028,1.00,1.00
2016.10.26 16:57:10.383,0.80025,0.80029,1.00,1.00
2016.10.26 16:57:10.435,0.80026,0.80032,1.00,1.50
2016.10.26 16:57:10.942,0.80028,0.80033,1.00,1.00
2016.10.26 16:57:11.460,0.80027,0.80034,1.00,1.25
2016.10.26 16:57:11.905,0.80025,0.80031,1.00,1.12
2016.10.26 16:57:12.108,0.80022,0.80031,1.00,3.94
2016.10.26 16:57:12.462,0.80021,0.80028,1.00,1.00
2016.10.26 16:57:12.978,0.80021,0.80027,1.00,1.00
2016.10.26 16:57:13.988,0.80022,0.80027,1.00,1.00
2016.10.26 16:57:14.737,0.80022,0.80028,1.00,1.12
2016.10.26 16:57:15.281,0.80022,0.80027,1.00,1.00
2016.10.26 16:57:16.065,0.80022,0.80029,1.00,1.87
2016.10.26 16:57:16.479,0.80022,0.8003,1.00,1.31
2016.10.26 16:57:18.455,0.80023,0.8003,1.00,1.25
2016.10.26 16:57:19.968,0.80025,0.80032,1.00,2.66
2016.10.26 16:57:20.157,0.80023,0.80031,1.00,1.19
2016.10.26 16:57:20.208,0.80025,0.80031,1.00,1.00
2016.10.26 16:57:20.716,0.80025,0.80032,1.00,1.00
2016.10.26 16:57:21.463,0.80025,0.80034,1.00,2.66
2016.10.26 16:57:21.769,0.80027,0.80034,1.00,2.29
2016.10.26 16:57:24.183,0.80026,0.80032,1.00,1.00
2016.10.26 16:57:24.915,0.80026,0.80031,1.00,1.00
2016.10.26 16:57:25.118,0.80027,0.80033,1.00,1.50
2016.10.26 16:57:26.126,0.80027,0.80034,1.00,2.10
2016.10.26 16:57:28.085,0.80027,0.80033,1.00,1.00
2016.10.26 16:57:29.883,0.80027,0.80032,1.00,1.00
2016.10.26 16:57:30.975,0.80027,0.80033,1.00,1.00
2016.10.26 16:57:31.284,0.80025,0.80031,1.00,1.00
2016.10.26 16:57:31.488,0.80023,0.80031,1.00,1.00
2016.10.26 16:57:32.273,0.80021,0.80029,1.00,1.00
2016.10.26 16:57:32.579,0.80021,0.80027,1.00,1.00
2016.10.26 16:57:33.285,0.80021,0.80029,1.00,1.69
2016.10.26 16:57:33.986,0.80021,0.80029,1.00,1.50
2016.10.26 16:57:34.139,0.80021,0.8003,1.00,2.25
2016.10.26 16:57:34.974,0.80021,0.80029,1.00,1.87
2016.10.26 16:57:35.218,0.8002,0.80027,1.00,1.00
2016.10.26 16:57:36.058,0.80021,0.80028,1.00,1.87
2016.10.26 16:57:38.598,0.80021,0.80029,1.00,1.50
2016.10.26 16:57:39.197,0.80022,0.8003,1.00,3.00
2016.10.26 16:57:39.708,0.80021,0.8003,1.00,3.00
2016.10.26 16:57:43.292,0.80021,0.8003,1.00,2.25
2016.10.26 16:57:44.074,0.80022,0.8003,1.00,1.50
2016.10.26 16:57:44.380,0.80024,0.8003,1.00,1.00
2016.10.26 16:57:48.794,0.80024,0.8003,1.00,2.25
2016.10.26 16:57:49.169,0.80022,0.8003,1.00,1.50
2016.10.26 16:57:50.515,0.80022,0.8003,1.00,1.00
2016.10.26 16:57:52.672,0.80021,0.80028,1.00,1.00
2016.10.26 16:57:52.798,0.80017,0.80026,2.25,1.50
2016.10.26 16:57:53.239,0.80016,0.80023,1.00,1.00
2016.10.26 16:57:53.904,0.80015,0.80023,1.50,1.00
2016.10.26 16:57:56.775,0.80016,0.80023,1.00,1.00
2016.10.26 16:57:57.298,0.80017,0.80024,1.00,1.00
2016.10.26 16:57:59.424,0.80017,0.80025,1.00,1.87
2016.10.26 16:58:00.122,0.80016,0.80025,1.50,1.87
2016.10.26 16:58:02.229,0.80017,0.80023,1.00,1.00
2016.10.26 16:58:03.347,0.80014,0.80022,1.50,1.50
2016.10.26 16:58:04.986,0.80016,0.80022,1.00,1.00
2016.10.26 16:58:05.225,0.80014,0.80021,1.00,1.50
2016.10.26 16:58:06.665,0.80014,0.80021,1.00,1.69
2016.10.26 16:58:07.004,0.80012,0.80021,1.00,1.69
2016.10.26 16:58:07.644,0.80012,0.80021,1.00,1.50
2016.10.26 16:58:08.694,0.80012,0.80021,1.00,2.44
2016.10.26 16:58:09.598,0.80011,0.80019,1.00,2.06
2016.10.26 16:58:10.134,0.8001,0.80018,1.00,1.00
2016.10.26 16:58:11.295,0.80009,0.80017,1.00,1.00
2016.10.26 16:58:18.267,0.80009,0.80018,1.00,1.50
2016.10.26 16:58:19.996,0.8001,0.80018,1.00,1.69
2016.10.26 16:58:20.628,0.80009,0.80015,1.00,1.00
2016.10.26 16:58:20.730,0.80007,0.80014,1.50,1.00
2016.10.26 16:58:21.981,0.80005,0.80014,1.00,1.00
2016.10.26 16:58:22.437,0.80008,0.80015,1.00,1.50
2016.10.26 16:58:24.131,0.80007,0.80013,1.00,1.00
2016.10.26 16:58:26.172,0.80006,0.80012,2.25,1.00
2016.10.26 16:58:26.854,0.80006,0.80013,1.00,1.00
2016.10.26 16:58:31.341,0.80007,0.80013,1.00,1.00
2016.10.26 16:58:31.857,0.80008,0.80013,1.00,1.00
2016.10.26 16:58:32.396,0.80008,0.80012,1.00,1.00
2016.10.26 16:58:32.548,0.80005,0.8001,1.00,1.00
2016.10.26 16:58:32.650,0.80005,0.80013,1.00,1.00
2016.10.26 16:58:32.701,0.80008,0.80012,1.00,1.00
2016.10.26 16:58:33.140,0.80008,0.80015,1.00,1.00
2016.10.26 16:58:33.749,0.80006,0.80015,1.87,1.00
2016.10.26 16:58:33.851,0.80006,0.80013,1.87,1.00
2016.10.26 16:58:34.726,0.80004,0.80012,1.50,1.00
2016.10.26 16:58:35.206,0.80006,0.80012,1.00,1.00
2016.10.26 16:58:35.421,0.80004,0.80012,1.12,1.00
2016.10.26 16:58:36.004,0.80005,0.80013,1.00,1.00
2016.10.26 16:58:38.290,0.80006,0.80013,1.00,1.00
2016.10.26 16:58:38.955,0.80006,0.80015,1.00,1.50
2016.10.26 16:58:40.369,0.80006,0.80014,1.00,1.00
2016.10.26 16:58:41.127,0.80006,0.80015,1.00,1.00
2016.10.26 16:58:42.136,0.80006,0.80014,1.50,1.00
2016.10.26 16:58:44.853,0.80006,0.80015,1.50,1.50
2016.10.26 16:58:45.378,0.80006,0.80014,1.50,1.00
2016.10.26 16:58:47.561,0.80005,0.80013,1.50,1.00
2016.10.26 16:58:47.663,0.80004,0.80011,1.00,1.00
2016.10.26 16:58:48.070,0.80001,0.8001,1.50,1.00
2016.10.26 16:58:48.587,0.80001,0.80009,1.50,1.00
2016.10.26 16:58:48.638,0.80003,0.8001,1.00,1.00
2016.10.26 16:58:49.725,0.80003,0.80008,1.00,1.00
2016.10.26 16:58:50.568,0.80002,0.80008,1.50,1.00
2016.10.26 16:58:50.619,0.80002,0.80011,2.25,1.00
2016.10.26 16:58:52.182,0.80002,0.80011,2.25,1.37
2016.10.26 16:58:52.863,0.80002,0.80011,2.25,1.00
2016.10.26 16:58:53.395,0.80005,0.80011,1.00,1.00
2016.10.26 16:58:54.257,0.80004,0.80011,1.50,1.00
2016.10.26 16:58:55.155,0.80004,0.8001,1.00,1.00
2016.10.26 16:58:55.902,0.80003,0.80011,1.00,1.00
2016.10.26 16:58:57.552,0.80004,0.80013,2.25,1.00
2016.10.26 16:58:58.601,0.80004,0.80012,1.50,1.00
2016.10.26 16:58:59.298,0.80004,0.80011,2.25,1.00
2016.10.26 16:59:02.783,0.80003,0.8001,1.00,1.00
2016.10.26 16:59:03.308,0.80003,0.80009,1.00,1.00
2016.10.26 16:59:03.877,0.80002,0.80011,1.50,1.50
2016.10.26 16:59:03.929,0.80002,0.80009,1.00,1.00
2016.10.26 16:59:04.437,0.80002,0.8001,1.00,1.00
2016.10.26 16:59:05.527,0.80003,0.8001,1.00,1.00
2016.10.26 16:59:05.933,0.80001,0.8001,1.50,1.00
2016.10.26 16:59:06.137,0.80001,0.80008,1.50,1.00
2016.10.26 16:59:06.239,0.79998,0.80007,1.50,1.50
2016.10.26 16:59:06.693,0.8,0.80008,1.00,1.00
2016.10.26 16:59:07.196,0.80001,0.80009,1.50,1.50
2016.10.26 16:59:07.503,0.8,0.80007,1.50,1.00
2016.10.26 16:59:08.005,0.8,0.80006,1.00,1.00
2016.10.26 16:59:08.158,0.79997,0.80005,1.37,1.00
2016.10.26 16:59:08.846,0.79998,0.80003,1.00,1.00
2016.10.26 16:59:09.019,0.79998,0.80006,1.00,1.00
2016.10.26 16:59:09.558,0.79997,0.80006,1.50,1.00
2016.10.26 16:59:10.104,0.79997,0.80005,1.00,1.00
2016.10.26 16:59:10.561,0.79999,0.80005,1.00,1.00
2016.10.26 16:59:11.415,0.79997,0.80005,1.00,1.00
2016.10.26 16:59:11.669,0.79997,0.80003,1.00,1.00
2016.10.26 16:59:14.027,0.79997,0.80005,1.50,1.00
2016.10.26 16:59:14.966,0.79997,0.80006,2.25,1.00
2016.10.26 16:59:15.396,0.79999,0.80008,1.00,2.62
2016.10.26 16:59:15.904,0.8,0.80009,1.00,1.00
2016.10.26 16:59:17.032,0.79999,0.80007,1.00,1.00
2016.10.26 16:59:17.160,0.79997,0.80006,1.50,1.50
2016.10.26 16:59:17.516,0.79994,0.80003,2.25,1.50
2016.10.26 16:59:18.246,0.79995,0.80002,1.00,1.00
2016.10.26 16:59:18.785,0.79994,0.80002,1.00,1.00
2016.10.26 16:59:19.331,0.79993,0.80001,1.00,1.00
2016.10.26 16:59:20.107,0.79993,0.79997,1.00,1.00
2016.10.26 16:59:20.362,0.79993,0.79999,1.50,1.00
2016.10.26 16:59:20.516,0.79992,0.79997,1.00,1.00
2016.10.26 16:59:21.044,0.79991,0.79995,1.50,1.00
2016.10.26 16:59:21.557,0.7999,0.79996,1.00,1.00
2016.10.26 16:59:22.149,0.7999,0.79995,1.00,1.00
2016.10.26 16:59:24.105,0.7999,0.79998,1.00,1.50
2016.10.26 16:59:24.157,0.79993,0.79997,1.00,1.00
2016.10.26 16:59:24.209,0.79993,0.79999,1.00,1.00
2016.10.26 16:59:24.311,0.79993,0.79997,1.00,1.00
2016.10.26 16:59:24.362,0.7999,0.79995,1.87,1.00
2016.10.26 16:59:24.464,0.79988,0.79994,2.44,1.00
2016.10.26 16:59:25.090,0.79988,0.79995,1.25,1.00
2016.10.26 16:59:26.723,0.79987,0.79994,1.19,1.00
2016.10.26 16:59:26.774,0.79986,0.79992,1.00,1.00
2016.10.26 16:59:27.080,0.79984,0.79992,1.25,1.00
2016.10.26 16:59:27.182,0.79984,0.79988,1.00,1.00
2016.10.26 16:59:28.730,0.79984,0.79991,1.25,1.00
2016.10.26 16:59:28.782,0.79986,0.7999,1.00,1.00
2016.10.26 16:59:29.087,0.79986,0.7999,1.00,1.00
2016.10.26 16:59:29.711,0.79985,0.79989,1.50,1.00
2016.10.26 16:59:30.205,0.79983,0.79988,1.50,1.00
2016.10.26 16:59:31.157,0.79983,0.79987,1.50,1.00
2016.10.26 16:59:31.683,0.79983,0.79988,1.00,1.00
2016.10.26 16:59:32.351,0.79982,0.79988,1.50,1.00
2016.10.26 16:59:33.576,0.79982,0.79986,1.50,1.00
2016.10.26 16:59:34.079,0.79982,0.79988,1.50,1.00
2016.10.26 16:59:34.131,0.79982,0.79986,1.50,1.00
2016.10.26 16:59:34.637,0.79981,0.79987,1.50,1.00
2016.10.26 16:59:34.789,0.79979,0.79986,1.50,1.00
2016.10.26 16:59:35.614,0.79979,0.79988,2.25,1.00
2016.10.26 16:59:35.665,0.79979,0.79988,2.50,1.00
2016.10.26 16:59:36.951,0.79979,0.79989,2.50,1.50
2016.10.26 16:59:40.925,0.79979,0.79991,3.37,1.00
2016.10.26 16:59:41.283,0.79979,0.79988,3.37,1.00
2016.10.26 16:59:42.017,0.79979,0.79988,1.00,1.00
2016.10.26 16:59:42.580,0.7998,0.79987,1.00,1.00
2016.10.26 16:59:44.111,0.7998,0.79986,1.00,1.00
2016.10.26 16:59:44.364,0.79979,0.79988,1.00,1.50
2016.10.26 16:59:46.586,0.7998,0.79989,1.50,1.00
2016.10.26 16:59:46.637,0.79982,0.79989,1.00,1.00
2016.10.26 16:59:46.941,0.79979,0.79986,1.00,1.00
2016.10.26 16:59:47.687,0.79979,0.79988,1.00,1.87
2016.10.26 16:59:48.194,0.79977,0.79986,1.87,1.00
2016.10.26 16:59:49.209,0.79979,0.79985,1.00,1.00
2016.10.26 16:59:50.042,0.79979,0.79987,1.00,1.00
2016.10.26 16:59:50.595,0.79978,0.79985,1.00,1.00
2016.10.26 16:59:51.462,0.79978,0.79986,1.00,1.00
2016.10.26 16:59:52.429,0.79978,0.79987,1.00,2.25
2016.10.26 16:59:53.439,0.79978,0.79986,1.00,1.00
2016.10.26 16:59:54.052,0.79978,0.79986,1.00,1.00
2016.10.26 16:59:55.649,0.79978,0.79984,1.00,1.00
2016.10.26 16:59:59.260,0.79978,0.79986,1.00,1.50
