2008.04.15 02:00:01.876,0.9376,0.938,4.80,6.50
2008.04.15 02:00:02.112,0.9376,0.938,4.00,4.90
2008.04.15 02:00:02.332,0.9376,0.938,4.00,4.90
2008.04.15 02:00:02.560,0.9376,0.938,4.80,4.90
2008.04.15 02:00:02.864,0.9376,0.938,4.80,4.90
2008.04.15 02:00:03.059,0.9376,0.938,4.00,4.90
2008.04.15 02:00:05.105,0.9376,0.938,4.00,4.90
2008.04.15 02:00:05.315,0.9376,0.938,2.40,4.90
2008.04.15 02:00:05.525,0.9376,0.938,2.40,4.90
2008.04.15 02:00:06.888,0.9376,0.938,2.40,5.70
2008.04.15 02:00:07.134,0.9377,0.938,2.40,2.50
2008.04.15 02:00:07.528,0.9377,0.938,2.40,2.50
2008.04.15 02:00:07.885,0.9377,0.938,2.40,2.50
2008.04.15 02:00:09.631,0.9377,0.938,2.40,2.50
2008.04.15 02:00:09.817,0.9377,0.938,2.40,2.50
2008.04.15 02:00:10.259,0.9377,0.938,2.40,2.50
2008.04.15 02:00:12.620,0.9377,0.938,2.40,3.30
2008.04.15 02:00:12.872,0.93755,0.9379,0.80,2.40
2008.04.15 02:00:13.122,0.9376,0.938,2.40,6.50
2008.04.15 02:00:13.396,0.9376,0.938,2.40,6.50
2008.04.15 02:00:13.899,0.9376,0.938,2.40,6.50
2008.04.15 02:00:15.370,0.9376,0.938,2.40,6.50
2008.04.15 02:00:15.624,0.9376,0.938,4.80,6.50
2008.04.15 02:00:15.855,0.9376,0.9379,2.40,2.40
2008.04.15 02:00:16.419,0.9376,0.9379,2.40,2.40
2008.04.15 02:00:16.654,0.9376,0.938,4.80,6.50
2008.04.15 02:00:17.869,0.9376,0.938,4.80,6.50
2008.04.15 02:00:18.092,0.9376,0.9379,2.40,2.40
2008.04.15 02:00:18.678,0.9376,0.9379,2.40,2.40
2008.04.15 02:00:25.690,0.9376,0.9379,2.40,2.40
2008.04.15 02:00:25.911,0.9376,0.9379,2.40,2.40
2008.04.15 02:00:26.622,0.9376,0.9379,2.40,2.40
2008.04.15 02:00:26.863,0.9376,0.938,2.40,5.70
2008.04.15 02:00:27.111,0.9376,0.938,2.40,5.70
2008.04.15 02:00:27.350,0.9376,0.938,2.40,5.70
2008.04.15 02:00:27.590,0.9376,0.938,2.40,4.90
2008.04.15 02:00:33.934,0.9376,0.938,2.40,4.90
2008.04.15 02:00:34.149,0.9377,0.938,2.40,2.50
2008.04.15 02:00:34.423,0.9377,0.938,4.80,0.20
2008.04.15 02:00:34.641,0.9377,0.9381,4.80,5.60
2008.04.15 02:00:38.906,0.9377,0.9381,4.80,3.30
2008.04.15 02:00:39.166,0.9377,0.938,2.40,2.40
2008.04.15 02:00:39.644,0.9377,0.938,2.40,2.40
2008.04.15 02:00:39.905,0.9376,0.938,3.40,4.80
2008.04.15 02:00:40.165,0.9376,0.938,4.80,4.90
2008.04.15 02:00:40.395,0.9376,0.9379,2.40,2.40
2008.04.15 02:00:40.625,0.9376,0.9379,2.40,2.40
2008.04.15 02:00:40.855,0.9376,0.938,2.40,5.70
2008.04.15 02:00:41.112,0.9376,0.938,2.40,5.70
2008.04.15 02:00:41.937,0.9376,0.938,2.40,5.70
2008.04.15 02:00:42.208,0.9377,0.938,2.40,2.50
2008.04.15 02:00:42.690,0.9377,0.938,2.40,2.50
2008.04.15 02:00:45.401,0.9377,0.938,2.40,2.50
2008.04.15 02:00:45.621,0.9377,0.938,2.40,2.50
2008.04.15 02:00:45.984,0.9377,0.938,2.40,2.50
2008.04.15 02:00:46.203,0.9377,0.938,2.40,2.50
2008.04.15 02:00:46.463,0.9376,0.938,2.60,5.70
2008.04.15 02:00:48.164,0.9376,0.938,2.60,5.70
2008.04.15 02:00:48.384,0.9377,0.938,2.40,2.50
2008.04.15 02:00:48.942,0.9377,0.938,2.40,2.50
2008.04.15 02:00:51.648,0.9377,0.938,2.40,2.50
2008.04.15 02:00:53.128,0.9377,0.938,2.40,2.50
2008.04.15 02:00:53.343,0.9377,0.938,2.40,2.50
2008.04.15 02:00:53.590,0.9376,0.938,5.60,4.90
2008.04.15 02:00:53.913,0.9376,0.938,4.80,5.70
2008.04.15 02:00:54.157,0.9376,0.9379,2.40,3.20
2008.04.15 02:00:58.433,0.9376,0.9379,2.40,2.40
2008.04.15 02:00:58.633,0.9376,0.9379,2.40,2.40
2008.04.15 02:00:58.833,0.9376,0.938,2.40,5.70
2008.04.15 02:00:59.032,0.9376,0.938,2.40,5.70
2008.04.15 02:00:59.232,0.9376,0.938,2.40,5.70
2008.04.15 02:01:02.630,0.9376,0.938,2.40,5.70
2008.04.15 02:01:04.937,0.9376,0.938,2.40,5.70
2008.04.15 02:01:05.174,0.9376,0.938,2.40,2.40
2008.04.15 02:01:05.390,0.9376,0.9381,4.80,3.30
2008.04.15 02:01:05.604,0.9377,0.9381,4.80,3.30
2008.04.15 02:01:05.879,0.9377,0.9381,4.80,3.30
2008.04.15 02:01:06.292,0.9377,0.9381,4.80,3.30
2008.04.15 02:01:07.447,0.9377,0.9381,4.80,3.30
2008.04.15 02:01:07.658,0.9377,0.93815,4.80,0.20
2008.04.15 02:01:07.971,0.9377,0.93815,4.80,0.30
2008.04.15 02:01:08.198,0.9377,0.938,2.40,2.40
2008.04.15 02:01:08.438,0.9377,0.938,2.40,2.40
2008.04.15 02:01:09.940,0.9377,0.938,2.40,2.40
2008.04.15 02:01:10.127,0.9377,0.9381,4.80,3.20
2008.04.15 02:01:10.313,0.9377,0.9382,4.80,3.20
2008.04.15 02:01:10.967,0.9377,0.9382,4.80,3.20
2008.04.15 02:01:11.679,0.9377,0.9382,4.80,3.20
2008.04.15 02:01:12.215,0.9377,0.9382,4.80,3.20
2008.04.15 02:01:15.439,0.9377,0.9382,5.10,3.20
2008.04.15 02:01:15.630,0.9379,0.9382,2.40,3.20
2008.04.15 02:01:15.875,0.9379,0.9382,2.40,3.20
2008.04.15 02:01:24.187,0.9379,0.9382,2.40,3.20
2008.04.15 02:01:24.406,0.9379,0.9382,2.40,2.40
2008.04.15 02:01:30.469,0.9379,0.9382,2.40,2.40
2008.04.15 02:01:30.669,0.9379,0.9382,2.60,2.40
2008.04.15 02:01:30.895,0.9379,0.9382,2.60,2.40
2008.04.15 02:01:33.975,0.9379,0.9382,2.60,2.40
2008.04.15 02:01:34.207,0.938,0.9383,2.60,2.50
2008.04.15 02:01:34.436,0.938,0.9383,5.00,0.20
2008.04.15 02:01:34.667,0.938,0.9383,2.40,2.50
2008.04.15 02:01:34.897,0.938,0.9383,2.40,2.50
2008.04.15 02:01:37.036,0.938,0.9383,2.40,2.50
2008.04.15 02:01:37.279,0.938,0.9385,4.80,3.20
2008.04.15 02:01:37.521,0.938,0.93845,2.40,0.30
2008.04.15 02:01:37.762,0.938,0.9383,2.40,2.40
2008.04.15 02:01:38.003,0.938,0.9383,2.40,2.40
2008.04.15 02:01:38.491,0.938,0.9383,2.40,2.40
2008.04.15 02:01:38.728,0.938,0.9385,4.80,3.30
2008.04.15 02:01:38.979,0.938,0.9385,4.80,3.20
2008.04.15 02:01:39.493,0.938,0.9385,4.80,3.40
2008.04.15 02:01:39.724,0.938,0.9384,2.40,5.60
2008.04.15 02:01:39.996,0.938,0.9384,2.40,5.60
2008.04.15 02:01:40.252,0.938,0.9383,2.40,2.40
2008.04.15 02:01:40.747,0.938,0.9383,2.40,2.40
2008.04.15 02:01:41.388,0.938,0.9383,2.40,2.40
2008.04.15 02:01:41.715,0.938,0.9383,2.40,2.40
2008.04.15 02:01:43.034,0.938,0.9383,2.40,2.40
2008.04.15 02:01:43.279,0.938,0.9383,2.40,2.50
2008.04.15 02:01:46.112,0.938,0.9383,2.40,2.50
2008.04.15 02:01:46.352,0.938,0.9382,2.40,2.40
2008.04.15 02:01:48.004,0.938,0.9382,2.40,2.40
2008.04.15 02:01:48.247,0.9379,0.9382,2.40,2.40
2008.04.15 02:01:48.615,0.9379,0.9382,2.40,2.40
2008.04.15 02:01:48.849,0.9379,0.9382,2.40,2.40
2008.04.15 02:01:53.300,0.9379,0.9382,2.40,2.40
2008.04.15 02:01:53.510,0.9379,0.9382,2.40,2.40
2008.04.15 02:01:54.531,0.9379,0.9382,2.40,2.40
2008.04.15 02:01:54.782,0.9379,0.9381,2.40,2.40
2008.04.15 02:01:55.032,0.9379,0.9382,2.40,2.50
2008.04.15 02:01:56.157,0.9379,0.9382,2.40,2.50
2008.04.15 02:01:56.377,0.9379,0.9381,2.40,2.40
2008.04.15 02:01:58.579,0.9379,0.9381,2.40,2.40
2008.04.15 02:01:58.760,0.9379,0.9382,2.40,2.50
2008.04.15 02:01:59.180,0.9379,0.9382,2.40,2.50
2008.04.15 02:01:59.575,0.9379,0.9382,2.40,2.50
2008.04.15 02:01:59.855,0.9379,0.9382,4.80,0.20
2008.04.15 02:02:00.097,0.9379,0.9382,4.80,0.20
2008.04.15 02:02:00.315,0.9379,0.9382,2.40,2.50
2008.04.15 02:02:02.041,0.9379,0.9382,2.40,2.50
2008.04.15 02:02:02.272,0.9379,0.9382,2.40,4.10
2008.04.15 02:02:02.501,0.9379,0.9382,2.40,4.10
2008.04.15 02:02:02.876,0.9378,0.9382,6.60,6.50
2008.04.15 02:02:03.121,0.9378,0.9381,4.20,2.40
2008.04.15 02:02:03.366,0.9377,0.9381,6.40,2.40
2008.04.15 02:02:03.611,0.9377,0.9381,4.80,2.40
2008.04.15 02:02:03.856,0.9377,0.9381,4.80,3.20
2008.04.15 02:02:13.627,0.9377,0.9381,4.80,3.40
2008.04.15 02:02:13.838,0.93755,0.9381,0.80,5.80
2008.04.15 02:02:14.050,0.9375,0.9381,3.40,5.80
2008.04.15 02:02:14.379,0.9375,0.9381,3.40,5.80
2008.04.15 02:02:14.663,0.9375,0.9381,3.20,6.00
2008.04.15 02:02:17.559,0.9375,0.9381,3.20,6.00
2008.04.15 02:02:17.765,0.9377,0.9381,2.40,5.70
2008.04.15 02:02:17.968,0.9377,0.9381,4.80,3.20
2008.04.15 02:02:24.023,0.9377,0.9381,4.80,3.20
2008.04.15 02:02:26.597,0.9377,0.9381,4.80,3.20
2008.04.15 02:02:26.822,0.9378,0.93815,4.80,0.20
2008.04.15 02:02:27.048,0.9378,0.9381,2.40,2.40
2008.04.15 02:02:27.686,0.9378,0.9381,2.40,2.40
2008.04.15 02:02:28.338,0.9378,0.9381,2.40,2.40
2008.04.15 02:02:28.547,0.9378,0.9381,2.40,2.40
2008.04.15 02:02:28.757,0.9378,0.9381,2.40,3.20
2008.04.15 02:02:29.215,0.9378,0.9381,2.40,3.20
2008.04.15 02:02:29.438,0.9378,0.9381,2.40,3.20
2008.04.15 02:02:30.120,0.9378,0.9381,2.40,3.20
2008.04.15 02:02:30.350,0.9378,0.9381,2.40,2.40
2008.04.15 02:02:30.871,0.9378,0.9381,2.40,2.40
2008.04.15 02:02:31.633,0.9378,0.9381,2.60,2.40
2008.04.15 02:02:31.859,0.9379,0.9382,2.40,4.10
2008.04.15 02:02:32.084,0.9379,0.9382,4.80,1.70
2008.04.15 02:02:32.370,0.9379,0.9382,4.80,1.70
2008.04.15 02:02:32.632,0.9379,0.9382,2.40,4.10
2008.04.15 02:02:33.149,0.9379,0.9382,2.40,4.10
2008.04.15 02:02:33.406,0.9379,0.9381,2.40,2.40
2008.04.15 02:02:33.640,0.9379,0.9382,2.40,3.30
2008.04.15 02:02:33.875,0.9379,0.9382,4.80,0.20
2008.04.15 02:02:34.110,0.9379,0.9382,2.40,0.20
2008.04.15 02:02:34.344,0.9379,0.9382,2.40,2.50
2008.04.15 02:02:34.599,0.9379,0.9382,2.40,2.50
2008.04.15 02:02:34.959,0.9379,0.9382,2.40,2.50
2008.04.15 02:02:36.549,0.9379,0.9382,2.40,2.50
2008.04.15 02:02:36.764,0.93785,0.9382,0.80,2.50
2008.04.15 02:02:36.980,0.93785,0.9382,0.80,0.20
2008.04.15 02:02:37.195,0.938,0.9383,2.40,4.00
2008.04.15 02:02:37.474,0.938,0.9383,2.40,4.00
2008.04.15 02:02:37.730,0.938,0.9382,2.40,2.40
2008.04.15 02:02:37.984,0.938,0.9382,2.40,2.40
2008.04.15 02:02:38.240,0.938,0.9383,2.40,4.90
2008.04.15 02:02:38.527,0.938,0.9383,2.40,4.10
2008.04.15 02:02:40.018,0.938,0.9383,2.40,4.10
2008.04.15 02:02:41.897,0.938,0.9383,2.40,4.90
2008.04.15 02:02:42.117,0.938,0.9383,2.60,4.90
2008.04.15 02:02:42.337,0.938,0.9383,2.60,4.10
2008.04.15 02:02:47.477,0.938,0.9383,0.30,4.10
2008.04.15 02:02:47.708,0.938,0.9383,0.30,4.10
2008.04.15 02:02:48.192,0.938,0.9383,0.30,4.10
2008.04.15 02:02:48.441,0.9381,0.9383,2.40,2.50
2008.04.15 02:02:48.665,0.9381,0.9383,2.40,2.40
2008.04.15 02:02:48.937,0.9381,0.93835,2.40,0.80
2008.04.15 02:02:49.219,0.9381,0.93835,2.40,0.80
2008.04.15 02:02:49.489,0.9381,0.93835,2.40,0.80
2008.04.15 02:02:51.210,0.9381,0.9384,2.40,2.40
2008.04.15 02:02:51.423,0.9381,0.9384,2.40,2.40
2008.04.15 02:02:51.666,0.9381,0.9384,2.60,2.40
2008.04.15 02:02:51.941,0.9381,0.9384,2.60,2.40
2008.04.15 02:02:52.377,0.9381,0.9384,2.60,2.40
2008.04.15 02:02:52.676,0.9381,0.9384,2.60,2.40
2008.04.15 02:02:55.634,0.9381,0.9384,2.60,2.40
2008.04.15 02:02:55.871,0.9382,0.9385,2.40,2.50
2008.04.15 02:02:56.153,0.9382,0.9385,2.40,2.50
2008.04.15 02:02:56.392,0.9383,0.9386,2.40,0.80
2008.04.15 02:02:56.607,0.9382,0.9386,5.00,2.40
2008.04.15 02:02:56.821,0.9382,0.9386,5.00,2.40
2008.04.15 02:02:57.131,0.9382,0.9386,5.00,2.40
2008.04.15 02:02:57.413,0.9383,0.9386,2.40,3.00
2008.04.15 02:02:57.689,0.9383,0.9386,2.40,3.20
2008.04.15 02:02:57.967,0.9383,0.9386,2.60,2.40
2008.04.15 02:02:58.258,0.9383,0.9386,2.60,2.40
2008.04.15 02:02:58.638,0.9383,0.9386,0.30,4.80
2008.04.15 02:02:58.869,0.9384,0.9387,2.40,2.50
2008.04.15 02:02:59.121,0.9384,0.9387,2.40,3.30
2008.04.15 02:02:59.698,0.9384,0.9387,2.40,3.30
2008.04.15 02:02:59.956,0.9384,0.9387,2.40,2.50
2008.04.15 02:03:01.205,0.9384,0.9387,2.40,2.50
2008.04.15 02:03:01.422,0.9384,0.9386,2.40,2.40
2008.04.15 02:03:02.213,0.9384,0.9386,2.40,2.40
2008.04.15 02:03:02.473,0.9383,0.9386,2.60,2.40
2008.04.15 02:03:02.734,0.9383,0.9386,2.40,2.40
2008.04.15 02:03:03.017,0.9382,0.9386,2.40,4.80
2008.04.15 02:03:03.266,0.9382,0.9386,2.40,5.60
2008.04.15 02:03:03.517,0.9382,0.9386,2.40,5.60
2008.04.15 02:03:03.767,0.9381,0.9385,5.00,2.40
2008.04.15 02:03:04.018,0.9382,0.9385,2.40,2.40
2008.04.15 02:03:04.291,0.9382,0.9386,2.40,6.70
2008.04.15 02:03:04.559,0.9382,0.9386,4.80,6.70
2008.04.15 02:03:05.584,0.9382,0.9386,4.80,6.70
2008.04.15 02:03:05.815,0.9382,0.9385,2.40,2.40
2008.04.15 02:03:06.047,0.938,0.9385,5.00,5.70
2008.04.15 02:03:06.287,0.938,0.9385,5.00,3.30
2008.04.15 02:03:07.390,0.938,0.9385,5.00,3.30
2008.04.15 02:03:08.185,0.938,0.9385,5.00,3.60
2008.04.15 02:03:08.428,0.938,0.9384,2.60,5.70
2008.04.15 02:03:08.672,0.938,0.9384,2.60,5.70
2008.04.15 02:03:08.916,0.9379,0.9384,4.80,3.60
2008.04.15 02:03:09.176,0.9379,0.9384,4.80,3.60
2008.04.15 02:03:09.671,0.9379,0.9384,4.80,3.60
2008.04.15 02:03:09.925,0.9378,0.9384,3.60,6.00
2008.04.15 02:03:11.492,0.9378,0.9384,3.60,6.00
2008.04.15 02:03:11.707,0.9379,0.9384,2.40,3.60
2008.04.15 02:03:11.931,0.9378,0.9384,5.20,6.00
2008.04.15 02:03:12.153,0.9378,0.9384,5.20,6.00
2008.04.15 02:03:12.392,0.9378,0.9384,4.40,6.00
2008.04.15 02:03:13.164,0.93785,0.9384,1.10,5.70
2008.04.15 02:03:13.391,0.938,0.9384,2.40,5.70
2008.04.15 02:03:13.616,0.9379,0.9383,6.60,3.20
2008.04.15 02:03:14.345,0.938,0.9383,0.80,3.20
2008.04.15 02:03:15.234,0.938,0.9383,1.60,2.40
2008.04.15 02:03:15.497,0.938,0.9383,1.60,2.40
2008.04.15 02:03:15.944,0.938,0.9383,1.60,2.40
2008.04.15 02:03:16.186,0.938,0.9383,4.00,2.40
2008.04.15 02:03:16.425,0.938,0.9384,6.40,7.30
2008.04.15 02:03:16.707,0.938,0.9384,4.00,7.30
2008.04.15 02:03:17.226,0.938,0.9384,4.00,6.50
2008.04.15 02:03:17.494,0.938,0.9384,4.00,7.30
2008.04.15 02:03:19.857,0.938,0.9384,4.00,7.30
2008.04.15 02:03:20.102,0.9381,0.9384,2.40,4.90
2008.04.15 02:03:20.347,0.9381,0.9384,2.40,4.10
2008.04.15 02:03:20.634,0.9381,0.9384,2.40,4.10
2008.04.15 02:03:20.874,0.9381,0.9384,2.40,3.30
2008.04.15 02:03:21.153,0.9381,0.9384,2.40,3.30
2008.04.15 02:03:21.393,0.93805,0.9384,0.80,5.70
2008.04.15 02:03:21.653,0.93805,0.9383,0.80,2.40
2008.04.15 02:03:21.913,0.93805,0.9384,0.80,6.50
2008.04.15 02:03:22.173,0.93805,0.9383,0.80,2.40
2008.04.15 02:03:22.433,0.93805,0.9382,0.80,2.40
2008.04.15 02:03:22.668,0.93805,0.9383,0.80,3.30
2008.04.15 02:03:22.905,0.9381,0.93835,2.40,0.80
2008.04.15 02:03:23.140,0.9381,0.93845,4.80,0.80
2008.04.15 02:03:23.376,0.9381,0.9384,0.80,4.90
2008.04.15 02:03:23.612,0.9381,0.9384,0.80,4.90
2008.04.15 02:03:23.903,0.9381,0.9384,0.80,4.90
2008.04.15 02:03:24.192,0.938,0.9384,4.20,4.90
2008.04.15 02:03:24.483,0.938,0.9384,4.20,4.90
2008.04.15 02:03:24.732,0.938,0.9384,4.20,4.90
2008.04.15 02:03:24.953,0.938,0.9384,6.60,2.50
2008.04.15 02:03:25.172,0.938,0.9384,6.60,3.30
2008.04.15 02:03:25.715,0.938,0.9384,6.60,3.30
2008.04.15 02:03:25.984,0.9382,0.9384,2.40,3.30
2008.04.15 02:03:26.254,0.9382,0.9384,2.40,2.50
2008.04.15 02:03:26.523,0.9382,0.9384,2.40,2.50
2008.04.15 02:03:26.948,0.9382,0.9384,2.40,2.50
2008.04.15 02:03:28.067,0.9382,0.9384,2.40,2.50
2008.04.15 02:03:30.691,0.9382,0.9384,2.40,2.50
2008.04.15 02:03:30.934,0.9382,0.9385,5.00,0.80
2008.04.15 02:03:31.201,0.9382,0.9386,5.00,6.50
2008.04.15 02:03:31.465,0.9382,0.9386,4.80,6.80
2008.04.15 02:03:33.211,0.9382,0.9386,4.80,6.80
2008.04.15 02:03:33.414,0.9382,0.9386,5.00,6.50
2008.04.15 02:03:33.615,0.9382,0.9386,5.00,6.50
2008.04.15 02:03:34.233,0.9382,0.9386,5.00,6.50
2008.04.15 02:03:34.518,0.9382,0.9386,4.80,6.80
2008.04.15 02:03:35.777,0.9382,0.93855,4.80,0.30
2008.04.15 02:03:35.981,0.9382,0.9384,2.40,2.40
2008.04.15 02:03:37.661,0.9382,0.9385,2.40,3.30
2008.04.15 02:03:37.708,0.9381,0.9385,5.80,3.30
2008.04.15 02:03:37.752,0.9381,0.9385,5.80,2.50
2008.04.15 02:03:37.918,0.9381,0.9385,5.80,2.50
2008.04.15 02:03:38.059,0.9381,0.9385,5.80,2.50
2008.04.15 02:03:38.151,0.9381,0.9385,5.80,2.50
2008.04.15 02:03:38.347,0.9381,0.9385,4.20,4.90
2008.04.15 02:03:39.659,0.9381,0.9385,4.20,4.90
2008.04.15 02:03:39.982,0.9381,0.9384,4.00,2.40
2008.04.15 02:03:40.315,0.9381,0.9384,4.00,3.20
2008.04.15 02:03:41.742,0.9381,0.9384,4.00,3.20
2008.04.15 02:03:41.956,0.9381,0.9384,4.00,2.40
2008.04.15 02:03:42.224,0.9381,0.9384,4.00,2.40
2008.04.15 02:03:42.723,0.9381,0.9384,4.00,2.40
2008.04.15 02:03:42.959,0.9381,0.9383,4.00,2.40
2008.04.15 02:03:44.956,0.9381,0.9383,4.00,2.40
2008.04.15 02:03:45.192,0.9381,0.9383,4.00,2.40
2008.04.15 02:03:45.728,0.9381,0.9383,4.00,2.40
2008.04.15 02:03:45.988,0.9381,0.9384,6.40,0.20
2008.04.15 02:03:46.204,0.9381,0.9384,6.40,0.20
2008.04.15 02:03:46.419,0.9381,0.9384,4.00,2.50
2008.04.15 02:03:46.633,0.9381,0.9384,4.00,2.50
2008.04.15 02:03:46.848,0.9382,0.93845,2.40,0.80
2008.04.15 02:03:47.131,0.9382,0.9385,2.40,2.40
2008.04.15 02:03:47.427,0.9382,0.9385,2.40,2.40
2008.04.15 02:03:50.785,0.9382,0.9385,2.40,2.40
2008.04.15 02:03:51.016,0.9382,0.9385,2.60,2.40
2008.04.15 02:03:53.869,0.9382,0.9385,2.60,2.40
2008.04.15 02:03:54.051,0.9382,0.93855,5.00,0.80
2008.04.15 02:03:55.128,0.9382,0.93855,5.00,0.80
2008.04.15 02:03:55.328,0.9382,0.9385,2.60,2.40
2008.04.15 02:03:55.532,0.9382,0.9385,2.60,2.40
2008.04.15 02:03:55.736,0.9382,0.9385,2.60,2.40
2008.04.15 02:03:55.961,0.9382,0.9384,2.40,2.40
2008.04.15 02:03:56.184,0.9382,0.9385,2.40,2.40
2008.04.15 02:03:56.713,0.9382,0.9385,2.40,2.40
2008.04.15 02:03:57.051,0.9382,0.93855,5.00,0.80
2008.04.15 02:03:57.240,0.9382,0.93855,2.60,0.80
2008.04.15 02:04:07.643,0.9382,0.9385,2.60,2.40
2008.04.15 02:04:18.683,0.9382,0.9385,2.60,2.40
2008.04.15 02:04:18.902,0.9382,0.9385,0.30,4.80
2008.04.15 02:04:19.123,0.9382,0.9385,0.30,5.70
2008.04.15 02:04:19.342,0.9382,0.9385,0.30,6.50
2008.04.15 02:04:19.693,0.9382,0.9385,0.30,6.50
2008.04.15 02:04:20.053,0.9382,0.9385,0.30,6.50
2008.04.15 02:04:22.847,0.9382,0.9385,0.30,6.50
2008.04.15 02:04:23.045,0.9382,0.9385,2.60,4.10
2008.04.15 02:04:23.241,0.9382,0.9385,2.60,4.10
2008.04.15 02:04:23.638,0.9382,0.9385,2.60,4.10
2008.04.15 02:04:26.678,0.9382,0.9385,2.60,4.10
2008.04.15 02:04:26.903,0.9382,0.9384,2.40,2.40
2008.04.15 02:04:27.129,0.9382,0.9384,2.40,2.40
2008.04.15 02:04:27.365,0.9382,0.9385,2.40,4.90
2008.04.15 02:04:27.590,0.9382,0.9385,2.40,4.90
2008.04.15 02:04:28.119,0.9382,0.9385,2.40,4.90
2008.04.15 02:04:28.370,0.9382,0.9385,2.40,4.90
2008.04.15 02:04:28.642,0.938,0.9385,6.60,4.90
2008.04.15 02:04:33.844,0.938,0.9385,6.60,4.90
2008.04.15 02:04:34.070,0.9381,0.9385,2.60,4.90
2008.04.15 02:04:38.342,0.9381,0.9385,2.60,4.90
2008.04.15 02:04:38.548,0.9381,0.9384,0.30,5.70
2008.04.15 02:04:38.766,0.9381,0.9384,0.30,5.70
2008.04.15 02:04:38.997,0.938,0.9384,4.00,4.90
2008.04.15 02:04:39.246,0.938,0.9384,4.00,4.90
2008.04.15 02:04:41.464,0.938,0.9384,4.00,5.70
2008.04.15 02:04:43.374,0.938,0.9384,4.20,5.70
2008.04.15 02:04:43.574,0.9381,0.9384,2.40,2.50
2008.04.15 02:04:43.819,0.938,0.9384,5.00,2.50
2008.04.15 02:04:44.043,0.938,0.9384,4.20,2.50
2008.04.15 02:04:44.284,0.938,0.9384,4.20,4.90
2008.04.15 02:04:44.912,0.938,0.9384,4.20,4.90
2008.04.15 02:04:47.439,0.9381,0.9384,2.40,2.50
2008.04.15 02:04:47.673,0.9381,0.9384,2.40,2.50
2008.04.15 02:04:51.882,0.9381,0.9384,2.40,2.50
2008.04.15 02:04:52.061,0.938,0.9384,4.20,4.90
2008.04.15 02:04:54.883,0.938,0.9384,4.20,4.90
2008.04.15 02:04:55.150,0.9381,0.9384,2.40,2.50
2008.04.15 02:05:08.889,0.9381,0.9384,2.40,2.50
2008.04.15 02:05:09.103,0.9381,0.9385,2.40,5.70
2008.04.15 02:05:09.331,0.9381,0.9385,2.40,5.70
2008.04.15 02:05:12.374,0.9381,0.9385,2.40,5.70
2008.04.15 02:05:12.605,0.938,0.9384,6.60,2.50
2008.04.15 02:05:14.373,0.938,0.9384,6.60,2.50
2008.04.15 02:05:14.606,0.9382,0.9385,2.40,2.50
2008.04.15 02:05:14.827,0.9382,0.9385,2.40,2.50
2008.04.15 02:05:15.691,0.9382,0.9385,2.40,2.50
2008.04.15 02:05:18.421,0.9382,0.9385,2.40,2.50
2008.04.15 02:05:18.631,0.9382,0.9385,2.40,2.50
2008.04.15 02:05:18.864,0.9382,0.9385,2.40,2.50
2008.04.15 02:05:21.998,0.9382,0.9385,2.40,2.50
2008.04.15 02:05:22.297,0.9382,0.9385,2.40,2.50
2008.04.15 02:05:24.573,0.9382,0.9385,2.40,2.50
2008.04.15 02:05:24.777,0.9382,0.9385,2.40,2.50
2008.04.15 02:05:32.836,0.9382,0.9385,2.40,2.50
2008.04.15 02:05:33.023,0.9383,0.9385,2.40,2.50
2008.04.15 02:05:33.307,0.9383,0.9385,2.40,0.20
2008.04.15 02:05:36.977,0.9383,0.9385,2.40,0.20
2008.04.15 02:05:37.182,0.9382,0.9385,5.00,0.20
2008.04.15 02:05:40.456,0.9382,0.9385,5.00,0.20
2008.04.15 02:05:40.647,0.9382,0.9385,2.60,2.50
2008.04.15 02:05:42.458,0.9382,0.9385,2.60,0.20
2008.04.15 02:05:42.649,0.9382,0.9385,4.80,0.20
2008.04.15 02:05:42.838,0.9382,0.9385,4.80,0.20
2008.04.15 02:05:50.096,0.9382,0.9385,4.80,0.20
2008.04.15 02:05:50.326,0.9382,0.9385,4.80,0.20
2008.04.15 02:05:50.556,0.9381,0.9385,3.40,4.90
2008.04.15 02:05:51.527,0.9381,0.9385,2.60,4.90
2008.04.15 02:05:51.927,0.9381,0.9385,2.60,4.90
2008.04.15 02:05:52.432,0.9381,0.9385,2.60,4.90
2008.04.15 02:05:52.662,0.9381,0.9385,4.80,6.50
2008.04.15 02:05:58.954,0.9381,0.9385,4.80,6.50
2008.04.15 02:06:01.673,0.9381,0.9385,5.60,6.50
2008.04.15 02:06:01.917,0.9382,0.9385,2.40,4.10
2008.04.15 02:06:09.837,0.9382,0.9385,2.40,4.10
2008.04.15 02:06:10.048,0.9382,0.9385,2.40,4.10
2008.04.15 02:06:10.257,0.9382,0.9385,3.20,2.50
2008.04.15 02:06:10.589,0.9382,0.9385,3.20,2.50
2008.04.15 02:06:10.799,0.9382,0.9385,2.40,2.50
2008.04.15 02:06:12.677,0.9382,0.9385,2.40,2.50
2008.04.15 02:06:12.868,0.9381,0.9385,2.40,4.90
2008.04.15 02:06:13.420,0.9381,0.9385,2.40,4.90
2008.04.15 02:06:13.664,0.9381,0.9385,4.80,5.70
2008.04.15 02:06:13.908,0.9381,0.9385,4.80,6.50
2008.04.15 02:06:15.950,0.9381,0.9385,4.80,6.50
2008.04.15 02:06:16.149,0.9381,0.9385,2.40,5.70
2008.04.15 02:06:16.349,0.9382,0.9385,3.20,2.50
2008.04.15 02:06:16.549,0.9382,0.9385,5.60,0.20
2008.04.15 02:06:16.749,0.9382,0.9385,4.80,0.20
2008.04.15 02:06:19.640,0.9382,0.9385,4.80,0.20
2008.04.15 02:06:19.856,0.9382,0.9385,2.40,2.50
2008.04.15 02:06:22.555,0.9382,0.9385,2.40,2.50
2008.04.15 02:06:22.802,0.9381,0.9385,2.60,5.70
2008.04.15 02:06:24.037,0.9382,0.9385,2.40,3.30
2008.04.15 02:06:24.268,0.9382,0.9385,2.40,2.50
2008.04.15 02:06:30.156,0.9382,0.9385,2.40,2.50
2008.04.15 02:06:30.450,0.9382,0.9385,2.40,2.50
2008.04.15 02:06:33.232,0.9382,0.9385,2.40,2.50
2008.04.15 02:06:34.622,0.9382,0.9385,2.40,2.50
2008.04.15 02:06:34.910,0.9381,0.9385,5.00,2.50
2008.04.15 02:06:35.155,0.9381,0.9385,5.00,2.50
2008.04.15 02:06:35.399,0.9382,0.9386,2.40,7.30
2008.04.15 02:06:35.648,0.9382,0.9386,2.40,7.30
2008.04.15 02:06:35.914,0.9382,0.9386,2.40,6.50
2008.04.15 02:06:36.306,0.9382,0.9386,2.40,6.50
2008.04.15 02:06:36.628,0.9382,0.9386,2.40,6.50
2008.04.15 02:06:36.855,0.9382,0.9386,2.40,7.30
2008.04.15 02:06:37.147,0.9382,0.9386,2.40,7.30
2008.04.15 02:06:37.753,0.9382,0.9386,2.40,7.30
2008.04.15 02:06:38.069,0.9382,0.9386,2.40,7.30
2008.04.15 02:06:38.393,0.9382,0.9386,2.40,7.30
2008.04.15 02:06:39.047,0.9382,0.9386,2.40,7.30
2008.04.15 02:06:39.282,0.9382,0.9386,2.40,5.70
2008.04.15 02:06:39.516,0.9382,0.9386,2.40,5.70
2008.04.15 02:06:39.762,0.9382,0.9386,2.40,5.70
2008.04.15 02:06:40.185,0.9382,0.9386,2.40,5.70
2008.04.15 02:06:40.478,0.9382,0.9386,2.40,5.70
2008.04.15 02:06:44.065,0.9382,0.9386,2.40,5.70
2008.04.15 02:06:44.269,0.9381,0.9385,6.60,2.50
2008.04.15 02:06:44.641,0.9381,0.9385,6.60,2.50
2008.04.15 02:06:46.319,0.9381,0.9385,6.60,2.50
2008.04.15 02:06:46.506,0.9383,0.9385,2.40,2.50
2008.04.15 02:06:48.104,0.9383,0.9385,2.40,2.50
2008.04.15 02:06:48.311,0.9383,0.9386,2.40,2.40
2008.04.15 02:06:49.403,0.9383,0.9387,4.80,7.50
2008.04.15 02:06:49.688,0.9383,0.9387,2.40,7.30
2008.04.15 02:06:50.384,0.9383,0.9387,2.40,7.30
2008.04.15 02:06:51.062,0.9383,0.9387,2.40,7.30
2008.04.15 02:06:51.303,0.9382,0.9387,5.00,4.90
2008.04.15 02:06:51.543,0.9383,0.9387,2.40,7.30
2008.04.15 02:06:54.080,0.9383,0.9387,2.40,7.30
2008.04.15 02:06:54.302,0.9382,0.9386,5.00,2.50
2008.04.15 02:06:54.524,0.9383,0.9386,0.30,2.50
2008.04.15 02:06:54.743,0.9383,0.9386,0.30,2.50
2008.04.15 02:06:54.980,0.9383,0.9387,2.60,7.30
2008.04.15 02:06:55.284,0.9384,0.9387,2.40,1.70
2008.04.15 02:06:55.631,0.9384,0.9387,2.40,2.50
2008.04.15 02:06:55.911,0.9383,0.9387,5.00,4.90
2008.04.15 02:06:56.317,0.9383,0.9387,5.00,4.90
2008.04.15 02:06:56.549,0.9383,0.9387,5.00,3.30
2008.04.15 02:07:00.800,0.9383,0.9387,5.00,3.30
2008.04.15 02:07:01.004,0.9383,0.9386,0.30,2.40
2008.04.15 02:07:01.249,0.9383,0.9387,2.60,4.90
2008.04.15 02:07:01.689,0.9383,0.9387,2.60,4.90
2008.04.15 02:07:01.919,0.9383,0.9386,0.30,2.40
2008.04.15 02:07:03.056,0.9383,0.9386,0.30,2.40
2008.04.15 02:07:03.257,0.9383,0.9387,4.80,2.50
2008.04.15 02:07:03.474,0.9383,0.9387,3.20,2.50
2008.04.15 02:07:03.653,0.9383,0.9387,3.20,3.60
2008.04.15 02:07:03.833,0.9382,0.9386,2.60,4.90
2008.04.15 02:07:04.013,0.9382,0.9386,2.60,4.90
2008.04.15 02:07:05.474,0.9382,0.9386,2.60,4.90
2008.04.15 02:07:05.660,0.9382,0.9386,2.60,4.90
2008.04.15 02:07:06.128,0.9382,0.9386,2.60,4.90
2008.04.15 02:07:06.409,0.9382,0.9387,5.80,4.10
2008.04.15 02:07:06.687,0.9382,0.9387,5.00,4.90
2008.04.15 02:07:06.973,0.9382,0.9387,5.00,4.90
2008.04.15 02:07:08.642,0.9382,0.9387,5.00,4.90
2008.04.15 02:07:08.831,0.9383,0.9387,2.40,4.90
2008.04.15 02:07:09.021,0.9383,0.9387,2.40,3.30
2008.04.15 02:07:09.215,0.9383,0.9387,2.40,3.30
2008.04.15 02:07:10.112,0.9383,0.9387,2.40,3.30
2008.04.15 02:07:10.373,0.9383,0.9387,2.60,5.70
2008.04.15 02:07:10.595,0.9383,0.9387,2.60,4.90
2008.04.15 02:07:11.129,0.9383,0.9387,2.60,4.90
2008.04.15 02:07:11.339,0.9384,0.9388,2.40,4.90
2008.04.15 02:07:11.628,0.9383,0.9387,2.60,4.80
2008.04.15 02:07:11.939,0.9383,0.9387,2.60,5.60
2008.04.15 02:07:12.220,0.9384,0.9387,2.40,2.40
2008.04.15 02:07:12.447,0.9384,0.9388,2.40,4.90
2008.04.15 02:07:16.068,0.9384,0.9388,2.40,4.90
2008.04.15 02:07:16.277,0.9384,0.9388,2.60,4.90
2008.04.15 02:07:16.517,0.9384,0.9388,2.60,4.90
2008.04.15 02:07:16.756,0.9384,0.9388,2.60,4.90
2008.04.15 02:07:17.119,0.9384,0.9388,2.60,4.90
2008.04.15 02:07:17.359,0.9384,0.9388,2.60,4.90
2008.04.15 02:07:18.147,0.9384,0.9388,2.60,4.90
2008.04.15 02:07:18.694,0.9384,0.9388,2.60,4.90
2008.04.15 02:07:18.897,0.9384,0.9388,2.60,4.90
2008.04.15 02:07:19.186,0.9384,0.9388,2.60,4.90
2008.04.15 02:07:19.509,0.9384,0.9388,2.60,4.10
2008.04.15 02:07:20.984,0.9384,0.9388,2.60,4.90
2008.04.15 02:07:22.135,0.9384,0.9388,2.60,4.10
2008.04.15 02:07:23.158,0.9384,0.9388,2.60,3.30
2008.04.15 02:07:23.386,0.9384,0.9388,2.60,3.30
2008.04.15 02:07:23.632,0.9384,0.9388,2.60,3.30
2008.04.15 02:07:24.469,0.9384,0.9388,2.60,3.30
2008.04.15 02:07:25.945,0.9384,0.9388,2.60,3.30
2008.04.15 02:07:26.165,0.9384,0.9388,2.60,3.30
2008.04.15 02:07:26.374,0.9384,0.9388,2.60,3.30
2008.04.15 02:07:26.755,0.9384,0.9388,2.60,3.30
2008.04.15 02:07:27.010,0.9384,0.9388,2.60,3.30
2008.04.15 02:07:27.612,0.9384,0.9388,2.60,3.30
2008.04.15 02:07:30.162,0.9384,0.9388,2.60,5.70
2008.04.15 02:07:30.388,0.9384,0.9388,2.60,5.70
2008.04.15 02:07:30.616,0.9384,0.9388,2.60,3.30
2008.04.15 02:07:33.300,0.9384,0.9388,2.60,3.30
2008.04.15 02:07:43.894,0.9384,0.9388,2.60,3.30
2008.04.15 02:07:44.106,0.93835,0.9387,0.80,4.80
2008.04.15 02:07:44.341,0.9384,0.9387,2.40,2.40
2008.04.15 02:07:44.682,0.9384,0.9387,2.40,2.40
2008.04.15 02:07:44.916,0.93835,0.9387,0.80,4.80
2008.04.15 02:07:45.941,0.9384,0.9387,2.40,2.40
2008.04.15 02:07:46.175,0.9384,0.9388,2.40,3.30
2008.04.15 02:07:46.390,0.9384,0.9388,2.40,3.30
2008.04.15 02:07:49.469,0.9384,0.9388,2.40,3.30
2008.04.15 02:07:49.714,0.9384,0.9388,2.60,3.30
2008.04.15 02:07:49.971,0.9384,0.9388,2.60,3.30
2008.04.15 02:07:50.217,0.9384,0.9388,2.60,3.30
2008.04.15 02:07:50.942,0.9384,0.9388,2.60,3.30
2008.04.15 02:07:51.162,0.9384,0.9388,2.60,3.30
2008.04.15 02:07:51.616,0.9384,0.9388,2.60,3.30
2008.04.15 02:08:00.691,0.9384,0.9388,0.30,3.30
2008.04.15 02:08:00.913,0.9384,0.9387,0.30,2.50
2008.04.15 02:08:01.411,0.9384,0.9387,0.30,2.50
2008.04.15 02:08:03.233,0.9384,0.9387,0.30,2.50
2008.04.15 02:08:03.473,0.9384,0.9387,0.30,2.50
2008.04.15 02:08:04.713,0.9384,0.9387,0.30,2.50
2008.04.15 02:08:08.235,0.9384,0.9387,0.30,2.80
2008.04.15 02:08:08.493,0.93835,0.9386,0.80,2.50
2008.04.15 02:08:08.749,0.9382,0.9385,5.00,1.60
2008.04.15 02:08:08.971,0.9382,0.9386,2.60,6.50
2008.04.15 02:08:09.190,0.9382,0.9386,2.60,6.50
2008.04.15 02:08:09.412,0.9382,0.9385,2.60,1.60
2008.04.15 02:08:09.690,0.9382,0.9385,2.60,1.60
2008.04.15 02:08:09.910,0.9382,0.9386,2.60,7.30
2008.04.15 02:08:26.795,0.9382,0.9386,2.60,7.30
2008.04.15 02:08:27.011,0.9382,0.9385,0.30,2.40
2008.04.15 02:08:27.246,0.9382,0.93855,2.60,0.80
2008.04.15 02:08:27.779,0.9382,0.9385,2.60,0.80
2008.04.15 02:08:28.195,0.9382,0.9385,3.40,1.60
2008.04.15 02:08:31.771,0.9382,0.9385,4.20,1.60
2008.04.15 02:08:31.997,0.9382,0.9385,1.80,4.00
2008.04.15 02:08:33.560,0.9382,0.9385,4.20,4.00
2008.04.15 02:08:36.363,0.9382,0.9385,4.20,4.00
2008.04.15 02:08:36.590,0.93825,0.9385,0.80,4.00
2008.04.15 02:08:38.458,0.93825,0.9385,0.80,4.00
2008.04.15 02:08:38.678,0.93825,0.9385,0.80,4.00
2008.04.15 02:08:39.887,0.93825,0.9385,0.80,4.00
2008.04.15 02:08:40.268,0.93825,0.9385,0.80,4.00
2008.04.15 02:08:40.543,0.93825,0.9385,0.80,4.80
2008.04.15 02:08:40.825,0.93825,0.9385,0.80,4.80
2008.04.15 02:08:41.040,0.9382,0.9385,1.60,4.80
2008.04.15 02:08:41.339,0.9382,0.9385,1.60,4.80
2008.04.15 02:08:41.599,0.9382,0.9385,0.80,4.00
2008.04.15 02:08:41.859,0.93815,0.9385,0.80,4.20
2008.04.15 02:08:42.120,0.93815,0.9384,0.80,1.60
2008.04.15 02:08:42.379,0.9381,0.9384,1.60,4.00
2008.04.15 02:08:42.663,0.9381,0.9384,1.60,4.80
2008.04.15 02:08:43.332,0.9382,0.9384,0.80,4.80
2008.04.15 02:08:43.577,0.938,0.9384,5.80,4.80
2008.04.15 02:08:43.844,0.93805,0.9384,0.80,4.00
2008.04.15 02:08:44.073,0.93805,0.9384,0.80,3.20
2008.04.15 02:08:44.355,0.93805,0.9384,0.80,2.40
2008.04.15 02:08:44.586,0.9381,0.9385,2.40,4.40
2008.04.15 02:08:45.768,0.9381,0.9385,2.40,4.40
2008.04.15 02:08:45.978,0.9381,0.9384,0.30,2.40
2008.04.15 02:08:46.189,0.9381,0.9384,2.60,2.40
2008.04.15 02:08:50.813,0.9381,0.9384,2.60,2.40
2008.04.15 02:08:53.534,0.9381,0.9384,2.60,2.40
2008.04.15 02:09:00.779,0.9381,0.9384,2.60,2.40
2008.04.15 02:09:00.996,0.9381,0.93845,5.00,0.80
2008.04.15 02:09:01.224,0.9381,0.93845,5.00,0.80
2008.04.15 02:09:05.856,0.9381,0.93845,5.00,0.80
2008.04.15 02:09:06.091,0.9381,0.9384,2.60,2.40
2008.04.15 02:09:06.842,0.9381,0.9384,2.60,2.40
2008.04.15 02:09:07.060,0.9381,0.9384,2.60,2.40
2008.04.15 02:09:08.831,0.9381,0.93845,2.60,0.80
2008.04.15 02:09:09.031,0.9381,0.93845,5.00,0.80
2008.04.15 02:09:09.231,0.9381,0.93845,5.00,0.80
2008.04.15 02:09:09.490,0.9381,0.9384,0.30,4.00
2008.04.15 02:09:09.750,0.9381,0.9384,0.30,4.00
2008.04.15 02:09:11.675,0.9381,0.9384,0.30,4.00
2008.04.15 02:09:13.448,0.9381,0.9384,0.30,4.00
2008.04.15 02:09:13.649,0.9381,0.9384,0.30,4.00
2008.04.15 02:09:13.875,0.9381,0.9384,2.60,1.60
2008.04.15 02:09:23.886,0.9381,0.9384,2.60,1.60
2008.04.15 02:09:24.133,0.9382,0.9384,0.30,0.80
2008.04.15 02:09:24.619,0.9382,0.9385,0.30,6.50
2008.04.15 02:09:24.900,0.9382,0.9385,0.30,6.50
2008.04.15 02:09:26.703,0.9382,0.9385,0.30,5.70
2008.04.15 02:09:26.883,0.9382,0.9385,0.30,2.40
2008.04.15 02:09:27.063,0.9382,0.9385,0.30,2.40
2008.04.15 02:09:27.274,0.9382,0.9385,0.30,2.40
2008.04.15 02:09:33.343,0.9382,0.9385,0.30,2.40
2008.04.15 02:09:33.679,0.9383,0.9385,0.80,2.40
2008.04.15 02:09:33.956,0.9383,0.9386,1.80,2.40
2008.04.15 02:09:34.248,0.9383,0.9387,1.80,7.30
2008.04.15 02:09:34.512,0.9383,0.9387,4.20,6.50
2008.04.15 02:09:36.028,0.9383,0.9387,4.20,6.50
2008.04.15 02:09:36.252,0.9383,0.9386,0.30,3.20
2008.04.15 02:09:36.499,0.9383,0.9386,0.30,3.30
2008.04.15 02:09:36.724,0.9383,0.9386,0.30,3.30
2008.04.15 02:09:37.216,0.9383,0.9386,0.30,3.30
2008.04.15 02:09:37.460,0.9383,0.9386,0.30,2.50
2008.04.15 02:09:37.705,0.9383,0.9386,1.00,2.50
2008.04.15 02:09:37.974,0.9383,0.9386,1.80,2.50
2008.04.15 02:09:38.225,0.9383,0.9387,4.20,7.30
2008.04.15 02:09:38.497,0.9383,0.9387,4.20,6.50
2008.04.15 02:09:43.898,0.9383,0.9387,4.20,6.50
2008.04.15 02:09:44.093,0.9384,0.9387,0.30,6.50
2008.04.15 02:09:44.293,0.9384,0.9387,0.30,6.50
2008.04.15 02:09:45.877,0.9384,0.9387,0.30,6.50
2008.04.15 02:09:46.157,0.9384,0.9387,0.30,6.50
2008.04.15 02:09:46.352,0.9384,0.9387,0.30,6.50
2008.04.15 02:09:46.681,0.9384,0.9387,0.30,6.50
2008.04.15 02:09:46.876,0.9384,0.9387,0.30,4.90
2008.04.15 02:09:47.516,0.9384,0.9387,0.30,5.70
2008.04.15 02:09:47.806,0.9384,0.9387,0.30,4.90
2008.04.15 02:09:49.153,0.9384,0.9387,0.30,4.80
2008.04.15 02:09:49.394,0.9384,0.9387,2.60,2.40
2008.04.15 02:09:49.609,0.9384,0.9388,2.60,3.30
2008.04.15 02:09:49.824,0.9384,0.9388,2.60,3.30
2008.04.15 02:09:50.124,0.9384,0.9388,3.40,3.30
2008.04.15 02:09:50.404,0.9385,0.9389,2.60,6.50
2008.04.15 02:09:50.685,0.9386,0.9389,0.30,6.50
2008.04.15 02:09:50.966,0.9386,0.9389,0.30,6.50
2008.04.15 02:09:51.455,0.9386,0.9389,0.30,6.50
2008.04.15 02:09:51.714,0.9386,0.9389,0.30,6.50
2008.04.15 02:09:51.944,0.9386,0.9389,2.60,4.10
2008.04.15 02:09:52.174,0.9386,0.9389,2.60,3.20
2008.04.15 02:09:52.408,0.9386,0.9389,0.30,4.80
2008.04.15 02:09:52.981,0.9386,0.9389,0.30,2.40
2008.04.15 02:09:53.438,0.9386,0.9389,0.30,2.40
2008.04.15 02:09:53.693,0.9386,0.9389,0.30,2.40
2008.04.15 02:09:54.027,0.9386,0.9389,0.30,2.40
2008.04.15 02:09:54.457,0.9386,0.9389,0.30,4.80
2008.04.15 02:09:54.877,0.9386,0.9389,0.30,2.40
2008.04.15 02:09:55.286,0.9386,0.9389,0.30,2.40
2008.04.15 02:09:55.521,0.9386,0.9389,0.30,4.80
2008.04.15 02:09:55.755,0.9386,0.9389,0.30,4.90
2008.04.15 02:09:55.993,0.9386,0.9389,0.30,4.90
2008.04.15 02:09:56.227,0.9386,0.9389,0.30,4.90
2008.04.15 02:09:56.643,0.9386,0.9389,0.30,4.90
2008.04.15 02:10:01.066,0.9386,0.9389,0.30,4.90
2008.04.15 02:10:01.267,0.9386,0.9389,0.30,2.50
2008.04.15 02:10:02.447,0.9386,0.9389,0.30,4.90
2008.04.15 02:10:02.864,0.9386,0.9389,0.30,4.90
2008.04.15 02:10:03.112,0.9386,0.93895,5.00,0.80
2008.04.15 02:10:03.370,0.9386,0.939,5.00,5.70
2008.04.15 02:10:03.684,0.9386,0.939,5.00,5.70
2008.04.15 02:10:04.213,0.9386,0.939,5.00,5.70
2008.04.15 02:10:05.298,0.9386,0.939,5.00,6.50
2008.04.15 02:10:05.856,0.9386,0.939,2.60,6.50
2008.04.15 02:10:06.105,0.9387,0.939,0.30,6.50
2008.04.15 02:10:06.355,0.9387,0.939,2.60,4.00
2008.04.15 02:10:06.768,0.9387,0.939,2.60,3.20
2008.04.15 02:10:06.990,0.9387,0.939,2.60,2.40
2008.04.15 02:10:07.225,0.9387,0.9391,5.00,6.50
2008.04.15 02:10:08.656,0.9387,0.9391,5.00,6.50
2008.04.15 02:10:09.187,0.9387,0.9391,2.60,6.50
2008.04.15 02:10:11.600,0.9387,0.9391,2.60,6.50
2008.04.15 02:10:11.866,0.9387,0.9391,2.60,4.10
2008.04.15 02:10:12.129,0.9387,0.939,0.30,2.40
2008.04.15 02:10:12.694,0.9387,0.939,0.30,2.40
2008.04.15 02:10:12.924,0.9387,0.939,0.30,2.50
2008.04.15 02:10:13.154,0.9387,0.939,0.30,2.50
2008.04.15 02:10:13.494,0.9387,0.939,0.30,4.90
2008.04.15 02:10:17.207,0.9387,0.939,0.30,4.90
2008.04.15 02:10:17.612,0.9387,0.939,0.30,4.90
2008.04.15 02:10:18.138,0.9387,0.939,0.30,4.90
2008.04.15 02:10:18.369,0.9387,0.939,0.30,4.90
2008.04.15 02:10:18.669,0.9387,0.939,0.30,4.90
2008.04.15 02:10:18.899,0.9387,0.939,0.30,4.90
2008.04.15 02:10:20.750,0.9387,0.939,0.30,4.90
2008.04.15 02:10:21.178,0.9387,0.939,0.30,4.90
2008.04.15 02:10:21.693,0.9387,0.939,0.30,4.90
2008.04.15 02:10:22.137,0.9387,0.939,0.30,4.90
2008.04.15 02:10:22.373,0.9387,0.939,0.30,4.90
2008.04.15 02:10:22.609,0.9387,0.939,2.60,2.40
2008.04.15 02:10:22.886,0.9387,0.939,2.60,2.40
2008.04.15 02:10:23.111,0.9387,0.939,0.30,4.80
2008.04.15 02:10:23.337,0.9387,0.939,0.30,4.90
2008.04.15 02:10:23.562,0.9387,0.939,0.30,4.90
2008.04.15 02:10:23.973,0.9387,0.939,0.30,4.90
2008.04.15 02:10:24.450,0.9387,0.939,0.30,4.90
2008.04.15 02:10:24.780,0.9387,0.939,0.30,4.90
2008.04.15 02:10:25.049,0.9387,0.939,2.60,2.40
2008.04.15 02:10:25.259,0.9387,0.939,2.60,2.40
2008.04.15 02:10:25.471,0.9387,0.939,2.60,2.40
2008.04.15 02:10:26.369,0.9387,0.939,0.30,4.80
2008.04.15 02:10:26.645,0.9387,0.93905,5.00,0.80
2008.04.15 02:10:26.845,0.9387,0.93905,5.00,0.80
2008.04.15 02:10:27.326,0.9387,0.93905,5.00,0.80
2008.04.15 02:10:28.198,0.9387,0.93905,5.00,0.80
2008.04.15 02:10:30.109,0.9387,0.93905,2.60,0.80
2008.04.15 02:10:30.349,0.9387,0.939,0.30,4.80
2008.04.15 02:10:30.588,0.9387,0.939,0.30,4.80
2008.04.15 02:10:30.828,0.9387,0.939,0.30,4.80
2008.04.15 02:10:31.508,0.9387,0.939,0.30,4.80
2008.04.15 02:10:32.616,0.9387,0.939,0.30,4.80
2008.04.15 02:10:33.479,0.9387,0.939,0.30,4.80
2008.04.15 02:10:33.705,0.9387,0.939,2.60,2.40
2008.04.15 02:10:34.277,0.9387,0.939,2.60,2.40
2008.04.15 02:10:35.549,0.9387,0.939,2.60,2.40
2008.04.15 02:10:40.534,0.9387,0.939,2.60,2.40
2008.04.15 02:10:41.632,0.9387,0.939,2.60,2.40
2008.04.15 02:10:44.341,0.9387,0.939,2.60,2.40
2008.04.15 02:10:44.585,0.9387,0.939,0.30,4.80
2008.04.15 02:10:44.830,0.9387,0.939,0.30,4.80
2008.04.15 02:10:46.129,0.9387,0.939,0.30,4.80
2008.04.15 02:10:46.349,0.9387,0.939,2.60,2.40
2008.04.15 02:10:48.842,0.9387,0.939,2.60,2.40
2008.04.15 02:10:49.182,0.9387,0.939,0.30,4.80
2008.04.15 02:10:49.435,0.9387,0.939,0.30,4.80
2008.04.15 02:10:49.690,0.9387,0.939,0.30,4.90
2008.04.15 02:10:53.609,0.9387,0.939,0.30,4.90
2008.04.15 02:10:53.825,0.9387,0.9389,0.30,2.40
2008.04.15 02:10:55.345,0.9387,0.9389,0.30,2.40
2008.04.15 02:10:55.560,0.9387,0.9389,0.30,4.80
2008.04.15 02:10:55.775,0.9387,0.9389,0.30,4.80
2008.04.15 02:10:55.990,0.9386,0.9389,0.30,4.80
2008.04.15 02:10:56.205,0.9386,0.9389,0.30,4.90
2008.04.15 02:10:56.419,0.9386,0.9389,0.30,4.90
2008.04.15 02:10:56.669,0.9386,0.9389,2.60,2.50
2008.04.15 02:10:56.920,0.9386,0.9389,2.60,2.50
2008.04.15 02:10:57.170,0.9386,0.9389,2.60,2.50
2008.04.15 02:10:57.919,0.9386,0.9389,2.60,2.50
2008.04.15 02:10:58.272,0.9386,0.9389,2.60,2.50
2008.04.15 02:10:58.639,0.9386,0.9389,2.60,2.50
2008.04.15 02:10:59.594,0.9386,0.9389,2.60,2.50
2008.04.15 02:10:59.965,0.9386,0.9389,2.60,2.50
2008.04.15 02:11:00.590,0.9386,0.9389,2.60,2.50
2008.04.15 02:11:01.982,0.9386,0.9389,2.60,2.50
2008.04.15 02:11:02.209,0.9386,0.93895,2.60,0.80
2008.04.15 02:11:02.432,0.9386,0.93895,2.60,0.80
2008.04.15 02:11:02.656,0.9386,0.939,2.60,5.70
2008.04.15 02:11:02.961,0.9386,0.939,2.60,5.70
2008.04.15 02:11:03.408,0.9386,0.939,2.60,5.70
2008.04.15 02:11:05.152,0.9386,0.939,2.60,5.70
2008.04.15 02:11:05.465,0.9386,0.939,2.60,5.70
2008.04.15 02:11:07.922,0.9386,0.939,2.60,5.70
2008.04.15 02:11:08.187,0.9386,0.9389,2.60,2.40
2008.04.15 02:11:08.430,0.9386,0.9389,2.60,2.40
2008.04.15 02:11:08.669,0.9386,0.9389,2.60,2.40
2008.04.15 02:11:09.636,0.9386,0.9389,2.60,2.40
2008.04.15 02:11:09.850,0.9386,0.939,2.60,5.70
2008.04.15 02:11:10.090,0.9387,0.939,2.40,2.40
2008.04.15 02:11:10.439,0.9387,0.939,2.40,2.40
2008.04.15 02:11:11.084,0.9386,0.939,2.60,4.80
2008.04.15 02:11:11.332,0.9386,0.939,2.60,5.60
2008.04.15 02:11:11.582,0.9386,0.939,2.60,5.60
2008.04.15 02:11:11.885,0.9386,0.939,2.60,5.60
2008.04.15 02:11:12.132,0.9386,0.9389,2.60,2.40
2008.04.15 02:11:13.522,0.9386,0.9389,2.60,2.40
2008.04.15 02:11:18.584,0.9386,0.9389,2.60,2.40
2008.04.15 02:11:18.799,0.9386,0.939,5.00,4.90
2008.04.15 02:11:19.053,0.9386,0.939,5.00,4.90
2008.04.15 02:11:21.309,0.9386,0.939,5.00,4.90
2008.04.15 02:11:21.535,0.9386,0.939,5.00,6.50
2008.04.15 02:11:22.743,0.9386,0.939,5.00,6.50
2008.04.15 02:11:25.136,0.9386,0.939,5.00,5.70
2008.04.15 02:11:25.355,0.9387,0.939,2.40,2.40
2008.04.15 02:11:25.569,0.9387,0.939,2.40,2.40
2008.04.15 02:11:26.381,0.9387,0.939,2.40,2.40
2008.04.15 02:11:26.661,0.9387,0.939,2.40,2.40
2008.04.15 02:11:28.671,0.9387,0.939,2.40,2.40
2008.04.15 02:11:28.941,0.9386,0.9389,0.30,2.40
2008.04.15 02:11:29.211,0.9386,0.9389,0.30,2.40
2008.04.15 02:11:29.455,0.9386,0.9389,0.30,2.40
2008.04.15 02:11:29.942,0.9386,0.9389,0.30,2.40
2008.04.15 02:11:30.164,0.9386,0.939,2.60,5.70
2008.04.15 02:11:30.468,0.9386,0.939,2.60,5.70
2008.04.15 02:11:30.851,0.9387,0.939,2.40,3.30
2008.04.15 02:11:31.068,0.9387,0.939,2.40,2.40
2008.04.15 02:11:31.318,0.9387,0.939,2.40,2.40
2008.04.15 02:11:31.690,0.9387,0.939,2.40,2.40
2008.04.15 02:11:31.940,0.9387,0.939,2.40,2.40
2008.04.15 02:11:32.194,0.9387,0.939,2.40,2.40
2008.04.15 02:11:32.413,0.9386,0.9389,0.30,2.40
2008.04.15 02:11:32.655,0.9386,0.9389,0.30,2.40
2008.04.15 02:11:32.874,0.9386,0.9389,0.30,2.40
2008.04.15 02:11:33.321,0.9386,0.9389,0.30,2.40
2008.04.15 02:11:33.587,0.9386,0.939,2.60,5.70
2008.04.15 02:11:34.205,0.9386,0.939,2.60,5.70
2008.04.15 02:11:36.629,0.9386,0.939,2.60,5.70
2008.04.15 02:11:36.840,0.9386,0.9389,0.30,2.40
2008.04.15 02:11:41.329,0.9386,0.9389,0.30,2.40
2008.04.15 02:11:41.584,0.9386,0.9389,0.30,2.40
2008.04.15 02:11:41.841,0.9385,0.9389,5.00,3.20
2008.04.15 02:11:42.092,0.9385,0.9389,5.00,3.20
2008.04.15 02:11:43.212,0.9385,0.9389,5.00,3.20
2008.04.15 02:11:43.682,0.9385,0.9388,2.60,2.40
2008.04.15 02:11:43.887,0.9385,0.9388,0.30,2.40
2008.04.15 02:11:44.091,0.9385,0.9388,0.30,2.40
2008.04.15 02:11:44.420,0.9385,0.9388,0.30,2.40
2008.04.15 02:11:44.675,0.9385,0.9389,5.00,3.30
2008.04.15 02:11:44.971,0.9385,0.9389,5.00,3.30
2008.04.15 02:11:49.884,0.9385,0.9389,5.00,3.30
2008.04.15 02:11:50.192,0.9385,0.9389,5.00,3.30
2008.04.15 02:11:53.916,0.9385,0.9389,5.00,3.30
2008.04.15 02:11:56.884,0.9385,0.9389,5.00,0.90
2008.04.15 02:11:57.093,0.9385,0.939,5.00,4.90
2008.04.15 02:11:57.303,0.9385,0.939,5.60,4.90
2008.04.15 02:12:00.142,0.9385,0.939,5.60,4.10
2008.04.15 02:12:00.381,0.93855,0.939,0.60,0.80
2008.04.15 02:12:00.952,0.93855,0.9391,0.60,5.70
2008.04.15 02:12:01.187,0.93855,0.939,0.30,3.20
2008.04.15 02:12:01.461,0.93855,0.939,0.30,3.20
2008.04.15 02:12:01.695,0.93855,0.939,0.30,3.20
2008.04.15 02:12:07.176,0.93855,0.939,0.30,3.20
2008.04.15 02:12:07.653,0.9385,0.9389,3.20,2.40
2008.04.15 02:12:07.868,0.9385,0.9389,5.20,3.20
2008.04.15 02:12:08.191,0.9385,0.9389,5.20,2.40
2008.04.15 02:12:08.729,0.9385,0.9389,5.20,3.20
2008.04.15 02:12:08.970,0.9385,0.9389,5.20,3.20
2008.04.15 02:12:11.382,0.9385,0.9389,5.20,3.20
2008.04.15 02:12:11.593,0.9385,0.9389,3.20,3.20
2008.04.15 02:12:11.802,0.9385,0.939,3.20,4.10
2008.04.15 02:12:12.385,0.9386,0.939,2.40,3.30
2008.04.15 02:12:12.645,0.9386,0.939,4.80,3.20
2008.04.15 02:12:13.206,0.9386,0.939,4.80,3.20
2008.04.15 02:12:15.636,0.9386,0.939,4.80,3.20
2008.04.15 02:12:15.847,0.9385,0.939,3.20,3.20
2008.04.15 02:12:16.057,0.9385,0.939,3.20,3.20
2008.04.15 02:12:16.719,0.9385,0.939,3.20,3.20
2008.04.15 02:12:17.223,0.9385,0.939,3.20,3.20
2008.04.15 02:12:19.610,0.9385,0.939,2.80,3.20
2008.04.15 02:12:19.846,0.9385,0.9389,5.00,3.20
2008.04.15 02:12:20.054,0.9385,0.9389,5.00,3.20
2008.04.15 02:12:20.264,0.9385,0.9389,5.00,2.40
2008.04.15 02:12:20.493,0.9385,0.939,3.00,4.90
2008.04.15 02:12:20.748,0.9385,0.939,3.20,3.30
2008.04.15 02:12:21.150,0.9385,0.939,3.20,3.30
2008.04.15 02:12:28.507,0.9385,0.939,3.20,3.30
2008.04.15 02:12:28.773,0.9384,0.93895,7.60,1.00
2008.04.15 02:12:29.038,0.9384,0.939,4.00,6.50
2008.04.15 02:12:29.302,0.9384,0.939,4.00,4.90
2008.04.15 02:12:29.658,0.9384,0.939,4.00,4.90
2008.04.15 02:12:29.893,0.9384,0.939,4.00,5.10
2008.04.15 02:12:39.151,0.9384,0.939,4.00,5.10
2008.04.15 02:12:39.328,0.9384,0.9389,3.40,2.40
2008.04.15 02:12:39.674,0.9384,0.9389,3.40,2.40
2008.04.15 02:12:39.873,0.9385,0.9389,2.40,2.40
2008.04.15 02:12:40.126,0.9385,0.9389,4.80,2.40
2008.04.15 02:12:40.668,0.9385,0.9389,4.80,2.40
2008.04.15 02:12:41.256,0.9385,0.9389,4.80,3.20
2008.04.15 02:12:41.770,0.9385,0.9389,4.80,2.40
2008.04.15 02:12:44.343,0.9385,0.9389,4.80,3.20
2008.04.15 02:12:44.752,0.9385,0.9389,4.80,2.40
2008.04.15 02:12:47.287,0.9385,0.9389,4.80,2.40
2008.04.15 02:12:50.917,0.9385,0.9389,4.80,2.40
2008.04.15 02:12:51.114,0.9386,0.939,2.40,4.80
2008.04.15 02:12:51.309,0.9386,0.939,4.80,3.20
2008.04.15 02:12:51.653,0.9386,0.939,4.80,3.20
2008.04.15 02:12:51.959,0.9386,0.939,4.80,3.20
2008.04.15 02:12:52.684,0.9386,0.939,4.80,3.20
2008.04.15 02:12:53.250,0.9386,0.939,4.80,3.20
2008.04.15 02:12:53.659,0.9386,0.939,4.80,3.20
2008.04.15 02:12:54.409,0.9386,0.939,4.80,3.20
2008.04.15 02:12:56.334,0.9386,0.939,2.40,3.20
2008.04.15 02:12:56.580,0.9385,0.939,3.20,3.20
2008.04.15 02:12:56.826,0.9385,0.939,3.20,3.20
2008.04.15 02:13:00.133,0.9385,0.939,3.20,3.20
2008.04.15 02:13:09.885,0.9385,0.939,3.20,3.20
2008.04.15 02:13:10.071,0.9385,0.9389,5.40,2.40
2008.04.15 02:13:10.396,0.9385,0.9389,5.40,2.40
2008.04.15 02:13:10.690,0.9385,0.9389,5.00,2.40
2008.04.15 02:13:12.142,0.9385,0.939,5.00,4.90
2008.04.15 02:13:12.345,0.9385,0.939,2.80,4.90
2008.04.15 02:13:12.618,0.9385,0.939,3.20,4.90
2008.04.15 02:13:13.427,0.9385,0.939,3.20,4.90
2008.04.15 02:13:14.602,0.9386,0.939,2.40,4.90
2008.04.15 02:13:14.783,0.9386,0.939,2.40,4.00
2008.04.15 02:13:14.963,0.9386,0.939,4.80,3.20
2008.04.15 02:13:15.168,0.9386,0.939,4.80,3.20
2008.04.15 02:13:17.908,0.9386,0.939,4.80,3.20
2008.04.15 02:13:18.188,0.9385,0.9389,5.00,3.20
2008.04.15 02:13:18.450,0.9385,0.9389,5.00,2.40
2008.04.15 02:13:19.572,0.9385,0.9389,5.00,2.40
2008.04.15 02:13:19.792,0.9385,0.9389,5.00,3.20
2008.04.15 02:13:20.012,0.9385,0.9389,5.00,2.40
2008.04.15 02:13:21.377,0.9385,0.9389,5.00,2.40
2008.04.15 02:13:21.612,0.9385,0.9389,5.00,3.20
2008.04.15 02:13:21.901,0.9385,0.9389,6.20,3.20
2008.04.15 02:13:22.100,0.9385,0.9389,7.20,2.40
2008.04.15 02:13:22.458,0.9385,0.9389,7.20,2.40
2008.04.15 02:13:23.014,0.9385,0.9389,7.20,2.40
2008.04.15 02:13:24.433,0.9385,0.9389,7.20,2.40
2008.04.15 02:13:24.670,0.9385,0.9389,7.20,2.40
2008.04.15 02:13:25.352,0.9386,0.9389,0.30,2.40
2008.04.15 02:13:25.625,0.9386,0.939,3.40,6.50
2008.04.15 02:13:25.958,0.9386,0.939,6.60,4.10
2008.04.15 02:13:26.191,0.9386,0.939,6.60,4.10
2008.04.15 02:13:28.373,0.9386,0.939,6.60,4.10
2008.04.15 02:13:28.559,0.9386,0.939,7.00,2.40
2008.04.15 02:13:30.558,0.9387,0.939,2.40,2.40
2008.04.15 02:13:30.799,0.9387,0.9391,4.80,4.10
2008.04.15 02:13:31.011,0.93865,0.939,1.10,2.40
2008.04.15 02:13:31.396,0.93865,0.939,0.80,2.40
2008.04.15 02:13:32.425,0.9387,0.939,0.30,2.40
2008.04.15 02:13:32.674,0.9387,0.939,2.60,2.40
2008.04.15 02:13:32.898,0.9387,0.9391,2.60,3.30
2008.04.15 02:13:37.134,0.9387,0.9391,2.60,3.30
2008.04.15 02:13:37.380,0.9387,0.939,0.30,3.20
2008.04.15 02:13:37.627,0.9387,0.939,0.30,4.10
2008.04.15 02:13:38.146,0.9387,0.939,0.30,4.10
2008.04.15 02:13:38.386,0.9387,0.939,0.30,3.30
2008.04.15 02:13:38.627,0.9387,0.939,0.30,2.40
2008.04.15 02:13:45.523,0.9387,0.939,2.60,2.40
2008.04.15 02:13:45.766,0.9387,0.9391,5.00,4.10
2008.04.15 02:13:45.987,0.9387,0.9391,5.00,2.50
2008.04.15 02:13:46.355,0.9387,0.9391,5.00,3.30
2008.04.15 02:13:52.152,0.9387,0.9391,2.60,5.70
2008.04.15 02:13:52.419,0.9387,0.9391,2.60,5.70
2008.04.15 02:13:52.629,0.9387,0.939,0.30,2.40
2008.04.15 02:13:54.804,0.9387,0.939,0.30,2.40
2008.04.15 02:13:54.996,0.9387,0.9391,2.60,7.20
2008.04.15 02:13:55.187,0.9387,0.9391,5.00,4.00
2008.04.15 02:13:56.858,0.9387,0.9391,5.00,4.00
2008.04.15 02:13:57.050,0.9387,0.939,0.30,2.50
2008.04.15 02:13:57.381,0.9387,0.939,0.30,2.50
2008.04.15 02:13:57.657,0.9387,0.93905,5.00,0.80
2008.04.15 02:13:59.367,0.9387,0.9391,5.40,2.40
2008.04.15 02:13:59.577,0.9387,0.93915,3.00,0.80
2008.04.15 02:13:59.861,0.9387,0.9391,3.00,2.40
2008.04.15 02:14:00.084,0.9387,0.9391,5.00,4.00
2008.04.15 02:14:00.319,0.9387,0.9391,5.00,4.80
2008.04.15 02:14:00.628,0.9387,0.939,0.30,2.40
2008.04.15 02:14:04.175,0.9387,0.939,2.60,2.40
2008.04.15 02:14:04.416,0.9387,0.939,2.60,2.40
2008.04.15 02:14:04.636,0.9387,0.939,0.30,2.40
2008.04.15 02:14:05.154,0.9387,0.939,0.30,2.40
2008.04.15 02:14:05.408,0.9387,0.939,0.30,2.40
2008.04.15 02:14:05.672,0.9387,0.9391,5.00,4.00
2008.04.15 02:14:09.241,0.9387,0.9391,2.60,4.00
2008.04.15 02:14:10.133,0.9387,0.9391,2.60,4.00
2008.04.15 02:14:10.368,0.9387,0.9392,2.60,4.90
2008.04.15 02:14:10.600,0.93875,0.9392,0.40,4.90
2008.04.15 02:14:10.831,0.9388,0.9392,4.80,4.80
2008.04.15 02:14:11.816,0.9388,0.9392,4.80,4.80
2008.04.15 02:14:14.413,0.9388,0.9392,4.80,4.80
2008.04.15 02:14:14.672,0.9388,0.9392,4.80,3.20
2008.04.15 02:14:15.117,0.9388,0.9392,4.80,3.20
2008.04.15 02:14:15.321,0.9388,0.9392,4.80,3.20
2008.04.15 02:14:15.527,0.9387,0.9391,5.00,2.40
2008.04.15 02:14:15.732,0.9387,0.9391,5.00,2.40
2008.04.15 02:14:15.993,0.9387,0.939,2.60,2.40
2008.04.15 02:14:16.243,0.9387,0.939,2.60,2.40
2008.04.15 02:14:16.757,0.9387,0.939,2.60,2.40
2008.04.15 02:14:17.012,0.9387,0.939,3.00,2.40
2008.04.15 02:14:17.912,0.9387,0.939,3.00,2.40
2008.04.15 02:14:18.267,0.9387,0.939,0.60,2.40
2008.04.15 02:14:18.752,0.9387,0.939,0.60,2.40
2008.04.15 02:14:19.194,0.9387,0.939,0.60,2.40
2008.04.15 02:14:19.434,0.9387,0.939,0.60,2.40
2008.04.15 02:14:21.983,0.9387,0.939,0.60,2.40
2008.04.15 02:14:22.244,0.9388,0.9392,4.80,3.20
2008.04.15 02:14:22.549,0.9388,0.9392,4.80,3.20
2008.04.15 02:14:22.808,0.9388,0.9392,4.80,3.20
2008.04.15 02:14:23.700,0.9388,0.9392,4.80,3.20
2008.04.15 02:14:23.933,0.9388,0.93925,2.60,0.80
2008.04.15 02:14:24.166,0.9388,0.9392,5.00,2.50
2008.04.15 02:14:24.475,0.9388,0.9392,5.40,2.50
2008.04.15 02:14:24.729,0.9389,0.9392,2.60,0.20
2008.04.15 02:14:25.039,0.9389,0.9392,0.30,2.50
2008.04.15 02:14:25.352,0.9389,0.9392,0.30,2.50
2008.04.15 02:14:25.701,0.9389,0.9392,0.30,2.50
2008.04.15 02:14:25.923,0.9389,0.9392,0.30,2.50
2008.04.15 02:14:26.195,0.9389,0.9392,0.30,2.50
2008.04.15 02:14:26.641,0.9389,0.9392,0.30,2.50
2008.04.15 02:14:26.862,0.9389,0.9392,2.60,0.20
2008.04.15 02:14:27.415,0.9389,0.93925,2.60,0.80
2008.04.15 02:14:27.691,0.939,0.9393,4.80,0.20
2008.04.15 02:14:30.167,0.939,0.9393,4.80,0.20
2008.04.15 02:14:30.681,0.939,0.9393,4.80,0.20
2008.04.15 02:14:31.010,0.939,0.9393,4.80,0.20
2008.04.15 02:14:31.282,0.939,0.9393,2.40,2.40
2008.04.15 02:14:34.993,0.939,0.9393,2.40,2.40
2008.04.15 02:14:35.240,0.939,0.9394,4.80,3.20
2008.04.15 02:14:35.485,0.939,0.9394,5.10,3.20
2008.04.15 02:14:35.732,0.939,0.9395,2.70,3.20
2008.04.15 02:14:36.132,0.939,0.9395,2.70,3.20
2008.04.15 02:14:36.412,0.939,0.9395,2.70,3.20
2008.04.15 02:14:37.385,0.939,0.9395,2.70,3.20
2008.04.15 02:14:38.133,0.939,0.9395,2.70,3.20
2008.04.15 02:14:38.378,0.9391,0.9396,2.70,6.40
2008.04.15 02:14:38.629,0.9391,0.9395,2.40,3.20
2008.04.15 02:14:38.879,0.9391,0.9395,2.40,3.20
2008.04.15 02:14:39.144,0.9391,0.9395,2.40,3.20
2008.04.15 02:14:39.408,0.9391,0.9395,2.40,3.20
2008.04.15 02:14:39.673,0.939,0.9395,5.40,3.20
2008.04.15 02:14:40.171,0.9391,0.9395,0.10,3.20
2008.04.15 02:14:40.416,0.9391,0.9395,0.10,3.20
2008.04.15 02:14:40.694,0.9391,0.9394,0.10,3.20
2008.04.15 02:14:40.962,0.9391,0.9394,0.10,3.20
2008.04.15 02:14:41.197,0.9392,0.93955,2.60,0.80
2008.04.15 02:14:41.384,0.9393,0.93955,2.40,0.80
2008.04.15 02:14:41.597,0.9393,0.93965,5.00,0.80
2008.04.15 02:14:41.807,0.9393,0.93965,5.00,0.80
2008.04.15 02:14:42.016,0.9393,0.9396,0.30,4.80
2008.04.15 02:14:42.329,0.9393,0.9396,0.30,3.20
2008.04.15 02:14:42.648,0.9393,0.9396,0.30,2.40
2008.04.15 02:14:43.340,0.9393,0.9396,0.30,2.40
2008.04.15 02:14:43.566,0.9393,0.9396,0.30,2.50
2008.04.15 02:14:45.452,0.9393,0.9396,0.30,2.50
2008.04.15 02:14:45.687,0.9393,0.9396,0.30,2.50
2008.04.15 02:14:46.162,0.9393,0.9396,0.30,2.50
2008.04.15 02:14:46.438,0.9393,0.9396,0.30,3.30
2008.04.15 02:14:46.737,0.9393,0.9396,2.60,0.80
2008.04.15 02:14:47.012,0.9393,0.9397,2.60,5.60
2008.04.15 02:14:47.532,0.9393,0.9397,3.00,5.60
2008.04.15 02:14:47.767,0.9394,0.9397,0.30,4.80
2008.04.15 02:14:48.081,0.9394,0.9397,0.30,4.80
2008.04.15 02:14:48.352,0.9394,0.9397,0.30,4.80
2008.04.15 02:14:48.631,0.9394,0.9397,0.30,4.80
2008.04.15 02:14:49.119,0.9394,0.9397,0.30,5.60
2008.04.15 02:14:49.384,0.9394,0.9397,0.30,6.50
2008.04.15 02:14:49.650,0.9394,0.9397,0.30,7.30
2008.04.15 02:14:49.914,0.9394,0.93965,0.30,0.80
2008.04.15 02:14:51.152,0.9394,0.93965,0.30,0.80
2008.04.15 02:14:51.978,0.9394,0.93965,0.30,0.80
2008.04.15 02:14:52.210,0.9393,0.9396,0.80,2.40
2008.04.15 02:14:52.460,0.9392,0.9396,7.00,4.00
2008.04.15 02:14:52.932,0.9392,0.9396,7.00,4.00
2008.04.15 02:14:53.184,0.9392,0.9396,6.60,4.10
2008.04.15 02:14:53.686,0.9392,0.9396,6.60,4.10
2008.04.15 02:14:54.454,0.9392,0.9396,7.00,4.10
2008.04.15 02:14:54.681,0.9392,0.9396,7.00,2.50
2008.04.15 02:14:54.906,0.9392,0.9396,7.00,2.40
2008.04.15 02:14:58.714,0.9392,0.9396,7.00,2.40
2008.04.15 02:14:58.884,0.9392,0.9396,5.40,2.40
2008.04.15 02:14:59.067,0.9392,0.9396,5.40,3.20
2008.04.15 02:14:59.238,0.9392,0.9396,5.00,3.20
2008.04.15 02:14:59.417,0.9392,0.9396,5.00,3.20
2008.04.15 02:15:05.426,0.9392,0.9396,5.00,3.20
2008.04.15 02:15:05.937,0.9392,0.9396,5.00,3.20
2008.04.15 02:15:09.693,0.9392,0.9396,5.40,3.20
2008.04.15 02:15:09.903,0.9392,0.9396,5.40,2.40
2008.04.15 02:15:10.113,0.9392,0.9396,6.20,2.40
2008.04.15 02:15:10.323,0.9392,0.9396,7.00,3.20
2008.04.15 02:15:10.554,0.9392,0.9396,6.60,3.20
2008.04.15 02:15:10.791,0.9392,0.9396,5.00,3.20
2008.04.15 02:15:11.174,0.9392,0.9396,5.00,3.20
2008.04.15 02:15:11.894,0.9392,0.9396,5.00,3.20
2008.04.15 02:15:29.018,0.9392,0.9396,5.00,3.20
2008.04.15 02:15:29.273,0.9392,0.9395,2.60,2.40
2008.04.15 02:15:29.797,0.9392,0.9395,2.60,2.40
2008.04.15 02:15:31.475,0.9392,0.9395,2.60,2.40
2008.04.15 02:15:31.769,0.93925,0.9395,0.80,2.40
2008.04.15 02:15:31.976,0.93925,0.9395,0.80,2.40
2008.04.15 02:15:32.226,0.93925,0.9395,0.80,2.50
2008.04.15 02:15:32.477,0.93915,0.9395,0.80,2.50
2008.04.15 02:15:32.749,0.9392,0.9395,1.60,2.50
2008.04.15 02:15:33.024,0.9392,0.9395,1.80,2.50
2008.04.15 02:15:33.474,0.9392,0.9395,1.80,2.50
2008.04.15 02:15:34.182,0.9392,0.9395,1.80,2.50
2008.04.15 02:15:34.396,0.9392,0.9395,0.30,2.50
2008.04.15 02:15:35.018,0.9392,0.9395,0.30,2.50
2008.04.15 02:15:35.269,0.9391,0.9395,6.70,3.30
2008.04.15 02:15:35.543,0.9391,0.9395,5.10,3.30
2008.04.15 02:15:35.853,0.9391,0.9395,5.50,3.30
2008.04.15 02:15:36.127,0.9391,0.9395,5.50,2.40
2008.04.15 02:15:36.353,0.9391,0.9395,7.10,2.40
2008.04.15 02:15:37.471,0.9391,0.9395,7.10,2.40
2008.04.15 02:15:37.890,0.9391,0.9395,7.10,2.40
2008.04.15 02:15:38.644,0.9391,0.9395,6.70,2.40
2008.04.15 02:15:38.894,0.9391,0.9395,6.70,2.50
2008.04.15 02:15:39.233,0.9391,0.9395,6.70,2.50
2008.04.15 02:15:39.479,0.9391,0.9395,4.30,4.90
2008.04.15 02:15:39.890,0.9391,0.9395,4.30,4.90
2008.04.15 02:15:40.134,0.9391,0.9395,4.30,5.70
2008.04.15 02:15:41.246,0.9391,0.9395,4.30,5.70
2008.04.15 02:15:41.488,0.9391,0.9395,4.30,6.50
2008.04.15 02:15:41.949,0.9391,0.9395,4.30,6.50
2008.04.15 02:15:42.166,0.9391,0.93945,4.30,0.80
2008.04.15 02:15:42.446,0.9391,0.9394,1.10,2.50
2008.04.15 02:15:43.600,0.9392,0.9394,0.10,2.50
2008.04.15 02:15:43.835,0.9392,0.9393,0.10,2.40
2008.04.15 02:15:44.071,0.9392,0.9393,0.10,2.40
2008.04.15 02:15:44.307,0.9392,0.9393,0.10,2.40
2008.04.15 02:15:44.658,0.9392,0.9393,0.10,2.40
2008.04.15 02:15:44.944,0.9392,0.9394,0.10,4.90
2008.04.15 02:15:45.244,0.9392,0.9394,0.10,4.90
2008.04.15 02:15:45.480,0.9392,0.9394,0.10,2.50
2008.04.15 02:15:45.686,0.9392,0.9394,0.10,2.40
2008.04.15 02:15:45.940,0.9392,0.9394,0.10,5.60
2008.04.15 02:15:46.215,0.9392,0.9394,0.10,5.60
2008.04.15 02:15:46.538,0.9392,0.9393,0.10,2.40
2008.04.15 02:15:46.865,0.9392,0.9393,0.10,2.40
2008.04.15 02:15:47.205,0.9392,0.9393,0.10,2.40
2008.04.15 02:15:47.586,0.9392,0.9393,0.10,2.40
2008.04.15 02:15:47.791,0.9392,0.9394,0.10,2.50
2008.04.15 02:15:48.020,0.9392,0.9394,0.10,2.50
2008.04.15 02:15:48.215,0.9392,0.9394,0.10,2.50
2008.04.15 02:15:48.473,0.9392,0.9394,0.10,2.50
2008.04.15 02:15:48.897,0.9392,0.9394,0.10,2.50
2008.04.15 02:15:49.167,0.9392,0.9394,0.10,2.50
2008.04.15 02:15:49.456,0.9392,0.9395,0.10,3.60
2008.04.15 02:15:49.708,0.9392,0.9395,0.10,4.90
2008.04.15 02:15:49.976,0.9392,0.9395,0.10,5.70
2008.04.15 02:15:50.317,0.9392,0.9395,2.40,3.30
2008.04.15 02:15:50.567,0.9392,0.9395,2.40,2.40
2008.04.15 02:15:50.817,0.9392,0.9395,0.10,3.30
2008.04.15 02:15:51.091,0.9392,0.9395,0.10,0.20
2008.04.15 02:15:51.341,0.9392,0.93955,0.10,0.80
2008.04.15 02:15:51.592,0.9392,0.9395,0.10,5.60
2008.04.15 02:15:51.812,0.9392,0.9395,0.10,5.60
2008.04.15 02:15:52.230,0.9392,0.9395,0.10,5.60
2008.04.15 02:15:52.426,0.9392,0.9395,0.10,3.20
2008.04.15 02:15:52.891,0.9392,0.9395,0.10,3.20
2008.04.15 02:15:53.133,0.9392,0.9394,0.10,3.20
2008.04.15 02:15:53.437,0.9392,0.9394,0.10,3.20
2008.04.15 02:15:53.703,0.9392,0.9394,0.10,3.20
2008.04.15 02:15:53.968,0.9392,0.9394,0.10,4.90
2008.04.15 02:15:54.279,0.9392,0.9394,0.10,4.90
2008.04.15 02:15:54.544,0.9392,0.9394,0.10,4.90
2008.04.15 02:15:55.441,0.9392,0.9394,0.10,4.90
2008.04.15 02:15:55.666,0.9392,0.9394,0.10,2.50
2008.04.15 02:15:55.891,0.9392,0.9394,0.10,2.40
2008.04.15 02:15:56.198,0.9392,0.9394,0.10,2.40
2008.04.15 02:15:56.422,0.9392,0.9394,0.10,2.40
2008.04.15 02:15:57.238,0.9392,0.9394,0.10,4.80
2008.04.15 02:15:58.376,0.9392,0.9394,0.10,4.80
2008.04.15 02:15:58.604,0.9392,0.9395,0.10,4.90
2008.04.15 02:15:58.821,0.9392,0.9394,0.10,4.80
2008.04.15 02:15:59.061,0.9392,0.9394,0.10,4.80
2008.04.15 02:15:59.428,0.9392,0.9394,0.10,4.80
2008.04.15 02:15:59.669,0.9392,0.9394,0.10,2.40
2008.04.15 02:16:00.314,0.9392,0.9394,0.10,2.40
2008.04.15 02:16:00.555,0.9392,0.9394,0.10,2.40
2008.04.15 02:16:02.657,0.9392,0.9394,0.10,2.40
2008.04.15 02:16:07.889,0.9392,0.9394,0.10,2.40
2008.04.15 02:16:08.121,0.9392,0.9395,0.10,7.30
2008.04.15 02:16:08.353,0.9392,0.9395,2.40,4.00
2008.04.15 02:16:08.685,0.9392,0.9395,2.40,4.00
2008.04.15 02:16:08.930,0.9392,0.9395,0.10,7.20
2008.04.15 02:16:09.181,0.9392,0.9395,0.10,7.20
2008.04.15 02:16:11.921,0.9392,0.9394,0.10,2.40
2008.04.15 02:16:12.137,0.9392,0.9394,0.10,2.40
2008.04.15 02:16:12.480,0.9392,0.9394,0.10,2.40
2008.04.15 02:16:13.287,0.9392,0.9394,0.10,2.40
2008.04.15 02:16:13.562,0.9392,0.9395,0.10,5.70
2008.04.15 02:16:13.838,0.9392,0.9395,0.10,5.70
2008.04.15 02:16:14.255,0.9392,0.9395,0.10,5.70
2008.04.15 02:16:14.432,0.9392,0.9395,0.10,5.70
2008.04.15 02:16:15.883,0.9392,0.9395,0.10,5.70
2008.04.15 02:16:16.124,0.9392,0.9395,2.40,3.20
2008.04.15 02:16:16.344,0.9392,0.9395,2.40,3.20
2008.04.15 02:16:16.850,0.9392,0.9395,2.40,3.20
2008.04.15 02:16:18.605,0.9392,0.9395,2.40,3.20
2008.04.15 02:16:18.909,0.9392,0.9395,2.40,3.20
2008.04.15 02:16:19.105,0.9392,0.9395,0.10,5.60
2008.04.15 02:16:19.356,0.9392,0.9395,0.10,5.60
2008.04.15 02:16:19.680,0.9392,0.9395,0.10,5.60
2008.04.15 02:16:22.631,0.9392,0.9395,0.10,5.60
2008.04.15 02:16:22.893,0.9392,0.9394,0.10,2.40
2008.04.15 02:16:24.263,0.9392,0.9394,0.10,2.40
2008.04.15 02:16:24.824,0.9392,0.9394,0.10,2.40
2008.04.15 02:16:25.043,0.9392,0.9394,0.10,2.40
2008.04.15 02:16:28.368,0.9392,0.9395,0.10,5.70
2008.04.15 02:16:28.578,0.9392,0.9395,0.10,5.70
2008.04.15 02:16:43.295,0.9392,0.9395,0.10,5.70
2008.04.15 02:16:43.546,0.9392,0.9395,0.10,4.90
2008.04.15 02:16:43.873,0.9392,0.9395,0.10,4.90
2008.04.15 02:16:44.101,0.9392,0.9395,0.10,5.70
2008.04.15 02:16:44.345,0.9392,0.9395,0.10,6.50
2008.04.15 02:16:44.591,0.9392,0.9394,0.10,2.40
2008.04.15 02:16:45.057,0.9392,0.9394,0.10,2.40
2008.04.15 02:16:45.337,0.9392,0.9394,0.10,2.40
2008.04.15 02:16:45.729,0.9392,0.9394,0.10,2.40
2008.04.15 02:16:50.546,0.9392,0.9394,0.10,2.40
2008.04.15 02:16:50.776,0.9392,0.9393,0.10,2.40
2008.04.15 02:16:51.007,0.9392,0.9393,0.10,2.40
2008.04.15 02:16:51.244,0.9392,0.9393,0.10,2.40
2008.04.15 02:16:51.498,0.9392,0.9393,0.10,3.20
2008.04.15 02:16:51.833,0.9392,0.9393,0.10,3.20
2008.04.15 02:16:52.457,0.9392,0.9393,0.10,3.20
2008.04.15 02:16:54.269,0.9392,0.9393,0.10,3.20
2008.04.15 02:16:54.333,0.9392,0.9393,0.10,3.20
2008.04.15 02:16:54.525,0.9392,0.9393,0.10,3.20
2008.04.15 02:16:54.682,0.9392,0.9393,0.10,0.80
2008.04.15 02:16:54.768,0.9392,0.9394,0.10,6.00
2008.04.15 02:16:54.890,0.9392,0.9394,0.10,6.00
2008.04.15 02:16:54.980,0.9392,0.9394,0.10,5.70
2008.04.15 02:16:55.083,0.9392,0.9394,0.10,5.60
2008.04.15 02:16:55.193,0.9392,0.9394,0.10,3.20
2008.04.15 02:16:55.438,0.9392,0.9394,0.10,3.20
2008.04.15 02:16:57.263,0.9392,0.9394,0.10,3.20
2008.04.15 02:16:57.548,0.9392,0.9394,0.10,3.20
2008.04.15 02:16:57.833,0.9392,0.9394,0.10,3.20
2008.04.15 02:16:58.263,0.9392,0.9394,0.10,3.20
2008.04.15 02:16:58.549,0.9392,0.9394,0.10,2.40
2008.04.15 02:16:59.227,0.9392,0.9394,0.10,2.40
2008.04.15 02:16:59.453,0.9392,0.9394,0.10,2.50
2008.04.15 02:17:00.144,0.9392,0.9394,0.10,2.50
2008.04.15 02:17:00.385,0.9392,0.9393,0.10,0.80
2008.04.15 02:17:00.630,0.9392,0.9393,0.10,2.40
2008.04.15 02:17:00.876,0.9392,0.9393,0.10,2.40
2008.04.15 02:17:01.858,0.9392,0.9393,0.10,2.40
2008.04.15 02:17:02.104,0.9392,0.9394,0.10,5.70
2008.04.15 02:17:03.274,0.9392,0.9394,0.10,5.70
2008.04.15 02:17:03.700,0.9392,0.9394,0.10,5.60
2008.04.15 02:17:03.966,0.9392,0.9394,0.10,5.60
2008.04.15 02:17:04.152,0.9392,0.9394,0.10,2.40
2008.04.15 02:17:04.363,0.9392,0.9394,0.10,2.40
2008.04.15 02:17:04.686,0.9392,0.9394,0.10,2.40
2008.04.15 02:17:08.757,0.9392,0.9394,0.10,2.40
2008.04.15 02:17:09.261,0.9392,0.9394,0.10,2.40
2008.04.15 02:17:09.562,0.9392,0.9394,0.10,2.40
2008.04.15 02:17:09.862,0.9392,0.9394,0.10,2.40
2008.04.15 02:17:10.163,0.9392,0.9394,0.10,2.40
2008.04.15 02:17:11.799,0.9392,0.9394,0.10,2.40
2008.04.15 02:17:11.898,0.9392,0.9394,0.10,2.50
2008.04.15 02:17:12.131,0.9392,0.9394,0.10,2.50
2008.04.15 02:17:12.206,0.9392,0.9394,0.10,4.90
2008.04.15 02:17:12.282,0.9392,0.9394,0.10,4.90
2008.04.15 02:17:12.400,0.9392,0.9394,0.10,5.70
2008.04.15 02:17:12.635,0.9392,0.9394,0.10,5.70
2008.04.15 02:17:12.971,0.9392,0.9394,0.10,4.90
2008.04.15 02:17:13.306,0.9392,0.9394,0.10,5.70
2008.04.15 02:17:13.643,0.9392,0.9393,0.10,2.40
2008.04.15 02:17:13.846,0.9392,0.9393,0.10,2.40
2008.04.15 02:17:14.042,0.9392,0.9393,0.10,2.40
2008.04.15 02:17:14.237,0.9392,0.9393,0.10,2.40
2008.04.15 02:17:14.700,0.9392,0.9393,0.10,2.40
2008.04.15 02:17:15.005,0.9392,0.9393,0.10,2.40
2008.04.15 02:17:15.804,0.9392,0.9393,0.10,2.40
2008.04.15 02:17:15.991,0.9392,0.9394,0.10,4.10
2008.04.15 02:17:16.783,0.9392,0.9394,0.10,4.10
2008.04.15 02:17:17.033,0.9392,0.9394,0.10,4.10
2008.04.15 02:17:17.286,0.9392,0.9394,2.40,1.60
2008.04.15 02:17:17.537,0.9392,0.9394,0.10,1.60
2008.04.15 02:17:17.910,0.9392,0.9394,2.40,1.60
2008.04.15 02:17:18.136,0.9393,0.9394,0.10,1.60
2008.04.15 02:17:18.818,0.9393,0.9394,0.10,1.60
2008.04.15 02:17:21.373,0.9393,0.9394,0.10,1.60
2008.04.15 02:17:21.593,0.9393,0.9395,0.10,0.90
2008.04.15 02:17:21.815,0.9393,0.9395,2.40,1.60
2008.04.15 02:17:22.066,0.9393,0.9396,0.10,4.80
2008.04.15 02:17:22.315,0.9393,0.9396,0.10,6.40
2008.04.15 02:17:22.565,0.9393,0.9396,0.10,7.20
2008.04.15 02:17:22.816,0.9393,0.9396,2.40,4.00
2008.04.15 02:17:23.082,0.9393,0.9396,2.40,2.40
2008.04.15 02:17:23.417,0.9393,0.9396,2.40,2.40
2008.04.15 02:17:23.922,0.9393,0.9396,2.40,2.40
2008.04.15 02:17:24.156,0.9393,0.9396,2.40,2.40
2008.04.15 02:17:24.436,0.9393,0.9396,2.40,2.40
2008.04.15 02:17:24.671,0.9393,0.9396,0.10,6.40
2008.04.15 02:17:24.905,0.9393,0.9396,0.10,7.20
2008.04.15 02:17:25.147,0.9393,0.9396,2.40,4.00
2008.04.15 02:17:25.402,0.9393,0.9396,2.40,3.20
2008.04.15 02:17:26.763,0.9393,0.9396,2.40,3.20
2008.04.15 02:17:27.018,0.9393,0.9395,2.40,2.40
2008.04.15 02:17:27.319,0.9393,0.9396,2.40,3.30
2008.04.15 02:17:27.554,0.9393,0.9396,2.40,3.20
2008.04.15 02:17:28.282,0.9393,0.9396,2.40,3.20
2008.04.15 02:17:28.547,0.9393,0.9396,2.70,2.40
2008.04.15 02:17:28.830,0.9393,0.9396,2.40,2.40
2008.04.15 02:17:29.086,0.9393,0.9396,0.10,3.20
2008.04.15 02:17:29.345,0.9393,0.9396,0.10,3.20
2008.04.15 02:17:29.754,0.9393,0.9396,0.10,3.20
2008.04.15 02:17:29.991,0.9393,0.9395,0.10,2.40
2008.04.15 02:17:30.317,0.9393,0.9395,0.10,2.40
2008.04.15 02:17:30.582,0.9393,0.9396,0.10,5.60
2008.04.15 02:17:31.537,0.9393,0.9396,0.10,5.60
2008.04.15 02:17:32.170,0.9393,0.9396,0.10,5.60
2008.04.15 02:17:32.420,0.9393,0.9396,0.10,5.60
2008.04.15 02:17:32.646,0.9393,0.9396,0.40,2.40
2008.04.15 02:17:32.947,0.9393,0.9396,0.40,2.40
2008.04.15 02:17:37.045,0.9393,0.9396,0.40,2.40
2008.04.15 02:17:37.451,0.9393,0.9396,0.40,2.40
2008.04.15 02:17:37.765,0.9393,0.9396,0.40,2.40
2008.04.15 02:17:38.006,0.9393,0.9396,0.40,2.40
2008.04.15 02:17:39.688,0.9393,0.9396,0.40,2.40
2008.04.15 02:17:39.887,0.9393,0.9395,2.70,2.40
2008.04.15 02:17:40.083,0.9393,0.9396,2.70,2.40
2008.04.15 02:17:40.378,0.9393,0.9396,2.70,2.40
2008.04.15 02:17:40.635,0.9393,0.9395,2.70,2.40
2008.04.15 02:17:44.119,0.9393,0.9395,2.70,2.40
2008.04.15 02:17:44.331,0.9393,0.9396,0.40,2.40
2008.04.15 02:17:44.570,0.9393,0.9396,0.40,2.40
2008.04.15 02:17:44.783,0.9394,0.9396,2.40,2.40
2008.04.15 02:17:47.607,0.9394,0.9396,2.40,2.40
2008.04.15 02:17:49.347,0.9394,0.9396,2.40,2.40
2008.04.15 02:17:49.585,0.9393,0.9397,2.40,5.60
2008.04.15 02:17:51.708,0.9393,0.9397,2.40,5.60
2008.04.15 02:17:52.220,0.9393,0.9397,2.40,5.60
2008.04.15 02:17:53.361,0.9393,0.9397,0.20,5.60
2008.04.15 02:17:53.558,0.9393,0.9396,2.50,2.40
2008.04.15 02:17:54.699,0.9393,0.9396,2.50,2.40
2008.04.15 02:17:55.087,0.9393,0.9396,2.50,2.40
2008.04.15 02:17:57.706,0.9393,0.9396,2.50,2.40
2008.04.15 02:17:58.315,0.9393,0.9396,2.50,2.40
2008.04.15 02:17:59.178,0.9393,0.9396,2.50,2.40
2008.04.15 02:17:59.403,0.9393,0.9396,0.20,5.60
2008.04.15 02:17:59.624,0.9393,0.9396,0.20,5.60
2008.04.15 02:17:59.846,0.9393,0.9396,0.20,5.60
2008.04.15 02:18:02.622,0.9393,0.9396,0.20,5.60
2008.04.15 02:18:02.868,0.9393,0.9395,0.20,2.40
2008.04.15 02:18:05.868,0.9393,0.9395,0.20,2.40
2008.04.15 02:18:06.088,0.9393,0.9396,0.20,5.70
2008.04.15 02:18:11.355,0.9393,0.9396,0.20,5.70
2008.04.15 02:18:11.596,0.9393,0.9396,0.50,4.90
2008.04.15 02:18:13.107,0.9393,0.9396,0.50,4.90
2008.04.15 02:18:13.307,0.9393,0.9396,0.50,4.80
2008.04.15 02:18:13.506,0.9394,0.9396,0.10,2.40
2008.04.15 02:18:14.722,0.9394,0.9396,0.10,2.40
2008.04.15 02:18:14.922,0.9394,0.9396,0.10,2.40
2008.04.15 02:18:15.134,0.9394,0.9396,0.10,2.40
2008.04.15 02:18:16.918,0.9394,0.9396,0.10,4.80
2008.04.15 02:18:17.138,0.9394,0.9396,0.10,4.80
2008.04.15 02:18:17.441,0.9394,0.9396,0.10,4.80
2008.04.15 02:18:17.647,0.9394,0.9396,0.10,4.80
2008.04.15 02:18:18.206,0.9394,0.9396,0.20,2.40
2008.04.15 02:18:24.167,0.9394,0.9396,0.20,2.40
2008.04.15 02:18:25.910,0.9394,0.9396,0.20,2.40
2008.04.15 02:18:27.079,0.9394,0.9396,0.20,4.80
2008.04.15 02:18:27.295,0.9394,0.9396,0.20,4.80
2008.04.15 02:18:27.682,0.9394,0.9396,0.20,4.80
2008.04.15 02:18:29.553,0.9394,0.9396,0.20,4.80
2008.04.15 02:18:29.756,0.9394,0.9396,0.20,2.40
2008.04.15 02:18:29.964,0.9394,0.9396,0.20,2.40
2008.04.15 02:18:30.173,0.9394,0.9396,0.20,2.40
2008.04.15 02:18:30.474,0.9394,0.9396,0.20,2.40
2008.04.15 02:18:31.401,0.9394,0.9396,0.20,2.40
2008.04.15 02:18:31.622,0.9394,0.9396,2.50,2.40
2008.04.15 02:18:31.918,0.9394,0.9396,2.50,2.40
2008.04.15 02:18:32.800,0.9395,0.9396,0.10,2.40
2008.04.15 02:18:34.383,0.9395,0.9396,0.10,2.40
2008.04.15 02:18:34.588,0.9395,0.9397,0.10,3.20
2008.04.15 02:18:35.970,0.9395,0.9397,0.10,3.20
2008.04.15 02:18:36.210,0.9395,0.9397,0.10,2.40
2008.04.15 02:18:38.372,0.9395,0.9397,0.10,2.40
2008.04.15 02:18:38.632,0.9395,0.93975,0.10,0.80
2008.04.15 02:18:38.894,0.9395,0.93975,0.10,0.80
2008.04.15 02:18:39.153,0.9395,0.9398,0.10,5.70
2008.04.15 02:18:39.973,0.9395,0.9398,0.10,5.70
2008.04.15 02:18:41.280,0.9395,0.9398,2.40,3.30
2008.04.15 02:18:42.187,0.9395,0.9398,2.40,3.30
2008.04.15 02:18:42.698,0.9395,0.9398,2.40,3.30
2008.04.15 02:18:44.129,0.9396,0.9398,0.10,3.30
2008.04.15 02:18:44.348,0.9396,0.9398,0.10,3.30
2008.04.15 02:18:45.155,0.9396,0.9398,0.20,3.30
2008.04.15 02:18:46.107,0.9396,0.9398,0.20,3.30
2008.04.15 02:18:46.327,0.9396,0.9398,0.20,5.70
2008.04.15 02:18:46.596,0.9396,0.9398,0.20,3.30
2008.04.15 02:18:46.939,0.9396,0.9398,0.20,3.30
2008.04.15 02:18:47.203,0.9396,0.9398,0.20,2.50
2008.04.15 02:18:47.469,0.9396,0.93985,0.20,0.80
2008.04.15 02:18:47.734,0.9396,0.93985,0.20,0.80
2008.04.15 02:18:48.112,0.9396,0.93985,0.20,0.80
2008.04.15 02:18:48.348,0.9396,0.9398,0.20,3.20
2008.04.15 02:18:48.583,0.9396,0.9398,0.20,3.20
2008.04.15 02:18:48.869,0.9396,0.9398,0.20,5.60
2008.04.15 02:18:50.114,0.9396,0.9398,0.20,5.60
2008.04.15 02:18:53.789,0.9396,0.9398,0.20,5.60
2008.04.15 02:18:54.014,0.9396,0.9398,0.20,3.20
2008.04.15 02:18:54.388,0.9396,0.9398,0.20,3.20
2008.04.15 02:18:56.683,0.9396,0.9398,0.20,3.20
2008.04.15 02:18:57.500,0.9396,0.9398,0.20,3.20
2008.04.15 02:19:00.392,0.9396,0.9398,0.20,3.20
2008.04.15 02:19:05.605,0.9396,0.9398,0.20,3.20
2008.04.15 02:19:05.806,0.9396,0.9398,0.20,3.20
2008.04.15 02:19:06.187,0.9396,0.9398,0.20,3.20
2008.04.15 02:19:10.129,0.9396,0.9398,0.20,3.20
2008.04.15 02:19:10.313,0.9396,0.9398,0.20,3.20
2008.04.15 02:19:14.655,0.9396,0.9398,0.20,3.20
2008.04.15 02:19:14.855,0.9396,0.93985,0.20,0.80
2008.04.15 02:19:15.056,0.9397,0.9399,0.10,5.70
2008.04.15 02:19:15.256,0.9397,0.9399,0.10,5.70
2008.04.15 02:19:15.526,0.9397,0.9399,0.10,5.70
2008.04.15 02:19:15.851,0.9397,0.9399,0.10,5.70
2008.04.15 02:19:16.123,0.9397,0.9398,0.10,3.20
2008.04.15 02:19:16.394,0.9397,0.9398,0.10,3.20
2008.04.15 02:19:16.696,0.9397,0.9398,0.10,3.20
2008.04.15 02:19:16.916,0.9397,0.9398,0.10,2.40
2008.04.15 02:19:17.133,0.9397,0.9399,0.10,7.30
2008.04.15 02:19:17.348,0.9397,0.9399,0.10,4.90
2008.04.15 02:19:17.622,0.9397,0.9399,0.10,4.90
2008.04.15 02:19:18.006,0.9397,0.9399,0.10,4.90
2008.04.15 02:19:20.470,0.9397,0.9399,0.10,4.90
2008.04.15 02:19:28.658,0.9397,0.9399,0.30,4.90
2008.04.15 02:19:34.935,0.9397,0.9399,0.30,4.90
2008.04.15 02:19:35.147,0.9397,0.9398,0.30,2.40
2008.04.15 02:19:35.357,0.9397,0.9398,0.30,3.20
2008.04.15 02:19:35.577,0.9397,0.9398,0.30,3.20
2008.04.15 02:19:35.788,0.9397,0.9398,0.30,3.20
2008.04.15 02:19:36.656,0.9397,0.9398,0.30,0.80
2008.04.15 02:19:36.911,0.9397,0.9399,0.30,7.30
2008.04.15 02:19:39.561,0.9397,0.9399,0.30,7.30
2008.04.15 02:19:39.762,0.9397,0.9398,0.30,2.40
2008.04.15 02:19:39.961,0.9397,0.9398,0.30,3.20
2008.04.15 02:19:40.240,0.9397,0.9398,0.30,3.20
2008.04.15 02:19:41.377,0.9397,0.9398,0.30,3.20
2008.04.15 02:19:41.611,0.9397,0.9399,0.30,4.90
2008.04.15 02:19:41.871,0.9397,0.9399,0.30,7.30
2008.04.15 02:19:42.081,0.9397,0.9399,0.30,4.90
2008.04.15 02:19:44.757,0.9397,0.9399,0.30,4.90
2008.04.15 02:19:44.984,0.9397,0.9399,0.30,3.30
2008.04.15 02:19:46.575,0.9397,0.9399,0.30,3.30
2008.04.15 02:19:46.780,0.9397,0.9399,0.30,3.20
2008.04.15 02:19:47.648,0.9397,0.9399,0.30,3.20
2008.04.15 02:19:47.887,0.9397,0.9399,0.40,2.40
2008.04.15 02:19:48.127,0.9397,0.9399,0.30,2.40
2008.04.15 02:19:48.357,0.9398,0.9399,0.20,2.40
2008.04.15 02:19:48.640,0.9398,0.9399,0.20,2.40
2008.04.15 02:19:49.133,0.9398,0.9399,0.20,2.40
2008.04.15 02:19:49.368,0.9398,0.9399,0.20,3.20
2008.04.15 02:19:49.623,0.9398,0.9399,0.20,0.80
2008.04.15 02:19:49.860,0.9398,0.94,0.20,4.80
2008.04.15 02:19:50.094,0.9398,0.94,0.20,4.80
2008.04.15 02:19:50.344,0.9398,0.94,0.20,4.80
2008.04.15 02:19:50.890,0.9398,0.94,0.20,4.80
2008.04.15 02:19:51.140,0.9398,0.94,0.20,3.20
2008.04.15 02:19:51.419,0.9398,0.94,0.20,3.20
2008.04.15 02:19:51.669,0.9398,0.94,0.20,3.20
2008.04.15 02:19:52.121,0.9398,0.94,0.20,3.20
2008.04.15 02:19:52.455,0.9398,0.94,0.20,3.20
2008.04.15 02:19:52.760,0.9398,0.94,0.20,3.20
2008.04.15 02:19:53.410,0.9398,0.94,0.20,3.20
2008.04.15 02:19:53.646,0.9398,0.94,0.20,2.40
2008.04.15 02:19:53.900,0.9398,0.9401,0.20,0.90
2008.04.15 02:19:54.130,0.9398,0.9401,0.20,0.20
2008.04.15 02:19:54.362,0.9398,0.9402,2.50,7.50
2008.04.15 02:19:54.638,0.9398,0.9401,2.50,0.80
2008.04.15 02:19:54.915,0.9398,0.94,0.20,3.20
2008.04.15 02:19:55.192,0.9398,0.94,0.20,3.30
2008.04.15 02:19:55.505,0.9398,0.94,0.20,3.30
2008.04.15 02:19:55.734,0.9398,0.94,0.20,3.30
2008.04.15 02:19:55.996,0.9398,0.94,0.20,3.30
2008.04.15 02:19:56.736,0.9398,0.94,0.20,3.30
2008.04.15 02:19:57.145,0.9398,0.94,0.20,3.30
2008.04.15 02:19:57.657,0.9398,0.94,0.20,3.30
2008.04.15 02:20:00.568,0.9398,0.94,0.20,3.30
2008.04.15 02:20:01.154,0.9398,0.94,0.20,3.30
2008.04.15 02:20:01.389,0.9398,0.94,0.20,3.30
2008.04.15 02:20:05.330,0.9398,0.94,0.20,3.30
2008.04.15 02:20:05.556,0.9398,0.94,0.20,3.30
2008.04.15 02:20:05.792,0.9398,0.9399,0.20,3.20
2008.04.15 02:20:06.157,0.9398,0.9399,0.20,3.20
2008.04.15 02:20:06.392,0.9398,0.9399,0.20,3.20
2008.04.15 02:20:07.527,0.9398,0.9399,0.20,3.20
2008.04.15 02:20:07.734,0.9398,0.94,0.20,3.30
2008.04.15 02:20:07.955,0.9398,0.94,0.20,3.30
2008.04.15 02:20:08.194,0.9398,0.94,0.20,3.30
2008.04.15 02:20:08.820,0.9398,0.94,0.20,3.30
2008.04.15 02:20:09.086,0.9398,0.94,0.20,3.30
2008.04.15 02:20:09.676,0.9398,0.94,0.20,3.30
2008.04.15 02:20:10.172,0.9398,0.94,0.20,3.30
2008.04.15 02:20:10.391,0.9398,0.94,0.20,3.30
2008.04.15 02:20:10.869,0.9398,0.94,0.20,3.30
2008.04.15 02:20:11.345,0.9398,0.94,0.20,3.30
2008.04.15 02:20:11.616,0.9398,0.9399,0.20,3.20
2008.04.15 02:20:11.826,0.9398,0.9399,0.20,2.40
2008.04.15 02:20:12.228,0.9398,0.9399,0.20,2.40
2008.04.15 02:20:13.652,0.9398,0.9399,0.20,2.40
2008.04.15 02:20:13.900,0.9398,0.9399,0.20,2.40
2008.04.15 02:20:14.180,0.9398,0.9399,0.20,3.20
2008.04.15 02:20:16.962,0.9398,0.9399,0.20,3.20
2008.04.15 02:20:17.243,0.9398,0.9399,0.20,3.20
2008.04.15 02:20:17.468,0.9398,0.9399,0.20,3.20
2008.04.15 02:20:17.804,0.9398,0.9399,0.20,3.20
2008.04.15 02:20:19.847,0.9398,0.9399,0.20,3.20
2008.04.15 02:20:20.072,0.9398,0.9399,0.20,5.70
2008.04.15 02:20:20.298,0.9397,0.9398,0.20,3.00
2008.04.15 02:20:20.523,0.9397,0.9398,0.20,3.00
2008.04.15 02:20:20.754,0.9397,0.9398,0.20,3.00
2008.04.15 02:20:21.139,0.9397,0.9398,0.20,3.00
2008.04.15 02:20:22.167,0.9397,0.9398,0.20,3.00
2008.04.15 02:20:22.417,0.9397,0.9398,0.20,2.40
2008.04.15 02:20:23.555,0.9397,0.9398,0.20,2.40
2008.04.15 02:20:25.223,0.9397,0.9398,0.20,2.40
2008.04.15 02:20:30.207,0.9397,0.9398,0.20,2.40
2008.04.15 02:20:31.145,0.9397,0.9398,0.20,2.40
2008.04.15 02:20:31.388,0.9397,0.9398,0.20,2.40
2008.04.15 02:20:33.808,0.9397,0.9398,0.20,2.40
2008.04.15 02:20:34.023,0.9397,0.9398,0.20,2.40
2008.04.15 02:20:34.261,0.9397,0.9398,0.20,5.60
2008.04.15 02:20:34.520,0.9397,0.9398,0.20,4.80
2008.04.15 02:20:34.734,0.9395,0.9398,2.40,5.60
2008.04.15 02:20:34.969,0.9394,0.9398,2.60,8.00
2008.04.15 02:20:35.212,0.9394,0.9398,2.60,8.00
2008.04.15 02:20:52.006,0.9394,0.9398,2.60,8.00
2008.04.15 02:20:53.596,0.9394,0.9398,2.60,8.00
2008.04.15 02:20:53.826,0.9394,0.9398,5.40,0.80
2008.04.15 02:20:54.059,0.9394,0.9399,5.00,7.30
2008.04.15 02:20:56.652,0.9394,0.9399,5.00,7.30
2008.04.15 02:20:57.188,0.9394,0.9399,5.00,7.30
2008.04.15 02:21:02.037,0.9394,0.9399,5.00,7.30
2008.04.15 02:21:02.246,0.9394,0.9399,5.00,4.10
2008.04.15 02:21:02.456,0.9394,0.9398,2.60,3.20
2008.04.15 02:21:02.667,0.9394,0.9398,2.60,7.20
2008.04.15 02:21:02.939,0.9394,0.9398,2.60,4.00
2008.04.15 02:21:03.224,0.9394,0.9398,5.00,2.40
2008.04.15 02:21:03.506,0.9394,0.9398,5.00,3.20
2008.04.15 02:21:03.794,0.9394,0.9398,5.00,2.40
2008.04.15 02:21:04.015,0.9394,0.9398,5.00,2.40
2008.04.15 02:21:04.322,0.9394,0.9398,5.00,1.60
2008.04.15 02:21:04.566,0.9394,0.9399,5.00,5.70
2008.04.15 02:21:04.872,0.9394,0.9399,5.00,5.70
2008.04.15 02:21:05.126,0.9395,0.9399,2.60,5.70
2008.04.15 02:21:05.355,0.9395,0.9399,2.60,4.90
2008.04.15 02:21:05.584,0.9396,0.9399,2.40,4.10
2008.04.15 02:21:05.813,0.9396,0.9399,2.40,4.10
2008.04.15 02:21:06.668,0.9396,0.9399,2.40,4.10
2008.04.15 02:21:06.904,0.9395,0.9399,2.60,6.50
2008.04.15 02:21:07.139,0.93945,0.9399,1.10,4.90
2008.04.15 02:21:07.374,0.9394,0.9399,5.00,4.90
2008.04.15 02:21:07.700,0.9394,0.9399,5.00,4.90
2008.04.15 02:21:07.935,0.9395,0.9399,2.40,5.70
2008.04.15 02:21:08.170,0.9395,0.9399,2.60,4.10
2008.04.15 02:21:08.409,0.9395,0.9399,2.60,4.10
2008.04.15 02:21:08.644,0.93945,0.9399,0.80,4.90
2008.04.15 02:21:08.878,0.9394,0.9399,5.00,4.90
2008.04.15 02:21:09.119,0.9394,0.9398,5.00,1.60
2008.04.15 02:21:09.359,0.9394,0.9398,2.60,8.00
2008.04.15 02:21:11.204,0.9394,0.9398,2.60,8.00
2008.04.15 02:21:12.171,0.9394,0.9398,2.60,8.00
2008.04.15 02:21:12.392,0.9394,0.9398,2.60,8.00
2008.04.15 02:21:12.685,0.9394,0.9398,2.60,8.00
2008.04.15 02:21:13.201,0.9394,0.9398,2.60,8.00
2008.04.15 02:21:13.706,0.9394,0.9398,2.60,7.20
2008.04.15 02:21:13.966,0.9394,0.9398,2.60,5.60
2008.04.15 02:21:14.226,0.9395,0.9398,2.40,2.40
2008.04.15 02:21:14.471,0.9395,0.9398,2.40,2.40
2008.04.15 02:21:15.881,0.9395,0.9398,2.40,2.40
2008.04.15 02:21:16.365,0.9395,0.9398,2.40,2.40
2008.04.15 02:21:16.578,0.9395,0.9398,2.40,2.40
2008.04.15 02:21:16.775,0.9395,0.9399,2.40,9.70
2008.04.15 02:21:16.986,0.9395,0.9399,2.60,8.10
2008.04.15 02:21:17.241,0.9395,0.9399,2.60,8.10
2008.04.15 02:21:19.194,0.9395,0.9399,2.60,8.10
2008.04.15 02:21:19.708,0.9395,0.9399,2.60,8.10
2008.04.15 02:21:21.072,0.9395,0.9399,2.60,7.30
2008.04.15 02:21:21.287,0.9395,0.9399,2.60,7.30
2008.04.15 02:21:22.906,0.9395,0.9399,2.60,8.10
2008.04.15 02:21:23.173,0.9395,0.9398,2.40,3.20
2008.04.15 02:21:23.462,0.9395,0.9398,2.40,3.20
2008.04.15 02:21:24.668,0.9395,0.9398,2.40,3.20
2008.04.15 02:21:24.920,0.9395,0.93985,2.40,0.80
2008.04.15 02:21:25.184,0.9395,0.9399,2.40,9.70
2008.04.15 02:21:27.993,0.9395,0.9399,2.40,8.90
2008.04.15 02:21:28.205,0.9395,0.9399,2.40,8.10
2008.04.15 02:21:28.727,0.9395,0.9399,2.40,8.10
2008.04.15 02:21:29.741,0.9395,0.9399,2.40,8.10
2008.04.15 02:21:29.988,0.9394,0.9398,6.60,2.50
2008.04.15 02:21:30.515,0.9394,0.9398,6.60,2.50
2008.04.15 02:21:30.791,0.9395,0.9398,2.40,0.20
2008.04.15 02:21:31.048,0.9395,0.93985,2.40,0.80
2008.04.15 02:21:31.521,0.9395,0.9399,2.40,8.10
2008.04.15 02:21:32.787,0.9395,0.9399,4.80,5.70
2008.04.15 02:21:32.997,0.9396,0.9399,2.40,3.30
2008.04.15 02:21:33.208,0.9396,0.94,2.60,4.80
2008.04.15 02:21:34.132,0.9396,0.94,2.60,4.80
2008.04.15 02:21:34.378,0.9396,0.9399,2.40,4.00
2008.04.15 02:21:34.626,0.9396,0.9399,2.40,4.00
2008.04.15 02:21:34.927,0.9396,0.9399,2.40,4.00
2008.04.15 02:21:35.156,0.9396,0.9399,2.40,4.00
2008.04.15 02:21:35.455,0.9396,0.9399,2.40,4.00
2008.04.15 02:21:36.383,0.9396,0.9399,2.40,4.00
2008.04.15 02:21:36.647,0.9396,0.93995,5.00,0.80
2008.04.15 02:21:36.915,0.9396,0.94,5.00,5.70
2008.04.15 02:21:37.128,0.9396,0.9399,2.40,2.40
2008.04.15 02:21:37.367,0.9396,0.9399,2.40,3.20
2008.04.15 02:21:38.078,0.9396,0.9399,2.40,3.20
2008.04.15 02:21:38.339,0.9396,0.9399,2.40,4.00
2008.04.15 02:21:38.578,0.9396,0.9399,2.40,4.80
2008.04.15 02:21:38.794,0.9396,0.9399,2.60,4.00
2008.04.15 02:21:39.162,0.9396,0.9399,2.60,4.00
2008.04.15 02:21:39.899,0.9396,0.9399,2.60,4.00
2008.04.15 02:21:40.138,0.9397,0.9399,2.40,1.60
2008.04.15 02:21:40.378,0.9397,0.94,2.40,5.70
2008.04.15 02:21:40.836,0.9397,0.94,2.40,5.70
2008.04.15 02:21:41.091,0.9396,0.9399,2.60,4.00
2008.04.15 02:21:41.346,0.9396,0.9399,2.40,4.00
2008.04.15 02:21:41.666,0.9396,0.9399,2.40,4.80
2008.04.15 02:21:41.890,0.9396,0.9399,2.40,4.00
2008.04.15 02:21:42.418,0.9396,0.9399,2.40,4.80
2008.04.15 02:21:45.622,0.9396,0.9399,2.40,4.80
2008.04.15 02:21:45.848,0.9397,0.9399,2.40,1.60
2008.04.15 02:21:46.073,0.9397,0.9399,2.40,0.80
2008.04.15 02:21:46.297,0.9397,0.94,2.40,4.90
2008.04.15 02:21:47.057,0.9397,0.94,2.40,4.90
2008.04.15 02:21:47.317,0.9396,0.94,5.00,4.90
2008.04.15 02:21:48.864,0.9396,0.9399,2.60,2.40
2008.04.15 02:21:49.064,0.9396,0.9399,2.40,4.00
2008.04.15 02:21:49.264,0.9396,0.9399,2.40,4.80
2008.04.15 02:21:49.665,0.9396,0.9399,2.40,4.80
2008.04.15 02:21:49.956,0.9396,0.9399,5.00,1.60
2008.04.15 02:21:50.252,0.9396,0.94,5.00,5.70
2008.04.15 02:21:50.799,0.9396,0.94,5.00,5.70
2008.04.15 02:21:52.330,0.9396,0.94,5.00,5.70
2008.04.15 02:21:52.545,0.9397,0.94,2.40,4.90
2008.04.15 02:21:53.173,0.9397,0.94,2.40,4.90
2008.04.15 02:21:53.438,0.9396,0.94,5.00,4.90
2008.04.15 02:21:53.817,0.9397,0.94,2.40,5.70
2008.04.15 02:21:54.125,0.9397,0.94,2.40,5.70
2008.04.15 02:21:54.361,0.9396,0.94,5.00,5.20
2008.04.15 02:21:54.597,0.9396,0.9399,2.40,4.80
2008.04.15 02:21:54.832,0.9395,0.9399,2.60,7.30
2008.04.15 02:21:55.122,0.9395,0.9399,2.60,7.30
2008.04.15 02:21:55.937,0.9395,0.9399,2.60,7.30
2008.04.15 02:21:56.452,0.9395,0.9399,2.60,7.30
2008.04.15 02:21:56.912,0.9395,0.9399,2.60,8.10
2008.04.15 02:21:57.207,0.9396,0.9399,2.40,4.10
2008.04.15 02:21:59.827,0.9396,0.9399,2.40,3.30
2008.04.15 02:22:00.067,0.9395,0.9399,2.60,5.70
2008.04.15 02:22:00.272,0.9395,0.9399,2.60,5.70
2008.04.15 02:22:00.833,0.9395,0.9399,5.00,5.70
2008.04.15 02:22:01.039,0.9395,0.9399,4.80,5.70
2008.04.15 02:22:01.298,0.9395,0.9398,2.40,2.40
2008.04.15 02:22:01.725,0.9395,0.9398,2.40,2.40
2008.04.15 02:22:02.081,0.9394,0.9398,5.00,2.40
2008.04.15 02:22:02.301,0.9395,0.9399,2.40,7.30
2008.04.15 02:22:02.703,0.9395,0.9399,2.40,7.30
2008.04.15 02:22:03.003,0.9395,0.9399,2.40,7.30
2008.04.15 02:22:03.943,0.9395,0.9399,2.40,6.50
2008.04.15 02:22:04.399,0.9395,0.9399,2.40,5.70
2008.04.15 02:22:05.288,0.9395,0.9399,2.40,5.70
2008.04.15 02:22:05.522,0.9395,0.9398,2.40,2.40
2008.04.15 02:22:05.777,0.9395,0.9398,2.40,2.40
2008.04.15 02:22:07.564,0.9394,0.9398,6.60,2.40
2008.04.15 02:22:07.790,0.9395,0.9399,2.40,5.70
2008.04.15 02:22:08.015,0.9395,0.9399,2.40,5.70
2008.04.15 02:22:13.636,0.9395,0.9399,2.40,5.70
2008.04.15 02:22:13.954,0.9395,0.9399,2.40,5.70
2008.04.15 02:22:15.558,0.9395,0.9399,2.40,5.70
2008.04.15 02:22:15.773,0.9396,0.9399,2.40,2.50
2008.04.15 02:22:15.988,0.9396,0.9399,2.40,2.50
2008.04.15 02:22:16.410,0.9396,0.9399,2.40,2.50
2008.04.15 02:22:16.625,0.9396,0.9399,2.40,2.50
2008.04.15 02:22:17.105,0.9396,0.9399,2.40,2.50
2008.04.15 02:22:18.203,0.9396,0.9399,2.40,2.40
2008.04.15 02:22:19.631,0.9396,0.9399,2.40,2.40
2008.04.15 02:22:21.548,0.9396,0.9399,2.40,2.40
2008.04.15 02:22:21.847,0.9396,0.9399,2.40,2.40
2008.04.15 02:22:22.088,0.9395,0.9398,2.60,2.40
2008.04.15 02:22:22.336,0.9395,0.9398,2.60,2.40
2008.04.15 02:22:23.734,0.9395,0.9398,2.60,2.40
2008.04.15 02:22:25.339,0.9395,0.9398,2.60,2.40
2008.04.15 02:22:25.585,0.9395,0.9398,2.40,2.40
2008.04.15 02:22:26.175,0.9395,0.9398,2.40,2.40
2008.04.15 02:22:26.421,0.9395,0.9398,2.40,2.40
2008.04.15 02:22:27.846,0.9395,0.9398,2.40,2.40
2008.04.15 02:22:28.044,0.9395,0.9398,2.40,2.50
2008.04.15 02:22:28.238,0.9394,0.9396,4.20,2.40
2008.04.15 02:22:28.457,0.9394,0.9397,3.20,2.50
2008.04.15 02:22:28.654,0.9394,0.9397,2.40,2.50
2008.04.15 02:22:28.863,0.9394,0.9397,2.40,2.50
2008.04.15 02:22:29.168,0.9394,0.9396,2.40,2.40
2008.04.15 02:22:29.664,0.9394,0.9396,2.40,2.40
2008.04.15 02:22:30.348,0.9394,0.9397,2.40,3.30
2008.04.15 02:22:30.533,0.9394,0.9397,2.40,3.30
2008.04.15 02:22:30.718,0.9393,0.9397,6.60,3.30
2008.04.15 02:22:30.929,0.9393,0.9397,6.60,3.30
2008.04.15 02:22:31.234,0.9393,0.9397,6.60,2.50
2008.04.15 02:22:32.063,0.9393,0.9397,6.60,2.50
2008.04.15 02:22:32.283,0.9393,0.9397,6.60,2.50
2008.04.15 02:22:32.453,0.9394,0.9396,2.40,2.40
2008.04.15 02:22:32.647,0.9394,0.9397,2.40,3.30
2008.04.15 02:22:32.842,0.9394,0.9397,2.40,2.50
2008.04.15 02:22:33.538,0.9394,0.9397,2.40,2.50
2008.04.15 02:22:34.071,0.9394,0.9397,2.40,2.50
2008.04.15 02:22:34.883,0.9394,0.9397,2.40,2.50
2008.04.15 02:22:35.066,0.9394,0.9397,2.40,2.50
2008.04.15 02:22:38.822,0.9394,0.9397,2.40,2.50
2008.04.15 02:22:39.040,0.9393,0.9396,4.00,2.40
2008.04.15 02:22:39.657,0.9393,0.9396,4.00,2.40
2008.04.15 02:22:40.877,0.9393,0.9396,4.00,2.40
2008.04.15 02:22:41.148,0.9393,0.9397,4.00,4.80
2008.04.15 02:22:42.065,0.9393,0.9397,4.00,4.80
2008.04.15 02:22:42.645,0.9393,0.9397,4.00,4.80
2008.04.15 02:22:42.869,0.9393,0.9398,6.60,4.00
2008.04.15 02:22:43.675,0.9393,0.9398,6.60,4.00
2008.04.15 02:22:46.788,0.9393,0.9398,6.60,4.00
2008.04.15 02:22:48.578,0.9393,0.9397,4.20,2.40
2008.04.15 02:22:48.763,0.9393,0.9397,4.20,5.60
2008.04.15 02:22:50.105,0.9393,0.9397,4.20,5.60
2008.04.15 02:22:50.327,0.9394,0.9397,0.80,2.40
2008.04.15 02:22:50.526,0.9394,0.9397,1.60,3.20
2008.04.15 02:22:50.727,0.9394,0.9397,1.60,3.20
2008.04.15 02:22:50.926,0.9394,0.9397,1.60,3.20
2008.04.15 02:22:51.126,0.9394,0.9398,4.00,5.60
2008.04.15 02:22:52.121,0.9394,0.9398,4.00,3.20
2008.04.15 02:22:52.395,0.9394,0.9398,1.60,3.20
2008.04.15 02:22:54.369,0.9394,0.9398,1.60,3.20
2008.04.15 02:22:54.593,0.9393,0.9398,6.80,3.20
2008.04.15 02:22:57.605,0.9393,0.9398,6.80,3.20
2008.04.15 02:22:57.851,0.9393,0.9397,4.00,4.80
2008.04.15 02:22:59.651,0.9393,0.9397,4.00,4.80
2008.04.15 02:23:01.390,0.9393,0.9397,4.00,4.80
2008.04.15 02:23:01.620,0.9393,0.9397,4.00,2.40
2008.04.15 02:23:01.850,0.9393,0.9398,6.40,3.30
2008.04.15 02:23:05.817,0.9393,0.9398,6.40,3.30
2008.04.15 02:23:06.593,0.9393,0.9398,6.40,5.70
2008.04.15 02:23:06.844,0.9394,0.9398,2.40,5.70
2008.04.15 02:23:11.838,0.9394,0.9398,2.40,5.70
2008.04.15 02:23:12.030,0.9393,0.9398,6.60,3.30
2008.04.15 02:23:18.142,0.9393,0.9398,6.60,3.30
2008.04.15 02:23:21.220,0.9393,0.9398,6.60,3.30
2008.04.15 02:23:22.920,0.9393,0.9398,6.60,3.30
2008.04.15 02:23:39.154,0.9393,0.9398,6.60,3.30
2008.04.15 02:23:39.374,0.9394,0.9398,2.40,5.70
2008.04.15 02:23:45.715,0.9394,0.9398,2.40,5.70
2008.04.15 02:23:52.008,0.9394,0.9398,2.40,5.70
2008.04.15 02:23:52.265,0.9395,0.9398,2.40,2.50
2008.04.15 02:23:52.676,0.9395,0.9398,2.40,2.50
2008.04.15 02:23:56.523,0.9395,0.9398,2.40,2.50
2008.04.15 02:23:56.735,0.9396,0.9399,0.30,5.60
2008.04.15 02:23:56.945,0.9396,0.9398,2.60,2.40
2008.04.15 02:23:57.156,0.9396,0.9398,2.60,2.40
2008.04.15 02:23:57.447,0.9396,0.9399,2.60,4.10
2008.04.15 02:23:57.748,0.9396,0.93985,2.60,0.80
2008.04.15 02:23:58.024,0.9396,0.93985,2.60,0.80
2008.04.15 02:23:58.298,0.9396,0.9399,2.60,3.30
2008.04.15 02:23:58.539,0.9396,0.9399,2.60,2.50
2008.04.15 02:23:58.778,0.9396,0.9399,2.60,2.50
2008.04.15 02:24:00.370,0.9396,0.9399,5.00,0.20
2008.04.15 02:24:00.472,0.9396,0.94,5.00,2.40
2008.04.15 02:24:00.563,0.9396,0.94,5.00,2.40
2008.04.15 02:24:01.528,0.9396,0.94,4.80,2.40
2008.04.15 02:24:01.864,0.9394,0.94,3.20,5.80
2008.04.15 02:24:02.200,0.93935,0.93995,0.80,0.30
2008.04.15 02:24:02.536,0.93935,0.93995,0.80,0.30
2008.04.15 02:24:02.986,0.93935,0.93995,0.80,0.30
2008.04.15 02:24:03.188,0.9397,0.94,0.30,9.30
2008.04.15 02:24:03.389,0.9397,0.9401,0.30,6.50
2008.04.15 02:24:03.696,0.93965,0.94,0.80,4.10
2008.04.15 02:24:04.000,0.9396,0.94,2.40,4.10
2008.04.15 02:24:04.306,0.9394,0.9399,4.80,2.40
2008.04.15 02:24:05.459,0.93945,0.9399,0.40,2.40
2008.04.15 02:24:05.670,0.9396,0.94,0.30,15.10
2008.04.15 02:24:05.882,0.9397,0.94,2.40,4.10
2008.04.15 02:24:06.136,0.9397,0.94,2.40,4.10
2008.04.15 02:24:06.346,0.9396,0.94,2.60,6.50
2008.04.15 02:24:07.227,0.9396,0.94,2.60,6.50
2008.04.15 02:24:07.540,0.9396,0.9399,0.30,2.40
2008.04.15 02:24:07.687,0.9396,0.9399,0.30,2.40
2008.04.15 02:24:07.856,0.9396,0.9399,0.30,4.80
2008.04.15 02:24:08.086,0.9396,0.9399,0.30,4.80
2008.04.15 02:24:08.255,0.9396,0.9399,0.30,4.80
2008.04.15 02:24:09.646,0.9396,0.93995,2.60,0.80
2008.04.15 02:24:09.804,0.9396,0.93995,2.60,0.80
2008.04.15 02:24:11.111,0.9396,0.93995,2.60,0.80
2008.04.15 02:24:11.434,0.9396,0.9399,2.60,2.50
2008.04.15 02:24:11.780,0.9396,0.9399,2.60,0.20
2008.04.15 02:24:11.987,0.9396,0.9399,2.60,0.20
2008.04.15 02:24:12.222,0.9396,0.9399,2.60,0.20
2008.04.15 02:24:12.517,0.9396,0.9399,2.60,0.20
2008.04.15 02:24:12.726,0.9396,0.93995,3.40,0.80
2008.04.15 02:24:13.055,0.9396,0.94,6.60,3.20
2008.04.15 02:24:13.385,0.9396,0.94,5.00,2.40
2008.04.15 02:24:13.667,0.9397,0.94,2.40,2.40
2008.04.15 02:24:14.066,0.9397,0.94,2.40,2.40
2008.04.15 02:24:14.286,0.9397,0.9401,5.60,6.50
2008.04.15 02:24:14.505,0.9397,0.9401,5.60,6.50
2008.04.15 02:24:22.056,0.9397,0.9401,5.60,6.50
2008.04.15 02:24:22.268,0.9396,0.94,5.00,6.50
2008.04.15 02:24:22.585,0.9396,0.94,5.00,6.50
2008.04.15 02:24:22.795,0.9396,0.94,4.80,6.50
2008.04.15 02:24:23.066,0.9396,0.94,4.80,6.50
2008.04.15 02:24:28.869,0.9396,0.94,4.80,6.50
2008.04.15 02:24:29.078,0.9396,0.94,4.80,6.50
2008.04.15 02:24:31.543,0.9396,0.94,4.80,6.50
2008.04.15 02:24:33.598,0.9396,0.94,5.00,6.50
2008.04.15 02:24:33.838,0.9396,0.94,5.00,6.50
2008.04.15 02:24:34.082,0.9396,0.94,5.00,6.50
2008.04.15 02:24:34.353,0.9396,0.94,5.60,6.50
2008.04.15 02:24:34.623,0.9396,0.94,4.80,6.50
2008.04.15 02:24:35.761,0.9396,0.94,4.80,6.50
2008.04.15 02:24:39.100,0.9396,0.9399,4.80,0.20
2008.04.15 02:24:39.390,0.9396,0.9399,2.40,4.10
2008.04.15 02:24:39.564,0.9396,0.9399,2.40,4.10
2008.04.15 02:24:41.762,0.9396,0.9399,2.40,4.10
2008.04.15 02:24:45.642,0.9395,0.9399,7.40,4.10
2008.04.15 02:24:45.867,0.9395,0.9399,6.60,6.50
2008.04.15 02:24:51.106,0.9395,0.9399,6.60,6.50
2008.04.15 02:24:51.399,0.9395,0.9399,6.40,6.50
2008.04.15 02:24:52.312,0.9395,0.9399,6.40,6.50
2008.04.15 02:24:52.561,0.9395,0.9399,7.20,6.50
2008.04.15 02:24:55.630,0.9395,0.9399,7.20,6.50
2008.04.15 02:24:55.855,0.9395,0.9398,4.80,2.40
2008.04.15 02:24:56.103,0.9395,0.9398,1.60,4.80
2008.04.15 02:24:56.405,0.9395,0.9398,1.60,4.80
2008.04.15 02:24:56.698,0.9395,0.9398,1.60,4.80
2008.04.15 02:24:58.361,0.9395,0.9398,1.60,2.40
2008.04.15 02:24:58.557,0.9395,0.9399,6.40,6.50
2008.04.15 02:24:59.256,0.9395,0.9399,7.20,6.50
2008.04.15 02:25:01.339,0.9395,0.9399,7.20,6.80
2008.04.15 02:25:01.574,0.9395,0.9398,1.60,4.80
2008.04.15 02:25:02.005,0.9395,0.9398,1.60,4.80
2008.04.15 02:25:02.390,0.9395,0.9398,1.60,4.80
2008.04.15 02:25:03.128,0.9395,0.9398,1.60,2.40
2008.04.15 02:25:03.378,0.9395,0.9398,4.00,2.40
2008.04.15 02:25:03.628,0.9395,0.9399,6.40,6.50
2008.04.15 02:25:04.323,0.9395,0.9399,6.40,6.50
2008.04.15 02:25:04.559,0.9395,0.9399,7.20,6.50
2008.04.15 02:25:11.270,0.9395,0.9399,7.20,6.50
2008.04.15 02:25:11.496,0.9395,0.9399,4.80,6.50
2008.04.15 02:25:11.789,0.9395,0.9399,4.80,7.30
2008.04.15 02:25:12.015,0.9395,0.9399,2.40,7.30
2008.04.15 02:25:12.843,0.9395,0.9398,2.40,2.40
2008.04.15 02:25:13.338,0.9395,0.9398,2.40,2.40
2008.04.15 02:25:13.573,0.9395,0.9398,4.00,2.40
2008.04.15 02:25:13.831,0.9395,0.9399,4.00,6.50
2008.04.15 02:25:14.066,0.9395,0.9399,6.40,6.50
2008.04.15 02:25:21.339,0.9395,0.9399,6.40,6.50
2008.04.15 02:25:29.441,0.9395,0.9399,6.40,6.50
2008.04.15 02:25:32.717,0.9395,0.9399,6.40,6.50
2008.04.15 02:25:32.887,0.9395,0.9398,4.00,4.10
2008.04.15 02:25:33.167,0.9395,0.9398,4.00,4.10
2008.04.15 02:25:33.362,0.9395,0.9398,6.40,0.90
2008.04.15 02:25:33.557,0.9395,0.9398,6.40,0.20
2008.04.15 02:25:33.879,0.9395,0.9398,6.40,0.20
2008.04.15 02:25:34.436,0.9395,0.9398,6.40,0.20
2008.04.15 02:25:34.721,0.9395,0.9398,6.40,0.20
2008.04.15 02:25:34.932,0.9396,0.9398,2.40,2.50
2008.04.15 02:25:35.142,0.9395,0.9398,4.20,3.30
2008.04.15 02:25:35.352,0.9395,0.9398,1.60,6.50
2008.04.15 02:25:35.864,0.9395,0.9398,1.60,6.50
2008.04.15 02:25:36.180,0.9395,0.9398,1.60,6.50
2008.04.15 02:25:36.471,0.9395,0.9398,1.60,4.90
2008.04.15 02:25:37.201,0.9395,0.9398,1.60,4.90
2008.04.15 02:25:37.424,0.9395,0.9397,1.60,0.20
2008.04.15 02:25:37.727,0.9395,0.9398,1.60,7.20
2008.04.15 02:25:37.981,0.9395,0.9398,1.60,4.80
2008.04.15 02:25:40.549,0.9395,0.9398,4.00,2.40
2008.04.15 02:25:40.797,0.9395,0.9398,4.00,2.40
2008.04.15 02:25:41.268,0.9395,0.9398,4.00,2.40
2008.04.15 02:25:41.535,0.9395,0.9398,4.00,2.50
2008.04.15 02:25:41.779,0.9395,0.9398,4.00,2.50
2008.04.15 02:25:42.019,0.9395,0.9398,1.60,4.90
2008.04.15 02:25:42.453,0.9395,0.9398,1.60,4.90
2008.04.15 02:25:42.692,0.9395,0.9398,1.60,4.90
2008.04.15 02:25:45.530,0.9395,0.9398,1.60,4.90
2008.04.15 02:25:45.765,0.9395,0.9398,1.60,4.90
2008.04.15 02:25:45.996,0.9395,0.9398,1.60,4.90
2008.04.15 02:25:46.240,0.9395,0.9398,4.00,2.50
2008.04.15 02:25:46.488,0.9395,0.9398,1.60,4.90
2008.04.15 02:25:46.682,0.9395,0.9398,1.60,4.90
2008.04.15 02:25:47.458,0.9395,0.9398,1.60,4.90
2008.04.15 02:25:47.680,0.9395,0.9398,1.60,5.70
2008.04.15 02:25:49.220,0.9395,0.9398,1.60,6.80
2008.04.15 02:25:49.447,0.9395,0.9397,1.60,2.50
2008.04.15 02:25:49.724,0.9395,0.9397,1.60,2.50
2008.04.15 02:25:50.765,0.9395,0.9397,1.60,3.30
2008.04.15 02:25:53.115,0.9395,0.9397,1.60,1.70
2008.04.15 02:25:53.341,0.9395,0.9397,1.60,0.90
2008.04.15 02:25:54.448,0.9395,0.9397,0.80,0.20
2008.04.15 02:25:54.715,0.9395,0.9397,0.80,0.20
2008.04.15 02:25:54.974,0.9393,0.9397,6.80,2.50
2008.04.15 02:25:55.229,0.9394,0.9397,2.40,2.50
2008.04.15 02:25:56.550,0.9395,0.9397,0.80,2.50
2008.04.15 02:25:56.816,0.93945,0.93975,0.80,0.80
2008.04.15 02:25:57.056,0.9394,0.9398,6.60,4.90
2008.04.15 02:25:57.307,0.9394,0.9398,4.20,6.50
2008.04.15 02:25:57.558,0.9394,0.9397,2.40,2.40
2008.04.15 02:25:57.810,0.9394,0.9398,5.60,6.50
2008.04.15 02:25:59.301,0.9394,0.9398,5.60,6.50
2008.04.15 02:25:59.492,0.93955,0.9398,0.80,4.10
2008.04.15 02:25:59.716,0.93955,0.9398,0.80,4.10
2008.04.15 02:25:59.928,0.93955,0.9398,0.80,4.10
2008.04.15 02:26:00.117,0.93955,0.9398,0.80,4.10
2008.04.15 02:26:00.306,0.9395,0.9398,2.40,4.10
2008.04.15 02:26:00.606,0.9394,0.9398,5.60,6.50
2008.04.15 02:26:01.727,0.9394,0.9398,5.60,6.50
2008.04.15 02:26:01.949,0.9394,0.9398,4.80,6.50
2008.04.15 02:26:02.218,0.9394,0.9398,4.80,6.80
2008.04.15 02:26:02.430,0.9396,0.9397,0.80,2.50
2008.04.15 02:26:02.642,0.93935,0.9397,0.80,4.90
2008.04.15 02:26:02.876,0.93935,0.9397,0.80,4.90
2008.04.15 02:26:03.087,0.9393,0.9397,4.80,4.90
2008.04.15 02:26:03.314,0.9393,0.9397,4.80,4.80
2008.04.15 02:26:03.613,0.9393,0.9397,3.20,4.80
2008.04.15 02:26:04.585,0.9393,0.9397,3.20,4.80
2008.04.15 02:26:04.799,0.93965,0.9397,0.80,2.40
2008.04.15 02:26:04.988,0.9395,0.9398,2.40,2.50
2008.04.15 02:26:05.190,0.9395,0.9398,2.40,2.50
2008.04.15 02:26:05.486,0.9394,0.9397,3.20,2.40
2008.04.15 02:26:05.906,0.9394,0.9397,3.20,2.40
2008.04.15 02:26:06.891,0.9394,0.9397,0.80,4.80
2008.04.15 02:26:07.112,0.9393,0.9397,3.20,4.80
2008.04.15 02:26:08.725,0.9393,0.9397,3.20,4.80
2008.04.15 02:26:08.953,0.9393,0.9397,0.80,4.80
2008.04.15 02:26:09.157,0.9392,0.9397,5.80,2.40
2008.04.15 02:26:09.377,0.9392,0.9397,5.80,2.40
2008.04.15 02:26:09.582,0.9392,0.9397,7.40,2.40
2008.04.15 02:26:13.611,0.9392,0.9397,7.40,2.40
2008.04.15 02:26:17.994,0.9392,0.9397,7.40,2.40
2008.04.15 02:26:18.219,0.9392,0.93975,7.40,0.30
2008.04.15 02:26:18.446,0.9392,0.9397,7.40,2.50
2008.04.15 02:26:18.671,0.9392,0.9397,7.40,2.50
2008.04.15 02:26:18.960,0.9392,0.9397,7.40,2.50
2008.04.15 02:26:23.598,0.9392,0.9397,7.40,2.50
2008.04.15 02:26:30.076,0.9392,0.9397,7.40,2.50
2008.04.15 02:26:30.296,0.9393,0.9397,3.20,4.90
2008.04.15 02:26:35.123,0.9393,0.9397,3.20,2.50
2008.04.15 02:26:35.348,0.93925,0.9397,0.80,2.50
2008.04.15 02:26:48.978,0.93925,0.9397,0.80,2.50
2008.04.15 02:26:51.633,0.93925,0.9397,0.80,2.50
2008.04.15 02:26:51.854,0.9393,0.9397,3.20,4.90
2008.04.15 02:26:52.161,0.9393,0.9397,3.20,4.90
2008.04.15 02:26:53.288,0.9393,0.9397,3.20,4.90
2008.04.15 02:26:53.531,0.9394,0.9397,2.40,2.50
2008.04.15 02:26:53.720,0.9394,0.9397,5.60,0.20
2008.04.15 02:26:54.180,0.9394,0.9397,5.60,0.20
2008.04.15 02:26:54.395,0.9394,0.9397,4.80,0.20
2008.04.15 02:26:56.472,0.9394,0.9397,4.80,0.20
2008.04.15 02:27:00.056,0.9394,0.9397,4.80,0.20
2008.04.15 02:27:00.285,0.9394,0.9397,4.80,0.20
2008.04.15 02:27:01.282,0.9394,0.9397,4.80,0.20
2008.04.15 02:27:01.528,0.9396,0.9398,2.40,2.40
2008.04.15 02:27:01.744,0.9395,0.93985,6.60,0.80
2008.04.15 02:27:01.960,0.9395,0.9398,1.60,4.80
2008.04.15 02:27:02.174,0.9395,0.9398,0.80,4.80
2008.04.15 02:27:02.503,0.9394,0.9398,3.20,4.80
2008.04.15 02:27:03.354,0.9394,0.9398,3.20,4.80
2008.04.15 02:27:03.644,0.93935,0.9398,0.80,2.40
2008.04.15 02:27:05.886,0.93935,0.9398,0.80,2.40
2008.04.15 02:27:06.076,0.9394,0.9398,3.20,4.80
2008.04.15 02:27:06.268,0.9394,0.9399,5.60,4.10
2008.04.15 02:27:06.498,0.9394,0.9399,5.60,2.50
2008.04.15 02:27:06.687,0.9394,0.9399,5.60,2.50
2008.04.15 02:27:07.442,0.9394,0.9399,5.60,2.50
2008.04.15 02:27:07.787,0.9394,0.9399,5.60,2.50
2008.04.15 02:27:08.370,0.9394,0.9399,5.60,2.50
2008.04.15 02:27:08.565,0.9394,0.9398,3.20,4.90
2008.04.15 02:27:08.757,0.9394,0.9398,3.20,4.90
2008.04.15 02:27:09.398,0.9394,0.9398,3.20,4.90
2008.04.15 02:27:20.229,0.9394,0.9398,3.20,4.90
2008.04.15 02:27:21.085,0.9394,0.9398,3.20,4.90
2008.04.15 02:27:21.928,0.9394,0.9398,3.20,4.90
2008.04.15 02:27:22.114,0.9394,0.9398,4.80,4.90
2008.04.15 02:27:22.353,0.9395,0.9398,2.40,2.50
2008.04.15 02:27:22.625,0.9395,0.9398,2.40,2.50
2008.04.15 02:27:22.864,0.9395,0.9398,2.40,2.50
2008.04.15 02:27:23.130,0.9395,0.9398,4.80,0.20
2008.04.15 02:27:25.863,0.9395,0.9398,4.80,0.20
2008.04.15 02:27:26.086,0.9394,0.9398,5.00,4.90
2008.04.15 02:27:26.509,0.9394,0.9398,4.20,4.90
2008.04.15 02:27:26.790,0.9394,0.9398,4.20,4.90
2008.04.15 02:27:33.398,0.9394,0.9398,4.20,4.90
2008.04.15 02:27:33.661,0.9395,0.9398,4.80,0.20
2008.04.15 02:27:41.463,0.9395,0.9398,2.40,0.20
2008.04.15 02:27:41.693,0.9395,0.9398,2.40,2.50
2008.04.15 02:27:41.957,0.9395,0.9398,2.40,2.50
2008.04.15 02:27:42.186,0.9395,0.9398,4.80,0.20
2008.04.15 02:27:42.416,0.9394,0.9398,5.00,2.50
2008.04.15 02:27:42.646,0.9394,0.9398,4.20,4.90
2008.04.15 02:27:43.621,0.9395,0.9398,2.40,2.50
2008.04.15 02:27:43.835,0.9395,0.9398,4.80,0.20
2008.04.15 02:27:44.672,0.9395,0.9398,4.80,0.20
2008.04.15 02:27:44.926,0.9395,0.9398,4.80,0.50
2008.04.15 02:27:45.196,0.9394,0.9397,3.20,2.50
2008.04.15 02:27:45.466,0.9394,0.9397,2.40,2.50
2008.04.15 02:27:45.739,0.9394,0.9398,3.20,4.80
2008.04.15 02:27:46.157,0.9394,0.9398,3.20,4.80
2008.04.15 02:27:46.405,0.9394,0.9398,3.20,4.80
2008.04.15 02:27:46.710,0.9394,0.9398,3.20,4.80
2008.04.15 02:27:46.956,0.9394,0.9399,5.60,2.50
2008.04.15 02:27:47.199,0.9394,0.9399,5.60,2.50
2008.04.15 02:27:47.876,0.9394,0.9399,5.60,2.50
2008.04.15 02:27:48.103,0.9395,0.9399,2.40,2.50
2008.04.15 02:27:48.328,0.9395,0.9399,2.40,4.90
2008.04.15 02:27:49.159,0.9395,0.9399,4.80,2.50
2008.04.15 02:27:49.428,0.9396,0.94,2.40,4.80
2008.04.15 02:27:49.703,0.9396,0.94,2.40,3.20
2008.04.15 02:27:49.958,0.9396,0.94,2.40,2.40
2008.04.15 02:27:50.214,0.9395,0.94,5.80,2.40
2008.04.15 02:27:50.445,0.9395,0.94,5.00,3.50
2008.04.15 02:27:50.675,0.9395,0.94,5.80,2.70
2008.04.15 02:27:52.091,0.9395,0.94,5.80,2.90
2008.04.15 02:27:52.317,0.93945,0.94,0.80,6.10
2008.04.15 02:27:52.934,0.93945,0.9399,0.80,0.30
2008.04.15 02:27:53.156,0.93945,0.9398,0.80,2.50
2008.04.15 02:27:53.397,0.93945,0.9398,0.80,2.50
2008.04.15 02:27:53.717,0.93945,0.9398,0.80,2.50
2008.04.15 02:27:54.160,0.93945,0.9398,0.80,2.50
2008.04.15 02:27:54.418,0.9394,0.9398,2.60,2.50
2008.04.15 02:27:54.717,0.9395,0.9398,2.60,0.20
2008.04.15 02:27:55.223,0.9395,0.9398,2.60,0.20
2008.04.15 02:27:56.539,0.9395,0.9398,2.60,0.20
2008.04.15 02:27:56.769,0.9395,0.9399,2.60,7.30
2008.04.15 02:27:56.999,0.9395,0.9399,2.60,6.50
2008.04.15 02:27:57.246,0.9395,0.9399,4.20,6.50
2008.04.15 02:27:57.801,0.9395,0.9399,4.20,6.50
2008.04.15 02:27:58.013,0.9395,0.9399,3.40,4.90
2008.04.15 02:27:59.203,0.9395,0.9399,3.40,4.90
2008.04.15 02:27:59.423,0.9395,0.9399,2.60,4.90
2008.04.15 02:27:59.681,0.9395,0.9399,2.60,4.90
2008.04.15 02:27:59.900,0.9395,0.9398,1.80,2.40
2008.04.15 02:28:00.146,0.9395,0.9398,4.20,2.40
2008.04.15 02:28:00.430,0.9395,0.9398,4.20,2.40
2008.04.15 02:28:00.676,0.9396,0.9399,2.40,4.10
2008.04.15 02:28:01.004,0.9396,0.9399,2.40,4.10
2008.04.15 02:28:01.234,0.9395,0.9398,4.20,2.40
2008.04.15 02:28:02.316,0.9395,0.9398,4.20,2.40
2008.04.15 02:28:03.206,0.9395,0.9398,4.20,2.40
2008.04.15 02:28:04.823,0.9395,0.9398,4.20,2.40
2008.04.15 02:28:05.039,0.9396,0.9399,0.30,5.70
2008.04.15 02:28:05.297,0.9396,0.9399,0.30,4.90
2008.04.15 02:28:05.709,0.9396,0.9399,0.30,4.90
2008.04.15 02:28:05.981,0.9396,0.9399,0.30,4.90
2008.04.15 02:28:06.263,0.9396,0.9399,0.30,5.70
2008.04.15 02:28:06.502,0.9396,0.9399,0.30,5.70
2008.04.15 02:28:06.717,0.9396,0.9399,0.30,4.90
2008.04.15 02:28:07.603,0.9396,0.9399,0.30,4.90
2008.04.15 02:28:07.879,0.9396,0.9399,0.30,4.90
2008.04.15 02:28:09.067,0.9396,0.9399,0.30,4.90
2008.04.15 02:28:09.307,0.9395,0.9399,6.60,6.50
2008.04.15 02:28:09.559,0.9395,0.9399,6.60,6.50
2008.04.15 02:28:10.514,0.9395,0.9399,5.80,6.50
2008.04.15 02:28:10.790,0.9395,0.9399,4.80,6.70
2008.04.15 02:28:11.065,0.9395,0.9399,2.40,6.50
2008.04.15 02:28:11.396,0.9395,0.9399,2.40,6.50
2008.04.15 02:28:11.648,0.9395,0.93985,4.80,0.20
2008.04.15 02:28:11.921,0.9395,0.9399,4.80,6.70
2008.04.15 02:28:13.532,0.9395,0.9399,4.80,6.70
2008.04.15 02:28:13.738,0.9395,0.9398,2.40,2.40
2008.04.15 02:28:15.903,0.9395,0.9398,2.40,2.40
2008.04.15 02:28:16.107,0.9395,0.9398,2.40,2.40
2008.04.15 02:28:17.878,0.9395,0.9398,2.40,2.40
2008.04.15 02:28:18.058,0.9395,0.9399,4.80,7.30
2008.04.15 02:28:18.238,0.9395,0.9399,5.00,7.30
2008.04.15 02:28:18.457,0.9395,0.9399,2.60,6.50
2008.04.15 02:28:18.717,0.9395,0.9399,5.00,4.90
2008.04.15 02:28:19.387,0.9395,0.9399,5.00,4.90
2008.04.15 02:28:19.665,0.9395,0.9399,5.00,4.90
2008.04.15 02:28:22.642,0.9395,0.9399,5.00,4.90
2008.04.15 02:28:24.849,0.9395,0.9399,5.00,4.90
2008.04.15 02:28:25.401,0.9395,0.9399,5.00,4.90
2008.04.15 02:28:25.620,0.9395,0.9399,5.00,4.10
2008.04.15 02:28:27.493,0.9395,0.9399,5.00,3.60
2008.04.15 02:28:27.712,0.93945,0.9398,0.80,4.80
2008.04.15 02:28:27.922,0.9394,0.9398,4.20,5.60
2008.04.15 02:28:29.139,0.9394,0.9398,4.20,5.60
2008.04.15 02:28:29.413,0.9395,0.9399,2.40,7.30
2008.04.15 02:28:30.452,0.9395,0.9399,2.40,7.30
2008.04.15 02:28:30.652,0.9395,0.9399,2.40,6.50
2008.04.15 02:28:30.922,0.9395,0.9399,2.40,7.30
2008.04.15 02:28:31.190,0.93945,0.9399,0.80,7.30
2008.04.15 02:28:31.460,0.9394,0.9399,2.40,7.60
2008.04.15 02:28:31.731,0.93935,0.9398,0.80,2.50
2008.04.15 02:28:31.971,0.93935,0.9398,0.80,3.30
2008.04.15 02:28:32.212,0.9394,0.9398,2.40,3.30
2008.04.15 02:28:32.607,0.9394,0.9398,2.40,3.30
2008.04.15 02:28:32.843,0.9394,0.9398,2.60,0.20
2008.04.15 02:28:34.625,0.9395,0.9398,2.40,0.20
2008.04.15 02:28:34.856,0.9395,0.9399,2.40,5.20
2008.04.15 02:28:35.080,0.9395,0.9399,2.40,7.60
2008.04.15 02:28:35.305,0.93945,0.9398,0.80,2.40
2008.04.15 02:28:35.530,0.93945,0.9398,0.80,2.40
2008.04.15 02:28:35.755,0.93945,0.9398,0.80,2.40
2008.04.15 02:28:36.039,0.9395,0.9399,2.40,5.70
2008.04.15 02:28:37.428,0.9395,0.9399,2.40,5.70
2008.04.15 02:28:37.675,0.9394,0.9398,5.00,2.40
2008.04.15 02:28:37.908,0.9394,0.9398,2.60,5.60
2008.04.15 02:28:38.147,0.9394,0.9398,0.30,5.80
2008.04.15 02:28:38.391,0.93935,0.9398,0.80,5.80
2008.04.15 02:28:38.610,0.9393,0.9398,2.40,5.80
2008.04.15 02:28:40.063,0.9393,0.9397,2.40,2.40
2008.04.15 02:28:40.246,0.9393,0.9397,2.40,2.40
2008.04.15 02:28:40.426,0.9393,0.9397,4.80,2.40
2008.04.15 02:28:40.725,0.9393,0.9397,4.80,2.40
2008.04.15 02:28:42.411,0.9393,0.9397,4.80,2.40
2008.04.15 02:28:42.598,0.9393,0.9397,2.40,2.40
2008.04.15 02:28:42.767,0.9393,0.9397,2.40,2.40
2008.04.15 02:28:42.989,0.9393,0.9397,2.40,2.40
2008.04.15 02:28:43.311,0.9393,0.9397,5.00,3.20
2008.04.15 02:28:43.643,0.9393,0.9397,5.00,2.40
2008.04.15 02:28:43.956,0.9393,0.9397,5.00,2.40
2008.04.15 02:28:47.392,0.9393,0.9397,5.00,2.40
2008.04.15 02:28:47.628,0.9393,0.9397,2.60,5.60
2008.04.15 02:28:49.111,0.9393,0.9397,2.60,5.60
2008.04.15 02:28:49.481,0.9394,0.9398,2.40,2.50
2008.04.15 02:28:49.638,0.9394,0.9398,3.20,2.50
2008.04.15 02:28:49.839,0.9394,0.9398,3.20,2.50
2008.04.15 02:28:50.213,0.9394,0.9398,3.20,2.50
2008.04.15 02:28:50.374,0.9394,0.9398,2.40,2.50
2008.04.15 02:28:51.336,0.9394,0.9398,2.40,2.50
2008.04.15 02:28:51.692,0.9394,0.9398,3.20,4.90
2008.04.15 02:28:54.077,0.9394,0.9398,3.20,4.90
2008.04.15 02:28:54.250,0.9394,0.9398,2.40,2.50
2008.04.15 02:28:54.431,0.9394,0.9398,2.40,2.80
2008.04.15 02:28:54.612,0.9394,0.9397,2.40,2.40
2008.04.15 02:28:54.866,0.9394,0.9397,2.40,2.40
2008.04.15 02:28:56.062,0.9394,0.9397,2.40,2.40
2008.04.15 02:28:56.282,0.9395,0.9398,2.40,2.50
2008.04.15 02:28:56.502,0.9394,0.9398,3.20,2.50
2008.04.15 02:28:56.802,0.9394,0.9398,2.40,2.50
2008.04.15 02:28:57.133,0.9394,0.9398,2.40,2.50
2008.04.15 02:28:57.671,0.9395,0.9398,2.40,0.20
2008.04.15 02:28:57.899,0.9395,0.9398,2.40,2.50
2008.04.15 02:28:58.669,0.9395,0.9398,2.40,2.50
2008.04.15 02:28:59.615,0.9394,0.9398,3.20,4.90
2008.04.15 02:28:59.890,0.9394,0.9398,5.80,2.50
2008.04.15 02:29:00.117,0.9395,0.9399,4.80,2.80
2008.04.15 02:29:00.343,0.9395,0.9399,2.40,2.50
2008.04.15 02:29:00.586,0.9395,0.9399,3.20,4.90
2008.04.15 02:29:00.835,0.9395,0.9399,3.20,4.90
2008.04.15 02:29:01.132,0.9395,0.9399,3.20,2.80
2008.04.15 02:29:01.428,0.9395,0.9398,2.40,2.40
2008.04.15 02:29:01.881,0.9395,0.9398,2.40,2.40
2008.04.15 02:29:02.101,0.9394,0.9398,4.20,4.80
2008.04.15 02:29:02.323,0.9395,0.9399,2.40,4.90
2008.04.15 02:29:02.660,0.9395,0.9399,2.40,4.90
2008.04.15 02:29:03.894,0.9395,0.9399,2.40,4.90
2008.04.15 02:29:04.131,0.9395,0.9399,2.40,4.90
2008.04.15 02:29:04.375,0.9394,0.9398,5.80,2.40
2008.04.15 02:29:04.632,0.9394,0.9398,5.80,2.40
2008.04.15 02:29:04.851,0.9394,0.9398,5.00,2.40
2008.04.15 02:29:05.146,0.9395,0.9398,0.30,2.40
2008.04.15 02:29:05.448,0.9395,0.9399,3.40,4.90
2008.04.15 02:29:06.056,0.9395,0.9399,4.20,4.90
2008.04.15 02:29:06.267,0.9395,0.9398,1.80,2.40
2008.04.15 02:29:06.499,0.9395,0.9398,0.30,2.40
2008.04.15 02:29:06.686,0.9394,0.9398,7.20,2.40
2008.04.15 02:29:06.897,0.9394,0.9398,5.60,2.40
2008.04.15 02:29:08.046,0.9394,0.9398,4.80,2.40
2008.04.15 02:29:08.272,0.9394,0.9398,6.60,2.40
2008.04.15 02:29:08.654,0.9394,0.9398,6.60,2.40
2008.04.15 02:29:10.100,0.9394,0.9398,6.60,2.40
2008.04.15 02:29:10.892,0.9394,0.9398,6.60,2.40
2008.04.15 02:29:11.091,0.9395,0.9399,2.40,5.70
2008.04.15 02:29:13.037,0.9395,0.9399,2.40,5.70
2008.04.15 02:29:13.268,0.9395,0.9399,2.40,5.70
2008.04.15 02:29:13.534,0.9395,0.9399,2.60,5.70
2008.04.15 02:29:13.749,0.9395,0.9399,2.60,4.90
2008.04.15 02:29:17.308,0.9395,0.9399,2.60,4.90
2008.04.15 02:29:17.664,0.9395,0.9399,5.00,2.50
2008.04.15 02:29:18.135,0.9395,0.9399,5.00,2.50
2008.04.15 02:29:18.349,0.9395,0.9399,5.00,2.50
2008.04.15 02:29:22.585,0.9395,0.9399,5.00,2.50
2008.04.15 02:29:22.830,0.9395,0.9399,2.60,4.90
2008.04.15 02:29:26.200,0.9395,0.9399,3.40,4.90
2008.04.15 02:29:26.459,0.9395,0.9399,3.40,4.90
2008.04.15 02:29:26.665,0.9395,0.9399,3.40,4.90
2008.04.15 02:29:26.957,0.9395,0.9399,3.40,4.90
2008.04.15 02:29:27.233,0.9395,0.9399,2.60,4.90
2008.04.15 02:29:27.457,0.9395,0.9399,2.60,4.90
2008.04.15 02:29:30.694,0.9395,0.9399,2.60,4.90
2008.04.15 02:29:30.934,0.9395,0.9399,3.40,4.90
2008.04.15 02:29:33.334,0.9395,0.9399,3.40,4.90
2008.04.15 02:29:33.534,0.9396,0.94,3.40,4.00
2008.04.15 02:29:33.734,0.9396,0.94,5.80,4.00
2008.04.15 02:29:33.958,0.9396,0.94,5.80,4.00
2008.04.15 02:29:34.222,0.9396,0.94,5.80,2.40
2008.04.15 02:29:37.286,0.9396,0.94,5.80,2.40
2008.04.15 02:29:37.624,0.9396,0.94,3.40,2.40
2008.04.15 02:29:39.163,0.9396,0.94,3.40,2.40
2008.04.15 02:29:39.751,0.9396,0.94,3.40,2.40
2008.04.15 02:29:40.683,0.9396,0.94,3.40,2.40
2008.04.15 02:29:40.919,0.9396,0.94,5.80,2.40
2008.04.15 02:29:41.159,0.9396,0.94,5.80,2.40
2008.04.15 02:29:41.598,0.9396,0.94,6.00,2.40
2008.04.15 02:29:41.838,0.9397,0.9401,2.60,5.70
2008.04.15 02:29:42.077,0.9397,0.9401,5.00,4.90
2008.04.15 02:29:42.414,0.9397,0.9401,5.80,4.90
2008.04.15 02:29:42.714,0.9397,0.9401,5.80,4.90
2008.04.15 02:29:43.142,0.9397,0.9401,3.40,4.90
2008.04.15 02:29:43.402,0.9398,0.9401,2.60,2.40
2008.04.15 02:29:43.661,0.9398,0.9401,2.60,2.40
2008.04.15 02:29:43.921,0.9398,0.9402,2.60,3.20
2008.04.15 02:29:44.312,0.9398,0.9402,2.60,4.80
2008.04.15 02:29:44.552,0.9398,0.9402,0.30,3.20
2008.04.15 02:29:44.889,0.9398,0.9402,0.30,3.20
2008.04.15 02:29:45.175,0.9398,0.9402,0.30,3.20
2008.04.15 02:29:45.461,0.9397,0.9402,0.30,5.60
2008.04.15 02:29:45.746,0.9397,0.9402,5.80,2.40
2008.04.15 02:29:46.164,0.9397,0.9402,5.80,2.40
2008.04.15 02:29:46.345,0.9397,0.9402,5.80,2.40
2008.04.15 02:29:46.551,0.9398,0.9403,0.30,6.10
2008.04.15 02:29:46.756,0.9399,0.9403,2.60,5.60
2008.04.15 02:29:47.282,0.9399,0.9403,5.00,3.20
2008.04.15 02:29:47.621,0.9399,0.9403,5.00,3.20
2008.04.15 02:29:47.907,0.9398,0.9401,0.80,2.40
2008.04.15 02:29:48.192,0.9397,0.9401,6.60,2.40
2008.04.15 02:29:48.407,0.93975,0.9401,0.40,5.60
2008.04.15 02:29:48.646,0.9398,0.9403,5.00,4.10
2008.04.15 02:29:48.837,0.9398,0.9402,2.60,4.80
2008.04.15 02:29:49.051,0.9398,0.9402,2.60,4.80
2008.04.15 02:29:49.295,0.9398,0.9402,2.60,2.40
2008.04.15 02:29:49.561,0.9398,0.9402,2.60,2.40
2008.04.15 02:29:49.806,0.9398,0.9402,2.60,4.80
2008.04.15 02:29:50.051,0.9398,0.9402,2.60,5.60
2008.04.15 02:29:50.315,0.9398,0.9402,2.60,5.60
2008.04.15 02:29:50.579,0.9399,0.9402,2.40,2.40
2008.04.15 02:29:50.909,0.9399,0.9402,2.40,2.40
2008.04.15 02:29:51.209,0.9399,0.9402,2.40,2.40
2008.04.15 02:29:51.471,0.9399,0.9403,4.80,3.20
2008.04.15 02:29:51.731,0.9399,0.9402,4.80,0.20
2008.04.15 02:29:51.991,0.93985,0.9402,0.80,4.90
2008.04.15 02:29:52.252,0.9399,0.9402,2.40,2.50
2008.04.15 02:29:52.513,0.9399,0.9403,2.40,2.40
2008.04.15 02:29:52.773,0.9399,0.9403,2.40,2.40
2008.04.15 02:29:53.161,0.9399,0.9403,2.40,3.20
2008.04.15 02:29:53.421,0.93985,0.9403,0.80,3.20
2008.04.15 02:29:53.675,0.93985,0.9403,0.80,3.20
2008.04.15 02:29:53.929,0.9398,0.9403,2.60,3.20
2008.04.15 02:29:54.184,0.9398,0.9403,3.00,3.20
2008.04.15 02:29:54.467,0.9399,0.9403,5.00,3.20
2008.04.15 02:29:54.755,0.9399,0.9403,5.00,3.20
2008.04.15 02:29:54.987,0.9399,0.9402,2.60,2.40
2008.04.15 02:29:55.247,0.9399,0.9402,2.60,2.40
2008.04.15 02:29:55.517,0.9399,0.9403,6.60,2.50
2008.04.15 02:29:55.786,0.9399,0.9403,6.60,2.40
2008.04.15 02:29:57.029,0.9399,0.9403,5.80,2.40
2008.04.15 02:29:57.255,0.9399,0.9403,5.00,2.40
2008.04.15 02:29:57.529,0.9399,0.9402,2.40,2.40
2008.04.15 02:29:57.759,0.9399,0.9402,2.40,2.40
2008.04.15 02:29:57.988,0.9398,0.9402,2.60,4.80
2008.04.15 02:29:59.168,0.9398,0.9402,2.60,4.80
2008.04.15 02:29:59.454,0.9398,0.9402,2.60,4.80
2008.04.15 02:29:59.740,0.9398,0.9402,2.60,4.80
2008.04.15 02:29:59.992,0.9398,0.9402,2.60,4.90
2008.04.15 02:30:00.226,0.9398,0.9402,2.60,4.90
2008.04.15 02:30:00.488,0.9398,0.9402,2.60,4.90
2008.04.15 02:30:02.435,0.9398,0.9402,2.60,4.90
2008.04.15 02:30:02.673,0.9398,0.9401,0.30,2.40
2008.04.15 02:30:04.277,0.9398,0.9401,0.30,2.40
2008.04.15 02:30:04.513,0.9397,0.9401,6.60,3.20
2008.04.15 02:30:04.738,0.9397,0.9401,6.60,3.20
2008.04.15 02:30:05.134,0.9397,0.9401,6.60,3.20
2008.04.15 02:30:05.383,0.9397,0.9401,4.20,4.90
2008.04.15 02:30:05.583,0.93975,0.9401,0.80,4.90
2008.04.15 02:30:06.233,0.93975,0.9401,0.80,4.90
2008.04.15 02:30:06.686,0.93975,0.9401,0.80,4.90
2008.04.15 02:30:07.997,0.93975,0.9401,0.80,4.90
2008.04.15 02:30:08.212,0.93975,0.9401,0.80,6.50
2008.04.15 02:30:12.231,0.93975,0.9401,0.80,6.50
2008.04.15 02:30:12.438,0.9398,0.9401,2.40,2.40
2008.04.15 02:30:12.641,0.9398,0.9402,2.40,4.80
2008.04.15 02:30:13.197,0.9398,0.9402,2.40,4.80
2008.04.15 02:30:13.446,0.9399,0.9402,2.40,2.40
2008.04.15 02:30:21.864,0.9398,0.9402,3.20,4.80
2008.04.15 02:30:22.184,0.9398,0.9402,2.40,4.80
2008.04.15 02:30:23.229,0.9398,0.9402,2.40,4.80
2008.04.15 02:30:25.138,0.9398,0.9402,2.40,4.80
2008.04.15 02:30:25.419,0.9399,0.9402,2.40,2.40
2008.04.15 02:30:27.624,0.9399,0.9402,2.40,2.40
2008.04.15 02:30:27.820,0.93975,0.9401,0.80,2.40
2008.04.15 02:30:28.043,0.93975,0.9401,0.80,4.80
2008.04.15 02:30:28.239,0.9398,0.9401,2.40,3.20
2008.04.15 02:30:28.435,0.9398,0.9401,2.40,2.40
2008.04.15 02:30:30.802,0.9398,0.9401,2.40,2.40
2008.04.15 02:30:31.027,0.9398,0.9402,3.20,2.50
2008.04.15 02:30:31.242,0.9398,0.9402,3.20,2.50
2008.04.15 02:30:36.805,0.9398,0.9402,3.20,2.50
2008.04.15 02:30:37.050,0.9398,0.9402,2.40,3.30
2008.04.15 02:30:40.693,0.9398,0.9402,2.40,3.30
2008.04.15 02:30:47.096,0.9398,0.9402,2.40,3.30
2008.04.15 02:30:47.312,0.9398,0.9402,2.40,3.30
2008.04.15 02:30:47.527,0.9398,0.9402,2.40,2.40
2008.04.15 02:30:47.880,0.9398,0.9402,2.40,2.40
2008.04.15 02:30:48.134,0.9398,0.9402,2.40,2.40
2008.04.15 02:30:48.389,0.9398,0.9402,4.80,2.40
2008.04.15 02:30:48.660,0.9398,0.9402,4.80,2.40
2008.04.15 02:30:49.450,0.9398,0.9402,4.80,2.40
2008.04.15 02:30:49.675,0.9398,0.9402,2.40,2.40
2008.04.15 02:30:49.899,0.9398,0.9402,2.40,3.20
2008.04.15 02:31:00.797,0.9398,0.9402,2.40,3.20
2008.04.15 02:31:01.024,0.9397,0.9401,5.00,3.20
2008.04.15 02:31:01.262,0.9397,0.9401,2.60,5.60
2008.04.15 02:31:01.760,0.9397,0.9401,2.60,5.60
2008.04.15 02:31:06.059,0.9397,0.9401,2.60,5.60
2008.04.15 02:31:06.426,0.9397,0.9401,2.60,5.60
2008.04.15 02:31:06.630,0.9397,0.9401,2.60,3.30
2008.04.15 02:31:06.840,0.9397,0.9401,2.60,3.30
2008.04.15 02:31:07.067,0.9397,0.9401,5.80,3.30
2008.04.15 02:31:07.295,0.9397,0.94,0.30,2.40
2008.04.15 02:31:07.614,0.9397,0.94,0.30,2.40
2008.04.15 02:31:07.936,0.9397,0.94,0.30,2.40
2008.04.15 02:31:08.353,0.9397,0.94,0.30,2.40
2008.04.15 02:31:08.539,0.9397,0.9401,5.00,3.30
2008.04.15 02:31:08.735,0.9397,0.9401,5.00,2.50
2008.04.15 02:31:08.922,0.9398,0.9401,0.30,2.50
2008.04.15 02:31:09.106,0.9398,0.9401,0.30,2.50
2008.04.15 02:31:09.292,0.9398,0.9401,2.60,0.20
2008.04.15 02:31:09.588,0.9398,0.9401,2.60,0.20
2008.04.15 02:31:12.317,0.9398,0.9401,2.60,0.20
2008.04.15 02:31:12.528,0.9399,0.9402,0.30,4.80
2008.04.15 02:31:12.795,0.9399,0.9402,0.30,4.80
2008.04.15 02:31:13.686,0.9399,0.9402,0.30,4.80
2008.04.15 02:31:15.813,0.9399,0.9402,0.30,4.80
2008.04.15 02:31:16.038,0.9398,0.9402,2.60,5.60
2008.04.15 02:31:16.279,0.9398,0.9402,2.60,5.60
2008.04.15 02:31:16.470,0.9398,0.9402,0.30,5.60
2008.04.15 02:31:17.725,0.9398,0.9402,0.30,5.60
2008.04.15 02:31:17.920,0.9398,0.9402,0.30,5.70
2008.04.15 02:31:18.122,0.9398,0.9402,0.30,3.30
2008.04.15 02:31:18.345,0.9398,0.9402,0.30,3.30
2008.04.15 02:31:18.541,0.9398,0.9402,2.60,3.30
2008.04.15 02:31:18.827,0.9397,0.9401,2.60,4.80
2008.04.15 02:31:19.113,0.9397,0.94,0.30,2.40
2008.04.15 02:31:19.413,0.9397,0.9401,2.60,5.70
2008.04.15 02:31:19.698,0.9397,0.9401,2.60,5.70
2008.04.15 02:31:19.973,0.9397,0.9401,2.60,5.70
2008.04.15 02:31:20.227,0.9397,0.9401,0.30,5.70
2008.04.15 02:31:20.583,0.9397,0.9401,0.30,5.70
2008.04.15 02:31:20.812,0.9397,0.9402,2.60,5.10
2008.04.15 02:31:21.042,0.9397,0.9401,2.60,3.20
2008.04.15 02:31:21.295,0.9397,0.9401,0.30,5.60
2008.04.15 02:31:21.525,0.9397,0.9401,0.30,5.60
2008.04.15 02:31:23.390,0.9398,0.9401,0.30,5.60
2008.04.15 02:31:23.617,0.9398,0.9402,0.30,4.90
2008.04.15 02:31:23.822,0.9398,0.9402,0.30,5.10
2008.04.15 02:31:24.154,0.9398,0.9402,0.30,5.10
2008.04.15 02:31:24.547,0.9398,0.9402,0.30,5.10
2008.04.15 02:31:24.798,0.9398,0.9402,0.30,4.90
2008.04.15 02:31:25.279,0.9398,0.9402,0.30,4.90
2008.04.15 02:31:25.494,0.9398,0.9401,0.30,5.60
2008.04.15 02:31:25.710,0.9397,0.9401,1.80,5.60
2008.04.15 02:31:26.144,0.9397,0.9401,1.80,5.60
2008.04.15 02:31:26.414,0.9398,0.9402,0.30,4.10
2008.04.15 02:31:26.683,0.9398,0.9402,0.30,3.30
2008.04.15 02:31:26.904,0.9398,0.9402,0.30,3.30
2008.04.15 02:31:29.081,0.9398,0.9402,0.30,3.30
2008.04.15 02:31:29.316,0.9397,0.9401,2.60,5.60
2008.04.15 02:31:29.501,0.9397,0.9401,1.80,5.60
2008.04.15 02:31:29.809,0.9397,0.9401,1.80,5.60
2008.04.15 02:31:30.462,0.9397,0.9401,1.80,5.60
2008.04.15 02:31:30.857,0.9397,0.9401,4.20,3.20
2008.04.15 02:31:31.067,0.9397,0.9402,4.20,4.10
2008.04.15 02:31:31.441,0.9397,0.9402,6.60,3.30
2008.04.15 02:31:31.651,0.9397,0.9402,6.60,3.30
2008.04.15 02:31:34.383,0.9397,0.9402,7.00,3.30
2008.04.15 02:31:34.618,0.9398,0.9402,2.60,5.70
2008.04.15 02:31:44.351,0.9398,0.9402,2.60,5.70
2008.04.15 02:31:46.079,0.9398,0.9402,2.60,5.70
2008.04.15 02:31:46.289,0.9398,0.9402,2.60,5.70
2008.04.15 02:32:00.651,0.9398,0.9402,2.60,5.70
2008.04.15 02:32:01.755,0.9398,0.9402,2.60,5.70
2008.04.15 02:32:01.968,0.9399,0.9402,2.40,3.30
2008.04.15 02:32:02.199,0.93985,0.9402,0.80,3.30
2008.04.15 02:32:02.382,0.9399,0.9402,2.40,3.20
2008.04.15 02:32:02.949,0.9399,0.9402,2.40,2.40
2008.04.15 02:32:03.678,0.9399,0.9402,2.40,3.20
2008.04.15 02:32:03.923,0.9399,0.9402,2.40,3.20
2008.04.15 02:32:04.430,0.9399,0.9402,2.40,3.20
2008.04.15 02:32:04.639,0.9399,0.9402,2.40,2.40
2008.04.15 02:32:05.146,0.9399,0.9402,2.40,2.40
2008.04.15 02:32:08.445,0.9399,0.9402,2.40,3.20
2008.04.15 02:32:09.596,0.93985,0.9402,0.80,3.20
2008.04.15 02:32:09.847,0.9398,0.9402,5.00,3.20
2008.04.15 02:32:12.059,0.9398,0.9402,5.00,3.20
2008.04.15 02:32:12.266,0.9398,0.9402,2.60,5.60
2008.04.15 02:32:12.471,0.9398,0.9402,2.60,5.60
2008.04.15 02:32:14.423,0.9398,0.9402,2.60,5.60
2008.04.15 02:32:14.631,0.9398,0.9402,5.00,3.20
2008.04.15 02:32:16.232,0.9398,0.9402,5.00,2.40
2008.04.15 02:32:16.458,0.9398,0.9402,5.00,2.50
2008.04.15 02:32:16.653,0.9398,0.9402,2.60,2.50
2008.04.15 02:32:19.940,0.9398,0.9402,2.60,2.50
2008.04.15 02:32:20.181,0.9399,0.9402,0.30,2.40
2008.04.15 02:32:20.402,0.9399,0.9402,0.30,2.40
2008.04.15 02:32:20.621,0.9399,0.9402,0.30,2.40
2008.04.15 02:32:20.840,0.9399,0.9402,0.30,2.40
2008.04.15 02:32:21.078,0.9399,0.9402,0.30,2.40
2008.04.15 02:32:21.382,0.9398,0.9402,2.60,4.80
2008.04.15 02:32:21.691,0.9399,0.9403,2.40,5.20
2008.04.15 02:32:21.975,0.9399,0.9403,4.80,4.90
2008.04.15 02:32:22.370,0.9399,0.9402,2.40,2.40
2008.04.15 02:32:22.586,0.9398,0.9402,6.80,2.40
2008.04.15 02:32:22.804,0.9398,0.9402,7.60,2.40
2008.04.15 02:32:23.548,0.9398,0.9402,7.60,2.40
2008.04.15 02:32:23.799,0.9398,0.9402,6.60,2.40
2008.04.15 02:32:24.048,0.9398,0.9402,6.60,2.40
2008.04.15 02:32:25.923,0.9398,0.9402,7.40,2.40
2008.04.15 02:32:28.208,0.9398,0.9402,7.40,2.40
2008.04.15 02:32:29.556,0.9398,0.9402,7.40,2.40
2008.04.15 02:32:37.112,0.9398,0.9402,5.00,4.80
2008.04.15 02:32:37.340,0.9398,0.9402,5.00,4.80
2008.04.15 02:32:37.544,0.9398,0.9402,4.20,4.80
2008.04.15 02:32:39.085,0.9398,0.9402,6.60,2.40
2008.04.15 02:32:39.311,0.9398,0.9402,6.60,2.40
2008.04.15 02:32:39.717,0.9398,0.9402,7.40,2.40
2008.04.15 02:32:41.446,0.9398,0.9402,6.60,2.40
2008.04.15 02:32:41.684,0.9398,0.9402,4.20,4.80
2008.04.15 02:32:43.331,0.9399,0.9402,2.40,2.40
2008.04.15 02:32:43.567,0.9399,0.9402,2.40,2.40
2008.04.15 02:32:43.871,0.9399,0.9403,2.40,4.90
2008.04.15 02:32:44.075,0.9399,0.9403,4.80,4.10
2008.04.15 02:32:45.109,0.9399,0.9403,2.40,4.10
2008.04.15 02:32:45.363,0.9398,0.9402,7.40,2.40
2008.04.15 02:32:45.618,0.9398,0.9402,4.20,4.80
2008.04.15 02:32:45.856,0.9398,0.9402,6.60,2.40
2008.04.15 02:32:46.048,0.9398,0.9402,6.60,2.40
2008.04.15 02:32:46.273,0.9398,0.9402,6.60,2.40
2008.04.15 02:32:46.487,0.9398,0.9402,6.60,2.40
2008.04.15 02:32:46.779,0.9398,0.9402,6.60,2.40
2008.04.15 02:32:47.226,0.9398,0.9402,6.60,2.40
2008.04.15 02:32:49.026,0.9398,0.9402,7.40,2.40
2008.04.15 02:32:49.247,0.9399,0.9403,2.60,4.10
2008.04.15 02:32:49.470,0.9399,0.9403,0.30,4.90
2008.04.15 02:32:49.714,0.9399,0.9402,0.30,2.40
2008.04.15 02:32:49.969,0.9399,0.9402,0.30,4.80
2008.04.15 02:32:50.750,0.9399,0.9402,0.30,4.80
2008.04.15 02:32:50.972,0.9399,0.9402,0.30,4.80
2008.04.15 02:32:51.190,0.9399,0.9402,3.40,2.40
2008.04.15 02:32:51.410,0.9399,0.9403,6.60,4.10
2008.04.15 02:32:51.632,0.9399,0.9403,6.60,4.10
2008.04.15 02:32:52.135,0.9399,0.9403,6.60,4.10
2008.04.15 02:32:52.390,0.9399,0.9402,0.30,2.40
2008.04.15 02:32:52.674,0.9399,0.9402,0.30,2.40
2008.04.15 02:32:58.376,0.9399,0.9402,0.30,2.40
2008.04.15 02:32:58.601,0.9399,0.9402,0.30,3.20
2008.04.15 02:32:58.827,0.9399,0.9403,5.00,4.10
2008.04.15 02:32:59.068,0.9399,0.9403,5.00,4.10
2008.04.15 02:32:59.293,0.9399,0.9402,1.00,2.40
2008.04.15 02:32:59.517,0.9399,0.9402,0.30,2.40
2008.04.15 02:32:59.772,0.9399,0.9402,0.30,2.40
2008.04.15 02:32:59.996,0.9399,0.9402,0.30,2.50
2008.04.15 02:33:00.251,0.9399,0.9402,0.30,3.30
2008.04.15 02:33:02.683,0.9399,0.9402,0.30,5.70
2008.04.15 02:33:02.903,0.9399,0.9402,0.30,4.90
2008.04.15 02:33:03.123,0.9399,0.9402,0.30,3.30
2008.04.15 02:33:03.342,0.9399,0.9402,0.30,3.30
2008.04.15 02:33:03.562,0.9399,0.9402,0.30,3.30
2008.04.15 02:33:03.803,0.9399,0.9402,0.30,3.30
2008.04.15 02:33:04.038,0.9399,0.9402,0.30,3.30
2008.04.15 02:33:04.305,0.9397,0.9402,6.60,3.30
2008.04.15 02:33:07.542,0.9397,0.9402,6.60,3.30
2008.04.15 02:33:07.792,0.9398,0.9402,4.20,3.30
2008.04.15 02:33:08.043,0.9398,0.9402,4.20,3.30
2008.04.15 02:33:09.268,0.9398,0.9402,4.20,3.30
2008.04.15 02:33:12.533,0.9398,0.9402,4.20,3.30
2008.04.15 02:33:12.789,0.9399,0.9403,2.40,2.70
2008.04.15 02:33:13.046,0.9399,0.9403,2.40,2.50
2008.04.15 02:33:13.332,0.9399,0.9403,2.40,2.50
2008.04.15 02:33:13.571,0.9399,0.9403,5.00,2.50
2008.04.15 02:33:13.811,0.9399,0.9403,5.00,3.30
2008.04.15 02:33:14.063,0.9399,0.9403,5.00,3.30
2008.04.15 02:33:14.300,0.9399,0.9403,2.60,2.50
2008.04.15 02:33:15.749,0.9399,0.9403,2.60,2.50
2008.04.15 02:33:21.712,0.9399,0.9403,2.60,2.50
2008.04.15 02:33:21.933,0.9399,0.9403,5.00,2.50
2008.04.15 02:33:22.199,0.9399,0.9403,5.00,2.50
2008.04.15 02:33:22.459,0.9399,0.9402,2.60,2.40
2008.04.15 02:33:22.721,0.9398,0.9402,2.60,5.60
2008.04.15 02:33:23.132,0.9398,0.9402,2.60,5.60
2008.04.15 02:33:23.644,0.9398,0.9402,2.60,5.60
2008.04.15 02:33:23.877,0.9398,0.9402,2.60,4.80
2008.04.15 02:33:29.403,0.9398,0.9402,2.60,4.80
2008.04.15 02:33:29.639,0.9399,0.9403,2.40,4.10
2008.04.15 02:33:29.848,0.9399,0.9403,2.40,4.10
2008.04.15 02:33:30.121,0.9399,0.9403,2.40,4.10
2008.04.15 02:33:33.230,0.9399,0.9402,2.40,2.40
2008.04.15 02:33:33.495,0.9399,0.9402,2.40,2.40
2008.04.15 02:33:34.493,0.9399,0.9402,2.40,2.40
2008.04.15 02:33:34.722,0.9399,0.9403,2.40,4.10
2008.04.15 02:33:36.325,0.9399,0.9403,4.80,4.10
2008.04.15 02:33:36.550,0.9399,0.9403,5.00,4.10
2008.04.15 02:33:36.769,0.9399,0.9403,5.00,4.90
2008.04.15 02:33:37.162,0.9399,0.9403,5.00,4.10
2008.04.15 02:33:39.388,0.9399,0.9403,5.00,4.10
2008.04.15 02:33:39.640,0.9399,0.9403,2.60,4.10
2008.04.15 02:33:39.879,0.9399,0.9403,2.60,4.90
2008.04.15 02:33:40.167,0.9399,0.9403,2.60,4.10
2008.04.15 02:33:42.395,0.9399,0.9403,2.60,4.10
2008.04.15 02:33:42.613,0.9399,0.9403,5.00,4.10
2008.04.15 02:33:42.872,0.9399,0.9403,5.00,4.90
2008.04.15 02:33:43.158,0.9399,0.9403,5.00,4.90
2008.04.15 02:33:43.390,0.9399,0.9403,5.00,4.10
2008.04.15 02:33:43.620,0.9399,0.9403,2.60,4.10
2008.04.15 02:33:44.279,0.9399,0.9403,2.60,4.10
2008.04.15 02:33:46.269,0.9399,0.9403,2.60,4.10
2008.04.15 02:33:46.478,0.9399,0.9403,2.60,4.10
2008.04.15 02:33:47.445,0.9399,0.9403,2.60,4.10
2008.04.15 02:34:04.885,0.9399,0.9403,2.60,4.10
2008.04.15 02:34:05.146,0.9399,0.9403,5.00,4.10
2008.04.15 02:34:05.448,0.9399,0.9403,5.00,4.90
2008.04.15 02:34:05.744,0.9399,0.9403,5.00,4.90
2008.04.15 02:34:05.984,0.9399,0.9403,5.00,4.10
2008.04.15 02:34:06.883,0.9399,0.9403,5.00,4.10
2008.04.15 02:34:07.127,0.94,0.9403,2.40,1.70
2008.04.15 02:34:08.618,0.94,0.9403,2.40,1.70
2008.04.15 02:34:08.807,0.9399,0.9403,5.00,4.10
2008.04.15 02:34:09.604,0.9399,0.9403,5.00,4.10
2008.04.15 02:34:09.859,0.94,0.9403,2.40,1.70
2008.04.15 02:34:12.160,0.94,0.9403,2.40,1.70
2008.04.15 02:34:12.392,0.9399,0.9402,2.60,2.40
2008.04.15 02:34:19.717,0.9399,0.9402,2.60,2.40
2008.04.15 02:34:19.953,0.9398,0.9402,3.40,4.80
2008.04.15 02:34:20.194,0.9398,0.9402,3.40,4.80
2008.04.15 02:34:20.452,0.9399,0.9403,2.40,3.50
2008.04.15 02:34:20.763,0.9399,0.9403,2.40,3.50
2008.04.15 02:34:21.036,0.9398,0.9403,2.60,3.50
2008.04.15 02:34:23.868,0.9398,0.9403,2.60,3.50
2008.04.15 02:34:24.125,0.9398,0.9403,0.30,6.10
2008.04.15 02:34:24.418,0.9398,0.9403,0.30,6.10
2008.04.15 02:34:24.696,0.9398,0.9403,0.30,6.10
2008.04.15 02:34:28.143,0.9398,0.9403,0.30,5.90
2008.04.15 02:34:28.364,0.9398,0.9403,0.30,5.90
2008.04.15 02:34:28.585,0.9398,0.9403,2.60,3.50
2008.04.15 02:34:29.091,0.9398,0.9403,2.60,3.50
2008.04.15 02:34:29.337,0.9398,0.9402,0.30,4.80
2008.04.15 02:34:29.888,0.9398,0.9402,0.60,4.80
2008.04.15 02:34:30.134,0.9399,0.9402,2.60,2.40
2008.04.15 02:34:30.373,0.9399,0.9402,2.60,2.40
2008.04.15 02:34:30.614,0.9399,0.9403,2.60,2.50
2008.04.15 02:34:31.454,0.9399,0.9403,2.60,2.50
2008.04.15 02:34:31.685,0.9399,0.9403,0.30,2.50
2008.04.15 02:34:31.959,0.9399,0.9403,0.30,2.50
2008.04.15 02:34:33.761,0.9399,0.9403,0.30,3.30
2008.04.15 02:34:35.212,0.9399,0.9403,0.30,3.30
2008.04.15 02:34:35.432,0.9397,0.9403,5.60,6.00
2008.04.15 02:34:35.743,0.9397,0.9403,5.60,6.00
2008.04.15 02:34:35.963,0.9397,0.9403,2.40,6.00
2008.04.15 02:34:43.714,0.9397,0.9403,2.40,6.00
2008.04.15 02:34:43.927,0.9398,0.9403,3.40,2.50
2008.04.15 02:34:44.144,0.9398,0.9403,3.40,2.50
2008.04.15 02:34:49.885,0.9398,0.9403,3.40,2.50
2008.04.15 02:34:52.370,0.9398,0.9403,5.80,2.50
2008.04.15 02:34:53.908,0.9399,0.9403,2.40,2.50
2008.04.15 02:34:54.129,0.9399,0.9403,5.00,2.50
2008.04.15 02:34:54.375,0.9399,0.9403,5.00,3.30
2008.04.15 02:34:54.785,0.9399,0.9403,5.00,2.50
2008.04.15 02:34:55.021,0.94,0.9403,2.40,0.20
2008.04.15 02:35:01.206,0.94,0.9403,2.40,0.20
2008.04.15 02:35:02.580,0.94,0.9403,2.40,0.20
2008.04.15 02:35:17.505,0.94,0.9403,2.40,0.20
2008.04.15 02:35:17.729,0.94,0.9403,2.40,0.20
2008.04.15 02:35:17.954,0.94,0.9404,2.40,13.10
2008.04.15 02:35:18.178,0.94,0.9404,2.40,6.90
2008.04.15 02:35:18.640,0.94,0.9404,2.40,15.50
2008.04.15 02:35:21.590,0.94,0.9404,2.40,15.50
2008.04.15 02:35:21.815,0.94,0.9404,2.40,4.30
2008.04.15 02:35:23.514,0.94,0.9404,2.40,4.30
2008.04.15 02:35:25.723,0.94,0.9404,2.40,4.10
2008.04.15 02:35:30.239,0.94,0.9404,2.40,4.10
2008.04.15 02:35:30.433,0.94,0.9404,2.40,2.50
2008.04.15 02:35:30.660,0.94,0.9404,2.40,2.50
2008.04.15 02:35:30.855,0.94,0.9404,2.40,2.50
2008.04.15 02:35:31.055,0.94,0.9404,5.80,2.40
2008.04.15 02:35:31.336,0.94,0.9404,3.40,4.80
2008.04.15 02:35:31.616,0.94,0.9404,2.60,4.80
2008.04.15 02:35:32.127,0.94,0.9404,2.60,4.80
2008.04.15 02:35:32.337,0.94,0.9404,2.60,2.40
2008.04.15 02:35:32.616,0.94,0.9404,2.60,2.40
2008.04.15 02:35:33.515,0.94,0.9404,2.60,2.50
2008.04.15 02:35:35.685,0.94,0.9404,2.60,2.50
2008.04.15 02:35:35.895,0.94,0.9404,2.60,4.90
2008.04.15 02:35:38.216,0.94,0.9404,2.60,4.90
2008.04.15 02:35:38.638,0.94,0.9404,2.60,4.90
2008.04.15 02:35:38.853,0.94,0.9404,2.60,4.80
2008.04.15 02:35:39.069,0.94,0.9404,2.40,5.20
2008.04.15 02:35:39.285,0.94,0.9404,2.40,2.80
2008.04.15 02:35:39.573,0.94,0.9404,2.40,2.50
2008.04.15 02:35:39.813,0.94,0.9404,2.40,2.50
2008.04.15 02:35:40.182,0.94,0.9404,2.40,2.50
2008.04.15 02:35:44.045,0.94,0.9404,4.80,2.50
2008.04.15 02:35:44.275,0.94,0.9404,5.00,2.40
2008.04.15 02:35:44.504,0.94,0.9404,5.00,3.20
2008.04.15 02:35:44.880,0.94,0.9404,5.00,3.20
2008.04.15 02:35:45.110,0.94,0.9404,5.00,2.40
2008.04.15 02:35:46.207,0.94,0.9404,5.00,2.40
2008.04.15 02:35:49.880,0.94,0.9404,5.00,2.40
2008.04.15 02:35:51.425,0.9401,0.9405,2.40,5.10
2008.04.15 02:35:51.640,0.9401,0.9405,2.40,4.10
2008.04.15 02:35:51.855,0.9401,0.9405,2.40,6.50
2008.04.15 02:35:56.922,0.9401,0.9405,2.40,6.50
2008.04.15 02:35:57.131,0.9401,0.9405,2.40,4.10
2008.04.15 02:35:57.361,0.94,0.9405,7.40,4.10
2008.04.15 02:35:57.636,0.94,0.9404,6.60,2.40
2008.04.15 02:36:07.050,0.94,0.9404,6.60,2.40
2008.04.15 02:36:07.374,0.94,0.9404,6.60,2.40
2008.04.15 02:36:07.604,0.9401,0.9405,2.40,6.50
2008.04.15 02:36:07.860,0.94,0.9404,6.60,2.40
2008.04.15 02:36:08.114,0.9401,0.9405,2.40,4.10
2008.04.15 02:36:08.437,0.9401,0.9405,2.40,4.10
2008.04.15 02:36:08.726,0.9401,0.9405,2.40,6.50
2008.04.15 02:36:10.522,0.9401,0.9405,2.40,6.50
2008.04.15 02:36:11.066,0.9401,0.9405,2.40,4.10
2008.04.15 02:36:11.437,0.9401,0.9405,2.40,4.10
2008.04.15 02:36:11.673,0.94,0.9404,5.00,2.40
2008.04.15 02:36:12.633,0.94,0.9404,5.00,2.40
2008.04.15 02:36:12.848,0.94005,0.9404,0.80,2.40
2008.04.15 02:36:13.079,0.9401,0.9405,2.40,6.50
2008.04.15 02:36:13.308,0.9401,0.9405,2.40,6.50
2008.04.15 02:36:13.538,0.94005,0.9404,0.80,2.40
2008.04.15 02:36:13.785,0.94005,0.9404,0.80,2.40
2008.04.15 02:36:14.025,0.9401,0.9405,2.40,4.10
2008.04.15 02:36:14.527,0.9401,0.9405,2.40,4.10
2008.04.15 02:36:14.922,0.9401,0.9405,2.40,4.10
2008.04.15 02:36:15.147,0.94,0.9404,5.00,2.40
2008.04.15 02:36:15.394,0.94,0.9404,5.00,2.40
2008.04.15 02:36:15.619,0.94,0.9404,2.60,4.80
2008.04.15 02:36:15.955,0.94,0.9404,2.60,4.80
2008.04.15 02:36:16.302,0.94,0.9404,5.00,2.40
2008.04.15 02:36:18.326,0.94,0.9404,5.00,2.40
2008.04.15 02:36:19.098,0.94,0.9404,5.00,2.40
2008.04.15 02:36:20.246,0.94,0.9404,5.00,2.40
2008.04.15 02:36:20.510,0.94,0.9404,2.60,4.80
2008.04.15 02:36:20.774,0.94,0.9404,5.00,2.40
2008.04.15 02:36:21.396,0.94,0.9404,5.00,2.40
2008.04.15 02:36:21.612,0.93995,0.9404,0.80,3.20
2008.04.15 02:36:21.827,0.94,0.9404,2.40,3.20
2008.04.15 02:36:22.067,0.94,0.9404,2.40,3.20
2008.04.15 02:36:22.310,0.93995,0.9404,0.80,3.20
2008.04.15 02:36:22.574,0.93995,0.9403,0.80,3.20
2008.04.15 02:36:26.208,0.93995,0.9403,0.80,3.20
2008.04.15 02:36:26.407,0.93995,0.9403,0.80,3.20
2008.04.15 02:36:28.146,0.93995,0.9403,0.80,3.20
2008.04.15 02:36:28.355,0.9399,0.9403,2.60,3.20
2008.04.15 02:36:28.515,0.9399,0.9403,0.30,3.20
2008.04.15 02:36:28.877,0.9399,0.9403,0.30,3.20
2008.04.15 02:36:29.170,0.9399,0.9403,0.30,3.20
2008.04.15 02:36:29.477,0.9399,0.9403,0.30,3.20
2008.04.15 02:36:29.916,0.9399,0.9403,0.30,3.20
2008.04.15 02:36:30.199,0.94,0.9404,2.40,3.30
2008.04.15 02:36:30.423,0.94,0.9404,2.40,2.50
2008.04.15 02:36:31.276,0.94,0.9404,2.40,2.50
2008.04.15 02:36:31.506,0.94,0.9404,2.40,2.50
2008.04.15 02:36:31.912,0.94,0.9404,2.40,2.50
2008.04.15 02:36:32.431,0.94,0.9404,2.40,2.50
2008.04.15 02:36:33.707,0.94,0.9404,2.40,2.50
2008.04.15 02:36:34.006,0.94,0.9404,2.40,2.50
2008.04.15 02:36:34.216,0.94,0.9404,2.40,4.90
2008.04.15 02:36:34.521,0.94,0.9404,2.40,2.50
2008.04.15 02:36:35.210,0.94,0.9404,2.40,2.50
2008.04.15 02:36:35.510,0.94,0.9404,2.40,2.50
2008.04.15 02:36:35.713,0.94,0.9404,4.00,2.50
2008.04.15 02:36:38.634,0.94,0.9404,4.00,2.50
2008.04.15 02:36:38.883,0.94,0.9404,4.00,4.90
2008.04.15 02:36:39.133,0.94,0.9404,4.00,4.90
2008.04.15 02:36:39.491,0.94,0.9404,4.00,4.90
2008.04.15 02:36:39.700,0.94,0.9403,1.60,2.40
2008.04.15 02:36:39.928,0.94,0.9403,1.60,2.40
2008.04.15 02:36:40.138,0.94,0.9403,1.60,2.40
2008.04.15 02:36:40.348,0.94,0.9403,0.80,2.40
2008.04.15 02:36:40.632,0.9399,0.9403,5.00,2.40
2008.04.15 02:36:40.919,0.9399,0.9403,1.80,2.40
2008.04.15 02:36:41.225,0.9399,0.9403,1.80,2.40
2008.04.15 02:36:42.363,0.9399,0.9403,1.80,2.40
2008.04.15 02:36:42.609,0.93995,0.9403,0.80,2.40
2008.04.15 02:36:42.825,0.93995,0.9403,0.80,2.40
2008.04.15 02:36:43.040,0.93995,0.9404,0.80,3.20
2008.04.15 02:36:43.255,0.93995,0.9404,0.80,3.20
2008.04.15 02:36:43.772,0.93995,0.9404,0.80,3.20
2008.04.15 02:36:44.487,0.93995,0.9404,0.80,3.20
2008.04.15 02:36:44.700,0.9399,0.9404,1.80,3.20
2008.04.15 02:36:44.915,0.9399,0.9404,1.80,3.20
2008.04.15 02:36:45.128,0.93995,0.9404,0.80,3.20
2008.04.15 02:36:45.343,0.9399,0.94035,2.60,0.30
2008.04.15 02:36:45.558,0.9399,0.9404,2.60,3.20
2008.04.15 02:36:45.822,0.9399,0.9404,2.60,3.20
2008.04.15 02:36:46.086,0.9399,0.9404,2.60,3.20
2008.04.15 02:36:46.367,0.9399,0.9404,2.60,3.20
2008.04.15 02:36:46.632,0.9399,0.9403,5.80,3.20
2008.04.15 02:36:46.881,0.9399,0.9403,6.60,3.20
2008.04.15 02:36:47.121,0.9399,0.9403,7.40,2.40
2008.04.15 02:36:49.230,0.9399,0.9403,7.40,2.40
2008.04.15 02:36:49.470,0.9399,0.9403,7.40,2.40
2008.04.15 02:36:49.730,0.9399,0.9403,6.60,2.40
2008.04.15 02:36:50.148,0.9399,0.9403,6.60,2.40
2008.04.15 02:36:50.408,0.9399,0.9402,0.30,2.40
2008.04.15 02:36:50.671,0.9398,0.9402,5.00,4.80
2008.04.15 02:36:50.922,0.9398,0.9402,4.20,4.80
2008.04.15 02:36:51.171,0.9398,0.9402,5.00,4.80
2008.04.15 02:36:51.845,0.9398,0.9402,5.00,4.80
2008.04.15 02:36:52.246,0.9398,0.9402,7.40,2.40
2008.04.15 02:36:52.620,0.9398,0.9402,7.40,2.40
2008.04.15 02:36:52.845,0.9398,0.9402,7.40,2.40
2008.04.15 02:36:53.068,0.9398,0.9402,7.40,2.40
2008.04.15 02:36:56.458,0.9398,0.9402,7.40,2.40
2008.04.15 02:36:56.680,0.9399,0.9403,2.60,2.50
2008.04.15 02:37:00.166,0.9399,0.9403,2.60,2.50
2008.04.15 02:37:00.383,0.9399,0.9403,5.00,2.50
2008.04.15 02:37:02.042,0.9399,0.9403,5.00,2.50
2008.04.15 02:37:02.276,0.9399,0.9403,5.00,2.50
2008.04.15 02:37:04.138,0.9399,0.9403,5.00,2.50
2008.04.15 02:37:04.348,0.94,0.9403,2.40,0.20
2008.04.15 02:37:04.558,0.94,0.9404,2.40,4.10
2008.04.15 02:37:05.200,0.94,0.9404,2.40,4.10
2008.04.15 02:37:05.461,0.94,0.9404,2.40,4.10
2008.04.15 02:37:05.929,0.94,0.9404,2.40,4.10
2008.04.15 02:37:06.158,0.9399,0.9403,5.00,2.40
2008.04.15 02:37:07.617,0.9399,0.9403,5.00,2.40
2008.04.15 02:37:07.867,0.9399,0.9403,5.00,3.20
2008.04.15 02:37:15.148,0.9399,0.9403,5.00,3.20
2008.04.15 02:37:15.368,0.9399,0.9403,5.00,2.40
2008.04.15 02:37:15.682,0.9399,0.9403,5.00,2.40
2008.04.15 02:37:18.018,0.9399,0.9403,5.00,2.40
2008.04.15 02:37:18.261,0.94,0.9404,2.40,4.10
2008.04.15 02:37:24.515,0.94,0.9404,2.40,4.10
2008.04.15 02:37:24.720,0.9399,0.9403,5.00,2.40
2008.04.15 02:37:25.927,0.9399,0.9403,5.00,2.40
2008.04.15 02:37:26.156,0.9399,0.9403,5.00,2.40
2008.04.15 02:37:26.620,0.9399,0.9403,5.00,2.40
2008.04.15 02:37:26.864,0.9399,0.9402,2.60,2.40
2008.04.15 02:37:27.106,0.9399,0.9403,5.00,2.50
2008.04.15 02:37:29.038,0.9399,0.9403,5.00,2.50
2008.04.15 02:37:29.259,0.9399,0.9403,5.00,2.50
2008.04.15 02:37:38.380,0.9399,0.9403,2.60,2.50
2008.04.15 02:37:38.611,0.93985,0.9402,0.80,4.80
2008.04.15 02:37:38.811,0.9398,0.9402,2.60,4.80
2008.04.15 02:37:39.011,0.9398,0.9402,2.60,4.90
2008.04.15 02:37:39.225,0.9398,0.9402,2.60,5.70
2008.04.15 02:37:39.425,0.9398,0.9402,2.60,5.70
2008.04.15 02:37:39.646,0.9398,0.9402,2.60,5.70
2008.04.15 02:37:39.925,0.9398,0.9402,2.60,4.90
2008.04.15 02:37:40.205,0.9398,0.9402,2.60,5.70
2008.04.15 02:37:40.573,0.9398,0.9402,2.60,5.70
2008.04.15 02:37:40.783,0.9398,0.9402,3.40,4.90
2008.04.15 02:37:40.993,0.9398,0.9402,3.40,4.90
2008.04.15 02:37:43.737,0.9398,0.9402,3.40,4.90
2008.04.15 02:37:43.995,0.9398,0.9402,3.40,4.90
2008.04.15 02:37:46.144,0.9398,0.9402,3.40,4.90
2008.04.15 02:37:46.361,0.9398,0.9402,4.80,4.90
2008.04.15 02:37:46.567,0.9398,0.9402,4.80,5.70
2008.04.15 02:37:47.373,0.9398,0.9402,2.40,6.50
2008.04.15 02:37:47.648,0.9399,0.9402,2.40,3.30
2008.04.15 02:37:47.858,0.9398,0.9402,2.60,5.70
2008.04.15 02:37:48.068,0.9398,0.9402,2.60,5.70
2008.04.15 02:37:48.277,0.9399,0.9402,2.40,2.50
2008.04.15 02:37:48.486,0.9398,0.9402,2.60,2.50
2008.04.15 02:37:48.704,0.9398,0.9402,2.60,4.90
2008.04.15 02:37:48.988,0.9398,0.9402,2.60,4.90
2008.04.15 02:37:49.223,0.9398,0.9402,3.40,4.90
2008.04.15 02:37:55.867,0.9398,0.9402,3.40,4.90
2008.04.15 02:37:56.072,0.9398,0.9402,4.80,4.90
2008.04.15 02:37:56.278,0.9398,0.9402,4.80,6.50
2008.04.15 02:37:56.675,0.9398,0.9402,4.80,6.50
2008.04.15 02:37:57.952,0.9398,0.9402,5.60,6.50
2008.04.15 02:37:58.158,0.9399,0.9402,2.40,4.10
2008.04.15 02:37:58.380,0.9399,0.9402,2.40,4.10
2008.04.15 02:37:58.577,0.9399,0.9402,2.40,4.10
2008.04.15 02:37:58.771,0.9398,0.9402,2.60,6.50
2008.04.15 02:38:12.757,0.9398,0.9402,2.60,6.50
2008.04.15 02:38:12.988,0.9398,0.9402,2.60,6.50
2008.04.15 02:38:13.216,0.9398,0.9402,2.60,7.30
2008.04.15 02:38:13.703,0.9398,0.9402,3.40,6.50
2008.04.15 02:38:14.112,0.9398,0.9402,3.40,6.50
2008.04.15 02:38:14.441,0.9398,0.9402,2.60,6.50
2008.04.15 02:38:14.674,0.9398,0.9402,2.60,6.50
2008.04.15 02:38:16.212,0.9398,0.9402,2.60,6.50
2008.04.15 02:38:25.355,0.9398,0.9402,0.30,6.50
2008.04.15 02:38:25.612,0.9398,0.9401,2.40,2.40
2008.04.15 02:38:25.826,0.9398,0.9401,2.40,2.40
2008.04.15 02:38:28.632,0.9398,0.9401,2.40,2.40
2008.04.15 02:38:28.841,0.9397,0.9401,3.40,6.50
2008.04.15 02:38:29.053,0.9397,0.94,2.40,2.40
2008.04.15 02:38:29.262,0.9397,0.9401,2.40,7.60
2008.04.15 02:38:29.475,0.9396,0.94,6.60,3.30
2008.04.15 02:38:29.685,0.9396,0.94,5.00,3.30
2008.04.15 02:38:29.944,0.9396,0.94,5.80,2.50
2008.04.15 02:38:31.149,0.9396,0.94,5.80,2.50
2008.04.15 02:38:31.364,0.9396,0.94,6.20,0.20
2008.04.15 02:38:31.578,0.9398,0.94,2.40,0.20
2008.04.15 02:38:31.823,0.9397,0.9401,4.80,4.10
2008.04.15 02:38:32.068,0.9397,0.9401,3.20,4.10
2008.04.15 02:38:32.313,0.9397,0.9401,3.20,4.10
2008.04.15 02:38:32.572,0.9397,0.9401,3.20,6.50
2008.04.15 02:38:32.798,0.9396,0.94,5.80,3.30
2008.04.15 02:38:33.022,0.9396,0.94,5.00,3.30
2008.04.15 02:38:33.247,0.9396,0.94,5.80,2.50
2008.04.15 02:38:33.472,0.9396,0.94,5.00,2.50
2008.04.15 02:38:33.808,0.9396,0.94,5.00,2.50
2008.04.15 02:38:34.361,0.9396,0.94,5.00,2.50
2008.04.15 02:38:34.612,0.9396,0.94,4.80,4.90
2008.04.15 02:38:35.109,0.9396,0.94,4.80,4.90
2008.04.15 02:38:35.356,0.9397,0.94,4.80,0.20
2008.04.15 02:38:35.551,0.9397,0.94,4.80,0.20
2008.04.15 02:38:36.120,0.9397,0.94,4.80,0.20
2008.04.15 02:38:36.582,0.9397,0.94,4.80,0.20
2008.04.15 02:38:36.817,0.9396,0.94,5.80,2.50
2008.04.15 02:38:37.057,0.9396,0.94005,2.60,0.80
2008.04.15 02:38:37.297,0.9396,0.94005,2.60,0.80
2008.04.15 02:38:37.537,0.9396,0.9401,5.00,0.90
2008.04.15 02:38:37.776,0.9396,0.9401,2.60,1.70
2008.04.15 02:38:38.026,0.9397,0.9401,2.60,1.70
2008.04.15 02:38:38.275,0.9397,0.9401,5.00,1.70
2008.04.15 02:38:38.701,0.9397,0.9401,5.00,1.70
2008.04.15 02:38:42.375,0.9397,0.9401,5.80,1.70
2008.04.15 02:38:50.228,0.9397,0.9401,5.80,1.70
2008.04.15 02:38:50.452,0.9397,0.9401,5.80,1.70
2008.04.15 02:38:54.650,0.9397,0.9401,5.80,1.70
2008.04.15 02:38:54.860,0.9398,0.9401,3.20,0.80
2008.04.15 02:38:55.430,0.9398,0.9402,0.80,6.50
2008.04.15 02:38:55.694,0.9397,0.94015,5.80,0.80
2008.04.15 02:38:56.296,0.9397,0.94015,5.00,0.80
2008.04.15 02:38:56.705,0.9397,0.94015,5.80,0.80
2008.04.15 02:38:57.107,0.9397,0.94015,5.80,0.80
2008.04.15 02:38:57.326,0.9398,0.94015,2.40,0.80
2008.04.15 02:38:57.752,0.9398,0.94015,2.40,0.80
2008.04.15 02:38:58.274,0.9398,0.94015,3.20,0.80
2008.04.15 02:38:58.541,0.9398,0.94015,2.40,0.80
2008.04.15 02:39:05.875,0.9398,0.94015,2.40,0.80
2008.04.15 02:39:06.108,0.9398,0.94015,3.20,0.80
2008.04.15 02:39:06.389,0.9398,0.94015,3.20,0.80
2008.04.15 02:39:06.604,0.9398,0.94015,2.40,0.80
2008.04.15 02:39:09.714,0.9398,0.94015,2.40,0.80
2008.04.15 02:39:09.953,0.9397,0.9401,5.00,3.30
2008.04.15 02:39:12.705,0.9397,0.9401,5.00,2.50
2008.04.15 02:39:13.233,0.9397,0.9401,5.00,3.30
2008.04.15 02:39:14.183,0.9397,0.9401,5.00,4.10
2008.04.15 02:39:14.422,0.9398,0.94,2.40,2.40
2008.04.15 02:39:14.695,0.9398,0.94,2.40,2.40
2008.04.15 02:39:16.231,0.9398,0.9401,2.40,4.90
2008.04.15 02:39:16.456,0.9398,0.9401,2.40,4.90
2008.04.15 02:39:17.032,0.9397,0.9401,2.60,7.30
2008.04.15 02:39:17.594,0.9397,0.9401,2.60,7.30
2008.04.15 02:39:17.977,0.9398,0.9401,2.40,4.90
2008.04.15 02:39:18.439,0.9398,0.9401,2.40,4.90
2008.04.15 02:39:19.578,0.9398,0.9401,2.40,4.90
2008.04.15 02:39:20.711,0.9398,0.9401,2.40,4.90
2008.04.15 02:39:20.947,0.9398,0.9402,2.40,2.50
2008.04.15 02:39:21.182,0.9397,0.9402,5.00,4.10
2008.04.15 02:39:21.665,0.9397,0.9402,5.00,4.10
2008.04.15 02:39:21.925,0.9397,0.9401,2.60,3.20
2008.04.15 02:39:22.185,0.93965,0.9401,0.80,3.30
2008.04.15 02:39:22.444,0.9396,0.9401,4.80,3.30
2008.04.15 02:39:23.208,0.9396,0.9401,4.80,3.30
2008.04.15 02:39:23.438,0.9396,0.9401,4.80,5.70
2008.04.15 02:39:23.668,0.9397,0.9401,2.40,5.70
2008.04.15 02:39:27.948,0.9397,0.9401,2.40,5.70
2008.04.15 02:39:28.173,0.9396,0.9401,5.00,3.60
2008.04.15 02:39:28.399,0.9396,0.94,4.80,3.20
2008.04.15 02:39:28.684,0.9396,0.94,4.80,0.80
2008.04.15 02:39:28.955,0.9396,0.94,4.80,3.20
2008.04.15 02:39:29.225,0.9396,0.94005,2.40,0.80
2008.04.15 02:39:29.494,0.9395,0.94005,5.40,0.80
2008.04.15 02:39:29.764,0.9395,0.94,3.20,3.30
2008.04.15 02:39:29.998,0.9395,0.94,5.00,3.30
2008.04.15 02:39:30.235,0.9396,0.94,2.60,2.50
2008.04.15 02:39:30.470,0.9397,0.94,2.40,0.20
2008.04.15 02:39:30.704,0.9397,0.94,2.40,0.20
2008.04.15 02:39:31.075,0.9397,0.94,2.40,0.20
2008.04.15 02:39:31.364,0.9396,0.94,1.00,0.20
2008.04.15 02:39:31.630,0.9397,0.94,2.40,2.50
2008.04.15 02:39:31.870,0.9397,0.94,4.80,0.20
2008.04.15 02:39:32.119,0.9397,0.94,5.60,0.20
2008.04.15 02:39:32.442,0.9397,0.94,5.60,0.20
2008.04.15 02:39:32.691,0.9397,0.94,5.60,0.20
2008.04.15 02:39:32.942,0.9397,0.94,2.60,2.50
2008.04.15 02:39:33.227,0.9397,0.94,2.60,2.50
2008.04.15 02:39:36.399,0.9397,0.94,2.60,2.50
2008.04.15 02:39:36.644,0.9398,0.94,2.40,0.20
2008.04.15 02:39:39.163,0.9398,0.94,2.40,0.20
2008.04.15 02:39:39.377,0.9398,0.94,2.40,2.50
2008.04.15 02:39:39.668,0.9398,0.94,2.40,2.50
2008.04.15 02:39:39.883,0.9398,0.94,2.40,0.20
2008.04.15 02:39:40.388,0.9398,0.94,2.40,0.20
2008.04.15 02:39:40.672,0.9397,0.94,0.30,2.50
2008.04.15 02:39:40.958,0.9396,0.94,4.20,3.30
2008.04.15 02:39:41.417,0.9396,0.94,4.20,3.30
2008.04.15 02:39:41.622,0.9396,0.94,4.20,2.50
2008.04.15 02:39:41.865,0.9396,0.94,4.20,2.50
2008.04.15 02:39:42.071,0.9397,0.94,2.40,2.50
2008.04.15 02:39:42.275,0.9397,0.94,2.40,2.50
2008.04.15 02:39:42.525,0.9397,0.94,2.40,2.50
2008.04.15 02:39:42.870,0.9397,0.94,2.40,2.50
2008.04.15 02:39:46.113,0.9397,0.94,2.40,2.50
2008.04.15 02:39:47.887,0.9397,0.94,2.40,2.50
2008.04.15 02:39:48.112,0.9397,0.9399,2.40,2.40
2008.04.15 02:39:50.275,0.9397,0.9399,2.40,2.40
2008.04.15 02:39:50.530,0.9397,0.9401,5.00,4.90
2008.04.15 02:39:50.798,0.9397,0.9401,5.00,4.90
2008.04.15 02:39:51.055,0.9397,0.94,2.40,3.20
2008.04.15 02:39:51.321,0.9397,0.94,2.40,3.20
2008.04.15 02:39:51.989,0.9397,0.94,2.40,3.20
2008.04.15 02:39:53.446,0.9397,0.94,2.40,3.20
2008.04.15 02:39:53.693,0.9397,0.94,2.40,0.80
2008.04.15 02:39:53.913,0.93965,0.9401,0.80,5.70
2008.04.15 02:39:54.160,0.93965,0.9401,0.80,5.70
2008.04.15 02:39:57.096,0.93965,0.9401,0.80,5.70
2008.04.15 02:39:57.467,0.93965,0.9401,0.80,5.70
2008.04.15 02:39:59.064,0.93965,0.9401,0.80,5.70
2008.04.15 02:39:59.642,0.93965,0.9401,0.80,5.70
2008.04.15 02:40:00.870,0.93965,0.9401,0.80,5.70
2008.04.15 02:40:07.881,0.93965,0.9401,0.80,5.70
2008.04.15 02:40:08.142,0.9398,0.9401,2.40,3.30
2008.04.15 02:40:08.421,0.9398,0.9401,2.40,3.30
2008.04.15 02:40:10.231,0.9397,0.9401,5.00,3.30
2008.04.15 02:40:10.451,0.9397,0.9401,5.00,0.80
2008.04.15 02:40:10.671,0.9397,0.9402,5.00,5.90
2008.04.15 02:40:10.913,0.9397,0.9402,5.40,5.90
2008.04.15 02:40:11.168,0.9398,0.9402,2.60,0.20
2008.04.15 02:40:11.422,0.9398,0.9402,2.60,0.20
2008.04.15 02:40:13.143,0.9398,0.9402,2.60,0.20
2008.04.15 02:40:13.353,0.9399,0.94025,2.40,0.80
2008.04.15 02:40:13.586,0.9399,0.94025,2.40,0.80
2008.04.15 02:40:13.795,0.9399,0.9403,2.40,3.30
2008.04.15 02:40:14.006,0.9399,0.9403,2.60,2.50
2008.04.15 02:40:14.276,0.9399,0.9402,2.60,2.40
2008.04.15 02:40:14.545,0.9399,0.9403,5.00,6.50
2008.04.15 02:40:14.815,0.9399,0.9403,5.00,4.10
2008.04.15 02:40:15.085,0.94,0.9403,0.30,4.10
2008.04.15 02:40:15.325,0.94,0.9403,0.30,4.10
2008.04.15 02:40:15.566,0.94,0.9403,2.60,4.10
2008.04.15 02:40:15.828,0.94,0.9403,2.60,4.10
2008.04.15 02:40:16.404,0.94,0.9403,2.60,4.10
2008.04.15 02:40:16.654,0.94,0.9403,0.30,4.10
2008.04.15 02:40:17.450,0.94,0.9403,0.30,4.10
2008.04.15 02:40:17.691,0.94,0.9403,2.60,4.10
2008.04.15 02:40:18.370,0.94,0.9403,2.60,4.10
2008.04.15 02:40:18.641,0.9398,0.9403,6.60,4.90
2008.04.15 02:40:18.912,0.9398,0.9403,1.60,7.60
2008.04.15 02:40:19.182,0.9397,0.9403,4.80,7.70
2008.04.15 02:40:19.417,0.9397,0.94025,4.80,0.30
2008.04.15 02:40:19.667,0.93965,0.94025,0.30,0.50
2008.04.15 02:40:20.577,0.93965,0.94025,0.30,0.50
2008.04.15 02:40:20.832,0.9396,0.9402,7.60,0.30
2008.04.15 02:40:21.089,0.9396,0.9402,4.20,1.00
2008.04.15 02:40:21.333,0.9396,0.9402,4.00,2.00
2008.04.15 02:40:21.884,0.9396,0.9402,1.60,2.00
2008.04.15 02:40:22.128,0.9396,0.94015,1.60,0.50
2008.04.15 02:40:22.568,0.9396,0.94015,1.60,0.50
2008.04.15 02:40:22.945,0.9396,0.9401,1.60,0.20
2008.04.15 02:40:23.440,0.9396,0.9401,1.60,0.20
2008.04.15 02:40:23.680,0.9396,0.94015,1.60,0.20
2008.04.15 02:40:23.870,0.9396,0.94015,1.60,0.20
2008.04.15 02:40:24.085,0.9396,0.94015,1.60,0.20
2008.04.15 02:40:24.299,0.9396,0.94015,1.60,0.50
2008.04.15 02:40:24.647,0.9396,0.94015,1.60,0.50
2008.04.15 02:40:24.900,0.9396,0.94015,1.60,0.20
2008.04.15 02:40:25.226,0.9396,0.94015,1.60,0.20
2008.04.15 02:40:25.413,0.9397,0.94015,0.30,0.20
2008.04.15 02:40:25.623,0.9398,0.9402,2.40,2.70
2008.04.15 02:40:25.833,0.9398,0.9402,2.40,5.70
2008.04.15 02:40:26.127,0.9398,0.9402,2.40,5.70
2008.04.15 02:40:26.497,0.9398,0.9402,2.40,5.70
2008.04.15 02:40:26.788,0.9397,0.9402,5.00,4.10
2008.04.15 02:40:27.078,0.9397,0.9402,5.00,4.90
2008.04.15 02:40:27.574,0.9397,0.9402,5.00,4.90
2008.04.15 02:40:28.096,0.9397,0.9402,5.80,5.10
2008.04.15 02:40:28.289,0.9397,0.9401,6.60,0.80
2008.04.15 02:40:28.855,0.93975,0.9401,0.40,1.60
2008.04.15 02:40:29.117,0.9399,0.9401,0.30,1.60
2008.04.15 02:40:29.376,0.9399,0.9401,2.60,1.60
2008.04.15 02:40:29.713,0.9399,0.9401,2.60,1.60
2008.04.15 02:40:29.947,0.9399,0.9401,2.60,1.60
2008.04.15 02:40:31.751,0.9399,0.9401,2.60,1.60
2008.04.15 02:40:31.941,0.9399,0.9401,0.30,1.60
2008.04.15 02:40:32.131,0.9399,0.9401,2.60,1.60
2008.04.15 02:40:32.320,0.9399,0.9401,2.60,1.60
2008.04.15 02:40:32.660,0.9399,0.9401,2.60,1.60
2008.04.15 02:40:32.952,0.9399,0.9402,4.80,0.90
2008.04.15 02:40:33.242,0.9399,0.94025,4.00,0.80
2008.04.15 02:40:33.709,0.9399,0.94025,4.00,0.80
2008.04.15 02:40:33.965,0.9399,0.94025,4.00,0.80
2008.04.15 02:40:34.180,0.9399,0.9403,4.00,3.20
2008.04.15 02:40:34.706,0.9399,0.9403,4.00,3.20
2008.04.15 02:40:36.881,0.9399,0.9403,6.40,3.20
2008.04.15 02:40:37.126,0.94,0.94035,2.40,0.80
2008.04.15 02:40:37.371,0.94,0.94035,2.40,0.80
2008.04.15 02:40:37.616,0.94,0.9404,2.40,3.30
2008.04.15 02:40:37.913,0.94,0.9404,2.40,3.30
2008.04.15 02:40:38.428,0.94,0.9404,2.40,3.30
2008.04.15 02:40:38.702,0.94,0.9404,2.60,5.70
2008.04.15 02:40:39.419,0.94,0.9404,2.60,5.70
2008.04.15 02:40:39.693,0.94,0.9404,5.00,3.30
2008.04.15 02:40:39.918,0.94,0.9404,2.60,6.00
2008.04.15 02:40:40.152,0.94,0.9404,2.60,4.40
2008.04.15 02:40:40.390,0.94,0.94035,2.60,0.80
2008.04.15 02:40:40.668,0.94,0.94035,2.60,0.80
2008.04.15 02:40:41.214,0.94,0.94035,2.60,0.80
2008.04.15 02:40:43.870,0.94,0.94035,5.00,0.80
2008.04.15 02:40:44.111,0.9401,0.9404,2.40,0.30
2008.04.15 02:40:44.353,0.9401,0.9405,2.40,5.60
2008.04.15 02:40:44.592,0.9401,0.9405,2.40,3.20
2008.04.15 02:40:45.122,0.9401,0.9405,2.40,3.40
2008.04.15 02:40:45.382,0.9401,0.9404,2.40,0.80
2008.04.15 02:40:45.640,0.9401,0.9405,2.40,3.40
2008.04.15 02:40:45.874,0.9401,0.9405,2.40,3.20
2008.04.15 02:40:46.191,0.9401,0.9405,2.40,3.20
2008.04.15 02:40:48.440,0.9401,0.9405,2.40,3.20
2008.04.15 02:40:48.671,0.9401,0.9405,2.40,5.60
2008.04.15 02:40:57.879,0.9401,0.9405,4.80,3.20
2008.04.15 02:40:58.168,0.9401,0.9405,5.00,3.20
2008.04.15 02:40:58.403,0.9401,0.9405,5.00,3.20
2008.04.15 02:40:58.637,0.9401,0.9405,5.00,2.40
2008.04.15 02:40:59.025,0.9401,0.9405,5.00,2.40
2008.04.15 02:40:59.279,0.9401,0.9405,5.00,3.20
2008.04.15 02:41:00.106,0.9401,0.9405,5.00,3.20
2008.04.15 02:41:00.580,0.9401,0.9405,2.60,5.60
2008.04.15 02:41:00.819,0.9401,0.9405,2.60,5.60
2008.04.15 02:41:01.134,0.9401,0.9405,2.60,5.60
2008.04.15 02:41:04.615,0.9401,0.9405,2.60,6.40
2008.04.15 02:41:04.812,0.9401,0.9404,0.30,5.60
2008.04.15 02:41:05.008,0.94,0.9404,2.60,5.60
2008.04.15 02:41:05.204,0.94,0.9404,2.60,3.30
2008.04.15 02:41:05.530,0.94,0.9404,2.60,3.30
2008.04.15 02:41:05.854,0.94,0.9404,2.60,3.30
2008.04.15 02:41:06.179,0.94,0.9404,2.60,3.30
2008.04.15 02:41:07.560,0.94,0.9404,2.60,3.30
2008.04.15 02:41:07.806,0.94,0.9404,2.60,3.30
2008.04.15 02:41:08.860,0.94,0.9404,2.60,3.30
2008.04.15 02:41:09.110,0.94,0.9404,2.60,5.70
2008.04.15 02:41:09.422,0.94,0.9404,2.60,5.70
2008.04.15 02:41:12.920,0.94,0.9404,2.60,5.70
2008.04.15 02:41:13.125,0.94,0.9404,2.60,5.70
2008.04.15 02:41:13.329,0.94,0.9404,2.60,3.30
2008.04.15 02:41:13.620,0.94,0.9404,2.60,3.30
2008.04.15 02:41:13.886,0.9399,0.9403,5.00,3.20
2008.04.15 02:41:14.371,0.9399,0.9403,5.00,3.20
2008.04.15 02:41:14.629,0.9399,0.9403,5.00,3.20
2008.04.15 02:41:14.872,0.94,0.94035,2.60,0.80
2008.04.15 02:41:15.107,0.94,0.9404,2.60,5.70
2008.04.15 02:41:15.414,0.94,0.9404,2.60,5.70
2008.04.15 02:41:15.658,0.94,0.9404,2.60,5.70
2008.04.15 02:41:18.727,0.94,0.9404,2.60,5.70
2008.04.15 02:41:19.698,0.94,0.9404,2.60,5.70
2008.04.15 02:41:20.476,0.94,0.9404,2.60,5.70
2008.04.15 02:41:20.710,0.94,0.9403,0.30,2.40
2008.04.15 02:41:20.939,0.94,0.9403,0.30,2.40
2008.04.15 02:41:22.820,0.94,0.9403,0.30,2.40
2008.04.15 02:41:23.031,0.94,0.9403,0.30,2.40
2008.04.15 02:41:23.243,0.94,0.9403,2.60,2.40
2008.04.15 02:41:23.473,0.94,0.9403,2.60,2.40
2008.04.15 02:41:25.437,0.94,0.9403,2.60,2.40
2008.04.15 02:41:25.664,0.94,0.9403,2.60,2.40
2008.04.15 02:41:25.897,0.94,0.9403,2.60,2.40
2008.04.15 02:41:26.191,0.94,0.9403,2.60,2.40
2008.04.15 02:41:33.394,0.94,0.9403,0.30,2.40
2008.04.15 02:41:33.821,0.94,0.9403,0.30,2.40
2008.04.15 02:41:34.041,0.94,0.9403,0.30,2.40
2008.04.15 02:41:35.485,0.94,0.9403,0.30,2.40
2008.04.15 02:41:36.110,0.94,0.9403,2.60,2.40
2008.04.15 02:41:36.310,0.94,0.9403,2.60,2.40
2008.04.15 02:41:37.674,0.94,0.9403,2.60,2.40
2008.04.15 02:41:37.880,0.94,0.9403,2.60,2.40
2008.04.15 02:41:38.907,0.94,0.9404,2.60,3.30
2008.04.15 02:41:39.158,0.94005,0.9404,0.80,2.50
2008.04.15 02:41:39.416,0.94005,0.9404,0.80,2.50
2008.04.15 02:41:39.690,0.94005,0.9404,0.80,2.50
2008.04.15 02:41:40.586,0.94005,0.9404,0.80,2.50
2008.04.15 02:41:40.797,0.94005,0.9404,0.80,2.50
2008.04.15 02:41:41.038,0.94,0.9403,2.60,2.40
2008.04.15 02:41:41.293,0.94,0.9403,2.60,2.40
2008.04.15 02:41:41.750,0.94,0.9403,2.60,2.40
2008.04.15 02:41:42.031,0.94,0.9403,2.60,2.40
2008.04.15 02:41:42.744,0.94,0.9403,2.60,2.40
2008.04.15 02:41:42.964,0.94,0.9403,2.60,2.40
2008.04.15 02:41:43.283,0.94,0.9403,2.60,2.40
2008.04.15 02:41:46.498,0.94,0.9403,2.60,2.40
2008.04.15 02:41:46.700,0.9401,0.94045,2.40,0.80
2008.04.15 02:41:46.900,0.9401,0.9405,2.40,3.30
2008.04.15 02:41:47.168,0.9401,0.9405,2.40,3.30
2008.04.15 02:41:47.428,0.9401,0.9405,2.40,3.60
2008.04.15 02:41:47.688,0.94,0.9404,4.20,5.60
2008.04.15 02:41:47.965,0.94,0.9404,4.20,4.80
2008.04.15 02:41:48.585,0.94,0.9404,4.20,4.80
2008.04.15 02:41:50.607,0.94,0.9404,4.20,5.60
2008.04.15 02:41:57.136,0.94,0.9404,4.20,5.60
2008.04.15 02:42:02.051,0.94,0.9404,4.20,5.60
2008.04.15 02:42:02.271,0.94,0.9404,2.40,3.20
2008.04.15 02:42:05.552,0.9399,0.9404,6.60,3.20
2008.04.15 02:42:05.752,0.9399,0.9403,6.60,2.40
2008.04.15 02:42:05.951,0.9399,0.9403,6.60,3.20
2008.04.15 02:42:06.212,0.9399,0.9403,6.60,3.20
2008.04.15 02:42:08.993,0.9399,0.9403,6.60,3.20
2008.04.15 02:42:09.243,0.93995,0.9403,0.80,3.20
2008.04.15 02:42:09.493,0.93995,0.9403,0.80,2.40
2008.04.15 02:42:09.703,0.94,0.9403,0.30,2.40
2008.04.15 02:42:10.315,0.94,0.9403,0.30,2.40
2008.04.15 02:42:13.125,0.94,0.9403,0.30,2.40
2008.04.15 02:42:15.001,0.94,0.9403,0.30,2.40
2008.04.15 02:42:15.223,0.9401,0.9404,0.30,4.90
2008.04.15 02:42:15.418,0.9401,0.9404,0.30,2.50
2008.04.15 02:42:17.604,0.9401,0.9404,0.30,2.50
2008.04.15 02:42:17.875,0.9401,0.9404,0.30,2.50
2008.04.15 02:42:18.105,0.9401,0.9404,0.30,3.30
2008.04.15 02:42:18.377,0.9401,0.9404,0.30,3.30
2008.04.15 02:42:18.607,0.9401,0.9403,2.40,2.40
2008.04.15 02:42:18.874,0.9401,0.9404,2.40,2.50
2008.04.15 02:42:19.139,0.9401,0.9405,2.40,7.30
2008.04.15 02:42:19.405,0.9401,0.9405,2.40,7.30
2008.04.15 02:42:19.669,0.9401,0.9404,2.40,2.40
2008.04.15 02:42:19.909,0.9401,0.9404,2.40,2.40
2008.04.15 02:42:20.154,0.9401,0.9405,2.40,7.30
2008.04.15 02:42:20.432,0.9401,0.9405,2.40,7.30
2008.04.15 02:42:23.612,0.9401,0.9405,2.40,7.30
2008.04.15 02:42:23.839,0.9401,0.9405,2.60,7.30
2008.04.15 02:42:24.054,0.9401,0.9405,2.60,6.50
2008.04.15 02:42:24.269,0.9401,0.9405,2.60,7.30
2008.04.15 02:42:24.776,0.9401,0.9405,2.60,7.30
2008.04.15 02:42:25.379,0.9401,0.9404,0.30,2.40
2008.04.15 02:42:25.641,0.9401,0.9404,2.40,2.40
2008.04.15 02:42:25.947,0.9401,0.9404,2.40,2.40
2008.04.15 02:42:26.184,0.9401,0.9404,2.40,2.40
2008.04.15 02:42:26.400,0.9401,0.9404,2.60,2.40
2008.04.15 02:42:29.512,0.9401,0.9404,2.60,2.40
2008.04.15 02:42:29.751,0.9401,0.9404,2.60,2.40
2008.04.15 02:42:29.991,0.9402,0.9404,2.40,2.40
2008.04.15 02:42:30.263,0.9402,0.9405,2.40,4.90
2008.04.15 02:42:30.502,0.9402,0.9405,2.40,4.10
2008.04.15 02:42:30.741,0.9402,0.9405,2.40,2.50
2008.04.15 02:42:31.090,0.9402,0.9405,2.40,2.50
2008.04.15 02:42:31.337,0.9401,0.9404,4.00,2.40
2008.04.15 02:42:31.583,0.9401,0.9405,6.60,2.40
2008.04.15 02:42:31.828,0.9401,0.9405,6.60,2.40
2008.04.15 02:42:33.349,0.9401,0.9405,6.60,2.40
2008.04.15 02:42:33.548,0.9401,0.9405,5.80,3.20
2008.04.15 02:42:38.623,0.9401,0.9405,5.00,3.20
2008.04.15 02:42:38.853,0.9401,0.9405,6.60,2.40
2008.04.15 02:42:39.085,0.9401,0.9404,4.20,2.40
2008.04.15 02:42:39.314,0.9401,0.9404,2.60,2.40
2008.04.15 02:42:39.544,0.9401,0.9404,2.40,3.20
2008.04.15 02:42:39.773,0.94,0.9404,6.80,3.20
2008.04.15 02:42:43.223,0.94,0.9404,6.80,3.20
2008.04.15 02:42:43.397,0.9401,0.9404,2.40,2.40
2008.04.15 02:42:43.628,0.9401,0.9404,2.40,2.40
2008.04.15 02:42:43.830,0.9401,0.9405,5.00,3.20
2008.04.15 02:42:44.053,0.9401,0.9405,5.00,3.20
2008.04.15 02:42:44.340,0.9401,0.9405,4.20,5.60
2008.04.15 02:42:44.646,0.9401,0.9405,4.20,5.60
2008.04.15 02:42:44.933,0.9401,0.9405,4.20,4.80
2008.04.15 02:42:45.177,0.9401,0.9405,4.20,4.80
2008.04.15 02:42:45.432,0.9401,0.9405,4.20,5.60
2008.04.15 02:42:46.404,0.9401,0.9405,4.20,5.60
2008.04.15 02:42:46.635,0.9401,0.9405,2.60,5.70
2008.04.15 02:42:46.942,0.9401,0.9405,2.60,5.70
2008.04.15 02:42:47.591,0.9401,0.9405,2.60,5.70
2008.04.15 02:42:47.818,0.9401,0.9404,0.30,3.30
2008.04.15 02:42:48.045,0.9401,0.9404,0.30,3.30
2008.04.15 02:42:48.914,0.9401,0.9404,0.30,3.30
2008.04.15 02:42:49.649,0.9401,0.9404,0.30,3.30
2008.04.15 02:42:49.871,0.9401,0.9404,0.30,3.30
2008.04.15 02:42:50.655,0.9401,0.9404,0.30,3.30
2008.04.15 02:42:51.194,0.9401,0.9404,0.30,3.30
2008.04.15 02:42:51.390,0.9401,0.9404,0.30,5.70
2008.04.15 02:42:51.585,0.94,0.9403,0.30,2.40
2008.04.15 02:42:51.778,0.94,0.9403,0.30,2.40
2008.04.15 02:42:52.632,0.94,0.9403,0.30,2.40
2008.04.15 02:42:52.898,0.9401,0.9404,2.40,4.10
2008.04.15 02:42:53.224,0.9401,0.9404,2.40,3.30
2008.04.15 02:42:53.435,0.9401,0.9404,2.40,3.30
2008.04.15 02:42:54.627,0.9401,0.9404,2.40,3.30
2008.04.15 02:42:54.884,0.94,0.9404,2.40,3.30
2008.04.15 02:42:55.240,0.94,0.9404,2.40,3.30
2008.04.15 02:42:55.647,0.94,0.9404,2.40,3.30
2008.04.15 02:42:55.863,0.9401,0.9404,2.60,2.50
2008.04.15 02:42:56.169,0.9401,0.9404,2.40,2.50
2008.04.15 02:42:56.383,0.94005,0.9404,0.80,3.30
2008.04.15 02:42:56.682,0.94,0.9404,2.40,3.30
2008.04.15 02:42:56.982,0.93995,0.9403,0.80,3.20
2008.04.15 02:42:57.618,0.9399,0.9403,5.00,3.20
2008.04.15 02:42:57.841,0.9399,0.9403,5.00,3.20
2008.04.15 02:42:58.018,0.94,0.9404,2.40,4.10
2008.04.15 02:42:58.228,0.94,0.9404,2.40,4.10
2008.04.15 02:42:58.435,0.94,0.9404,2.40,4.10
2008.04.15 02:42:58.720,0.9399,0.9403,5.00,3.20
2008.04.15 02:43:02.271,0.9399,0.9403,5.00,3.20
2008.04.15 02:43:03.114,0.9399,0.9403,5.00,3.20
2008.04.15 02:43:03.358,0.9401,0.9403,2.40,2.40
2008.04.15 02:43:03.597,0.9401,0.9403,2.40,2.40
2008.04.15 02:43:03.839,0.9401,0.9403,2.40,3.20
2008.04.15 02:43:04.079,0.9399,0.9403,5.00,3.20
2008.04.15 02:43:04.318,0.9399,0.9403,5.00,3.20
2008.04.15 02:43:11.960,0.9399,0.9403,5.00,3.20
2008.04.15 02:43:13.164,0.9399,0.9403,5.80,3.30
2008.04.15 02:43:13.400,0.9401,0.9403,2.40,2.50
2008.04.15 02:43:14.622,0.9401,0.9403,2.40,2.50
2008.04.15 02:43:14.870,0.93995,0.9402,0.80,2.50
2008.04.15 02:43:15.086,0.9399,0.9402,2.60,2.50
2008.04.15 02:43:24.449,0.9399,0.9402,2.60,2.50
2008.04.15 02:43:25.164,0.9399,0.9402,2.40,2.50
2008.04.15 02:43:25.375,0.9399,0.9402,2.40,3.30
2008.04.15 02:43:25.696,0.9399,0.9402,2.40,3.30
2008.04.15 02:43:25.906,0.9398,0.9402,6.40,3.30
2008.04.15 02:43:26.140,0.9398,0.9402,6.40,3.30
2008.04.15 02:43:28.186,0.9398,0.9402,6.40,3.30
2008.04.15 02:43:28.378,0.9398,0.9402,6.40,0.20
2008.04.15 02:43:28.619,0.9398,0.9402,6.40,0.20
2008.04.15 02:43:28.931,0.9398,0.9402,4.00,0.20
2008.04.15 02:43:30.275,0.9398,0.9402,4.00,0.20
2008.04.15 02:43:30.478,0.9398,0.9402,2.40,0.20
2008.04.15 02:43:30.707,0.9398,0.9402,2.40,0.20
2008.04.15 02:43:30.942,0.9398,0.94015,2.40,0.80
2008.04.15 02:43:31.232,0.9398,0.94015,2.40,0.80
2008.04.15 02:43:31.445,0.9397,0.9401,6.60,3.20
2008.04.15 02:43:31.744,0.9397,0.9401,4.20,5.60
2008.04.15 02:43:32.018,0.9397,0.9401,6.60,3.20
2008.04.15 02:43:32.369,0.9397,0.9401,6.60,2.40
2008.04.15 02:43:32.627,0.9397,0.9401,6.60,2.40
2008.04.15 02:43:33.286,0.9397,0.9401,6.60,4.10
2008.04.15 02:43:33.699,0.9397,0.9401,6.60,4.10
2008.04.15 02:43:40.209,0.9397,0.9401,6.60,4.10
2008.04.15 02:43:40.389,0.9398,0.9401,2.40,0.90
2008.04.15 02:43:40.577,0.9398,0.9401,2.40,0.20
2008.04.15 02:43:40.814,0.9398,0.9401,2.40,0.20
2008.04.15 02:43:42.009,0.9398,0.9401,4.80,0.20
2008.04.15 02:43:42.701,0.9398,0.9401,4.80,0.20
2008.04.15 02:43:43.020,0.9397,0.9401,4.20,4.90
2008.04.15 02:43:45.407,0.9397,0.9401,4.20,4.90
2008.04.15 02:43:45.676,0.9397,0.94,4.20,2.50
2008.04.15 02:43:46.846,0.9397,0.94,4.20,2.50
2008.04.15 02:43:47.076,0.9397,0.9401,4.20,7.30
2008.04.15 02:43:47.305,0.9397,0.9401,3.40,4.90
2008.04.15 02:43:47.547,0.9397,0.94005,2.60,0.80
2008.04.15 02:43:47.778,0.9397,0.94005,2.60,0.80
2008.04.15 02:43:48.515,0.9397,0.94005,2.60,0.80
2008.04.15 02:43:49.699,0.9397,0.94005,2.60,0.80
2008.04.15 02:43:49.918,0.9397,0.94005,2.60,0.80
2008.04.15 02:43:50.290,0.9397,0.94005,2.60,0.80
2008.04.15 02:43:53.030,0.9397,0.94,2.60,0.20
2008.04.15 02:43:53.279,0.9397,0.94,2.60,0.20
2008.04.15 02:43:54.143,0.9397,0.94,2.60,0.20
2008.04.15 02:43:54.374,0.9397,0.94,2.60,2.50
2008.04.15 02:43:54.627,0.9397,0.94,2.60,2.50
2008.04.15 02:43:54.859,0.9397,0.94,2.60,2.50
2008.04.15 02:43:55.195,0.9397,0.94,2.60,2.50
2008.04.15 02:43:55.548,0.9397,0.94,2.60,2.50
2008.04.15 02:43:57.636,0.9397,0.94,2.60,2.50
2008.04.15 02:43:57.874,0.93965,0.9399,0.80,0.20
2008.04.15 02:43:58.126,0.9397,0.94,2.40,2.50
2008.04.15 02:43:58.453,0.9397,0.94,2.40,2.50
2008.04.15 02:43:59.597,0.9397,0.94,2.40,2.50
2008.04.15 02:44:08.397,0.9397,0.94,2.40,2.50
2008.04.15 02:44:08.621,0.9397,0.94,2.40,2.50
2008.04.15 02:44:10.174,0.9397,0.94,2.40,2.50
2008.04.15 02:44:11.748,0.9397,0.94,2.40,2.50
2008.04.15 02:44:11.984,0.93965,0.94,0.80,2.50
2008.04.15 02:44:12.683,0.93965,0.94,0.80,2.50
2008.04.15 02:44:12.939,0.9396,0.9399,5.00,0.20
2008.04.15 02:44:14.622,0.9396,0.9399,5.00,0.20
2008.04.15 02:44:14.826,0.9396,0.9399,2.60,0.20
2008.04.15 02:44:15.065,0.9396,0.9399,2.40,0.20
2008.04.15 02:44:15.645,0.9396,0.9399,2.40,0.20
2008.04.15 02:44:15.911,0.93955,0.9399,0.80,4.90
2008.04.15 02:44:16.216,0.93955,0.9399,0.80,4.90
2008.04.15 02:44:16.483,0.93955,0.9399,0.80,5.70
2008.04.15 02:44:16.741,0.9396,0.9399,1.60,5.70
2008.04.15 02:44:17.240,0.9396,0.9399,1.60,5.70
2008.04.15 02:44:17.690,0.9396,0.9399,1.60,5.70
2008.04.15 02:44:17.927,0.9396,0.9399,1.60,5.70
2008.04.15 02:44:18.428,0.9396,0.9399,1.60,4.90
2008.04.15 02:44:23.186,0.9396,0.9399,1.60,4.90
2008.04.15 02:44:23.402,0.9395,0.9399,4.20,5.70
2008.04.15 02:44:24.195,0.9395,0.9399,4.20,5.70
2008.04.15 02:44:24.450,0.93955,0.9399,0.80,5.70
2008.04.15 02:44:26.452,0.93955,0.9399,0.80,5.70
2008.04.15 02:44:34.876,0.93955,0.9399,0.80,5.70
2008.04.15 02:44:35.099,0.93955,0.9399,0.80,5.70
2008.04.15 02:44:35.325,0.9396,0.9399,4.00,2.50
2008.04.15 02:44:35.625,0.9396,0.9399,4.00,2.50
2008.04.15 02:44:35.845,0.9396,0.9399,4.00,2.50
2008.04.15 02:44:36.294,0.9396,0.9399,4.00,2.50
2008.04.15 02:44:36.562,0.9396,0.9399,3.20,2.50
2008.04.15 02:44:36.808,0.9396,0.9399,2.40,2.50
2008.04.15 02:44:37.588,0.9396,0.9399,2.40,2.50
2008.04.15 02:44:37.843,0.9396,0.9399,2.40,3.30
2008.04.15 02:44:38.119,0.9396,0.9399,2.40,3.30
2008.04.15 02:44:38.414,0.9395,0.9399,4.00,5.70
2008.04.15 02:44:42.612,0.9395,0.9399,4.00,5.70
2008.04.15 02:44:42.854,0.9395,0.9398,1.60,3.20
2008.04.15 02:44:43.093,0.9395,0.9399,4.80,4.90
2008.04.15 02:44:43.354,0.9395,0.9399,4.80,4.90
2008.04.15 02:44:43.604,0.9394,0.9398,6.40,2.40
2008.04.15 02:44:43.853,0.9395,0.9399,2.40,5.70
2008.04.15 02:44:44.103,0.9395,0.9399,2.40,5.70
2008.04.15 02:44:45.000,0.9395,0.9399,2.40,5.70
2008.04.15 02:44:45.248,0.9395,0.9399,2.40,5.70
2008.04.15 02:44:45.479,0.9395,0.9399,2.40,4.90
2008.04.15 02:44:45.865,0.9395,0.9399,2.40,4.90
2008.04.15 02:44:46.093,0.9395,0.9399,2.40,5.70
2008.04.15 02:44:47.422,0.9395,0.9399,2.40,5.70
2008.04.15 02:44:47.683,0.9395,0.9399,2.40,5.70
2008.04.15 02:44:47.903,0.9395,0.9398,2.40,3.20
2008.04.15 02:44:48.324,0.93945,0.9398,0.80,3.20
2008.04.15 02:44:48.518,0.9395,0.9399,2.40,5.70
2008.04.15 02:44:48.784,0.9395,0.9398,2.40,3.20
2008.04.15 02:44:49.048,0.9395,0.9399,4.80,4.90
2008.04.15 02:44:49.312,0.9395,0.9399,2.40,5.70
2008.04.15 02:44:52.580,0.9395,0.9399,4.80,3.30
2008.04.15 02:44:52.656,0.9395,0.9399,2.40,3.30
2008.04.15 02:44:52.808,0.9395,0.9399,2.40,3.30
2008.04.15 02:44:53.144,0.93945,0.9399,0.80,3.30
2008.04.15 02:44:53.483,0.93945,0.9399,0.80,3.30
2008.04.15 02:44:56.828,0.93945,0.9399,0.80,3.30
2008.04.15 02:44:57.054,0.93945,0.9399,0.80,0.20
2008.04.15 02:44:57.629,0.93945,0.9399,0.80,0.20
2008.04.15 02:44:57.892,0.9395,0.94,4.80,3.60
2008.04.15 02:44:58.190,0.9395,0.94,4.80,3.30
2008.04.15 02:44:58.905,0.9395,0.94,4.80,3.30
2008.04.15 02:44:59.152,0.9395,0.94,2.40,6.00
2008.04.15 02:44:59.374,0.93945,0.94,0.80,6.10
2008.04.15 02:44:59.933,0.93945,0.94,0.80,6.10
2008.04.15 02:45:00.366,0.93945,0.94,0.80,3.70
2008.04.15 02:45:00.868,0.93945,0.94,0.80,3.70
2008.04.15 02:45:01.788,0.93945,0.93995,0.80,0.30
2008.04.15 02:45:02.030,0.93945,0.9399,0.80,3.30
2008.04.15 02:45:02.304,0.93945,0.9399,0.80,3.30
2008.04.15 02:45:06.611,0.93945,0.9399,0.80,3.60
2008.04.15 02:45:06.827,0.93945,0.9398,0.80,3.20
2008.04.15 02:45:07.065,0.93945,0.9398,0.80,4.80
2008.04.15 02:45:07.516,0.93945,0.9398,0.80,5.60
2008.04.15 02:45:10.014,0.93945,0.9398,0.80,5.60
2008.04.15 02:45:10.250,0.9394,0.9398,2.40,5.60
2008.04.15 02:45:10.689,0.9394,0.9398,2.40,5.60
2008.04.15 02:45:10.925,0.9394,0.9398,2.40,5.60
2008.04.15 02:45:14.433,0.9394,0.9398,2.40,5.60
2008.04.15 02:45:15.282,0.9394,0.9398,4.80,3.20
2008.04.15 02:45:15.488,0.9394,0.9399,5.60,5.20
2008.04.15 02:45:15.693,0.9394,0.9399,5.60,4.10
2008.04.15 02:45:15.956,0.9394,0.9399,6.40,2.50
2008.04.15 02:45:16.220,0.9394,0.9399,7.20,2.50
2008.04.15 02:45:16.717,0.9394,0.9399,6.40,3.30
2008.04.15 02:45:16.937,0.9394,0.9398,4.00,4.80
2008.04.15 02:45:17.156,0.9394,0.9398,4.00,5.60
2008.04.15 02:45:17.454,0.9394,0.9398,4.00,5.60
2008.04.15 02:45:18.347,0.9394,0.9398,4.00,5.60
2008.04.15 02:45:21.889,0.9394,0.9398,4.00,5.60
2008.04.15 02:45:22.139,0.9394,0.9398,6.40,3.20
2008.04.15 02:45:22.389,0.9394,0.9399,6.40,4.10
2008.04.15 02:45:22.926,0.9394,0.9399,6.40,4.10
2008.04.15 02:45:24.165,0.9394,0.9399,6.40,4.10
2008.04.15 02:45:24.636,0.9395,0.9399,2.40,3.30
2008.04.15 02:45:24.920,0.9395,0.9399,2.40,3.30
2008.04.15 02:45:26.043,0.9395,0.9399,2.40,5.70
2008.04.15 02:45:29.133,0.9395,0.9399,2.40,5.70
2008.04.15 02:45:32.033,0.9395,0.9399,2.40,3.30
2008.04.15 02:45:32.252,0.93945,0.9399,0.80,3.30
2008.04.15 02:45:33.095,0.9395,0.9399,0.80,3.30
2008.04.15 02:45:33.351,0.9395,0.9399,1.60,3.30
2008.04.15 02:45:37.611,0.9395,0.9399,1.60,3.30
2008.04.15 02:45:37.842,0.9395,0.9399,4.00,5.70
2008.04.15 02:45:38.072,0.9395,0.9399,4.20,5.70
2008.04.15 02:45:38.299,0.9396,0.9399,2.40,3.30
2008.04.15 02:45:38.560,0.9396,0.9399,2.40,3.30
2008.04.15 02:45:38.973,0.9396,0.9399,2.40,2.50
2008.04.15 02:45:39.263,0.9396,0.9399,2.40,2.50
2008.04.15 02:45:41.442,0.9396,0.9399,2.40,2.50
2008.04.15 02:45:41.691,0.9396,0.94,4.80,3.20
2008.04.15 02:45:41.962,0.9396,0.94,4.80,3.20
2008.04.15 02:45:42.918,0.9396,0.94,4.80,3.20
2008.04.15 02:45:43.216,0.9396,0.94,5.00,3.20
2008.04.15 02:45:43.400,0.9397,0.94,2.40,3.20
2008.04.15 02:45:43.713,0.9397,0.94,2.40,2.40
2008.04.15 02:45:45.496,0.9397,0.94,2.40,2.40
2008.04.15 02:45:45.676,0.9397,0.94,2.40,3.20
2008.04.15 02:45:48.125,0.9397,0.94,2.40,3.20
2008.04.15 02:45:48.902,0.9397,0.94,2.40,3.20
2008.04.15 02:45:49.125,0.9397,0.94,2.40,3.20
2008.04.15 02:45:49.349,0.9396,0.94,6.40,3.20
2008.04.15 02:45:49.574,0.9396,0.94,6.40,3.20
2008.04.15 02:45:49.799,0.9396,0.94,1.60,3.20
2008.04.15 02:45:55.447,0.9396,0.94,1.60,3.20
2008.04.15 02:45:55.632,0.9396,0.94,4.00,3.20
2008.04.15 02:45:55.824,0.9396,0.94,4.80,3.20
2008.04.15 02:45:58.002,0.9396,0.94,4.80,3.20
2008.04.15 02:45:59.960,0.9396,0.94,4.80,3.20
2008.04.15 02:46:00.174,0.9396,0.9399,2.40,3.20
2008.04.15 02:46:00.388,0.9396,0.9399,2.40,3.20
2008.04.15 02:46:00.659,0.9396,0.94,4.80,3.30
2008.04.15 02:46:00.938,0.9396,0.94,4.80,3.30
2008.04.15 02:46:01.192,0.9396,0.94,5.00,2.50
2008.04.15 02:46:01.447,0.9397,0.94,2.40,2.50
2008.04.15 02:46:01.676,0.9397,0.94,2.40,3.30
2008.04.15 02:46:01.906,0.9396,0.94,5.00,3.30
2008.04.15 02:46:02.137,0.9396,0.9399,0.30,4.90
2008.04.15 02:46:02.389,0.9396,0.9399,0.30,4.90
2008.04.15 02:46:05.027,0.9396,0.9399,0.30,4.90
2008.04.15 02:46:05.249,0.93955,0.9399,0.80,5.70
2008.04.15 02:46:12.047,0.93955,0.9399,0.80,5.70
2008.04.15 02:46:12.258,0.93955,0.9398,0.80,2.40
2008.04.15 02:46:12.507,0.93955,0.9398,0.80,2.40
2008.04.15 02:46:12.717,0.93955,0.9399,0.80,4.90
2008.04.15 02:46:14.695,0.93955,0.9399,0.80,4.90
2008.04.15 02:46:16.041,0.93955,0.9399,0.80,4.90
2008.04.15 02:46:16.260,0.93955,0.9399,0.80,5.70
2008.04.15 02:46:16.570,0.93955,0.9399,0.80,5.70
2008.04.15 02:46:16.789,0.9396,0.9399,2.40,2.50
2008.04.15 02:46:17.052,0.9396,0.9399,2.60,2.50
2008.04.15 02:46:17.329,0.9396,0.9399,4.20,3.30
2008.04.15 02:46:17.578,0.9396,0.9399,1.80,5.70
2008.04.15 02:46:19.888,0.9396,0.9398,1.80,2.40
2008.04.15 02:46:20.089,0.9396,0.9398,0.80,2.40
2008.04.15 02:46:20.316,0.9395,0.9398,4.20,2.40
2008.04.15 02:46:20.513,0.9395,0.9399,6.60,5.70
2008.04.15 02:46:20.712,0.9395,0.9399,6.60,5.70
2008.04.15 02:46:28.029,0.9395,0.9399,6.60,4.90
2008.04.15 02:46:28.299,0.9395,0.9398,4.00,2.40
2008.04.15 02:46:28.543,0.9395,0.9398,2.40,3.20
2008.04.15 02:46:34.969,0.9395,0.9398,2.40,3.20
2008.04.15 02:46:35.196,0.9395,0.9398,4.80,0.80
2008.04.15 02:46:35.426,0.9395,0.9399,2.40,5.70
2008.04.15 02:46:35.658,0.9395,0.9399,2.40,2.40
2008.04.15 02:46:35.888,0.9395,0.94,4.80,3.20
2008.04.15 02:46:38.488,0.9395,0.94,4.80,3.20
2008.04.15 02:46:38.759,0.9395,0.9399,2.40,5.60
2008.04.15 02:46:39.043,0.9395,0.9399,2.40,5.60
2008.04.15 02:46:39.359,0.9395,0.9399,2.40,5.60
2008.04.15 02:46:40.092,0.9395,0.9399,2.40,5.60
2008.04.15 02:46:40.533,0.93945,0.9399,0.80,5.60
2008.04.15 02:46:40.788,0.93945,0.9398,0.80,2.40
2008.04.15 02:46:42.566,0.93945,0.9398,0.80,3.20
2008.04.15 02:46:47.111,0.9395,0.9398,2.40,3.20
2008.04.15 02:46:51.271,0.9395,0.9398,2.40,3.20
2008.04.15 02:46:51.506,0.93945,0.9398,0.80,3.20
2008.04.15 02:46:53.228,0.93945,0.9398,0.80,3.20
2008.04.15 02:46:53.487,0.9395,0.9398,2.40,3.20
2008.04.15 02:46:53.890,0.9395,0.9398,2.40,3.20
2008.04.15 02:46:55.330,0.93945,0.9398,0.80,3.20
2008.04.15 02:46:56.540,0.93945,0.9398,0.80,3.20
2008.04.15 02:46:56.774,0.93945,0.9398,0.80,3.20
2008.04.15 02:46:57.086,0.93945,0.9398,0.80,3.20
2008.04.15 02:46:57.990,0.93945,0.9398,0.80,3.20
2008.04.15 02:46:58.701,0.93945,0.9398,0.80,3.20
2008.04.15 02:46:59.017,0.9395,0.9398,2.40,3.20
2008.04.15 02:46:59.222,0.9395,0.9399,4.80,3.30
2008.04.15 02:46:59.427,0.9395,0.9399,4.80,3.30
2008.04.15 02:47:00.607,0.9395,0.9399,4.80,3.30
2008.04.15 02:47:01.691,0.9395,0.9399,4.80,3.30
2008.04.15 02:47:01.910,0.93945,0.9398,0.80,2.40
2008.04.15 02:47:02.164,0.93945,0.9398,0.80,3.20
2008.04.15 02:47:02.665,0.93945,0.9398,0.80,3.20
2008.04.15 02:47:06.111,0.93945,0.9398,0.80,3.20
2008.04.15 02:47:06.354,0.9395,0.9399,2.40,5.70
2008.04.15 02:47:06.594,0.9395,0.9399,2.40,5.70
2008.04.15 02:47:07.259,0.9395,0.9399,2.40,5.70
2008.04.15 02:47:10.117,0.93945,0.9399,0.80,5.70
2008.04.15 02:47:10.328,0.9395,0.9398,2.40,2.40
2008.04.15 02:47:10.605,0.9395,0.9398,2.40,2.40
2008.04.15 02:47:10.923,0.9395,0.9398,2.40,3.20
2008.04.15 02:47:11.213,0.9395,0.9398,2.40,3.20
2008.04.15 02:47:12.651,0.9395,0.9398,2.40,3.20
2008.04.15 02:47:22.157,0.9395,0.9398,2.40,3.20
2008.04.15 02:47:22.368,0.9395,0.9397,2.40,2.40
2008.04.15 02:47:22.669,0.9395,0.9398,2.40,4.90
2008.04.15 02:47:22.899,0.93945,0.9397,0.80,2.40
2008.04.15 02:47:23.151,0.9394,0.9397,2.40,2.40
2008.04.15 02:47:23.359,0.93935,0.9397,0.80,4.80
2008.04.15 02:47:23.629,0.9394,0.9397,1.60,4.80
2008.04.15 02:47:23.899,0.9394,0.9397,1.60,3.20
2008.04.15 02:47:24.169,0.9394,0.9397,1.60,3.20
2008.04.15 02:47:24.439,0.9393,0.9397,4.00,5.60
2008.04.15 02:47:24.872,0.9393,0.9397,4.00,5.60
2008.04.15 02:47:25.322,0.9394,0.9397,0.80,5.60
2008.04.15 02:47:25.626,0.9394,0.9397,1.60,5.60
2008.04.15 02:47:25.877,0.9394,0.9397,1.60,3.20
2008.04.15 02:47:26.196,0.9394,0.9397,1.60,3.20
2008.04.15 02:47:26.444,0.9394,0.9397,1.60,5.60
2008.04.15 02:47:26.696,0.9393,0.9397,4.00,5.60
2008.04.15 02:47:27.138,0.9393,0.9397,4.00,5.60
2008.04.15 02:47:27.413,0.9393,0.9396,4.00,2.40
2008.04.15 02:47:27.687,0.9393,0.9396,4.00,2.40
2008.04.15 02:47:27.917,0.93935,0.9396,0.80,2.40
2008.04.15 02:47:28.241,0.93935,0.9396,0.80,2.40
2008.04.15 02:47:28.470,0.9393,0.9396,4.00,2.40
2008.04.15 02:47:30.120,0.9393,0.9396,4.00,2.40
2008.04.15 02:47:30.335,0.9393,0.9396,4.00,2.40
2008.04.15 02:47:30.582,0.9393,0.9396,4.00,2.40
2008.04.15 02:47:30.827,0.9393,0.9397,4.00,5.70
2008.04.15 02:47:31.808,0.9393,0.9397,4.00,5.70
2008.04.15 02:47:32.809,0.9393,0.9397,4.00,5.70
2008.04.15 02:47:34.252,0.9393,0.9397,4.00,5.70
2008.04.15 02:47:34.653,0.9393,0.9397,4.00,5.70
2008.04.15 02:47:35.331,0.9393,0.9397,4.00,5.70
2008.04.15 02:47:35.576,0.9393,0.9397,1.60,5.70
2008.04.15 02:47:35.810,0.9393,0.9397,1.60,3.30
2008.04.15 02:47:36.326,0.9393,0.9397,1.60,3.30
2008.04.15 02:47:38.614,0.9393,0.9397,1.60,3.30
2008.04.15 02:47:38.815,0.9393,0.9396,1.60,3.20
2008.04.15 02:47:39.037,0.9393,0.9396,4.00,2.40
2008.04.15 02:47:39.215,0.9393,0.9396,4.00,2.40
2008.04.15 02:47:39.414,0.93935,0.9396,0.80,5.60
2008.04.15 02:47:40.263,0.93935,0.9396,0.80,5.60
2008.04.15 02:47:40.598,0.93935,0.9396,0.80,5.60
2008.04.15 02:47:42.010,0.93935,0.9396,0.80,5.60
2008.04.15 02:47:43.137,0.93935,0.9396,0.80,5.60
2008.04.15 02:47:43.342,0.93935,0.9396,0.80,3.20
2008.04.15 02:47:43.670,0.93935,0.9396,0.80,3.20
2008.04.15 02:47:44.885,0.93935,0.9396,0.80,3.20
2008.04.15 02:47:45.079,0.93935,0.9397,0.80,5.70
2008.04.15 02:47:45.284,0.93935,0.9396,0.80,0.80
2008.04.15 02:47:49.125,0.93935,0.9396,0.80,0.80
2008.04.15 02:47:49.334,0.93935,0.9396,0.80,5.70
2008.04.15 02:47:49.544,0.93935,0.9396,0.80,5.70
2008.04.15 02:47:50.899,0.93935,0.9396,0.80,4.90
2008.04.15 02:47:51.211,0.93935,0.9396,0.80,4.90
2008.04.15 02:47:51.422,0.93935,0.9396,0.80,2.50
2008.04.15 02:47:51.611,0.93935,0.9396,0.80,2.50
2008.04.15 02:47:52.098,0.93935,0.9396,0.80,2.50
2008.04.15 02:47:52.388,0.9393,0.9396,4.80,2.50
2008.04.15 02:47:52.677,0.93935,0.9396,0.80,2.50
2008.04.15 02:47:52.966,0.93935,0.9396,0.80,4.90
2008.04.15 02:47:53.250,0.9394,0.9396,0.80,4.90
2008.04.15 02:47:53.486,0.9394,0.9396,1.60,4.90
2008.04.15 02:47:53.711,0.9394,0.9396,1.60,4.90
2008.04.15 02:47:53.934,0.9394,0.9396,1.60,2.50
2008.04.15 02:47:54.159,0.9394,0.9396,1.60,2.50
2008.04.15 02:47:54.433,0.9394,0.9396,1.60,4.90
2008.04.15 02:47:54.710,0.9394,0.9396,1.60,4.90
2008.04.15 02:47:54.985,0.9394,0.9395,1.60,2.40
2008.04.15 02:47:55.216,0.9394,0.9395,1.60,2.40
2008.04.15 02:47:55.490,0.9394,0.9395,1.60,2.40
2008.04.15 02:47:56.186,0.9394,0.9396,1.60,7.30
2008.04.15 02:47:56.446,0.9394,0.9396,1.60,6.50
2008.04.15 02:47:56.810,0.9394,0.9396,0.80,6.50
2008.04.15 02:47:57.230,0.9393,0.9396,1.60,6.50
2008.04.15 02:47:57.450,0.9394,0.9396,1.60,4.90
2008.04.15 02:47:57.668,0.93925,0.9396,0.80,4.90
2008.04.15 02:47:57.890,0.9393,0.9396,2.40,0.20
2008.04.15 02:47:58.114,0.9393,0.9397,3.20,4.80
2008.04.15 02:47:58.432,0.93925,0.9397,0.80,2.40
2008.04.15 02:47:58.750,0.9392,0.93965,5.80,0.30
2008.04.15 02:47:59.069,0.9392,0.9396,4.80,6.50
2008.04.15 02:47:59.667,0.9392,0.9396,4.80,6.50
2008.04.15 02:47:59.899,0.9392,0.9396,6.60,6.50
2008.04.15 02:48:00.189,0.9392,0.9396,6.60,6.50
2008.04.15 02:48:00.477,0.9393,0.9396,2.40,2.50
2008.04.15 02:48:01.230,0.9393,0.9396,2.40,2.50
2008.04.15 02:48:01.451,0.9392,0.9396,5.00,4.90
2008.04.15 02:48:03.888,0.9392,0.9396,4.80,4.90
2008.04.15 02:48:04.128,0.9392,0.9396,7.20,4.90
2008.04.15 02:48:04.485,0.9392,0.9396,7.20,4.90
2008.04.15 02:48:04.716,0.9392,0.9396,7.20,4.90
2008.04.15 02:48:04.956,0.9393,0.9396,2.40,2.50
2008.04.15 02:48:05.230,0.9393,0.9396,2.40,2.50
2008.04.15 02:48:05.477,0.9392,0.9396,7.20,4.90
2008.04.15 02:48:06.229,0.9392,0.9396,7.20,4.90
2008.04.15 02:48:06.444,0.9392,0.9396,6.40,4.90
2008.04.15 02:48:07.342,0.9392,0.9396,6.40,4.90
2008.04.15 02:48:07.596,0.9392,0.9396,4.80,4.90
2008.04.15 02:48:07.852,0.9392,0.9396,6.60,4.90
2008.04.15 02:48:08.106,0.9393,0.9396,2.40,2.50
2008.04.15 02:48:09.685,0.9392,0.9396,7.40,2.50
2008.04.15 02:48:09.911,0.9392,0.9396,7.40,2.50
2008.04.15 02:48:10.147,0.9393,0.9396,2.40,2.50
2008.04.15 02:48:10.488,0.9393,0.9396,2.40,2.50
2008.04.15 02:48:12.297,0.9393,0.9396,2.40,2.50
2008.04.15 02:48:12.501,0.9393,0.9396,3.20,0.20
2008.04.15 02:48:13.423,0.9393,0.9396,3.20,0.20
2008.04.15 02:48:13.654,0.9393,0.9396,2.40,2.50
2008.04.15 02:48:16.755,0.9393,0.9396,4.80,0.20
2008.04.15 02:48:16.999,0.9393,0.9396,2.40,2.50
2008.04.15 02:48:18.182,0.9393,0.9396,2.40,2.50
2008.04.15 02:48:18.396,0.9393,0.9396,3.20,2.50
2008.04.15 02:48:18.734,0.9393,0.9396,3.20,2.50
2008.04.15 02:48:18.994,0.9393,0.9396,3.20,0.20
2008.04.15 02:48:20.276,0.9393,0.9396,3.20,0.20
2008.04.15 02:48:20.488,0.9393,0.9397,3.20,2.40
2008.04.15 02:48:21.662,0.9393,0.9398,5.60,2.40
2008.04.15 02:48:21.927,0.9393,0.9397,3.20,4.80
2008.04.15 02:48:22.852,0.9393,0.9397,3.20,4.80
2008.04.15 02:48:23.130,0.9393,0.9398,5.60,2.50
2008.04.15 02:48:23.704,0.9393,0.9398,5.60,2.50
2008.04.15 02:48:23.961,0.9394,0.9398,3.20,4.90
2008.04.15 02:48:26.172,0.9394,0.9398,3.20,4.90
2008.04.15 02:48:26.398,0.9394,0.9397,3.20,2.50
2008.04.15 02:48:26.623,0.9394,0.9397,3.20,2.50
2008.04.15 02:48:27.115,0.9394,0.9397,3.20,2.50
2008.04.15 02:48:27.366,0.93935,0.9397,0.80,4.90
2008.04.15 02:48:27.617,0.93935,0.9397,0.80,4.90
2008.04.15 02:48:28.250,0.93935,0.9397,0.80,4.90
2008.04.15 02:48:28.606,0.93935,0.9397,0.80,4.90
2008.04.15 02:48:28.856,0.9394,0.9397,3.20,2.50
2008.04.15 02:48:29.217,0.9394,0.9397,3.20,2.50
2008.04.15 02:48:31.142,0.9394,0.9397,3.20,2.50
2008.04.15 02:48:31.343,0.9394,0.9397,5.00,0.20
2008.04.15 02:48:31.877,0.9394,0.9397,5.00,0.20
2008.04.15 02:48:32.077,0.9394,0.9397,4.80,0.20
2008.04.15 02:48:32.333,0.9394,0.9397,2.40,2.50
2008.04.15 02:48:32.821,0.9394,0.9397,2.40,2.50
2008.04.15 02:48:33.075,0.93935,0.9397,0.80,4.90
2008.04.15 02:48:33.321,0.9394,0.9397,2.40,2.50
2008.04.15 02:48:33.565,0.9394,0.9397,3.20,2.50
2008.04.15 02:48:35.715,0.9394,0.9397,3.20,2.50
2008.04.15 02:48:35.915,0.93935,0.9397,0.80,4.90
2008.04.15 02:48:36.462,0.9393,0.9397,3.40,4.90
2008.04.15 02:48:37.392,0.9393,0.9397,3.40,4.90
2008.04.15 02:48:37.624,0.9394,0.9397,4.80,0.20
2008.04.15 02:48:37.853,0.9394,0.9397,2.40,0.20
2008.04.15 02:48:38.093,0.9394,0.9397,4.80,0.20
2008.04.15 02:48:38.369,0.9394,0.9397,3.20,2.50
2008.04.15 02:48:38.668,0.9393,0.9397,3.40,4.90
2008.04.15 02:48:38.918,0.9393,0.9397,3.40,4.90
2008.04.15 02:48:39.319,0.9393,0.9397,3.40,4.90
2008.04.15 02:48:39.540,0.9393,0.9397,4.80,5.70
2008.04.15 02:48:39.856,0.9393,0.9397,5.60,6.50
2008.04.15 02:48:40.292,0.9393,0.9397,5.60,6.80
2008.04.15 02:48:40.556,0.9393,0.9396,4.80,0.20
2008.04.15 02:48:41.171,0.9393,0.9396,4.80,0.20
2008.04.15 02:48:41.410,0.9393,0.9396,2.40,0.20
2008.04.15 02:48:41.726,0.9393,0.9396,2.40,0.20
2008.04.15 02:48:43.912,0.9393,0.9396,2.40,0.20
2008.04.15 02:48:44.420,0.9393,0.9396,2.40,0.20
2008.04.15 02:48:45.902,0.9393,0.9396,2.40,0.20
2008.04.15 02:48:46.294,0.9393,0.9396,3.20,2.50
2008.04.15 02:48:46.515,0.9393,0.9397,3.20,4.90
2008.04.15 02:48:49.571,0.9393,0.9397,3.20,4.90
2008.04.15 02:48:51.078,0.9393,0.9397,5.60,2.50
2008.04.15 02:48:51.292,0.9393,0.9397,5.60,2.50
2008.04.15 02:48:52.879,0.9393,0.9397,5.60,2.50
2008.04.15 02:48:53.053,0.9393,0.9396,4.80,0.20
2008.04.15 02:48:53.425,0.9393,0.9396,4.80,0.20
2008.04.15 02:48:53.622,0.9393,0.9396,3.20,0.20
2008.04.15 02:48:56.161,0.9393,0.9396,3.20,0.20
2008.04.15 02:48:56.375,0.9394,0.9396,2.40,0.20
2008.04.15 02:48:56.896,0.9393,0.9396,2.60,0.20
2008.04.15 02:48:58.894,0.9393,0.9396,2.60,0.20
2008.04.15 02:48:59.126,0.9393,0.9396,2.60,0.20
2008.04.15 02:48:59.416,0.9393,0.9396,2.60,0.20
2008.04.15 02:48:59.671,0.9393,0.9396,3.40,2.50
2008.04.15 02:49:09.571,0.9393,0.9396,3.40,2.50
2008.04.15 02:49:09.766,0.9393,0.9396,5.00,0.20
2008.04.15 02:49:10.332,0.9393,0.9396,5.00,0.20
2008.04.15 02:49:12.112,0.9393,0.9396,5.00,0.20
2008.04.15 02:49:12.469,0.9393,0.9396,3.40,2.50
2008.04.15 02:49:29.135,0.9393,0.9396,3.40,2.50
2008.04.15 02:49:29.351,0.9393,0.9396,5.00,0.20
2008.04.15 02:49:29.709,0.9393,0.9396,5.00,0.20
2008.04.15 02:49:30.579,0.9393,0.9396,5.00,0.20
2008.04.15 02:49:30.830,0.9393,0.9396,6.60,0.20
2008.04.15 02:49:36.162,0.9393,0.9396,4.20,2.50
2008.04.15 02:49:36.388,0.9393,0.9396,4.20,2.50
2008.04.15 02:49:36.584,0.9393,0.9396,5.00,2.50
2008.04.15 02:49:37.362,0.9393,0.9396,2.60,4.90
2008.04.15 02:49:37.616,0.9393,0.9396,0.80,4.90
2008.04.15 02:49:37.872,0.9392,0.9396,6.60,4.90
2008.04.15 02:49:38.321,0.9392,0.9396,6.60,4.90
2008.04.15 02:49:43.455,0.9392,0.9396,6.60,4.90
2008.04.15 02:49:43.868,0.9392,0.9396,6.60,4.90
2008.04.15 02:49:44.062,0.9393,0.9396,3.20,2.50
2008.04.15 02:49:44.257,0.9393,0.9396,3.20,2.50
2008.04.15 02:49:45.325,0.9393,0.9396,3.20,2.50
2008.04.15 02:49:45.586,0.9393,0.9395,2.40,0.20
2008.04.15 02:49:45.847,0.9393,0.9395,2.40,0.20
2008.04.15 02:49:47.372,0.9393,0.9395,2.40,0.20
2008.04.15 02:49:47.581,0.9393,0.9395,4.80,0.20
2008.04.15 02:49:48.073,0.9393,0.9395,2.40,0.20
2008.04.15 02:49:48.314,0.9392,0.9395,2.40,0.20
2008.04.15 02:49:48.555,0.9392,0.93955,2.40,0.80
2008.04.15 02:49:48.795,0.9392,0.9396,4.80,4.90
2008.04.15 02:49:49.110,0.9392,0.9396,4.80,4.90
2008.04.15 02:49:49.527,0.9392,0.9396,5.60,4.90
2008.04.15 02:49:52.767,0.9392,0.9396,3.20,4.90
2008.04.15 02:49:53.868,0.9392,0.9396,3.20,4.90
2008.04.15 02:49:54.083,0.9393,0.9396,2.40,2.50
2008.04.15 02:49:54.308,0.9393,0.9396,2.40,2.50
2008.04.15 02:49:54.568,0.9392,0.9396,5.60,4.90
2008.04.15 02:49:54.828,0.9392,0.9396,5.60,4.90
2008.04.15 02:50:04.096,0.9392,0.9396,5.60,4.90
2008.04.15 02:50:04.316,0.9392,0.9396,3.20,4.90
2008.04.15 02:50:04.674,0.9392,0.9396,3.20,4.90
2008.04.15 02:50:04.924,0.93915,0.9395,0.80,2.40
2008.04.15 02:50:05.182,0.9391,0.93955,5.80,0.80
2008.04.15 02:50:05.433,0.9391,0.9396,5.80,2.50
2008.04.15 02:50:05.702,0.9391,0.9396,5.80,2.50
2008.04.15 02:50:08.121,0.9392,0.9396,2.40,2.50
2008.04.15 02:50:08.341,0.9392,0.9396,2.40,4.90
2008.04.15 02:50:08.560,0.9392,0.9396,2.40,4.90
2008.04.15 02:50:08.780,0.9392,0.9396,2.40,4.90
2008.04.15 02:50:09.045,0.9392,0.9396,3.20,4.90
2008.04.15 02:50:12.067,0.9392,0.9396,5.60,5.70
2008.04.15 02:50:12.286,0.9392,0.9396,5.60,6.50
2008.04.15 02:50:13.039,0.9392,0.9396,5.60,6.50
2008.04.15 02:50:18.497,0.9392,0.93955,5.20,0.30
2008.04.15 02:50:18.698,0.9391,0.9394,5.60,0.90
2008.04.15 02:50:18.899,0.9391,0.9394,4.80,1.70
2008.04.15 02:50:19.185,0.9392,0.9395,2.40,2.40
2008.04.15 02:50:19.470,0.9392,0.9395,2.40,2.40
2008.04.15 02:50:20.962,0.9392,0.9395,2.40,2.40
2008.04.15 02:50:21.161,0.9391,0.9395,2.80,4.80
2008.04.15 02:50:21.465,0.9391,0.9395,2.80,4.80
2008.04.15 02:50:21.665,0.9392,0.9396,5.20,6.50
2008.04.15 02:50:21.865,0.9392,0.9396,5.20,6.50
2008.04.15 02:50:22.169,0.9392,0.9395,2.40,2.50
2008.04.15 02:50:22.477,0.9392,0.9395,2.40,2.50
2008.04.15 02:50:22.781,0.9392,0.9396,4.80,6.50
2008.04.15 02:50:23.403,0.9392,0.9396,4.80,6.50
2008.04.15 02:50:25.749,0.9392,0.9396,5.20,6.50
2008.04.15 02:50:25.990,0.9392,0.9396,5.20,6.50
2008.04.15 02:50:31.020,0.9392,0.9396,4.80,6.50
2008.04.15 02:50:35.511,0.9392,0.9396,4.80,6.50
2008.04.15 02:50:35.731,0.9392,0.9395,2.40,2.40
2008.04.15 02:50:58.983,0.9392,0.9395,2.40,2.40
2008.04.15 02:50:59.192,0.9391,0.9395,4.20,4.80
2008.04.15 02:50:59.433,0.9391,0.9395,4.20,4.80
2008.04.15 02:51:02.561,0.9391,0.9395,4.20,5.60
2008.04.15 02:51:06.566,0.9391,0.9395,4.20,5.60
2008.04.15 02:51:06.787,0.93915,0.9395,0.80,5.60
2008.04.15 02:51:07.007,0.9392,0.9395,2.40,2.40
2008.04.15 02:51:07.246,0.9392,0.9395,2.40,2.40
2008.04.15 02:51:07.689,0.9392,0.9395,2.40,2.40
2008.04.15 02:51:09.417,0.9392,0.9395,2.40,2.40
2008.04.15 02:51:09.641,0.9391,0.9395,4.20,5.60
2008.04.15 02:51:10.412,0.9391,0.9395,4.20,5.60
2008.04.15 02:51:11.830,0.9391,0.9395,4.20,5.60
2008.04.15 02:51:12.089,0.9391,0.9395,4.20,5.60
2008.04.15 02:51:12.330,0.9391,0.9395,7.40,4.90
2008.04.15 02:51:12.642,0.9391,0.9395,7.40,4.90
2008.04.15 02:51:12.908,0.9391,0.9395,5.00,4.80
2008.04.15 02:51:13.174,0.9392,0.93955,5.80,0.80
2008.04.15 02:51:13.388,0.9392,0.93955,6.60,0.80
2008.04.15 02:51:13.603,0.9392,0.93955,6.60,0.80
2008.04.15 02:51:14.262,0.9392,0.93955,6.60,0.80
2008.04.15 02:51:14.556,0.9392,0.9395,4.20,2.40
2008.04.15 02:51:14.851,0.9392,0.9395,4.20,2.40
2008.04.15 02:51:16.502,0.9392,0.9395,4.20,2.40
2008.04.15 02:51:16.756,0.9392,0.93955,6.60,0.80
2008.04.15 02:51:16.961,0.9392,0.93955,6.60,0.80
2008.04.15 02:51:17.190,0.9393,0.9396,4.20,2.40
2008.04.15 02:51:18.678,0.9393,0.9397,5.20,5.60
2008.04.15 02:51:18.742,0.9394,0.9399,3.20,5.60
2008.04.15 02:51:20.084,0.9394,0.9399,6.40,3.20
2008.04.15 02:51:20.533,0.9394,0.9399,6.40,3.20
2008.04.15 02:51:20.653,0.9394,0.9399,6.60,3.20
2008.04.15 02:51:21.043,0.9394,0.93985,6.60,0.30
2008.04.15 02:51:21.164,0.9394,0.9397,4.20,2.40
2008.04.15 02:51:21.499,0.9394,0.9397,4.00,3.20
2008.04.15 02:51:21.989,0.9394,0.9397,1.60,5.60
2008.04.15 02:51:22.323,0.9393,0.9397,2.40,4.80
2008.04.15 02:51:22.579,0.9393,0.9397,2.40,5.60
2008.04.15 02:51:22.779,0.9393,0.9397,2.40,5.60
2008.04.15 02:51:24.100,0.9393,0.9397,2.40,5.60
2008.04.15 02:51:24.386,0.9393,0.9397,4.80,4.90
2008.04.15 02:51:25.033,0.9393,0.9397,4.80,4.90
2008.04.15 02:51:26.098,0.9393,0.9397,4.80,4.90
2008.04.15 02:51:26.373,0.9393,0.9396,2.40,2.40
2008.04.15 02:51:26.649,0.9393,0.9395,2.40,2.40
2008.04.15 02:51:26.839,0.9392,0.9395,2.40,2.40
2008.04.15 02:51:27.066,0.9392,0.9395,2.40,2.40
2008.04.15 02:51:27.256,0.9391,0.9396,5.00,3.20
2008.04.15 02:51:27.561,0.9391,0.9396,6.80,3.20
2008.04.15 02:51:27.919,0.9391,0.9396,6.80,3.20
2008.04.15 02:51:28.243,0.9391,0.9396,6.80,3.20
2008.04.15 02:51:29.873,0.9391,0.9396,6.80,3.20
2008.04.15 02:51:30.083,0.9391,0.9395,4.20,5.60
2008.04.15 02:51:30.294,0.93925,0.9396,0.80,4.90
2008.04.15 02:51:30.703,0.93925,0.9396,0.80,4.90
2008.04.15 02:51:31.209,0.93925,0.9395,0.80,2.40
2008.04.15 02:51:31.727,0.93925,0.9395,0.80,2.40
2008.04.15 02:51:32.260,0.93925,0.9395,0.80,2.40
2008.04.15 02:51:35.671,0.93925,0.9395,0.80,2.40
2008.04.15 02:51:36.899,0.93925,0.9395,0.80,2.40
2008.04.15 02:51:38.068,0.93925,0.9395,0.80,2.40
2008.04.15 02:51:38.300,0.9391,0.9395,4.20,4.80
2008.04.15 02:51:38.531,0.93915,0.9395,0.80,4.80
2008.04.15 02:51:38.896,0.93915,0.9395,0.80,5.60
2008.04.15 02:51:39.562,0.93915,0.9395,0.80,5.60
2008.04.15 02:51:39.781,0.93915,0.9395,0.80,3.20
2008.04.15 02:51:40.208,0.9391,0.9395,2.40,3.20
2008.04.15 02:51:41.602,0.93905,0.9395,1.10,3.20
2008.04.15 02:51:41.787,0.9392,0.9395,2.40,2.40
2008.04.15 02:51:42.290,0.93915,0.9395,0.80,2.40
2008.04.15 02:51:42.878,0.93915,0.9395,0.80,2.40
2008.04.15 02:51:43.186,0.9392,0.9396,2.40,6.50
2008.04.15 02:51:43.981,0.9392,0.9396,2.40,6.50
2008.04.15 02:51:46.125,0.93915,0.9396,0.80,6.50
2008.04.15 02:51:46.311,0.93915,0.9395,0.80,2.40
2008.04.15 02:51:48.914,0.93915,0.9395,0.80,2.40
2008.04.15 02:51:49.421,0.93915,0.9395,0.80,2.40
2008.04.15 02:51:49.940,0.93915,0.9395,0.80,2.40
2008.04.15 02:51:50.962,0.93915,0.9395,0.80,2.40
2008.04.15 02:51:51.203,0.93915,0.9394,0.80,2.40
2008.04.15 02:51:51.444,0.93915,0.9394,0.80,3.20
2008.04.15 02:51:51.684,0.939,0.9394,4.00,3.20
2008.04.15 02:51:51.926,0.939,0.9394,4.00,2.40
2008.04.15 02:51:52.187,0.939,0.9394,4.00,3.20
2008.04.15 02:51:52.707,0.939,0.9394,4.00,3.20
2008.04.15 02:51:52.969,0.939,0.9394,4.00,3.20
2008.04.15 02:51:53.224,0.939,0.9394,4.00,3.20
2008.04.15 02:51:53.848,0.939,0.9394,4.00,3.20
2008.04.15 02:51:54.199,0.939,0.9394,4.00,3.20
2008.04.15 02:52:00.580,0.939,0.9394,4.00,3.20
2008.04.15 02:52:00.804,0.9391,0.9394,2.40,2.40
2008.04.15 02:52:01.356,0.9391,0.9394,2.40,2.40
2008.04.15 02:52:03.467,0.9391,0.9394,2.40,2.40
2008.04.15 02:52:04.629,0.9391,0.9394,2.40,2.40
2008.04.15 02:52:12.088,0.9391,0.9394,2.40,2.40
2008.04.15 02:52:12.325,0.9391,0.9395,6.60,4.90
2008.04.15 02:52:12.560,0.93915,0.9395,0.80,4.90
2008.04.15 02:52:12.795,0.93915,0.9395,0.80,5.70
2008.04.15 02:52:13.055,0.9391,0.9394,2.60,2.40
2008.04.15 02:52:16.198,0.9391,0.9394,0.30,2.40
2008.04.15 02:52:16.659,0.9391,0.9394,0.30,2.40
2008.04.15 02:52:16.836,0.9391,0.9395,5.80,4.90
2008.04.15 02:52:17.032,0.93915,0.9395,0.80,4.90
2008.04.15 02:52:17.231,0.93915,0.9395,0.80,4.90
2008.04.15 02:52:17.582,0.9391,0.9394,2.60,2.40
2008.04.15 02:52:18.273,0.9391,0.9394,0.30,2.40
2008.04.15 02:52:18.638,0.9391,0.9394,0.30,2.40
2008.04.15 02:52:18.839,0.93905,0.9394,0.80,2.40
2008.04.15 02:52:19.039,0.93905,0.9394,0.80,3.20
2008.04.15 02:52:19.461,0.93905,0.9394,0.80,3.20
2008.04.15 02:52:21.664,0.93905,0.9394,0.80,3.20
2008.04.15 02:52:21.884,0.9391,0.9394,2.40,3.20
2008.04.15 02:52:22.363,0.9391,0.9394,2.40,3.20
2008.04.15 02:52:22.618,0.93905,0.9394,0.80,3.20
2008.04.15 02:52:22.884,0.9391,0.9395,2.60,4.90
2008.04.15 02:52:23.321,0.9391,0.9395,2.60,4.90
2008.04.15 02:52:23.882,0.9391,0.9395,2.60,4.90
2008.04.15 02:52:24.112,0.9391,0.9395,2.60,5.70
2008.04.15 02:52:24.437,0.9391,0.9395,2.60,5.70
2008.04.15 02:52:33.242,0.9391,0.9395,2.60,5.70
2008.04.15 02:52:33.464,0.9391,0.9394,0.30,2.40
2008.04.15 02:52:35.228,0.9391,0.9394,0.30,2.40
2008.04.15 02:52:35.409,0.9392,0.9395,2.60,2.50
2008.04.15 02:52:35.616,0.9392,0.9395,2.60,2.50
2008.04.15 02:52:35.795,0.93915,0.9395,0.80,4.90
2008.04.15 02:52:36.086,0.9391,0.9395,2.60,5.70
2008.04.15 02:52:40.726,0.9391,0.9395,2.60,5.70
2008.04.15 02:52:40.920,0.93905,0.9395,0.80,5.70
2008.04.15 02:52:41.175,0.939,0.9395,2.40,5.70
2008.04.15 02:52:41.430,0.93895,0.9395,0.80,5.70
2008.04.15 02:52:43.759,0.9391,0.9395,0.30,5.70
2008.04.15 02:52:43.980,0.9391,0.9395,2.60,5.70
2008.04.15 02:52:44.199,0.9391,0.9395,2.60,5.70
2008.04.15 02:52:44.440,0.9391,0.9395,2.60,4.90
2008.04.15 02:52:44.694,0.9391,0.9395,2.60,4.90
2008.04.15 02:52:46.724,0.9391,0.9395,2.60,4.90
2008.04.15 02:52:46.915,0.9391,0.9394,0.30,2.40
2008.04.15 02:52:47.154,0.9391,0.9394,0.30,2.40
2008.04.15 02:52:47.394,0.9391,0.9395,2.60,5.70
2008.04.15 02:52:47.635,0.9391,0.9395,2.60,4.90
2008.04.15 02:52:48.093,0.9391,0.9395,2.60,4.90
2008.04.15 02:52:50.877,0.9391,0.9395,2.60,4.90
2008.04.15 02:52:51.113,0.9391,0.9395,5.00,4.90
2008.04.15 02:52:51.362,0.9391,0.9395,5.00,4.90
2008.04.15 02:52:52.744,0.9391,0.9395,5.00,4.90
2008.04.15 02:52:53.006,0.9391,0.9394,2.60,2.50
2008.04.15 02:52:53.216,0.9391,0.9394,2.60,2.50
2008.04.15 02:52:53.427,0.9391,0.9394,2.60,2.50
2008.04.15 02:52:53.636,0.9391,0.9394,2.60,2.50
2008.04.15 02:52:54.231,0.9391,0.9394,2.60,2.50
2008.04.15 02:52:54.519,0.9391,0.9394,2.60,2.40
2008.04.15 02:52:54.824,0.9391,0.9395,2.60,5.70
2008.04.15 02:52:55.092,0.9391,0.9395,5.00,4.90
2008.04.15 02:52:56.201,0.9391,0.9395,5.00,5.70
2008.04.15 02:52:56.444,0.9391,0.9395,5.00,5.70
2008.04.15 02:52:57.723,0.9391,0.9395,5.00,5.70
2008.04.15 02:52:57.953,0.9391,0.9395,6.60,4.90
2008.04.15 02:52:58.252,0.9391,0.9395,6.60,4.90
2008.04.15 02:52:58.493,0.9391,0.9395,6.60,4.90
2008.04.15 02:52:59.155,0.9391,0.9395,6.60,4.90
2008.04.15 02:53:00.231,0.9391,0.9395,6.60,5.20
2008.04.15 02:53:00.463,0.9391,0.9394,4.20,2.50
2008.04.15 02:53:01.092,0.9391,0.9394,4.20,2.50
2008.04.15 02:53:01.337,0.9391,0.9394,6.60,0.20
2008.04.15 02:53:01.585,0.9391,0.9395,6.60,6.50
2008.04.15 02:53:02.065,0.9391,0.9395,6.60,6.50
2008.04.15 02:53:02.310,0.9391,0.9395,6.60,6.50
2008.04.15 02:53:04.255,0.9391,0.9395,6.60,6.50
2008.04.15 02:53:04.485,0.93915,0.9395,0.80,6.50
2008.04.15 02:53:05.556,0.93915,0.9395,0.80,6.50
2008.04.15 02:53:08.813,0.93915,0.9395,0.80,6.50
2008.04.15 02:53:09.039,0.93915,0.9394,0.80,2.40
2008.04.15 02:53:09.265,0.93915,0.9394,0.80,2.40
2008.04.15 02:53:09.512,0.93915,0.9395,0.80,4.90
2008.04.15 02:53:09.808,0.93915,0.9395,0.80,4.90
2008.04.15 02:53:10.024,0.93915,0.9394,0.80,2.40
2008.04.15 02:53:10.277,0.93915,0.9394,0.80,2.40
2008.04.15 02:53:10.506,0.93915,0.9394,0.80,2.40
2008.04.15 02:53:10.770,0.93915,0.9394,0.80,2.40
2008.04.15 02:53:11.731,0.93915,0.9394,0.80,2.40
2008.04.15 02:53:11.953,0.93915,0.9394,0.80,2.40
2008.04.15 02:53:12.937,0.93915,0.9394,0.80,2.40
2008.04.15 02:53:18.598,0.93915,0.9394,0.80,2.40
2008.04.15 02:53:20.006,0.93915,0.9394,0.80,2.40
2008.04.15 02:53:22.178,0.93915,0.9394,0.80,2.40
2008.04.15 02:53:33.325,0.93915,0.9394,0.80,2.40
2008.04.15 02:53:33.566,0.9392,0.9395,1.80,5.60
2008.04.15 02:53:33.781,0.9392,0.9395,4.20,2.40
2008.04.15 02:53:33.996,0.9393,0.9397,2.40,5.60
2008.04.15 02:53:34.210,0.9393,0.9397,2.40,5.60
2008.04.15 02:53:35.608,0.9393,0.9397,2.40,5.60
2008.04.15 02:53:38.922,0.9393,0.9397,2.40,5.60
2008.04.15 02:53:39.167,0.9393,0.9398,5.00,3.30
2008.04.15 02:53:39.411,0.9393,0.9397,5.00,2.40
2008.04.15 02:53:39.656,0.9394,0.9398,4.80,4.90
2008.04.15 02:53:39.910,0.9394,0.9397,4.80,0.80
2008.04.15 02:53:40.188,0.9394,0.9397,2.40,3.20
2008.04.15 02:53:40.521,0.93935,0.9397,0.80,5.60
2008.04.15 02:53:40.784,0.93935,0.9397,0.80,5.60
2008.04.15 02:53:41.295,0.9393,0.9396,2.60,0.30
2008.04.15 02:53:41.539,0.93915,0.9395,0.80,4.80
2008.04.15 02:53:41.778,0.9391,0.9395,2.80,4.80
2008.04.15 02:53:42.028,0.9391,0.9395,2.60,4.80
2008.04.15 02:53:42.843,0.9391,0.9395,2.60,4.80
2008.04.15 02:53:43.069,0.9391,0.9396,6.00,3.30
2008.04.15 02:53:43.293,0.9391,0.9396,6.80,3.30
2008.04.15 02:53:43.525,0.9392,0.9397,4.20,5.80
2008.04.15 02:53:43.750,0.93925,0.9397,0.30,3.20
2008.04.15 02:53:44.832,0.9392,0.9397,6.60,3.20
2008.04.15 02:53:47.323,0.9392,0.9397,6.60,3.20
2008.04.15 02:53:47.550,0.9393,0.9397,2.40,5.60
2008.04.15 02:53:47.794,0.9393,0.9397,2.60,2.40
2008.04.15 02:53:48.049,0.9394,0.9398,2.40,4.80
2008.04.15 02:53:48.331,0.9394,0.9398,3.20,4.80
2008.04.15 02:53:48.610,0.9394,0.9398,2.40,5.60
2008.04.15 02:53:48.841,0.93935,0.9398,0.80,3.20
2008.04.15 02:53:49.097,0.9393,0.9397,5.00,2.40
2008.04.15 02:53:49.331,0.9393,0.9397,2.60,5.60
2008.04.15 02:53:49.643,0.9393,0.9397,2.60,5.60
2008.04.15 02:53:49.879,0.9393,0.9397,2.60,5.60
2008.04.15 02:53:50.214,0.9393,0.9397,2.60,5.60
2008.04.15 02:53:50.444,0.9393,0.9397,0.30,5.60
2008.04.15 02:53:50.675,0.9392,0.9397,5.00,3.20
2008.04.15 02:53:51.410,0.9392,0.9397,5.00,3.20
2008.04.15 02:53:51.664,0.9393,0.9397,2.40,5.60
2008.04.15 02:53:51.919,0.9393,0.9397,2.40,5.60
2008.04.15 02:53:52.150,0.93925,0.9397,0.80,3.20
2008.04.15 02:53:52.391,0.93925,0.9397,0.80,3.20
2008.04.15 02:53:52.625,0.93925,0.9397,0.80,5.80
2008.04.15 02:53:52.870,0.9392,0.9397,1.60,5.80
2008.04.15 02:53:54.855,0.9392,0.9397,1.60,5.80
2008.04.15 02:53:55.051,0.9393,0.9397,2.40,5.60
2008.04.15 02:53:55.443,0.9393,0.9397,2.40,5.60
2008.04.15 02:53:55.701,0.9393,0.9397,2.40,3.20
2008.04.15 02:53:56.074,0.9393,0.9397,2.40,3.20
2008.04.15 02:53:56.319,0.9393,0.9397,2.40,3.20
2008.04.15 02:53:56.630,0.9393,0.9397,2.40,3.20
2008.04.15 02:53:56.876,0.9392,0.9397,4.20,5.60
2008.04.15 02:53:57.121,0.9392,0.9396,4.20,3.20
2008.04.15 02:53:57.408,0.9392,0.9396,4.20,3.20
2008.04.15 02:53:57.720,0.9392,0.9396,4.20,3.20
2008.04.15 02:53:58.645,0.9392,0.9396,4.20,3.20
2008.04.15 02:53:58.875,0.9392,0.9397,4.20,5.70
2008.04.15 02:53:59.169,0.9392,0.9397,4.20,5.70
2008.04.15 02:54:00.640,0.9392,0.9397,4.20,5.70
2008.04.15 02:54:00.972,0.9392,0.9397,4.20,5.70
2008.04.15 02:54:01.222,0.9393,0.9397,2.40,3.30
2008.04.15 02:54:01.447,0.9393,0.9397,2.40,5.60
2008.04.15 02:54:02.373,0.9393,0.9397,2.40,5.60
2008.04.15 02:54:02.600,0.9392,0.9397,5.00,3.20
2008.04.15 02:54:03.176,0.9392,0.9397,4.80,3.20
2008.04.15 02:54:03.432,0.93915,0.9397,0.80,5.60
2008.04.15 02:54:03.730,0.93915,0.9396,0.80,2.40
2008.04.15 02:54:04.020,0.93915,0.9396,0.80,3.20
2008.04.15 02:54:06.422,0.93915,0.9396,0.80,3.20
2008.04.15 02:54:06.649,0.9392,0.9396,2.40,5.60
2008.04.15 02:54:07.079,0.9392,0.9396,2.40,5.60
2008.04.15 02:54:10.557,0.9392,0.9396,2.40,5.60
2008.04.15 02:54:10.867,0.9392,0.9396,2.40,5.60
2008.04.15 02:54:13.014,0.9392,0.9396,2.40,5.60
2008.04.15 02:54:13.288,0.9392,0.9396,2.40,5.60
2008.04.15 02:54:17.391,0.9392,0.9396,2.40,4.80
2008.04.15 02:54:17.586,0.9392,0.9396,2.40,4.80
2008.04.15 02:54:17.917,0.9392,0.9396,2.40,4.80
2008.04.15 02:54:18.178,0.9392,0.9397,5.00,4.90
2008.04.15 02:54:20.676,0.9392,0.9397,5.80,4.10
2008.04.15 02:54:21.085,0.9392,0.9397,3.40,6.50
2008.04.15 02:54:26.455,0.9392,0.9397,3.40,6.50
2008.04.15 02:54:26.709,0.9392,0.9397,5.00,4.90
2008.04.15 02:54:26.963,0.9392,0.9397,2.60,5.20
2008.04.15 02:54:27.229,0.93915,0.9397,1.00,6.00
2008.04.15 02:54:28.068,0.93915,0.9397,1.00,6.00
2008.04.15 02:54:30.897,0.93915,0.9397,1.00,7.40
2008.04.15 02:54:35.430,0.93915,0.93965,1.00,0.30
2008.04.15 02:54:35.665,0.93915,0.9396,1.00,2.40
2008.04.15 02:54:35.901,0.93915,0.9396,0.30,2.40
2008.04.15 02:54:36.456,0.93915,0.9396,0.30,2.40
2008.04.15 02:54:36.708,0.9392,0.9396,2.40,4.80
2008.04.15 02:54:36.959,0.93915,0.9396,0.30,2.40
2008.04.15 02:54:37.438,0.93915,0.9396,0.30,2.40
2008.04.15 02:54:38.710,0.93915,0.9396,0.30,2.40
2008.04.15 02:54:38.929,0.93915,0.9396,0.30,3.20
2008.04.15 02:54:41.987,0.93915,0.9396,0.30,3.20
2008.04.15 02:54:42.167,0.9392,0.9396,2.60,5.60
2008.04.15 02:54:44.136,0.9392,0.9395,0.30,2.40
2008.04.15 02:54:44.327,0.9392,0.9395,0.30,2.40
2008.04.15 02:54:44.521,0.9392,0.9395,0.30,2.40
2008.04.15 02:54:44.711,0.9392,0.9395,0.30,3.20
2008.04.15 02:54:45.097,0.9392,0.9395,0.30,2.40
2008.04.15 02:54:45.870,0.9392,0.9396,2.60,5.70
2008.04.15 02:54:46.144,0.9392,0.9396,2.60,5.70
2008.04.15 02:54:48.625,0.9392,0.9396,2.60,5.70
2008.04.15 02:54:48.826,0.9392,0.9396,2.60,5.60
2008.04.15 02:54:49.025,0.9393,0.9396,2.40,2.40
2008.04.15 02:54:51.016,0.9393,0.9396,2.40,2.40
2008.04.15 02:54:53.574,0.9393,0.9396,2.40,2.40
2008.04.15 02:54:54.598,0.9393,0.9396,2.40,2.40
2008.04.15 02:55:01.818,0.9393,0.9396,2.40,2.40
2008.04.15 02:55:02.013,0.9393,0.9396,2.40,3.20
2008.04.15 02:55:02.217,0.9392,0.9396,2.60,5.60
2008.04.15 02:55:09.890,0.9392,0.9396,2.60,5.60
2008.04.15 02:55:10.132,0.9392,0.9395,0.30,2.40
2008.04.15 02:55:10.390,0.9392,0.9395,0.30,3.20
2008.04.15 02:55:10.703,0.9392,0.9395,0.30,2.40
2008.04.15 02:55:10.932,0.9392,0.9395,0.30,2.40
2008.04.15 02:55:15.141,0.9392,0.9395,0.30,2.40
2008.04.15 02:55:15.450,0.9392,0.9395,0.30,2.40
2008.04.15 02:55:28.033,0.9392,0.9395,0.30,2.40
2008.04.15 02:55:28.280,0.9391,0.9395,6.60,3.20
2008.04.15 02:55:28.972,0.9391,0.9395,6.60,3.20
2008.04.15 02:55:30.826,0.9391,0.9395,6.60,3.20
2008.04.15 02:55:31.049,0.9391,0.9396,6.80,3.30
2008.04.15 02:55:31.284,0.93915,0.9395,0.80,2.40
2008.04.15 02:55:31.520,0.93915,0.9395,0.80,3.20
2008.04.15 02:55:31.976,0.93915,0.9395,0.80,3.20
2008.04.15 02:55:32.302,0.93915,0.9395,0.80,3.20
2008.04.15 02:55:32.531,0.93915,0.9396,0.80,3.30
2008.04.15 02:55:32.889,0.93915,0.9396,0.80,3.30
2008.04.15 02:55:33.101,0.93915,0.9395,0.80,3.20
2008.04.15 02:55:33.336,0.93915,0.9395,0.80,3.20
2008.04.15 02:55:33.571,0.93915,0.9396,0.80,3.60
2008.04.15 02:55:33.806,0.93915,0.9396,0.80,3.30
2008.04.15 02:55:34.197,0.93915,0.9396,0.80,3.30
2008.04.15 02:55:36.628,0.93915,0.9396,0.80,3.30
2008.04.15 02:55:36.843,0.9392,0.9396,2.40,5.60
2008.04.15 02:55:40.122,0.9392,0.9396,2.40,5.60
2008.04.15 02:55:40.184,0.93915,0.9396,0.80,5.60
2008.04.15 02:55:40.302,0.93915,0.9396,0.80,5.60
2008.04.15 02:55:40.393,0.93915,0.9396,0.80,3.40
2008.04.15 02:55:40.452,0.93915,0.9396,0.80,3.40
2008.04.15 02:55:40.513,0.93915,0.9395,0.80,2.40
2008.04.15 02:55:40.595,0.93915,0.9395,0.80,3.20
2008.04.15 02:55:40.655,0.93915,0.9395,0.80,2.40
2008.04.15 02:55:40.917,0.93915,0.9395,0.80,2.40
2008.04.15 02:55:41.248,0.93915,0.9395,0.80,3.20
2008.04.15 02:55:44.385,0.93915,0.9395,0.80,3.20
2008.04.15 02:55:44.564,0.93915,0.9395,0.80,2.40
2008.04.15 02:55:44.745,0.93915,0.9395,0.80,3.20
2008.04.15 02:55:44.972,0.93915,0.9395,0.80,3.20
2008.04.15 02:55:45.266,0.9391,0.9395,5.00,3.20
2008.04.15 02:55:48.396,0.9391,0.9395,5.00,3.20
2008.04.15 02:55:48.636,0.9391,0.9396,5.80,3.30
2008.04.15 02:55:48.876,0.9392,0.9396,2.40,5.70
2008.04.15 02:55:49.115,0.9392,0.9396,2.40,5.70
2008.04.15 02:55:49.378,0.9392,0.9396,2.40,5.60
2008.04.15 02:55:49.905,0.9392,0.9396,2.40,5.60
2008.04.15 02:55:50.136,0.9392,0.9396,2.40,5.60
2008.04.15 02:55:50.379,0.9393,0.9396,2.40,2.40
2008.04.15 02:55:51.183,0.9393,0.9396,2.40,2.40
2008.04.15 02:55:51.592,0.9393,0.9396,2.40,2.40
2008.04.15 02:55:51.856,0.9392,0.9396,4.20,5.60
2008.04.15 02:55:55.093,0.9392,0.9396,4.20,5.60
2008.04.15 02:55:55.325,0.9393,0.9396,2.40,2.40
2008.04.15 02:55:55.557,0.93925,0.9396,0.80,5.60
2008.04.15 02:55:55.801,0.9392,0.9396,2.60,5.60
2008.04.15 02:55:56.361,0.9392,0.9396,2.60,5.60
2008.04.15 02:56:01.200,0.9392,0.9396,2.60,5.60
2008.04.15 02:56:01.379,0.9392,0.9396,2.60,4.80
2008.04.15 02:56:01.730,0.9392,0.9396,2.60,4.80
2008.04.15 02:56:01.974,0.9392,0.9396,2.60,4.80
2008.04.15 02:56:02.219,0.9393,0.9396,2.40,2.40
2008.04.15 02:56:02.725,0.9393,0.9396,2.40,2.40
2008.04.15 02:56:03.676,0.9393,0.93965,4.80,0.80
2008.04.15 02:56:03.881,0.9393,0.93965,5.60,0.80
2008.04.15 02:56:05.584,0.9393,0.93965,5.60,0.80
2008.04.15 02:56:15.320,0.9393,0.93965,5.60,0.80
2008.04.15 02:56:17.678,0.9393,0.93965,3.20,0.80
2008.04.15 02:56:17.866,0.9392,0.9396,5.00,4.80
2008.04.15 02:56:20.666,0.9392,0.9396,5.00,4.80
2008.04.15 02:56:20.870,0.9393,0.93965,5.60,0.80
2008.04.15 02:56:24.799,0.9393,0.93965,5.60,0.80
2008.04.15 02:56:28.424,0.9393,0.9396,3.20,2.40
2008.04.15 02:56:29.276,0.9393,0.9396,3.20,2.40
2008.04.15 02:56:31.979,0.9393,0.9396,3.20,2.40
2008.04.15 02:56:33.698,0.9393,0.9396,3.20,2.40
2008.04.15 02:56:33.948,0.9393,0.9396,2.40,2.40
2008.04.15 02:56:34.704,0.9392,0.9396,5.00,4.80
2008.04.15 02:56:46.681,0.9392,0.9396,5.70,4.80
2008.04.15 02:56:46.924,0.9393,0.9397,5.60,5.70
2008.04.15 02:56:47.146,0.9393,0.9397,5.60,6.50
2008.04.15 02:56:47.366,0.9392,0.9396,4.90,4.80
2008.04.15 02:57:12.111,0.9392,0.9396,4.90,4.80
2008.04.15 02:57:15.595,0.9392,0.9396,4.90,4.80
2008.04.15 02:57:23.126,0.9392,0.9396,4.90,4.80
2008.04.15 02:57:23.345,0.9393,0.9396,0.80,2.40
2008.04.15 02:57:23.593,0.9393,0.9397,3.20,4.10
2008.04.15 02:57:23.786,0.9393,0.9397,3.20,4.10
2008.04.15 02:57:24.007,0.9393,0.9397,2.40,4.10
2008.04.15 02:57:24.227,0.9393,0.9397,2.40,4.10
2008.04.15 02:57:24.639,0.9393,0.9397,2.40,4.10
2008.04.15 02:57:27.336,0.9393,0.9397,2.60,4.10
2008.04.15 02:57:31.231,0.9393,0.9397,2.60,4.10
2008.04.15 02:57:31.281,0.9393,0.9397,2.60,4.90
2008.04.15 02:57:31.734,0.9393,0.9397,2.60,4.90
2008.04.15 02:57:32.069,0.9392,0.9397,6.60,4.90
2008.04.15 02:57:38.022,0.9392,0.9397,6.60,4.90
2008.04.15 02:57:48.009,0.9392,0.9397,5.80,4.90
2008.04.15 02:57:48.224,0.9392,0.9397,5.00,4.90
2008.04.15 02:58:00.978,0.9392,0.9397,5.00,4.90
2008.04.15 02:58:14.341,0.9392,0.9397,5.00,4.90
2008.04.15 02:58:14.572,0.9393,0.9397,2.60,7.30
2008.04.15 02:58:15.039,0.9393,0.9397,2.60,4.90
2008.04.15 02:58:15.269,0.9393,0.9397,2.60,4.90
2008.04.15 02:58:23.940,0.9393,0.9397,2.60,4.90
2008.04.15 02:58:24.159,0.9393,0.9397,2.60,4.10
2008.04.15 02:58:24.473,0.9393,0.9397,2.60,4.10
2008.04.15 02:58:24.683,0.9393,0.9397,2.60,4.90
2008.04.15 02:58:37.925,0.9393,0.9397,2.60,4.90
2008.04.15 02:58:38.161,0.9393,0.9397,2.60,7.30
2008.04.15 02:58:41.441,0.9393,0.9397,0.30,7.30
2008.04.15 02:58:41.681,0.9392,0.9397,6.60,4.90
2008.04.15 02:58:45.415,0.9392,0.9397,6.60,4.90
2008.04.15 02:58:45.640,0.9393,0.9397,2.60,4.90
2008.04.15 02:58:45.981,0.9393,0.9397,2.60,7.30
2008.04.15 02:58:46.216,0.9393,0.9397,2.60,4.90
2008.04.15 02:58:50.587,0.9393,0.9396,2.60,2.40
2008.04.15 02:58:50.807,0.9393,0.9396,2.60,2.40
2008.04.15 02:58:51.026,0.9393,0.9396,0.30,2.40
2008.04.15 02:58:51.256,0.9393,0.9396,0.30,4.80
2008.04.15 02:58:51.534,0.9393,0.9396,0.30,4.90
2008.04.15 02:58:51.792,0.9393,0.9396,2.60,2.50
2008.04.15 02:58:55.853,0.9393,0.9396,2.60,2.50
2008.04.15 02:59:07.932,0.9393,0.9396,2.60,2.50
2008.04.15 02:59:08.167,0.9392,0.9395,4.80,0.80
2008.04.15 02:59:08.423,0.9392,0.9395,4.00,3.20
2008.04.15 02:59:08.659,0.9392,0.9395,2.40,3.20
2008.04.15 02:59:09.670,0.9392,0.9395,2.40,3.20
2008.04.15 02:59:31.221,0.9392,0.9395,2.40,3.20
2008.04.15 02:59:31.436,0.9392,0.9395,2.40,3.20
2008.04.15 02:59:33.557,0.9392,0.9395,2.40,3.20
2008.04.15 02:59:33.778,0.9392,0.9396,6.60,6.50
2008.04.15 02:59:33.997,0.9392,0.9396,6.60,6.50
2008.04.15 02:59:34.772,0.9392,0.9396,6.60,6.50
2008.04.15 02:59:36.033,0.9392,0.9396,6.60,6.50
2008.04.15 02:59:36.206,0.9392,0.9395,2.60,3.20
2008.04.15 02:59:36.430,0.9392,0.9395,2.60,3.20
2008.04.15 02:59:37.393,0.9392,0.9395,2.60,3.20
2008.04.15 02:59:39.143,0.9392,0.9395,2.60,3.20
2008.04.15 02:59:39.374,0.9392,0.9396,2.60,7.30
2008.04.15 02:59:39.688,0.9392,0.9396,2.60,7.30
2008.04.15 02:59:40.125,0.9392,0.9396,2.60,7.30
2008.04.15 02:59:40.355,0.9392,0.9396,0.30,7.30
2008.04.15 02:59:40.593,0.9392,0.9396,0.30,4.90
2008.04.15 02:59:43.380,0.9393,0.9396,2.40,4.90
2008.04.15 02:59:43.600,0.9393,0.9396,2.40,4.00
2008.04.15 02:59:43.821,0.9392,0.9396,3.40,4.00
2008.04.15 02:59:44.046,0.9392,0.9396,0.30,4.90
2008.04.15 02:59:44.271,0.9391,0.9395,5.80,3.20
2008.04.15 02:59:44.520,0.9391,0.9395,2.60,5.60
2008.04.15 02:59:48.452,0.9391,0.9395,2.60,5.60
2008.04.15 02:59:48.669,0.9392,0.9395,4.20,2.40
2008.04.15 02:59:49.170,0.9392,0.9395,4.20,2.40
2008.04.15 02:59:52.905,0.9392,0.9396,6.60,7.30
2008.04.15 02:59:53.120,0.9393,0.9396,2.60,4.10
2008.04.15 02:59:53.338,0.9393,0.9396,0.30,6.50
