2018.03.30 16:00:00.942,0.81605,0.81647,1.37,1.56
2018.03.30 16:00:01.099,0.81608,0.81653,1.00,1.87
2018.03.30 16:00:02.191,0.81608,0.81653,1.00,1.87
2018.03.30 16:00:03.665,0.81609,0.81653,1.00,1.87
2018.03.30 16:00:04.202,0.81609,0.81653,1.12,1.50
2018.03.30 16:00:06.230,0.81609,0.81653,1.00,1.50
2018.03.30 16:00:07.744,0.81613,0.81653,1.00,1.69
2018.03.30 16:00:09.346,0.81614,0.81653,1.00,1.62
2018.03.30 16:00:09.655,0.81612,0.81656,1.00,1.56
2018.03.30 16:00:10.239,0.81611,0.81654,1.00,1.56
2018.03.30 16:00:10.342,0.81611,0.81654,1.00,1.56
2018.03.30 16:00:10.903,0.8161,0.81654,1.00,1.56
2018.03.30 16:00:14.715,0.81608,0.81652,1.00,1.56
2018.03.30 16:00:14.768,0.81606,0.8165,1.00,1.56
2018.03.30 16:00:15.289,0.81605,0.81646,1.00,1.62
2018.03.30 16:00:15.774,0.81603,0.81646,1.00,1.56
2018.03.30 16:00:16.397,0.81603,0.81646,1.00,1.56
2018.03.30 16:00:17.886,0.81601,0.81646,1.00,1.56
2018.03.30 16:00:17.939,0.81599,0.81646,1.00,3.56
2018.03.30 16:00:17.993,0.81599,0.81646,1.00,3.56
2018.03.30 16:00:19.088,0.81599,0.81643,1.00,1.56
2018.03.30 16:00:19.193,0.81596,0.81641,1.00,1.56
2018.03.30 16:00:23.958,0.81596,0.81641,1.00,2.06
2018.03.30 16:00:25.669,0.81596,0.81641,1.00,2.06
2018.03.30 16:00:26.189,0.81596,0.81641,1.00,2.06
2018.03.30 16:00:28.982,0.81594,0.81637,1.00,1.37
2018.03.30 16:00:29.435,0.81594,0.81637,1.00,1.37
2018.03.30 16:00:30.187,0.81593,0.81635,1.00,1.37
2018.03.30 16:00:30.780,0.81593,0.81635,1.00,1.37
2018.03.30 16:00:33.280,0.81593,0.81635,1.00,1.37
2018.03.30 16:00:37.752,0.81593,0.81635,1.00,1.37
2018.03.30 16:00:39.290,0.81593,0.81635,1.00,1.37
2018.03.30 16:00:39.829,0.81595,0.81637,1.00,1.87
2018.03.30 16:00:40.013,0.81593,0.81637,1.00,1.87
2018.03.30 16:00:40.330,0.81593,0.81637,1.00,1.87
2018.03.30 16:00:40.837,0.81592,0.81635,1.00,1.37
2018.03.30 16:00:44.933,0.81592,0.81634,1.00,1.37
2018.03.30 16:00:45.741,0.81591,0.81634,1.00,1.87
2018.03.30 16:00:46.630,0.81591,0.81634,1.00,1.87
2018.03.30 16:00:47.163,0.81592,0.81634,1.00,1.87
2018.03.30 16:00:49.287,0.81602,0.81637,1.00,1.37
2018.03.30 16:00:49.592,0.81604,0.81647,1.00,1.56
2018.03.30 16:00:49.796,0.81603,0.81646,1.00,1.56
2018.03.30 16:00:50.286,0.81603,0.81646,1.00,1.62
2018.03.30 16:00:51.141,0.81603,0.81646,1.00,1.56
2018.03.30 16:00:52.384,0.81603,0.81646,1.00,1.56
2018.03.30 16:00:52.868,0.81603,0.81647,1.00,1.56
2018.03.30 16:00:59.504,0.81603,0.81647,1.00,1.56
2018.03.30 16:01:01.060,0.81602,0.81645,1.00,1.56
2018.03.30 16:01:01.564,0.81602,0.81645,1.00,1.56
2018.03.30 16:01:03.829,0.81601,0.81645,1.00,1.56
2018.03.30 16:01:04.328,0.81603,0.81645,1.00,1.56
2018.03.30 16:01:04.845,0.81603,0.81646,1.00,1.56
2018.03.30 16:01:05.395,0.81603,0.81646,1.00,1.56
2018.03.30 16:01:12.025,0.81603,0.81647,1.00,1.37
2018.03.30 16:01:12.554,0.81604,0.81649,1.00,1.37
2018.03.30 16:01:12.776,0.81606,0.8165,1.00,1.87
2018.03.30 16:01:13.307,0.81606,0.8165,1.00,1.87
2018.03.30 16:01:14.117,0.81604,0.8165,1.12,1.87
2018.03.30 16:01:15.776,0.81605,0.8165,1.00,1.37
2018.03.30 16:01:16.248,0.81603,0.81649,1.00,1.37
2018.03.30 16:01:17.636,0.81603,0.81648,1.00,1.37
2018.03.30 16:01:19.251,0.81603,0.81648,1.00,1.37
2018.03.30 16:01:19.785,0.81604,0.81648,1.00,1.37
2018.03.30 16:01:28.026,0.81605,0.81653,1.00,1.87
2018.03.30 16:01:30.156,0.81607,0.81653,1.00,1.87
2018.03.30 16:01:32.640,0.81608,0.81652,1.00,1.37
2018.03.30 16:01:33.567,0.81607,0.81652,1.00,1.37
2018.03.30 16:01:34.110,0.81607,0.81652,1.00,1.37
2018.03.30 16:01:37.220,0.81609,0.81653,1.00,1.87
2018.03.30 16:01:37.529,0.81612,0.81653,1.00,1.37
2018.03.30 16:01:37.945,0.81613,0.81655,1.00,1.37
2018.03.30 16:01:37.998,0.81618,0.81657,1.00,1.37
2018.03.30 16:01:38.266,0.81618,0.81658,1.00,1.37
2018.03.30 16:01:40.173,0.81617,0.81662,1.12,1.37
2018.03.30 16:01:40.717,0.81617,0.81662,1.00,1.37
2018.03.30 16:01:42.508,0.81618,0.81666,1.00,1.87
2018.03.30 16:01:44.227,0.81618,0.81664,1.00,1.37
2018.03.30 16:01:45.347,0.81618,0.81664,1.12,1.37
2018.03.30 16:01:46.462,0.81618,0.81664,1.12,1.37
2018.03.30 16:01:47.668,0.81618,0.81664,1.12,1.37
2018.03.30 16:01:48.219,0.81618,0.81664,1.00,1.37
2018.03.30 16:01:48.963,0.81619,0.81664,1.00,1.37
2018.03.30 16:01:49.499,0.81619,0.81664,1.00,1.37
2018.03.30 16:01:50.042,0.81618,0.81664,1.00,1.37
2018.03.30 16:01:50.689,0.81618,0.81662,1.00,1.37
2018.03.30 16:01:52.385,0.81619,0.81663,1.00,1.37
2018.03.30 16:01:53.132,0.8162,0.81663,1.00,1.37
2018.03.30 16:01:53.843,0.8162,0.81663,1.00,1.37
2018.03.30 16:01:58.052,0.8162,0.81663,1.00,1.37
2018.03.30 16:01:58.556,0.8162,0.81663,1.00,1.37
2018.03.30 16:01:59.135,0.81621,0.81663,1.00,1.37
2018.03.30 16:01:59.815,0.81621,0.81663,1.00,1.37
2018.03.30 16:02:00.925,0.81621,0.81663,1.00,1.37
2018.03.30 16:02:01.584,0.81621,0.81663,1.00,1.37
2018.03.30 16:02:04.685,0.81621,0.81663,1.00,1.37
2018.03.30 16:02:09.001,0.81623,0.81669,1.00,1.94
2018.03.30 16:02:09.653,0.81623,0.81669,1.00,1.94
2018.03.30 16:02:10.189,0.81624,0.81669,1.00,1.69
2018.03.30 16:02:10.611,0.81624,0.81669,1.00,1.56
2018.03.30 16:02:11.631,0.81624,0.81669,1.00,1.56
2018.03.30 16:02:12.382,0.81621,0.81663,1.00,1.37
2018.03.30 16:02:20.107,0.81621,0.81664,1.00,1.37
2018.03.30 16:02:24.337,0.8162,0.81664,1.12,1.37
2018.03.30 16:02:27.751,0.81623,0.81663,1.00,1.37
2018.03.30 16:02:28.320,0.81624,0.81667,1.00,1.37
2018.03.30 16:02:31.333,0.81624,0.81667,1.00,1.37
2018.03.30 16:02:31.674,0.81624,0.81667,1.12,1.37
2018.03.30 16:02:32.663,0.81625,0.81667,1.12,1.37
2018.03.30 16:02:35.380,0.81623,0.81668,1.37,1.37
2018.03.30 16:02:42.586,0.81623,0.81668,1.87,1.37
2018.03.30 16:02:44.816,0.81623,0.81668,1.87,1.37
2018.03.30 16:02:45.491,0.81625,0.81675,1.00,2.44
2018.03.30 16:02:45.996,0.81625,0.81675,1.00,2.44
2018.03.30 16:02:47.950,0.81623,0.8167,1.37,1.56
2018.03.30 16:02:49.504,0.81617,0.81667,1.87,1.37
2018.03.30 16:02:55.600,0.81617,0.81666,1.87,1.37
2018.03.30 16:03:00.125,0.81617,0.81666,1.87,1.56
2018.03.30 16:03:30.410,0.81617,0.81664,1.75,1.37
2018.03.30 16:03:31.480,0.81617,0.81664,1.75,1.37
2018.03.30 16:03:32.689,0.81617,0.81664,1.75,1.37
2018.03.30 16:03:34.380,0.81617,0.81665,1.75,1.37
2018.03.30 16:03:35.534,0.81615,0.81665,2.62,1.37
2018.03.30 16:03:39.756,0.81621,0.81668,1.12,1.56
2018.03.30 16:03:44.490,0.81621,0.81668,1.37,1.56
2018.03.30 16:03:45.708,0.81619,0.81668,1.50,1.62
2018.03.30 16:03:45.812,0.81622,0.8167,1.37,1.62
2018.03.30 16:03:49.660,0.81622,0.81671,1.50,1.56
2018.03.30 16:04:00.109,0.8162,0.81671,2.25,1.56
2018.03.30 16:04:01.661,0.81625,0.81673,1.37,1.56
2018.03.30 16:04:13.688,0.81624,0.81671,1.37,1.56
2018.03.30 16:04:17.211,0.8162,0.8167,1.75,1.62
2018.03.30 16:04:20.089,0.8162,0.81668,1.87,1.37
2018.03.30 16:04:26.937,0.81621,0.81668,1.75,1.37
2018.03.30 16:04:37.397,0.81624,0.81669,1.37,1.37
2018.03.30 16:04:38.835,0.81624,0.81669,1.37,1.37
2018.03.30 16:04:40.487,0.81624,0.81669,1.37,1.37
2018.03.30 16:04:42.232,0.81624,0.81669,1.37,1.37
2018.03.30 16:04:42.752,0.81624,0.81669,1.37,1.56
2018.03.30 16:04:43.442,0.81624,0.81669,1.37,1.37
2018.03.30 16:04:48.158,0.81624,0.81669,1.37,1.37
2018.03.30 16:04:48.284,0.81624,0.81668,1.37,1.37
2018.03.30 16:04:52.382,0.81622,0.81668,1.75,1.37
2018.03.30 16:04:52.910,0.81622,0.81668,1.75,1.37
2018.03.30 16:05:00.104,0.81622,0.81668,1.50,1.56
2018.03.30 16:05:00.856,0.81623,0.81668,1.37,1.56
2018.03.30 16:05:04.750,0.81623,0.81668,1.37,1.56
2018.03.30 16:05:10.455,0.81625,0.81668,1.12,1.37
2018.03.30 16:05:12.384,0.8162,0.81667,1.75,1.37
2018.03.30 16:05:23.201,0.81624,0.81668,1.50,1.56
2018.03.30 16:05:26.146,0.81624,0.81668,1.50,1.56
2018.03.30 16:05:27.576,0.81624,0.81671,1.12,1.56
2018.03.30 16:05:30.241,0.81623,0.81671,1.12,2.44
2018.03.30 16:05:32.485,0.81619,0.81669,1.75,1.56
2018.03.30 16:05:33.444,0.81619,0.81669,1.87,1.37
2018.03.30 16:05:33.497,0.81619,0.81657,1.50,1.75
2018.03.30 16:05:33.653,0.81613,0.81652,1.00,2.06
2018.03.30 16:05:33.739,0.81602,0.81646,1.50,1.37
2018.03.30 16:05:33.897,0.81602,0.81645,1.37,1.69
2018.03.30 16:05:34.437,0.81598,0.81644,1.37,2.00
2018.03.30 16:05:34.900,0.81598,0.81645,1.56,1.75
2018.03.30 16:05:35.415,0.81598,0.81646,1.37,1.75
2018.03.30 16:05:38.697,0.81598,0.81645,1.37,1.37
2018.03.30 16:05:40.055,0.81598,0.81645,1.37,1.37
2018.03.30 16:05:43.798,0.81598,0.81645,1.37,1.37
2018.03.30 16:05:43.902,0.81598,0.81645,1.37,1.50
2018.03.30 16:05:44.341,0.81598,0.81645,1.37,1.37
2018.03.30 16:05:45.625,0.81599,0.81643,1.37,1.37
2018.03.30 16:05:46.190,0.81599,0.81645,1.37,1.69
2018.03.30 16:05:46.332,0.81599,0.81645,1.37,1.69
2018.03.30 16:05:46.833,0.81599,0.81645,1.37,1.56
2018.03.30 16:05:47.381,0.81599,0.81643,1.37,1.56
2018.03.30 16:05:52.382,0.81599,0.81643,1.37,1.37
2018.03.30 16:05:53.531,0.81599,0.81642,1.37,1.37
2018.03.30 16:05:55.105,0.81599,0.81643,1.12,1.50
2018.03.30 16:05:59.314,0.81597,0.8164,1.37,1.62
2018.03.30 16:06:01.834,0.81589,0.81634,1.62,1.75
2018.03.30 16:06:02.333,0.81589,0.81634,1.62,1.75
2018.03.30 16:06:02.828,0.81589,0.81635,1.62,1.75
2018.03.30 16:06:04.219,0.81589,0.81635,1.37,1.50
2018.03.30 16:06:04.458,0.81593,0.81636,1.75,1.37
2018.03.30 16:06:04.934,0.81593,0.81636,1.75,1.56
2018.03.30 16:06:05.379,0.81593,0.81637,2.00,1.37
2018.03.30 16:06:05.739,0.81593,0.81638,1.94,1.37
2018.03.30 16:06:05.922,0.81598,0.81641,2.44,1.00
2018.03.30 16:06:05.974,0.81607,0.81652,1.75,1.50
2018.03.30 16:06:06.439,0.81607,0.81654,1.75,1.12
2018.03.30 16:06:06.951,0.81612,0.81656,1.75,1.00
2018.03.30 16:06:07.263,0.81613,0.81661,1.37,1.00
2018.03.30 16:06:07.590,0.81618,0.81661,1.12,1.12
2018.03.30 16:06:08.330,0.81618,0.81661,1.12,1.12
2018.03.30 16:06:09.080,0.81618,0.81664,1.12,1.37
2018.03.30 16:06:10.104,0.81616,0.81664,1.87,1.37
2018.03.30 16:06:10.733,0.81616,0.81665,2.06,1.87
2018.03.30 16:06:11.562,0.81616,0.81666,2.06,2.62
2018.03.30 16:06:12.307,0.81616,0.81666,2.06,2.62
2018.03.30 16:06:14.769,0.81624,0.81666,1.94,1.00
2018.03.30 16:06:14.875,0.81626,0.81672,1.94,1.00
2018.03.30 16:06:15.134,0.81626,0.81675,2.81,1.00
2018.03.30 16:06:15.186,0.81633,0.81679,1.75,1.37
2018.03.30 16:06:15.486,0.81633,0.8168,1.75,1.37
2018.03.30 16:06:16.028,0.81633,0.8168,1.75,1.00
2018.03.30 16:06:16.590,0.81633,0.8168,1.87,1.00
2018.03.30 16:06:17.754,0.81633,0.8168,1.87,1.12
2018.03.30 16:06:18.627,0.81633,0.8168,1.87,1.37
2018.03.30 16:06:19.869,0.81633,0.81679,2.06,1.00
2018.03.30 16:06:21.588,0.81633,0.81679,2.81,1.00
2018.03.30 16:06:21.742,0.81636,0.81682,1.94,1.87
2018.03.30 16:06:21.846,0.81637,0.81682,1.31,1.12
2018.03.30 16:06:24.416,0.8164,0.81684,1.94,1.37
2018.03.30 16:06:27.182,0.8164,0.81681,1.94,1.00
2018.03.30 16:06:27.626,0.8164,0.8168,1.94,1.00
2018.03.30 16:06:27.731,0.81638,0.8168,1.75,1.69
2018.03.30 16:06:27.785,0.81635,0.81678,1.87,1.00
2018.03.30 16:06:27.837,0.81635,0.81678,2.06,2.25
2018.03.30 16:06:28.149,0.81626,0.8167,1.75,1.00
2018.03.30 16:06:28.428,0.81622,0.81668,2.28,1.50
2018.03.30 16:06:28.480,0.81627,0.81662,1.75,1.00
2018.03.30 16:06:28.532,0.81627,0.81662,1.00,1.00
2018.03.30 16:06:28.584,0.81614,0.81658,1.75,1.00
2018.03.30 16:06:28.636,0.81606,0.81649,1.12,1.00
2018.03.30 16:06:28.688,0.816,0.81649,1.37,1.00
2018.03.30 16:06:28.844,0.816,0.81649,1.75,1.00
2018.03.30 16:06:28.948,0.816,0.81648,1.75,1.00
2018.03.30 16:06:29.053,0.81599,0.81643,1.75,1.00
2018.03.30 16:06:29.105,0.81599,0.81643,1.75,1.00
2018.03.30 16:06:29.261,0.81599,0.81643,1.75,1.00
2018.03.30 16:06:29.314,0.81599,0.81643,1.37,1.50
2018.03.30 16:06:29.366,0.81594,0.81637,2.02,1.00
2018.03.30 16:06:29.418,0.81592,0.81637,1.37,1.00
2018.03.30 16:06:29.732,0.81586,0.81633,1.12,1.00
2018.03.30 16:06:29.838,0.81587,0.81633,1.94,1.00
2018.03.30 16:06:29.890,0.81582,0.81631,1.94,1.00
2018.03.30 16:06:30.202,0.8158,0.81627,4.50,1.50
2018.03.30 16:06:30.306,0.81582,0.81627,1.75,1.00
2018.03.30 16:06:30.462,0.8158,0.81627,4.50,1.00
2018.03.30 16:06:30.566,0.8158,0.81627,4.50,1.00
2018.03.30 16:06:31.092,0.81581,0.81627,1.75,1.00
2018.03.30 16:06:31.589,0.8158,0.81627,4.87,1.00
2018.03.30 16:06:31.642,0.8158,0.81632,5.25,1.37
2018.03.30 16:06:31.951,0.81582,0.81631,1.37,1.00
2018.03.30 16:06:32.003,0.8158,0.81629,4.69,1.00
2018.03.30 16:06:32.211,0.8158,0.81631,5.25,1.00
2018.03.30 16:06:32.263,0.8158,0.81631,5.62,1.00
2018.03.30 16:06:32.572,0.81584,0.81629,1.75,1.00
2018.03.30 16:06:32.729,0.81585,0.81636,1.75,1.50
2018.03.30 16:06:37.168,0.81586,0.81636,1.75,1.00
2018.03.30 16:06:37.271,0.81586,0.81636,1.75,1.00
2018.03.30 16:06:37.572,0.81587,0.8164,1.75,1.50
2018.03.30 16:06:37.677,0.8159,0.8164,1.75,1.00
2018.03.30 16:06:37.781,0.81588,0.8164,1.75,1.00
2018.03.30 16:06:38.244,0.81592,0.8164,1.75,1.00
2018.03.30 16:06:38.606,0.81587,0.8164,1.37,1.00
2018.03.30 16:06:38.658,0.81589,0.81643,1.75,1.87
2018.03.30 16:06:38.710,0.8159,0.81642,1.37,1.00
2018.03.30 16:06:38.762,0.8159,0.81642,1.37,1.00
2018.03.30 16:06:38.968,0.8159,0.81642,1.75,1.00
2018.03.30 16:06:39.072,0.8159,0.81642,1.75,1.00
2018.03.30 16:06:39.255,0.8159,0.81642,1.75,1.00
2018.03.30 16:06:39.559,0.8159,0.81642,2.32,1.00
2018.03.30 16:06:39.611,0.8159,0.81642,1.75,1.00
2018.03.30 16:06:40.846,0.81586,0.81641,1.75,1.00
2018.03.30 16:06:40.899,0.81586,0.81641,2.25,1.00
2018.03.30 16:06:41.261,0.81591,0.81644,1.75,1.00
2018.03.30 16:06:41.795,0.81589,0.81644,2.25,1.50
2018.03.30 16:06:42.639,0.81589,0.81643,1.50,1.00
2018.03.30 16:06:42.795,0.81589,0.81644,1.50,1.50
2018.03.30 16:06:43.179,0.81589,0.81644,1.75,1.50
2018.03.30 16:06:43.489,0.81595,0.81646,1.75,1.50
2018.03.30 16:06:43.811,0.81595,0.81646,1.75,1.50
2018.03.30 16:06:44.123,0.81597,0.81647,2.60,1.00
2018.03.30 16:06:44.279,0.81601,0.81652,1.75,1.00
2018.03.30 16:06:44.752,0.81602,0.81654,1.75,1.00
2018.03.30 16:06:44.907,0.81602,0.81654,1.75,1.50
2018.03.30 16:06:44.959,0.81603,0.81654,2.00,1.00
2018.03.30 16:06:45.011,0.81603,0.81655,1.37,1.00
2018.03.30 16:06:45.063,0.81603,0.81657,1.37,1.00
2018.03.30 16:06:45.167,0.81604,0.81655,1.75,1.00
2018.03.30 16:06:45.270,0.81602,0.81657,1.75,1.00
2018.03.30 16:06:45.444,0.81602,0.81656,1.75,1.00
2018.03.30 16:06:46.125,0.81602,0.81657,1.75,1.00
2018.03.30 16:06:46.639,0.81602,0.81656,1.37,1.00
2018.03.30 16:06:46.743,0.81599,0.81656,1.75,1.50
2018.03.30 16:06:46.795,0.816,0.81656,2.27,2.25
2018.03.30 16:06:46.847,0.81599,0.81656,1.75,2.25
2018.03.30 16:06:46.900,0.81599,0.81656,1.37,2.25
2018.03.30 16:06:46.952,0.81599,0.81656,1.37,1.50
2018.03.30 16:06:47.004,0.81599,0.81656,1.37,1.00
2018.03.30 16:06:47.211,0.81599,0.81656,1.75,1.00
2018.03.30 16:06:47.467,0.81599,0.81656,1.75,1.50
2018.03.30 16:06:47.805,0.81599,0.81656,1.12,1.00
2018.03.30 16:06:48.116,0.81603,0.81645,1.37,1.37
2018.03.30 16:06:48.219,0.8159,0.81643,1.75,1.37
2018.03.30 16:06:48.735,0.81584,0.81638,1.75,1.37
2018.03.30 16:06:49.558,0.81585,0.81636,1.75,1.87
2018.03.30 16:06:50.097,0.81585,0.81636,1.75,1.87
2018.03.30 16:06:50.652,0.81585,0.81636,1.75,1.87
2018.03.30 16:06:51.183,0.81585,0.81636,1.75,1.87
2018.03.30 16:06:55.557,0.81585,0.81636,1.75,1.87
2018.03.30 16:06:56.040,0.81585,0.81636,1.75,1.87
2018.03.30 16:06:57.255,0.81585,0.81636,1.75,1.87
2018.03.30 16:06:57.408,0.81585,0.81636,2.47,1.50
2018.03.30 16:06:57.562,0.81589,0.8164,1.75,1.50
2018.03.30 16:06:57.664,0.8159,0.8164,1.75,1.00
2018.03.30 16:06:58.025,0.8159,0.8164,1.75,1.00
2018.03.30 16:06:58.338,0.81594,0.81646,1.75,1.00
2018.03.30 16:06:59.269,0.81594,0.81646,1.75,1.00
2018.03.30 16:06:59.784,0.81594,0.81646,2.62,1.00
2018.03.30 16:07:00.146,0.81599,0.8165,1.75,1.25
2018.03.30 16:07:00.799,0.81599,0.8165,1.75,1.87
2018.03.30 16:07:01.008,0.81599,0.81651,1.75,1.00
2018.03.30 16:07:01.063,0.81598,0.81649,1.75,1.00
2018.03.30 16:07:01.373,0.81601,0.81653,1.75,1.00
2018.03.30 16:07:01.425,0.81601,0.81653,1.75,1.00
2018.03.30 16:07:01.713,0.81604,0.81654,1.75,1.00
2018.03.30 16:07:02.073,0.81604,0.81658,1.75,1.37
2018.03.30 16:07:02.226,0.81604,0.81659,1.75,2.62
2018.03.30 16:07:02.277,0.81604,0.81659,1.37,2.62
2018.03.30 16:07:02.481,0.81604,0.81659,1.37,1.50
2018.03.30 16:07:02.787,0.81604,0.81659,1.37,2.25
2018.03.30 16:07:02.838,0.81604,0.81659,1.37,2.25
2018.03.30 16:07:02.889,0.81604,0.81659,1.37,2.25
2018.03.30 16:07:02.940,0.81604,0.81659,1.37,2.25
2018.03.30 16:07:03.043,0.81604,0.81659,1.37,2.25
2018.03.30 16:07:03.094,0.81604,0.81659,1.37,2.25
2018.03.30 16:07:03.548,0.81605,0.81659,1.37,1.00
2018.03.30 16:07:03.600,0.81605,0.81659,1.37,1.00
2018.03.30 16:07:03.962,0.81605,0.81659,1.37,1.00
2018.03.30 16:07:04.014,0.81605,0.81659,1.37,1.00
2018.03.30 16:07:04.170,0.81605,0.81659,1.37,1.00
2018.03.30 16:07:04.273,0.81605,0.81659,1.37,1.00
2018.03.30 16:07:04.477,0.81605,0.81659,1.37,1.00
2018.03.30 16:07:04.529,0.81605,0.81659,1.37,1.00
2018.03.30 16:07:05.038,0.81605,0.81659,1.37,1.00
2018.03.30 16:07:05.140,0.81605,0.81659,1.37,1.12
2018.03.30 16:07:05.191,0.81605,0.81659,1.37,1.00
2018.03.30 16:07:05.717,0.81603,0.81658,1.87,1.87
2018.03.30 16:07:05.769,0.81603,0.81658,1.87,1.87
2018.03.30 16:07:05.821,0.81603,0.81658,2.25,1.87
2018.03.30 16:07:06.131,0.81603,0.81658,1.87,1.50
2018.03.30 16:07:06.234,0.81603,0.81658,1.87,2.06
2018.03.30 16:07:06.286,0.81603,0.81658,2.25,2.06
2018.03.30 16:07:06.339,0.81603,0.81658,2.25,2.06
2018.03.30 16:07:06.391,0.81603,0.81658,1.87,1.50
2018.03.30 16:07:06.443,0.81603,0.81658,1.87,1.69
2018.03.30 16:07:06.495,0.81603,0.81655,1.37,1.00
2018.03.30 16:07:06.753,0.81603,0.81655,1.37,1.00
2018.03.30 16:07:06.856,0.81603,0.81655,1.37,1.00
2018.03.30 16:07:06.908,0.81603,0.81655,1.37,1.00
2018.03.30 16:07:07.012,0.81603,0.81655,1.75,1.00
2018.03.30 16:07:07.360,0.81603,0.81655,1.37,1.00
2018.03.30 16:07:07.412,0.81605,0.81655,1.37,1.00
2018.03.30 16:07:07.516,0.81605,0.81655,1.37,1.00
2018.03.30 16:07:08.300,0.81605,0.81655,1.75,1.00
2018.03.30 16:07:08.558,0.81605,0.81655,1.75,1.00
2018.03.30 16:07:09.579,0.81605,0.81655,1.75,1.00
2018.03.30 16:07:10.183,0.81605,0.81658,1.75,1.00
2018.03.30 16:07:11.652,0.81605,0.81658,1.75,1.37
2018.03.30 16:07:12.202,0.81606,0.81658,1.75,1.00
2018.03.30 16:07:12.513,0.81613,0.81663,1.75,1.37
2018.03.30 16:07:12.566,0.81612,0.81663,1.75,1.00
2018.03.30 16:07:12.722,0.81615,0.81667,1.37,1.00
2018.03.30 16:07:12.967,0.81615,0.81667,1.75,1.00
2018.03.30 16:07:13.431,0.81615,0.81667,1.75,1.00
2018.03.30 16:07:13.959,0.81613,0.81666,2.25,1.00
2018.03.30 16:07:14.323,0.81613,0.81665,1.75,1.00
2018.03.30 16:07:14.375,0.81613,0.81665,1.37,1.00
2018.03.30 16:07:14.427,0.81613,0.81665,1.37,1.00
2018.03.30 16:07:14.597,0.81613,0.81665,1.75,1.00
2018.03.30 16:07:15.116,0.81612,0.81664,1.37,1.00
2018.03.30 16:07:15.425,0.81611,0.81664,1.37,1.00
2018.03.30 16:07:15.787,0.81614,0.81666,1.87,1.00
2018.03.30 16:07:15.994,0.81614,0.81666,1.75,1.00
2018.03.30 16:07:16.046,0.81614,0.81666,1.75,1.00
2018.03.30 16:07:16.098,0.81614,0.81666,1.75,1.00
2018.03.30 16:07:16.408,0.81614,0.81666,1.75,1.00
2018.03.30 16:07:16.738,0.81624,0.81676,1.69,1.37
2018.03.30 16:07:16.790,0.81629,0.81674,1.94,1.00
2018.03.30 16:07:16.892,0.81629,0.81676,1.75,1.50
2018.03.30 16:07:18.835,0.8163,0.81676,1.12,1.00
2018.03.30 16:07:18.938,0.81632,0.81676,1.12,1.00
2018.03.30 16:07:18.990,0.81632,0.81679,1.12,1.00
2018.03.30 16:07:21.701,0.81631,0.81679,1.12,1.12
2018.03.30 16:07:22.524,0.81637,0.81679,1.69,1.00
2018.03.30 16:07:22.628,0.81639,0.81681,1.12,1.87
2018.03.30 16:07:23.741,0.81639,0.81681,1.31,1.00
2018.03.30 16:07:24.264,0.81641,0.81682,1.12,1.12
2018.03.30 16:07:24.989,0.81641,0.81682,1.12,1.37
2018.03.30 16:07:25.518,0.8164,0.81682,1.12,1.12
2018.03.30 16:07:26.054,0.8164,0.81682,1.12,1.37
2018.03.30 16:07:26.570,0.81636,0.81682,1.94,1.37
2018.03.30 16:07:28.177,0.81636,0.81683,2.06,2.62
2018.03.30 16:07:28.677,0.81636,0.81683,1.94,2.62
2018.03.30 16:07:30.398,0.81641,0.81683,1.31,2.62
2018.03.30 16:07:30.554,0.81643,0.81686,2.06,1.37
2018.03.30 16:07:31.481,0.81646,0.81687,1.94,1.37
2018.03.30 16:07:31.533,0.81646,0.81687,1.94,1.12
2018.03.30 16:07:31.638,0.81644,0.81688,1.94,1.00
2018.03.30 16:07:31.690,0.81644,0.8169,2.44,1.12
2018.03.30 16:07:32.228,0.81646,0.81691,1.75,1.12
2018.03.30 16:07:32.332,0.81646,0.81688,1.94,1.00
2018.03.30 16:07:32.385,0.81644,0.8169,2.62,1.87
2018.03.30 16:07:32.489,0.81645,0.81688,1.12,1.25
2018.03.30 16:07:32.876,0.81644,0.81684,1.56,1.00
2018.03.30 16:07:33.185,0.81644,0.81684,1.31,1.31
2018.03.30 16:07:35.923,0.81644,0.81684,2.06,1.12
2018.03.30 16:07:37.549,0.81644,0.81684,2.06,1.37
2018.03.30 16:07:37.704,0.81642,0.81682,2.06,1.37
2018.03.30 16:07:38.206,0.81642,0.81682,1.94,1.37
2018.03.30 16:07:38.413,0.81643,0.81683,1.94,1.37
2018.03.30 16:07:38.633,0.81642,0.81684,2.06,1.62
2018.03.30 16:07:39.105,0.81644,0.81684,1.94,1.31
2018.03.30 16:07:39.485,0.81644,0.81687,2.06,1.37
2018.03.30 16:07:39.537,0.81644,0.81688,1.94,1.50
2018.03.30 16:07:40.469,0.81645,0.81688,1.94,1.37
2018.03.30 16:07:41.006,0.81646,0.81687,1.94,1.37
2018.03.30 16:07:41.912,0.81643,0.81687,1.31,1.12
2018.03.30 16:07:42.223,0.81643,0.8169,1.94,1.50
2018.03.30 16:07:42.574,0.81651,0.81691,1.31,1.00
2018.03.30 16:07:42.627,0.81652,0.81693,1.31,1.00
2018.03.30 16:07:42.784,0.81651,0.81693,1.94,1.37
2018.03.30 16:07:43.300,0.81653,0.81692,1.31,1.37
2018.03.30 16:07:43.655,0.81652,0.81692,3.19,1.37
2018.03.30 16:07:46.059,0.81651,0.81691,2.44,1.50
2018.03.30 16:07:46.583,0.8165,0.81691,2.06,1.37
2018.03.30 16:07:46.937,0.81648,0.8169,1.87,1.56
2018.03.30 16:07:46.989,0.81644,0.81688,1.31,2.06
2018.03.30 16:07:47.042,0.81643,0.81683,1.50,1.37
2018.03.30 16:07:47.249,0.81641,0.81679,1.00,1.37
2018.03.30 16:07:47.301,0.81635,0.81679,1.94,1.37
2018.03.30 16:07:47.353,0.81635,0.81679,1.37,1.87
2018.03.30 16:07:47.662,0.81635,0.81676,1.37,1.56
2018.03.30 16:07:47.937,0.81632,0.81676,1.37,2.81
2018.03.30 16:07:49.094,0.8163,0.81672,1.00,1.19
2018.03.30 16:07:49.147,0.81627,0.81668,1.37,1.56
2018.03.30 16:07:49.251,0.81626,0.81661,1.00,1.56
2018.03.30 16:07:49.583,0.81613,0.81659,1.75,1.62
2018.03.30 16:07:50.279,0.81608,0.81653,1.37,1.37
2018.03.30 16:07:50.331,0.81608,0.81653,1.12,1.87
2018.03.30 16:07:50.383,0.81606,0.81653,1.37,2.81
2018.03.30 16:07:50.593,0.816,0.81644,1.50,1.00
2018.03.30 16:07:50.646,0.816,0.81644,1.12,1.37
2018.03.30 16:07:50.958,0.816,0.81642,1.12,1.12
2018.03.30 16:07:51.264,0.816,0.81642,1.00,1.37
2018.03.30 16:07:51.315,0.81594,0.81641,1.75,1.62
2018.03.30 16:07:51.366,0.81594,0.81637,1.00,1.56
2018.03.30 16:07:52.326,0.81588,0.81635,1.75,1.56
2018.03.30 16:07:52.377,0.81588,0.81633,1.12,1.56
2018.03.30 16:07:52.564,0.81588,0.81631,1.00,1.00
2018.03.30 16:07:52.719,0.81581,0.8163,1.75,1.37
2018.03.30 16:07:52.822,0.81581,0.81629,1.37,1.37
2018.03.30 16:07:52.975,0.81581,0.8163,1.37,1.37
2018.03.30 16:07:53.176,0.81581,0.8163,1.37,1.37
2018.03.30 16:07:53.986,0.81587,0.81634,1.37,1.12
2018.03.30 16:07:54.124,0.81589,0.81636,1.37,1.50
2018.03.30 16:07:54.176,0.81594,0.81642,1.37,1.94
2018.03.30 16:07:54.228,0.81596,0.81642,1.37,1.87
2018.03.30 16:07:54.280,0.81601,0.81642,1.37,1.50
2018.03.30 16:07:54.332,0.81601,0.81642,1.37,1.12
2018.03.30 16:07:54.640,0.81601,0.81642,1.00,1.50
2018.03.30 16:07:54.692,0.81601,0.81642,1.37,1.12
2018.03.30 16:07:54.899,0.81601,0.81649,2.06,1.37
2018.03.30 16:07:55.138,0.81601,0.81649,1.87,1.37
2018.03.30 16:07:55.287,0.81601,0.81649,2.62,1.00
2018.03.30 16:07:55.341,0.81611,0.81656,1.37,1.12
2018.03.30 16:07:55.851,0.81614,0.81662,1.37,1.37
2018.03.30 16:07:56.050,0.81614,0.81662,1.00,1.37
2018.03.30 16:07:56.102,0.81614,0.81662,1.37,1.00
2018.03.30 16:07:56.412,0.81623,0.81668,1.37,1.12
2018.03.30 16:07:56.464,0.81623,0.81668,1.00,1.12
2018.03.30 16:07:56.516,0.81623,0.8167,1.00,1.75
2018.03.30 16:07:56.762,0.8162,0.81668,1.50,1.37
2018.03.30 16:07:56.815,0.8162,0.8167,1.00,1.87
2018.03.30 16:07:57.289,0.8162,0.81669,1.00,1.37
2018.03.30 16:07:58.211,0.81621,0.8167,1.00,1.37
2018.03.30 16:08:04.507,0.81621,0.8167,1.00,1.37
2018.03.30 16:08:04.559,0.81623,0.8167,1.00,1.37
2018.03.30 16:08:07.384,0.81625,0.8167,1.00,1.37
2018.03.30 16:08:07.885,0.81625,0.81674,1.00,1.37
2018.03.30 16:08:08.487,0.81625,0.81674,1.00,1.37
2018.03.30 16:08:08.988,0.81625,0.81674,1.00,1.37
2018.03.30 16:08:10.261,0.81625,0.81674,1.37,1.37
2018.03.30 16:08:11.046,0.81625,0.81674,1.00,1.37
2018.03.30 16:08:11.701,0.81625,0.81674,1.00,1.37
2018.03.30 16:08:13.907,0.81625,0.81674,1.00,1.37
2018.03.30 16:08:15.268,0.81625,0.81674,1.00,1.37
2018.03.30 16:08:17.702,0.81625,0.81674,1.00,1.37
2018.03.30 16:08:18.990,0.81625,0.81674,1.12,1.37
2018.03.30 16:08:19.093,0.81625,0.81674,1.12,1.37
2018.03.30 16:08:19.555,0.81625,0.81674,1.37,1.37
2018.03.30 16:08:19.760,0.81625,0.81674,1.37,1.37
2018.03.30 16:08:20.162,0.81625,0.81674,1.00,1.37
2018.03.30 16:08:20.214,0.81625,0.81674,1.37,1.37
2018.03.30 16:08:20.673,0.81625,0.81676,1.12,1.37
2018.03.30 16:08:21.168,0.81625,0.81676,1.00,1.37
2018.03.30 16:08:21.220,0.81625,0.81676,1.00,1.37
2018.03.30 16:08:21.429,0.81625,0.81676,1.00,1.37
2018.03.30 16:08:21.532,0.81625,0.81676,1.12,1.37
2018.03.30 16:08:21.840,0.81625,0.81676,1.12,1.37
2018.03.30 16:08:22.103,0.81625,0.81676,1.37,1.37
2018.03.30 16:08:25.184,0.81625,0.81679,1.87,2.00
2018.03.30 16:08:25.237,0.8163,0.81683,1.75,1.50
2018.03.30 16:08:25.290,0.8163,0.8168,1.87,1.00
2018.03.30 16:08:25.346,0.8163,0.8168,1.87,1.37
2018.03.30 16:08:25.692,0.81631,0.81682,1.75,1.37
2018.03.30 16:08:25.848,0.81631,0.81682,1.75,1.12
2018.03.30 16:08:26.156,0.81631,0.81682,1.94,1.37
2018.03.30 16:08:26.675,0.81635,0.81684,1.75,1.37
2018.03.30 16:08:26.780,0.81635,0.81684,1.75,1.56
2018.03.30 16:08:27.231,0.81635,0.81684,2.25,1.37
2018.03.30 16:08:27.718,0.81636,0.81684,1.87,1.37
2018.03.30 16:08:28.783,0.8164,0.81686,1.50,1.37
2018.03.30 16:08:31.226,0.8164,0.81686,1.50,1.37
2018.03.30 16:08:33.504,0.8164,0.81686,1.75,1.37
2018.03.30 16:08:33.556,0.81637,0.81686,1.75,1.37
2018.03.30 16:08:33.613,0.81636,0.81684,2.25,1.00
2018.03.30 16:08:33.716,0.81636,0.81684,2.25,1.37
2018.03.30 16:08:33.769,0.81636,0.81684,1.87,1.12
2018.03.30 16:08:33.924,0.81636,0.81686,1.87,1.87
2018.03.30 16:08:34.028,0.81636,0.81683,1.50,1.00
2018.03.30 16:08:34.080,0.81636,0.81683,1.50,1.37
2018.03.30 16:08:34.236,0.81636,0.81683,1.50,1.12
2018.03.30 16:08:34.288,0.81636,0.81683,1.50,1.00
2018.03.30 16:08:34.340,0.81639,0.81685,1.37,1.00
2018.03.30 16:08:34.443,0.81639,0.8169,1.37,1.00
2018.03.30 16:08:34.598,0.81639,0.8169,1.37,1.37
2018.03.30 16:08:34.756,0.81639,0.81689,1.37,1.12
2018.03.30 16:08:34.808,0.81639,0.81689,1.37,1.37
2018.03.30 16:08:34.963,0.81639,0.81689,1.37,1.37
2018.03.30 16:08:35.015,0.81639,0.81689,1.37,1.00
2018.03.30 16:08:35.255,0.8164,0.81689,1.50,1.56
2018.03.30 16:08:35.307,0.81639,0.81689,2.25,1.12
2018.03.30 16:08:35.360,0.81639,0.81687,1.75,1.00
2018.03.30 16:08:35.463,0.81639,0.81689,1.75,1.87
2018.03.30 16:08:35.516,0.81639,0.81689,1.75,1.87
2018.03.30 16:08:35.827,0.81642,0.8169,1.37,1.37
2018.03.30 16:08:36.102,0.81642,0.8169,1.50,1.37
2018.03.30 16:08:36.155,0.81642,0.8169,1.37,1.37
2018.03.30 16:08:36.460,0.81642,0.8169,1.37,1.37
2018.03.30 16:08:37.592,0.8164,0.8169,1.37,1.87
2018.03.30 16:08:39.385,0.81639,0.81687,1.50,1.37
2018.03.30 16:08:42.094,0.81639,0.81684,1.50,1.56
2018.03.30 16:08:42.299,0.81635,0.81684,1.75,1.37
2018.03.30 16:08:43.048,0.81634,0.81684,1.12,1.87
2018.03.30 16:08:43.835,0.81631,0.81677,1.75,1.00
2018.03.30 16:08:43.938,0.81627,0.81677,1.37,1.50
2018.03.30 16:08:43.990,0.81624,0.81676,1.75,1.50
2018.03.30 16:08:44.302,0.81624,0.81668,1.75,1.00
2018.03.30 16:08:44.354,0.81624,0.81668,1.75,1.00
2018.03.30 16:08:44.459,0.81624,0.81674,1.75,1.00
2018.03.30 16:08:44.512,0.81621,0.8167,1.75,1.00
2018.03.30 16:08:44.564,0.81621,0.81672,1.75,1.00
2018.03.30 16:08:44.773,0.81619,0.81668,1.87,1.00
2018.03.30 16:08:44.828,0.81616,0.81668,1.37,1.50
2018.03.30 16:08:44.932,0.81616,0.81668,2.07,1.00
2018.03.30 16:08:44.984,0.81613,0.81668,2.74,1.50
2018.03.30 16:08:45.089,0.81616,0.81666,1.75,1.00
2018.03.30 16:08:45.246,0.81616,0.81666,1.75,1.00
2018.03.30 16:08:45.609,0.81613,0.81664,1.75,1.00
2018.03.30 16:08:45.661,0.81613,0.81664,1.75,1.00
2018.03.30 16:08:45.713,0.81613,0.81665,1.37,1.00
2018.03.30 16:08:45.817,0.81613,0.81668,1.75,1.00
2018.03.30 16:08:46.078,0.81613,0.81668,1.37,1.37
2018.03.30 16:08:46.129,0.81613,0.81668,1.37,1.37
2018.03.30 16:08:46.521,0.81613,0.81668,1.37,1.37
2018.03.30 16:08:47.314,0.81613,0.81668,1.37,1.37
2018.03.30 16:08:47.928,0.81613,0.81668,1.37,1.37
2018.03.30 16:08:48.032,0.81613,0.81668,1.37,1.37
2018.03.30 16:08:48.575,0.81613,0.81668,1.37,1.37
2018.03.30 16:08:49.008,0.81613,0.81668,1.37,1.37
2018.03.30 16:08:49.060,0.81613,0.81668,1.37,1.37
2018.03.30 16:08:49.163,0.81613,0.81668,1.37,1.37
2018.03.30 16:08:49.541,0.81613,0.81668,1.37,1.37
2018.03.30 16:08:49.643,0.81613,0.81668,1.37,1.37
2018.03.30 16:08:49.951,0.81613,0.81668,1.37,1.37
2018.03.30 16:08:51.015,0.81613,0.81668,1.37,1.37
2018.03.30 16:08:51.317,0.81613,0.81668,1.37,1.37
2018.03.30 16:08:52.174,0.81616,0.81668,1.00,1.37
2018.03.30 16:08:57.651,0.81616,0.81667,1.37,1.37
2018.03.30 16:08:59.223,0.81616,0.81667,1.37,1.37
2018.03.30 16:09:02.700,0.81616,0.81667,1.37,1.37
2018.03.30 16:09:03.797,0.81616,0.81667,1.37,1.37
2018.03.30 16:09:04.806,0.81616,0.81666,1.37,1.37
2018.03.30 16:09:05.287,0.81613,0.81666,1.75,1.37
2018.03.30 16:09:05.339,0.81613,0.81666,1.75,1.37
2018.03.30 16:09:05.583,0.81613,0.81666,1.75,1.37
2018.03.30 16:09:05.686,0.81613,0.81666,1.75,1.37
2018.03.30 16:09:05.790,0.81613,0.81666,1.75,1.37
2018.03.30 16:09:06.262,0.81615,0.81666,1.00,1.37
2018.03.30 16:09:06.314,0.81613,0.81666,1.75,1.37
2018.03.30 16:09:06.805,0.81613,0.81666,1.75,1.37
2018.03.30 16:09:07.285,0.81613,0.81666,1.75,1.37
2018.03.30 16:09:07.340,0.81613,0.81666,1.75,1.37
2018.03.30 16:09:07.665,0.81613,0.81665,1.75,1.37
2018.03.30 16:09:07.717,0.81613,0.81663,1.75,1.12
2018.03.30 16:09:07.770,0.81613,0.81663,1.75,1.37
2018.03.30 16:09:08.318,0.81613,0.81663,1.75,1.37
2018.03.30 16:09:08.795,0.81613,0.81663,1.75,1.37
2018.03.30 16:09:14.583,0.81613,0.81663,1.37,1.37
2018.03.30 16:09:15.104,0.81613,0.81664,1.87,1.37
2018.03.30 16:09:15.681,0.81613,0.81664,1.37,1.37
2018.03.30 16:09:15.978,0.81613,0.81664,1.37,1.37
2018.03.30 16:09:17.239,0.81613,0.81664,1.37,1.37
2018.03.30 16:09:17.590,0.81613,0.81664,1.37,1.37
2018.03.30 16:09:22.201,0.81615,0.81666,1.37,1.37
2018.03.30 16:09:23.694,0.81615,0.81666,1.37,1.37
2018.03.30 16:09:24.856,0.81615,0.81666,1.37,1.37
2018.03.30 16:09:36.263,0.81617,0.81668,1.87,1.37
2018.03.30 16:09:36.935,0.81617,0.81668,1.87,1.37
2018.03.30 16:09:38.156,0.81617,0.81668,1.87,1.37
2018.03.30 16:09:48.049,0.81619,0.81668,1.37,1.37
2018.03.30 16:09:48.560,0.81619,0.8167,1.37,1.37
2018.03.30 16:09:49.877,0.81619,0.81669,1.37,1.37
2018.03.30 16:09:50.034,0.81619,0.81669,1.37,1.37
2018.03.30 16:09:50.345,0.81619,0.81669,1.37,1.37
2018.03.30 16:09:50.555,0.81619,0.8167,1.37,1.37
2018.03.30 16:09:50.608,0.81619,0.8167,1.37,1.37
2018.03.30 16:09:50.718,0.81619,0.8167,1.37,1.37
2018.03.30 16:09:50.823,0.81619,0.8167,1.37,1.37
2018.03.30 16:09:50.928,0.81619,0.8167,1.37,1.37
2018.03.30 16:09:51.031,0.81619,0.8167,1.37,1.37
2018.03.30 16:09:51.559,0.81619,0.8167,1.37,1.37
2018.03.30 16:09:52.916,0.81619,0.81669,1.37,1.37
2018.03.30 16:09:53.445,0.81619,0.81671,1.87,1.37
2018.03.30 16:09:53.780,0.81619,0.81671,1.87,1.37
2018.03.30 16:09:54.188,0.81619,0.8167,2.06,1.37
2018.03.30 16:09:54.916,0.81619,0.8167,2.06,1.37
2018.03.30 16:09:55.684,0.81621,0.8167,1.37,1.37
2018.03.30 16:09:56.201,0.81621,0.8167,1.37,1.37
2018.03.30 16:09:56.253,0.81621,0.8167,1.00,1.37
2018.03.30 16:09:56.305,0.81621,0.8167,1.37,1.37
2018.03.30 16:09:57.656,0.81621,0.81669,1.37,1.37
2018.03.30 16:09:59.749,0.81618,0.81669,1.37,1.37
2018.03.30 16:10:00.257,0.81618,0.81669,1.37,1.37
2018.03.30 16:10:01.270,0.81618,0.81669,1.37,1.37
2018.03.30 16:10:05.927,0.81617,0.81669,1.12,1.37
2018.03.30 16:10:06.030,0.8162,0.81669,1.00,1.37
2018.03.30 16:10:06.447,0.81617,0.8167,1.12,1.37
2018.03.30 16:10:07.793,0.81617,0.8167,1.12,1.37
2018.03.30 16:10:08.306,0.81617,0.8167,1.12,1.37
2018.03.30 16:10:08.844,0.81617,0.8167,1.12,1.37
2018.03.30 16:10:09.269,0.81617,0.8167,1.12,1.37
2018.03.30 16:10:09.321,0.8162,0.8167,1.00,1.37
2018.03.30 16:10:09.908,0.81617,0.8167,1.12,1.37
2018.03.30 16:10:12.385,0.81617,0.8167,1.12,1.37
2018.03.30 16:10:12.897,0.8162,0.81669,1.00,1.37
2018.03.30 16:10:13.902,0.81617,0.81669,1.12,1.37
2018.03.30 16:10:15.107,0.81617,0.81669,1.37,1.37
2018.03.30 16:10:15.762,0.8162,0.81669,1.37,1.37
2018.03.30 16:10:16.362,0.8162,0.81669,1.37,1.37
2018.03.30 16:10:16.414,0.8162,0.81669,1.37,1.37
2018.03.30 16:10:16.757,0.8162,0.8167,1.37,1.37
2018.03.30 16:10:16.809,0.8162,0.8167,1.37,1.37
2018.03.30 16:10:17.067,0.8162,0.81669,1.37,1.37
2018.03.30 16:10:17.630,0.8162,0.81673,1.37,1.75
2018.03.30 16:10:19.814,0.8162,0.81673,1.37,1.75
2018.03.30 16:10:25.361,0.81621,0.81671,1.37,1.50
2018.03.30 16:10:26.323,0.81621,0.81671,1.37,1.50
2018.03.30 16:10:27.462,0.81621,0.81671,1.37,1.50
2018.03.30 16:10:32.920,0.81621,0.8167,1.37,1.37
2018.03.30 16:10:33.437,0.81621,0.8167,1.37,1.50
2018.03.30 16:10:33.972,0.81621,0.8167,1.37,1.37
2018.03.30 16:10:34.448,0.81621,0.8167,1.37,1.37
2018.03.30 16:10:38.190,0.8162,0.8167,1.37,1.37
2018.03.30 16:10:40.182,0.8162,0.8167,1.37,1.37
2018.03.30 16:10:44.757,0.8162,0.8167,1.37,1.37
2018.03.30 16:10:45.868,0.8162,0.81679,1.37,1.94
2018.03.30 16:10:49.104,0.8162,0.81671,1.37,1.37
2018.03.30 16:10:49.433,0.8162,0.81672,1.37,1.37
2018.03.30 16:10:50.102,0.8162,0.81672,1.37,1.37
2018.03.30 16:10:50.426,0.81622,0.81677,1.37,1.75
2018.03.30 16:10:51.436,0.8162,0.81675,2.25,1.37
2018.03.30 16:10:53.015,0.81625,0.81676,1.37,1.37
2018.03.30 16:10:54.864,0.81625,0.81676,1.37,1.37
2018.03.30 16:10:57.599,0.81625,0.81677,1.50,1.50
2018.03.30 16:11:12.386,0.81627,0.81678,1.37,1.50
2018.03.30 16:11:16.872,0.81625,0.81678,1.75,1.50
2018.03.30 16:11:24.973,0.81625,0.81678,1.75,1.37
2018.03.30 16:11:29.492,0.81628,0.81677,1.37,1.37
2018.03.30 16:11:29.801,0.81628,0.81674,1.37,1.37
2018.03.30 16:11:30.180,0.81628,0.81673,1.12,1.37
2018.03.30 16:11:30.887,0.81628,0.81673,1.00,1.37
2018.03.30 16:11:31.547,0.81624,0.81671,1.50,1.37
2018.03.30 16:11:31.877,0.81624,0.81671,1.50,1.37
2018.03.30 16:11:34.085,0.81624,0.8167,1.37,1.37
2018.03.30 16:11:35.341,0.81624,0.8167,1.37,1.37
2018.03.30 16:11:36.588,0.81624,0.81669,1.12,1.37
2018.03.30 16:11:37.901,0.81619,0.81669,1.75,1.37
2018.03.30 16:11:39.194,0.81619,0.81669,1.75,1.37
2018.03.30 16:11:40.103,0.81619,0.81669,1.75,1.37
2018.03.30 16:11:40.258,0.81624,0.81674,1.37,1.37
2018.03.30 16:11:40.780,0.81625,0.81677,1.37,1.37
2018.03.30 16:11:41.289,0.81625,0.81677,1.37,1.37
2018.03.30 16:11:43.324,0.81625,0.81677,1.37,1.37
2018.03.30 16:11:46.693,0.81625,0.81677,1.37,1.37
2018.03.30 16:11:54.622,0.81624,0.81678,1.87,1.37
2018.03.30 16:11:59.336,0.81625,0.81676,1.37,1.37
2018.03.30 16:12:01.048,0.81626,0.81677,1.37,1.37
2018.03.30 16:12:01.254,0.81626,0.81677,1.37,1.37
2018.03.30 16:12:01.307,0.81626,0.81677,1.37,1.37
2018.03.30 16:12:01.838,0.81625,0.81676,1.37,1.37
2018.03.30 16:12:01.940,0.81625,0.81676,1.37,1.37
2018.03.30 16:12:01.991,0.81625,0.81676,1.37,1.37
2018.03.30 16:12:02.043,0.81625,0.81676,1.37,1.37
2018.03.30 16:12:02.094,0.81626,0.81676,1.37,1.37
2018.03.30 16:12:02.146,0.81626,0.81676,1.37,1.37
2018.03.30 16:12:02.535,0.81626,0.81676,1.37,1.37
2018.03.30 16:12:02.688,0.81626,0.81676,1.37,1.37
2018.03.30 16:12:02.790,0.81626,0.81676,1.37,1.37
2018.03.30 16:12:03.577,0.81626,0.81676,1.37,1.37
2018.03.30 16:12:03.630,0.81626,0.81676,1.37,1.37
2018.03.30 16:12:03.869,0.81626,0.81676,1.37,1.37
2018.03.30 16:12:03.920,0.81626,0.81676,1.37,1.37
2018.03.30 16:12:03.972,0.81626,0.81676,1.37,1.37
2018.03.30 16:12:04.023,0.81626,0.81676,1.37,1.37
2018.03.30 16:12:04.125,0.81626,0.81676,1.37,1.37
2018.03.30 16:12:04.227,0.81626,0.81676,1.37,1.37
2018.03.30 16:12:06.415,0.81626,0.81676,1.37,1.37
2018.03.30 16:12:06.467,0.81626,0.81676,1.37,1.62
2018.03.30 16:12:06.532,0.81626,0.81676,1.37,1.62
2018.03.30 16:12:06.943,0.81626,0.81676,1.37,1.37
2018.03.30 16:12:07.149,0.81626,0.81676,1.37,1.37
2018.03.30 16:12:07.600,0.81625,0.81674,1.37,1.37
2018.03.30 16:12:07.922,0.8162,0.81669,1.37,1.37
2018.03.30 16:12:08.438,0.8162,0.81669,1.37,1.37
2018.03.30 16:12:08.836,0.8162,0.81669,1.37,1.37
2018.03.30 16:12:08.942,0.81624,0.81673,1.37,1.37
2018.03.30 16:12:09.101,0.81624,0.81672,1.12,1.37
2018.03.30 16:12:09.434,0.81624,0.81673,1.37,1.37
2018.03.30 16:12:09.984,0.8162,0.81673,1.37,1.37
2018.03.30 16:12:10.287,0.81624,0.81676,1.37,1.37
2018.03.30 16:12:10.807,0.81625,0.81678,1.37,1.37
2018.03.30 16:12:11.223,0.81625,0.81678,1.37,1.37
2018.03.30 16:12:11.751,0.81626,0.81678,1.37,1.37
2018.03.30 16:12:11.803,0.81626,0.81678,1.37,1.37
2018.03.30 16:12:11.906,0.81626,0.81678,1.37,1.37
2018.03.30 16:12:12.218,0.81626,0.81678,1.37,1.37
2018.03.30 16:12:13.380,0.81626,0.81678,1.37,1.37
2018.03.30 16:12:14.632,0.81626,0.81678,1.37,1.37
2018.03.30 16:12:18.867,0.81627,0.81679,1.37,1.37
2018.03.30 16:12:20.066,0.81627,0.81679,1.37,1.37
2018.03.30 16:12:20.700,0.81627,0.81679,1.37,1.37
2018.03.30 16:12:21.201,0.81629,0.81679,1.37,1.37
2018.03.30 16:12:26.403,0.81629,0.81679,1.37,1.37
2018.03.30 16:12:33.505,0.81629,0.81679,1.37,1.37
2018.03.30 16:12:36.034,0.81628,0.8168,1.87,1.37
2018.03.30 16:12:36.087,0.81628,0.8168,1.87,1.75
2018.03.30 16:12:36.139,0.81628,0.8168,1.50,1.37
2018.03.30 16:12:36.584,0.81628,0.81678,1.50,1.37
2018.03.30 16:12:37.707,0.81628,0.81678,1.50,1.37
2018.03.30 16:12:48.612,0.81629,0.8168,1.37,1.37
2018.03.30 16:12:49.490,0.81629,0.8168,1.37,1.37
2018.03.30 16:12:49.593,0.81629,0.8168,1.37,1.37
2018.03.30 16:12:49.903,0.81629,0.8168,1.37,1.37
2018.03.30 16:12:50.006,0.81629,0.8168,1.37,1.37
2018.03.30 16:12:50.367,0.81629,0.8168,1.37,1.37
2018.03.30 16:12:50.671,0.81629,0.8168,1.37,1.37
2018.03.30 16:12:51.068,0.81629,0.8168,1.37,1.37
2018.03.30 16:12:56.156,0.8163,0.81681,1.75,1.37
2018.03.30 16:12:56.700,0.8163,0.81681,1.75,1.37
2018.03.30 16:12:59.657,0.8163,0.81681,1.75,1.37
2018.03.30 16:13:06.267,0.81631,0.81681,1.50,1.37
2018.03.30 16:13:16.183,0.81631,0.81682,1.37,1.37
2018.03.30 16:13:23.749,0.81631,0.81682,1.37,1.75
2018.03.30 16:13:23.803,0.81631,0.81682,1.37,1.37
2018.03.30 16:13:23.857,0.81629,0.8168,1.50,1.37
2018.03.30 16:13:23.910,0.81629,0.8168,2.06,1.37
2018.03.30 16:13:24.083,0.81629,0.81679,1.50,1.37
2018.03.30 16:13:24.378,0.81629,0.81679,1.12,1.37
2018.03.30 16:13:24.485,0.81629,0.81679,1.50,1.37
2018.03.30 16:13:25.141,0.81629,0.81679,1.50,1.37
2018.03.30 16:13:25.671,0.81626,0.81679,1.87,1.37
2018.03.30 16:13:26.436,0.81626,0.81679,1.87,1.37
2018.03.30 16:13:26.540,0.81626,0.81679,1.87,1.37
2018.03.30 16:13:26.592,0.81626,0.81679,1.87,1.37
2018.03.30 16:13:26.747,0.81626,0.81679,1.87,1.37
2018.03.30 16:13:26.799,0.81626,0.81679,1.87,1.37
2018.03.30 16:13:26.851,0.81626,0.81679,1.87,1.37
2018.03.30 16:13:26.954,0.81629,0.81681,1.37,1.37
2018.03.30 16:13:27.109,0.81629,0.81681,1.37,1.37
2018.03.30 16:13:27.213,0.81629,0.81681,1.12,1.37
2018.03.30 16:13:27.316,0.81629,0.81681,1.37,1.37
2018.03.30 16:13:27.624,0.81629,0.81681,1.37,1.50
2018.03.30 16:13:28.147,0.81629,0.81681,1.37,1.37
2018.03.30 16:13:28.981,0.81631,0.81682,1.87,1.37
2018.03.30 16:13:31.691,0.81631,0.81682,1.87,1.37
2018.03.30 16:13:44.088,0.81632,0.81682,1.37,1.50
2018.03.30 16:13:50.105,0.81632,0.8168,1.37,1.37
2018.03.30 16:14:00.175,0.81631,0.81681,1.37,1.75
2018.03.30 16:14:01.689,0.81631,0.81679,1.37,1.37
2018.03.30 16:14:05.213,0.81631,0.81679,1.37,1.37
2018.03.30 16:14:06.363,0.81631,0.81679,1.37,1.37
2018.03.30 16:14:09.701,0.81631,0.81679,1.37,1.37
2018.03.30 16:14:10.009,0.81631,0.81679,1.12,1.37
2018.03.30 16:14:10.061,0.81631,0.81679,1.37,1.37
2018.03.30 16:14:10.370,0.81631,0.81681,1.87,1.37
2018.03.30 16:14:11.315,0.81631,0.81681,1.87,1.37
2018.03.30 16:14:11.864,0.81631,0.81681,1.87,1.37
2018.03.30 16:14:16.688,0.81631,0.81681,1.37,1.37
2018.03.30 16:14:17.670,0.81631,0.81681,1.37,1.37
2018.03.30 16:14:17.825,0.81632,0.81683,1.37,1.37
2018.03.30 16:14:17.928,0.81632,0.81683,1.37,1.37
2018.03.30 16:14:18.700,0.81631,0.81682,1.37,1.37
2018.03.30 16:14:19.180,0.81631,0.81682,1.37,1.37
2018.03.30 16:14:19.693,0.81631,0.81682,1.12,1.37
2018.03.30 16:14:19.798,0.81632,0.81684,1.37,1.37
2018.03.30 16:14:20.305,0.81633,0.81684,1.37,1.37
2018.03.30 16:14:20.976,0.81633,0.81683,1.37,1.37
2018.03.30 16:14:27.701,0.81633,0.81683,1.37,1.37
2018.03.30 16:14:27.855,0.81633,0.81683,1.37,1.37
2018.03.30 16:14:28.010,0.81633,0.81681,1.37,1.37
2018.03.30 16:14:28.639,0.81633,0.81681,1.37,1.37
2018.03.30 16:14:32.389,0.81632,0.81682,1.50,1.37
2018.03.30 16:14:39.585,0.81632,0.81683,1.75,1.37
2018.03.30 16:14:40.130,0.81632,0.81683,1.75,1.37
2018.03.30 16:14:40.475,0.81633,0.81683,1.50,1.37
2018.03.30 16:14:40.527,0.81633,0.81683,1.50,1.37
2018.03.30 16:14:41.000,0.81633,0.81683,1.50,1.37
2018.03.30 16:14:41.051,0.81633,0.81683,1.50,1.37
2018.03.30 16:14:41.476,0.81633,0.81683,1.50,1.37
2018.03.30 16:14:41.805,0.81633,0.81683,1.50,1.37
2018.03.30 16:14:41.960,0.81633,0.81683,1.50,1.37
2018.03.30 16:14:52.385,0.81636,0.81685,1.00,1.50
2018.03.30 16:14:52.437,0.81633,0.81685,1.00,1.37
2018.03.30 16:14:52.489,0.81632,0.81684,1.37,1.37
2018.03.30 16:14:52.897,0.81633,0.81686,1.37,1.37
2018.03.30 16:14:53.385,0.81633,0.81686,1.37,1.37
2018.03.30 16:14:53.437,0.81633,0.81686,1.00,1.37
2018.03.30 16:14:53.489,0.81633,0.81686,1.37,1.37
2018.03.30 16:14:53.849,0.81633,0.81686,1.37,1.37
2018.03.30 16:14:59.095,0.81633,0.81687,1.37,1.50
2018.03.30 16:14:59.199,0.81633,0.81687,1.37,1.37
2018.03.30 16:14:59.251,0.81633,0.81687,1.37,1.37
2018.03.30 16:14:59.303,0.81633,0.81687,1.37,1.37
2018.03.30 16:15:00.480,0.81633,0.81687,1.37,1.56
2018.03.30 16:15:04.200,0.81633,0.81685,1.37,1.56
2018.03.30 16:15:04.304,0.81633,0.81685,1.00,1.56
2018.03.30 16:15:04.409,0.81633,0.81685,1.37,1.56
2018.03.30 16:15:05.530,0.81634,0.81685,1.37,1.56
2018.03.30 16:15:11.675,0.81634,0.81686,1.12,1.94
2018.03.30 16:15:11.884,0.81634,0.81683,1.37,1.37
2018.03.30 16:15:12.186,0.81634,0.81685,1.12,1.62
2018.03.30 16:15:12.735,0.81634,0.81685,1.37,1.62
2018.03.30 16:15:13.569,0.81634,0.81685,1.12,1.69
2018.03.30 16:15:17.815,0.81633,0.81683,1.00,1.37
2018.03.30 16:15:18.197,0.81633,0.81683,1.37,1.37
2018.03.30 16:15:22.584,0.81633,0.81683,1.37,1.37
2018.03.30 16:15:23.701,0.81633,0.81683,1.37,1.62
2018.03.30 16:15:24.653,0.81633,0.81683,1.37,1.37
2018.03.30 16:15:25.202,0.81633,0.81683,1.37,1.37
2018.03.30 16:15:32.487,0.8163,0.81683,1.87,1.75
2018.03.30 16:15:32.590,0.81632,0.81683,1.37,1.37
2018.03.30 16:15:32.642,0.8163,0.81681,1.87,1.37
2018.03.30 16:15:32.848,0.8163,0.81681,1.87,1.37
2018.03.30 16:15:33.391,0.8163,0.81681,1.87,1.37
2018.03.30 16:15:39.250,0.81632,0.81681,1.37,1.37
2018.03.30 16:15:39.559,0.81632,0.81681,1.37,1.37
2018.03.30 16:15:39.887,0.81632,0.81681,1.37,1.37
2018.03.30 16:15:47.499,0.81632,0.81681,1.37,1.37
2018.03.30 16:15:52.384,0.81632,0.81681,1.37,1.37
2018.03.30 16:15:52.931,0.81632,0.8168,1.37,1.37
2018.03.30 16:15:53.595,0.81632,0.8168,1.37,1.37
2018.03.30 16:16:03.800,0.81631,0.81679,1.50,1.37
2018.03.30 16:16:03.904,0.81631,0.81681,1.37,1.37
2018.03.30 16:16:04.799,0.81631,0.8168,1.12,1.37
2018.03.30 16:16:05.474,0.81632,0.8168,1.00,1.37
2018.03.30 16:16:06.104,0.81632,0.8168,1.37,1.37
2018.03.30 16:16:08.094,0.81632,0.8168,1.37,1.37
2018.03.30 16:16:10.825,0.81632,0.8168,1.37,1.37
2018.03.30 16:16:12.024,0.81632,0.8168,1.37,1.37
2018.03.30 16:16:25.600,0.8163,0.8168,1.37,1.37
2018.03.30 16:16:26.132,0.8163,0.81682,1.37,1.37
2018.03.30 16:16:26.284,0.8163,0.81682,1.37,1.37
2018.03.30 16:16:26.783,0.8163,0.81682,1.37,1.56
2018.03.30 16:16:27.120,0.81631,0.81684,1.37,1.37
2018.03.30 16:16:27.223,0.81631,0.81684,1.37,1.37
2018.03.30 16:16:27.275,0.81631,0.81684,1.37,1.37
2018.03.30 16:16:27.752,0.81631,0.81684,1.37,1.37
2018.03.30 16:16:27.855,0.81631,0.81684,1.37,1.56
2018.03.30 16:16:27.907,0.81631,0.81684,1.37,1.37
2018.03.30 16:16:28.284,0.81631,0.81684,1.37,1.37
2018.03.30 16:16:29.555,0.81631,0.81684,1.37,1.37
2018.03.30 16:16:32.885,0.8163,0.81683,1.75,1.37
2018.03.30 16:16:33.472,0.8163,0.81683,1.75,1.56
2018.03.30 16:16:34.849,0.8163,0.81681,1.37,1.37
2018.03.30 16:16:35.865,0.8163,0.81681,1.37,1.37
2018.03.30 16:16:37.821,0.8163,0.81681,1.12,1.50
2018.03.30 16:16:38.375,0.81628,0.8168,1.00,1.50
2018.03.30 16:16:38.427,0.81625,0.81677,1.37,1.37
2018.03.30 16:16:38.810,0.81625,0.81677,1.37,1.37
2018.03.30 16:16:38.863,0.81625,0.81677,1.37,1.37
2018.03.30 16:16:39.019,0.81625,0.81677,1.37,1.37
2018.03.30 16:16:39.123,0.81625,0.81677,1.37,1.37
2018.03.30 16:16:39.175,0.81625,0.81677,1.37,1.37
2018.03.30 16:16:39.815,0.81626,0.81677,1.37,1.37
2018.03.30 16:16:40.378,0.81626,0.81677,1.37,1.37
2018.03.30 16:16:40.549,0.81628,0.81677,1.37,1.37
2018.03.30 16:16:40.811,0.81628,0.81677,1.37,1.37
2018.03.30 16:16:47.581,0.81628,0.81677,1.37,1.37
2018.03.30 16:16:47.685,0.81628,0.81677,1.37,1.37
2018.03.30 16:16:47.737,0.81628,0.81677,1.37,1.37
2018.03.30 16:16:47.789,0.81628,0.81677,1.37,1.12
2018.03.30 16:16:48.050,0.81628,0.81677,1.37,1.37
2018.03.30 16:16:50.672,0.81632,0.81679,1.00,1.37
2018.03.30 16:16:50.724,0.81632,0.81679,1.00,1.12
2018.03.30 16:16:51.169,0.81632,0.81679,1.12,1.37
2018.03.30 16:16:52.219,0.81632,0.81679,1.37,1.37
2018.03.30 16:16:56.773,0.81632,0.81679,1.37,1.37
2018.03.30 16:17:00.737,0.81632,0.81679,1.37,1.37
2018.03.30 16:17:01.830,0.81632,0.81679,1.00,1.37
2018.03.30 16:17:01.922,0.81632,0.81679,1.00,1.37
2018.03.30 16:17:02.026,0.81632,0.81679,1.37,1.37
2018.03.30 16:17:02.077,0.81632,0.81679,1.00,1.37
2018.03.30 16:17:02.129,0.81632,0.81679,1.12,1.37
2018.03.30 16:17:03.157,0.81632,0.81679,1.12,1.37
2018.03.30 16:17:03.260,0.81632,0.81681,1.00,1.37
2018.03.30 16:17:03.829,0.81632,0.81679,1.00,1.37
2018.03.30 16:17:04.242,0.81629,0.81681,1.37,1.37
2018.03.30 16:17:04.704,0.81629,0.81681,1.37,1.37
2018.03.30 16:17:04.756,0.81626,0.81679,1.12,1.37
2018.03.30 16:17:04.962,0.81626,0.81679,1.12,1.37
2018.03.30 16:17:05.688,0.81626,0.81679,1.12,1.37
2018.03.30 16:17:07.598,0.81628,0.81679,1.75,1.37
2018.03.30 16:17:08.090,0.81628,0.81679,1.75,1.37
2018.03.30 16:17:13.504,0.81628,0.81679,1.75,1.37
2018.03.30 16:17:13.557,0.81628,0.81679,1.75,1.37
2018.03.30 16:17:13.609,0.81628,0.81679,1.75,1.37
2018.03.30 16:17:14.864,0.81628,0.81679,1.75,1.37
2018.03.30 16:17:14.915,0.81628,0.81679,1.75,1.37
2018.03.30 16:17:15.376,0.81628,0.81679,1.75,1.37
2018.03.30 16:17:15.531,0.81628,0.81679,1.75,1.37
2018.03.30 16:17:16.013,0.81628,0.8168,1.75,1.37
2018.03.30 16:17:21.653,0.81632,0.8168,1.37,1.37
2018.03.30 16:17:21.963,0.81632,0.81683,1.12,1.50
2018.03.30 16:17:22.016,0.81632,0.81683,1.00,1.50
2018.03.30 16:17:22.069,0.81632,0.81681,1.00,1.37
2018.03.30 16:17:22.121,0.81632,0.81681,1.37,1.37
2018.03.30 16:17:22.329,0.81632,0.8168,1.00,1.37
2018.03.30 16:17:23.653,0.81632,0.81681,1.00,1.37
2018.03.30 16:17:24.653,0.81632,0.81681,1.00,1.37
2018.03.30 16:17:26.866,0.81632,0.81681,1.00,1.37
2018.03.30 16:17:27.396,0.81632,0.81682,1.12,1.37
2018.03.30 16:17:28.204,0.81632,0.81682,1.37,1.37
2018.03.30 16:17:32.052,0.8163,0.81685,1.87,1.56
2018.03.30 16:17:32.104,0.8163,0.81686,1.87,1.37
2018.03.30 16:17:32.156,0.8163,0.81686,1.87,1.37
2018.03.30 16:17:32.311,0.8163,0.81686,1.87,1.37
2018.03.30 16:17:32.692,0.8163,0.81684,1.37,1.37
2018.03.30 16:17:32.744,0.8163,0.81684,1.37,1.37
2018.03.30 16:17:33.192,0.8163,0.81684,1.37,1.37
2018.03.30 16:17:34.157,0.8163,0.81684,1.37,1.37
2018.03.30 16:17:39.699,0.8163,0.81684,1.50,1.75
2018.03.30 16:17:40.200,0.8163,0.8168,1.12,1.50
2018.03.30 16:17:40.253,0.81628,0.81678,1.50,1.37
2018.03.30 16:17:40.666,0.81628,0.8168,1.37,1.37
2018.03.30 16:17:40.718,0.81628,0.8168,1.37,1.37
2018.03.30 16:17:41.336,0.81628,0.81683,1.37,1.37
2018.03.30 16:17:41.388,0.81628,0.81684,1.37,1.62
2018.03.30 16:17:41.492,0.81628,0.81685,1.37,1.56
2018.03.30 16:17:42.675,0.81628,0.81685,1.37,1.69
2018.03.30 16:17:45.124,0.81628,0.81685,1.37,1.69
2018.03.30 16:17:45.814,0.81628,0.81685,1.37,1.69
2018.03.30 16:17:47.033,0.81628,0.81683,1.37,1.56
2018.03.30 16:17:48.682,0.81628,0.8168,1.37,1.37
2018.03.30 16:17:49.241,0.81628,0.81679,1.37,1.37
2018.03.30 16:17:52.381,0.81626,0.81679,1.37,1.37
2018.03.30 16:17:53.049,0.81626,0.8168,1.87,1.37
2018.03.30 16:17:54.193,0.81626,0.8168,1.87,1.37
2018.03.30 16:17:55.430,0.81626,0.8168,1.87,1.37
2018.03.30 16:17:56.768,0.81626,0.8168,1.87,1.37
2018.03.30 16:17:56.819,0.81626,0.8168,1.87,1.37
2018.03.30 16:17:56.922,0.81628,0.8168,1.37,1.37
2018.03.30 16:17:57.435,0.81628,0.8168,1.37,1.37
2018.03.30 16:17:58.006,0.81628,0.8168,1.37,1.37
2018.03.30 16:17:58.328,0.81628,0.8168,1.37,1.37
2018.03.30 16:17:58.854,0.81628,0.8168,1.37,1.37
2018.03.30 16:18:00.302,0.8163,0.8168,1.37,1.37
2018.03.30 16:18:00.865,0.8163,0.8168,1.37,1.37
2018.03.30 16:18:00.970,0.8163,0.8168,1.37,1.37
2018.03.30 16:18:01.281,0.8163,0.8168,1.37,1.37
2018.03.30 16:18:01.827,0.8163,0.8168,1.37,1.37
2018.03.30 16:18:03.109,0.8163,0.8168,1.37,1.37
2018.03.30 16:18:04.420,0.8163,0.8168,1.12,1.37
2018.03.30 16:18:04.828,0.8163,0.8168,1.37,1.37
2018.03.30 16:18:07.652,0.8163,0.8168,1.37,1.37
2018.03.30 16:18:09.164,0.8163,0.8168,1.37,1.37
2018.03.30 16:18:09.711,0.8163,0.8168,1.37,1.37
2018.03.30 16:18:10.308,0.81628,0.8168,1.50,1.62
2018.03.30 16:18:12.380,0.81628,0.81681,1.50,1.56
2018.03.30 16:18:13.743,0.81628,0.81681,1.50,1.37
2018.03.30 16:18:14.293,0.81628,0.81681,1.50,1.37
2018.03.30 16:18:18.713,0.81628,0.81681,1.50,1.37
2018.03.30 16:18:20.166,0.81628,0.81681,1.75,1.37
2018.03.30 16:18:20.273,0.81628,0.81682,1.75,1.37
2018.03.30 16:18:20.325,0.81628,0.81681,1.75,1.37
2018.03.30 16:18:20.636,0.81628,0.81683,1.75,1.37
2018.03.30 16:18:21.527,0.81628,0.81683,1.75,1.37
2018.03.30 16:18:22.081,0.81629,0.81683,1.00,1.50
2018.03.30 16:18:22.134,0.81628,0.81682,1.75,1.37
2018.03.30 16:18:23.701,0.81628,0.81681,1.75,1.37
2018.03.30 16:18:24.553,0.81628,0.81681,1.75,1.37
2018.03.30 16:18:25.527,0.81628,0.81681,1.75,1.37
2018.03.30 16:18:26.465,0.81628,0.81681,1.75,1.37
2018.03.30 16:18:26.643,0.81628,0.81681,1.75,1.37
2018.03.30 16:18:26.694,0.81628,0.81681,1.75,1.37
2018.03.30 16:18:26.797,0.81628,0.81682,1.75,1.37
2018.03.30 16:18:27.103,0.81628,0.81681,1.75,1.37
2018.03.30 16:18:32.592,0.81629,0.81683,1.37,1.37
2018.03.30 16:18:32.954,0.81629,0.81681,1.00,1.56
2018.03.30 16:18:33.084,0.81629,0.8168,1.37,1.62
2018.03.30 16:18:33.135,0.81629,0.8168,1.37,1.62
2018.03.30 16:18:34.037,0.81629,0.8168,1.37,1.37
2018.03.30 16:18:34.283,0.81629,0.81682,1.37,1.37
2018.03.30 16:18:41.701,0.81628,0.81681,1.50,1.37
2018.03.30 16:18:42.572,0.81628,0.81681,1.50,1.37
2018.03.30 16:18:43.077,0.81628,0.8169,1.50,2.04
2018.03.30 16:18:45.662,0.81628,0.8169,1.37,2.04
2018.03.30 16:18:46.477,0.81628,0.81683,1.37,1.37
2018.03.30 16:18:46.684,0.81629,0.81685,1.37,1.56
2018.03.30 16:18:46.736,0.81629,0.81685,1.37,1.62
2018.03.30 16:18:46.891,0.81629,0.81685,1.37,1.62
2018.03.30 16:18:46.944,0.81629,0.81685,1.37,1.37
2018.03.30 16:18:46.996,0.81629,0.81684,1.37,1.37
2018.03.30 16:18:47.155,0.81629,0.81684,1.37,1.37
2018.03.30 16:18:48.323,0.81629,0.81684,1.37,1.37
2018.03.30 16:18:52.094,0.81627,0.81681,1.37,1.37
2018.03.30 16:18:52.146,0.81627,0.81681,1.37,1.37
2018.03.30 16:18:52.198,0.81627,0.81681,1.37,1.37
2018.03.30 16:18:52.560,0.81627,0.8168,1.12,1.37
2018.03.30 16:18:52.612,0.81627,0.8168,1.37,1.37
2018.03.30 16:18:52.943,0.81627,0.81679,1.87,1.37
2018.03.30 16:18:52.997,0.81627,0.81679,1.87,1.37
2018.03.30 16:18:53.528,0.81627,0.81679,1.87,1.37
2018.03.30 16:18:53.580,0.81627,0.81679,1.87,1.37
2018.03.30 16:18:53.735,0.81629,0.8168,1.37,1.37
2018.03.30 16:18:53.787,0.81629,0.8168,1.37,1.37
2018.03.30 16:18:53.890,0.81627,0.81679,1.87,1.37
2018.03.30 16:18:53.943,0.81627,0.81679,1.87,1.37
2018.03.30 16:18:53.995,0.81629,0.8168,1.12,1.37
2018.03.30 16:18:54.098,0.81627,0.81679,1.87,1.37
2018.03.30 16:18:54.150,0.81627,0.81679,1.87,1.37
2018.03.30 16:18:54.354,0.81627,0.81679,1.87,1.37
2018.03.30 16:18:59.701,0.81627,0.81679,1.87,1.37
2018.03.30 16:18:59.804,0.81627,0.81678,1.50,1.37
2018.03.30 16:18:59.907,0.81624,0.81678,1.12,1.37
2018.03.30 16:18:59.959,0.81624,0.81678,1.12,1.37
2018.03.30 16:19:00.532,0.81624,0.81678,1.12,1.37
2018.03.30 16:19:00.700,0.81624,0.81678,1.12,1.37
2018.03.30 16:19:02.802,0.81624,0.81678,1.12,1.37
2018.03.30 16:19:05.798,0.81624,0.81678,1.12,1.37
2018.03.30 16:19:07.185,0.81624,0.81678,1.12,1.37
2018.03.30 16:19:07.340,0.81624,0.81678,1.12,1.37
2018.03.30 16:19:07.393,0.81624,0.81678,1.12,1.37
2018.03.30 16:19:08.578,0.81624,0.8168,1.12,1.37
2018.03.30 16:19:10.132,0.81628,0.81681,1.37,1.37
2018.03.30 16:19:10.184,0.81627,0.8168,1.37,1.37
2018.03.30 16:19:10.290,0.81627,0.8168,1.37,1.37
2018.03.30 16:19:10.632,0.81627,0.8168,1.37,1.37
2018.03.30 16:19:11.363,0.81627,0.8168,1.37,1.37
2018.03.30 16:19:11.415,0.81628,0.81681,1.37,1.37
2018.03.30 16:19:12.172,0.81627,0.8168,1.37,1.37
2018.03.30 16:19:17.701,0.81627,0.8168,1.87,1.37
2018.03.30 16:19:17.879,0.81627,0.81679,1.50,1.37
2018.03.30 16:19:19.052,0.81627,0.8168,1.87,1.37
2018.03.30 16:19:20.261,0.81627,0.81679,1.50,1.37
2018.03.30 16:19:23.092,0.81627,0.8168,1.37,1.37
2018.03.30 16:19:23.194,0.81627,0.8168,1.37,1.37
2018.03.30 16:19:23.245,0.81627,0.8168,1.37,1.37
2018.03.30 16:19:23.399,0.81624,0.81679,1.87,1.37
2018.03.30 16:19:23.690,0.81624,0.81679,1.87,1.37
2018.03.30 16:19:24.682,0.81624,0.81679,1.87,1.37
2018.03.30 16:19:28.974,0.81624,0.81681,1.75,1.37
2018.03.30 16:19:30.435,0.81625,0.81681,1.37,1.37
2018.03.30 16:19:31.615,0.81629,0.81684,1.37,1.37
2018.03.30 16:19:31.720,0.81625,0.81682,1.37,1.37
2018.03.30 16:19:31.771,0.81625,0.81682,1.37,1.37
2018.03.30 16:19:31.824,0.81627,0.81683,1.37,1.37
2018.03.30 16:19:31.978,0.81627,0.81683,1.37,1.37
2018.03.30 16:19:32.030,0.81627,0.81683,1.37,1.37
2018.03.30 16:19:32.591,0.81626,0.81684,1.87,1.37
2018.03.30 16:19:32.643,0.81629,0.81685,1.37,1.37
2018.03.30 16:19:32.696,0.81629,0.81685,1.37,1.37
2018.03.30 16:19:33.129,0.81627,0.81684,1.37,1.37
2018.03.30 16:19:33.181,0.81627,0.81684,1.37,1.37
2018.03.30 16:19:33.438,0.81627,0.81684,1.37,1.62
2018.03.30 16:19:33.746,0.81627,0.81684,1.37,1.62
2018.03.30 16:19:34.108,0.81627,0.81684,1.37,1.62
2018.03.30 16:19:34.212,0.81627,0.81684,1.37,1.62
2018.03.30 16:19:34.316,0.81627,0.81684,1.37,1.62
2018.03.30 16:19:34.471,0.81625,0.81683,1.37,1.56
2018.03.30 16:19:34.523,0.81625,0.81683,1.37,1.56
2018.03.30 16:19:34.832,0.81625,0.81683,1.37,1.56
2018.03.30 16:19:35.823,0.81625,0.81683,1.37,1.37
2018.03.30 16:19:39.700,0.81627,0.81683,1.37,1.37
2018.03.30 16:19:42.135,0.81627,0.81683,1.37,1.37
2018.03.30 16:19:42.660,0.81626,0.81682,1.50,1.37
2018.03.30 16:19:43.117,0.81626,0.81682,1.50,1.37
2018.03.30 16:19:46.340,0.81626,0.81682,1.50,1.37
2018.03.30 16:19:46.443,0.81626,0.81682,1.50,1.37
2018.03.30 16:19:46.913,0.81626,0.81682,1.50,1.62
2018.03.30 16:20:00.601,0.81626,0.8168,1.75,1.37
2018.03.30 16:20:01.122,0.81626,0.81681,1.75,1.37
2018.03.30 16:20:01.593,0.81626,0.81681,1.75,1.37
2018.03.30 16:20:02.979,0.81626,0.81682,1.75,1.37
2018.03.30 16:20:04.998,0.81626,0.81682,2.25,1.37
2018.03.30 16:20:06.135,0.81626,0.81682,2.25,1.37
2018.03.30 16:20:10.130,0.81626,0.81682,1.37,1.37
2018.03.30 16:20:16.245,0.81624,0.81681,1.75,1.50
2018.03.30 16:20:16.300,0.81626,0.8168,1.37,1.37
2018.03.30 16:20:16.353,0.81626,0.8168,1.37,1.37
2018.03.30 16:20:16.720,0.81627,0.8168,1.37,1.37
2018.03.30 16:20:17.267,0.81627,0.81679,1.37,1.37
2018.03.30 16:20:18.126,0.81627,0.81679,1.37,1.37
2018.03.30 16:20:29.561,0.81627,0.81679,1.87,1.37
2018.03.30 16:20:31.655,0.81627,0.81689,1.37,2.04
2018.03.30 16:20:32.976,0.81627,0.81679,1.37,1.37
2018.03.30 16:20:52.951,0.81627,0.81679,1.37,1.37
2018.03.30 16:20:53.003,0.81627,0.81677,1.37,1.37
2018.03.30 16:20:54.398,0.81627,0.81677,1.37,1.37
2018.03.30 16:20:54.451,0.81627,0.81677,1.37,1.37
2018.03.30 16:20:54.582,0.81627,0.81677,1.37,1.37
2018.03.30 16:20:54.839,0.81627,0.81677,1.37,1.37
2018.03.30 16:20:54.893,0.81627,0.81677,1.37,1.37
2018.03.30 16:20:54.998,0.81627,0.81677,1.37,1.37
2018.03.30 16:20:55.051,0.81627,0.81677,1.37,1.37
2018.03.30 16:20:55.104,0.81627,0.81677,1.37,1.37
2018.03.30 16:20:55.157,0.81627,0.81677,1.37,1.37
2018.03.30 16:20:55.261,0.81627,0.81677,1.37,1.37
2018.03.30 16:20:55.464,0.81627,0.81677,1.37,1.37
2018.03.30 16:20:55.973,0.81627,0.81677,1.37,1.37
2018.03.30 16:20:57.013,0.81627,0.81678,1.87,1.37
2018.03.30 16:20:57.597,0.81627,0.81677,1.37,1.37
2018.03.30 16:20:57.702,0.81627,0.81678,1.87,1.37
2018.03.30 16:20:57.962,0.81627,0.81678,1.87,1.37
2018.03.30 16:20:58.016,0.81627,0.81677,1.37,1.37
2018.03.30 16:20:59.140,0.81627,0.81677,1.50,1.37
2018.03.30 16:20:59.702,0.81627,0.81677,1.50,1.37
2018.03.30 16:20:59.754,0.81627,0.81677,1.50,1.37
2018.03.30 16:20:59.806,0.81627,0.81677,1.50,1.37
2018.03.30 16:20:59.910,0.81627,0.81678,1.87,1.37
2018.03.30 16:20:59.963,0.81627,0.81677,1.50,1.37
2018.03.30 16:21:00.016,0.81627,0.81677,1.50,1.37
2018.03.30 16:21:00.430,0.81627,0.81678,1.87,1.37
2018.03.30 16:21:00.596,0.81627,0.81678,1.87,1.37
2018.03.30 16:21:01.733,0.81628,0.81679,1.37,1.87
2018.03.30 16:21:08.368,0.81627,0.81678,1.50,1.37
2018.03.30 16:21:08.522,0.81627,0.81678,1.50,1.37
2018.03.30 16:21:08.575,0.81627,0.81678,1.50,1.37
2018.03.30 16:21:08.885,0.81627,0.81677,1.50,1.37
2018.03.30 16:21:09.378,0.81627,0.81678,1.50,1.37
2018.03.30 16:21:09.430,0.81627,0.81678,1.50,1.37
2018.03.30 16:21:09.534,0.81627,0.81678,1.50,1.37
2018.03.30 16:21:09.791,0.81627,0.81679,1.87,1.37
2018.03.30 16:21:09.843,0.81627,0.81679,1.87,1.37
2018.03.30 16:21:10.382,0.81627,0.81678,1.50,1.37
2018.03.30 16:21:12.382,0.81627,0.81678,1.50,1.37
2018.03.30 16:21:12.497,0.81627,0.81677,1.50,1.37
2018.03.30 16:21:13.038,0.81627,0.81677,1.50,1.37
2018.03.30 16:21:16.647,0.81627,0.81677,1.50,1.37
2018.03.30 16:21:18.271,0.81627,0.81677,1.50,1.37
2018.03.30 16:21:19.528,0.81627,0.81677,1.50,1.37
2018.03.30 16:21:25.687,0.81627,0.81679,1.50,1.37
2018.03.30 16:21:25.791,0.81627,0.81677,1.50,1.37
2018.03.30 16:21:25.894,0.81627,0.81677,1.50,1.37
2018.03.30 16:21:31.689,0.81623,0.81677,1.75,1.37
2018.03.30 16:21:31.740,0.81623,0.81677,1.75,1.37
2018.03.30 16:21:31.792,0.81623,0.81677,1.75,1.37
2018.03.30 16:21:39.237,0.81623,0.81677,1.37,1.37
2018.03.30 16:21:46.611,0.81624,0.81677,1.37,1.37
2018.03.30 16:21:46.715,0.81624,0.81677,1.37,1.37
2018.03.30 16:21:46.819,0.81624,0.81679,1.37,1.37
2018.03.30 16:22:04.448,0.81624,0.81679,1.87,1.37
2018.03.30 16:22:04.552,0.81624,0.81679,1.87,1.37
2018.03.30 16:22:05.033,0.81624,0.81679,1.87,1.37
2018.03.30 16:22:05.085,0.81624,0.81679,1.87,1.37
2018.03.30 16:22:05.138,0.81624,0.81677,1.37,1.37
2018.03.30 16:22:05.190,0.81624,0.81677,1.37,1.37
2018.03.30 16:22:05.294,0.81624,0.81677,1.37,1.37
2018.03.30 16:22:05.553,0.81624,0.81679,1.37,1.87
2018.03.30 16:22:05.658,0.81624,0.81678,1.37,1.37
2018.03.30 16:22:05.968,0.81624,0.81678,1.37,1.75
2018.03.30 16:22:06.106,0.81624,0.81676,1.37,1.37
2018.03.30 16:22:06.208,0.81624,0.81676,1.37,1.37
2018.03.30 16:22:06.412,0.81624,0.81675,1.87,1.37
2018.03.30 16:22:06.515,0.81624,0.81675,1.87,1.37
2018.03.30 16:22:06.668,0.81624,0.81675,1.87,1.37
2018.03.30 16:22:06.720,0.81624,0.81675,1.87,1.37
2018.03.30 16:22:07.792,0.81624,0.81675,1.87,1.37
2018.03.30 16:22:07.946,0.81625,0.81677,1.37,1.37
2018.03.30 16:22:08.210,0.81625,0.81677,1.37,1.37
2018.03.30 16:22:08.313,0.81625,0.81677,1.37,1.37
2018.03.30 16:22:08.467,0.81625,0.81677,1.37,1.37
2018.03.30 16:22:09.499,0.81625,0.81677,1.37,1.37
2018.03.30 16:22:09.550,0.81622,0.81676,1.75,1.37
2018.03.30 16:22:09.996,0.81622,0.81676,1.75,1.37
2018.03.30 16:22:10.151,0.81622,0.81676,1.75,1.37
2018.03.30 16:22:10.305,0.81622,0.81676,1.75,1.37
2018.03.30 16:22:12.590,0.81625,0.81678,1.37,1.37
2018.03.30 16:22:13.674,0.81625,0.81678,1.37,1.37
2018.03.30 16:22:14.643,0.81625,0.81678,1.37,1.37
2018.03.30 16:22:14.747,0.81625,0.81679,1.87,1.37
2018.03.30 16:22:15.057,0.81625,0.81679,1.87,1.37
2018.03.30 16:22:16.065,0.81626,0.8168,1.37,1.37
2018.03.30 16:22:16.494,0.81626,0.8168,1.37,1.37
2018.03.30 16:22:16.701,0.81626,0.8168,1.37,1.37
2018.03.30 16:22:18.193,0.81626,0.8168,1.37,1.37
2018.03.30 16:22:20.054,0.81626,0.8168,1.37,1.37
2018.03.30 16:22:20.209,0.81626,0.8168,1.37,1.37
2018.03.30 16:22:20.415,0.81626,0.8168,1.37,1.37
2018.03.30 16:22:20.571,0.81626,0.8168,1.37,1.37
2018.03.30 16:22:20.623,0.81625,0.81678,1.37,1.37
2018.03.30 16:22:21.538,0.81626,0.8168,1.37,1.37
2018.03.30 16:22:22.080,0.81625,0.81678,1.37,1.37
2018.03.30 16:22:22.131,0.81624,0.81678,1.37,1.37
2018.03.30 16:22:22.183,0.81624,0.81678,1.37,1.37
2018.03.30 16:22:22.490,0.81624,0.81678,1.37,1.37
2018.03.30 16:22:22.716,0.81622,0.81677,1.75,1.37
2018.03.30 16:22:22.818,0.81622,0.81677,1.75,1.37
2018.03.30 16:22:22.869,0.81623,0.81677,1.75,1.37
2018.03.30 16:22:23.023,0.81623,0.81677,1.75,1.37
2018.03.30 16:22:23.227,0.81623,0.81677,1.75,1.37
2018.03.30 16:22:23.382,0.81623,0.81677,1.75,1.37
2018.03.30 16:22:23.485,0.81623,0.81677,1.75,1.37
2018.03.30 16:22:23.537,0.81623,0.81677,1.75,1.37
2018.03.30 16:22:23.762,0.81623,0.81677,1.75,1.37
2018.03.30 16:22:24.363,0.81624,0.81677,1.50,1.37
2018.03.30 16:22:24.675,0.81625,0.81679,1.37,1.37
2018.03.30 16:22:25.777,0.81625,0.81679,1.37,1.37
2018.03.30 16:22:26.751,0.81625,0.81679,1.37,1.37
2018.03.30 16:22:27.266,0.81623,0.81677,1.87,1.37
2018.03.30 16:22:28.428,0.81623,0.81677,1.87,1.37
2018.03.30 16:22:28.634,0.81623,0.81677,2.62,1.37
2018.03.30 16:22:29.224,0.81625,0.81678,1.75,1.37
2018.03.30 16:22:29.790,0.81625,0.81678,1.75,1.37
2018.03.30 16:22:29.893,0.81625,0.81678,1.75,1.37
2018.03.30 16:22:29.946,0.81625,0.81678,1.75,1.37
2018.03.30 16:22:29.999,0.81625,0.81678,1.75,1.37
2018.03.30 16:22:30.051,0.81625,0.81678,1.75,1.37
2018.03.30 16:22:30.155,0.81625,0.81678,1.75,1.37
2018.03.30 16:22:30.664,0.81625,0.81678,1.75,1.37
2018.03.30 16:22:31.327,0.81624,0.81678,1.87,1.37
2018.03.30 16:22:33.223,0.81624,0.81678,1.87,1.37
2018.03.30 16:22:33.276,0.81624,0.81678,1.87,1.37
2018.03.30 16:22:33.329,0.81624,0.81678,1.87,1.37
2018.03.30 16:22:33.381,0.81627,0.81678,1.00,1.37
2018.03.30 16:22:33.433,0.81624,0.81678,1.87,1.37
2018.03.30 16:22:33.484,0.81624,0.81678,1.87,1.37
2018.03.30 16:22:33.640,0.81624,0.81678,1.87,1.37
2018.03.30 16:22:33.692,0.81624,0.81676,1.87,1.37
2018.03.30 16:22:33.848,0.81626,0.81676,1.75,1.37
2018.03.30 16:22:38.212,0.81625,0.8168,1.75,1.37
2018.03.30 16:22:39.752,0.81624,0.8168,1.50,1.37
2018.03.30 16:22:40.362,0.81626,0.81682,1.87,1.62
2018.03.30 16:22:40.465,0.81626,0.81682,1.87,1.56
2018.03.30 16:22:40.620,0.81626,0.81682,1.37,1.37
2018.03.30 16:22:40.672,0.81625,0.8168,1.37,1.37
2018.03.30 16:22:40.724,0.81625,0.8168,1.37,1.37
2018.03.30 16:22:40.828,0.81625,0.8168,1.37,1.37
2018.03.30 16:22:40.880,0.81625,0.8168,1.37,1.37
2018.03.30 16:22:42.460,0.81625,0.8168,1.37,1.37
2018.03.30 16:22:42.512,0.81625,0.8168,1.37,1.37
2018.03.30 16:22:42.616,0.81625,0.8168,1.37,1.37
2018.03.30 16:22:42.720,0.81626,0.81682,1.37,1.37
2018.03.30 16:22:44.214,0.81626,0.8168,1.37,1.37
2018.03.30 16:22:44.267,0.81625,0.81681,1.87,1.37
2018.03.30 16:22:44.834,0.81625,0.81681,1.87,1.37
2018.03.30 16:22:49.896,0.81625,0.81681,1.37,1.37
2018.03.30 16:22:50.002,0.81627,0.81682,1.37,1.37
2018.03.30 16:22:50.054,0.81627,0.81682,1.37,1.37
2018.03.30 16:22:55.327,0.81625,0.81681,1.87,1.56
2018.03.30 16:22:55.379,0.81625,0.81681,1.87,1.62
2018.03.30 16:22:55.431,0.81625,0.81679,1.37,1.37
2018.03.30 16:22:56.414,0.81625,0.8168,1.87,1.37
2018.03.30 16:22:56.467,0.81625,0.8168,1.87,1.37
2018.03.30 16:22:56.674,0.81625,0.8168,1.87,1.37
2018.03.30 16:23:00.684,0.81625,0.8168,1.87,1.37
2018.03.30 16:23:01.089,0.81625,0.8168,1.87,1.37
2018.03.30 16:23:01.203,0.81625,0.8168,1.87,1.37
2018.03.30 16:23:01.255,0.81625,0.81679,1.50,1.37
2018.03.30 16:23:02.420,0.81625,0.81679,1.50,1.37
2018.03.30 16:23:02.932,0.81625,0.81679,1.50,1.37
2018.03.30 16:23:05.625,0.81626,0.8168,1.37,1.37
2018.03.30 16:23:05.728,0.81626,0.8168,1.37,1.37
2018.03.30 16:23:05.780,0.81626,0.8168,1.37,1.37
2018.03.30 16:23:06.178,0.81626,0.8168,1.37,1.37
2018.03.30 16:23:06.230,0.81626,0.8168,1.37,1.37
2018.03.30 16:23:06.323,0.81626,0.8168,1.37,1.37
2018.03.30 16:23:06.625,0.81626,0.8168,1.37,1.37
2018.03.30 16:23:07.694,0.81626,0.8168,1.37,1.37
2018.03.30 16:23:07.797,0.81626,0.8168,1.37,1.37
2018.03.30 16:23:07.900,0.81626,0.8168,1.37,1.37
2018.03.30 16:23:09.071,0.81626,0.8168,1.37,1.37
2018.03.30 16:23:11.261,0.81626,0.8168,1.37,1.37
2018.03.30 16:23:12.384,0.81626,0.81682,1.87,1.37
2018.03.30 16:23:13.032,0.81626,0.8168,1.37,1.37
2018.03.30 16:23:13.544,0.81626,0.81679,1.37,1.37
2018.03.30 16:23:16.697,0.81624,0.81679,1.75,1.37
2018.03.30 16:23:21.855,0.81625,0.8168,1.87,1.37
2018.03.30 16:23:21.907,0.81625,0.8168,1.87,1.37
2018.03.30 16:23:22.225,0.81625,0.8168,1.87,1.37
2018.03.30 16:23:22.276,0.81625,0.8168,1.87,1.37
2018.03.30 16:23:22.327,0.81625,0.8168,1.87,1.37
2018.03.30 16:23:22.429,0.81625,0.8168,1.87,1.37
2018.03.30 16:23:22.639,0.81625,0.8168,1.87,1.37
2018.03.30 16:23:22.692,0.81625,0.8168,1.87,1.37
2018.03.30 16:23:22.744,0.81625,0.8168,1.87,1.37
2018.03.30 16:23:22.796,0.81625,0.8168,1.87,1.37
2018.03.30 16:23:22.899,0.81625,0.8168,1.87,1.37
2018.03.30 16:23:23.202,0.81625,0.8168,1.87,1.37
2018.03.30 16:23:23.254,0.81625,0.8168,1.87,1.37
2018.03.30 16:23:23.306,0.81625,0.8168,1.87,1.37
2018.03.30 16:23:23.358,0.81625,0.8168,1.87,1.37
2018.03.30 16:23:23.461,0.81625,0.8168,1.87,1.37
2018.03.30 16:23:23.564,0.81625,0.8168,1.87,1.37
2018.03.30 16:23:23.669,0.81625,0.8168,1.87,1.37
2018.03.30 16:23:23.825,0.81624,0.81679,1.50,1.37
2018.03.30 16:23:24.154,0.81624,0.81679,1.50,1.37
2018.03.30 16:23:24.741,0.81624,0.81679,1.50,1.37
2018.03.30 16:23:25.288,0.81625,0.81679,1.37,1.37
2018.03.30 16:23:26.211,0.81625,0.8168,1.87,1.37
2018.03.30 16:23:32.742,0.81625,0.8168,1.37,1.37
2018.03.30 16:23:32.894,0.81625,0.8168,1.37,1.37
2018.03.30 16:23:32.946,0.81625,0.8168,1.87,1.37
2018.03.30 16:23:33.149,0.81625,0.8168,1.87,1.37
2018.03.30 16:23:33.201,0.81625,0.81681,2.62,1.37
2018.03.30 16:23:33.372,0.81625,0.81681,2.62,1.37
2018.03.30 16:23:33.475,0.81625,0.81681,2.62,1.37
2018.03.30 16:23:33.528,0.81625,0.81681,2.62,1.37
2018.03.30 16:23:33.581,0.81627,0.81683,1.37,1.37
2018.03.30 16:23:34.629,0.81625,0.81682,2.62,1.37
2018.03.30 16:23:34.682,0.81625,0.8168,1.37,1.37
2018.03.30 16:23:34.786,0.81625,0.8168,1.37,1.37
2018.03.30 16:23:35.653,0.81626,0.8168,1.37,1.37
2018.03.30 16:23:36.260,0.81626,0.81682,1.87,1.37
2018.03.30 16:23:36.415,0.81626,0.81682,1.87,1.37
2018.03.30 16:23:37.515,0.81626,0.8168,1.37,1.37
2018.03.30 16:23:39.037,0.81626,0.8168,1.37,1.37
2018.03.30 16:23:40.005,0.81626,0.8168,1.37,1.37
2018.03.30 16:23:40.538,0.81626,0.8168,1.37,1.37
2018.03.30 16:23:40.591,0.81626,0.8168,1.37,1.37
2018.03.30 16:23:41.798,0.81626,0.81678,1.37,1.37
2018.03.30 16:23:43.298,0.81626,0.81678,1.37,1.37
2018.03.30 16:23:43.827,0.81626,0.81678,1.37,1.37
2018.03.30 16:23:44.885,0.81626,0.81678,1.37,1.37
2018.03.30 16:23:45.040,0.81626,0.81678,1.37,1.37
2018.03.30 16:23:45.577,0.81624,0.81678,2.25,1.37
2018.03.30 16:23:49.702,0.81624,0.8168,2.62,1.37
2018.03.30 16:23:49.837,0.81624,0.8168,2.62,1.37
2018.03.30 16:23:51.008,0.81626,0.81682,1.37,1.62
2018.03.30 16:23:52.123,0.81626,0.81681,1.37,1.37
2018.03.30 16:23:53.651,0.81625,0.81679,1.37,1.37
2018.03.30 16:23:54.706,0.81624,0.81678,1.50,1.37
2018.03.30 16:23:54.759,0.81624,0.81678,1.50,1.37
2018.03.30 16:23:54.811,0.81624,0.81677,1.50,1.37
2018.03.30 16:23:54.967,0.81624,0.81677,1.50,1.37
2018.03.30 16:23:56.100,0.81624,0.81677,1.50,1.37
2018.03.30 16:23:56.306,0.81624,0.81677,1.50,1.37
2018.03.30 16:23:57.171,0.81624,0.81677,1.50,1.37
2018.03.30 16:23:57.275,0.81624,0.81677,1.50,1.37
2018.03.30 16:23:57.377,0.81624,0.81677,1.50,1.37
2018.03.30 16:23:57.531,0.81624,0.81677,1.50,1.37
2018.03.30 16:23:57.686,0.81624,0.81677,1.50,1.37
2018.03.30 16:23:57.738,0.81624,0.81677,1.50,1.37
2018.03.30 16:23:57.789,0.81623,0.81677,1.75,1.56
2018.03.30 16:23:58.940,0.81623,0.81677,1.75,1.37
2018.03.30 16:23:59.044,0.81623,0.81677,1.37,1.37
2018.03.30 16:23:59.147,0.81623,0.81677,1.37,1.37
2018.03.30 16:24:00.432,0.81623,0.81677,1.37,1.37
2018.03.30 16:24:00.484,0.81623,0.81677,1.37,1.37
2018.03.30 16:24:00.638,0.81623,0.81677,1.37,1.37
2018.03.30 16:24:01.145,0.81623,0.81677,1.87,1.37
2018.03.30 16:24:01.697,0.81623,0.81677,1.87,1.37
2018.03.30 16:24:02.872,0.81623,0.81677,1.87,1.37
2018.03.30 16:24:03.618,0.81623,0.81677,1.37,1.37
2018.03.30 16:24:05.859,0.81623,0.81677,1.37,1.37
2018.03.30 16:24:06.701,0.81625,0.81679,1.37,1.37
2018.03.30 16:24:07.700,0.81625,0.81681,1.37,1.50
2018.03.30 16:24:08.241,0.81625,0.81681,1.37,1.37
2018.03.30 16:24:12.389,0.81624,0.81679,1.37,1.37
2018.03.30 16:24:16.497,0.81625,0.8168,1.37,1.37
2018.03.30 16:24:17.044,0.81625,0.8168,1.37,1.37
2018.03.30 16:24:17.596,0.81625,0.8168,1.37,1.37
2018.03.30 16:24:29.339,0.81625,0.8168,1.37,1.37
2018.03.30 16:24:29.596,0.81625,0.81682,1.87,1.62
2018.03.30 16:24:29.952,0.81625,0.81682,1.87,1.62
2018.03.30 16:24:31.081,0.81625,0.81682,1.87,1.37
2018.03.30 16:24:43.499,0.81624,0.81679,2.62,1.37
2018.03.30 16:24:44.728,0.81624,0.81679,2.62,1.37
2018.03.30 16:24:50.617,0.81624,0.81679,2.25,1.37
2018.03.30 16:24:50.669,0.81626,0.8168,1.37,1.62
2018.03.30 16:24:51.171,0.81624,0.81679,2.25,1.37
2018.03.30 16:24:53.592,0.81625,0.8168,1.87,1.56
2018.03.30 16:24:53.854,0.81627,0.81682,1.37,1.62
2018.03.30 16:24:53.958,0.81627,0.81682,1.37,1.62
2018.03.30 16:24:54.061,0.81627,0.81682,1.37,1.37
2018.03.30 16:24:54.593,0.81627,0.81682,1.37,1.37
2018.03.30 16:24:55.593,0.81625,0.8168,1.87,1.37
2018.03.30 16:24:56.064,0.81625,0.81678,1.50,1.37
2018.03.30 16:24:56.167,0.81625,0.81678,1.37,1.37
2018.03.30 16:24:56.757,0.81625,0.81679,1.87,1.37
2018.03.30 16:24:57.113,0.81625,0.81679,1.87,1.37
2018.03.30 16:24:57.268,0.81625,0.81679,1.87,1.37
2018.03.30 16:24:58.137,0.81625,0.81679,1.87,1.37
2018.03.30 16:25:02.964,0.81625,0.81679,1.87,1.37
2018.03.30 16:25:03.067,0.81625,0.81679,2.62,1.37
2018.03.30 16:25:03.276,0.81626,0.81679,1.37,1.37
2018.03.30 16:25:05.701,0.81626,0.8168,1.37,1.37
2018.03.30 16:25:05.753,0.81626,0.8168,1.37,1.37
2018.03.30 16:25:05.805,0.81626,0.8168,1.37,1.37
2018.03.30 16:25:05.928,0.81626,0.8168,1.37,1.37
2018.03.30 16:25:07.176,0.81626,0.8168,1.37,1.37
2018.03.30 16:25:08.217,0.81626,0.8168,1.37,1.37
2018.03.30 16:25:10.713,0.81626,0.8168,1.37,1.37
2018.03.30 16:25:12.385,0.81626,0.81681,1.37,1.87
2018.03.30 16:25:12.541,0.81625,0.81677,1.12,1.37
2018.03.30 16:25:12.593,0.81625,0.81677,1.37,1.37
2018.03.30 16:25:12.901,0.81625,0.81677,1.37,1.37
2018.03.30 16:25:13.714,0.81625,0.81677,1.37,1.37
2018.03.30 16:25:13.766,0.81625,0.81677,1.37,1.37
2018.03.30 16:25:13.870,0.81625,0.81678,1.37,1.37
2018.03.30 16:25:14.282,0.81625,0.81679,1.87,1.37
2018.03.30 16:25:18.836,0.81627,0.8168,1.37,1.37
2018.03.30 16:25:19.293,0.81627,0.8168,1.37,1.37
2018.03.30 16:25:20.529,0.81627,0.8168,1.37,1.37
2018.03.30 16:25:20.581,0.81627,0.8168,1.37,1.37
2018.03.30 16:25:20.728,0.81627,0.8168,1.37,1.37
2018.03.30 16:25:20.780,0.81627,0.8168,1.37,1.37
2018.03.30 16:25:20.881,0.81625,0.81679,1.87,1.37
2018.03.30 16:25:22.261,0.81625,0.81679,1.87,1.37
2018.03.30 16:25:28.698,0.81625,0.81679,1.87,1.37
2018.03.30 16:25:28.801,0.81625,0.81679,1.87,1.37
2018.03.30 16:25:28.853,0.81625,0.81679,2.62,1.37
2018.03.30 16:25:30.185,0.81625,0.81679,1.87,1.37
2018.03.30 16:25:33.759,0.81625,0.81679,1.37,1.37
2018.03.30 16:25:33.811,0.81625,0.81679,1.37,1.37
2018.03.30 16:25:33.863,0.81625,0.81679,1.37,1.37
2018.03.30 16:25:41.020,0.81626,0.8168,1.37,1.37
2018.03.30 16:25:41.280,0.81626,0.8168,1.87,1.37
2018.03.30 16:25:41.331,0.81626,0.8168,1.87,1.37
2018.03.30 16:25:41.434,0.81626,0.8168,1.87,1.37
2018.03.30 16:25:41.753,0.81626,0.8168,1.87,1.37
2018.03.30 16:25:42.601,0.81626,0.8168,1.37,1.37
2018.03.30 16:25:42.653,0.81625,0.81679,1.87,1.37
2018.03.30 16:25:42.705,0.81625,0.81679,1.87,1.37
2018.03.30 16:25:43.220,0.81625,0.81678,1.37,1.37
2018.03.30 16:25:43.272,0.81625,0.81678,1.37,1.37
2018.03.30 16:25:45.568,0.81624,0.81678,2.62,1.37
2018.03.30 16:25:46.856,0.81624,0.81678,2.62,1.37
2018.03.30 16:25:46.960,0.81624,0.81678,2.62,1.37
2018.03.30 16:25:49.694,0.81624,0.81678,2.62,1.37
2018.03.30 16:25:51.217,0.81625,0.8168,1.37,1.37
2018.03.30 16:25:51.755,0.81625,0.8168,1.87,1.37
2018.03.30 16:25:51.807,0.81627,0.81681,1.37,1.62
2018.03.30 16:25:52.013,0.81627,0.81681,1.37,1.37
2018.03.30 16:25:52.065,0.81627,0.81681,1.37,1.37
2018.03.30 16:25:52.219,0.81627,0.81681,1.37,1.37
2018.03.30 16:25:52.568,0.81626,0.8168,1.87,1.37
2018.03.30 16:25:52.774,0.81626,0.8168,1.87,1.37
2018.03.30 16:25:52.929,0.81626,0.8168,1.87,1.37
2018.03.30 16:25:53.032,0.81626,0.8168,1.37,1.37
2018.03.30 16:25:53.084,0.81626,0.8168,1.37,1.37
2018.03.30 16:25:53.239,0.81626,0.8168,1.37,1.37
2018.03.30 16:25:55.704,0.81626,0.8168,1.37,1.37
2018.03.30 16:25:55.961,0.81626,0.8168,1.37,1.37
2018.03.30 16:25:56.014,0.81626,0.8168,1.37,1.37
2018.03.30 16:25:56.118,0.81626,0.8168,1.37,1.37
2018.03.30 16:25:56.170,0.81626,0.8168,1.37,1.87
2018.03.30 16:25:56.294,0.81625,0.81677,1.37,1.37
2018.03.30 16:25:56.346,0.81625,0.81677,1.37,1.37
2018.03.30 16:25:56.605,0.81625,0.81677,1.37,1.37
2018.03.30 16:25:56.708,0.81625,0.81677,1.12,1.37
2018.03.30 16:25:56.760,0.81625,0.81677,1.37,1.37
2018.03.30 16:25:56.967,0.81625,0.81677,1.37,1.37
2018.03.30 16:25:57.019,0.81625,0.81677,1.37,1.37
2018.03.30 16:25:57.122,0.81625,0.81677,1.37,1.37
2018.03.30 16:25:57.177,0.81625,0.81677,1.37,1.37
2018.03.30 16:25:58.501,0.81625,0.81677,1.37,1.37
2018.03.30 16:25:59.015,0.81625,0.81679,1.87,1.37
2018.03.30 16:25:59.598,0.81625,0.81679,1.87,1.37
2018.03.30 16:25:59.702,0.81625,0.81679,1.87,1.37
2018.03.30 16:26:01.647,0.81625,0.81678,1.37,1.37
2018.03.30 16:26:02.299,0.81625,0.81678,1.37,1.37
2018.03.30 16:26:02.657,0.81625,0.81678,1.37,1.37
2018.03.30 16:26:02.709,0.81625,0.81678,1.37,1.37
2018.03.30 16:26:04.921,0.81625,0.8168,1.87,1.37
2018.03.30 16:26:04.973,0.81625,0.8168,1.87,1.37
2018.03.30 16:26:05.200,0.81625,0.8168,1.87,1.37
2018.03.30 16:26:06.419,0.81623,0.81678,1.87,1.37
2018.03.30 16:26:06.470,0.81623,0.81678,1.87,1.37
2018.03.30 16:26:06.788,0.81623,0.81677,1.50,1.37
2018.03.30 16:26:06.841,0.81623,0.81677,1.50,1.37
2018.03.30 16:26:06.945,0.81623,0.81677,1.50,1.37
2018.03.30 16:26:07.345,0.81623,0.81677,1.50,1.37
2018.03.30 16:26:08.392,0.81623,0.81677,1.50,1.37
2018.03.30 16:26:10.466,0.81623,0.81678,1.87,1.37
2018.03.30 16:26:10.620,0.81623,0.81678,1.87,1.37
2018.03.30 16:26:10.672,0.81623,0.81678,1.87,1.37
2018.03.30 16:26:10.827,0.81623,0.81678,1.87,1.37
2018.03.30 16:26:11.750,0.81623,0.81678,1.87,1.37
2018.03.30 16:26:12.791,0.81624,0.81679,1.37,1.37
2018.03.30 16:26:13.814,0.81622,0.81679,1.87,1.37
2018.03.30 16:26:14.020,0.81622,0.81678,1.37,1.37
2018.03.30 16:26:19.750,0.81622,0.81678,1.37,1.37
2018.03.30 16:26:20.059,0.81623,0.81679,1.37,1.56
2018.03.30 16:26:20.213,0.81624,0.81681,1.37,1.37
2018.03.30 16:26:20.265,0.81624,0.81682,1.87,1.37
2018.03.30 16:26:20.319,0.81624,0.81682,1.37,1.37
2018.03.30 16:26:20.371,0.81623,0.8168,1.37,1.37
2018.03.30 16:26:20.423,0.81623,0.8168,1.37,1.37
2018.03.30 16:26:20.628,0.81623,0.8168,1.37,1.37
2018.03.30 16:26:20.680,0.81623,0.8168,1.37,1.37
2018.03.30 16:26:20.784,0.81623,0.8168,1.37,1.37
2018.03.30 16:26:20.887,0.81623,0.8168,1.37,1.37
2018.03.30 16:26:21.567,0.81622,0.81678,1.87,1.37
2018.03.30 16:26:21.620,0.81622,0.81678,1.87,1.37
2018.03.30 16:26:21.828,0.81622,0.81678,1.87,1.37
2018.03.30 16:26:22.087,0.81623,0.81679,1.37,1.37
2018.03.30 16:26:22.140,0.81623,0.81679,1.37,1.37
2018.03.30 16:26:22.193,0.81623,0.81679,1.37,1.37
2018.03.30 16:26:22.780,0.81623,0.81679,1.37,1.37
2018.03.30 16:26:27.245,0.81623,0.81679,1.37,1.37
2018.03.30 16:26:28.795,0.81623,0.81679,1.37,1.37
2018.03.30 16:26:34.177,0.81623,0.81678,2.25,1.37
2018.03.30 16:26:34.992,0.81623,0.81678,1.50,1.37
2018.03.30 16:26:35.097,0.81623,0.81678,2.25,1.37
2018.03.30 16:26:35.200,0.81623,0.81678,2.25,1.37
2018.03.30 16:26:40.320,0.81623,0.81678,2.25,1.37
2018.03.30 16:26:40.634,0.81624,0.81678,1.37,1.37
2018.03.30 16:26:42.763,0.81623,0.81679,2.25,1.37
2018.03.30 16:26:46.048,0.81623,0.81679,1.87,1.37
2018.03.30 16:26:47.441,0.81623,0.81678,1.87,1.37
2018.03.30 16:26:52.486,0.81623,0.81679,2.62,1.37
2018.03.30 16:26:53.006,0.81623,0.81678,1.87,1.37
2018.03.30 16:26:58.972,0.81623,0.81678,2.25,1.37
2018.03.30 16:26:59.436,0.81623,0.81676,2.25,1.37
2018.03.30 16:27:00.062,0.81623,0.81677,2.25,1.37
2018.03.30 16:27:01.654,0.81623,0.81677,1.75,1.37
2018.03.30 16:27:03.811,0.81623,0.81677,1.75,1.37
2018.03.30 16:27:04.352,0.81622,0.81677,1.87,1.37
2018.03.30 16:27:04.856,0.81622,0.81677,1.87,1.37
2018.03.30 16:27:07.739,0.81622,0.81677,1.87,1.37
2018.03.30 16:27:08.273,0.81624,0.81679,1.37,1.37
2018.03.30 16:27:09.503,0.81625,0.81681,1.37,1.37
2018.03.30 16:27:20.018,0.81623,0.8168,2.25,1.37
2018.03.30 16:27:21.027,0.81623,0.81679,1.87,1.37
2018.03.30 16:27:21.577,0.81624,0.81679,1.37,1.37
2018.03.30 16:27:22.973,0.81623,0.81679,1.87,1.37
2018.03.30 16:27:27.305,0.81623,0.81679,1.75,1.37
2018.03.30 16:27:27.357,0.81623,0.81679,1.75,1.37
2018.03.30 16:27:38.279,0.81623,0.81679,1.37,1.37
2018.03.30 16:27:38.382,0.81622,0.81677,2.62,1.37
2018.03.30 16:27:41.489,0.81623,0.81678,1.37,1.37
2018.03.30 16:27:41.592,0.81624,0.8168,1.37,1.37
2018.03.30 16:27:42.196,0.81624,0.8168,1.37,1.37
2018.03.30 16:27:42.351,0.81622,0.81679,2.25,1.37
2018.03.30 16:27:42.454,0.81624,0.8168,1.37,1.37
2018.03.30 16:27:42.973,0.81623,0.8168,1.50,1.37
2018.03.30 16:27:43.077,0.81623,0.8168,1.37,1.37
2018.03.30 16:27:43.479,0.81622,0.81679,1.87,1.37
2018.03.30 16:27:43.938,0.81622,0.81679,1.87,1.37
2018.03.30 16:27:45.491,0.81623,0.81679,1.37,1.37
2018.03.30 16:27:46.584,0.81624,0.81681,1.37,1.62
2018.03.30 16:27:47.136,0.81624,0.81681,1.37,1.37
2018.03.30 16:27:47.749,0.81622,0.81678,1.50,1.37
2018.03.30 16:27:48.525,0.81622,0.81678,1.50,1.37
2018.03.30 16:27:49.130,0.81622,0.81678,1.50,1.37
2018.03.30 16:27:49.678,0.81622,0.81678,1.50,1.37
2018.03.30 16:27:50.555,0.81624,0.81678,1.37,1.37
2018.03.30 16:27:50.607,0.81624,0.81677,1.37,1.37
2018.03.30 16:27:50.918,0.81619,0.81671,1.75,1.37
2018.03.30 16:27:51.445,0.81619,0.81671,2.25,1.37
2018.03.30 16:27:51.753,0.81619,0.81673,1.87,1.37
2018.03.30 16:27:52.011,0.81622,0.81674,1.37,1.37
2018.03.30 16:27:52.537,0.81624,0.81678,1.87,1.37
2018.03.30 16:27:53.787,0.81624,0.81678,1.87,1.37
2018.03.30 16:27:55.297,0.81624,0.81678,1.87,1.37
2018.03.30 16:27:55.348,0.81624,0.81678,1.87,1.37
2018.03.30 16:27:55.450,0.81624,0.81678,1.87,1.37
2018.03.30 16:27:55.502,0.81624,0.81678,1.87,1.37
2018.03.30 16:27:55.553,0.81624,0.81677,1.37,1.37
2018.03.30 16:27:55.860,0.81624,0.81676,1.37,1.37
2018.03.30 16:28:00.657,0.81622,0.81678,1.87,1.37
2018.03.30 16:28:01.115,0.81621,0.81676,1.50,1.37
2018.03.30 16:28:01.919,0.81621,0.81676,1.50,1.37
2018.03.30 16:28:03.138,0.81622,0.81677,1.12,1.31
2018.03.30 16:28:03.450,0.81618,0.81667,1.37,1.94
2018.03.30 16:28:03.656,0.81618,0.81667,1.37,1.75
2018.03.30 16:28:04.043,0.81611,0.81661,1.37,1.62
2018.03.30 16:28:04.559,0.81611,0.81663,1.37,1.56
2018.03.30 16:28:04.712,0.81611,0.81663,1.37,1.56
2018.03.30 16:28:04.816,0.8161,0.81663,1.87,1.56
2018.03.30 16:28:05.336,0.8161,0.81663,1.87,1.62
2018.03.30 16:28:05.763,0.8161,0.81663,1.87,1.37
2018.03.30 16:28:06.383,0.8161,0.81663,1.87,1.37
2018.03.30 16:28:10.416,0.81614,0.81667,1.37,1.56
2018.03.30 16:28:12.384,0.81614,0.81667,1.37,1.69
2018.03.30 16:28:13.784,0.81613,0.81667,1.37,1.56
2018.03.30 16:28:15.805,0.81613,0.81667,1.37,1.56
2018.03.30 16:28:16.140,0.81612,0.81664,1.37,1.56
2018.03.30 16:28:16.879,0.81612,0.81664,1.37,1.37
2018.03.30 16:28:18.673,0.81615,0.81666,1.37,1.56
2018.03.30 16:28:20.840,0.81615,0.81666,1.37,1.37
2018.03.30 16:28:21.377,0.81615,0.81666,1.37,1.37
2018.03.30 16:28:22.677,0.81615,0.81666,1.37,1.37
2018.03.30 16:28:25.617,0.81612,0.81667,1.87,1.37
2018.03.30 16:28:28.103,0.81613,0.81664,1.37,1.37
2018.03.30 16:28:29.807,0.81613,0.81667,1.87,1.37
2018.03.30 16:28:31.384,0.81613,0.81667,1.87,1.37
2018.03.30 16:28:32.385,0.81613,0.81667,1.87,1.37
2018.03.30 16:28:32.438,0.81613,0.81667,1.37,1.37
2018.03.30 16:28:32.953,0.81612,0.81667,3.00,1.37
2018.03.30 16:28:33.108,0.81612,0.81667,3.00,1.37
2018.03.30 16:28:33.430,0.81612,0.81667,2.62,1.37
2018.03.30 16:28:34.542,0.81612,0.81667,2.62,1.37
2018.03.30 16:28:35.136,0.81612,0.81667,2.62,1.37
2018.03.30 16:28:47.107,0.81615,0.81668,1.37,1.37
2018.03.30 16:28:49.338,0.81616,0.81671,1.37,1.37
2018.03.30 16:28:52.386,0.81615,0.8167,1.37,1.37
2018.03.30 16:28:52.694,0.81615,0.8167,2.25,1.37
2018.03.30 16:28:54.539,0.81615,0.8167,2.25,1.37
2018.03.30 16:29:00.578,0.81616,0.81671,1.87,1.37
2018.03.30 16:29:00.896,0.81611,0.81664,1.37,1.37
2018.03.30 16:29:01.478,0.81611,0.81664,1.37,1.37
2018.03.30 16:29:01.999,0.81611,0.81664,1.87,1.37
2018.03.30 16:29:02.512,0.81611,0.81664,1.87,1.37
2018.03.30 16:29:03.184,0.81611,0.81663,1.37,1.37
2018.03.30 16:29:04.223,0.81611,0.81663,1.37,1.37
2018.03.30 16:29:04.532,0.81616,0.81664,1.37,1.37
2018.03.30 16:29:04.941,0.81616,0.81667,1.87,1.37
2018.03.30 16:29:05.342,0.81616,0.81666,1.37,1.37
2018.03.30 16:29:05.394,0.81616,0.81666,1.37,1.37
2018.03.30 16:29:05.731,0.81616,0.81666,1.37,1.37
2018.03.30 16:29:05.835,0.81616,0.81666,1.37,1.37
2018.03.30 16:29:06.042,0.81616,0.81666,1.37,1.37
2018.03.30 16:29:06.578,0.81616,0.81668,1.87,1.37
2018.03.30 16:29:06.743,0.81616,0.81668,1.87,1.37
2018.03.30 16:29:06.847,0.81616,0.81668,1.87,1.37
2018.03.30 16:29:06.950,0.81616,0.81668,1.87,1.37
2018.03.30 16:29:07.360,0.81616,0.81668,3.00,1.37
2018.03.30 16:29:07.411,0.81616,0.81668,2.62,1.37
2018.03.30 16:29:07.616,0.81617,0.81669,1.87,1.37
2018.03.30 16:29:07.928,0.81618,0.81669,1.87,1.37
2018.03.30 16:29:08.976,0.8162,0.8167,1.37,1.37
2018.03.30 16:29:09.882,0.8162,0.8167,1.37,1.37
2018.03.30 16:29:12.541,0.8162,0.8167,1.37,1.37
2018.03.30 16:29:19.339,0.81622,0.81681,1.37,2.04
2018.03.30 16:29:19.442,0.81621,0.81676,1.37,1.37
2018.03.30 16:29:19.947,0.81621,0.81673,1.87,1.62
2018.03.30 16:29:20.554,0.81621,0.81673,1.37,1.37
2018.03.30 16:29:21.141,0.8162,0.81672,1.37,1.37
2018.03.30 16:29:21.933,0.81621,0.81673,1.37,1.37
2018.03.30 16:29:22.993,0.8162,0.81672,1.37,1.37
2018.03.30 16:29:23.243,0.81621,0.81673,1.37,1.37
2018.03.30 16:29:23.296,0.81621,0.81673,1.37,1.37
2018.03.30 16:29:23.658,0.81621,0.81673,1.37,1.37
2018.03.30 16:29:25.251,0.81621,0.81673,1.37,1.37
2018.03.30 16:29:26.473,0.81623,0.81673,1.37,1.37
2018.03.30 16:29:27.568,0.81623,0.81673,1.37,1.37
2018.03.30 16:29:28.927,0.81623,0.81673,1.37,1.37
2018.03.30 16:29:29.955,0.81623,0.81673,1.50,1.37
2018.03.30 16:29:32.208,0.81623,0.81673,1.50,1.37
2018.03.30 16:29:32.889,0.81623,0.81674,1.50,1.37
2018.03.30 16:29:33.403,0.81623,0.81674,1.37,1.37
2018.03.30 16:29:33.557,0.81623,0.81674,1.37,1.37
2018.03.30 16:29:37.434,0.81623,0.81674,1.37,1.37
2018.03.30 16:29:37.940,0.81623,0.81674,1.37,1.37
2018.03.30 16:29:38.818,0.81623,0.81674,1.75,1.37
2018.03.30 16:29:40.367,0.81623,0.81674,1.75,1.37
2018.03.30 16:29:41.444,0.81623,0.81674,1.75,1.37
2018.03.30 16:29:43.244,0.81626,0.8168,1.37,1.37
2018.03.30 16:29:43.347,0.81626,0.8168,1.37,1.37
2018.03.30 16:29:43.501,0.81626,0.8168,1.37,1.37
2018.03.30 16:29:43.810,0.81626,0.8168,1.37,1.37
2018.03.30 16:29:43.913,0.81626,0.8168,1.37,1.37
2018.03.30 16:29:44.347,0.81626,0.8168,1.37,1.37
2018.03.30 16:29:44.503,0.81626,0.8168,1.37,1.37
2018.03.30 16:29:44.710,0.81627,0.81679,1.37,1.37
2018.03.30 16:29:44.813,0.81627,0.81681,1.37,1.37
2018.03.30 16:29:44.971,0.81627,0.81679,1.37,1.37
2018.03.30 16:29:45.023,0.81627,0.81679,1.37,1.37
2018.03.30 16:29:45.075,0.81627,0.81681,1.37,1.37
2018.03.30 16:29:45.127,0.81627,0.81681,1.37,1.37
2018.03.30 16:29:45.179,0.81627,0.81681,1.37,1.37
2018.03.30 16:29:45.281,0.81627,0.81681,1.37,1.37
2018.03.30 16:29:45.735,0.81627,0.81681,1.37,1.37
2018.03.30 16:29:46.398,0.81627,0.81681,1.37,1.62
2018.03.30 16:29:46.450,0.81627,0.81681,1.37,1.37
2018.03.30 16:29:46.553,0.81627,0.81681,1.37,1.37
2018.03.30 16:29:46.656,0.81627,0.81681,1.37,1.37
2018.03.30 16:29:46.708,0.81627,0.81681,1.37,1.37
2018.03.30 16:29:47.399,0.81627,0.81681,1.37,1.37
2018.03.30 16:29:47.901,0.81626,0.81678,1.37,1.37
2018.03.30 16:29:48.249,0.81626,0.81678,1.37,1.37
2018.03.30 16:29:48.464,0.81626,0.81678,1.37,1.37
2018.03.30 16:29:52.600,0.81626,0.81679,1.37,1.37
2018.03.30 16:29:53.116,0.81627,0.81682,1.37,1.56
2018.03.30 16:29:53.662,0.81627,0.81682,1.37,1.37
2018.03.30 16:29:53.714,0.81627,0.81682,1.37,1.37
2018.03.30 16:29:53.970,0.81627,0.81682,1.37,1.37
2018.03.30 16:29:54.022,0.81625,0.8168,1.37,2.25
2018.03.30 16:29:54.074,0.81625,0.8168,1.12,1.87
2018.03.30 16:29:54.436,0.81626,0.81678,1.00,1.50
2018.03.30 16:29:54.542,0.81626,0.81676,1.50,1.37
2018.03.30 16:29:54.594,0.81626,0.81676,1.12,1.37
2018.03.30 16:29:55.099,0.81626,0.81676,1.50,1.37
2018.03.30 16:29:55.399,0.81627,0.81676,1.37,1.37
2018.03.30 16:29:55.451,0.81627,0.81678,1.37,1.37
2018.03.30 16:29:55.554,0.81627,0.81681,1.12,1.62
2018.03.30 16:29:55.606,0.81626,0.8168,1.50,1.37
2018.03.30 16:29:56.108,0.81626,0.81677,1.50,1.37
2018.03.30 16:30:02.690,0.81626,0.81677,1.50,1.37
2018.03.30 16:30:04.178,0.81624,0.81676,1.37,1.37
2018.03.30 16:30:04.547,0.81624,0.81676,1.37,1.37
2018.03.30 16:30:12.380,0.81622,0.81676,1.75,1.37
2018.03.30 16:30:12.498,0.81623,0.81675,1.50,1.37
2018.03.30 16:30:12.551,0.81623,0.81674,1.50,1.37
2018.03.30 16:30:12.602,0.81623,0.81674,1.50,1.37
2018.03.30 16:30:12.654,0.81623,0.81674,1.50,1.37
2018.03.30 16:30:12.758,0.81621,0.81673,1.75,1.37
2018.03.30 16:30:12.964,0.81621,0.81674,1.37,1.37
2018.03.30 16:30:13.102,0.81622,0.81674,1.37,1.37
2018.03.30 16:30:13.639,0.81622,0.81674,1.37,1.37
2018.03.30 16:30:14.159,0.81622,0.81674,1.37,1.37
2018.03.30 16:30:14.702,0.81622,0.81674,1.37,1.37
2018.03.30 16:30:15.594,0.8162,0.81674,2.25,1.37
2018.03.30 16:30:15.646,0.8162,0.81669,1.37,1.37
2018.03.30 16:30:15.960,0.81615,0.81666,1.75,1.37
2018.03.30 16:30:18.083,0.81615,0.81666,1.37,1.37
2018.03.30 16:30:21.292,0.81615,0.81668,1.37,1.37
2018.03.30 16:30:21.798,0.81615,0.8167,1.37,1.37
2018.03.30 16:30:22.607,0.81615,0.8167,1.37,1.37
2018.03.30 16:30:25.254,0.81615,0.81668,1.37,1.37
2018.03.30 16:30:26.320,0.81615,0.81666,1.12,1.37
2018.03.30 16:30:26.373,0.81615,0.81666,1.37,1.37
2018.03.30 16:30:26.762,0.81615,0.81666,1.37,1.37
2018.03.30 16:30:26.867,0.81615,0.81666,1.12,1.37
2018.03.30 16:30:26.919,0.81615,0.81666,1.37,1.37
2018.03.30 16:30:27.024,0.81615,0.81666,1.12,1.37
2018.03.30 16:30:27.077,0.81615,0.81666,1.37,1.37
2018.03.30 16:30:27.181,0.81615,0.81666,1.12,1.37
2018.03.30 16:30:27.233,0.81615,0.81666,1.37,1.37
2018.03.30 16:30:27.750,0.81615,0.81664,1.37,1.37
2018.03.30 16:30:29.803,0.81615,0.81665,1.37,1.37
2018.03.30 16:30:30.311,0.81613,0.81667,1.37,1.37
2018.03.30 16:30:30.414,0.81612,0.81667,1.87,1.37
2018.03.30 16:30:30.518,0.81612,0.81667,1.87,1.37
2018.03.30 16:30:31.033,0.81613,0.81668,1.87,1.37
2018.03.30 16:30:31.435,0.81613,0.81667,1.37,1.37
2018.03.30 16:30:31.539,0.81614,0.81669,1.37,1.37
2018.03.30 16:30:31.694,0.81613,0.81668,1.37,1.37
2018.03.30 16:30:31.746,0.81613,0.81668,1.37,1.37
2018.03.30 16:30:31.875,0.81613,0.81668,1.37,1.37
2018.03.30 16:30:31.979,0.81613,0.81668,1.37,1.37
2018.03.30 16:30:32.235,0.81613,0.81668,1.87,1.37
2018.03.30 16:30:32.286,0.81613,0.81668,1.87,1.37
2018.03.30 16:30:32.338,0.81613,0.81668,1.87,1.37
2018.03.30 16:30:32.440,0.81614,0.81669,1.37,1.37
2018.03.30 16:30:32.491,0.81614,0.81669,1.37,1.37
2018.03.30 16:30:32.953,0.81614,0.81669,1.37,1.37
2018.03.30 16:30:33.109,0.81615,0.81669,1.87,1.37
2018.03.30 16:30:34.432,0.81614,0.8167,1.37,1.37
2018.03.30 16:30:34.819,0.81614,0.8167,1.37,1.37
2018.03.30 16:30:35.365,0.81616,0.8167,1.37,1.75
2018.03.30 16:30:36.362,0.81616,0.8167,1.37,1.75
2018.03.30 16:30:37.356,0.81616,0.8167,1.37,1.75
2018.03.30 16:30:40.434,0.81616,0.8167,1.37,1.75
2018.03.30 16:30:41.584,0.81615,0.81669,1.87,1.50
2018.03.30 16:30:43.657,0.81615,0.81669,1.37,1.50
2018.03.30 16:30:44.662,0.81615,0.81667,1.37,1.75
2018.03.30 16:30:45.272,0.81615,0.81667,1.37,1.75
2018.03.30 16:30:45.824,0.81615,0.81664,1.37,1.37
2018.03.30 16:30:46.253,0.81615,0.81664,1.12,1.37
2018.03.30 16:30:46.639,0.81615,0.81664,1.37,1.37
2018.03.30 16:30:47.927,0.81615,0.81664,1.37,1.37
2018.03.30 16:30:48.171,0.81615,0.81665,1.37,1.37
2018.03.30 16:30:48.275,0.81615,0.81668,1.37,1.37
2018.03.30 16:30:48.779,0.81615,0.81668,1.37,1.37
2018.03.30 16:30:49.980,0.81615,0.81668,1.37,1.75
2018.03.30 16:30:52.086,0.81614,0.81668,1.37,1.75
2018.03.30 16:30:52.595,0.81612,0.81668,1.87,1.75
2018.03.30 16:30:55.040,0.81613,0.81668,1.37,1.75
2018.03.30 16:30:58.730,0.81612,0.81666,1.87,1.75
2018.03.30 16:30:59.964,0.81612,0.81666,1.87,1.75
2018.03.30 16:31:00.357,0.81613,0.81666,1.37,1.75
2018.03.30 16:31:00.956,0.81613,0.81667,2.62,1.37
2018.03.30 16:31:01.008,0.81614,0.81667,1.37,1.37
2018.03.30 16:31:01.112,0.81613,0.81667,2.62,1.37
2018.03.30 16:31:01.164,0.81613,0.81667,1.87,1.37
2018.03.30 16:31:01.216,0.81613,0.81667,2.62,1.37
2018.03.30 16:31:01.268,0.81613,0.81667,2.62,1.37
2018.03.30 16:31:02.367,0.81613,0.81666,1.37,1.37
2018.03.30 16:31:03.856,0.81613,0.81665,1.37,1.37
2018.03.30 16:31:05.064,0.81613,0.81665,1.87,1.37
2018.03.30 16:31:05.341,0.81614,0.81667,1.87,1.37
2018.03.30 16:31:05.701,0.81614,0.81667,1.87,1.37
2018.03.30 16:31:05.805,0.81614,0.81667,1.87,1.37
2018.03.30 16:31:06.564,0.81614,0.81667,1.87,1.37
2018.03.30 16:31:06.667,0.81614,0.81667,1.87,1.37
2018.03.30 16:31:07.270,0.81614,0.81667,1.87,1.37
2018.03.30 16:31:07.374,0.81615,0.81668,1.37,1.37
2018.03.30 16:31:07.692,0.81613,0.81664,1.87,1.37
2018.03.30 16:31:10.882,0.81612,0.81663,2.25,1.37
2018.03.30 16:31:13.160,0.81612,0.81663,2.25,1.37
2018.03.30 16:31:15.384,0.81612,0.81663,1.87,1.37
2018.03.30 16:31:22.337,0.81613,0.81663,1.37,1.37
2018.03.30 16:31:23.954,0.81613,0.81665,1.87,1.37
2018.03.30 16:31:24.776,0.81613,0.81664,1.87,1.37
2018.03.30 16:31:25.622,0.81613,0.81665,1.87,1.37
2018.03.30 16:31:25.931,0.81613,0.81661,1.37,1.37
2018.03.30 16:31:26.474,0.81613,0.81659,1.37,1.37
2018.03.30 16:31:27.130,0.81607,0.81658,2.25,1.37
2018.03.30 16:31:27.509,0.81588,0.81638,1.87,1.75
2018.03.30 16:31:27.772,0.81584,0.81632,1.00,1.75
2018.03.30 16:31:27.825,0.81581,0.81632,1.12,1.37
2018.03.30 16:31:28.135,0.81581,0.81626,1.12,1.75
2018.03.30 16:31:28.446,0.8158,0.81622,3.00,1.75
2018.03.30 16:31:28.757,0.8158,0.81624,3.00,1.94
2018.03.30 16:31:29.074,0.8158,0.81621,3.00,1.75
2018.03.30 16:31:29.249,0.8158,0.81621,3.00,1.50
2018.03.30 16:31:29.301,0.8158,0.81621,3.75,1.37
2018.03.30 16:31:29.354,0.8158,0.81621,3.75,1.37
2018.03.30 16:31:29.512,0.81582,0.8163,1.00,1.75
2018.03.30 16:31:29.823,0.81582,0.81629,1.00,1.75
2018.03.30 16:31:29.876,0.81582,0.81629,1.00,1.75
2018.03.30 16:31:29.928,0.81581,0.8163,1.00,1.12
2018.03.30 16:31:29.980,0.8158,0.81627,3.75,1.75
2018.03.30 16:31:30.032,0.8158,0.81627,3.75,1.75
2018.03.30 16:31:30.084,0.81582,0.81624,1.00,1.37
2018.03.30 16:31:30.136,0.81585,0.81624,1.00,1.37
2018.03.30 16:31:30.239,0.81584,0.81631,1.00,1.75
2018.03.30 16:31:30.291,0.81581,0.8163,1.00,1.75
2018.03.30 16:31:30.395,0.81582,0.81629,1.00,1.37
2018.03.30 16:31:30.447,0.81582,0.81629,1.00,1.75
2018.03.30 16:31:30.745,0.81583,0.81628,1.00,1.87
2018.03.30 16:31:30.797,0.81583,0.8163,1.00,1.12
2018.03.30 16:31:31.114,0.81584,0.8163,1.00,1.75
2018.03.30 16:31:31.849,0.81584,0.8163,1.00,1.75
2018.03.30 16:31:32.354,0.81583,0.8163,1.00,1.75
2018.03.30 16:31:33.729,0.81584,0.81631,1.00,1.75
2018.03.30 16:31:33.781,0.81582,0.81631,1.00,1.75
2018.03.30 16:31:33.885,0.81582,0.81631,1.00,1.12
2018.03.30 16:31:33.998,0.81584,0.81631,1.00,1.12
2018.03.30 16:31:34.311,0.81588,0.81635,1.00,1.12
2018.03.30 16:31:34.622,0.81587,0.81629,1.00,1.75
2018.03.30 16:31:34.674,0.81588,0.81629,1.00,1.75
2018.03.30 16:31:34.726,0.81588,0.81634,1.00,1.75
2018.03.30 16:31:34.778,0.81586,0.81634,1.00,1.75
2018.03.30 16:31:35.088,0.81587,0.81631,1.00,1.37
2018.03.30 16:31:35.140,0.81587,0.81633,1.00,1.75
2018.03.30 16:31:35.448,0.81591,0.81633,1.00,1.75
2018.03.30 16:31:35.603,0.81591,0.81636,1.00,1.87
2018.03.30 16:31:35.655,0.81591,0.81636,1.00,1.12
2018.03.30 16:31:35.759,0.81591,0.81638,1.50,1.50
2018.03.30 16:31:36.018,0.81602,0.8165,1.00,3.00
2018.03.30 16:31:36.073,0.81611,0.8165,1.00,2.62
2018.03.30 16:31:36.125,0.81616,0.8166,1.50,1.12
2018.03.30 16:31:36.177,0.8163,0.81667,1.00,1.75
2018.03.30 16:31:36.385,0.81632,0.81673,1.00,1.87
2018.03.30 16:31:36.438,0.8164,0.81679,2.44,1.75
2018.03.30 16:31:36.491,0.8164,0.81679,1.00,1.50
2018.03.30 16:31:36.544,0.8164,0.81689,1.00,1.37
2018.03.30 16:31:36.596,0.8165,0.81689,1.00,1.37
2018.03.30 16:31:36.683,0.81653,0.81699,1.00,2.62
2018.03.30 16:31:36.735,0.81659,0.8171,1.00,2.44
2018.03.30 16:31:36.788,0.8166,0.8171,1.00,1.94
2018.03.30 16:31:36.891,0.81667,0.81711,1.00,1.87
2018.03.30 16:31:36.943,0.81672,0.81714,1.00,1.37
2018.03.30 16:31:36.995,0.81675,0.81724,1.00,1.12
2018.03.30 16:31:37.046,0.81676,0.81727,1.50,1.75
2018.03.30 16:31:37.098,0.81682,0.81727,1.00,1.37
2018.03.30 16:31:37.150,0.81687,0.81738,1.50,1.75
2018.03.30 16:31:37.201,0.81692,0.81738,1.00,1.37
2018.03.30 16:31:37.253,0.81693,0.81743,1.50,1.12
2018.03.30 16:31:37.305,0.81693,0.81744,1.00,1.31
2018.03.30 16:31:37.356,0.81695,0.81747,1.00,1.31
2018.03.30 16:31:37.663,0.81696,0.81747,1.00,1.94
2018.03.30 16:31:37.717,0.81695,0.81747,1.00,1.50
2018.03.30 16:31:37.931,0.81695,0.81746,1.50,1.75
2018.03.30 16:31:38.086,0.81696,0.81742,1.00,1.37
2018.03.30 16:31:38.139,0.81684,0.81742,1.12,1.56
2018.03.30 16:31:38.191,0.81692,0.81742,1.00,1.37
2018.03.30 16:31:38.296,0.81694,0.81747,1.00,1.12
2018.03.30 16:31:38.349,0.81687,0.8174,1.50,1.37
2018.03.30 16:31:38.402,0.81687,0.8174,1.50,1.37
2018.03.30 16:31:38.455,0.81687,0.81751,1.50,1.75
2018.03.30 16:31:38.508,0.81701,0.81751,1.00,1.75
2018.03.30 16:31:38.817,0.81702,0.8176,1.12,1.75
2018.03.30 16:31:38.921,0.81698,0.8176,1.50,2.44
2018.03.30 16:31:38.973,0.817,0.81761,1.75,1.50
2018.03.30 16:31:39.096,0.817,0.81761,1.37,1.56
2018.03.30 16:31:39.200,0.81703,0.81759,1.00,1.56
2018.03.30 16:31:39.253,0.81699,0.81759,1.00,1.56
2018.03.30 16:31:39.305,0.81697,0.81756,1.37,1.37
2018.03.30 16:31:39.460,0.81697,0.81757,1.37,1.94
2018.03.30 16:31:39.513,0.81696,0.81753,1.12,1.37
2018.03.30 16:31:39.566,0.81692,0.81753,1.75,1.37
2018.03.30 16:31:39.879,0.81695,0.81754,1.00,1.37
2018.03.30 16:31:39.931,0.81692,0.81754,1.75,1.37
2018.03.30 16:31:39.983,0.81686,0.81748,1.12,1.37
2018.03.30 16:31:40.328,0.81677,0.81735,1.12,1.00
2018.03.30 16:31:40.380,0.81676,0.81735,1.75,1.37
2018.03.30 16:31:40.433,0.81673,0.8173,1.75,1.00
2018.03.30 16:31:40.488,0.81668,0.8173,1.12,1.00
2018.03.30 16:31:40.540,0.81664,0.81726,1.87,1.00
2018.03.30 16:31:40.696,0.81651,0.81713,1.12,1.37
2018.03.30 16:31:40.749,0.8165,0.81708,1.87,1.00
2018.03.30 16:31:41.007,0.8163,0.81691,1.87,1.00
2018.03.30 16:31:41.059,0.81648,0.81681,0.37,1.00
2018.03.30 16:31:41.111,0.81626,0.81681,1.12,1.00
2018.03.30 16:31:41.163,0.8162,0.81681,2.77,1.00
2018.03.30 16:31:41.215,0.81632,0.81694,1.75,1.00
2018.03.30 16:31:41.267,0.8164,0.81689,1.12,1.00
2018.03.30 16:31:41.319,0.81633,0.81686,1.12,1.00
2018.03.30 16:31:41.372,0.81628,0.81686,1.12,1.00
2018.03.30 16:31:41.476,0.81623,0.81684,1.12,1.00
2018.03.30 16:31:41.528,0.81629,0.81688,1.12,1.00
2018.03.30 16:31:41.580,0.81624,0.81688,1.12,1.00
2018.03.30 16:31:41.742,0.81623,0.81684,1.75,1.00
2018.03.30 16:31:42.000,0.81625,0.81691,1.12,1.00
2018.03.30 16:31:42.053,0.81626,0.81689,1.12,1.00
2018.03.30 16:31:42.107,0.81629,0.81693,1.12,1.00
2018.03.30 16:31:42.161,0.8163,0.81695,1.12,1.00
2018.03.30 16:31:42.213,0.81635,0.81696,1.12,1.37
2018.03.30 16:31:42.265,0.81631,0.81693,1.12,1.00
2018.03.30 16:31:42.420,0.8165,0.81691,0.37,1.00
2018.03.30 16:31:42.472,0.81624,0.81691,1.12,1.00
2018.03.30 16:31:42.523,0.81624,0.8169,1.12,1.00
2018.03.30 16:31:42.678,0.81624,0.8169,1.12,1.00
2018.03.30 16:31:42.729,0.81648,0.8169,0.37,1.00
2018.03.30 16:31:42.781,0.81621,0.8169,1.12,1.00
2018.03.30 16:31:42.833,0.8163,0.81695,1.12,1.37
2018.03.30 16:31:42.885,0.8163,0.81692,1.12,1.37
2018.03.30 16:31:42.937,0.81634,0.81701,1.12,1.00
2018.03.30 16:31:43.040,0.81632,0.81701,1.12,1.37
2018.03.30 16:31:43.238,0.81631,0.81701,1.12,1.00
2018.03.30 16:31:43.547,0.81628,0.81695,1.12,1.00
2018.03.30 16:31:43.911,0.81635,0.81697,1.37,1.50
2018.03.30 16:31:43.964,0.81635,0.81696,1.37,1.37
2018.03.30 16:31:44.016,0.81628,0.81696,1.37,1.37
2018.03.30 16:31:44.379,0.81651,0.81683,0.37,1.00
2018.03.30 16:31:44.431,0.81631,0.81682,1.50,1.00
2018.03.30 16:31:44.483,0.81621,0.81676,1.75,1.00
2018.03.30 16:31:44.535,0.81621,0.81676,1.37,1.00
2018.03.30 16:31:44.587,0.81611,0.81669,1.75,1.00
2018.03.30 16:31:44.639,0.81611,0.81669,1.75,1.00
2018.03.30 16:31:44.735,0.81608,0.8166,1.37,1.00
2018.03.30 16:31:44.842,0.81609,0.81655,1.37,1.00
2018.03.30 16:31:44.894,0.81609,0.81667,1.37,1.50
2018.03.30 16:31:44.946,0.81609,0.81664,1.37,1.00
2018.03.30 16:31:44.999,0.81601,0.81663,1.37,1.87
2018.03.30 16:31:45.051,0.81601,0.8166,1.37,1.00
2018.03.30 16:31:45.361,0.81603,0.81649,1.37,1.00
2018.03.30 16:31:45.414,0.81589,0.81655,1.37,1.00
2018.03.30 16:31:45.518,0.81585,0.81653,1.75,1.00
2018.03.30 16:31:45.570,0.81585,0.81653,1.75,1.37
2018.03.30 16:31:45.674,0.81582,0.81647,1.50,1.00
2018.03.30 16:31:45.778,0.81582,0.81655,1.75,1.87
2018.03.30 16:31:45.831,0.81612,0.81653,0.37,1.00
2018.03.30 16:31:45.883,0.81595,0.81651,1.37,1.00
2018.03.30 16:31:45.934,0.81595,0.81651,1.37,1.00
2018.03.30 16:31:45.986,0.81584,0.81655,1.75,1.37
2018.03.30 16:31:46.090,0.81585,0.81657,1.50,1.87
2018.03.30 16:31:46.414,0.81588,0.81655,1.27,1.00
2018.03.30 16:31:46.775,0.81597,0.81661,1.37,1.75
2018.03.30 16:31:46.826,0.81595,0.8166,1.37,1.37
2018.03.30 16:31:46.928,0.81592,0.81652,1.37,1.37
2018.03.30 16:31:46.979,0.81592,0.81652,1.00,1.87
2018.03.30 16:31:47.030,0.81579,0.81649,1.87,1.37
2018.03.30 16:31:47.081,0.8158,0.81639,2.62,1.37
2018.03.30 16:31:47.133,0.8158,0.81639,2.62,1.37
2018.03.30 16:31:47.287,0.8158,0.81639,2.62,1.37
2018.03.30 16:31:47.338,0.8158,0.81639,2.62,1.37
2018.03.30 16:31:47.542,0.8158,0.81637,2.62,1.00
2018.03.30 16:31:47.594,0.8158,0.81634,2.62,1.00
2018.03.30 16:31:47.705,0.8158,0.81634,2.25,1.37
2018.03.30 16:31:47.756,0.8158,0.81634,2.62,1.37
2018.03.30 16:31:47.909,0.8158,0.81634,2.62,1.37
2018.03.30 16:31:47.960,0.8158,0.81634,2.25,1.37
2018.03.30 16:31:48.011,0.8158,0.81634,2.62,1.37
2018.03.30 16:31:48.113,0.8158,0.81634,2.62,1.37
2018.03.30 16:31:48.426,0.81597,0.81656,1.37,1.37
2018.03.30 16:31:48.635,0.81593,0.81656,1.56,1.00
2018.03.30 16:31:48.688,0.81597,0.81657,1.37,1.00
2018.03.30 16:31:48.741,0.81599,0.81665,1.37,1.37
2018.03.30 16:31:48.793,0.81601,0.81668,1.37,1.37
2018.03.30 16:31:49.181,0.81601,0.81665,1.37,1.37
2018.03.30 16:31:49.284,0.81603,0.8167,1.00,2.25
2018.03.30 16:31:49.437,0.81604,0.81659,1.37,1.37
2018.03.30 16:31:49.641,0.81604,0.81659,1.00,1.37
2018.03.30 16:31:49.745,0.81604,0.81659,1.37,1.37
2018.03.30 16:31:49.796,0.81605,0.81659,1.37,1.00
2018.03.30 16:31:50.104,0.81615,0.81661,1.00,1.37
2018.03.30 16:31:50.409,0.81615,0.81661,1.00,1.37
2018.03.30 16:31:50.460,0.81615,0.81665,1.37,1.37
2018.03.30 16:31:50.710,0.81613,0.81665,1.37,1.37
2018.03.30 16:31:51.783,0.81614,0.81669,1.37,1.12
2018.03.30 16:31:52.247,0.81614,0.81667,1.37,1.37
2018.03.30 16:31:52.779,0.81617,0.8167,1.37,1.37
2018.03.30 16:31:52.985,0.81619,0.81675,1.37,1.37
2018.03.30 16:31:53.037,0.81621,0.81675,1.37,1.37
2018.03.30 16:31:53.139,0.81634,0.81678,1.00,1.00
2018.03.30 16:31:53.240,0.81647,0.81694,1.56,1.00
2018.03.30 16:31:53.551,0.81651,0.81702,2.14,1.75
2018.03.30 16:31:53.655,0.81646,0.817,1.16,1.37
2018.03.30 16:31:53.707,0.81645,0.817,1.95,1.75
2018.03.30 16:31:53.759,0.81636,0.81697,1.16,1.37
2018.03.30 16:31:53.812,0.81635,0.81697,3.22,1.37
2018.03.30 16:31:53.936,0.81648,0.81699,1.00,1.87
2018.03.30 16:31:54.091,0.8165,0.81701,1.00,1.37
2018.03.30 16:31:54.195,0.81649,0.81702,1.37,1.50
2018.03.30 16:31:54.300,0.81652,0.81702,1.37,1.00
2018.03.30 16:31:54.609,0.81652,0.81705,1.37,1.00
2018.03.30 16:31:54.918,0.81654,0.81712,1.75,1.37
2018.03.30 16:31:54.970,0.81655,0.81712,2.25,1.00
2018.03.30 16:31:55.022,0.81654,0.81712,1.75,1.00
2018.03.30 16:31:55.553,0.81651,0.81712,1.75,1.00
2018.03.30 16:31:55.605,0.81651,0.81712,1.75,1.00
2018.03.30 16:31:55.657,0.81653,0.81712,1.37,1.00
2018.03.30 16:31:56.192,0.81658,0.81712,1.37,1.12
2018.03.30 16:31:56.536,0.81658,0.81712,1.37,1.00
2018.03.30 16:31:56.743,0.81659,0.81712,1.37,1.00
2018.03.30 16:31:56.796,0.81659,0.81712,1.37,1.37
2018.03.30 16:31:57.071,0.81655,0.81712,1.37,1.12
2018.03.30 16:31:59.651,0.81655,0.81712,1.37,1.00
2018.03.30 16:31:59.959,0.81657,0.81712,1.37,1.37
2018.03.30 16:32:00.268,0.81657,0.81712,1.37,1.00
2018.03.30 16:32:00.320,0.81657,0.81712,1.37,1.00
2018.03.30 16:32:00.423,0.81657,0.81712,1.37,1.37
2018.03.30 16:32:01.697,0.81657,0.81712,1.37,1.12
2018.03.30 16:32:04.476,0.81657,0.81712,1.37,1.37
2018.03.30 16:32:04.529,0.81653,0.81712,1.37,1.12
2018.03.30 16:32:04.683,0.81653,0.8169,1.00,1.00
2018.03.30 16:32:04.995,0.8163,0.81681,2.32,1.75
2018.03.30 16:32:05.047,0.8163,0.81681,2.32,1.94
2018.03.30 16:32:05.151,0.81623,0.81675,1.57,1.69
2018.03.30 16:32:05.321,0.81618,0.81674,1.67,1.37
2018.03.30 16:32:05.373,0.81618,0.81674,1.67,1.37
2018.03.30 16:32:05.633,0.81617,0.81675,1.75,1.75
2018.03.30 16:32:06.910,0.81622,0.81675,1.37,1.75
2018.03.30 16:32:08.114,0.81621,0.8167,1.37,1.37
2018.03.30 16:32:10.654,0.81614,0.81665,2.29,1.37
2018.03.30 16:32:10.963,0.81614,0.81665,1.37,1.37
2018.03.30 16:32:12.341,0.81613,0.81665,1.50,1.37
2018.03.30 16:32:13.487,0.81613,0.81665,1.50,1.37
2018.03.30 16:32:16.412,0.81614,0.81665,1.50,1.37
2018.03.30 16:32:17.510,0.81614,0.81665,1.75,1.37
2018.03.30 16:32:21.821,0.81616,0.81665,1.37,1.37
2018.03.30 16:32:21.924,0.81614,0.81665,1.37,1.37
2018.03.30 16:32:22.232,0.81614,0.81665,1.37,1.37
2018.03.30 16:32:22.438,0.81614,0.81665,1.37,1.37
2018.03.30 16:32:22.542,0.81612,0.81665,1.37,1.37
2018.03.30 16:32:22.851,0.81609,0.8166,1.37,1.37
2018.03.30 16:32:23.219,0.81608,0.8166,1.37,1.37
2018.03.30 16:32:23.545,0.81605,0.8166,1.37,1.50
2018.03.30 16:32:24.151,0.81604,0.8166,1.37,2.25
2018.03.30 16:32:24.683,0.81602,0.81654,1.75,1.37
2018.03.30 16:32:25.256,0.81602,0.81654,1.75,1.37
2018.03.30 16:32:25.801,0.81602,0.81654,1.75,1.37
2018.03.30 16:32:26.315,0.81603,0.81654,1.75,1.37
2018.03.30 16:32:26.843,0.81605,0.81654,1.50,1.37
2018.03.30 16:32:27.414,0.81605,0.81654,1.50,1.37
2018.03.30 16:32:27.940,0.81602,0.81653,1.75,1.37
2018.03.30 16:32:28.546,0.81601,0.8165,2.06,1.37
2018.03.30 16:32:29.009,0.816,0.8165,1.75,1.37
2018.03.30 16:32:29.842,0.81599,0.8165,1.31,1.87
2018.03.30 16:32:30.153,0.81591,0.81642,1.75,1.69
2018.03.30 16:32:30.536,0.81588,0.81638,1.31,1.37
2018.03.30 16:32:30.976,0.81587,0.81638,2.81,1.37
2018.03.30 16:32:31.292,0.81608,0.81646,1.87,1.94
2018.03.30 16:32:31.605,0.81614,0.81649,1.12,1.56
2018.03.30 16:32:31.972,0.81613,0.81654,1.12,1.37
2018.03.30 16:32:32.024,0.81613,0.81654,2.06,1.37
2018.03.30 16:32:32.075,0.81615,0.81654,1.75,1.12
2018.03.30 16:32:32.127,0.81619,0.81654,1.25,1.00
2018.03.30 16:32:32.178,0.8162,0.81654,1.37,1.00
2018.03.30 16:32:32.281,0.81621,0.81659,1.75,1.00
2018.03.30 16:32:32.332,0.81626,0.81673,1.75,1.37
2018.03.30 16:32:32.384,0.81629,0.81673,1.37,1.00
2018.03.30 16:32:35.512,0.81632,0.81673,1.50,1.00
2018.03.30 16:32:35.616,0.8163,0.81673,1.75,1.00
2018.03.30 16:32:36.699,0.81632,0.81684,1.37,1.37
2018.03.30 16:32:36.802,0.81637,0.81684,1.37,1.00
2018.03.30 16:32:36.854,0.81637,0.81684,1.37,1.00
2018.03.30 16:32:36.906,0.81639,0.81684,1.37,1.00
2018.03.30 16:32:37.239,0.81641,0.81684,1.37,1.00
2018.03.30 16:32:38.117,0.8164,0.81684,1.37,1.00
2018.03.30 16:32:39.616,0.8164,0.81684,1.37,1.00
2018.03.30 16:32:39.823,0.81647,0.81697,1.37,1.12
2018.03.30 16:32:39.875,0.81647,0.81697,1.50,1.12
2018.03.30 16:32:40.180,0.81649,0.81697,1.75,1.12
2018.03.30 16:32:40.487,0.81655,0.81697,1.37,1.12
2018.03.30 16:32:40.843,0.81655,0.81697,1.37,1.12
2018.03.30 16:32:41.056,0.81655,0.81702,1.37,1.00
2018.03.30 16:32:41.566,0.81658,0.81702,1.50,1.00
2018.03.30 16:32:42.451,0.81658,0.81702,1.37,1.00
2018.03.30 16:32:45.649,0.81658,0.81702,1.50,1.00
2018.03.30 16:32:46.061,0.8166,0.81707,1.75,1.37
2018.03.30 16:32:46.164,0.8166,0.81707,1.50,1.12
2018.03.30 16:32:46.217,0.81661,0.81707,1.37,1.12
2018.03.30 16:32:48.381,0.81662,0.81703,1.37,1.00
2018.03.30 16:32:48.691,0.81662,0.81703,1.37,1.00
2018.03.30 16:32:49.028,0.81662,0.81703,1.37,1.00
2018.03.30 16:32:49.538,0.81662,0.81703,1.50,1.00
2018.03.30 16:32:50.526,0.81662,0.81703,1.50,1.00
2018.03.30 16:32:51.839,0.81662,0.81703,1.75,1.00
2018.03.30 16:32:52.149,0.81662,0.81703,1.37,1.00
2018.03.30 16:32:52.306,0.81657,0.81703,1.37,1.12
2018.03.30 16:32:52.362,0.81657,0.81702,1.37,1.12
2018.03.30 16:32:52.414,0.81648,0.81699,1.50,1.37
2018.03.30 16:32:52.731,0.81651,0.81703,1.75,1.75
2018.03.30 16:32:52.785,0.81651,0.81702,1.37,1.12
2018.03.30 16:32:53.193,0.81648,0.81696,1.75,1.37
2018.03.30 16:32:53.449,0.81648,0.81696,2.25,1.00
2018.03.30 16:32:53.500,0.8165,0.81696,1.75,1.00
2018.03.30 16:32:53.552,0.8165,0.81696,1.37,1.37
2018.03.30 16:32:53.604,0.81645,0.81695,1.75,1.12
2018.03.30 16:32:53.656,0.81645,0.81695,1.50,1.37
2018.03.30 16:32:53.816,0.81647,0.81696,1.75,1.12
2018.03.30 16:32:53.870,0.81647,0.81696,1.37,1.37
2018.03.30 16:32:54.334,0.81645,0.81692,1.75,1.37
2018.03.30 16:32:55.505,0.81646,0.81692,1.75,1.00
2018.03.30 16:32:55.886,0.81646,0.81692,1.75,1.12
2018.03.30 16:32:56.406,0.81645,0.81692,1.75,1.37
2018.03.30 16:32:56.722,0.8164,0.81688,1.75,1.37
2018.03.30 16:32:57.027,0.81641,0.81688,1.87,1.00
2018.03.30 16:32:57.181,0.81641,0.81688,2.25,1.00
2018.03.30 16:32:57.232,0.81644,0.81694,1.75,1.00
2018.03.30 16:32:57.283,0.81644,0.81694,1.37,1.50
2018.03.30 16:32:57.589,0.81641,0.81687,1.12,1.00
2018.03.30 16:32:59.077,0.81642,0.81687,2.44,1.00
2018.03.30 16:32:59.129,0.81642,0.81693,2.44,1.37
2018.03.30 16:32:59.182,0.81642,0.81693,1.75,1.37
2018.03.30 16:32:59.234,0.81643,0.81694,1.75,1.50
2018.03.30 16:32:59.285,0.81643,0.81694,1.75,1.50
2018.03.30 16:32:59.388,0.81646,0.81694,1.75,1.50
2018.03.30 16:32:59.729,0.81644,0.81694,1.75,1.50
2018.03.30 16:32:59.782,0.81644,0.81694,1.37,1.50
2018.03.30 16:32:59.834,0.8164,0.81691,1.75,1.00
2018.03.30 16:33:00.146,0.81641,0.81692,1.75,1.37
2018.03.30 16:33:00.405,0.81642,0.81687,1.37,1.00
2018.03.30 16:33:00.458,0.8164,0.81687,1.75,1.12
2018.03.30 16:33:00.977,0.81642,0.81687,1.75,1.00
2018.03.30 16:33:01.236,0.81639,0.81689,1.75,1.12
2018.03.30 16:33:01.305,0.81639,0.81689,1.75,1.00
2018.03.30 16:33:01.358,0.8164,0.81693,1.37,1.37
2018.03.30 16:33:01.410,0.8164,0.81693,1.75,1.37
2018.03.30 16:33:01.464,0.81639,0.8169,1.75,1.00
2018.03.30 16:33:01.774,0.81632,0.81684,1.75,1.12
2018.03.30 16:33:02.330,0.81638,0.81684,1.75,1.12
2018.03.30 16:33:02.842,0.81635,0.81684,1.75,1.50
2018.03.30 16:33:03.192,0.81635,0.81678,1.75,1.00
2018.03.30 16:33:03.853,0.8163,0.81678,1.37,1.00
2018.03.30 16:33:03.905,0.8163,0.81678,1.37,1.12
2018.03.30 16:33:03.956,0.81627,0.81678,1.75,1.87
2018.03.30 16:33:04.268,0.81624,0.8167,1.75,1.12
2018.03.30 16:33:04.320,0.81624,0.8167,1.75,1.00
2018.03.30 16:33:04.373,0.81622,0.8167,1.75,1.00
2018.03.30 16:33:04.732,0.81623,0.8167,1.75,1.00
2018.03.30 16:33:04.837,0.81623,0.8167,1.37,1.00
2018.03.30 16:33:06.129,0.81625,0.81674,1.75,1.00
2018.03.30 16:33:07.187,0.81627,0.81674,1.75,1.37
2018.03.30 16:33:07.308,0.81627,0.81674,1.37,1.00
2018.03.30 16:33:07.361,0.81627,0.81674,1.37,1.12
2018.03.30 16:33:08.263,0.81626,0.81671,1.37,1.00
2018.03.30 16:33:08.572,0.81628,0.81671,1.75,1.00
2018.03.30 16:33:09.164,0.81628,0.81671,1.50,1.00
2018.03.30 16:33:13.499,0.81627,0.81671,1.75,1.00
2018.03.30 16:33:16.686,0.81628,0.81671,1.75,1.00
2018.03.30 16:33:16.840,0.81626,0.81671,1.75,1.00
2018.03.30 16:33:17.359,0.81628,0.81671,1.50,1.37
2018.03.30 16:33:22.036,0.81626,0.81671,1.75,1.12
2018.03.30 16:33:22.343,0.81622,0.81663,1.50,1.75
2018.03.30 16:33:23.855,0.81618,0.81663,1.31,1.75
2018.03.30 16:33:25.099,0.81619,0.81663,1.87,1.50
2018.03.30 16:33:25.612,0.8162,0.81663,1.87,1.50
2018.03.30 16:33:26.205,0.8162,0.81663,2.25,1.37
2018.03.30 16:33:29.728,0.81622,0.81663,1.75,1.37
2018.03.30 16:33:30.031,0.81623,0.81665,1.75,1.37
2018.03.30 16:33:30.135,0.81622,0.81665,2.25,1.37
2018.03.30 16:33:30.188,0.81624,0.81665,1.75,1.00
2018.03.30 16:33:30.240,0.81627,0.81672,1.75,1.37
2018.03.30 16:33:30.292,0.81629,0.81672,1.37,1.37
2018.03.30 16:33:30.448,0.81629,0.81672,1.37,1.37
2018.03.30 16:33:30.501,0.81627,0.81672,2.25,1.00
2018.03.30 16:33:30.811,0.81629,0.81672,1.75,1.00
2018.03.30 16:33:30.863,0.81629,0.81672,1.75,1.00
2018.03.30 16:33:30.915,0.81628,0.81672,1.50,1.00
2018.03.30 16:33:31.070,0.81628,0.81672,1.75,1.00
2018.03.30 16:33:31.122,0.81626,0.81672,1.75,1.00
2018.03.30 16:33:31.417,0.81626,0.81666,1.75,1.00
2018.03.30 16:33:31.680,0.81623,0.81671,1.37,1.00
2018.03.30 16:33:32.143,0.81622,0.81672,1.75,1.75
2018.03.30 16:33:32.452,0.81621,0.81666,1.75,1.37
2018.03.30 16:33:32.505,0.81621,0.81666,1.37,1.37
2018.03.30 16:33:33.643,0.81613,0.81664,1.75,1.37
2018.03.30 16:33:38.588,0.81624,0.81664,1.94,1.00
2018.03.30 16:33:38.744,0.81636,0.81676,1.12,1.12
2018.03.30 16:33:39.059,0.81638,0.81684,1.75,1.00
2018.03.30 16:33:39.112,0.81638,0.81687,1.75,1.37
2018.03.30 16:33:39.267,0.81639,0.81687,1.75,1.75
2018.03.30 16:33:39.678,0.8164,0.81687,1.94,1.12
2018.03.30 16:33:39.936,0.81642,0.81687,1.75,1.00
2018.03.30 16:33:40.041,0.81643,0.81687,1.37,1.37
2018.03.30 16:33:40.248,0.81645,0.8169,2.25,1.37
2018.03.30 16:33:40.352,0.81641,0.8169,1.75,1.87
2018.03.30 16:33:40.404,0.81643,0.8169,1.75,1.87
2018.03.30 16:33:40.729,0.81642,0.8169,2.25,1.37
2018.03.30 16:33:41.330,0.81643,0.8169,1.75,1.37
2018.03.30 16:33:41.880,0.81643,0.81686,1.75,1.00
2018.03.30 16:33:42.190,0.81643,0.81686,1.75,1.00
2018.03.30 16:33:42.293,0.81643,0.81686,1.75,1.00
2018.03.30 16:33:46.114,0.81649,0.81686,1.94,1.00
2018.03.30 16:33:46.167,0.81653,0.81693,2.06,1.37
2018.03.30 16:33:46.220,0.81658,0.81693,1.31,1.00
2018.03.30 16:33:46.428,0.8166,0.81701,2.06,1.00
2018.03.30 16:33:46.976,0.81664,0.81701,1.94,1.00
2018.03.30 16:33:47.028,0.81664,0.81701,1.94,1.00
2018.03.30 16:33:47.542,0.81664,0.81701,1.75,1.00
2018.03.30 16:33:47.832,0.81663,0.81701,1.37,1.12
2018.03.30 16:33:47.936,0.81663,0.81701,1.62,1.37
2018.03.30 16:33:47.988,0.81663,0.81701,1.56,1.37
2018.03.30 16:33:48.041,0.8166,0.81701,2.06,1.37
2018.03.30 16:33:48.197,0.81661,0.81701,1.56,1.37
2018.03.30 16:33:48.583,0.81661,0.81703,1.56,1.37
2018.03.30 16:33:48.894,0.8166,0.81703,1.37,1.37
2018.03.30 16:33:48.946,0.81659,0.81703,1.87,1.37
2018.03.30 16:33:48.999,0.81659,0.81697,1.00,1.37
2018.03.30 16:33:49.051,0.81655,0.81697,1.12,1.37
2018.03.30 16:33:49.155,0.81649,0.81688,1.00,1.37
2018.03.30 16:33:49.208,0.81641,0.81688,1.87,1.75
2018.03.30 16:33:49.263,0.81641,0.81688,1.00,1.75
2018.03.30 16:33:49.315,0.81632,0.81674,1.37,1.37
2018.03.30 16:33:49.368,0.81629,0.81674,1.00,1.37
2018.03.30 16:33:49.420,0.81625,0.81664,1.00,1.37
2018.03.30 16:33:49.729,0.81625,0.81662,1.00,1.75
2018.03.30 16:33:49.884,0.81625,0.81662,1.00,1.37
2018.03.30 16:33:50.001,0.81618,0.81667,1.87,1.75
2018.03.30 16:33:50.054,0.81628,0.81669,1.00,1.75
2018.03.30 16:33:50.106,0.81618,0.81669,1.12,2.25
2018.03.30 16:33:50.158,0.8162,0.81669,1.00,1.75
2018.03.30 16:33:50.264,0.8162,0.8166,1.00,1.37
2018.03.30 16:33:50.317,0.81616,0.81667,1.37,1.75
2018.03.30 16:33:50.474,0.81616,0.81661,1.37,1.37
2018.03.30 16:33:50.527,0.81608,0.81652,2.00,1.37
2018.03.30 16:33:50.579,0.8161,0.81652,1.37,1.12
2018.03.30 16:33:50.683,0.81608,0.81652,2.06,1.12
2018.03.30 16:33:50.735,0.81608,0.81652,1.87,1.37
2018.03.30 16:33:50.891,0.81608,0.81652,1.87,1.12
2018.03.30 16:33:50.944,0.81608,0.81656,2.06,1.37
2018.03.30 16:33:50.997,0.81608,0.81657,2.06,1.75
2018.03.30 16:33:51.153,0.81609,0.81657,1.56,1.75
2018.03.30 16:33:51.205,0.81612,0.81657,1.37,1.75
2018.03.30 16:33:51.258,0.81612,0.81657,1.37,1.75
2018.03.30 16:33:51.310,0.8161,0.81657,1.37,1.75
2018.03.30 16:33:51.362,0.81608,0.81652,2.06,1.37
2018.03.30 16:33:51.414,0.81609,0.81652,1.37,1.12
2018.03.30 16:33:51.467,0.81611,0.81652,1.00,1.37
2018.03.30 16:33:51.699,0.81611,0.81658,1.00,1.37
2018.03.30 16:33:51.753,0.81609,0.81658,1.62,1.87
2018.03.30 16:33:51.806,0.8161,0.81658,1.00,2.25
2018.03.30 16:33:51.910,0.8161,0.81651,1.19,1.37
2018.03.30 16:33:51.962,0.81609,0.81651,1.12,1.37
2018.03.30 16:33:52.014,0.81608,0.81651,1.69,1.37
2018.03.30 16:33:52.066,0.81609,0.81651,1.19,1.37
2018.03.30 16:33:52.119,0.81614,0.81658,1.37,2.25
2018.03.30 16:33:52.171,0.81616,0.81656,1.37,1.12
2018.03.30 16:33:52.477,0.8161,0.81658,1.87,1.75
2018.03.30 16:33:52.580,0.81609,0.81652,1.50,1.75
2018.03.30 16:33:52.682,0.81606,0.81652,1.37,1.75
2018.03.30 16:33:52.887,0.81599,0.81645,1.37,1.37
2018.03.30 16:33:52.938,0.81594,0.81645,1.37,1.87
2018.03.30 16:33:52.990,0.81594,0.81645,1.37,1.87
2018.03.30 16:33:53.155,0.81592,0.81635,1.87,1.50
2018.03.30 16:33:53.207,0.81592,0.81635,1.87,1.50
2018.03.30 16:33:53.259,0.81593,0.81635,1.87,1.50
2018.03.30 16:33:53.414,0.81594,0.81635,1.75,1.87
2018.03.30 16:33:53.466,0.81595,0.81635,1.87,1.50
2018.03.30 16:33:53.518,0.81597,0.81635,1.75,1.50
2018.03.30 16:33:53.622,0.81597,0.81635,1.75,1.37
2018.03.30 16:33:53.675,0.81599,0.81635,1.12,1.12
2018.03.30 16:33:53.727,0.81597,0.81635,1.75,1.37
2018.03.30 16:33:53.779,0.81598,0.81635,1.75,1.00
2018.03.30 16:33:53.934,0.81599,0.81635,1.00,1.37
2018.03.30 16:33:54.038,0.81598,0.81635,1.75,1.00
2018.03.30 16:33:54.247,0.81596,0.81635,2.44,1.12
2018.03.30 16:33:54.300,0.81599,0.81638,2.00,1.37
2018.03.30 16:33:54.621,0.81609,0.81647,1.75,1.75
2018.03.30 16:33:54.776,0.81609,0.81645,1.75,1.00
2018.03.30 16:33:54.828,0.81609,0.81647,1.75,1.75
2018.03.30 16:33:55.189,0.81609,0.81651,2.25,1.50
2018.03.30 16:33:55.241,0.81614,0.81651,2.25,1.37
2018.03.30 16:33:55.603,0.81616,0.81657,1.12,1.75
2018.03.30 16:33:55.655,0.8163,0.81672,1.12,1.75
2018.03.30 16:33:55.826,0.81646,0.81688,1.12,1.37
2018.03.30 16:33:55.931,0.81644,0.81692,2.25,1.87
2018.03.30 16:33:56.090,0.81638,0.8169,1.75,2.25
2018.03.30 16:33:56.144,0.81644,0.81689,1.00,1.75
2018.03.30 16:33:56.196,0.81644,0.81701,2.25,1.12
2018.03.30 16:33:56.301,0.81645,0.81673,1.00,0.37
2018.03.30 16:33:56.354,0.81644,0.81696,2.25,1.75
2018.03.30 16:33:56.406,0.81645,0.81696,1.50,1.75
2018.03.30 16:33:56.563,0.81644,0.81695,1.00,2.82
2018.03.30 16:33:56.667,0.81641,0.81695,1.75,1.33
2018.03.30 16:33:56.719,0.81642,0.81693,1.75,1.24
2018.03.30 16:33:56.770,0.81642,0.81693,1.12,1.24
2018.03.30 16:33:56.821,0.81642,0.81695,1.75,2.51
2018.03.30 16:33:56.873,0.81643,0.81696,2.00,1.75
2018.03.30 16:33:56.924,0.81643,0.81696,2.44,1.99
2018.03.30 16:33:57.026,0.81643,0.81696,1.75,1.87
2018.03.30 16:33:57.134,0.81643,0.81696,1.25,1.75
2018.03.30 16:33:57.185,0.8164,0.81696,1.00,1.87
2018.03.30 16:33:57.237,0.81641,0.81696,1.12,1.37
2018.03.30 16:33:57.289,0.81642,0.81697,1.37,1.12
2018.03.30 16:33:57.599,0.81642,0.81696,1.00,1.12
2018.03.30 16:33:57.856,0.8164,0.81698,1.00,1.75
2018.03.30 16:33:58.423,0.8164,0.81695,1.00,1.37
2018.03.30 16:33:58.669,0.81638,0.81694,1.00,1.37
2018.03.30 16:33:59.031,0.81638,0.81694,1.00,1.75
2018.03.30 16:33:59.444,0.81638,0.81693,1.00,1.75
2018.03.30 16:33:59.497,0.81637,0.81688,1.00,1.37
2018.03.30 16:33:59.550,0.81635,0.81688,1.37,1.37
2018.03.30 16:33:59.861,0.81636,0.81688,1.00,1.75
2018.03.30 16:34:00.202,0.81641,0.8169,1.00,1.37
2018.03.30 16:34:00.305,0.81641,0.8169,1.00,1.37
2018.03.30 16:34:00.460,0.81645,0.8169,1.00,1.37
2018.03.30 16:34:00.512,0.81644,0.81691,1.00,1.37
2018.03.30 16:34:00.616,0.81644,0.81691,1.00,1.37
2018.03.30 16:34:00.669,0.81644,0.81691,1.00,1.37
2018.03.30 16:34:00.877,0.81644,0.81691,1.00,1.37
2018.03.30 16:34:00.929,0.81645,0.81691,1.00,1.37
2018.03.30 16:34:01.627,0.81644,0.81691,1.00,1.50
2018.03.30 16:34:08.929,0.81643,0.81678,1.00,0.37
2018.03.30 16:34:09.033,0.81641,0.81691,1.00,1.75
2018.03.30 16:34:09.085,0.81642,0.81691,1.00,1.75
2018.03.30 16:34:09.136,0.81642,0.81691,1.00,1.37
2018.03.30 16:34:09.188,0.81642,0.81691,1.00,1.37
2018.03.30 16:34:10.391,0.81641,0.81691,1.00,1.75
2018.03.30 16:34:10.699,0.8164,0.81691,1.00,1.75
2018.03.30 16:34:11.005,0.81635,0.81688,1.00,1.75
2018.03.30 16:34:11.108,0.81637,0.81686,1.00,1.37
2018.03.30 16:34:11.466,0.81639,0.81689,1.00,1.37
2018.03.30 16:34:11.772,0.81636,0.81687,1.12,1.75
2018.03.30 16:34:11.926,0.81636,0.81686,1.00,1.37
2018.03.30 16:34:12.130,0.81636,0.81688,1.00,1.75
2018.03.30 16:34:12.708,0.81635,0.81687,1.00,1.75
2018.03.30 16:34:12.964,0.81631,0.81685,1.00,1.75
2018.03.30 16:34:13.015,0.81632,0.81685,1.37,1.75
2018.03.30 16:34:14.252,0.81631,0.81685,1.37,1.75
2018.03.30 16:34:19.972,0.81631,0.81685,1.37,1.37
2018.03.30 16:34:20.076,0.8163,0.81684,1.37,1.75
2018.03.30 16:34:20.597,0.8163,0.81684,1.37,1.75
2018.03.30 16:34:21.199,0.81629,0.81684,1.87,1.75
2018.03.30 16:34:21.355,0.81628,0.81684,1.00,2.44
2018.03.30 16:34:21.664,0.81626,0.81679,1.00,1.37
2018.03.30 16:34:22.188,0.81625,0.8168,1.00,1.75
2018.03.30 16:34:22.343,0.81623,0.81678,1.12,1.75
2018.03.30 16:34:22.859,0.81623,0.81679,1.37,3.19
2018.03.30 16:34:23.653,0.81622,0.81678,1.12,1.24
2018.03.30 16:34:23.982,0.81619,0.81674,1.37,1.92
2018.03.30 16:34:24.190,0.81619,0.81669,1.00,1.12
2018.03.30 16:34:24.243,0.81618,0.8167,1.50,1.75
2018.03.30 16:34:24.295,0.81618,0.8167,1.87,1.75
2018.03.30 16:34:24.610,0.81619,0.81675,1.00,1.87
2018.03.30 16:34:24.664,0.81619,0.81675,1.37,1.87
2018.03.30 16:34:24.717,0.81621,0.81675,1.00,1.50
2018.03.30 16:34:24.770,0.81621,0.81675,1.37,1.12
2018.03.30 16:34:25.192,0.8162,0.81675,1.00,1.12
2018.03.30 16:34:25.646,0.81619,0.81672,1.00,1.75
2018.03.30 16:34:25.904,0.81619,0.81674,1.37,1.87
2018.03.30 16:34:26.008,0.8162,0.81672,1.00,1.37
2018.03.30 16:34:26.111,0.8162,0.81672,1.37,1.75
2018.03.30 16:34:26.163,0.8162,0.81672,1.37,1.37
2018.03.30 16:34:26.215,0.81621,0.81672,1.37,1.50
2018.03.30 16:34:26.318,0.8162,0.81674,1.87,1.75
2018.03.30 16:34:26.473,0.8162,0.81674,1.87,1.75
2018.03.30 16:34:26.525,0.81621,0.81674,1.37,1.75
2018.03.30 16:34:26.577,0.81621,0.81674,1.12,1.75
2018.03.30 16:34:26.629,0.81621,0.81674,1.37,1.50
2018.03.30 16:34:26.733,0.81621,0.81674,1.37,1.37
2018.03.30 16:34:26.903,0.8162,0.81674,1.87,1.75
2018.03.30 16:34:27.111,0.81619,0.81673,1.00,1.75
2018.03.30 16:34:27.439,0.81618,0.81668,2.25,1.87
2018.03.30 16:34:27.543,0.81613,0.81662,1.37,1.75
2018.03.30 16:34:27.595,0.81613,0.81661,1.00,1.87
2018.03.30 16:34:27.699,0.81607,0.81659,1.75,1.37
2018.03.30 16:34:27.751,0.81607,0.81659,1.87,1.75
2018.03.30 16:34:28.266,0.81605,0.81657,1.87,1.75
2018.03.30 16:34:28.901,0.81605,0.81657,1.37,1.75
2018.03.30 16:34:29.402,0.81605,0.81657,1.37,1.75
2018.03.30 16:34:29.903,0.81605,0.81657,1.37,1.75
2018.03.30 16:34:31.809,0.81605,0.81657,1.37,1.75
2018.03.30 16:34:32.953,0.81603,0.81654,1.50,1.75
2018.03.30 16:34:33.952,0.81603,0.81654,1.50,1.75
2018.03.30 16:34:35.230,0.81603,0.81654,1.50,1.75
2018.03.30 16:34:36.161,0.81603,0.81654,1.50,1.94
2018.03.30 16:34:36.683,0.81603,0.81654,1.50,1.94
2018.03.30 16:34:37.201,0.81603,0.81654,1.50,1.94
2018.03.30 16:34:38.208,0.81603,0.81654,1.50,1.75
2018.03.30 16:34:38.519,0.81604,0.81655,1.87,2.06
2018.03.30 16:34:39.938,0.81604,0.81655,1.87,1.94
2018.03.30 16:34:40.042,0.81603,0.81651,1.37,1.12
2018.03.30 16:34:40.300,0.81602,0.81651,1.37,3.56
2018.03.30 16:34:40.352,0.81602,0.81649,1.37,2.06
2018.03.30 16:34:40.782,0.81602,0.81649,1.00,4.78
2018.03.30 16:34:41.288,0.81602,0.81649,1.00,4.03
2018.03.30 16:34:41.421,0.81599,0.81647,1.00,1.94
2018.03.30 16:34:41.524,0.81599,0.81647,1.75,1.75
2018.03.30 16:34:42.028,0.81599,0.81647,1.75,1.75
2018.03.30 16:34:43.683,0.81599,0.81647,2.44,1.75
2018.03.30 16:34:44.280,0.816,0.81648,1.12,1.31
2018.03.30 16:34:44.702,0.81601,0.81647,1.12,1.12
2018.03.30 16:34:45.280,0.81603,0.81649,1.12,2.06
2018.03.30 16:34:45.807,0.81605,0.81648,1.37,2.44
2018.03.30 16:34:47.047,0.8161,0.81648,2.00,2.00
2018.03.30 16:34:47.358,0.81613,0.81652,2.00,1.94
2018.03.30 16:34:47.895,0.81618,0.81652,1.75,2.44
2018.03.30 16:34:48.206,0.8162,0.81649,1.75,1.31
2018.03.30 16:34:48.309,0.8162,0.81649,1.75,1.31
2018.03.30 16:34:48.842,0.81619,0.81649,2.00,1.31
2018.03.30 16:34:49.371,0.81621,0.81649,2.00,1.31
2018.03.30 16:34:49.527,0.8162,0.81649,2.00,1.12
2018.03.30 16:34:49.836,0.81622,0.81652,2.00,2.06
2018.03.30 16:34:49.984,0.81625,0.81655,2.00,2.06
2018.03.30 16:34:50.298,0.81625,0.81653,2.00,1.12
2018.03.30 16:34:50.560,0.81624,0.81653,2.00,1.31
2018.03.30 16:34:50.613,0.81624,0.81652,2.00,1.12
2018.03.30 16:34:50.717,0.81624,0.81652,2.00,1.12
2018.03.30 16:34:50.822,0.81624,0.81653,1.75,1.31
2018.03.30 16:34:50.926,0.81623,0.81653,1.75,1.75
2018.03.30 16:34:51.134,0.81618,0.8165,2.00,1.31
2018.03.30 16:34:51.238,0.81617,0.8165,2.00,1.12
2018.03.30 16:34:51.290,0.81618,0.8165,2.00,1.12
2018.03.30 16:34:52.121,0.81618,0.81652,2.00,1.75
2018.03.30 16:34:52.432,0.8162,0.81655,2.00,2.81
2018.03.30 16:34:52.743,0.81619,0.81647,2.00,1.31
2018.03.30 16:34:52.901,0.81616,0.81647,1.75,1.12
2018.03.30 16:34:53.409,0.81615,0.81647,2.00,1.12
2018.03.30 16:34:53.464,0.81617,0.81652,2.00,1.87
2018.03.30 16:34:53.824,0.81616,0.8165,1.75,2.06
2018.03.30 16:34:54.787,0.81616,0.8165,2.00,1.31
2018.03.30 16:34:55.311,0.81616,0.8165,2.00,1.31
2018.03.30 16:34:55.856,0.81616,0.8165,2.00,1.31
2018.03.30 16:34:56.684,0.81616,0.8165,2.00,1.31
2018.03.30 16:34:57.248,0.81617,0.81651,1.75,1.56
2018.03.30 16:34:57.767,0.81617,0.81647,2.00,1.12
2018.03.30 16:34:57.920,0.81619,0.81647,2.00,1.62
2018.03.30 16:34:58.385,0.81619,0.81655,2.00,2.00
2018.03.30 16:34:58.490,0.81621,0.81655,1.75,1.75
2018.03.30 16:34:58.542,0.81625,0.81662,2.00,1.75
2018.03.30 16:34:58.594,0.81625,0.81662,2.00,1.37
2018.03.30 16:34:58.647,0.81626,0.81662,1.75,1.75
2018.03.30 16:34:58.700,0.81626,0.81662,1.75,1.37
2018.03.30 16:34:58.804,0.81632,0.81667,1.75,1.37
2018.03.30 16:34:58.856,0.81635,0.81668,1.75,1.37
2018.03.30 16:34:58.908,0.81635,0.81668,1.75,1.37
2018.03.30 16:34:59.033,0.81643,0.81679,1.75,1.37
2018.03.30 16:34:59.085,0.81644,0.81679,1.75,1.37
2018.03.30 16:34:59.137,0.81643,0.81679,1.75,1.37
2018.03.30 16:34:59.449,0.81649,0.81684,2.00,1.75
2018.03.30 16:34:59.864,0.81649,0.81684,2.00,1.75
2018.03.30 16:35:00.072,0.81648,0.81684,2.00,1.75
2018.03.30 16:35:00.124,0.81647,0.81684,2.00,1.75
2018.03.30 16:35:00.434,0.81641,0.81684,1.50,1.75
2018.03.30 16:35:00.942,0.81642,0.81684,1.00,1.75
2018.03.30 16:35:01.891,0.81641,0.81688,1.12,1.75
2018.03.30 16:35:02.653,0.81641,0.81688,1.12,1.75
2018.03.30 16:35:05.079,0.81636,0.81681,1.37,1.75
2018.03.30 16:35:06.676,0.81635,0.81678,1.37,1.50
2018.03.30 16:35:06.835,0.81634,0.81678,1.00,1.37
2018.03.30 16:35:06.888,0.81632,0.81678,1.00,1.50
2018.03.30 16:35:06.940,0.81632,0.81678,1.00,1.37
2018.03.30 16:35:07.199,0.81632,0.81678,1.00,1.75
2018.03.30 16:35:07.714,0.81632,0.81678,1.00,1.75
2018.03.30 16:35:08.146,0.8163,0.81677,1.50,1.75
2018.03.30 16:35:08.309,0.8163,0.81677,1.00,1.75
2018.03.30 16:35:08.517,0.81628,0.81677,1.00,1.94
2018.03.30 16:35:09.035,0.81627,0.81676,1.87,1.75
2018.03.30 16:35:09.138,0.81627,0.81675,1.37,1.37
2018.03.30 16:35:09.190,0.81627,0.81675,1.00,1.37
2018.03.30 16:35:09.500,0.81626,0.81675,1.00,1.75
2018.03.30 16:35:09.963,0.81626,0.81675,1.00,1.87
2018.03.30 16:35:10.224,0.81625,0.81672,1.50,1.37
2018.03.30 16:35:10.277,0.81625,0.81672,1.50,1.50
2018.03.30 16:35:10.587,0.81625,0.81672,1.00,1.75
2018.03.30 16:35:10.695,0.81623,0.81672,1.50,1.37
2018.03.30 16:35:11.161,0.81623,0.81672,1.87,1.75
2018.03.30 16:35:11.677,0.81623,0.81672,1.87,1.75
2018.03.30 16:35:12.345,0.81623,0.8167,1.12,1.12
2018.03.30 16:35:12.860,0.81622,0.8167,1.37,1.12
2018.03.30 16:35:13.794,0.81622,0.8167,1.37,1.12
2018.03.30 16:35:14.476,0.81622,0.8167,1.37,1.12
2018.03.30 16:35:15.518,0.81622,0.8167,1.87,1.12
2018.03.30 16:35:15.835,0.81628,0.81666,1.56,1.00
2018.03.30 16:35:16.040,0.81636,0.81682,1.37,1.12
2018.03.30 16:35:16.092,0.81637,0.81682,1.56,1.37
2018.03.30 16:35:16.143,0.81638,0.81683,1.62,1.75
2018.03.30 16:35:16.245,0.81638,0.81683,1.56,1.75
2018.03.30 16:35:16.754,0.81639,0.81683,1.56,1.37
2018.03.30 16:35:17.111,0.8164,0.81686,1.56,1.75
2018.03.30 16:35:17.333,0.8164,0.81686,1.56,1.75
2018.03.30 16:35:18.534,0.81642,0.81686,1.37,1.75
2018.03.30 16:35:19.027,0.81641,0.81686,1.37,1.75
2018.03.30 16:35:19.544,0.81641,0.81686,1.37,1.75
2018.03.30 16:35:20.069,0.81641,0.81686,1.37,1.75
2018.03.30 16:35:20.173,0.81641,0.81686,1.37,1.75
2018.03.30 16:35:21.210,0.81641,0.81686,1.37,1.75
2018.03.30 16:35:21.721,0.81641,0.81686,1.37,1.75
2018.03.30 16:35:22.236,0.81643,0.81688,1.56,2.06
2018.03.30 16:35:22.548,0.81649,0.81688,1.56,1.37
2018.03.30 16:35:22.848,0.8165,0.81695,1.56,1.87
2018.03.30 16:35:23.444,0.81651,0.81695,1.56,1.87
2018.03.30 16:35:24.102,0.81651,0.81695,1.56,1.75
2018.03.30 16:35:24.369,0.81652,0.81695,1.62,1.50
2018.03.30 16:35:24.879,0.81653,0.81695,1.37,1.37
2018.03.30 16:35:26.203,0.81653,0.81695,1.37,1.37
2018.03.30 16:35:26.307,0.81652,0.81695,1.37,1.75
2018.03.30 16:35:26.361,0.8165,0.81695,1.12,1.94
2018.03.30 16:35:26.569,0.81648,0.81695,1.00,1.37
2018.03.30 16:35:26.676,0.81647,0.81695,1.87,1.87
2018.03.30 16:35:26.984,0.81648,0.81695,1.37,2.25
2018.03.30 16:35:27.253,0.81637,0.81686,2.62,1.50
2018.03.30 16:35:27.306,0.81634,0.8168,1.12,1.37
2018.03.30 16:35:27.624,0.81627,0.81672,1.37,1.37
2018.03.30 16:35:27.676,0.81627,0.81672,1.00,1.37
2018.03.30 16:35:27.728,0.81623,0.81666,1.37,1.37
2018.03.30 16:35:27.934,0.81622,0.81666,1.50,1.37
2018.03.30 16:35:27.986,0.8162,0.81666,1.75,1.37
2018.03.30 16:35:28.091,0.81619,0.81666,1.00,1.37
2018.03.30 16:35:28.144,0.81616,0.81662,1.00,1.37
2018.03.30 16:35:28.196,0.81616,0.81662,1.00,1.37
2018.03.30 16:35:28.455,0.81612,0.81655,1.50,1.37
2018.03.30 16:35:28.838,0.81612,0.81662,1.50,2.25
2018.03.30 16:35:28.993,0.81612,0.81658,1.37,1.37
2018.03.30 16:35:29.302,0.81612,0.81661,1.00,1.12
2018.03.30 16:35:29.456,0.81612,0.81661,1.37,1.12
2018.03.30 16:35:29.767,0.81612,0.81657,1.00,1.75
2018.03.30 16:35:30.024,0.81612,0.81657,1.00,1.37
2018.03.30 16:35:30.333,0.81612,0.81657,1.00,1.75
2018.03.30 16:35:30.438,0.81612,0.81657,1.12,1.37
2018.03.30 16:35:30.803,0.81612,0.81655,1.00,1.75
2018.03.30 16:35:30.856,0.81608,0.81655,1.50,1.75
2018.03.30 16:35:31.219,0.81606,0.81655,2.25,1.37
2018.03.30 16:35:31.641,0.81606,0.81655,2.62,1.94
2018.03.30 16:35:31.694,0.81606,0.81654,1.37,1.12
2018.03.30 16:35:31.746,0.81602,0.81647,1.50,1.37
2018.03.30 16:35:31.901,0.81602,0.81647,1.00,1.75
2018.03.30 16:35:32.160,0.81598,0.81647,1.37,1.87
2018.03.30 16:35:32.213,0.81598,0.81647,1.12,1.87
2018.03.30 16:35:32.817,0.81593,0.81644,1.87,1.75
2018.03.30 16:35:33.140,0.81599,0.81643,1.12,1.75
2018.03.30 16:35:33.475,0.81603,0.81638,2.00,1.75
2018.03.30 16:35:33.824,0.81605,0.81638,2.00,1.50
2018.03.30 16:35:34.303,0.81606,0.81638,2.00,1.37
2018.03.30 16:35:35.433,0.81606,0.81638,2.00,1.37
2018.03.30 16:35:36.232,0.81607,0.81638,2.00,1.37
2018.03.30 16:35:36.752,0.81607,0.81638,2.00,1.37
2018.03.30 16:35:37.267,0.81607,0.81638,2.00,1.37
2018.03.30 16:35:37.768,0.81608,0.81644,2.00,1.75
2018.03.30 16:35:38.803,0.81608,0.81648,2.00,1.75
2018.03.30 16:35:41.187,0.81608,0.81648,2.00,1.75
2018.03.30 16:35:41.701,0.81608,0.81651,2.00,1.94
2018.03.30 16:35:42.039,0.81608,0.81651,2.00,1.94
2018.03.30 16:35:43.605,0.81611,0.81651,2.00,1.94
2018.03.30 16:35:44.357,0.8161,0.81651,2.00,1.94
2018.03.30 16:35:44.909,0.8161,0.81651,2.00,1.94
2018.03.30 16:35:45.065,0.81612,0.81651,2.00,2.00
2018.03.30 16:35:45.576,0.81617,0.81654,2.00,1.37
2018.03.30 16:35:45.628,0.81618,0.81657,2.00,1.75
2018.03.30 16:35:45.795,0.81617,0.81663,2.00,1.37
2018.03.30 16:35:45.848,0.81617,0.81663,1.75,1.12
2018.03.30 16:35:45.952,0.81619,0.81664,1.75,1.75
2018.03.30 16:35:46.263,0.81627,0.8167,1.75,1.12
2018.03.30 16:35:46.365,0.81627,0.81669,1.75,1.12
2018.03.30 16:35:46.468,0.81631,0.81666,1.75,1.37
2018.03.30 16:35:46.672,0.81632,0.81676,1.75,1.75
2018.03.30 16:35:46.724,0.81638,0.81676,1.75,1.37
2018.03.30 16:35:46.827,0.81638,0.81683,2.00,1.37
2018.03.30 16:35:46.878,0.8164,0.81683,2.00,1.37
2018.03.30 16:35:47.180,0.81649,0.81684,2.00,1.37
2018.03.30 16:35:47.232,0.81652,0.81684,2.00,1.37
2018.03.30 16:35:47.283,0.81655,0.81694,2.00,1.50
2018.03.30 16:35:47.589,0.81658,0.81699,2.00,3.37
2018.03.30 16:35:47.641,0.81658,0.81699,2.00,3.26
2018.03.30 16:35:47.693,0.81658,0.81699,2.00,3.26
2018.03.30 16:35:47.744,0.81657,0.81699,2.00,1.87
2018.03.30 16:35:47.796,0.81653,0.81699,1.00,2.25
2018.03.30 16:35:47.847,0.81647,0.81699,2.81,1.75
2018.03.30 16:35:47.898,0.81647,0.81699,1.75,1.37
2018.03.30 16:35:48.207,0.81647,0.81699,1.12,1.75
2018.03.30 16:35:49.276,0.81647,0.81699,1.12,1.75
2018.03.30 16:35:49.585,0.81648,0.81699,1.12,1.75
2018.03.30 16:35:50.035,0.81647,0.81699,1.87,3.18
2018.03.30 16:35:50.190,0.81645,0.81697,1.12,1.75
2018.03.30 16:35:50.242,0.81641,0.81694,1.50,1.37
2018.03.30 16:35:50.449,0.81639,0.81689,1.00,1.37
2018.03.30 16:35:50.554,0.81635,0.81689,1.12,1.75
2018.03.30 16:35:50.605,0.81635,0.81689,1.37,1.75
2018.03.30 16:35:50.864,0.81631,0.81682,1.00,1.37
2018.03.30 16:35:50.916,0.81631,0.81682,1.00,1.37
2018.03.30 16:35:50.968,0.81627,0.81682,1.37,1.75
2018.03.30 16:35:51.023,0.81627,0.81682,1.00,1.75
2018.03.30 16:35:51.333,0.81624,0.81675,1.12,1.87
2018.03.30 16:35:51.680,0.81622,0.81667,1.69,1.50
2018.03.30 16:35:52.302,0.81622,0.81667,1.00,1.50
2018.03.30 16:35:52.458,0.81618,0.81667,1.25,1.87
2018.03.30 16:35:52.511,0.81617,0.81667,1.00,2.25
2018.03.30 16:35:52.820,0.81615,0.81666,1.12,1.75
2018.03.30 16:35:53.182,0.81612,0.81662,1.87,1.75
2018.03.30 16:35:53.286,0.81613,0.81662,1.00,1.75
2018.03.30 16:35:54.526,0.81612,0.81657,1.50,1.50
2018.03.30 16:35:55.692,0.8161,0.81657,1.50,1.75
2018.03.30 16:35:56.219,0.8161,0.81657,1.37,1.75
2018.03.30 16:35:57.209,0.81609,0.81657,1.31,1.75
2018.03.30 16:35:57.623,0.81608,0.81657,1.12,1.75
2018.03.30 16:35:58.379,0.81608,0.81649,1.00,1.75
2018.03.30 16:35:58.431,0.81605,0.81649,1.12,1.75
2018.03.30 16:35:58.690,0.81605,0.81649,1.00,1.37
2018.03.30 16:35:58.794,0.81603,0.81649,1.12,1.37
2018.03.30 16:35:59.110,0.81603,0.81649,1.50,1.75
2018.03.30 16:36:00.820,0.81603,0.81649,1.37,1.75
2018.03.30 16:36:01.139,0.81601,0.81646,1.87,1.12
2018.03.30 16:36:04.703,0.81599,0.81646,1.50,1.12
2018.03.30 16:36:08.170,0.81599,0.81646,1.50,1.12
2018.03.30 16:36:09.314,0.816,0.81646,1.50,1.31
2018.03.30 16:36:10.099,0.816,0.81646,1.00,1.31
2018.03.30 16:36:10.357,0.81596,0.81646,1.50,1.94
2018.03.30 16:36:12.952,0.81595,0.81646,1.50,1.94
2018.03.30 16:36:13.473,0.81597,0.81646,1.12,1.94
2018.03.30 16:36:13.577,0.81597,0.81645,1.50,1.12
2018.03.30 16:36:13.858,0.81597,0.81646,1.50,1.12
2018.03.30 16:36:14.486,0.81597,0.81646,1.50,1.12
2018.03.30 16:36:15.847,0.81595,0.81643,1.87,1.75
2018.03.30 16:36:18.800,0.81597,0.81643,1.12,1.75
2018.03.30 16:36:19.284,0.81597,0.81647,1.12,1.94
2018.03.30 16:36:19.806,0.81597,0.81647,1.12,1.94
2018.03.30 16:36:20.115,0.816,0.81652,1.75,3.05
2018.03.30 16:36:20.168,0.81602,0.81652,1.12,1.37
2018.03.30 16:36:20.221,0.81605,0.81653,1.75,1.37
2018.03.30 16:36:20.376,0.81607,0.8166,1.50,2.26
2018.03.30 16:36:20.687,0.81614,0.81658,1.00,1.12
2018.03.30 16:36:20.740,0.81614,0.81658,2.25,1.12
2018.03.30 16:36:20.792,0.81614,0.81669,2.25,1.50
2018.03.30 16:36:20.844,0.81619,0.81669,1.37,1.75
2018.03.30 16:36:20.897,0.81619,0.81669,1.12,1.75
2018.03.30 16:36:21.001,0.81623,0.81676,1.37,1.12
2018.03.30 16:36:21.106,0.81626,0.81676,2.00,1.12
2018.03.30 16:36:21.630,0.81628,0.81675,1.87,1.37
2018.03.30 16:36:22.097,0.81628,0.81676,1.12,1.12
2018.03.30 16:36:23.005,0.81628,0.81677,2.06,1.75
2018.03.30 16:36:24.347,0.81628,0.81679,2.06,2.25
2018.03.30 16:36:24.399,0.81628,0.81679,2.06,1.87
2018.03.30 16:36:24.607,0.81629,0.81678,1.75,1.12
2018.03.30 16:36:24.711,0.81628,0.81678,1.12,1.50
2018.03.30 16:36:24.814,0.81628,0.81678,1.87,1.87
2018.03.30 16:36:25.197,0.81627,0.81678,1.87,2.01
2018.03.30 16:36:25.717,0.81627,0.81676,1.50,1.75
2018.03.30 16:36:26.927,0.81627,0.81676,1.87,1.75
2018.03.30 16:36:29.257,0.81627,0.81676,1.87,1.75
2018.03.30 16:36:29.360,0.81628,0.81678,2.62,2.25
2018.03.30 16:36:29.413,0.81631,0.81678,1.00,1.75
2018.03.30 16:36:29.917,0.81631,0.81679,1.12,1.75
2018.03.30 16:36:40.773,0.81632,0.81678,1.50,1.37
2018.03.30 16:36:40.878,0.81632,0.81677,1.12,1.12
2018.03.30 16:36:40.933,0.81632,0.81677,1.00,1.12
2018.03.30 16:36:41.037,0.81632,0.81677,1.37,1.12
2018.03.30 16:36:41.648,0.81632,0.81679,1.37,1.12
2018.03.30 16:36:42.311,0.81632,0.81679,1.37,1.31
2018.03.30 16:36:42.825,0.81632,0.81675,1.37,1.12
2018.03.30 16:36:43.333,0.81632,0.81675,1.37,1.12
2018.03.30 16:36:44.097,0.81632,0.81678,1.37,1.94
2018.03.30 16:36:45.238,0.81632,0.81678,1.37,1.94
2018.03.30 16:36:46.399,0.81632,0.81678,1.37,1.94
2018.03.30 16:36:48.654,0.81632,0.81678,1.37,1.94
2018.03.30 16:36:49.888,0.81632,0.81678,1.37,1.75
2018.03.30 16:36:52.386,0.81632,0.81678,2.62,1.75
2018.03.30 16:36:53.435,0.81634,0.81681,1.00,1.31
2018.03.30 16:36:53.751,0.81632,0.81681,1.87,1.31
2018.03.30 16:36:53.854,0.81632,0.81681,1.87,1.31
2018.03.30 16:36:53.907,0.81632,0.81681,2.25,1.31
2018.03.30 16:36:54.416,0.81632,0.81682,1.37,1.94
2018.03.30 16:36:54.726,0.81632,0.81675,1.50,1.37
2018.03.30 16:36:55.244,0.81632,0.81675,1.37,1.12
2018.03.30 16:36:59.386,0.81631,0.81679,2.25,2.06
2018.03.30 16:36:59.584,0.81631,0.81679,1.12,2.06
2018.03.30 16:36:59.736,0.81631,0.81679,1.87,2.06
2018.03.30 16:37:01.687,0.81629,0.81678,1.87,1.12
2018.03.30 16:37:02.665,0.81629,0.81678,1.87,1.12
2018.03.30 16:37:12.382,0.81629,0.81678,1.87,1.31
2018.03.30 16:37:12.435,0.81628,0.81677,1.50,1.75
2018.03.30 16:37:12.538,0.81629,0.81678,1.37,1.12
2018.03.30 16:37:12.590,0.81629,0.81678,1.37,1.12
2018.03.30 16:37:12.694,0.81629,0.81678,1.37,1.37
2018.03.30 16:37:12.954,0.81631,0.81679,1.50,1.12
2018.03.30 16:37:13.006,0.81631,0.81675,1.50,1.12
2018.03.30 16:37:13.059,0.81631,0.81679,1.00,1.87
2018.03.30 16:37:13.111,0.81631,0.81679,1.12,1.87
2018.03.30 16:37:13.164,0.81631,0.81677,1.37,1.75
2018.03.30 16:37:13.216,0.81631,0.81677,1.12,1.87
2018.03.30 16:37:13.371,0.81631,0.81677,1.00,1.75
2018.03.30 16:37:13.424,0.81631,0.81677,1.37,1.50
2018.03.30 16:37:13.851,0.81631,0.81679,1.37,1.37
2018.03.30 16:37:14.062,0.81633,0.81683,1.37,1.75
2018.03.30 16:37:14.115,0.81633,0.81683,1.00,1.75
2018.03.30 16:37:14.321,0.81634,0.81685,1.37,1.75
2018.03.30 16:37:15.164,0.81633,0.81682,1.50,1.75
2018.03.30 16:37:15.746,0.81634,0.81682,1.00,1.50
2018.03.30 16:37:15.849,0.81633,0.81684,3.00,1.75
2018.03.30 16:37:15.901,0.81634,0.81684,1.12,1.50
2018.03.30 16:37:16.208,0.81637,0.81684,1.37,1.75
2018.03.30 16:37:16.376,0.81637,0.81684,1.12,1.75
2018.03.30 16:37:18.007,0.81637,0.81684,1.50,1.37
2018.03.30 16:37:18.060,0.81637,0.81686,1.50,1.75
2018.03.30 16:37:18.165,0.81637,0.81686,1.50,1.75
2018.03.30 16:37:18.269,0.81637,0.81686,1.12,1.50
2018.03.30 16:37:18.321,0.81637,0.81686,1.50,1.75
2018.03.30 16:37:18.681,0.81637,0.81686,1.50,1.75
2018.03.30 16:37:19.484,0.81637,0.81686,1.00,1.94
2018.03.30 16:37:19.640,0.81637,0.81686,1.37,1.94
2018.03.30 16:37:19.798,0.81635,0.81686,1.37,1.94
2018.03.30 16:37:19.849,0.81635,0.81686,1.37,2.00
2018.03.30 16:37:19.900,0.81635,0.81686,1.75,1.62
2018.03.30 16:37:20.256,0.81635,0.81686,1.75,2.00
2018.03.30 16:37:20.861,0.81635,0.81686,1.75,1.75
2018.03.30 16:37:21.992,0.81638,0.81686,1.37,1.37
2018.03.30 16:37:22.544,0.81638,0.81688,1.37,1.75
2018.03.30 16:37:23.184,0.81638,0.81688,1.37,1.75
2018.03.30 16:37:24.946,0.81638,0.81688,1.37,1.75
2018.03.30 16:37:25.708,0.81638,0.81688,1.37,1.75
2018.03.30 16:37:30.672,0.81638,0.81688,1.37,1.94
2018.03.30 16:37:31.688,0.81638,0.81687,1.37,1.12
2018.03.30 16:37:31.791,0.81638,0.81685,1.37,1.12
2018.03.30 16:37:31.896,0.81638,0.81685,1.37,1.12
2018.03.30 16:37:31.949,0.81638,0.81686,1.50,1.12
2018.03.30 16:37:32.258,0.81638,0.81688,1.50,1.75
2018.03.30 16:37:32.794,0.81638,0.81689,2.62,1.94
2018.03.30 16:37:33.000,0.81638,0.81689,2.62,1.75
2018.03.30 16:37:33.325,0.81639,0.81689,1.12,1.75
2018.03.30 16:37:33.831,0.81638,0.81687,1.12,1.75
2018.03.30 16:37:33.936,0.81638,0.81685,1.50,1.37
2018.03.30 16:37:33.989,0.81645,0.81687,1.12,1.37
2018.03.30 16:37:34.298,0.81645,0.8169,1.00,1.75
2018.03.30 16:37:34.698,0.81645,0.8169,1.00,1.75
2018.03.30 16:37:34.953,0.81643,0.8169,1.12,1.75
2018.03.30 16:37:35.139,0.81639,0.8169,1.00,1.50
2018.03.30 16:37:35.241,0.81638,0.81688,1.37,1.37
2018.03.30 16:37:35.292,0.81638,0.81688,1.75,1.37
2018.03.30 16:37:35.599,0.81642,0.81688,1.37,1.87
2018.03.30 16:37:35.959,0.81642,0.81687,1.12,1.75
2018.03.30 16:37:36.268,0.81636,0.81685,2.25,1.75
2018.03.30 16:37:36.610,0.81636,0.81685,1.87,1.75
2018.03.30 16:37:36.714,0.81636,0.81685,1.87,1.75
2018.03.30 16:37:36.817,0.81636,0.81685,1.12,1.37
2018.03.30 16:37:36.920,0.81636,0.81683,1.12,1.75
2018.03.30 16:37:36.972,0.81636,0.81683,1.12,1.37
2018.03.30 16:37:37.024,0.81636,0.81685,1.50,1.37
2018.03.30 16:37:37.075,0.81636,0.81685,1.50,1.37
2018.03.30 16:37:37.126,0.81636,0.81685,1.50,1.37
2018.03.30 16:37:37.482,0.81642,0.81687,1.00,1.50
2018.03.30 16:37:38.655,0.81638,0.81687,1.37,1.37
2018.03.30 16:37:38.862,0.8164,0.81687,1.37,1.37
2018.03.30 16:37:39.017,0.81643,0.8169,1.12,1.37
2018.03.30 16:37:39.121,0.81643,0.8169,1.37,1.37
2018.03.30 16:37:39.276,0.81643,0.8169,1.37,1.37
2018.03.30 16:37:39.585,0.81643,0.8169,1.12,1.50
2018.03.30 16:37:40.244,0.8164,0.8169,1.50,1.37
2018.03.30 16:37:40.707,0.81643,0.8169,1.37,1.37
2018.03.30 16:37:40.759,0.81643,0.8169,1.37,1.37
2018.03.30 16:37:40.862,0.8164,0.8169,1.50,1.50
2018.03.30 16:37:40.915,0.81639,0.81688,1.75,1.37
2018.03.30 16:37:41.017,0.8164,0.81688,1.00,1.37
2018.03.30 16:37:41.120,0.81639,0.81688,1.75,1.37
2018.03.30 16:37:41.488,0.81644,0.81688,1.37,1.37
2018.03.30 16:37:42.007,0.81644,0.81688,1.00,1.75
2018.03.30 16:37:42.353,0.81644,0.81688,1.00,1.75
2018.03.30 16:37:44.106,0.81644,0.81688,1.00,1.75
2018.03.30 16:37:46.542,0.81639,0.81686,1.50,1.37
2018.03.30 16:37:46.698,0.81639,0.81686,1.37,1.75
2018.03.30 16:37:47.076,0.81633,0.81684,1.12,1.37
2018.03.30 16:37:47.179,0.81633,0.81684,1.50,1.37
2018.03.30 16:37:47.289,0.81633,0.81684,1.50,1.37
2018.03.30 16:37:47.341,0.81633,0.81684,1.50,1.50
2018.03.30 16:37:47.799,0.81632,0.81684,1.87,1.50
2018.03.30 16:37:47.850,0.81632,0.81684,1.87,1.50
2018.03.30 16:37:48.005,0.81632,0.81684,1.87,1.37
2018.03.30 16:37:48.057,0.81632,0.81683,1.50,1.75
2018.03.30 16:37:48.161,0.81631,0.81681,1.75,1.37
2018.03.30 16:37:48.264,0.81631,0.81681,1.75,1.37
2018.03.30 16:37:48.368,0.81632,0.81681,1.00,1.37
2018.03.30 16:37:48.420,0.81631,0.81681,1.75,1.37
2018.03.30 16:37:48.524,0.8163,0.81682,2.25,1.37
2018.03.30 16:37:48.576,0.81631,0.81682,1.37,1.37
2018.03.30 16:37:49.220,0.81631,0.81682,1.37,1.37
2018.03.30 16:37:49.272,0.81631,0.81682,1.37,1.50
2018.03.30 16:37:49.427,0.81633,0.81682,1.37,1.37
2018.03.30 16:37:49.530,0.81633,0.81682,1.37,1.37
2018.03.30 16:37:49.634,0.81633,0.81682,1.37,1.75
2018.03.30 16:37:49.788,0.81633,0.81682,1.37,1.37
2018.03.30 16:37:49.840,0.81633,0.81682,1.37,1.37
2018.03.30 16:37:50.043,0.81633,0.81682,1.37,1.37
2018.03.30 16:37:50.585,0.81633,0.81682,1.37,1.75
2018.03.30 16:37:50.889,0.81629,0.81681,1.37,1.75
2018.03.30 16:37:51.127,0.81629,0.81681,1.37,1.75
2018.03.30 16:37:51.332,0.81629,0.81681,1.12,1.75
2018.03.30 16:37:51.385,0.81629,0.81681,1.37,1.37
2018.03.30 16:37:51.641,0.81629,0.81681,1.12,2.25
2018.03.30 16:37:51.795,0.81627,0.81678,1.37,1.37
2018.03.30 16:37:52.315,0.81627,0.81682,1.87,1.75
2018.03.30 16:37:52.469,0.81627,0.81682,1.87,1.75
2018.03.30 16:37:53.032,0.81627,0.81682,1.87,1.75
2018.03.30 16:37:53.539,0.81627,0.81682,1.37,1.75
2018.03.30 16:37:53.797,0.81622,0.81677,1.87,1.75
2018.03.30 16:37:53.940,0.81622,0.81677,1.87,1.37
2018.03.30 16:37:53.993,0.81622,0.81676,1.37,1.75
2018.03.30 16:37:54.149,0.81622,0.81676,1.37,1.37
2018.03.30 16:37:54.201,0.81622,0.81678,1.37,1.75
2018.03.30 16:37:54.253,0.81622,0.81678,1.00,1.75
2018.03.30 16:37:54.305,0.81622,0.81678,1.37,1.37
2018.03.30 16:37:54.358,0.81622,0.81678,1.37,1.75
2018.03.30 16:37:54.411,0.81622,0.81681,1.12,2.25
2018.03.30 16:37:54.568,0.81622,0.81678,1.37,1.75
2018.03.30 16:37:54.724,0.8162,0.81675,1.37,1.50
2018.03.30 16:37:54.828,0.8162,0.81675,1.37,1.37
2018.03.30 16:37:55.151,0.81625,0.81678,1.37,1.75
2018.03.30 16:37:56.442,0.81625,0.81679,1.37,1.75
2018.03.30 16:37:56.545,0.81625,0.81679,1.00,1.75
2018.03.30 16:37:56.650,0.81622,0.81678,1.12,1.75
2018.03.30 16:37:57.019,0.81622,0.81678,1.37,1.75
2018.03.30 16:37:57.173,0.81622,0.81678,1.00,1.75
2018.03.30 16:37:57.377,0.81622,0.81676,1.37,1.75
2018.03.30 16:37:57.893,0.81622,0.81676,1.37,1.75
2018.03.30 16:37:58.468,0.81622,0.81676,1.37,1.75
2018.03.30 16:37:58.769,0.8162,0.81675,1.87,1.75
2018.03.30 16:37:59.893,0.81619,0.81673,1.37,1.75
2018.03.30 16:37:59.998,0.81617,0.81672,2.44,1.75
2018.03.30 16:38:00.054,0.81617,0.81672,2.44,1.37
2018.03.30 16:38:00.109,0.81617,0.81672,2.44,1.75
2018.03.30 16:38:00.214,0.81617,0.81672,1.87,1.75
2018.03.30 16:38:00.318,0.81617,0.81672,1.87,1.37
2018.03.30 16:38:00.370,0.81617,0.81672,1.87,1.75
2018.03.30 16:38:00.475,0.81617,0.81672,1.87,1.75
2018.03.30 16:38:00.735,0.81614,0.81665,1.37,1.75
2018.03.30 16:38:00.787,0.81614,0.81665,1.00,1.75
2018.03.30 16:38:00.839,0.81614,0.81665,1.00,1.75
2018.03.30 16:38:00.976,0.81614,0.81665,1.37,1.37
2018.03.30 16:38:01.183,0.81614,0.81665,1.12,1.75
2018.03.30 16:38:01.287,0.81621,0.81665,1.00,1.37
2018.03.30 16:38:01.601,0.81629,0.81674,1.00,1.37
2018.03.30 16:38:02.117,0.81628,0.81673,1.12,1.12
2018.03.30 16:38:06.808,0.81629,0.81674,1.00,1.94
2018.03.30 16:38:07.324,0.81628,0.81673,1.12,1.94
2018.03.30 16:38:13.804,0.81628,0.8167,1.00,1.31
2018.03.30 16:38:13.856,0.81626,0.8167,1.12,1.31
2018.03.30 16:38:13.908,0.81626,0.8167,1.50,1.69
2018.03.30 16:38:14.753,0.81626,0.81666,1.12,1.12
2018.03.30 16:38:15.622,0.81624,0.81658,1.00,1.37
2018.03.30 16:38:16.738,0.81622,0.8166,1.00,1.75
2018.03.30 16:38:16.997,0.81619,0.8166,1.12,2.00
2018.03.30 16:38:17.101,0.81618,0.8166,1.12,1.75
2018.03.30 16:38:17.348,0.81617,0.81657,1.37,1.75
2018.03.30 16:38:17.401,0.81617,0.81657,1.37,1.75
2018.03.30 16:38:17.556,0.81617,0.81656,1.37,1.75
2018.03.30 16:38:17.609,0.81617,0.81657,1.37,1.37
2018.03.30 16:38:17.712,0.81618,0.81657,1.00,1.75
2018.03.30 16:38:25.003,0.81617,0.81655,1.37,1.37
2018.03.30 16:38:25.107,0.81617,0.81657,1.37,1.12
2018.03.30 16:38:25.643,0.81617,0.81656,1.50,1.12
2018.03.30 16:38:28.798,0.81617,0.81658,1.50,1.75
2018.03.30 16:38:29.334,0.81618,0.81658,1.00,1.75
2018.03.30 16:38:33.745,0.81618,0.81658,1.50,1.12
2018.03.30 16:38:33.850,0.81618,0.81658,1.12,1.75
2018.03.30 16:38:33.903,0.81618,0.81659,1.50,1.50
2018.03.30 16:38:34.061,0.81622,0.8166,1.00,1.87
2018.03.30 16:38:34.372,0.81622,0.81658,1.00,1.87
2018.03.30 16:38:34.899,0.81622,0.81658,1.00,1.75
2018.03.30 16:38:35.358,0.81619,0.81657,1.37,1.75
2018.03.30 16:38:35.563,0.81619,0.81661,1.37,1.75
2018.03.30 16:38:35.666,0.81619,0.81657,1.37,1.37
2018.03.30 16:38:36.046,0.81619,0.8166,1.50,1.37
2018.03.30 16:38:36.151,0.81619,0.8166,1.69,1.37
2018.03.30 16:38:36.204,0.81619,0.81661,1.37,1.37
2018.03.30 16:38:36.309,0.81619,0.81661,1.37,1.37
2018.03.30 16:38:36.362,0.81623,0.81666,1.37,1.37
2018.03.30 16:38:36.415,0.81641,0.81666,1.37,1.00
2018.03.30 16:38:36.467,0.81642,0.81679,1.75,1.00
2018.03.30 16:38:36.573,0.81655,0.81693,1.37,1.37
2018.03.30 16:38:36.625,0.81655,0.81696,1.37,1.37
2018.03.30 16:38:36.678,0.81655,0.81703,1.37,1.50
2018.03.30 16:38:36.731,0.81665,0.81704,1.00,1.37
2018.03.30 16:38:36.915,0.81655,0.81703,1.37,1.37
2018.03.30 16:38:37.120,0.81655,0.81703,1.37,1.37
2018.03.30 16:38:37.172,0.81657,0.81703,1.37,2.06
2018.03.30 16:38:37.224,0.81657,0.81703,1.00,1.87
2018.03.30 16:38:37.276,0.81657,0.817,1.12,1.00
2018.03.30 16:38:37.581,0.81657,0.817,1.37,1.37
2018.03.30 16:38:37.939,0.81653,0.817,1.75,1.37
2018.03.30 16:38:37.990,0.81653,0.81698,1.75,1.37
2018.03.30 16:38:38.325,0.81643,0.81692,1.12,1.00
2018.03.30 16:38:38.431,0.81648,0.81696,1.37,1.50
2018.03.30 16:38:38.484,0.81648,0.81694,1.37,1.00
2018.03.30 16:38:38.588,0.81648,0.81695,1.37,1.50
2018.03.30 16:38:38.640,0.81648,0.81694,1.37,1.00
2018.03.30 16:38:38.956,0.81648,0.81694,1.37,1.00
2018.03.30 16:38:39.483,0.81648,0.81695,1.37,1.50
2018.03.30 16:38:40.034,0.81644,0.81694,1.87,1.00
2018.03.30 16:38:40.339,0.81644,0.81692,1.37,1.00
2018.03.30 16:38:41.040,0.81639,0.81672,1.00,1.00
2018.03.30 16:38:41.091,0.81625,0.8167,1.37,1.00
2018.03.30 16:38:41.142,0.81625,0.81665,1.00,1.00
2018.03.30 16:38:41.193,0.81619,0.81655,1.87,1.00
2018.03.30 16:38:41.397,0.81603,0.81641,1.12,1.37
2018.03.30 16:38:41.449,0.81604,0.81642,1.12,1.87
2018.03.30 16:38:41.501,0.81603,0.81642,2.25,1.00
2018.03.30 16:38:41.553,0.81603,0.81642,2.25,1.00
2018.03.30 16:38:41.605,0.81606,0.81639,1.37,1.00
2018.03.30 16:38:41.656,0.81606,0.81639,1.12,1.00
2018.03.30 16:38:41.708,0.81606,0.81638,1.37,1.00
2018.03.30 16:38:41.811,0.81608,0.81645,1.37,1.12
2018.03.30 16:38:41.863,0.81608,0.81645,1.37,1.12
2018.03.30 16:38:41.915,0.81608,0.81644,1.37,1.00
2018.03.30 16:38:41.967,0.81608,0.81643,1.37,1.00
2018.03.30 16:38:42.122,0.8161,0.81644,1.00,1.00
2018.03.30 16:38:42.260,0.81608,0.81637,1.12,1.00
2018.03.30 16:38:42.312,0.816,0.81632,1.00,1.00
2018.03.30 16:38:42.365,0.816,0.81629,1.00,1.00
2018.03.30 16:38:42.418,0.81581,0.81627,1.75,1.00
2018.03.30 16:38:42.524,0.8158,0.81623,1.37,1.00
2018.03.30 16:38:42.583,0.81577,0.81622,2.80,1.00
2018.03.30 16:38:42.893,0.8158,0.81623,2.07,1.00
2018.03.30 16:38:42.945,0.81581,0.81625,1.12,1.00
2018.03.30 16:38:43.152,0.81579,0.81625,2.32,1.00
2018.03.30 16:38:43.927,0.81582,0.8163,1.76,1.00
2018.03.30 16:38:44.030,0.81583,0.8163,1.75,1.00
2018.03.30 16:38:44.082,0.81583,0.81635,2.06,1.37
2018.03.30 16:38:44.134,0.81584,0.81636,2.62,1.00
2018.03.30 16:38:44.186,0.81588,0.81638,1.75,1.00
2018.03.30 16:38:44.494,0.81594,0.81645,2.06,1.00
2018.03.30 16:38:44.596,0.81599,0.81649,1.75,1.00
2018.03.30 16:38:44.758,0.81606,0.81646,1.37,1.00
2018.03.30 16:38:44.809,0.81611,0.81662,1.50,1.00
2018.03.30 16:38:44.860,0.8162,0.81662,1.75,1.00
2018.03.30 16:38:44.911,0.8162,0.81672,1.75,1.37
2018.03.30 16:38:45.065,0.81622,0.81672,1.75,1.00
2018.03.30 16:38:45.116,0.81635,0.81681,1.37,1.37
2018.03.30 16:38:45.168,0.81636,0.81681,1.75,1.00
2018.03.30 16:38:45.220,0.81639,0.81692,1.75,1.87
2018.03.30 16:38:45.272,0.81641,0.81692,1.37,1.31
2018.03.30 16:38:45.324,0.81647,0.81692,1.37,1.00
2018.03.30 16:38:45.635,0.81657,0.81706,1.37,1.37
2018.03.30 16:38:45.941,0.81657,0.81706,1.75,1.62
2018.03.30 16:38:45.992,0.81657,0.81706,1.75,1.62
2018.03.30 16:38:46.196,0.81657,0.81709,1.37,1.87
2018.03.30 16:38:46.502,0.81657,0.81709,1.75,1.87
2018.03.30 16:38:46.830,0.81657,0.81709,1.75,1.87
2018.03.30 16:38:47.345,0.81659,0.81709,1.12,1.37
2018.03.30 16:38:47.585,0.81657,0.81708,1.75,1.75
2018.03.30 16:38:47.845,0.81656,0.81707,1.37,3.00
2018.03.30 16:38:47.897,0.81656,0.81701,1.37,1.50
2018.03.30 16:38:48.260,0.81641,0.81689,2.06,1.37
2018.03.30 16:38:48.572,0.81634,0.81681,1.76,1.37
2018.03.30 16:38:48.908,0.81617,0.81664,1.01,1.12
2018.03.30 16:38:48.961,0.81615,0.81657,1.37,1.12
2018.03.30 16:38:49.118,0.81593,0.81632,1.87,1.00
2018.03.30 16:38:49.171,0.81593,0.81629,1.50,1.50
2018.03.30 16:38:49.429,0.81574,0.81624,2.51,1.37
2018.03.30 16:38:49.587,0.81574,0.8162,1.57,1.37
2018.03.30 16:38:49.693,0.81573,0.81621,1.39,1.37
2018.03.30 16:38:49.745,0.81574,0.81621,2.04,1.37
2018.03.30 16:38:49.797,0.81576,0.81623,1.01,1.37
2018.03.30 16:38:49.952,0.81581,0.81629,1.19,1.37
2018.03.30 16:38:50.006,0.81581,0.81629,1.00,1.37
2018.03.30 16:38:50.059,0.81584,0.81637,1.12,1.75
2018.03.30 16:38:50.318,0.81584,0.8164,2.25,1.37
2018.03.30 16:38:50.369,0.8159,0.81645,1.37,1.00
2018.03.30 16:38:50.574,0.816,0.81654,1.37,1.00
2018.03.30 16:38:50.626,0.816,0.81654,1.37,1.00
2018.03.30 16:38:50.677,0.816,0.81654,1.75,1.00
2018.03.30 16:38:50.780,0.816,0.81654,1.50,1.00
2018.03.30 16:38:50.831,0.81601,0.81656,1.12,1.00
2018.03.30 16:38:50.883,0.81601,0.81656,1.12,1.00
2018.03.30 16:38:51.213,0.81637,0.81672,1.37,1.00
2018.03.30 16:38:51.265,0.81638,0.81683,1.75,1.00
2018.03.30 16:38:51.373,0.81638,0.81688,1.75,1.00
2018.03.30 16:38:51.424,0.81638,0.81688,1.75,1.00
2018.03.30 16:38:51.476,0.81638,0.8169,1.75,1.00
2018.03.30 16:38:51.579,0.81648,0.8169,1.37,1.00
2018.03.30 16:38:51.681,0.81648,0.81693,1.37,1.00
2018.03.30 16:38:51.733,0.81648,0.81693,1.37,1.00
2018.03.30 16:38:51.990,0.81648,0.81693,1.37,1.00
2018.03.30 16:38:52.043,0.81648,0.81693,1.37,1.00
2018.03.30 16:38:52.251,0.81648,0.81693,1.37,1.00
2018.03.30 16:38:52.406,0.81648,0.81693,1.37,1.50
2018.03.30 16:38:52.570,0.81648,0.8169,1.37,1.50
2018.03.30 16:38:52.624,0.81648,0.8169,1.37,1.50
2018.03.30 16:38:52.942,0.81638,0.81673,1.00,1.00
2018.03.30 16:38:52.995,0.81619,0.8167,1.87,1.00
2018.03.30 16:38:53.048,0.81619,0.81667,1.87,1.00
2018.03.30 16:38:53.152,0.81619,0.81665,1.87,1.00
2018.03.30 16:38:53.257,0.81615,0.81663,1.37,1.50
2018.03.30 16:38:53.413,0.81612,0.81653,1.12,1.00
2018.03.30 16:38:53.466,0.81606,0.81646,1.37,1.00
2018.03.30 16:38:53.519,0.81605,0.81646,1.37,1.00
2018.03.30 16:38:53.571,0.81601,0.81641,1.37,1.00
2018.03.30 16:38:53.624,0.81595,0.81641,1.12,1.00
2018.03.30 16:38:53.743,0.81591,0.81639,1.12,1.00
2018.03.30 16:38:53.795,0.81587,0.81635,1.75,1.00
2018.03.30 16:38:53.848,0.81587,0.8163,1.69,1.00
2018.03.30 16:38:53.900,0.81587,0.8163,1.37,1.00
2018.03.30 16:38:53.952,0.81587,0.81632,1.95,1.00
2018.03.30 16:38:54.004,0.81588,0.81632,1.12,1.00
2018.03.30 16:38:54.056,0.81587,0.81633,1.75,1.12
2018.03.30 16:38:54.211,0.81586,0.81631,1.38,1.00
2018.03.30 16:38:54.263,0.81584,0.81634,1.75,1.00
2018.03.30 16:38:54.573,0.81589,0.81639,1.90,1.50
2018.03.30 16:38:54.751,0.81589,0.8164,1.35,1.00
2018.03.30 16:38:54.974,0.81588,0.81641,1.75,1.00
2018.03.30 16:38:55.235,0.81592,0.81645,2.44,1.00
2018.03.30 16:38:55.287,0.81592,0.81645,2.44,1.00
2018.03.30 16:38:55.803,0.81595,0.81646,1.75,1.00
2018.03.30 16:38:55.959,0.81595,0.81646,1.75,1.00
2018.03.30 16:38:56.011,0.81595,0.81648,1.94,1.50
2018.03.30 16:38:56.064,0.81595,0.81648,1.75,1.50
2018.03.30 16:38:56.304,0.81599,0.8165,1.75,1.50
2018.03.30 16:38:56.356,0.81599,0.81649,1.75,1.00
2018.03.30 16:38:56.510,0.81596,0.81651,2.00,1.50
2018.03.30 16:38:56.562,0.816,0.81652,1.75,1.00
2018.03.30 16:38:56.614,0.816,0.81651,1.75,1.00
2018.03.30 16:38:57.023,0.81599,0.81653,2.66,1.00
2018.03.30 16:38:57.279,0.81602,0.81654,1.75,1.00
2018.03.30 16:38:57.381,0.81602,0.81654,1.75,1.00
2018.03.30 16:38:57.541,0.81602,0.81653,1.75,1.00
2018.03.30 16:38:57.694,0.81602,0.81656,1.75,1.00
2018.03.30 16:38:57.898,0.81633,0.81677,1.37,1.12
2018.03.30 16:38:58.001,0.81622,0.81674,1.12,1.00
2018.03.30 16:38:58.616,0.81618,0.81673,1.12,1.00
2018.03.30 16:38:58.966,0.81619,0.81674,1.84,1.00
2018.03.30 16:39:00.109,0.81619,0.81676,1.20,1.00
2018.03.30 16:39:00.637,0.81623,0.81677,1.75,1.00
2018.03.30 16:39:01.165,0.81623,0.81677,1.75,1.00
2018.03.30 16:39:01.476,0.81626,0.81681,1.75,1.50
2018.03.30 16:39:02.598,0.81628,0.81681,1.75,1.50
2018.03.30 16:39:02.868,0.81631,0.81683,1.75,1.50
2018.03.30 16:39:03.773,0.81631,0.81683,1.75,1.50
2018.03.30 16:39:04.280,0.81632,0.81683,1.75,1.00
2018.03.30 16:39:04.332,0.8163,0.81683,1.75,1.00
2018.03.30 16:39:06.267,0.81633,0.81683,1.75,1.00
2018.03.30 16:39:06.817,0.81633,0.81683,1.75,1.00
2018.03.30 16:39:06.920,0.81633,0.81683,2.32,1.00
2018.03.30 16:39:07.489,0.81633,0.81683,2.51,1.00
2018.03.30 16:39:07.745,0.8164,0.8169,2.04,1.00
2018.03.30 16:39:07.847,0.81643,0.81693,1.12,1.00
2018.03.30 16:39:07.898,0.81643,0.81693,1.12,1.00
2018.03.30 16:39:08.052,0.81647,0.81695,1.12,1.00
2018.03.30 16:39:08.155,0.81645,0.81695,1.31,1.00
2018.03.30 16:39:08.463,0.81644,0.81693,2.21,1.00
2018.03.30 16:39:08.654,0.81642,0.81692,2.92,1.12
2018.03.30 16:39:08.706,0.81643,0.81691,2.24,1.50
2018.03.30 16:39:09.015,0.81643,0.81688,1.46,1.00
2018.03.30 16:39:09.536,0.81645,0.81688,1.12,1.00
2018.03.30 16:39:10.162,0.81642,0.81688,1.20,1.00
2018.03.30 16:39:13.853,0.81643,0.81686,1.12,1.00
2018.03.30 16:39:14.112,0.81638,0.81683,1.39,1.69
2018.03.30 16:39:14.164,0.81639,0.81681,1.31,1.25
2018.03.30 16:39:14.319,0.81636,0.81681,2.14,1.00
2018.03.30 16:39:14.371,0.81639,0.81683,1.31,1.00
2018.03.30 16:39:14.680,0.81639,0.81681,1.31,1.00
2018.03.30 16:39:15.130,0.81639,0.8168,1.12,2.62
2018.03.30 16:39:15.494,0.81636,0.81679,1.20,1.94
2018.03.30 16:39:15.546,0.81639,0.81679,1.12,2.62
2018.03.30 16:39:16.060,0.81636,0.81679,1.95,1.94
2018.03.30 16:39:16.388,0.81639,0.81679,1.12,1.94
2018.03.30 16:39:16.491,0.81636,0.8168,1.95,2.19
2018.03.30 16:39:16.697,0.81639,0.81681,1.12,2.62
2018.03.30 16:39:17.013,0.81638,0.8168,1.12,2.62
2018.03.30 16:39:17.319,0.81657,0.81691,1.12,2.00
2018.03.30 16:39:17.422,0.81655,0.81694,1.75,1.94
2018.03.30 16:39:17.473,0.81655,0.81692,1.37,1.31
2018.03.30 16:39:17.881,0.81649,0.81693,2.06,2.06
2018.03.30 16:39:17.984,0.81649,0.81691,2.06,2.00
2018.03.30 16:39:18.381,0.81649,0.8169,1.31,2.19
2018.03.30 16:39:18.699,0.81649,0.81686,1.12,1.94
2018.03.30 16:39:19.254,0.81649,0.81685,1.12,1.94
2018.03.30 16:39:19.589,0.81649,0.81682,1.12,1.75
2018.03.30 16:39:20.139,0.81649,0.81684,1.12,2.00
2018.03.30 16:39:20.191,0.81649,0.81681,1.12,1.75
2018.03.30 16:39:20.243,0.81649,0.81681,1.12,1.12
2018.03.30 16:39:20.295,0.8165,0.81682,1.12,1.94
2018.03.30 16:39:20.448,0.8165,0.81682,1.12,2.19
2018.03.30 16:39:20.499,0.8165,0.81682,1.12,2.19
2018.03.30 16:39:20.601,0.81646,0.81684,3.00,2.44
2018.03.30 16:39:20.703,0.81647,0.81683,1.94,1.12
2018.03.30 16:39:20.755,0.81648,0.81683,1.31,1.12
2018.03.30 16:39:20.858,0.81647,0.81681,2.44,1.87
2018.03.30 16:39:21.062,0.8165,0.81678,1.12,1.75
2018.03.30 16:39:21.113,0.8165,0.81679,1.12,1.75
2018.03.30 16:39:21.216,0.81649,0.81678,1.12,1.94
2018.03.30 16:39:21.718,0.8165,0.81679,1.12,2.06
2018.03.30 16:39:22.339,0.81651,0.81679,1.12,2.00
2018.03.30 16:39:22.670,0.81651,0.81677,1.12,1.75
2018.03.30 16:39:23.604,0.81648,0.81675,1.87,2.00
2018.03.30 16:39:24.599,0.81648,0.81675,1.87,2.00
2018.03.30 16:39:25.301,0.8165,0.81678,1.37,2.44
2018.03.30 16:39:25.405,0.81648,0.81678,1.87,2.06
2018.03.30 16:39:25.940,0.81649,0.81677,1.12,1.75
2018.03.30 16:39:27.121,0.81651,0.81676,1.37,1.94
2018.03.30 16:39:28.241,0.81651,0.81676,1.12,1.75
2018.03.30 16:39:28.345,0.81651,0.81679,1.12,2.06
2018.03.30 16:39:28.502,0.81649,0.81678,1.12,1.94
2018.03.30 16:39:30.713,0.81648,0.81677,1.75,2.62
2018.03.30 16:39:30.766,0.81639,0.81673,1.75,1.75
2018.03.30 16:39:30.819,0.81635,0.8166,1.75,1.00
2018.03.30 16:39:30.976,0.81614,0.81646,1.37,1.75
2018.03.30 16:39:31.028,0.81613,0.81644,1.50,1.75
2018.03.30 16:39:31.080,0.81601,0.81635,2.25,1.75
2018.03.30 16:39:31.132,0.81601,0.81633,2.44,1.37
2018.03.30 16:39:31.184,0.81601,0.8163,1.00,1.75
2018.03.30 16:39:31.288,0.81601,0.8163,1.00,1.37
2018.03.30 16:39:31.340,0.81601,0.81631,1.00,1.37
2018.03.30 16:39:31.392,0.81588,0.81633,1.00,1.37
2018.03.30 16:39:31.444,0.81588,0.81633,1.00,1.37
2018.03.30 16:39:31.749,0.81581,0.81624,1.00,1.37
2018.03.30 16:39:31.912,0.81582,0.81618,1.12,1.00
2018.03.30 16:39:32.069,0.81577,0.81616,1.00,1.87
2018.03.30 16:39:32.121,0.81585,0.81616,1.00,1.12
2018.03.30 16:39:32.278,0.8161,0.81644,1.00,1.00
2018.03.30 16:39:32.330,0.81611,0.81646,1.00,1.37
2018.03.30 16:39:32.383,0.8162,0.81654,1.37,1.50
2018.03.30 16:39:32.436,0.81639,0.81654,1.00,1.50
2018.03.30 16:39:32.489,0.81639,0.81666,1.12,1.50
2018.03.30 16:39:32.594,0.81639,0.81672,1.12,1.37
2018.03.30 16:39:32.698,0.81647,0.81669,1.00,1.00
2018.03.30 16:39:32.802,0.81647,0.81677,1.37,1.50
2018.03.30 16:39:32.855,0.81661,0.81677,1.00,1.00
2018.03.30 16:39:32.930,0.81661,0.81679,1.00,1.00
2018.03.30 16:39:32.981,0.81661,0.81683,1.50,1.00
2018.03.30 16:39:33.033,0.81661,0.81683,1.50,1.00
2018.03.30 16:39:33.084,0.81661,0.81688,1.12,1.00
2018.03.30 16:39:33.136,0.81661,0.81695,1.12,1.00
2018.03.30 16:39:33.187,0.81661,0.81691,1.12,1.00
2018.03.30 16:39:33.289,0.81661,0.81694,1.12,1.00
2018.03.30 16:39:33.341,0.81661,0.81689,1.12,1.00
2018.03.30 16:39:33.392,0.81661,0.817,1.50,1.37
2018.03.30 16:39:33.495,0.81661,0.81699,1.50,1.37
2018.03.30 16:39:33.547,0.81657,0.8169,1.37,1.00
2018.03.30 16:39:33.599,0.81657,0.81692,1.37,1.00
2018.03.30 16:39:33.651,0.81657,0.81689,1.37,1.00
2018.03.30 16:39:33.754,0.81657,0.81696,1.37,1.12
2018.03.30 16:39:33.805,0.81657,0.81695,1.00,1.87
2018.03.30 16:39:34.116,0.81645,0.8168,1.50,2.00
2018.03.30 16:39:34.428,0.81603,0.81647,1.75,1.00
2018.03.30 16:39:34.480,0.81603,0.81642,1.00,1.00
2018.03.30 16:39:34.533,0.81597,0.81639,1.37,1.75
2018.03.30 16:39:34.637,0.81591,0.81633,1.37,1.50
2018.03.30 16:39:34.689,0.81583,0.81631,2.25,1.50
2018.03.30 16:39:35.156,0.8158,0.8163,1.37,1.00
2018.03.30 16:39:35.208,0.8158,0.8163,1.50,1.00
2018.03.30 16:39:35.260,0.8158,0.8163,1.37,1.00
2018.03.30 16:39:35.570,0.8158,0.81629,1.37,1.00
2018.03.30 16:39:35.622,0.81578,0.81629,1.37,1.00
2018.03.30 16:39:35.948,0.81579,0.8163,1.75,1.00
2018.03.30 16:39:36.256,0.81579,0.8163,1.75,1.00
2018.03.30 16:39:36.957,0.81579,0.81631,2.25,1.00
2018.03.30 16:39:37.010,0.81582,0.81632,1.37,1.00
2018.03.30 16:39:37.063,0.81582,0.8163,1.37,1.00
2018.03.30 16:39:37.368,0.81583,0.81634,1.75,1.00
2018.03.30 16:39:37.676,0.81583,0.81634,1.75,1.00
2018.03.30 16:39:38.187,0.81583,0.81635,1.75,1.00
2018.03.30 16:39:38.342,0.81583,0.81635,1.37,1.00
2018.03.30 16:39:38.394,0.81583,0.81635,1.37,1.00
2018.03.30 16:39:38.549,0.81586,0.81638,1.75,1.00
2018.03.30 16:39:38.602,0.81589,0.81641,1.37,1.00
2018.03.30 16:39:38.654,0.81589,0.81643,1.37,1.50
2018.03.30 16:39:38.706,0.81592,0.81643,1.37,1.00
2018.03.30 16:39:38.810,0.81595,0.81649,1.37,1.37
2018.03.30 16:39:38.862,0.81596,0.81649,1.37,1.12
2018.03.30 16:39:38.914,0.81597,0.81651,1.37,1.37
2018.03.30 16:39:38.966,0.81597,0.81651,1.37,1.12
2018.03.30 16:39:39.172,0.81598,0.81651,1.37,1.00
2018.03.30 16:39:39.524,0.81598,0.81651,1.37,1.12
2018.03.30 16:39:39.576,0.81598,0.81651,1.37,1.00
2018.03.30 16:39:39.679,0.81597,0.81651,1.37,1.12
2018.03.30 16:39:39.730,0.81599,0.81658,1.37,1.50
2018.03.30 16:39:40.246,0.816,0.81658,1.37,1.37
2018.03.30 16:39:40.943,0.816,0.81658,1.37,1.37
2018.03.30 16:39:41.046,0.81601,0.81662,1.37,2.06
2018.03.30 16:39:42.222,0.81601,0.81662,1.37,2.06
2018.03.30 16:39:43.495,0.81601,0.81662,1.37,2.06
2018.03.30 16:39:46.665,0.81601,0.81662,1.37,1.62
2018.03.30 16:39:47.000,0.81601,0.81662,1.37,1.37
2018.03.30 16:39:48.811,0.81602,0.81662,1.37,1.37
2018.03.30 16:39:52.385,0.81602,0.81662,1.37,1.62
2018.03.30 16:39:52.437,0.81603,0.81663,1.37,1.56
2018.03.30 16:39:53.638,0.81603,0.81665,1.37,2.06
2018.03.30 16:39:54.652,0.81603,0.81665,1.37,2.06
2018.03.30 16:39:55.201,0.81605,0.81665,1.37,2.06
2018.03.30 16:39:56.232,0.81605,0.81665,1.75,1.37
2018.03.30 16:39:56.284,0.81606,0.81665,1.37,1.12
2018.03.30 16:39:56.336,0.81606,0.81665,1.37,1.37
2018.03.30 16:39:56.645,0.81608,0.81666,1.37,1.37
2018.03.30 16:39:56.698,0.81608,0.81666,1.37,1.37
2018.03.30 16:39:59.989,0.81607,0.81668,1.37,1.37
2018.03.30 16:40:01.617,0.81606,0.81663,1.50,1.00
2018.03.30 16:40:02.376,0.81606,0.81663,1.50,1.50
2018.03.30 16:40:03.154,0.81606,0.81663,1.75,1.50
2018.03.30 16:40:05.394,0.81608,0.81666,1.75,1.37
2018.03.30 16:40:05.499,0.8161,0.81671,1.37,1.75
2018.03.30 16:40:05.602,0.81609,0.81671,1.37,1.37
2018.03.30 16:40:05.655,0.81609,0.81671,1.37,1.87
2018.03.30 16:40:05.759,0.81609,0.8167,1.37,1.37
2018.03.30 16:40:05.811,0.8161,0.81671,1.37,1.87
2018.03.30 16:40:05.915,0.81609,0.81671,1.37,2.25
2018.03.30 16:40:06.430,0.81609,0.81666,1.37,1.87
2018.03.30 16:40:07.651,0.81609,0.81668,1.37,1.12
2018.03.30 16:40:08.650,0.81608,0.81666,1.50,1.12
2018.03.30 16:40:10.652,0.81608,0.81665,1.50,1.12
2018.03.30 16:40:10.911,0.81609,0.81668,1.37,1.37
2018.03.30 16:40:11.013,0.81609,0.8167,1.37,1.37
2018.03.30 16:40:11.065,0.81609,0.81669,1.37,1.12
2018.03.30 16:40:11.167,0.8161,0.81671,1.37,1.37
2018.03.30 16:40:11.278,0.81609,0.81671,1.37,1.12
2018.03.30 16:40:11.329,0.81609,0.81671,1.37,1.37
2018.03.30 16:40:11.635,0.81609,0.8167,1.37,1.37
2018.03.30 16:40:11.943,0.81609,0.8167,1.50,1.37
2018.03.30 16:40:12.256,0.81609,0.81673,1.37,1.12
2018.03.30 16:40:12.360,0.81609,0.8167,1.37,1.37
2018.03.30 16:40:12.463,0.81608,0.81668,1.37,1.37
2018.03.30 16:40:13.018,0.81608,0.81668,1.50,1.37
2018.03.30 16:40:13.704,0.81608,0.81668,1.75,1.37
2018.03.30 16:40:13.808,0.81608,0.81669,1.75,1.75
2018.03.30 16:40:13.861,0.81609,0.81669,1.87,1.75
2018.03.30 16:40:13.914,0.8161,0.81673,1.37,1.12
2018.03.30 16:40:13.965,0.8161,0.81672,1.37,1.37
2018.03.30 16:40:14.294,0.81609,0.81669,2.25,1.37
2018.03.30 16:40:14.773,0.81609,0.81669,1.87,1.37
2018.03.30 16:40:14.876,0.81609,0.81669,2.25,1.37
2018.03.30 16:40:14.928,0.81609,0.81669,2.25,1.12
2018.03.30 16:40:15.195,0.81609,0.81669,2.25,1.37
2018.03.30 16:40:15.247,0.8161,0.81673,1.37,1.75
2018.03.30 16:40:17.029,0.8161,0.8167,1.50,1.37
2018.03.30 16:40:20.752,0.81609,0.8167,1.87,1.87
2018.03.30 16:40:20.907,0.81609,0.8167,2.25,1.87
2018.03.30 16:40:21.242,0.81609,0.81668,1.87,1.37
2018.03.30 16:40:21.676,0.81609,0.81668,1.87,1.37
2018.03.30 16:40:21.780,0.81608,0.8167,1.87,2.06
2018.03.30 16:40:21.935,0.81608,0.81668,1.87,1.37
2018.03.30 16:40:21.988,0.81608,0.81668,1.87,1.50
2018.03.30 16:40:22.101,0.81608,0.8167,1.37,1.50
2018.03.30 16:40:22.153,0.81608,0.8167,1.37,2.25
2018.03.30 16:40:22.206,0.81606,0.81667,1.87,1.37
2018.03.30 16:40:22.258,0.81606,0.81667,1.87,1.37
2018.03.30 16:40:22.311,0.81606,0.81667,2.25,1.37
2018.03.30 16:40:22.415,0.81606,0.81667,1.87,1.37
2018.03.30 16:40:22.469,0.81606,0.81667,1.75,1.37
2018.03.30 16:40:22.574,0.81606,0.81667,1.87,1.00
2018.03.30 16:40:22.678,0.81606,0.81667,2.25,1.37
2018.03.30 16:40:22.833,0.81606,0.81667,1.50,1.00
2018.03.30 16:40:23.194,0.81606,0.81667,1.50,1.37
2018.03.30 16:40:23.697,0.81607,0.81669,2.25,1.37
2018.03.30 16:40:23.801,0.81607,0.81669,1.87,1.50
2018.03.30 16:40:23.852,0.81607,0.81669,2.25,1.50
2018.03.30 16:40:24.558,0.81607,0.81669,2.25,1.50
2018.03.30 16:40:24.663,0.81607,0.81669,1.87,1.50
2018.03.30 16:40:24.716,0.81607,0.81669,2.25,1.37
2018.03.30 16:40:25.201,0.81609,0.81671,1.50,1.00
2018.03.30 16:40:25.356,0.81609,0.81671,1.50,1.37
2018.03.30 16:40:25.408,0.81609,0.81671,1.75,1.00
2018.03.30 16:40:25.564,0.81609,0.81671,1.87,1.87
2018.03.30 16:40:25.719,0.81609,0.81671,1.37,2.25
2018.03.30 16:40:25.771,0.81609,0.81671,1.37,2.25
2018.03.30 16:40:26.672,0.81607,0.8167,2.25,1.37
2018.03.30 16:40:27.166,0.81607,0.8167,2.25,1.37
2018.03.30 16:40:29.676,0.81609,0.8167,1.75,1.37
2018.03.30 16:40:30.165,0.81612,0.81671,2.25,1.00
2018.03.30 16:40:30.218,0.81615,0.81673,1.75,1.69
2018.03.30 16:40:30.397,0.81616,0.81676,1.37,1.37
2018.03.30 16:40:30.656,0.81616,0.81676,1.50,1.37
2018.03.30 16:40:32.374,0.81616,0.81676,1.37,1.50
2018.03.30 16:40:32.725,0.81612,0.81675,1.75,1.37
2018.03.30 16:40:32.828,0.81612,0.81674,1.37,1.75
2018.03.30 16:40:32.931,0.81612,0.81674,1.37,1.75
2018.03.30 16:40:33.035,0.81613,0.81674,1.37,1.37
2018.03.30 16:40:33.087,0.81613,0.81674,1.37,1.37
2018.03.30 16:40:33.448,0.81613,0.81674,1.37,1.75
2018.03.30 16:40:33.552,0.81612,0.81673,1.37,1.12
2018.03.30 16:40:33.759,0.81613,0.81676,1.50,1.37
2018.03.30 16:40:33.862,0.81613,0.81676,1.75,1.37
2018.03.30 16:40:35.207,0.81612,0.81676,1.75,1.37
2018.03.30 16:40:35.259,0.81612,0.81676,1.50,1.37
2018.03.30 16:40:35.619,0.81612,0.81676,1.50,1.37
2018.03.30 16:40:35.927,0.81614,0.81666,1.75,1.00
2018.03.30 16:40:36.626,0.81614,0.81668,1.75,1.87
2018.03.30 16:40:38.295,0.81614,0.81668,1.75,1.50
2018.03.30 16:40:38.953,0.81614,0.81667,1.75,1.50
2018.03.30 16:40:39.583,0.81616,0.81667,1.75,1.37
2018.03.30 16:40:40.164,0.81616,0.81667,1.75,3.00
2018.03.30 16:40:41.929,0.81616,0.81666,1.75,1.50
2018.03.30 16:40:42.087,0.81618,0.81668,1.37,1.12
2018.03.30 16:40:42.926,0.81618,0.81669,1.75,1.50
2018.03.30 16:40:43.154,0.81618,0.81669,1.75,1.87
2018.03.30 16:40:43.206,0.81614,0.81663,1.50,1.00
2018.03.30 16:40:43.364,0.81612,0.81659,1.37,1.00
2018.03.30 16:40:43.418,0.81612,0.81652,1.37,1.00
2018.03.30 16:40:43.471,0.81612,0.81652,1.37,1.12
2018.03.30 16:40:43.524,0.81607,0.81654,1.37,1.50
2018.03.30 16:40:43.576,0.81607,0.81647,1.37,1.00
2018.03.30 16:40:43.835,0.81597,0.81646,1.75,1.00
2018.03.30 16:40:43.938,0.81594,0.8165,1.87,1.37
2018.03.30 16:40:44.220,0.81593,0.8165,1.37,1.37
2018.03.30 16:40:44.754,0.81593,0.81651,1.37,2.06
2018.03.30 16:40:44.806,0.81593,0.81644,1.87,1.00
2018.03.30 16:40:45.115,0.81597,0.81651,1.37,1.37
2018.03.30 16:40:45.167,0.81597,0.81651,1.37,1.37
2018.03.30 16:40:45.219,0.81597,0.81648,1.37,1.00
2018.03.30 16:40:45.271,0.81597,0.81643,1.12,1.00
2018.03.30 16:40:45.478,0.81602,0.8165,1.00,1.00
2018.03.30 16:40:45.530,0.81601,0.81645,1.37,1.00
2018.03.30 16:40:45.634,0.81592,0.81654,1.37,1.37
2018.03.30 16:40:46.504,0.81592,0.81654,1.37,1.37
2018.03.30 16:40:46.815,0.81598,0.81649,1.37,1.87
2018.03.30 16:40:47.123,0.81598,0.8165,1.37,1.00
2018.03.30 16:40:47.175,0.81598,0.81645,1.37,1.00
2018.03.30 16:40:47.699,0.816,0.81644,1.37,1.00
2018.03.30 16:40:48.054,0.816,0.81643,1.37,1.00
2018.03.30 16:40:48.566,0.81602,0.81649,1.87,1.00
2018.03.30 16:40:48.670,0.81609,0.81659,1.12,1.00
2018.03.30 16:40:48.723,0.8161,0.81659,1.12,1.00
2018.03.30 16:40:48.828,0.81616,0.81672,1.50,1.37
2018.03.30 16:40:48.880,0.81617,0.81672,1.12,1.12
2018.03.30 16:40:49.036,0.81617,0.81674,1.12,1.12
2018.03.30 16:40:49.089,0.81617,0.81674,1.12,1.37
2018.03.30 16:40:50.341,0.81618,0.81684,1.12,1.37
2018.03.30 16:40:50.547,0.81618,0.81684,1.37,1.37
2018.03.30 16:40:50.804,0.81618,0.81684,1.87,1.37
2018.03.30 16:40:50.856,0.81618,0.81684,1.87,1.37
2018.03.30 16:40:51.783,0.81618,0.81684,1.50,1.37
2018.03.30 16:40:52.093,0.81621,0.81687,1.50,1.37
2018.03.30 16:40:52.406,0.81622,0.81687,1.87,1.37
2018.03.30 16:40:52.458,0.81622,0.81687,1.87,1.37
2018.03.30 16:40:52.510,0.81622,0.81687,1.87,1.56
2018.03.30 16:40:52.562,0.81622,0.81687,1.87,1.56
2018.03.30 16:40:52.821,0.81622,0.81687,1.50,1.37
2018.03.30 16:40:52.976,0.81624,0.81687,1.87,1.37
2018.03.30 16:40:53.304,0.81626,0.81687,1.50,1.37
2018.03.30 16:40:54.128,0.81626,0.81687,1.12,1.37
2018.03.30 16:40:54.180,0.81627,0.8169,1.37,1.56
2018.03.30 16:40:54.929,0.81629,0.8169,1.87,1.37
2018.03.30 16:40:55.085,0.81629,0.81694,1.87,1.37
2018.03.30 16:40:57.023,0.81628,0.8169,1.37,1.56
2018.03.30 16:40:57.329,0.81628,0.8169,1.75,1.56
2018.03.30 16:40:59.672,0.81628,0.8169,1.75,1.37
2018.03.30 16:41:01.115,0.81628,0.8169,1.75,1.37
2018.03.30 16:41:01.166,0.81628,0.8169,1.75,1.37
2018.03.30 16:41:01.218,0.81629,0.81695,1.37,1.56
2018.03.30 16:41:01.310,0.81629,0.81695,1.37,1.62
2018.03.30 16:41:01.467,0.81629,0.81695,1.37,1.62
2018.03.30 16:41:01.521,0.81629,0.81695,1.37,1.56
2018.03.30 16:41:01.626,0.81631,0.81695,1.37,1.37
2018.03.30 16:41:01.679,0.81631,0.81695,1.37,1.37
2018.03.30 16:41:01.732,0.81631,0.81696,1.37,1.62
2018.03.30 16:41:01.785,0.81631,0.81696,1.37,1.62
2018.03.30 16:41:01.838,0.81631,0.81696,1.37,1.62
2018.03.30 16:41:02.146,0.81631,0.81696,1.37,1.56
2018.03.30 16:41:02.661,0.81631,0.81696,1.37,1.56
2018.03.30 16:41:02.778,0.81631,0.81696,1.12,1.75
2018.03.30 16:41:02.881,0.81629,0.81693,1.00,1.75
2018.03.30 16:41:02.932,0.8163,0.81693,1.00,1.75
2018.03.30 16:41:03.034,0.8163,0.81693,1.00,2.00
2018.03.30 16:41:03.342,0.81627,0.81687,1.00,1.75
2018.03.30 16:41:03.446,0.81625,0.81686,1.87,1.75
2018.03.30 16:41:03.550,0.81627,0.81684,1.00,1.75
2018.03.30 16:41:03.862,0.81626,0.81691,1.00,1.50
2018.03.30 16:41:03.965,0.81622,0.81689,1.00,2.07
2018.03.30 16:41:04.121,0.8162,0.81683,1.37,1.37
2018.03.30 16:41:04.604,0.81619,0.81681,1.00,1.75
2018.03.30 16:41:04.708,0.81619,0.81681,1.50,1.94
2018.03.30 16:41:05.118,0.81619,0.81681,1.87,1.94
2018.03.30 16:41:05.222,0.81619,0.81681,1.87,1.94
2018.03.30 16:41:05.377,0.81617,0.81684,1.37,2.44
2018.03.30 16:41:05.429,0.81616,0.81681,1.50,1.94
2018.03.30 16:41:05.481,0.81617,0.81681,1.37,1.94
2018.03.30 16:41:05.636,0.81616,0.81681,1.12,1.94
2018.03.30 16:41:05.739,0.81616,0.81681,1.00,1.75
2018.03.30 16:41:05.791,0.81616,0.81681,1.37,1.37
2018.03.30 16:41:05.968,0.81616,0.81681,1.12,1.37
2018.03.30 16:41:06.073,0.81614,0.81678,1.12,1.75
2018.03.30 16:41:06.125,0.81614,0.81678,1.00,1.75
2018.03.30 16:41:06.436,0.81614,0.81678,1.37,1.37
2018.03.30 16:41:06.593,0.81614,0.81678,1.37,1.37
2018.03.30 16:41:06.645,0.81614,0.81678,1.37,1.37
2018.03.30 16:41:06.697,0.81614,0.81678,1.37,1.37
2018.03.30 16:41:06.956,0.81614,0.81678,1.87,2.00
2018.03.30 16:41:07.008,0.81614,0.81678,1.87,1.37
2018.03.30 16:41:07.354,0.81614,0.81678,1.87,1.50
2018.03.30 16:41:07.662,0.81614,0.81678,1.87,1.75
2018.03.30 16:41:07.714,0.81614,0.81678,1.87,1.37
2018.03.30 16:41:07.766,0.81614,0.81678,1.87,1.94
2018.03.30 16:41:08.078,0.81614,0.81678,1.87,1.94
2018.03.30 16:41:09.342,0.81614,0.81678,1.37,1.94
2018.03.30 16:41:09.395,0.81614,0.81678,1.37,1.56
2018.03.30 16:41:09.499,0.81614,0.81678,1.37,1.94
2018.03.30 16:41:09.603,0.81614,0.81678,1.00,1.75
2018.03.30 16:41:09.659,0.81614,0.81678,1.00,1.56
2018.03.30 16:41:09.917,0.81613,0.81679,2.62,1.12
2018.03.30 16:41:09.998,0.81613,0.81679,1.50,1.12
2018.03.30 16:41:10.049,0.81613,0.81679,1.37,1.87
2018.03.30 16:41:10.152,0.81613,0.81679,1.00,2.06
2018.03.30 16:41:10.204,0.81613,0.81679,1.37,2.06
2018.03.30 16:41:10.462,0.81613,0.81679,1.12,1.75
2018.03.30 16:41:10.514,0.81614,0.81679,1.37,1.94
2018.03.30 16:41:10.567,0.81614,0.81683,1.00,1.75
2018.03.30 16:41:10.671,0.81613,0.81683,2.62,2.22
2018.03.30 16:41:10.724,0.81613,0.81683,1.87,2.79
2018.03.30 16:41:10.776,0.81613,0.8168,2.62,1.75
2018.03.30 16:41:10.881,0.81614,0.81682,1.37,1.75
2018.03.30 16:41:10.934,0.81614,0.81682,1.37,1.75
2018.03.30 16:41:10.986,0.81613,0.81682,1.87,1.75
2018.03.30 16:41:11.089,0.81613,0.81682,1.87,2.25
2018.03.30 16:41:11.141,0.81614,0.81682,1.37,1.75
2018.03.30 16:41:11.193,0.81614,0.81685,1.37,1.75
2018.03.30 16:41:11.315,0.81614,0.81685,1.37,1.94
2018.03.30 16:41:11.622,0.81613,0.81679,1.00,1.94
2018.03.30 16:41:11.724,0.81613,0.81679,1.37,2.25
2018.03.30 16:41:12.030,0.81609,0.81668,1.37,2.00
2018.03.30 16:41:12.335,0.81607,0.81666,1.37,1.94
2018.03.30 16:41:12.871,0.81606,0.81665,1.12,1.94
2018.03.30 16:41:13.368,0.81601,0.81658,1.37,1.75
2018.03.30 16:41:13.849,0.81601,0.81658,1.37,1.75
2018.03.30 16:41:14.279,0.81601,0.81658,1.12,1.94
2018.03.30 16:41:14.445,0.81601,0.81658,1.12,1.94
2018.03.30 16:41:14.499,0.81602,0.81659,1.00,1.57
2018.03.30 16:41:14.603,0.81599,0.81654,1.12,1.94
2018.03.30 16:41:14.656,0.81599,0.81654,1.00,1.94
2018.03.30 16:41:14.759,0.81599,0.81654,1.87,1.69
2018.03.30 16:41:15.070,0.81601,0.81656,1.00,1.75
2018.03.30 16:41:15.278,0.81594,0.81661,1.37,1.75
2018.03.30 16:41:15.382,0.81595,0.81639,1.37,0.37
2018.03.30 16:41:15.435,0.81595,0.81659,1.37,1.56
2018.03.30 16:41:15.644,0.81592,0.81656,1.37,2.44
2018.03.30 16:41:15.697,0.81591,0.81653,1.37,1.94
2018.03.30 16:41:15.878,0.81593,0.81657,1.37,1.37
2018.03.30 16:41:15.929,0.81595,0.81658,1.37,1.37
2018.03.30 16:41:16.237,0.81591,0.81656,1.87,1.56
2018.03.30 16:41:16.746,0.8159,0.81652,1.37,1.56
2018.03.30 16:41:17.051,0.8159,0.81653,1.87,1.75
2018.03.30 16:41:17.357,0.8159,0.81653,1.50,3.41
2018.03.30 16:41:17.409,0.81593,0.81651,1.00,1.75
2018.03.30 16:41:17.717,0.81597,0.81652,1.00,1.56
2018.03.30 16:41:17.769,0.81597,0.81652,1.37,1.69
2018.03.30 16:41:18.279,0.81594,0.81658,1.37,1.94
2018.03.30 16:41:19.466,0.81594,0.81653,1.37,1.56
2018.03.30 16:41:19.519,0.81593,0.81652,1.37,1.94
2018.03.30 16:41:21.354,0.81596,0.8165,1.12,1.94
2018.03.30 16:41:21.736,0.81595,0.8165,1.87,1.75
2018.03.30 16:41:21.839,0.81597,0.81653,2.62,1.94
2018.03.30 16:41:22.099,0.81606,0.8166,1.00,1.37
2018.03.30 16:41:22.152,0.81601,0.8166,1.75,1.37
2018.03.30 16:41:22.205,0.81604,0.81666,1.12,1.37
2018.03.30 16:41:22.362,0.81606,0.81667,1.12,1.37
2018.03.30 16:41:22.697,0.81613,0.81675,1.00,1.75
2018.03.30 16:41:23.010,0.81612,0.81675,2.44,1.75
2018.03.30 16:41:23.319,0.81614,0.81676,1.75,1.75
2018.03.30 16:41:23.680,0.81616,0.81677,1.75,2.00
2018.03.30 16:41:24.662,0.81618,0.81675,1.75,2.00
2018.03.30 16:41:25.120,0.81618,0.81675,1.12,2.00
2018.03.30 16:41:27.187,0.81618,0.81675,2.44,2.00
2018.03.30 16:41:29.453,0.81618,0.81675,2.44,1.75
2018.03.30 16:41:29.505,0.81619,0.81675,2.00,1.75
2018.03.30 16:41:29.620,0.81619,0.81675,2.44,1.75
2018.03.30 16:41:30.199,0.81622,0.81679,2.44,1.94
2018.03.30 16:41:30.699,0.81623,0.81679,2.00,1.94
2018.03.30 16:41:30.752,0.81622,0.81679,2.44,1.94
2018.03.30 16:41:30.805,0.81623,0.81682,2.00,2.44
2018.03.30 16:41:31.168,0.81623,0.81682,2.00,2.25
2018.03.30 16:41:31.343,0.81623,0.81682,2.00,1.87
2018.03.30 16:41:31.396,0.81625,0.81682,2.00,1.37
2018.03.30 16:41:31.551,0.81625,0.81682,1.75,1.50
2018.03.30 16:41:31.603,0.81626,0.81682,2.00,1.37
2018.03.30 16:41:31.655,0.81628,0.81682,1.12,1.37
2018.03.30 16:41:31.759,0.81626,0.81692,1.75,1.75
2018.03.30 16:41:32.283,0.81625,0.81692,2.81,1.75
2018.03.30 16:41:32.542,0.81627,0.81692,1.37,1.75
2018.03.30 16:41:32.657,0.81627,0.81692,1.12,1.75
2018.03.30 16:41:32.709,0.81627,0.81692,1.00,1.37
2018.03.30 16:41:32.866,0.81626,0.81692,1.12,1.75
2018.03.30 16:41:33.659,0.81629,0.81692,1.12,2.00
2018.03.30 16:41:34.021,0.81627,0.81692,1.37,1.94
2018.03.30 16:41:34.407,0.81626,0.81692,1.12,1.75
2018.03.30 16:41:35.236,0.81628,0.8169,1.12,1.75
2018.03.30 16:41:35.771,0.81628,0.8169,2.44,1.94
2018.03.30 16:41:36.243,0.81627,0.81689,1.87,1.75
2018.03.30 16:41:37.027,0.8163,0.81691,1.00,2.00
2018.03.30 16:41:37.572,0.81627,0.81689,2.81,1.94
2018.03.30 16:41:38.106,0.81628,0.81689,1.37,1.94
2018.03.30 16:41:38.157,0.81628,0.81689,1.12,1.94
2018.03.30 16:41:38.739,0.81628,0.8169,1.50,1.94
2018.03.30 16:41:39.152,0.81628,0.8169,1.12,1.75
2018.03.30 16:41:39.666,0.81626,0.81688,1.87,2.00
2018.03.30 16:41:40.157,0.81628,0.8169,1.12,1.75
2018.03.30 16:41:40.750,0.81627,0.81688,1.87,1.75
2018.03.30 16:41:43.652,0.81627,0.81688,1.37,1.94
2018.03.30 16:41:44.203,0.81628,0.81688,1.37,1.94
2018.03.30 16:41:44.255,0.81628,0.81688,1.37,1.56
2018.03.30 16:41:44.359,0.81628,0.81688,1.37,1.37
2018.03.30 16:41:44.680,0.81628,0.81688,1.37,1.75
2018.03.30 16:41:46.353,0.81628,0.81688,1.37,1.75
2018.03.30 16:41:46.929,0.81628,0.81688,1.37,1.75
2018.03.30 16:41:47.456,0.81628,0.81686,1.37,1.69
2018.03.30 16:41:47.963,0.81628,0.81686,1.37,1.69
2018.03.30 16:41:48.881,0.81628,0.81686,1.37,1.94
2018.03.30 16:41:49.304,0.81628,0.81686,1.00,1.56
2018.03.30 16:41:49.828,0.81628,0.81686,1.00,1.94
2018.03.30 16:41:50.292,0.81628,0.81684,1.00,1.75
2018.03.30 16:41:50.806,0.81628,0.81682,1.00,1.94
2018.03.30 16:41:51.312,0.81628,0.81682,1.00,1.69
2018.03.30 16:41:51.674,0.81624,0.81682,1.00,1.56
2018.03.30 16:41:51.778,0.81624,0.81682,1.37,1.37
2018.03.30 16:41:51.829,0.81621,0.8168,1.87,1.37
2018.03.30 16:41:52.181,0.81623,0.81681,1.12,1.37
2018.03.30 16:41:52.285,0.81623,0.81681,1.37,1.37
2018.03.30 16:41:52.801,0.81622,0.81685,1.37,1.75
2018.03.30 16:41:53.169,0.81622,0.81685,1.37,1.75
2018.03.30 16:41:53.222,0.81622,0.81685,1.12,2.25
2018.03.30 16:41:53.274,0.81622,0.81684,1.37,1.75
2018.03.30 16:41:53.785,0.81621,0.81681,1.37,1.37
2018.03.30 16:41:54.333,0.81621,0.81681,1.37,1.75
2018.03.30 16:41:54.839,0.81621,0.81681,1.00,1.69
2018.03.30 16:41:55.346,0.81621,0.81681,1.37,1.94
2018.03.30 16:41:55.853,0.81621,0.81681,1.12,1.94
2018.03.30 16:41:56.417,0.81621,0.81681,1.37,1.94
2018.03.30 16:41:57.421,0.81621,0.81681,1.37,1.69
2018.03.30 16:41:58.477,0.81621,0.81681,1.37,1.94
2018.03.30 16:41:58.581,0.81621,0.81681,1.00,1.94
2018.03.30 16:41:59.108,0.81621,0.81681,1.00,1.75
2018.03.30 16:41:59.212,0.81619,0.81681,1.00,1.94
2018.03.30 16:41:59.263,0.81617,0.8168,1.37,1.75
2018.03.30 16:41:59.315,0.81617,0.8168,1.37,1.56
2018.03.30 16:41:59.417,0.81617,0.8168,1.37,1.94
2018.03.30 16:41:59.622,0.81617,0.8168,1.12,1.69
2018.03.30 16:41:59.724,0.81617,0.8168,1.37,1.75
2018.03.30 16:41:59.776,0.81617,0.8168,1.00,1.75
2018.03.30 16:41:59.878,0.81617,0.8168,1.37,1.94
2018.03.30 16:41:59.930,0.81617,0.8168,1.00,1.94
2018.03.30 16:42:00.032,0.81617,0.8168,1.37,1.94
2018.03.30 16:42:00.580,0.81617,0.8168,1.37,1.94
2018.03.30 16:42:00.851,0.81617,0.8168,1.75,1.37
2018.03.30 16:42:00.956,0.81619,0.81682,1.75,1.56
2018.03.30 16:42:01.216,0.81619,0.81682,1.75,1.12
2018.03.30 16:42:01.270,0.81619,0.81682,1.75,1.31
2018.03.30 16:42:01.322,0.81619,0.81682,1.75,1.12
2018.03.30 16:42:01.375,0.8162,0.81682,1.75,1.00
2018.03.30 16:42:01.479,0.81623,0.81685,1.75,1.12
2018.03.30 16:42:01.822,0.81623,0.81685,1.75,1.00
2018.03.30 16:42:01.875,0.81624,0.8169,1.75,1.31
2018.03.30 16:42:01.927,0.81624,0.8169,1.75,1.19
2018.03.30 16:42:01.980,0.81626,0.81693,1.75,2.06
2018.03.30 16:42:02.032,0.81626,0.81693,1.75,2.06
2018.03.30 16:42:02.290,0.81626,0.81693,1.75,1.87
2018.03.30 16:42:02.804,0.81626,0.81693,1.75,2.06
2018.03.30 16:42:03.122,0.81627,0.81693,1.75,1.56
2018.03.30 16:42:04.342,0.81627,0.81693,1.75,2.06
2018.03.30 16:42:04.656,0.81627,0.81687,2.25,1.19
2018.03.30 16:42:05.294,0.81627,0.81687,2.25,1.19
2018.03.30 16:42:06.223,0.81627,0.81687,2.25,1.19
2018.03.30 16:42:06.276,0.81627,0.81686,1.75,1.00
2018.03.30 16:42:06.329,0.81627,0.81686,1.75,1.31
2018.03.30 16:42:06.829,0.81627,0.81686,1.87,1.25
2018.03.30 16:42:06.882,0.81627,0.81685,1.37,1.19
2018.03.30 16:42:07.037,0.81627,0.81685,1.37,1.37
2018.03.30 16:42:07.089,0.81627,0.81685,1.50,1.19
2018.03.30 16:42:07.258,0.81627,0.81685,1.75,1.19
2018.03.30 16:42:07.362,0.81627,0.81685,1.50,1.19
2018.03.30 16:42:07.414,0.81627,0.81685,1.50,1.31
2018.03.30 16:42:07.519,0.81627,0.81685,1.50,1.19
2018.03.30 16:42:07.778,0.81627,0.81685,1.75,1.31
2018.03.30 16:42:07.831,0.81627,0.81685,1.75,1.00
2018.03.30 16:42:07.883,0.81627,0.81683,1.37,1.00
2018.03.30 16:42:08.259,0.81627,0.81683,1.37,1.12
2018.03.30 16:42:09.458,0.81627,0.81683,1.50,1.31
2018.03.30 16:42:10.641,0.81627,0.81683,1.75,1.25
2018.03.30 16:42:10.745,0.81627,0.81683,1.37,1.00
2018.03.30 16:42:10.848,0.81627,0.81683,1.37,1.12
2018.03.30 16:42:10.936,0.81627,0.81683,1.37,1.00
2018.03.30 16:42:10.990,0.81627,0.81682,1.37,1.19
2018.03.30 16:42:11.320,0.81627,0.81683,1.75,1.56
2018.03.30 16:42:11.842,0.81627,0.81682,1.37,1.56
2018.03.30 16:42:12.151,0.81627,0.81682,1.37,1.19
2018.03.30 16:42:12.203,0.81627,0.81682,1.37,1.19
2018.03.30 16:42:12.509,0.81622,0.81672,1.87,1.00
2018.03.30 16:42:14.479,0.81622,0.81672,1.50,1.00
2018.03.30 16:42:14.738,0.81622,0.81672,1.37,1.00
2018.03.30 16:42:15.277,0.81622,0.81672,1.37,1.00
2018.03.30 16:42:15.697,0.81622,0.81672,1.37,1.19
2018.03.30 16:42:16.689,0.81622,0.81672,1.37,1.19
2018.03.30 16:42:17.197,0.81622,0.81672,1.37,1.19
2018.03.30 16:42:17.766,0.81621,0.81672,1.37,1.19
2018.03.30 16:42:18.249,0.81621,0.81672,1.37,1.00
2018.03.30 16:42:18.354,0.81621,0.81672,1.37,1.19
2018.03.30 16:42:18.406,0.81621,0.81672,1.37,1.00
2018.03.30 16:42:18.719,0.81618,0.81671,1.75,1.00
2018.03.30 16:42:19.038,0.81618,0.81669,1.87,1.00
2018.03.30 16:42:19.193,0.81618,0.81669,1.75,1.00
2018.03.30 16:42:19.562,0.81618,0.81667,1.12,1.00
2018.03.30 16:42:20.025,0.81618,0.81667,1.37,1.00
2018.03.30 16:42:20.076,0.81618,0.81665,1.37,1.00
2018.03.30 16:42:20.232,0.81615,0.81665,1.12,1.00
2018.03.30 16:42:20.284,0.81614,0.81665,1.37,1.00
2018.03.30 16:42:20.336,0.81614,0.81665,1.37,1.00
2018.03.30 16:42:20.749,0.81612,0.81663,2.25,1.00
2018.03.30 16:42:20.852,0.81614,0.81665,1.50,1.00
2018.03.30 16:42:21.195,0.81614,0.81665,1.75,1.00
2018.03.30 16:42:21.711,0.81614,0.81665,1.75,1.00
2018.03.30 16:42:21.865,0.81614,0.81665,1.50,1.00
2018.03.30 16:42:21.970,0.81614,0.81665,1.75,1.00
2018.03.30 16:42:22.022,0.81614,0.81665,1.37,1.50
2018.03.30 16:42:22.332,0.81612,0.81662,1.87,1.00
2018.03.30 16:42:24.161,0.81612,0.81662,1.87,1.00
2018.03.30 16:42:24.810,0.81612,0.81662,1.87,1.00
2018.03.30 16:42:25.827,0.81611,0.81665,1.75,1.31
2018.03.30 16:42:25.980,0.81611,0.81665,1.75,1.69
2018.03.30 16:42:27.424,0.81611,0.81665,1.75,1.69
2018.03.30 16:42:28.465,0.81611,0.81665,1.75,1.50
2018.03.30 16:42:28.517,0.81611,0.81663,1.37,1.19
2018.03.30 16:42:28.569,0.81611,0.81663,1.37,1.50
2018.03.30 16:42:28.621,0.81609,0.81662,1.37,1.00
2018.03.30 16:42:28.673,0.81609,0.81662,1.75,1.00
2018.03.30 16:42:28.725,0.81607,0.8166,2.25,1.00
2018.03.30 16:42:29.242,0.81607,0.81659,2.25,1.00
2018.03.30 16:42:29.395,0.81607,0.81661,2.25,1.00
2018.03.30 16:42:29.447,0.81608,0.81674,1.75,1.37
2018.03.30 16:42:29.498,0.81611,0.81677,1.75,1.37
2018.03.30 16:42:29.644,0.81611,0.81674,1.75,1.56
2018.03.30 16:42:29.798,0.81609,0.81674,1.75,1.37
2018.03.30 16:42:29.849,0.81611,0.81673,1.75,1.37
2018.03.30 16:42:30.001,0.81611,0.81673,1.75,1.37
2018.03.30 16:42:30.560,0.81611,0.81673,1.75,1.37
2018.03.30 16:42:31.073,0.81612,0.81673,1.75,1.37
2018.03.30 16:42:31.361,0.81612,0.81673,1.75,1.37
2018.03.30 16:42:31.912,0.81612,0.81673,1.75,1.37
2018.03.30 16:42:32.685,0.81613,0.81673,1.75,1.56
2018.03.30 16:42:32.737,0.81613,0.81673,1.75,1.31
2018.03.30 16:42:32.789,0.81613,0.81673,1.50,1.31
2018.03.30 16:42:33.281,0.8161,0.81672,1.75,1.62
2018.03.30 16:42:33.334,0.8161,0.81672,1.75,1.56
2018.03.30 16:42:33.438,0.8161,0.81672,1.75,1.31
2018.03.30 16:42:33.959,0.81612,0.81673,1.75,1.56
2018.03.30 16:42:34.502,0.81612,0.81673,1.75,1.56
2018.03.30 16:42:35.199,0.81612,0.81673,1.75,1.56
2018.03.30 16:42:35.699,0.81612,0.81673,1.75,1.56
2018.03.30 16:42:38.689,0.81612,0.81673,1.75,1.56
2018.03.30 16:42:38.846,0.81612,0.81673,1.75,1.56
2018.03.30 16:42:38.897,0.81612,0.81673,1.75,1.56
2018.03.30 16:42:39.000,0.81612,0.81673,1.75,1.56
2018.03.30 16:42:39.344,0.81611,0.81671,1.75,1.37
2018.03.30 16:42:39.808,0.81611,0.81671,1.50,1.37
2018.03.30 16:42:39.859,0.81611,0.81671,1.50,1.56
2018.03.30 16:42:40.185,0.81611,0.81671,1.75,1.56
2018.03.30 16:42:40.704,0.81611,0.81671,1.75,1.56
2018.03.30 16:42:43.477,0.81611,0.81666,1.75,1.69
2018.03.30 16:42:43.740,0.81611,0.81662,1.75,1.31
2018.03.30 16:42:43.844,0.81611,0.81658,1.37,1.37
2018.03.30 16:42:43.948,0.81609,0.81655,1.37,1.00
2018.03.30 16:42:44.350,0.81605,0.81664,1.87,1.37
2018.03.30 16:42:44.453,0.81607,0.81663,1.75,1.12
2018.03.30 16:42:44.505,0.81608,0.81663,1.50,1.50
2018.03.30 16:42:44.558,0.81608,0.81661,1.37,1.56
2018.03.30 16:42:44.610,0.81607,0.81661,1.37,1.00
2018.03.30 16:42:44.662,0.81607,0.81657,1.75,1.56
2018.03.30 16:42:44.818,0.81608,0.81669,1.75,1.87
2018.03.30 16:42:44.870,0.81608,0.81659,2.25,1.12
2018.03.30 16:42:45.232,0.81604,0.81655,3.00,1.00
2018.03.30 16:42:45.490,0.81609,0.81667,3.24,1.00
2018.03.30 16:42:45.594,0.81609,0.8167,1.75,1.12
2018.03.30 16:42:45.760,0.81609,0.81657,2.46,1.00
2018.03.30 16:42:45.812,0.81612,0.81664,1.48,1.37
2018.03.30 16:42:46.118,0.81618,0.81679,1.75,2.25
2018.03.30 16:42:46.220,0.81617,0.81665,1.12,1.00
2018.03.30 16:42:46.323,0.81619,0.81669,1.75,1.00
2018.03.30 16:42:46.374,0.81619,0.81669,1.37,1.00
2018.03.30 16:42:46.426,0.81612,0.81679,2.25,1.37
2018.03.30 16:42:46.529,0.81613,0.81679,1.50,1.37
2018.03.30 16:42:46.580,0.81613,0.81679,1.75,1.37
2018.03.30 16:42:46.632,0.81614,0.81683,1.50,1.37
2018.03.30 16:42:46.734,0.81614,0.81683,2.25,1.37
2018.03.30 16:42:47.056,0.81614,0.81683,1.75,1.56
2018.03.30 16:42:47.373,0.81619,0.81683,2.05,1.56
2018.03.30 16:42:47.526,0.81624,0.81684,1.75,1.56
2018.03.30 16:42:47.577,0.81624,0.81684,1.75,1.56
2018.03.30 16:42:47.628,0.81622,0.81683,1.75,1.56
2018.03.30 16:42:48.040,0.81623,0.81683,1.12,1.31
2018.03.30 16:42:48.413,0.81623,0.81688,1.75,1.56
2018.03.30 16:42:48.477,0.81623,0.81688,1.75,1.12
2018.03.30 16:42:48.530,0.81622,0.81687,1.75,1.12
2018.03.30 16:42:48.634,0.81647,0.8169,0.37,1.00
2018.03.30 16:42:48.789,0.81631,0.81689,2.22,1.00
2018.03.30 16:42:48.841,0.81627,0.81689,2.41,1.00
2018.03.30 16:42:48.997,0.81628,0.81689,1.84,1.00
2018.03.30 16:42:49.049,0.8163,0.81689,1.27,1.00
2018.03.30 16:42:49.153,0.81628,0.81687,1.42,1.19
2018.03.30 16:42:49.256,0.81629,0.81692,1.75,1.31
2018.03.30 16:42:49.309,0.81629,0.81692,1.37,1.37
2018.03.30 16:42:49.362,0.81629,0.81694,1.37,1.37
2018.03.30 16:42:49.414,0.81629,0.81694,1.37,1.37
2018.03.30 16:42:49.466,0.81629,0.81694,1.37,1.37
2018.03.30 16:42:49.795,0.81629,0.81694,1.37,1.56
2018.03.30 16:42:50.208,0.81629,0.81693,1.75,1.56
2018.03.30 16:42:50.311,0.81629,0.81693,1.75,1.56
2018.03.30 16:42:50.571,0.81629,0.8169,2.25,1.25
2018.03.30 16:42:50.623,0.81629,0.81688,1.75,1.00
2018.03.30 16:42:50.728,0.81629,0.81697,2.57,1.62
2018.03.30 16:42:50.781,0.81629,0.81697,1.75,1.37
2018.03.30 16:42:50.834,0.81629,0.81697,1.75,1.37
2018.03.30 16:42:50.887,0.81649,0.81697,0.37,1.37
2018.03.30 16:42:50.951,0.81629,0.81697,1.37,1.37
2018.03.30 16:42:51.107,0.81629,0.81697,1.75,1.37
2018.03.30 16:42:51.469,0.8163,0.81697,2.00,1.37
2018.03.30 16:42:51.522,0.81629,0.81697,1.75,1.56
2018.03.30 16:42:51.575,0.81629,0.81697,1.37,1.56
2018.03.30 16:42:51.678,0.81629,0.81697,1.75,1.37
2018.03.30 16:42:51.783,0.81629,0.81697,1.75,1.00
2018.03.30 16:42:51.834,0.81629,0.81697,1.75,1.37
2018.03.30 16:42:51.938,0.81629,0.81697,1.75,1.00
2018.03.30 16:42:52.092,0.81629,0.81697,1.75,1.12
2018.03.30 16:42:52.195,0.81629,0.81697,1.75,1.37
2018.03.30 16:42:52.248,0.81629,0.81697,1.75,1.00
2018.03.30 16:42:52.521,0.81629,0.81696,1.75,1.12
2018.03.30 16:42:52.625,0.81629,0.81695,1.75,1.12
2018.03.30 16:42:52.834,0.81629,0.81694,1.75,1.56
2018.03.30 16:42:52.887,0.81629,0.81694,1.37,1.37
2018.03.30 16:42:53.043,0.81629,0.81694,1.87,1.75
2018.03.30 16:42:53.096,0.81629,0.81694,1.87,1.37
2018.03.30 16:42:53.302,0.81629,0.81694,1.87,1.37
2018.03.30 16:42:53.354,0.81629,0.81694,1.87,1.37
2018.03.30 16:42:53.406,0.81629,0.81694,1.87,1.37
2018.03.30 16:42:53.458,0.81629,0.81694,1.87,1.37
2018.03.30 16:42:53.510,0.81629,0.81694,1.87,1.37
2018.03.30 16:42:53.657,0.81629,0.81694,1.87,1.50
2018.03.30 16:42:54.070,0.81629,0.81694,1.87,1.94
2018.03.30 16:42:54.381,0.81629,0.81691,1.37,1.94
2018.03.30 16:42:55.140,0.81629,0.81691,1.37,1.94
2018.03.30 16:42:55.244,0.81624,0.8169,1.37,2.70
2018.03.30 16:42:55.297,0.81621,0.81687,1.75,1.94
2018.03.30 16:42:55.505,0.81621,0.81687,1.75,1.75
2018.03.30 16:42:55.713,0.81621,0.81687,1.75,1.75
2018.03.30 16:42:55.770,0.81621,0.81687,1.75,1.75
2018.03.30 16:42:55.823,0.81621,0.81687,1.75,1.37
2018.03.30 16:42:56.188,0.81621,0.81686,1.75,1.37
2018.03.30 16:42:56.241,0.81621,0.81686,1.75,1.56
2018.03.30 16:42:56.495,0.81621,0.81686,1.75,1.94
2018.03.30 16:42:56.549,0.81621,0.81686,1.75,1.75
2018.03.30 16:42:56.602,0.81621,0.81686,1.75,1.37
2018.03.30 16:42:56.812,0.81621,0.81686,1.75,1.37
2018.03.30 16:42:57.225,0.81621,0.81686,1.75,2.00
2018.03.30 16:43:00.165,0.81621,0.81686,1.75,1.75
2018.03.30 16:43:01.310,0.81621,0.81686,1.75,1.75
2018.03.30 16:43:01.687,0.81621,0.81686,1.75,1.37
2018.03.30 16:43:01.739,0.81621,0.81686,1.75,1.75
2018.03.30 16:43:01.893,0.81621,0.81686,1.75,1.37
2018.03.30 16:43:01.945,0.81621,0.81686,1.75,1.50
2018.03.30 16:43:02.255,0.81621,0.81686,1.75,1.37
2018.03.30 16:43:02.359,0.81621,0.81686,1.75,1.75
2018.03.30 16:43:02.410,0.81621,0.81686,1.75,1.50
2018.03.30 16:43:02.514,0.81621,0.81686,1.75,1.75
2018.03.30 16:43:02.833,0.81623,0.8169,1.12,1.75
2018.03.30 16:43:02.937,0.81621,0.8169,1.75,1.75
2018.03.30 16:43:02.989,0.81621,0.8169,1.75,1.37
2018.03.30 16:43:03.041,0.81621,0.8169,1.75,1.50
2018.03.30 16:43:03.299,0.81623,0.8169,1.37,1.75
2018.03.30 16:43:03.352,0.81623,0.8169,1.37,1.75
2018.03.30 16:43:03.404,0.81623,0.8169,1.37,1.37
2018.03.30 16:43:03.457,0.81623,0.8169,1.37,1.37
2018.03.30 16:43:03.509,0.81623,0.8169,1.37,1.37
2018.03.30 16:43:03.561,0.81623,0.8169,1.37,1.37
2018.03.30 16:43:03.614,0.81623,0.8169,1.37,1.37
2018.03.30 16:43:03.770,0.81623,0.8169,1.37,1.75
2018.03.30 16:43:03.823,0.81623,0.8169,1.37,1.37
2018.03.30 16:43:03.875,0.81623,0.8169,1.37,1.37
2018.03.30 16:43:04.085,0.81623,0.8169,1.75,1.37
2018.03.30 16:43:04.137,0.81623,0.8169,1.75,1.37
2018.03.30 16:43:04.189,0.81623,0.8169,1.75,1.37
2018.03.30 16:43:04.293,0.81623,0.8169,1.37,1.50
2018.03.30 16:43:04.345,0.81623,0.8169,1.37,1.75
2018.03.30 16:43:04.449,0.81623,0.8169,1.37,1.37
2018.03.30 16:43:04.501,0.81623,0.8169,1.37,1.37
2018.03.30 16:43:04.604,0.81623,0.8169,1.37,1.75
2018.03.30 16:43:04.707,0.81623,0.8169,1.37,1.50
2018.03.30 16:43:04.759,0.81623,0.8169,1.37,1.75
2018.03.30 16:43:04.811,0.81623,0.8169,1.37,1.37
2018.03.30 16:43:04.863,0.81623,0.8169,1.37,1.37
2018.03.30 16:43:04.915,0.81623,0.8169,1.37,1.37
2018.03.30 16:43:04.968,0.81623,0.8169,1.37,1.37
2018.03.30 16:43:05.021,0.81623,0.8169,1.37,1.75
2018.03.30 16:43:05.074,0.81623,0.8169,1.37,1.37
2018.03.30 16:43:05.126,0.81623,0.8169,1.37,1.37
2018.03.30 16:43:05.178,0.81623,0.8169,1.37,1.37
2018.03.30 16:43:05.399,0.81625,0.8169,1.37,1.75
2018.03.30 16:43:05.451,0.81625,0.8169,1.37,1.37
2018.03.30 16:43:05.555,0.81625,0.8169,1.37,1.50
2018.03.30 16:43:05.607,0.81625,0.8169,1.37,1.37
2018.03.30 16:43:05.659,0.81625,0.8169,1.37,1.37
2018.03.30 16:43:05.711,0.81625,0.8169,1.37,1.37
2018.03.30 16:43:05.763,0.81625,0.8169,1.37,1.37
2018.03.30 16:43:05.815,0.81625,0.8169,1.37,1.37
2018.03.30 16:43:05.868,0.81625,0.8169,1.37,1.37
2018.03.30 16:43:05.920,0.81625,0.8169,1.37,1.37
2018.03.30 16:43:05.972,0.81625,0.8169,1.37,1.37
2018.03.30 16:43:06.334,0.81625,0.8169,1.37,1.75
2018.03.30 16:43:06.437,0.81625,0.8169,1.37,1.75
2018.03.30 16:43:06.489,0.81625,0.8169,1.37,1.75
2018.03.30 16:43:07.041,0.81625,0.8169,1.37,1.75
2018.03.30 16:43:07.357,0.81625,0.8169,1.37,1.75
2018.03.30 16:43:07.408,0.81625,0.8169,1.37,1.75
2018.03.30 16:43:07.936,0.81625,0.8169,1.37,1.75
2018.03.30 16:43:08.091,0.81625,0.8169,1.37,2.25
2018.03.30 16:43:08.195,0.81625,0.81685,1.37,1.75
2018.03.30 16:43:08.248,0.81625,0.81685,1.37,1.37
2018.03.30 16:43:08.300,0.81625,0.81685,1.37,1.50
2018.03.30 16:43:08.507,0.81625,0.81685,1.37,1.50
2018.03.30 16:43:08.559,0.81625,0.81685,1.37,1.50
2018.03.30 16:43:08.612,0.81625,0.81685,1.12,1.37
2018.03.30 16:43:08.665,0.81625,0.81685,1.37,1.75
2018.03.30 16:43:08.968,0.81625,0.81685,1.37,1.75
2018.03.30 16:43:09.029,0.81625,0.81685,1.00,1.75
2018.03.30 16:43:09.082,0.81625,0.81685,1.37,1.75
2018.03.30 16:43:09.341,0.81625,0.81685,1.37,1.37
2018.03.30 16:43:10.335,0.81625,0.81685,1.37,1.37
2018.03.30 16:43:10.447,0.81625,0.81685,1.37,1.37
2018.03.30 16:43:10.498,0.81625,0.81685,1.37,1.37
2018.03.30 16:43:10.549,0.81625,0.81685,1.37,1.37
2018.03.30 16:43:10.651,0.81625,0.81685,1.37,1.37
2018.03.30 16:43:10.753,0.81625,0.81685,1.37,1.37
2018.03.30 16:43:10.855,0.81625,0.81685,1.37,1.75
2018.03.30 16:43:10.957,0.81625,0.81685,1.37,1.37
2018.03.30 16:43:11.213,0.81625,0.81685,1.37,1.37
2018.03.30 16:43:11.265,0.81625,0.81685,1.37,1.37
2018.03.30 16:43:11.317,0.81625,0.81685,1.37,1.37
2018.03.30 16:43:11.369,0.81625,0.81685,1.37,1.37
2018.03.30 16:43:11.960,0.81625,0.81685,1.37,1.50
2018.03.30 16:43:12.012,0.81625,0.81685,1.37,1.37
2018.03.30 16:43:12.064,0.81625,0.81685,1.37,1.37
2018.03.30 16:43:12.168,0.81625,0.81685,1.37,1.37
2018.03.30 16:43:12.219,0.81625,0.81685,1.37,1.37
2018.03.30 16:43:12.271,0.81625,0.81685,1.37,1.37
2018.03.30 16:43:12.323,0.81625,0.81685,1.37,1.75
2018.03.30 16:43:12.835,0.81625,0.81685,1.37,1.75
2018.03.30 16:43:14.047,0.81625,0.81685,1.37,1.75
2018.03.30 16:43:14.098,0.81625,0.81685,1.37,1.37
2018.03.30 16:43:14.253,0.81625,0.81685,1.37,1.37
2018.03.30 16:43:14.507,0.81625,0.81685,1.37,1.50
2018.03.30 16:43:14.610,0.81625,0.81685,1.37,1.50
2018.03.30 16:43:14.884,0.81625,0.81685,1.37,1.75
2018.03.30 16:43:14.937,0.81625,0.81685,1.37,1.75
2018.03.30 16:43:14.989,0.81625,0.81685,1.37,1.75
2018.03.30 16:43:15.105,0.81625,0.81685,1.37,1.50
2018.03.30 16:43:15.158,0.81625,0.81685,1.37,1.75
2018.03.30 16:43:15.210,0.81625,0.81685,1.37,1.75
2018.03.30 16:43:15.523,0.81622,0.81685,1.87,1.37
2018.03.30 16:43:15.677,0.81622,0.81685,1.87,1.37
2018.03.30 16:43:15.781,0.81622,0.81685,1.87,1.75
2018.03.30 16:43:15.884,0.81622,0.81685,1.87,1.50
2018.03.30 16:43:16.504,0.81622,0.81685,1.87,1.75
2018.03.30 16:43:16.809,0.81622,0.81685,1.87,1.75
2018.03.30 16:43:16.911,0.81622,0.81685,1.87,1.50
2018.03.30 16:43:17.013,0.81622,0.81685,1.87,1.75
2018.03.30 16:43:17.216,0.81622,0.81685,1.87,1.37
2018.03.30 16:43:17.318,0.81622,0.81685,1.87,1.75
2018.03.30 16:43:17.370,0.81622,0.81685,1.87,1.75
2018.03.30 16:43:17.522,0.81622,0.81685,1.87,1.75
2018.03.30 16:43:17.726,0.81622,0.81685,1.87,1.37
2018.03.30 16:43:17.930,0.81622,0.81685,1.87,1.37
2018.03.30 16:43:17.981,0.81622,0.81685,1.87,1.37
2018.03.30 16:43:18.032,0.81622,0.81685,1.87,1.50
2018.03.30 16:43:18.236,0.81622,0.81685,1.87,1.37
2018.03.30 16:43:18.288,0.81622,0.81685,1.87,1.37
2018.03.30 16:43:18.648,0.81622,0.81685,1.87,1.75
2018.03.30 16:43:18.752,0.81622,0.81685,1.87,1.75
2018.03.30 16:43:18.804,0.81622,0.81685,1.87,1.37
2018.03.30 16:43:19.932,0.81622,0.81685,1.87,1.75
2018.03.30 16:43:20.581,0.81622,0.81685,1.87,1.75
2018.03.30 16:43:21.234,0.81622,0.81685,1.87,1.75
2018.03.30 16:43:21.834,0.81622,0.81685,1.87,1.75
2018.03.30 16:43:22.935,0.81622,0.81685,1.87,1.75
2018.03.30 16:43:23.043,0.81622,0.81685,1.87,1.37
2018.03.30 16:43:23.095,0.81622,0.81685,1.87,1.37
2018.03.30 16:43:23.386,0.81622,0.81689,1.87,1.75
2018.03.30 16:43:23.442,0.81622,0.81689,1.87,1.75
2018.03.30 16:43:23.700,0.81622,0.81689,1.87,1.37
2018.03.30 16:43:23.751,0.81622,0.81689,1.87,1.75
2018.03.30 16:43:23.855,0.81622,0.81689,1.87,1.37
2018.03.30 16:43:23.906,0.81622,0.81689,1.87,1.37
2018.03.30 16:43:24.448,0.81622,0.81689,1.87,1.37
2018.03.30 16:43:24.649,0.81622,0.81689,1.87,1.37
2018.03.30 16:43:24.701,0.81622,0.81689,1.87,1.37
2018.03.30 16:43:24.755,0.81622,0.81689,1.87,1.37
2018.03.30 16:43:24.807,0.81622,0.81689,1.87,1.75
2018.03.30 16:43:24.859,0.81622,0.81689,1.87,1.75
2018.03.30 16:43:24.963,0.81622,0.81689,1.87,1.75
2018.03.30 16:43:25.015,0.81622,0.81689,1.87,1.75
2018.03.30 16:43:25.067,0.81622,0.81689,1.87,1.75
2018.03.30 16:43:25.119,0.81622,0.81689,1.87,1.75
2018.03.30 16:43:25.274,0.81622,0.81689,1.87,1.75
2018.03.30 16:43:25.327,0.81622,0.81689,1.87,1.75
2018.03.30 16:43:25.623,0.81622,0.81689,1.87,1.75
2018.03.30 16:43:25.675,0.81622,0.81689,1.87,2.25
2018.03.30 16:43:26.220,0.81622,0.81686,1.87,1.75
2018.03.30 16:43:26.911,0.81622,0.81686,1.87,1.75
2018.03.30 16:43:26.964,0.81622,0.81686,1.87,1.75
2018.03.30 16:43:27.067,0.81622,0.81686,1.87,1.37
2018.03.30 16:43:27.390,0.81624,0.81687,1.37,1.75
2018.03.30 16:43:27.698,0.81624,0.81687,1.37,1.75
2018.03.30 16:43:28.055,0.81622,0.81684,1.37,1.75
2018.03.30 16:43:28.211,0.81622,0.81684,1.37,1.37
2018.03.30 16:43:28.316,0.81624,0.81686,1.37,1.37
2018.03.30 16:43:28.420,0.81622,0.81685,1.87,1.75
2018.03.30 16:43:28.472,0.81622,0.81685,1.87,1.37
2018.03.30 16:43:28.524,0.81622,0.81685,1.87,1.75
2018.03.30 16:43:28.687,0.81622,0.81685,1.87,1.37
2018.03.30 16:43:29.212,0.81622,0.81685,1.87,1.37
2018.03.30 16:43:30.659,0.81624,0.81687,1.37,1.75
2018.03.30 16:43:30.867,0.81623,0.81685,1.37,1.37
2018.03.30 16:43:31.022,0.81623,0.81685,1.37,1.37
2018.03.30 16:43:31.177,0.81623,0.81685,1.37,1.37
2018.03.30 16:43:31.720,0.81623,0.81685,1.37,1.50
2018.03.30 16:43:31.772,0.81623,0.81685,1.37,1.37
2018.03.30 16:43:31.875,0.81623,0.81685,1.37,1.37
2018.03.30 16:43:32.436,0.81623,0.81685,1.37,1.37
2018.03.30 16:43:32.958,0.81623,0.81685,1.37,1.37
2018.03.30 16:43:33.947,0.81623,0.81685,1.37,1.50
2018.03.30 16:43:34.000,0.81623,0.81685,1.37,1.37
2018.03.30 16:43:34.103,0.81623,0.81685,1.37,1.50
2018.03.30 16:43:34.208,0.81623,0.81685,1.37,1.37
2018.03.30 16:43:34.312,0.81623,0.81685,1.37,1.37
2018.03.30 16:43:34.416,0.81623,0.81685,1.37,1.37
2018.03.30 16:43:35.488,0.81624,0.81685,1.37,1.37
2018.03.30 16:43:36.757,0.81624,0.81685,1.37,1.50
2018.03.30 16:43:37.582,0.81624,0.81685,1.37,1.75
2018.03.30 16:43:39.209,0.81624,0.81685,1.37,1.75
2018.03.30 16:43:39.365,0.81624,0.81685,1.37,1.37
2018.03.30 16:43:39.468,0.81624,0.81685,1.37,1.37
2018.03.30 16:43:39.520,0.81624,0.81685,1.37,1.50
2018.03.30 16:43:39.572,0.81624,0.81685,1.37,1.50
2018.03.30 16:43:39.624,0.81624,0.81685,1.37,1.37
2018.03.30 16:43:39.676,0.81624,0.81685,1.37,1.50
2018.03.30 16:43:39.831,0.81624,0.81685,1.37,1.37
2018.03.30 16:43:39.883,0.81624,0.81685,1.37,1.37
2018.03.30 16:43:39.934,0.81624,0.81685,1.37,1.37
2018.03.30 16:43:39.986,0.81624,0.81685,1.37,1.37
2018.03.30 16:43:40.038,0.81624,0.81685,1.37,1.37
2018.03.30 16:43:40.252,0.81624,0.81685,1.37,1.37
2018.03.30 16:43:40.616,0.81625,0.81686,1.37,1.37
2018.03.30 16:43:40.670,0.81625,0.81686,1.37,1.37
2018.03.30 16:43:40.773,0.81625,0.81686,1.37,1.37
2018.03.30 16:43:40.826,0.81625,0.81686,1.37,1.37
2018.03.30 16:43:40.878,0.81625,0.81686,1.37,1.37
2018.03.30 16:43:40.932,0.81625,0.81686,1.37,1.37
2018.03.30 16:43:41.037,0.81625,0.81686,1.37,1.37
2018.03.30 16:43:41.092,0.81625,0.81686,1.37,1.37
2018.03.30 16:43:41.454,0.81625,0.81686,1.37,1.37
2018.03.30 16:43:41.558,0.81625,0.81686,1.37,1.37
2018.03.30 16:43:41.611,0.81625,0.81686,1.37,1.37
2018.03.30 16:43:41.664,0.81625,0.81686,1.37,1.37
2018.03.30 16:43:41.914,0.81625,0.81686,1.37,1.37
2018.03.30 16:43:41.966,0.81625,0.81686,1.37,1.37
2018.03.30 16:43:42.122,0.81625,0.81686,1.37,1.37
2018.03.30 16:43:42.330,0.81625,0.81686,1.37,1.37
2018.03.30 16:43:42.485,0.81625,0.81686,1.37,1.50
2018.03.30 16:43:42.588,0.81625,0.81686,1.37,1.50
2018.03.30 16:43:43.090,0.81624,0.81685,1.37,1.50
2018.03.30 16:43:46.714,0.81623,0.81685,1.87,1.75
2018.03.30 16:43:46.817,0.81623,0.81684,1.37,1.37
2018.03.30 16:43:47.686,0.81623,0.81685,1.87,1.37
2018.03.30 16:43:49.184,0.81623,0.81685,1.87,1.37
2018.03.30 16:43:52.105,0.81623,0.81685,1.87,1.37
2018.03.30 16:43:52.156,0.81623,0.81685,1.87,1.50
2018.03.30 16:43:52.760,0.81623,0.81685,1.87,1.69
2018.03.30 16:43:53.279,0.81623,0.81685,1.87,1.94
2018.03.30 16:43:53.331,0.81623,0.81685,1.87,1.50
2018.03.30 16:43:53.691,0.81623,0.81685,1.87,1.50
2018.03.30 16:43:53.742,0.81623,0.81685,1.87,1.50
2018.03.30 16:43:53.794,0.81623,0.81685,1.87,1.62
2018.03.30 16:43:53.897,0.81623,0.81685,1.87,1.37
2018.03.30 16:43:54.308,0.81623,0.81684,1.37,1.37
2018.03.30 16:43:54.411,0.81623,0.81685,1.87,1.37
2018.03.30 16:43:54.754,0.81624,0.81685,1.37,1.37
2018.03.30 16:43:54.910,0.81624,0.81685,1.37,1.75
2018.03.30 16:43:54.962,0.81624,0.81685,1.37,1.50
2018.03.30 16:43:55.014,0.81623,0.81684,1.37,1.75
2018.03.30 16:43:55.117,0.81624,0.81685,1.37,1.50
2018.03.30 16:43:55.170,0.81624,0.81685,1.37,1.75
2018.03.30 16:43:55.222,0.81623,0.81684,1.37,1.75
2018.03.30 16:43:55.275,0.81623,0.81684,1.37,1.37
2018.03.30 16:43:55.327,0.81623,0.81684,1.37,1.37
2018.03.30 16:43:55.379,0.81623,0.81684,1.37,1.37
2018.03.30 16:43:55.483,0.81624,0.81685,1.37,1.37
2018.03.30 16:43:55.535,0.81624,0.81685,1.37,1.37
2018.03.30 16:43:55.843,0.81624,0.81685,1.37,1.37
2018.03.30 16:43:55.896,0.81623,0.81684,1.37,1.37
2018.03.30 16:43:55.948,0.81623,0.81684,1.37,1.37
2018.03.30 16:43:56.000,0.81624,0.81685,1.37,1.37
2018.03.30 16:43:56.161,0.81624,0.81685,1.37,1.37
2018.03.30 16:43:56.473,0.81623,0.81682,1.37,1.37
2018.03.30 16:43:56.527,0.81623,0.81682,1.37,1.37
2018.03.30 16:43:56.580,0.81623,0.81682,1.37,1.37
2018.03.30 16:43:56.684,0.81623,0.81682,1.37,1.37
2018.03.30 16:43:56.788,0.81623,0.81682,1.37,1.37
2018.03.30 16:43:56.842,0.81623,0.81682,1.37,1.37
2018.03.30 16:43:56.947,0.81623,0.81682,1.37,1.37
2018.03.30 16:43:57.000,0.81623,0.81682,1.37,1.37
2018.03.30 16:43:57.052,0.81623,0.81682,1.37,1.37
2018.03.30 16:43:57.105,0.81623,0.81682,1.37,1.37
2018.03.30 16:43:57.157,0.81623,0.81682,1.37,1.37
2018.03.30 16:43:57.209,0.81623,0.81682,1.37,1.37
2018.03.30 16:43:57.313,0.81623,0.81682,1.37,1.37
2018.03.30 16:43:57.366,0.81623,0.81682,1.37,1.37
2018.03.30 16:43:57.419,0.81623,0.81682,1.37,1.37
2018.03.30 16:43:57.471,0.81623,0.81682,1.37,1.37
2018.03.30 16:43:57.524,0.81623,0.81682,1.37,1.37
2018.03.30 16:43:57.628,0.81623,0.81682,1.37,1.37
2018.03.30 16:43:57.731,0.81623,0.81682,1.37,1.37
2018.03.30 16:43:57.835,0.81623,0.81684,1.37,1.37
2018.03.30 16:43:57.984,0.81622,0.81684,1.37,1.37
2018.03.30 16:43:58.191,0.81622,0.81684,1.37,1.37
2018.03.30 16:43:58.294,0.81622,0.81684,1.37,1.37
2018.03.30 16:43:58.810,0.81622,0.81684,1.37,1.37
2018.03.30 16:43:59.551,0.81622,0.81684,1.37,1.37
2018.03.30 16:44:00.717,0.81622,0.81684,1.37,1.37
2018.03.30 16:44:00.822,0.81622,0.81684,1.37,1.37
2018.03.30 16:44:00.874,0.81622,0.81684,1.37,1.37
2018.03.30 16:44:01.029,0.81622,0.81684,1.37,1.37
2018.03.30 16:44:01.082,0.81622,0.81684,1.37,1.37
2018.03.30 16:44:01.782,0.81622,0.81684,1.37,1.37
2018.03.30 16:44:02.382,0.81622,0.81684,1.37,1.37
2018.03.30 16:44:04.471,0.81622,0.81684,1.37,1.50
2018.03.30 16:44:04.522,0.81622,0.81684,1.37,1.37
2018.03.30 16:44:04.574,0.81622,0.81684,1.37,1.37
2018.03.30 16:44:04.626,0.81622,0.81684,1.37,1.37
2018.03.30 16:44:04.678,0.81622,0.81684,1.37,1.37
2018.03.30 16:44:05.038,0.81622,0.81684,1.37,1.37
2018.03.30 16:44:05.090,0.81622,0.81684,1.37,1.37
2018.03.30 16:44:05.295,0.81622,0.81684,1.37,1.37
2018.03.30 16:44:06.974,0.81622,0.81684,1.50,1.37
2018.03.30 16:44:08.443,0.81622,0.81684,1.75,1.37
2018.03.30 16:44:08.495,0.81622,0.81684,1.75,1.37
2018.03.30 16:44:08.701,0.81623,0.81688,1.37,1.37
2018.03.30 16:44:08.753,0.81623,0.81688,1.37,1.37
2018.03.30 16:44:08.908,0.81623,0.81688,1.75,1.75
2018.03.30 16:44:09.012,0.81623,0.81688,1.37,1.37
2018.03.30 16:44:09.406,0.81623,0.81688,1.37,1.37
2018.03.30 16:44:09.457,0.81623,0.81688,1.50,1.37
2018.03.30 16:44:09.508,0.81623,0.81688,1.37,1.37
2018.03.30 16:44:09.559,0.81623,0.81688,1.50,1.37
2018.03.30 16:44:09.763,0.81626,0.81688,1.37,1.37
2018.03.30 16:44:09.814,0.81626,0.81688,1.37,1.37
2018.03.30 16:44:09.865,0.81626,0.81688,1.37,1.37
2018.03.30 16:44:09.968,0.81626,0.81688,1.37,1.37
2018.03.30 16:44:10.121,0.81627,0.81689,1.37,1.37
2018.03.30 16:44:10.172,0.81627,0.81689,1.37,1.37
2018.03.30 16:44:10.225,0.81627,0.81689,1.37,1.37
2018.03.30 16:44:10.277,0.81627,0.81689,1.37,1.37
2018.03.30 16:44:10.331,0.81627,0.81689,1.37,1.37
2018.03.30 16:44:10.383,0.81628,0.81689,1.37,1.37
2018.03.30 16:44:10.488,0.81627,0.81689,1.37,1.75
2018.03.30 16:44:10.861,0.81626,0.81689,1.37,1.50
2018.03.30 16:44:11.018,0.81626,0.81689,1.37,1.50
2018.03.30 16:44:11.123,0.81627,0.81689,1.37,1.37
2018.03.30 16:44:11.385,0.81628,0.81689,1.37,1.37
2018.03.30 16:44:11.438,0.81628,0.81689,1.37,1.37
2018.03.30 16:44:11.491,0.81628,0.81689,1.37,1.37
2018.03.30 16:44:11.543,0.81628,0.81689,1.37,1.37
2018.03.30 16:44:11.595,0.81628,0.81689,1.37,1.37
2018.03.30 16:44:11.647,0.81628,0.81689,1.37,1.37
2018.03.30 16:44:11.906,0.81627,0.81689,1.37,1.37
2018.03.30 16:44:11.959,0.81627,0.81689,1.37,1.37
2018.03.30 16:44:12.011,0.81627,0.81689,1.37,1.37
2018.03.30 16:44:12.064,0.81627,0.81689,1.37,1.37
2018.03.30 16:44:12.116,0.81627,0.81689,1.37,1.37
2018.03.30 16:44:12.272,0.81627,0.81689,1.37,1.37
2018.03.30 16:44:12.324,0.81627,0.81689,1.37,1.37
2018.03.30 16:44:12.376,0.81626,0.81689,1.37,1.37
2018.03.30 16:44:12.537,0.81626,0.81687,1.37,1.37
2018.03.30 16:44:12.690,0.81626,0.81687,1.37,1.37
2018.03.30 16:44:12.792,0.81626,0.81687,1.37,1.37
2018.03.30 16:44:12.996,0.81626,0.81687,1.37,1.37
2018.03.30 16:44:13.047,0.81626,0.81687,1.37,1.37
2018.03.30 16:44:13.117,0.81626,0.81687,1.37,1.37
2018.03.30 16:44:13.220,0.81626,0.81687,1.37,1.37
2018.03.30 16:44:13.375,0.81626,0.81687,1.37,1.37
2018.03.30 16:44:13.428,0.81626,0.81687,1.37,1.37
2018.03.30 16:44:13.530,0.81626,0.81687,1.37,1.37
2018.03.30 16:44:13.581,0.81626,0.81687,1.37,1.37
2018.03.30 16:44:13.633,0.81627,0.81687,1.37,1.37
2018.03.30 16:44:13.684,0.81627,0.81687,1.37,1.37
2018.03.30 16:44:13.735,0.81627,0.81687,1.37,1.37
2018.03.30 16:44:13.786,0.81628,0.81687,1.37,1.37
2018.03.30 16:44:13.838,0.81628,0.81689,1.37,1.37
2018.03.30 16:44:13.940,0.81628,0.81689,1.37,1.37
2018.03.30 16:44:14.043,0.81628,0.81688,1.37,1.37
2018.03.30 16:44:14.297,0.81628,0.81689,1.37,1.37
2018.03.30 16:44:14.400,0.81627,0.81688,1.37,1.37
2018.03.30 16:44:14.451,0.81627,0.81688,1.37,1.37
2018.03.30 16:44:14.756,0.81627,0.81688,1.37,1.37
2018.03.30 16:44:14.807,0.81628,0.81688,1.37,1.37
2018.03.30 16:44:14.859,0.81628,0.81688,1.37,1.37
2018.03.30 16:44:14.910,0.81628,0.81689,1.37,1.37
2018.03.30 16:44:15.219,0.81628,0.81689,1.37,1.37
2018.03.30 16:44:15.436,0.81627,0.81688,1.37,1.37
2018.03.30 16:44:15.541,0.81627,0.81688,1.37,1.37
2018.03.30 16:44:15.644,0.81626,0.81688,1.37,1.37
2018.03.30 16:44:15.819,0.81627,0.81689,1.37,1.37
2018.03.30 16:44:15.923,0.81627,0.81688,1.37,1.37
2018.03.30 16:44:15.974,0.81627,0.81688,1.37,1.37
2018.03.30 16:44:16.026,0.81628,0.81689,1.37,1.37
2018.03.30 16:44:16.078,0.81627,0.81689,1.37,1.37
2018.03.30 16:44:16.130,0.81627,0.81688,1.37,1.37
2018.03.30 16:44:16.182,0.81627,0.81688,1.37,1.37
2018.03.30 16:44:16.287,0.81627,0.81688,1.37,1.37
2018.03.30 16:44:16.339,0.81627,0.81688,1.37,1.37
2018.03.30 16:44:16.391,0.81627,0.81688,1.37,1.37
2018.03.30 16:44:16.443,0.81627,0.81688,1.37,1.37
2018.03.30 16:44:16.495,0.81627,0.81688,1.37,1.37
2018.03.30 16:44:16.598,0.81627,0.81688,1.37,1.37
2018.03.30 16:44:16.650,0.81627,0.81688,1.37,1.37
2018.03.30 16:44:16.754,0.81627,0.81688,1.37,1.37
2018.03.30 16:44:16.806,0.81627,0.81688,1.37,1.37
2018.03.30 16:44:16.859,0.81627,0.81688,1.37,1.37
2018.03.30 16:44:16.911,0.81627,0.81688,1.37,1.37
2018.03.30 16:44:16.963,0.81627,0.81688,1.37,1.37
2018.03.30 16:44:17.015,0.81627,0.81688,1.37,1.37
2018.03.30 16:44:17.067,0.81627,0.81688,1.37,1.37
2018.03.30 16:44:17.119,0.81627,0.81688,1.37,1.37
2018.03.30 16:44:17.171,0.81627,0.81688,1.37,1.37
2018.03.30 16:44:17.224,0.81627,0.81688,1.37,1.37
2018.03.30 16:44:17.276,0.81627,0.81688,1.37,1.37
2018.03.30 16:44:17.635,0.81627,0.81688,1.37,1.37
2018.03.30 16:44:17.789,0.81626,0.81688,1.37,1.37
2018.03.30 16:44:17.892,0.81626,0.81688,1.37,1.37
2018.03.30 16:44:17.994,0.81627,0.81688,1.37,1.37
2018.03.30 16:44:18.046,0.81627,0.81688,1.37,1.37
2018.03.30 16:44:18.097,0.81627,0.81688,1.37,1.37
2018.03.30 16:44:18.148,0.81627,0.81688,1.37,1.50
2018.03.30 16:44:18.302,0.81626,0.81688,1.37,1.37
2018.03.30 16:44:18.611,0.81626,0.81688,1.37,1.75
2018.03.30 16:44:18.715,0.81626,0.81688,1.37,1.75
2018.03.30 16:44:19.046,0.81625,0.81688,1.37,2.25
2018.03.30 16:44:19.098,0.81624,0.81688,1.87,2.25
2018.03.30 16:44:19.488,0.81624,0.81685,1.37,1.37
2018.03.30 16:44:20.189,0.81624,0.81685,1.37,1.37
2018.03.30 16:44:21.700,0.81624,0.81685,1.37,1.50
2018.03.30 16:44:21.803,0.81624,0.81685,1.37,1.37
2018.03.30 16:44:22.112,0.81624,0.81685,1.37,1.37
2018.03.30 16:44:22.462,0.81624,0.81685,1.37,1.62
2018.03.30 16:44:22.704,0.81622,0.81685,1.75,1.75
2018.03.30 16:44:22.757,0.81623,0.81685,1.37,1.50
2018.03.30 16:44:22.860,0.81623,0.81685,1.37,1.75
2018.03.30 16:44:22.913,0.81623,0.81685,1.37,1.75
2018.03.30 16:44:22.965,0.81623,0.81685,1.37,1.37
2018.03.30 16:44:23.160,0.81623,0.81685,1.37,1.75
2018.03.30 16:44:23.212,0.81623,0.81685,1.37,1.37
2018.03.30 16:44:23.264,0.81624,0.81685,1.37,1.37
2018.03.30 16:44:23.317,0.81624,0.81685,1.37,1.37
2018.03.30 16:44:23.369,0.81624,0.81685,1.37,1.37
2018.03.30 16:44:23.474,0.81623,0.81685,1.37,1.37
2018.03.30 16:44:23.526,0.81623,0.81685,1.37,1.37
2018.03.30 16:44:23.578,0.81623,0.81685,1.37,1.37
2018.03.30 16:44:23.733,0.81623,0.81685,1.37,1.37
2018.03.30 16:44:23.786,0.81623,0.81685,1.37,1.37
2018.03.30 16:44:23.838,0.81623,0.81685,1.37,1.37
2018.03.30 16:44:24.045,0.81623,0.81685,1.37,1.37
2018.03.30 16:44:24.097,0.81623,0.81685,1.37,1.37
2018.03.30 16:44:24.201,0.81623,0.81685,1.37,1.37
2018.03.30 16:44:24.253,0.81623,0.81685,1.37,1.37
2018.03.30 16:44:24.408,0.81623,0.81685,1.37,1.37
2018.03.30 16:44:24.674,0.81623,0.81685,1.37,1.75
2018.03.30 16:44:24.726,0.81623,0.81685,1.37,1.75
2018.03.30 16:44:24.778,0.81623,0.81685,1.37,1.37
2018.03.30 16:44:25.193,0.81623,0.81685,1.37,1.37
2018.03.30 16:44:25.350,0.81624,0.81685,1.37,1.37
2018.03.30 16:44:25.402,0.81624,0.81685,1.37,1.37
2018.03.30 16:44:25.455,0.81624,0.81685,1.37,1.37
2018.03.30 16:44:25.560,0.81623,0.81685,1.37,1.37
2018.03.30 16:44:25.613,0.81624,0.81685,1.37,1.37
2018.03.30 16:44:25.972,0.81624,0.81685,1.37,1.37
2018.03.30 16:44:26.143,0.81624,0.81685,1.37,1.37
2018.03.30 16:44:26.195,0.81624,0.81685,1.37,1.37
2018.03.30 16:44:26.299,0.81623,0.81685,1.37,1.37
2018.03.30 16:44:26.505,0.81623,0.81685,1.37,1.37
2018.03.30 16:44:26.556,0.81623,0.81685,1.37,1.37
2018.03.30 16:44:26.711,0.81623,0.81685,1.37,1.75
2018.03.30 16:44:27.411,0.81623,0.81685,1.37,1.75
2018.03.30 16:44:28.702,0.81622,0.81685,1.37,1.75
2018.03.30 16:44:28.807,0.81623,0.81685,1.37,1.50
2018.03.30 16:44:29.013,0.81623,0.81685,1.37,1.37
2018.03.30 16:44:29.364,0.81623,0.81685,1.37,1.37
2018.03.30 16:44:31.489,0.81623,0.81685,1.37,1.50
2018.03.30 16:44:31.591,0.81623,0.81685,1.37,1.37
2018.03.30 16:44:31.958,0.81623,0.81685,1.37,1.37
2018.03.30 16:44:32.010,0.81623,0.81685,1.37,1.37
2018.03.30 16:44:32.114,0.81623,0.81685,1.37,1.50
2018.03.30 16:44:32.270,0.81623,0.81685,1.37,1.37
2018.03.30 16:44:32.321,0.81623,0.81685,1.37,1.37
2018.03.30 16:44:32.374,0.81622,0.81685,1.37,1.50
2018.03.30 16:44:32.477,0.81622,0.81685,1.37,1.37
2018.03.30 16:44:33.014,0.81622,0.81685,1.37,1.50
2018.03.30 16:44:33.116,0.81622,0.81685,1.37,1.37
2018.03.30 16:44:33.508,0.81622,0.81685,1.37,1.50
2018.03.30 16:44:35.431,0.81623,0.81685,1.37,1.37
2018.03.30 16:44:35.583,0.81623,0.81685,1.37,1.37
2018.03.30 16:44:35.635,0.81623,0.81685,1.37,1.37
2018.03.30 16:44:35.686,0.81623,0.81685,1.37,1.37
2018.03.30 16:44:35.737,0.81623,0.81685,1.37,1.37
2018.03.30 16:44:35.788,0.81624,0.81685,1.37,1.37
2018.03.30 16:44:35.839,0.81624,0.81685,1.37,1.37
2018.03.30 16:44:35.891,0.81624,0.81685,1.37,1.37
2018.03.30 16:44:35.942,0.81624,0.81685,1.37,1.37
2018.03.30 16:44:36.044,0.81624,0.81685,1.37,1.37
2018.03.30 16:44:36.146,0.81624,0.81685,1.37,1.37
2018.03.30 16:44:36.948,0.81623,0.81685,1.37,1.37
2018.03.30 16:44:37.263,0.81624,0.81686,1.37,1.37
2018.03.30 16:44:37.315,0.81624,0.81686,1.37,1.37
2018.03.30 16:44:37.419,0.81625,0.81686,1.37,1.37
2018.03.30 16:44:37.472,0.81625,0.81686,1.37,1.37
2018.03.30 16:44:37.524,0.81625,0.81686,1.37,1.37
2018.03.30 16:44:37.575,0.81625,0.81686,1.37,1.37
2018.03.30 16:44:37.627,0.81625,0.81686,1.37,1.37
2018.03.30 16:44:37.679,0.81625,0.81686,1.37,1.37
2018.03.30 16:44:38.291,0.81624,0.81686,1.37,1.37
2018.03.30 16:44:38.817,0.81624,0.81686,1.37,1.37
2018.03.30 16:44:38.921,0.81624,0.81686,1.37,1.37
2018.03.30 16:44:39.026,0.81624,0.81686,1.37,1.37
2018.03.30 16:44:39.079,0.81624,0.81686,1.37,1.37
2018.03.30 16:44:39.183,0.81624,0.81686,1.37,1.37
2018.03.30 16:44:39.235,0.81625,0.81686,1.37,1.37
2018.03.30 16:44:39.287,0.81625,0.81686,1.37,1.37
2018.03.30 16:44:39.338,0.81625,0.81686,1.37,1.37
2018.03.30 16:44:39.491,0.81625,0.81686,1.37,1.37
2018.03.30 16:44:39.542,0.81625,0.81686,1.37,1.37
2018.03.30 16:44:39.593,0.81624,0.81686,1.37,1.37
2018.03.30 16:44:39.645,0.81624,0.81686,1.37,1.37
2018.03.30 16:44:40.001,0.81624,0.81686,1.37,1.37
2018.03.30 16:44:40.103,0.81624,0.81686,1.37,1.37
2018.03.30 16:44:40.423,0.81624,0.81686,1.37,1.75
2018.03.30 16:44:43.685,0.81624,0.81688,1.37,1.75
2018.03.30 16:44:43.738,0.81624,0.81688,1.37,1.75
2018.03.30 16:44:43.791,0.81624,0.81688,1.37,1.75
2018.03.30 16:44:43.844,0.81624,0.81688,1.37,1.37
2018.03.30 16:44:43.896,0.81625,0.81688,1.37,1.75
2018.03.30 16:44:43.948,0.81625,0.81688,1.37,1.75
2018.03.30 16:44:44.001,0.81626,0.81688,1.37,1.75
2018.03.30 16:44:44.053,0.81626,0.81688,1.37,1.75
2018.03.30 16:44:44.105,0.81626,0.81688,1.37,1.75
2018.03.30 16:44:44.157,0.81626,0.81688,1.37,1.75
2018.03.30 16:44:44.209,0.81626,0.81688,1.37,1.37
2018.03.30 16:44:44.559,0.81627,0.81691,1.37,1.75
2018.03.30 16:44:44.619,0.81627,0.81691,1.37,1.37
2018.03.30 16:44:44.827,0.81629,0.81691,1.37,1.37
2018.03.30 16:44:44.879,0.81629,0.81694,1.37,1.75
2018.03.30 16:44:45.034,0.81629,0.81694,1.37,1.75
2018.03.30 16:44:45.139,0.81629,0.81694,1.37,1.37
2018.03.30 16:44:45.191,0.81629,0.81694,1.37,1.37
2018.03.30 16:44:45.243,0.81629,0.81694,1.37,1.75
2018.03.30 16:44:45.295,0.81629,0.81694,1.37,1.75
2018.03.30 16:44:45.347,0.81628,0.81694,1.37,1.37
2018.03.30 16:44:45.399,0.81628,0.81694,1.37,1.87
2018.03.30 16:44:45.503,0.81629,0.81694,1.37,1.37
2018.03.30 16:44:45.555,0.81629,0.81694,1.37,1.75
2018.03.30 16:44:45.844,0.81629,0.81695,1.37,1.37
2018.03.30 16:44:45.896,0.8163,0.81695,1.37,1.37
2018.03.30 16:44:45.949,0.81632,0.81695,1.37,1.37
2018.03.30 16:44:46.001,0.81632,0.81695,1.37,1.75
2018.03.30 16:44:46.104,0.81632,0.81695,1.37,1.37
2018.03.30 16:44:46.208,0.81633,0.81698,1.37,1.75
2018.03.30 16:44:46.312,0.81632,0.81698,1.37,1.75
2018.03.30 16:44:46.364,0.81632,0.81698,1.37,1.75
2018.03.30 16:44:46.416,0.81633,0.81698,1.37,1.75
2018.03.30 16:44:46.468,0.81633,0.81698,1.37,1.50
2018.03.30 16:44:46.520,0.81633,0.81698,1.37,1.75
2018.03.30 16:44:46.831,0.81631,0.81698,1.37,2.25
2018.03.30 16:44:47.139,0.81632,0.81698,1.37,1.75
2018.03.30 16:44:47.670,0.81632,0.81698,1.37,1.75
2018.03.30 16:44:47.825,0.81633,0.81698,1.37,1.37
2018.03.30 16:44:48.392,0.81633,0.81699,1.37,1.75
2018.03.30 16:44:49.053,0.81633,0.81699,1.37,1.75
2018.03.30 16:44:49.105,0.81634,0.81699,1.37,1.75
2018.03.30 16:44:49.158,0.81634,0.81699,1.37,1.75
2018.03.30 16:44:49.211,0.81634,0.81699,1.37,1.50
2018.03.30 16:44:49.271,0.81634,0.81699,1.37,1.37
2018.03.30 16:44:49.326,0.81634,0.81699,1.37,1.75
2018.03.30 16:44:49.378,0.81634,0.81699,1.37,1.37
2018.03.30 16:44:49.482,0.81634,0.81699,1.37,1.75
2018.03.30 16:44:49.792,0.81635,0.81701,1.37,1.75
2018.03.30 16:44:50.182,0.81635,0.81701,1.37,1.75
2018.03.30 16:44:50.457,0.81638,0.81699,1.37,1.12
2018.03.30 16:44:50.819,0.81638,0.81701,1.37,1.75
2018.03.30 16:44:50.925,0.81637,0.81701,1.37,2.25
2018.03.30 16:44:51.132,0.81637,0.81698,1.37,1.75
2018.03.30 16:44:51.184,0.81636,0.81698,1.37,1.75
2018.03.30 16:44:51.339,0.81636,0.81698,1.37,1.50
2018.03.30 16:44:51.442,0.81636,0.81698,1.37,1.75
2018.03.30 16:44:51.659,0.81637,0.81698,1.37,1.75
2018.03.30 16:44:52.190,0.81634,0.81698,1.75,1.87
2018.03.30 16:44:52.242,0.81634,0.81695,1.75,1.62
2018.03.30 16:44:52.294,0.81634,0.81695,1.75,1.69
2018.03.30 16:44:52.346,0.81634,0.81693,1.75,1.37
2018.03.30 16:44:52.450,0.81632,0.81693,1.87,1.37
2018.03.30 16:44:52.761,0.81632,0.81691,1.37,1.62
2018.03.30 16:44:52.863,0.81632,0.81691,1.87,1.37
2018.03.30 16:44:52.915,0.81632,0.81693,1.87,1.37
2018.03.30 16:44:53.077,0.81632,0.81693,1.37,1.37
2018.03.30 16:44:53.180,0.81632,0.81691,1.12,1.37
2018.03.30 16:44:53.231,0.81632,0.81691,1.87,1.37
2018.03.30 16:44:53.388,0.81632,0.81691,1.50,1.75
2018.03.30 16:44:53.441,0.81632,0.81691,1.87,1.37
2018.03.30 16:44:53.494,0.81632,0.81691,1.87,1.37
2018.03.30 16:44:53.546,0.81632,0.81691,1.87,1.37
2018.03.30 16:44:53.599,0.81632,0.81691,1.87,1.37
2018.03.30 16:44:54.497,0.81632,0.81691,1.00,1.75
2018.03.30 16:44:54.549,0.81632,0.8169,1.37,1.37
2018.03.30 16:44:54.652,0.81632,0.8169,1.37,1.37
2018.03.30 16:44:54.704,0.81632,0.8169,1.37,1.37
2018.03.30 16:44:54.757,0.81632,0.8169,1.37,1.37
2018.03.30 16:44:54.810,0.81632,0.8169,1.37,1.37
2018.03.30 16:44:55.325,0.81632,0.81688,1.37,1.37
2018.03.30 16:44:55.838,0.81632,0.81688,1.37,1.37
2018.03.30 16:44:56.721,0.81632,0.81688,1.37,1.37
2018.03.30 16:44:56.773,0.81632,0.81688,1.37,1.37
2018.03.30 16:44:56.825,0.81627,0.81688,2.25,1.37
2018.03.30 16:44:57.135,0.81627,0.81687,1.50,1.75
2018.03.30 16:44:58.360,0.81627,0.81684,1.50,1.37
2018.03.30 16:44:59.988,0.81624,0.81684,1.87,1.75
2018.03.30 16:45:00.092,0.81625,0.81682,1.75,1.37
2018.03.30 16:45:00.144,0.81625,0.81682,1.75,1.37
2018.03.30 16:45:00.196,0.81626,0.81682,1.75,1.37
2018.03.30 16:45:00.454,0.81625,0.81684,1.75,1.37
2018.03.30 16:45:00.561,0.81622,0.8168,1.87,1.37
2018.03.30 16:45:00.732,0.81622,0.81676,1.50,1.37
2018.03.30 16:45:00.784,0.81622,0.81673,1.50,1.37
2018.03.30 16:45:00.888,0.81616,0.8167,1.37,1.12
2018.03.30 16:45:00.940,0.81616,0.8167,1.37,1.87
2018.03.30 16:45:01.098,0.81607,0.81666,2.06,1.37
2018.03.30 16:45:01.151,0.81608,0.81665,1.12,1.37
2018.03.30 16:45:01.468,0.81601,0.81655,1.37,1.37
2018.03.30 16:45:01.778,0.81601,0.81652,1.37,1.37
2018.03.30 16:45:02.280,0.81601,0.81652,1.37,1.37
2018.03.30 16:45:02.828,0.81601,0.81654,1.50,1.00
2018.03.30 16:45:02.881,0.81601,0.81667,3.00,1.37
2018.03.30 16:45:02.986,0.81604,0.8167,1.87,1.37
2018.03.30 16:45:03.353,0.81608,0.8167,1.37,1.37
2018.03.30 16:45:03.869,0.81608,0.8167,1.37,1.37
2018.03.30 16:45:04.595,0.81608,0.8167,1.37,1.37
2018.03.30 16:45:04.757,0.81612,0.81673,1.37,1.37
2018.03.30 16:45:04.816,0.81613,0.81675,1.37,1.37
2018.03.30 16:45:04.921,0.81613,0.81678,1.37,1.37
2018.03.30 16:45:05.131,0.81617,0.81679,1.37,1.50
2018.03.30 16:45:05.183,0.81617,0.81681,1.37,1.37
2018.03.30 16:45:05.235,0.81617,0.81681,1.37,1.37
2018.03.30 16:45:05.337,0.8162,0.81681,1.37,1.37
2018.03.30 16:45:05.389,0.8162,0.81681,1.12,1.75
2018.03.30 16:45:05.491,0.81619,0.81681,1.50,2.25
2018.03.30 16:45:05.796,0.81617,0.81681,1.37,2.25
2018.03.30 16:45:05.921,0.81617,0.81681,1.37,2.25
2018.03.30 16:45:06.215,0.81617,0.81681,1.37,2.25
2018.03.30 16:45:06.318,0.81617,0.81681,1.37,2.25
2018.03.30 16:45:06.827,0.81615,0.81681,1.37,2.25
2018.03.30 16:45:07.449,0.81615,0.81669,1.00,1.41
2018.03.30 16:45:07.755,0.81591,0.81642,1.50,1.12
2018.03.30 16:45:07.863,0.81592,0.81658,1.75,1.75
2018.03.30 16:45:07.967,0.81595,0.81658,1.12,1.37
2018.03.30 16:45:08.072,0.81592,0.81658,1.37,1.37
2018.03.30 16:45:08.124,0.81592,0.81658,1.37,1.37
2018.03.30 16:45:08.600,0.81597,0.81658,1.37,1.37
2018.03.30 16:45:08.912,0.81597,0.81658,1.00,1.37
2018.03.30 16:45:09.223,0.81601,0.81663,1.37,1.37
2018.03.30 16:45:09.327,0.81601,0.81663,1.37,1.37
2018.03.30 16:45:09.482,0.81601,0.81663,1.37,1.37
2018.03.30 16:45:09.586,0.81601,0.81663,1.37,1.37
2018.03.30 16:45:09.874,0.81601,0.81663,1.37,1.37
2018.03.30 16:45:09.926,0.81601,0.81663,1.37,1.50
2018.03.30 16:45:10.028,0.81598,0.81663,1.37,1.75
2018.03.30 16:45:10.130,0.81598,0.81663,1.37,1.75
2018.03.30 16:45:10.184,0.81598,0.81663,1.37,1.75
2018.03.30 16:45:10.642,0.81598,0.81663,1.37,1.37
2018.03.30 16:45:10.693,0.81598,0.81663,1.37,2.25
2018.03.30 16:45:11.001,0.81598,0.81663,1.37,1.75
2018.03.30 16:45:11.154,0.81598,0.81663,1.37,1.75
2018.03.30 16:45:11.205,0.81598,0.81663,1.37,1.37
2018.03.30 16:45:11.256,0.81598,0.81663,1.37,1.37
2018.03.30 16:45:11.409,0.81598,0.81663,1.37,1.75
2018.03.30 16:45:11.767,0.81598,0.81663,1.37,1.75
2018.03.30 16:45:11.869,0.81598,0.81663,1.37,1.87
2018.03.30 16:45:11.971,0.81598,0.81663,1.37,1.37
2018.03.30 16:45:12.226,0.81598,0.81663,1.37,1.37
2018.03.30 16:45:12.360,0.81598,0.81663,1.37,1.37
2018.03.30 16:45:12.513,0.81599,0.81663,1.37,1.37
2018.03.30 16:45:12.819,0.81599,0.81663,1.37,1.75
2018.03.30 16:45:12.870,0.81599,0.81663,1.37,1.75
2018.03.30 16:45:12.921,0.81599,0.81663,1.37,1.37
2018.03.30 16:45:13.227,0.81603,0.81668,1.37,1.87
2018.03.30 16:45:13.641,0.81603,0.81668,1.37,1.50
2018.03.30 16:45:14.016,0.81602,0.81668,1.37,1.50
2018.03.30 16:45:14.325,0.81603,0.81668,1.37,1.50
2018.03.30 16:45:14.739,0.81606,0.81668,1.37,1.37
2018.03.30 16:45:15.252,0.81606,0.81669,1.37,1.12
2018.03.30 16:45:16.113,0.81606,0.8167,1.37,1.12
2018.03.30 16:45:16.320,0.81602,0.81669,1.12,1.75
2018.03.30 16:45:16.372,0.81602,0.81669,1.12,1.75
2018.03.30 16:45:16.699,0.81603,0.81668,1.37,1.75
2018.03.30 16:45:16.752,0.81602,0.81665,1.37,1.75
2018.03.30 16:45:16.856,0.81602,0.81665,1.37,1.37
2018.03.30 16:45:17.016,0.81602,0.81665,1.37,1.50
2018.03.30 16:45:17.120,0.81604,0.81667,1.37,1.75
2018.03.30 16:45:17.273,0.81604,0.81667,1.37,1.75
2018.03.30 16:45:17.798,0.81604,0.81667,1.37,1.75
2018.03.30 16:45:17.852,0.81604,0.81667,1.37,1.37
2018.03.30 16:45:18.006,0.81604,0.81663,1.37,1.37
2018.03.30 16:45:18.116,0.81604,0.81663,1.37,1.50
2018.03.30 16:45:18.218,0.81604,0.81663,1.12,1.75
2018.03.30 16:45:18.322,0.81603,0.81663,1.37,1.75
2018.03.30 16:45:18.631,0.81602,0.81663,1.37,2.25
2018.03.30 16:45:18.786,0.81604,0.81663,1.37,1.75
2018.03.30 16:45:18.889,0.81604,0.81663,1.37,1.37
2018.03.30 16:45:18.993,0.81604,0.81663,1.37,1.37
2018.03.30 16:45:19.097,0.81604,0.81663,1.37,1.37
2018.03.30 16:45:19.681,0.81604,0.81663,1.37,1.75
2018.03.30 16:45:19.734,0.81604,0.81667,1.37,1.75
2018.03.30 16:45:19.839,0.81602,0.81666,1.37,1.75
2018.03.30 16:45:19.943,0.81604,0.81667,1.37,1.75
2018.03.30 16:45:20.097,0.81604,0.81667,1.37,1.75
2018.03.30 16:45:20.149,0.81604,0.81667,1.37,1.75
2018.03.30 16:45:20.304,0.81604,0.81667,1.37,1.75
2018.03.30 16:45:21.423,0.81604,0.81667,1.37,1.75
2018.03.30 16:45:21.942,0.81604,0.81667,1.37,1.75
2018.03.30 16:45:21.995,0.81604,0.81667,1.37,1.75
2018.03.30 16:45:22.156,0.81604,0.81667,1.37,1.75
2018.03.30 16:45:22.207,0.81604,0.81667,1.37,1.37
2018.03.30 16:45:22.411,0.81604,0.81667,1.37,1.37
2018.03.30 16:45:22.463,0.81604,0.81667,1.37,1.75
2018.03.30 16:45:22.898,0.81604,0.81667,1.37,1.75
2018.03.30 16:45:22.950,0.81604,0.81667,1.37,1.75
2018.03.30 16:45:23.052,0.81604,0.81666,1.37,1.12
2018.03.30 16:45:23.154,0.81602,0.81665,1.37,1.75
2018.03.30 16:45:23.453,0.81602,0.81665,1.37,1.37
2018.03.30 16:45:23.556,0.81602,0.81665,1.37,1.75
2018.03.30 16:45:23.608,0.81602,0.81665,1.37,1.75
2018.03.30 16:45:23.916,0.81602,0.81665,1.37,1.75
2018.03.30 16:45:24.657,0.81602,0.81665,1.37,1.75
2018.03.30 16:45:24.762,0.81602,0.81665,1.37,1.75
2018.03.30 16:45:24.917,0.81602,0.81665,1.37,1.75
2018.03.30 16:45:25.019,0.81602,0.81665,1.37,1.75
2018.03.30 16:45:25.274,0.81602,0.81665,1.37,1.75
2018.03.30 16:45:25.820,0.81602,0.81665,1.37,1.75
2018.03.30 16:45:25.873,0.81602,0.81665,1.37,2.44
2018.03.30 16:45:25.977,0.81602,0.81665,1.37,1.75
2018.03.30 16:45:26.133,0.81602,0.81665,1.37,1.75
2018.03.30 16:45:26.243,0.81602,0.81665,1.37,1.37
2018.03.30 16:45:26.448,0.81602,0.81665,1.37,1.75
2018.03.30 16:45:26.551,0.81602,0.81665,1.37,1.75
2018.03.30 16:45:26.807,0.81602,0.81665,1.37,1.37
2018.03.30 16:45:26.859,0.81602,0.81665,1.37,1.75
2018.03.30 16:45:26.910,0.81602,0.81665,1.37,1.37
2018.03.30 16:45:27.217,0.81602,0.81665,1.37,1.75
2018.03.30 16:45:27.371,0.816,0.81664,1.87,1.75
2018.03.30 16:45:27.473,0.816,0.81664,1.87,1.75
2018.03.30 16:45:27.524,0.816,0.81664,2.25,1.37
2018.03.30 16:45:27.575,0.816,0.81664,2.25,1.37
2018.03.30 16:45:27.626,0.816,0.81664,1.87,1.75
2018.03.30 16:45:28.130,0.816,0.81664,1.87,1.75
2018.03.30 16:45:28.704,0.816,0.81664,1.87,1.75
2018.03.30 16:45:28.913,0.816,0.81664,1.87,1.37
2018.03.30 16:45:29.017,0.816,0.81664,1.87,1.75
2018.03.30 16:45:29.069,0.816,0.81664,1.87,1.75
2018.03.30 16:45:29.371,0.816,0.81664,1.87,1.75
2018.03.30 16:45:31.423,0.81601,0.81664,1.37,1.50
2018.03.30 16:45:31.477,0.81602,0.81665,1.37,1.75
2018.03.30 16:45:31.950,0.81602,0.81665,1.37,1.75
2018.03.30 16:45:32.002,0.81602,0.81665,1.37,1.75
2018.03.30 16:45:32.105,0.81602,0.81665,1.37,1.37
2018.03.30 16:45:32.447,0.81602,0.81665,1.37,1.50
2018.03.30 16:45:32.655,0.81602,0.81665,1.37,1.75
2018.03.30 16:45:32.707,0.81602,0.81665,1.37,1.37
2018.03.30 16:45:32.811,0.81602,0.81665,1.37,1.75
2018.03.30 16:45:32.862,0.81602,0.81665,1.37,1.75
2018.03.30 16:45:32.965,0.81602,0.81665,1.37,1.75
2018.03.30 16:45:33.017,0.81602,0.81665,1.37,1.75
2018.03.30 16:45:33.223,0.81602,0.81665,1.37,1.37
2018.03.30 16:45:33.276,0.81602,0.81665,1.37,1.37
2018.03.30 16:45:34.163,0.81602,0.81665,1.37,1.50
2018.03.30 16:45:34.215,0.81602,0.81665,1.37,1.50
2018.03.30 16:45:34.318,0.81602,0.81665,1.37,1.75
2018.03.30 16:45:34.423,0.81602,0.81665,1.37,1.75
2018.03.30 16:45:34.476,0.81602,0.81665,1.37,1.37
2018.03.30 16:45:34.529,0.81602,0.81665,1.37,1.37
2018.03.30 16:45:34.633,0.81602,0.81665,1.37,1.75
2018.03.30 16:45:34.690,0.81602,0.81665,1.37,1.75
2018.03.30 16:45:35.196,0.81602,0.81665,1.37,1.75
2018.03.30 16:45:35.248,0.81602,0.81665,1.37,1.50
2018.03.30 16:45:35.299,0.81602,0.81665,1.37,1.50
2018.03.30 16:45:35.405,0.81602,0.81665,1.37,1.50
2018.03.30 16:45:35.558,0.81601,0.81663,1.87,1.37
2018.03.30 16:45:35.609,0.81601,0.81663,1.87,1.37
2018.03.30 16:45:36.120,0.81602,0.81662,1.37,1.50
2018.03.30 16:45:36.870,0.81602,0.81661,1.37,1.75
2018.03.30 16:45:39.703,0.81601,0.8166,1.87,1.75
2018.03.30 16:45:39.926,0.81601,0.8166,1.87,1.75
2018.03.30 16:45:39.978,0.81601,0.8166,1.87,1.37
2018.03.30 16:45:40.488,0.81603,0.8166,1.37,1.50
2018.03.30 16:45:41.251,0.81603,0.8166,1.37,1.50
2018.03.30 16:45:42.542,0.81603,0.8166,1.37,1.75
2018.03.30 16:45:45.209,0.81603,0.81661,1.87,1.75
2018.03.30 16:45:45.260,0.81603,0.81661,1.87,1.50
2018.03.30 16:45:45.312,0.81603,0.81662,1.87,1.37
2018.03.30 16:45:45.415,0.81603,0.81662,1.87,1.37
2018.03.30 16:45:45.466,0.81603,0.81662,1.87,1.50
2018.03.30 16:45:45.694,0.81603,0.81662,1.87,1.37
2018.03.30 16:45:46.204,0.81603,0.81665,1.37,1.75
2018.03.30 16:45:46.306,0.81603,0.81665,1.37,1.50
2018.03.30 16:45:46.408,0.81603,0.81665,1.37,1.50
2018.03.30 16:45:46.459,0.81603,0.81665,1.37,1.50
2018.03.30 16:45:46.612,0.81603,0.81665,1.37,1.37
2018.03.30 16:45:46.714,0.81603,0.81665,1.37,1.75
2018.03.30 16:45:46.794,0.81604,0.81667,1.37,2.06
2018.03.30 16:45:46.897,0.81604,0.81667,1.37,1.87
2018.03.30 16:45:46.948,0.81604,0.81665,1.37,1.37
2018.03.30 16:45:47.254,0.81605,0.81666,1.37,1.75
2018.03.30 16:45:47.306,0.81605,0.81666,1.37,1.75
2018.03.30 16:45:47.850,0.81604,0.81664,1.37,1.75
2018.03.30 16:45:51.457,0.81604,0.81662,1.50,1.75
2018.03.30 16:45:52.694,0.81604,0.81662,2.25,1.75
2018.03.30 16:45:52.745,0.81604,0.81662,2.25,1.75
2018.03.30 16:45:52.797,0.81604,0.81662,1.87,1.37
2018.03.30 16:45:52.899,0.81604,0.81662,1.87,1.37
2018.03.30 16:45:53.257,0.81604,0.81662,1.87,1.37
2018.03.30 16:45:53.310,0.81604,0.81662,1.87,1.50
2018.03.30 16:45:53.519,0.81604,0.81662,1.87,1.37
2018.03.30 16:45:53.674,0.81604,0.81662,1.87,1.37
2018.03.30 16:45:53.829,0.81604,0.81662,1.87,1.37
2018.03.30 16:45:54.140,0.81604,0.81662,1.87,1.37
2018.03.30 16:45:54.193,0.81604,0.81662,1.87,1.37
2018.03.30 16:45:54.246,0.81604,0.81662,1.87,1.37
2018.03.30 16:45:54.299,0.81604,0.8166,1.87,1.37
2018.03.30 16:45:54.351,0.81604,0.8166,1.37,1.37
2018.03.30 16:45:54.508,0.81602,0.81659,1.37,1.37
2018.03.30 16:45:54.612,0.81602,0.81659,1.37,1.37
2018.03.30 16:45:54.920,0.81602,0.81659,1.37,1.37
2018.03.30 16:45:55.022,0.81602,0.81659,1.37,1.37
2018.03.30 16:45:55.125,0.81602,0.81659,1.37,1.37
2018.03.30 16:45:55.671,0.81602,0.81659,1.37,1.37
2018.03.30 16:45:55.890,0.81603,0.81659,1.37,1.37
2018.03.30 16:45:55.993,0.81604,0.8166,1.37,1.37
2018.03.30 16:45:56.045,0.81604,0.8166,1.37,1.37
2018.03.30 16:45:56.350,0.81603,0.81658,1.37,1.37
2018.03.30 16:45:57.388,0.81603,0.81658,1.37,1.37
2018.03.30 16:45:58.297,0.81604,0.81657,1.37,1.37
2018.03.30 16:45:58.454,0.81604,0.81657,1.12,1.37
2018.03.30 16:45:58.614,0.81604,0.81657,1.37,1.75
2018.03.30 16:45:58.667,0.81604,0.81657,1.00,1.75
2018.03.30 16:45:58.720,0.81604,0.81657,1.00,1.75
2018.03.30 16:45:59.068,0.81603,0.81653,1.37,1.37
2018.03.30 16:45:59.650,0.81604,0.81655,1.37,1.75
2018.03.30 16:46:00.164,0.81604,0.81655,1.37,1.75
2018.03.30 16:46:00.433,0.81604,0.81655,1.37,1.50
2018.03.30 16:46:00.572,0.81608,0.81655,1.37,1.37
2018.03.30 16:46:00.623,0.81608,0.81655,1.37,1.37
2018.03.30 16:46:00.776,0.81608,0.81655,1.37,1.37
2018.03.30 16:46:00.827,0.81608,0.81655,1.12,1.37
2018.03.30 16:46:00.932,0.81608,0.81655,1.37,1.37
2018.03.30 16:46:00.985,0.81608,0.81655,1.00,1.50
2018.03.30 16:46:01.501,0.81608,0.81655,1.37,1.50
2018.03.30 16:46:04.674,0.81604,0.81655,1.37,1.50
2018.03.30 16:46:04.778,0.81604,0.81655,1.37,1.37
2018.03.30 16:46:04.880,0.81604,0.81655,1.37,1.37
2018.03.30 16:46:04.933,0.81608,0.81655,1.00,1.37
2018.03.30 16:46:04.984,0.81608,0.81655,1.37,1.37
2018.03.30 16:46:05.242,0.81608,0.81653,1.12,1.37
2018.03.30 16:46:05.397,0.81608,0.81653,1.37,1.37
2018.03.30 16:46:05.706,0.81608,0.81653,1.37,1.50
2018.03.30 16:46:05.809,0.81608,0.81653,1.00,1.37
2018.03.30 16:46:05.861,0.81608,0.81653,1.37,1.37
2018.03.30 16:46:06.173,0.81608,0.81653,1.12,1.50
2018.03.30 16:46:07.143,0.81604,0.81651,1.50,1.75
2018.03.30 16:46:07.196,0.81604,0.81651,1.50,1.50
2018.03.30 16:46:07.248,0.81604,0.81649,1.50,1.37
2018.03.30 16:46:07.300,0.81604,0.81649,1.50,1.37
2018.03.30 16:46:07.352,0.81604,0.81649,1.50,1.37
2018.03.30 16:46:07.662,0.81604,0.81649,1.50,1.50
2018.03.30 16:46:07.714,0.81604,0.81649,1.12,1.50
2018.03.30 16:46:07.828,0.81604,0.81649,1.50,1.37
2018.03.30 16:46:08.093,0.81604,0.81649,1.12,1.37
2018.03.30 16:46:09.503,0.81604,0.81649,1.50,1.37
2018.03.30 16:46:10.774,0.81604,0.81649,1.87,1.37
2018.03.30 16:46:11.086,0.81609,0.81656,1.75,1.37
2018.03.30 16:46:15.862,0.81609,0.81655,1.75,1.37
2018.03.30 16:46:15.914,0.81609,0.81655,1.37,1.37
2018.03.30 16:46:15.966,0.81605,0.81655,1.50,1.62
2018.03.30 16:46:16.018,0.81605,0.81653,1.75,1.37
2018.03.30 16:46:16.121,0.81605,0.81653,1.75,1.37
2018.03.30 16:46:16.381,0.81605,0.81653,1.75,1.37
2018.03.30 16:46:16.434,0.81605,0.81653,1.75,1.62
2018.03.30 16:46:16.784,0.81605,0.81653,1.75,1.37
2018.03.30 16:46:16.836,0.81605,0.81653,1.75,1.37
2018.03.30 16:46:17.219,0.81605,0.81653,1.75,1.37
2018.03.30 16:46:17.632,0.81605,0.81653,1.75,1.37
2018.03.30 16:46:17.735,0.81605,0.81653,1.75,1.37
2018.03.30 16:46:18.054,0.81605,0.81653,1.75,1.37
2018.03.30 16:46:18.106,0.81605,0.81655,1.75,1.37
2018.03.30 16:46:18.417,0.81605,0.81653,1.75,1.37
2018.03.30 16:46:18.778,0.81605,0.81653,1.50,1.37
2018.03.30 16:46:19.095,0.81605,0.81653,1.75,1.37
2018.03.30 16:46:19.647,0.81605,0.81653,1.75,1.37
2018.03.30 16:46:20.543,0.81605,0.81653,1.75,1.37
2018.03.30 16:46:20.648,0.81605,0.81653,1.37,1.37
2018.03.30 16:46:20.806,0.81605,0.81653,1.50,1.37
2018.03.30 16:46:21.120,0.81605,0.81653,1.75,1.37
2018.03.30 16:46:24.393,0.81605,0.81653,1.75,1.37
2018.03.30 16:46:24.917,0.81605,0.81653,1.75,1.37
2018.03.30 16:46:24.973,0.81605,0.81653,1.75,1.37
2018.03.30 16:46:25.026,0.81605,0.81653,1.75,1.56
2018.03.30 16:46:25.078,0.81605,0.81653,1.75,1.37
2018.03.30 16:46:25.398,0.81605,0.81653,1.75,1.37
2018.03.30 16:46:25.636,0.81605,0.81653,1.75,1.37
2018.03.30 16:46:25.687,0.81605,0.81653,1.75,1.37
2018.03.30 16:46:25.874,0.81605,0.81653,1.75,1.37
2018.03.30 16:46:25.926,0.81605,0.81653,1.75,1.37
2018.03.30 16:46:26.029,0.81605,0.81653,1.75,1.37
2018.03.30 16:46:26.483,0.81605,0.81653,1.75,1.37
2018.03.30 16:46:28.336,0.81605,0.81653,1.75,1.37
2018.03.30 16:46:28.439,0.81611,0.81653,1.00,1.37
2018.03.30 16:46:28.491,0.81605,0.81653,1.37,1.37
2018.03.30 16:46:28.803,0.81606,0.81655,1.12,1.75
2018.03.30 16:46:28.907,0.81606,0.81655,1.12,1.75
2018.03.30 16:46:29.010,0.81606,0.81655,1.12,1.37
2018.03.30 16:46:29.062,0.81606,0.81653,1.12,1.37
2018.03.30 16:46:29.114,0.81606,0.81653,1.12,1.37
2018.03.30 16:46:29.618,0.81606,0.81653,1.12,1.37
2018.03.30 16:46:30.108,0.81606,0.81653,1.12,1.37
2018.03.30 16:46:30.805,0.81606,0.81653,1.87,1.37
2018.03.30 16:46:33.345,0.81606,0.81652,1.87,1.37
2018.03.30 16:46:34.208,0.81606,0.81652,1.12,1.37
2018.03.30 16:46:34.426,0.81599,0.8165,2.25,1.37
2018.03.30 16:46:34.943,0.81599,0.81648,2.00,1.12
2018.03.30 16:46:37.782,0.81599,0.81648,1.75,1.37
2018.03.30 16:46:38.208,0.81599,0.81648,1.75,1.12
2018.03.30 16:46:38.531,0.81599,0.81648,1.75,1.37
2018.03.30 16:46:39.285,0.81599,0.81648,1.75,1.37
2018.03.30 16:46:39.542,0.81595,0.81646,2.06,1.37
2018.03.30 16:46:39.595,0.81595,0.81646,1.87,1.87
2018.03.30 16:46:39.700,0.81594,0.81643,1.31,1.37
2018.03.30 16:46:39.808,0.81593,0.81643,1.75,1.37
2018.03.30 16:46:39.912,0.81592,0.81642,1.37,1.37
2018.03.30 16:46:39.965,0.81592,0.81642,1.37,1.37
2018.03.30 16:46:40.017,0.81592,0.81642,1.37,1.37
2018.03.30 16:46:40.329,0.81586,0.81638,1.12,1.37
2018.03.30 16:46:40.640,0.81586,0.81636,1.12,1.37
2018.03.30 16:46:41.185,0.81585,0.81636,1.87,1.37
2018.03.30 16:46:41.237,0.81586,0.81636,1.12,1.37
2018.03.30 16:46:41.289,0.81586,0.81636,1.12,1.37
2018.03.30 16:46:41.816,0.81586,0.81636,1.12,1.37
2018.03.30 16:46:42.278,0.81589,0.81636,1.75,1.37
2018.03.30 16:46:42.330,0.81589,0.81636,1.37,1.37
2018.03.30 16:46:42.640,0.81589,0.81638,1.75,1.37
2018.03.30 16:46:42.846,0.81589,0.81638,1.75,1.37
2018.03.30 16:46:43.958,0.81589,0.81638,1.75,1.37
2018.03.30 16:46:44.115,0.81589,0.81638,1.75,1.37
2018.03.30 16:46:44.433,0.81586,0.81635,1.12,1.37
2018.03.30 16:46:45.231,0.81586,0.81635,1.31,1.37
2018.03.30 16:46:45.381,0.81586,0.81637,2.00,1.37
2018.03.30 16:46:45.432,0.81586,0.81637,1.75,1.37
2018.03.30 16:46:45.636,0.81586,0.81639,1.75,1.37
2018.03.30 16:46:45.840,0.81589,0.81639,1.75,1.37
2018.03.30 16:46:45.892,0.81589,0.8164,2.25,1.37
2018.03.30 16:46:45.994,0.81589,0.8164,2.25,1.37
2018.03.30 16:46:46.096,0.81589,0.8164,2.25,1.37
2018.03.30 16:46:46.147,0.81589,0.8164,1.87,1.37
2018.03.30 16:46:46.402,0.81589,0.8164,2.25,1.37
2018.03.30 16:46:46.606,0.81591,0.8164,1.37,1.37
2018.03.30 16:46:46.657,0.81591,0.8164,1.12,1.37
2018.03.30 16:46:46.935,0.81591,0.8164,1.12,1.37
2018.03.30 16:46:47.088,0.81591,0.8164,1.12,1.37
2018.03.30 16:46:47.139,0.81591,0.8164,1.12,1.37
2018.03.30 16:46:47.190,0.8159,0.8164,1.75,1.37
2018.03.30 16:46:47.343,0.8159,0.8164,1.50,1.37
2018.03.30 16:46:47.394,0.8159,0.8164,1.87,1.37
2018.03.30 16:46:47.649,0.8159,0.8164,1.50,1.37
2018.03.30 16:46:47.853,0.8159,0.81638,1.87,1.37
2018.03.30 16:46:47.956,0.8159,0.81638,1.87,1.37
2018.03.30 16:46:48.007,0.8159,0.81638,1.50,1.37
2018.03.30 16:46:48.340,0.81585,0.81638,1.75,1.37
2018.03.30 16:46:48.445,0.81585,0.81638,3.88,1.37
2018.03.30 16:46:48.656,0.81591,0.81642,1.75,1.87
2018.03.30 16:46:48.966,0.81591,0.81642,1.75,1.87
2018.03.30 16:46:49.069,0.81591,0.81642,2.25,1.37
2018.03.30 16:46:49.121,0.81591,0.81642,2.25,1.37
2018.03.30 16:46:49.174,0.81591,0.81641,1.87,1.37
2018.03.30 16:46:49.278,0.81591,0.81641,1.87,1.37
2018.03.30 16:46:49.331,0.81591,0.81641,1.50,1.87
2018.03.30 16:46:49.383,0.81586,0.81638,1.75,1.37
2018.03.30 16:46:49.436,0.81586,0.81638,1.75,1.37
2018.03.30 16:46:49.488,0.81586,0.81638,1.75,1.37
2018.03.30 16:46:49.591,0.81586,0.81638,1.37,1.37
2018.03.30 16:46:49.644,0.81586,0.81638,1.75,1.37
2018.03.30 16:46:49.748,0.81587,0.8164,1.75,1.37
2018.03.30 16:46:49.866,0.81588,0.8164,1.31,1.37
2018.03.30 16:46:49.972,0.8159,0.81641,1.75,1.37
2018.03.30 16:46:50.077,0.8159,0.81641,1.75,1.37
2018.03.30 16:46:50.130,0.8159,0.81641,1.75,1.37
2018.03.30 16:46:50.286,0.81593,0.81643,1.75,1.37
2018.03.30 16:46:50.666,0.81593,0.81643,1.75,1.37
2018.03.30 16:46:51.217,0.81593,0.81643,1.75,1.37
2018.03.30 16:46:51.269,0.81593,0.81643,1.75,1.37
2018.03.30 16:46:51.322,0.81591,0.81643,1.87,1.37
2018.03.30 16:46:51.426,0.81591,0.81641,1.87,1.37
2018.03.30 16:46:52.572,0.81591,0.81641,2.25,1.37
2018.03.30 16:46:52.778,0.81591,0.81641,2.25,1.37
2018.03.30 16:46:52.882,0.81591,0.81641,1.87,1.37
2018.03.30 16:46:53.191,0.81592,0.81643,1.75,1.37
2018.03.30 16:46:53.346,0.81591,0.81642,1.87,1.37
2018.03.30 16:46:53.398,0.81591,0.81642,1.87,1.37
2018.03.30 16:46:53.450,0.81591,0.8164,1.87,1.37
2018.03.30 16:46:53.586,0.81591,0.8164,1.50,1.37
2018.03.30 16:46:53.638,0.81591,0.8164,1.50,1.37
2018.03.30 16:46:54.103,0.81591,0.8164,1.50,1.37
2018.03.30 16:46:54.206,0.81591,0.8164,1.50,1.37
2018.03.30 16:46:54.670,0.81589,0.8164,2.00,1.37
2018.03.30 16:46:54.775,0.81589,0.8164,1.75,1.37
2018.03.30 16:46:55.086,0.81588,0.81638,1.87,1.37
2018.03.30 16:46:55.138,0.81588,0.81638,1.87,1.37
2018.03.30 16:46:55.242,0.81588,0.81638,1.87,1.37
2018.03.30 16:46:55.295,0.81588,0.81638,1.87,1.37
2018.03.30 16:46:55.502,0.81588,0.81638,1.87,1.37
2018.03.30 16:46:55.658,0.81588,0.81638,1.75,1.37
2018.03.30 16:46:55.711,0.81587,0.81638,1.75,1.37
2018.03.30 16:46:55.762,0.81586,0.81636,1.12,1.37
2018.03.30 16:46:55.814,0.81585,0.81636,1.37,1.37
2018.03.30 16:46:55.918,0.81585,0.81636,2.00,1.37
2018.03.30 16:46:56.236,0.81585,0.81638,2.00,1.37
2018.03.30 16:46:56.342,0.81585,0.81638,1.62,1.37
2018.03.30 16:46:56.394,0.81585,0.81638,2.00,1.37
2018.03.30 16:46:56.600,0.81592,0.81639,1.50,1.37
2018.03.30 16:46:56.689,0.81592,0.81642,1.50,1.37
2018.03.30 16:46:56.946,0.81595,0.81646,1.75,1.37
2018.03.30 16:46:57.048,0.81595,0.81646,1.37,1.37
2018.03.30 16:46:57.252,0.81595,0.81646,1.75,1.37
2018.03.30 16:46:58.040,0.81593,0.81644,1.75,1.37
2018.03.30 16:46:58.091,0.81593,0.81644,1.75,1.37
2018.03.30 16:46:58.195,0.81593,0.81644,1.37,1.37
2018.03.30 16:46:58.247,0.81592,0.81642,1.87,1.37
2018.03.30 16:46:58.572,0.81593,0.8164,1.12,1.37
2018.03.30 16:46:58.985,0.81589,0.8164,2.06,1.37
2018.03.30 16:46:59.037,0.81591,0.81644,1.75,1.87
2018.03.30 16:46:59.192,0.81591,0.81644,1.37,1.87
2018.03.30 16:46:59.244,0.81592,0.81644,1.37,1.37
2018.03.30 16:46:59.451,0.8159,0.81643,2.81,1.37
2018.03.30 16:46:59.709,0.81592,0.81646,2.25,1.37
2018.03.30 16:46:59.817,0.81592,0.81646,2.25,1.37
2018.03.30 16:46:59.924,0.81592,0.81646,2.25,1.37
2018.03.30 16:46:59.977,0.81594,0.81646,2.06,1.37
2018.03.30 16:47:00.030,0.81594,0.81646,1.69,1.37
2018.03.30 16:47:00.291,0.81596,0.81646,1.75,1.00
2018.03.30 16:47:00.343,0.81596,0.81647,1.87,1.37
2018.03.30 16:47:00.653,0.81596,0.81645,1.75,1.37
2018.03.30 16:47:00.705,0.81596,0.81645,1.75,1.37
2018.03.30 16:47:00.864,0.81596,0.81645,1.75,1.37
2018.03.30 16:47:00.917,0.81596,0.81645,1.37,1.37
2018.03.30 16:47:00.970,0.81596,0.81645,1.37,1.37
2018.03.30 16:47:01.371,0.81596,0.81645,1.75,1.37
2018.03.30 16:47:01.527,0.81596,0.81645,1.50,1.37
2018.03.30 16:47:01.631,0.81596,0.81645,1.50,1.87
2018.03.30 16:47:01.736,0.81596,0.81642,1.75,1.37
2018.03.30 16:47:01.944,0.81596,0.81642,1.75,1.12
2018.03.30 16:47:02.100,0.81596,0.81642,1.75,1.37
2018.03.30 16:47:02.153,0.81596,0.81642,1.75,1.37
2018.03.30 16:47:02.258,0.81592,0.81642,2.25,1.37
2018.03.30 16:47:02.311,0.81593,0.81642,1.31,1.37
2018.03.30 16:47:02.416,0.81593,0.81642,1.87,1.37
2018.03.30 16:47:02.725,0.81594,0.81645,1.75,1.37
2018.03.30 16:47:02.829,0.81594,0.81645,1.75,1.37
2018.03.30 16:47:02.886,0.81594,0.81645,1.37,1.37
2018.03.30 16:47:02.942,0.81594,0.81645,1.50,1.37
2018.03.30 16:47:03.148,0.81594,0.81645,1.75,1.37
2018.03.30 16:47:03.200,0.81594,0.81645,1.75,1.37
2018.03.30 16:47:03.303,0.81594,0.81645,1.75,1.37
2018.03.30 16:47:03.844,0.81594,0.81645,1.75,1.37
2018.03.30 16:47:04.268,0.81592,0.81643,2.25,1.37
2018.03.30 16:47:04.818,0.81594,0.81645,1.75,1.37
2018.03.30 16:47:05.827,0.81594,0.81645,2.00,1.37
2018.03.30 16:47:05.930,0.81594,0.81645,1.37,2.06
2018.03.30 16:47:05.983,0.81589,0.8164,1.37,1.62
2018.03.30 16:47:06.036,0.81589,0.8164,1.75,1.87
2018.03.30 16:47:06.191,0.81587,0.81638,1.50,1.37
2018.03.30 16:47:06.297,0.81588,0.81638,1.12,1.37
2018.03.30 16:47:06.350,0.81587,0.81638,1.75,1.37
2018.03.30 16:47:06.454,0.81587,0.81638,1.75,1.37
2018.03.30 16:47:06.560,0.81587,0.81638,1.37,1.37
2018.03.30 16:47:06.871,0.81586,0.81638,1.75,1.37
2018.03.30 16:47:07.294,0.81588,0.81638,1.75,1.37
2018.03.30 16:47:07.398,0.81588,0.81638,1.75,1.37
2018.03.30 16:47:07.451,0.81588,0.81638,1.75,1.37
2018.03.30 16:47:07.504,0.81588,0.81638,1.87,1.37
2018.03.30 16:47:08.133,0.81589,0.81647,1.75,2.25
2018.03.30 16:47:09.213,0.81592,0.81645,1.75,1.37
2018.03.30 16:47:09.267,0.81592,0.81645,2.00,1.37
2018.03.30 16:47:09.372,0.81592,0.81645,2.00,1.37
2018.03.30 16:47:09.478,0.81592,0.81645,1.75,1.37
2018.03.30 16:47:09.531,0.81593,0.81645,1.75,1.37
2018.03.30 16:47:09.686,0.81592,0.81644,1.75,1.37
2018.03.30 16:47:09.738,0.81593,0.81643,1.37,1.37
2018.03.30 16:47:09.790,0.81593,0.81643,1.37,1.37
2018.03.30 16:47:09.894,0.81592,0.81642,1.75,1.37
2018.03.30 16:47:09.998,0.81592,0.81642,1.37,1.37
2018.03.30 16:47:10.307,0.81592,0.81642,1.75,1.37
2018.03.30 16:47:10.491,0.81593,0.81642,1.31,1.37
2018.03.30 16:47:10.544,0.81594,0.81645,2.00,1.37
2018.03.30 16:47:10.700,0.81594,0.81647,1.12,1.37
2018.03.30 16:47:10.855,0.81594,0.81647,1.12,1.37
2018.03.30 16:47:10.907,0.81594,0.81647,1.12,1.37
2018.03.30 16:47:11.217,0.81595,0.81648,1.75,1.37
2018.03.30 16:47:12.239,0.81595,0.81648,1.75,1.37
2018.03.30 16:47:12.526,0.81594,0.81643,1.12,1.37
2018.03.30 16:47:12.628,0.81594,0.81643,1.12,1.37
2018.03.30 16:47:12.731,0.81594,0.81643,1.12,1.37
2018.03.30 16:47:12.782,0.81594,0.81643,1.12,1.37
2018.03.30 16:47:12.936,0.81594,0.81643,1.12,1.37
2018.03.30 16:47:13.245,0.81594,0.81643,1.12,1.37
2018.03.30 16:47:14.731,0.81595,0.81643,1.27,1.37
2018.03.30 16:47:14.886,0.81595,0.81646,2.21,1.62
2018.03.30 16:47:14.939,0.81595,0.81646,2.21,1.62
2018.03.30 16:47:15.043,0.81595,0.81646,2.25,1.62
2018.03.30 16:47:15.250,0.81595,0.81646,1.75,1.62
2018.03.30 16:47:15.765,0.81595,0.81646,1.75,1.62
2018.03.30 16:47:16.565,0.81594,0.81645,2.96,1.37
2018.03.30 16:47:17.950,0.81596,0.81645,1.87,1.37
2018.03.30 16:47:18.005,0.81596,0.81645,1.75,1.37
2018.03.30 16:47:18.108,0.81596,0.81645,1.37,1.37
2018.03.30 16:47:18.624,0.81596,0.81645,1.75,1.37
2018.03.30 16:47:18.728,0.81596,0.81645,1.75,1.37
2018.03.30 16:47:19.038,0.81596,0.81645,1.75,1.37
2018.03.30 16:47:20.835,0.81596,0.81645,1.75,1.37
2018.03.30 16:47:20.887,0.81596,0.81645,1.75,1.00
2018.03.30 16:47:20.991,0.81596,0.81647,2.25,1.37
2018.03.30 16:47:21.145,0.81596,0.81647,2.25,1.37
2018.03.30 16:47:21.820,0.81596,0.81647,1.75,1.37
2018.03.30 16:47:21.975,0.81596,0.81645,1.75,1.37
2018.03.30 16:47:22.280,0.81596,0.81645,1.75,1.37
2018.03.30 16:47:22.332,0.81596,0.81645,1.75,1.37
2018.03.30 16:47:22.436,0.81596,0.81645,1.50,1.37
2018.03.30 16:47:22.487,0.81596,0.81645,1.50,1.37
2018.03.30 16:47:22.539,0.81596,0.81645,1.37,1.37
2018.03.30 16:47:22.590,0.81596,0.81645,1.75,1.37
2018.03.30 16:47:22.795,0.81596,0.81645,1.37,1.37
2018.03.30 16:47:22.915,0.81596,0.81645,1.37,1.37
2018.03.30 16:47:22.966,0.81596,0.81645,1.75,1.37
2018.03.30 16:47:23.068,0.81596,0.81645,1.75,1.56
2018.03.30 16:47:23.171,0.81596,0.81645,1.75,1.56
2018.03.30 16:47:24.588,0.81595,0.81645,1.75,1.37
2018.03.30 16:47:25.442,0.81595,0.81645,2.21,1.62
2018.03.30 16:47:25.494,0.81592,0.81644,1.75,1.37
2018.03.30 16:47:25.546,0.81592,0.81644,1.75,1.37
2018.03.30 16:47:25.598,0.81592,0.8164,1.75,1.37
2018.03.30 16:47:25.651,0.8159,0.8164,2.25,1.87
2018.03.30 16:47:25.703,0.81592,0.81637,1.12,1.37
2018.03.30 16:47:25.833,0.81592,0.81637,1.12,1.37
2018.03.30 16:47:25.886,0.81591,0.81637,1.12,1.37
2018.03.30 16:47:25.991,0.81589,0.81636,1.50,1.37
2018.03.30 16:47:26.096,0.81589,0.81636,1.75,1.37
2018.03.30 16:47:26.252,0.81589,0.81636,1.75,1.00
2018.03.30 16:47:26.407,0.81589,0.81636,1.75,1.37
2018.03.30 16:47:26.510,0.81589,0.81636,1.75,1.37
2018.03.30 16:47:27.037,0.81589,0.81637,1.75,1.37
2018.03.30 16:47:27.089,0.81589,0.81637,1.75,1.37
2018.03.30 16:47:27.244,0.81589,0.81637,1.75,1.37
2018.03.30 16:47:27.426,0.81587,0.81637,2.25,1.37
2018.03.30 16:47:27.632,0.81587,0.81637,2.25,1.37
2018.03.30 16:47:27.684,0.81588,0.81637,1.75,1.37
2018.03.30 16:47:28.045,0.81585,0.81635,1.75,1.37
2018.03.30 16:47:28.096,0.81585,0.81635,1.75,1.37
2018.03.30 16:47:28.148,0.81594,0.81635,1.50,1.00
2018.03.30 16:47:28.302,0.81594,0.8164,1.75,1.37
2018.03.30 16:47:28.354,0.81594,0.8164,1.37,1.37
2018.03.30 16:47:28.678,0.81594,0.8164,1.75,1.37
2018.03.30 16:47:29.133,0.81594,0.81637,1.50,1.37
2018.03.30 16:47:29.445,0.81594,0.81637,1.75,1.12
2018.03.30 16:47:30.431,0.81594,0.81637,1.75,1.00
2018.03.30 16:47:30.534,0.81594,0.8164,1.75,1.00
2018.03.30 16:47:30.999,0.81594,0.8164,1.75,1.37
2018.03.30 16:47:31.309,0.81594,0.8164,1.75,1.37
2018.03.30 16:47:32.174,0.81594,0.81637,1.75,1.37
2018.03.30 16:47:32.227,0.81594,0.81637,1.75,1.37
2018.03.30 16:47:33.754,0.81594,0.81638,1.75,1.37
2018.03.30 16:47:34.283,0.81594,0.81638,1.75,1.00
2018.03.30 16:47:34.387,0.81594,0.81638,1.37,1.37
2018.03.30 16:47:34.491,0.81594,0.81638,1.37,1.37
2018.03.30 16:47:34.543,0.81594,0.81638,1.37,1.37
2018.03.30 16:47:34.596,0.81594,0.81638,1.37,1.37
2018.03.30 16:47:34.700,0.81594,0.81638,1.37,1.37
2018.03.30 16:47:35.091,0.81594,0.81638,1.37,1.37
2018.03.30 16:47:35.144,0.81594,0.81638,1.37,1.37
2018.03.30 16:47:35.197,0.81594,0.81638,1.37,1.37
2018.03.30 16:47:35.301,0.81599,0.81638,1.37,1.37
2018.03.30 16:47:35.355,0.81599,0.81638,1.37,1.12
2018.03.30 16:47:35.510,0.81599,0.81638,1.37,1.37
2018.03.30 16:47:36.295,0.81599,0.81639,1.37,1.37
2018.03.30 16:47:36.450,0.81599,0.81641,1.50,1.56
2018.03.30 16:47:36.502,0.81599,0.81641,1.37,1.56
2018.03.30 16:47:36.812,0.81599,0.81641,1.37,1.37
2018.03.30 16:47:37.672,0.81594,0.81641,1.75,1.37
2018.03.30 16:47:38.765,0.81594,0.81639,1.75,1.37
2018.03.30 16:47:38.920,0.81594,0.81639,1.75,1.37
2018.03.30 16:47:38.972,0.81594,0.81639,1.75,1.37
2018.03.30 16:47:39.024,0.81594,0.81639,1.75,1.37
2018.03.30 16:47:39.076,0.81594,0.81639,1.75,1.37
2018.03.30 16:47:39.675,0.81594,0.81639,1.75,1.37
2018.03.30 16:47:40.198,0.81594,0.81639,1.75,1.37
2018.03.30 16:47:41.669,0.81594,0.81639,1.75,1.37
2018.03.30 16:47:41.721,0.81594,0.81639,1.75,1.37
2018.03.30 16:47:41.929,0.81594,0.81639,1.75,1.37
2018.03.30 16:47:42.034,0.81594,0.81639,1.75,1.37
2018.03.30 16:47:42.825,0.81594,0.81639,1.75,1.37
2018.03.30 16:47:42.929,0.81594,0.81639,1.50,1.56
2018.03.30 16:47:43.237,0.81594,0.81639,1.75,1.37
2018.03.30 16:47:43.340,0.81594,0.81639,1.75,1.37
2018.03.30 16:47:43.392,0.81594,0.81639,1.75,1.37
2018.03.30 16:47:43.546,0.81594,0.81639,1.75,1.37
2018.03.30 16:47:43.854,0.81594,0.81639,1.50,1.37
2018.03.30 16:47:44.338,0.81594,0.81637,1.37,1.37
2018.03.30 16:47:45.857,0.81589,0.81637,2.25,1.37
2018.03.30 16:47:46.352,0.81589,0.81637,2.25,1.37
2018.03.30 16:47:46.664,0.81589,0.81637,2.25,1.37
2018.03.30 16:47:46.876,0.81589,0.81637,2.25,1.37
2018.03.30 16:47:47.086,0.81589,0.81637,2.62,1.00
2018.03.30 16:47:47.242,0.81589,0.81637,1.50,1.37
2018.03.30 16:47:47.295,0.81589,0.81637,1.50,1.37
2018.03.30 16:47:47.450,0.81589,0.81636,1.75,1.37
2018.03.30 16:47:47.916,0.81589,0.81636,1.37,1.37
2018.03.30 16:47:48.226,0.81596,0.81636,1.37,1.37
2018.03.30 16:47:48.329,0.81596,0.81636,1.37,1.37
2018.03.30 16:47:48.674,0.81587,0.81638,3.00,1.37
2018.03.30 16:47:48.726,0.81587,0.81638,3.00,1.37
2018.03.30 16:47:48.829,0.81587,0.81638,3.00,1.37
2018.03.30 16:47:48.932,0.81587,0.81638,3.00,1.37
2018.03.30 16:47:49.088,0.81587,0.81638,2.25,1.37
2018.03.30 16:47:49.141,0.81587,0.81636,2.25,1.37
2018.03.30 16:47:49.194,0.81587,0.81636,2.25,1.37
2018.03.30 16:47:49.297,0.81587,0.81636,2.25,1.37
2018.03.30 16:47:49.717,0.81587,0.81636,2.25,1.37
2018.03.30 16:47:49.820,0.81587,0.81636,2.25,1.37
2018.03.30 16:47:49.924,0.81587,0.81636,1.87,1.37
2018.03.30 16:47:50.067,0.81588,0.81636,1.75,1.37
2018.03.30 16:47:50.375,0.81587,0.81636,1.75,1.37
2018.03.30 16:47:50.890,0.81587,0.81636,1.75,1.37
2018.03.30 16:47:50.993,0.81587,0.81636,1.75,1.37
2018.03.30 16:47:51.045,0.81587,0.81636,1.75,1.37
2018.03.30 16:47:51.150,0.81589,0.81638,1.75,1.37
2018.03.30 16:47:51.202,0.81589,0.81638,2.21,1.37
2018.03.30 16:47:51.306,0.8159,0.8164,1.75,1.50
2018.03.30 16:47:51.358,0.81593,0.81643,1.50,1.37
2018.03.30 16:47:51.410,0.81595,0.81643,2.96,1.12
2018.03.30 16:47:51.724,0.81609,0.81659,1.75,1.12
2018.03.30 16:47:51.835,0.81612,0.81667,1.50,1.75
2018.03.30 16:47:51.889,0.81612,0.81667,1.37,1.75
2018.03.30 16:47:51.941,0.81612,0.81667,1.37,1.75
2018.03.30 16:47:52.201,0.81612,0.81666,1.37,1.37
2018.03.30 16:47:52.304,0.81612,0.81666,1.12,1.37
2018.03.30 16:47:52.357,0.81612,0.81665,1.12,1.37
2018.03.30 16:47:52.460,0.81609,0.81662,1.37,1.37
2018.03.30 16:47:52.512,0.81609,0.81662,1.37,1.37
2018.03.30 16:47:52.823,0.8161,0.81662,1.37,1.37
2018.03.30 16:47:52.926,0.81609,0.81662,1.75,1.37
2018.03.30 16:47:53.030,0.81609,0.81662,1.75,1.37
2018.03.30 16:47:53.082,0.81609,0.81662,1.75,1.37
2018.03.30 16:47:53.134,0.81611,0.81662,1.46,1.00
2018.03.30 16:47:53.340,0.81613,0.81665,1.75,1.37
2018.03.30 16:47:53.608,0.81613,0.81665,1.75,1.37
2018.03.30 16:47:54.128,0.81613,0.81668,1.75,1.37
2018.03.30 16:47:54.180,0.81613,0.81668,1.84,1.37
2018.03.30 16:47:54.232,0.81613,0.81668,1.84,1.37
2018.03.30 16:47:54.544,0.81615,0.81669,1.12,1.37
2018.03.30 16:47:54.805,0.81616,0.81667,2.06,1.00
2018.03.30 16:47:54.909,0.81613,0.81666,2.02,1.37
2018.03.30 16:47:55.224,0.81615,0.81669,1.12,1.37
2018.03.30 16:47:55.804,0.81615,0.81668,1.12,1.37
2018.03.30 16:47:55.857,0.81613,0.81665,1.12,1.37
2018.03.30 16:47:56.013,0.8161,0.81663,1.75,1.37
2018.03.30 16:47:56.432,0.81609,0.81661,1.27,1.00
2018.03.30 16:47:56.945,0.81609,0.8166,1.75,1.00
2018.03.30 16:47:58.835,0.81609,0.81659,1.75,1.00
2018.03.30 16:47:58.940,0.81609,0.81659,1.75,1.00
2018.03.30 16:47:59.303,0.81609,0.81659,1.37,1.12
2018.03.30 16:47:59.356,0.81609,0.81659,1.37,1.87
2018.03.30 16:47:59.849,0.81601,0.81653,1.12,1.37
2018.03.30 16:47:59.901,0.81596,0.81653,2.25,1.87
2018.03.30 16:47:59.953,0.81596,0.81653,2.25,1.87
2018.03.30 16:48:00.109,0.81596,0.81653,2.25,1.87
2018.03.30 16:48:00.419,0.81596,0.81652,2.25,1.37
2018.03.30 16:48:00.732,0.81596,0.8165,2.32,1.00
2018.03.30 16:48:00.940,0.81598,0.81652,1.62,1.12
2018.03.30 16:48:00.992,0.81597,0.81651,1.46,1.37
2018.03.30 16:48:01.286,0.81597,0.81648,1.75,1.12
2018.03.30 16:48:01.389,0.81594,0.81648,1.75,1.37
2018.03.30 16:48:01.940,0.81595,0.81648,1.75,1.37
2018.03.30 16:48:02.144,0.81594,0.81648,1.75,1.50
2018.03.30 16:48:02.195,0.81594,0.81648,1.75,1.87
2018.03.30 16:48:02.297,0.81594,0.81648,1.75,1.50
2018.03.30 16:48:02.450,0.81596,0.81648,1.27,1.87
2018.03.30 16:48:02.786,0.81594,0.81646,1.75,1.00
2018.03.30 16:48:03.301,0.81596,0.81647,2.21,1.00
2018.03.30 16:48:03.562,0.81596,0.81647,1.75,1.00
2018.03.30 16:48:03.719,0.81596,0.81647,1.75,1.37
2018.03.30 16:48:04.767,0.81596,0.81645,1.27,1.00
2018.03.30 16:48:04.820,0.81596,0.81645,1.27,1.00
2018.03.30 16:48:05.080,0.81594,0.81645,1.75,1.00
2018.03.30 16:48:05.132,0.81593,0.81643,2.21,1.00
2018.03.30 16:48:05.493,0.81598,0.81643,1.37,1.00
2018.03.30 16:48:05.545,0.81598,0.81643,1.75,1.00
2018.03.30 16:48:05.701,0.81598,0.81643,1.75,1.00
2018.03.30 16:48:05.753,0.81598,0.81643,1.75,1.00
2018.03.30 16:48:05.805,0.81598,0.81643,1.37,1.00
2018.03.30 16:48:05.857,0.81598,0.81643,1.75,1.00
2018.03.30 16:48:05.943,0.81598,0.81649,1.75,1.12
2018.03.30 16:48:06.361,0.816,0.8165,1.75,1.12
2018.03.30 16:48:06.721,0.816,0.8165,1.75,1.12
2018.03.30 16:48:06.876,0.816,0.8165,1.75,1.12
2018.03.30 16:48:07.668,0.816,0.81651,1.75,1.50
2018.03.30 16:48:07.824,0.816,0.81651,1.37,1.87
2018.03.30 16:48:07.876,0.81599,0.81649,1.31,1.00
2018.03.30 16:48:08.186,0.81598,0.81649,1.75,1.00
2018.03.30 16:48:08.239,0.81599,0.81651,1.75,1.50
2018.03.30 16:48:08.499,0.816,0.81651,1.75,1.50
2018.03.30 16:48:08.809,0.81597,0.81647,1.75,1.00
2018.03.30 16:48:09.354,0.81606,0.8165,2.02,1.00
2018.03.30 16:48:09.459,0.81604,0.81653,2.07,1.00
2018.03.30 16:48:09.562,0.81608,0.81659,1.75,1.50
2018.03.30 16:48:09.721,0.81608,0.81659,1.75,1.87
2018.03.30 16:48:09.825,0.81608,0.81659,1.75,1.50
2018.03.30 16:48:09.929,0.81608,0.81657,2.36,1.00
2018.03.30 16:48:10.086,0.81614,0.81664,1.12,1.00
2018.03.30 16:48:10.139,0.81615,0.81664,2.29,1.00
2018.03.30 16:48:10.294,0.81619,0.81672,1.75,1.50
2018.03.30 16:48:10.537,0.81619,0.81672,1.75,1.87
2018.03.30 16:48:10.797,0.81621,0.81672,1.75,1.50
2018.03.30 16:48:10.901,0.81621,0.81672,1.75,1.87
2018.03.30 16:48:11.056,0.81621,0.81672,1.75,1.50
2018.03.30 16:48:11.210,0.81623,0.81672,1.50,1.12
2018.03.30 16:48:11.315,0.81623,0.81672,1.75,1.00
2018.03.30 16:48:11.622,0.81618,0.81669,1.75,1.00
2018.03.30 16:48:11.948,0.81617,0.81669,2.14,1.00
2018.03.30 16:48:12.256,0.8162,0.81669,1.75,1.00
2018.03.30 16:48:12.767,0.81621,0.81669,1.31,1.00
2018.03.30 16:48:12.920,0.81621,0.81669,1.31,1.00
2018.03.30 16:48:13.176,0.81625,0.81669,1.75,1.00
2018.03.30 16:48:13.228,0.81625,0.81669,1.75,1.00
2018.03.30 16:48:13.503,0.81624,0.81674,1.31,1.00
2018.03.30 16:48:14.005,0.81623,0.81674,1.75,1.37
2018.03.30 16:48:14.470,0.81621,0.81672,2.06,1.00
2018.03.30 16:48:14.522,0.81621,0.81674,2.06,1.00
2018.03.30 16:48:14.575,0.81621,0.81672,1.75,1.00
2018.03.30 16:48:14.626,0.81621,0.81672,1.75,1.00
2018.03.30 16:48:14.678,0.81621,0.81672,1.75,1.00
2018.03.30 16:48:14.834,0.81621,0.81668,1.75,1.00
2018.03.30 16:48:14.887,0.81636,0.81668,0.37,1.00
2018.03.30 16:48:15.059,0.81615,0.81668,1.75,1.12
2018.03.30 16:48:16.041,0.81618,0.81668,1.75,1.00
2018.03.30 16:48:16.300,0.8162,0.81668,1.75,1.00
2018.03.30 16:48:16.456,0.81619,0.81668,1.75,1.12
2018.03.30 16:48:16.922,0.81613,0.81666,1.75,1.00
2018.03.30 16:48:17.283,0.81616,0.81667,1.75,1.37
2018.03.30 16:48:17.664,0.81613,0.81664,1.50,2.62
2018.03.30 16:48:17.716,0.81611,0.81662,1.75,1.37
2018.03.30 16:48:17.768,0.81611,0.81662,1.75,1.37
2018.03.30 16:48:17.923,0.81611,0.81662,1.75,1.37
2018.03.30 16:48:17.975,0.81611,0.81662,1.75,1.37
2018.03.30 16:48:18.288,0.81611,0.81662,1.75,1.00
2018.03.30 16:48:18.340,0.81611,0.81662,1.75,1.37
2018.03.30 16:48:18.627,0.81611,0.81662,1.75,1.37
2018.03.30 16:48:18.888,0.81611,0.81662,1.75,1.37
2018.03.30 16:48:18.992,0.81611,0.81662,1.75,1.37
2018.03.30 16:48:19.096,0.81611,0.81662,1.75,1.37
2018.03.30 16:48:19.444,0.81611,0.81662,1.75,1.37
2018.03.30 16:48:19.496,0.81611,0.81662,1.75,1.37
2018.03.30 16:48:19.600,0.81611,0.8166,1.75,1.37
2018.03.30 16:48:19.909,0.81607,0.81657,1.75,1.37
2018.03.30 16:48:20.013,0.81607,0.81657,1.75,1.00
2018.03.30 16:48:20.117,0.81607,0.81657,1.75,1.37
2018.03.30 16:48:20.169,0.81607,0.81657,1.75,1.00
2018.03.30 16:48:20.329,0.81607,0.81657,1.75,1.12
2018.03.30 16:48:20.433,0.81608,0.8166,1.75,1.37
2018.03.30 16:48:20.485,0.81608,0.8166,1.75,1.12
2018.03.30 16:48:20.538,0.81608,0.81658,1.75,1.37
2018.03.30 16:48:20.899,0.81608,0.81658,1.75,1.00
2018.03.30 16:48:20.952,0.81608,0.81658,1.37,1.12
2018.03.30 16:48:21.004,0.81608,0.81658,1.37,1.37
2018.03.30 16:48:21.056,0.81608,0.81658,1.37,1.37
2018.03.30 16:48:21.108,0.81608,0.81658,1.37,1.37
2018.03.30 16:48:21.161,0.81608,0.81658,1.12,1.37
2018.03.30 16:48:21.265,0.81608,0.81658,1.00,1.37
2018.03.30 16:48:21.368,0.81608,0.81658,1.37,1.37
2018.03.30 16:48:21.575,0.81606,0.81656,1.69,1.87
2018.03.30 16:48:21.680,0.81606,0.81655,1.37,1.37
2018.03.30 16:48:21.885,0.81602,0.81653,1.69,1.37
2018.03.30 16:48:21.938,0.816,0.81651,1.37,1.37
2018.03.30 16:48:22.249,0.816,0.81651,1.75,1.37
2018.03.30 16:48:22.456,0.81601,0.81651,1.75,1.00
2018.03.30 16:48:22.560,0.81603,0.81654,1.75,1.87
2018.03.30 16:48:22.665,0.81603,0.81654,1.37,1.87
2018.03.30 16:48:22.719,0.81603,0.81653,1.37,1.75
2018.03.30 16:48:22.774,0.81601,0.81651,1.75,1.50
2018.03.30 16:48:22.930,0.81599,0.81651,1.75,1.50
2018.03.30 16:48:23.037,0.81599,0.81651,1.75,1.50
2018.03.30 16:48:23.089,0.81599,0.81651,1.37,1.50
2018.03.30 16:48:23.473,0.81602,0.81653,1.94,1.00
2018.03.30 16:48:23.526,0.81607,0.81657,1.37,1.37
2018.03.30 16:48:23.578,0.81607,0.81657,1.37,1.00
2018.03.30 16:48:23.631,0.81609,0.81659,1.37,1.12
2018.03.30 16:48:23.683,0.81609,0.81659,1.75,1.12
2018.03.30 16:48:23.787,0.81609,0.81665,1.75,1.37
2018.03.30 16:48:23.839,0.81609,0.81665,1.75,1.87
2018.03.30 16:48:23.891,0.81609,0.81664,1.50,1.37
2018.03.30 16:48:23.943,0.81609,0.81665,1.75,1.87
2018.03.30 16:48:23.995,0.81609,0.81665,1.75,1.87
2018.03.30 16:48:24.047,0.81609,0.81665,1.75,1.37
2018.03.30 16:48:24.254,0.81609,0.81665,2.25,1.37
2018.03.30 16:48:24.409,0.81611,0.81666,1.75,1.37
2018.03.30 16:48:24.512,0.81611,0.81666,1.75,1.37
2018.03.30 16:48:24.564,0.81611,0.81666,1.75,1.37
2018.03.30 16:48:24.616,0.81613,0.81666,1.75,1.00
2018.03.30 16:48:24.764,0.81617,0.81668,1.50,1.37
2018.03.30 16:48:24.870,0.81617,0.8167,1.50,1.37
2018.03.30 16:48:24.975,0.81617,0.81669,1.50,1.37
2018.03.30 16:48:25.284,0.81617,0.81667,1.75,1.37
2018.03.30 16:48:25.726,0.81617,0.81667,1.75,1.37
2018.03.30 16:48:25.830,0.81617,0.81669,1.75,1.37
2018.03.30 16:48:25.882,0.81617,0.81671,1.50,1.87
2018.03.30 16:48:25.934,0.81617,0.81671,1.37,1.87
2018.03.30 16:48:26.037,0.81617,0.8167,1.75,1.37
2018.03.30 16:48:26.089,0.81617,0.8167,1.37,1.37
2018.03.30 16:48:26.193,0.81617,0.8167,1.50,1.87
2018.03.30 16:48:26.270,0.81617,0.8167,1.50,1.87
2018.03.30 16:48:26.322,0.81617,0.8167,1.50,1.37
2018.03.30 16:48:26.374,0.81617,0.8167,1.75,1.37
2018.03.30 16:48:26.530,0.81617,0.8167,1.75,1.37
2018.03.30 16:48:26.737,0.81619,0.81674,1.75,1.37
2018.03.30 16:48:26.999,0.81622,0.81674,1.50,1.37
2018.03.30 16:48:27.052,0.81622,0.81675,1.37,1.37
2018.03.30 16:48:27.208,0.81622,0.81676,1.75,1.37
2018.03.30 16:48:27.261,0.81622,0.81675,1.37,1.00
2018.03.30 16:48:27.778,0.81623,0.81675,1.75,1.00
2018.03.30 16:48:28.299,0.81628,0.81676,1.75,1.37
2018.03.30 16:48:28.893,0.81628,0.81675,1.75,1.37
2018.03.30 16:48:29.433,0.81628,0.81675,1.75,1.37
2018.03.30 16:48:29.771,0.8162,0.81675,1.87,1.37
2018.03.30 16:48:29.823,0.8162,0.81675,1.75,1.37
2018.03.30 16:48:29.927,0.8162,0.81675,1.50,1.87
2018.03.30 16:48:30.238,0.81617,0.81671,1.50,1.37
2018.03.30 16:48:30.291,0.81616,0.81671,1.12,1.87
2018.03.30 16:48:30.343,0.81616,0.81671,1.12,1.87
2018.03.30 16:48:30.395,0.81614,0.81669,1.75,1.37
2018.03.30 16:48:30.499,0.81614,0.81669,1.75,1.37
2018.03.30 16:48:30.602,0.81614,0.81669,1.37,1.87
2018.03.30 16:48:30.655,0.81614,0.81668,1.37,1.37
2018.03.30 16:48:30.758,0.81613,0.81666,2.25,1.37
2018.03.30 16:48:30.810,0.81613,0.81666,2.25,1.37
2018.03.30 16:48:30.913,0.81613,0.81666,2.25,1.37
2018.03.30 16:48:31.508,0.81613,0.81666,1.37,1.87
2018.03.30 16:48:31.612,0.8161,0.8166,1.37,1.75
2018.03.30 16:48:31.776,0.81608,0.81659,1.00,1.75
2018.03.30 16:48:31.880,0.81607,0.81658,1.00,1.75
2018.03.30 16:48:31.932,0.81607,0.81658,1.37,1.75
2018.03.30 16:48:31.984,0.81604,0.81657,1.00,1.75
2018.03.30 16:48:32.036,0.81604,0.81657,1.00,1.37
2018.03.30 16:48:32.140,0.81601,0.81658,1.37,1.87
2018.03.30 16:48:32.192,0.81601,0.81658,1.37,1.37
2018.03.30 16:48:32.244,0.81601,0.81657,1.37,1.37
2018.03.30 16:48:32.296,0.81601,0.81658,1.37,1.37
2018.03.30 16:48:32.451,0.816,0.81655,1.00,1.37
2018.03.30 16:48:32.504,0.81597,0.81655,1.00,1.87
2018.03.30 16:48:32.610,0.81594,0.8163,1.00,0.37
2018.03.30 16:48:32.662,0.81594,0.81651,1.00,1.37
2018.03.30 16:48:32.714,0.81595,0.8163,1.00,0.37
2018.03.30 16:48:32.767,0.81595,0.81649,1.00,1.37
2018.03.30 16:48:32.819,0.81596,0.81647,1.00,1.37
2018.03.30 16:48:32.871,0.81596,0.81647,1.00,1.37
2018.03.30 16:48:32.974,0.81596,0.81647,1.00,1.75
2018.03.30 16:48:33.304,0.8159,0.81626,1.37,0.37
2018.03.30 16:48:33.511,0.81589,0.81644,1.62,1.37
2018.03.30 16:48:33.563,0.81589,0.81644,1.56,1.50
2018.03.30 16:48:33.771,0.81595,0.81657,1.87,1.75
2018.03.30 16:48:33.879,0.81599,0.81652,1.37,1.12
2018.03.30 16:48:33.932,0.81599,0.81656,1.37,1.12
2018.03.30 16:48:33.985,0.81599,0.81656,1.37,1.12
2018.03.30 16:48:34.037,0.81599,0.81656,1.37,1.12
2018.03.30 16:48:34.089,0.816,0.81657,1.37,1.75
2018.03.30 16:48:34.141,0.816,0.81657,1.37,1.75
2018.03.30 16:48:34.245,0.81601,0.81657,1.37,1.75
2018.03.30 16:48:34.297,0.81602,0.81657,1.12,1.37
2018.03.30 16:48:34.349,0.81602,0.81657,1.37,1.37
2018.03.30 16:48:34.667,0.81595,0.81634,1.50,0.37
2018.03.30 16:48:34.771,0.81595,0.81651,1.00,1.37
2018.03.30 16:48:34.823,0.81592,0.81651,1.00,1.37
2018.03.30 16:48:35.033,0.81597,0.81661,1.00,2.25
2018.03.30 16:48:35.137,0.81597,0.81634,1.00,0.37
2018.03.30 16:48:35.241,0.81597,0.81652,1.50,1.37
2018.03.30 16:48:35.293,0.81597,0.81654,1.00,1.37
2018.03.30 16:48:35.602,0.81586,0.81646,1.00,1.37
2018.03.30 16:48:35.653,0.81586,0.81646,1.37,1.37
2018.03.30 16:48:35.704,0.81588,0.81651,1.37,1.75
2018.03.30 16:48:36.019,0.81589,0.81647,1.37,1.37
2018.03.30 16:48:36.324,0.81595,0.81646,1.00,1.37
2018.03.30 16:48:36.631,0.81601,0.81652,1.00,1.37
2018.03.30 16:48:36.939,0.81604,0.81655,1.00,1.75
2018.03.30 16:48:37.249,0.81591,0.81648,2.06,1.94
2018.03.30 16:48:37.649,0.81592,0.8165,1.87,1.75
2018.03.30 16:48:37.702,0.81597,0.8165,2.25,1.37
2018.03.30 16:48:37.758,0.81605,0.81658,1.00,1.75
2018.03.30 16:48:37.969,0.81594,0.8165,1.37,1.37
2018.03.30 16:48:38.021,0.81594,0.8166,1.87,1.12
2018.03.30 16:48:38.073,0.81594,0.81655,2.06,1.12
2018.03.30 16:48:38.125,0.81594,0.81654,1.75,1.37
2018.03.30 16:48:38.229,0.81605,0.81649,1.00,1.75
2018.03.30 16:48:38.281,0.81605,0.81649,1.00,1.37
2018.03.30 16:48:38.334,0.81605,0.81658,1.00,1.75
2018.03.30 16:48:38.386,0.81605,0.81658,1.00,1.75
2018.03.30 16:48:38.698,0.81593,0.81645,1.00,1.37
2018.03.30 16:48:38.750,0.81593,0.81642,1.00,1.37
2018.03.30 16:48:38.802,0.81593,0.81642,1.00,1.75
2018.03.30 16:48:38.854,0.81593,0.81643,1.00,1.37
2018.03.30 16:48:38.959,0.81593,0.81647,1.37,3.90
2018.03.30 16:48:39.011,0.81593,0.81632,1.75,0.37
2018.03.30 16:48:39.123,0.81593,0.81647,1.37,2.27
2018.03.30 16:48:39.226,0.81594,0.81647,1.00,2.27
2018.03.30 16:48:39.278,0.81594,0.81649,1.37,1.75
2018.03.30 16:48:39.484,0.81594,0.81649,1.37,1.37
2018.03.30 16:48:39.536,0.816,0.81652,1.12,1.37
2018.03.30 16:48:39.900,0.816,0.81656,1.37,1.37
2018.03.30 16:48:40.003,0.816,0.81655,1.00,1.37
2018.03.30 16:48:40.159,0.8161,0.81655,1.00,1.37
2018.03.30 16:48:40.469,0.8161,0.81642,1.00,0.37
2018.03.30 16:48:40.772,0.81604,0.81655,1.00,1.37
2018.03.30 16:48:40.825,0.81602,0.81653,1.00,1.75
2018.03.30 16:48:40.878,0.81602,0.81653,1.00,1.75
2018.03.30 16:48:40.931,0.81604,0.81655,1.00,1.75
2018.03.30 16:48:41.035,0.81603,0.81659,1.37,1.75
2018.03.30 16:48:41.138,0.81604,0.81661,1.37,1.50
2018.03.30 16:48:41.242,0.81604,0.81661,1.37,1.75
2018.03.30 16:48:41.294,0.81604,0.81661,1.37,1.75
2018.03.30 16:48:41.399,0.81606,0.81661,1.00,2.11
2018.03.30 16:48:41.451,0.81606,0.8166,1.37,1.87
2018.03.30 16:48:41.503,0.81606,0.8166,1.37,1.87
2018.03.30 16:48:41.711,0.81602,0.81656,1.94,1.37
2018.03.30 16:48:41.763,0.81605,0.81659,1.37,1.75
2018.03.30 16:48:41.815,0.81605,0.81659,1.00,1.37
2018.03.30 16:48:41.868,0.81605,0.81659,1.37,1.37
2018.03.30 16:48:41.920,0.81606,0.81659,1.69,1.37
2018.03.30 16:48:41.972,0.81607,0.81659,1.37,1.37
2018.03.30 16:48:42.024,0.81607,0.81659,1.37,1.12
2018.03.30 16:48:42.076,0.81609,0.81663,1.37,1.37
2018.03.30 16:48:42.398,0.81612,0.81671,1.37,2.28
2018.03.30 16:48:42.452,0.8161,0.81673,1.37,2.62
2018.03.30 16:48:42.505,0.8161,0.81671,1.37,1.42
2018.03.30 16:48:42.713,0.81607,0.81658,1.00,1.37
2018.03.30 16:48:42.766,0.81606,0.81657,1.00,1.37
2018.03.30 16:48:42.818,0.816,0.81657,1.87,1.37
2018.03.30 16:48:42.870,0.816,0.81639,1.12,0.37
2018.03.30 16:48:42.975,0.81596,0.81653,1.69,1.75
2018.03.30 16:48:43.079,0.81596,0.81652,1.56,1.75
2018.03.30 16:48:43.131,0.81596,0.81652,1.37,1.75
2018.03.30 16:48:43.236,0.81596,0.81652,1.37,1.75
2018.03.30 16:48:43.289,0.81596,0.81654,1.50,1.75
2018.03.30 16:48:43.341,0.81597,0.81656,1.00,1.80
2018.03.30 16:48:43.394,0.81597,0.81666,1.37,1.75
2018.03.30 16:48:43.447,0.81608,0.8164,1.00,0.37
2018.03.30 16:48:43.655,0.81595,0.81649,1.87,1.37
2018.03.30 16:48:43.707,0.81595,0.81649,2.81,1.37
2018.03.30 16:48:44.012,0.81598,0.81661,1.75,1.37
2018.03.30 16:48:44.323,0.81596,0.81633,1.56,0.37
2018.03.30 16:48:44.634,0.816,0.8165,1.00,1.37
2018.03.30 16:48:44.687,0.81591,0.81645,1.37,1.37
2018.03.30 16:48:44.739,0.81594,0.81645,1.00,1.37
2018.03.30 16:48:44.843,0.816,0.81657,1.00,1.37
2018.03.30 16:48:44.895,0.81601,0.8164,1.00,0.37
2018.03.30 16:48:44.948,0.81602,0.81669,1.00,1.12
2018.03.30 16:48:45.000,0.81605,0.81636,1.00,0.37
2018.03.30 16:48:45.054,0.816,0.81652,1.00,1.29
2018.03.30 16:48:45.106,0.816,0.81652,1.00,1.20
2018.03.30 16:48:45.210,0.81598,0.81654,1.00,2.19
2018.03.30 16:48:45.314,0.81597,0.81653,1.37,1.75
2018.03.30 16:48:45.366,0.81598,0.81656,1.37,1.75
2018.03.30 16:48:45.565,0.81598,0.81656,1.37,1.75
2018.03.30 16:48:45.618,0.81598,0.81656,1.37,1.37
2018.03.30 16:48:45.671,0.81607,0.8166,1.37,1.37
2018.03.30 16:48:45.724,0.81607,0.8166,1.87,1.37
2018.03.30 16:48:45.777,0.8161,0.81665,1.37,1.83
2018.03.30 16:48:45.882,0.81607,0.81662,1.37,1.37
2018.03.30 16:48:45.934,0.81607,0.81662,1.37,1.37
2018.03.30 16:48:46.091,0.81609,0.81666,1.37,1.87
2018.03.30 16:48:46.194,0.81607,0.81673,2.44,1.12
2018.03.30 16:48:46.247,0.81607,0.81673,2.44,1.12
2018.03.30 16:48:46.299,0.81609,0.81672,1.37,1.75
2018.03.30 16:48:46.351,0.81609,0.81664,1.00,1.38
2018.03.30 16:48:46.403,0.81608,0.81672,1.00,1.12
2018.03.30 16:48:46.507,0.8161,0.81676,1.00,1.87
2018.03.30 16:48:46.560,0.81609,0.81674,1.00,1.12
2018.03.30 16:48:46.871,0.81597,0.81634,1.00,0.37
2018.03.30 16:48:46.927,0.81597,0.81654,1.00,1.37
2018.03.30 16:48:47.032,0.81597,0.81634,1.50,0.37
2018.03.30 16:48:47.349,0.81597,0.81651,1.87,1.75
2018.03.30 16:48:47.453,0.816,0.81656,1.12,1.37
2018.03.30 16:48:47.505,0.81599,0.81657,1.50,1.37
2018.03.30 16:48:47.764,0.81609,0.8166,1.37,1.37
2018.03.30 16:48:47.816,0.8161,0.8166,1.00,1.37
2018.03.30 16:48:47.868,0.8161,0.81665,1.37,1.37
2018.03.30 16:48:47.921,0.8161,0.81665,1.37,1.75
2018.03.30 16:48:48.024,0.8161,0.81665,1.00,1.37
2018.03.30 16:48:48.076,0.81611,0.81665,1.12,1.37
2018.03.30 16:48:48.128,0.81611,0.81665,1.37,1.75
2018.03.30 16:48:48.439,0.8161,0.81638,1.00,0.37
2018.03.30 16:48:48.492,0.81604,0.81655,1.31,1.75
2018.03.30 16:48:48.546,0.81604,0.81655,1.00,1.37
2018.03.30 16:48:48.599,0.81601,0.81668,1.31,1.12
2018.03.30 16:48:48.723,0.81601,0.81664,2.06,1.75
2018.03.30 16:48:48.878,0.81597,0.81654,1.00,1.37
2018.03.30 16:48:48.932,0.81597,0.81631,1.00,0.37
2018.03.30 16:48:49.089,0.81597,0.81633,1.50,0.37
2018.03.30 16:48:49.143,0.81597,0.8165,1.50,1.12
2018.03.30 16:48:49.247,0.81597,0.81648,1.50,1.75
2018.03.30 16:48:49.298,0.81597,0.81631,1.50,0.37
2018.03.30 16:48:49.349,0.81597,0.81652,1.50,1.42
2018.03.30 16:48:49.401,0.816,0.81652,1.12,1.87
2018.03.30 16:48:49.452,0.816,0.81652,1.87,1.87
2018.03.30 16:48:49.504,0.81602,0.81659,1.69,1.12
2018.03.30 16:48:49.606,0.81608,0.81663,1.00,1.37
2018.03.30 16:48:49.657,0.81608,0.81663,1.00,1.37
2018.03.30 16:48:49.964,0.81607,0.8166,1.37,1.12
2018.03.30 16:48:50.015,0.81607,0.81658,1.37,1.75
2018.03.30 16:48:50.067,0.81607,0.81658,1.37,1.75
2018.03.30 16:48:50.118,0.81609,0.81661,1.37,1.37
2018.03.30 16:48:50.225,0.81609,0.81661,1.00,1.75
2018.03.30 16:48:50.328,0.81607,0.81659,1.00,1.37
2018.03.30 16:48:50.379,0.81607,0.81659,1.00,1.75
2018.03.30 16:48:50.634,0.81596,0.81635,2.06,0.37
2018.03.30 16:48:50.686,0.816,0.81655,1.19,1.37
2018.03.30 16:48:50.737,0.816,0.81655,1.00,1.75
2018.03.30 16:48:50.840,0.816,0.81655,1.19,1.37
2018.03.30 16:48:50.994,0.81601,0.81637,1.00,0.37
2018.03.30 16:48:51.199,0.81596,0.81655,1.87,1.12
2018.03.30 16:48:51.250,0.81597,0.81651,1.37,1.12
2018.03.30 16:48:51.505,0.81608,0.81661,1.12,1.37
2018.03.30 16:48:51.573,0.81608,0.81661,1.37,1.37
2018.03.30 16:48:51.625,0.81608,0.81661,1.37,1.75
2018.03.30 16:48:51.936,0.81608,0.81663,1.00,1.37
2018.03.30 16:48:51.988,0.81608,0.81663,1.00,1.37
2018.03.30 16:48:52.092,0.81601,0.81656,1.00,1.37
2018.03.30 16:48:52.145,0.81601,0.81656,1.00,1.75
2018.03.30 16:48:52.197,0.81595,0.81637,1.37,0.37
2018.03.30 16:48:52.352,0.81595,0.81654,2.25,1.75
2018.03.30 16:48:52.404,0.81604,0.81664,1.00,1.87
2018.03.30 16:48:52.509,0.81598,0.81654,1.00,2.10
2018.03.30 16:48:52.614,0.81597,0.81652,1.25,1.75
2018.03.30 16:48:52.666,0.81597,0.81652,1.50,1.37
2018.03.30 16:48:52.718,0.81597,0.81656,1.87,1.37
2018.03.30 16:48:52.905,0.81606,0.81664,2.62,1.37
2018.03.30 16:48:52.956,0.81619,0.81664,1.00,1.37
2018.03.30 16:48:53.262,0.81619,0.81664,1.37,1.12
2018.03.30 16:48:53.789,0.81619,0.81678,1.37,1.12
2018.03.30 16:48:56.041,0.81614,0.81676,1.50,1.12
2018.03.30 16:48:56.251,0.81606,0.81666,1.12,3.34
2018.03.30 16:48:56.356,0.81604,0.81664,1.69,1.75
2018.03.30 16:48:56.461,0.81606,0.81668,1.37,1.75
2018.03.30 16:48:56.668,0.81605,0.81666,1.62,1.12
2018.03.30 16:48:56.924,0.81605,0.81667,1.37,1.75
2018.03.30 16:48:56.975,0.81605,0.81664,1.37,1.77
2018.03.30 16:48:57.026,0.81604,0.81664,1.37,1.75
2018.03.30 16:48:57.078,0.81604,0.81664,1.37,1.75
2018.03.30 16:48:57.129,0.81602,0.81662,2.44,1.75
2018.03.30 16:48:57.180,0.81602,0.81662,2.44,1.75
2018.03.30 16:48:57.231,0.81604,0.81664,1.37,1.87
2018.03.30 16:48:57.353,0.81604,0.81664,1.37,1.50
2018.03.30 16:48:57.404,0.81604,0.81664,1.37,1.87
2018.03.30 16:48:57.561,0.81609,0.81659,1.37,1.12
2018.03.30 16:48:57.918,0.81609,0.81664,1.00,3.37
2018.03.30 16:48:57.969,0.81609,0.81662,1.12,1.37
2018.03.30 16:48:58.021,0.81602,0.81661,1.62,1.96
2018.03.30 16:48:58.073,0.81599,0.8166,1.75,2.25
2018.03.30 16:48:58.125,0.81599,0.8166,1.75,1.37
2018.03.30 16:48:58.177,0.81599,0.81658,1.75,1.12
2018.03.30 16:48:58.489,0.81604,0.81663,1.12,1.12
2018.03.30 16:48:58.800,0.81599,0.81659,1.75,1.37
2018.03.30 16:48:59.012,0.81591,0.81648,1.00,1.75
2018.03.30 16:48:59.065,0.81594,0.81653,1.00,1.37
2018.03.30 16:48:59.324,0.81601,0.81657,1.00,1.75
2018.03.30 16:48:59.376,0.81612,0.81641,1.00,0.37
2018.03.30 16:48:59.481,0.81606,0.81659,1.00,1.37
2018.03.30 16:48:59.533,0.81606,0.81659,1.00,1.37
2018.03.30 16:48:59.586,0.81598,0.81655,1.00,2.38
2018.03.30 16:48:59.638,0.81599,0.81654,1.00,1.37
2018.03.30 16:48:59.690,0.81598,0.81654,1.37,1.37
2018.03.30 16:49:00.000,0.81599,0.81655,1.00,2.27
2018.03.30 16:49:00.311,0.81592,0.81631,1.31,0.37
2018.03.30 16:49:00.364,0.8159,0.81648,2.06,1.75
2018.03.30 16:49:00.448,0.81592,0.81648,1.19,1.75
2018.03.30 16:49:00.712,0.81601,0.81656,1.12,1.37
2018.03.30 16:49:00.765,0.81601,0.81656,1.37,1.37
2018.03.30 16:49:00.817,0.81601,0.81656,1.37,1.75
2018.03.30 16:49:00.923,0.81603,0.8167,1.00,1.75
2018.03.30 16:49:00.977,0.81607,0.81642,1.00,0.37
2018.03.30 16:49:01.082,0.81607,0.81661,1.00,1.37
2018.03.30 16:49:01.134,0.81607,0.81639,1.00,0.37
2018.03.30 16:49:01.240,0.81604,0.81637,1.00,0.37
2018.03.30 16:49:01.292,0.81598,0.81635,1.37,0.37
2018.03.30 16:49:01.504,0.81598,0.81653,1.00,2.02
2018.03.30 16:49:01.660,0.81591,0.81651,1.94,1.75
2018.03.30 16:49:01.712,0.81589,0.81628,2.81,0.37
2018.03.30 16:49:01.765,0.81589,0.81628,1.37,0.37
2018.03.30 16:49:01.869,0.81589,0.81625,1.37,0.37
2018.03.30 16:49:01.991,0.81589,0.81648,1.94,1.37
2018.03.30 16:49:02.044,0.81589,0.81648,2.44,1.37
2018.03.30 16:49:02.098,0.81603,0.81649,1.37,1.12
2018.03.30 16:49:02.151,0.81603,0.81662,1.37,1.12
2018.03.30 16:49:02.204,0.81603,0.81658,1.37,1.37
2018.03.30 16:49:02.257,0.81603,0.8166,1.37,1.75
2018.03.30 16:49:02.364,0.81603,0.81662,1.62,1.37
2018.03.30 16:49:02.421,0.81603,0.81662,1.37,1.75
2018.03.30 16:49:02.476,0.81603,0.81663,1.87,1.50
2018.03.30 16:49:02.529,0.81603,0.81663,1.87,2.62
2018.03.30 16:49:02.583,0.81605,0.81665,1.37,1.75
2018.03.30 16:49:02.636,0.81607,0.81665,1.37,1.37
2018.03.30 16:49:02.689,0.81603,0.81647,2.62,0.37
2018.03.30 16:49:02.742,0.81609,0.81668,1.37,1.12
2018.03.30 16:49:02.794,0.81609,0.8166,1.37,2.82
2018.03.30 16:49:02.950,0.81598,0.81655,1.37,1.95
2018.03.30 16:49:03.002,0.81598,0.81655,1.00,1.93
2018.03.30 16:49:03.054,0.81598,0.81655,1.00,1.37
2018.03.30 16:49:03.107,0.81598,0.81654,1.00,1.12
2018.03.30 16:49:03.428,0.81589,0.8165,1.37,1.12
2018.03.30 16:49:03.689,0.81595,0.81651,1.00,1.37
2018.03.30 16:49:03.741,0.81595,0.81651,1.87,1.37
2018.03.30 16:49:03.794,0.81598,0.81658,1.37,1.37
2018.03.30 16:49:03.847,0.81598,0.81658,1.00,1.75
2018.03.30 16:49:04.157,0.81606,0.81656,1.37,1.37
2018.03.30 16:49:04.209,0.81606,0.8166,1.37,2.25
2018.03.30 16:49:04.261,0.81606,0.8166,1.37,1.87
2018.03.30 16:49:04.313,0.81606,0.8166,1.37,1.37
2018.03.30 16:49:04.521,0.81597,0.81659,1.19,1.12
2018.03.30 16:49:04.574,0.81603,0.8166,1.00,1.95
2018.03.30 16:49:04.782,0.81595,0.81635,1.50,0.37
2018.03.30 16:49:04.959,0.81607,0.81657,1.00,1.37
2018.03.30 16:49:05.018,0.81607,0.8166,1.00,1.75
2018.03.30 16:49:05.226,0.81607,0.81665,1.00,1.37
2018.03.30 16:49:05.278,0.81607,0.81665,1.37,1.37
2018.03.30 16:49:05.332,0.81612,0.81665,1.00,1.37
2018.03.30 16:49:05.436,0.81607,0.81665,1.75,1.37
2018.03.30 16:49:05.952,0.81607,0.81665,1.75,1.37
2018.03.30 16:49:06.462,0.81607,0.81676,1.75,1.75
2018.03.30 16:49:07.252,0.81607,0.81676,1.75,1.75
2018.03.30 16:49:08.042,0.81607,0.81666,2.06,2.17
2018.03.30 16:49:08.145,0.81607,0.81645,1.50,0.37
2018.03.30 16:49:08.247,0.81607,0.81659,1.00,1.12
2018.03.30 16:49:08.403,0.816,0.81657,1.37,1.37
2018.03.30 16:49:08.506,0.816,0.81657,1.37,1.75
2018.03.30 16:49:08.610,0.816,0.81661,1.87,1.75
2018.03.30 16:49:08.662,0.816,0.81659,2.06,1.12
2018.03.30 16:49:08.987,0.816,0.81659,1.37,2.83
2018.03.30 16:49:09.093,0.816,0.81659,1.37,1.37
2018.03.30 16:49:09.146,0.816,0.81659,1.37,1.37
2018.03.30 16:49:09.405,0.81595,0.8165,1.00,1.75
2018.03.30 16:49:09.457,0.81595,0.81649,1.12,1.12
2018.03.30 16:49:09.510,0.81589,0.81648,1.69,1.37
2018.03.30 16:49:09.562,0.81594,0.81648,1.37,1.37
2018.03.30 16:49:09.720,0.81598,0.81665,1.00,1.75
2018.03.30 16:49:09.824,0.81598,0.8165,1.00,2.43
2018.03.30 16:49:09.876,0.81591,0.81647,1.00,1.48
2018.03.30 16:49:09.928,0.81587,0.81651,1.12,1.75
2018.03.30 16:49:10.032,0.81599,0.81656,1.00,2.25
2018.03.30 16:49:10.084,0.81599,0.8165,1.00,1.96
2018.03.30 16:49:10.137,0.81599,0.81654,1.00,1.75
2018.03.30 16:49:10.240,0.81599,0.81651,1.00,1.83
2018.03.30 16:49:10.373,0.81591,0.8165,1.00,1.47
2018.03.30 16:49:10.426,0.81592,0.81651,1.00,1.75
2018.03.30 16:49:10.479,0.81592,0.81651,1.00,1.37
2018.03.30 16:49:10.795,0.81594,0.81656,1.56,1.75
2018.03.30 16:49:11.110,0.81602,0.81665,1.37,2.96
2018.03.30 16:49:11.214,0.81601,0.81663,1.37,1.37
2018.03.30 16:49:11.266,0.81601,0.81663,2.44,1.75
2018.03.30 16:49:11.318,0.81604,0.81667,1.37,1.87
2018.03.30 16:49:11.474,0.81604,0.81667,1.37,1.87
2018.03.30 16:49:11.526,0.81605,0.81665,1.37,1.37
2018.03.30 16:49:11.578,0.81605,0.81644,1.37,0.37
2018.03.30 16:49:11.898,0.81601,0.81662,1.12,1.37
2018.03.30 16:49:11.951,0.81601,0.81662,1.12,1.75
2018.03.30 16:49:12.056,0.81603,0.81642,1.12,0.37
2018.03.30 16:49:12.108,0.81606,0.81661,1.00,1.37
2018.03.30 16:49:12.161,0.816,0.8164,1.87,0.37
2018.03.30 16:49:12.428,0.81596,0.81632,1.00,0.37
2018.03.30 16:49:12.533,0.81592,0.8165,1.37,2.02
2018.03.30 16:49:12.585,0.81592,0.8165,1.37,1.75
2018.03.30 16:49:12.637,0.81592,0.8165,1.56,1.75
2018.03.30 16:49:12.741,0.81592,0.8165,1.37,3.04
2018.03.30 16:49:13.052,0.81587,0.81642,1.62,2.27
2018.03.30 16:49:13.155,0.81587,0.81642,1.00,2.27
2018.03.30 16:49:13.234,0.81587,0.81645,1.19,1.75
2018.03.30 16:49:13.286,0.81588,0.81648,1.56,1.75
2018.03.30 16:49:13.340,0.81597,0.81656,1.00,1.37
2018.03.30 16:49:13.435,0.81597,0.81652,1.00,2.07
2018.03.30 16:49:13.488,0.81597,0.81651,1.00,1.75
2018.03.30 16:49:13.600,0.81597,0.81654,1.37,1.75
2018.03.30 16:49:13.704,0.81597,0.81653,1.37,1.12
2018.03.30 16:49:13.756,0.81597,0.81652,1.37,1.99
2018.03.30 16:49:13.809,0.81597,0.81632,1.37,0.37
2018.03.30 16:49:13.861,0.81597,0.81652,1.00,1.50
2018.03.30 16:49:13.965,0.81597,0.81652,1.37,1.37
2018.03.30 16:49:14.017,0.81597,0.81652,1.12,1.37
2018.03.30 16:49:14.069,0.81597,0.81656,1.87,1.37
2018.03.30 16:49:14.125,0.81602,0.81638,1.00,0.37
2018.03.30 16:49:14.435,0.81589,0.8165,1.37,1.75
2018.03.30 16:49:14.487,0.81589,0.81652,2.06,1.12
2018.03.30 16:49:14.541,0.8159,0.81653,1.00,2.53
2018.03.30 16:49:14.645,0.81589,0.81647,1.37,1.37
2018.03.30 16:49:14.697,0.81589,0.81647,1.00,1.37
2018.03.30 16:49:14.992,0.81592,0.81651,1.12,1.37
2018.03.30 16:49:15.044,0.81596,0.81655,1.00,4.80
2018.03.30 16:49:15.097,0.81601,0.81655,1.37,1.87
2018.03.30 16:49:15.149,0.81601,0.81653,1.37,1.37
2018.03.30 16:49:15.254,0.81602,0.81662,1.75,1.37
2018.03.30 16:49:15.306,0.81614,0.81662,1.12,1.37
2018.03.30 16:49:15.358,0.81614,0.81669,1.12,1.12
2018.03.30 16:49:15.669,0.81614,0.81666,1.00,1.75
2018.03.30 16:49:15.721,0.81603,0.81664,1.50,1.95
2018.03.30 16:49:15.779,0.81603,0.81636,1.12,0.37
2018.03.30 16:49:15.935,0.81592,0.81651,1.94,1.27
2018.03.30 16:49:16.038,0.81592,0.81648,2.00,1.87
2018.03.30 16:49:16.090,0.81592,0.81651,2.00,1.37
2018.03.30 16:49:16.143,0.81593,0.81651,1.37,1.37
2018.03.30 16:49:16.247,0.81592,0.81627,1.12,0.37
2018.03.30 16:49:16.356,0.81592,0.81649,1.12,1.12
2018.03.30 16:49:16.409,0.81592,0.81648,1.00,1.37
2018.03.30 16:49:16.461,0.81592,0.81644,1.00,1.37
2018.03.30 16:49:16.513,0.81592,0.81644,1.00,1.37
2018.03.30 16:49:16.565,0.81592,0.81647,1.37,1.75
2018.03.30 16:49:16.617,0.81592,0.81647,1.12,1.37
2018.03.30 16:49:16.931,0.81592,0.81653,1.56,1.75
2018.03.30 16:49:17.086,0.81601,0.81653,1.00,1.37
2018.03.30 16:49:17.191,0.81601,0.81653,1.37,1.75
2018.03.30 16:49:17.295,0.81601,0.81653,1.00,1.75
2018.03.30 16:49:17.348,0.81601,0.81651,1.12,1.75
2018.03.30 16:49:17.401,0.81601,0.81651,1.37,1.37
2018.03.30 16:49:17.453,0.81607,0.81655,1.12,1.37
2018.03.30 16:49:17.505,0.81612,0.81655,1.37,1.37
2018.03.30 16:49:17.558,0.81612,0.81666,1.37,1.37
2018.03.30 16:49:17.610,0.81612,0.81666,2.06,1.37
2018.03.30 16:49:17.662,0.81616,0.81673,2.00,1.37
2018.03.30 16:49:17.765,0.81623,0.81678,1.37,1.50
2018.03.30 16:49:18.195,0.81623,0.81681,1.37,1.12
2018.03.30 16:49:18.299,0.81623,0.81681,1.37,1.12
2018.03.30 16:49:18.609,0.8163,0.81681,1.37,1.12
2018.03.30 16:49:18.661,0.8163,0.81681,1.37,1.12
2018.03.30 16:49:18.713,0.8163,0.81681,1.12,1.12
2018.03.30 16:49:19.023,0.8163,0.81678,1.00,1.12
2018.03.30 16:49:19.126,0.8163,0.8168,1.12,1.37
2018.03.30 16:49:19.178,0.8163,0.8168,1.00,1.37
2018.03.30 16:49:19.333,0.8163,0.8168,1.12,1.75
2018.03.30 16:49:19.541,0.81621,0.8168,1.69,2.25
2018.03.30 16:49:19.662,0.81621,0.8168,2.25,1.87
2018.03.30 16:49:19.715,0.81621,0.8168,2.44,1.75
2018.03.30 16:49:19.924,0.81621,0.8168,2.25,1.75
2018.03.30 16:49:20.082,0.81621,0.81676,1.56,1.75
2018.03.30 16:49:20.135,0.81621,0.81676,1.56,1.37
2018.03.30 16:49:20.445,0.81621,0.81677,1.94,1.12
2018.03.30 16:49:20.754,0.81621,0.81677,1.94,1.12
2018.03.30 16:49:20.858,0.81621,0.81678,1.94,1.75
2018.03.30 16:49:20.961,0.81621,0.81678,1.69,1.87
2018.03.30 16:49:21.014,0.81621,0.81678,1.50,1.50
2018.03.30 16:49:21.232,0.81624,0.81681,1.56,1.75
2018.03.30 16:49:21.336,0.81624,0.81681,1.37,1.12
2018.03.30 16:49:21.440,0.81624,0.81681,1.69,1.12
2018.03.30 16:49:21.700,0.81624,0.81682,1.37,1.87
2018.03.30 16:49:21.752,0.81624,0.8168,1.37,1.37
2018.03.30 16:49:21.804,0.81624,0.81682,1.37,1.87
2018.03.30 16:49:22.062,0.81624,0.81681,1.37,1.12
2018.03.30 16:49:22.165,0.81624,0.81681,1.37,1.12
2018.03.30 16:49:22.731,0.81624,0.81682,1.75,2.81
2018.03.30 16:49:23.494,0.81624,0.81682,1.75,2.81
2018.03.30 16:49:24.008,0.81624,0.81681,1.75,2.00
2018.03.30 16:49:24.425,0.81624,0.81682,1.75,3.56
2018.03.30 16:49:24.674,0.81624,0.81682,1.75,2.81
2018.03.30 16:49:24.989,0.81624,0.81679,1.50,1.12
2018.03.30 16:49:25.092,0.81624,0.81681,1.37,2.00
2018.03.30 16:49:25.144,0.81624,0.81681,1.37,2.00
2018.03.30 16:49:25.195,0.81624,0.8168,1.37,2.25
2018.03.30 16:49:25.351,0.81624,0.8168,1.37,1.37
2018.03.30 16:49:25.866,0.81625,0.81679,1.12,1.12
2018.03.30 16:49:27.091,0.81625,0.8168,1.12,1.12
2018.03.30 16:49:27.401,0.81626,0.8168,1.12,1.31
2018.03.30 16:49:27.918,0.81626,0.81679,1.31,1.37
2018.03.30 16:49:28.433,0.81627,0.81681,1.31,1.87
2018.03.30 16:49:30.765,0.81629,0.81678,2.00,1.31
2018.03.30 16:49:30.818,0.81629,0.81677,1.37,1.75
2018.03.30 16:49:30.871,0.81629,0.81677,1.37,1.37
2018.03.30 16:49:30.925,0.81629,0.81679,1.37,1.12
2018.03.30 16:49:31.028,0.81629,0.81679,1.00,1.12
2018.03.30 16:49:31.391,0.81629,0.81678,1.00,1.12
2018.03.30 16:49:31.855,0.81624,0.81677,1.75,1.12
2018.03.30 16:49:31.959,0.81624,0.81678,1.75,1.12
2018.03.30 16:49:32.466,0.81624,0.81674,1.37,1.12
2018.03.30 16:49:32.997,0.81624,0.81672,1.37,1.37
2018.03.30 16:49:33.152,0.81624,0.81671,1.37,1.37
2018.03.30 16:49:33.256,0.81619,0.8167,1.37,1.12
2018.03.30 16:49:33.360,0.81619,0.81671,1.00,1.12
2018.03.30 16:49:33.414,0.81618,0.81666,1.00,1.37
2018.03.30 16:49:33.518,0.81611,0.81666,1.12,1.37
2018.03.30 16:49:33.622,0.81611,0.81665,1.12,1.12
2018.03.30 16:49:33.726,0.8161,0.81665,1.75,1.12
2018.03.30 16:49:33.880,0.8161,0.81665,1.75,1.12
2018.03.30 16:49:33.984,0.81611,0.81666,1.37,1.50
2018.03.30 16:49:34.095,0.81611,0.81665,1.37,1.12
2018.03.30 16:49:34.357,0.8161,0.81665,1.37,1.12
2018.03.30 16:49:34.773,0.81608,0.81661,1.12,1.75
2018.03.30 16:49:34.827,0.81611,0.81661,1.00,1.12
2018.03.30 16:49:35.035,0.81607,0.8166,1.37,1.75
2018.03.30 16:49:35.088,0.81607,0.8166,1.12,1.75
2018.03.30 16:49:35.192,0.81607,0.8166,1.37,1.12
2018.03.30 16:49:35.296,0.81607,0.8166,1.37,1.75
2018.03.30 16:49:35.349,0.81607,0.81656,1.12,1.12
2018.03.30 16:49:35.714,0.81607,0.81657,1.37,1.12
2018.03.30 16:49:35.766,0.81607,0.81657,1.37,1.12
2018.03.30 16:49:35.818,0.81607,0.81657,1.37,1.12
2018.03.30 16:49:35.922,0.81607,0.81655,1.37,1.12
2018.03.30 16:49:36.187,0.81607,0.81655,1.37,1.12
2018.03.30 16:49:36.343,0.81607,0.81653,1.37,1.12
2018.03.30 16:49:36.395,0.81602,0.81654,1.37,1.12
2018.03.30 16:49:36.498,0.81602,0.81653,1.37,1.12
2018.03.30 16:49:36.653,0.81602,0.81654,1.37,1.12
2018.03.30 16:49:36.757,0.81602,0.81651,1.37,1.12
2018.03.30 16:49:37.315,0.81602,0.81652,1.37,1.12
2018.03.30 16:49:37.368,0.81602,0.81652,1.50,1.12
2018.03.30 16:49:37.883,0.81602,0.81658,1.50,1.75
2018.03.30 16:49:38.479,0.81602,0.81658,1.50,1.75
2018.03.30 16:49:39.547,0.81602,0.81658,1.50,1.75
2018.03.30 16:49:40.097,0.81602,0.81658,1.50,1.75
2018.03.30 16:49:40.577,0.81602,0.81659,1.50,1.75
2018.03.30 16:49:40.756,0.81602,0.81659,1.37,1.50
2018.03.30 16:49:40.808,0.81602,0.81659,2.25,1.94
2018.03.30 16:49:40.911,0.81602,0.81659,1.37,1.69
2018.03.30 16:49:41.019,0.81602,0.81659,1.37,1.69
2018.03.30 16:49:41.071,0.81602,0.81659,1.37,1.50
2018.03.30 16:49:41.604,0.81602,0.81659,1.37,1.75
2018.03.30 16:49:42.160,0.81602,0.81658,1.37,2.06
2018.03.30 16:49:42.264,0.81601,0.81654,1.50,2.06
2018.03.30 16:49:42.471,0.81601,0.81654,1.37,1.31
2018.03.30 16:49:42.780,0.81601,0.81652,1.37,1.94
2018.03.30 16:49:43.936,0.81601,0.81652,1.37,2.06
2018.03.30 16:49:44.473,0.81601,0.81652,1.37,2.06
2018.03.30 16:49:44.990,0.81601,0.81652,1.37,1.31
2018.03.30 16:49:45.498,0.81601,0.81653,1.37,1.94
2018.03.30 16:49:46.965,0.81601,0.81653,1.37,1.94
2018.03.30 16:49:48.042,0.81599,0.81648,1.37,1.31
2018.03.30 16:49:48.094,0.81598,0.81647,1.75,2.44
2018.03.30 16:49:48.675,0.81598,0.81646,1.50,1.87
2018.03.30 16:49:49.067,0.81595,0.81644,1.12,2.00
2018.03.30 16:49:49.377,0.81592,0.81639,1.50,1.12
2018.03.30 16:49:50.130,0.81591,0.8164,1.12,1.56
2018.03.30 16:49:50.234,0.81592,0.8164,1.37,1.56
2018.03.30 16:49:50.339,0.81591,0.81641,1.12,2.81
2018.03.30 16:49:50.466,0.8159,0.81641,1.12,2.81
2018.03.30 16:49:50.518,0.81595,0.81642,2.06,1.87
2018.03.30 16:49:50.570,0.816,0.81641,1.12,1.69
2018.03.30 16:49:50.675,0.81595,0.81642,1.12,1.69
2018.03.30 16:49:50.935,0.81609,0.81643,1.00,1.56
2018.03.30 16:49:50.988,0.81601,0.81641,1.75,1.56
2018.03.30 16:49:51.041,0.81601,0.81639,1.37,1.56
2018.03.30 16:49:51.094,0.81602,0.8164,1.00,1.37
2018.03.30 16:49:51.148,0.81594,0.81641,1.75,1.56
2018.03.30 16:49:51.200,0.81594,0.81643,1.75,1.87
2018.03.30 16:49:51.253,0.81597,0.81645,1.75,1.87
2018.03.30 16:49:51.305,0.81602,0.81649,1.37,1.87
2018.03.30 16:49:51.358,0.81603,0.81652,1.12,1.75
2018.03.30 16:49:51.410,0.8161,0.81652,1.00,1.75
2018.03.30 16:49:51.464,0.81602,0.81652,1.37,1.75
2018.03.30 16:49:51.516,0.81607,0.81654,1.00,1.12
2018.03.30 16:49:51.568,0.81607,0.81654,1.00,1.37
2018.03.30 16:49:51.854,0.81607,0.81659,1.00,1.87
2018.03.30 16:49:51.907,0.81607,0.81659,1.00,1.87
2018.03.30 16:49:52.063,0.81607,0.81659,1.37,1.87
2018.03.30 16:49:52.634,0.81612,0.81664,1.37,1.75
2018.03.30 16:49:52.945,0.81613,0.81665,2.85,1.00
2018.03.30 16:49:52.998,0.8162,0.81668,1.75,1.37
2018.03.30 16:49:53.220,0.8162,0.81672,1.75,1.37
2018.03.30 16:49:53.427,0.8162,0.81673,1.75,1.00
2018.03.30 16:49:53.533,0.81628,0.81679,1.75,1.50
2018.03.30 16:49:53.741,0.81628,0.81682,1.75,2.25
2018.03.30 16:49:53.794,0.81628,0.81682,2.58,2.25
2018.03.30 16:49:53.847,0.81625,0.81675,1.12,1.00
2018.03.30 16:49:53.900,0.81623,0.81675,1.75,1.37
2018.03.30 16:49:53.952,0.81623,0.81675,1.75,1.37
2018.03.30 16:49:54.056,0.81623,0.81675,1.75,1.37
2018.03.30 16:49:54.561,0.81623,0.81672,1.75,1.50
2018.03.30 16:49:55.225,0.81618,0.8167,1.87,1.12
2018.03.30 16:49:55.329,0.81622,0.8167,1.75,2.25
2018.03.30 16:49:55.484,0.81617,0.8167,1.87,1.50
2018.03.30 16:49:55.589,0.81617,0.8167,1.75,2.25
2018.03.30 16:49:55.694,0.81617,0.81665,1.37,1.00
2018.03.30 16:49:56.180,0.81615,0.81664,1.80,1.00
2018.03.30 16:49:56.648,0.81614,0.81661,1.75,1.00
2018.03.30 16:49:56.701,0.81611,0.81661,2.49,1.00
2018.03.30 16:49:56.753,0.81631,0.81661,0.37,1.00
2018.03.30 16:49:57.013,0.81612,0.81661,1.75,1.00
2018.03.30 16:49:57.065,0.81612,0.81661,1.37,1.37
2018.03.30 16:49:57.428,0.81604,0.81661,1.87,1.12
2018.03.30 16:49:57.582,0.81604,0.81661,1.87,1.37
2018.03.30 16:49:57.641,0.81624,0.81661,0.37,1.87
2018.03.30 16:49:57.694,0.81614,0.81661,1.98,1.12
2018.03.30 16:49:57.855,0.81612,0.81666,1.37,1.12
2018.03.30 16:49:58.116,0.81629,0.81666,0.37,1.37
2018.03.30 16:49:58.168,0.81612,0.81666,1.98,1.12
2018.03.30 16:49:58.684,0.81612,0.81666,1.38,1.12
2018.03.30 16:49:58.890,0.81612,0.81667,2.10,1.00
2018.03.30 16:49:59.201,0.81616,0.81671,2.25,1.37
2018.03.30 16:49:59.253,0.81614,0.8167,1.87,1.12
2018.03.30 16:49:59.619,0.81615,0.81673,3.03,2.25
2018.03.30 16:49:59.670,0.81614,0.81671,1.37,1.37
2018.03.30 16:50:00.078,0.81614,0.8167,1.37,1.37
2018.03.30 16:50:00.180,0.8161,0.81665,1.12,1.37
2018.03.30 16:50:00.231,0.81607,0.81664,1.75,1.37
2018.03.30 16:50:00.283,0.81607,0.81663,1.37,1.37
2018.03.30 16:50:00.385,0.81607,0.81663,1.37,1.37
2018.03.30 16:50:00.694,0.81607,0.81663,1.37,1.00
2018.03.30 16:50:01.013,0.81612,0.81665,2.25,1.50
2018.03.30 16:50:01.417,0.81613,0.8167,1.12,1.37
2018.03.30 16:50:01.627,0.81619,0.81671,2.34,1.00
2018.03.30 16:50:01.679,0.81618,0.81671,1.37,1.00
2018.03.30 16:50:01.938,0.81613,0.81671,2.25,1.00
2018.03.30 16:50:02.094,0.8161,0.8167,1.75,1.37
2018.03.30 16:50:02.147,0.81603,0.81662,1.75,1.87
2018.03.30 16:50:02.251,0.81601,0.81662,1.87,1.87
2018.03.30 16:50:02.355,0.81601,0.81658,1.87,1.37
2018.03.30 16:50:02.511,0.81601,0.81659,1.75,1.37
2018.03.30 16:50:02.615,0.81601,0.81658,1.75,1.37
2018.03.30 16:50:02.925,0.81604,0.8166,1.75,1.00
2018.03.30 16:50:03.240,0.81613,0.81667,1.12,1.12
2018.03.30 16:50:03.552,0.81618,0.81669,2.42,1.37
2018.03.30 16:50:03.862,0.81624,0.81669,1.12,1.00
2018.03.30 16:50:04.325,0.81622,0.81669,1.87,1.00
2018.03.30 16:50:04.533,0.81615,0.81669,1.50,1.00
2018.03.30 16:50:04.688,0.81619,0.81674,1.75,1.50
2018.03.30 16:50:04.823,0.81634,0.81672,0.37,1.37
2018.03.30 16:50:05.031,0.81619,0.81674,2.25,1.87
2018.03.30 16:50:05.134,0.81635,0.81672,0.37,1.37
2018.03.30 16:50:05.395,0.81615,0.81672,1.75,1.37
2018.03.30 16:50:05.497,0.81614,0.81672,2.55,1.37
2018.03.30 16:50:05.549,0.81618,0.81674,1.37,1.37
2018.03.30 16:50:05.600,0.81619,0.81674,2.13,1.37
2018.03.30 16:50:05.704,0.81617,0.81673,2.01,1.37
2018.03.30 16:50:05.757,0.81614,0.81672,1.75,1.37
2018.03.30 16:50:05.809,0.81619,0.81668,1.12,1.00
2018.03.30 16:50:06.068,0.81613,0.81668,2.39,1.00
2018.03.30 16:50:06.172,0.81612,0.81668,1.12,1.37
2018.03.30 16:50:06.480,0.81611,0.81668,1.75,1.00
2018.03.30 16:50:06.665,0.81613,0.81668,2.33,1.37
2018.03.30 16:50:06.717,0.81613,0.81668,1.12,1.37
2018.03.30 16:50:06.923,0.81612,0.81668,1.75,1.12
2018.03.30 16:50:06.975,0.81635,0.81673,0.37,1.50
2018.03.30 16:50:07.026,0.81617,0.81672,2.09,1.00
2018.03.30 16:50:07.333,0.81624,0.81673,1.85,1.00
2018.03.30 16:50:07.691,0.81614,0.81674,1.12,1.00
2018.03.30 16:50:07.743,0.8162,0.81674,1.12,1.87
2018.03.30 16:50:08.107,0.8162,0.81674,1.83,1.12
2018.03.30 16:50:08.517,0.81621,0.81674,2.37,1.00
2018.03.30 16:50:08.570,0.81618,0.81676,2.11,1.50
2018.03.30 16:50:08.933,0.81643,0.81679,0.37,1.37
2018.03.30 16:50:09.088,0.81623,0.81679,1.37,1.87
2018.03.30 16:50:09.244,0.8162,0.81678,1.97,1.37
2018.03.30 16:50:09.401,0.8162,0.81678,1.38,1.37
2018.03.30 16:50:09.508,0.81617,0.81676,1.75,1.37
2018.03.30 16:50:09.812,0.81616,0.81673,1.37,1.12
2018.03.30 16:50:09.863,0.81614,0.81673,2.60,1.87
2018.03.30 16:50:09.966,0.8161,0.81673,2.62,1.00
2018.03.30 16:50:10.017,0.81616,0.81673,1.12,1.37
2018.03.30 16:50:10.068,0.81618,0.81673,1.96,1.37
2018.03.30 16:50:10.119,0.81639,0.81673,0.37,1.00
2018.03.30 16:50:10.527,0.81639,0.81678,0.37,1.37
2018.03.30 16:50:10.630,0.81618,0.81679,1.87,1.50
2018.03.30 16:50:10.681,0.81621,0.81678,1.82,1.37
2018.03.30 16:50:11.075,0.81618,0.81678,1.75,1.37
2018.03.30 16:50:11.392,0.8162,0.81678,2.77,1.37
2018.03.30 16:50:11.496,0.81616,0.81671,1.37,1.37
2018.03.30 16:50:11.548,0.81616,0.81671,1.37,1.87
2018.03.30 16:50:11.704,0.8161,0.81671,1.75,1.87
2018.03.30 16:50:11.808,0.8161,0.81671,1.75,1.87
2018.03.30 16:50:11.911,0.8161,0.81671,1.75,1.87
2018.03.30 16:50:12.220,0.8161,0.81667,1.75,1.75
2018.03.30 16:50:12.527,0.81635,0.81671,0.37,1.75
2018.03.30 16:50:12.691,0.81616,0.81671,1.37,1.12
2018.03.30 16:50:12.743,0.81616,0.81671,3.10,1.37
2018.03.30 16:50:13.053,0.81622,0.81671,1.12,1.00
2018.03.30 16:50:13.373,0.81623,0.81676,1.20,1.50
2018.03.30 16:50:13.785,0.81625,0.81675,1.12,1.00
2018.03.30 16:50:13.890,0.81639,0.81676,0.37,1.75
2018.03.30 16:50:13.943,0.81618,0.81676,1.50,1.37
2018.03.30 16:50:14.324,0.81616,0.81674,2.38,1.37
2018.03.30 16:50:14.633,0.81618,0.8167,1.98,1.00
2018.03.30 16:50:15.001,0.81614,0.8167,1.48,1.00
2018.03.30 16:50:15.055,0.81633,0.8167,0.37,1.37
2018.03.30 16:50:15.159,0.81633,0.8167,0.37,1.00
2018.03.30 16:50:15.212,0.81617,0.8167,1.87,1.00
2018.03.30 16:50:15.316,0.81621,0.81677,1.75,1.37
2018.03.30 16:50:15.628,0.81622,0.81678,1.42,1.37
2018.03.30 16:50:15.739,0.81618,0.81678,1.75,1.37
2018.03.30 16:50:16.050,0.81618,0.81678,1.75,1.37
2018.03.30 16:50:16.555,0.81637,0.81672,0.37,1.00
2018.03.30 16:50:16.607,0.81616,0.81672,1.81,1.37
2018.03.30 16:50:16.713,0.8162,0.81672,1.12,1.12
2018.03.30 16:50:17.076,0.81621,0.81672,1.82,1.00
2018.03.30 16:50:17.399,0.81619,0.81672,1.75,1.00
2018.03.30 16:50:17.608,0.81619,0.81672,1.37,1.12
2018.03.30 16:50:17.713,0.81618,0.81677,1.12,1.00
2018.03.30 16:50:17.766,0.81622,0.81677,1.12,1.00
2018.03.30 16:50:17.819,0.81617,0.81677,1.75,2.25
2018.03.30 16:50:18.130,0.81617,0.81675,1.37,1.37
2018.03.30 16:50:18.181,0.81617,0.81675,2.38,1.37
2018.03.30 16:50:18.234,0.81618,0.81677,1.97,1.37
2018.03.30 16:50:18.775,0.81619,0.81669,1.12,1.00
2018.03.30 16:50:18.880,0.81617,0.81669,2.62,1.00
2018.03.30 16:50:19.036,0.8161,0.81669,2.21,1.37
2018.03.30 16:50:19.349,0.8162,0.81669,1.38,1.00
2018.03.30 16:50:19.402,0.81622,0.81674,1.77,1.87
2018.03.30 16:50:19.559,0.81623,0.81674,1.12,1.37
2018.03.30 16:50:19.663,0.81623,0.81674,1.76,1.00
2018.03.30 16:50:19.973,0.81621,0.81678,1.43,1.37
2018.03.30 16:50:20.192,0.81642,0.81679,0.37,1.87
2018.03.30 16:50:20.246,0.81618,0.81675,1.50,1.00
2018.03.30 16:50:20.299,0.81618,0.81677,3.24,1.75
2018.03.30 16:50:20.352,0.81618,0.81676,1.37,1.75
2018.03.30 16:50:20.404,0.81619,0.81675,1.87,1.00
2018.03.30 16:50:20.457,0.81618,0.81673,1.75,1.37
2018.03.30 16:50:20.509,0.81619,0.81674,1.43,1.12
2018.03.30 16:50:20.668,0.81636,0.81673,0.37,1.37
2018.03.30 16:50:20.928,0.81617,0.81674,2.79,1.12
2018.03.30 16:50:20.980,0.81616,0.81674,1.37,1.87
2018.03.30 16:50:21.033,0.81616,0.81674,1.37,1.87
2018.03.30 16:50:21.086,0.81614,0.81674,2.91,1.87
2018.03.30 16:50:21.242,0.81614,0.81674,1.87,1.87
2018.03.30 16:50:21.294,0.81614,0.81671,1.12,1.37
2018.03.30 16:50:21.498,0.81609,0.81665,1.12,1.37
2018.03.30 16:50:21.550,0.81607,0.81664,1.50,1.37
2018.03.30 16:50:21.690,0.81607,0.81663,1.37,1.37
2018.03.30 16:50:21.948,0.81605,0.81661,2.05,1.00
2018.03.30 16:50:22.266,0.81631,0.81661,0.37,1.00
2018.03.30 16:50:22.317,0.8161,0.81661,1.75,1.00
2018.03.30 16:50:22.369,0.81612,0.81661,1.89,1.00
2018.03.30 16:50:22.675,0.81613,0.81661,1.29,1.00
2018.03.30 16:50:22.727,0.8161,0.81666,1.37,1.37
2018.03.30 16:50:22.779,0.81605,0.81665,1.75,1.00
2018.03.30 16:50:22.830,0.81605,0.81665,1.37,1.37
2018.03.30 16:50:23.190,0.81605,0.81664,1.75,1.37
2018.03.30 16:50:23.294,0.81605,0.81663,1.75,1.12
2018.03.30 16:50:23.348,0.81605,0.81663,1.50,1.37
2018.03.30 16:50:23.558,0.81605,0.81661,1.75,1.00
2018.03.30 16:50:23.611,0.81605,0.81661,1.75,1.37
2018.03.30 16:50:23.922,0.81627,0.81668,0.37,1.50
2018.03.30 16:50:24.232,0.81616,0.81666,1.12,1.37
2018.03.30 16:50:24.440,0.81609,0.81664,1.75,1.00
2018.03.30 16:50:24.492,0.81602,0.81664,1.12,1.00
2018.03.30 16:50:24.628,0.81601,0.81663,1.75,1.37
2018.03.30 16:50:24.732,0.81602,0.81659,1.12,1.37
2018.03.30 16:50:24.786,0.81601,0.81659,1.75,1.12
2018.03.30 16:50:24.944,0.81601,0.81659,1.75,1.37
2018.03.30 16:50:25.205,0.81602,0.81662,1.20,1.37
2018.03.30 16:50:25.361,0.81604,0.81662,1.75,1.37
2018.03.30 16:50:25.414,0.81604,0.81663,1.95,1.37
2018.03.30 16:50:25.466,0.81607,0.81664,2.06,1.50
2018.03.30 16:50:25.777,0.81611,0.81665,1.12,1.50
2018.03.30 16:50:25.930,0.8161,0.8167,1.12,1.75
2018.03.30 16:50:25.982,0.81615,0.8167,1.12,1.37
2018.03.30 16:50:26.085,0.81616,0.8167,2.86,1.12
2018.03.30 16:50:26.241,0.81618,0.8167,1.75,1.12
2018.03.30 16:50:26.345,0.81616,0.8167,1.87,1.00
2018.03.30 16:50:26.397,0.81616,0.8167,1.96,1.00
2018.03.30 16:50:26.653,0.81617,0.8167,1.75,1.00
2018.03.30 16:50:26.704,0.81637,0.8167,0.37,1.00
2018.03.30 16:50:26.962,0.81617,0.81677,1.37,1.50
2018.03.30 16:50:27.066,0.81619,0.81677,1.12,1.37
2018.03.30 16:50:27.374,0.81621,0.81677,1.12,1.75
2018.03.30 16:50:27.477,0.81617,0.81674,1.12,1.37
2018.03.30 16:50:27.528,0.81614,0.81676,1.75,1.50
2018.03.30 16:50:27.580,0.81616,0.81676,1.33,1.50
2018.03.30 16:50:27.704,0.81618,0.81675,2.81,1.37
2018.03.30 16:50:27.756,0.81617,0.81675,1.75,1.37
2018.03.30 16:50:28.066,0.81617,0.81674,1.92,1.37
2018.03.30 16:50:28.270,0.81618,0.81675,2.24,1.37
2018.03.30 16:50:28.780,0.81618,0.81672,2.24,1.00
2018.03.30 16:50:28.884,0.81617,0.81672,1.75,1.00
2018.03.30 16:50:29.248,0.81635,0.81672,0.37,1.37
2018.03.30 16:50:29.405,0.81617,0.81672,1.82,1.00
2018.03.30 16:50:29.615,0.81621,0.81672,1.27,1.00
2018.03.30 16:50:29.667,0.81619,0.81672,2.09,1.00
2018.03.30 16:50:29.773,0.81612,0.81672,1.75,1.87
2018.03.30 16:50:29.827,0.81608,0.8167,3.37,1.37
2018.03.30 16:50:30.189,0.81608,0.81667,1.75,1.37
2018.03.30 16:50:30.685,0.81603,0.81666,4.09,1.87
2018.03.30 16:50:30.789,0.81606,0.81666,1.46,1.87
2018.03.30 16:50:30.841,0.81628,0.81666,0.37,1.37
2018.03.30 16:50:31.172,0.81621,0.81671,1.12,1.37
2018.03.30 16:50:31.483,0.81622,0.81671,2.01,1.37
2018.03.30 16:50:31.535,0.81621,0.81671,1.75,1.00
2018.03.30 16:50:31.587,0.81621,0.81673,1.37,1.37
2018.03.30 16:50:31.639,0.81614,0.81673,1.75,1.37
2018.03.30 16:50:31.692,0.81614,0.8167,1.37,1.37
2018.03.30 16:50:32.001,0.81603,0.81664,3.00,1.37
2018.03.30 16:50:32.053,0.81603,0.81664,1.75,1.37
2018.03.30 16:50:32.105,0.81603,0.8166,1.50,1.37
2018.03.30 16:50:32.209,0.81599,0.81656,1.12,1.37
2018.03.30 16:50:32.261,0.81599,0.81656,1.12,1.37
2018.03.30 16:50:32.608,0.81603,0.81656,1.20,1.00
2018.03.30 16:50:32.918,0.81611,0.81661,1.42,1.00
2018.03.30 16:50:32.970,0.81606,0.81661,1.12,1.00
2018.03.30 16:50:33.127,0.8161,0.81661,2.26,1.00
2018.03.30 16:50:33.181,0.8161,0.81666,2.05,1.37
2018.03.30 16:50:33.233,0.81613,0.81666,1.82,1.00
2018.03.30 16:50:33.544,0.81633,0.81669,0.37,1.00
2018.03.30 16:50:33.972,0.81616,0.81675,1.12,1.75
2018.03.30 16:50:34.230,0.81619,0.81675,1.12,1.00
2018.03.30 16:50:34.282,0.81617,0.81675,1.31,1.37
2018.03.30 16:50:34.435,0.81621,0.81675,1.42,1.12
2018.03.30 16:50:34.486,0.81614,0.81673,1.75,1.00
2018.03.30 16:50:34.923,0.81619,0.81675,2.25,1.37
2018.03.30 16:50:34.976,0.81639,0.81675,0.37,1.87
2018.03.30 16:50:35.029,0.81619,0.81674,1.37,1.12
2018.03.30 16:50:35.081,0.81619,0.81673,1.37,1.37
2018.03.30 16:50:35.287,0.81626,0.81675,1.12,1.00
2018.03.30 16:50:35.625,0.81623,0.81675,1.75,1.00
2018.03.30 16:50:35.677,0.81626,0.81679,1.38,1.37
2018.03.30 16:50:35.728,0.81621,0.81677,2.34,1.12
2018.03.30 16:50:35.984,0.81622,0.81678,2.50,1.50
2018.03.30 16:50:36.035,0.81623,0.81678,1.37,1.50
2018.03.30 16:50:36.086,0.81623,0.81676,1.37,1.37
2018.03.30 16:50:36.138,0.81619,0.81675,1.75,1.37
2018.03.30 16:50:36.189,0.81619,0.81674,1.37,1.37
2018.03.30 16:50:36.496,0.8162,0.81669,1.89,1.00
2018.03.30 16:50:37.025,0.81623,0.81669,2.11,1.00
2018.03.30 16:50:37.180,0.81616,0.81673,1.75,1.37
2018.03.30 16:50:37.232,0.81616,0.81674,1.75,1.37
2018.03.30 16:50:37.284,0.81616,0.81674,1.75,1.37
2018.03.30 16:50:37.336,0.81616,0.81666,1.37,1.00
2018.03.30 16:50:37.853,0.81616,0.81667,1.75,1.37
2018.03.30 16:50:38.163,0.81616,0.8167,1.12,1.87
2018.03.30 16:50:38.316,0.81618,0.81671,1.33,1.37
2018.03.30 16:50:38.369,0.81613,0.81669,1.76,1.12
2018.03.30 16:50:38.524,0.81617,0.81671,1.46,1.37
2018.03.30 16:50:38.629,0.81616,0.81669,1.37,1.00
2018.03.30 16:50:38.733,0.81615,0.81667,1.47,1.12
2018.03.30 16:50:38.940,0.81613,0.81667,1.12,1.37
2018.03.30 16:50:39.301,0.81607,0.81663,1.75,1.37
2018.03.30 16:50:39.405,0.81604,0.81661,1.50,1.37
2018.03.30 16:50:39.816,0.81602,0.8166,1.75,1.37
2018.03.30 16:50:40.161,0.81602,0.81662,2.06,1.00
2018.03.30 16:50:40.471,0.81636,0.81671,0.37,1.50
2018.03.30 16:50:40.579,0.81618,0.81671,2.32,1.00
2018.03.30 16:50:41.093,0.81619,0.81671,2.16,1.00
2018.03.30 16:50:41.494,0.81616,0.81671,1.87,1.50
2018.03.30 16:50:41.546,0.81636,0.81671,0.37,1.37
2018.03.30 16:50:41.671,0.81614,0.81671,3.30,1.87
2018.03.30 16:50:41.723,0.81616,0.81671,1.82,1.00
2018.03.30 16:50:42.034,0.81616,0.81674,1.79,1.37
2018.03.30 16:50:42.550,0.81618,0.81674,1.49,1.37
2018.03.30 16:50:42.861,0.81621,0.81675,1.24,1.12
2018.03.30 16:50:43.171,0.81621,0.81675,4.29,1.00
2018.03.30 16:50:43.546,0.81624,0.81677,2.22,1.37
2018.03.30 16:50:43.651,0.81624,0.81678,1.94,1.37
2018.03.30 16:50:43.703,0.81619,0.81673,1.37,1.37
2018.03.30 16:50:43.756,0.81615,0.81668,1.37,1.37
2018.03.30 16:50:44.068,0.81602,0.81658,1.12,1.12
2018.03.30 16:50:44.327,0.81602,0.81658,1.12,1.12
2018.03.30 16:50:44.379,0.81601,0.81657,1.12,1.37
2018.03.30 16:50:44.485,0.81597,0.81657,2.25,1.37
2018.03.30 16:50:44.590,0.81597,0.81658,3.25,1.37
2018.03.30 16:50:44.694,0.81601,0.81659,2.07,1.12
2018.03.30 16:50:45.033,0.81609,0.81665,1.75,1.37
2018.03.30 16:50:45.086,0.81612,0.81667,1.43,1.00
2018.03.30 16:50:45.138,0.81614,0.81667,2.01,1.00
2018.03.30 16:50:45.450,0.81622,0.81672,1.75,1.37
2018.03.30 16:50:45.659,0.81622,0.81672,1.37,1.00
2018.03.30 16:50:45.712,0.81612,0.81672,2.39,1.37
2018.03.30 16:50:45.765,0.81616,0.81671,1.50,1.37
2018.03.30 16:50:45.869,0.81616,0.81671,1.50,1.37
2018.03.30 16:50:45.973,0.81611,0.81667,1.12,1.87
2018.03.30 16:50:46.077,0.81605,0.81666,2.47,1.37
2018.03.30 16:50:46.181,0.81605,0.81664,1.75,1.37
2018.03.30 16:50:46.234,0.81605,0.81664,1.75,1.37
2018.03.30 16:50:46.337,0.81605,0.81663,1.50,1.37
2018.03.30 16:50:46.439,0.81605,0.8166,1.37,1.37
2018.03.30 16:50:46.746,0.81613,0.81666,2.11,1.37
2018.03.30 16:50:46.797,0.81614,0.81667,1.77,1.00
2018.03.30 16:50:47.053,0.81617,0.81667,1.92,1.00
2018.03.30 16:50:47.308,0.81615,0.81672,1.75,1.37
2018.03.30 16:50:47.359,0.81639,0.81672,0.37,1.37
2018.03.30 16:50:47.411,0.81618,0.81673,2.16,1.37
2018.03.30 16:50:47.819,0.81615,0.81674,1.75,1.12
2018.03.30 16:50:47.871,0.81615,0.81674,1.75,1.87
2018.03.30 16:50:48.178,0.81615,0.81674,1.12,1.37
2018.03.30 16:50:48.497,0.81623,0.81674,2.26,1.00
2018.03.30 16:50:50.336,0.81624,0.81674,1.12,1.00
2018.03.30 16:50:51.645,0.81628,0.81674,1.39,1.00
2018.03.30 16:50:51.698,0.81625,0.81674,1.37,1.00
2018.03.30 16:50:51.750,0.8162,0.81674,2.50,1.00
2018.03.30 16:50:51.905,0.81641,0.81674,0.37,1.00
2018.03.30 16:50:51.957,0.81619,0.81674,1.75,1.00
2018.03.30 16:50:52.112,0.81617,0.81674,1.37,1.12
2018.03.30 16:50:52.270,0.81637,0.81674,0.37,1.87
2018.03.30 16:50:52.377,0.81618,0.81674,1.79,1.37
2018.03.30 16:50:52.430,0.81618,0.81674,1.91,1.37
2018.03.30 16:50:52.793,0.81618,0.81674,1.75,1.12
2018.03.30 16:50:52.846,0.81617,0.81673,1.12,1.75
2018.03.30 16:50:52.899,0.81635,0.81672,0.37,1.00
2018.03.30 16:50:52.951,0.81616,0.81672,1.12,1.50
2018.03.30 16:50:53.159,0.8162,0.81678,2.25,1.12
2018.03.30 16:50:53.315,0.81623,0.81678,1.99,1.00
2018.03.30 16:50:53.628,0.81624,0.81679,1.75,1.00
2018.03.30 16:50:53.681,0.81621,0.81679,1.12,1.37
2018.03.30 16:50:53.734,0.81621,0.81677,1.42,1.37
2018.03.30 16:50:53.787,0.81619,0.81677,2.25,1.37
2018.03.30 16:50:53.891,0.81615,0.81671,1.75,1.37
2018.03.30 16:50:54.047,0.81615,0.81668,1.37,1.37
2018.03.30 16:50:54.100,0.81607,0.81661,1.50,1.37
2018.03.30 16:50:54.618,0.81607,0.8166,1.37,1.37
2018.03.30 16:50:54.671,0.81608,0.8166,1.99,1.00
2018.03.30 16:50:54.779,0.81609,0.8166,1.95,1.00
2018.03.30 16:50:55.089,0.81617,0.81665,1.12,1.12
2018.03.30 16:50:55.246,0.81614,0.81665,2.20,1.00
2018.03.30 16:50:55.458,0.81604,0.81665,1.75,1.12
2018.03.30 16:50:55.615,0.81608,0.81666,3.03,1.37
2018.03.30 16:50:55.873,0.81603,0.8166,1.12,1.37
2018.03.30 16:50:55.925,0.81603,0.81659,1.12,1.37
2018.03.30 16:50:56.078,0.81598,0.81659,1.87,1.37
2018.03.30 16:50:56.384,0.81623,0.8166,0.37,1.37
2018.03.30 16:50:56.436,0.81605,0.8166,1.75,1.00
2018.03.30 16:50:56.487,0.81608,0.8166,1.12,1.00
2018.03.30 16:50:56.796,0.81614,0.81665,2.10,1.00
2018.03.30 16:50:57.001,0.81613,0.81668,2.27,1.00
2018.03.30 16:50:57.053,0.8161,0.81667,1.75,1.37
2018.03.30 16:50:57.178,0.81608,0.8166,1.37,1.37
2018.03.30 16:50:57.280,0.81602,0.8166,1.37,1.37
2018.03.30 16:50:57.588,0.81598,0.81655,1.75,1.50
2018.03.30 16:50:57.742,0.81598,0.81655,1.75,1.37
2018.03.30 16:50:57.793,0.81598,0.81655,1.50,1.37
2018.03.30 16:50:57.946,0.81598,0.81654,1.75,1.37
2018.03.30 16:50:58.048,0.81624,0.81655,0.37,1.12
2018.03.30 16:50:58.201,0.81606,0.81661,1.12,1.87
2018.03.30 16:50:58.356,0.81612,0.81668,2.56,1.87
2018.03.30 16:50:58.408,0.8161,0.81666,1.75,1.37
2018.03.30 16:50:58.460,0.81631,0.81665,0.37,1.00
2018.03.30 16:50:58.672,0.81632,0.81668,0.37,1.87
2018.03.30 16:50:58.777,0.81609,0.81666,1.37,1.00
2018.03.30 16:50:58.830,0.81606,0.81665,1.75,1.00
2018.03.30 16:50:58.883,0.81606,0.81665,1.37,1.37
2018.03.30 16:50:58.937,0.81606,0.81664,1.75,1.37
2018.03.30 16:50:59.041,0.81606,0.81664,1.37,1.00
2018.03.30 16:50:59.093,0.81606,0.81664,1.50,1.37
2018.03.30 16:50:59.146,0.81606,0.81663,1.37,1.37
2018.03.30 16:50:59.457,0.81596,0.81659,1.75,1.87
2018.03.30 16:50:59.612,0.81596,0.81658,1.75,1.37
2018.03.30 16:50:59.926,0.81628,0.81659,0.37,1.00
2018.03.30 16:51:00.030,0.81629,0.81664,0.37,1.12
2018.03.30 16:51:00.142,0.81627,0.81664,0.37,1.50
2018.03.30 16:51:00.195,0.81631,0.81665,0.37,1.00
2018.03.30 16:51:00.248,0.8161,0.81665,1.37,1.00
2018.03.30 16:51:00.406,0.81604,0.81664,1.75,1.00
2018.03.30 16:51:00.509,0.81604,0.81664,1.37,1.37
2018.03.30 16:51:00.562,0.81604,0.81663,1.37,1.37
2018.03.30 16:51:00.614,0.81604,0.81663,1.37,1.37
2018.03.30 16:51:00.666,0.81604,0.81662,1.37,1.37
2018.03.30 16:51:00.977,0.81604,0.81659,1.75,1.37
2018.03.30 16:51:01.392,0.81625,0.81661,0.37,1.37
2018.03.30 16:51:01.705,0.81633,0.81669,0.37,1.00
2018.03.30 16:51:01.828,0.8161,0.8167,1.12,1.00
2018.03.30 16:51:02.296,0.81614,0.81668,1.37,1.37
2018.03.30 16:51:02.503,0.81607,0.81666,1.37,1.37
2018.03.30 16:51:02.607,0.81602,0.81664,1.75,1.37
2018.03.30 16:51:02.660,0.81602,0.81662,1.75,1.37
2018.03.30 16:51:02.763,0.81602,0.81659,1.75,1.37
2018.03.30 16:51:02.815,0.81602,0.8166,1.75,1.37
2018.03.30 16:51:02.867,0.81602,0.81661,1.75,1.37
2018.03.30 16:51:02.970,0.81602,0.81661,1.75,1.37
2018.03.30 16:51:03.022,0.81598,0.81661,2.25,1.37
2018.03.30 16:51:03.126,0.81602,0.81661,1.12,1.37
2018.03.30 16:51:03.178,0.81602,0.81661,1.12,1.37
2018.03.30 16:51:03.342,0.81605,0.81662,2.53,1.87
2018.03.30 16:51:03.655,0.81612,0.81668,1.33,1.75
2018.03.30 16:51:03.905,0.81613,0.8167,1.31,1.50
2018.03.30 16:51:04.009,0.81611,0.8167,1.35,1.50
2018.03.30 16:51:04.164,0.81631,0.81668,0.37,1.00
2018.03.30 16:51:04.216,0.81632,0.8167,0.37,1.50
2018.03.30 16:51:04.320,0.81613,0.81671,3.22,1.00
2018.03.30 16:51:04.631,0.81616,0.81673,1.75,1.37
2018.03.30 16:51:04.684,0.81616,0.81673,1.50,1.37
2018.03.30 16:51:04.787,0.81616,0.81673,1.37,1.37
2018.03.30 16:51:04.964,0.81611,0.8167,1.75,1.37
2018.03.30 16:51:05.017,0.81611,0.81665,1.75,1.37
2018.03.30 16:51:05.172,0.8161,0.81664,1.37,1.37
2018.03.30 16:51:05.380,0.81605,0.81659,1.37,1.37
2018.03.30 16:51:05.432,0.81605,0.81659,1.37,1.37
2018.03.30 16:51:05.484,0.81605,0.81658,1.37,1.37
2018.03.30 16:51:05.536,0.81595,0.81658,1.50,1.87
2018.03.30 16:51:05.846,0.81605,0.81658,1.24,1.00
2018.03.30 16:51:06.053,0.81607,0.81663,1.38,1.87
2018.03.30 16:51:06.157,0.81605,0.81663,1.97,1.00
2018.03.30 16:51:06.261,0.81629,0.81663,0.37,1.00
2018.03.30 16:51:06.313,0.81604,0.81663,2.34,1.12
2018.03.30 16:51:06.539,0.81604,0.81663,2.01,1.12
2018.03.30 16:51:06.591,0.81601,0.81663,1.37,1.87
2018.03.30 16:51:06.643,0.816,0.81663,1.87,1.37
2018.03.30 16:51:06.695,0.816,0.81663,1.87,1.87
2018.03.30 16:51:06.748,0.816,0.81659,1.50,1.37
2018.03.30 16:51:06.851,0.816,0.81658,1.37,1.37
2018.03.30 16:51:07.163,0.816,0.81662,2.25,1.37
2018.03.30 16:51:07.268,0.81602,0.81663,1.20,1.50
2018.03.30 16:51:07.321,0.81601,0.81663,1.31,1.37
2018.03.30 16:51:07.426,0.816,0.81663,1.75,1.87
2018.03.30 16:51:07.581,0.81602,0.81663,1.79,1.87
2018.03.30 16:51:07.927,0.81611,0.81663,2.22,1.00
2018.03.30 16:51:08.085,0.81629,0.81666,0.37,1.00
2018.03.30 16:51:08.189,0.81611,0.81666,1.12,1.00
2018.03.30 16:51:08.293,0.81627,0.81665,0.37,1.00
2018.03.30 16:51:08.345,0.81605,0.81664,3.00,1.37
2018.03.30 16:51:08.606,0.8161,0.81666,1.12,1.37
2018.03.30 16:51:08.659,0.81606,0.81666,1.37,1.00
2018.03.30 16:51:08.712,0.81606,0.81665,1.50,1.37
2018.03.30 16:51:08.764,0.81605,0.81664,1.75,1.37
2018.03.30 16:51:08.817,0.81605,0.81664,1.75,1.37
2018.03.30 16:51:08.921,0.81605,0.81664,1.75,1.37
2018.03.30 16:51:09.239,0.816,0.81661,1.12,1.37
2018.03.30 16:51:09.691,0.8161,0.81661,1.31,1.00
2018.03.30 16:51:09.950,0.81635,0.81669,0.37,1.00
2018.03.30 16:51:10.002,0.81617,0.81671,2.02,1.75
2018.03.30 16:51:10.055,0.81635,0.81671,0.37,1.00
2018.03.30 16:51:10.112,0.81617,0.81671,1.12,1.37
2018.03.30 16:51:10.218,0.81612,0.81671,1.37,1.50
2018.03.30 16:51:10.270,0.81608,0.81668,1.45,1.37
2018.03.30 16:51:10.425,0.81608,0.81667,1.75,1.37
2018.03.30 16:51:10.477,0.81608,0.81667,1.37,1.37
2018.03.30 16:51:10.529,0.81608,0.81666,1.75,1.37
2018.03.30 16:51:10.633,0.81608,0.81666,1.75,1.37
2018.03.30 16:51:10.924,0.81608,0.81663,1.37,1.37
2018.03.30 16:51:10.978,0.81601,0.81661,1.12,1.37
2018.03.30 16:51:11.031,0.81601,0.81661,1.37,1.37
2018.03.30 16:51:11.083,0.81601,0.81661,1.37,1.37
2018.03.30 16:51:11.395,0.81629,0.81662,0.37,1.00
2018.03.30 16:51:11.448,0.81603,0.81662,1.95,1.00
2018.03.30 16:51:11.500,0.81628,0.81662,0.37,1.50
2018.03.30 16:51:11.552,0.81604,0.81662,2.04,1.00
2018.03.30 16:51:11.810,0.81628,0.81662,0.37,1.00
2018.03.30 16:51:11.862,0.81625,0.81662,0.37,1.00
2018.03.30 16:51:11.967,0.81605,0.81664,1.37,1.00
2018.03.30 16:51:12.019,0.81605,0.81662,1.37,1.37
2018.03.30 16:51:12.071,0.81605,0.81659,1.37,1.37
2018.03.30 16:51:12.397,0.81597,0.81658,1.12,1.37
2018.03.30 16:51:12.449,0.81597,0.81658,1.12,1.37
2018.03.30 16:51:12.501,0.81597,0.81658,1.12,1.00
2018.03.30 16:51:12.552,0.81597,0.81658,1.12,1.37
2018.03.30 16:51:12.656,0.81597,0.81658,2.29,1.00
2018.03.30 16:51:12.709,0.81597,0.81658,1.37,1.37
2018.03.30 16:51:12.761,0.81597,0.81658,1.37,1.37
2018.03.30 16:51:12.865,0.81597,0.81658,1.12,1.00
2018.03.30 16:51:12.969,0.81594,0.81658,1.87,1.37
2018.03.30 16:51:13.022,0.816,0.81659,2.19,1.12
2018.03.30 16:51:13.074,0.81602,0.81659,2.16,1.12
2018.03.30 16:51:13.354,0.81604,0.81663,1.75,1.12
2018.03.30 16:51:13.407,0.81611,0.81662,2.06,1.00
2018.03.30 16:51:13.460,0.81603,0.8166,1.91,1.00
2018.03.30 16:51:13.513,0.81605,0.81665,1.38,1.75
2018.03.30 16:51:13.567,0.8161,0.81666,1.33,1.00
2018.03.30 16:51:13.619,0.81606,0.81664,1.12,1.12
2018.03.30 16:51:13.673,0.81604,0.81665,1.83,1.37
2018.03.30 16:51:13.779,0.81602,0.81666,1.37,1.37
2018.03.30 16:51:13.903,0.81624,0.81666,0.37,1.00
2018.03.30 16:51:14.061,0.81602,0.81666,2.44,1.12
2018.03.30 16:51:14.113,0.81624,0.81666,0.37,1.00
2018.03.30 16:51:14.166,0.81602,0.81666,3.00,1.37
2018.03.30 16:51:14.218,0.81602,0.81666,2.81,1.37
2018.03.30 16:51:14.270,0.81602,0.81666,1.75,1.37
2018.03.30 16:51:14.322,0.81602,0.81661,1.50,1.12
2018.03.30 16:51:14.374,0.81597,0.81661,1.12,1.87
2018.03.30 16:51:14.679,0.81597,0.81661,1.12,1.87
2018.03.30 16:51:14.731,0.81599,0.81661,1.12,1.87
2018.03.30 16:51:14.783,0.81601,0.81661,1.24,1.37
2018.03.30 16:51:15.091,0.8163,0.81666,0.37,1.00
2018.03.30 16:51:15.337,0.81612,0.81671,1.92,1.87
2018.03.30 16:51:15.392,0.81629,0.8167,0.37,1.37
2018.03.30 16:51:15.705,0.81607,0.8167,1.33,1.37
2018.03.30 16:51:15.809,0.81606,0.8167,1.37,1.37
2018.03.30 16:51:15.862,0.81606,0.8167,1.37,1.37
2018.03.30 16:51:15.915,0.81606,0.81663,1.75,1.37
2018.03.30 16:51:16.018,0.816,0.81662,1.12,1.37
2018.03.30 16:51:16.174,0.81596,0.8166,1.87,1.00
2018.03.30 16:51:16.227,0.81596,0.8166,2.06,1.37
2018.03.30 16:51:16.280,0.81596,0.8166,1.94,1.37
2018.03.30 16:51:16.332,0.81596,0.81659,1.75,1.37
2018.03.30 16:51:16.435,0.81596,0.81659,1.50,1.37
2018.03.30 16:51:16.795,0.81596,0.81658,1.37,1.37
2018.03.30 16:51:16.848,0.81596,0.81659,1.50,1.37
2018.03.30 16:51:17.162,0.81631,0.81667,0.37,1.37
2018.03.30 16:51:17.214,0.81611,0.81668,1.38,1.00
2018.03.30 16:51:17.267,0.81627,0.81668,0.37,1.37
2018.03.30 16:51:17.371,0.81604,0.81667,2.81,1.00
2018.03.30 16:51:17.423,0.81624,0.81667,0.37,1.37
2018.03.30 16:51:17.578,0.81604,0.81666,1.37,1.37
2018.03.30 16:51:17.630,0.81604,0.81666,1.75,1.00
2018.03.30 16:51:17.682,0.81604,0.81665,1.37,1.37
2018.03.30 16:51:17.786,0.81604,0.81665,1.37,1.37
2018.03.30 16:51:17.838,0.81604,0.81664,1.50,1.37
2018.03.30 16:51:17.942,0.81604,0.81664,1.50,1.37
2018.03.30 16:51:18.098,0.816,0.81662,1.12,1.00
2018.03.30 16:51:18.150,0.816,0.81662,1.12,1.00
2018.03.30 16:51:18.203,0.81598,0.8166,1.12,1.37
2018.03.30 16:51:18.255,0.81598,0.8166,1.12,1.37
2018.03.30 16:51:18.307,0.81596,0.8166,1.75,1.00
2018.03.30 16:51:18.360,0.81596,0.81661,2.31,1.00
2018.03.30 16:51:18.522,0.81596,0.81661,1.75,1.12
2018.03.30 16:51:18.574,0.81623,0.81661,0.37,1.00
2018.03.30 16:51:18.884,0.81611,0.81667,1.38,1.00
2018.03.30 16:51:19.195,0.81632,0.81672,0.37,1.37
2018.03.30 16:51:19.247,0.81614,0.81672,1.20,1.37
2018.03.30 16:51:19.455,0.81617,0.81672,1.37,1.37
2018.03.30 16:51:19.507,0.81611,0.81672,1.96,1.37
2018.03.30 16:51:19.683,0.81609,0.81669,1.37,1.37
2018.03.30 16:51:19.993,0.81602,0.81663,1.12,1.37
2018.03.30 16:51:20.410,0.81604,0.81663,1.75,1.37
2018.03.30 16:51:20.463,0.81608,0.81663,1.47,1.00
2018.03.30 16:51:20.516,0.81608,0.81663,2.71,1.00
2018.03.30 16:51:20.568,0.81611,0.81668,2.04,1.87
2018.03.30 16:51:20.621,0.81615,0.81668,1.31,1.37
2018.03.30 16:51:20.931,0.81644,0.81675,0.37,1.00
2018.03.30 16:51:21.035,0.81621,0.8168,2.76,1.37
2018.03.30 16:51:21.281,0.81615,0.81671,1.37,1.37
2018.03.30 16:51:21.541,0.816,0.81662,1.12,1.37
2018.03.30 16:51:21.857,0.81603,0.81661,1.37,1.50
2018.03.30 16:51:22.116,0.81598,0.81659,1.75,1.37
2018.03.30 16:51:22.168,0.81598,0.81658,1.87,1.37
2018.03.30 16:51:22.221,0.81599,0.8166,1.12,1.50
2018.03.30 16:51:22.273,0.81622,0.81659,0.37,1.12
2018.03.30 16:51:22.584,0.81634,0.81669,0.37,1.12
2018.03.30 16:51:22.928,0.81614,0.81671,1.95,1.12
2018.03.30 16:51:23.083,0.81612,0.81671,2.59,1.37
2018.03.30 16:51:23.188,0.81612,0.81669,1.37,1.37
2018.03.30 16:51:23.240,0.81608,0.81667,1.50,1.37
2018.03.30 16:51:23.345,0.81608,0.81667,1.37,1.37
2018.03.30 16:51:23.449,0.81608,0.81666,1.37,1.37
2018.03.30 16:51:23.552,0.81603,0.81663,1.12,1.37
2018.03.30 16:51:23.707,0.81599,0.81661,1.75,1.37
2018.03.30 16:51:24.121,0.81599,0.81661,1.75,1.37
2018.03.30 16:51:24.174,0.81602,0.81661,1.12,1.37
2018.03.30 16:51:24.337,0.81603,0.81663,2.01,1.87
2018.03.30 16:51:24.389,0.81623,0.81662,0.37,1.12
2018.03.30 16:51:24.705,0.81613,0.8167,2.70,1.00
2018.03.30 16:51:24.914,0.81612,0.81669,1.50,1.37
2018.03.30 16:51:24.966,0.81607,0.81669,1.75,1.37
2018.03.30 16:51:25.069,0.81607,0.81669,1.75,1.37
2018.03.30 16:51:25.122,0.81607,0.81667,1.50,1.37
2018.03.30 16:51:25.435,0.81607,0.81664,1.37,1.37
2018.03.30 16:51:25.487,0.81607,0.81663,1.37,1.37
2018.03.30 16:51:25.591,0.81599,0.81661,1.75,1.37
2018.03.30 16:51:25.701,0.81599,0.8166,1.37,1.37
2018.03.30 16:51:25.753,0.81599,0.81659,1.37,1.37
2018.03.30 16:51:25.805,0.81599,0.81659,1.37,1.37
2018.03.30 16:51:26.116,0.81605,0.81663,2.03,1.00
2018.03.30 16:51:26.479,0.81628,0.81663,0.37,1.00
2018.03.30 16:51:26.583,0.81626,0.81663,0.37,1.00
2018.03.30 16:51:26.636,0.81599,0.81663,1.87,1.87
2018.03.30 16:51:26.739,0.81599,0.81663,2.25,1.87
2018.03.30 16:51:26.946,0.81599,0.81662,1.75,1.37
2018.03.30 16:51:26.998,0.81599,0.81658,1.87,1.37
2018.03.30 16:51:27.051,0.81599,0.81658,1.37,1.37
2018.03.30 16:51:27.103,0.81599,0.81658,1.37,1.37
2018.03.30 16:51:27.208,0.81599,0.81658,1.75,1.37
2018.03.30 16:51:27.552,0.81599,0.81659,1.75,1.12
2018.03.30 16:51:27.604,0.81599,0.81659,1.75,1.37
2018.03.30 16:51:27.759,0.81604,0.81665,2.17,1.37
2018.03.30 16:51:27.861,0.81604,0.81665,2.85,1.37
2018.03.30 16:51:28.014,0.81631,0.81668,0.37,1.12
2018.03.30 16:51:28.168,0.8163,0.81668,0.37,2.25
2018.03.30 16:51:28.219,0.81611,0.81668,2.07,1.12
2018.03.30 16:51:28.271,0.81616,0.81668,1.42,1.12
2018.03.30 16:51:28.533,0.81612,0.81668,1.90,1.00
2018.03.30 16:51:28.586,0.81635,0.81668,0.37,1.00
2018.03.30 16:51:28.639,0.81611,0.81668,1.37,1.37
2018.03.30 16:51:28.809,0.81608,0.81668,1.12,1.37
2018.03.30 16:51:29.117,0.81605,0.81668,1.12,1.37
2018.03.30 16:51:29.426,0.81601,0.81662,1.12,1.37
2018.03.30 16:51:29.759,0.81608,0.81662,1.75,1.00
2018.03.30 16:51:29.811,0.81616,0.81669,1.79,1.37
2018.03.30 16:51:30.069,0.81614,0.81671,2.13,1.00
2018.03.30 16:51:30.380,0.81616,0.81673,1.83,1.00
2018.03.30 16:51:30.526,0.81615,0.81673,1.84,1.87
2018.03.30 16:51:30.786,0.81616,0.81673,1.92,1.37
2018.03.30 16:51:30.838,0.81618,0.81673,1.96,1.00
2018.03.30 16:51:30.890,0.81618,0.81673,1.29,1.00
2018.03.30 16:51:31.149,0.81616,0.81673,1.83,1.37
2018.03.30 16:51:31.201,0.81617,0.81673,2.02,1.12
2018.03.30 16:51:31.305,0.81636,0.81672,0.37,1.37
2018.03.30 16:51:31.461,0.81618,0.81676,2.31,1.50
2018.03.30 16:51:32.074,0.81617,0.81676,1.16,1.50
2018.03.30 16:51:32.125,0.81637,0.81676,0.37,1.12
2018.03.30 16:51:32.228,0.81615,0.81675,1.83,1.37
2018.03.30 16:51:32.535,0.81613,0.81672,1.85,1.37
2018.03.30 16:51:32.842,0.81615,0.81672,2.01,1.37
2018.03.30 16:51:33.047,0.81614,0.81672,1.78,1.12
2018.03.30 16:51:33.440,0.81614,0.81672,1.86,1.37
2018.03.30 16:51:33.543,0.81617,0.81672,1.37,1.50
2018.03.30 16:51:33.647,0.81636,0.81672,0.37,1.37
2018.03.30 16:51:33.699,0.81616,0.81672,1.80,1.12
2018.03.30 16:51:33.854,0.81616,0.81672,1.87,1.37
2018.03.30 16:51:34.113,0.81617,0.81676,2.55,1.37
2018.03.30 16:51:34.165,0.81619,0.81677,2.73,1.50
2018.03.30 16:51:34.424,0.81617,0.81678,2.16,1.87
2018.03.30 16:51:34.529,0.81617,0.81676,1.12,1.37
2018.03.30 16:51:34.581,0.81636,0.81677,0.37,1.37
2018.03.30 16:51:34.685,0.81615,0.81676,2.06,1.37
2018.03.30 16:51:35.022,0.81622,0.81678,1.33,1.12
2018.03.30 16:51:35.593,0.81623,0.81678,1.42,1.00
2018.03.30 16:51:35.697,0.8164,0.81678,0.37,1.00
2018.03.30 16:51:35.749,0.81643,0.81678,0.37,1.00
2018.03.30 16:51:35.853,0.81643,0.81683,0.37,1.37
2018.03.30 16:51:36.009,0.81624,0.81682,1.91,1.75
2018.03.30 16:51:36.358,0.81616,0.81673,1.75,1.37
2018.03.30 16:51:36.719,0.81609,0.81669,1.75,1.37
2018.03.30 16:51:36.822,0.81609,0.81668,1.75,1.37
2018.03.30 16:51:36.926,0.81609,0.81668,1.75,1.37
2018.03.30 16:51:37.030,0.81609,0.81667,1.50,1.37
2018.03.30 16:51:37.082,0.81609,0.81667,1.75,1.37
2018.03.30 16:51:37.392,0.81616,0.81667,1.87,1.12
2018.03.30 16:51:37.704,0.81621,0.81667,1.12,1.00
2018.03.30 16:51:37.826,0.8162,0.81674,1.37,1.37
2018.03.30 16:51:37.931,0.81621,0.81677,1.77,1.00
2018.03.30 16:51:37.985,0.81619,0.81677,1.48,1.00
2018.03.30 16:51:38.091,0.81615,0.81673,1.75,1.37
2018.03.30 16:51:38.143,0.81615,0.81675,2.00,1.12
2018.03.30 16:51:38.196,0.81614,0.81674,1.75,1.37
2018.03.30 16:51:38.455,0.81615,0.81675,1.24,1.37
2018.03.30 16:51:38.610,0.81614,0.81673,1.75,1.37
2018.03.30 16:51:38.662,0.81614,0.81672,1.50,1.37
2018.03.30 16:51:39.078,0.8163,0.81668,0.37,1.37
2018.03.30 16:51:39.131,0.81612,0.81668,1.75,1.12
2018.03.30 16:51:39.184,0.81615,0.81668,1.37,1.00
2018.03.30 16:51:39.354,0.81622,0.81677,1.86,2.25
2018.03.30 16:51:39.568,0.81622,0.81677,1.84,1.37
2018.03.30 16:51:39.886,0.81643,0.81677,0.37,1.00
2018.03.30 16:51:39.939,0.81641,0.81677,0.37,1.50
2018.03.30 16:51:40.042,0.81624,0.81677,1.79,1.00
2018.03.30 16:51:40.094,0.8162,0.81676,1.75,1.37
2018.03.30 16:51:40.147,0.81615,0.81676,1.75,1.37
2018.03.30 16:51:40.407,0.81615,0.81676,1.75,1.37
2018.03.30 16:51:40.460,0.81613,0.81671,1.12,1.00
2018.03.30 16:51:40.565,0.81608,0.81671,1.75,1.87
2018.03.30 16:51:40.690,0.81608,0.8167,1.75,1.37
2018.03.30 16:51:41.102,0.81631,0.8167,0.37,1.37
2018.03.30 16:51:41.155,0.81615,0.81671,1.39,1.12
2018.03.30 16:51:41.258,0.81637,0.81671,0.37,1.12
2018.03.30 16:51:41.465,0.8162,0.81676,1.85,1.50
2018.03.30 16:51:41.570,0.81642,0.81675,0.37,1.12
2018.03.30 16:51:41.624,0.81627,0.81676,1.12,1.37
2018.03.30 16:51:41.728,0.81627,0.8168,1.12,1.50
2018.03.30 16:51:41.780,0.8162,0.81679,1.12,1.00
2018.03.30 16:51:41.883,0.81623,0.81678,1.12,1.37
2018.03.30 16:51:42.245,0.81616,0.81678,1.87,1.37
2018.03.30 16:51:42.297,0.81616,0.81676,1.87,1.37
2018.03.30 16:51:42.611,0.81611,0.81671,1.12,1.37
2018.03.30 16:51:42.923,0.81624,0.81676,1.12,1.00
2018.03.30 16:51:42.976,0.8162,0.81679,2.51,1.50
2018.03.30 16:51:43.028,0.8162,0.81679,2.51,1.50
2018.03.30 16:51:43.183,0.81642,0.8168,0.37,2.62
2018.03.30 16:51:43.236,0.81625,0.8168,2.22,1.50
2018.03.30 16:51:43.339,0.81623,0.8168,1.29,1.87
2018.03.30 16:51:43.392,0.81625,0.8168,1.89,1.12
2018.03.30 16:51:43.495,0.8164,0.81677,0.37,1.00
2018.03.30 16:51:43.548,0.81619,0.81677,1.50,1.37
2018.03.30 16:51:43.600,0.81619,0.81677,1.87,1.37
2018.03.30 16:51:43.704,0.81619,0.81677,1.87,1.37
2018.03.30 16:51:44.055,0.81627,0.81677,1.31,1.37
2018.03.30 16:51:44.159,0.81632,0.81685,1.31,1.50
2018.03.30 16:51:44.265,0.81632,0.81685,1.31,1.12
2018.03.30 16:51:44.579,0.81647,0.81694,1.12,1.50
2018.03.30 16:51:44.893,0.81653,0.81704,1.95,1.00
2018.03.30 16:51:45.753,0.81652,0.81704,1.42,1.00
2018.03.30 16:51:45.858,0.81654,0.81704,1.12,1.37
2018.03.30 16:51:45.912,0.81653,0.81708,1.16,1.75
2018.03.30 16:51:45.966,0.81652,0.81708,1.12,2.44
2018.03.30 16:51:46.122,0.81651,0.81707,2.47,1.87
2018.03.30 16:51:46.228,0.81652,0.81708,2.02,1.87
2018.03.30 16:51:46.281,0.8165,0.81708,2.00,1.94
2018.03.30 16:51:46.333,0.8165,0.81707,1.94,1.87
2018.03.30 16:51:46.749,0.8165,0.81705,1.75,1.12
2018.03.30 16:51:47.457,0.81646,0.81702,1.37,1.37
2018.03.30 16:51:47.612,0.81646,0.81702,1.37,1.75
2018.03.30 16:51:47.715,0.81646,0.81702,1.37,1.87
2018.03.30 16:51:48.688,0.81646,0.81701,1.50,1.12
2018.03.30 16:51:48.845,0.81641,0.81697,1.94,1.37
2018.03.30 16:51:48.949,0.81643,0.81691,1.12,1.12
2018.03.30 16:51:49.054,0.81641,0.81688,1.75,1.00
2018.03.30 16:51:49.106,0.81641,0.81691,1.37,1.12
2018.03.30 16:51:49.419,0.81641,0.81687,1.94,1.37
2018.03.30 16:51:49.971,0.81641,0.81689,1.94,1.12
2018.03.30 16:51:50.180,0.81637,0.81685,2.00,1.37
2018.03.30 16:51:50.233,0.81637,0.81685,1.50,1.12
2018.03.30 16:51:50.645,0.81637,0.81683,1.94,2.00
2018.03.30 16:51:50.697,0.81637,0.81684,1.56,1.12
2018.03.30 16:51:50.925,0.81637,0.81682,1.56,1.00
2018.03.30 16:51:51.235,0.81631,0.81677,1.94,1.12
2018.03.30 16:51:51.287,0.81631,0.81676,1.31,1.37
2018.03.30 16:51:51.442,0.81631,0.81675,1.31,1.12
2018.03.30 16:51:51.803,0.8163,0.81675,1.31,1.12
2018.03.30 16:51:52.061,0.8163,0.81673,1.31,1.12
2018.03.30 16:51:52.562,0.81628,0.81673,1.75,1.12
2018.03.30 16:51:52.862,0.81628,0.81673,1.75,1.12
2018.03.30 16:51:52.914,0.81628,0.81672,1.50,1.00
2018.03.30 16:51:53.276,0.81628,0.81672,1.94,1.31
2018.03.30 16:51:53.817,0.81628,0.81672,1.94,1.12
2018.03.30 16:51:54.333,0.81628,0.81673,1.94,1.31
2018.03.30 16:51:54.880,0.81628,0.81673,1.94,1.31
2018.03.30 16:51:55.240,0.81628,0.81672,1.94,1.12
2018.03.30 16:51:55.777,0.81628,0.8167,1.31,1.00
2018.03.30 16:51:57.701,0.81628,0.81672,1.31,1.12
2018.03.30 16:52:00.241,0.81631,0.81672,1.31,1.31
2018.03.30 16:52:00.788,0.8163,0.81672,1.31,1.94
2018.03.30 16:52:02.040,0.81629,0.81672,1.31,2.44
2018.03.30 16:52:02.683,0.81629,0.8167,1.31,1.69
2018.03.30 16:52:02.992,0.81629,0.81669,1.94,1.69
2018.03.30 16:52:03.044,0.81628,0.8167,1.31,1.69
2018.03.30 16:52:03.096,0.8163,0.81672,1.31,1.56
2018.03.30 16:52:03.200,0.81632,0.81672,1.56,1.12
2018.03.30 16:52:03.355,0.81634,0.81676,1.31,1.56
2018.03.30 16:52:03.407,0.81632,0.81676,1.31,1.50
2018.03.30 16:52:03.919,0.8163,0.81675,1.87,1.12
2018.03.30 16:52:04.228,0.8163,0.81674,1.75,1.12
2018.03.30 16:52:04.743,0.81631,0.81675,1.31,2.81
2018.03.30 16:52:05.205,0.81631,0.81673,1.37,1.87
2018.03.30 16:52:05.746,0.81627,0.81673,1.94,2.06
2018.03.30 16:52:06.263,0.8163,0.81672,1.12,1.12
2018.03.30 16:52:06.315,0.81629,0.81672,1.12,1.87
2018.03.30 16:52:06.419,0.81629,0.81673,1.31,1.37
2018.03.30 16:52:06.966,0.81629,0.81673,1.31,1.50
2018.03.30 16:52:07.506,0.81627,0.81674,1.94,1.50
2018.03.30 16:52:08.021,0.81627,0.81673,1.75,1.87
2018.03.30 16:52:08.550,0.81627,0.81673,1.31,1.87
2018.03.30 16:52:09.069,0.81629,0.81672,1.31,1.69
2018.03.30 16:52:09.122,0.81627,0.81671,1.94,2.81
2018.03.30 16:52:09.464,0.8163,0.8167,1.31,1.50
2018.03.30 16:52:09.569,0.81629,0.81669,1.31,1.69
2018.03.30 16:52:10.103,0.81629,0.81668,1.31,1.69
2018.03.30 16:52:11.390,0.81627,0.81666,1.31,1.62
2018.03.30 16:52:11.493,0.81627,0.81669,1.31,2.06
2018.03.30 16:52:11.545,0.81627,0.8167,1.31,1.94
2018.03.30 16:52:11.596,0.81629,0.81668,1.31,1.69
2018.03.30 16:52:11.648,0.81628,0.81668,1.31,1.56
2018.03.30 16:52:12.108,0.81629,0.81669,1.31,1.37
2018.03.30 16:52:12.159,0.81629,0.81669,1.31,1.37
2018.03.30 16:52:12.699,0.81629,0.8167,1.31,1.69
2018.03.30 16:52:15.912,0.81628,0.8167,1.31,1.69
2018.03.30 16:52:20.325,0.81627,0.81669,1.31,1.62
2018.03.30 16:52:23.174,0.81626,0.81669,2.81,1.94
2018.03.30 16:52:23.784,0.81626,0.81668,2.44,1.69
2018.03.30 16:52:24.359,0.81626,0.81667,1.87,2.06
2018.03.30 16:52:25.007,0.81626,0.81667,2.06,2.06
2018.03.30 16:52:30.316,0.81626,0.81666,1.62,1.69
2018.03.30 16:52:30.872,0.81626,0.81667,1.62,1.94
2018.03.30 16:52:35.701,0.81626,0.81667,1.62,1.94
2018.03.30 16:52:37.211,0.81626,0.81667,1.62,1.94
2018.03.30 16:52:37.520,0.81626,0.81665,1.94,1.94
2018.03.30 16:52:41.154,0.81626,0.81666,1.94,1.94
2018.03.30 16:52:41.563,0.81626,0.81665,1.94,1.94
2018.03.30 16:52:42.024,0.81628,0.81667,1.37,2.44
2018.03.30 16:52:42.533,0.81625,0.81666,2.44,1.94
2018.03.30 16:52:43.047,0.81626,0.81666,1.94,2.06
2018.03.30 16:52:44.135,0.81628,0.81666,1.56,1.94
2018.03.30 16:52:45.324,0.81629,0.81666,1.31,1.50
2018.03.30 16:52:46.976,0.81629,0.81666,1.31,1.69
2018.03.30 16:52:47.515,0.81629,0.81666,1.31,1.94
2018.03.30 16:52:50.187,0.81627,0.81666,1.94,1.94
2018.03.30 16:52:50.536,0.81628,0.81667,1.31,1.69
2018.03.30 16:52:51.343,0.81627,0.81668,1.31,2.81
2018.03.30 16:52:51.844,0.81627,0.81668,1.31,2.44
2018.03.30 16:52:53.426,0.81627,0.81668,1.50,2.44
2018.03.30 16:52:55.483,0.81627,0.81667,1.69,1.69
2018.03.30 16:52:55.586,0.81625,0.81667,2.44,1.69
2018.03.30 16:52:55.896,0.81623,0.81651,2.44,1.56
2018.03.30 16:52:55.950,0.81626,0.81647,1.00,1.56
2018.03.30 16:52:56.003,0.81623,0.81645,1.00,1.56
2018.03.30 16:52:56.055,0.8162,0.81643,1.12,1.56
2018.03.30 16:52:56.107,0.81617,0.81641,1.75,1.56
2018.03.30 16:52:56.211,0.81608,0.81642,1.87,1.94
2018.03.30 16:52:56.376,0.81608,0.81642,1.37,2.25
2018.03.30 16:52:57.208,0.81606,0.81642,1.12,2.62
2018.03.30 16:52:57.739,0.81608,0.81645,1.31,1.50
2018.03.30 16:52:57.792,0.81611,0.81646,1.31,2.25
2018.03.30 16:52:57.934,0.81617,0.81651,1.37,1.37
2018.03.30 16:52:57.989,0.81617,0.81653,1.37,1.37
2018.03.30 16:52:58.042,0.81617,0.81653,1.37,1.00
2018.03.30 16:52:58.197,0.81617,0.81655,1.37,1.00
2018.03.30 16:52:58.506,0.81617,0.81655,1.37,1.00
2018.03.30 16:52:58.610,0.81617,0.81656,1.37,1.00
2018.03.30 16:52:59.124,0.81617,0.81657,1.37,1.00
2018.03.30 16:53:02.065,0.81617,0.81657,1.37,1.37
2018.03.30 16:53:02.609,0.81614,0.81656,1.75,1.00
2018.03.30 16:53:03.136,0.81614,0.81656,1.75,1.00
2018.03.30 16:53:03.757,0.81617,0.8166,1.50,1.75
2018.03.30 16:53:04.383,0.81617,0.8166,1.37,1.37
2018.03.30 16:53:07.509,0.81617,0.8166,1.50,1.37
2018.03.30 16:53:08.390,0.81617,0.8166,1.50,1.37
2018.03.30 16:53:09.672,0.81617,0.8166,1.50,1.37
2018.03.30 16:53:10.209,0.81617,0.8166,1.37,1.37
2018.03.30 16:53:10.731,0.8162,0.81663,1.37,2.25
2018.03.30 16:53:14.800,0.8162,0.81663,1.37,1.87
2018.03.30 16:53:17.541,0.8162,0.81663,1.50,1.69
2018.03.30 16:53:17.594,0.8162,0.81663,1.37,1.37
2018.03.30 16:53:17.647,0.8162,0.81663,1.37,1.37
2018.03.30 16:53:17.804,0.8162,0.81663,1.37,1.37
2018.03.30 16:53:17.859,0.8162,0.81663,1.37,1.37
2018.03.30 16:53:18.117,0.8162,0.81663,1.50,1.37
2018.03.30 16:53:18.169,0.8162,0.81663,1.50,1.37
2018.03.30 16:53:18.222,0.8162,0.81663,1.50,1.37
2018.03.30 16:53:18.274,0.8162,0.81663,1.50,1.37
2018.03.30 16:53:18.813,0.8162,0.81663,1.50,1.37
2018.03.30 16:53:20.541,0.8162,0.81663,1.50,1.37
2018.03.30 16:53:23.652,0.8162,0.81663,1.50,1.37
2018.03.30 16:53:27.564,0.81622,0.81665,1.37,1.37
2018.03.30 16:53:27.668,0.81622,0.81665,1.37,1.37
2018.03.30 16:53:27.720,0.81622,0.81665,1.37,1.37
2018.03.30 16:53:28.029,0.81622,0.81665,1.37,1.37
2018.03.30 16:53:28.370,0.81622,0.81665,1.37,1.50
2018.03.30 16:53:31.694,0.81622,0.81665,1.37,1.87
2018.03.30 16:53:32.302,0.81622,0.81664,1.37,1.37
2018.03.30 16:53:32.852,0.81622,0.81664,1.37,1.12
2018.03.30 16:53:39.554,0.81621,0.81663,1.37,1.31
2018.03.30 16:53:39.606,0.81618,0.81661,1.37,1.31
2018.03.30 16:53:39.763,0.81606,0.81649,1.50,2.06
2018.03.30 16:53:39.816,0.81606,0.81649,1.37,1.87
2018.03.30 16:53:40.126,0.8161,0.81653,1.37,1.75
2018.03.30 16:53:40.667,0.8161,0.81653,1.37,1.75
2018.03.30 16:53:41.180,0.8161,0.81654,1.37,2.62
2018.03.30 16:53:41.540,0.81613,0.81654,1.12,1.87
2018.03.30 16:53:41.593,0.81613,0.81659,1.37,1.75
2018.03.30 16:53:41.646,0.81613,0.81659,1.37,1.75
2018.03.30 16:53:41.955,0.81621,0.8166,1.00,1.75
2018.03.30 16:53:42.533,0.81621,0.81662,1.00,1.75
2018.03.30 16:53:42.842,0.81617,0.8166,1.00,1.75
2018.03.30 16:53:43.049,0.81617,0.81658,1.00,1.75
2018.03.30 16:53:43.153,0.81617,0.81658,1.00,1.75
2018.03.30 16:53:43.256,0.81617,0.81658,1.00,1.75
2018.03.30 16:53:43.360,0.81617,0.81661,1.12,1.56
2018.03.30 16:53:43.515,0.81617,0.81659,1.12,1.94
2018.03.30 16:53:43.826,0.81617,0.81657,1.00,1.94
2018.03.30 16:53:44.050,0.81612,0.81654,1.50,1.94
2018.03.30 16:53:44.104,0.81612,0.81654,1.50,1.94
2018.03.30 16:53:44.632,0.81612,0.81654,1.50,1.94
2018.03.30 16:53:44.842,0.81612,0.81655,1.50,1.94
2018.03.30 16:53:45.514,0.81612,0.81656,1.50,1.94
2018.03.30 16:53:46.702,0.81612,0.81656,1.50,1.94
2018.03.30 16:53:49.203,0.81612,0.81653,1.50,2.00
2018.03.30 16:53:49.756,0.81612,0.81653,1.50,1.75
2018.03.30 16:53:50.189,0.81612,0.81651,1.50,2.00
2018.03.30 16:53:50.933,0.81612,0.81651,1.12,1.75
2018.03.30 16:53:53.042,0.81612,0.81651,1.00,1.75
2018.03.30 16:53:53.095,0.81612,0.81651,1.12,1.75
2018.03.30 16:53:53.620,0.81612,0.81652,1.12,2.00
2018.03.30 16:53:54.100,0.81612,0.81651,1.00,1.75
2018.03.30 16:53:54.622,0.81612,0.8165,1.00,1.75
2018.03.30 16:53:55.164,0.81612,0.8165,1.00,1.75
2018.03.30 16:53:55.836,0.81613,0.81651,1.00,1.75
2018.03.30 16:53:56.076,0.81613,0.81651,1.00,1.75
2018.03.30 16:53:56.828,0.81613,0.81651,1.00,1.94
2018.03.30 16:54:00.529,0.81613,0.81651,1.00,1.94
2018.03.30 16:54:01.010,0.81613,0.81651,1.37,1.75
2018.03.30 16:54:01.501,0.81617,0.81653,1.00,1.75
2018.03.30 16:54:01.997,0.81617,0.81656,1.00,2.06
2018.03.30 16:54:02.494,0.81617,0.81653,1.00,1.75
2018.03.30 16:54:02.655,0.81613,0.81653,1.37,2.00
2018.03.30 16:54:03.199,0.81613,0.81652,1.37,1.75
2018.03.30 16:54:03.412,0.81613,0.81652,1.00,1.75
2018.03.30 16:54:03.772,0.81613,0.81653,1.37,1.75
2018.03.30 16:54:04.081,0.81617,0.81655,1.00,1.75
2018.03.30 16:54:04.673,0.81617,0.81655,1.00,1.75
2018.03.30 16:54:06.335,0.81617,0.81655,1.00,1.75
2018.03.30 16:54:08.302,0.81617,0.81653,1.00,1.94
2018.03.30 16:54:08.458,0.81617,0.81654,1.00,1.37
2018.03.30 16:54:08.510,0.81617,0.81656,1.00,1.75
2018.03.30 16:54:08.563,0.81617,0.81658,1.00,3.00
2018.03.30 16:54:08.925,0.81617,0.81658,1.00,1.75
2018.03.30 16:54:09.236,0.81617,0.81656,1.00,1.75
2018.03.30 16:54:09.767,0.81617,0.81656,1.00,1.75
2018.03.30 16:54:10.184,0.81617,0.81657,1.12,1.37
2018.03.30 16:54:10.518,0.81617,0.81659,1.37,2.00
2018.03.30 16:54:10.826,0.81617,0.81659,1.00,1.75
2018.03.30 16:54:11.065,0.81617,0.81661,1.37,1.75
2018.03.30 16:54:11.167,0.81624,0.81666,1.00,1.75
2018.03.30 16:54:11.218,0.81624,0.81667,1.12,1.75
2018.03.30 16:54:11.473,0.81629,0.8167,1.00,1.12
2018.03.30 16:54:11.524,0.81629,0.81672,1.12,1.12
2018.03.30 16:54:11.627,0.81636,0.81677,1.00,1.75
2018.03.30 16:54:11.729,0.81636,0.81679,1.00,1.75
2018.03.30 16:54:12.259,0.81636,0.81679,1.00,1.75
2018.03.30 16:54:12.363,0.81636,0.81678,1.00,1.75
2018.03.30 16:54:12.876,0.81636,0.81677,1.00,1.75
2018.03.30 16:54:13.154,0.81633,0.81675,1.37,1.75
2018.03.30 16:54:13.309,0.81633,0.81676,1.00,2.00
2018.03.30 16:54:13.568,0.81627,0.81672,1.75,2.25
2018.03.30 16:54:13.879,0.8162,0.81663,1.37,1.37
2018.03.30 16:54:14.299,0.81616,0.8166,1.75,1.37
2018.03.30 16:54:14.563,0.81616,0.81658,1.37,1.12
2018.03.30 16:54:14.616,0.81611,0.81656,1.12,1.00
2018.03.30 16:54:14.721,0.81611,0.81656,1.12,1.37
2018.03.30 16:54:14.827,0.8161,0.81656,1.37,1.87
2018.03.30 16:54:14.880,0.8161,0.81654,1.37,1.12
2018.03.30 16:54:15.089,0.8161,0.81653,1.37,1.37
2018.03.30 16:54:15.141,0.81603,0.81651,1.75,1.37
2018.03.30 16:54:15.516,0.81603,0.8165,1.75,1.00
2018.03.30 16:54:15.618,0.81603,0.8165,1.75,1.00
2018.03.30 16:54:15.669,0.81603,0.8165,1.75,1.00
2018.03.30 16:54:15.772,0.81606,0.81649,1.12,1.12
2018.03.30 16:54:15.823,0.81603,0.81649,1.87,1.00
2018.03.30 16:54:16.438,0.81603,0.8165,1.75,1.12
2018.03.30 16:54:16.960,0.81603,0.81649,1.75,1.12
2018.03.30 16:54:19.700,0.81603,0.81649,1.75,1.37
2018.03.30 16:54:21.048,0.81603,0.8165,1.75,1.37
2018.03.30 16:54:21.562,0.81603,0.8165,1.75,1.37
2018.03.30 16:54:22.071,0.816,0.81648,1.94,1.37
2018.03.30 16:54:22.701,0.816,0.81648,1.94,1.37
2018.03.30 16:54:25.700,0.816,0.81648,2.00,1.37
2018.03.30 16:54:26.305,0.81601,0.81648,1.12,1.37
2018.03.30 16:54:28.484,0.81601,0.81648,1.12,1.37
2018.03.30 16:54:33.502,0.81605,0.81653,2.00,1.37
2018.03.30 16:54:34.126,0.81605,0.81653,2.00,1.37
2018.03.30 16:54:34.670,0.81605,0.81653,1.75,1.37
2018.03.30 16:54:35.185,0.81609,0.81657,1.37,2.00
2018.03.30 16:54:38.270,0.81609,0.81657,1.50,1.75
2018.03.30 16:54:38.791,0.81609,0.81657,1.50,1.75
2018.03.30 16:54:39.306,0.81609,0.81657,1.87,1.69
2018.03.30 16:54:41.088,0.81609,0.81657,1.87,1.50
2018.03.30 16:54:41.142,0.81609,0.81657,1.50,1.50
2018.03.30 16:54:41.196,0.81609,0.81657,1.50,1.75
2018.03.30 16:54:41.306,0.81609,0.81657,1.50,1.75
2018.03.30 16:54:41.514,0.81609,0.81657,1.50,1.75
2018.03.30 16:54:41.567,0.81609,0.81657,1.50,1.75
2018.03.30 16:54:42.033,0.81609,0.81657,1.50,1.75
2018.03.30 16:54:42.889,0.81609,0.81657,1.37,1.87
2018.03.30 16:54:43.204,0.81609,0.81657,1.37,2.06
2018.03.30 16:54:46.869,0.81607,0.81654,1.37,1.12
2018.03.30 16:54:47.075,0.81604,0.81651,1.37,1.75
2018.03.30 16:54:47.126,0.81604,0.81651,1.37,1.94
2018.03.30 16:54:47.229,0.81604,0.81651,1.37,1.75
2018.03.30 16:54:47.559,0.81604,0.81651,1.37,1.75
2018.03.30 16:54:48.081,0.81604,0.81651,1.37,1.75
2018.03.30 16:54:49.152,0.81604,0.81651,1.37,1.75
2018.03.30 16:54:49.360,0.81604,0.81651,1.75,1.75
2018.03.30 16:54:49.987,0.81604,0.81651,1.75,1.75
2018.03.30 16:54:50.531,0.81604,0.81651,1.75,1.75
2018.03.30 16:54:51.081,0.81608,0.81655,1.37,1.75
2018.03.30 16:54:51.593,0.81608,0.81655,1.37,1.75
2018.03.30 16:54:52.113,0.81608,0.81655,1.50,1.75
2018.03.30 16:54:52.639,0.81608,0.81655,1.50,1.75
2018.03.30 16:54:54.456,0.81612,0.81658,1.00,1.56
2018.03.30 16:54:57.166,0.81612,0.81658,1.12,2.44
2018.03.30 16:54:57.323,0.81612,0.81658,1.37,1.94
2018.03.30 16:54:57.376,0.81612,0.81658,1.37,1.37
2018.03.30 16:54:57.557,0.81616,0.81662,1.00,1.12
2018.03.30 16:54:58.082,0.81616,0.81663,1.37,1.75
2018.03.30 16:54:58.340,0.81616,0.81663,1.37,1.75
2018.03.30 16:54:58.658,0.81616,0.81663,1.37,1.75
2018.03.30 16:54:58.810,0.81616,0.81663,1.37,1.50
2018.03.30 16:54:58.963,0.81616,0.81665,1.37,1.75
2018.03.30 16:54:59.513,0.81616,0.81665,1.37,2.00
2018.03.30 16:54:59.772,0.81616,0.81665,1.50,1.75
2018.03.30 16:55:00.284,0.81616,0.81665,1.50,1.75
2018.03.30 16:55:00.791,0.81616,0.81665,1.50,1.75
2018.03.30 16:55:02.992,0.81616,0.81665,1.50,1.75
2018.03.30 16:55:03.303,0.81616,0.81665,1.12,1.75
2018.03.30 16:55:03.355,0.81616,0.81665,1.50,1.50
2018.03.30 16:55:03.459,0.81616,0.81665,1.50,1.37
2018.03.30 16:55:03.511,0.81616,0.81665,1.50,1.75
2018.03.30 16:55:03.564,0.8162,0.81669,1.37,1.12
2018.03.30 16:55:03.617,0.8162,0.81669,1.12,1.12
2018.03.30 16:55:03.721,0.8162,0.81669,1.37,1.12
2018.03.30 16:55:04.222,0.8162,0.81669,1.37,1.12
2018.03.30 16:55:04.828,0.8162,0.81669,1.37,1.12
2018.03.30 16:55:05.186,0.8162,0.8167,1.37,1.75
2018.03.30 16:55:05.457,0.81615,0.81665,1.75,1.37
2018.03.30 16:55:05.509,0.81615,0.81665,1.75,1.37
2018.03.30 16:55:05.562,0.81615,0.81665,1.75,1.37
2018.03.30 16:55:05.615,0.81615,0.81665,1.75,1.75
2018.03.30 16:55:05.667,0.81615,0.81665,1.75,1.37
2018.03.30 16:55:05.720,0.81622,0.8167,1.37,1.12
2018.03.30 16:55:05.774,0.81622,0.81673,1.37,1.75
2018.03.30 16:55:05.826,0.81622,0.81673,1.37,1.75
2018.03.30 16:55:06.135,0.81622,0.81673,1.37,1.75
2018.03.30 16:55:06.187,0.81622,0.81673,1.12,1.75
2018.03.30 16:55:06.345,0.81622,0.81672,1.00,1.12
2018.03.30 16:55:06.448,0.81622,0.81673,1.00,2.25
2018.03.30 16:55:06.960,0.81622,0.81672,1.00,2.39
2018.03.30 16:55:07.093,0.81615,0.81666,1.37,1.75
2018.03.30 16:55:07.146,0.81615,0.81666,1.37,1.75
2018.03.30 16:55:07.198,0.81615,0.81666,1.12,2.00
2018.03.30 16:55:07.713,0.81615,0.81666,1.37,1.75
2018.03.30 16:55:08.023,0.81612,0.81663,1.37,2.25
2018.03.30 16:55:08.127,0.81612,0.81663,1.00,1.75
2018.03.30 16:55:08.180,0.81612,0.81663,1.12,1.75
2018.03.30 16:55:08.232,0.81612,0.81663,1.12,1.75
2018.03.30 16:55:08.335,0.81612,0.81663,1.37,1.75
2018.03.30 16:55:08.467,0.8161,0.81659,1.00,1.94
2018.03.30 16:55:08.520,0.81608,0.81659,1.75,1.37
2018.03.30 16:55:08.834,0.81614,0.81666,1.37,1.75
2018.03.30 16:55:09.147,0.81614,0.81666,1.50,1.75
2018.03.30 16:55:09.303,0.81614,0.81666,1.50,2.06
2018.03.30 16:55:09.355,0.81614,0.81666,1.12,2.44
2018.03.30 16:55:09.511,0.81614,0.81665,1.37,1.12
2018.03.30 16:55:09.816,0.81614,0.81665,1.37,1.12
2018.03.30 16:55:10.357,0.81614,0.81665,1.37,1.75
2018.03.30 16:55:11.048,0.81614,0.81665,1.37,2.00
2018.03.30 16:55:11.368,0.81614,0.81665,1.37,2.06
2018.03.30 16:55:11.880,0.81614,0.81665,1.37,2.06
2018.03.30 16:55:12.617,0.81614,0.81665,1.37,1.94
2018.03.30 16:55:14.290,0.81614,0.81665,1.37,2.06
2018.03.30 16:55:16.700,0.81614,0.81665,1.37,1.62
2018.03.30 16:55:18.232,0.81617,0.81668,1.12,2.06
2018.03.30 16:55:18.541,0.81617,0.81667,1.37,2.23
2018.03.30 16:55:18.663,0.81617,0.81667,1.12,1.97
2018.03.30 16:55:18.715,0.81617,0.81668,1.12,2.44
2018.03.30 16:55:18.768,0.81617,0.81667,1.37,2.25
2018.03.30 16:55:19.028,0.81617,0.81668,1.50,1.75
2018.03.30 16:55:19.132,0.81617,0.81668,1.50,1.75
2018.03.30 16:55:19.662,0.81617,0.81668,1.50,1.75
2018.03.30 16:55:19.989,0.81617,0.81668,1.50,1.75
2018.03.30 16:55:20.451,0.81617,0.81668,1.50,1.75
2018.03.30 16:55:20.962,0.81617,0.81668,1.50,1.75
2018.03.30 16:55:23.257,0.81617,0.81667,1.50,1.31
2018.03.30 16:55:25.220,0.81617,0.81666,1.50,1.31
2018.03.30 16:55:27.782,0.81617,0.81666,1.50,1.31
2018.03.30 16:55:27.944,0.81617,0.81664,1.00,2.06
2018.03.30 16:55:28.152,0.81614,0.81662,1.37,2.06
2018.03.30 16:55:28.688,0.81614,0.8166,1.37,1.31
2018.03.30 16:55:28.793,0.81614,0.81662,1.37,1.31
2018.03.30 16:55:29.260,0.81614,0.81661,1.37,2.00
2018.03.30 16:55:29.798,0.81613,0.8166,1.37,1.12
2018.03.30 16:55:30.689,0.81613,0.81659,1.37,1.31
2018.03.30 16:55:30.793,0.81613,0.81661,1.87,1.56
2018.03.30 16:55:31.017,0.81619,0.81667,1.37,1.94
2018.03.30 16:55:31.177,0.81619,0.81667,1.75,1.75
2018.03.30 16:55:31.434,0.8162,0.81667,1.12,1.37
2018.03.30 16:55:31.744,0.81623,0.81667,1.00,1.75
2018.03.30 16:55:32.055,0.81614,0.81662,1.75,1.94
2018.03.30 16:55:32.518,0.81614,0.81662,1.75,1.37
2018.03.30 16:55:32.622,0.81621,0.81669,1.50,1.75
2018.03.30 16:55:32.675,0.81621,0.81669,1.75,1.75
2018.03.30 16:55:32.993,0.81621,0.81669,1.37,1.56
2018.03.30 16:55:33.046,0.81621,0.81669,1.37,1.50
2018.03.30 16:55:33.098,0.81621,0.81669,1.37,1.37
2018.03.30 16:55:33.407,0.81621,0.81669,1.37,1.75
2018.03.30 16:55:33.512,0.81615,0.81662,1.50,1.37
2018.03.30 16:55:33.565,0.81615,0.81662,1.50,1.75
2018.03.30 16:55:33.872,0.81615,0.81662,1.12,1.75
2018.03.30 16:55:34.189,0.81615,0.81662,1.75,1.37
2018.03.30 16:55:34.347,0.81622,0.8167,1.37,1.50
2018.03.30 16:55:34.866,0.81628,0.81676,1.37,2.06
2018.03.30 16:55:36.272,0.81625,0.81673,1.37,1.62
2018.03.30 16:55:36.583,0.81625,0.81673,1.75,1.37
2018.03.30 16:55:36.636,0.81625,0.81673,1.37,1.37
2018.03.30 16:55:36.688,0.81625,0.81673,1.75,1.37
2018.03.30 16:55:36.806,0.81629,0.81677,1.75,1.50
2018.03.30 16:55:36.858,0.81629,0.81677,1.75,1.50
2018.03.30 16:55:36.909,0.81629,0.81677,1.37,1.50
2018.03.30 16:55:37.013,0.81629,0.81677,1.37,1.50
2018.03.30 16:55:37.065,0.81633,0.81681,1.00,2.81
2018.03.30 16:55:37.220,0.81623,0.81671,1.75,1.37
2018.03.30 16:55:37.272,0.81623,0.81671,1.37,1.75
2018.03.30 16:55:37.583,0.81616,0.81664,1.37,1.69
2018.03.30 16:55:37.688,0.81616,0.8166,1.00,1.87
2018.03.30 16:55:37.793,0.81609,0.81656,1.12,1.37
2018.03.30 16:55:38.052,0.81608,0.81656,1.75,1.37
2018.03.30 16:55:38.157,0.81608,0.81656,1.87,1.37
2018.03.30 16:55:38.232,0.81608,0.81656,1.87,1.37
2018.03.30 16:55:38.285,0.81608,0.81656,1.87,1.00
2018.03.30 16:55:38.494,0.81614,0.81663,1.37,1.00
2018.03.30 16:55:38.547,0.81615,0.81663,1.12,1.00
2018.03.30 16:55:38.651,0.81623,0.81672,1.75,1.50
2018.03.30 16:55:38.756,0.81623,0.81672,1.75,1.37
2018.03.30 16:55:38.861,0.8163,0.81679,1.37,1.75
2018.03.30 16:55:39.017,0.8163,0.81679,1.75,1.37
2018.03.30 16:55:39.122,0.81635,0.81684,1.75,1.37
2018.03.30 16:55:39.176,0.81635,0.81685,1.12,1.37
2018.03.30 16:55:39.331,0.81635,0.81685,1.00,1.50
2018.03.30 16:55:39.668,0.81635,0.81685,1.00,1.75
2018.03.30 16:55:39.720,0.81631,0.81675,1.00,1.37
2018.03.30 16:55:39.824,0.81617,0.81659,1.12,1.12
2018.03.30 16:55:39.876,0.81614,0.81659,1.12,1.00
2018.03.30 16:55:39.980,0.81608,0.81658,1.12,1.00
2018.03.30 16:55:40.033,0.81612,0.81658,1.12,1.00
2018.03.30 16:55:40.086,0.81607,0.81658,1.87,1.87
2018.03.30 16:55:40.400,0.81617,0.8166,1.12,1.37
2018.03.30 16:55:40.757,0.8162,0.81665,2.81,1.37
2018.03.30 16:55:40.810,0.81621,0.81667,1.42,1.00
2018.03.30 16:55:41.023,0.81622,0.81667,1.12,1.00
2018.03.30 16:55:41.648,0.81623,0.81667,1.12,1.00
2018.03.30 16:55:41.857,0.81623,0.81667,1.12,1.00
2018.03.30 16:55:41.910,0.81623,0.81667,1.12,1.00
2018.03.30 16:55:42.015,0.81617,0.81667,1.75,1.00
2018.03.30 16:55:42.143,0.81617,0.81663,1.12,1.00
2018.03.30 16:55:42.206,0.81611,0.81663,1.75,1.37
2018.03.30 16:55:42.258,0.81611,0.81663,1.75,1.37
2018.03.30 16:55:42.310,0.81611,0.81662,1.75,1.37
2018.03.30 16:55:42.362,0.81611,0.81661,1.75,1.37
2018.03.30 16:55:42.415,0.81606,0.81656,1.12,1.00
2018.03.30 16:55:42.468,0.81606,0.81656,1.12,1.37
2018.03.30 16:55:42.520,0.81606,0.81656,1.12,1.87
2018.03.30 16:55:42.726,0.81606,0.81656,1.37,1.87
2018.03.30 16:55:42.829,0.81603,0.81656,1.75,1.87
2018.03.30 16:55:42.880,0.81603,0.81651,1.75,1.37
2018.03.30 16:55:43.187,0.81608,0.81656,1.12,1.00
2018.03.30 16:55:43.535,0.81614,0.81661,1.12,2.25
2018.03.30 16:55:43.587,0.81614,0.81661,1.12,1.87
2018.03.30 16:55:44.763,0.81612,0.81661,1.12,1.37
2018.03.30 16:55:44.970,0.81615,0.81663,1.12,1.00
2018.03.30 16:55:45.022,0.81613,0.81664,1.75,1.75
2018.03.30 16:55:45.183,0.81618,0.81664,1.12,1.12
2018.03.30 16:55:45.341,0.81617,0.81664,1.37,1.00
2018.03.30 16:55:45.394,0.81619,0.81664,1.12,1.00
2018.03.30 16:55:45.498,0.81623,0.81671,2.44,1.00
2018.03.30 16:55:45.550,0.8162,0.81671,1.87,1.37
2018.03.30 16:55:45.602,0.8162,0.81671,1.37,1.37
2018.03.30 16:55:45.758,0.81611,0.8166,2.25,1.37
2018.03.30 16:55:46.068,0.81606,0.81657,1.87,1.37
2018.03.30 16:55:46.120,0.81606,0.81657,1.50,1.37
2018.03.30 16:55:46.476,0.816,0.8165,1.87,1.37
2018.03.30 16:55:46.531,0.81602,0.8165,1.12,1.50
2018.03.30 16:55:46.852,0.81611,0.81654,1.12,1.12
2018.03.30 16:55:47.008,0.81607,0.81654,1.12,1.50
2018.03.30 16:55:47.113,0.8161,0.81659,1.12,1.50
2018.03.30 16:55:47.165,0.81609,0.81659,1.75,1.50
2018.03.30 16:55:47.423,0.81606,0.81655,1.75,1.37
2018.03.30 16:55:47.475,0.81606,0.81655,1.75,1.37
2018.03.30 16:55:47.630,0.81601,0.81649,1.12,1.37
2018.03.30 16:55:48.075,0.81605,0.81653,1.75,1.87
2018.03.30 16:55:48.230,0.81605,0.81653,1.37,1.37
2018.03.30 16:55:48.436,0.81609,0.81657,1.37,1.94
2018.03.30 16:55:48.747,0.81616,0.81664,1.75,1.69
2018.03.30 16:55:49.058,0.81616,0.81664,1.75,1.56
2018.03.30 16:55:49.198,0.81616,0.81664,1.37,1.37
2018.03.30 16:55:49.352,0.81616,0.81664,1.12,1.37
2018.03.30 16:55:50.021,0.81614,0.81659,1.00,1.37
2018.03.30 16:55:50.334,0.8162,0.81667,1.37,1.94
2018.03.30 16:55:50.645,0.8162,0.81667,1.50,1.62
2018.03.30 16:55:50.986,0.8162,0.81667,1.87,1.37
2018.03.30 16:55:51.090,0.8162,0.81667,1.50,1.37
2018.03.30 16:55:51.505,0.81625,0.8167,1.75,1.37
2018.03.30 16:55:51.661,0.81625,0.8167,1.75,1.12
2018.03.30 16:55:51.714,0.81625,0.8167,1.75,1.37
2018.03.30 16:55:51.818,0.81631,0.81677,1.37,2.06
2018.03.30 16:55:52.179,0.81631,0.81677,1.37,1.87
2018.03.30 16:55:52.389,0.81631,0.81677,1.75,1.37
2018.03.30 16:55:52.543,0.81632,0.81677,1.37,2.06
2018.03.30 16:55:52.594,0.81631,0.81677,1.87,2.06
2018.03.30 16:55:52.800,0.81631,0.81677,1.87,2.06
2018.03.30 16:55:52.851,0.81631,0.81677,1.75,2.06
2018.03.30 16:55:52.902,0.81631,0.81677,1.75,2.06
2018.03.30 16:55:52.953,0.81631,0.81677,1.75,2.06
2018.03.30 16:55:53.005,0.81635,0.81679,1.37,1.56
2018.03.30 16:55:53.107,0.81635,0.81679,1.37,1.56
2018.03.30 16:55:53.415,0.81635,0.81677,1.75,1.37
2018.03.30 16:55:53.520,0.81635,0.81677,1.37,1.37
2018.03.30 16:55:53.625,0.81635,0.81677,1.50,1.37
2018.03.30 16:55:53.900,0.81627,0.81672,1.75,1.37
2018.03.30 16:55:53.954,0.81626,0.81664,1.12,1.00
2018.03.30 16:55:54.006,0.81623,0.81664,1.12,1.00
2018.03.30 16:55:54.058,0.81616,0.81662,3.37,1.00
2018.03.30 16:55:54.163,0.81616,0.81662,1.75,1.37
2018.03.30 16:55:54.222,0.81611,0.81656,1.12,1.37
2018.03.30 16:55:54.328,0.8161,0.81656,1.75,1.50
2018.03.30 16:55:54.381,0.8161,0.81656,1.37,1.50
2018.03.30 16:55:54.541,0.81603,0.81649,1.37,1.37
2018.03.30 16:55:54.645,0.81603,0.81649,1.37,1.37
2018.03.30 16:55:55.085,0.81603,0.81649,1.56,1.37
2018.03.30 16:55:55.139,0.81603,0.81649,1.75,1.37
2018.03.30 16:55:55.192,0.81603,0.81649,1.75,1.37
2018.03.30 16:55:55.244,0.81603,0.81649,1.37,1.50
2018.03.30 16:55:55.296,0.81603,0.81649,1.37,1.37
2018.03.30 16:55:55.453,0.816,0.81646,1.31,1.37
2018.03.30 16:55:55.609,0.81598,0.81646,1.87,1.37
2018.03.30 16:55:55.662,0.81598,0.81646,1.94,1.37
2018.03.30 16:55:55.715,0.816,0.81646,1.12,1.37
2018.03.30 16:55:55.767,0.81598,0.81646,1.75,1.37
2018.03.30 16:55:56.024,0.81599,0.81646,1.31,1.37
2018.03.30 16:55:56.228,0.81598,0.81646,1.69,1.37
2018.03.30 16:55:56.650,0.81598,0.81646,1.50,1.37
2018.03.30 16:55:56.701,0.81598,0.81646,1.69,1.37
2018.03.30 16:55:56.804,0.81604,0.81649,1.37,1.37
2018.03.30 16:55:56.909,0.81604,0.81647,1.37,1.50
2018.03.30 16:55:57.014,0.81596,0.81643,1.37,1.37
2018.03.30 16:55:57.322,0.81596,0.81643,1.94,1.37
2018.03.30 16:55:58.025,0.81596,0.81643,3.19,1.37
2018.03.30 16:55:58.349,0.81595,0.8164,1.31,1.37
2018.03.30 16:55:58.865,0.81594,0.8164,1.31,1.37
2018.03.30 16:55:59.170,0.81596,0.8164,1.31,1.37
2018.03.30 16:55:59.733,0.81597,0.8164,1.12,1.37
2018.03.30 16:56:00.830,0.81597,0.81642,1.69,1.37
2018.03.30 16:56:01.187,0.81602,0.81647,1.62,1.75
2018.03.30 16:56:01.341,0.81602,0.81647,1.75,1.75
2018.03.30 16:56:01.864,0.81602,0.81647,1.75,1.50
2018.03.30 16:56:02.601,0.8161,0.81652,1.00,1.75
2018.03.30 16:56:02.653,0.8161,0.81654,1.37,2.62
2018.03.30 16:56:02.704,0.8161,0.81655,1.37,1.75
2018.03.30 16:56:03.213,0.8161,0.81655,1.37,1.75
2018.03.30 16:56:04.389,0.81615,0.8166,1.75,1.56
2018.03.30 16:56:04.442,0.81618,0.81663,1.37,2.06
2018.03.30 16:56:04.755,0.81623,0.81663,1.12,1.37
2018.03.30 16:56:05.304,0.81624,0.81666,1.75,1.75
2018.03.30 16:56:05.410,0.81624,0.81669,1.75,1.56
2018.03.30 16:56:05.462,0.81629,0.81673,1.50,2.06
2018.03.30 16:56:05.514,0.81629,0.81673,1.87,2.06
2018.03.30 16:56:05.566,0.81629,0.81673,2.25,2.06
2018.03.30 16:56:05.619,0.81632,0.81674,1.12,1.37
2018.03.30 16:56:05.929,0.8164,0.81684,1.37,1.69
2018.03.30 16:56:06.341,0.8164,0.81683,1.37,1.56
2018.03.30 16:56:06.396,0.8164,0.81683,1.37,1.56
2018.03.30 16:56:06.762,0.8164,0.81683,1.37,1.94
2018.03.30 16:56:06.814,0.8164,0.81683,1.37,1.94
2018.03.30 16:56:06.868,0.8164,0.81683,1.37,1.56
2018.03.30 16:56:06.920,0.8164,0.81683,1.37,1.94
2018.03.30 16:56:07.261,0.8164,0.81683,1.37,1.56
2018.03.30 16:56:07.313,0.8164,0.81683,1.37,1.56
2018.03.30 16:56:07.520,0.81638,0.8168,1.37,1.62
2018.03.30 16:56:07.572,0.81636,0.8168,1.87,1.37
2018.03.30 16:56:07.625,0.81636,0.8168,1.37,1.37
2018.03.30 16:56:07.781,0.81636,0.8168,1.37,1.37
2018.03.30 16:56:07.833,0.81636,0.8168,1.37,1.37
2018.03.30 16:56:07.885,0.81636,0.8168,1.37,1.56
2018.03.30 16:56:07.938,0.81631,0.81675,1.37,1.37
2018.03.30 16:56:07.990,0.81631,0.81668,1.37,1.37
2018.03.30 16:56:08.325,0.81618,0.81664,1.87,1.00
2018.03.30 16:56:08.481,0.81618,0.81664,1.37,1.12
2018.03.30 16:56:08.688,0.81618,0.81664,1.87,1.00
2018.03.30 16:56:08.845,0.81615,0.81661,1.37,1.00
2018.03.30 16:56:08.898,0.81615,0.81661,1.50,1.37
2018.03.30 16:56:09.002,0.81615,0.81661,1.75,1.12
2018.03.30 16:56:09.055,0.8161,0.81655,1.12,1.00
2018.03.30 16:56:09.416,0.8161,0.81655,2.20,1.00
2018.03.30 16:56:09.468,0.81612,0.81655,1.85,1.00
2018.03.30 16:56:09.521,0.81608,0.81655,1.75,1.37
2018.03.30 16:56:09.592,0.81608,0.81655,1.94,1.37
2018.03.30 16:56:09.957,0.81608,0.81655,1.37,1.37
2018.03.30 16:56:10.010,0.81608,0.81655,1.37,1.37
2018.03.30 16:56:10.062,0.81608,0.81655,1.37,1.50
2018.03.30 16:56:10.218,0.81609,0.81658,1.37,2.25
2018.03.30 16:56:10.322,0.81609,0.81658,1.37,2.25
2018.03.30 16:56:10.838,0.81602,0.81652,1.50,1.50
2018.03.30 16:56:11.113,0.81602,0.81652,1.37,1.37
2018.03.30 16:56:11.166,0.81602,0.81651,1.37,1.75
2018.03.30 16:56:11.481,0.81602,0.81651,1.37,1.75
2018.03.30 16:56:12.036,0.81595,0.81646,1.69,1.50
2018.03.30 16:56:12.088,0.81595,0.81646,1.50,1.75
2018.03.30 16:56:12.192,0.81595,0.81646,1.50,1.37
2018.03.30 16:56:12.347,0.81595,0.81646,1.50,1.37
2018.03.30 16:56:12.450,0.81595,0.81646,1.56,1.37
2018.03.30 16:56:12.502,0.81595,0.81646,1.56,2.25
2018.03.30 16:56:12.554,0.81595,0.81646,1.56,2.25
2018.03.30 16:56:12.606,0.81595,0.81646,1.56,2.25
2018.03.30 16:56:12.658,0.81595,0.81646,1.56,1.87
2018.03.30 16:56:12.992,0.81608,0.81652,1.00,1.12
2018.03.30 16:56:13.155,0.81608,0.81657,1.37,1.75
2018.03.30 16:56:13.208,0.81608,0.81657,1.00,1.75
2018.03.30 16:56:13.517,0.81614,0.81659,1.00,1.75
2018.03.30 16:56:13.570,0.81614,0.81661,1.37,1.75
2018.03.30 16:56:13.622,0.81614,0.81661,1.00,3.12
2018.03.30 16:56:13.726,0.81606,0.81659,1.75,1.75
2018.03.30 16:56:13.829,0.81606,0.81658,1.75,1.75
2018.03.30 16:56:13.985,0.81606,0.81658,1.50,2.25
2018.03.30 16:56:14.037,0.81614,0.81658,1.00,1.75
2018.03.30 16:56:14.715,0.81614,0.8166,1.00,3.00
2018.03.30 16:56:14.923,0.81614,0.81661,1.00,1.75
2018.03.30 16:56:14.976,0.81614,0.81661,1.00,1.75
2018.03.30 16:56:15.132,0.81614,0.81661,1.00,1.75
2018.03.30 16:56:15.184,0.81614,0.81662,1.00,2.25
2018.03.30 16:56:15.545,0.8161,0.81661,1.37,1.75
2018.03.30 16:56:15.597,0.8161,0.81661,1.00,1.37
2018.03.30 16:56:15.701,0.8161,0.8166,1.37,1.75
2018.03.30 16:56:16.002,0.8161,0.81661,1.37,1.75
2018.03.30 16:56:16.054,0.8161,0.81661,1.00,1.75
2018.03.30 16:56:16.106,0.8161,0.81661,1.37,1.75
2018.03.30 16:56:16.211,0.8161,0.81659,1.12,1.75
2018.03.30 16:56:16.263,0.8161,0.81658,1.37,1.75
2018.03.30 16:56:16.316,0.8161,0.81658,1.00,1.75
2018.03.30 16:56:16.369,0.8161,0.81659,1.37,1.75
2018.03.30 16:56:16.677,0.8161,0.8166,1.37,1.75
2018.03.30 16:56:16.834,0.8161,0.81658,1.00,1.75
2018.03.30 16:56:16.886,0.8161,0.81659,1.00,3.00
2018.03.30 16:56:17.041,0.81614,0.81661,1.00,1.75
2018.03.30 16:56:17.503,0.81614,0.8166,1.00,1.75
2018.03.30 16:56:17.867,0.81614,0.81661,1.00,2.25
2018.03.30 16:56:18.023,0.81614,0.81661,1.00,2.25
2018.03.30 16:56:18.076,0.81608,0.81661,1.50,2.25
2018.03.30 16:56:18.128,0.81608,0.81661,1.75,2.25
2018.03.30 16:56:18.232,0.81608,0.81661,1.75,2.25
2018.03.30 16:56:18.387,0.81608,0.81661,1.37,2.25
2018.03.30 16:56:18.491,0.81608,0.81661,1.75,2.25
2018.03.30 16:56:18.595,0.81608,0.81661,1.50,1.75
2018.03.30 16:56:18.700,0.81608,0.81661,1.75,1.75
2018.03.30 16:56:19.039,0.81616,0.81661,1.00,1.75
2018.03.30 16:56:20.078,0.81616,0.81661,1.00,2.25
2018.03.30 16:56:20.233,0.8161,0.81661,1.12,1.75
2018.03.30 16:56:20.285,0.8161,0.81661,1.37,1.75
2018.03.30 16:56:20.828,0.8161,0.81661,1.37,1.75
2018.03.30 16:56:21.485,0.8161,0.8166,1.37,2.81
2018.03.30 16:56:22.018,0.81608,0.8166,1.75,2.06
2018.03.30 16:56:22.329,0.81608,0.81659,1.50,4.15
2018.03.30 16:56:23.652,0.81605,0.81653,1.37,1.38
2018.03.30 16:56:23.908,0.81596,0.81645,1.62,1.75
2018.03.30 16:56:24.064,0.81596,0.81645,1.62,1.87
2018.03.30 16:56:24.169,0.81596,0.81646,1.56,3.00
2018.03.30 16:56:24.583,0.81596,0.81648,1.56,2.25
2018.03.30 16:56:24.689,0.81596,0.81648,1.62,1.75
2018.03.30 16:56:24.794,0.81603,0.81655,1.37,1.75
2018.03.30 16:56:24.899,0.81603,0.81655,1.37,1.94
2018.03.30 16:56:24.953,0.81603,0.81654,1.37,1.75
2018.03.30 16:56:25.006,0.81611,0.81651,1.00,1.50
2018.03.30 16:56:25.163,0.81603,0.81649,1.00,1.37
2018.03.30 16:56:25.398,0.81603,0.81649,1.00,3.19
2018.03.30 16:56:25.602,0.81597,0.81648,1.50,3.94
2018.03.30 16:56:25.907,0.81597,0.81646,1.37,2.25
2018.03.30 16:56:26.009,0.81597,0.81646,1.37,1.87
2018.03.30 16:56:26.699,0.81601,0.81646,1.62,3.00
2018.03.30 16:56:27.044,0.81601,0.81647,1.62,1.75
2018.03.30 16:56:27.807,0.81601,0.81647,1.62,1.75
2018.03.30 16:56:27.859,0.81606,0.81651,1.37,3.56
2018.03.30 16:56:28.172,0.81609,0.81656,1.12,1.56
2018.03.30 16:56:28.430,0.81613,0.81656,1.37,1.75
2018.03.30 16:56:28.483,0.81613,0.81656,1.37,1.37
2018.03.30 16:56:28.651,0.81613,0.81664,1.75,1.37
2018.03.30 16:56:28.704,0.81621,0.81665,1.00,1.94
2018.03.30 16:56:29.219,0.81621,0.81663,1.00,1.75
2018.03.30 16:56:29.745,0.81621,0.81663,1.37,1.75
2018.03.30 16:56:30.813,0.81619,0.81664,1.37,1.19
2018.03.30 16:56:30.864,0.81619,0.81667,1.75,1.37
2018.03.30 16:56:30.915,0.81619,0.81667,1.37,1.62
2018.03.30 16:56:31.222,0.81628,0.81673,1.50,1.50
2018.03.30 16:56:31.528,0.81634,0.81669,1.37,1.37
2018.03.30 16:56:31.580,0.81634,0.81669,1.37,1.37
2018.03.30 16:56:32.644,0.81629,0.81678,1.50,1.56
2018.03.30 16:56:32.696,0.81632,0.81678,1.37,1.56
2018.03.30 16:56:32.747,0.81632,0.81678,1.12,1.62
2018.03.30 16:56:33.105,0.8164,0.81685,1.37,1.94
2018.03.30 16:56:33.156,0.8164,0.81685,1.37,1.56
2018.03.30 16:56:33.310,0.8164,0.81685,1.37,1.69
2018.03.30 16:56:33.747,0.8164,0.81685,1.37,1.94
2018.03.30 16:56:33.799,0.8164,0.81684,1.37,1.94
2018.03.30 16:56:34.108,0.8164,0.81683,1.37,1.94
2018.03.30 16:56:35.227,0.8164,0.81683,1.37,1.94
2018.03.30 16:56:35.967,0.8164,0.81683,1.37,1.94
2018.03.30 16:56:36.122,0.81638,0.81683,1.37,1.94
2018.03.30 16:56:36.175,0.81638,0.81683,1.37,1.56
2018.03.30 16:56:36.228,0.81638,0.81684,1.37,1.69
2018.03.30 16:56:36.332,0.81638,0.81683,1.50,2.00
2018.03.30 16:56:36.436,0.81638,0.81684,1.37,1.37
2018.03.30 16:56:36.489,0.81638,0.81685,1.37,1.87
2018.03.30 16:56:36.696,0.81638,0.81683,1.37,1.37
2018.03.30 16:56:36.748,0.81638,0.81684,1.50,1.75
2018.03.30 16:56:36.954,0.81638,0.81684,1.37,1.94
2018.03.30 16:56:37.006,0.81638,0.81684,1.50,1.94
2018.03.30 16:56:37.318,0.81638,0.81684,1.37,1.94
2018.03.30 16:56:37.473,0.81638,0.81684,1.37,1.94
2018.03.30 16:56:37.628,0.81638,0.81684,1.37,1.69
2018.03.30 16:56:37.681,0.81638,0.81684,1.37,1.69
2018.03.30 16:56:37.887,0.81638,0.81684,1.37,1.56
2018.03.30 16:56:38.096,0.81638,0.81685,1.12,2.06
2018.03.30 16:56:38.149,0.81636,0.81682,1.50,1.37
2018.03.30 16:56:38.252,0.81636,0.81682,1.12,1.50
2018.03.30 16:56:38.304,0.81636,0.81682,1.12,1.37
2018.03.30 16:56:38.513,0.8164,0.81685,1.37,1.69
2018.03.30 16:56:38.617,0.8164,0.81686,1.37,2.44
2018.03.30 16:56:38.773,0.8164,0.81684,1.12,1.56
2018.03.30 16:56:38.826,0.8164,0.81686,1.37,1.62
2018.03.30 16:56:38.897,0.8164,0.81686,1.00,1.37
2018.03.30 16:56:38.949,0.8164,0.81686,1.37,1.37
2018.03.30 16:56:39.001,0.8164,0.81686,1.37,1.37
2018.03.30 16:56:39.054,0.81647,0.8169,1.12,1.56
2018.03.30 16:56:39.364,0.81647,0.81691,1.00,1.37
2018.03.30 16:56:39.468,0.81647,0.81691,1.12,1.37
2018.03.30 16:56:39.520,0.81647,0.8169,1.00,1.56
2018.03.30 16:56:39.728,0.8164,0.81686,1.37,1.37
2018.03.30 16:56:39.936,0.8164,0.81686,1.37,1.37
2018.03.30 16:56:40.093,0.81637,0.81661,1.12,0.37
2018.03.30 16:56:40.197,0.81626,0.81672,1.87,1.75
2018.03.30 16:56:40.334,0.81626,0.81672,1.87,1.75
2018.03.30 16:56:40.697,0.81625,0.81671,1.00,1.94
2018.03.30 16:56:40.802,0.81619,0.81667,1.00,1.75
2018.03.30 16:56:40.855,0.81619,0.81667,1.00,1.75
2018.03.30 16:56:41.168,0.81619,0.81666,1.00,2.06
2018.03.30 16:56:41.220,0.81619,0.81666,1.00,1.87
2018.03.30 16:56:41.375,0.81612,0.81661,1.75,1.37
2018.03.30 16:56:41.427,0.81612,0.81661,1.75,1.37
2018.03.30 16:56:41.583,0.81613,0.81661,1.37,1.75
2018.03.30 16:56:41.635,0.81612,0.81661,1.37,1.75
2018.03.30 16:56:41.687,0.81612,0.81661,1.00,1.75
2018.03.30 16:56:41.739,0.81612,0.81661,1.00,1.75
2018.03.30 16:56:41.929,0.81605,0.81654,1.87,1.37
2018.03.30 16:56:41.982,0.81608,0.81654,1.00,1.75
2018.03.30 16:56:42.141,0.81605,0.81654,1.50,1.37
2018.03.30 16:56:42.245,0.81605,0.81654,1.37,1.87
2018.03.30 16:56:42.296,0.81605,0.81654,1.37,1.37
2018.03.30 16:56:42.449,0.81605,0.81654,1.37,1.75
2018.03.30 16:56:42.501,0.81605,0.81654,1.37,2.25
2018.03.30 16:56:42.555,0.81605,0.81654,1.37,1.50
2018.03.30 16:56:42.659,0.81605,0.81654,1.75,2.25
2018.03.30 16:56:42.712,0.81605,0.81654,1.37,2.25
2018.03.30 16:56:42.764,0.81605,0.81652,1.37,1.37
2018.03.30 16:56:42.868,0.81605,0.81652,1.50,1.50
2018.03.30 16:56:42.971,0.81605,0.81652,1.37,1.50
2018.03.30 16:56:43.074,0.81605,0.81652,1.12,1.50
2018.03.30 16:56:43.178,0.816,0.8165,1.37,1.50
2018.03.30 16:56:43.323,0.816,0.8165,1.37,1.37
2018.03.30 16:56:43.376,0.816,0.8165,1.37,1.87
2018.03.30 16:56:43.686,0.816,0.8165,1.37,1.87
2018.03.30 16:56:43.841,0.816,0.81649,1.00,1.75
2018.03.30 16:56:43.893,0.816,0.81649,1.12,1.37
2018.03.30 16:56:44.151,0.81593,0.81644,2.06,1.75
2018.03.30 16:56:44.257,0.81593,0.81644,1.69,1.37
2018.03.30 16:56:44.412,0.81593,0.81644,1.69,1.75
2018.03.30 16:56:44.517,0.81593,0.81644,1.56,2.62
2018.03.30 16:56:44.620,0.81593,0.81644,1.56,2.62
2018.03.30 16:56:44.713,0.81593,0.81644,1.56,2.25
2018.03.30 16:56:44.923,0.81601,0.81648,1.37,1.50
2018.03.30 16:56:44.976,0.81601,0.81648,1.62,1.69
2018.03.30 16:56:45.287,0.81593,0.81643,1.94,1.75
2018.03.30 16:56:45.802,0.81593,0.81643,1.94,1.50
2018.03.30 16:56:46.176,0.81595,0.81643,1.31,1.50
2018.03.30 16:56:46.280,0.81593,0.81643,1.94,1.50
2018.03.30 16:56:46.782,0.81596,0.81644,1.94,1.75
2018.03.30 16:56:48.199,0.81596,0.81644,1.94,1.75
2018.03.30 16:56:48.251,0.81596,0.81644,1.94,1.75
2018.03.30 16:56:53.678,0.81596,0.81644,1.94,1.75
2018.03.30 16:56:54.311,0.81602,0.81645,1.37,1.12
2018.03.30 16:56:54.464,0.81609,0.81649,1.00,1.75
2018.03.30 16:56:55.044,0.81609,0.81649,1.12,1.12
2018.03.30 16:56:56.651,0.81609,0.81648,1.12,1.12
2018.03.30 16:56:56.703,0.81606,0.81649,1.00,1.87
2018.03.30 16:56:57.291,0.81606,0.8165,1.37,2.25
2018.03.30 16:56:58.188,0.81606,0.81649,1.12,1.75
2018.03.30 16:56:59.509,0.81606,0.81649,1.37,1.75
2018.03.30 16:57:00.753,0.81606,0.81648,1.37,1.31
2018.03.30 16:57:00.856,0.81606,0.81648,1.37,1.31
2018.03.30 16:57:00.909,0.81606,0.81649,1.37,1.94
2018.03.30 16:57:00.963,0.81606,0.81648,1.37,1.56
2018.03.30 16:57:01.403,0.81606,0.81649,1.69,1.12
2018.03.30 16:57:01.556,0.81609,0.8165,1.37,2.25
2018.03.30 16:57:02.080,0.81609,0.81651,1.37,2.25
2018.03.30 16:57:02.590,0.81609,0.81653,1.37,1.37
2018.03.30 16:57:02.642,0.81614,0.81654,1.00,1.75
2018.03.30 16:57:02.957,0.81614,0.81654,1.00,1.75
2018.03.30 16:57:03.009,0.81614,0.81657,1.00,1.87
2018.03.30 16:57:03.177,0.81614,0.81655,1.00,1.12
2018.03.30 16:57:04.332,0.8161,0.81655,1.00,1.87
2018.03.30 16:57:04.640,0.8161,0.81655,1.00,1.75
2018.03.30 16:57:05.113,0.81618,0.81656,1.00,1.12
2018.03.30 16:57:05.268,0.81626,0.81663,1.00,1.31
2018.03.30 16:57:05.321,0.81629,0.81673,1.37,2.00
2018.03.30 16:57:05.372,0.81629,0.81673,1.37,1.62
2018.03.30 16:57:05.476,0.81641,0.81675,1.00,2.25
2018.03.30 16:57:06.314,0.81647,0.81679,1.00,2.62
2018.03.30 16:57:06.367,0.81647,0.81681,1.12,1.37
2018.03.30 16:57:06.473,0.81647,0.81686,1.00,1.12
2018.03.30 16:57:06.847,0.81642,0.81686,1.00,1.12
2018.03.30 16:57:10.127,0.81642,0.81687,1.00,1.12
2018.03.30 16:57:10.343,0.81634,0.8168,1.75,1.50
2018.03.30 16:57:10.395,0.81634,0.81675,1.00,1.37
2018.03.30 16:57:10.448,0.8163,0.81663,1.87,1.37
2018.03.30 16:57:10.501,0.81616,0.81663,1.00,1.75
2018.03.30 16:57:10.609,0.81608,0.81654,1.75,1.37
2018.03.30 16:57:10.713,0.81604,0.81653,1.75,1.75
2018.03.30 16:57:10.971,0.81598,0.81645,1.37,1.37
2018.03.30 16:57:11.555,0.81594,0.8164,1.94,1.37
2018.03.30 16:57:11.607,0.81594,0.8164,1.37,1.37
2018.03.30 16:57:12.154,0.81594,0.8164,1.37,1.87
2018.03.30 16:57:14.884,0.81598,0.81644,1.37,1.87
2018.03.30 16:57:15.412,0.81598,0.81644,1.37,1.87
2018.03.30 16:57:15.733,0.81605,0.81644,1.00,1.37
2018.03.30 16:57:15.785,0.81605,0.81645,1.00,1.12
2018.03.30 16:57:16.301,0.81605,0.81651,1.00,1.75
2018.03.30 16:57:18.428,0.81605,0.81651,1.00,1.75
2018.03.30 16:57:22.173,0.81614,0.81654,1.00,1.12
2018.03.30 16:57:22.225,0.81614,0.8166,1.00,2.19
2018.03.30 16:57:22.278,0.81621,0.8166,1.00,3.37
2018.03.30 16:57:22.588,0.8163,0.81674,1.50,3.00
2018.03.30 16:57:22.896,0.81637,0.81674,1.00,3.00
2018.03.30 16:57:23.620,0.81631,0.81674,1.87,2.62
2018.03.30 16:57:23.878,0.81622,0.81668,2.25,1.37
2018.03.30 16:57:23.982,0.81611,0.81657,1.50,1.50
2018.03.30 16:57:24.034,0.81611,0.81657,1.37,1.75
2018.03.30 16:57:24.086,0.81611,0.81657,1.00,1.87
2018.03.30 16:57:24.636,0.81606,0.81648,1.37,1.37
2018.03.30 16:57:24.689,0.81602,0.81648,2.25,1.37
2018.03.30 16:57:26.210,0.81602,0.81648,1.87,1.37
2018.03.30 16:57:28.178,0.81612,0.81656,1.00,1.80
2018.03.30 16:57:28.884,0.81606,0.8165,1.00,1.75
2018.03.30 16:57:29.383,0.81608,0.81653,1.00,1.75
2018.03.30 16:57:30.392,0.81612,0.81658,1.00,1.87
2018.03.30 16:57:30.854,0.81612,0.81658,1.00,1.75
2018.03.30 16:57:30.907,0.81612,0.81658,1.00,1.75
2018.03.30 16:57:31.838,0.81617,0.81659,1.00,1.35
2018.03.30 16:57:31.891,0.81618,0.81662,1.37,1.62
2018.03.30 16:57:31.943,0.81631,0.81662,1.00,1.37
2018.03.30 16:57:32.254,0.81638,0.81675,1.00,2.25
2018.03.30 16:57:32.661,0.81638,0.81678,1.00,1.50
2018.03.30 16:57:37.261,0.8163,0.81677,1.75,1.50
2018.03.30 16:57:37.365,0.8163,0.81673,1.37,1.37
2018.03.30 16:57:37.468,0.8163,0.81671,1.12,1.75
2018.03.30 16:57:37.859,0.81623,0.81668,1.37,1.50
2018.03.30 16:57:38.382,0.81623,0.81668,1.50,1.37
2018.03.30 16:57:42.755,0.81628,0.81669,1.00,1.37
2018.03.30 16:57:43.064,0.81641,0.81674,1.00,1.37
2018.03.30 16:57:43.690,0.81635,0.81676,1.00,1.37
2018.03.30 16:57:48.361,0.81629,0.81675,1.75,1.37
2018.03.30 16:57:48.413,0.8163,0.81675,1.00,1.37
2018.03.30 16:57:49.691,0.81634,0.81675,1.00,1.37
2018.03.30 16:57:59.115,0.81634,0.81675,1.00,1.37
2018.03.30 16:57:59.296,0.81634,0.81678,1.00,1.37
2018.03.30 16:58:00.320,0.81636,0.81678,1.00,1.37
2018.03.30 16:58:09.762,0.8163,0.81677,1.37,1.37
2018.03.30 16:58:09.814,0.8163,0.81677,1.37,1.37
2018.03.30 16:58:09.866,0.8163,0.81677,1.37,1.37
2018.03.30 16:58:09.918,0.8163,0.81673,1.00,1.37
2018.03.30 16:58:10.021,0.81623,0.81671,1.12,1.37
2018.03.30 16:58:10.126,0.81623,0.81671,1.37,1.37
2018.03.30 16:58:10.236,0.81622,0.81671,1.75,1.37
2018.03.30 16:58:10.289,0.8163,0.81673,1.00,1.37
2018.03.30 16:58:10.343,0.8163,0.81672,1.00,1.37
2018.03.30 16:58:10.656,0.8163,0.81679,1.37,1.75
2018.03.30 16:58:10.708,0.8163,0.81675,1.37,1.37
2018.03.30 16:58:11.175,0.81629,0.81674,1.00,1.87
2018.03.30 16:58:11.331,0.81624,0.81674,1.75,1.37
2018.03.30 16:58:11.873,0.81628,0.81675,1.37,1.37
2018.03.30 16:58:12.530,0.81628,0.81674,1.37,1.37
2018.03.30 16:58:16.749,0.81628,0.81672,1.37,1.50
2018.03.30 16:58:16.913,0.81628,0.8167,1.00,1.37
2018.03.30 16:58:17.235,0.81628,0.81671,1.00,1.37
2018.03.30 16:58:17.766,0.81628,0.8167,1.00,1.37
2018.03.30 16:58:17.922,0.81628,0.81672,1.00,1.37
2018.03.30 16:58:17.975,0.81628,0.81672,1.00,1.37
2018.03.30 16:58:18.325,0.81622,0.81667,1.37,1.37
2018.03.30 16:58:18.487,0.81622,0.81668,1.12,1.50
2018.03.30 16:58:18.540,0.81622,0.81667,1.00,1.37
2018.03.30 16:58:18.853,0.81622,0.81665,1.00,1.37
2018.03.30 16:58:18.957,0.81622,0.81666,1.37,1.37
2018.03.30 16:58:19.009,0.81622,0.81666,1.37,1.37
2018.03.30 16:58:19.061,0.81622,0.81666,1.37,1.37
2018.03.30 16:58:19.164,0.81622,0.81665,1.37,1.37
2018.03.30 16:58:19.473,0.81618,0.81665,1.37,1.37
2018.03.30 16:58:19.955,0.81618,0.81665,1.37,1.37
2018.03.30 16:58:20.266,0.81618,0.81666,1.37,1.37
2018.03.30 16:58:20.321,0.81618,0.81667,1.37,1.37
2018.03.30 16:58:20.375,0.81618,0.81666,1.37,1.37
2018.03.30 16:58:20.429,0.81618,0.81667,1.37,1.37
2018.03.30 16:58:20.481,0.81618,0.81667,1.37,1.37
2018.03.30 16:58:20.808,0.81618,0.81666,1.37,1.37
2018.03.30 16:58:21.013,0.81618,0.81666,1.37,1.37
2018.03.30 16:58:21.116,0.81618,0.81666,1.37,1.50
2018.03.30 16:58:21.426,0.81618,0.81664,1.12,1.50
2018.03.30 16:58:21.939,0.81618,0.81665,1.37,1.75
2018.03.30 16:58:22.445,0.81618,0.81665,1.12,1.75
2018.03.30 16:58:24.700,0.81618,0.81663,1.12,1.75
2018.03.30 16:58:25.059,0.81618,0.81664,1.00,1.37
2018.03.30 16:58:25.111,0.81618,0.81665,1.37,1.37
2018.03.30 16:58:25.423,0.81618,0.81665,1.37,1.37
2018.03.30 16:58:25.476,0.81618,0.81665,1.37,1.37
2018.03.30 16:58:25.528,0.81618,0.81665,1.37,1.37
2018.03.30 16:58:25.631,0.81618,0.81665,1.37,1.37
2018.03.30 16:58:25.735,0.81618,0.81665,1.37,1.37
2018.03.30 16:58:25.889,0.81618,0.81665,1.37,1.37
2018.03.30 16:58:25.992,0.81618,0.81665,1.37,1.37
2018.03.30 16:58:26.044,0.81618,0.81664,1.37,1.37
2018.03.30 16:58:26.569,0.81618,0.81664,1.37,1.37
2018.03.30 16:58:27.090,0.81618,0.81664,1.37,1.37
2018.03.30 16:58:27.408,0.81618,0.81664,1.12,1.37
2018.03.30 16:58:29.651,0.81618,0.81664,1.37,1.37
2018.03.30 16:58:29.978,0.81618,0.8166,1.00,1.37
2018.03.30 16:58:30.498,0.81615,0.81658,1.37,1.37
2018.03.30 16:58:30.848,0.81615,0.81659,1.37,1.37
2018.03.30 16:58:31.400,0.8161,0.81657,1.37,1.37
2018.03.30 16:58:31.736,0.8161,0.81656,1.37,1.37
2018.03.30 16:58:32.552,0.81606,0.81656,1.87,1.37
2018.03.30 16:58:32.791,0.81606,0.81653,1.75,1.37
2018.03.30 16:58:32.946,0.81606,0.81653,1.37,1.37
2018.03.30 16:58:33.165,0.81606,0.81652,1.37,1.37
2018.03.30 16:58:33.267,0.81606,0.81652,1.37,1.37
2018.03.30 16:58:34.373,0.81606,0.81652,1.37,1.37
2018.03.30 16:58:34.875,0.81606,0.81652,1.37,1.37
2018.03.30 16:58:37.695,0.81606,0.81652,1.37,1.37
2018.03.30 16:58:39.086,0.81606,0.81652,1.37,1.37
2018.03.30 16:58:39.735,0.81606,0.81652,1.37,1.37
2018.03.30 16:58:40.240,0.81606,0.81652,1.37,1.37
2018.03.30 16:58:40.818,0.81606,0.81652,1.37,1.37
2018.03.30 16:58:44.103,0.81606,0.81653,1.37,1.37
2018.03.30 16:58:45.192,0.81606,0.81653,1.37,1.37
2018.03.30 16:58:46.586,0.81605,0.81653,1.37,1.37
2018.03.30 16:58:46.828,0.81605,0.81653,1.37,1.37
2018.03.30 16:58:47.085,0.81605,0.81654,1.37,1.37
2018.03.30 16:58:47.395,0.81604,0.81645,1.00,1.37
2018.03.30 16:58:47.544,0.81599,0.81636,1.00,1.75
2018.03.30 16:58:47.648,0.8159,0.81639,2.06,1.37
2018.03.30 16:58:47.752,0.8159,0.8164,2.06,2.07
2018.03.30 16:58:47.856,0.8159,0.81639,1.94,1.57
2018.03.30 16:58:47.908,0.8159,0.81641,1.94,3.07
2018.03.30 16:58:47.960,0.8159,0.81641,1.56,1.37
2018.03.30 16:58:48.064,0.8159,0.81641,1.69,1.37
2018.03.30 16:58:48.486,0.8159,0.81641,1.94,1.37
2018.03.30 16:58:49.488,0.81592,0.81641,1.31,1.37
2018.03.30 16:58:49.592,0.8159,0.81641,2.06,1.37
2018.03.30 16:58:49.799,0.8159,0.81642,1.69,1.87
2018.03.30 16:58:50.009,0.8159,0.81642,2.06,1.37
2018.03.30 16:58:50.164,0.8159,0.81642,2.06,1.37
2018.03.30 16:58:50.528,0.81594,0.81644,1.37,1.69
2018.03.30 16:58:50.736,0.81594,0.81639,1.37,1.50
2018.03.30 16:58:51.261,0.81594,0.8164,1.50,1.50
2018.03.30 16:58:52.773,0.81592,0.81642,1.56,2.00
2018.03.30 16:58:52.980,0.81592,0.81642,1.69,1.75
2018.03.30 16:58:54.089,0.81592,0.81642,1.56,1.75
2018.03.30 16:58:54.362,0.81592,0.81642,1.56,1.75
2018.03.30 16:58:54.864,0.81592,0.81642,1.56,1.75
2018.03.30 16:59:00.137,0.81592,0.81641,1.56,1.75
2018.03.30 16:59:00.241,0.81592,0.81641,1.62,1.69
2018.03.30 16:59:00.397,0.81592,0.8164,1.56,1.75
2018.03.30 16:59:00.710,0.81592,0.81641,1.37,1.75
2018.03.30 16:59:01.596,0.81592,0.8164,1.56,1.75
2018.03.30 16:59:01.855,0.81593,0.81639,1.12,1.75
2018.03.30 16:59:01.959,0.81593,0.81638,1.56,1.75
2018.03.30 16:59:02.011,0.81593,0.81638,1.00,1.75
2018.03.30 16:59:02.348,0.81598,0.81638,1.00,1.94
2018.03.30 16:59:02.658,0.81598,0.81639,1.50,1.87
2018.03.30 16:59:03.207,0.81598,0.81637,1.50,1.12
2018.03.30 16:59:03.912,0.81598,0.81637,1.00,1.12
2018.03.30 16:59:04.422,0.81598,0.81636,1.00,1.12
2018.03.30 16:59:07.638,0.81598,0.81638,1.50,2.06
2018.03.30 16:59:08.146,0.81598,0.81638,1.50,2.00
2018.03.30 16:59:09.670,0.81598,0.81638,1.50,2.06
2018.03.30 16:59:12.312,0.81598,0.81636,1.00,1.87
2018.03.30 16:59:14.117,0.81598,0.81635,1.00,1.12
2018.03.30 16:59:14.169,0.81598,0.81636,1.00,2.25
2018.03.30 16:59:14.648,0.81599,0.81639,1.00,2.00
2018.03.30 16:59:14.806,0.81601,0.8164,1.00,1.12
2018.03.30 16:59:14.910,0.81601,0.81644,1.00,3.26
2018.03.30 16:59:15.322,0.81606,0.81643,1.00,1.87
2018.03.30 16:59:15.374,0.81606,0.81645,1.50,1.75
2018.03.30 16:59:15.552,0.81608,0.81649,1.00,1.12
2018.03.30 16:59:15.863,0.81621,0.81655,1.00,1.31
2018.03.30 16:59:17.012,0.81621,0.81655,1.00,1.31
2018.03.30 16:59:17.768,0.81616,0.81655,1.75,1.31
2018.03.30 16:59:17.821,0.81614,0.81655,1.37,2.06
2018.03.30 16:59:18.446,0.81614,0.81655,1.37,1.94
2018.03.30 16:59:19.577,0.81608,0.8165,1.31,1.37
2018.03.30 16:59:19.629,0.81606,0.81648,1.56,1.37
2018.03.30 16:59:19.732,0.81606,0.81647,1.37,1.37
2018.03.30 16:59:19.836,0.816,0.81644,1.94,1.75
2018.03.30 16:59:19.996,0.816,0.8164,1.37,1.37
2018.03.30 16:59:20.512,0.816,0.81641,1.37,1.12
2018.03.30 16:59:22.200,0.816,0.81645,1.37,2.44
2018.03.30 16:59:22.506,0.81603,0.81645,1.50,1.31
2018.03.30 16:59:22.608,0.81603,0.81647,1.37,1.12
2018.03.30 16:59:23.117,0.81603,0.81646,1.50,1.31
2018.03.30 16:59:23.638,0.81609,0.81649,1.00,1.31
2018.03.30 16:59:24.150,0.81609,0.81649,1.12,1.31
2018.03.30 16:59:24.562,0.81612,0.81649,1.00,1.31
2018.03.30 16:59:25.213,0.81612,0.81649,1.00,1.31
2018.03.30 16:59:25.419,0.81612,0.8165,1.37,1.56
2018.03.30 16:59:25.523,0.81613,0.81656,1.12,2.51
2018.03.30 16:59:25.884,0.81614,0.81657,1.37,1.76
2018.03.30 16:59:26.426,0.81614,0.81657,1.56,1.50
2018.03.30 16:59:26.934,0.81618,0.81659,1.00,2.32
2018.03.30 16:59:27.738,0.81618,0.81659,1.00,2.32
2018.03.30 16:59:31.193,0.81618,0.81659,1.50,1.57
2018.03.30 16:59:39.553,0.81616,0.81658,1.25,1.50
2018.03.30 16:59:40.050,0.81614,0.81658,1.56,1.50
2018.03.30 16:59:40.653,0.81614,0.81658,1.56,1.37
2018.03.30 16:59:41.159,0.81614,0.81658,1.56,1.37
2018.03.30 16:59:42.272,0.81614,0.81658,1.56,1.37
2018.03.30 16:59:43.311,0.81614,0.81658,1.37,1.75
2018.03.30 16:59:43.842,0.8161,0.81654,1.94,1.37
2018.03.30 16:59:44.703,0.81617,0.81657,1.00,1.50
2018.03.30 16:59:45.227,0.81617,0.81659,1.25,2.25
2018.03.30 16:59:45.329,0.81617,0.81659,1.25,2.25
2018.03.30 16:59:48.035,0.81617,0.8166,1.37,2.25
2018.03.30 16:59:48.649,0.81617,0.81658,1.37,1.37
2018.03.30 16:59:49.268,0.81623,0.81658,1.00,1.37
2018.03.30 16:59:49.792,0.81623,0.81662,1.00,2.00
2018.03.30 16:59:51.687,0.81623,0.81662,1.00,2.00
2018.03.30 16:59:52.384,0.81623,0.81662,1.00,1.69
2018.03.30 16:59:52.744,0.81621,0.81661,1.00,2.06
2018.03.30 16:59:52.795,0.81618,0.81661,1.37,1.62
2018.03.30 16:59:52.899,0.81614,0.81655,1.37,1.37
2018.03.30 16:59:53.209,0.81612,0.81655,1.37,1.50
2018.03.30 16:59:53.261,0.81612,0.81655,1.50,1.37
2018.03.30 16:59:53.313,0.81612,0.81655,1.12,1.37
2018.03.30 16:59:53.821,0.81612,0.81655,1.37,1.37
2018.03.30 16:59:54.284,0.81608,0.81652,1.37,1.37
2018.03.30 16:59:54.748,0.81608,0.81652,1.37,1.37
2018.03.30 16:59:55.282,0.81608,0.81652,1.37,1.37
2018.03.30 16:59:55.889,0.81608,0.81652,1.12,1.37
2018.03.30 16:59:56.357,0.81608,0.81652,1.37,1.50
2018.03.30 16:59:56.409,0.81608,0.81652,1.37,1.37
2018.03.30 16:59:56.513,0.81613,0.81654,1.00,1.75
2018.03.30 16:59:56.566,0.81613,0.81655,1.37,1.47
2018.03.30 16:59:56.670,0.81613,0.81658,1.37,2.25
2018.03.30 16:59:56.811,0.81619,0.8166,1.00,1.75
2018.03.30 16:59:57.270,0.81619,0.81661,1.12,1.50
2018.03.30 16:59:58.194,0.81619,0.81663,1.00,1.94
2018.03.30 16:59:58.554,0.81619,0.81664,1.00,3.82
2018.03.30 16:59:58.922,0.81619,0.81663,1.00,1.94
2018.03.30 16:59:59.180,0.81619,0.81662,1.00,2.00
2018.03.30 16:59:59.793,0.81619,0.81661,1.00,1.75
