2009.06.10 23:00:00.050,0.78735,0.7877,4.80,4.00
2009.06.10 23:00:00.620,0.78735,0.7877,4.80,5.40
2009.06.10 23:00:00.730,0.78735,0.78765,4.80,1.20
2009.06.10 23:00:00.780,0.78735,0.78765,8.20,2.60
2009.06.10 23:00:01.200,0.7873,0.7876,1.00,2.80
2009.06.10 23:00:01.250,0.78725,0.7876,9.00,2.80
2009.06.10 23:00:01.360,0.78725,0.7876,9.00,4.00
2009.06.10 23:00:01.420,0.78725,0.7876,7.40,4.00
2009.06.10 23:00:24.414,0.7874,0.78775,1.40,2.60
2009.06.10 23:00:25.044,0.7874,0.78775,1.40,1.20
2009.06.10 23:00:32.622,0.7874,0.78775,1.40,2.60
2009.06.10 23:00:38.491,0.7874,0.78775,1.40,1.20
2009.06.10 23:00:38.971,0.7874,0.78775,1.40,6.00
2009.06.10 23:00:39.311,0.78735,0.78775,4.80,8.80
2009.06.10 23:00:39.601,0.78735,0.7877,1.00,6.60
2009.06.10 23:00:45.909,0.78735,0.7877,1.00,4.00
2009.06.10 23:00:58.556,0.78735,0.78775,15.20,1.20
2009.06.10 23:00:59.476,0.78735,0.78775,23.20,1.20
2009.06.10 23:00:59.946,0.78745,0.7878,4.80,4.00
2009.06.10 23:01:07.394,0.78745,0.7878,9.60,4.00
2009.06.10 23:01:07.504,0.78745,0.7878,10.80,2.80
2009.06.10 23:01:07.684,0.78745,0.78785,10.80,1.20
2009.06.10 23:01:08.384,0.78755,0.78785,1.00,1.20
2009.06.10 23:01:12.023,0.78755,0.78785,1.00,2.60
2009.06.10 23:01:13.132,0.78755,0.78785,1.00,7.40
2009.06.10 23:01:13.362,0.7876,0.7878,1.00,2.60
2009.06.10 23:01:13.652,0.7876,0.7878,1.00,9.40
2009.06.10 23:01:13.882,0.7876,0.7878,1.00,9.80
2009.06.10 23:01:17.121,0.7876,0.7878,1.00,5.40
2009.06.10 23:01:17.181,0.7876,0.7878,1.00,3.80
2009.06.10 23:01:17.292,0.7876,0.7878,1.00,1.20
2009.06.10 23:01:17.591,0.7876,0.7877,1.00,2.40
2009.06.10 23:01:18.092,0.7876,0.7877,1.00,7.20
2009.06.10 23:01:18.391,0.7876,0.78765,1.00,6.00
2009.06.10 23:01:18.741,0.7876,0.78765,1.00,5.60
2009.06.10 23:01:19.601,0.7876,0.78765,1.00,4.00
2009.06.10 23:01:19.711,0.7876,0.78765,1.00,3.20
2009.06.10 23:01:19.831,0.7876,0.7877,1.00,1.20
2009.06.10 23:01:19.941,0.7876,0.78775,1.00,7.00
2009.06.10 23:01:20.231,0.7876,0.78775,1.60,3.80
2009.06.10 23:01:20.351,0.7876,0.7878,1.60,6.00
2009.06.10 23:01:20.641,0.7876,0.7878,1.60,3.00
2009.06.10 23:01:20.821,0.7876,0.7878,1.60,1.40
2009.06.10 23:01:20.981,0.7876,0.78785,1.60,2.60
2009.06.10 23:01:26.010,0.7876,0.7878,1.00,1.40
2009.06.10 23:01:27.219,0.7876,0.7878,1.60,1.40
2009.06.10 23:01:27.449,0.7876,0.78785,1.60,1.40
2009.06.10 23:01:36.687,0.7876,0.78785,1.60,6.20
2009.06.10 23:01:36.747,0.7876,0.78785,1.00,7.40
2009.06.10 23:01:37.107,0.7876,0.7878,1.00,2.60
2009.06.10 23:01:39.206,0.7876,0.7878,1.60,2.60
2009.06.10 23:01:39.496,0.7876,0.78785,1.60,4.20
2009.06.10 23:01:39.836,0.7876,0.78785,1.60,2.60
2009.06.10 23:02:30.254,0.7876,0.7878,1.60,2.80
2009.06.10 23:02:30.434,0.7876,0.78785,1.60,3.00
2009.06.10 23:02:30.604,0.7876,0.7878,1.60,4.00
2009.06.10 23:02:34.753,0.7876,0.7878,1.00,4.00
2009.06.10 23:03:18.252,0.7876,0.78775,1.00,1.20
2009.06.10 23:03:26.510,0.7876,0.78785,1.00,7.40
2009.06.10 23:03:30.199,0.78735,0.78785,9.00,7.40
2009.06.10 23:03:31.069,0.7875,0.78785,1.00,7.40
2009.06.10 23:03:36.568,0.7875,0.78785,1.00,6.00
2009.06.10 23:03:44.106,0.7875,0.7878,1.00,5.00
2009.06.10 23:03:44.286,0.7875,0.7878,1.00,8.20
2009.06.10 23:03:47.536,0.78755,0.7878,1.20,8.20
2009.06.10 23:03:51.705,0.78755,0.78775,1.20,1.40
2009.06.10 23:04:37.733,0.7875,0.78775,1.00,1.40
2009.06.10 23:04:44.862,0.7875,0.78775,1.00,2.60
2009.06.10 23:04:51.680,0.7875,0.78775,1.00,1.20
2009.06.10 23:05:03.397,0.7875,0.78775,1.00,1.20
2009.06.10 23:05:03.517,0.7875,0.78775,2.60,1.20
2009.06.10 23:05:03.847,0.7875,0.78775,2.80,1.20
2009.06.10 23:05:07.396,0.7875,0.78775,2.00,1.20
2009.06.10 23:05:07.746,0.78755,0.78775,1.20,1.20
2009.06.10 23:05:43.308,0.7876,0.78775,1.20,1.20
2009.06.10 23:05:51.576,0.78775,0.78785,1.20,13.60
2009.06.10 23:05:51.695,0.78775,0.78785,1.20,12.00
2009.06.10 23:05:51.755,0.78775,0.78785,1.20,4.00
2009.06.10 23:05:52.045,0.78775,0.78785,1.20,1.20
2009.06.10 23:05:53.175,0.7877,0.78785,1.20,1.20
2009.06.10 23:05:53.835,0.7877,0.78785,1.20,2.60
2009.06.10 23:05:58.994,0.78775,0.78785,1.20,2.60
2009.06.10 23:05:59.114,0.78775,0.78785,1.20,1.20
2009.06.10 23:05:59.224,0.7877,0.78785,1.20,1.20
2009.06.10 23:05:59.783,0.7877,0.78785,1.40,1.20
2009.06.10 23:06:00.023,0.7877,0.78785,1.60,1.20
2009.06.10 23:06:01.823,0.78775,0.78785,1.20,1.20
2009.06.10 23:06:05.902,0.7877,0.78785,1.60,2.60
2009.06.10 23:06:12.470,0.7877,0.78785,1.60,2.60
2009.06.10 23:06:14.070,0.7877,0.7879,1.00,12.00
2009.06.10 23:06:14.520,0.7877,0.7879,1.00,4.00
2009.06.10 23:06:14.980,0.7877,0.78785,1.00,1.40
2009.06.10 23:06:38.174,0.7875,0.78765,1.20,12.20
2009.06.10 23:06:40.494,0.7875,0.7876,1.20,1.40
2009.06.10 23:06:42.573,0.78755,0.78765,1.20,10.60
2009.06.10 23:06:42.923,0.78755,0.7877,1.20,1.40
2009.06.10 23:06:43.213,0.7876,0.78775,1.20,9.40
2009.06.10 23:06:43.563,0.7876,0.78775,1.20,1.40
2009.06.10 23:06:44.723,0.7876,0.7878,1.20,13.60
2009.06.10 23:06:57.010,0.78755,0.7877,1.20,13.60
2009.06.10 23:07:14.796,0.78755,0.7877,1.20,5.60
2009.06.10 23:07:15.145,0.78755,0.7877,1.20,4.00
2009.06.10 23:07:18.535,0.78745,0.7877,1.20,5.60
2009.06.10 23:07:19.104,0.78755,0.7877,1.20,13.60
2009.06.10 23:07:19.504,0.78755,0.7877,1.20,12.00
2009.06.10 23:07:19.734,0.78755,0.7877,1.20,4.00
2009.06.10 23:07:34.811,0.78745,0.7877,1.20,4.00
2009.06.10 23:07:35.191,0.78755,0.7877,1.20,2.80
2009.06.10 23:07:35.890,0.78755,0.78775,1.20,1.20
2009.06.10 23:07:45.168,0.78735,0.7877,4.80,10.80
2009.06.10 23:07:45.398,0.78735,0.7877,4.80,2.80
2009.06.10 23:08:32.647,0.78735,0.78775,4.80,3.20
2009.06.10 23:08:32.817,0.7874,0.7877,1.00,4.40
2009.06.10 23:08:33.166,0.7874,0.7877,1.00,5.60
2009.06.10 23:08:33.226,0.7874,0.7877,1.00,13.60
2009.06.10 23:08:36.976,0.78735,0.7877,4.80,12.00
2009.06.10 23:08:37.436,0.78735,0.7877,4.80,4.00
2009.06.10 23:08:41.165,0.7874,0.7877,1.60,4.00
2009.06.10 23:08:41.404,0.7874,0.7877,4.60,4.00
2009.06.10 23:08:41.565,0.7874,0.7877,5.80,2.80
2009.06.10 23:08:41.684,0.7874,0.7877,13.80,2.80
2009.06.10 23:08:42.554,0.78745,0.78775,4.80,1.20
2009.06.10 23:08:42.894,0.7875,0.7878,9.20,4.00
2009.06.10 23:08:43.124,0.78755,0.78785,4.80,1.20
2009.06.10 23:09:07.998,0.7877,0.78795,6.20,1.20
2009.06.10 23:09:08.108,0.7877,0.78795,14.20,1.20
2009.06.10 23:09:16.176,0.7877,0.78795,12.20,1.20
2009.06.10 23:09:16.477,0.7877,0.78795,4.20,1.20
2009.06.10 23:09:16.586,0.7877,0.78795,4.60,1.20
2009.06.10 23:09:16.646,0.7877,0.78795,6.20,1.20
2009.06.10 23:09:30.633,0.7877,0.7879,3.20,2.80
2009.06.10 23:09:30.693,0.7877,0.7879,2.80,4.40
2009.06.10 23:09:30.813,0.7877,0.7879,4.60,4.40
2009.06.10 23:09:30.873,0.7877,0.7879,6.20,4.40
2009.06.10 23:09:30.923,0.7877,0.7879,6.20,2.80
2009.06.10 23:09:30.982,0.7877,0.78795,6.20,1.20
2009.06.10 23:09:33.802,0.7877,0.7879,1.60,4.40
2009.06.10 23:09:34.212,0.7876,0.7879,1.80,5.60
2009.06.10 23:09:34.492,0.78755,0.7879,4.80,5.60
2009.06.10 23:09:34.712,0.78755,0.78785,4.80,1.20
2009.06.10 23:09:51.788,0.7876,0.7878,8.20,2.80
2009.06.10 23:09:51.848,0.7876,0.7878,8.20,4.00
2009.06.10 23:09:51.958,0.7876,0.7878,8.00,4.00
2009.06.10 23:09:52.307,0.7875,0.7878,14.20,4.00
2009.06.10 23:09:52.367,0.7875,0.7878,12.60,4.00
2009.06.10 23:09:52.477,0.7875,0.7878,15.80,4.00
2009.06.10 23:09:58.066,0.78755,0.78785,4.80,12.00
2009.06.10 23:09:58.356,0.78755,0.78785,4.80,1.20
2009.06.10 23:10:46.045,0.7875,0.78785,13.80,1.20
2009.06.10 23:10:49.244,0.78755,0.78785,4.80,1.20
2009.06.10 23:10:50.743,0.78755,0.78785,8.20,1.20
2009.06.10 23:10:50.914,0.7875,0.78785,13.80,1.20
2009.06.10 23:10:51.613,0.7875,0.78785,15.40,1.20
2009.06.10 23:10:51.843,0.78755,0.78785,4.80,1.20
2009.06.10 23:11:04.250,0.78755,0.7879,6.00,2.80
2009.06.10 23:11:05.760,0.7876,0.7879,9.40,2.80
2009.06.10 23:11:08.029,0.78755,0.7879,4.80,4.00
2009.06.10 23:11:08.259,0.78755,0.7879,4.80,5.60
2009.06.10 23:11:11.409,0.78755,0.7879,4.80,6.60
2009.06.10 23:11:11.468,0.78755,0.78785,9.40,1.40
2009.06.10 23:11:11.768,0.78745,0.78785,10.80,2.60
2009.06.10 23:11:14.188,0.78755,0.78785,4.80,1.20
2009.06.10 23:11:16.797,0.78755,0.7879,4.80,4.00
2009.06.10 23:11:40.092,0.7876,0.7879,1.40,2.80
2009.06.10 23:11:40.272,0.78755,0.7879,6.00,2.80
2009.06.10 23:11:44.371,0.78755,0.78795,6.00,2.60
2009.06.10 23:11:45.180,0.78755,0.78795,6.20,2.60
2009.06.10 23:11:45.300,0.78765,0.78795,4.80,1.20
2009.06.10 23:11:46.160,0.78765,0.788,4.80,6.60
2009.06.10 23:11:47.730,0.7877,0.788,2.80,5.60
2009.06.10 23:11:47.850,0.7877,0.788,2.80,4.00
2009.06.10 23:11:48.369,0.7877,0.788,11.20,4.00
2009.06.10 23:11:48.879,0.7877,0.788,12.40,4.00
2009.06.10 23:12:04.496,0.78765,0.788,9.40,3.00
2009.06.10 23:12:04.726,0.7876,0.7879,1.40,1.40
2009.06.10 23:12:07.065,0.7876,0.7879,4.40,1.40
2009.06.10 23:12:07.185,0.78755,0.78795,15.20,12.00
2009.06.10 23:12:07.545,0.78755,0.78795,15.60,9.20
2009.06.10 23:12:07.605,0.78755,0.78795,23.60,1.20
2009.06.10 23:12:08.185,0.78755,0.78795,20.60,1.20
2009.06.10 23:12:08.484,0.78765,0.78795,8.20,2.60
2009.06.10 23:12:08.774,0.7876,0.78795,9.40,2.60
2009.06.10 23:12:31.439,0.78765,0.7879,1.40,1.20
2009.06.10 23:12:31.549,0.78765,0.7879,1.00,1.20
2009.06.10 23:12:31.599,0.7876,0.7879,4.40,1.20
2009.06.10 23:12:31.659,0.7876,0.7879,12.40,1.20
2009.06.10 23:12:32.279,0.7876,0.7879,11.20,1.20
2009.06.10 23:12:36.438,0.7876,0.7879,11.20,2.60
2009.06.10 23:12:36.498,0.78755,0.7879,4.80,2.60
2009.06.10 23:12:37.947,0.78745,0.7879,18.60,2.60
2009.06.10 23:12:40.427,0.7876,0.7879,11.20,1.20
2009.06.10 23:12:41.027,0.7876,0.78795,11.20,2.60
2009.06.10 23:12:41.077,0.78755,0.78795,9.00,1.20
2009.06.10 23:12:41.137,0.78755,0.788,9.00,16.20
2009.06.10 23:12:41.477,0.78755,0.788,9.00,14.60
2009.06.10 23:12:44.666,0.78755,0.788,9.00,13.40
2009.06.10 23:12:49.535,0.78755,0.788,7.00,13.40
2009.06.10 23:13:00.312,0.78765,0.78805,5.60,8.00
2009.06.10 23:13:00.422,0.78775,0.78805,4.80,1.60
2009.06.10 23:13:00.782,0.78775,0.7881,4.80,3.20
2009.06.10 23:13:01.672,0.78775,0.7881,4.80,14.00
2009.06.10 23:13:01.782,0.78775,0.78805,4.80,4.00
2009.06.10 23:13:02.072,0.78765,0.78805,4.80,13.60
2009.06.10 23:13:02.242,0.78765,0.78805,4.80,15.20
2009.06.10 23:13:02.881,0.78765,0.78805,4.80,3.00
2009.06.10 23:13:03.002,0.78765,0.788,4.80,4.00
2009.06.10 23:13:05.961,0.78765,0.788,9.40,6.60
2009.06.10 23:13:06.071,0.78765,0.788,1.00,14.60
2009.06.10 23:13:11.429,0.78765,0.78795,1.00,1.20
2009.06.10 23:13:25.286,0.78755,0.78795,6.00,12.00
2009.06.10 23:13:25.706,0.78755,0.78795,6.00,1.20
2009.06.10 23:13:26.376,0.78765,0.78795,4.80,1.20
2009.06.10 23:13:26.736,0.78765,0.788,4.80,4.00
2009.06.10 23:13:36.963,0.78765,0.788,4.80,13.00
2009.06.10 23:13:37.013,0.78765,0.788,1.00,14.60
2009.06.10 23:14:48.546,0.78765,0.788,4.80,5.00
2009.06.10 23:14:48.606,0.78765,0.788,9.40,6.60
2009.06.10 23:14:48.836,0.78765,0.788,9.00,6.60
2009.06.10 23:14:48.896,0.78765,0.788,1.00,14.60
2009.06.10 23:14:51.285,0.7877,0.788,2.80,13.60
2009.06.10 23:14:51.455,0.7877,0.78805,13.80,2.80
2009.06.10 23:14:51.575,0.78775,0.78805,8.20,1.60
2009.06.10 23:14:51.875,0.78775,0.7881,8.20,6.60
2009.06.10 23:14:51.935,0.78775,0.7881,9.40,6.60
2009.06.10 23:14:52.845,0.78775,0.7881,9.40,5.60
2009.06.10 23:14:53.005,0.7878,0.7881,1.00,5.60
2009.06.10 23:14:53.285,0.78775,0.7881,4.80,4.00
2009.06.10 23:14:53.735,0.78775,0.78815,10.80,1.20
2009.06.10 23:15:06.322,0.7878,0.7881,1.40,14.60
2009.06.10 23:15:06.482,0.7878,0.7881,2.20,14.60
2009.06.10 23:15:06.592,0.7878,0.7881,3.80,5.00
2009.06.10 23:15:21.848,0.78785,0.7881,1.00,5.00
2009.06.10 23:15:21.908,0.7879,0.7881,1.60,5.00
2009.06.10 23:15:31.406,0.78775,0.78805,19.60,1.20
2009.06.10 23:15:32.515,0.7878,0.78805,1.20,1.20
2009.06.10 23:15:32.865,0.7878,0.7881,1.20,6.60
2009.06.10 23:15:35.005,0.7878,0.7881,1.60,6.60
2009.06.10 23:15:35.635,0.7878,0.7881,2.80,5.40
2009.06.10 23:15:38.064,0.7878,0.7881,13.80,1.20
2009.06.10 23:15:45.632,0.7878,0.7881,9.40,1.20
2009.06.10 23:15:45.802,0.7878,0.7881,1.40,3.80
2009.06.10 23:16:04.467,0.78775,0.7881,4.80,5.00
2009.06.10 23:16:10.596,0.7878,0.78805,1.00,1.20
2009.06.10 23:16:10.946,0.78765,0.78805,10.80,1.20
2009.06.10 23:16:11.476,0.78775,0.78805,4.80,1.20
2009.06.10 23:16:16.865,0.78765,0.78805,19.20,1.20
2009.06.10 23:16:17.105,0.78765,0.788,6.00,1.20
2009.06.10 23:16:17.275,0.78765,0.788,6.00,4.00
2009.06.10 23:16:22.173,0.7878,0.788,1.00,4.00
2009.06.10 23:16:28.082,0.78775,0.788,4.80,4.00
2009.06.10 23:16:30.921,0.78775,0.78805,4.80,1.20
2009.06.10 23:16:38.870,0.7878,0.78805,8.40,1.20
2009.06.10 23:16:39.089,0.7879,0.78805,1.00,1.20
2009.06.10 23:16:41.299,0.7879,0.7881,1.00,3.20
2009.06.10 23:16:41.639,0.7879,0.7881,1.00,18.40
2009.06.10 23:16:41.699,0.7879,0.7881,1.00,16.80
2009.06.10 23:16:41.919,0.7879,0.7881,1.00,15.60
2009.06.10 23:16:42.029,0.7879,0.7881,1.00,6.00
2009.06.10 23:16:51.296,0.7879,0.78805,1.00,1.20
2009.06.10 23:17:21.368,0.7879,0.78795,1.00,8.40
2009.06.10 23:17:21.538,0.7876,0.7879,6.00,3.80
2009.06.10 23:17:21.828,0.7875,0.78785,8.00,1.40
2009.06.10 23:17:21.998,0.7875,0.78785,6.00,2.60
2009.06.10 23:17:22.058,0.78755,0.78785,1.00,2.60
2009.06.10 23:17:22.648,0.78745,0.78785,10.20,2.60
2009.06.10 23:17:22.768,0.78745,0.7878,10.20,2.80
2009.06.10 23:17:22.928,0.78745,0.7878,9.00,2.80
2009.06.10 23:17:23.798,0.78745,0.7878,9.00,4.00
2009.06.10 23:17:26.957,0.78745,0.7878,10.20,2.80
2009.06.10 23:17:38.414,0.78755,0.7878,4.80,2.80
2009.06.10 23:17:43.593,0.78755,0.78785,4.80,1.20
2009.06.10 23:17:56.090,0.78755,0.7879,10.80,2.80
2009.06.10 23:18:12.666,0.7878,0.7879,2.80,2.80
2009.06.10 23:18:12.776,0.7878,0.78805,4.80,1.60
2009.06.10 23:18:13.006,0.78785,0.78805,4.80,1.60
2009.06.10 23:18:13.066,0.78785,0.7881,4.80,4.00
2009.06.10 23:18:18.885,0.78775,0.7881,4.80,4.00
2009.06.10 23:18:19.064,0.78775,0.7881,4.80,5.40
2009.06.10 23:18:19.124,0.78775,0.7881,9.80,3.00
2009.06.10 23:18:19.174,0.78775,0.78805,9.60,1.20
2009.06.10 23:18:19.235,0.78765,0.78805,18.80,1.20
2009.06.10 23:18:19.474,0.78765,0.78805,10.80,1.20
2009.06.10 23:18:19.705,0.78765,0.788,10.80,2.80
2009.06.10 23:18:22.034,0.78775,0.78805,4.80,1.20
2009.06.10 23:18:28.572,0.78775,0.7881,4.80,4.00
2009.06.10 23:18:29.442,0.7878,0.7881,1.00,15.20
2009.06.10 23:18:29.672,0.78775,0.7881,1.00,16.20
2009.06.10 23:18:29.852,0.7877,0.78805,15.40,1.20
2009.06.10 23:18:30.032,0.7877,0.78805,13.80,1.20
2009.06.10 23:18:31.062,0.78775,0.78805,4.80,1.20
2009.06.10 23:18:31.231,0.78775,0.7881,4.80,4.00
2009.06.10 23:18:33.271,0.78775,0.7881,6.00,4.00
2009.06.10 23:18:33.441,0.7878,0.7881,13.80,4.00
2009.06.10 23:18:33.501,0.78785,0.7881,4.80,4.00
2009.06.10 23:18:34.871,0.7878,0.7881,13.80,4.00
2009.06.10 23:18:38.060,0.7878,0.7881,12.20,4.00
2009.06.10 23:18:38.120,0.7878,0.7881,12.60,4.00
2009.06.10 23:19:00.035,0.78775,0.78805,1.00,1.20
2009.06.10 23:19:00.215,0.78785,0.7881,7.60,10.80
2009.06.10 23:19:00.435,0.78785,0.7882,7.60,5.60
2009.06.10 23:19:00.844,0.78785,0.7882,7.60,4.00
2009.06.10 23:19:03.874,0.78795,0.78825,7.60,5.60
2009.06.10 23:19:04.094,0.788,0.78825,11.20,5.60
2009.06.10 23:19:04.454,0.788,0.78825,11.20,6.00
2009.06.10 23:19:07.973,0.78785,0.7882,16.00,4.00
2009.06.10 23:19:10.152,0.78795,0.7882,8.20,4.00
2009.06.10 23:19:10.682,0.788,0.78825,4.20,6.00
2009.06.10 23:19:11.092,0.788,0.78825,12.60,6.00
2009.06.10 23:19:19.440,0.788,0.78825,14.20,6.00
2009.06.10 23:19:19.500,0.78805,0.78825,1.20,6.00
2009.06.10 23:19:19.790,0.788,0.78825,12.60,5.60
2009.06.10 23:19:20.420,0.78805,0.78825,1.20,5.60
2009.06.10 23:19:21.170,0.78805,0.78825,1.20,3.20
2009.06.10 23:19:21.349,0.78805,0.7883,1.20,4.00
2009.06.10 23:19:24.379,0.7881,0.7883,4.80,2.80
2009.06.10 23:19:24.499,0.78805,0.7883,9.00,2.80
2009.06.10 23:19:26.028,0.78805,0.78835,9.00,6.00
2009.06.10 23:19:27.058,0.7881,0.78835,14.20,5.60
2009.06.10 23:19:29.388,0.7881,0.78835,12.60,5.60
2009.06.10 23:19:29.448,0.7881,0.78835,10.80,5.60
2009.06.10 23:19:29.738,0.7881,0.78835,2.80,5.60
2009.06.10 23:19:30.027,0.7881,0.78835,2.80,6.00
2009.06.10 23:19:35.566,0.7881,0.78835,2.80,5.60
2009.06.10 23:20:22.035,0.78825,0.7885,4.80,7.20
2009.06.10 23:20:22.265,0.78815,0.7885,17.40,7.20
2009.06.10 23:20:22.385,0.78815,0.7885,9.00,7.20
2009.06.10 23:20:25.724,0.78815,0.7885,9.00,8.20
2009.06.10 23:20:26.004,0.7882,0.78845,11.20,1.20
2009.06.10 23:20:26.184,0.7882,0.7884,3.20,2.80
2009.06.10 23:20:26.404,0.7882,0.7884,1.00,2.80
2009.06.10 23:20:26.744,0.7882,0.7884,1.00,4.00
2009.06.10 23:20:27.434,0.7882,0.7884,1.00,5.60
2009.06.10 23:20:27.554,0.7882,0.7884,1.00,7.20
2009.06.10 23:20:27.904,0.7882,0.78835,1.00,1.20
2009.06.10 23:20:28.014,0.7882,0.7883,1.00,1.20
2009.06.10 23:20:28.293,0.7882,0.7883,1.00,4.00
2009.06.10 23:20:29.333,0.7882,0.7883,1.00,2.80
2009.06.10 23:20:29.503,0.7882,0.78835,1.00,1.20
2009.06.10 23:20:29.903,0.7882,0.7883,1.00,1.20
2009.06.10 23:20:30.073,0.7882,0.7883,1.00,4.00
2009.06.10 23:20:32.793,0.7882,0.78835,1.00,6.00
2009.06.10 23:20:33.262,0.7882,0.7883,1.00,4.00
2009.06.10 23:21:06.634,0.78815,0.78855,4.80,4.40
2009.06.10 23:21:06.814,0.78815,0.78855,4.80,9.20
2009.06.10 23:21:06.984,0.7882,0.7885,1.00,8.20
2009.06.10 23:21:07.284,0.78815,0.7885,4.80,13.60
2009.06.10 23:21:07.334,0.78815,0.7885,4.80,4.00
2009.06.10 23:21:07.694,0.7882,0.7885,1.00,5.60
2009.06.10 23:21:07.864,0.7882,0.7885,1.00,13.60
2009.06.10 23:21:09.273,0.7882,0.78845,1.00,1.20
2009.06.10 23:21:10.473,0.7883,0.78845,2.80,1.20
2009.06.10 23:21:10.873,0.78825,0.78855,9.00,1.20
2009.06.10 23:21:11.043,0.78825,0.7886,7.60,5.60
2009.06.10 23:21:11.513,0.7883,0.7886,8.20,6.60
2009.06.10 23:21:11.673,0.78825,0.7886,1.00,14.60
2009.06.10 23:21:17.312,0.7884,0.78865,2.80,1.00
2009.06.10 23:21:17.422,0.7884,0.7887,2.80,5.00
2009.06.10 23:21:17.712,0.7884,0.7887,2.80,4.00
2009.06.10 23:21:17.772,0.7884,0.7887,7.40,2.80
2009.06.10 23:21:18.052,0.7884,0.7887,15.40,2.80
2009.06.10 23:21:18.521,0.7884,0.78875,15.40,6.00
2009.06.10 23:21:18.932,0.78845,0.78875,1.20,6.00
2009.06.10 23:21:19.041,0.7885,0.78875,1.00,5.60
2009.06.10 23:21:19.381,0.7885,0.78875,1.40,5.60
2009.06.10 23:21:19.501,0.78855,0.78885,4.80,1.20
2009.06.10 23:21:19.621,0.78855,0.7889,4.80,4.00
2009.06.10 23:21:20.191,0.78865,0.7889,4.80,2.80
2009.06.10 23:21:21.301,0.78865,0.789,9.60,4.00
2009.06.10 23:21:21.541,0.78865,0.789,10.80,2.80
2009.06.10 23:21:21.771,0.78865,0.78905,10.80,1.20
2009.06.10 23:21:22.181,0.78865,0.7888,4.80,1.20
2009.06.10 23:21:22.590,0.7887,0.78885,1.00,10.80
2009.06.10 23:21:22.820,0.7886,0.7889,6.00,1.60
2009.06.10 23:21:22.940,0.7887,0.78895,2.20,8.00
2009.06.10 23:21:23.050,0.7887,0.7889,2.20,1.00
2009.06.10 23:21:23.291,0.7887,0.78885,2.20,1.40
2009.06.10 23:21:23.410,0.7887,0.7888,1.00,1.20
2009.06.10 23:21:27.589,0.7887,0.78875,1.00,1.60
2009.06.10 23:21:27.769,0.7887,0.78875,1.00,2.40
2009.06.10 23:21:27.829,0.7887,0.78875,1.00,5.60
2009.06.10 23:21:30.409,0.7885,0.7887,1.50,1.20
2009.06.10 23:21:30.738,0.7887,0.78875,1.00,11.60
2009.06.10 23:21:31.028,0.7884,0.7887,1.40,1.20
2009.06.10 23:21:31.258,0.7884,0.7887,2.20,1.20
2009.06.10 23:21:32.118,0.7884,0.78875,16.20,6.00
2009.06.10 23:21:32.178,0.78845,0.78875,6.20,6.00
2009.06.10 23:21:32.298,0.78845,0.78875,6.40,2.80
2009.06.10 23:21:32.528,0.78845,0.78875,14.40,1.20
2009.06.10 23:21:35.247,0.78845,0.78875,4.80,1.20
2009.06.10 23:21:35.427,0.78845,0.7887,8.20,4.20
2009.06.10 23:21:35.597,0.78845,0.7887,8.00,5.40
2009.06.10 23:21:35.707,0.7884,0.7887,5.20,5.40
2009.06.10 23:21:40.536,0.7884,0.7887,5.20,8.60
2009.06.10 23:21:40.646,0.7884,0.7887,4.40,9.40
2009.06.10 23:21:40.756,0.7885,0.7887,1.00,9.40
2009.06.10 23:21:52.703,0.7885,0.7887,1.00,7.60
2009.06.10 23:21:52.763,0.7884,0.7887,9.00,4.40
2009.06.10 23:21:52.813,0.7884,0.7887,18.60,2.80
2009.06.10 23:21:52.873,0.7884,0.7887,15.40,2.80
2009.06.10 23:21:56.112,0.7884,0.7887,12.80,5.00
2009.06.10 23:21:56.462,0.7884,0.7887,2.80,5.00
2009.06.10 23:22:11.759,0.7884,0.78865,2.80,1.20
2009.06.10 23:22:11.818,0.78835,0.78865,4.80,1.20
2009.06.10 23:22:26.055,0.7884,0.7887,2.80,9.80
2009.06.10 23:22:26.445,0.7884,0.7887,2.80,11.40
2009.06.10 23:22:26.625,0.78835,0.7887,9.40,11.40
2009.06.10 23:22:26.795,0.78835,0.7887,1.00,19.40
2009.06.10 23:22:27.205,0.78835,0.7887,1.00,3.20
2009.06.10 23:22:27.325,0.7884,0.7887,2.80,3.20
2009.06.10 23:22:27.435,0.7884,0.7887,2.80,1.80
2009.06.10 23:22:27.545,0.7884,0.7887,2.80,17.80
2009.06.10 23:22:27.895,0.7884,0.7887,3.20,8.20
2009.06.10 23:22:32.134,0.7884,0.7887,1.00,8.20
2009.06.10 23:22:32.474,0.7884,0.7887,1.00,11.40
2009.06.10 23:22:32.533,0.78835,0.7887,15.60,11.40
2009.06.10 23:22:33.773,0.7884,0.7887,2.80,9.80
2009.06.10 23:22:33.834,0.7884,0.7887,2.80,8.20
2009.06.10 23:22:37.922,0.7884,0.7887,3.20,8.20
2009.06.10 23:22:54.868,0.7884,0.7887,4.80,6.60
2009.06.10 23:22:55.038,0.7884,0.7887,7.60,5.00
2009.06.10 23:22:55.218,0.7884,0.78875,6.00,4.40
2009.06.10 23:22:55.518,0.7884,0.7887,6.00,1.20
2009.06.10 23:22:55.698,0.7884,0.7887,4.40,1.20
2009.06.10 23:22:56.108,0.7884,0.7887,3.20,5.00
2009.06.10 23:22:58.527,0.7884,0.7887,3.20,4.00
2009.06.10 23:22:58.578,0.78835,0.7887,14.00,4.00
2009.06.10 23:22:58.697,0.78835,0.7887,15.20,2.80
2009.06.10 23:23:01.756,0.7884,0.7887,4.80,2.80
2009.06.10 23:23:01.866,0.7885,0.78875,3.20,1.20
2009.06.10 23:23:01.926,0.78845,0.78885,8.80,4.40
2009.06.10 23:23:06.425,0.78845,0.7887,8.80,1.00
2009.06.10 23:23:06.595,0.78845,0.7887,8.80,4.00
2009.06.10 23:23:06.835,0.78845,0.7887,13.80,4.00
2009.06.10 23:23:07.015,0.78855,0.7887,1.00,4.00
2009.06.10 23:23:07.945,0.78855,0.7887,1.00,3.20
2009.06.10 23:23:08.125,0.78855,0.78885,1.00,4.40
2009.06.10 23:23:08.995,0.7886,0.78885,4.80,4.40
2009.06.10 23:23:09.235,0.7887,0.78885,2.80,3.20
2009.06.10 23:23:09.294,0.78865,0.78895,13.80,1.60
2009.06.10 23:23:09.455,0.78875,0.78895,1.00,1.60
2009.06.10 23:23:09.514,0.78875,0.78905,1.00,4.40
2009.06.10 23:23:09.694,0.78875,0.78905,1.00,3.20
2009.06.10 23:23:10.044,0.78875,0.789,4.80,3.20
2009.06.10 23:23:10.265,0.78885,0.78915,4.80,2.80
2009.06.10 23:23:10.444,0.78885,0.7892,4.80,2.60
2009.06.10 23:23:11.294,0.78885,0.7892,4.80,1.20
2009.06.10 23:23:12.554,0.78885,0.7892,4.80,9.20
2009.06.10 23:23:12.614,0.78885,0.7892,4.80,12.00
2009.06.10 23:23:12.724,0.78885,0.78915,1.00,1.40
2009.06.10 23:23:12.784,0.78885,0.7891,1.00,4.80
2009.06.10 23:23:13.064,0.78875,0.789,9.80,5.80
2009.06.10 23:23:13.174,0.78865,0.789,13.20,5.80
2009.06.10 23:23:13.523,0.78875,0.78895,8.00,4.40
2009.06.10 23:23:13.694,0.7887,0.78895,1.00,12.40
2009.06.10 23:23:14.673,0.78865,0.78895,4.80,12.40
2009.06.10 23:23:14.833,0.7887,0.78895,1.40,12.40
2009.06.10 23:23:15.183,0.7887,0.78895,1.40,10.80
2009.06.10 23:23:15.343,0.7887,0.789,1.00,16.20
2009.06.10 23:23:17.962,0.78865,0.789,4.80,14.60
2009.06.10 23:23:22.941,0.78865,0.78905,4.80,5.40
2009.06.10 23:23:23.001,0.7887,0.789,1.00,16.20
2009.06.10 23:23:25.531,0.7887,0.789,1.40,15.00
2009.06.10 23:23:25.921,0.7887,0.789,1.40,14.80
2009.06.10 23:23:26.160,0.7887,0.789,1.40,6.80
2009.06.10 23:23:28.230,0.7888,0.789,1.00,6.80
2009.06.10 23:23:28.460,0.7888,0.789,1.00,5.20
2009.06.10 23:23:28.570,0.7888,0.789,1.00,4.00
2009.06.10 23:23:29.480,0.7888,0.789,1.00,4.20
2009.06.10 23:23:29.760,0.7888,0.789,1.00,3.20
2009.06.10 23:23:30.160,0.7888,0.789,1.00,16.20
2009.06.10 23:23:30.330,0.7888,0.789,1.00,6.40
2009.06.10 23:23:30.959,0.7888,0.7889,1.00,2.40
2009.06.10 23:23:31.189,0.7888,0.7889,1.00,4.00
2009.06.10 23:23:31.719,0.7888,0.789,1.00,8.00
2009.06.10 23:23:36.188,0.7888,0.789,1.00,4.00
2009.06.10 23:23:38.118,0.7888,0.78905,1.00,4.40
2009.06.10 23:23:38.238,0.7888,0.789,1.00,5.80
2009.06.10 23:23:40.287,0.7888,0.78905,1.00,4.40
2009.06.10 23:23:45.496,0.7888,0.78905,1.00,4.40
2009.06.10 23:23:45.676,0.7888,0.789,1.00,1.00
2009.06.10 23:23:45.796,0.7889,0.789,1.00,4.00
2009.06.10 23:23:46.156,0.7889,0.789,1.00,3.20
2009.06.10 23:23:46.396,0.7888,0.78915,6.00,1.60
2009.06.10 23:23:46.806,0.7889,0.7892,2.20,12.00
2009.06.10 23:23:47.026,0.78885,0.7892,6.00,1.20
2009.06.10 23:23:47.385,0.7889,0.78925,2.20,1.20
2009.06.10 23:23:47.795,0.7889,0.78925,2.20,2.60
2009.06.10 23:23:48.425,0.7889,0.7892,2.20,1.40
2009.06.10 23:23:49.425,0.7889,0.7891,2.20,4.80
2009.06.10 23:23:49.925,0.7889,0.789,1.00,1.20
2009.06.10 23:23:54.044,0.7889,0.7892,2.20,5.60
2009.06.10 23:23:54.663,0.7889,0.78915,1.00,1.40
2009.06.10 23:23:59.822,0.7889,0.78915,1.00,2.60
2009.06.10 23:24:02.322,0.78885,0.78915,4.80,1.20
2009.06.10 23:24:03.152,0.7889,0.78915,1.00,1.20
2009.06.10 23:24:07.311,0.7889,0.78915,1.00,10.60
2009.06.10 23:24:07.421,0.7889,0.78915,1.00,13.60
2009.06.10 23:24:10.210,0.7889,0.7891,1.00,2.80
2009.06.10 23:24:13.789,0.7889,0.7891,1.00,4.40
2009.06.10 23:24:15.439,0.7889,0.7891,1.00,2.80
2009.06.10 23:24:20.288,0.7889,0.7891,1.00,4.40
2009.06.10 23:24:21.657,0.7889,0.7891,1.00,2.80
2009.06.10 23:24:25.087,0.7889,0.789,1.00,1.20
2009.06.10 23:24:26.626,0.7889,0.78905,1.00,1.40
2009.06.10 23:24:26.906,0.7889,0.7891,1.00,12.00
2009.06.10 23:24:27.186,0.7889,0.7891,1.00,10.80
2009.06.10 23:24:27.476,0.7889,0.7891,1.00,2.80
2009.06.10 23:24:27.646,0.7889,0.78915,1.00,1.20
2009.06.10 23:24:32.385,0.78885,0.78915,4.80,1.20
2009.06.10 23:24:32.785,0.7889,0.78915,1.00,1.20
2009.06.10 23:24:37.633,0.7889,0.78915,1.00,2.60
2009.06.10 23:24:38.213,0.7889,0.7891,1.00,1.20
2009.06.10 23:24:38.573,0.7889,0.7891,1.00,4.00
2009.06.10 23:24:39.273,0.78885,0.7891,4.80,4.00
2009.06.10 23:24:40.582,0.78885,0.7891,4.80,2.80
2009.06.10 23:24:40.742,0.78885,0.78915,4.80,1.20
2009.06.10 23:24:41.042,0.7889,0.78915,1.00,2.60
2009.06.10 23:24:41.972,0.7889,0.7892,1.00,14.60
2009.06.10 23:24:49.970,0.7889,0.7892,4.00,13.60
2009.06.10 23:24:50.140,0.78885,0.7892,9.00,12.00
2009.06.10 23:24:50.500,0.78885,0.7892,9.00,4.00
2009.06.10 23:24:57.708,0.78885,0.7892,14.00,1.20
2009.06.10 23:24:57.828,0.78885,0.7892,17.20,1.20
2009.06.10 23:24:58.108,0.78885,0.78925,18.40,2.60
2009.06.10 23:24:58.349,0.78885,0.78925,26.80,2.60
2009.06.10 23:24:58.458,0.78895,0.7893,4.80,5.60
2009.06.10 23:24:58.628,0.78895,0.7893,4.80,4.00
2009.06.10 23:25:01.208,0.78895,0.7893,4.80,7.20
2009.06.10 23:25:01.328,0.78895,0.7893,4.80,5.60
2009.06.10 23:25:01.618,0.78895,0.7893,4.80,4.00
2009.06.10 23:25:01.848,0.78895,0.78935,4.80,4.40
2009.06.10 23:25:02.987,0.78895,0.78935,4.80,6.00
2009.06.10 23:25:03.107,0.78895,0.78925,4.80,1.20
2009.06.10 23:25:05.807,0.78895,0.78935,4.80,4.00
2009.06.10 23:25:05.926,0.7891,0.78935,1.00,4.00
2009.06.10 23:25:07.646,0.7891,0.78935,1.00,8.80
2009.06.10 23:25:07.766,0.7891,0.7893,1.00,1.80
2009.06.10 23:25:07.886,0.7891,0.7893,1.00,3.20
2009.06.10 23:25:09.616,0.7891,0.78935,1.00,4.40
2009.06.10 23:25:10.006,0.7891,0.7893,1.00,4.20
2009.06.10 23:25:23.292,0.7891,0.7893,1.00,9.00
2009.06.10 23:25:23.532,0.7891,0.7892,1.00,4.00
2009.06.10 23:25:25.762,0.78885,0.7892,9.00,4.20
2009.06.10 23:25:25.822,0.78885,0.7892,6.20,4.20
2009.06.10 23:25:30.160,0.7889,0.7892,1.00,4.20
2009.06.10 23:25:30.280,0.78885,0.7892,14.40,4.20
2009.06.10 23:25:37.509,0.78885,0.7892,4.80,1.80
2009.06.10 23:25:37.669,0.78875,0.7892,17.40,3.20
2009.06.10 23:25:37.839,0.78875,0.7892,9.40,3.20
2009.06.10 23:25:38.129,0.78875,0.7892,9.00,3.20
2009.06.10 23:25:55.814,0.7888,0.7891,12.80,1.20
2009.06.10 23:25:56.264,0.7888,0.7891,4.80,1.20
2009.06.10 23:25:58.174,0.7888,0.78915,4.80,12.40
2009.06.10 23:25:58.284,0.78875,0.7892,9.00,3.20
2009.06.10 23:25:58.814,0.78875,0.7892,9.00,26.00
2009.06.10 23:25:58.994,0.78875,0.7891,9.00,1.20
2009.06.10 23:25:59.344,0.7888,0.7891,12.80,1.20
2009.06.10 23:25:59.643,0.7888,0.7891,4.80,1.20
2009.06.10 23:26:06.122,0.7888,0.78915,4.80,4.40
2009.06.10 23:26:07.521,0.7888,0.7891,4.80,1.20
2009.06.10 23:26:09.681,0.7888,0.7891,4.80,1.80
2009.06.10 23:26:09.741,0.78875,0.7891,7.60,1.80
2009.06.10 23:26:12.780,0.78875,0.7891,8.80,1.80
2009.06.10 23:26:15.030,0.78875,0.7891,12.00,1.80
2009.06.10 23:26:15.850,0.78875,0.7891,17.00,1.80
2009.06.10 23:26:17.979,0.78885,0.78915,4.80,1.80
2009.06.10 23:26:19.929,0.78885,0.7892,4.80,4.40
2009.06.10 23:26:20.108,0.78885,0.78915,4.80,1.20
2009.06.10 23:26:23.208,0.78885,0.78915,5.60,1.20
2009.06.10 23:26:27.558,0.78885,0.7892,4.80,4.40
2009.06.10 23:26:38.124,0.78875,0.7891,16.80,1.20
2009.06.10 23:26:43.703,0.78875,0.7891,11.80,1.20
2009.06.10 23:26:49.521,0.78885,0.7891,4.80,1.20
2009.06.10 23:26:49.762,0.78885,0.78915,4.80,1.20
2009.06.10 23:26:52.321,0.78885,0.7891,4.80,1.20
2009.06.10 23:26:52.561,0.78875,0.7891,12.20,1.20
2009.06.10 23:26:52.831,0.78875,0.7891,11.80,1.20
2009.06.10 23:26:55.610,0.78875,0.7891,15.00,1.20
2009.06.10 23:26:56.310,0.78875,0.7891,11.80,1.20
2009.06.10 23:27:01.979,0.78875,0.78905,10.40,1.80
2009.06.10 23:27:02.099,0.78875,0.78905,4.80,1.80
2009.06.10 23:27:02.208,0.78875,0.7891,4.80,1.80
2009.06.10 23:27:03.508,0.7889,0.7891,1.20,6.60
2009.06.10 23:27:05.798,0.7889,0.7891,1.20,5.00
2009.06.10 23:27:07.857,0.7888,0.7891,9.60,5.00
2009.06.10 23:27:09.457,0.7889,0.7891,1.20,5.00
2009.06.10 23:27:09.967,0.7889,0.78905,1.20,1.20
2009.06.10 23:27:12.376,0.7889,0.789,1.20,1.20
2009.06.10 23:27:12.786,0.7888,0.789,1.20,3.80
2009.06.10 23:27:12.896,0.7888,0.789,1.20,5.00
2009.06.10 23:27:16.645,0.78885,0.789,1.20,5.00
2009.06.10 23:27:17.095,0.78885,0.789,1.20,2.80
2009.06.10 23:27:17.375,0.78885,0.78905,1.20,1.20
2009.06.10 23:27:47.548,0.78885,0.789,1.20,1.00
2009.06.10 23:27:47.847,0.78885,0.789,1.20,1.20
2009.06.10 23:27:47.907,0.78885,0.789,1.20,2.60
2009.06.10 23:27:48.017,0.78885,0.789,1.20,1.60
2009.06.10 23:27:48.127,0.78885,0.78905,1.20,1.20
2009.06.10 23:27:50.667,0.7889,0.78905,1.20,1.20
2009.06.10 23:27:56.235,0.78885,0.78905,1.20,1.20
2009.06.10 23:27:56.575,0.78885,0.789,1.20,2.80
2009.06.10 23:27:57.715,0.78885,0.78905,1.20,1.20
2009.06.10 23:28:10.892,0.78875,0.78905,4.80,1.20
2009.06.10 23:28:15.941,0.78875,0.78895,4.80,1.20
2009.06.10 23:28:16.111,0.78865,0.78895,13.00,1.20
2009.06.10 23:28:16.611,0.78865,0.78895,4.80,1.20
2009.06.10 23:28:29.568,0.78855,0.78895,26.80,1.20
2009.06.10 23:28:29.747,0.78855,0.78895,23.60,1.20
2009.06.10 23:28:31.257,0.78865,0.78895,4.80,1.20
2009.06.10 23:28:31.367,0.78865,0.789,4.80,4.00
2009.06.10 23:28:40.275,0.78865,0.789,4.80,4.00
2009.06.10 23:28:40.335,0.78865,0.789,6.20,4.00
2009.06.10 23:28:40.625,0.78865,0.789,9.00,4.00
2009.06.10 23:28:43.684,0.78875,0.789,6.20,4.00
2009.06.10 23:28:52.412,0.78885,0.789,4.80,4.00
2009.06.10 23:28:52.762,0.78885,0.7891,4.80,4.00
2009.06.10 23:28:53.232,0.7889,0.7891,8.20,4.00
2009.06.10 23:28:53.402,0.7889,0.7891,8.00,4.00
2009.06.10 23:28:53.581,0.78875,0.7891,7.60,4.00
2009.06.10 23:28:56.991,0.78895,0.7891,1.20,4.00
2009.06.10 23:29:12.797,0.78895,0.7891,1.20,2.60
2009.06.10 23:29:13.157,0.78895,0.7891,1.20,1.20
2009.06.10 23:29:14.497,0.789,0.78915,1.20,2.60
2009.06.10 23:29:14.796,0.789,0.7892,1.20,17.80
2009.06.10 23:29:15.147,0.789,0.7892,1.20,9.80
2009.06.10 23:29:15.437,0.78895,0.7891,1.20,1.20
2009.06.10 23:29:22.295,0.789,0.7892,1.20,19.40
2009.06.10 23:29:22.585,0.789,0.7892,1.20,11.40
2009.06.10 23:29:24.164,0.78895,0.7892,1.20,11.40
2009.06.10 23:29:24.344,0.78895,0.7892,1.20,16.20
2009.06.10 23:29:24.634,0.78895,0.7891,1.20,1.20
2009.06.10 23:29:32.102,0.78885,0.7891,1.20,2.20
2009.06.10 23:29:32.322,0.78895,0.7891,1.20,5.00
2009.06.10 23:29:33.062,0.78895,0.7891,1.20,3.80
2009.06.10 23:29:40.400,0.78885,0.7891,1.20,5.40
2009.06.10 23:29:40.620,0.78885,0.7891,1.20,6.60
2009.06.10 23:29:40.670,0.78895,0.7891,1.20,6.60
2009.06.10 23:29:41.140,0.78885,0.7891,1.20,8.20
2009.06.10 23:29:41.480,0.78885,0.7891,1.20,16.20
2009.06.10 23:29:43.040,0.78885,0.789,1.20,1.20
2009.06.10 23:29:43.090,0.78885,0.789,1.20,3.80
2009.06.10 23:29:43.500,0.78885,0.789,1.20,5.40
2009.06.10 23:29:43.619,0.78885,0.789,1.20,6.60
2009.06.10 23:29:50.988,0.7889,0.789,1.20,12.00
2009.06.10 23:29:51.288,0.7888,0.789,1.20,16.20
2009.06.10 23:29:51.868,0.7888,0.78895,1.20,6.20
2009.06.10 23:29:52.097,0.78875,0.7889,1.20,4.20
2009.06.10 23:29:52.337,0.78875,0.7889,1.20,5.80
2009.06.10 23:29:52.567,0.78875,0.7889,1.20,15.00
2009.06.10 23:29:53.157,0.7887,0.7889,1.20,15.00
2009.06.10 23:29:54.417,0.7887,0.7889,1.20,16.20
2009.06.10 23:29:54.587,0.7887,0.78885,1.20,1.40
2009.06.10 23:29:58.556,0.7887,0.78885,1.20,7.40
2009.06.10 23:29:58.676,0.7886,0.78885,1.60,9.00
2009.06.10 23:29:58.966,0.7886,0.78875,1.20,1.40
2009.06.10 23:29:59.376,0.78865,0.78875,1.20,1.40
2009.06.10 23:29:59.616,0.78865,0.7888,1.20,13.40
2009.06.10 23:29:59.776,0.78865,0.78885,1.20,5.80
2009.06.10 23:29:59.896,0.78865,0.78885,1.20,2.60
2009.06.10 23:30:00.885,0.7887,0.78885,1.20,1.40
2009.06.10 23:30:01.175,0.7887,0.7889,1.20,5.60
2009.06.10 23:30:02.915,0.78855,0.7889,4.80,5.60
2009.06.10 23:30:06.874,0.78865,0.789,4.80,4.00
2009.06.10 23:30:07.494,0.78865,0.789,1.40,14.60
2009.06.10 23:30:07.734,0.78865,0.789,1.00,14.60
2009.06.10 23:30:17.721,0.78865,0.78895,1.00,1.40
2009.06.10 23:30:31.868,0.7885,0.78885,7.40,1.40
2009.06.10 23:30:32.328,0.7886,0.78885,1.40,10.80
2009.06.10 23:30:32.628,0.7886,0.7889,1.40,1.40
2009.06.10 23:30:32.908,0.7886,0.78885,1.40,4.80
2009.06.10 23:30:33.068,0.7886,0.7887,1.00,1.80
2009.06.10 23:30:33.408,0.78855,0.7887,8.20,1.80
2009.06.10 23:30:33.698,0.78855,0.7886,8.20,1.80
2009.06.10 23:30:33.817,0.7885,0.7886,3.00,1.80
2009.06.10 23:30:34.117,0.7884,0.7886,3.80,1.80
2009.06.10 23:30:35.877,0.78845,0.78865,1.20,1.40
2009.06.10 23:30:36.977,0.7885,0.7887,1.20,13.40
2009.06.10 23:30:37.387,0.7885,0.7887,1.20,2.60
2009.06.10 23:30:42.256,0.78855,0.78875,1.20,12.40
2009.06.10 23:30:42.435,0.78855,0.78875,1.20,1.40
2009.06.10 23:31:18.357,0.78855,0.7888,1.20,17.80
2009.06.10 23:31:20.786,0.7885,0.7887,1.20,1.20
2009.06.10 23:31:24.215,0.7885,0.7887,1.20,2.60
2009.06.10 23:31:39.292,0.7885,0.7887,1.20,1.20
2009.06.10 23:31:40.112,0.7885,0.7887,1.20,2.60
2009.06.10 23:31:44.580,0.7884,0.7887,4.40,3.20
2009.06.10 23:31:46.630,0.7884,0.7887,4.40,1.80
2009.06.10 23:31:46.850,0.7884,0.7887,4.40,3.20
2009.06.10 23:32:07.625,0.7884,0.7887,7.40,4.00
2009.06.10 23:32:07.915,0.78855,0.7887,1.20,4.00
2009.06.10 23:32:15.973,0.7885,0.7887,1.20,8.20
2009.06.10 23:32:19.542,0.7885,0.7887,1.20,2.60
2009.06.10 23:32:23.341,0.7886,0.7887,1.20,2.60
2009.06.10 23:32:23.461,0.7886,0.7887,1.20,1.40
2009.06.10 23:32:23.751,0.7886,0.78875,1.20,12.40
2009.06.10 23:32:23.871,0.7886,0.78875,1.20,1.40
2009.06.10 23:33:00.412,0.7885,0.7887,1.20,7.40
2009.06.10 23:33:00.522,0.78845,0.7887,1.20,2.60
2009.06.10 23:33:00.682,0.78845,0.78865,1.20,1.20
2009.06.10 23:33:00.912,0.78845,0.7886,1.20,1.20
2009.06.10 23:33:01.072,0.78845,0.7886,1.20,2.60
2009.06.10 23:33:01.582,0.78845,0.7886,1.20,5.40
2009.06.10 23:33:02.112,0.78845,0.7886,1.20,6.60
2009.06.10 23:33:05.681,0.78845,0.78855,1.20,1.20
2009.06.10 23:33:06.321,0.78835,0.78855,1.20,2.60
2009.06.10 23:33:19.747,0.78815,0.7885,7.40,2.80
2009.06.10 23:33:19.858,0.7882,0.7885,1.00,5.60
2009.06.10 23:33:20.717,0.78815,0.7885,4.80,3.20
2009.06.10 23:33:20.837,0.7882,0.7885,1.00,3.20
2009.06.10 23:33:21.297,0.78815,0.7885,9.40,3.20
2009.06.10 23:33:21.417,0.78815,0.7885,10.80,5.60
2009.06.10 23:33:21.587,0.78815,0.7885,9.00,4.00
2009.06.10 23:33:22.267,0.78815,0.7885,10.20,2.80
2009.06.10 23:33:42.002,0.78825,0.78855,1.20,3.20
2009.06.10 23:33:42.112,0.78825,0.78855,6.20,1.80
2009.06.10 23:33:42.392,0.7883,0.78855,1.00,1.80
2009.06.10 23:33:42.632,0.78835,0.7886,1.20,1.80
2009.06.10 23:33:44.642,0.78835,0.7886,14.40,4.00
2009.06.10 23:33:47.931,0.78835,0.7886,4.80,4.00
2009.06.10 23:33:48.111,0.78825,0.7886,9.00,4.00
2009.06.10 23:33:52.530,0.78825,0.7886,6.20,4.00
2009.06.10 23:33:52.829,0.7884,0.7886,1.20,5.60
2009.06.10 23:33:53.109,0.7884,0.7886,1.20,4.00
2009.06.10 23:33:54.789,0.78835,0.7886,4.80,4.00
2009.06.10 23:33:55.419,0.78835,0.7886,8.20,5.00
2009.06.10 23:33:55.529,0.7883,0.7886,1.00,3.20
2009.06.10 23:33:55.869,0.78825,0.7886,1.00,3.20
2009.06.10 23:33:55.969,0.78815,0.78855,12.20,1.20
2009.06.10 23:33:56.548,0.78825,0.7886,9.00,12.00
2009.06.10 23:33:56.889,0.78825,0.7886,9.00,4.00
2009.06.10 23:33:57.179,0.78825,0.7886,10.20,4.00
2009.06.10 23:33:59.478,0.78835,0.7887,14.40,6.00
2009.06.10 23:34:02.617,0.78825,0.78865,18.60,2.60
2009.06.10 23:34:03.017,0.78825,0.78865,18.60,3.20
2009.06.10 23:34:03.247,0.78825,0.78865,10.20,1.80
2009.06.10 23:34:03.307,0.78825,0.7886,10.20,1.20
2009.06.10 23:34:03.717,0.78825,0.7886,10.20,4.00
2009.06.10 23:34:05.246,0.78835,0.7886,1.20,4.00
2009.06.10 23:34:05.486,0.78835,0.7886,14.40,4.00
2009.06.10 23:34:05.656,0.78835,0.7887,14.40,5.80
2009.06.10 23:34:05.776,0.78835,0.78865,14.40,1.80
2009.06.10 23:34:06.616,0.78835,0.7887,15.60,1.80
2009.06.10 23:34:07.096,0.78835,0.78875,15.60,10.20
2009.06.10 23:34:07.386,0.78835,0.78875,15.60,5.40
2009.06.10 23:34:07.726,0.78835,0.7887,9.00,5.00
2009.06.10 23:34:08.066,0.7884,0.7887,2.80,5.00
2009.06.10 23:34:09.066,0.78845,0.7887,1.20,1.80
2009.06.10 23:34:17.103,0.78835,0.7887,18.80,3.20
2009.06.10 23:34:26.001,0.7884,0.7887,1.00,3.20
2009.06.10 23:34:26.171,0.78845,0.7887,1.20,1.80
2009.06.10 23:34:33.320,0.7884,0.78865,1.00,1.80
2009.06.10 23:34:33.559,0.78835,0.78865,18.80,1.80
2009.06.10 23:34:35.469,0.78835,0.7887,18.80,8.20
2009.06.10 23:34:35.699,0.7885,0.7887,1.20,8.20
2009.06.10 23:34:47.976,0.78855,0.7887,1.20,8.20
2009.06.10 23:34:48.336,0.78855,0.7887,1.20,6.60
2009.06.10 23:34:48.726,0.7886,0.7887,1.20,2.80
2009.06.10 23:34:48.906,0.7886,0.78875,1.20,1.20
2009.06.10 23:34:57.664,0.78855,0.7887,1.20,1.20
2009.06.10 23:35:26.587,0.78855,0.7887,1.20,2.60
2009.06.10 23:35:32.086,0.7884,0.78865,1.60,8.00
2009.06.10 23:35:32.495,0.7884,0.7886,1.20,1.40
2009.06.10 23:35:32.725,0.78825,0.7886,1.00,12.40
2009.06.10 23:35:32.965,0.78825,0.78855,1.00,1.40
2009.06.10 23:35:33.195,0.78825,0.78855,1.00,12.40
2009.06.10 23:35:37.004,0.78825,0.7885,1.00,1.20
2009.06.10 23:35:37.184,0.78815,0.78845,4.80,1.40
2009.06.10 23:35:37.304,0.7882,0.78845,1.00,1.40
2009.06.10 23:35:37.484,0.7882,0.78845,1.00,9.40
2009.06.10 23:35:37.834,0.78815,0.78845,1.00,12.40
2009.06.10 23:35:38.484,0.7881,0.78835,1.40,1.40
2009.06.10 23:35:38.844,0.7881,0.78845,1.40,13.60
2009.06.10 23:35:45.522,0.7881,0.78845,1.40,3.20
2009.06.10 23:35:51.001,0.7883,0.7885,1.20,5.00
2009.06.10 23:35:51.181,0.7884,0.78855,4.20,13.60
2009.06.10 23:35:51.461,0.7884,0.78855,6.20,12.40
2009.06.10 23:35:51.691,0.78845,0.78865,1.20,13.60
2009.06.10 23:35:51.921,0.7884,0.7886,1.20,1.40
2009.06.10 23:35:52.160,0.7884,0.7886,1.20,2.60
2009.06.10 23:35:52.910,0.7884,0.7886,1.20,3.40
2009.06.10 23:35:53.130,0.7884,0.7886,1.20,6.60
2009.06.10 23:35:56.169,0.7884,0.7886,1.20,5.00
2009.06.10 23:35:56.229,0.7884,0.7886,1.20,4.20
2009.06.10 23:35:56.349,0.7884,0.7886,1.20,2.60
2009.06.10 23:36:04.838,0.78845,0.7886,1.20,1.20
2009.06.10 23:36:05.127,0.78845,0.78865,1.20,13.60
2009.06.10 23:36:05.357,0.78845,0.7886,1.20,1.40
2009.06.10 23:36:05.937,0.78835,0.78855,1.20,12.40
2009.06.10 23:36:15.435,0.78835,0.7885,1.20,1.40
2009.06.10 23:36:15.485,0.7883,0.7885,2.40,1.40
2009.06.10 23:36:15.545,0.7883,0.7885,1.20,1.40
2009.06.10 23:36:15.595,0.7883,0.7885,1.20,2.60
2009.06.10 23:36:16.924,0.78835,0.78855,1.20,12.40
2009.06.10 23:36:17.154,0.78835,0.78855,1.20,1.40
2009.06.10 23:36:18.384,0.78835,0.7886,1.20,12.40
2009.06.10 23:36:18.544,0.78845,0.7886,1.20,2.80
2009.06.10 23:36:18.884,0.78845,0.78865,1.20,13.60
2009.06.10 23:36:20.484,0.78845,0.78865,1.20,10.60
2009.06.10 23:36:20.544,0.78845,0.78865,1.20,9.40
2009.06.10 23:36:20.604,0.78845,0.78865,1.20,1.40
2009.06.10 23:36:22.883,0.78835,0.7886,2.40,5.80
2009.06.10 23:36:23.053,0.78835,0.78855,1.20,1.40
2009.06.10 23:36:25.143,0.78835,0.7886,2.40,15.00
2009.06.10 23:36:25.373,0.78835,0.7886,2.40,7.00
2009.06.10 23:36:25.433,0.78835,0.7886,2.40,5.80
2009.06.10 23:36:30.021,0.78855,0.7887,1.20,13.60
2009.06.10 23:36:31.861,0.78835,0.7887,2.40,3.00
2009.06.10 23:36:32.201,0.78835,0.7886,1.20,15.00
2009.06.10 23:36:37.550,0.78835,0.7885,1.20,4.80
2009.06.10 23:36:37.779,0.7883,0.7884,1.40,1.20
2009.06.10 23:36:37.880,0.78825,0.7884,1.20,6.60
2009.06.10 23:36:38.179,0.78825,0.7884,1.20,4.00
2009.06.10 23:36:43.538,0.78825,0.7884,1.20,6.60
2009.06.10 23:36:46.697,0.78825,0.7884,1.20,5.60
2009.06.10 23:36:47.037,0.78825,0.7884,1.20,4.00
2009.06.10 23:36:49.517,0.78815,0.78845,1.20,4.40
2009.06.10 23:36:51.526,0.78815,0.7884,1.20,1.80
2009.06.10 23:36:51.696,0.78815,0.7884,1.20,3.20
2009.06.10 23:36:59.564,0.7882,0.7884,1.00,3.20
2009.06.10 23:36:59.864,0.7883,0.7884,1.00,4.40
2009.06.10 23:37:00.094,0.7883,0.7884,2.60,4.40
2009.06.10 23:37:00.264,0.7883,0.78845,2.60,1.80
2009.06.10 23:37:00.614,0.7882,0.78845,4.80,1.80
2009.06.10 23:37:01.094,0.7883,0.7885,4.00,7.20
2009.06.10 23:37:01.214,0.7883,0.78855,2.60,6.00
2009.06.10 23:37:02.463,0.7883,0.78855,2.60,4.40
2009.06.10 23:37:02.634,0.7883,0.78855,4.00,3.20
2009.06.10 23:37:03.173,0.7883,0.78855,4.00,1.80
2009.06.10 23:37:03.444,0.7883,0.78855,2.60,1.80
2009.06.10 23:37:04.203,0.7882,0.7885,4.00,6.60
2009.06.10 23:37:04.493,0.7882,0.78855,6.20,5.60
2009.06.10 23:37:04.793,0.7882,0.78855,15.40,4.40
2009.06.10 23:37:07.182,0.7883,0.78855,4.20,2.60
2009.06.10 23:37:07.302,0.7883,0.78855,2.00,2.60
2009.06.10 23:37:07.412,0.7883,0.7886,6.20,4.40
2009.06.10 23:37:07.803,0.7883,0.7886,6.20,3.00
2009.06.10 23:37:08.542,0.7883,0.7886,6.20,1.80
2009.06.10 23:37:16.530,0.7883,0.7886,15.40,2.80
2009.06.10 23:37:16.880,0.78835,0.7886,1.20,2.80
2009.06.10 23:37:17.060,0.7884,0.7887,2.60,7.40
2009.06.10 23:37:17.230,0.7884,0.7887,2.60,4.40
2009.06.10 23:37:34.066,0.7884,0.78865,12.80,1.20
2009.06.10 23:37:34.236,0.78835,0.78865,6.20,1.20
2009.06.10 23:37:34.646,0.7884,0.7887,8.00,4.40
2009.06.10 23:37:34.926,0.78835,0.78865,8.20,1.20
2009.06.10 23:37:35.146,0.7883,0.78865,15.40,1.20
2009.06.10 23:37:35.326,0.78835,0.78865,1.20,1.20
2009.06.10 23:37:35.726,0.7883,0.78865,15.40,1.20
2009.06.10 23:37:36.935,0.78835,0.78865,1.20,1.20
2009.06.10 23:37:43.254,0.7884,0.78865,1.00,1.20
2009.06.10 23:37:43.564,0.7885,0.78865,1.00,1.20
2009.06.10 23:37:44.074,0.7885,0.7887,2.60,4.00
2009.06.10 23:37:44.414,0.7885,0.7887,1.80,4.00
2009.06.10 23:37:44.923,0.7885,0.7887,1.00,4.00
2009.06.10 23:37:45.084,0.7886,0.7888,2.60,14.60
2009.06.10 23:37:45.443,0.7885,0.7888,12.80,5.00
2009.06.10 23:37:45.943,0.7885,0.7888,10.60,5.00
2009.06.10 23:37:46.293,0.7885,0.78875,10.60,1.20
2009.06.10 23:37:46.413,0.7886,0.78885,1.00,3.00
2009.06.10 23:37:46.533,0.7886,0.78885,2.60,3.00
2009.06.10 23:37:46.963,0.7886,0.78885,2.60,4.00
2009.06.10 23:37:47.193,0.7886,0.78885,2.60,5.60
2009.06.10 23:37:47.413,0.7886,0.78885,2.60,3.00
2009.06.10 23:37:48.322,0.7886,0.78885,2.60,1.80
2009.06.10 23:37:49.352,0.7887,0.78895,1.00,7.00
2009.06.10 23:37:49.642,0.7887,0.78895,1.80,7.00
2009.06.10 23:37:49.972,0.7886,0.78895,15.40,5.60
2009.06.10 23:37:50.262,0.7886,0.78895,7.40,5.60
2009.06.10 23:37:50.312,0.7886,0.78895,15.40,5.60
2009.06.10 23:38:01.659,0.7886,0.78895,12.40,5.60
2009.06.10 23:38:01.769,0.7886,0.78885,9.60,1.80
2009.06.10 23:38:02.239,0.7886,0.78885,1.20,1.80
2009.06.10 23:38:04.589,0.78855,0.78885,6.00,1.80
2009.06.10 23:38:07.728,0.78855,0.78885,4.40,1.80
2009.06.10 23:38:07.898,0.78855,0.7888,3.00,2.80
2009.06.10 23:38:07.948,0.78855,0.7888,4.80,2.80
2009.06.10 23:38:13.137,0.7885,0.7888,1.00,8.20
2009.06.10 23:38:13.356,0.78845,0.7888,1.00,16.20
2009.06.10 23:38:13.586,0.78845,0.78875,1.00,1.40
2009.06.10 23:38:16.766,0.78845,0.78875,1.00,2.60
2009.06.10 23:38:17.096,0.78845,0.78875,1.00,3.20
2009.06.10 23:38:17.216,0.7884,0.7887,1.40,1.40
2009.06.10 23:38:20.535,0.7884,0.78865,1.40,1.40
2009.06.10 23:38:20.715,0.78835,0.78865,1.00,1.40
2009.06.10 23:38:22.165,0.78835,0.78865,1.00,12.40
2009.06.10 23:38:27.853,0.7885,0.78865,1.20,12.40
2009.06.10 23:38:28.013,0.7885,0.78865,1.20,8.00
2009.06.10 23:38:28.183,0.7885,0.78865,1.20,1.20
2009.06.10 23:38:35.241,0.7885,0.78865,1.20,2.60
2009.06.10 23:38:35.351,0.78845,0.78865,1.20,2.60
2009.06.10 23:38:35.471,0.78845,0.78865,1.20,13.60
2009.06.10 23:38:35.751,0.78845,0.7886,1.20,1.20
2009.06.10 23:38:35.971,0.78845,0.7886,1.20,4.00
2009.06.10 23:38:37.940,0.7884,0.7886,1.20,4.00
2009.06.10 23:38:38.051,0.7884,0.7886,1.20,5.60
2009.06.10 23:38:38.580,0.7884,0.78855,1.20,1.40
2009.06.10 23:38:42.060,0.78845,0.78855,1.20,1.40
2009.06.10 23:38:42.300,0.78845,0.78855,1.20,2.60
2009.06.10 23:38:42.410,0.78845,0.78855,1.20,1.20
2009.06.10 23:38:47.698,0.78835,0.7885,1.20,4.00
2009.06.10 23:38:51.897,0.7883,0.7885,1.20,4.00
2009.06.10 23:38:52.117,0.7883,0.78845,1.20,1.20
2009.06.10 23:38:53.437,0.7883,0.78845,1.20,2.60
2009.06.10 23:38:53.797,0.78825,0.78845,1.20,2.60
2009.06.10 23:38:55.036,0.7883,0.78845,1.20,1.20
2009.06.10 23:38:58.325,0.78825,0.78845,1.20,2.60
2009.06.10 23:39:02.765,0.78825,0.7884,1.20,2.80
2009.06.10 23:39:02.934,0.78825,0.7884,1.20,4.00
2009.06.10 23:39:05.864,0.7883,0.7884,1.20,2.80
2009.06.10 23:39:07.394,0.7883,0.78845,1.20,1.20
2009.06.10 23:39:07.674,0.78835,0.78845,1.20,1.20
2009.06.10 23:39:09.463,0.78835,0.7885,1.20,4.00
2009.06.10 23:39:22.840,0.78835,0.78845,1.20,1.20
2009.06.10 23:39:23.859,0.78835,0.7884,1.20,2.80
2009.06.10 23:39:24.330,0.78825,0.7884,1.20,2.80
2009.06.10 23:39:24.569,0.78825,0.7884,1.20,4.00
2009.06.10 23:39:26.039,0.7883,0.7884,1.20,2.80
2009.06.10 23:39:26.629,0.7883,0.78845,1.20,1.20
2009.06.10 23:39:27.669,0.78815,0.78845,15.60,1.80
2009.06.10 23:39:30.228,0.78815,0.78845,4.80,1.80
2009.06.10 23:39:30.448,0.78815,0.78845,1.00,3.20
2009.06.10 23:39:35.007,0.78825,0.7884,1.20,2.80
2009.06.10 23:39:35.357,0.78825,0.78835,1.20,1.20
2009.06.10 23:39:40.576,0.78815,0.78835,1.20,1.20
2009.06.10 23:39:41.085,0.78815,0.78835,1.20,2.60
2009.06.10 23:39:41.315,0.78815,0.7883,1.20,2.80
2009.06.10 23:39:45.954,0.7882,0.78835,1.20,1.20
2009.06.10 23:39:46.994,0.78815,0.78835,1.20,1.20
2009.06.10 23:39:47.234,0.78815,0.78835,1.20,2.60
2009.06.10 23:39:47.524,0.7881,0.78835,1.20,2.60
2009.06.10 23:39:47.684,0.7881,0.7883,1.20,1.40
2009.06.10 23:39:48.144,0.7881,0.7883,1.20,5.40
2009.06.10 23:39:48.374,0.7881,0.7883,1.20,1.60
2009.06.10 23:39:48.554,0.7881,0.78835,1.20,13.60
2009.06.10 23:39:48.793,0.78815,0.78835,1.20,5.60
2009.06.10 23:39:48.913,0.78815,0.78835,1.20,2.60
2009.06.10 23:39:49.033,0.78815,0.78835,1.20,1.20
2009.06.10 23:39:49.613,0.7882,0.78835,1.20,1.20
2009.06.10 23:39:49.943,0.78825,0.78835,1.20,1.20
2009.06.10 23:39:50.053,0.78825,0.7884,1.20,12.40
2009.06.10 23:39:50.293,0.78825,0.78845,1.20,13.60
2009.06.10 23:39:51.353,0.7883,0.78845,1.20,2.60
2009.06.10 23:39:51.703,0.7883,0.78845,1.20,1.40
2009.06.10 23:39:52.273,0.78825,0.7884,1.20,1.00
2009.06.10 23:39:52.493,0.78825,0.7884,1.20,4.00
2009.06.10 23:39:52.953,0.7883,0.7884,1.20,4.00
2009.06.10 23:39:54.052,0.78835,0.7884,1.20,3.20
2009.06.10 23:39:54.502,0.78835,0.7885,1.20,16.20
2009.06.10 23:40:02.010,0.78835,0.7885,1.20,5.20
2009.06.10 23:40:02.360,0.78835,0.7885,1.20,4.00
2009.06.10 23:40:19.636,0.78835,0.7885,1.20,3.20
2009.06.10 23:40:19.816,0.7884,0.7886,1.20,16.20
2009.06.10 23:40:27.784,0.78845,0.7886,1.20,14.40
2009.06.10 23:40:28.184,0.78845,0.7886,1.20,6.40
2009.06.10 23:40:32.763,0.7883,0.7886,4.20,6.40
2009.06.10 23:41:11.994,0.7883,0.7886,4.20,8.00
2009.06.10 23:41:12.053,0.7883,0.7886,2.80,3.20
2009.06.10 23:41:12.234,0.7883,0.7886,4.20,4.40
2009.06.10 23:41:15.303,0.78825,0.7885,4.80,4.00
2009.06.10 23:41:15.413,0.78825,0.7885,8.20,1.80
2009.06.10 23:41:15.813,0.7882,0.7885,9.00,1.80
2009.06.10 23:41:22.721,0.7882,0.7885,9.00,6.40
2009.06.10 23:41:27.590,0.7882,0.7885,17.00,6.40
2009.06.10 23:41:33.888,0.7883,0.7885,4.20,2.80
2009.06.10 23:41:34.048,0.7883,0.7886,4.20,4.40
2009.06.10 23:41:36.418,0.7883,0.7886,4.20,6.00
2009.06.10 23:41:36.708,0.7883,0.78855,1.20,3.80
2009.06.10 23:41:38.987,0.7883,0.7885,4.20,4.40
2009.06.10 23:41:39.097,0.7883,0.7886,4.20,7.60
2009.06.10 23:41:39.157,0.78835,0.7885,1.20,3.20
2009.06.10 23:41:39.447,0.78835,0.78855,1.20,1.20
2009.06.10 23:41:39.567,0.78835,0.7886,1.20,1.80
2009.06.10 23:41:42.576,0.7883,0.7886,4.20,6.00
2009.06.10 23:41:42.756,0.7883,0.78855,1.20,3.80
2009.06.10 23:41:46.195,0.7883,0.7885,1.20,4.00
2009.06.10 23:41:46.315,0.7883,0.78855,4.20,1.20
2009.06.10 23:41:46.895,0.7883,0.7885,4.20,1.00
2009.06.10 23:41:47.185,0.7883,0.7885,1.20,4.00
2009.06.10 23:41:47.365,0.7882,0.7885,14.20,4.00
2009.06.10 23:41:47.475,0.7882,0.7885,12.60,4.00
2009.06.10 23:41:47.535,0.78815,0.7885,9.00,4.00
2009.06.10 23:41:47.825,0.78815,0.7885,9.00,6.40
2009.06.10 23:41:47.885,0.7882,0.7885,11.20,6.40
2009.06.10 23:41:48.125,0.7882,0.7885,2.80,6.40
2009.06.10 23:41:48.355,0.7882,0.78845,2.80,1.20
2009.06.10 23:41:48.994,0.78805,0.7883,18.60,2.40
2009.06.10 23:41:49.284,0.7881,0.7883,8.20,5.20
2009.06.10 23:41:49.734,0.78795,0.7883,6.20,6.40
2009.06.10 23:41:49.964,0.78795,0.78825,9.60,1.20
2009.06.10 23:41:51.294,0.78805,0.78825,1.20,1.20
2009.06.10 23:41:51.354,0.78805,0.7883,6.20,1.60
2009.06.10 23:41:51.654,0.78805,0.7884,6.20,8.00
2009.06.10 23:41:52.544,0.78805,0.7884,11.00,4.40
2009.06.10 23:41:52.834,0.78815,0.7884,7.40,1.60
2009.06.10 23:41:53.064,0.78815,0.7885,12.20,2.80
2009.06.10 23:41:53.344,0.78825,0.7886,7.40,16.00
2009.06.10 23:41:53.513,0.7883,0.7886,4.80,15.20
2009.06.10 23:41:53.743,0.7884,0.7887,9.60,1.20
2009.06.10 23:41:53.974,0.7884,0.7887,10.80,1.20
2009.06.10 23:41:54.373,0.78835,0.78875,10.80,4.40
2009.06.10 23:41:54.483,0.78835,0.7887,4.80,2.60
2009.06.10 23:41:54.593,0.78835,0.7887,4.80,5.60
2009.06.10 23:41:55.233,0.7884,0.7887,1.00,5.60
2009.06.10 23:41:55.283,0.7884,0.7887,1.40,2.60
2009.06.10 23:41:55.813,0.7884,0.7887,1.40,1.20
2009.06.10 23:41:56.093,0.78835,0.7887,12.20,1.00
2009.06.10 23:41:56.383,0.7884,0.7887,9.40,3.80
2009.06.10 23:41:56.603,0.7884,0.7887,1.40,5.40
2009.06.10 23:41:58.692,0.78835,0.78875,12.20,4.00
2009.06.10 23:41:58.872,0.78835,0.78875,12.20,3.20
2009.06.10 23:41:59.602,0.78845,0.78875,1.00,3.20
2009.06.10 23:42:05.761,0.78845,0.78875,1.00,1.40
2009.06.10 23:42:06.060,0.78845,0.7888,1.00,16.20
2009.06.10 23:42:06.180,0.7885,0.7888,1.00,16.20
2009.06.10 23:42:06.350,0.78845,0.7888,4.80,16.20
2009.06.10 23:42:07.100,0.7885,0.7888,1.40,15.00
2009.06.10 23:42:07.400,0.7885,0.7888,1.40,5.80
2009.06.10 23:42:11.989,0.7885,0.7888,1.80,5.80
2009.06.10 23:42:13.009,0.7885,0.78865,1.80,1.80
2009.06.10 23:42:13.189,0.7885,0.7887,1.00,3.00
2009.06.10 23:42:13.489,0.7885,0.78875,1.00,3.80
2009.06.10 23:42:13.599,0.7885,0.78875,1.00,1.40
2009.06.10 23:42:13.659,0.78845,0.78875,4.80,1.40
2009.06.10 23:42:13.768,0.7885,0.78875,1.80,1.40
2009.06.10 23:42:13.878,0.7885,0.7888,1.80,16.20
2009.06.10 23:42:21.297,0.7885,0.7888,1.80,8.00
2009.06.10 23:42:21.527,0.7885,0.7888,1.80,6.80
2009.06.10 23:42:21.697,0.7885,0.78885,1.80,4.00
2009.06.10 23:42:24.726,0.7885,0.7888,3.20,4.00
2009.06.10 23:42:24.896,0.7885,0.7888,6.00,3.20
2009.06.10 23:42:25.006,0.7886,0.7888,1.00,1.60
2009.06.10 23:42:25.186,0.7886,0.78885,1.00,1.20
2009.06.10 23:42:28.265,0.7886,0.78885,1.00,3.20
2009.06.10 23:42:28.435,0.7886,0.7888,1.00,5.40
2009.06.10 23:42:34.034,0.7886,0.7888,1.00,4.60
2009.06.10 23:42:34.254,0.7886,0.7888,1.00,1.60
2009.06.10 23:42:34.423,0.7886,0.78885,1.00,3.20
2009.06.10 23:42:34.874,0.7886,0.7888,1.00,4.00
2009.06.10 23:42:38.493,0.7886,0.78885,1.00,15.20
2009.06.10 23:42:38.713,0.7886,0.78885,1.00,2.60
2009.06.10 23:42:42.801,0.7886,0.7888,1.00,1.40
2009.06.10 23:42:43.092,0.7886,0.7888,1.00,5.40
2009.06.10 23:42:49.920,0.7886,0.7887,1.00,1.00
2009.06.10 23:42:49.980,0.7886,0.78875,1.00,2.60
2009.06.10 23:42:51.140,0.7886,0.78875,1.00,4.00
2009.06.10 23:42:51.319,0.7886,0.7888,1.00,16.00
2009.06.10 23:42:51.549,0.7886,0.7888,1.00,8.00
2009.06.10 23:42:53.969,0.7886,0.7887,1.00,1.00
2009.06.10 23:43:00.248,0.7886,0.7888,1.00,5.60
2009.06.10 23:43:00.517,0.7886,0.7888,1.00,4.00
2009.06.10 23:43:00.737,0.7886,0.7888,1.00,2.80
2009.06.10 23:43:03.117,0.7886,0.7889,1.00,8.80
2009.06.10 23:43:03.287,0.7886,0.78885,1.00,1.20
2009.06.10 23:43:03.867,0.7886,0.78885,1.00,3.20
2009.06.10 23:43:04.166,0.7886,0.78885,1.00,4.00
2009.06.10 23:43:04.437,0.7887,0.78885,1.00,4.00
2009.06.10 23:43:04.776,0.7887,0.78885,1.00,2.60
2009.06.10 23:43:04.836,0.7887,0.78885,1.00,1.20
2009.06.10 23:43:04.946,0.7887,0.7889,1.00,16.20
2009.06.10 23:43:05.236,0.7887,0.7889,1.00,8.20
2009.06.10 23:43:06.446,0.7887,0.7888,1.00,1.00
2009.06.10 23:43:06.676,0.7887,0.78885,1.00,4.00
2009.06.10 23:43:08.425,0.7887,0.7888,1.00,4.00
2009.06.10 23:43:08.875,0.7887,0.7889,1.00,15.80
2009.06.10 23:43:08.925,0.7887,0.7889,1.00,14.40
2009.06.10 23:43:09.155,0.7887,0.7889,1.00,6.40
2009.06.10 23:43:11.235,0.7887,0.7889,3.40,5.60
2009.06.10 23:43:11.595,0.7887,0.789,12.80,4.00
2009.06.10 23:43:11.875,0.78875,0.789,6.20,4.00
2009.06.10 23:43:12.105,0.78875,0.789,14.40,2.80
2009.06.10 23:43:12.335,0.78875,0.78905,15.20,1.20
2009.06.10 23:43:13.794,0.78875,0.7891,16.40,4.00
2009.06.10 23:43:13.974,0.78875,0.78895,4.80,2.60
2009.06.10 23:43:14.374,0.7888,0.7889,1.00,4.00
2009.06.10 23:43:14.664,0.7888,0.78895,1.00,2.60
2009.06.10 23:43:15.064,0.7888,0.7889,1.00,4.00
2009.06.10 23:43:16.463,0.7888,0.78895,1.00,2.60
2009.06.10 23:43:16.514,0.7888,0.78895,1.00,4.00
2009.06.10 23:43:19.203,0.7888,0.7889,1.00,5.40
2009.06.10 23:43:19.383,0.7886,0.78885,8.20,2.60
2009.06.10 23:43:19.733,0.78855,0.78885,10.80,2.60
2009.06.10 23:43:23.472,0.7887,0.78895,1.00,2.60
2009.06.10 23:43:24.292,0.7887,0.78895,1.00,4.00
2009.06.10 23:43:24.702,0.7887,0.7889,1.00,5.60
2009.06.10 23:43:24.881,0.7887,0.7889,1.00,2.80
2009.06.10 23:43:25.221,0.7887,0.78895,1.60,1.20
2009.06.10 23:43:25.441,0.7887,0.789,9.80,4.00
2009.06.10 23:43:25.841,0.78875,0.789,4.80,4.00
2009.06.10 23:43:26.021,0.78875,0.78905,6.20,1.20
2009.06.10 23:43:26.261,0.78875,0.7889,6.20,1.00
2009.06.10 23:43:26.441,0.78875,0.78895,4.80,2.60
2009.06.10 23:43:26.611,0.7887,0.7889,3.00,4.00
2009.06.10 23:43:26.841,0.7887,0.78895,1.60,2.60
2009.06.10 23:43:27.191,0.7887,0.7889,1.00,4.00
2009.06.10 23:43:30.430,0.7887,0.7889,1.80,4.00
2009.06.10 23:43:30.840,0.7888,0.789,1.00,5.40
2009.06.10 23:43:31.180,0.7888,0.789,1.00,4.40
2009.06.10 23:43:31.580,0.7888,0.78905,1.00,1.20
2009.06.10 23:43:32.100,0.78875,0.7891,6.20,4.00
2009.06.10 23:43:33.150,0.78875,0.7891,12.20,4.00
2009.06.10 23:43:33.319,0.78875,0.7891,12.20,5.00
2009.06.10 23:43:33.490,0.7888,0.7891,8.40,6.60
2009.06.10 23:43:33.659,0.7888,0.7891,1.00,16.20
2009.06.10 23:43:36.759,0.7888,0.7891,1.60,8.20
2009.06.10 23:43:41.768,0.7888,0.78905,1.00,9.20
2009.06.10 23:43:42.047,0.7888,0.789,1.00,5.80
2009.06.10 23:43:42.367,0.7888,0.7889,1.00,4.00
2009.06.10 23:43:43.277,0.7888,0.7889,1.00,1.60
2009.06.10 23:43:43.567,0.7888,0.789,1.00,4.00
2009.06.10 23:43:44.457,0.7888,0.78905,1.00,4.00
2009.06.10 23:43:45.496,0.7888,0.78895,1.00,1.80
2009.06.10 23:43:45.666,0.7888,0.78895,1.00,2.60
2009.06.10 23:43:47.836,0.7888,0.78895,3.20,1.80
2009.06.10 23:43:48.006,0.78885,0.789,1.20,1.20
2009.06.10 23:43:48.296,0.78885,0.78905,1.20,1.80
2009.06.10 23:43:48.576,0.7889,0.78905,1.00,1.80
2009.06.10 23:43:49.335,0.7889,0.7891,1.00,4.00
2009.06.10 23:43:49.796,0.7889,0.7891,1.00,2.80
2009.06.10 23:43:49.975,0.7889,0.78915,1.00,1.20
2009.06.10 23:43:50.675,0.7889,0.7892,3.20,5.60
2009.06.10 23:43:50.905,0.7889,0.7892,12.60,4.00
2009.06.10 23:43:53.284,0.7889,0.7892,13.80,4.00
2009.06.10 23:43:58.703,0.789,0.7892,1.00,4.00
2009.06.10 23:43:58.763,0.789,0.7892,1.00,4.00
2009.06.10 23:44:05.162,0.78895,0.7892,4.80,4.00
2009.06.10 23:44:07.401,0.78895,0.7892,4.80,1.20
2009.06.10 23:44:07.621,0.78895,0.78925,4.80,1.20
2009.06.10 23:44:10.910,0.78895,0.7893,4.80,4.00
2009.06.10 23:44:11.070,0.78905,0.7893,4.80,2.80
2009.06.10 23:44:11.530,0.78905,0.78935,4.80,1.20
2009.06.10 23:44:15.129,0.7891,0.78935,3.20,1.20
2009.06.10 23:44:15.309,0.7891,0.7894,4.80,3.20
2009.06.10 23:44:15.479,0.7891,0.78935,4.80,1.40
2009.06.10 23:44:15.589,0.7891,0.78935,1.00,1.40
2009.06.10 23:44:16.229,0.7891,0.78935,1.00,2.60
2009.06.10 23:44:20.818,0.7891,0.7893,1.00,2.20
2009.06.10 23:44:21.048,0.7891,0.7893,1.00,1.40
2009.06.10 23:44:21.348,0.7891,0.7894,1.00,4.40
2009.06.10 23:44:21.518,0.7891,0.7894,1.00,6.00
2009.06.10 23:44:22.567,0.7892,0.78935,1.00,1.20
2009.06.10 23:44:22.957,0.7892,0.78935,1.00,1.20
2009.06.10 23:44:23.657,0.7892,0.7893,1.00,2.80
2009.06.10 23:44:23.767,0.7892,0.7893,1.00,4.00
2009.06.10 23:44:24.867,0.78905,0.7892,6.80,1.80
2009.06.10 23:44:27.656,0.7892,0.78925,1.00,1.20
2009.06.10 23:44:28.216,0.7892,0.7893,1.00,4.00
2009.06.10 23:44:28.616,0.7892,0.7893,1.00,2.80
2009.06.10 23:44:28.846,0.7892,0.78935,1.00,1.20
2009.06.10 23:44:32.095,0.7892,0.78935,1.00,2.60
2009.06.10 23:44:32.335,0.7892,0.78935,1.00,1.20
2009.06.10 23:44:33.035,0.7892,0.7893,1.00,1.80
2009.06.10 23:44:33.445,0.7892,0.78935,1.00,3.20
2009.06.10 23:44:36.425,0.7892,0.78935,1.00,1.80
2009.06.10 23:44:43.982,0.7892,0.78925,1.00,1.80
2009.06.10 23:44:45.812,0.78895,0.78905,6.90,1.80
2009.06.10 23:44:45.932,0.7889,0.78905,4.80,1.80
2009.06.10 23:44:46.043,0.7889,0.78925,14.40,5.60
2009.06.10 23:44:46.162,0.78885,0.78925,9.00,1.80
2009.06.10 23:44:46.272,0.78885,0.7892,14.00,4.00
2009.06.10 23:44:46.612,0.78895,0.78925,4.80,1.80
2009.06.10 23:44:52.520,0.78895,0.78935,9.00,4.40
2009.06.10 23:44:52.810,0.78895,0.7893,9.00,1.80
2009.06.10 23:44:54.660,0.78895,0.7893,14.00,1.80
2009.06.10 23:44:54.720,0.78895,0.7893,15.20,1.80
2009.06.10 23:45:03.218,0.789,0.7893,15.40,1.80
2009.06.10 23:45:07.327,0.78895,0.78915,13.80,1.80
2009.06.10 23:45:07.497,0.78895,0.78915,4.80,1.80
2009.06.10 23:45:07.617,0.789,0.78915,8.20,1.80
2009.06.10 23:45:08.087,0.78895,0.78915,1.80,1.80
2009.06.10 23:45:08.426,0.78895,0.78915,1.00,1.80
2009.06.10 23:45:09.656,0.789,0.78915,2.80,1.80
2009.06.10 23:45:09.826,0.789,0.78925,2.80,12.00
2009.06.10 23:45:09.946,0.789,0.78925,2.80,9.20
2009.06.10 23:45:10.066,0.789,0.7893,2.80,1.80
2009.06.10 23:45:10.466,0.789,0.7893,4.80,4.00
2009.06.10 23:45:11.696,0.789,0.7893,4.80,1.80
2009.06.10 23:45:12.106,0.789,0.78925,6.20,1.80
2009.06.10 23:45:12.565,0.78905,0.7893,1.20,7.20
2009.06.10 23:45:12.726,0.789,0.7893,14.20,1.80
2009.06.10 23:45:13.145,0.789,0.7893,15.40,1.80
2009.06.10 23:45:14.955,0.78895,0.78935,10.20,4.60
2009.06.10 23:45:15.005,0.78895,0.7893,8.80,1.80
2009.06.10 23:45:16.944,0.78905,0.78935,1.20,3.00
2009.06.10 23:45:17.424,0.78895,0.7893,10.40,1.80
2009.06.10 23:45:17.604,0.78895,0.7893,8.80,1.80
2009.06.10 23:45:17.824,0.78905,0.78935,1.20,3.00
2009.06.10 23:45:18.234,0.78895,0.7893,8.80,1.80
2009.06.10 23:45:18.784,0.789,0.78915,9.80,1.80
2009.06.10 23:45:19.014,0.7889,0.78915,18.60,1.80
2009.06.10 23:45:20.834,0.78895,0.78915,1.00,1.80
2009.06.10 23:45:24.752,0.789,0.78915,1.00,1.80
2009.06.10 23:45:24.922,0.789,0.7892,4.80,1.80
2009.06.10 23:45:25.103,0.78895,0.7892,9.00,1.80
2009.06.10 23:45:25.273,0.789,0.7893,15.40,1.80
2009.06.10 23:45:26.072,0.78905,0.78935,6.20,1.80
2009.06.10 23:45:26.632,0.78905,0.78935,1.20,1.80
2009.06.10 23:45:27.822,0.78895,0.7893,15.20,1.80
2009.06.10 23:45:29.151,0.78895,0.7893,10.20,1.80
2009.06.10 23:45:29.501,0.78895,0.78925,8.20,1.80
2009.06.10 23:45:29.741,0.789,0.7893,3.80,1.80
2009.06.10 23:45:29.981,0.78895,0.7893,8.20,1.80
2009.06.10 23:45:30.501,0.78895,0.7893,7.40,1.80
2009.06.10 23:45:30.561,0.789,0.7893,11.00,1.80
2009.06.10 23:45:30.971,0.78895,0.7893,4.80,1.80
2009.06.10 23:45:31.311,0.78895,0.7893,4.80,3.20
2009.06.10 23:45:31.611,0.78895,0.78925,1.00,1.80
2009.06.10 23:45:31.961,0.78885,0.78925,15.20,1.80
2009.06.10 23:45:33.131,0.78895,0.78925,1.00,1.00
2009.06.10 23:45:33.301,0.78895,0.7893,4.80,16.00
2009.06.10 23:45:33.471,0.78895,0.78935,4.80,6.80
2009.06.10 23:45:34.120,0.78895,0.78935,4.80,5.20
2009.06.10 23:45:34.570,0.78895,0.78915,6.00,1.80
2009.06.10 23:45:38.089,0.78885,0.78925,15.20,1.80
2009.06.10 23:45:43.828,0.78885,0.78925,15.20,1.80
2009.06.10 23:45:44.168,0.78895,0.7893,4.80,13.60
2009.06.10 23:45:44.338,0.7892,0.7893,1.00,13.60
2009.06.10 23:45:44.458,0.7892,0.7893,1.00,2.80
2009.06.10 23:45:44.758,0.7892,0.78935,2.60,1.20
2009.06.10 23:45:45.168,0.7892,0.78945,2.60,3.00
2009.06.10 23:45:51.476,0.7892,0.7894,1.80,4.00
2009.06.10 23:45:51.816,0.7892,0.7894,1.60,4.00
2009.06.10 23:45:52.096,0.78915,0.7894,7.00,4.00
2009.06.10 23:45:52.506,0.7893,0.7894,1.00,1.20
2009.06.10 23:45:52.746,0.7893,0.78945,1.00,1.80
2009.06.10 23:45:56.105,0.78935,0.78945,1.20,1.20
2009.06.10 23:45:56.325,0.78935,0.7895,1.20,6.40
2009.06.10 23:45:56.505,0.7893,0.7895,1.00,4.80
2009.06.10 23:45:56.565,0.7893,0.7895,1.00,6.40
2009.06.10 23:46:02.424,0.7893,0.7895,2.00,5.60
2009.06.10 23:46:02.663,0.7893,0.7895,2.00,4.00
2009.06.10 23:46:04.873,0.78935,0.7895,1.20,4.00
2009.06.10 23:46:09.722,0.7893,0.78955,2.00,4.40
2009.06.10 23:46:09.782,0.7893,0.78955,2.00,4.80
2009.06.10 23:46:09.952,0.7893,0.7895,2.00,4.00
2009.06.10 23:46:16.250,0.7893,0.7895,2.00,9.60
2009.06.10 23:46:16.540,0.7893,0.7895,1.00,11.20
2009.06.10 23:46:16.650,0.7893,0.78945,1.00,2.00
2009.06.10 23:46:16.880,0.7893,0.78945,1.00,3.40
2009.06.10 23:46:17.220,0.7893,0.78945,1.00,11.40
2009.06.10 23:46:17.340,0.7893,0.78945,1.00,14.40
2009.06.10 23:46:20.539,0.7893,0.78945,4.80,1.20
2009.06.10 23:46:20.719,0.7893,0.78945,2.00,1.20
2009.06.10 23:46:20.939,0.78935,0.78945,1.20,1.20
2009.06.10 23:46:22.778,0.78945,0.7895,1.20,3.00
2009.06.10 23:46:22.958,0.78945,0.7895,1.20,2.80
2009.06.10 23:46:23.478,0.7894,0.7895,1.20,2.80
2009.06.10 23:46:23.708,0.78935,0.7895,1.20,2.80
2009.06.10 23:46:24.168,0.78935,0.7895,1.20,4.00
2009.06.10 23:46:24.398,0.7894,0.7895,1.20,4.00
2009.06.10 23:46:27.987,0.7894,0.7895,1.20,2.80
2009.06.10 23:46:28.228,0.7894,0.7896,1.20,8.20
2009.06.10 23:46:28.447,0.7894,0.7895,1.20,4.00
2009.06.10 23:46:29.167,0.7894,0.78955,1.20,1.20
2009.06.10 23:46:30.917,0.7894,0.7896,1.20,9.80
2009.06.10 23:46:32.776,0.78945,0.7896,1.20,8.20
2009.06.10 23:46:33.066,0.78945,0.7896,1.20,7.20
2009.06.10 23:46:34.939,0.78945,0.7896,1.20,8.20
2009.06.10 23:46:35.446,0.78945,0.7896,1.20,7.20
2009.06.10 23:46:36.485,0.7894,0.78965,1.20,8.60
2009.06.10 23:46:36.535,0.7894,0.78955,1.20,1.20
2009.06.10 23:46:36.995,0.78935,0.78955,1.20,1.20
2009.06.10 23:46:37.295,0.78935,0.78955,1.20,2.80
2009.06.10 23:46:37.355,0.78935,0.7895,1.20,4.00
2009.06.10 23:46:37.655,0.7893,0.7895,4.20,4.00
2009.06.10 23:46:38.005,0.7893,0.7895,1.20,7.20
2009.06.10 23:46:39.245,0.78925,0.7895,1.60,6.80
2009.06.10 23:46:39.424,0.78925,0.7895,1.20,6.80
2009.06.10 23:46:39.594,0.78925,0.7895,1.20,7.20
2009.06.10 23:46:42.914,0.7893,0.7895,1.20,7.20
2009.06.10 23:47:05.018,0.7893,0.7895,1.20,5.60
2009.06.10 23:47:18.105,0.7892,0.78955,3.80,13.60
2009.06.10 23:47:19.945,0.7892,0.7895,3.80,1.80
2009.06.10 23:47:20.165,0.7892,0.7895,2.20,1.80
2009.06.10 23:47:20.455,0.7892,0.7895,3.80,1.80
2009.06.10 23:47:29.952,0.7892,0.78945,3.80,1.40
2009.06.10 23:47:30.122,0.7892,0.7895,3.80,3.20
2009.06.10 23:47:30.232,0.7892,0.7895,3.80,1.80
2009.06.10 23:47:32.242,0.78915,0.7895,6.80,1.80
2009.06.10 23:47:32.482,0.7892,0.7895,11.80,1.80
2009.06.10 23:47:32.592,0.7892,0.7895,3.80,1.80
2009.06.10 23:47:42.139,0.78915,0.7896,13.00,9.00
2009.06.10 23:47:42.410,0.78915,0.7896,13.00,6.00
2009.06.10 23:47:43.169,0.78925,0.7896,1.00,5.60
2009.06.10 23:47:46.548,0.78925,0.78955,1.00,7.00
2009.06.10 23:47:46.658,0.7892,0.78955,9.40,7.40
2009.06.10 23:47:46.828,0.7892,0.78955,1.40,16.80
2009.06.10 23:47:47.508,0.7892,0.7895,1.40,1.80
2009.06.10 23:47:49.008,0.78915,0.7895,15.20,1.80
2009.06.10 23:47:50.057,0.78915,0.7895,13.80,1.80
2009.06.10 23:47:55.976,0.78915,0.78955,15.20,6.00
2009.06.10 23:48:00.215,0.78915,0.7895,13.80,1.80
2009.06.10 23:48:00.495,0.7892,0.7895,1.40,1.80
2009.06.10 23:48:01.755,0.7892,0.7895,1.40,3.20
2009.06.10 23:48:06.063,0.78905,0.78945,15.20,2.60
2009.06.10 23:48:10.362,0.78905,0.7894,15.20,2.40
2009.06.10 23:48:10.542,0.78905,0.7893,13.80,1.80
2009.06.10 23:48:11.632,0.78905,0.7894,15.20,5.60
2009.06.10 23:48:11.812,0.78905,0.78945,15.20,2.60
2009.06.10 23:48:15.351,0.78905,0.78945,13.00,2.60
2009.06.10 23:48:15.402,0.78915,0.78945,4.80,1.20
2009.06.10 23:48:15.462,0.78915,0.7895,4.80,4.40
2009.06.10 23:48:16.401,0.78915,0.78935,4.80,1.80
2009.06.10 23:48:16.571,0.7892,0.7894,2.80,1.80
2009.06.10 23:48:16.921,0.7892,0.7894,3.20,1.80
2009.06.10 23:48:17.081,0.78915,0.78935,4.80,1.80
2009.06.10 23:48:18.761,0.78915,0.7893,4.80,1.80
2009.06.10 23:48:19.041,0.78905,0.7893,16.80,1.80
2009.06.10 23:48:19.101,0.78905,0.7893,8.80,1.80
2009.06.10 23:48:19.161,0.78905,0.7893,10.20,1.80
2009.06.10 23:48:19.510,0.78915,0.78945,1.20,4.20
2009.06.10 23:48:19.800,0.7891,0.7894,9.60,7.20
2009.06.10 23:48:20.030,0.7892,0.7894,1.20,4.00
2009.06.10 23:48:25.289,0.78925,0.7894,1.20,4.00
2009.06.10 23:48:30.428,0.78925,0.7894,1.20,5.00
2009.06.10 23:48:30.598,0.7892,0.7894,1.20,4.00
2009.06.10 23:48:31.268,0.78925,0.7894,1.20,4.00
2009.06.10 23:48:35.517,0.7892,0.7894,1.20,4.00
2009.06.10 23:48:39.575,0.789,0.78935,2.80,13.60
2009.06.10 23:48:40.386,0.7891,0.78935,1.20,13.60
2009.06.10 23:48:40.675,0.7891,0.78935,1.20,12.00
2009.06.10 23:48:40.855,0.7891,0.78935,1.20,4.00
2009.06.10 23:48:41.035,0.7891,0.78935,1.20,1.20
2009.06.10 23:48:44.464,0.7892,0.78935,1.20,1.20
2009.06.10 23:48:50.283,0.78915,0.7893,1.20,4.00
2009.06.10 23:48:57.061,0.7892,0.7894,1.20,1.00
2009.06.10 23:49:00.431,0.7892,0.78945,1.20,13.60
2009.06.10 23:49:00.550,0.78925,0.78945,1.20,9.40
2009.06.10 23:49:00.660,0.78925,0.78945,1.20,1.40
2009.06.10 23:49:05.640,0.7893,0.7895,1.20,11.40
2009.06.10 23:49:07.169,0.7893,0.7895,1.20,16.20
2009.06.10 23:49:07.349,0.78925,0.78945,1.20,1.40
2009.06.10 23:49:08.429,0.78925,0.78945,1.20,2.20
2009.06.10 23:49:08.549,0.78925,0.7894,1.20,1.00
2009.06.10 23:49:14.167,0.7891,0.7893,1.20,4.20
2009.06.10 23:49:14.287,0.7891,0.7893,1.20,5.80
2009.06.10 23:49:14.467,0.7891,0.7893,1.20,4.20
2009.06.10 23:49:14.637,0.7891,0.7893,1.20,1.20
2009.06.10 23:49:18.676,0.78905,0.78935,1.20,4.40
2009.06.10 23:49:18.856,0.78905,0.78935,1.20,6.00
2009.06.10 23:49:18.966,0.78905,0.78935,1.20,6.80
2009.06.10 23:49:19.716,0.78915,0.7893,1.20,5.60
2009.06.10 23:49:20.176,0.789,0.78925,8.20,1.80
2009.06.10 23:49:20.476,0.78895,0.78925,14.40,1.80
2009.06.10 23:49:22.325,0.78895,0.78925,1.20,1.80
2009.06.10 23:49:23.435,0.78905,0.7893,1.20,14.40
2009.06.10 23:49:24.015,0.78905,0.7893,1.20,12.80
2009.06.10 23:49:24.255,0.789,0.7892,1.20,1.00
2009.06.10 23:49:26.854,0.789,0.7892,1.20,1.20
2009.06.10 23:49:27.664,0.78895,0.78925,1.20,2.80
2009.06.10 23:49:29.354,0.78905,0.78925,1.20,2.80
2009.06.10 23:49:29.533,0.78905,0.78925,1.20,1.80
2009.06.10 23:49:31.273,0.78905,0.78925,1.20,5.60
2009.06.10 23:49:31.513,0.7889,0.78925,8.00,5.60
2009.06.10 23:49:35.412,0.7889,0.7892,5.00,1.00
2009.06.10 23:49:35.532,0.7889,0.7892,3.20,4.00
2009.06.10 23:49:35.642,0.7888,0.7892,6.40,4.00
2009.06.10 23:49:36.062,0.7888,0.7892,4.80,4.00
2009.06.10 23:49:36.302,0.7888,0.7892,8.00,4.00
2009.06.10 23:49:37.252,0.7888,0.7892,4.80,4.00
2009.06.10 23:49:37.592,0.7888,0.7892,4.80,5.20
2009.06.10 23:49:37.711,0.7888,0.7892,4.80,6.80
2009.06.10 23:49:37.831,0.7888,0.7892,4.80,9.20
2009.06.10 23:49:38.892,0.7888,0.7892,2.60,9.40
2009.06.10 23:49:38.951,0.7888,0.7892,2.60,6.60
2009.06.10 23:49:45.220,0.7888,0.7892,2.60,5.00
2009.06.10 23:49:45.280,0.7888,0.7892,2.60,2.60
2009.06.10 23:49:45.340,0.7888,0.7892,2.60,1.20
2009.06.10 23:49:50.868,0.7888,0.7892,4.80,1.00
2009.06.10 23:49:52.488,0.7888,0.7892,4.40,2.40
2009.06.10 23:49:52.778,0.7888,0.7892,2.80,4.00
2009.06.10 23:49:56.710,0.7888,0.7892,1.00,4.20
2009.06.10 23:50:02.366,0.7889,0.7892,1.00,3.20
2009.06.10 23:50:02.606,0.7889,0.7893,1.00,5.60
2009.06.10 23:50:02.906,0.7889,0.7893,1.00,5.60
2009.06.10 23:50:03.136,0.78895,0.7893,1.00,1.60
2009.06.10 23:50:03.425,0.78895,0.7893,1.00,5.60
2009.06.10 23:50:03.475,0.78895,0.7893,1.00,4.00
2009.06.10 23:50:04.855,0.78895,0.7893,1.00,3.20
2009.06.10 23:50:05.015,0.78895,0.7893,1.00,1.60
2009.06.10 23:50:05.195,0.78895,0.7894,1.00,4.00
2009.06.10 23:50:07.514,0.78895,0.7893,1.00,4.80
2009.06.10 23:50:07.634,0.7889,0.7892,1.60,1.20
2009.06.10 23:50:07.975,0.78885,0.7892,1.00,4.20
2009.06.10 23:50:08.214,0.78885,0.7892,1.00,4.00
2009.06.10 23:50:08.444,0.78885,0.7892,2.00,4.00
2009.06.10 23:50:12.743,0.78885,0.7892,1.00,4.00
2009.06.10 23:50:12.793,0.7888,0.7892,2.40,4.20
2009.06.10 23:50:12.913,0.7889,0.7892,2.80,4.20
2009.06.10 23:50:13.313,0.7889,0.7892,2.80,4.00
2009.06.10 23:50:23.211,0.7889,0.7892,2.00,4.00
2009.06.10 23:50:27.040,0.7889,0.7892,1.00,1.00
2009.06.10 23:50:27.150,0.78885,0.7892,3.60,1.00
2009.06.10 23:50:27.209,0.78885,0.7892,3.60,2.40
2009.06.10 23:50:27.320,0.78885,0.7892,3.60,4.00
2009.06.10 23:50:27.499,0.78885,0.7892,2.00,4.00
2009.06.10 23:50:28.509,0.78885,0.7892,2.20,4.00
2009.06.10 23:50:28.689,0.7889,0.7892,1.00,4.00
2009.06.10 23:50:28.859,0.7889,0.7892,4.00,4.00
2009.06.10 23:50:29.479,0.7889,0.7892,6.00,4.00
2009.06.10 23:50:29.599,0.7889,0.7892,2.80,4.00
2009.06.10 23:50:30.619,0.78905,0.7892,1.20,4.00
2009.06.10 23:50:31.199,0.78895,0.78925,1.20,2.60
2009.06.10 23:50:32.529,0.78885,0.78925,1.20,2.80
2009.06.10 23:50:37.377,0.7889,0.78925,4.20,2.60
2009.06.10 23:50:37.547,0.7889,0.78925,7.40,2.60
2009.06.10 23:50:38.987,0.7889,0.78925,15.40,2.60
2009.06.10 23:50:39.287,0.7889,0.78925,15.80,2.60
2009.06.10 23:50:44.505,0.78895,0.78925,1.00,4.00
2009.06.10 23:50:53.193,0.78895,0.78925,1.00,3.20
2009.06.10 23:50:53.543,0.789,0.78925,4.20,1.80
2009.06.10 23:51:02.691,0.789,0.78925,2.80,2.60
2009.06.10 23:51:02.981,0.789,0.78925,2.80,4.00
2009.06.10 23:51:08.350,0.789,0.7892,2.80,3.20
2009.06.10 23:51:08.630,0.789,0.7893,2.80,3.20
2009.06.10 23:51:09.089,0.789,0.7893,4.20,1.80
2009.06.10 23:51:09.269,0.789,0.7893,12.20,1.80
2009.06.10 23:51:09.749,0.789,0.7893,12.60,1.80
2009.06.10 23:51:10.099,0.78905,0.7893,4.80,1.80
2009.06.10 23:51:10.439,0.7891,0.7894,2.80,6.40
2009.06.10 23:51:10.739,0.78905,0.7894,15.20,4.40
2009.06.10 23:51:10.859,0.78905,0.7894,15.20,1.60
2009.06.10 23:51:11.149,0.78905,0.78945,15.20,2.60
2009.06.10 23:51:12.918,0.78905,0.7894,15.20,1.00
2009.06.10 23:51:13.258,0.78905,0.7894,15.20,4.00
2009.06.10 23:51:14.118,0.7891,0.7894,12.40,4.00
2009.06.10 23:51:15.778,0.7891,0.7894,12.40,5.40
2009.06.10 23:51:15.838,0.7891,0.7894,12.40,3.20
2009.06.10 23:51:16.068,0.7891,0.7894,4.40,3.20
2009.06.10 23:51:16.228,0.7891,0.7894,5.80,3.20
2009.06.10 23:51:17.437,0.7891,0.7894,5.80,1.80
2009.06.10 23:51:20.717,0.7891,0.7893,4.60,1.00
2009.06.10 23:51:20.827,0.7891,0.78935,2.80,2.60
2009.06.10 23:51:21.296,0.7891,0.7893,2.80,1.80
2009.06.10 23:51:23.716,0.7891,0.7893,2.80,1.00
2009.06.10 23:51:23.776,0.7891,0.7894,2.80,3.20
2009.06.10 23:51:26.825,0.7891,0.7894,3.20,1.80
2009.06.10 23:51:26.885,0.7891,0.7894,4.40,1.80
2009.06.10 23:51:35.273,0.7891,0.7894,5.80,1.80
2009.06.10 23:51:37.053,0.78915,0.7894,1.00,1.80
2009.06.10 23:51:37.782,0.7891,0.7894,13.80,1.80
2009.06.10 23:51:37.942,0.7891,0.7894,5.80,1.80
2009.06.10 23:51:45.900,0.7892,0.7895,4.40,3.20
2009.06.10 23:51:46.490,0.7892,0.7895,4.40,1.80
2009.06.10 23:51:47.800,0.7892,0.7895,3.20,1.80
2009.06.10 23:51:48.100,0.7892,0.7894,1.00,1.00
2009.06.10 23:51:48.280,0.7892,0.7894,2.80,1.80
2009.06.10 23:51:48.400,0.7891,0.7894,15.40,1.80
2009.06.10 23:51:48.780,0.7892,0.7894,2.80,1.60
2009.06.10 23:51:48.900,0.7892,0.78945,2.80,1.40
2009.06.10 23:51:49.420,0.7891,0.7894,15.40,1.00
2009.06.10 23:51:49.540,0.7891,0.7894,7.40,1.80
2009.06.10 23:51:50.000,0.7891,0.7894,5.80,1.80
2009.06.10 23:51:52.099,0.7891,0.7894,13.80,1.80
2009.06.10 23:51:55.488,0.78915,0.7894,4.80,1.80
2009.06.10 23:51:55.668,0.7892,0.7895,2.80,6.40
2009.06.10 23:51:55.788,0.7892,0.7895,2.80,3.20
2009.06.10 23:51:57.428,0.7892,0.7895,3.20,3.20
2009.06.10 23:51:57.597,0.7892,0.7895,4.40,3.20
2009.06.10 23:52:04.266,0.7892,0.7895,5.80,1.80
2009.06.10 23:52:04.666,0.7893,0.78955,2.80,13.60
2009.06.10 23:52:04.836,0.7893,0.78955,2.80,2.60
2009.06.10 23:52:05.166,0.7893,0.7896,2.80,6.00
2009.06.10 23:52:15.223,0.7892,0.7895,15.40,4.00
2009.06.10 23:52:15.393,0.7892,0.7895,15.40,1.80
2009.06.10 23:52:15.743,0.7892,0.7895,7.40,1.80
2009.06.10 23:52:15.863,0.7892,0.7895,5.80,1.80
2009.06.10 23:52:20.402,0.7892,0.7895,4.60,1.80
2009.06.10 23:52:22.232,0.7892,0.7895,4.60,6.40
2009.06.10 23:52:22.342,0.7893,0.7895,2.80,6.40
2009.06.10 23:52:49.175,0.7893,0.7895,4.20,6.40
2009.06.10 23:52:49.285,0.7893,0.7895,4.20,4.80
2009.06.10 23:52:49.575,0.7893,0.7895,4.20,4.00
2009.06.10 23:52:56.534,0.7893,0.78945,2.80,1.80
2009.06.10 23:52:56.653,0.7893,0.7894,2.80,1.80
2009.06.10 23:52:56.823,0.78925,0.7894,4.80,1.80
2009.06.10 23:52:57.004,0.78925,0.7895,4.80,4.00
2009.06.10 23:52:57.123,0.7892,0.7895,12.60,4.00
2009.06.10 23:52:59.063,0.78915,0.7895,6.20,4.00
2009.06.10 23:52:59.463,0.78915,0.7895,4.80,4.40
2009.06.10 23:52:59.523,0.7892,0.78945,1.00,1.20
2009.06.10 23:52:59.633,0.78915,0.78945,16.40,1.20
2009.06.10 23:53:01.922,0.7891,0.7894,13.80,4.00
2009.06.10 23:53:02.622,0.7891,0.7894,13.80,5.20
2009.06.10 23:53:05.871,0.7892,0.7894,1.20,5.20
2009.06.10 23:53:05.991,0.7892,0.7894,4.20,4.40
2009.06.10 23:53:06.341,0.7892,0.7894,4.20,2.80
2009.06.10 23:53:31.185,0.7892,0.78945,4.20,1.20
2009.06.10 23:53:31.485,0.7892,0.78945,12.20,1.20
2009.06.10 23:53:31.825,0.7892,0.78945,12.60,1.20
2009.06.10 23:53:35.054,0.78935,0.78975,7.40,3.00
2009.06.10 23:53:36.264,0.78935,0.7896,6.20,1.80
2009.06.10 23:53:36.434,0.7894,0.7896,8.20,1.80
2009.06.10 23:53:36.604,0.7894,0.7896,8.00,1.80
2009.06.10 23:53:36.904,0.78935,0.7896,6.20,1.80
2009.06.10 23:53:37.084,0.78935,0.7896,1.20,1.80
2009.06.10 23:53:39.273,0.7893,0.78955,7.40,1.80
2009.06.10 23:53:39.563,0.78935,0.7896,1.20,1.80
2009.06.10 23:53:39.673,0.78935,0.78965,1.20,3.20
2009.06.10 23:53:40.013,0.78935,0.78965,3.20,3.20
2009.06.10 23:53:40.193,0.7894,0.78965,1.00,3.20
2009.06.10 23:53:40.353,0.7894,0.78965,2.60,3.20
2009.06.10 23:53:40.833,0.7894,0.78965,1.80,3.20
2009.06.10 23:53:41.172,0.78935,0.7896,1.20,1.80
2009.06.10 23:53:41.583,0.7894,0.7896,2.80,1.80
2009.06.10 23:53:41.873,0.78935,0.78955,1.00,1.80
2009.06.10 23:53:42.323,0.7893,0.78955,5.20,1.80
2009.06.10 23:53:42.552,0.78935,0.78965,14.40,1.80
2009.06.10 23:53:43.002,0.7894,0.78965,2.80,1.20
2009.06.10 23:53:43.242,0.78935,0.78965,9.00,1.20
2009.06.10 23:53:43.302,0.78935,0.78965,6.20,1.80
2009.06.10 23:53:46.981,0.78935,0.78965,9.60,1.80
2009.06.10 23:53:47.161,0.78925,0.78965,15.60,1.80
2009.06.10 23:53:47.281,0.78925,0.78965,7.40,3.00
2009.06.10 23:53:47.581,0.78925,0.78965,7.40,4.40
2009.06.10 23:53:47.981,0.78925,0.7896,7.40,4.00
2009.06.10 23:53:48.441,0.78935,0.7896,1.20,4.00
2009.06.10 23:53:58.099,0.78925,0.78955,7.40,1.80
2009.06.10 23:54:06.467,0.78925,0.7895,7.40,1.80
2009.06.10 23:54:18.533,0.78925,0.78955,7.40,1.80
2009.06.10 23:54:29.731,0.78925,0.7895,7.40,1.80
2009.06.10 23:54:33.910,0.78925,0.78955,7.40,1.80
2009.06.10 23:54:46.597,0.78925,0.78965,7.40,4.00
2009.06.10 23:54:47.797,0.78925,0.78965,10.20,4.00
2009.06.10 23:54:50.726,0.78935,0.78965,14.40,2.60
2009.06.10 23:54:55.245,0.78925,0.7896,20.60,4.00
2009.06.10 23:54:55.305,0.78925,0.7896,12.60,4.00
2009.06.10 23:54:55.485,0.78925,0.7896,12.20,4.00
2009.06.10 23:54:56.885,0.78925,0.78955,12.20,1.80
2009.06.10 23:54:58.934,0.78925,0.78955,13.20,1.80
2009.06.10 23:54:59.044,0.78935,0.7897,8.20,20.00
2009.06.10 23:54:59.154,0.78935,0.7897,16.40,10.40
2009.06.10 23:54:59.394,0.78935,0.7897,4.80,10.40
2009.06.10 23:54:59.514,0.78935,0.78975,4.80,8.40
2009.06.10 23:54:59.694,0.78935,0.78975,4.80,7.60
2009.06.10 23:55:00.284,0.78935,0.78975,16.40,7.60
2009.06.10 23:55:00.394,0.78935,0.78975,10.20,4.20
2009.06.10 23:55:01.743,0.7894,0.78975,12.40,4.20
2009.06.10 23:55:02.303,0.7894,0.78975,12.80,4.20
2009.06.10 23:55:02.463,0.7894,0.78975,12.80,5.20
2009.06.10 23:55:02.693,0.7894,0.78965,12.80,1.80
2009.06.10 23:55:05.112,0.78935,0.78965,10.40,1.80
2009.06.10 23:55:05.272,0.78945,0.78965,1.00,1.80
2009.06.10 23:55:05.392,0.78945,0.78965,9.40,1.80
2009.06.10 23:55:07.472,0.78945,0.78965,1.40,1.80
2009.06.10 23:55:07.632,0.78945,0.78965,1.00,1.80
2009.06.10 23:55:07.812,0.7894,0.78965,12.80,1.80
2009.06.10 23:55:08.092,0.7894,0.78965,8.80,1.80
2009.06.10 23:55:08.662,0.7894,0.78965,1.00,1.80
2009.06.10 23:55:09.621,0.7894,0.78965,1.00,1.20
2009.06.10 23:55:11.281,0.78945,0.78965,1.20,1.20
2009.06.10 23:55:11.691,0.78945,0.7897,9.60,4.00
2009.06.10 23:55:12.141,0.7895,0.7897,1.00,4.00
2009.06.10 23:55:12.791,0.7895,0.7897,1.00,5.00
2009.06.10 23:55:13.130,0.7895,0.7897,1.00,4.00
2009.06.10 23:55:14.730,0.7895,0.78975,1.00,10.20
2009.06.10 23:55:15.010,0.7895,0.7897,1.00,5.00
2009.06.10 23:55:15.520,0.7895,0.7897,1.00,4.00
2009.06.10 23:55:15.970,0.7895,0.78975,1.00,10.20
2009.06.10 23:55:16.380,0.7895,0.78965,1.00,1.20
2009.06.10 23:55:17.700,0.7895,0.78975,3.20,3.80
2009.06.10 23:55:20.399,0.7895,0.78975,11.20,3.80
2009.06.10 23:55:20.749,0.7895,0.78975,3.20,3.80
2009.06.10 23:55:27.297,0.7895,0.7897,3.20,1.80
2009.06.10 23:55:27.527,0.7896,0.7897,1.00,1.80
2009.06.10 23:55:27.647,0.7896,0.7897,1.00,1.80
2009.06.10 23:55:33.076,0.7896,0.78965,1.00,1.80
2009.06.10 23:55:33.836,0.7895,0.7896,1.60,1.00
2009.06.10 23:55:34.186,0.7894,0.7896,2.60,1.00
2009.06.10 23:55:34.855,0.7894,0.7896,2.60,3.60
2009.06.10 23:55:35.445,0.7894,0.78965,2.60,1.80
2009.06.10 23:55:35.895,0.7895,0.78965,2.60,1.80
2009.06.10 23:55:38.914,0.7894,0.78965,2.60,1.80
2009.06.10 23:55:43.393,0.7894,0.78955,2.60,1.80
2009.06.10 23:55:46.992,0.7894,0.78945,1.80,1.80
2009.06.10 23:55:47.322,0.7893,0.78945,2.60,1.80
2009.06.10 23:55:47.482,0.7893,0.78955,2.60,1.80
2009.06.10 23:55:47.822,0.7893,0.7895,2.60,1.80
2009.06.10 23:55:52.391,0.7893,0.7895,10.60,1.80
2009.06.10 23:55:52.571,0.7893,0.7895,2.60,1.80
2009.06.10 23:55:54.830,0.7893,0.7895,10.60,1.80
2009.06.10 23:55:54.950,0.7893,0.7895,2.60,1.80
2009.06.10 23:55:59.469,0.7893,0.7895,10.60,1.80
2009.06.10 23:55:59.929,0.78925,0.7894,8.20,1.80
2009.06.10 23:56:00.109,0.7892,0.7894,2.60,1.80
2009.06.10 23:56:02.009,0.7892,0.78935,2.60,1.80
2009.06.10 23:56:02.449,0.7892,0.7893,1.80,1.80
2009.06.10 23:56:02.909,0.7891,0.7894,1.00,7.40
2009.06.10 23:56:03.319,0.7891,0.7894,2.60,7.40
2009.06.10 23:56:12.076,0.7891,0.7894,3.80,2.60
2009.06.10 23:56:14.096,0.7891,0.7894,3.80,1.00
2009.06.10 23:56:14.506,0.7892,0.7894,2.40,1.00
2009.06.10 23:56:14.626,0.7892,0.7894,2.60,1.00
2009.06.10 23:56:16.185,0.7892,0.7894,2.40,6.40
2009.06.10 23:56:16.475,0.789,0.7893,7.00,1.80
2009.06.10 23:56:27.333,0.789,0.78935,7.00,1.80
2009.06.10 23:56:27.512,0.789,0.7894,5.40,3.80
2009.06.10 23:56:27.632,0.7891,0.7894,1.00,1.80
2009.06.10 23:56:27.812,0.7891,0.7894,2.60,1.80
2009.06.10 23:56:28.202,0.7891,0.7894,3.80,1.80
2009.06.10 23:56:29.642,0.7891,0.7894,3.80,7.40
2009.06.10 23:56:29.812,0.7891,0.7894,3.80,2.60
2009.06.10 23:56:30.152,0.7891,0.7894,3.80,1.80
2009.06.10 23:56:30.322,0.7892,0.78945,1.00,3.00
2009.06.10 23:56:30.542,0.7892,0.78945,2.40,1.80
2009.06.10 23:56:30.772,0.7892,0.78945,2.60,1.80
2009.06.10 23:56:32.341,0.78915,0.7894,1.00,1.80
2009.06.10 23:56:32.751,0.7891,0.7894,3.80,1.80
2009.06.10 23:56:33.041,0.7891,0.78945,3.80,1.80
2009.06.10 23:56:33.391,0.7891,0.78945,9.40,1.80
2009.06.10 23:56:35.401,0.7891,0.78945,1.40,1.80
2009.06.10 23:56:35.581,0.7891,0.78945,9.40,1.80
2009.06.10 23:56:35.761,0.7891,0.7893,9.40,1.80
2009.06.10 23:56:35.931,0.7891,0.7893,8.20,1.80
2009.06.10 23:56:36.220,0.7891,0.7893,1.00,1.80
2009.06.10 23:56:36.390,0.789,0.7893,2.20,1.80
2009.06.10 23:56:37.090,0.789,0.7893,1.40,1.80
2009.06.10 23:56:44.288,0.789,0.7893,2.20,1.80
2009.06.10 23:56:44.458,0.789,0.7893,3.80,1.80
2009.06.10 23:56:50.177,0.789,0.7893,3.00,1.80
2009.06.10 23:56:50.517,0.789,0.7893,1.40,1.80
2009.06.10 23:56:50.687,0.789,0.7893,2.20,1.80
2009.06.10 23:56:50.807,0.789,0.7893,3.80,1.80
2009.06.10 23:56:51.787,0.789,0.7893,3.00,1.80
2009.06.10 23:56:52.187,0.789,0.7893,1.40,1.80
2009.06.10 23:56:52.536,0.789,0.7893,1.40,6.60
2009.06.10 23:56:52.827,0.789,0.78925,1.00,1.80
2009.06.10 23:56:57.845,0.78895,0.7893,4.80,1.80
2009.06.10 23:56:58.145,0.789,0.7893,4.80,1.80
2009.06.10 23:56:58.485,0.78905,0.78935,1.00,1.80
2009.06.10 23:57:01.104,0.78905,0.78935,9.40,1.80
2009.06.10 23:57:02.784,0.78905,0.78935,1.00,1.80
2009.06.10 23:57:05.984,0.78905,0.78935,1.40,1.80
2009.06.10 23:57:06.104,0.7891,0.78935,8.20,1.80
2009.06.10 23:57:06.223,0.78905,0.78935,9.40,1.80
2009.06.10 23:57:06.993,0.7891,0.78935,1.00,1.80
2009.06.10 23:57:07.173,0.7891,0.78935,1.00,1.80
2009.06.10 23:57:07.353,0.7891,0.78935,2.60,1.80
2009.06.10 23:57:07.513,0.7891,0.78935,1.80,1.80
2009.06.10 23:57:07.683,0.7891,0.78935,1.00,1.80
2009.06.10 23:57:08.213,0.78905,0.78935,9.00,1.80
2009.06.10 23:57:08.493,0.78905,0.78935,1.00,1.80
2009.06.10 23:57:13.611,0.78905,0.78935,9.40,1.80
2009.06.10 23:57:16.241,0.78905,0.7893,9.40,1.80
2009.06.10 23:57:16.711,0.78905,0.7893,1.00,1.80
2009.06.10 23:57:20.650,0.789,0.7893,15.40,1.80
2009.06.10 23:57:21.979,0.789,0.7893,13.80,1.80
2009.06.10 23:57:22.210,0.789,0.7893,9.40,1.80
2009.06.10 23:57:22.379,0.789,0.7893,1.40,1.80
2009.06.10 23:57:25.818,0.789,0.7893,3.80,1.80
2009.06.10 23:57:28.968,0.789,0.7893,3.00,1.80
2009.06.10 23:57:29.248,0.789,0.7893,1.40,1.80
2009.06.10 23:57:29.817,0.7889,0.7893,6.00,6.60
2009.06.10 23:57:30.177,0.78895,0.7893,1.00,6.60
2009.06.10 23:57:31.857,0.78905,0.7893,1.20,19.40
2009.06.10 23:57:34.926,0.7891,0.7893,1.20,19.40
2009.06.10 23:57:35.046,0.7891,0.7893,1.20,14.60
2009.06.10 23:57:35.576,0.78905,0.7893,1.20,14.60
2009.06.10 23:57:35.696,0.78905,0.7893,1.20,13.00
2009.06.10 23:57:36.296,0.78905,0.7892,1.20,1.20
2009.06.10 23:57:40.265,0.789,0.78925,1.20,7.60
2009.06.10 23:57:42.244,0.789,0.78925,1.20,8.40
2009.06.10 23:57:42.364,0.789,0.78925,1.20,10.00
2009.06.10 23:57:42.474,0.789,0.78925,1.20,10.40
2009.06.10 23:57:42.885,0.78895,0.7892,1.20,12.80
2009.06.10 23:57:43.005,0.78895,0.7892,1.20,14.40
2009.06.10 23:57:43.224,0.78895,0.7892,1.20,22.40
2009.06.10 23:57:43.984,0.7889,0.7891,1.20,1.20
2009.06.10 23:57:48.673,0.78895,0.78915,1.20,12.00
2009.06.10 23:57:49.133,0.78895,0.78915,1.20,1.20
2009.06.10 23:57:49.473,0.78895,0.7892,1.20,5.00
2009.06.10 23:57:52.432,0.789,0.7892,1.20,6.60
2009.06.10 23:57:52.952,0.78895,0.7892,1.20,14.60
2009.06.10 23:57:53.342,0.78895,0.7892,1.20,5.00
2009.06.10 23:57:54.841,0.78895,0.78915,1.20,1.00
2009.06.10 23:57:55.021,0.7889,0.78915,1.20,1.00
2009.06.10 23:57:58.751,0.789,0.7892,1.20,13.00
2009.06.10 23:57:58.930,0.78895,0.7891,1.20,1.20
2009.06.10 23:58:04.099,0.78895,0.7892,1.20,21.20
2009.06.10 23:58:04.369,0.789,0.7892,1.20,5.00
2009.06.10 23:58:04.539,0.78895,0.7892,1.20,5.00
2009.06.10 23:58:05.629,0.789,0.7892,1.20,5.00
2009.06.10 23:58:07.408,0.789,0.7892,1.20,6.60
2009.06.10 23:58:07.468,0.78895,0.7892,1.20,6.60
2009.06.10 23:58:08.009,0.78895,0.7892,1.20,5.00
2009.06.10 23:58:14.837,0.789,0.7892,1.20,5.00
2009.06.10 23:58:22.815,0.78895,0.7892,1.20,5.00
2009.06.10 23:58:28.674,0.78895,0.7891,1.20,1.20
2009.06.10 23:58:31.783,0.78895,0.78915,1.20,12.00
2009.06.10 23:58:32.013,0.78895,0.78915,1.20,1.20
2009.06.10 23:58:33.002,0.789,0.78915,1.20,1.20
2009.06.10 23:58:33.232,0.789,0.7892,1.20,17.60
2009.06.10 23:58:33.632,0.78895,0.7892,1.20,17.60
2009.06.10 23:58:34.202,0.78885,0.7892,1.00,6.60
2009.06.10 23:58:35.302,0.78885,0.7892,1.00,1.80
2009.06.10 23:58:35.542,0.78885,0.7892,9.00,1.80
2009.06.10 23:58:35.771,0.78885,0.7892,9.40,1.80
2009.06.10 23:58:40.321,0.7889,0.7892,1.00,4.40
2009.06.10 23:58:40.740,0.7889,0.7892,2.60,4.40
2009.06.10 23:58:41.320,0.7889,0.78915,2.60,1.20
2009.06.10 23:58:43.200,0.7889,0.78915,2.40,1.20
2009.06.10 23:58:43.370,0.7889,0.7891,2.40,1.80
2009.06.10 23:58:43.600,0.7888,0.7891,13.20,1.80
2009.06.10 23:58:43.880,0.7888,0.7891,15.40,1.80
2009.06.10 23:58:44.779,0.7888,0.7891,15.40,6.60
2009.06.10 23:58:45.129,0.7887,0.7891,11.00,7.80
2009.06.10 23:58:45.479,0.7887,0.7891,9.40,7.80
2009.06.10 23:58:45.649,0.7887,0.78905,9.40,1.20
2009.06.10 23:58:46.169,0.7887,0.789,9.40,1.80
2009.06.10 23:58:46.289,0.7887,0.78895,8.00,1.80
2009.06.10 23:58:46.579,0.78865,0.78895,9.40,1.80
2009.06.10 23:58:46.749,0.78865,0.78895,1.00,1.80
2009.06.10 23:58:48.359,0.78865,0.789,3.20,12.00
2009.06.10 23:58:48.589,0.7887,0.789,8.20,4.00
2009.06.10 23:58:49.688,0.7886,0.7889,7.40,1.80
2009.06.10 23:58:50.278,0.7887,0.7889,1.00,1.80
2009.06.10 23:58:50.498,0.7887,0.78895,1.00,1.20
2009.06.10 23:58:50.678,0.7887,0.789,1.80,1.80
2009.06.10 23:58:50.858,0.7886,0.789,13.20,1.80
2009.06.10 23:58:51.208,0.78865,0.789,9.40,1.80
2009.06.10 23:58:53.278,0.7887,0.789,2.20,2.80
2009.06.10 23:58:53.568,0.7887,0.789,11.80,2.80
2009.06.10 23:58:54.507,0.78875,0.789,1.00,2.80
2009.06.10 23:58:54.617,0.78875,0.7891,9.40,1.80
2009.06.10 23:58:56.797,0.78875,0.7891,9.40,6.60
2009.06.10 23:58:56.966,0.78875,0.7891,1.00,6.60
2009.06.10 23:58:58.356,0.7887,0.78905,11.80,1.20
2009.06.10 23:58:58.796,0.7887,0.78905,11.00,2.00
2009.06.10 23:58:58.976,0.7887,0.789,1.40,1.80
2009.06.10 23:59:01.286,0.7887,0.78905,2.20,12.00
2009.06.10 23:59:01.405,0.7887,0.78905,2.20,9.20
2009.06.10 23:59:01.465,0.7887,0.78905,11.80,1.20
2009.06.10 23:59:03.165,0.78875,0.7891,1.00,6.60
2009.06.10 23:59:08.814,0.78875,0.7891,9.00,1.80
2009.06.10 23:59:09.163,0.78875,0.7891,9.40,1.80
2009.06.10 23:59:13.632,0.7888,0.7891,6.20,1.80
2009.06.10 23:59:29.049,0.7889,0.7891,1.20,1.80
2009.06.10 23:59:31.458,0.78885,0.78905,1.20,1.80
2009.06.10 23:59:33.748,0.7888,0.789,4.60,1.80
2009.06.10 23:59:36.597,0.7888,0.789,6.00,1.80
2009.06.10 23:59:42.326,0.7888,0.789,4.60,1.80
2009.06.10 23:59:44.365,0.7888,0.7889,4.60,1.80
2009.06.10 23:59:44.835,0.7888,0.7889,1.00,1.80
2009.06.10 23:59:44.955,0.7887,0.7889,4.00,1.80
2009.06.10 23:59:45.235,0.7887,0.7889,5.60,1.80
2009.06.10 23:59:45.565,0.78875,0.78895,1.20,1.80
2009.06.10 23:59:48.984,0.78875,0.789,1.20,19.60
2009.06.10 23:59:49.224,0.78875,0.78895,1.20,2.80
2009.06.10 23:59:52.683,0.7887,0.78895,1.00,7.60
2009.06.10 23:59:52.803,0.7887,0.7888,1.00,1.80
2009.06.10 23:59:52.973,0.7887,0.7889,1.00,1.80
2009.06.10 23:59:53.083,0.7887,0.7889,2.40,1.80
2009.06.10 23:59:53.493,0.7887,0.7889,4.20,1.80
2009.06.10 23:59:58.982,0.7887,0.7889,4.00,1.80
2009.06.10 23:59:59.162,0.7887,0.7889,1.00,1.80
