2013.01.28 14:00:00.033,0.94592,0.94602,1.50,1.50
2013.01.28 14:00:00.152,0.94592,0.94607,1.50,2.25
2013.01.28 14:00:00.574,0.94592,0.94606,1.50,1.73
2013.01.28 14:00:00.753,0.9459,0.94605,1.88,1.73
2013.01.28 14:00:00.813,0.9459,0.94605,2.10,1.73
2013.01.28 14:00:01.173,0.94594,0.94606,1.50,2.48
2013.01.28 14:00:01.233,0.94594,0.94608,2.48,1.50
2013.01.28 14:00:01.293,0.94594,0.9461,3.98,3.98
2013.01.28 14:00:01.472,0.94595,0.94608,1.73,1.50
2013.01.28 14:00:01.773,0.94592,0.94605,1.73,3.38
2013.01.28 14:00:02.084,0.9459,0.94603,1.73,1.50
2013.01.28 14:00:02.644,0.9459,0.94602,1.73,1.50
2013.01.28 14:00:02.987,0.9459,0.94602,1.73,1.50
2013.01.28 14:00:03.672,0.94588,0.94604,3.23,3.23
2013.01.28 14:00:04.513,0.94588,0.94604,3.98,2.48
2013.01.28 14:00:05.024,0.94589,0.94604,1.35,1.50
2013.01.28 14:00:05.263,0.94593,0.94606,1.58,3.23
2013.01.28 14:00:05.623,0.94596,0.94606,2.85,1.50
2013.01.28 14:00:05.803,0.94596,0.9461,2.85,1.50
2013.01.28 14:00:06.545,0.94597,0.9461,3.23,1.50
2013.01.28 14:00:06.906,0.94597,0.94613,3.23,2.25
2013.01.28 14:00:07.224,0.94598,0.9461,2.48,1.50
2013.01.28 14:00:07.815,0.94599,0.94611,1.73,1.50
2013.01.28 14:00:08.005,0.94599,0.94614,2.33,1.50
2013.01.28 14:00:08.064,0.946,0.94614,1.73,1.50
2013.01.28 14:00:08.294,0.94599,0.94612,1.73,1.50
2013.01.28 14:00:08.437,0.94598,0.94612,3.23,1.73
2013.01.28 14:00:09.041,0.94599,0.94612,1.73,1.73
2013.01.28 14:00:09.107,0.946,0.94612,1.50,1.73
2013.01.28 14:00:09.836,0.94601,0.94617,3.23,1.73
2013.01.28 14:00:13.344,0.94601,0.94614,1.73,1.73
2013.01.28 14:00:13.643,0.946,0.94614,1.50,1.73
2013.01.28 14:00:14.943,0.94601,0.94613,1.73,1.73
2013.01.28 14:00:15.604,0.946,0.94616,1.13,1.73
2013.01.28 14:00:15.904,0.94599,0.94612,1.73,1.50
2013.01.28 14:00:16.084,0.94597,0.94612,3.23,1.73
2013.01.28 14:00:16.443,0.94596,0.94612,2.25,3.98
2013.01.28 14:00:16.983,0.94596,0.9461,1.50,2.48
2013.01.28 14:00:17.972,0.94596,0.94611,1.50,1.73
2013.01.28 14:00:18.276,0.94599,0.94614,1.50,1.20
2013.01.28 14:00:18.404,0.94599,0.94616,1.50,1.73
2013.01.28 14:00:18.464,0.94603,0.94617,1.13,1.73
2013.01.28 14:00:18.702,0.94602,0.94617,2.25,1.73
2013.01.28 14:00:20.213,0.946,0.94618,1.73,2.10
2013.01.28 14:00:21.163,0.94603,0.94618,1.35,1.73
2013.01.28 14:00:21.284,0.94603,0.94618,3.60,1.73
2013.01.28 14:00:21.343,0.94608,0.9462,1.50,2.10
2013.01.28 14:00:21.462,0.94608,0.9462,2.10,1.50
2013.01.28 14:00:22.013,0.94608,0.94624,1.13,3.23
2013.01.28 14:00:22.124,0.94608,0.94624,1.13,2.48
2013.01.28 14:00:22.918,0.94608,0.94624,2.10,2.48
2013.01.28 14:00:23.762,0.94607,0.94624,1.13,3.60
2013.01.28 14:00:23.822,0.94607,0.94624,1.13,3.60
2013.01.28 14:00:25.424,0.94607,0.94624,2.10,2.85
2013.01.28 14:00:27.455,0.94607,0.94624,1.73,4.35
2013.01.28 14:00:27.765,0.94605,0.94619,2.48,2.25
2013.01.28 14:00:27.835,0.94602,0.94618,2.42,1.88
2013.01.28 14:00:28.364,0.946,0.94615,1.73,1.73
2013.01.28 14:00:28.482,0.946,0.94616,1.73,1.50
2013.01.28 14:00:28.602,0.946,0.94618,3.23,3.60
2013.01.28 14:00:29.073,0.94607,0.9462,1.73,1.35
2013.01.28 14:00:29.432,0.94604,0.94622,2.48,1.35
2013.01.28 14:00:29.702,0.94604,0.94622,2.48,1.35
2013.01.28 14:00:30.082,0.94607,0.94623,1.73,2.25
2013.01.28 14:00:30.525,0.94607,0.94623,1.50,2.25
2013.01.28 14:00:31.755,0.94608,0.94625,2.63,2.25
2013.01.28 14:00:32.745,0.94603,0.94617,1.50,1.11
2013.01.28 14:00:32.812,0.94602,0.94617,3.00,1.11
2013.01.28 14:00:33.174,0.94602,0.94614,1.50,1.73
2013.01.28 14:00:33.485,0.94602,0.94618,1.50,4.73
2013.01.28 14:00:33.734,0.94602,0.94618,1.50,2.60
2013.01.28 14:00:35.194,0.94602,0.94614,1.50,1.73
2013.01.28 14:00:35.744,0.94601,0.94614,1.50,1.73
2013.01.28 14:00:36.043,0.94601,0.94614,2.25,1.73
2013.01.28 14:00:36.433,0.94601,0.94617,3.00,2.10
2013.01.28 14:00:36.818,0.94601,0.94617,3.00,2.10
2013.01.28 14:00:37.402,0.94603,0.94619,2.25,1.73
2013.01.28 14:00:38.374,0.94601,0.94615,2.25,1.73
2013.01.28 14:00:41.623,0.94601,0.94617,2.25,3.23
2013.01.28 14:00:41.683,0.94601,0.94616,2.25,1.73
2013.01.28 14:00:42.042,0.94601,0.94615,1.50,1.73
2013.01.28 14:00:43.513,0.94601,0.94615,1.50,1.73
2013.01.28 14:00:44.144,0.94601,0.94615,3.00,1.73
2013.01.28 14:00:45.032,0.946,0.94614,1.50,1.73
2013.01.28 14:00:45.153,0.946,0.94614,2.25,1.73
2013.01.28 14:00:45.743,0.94601,0.94614,2.25,1.73
2013.01.28 14:00:46.273,0.94601,0.94614,3.00,1.73
2013.01.28 14:00:46.789,0.94601,0.94614,2.25,1.73
2013.01.28 14:00:48.540,0.94599,0.94614,2.25,1.73
2013.01.28 14:00:48.605,0.94599,0.94614,2.25,1.73
2013.01.28 14:00:49.996,0.94598,0.94612,3.00,1.73
2013.01.28 14:00:50.183,0.94598,0.94612,2.25,1.73
2013.01.28 14:00:50.763,0.94597,0.94612,1.88,2.48
2013.01.28 14:00:57.214,0.94597,0.94612,1.50,2.10
2013.01.28 14:00:58.604,0.94595,0.94611,5.25,1.45
2013.01.28 14:00:58.844,0.94593,0.94609,2.25,2.20
2013.01.28 14:00:59.644,0.94593,0.94609,2.25,1.98
2013.01.28 14:00:59.943,0.94594,0.9461,2.25,2.10
2013.01.28 14:01:00.063,0.94594,0.9461,1.50,3.39
2013.01.28 14:01:00.434,0.94594,0.94611,1.50,3.23
2013.01.28 14:01:00.793,0.94595,0.94608,2.25,2.75
2013.01.28 14:01:00.853,0.94593,0.94607,1.50,1.69
2013.01.28 14:01:00.973,0.94591,0.94607,1.50,1.69
2013.01.28 14:01:01.173,0.94594,0.94603,1.50,1.50
2013.01.28 14:01:01.555,0.94589,0.94603,1.50,2.10
2013.01.28 14:01:02.292,0.94589,0.94603,1.50,2.10
2013.01.28 14:01:02.693,0.94589,0.94604,1.50,1.73
2013.01.28 14:01:03.224,0.94587,0.94605,3.98,2.10
2013.01.28 14:01:06.707,0.94587,0.94604,1.73,2.10
2013.01.28 14:01:08.654,0.94587,0.94604,2.48,2.10
2013.01.28 14:01:09.170,0.94587,0.94604,3.23,3.23
2013.01.28 14:01:10.144,0.94588,0.94601,1.73,1.50
2013.01.28 14:01:10.334,0.94583,0.94597,2.25,1.50
2013.01.28 14:01:10.572,0.9458,0.94596,1.50,2.63
2013.01.28 14:01:11.104,0.94577,0.94595,2.85,2.48
2013.01.28 14:01:12.483,0.94578,0.94594,1.73,1.73
2013.01.28 14:01:12.663,0.9458,0.94594,3.23,1.50
2013.01.28 14:01:12.724,0.9458,0.94596,2.48,2.63
2013.01.28 14:01:12.783,0.94581,0.94596,1.50,2.85
2013.01.28 14:01:12.964,0.94581,0.94596,1.73,2.85
2013.01.28 14:01:13.143,0.94589,0.94595,1.65,2.25
2013.01.28 14:01:13.487,0.94595,0.946,1.88,1.50
2013.01.28 14:01:13.798,0.94598,0.94611,3.60,1.73
2013.01.28 14:01:13.870,0.94602,0.94616,2.10,2.48
2013.01.28 14:01:13.994,0.94602,0.94617,2.85,1.50
2013.01.28 14:01:14.233,0.94604,0.94619,1.35,2.25
2013.01.28 14:01:14.502,0.94598,0.94619,4.65,2.25
2013.01.28 14:01:14.563,0.946,0.94619,1.50,2.25
2013.01.28 14:01:14.702,0.94597,0.94619,2.25,2.25
2013.01.28 14:01:15.393,0.94604,0.94619,1.50,1.50
2013.01.28 14:01:15.935,0.94606,0.94621,1.35,2.84
2013.01.28 14:01:16.311,0.94606,0.9462,1.35,2.09
2013.01.28 14:01:16.906,0.94606,0.94619,1.35,1.50
2013.01.28 14:01:17.124,0.94606,0.94619,1.35,1.50
2013.01.28 14:01:17.515,0.94606,0.94619,2.10,1.50
2013.01.28 14:01:17.574,0.94607,0.94619,2.25,1.50
2013.01.28 14:01:17.633,0.94607,0.94619,4.41,1.50
2013.01.28 14:01:17.938,0.94617,0.94629,1.50,1.13
2013.01.28 14:01:18.493,0.94617,0.94631,1.73,1.13
2013.01.28 14:01:18.864,0.94617,0.94632,3.23,1.50
2013.01.28 14:01:19.104,0.94622,0.94641,1.73,2.93
2013.01.28 14:01:20.573,0.94623,0.94641,1.73,1.50
2013.01.28 14:01:21.262,0.94623,0.94641,3.08,1.50
2013.01.28 14:01:21.323,0.94623,0.94641,3.83,1.50
2013.01.28 14:01:21.693,0.94624,0.9464,1.73,1.50
2013.01.28 14:01:21.874,0.94619,0.94639,3.23,2.25
2013.01.28 14:01:22.433,0.94619,0.94637,2.48,1.50
2013.01.28 14:01:22.904,0.94621,0.94639,1.35,2.48
2013.01.28 14:01:23.336,0.94621,0.94639,2.10,1.50
2013.01.28 14:01:23.464,0.94623,0.9464,1.50,1.88
2013.01.28 14:01:23.523,0.94623,0.9464,1.50,1.88
2013.01.28 14:01:24.044,0.94624,0.9464,1.73,1.13
2013.01.28 14:01:24.875,0.94624,0.9464,1.73,1.13
2013.01.28 14:01:25.322,0.94621,0.94638,1.73,2.25
2013.01.28 14:01:28.518,0.94621,0.94637,1.73,2.48
2013.01.28 14:01:29.024,0.94621,0.94634,1.73,1.50
2013.01.28 14:01:29.273,0.94623,0.94639,2.48,1.13
2013.01.28 14:01:29.833,0.94623,0.9464,1.35,1.50
2013.01.28 14:01:30.264,0.94626,0.9464,1.58,1.50
2013.01.28 14:01:30.743,0.94624,0.9464,2.63,1.73
2013.01.28 14:01:30.803,0.94624,0.94638,1.13,1.73
2013.01.28 14:01:31.410,0.94624,0.94635,1.13,1.50
2013.01.28 14:01:32.104,0.94621,0.94636,2.10,1.73
2013.01.28 14:01:32.164,0.94621,0.94635,1.50,3.23
2013.01.28 14:01:32.468,0.94616,0.9463,1.35,1.50
2013.01.28 14:01:33.192,0.94616,0.9463,2.10,1.50
2013.01.28 14:01:34.583,0.94614,0.9463,1.35,2.10
2013.01.28 14:01:34.884,0.94613,0.94629,1.35,1.50
2013.01.28 14:01:35.063,0.94613,0.94629,2.10,1.50
2013.01.28 14:01:35.643,0.94613,0.94629,1.35,1.50
2013.01.28 14:01:35.943,0.94612,0.94629,2.48,4.13
2013.01.28 14:01:36.064,0.94612,0.94629,2.48,5.10
2013.01.28 14:01:36.423,0.94612,0.94625,1.50,1.35
2013.01.28 14:01:36.603,0.94606,0.94622,1.13,1.50
2013.01.28 14:01:37.143,0.94604,0.94622,1.95,3.00
2013.01.28 14:01:40.436,0.94604,0.94622,1.95,3.00
2013.01.28 14:01:40.963,0.94606,0.94623,5.25,3.00
2013.01.28 14:01:41.323,0.94609,0.94627,2.10,1.50
2013.01.28 14:01:41.742,0.94612,0.9463,5.10,1.50
2013.01.28 14:01:43.055,0.9461,0.94629,4.73,3.00
2013.01.28 14:01:43.368,0.9461,0.94628,1.88,1.13
2013.01.28 14:01:43.922,0.94609,0.94627,2.48,1.50
2013.01.28 14:01:44.377,0.94609,0.94627,1.73,2.25
2013.01.28 14:01:44.623,0.94608,0.94623,2.63,1.50
2013.01.28 14:01:45.298,0.94609,0.94623,1.73,1.50
2013.01.28 14:01:45.844,0.94611,0.94625,1.73,2.25
2013.01.28 14:01:45.965,0.94611,0.94625,1.73,1.50
2013.01.28 14:01:46.093,0.9461,0.94625,1.73,1.50
2013.01.28 14:01:47.213,0.94608,0.94623,2.48,1.50
2013.01.28 14:01:50.184,0.94612,0.94623,1.50,1.50
2013.01.28 14:01:50.623,0.94612,0.94625,1.50,1.50
2013.01.28 14:01:51.474,0.94613,0.94626,2.48,1.73
2013.01.28 14:01:52.013,0.94613,0.94628,2.48,1.73
2013.01.28 14:01:52.317,0.94617,0.9463,2.25,5.48
2013.01.28 14:01:52.445,0.94617,0.9463,3.08,4.50
2013.01.28 14:01:52.564,0.94618,0.9463,1.35,4.50
2013.01.28 14:01:52.683,0.94617,0.94632,2.10,1.50
2013.01.28 14:01:52.744,0.94617,0.9463,2.10,1.50
2013.01.28 14:01:52.937,0.94615,0.9463,2.48,2.25
2013.01.28 14:01:53.255,0.94611,0.94629,4.43,9.00
2013.01.28 14:01:53.378,0.94611,0.94627,2.18,1.50
2013.01.28 14:01:53.445,0.94609,0.94625,4.95,1.50
2013.01.28 14:01:54.874,0.94611,0.94625,2.25,2.25
2013.01.28 14:01:56.884,0.94608,0.94623,1.73,1.50
2013.01.28 14:01:57.003,0.94606,0.9462,2.48,1.73
2013.01.28 14:01:57.123,0.94605,0.94616,1.50,1.50
2013.01.28 14:01:57.662,0.94602,0.94616,2.25,1.73
2013.01.28 14:01:58.014,0.94602,0.94616,2.25,1.73
2013.01.28 14:01:58.536,0.94602,0.94614,3.00,1.50
2013.01.28 14:01:59.026,0.94603,0.94614,1.73,1.50
2013.01.28 14:01:59.153,0.94603,0.94614,1.73,1.50
2013.01.28 14:01:59.213,0.94603,0.94617,1.73,1.50
2013.01.28 14:02:01.010,0.94601,0.94616,1.58,1.50
2013.01.28 14:02:01.433,0.94596,0.94611,3.23,1.50
2013.01.28 14:02:02.031,0.94594,0.94611,5.48,2.25
2013.01.28 14:02:02.154,0.94594,0.94606,4.73,1.50
2013.01.28 14:02:02.707,0.94596,0.94606,1.50,1.50
2013.01.28 14:02:03.312,0.94594,0.94606,1.73,1.50
2013.01.28 14:02:05.134,0.94593,0.94606,2.48,1.50
2013.01.28 14:02:06.215,0.94594,0.94606,1.58,1.50
2013.01.28 14:02:06.462,0.94602,0.9461,1.50,11.25
2013.01.28 14:02:07.013,0.94603,0.94611,2.25,2.25
2013.01.28 14:02:07.434,0.94603,0.94613,2.25,1.50
2013.01.28 14:02:07.961,0.94603,0.94613,2.25,1.50
2013.01.28 14:02:10.213,0.94602,0.94614,2.25,1.50
2013.01.28 14:02:10.652,0.94602,0.94614,1.50,1.50
2013.01.28 14:02:11.194,0.94602,0.94616,1.50,1.13
2013.01.28 14:02:11.373,0.94599,0.94616,3.23,1.35
2013.01.28 14:02:11.936,0.94599,0.94616,2.48,2.10
2013.01.28 14:02:12.433,0.94599,0.94614,2.48,1.50
2013.01.28 14:02:12.934,0.94596,0.94611,4.35,1.50
2013.01.28 14:02:12.993,0.94596,0.9461,3.23,1.73
2013.01.28 14:02:15.435,0.94595,0.9461,3.23,1.73
2013.01.28 14:02:15.802,0.94599,0.94611,4.73,1.88
2013.01.28 14:02:15.923,0.94599,0.94612,1.50,1.50
2013.01.28 14:02:16.270,0.94597,0.94612,3.00,1.50
2013.01.28 14:02:16.453,0.946,0.94612,1.73,1.50
2013.01.28 14:02:17.013,0.94599,0.94612,2.48,1.50
2013.01.28 14:02:17.376,0.94595,0.94609,3.98,1.50
2013.01.28 14:02:17.445,0.94595,0.94609,3.98,1.50
2013.01.28 14:02:19.553,0.94594,0.94608,2.48,1.73
2013.01.28 14:02:20.089,0.94594,0.94608,1.73,1.73
2013.01.28 14:02:20.385,0.94594,0.94608,2.25,2.48
2013.01.28 14:02:20.565,0.94594,0.94608,3.00,2.48
2013.01.28 14:02:22.310,0.94594,0.94605,1.50,1.50
2013.01.28 14:02:22.434,0.94592,0.94605,2.25,1.50
2013.01.28 14:02:23.483,0.94592,0.94605,2.25,1.50
2013.01.28 14:02:24.005,0.94593,0.94605,1.50,1.50
2013.01.28 14:02:24.854,0.94592,0.94605,3.00,2.25
2013.01.28 14:02:25.912,0.94593,0.94605,1.50,1.50
2013.01.28 14:02:26.503,0.94594,0.94609,2.48,1.50
2013.01.28 14:02:26.744,0.94594,0.94608,2.25,1.73
2013.01.28 14:02:27.323,0.94594,0.94609,2.48,1.50
2013.01.28 14:02:29.334,0.94594,0.94608,1.73,1.50
2013.01.28 14:02:32.803,0.94593,0.94604,2.48,1.50
2013.01.28 14:02:32.923,0.9459,0.94604,2.25,3.98
2013.01.28 14:02:33.104,0.94587,0.94599,1.50,1.73
2013.01.28 14:02:33.475,0.94582,0.94591,4.13,3.00
2013.01.28 14:02:33.664,0.94582,0.94593,1.50,1.73
2013.01.28 14:02:33.723,0.94575,0.94588,2.48,1.50
2013.01.28 14:02:33.843,0.94579,0.94587,1.50,1.50
2013.01.28 14:02:33.903,0.94576,0.94591,1.50,1.73
2013.01.28 14:02:34.034,0.94576,0.94591,2.25,1.73
2013.01.28 14:02:34.683,0.94575,0.94591,3.23,2.48
2013.01.28 14:02:35.943,0.94575,0.94591,2.48,1.73
2013.01.28 14:02:36.055,0.94575,0.94591,2.48,1.73
2013.01.28 14:02:36.234,0.94577,0.94593,1.50,1.73
2013.01.28 14:02:36.754,0.94578,0.94593,2.25,2.48
2013.01.28 14:02:37.514,0.94575,0.94592,4.13,2.48
2013.01.28 14:02:38.459,0.94575,0.94591,2.63,1.73
2013.01.28 14:02:38.533,0.94574,0.9459,3.23,2.48
2013.01.28 14:02:39.033,0.94577,0.9459,2.25,2.25
2013.01.28 14:02:39.284,0.94576,0.94594,1.73,1.73
2013.01.28 14:02:40.553,0.94575,0.94594,2.48,3.23
2013.01.28 14:02:41.124,0.94575,0.94591,2.48,1.50
2013.01.28 14:02:42.124,0.94573,0.94586,1.73,1.50
2013.01.28 14:02:42.184,0.94571,0.94586,1.58,1.50
2013.01.28 14:02:43.284,0.94568,0.94586,3.60,1.50
2013.01.28 14:02:45.235,0.94572,0.94587,1.50,1.50
2013.01.28 14:02:45.593,0.94574,0.9459,1.73,2.85
2013.01.28 14:02:45.953,0.94574,0.94591,2.48,1.73
2013.01.28 14:02:48.334,0.94574,0.94591,3.23,1.50
2013.01.28 14:02:48.878,0.94581,0.94592,1.73,2.25
2013.01.28 14:02:49.264,0.94581,0.94594,1.73,1.50
2013.01.28 14:02:52.513,0.94577,0.94593,5.73,1.88
2013.01.28 14:02:53.362,0.94578,0.94596,4.35,1.50
2013.01.28 14:02:54.523,0.94578,0.94594,3.60,1.73
2013.01.28 14:02:55.104,0.94578,0.94594,2.48,3.98
2013.01.28 14:02:56.453,0.9458,0.94594,1.73,3.00
2013.01.28 14:02:57.663,0.94583,0.94596,1.73,3.75
2013.01.28 14:03:00.613,0.9458,0.94595,1.54,1.50
2013.01.28 14:03:01.066,0.94579,0.94595,2.07,3.75
2013.01.28 14:03:01.253,0.94575,0.94591,2.48,1.50
2013.01.28 14:03:03.083,0.94573,0.94591,2.04,3.00
2013.01.28 14:03:03.953,0.94573,0.94584,1.82,1.50
2013.01.28 14:03:04.203,0.94569,0.94582,1.73,1.13
2013.01.28 14:03:04.503,0.94565,0.94582,1.73,1.88
2013.01.28 14:03:05.334,0.94563,0.94581,1.35,1.50
2013.01.28 14:03:05.393,0.94562,0.94581,2.48,3.00
2013.01.28 14:03:05.513,0.94563,0.94581,2.48,3.00
2013.01.28 14:03:05.754,0.94564,0.94581,1.73,1.73
2013.01.28 14:03:07.142,0.94563,0.94581,1.73,3.00
2013.01.28 14:03:07.774,0.94563,0.94579,1.73,1.50
2013.01.28 14:03:08.475,0.94564,0.94579,3.52,1.50
2013.01.28 14:03:08.609,0.94566,0.94582,2.48,1.13
2013.01.28 14:03:08.673,0.94566,0.94583,2.88,1.50
2013.01.28 14:03:09.543,0.94569,0.94583,1.32,1.13
2013.01.28 14:03:10.104,0.9457,0.94585,2.61,1.50
2013.01.28 14:03:12.095,0.94571,0.94588,2.33,6.00
2013.01.28 14:03:13.646,0.94578,0.94586,1.50,1.50
2013.01.28 14:03:13.716,0.94581,0.94596,1.38,1.13
2013.01.28 14:03:13.784,0.94582,0.94592,1.50,1.50
2013.01.28 14:03:13.843,0.94582,0.94596,1.73,1.50
2013.01.28 14:03:14.179,0.94579,0.94593,2.48,1.50
2013.01.28 14:03:14.613,0.94579,0.94593,2.48,2.25
2013.01.28 14:03:15.482,0.94578,0.94594,2.48,1.50
2013.01.28 14:03:15.713,0.94578,0.94594,2.48,1.50
2013.01.28 14:03:16.894,0.94578,0.94594,2.48,1.50
2013.01.28 14:03:17.565,0.94576,0.94589,2.48,2.25
2013.01.28 14:03:17.634,0.94576,0.94589,1.50,2.25
2013.01.28 14:03:17.694,0.94572,0.94583,1.73,1.50
2013.01.28 14:03:17.935,0.94571,0.94583,1.73,1.73
2013.01.28 14:03:18.413,0.94569,0.94582,1.73,3.23
2013.01.28 14:03:18.654,0.94563,0.94582,2.48,1.73
2013.01.28 14:03:19.015,0.94563,0.94579,2.48,1.50
2013.01.28 14:03:19.376,0.94561,0.94577,1.47,1.88
2013.01.28 14:03:20.004,0.9456,0.94576,3.98,1.50
2013.01.28 14:03:20.885,0.94561,0.94579,3.83,2.25
2013.01.28 14:03:21.016,0.94566,0.94579,1.52,1.50
2013.01.28 14:03:21.144,0.94566,0.94579,3.08,2.25
2013.01.28 14:03:21.503,0.94565,0.94579,1.73,2.25
2013.01.28 14:03:22.896,0.94564,0.94577,1.73,1.50
2013.01.28 14:03:23.273,0.94564,0.94579,1.73,1.50
2013.01.28 14:03:23.574,0.94568,0.94579,2.33,1.13
2013.01.28 14:03:23.634,0.94569,0.94581,1.73,1.50
2013.01.28 14:03:23.694,0.94569,0.94581,1.73,1.50
2013.01.28 14:03:23.813,0.9457,0.94586,1.73,1.50
2013.01.28 14:03:25.016,0.9457,0.94586,3.23,1.50
2013.01.28 14:03:27.196,0.94569,0.94585,1.73,1.13
2013.01.28 14:03:27.382,0.94568,0.94584,4.73,1.88
2013.01.28 14:03:27.695,0.94571,0.94581,1.73,1.50
2013.01.28 14:03:27.934,0.94565,0.94579,1.73,1.88
2013.01.28 14:03:27.993,0.94565,0.94578,1.73,2.25
2013.01.28 14:03:28.513,0.94562,0.94578,1.73,3.00
2013.01.28 14:03:28.582,0.94562,0.94576,1.73,1.50
2013.01.28 14:03:29.405,0.94566,0.94576,1.73,2.25
2013.01.28 14:03:30.005,0.94566,0.94576,1.50,1.50
2013.01.28 14:03:30.542,0.9456,0.94576,2.48,1.50
2013.01.28 14:03:30.663,0.94559,0.94574,1.73,1.50
2013.01.28 14:03:31.331,0.94555,0.94569,2.48,1.50
2013.01.28 14:03:32.383,0.94554,0.9457,1.73,2.25
2013.01.28 14:03:34.394,0.94556,0.94572,2.48,3.38
2013.01.28 14:03:34.575,0.94556,0.94573,4.47,1.50
2013.01.28 14:03:35.006,0.94558,0.94575,3.23,3.23
2013.01.28 14:03:35.193,0.9456,0.94575,1.50,1.73
2013.01.28 14:03:35.494,0.94565,0.9458,1.58,2.25
2013.01.28 14:03:35.852,0.94568,0.94581,2.48,1.88
2013.01.28 14:03:36.152,0.94568,0.94583,2.48,3.75
2013.01.28 14:03:36.693,0.94568,0.94584,2.48,2.48
2013.01.28 14:03:36.813,0.94568,0.94582,1.50,1.50
2013.01.28 14:03:36.933,0.94568,0.94581,1.50,1.50
2013.01.28 14:03:37.113,0.94563,0.94577,1.73,1.73
2013.01.28 14:03:37.352,0.9456,0.94576,1.50,2.48
2013.01.28 14:03:37.633,0.9456,0.94576,1.50,2.48
2013.01.28 14:03:38.238,0.94559,0.94576,3.23,1.73
2013.01.28 14:03:38.901,0.94559,0.94576,3.23,1.73
2013.01.28 14:03:39.605,0.9456,0.94576,1.65,1.73
2013.01.28 14:03:39.797,0.94564,0.94579,1.35,2.48
2013.01.28 14:03:40.046,0.94565,0.94581,2.48,2.10
2013.01.28 14:03:40.551,0.94566,0.94581,1.73,1.35
2013.01.28 14:03:41.423,0.94566,0.94582,3.23,1.35
2013.01.28 14:03:42.149,0.94566,0.94584,3.23,6.98
2013.01.28 14:03:42.673,0.94566,0.94582,2.48,1.35
2013.01.28 14:03:42.733,0.94566,0.94579,2.25,1.73
2013.01.28 14:03:42.913,0.94564,0.94579,1.50,1.73
2013.01.28 14:03:43.154,0.94562,0.94578,3.00,5.48
2013.01.28 14:03:43.273,0.94559,0.94575,2.48,1.35
2013.01.28 14:03:43.754,0.94558,0.94574,2.25,2.85
2013.01.28 14:03:44.674,0.94559,0.94574,1.73,2.25
2013.01.28 14:03:45.106,0.9456,0.94574,2.25,1.50
2013.01.28 14:03:45.594,0.94564,0.94574,1.73,1.50
2013.01.28 14:03:45.714,0.94564,0.94581,1.73,5.70
2013.01.28 14:03:47.010,0.94565,0.94576,1.50,1.73
2013.01.28 14:03:47.078,0.9456,0.94576,1.88,1.73
2013.01.28 14:03:48.474,0.94561,0.94576,1.50,2.48
2013.01.28 14:03:49.023,0.94561,0.94576,1.50,1.73
2013.01.28 14:03:49.240,0.94561,0.94576,1.73,2.25
2013.01.28 14:03:51.344,0.94559,0.94575,2.48,1.88
2013.01.28 14:03:51.702,0.94559,0.9457,1.50,2.48
2013.01.28 14:03:51.823,0.94559,0.94572,1.73,2.85
2013.01.28 14:03:52.004,0.94556,0.94572,2.48,2.10
2013.01.28 14:03:52.569,0.94556,0.94573,2.48,4.73
2013.01.28 14:03:52.873,0.94553,0.9457,2.48,3.60
2013.01.28 14:03:53.113,0.94553,0.9457,2.48,5.10
2013.01.28 14:03:53.683,0.94553,0.9457,2.48,4.35
2013.01.28 14:03:54.143,0.94552,0.9457,2.48,1.88
2013.01.28 14:03:54.204,0.94552,0.9457,2.48,3.00
2013.01.28 14:03:54.392,0.94552,0.94569,2.48,1.35
2013.01.28 14:03:54.458,0.94553,0.94569,1.61,1.13
2013.01.28 14:03:54.763,0.94562,0.94576,1.13,1.88
2013.01.28 14:03:54.824,0.94565,0.94578,2.48,1.13
2013.01.28 14:03:54.884,0.94565,0.94579,2.48,3.00
2013.01.28 14:03:55.486,0.94565,0.94581,3.23,2.25
2013.01.28 14:03:55.923,0.94565,0.94581,3.23,1.50
2013.01.28 14:03:56.044,0.94566,0.94581,1.73,1.50
2013.01.28 14:03:56.694,0.94566,0.94582,1.73,2.85
2013.01.28 14:03:57.363,0.94568,0.94581,2.48,1.35
2013.01.28 14:03:57.665,0.94563,0.94575,1.73,1.13
2013.01.28 14:03:57.783,0.94563,0.94575,2.48,1.13
2013.01.28 14:03:57.904,0.94564,0.94581,3.60,2.63
2013.01.28 14:03:58.022,0.94564,0.94581,3.75,2.85
2013.01.28 14:03:58.563,0.94566,0.94582,2.25,1.73
2013.01.28 14:03:59.195,0.94566,0.94583,3.98,1.73
2013.01.28 14:03:59.263,0.94567,0.94585,2.48,1.73
2013.01.28 14:04:01.343,0.94567,0.94581,3.00,1.35
2013.01.28 14:04:01.792,0.94566,0.94581,3.00,1.35
2013.01.28 14:04:02.983,0.94566,0.94579,3.00,2.10
2013.01.28 14:04:03.104,0.94564,0.94578,1.73,2.85
2013.01.28 14:04:03.164,0.94564,0.94578,1.50,3.08
2013.01.28 14:04:03.653,0.94564,0.94579,2.48,1.35
2013.01.28 14:04:04.073,0.94566,0.94582,2.25,1.73
2013.01.28 14:04:04.733,0.94567,0.94583,2.25,1.73
2013.01.28 14:04:04.793,0.94567,0.94585,2.48,2.48
2013.01.28 14:04:06.746,0.94569,0.94585,2.25,2.48
2013.01.28 14:04:07.056,0.94569,0.94583,1.50,1.73
2013.01.28 14:04:07.123,0.94569,0.9458,1.50,2.63
2013.01.28 14:04:07.424,0.94566,0.94578,1.50,1.73
2013.01.28 14:04:07.483,0.94564,0.94578,1.50,1.73
2013.01.28 14:04:08.014,0.9456,0.94574,1.50,1.13
2013.01.28 14:04:08.336,0.9456,0.94574,1.50,2.10
2013.01.28 14:04:08.683,0.94558,0.94573,1.50,1.73
2013.01.28 14:04:09.137,0.94558,0.94572,1.50,2.85
2013.01.28 14:04:09.556,0.94558,0.94574,2.48,3.23
2013.01.28 14:04:11.113,0.94556,0.94571,3.00,1.35
2013.01.28 14:04:12.215,0.94558,0.94571,2.25,1.35
2013.01.28 14:04:14.803,0.9456,0.94576,2.25,1.73
2013.01.28 14:04:15.381,0.9456,0.94576,2.25,1.73
2013.01.28 14:04:15.683,0.94562,0.94578,2.48,2.48
2013.01.28 14:04:16.223,0.94566,0.94579,2.25,1.35
2013.01.28 14:04:16.624,0.94566,0.94579,2.48,1.35
2013.01.28 14:04:17.193,0.94566,0.94579,2.48,1.35
2013.01.28 14:04:21.900,0.94563,0.94579,2.48,1.73
2013.01.28 14:04:26.148,0.94561,0.94578,1.35,1.88
2013.01.28 14:04:28.755,0.94566,0.94581,1.58,1.88
2013.01.28 14:04:28.994,0.9457,0.94583,2.48,1.50
2013.01.28 14:04:29.055,0.94569,0.94583,1.35,1.50
2013.01.28 14:04:29.175,0.94569,0.94586,1.35,1.13
2013.01.28 14:04:29.234,0.94569,0.94584,1.35,1.50
2013.01.28 14:04:30.423,0.94569,0.94585,1.35,1.50
2013.01.28 14:04:31.599,0.94566,0.94584,1.35,1.50
2013.01.28 14:04:31.883,0.94566,0.94582,1.35,1.50
2013.01.28 14:04:32.035,0.94566,0.94584,1.35,3.75
2013.01.28 14:04:32.293,0.94566,0.94582,1.35,2.25
2013.01.28 14:04:32.415,0.94565,0.94581,3.23,1.13
2013.01.28 14:04:32.473,0.94565,0.9458,1.73,3.00
2013.01.28 14:04:33.014,0.94561,0.94577,1.73,2.63
2013.01.28 14:04:33.313,0.94561,0.94576,1.73,2.25
2013.01.28 14:04:33.914,0.94557,0.94573,2.48,2.25
2013.01.28 14:04:34.054,0.94556,0.94573,4.35,2.25
2013.01.28 14:04:34.302,0.94556,0.94572,4.35,2.25
2013.01.28 14:04:34.362,0.94556,0.94573,4.35,2.25
2013.01.28 14:04:34.733,0.94556,0.94572,3.60,2.25
2013.01.28 14:04:35.763,0.94556,0.94572,3.23,2.63
2013.01.28 14:04:36.756,0.94556,0.94572,3.23,2.63
2013.01.28 14:04:38.343,0.94556,0.94572,3.23,2.63
2013.01.28 14:04:41.145,0.94557,0.94572,2.48,2.63
2013.01.28 14:04:41.763,0.94557,0.94572,3.23,1.13
2013.01.28 14:04:42.653,0.94557,0.94572,3.23,2.63
2013.01.28 14:04:42.884,0.94557,0.94572,3.23,1.13
2013.01.28 14:04:43.300,0.94557,0.94572,3.23,1.13
2013.01.28 14:04:43.484,0.94559,0.94576,4.35,1.35
2013.01.28 14:04:43.782,0.9456,0.94579,2.16,2.25
2013.01.28 14:04:44.954,0.9456,0.94578,1.73,1.73
2013.01.28 14:04:45.653,0.9456,0.94578,2.10,1.73
2013.01.28 14:04:46.647,0.9456,0.94578,2.10,1.73
2013.01.28 14:04:49.155,0.9456,0.94578,2.85,2.48
2013.01.28 14:04:49.225,0.9456,0.94576,2.10,1.50
2013.01.28 14:04:49.307,0.94557,0.94575,5.10,2.10
2013.01.28 14:04:49.434,0.94559,0.94575,1.73,1.88
2013.01.28 14:04:49.614,0.94562,0.94578,1.35,3.98
2013.01.28 14:04:49.853,0.94562,0.94578,2.85,1.50
2013.01.28 14:04:50.165,0.94562,0.94579,1.13,3.60
2013.01.28 14:04:50.294,0.94562,0.94579,2.85,1.35
2013.01.28 14:04:51.884,0.94565,0.94581,1.88,1.88
2013.01.28 14:04:51.944,0.94565,0.94579,1.88,1.50
2013.01.28 14:04:52.305,0.94561,0.94576,2.63,1.73
2013.01.28 14:04:52.663,0.94558,0.94572,2.25,1.35
2013.01.28 14:04:53.696,0.9456,0.94574,2.25,2.25
2013.01.28 14:04:53.966,0.94561,0.94575,2.25,2.48
2013.01.28 14:04:54.094,0.94561,0.94575,3.00,2.48
2013.01.28 14:04:54.346,0.94563,0.94577,1.50,1.13
2013.01.28 14:04:54.473,0.94561,0.94577,2.25,1.35
2013.01.28 14:04:54.834,0.94561,0.94577,2.48,1.13
2013.01.28 14:04:55.014,0.94561,0.94577,2.48,1.13
2013.01.28 14:04:55.133,0.94564,0.94577,1.50,1.35
2013.01.28 14:04:55.373,0.94559,0.94576,1.73,1.35
2013.01.28 14:04:55.494,0.94561,0.94576,1.73,1.13
2013.01.28 14:04:55.915,0.94562,0.94579,1.73,3.38
2013.01.28 14:04:56.156,0.94562,0.94579,3.23,1.88
2013.01.28 14:04:56.463,0.9456,0.94576,3.23,1.88
2013.01.28 14:04:56.764,0.94562,0.94577,1.35,1.73
2013.01.28 14:04:56.823,0.94563,0.94579,2.25,4.13
2013.01.28 14:04:57.304,0.94562,0.94579,3.60,4.88
2013.01.28 14:04:57.663,0.94562,0.94576,3.23,2.25
2013.01.28 14:04:58.114,0.94563,0.94577,1.13,1.73
2013.01.28 14:04:58.174,0.94564,0.94577,2.48,1.50
2013.01.28 14:04:58.233,0.94565,0.9458,1.73,1.13
2013.01.28 14:04:59.084,0.94565,0.94582,2.48,1.88
2013.01.28 14:04:59.894,0.94565,0.94582,2.48,2.10
2013.01.28 14:05:00.455,0.94565,0.94582,1.50,4.35
2013.01.28 14:05:00.697,0.94566,0.94578,1.73,1.50
2013.01.28 14:05:00.824,0.94566,0.94581,1.73,1.50
2013.01.28 14:05:01.344,0.94565,0.94578,1.50,1.50
2013.01.28 14:05:01.583,0.94565,0.9458,1.50,3.75
2013.01.28 14:05:01.762,0.94563,0.9458,1.88,2.25
2013.01.28 14:05:02.273,0.94563,0.94579,1.50,2.25
2013.01.28 14:05:02.573,0.94564,0.9458,1.73,2.48
2013.01.28 14:05:02.755,0.94564,0.94577,1.73,1.50
2013.01.28 14:05:02.814,0.94564,0.9458,1.73,1.73
2013.01.28 14:05:02.993,0.94563,0.9458,2.48,2.48
2013.01.28 14:05:03.546,0.94562,0.94579,1.88,2.10
2013.01.28 14:05:04.083,0.94563,0.94579,1.35,2.48
2013.01.28 14:05:05.553,0.94566,0.9458,2.48,1.50
2013.01.28 14:05:05.853,0.94566,0.94583,2.48,1.73
2013.01.28 14:05:06.343,0.94566,0.94582,2.63,1.73
2013.01.28 14:05:06.464,0.94567,0.94582,1.13,3.23
2013.01.28 14:05:06.584,0.94567,0.94583,1.88,2.48
2013.01.28 14:05:06.766,0.94568,0.94583,1.50,1.73
2013.01.28 14:05:07.327,0.94568,0.94581,1.73,1.50
2013.01.28 14:05:07.395,0.94567,0.94579,2.48,1.50
2013.01.28 14:05:07.713,0.94567,0.94583,2.25,2.48
2013.01.28 14:05:07.894,0.94563,0.94576,3.75,1.73
2013.01.28 14:05:08.015,0.94563,0.94576,1.73,1.50
2013.01.28 14:05:08.194,0.94563,0.94578,1.50,1.73
2013.01.28 14:05:08.374,0.94566,0.94579,1.50,1.73
2013.01.28 14:05:09.003,0.94566,0.94579,2.48,1.50
2013.01.28 14:05:09.654,0.94568,0.94579,1.88,1.50
2013.01.28 14:05:09.712,0.94568,0.94585,1.88,3.23
2013.01.28 14:05:12.030,0.94568,0.94578,1.88,1.50
2013.01.28 14:05:12.109,0.94562,0.94578,2.10,2.48
2013.01.28 14:05:12.653,0.94562,0.94579,1.35,2.48
2013.01.28 14:05:12.954,0.94563,0.94581,3.98,2.25
2013.01.28 14:05:13.313,0.94573,0.9459,2.63,3.23
2013.01.28 14:05:13.374,0.94573,0.9459,2.63,2.85
2013.01.28 14:05:13.433,0.94573,0.9459,2.63,2.10
2013.01.28 14:05:13.997,0.94575,0.9459,1.50,1.73
2013.01.28 14:05:14.243,0.94573,0.94588,2.25,2.48
2013.01.28 14:05:14.304,0.94573,0.94587,2.25,2.48
2013.01.28 14:05:14.425,0.94573,0.94588,2.25,2.48
2013.01.28 14:05:14.663,0.94575,0.9459,1.50,3.98
2013.01.28 14:05:15.164,0.94577,0.9459,1.50,1.73
2013.01.28 14:05:15.343,0.94577,0.94592,1.50,1.50
2013.01.28 14:05:16.005,0.9458,0.94592,1.50,1.50
2013.01.28 14:05:16.585,0.9458,0.94594,1.50,1.73
2013.01.28 14:05:17.847,0.94581,0.94594,1.13,1.50
2013.01.28 14:05:19.524,0.94581,0.94597,1.73,1.73
2013.01.28 14:05:21.263,0.9458,0.94597,2.25,2.48
2013.01.28 14:05:21.697,0.94582,0.94597,1.73,3.00
2013.01.28 14:05:21.824,0.94587,0.94602,1.13,2.85
2013.01.28 14:05:22.063,0.94586,0.94602,1.73,1.50
2013.01.28 14:05:22.184,0.94586,0.94602,1.73,1.50
2013.01.28 14:05:22.862,0.94587,0.94604,1.35,2.48
2013.01.28 14:05:23.444,0.94587,0.94602,1.13,2.48
2013.01.28 14:05:23.503,0.94587,0.946,1.13,1.50
2013.01.28 14:05:24.794,0.94585,0.946,1.50,1.50
2013.01.28 14:05:25.303,0.94586,0.946,1.13,3.98
2013.01.28 14:05:27.573,0.94583,0.94597,2.25,1.50
2013.01.28 14:05:28.114,0.94584,0.94596,1.50,1.50
2013.01.28 14:05:28.621,0.94584,0.94597,1.50,1.50
2013.01.28 14:05:28.684,0.94581,0.94597,1.50,1.50
2013.01.28 14:05:28.923,0.9458,0.94595,3.00,1.50
2013.01.28 14:05:29.302,0.9458,0.94588,1.50,2.25
2013.01.28 14:05:29.369,0.94576,0.94588,2.85,2.25
2013.01.28 14:05:29.445,0.94576,0.94588,2.63,1.73
2013.01.28 14:05:29.695,0.94572,0.94588,2.33,3.23
2013.01.28 14:05:29.883,0.94574,0.94588,1.50,1.73
2013.01.28 14:05:30.184,0.94572,0.94586,1.73,1.73
2013.01.28 14:05:30.364,0.9457,0.94587,3.23,1.50
2013.01.28 14:05:30.905,0.94572,0.94588,1.13,2.48
2013.01.28 14:05:30.976,0.94572,0.94588,1.13,3.23
2013.01.28 14:05:31.993,0.94572,0.94588,1.13,3.23
2013.01.28 14:05:32.673,0.94574,0.94589,1.13,1.73
2013.01.28 14:05:33.299,0.94576,0.94589,2.25,2.48
2013.01.28 14:05:33.664,0.94576,0.94589,2.25,2.48
2013.01.28 14:05:34.287,0.94576,0.94589,2.25,2.48
2013.01.28 14:05:34.833,0.94573,0.94589,3.38,2.48
2013.01.28 14:05:36.974,0.94575,0.94589,2.48,2.48
2013.01.28 14:05:38.054,0.94575,0.94592,2.85,1.35
2013.01.28 14:05:38.723,0.94573,0.94588,3.23,1.20
2013.01.28 14:05:39.037,0.9457,0.94583,2.48,1.50
2013.01.28 14:05:39.107,0.9457,0.94583,1.50,1.73
2013.01.28 14:05:39.294,0.94568,0.94584,1.50,1.73
2013.01.28 14:05:39.813,0.94567,0.94584,1.50,3.23
2013.01.28 14:05:40.353,0.94564,0.94582,2.10,3.23
2013.01.28 14:05:41.765,0.94566,0.94584,1.73,3.60
2013.01.28 14:05:42.212,0.94566,0.94584,3.23,1.35
2013.01.28 14:05:42.291,0.94567,0.94584,3.00,1.35
2013.01.28 14:05:42.433,0.94567,0.94585,3.75,1.73
2013.01.28 14:05:44.046,0.9457,0.94587,1.13,5.85
2013.01.28 14:05:44.474,0.94573,0.94585,1.50,1.73
2013.01.28 14:05:45.584,0.9457,0.94587,2.63,2.10
2013.01.28 14:05:46.094,0.94569,0.94586,1.50,3.83
2013.01.28 14:05:46.154,0.9457,0.94586,1.35,2.85
2013.01.28 14:05:46.455,0.94571,0.94589,3.23,1.13
2013.01.28 14:05:46.787,0.94572,0.9459,2.73,1.88
2013.01.28 14:05:46.855,0.94575,0.94591,2.10,1.50
2013.01.28 14:05:47.034,0.94576,0.94591,2.11,1.50
2013.01.28 14:05:48.184,0.94579,0.94596,2.85,1.50
2013.01.28 14:05:48.694,0.9458,0.94597,1.35,2.25
2013.01.28 14:05:49.584,0.94579,0.94594,2.48,1.50
2013.01.28 14:05:50.208,0.94577,0.94592,1.35,1.50
2013.01.28 14:05:50.291,0.94574,0.9459,2.48,1.65
2013.01.28 14:05:50.793,0.94574,0.94589,1.73,2.25
2013.01.28 14:05:51.395,0.94569,0.94588,4.54,1.13
2013.01.28 14:05:53.984,0.94573,0.94589,1.61,2.25
2013.01.28 14:05:54.284,0.94575,0.94589,1.73,2.25
2013.01.28 14:06:00.156,0.9457,0.94588,4.13,4.13
2013.01.28 14:06:00.288,0.9457,0.94584,3.60,1.13
2013.01.28 14:06:02.205,0.94567,0.94583,1.73,3.00
2013.01.28 14:06:02.264,0.94565,0.9458,1.73,2.63
2013.01.28 14:06:02.894,0.94564,0.94579,1.73,2.25
2013.01.28 14:06:03.869,0.94564,0.94573,1.50,2.10
2013.01.28 14:06:04.235,0.94555,0.94571,1.35,3.08
2013.01.28 14:06:04.294,0.94555,0.94571,2.85,2.85
2013.01.28 14:06:04.428,0.94555,0.94574,3.60,3.60
2013.01.28 14:06:04.614,0.94559,0.94574,1.73,2.25
2013.01.28 14:06:05.033,0.94558,0.94575,4.73,1.50
2013.01.28 14:06:05.093,0.94558,0.94577,4.73,2.85
2013.01.28 14:06:06.703,0.9456,0.94576,1.35,1.50
2013.01.28 14:06:07.034,0.94559,0.94575,1.35,1.13
2013.01.28 14:06:11.473,0.94558,0.94575,3.60,1.65
2013.01.28 14:06:23.245,0.94558,0.94575,3.60,2.40
2013.01.28 14:06:23.566,0.94554,0.94566,1.50,5.25
2013.01.28 14:06:23.708,0.94549,0.94564,2.33,1.88
2013.01.28 14:06:23.776,0.94549,0.94566,3.08,6.38
2013.01.28 14:06:24.206,0.94552,0.94567,1.35,1.50
2013.01.28 14:06:24.334,0.94552,0.94569,1.35,4.13
2013.01.28 14:06:24.468,0.94552,0.94569,2.85,1.88
2013.01.28 14:06:25.283,0.94552,0.94569,3.23,2.25
2013.01.28 14:06:26.867,0.94552,0.94567,1.73,1.88
2013.01.28 14:06:27.205,0.94554,0.94571,2.02,1.88
2013.01.28 14:06:31.185,0.94554,0.9457,2.77,1.13
2013.01.28 14:06:31.374,0.94553,0.94569,2.48,2.25
2013.01.28 14:06:31.803,0.94553,0.94567,1.73,1.28
2013.01.28 14:06:32.105,0.94553,0.94562,1.50,2.25
2013.01.28 14:06:32.613,0.94544,0.9456,3.98,1.65
2013.01.28 14:06:33.413,0.94544,0.9456,3.98,1.88
2013.01.28 14:06:34.521,0.94544,0.9456,3.23,1.35
2013.01.28 14:06:34.703,0.94544,0.9456,3.23,1.13
2013.01.28 14:06:36.053,0.94544,0.94562,5.10,3.00
2013.01.28 14:06:38.354,0.94544,0.94562,4.35,2.48
2013.01.28 14:06:38.416,0.94544,0.94561,3.60,1.73
2013.01.28 14:06:40.312,0.94545,0.94562,3.48,1.50
2013.01.28 14:06:40.434,0.94549,0.94563,3.23,1.88
2013.01.28 14:06:40.733,0.9455,0.94567,1.73,3.98
2013.01.28 14:06:40.853,0.9455,0.94567,1.73,3.23
2013.01.28 14:06:41.096,0.94553,0.94569,1.73,3.38
2013.01.28 14:06:41.222,0.94553,0.94567,1.50,1.50
2013.01.28 14:06:41.773,0.94549,0.94567,3.45,1.50
2013.01.28 14:06:42.450,0.9455,0.94568,2.48,3.23
2013.01.28 14:06:43.603,0.9455,0.94568,2.48,3.23
2013.01.28 14:06:44.863,0.9455,0.94568,2.85,2.48
2013.01.28 14:06:47.578,0.94549,0.94568,4.58,3.98
2013.01.28 14:06:50.685,0.94552,0.94568,1.73,1.73
2013.01.28 14:06:51.964,0.94551,0.94569,2.48,3.60
2013.01.28 14:06:53.733,0.94551,0.94569,1.73,3.60
2013.01.28 14:06:57.487,0.94551,0.94568,2.48,2.03
2013.01.28 14:06:58.624,0.94553,0.94569,1.73,1.50
2013.01.28 14:06:58.982,0.94555,0.94569,2.48,1.50
2013.01.28 14:06:59.874,0.94555,0.94571,2.48,1.50
2013.01.28 14:06:59.933,0.94555,0.9457,2.48,1.13
2013.01.28 14:07:00.112,0.94555,0.94569,1.73,1.65
2013.01.28 14:07:00.353,0.94557,0.94569,1.73,1.65
2013.01.28 14:07:00.414,0.94557,0.94569,1.73,1.50
2013.01.28 14:07:00.473,0.94559,0.94574,1.35,1.50
2013.01.28 14:07:00.533,0.94559,0.94574,1.58,1.28
2013.01.28 14:07:00.594,0.9456,0.94576,1.35,1.65
2013.01.28 14:07:05.472,0.9456,0.94576,1.35,1.13
2013.01.28 14:07:08.644,0.9456,0.94576,1.35,2.85
2013.01.28 14:07:09.003,0.94558,0.94573,1.35,1.13
2013.01.28 14:07:09.713,0.94558,0.94575,1.35,1.35
2013.01.28 14:07:10.323,0.94558,0.94575,1.35,2.10
2013.01.28 14:07:13.715,0.94559,0.94575,1.35,3.60
2013.01.28 14:07:20.285,0.94557,0.9457,1.35,1.13
2013.01.28 14:07:20.584,0.94552,0.94567,3.23,1.50
2013.01.28 14:07:21.003,0.94551,0.94568,1.35,3.53
2013.01.28 14:07:29.874,0.94552,0.94569,2.85,1.88
2013.01.28 14:07:31.064,0.94554,0.9457,2.10,2.48
2013.01.28 14:07:31.183,0.94554,0.94569,2.85,1.65
2013.01.28 14:07:31.243,0.94556,0.94569,1.73,1.65
2013.01.28 14:07:31.422,0.94554,0.94569,3.60,1.65
2013.01.28 14:07:35.163,0.94554,0.94568,1.35,1.88
2013.01.28 14:07:35.403,0.94552,0.94569,1.73,5.48
2013.01.28 14:07:35.523,0.94553,0.94568,2.10,1.80
2013.01.28 14:07:42.453,0.94555,0.94568,1.58,3.00
2013.01.28 14:07:42.574,0.94557,0.94569,1.73,2.63
2013.01.28 14:07:42.694,0.94555,0.94569,2.48,2.63
2013.01.28 14:07:42.946,0.94554,0.94571,2.10,1.50
2013.01.28 14:07:43.072,0.94557,0.94571,2.48,1.50
2013.01.28 14:07:43.373,0.94557,0.94573,2.70,1.13
2013.01.28 14:07:43.889,0.94557,0.94572,2.70,1.50
2013.01.28 14:07:44.154,0.94557,0.94572,1.73,2.25
2013.01.28 14:07:44.657,0.94554,0.94571,2.85,1.50
2013.01.28 14:07:45.493,0.94553,0.94569,3.72,1.50
2013.01.28 14:07:45.613,0.94553,0.94569,2.48,3.00
2013.01.28 14:07:46.304,0.94553,0.94569,2.48,2.25
2013.01.28 14:07:47.474,0.94553,0.9457,2.48,3.00
2013.01.28 14:07:47.593,0.94562,0.94571,2.25,1.50
2013.01.28 14:07:47.653,0.94564,0.94573,1.13,2.25
2013.01.28 14:07:47.773,0.94564,0.94576,1.13,1.13
2013.01.28 14:07:47.834,0.94564,0.94577,1.35,1.65
2013.01.28 14:07:48.343,0.94564,0.94577,1.35,1.65
2013.01.28 14:07:49.032,0.94562,0.94578,1.73,2.40
2013.01.28 14:07:50.042,0.94566,0.94582,1.73,4.73
2013.01.28 14:07:50.107,0.94566,0.94582,1.73,3.75
2013.01.28 14:07:50.485,0.94567,0.94583,1.32,2.03
2013.01.28 14:07:50.693,0.94567,0.94583,1.32,3.53
2013.01.28 14:07:51.287,0.94567,0.94583,1.32,2.78
2013.01.28 14:07:51.817,0.94567,0.94583,2.07,2.78
2013.01.28 14:07:52.843,0.94573,0.94588,1.58,3.75
2013.01.28 14:07:53.604,0.94571,0.94588,3.12,1.88
2013.01.28 14:08:02.362,0.94572,0.94588,2.10,1.50
2013.01.28 14:08:04.763,0.94574,0.94589,1.73,1.13
2013.01.28 14:08:04.943,0.94573,0.9459,3.83,2.63
2013.01.28 14:08:05.124,0.94576,0.94592,2.10,1.50
2013.01.28 14:08:05.670,0.94576,0.94594,2.10,3.00
2013.01.28 14:08:06.193,0.94575,0.94591,2.10,1.50
2013.01.28 14:08:06.373,0.94575,0.94591,1.35,3.75
2013.01.28 14:08:06.613,0.94575,0.94588,1.35,1.50
2013.01.28 14:08:06.925,0.94575,0.94584,1.35,1.50
2013.01.28 14:08:07.164,0.94575,0.94586,1.35,3.00
2013.01.28 14:08:07.713,0.94569,0.94587,2.85,1.65
2013.01.28 14:08:08.188,0.94569,0.94586,2.10,1.65
2013.01.28 14:08:08.423,0.9457,0.94587,2.48,3.00
2013.01.28 14:08:08.542,0.94571,0.94587,1.73,1.50
2013.01.28 14:08:09.093,0.94574,0.9459,2.48,1.88
2013.01.28 14:08:09.453,0.94577,0.94594,2.10,4.88
2013.01.28 14:08:09.955,0.94576,0.94594,2.48,3.38
2013.01.28 14:08:10.554,0.94576,0.94593,1.73,1.13
2013.01.28 14:08:11.412,0.94576,0.94591,1.73,1.50
2013.01.28 14:08:11.717,0.94576,0.94587,1.73,1.50
2013.01.28 14:08:11.845,0.94572,0.94588,2.10,2.25
2013.01.28 14:08:13.913,0.94572,0.94588,4.50,1.50
2013.01.28 14:08:14.033,0.94572,0.94588,3.60,1.50
2013.01.28 14:08:14.383,0.94571,0.94586,2.48,1.13
2013.01.28 14:08:14.624,0.94569,0.94586,1.73,4.35
2013.01.28 14:08:14.747,0.9457,0.94587,3.83,4.50
2013.01.28 14:08:14.932,0.94572,0.94587,3.23,1.50
2013.01.28 14:08:15.474,0.94572,0.94589,3.98,2.48
2013.01.28 14:08:16.674,0.94572,0.94586,1.73,1.50
2013.01.28 14:08:16.793,0.9457,0.94586,1.58,1.73
2013.01.28 14:08:17.032,0.94568,0.94586,2.10,1.50
2013.01.28 14:08:18.243,0.9457,0.94586,3.23,1.13
2013.01.28 14:08:18.974,0.94573,0.9459,1.35,3.38
2013.01.28 14:08:21.054,0.94573,0.94591,3.23,2.63
2013.01.28 14:08:22.925,0.94573,0.94591,4.35,2.25
2013.01.28 14:08:24.706,0.94573,0.94591,2.85,3.38
2013.01.28 14:08:26.252,0.94573,0.94591,3.08,3.38
2013.01.28 14:08:30.973,0.94573,0.94591,3.08,2.63
2013.01.28 14:08:31.713,0.94576,0.94592,1.73,1.35
2013.01.28 14:08:33.059,0.94576,0.94592,1.73,1.35
2013.01.28 14:08:37.375,0.94576,0.94592,1.73,1.35
2013.01.28 14:08:38.593,0.94573,0.94591,4.73,3.98
2013.01.28 14:08:38.715,0.94573,0.94588,3.23,2.10
2013.01.28 14:08:38.774,0.94573,0.94587,2.48,3.23
2013.01.28 14:08:39.317,0.94573,0.94588,3.23,1.35
2013.01.28 14:08:39.387,0.94573,0.94588,3.00,1.95
2013.01.28 14:08:39.633,0.94573,0.94585,3.00,1.73
2013.01.28 14:08:42.713,0.9457,0.94585,1.73,1.35
2013.01.28 14:08:44.483,0.9457,0.94585,1.73,1.13
2013.01.28 14:08:45.023,0.94571,0.94588,2.48,3.38
2013.01.28 14:08:45.684,0.94571,0.94588,3.23,1.13
2013.01.28 14:08:46.233,0.94572,0.94589,3.23,1.88
2013.01.28 14:08:46.843,0.94574,0.94591,3.23,2.63
2013.01.28 14:08:47.083,0.94576,0.94593,2.48,1.13
2013.01.28 14:08:52.514,0.94576,0.94594,2.48,3.00
2013.01.28 14:08:52.753,0.94582,0.94595,3.98,2.25
2013.01.28 14:08:52.812,0.94582,0.94597,4.73,2.25
2013.01.28 14:08:53.124,0.94582,0.94598,5.31,2.63
2013.01.28 14:08:54.423,0.94583,0.94598,2.31,1.13
2013.01.28 14:08:54.913,0.94581,0.94597,1.73,1.50
2013.01.28 14:08:55.633,0.94581,0.94597,2.48,2.25
2013.01.28 14:08:57.953,0.94584,0.94598,1.73,2.25
2013.01.28 14:08:58.133,0.94584,0.94599,1.73,1.50
2013.01.28 14:08:58.784,0.94581,0.94598,1.58,3.00
2013.01.28 14:08:59.445,0.94579,0.94598,2.48,6.00
2013.01.28 14:09:00.933,0.94578,0.94595,1.62,2.63
2013.01.28 14:09:01.052,0.94578,0.94595,1.35,2.63
2013.01.28 14:09:05.653,0.94578,0.94595,1.35,2.25
2013.01.28 14:09:05.717,0.94578,0.94596,1.35,4.50
2013.01.28 14:09:07.323,0.94577,0.94595,3.98,1.50
2013.01.28 14:09:08.083,0.94579,0.94596,1.35,2.63
2013.01.28 14:09:08.265,0.94582,0.94596,2.48,1.13
2013.01.28 14:09:08.384,0.94582,0.94598,2.48,2.63
2013.01.28 14:09:08.922,0.94582,0.94598,2.48,2.63
2013.01.28 14:09:09.163,0.94585,0.94599,2.48,1.50
2013.01.28 14:09:09.693,0.94583,0.94599,2.10,3.15
2013.01.28 14:09:10.084,0.9458,0.94595,1.35,2.25
2013.01.28 14:09:12.293,0.94579,0.94593,1.73,1.50
2013.01.28 14:09:13.204,0.94579,0.94595,1.73,2.63
2013.01.28 14:09:14.231,0.94579,0.94594,1.73,2.25
2013.01.28 14:09:14.746,0.94579,0.94594,1.73,1.50
2013.01.28 14:09:15.274,0.94579,0.94593,1.73,1.50
2013.01.28 14:09:17.036,0.94579,0.94595,2.48,2.63
2013.01.28 14:09:17.585,0.94578,0.94595,2.85,3.00
2013.01.28 14:09:17.967,0.94578,0.94595,2.85,2.25
2013.01.28 14:09:18.484,0.94578,0.94595,2.85,2.25
2013.01.28 14:09:18.996,0.94578,0.94595,3.60,2.25
2013.01.28 14:09:19.274,0.94578,0.94596,2.85,2.25
2013.01.28 14:09:21.444,0.94582,0.94597,3.98,1.88
2013.01.28 14:09:21.504,0.94583,0.94598,1.73,1.50
2013.01.28 14:09:21.834,0.94583,0.94599,2.20,1.50
2013.01.28 14:09:22.483,0.94584,0.94601,1.73,1.77
2013.01.28 14:09:23.864,0.94584,0.94599,1.73,1.50
2013.01.28 14:09:24.848,0.94584,0.94601,3.23,1.77
2013.01.28 14:09:25.156,0.94585,0.94602,1.35,4.32
2013.01.28 14:09:25.290,0.94585,0.94602,1.35,3.57
2013.01.28 14:09:26.678,0.94588,0.94603,2.48,2.33
2013.01.28 14:09:26.806,0.9459,0.94604,1.73,1.58
2013.01.28 14:09:27.474,0.9459,0.94608,1.73,1.50
2013.01.28 14:09:29.226,0.94601,0.94608,1.35,1.50
2013.01.28 14:09:29.465,0.94599,0.94616,1.35,1.88
2013.01.28 14:09:29.584,0.94599,0.94613,1.35,1.50
2013.01.28 14:09:29.828,0.94601,0.94615,1.73,1.50
2013.01.28 14:09:30.015,0.94602,0.94617,1.89,1.50
2013.01.28 14:09:30.256,0.94602,0.94617,1.89,1.50
2013.01.28 14:09:30.494,0.94601,0.94617,1.73,1.50
2013.01.28 14:09:32.176,0.94599,0.94617,3.23,2.25
2013.01.28 14:09:33.238,0.94599,0.94617,2.48,1.88
2013.01.28 14:09:35.465,0.94599,0.94617,1.73,3.00
2013.01.28 14:09:39.926,0.94603,0.94618,1.73,1.50
2013.01.28 14:09:40.285,0.94602,0.94619,1.58,2.25
2013.01.28 14:09:40.825,0.94608,0.94619,1.73,1.50
2013.01.28 14:09:41.125,0.94608,0.94619,2.48,1.50
2013.01.28 14:09:41.186,0.94609,0.94624,1.73,1.13
2013.01.28 14:09:41.784,0.94609,0.94624,1.13,1.13
2013.01.28 14:09:41.903,0.94611,0.94627,1.58,2.63
2013.01.28 14:09:42.204,0.9461,0.94625,1.35,1.50
2013.01.28 14:09:42.264,0.9461,0.94625,1.13,1.50
2013.01.28 14:09:42.323,0.94607,0.94624,3.08,1.50
2013.01.28 14:09:42.446,0.94605,0.94624,3.23,1.50
2013.01.28 14:09:43.820,0.94603,0.94621,1.50,2.63
2013.01.28 14:09:44.204,0.94603,0.94618,1.50,1.50
2013.01.28 14:09:44.565,0.94602,0.94618,1.35,1.50
2013.01.28 14:09:44.626,0.94602,0.94616,1.35,1.50
2013.01.28 14:09:44.864,0.94602,0.94618,1.35,1.50
2013.01.28 14:09:46.184,0.94606,0.9462,1.35,2.25
2013.01.28 14:09:46.714,0.94602,0.94619,1.35,1.88
2013.01.28 14:09:47.905,0.94602,0.94619,1.35,2.03
2013.01.28 14:09:48.088,0.946,0.94616,1.35,2.25
2013.01.28 14:09:48.154,0.946,0.94612,1.35,2.25
2013.01.28 14:09:48.654,0.94598,0.94613,2.48,1.88
2013.01.28 14:09:49.675,0.94598,0.94616,1.73,3.38
2013.01.28 14:09:50.167,0.94597,0.94613,1.73,2.25
2013.01.28 14:09:50.685,0.94595,0.94611,1.35,1.50
2013.01.28 14:09:51.255,0.94595,0.94609,1.35,1.50
2013.01.28 14:09:51.377,0.94596,0.94612,2.48,1.13
2013.01.28 14:09:53.674,0.94599,0.94612,1.73,1.13
2013.01.28 14:09:54.501,0.94596,0.94611,1.73,2.85
2013.01.28 14:09:55.574,0.94592,0.94609,1.88,1.13
2013.01.28 14:09:56.094,0.94593,0.94611,3.23,1.35
2013.01.28 14:09:57.486,0.94593,0.94607,2.48,1.50
2013.01.28 14:09:57.844,0.94592,0.94605,1.88,1.50
2013.01.28 14:09:58.293,0.94592,0.94608,1.88,1.50
2013.01.28 14:10:00.044,0.94592,0.94608,1.88,2.25
2013.01.28 14:10:05.863,0.94592,0.94608,1.73,2.25
2013.01.28 14:10:08.454,0.9459,0.94606,3.60,1.50
2013.01.28 14:10:08.575,0.9459,0.94606,3.23,2.48
2013.01.28 14:10:08.695,0.9459,0.94606,3.23,2.48
2013.01.28 14:10:09.253,0.94593,0.94608,1.73,4.50
2013.01.28 14:10:09.654,0.94593,0.94608,1.73,3.75
2013.01.28 14:10:15.324,0.94592,0.94608,1.73,1.50
2013.01.28 14:10:15.444,0.94592,0.94606,1.73,1.50
2013.01.28 14:10:15.564,0.94591,0.94606,2.25,1.73
2013.01.28 14:10:16.104,0.9459,0.94606,2.48,1.73
2013.01.28 14:10:16.630,0.9459,0.94607,2.48,3.98
2013.01.28 14:10:19.097,0.9459,0.94607,1.73,5.48
2013.01.28 14:10:24.185,0.94591,0.94607,1.50,2.85
2013.01.28 14:10:24.245,0.94591,0.94607,2.25,2.10
2013.01.28 14:10:24.923,0.94591,0.94608,3.00,2.85
2013.01.28 14:10:25.493,0.94592,0.9461,1.73,4.95
2013.01.28 14:10:25.794,0.94591,0.94608,1.50,4.35
2013.01.28 14:10:26.511,0.94591,0.94607,1.73,1.73
2013.01.28 14:10:26.814,0.94594,0.94608,2.10,1.50
2013.01.28 14:10:26.994,0.94594,0.9461,2.10,1.50
2013.01.28 14:10:27.975,0.94594,0.9461,2.10,1.73
2013.01.28 14:10:28.094,0.94593,0.9461,2.48,1.50
2013.01.28 14:10:28.653,0.94593,0.9461,2.48,2.25
2013.01.28 14:10:29.414,0.94593,0.9461,1.73,1.50
2013.01.28 14:10:29.967,0.94595,0.9461,1.73,1.50
2013.01.28 14:10:30.374,0.94595,0.94612,1.73,1.50
2013.01.28 14:10:30.884,0.94598,0.94613,1.73,1.35
2013.01.28 14:10:31.706,0.946,0.94613,1.58,1.50
2013.01.28 14:10:32.065,0.946,0.94613,1.58,1.50
2013.01.28 14:10:32.426,0.94601,0.94615,1.73,1.13
2013.01.28 14:10:32.664,0.94601,0.94617,1.73,2.63
2013.01.28 14:10:34.787,0.94603,0.94616,1.73,1.88
2013.01.28 14:10:39.064,0.94601,0.94616,2.48,2.48
2013.01.28 14:10:41.075,0.94601,0.94616,2.25,2.48
2013.01.28 14:10:41.414,0.94601,0.94612,2.25,1.73
2013.01.28 14:10:41.654,0.94595,0.94612,3.00,2.48
2013.01.28 14:10:42.014,0.94594,0.94607,1.50,1.73
2013.01.28 14:10:42.815,0.94594,0.94607,1.50,1.73
2013.01.28 14:10:46.174,0.94592,0.94608,2.85,1.73
2013.01.28 14:10:46.708,0.94593,0.94608,4.50,1.73
2013.01.28 14:10:47.244,0.94594,0.94608,2.25,1.50
2013.01.28 14:10:48.105,0.94594,0.94608,2.25,1.50
2013.01.28 14:10:48.985,0.94594,0.94608,2.25,1.50
2013.01.28 14:10:49.494,0.94594,0.94612,3.75,3.23
2013.01.28 14:10:49.794,0.94599,0.94615,2.25,4.35
2013.01.28 14:10:53.289,0.946,0.94618,7.50,2.48
2013.01.28 14:10:53.356,0.946,0.94618,7.73,2.48
2013.01.28 14:10:53.615,0.94601,0.9462,3.23,3.98
2013.01.28 14:10:54.266,0.94601,0.9462,3.60,3.23
2013.01.28 14:10:54.643,0.94603,0.94618,1.35,1.35
2013.01.28 14:10:55.076,0.94604,0.9462,1.88,1.73
2013.01.28 14:10:55.135,0.94607,0.9462,1.58,1.50
2013.01.28 14:10:55.194,0.94606,0.9462,6.08,1.50
2013.01.28 14:10:55.654,0.94608,0.94623,1.50,2.48
2013.01.28 14:10:56.230,0.94608,0.94623,2.25,1.73
2013.01.28 14:10:56.414,0.94608,0.94623,1.50,3.23
2013.01.28 14:10:56.594,0.94606,0.94622,2.25,1.35
2013.01.28 14:10:57.144,0.94605,0.94619,2.48,2.48
2013.01.28 14:11:12.625,0.94602,0.94621,6.08,1.35
2013.01.28 14:11:12.944,0.94606,0.94621,2.48,1.35
2013.01.28 14:11:13.464,0.94602,0.94615,2.48,2.40
2013.01.28 14:11:13.644,0.94597,0.94613,2.25,2.48
2013.01.28 14:11:15.436,0.94595,0.94612,1.73,2.85
2013.01.28 14:11:15.924,0.94595,0.94612,1.73,2.85
2013.01.28 14:11:16.455,0.94595,0.94612,1.88,2.85
2013.01.28 14:11:19.054,0.94596,0.94614,1.50,5.04
2013.01.28 14:11:19.354,0.94598,0.94614,2.25,1.73
2013.01.28 14:11:19.772,0.94593,0.94611,1.13,3.23
2013.01.28 14:11:19.969,0.9459,0.9461,7.73,3.98
2013.01.28 14:11:20.275,0.94592,0.9461,1.50,5.48
2013.01.28 14:11:20.394,0.94594,0.9461,3.60,1.73
2013.01.28 14:11:20.455,0.94597,0.94611,1.50,1.35
2013.01.28 14:11:20.945,0.946,0.94612,1.50,1.73
2013.01.28 14:11:21.024,0.94595,0.9461,1.50,1.73
2013.01.28 14:11:22.244,0.94594,0.94611,1.88,4.35
2013.01.28 14:11:22.776,0.94594,0.94611,2.63,4.35
2013.01.28 14:11:23.584,0.94593,0.94611,3.00,3.60
2013.01.28 14:11:24.246,0.94593,0.9461,3.75,2.48
2013.01.28 14:11:26.594,0.94595,0.94611,1.73,1.73
2013.01.28 14:11:29.735,0.94595,0.9461,1.50,2.10
2013.01.28 14:11:31.565,0.94594,0.9461,1.50,5.85
2013.01.28 14:11:34.964,0.94596,0.94609,1.50,2.48
2013.01.28 14:11:35.094,0.94596,0.94609,1.50,1.73
2013.01.28 14:11:35.696,0.94596,0.94609,1.50,1.73
2013.01.28 14:11:36.675,0.94596,0.94609,1.50,1.73
2013.01.28 14:11:38.654,0.94592,0.94609,4.13,2.10
2013.01.28 14:11:39.759,0.94592,0.94609,4.13,2.10
2013.01.28 14:11:40.675,0.94593,0.94609,1.50,1.73
2013.01.28 14:11:41.258,0.94593,0.94609,1.73,2.48
2013.01.28 14:11:41.974,0.94593,0.94609,1.73,1.73
2013.01.28 14:11:45.796,0.94593,0.94609,1.73,1.73
2013.01.28 14:11:46.134,0.94593,0.94609,1.73,1.73
2013.01.28 14:11:46.803,0.94593,0.94609,1.73,1.73
2013.01.28 14:11:47.695,0.94593,0.94609,1.73,1.73
2013.01.28 14:11:47.923,0.94592,0.94608,2.48,2.25
2013.01.28 14:11:47.984,0.94592,0.94608,2.25,2.48
2013.01.28 14:11:49.172,0.94591,0.94607,2.48,1.73
2013.01.28 14:11:52.444,0.94594,0.94611,2.48,2.85
2013.01.28 14:11:53.144,0.94594,0.94611,2.48,2.85
2013.01.28 14:11:53.324,0.94595,0.94611,1.73,1.88
2013.01.28 14:11:53.825,0.94596,0.94613,2.48,1.73
2013.01.28 14:11:53.884,0.946,0.94614,1.58,2.10
2013.01.28 14:11:54.127,0.94601,0.94619,2.48,17.48
2013.01.28 14:11:54.375,0.94602,0.94619,2.48,15.98
2013.01.28 14:11:54.939,0.94602,0.9462,2.48,2.10
2013.01.28 14:11:55.327,0.946,0.94617,4.58,2.25
2013.01.28 14:11:55.634,0.94599,0.94615,1.35,1.73
2013.01.28 14:11:56.854,0.94597,0.94615,2.48,2.10
2013.01.28 14:11:58.514,0.94597,0.94615,2.48,2.10
2013.01.28 14:12:00.895,0.94601,0.94617,1.73,3.00
2013.01.28 14:12:01.689,0.94601,0.94617,1.73,1.50
2013.01.28 14:12:02.054,0.94599,0.94616,1.35,2.85
2013.01.28 14:12:02.555,0.94599,0.94615,1.13,1.73
2013.01.28 14:12:02.956,0.94599,0.94615,1.13,1.73
2013.01.28 14:12:03.147,0.94598,0.94615,3.00,2.10
2013.01.28 14:12:03.665,0.94598,0.94615,3.00,2.10
2013.01.28 14:12:03.735,0.946,0.94615,1.50,2.10
2013.01.28 14:12:04.133,0.94602,0.94617,2.25,1.73
2013.01.28 14:12:04.476,0.94602,0.94617,3.00,1.73
2013.01.28 14:12:04.655,0.94604,0.94619,2.33,2.48
2013.01.28 14:12:05.094,0.94607,0.94623,2.25,2.10
2013.01.28 14:12:05.274,0.94605,0.94624,2.48,4.73
2013.01.28 14:12:05.397,0.94606,0.94624,1.58,4.73
2013.01.28 14:12:05.949,0.94606,0.94624,1.58,4.73
2013.01.28 14:12:07.545,0.94606,0.94623,1.58,1.73
2013.01.28 14:12:08.547,0.94605,0.9462,2.25,1.73
2013.01.28 14:12:08.854,0.94603,0.94615,1.50,1.73
2013.01.28 14:12:09.310,0.94599,0.94615,3.60,1.73
2013.01.28 14:12:09.436,0.94599,0.94615,1.50,1.73
2013.01.28 14:12:10.115,0.94599,0.94615,1.50,1.73
2013.01.28 14:12:10.524,0.94597,0.94614,3.00,1.73
2013.01.28 14:12:12.456,0.94599,0.94614,1.50,2.48
2013.01.28 14:12:12.874,0.94602,0.94617,1.28,2.48
2013.01.28 14:12:12.935,0.94603,0.94617,1.65,2.48
2013.01.28 14:12:13.581,0.94603,0.9462,2.25,2.48
2013.01.28 14:12:14.436,0.94604,0.9462,2.25,2.48
2013.01.28 14:12:18.695,0.94604,0.94619,1.50,1.35
2013.01.28 14:12:19.354,0.94602,0.94619,2.63,1.35
2013.01.28 14:12:20.145,0.94603,0.94619,9.15,1.35
2013.01.28 14:12:20.505,0.94606,0.94623,3.60,1.35
2013.01.28 14:12:20.865,0.94607,0.94621,1.50,1.73
2013.01.28 14:12:20.925,0.94604,0.9462,2.85,1.35
2013.01.28 14:12:22.866,0.94604,0.94622,3.00,3.98
2013.01.28 14:12:26.434,0.94607,0.94622,4.50,3.23
2013.01.28 14:12:26.614,0.94608,0.94623,1.50,1.73
2013.01.28 14:12:27.202,0.94608,0.94624,1.88,2.48
2013.01.28 14:12:29.754,0.94608,0.94624,1.35,1.73
2013.01.28 14:12:29.814,0.94606,0.94622,3.60,1.73
2013.01.28 14:12:29.937,0.94608,0.94622,1.35,1.50
2013.01.28 14:12:30.185,0.94608,0.94625,2.25,2.48
2013.01.28 14:12:30.714,0.9461,0.94626,4.88,1.35
2013.01.28 14:12:35.419,0.9461,0.94622,1.73,2.25
2013.01.28 14:12:35.666,0.94603,0.94618,1.35,1.73
2013.01.28 14:12:35.966,0.94603,0.94616,1.58,1.50
2013.01.28 14:12:36.354,0.94602,0.94619,1.58,2.10
2013.01.28 14:12:36.855,0.94602,0.94617,3.08,1.50
2013.01.28 14:12:39.424,0.94602,0.9462,2.48,3.23
2013.01.28 14:12:39.544,0.94602,0.9462,2.25,3.23
2013.01.28 14:12:41.536,0.94602,0.94619,1.50,3.60
2013.01.28 14:12:42.555,0.94601,0.94616,2.10,1.73
2013.01.28 14:12:42.774,0.94601,0.94616,3.08,1.73
2013.01.28 14:12:43.724,0.946,0.94611,1.73,1.50
2013.01.28 14:12:44.114,0.94593,0.94609,1.73,1.88
2013.01.28 14:12:44.245,0.94593,0.94609,1.73,1.88
2013.01.28 14:12:45.164,0.94592,0.94609,1.88,2.85
2013.01.28 14:12:46.969,0.94594,0.94608,1.50,1.73
2013.01.28 14:12:47.035,0.94592,0.94608,1.73,1.73
2013.01.28 14:12:47.096,0.94592,0.94607,1.73,3.23
2013.01.28 14:12:47.455,0.9459,0.94607,1.50,3.23
2013.01.28 14:12:47.844,0.94588,0.94604,1.50,2.48
2013.01.28 14:12:48.385,0.94587,0.94604,2.25,1.73
2013.01.28 14:12:49.556,0.9459,0.94604,1.50,1.73
2013.01.28 14:12:53.956,0.94587,0.94604,2.25,2.48
2013.01.28 14:12:54.255,0.94587,0.94602,1.50,2.10
2013.01.28 14:12:54.616,0.94583,0.946,2.63,1.73
2013.01.28 14:13:03.571,0.94583,0.94599,4.13,1.73
2013.01.28 14:13:04.172,0.94583,0.94598,2.63,2.85
2013.01.28 14:13:04.485,0.94585,0.94598,1.73,1.50
2013.01.28 14:13:05.025,0.94581,0.94598,1.88,2.48
2013.01.28 14:13:05.145,0.94581,0.94598,1.88,2.48
2013.01.28 14:13:05.654,0.9458,0.94597,3.23,3.23
2013.01.28 14:13:05.715,0.9458,0.94594,3.00,1.73
2013.01.28 14:13:05.897,0.94577,0.94594,1.50,2.48
2013.01.28 14:13:06.025,0.94577,0.94594,1.50,2.48
2013.01.28 14:13:06.145,0.94576,0.94594,4.88,2.48
2013.01.28 14:13:06.664,0.94576,0.94593,3.75,1.73
2013.01.28 14:13:07.684,0.94576,0.9459,3.00,1.50
2013.01.28 14:13:07.805,0.94572,0.9459,3.00,1.73
2013.01.28 14:13:07.864,0.94572,0.9459,2.25,1.73
2013.01.28 14:13:08.175,0.94572,0.94589,3.00,2.48
2013.01.28 14:13:08.396,0.94572,0.94589,3.00,2.48
2013.01.28 14:13:08.904,0.94572,0.94587,1.50,1.73
2013.01.28 14:13:09.085,0.94569,0.94584,1.50,2.33
2013.01.28 14:13:09.596,0.94565,0.94583,2.25,1.73
2013.01.28 14:13:12.137,0.94565,0.94583,2.25,1.73
2013.01.28 14:13:12.746,0.94565,0.94583,2.25,1.73
2013.01.28 14:13:13.594,0.94569,0.94583,2.25,1.73
2013.01.28 14:13:14.134,0.94567,0.94583,3.00,1.58
2013.01.28 14:13:14.814,0.94567,0.94582,2.25,1.73
2013.01.28 14:13:15.334,0.94567,0.94582,2.25,1.73
2013.01.28 14:13:15.844,0.94567,0.94582,1.50,1.73
2013.01.28 14:13:17.257,0.94563,0.9458,1.13,2.85
2013.01.28 14:13:17.855,0.94563,0.94581,1.13,2.10
2013.01.28 14:13:18.774,0.94563,0.94581,1.13,2.10
2013.01.28 14:13:23.905,0.94561,0.94578,2.25,2.48
2013.01.28 14:13:24.205,0.94562,0.94577,1.13,1.43
2013.01.28 14:13:26.416,0.9456,0.94577,1.50,3.00
2013.01.28 14:13:28.115,0.94565,0.94577,2.40,1.88
2013.01.28 14:13:28.176,0.94565,0.94579,2.40,1.73
2013.01.28 14:13:28.235,0.94567,0.94581,2.25,1.13
2013.01.28 14:13:28.294,0.94569,0.94585,1.13,3.00
2013.01.28 14:13:28.652,0.94569,0.94585,1.13,1.97
2013.01.28 14:13:29.208,0.94569,0.94586,1.88,3.60
2013.01.28 14:13:30.025,0.94569,0.94586,1.13,3.60
2013.01.28 14:13:33.364,0.94569,0.94586,1.50,3.23
2013.01.28 14:13:33.483,0.94572,0.94586,2.25,2.48
2013.01.28 14:13:36.627,0.94572,0.94587,1.50,1.73
2013.01.28 14:13:36.755,0.9457,0.94584,1.50,1.50
2013.01.28 14:13:37.194,0.9457,0.94584,1.50,1.73
2013.01.28 14:13:37.754,0.94569,0.94584,2.25,2.48
2013.01.28 14:13:38.274,0.94569,0.94584,1.50,3.23
2013.01.28 14:13:38.646,0.94569,0.94584,1.50,3.23
2013.01.28 14:13:43.387,0.94567,0.94581,1.13,2.86
2013.01.28 14:13:43.654,0.94569,0.94583,1.50,1.73
2013.01.28 14:13:43.786,0.94569,0.94583,1.50,2.10
2013.01.28 14:13:48.765,0.94569,0.94582,1.50,2.63
2013.01.28 14:13:49.004,0.94569,0.94582,1.50,2.48
2013.01.28 14:13:54.023,0.94566,0.94582,2.25,1.73
2013.01.28 14:13:54.564,0.94565,0.94582,1.50,2.10
2013.01.28 14:13:54.624,0.94565,0.9458,1.50,2.85
2013.01.28 14:13:54.864,0.94559,0.94576,3.23,2.25
2013.01.28 14:13:55.114,0.94559,0.94575,3.23,1.13
2013.01.28 14:13:55.174,0.94559,0.94575,3.00,1.13
2013.01.28 14:13:55.724,0.94558,0.94573,1.50,1.35
2013.01.28 14:13:56.143,0.94554,0.94572,3.23,3.60
2013.01.28 14:13:57.375,0.94553,0.9457,2.85,1.50
2013.01.28 14:13:57.495,0.94552,0.94567,1.73,1.50
2013.01.28 14:13:57.855,0.94552,0.94567,1.73,1.73
2013.01.28 14:14:02.305,0.94553,0.94568,1.73,1.73
2013.01.28 14:14:02.614,0.94552,0.94567,2.25,1.95
2013.01.28 14:14:02.734,0.9455,0.94567,3.60,1.35
2013.01.28 14:14:03.424,0.9455,0.94567,2.10,1.35
2013.01.28 14:14:03.725,0.94548,0.94565,2.25,2.10
2013.01.28 14:14:04.084,0.94548,0.94566,1.50,3.23
2013.01.28 14:14:04.713,0.94548,0.94566,1.50,3.23
2013.01.28 14:14:08.135,0.94548,0.94563,1.50,1.73
2013.01.28 14:14:08.735,0.94547,0.94563,2.48,1.73
2013.01.28 14:14:09.154,0.94545,0.94563,2.63,3.23
2013.01.28 14:14:12.744,0.94544,0.94561,2.63,1.35
2013.01.28 14:14:12.804,0.94544,0.9456,2.48,1.73
2013.01.28 14:14:13.044,0.94546,0.94562,1.13,3.23
2013.01.28 14:14:13.705,0.94545,0.94563,3.00,2.85
2013.01.28 14:14:14.264,0.94543,0.9456,3.23,1.73
2013.01.28 14:14:14.965,0.94545,0.94561,3.38,1.73
2013.01.28 14:14:15.277,0.94545,0.94562,3.38,1.35
2013.01.28 14:14:19.025,0.94547,0.94561,1.88,1.73
2013.01.28 14:14:21.985,0.94546,0.94561,1.13,1.73
2013.01.28 14:14:26.339,0.94546,0.94561,1.13,1.73
2013.01.28 14:14:26.956,0.94543,0.9456,8.63,2.25
2013.01.28 14:14:27.015,0.94543,0.94558,7.88,1.73
2013.01.28 14:14:27.704,0.94541,0.94557,3.60,3.38
2013.01.28 14:14:27.825,0.94545,0.94558,1.73,3.00
2013.01.28 14:14:28.008,0.94546,0.94563,1.73,2.48
2013.01.28 14:14:28.074,0.94546,0.94563,1.50,2.48
2013.01.28 14:14:28.194,0.94546,0.94562,1.50,2.25
2013.01.28 14:14:28.554,0.94548,0.94563,1.50,1.50
2013.01.28 14:14:28.795,0.94546,0.94563,1.50,1.50
2013.01.28 14:14:28.914,0.94547,0.94564,2.48,2.48
2013.01.28 14:14:29.561,0.94548,0.94564,3.23,1.35
2013.01.28 14:14:31.345,0.94548,0.94562,1.73,1.50
2013.01.28 14:14:31.705,0.94544,0.94561,3.23,3.23
2013.01.28 14:14:32.004,0.94544,0.94558,3.98,1.50
2013.01.28 14:14:32.304,0.94541,0.94557,2.25,1.73
2013.01.28 14:14:32.484,0.94544,0.94557,1.50,1.73
2013.01.28 14:14:32.988,0.94544,0.94557,2.48,1.50
2013.01.28 14:14:33.645,0.94544,0.94557,2.48,1.50
2013.01.28 14:14:34.724,0.94543,0.94557,1.73,1.73
2013.01.28 14:14:35.226,0.9454,0.94556,4.58,1.35
2013.01.28 14:14:35.534,0.94536,0.94551,2.25,3.23
2013.01.28 14:14:36.054,0.94536,0.94551,1.50,2.48
2013.01.28 14:14:37.074,0.94534,0.9455,3.23,1.35
2013.01.28 14:14:43.864,0.94535,0.9455,4.58,1.35
2013.01.28 14:14:44.224,0.94538,0.94555,2.10,2.85
2013.01.28 14:14:47.147,0.94537,0.94554,2.10,1.35
2013.01.28 14:14:47.914,0.94536,0.94554,3.23,1.35
2013.01.28 14:14:51.824,0.94539,0.94555,2.25,2.48
2013.01.28 14:14:54.674,0.94534,0.9455,2.85,1.73
2013.01.28 14:14:56.545,0.94535,0.9455,2.25,2.48
2013.01.28 14:14:56.904,0.94535,0.94548,2.25,1.73
2013.01.28 14:14:57.506,0.94535,0.94547,2.25,2.48
2013.01.28 14:15:02.514,0.94531,0.94546,1.50,3.23
2013.01.28 14:15:03.492,0.94528,0.94545,3.38,2.85
2013.01.28 14:15:03.906,0.94526,0.94544,3.23,3.23
2013.01.28 14:15:04.027,0.94525,0.94542,2.10,1.73
2013.01.28 14:15:04.394,0.94523,0.94537,1.73,1.50
2013.01.28 14:15:04.896,0.94523,0.94538,2.48,1.88
2013.01.28 14:15:06.314,0.94524,0.9454,2.48,1.73
2013.01.28 14:15:06.975,0.94524,0.94541,2.48,1.73
2013.01.28 14:15:09.305,0.94524,0.9454,2.25,2.48
2013.01.28 14:15:09.665,0.94519,0.94532,2.25,1.73
2013.01.28 14:15:09.724,0.94519,0.94532,1.50,1.73
2013.01.28 14:15:10.322,0.94516,0.94532,3.23,1.73
2013.01.28 14:15:11.404,0.94516,0.94532,2.25,1.73
2013.01.28 14:15:11.525,0.94516,0.94531,2.48,1.50
2013.01.28 14:15:12.844,0.94516,0.94532,3.23,3.00
2013.01.28 14:15:12.992,0.94518,0.9453,1.73,1.13
2013.01.28 14:15:13.295,0.94513,0.94529,2.48,1.50
2013.01.28 14:15:13.596,0.94515,0.94525,1.73,1.50
2013.01.28 14:15:16.986,0.9451,0.94524,1.32,1.50
2013.01.28 14:15:20.065,0.9451,0.94525,1.32,1.50
2013.01.28 14:15:20.528,0.94511,0.94527,1.38,2.63
2013.01.28 14:15:22.657,0.94515,0.94531,1.38,1.88
2013.01.28 14:15:22.787,0.94513,0.94526,2.48,1.13
2013.01.28 14:15:27.464,0.94508,0.94525,5.48,1.50
2013.01.28 14:15:27.585,0.94508,0.94522,1.73,1.50
2013.01.28 14:15:27.764,0.94507,0.94522,3.60,1.50
2013.01.28 14:15:28.766,0.94507,0.9452,2.48,1.50
2013.01.28 14:15:29.565,0.94507,0.9452,2.48,1.50
2013.01.28 14:15:29.917,0.94511,0.94525,1.20,1.13
2013.01.28 14:15:30.047,0.9451,0.94523,2.48,1.88
2013.01.28 14:15:30.235,0.94508,0.94517,1.20,1.50
2013.01.28 14:15:30.356,0.94511,0.94524,1.50,1.88
2013.01.28 14:15:30.551,0.94511,0.94519,1.50,1.50
2013.01.28 14:15:30.625,0.94511,0.94519,1.73,1.50
2013.01.28 14:15:32.864,0.94503,0.94519,1.78,1.50
2013.01.28 14:15:34.071,0.94508,0.94521,1.73,1.50
2013.01.28 14:15:34.764,0.94508,0.94522,1.73,2.63
2013.01.28 14:15:35.754,0.94504,0.94522,1.73,1.88
2013.01.28 14:15:36.885,0.94504,0.94522,1.73,3.00
2013.01.28 14:15:37.376,0.94507,0.94522,2.77,1.13
2013.01.28 14:15:37.494,0.94504,0.94522,3.23,3.00
2013.01.28 14:15:38.036,0.94507,0.94522,1.35,3.00
2013.01.28 14:15:38.157,0.94508,0.94522,2.33,1.50
2013.01.28 14:15:38.637,0.94509,0.94522,1.58,1.50
2013.01.28 14:15:38.766,0.94509,0.94522,1.58,1.50
2013.01.28 14:15:39.441,0.94512,0.94523,1.73,1.50
2013.01.28 14:15:39.934,0.94512,0.94525,1.73,1.88
2013.01.28 14:15:41.176,0.94512,0.94525,1.73,1.88
2013.01.28 14:15:43.694,0.94511,0.94524,3.27,1.50
2013.01.28 14:15:44.312,0.9451,0.94525,2.18,1.88
2013.01.28 14:15:46.105,0.9451,0.94523,1.95,1.50
2013.01.28 14:15:47.318,0.94507,0.94523,2.10,1.50
2013.01.28 14:15:47.445,0.94507,0.94522,2.10,1.65
2013.01.28 14:15:47.507,0.94507,0.94521,1.35,2.25
2013.01.28 14:15:49.142,0.94503,0.94519,2.10,1.50
2013.01.28 14:15:49.458,0.94503,0.9452,2.10,1.50
2013.01.28 14:15:50.035,0.94504,0.94521,1.73,3.00
2013.01.28 14:15:52.924,0.94504,0.94523,2.48,3.53
2013.01.28 14:15:54.386,0.94504,0.94517,1.73,1.50
2013.01.28 14:15:54.768,0.94503,0.94515,2.85,1.50
2013.01.28 14:15:56.489,0.94504,0.94515,2.48,1.50
2013.01.28 14:15:57.624,0.94503,0.9452,2.85,1.50
2013.01.28 14:15:58.876,0.94503,0.94521,2.85,2.48
2013.01.28 14:16:01.636,0.94504,0.94521,1.73,2.85
2013.01.28 14:16:02.175,0.94504,0.94521,3.08,1.13
2013.01.28 14:16:02.458,0.94504,0.94521,3.08,2.10
2013.01.28 14:16:03.015,0.94504,0.94521,1.58,2.85
2013.01.28 14:16:04.064,0.94503,0.94521,3.23,1.73
2013.01.28 14:16:04.605,0.94503,0.94521,3.23,1.73
2013.01.28 14:16:07.934,0.94503,0.94521,1.73,1.73
2013.01.28 14:16:08.055,0.94505,0.94522,1.58,2.85
2013.01.28 14:16:08.567,0.94505,0.94522,1.58,2.85
2013.01.28 14:16:09.464,0.94505,0.94522,1.58,1.35
2013.01.28 14:16:10.537,0.94505,0.94522,1.58,1.35
2013.01.28 14:16:12.995,0.94503,0.94521,2.10,3.23
2013.01.28 14:16:17.575,0.94503,0.94521,2.48,3.60
2013.01.28 14:16:20.165,0.94506,0.94523,1.73,1.55
2013.01.28 14:16:20.225,0.94507,0.94523,2.48,1.55
2013.01.28 14:16:20.284,0.94507,0.94523,2.48,1.55
2013.01.28 14:16:21.274,0.94505,0.94523,1.35,3.05
2013.01.28 14:16:21.907,0.94505,0.94523,1.54,3.05
2013.01.28 14:16:24.335,0.94506,0.94523,2.48,2.55
2013.01.28 14:16:24.884,0.94507,0.94523,2.25,3.05
2013.01.28 14:16:32.285,0.94508,0.94523,1.13,3.80
2013.01.28 14:16:32.825,0.94509,0.94524,2.48,1.17
2013.01.28 14:16:32.945,0.94509,0.94524,1.50,1.55
2013.01.28 14:16:33.484,0.94508,0.94523,1.13,1.13
2013.01.28 14:16:35.457,0.94504,0.94521,2.25,1.50
2013.01.28 14:16:35.965,0.94504,0.94518,1.50,2.25
2013.01.28 14:16:36.048,0.94505,0.94521,2.25,1.73
2013.01.28 14:16:36.914,0.94505,0.94522,2.25,2.48
2013.01.28 14:16:37.664,0.94506,0.94521,1.50,3.23
2013.01.28 14:16:38.914,0.94506,0.94521,1.50,3.23
2013.01.28 14:16:38.975,0.94506,0.94521,2.25,3.23
2013.01.28 14:16:40.524,0.94504,0.94521,3.75,1.73
2013.01.28 14:16:42.158,0.94506,0.94522,1.50,2.48
2013.01.28 14:16:43.085,0.94508,0.94523,1.13,2.22
2013.01.28 14:16:45.365,0.94512,0.94524,1.50,1.40
2013.01.28 14:16:46.554,0.94513,0.94529,2.25,2.48
2013.01.28 14:16:47.986,0.9451,0.94526,2.25,1.52
2013.01.28 14:16:48.224,0.94509,0.94522,1.13,1.73
2013.01.28 14:16:48.406,0.94506,0.94522,4.50,2.10
2013.01.28 14:16:49.144,0.94505,0.94521,1.13,1.73
2013.01.28 14:16:49.754,0.94505,0.94521,1.13,1.73
2013.01.28 14:16:50.187,0.94503,0.94519,2.25,2.48
2013.01.28 14:16:50.876,0.94498,0.94515,2.25,1.88
2013.01.28 14:16:51.195,0.94498,0.94515,2.25,2.16
2013.01.28 14:16:51.315,0.945,0.94518,2.25,5.48
2013.01.28 14:16:51.435,0.945,0.94518,2.25,3.98
2013.01.28 14:16:51.495,0.94502,0.94518,1.50,3.23
2013.01.28 14:16:51.854,0.94503,0.94519,2.25,6.23
2013.01.28 14:16:52.395,0.94506,0.94519,1.50,1.73
2013.01.28 14:16:52.575,0.94505,0.94521,2.25,2.48
2013.01.28 14:16:54.456,0.94505,0.94522,2.25,2.48
2013.01.28 14:16:54.576,0.94506,0.94522,1.50,1.73
2013.01.28 14:16:54.945,0.94508,0.94522,2.25,2.48
2013.01.28 14:16:55.064,0.94505,0.94522,2.25,2.48
2013.01.28 14:16:55.344,0.94505,0.94521,2.25,2.48
2013.01.28 14:16:56.675,0.94509,0.9452,1.50,1.35
2013.01.28 14:16:57.214,0.94507,0.9452,2.25,1.35
2013.01.28 14:16:57.654,0.94508,0.9452,2.25,1.35
2013.01.28 14:16:57.935,0.94507,0.9452,2.25,1.35
2013.01.28 14:16:58.515,0.94509,0.94522,1.50,1.35
2013.01.28 14:16:59.585,0.94509,0.94526,3.00,2.63
2013.01.28 14:17:06.594,0.94512,0.94528,1.13,3.38
2013.01.28 14:17:07.269,0.94512,0.94527,1.50,1.13
2013.01.28 14:17:07.605,0.94513,0.9453,2.48,2.10
2013.01.28 14:17:07.664,0.94513,0.9453,3.23,2.10
2013.01.28 14:17:09.817,0.94514,0.9453,2.25,1.73
2013.01.28 14:17:10.056,0.94515,0.94532,3.00,1.35
2013.01.28 14:17:10.179,0.94515,0.94534,4.50,2.48
2013.01.28 14:17:10.485,0.94513,0.94532,4.13,1.35
2013.01.28 14:17:10.688,0.94513,0.94532,4.13,2.10
2013.01.28 14:17:12.674,0.94513,0.9453,2.63,2.48
2013.01.28 14:17:12.794,0.94513,0.94527,1.13,1.13
2013.01.28 14:17:17.675,0.9451,0.94519,3.75,1.13
2013.01.28 14:17:17.796,0.9451,0.94518,3.00,1.76
2013.01.28 14:17:17.855,0.94504,0.94517,4.88,2.51
2013.01.28 14:17:17.976,0.94503,0.94518,1.50,2.48
2013.01.28 14:17:18.335,0.94497,0.94513,1.50,1.73
2013.01.28 14:17:18.395,0.94497,0.94513,2.25,1.73
2013.01.28 14:17:18.767,0.94495,0.94513,1.13,2.10
2013.01.28 14:17:19.664,0.94495,0.94513,1.13,2.10
2013.01.28 14:17:20.334,0.94495,0.94513,1.13,2.10
2013.01.28 14:17:21.688,0.94495,0.94513,1.13,1.43
2013.01.28 14:17:21.807,0.94495,0.94512,2.63,2.48
2013.01.28 14:17:22.055,0.94495,0.94511,2.63,1.38
2013.01.28 14:17:22.312,0.94495,0.94503,3.00,1.84
2013.01.28 14:17:22.376,0.94495,0.94502,1.50,1.38
2013.01.28 14:17:22.674,0.94482,0.94499,3.00,1.60
2013.01.28 14:17:22.794,0.94481,0.94499,2.25,3.33
2013.01.28 14:17:23.156,0.9448,0.94499,4.13,4.08
2013.01.28 14:17:23.274,0.9448,0.94499,3.38,4.08
2013.01.28 14:17:23.800,0.9448,0.94499,2.63,4.83
2013.01.28 14:17:23.864,0.9448,0.94493,2.63,2.10
2013.01.28 14:17:23.985,0.94477,0.94491,1.73,1.50
2013.01.28 14:17:24.165,0.94474,0.94491,3.00,1.73
2013.01.28 14:17:24.525,0.94477,0.94493,2.25,1.73
2013.01.28 14:17:24.645,0.94479,0.94496,1.50,2.48
2013.01.28 14:17:24.705,0.94479,0.94496,1.50,1.73
2013.01.28 14:17:24.825,0.94481,0.94498,1.88,2.10
2013.01.28 14:17:27.634,0.94481,0.94497,1.13,1.88
2013.01.28 14:17:29.347,0.9448,0.94496,1.50,1.35
2013.01.28 14:17:30.084,0.94478,0.94496,3.00,1.35
2013.01.28 14:17:31.974,0.94479,0.94497,3.00,2.25
2013.01.28 14:17:32.589,0.9448,0.94498,1.13,3.38
2013.01.28 14:17:32.896,0.94486,0.94498,1.50,1.73
2013.01.28 14:17:33.204,0.94485,0.945,1.50,1.74
2013.01.28 14:17:33.625,0.94482,0.94499,1.13,1.35
2013.01.28 14:17:33.685,0.94483,0.945,3.00,2.48
2013.01.28 14:17:34.045,0.94485,0.94503,2.63,2.48
2013.01.28 14:17:34.164,0.94487,0.94504,1.35,2.48
2013.01.28 14:17:34.705,0.94489,0.94504,1.50,1.73
2013.01.28 14:17:35.005,0.94491,0.94506,1.50,1.50
2013.01.28 14:17:35.184,0.94489,0.94506,2.63,1.50
2013.01.28 14:17:36.058,0.9449,0.94506,1.50,2.25
2013.01.28 14:17:36.245,0.94486,0.94501,1.50,2.46
2013.01.28 14:17:36.365,0.94486,0.94503,1.50,1.35
2013.01.28 14:17:36.545,0.94485,0.94501,1.50,2.62
2013.01.28 14:17:36.785,0.94486,0.945,1.50,1.13
2013.01.28 14:17:37.026,0.94488,0.94504,1.50,1.35
2013.01.28 14:17:37.204,0.94484,0.94502,3.38,1.58
2013.01.28 14:17:37.268,0.94484,0.945,1.13,2.48
2013.01.28 14:17:37.339,0.94483,0.945,5.25,2.48
2013.01.28 14:17:38.384,0.94483,0.945,4.13,2.48
2013.01.28 14:17:38.945,0.94483,0.945,4.35,2.48
2013.01.28 14:17:39.928,0.94483,0.945,5.10,2.48
2013.01.28 14:17:40.385,0.94485,0.94502,1.50,1.95
2013.01.28 14:17:40.504,0.94483,0.945,1.88,4.13
2013.01.28 14:17:48.594,0.94481,0.94498,5.25,1.35
2013.01.28 14:17:50.138,0.94482,0.94498,1.50,1.35
2013.01.28 14:17:52.334,0.94481,0.94496,1.50,1.35
2013.01.28 14:17:52.814,0.94479,0.94496,3.38,3.60
2013.01.28 14:17:53.434,0.94481,0.94496,4.73,1.88
2013.01.28 14:17:53.948,0.94484,0.94498,1.50,1.35
2013.01.28 14:17:54.287,0.94482,0.94498,5.33,1.13
2013.01.28 14:17:54.467,0.94484,0.94499,1.35,1.88
2013.01.28 14:17:54.975,0.94483,0.94499,1.73,4.13
2013.01.28 14:17:55.464,0.94489,0.94499,1.50,2.40
2013.01.28 14:17:55.773,0.94488,0.94505,2.33,1.88
2013.01.28 14:17:55.894,0.94489,0.94506,1.58,1.65
2013.01.28 14:17:56.091,0.9449,0.94502,1.50,1.50
2013.01.28 14:17:56.156,0.94487,0.94502,2.63,1.65
2013.01.28 14:17:56.215,0.94487,0.94501,2.85,1.13
2013.01.28 14:17:56.574,0.94489,0.94502,1.50,1.13
2013.01.28 14:17:56.875,0.94489,0.94505,2.48,1.88
2013.01.28 14:17:56.994,0.94489,0.94506,2.48,1.13
2013.01.28 14:17:57.801,0.94495,0.94507,1.50,1.65
2013.01.28 14:17:58.045,0.94495,0.94508,1.50,1.50
2013.01.28 14:17:59.123,0.94493,0.94508,1.73,1.50
2013.01.28 14:17:59.691,0.94493,0.94507,2.48,1.65
2013.01.28 14:17:59.757,0.94495,0.94507,2.25,1.50
2013.01.28 14:17:59.875,0.94498,0.94511,2.25,1.73
2013.01.28 14:17:59.936,0.945,0.94513,1.50,2.40
2013.01.28 14:18:00.414,0.94498,0.94513,2.48,3.00
2013.01.28 14:18:00.594,0.94498,0.94513,1.73,2.63
2013.01.28 14:18:02.265,0.94496,0.94513,3.23,1.28
2013.01.28 14:18:02.624,0.94496,0.94511,3.98,1.88
2013.01.28 14:18:03.165,0.94496,0.9451,3.23,1.35
2013.01.28 14:18:04.865,0.94497,0.94512,3.23,1.73
2013.01.28 14:18:04.924,0.94497,0.94512,3.98,1.50
2013.01.28 14:18:04.986,0.94502,0.94514,1.13,1.73
2013.01.28 14:18:05.346,0.94507,0.94522,1.95,2.25
2013.01.28 14:18:05.660,0.94509,0.94526,1.73,4.34
2013.01.28 14:18:05.964,0.94509,0.94525,2.38,1.71
2013.01.28 14:18:06.624,0.9451,0.94526,2.25,1.23
2013.01.28 14:18:07.239,0.94512,0.94528,2.77,1.23
2013.01.28 14:18:07.306,0.94512,0.94528,2.48,1.38
2013.01.28 14:18:07.605,0.94512,0.94525,1.73,1.38
2013.01.28 14:18:08.354,0.94506,0.94524,2.93,3.15
2013.01.28 14:18:08.534,0.94511,0.94528,1.58,1.13
2013.01.28 14:18:09.074,0.94512,0.94528,1.73,1.28
2013.01.28 14:18:10.346,0.94513,0.9453,3.23,1.13
2013.01.28 14:18:10.948,0.94514,0.94533,3.98,2.03
2013.01.28 14:18:12.214,0.94517,0.94526,1.73,1.65
2013.01.28 14:18:12.775,0.9451,0.94525,1.73,1.28
2013.01.28 14:18:15.184,0.94507,0.94522,2.79,2.25
2013.01.28 14:18:15.245,0.94507,0.94522,2.48,2.25
2013.01.28 14:18:15.665,0.94507,0.94522,1.73,2.25
2013.01.28 14:18:16.156,0.94506,0.9452,1.73,2.25
2013.01.28 14:18:16.215,0.94505,0.9452,1.73,2.25
2013.01.28 14:18:16.275,0.94505,0.9452,1.73,2.40
2013.01.28 14:18:16.576,0.94505,0.9452,1.73,2.40
2013.01.28 14:18:16.694,0.94503,0.94518,3.60,1.65
2013.01.28 14:18:18.465,0.94504,0.94519,3.23,2.63
2013.01.28 14:18:18.645,0.94506,0.94518,1.73,1.50
2013.01.28 14:18:18.764,0.94507,0.94523,1.73,2.78
2013.01.28 14:18:18.825,0.94507,0.94523,1.73,2.78
2013.01.28 14:18:19.364,0.94509,0.94523,2.48,2.78
2013.01.28 14:18:20.375,0.94511,0.94523,2.48,1.65
2013.01.28 14:18:20.736,0.94518,0.94529,1.50,1.13
2013.01.28 14:18:21.297,0.94515,0.94531,2.48,1.50
2013.01.28 14:18:21.414,0.94515,0.94532,2.48,2.25
2013.01.28 14:18:23.814,0.94515,0.94531,2.48,1.50
2013.01.28 14:18:23.875,0.94515,0.94529,2.48,2.40
2013.01.28 14:18:24.294,0.94514,0.94529,1.73,1.65
2013.01.28 14:18:24.414,0.94514,0.94529,2.48,1.50
2013.01.28 14:18:24.534,0.94514,0.94529,2.48,3.00
2013.01.28 14:18:24.594,0.94514,0.9453,2.48,1.50
2013.01.28 14:18:25.208,0.94514,0.94531,2.48,1.88
2013.01.28 14:18:25.656,0.94514,0.94531,2.48,3.00
2013.01.28 14:18:27.794,0.94514,0.9453,3.23,2.63
2013.01.28 14:18:29.285,0.94511,0.94526,3.23,1.50
2013.01.28 14:18:29.825,0.94507,0.94525,5.49,2.25
2013.01.28 14:18:30.064,0.94506,0.94521,2.48,1.65
2013.01.28 14:18:30.304,0.94504,0.94518,1.73,1.65
2013.01.28 14:18:30.488,0.94503,0.9452,2.85,1.35
2013.01.28 14:18:30.555,0.94503,0.9452,2.85,1.35
2013.01.28 14:18:30.745,0.94503,0.94521,3.60,3.75
2013.01.28 14:18:30.805,0.94503,0.94521,2.85,3.75
2013.01.28 14:18:30.987,0.94505,0.94521,1.73,3.00
2013.01.28 14:18:35.340,0.94505,0.94521,1.73,3.38
2013.01.28 14:18:35.646,0.94502,0.94517,2.10,1.50
2013.01.28 14:18:35.975,0.94504,0.94517,1.73,1.50
2013.01.28 14:18:36.045,0.94504,0.94519,3.98,1.50
2013.01.28 14:18:36.225,0.9451,0.94524,1.73,1.13
2013.01.28 14:18:36.285,0.94509,0.94523,2.48,1.88
2013.01.28 14:18:36.584,0.9451,0.94526,2.25,1.50
2013.01.28 14:18:36.705,0.9451,0.94525,2.25,1.50
2013.01.28 14:18:36.827,0.94511,0.94527,3.23,1.50
2013.01.28 14:18:37.195,0.94513,0.9453,2.48,5.48
2013.01.28 14:18:37.738,0.94517,0.9453,1.73,1.65
2013.01.28 14:18:38.127,0.94517,0.9453,1.73,1.50
2013.01.28 14:18:38.486,0.94519,0.94534,1.73,4.50
2013.01.28 14:18:38.846,0.94518,0.9453,2.48,1.50
2013.01.28 14:18:40.435,0.94517,0.94534,1.73,2.25
2013.01.28 14:18:40.556,0.94517,0.94534,1.73,1.50
2013.01.28 14:18:40.798,0.94515,0.9453,2.48,2.25
2013.01.28 14:18:41.615,0.94515,0.94531,2.48,1.88
2013.01.28 14:18:42.000,0.94516,0.94533,2.48,1.50
2013.01.28 14:18:42.369,0.94518,0.94533,1.38,1.13
2013.01.28 14:18:42.496,0.94518,0.94533,1.73,1.50
2013.01.28 14:18:42.676,0.94518,0.94533,1.73,1.65
2013.01.28 14:18:43.335,0.94518,0.94531,1.73,1.13
2013.01.28 14:18:43.395,0.94518,0.94531,1.73,2.63
2013.01.28 14:18:43.935,0.94516,0.94533,2.48,1.50
2013.01.28 14:18:44.505,0.94516,0.94531,1.73,2.25
2013.01.28 14:18:44.625,0.94516,0.94531,1.73,2.25
2013.01.28 14:18:45.516,0.94517,0.94531,1.73,1.50
2013.01.28 14:18:46.867,0.94519,0.94532,2.48,1.50
2013.01.28 14:18:46.926,0.94521,0.94534,1.35,1.50
2013.01.28 14:18:46.986,0.94522,0.94536,1.58,2.25
2013.01.28 14:18:47.048,0.94524,0.94536,1.73,2.25
2013.01.28 14:18:47.236,0.94524,0.94536,1.73,1.50
2013.01.28 14:18:47.355,0.94525,0.94538,2.33,1.13
2013.01.28 14:18:47.475,0.94525,0.9454,1.20,3.75
2013.01.28 14:18:47.716,0.94524,0.94542,1.73,3.53
2013.01.28 14:18:47.835,0.94524,0.94539,1.73,1.65
2013.01.28 14:18:47.895,0.94524,0.94539,1.73,2.40
2013.01.28 14:18:48.018,0.94523,0.94538,3.23,1.13
2013.01.28 14:18:48.244,0.94522,0.94537,3.23,3.00
2013.01.28 14:18:48.575,0.94527,0.94542,2.48,1.50
2013.01.28 14:18:48.774,0.94527,0.94543,2.48,1.88
2013.01.28 14:18:48.895,0.94527,0.94543,2.48,1.13
2013.01.28 14:18:48.956,0.94527,0.94543,2.48,1.13
2013.01.28 14:18:50.271,0.94529,0.94546,1.58,3.15
2013.01.28 14:18:50.456,0.94531,0.94547,2.33,1.50
2013.01.28 14:18:50.578,0.94532,0.94547,2.48,1.50
2013.01.28 14:18:50.824,0.94532,0.94549,3.23,3.90
2013.01.28 14:18:51.855,0.94532,0.94548,2.48,1.28
2013.01.28 14:18:54.041,0.94532,0.94551,5.00,3.00
2013.01.28 14:18:54.544,0.94533,0.94551,3.83,3.00
2013.01.28 14:18:54.874,0.94536,0.94553,2.11,2.25
2013.01.28 14:18:55.595,0.94535,0.94551,1.74,1.50
2013.01.28 14:18:55.714,0.94535,0.94552,1.73,2.25
2013.01.28 14:18:55.775,0.94535,0.94552,2.18,1.88
2013.01.28 14:18:56.145,0.94533,0.94552,1.58,3.75
2013.01.28 14:18:56.325,0.94535,0.94552,3.57,2.25
2013.01.28 14:18:56.565,0.94535,0.94552,3.23,1.50
2013.01.28 14:18:57.235,0.94537,0.94553,2.48,2.25
2013.01.28 14:18:57.810,0.94537,0.94554,2.48,2.03
2013.01.28 14:18:58.924,0.94535,0.9455,3.35,2.25
2013.01.28 14:18:58.984,0.94535,0.9455,2.85,2.40
2013.01.28 14:18:59.524,0.94534,0.9455,1.35,1.65
2013.01.28 14:19:00.084,0.94534,0.94551,1.35,2.78
2013.01.28 14:19:00.666,0.94533,0.9455,2.48,1.28
2013.01.28 14:19:01.465,0.94532,0.94547,5.10,1.65
2013.01.28 14:19:01.766,0.94533,0.94547,3.98,1.50
2013.01.28 14:19:01.826,0.94536,0.94553,2.48,1.65
2013.01.28 14:19:01.945,0.94536,0.94552,2.48,1.28
2013.01.28 14:19:02.005,0.94536,0.94551,2.48,2.78
2013.01.28 14:19:02.365,0.94532,0.94547,2.10,1.50
2013.01.28 14:19:02.884,0.94532,0.94549,1.73,2.03
2013.01.28 14:19:03.398,0.94533,0.94547,1.73,1.50
2013.01.28 14:19:03.925,0.94533,0.94549,2.48,2.03
2013.01.28 14:19:04.426,0.94533,0.94549,2.48,3.53
2013.01.28 14:19:06.565,0.94533,0.94548,3.23,1.65
2013.01.28 14:19:07.656,0.94533,0.94549,3.23,3.15
2013.01.28 14:19:09.555,0.94533,0.94548,3.23,1.65
2013.01.28 14:19:10.286,0.94532,0.94549,1.73,3.15
2013.01.28 14:19:10.834,0.94532,0.94549,2.48,1.65
2013.01.28 14:19:11.815,0.94533,0.94549,1.73,3.15
2013.01.28 14:19:12.334,0.94534,0.94548,2.48,1.65
2013.01.28 14:19:12.635,0.94538,0.94553,1.73,1.35
2013.01.28 14:19:12.694,0.94538,0.94553,1.73,1.13
2013.01.28 14:19:13.705,0.94539,0.94556,5.36,1.13
2013.01.28 14:19:13.885,0.94541,0.94556,1.73,1.50
2013.01.28 14:19:14.364,0.94538,0.94554,2.48,2.25
2013.01.28 14:19:17.185,0.94535,0.94552,3.23,1.13
2013.01.28 14:19:17.886,0.94535,0.94552,2.48,1.13
2013.01.28 14:19:18.505,0.94538,0.94555,1.35,1.28
2013.01.28 14:19:18.565,0.94538,0.94555,1.35,1.28
2013.01.28 14:19:21.425,0.94543,0.94557,1.73,1.50
2013.01.28 14:19:21.785,0.94544,0.94561,1.73,1.88
2013.01.28 14:19:23.524,0.94544,0.9456,1.73,2.25
2013.01.28 14:19:23.825,0.94544,0.94557,1.73,1.65
2013.01.28 14:19:23.944,0.94544,0.94557,1.73,1.65
2013.01.28 14:19:24.794,0.94544,0.94557,1.73,2.40
2013.01.28 14:19:25.916,0.94544,0.94557,2.48,1.50
2013.01.28 14:19:25.975,0.94544,0.94559,2.48,1.65
2013.01.28 14:19:26.704,0.94548,0.9456,1.73,1.65
2013.01.28 14:19:28.955,0.94544,0.94557,1.73,1.50
2013.01.28 14:19:29.076,0.94544,0.94555,1.73,2.25
2013.01.28 14:19:29.767,0.94543,0.9456,1.73,3.90
2013.01.28 14:19:30.275,0.94543,0.94559,3.23,1.13
2013.01.28 14:19:31.975,0.94545,0.94559,1.73,1.88
2013.01.28 14:19:32.035,0.94545,0.94558,1.50,1.13
2013.01.28 14:19:32.546,0.94543,0.94557,1.35,2.40
2013.01.28 14:19:39.214,0.94541,0.94556,2.10,1.50
2013.01.28 14:19:41.345,0.94543,0.94559,3.23,1.73
2013.01.28 14:19:41.405,0.94543,0.94559,3.23,1.50
2013.01.28 14:19:41.645,0.94543,0.94559,3.23,1.50
2013.01.28 14:19:42.767,0.94544,0.94559,1.73,1.50
2013.01.28 14:19:43.207,0.94547,0.94561,1.35,1.50
2013.01.28 14:19:43.519,0.94549,0.9456,1.73,2.25
2013.01.28 14:19:43.594,0.94549,0.94562,1.50,1.13
2013.01.28 14:19:43.671,0.94546,0.94559,3.00,1.13
2013.01.28 14:19:43.799,0.94549,0.94559,1.50,2.63
2013.01.28 14:19:43.986,0.94545,0.94557,2.25,2.63
2013.01.28 14:19:44.045,0.94545,0.94557,2.25,2.63
2013.01.28 14:19:44.586,0.94543,0.94557,2.63,2.63
2013.01.28 14:19:45.466,0.94543,0.94559,3.38,1.73
2013.01.28 14:19:45.922,0.94547,0.94559,1.50,1.73
2013.01.28 14:19:46.285,0.94547,0.94562,2.48,2.25
2013.01.28 14:19:46.846,0.94547,0.94562,3.23,2.25
2013.01.28 14:19:54.075,0.94548,0.94563,1.35,1.50
2013.01.28 14:19:58.026,0.94555,0.94567,1.50,2.25
2013.01.28 14:19:58.146,0.94555,0.94567,1.50,2.25
2013.01.28 14:19:58.507,0.94555,0.94566,2.48,1.50
2013.01.28 14:19:58.580,0.94552,0.94566,2.48,1.50
2013.01.28 14:19:59.070,0.94551,0.94568,3.23,2.40
2013.01.28 14:20:00.487,0.94552,0.94566,2.48,1.50
2013.01.28 14:20:00.666,0.9455,0.94565,1.73,1.73
2013.01.28 14:20:01.096,0.94551,0.94568,1.73,3.15
2013.01.28 14:20:01.661,0.9455,0.94565,3.98,1.50
2013.01.28 14:20:02.216,0.94551,0.94566,1.73,2.40
2013.01.28 14:20:02.767,0.9455,0.94567,1.73,1.13
2013.01.28 14:20:03.195,0.94553,0.9457,2.25,4.88
2013.01.28 14:20:03.639,0.94552,0.94569,3.38,3.75
2013.01.28 14:20:05.077,0.94552,0.94568,1.50,2.25
2013.01.28 14:20:05.435,0.94554,0.94568,2.25,2.25
2013.01.28 14:20:05.676,0.94554,0.9457,2.48,3.38
2013.01.28 14:20:06.195,0.94557,0.9457,1.50,1.35
2013.01.28 14:20:06.375,0.94558,0.94574,2.48,3.60
2013.01.28 14:20:06.615,0.94558,0.94574,2.48,1.13
2013.01.28 14:20:06.977,0.94562,0.94576,1.73,2.25
2013.01.28 14:20:07.036,0.94563,0.94578,1.73,2.63
2013.01.28 14:20:07.349,0.94563,0.94578,3.23,1.13
2013.01.28 14:20:07.478,0.94564,0.9458,2.85,3.00
2013.01.28 14:20:07.667,0.94567,0.94583,2.33,3.00
2013.01.28 14:20:07.967,0.94566,0.94583,3.23,4.50
2013.01.28 14:20:08.036,0.94566,0.94583,1.73,4.50
2013.01.28 14:20:08.586,0.94567,0.94583,1.35,2.25
2013.01.28 14:20:12.698,0.94567,0.94583,1.35,2.25
2013.01.28 14:20:13.697,0.94567,0.94583,1.35,2.25
2013.01.28 14:20:14.235,0.94566,0.94581,1.73,1.13
2013.01.28 14:20:14.685,0.94566,0.94579,1.73,1.50
2013.01.28 14:20:14.806,0.94567,0.94581,1.35,2.25
2013.01.28 14:20:15.326,0.94567,0.94584,1.35,2.10
2013.01.28 14:20:18.465,0.94567,0.94582,1.73,2.40
2013.01.28 14:20:18.777,0.94567,0.94577,1.73,1.50
2013.01.28 14:20:18.848,0.94564,0.94577,1.50,1.73
2013.01.28 14:20:19.055,0.94562,0.94577,1.13,1.73
2013.01.28 14:20:20.117,0.94564,0.94578,1.50,1.35
2013.01.28 14:20:20.235,0.94561,0.94578,2.85,1.50
2013.01.28 14:20:20.415,0.94561,0.94577,2.10,2.25
2013.01.28 14:20:20.475,0.94562,0.9458,1.73,3.23
2013.01.28 14:20:21.026,0.94562,0.9458,1.73,3.75
2013.01.28 14:20:21.208,0.94561,0.94578,5.85,2.63
2013.01.28 14:20:22.727,0.94561,0.94579,3.98,2.25
2013.01.28 14:20:23.736,0.94561,0.94577,3.98,1.35
2013.01.28 14:20:24.227,0.94561,0.94576,2.48,1.13
2013.01.28 14:20:24.528,0.94561,0.94574,1.50,1.73
2013.01.28 14:20:25.005,0.94558,0.94574,1.73,3.23
2013.01.28 14:20:25.185,0.94557,0.94574,2.85,3.23
2013.01.28 14:20:25.536,0.94557,0.94574,2.85,3.00
2013.01.28 14:20:25.606,0.94557,0.94574,2.85,3.00
2013.01.28 14:20:26.216,0.94557,0.94574,2.48,3.38
2013.01.28 14:20:26.926,0.94557,0.94574,2.48,3.60
2013.01.28 14:20:32.456,0.94557,0.94574,2.63,2.10
2013.01.28 14:20:33.217,0.94556,0.94571,1.50,2.10
2013.01.28 14:20:33.800,0.94559,0.94571,1.50,2.10
2013.01.28 14:20:34.046,0.94561,0.94573,1.50,1.35
2013.01.28 14:20:34.227,0.94561,0.94571,1.50,1.73
2013.01.28 14:20:34.826,0.94559,0.94574,1.50,1.73
2013.01.28 14:20:34.946,0.94559,0.94574,1.50,2.48
2013.01.28 14:20:35.457,0.94559,0.94572,1.50,1.73
2013.01.28 14:20:35.636,0.94557,0.94572,3.23,2.10
2013.01.28 14:20:35.877,0.9456,0.94572,1.50,1.35
2013.01.28 14:20:36.056,0.94562,0.94574,1.50,1.35
2013.01.28 14:20:36.296,0.9456,0.94573,1.50,2.10
2013.01.28 14:20:36.896,0.94559,0.94572,1.50,1.35
2013.01.28 14:20:37.625,0.94559,0.94574,3.23,1.35
2013.01.28 14:20:41.247,0.94559,0.94572,1.50,1.73
2013.01.28 14:20:41.607,0.94559,0.94575,2.48,1.88
2013.01.28 14:20:41.726,0.94561,0.94575,2.48,1.50
2013.01.28 14:20:41.906,0.94563,0.94579,1.73,1.35
2013.01.28 14:20:46.676,0.94563,0.94579,1.73,1.35
2013.01.28 14:20:47.035,0.94558,0.94574,2.85,1.73
2013.01.28 14:20:47.096,0.94556,0.94572,3.98,1.35
2013.01.28 14:20:47.936,0.94556,0.94572,2.48,1.35
2013.01.28 14:20:48.294,0.94555,0.94568,2.25,1.73
2013.01.28 14:20:50.665,0.94558,0.9457,1.50,2.10
2013.01.28 14:20:50.845,0.94558,0.94572,1.50,2.48
2013.01.28 14:20:51.085,0.94558,0.94574,1.73,1.35
2013.01.28 14:20:52.940,0.94555,0.94569,1.73,2.25
2013.01.28 14:20:53.265,0.94555,0.94569,1.50,2.48
2013.01.28 14:20:58.707,0.94557,0.9457,1.50,3.60
2013.01.28 14:21:00.825,0.94554,0.9457,2.25,3.60
2013.01.28 14:21:01.982,0.94556,0.94568,1.50,2.40
2013.01.28 14:21:02.737,0.94557,0.94571,1.50,1.35
2013.01.28 14:21:02.797,0.94557,0.94572,1.73,2.10
2013.01.28 14:21:04.186,0.94557,0.94568,1.73,1.50
2013.01.28 14:21:04.366,0.94556,0.94569,2.25,1.73
2013.01.28 14:21:09.155,0.94556,0.94569,4.50,2.48
2013.01.28 14:21:09.216,0.94556,0.94569,4.73,2.48
2013.01.28 14:21:09.275,0.94557,0.94572,1.73,3.23
2013.01.28 14:21:09.635,0.94561,0.94573,1.50,1.73
2013.01.28 14:21:09.696,0.94564,0.94576,1.50,2.48
2013.01.28 14:21:11.326,0.94562,0.94576,1.50,2.48
2013.01.28 14:21:12.548,0.94564,0.94578,1.50,1.35
2013.01.28 14:21:13.597,0.94565,0.94578,1.50,1.35
2013.01.28 14:21:14.956,0.94564,0.9458,2.25,2.48
2013.01.28 14:21:15.016,0.94565,0.94583,2.63,3.23
2013.01.28 14:21:15.375,0.94566,0.94584,2.48,2.70
2013.01.28 14:21:15.915,0.94568,0.94584,1.50,2.10
2013.01.28 14:21:16.276,0.9457,0.94585,1.50,2.48
2013.01.28 14:21:16.825,0.94568,0.94586,3.75,3.38
2013.01.28 14:21:17.325,0.94572,0.94586,1.50,1.88
2013.01.28 14:21:18.196,0.94572,0.94583,1.50,3.08
2013.01.28 14:21:18.257,0.94568,0.94583,2.63,3.08
2013.01.28 14:21:22.357,0.94569,0.94585,1.50,2.48
2013.01.28 14:21:22.416,0.94571,0.94586,1.50,3.00
2013.01.28 14:21:23.405,0.94572,0.94587,1.13,3.23
2013.01.28 14:21:23.614,0.94572,0.94588,2.10,2.48
2013.01.28 14:21:23.857,0.94572,0.94588,3.60,1.73
2013.01.28 14:21:24.159,0.94574,0.94587,1.50,1.73
2013.01.28 14:21:24.285,0.94572,0.94587,2.10,1.73
2013.01.28 14:21:24.869,0.94572,0.94587,2.48,1.73
2013.01.28 14:21:25.726,0.94572,0.94587,2.10,1.73
2013.01.28 14:21:25.896,0.94572,0.94587,2.10,1.50
2013.01.28 14:21:26.396,0.94572,0.94587,2.10,1.50
2013.01.28 14:21:28.736,0.94571,0.94587,5.48,1.50
2013.01.28 14:21:30.697,0.94572,0.94588,1.73,1.50
2013.01.28 14:21:32.465,0.94574,0.9459,1.73,1.50
2013.01.28 14:21:32.646,0.94574,0.94591,1.73,3.00
2013.01.28 14:21:32.765,0.94572,0.94589,2.48,3.00
2013.01.28 14:21:34.075,0.94573,0.94588,1.73,1.50
2013.01.28 14:21:35.303,0.94573,0.94587,1.73,1.50
2013.01.28 14:21:36.427,0.94573,0.94589,1.73,1.50
2013.01.28 14:21:36.547,0.94574,0.9459,2.18,1.88
2013.01.28 14:21:37.077,0.94574,0.9459,2.18,1.13
2013.01.28 14:21:38.456,0.94574,0.9459,2.18,1.28
2013.01.28 14:21:38.636,0.94572,0.94588,2.48,2.25
2013.01.28 14:21:39.445,0.94574,0.94588,1.73,1.50
2013.01.28 14:21:41.998,0.94574,0.9459,3.23,1.13
2013.01.28 14:21:42.178,0.94576,0.94592,1.35,1.50
2013.01.28 14:21:42.426,0.94577,0.94593,2.11,6.00
2013.01.28 14:21:43.236,0.9458,0.94595,3.98,1.50
2013.01.28 14:21:43.295,0.9458,0.94598,3.98,3.75
2013.01.28 14:21:43.357,0.94581,0.94598,1.34,3.75
2013.01.28 14:21:43.956,0.9458,0.94598,2.84,2.40
2013.01.28 14:21:44.257,0.94576,0.94594,4.36,1.73
2013.01.28 14:21:44.316,0.94576,0.94592,2.48,2.25
2013.01.28 14:21:45.448,0.94575,0.94592,1.35,3.00
2013.01.28 14:21:45.818,0.94574,0.94588,1.35,2.25
2013.01.28 14:21:45.937,0.94572,0.94588,3.98,1.50
2013.01.28 14:21:47.868,0.94572,0.9459,2.78,3.75
2013.01.28 14:21:50.036,0.94571,0.94589,3.23,2.63
2013.01.28 14:21:51.287,0.94572,0.94589,1.73,2.25
2013.01.28 14:21:51.468,0.94574,0.94591,2.43,3.75
2013.01.28 14:21:51.806,0.94573,0.94591,5.06,1.50
2013.01.28 14:21:56.698,0.94572,0.94589,2.06,1.50
2013.01.28 14:21:56.766,0.94571,0.94588,2.85,1.50
2013.01.28 14:21:57.418,0.94571,0.94589,2.85,1.50
2013.01.28 14:21:59.337,0.94572,0.9459,1.73,3.98
2013.01.28 14:22:00.035,0.94572,0.9459,1.35,5.25
2013.01.28 14:22:01.652,0.9457,0.94585,5.70,1.50
2013.01.28 14:22:01.965,0.9457,0.94585,3.98,1.50
2013.01.28 14:22:02.636,0.9457,0.94585,3.98,2.25
2013.01.28 14:22:03.118,0.9457,0.94586,3.23,2.25
2013.01.28 14:22:03.727,0.9457,0.94585,3.23,1.50
2013.01.28 14:22:05.476,0.9457,0.94585,3.23,2.25
2013.01.28 14:22:05.828,0.9457,0.94586,2.10,2.25
2013.01.28 14:22:06.710,0.9457,0.94586,2.85,2.25
2013.01.28 14:22:08.503,0.9457,0.94585,2.85,2.25
2013.01.28 14:22:09.016,0.94567,0.94582,2.48,1.50
2013.01.28 14:22:09.506,0.94565,0.94582,3.23,2.63
2013.01.28 14:22:09.876,0.94563,0.94579,1.73,1.50
2013.01.28 14:22:10.175,0.94561,0.94577,1.73,1.13
2013.01.28 14:22:13.217,0.94561,0.94577,1.73,1.88
2013.01.28 14:22:13.519,0.94557,0.94569,2.48,1.35
2013.01.28 14:22:13.647,0.94557,0.94569,1.73,2.85
2013.01.28 14:22:14.136,0.94553,0.94567,1.73,3.00
2013.01.28 14:22:15.176,0.9455,0.94567,1.73,5.25
2013.01.28 14:22:15.716,0.94548,0.94564,1.73,1.50
2013.01.28 14:22:16.216,0.94547,0.94564,5.48,3.00
2013.01.28 14:22:16.576,0.9455,0.94567,2.10,2.63
2013.01.28 14:22:16.636,0.94551,0.94567,1.73,1.88
2013.01.28 14:22:17.324,0.94551,0.94567,1.73,2.48
2013.01.28 14:22:17.628,0.9455,0.94564,1.73,4.73
2013.01.28 14:22:17.756,0.94547,0.94564,1.35,2.63
2013.01.28 14:22:18.041,0.94545,0.94561,1.73,1.50
2013.01.28 14:22:20.806,0.94543,0.94562,4.35,1.13
2013.01.28 14:22:23.935,0.94545,0.94561,2.77,1.13
2013.01.28 14:22:24.458,0.94547,0.94565,2.48,2.25
2013.01.28 14:22:24.516,0.94547,0.94565,2.48,2.48
2013.01.28 14:22:29.235,0.94548,0.94565,1.73,2.25
2013.01.28 14:22:29.355,0.94548,0.94566,2.48,3.23
2013.01.28 14:22:29.476,0.94552,0.94566,1.73,1.13
2013.01.28 14:22:30.186,0.94553,0.94569,2.48,1.13
2013.01.28 14:22:31.176,0.94553,0.94571,2.48,1.13
2013.01.28 14:22:33.306,0.94553,0.94571,1.73,2.63
2013.01.28 14:22:35.578,0.94552,0.9457,2.48,1.50
2013.01.28 14:22:36.722,0.94553,0.94571,1.35,3.75
2013.01.28 14:22:39.016,0.94552,0.94571,3.23,1.50
2013.01.28 14:22:39.986,0.94552,0.94569,3.23,2.25
2013.01.28 14:22:40.046,0.94552,0.94568,1.73,1.50
2013.01.28 14:22:40.457,0.9455,0.94563,1.73,2.48
2013.01.28 14:22:40.756,0.94547,0.94565,3.98,1.88
2013.01.28 14:22:41.206,0.94547,0.94565,2.48,2.10
2013.01.28 14:22:41.326,0.94546,0.94563,4.35,1.50
2013.01.28 14:22:41.846,0.94546,0.94562,3.60,1.50
2013.01.28 14:22:43.186,0.94547,0.94563,1.73,2.25
2013.01.28 14:22:43.717,0.94547,0.94561,2.48,1.50
2013.01.28 14:22:50.577,0.94547,0.94561,3.98,1.50
2013.01.28 14:22:50.635,0.9455,0.94565,1.73,1.13
2013.01.28 14:22:50.696,0.9455,0.94567,2.48,3.00
2013.01.28 14:22:51.281,0.94549,0.94567,2.48,3.00
2013.01.28 14:22:51.350,0.94549,0.94567,2.48,2.25
2013.01.28 14:22:52.967,0.9455,0.94566,2.48,1.50
2013.01.28 14:22:55.563,0.94551,0.94568,1.73,2.25
2013.01.28 14:22:58.286,0.94551,0.94568,3.60,1.88
2013.01.28 14:22:58.346,0.94552,0.94568,2.48,1.88
2013.01.28 14:22:58.885,0.94552,0.94569,2.85,2.48
2013.01.28 14:23:01.405,0.94552,0.94564,3.23,1.50
2013.01.28 14:23:02.976,0.94552,0.94567,2.48,2.25
2013.01.28 14:23:03.216,0.94552,0.94565,2.48,1.50
2013.01.28 14:23:03.341,0.94552,0.94567,2.48,1.50
2013.01.28 14:23:03.843,0.94552,0.94568,2.48,1.50
2013.01.28 14:23:09.792,0.94552,0.94567,2.48,1.50
2013.01.28 14:23:09.975,0.94552,0.94565,1.50,2.33
2013.01.28 14:23:10.035,0.94548,0.94563,1.73,1.50
2013.01.28 14:23:10.096,0.94547,0.9456,1.35,1.50
2013.01.28 14:23:11.186,0.94546,0.9456,1.73,1.50
2013.01.28 14:23:11.485,0.94549,0.94563,1.73,1.50
2013.01.28 14:23:11.606,0.94549,0.94561,1.73,1.50
2013.01.28 14:23:12.027,0.94546,0.94561,1.73,1.50
2013.01.28 14:23:12.657,0.94544,0.94562,2.48,1.73
2013.01.28 14:23:13.627,0.94547,0.94562,2.48,3.00
2013.01.28 14:23:16.936,0.94549,0.9456,2.48,1.88
2013.01.28 14:23:17.176,0.94548,0.94564,1.73,1.88
2013.01.28 14:23:17.297,0.94552,0.94565,1.50,1.50
2013.01.28 14:23:17.862,0.9455,0.94565,1.73,3.00
2013.01.28 14:23:19.316,0.94549,0.94565,2.48,1.88
2013.01.28 14:23:19.881,0.94551,0.94566,1.73,2.25
2013.01.28 14:23:20.956,0.94551,0.94566,2.48,1.88
2013.01.28 14:23:22.917,0.94551,0.94566,1.73,1.88
2013.01.28 14:23:24.266,0.94551,0.94566,1.73,1.88
2013.01.28 14:23:32.187,0.94551,0.94566,1.73,1.50
2013.01.28 14:23:34.306,0.94551,0.94564,1.73,1.50
2013.01.28 14:23:34.565,0.94551,0.94566,1.73,3.75
2013.01.28 14:23:35.117,0.94551,0.94564,1.73,3.00
2013.01.28 14:23:35.476,0.94548,0.94559,1.73,1.50
2013.01.28 14:23:36.015,0.94545,0.94559,3.60,1.50
2013.01.28 14:23:37.225,0.94545,0.94559,2.48,1.50
2013.01.28 14:23:39.116,0.94545,0.94561,2.48,2.48
2013.01.28 14:23:39.597,0.94543,0.94559,1.73,1.58
2013.01.28 14:23:39.967,0.94539,0.94555,1.73,1.35
2013.01.28 14:23:40.205,0.94536,0.94554,1.73,2.25
2013.01.28 14:23:40.606,0.9454,0.94557,1.73,3.98
2013.01.28 14:23:41.184,0.94541,0.94558,4.73,1.50
2013.01.28 14:23:42.296,0.94541,0.94555,4.73,1.50
2013.01.28 14:23:42.476,0.94538,0.94555,6.23,3.23
2013.01.28 14:23:42.596,0.94537,0.94555,1.73,4.88
2013.01.28 14:23:43.015,0.94535,0.94553,3.60,1.50
2013.01.28 14:23:43.486,0.94535,0.94553,2.48,2.25
2013.01.28 14:23:47.107,0.94534,0.94552,2.10,2.48
2013.01.28 14:23:48.206,0.94534,0.94552,1.35,2.48
2013.01.28 14:23:52.696,0.94535,0.94552,2.48,3.23
2013.01.28 14:23:53.116,0.94536,0.94552,2.25,3.23
2013.01.28 14:23:53.737,0.94538,0.94552,1.50,3.23
2013.01.28 14:23:54.357,0.94536,0.94552,2.25,1.73
2013.01.28 14:23:54.426,0.94535,0.94552,3.23,1.73
2013.01.28 14:23:54.976,0.94536,0.94552,1.50,1.73
2013.01.28 14:23:55.530,0.94534,0.94552,2.85,1.73
2013.01.28 14:24:01.418,0.94537,0.94553,1.50,3.23
2013.01.28 14:24:01.538,0.94537,0.94553,1.50,2.48
2013.01.28 14:24:01.897,0.94538,0.94553,1.50,1.50
2013.01.28 14:24:02.078,0.94544,0.94557,2.25,1.73
2013.01.28 14:24:02.196,0.94542,0.94557,1.73,1.73
2013.01.28 14:24:02.257,0.94544,0.94557,2.25,1.73
2013.01.28 14:24:02.316,0.94544,0.94557,2.25,1.50
2013.01.28 14:24:02.875,0.94544,0.9456,2.25,2.48
2013.01.28 14:24:03.167,0.94544,0.94555,2.25,1.50
2013.01.28 14:24:03.226,0.9454,0.94555,1.73,1.50
2013.01.28 14:24:03.286,0.9454,0.94552,1.50,1.50
2013.01.28 14:24:03.645,0.94539,0.94556,2.25,2.10
2013.01.28 14:24:04.586,0.94539,0.94556,2.25,2.10
2013.01.28 14:24:05.447,0.94539,0.94556,2.25,2.48
2013.01.28 14:24:07.826,0.9454,0.94557,1.50,3.98
2013.01.28 14:24:07.886,0.94541,0.94557,2.25,2.48
2013.01.28 14:24:08.438,0.94541,0.94557,2.48,2.48
2013.01.28 14:24:10.909,0.94542,0.94558,1.50,1.73
2013.01.28 14:24:11.319,0.9454,0.94556,1.13,1.73
2013.01.28 14:24:17.166,0.94538,0.94554,1.88,2.48
2013.01.28 14:24:17.467,0.94538,0.94546,1.50,1.50
2013.01.28 14:24:17.588,0.94534,0.94545,1.50,2.48
2013.01.28 14:24:17.828,0.94528,0.94543,1.50,3.11
2013.01.28 14:24:18.376,0.94524,0.94541,1.50,2.70
2013.01.28 14:24:18.888,0.94524,0.94541,1.50,2.70
2013.01.28 14:24:21.740,0.94526,0.94541,1.50,1.35
2013.01.28 14:24:21.987,0.94524,0.94541,1.50,2.10
2013.01.28 14:24:23.168,0.94524,0.94541,3.75,2.10
2013.01.28 14:24:23.290,0.94525,0.94543,1.73,5.48
2013.01.28 14:24:23.717,0.94529,0.94543,1.13,1.73
2013.01.28 14:24:23.777,0.9453,0.94543,1.50,1.73
2013.01.28 14:24:24.017,0.94529,0.94543,1.13,1.73
2013.01.28 14:24:25.639,0.94529,0.94545,2.63,2.48
2013.01.28 14:24:25.837,0.94531,0.94545,1.88,3.23
2013.01.28 14:24:26.175,0.94533,0.94544,1.50,1.73
2013.01.28 14:24:26.368,0.94531,0.94544,1.13,1.73
2013.01.28 14:24:26.609,0.94529,0.94544,1.50,1.73
2013.01.28 14:24:26.987,0.94527,0.94544,1.73,1.73
2013.01.28 14:24:27.166,0.94532,0.94545,1.50,1.35
2013.01.28 14:24:27.228,0.94532,0.94546,2.25,1.50
2013.01.28 14:24:27.296,0.94533,0.94549,2.25,5.10
2013.01.28 14:24:27.476,0.94532,0.94546,2.63,1.73
2013.01.28 14:24:28.016,0.9453,0.94547,2.25,3.60
2013.01.28 14:24:28.136,0.9453,0.94547,2.25,3.75
2013.01.28 14:24:28.776,0.9453,0.94547,2.48,2.85
2013.01.28 14:24:29.501,0.9453,0.94547,3.23,2.48
2013.01.28 14:24:29.686,0.94531,0.94547,2.48,1.73
2013.01.28 14:24:30.066,0.94536,0.94551,1.50,3.23
2013.01.28 14:24:30.577,0.94537,0.94553,4.13,1.73
2013.01.28 14:24:30.638,0.94537,0.94554,6.38,2.15
2013.01.28 14:24:30.708,0.9454,0.94554,1.50,1.40
2013.01.28 14:24:31.876,0.9454,0.94554,2.63,1.40
2013.01.28 14:24:36.777,0.94541,0.94555,1.13,1.40
2013.01.28 14:24:37.936,0.94541,0.94555,2.25,1.40
2013.01.28 14:24:40.906,0.94543,0.94555,2.63,1.40
2013.01.28 14:24:41.445,0.94543,0.94555,3.38,1.17
2013.01.28 14:24:42.047,0.94543,0.94556,3.38,1.02
2013.01.28 14:24:42.657,0.94543,0.94556,3.38,1.02
2013.01.28 14:24:43.137,0.94545,0.94555,1.50,1.02
2013.01.28 14:24:43.268,0.94545,0.94555,1.50,1.02
2013.01.28 14:24:43.984,0.94545,0.94555,1.50,1.02
2013.01.28 14:24:45.268,0.94542,0.94554,1.50,1.02
2013.01.28 14:24:45.985,0.94541,0.94554,1.13,1.02
2013.01.28 14:24:46.106,0.9454,0.94553,1.50,1.13
2013.01.28 14:24:46.406,0.94537,0.94551,2.25,1.73
2013.01.28 14:24:46.947,0.94536,0.94551,1.88,2.48
2013.01.28 14:24:48.706,0.94534,0.94551,3.00,2.48
2013.01.28 14:24:50.211,0.94534,0.94551,3.23,2.48
2013.01.28 14:24:53.356,0.94533,0.9455,3.98,1.13
2013.01.28 14:24:58.937,0.9453,0.94543,1.73,2.25
2013.01.28 14:24:59.005,0.9453,0.94543,1.50,2.48
2013.01.28 14:24:59.186,0.94528,0.94541,5.85,2.40
2013.01.28 14:24:59.546,0.94527,0.9454,2.25,2.48
2013.01.28 14:24:59.787,0.94524,0.9454,3.23,3.38
2013.01.28 14:25:00.145,0.94523,0.94536,1.73,1.50
2013.01.28 14:25:00.686,0.94519,0.94536,1.73,14.25
2013.01.28 14:25:01.241,0.9452,0.94534,3.23,1.50
2013.01.28 14:25:02.658,0.9452,0.94534,1.73,1.50
2013.01.28 14:25:07.287,0.94521,0.94536,2.48,2.25
2013.01.28 14:25:08.225,0.94523,0.94537,1.73,1.50
2013.01.28 14:25:10.415,0.94522,0.94536,2.48,1.50
2013.01.28 14:25:10.985,0.94522,0.94536,2.25,1.73
2013.01.28 14:25:11.557,0.94523,0.94536,1.50,1.73
2013.01.28 14:25:11.987,0.94521,0.94534,1.50,1.73
2013.01.28 14:25:12.596,0.94518,0.94534,1.50,1.73
2013.01.28 14:25:14.866,0.94518,0.94533,1.50,3.23
2013.01.28 14:25:15.167,0.94514,0.94529,1.50,1.73
2013.01.28 14:25:15.226,0.94513,0.94529,1.50,1.73
2013.01.28 14:25:15.286,0.94513,0.94529,3.23,1.73
2013.01.28 14:25:16.687,0.94513,0.94527,3.23,1.73
2013.01.28 14:25:18.217,0.94513,0.94526,1.73,1.50
2013.01.28 14:25:18.278,0.94513,0.94526,1.50,1.73
2013.01.28 14:25:18.645,0.9451,0.94526,1.50,3.23
2013.01.28 14:25:19.087,0.94507,0.94524,3.75,1.13
2013.01.28 14:25:23.288,0.94507,0.94524,1.50,3.00
2013.01.28 14:25:23.788,0.94507,0.94524,3.23,2.78
2013.01.28 14:25:24.270,0.94507,0.94518,1.73,1.50
2013.01.28 14:25:24.636,0.94506,0.94517,1.50,1.13
2013.01.28 14:25:24.696,0.94501,0.94517,1.73,1.13
2013.01.28 14:25:24.816,0.945,0.94517,4.35,3.38
2013.01.28 14:25:24.996,0.945,0.94517,2.85,1.13
2013.01.28 14:25:25.057,0.945,0.94517,2.85,1.13
2013.01.28 14:25:25.788,0.94502,0.9452,2.48,2.85
2013.01.28 14:25:28.947,0.94502,0.94518,2.48,1.13
2013.01.28 14:25:30.077,0.94501,0.94517,3.23,1.50
2013.01.28 14:25:30.839,0.94499,0.94514,1.84,2.10
2013.01.28 14:25:30.897,0.94499,0.94514,1.73,2.10
2013.01.28 14:25:32.697,0.94499,0.94514,1.73,2.48
2013.01.28 14:25:32.756,0.94503,0.94517,1.56,5.25
2013.01.28 14:25:32.876,0.94503,0.94517,3.44,1.50
2013.01.28 14:25:32.997,0.94503,0.94518,2.85,1.50
2013.01.28 14:25:33.056,0.94503,0.94518,2.10,1.50
2013.01.28 14:25:33.117,0.94503,0.94515,2.10,2.25
2013.01.28 14:25:35.956,0.94498,0.94515,3.23,1.88
2013.01.28 14:25:37.206,0.94501,0.94516,2.48,1.13
2013.01.28 14:25:37.326,0.94501,0.94518,2.48,3.00
2013.01.28 14:25:38.756,0.94503,0.94519,2.85,2.25
2013.01.28 14:25:38.816,0.94503,0.9452,4.35,1.88
2013.01.28 14:25:38.996,0.94503,0.94519,3.60,2.25
2013.01.28 14:25:39.116,0.94503,0.94518,2.10,2.25
2013.01.28 14:25:39.236,0.94504,0.9452,2.48,1.88
2013.01.28 14:25:39.357,0.94504,0.94521,2.48,1.50
2013.01.28 14:25:40.707,0.94503,0.9452,5.10,1.13
2013.01.28 14:25:42.800,0.94504,0.94521,1.73,3.00
2013.01.28 14:25:43.897,0.94502,0.94519,2.97,3.00
2013.01.28 14:25:44.076,0.94502,0.94518,2.48,1.13
2013.01.28 14:25:44.437,0.945,0.94516,1.73,1.50
2013.01.28 14:25:50.876,0.945,0.94517,1.73,1.13
2013.01.28 14:25:51.179,0.94505,0.94519,1.73,2.63
2013.01.28 14:25:51.628,0.94507,0.94523,1.73,1.88
2013.01.28 14:25:54.926,0.94507,0.94521,1.73,1.50
2013.01.28 14:25:54.986,0.94507,0.94521,1.73,1.50
2013.01.28 14:25:55.527,0.94506,0.94522,1.73,2.25
2013.01.28 14:25:56.447,0.94506,0.94523,2.48,2.25
2013.01.28 14:25:57.136,0.94507,0.94524,1.35,4.50
2013.01.28 14:25:57.958,0.94507,0.94522,1.35,1.35
2013.01.28 14:25:58.776,0.94507,0.94522,1.35,2.10
2013.01.28 14:25:59.306,0.94506,0.94521,2.48,1.50
2013.01.28 14:26:02.959,0.94509,0.94521,2.85,1.50
2013.01.28 14:26:03.270,0.94513,0.94523,3.98,1.50
2013.01.28 14:26:03.399,0.94517,0.94526,1.50,2.38
2013.01.28 14:26:03.647,0.94519,0.94532,1.50,2.25
2013.01.28 14:26:03.767,0.94519,0.94527,1.50,1.50
2013.01.28 14:26:04.006,0.94519,0.94533,1.73,1.50
2013.01.28 14:26:04.277,0.94516,0.94532,2.10,2.10
2013.01.28 14:26:04.412,0.94516,0.94533,2.85,1.35
2013.01.28 14:26:04.849,0.94516,0.94532,2.10,2.85
2013.01.28 14:26:04.977,0.94516,0.94534,2.10,2.85
2013.01.28 14:26:05.236,0.94516,0.94532,2.10,2.25
2013.01.28 14:26:05.717,0.94515,0.94532,1.73,2.63
2013.01.28 14:26:06.427,0.94515,0.9453,2.48,1.50
2013.01.28 14:26:07.126,0.94515,0.94531,2.48,2.25
2013.01.28 14:26:07.467,0.94515,0.9453,1.73,1.50
2013.01.28 14:26:10.698,0.94515,0.94531,2.48,1.13
2013.01.28 14:26:10.827,0.94518,0.94531,1.73,1.13
2013.01.28 14:26:15.369,0.94515,0.9453,1.50,2.25
2013.01.28 14:26:15.489,0.94516,0.94529,1.73,1.50
2013.01.28 14:26:15.561,0.94516,0.94531,2.13,1.88
2013.01.28 14:26:15.867,0.94517,0.94534,4.19,1.50
2013.01.28 14:26:15.927,0.94519,0.94534,3.81,2.25
2013.01.28 14:26:17.410,0.94523,0.94539,2.48,3.38
2013.01.28 14:26:18.071,0.94523,0.94539,2.48,3.38
2013.01.28 14:26:23.067,0.94523,0.94539,2.85,1.50
2013.01.28 14:26:24.799,0.94523,0.94538,2.48,1.50
2013.01.28 14:26:24.858,0.94522,0.94536,2.48,1.50
2013.01.28 14:26:24.916,0.94522,0.94536,2.48,1.50
2013.01.28 14:26:25.917,0.9452,0.94536,1.73,4.35
2013.01.28 14:26:25.977,0.9452,0.94536,1.73,5.10
2013.01.28 14:26:26.037,0.94519,0.94535,3.23,3.23
2013.01.28 14:26:26.217,0.94519,0.94532,2.48,1.50
2013.01.28 14:26:26.756,0.9452,0.94532,1.50,1.50
2013.01.28 14:26:27.517,0.94516,0.94532,2.48,1.50
2013.01.28 14:26:28.246,0.94517,0.94534,1.73,3.38
2013.01.28 14:26:28.899,0.94516,0.94534,1.73,4.88
2013.01.28 14:26:29.387,0.94516,0.94531,1.73,3.90
2013.01.28 14:26:30.458,0.94515,0.94531,1.73,3.90
2013.01.28 14:26:31.160,0.94515,0.94529,1.73,2.25
2013.01.28 14:26:32.758,0.94511,0.94527,1.73,1.28
2013.01.28 14:26:32.818,0.9451,0.94527,2.48,1.88
2013.01.28 14:26:33.503,0.94509,0.94524,3.98,1.50
2013.01.28 14:26:34.008,0.94509,0.94525,3.23,3.15
2013.01.28 14:26:34.569,0.94509,0.94524,3.23,1.50
2013.01.28 14:26:35.547,0.94509,0.94525,3.23,3.15
2013.01.28 14:26:36.153,0.94509,0.94525,3.23,2.40
2013.01.28 14:26:36.808,0.94509,0.94528,4.73,5.25
2013.01.28 14:26:37.348,0.94513,0.94527,2.48,1.13
2013.01.28 14:26:38.419,0.94513,0.94528,3.23,1.13
2013.01.28 14:26:38.809,0.94511,0.94528,2.85,3.38
2013.01.28 14:26:42.257,0.94512,0.94528,1.73,4.13
2013.01.28 14:26:42.771,0.94512,0.94527,1.73,1.50
2013.01.28 14:26:43.497,0.94511,0.94527,1.35,3.60
2013.01.28 14:26:43.557,0.94511,0.94524,1.35,1.50
2013.01.28 14:26:44.097,0.94507,0.94524,4.43,2.85
2013.01.28 14:26:44.657,0.94509,0.94524,2.10,2.25
2013.01.28 14:26:45.027,0.9451,0.94527,2.10,4.13
2013.01.28 14:26:45.368,0.9451,0.94526,2.10,2.25
2013.01.28 14:26:45.964,0.9451,0.94527,2.10,4.13
2013.01.28 14:26:46.613,0.9451,0.94526,2.10,2.25
2013.01.28 14:26:46.846,0.9451,0.94526,1.73,2.85
2013.01.28 14:26:47.495,0.9451,0.94526,1.73,2.85
2013.01.28 14:26:51.898,0.9451,0.94525,2.48,2.48
2013.01.28 14:26:53.119,0.9451,0.94526,2.48,2.85
2013.01.28 14:26:56.088,0.9451,0.94525,2.48,2.48
2013.01.28 14:26:56.568,0.94509,0.94523,2.10,1.50
2013.01.28 14:26:57.037,0.94509,0.94523,2.10,3.00
2013.01.28 14:26:57.557,0.94509,0.94523,2.10,1.50
2013.01.28 14:26:58.117,0.9451,0.94522,1.35,1.50
2013.01.28 14:26:58.178,0.9451,0.94525,1.35,1.73
2013.01.28 14:26:58.299,0.9451,0.94526,2.85,2.25
2013.01.28 14:26:58.360,0.9451,0.94526,2.85,2.25
2013.01.28 14:26:59.092,0.94514,0.94527,2.48,1.50
2013.01.28 14:26:59.407,0.94517,0.9453,1.50,1.50
2013.01.28 14:27:03.327,0.94514,0.9453,4.73,1.50
2013.01.28 14:27:04.177,0.94514,0.94529,4.73,1.50
2013.01.28 14:27:10.317,0.94515,0.94529,1.73,1.73
2013.01.28 14:27:10.557,0.94515,0.94529,1.73,1.50
2013.01.28 14:27:10.678,0.94515,0.94529,1.73,3.23
2013.01.28 14:27:18.758,0.94515,0.9453,1.73,2.48
2013.01.28 14:27:19.299,0.94517,0.9453,1.50,2.25
2013.01.28 14:27:21.971,0.94517,0.9453,2.25,2.25
2013.01.28 14:27:22.098,0.94517,0.94534,2.48,1.88
2013.01.28 14:27:22.474,0.9452,0.94536,2.48,2.25
2013.01.28 14:27:23.097,0.9452,0.94537,3.23,1.88
2013.01.28 14:27:23.977,0.9452,0.94535,1.73,1.50
2013.01.28 14:27:24.927,0.9452,0.94537,3.23,1.88
2013.01.28 14:27:25.467,0.9452,0.94537,3.23,2.25
2013.01.28 14:27:27.191,0.94521,0.94539,3.60,1.88
2013.01.28 14:27:27.727,0.94524,0.94539,1.73,1.13
2013.01.28 14:27:27.908,0.94524,0.94542,3.98,4.50
2013.01.28 14:27:28.030,0.94525,0.94539,1.50,2.63
2013.01.28 14:27:28.218,0.94523,0.94542,3.98,3.00
2013.01.28 14:27:28.277,0.94523,0.94542,4.35,1.50
2013.01.28 14:27:28.788,0.94525,0.94543,1.73,2.25
2013.01.28 14:27:31.207,0.94525,0.94543,1.73,3.00
2013.01.28 14:27:32.132,0.94525,0.94538,1.73,1.13
2013.01.28 14:27:32.258,0.94522,0.94532,4.50,2.85
2013.01.28 14:27:32.318,0.94524,0.94531,2.25,2.48
2013.01.28 14:27:32.437,0.94518,0.94531,8.10,2.48
2013.01.28 14:27:32.797,0.94514,0.9453,1.43,1.50
2013.01.28 14:27:34.888,0.94513,0.9453,2.48,1.13
2013.01.28 14:27:36.369,0.94513,0.94529,2.48,1.13
2013.01.28 14:27:36.937,0.94514,0.94531,1.35,2.85
2013.01.28 14:27:37.073,0.94515,0.94531,3.23,1.13
2013.01.28 14:27:38.507,0.94518,0.94535,1.73,1.13
2013.01.28 14:27:38.697,0.94518,0.94535,1.73,1.13
2013.01.28 14:27:40.261,0.94518,0.94534,1.73,1.50
2013.01.28 14:27:40.447,0.94518,0.94532,1.73,2.25
2013.01.28 14:27:41.078,0.94517,0.94532,1.73,2.25
2013.01.28 14:27:46.298,0.94516,0.9453,1.95,2.25
2013.01.28 14:27:46.417,0.94516,0.9453,1.73,2.25
2013.01.28 14:27:46.723,0.94513,0.94527,2.10,1.50
2013.01.28 14:27:46.847,0.94513,0.94527,1.35,1.50
2013.01.28 14:27:49.548,0.94509,0.94526,2.85,1.50
2013.01.28 14:27:49.607,0.9451,0.94528,1.73,1.88
2013.01.28 14:27:49.727,0.9451,0.94526,1.73,1.50
2013.01.28 14:27:51.157,0.9451,0.94528,1.73,1.88
2013.01.28 14:27:51.277,0.9451,0.94527,1.73,1.13
2013.01.28 14:27:51.517,0.9451,0.94526,1.73,1.50
2013.01.28 14:27:53.638,0.9451,0.94527,2.48,1.50
2013.01.28 14:27:54.253,0.9451,0.94528,2.48,3.60
2013.01.28 14:27:54.327,0.9451,0.94528,2.48,2.10
2013.01.28 14:27:54.520,0.9451,0.94526,2.48,1.50
2013.01.28 14:27:55.035,0.9451,0.94528,2.48,3.60
2013.01.28 14:27:57.568,0.94511,0.94526,1.73,1.50
2013.01.28 14:27:57.927,0.94513,0.9453,3.98,1.13
2013.01.28 14:27:57.987,0.94515,0.94531,2.48,2.25
2013.01.28 14:27:58.047,0.94515,0.94529,2.48,1.50
2013.01.28 14:27:58.348,0.94515,0.94527,2.48,1.50
2013.01.28 14:27:58.527,0.94514,0.94529,1.73,3.00
2013.01.28 14:28:06.048,0.94512,0.94528,2.10,2.25
2013.01.28 14:28:07.618,0.94511,0.94526,2.48,2.25
2013.01.28 14:28:07.978,0.94502,0.94516,2.48,1.50
2013.01.28 14:28:08.488,0.94503,0.9452,2.48,2.25
2013.01.28 14:28:08.607,0.94503,0.94521,3.98,2.63
2013.01.28 14:28:09.947,0.94503,0.94521,3.00,1.13
2013.01.28 14:28:10.565,0.94503,0.94521,2.25,1.13
2013.01.28 14:28:10.818,0.94503,0.94521,3.98,1.88
2013.01.28 14:28:11.489,0.94503,0.94521,3.60,1.88
2013.01.28 14:28:14.984,0.94503,0.94521,3.98,1.13
2013.01.28 14:28:18.117,0.94508,0.94522,1.73,1.13
2013.01.28 14:28:18.960,0.94507,0.94523,1.73,1.50
2013.01.28 14:28:20.697,0.94507,0.94524,1.73,3.38
2013.01.28 14:28:27.666,0.94507,0.94524,1.73,3.38
2013.01.28 14:28:31.149,0.94512,0.94526,1.32,1.88
2013.01.28 14:28:31.218,0.94515,0.94527,1.73,1.88
2013.01.28 14:28:31.707,0.94513,0.94527,2.48,1.13
2013.01.28 14:28:32.448,0.94514,0.9453,2.48,1.13
2013.01.28 14:28:35.067,0.94517,0.94531,2.33,1.13
2013.01.28 14:28:35.188,0.94517,0.94533,2.90,1.13
2013.01.28 14:28:35.247,0.9452,0.94535,1.73,3.00
2013.01.28 14:28:35.668,0.94524,0.94536,1.73,1.13
2013.01.28 14:28:35.828,0.94524,0.94536,1.73,1.13
2013.01.28 14:28:36.627,0.94525,0.94538,1.73,1.13
2013.01.28 14:28:37.628,0.94522,0.94538,4.22,1.13
2013.01.28 14:28:41.558,0.94523,0.94541,3.23,2.85
2013.01.28 14:28:44.468,0.94524,0.9454,1.73,1.88
2013.01.28 14:28:46.227,0.94524,0.94539,1.73,1.73
2013.01.28 14:28:46.288,0.94521,0.94537,3.23,1.58
2013.01.28 14:28:50.137,0.94518,0.94537,3.60,1.95
2013.01.28 14:28:51.927,0.94518,0.94536,3.98,1.13
2013.01.28 14:28:54.329,0.94518,0.94537,3.98,3.83
2013.01.28 14:28:58.019,0.94519,0.94534,1.35,2.25
2013.01.28 14:28:58.079,0.94519,0.94533,1.13,1.58
2013.01.28 14:28:58.198,0.94515,0.94532,3.98,1.58
2013.01.28 14:28:58.845,0.94515,0.9453,1.73,1.50
2013.01.28 14:28:59.597,0.94513,0.9453,1.50,2.63
2013.01.28 14:29:00.141,0.94513,0.9453,2.25,4.13
2013.01.28 14:29:00.279,0.94513,0.9453,1.50,4.13
2013.01.28 14:29:00.588,0.94511,0.94528,2.25,3.83
2013.01.28 14:29:04.098,0.94509,0.94527,1.50,5.33
2013.01.28 14:29:04.467,0.94509,0.94524,1.50,1.73
2013.01.28 14:29:05.021,0.94509,0.94524,1.13,1.73
2013.01.28 14:29:10.188,0.94507,0.94523,3.38,3.23
2013.01.28 14:29:10.546,0.94507,0.94521,2.63,2.33
2013.01.28 14:29:12.198,0.94507,0.94521,2.85,1.73
2013.01.28 14:29:12.955,0.94509,0.94523,1.88,1.73
2013.01.28 14:29:13.668,0.94509,0.94527,1.88,4.58
2013.01.28 14:29:13.728,0.94509,0.94523,1.88,1.50
2013.01.28 14:29:14.308,0.94509,0.94523,1.88,1.73
2013.01.28 14:29:14.841,0.94508,0.94523,1.50,2.48
2013.01.28 14:29:15.157,0.94505,0.94519,1.50,1.35
2013.01.28 14:29:15.277,0.94502,0.94519,2.85,2.10
2013.01.28 14:29:16.172,0.94504,0.94518,1.13,1.73
2013.01.28 14:29:16.242,0.94504,0.94518,1.88,1.73
2013.01.28 14:29:16.668,0.94507,0.94522,1.35,3.23
2013.01.28 14:29:17.657,0.94508,0.94523,1.73,1.73
2013.01.28 14:29:18.017,0.94499,0.94513,1.13,2.48
2013.01.28 14:29:18.077,0.94496,0.94513,1.73,2.48
2013.01.28 14:29:19.138,0.94493,0.94513,5.48,2.85
2013.01.28 14:29:19.599,0.94493,0.94511,4.73,3.38
2013.01.28 14:29:21.767,0.94493,0.9451,3.98,2.48
2013.01.28 14:29:23.437,0.94494,0.94508,1.13,1.73
2013.01.28 14:29:24.667,0.94494,0.94509,1.13,1.73
2013.01.28 14:29:24.787,0.94494,0.94509,1.50,1.73
2013.01.28 14:29:24.908,0.94494,0.9451,1.73,2.25
2013.01.28 14:29:25.409,0.94494,0.9451,2.48,1.50
2013.01.28 14:29:26.507,0.94495,0.94513,3.98,4.35
2013.01.28 14:29:26.988,0.94493,0.94511,4.73,3.23
2013.01.28 14:29:27.649,0.94494,0.94511,1.73,1.73
2013.01.28 14:29:27.717,0.94494,0.94511,1.73,1.50
2013.01.28 14:29:31.827,0.94496,0.94513,2.10,1.35
2013.01.28 14:29:31.888,0.94498,0.94513,1.50,1.35
2013.01.28 14:29:32.209,0.94498,0.94515,2.48,1.73
2013.01.28 14:29:32.808,0.94498,0.94514,3.23,3.08
2013.01.28 14:29:32.867,0.94498,0.94514,2.25,3.08
2013.01.28 14:29:33.227,0.94495,0.94512,3.98,1.35
2013.01.28 14:29:35.298,0.94495,0.94512,3.23,1.73
2013.01.28 14:29:36.442,0.94495,0.94509,2.48,2.10
2013.01.28 14:29:36.509,0.94495,0.9451,1.73,1.35
2013.01.28 14:29:36.568,0.94492,0.94508,3.23,1.50
2013.01.28 14:29:36.927,0.94489,0.94507,3.60,2.48
2013.01.28 14:29:37.118,0.94489,0.94507,3.60,1.73
2013.01.28 14:29:37.298,0.94488,0.94505,3.23,2.33
2013.01.28 14:29:38.239,0.9449,0.94505,1.73,1.35
2013.01.28 14:29:38.299,0.9449,0.94505,1.73,1.13
2013.01.28 14:29:38.847,0.9449,0.94506,1.73,1.88
2013.01.28 14:29:40.577,0.94489,0.94506,2.10,4.13
2013.01.28 14:29:40.699,0.94489,0.94505,1.73,2.63
2013.01.28 14:29:40.948,0.94487,0.94498,1.73,1.50
2013.01.28 14:29:41.498,0.94483,0.94498,2.48,2.25
2013.01.28 14:29:41.677,0.94484,0.945,2.63,2.63
2013.01.28 14:29:43.388,0.94487,0.94502,1.73,3.00
2013.01.28 14:29:47.558,0.94486,0.94503,3.98,2.63
2013.01.28 14:29:51.538,0.94491,0.94505,5.33,3.23
2013.01.28 14:29:51.837,0.94494,0.94508,1.58,2.48
2013.01.28 14:29:52.342,0.94496,0.94509,1.73,1.13
2013.01.28 14:29:52.887,0.94496,0.94511,1.73,2.25
2013.01.28 14:29:52.948,0.94499,0.94511,2.25,1.50
2013.01.28 14:29:53.068,0.94502,0.94513,1.73,1.88
2013.01.28 14:29:53.517,0.94498,0.94515,2.25,2.48
2013.01.28 14:29:53.577,0.94496,0.94513,2.48,2.63
2013.01.28 14:29:53.698,0.94496,0.9451,1.73,1.50
2013.01.28 14:29:54.530,0.94499,0.9451,2.25,1.50
2013.01.28 14:29:54.657,0.94498,0.94513,1.73,4.13
2013.01.28 14:29:55.184,0.94499,0.94513,2.48,1.88
2013.01.28 14:29:56.268,0.94498,0.94511,1.50,1.88
2013.01.28 14:29:56.328,0.94495,0.9451,3.23,1.35
2013.01.28 14:29:56.868,0.94491,0.94508,2.48,2.48
2013.01.28 14:29:59.307,0.94494,0.94508,1.58,1.73
2013.01.28 14:29:59.368,0.94499,0.94508,2.25,1.73
2013.01.28 14:29:59.428,0.94499,0.9451,1.50,2.10
2013.01.28 14:29:59.573,0.94494,0.94508,1.73,1.50
2013.01.28 14:29:59.638,0.94494,0.94508,1.73,1.50
2013.01.28 14:30:00.317,0.94491,0.94508,3.08,3.00
2013.01.28 14:30:02.128,0.94489,0.94505,4.71,1.50
2013.01.28 14:30:02.188,0.94489,0.94505,3.60,2.25
2013.01.28 14:30:02.249,0.94489,0.94501,1.35,1.50
2013.01.28 14:30:02.808,0.94486,0.945,2.48,1.88
2013.01.28 14:30:03.540,0.94483,0.94497,1.34,1.13
2013.01.28 14:30:03.608,0.94482,0.94497,2.48,1.13
2013.01.28 14:30:03.668,0.94481,0.94495,1.73,1.50
2013.01.28 14:30:04.028,0.94478,0.94494,1.59,3.00
2013.01.28 14:30:04.269,0.9448,0.94497,3.98,1.13
2013.01.28 14:30:04.508,0.9448,0.94497,3.23,2.10
2013.01.28 14:30:05.097,0.94478,0.94492,1.35,1.50
2013.01.28 14:30:05.588,0.94475,0.94491,4.43,1.50
2013.01.28 14:30:05.828,0.94469,0.94486,2.48,1.50
2013.01.28 14:30:07.187,0.94469,0.94486,1.73,3.98
2013.01.28 14:30:07.427,0.94469,0.94486,2.48,1.50
2013.01.28 14:30:07.487,0.94469,0.94487,2.85,3.00
2013.01.28 14:30:07.549,0.94473,0.94487,1.41,3.00
2013.01.28 14:30:08.030,0.94476,0.94491,3.98,1.50
2013.01.28 14:30:08.648,0.94477,0.94494,2.48,1.50
2013.01.28 14:30:09.018,0.94477,0.94495,4.35,3.38
2013.01.28 14:30:09.110,0.94477,0.94494,3.60,1.13
2013.01.28 14:30:10.119,0.94476,0.94492,2.48,1.88
2013.01.28 14:30:10.297,0.94475,0.94491,1.73,5.10
2013.01.28 14:30:10.357,0.94475,0.94491,1.73,5.85
2013.01.28 14:30:11.037,0.94474,0.94489,1.73,1.13
2013.01.28 14:30:12.297,0.94474,0.94491,2.48,4.35
2013.01.28 14:30:12.537,0.94476,0.94494,2.48,5.25
2013.01.28 14:30:12.607,0.94477,0.94494,2.48,3.75
2013.01.28 14:30:13.298,0.94478,0.94495,2.48,2.63
2013.01.28 14:30:13.828,0.94478,0.94495,2.48,2.63
2013.01.28 14:30:14.008,0.94476,0.94492,2.48,1.50
2013.01.28 14:30:14.308,0.94476,0.94492,1.73,2.63
2013.01.28 14:30:14.383,0.94476,0.94492,1.73,2.63
2013.01.28 14:30:14.868,0.94475,0.94492,1.73,3.38
2013.01.28 14:30:15.469,0.94475,0.94491,1.73,2.25
2013.01.28 14:30:16.208,0.94479,0.94491,2.48,3.00
2013.01.28 14:30:16.328,0.94481,0.94495,1.73,2.10
2013.01.28 14:30:16.568,0.94481,0.94498,2.10,1.50
2013.01.28 14:30:17.268,0.94485,0.945,1.35,1.17
2013.01.28 14:30:19.966,0.94486,0.945,1.73,1.17
2013.01.28 14:30:20.507,0.94486,0.945,1.73,1.17
2013.01.28 14:30:20.633,0.94487,0.945,1.27,1.17
2013.01.28 14:30:20.940,0.94484,0.94499,1.10,1.17
2013.01.28 14:30:28.149,0.9449,0.94505,1.73,3.22
2013.01.28 14:30:28.268,0.94491,0.94505,2.48,1.17
2013.01.28 14:30:28.329,0.94491,0.94507,2.48,1.13
2013.01.28 14:30:28.387,0.94491,0.94508,2.48,6.38
2013.01.28 14:30:28.927,0.94489,0.94505,2.64,1.13
2013.01.28 14:30:29.108,0.94484,0.94496,2.10,1.50
2013.01.28 14:30:29.169,0.94482,0.94496,1.35,1.50
2013.01.28 14:30:29.228,0.94483,0.94499,2.48,1.13
2013.01.28 14:30:29.408,0.94486,0.94499,1.73,1.88
2013.01.28 14:30:29.468,0.94486,0.94499,1.73,3.38
2013.01.28 14:30:29.588,0.94482,0.94499,1.67,1.73
2013.01.28 14:30:30.137,0.94482,0.94499,1.67,1.13
2013.01.28 14:30:30.840,0.94483,0.945,2.48,2.25
2013.01.28 14:30:32.368,0.94482,0.945,3.54,2.25
2013.01.28 14:30:32.787,0.94482,0.94497,1.29,1.50
2013.01.28 14:30:32.908,0.9448,0.94497,1.73,1.88
2013.01.28 14:30:34.651,0.94479,0.94497,1.73,3.38
2013.01.28 14:30:35.199,0.9448,0.94496,2.10,3.00
2013.01.28 14:30:35.318,0.9448,0.94495,3.60,1.13
2013.01.28 14:30:35.498,0.94482,0.94493,1.73,3.75
2013.01.28 14:30:35.922,0.94482,0.94491,1.73,1.50
2013.01.28 14:30:36.297,0.9448,0.94491,1.50,3.15
2013.01.28 14:30:36.417,0.94475,0.94491,2.85,3.15
2013.01.28 14:30:36.808,0.94474,0.9449,1.73,3.00
2013.01.28 14:30:37.241,0.94473,0.9449,1.73,3.00
2013.01.28 14:30:37.682,0.94469,0.94485,4.73,1.50
2013.01.28 14:30:37.928,0.94469,0.94485,2.48,2.25
2013.01.28 14:30:38.050,0.94468,0.94486,2.48,1.35
2013.01.28 14:30:38.298,0.9447,0.94487,2.10,5.25
2013.01.28 14:30:38.358,0.9447,0.94486,1.73,1.13
2013.01.28 14:30:38.778,0.94468,0.94486,2.48,2.63
2013.01.28 14:30:39.137,0.94471,0.94487,2.97,3.00
2013.01.28 14:30:39.258,0.94471,0.94487,3.23,2.25
2013.01.28 14:30:39.438,0.94473,0.9449,2.48,1.88
2013.01.28 14:30:39.977,0.94473,0.94491,3.23,3.75
2013.01.28 14:30:40.409,0.94473,0.94487,2.48,1.35
2013.01.28 14:30:40.673,0.94471,0.94485,3.60,2.25
2013.01.28 14:30:40.979,0.94471,0.94487,2.10,1.35
2013.01.28 14:30:41.539,0.94473,0.94487,1.73,1.35
2013.01.28 14:30:42.258,0.94473,0.94486,1.73,2.25
2013.01.28 14:30:42.759,0.94473,0.94487,1.73,2.25
2013.01.28 14:30:43.305,0.94473,0.94485,1.73,1.50
2013.01.28 14:30:43.989,0.94471,0.94487,3.23,2.25
2013.01.28 14:30:45.299,0.9447,0.94484,3.23,1.50
2013.01.28 14:30:45.837,0.94472,0.94486,2.10,3.90
2013.01.28 14:30:46.078,0.94472,0.94487,2.10,3.00
2013.01.28 14:30:46.559,0.94474,0.94491,2.48,1.88
2013.01.28 14:30:47.417,0.94474,0.94489,2.48,1.50
2013.01.28 14:30:47.538,0.94474,0.94487,2.48,2.25
2013.01.28 14:30:47.659,0.94474,0.94487,3.23,2.25
2013.01.28 14:30:48.018,0.94474,0.9449,2.48,2.25
2013.01.28 14:30:48.727,0.94475,0.9449,2.10,2.25
2013.01.28 14:30:49.257,0.94477,0.94491,1.73,4.13
2013.01.28 14:30:49.558,0.94473,0.94483,1.50,1.50
2013.01.28 14:30:49.678,0.94473,0.94482,1.73,1.50
2013.01.28 14:30:49.857,0.94469,0.94482,2.48,1.50
2013.01.28 14:30:50.041,0.94469,0.94484,2.48,1.50
2013.01.28 14:30:50.168,0.94469,0.94485,2.48,1.50
2013.01.28 14:30:50.408,0.94469,0.94483,1.73,2.25
2013.01.28 14:30:50.588,0.94466,0.94482,3.23,1.65
2013.01.28 14:30:51.019,0.94471,0.94482,1.73,2.25
2013.01.28 14:30:51.138,0.94471,0.94485,2.48,3.00
2013.01.28 14:30:51.677,0.94471,0.94485,1.73,1.50
2013.01.28 14:30:52.533,0.9447,0.94485,1.35,3.00
2013.01.28 14:30:53.217,0.9447,0.94484,1.35,3.75
2013.01.28 14:30:53.457,0.9447,0.9448,1.35,1.50
2013.01.28 14:30:53.517,0.9447,0.94482,1.35,3.00
2013.01.28 14:30:54.618,0.94465,0.94482,2.48,3.23
2013.01.28 14:30:55.100,0.94465,0.9448,1.73,1.50
2013.01.28 14:30:55.350,0.94463,0.94478,3.23,1.50
2013.01.28 14:30:55.663,0.94463,0.94475,1.35,2.25
2013.01.28 14:30:56.228,0.94461,0.94477,1.73,2.25
2013.01.28 14:30:56.839,0.94461,0.94478,1.73,3.60
2013.01.28 14:30:57.197,0.9446,0.94476,2.48,2.40
2013.01.28 14:30:57.319,0.9446,0.94475,2.48,3.23
2013.01.28 14:30:57.811,0.94461,0.94474,3.23,1.50
2013.01.28 14:30:58.057,0.94461,0.94478,4.73,1.50
2013.01.28 14:30:58.127,0.94462,0.94479,2.48,1.13
2013.01.28 14:30:58.469,0.94462,0.94479,2.48,2.25
2013.01.28 14:31:00.067,0.94462,0.94476,1.73,1.13
2013.01.28 14:31:00.898,0.94465,0.94477,2.48,1.50
2013.01.28 14:31:01.017,0.94467,0.94482,1.35,10.73
2013.01.28 14:31:01.437,0.94468,0.94484,1.73,3.00
2013.01.28 14:31:02.957,0.94467,0.94482,2.85,2.25
2013.01.28 14:31:03.078,0.94467,0.94484,2.85,3.00
2013.01.28 14:31:03.440,0.94467,0.94482,3.60,2.10
2013.01.28 14:31:03.498,0.94467,0.94482,3.60,3.60
2013.01.28 14:31:04.007,0.94467,0.94482,1.73,3.75
2013.01.28 14:31:04.310,0.94467,0.94477,1.73,2.25
2013.01.28 14:31:06.138,0.94464,0.94474,1.73,2.25
2013.01.28 14:31:06.201,0.94463,0.94474,1.35,2.25
2013.01.28 14:31:06.270,0.94462,0.94474,1.73,2.25
2013.01.28 14:31:07.430,0.94461,0.94474,3.60,2.25
2013.01.28 14:31:07.499,0.94461,0.94473,3.23,3.00
2013.01.28 14:31:08.821,0.94457,0.94473,3.54,1.88
2013.01.28 14:31:08.888,0.94457,0.94473,3.23,1.88
2013.01.28 14:31:10.058,0.9446,0.94475,1.73,4.13
2013.01.28 14:31:10.119,0.9446,0.94475,1.73,1.13
2013.01.28 14:31:10.478,0.9446,0.94477,3.75,1.50
2013.01.28 14:31:11.809,0.9446,0.94478,4.12,3.75
2013.01.28 14:31:11.999,0.9446,0.94475,4.12,2.25
2013.01.28 14:31:12.133,0.9446,0.94472,2.48,1.50
2013.01.28 14:31:12.261,0.9446,0.94472,1.73,2.25
2013.01.28 14:31:12.391,0.9446,0.94468,1.50,1.50
2013.01.28 14:31:12.990,0.94452,0.94466,1.73,1.88
2013.01.28 14:31:13.697,0.94452,0.94468,1.73,1.50
2013.01.28 14:31:14.447,0.94455,0.9447,1.73,2.63
2013.01.28 14:31:15.149,0.94455,0.9447,2.48,1.50
2013.01.28 14:31:15.448,0.94458,0.94473,2.10,1.50
2013.01.28 14:31:15.568,0.94458,0.94474,2.85,12.75
2013.01.28 14:31:15.688,0.94458,0.94475,2.85,1.13
2013.01.28 14:31:16.290,0.94462,0.94478,2.48,2.63
2013.01.28 14:31:16.898,0.94461,0.94476,2.85,1.50
2013.01.28 14:31:17.360,0.94462,0.94476,1.73,3.23
2013.01.28 14:31:17.668,0.94465,0.94476,1.73,1.50
2013.01.28 14:31:17.851,0.94463,0.9448,2.48,2.25
2013.01.28 14:31:17.919,0.94462,0.9448,4.35,1.50
2013.01.28 14:31:18.813,0.94466,0.94482,2.48,1.50
2013.01.28 14:31:18.880,0.94471,0.94488,1.73,1.13
2013.01.28 14:31:19.007,0.94471,0.94488,2.48,1.13
2013.01.28 14:31:19.607,0.94472,0.94489,1.73,1.50
2013.01.28 14:31:20.088,0.94476,0.9449,1.73,2.25
2013.01.28 14:31:20.151,0.94476,0.9449,1.73,1.50
2013.01.28 14:31:21.127,0.94474,0.94492,2.10,4.50
2013.01.28 14:31:21.658,0.94474,0.9449,1.35,2.25
2013.01.28 14:31:22.359,0.94471,0.9449,3.23,3.00
2013.01.28 14:31:22.538,0.94471,0.94485,3.23,1.50
2013.01.28 14:31:22.778,0.94474,0.94485,1.35,1.50
2013.01.28 14:31:22.837,0.94474,0.94491,1.35,3.00
2013.01.28 14:31:23.078,0.94474,0.94491,1.35,1.50
2013.01.28 14:31:25.657,0.94473,0.94492,2.85,1.88
2013.01.28 14:31:25.778,0.94473,0.94492,2.85,1.13
2013.01.28 14:31:26.318,0.9448,0.94497,2.48,2.25
2013.01.28 14:31:26.758,0.94476,0.94494,2.10,3.75
2013.01.28 14:31:26.817,0.94476,0.94491,2.10,2.25
2013.01.28 14:31:27.201,0.94474,0.94485,2.48,1.50
2013.01.28 14:31:27.273,0.94473,0.9449,3.98,3.00
2013.01.28 14:31:27.397,0.94475,0.9449,2.48,1.50
2013.01.28 14:31:28.228,0.94477,0.94494,3.98,1.50
2013.01.28 14:31:28.288,0.94484,0.94497,1.50,3.75
2013.01.28 14:31:28.589,0.94488,0.94499,1.50,1.50
2013.01.28 14:31:28.947,0.94488,0.94502,1.73,1.50
2013.01.28 14:31:29.307,0.94488,0.94504,1.50,1.73
2013.01.28 14:31:29.547,0.94486,0.94499,1.73,1.50
2013.01.28 14:31:30.687,0.94483,0.945,2.48,2.25
2013.01.28 14:31:31.932,0.94482,0.94498,1.35,2.25
2013.01.28 14:31:31.997,0.94482,0.94497,1.35,2.25
2013.01.28 14:31:32.357,0.94478,0.94494,2.10,1.50
2013.01.28 14:31:33.168,0.94476,0.94494,1.35,2.25
2013.01.28 14:31:34.958,0.94476,0.94493,1.35,2.63
2013.01.28 14:31:36.467,0.94476,0.94493,1.35,2.63
2013.01.28 14:31:36.857,0.94475,0.94493,3.08,3.38
2013.01.28 14:31:37.039,0.94473,0.94491,4.73,1.50
2013.01.28 14:31:41.058,0.94476,0.94491,1.73,1.50
2013.01.28 14:31:41.299,0.94476,0.94493,4.35,1.13
2013.01.28 14:31:42.002,0.9448,0.94496,1.35,3.00
2013.01.28 14:31:45.577,0.94479,0.94496,2.48,1.50
2013.01.28 14:31:45.878,0.94483,0.94499,2.48,1.50
2013.01.28 14:31:47.270,0.94485,0.945,2.48,1.50
2013.01.28 14:31:47.328,0.94485,0.94503,2.48,4.50
2013.01.28 14:31:48.540,0.94485,0.945,2.48,2.25
2013.01.28 14:31:48.608,0.94485,0.945,2.48,2.25
2013.01.28 14:31:49.108,0.94487,0.945,1.35,3.00
2013.01.28 14:31:49.179,0.94487,0.94501,2.85,1.50
2013.01.28 14:31:49.298,0.94487,0.94499,2.85,2.25
2013.01.28 14:31:49.418,0.94487,0.94503,2.85,1.73
2013.01.28 14:31:49.539,0.94487,0.94501,1.35,1.50
2013.01.28 14:31:49.847,0.94483,0.945,6.60,4.50
2013.01.28 14:31:50.148,0.94483,0.94496,1.35,1.50
2013.01.28 14:31:50.207,0.94483,0.94496,1.35,1.50
2013.01.28 14:31:50.327,0.94483,0.94499,1.35,2.10
2013.01.28 14:31:50.837,0.94483,0.94499,2.48,1.50
2013.01.28 14:31:51.948,0.94482,0.94499,2.48,3.15
2013.01.28 14:31:52.007,0.94481,0.94495,1.35,1.50
2013.01.28 14:31:52.937,0.94478,0.94495,3.23,2.25
2013.01.28 14:31:53.898,0.9448,0.94494,1.73,1.28
2013.01.28 14:31:53.958,0.9448,0.94491,1.73,1.88
2013.01.28 14:31:54.019,0.9448,0.94491,1.50,1.88
2013.01.28 14:31:54.078,0.94477,0.9449,2.48,1.65
2013.01.28 14:31:54.497,0.94473,0.9449,2.48,5.40
2013.01.28 14:31:55.048,0.94473,0.9449,2.48,2.25
2013.01.28 14:31:55.393,0.94473,0.9449,3.23,2.25
2013.01.28 14:31:55.878,0.94473,0.94487,2.48,1.50
2013.01.28 14:31:55.938,0.94473,0.94487,2.48,1.50
2013.01.28 14:31:56.118,0.94473,0.9449,2.48,2.25
2013.01.28 14:31:56.308,0.94473,0.94487,2.48,1.50
2013.01.28 14:31:56.608,0.94472,0.94489,2.85,2.25
2013.01.28 14:31:57.228,0.94473,0.94491,2.48,2.63
2013.01.28 14:31:58.588,0.94471,0.9449,5.10,3.38
2013.01.28 14:31:59.107,0.94473,0.9449,1.73,3.38
2013.01.28 14:32:01.128,0.94474,0.94492,3.23,3.38
2013.01.28 14:32:02.947,0.94472,0.94491,2.85,1.50
2013.01.28 14:32:03.449,0.94472,0.94491,2.85,1.73
2013.01.28 14:32:05.550,0.94475,0.94489,2.25,1.13
2013.01.28 14:32:06.178,0.94475,0.94491,2.25,1.35
2013.01.28 14:32:07.188,0.94475,0.9449,2.25,2.25
2013.01.28 14:32:07.568,0.94475,0.94491,2.25,1.35
2013.01.28 14:32:07.748,0.94477,0.94491,2.25,1.35
2013.01.28 14:32:08.232,0.9448,0.94492,1.50,2.10
2013.01.28 14:32:08.418,0.94477,0.94492,2.48,2.10
2013.01.28 14:32:09.023,0.94477,0.94492,2.48,1.35
2013.01.28 14:32:09.538,0.94478,0.94492,1.50,1.35
2013.01.28 14:32:09.658,0.94481,0.94494,1.50,1.35
2013.01.28 14:32:09.718,0.94481,0.94494,1.50,1.13
2013.01.28 14:32:10.668,0.9448,0.94496,2.25,2.25
2013.01.28 14:32:11.377,0.9448,0.94496,2.25,1.50
2013.01.28 14:32:12.208,0.9448,0.94495,1.50,2.10
2013.01.28 14:32:12.965,0.94477,0.94492,2.25,1.50
2013.01.28 14:32:13.488,0.94477,0.94494,3.00,1.13
2013.01.28 14:32:14.018,0.94479,0.94494,1.50,1.13
2013.01.28 14:32:14.338,0.94482,0.94495,1.50,1.50
2013.01.28 14:32:15.339,0.94479,0.94496,2.63,1.88
2013.01.28 14:32:16.977,0.94479,0.94496,3.38,1.88
2013.01.28 14:32:17.427,0.94479,0.94496,2.63,2.25
2013.01.28 14:32:17.779,0.94479,0.94496,2.63,1.50
2013.01.28 14:32:18.289,0.94476,0.94495,5.85,3.75
2013.01.28 14:32:18.651,0.94477,0.94494,1.50,2.25
2013.01.28 14:32:19.971,0.94477,0.94494,4.50,1.50
2013.01.28 14:32:20.298,0.94474,0.94488,3.38,3.00
2013.01.28 14:32:20.787,0.94471,0.94487,2.48,1.13
2013.01.28 14:32:21.930,0.94471,0.94486,1.50,2.10
2013.01.28 14:32:22.289,0.94471,0.94478,1.50,1.73
2013.01.28 14:32:22.349,0.94464,0.94478,3.75,1.73
2013.01.28 14:32:22.408,0.94464,0.94478,2.25,1.73
2013.01.28 14:32:22.949,0.94462,0.9448,3.23,1.35
2013.01.28 14:32:24.638,0.94462,0.94476,2.48,2.10
2013.01.28 14:32:24.939,0.94459,0.94474,1.50,3.08
2013.01.28 14:32:25.477,0.94456,0.94473,2.48,3.23
2013.01.28 14:32:26.020,0.94457,0.94474,2.25,1.73
2013.01.28 14:32:26.318,0.94459,0.94476,2.25,3.00
2013.01.28 14:32:26.858,0.94458,0.94475,2.63,1.13
2013.01.28 14:32:27.342,0.94458,0.94475,1.13,5.85
2013.01.28 14:32:27.888,0.94457,0.94473,3.23,1.35
2013.01.28 14:32:28.137,0.9446,0.94475,1.50,2.25
2013.01.28 14:32:28.203,0.94461,0.94477,2.25,2.85
2013.01.28 14:32:28.329,0.94464,0.94481,1.73,3.60
2013.01.28 14:32:28.917,0.94464,0.9448,1.73,1.50
2013.01.28 14:32:29.238,0.94463,0.94478,2.48,1.13
2013.01.28 14:32:29.770,0.9446,0.94478,3.08,3.60
2013.01.28 14:32:29.843,0.9446,0.94476,2.48,1.50
2013.01.28 14:32:30.418,0.94462,0.94474,1.50,1.13
2013.01.28 14:32:30.538,0.9446,0.94474,1.50,1.35
2013.01.28 14:32:31.369,0.94459,0.94474,2.25,2.48
2013.01.28 14:32:32.119,0.9446,0.94475,1.73,1.50
2013.01.28 14:32:32.478,0.94464,0.9448,1.88,1.50
2013.01.28 14:32:33.187,0.94464,0.94482,1.73,1.73
2013.01.28 14:32:33.688,0.94463,0.94483,5.48,5.10
2013.01.28 14:32:34.274,0.94463,0.9448,3.98,1.50
2013.01.28 14:32:34.938,0.94463,0.94479,1.73,1.50
2013.01.28 14:32:35.547,0.94463,0.94478,1.73,2.25
2013.01.28 14:32:35.607,0.94463,0.94478,1.73,2.48
2013.01.28 14:32:38.297,0.94462,0.94478,1.73,2.48
2013.01.28 14:32:38.357,0.94462,0.94476,1.50,1.73
2013.01.28 14:32:38.889,0.94462,0.94476,1.50,1.73
2013.01.28 14:32:40.008,0.94461,0.94475,1.50,1.73
2013.01.28 14:32:42.149,0.94459,0.94476,2.10,2.48
2013.01.28 14:32:44.419,0.94459,0.94475,2.85,1.73
2013.01.28 14:32:44.728,0.94459,0.94475,2.25,2.85
2013.01.28 14:32:45.028,0.94459,0.94475,1.50,2.85
2013.01.28 14:32:46.228,0.94459,0.94473,2.25,1.73
2013.01.28 14:32:46.668,0.94459,0.94474,2.25,1.73
2013.01.28 14:32:47.150,0.94457,0.94474,3.00,2.48
2013.01.28 14:32:47.279,0.94457,0.94473,3.23,2.48
2013.01.28 14:32:47.699,0.94458,0.94474,2.25,2.25
2013.01.28 14:32:47.768,0.9446,0.94474,1.50,2.25
2013.01.28 14:32:48.307,0.9446,0.94476,2.25,1.50
2013.01.28 14:32:49.539,0.94462,0.94477,1.13,1.73
2013.01.28 14:32:50.359,0.94462,0.94476,1.13,2.25
2013.01.28 14:32:50.887,0.94461,0.94477,1.13,3.23
2013.01.28 14:32:52.227,0.9446,0.94475,2.25,2.25
2013.01.28 14:32:52.408,0.94456,0.94473,2.85,1.50
2013.01.28 14:32:52.589,0.94455,0.9447,1.50,1.50
2013.01.28 14:32:53.437,0.94454,0.9447,1.13,1.50
2013.01.28 14:32:53.739,0.94454,0.94468,1.13,1.50
2013.01.28 14:32:54.404,0.94454,0.94468,1.35,1.50
2013.01.28 14:32:54.949,0.94455,0.94468,1.13,1.50
2013.01.28 14:32:55.462,0.94451,0.94467,2.48,1.35
2013.01.28 14:32:56.569,0.94451,0.94467,2.10,2.48
2013.01.28 14:32:57.271,0.9445,0.94466,1.73,1.50
2013.01.28 14:32:57.828,0.94449,0.94467,1.73,3.60
2013.01.28 14:32:58.649,0.94449,0.94467,2.48,2.48
2013.01.28 14:32:59.769,0.94448,0.94467,3.23,3.23
2013.01.28 14:33:00.413,0.9445,0.94466,1.73,1.88
2013.01.28 14:33:01.928,0.94448,0.94465,1.73,3.23
2013.01.28 14:33:02.433,0.94447,0.94463,2.25,1.50
2013.01.28 14:33:02.679,0.94447,0.94463,2.10,1.73
2013.01.28 14:33:02.822,0.94445,0.94463,3.98,1.88
2013.01.28 14:33:03.269,0.94445,0.94461,2.85,1.73
2013.01.28 14:33:03.508,0.94445,0.94461,2.63,2.48
2013.01.28 14:33:03.867,0.94445,0.94461,2.85,1.73
2013.01.28 14:33:04.350,0.94446,0.94462,1.35,1.73
2013.01.28 14:33:04.656,0.94446,0.94462,1.13,1.73
2013.01.28 14:33:04.718,0.94445,0.94461,1.50,2.48
2013.01.28 14:33:05.258,0.94443,0.94461,2.63,4.73
2013.01.28 14:33:06.568,0.94445,0.9446,1.73,1.50
2013.01.28 14:33:06.867,0.94445,0.94462,1.73,1.73
2013.01.28 14:33:06.928,0.94445,0.9446,1.73,2.48
2013.01.28 14:33:07.432,0.94445,0.9446,1.50,2.48
2013.01.28 14:33:08.348,0.94444,0.9446,2.63,3.23
2013.01.28 14:33:09.150,0.94444,0.9446,2.63,3.23
2013.01.28 14:33:10.859,0.94442,0.9446,1.35,2.10
2013.01.28 14:33:11.218,0.94439,0.94454,1.50,3.08
2013.01.28 14:33:11.795,0.94439,0.94455,1.50,2.85
2013.01.28 14:33:12.317,0.94439,0.94454,1.50,1.58
2013.01.28 14:33:12.839,0.94436,0.94451,3.23,1.13
2013.01.28 14:33:13.741,0.94436,0.94451,1.73,1.13
2013.01.28 14:33:14.287,0.94435,0.94452,4.20,3.23
2013.01.28 14:33:15.247,0.94435,0.94452,1.35,2.48
2013.01.28 14:33:15.548,0.94433,0.94449,2.85,2.25
2013.01.28 14:33:15.788,0.94432,0.9445,3.98,1.35
2013.01.28 14:33:16.349,0.94435,0.9445,1.73,1.35
2013.01.28 14:33:16.658,0.94434,0.9445,1.73,1.35
2013.01.28 14:33:17.268,0.94433,0.94451,5.10,3.23
2013.01.28 14:33:17.627,0.94434,0.94451,2.48,3.75
2013.01.28 14:33:17.688,0.94434,0.94451,2.48,3.98
2013.01.28 14:33:18.172,0.94436,0.94451,2.48,1.50
2013.01.28 14:33:18.717,0.94437,0.94451,1.73,1.50
2013.01.28 14:33:19.018,0.94437,0.94451,1.73,1.13
2013.01.28 14:33:19.569,0.94437,0.94451,1.73,1.13
2013.01.28 14:33:19.939,0.94438,0.94451,1.13,1.88
2013.01.28 14:33:20.120,0.94442,0.94455,1.50,1.73
2013.01.28 14:33:20.658,0.94442,0.94452,1.73,1.13
2013.01.28 14:33:21.198,0.94442,0.94452,1.50,1.13
2013.01.28 14:33:21.718,0.94441,0.94452,1.50,1.13
2013.01.28 14:33:21.779,0.94437,0.94452,1.50,1.35
2013.01.28 14:33:21.958,0.94434,0.94452,3.23,1.35
2013.01.28 14:33:22.137,0.94437,0.94452,1.50,1.35
2013.01.28 14:33:22.449,0.94436,0.94449,1.88,1.73
2013.01.28 14:33:22.770,0.94438,0.94449,1.50,1.73
2013.01.28 14:33:22.897,0.94434,0.94449,2.25,1.73
2013.01.28 14:33:24.408,0.94435,0.94449,1.50,1.73
2013.01.28 14:33:25.369,0.94434,0.94448,1.50,1.73
2013.01.28 14:33:25.909,0.94432,0.9445,2.48,2.48
2013.01.28 14:33:25.968,0.94432,0.9445,2.48,2.48
2013.01.28 14:33:26.634,0.94431,0.94448,5.48,2.48
2013.01.28 14:33:27.147,0.94432,0.94448,3.23,2.48
2013.01.28 14:33:27.461,0.94432,0.94448,3.00,2.48
2013.01.28 14:33:28.009,0.94431,0.94446,2.10,1.58
2013.01.28 14:33:28.547,0.94429,0.94446,2.10,1.35
2013.01.28 14:33:29.219,0.94428,0.94443,1.73,2.48
2013.01.28 14:33:29.598,0.94428,0.94443,1.50,2.48
2013.01.28 14:33:30.107,0.94425,0.9444,2.48,1.73
2013.01.28 14:33:30.167,0.94425,0.9444,1.73,1.73
2013.01.28 14:33:30.227,0.94425,0.94439,1.73,1.35
2013.01.28 14:33:31.350,0.94424,0.94439,1.50,1.35
2013.01.28 14:33:31.528,0.9442,0.94437,2.85,2.85
2013.01.28 14:33:31.587,0.9442,0.94437,2.10,2.85
2013.01.28 14:33:32.569,0.94419,0.94431,1.73,1.50
2013.01.28 14:33:32.689,0.94415,0.94433,2.63,2.48
2013.01.28 14:33:32.809,0.94418,0.94433,1.50,1.73
2013.01.28 14:33:32.878,0.94418,0.94433,1.73,1.50
2013.01.28 14:33:32.999,0.94418,0.94433,1.50,1.73
2013.01.28 14:33:33.058,0.94415,0.94433,2.48,1.73
2013.01.28 14:33:33.177,0.94415,0.94433,3.23,1.50
2013.01.28 14:33:33.519,0.94415,0.94433,3.98,1.73
2013.01.28 14:33:34.088,0.94417,0.94433,1.50,1.73
2013.01.28 14:33:34.629,0.94413,0.9443,2.85,1.73
2013.01.28 14:33:37.428,0.94414,0.94432,2.85,3.98
2013.01.28 14:33:37.952,0.94414,0.94431,2.10,1.35
2013.01.28 14:33:38.209,0.94414,0.94431,2.85,1.13
2013.01.28 14:33:38.449,0.94415,0.94431,2.48,1.13
2013.01.28 14:33:39.737,0.94417,0.94433,2.10,1.73
2013.01.28 14:33:40.427,0.94419,0.94435,3.23,1.50
2013.01.28 14:33:41.567,0.94419,0.94436,4.35,1.50
2013.01.28 14:33:42.749,0.94422,0.94436,1.50,1.50
2013.01.28 14:33:43.270,0.94421,0.94438,2.85,2.10
2013.01.28 14:33:43.388,0.94425,0.94438,2.25,1.35
2013.01.28 14:33:43.628,0.94425,0.9444,2.48,1.50
2013.01.28 14:33:43.761,0.94425,0.94443,2.48,2.85
2013.01.28 14:33:44.338,0.94425,0.94443,2.48,2.85
2013.01.28 14:33:45.022,0.94425,0.94443,2.48,2.85
2013.01.28 14:33:47.208,0.94429,0.94444,1.50,2.85
2013.01.28 14:33:47.269,0.94429,0.94444,1.73,2.85
2013.01.28 14:33:48.727,0.94429,0.94444,1.35,2.48
2013.01.28 14:33:50.340,0.94427,0.94442,3.60,1.50
2013.01.28 14:33:50.870,0.94427,0.94441,1.35,1.50
2013.01.28 14:33:51.407,0.94427,0.94442,1.35,2.25
2013.01.28 14:33:53.037,0.94428,0.94444,2.48,2.10
2013.01.28 14:33:53.218,0.94432,0.94445,1.50,1.35
2013.01.28 14:33:53.578,0.94433,0.94446,1.73,2.25
2013.01.28 14:33:53.891,0.94433,0.94446,1.50,1.35
2013.01.28 14:33:54.268,0.9443,0.94443,1.50,1.13
2013.01.28 14:33:54.749,0.94427,0.94441,1.88,1.88
2013.01.28 14:33:55.649,0.94426,0.94438,1.50,1.92
2013.01.28 14:33:55.709,0.94424,0.94432,1.50,1.73
2013.01.28 14:33:56.016,0.94416,0.9443,1.50,1.88
2013.01.28 14:33:56.560,0.94415,0.94432,1.35,2.85
2013.01.28 14:33:56.681,0.94416,0.94432,3.23,1.50
2013.01.28 14:33:56.927,0.94416,0.94432,3.23,1.50
2013.01.28 14:33:57.129,0.94417,0.94434,2.48,2.48
2013.01.28 14:33:57.456,0.94417,0.94435,3.23,3.60
2013.01.28 14:33:58.268,0.94418,0.94437,3.23,4.35
2013.01.28 14:33:58.509,0.94418,0.94435,1.73,2.48
2013.01.28 14:33:59.368,0.94418,0.94434,2.10,2.48
2013.01.28 14:33:59.549,0.94418,0.94434,2.10,2.48
2013.01.28 14:34:00.529,0.94417,0.94434,2.48,2.25
2013.01.28 14:34:00.614,0.94417,0.94434,2.48,1.50
2013.01.28 14:34:01.200,0.94416,0.94433,2.48,1.50
2013.01.28 14:34:01.268,0.94415,0.94431,2.48,1.50
2013.01.28 14:34:01.632,0.94414,0.94432,1.73,2.25
2013.01.28 14:34:02.130,0.94415,0.94433,1.73,3.23
2013.01.28 14:34:02.190,0.94415,0.94432,2.48,1.50
2013.01.28 14:34:02.790,0.94413,0.94429,2.10,3.00
2013.01.28 14:34:03.248,0.94412,0.94429,3.23,3.00
2013.01.28 14:34:03.429,0.94412,0.94429,2.48,3.00
2013.01.28 14:34:04.259,0.94412,0.94429,2.48,3.00
2013.01.28 14:34:04.439,0.94412,0.94429,2.48,3.00
2013.01.28 14:34:04.898,0.94413,0.9443,1.73,2.10
2013.01.28 14:34:05.447,0.94413,0.9443,3.98,1.13
2013.01.28 14:34:06.099,0.94413,0.94431,4.73,1.88
2013.01.28 14:34:06.958,0.94413,0.94431,3.98,1.88
2013.01.28 14:34:09.543,0.94415,0.9443,1.73,2.25
2013.01.28 14:34:10.088,0.94415,0.94431,2.48,2.25
2013.01.28 14:34:10.577,0.94418,0.94433,1.73,2.85
2013.01.28 14:34:11.127,0.94418,0.94435,3.23,1.73
2013.01.28 14:34:12.160,0.94422,0.94437,1.50,1.58
2013.01.28 14:34:12.668,0.94418,0.94434,1.73,2.48
2013.01.28 14:34:12.848,0.94418,0.94434,1.73,2.25
2013.01.28 14:34:13.508,0.9442,0.94437,2.85,1.13
2013.01.28 14:34:13.568,0.9442,0.94437,2.85,1.13
2013.01.28 14:34:15.373,0.94422,0.94438,1.73,2.25
2013.01.28 14:34:17.569,0.94423,0.94439,1.73,1.13
2013.01.28 14:34:17.929,0.94426,0.94444,3.23,5.63
2013.01.28 14:34:18.588,0.94427,0.94444,1.35,2.63
2013.01.28 14:34:18.648,0.94427,0.94443,1.35,1.50
2013.01.28 14:34:18.708,0.94427,0.94442,1.35,2.40
2013.01.28 14:34:19.068,0.94426,0.94443,1.73,3.00
2013.01.28 14:34:19.770,0.94427,0.94443,1.35,1.50
2013.01.28 14:34:20.940,0.94429,0.94443,3.23,1.50
2013.01.28 14:34:22.717,0.94438,0.94453,2.48,2.09
2013.01.28 14:34:24.778,0.94437,0.94452,3.60,1.62
2013.01.28 14:34:25.559,0.94435,0.94449,2.48,2.25
2013.01.28 14:34:25.628,0.94434,0.94447,1.35,1.13
2013.01.28 14:34:25.749,0.94432,0.94444,1.73,1.65
2013.01.28 14:34:25.988,0.94431,0.94447,1.73,3.23
2013.01.28 14:34:26.056,0.94431,0.94447,3.23,1.88
2013.01.28 14:34:26.599,0.94432,0.94447,4.73,1.13
2013.01.28 14:34:26.958,0.9443,0.94443,3.23,1.35
2013.01.28 14:34:27.017,0.9443,0.94443,3.23,1.35
2013.01.28 14:34:27.859,0.94427,0.94443,2.85,2.85
2013.01.28 14:34:28.508,0.94428,0.94445,2.48,3.38
2013.01.28 14:34:28.749,0.9443,0.94446,1.73,1.35
2013.01.28 14:34:29.478,0.9443,0.94447,3.23,1.88
2013.01.28 14:34:30.019,0.94437,0.94453,1.35,1.73
2013.01.28 14:34:30.079,0.94437,0.94454,1.35,4.35
2013.01.28 14:34:30.400,0.94442,0.94454,3.23,1.13
2013.01.28 14:34:30.757,0.94441,0.94457,2.48,1.13
2013.01.28 14:34:31.997,0.94442,0.94458,1.35,2.25
2013.01.28 14:34:32.496,0.94442,0.94458,1.35,2.26
2013.01.28 14:34:36.938,0.94439,0.94456,1.73,2.63
2013.01.28 14:34:37.178,0.94438,0.94455,1.73,3.01
2013.01.28 14:34:37.548,0.94438,0.94455,1.25,6.01
2013.01.28 14:34:38.087,0.94439,0.94456,2.48,3.01
2013.01.28 14:34:38.619,0.94436,0.94454,4.35,3.76
2013.01.28 14:34:39.361,0.94436,0.94454,2.85,3.76
2013.01.28 14:34:44.001,0.94434,0.94452,3.98,2.25
2013.01.28 14:34:46.111,0.94433,0.94449,4.73,1.13
2013.01.28 14:34:46.358,0.94434,0.9445,2.76,2.25
2013.01.28 14:34:46.478,0.94433,0.9445,2.48,3.00
2013.01.28 14:34:46.841,0.94436,0.9445,1.52,3.00
2013.01.28 14:34:46.968,0.94437,0.9445,2.10,1.50
2013.01.28 14:34:47.028,0.94437,0.9445,1.35,1.50
2013.01.28 14:34:47.390,0.94436,0.94452,2.10,3.00
2013.01.28 14:34:47.961,0.94437,0.94452,1.35,3.00
2013.01.28 14:34:49.568,0.94436,0.94453,2.48,3.76
2013.01.28 14:34:50.397,0.94436,0.94453,2.48,3.01
2013.01.28 14:34:54.289,0.94434,0.94452,2.10,2.25
2013.01.28 14:34:54.648,0.94434,0.94449,1.35,1.50
2013.01.28 14:34:55.089,0.94431,0.94449,2.48,3.75
2013.01.28 14:34:55.210,0.94428,0.94446,4.85,2.25
2013.01.28 14:34:55.447,0.94427,0.9444,1.73,1.50
2013.01.28 14:34:55.988,0.94423,0.9444,2.48,2.25
2013.01.28 14:34:56.108,0.94423,0.9444,1.35,2.25
2013.01.28 14:34:56.937,0.9442,0.9444,4.35,3.75
2013.01.28 14:34:57.319,0.94425,0.94441,4.73,1.50
2013.01.28 14:34:57.438,0.94429,0.94443,1.73,1.13
2013.01.28 14:34:59.349,0.94426,0.94443,3.23,1.50
2013.01.28 14:35:00.200,0.94426,0.94443,1.43,5.25
2013.01.28 14:35:00.870,0.94427,0.94444,2.48,1.13
2013.01.28 14:35:01.517,0.9443,0.94446,1.73,3.00
2013.01.28 14:35:01.698,0.9443,0.94446,1.73,1.50
2013.01.28 14:35:02.597,0.94427,0.94445,2.18,1.50
2013.01.28 14:35:02.939,0.94429,0.94447,3.98,3.75
2013.01.28 14:35:03.379,0.94429,0.94447,3.23,3.75
2013.01.28 14:35:03.767,0.94429,0.94447,1.73,5.25
2013.01.28 14:35:04.068,0.94428,0.94447,2.85,3.75
2013.01.28 14:35:04.679,0.94428,0.94444,1.35,2.25
2013.01.28 14:35:04.739,0.94427,0.94443,1.35,2.25
2013.01.28 14:35:05.038,0.94426,0.94443,3.09,1.50
2013.01.28 14:35:05.401,0.94428,0.94444,1.34,1.50
2013.01.28 14:35:05.469,0.94433,0.94447,2.48,4.13
2013.01.28 14:35:05.530,0.94433,0.94447,2.82,3.75
2013.01.28 14:35:05.769,0.94434,0.94448,1.73,3.00
2013.01.28 14:35:05.828,0.94434,0.94451,1.73,3.00
2013.01.28 14:35:06.069,0.94434,0.9445,2.86,1.88
2013.01.28 14:35:07.439,0.94436,0.94453,2.48,2.63
2013.01.28 14:35:07.970,0.94435,0.94452,1.73,2.25
2013.01.28 14:35:08.628,0.94435,0.94454,3.23,3.75
2013.01.28 14:35:09.130,0.94438,0.94455,2.48,4.73
2013.01.28 14:35:09.668,0.94438,0.94455,3.98,1.50
2013.01.28 14:35:12.568,0.94438,0.94455,3.23,2.25
2013.01.28 14:35:13.028,0.94439,0.94456,3.12,1.13
2013.01.28 14:35:13.337,0.94439,0.94456,3.12,1.13
2013.01.28 14:35:13.950,0.9444,0.94457,2.10,3.75
2013.01.28 14:35:14.399,0.9444,0.94457,2.85,1.50
2013.01.28 14:35:14.869,0.94446,0.94461,1.73,2.10
2013.01.28 14:35:15.289,0.94446,0.94463,2.48,2.25
2013.01.28 14:35:15.679,0.94446,0.94463,2.48,3.00
2013.01.28 14:35:16.369,0.94447,0.94465,3.15,2.10
2013.01.28 14:35:16.550,0.94447,0.94465,3.52,1.35
2013.01.28 14:35:17.037,0.94448,0.94466,1.73,1.13
2013.01.28 14:35:17.616,0.94447,0.94466,2.77,1.13
2013.01.28 14:35:18.151,0.94447,0.94466,2.77,1.13
2013.01.28 14:35:18.954,0.94447,0.94466,2.77,1.13
2013.01.28 14:35:19.477,0.94447,0.94465,1.27,1.50
2013.01.28 14:35:20.067,0.94447,0.94466,1.27,3.38
2013.01.28 14:35:20.248,0.94447,0.94463,1.27,1.50
2013.01.28 14:35:21.391,0.94447,0.94464,4.73,1.50
2013.01.28 14:35:21.638,0.94452,0.94466,2.48,1.35
2013.01.28 14:35:21.697,0.94452,0.94466,2.48,1.13
2013.01.28 14:35:21.998,0.94452,0.94466,1.43,1.13
2013.01.28 14:35:22.358,0.94449,0.94466,2.48,1.13
2013.01.28 14:35:24.909,0.94451,0.94466,1.73,1.13
2013.01.28 14:35:24.969,0.94451,0.94464,1.73,3.15
2013.01.28 14:35:26.298,0.94448,0.94463,2.48,2.25
2013.01.28 14:35:29.698,0.94449,0.94466,2.48,1.35
2013.01.28 14:35:29.758,0.94449,0.94466,3.23,1.13
2013.01.28 14:35:29.940,0.94454,0.94467,1.73,2.25
2013.01.28 14:35:30.069,0.94454,0.94468,1.73,1.50
2013.01.28 14:35:30.368,0.94455,0.9447,2.85,1.50
2013.01.28 14:35:30.608,0.9446,0.94475,1.35,3.98
2013.01.28 14:35:30.670,0.94461,0.94475,1.73,1.50
2013.01.28 14:35:31.028,0.94465,0.94481,2.10,5.63
2013.01.28 14:35:31.149,0.94465,0.94483,2.10,1.13
2013.01.28 14:35:33.630,0.94464,0.94482,2.85,3.00
2013.01.28 14:35:33.705,0.94464,0.94481,2.85,1.88
2013.01.28 14:35:34.250,0.94467,0.94482,1.73,2.85
2013.01.28 14:35:34.319,0.94467,0.94482,3.23,1.50
2013.01.28 14:35:34.678,0.9447,0.94485,2.48,1.13
2013.01.28 14:35:34.801,0.94471,0.94489,2.48,1.73
2013.01.28 14:35:34.929,0.94471,0.94489,2.48,1.73
2013.01.28 14:35:35.360,0.94471,0.94488,1.73,3.19
2013.01.28 14:35:35.600,0.94467,0.94483,3.60,2.25
2013.01.28 14:35:35.900,0.94467,0.94485,2.10,1.65
2013.01.28 14:35:36.450,0.94465,0.94483,2.10,1.50
2013.01.28 14:35:36.999,0.94467,0.94484,2.48,1.13
2013.01.28 14:35:37.360,0.94465,0.94483,2.85,2.25
2013.01.28 14:35:37.998,0.94465,0.94482,1.73,2.63
2013.01.28 14:35:38.181,0.94465,0.94478,1.73,1.50
2013.01.28 14:35:38.368,0.94463,0.94478,3.38,1.73
2013.01.28 14:35:38.818,0.94463,0.94478,1.13,2.48
2013.01.28 14:35:39.377,0.94463,0.94478,5.25,1.73
2013.01.28 14:35:39.453,0.94463,0.94478,5.48,1.50
2013.01.28 14:35:40.099,0.94463,0.94478,4.73,2.25
2013.01.28 14:35:40.768,0.94462,0.94478,1.35,1.50
2013.01.28 14:35:40.827,0.94461,0.94473,2.25,1.50
2013.01.28 14:35:40.949,0.94459,0.94472,3.23,1.50
2013.01.28 14:35:41.248,0.94458,0.94473,2.48,2.63
2013.01.28 14:35:41.769,0.94458,0.94474,2.48,2.25
2013.01.28 14:35:43.080,0.94457,0.94474,2.85,1.88
2013.01.28 14:35:43.598,0.94457,0.94474,2.85,3.38
2013.01.28 14:35:46.740,0.94458,0.94476,5.10,2.63
2013.01.28 14:35:46.930,0.94461,0.94476,2.48,1.13
2013.01.28 14:35:47.278,0.94463,0.94478,3.23,2.10
2013.01.28 14:35:47.788,0.94463,0.94478,2.48,1.50
2013.01.28 14:35:49.159,0.94465,0.9448,1.73,1.50
2013.01.28 14:35:49.458,0.94467,0.94484,2.20,4.13
2013.01.28 14:35:49.578,0.94469,0.94485,1.73,2.25
2013.01.28 14:35:49.757,0.94469,0.94485,1.73,2.25
2013.01.28 14:35:50.178,0.94467,0.94484,2.48,1.35
2013.01.28 14:35:50.478,0.94467,0.94482,1.73,1.50
2013.01.28 14:35:50.598,0.94465,0.94483,2.85,1.50
2013.01.28 14:35:50.918,0.94465,0.94483,2.85,1.50
2013.01.28 14:35:50.978,0.94466,0.94481,1.73,1.50
2013.01.28 14:35:51.038,0.94467,0.94483,1.35,1.50
2013.01.28 14:35:51.158,0.94467,0.94483,1.35,1.50
2013.01.28 14:35:51.277,0.94467,0.94483,1.35,1.50
2013.01.28 14:35:51.337,0.94467,0.94482,1.35,2.25
2013.01.28 14:35:51.638,0.94467,0.94484,2.10,2.10
2013.01.28 14:35:51.939,0.94467,0.94479,1.73,1.50
2013.01.28 14:35:52.180,0.94467,0.94481,1.73,1.50
2013.01.28 14:35:52.250,0.94467,0.94481,1.73,1.50
2013.01.28 14:35:52.610,0.94466,0.94478,1.73,1.50
2013.01.28 14:35:52.728,0.94467,0.9448,1.73,1.50
2013.01.28 14:35:53.028,0.94466,0.9448,1.73,1.50
2013.01.28 14:35:53.158,0.94466,0.9448,1.35,1.50
2013.01.28 14:35:53.579,0.94468,0.9448,1.73,1.50
2013.01.28 14:35:54.128,0.94468,0.94481,1.73,1.73
2013.01.28 14:35:54.369,0.94467,0.94481,1.73,1.73
2013.01.28 14:35:55.548,0.94467,0.94483,1.73,2.25
2013.01.28 14:35:56.202,0.94467,0.94482,1.73,4.35
2013.01.28 14:35:57.148,0.94466,0.94483,1.73,1.50
2013.01.28 14:35:58.339,0.94466,0.94481,1.73,1.50
2013.01.28 14:35:58.528,0.94466,0.94483,1.73,4.13
2013.01.28 14:35:58.768,0.94466,0.94482,1.73,2.25
2013.01.28 14:35:59.272,0.94466,0.94481,2.48,2.85
2013.01.28 14:36:03.938,0.94465,0.9448,2.48,3.75
2013.01.28 14:36:04.468,0.94463,0.94477,1.73,1.50
2013.01.28 14:36:04.589,0.94463,0.94479,1.73,1.13
2013.01.28 14:36:05.137,0.94465,0.94478,1.73,1.50
2013.01.28 14:36:06.009,0.94466,0.94479,1.73,1.13
2013.01.28 14:36:06.130,0.94463,0.94478,1.73,2.85
2013.01.28 14:36:06.439,0.94459,0.94475,2.84,2.25
2013.01.28 14:36:06.498,0.94459,0.94475,2.48,2.25
2013.01.28 14:36:07.089,0.94459,0.94476,2.48,6.98
2013.01.28 14:36:08.192,0.94459,0.94474,2.48,1.13
2013.01.28 14:36:08.690,0.9446,0.94473,3.98,1.13
2013.01.28 14:36:08.768,0.94458,0.94471,1.35,1.50
2013.01.28 14:36:08.833,0.94458,0.94473,1.35,1.13
2013.01.28 14:36:08.901,0.94458,0.94471,1.28,2.25
2013.01.28 14:36:08.971,0.94458,0.9447,1.13,1.73
2013.01.28 14:36:09.100,0.94455,0.94467,2.40,1.50
2013.01.28 14:36:09.459,0.94451,0.94464,2.40,1.50
2013.01.28 14:36:09.978,0.94449,0.94465,1.73,1.13
2013.01.28 14:36:10.429,0.94448,0.94463,1.73,3.00
2013.01.28 14:36:10.723,0.94448,0.94463,2.48,2.25
2013.01.28 14:36:11.039,0.94448,0.94465,1.73,1.88
2013.01.28 14:36:12.169,0.94448,0.94464,1.73,1.50
2013.01.28 14:36:12.537,0.94454,0.94467,1.73,2.63
2013.01.28 14:36:12.849,0.9445,0.94462,1.73,1.13
2013.01.28 14:36:15.531,0.94448,0.94465,2.86,2.63
2013.01.28 14:36:16.038,0.94449,0.94466,2.69,3.75
2013.01.28 14:36:16.616,0.9445,0.94466,1.73,1.50
2013.01.28 14:36:18.668,0.94449,0.94466,3.44,2.25
2013.01.28 14:36:18.787,0.94448,0.94464,3.23,1.50
2013.01.28 14:36:20.179,0.94448,0.94464,1.73,2.25
2013.01.28 14:36:20.821,0.94448,0.94463,1.73,1.50
2013.01.28 14:36:23.249,0.94445,0.94461,1.73,1.50
2013.01.28 14:36:25.121,0.94442,0.94458,1.73,1.88
2013.01.28 14:36:25.489,0.94443,0.9446,1.73,3.00
2013.01.28 14:36:26.100,0.94442,0.94458,2.48,1.50
2013.01.28 14:36:26.520,0.94447,0.9446,1.35,1.50
2013.01.28 14:36:26.661,0.94447,0.94463,1.35,3.75
2013.01.28 14:36:27.671,0.94447,0.94464,2.10,3.38
2013.01.28 14:36:29.273,0.94447,0.94464,2.10,4.13
2013.01.28 14:36:31.341,0.94448,0.94461,1.73,1.50
2013.01.28 14:36:31.732,0.94447,0.94464,2.10,2.63
2013.01.28 14:36:32.299,0.94447,0.94464,2.10,3.38
2013.01.28 14:36:33.359,0.94447,0.94464,1.73,4.88
2013.01.28 14:36:34.457,0.94447,0.94463,1.73,3.15
2013.01.28 14:36:34.758,0.94443,0.94455,3.59,2.25
2013.01.28 14:36:34.818,0.94442,0.94452,2.48,1.88
2013.01.28 14:36:34.878,0.94442,0.94454,1.73,2.78
2013.01.28 14:36:35.429,0.94436,0.94451,1.73,1.50
2013.01.28 14:36:36.541,0.94436,0.94451,1.73,2.25
2013.01.28 14:36:37.099,0.94434,0.94451,2.48,2.03
2013.01.28 14:36:37.720,0.94433,0.94451,1.73,3.53
2013.01.28 14:36:38.349,0.94436,0.94451,1.73,1.50
2013.01.28 14:36:38.870,0.94436,0.94453,1.73,2.63
2013.01.28 14:36:39.694,0.94437,0.94453,1.35,2.25
2013.01.28 14:36:41.048,0.94437,0.94454,2.10,1.88
2013.01.28 14:36:41.576,0.94437,0.94453,2.10,2.25
2013.01.28 14:36:42.178,0.94437,0.94454,2.10,2.63
2013.01.28 14:36:42.796,0.94437,0.94453,2.10,1.50
2013.01.28 14:36:43.348,0.94437,0.94454,2.10,2.63
2013.01.28 14:36:44.108,0.94437,0.94454,2.10,4.88
2013.01.28 14:36:44.469,0.94436,0.9445,1.35,1.50
2013.01.28 14:36:44.890,0.94435,0.94451,2.48,2.25
2013.01.28 14:36:45.252,0.94436,0.94452,1.32,1.50
2013.01.28 14:36:45.382,0.94435,0.94454,3.98,3.38
2013.01.28 14:36:45.890,0.94439,0.94456,1.35,1.88
2013.01.28 14:36:46.807,0.94439,0.94455,2.10,1.50
2013.01.28 14:36:47.310,0.94441,0.94458,2.48,4.50
2013.01.28 14:36:47.709,0.94441,0.94458,2.48,3.38
2013.01.28 14:36:48.267,0.9444,0.94458,1.35,3.38
2013.01.28 14:36:48.793,0.9444,0.94458,2.85,1.13
2013.01.28 14:36:49.189,0.94443,0.94459,1.35,3.75
2013.01.28 14:36:49.508,0.94443,0.94458,2.85,2.25
2013.01.28 14:36:50.872,0.94443,0.94458,2.48,1.50
2013.01.28 14:36:51.250,0.94443,0.9446,2.48,4.50
2013.01.28 14:36:53.299,0.94443,0.94461,3.23,1.13
2013.01.28 14:36:53.999,0.94445,0.94462,1.73,3.00
2013.01.28 14:36:56.189,0.94446,0.94463,3.23,3.75
2013.01.28 14:36:56.249,0.94448,0.94463,1.32,1.50
2013.01.28 14:36:56.376,0.94448,0.94465,3.57,2.10
2013.01.28 14:36:57.128,0.94447,0.94464,1.58,1.13
2013.01.28 14:36:57.549,0.94446,0.94461,1.73,1.50
2013.01.28 14:36:58.119,0.94446,0.94462,1.73,1.88
2013.01.28 14:36:59.579,0.94446,0.94461,1.73,2.25
2013.01.28 14:37:00.038,0.94444,0.9446,1.73,2.25
2013.01.28 14:37:00.098,0.94445,0.94461,2.48,1.50
2013.01.28 14:37:00.557,0.94444,0.94459,4.73,1.50
2013.01.28 14:37:01.338,0.94444,0.9446,3.23,2.25
2013.01.28 14:37:02.678,0.94444,0.94461,3.60,1.88
2013.01.28 14:37:03.788,0.94444,0.94461,3.60,2.63
2013.01.28 14:37:04.468,0.94444,0.94461,2.48,3.00
2013.01.28 14:37:06.080,0.94444,0.94461,2.48,3.75
2013.01.28 14:37:06.499,0.94445,0.94461,3.98,3.00
2013.01.28 14:37:06.858,0.94445,0.94461,5.48,1.50
2013.01.28 14:37:07.098,0.94446,0.94465,2.48,3.60
2013.01.28 14:37:09.060,0.94446,0.94463,2.48,1.88
2013.01.28 14:37:12.748,0.94443,0.94459,1.58,3.38
2013.01.28 14:37:12.939,0.94442,0.94459,1.73,3.38
2013.01.28 14:37:16.910,0.9444,0.94456,1.73,1.50
2013.01.28 14:37:17.042,0.94441,0.94457,1.25,1.50
2013.01.28 14:37:17.348,0.94441,0.94458,2.37,3.00
2013.01.28 14:37:18.740,0.94443,0.9446,2.48,2.78
2013.01.28 14:37:19.099,0.9444,0.94457,3.23,1.50
2013.01.28 14:37:19.219,0.9444,0.94456,2.48,1.50
2013.01.28 14:37:19.649,0.94441,0.94456,1.73,1.50
2013.01.28 14:37:19.950,0.94445,0.94461,3.98,1.50
2013.01.28 14:37:20.068,0.94445,0.94463,3.98,1.50
2013.01.28 14:37:21.638,0.94445,0.94465,3.98,7.50
2013.01.28 14:37:23.919,0.94447,0.94462,1.73,1.50
2013.01.28 14:37:24.362,0.94444,0.94462,4.23,2.25
2013.01.28 14:37:24.428,0.94444,0.94462,3.23,2.25
2013.01.28 14:37:25.399,0.94444,0.94459,1.73,1.13
2013.01.28 14:37:25.462,0.94442,0.94458,1.73,1.13
2013.01.28 14:37:25.709,0.9444,0.94456,3.98,1.50
2013.01.28 14:37:25.768,0.9444,0.94456,2.48,1.73
2013.01.28 14:37:26.960,0.94443,0.94461,1.73,6.45
2013.01.28 14:37:27.199,0.94446,0.94461,2.25,1.35
2013.01.28 14:37:27.380,0.94446,0.94463,2.48,1.73
2013.01.28 14:37:27.789,0.94446,0.94463,2.48,1.73
2013.01.28 14:37:27.968,0.94447,0.94464,3.98,1.73
2013.01.28 14:37:30.170,0.94448,0.94466,2.48,2.63
2013.01.28 14:37:30.539,0.94445,0.94461,2.85,1.50
2013.01.28 14:37:30.598,0.94445,0.94461,2.10,2.48
2013.01.28 14:37:33.020,0.94443,0.94461,4.35,3.75
2013.01.28 14:37:33.390,0.94445,0.94461,3.23,1.50
2013.01.28 14:37:34.090,0.94445,0.9446,1.73,1.50
2013.01.28 14:37:34.222,0.94443,0.9446,2.85,2.25
2013.01.28 14:37:34.588,0.94441,0.94457,1.35,2.48
2013.01.28 14:37:36.002,0.9444,0.94458,3.23,1.73
2013.01.28 14:37:37.760,0.94439,0.94456,3.23,2.48
2013.01.28 14:37:39.010,0.94439,0.94455,1.73,2.10
2013.01.28 14:37:39.079,0.94437,0.94454,1.73,1.13
2013.01.28 14:37:39.142,0.94437,0.94453,1.50,1.13
2013.01.28 14:37:39.220,0.94435,0.94451,2.48,1.50
2013.01.28 14:37:39.349,0.94435,0.94451,1.73,2.48
2013.01.28 14:37:39.709,0.94435,0.94449,2.48,2.85
2013.01.28 14:37:40.069,0.9443,0.94448,2.85,6.15
2013.01.28 14:37:40.129,0.9443,0.94447,1.35,2.25
2013.01.28 14:37:40.250,0.9443,0.94447,2.10,3.15
2013.01.28 14:37:40.312,0.94428,0.94445,2.48,1.35
2013.01.28 14:37:40.859,0.94428,0.94446,2.48,2.48
2013.01.28 14:37:41.103,0.94428,0.94446,2.48,3.00
2013.01.28 14:37:42.343,0.94428,0.94446,3.98,1.50
2013.01.28 14:37:44.358,0.94427,0.94445,5.29,2.25
2013.01.28 14:37:44.478,0.94427,0.94445,3.45,2.25
2013.01.28 14:37:44.659,0.94428,0.94445,3.00,1.50
2013.01.28 14:37:45.469,0.94432,0.94447,3.45,2.25
2013.01.28 14:37:45.828,0.94432,0.94446,2.25,1.50
2013.01.28 14:37:45.949,0.9443,0.94446,1.73,2.25
2013.01.28 14:37:46.488,0.9443,0.94443,1.73,1.50
2013.01.28 14:37:47.478,0.9443,0.94446,1.23,1.50
2013.01.28 14:37:47.539,0.94428,0.94443,4.41,1.50
2013.01.28 14:37:48.139,0.94429,0.94446,1.73,2.25
2013.01.28 14:37:49.129,0.9443,0.94447,2.48,1.50
2013.01.28 14:37:49.638,0.9443,0.94446,2.48,1.13
2013.01.28 14:37:50.172,0.94428,0.94444,2.91,1.50
2013.01.28 14:37:50.538,0.94428,0.94446,2.91,1.88
2013.01.28 14:37:50.960,0.94428,0.94446,2.91,2.25
2013.01.28 14:37:52.289,0.94429,0.94444,1.73,2.78
2013.01.28 14:37:53.868,0.94428,0.94447,3.98,2.25
2013.01.28 14:37:55.579,0.94428,0.94444,2.48,2.63
2013.01.28 14:37:57.488,0.94428,0.94444,3.23,2.25
2013.01.28 14:37:57.910,0.94427,0.94442,2.73,2.25
2013.01.28 14:37:58.030,0.94424,0.9444,3.98,1.13
2013.01.28 14:37:58.401,0.94423,0.94435,1.73,1.13
2013.01.28 14:37:58.469,0.94423,0.94435,1.73,1.35
2013.01.28 14:37:58.828,0.94421,0.94435,2.33,1.13
2013.01.28 14:37:58.950,0.94425,0.9444,2.48,1.50
2013.01.28 14:37:59.010,0.94426,0.94441,2.48,1.88
2013.01.28 14:37:59.188,0.94426,0.94443,2.48,5.40
2013.01.28 14:37:59.549,0.94429,0.94444,1.73,1.88
2013.01.28 14:37:59.670,0.94429,0.94446,1.73,3.00
2013.01.28 14:37:59.729,0.94428,0.94442,1.73,2.25
2013.01.28 14:38:00.215,0.94426,0.94441,1.35,2.25
2013.01.28 14:38:00.760,0.94426,0.9444,2.85,1.50
2013.01.28 14:38:01.059,0.94426,0.94438,2.48,1.50
2013.01.28 14:38:01.238,0.94426,0.94443,2.48,5.25
2013.01.28 14:38:01.358,0.94425,0.94443,2.48,5.25
2013.01.28 14:38:02.028,0.94427,0.9444,2.48,1.50
2013.01.28 14:38:03.200,0.94427,0.94439,2.48,2.25
2013.01.28 14:38:03.498,0.94425,0.9444,2.48,1.65
2013.01.28 14:38:03.618,0.94425,0.9444,2.48,3.15
2013.01.28 14:38:03.978,0.94424,0.94442,3.98,2.85
2013.01.28 14:38:04.038,0.94424,0.94442,3.98,1.35
2013.01.28 14:38:04.098,0.94424,0.94442,3.98,1.13
2013.01.28 14:38:04.681,0.94426,0.94443,1.35,3.38
2013.01.28 14:38:05.389,0.94426,0.94443,1.35,1.13
2013.01.28 14:38:05.916,0.94427,0.94443,2.48,1.13
2013.01.28 14:38:06.219,0.94424,0.94442,2.10,5.25
2013.01.28 14:38:06.577,0.94422,0.94439,3.02,1.13
2013.01.28 14:38:07.548,0.94424,0.9444,1.73,1.50
2013.01.28 14:38:07.884,0.94426,0.94441,1.73,1.88
2013.01.28 14:38:07.961,0.94426,0.94441,1.73,1.88
2013.01.28 14:38:08.402,0.94428,0.94444,2.48,1.88
2013.01.28 14:38:10.268,0.94428,0.94446,2.48,2.63
2013.01.28 14:38:16.000,0.94428,0.94445,2.48,3.75
2013.01.28 14:38:18.529,0.94428,0.94445,2.85,3.38
2013.01.28 14:38:19.690,0.94429,0.94445,1.73,1.88
2013.01.28 14:38:23.230,0.94426,0.94444,3.98,1.13
2013.01.28 14:38:25.392,0.9443,0.94446,2.48,1.50
2013.01.28 14:38:25.519,0.94432,0.94446,2.48,1.50
2013.01.28 14:38:25.879,0.94434,0.94446,2.10,1.50
2013.01.28 14:38:26.178,0.94434,0.94448,2.10,3.00
2013.01.28 14:38:26.478,0.94436,0.94448,1.73,1.50
2013.01.28 14:38:27.629,0.94435,0.9445,1.73,2.48
2013.01.28 14:38:28.628,0.94433,0.94448,3.00,1.73
2013.01.28 14:38:29.138,0.94434,0.9445,2.10,2.48
2013.01.28 14:38:29.210,0.94433,0.94447,2.48,1.35
2013.01.28 14:38:29.521,0.94429,0.94441,1.13,1.73
2013.01.28 14:38:29.709,0.94426,0.94441,1.50,3.23
2013.01.28 14:38:31.680,0.94426,0.9444,1.50,1.50
2013.01.28 14:38:31.740,0.94426,0.94437,1.50,1.50
2013.01.28 14:38:32.288,0.94422,0.94438,2.85,3.00
2013.01.28 14:38:32.351,0.94422,0.94437,2.85,1.50
2013.01.28 14:38:32.470,0.94428,0.94439,1.73,1.50
2013.01.28 14:38:32.829,0.94426,0.94438,1.88,2.48
2013.01.28 14:38:33.348,0.94423,0.94437,1.73,2.48
2013.01.28 14:38:33.897,0.94423,0.94437,1.73,1.73
2013.01.28 14:38:34.558,0.94425,0.94437,1.73,1.50
2013.01.28 14:38:34.618,0.94427,0.9444,1.73,3.60
2013.01.28 14:38:35.018,0.94427,0.9444,1.73,3.38
2013.01.28 14:38:35.139,0.94427,0.94436,1.50,1.50
2013.01.28 14:38:35.669,0.94421,0.94436,2.85,1.50
2013.01.28 14:38:37.678,0.94421,0.94436,2.48,2.25
2013.01.28 14:38:38.658,0.94422,0.94436,1.13,1.73
2013.01.28 14:38:38.778,0.94421,0.94436,1.50,1.73
2013.01.28 14:38:40.658,0.94418,0.94434,1.13,2.48
2013.01.28 14:38:40.718,0.94417,0.94434,4.50,2.48
2013.01.28 14:38:42.009,0.94417,0.94434,1.50,4.35
2013.01.28 14:38:42.569,0.94415,0.94432,4.73,1.73
2013.01.28 14:38:43.358,0.94417,0.94433,2.25,2.85
2013.01.28 14:38:47.198,0.94417,0.94431,2.48,1.73
2013.01.28 14:38:47.559,0.9442,0.94435,1.73,1.50
2013.01.28 14:38:48.378,0.9442,0.94434,2.25,1.50
2013.01.28 14:38:48.887,0.94419,0.94435,1.50,2.25
2013.01.28 14:38:50.309,0.94419,0.94435,3.00,2.25
2013.01.28 14:38:50.428,0.9442,0.94435,2.85,2.25
2013.01.28 14:38:50.489,0.94422,0.94437,1.73,1.35
2013.01.28 14:38:51.148,0.94425,0.94441,1.73,2.48
2013.01.28 14:38:51.329,0.94425,0.94442,1.50,1.73
2013.01.28 14:38:51.688,0.94424,0.94439,2.25,2.48
2013.01.28 14:38:51.868,0.94424,0.94439,3.23,2.25
2013.01.28 14:38:52.049,0.94425,0.94443,2.48,4.73
2013.01.28 14:38:54.278,0.94425,0.94443,1.73,3.23
2013.01.28 14:38:54.338,0.94427,0.94443,1.73,1.35
2013.01.28 14:38:54.529,0.94428,0.94443,2.48,2.10
2013.01.28 14:38:54.828,0.94432,0.9445,2.25,2.25
2013.01.28 14:38:56.309,0.94433,0.9445,1.13,1.88
2013.01.28 14:38:56.966,0.94433,0.94452,2.63,3.98
2013.01.28 14:38:57.629,0.94434,0.94448,2.25,1.65
2013.01.28 14:38:57.999,0.94432,0.94445,1.50,1.73
2013.01.28 14:38:58.128,0.94431,0.94445,1.73,1.73
2013.01.28 14:38:58.632,0.94428,0.94445,2.10,2.10
2013.01.28 14:39:01.029,0.94428,0.94444,1.73,3.23
2013.01.28 14:39:01.090,0.94428,0.94444,1.50,3.23
2013.01.28 14:39:02.266,0.94426,0.94443,2.10,3.23
2013.01.28 14:39:03.610,0.94425,0.94441,1.73,1.35
2013.01.28 14:39:03.849,0.94424,0.94439,1.13,2.48
2013.01.28 14:39:04.493,0.94423,0.94437,1.13,3.83
2013.01.28 14:39:05.237,0.9442,0.94436,1.73,2.10
2013.01.28 14:39:06.598,0.9442,0.94434,1.50,1.73
2013.01.28 14:39:07.019,0.94417,0.94434,2.25,4.13
2013.01.28 14:39:09.040,0.94418,0.94433,1.50,1.58
2013.01.28 14:39:09.695,0.94418,0.94433,1.73,1.58
2013.01.28 14:39:10.120,0.94423,0.94435,1.50,2.10
2013.01.28 14:39:10.518,0.94424,0.94437,1.50,1.50
2013.01.28 14:39:10.639,0.94425,0.94438,3.98,1.50
2013.01.28 14:39:10.817,0.94427,0.94439,1.50,2.25
2013.01.28 14:39:11.058,0.94427,0.94441,1.50,1.50
2013.01.28 14:39:11.178,0.9443,0.94442,1.50,1.50
2013.01.28 14:39:11.858,0.94428,0.94443,1.50,2.85
2013.01.28 14:39:13.038,0.94426,0.94443,2.63,2.85
2013.01.28 14:39:14.659,0.94427,0.94443,1.50,2.48
2013.01.28 14:39:14.779,0.9443,0.94443,1.50,1.73
2013.01.28 14:39:14.850,0.9443,0.94445,1.50,3.00
2013.01.28 14:39:14.968,0.9443,0.94447,1.73,2.48
2013.01.28 14:39:15.208,0.9443,0.94447,1.50,3.08
2013.01.28 14:39:15.738,0.94428,0.94445,2.25,3.00
2013.01.28 14:39:16.463,0.94429,0.94444,1.50,1.50
2013.01.28 14:39:16.990,0.94428,0.94445,2.63,1.88
2013.01.28 14:39:17.270,0.9443,0.94445,1.50,1.88
2013.01.28 14:39:18.729,0.9443,0.94448,3.38,1.73
2013.01.28 14:39:18.789,0.9443,0.94448,4.35,1.50
2013.01.28 14:39:19.149,0.94437,0.94452,1.50,1.88
2013.01.28 14:39:19.582,0.94434,0.94452,4.73,1.13
2013.01.28 14:39:19.710,0.94436,0.94454,1.13,3.00
2013.01.28 14:39:20.283,0.94437,0.94455,1.50,2.85
2013.01.28 14:39:20.392,0.94437,0.94455,2.25,2.10
2013.01.28 14:39:21.268,0.94437,0.94455,3.00,3.60
2013.01.28 14:39:21.722,0.94438,0.94455,2.25,3.23
2013.01.28 14:39:23.971,0.94438,0.94453,1.50,1.50
2013.01.28 14:39:24.329,0.94436,0.94453,1.73,1.50
2013.01.28 14:39:24.892,0.94434,0.94451,3.98,2.25
2013.01.28 14:39:28.199,0.94436,0.94451,1.73,1.50
2013.01.28 14:39:29.178,0.94436,0.94452,1.73,2.63
2013.01.28 14:39:29.718,0.94436,0.94452,1.73,1.13
2013.01.28 14:39:30.230,0.94436,0.94453,3.60,3.75
2013.01.28 14:39:35.398,0.94439,0.94455,2.85,2.25
2013.01.28 14:39:36.518,0.94442,0.94455,1.35,2.25
2013.01.28 14:39:36.579,0.94442,0.94459,2.10,3.38
2013.01.28 14:39:36.699,0.94443,0.94459,1.73,1.13
2013.01.28 14:39:37.529,0.94444,0.94462,3.23,2.25
2013.01.28 14:39:37.990,0.94447,0.94462,1.35,2.25
2013.01.28 14:39:38.109,0.94448,0.94462,1.58,2.25
2013.01.28 14:39:38.349,0.94452,0.94465,1.73,1.50
2013.01.28 14:39:38.949,0.94452,0.94467,3.23,1.50
2013.01.28 14:39:39.561,0.94452,0.94467,3.23,1.50
2013.01.28 14:39:42.308,0.94452,0.94467,3.23,3.75
2013.01.28 14:39:43.499,0.94452,0.94467,3.23,2.25
2013.01.28 14:39:44.113,0.94452,0.94467,3.23,3.00
2013.01.28 14:39:44.519,0.94452,0.94467,3.23,3.75
2013.01.28 14:39:44.890,0.94452,0.94467,3.23,1.50
2013.01.28 14:39:45.439,0.94452,0.94467,3.23,3.75
2013.01.28 14:39:46.099,0.94452,0.94467,3.23,3.00
2013.01.28 14:39:46.159,0.94452,0.94466,3.23,2.25
2013.01.28 14:39:46.770,0.94452,0.94466,2.48,1.50
2013.01.28 14:39:49.200,0.94451,0.94465,2.10,1.50
2013.01.28 14:39:51.395,0.9445,0.94465,2.85,2.25
2013.01.28 14:39:51.588,0.9445,0.94463,2.48,1.50
2013.01.28 14:39:51.650,0.9445,0.94463,2.48,1.50
2013.01.28 14:39:51.958,0.94447,0.94462,2.48,1.50
2013.01.28 14:39:52.599,0.94447,0.94463,3.98,1.50
2013.01.28 14:39:54.348,0.94447,0.94462,3.98,1.50
2013.01.28 14:39:54.468,0.94448,0.94464,2.48,3.75
2013.01.28 14:39:54.769,0.94448,0.94466,3.98,3.75
2013.01.28 14:39:58.359,0.94451,0.94466,3.60,1.50
2013.01.28 14:39:59.389,0.94453,0.94467,2.48,3.00
2013.01.28 14:40:00.821,0.94449,0.94464,2.48,3.00
2013.01.28 14:40:00.897,0.94448,0.94463,1.73,2.25
2013.01.28 14:40:01.488,0.94444,0.9446,5.27,1.50
2013.01.28 14:40:01.549,0.94444,0.94459,1.73,3.00
2013.01.28 14:40:01.668,0.94443,0.94457,1.73,1.13
2013.01.28 14:40:01.859,0.94441,0.94457,3.23,2.63
2013.01.28 14:40:02.038,0.94442,0.94458,1.73,1.13
2013.01.28 14:40:02.218,0.94442,0.9446,1.73,2.25
2013.01.28 14:40:03.211,0.94441,0.94459,2.48,2.25
2013.01.28 14:40:03.518,0.94445,0.9446,1.73,1.88
2013.01.28 14:40:03.828,0.94446,0.94464,2.85,1.50
2013.01.28 14:40:04.139,0.94448,0.94466,1.73,3.00
2013.01.28 14:40:04.816,0.94448,0.94466,1.73,3.00
2013.01.28 14:40:05.318,0.94448,0.94466,2.48,2.63
2013.01.28 14:40:09.100,0.94449,0.94463,1.35,2.10
2013.01.28 14:40:09.638,0.94447,0.94464,3.60,3.00
2013.01.28 14:40:10.248,0.94449,0.94464,1.73,3.00
2013.01.28 14:40:12.718,0.94451,0.94466,1.73,2.63
2013.01.28 14:40:12.778,0.94451,0.94466,1.73,2.63
2013.01.28 14:40:13.079,0.94449,0.94465,1.73,1.50
2013.01.28 14:40:14.822,0.94448,0.94464,1.73,1.50
2013.01.28 14:40:15.418,0.94448,0.94465,1.73,3.00
2013.01.28 14:40:18.285,0.94448,0.94465,1.73,2.63
2013.01.28 14:40:18.800,0.94448,0.94466,3.23,1.50
2013.01.28 14:40:18.918,0.94451,0.94467,3.08,2.25
2013.01.28 14:40:19.509,0.94454,0.9447,1.73,2.25
2013.01.28 14:40:20.059,0.94454,0.94469,3.23,1.50
2013.01.28 14:40:20.368,0.94456,0.94469,2.85,1.50
2013.01.28 14:40:20.489,0.94456,0.94474,4.95,1.50
2013.01.28 14:40:21.029,0.94456,0.94475,4.35,3.38
2013.01.28 14:40:21.679,0.94457,0.94476,3.23,3.75
2013.01.28 14:40:21.919,0.94458,0.94476,1.73,3.38
2013.01.28 14:40:22.039,0.94456,0.94473,3.23,3.75
2013.01.28 14:40:23.469,0.94456,0.9447,1.73,2.25
2013.01.28 14:40:24.099,0.94455,0.9447,1.73,2.25
2013.01.28 14:40:24.159,0.94455,0.9447,1.73,1.50
2013.01.28 14:40:32.479,0.94457,0.94472,1.35,1.50
2013.01.28 14:40:33.508,0.94458,0.94473,1.73,3.00
2013.01.28 14:40:34.103,0.94458,0.94473,1.73,1.50
2013.01.28 14:40:34.478,0.94458,0.94473,1.73,3.75
2013.01.28 14:40:34.662,0.94457,0.94475,1.35,3.75
2013.01.28 14:40:34.789,0.94458,0.94475,1.54,3.75
2013.01.28 14:40:34.968,0.94461,0.94478,2.85,3.38
2013.01.28 14:40:36.628,0.94461,0.94478,2.85,2.63
2013.01.28 14:40:37.180,0.9446,0.94478,1.35,3.75
2013.01.28 14:40:37.359,0.94458,0.94473,2.48,2.25
2013.01.28 14:40:37.661,0.94455,0.94473,5.85,3.00
2013.01.28 14:40:38.211,0.94456,0.94471,1.73,1.50
2013.01.28 14:40:38.339,0.94458,0.94471,1.73,1.50
2013.01.28 14:40:38.730,0.94457,0.94474,2.48,1.88
2013.01.28 14:40:38.939,0.94457,0.94474,2.48,2.63
2013.01.28 14:40:40.589,0.94458,0.94474,1.73,2.63
2013.01.28 14:40:40.651,0.94458,0.94474,2.13,2.63
2013.01.28 14:40:40.958,0.9446,0.94474,1.91,2.63
2013.01.28 14:40:41.021,0.94456,0.94473,1.73,2.25
2013.01.28 14:40:43.690,0.94455,0.94473,3.37,2.63
2013.01.28 14:40:43.812,0.94455,0.94473,3.60,2.63
2013.01.28 14:40:45.459,0.94456,0.94473,2.10,2.63
2013.01.28 14:40:46.139,0.94455,0.94469,2.77,2.25
2013.01.28 14:40:46.199,0.94455,0.94468,2.48,1.50
2013.01.28 14:40:46.442,0.94453,0.94469,2.18,2.63
2013.01.28 14:40:46.752,0.94458,0.94469,1.73,1.13
2013.01.28 14:40:47.059,0.94458,0.94473,1.73,1.88
2013.01.28 14:40:48.388,0.94458,0.94473,1.73,1.13
2013.01.28 14:40:48.568,0.94457,0.94471,1.73,3.75
2013.01.28 14:40:49.203,0.94454,0.9447,2.48,3.00
2013.01.28 14:40:49.528,0.94451,0.94466,2.48,1.50
2013.01.28 14:40:49.829,0.94449,0.94464,3.23,2.63
2013.01.28 14:40:51.578,0.94446,0.94462,1.73,3.38
2013.01.28 14:40:51.699,0.94446,0.94461,1.50,1.88
2013.01.28 14:40:51.819,0.94446,0.94456,1.73,2.03
2013.01.28 14:40:51.879,0.94446,0.94453,1.73,1.50
2013.01.28 14:40:54.529,0.94436,0.94452,2.18,3.38
2013.01.28 14:40:56.090,0.94436,0.94455,4.27,1.50
2013.01.28 14:40:56.749,0.94444,0.94459,1.73,1.13
2013.01.28 14:40:57.119,0.94444,0.9446,2.48,1.50
2013.01.28 14:40:57.178,0.94444,0.94462,3.23,4.13
2013.01.28 14:41:00.040,0.94444,0.9446,3.98,1.50
2013.01.28 14:41:00.590,0.94445,0.94462,2.48,3.00
2013.01.28 14:41:01.132,0.94446,0.94461,2.48,1.13
2013.01.28 14:41:01.639,0.94446,0.94462,2.48,1.50
2013.01.28 14:41:01.818,0.94448,0.94464,1.73,3.00
2013.01.28 14:41:03.529,0.94448,0.94463,1.73,1.50
2013.01.28 14:41:07.069,0.94449,0.94464,3.06,1.13
2013.01.28 14:41:07.439,0.94449,0.94463,2.48,1.50
2013.01.28 14:41:07.999,0.94447,0.94461,2.48,1.50
2013.01.28 14:41:09.413,0.94447,0.94463,3.23,2.63
2013.01.28 14:41:10.148,0.94449,0.94465,1.73,2.63
2013.01.28 14:41:10.700,0.94449,0.94463,1.73,1.50
2013.01.28 14:41:12.419,0.94447,0.94462,3.23,1.50
2013.01.28 14:41:17.390,0.94447,0.94464,4.73,3.75
2013.01.28 14:41:19.598,0.94448,0.94464,3.23,1.50
2013.01.28 14:41:20.008,0.94447,0.94462,3.23,1.50
2013.01.28 14:41:20.488,0.94448,0.94464,1.73,1.50
2013.01.28 14:41:24.239,0.94448,0.94464,1.73,1.50
2013.01.28 14:41:25.141,0.94448,0.94461,1.73,1.65
2013.01.28 14:41:25.448,0.94447,0.94457,1.73,1.50
2013.01.28 14:41:25.629,0.94442,0.94458,2.85,2.25
2013.01.28 14:41:25.689,0.94442,0.94458,1.35,2.25
2013.01.28 14:41:26.109,0.94442,0.94459,1.73,3.00
2013.01.28 14:41:26.512,0.9444,0.94453,1.73,1.50
2013.01.28 14:41:26.589,0.9444,0.94455,2.48,1.50
2013.01.28 14:41:26.949,0.9444,0.94458,2.48,3.38
2013.01.28 14:41:28.558,0.94441,0.94456,1.73,1.50
2013.01.28 14:41:28.746,0.9444,0.94458,2.48,3.38
2013.01.28 14:41:29.387,0.9444,0.94455,2.48,1.50
2013.01.28 14:41:31.868,0.94435,0.94449,2.36,1.50
2013.01.28 14:41:32.178,0.94435,0.94447,2.13,1.50
2013.01.28 14:41:32.359,0.94435,0.94443,1.38,1.50
2013.01.28 14:41:32.420,0.94432,0.94447,3.23,1.50
2013.01.28 14:41:32.969,0.94432,0.94442,3.23,1.50
2013.01.28 14:41:33.029,0.94432,0.94444,3.23,1.50
2013.01.28 14:41:33.972,0.94432,0.94448,1.73,1.50
2013.01.28 14:41:34.349,0.94432,0.94449,3.23,3.00
2013.01.28 14:41:35.330,0.94432,0.94449,2.48,2.63
2013.01.28 14:41:38.199,0.94432,0.94449,1.73,3.00
2013.01.28 14:41:38.680,0.94431,0.94447,2.46,2.25
2013.01.28 14:41:38.738,0.94431,0.94447,2.10,2.25
2013.01.28 14:41:45.879,0.94429,0.94445,2.85,1.50
2013.01.28 14:41:51.472,0.94429,0.94444,2.48,1.88
2013.01.28 14:41:51.542,0.94427,0.94443,2.48,2.03
2013.01.28 14:41:51.729,0.94425,0.94441,1.73,3.75
2013.01.28 14:41:51.859,0.94425,0.94437,1.73,1.50
2013.01.28 14:41:52.000,0.94423,0.94437,2.48,1.50
2013.01.28 14:41:52.130,0.94423,0.94435,2.48,1.50
2013.01.28 14:41:53.131,0.94418,0.94435,2.85,2.25
2013.01.28 14:41:53.439,0.94415,0.94427,1.73,2.25
2013.01.28 14:41:53.500,0.94415,0.94424,1.73,4.50
2013.01.28 14:41:53.861,0.9441,0.94421,1.59,1.50
2013.01.28 14:41:54.108,0.94408,0.94426,1.73,3.75
2013.01.28 14:41:54.890,0.94409,0.94428,5.79,2.63
2013.01.28 14:41:55.010,0.94408,0.94425,1.35,2.63
2013.01.28 14:41:55.511,0.94407,0.94425,3.45,2.63
2013.01.28 14:41:56.059,0.94408,0.94424,1.35,1.50
2013.01.28 14:41:56.418,0.94407,0.94425,3.60,3.53
2013.01.28 14:41:56.538,0.94406,0.94422,1.35,1.50
2013.01.28 14:41:57.329,0.94407,0.9442,1.73,1.50
2013.01.28 14:41:57.448,0.94403,0.94418,1.73,1.50
2013.01.28 14:41:57.989,0.94405,0.94421,2.48,1.88
2013.01.28 14:41:58.909,0.94405,0.94421,2.48,1.13
2013.01.28 14:41:59.211,0.94405,0.9442,1.73,2.25
2013.01.28 14:41:59.519,0.944,0.94417,1.98,1.50
2013.01.28 14:41:59.759,0.94401,0.94416,1.73,1.50
2013.01.28 14:41:59.818,0.94401,0.94418,1.73,2.25
2013.01.28 14:41:59.939,0.94401,0.94418,3.23,1.50
2013.01.28 14:42:00.389,0.94401,0.94419,3.23,3.38
2013.01.28 14:42:00.689,0.94403,0.9442,1.35,4.13
2013.01.28 14:42:01.228,0.94403,0.9442,1.35,3.38
2013.01.28 14:42:01.354,0.94402,0.94418,1.73,1.50
2013.01.28 14:42:01.419,0.94402,0.94418,1.73,2.85
2013.01.28 14:42:01.659,0.944,0.94416,1.50,1.50
2013.01.28 14:42:02.018,0.94403,0.94418,1.50,2.63
2013.01.28 14:42:02.468,0.94403,0.94418,1.13,3.38
2013.01.28 14:42:03.054,0.94403,0.94418,1.88,1.88
2013.01.28 14:42:03.299,0.94404,0.9442,1.73,2.10
2013.01.28 14:42:03.831,0.94404,0.94421,3.23,1.73
2013.01.28 14:42:04.568,0.94407,0.94424,1.50,2.48
2013.01.28 14:42:04.629,0.94407,0.94426,2.48,5.85
2013.01.28 14:42:04.870,0.94408,0.94427,1.13,4.35
2013.01.28 14:42:04.991,0.94413,0.94427,2.25,1.13
2013.01.28 14:42:05.050,0.94413,0.9443,2.25,2.48
2013.01.28 14:42:05.349,0.94412,0.94428,1.50,3.75
2013.01.28 14:42:05.862,0.94412,0.94428,1.73,1.73
2013.01.28 14:42:06.169,0.94416,0.9443,3.45,1.73
2013.01.28 14:42:06.470,0.94421,0.94433,1.35,1.92
2013.01.28 14:42:06.650,0.94418,0.94433,1.73,2.67
2013.01.28 14:42:06.829,0.94415,0.94433,3.23,4.17
2013.01.28 14:42:07.660,0.94415,0.94429,2.48,1.50
2013.01.28 14:42:07.968,0.94413,0.94428,1.73,1.73
2013.01.28 14:42:08.028,0.94413,0.94428,1.73,1.50
2013.01.28 14:42:08.798,0.94411,0.94427,1.35,3.98
2013.01.28 14:42:09.407,0.94411,0.94427,1.35,3.75
2013.01.28 14:42:09.719,0.94411,0.94426,1.35,2.25
2013.01.28 14:42:10.161,0.94407,0.94422,2.48,1.50
2013.01.28 14:42:14.110,0.94408,0.94423,2.10,1.50
2013.01.28 14:42:14.168,0.9441,0.94425,1.35,3.00
2013.01.28 14:42:14.289,0.9441,0.9442,1.35,1.50
2013.01.28 14:42:14.529,0.94409,0.9442,1.73,2.25
2013.01.28 14:42:14.649,0.94407,0.94421,1.50,1.35
2013.01.28 14:42:15.129,0.94405,0.94418,1.73,3.00
2013.01.28 14:42:15.488,0.94405,0.9442,1.73,3.00
2013.01.28 14:42:17.539,0.944,0.94419,3.23,2.25
2013.01.28 14:42:18.124,0.94399,0.94415,3.13,2.25
2013.01.28 14:42:20.819,0.94397,0.94414,4.73,1.88
2013.01.28 14:42:20.999,0.94399,0.94414,1.73,1.88
2013.01.28 14:42:22.161,0.94398,0.94415,6.68,2.25
2013.01.28 14:42:26.248,0.944,0.94417,1.35,1.50
2013.01.28 14:42:32.479,0.94399,0.94414,3.60,1.50
2013.01.28 14:42:32.599,0.94399,0.94413,2.85,1.65
2013.01.28 14:42:32.779,0.94398,0.94411,2.48,2.25
2013.01.28 14:42:32.899,0.94398,0.94412,2.48,1.13
2013.01.28 14:42:33.138,0.94397,0.94414,2.48,2.85
2013.01.28 14:42:33.740,0.94398,0.94415,1.35,1.50
2013.01.28 14:42:34.248,0.944,0.94415,1.73,1.50
2013.01.28 14:42:35.390,0.944,0.94414,1.73,1.50
2013.01.28 14:42:35.808,0.944,0.94416,1.73,4.50
2013.01.28 14:42:37.500,0.94403,0.94418,2.48,2.25
2013.01.28 14:42:37.620,0.94403,0.9442,3.98,2.25
2013.01.28 14:42:37.799,0.94403,0.94419,2.97,1.50
2013.01.28 14:42:38.366,0.94403,0.94419,1.73,2.25
2013.01.28 14:42:39.180,0.94403,0.94419,1.73,2.25
2013.01.28 14:42:40.226,0.94403,0.94419,1.73,2.25
2013.01.28 14:42:42.649,0.944,0.94418,3.63,2.25
2013.01.28 14:42:43.189,0.944,0.94417,5.85,2.63
2013.01.28 14:42:43.831,0.944,0.94417,5.10,2.63
2013.01.28 14:42:44.629,0.94402,0.94419,1.35,1.88
2013.01.28 14:42:45.169,0.94401,0.94417,2.48,1.50
2013.01.28 14:42:48.188,0.94403,0.9442,2.48,1.88
2013.01.28 14:42:48.309,0.94403,0.9442,2.48,1.13
2013.01.28 14:42:48.488,0.94402,0.94419,2.48,3.00
2013.01.28 14:42:50.337,0.94401,0.94418,2.85,1.50
2013.01.28 14:42:50.859,0.94401,0.94417,2.85,1.50
2013.01.28 14:42:51.378,0.94401,0.94418,2.85,1.88
2013.01.28 14:42:51.620,0.94401,0.94416,1.35,1.65
2013.01.28 14:42:51.980,0.94398,0.94409,1.73,1.50
2013.01.28 14:42:52.040,0.94396,0.94411,1.73,2.25
2013.01.28 14:42:55.249,0.94392,0.94409,1.73,2.25
2013.01.28 14:42:55.690,0.9439,0.94405,2.25,2.40
2013.01.28 14:42:55.751,0.9439,0.94405,2.48,1.65
2013.01.28 14:42:56.174,0.94385,0.94402,2.49,2.25
2013.01.28 14:43:00.072,0.9438,0.94395,2.48,1.88
2013.01.28 14:43:00.140,0.94377,0.94393,1.73,1.50
2013.01.28 14:43:00.402,0.94378,0.94393,1.73,2.10
2013.01.28 14:43:00.590,0.94373,0.94391,3.60,1.13
2013.01.28 14:43:00.709,0.94373,0.94391,2.10,1.35
2013.01.28 14:43:00.949,0.94374,0.9439,1.35,1.50
2013.01.28 14:43:01.250,0.94374,0.94391,1.35,1.13
2013.01.28 14:43:01.310,0.94374,0.94391,2.85,1.35
2013.01.28 14:43:01.429,0.94374,0.94391,1.35,2.85
2013.01.28 14:43:01.609,0.94374,0.94391,2.10,2.70
2013.01.28 14:43:01.968,0.94374,0.94391,1.73,6.83
2013.01.28 14:43:02.688,0.94374,0.94391,1.50,6.23
2013.01.28 14:43:02.748,0.9437,0.9439,3.60,2.25
2013.01.28 14:43:03.049,0.94373,0.9439,2.91,3.00
2013.01.28 14:43:03.598,0.94373,0.9439,1.41,1.50
2013.01.28 14:43:04.458,0.94374,0.94393,2.85,4.13
2013.01.28 14:43:04.759,0.94373,0.94388,1.29,4.50
2013.01.28 14:43:04.821,0.94372,0.94388,1.73,4.73
2013.01.28 14:43:05.188,0.94368,0.94385,2.48,1.50
2013.01.28 14:43:05.738,0.94368,0.94384,1.73,1.50
2013.01.28 14:43:06.251,0.94366,0.94384,3.98,2.63
2013.01.28 14:43:06.368,0.94366,0.94384,3.98,2.85
2013.01.28 14:43:06.969,0.94367,0.94384,1.95,1.35
2013.01.28 14:43:07.462,0.94367,0.94383,1.13,1.73
2013.01.28 14:43:07.531,0.94367,0.94383,1.13,1.73
2013.01.28 14:43:08.039,0.94366,0.94384,3.98,2.63
2013.01.28 14:43:08.768,0.94369,0.94387,2.48,2.25
2013.01.28 14:43:09.078,0.94371,0.94387,1.73,1.13
2013.01.28 14:43:11.619,0.94371,0.94388,2.10,2.10
2013.01.28 14:43:11.740,0.94371,0.94388,2.10,2.10
2013.01.28 14:43:11.811,0.94371,0.94388,2.10,2.85
2013.01.28 14:43:11.872,0.94371,0.94388,2.10,2.63
2013.01.28 14:43:12.276,0.9437,0.94387,2.48,2.25
2013.01.28 14:43:13.319,0.9437,0.94388,3.98,1.88
2013.01.28 14:43:13.829,0.94372,0.94388,2.09,2.63
2013.01.28 14:43:14.139,0.94374,0.9439,1.73,1.43
2013.01.28 14:43:14.318,0.94376,0.94391,2.48,2.67
2013.01.28 14:43:14.869,0.94383,0.94391,2.25,1.50
2013.01.28 14:43:15.228,0.94384,0.94401,2.48,1.50
2013.01.28 14:43:19.008,0.94384,0.94402,4.35,3.75
2013.01.28 14:43:19.549,0.94387,0.94402,1.73,2.25
2013.01.28 14:43:20.491,0.94387,0.94403,1.73,2.63
2013.01.28 14:43:21.668,0.94388,0.94404,1.95,1.88
2013.01.28 14:43:21.908,0.94387,0.94402,1.73,2.25
2013.01.28 14:43:22.658,0.94387,0.94404,2.48,1.88
2013.01.28 14:43:23.169,0.9439,0.94406,2.48,3.00
2013.01.28 14:43:23.409,0.94391,0.94407,2.31,1.88
2013.01.28 14:43:23.708,0.94393,0.9441,3.98,1.50
2013.01.28 14:43:24.514,0.94394,0.94411,1.73,1.50
2013.01.28 14:43:25.207,0.94394,0.94411,1.73,2.25
2013.01.28 14:43:26.504,0.94393,0.94411,3.60,2.25
2013.01.28 14:43:27.294,0.94393,0.9441,2.10,1.50
2013.01.28 14:43:29.601,0.94393,0.94407,1.73,1.50
2013.01.28 14:43:29.668,0.94392,0.94407,2.48,1.50
2013.01.28 14:43:30.178,0.94389,0.94406,1.73,1.50
2013.01.28 14:43:31.137,0.94389,0.94407,2.76,1.88
2013.01.28 14:43:31.198,0.94392,0.94408,4.73,1.50
2013.01.28 14:43:31.727,0.94392,0.94409,3.98,2.25
2013.01.28 14:43:32.309,0.94392,0.94409,3.23,4.50
2013.01.28 14:43:32.878,0.94392,0.94407,1.73,2.25
2013.01.28 14:43:33.529,0.94392,0.94408,1.73,1.88
2013.01.28 14:43:34.148,0.94393,0.94409,2.10,2.25
2013.01.28 14:43:34.389,0.94393,0.94407,2.85,2.25
2013.01.28 14:43:34.507,0.94393,0.94407,2.85,2.40
2013.01.28 14:43:35.047,0.94388,0.94405,2.10,1.50
2013.01.28 14:43:36.608,0.9439,0.94406,1.73,1.50
2013.01.28 14:43:36.728,0.94389,0.94403,1.73,1.50
2013.01.28 14:43:38.092,0.94387,0.94402,3.23,2.25
2013.01.28 14:43:38.518,0.94386,0.94402,2.48,3.75
2013.01.28 14:43:38.939,0.94385,0.944,1.35,2.25
2013.01.28 14:43:39.011,0.94385,0.944,1.35,2.25
2013.01.28 14:43:39.287,0.94385,0.944,1.35,3.00
2013.01.28 14:43:39.487,0.94385,0.94401,1.35,3.75
2013.01.28 14:43:39.547,0.94385,0.94401,1.35,3.75
2013.01.28 14:43:40.077,0.94386,0.94401,1.73,2.25
2013.01.28 14:43:40.728,0.94386,0.94401,1.73,2.63
2013.01.28 14:43:42.989,0.94386,0.94401,1.73,2.25
2013.01.28 14:43:43.438,0.94386,0.94401,1.73,3.75
2013.01.28 14:43:43.967,0.94384,0.944,2.48,1.50
2013.01.28 14:43:45.697,0.94383,0.94399,1.73,1.50
2013.01.28 14:43:46.209,0.94386,0.944,1.73,1.50
2013.01.28 14:43:47.398,0.94386,0.944,1.73,2.25
2013.01.28 14:43:48.077,0.94384,0.944,1.73,2.85
2013.01.28 14:43:48.641,0.94384,0.94398,1.73,1.50
2013.01.28 14:43:51.028,0.94384,0.94399,2.85,1.50
2013.01.28 14:43:51.337,0.94384,0.94399,3.23,1.50
2013.01.28 14:43:51.638,0.94386,0.94402,2.48,1.13
2013.01.28 14:43:52.117,0.94387,0.94404,2.48,1.50
2013.01.28 14:43:52.550,0.94389,0.94404,1.73,1.50
2013.01.28 14:43:52.788,0.94392,0.94406,2.85,1.50
2013.01.28 14:43:53.918,0.94394,0.94406,1.73,1.50
2013.01.28 14:43:54.111,0.94397,0.94411,3.98,1.50
2013.01.28 14:43:54.180,0.944,0.94412,1.50,1.28
2013.01.28 14:43:54.728,0.94399,0.94413,2.25,1.65
2013.01.28 14:43:54.788,0.94399,0.94414,2.25,1.13
2013.01.28 14:43:55.631,0.94399,0.94414,2.25,1.13
2013.01.28 14:43:56.178,0.94397,0.94413,1.73,2.40
2013.01.28 14:43:56.419,0.94399,0.94414,2.25,2.63
2013.01.28 14:43:56.957,0.94397,0.94412,3.23,3.38
2013.01.28 14:43:57.318,0.94394,0.9441,2.48,1.65
2013.01.28 14:43:57.619,0.94394,0.9441,1.73,3.90
2013.01.28 14:43:57.930,0.94393,0.9441,3.98,3.15
2013.01.28 14:43:59.848,0.94394,0.94409,1.73,1.50
2013.01.28 14:44:01.748,0.94393,0.94409,2.48,2.40
2013.01.28 14:44:01.808,0.94393,0.94409,2.04,2.40
2013.01.28 14:44:01.928,0.94391,0.94408,3.60,1.50
2013.01.28 14:44:02.168,0.94391,0.94408,2.85,1.50
2013.01.28 14:44:02.928,0.94391,0.94408,5.10,1.13
2013.01.28 14:44:03.491,0.94391,0.94407,1.35,3.60
2013.01.28 14:44:03.560,0.94388,0.94405,6.98,1.50
2013.01.28 14:44:03.798,0.94391,0.94406,3.98,1.13
2013.01.28 14:44:04.037,0.94392,0.94409,1.73,1.88
2013.01.28 14:44:04.338,0.94392,0.94408,1.73,1.65
2013.01.28 14:44:04.698,0.94388,0.94405,1.89,3.53
2013.01.28 14:44:05.392,0.94388,0.94405,1.89,2.03
2013.01.28 14:44:05.698,0.94392,0.94409,2.10,1.50
2013.01.28 14:44:06.058,0.94394,0.9441,2.29,2.25
2013.01.28 14:44:06.238,0.94396,0.94413,1.73,10.65
2013.01.28 14:44:06.799,0.94396,0.94413,1.73,3.15
2013.01.28 14:44:07.869,0.94399,0.94414,1.73,1.50
2013.01.28 14:44:07.989,0.94402,0.94415,1.73,1.88
2013.01.28 14:44:08.108,0.94403,0.94417,2.48,1.65
2013.01.28 14:44:08.291,0.94406,0.94418,2.48,2.25
2013.01.28 14:44:08.358,0.94406,0.94419,2.48,1.50
2013.01.28 14:44:08.537,0.94409,0.94422,1.73,1.65
2013.01.28 14:44:09.769,0.94409,0.94422,1.73,2.40
2013.01.28 14:44:09.888,0.94409,0.94423,1.73,2.03
2013.01.28 14:44:09.949,0.94409,0.94423,1.73,1.65
2013.01.28 14:44:14.008,0.94407,0.94422,1.35,1.50
2013.01.28 14:44:14.618,0.94407,0.94423,1.35,2.40
2013.01.28 14:44:15.309,0.9441,0.94423,1.73,3.00
2013.01.28 14:44:15.850,0.9441,0.94423,1.73,2.25
2013.01.28 14:44:16.506,0.9441,0.94423,1.73,3.00
2013.01.28 14:44:17.057,0.9441,0.94423,1.73,3.00
2013.01.28 14:44:20.708,0.9441,0.94423,1.73,1.50
2013.01.28 14:44:21.508,0.94413,0.94424,1.73,1.50
2013.01.28 14:44:21.818,0.94417,0.94433,3.23,1.35
2013.01.28 14:44:22.368,0.9442,0.94437,3.98,2.85
2013.01.28 14:44:22.489,0.9442,0.94438,3.98,1.50
2013.01.28 14:44:23.728,0.94424,0.9444,1.73,1.50
2013.01.28 14:44:24.478,0.94424,0.94438,1.73,1.50
2013.01.28 14:44:24.597,0.94422,0.94438,3.23,2.10
2013.01.28 14:44:29.121,0.94423,0.94437,1.73,2.25
2013.01.28 14:44:29.310,0.94428,0.94443,1.73,1.13
2013.01.28 14:44:29.369,0.94428,0.94443,1.73,1.13
2013.01.28 14:44:29.428,0.94428,0.94445,2.48,9.60
2013.01.28 14:44:29.967,0.94429,0.94446,3.98,2.85
2013.01.28 14:44:31.389,0.94429,0.94446,3.23,2.10
2013.01.28 14:44:32.604,0.94429,0.94446,3.00,1.58
2013.01.28 14:44:33.739,0.94429,0.94445,2.25,1.13
2013.01.28 14:44:33.859,0.94429,0.94439,1.50,1.50
2013.01.28 14:44:34.218,0.94425,0.94434,1.50,2.48
2013.01.28 14:44:34.341,0.94423,0.94431,3.00,2.48
2013.01.28 14:44:34.408,0.9442,0.94429,3.75,1.73
2013.01.28 14:44:34.528,0.94416,0.94429,3.00,2.33
2013.01.28 14:44:34.767,0.94414,0.94429,1.50,3.83
2013.01.28 14:44:35.188,0.94413,0.94425,1.50,1.58
2013.01.28 14:44:35.248,0.94411,0.94425,2.25,3.83
2013.01.28 14:44:35.309,0.94411,0.94427,2.48,1.73
2013.01.28 14:44:35.428,0.94411,0.94425,2.25,1.73
2013.01.28 14:44:36.028,0.94412,0.94426,1.50,3.08
2013.01.28 14:44:37.048,0.9441,0.94423,1.50,1.73
2013.01.28 14:44:37.110,0.94407,0.94423,2.85,2.48
2013.01.28 14:44:37.299,0.94407,0.94422,1.13,3.23
2013.01.28 14:44:37.547,0.94404,0.94421,2.85,2.10
2013.01.28 14:44:38.077,0.94405,0.94422,1.50,4.73
2013.01.28 14:44:38.812,0.94407,0.94421,1.50,1.35
2013.01.28 14:44:40.589,0.94405,0.94419,1.50,1.73
2013.01.28 14:44:40.888,0.94407,0.94422,1.50,3.23
2013.01.28 14:44:41.248,0.94413,0.94425,1.50,3.23
2013.01.28 14:44:41.778,0.94413,0.94426,1.50,3.23
2013.01.28 14:44:42.402,0.94415,0.94426,1.50,3.23
2013.01.28 14:44:42.767,0.94415,0.94431,2.25,3.23
2013.01.28 14:44:43.129,0.94415,0.94431,2.48,3.00
2013.01.28 14:44:43.458,0.9442,0.94431,1.50,2.25
2013.01.28 14:44:43.520,0.9442,0.94431,1.50,1.50
2013.01.28 14:44:43.699,0.94421,0.94434,1.73,1.50
2013.01.28 14:44:43.887,0.94422,0.94437,1.73,2.25
2013.01.28 14:44:44.405,0.94422,0.94437,2.85,1.88
2013.01.28 14:44:44.918,0.94422,0.94437,2.85,1.13
2013.01.28 14:44:45.659,0.94422,0.94437,3.60,1.50
2013.01.28 14:44:46.018,0.94424,0.94442,2.48,2.25
2013.01.28 14:44:46.258,0.94423,0.94441,3.98,5.33
2013.01.28 14:44:46.869,0.94423,0.94439,3.98,3.00
2013.01.28 14:44:50.298,0.94428,0.94443,1.13,3.23
2013.01.28 14:44:50.488,0.94429,0.94445,1.50,8.63
2013.01.28 14:44:50.550,0.94429,0.94445,1.50,8.63
2013.01.28 14:44:50.728,0.94431,0.94445,1.50,1.13
2013.01.28 14:44:51.399,0.94431,0.94446,2.25,2.25
2013.01.28 14:44:52.349,0.94431,0.94447,4.73,1.73
2013.01.28 14:44:52.709,0.94438,0.94452,2.48,1.50
2013.01.28 14:44:52.948,0.94439,0.94456,1.35,1.73
2013.01.28 14:44:53.477,0.94441,0.94457,1.50,1.73
2013.01.28 14:44:53.605,0.94441,0.94457,1.73,1.73
2013.01.28 14:44:54.104,0.94443,0.94459,1.35,2.90
2013.01.28 14:44:54.174,0.94445,0.94459,1.73,1.55
2013.01.28 14:44:54.688,0.94441,0.94458,2.85,1.73
2013.01.28 14:44:54.748,0.94441,0.94457,2.85,1.13
2013.01.28 14:44:55.505,0.94441,0.94457,1.13,1.73
2013.01.28 14:44:56.929,0.94439,0.94453,1.50,1.73
2013.01.28 14:44:56.991,0.94439,0.94453,1.50,1.73
2013.01.28 14:44:57.178,0.94438,0.94453,2.25,3.23
2013.01.28 14:44:57.360,0.94432,0.94447,2.63,2.48
2013.01.28 14:44:57.479,0.94432,0.94447,1.13,2.48
2013.01.28 14:45:00.358,0.94431,0.94445,2.25,1.73
2013.01.28 14:45:02.549,0.94432,0.94445,1.50,1.73
2013.01.28 14:45:02.870,0.94432,0.94446,2.25,1.73
2013.01.28 14:45:07.179,0.94432,0.94446,1.13,1.73
2013.01.28 14:45:07.363,0.94433,0.94449,1.73,1.88
2013.01.28 14:45:07.431,0.94435,0.9445,2.25,1.73
2013.01.28 14:45:07.979,0.94437,0.94452,3.00,1.73
2013.01.28 14:45:09.698,0.94437,0.94455,4.50,3.23
2013.01.28 14:45:09.758,0.94437,0.94455,4.73,3.23
2013.01.28 14:45:10.119,0.9444,0.94455,1.73,1.50
2013.01.28 14:45:10.430,0.94441,0.94458,2.25,1.65
2013.01.28 14:45:10.788,0.9444,0.94458,4.73,1.65
2013.01.28 14:45:11.048,0.94446,0.94459,1.13,2.15
2013.01.28 14:45:11.607,0.94446,0.94461,2.63,1.73
2013.01.28 14:45:12.265,0.94446,0.94461,2.63,1.73
2013.01.28 14:45:13.258,0.94446,0.9446,1.88,1.73
2013.01.28 14:45:13.377,0.94444,0.94459,4.73,1.13
2013.01.28 14:45:13.438,0.94444,0.94459,3.00,1.13
2013.01.28 14:45:13.939,0.94442,0.94458,2.25,2.66
2013.01.28 14:45:15.669,0.94442,0.94457,1.13,1.73
2013.01.28 14:45:16.668,0.94442,0.94458,1.28,1.16
2013.01.28 14:45:16.848,0.94445,0.9446,2.25,1.73
2013.01.28 14:45:17.280,0.94447,0.94462,2.25,2.46
2013.01.28 14:45:17.589,0.9445,0.94463,1.50,1.16
2013.01.28 14:45:18.397,0.9445,0.94466,1.50,1.13
2013.01.28 14:45:19.338,0.94449,0.94466,2.48,2.63
2013.01.28 14:45:20.608,0.94448,0.94465,1.73,4.35
2013.01.28 14:45:20.931,0.94446,0.94463,3.23,2.48
2013.01.28 14:45:21.627,0.94446,0.94464,4.73,4.73
2013.01.28 14:45:22.168,0.94446,0.9446,1.50,1.73
2013.01.28 14:45:24.529,0.94446,0.94464,1.88,2.63
2013.01.28 14:45:24.589,0.94446,0.9446,1.88,3.00
2013.01.28 14:45:24.769,0.94446,0.94461,2.10,2.25
2013.01.28 14:45:25.009,0.94446,0.94463,2.10,1.50
2013.01.28 14:45:25.579,0.94446,0.94463,2.10,1.50
2013.01.28 14:45:26.088,0.94446,0.94463,1.35,1.50
2013.01.28 14:45:26.624,0.94446,0.94464,1.73,4.50
2013.01.28 14:45:26.960,0.94448,0.94462,1.35,1.50
2013.01.28 14:45:27.479,0.94446,0.94463,1.50,1.73
2013.01.28 14:45:28.971,0.94448,0.94464,1.13,2.48
2013.01.28 14:45:29.298,0.94447,0.9446,1.50,1.73
2013.01.28 14:45:29.865,0.94444,0.94457,1.50,1.58
2013.01.28 14:45:29.941,0.94442,0.94456,1.88,4.58
2013.01.28 14:45:30.738,0.9444,0.94456,3.00,2.48
2013.01.28 14:45:31.561,0.94442,0.94456,1.73,1.73
2013.01.28 14:45:31.629,0.94442,0.94456,2.48,1.73
2013.01.28 14:45:31.748,0.94446,0.9446,1.13,2.48
2013.01.28 14:45:31.869,0.94446,0.94461,1.13,1.50
2013.01.28 14:45:32.299,0.94446,0.94464,1.88,4.73
2013.01.28 14:45:32.848,0.94448,0.94464,1.50,1.73
2013.01.28 14:45:33.559,0.94448,0.94465,3.00,2.48
2013.01.28 14:45:34.859,0.94448,0.94465,3.38,2.48
2013.01.28 14:45:36.308,0.94447,0.94464,2.25,1.58
2013.01.28 14:45:37.240,0.94449,0.94465,2.25,2.70
2013.01.28 14:45:37.429,0.94449,0.94467,3.60,3.00
2013.01.28 14:45:37.488,0.9445,0.94467,3.23,1.50
2013.01.28 14:45:38.028,0.94451,0.94469,3.98,2.25
2013.01.28 14:45:38.568,0.94454,0.9447,2.25,1.13
2013.01.28 14:45:38.989,0.94454,0.9447,2.25,1.50
2013.01.28 14:45:39.689,0.94454,0.9447,2.85,1.50
2013.01.28 14:45:39.807,0.94456,0.9447,1.58,1.50
2013.01.28 14:45:39.928,0.94456,0.94474,1.58,2.48
2013.01.28 14:45:40.709,0.94457,0.94475,2.48,1.73
2013.01.28 14:45:41.188,0.94459,0.94475,3.00,1.35
2013.01.28 14:45:41.438,0.94459,0.94477,2.25,3.23
2013.01.28 14:45:42.670,0.94458,0.94473,1.73,1.50
2013.01.28 14:45:42.739,0.94458,0.94473,1.35,1.50
2013.01.28 14:45:42.980,0.94458,0.9447,1.35,1.50
2013.01.28 14:45:43.228,0.94454,0.94469,2.10,1.73
2013.01.28 14:45:43.888,0.94453,0.94467,1.13,1.73
2013.01.28 14:45:44.068,0.94451,0.94467,1.73,2.48
2013.01.28 14:45:44.128,0.94451,0.94467,1.73,3.23
2013.01.28 14:45:45.258,0.9445,0.94467,5.48,2.48
2013.01.28 14:45:45.798,0.94452,0.94468,1.73,1.73
2013.01.28 14:45:46.299,0.94453,0.9447,1.73,3.60
2013.01.28 14:45:46.478,0.94453,0.9447,3.23,2.10
2013.01.28 14:45:46.839,0.94454,0.94471,1.73,3.00
2013.01.28 14:45:47.258,0.94454,0.94471,1.73,3.23
2013.01.28 14:45:48.549,0.94452,0.94469,1.35,1.50
2013.01.28 14:45:48.611,0.94452,0.94469,1.35,1.73
2013.01.28 14:45:49.284,0.94451,0.94464,1.50,1.73
2013.01.28 14:45:49.356,0.94449,0.94464,3.38,1.73
2013.01.28 14:45:49.424,0.94449,0.94462,3.38,1.73
2013.01.28 14:45:49.497,0.94449,0.94462,3.38,1.50
2013.01.28 14:45:49.562,0.94449,0.94465,1.13,3.23
2013.01.28 14:45:49.628,0.94451,0.94465,1.50,2.48
2013.01.28 14:45:52.618,0.94447,0.94464,2.85,1.50
2013.01.28 14:45:54.548,0.9445,0.94467,4.50,2.10
2013.01.28 14:45:54.908,0.94451,0.94468,3.23,2.25
2013.01.28 14:45:57.357,0.9445,0.94469,3.00,2.63
2013.01.28 14:46:02.010,0.94452,0.94469,2.48,2.63
2013.01.28 14:46:02.249,0.94452,0.94469,2.48,2.85
2013.01.28 14:46:08.031,0.9445,0.94466,1.88,2.48
2013.01.28 14:46:08.098,0.94447,0.94464,2.85,1.35
2013.01.28 14:46:08.608,0.94448,0.94464,1.73,1.35
2013.01.28 14:46:08.668,0.94449,0.94465,2.40,2.10
2013.01.28 14:46:08.978,0.94451,0.94468,2.48,1.73
2013.01.28 14:46:09.788,0.9445,0.94464,1.88,1.73
2013.01.28 14:46:11.079,0.94448,0.94464,2.33,2.10
2013.01.28 14:46:12.625,0.94448,0.94464,3.08,1.13
2013.01.28 14:46:14.468,0.9445,0.94466,1.73,2.48
2013.01.28 14:46:14.529,0.9445,0.94466,1.73,2.25
2013.01.28 14:46:15.659,0.94449,0.94466,2.48,3.23
2013.01.28 14:46:17.830,0.94447,0.94465,3.23,2.10
2013.01.28 14:46:19.488,0.94447,0.94464,3.23,1.73
2013.01.28 14:46:20.292,0.94447,0.94465,3.23,2.48
2013.01.28 14:46:21.279,0.94448,0.94464,1.73,2.10
2013.01.28 14:46:21.818,0.94447,0.94464,2.85,1.35
2013.01.28 14:46:22.449,0.94447,0.94464,2.85,1.35
2013.01.28 14:46:24.238,0.94452,0.94466,2.48,2.63
2013.01.28 14:46:24.358,0.94452,0.9447,3.60,5.48
2013.01.28 14:46:26.540,0.94452,0.9447,3.60,3.98
2013.01.28 14:46:27.609,0.94452,0.9447,3.60,3.23
2013.01.28 14:46:28.049,0.94452,0.94468,2.85,2.25
2013.01.28 14:46:28.289,0.94452,0.94466,1.73,1.73
2013.01.28 14:46:30.035,0.94449,0.94466,3.23,1.73
2013.01.28 14:46:30.378,0.94448,0.94464,1.73,1.73
2013.01.28 14:46:31.489,0.94446,0.94462,2.63,1.50
2013.01.28 14:46:32.961,0.94447,0.94464,1.73,2.10
2013.01.28 14:46:35.799,0.94448,0.94464,2.48,1.35
2013.01.28 14:46:37.859,0.94446,0.94463,3.38,3.75
2013.01.28 14:46:38.110,0.94445,0.94461,1.73,2.85
2013.01.28 14:46:38.180,0.94442,0.94457,1.73,1.13
2013.01.28 14:46:39.578,0.94441,0.94457,2.48,1.13
2013.01.28 14:46:39.638,0.94441,0.94457,1.73,1.13
2013.01.28 14:46:39.821,0.94441,0.94459,2.85,3.75
2013.01.28 14:46:39.890,0.94443,0.9446,1.73,1.13
2013.01.28 14:46:40.398,0.94444,0.9446,2.48,2.63
2013.01.28 14:46:42.169,0.94446,0.94461,1.73,1.50
2013.01.28 14:46:42.550,0.94446,0.94463,3.23,2.25
2013.01.28 14:46:47.878,0.94448,0.94464,1.73,1.13
2013.01.28 14:46:49.059,0.94448,0.94459,1.50,1.35
2013.01.28 14:46:49.121,0.94446,0.94457,1.50,2.25
2013.01.28 14:46:49.190,0.94443,0.94457,2.48,2.25
2013.01.28 14:46:49.630,0.94441,0.94457,1.35,3.23
2013.01.28 14:46:52.094,0.9444,0.94455,2.48,2.48
2013.01.28 14:46:52.551,0.94441,0.94457,1.73,5.10
2013.01.28 14:46:52.858,0.94444,0.94461,2.85,4.73
2013.01.28 14:46:52.918,0.94444,0.94462,3.60,3.00
2013.01.28 14:46:53.448,0.94444,0.94463,2.85,2.63
2013.01.28 14:46:54.006,0.94444,0.94462,2.85,1.50
2013.01.28 14:46:54.716,0.94444,0.94463,2.85,2.63
2013.01.28 14:46:55.589,0.94448,0.94463,1.50,2.63
2013.01.28 14:46:55.649,0.94448,0.94463,1.50,3.23
2013.01.28 14:46:56.009,0.94443,0.94458,3.23,1.50
2013.01.28 14:46:56.368,0.94439,0.94458,3.23,3.75
2013.01.28 14:46:56.429,0.94439,0.94458,3.23,3.75
2013.01.28 14:46:58.205,0.94438,0.94457,1.73,3.00
2013.01.28 14:46:59.599,0.94438,0.94456,3.23,1.35
2013.01.28 14:46:59.780,0.94437,0.94454,3.60,1.50
2013.01.28 14:47:00.338,0.94437,0.94453,1.35,1.50
2013.01.28 14:47:02.056,0.94436,0.94453,1.35,1.13
2013.01.28 14:47:02.549,0.94436,0.94451,1.35,1.50
2013.01.28 14:47:02.608,0.94436,0.94454,1.35,5.25
2013.01.28 14:47:03.999,0.94435,0.94452,1.73,1.50
2013.01.28 14:47:05.190,0.94434,0.94452,2.10,1.50
2013.01.28 14:47:06.918,0.94435,0.94447,1.73,1.50
2013.01.28 14:47:07.768,0.9443,0.94447,1.35,2.25
2013.01.28 14:47:07.829,0.9443,0.94447,1.35,2.25
2013.01.28 14:47:08.068,0.94429,0.94445,1.50,1.50
2013.01.28 14:47:11.647,0.94429,0.94447,2.48,3.00
2013.01.28 14:47:13.042,0.94429,0.94447,3.23,1.88
2013.01.28 14:47:15.899,0.94429,0.94447,2.48,3.00
2013.01.28 14:47:15.958,0.94427,0.94444,5.85,1.50
2013.01.28 14:47:16.259,0.94427,0.9444,2.85,1.50
2013.01.28 14:47:16.319,0.94424,0.9444,1.73,3.00
2013.01.28 14:47:17.621,0.94422,0.9444,5.48,3.23
2013.01.28 14:47:20.849,0.94421,0.94434,5.10,1.50
2013.01.28 14:47:21.210,0.94417,0.94434,2.63,3.08
2013.01.28 14:47:21.528,0.94415,0.94433,3.00,3.23
2013.01.28 14:47:21.839,0.94414,0.94432,1.35,3.23
2013.01.28 14:47:22.788,0.94413,0.94427,1.73,2.10
2013.01.28 14:47:23.089,0.94409,0.94424,1.50,3.23
2013.01.28 14:47:23.149,0.94408,0.94424,5.85,3.23
2013.01.28 14:47:23.448,0.94412,0.94424,1.73,1.50
2013.01.28 14:47:23.508,0.94412,0.94426,1.73,1.50
2013.01.28 14:47:23.660,0.94412,0.9443,3.23,3.83
2013.01.28 14:47:27.079,0.94412,0.94426,2.10,2.10
2013.01.28 14:47:27.378,0.94409,0.94423,3.00,2.33
2013.01.28 14:47:27.738,0.94406,0.94423,1.73,3.83
2013.01.28 14:47:30.699,0.94402,0.9442,3.60,3.83
2013.01.28 14:47:31.058,0.94398,0.94414,1.73,1.73
2013.01.28 14:47:31.898,0.94397,0.94414,1.35,2.85
2013.01.28 14:47:33.258,0.94397,0.94414,2.85,2.63
2013.01.28 14:47:33.438,0.94399,0.94418,2.10,2.10
2013.01.28 14:47:33.932,0.94399,0.94416,2.10,2.25
2013.01.28 14:47:33.999,0.94399,0.94415,1.50,1.35
2013.01.28 14:47:34.368,0.94396,0.94414,2.63,4.61
2013.01.28 14:47:34.769,0.94392,0.94406,1.73,1.73
2013.01.28 14:47:35.431,0.94393,0.94405,1.50,1.73
2013.01.28 14:47:36.104,0.94392,0.94406,1.73,1.73
2013.01.28 14:47:36.658,0.94393,0.94406,1.50,1.73
2013.01.28 14:47:36.780,0.94393,0.94409,2.85,1.35
2013.01.28 14:47:36.840,0.94393,0.94412,2.85,4.58
2013.01.28 14:47:37.089,0.94398,0.94413,2.85,1.73
2013.01.28 14:47:37.209,0.94398,0.94414,4.13,2.48
2013.01.28 14:47:37.568,0.94401,0.94414,1.50,1.73
2013.01.28 14:47:37.778,0.94401,0.94415,1.73,1.73
2013.01.28 14:47:38.320,0.94397,0.94412,1.73,1.35
2013.01.28 14:47:39.128,0.94395,0.94411,1.35,1.73
2013.01.28 14:47:41.578,0.94394,0.94411,2.85,1.88
2013.01.28 14:47:42.821,0.94394,0.94411,3.60,1.13
2013.01.28 14:47:43.368,0.94395,0.94411,1.73,1.50
2013.01.28 14:47:45.650,0.94394,0.9441,2.48,1.13
2013.01.28 14:47:45.708,0.94394,0.9441,2.48,1.13
2013.01.28 14:47:45.902,0.94392,0.94406,2.48,1.50
2013.01.28 14:47:45.968,0.94389,0.94403,1.73,1.13
2013.01.28 14:47:46.389,0.94388,0.94403,2.48,1.13
2013.01.28 14:47:46.748,0.94383,0.944,2.10,1.13
2013.01.28 14:47:47.218,0.9438,0.94394,1.59,1.50
2013.01.28 14:47:47.279,0.94379,0.94394,3.23,1.50
2013.01.28 14:47:47.818,0.94381,0.94398,2.48,3.00
2013.01.28 14:47:48.908,0.94379,0.94396,2.48,2.25
2013.01.28 14:47:50.249,0.94382,0.94397,2.48,1.50
2013.01.28 14:47:52.754,0.94384,0.94398,1.73,1.50
2013.01.28 14:47:53.198,0.94387,0.944,1.73,2.25
2013.01.28 14:47:53.928,0.94384,0.944,1.73,1.35
2013.01.28 14:47:57.910,0.94386,0.94399,2.48,1.35
2013.01.28 14:47:58.029,0.94387,0.944,2.33,1.88
2013.01.28 14:47:58.149,0.9439,0.944,2.48,1.50
2013.01.28 14:47:58.209,0.9439,0.94404,2.48,3.00
2013.01.28 14:47:58.268,0.94389,0.94404,1.73,3.00
2013.01.28 14:48:02.578,0.9439,0.94406,2.48,1.13
2013.01.28 14:48:02.769,0.94391,0.94407,2.48,1.50
2013.01.28 14:48:02.950,0.94392,0.94411,3.60,2.10
2013.01.28 14:48:03.536,0.94392,0.94411,5.10,1.13
2013.01.28 14:48:03.809,0.94393,0.9441,2.48,1.50
2013.01.28 14:48:04.979,0.94392,0.94408,3.23,1.13
2013.01.28 14:48:05.039,0.94391,0.94408,3.98,3.45
2013.01.28 14:48:05.159,0.9439,0.94404,1.73,1.50
2013.01.28 14:48:05.639,0.9439,0.94404,1.73,1.50
2013.01.28 14:48:05.701,0.9439,0.94407,1.73,3.00
2013.01.28 14:48:05.879,0.94389,0.94407,1.73,3.75
2013.01.28 14:48:06.445,0.94388,0.94404,2.85,1.50
2013.01.28 14:48:06.748,0.94387,0.94404,2.48,3.00
2013.01.28 14:48:06.989,0.94387,0.944,1.73,1.50
2013.01.28 14:48:07.230,0.94381,0.94398,1.73,1.50
2013.01.28 14:48:07.818,0.94382,0.94399,2.48,1.88
2013.01.28 14:48:08.118,0.94382,0.94397,3.23,1.50
2013.01.28 14:48:08.959,0.94385,0.94401,2.48,3.75
2013.01.28 14:48:09.081,0.94385,0.94401,3.98,2.25
2013.01.28 14:48:09.719,0.94385,0.94399,3.98,1.13
2013.01.28 14:48:10.337,0.94386,0.94401,1.73,1.50
2013.01.28 14:48:11.388,0.94387,0.94401,1.73,1.50
2013.01.28 14:48:12.036,0.94387,0.94401,1.73,1.13
2013.01.28 14:48:13.658,0.94387,0.94401,1.73,1.13
2013.01.28 14:48:14.168,0.94385,0.94401,2.48,2.25
2013.01.28 14:48:16.009,0.94383,0.94399,2.48,1.50
2013.01.28 14:48:16.068,0.94382,0.94399,3.23,1.50
2013.01.28 14:48:18.218,0.94382,0.94398,2.48,1.13
2013.01.28 14:48:18.999,0.94386,0.94398,2.48,1.88
2013.01.28 14:48:19.569,0.94387,0.94402,1.73,2.25
2013.01.28 14:48:19.868,0.94387,0.94403,2.48,1.13
2013.01.28 14:48:20.399,0.9439,0.94403,1.73,1.50
2013.01.28 14:48:23.772,0.94391,0.94404,2.48,1.50
2013.01.28 14:48:23.838,0.94391,0.94407,2.48,1.13
2013.01.28 14:48:24.138,0.9439,0.94404,2.48,1.50
2013.01.28 14:48:24.198,0.9439,0.94407,3.23,2.85
2013.01.28 14:48:24.318,0.9439,0.94407,3.23,2.63
2013.01.28 14:48:26.470,0.94394,0.94409,2.48,1.13
2013.01.28 14:48:26.649,0.94396,0.94409,1.73,1.13
2013.01.28 14:48:28.500,0.94393,0.94411,3.60,1.35
2013.01.28 14:48:33.879,0.94396,0.94411,2.48,2.63
2013.01.28 14:48:41.568,0.94398,0.94413,1.73,1.50
2013.01.28 14:48:42.074,0.94398,0.9441,1.73,1.50
2013.01.28 14:48:42.709,0.94398,0.94413,1.73,1.50
2013.01.28 14:48:43.240,0.94396,0.9441,2.48,1.50
2013.01.28 14:48:47.699,0.94395,0.94406,2.85,1.50
2013.01.28 14:48:47.939,0.94395,0.94409,1.35,1.50
2013.01.28 14:48:47.999,0.94395,0.9441,1.35,1.50
2013.01.28 14:48:48.118,0.94396,0.9441,2.48,1.50
2013.01.28 14:48:48.698,0.94396,0.94411,2.48,2.25
2013.01.28 14:48:49.539,0.94396,0.9441,2.48,1.50
2013.01.28 14:48:51.449,0.94397,0.9441,3.38,1.50
2013.01.28 14:48:51.690,0.94399,0.94416,2.85,1.13
2013.01.28 14:48:52.238,0.944,0.94415,1.73,3.75
2013.01.28 14:48:52.299,0.944,0.94415,1.73,3.75
2013.01.28 14:48:52.360,0.944,0.94415,1.73,3.75
2013.01.28 14:48:54.619,0.94398,0.94412,2.48,1.13
2013.01.28 14:48:55.998,0.94397,0.94413,1.73,2.25
2013.01.28 14:48:57.559,0.94395,0.94412,3.23,1.50
2013.01.28 14:48:58.114,0.94396,0.94413,1.73,1.50
2013.01.28 14:48:58.178,0.94396,0.94412,1.73,1.50
2013.01.28 14:48:58.379,0.94396,0.9441,1.73,1.50
2013.01.28 14:49:00.639,0.94395,0.9441,1.35,3.00
2013.01.28 14:49:00.701,0.94394,0.94404,1.13,1.50
2013.01.28 14:49:00.821,0.9439,0.94401,1.88,1.50
2013.01.28 14:49:00.892,0.94386,0.94402,1.73,2.85
2013.01.28 14:49:00.959,0.94385,0.94402,3.98,3.00
2013.01.28 14:49:01.839,0.94388,0.94402,1.73,3.00
2013.01.28 14:49:02.078,0.94391,0.94405,1.73,1.13
2013.01.28 14:49:03.219,0.94391,0.94406,2.48,1.50
2013.01.28 14:49:03.279,0.94391,0.94406,2.48,1.50
2013.01.28 14:49:03.768,0.94391,0.94407,2.48,1.50
2013.01.28 14:49:07.504,0.94394,0.94409,3.23,2.25
2013.01.28 14:49:07.571,0.94394,0.9441,3.23,2.25
2013.01.28 14:49:07.700,0.94395,0.9441,1.73,2.25
2013.01.28 14:49:08.448,0.94397,0.94411,2.48,1.50
2013.01.28 14:49:08.569,0.94399,0.94414,2.48,1.50
2013.01.28 14:49:08.629,0.94396,0.9441,3.98,1.50
2013.01.28 14:49:08.809,0.94396,0.94409,2.48,2.25
2013.01.28 14:49:11.209,0.94393,0.9441,3.23,2.63
2013.01.28 14:49:11.418,0.94394,0.94412,1.73,3.02
2013.01.28 14:49:11.538,0.94393,0.9441,3.98,2.78
2013.01.28 14:49:11.778,0.94394,0.94411,1.73,2.10
2013.01.28 14:49:12.379,0.94395,0.94411,3.23,1.50
2013.01.28 14:49:13.288,0.94396,0.94412,1.35,3.00
2013.01.28 14:49:13.818,0.94394,0.94411,3.98,1.88
2013.01.28 14:49:14.660,0.94394,0.94411,3.98,1.13
2013.01.28 14:49:15.218,0.94394,0.94411,3.98,2.63
2013.01.28 14:49:15.398,0.94395,0.94412,1.73,1.50
2013.01.28 14:49:15.458,0.94395,0.94411,1.73,2.25
2013.01.28 14:49:18.070,0.94395,0.94411,3.23,1.50
2013.01.28 14:49:23.649,0.94396,0.9441,2.85,1.50
2013.01.28 14:49:33.628,0.94396,0.94411,1.73,2.25
2013.01.28 14:49:34.129,0.94398,0.9441,2.48,1.50
2013.01.28 14:49:35.019,0.94398,0.94409,1.35,2.25
2013.01.28 14:49:35.078,0.94398,0.9441,1.35,1.50
2013.01.28 14:49:35.770,0.94398,0.94411,1.35,1.50
2013.01.28 14:49:40.460,0.94397,0.9441,3.23,2.10
2013.01.28 14:49:40.760,0.94394,0.9441,2.48,3.60
2013.01.28 14:49:40.879,0.94393,0.94409,3.23,2.25
2013.01.28 14:49:41.000,0.94393,0.94409,3.23,3.00
2013.01.28 14:49:41.069,0.94393,0.94406,2.48,2.25
2013.01.28 14:49:41.610,0.94391,0.94404,2.63,1.35
2013.01.28 14:49:41.669,0.94393,0.94405,1.73,1.50
2013.01.28 14:49:42.029,0.94396,0.94409,1.73,2.25
2013.01.28 14:49:42.828,0.94397,0.94412,2.48,1.35
2013.01.28 14:49:43.009,0.94399,0.94412,3.23,1.50
2013.01.28 14:49:43.248,0.944,0.94415,3.23,1.50
2013.01.28 14:49:44.052,0.94403,0.94416,2.48,2.25
2013.01.28 14:49:44.180,0.94403,0.94417,2.48,1.50
2013.01.28 14:49:45.362,0.94404,0.9442,1.73,3.75
2013.01.28 14:49:45.430,0.94404,0.94417,1.73,2.25
2013.01.28 14:49:45.790,0.94402,0.94418,1.73,1.88
2013.01.28 14:49:46.148,0.94401,0.94415,2.10,1.50
2013.01.28 14:49:46.449,0.94402,0.94417,2.27,1.50
2013.01.28 14:49:46.995,0.94405,0.94419,1.73,1.88
2013.01.28 14:49:47.074,0.94405,0.94419,1.73,1.88
2013.01.28 14:49:47.348,0.94405,0.9442,1.73,1.50
2013.01.28 14:49:47.924,0.94407,0.94423,2.48,1.65
2013.01.28 14:49:48.515,0.94407,0.94424,2.48,3.15
2013.01.28 14:49:48.879,0.94404,0.9442,6.23,2.25
2013.01.28 14:49:49.180,0.94403,0.94418,1.23,1.13
2013.01.28 14:49:49.480,0.94402,0.94418,2.48,1.13
2013.01.28 14:49:49.553,0.94405,0.94422,2.48,1.50
2013.01.28 14:49:50.133,0.94409,0.94423,2.48,1.88
2013.01.28 14:49:50.621,0.94407,0.94423,3.23,4.65
2013.01.28 14:49:50.679,0.94407,0.94421,3.23,2.40
2013.01.28 14:49:50.918,0.94405,0.94417,2.25,1.50
2013.01.28 14:49:51.219,0.944,0.94412,2.85,2.25
2013.01.28 14:49:51.518,0.94397,0.94411,2.48,1.50
2013.01.28 14:49:52.278,0.94398,0.94414,1.35,1.50
2013.01.28 14:49:52.338,0.94398,0.94414,1.35,2.25
2013.01.28 14:49:55.739,0.94396,0.94411,2.48,2.25
2013.01.28 14:49:56.158,0.94397,0.94413,1.35,3.00
2013.01.28 14:49:56.899,0.94397,0.94412,1.35,1.50
2013.01.28 14:49:57.730,0.94394,0.9441,2.48,1.35
2013.01.28 14:49:58.268,0.94392,0.94409,1.35,1.28
2013.01.28 14:49:58.930,0.94392,0.94408,3.60,3.60
2013.01.28 14:49:58.989,0.94392,0.94408,3.60,3.83
2013.01.28 14:49:59.109,0.94392,0.94406,1.73,1.35
2013.01.28 14:49:59.728,0.94391,0.94406,2.48,2.10
2013.01.28 14:50:00.030,0.9439,0.94406,3.23,2.25
2013.01.28 14:50:01.462,0.94392,0.94407,1.73,1.88
2013.01.28 14:50:01.533,0.94394,0.94408,1.36,1.88
2013.01.28 14:50:02.702,0.94394,0.94409,2.86,2.25
2013.01.28 14:50:04.252,0.94393,0.94405,6.23,1.50
2013.01.28 14:50:04.380,0.94393,0.94405,2.48,1.50
2013.01.28 14:50:04.570,0.94393,0.94405,1.73,2.33
2013.01.28 14:50:05.668,0.94389,0.94406,1.73,2.10
2013.01.28 14:50:06.611,0.94386,0.94405,3.23,4.73
2013.01.28 14:50:06.957,0.94384,0.94401,1.35,1.50
2013.01.28 14:50:07.078,0.94384,0.94401,1.35,1.50
2013.01.28 14:50:07.319,0.94385,0.94403,2.48,2.63
2013.01.28 14:50:07.827,0.94385,0.94403,2.48,2.63
2013.01.28 14:50:08.068,0.94387,0.94405,2.85,3.23
2013.01.28 14:50:08.310,0.94387,0.94405,2.85,2.48
2013.01.28 14:50:09.748,0.94387,0.94402,2.85,1.50
2013.01.28 14:50:09.809,0.94387,0.94402,2.85,1.73
2013.01.28 14:50:10.129,0.94386,0.94402,1.73,1.88
2013.01.28 14:50:10.249,0.94386,0.94403,1.73,3.23
2013.01.28 14:50:10.630,0.94387,0.94401,1.73,1.88
2013.01.28 14:50:10.809,0.94389,0.94405,1.73,2.48
2013.01.28 14:50:10.870,0.94389,0.94405,1.73,2.25
2013.01.28 14:50:12.599,0.94391,0.94405,1.73,1.50
2013.01.28 14:50:12.661,0.94391,0.94404,1.73,2.10
2013.01.28 14:50:15.339,0.94387,0.94404,1.73,1.13
2013.01.28 14:50:15.458,0.94387,0.94404,1.73,2.63
2013.01.28 14:50:16.119,0.94387,0.94399,1.73,1.50
2013.01.28 14:50:16.360,0.94387,0.94402,1.73,2.25
2013.01.28 14:50:16.599,0.94385,0.94403,4.73,4.35
2013.01.28 14:50:17.286,0.94388,0.94403,1.73,2.85
2013.01.28 14:50:19.828,0.94387,0.94403,2.48,2.10
2013.01.28 14:50:20.488,0.94387,0.94403,2.48,1.35
2013.01.28 14:50:21.029,0.94388,0.94398,1.50,1.50
2013.01.28 14:50:21.219,0.94385,0.944,2.48,1.50
2013.01.28 14:50:21.278,0.94385,0.944,2.48,1.50
2013.01.28 14:50:21.609,0.94386,0.94402,1.73,3.38
2013.01.28 14:50:23.718,0.94386,0.94403,3.23,2.25
2013.01.28 14:50:23.839,0.94386,0.94403,1.73,1.73
2013.01.28 14:50:24.378,0.94385,0.94404,2.85,3.60
2013.01.28 14:50:25.842,0.94386,0.94404,2.48,2.10
2013.01.28 14:50:26.461,0.94384,0.94399,2.48,1.50
2013.01.28 14:50:26.589,0.94383,0.94399,2.25,1.73
2013.01.28 14:50:26.858,0.94383,0.94399,1.13,1.73
2013.01.28 14:50:29.679,0.94382,0.94398,2.85,1.50
2013.01.28 14:50:30.158,0.94382,0.94398,2.63,1.73
2013.01.28 14:50:30.278,0.94382,0.94395,1.13,1.50
2013.01.28 14:50:30.598,0.94381,0.94395,1.13,1.73
2013.01.28 14:50:30.778,0.94382,0.94398,2.25,2.10
2013.01.28 14:50:31.382,0.94382,0.94396,1.50,1.50
2013.01.28 14:50:31.449,0.94382,0.94398,1.50,4.20
2013.01.28 14:50:31.570,0.94382,0.94396,1.50,1.73
2013.01.28 14:50:31.690,0.94382,0.94396,1.50,2.48
2013.01.28 14:50:31.929,0.94382,0.94396,2.48,1.50
2013.01.28 14:50:32.449,0.94385,0.94402,2.48,2.85
2013.01.28 14:50:34.248,0.94385,0.94398,2.48,2.48
2013.01.28 14:50:34.559,0.94384,0.94401,3.23,1.73
2013.01.28 14:50:35.119,0.94384,0.94401,3.60,2.10
2013.01.28 14:50:35.678,0.94384,0.94402,1.35,5.48
2013.01.28 14:50:36.789,0.94384,0.94398,1.13,1.73
2013.01.28 14:50:37.088,0.94384,0.94401,1.35,2.10
2013.01.28 14:50:39.678,0.94381,0.94399,1.73,4.50
2013.01.28 14:50:39.858,0.94381,0.94399,1.50,4.50
2013.01.28 14:50:40.978,0.94382,0.94399,1.50,4.50
2013.01.28 14:50:43.104,0.94383,0.94398,1.50,1.73
2013.01.28 14:50:43.408,0.94385,0.94398,2.25,1.73
2013.01.28 14:50:44.008,0.94385,0.94398,1.50,2.48
2013.01.28 14:50:44.382,0.94382,0.94396,1.50,1.73
2013.01.28 14:50:45.630,0.94381,0.94398,1.13,4.73
2013.01.28 14:50:45.989,0.94379,0.9439,2.25,2.48
2013.01.28 14:50:46.051,0.94378,0.94387,1.50,1.13
2013.01.28 14:50:46.110,0.94374,0.94385,1.88,1.50
2013.01.28 14:50:46.229,0.94374,0.94384,1.13,1.35
2013.01.28 14:50:46.412,0.94374,0.94387,1.13,1.73
2013.01.28 14:50:46.949,0.94372,0.94387,1.50,3.23
2013.01.28 14:50:47.069,0.94371,0.94387,1.73,3.23
2013.01.28 14:50:47.719,0.94372,0.94386,1.50,3.00
2013.01.28 14:50:48.018,0.94372,0.94387,2.25,1.73
2013.01.28 14:50:48.318,0.94372,0.94389,4.50,2.10
2013.01.28 14:50:48.379,0.94372,0.94389,4.73,2.10
2013.01.28 14:50:48.680,0.94372,0.94389,5.48,2.10
2013.01.28 14:50:48.798,0.9437,0.94385,1.73,2.10
2013.01.28 14:50:48.918,0.94369,0.94387,2.48,4.13
2013.01.28 14:50:49.040,0.94371,0.94387,1.73,2.48
2013.01.28 14:50:49.401,0.94371,0.94387,2.25,1.73
2013.01.28 14:50:49.818,0.94365,0.94384,3.23,2.63
2013.01.28 14:50:50.359,0.94368,0.94384,1.50,1.13
2013.01.28 14:50:50.779,0.94364,0.94384,5.48,3.00
2013.01.28 14:50:51.240,0.94364,0.94378,2.48,1.50
2013.01.28 14:50:51.358,0.94364,0.94378,1.50,1.50
2013.01.28 14:50:51.598,0.94363,0.9438,1.50,2.25
2013.01.28 14:50:51.660,0.94364,0.9438,1.73,2.25
2013.01.28 14:50:52.179,0.94365,0.94383,1.73,3.60
2013.01.28 14:50:53.530,0.94366,0.94383,1.13,2.48
2013.01.28 14:50:53.650,0.94365,0.94381,2.48,1.50
2013.01.28 14:50:53.781,0.94367,0.9438,1.73,1.50
2013.01.28 14:50:53.959,0.94363,0.94379,1.73,2.03
2013.01.28 14:50:54.019,0.94363,0.94379,3.23,2.78
2013.01.28 14:50:54.769,0.94363,0.94378,1.73,1.65
2013.01.28 14:50:55.940,0.94363,0.94379,1.73,1.28
2013.01.28 14:50:56.878,0.94365,0.9438,3.23,2.85
2013.01.28 14:50:56.954,0.94369,0.94383,1.73,2.78
2013.01.28 14:50:57.499,0.9437,0.94383,2.48,1.65
2013.01.28 14:51:11.853,0.94369,0.94384,1.35,1.65
2013.01.28 14:51:12.098,0.94366,0.94381,1.73,1.50
2013.01.28 14:51:12.219,0.94366,0.94381,1.73,2.25
2013.01.28 14:51:12.280,0.94367,0.94381,1.73,1.73
2013.01.28 14:51:12.639,0.94363,0.94378,3.23,2.48
2013.01.28 14:51:12.759,0.94363,0.94378,3.23,1.50
2013.01.28 14:51:12.819,0.94363,0.94376,3.23,1.50
2013.01.28 14:51:13.059,0.94366,0.94381,1.73,2.48
2013.01.28 14:51:13.518,0.94368,0.94381,1.73,2.63
2013.01.28 14:51:13.878,0.94369,0.94384,1.73,2.25
2013.01.28 14:51:14.524,0.94369,0.94382,2.48,1.50
2013.01.28 14:51:14.649,0.94366,0.9438,2.25,1.50
2013.01.28 14:51:14.768,0.94366,0.94378,2.25,1.50
2013.01.28 14:51:15.336,0.94363,0.94379,1.73,2.25
2013.01.28 14:51:15.560,0.94363,0.94377,1.73,2.25
2013.01.28 14:51:16.912,0.94362,0.94377,2.85,2.25
2013.01.28 14:51:16.980,0.94365,0.9438,1.50,2.25
2013.01.28 14:51:17.159,0.94364,0.9438,2.48,1.50
2013.01.28 14:51:17.958,0.94364,0.94381,1.73,3.00
2013.01.28 14:51:18.298,0.94363,0.94381,2.48,3.75
2013.01.28 14:51:19.029,0.94362,0.94377,1.35,1.50
2013.01.28 14:51:19.594,0.94361,0.94376,3.23,1.88
2013.01.28 14:51:19.802,0.94359,0.94372,1.13,2.48
2013.01.28 14:51:19.874,0.94359,0.94372,1.35,2.25
2013.01.28 14:51:20.011,0.94359,0.94375,1.35,2.25
2013.01.28 14:51:20.519,0.94359,0.94374,1.35,1.50
2013.01.28 14:51:21.069,0.9436,0.94375,1.73,2.25
2013.01.28 14:51:21.558,0.94357,0.94374,3.60,2.25
2013.01.28 14:51:21.904,0.94357,0.94369,1.50,1.35
2013.01.28 14:51:22.178,0.94353,0.94369,1.35,1.35
2013.01.28 14:51:25.080,0.94353,0.94369,1.73,1.13
2013.01.28 14:51:25.200,0.94353,0.94368,1.73,1.35
2013.01.28 14:51:28.551,0.94353,0.94367,1.73,3.00
2013.01.28 14:51:29.049,0.94352,0.94369,1.17,1.13
2013.01.28 14:51:30.260,0.94353,0.94371,2.48,2.85
2013.01.28 14:51:30.449,0.94354,0.94371,2.85,1.35
2013.01.28 14:51:30.509,0.94357,0.94374,2.48,1.73
2013.01.28 14:51:30.929,0.94359,0.94376,2.48,1.50
2013.01.28 14:51:31.478,0.94358,0.94375,2.85,2.25
2013.01.28 14:51:31.598,0.94358,0.94374,1.35,2.48
2013.01.28 14:51:31.839,0.9436,0.94375,1.50,2.48
2013.01.28 14:51:32.239,0.9436,0.9437,1.50,1.73
2013.01.28 14:51:32.360,0.94356,0.9437,1.50,1.73
2013.01.28 14:51:32.808,0.94354,0.94369,2.25,2.10
2013.01.28 14:51:33.050,0.94352,0.94367,1.50,2.48
2013.01.28 14:51:33.628,0.94352,0.94369,1.73,2.10
2013.01.28 14:51:33.811,0.94352,0.94369,1.50,2.10
2013.01.28 14:51:34.349,0.9435,0.94369,2.10,4.35
2013.01.28 14:51:34.898,0.94349,0.94367,3.23,1.73
2013.01.28 14:51:35.199,0.94348,0.94364,3.23,2.10
2013.01.28 14:51:35.319,0.94351,0.94366,1.73,1.73
2013.01.28 14:51:35.379,0.94351,0.94368,2.10,2.33
2013.01.28 14:51:36.260,0.9435,0.94365,1.50,2.48
2013.01.28 14:51:36.749,0.94351,0.94368,1.35,1.58
2013.01.28 14:51:39.243,0.94351,0.94368,1.35,2.33
2013.01.28 14:51:39.579,0.94349,0.94364,2.25,2.48
2013.01.28 14:51:39.641,0.94347,0.94362,2.85,2.48
2013.01.28 14:51:40.179,0.94345,0.9436,1.73,2.25
2013.01.28 14:51:42.011,0.94344,0.9436,2.48,2.25
2013.01.28 14:51:42.548,0.94347,0.94361,2.48,2.33
2013.01.28 14:51:43.089,0.94348,0.94363,2.48,1.73
2013.01.28 14:51:43.158,0.94348,0.94364,2.48,2.89
2013.01.28 14:51:43.819,0.94351,0.94364,2.25,1.77
2013.01.28 14:51:44.270,0.94349,0.94363,2.25,1.73
2013.01.28 14:51:44.509,0.94351,0.94365,1.50,3.08
2013.01.28 14:51:44.574,0.94351,0.94365,1.50,2.85
2013.01.28 14:51:44.640,0.94351,0.94364,1.50,1.73
2013.01.28 14:51:45.179,0.94349,0.94362,2.48,1.50
2013.01.28 14:51:46.459,0.94351,0.94363,1.73,1.50
2013.01.28 14:51:47.922,0.94349,0.94363,1.73,2.85
2013.01.28 14:51:49.089,0.94348,0.94363,2.85,1.50
2013.01.28 14:51:51.668,0.94348,0.94363,1.35,1.35
2013.01.28 14:51:53.758,0.94348,0.94365,1.35,3.75
2013.01.28 14:51:54.279,0.94351,0.94363,1.73,1.50
2013.01.28 14:51:54.808,0.94351,0.94365,1.73,2.25
2013.01.28 14:51:55.050,0.94351,0.94366,1.73,2.25
2013.01.28 14:51:55.559,0.94351,0.94366,1.73,2.63
2013.01.28 14:51:56.098,0.94351,0.94366,1.73,2.63
2013.01.28 14:51:56.938,0.94348,0.94365,2.48,1.50
2013.01.28 14:51:57.550,0.94347,0.94364,3.38,3.19
2013.01.28 14:51:57.610,0.94346,0.9436,3.98,1.50
2013.01.28 14:51:58.970,0.94344,0.94358,1.73,1.50
2013.01.28 14:51:59.210,0.94345,0.94356,1.73,2.10
2013.01.28 14:51:59.572,0.94344,0.94356,1.50,3.60
2013.01.28 14:51:59.640,0.9434,0.94356,3.98,2.85
2013.01.28 14:51:59.760,0.94341,0.94357,1.73,2.25
2013.01.28 14:52:02.129,0.94339,0.94355,3.98,1.50
2013.01.28 14:52:02.703,0.94339,0.94354,3.98,1.50
2013.01.28 14:52:03.078,0.94339,0.94357,4.73,4.50
2013.01.28 14:52:04.055,0.9434,0.94357,1.73,3.00
2013.01.28 14:52:05.781,0.94345,0.94358,1.73,1.50
2013.01.28 14:52:05.842,0.94345,0.94358,2.48,1.50
2013.01.28 14:52:05.910,0.94345,0.94361,2.48,3.00
2013.01.28 14:52:06.151,0.94348,0.94363,2.48,2.25
2013.01.28 14:52:06.279,0.94351,0.94366,2.48,3.38
2013.01.28 14:52:06.840,0.94351,0.94366,2.85,1.50
2013.01.28 14:52:09.120,0.94349,0.94365,1.35,1.50
2013.01.28 14:52:09.929,0.94349,0.94365,2.25,2.25
2013.01.28 14:52:10.710,0.94349,0.94367,2.70,3.60
2013.01.28 14:52:10.839,0.9435,0.94367,1.13,3.60
2013.01.28 14:52:10.899,0.9435,0.94367,2.63,1.50
2013.01.28 14:52:11.429,0.9435,0.94366,1.88,1.50
2013.01.28 14:52:12.018,0.9435,0.94367,3.38,2.25
2013.01.28 14:52:12.317,0.94352,0.94367,1.35,1.50
2013.01.28 14:52:12.951,0.94352,0.9437,1.35,3.75
2013.01.28 14:52:15.639,0.94353,0.94367,2.48,2.25
2013.01.28 14:52:15.700,0.94353,0.94367,1.73,2.25
2013.01.28 14:52:16.218,0.94351,0.94366,3.23,1.50
2013.01.28 14:52:16.739,0.9435,0.94366,1.35,2.10
2013.01.28 14:52:18.198,0.9435,0.94365,1.35,2.25
2013.01.28 14:52:22.589,0.94349,0.94362,3.23,1.50
2013.01.28 14:52:22.862,0.94349,0.94358,2.48,2.25
2013.01.28 14:52:23.171,0.94344,0.9436,1.88,3.00
2013.01.28 14:52:23.299,0.94344,0.9436,4.13,2.25
2013.01.28 14:52:23.419,0.94345,0.9436,1.50,2.25
2013.01.28 14:52:23.478,0.94345,0.9436,1.50,2.25
2013.01.28 14:52:24.170,0.94344,0.94361,4.65,2.10
2013.01.28 14:52:24.289,0.94346,0.9436,1.88,1.50
2013.01.28 14:52:24.618,0.94346,0.9436,2.10,1.50
2013.01.28 14:52:25.207,0.94346,0.94361,2.10,2.10
2013.01.28 14:52:25.768,0.94346,0.94361,2.10,2.10
2013.01.28 14:52:26.109,0.94346,0.94359,2.10,2.10
2013.01.28 14:52:26.588,0.94347,0.94361,1.73,2.48
2013.01.28 14:52:26.829,0.94348,0.94363,1.73,2.25
2013.01.28 14:52:27.470,0.94348,0.94364,1.73,3.00
2013.01.28 14:52:28.630,0.94348,0.94364,1.73,1.50
2013.01.28 14:52:29.197,0.94348,0.94364,1.73,3.00
2013.01.28 14:52:32.599,0.94348,0.94363,2.48,1.50
2013.01.28 14:52:33.388,0.94353,0.94366,1.73,1.50
2013.01.28 14:52:33.449,0.94353,0.94366,1.73,1.50
2013.01.28 14:52:35.073,0.94351,0.94367,2.10,2.10
2013.01.28 14:52:36.529,0.94352,0.94369,1.88,3.75
2013.01.28 14:52:36.889,0.94351,0.94367,1.50,2.25
2013.01.28 14:52:39.451,0.9435,0.94368,3.60,4.13
2013.01.28 14:52:40.060,0.94349,0.94364,1.73,2.63
2013.01.28 14:52:40.369,0.94349,0.94363,1.88,1.50
2013.01.28 14:52:40.430,0.94349,0.94364,1.88,2.25
2013.01.28 14:52:41.490,0.94349,0.94361,2.25,1.50
2013.01.28 14:52:41.550,0.94348,0.94361,1.73,1.50
2013.01.28 14:52:42.509,0.94348,0.94363,1.73,3.00
2013.01.28 14:52:42.573,0.9435,0.94363,2.48,2.25
2013.01.28 14:52:43.108,0.9435,0.94364,2.48,2.63
2013.01.28 14:52:44.168,0.94348,0.94363,1.73,1.50
2013.01.28 14:52:45.059,0.94348,0.94364,3.23,2.25
2013.01.28 14:52:45.309,0.94352,0.94366,4.13,1.73
2013.01.28 14:52:45.428,0.94352,0.94366,4.13,1.50
2013.01.28 14:52:45.500,0.94352,0.94369,4.13,4.73
2013.01.28 14:52:45.559,0.94352,0.94369,4.71,4.50
2013.01.28 14:52:47.479,0.94352,0.94367,2.31,1.35
2013.01.28 14:52:47.539,0.94352,0.94367,1.73,1.35
2013.01.28 14:52:48.042,0.9435,0.94367,1.73,3.60
2013.01.28 14:52:49.411,0.94352,0.94369,3.23,3.00
2013.01.28 14:52:49.528,0.94352,0.94369,3.88,3.00
2013.01.28 14:52:49.927,0.94352,0.94367,2.38,2.25
2013.01.28 14:52:49.989,0.94352,0.94367,1.73,2.25
2013.01.28 14:52:51.419,0.94349,0.94366,3.60,1.13
2013.01.28 14:52:51.539,0.94349,0.94363,2.10,2.25
2013.01.28 14:52:53.729,0.94347,0.94362,1.73,1.88
2013.01.28 14:52:53.849,0.94348,0.94363,1.73,2.25
2013.01.28 14:52:54.359,0.94346,0.94363,1.35,1.50
2013.01.28 14:52:55.253,0.94347,0.94361,1.73,2.63
2013.01.28 14:52:55.388,0.94345,0.94359,1.73,1.35
2013.01.28 14:52:55.710,0.94342,0.94358,3.38,1.50
2013.01.28 14:52:57.239,0.94345,0.9436,2.48,3.38
2013.01.28 14:52:57.480,0.94345,0.9436,2.48,1.88
2013.01.28 14:52:58.090,0.94345,0.94362,2.85,4.13
2013.01.28 14:52:58.930,0.94347,0.94364,1.35,3.75
2013.01.28 14:52:59.350,0.9435,0.94366,1.73,3.38
2013.01.28 14:52:59.470,0.94351,0.94366,1.73,1.13
2013.01.28 14:52:59.539,0.94351,0.94367,1.73,3.38
2013.01.28 14:53:00.657,0.94351,0.94367,1.73,1.13
2013.01.28 14:53:01.378,0.94355,0.94368,1.88,1.13
2013.01.28 14:53:01.439,0.94355,0.94369,1.88,1.88
2013.01.28 14:53:02.391,0.94352,0.94369,1.73,4.50
2013.01.28 14:53:02.951,0.94352,0.94367,2.48,1.50
2013.01.28 14:53:03.989,0.94352,0.94368,2.48,1.88
2013.01.28 14:53:04.528,0.94352,0.94367,2.10,1.50
2013.01.28 14:53:06.080,0.94352,0.94369,2.10,2.63
2013.01.28 14:53:06.616,0.94352,0.94369,1.73,2.63
2013.01.28 14:53:08.360,0.94356,0.94369,1.13,1.50
2013.01.28 14:53:08.481,0.94357,0.94372,1.13,1.74
2013.01.28 14:53:08.611,0.94357,0.94374,4.13,1.75
2013.01.28 14:53:09.209,0.94359,0.94374,2.48,1.52
2013.01.28 14:53:09.568,0.94358,0.94374,2.77,1.52
2013.01.28 14:53:09.630,0.94358,0.94375,2.48,6.79
2013.01.28 14:53:10.239,0.94358,0.94372,1.73,2.12
2013.01.28 14:53:10.719,0.94357,0.94372,1.47,1.52
2013.01.28 14:53:11.499,0.94359,0.94373,2.48,1.37
2013.01.28 14:53:11.798,0.94358,0.94374,3.68,1.52
2013.01.28 14:53:12.578,0.94359,0.94374,1.73,3.62
2013.01.28 14:53:12.640,0.94358,0.94372,1.73,1.52
2013.01.28 14:53:15.568,0.94358,0.94373,1.73,1.52
2013.01.28 14:53:17.563,0.94359,0.94375,3.98,2.27
2013.01.28 14:53:18.090,0.94358,0.94373,3.98,1.15
2013.01.28 14:53:18.531,0.94358,0.94369,1.73,1.50
2013.01.28 14:53:18.589,0.94358,0.94369,1.73,1.50
2013.01.28 14:53:18.650,0.94355,0.94369,3.23,1.50
2013.01.28 14:53:19.129,0.94352,0.94369,3.98,3.00
2013.01.28 14:53:20.310,0.94354,0.94369,1.73,1.13
2013.01.28 14:53:21.330,0.94354,0.94371,2.48,1.50
2013.01.28 14:53:22.418,0.94354,0.94372,2.48,2.25
2013.01.28 14:53:23.838,0.94355,0.94372,1.73,2.48
2013.01.28 14:53:24.349,0.94354,0.94371,2.48,3.00
2013.01.28 14:53:24.529,0.94354,0.94369,2.48,2.25
2013.01.28 14:53:27.363,0.94354,0.9437,1.73,2.10
2013.01.28 14:53:28.059,0.94355,0.94371,2.48,2.25
2013.01.28 14:53:28.959,0.94352,0.9437,3.98,1.50
2013.01.28 14:53:30.338,0.94352,0.94369,1.73,3.38
2013.01.28 14:53:33.409,0.94352,0.94369,1.73,1.88
2013.01.28 14:53:35.779,0.94353,0.94369,1.73,1.13
2013.01.28 14:53:35.898,0.9435,0.94366,3.60,1.50
2013.01.28 14:53:36.018,0.9435,0.94366,2.85,1.50
2013.01.28 14:53:36.509,0.9435,0.94368,2.10,3.00
2013.01.28 14:53:36.839,0.9435,0.94368,1.73,4.50
2013.01.28 14:53:40.019,0.94349,0.94367,3.60,1.50
2013.01.28 14:53:40.450,0.94351,0.94368,1.34,1.13
2013.01.28 14:53:40.869,0.94352,0.94366,2.48,1.50
2013.01.28 14:53:41.949,0.94352,0.94368,2.48,3.38
2013.01.28 14:53:42.649,0.94352,0.94368,2.48,1.88
2013.01.28 14:53:43.271,0.94352,0.94368,2.48,1.88
2013.01.28 14:53:45.059,0.94352,0.94368,2.48,1.50
2013.01.28 14:53:46.259,0.94352,0.94369,3.98,1.88
2013.01.28 14:53:46.809,0.94356,0.94371,2.48,1.35
2013.01.28 14:53:47.110,0.94357,0.94374,2.85,1.37
2013.01.28 14:53:47.292,0.94358,0.94375,2.48,2.50
2013.01.28 14:53:47.596,0.94361,0.94376,1.35,1.01
2013.01.28 14:53:49.962,0.94361,0.94376,1.35,1.73
2013.01.28 14:53:53.920,0.94362,0.94377,3.75,2.33
2013.01.28 14:53:53.979,0.94361,0.94376,1.73,1.58
2013.01.28 14:53:54.099,0.9436,0.94375,1.73,2.48
2013.01.28 14:53:54.159,0.9436,0.94374,1.73,1.73
2013.01.28 14:53:54.462,0.94358,0.94372,1.73,2.33
2013.01.28 14:53:55.018,0.94355,0.9437,1.35,1.58
2013.01.28 14:53:55.559,0.94353,0.94368,2.10,1.50
2013.01.28 14:53:55.859,0.9435,0.94363,2.16,1.50
2013.01.28 14:53:55.920,0.9435,0.94363,1.73,3.00
2013.01.28 14:53:56.303,0.94345,0.94361,3.23,2.10
2013.01.28 14:53:57.219,0.94344,0.94361,1.35,7.35
2013.01.28 14:53:57.340,0.94344,0.9436,2.48,1.35
2013.01.28 14:53:58.008,0.94341,0.9436,5.25,1.35
2013.01.28 14:53:58.999,0.94342,0.94358,1.73,1.13
2013.01.28 14:54:00.120,0.94341,0.94357,2.10,2.48
2013.01.28 14:54:00.680,0.94341,0.94356,1.73,1.35
2013.01.28 14:54:00.800,0.9434,0.94357,2.25,2.48
2013.01.28 14:54:01.433,0.9434,0.94355,1.50,5.48
2013.01.28 14:54:01.949,0.94337,0.94353,1.35,3.00
2013.01.28 14:54:04.098,0.94335,0.94352,1.73,1.13
2013.01.28 14:54:05.963,0.94335,0.94352,1.73,1.88
2013.01.28 14:54:10.103,0.94335,0.9435,1.73,1.50
2013.01.28 14:54:10.649,0.94333,0.94347,1.73,1.13
2013.01.28 14:54:11.682,0.94332,0.94347,1.73,1.88
2013.01.28 14:54:13.870,0.94332,0.94347,2.48,2.25
2013.01.28 14:54:14.179,0.94332,0.94348,2.48,1.13
2013.01.28 14:54:15.086,0.94332,0.94348,2.48,2.63
2013.01.28 14:54:15.162,0.94332,0.94348,2.48,2.63
2013.01.28 14:54:16.300,0.94332,0.94348,2.48,3.38
2013.01.28 14:54:18.169,0.94331,0.94346,1.73,1.50
2013.01.28 14:54:18.539,0.94329,0.94341,2.48,1.50
2013.01.28 14:54:18.599,0.94329,0.94342,2.48,2.25
2013.01.28 14:54:18.659,0.94326,0.94342,3.98,2.25
2013.01.28 14:54:18.781,0.94329,0.94342,1.73,2.25
2013.01.28 14:54:19.599,0.94326,0.94343,2.48,1.88
2013.01.28 14:54:20.168,0.9433,0.94344,1.73,2.25
2013.01.28 14:54:20.770,0.94329,0.94344,1.73,2.25
2013.01.28 14:54:24.220,0.94327,0.94344,3.23,1.13
2013.01.28 14:54:25.109,0.94327,0.94343,3.23,1.50
2013.01.28 14:54:26.250,0.94327,0.94342,3.23,1.50
2013.01.28 14:54:26.609,0.94323,0.94341,1.35,3.60
2013.01.28 14:54:26.670,0.94324,0.94341,1.95,2.85
2013.01.28 14:54:26.860,0.94326,0.94342,2.48,1.50
2013.01.28 14:54:27.761,0.94327,0.94342,1.73,2.48
2013.01.28 14:54:28.417,0.94326,0.94344,1.73,5.85
2013.01.28 14:54:29.670,0.94328,0.94341,1.73,1.58
2013.01.28 14:54:29.849,0.94326,0.94343,1.73,1.35
2013.01.28 14:54:31.349,0.94328,0.94344,1.73,2.48
2013.01.28 14:54:31.530,0.94328,0.94344,2.48,1.13
2013.01.28 14:54:34.249,0.9433,0.94345,1.73,1.35
2013.01.28 14:54:34.800,0.94329,0.94344,1.73,2.25
2013.01.28 14:54:37.490,0.94329,0.94345,3.00,1.88
2013.01.28 14:54:40.980,0.94329,0.94346,2.48,1.88
2013.01.28 14:54:41.341,0.94329,0.94346,2.25,1.88
2013.01.28 14:54:42.653,0.9433,0.94346,1.50,1.88
2013.01.28 14:54:42.724,0.94331,0.94348,2.25,3.23
2013.01.28 14:54:42.970,0.94334,0.94348,2.25,1.50
2013.01.28 14:54:43.432,0.94335,0.94352,1.50,4.58
2013.01.28 14:54:44.019,0.94335,0.94352,1.50,4.73
2013.01.28 14:54:45.584,0.94335,0.94351,2.25,1.13
2013.01.28 14:54:46.140,0.94335,0.9435,1.50,3.23
2013.01.28 14:54:46.500,0.94333,0.94347,1.50,1.73
2013.01.28 14:54:46.801,0.9433,0.94347,1.50,2.48
2013.01.28 14:54:47.359,0.94328,0.94347,3.98,3.98
2013.01.28 14:54:47.479,0.94329,0.94345,1.50,1.50
2013.01.28 14:54:48.269,0.94329,0.94345,3.00,1.50
2013.01.28 14:54:48.779,0.94329,0.94344,2.25,1.50
2013.01.28 14:54:49.809,0.94329,0.94344,3.00,1.50
2013.01.28 14:54:50.689,0.94329,0.94344,3.00,1.50
2013.01.28 14:54:51.200,0.94327,0.94341,3.00,1.50
2013.01.28 14:54:51.749,0.94327,0.94341,1.50,3.83
2013.01.28 14:54:52.300,0.94327,0.94339,1.50,1.73
2013.01.28 14:54:52.840,0.94324,0.94339,3.00,1.73
2013.01.28 14:54:53.030,0.94324,0.94339,2.25,1.73
2013.01.28 14:54:53.099,0.94324,0.94336,1.50,1.50
2013.01.28 14:54:53.648,0.94324,0.94336,1.50,3.98
2013.01.28 14:54:53.709,0.94322,0.94336,2.25,2.48
2013.01.28 14:54:54.059,0.94319,0.94335,1.65,3.98
2013.01.28 14:54:54.870,0.94319,0.94327,1.50,1.50
2013.01.28 14:54:55.230,0.94314,0.94327,2.48,1.50
2013.01.28 14:54:55.769,0.94314,0.94327,1.50,1.73
2013.01.28 14:54:56.327,0.94311,0.94327,2.48,1.73
2013.01.28 14:54:57.450,0.94307,0.94325,7.13,2.85
2013.01.28 14:54:57.990,0.94309,0.94324,1.73,1.73
2013.01.28 14:55:00.269,0.94308,0.94319,2.48,1.50
2013.01.28 14:55:00.690,0.94305,0.94318,3.00,1.35
2013.01.28 14:55:01.229,0.94305,0.94318,2.25,1.35
2013.01.28 14:55:01.409,0.94304,0.94317,1.50,2.33
2013.01.28 14:55:01.469,0.94299,0.94309,2.25,1.50
2013.01.28 14:55:01.770,0.94299,0.94303,1.50,1.50
2013.01.28 14:55:02.233,0.94297,0.94307,1.50,2.48
2013.01.28 14:55:02.305,0.94297,0.94306,1.50,3.23
2013.01.28 14:55:02.375,0.94289,0.94304,1.13,1.73
2013.01.28 14:55:02.632,0.94289,0.94304,1.20,1.73
2013.01.28 14:55:02.701,0.94289,0.94304,1.20,1.73
2013.01.28 14:55:02.939,0.94289,0.94307,1.95,4.35
2013.01.28 14:55:03.179,0.94289,0.94304,1.20,1.50
2013.01.28 14:55:03.485,0.94285,0.94301,3.23,1.50
2013.01.28 14:55:04.512,0.94284,0.94301,2.25,2.10
2013.01.28 14:55:04.579,0.94284,0.94301,1.73,4.58
2013.01.28 14:55:05.059,0.94284,0.94301,2.48,3.83
2013.01.28 14:55:05.180,0.94284,0.94297,2.48,2.48
2013.01.28 14:55:05.371,0.94279,0.94295,5.25,1.58
2013.01.28 14:55:05.549,0.94279,0.94294,1.88,1.58
2013.01.28 14:55:05.669,0.94275,0.94292,3.23,2.10
2013.01.28 14:55:05.910,0.94275,0.94291,2.25,1.73
2013.01.28 14:55:06.449,0.94271,0.94288,1.50,2.48
2013.01.28 14:55:06.890,0.94271,0.94286,2.63,1.50
2013.01.28 14:55:07.010,0.94271,0.94289,2.48,3.98
2013.01.28 14:55:09.530,0.94274,0.94289,1.73,1.50
2013.01.28 14:55:09.650,0.94275,0.9429,1.73,1.88
2013.01.28 14:55:10.139,0.94277,0.94291,1.50,1.35
2013.01.28 14:55:10.259,0.94274,0.94291,3.23,1.35
2013.01.28 14:55:10.320,0.94274,0.9429,3.23,1.73
2013.01.28 14:55:10.749,0.94272,0.94286,3.75,1.58
2013.01.28 14:55:10.929,0.94269,0.94286,3.75,1.58
2013.01.28 14:55:11.430,0.94269,0.94285,1.50,2.70
2013.01.28 14:55:12.459,0.9427,0.94285,1.50,2.70
2013.01.28 14:55:12.879,0.94268,0.94284,3.23,1.35
2013.01.28 14:55:13.059,0.94268,0.94282,1.50,2.48
2013.01.28 14:55:13.478,0.94264,0.94282,4.73,1.73
2013.01.28 14:55:14.020,0.94264,0.94277,3.23,1.65
2013.01.28 14:55:14.380,0.94255,0.94265,1.43,1.50
2013.01.28 14:55:14.441,0.9425,0.94265,3.98,1.50
2013.01.28 14:55:14.621,0.94254,0.94269,1.50,3.98
2013.01.28 14:55:14.750,0.94254,0.94271,3.00,2.48
2013.01.28 14:55:14.869,0.94256,0.94271,2.25,1.50
2013.01.28 14:55:14.931,0.94256,0.94271,1.50,2.25
2013.01.28 14:55:14.989,0.94256,0.94272,1.50,1.13
2013.01.28 14:55:15.520,0.94255,0.94273,3.75,1.88
2013.01.28 14:55:15.711,0.94255,0.94273,3.98,1.88
2013.01.28 14:55:16.019,0.94253,0.94272,1.35,1.13
2013.01.28 14:55:16.809,0.94256,0.94272,1.73,1.13
2013.01.28 14:55:17.342,0.94257,0.94274,3.83,2.25
2013.01.28 14:55:17.671,0.94266,0.9428,1.73,1.88
2013.01.28 14:55:18.299,0.94266,0.9428,1.73,1.13
2013.01.28 14:55:18.909,0.94265,0.94281,1.73,1.13
2013.01.28 14:55:19.288,0.94265,0.94277,1.73,1.50
2013.01.28 14:55:20.407,0.94263,0.9428,1.73,2.25
2013.01.28 14:55:21.799,0.94265,0.94281,1.73,1.13
2013.01.28 14:55:21.920,0.94268,0.94281,1.73,1.13
2013.01.28 14:55:22.160,0.94268,0.94281,1.73,1.13
2013.01.28 14:55:22.279,0.94269,0.94285,1.73,3.23
2013.01.28 14:55:22.340,0.94269,0.94285,1.73,2.63
2013.01.28 14:55:22.580,0.94269,0.94285,1.73,1.88
2013.01.28 14:55:23.150,0.94268,0.94284,1.73,1.50
2013.01.28 14:55:23.716,0.9427,0.94284,2.48,1.50
2013.01.28 14:55:23.785,0.94269,0.94285,3.60,1.50
2013.01.28 14:55:24.520,0.94269,0.94287,2.10,4.35
2013.01.28 14:55:25.024,0.94269,0.94286,3.06,1.50
2013.01.28 14:55:25.094,0.94268,0.94285,2.85,1.50
2013.01.28 14:55:25.239,0.94271,0.94286,1.73,3.75
2013.01.28 14:55:25.419,0.94271,0.94286,1.73,3.75
2013.01.28 14:55:25.539,0.94271,0.94287,3.60,1.50
2013.01.28 14:55:26.079,0.94275,0.94288,1.73,2.25
2013.01.28 14:55:26.449,0.94275,0.94289,1.73,3.00
2013.01.28 14:55:26.989,0.94276,0.94288,1.73,1.50
2013.01.28 14:55:27.319,0.94276,0.94288,1.73,1.50
2013.01.28 14:55:27.858,0.94274,0.9429,2.48,1.50
2013.01.28 14:55:28.360,0.94276,0.94291,1.73,1.50
2013.01.28 14:55:29.170,0.94276,0.94292,2.48,1.88
2013.01.28 14:55:30.200,0.94278,0.94293,1.73,2.25
2013.01.28 14:55:30.379,0.94284,0.94297,1.73,1.13
2013.01.28 14:55:30.939,0.94284,0.94298,2.48,2.25
2013.01.28 14:55:31.130,0.94284,0.94299,2.48,1.88
2013.01.28 14:55:31.654,0.94287,0.94299,1.50,1.88
2013.01.28 14:55:32.190,0.94285,0.94299,2.85,1.50
2013.01.28 14:55:32.490,0.94289,0.94301,2.48,1.50
2013.01.28 14:55:33.640,0.94287,0.94305,2.48,4.50
2013.01.28 14:55:33.759,0.94287,0.94305,2.70,3.75
2013.01.28 14:55:34.000,0.94285,0.94302,2.85,1.13
2013.01.28 14:55:35.160,0.94289,0.94301,2.10,1.50
2013.01.28 14:55:35.461,0.9429,0.94306,2.48,1.13
2013.01.28 14:55:35.760,0.94292,0.94307,2.85,1.17
2013.01.28 14:55:35.819,0.94292,0.94307,2.85,1.17
2013.01.28 14:55:36.240,0.94292,0.94308,5.10,1.17
2013.01.28 14:55:36.921,0.94299,0.94314,2.48,1.13
2013.01.28 14:55:37.051,0.94297,0.94314,2.48,2.96
2013.01.28 14:55:37.570,0.94299,0.94314,2.48,1.21
2013.01.28 14:55:37.630,0.94299,0.94316,2.85,2.63
2013.01.28 14:55:37.879,0.94299,0.94316,3.60,1.88
2013.01.28 14:55:38.181,0.94302,0.94316,1.73,1.88
2013.01.28 14:55:38.720,0.94303,0.9432,2.10,1.88
2013.01.28 14:55:39.079,0.94309,0.94324,2.48,2.25
2013.01.28 14:55:39.690,0.94311,0.94325,1.50,2.10
2013.01.28 14:55:39.991,0.94307,0.94325,3.23,2.63
2013.01.28 14:55:40.110,0.94307,0.94325,3.23,1.88
2013.01.28 14:55:40.539,0.94311,0.94327,1.35,2.25
2013.01.28 14:55:40.660,0.94311,0.94327,2.10,1.50
2013.01.28 14:55:40.779,0.94311,0.94329,1.35,3.75
2013.01.28 14:55:41.730,0.94308,0.94328,3.23,3.98
2013.01.28 14:55:41.849,0.94308,0.94327,3.23,1.13
2013.01.28 14:55:42.404,0.94308,0.94326,2.48,1.50
2013.01.28 14:55:42.920,0.94307,0.9432,2.48,1.50
2013.01.28 14:55:43.099,0.94304,0.9432,1.73,2.25
2013.01.28 14:55:43.159,0.94302,0.94317,3.98,1.50
2013.01.28 14:55:43.584,0.94302,0.94317,1.73,1.50
2013.01.28 14:55:44.732,0.943,0.94317,2.85,2.85
2013.01.28 14:55:44.919,0.943,0.94314,2.48,1.50
2013.01.28 14:55:46.399,0.94299,0.94316,1.35,1.50
2013.01.28 14:55:46.639,0.94299,0.94316,1.35,2.25
2013.01.28 14:55:47.095,0.94308,0.94323,1.13,1.35
2013.01.28 14:55:47.169,0.94312,0.94325,1.73,1.50
2013.01.28 14:55:47.720,0.94307,0.94325,1.73,1.13
2013.01.28 14:55:48.181,0.94306,0.94324,1.35,1.50
2013.01.28 14:55:48.552,0.94306,0.94322,1.73,1.73
2013.01.28 14:55:48.621,0.94305,0.9432,1.13,1.35
2013.01.28 14:55:48.740,0.94301,0.94314,1.73,1.50
2013.01.28 14:55:49.421,0.94299,0.94315,1.35,1.50
2013.01.28 14:55:50.581,0.94299,0.94314,1.35,2.25
2013.01.28 14:55:50.879,0.94298,0.94316,1.35,3.98
2013.01.28 14:55:51.059,0.94298,0.94316,1.35,3.23
2013.01.28 14:55:51.990,0.94299,0.94315,1.35,1.50
2013.01.28 14:55:52.979,0.94299,0.94314,1.35,1.50
2013.01.28 14:55:56.130,0.94297,0.94314,2.10,3.00
2013.01.28 14:55:56.250,0.94297,0.94312,2.48,2.25
2013.01.28 14:55:57.909,0.94293,0.94311,2.63,1.50
2013.01.28 14:55:58.435,0.94293,0.94311,2.40,1.50
2013.01.28 14:55:59.180,0.94293,0.94311,2.40,1.50
2013.01.28 14:55:59.479,0.94293,0.9431,2.48,2.25
2013.01.28 14:55:59.599,0.9429,0.94308,1.58,1.13
2013.01.28 14:55:59.840,0.94289,0.94305,2.10,1.50
2013.01.28 14:55:59.900,0.94289,0.94305,2.10,1.50
2013.01.28 14:56:00.241,0.94287,0.94305,1.50,2.25
2013.01.28 14:56:00.302,0.94287,0.94304,1.13,1.13
2013.01.28 14:56:00.611,0.94285,0.94301,1.50,1.50
2013.01.28 14:56:00.791,0.94282,0.94299,1.13,1.13
2013.01.28 14:56:00.910,0.94282,0.94298,1.13,1.50
2013.01.28 14:56:00.969,0.94281,0.94298,1.50,1.50
2013.01.28 14:56:01.150,0.94281,0.94298,1.73,1.50
2013.01.28 14:56:01.717,0.94279,0.94297,2.10,1.50
2013.01.28 14:56:03.460,0.94279,0.94298,1.88,2.48
2013.01.28 14:56:03.940,0.94284,0.94301,1.13,4.13
2013.01.28 14:56:04.061,0.94286,0.94302,2.32,2.25
2013.01.28 14:56:04.489,0.94287,0.94301,1.73,1.88
2013.01.28 14:56:04.609,0.94287,0.943,1.73,1.50
2013.01.28 14:56:06.010,0.94281,0.94297,2.48,1.50
2013.01.28 14:56:06.501,0.94278,0.94296,2.10,1.88
2013.01.28 14:56:06.690,0.94276,0.94293,1.73,1.50
2013.01.28 14:56:06.929,0.94276,0.94292,1.73,1.13
2013.01.28 14:56:07.443,0.94273,0.94292,2.85,1.88
2013.01.28 14:56:07.969,0.94273,0.94291,2.48,2.25
2013.01.28 14:56:08.882,0.94273,0.94289,1.73,1.35
2013.01.28 14:56:09.440,0.94273,0.94288,2.33,1.50
2013.01.28 14:56:10.214,0.94272,0.94288,1.73,1.50
2013.01.28 14:56:12.020,0.94271,0.94288,1.73,1.73
2013.01.28 14:56:12.080,0.94272,0.94287,1.13,1.50
2013.01.28 14:56:12.439,0.94272,0.9429,1.50,1.50
2013.01.28 14:56:14.182,0.94272,0.9429,3.00,1.13
2013.01.28 14:56:16.800,0.94276,0.94292,2.48,1.13
2013.01.28 14:56:17.159,0.9428,0.94296,1.65,2.25
2013.01.28 14:56:17.339,0.94283,0.94298,3.98,1.13
2013.01.28 14:56:17.579,0.94288,0.94303,1.35,1.50
2013.01.28 14:56:17.701,0.94289,0.943,1.73,1.50
2013.01.28 14:56:18.229,0.94287,0.94295,2.48,1.50
2013.01.28 14:56:18.349,0.94282,0.94291,1.13,1.50
2013.01.28 14:56:18.409,0.94282,0.94294,1.13,1.50
2013.01.28 14:56:18.830,0.9428,0.94291,1.73,1.50
2013.01.28 14:56:18.890,0.9428,0.94291,1.50,1.50
2013.01.28 14:56:19.010,0.9428,0.94291,1.73,3.00
2013.01.28 14:56:19.670,0.94274,0.94291,1.73,3.00
2013.01.28 14:56:19.730,0.94274,0.94293,1.73,2.85
2013.01.28 14:56:19.789,0.94274,0.9429,1.73,1.50
2013.01.28 14:56:21.941,0.94273,0.9429,2.10,3.00
2013.01.28 14:56:23.099,0.94275,0.94288,1.35,1.50
2013.01.28 14:56:23.459,0.94275,0.94292,1.35,5.48
2013.01.28 14:56:23.819,0.94278,0.94293,1.73,1.50
2013.01.28 14:56:23.879,0.94281,0.94296,1.13,3.00
2013.01.28 14:56:23.940,0.94282,0.94297,2.22,1.50
2013.01.28 14:56:24.059,0.94282,0.94298,2.22,1.50
2013.01.28 14:56:25.189,0.94283,0.94301,2.48,4.50
2013.01.28 14:56:26.561,0.94283,0.94301,2.48,4.13
2013.01.28 14:56:27.835,0.94289,0.94304,1.35,2.25
2013.01.28 14:56:27.973,0.94289,0.94304,1.35,1.50
2013.01.28 14:56:28.221,0.94289,0.94308,1.35,1.88
2013.01.28 14:56:29.420,0.94291,0.94308,1.73,1.88
2013.01.28 14:56:30.039,0.94292,0.9431,1.35,3.75
2013.01.28 14:56:30.361,0.94296,0.94313,1.35,1.13
2013.01.28 14:56:30.871,0.94297,0.94314,1.73,1.50
2013.01.28 14:56:31.413,0.94297,0.94315,2.10,3.00
2013.01.28 14:56:31.960,0.94297,0.94317,2.85,2.25
2013.01.28 14:56:32.084,0.94297,0.94316,2.10,1.13
2013.01.28 14:56:33.011,0.94297,0.94316,2.85,1.13
2013.01.28 14:56:33.560,0.94298,0.94316,2.07,1.50
2013.01.28 14:56:34.071,0.943,0.94317,2.85,1.13
2013.01.28 14:56:34.600,0.943,0.9432,2.48,2.48
2013.01.28 14:56:34.660,0.94304,0.94322,1.73,4.54
2013.01.28 14:56:35.420,0.94304,0.94322,1.73,1.35
2013.01.28 14:56:35.800,0.94304,0.94323,1.73,1.50
2013.01.28 14:56:36.598,0.94304,0.94323,2.48,1.73
2013.01.28 14:56:37.479,0.94305,0.94323,1.35,1.73
2013.01.28 14:56:37.994,0.94305,0.94323,1.35,1.73
2013.01.28 14:56:38.820,0.94305,0.94323,2.85,1.73
2013.01.28 14:56:38.940,0.94309,0.94327,1.73,1.88
2013.01.28 14:56:39.079,0.94313,0.94328,1.73,1.50
2013.01.28 14:56:39.201,0.94315,0.94331,1.73,1.13
2013.01.28 14:56:40.059,0.94316,0.94333,1.73,1.50
2013.01.28 14:56:40.121,0.94316,0.94336,3.00,3.00
2013.01.28 14:56:40.659,0.94318,0.94336,1.73,3.23
2013.01.28 14:56:41.290,0.94318,0.94335,1.73,1.73
2013.01.28 14:56:41.471,0.94318,0.94334,1.73,2.48
2013.01.28 14:56:42.623,0.94314,0.94334,1.73,1.73
2013.01.28 14:56:42.951,0.94314,0.94331,1.73,1.73
2013.01.28 14:56:43.460,0.94314,0.94329,1.73,2.25
2013.01.28 14:56:43.900,0.9431,0.94326,1.35,2.40
2013.01.28 14:56:43.961,0.94309,0.94322,2.48,1.13
2013.01.28 14:56:44.200,0.94305,0.94322,1.73,1.88
2013.01.28 14:56:44.270,0.94303,0.94322,3.60,1.35
2013.01.28 14:56:44.809,0.94302,0.94319,1.13,1.35
2013.01.28 14:56:46.050,0.94298,0.9431,6.00,3.55
2013.01.28 14:56:46.353,0.94281,0.9431,1.05,17.53
2013.01.28 14:56:46.541,0.94265,0.94281,5.75,6.16
2013.01.28 14:56:46.841,0.94265,0.94273,1.50,1.13
2013.01.28 14:56:46.910,0.94261,0.94274,1.50,1.50
2013.01.28 14:56:47.510,0.9426,0.94274,1.50,1.50
2013.01.28 14:56:47.584,0.94264,0.94274,1.73,1.50
2013.01.28 14:56:47.832,0.94268,0.94283,1.50,1.73
2013.01.28 14:56:47.900,0.94268,0.94284,1.50,1.35
2013.01.28 14:56:47.960,0.94268,0.94284,1.50,1.35
2013.01.28 14:56:48.020,0.94265,0.94283,2.48,1.35
2013.01.28 14:56:48.440,0.94264,0.94283,1.73,2.48
2013.01.28 14:56:48.740,0.94264,0.94281,1.50,1.20
2013.01.28 14:56:49.280,0.94261,0.9428,1.73,1.58
2013.01.28 14:56:49.844,0.94258,0.94277,3.23,1.35
2013.01.28 14:56:50.551,0.94263,0.94279,1.13,1.13
2013.01.28 14:56:50.731,0.94259,0.94279,2.10,1.35
2013.01.28 14:56:50.801,0.94259,0.94278,1.35,1.35
2013.01.28 14:56:51.545,0.9426,0.9428,1.35,2.48
2013.01.28 14:56:52.031,0.9426,0.9428,2.42,1.50
2013.01.28 14:56:52.151,0.94262,0.94281,2.48,1.50
2013.01.28 14:56:54.311,0.94262,0.9428,1.35,2.48
2013.01.28 14:56:54.612,0.94266,0.94283,1.73,1.50
2013.01.28 14:56:54.741,0.94266,0.94284,1.73,1.50
2013.01.28 14:56:55.501,0.9427,0.94285,1.73,1.50
2013.01.28 14:56:56.101,0.9427,0.94287,2.48,1.50
2013.01.28 14:56:56.461,0.94267,0.94283,1.73,1.13
2013.01.28 14:56:56.581,0.94266,0.94284,1.35,2.48
2013.01.28 14:56:57.417,0.94266,0.94283,2.10,1.13
2013.01.28 14:56:57.490,0.94263,0.94282,1.35,2.63
2013.01.28 14:56:58.046,0.94263,0.94282,1.35,2.63
2013.01.28 14:57:01.810,0.94266,0.94283,1.35,1.88
2013.01.28 14:57:02.159,0.94266,0.94283,1.35,2.63
2013.01.28 14:57:02.491,0.94265,0.94279,1.35,2.25
2013.01.28 14:57:02.791,0.94265,0.94279,1.35,3.00
2013.01.28 14:57:03.316,0.94265,0.94279,1.35,3.00
2013.01.28 14:57:04.080,0.94265,0.94277,1.35,2.25
2013.01.28 14:57:04.389,0.94265,0.94279,1.35,2.25
2013.01.28 14:57:04.571,0.94265,0.94282,1.35,3.00
2013.01.28 14:57:05.121,0.94265,0.94282,1.35,1.50
2013.01.28 14:57:06.070,0.94267,0.94282,1.73,2.25
2013.01.28 14:57:06.640,0.94267,0.94282,2.48,2.25
2013.01.28 14:57:07.001,0.94267,0.94285,3.23,2.25
2013.01.28 14:57:07.119,0.94267,0.94285,3.23,1.50
2013.01.28 14:57:07.669,0.94267,0.94285,2.48,3.75
2013.01.28 14:57:07.972,0.94264,0.94282,1.73,2.63
2013.01.28 14:57:09.429,0.94263,0.9428,1.73,1.88
2013.01.28 14:57:10.660,0.94266,0.94283,2.48,1.13
2013.01.28 14:57:10.840,0.94264,0.94282,2.10,2.25
2013.01.28 14:57:17.049,0.94263,0.94281,1.35,2.10
2013.01.28 14:57:27.469,0.94264,0.94277,1.73,1.50
2013.01.28 14:57:27.710,0.94264,0.94277,1.73,1.50
2013.01.28 14:57:27.830,0.94266,0.94279,1.13,1.73
2013.01.28 14:57:28.069,0.94267,0.9428,1.50,1.35
2013.01.28 14:57:28.130,0.94263,0.94276,1.35,1.50
2013.01.28 14:57:28.677,0.94263,0.94276,1.35,1.50
2013.01.28 14:57:30.613,0.94264,0.94276,1.73,1.50
2013.01.28 14:57:30.741,0.94269,0.94281,2.25,1.73
2013.01.28 14:57:30.920,0.94266,0.94284,1.13,2.63
2013.01.28 14:57:30.980,0.94267,0.94285,1.73,2.63
2013.01.28 14:57:31.220,0.94265,0.94281,1.35,1.50
2013.01.28 14:57:31.580,0.9427,0.94285,1.35,1.73
2013.01.28 14:57:31.760,0.9427,0.94286,1.35,2.10
2013.01.28 14:57:32.120,0.94272,0.94288,2.20,1.13
2013.01.28 14:57:32.661,0.94273,0.9429,1.35,1.13
2013.01.28 14:57:33.199,0.94273,0.9429,1.35,1.13
2013.01.28 14:57:33.681,0.94273,0.94291,2.40,1.50
2013.01.28 14:57:34.169,0.94276,0.94294,1.35,1.73
2013.01.28 14:57:34.410,0.94276,0.94292,1.35,2.25
2013.01.28 14:57:34.960,0.94273,0.9429,1.73,2.25
2013.01.28 14:57:35.080,0.94273,0.94291,2.48,1.88
2013.01.28 14:57:35.422,0.94273,0.94289,1.73,2.25
2013.01.28 14:57:38.629,0.94271,0.94286,1.73,1.50
2013.01.28 14:57:38.691,0.94271,0.94286,1.73,1.50
2013.01.28 14:57:39.230,0.9427,0.94287,2.10,1.35
2013.01.28 14:57:41.431,0.94271,0.94287,1.73,1.35
2013.01.28 14:57:42.167,0.94271,0.94288,1.73,2.10
2013.01.28 14:57:42.569,0.94272,0.94289,1.35,1.50
2013.01.28 14:57:43.330,0.94272,0.94285,1.35,1.50
2013.01.28 14:57:43.390,0.94272,0.94285,1.35,1.50
2013.01.28 14:57:43.759,0.94271,0.94289,1.35,3.00
2013.01.28 14:57:45.119,0.94273,0.94291,2.10,1.88
2013.01.28 14:57:45.179,0.94273,0.94291,2.10,1.13
2013.01.28 14:57:46.299,0.94275,0.94292,1.35,2.63
2013.01.28 14:57:50.149,0.94275,0.94291,1.35,1.35
2013.01.28 14:57:50.212,0.94275,0.9429,1.35,2.85
2013.01.28 14:57:50.739,0.94275,0.94291,2.01,3.75
2013.01.28 14:57:50.860,0.94277,0.94291,1.35,2.10
2013.01.28 14:57:50.979,0.94275,0.9429,1.73,2.85
2013.01.28 14:57:56.150,0.94274,0.9429,1.35,2.85
2013.01.28 14:58:00.330,0.94275,0.9429,1.35,2.85
2013.01.28 14:58:00.760,0.94275,0.94286,1.35,1.50
2013.01.28 14:58:00.880,0.94275,0.94286,1.35,1.50
2013.01.28 14:58:00.939,0.94275,0.94291,1.35,2.33
2013.01.28 14:58:01.000,0.94275,0.94291,1.35,2.85
2013.01.28 14:58:01.979,0.94271,0.94286,2.48,1.50
2013.01.28 14:58:05.261,0.94269,0.94285,1.13,1.50
2013.01.28 14:58:06.580,0.94269,0.94285,1.13,1.50
2013.01.28 14:58:07.591,0.94269,0.94284,1.13,1.50
2013.01.28 14:58:07.899,0.94268,0.9428,1.32,3.15
2013.01.28 14:58:07.960,0.94262,0.9428,2.73,3.15
2013.01.28 14:58:08.034,0.94262,0.9428,1.98,2.40
2013.01.28 14:58:08.099,0.94262,0.9428,1.35,2.63
2013.01.28 14:58:08.939,0.94262,0.9428,1.83,1.50
2013.01.28 14:58:09.772,0.94263,0.9428,1.73,1.50
2013.01.28 14:58:10.651,0.94263,0.94281,1.73,2.63
2013.01.28 14:58:12.609,0.94264,0.94281,2.11,1.13
2013.01.28 14:58:12.669,0.94264,0.94281,1.73,1.13
2013.01.28 14:58:13.239,0.94263,0.94281,1.73,1.35
2013.01.28 14:58:13.311,0.94263,0.94281,1.73,1.35
2013.01.28 14:58:14.010,0.94267,0.94282,1.50,1.35
2013.01.28 14:58:14.129,0.94268,0.94282,2.48,1.35
2013.01.28 14:58:14.250,0.94264,0.94279,1.73,1.73
2013.01.28 14:58:15.319,0.94261,0.94278,2.10,1.13
2013.01.28 14:58:15.872,0.94264,0.94281,1.35,1.88
2013.01.28 14:58:16.385,0.94264,0.94281,1.35,1.88
2013.01.28 14:58:17.499,0.94264,0.94282,1.13,3.98
2013.01.28 14:58:17.671,0.94264,0.94282,1.13,3.98
2013.01.28 14:58:21.950,0.94262,0.9428,2.10,1.73
2013.01.28 14:58:23.279,0.94262,0.94279,2.85,1.95
2013.01.28 14:58:23.810,0.94262,0.94278,1.88,2.48
2013.01.28 14:58:23.869,0.94262,0.94279,1.88,1.20
2013.01.28 14:58:24.380,0.94262,0.94278,2.10,2.48
2013.01.28 14:58:25.011,0.94262,0.94279,2.85,1.95
2013.01.28 14:58:25.549,0.94262,0.94279,2.85,1.95
2013.01.28 14:58:26.615,0.94262,0.94279,2.10,1.20
2013.01.28 14:58:26.954,0.94262,0.9428,2.10,2.85
2013.01.28 14:58:27.830,0.94262,0.94278,2.10,2.25
2013.01.28 14:58:27.891,0.94262,0.94278,2.10,2.25
2013.01.28 14:58:27.950,0.94262,0.94278,2.10,2.25
2013.01.28 14:58:28.010,0.94262,0.94279,2.85,1.73
2013.01.28 14:58:28.199,0.94262,0.94279,2.10,3.23
2013.01.28 14:58:28.260,0.94262,0.94279,2.85,1.13
2013.01.28 14:58:28.813,0.94262,0.94279,2.85,1.13
2013.01.28 14:58:28.881,0.94262,0.94279,2.10,2.63
2013.01.28 14:58:28.939,0.94262,0.9428,1.73,1.88
2013.01.28 14:58:30.104,0.94261,0.94278,1.95,1.50
2013.01.28 14:58:30.650,0.94259,0.94277,3.04,2.03
2013.01.28 14:58:30.710,0.94258,0.94274,2.10,1.50
2013.01.28 14:58:30.927,0.94258,0.94273,1.35,2.25
2013.01.28 14:58:31.410,0.94255,0.94273,3.23,1.88
2013.01.28 14:58:31.591,0.94255,0.94273,1.43,1.88
2013.01.28 14:58:32.170,0.94256,0.94273,3.23,1.13
2013.01.28 14:58:34.190,0.94257,0.94274,1.35,1.88
2013.01.28 14:58:34.760,0.94257,0.94273,1.35,2.25
2013.01.28 14:58:34.880,0.94256,0.94272,1.73,1.13
2013.01.28 14:58:42.410,0.94259,0.94273,2.48,1.50
2013.01.28 14:58:42.470,0.94259,0.94274,3.00,1.13
2013.01.28 14:58:42.829,0.94262,0.94275,1.38,1.50
2013.01.28 14:58:42.950,0.94262,0.94278,1.35,2.10
2013.01.28 14:58:43.310,0.94262,0.94278,1.35,1.50
2013.01.28 14:58:43.372,0.94264,0.94278,1.23,1.50
2013.01.28 14:58:43.759,0.94264,0.94282,2.73,3.00
2013.01.28 14:58:44.042,0.94264,0.94282,2.48,2.25
2013.01.28 14:58:44.229,0.94263,0.94281,1.73,1.13
2013.01.28 14:58:44.769,0.94262,0.94281,1.35,1.35
2013.01.28 14:58:45.290,0.94264,0.94282,3.38,1.73
2013.01.28 14:58:46.770,0.94264,0.94282,3.60,1.73
2013.01.28 14:58:47.609,0.94265,0.94282,1.73,1.73
2013.01.28 14:58:48.229,0.94265,0.94282,2.33,1.73
2013.01.28 14:58:48.890,0.94265,0.94282,1.73,1.73
2013.01.28 14:58:49.230,0.94265,0.94282,1.73,1.50
2013.01.28 14:58:50.224,0.94265,0.94282,1.73,1.73
2013.01.28 14:58:51.129,0.94266,0.94282,1.73,1.73
2013.01.28 14:58:51.659,0.94266,0.94282,1.73,1.50
2013.01.28 14:58:52.259,0.94266,0.94282,1.73,1.50
2013.01.28 14:58:52.561,0.94265,0.94282,1.73,1.73
2013.01.28 14:58:53.231,0.94266,0.94282,1.73,1.50
2013.01.28 14:58:53.469,0.94269,0.94287,1.73,5.10
2013.01.28 14:58:53.710,0.9427,0.94287,1.50,1.50
2013.01.28 14:58:53.890,0.9427,0.94287,1.50,1.50
2013.01.28 14:58:54.430,0.94268,0.9428,2.48,1.35
2013.01.28 14:58:54.740,0.94266,0.94278,1.50,3.75
2013.01.28 14:58:54.920,0.94262,0.94277,1.13,1.50
2013.01.28 14:58:55.641,0.94262,0.94278,1.13,3.00
2013.01.28 14:58:56.143,0.94262,0.94278,1.13,3.00
2013.01.28 14:58:59.860,0.94262,0.94278,1.35,2.25
2013.01.28 14:59:02.629,0.94261,0.94278,1.35,2.25
2013.01.28 14:59:03.009,0.94261,0.9428,2.10,2.70
2013.01.28 14:59:03.073,0.94261,0.9428,2.10,2.70
2013.01.28 14:59:04.710,0.94262,0.9428,1.35,3.23
2013.01.28 14:59:07.249,0.94263,0.94282,2.48,1.88
2013.01.28 14:59:09.004,0.94263,0.94282,2.48,1.13
2013.01.28 14:59:13.139,0.94263,0.94282,3.23,1.13
2013.01.28 14:59:13.620,0.94263,0.94282,3.23,1.13
2013.01.28 14:59:13.800,0.94268,0.94285,1.50,8.63
2013.01.28 14:59:13.859,0.94268,0.94285,1.73,1.13
2013.01.28 14:59:13.980,0.94268,0.94284,1.73,1.50
2013.01.28 14:59:14.039,0.94266,0.94282,1.35,1.50
2013.01.28 14:59:14.522,0.94266,0.94282,1.35,2.25
2013.01.28 14:59:16.071,0.94264,0.94282,2.85,2.63
2013.01.28 14:59:16.570,0.94264,0.94282,3.60,2.63
2013.01.28 14:59:17.021,0.94264,0.94274,2.25,1.13
2013.01.28 14:59:17.080,0.94264,0.94274,2.25,1.95
2013.01.28 14:59:17.260,0.94258,0.9427,1.88,1.73
2013.01.28 14:59:17.559,0.94258,0.94272,1.35,3.00
2013.01.28 14:59:18.189,0.94258,0.94272,1.13,2.63
2013.01.28 14:59:20.611,0.94257,0.94273,1.13,2.25
2013.01.28 14:59:21.169,0.94257,0.94272,1.13,1.50
2013.01.28 14:59:23.801,0.94264,0.94276,1.58,1.50
2013.01.28 14:59:24.110,0.94264,0.94283,1.95,6.38
2013.01.28 14:59:24.169,0.94264,0.94283,2.70,5.63
2013.01.28 14:59:24.290,0.94264,0.94283,2.48,5.85
2013.01.28 14:59:24.362,0.94264,0.94283,2.48,5.85
2013.01.28 14:59:24.705,0.94264,0.94283,2.48,5.85
2013.01.28 14:59:25.582,0.94268,0.94284,2.25,1.35
2013.01.28 14:59:25.891,0.94272,0.94283,1.50,2.48
2013.01.28 14:59:25.951,0.94272,0.94287,1.50,1.73
2013.01.28 14:59:26.310,0.94272,0.94291,1.50,1.98
2013.01.28 14:59:26.840,0.94273,0.94291,1.50,1.75
2013.01.28 14:59:27.151,0.94275,0.94293,1.50,1.35
2013.01.28 14:59:27.212,0.94274,0.94293,3.38,1.67
2013.01.28 14:59:27.569,0.94272,0.94289,1.13,1.32
2013.01.28 14:59:27.932,0.94274,0.94289,1.13,1.32
2013.01.28 14:59:28.455,0.94273,0.94288,1.13,1.09
2013.01.28 14:59:28.890,0.94272,0.94291,1.50,2.58
2013.01.28 14:59:29.210,0.94275,0.94291,1.50,2.58
2013.01.28 14:59:29.690,0.94275,0.94291,1.50,1.23
2013.01.28 14:59:30.244,0.94275,0.94291,1.50,1.23
2013.01.28 14:59:30.520,0.94275,0.94291,1.50,1.30
2013.01.28 14:59:30.871,0.94273,0.9429,1.50,2.85
2013.01.28 14:59:31.173,0.9427,0.94284,2.25,1.50
2013.01.28 14:59:31.499,0.9427,0.94284,2.25,1.50
2013.01.28 14:59:32.041,0.9427,0.94287,1.50,2.63
2013.01.28 14:59:32.590,0.9427,0.94287,1.50,2.63
2013.01.28 14:59:33.138,0.9427,0.94284,1.13,1.50
2013.01.28 14:59:33.653,0.9427,0.94285,1.13,1.50
2013.01.28 14:59:33.721,0.94267,0.94285,3.00,2.63
2013.01.28 14:59:33.842,0.94267,0.94282,1.50,3.00
2013.01.28 14:59:34.150,0.94265,0.94278,1.50,2.25
2013.01.28 14:59:34.330,0.94262,0.94278,1.13,1.50
2013.01.28 14:59:34.870,0.94262,0.94278,1.13,1.50
2013.01.28 14:59:34.991,0.9426,0.94277,1.88,3.15
2013.01.28 14:59:35.112,0.9426,0.94274,1.88,2.25
2013.01.28 14:59:35.800,0.94257,0.94274,1.13,1.88
2013.01.28 14:59:36.341,0.94259,0.94274,1.13,1.50
2013.01.28 14:59:37.021,0.94259,0.94276,1.88,1.13
2013.01.28 14:59:37.960,0.94262,0.94277,1.50,1.50
2013.01.28 14:59:38.272,0.94261,0.94274,1.50,1.65
2013.01.28 14:59:38.330,0.94259,0.94273,1.50,1.13
2013.01.28 14:59:38.631,0.94257,0.94272,1.50,3.00
2013.01.28 14:59:38.874,0.94257,0.9427,1.50,2.25
2013.01.28 14:59:39.701,0.94252,0.94269,1.13,2.25
2013.01.28 14:59:40.035,0.94256,0.94271,1.13,1.50
2013.01.28 14:59:40.584,0.94256,0.94272,1.13,1.50
2013.01.28 14:59:40.831,0.94255,0.94271,1.13,2.25
2013.01.28 14:59:41.391,0.94255,0.94271,1.13,2.25
2013.01.28 14:59:41.571,0.94257,0.94272,1.13,1.50
2013.01.28 14:59:42.631,0.94257,0.94274,1.13,3.00
2013.01.28 14:59:43.071,0.94257,0.94268,1.13,1.50
2013.01.28 14:59:43.140,0.94257,0.94268,1.13,1.50
2013.01.28 14:59:43.203,0.94257,0.94268,1.13,1.50
2013.01.28 14:59:43.270,0.94257,0.94271,1.13,1.50
2013.01.28 14:59:43.331,0.94255,0.94272,1.13,2.25
2013.01.28 14:59:43.570,0.94255,0.94272,1.88,1.50
2013.01.28 14:59:43.811,0.94255,0.94274,1.88,1.13
2013.01.28 14:59:43.881,0.94256,0.94277,1.50,2.40
2013.01.28 14:59:44.552,0.94258,0.94277,1.13,1.65
2013.01.28 14:59:44.930,0.94261,0.94278,1.13,3.53
2013.01.28 14:59:44.990,0.94261,0.94278,1.13,2.63
2013.01.28 14:59:45.290,0.94262,0.94277,1.50,1.50
2013.01.28 14:59:45.600,0.94256,0.94273,1.13,1.50
2013.01.28 14:59:45.961,0.94252,0.94269,1.13,1.88
2013.01.28 14:59:47.140,0.94252,0.94269,1.50,1.50
2013.01.28 14:59:47.629,0.94252,0.94269,1.50,1.50
2013.01.28 14:59:48.131,0.94252,0.94269,1.50,1.50
2013.01.28 14:59:48.826,0.94251,0.94269,1.88,1.50
2013.01.28 14:59:49.249,0.94251,0.9427,1.88,1.13
2013.01.28 14:59:49.309,0.94253,0.94273,1.50,3.75
2013.01.28 14:59:51.671,0.94263,0.94274,1.13,1.50
2013.01.28 14:59:51.910,0.94263,0.9428,1.13,2.25
2013.01.28 14:59:51.971,0.9426,0.94276,2.25,1.13
2013.01.28 14:59:52.042,0.94259,0.94276,3.75,1.13
2013.01.28 14:59:52.650,0.94256,0.94274,1.13,1.50
2013.01.28 14:59:52.710,0.94261,0.94276,1.50,2.25
2013.01.28 14:59:52.770,0.94261,0.94278,1.88,2.25
2013.01.28 14:59:53.010,0.94261,0.94281,1.13,6.75
2013.01.28 14:59:53.319,0.94264,0.94282,1.50,3.75
2013.01.28 14:59:53.632,0.94266,0.94285,1.13,1.50
2013.01.28 14:59:54.041,0.94266,0.94285,1.13,2.25
2013.01.28 14:59:54.220,0.94262,0.94283,1.13,1.50
2013.01.28 14:59:54.651,0.94262,0.94281,1.13,1.88
2013.01.28 14:59:55.717,0.94258,0.94279,1.13,7.50
2013.01.28 14:59:56.031,0.94266,0.94279,1.50,6.75
2013.01.28 14:59:56.162,0.94264,0.9428,1.50,1.88
2013.01.28 14:59:56.403,0.94264,0.94281,1.50,1.50
2013.01.28 14:59:56.770,0.94265,0.94283,2.25,1.13
2013.01.28 14:59:57.311,0.94262,0.9428,1.50,1.50
2013.01.28 14:59:57.910,0.94258,0.94276,1.13,1.50
2013.01.28 14:59:58.891,0.94258,0.94276,1.13,1.50
2013.01.28 14:59:59.019,0.94261,0.94279,1.13,2.25
2013.01.28 14:59:59.140,0.94262,0.9428,1.50,1.13
2013.01.28 14:59:59.542,0.94261,0.9428,1.13,1.13
