2008.02.15 05:00:00.318,0.97525,0.97565,3.80,0.20
2008.02.15 05:00:00.520,0.97525,0.97565,2.00,0.50
2008.02.15 05:00:00.616,0.97525,0.97565,0.50,0.50
2008.02.15 05:00:00.740,0.97525,0.97565,2.00,0.20
2008.02.15 05:00:01.213,0.97525,0.97565,1.20,0.20
2008.02.15 05:00:01.260,0.97525,0.9755,1.50,0.20
2008.02.15 05:00:01.384,0.9752,0.9755,2.20,0.20
2008.02.15 05:00:01.706,0.97515,0.9755,0.80,0.20
2008.02.15 05:00:01.855,0.97515,0.9755,2.30,0.20
2008.02.15 05:00:02.083,0.97515,0.9755,2.50,0.20
2008.02.15 05:00:02.403,0.97515,0.9755,0.80,0.20
2008.02.15 05:00:02.642,0.97515,0.9755,0.60,0.20
2008.02.15 05:00:03.326,0.97515,0.9755,2.50,0.20
2008.02.15 05:00:04.117,0.97515,0.9755,1.20,0.20
2008.02.15 05:00:04.270,0.97515,0.9755,1.40,0.20
2008.02.15 05:00:06.186,0.97515,0.9755,1.60,0.20
2008.02.15 05:00:06.326,0.97515,0.9755,1.30,0.50
2008.02.15 05:00:06.643,0.97515,0.9755,1.30,0.50
2008.02.15 05:00:06.765,0.97515,0.9755,1.00,0.50
2008.02.15 05:00:06.963,0.97515,0.97545,1.60,0.50
2008.02.15 05:00:07.156,0.97515,0.9756,7.10,0.20
2008.02.15 05:00:08.591,0.97515,0.9756,1.00,0.20
2008.02.15 05:00:11.736,0.97515,0.97565,13.50,7.30
2008.02.15 05:00:11.844,0.97515,0.97565,14.30,7.30
2008.02.15 05:00:12.149,0.97515,0.97565,14.30,7.30
2008.02.15 05:00:12.182,0.9752,0.97565,4.00,3.30
2008.02.15 05:00:12.670,0.9752,0.97565,4.00,3.30
2008.02.15 05:00:12.777,0.97525,0.97565,2.40,0.20
2008.02.15 05:00:12.971,0.9752,0.97565,4.00,3.30
2008.02.15 05:00:13.206,0.9752,0.97565,4.00,3.30
2008.02.15 05:00:13.400,0.9752,0.9755,4.00,0.20
2008.02.15 05:00:13.665,0.9752,0.9755,4.00,0.20
2008.02.15 05:00:14.654,0.97515,0.9755,2.40,0.20
2008.02.15 05:00:14.843,0.97525,0.9756,3.20,4.00
2008.02.15 05:00:14.952,0.97525,0.97565,3.20,0.20
2008.02.15 05:00:15.060,0.97525,0.97565,3.20,0.20
2008.02.15 05:00:15.844,0.97525,0.97565,3.20,0.20
2008.02.15 05:00:15.952,0.9752,0.9755,4.00,0.20
2008.02.15 05:00:16.151,0.97515,0.9755,4.80,0.20
2008.02.15 05:00:16.350,0.97525,0.9756,2.40,4.00
2008.02.15 05:00:16.549,0.97525,0.9756,3.20,4.00
2008.02.15 05:00:17.615,0.97525,0.9756,3.20,4.00
2008.02.15 05:00:17.774,0.97525,0.9756,3.20,0.20
2008.02.15 05:00:18.010,0.97515,0.9756,11.10,0.20
2008.02.15 05:00:18.419,0.97515,0.9756,11.10,0.20
2008.02.15 05:00:19.131,0.97515,0.9756,11.10,0.20
2008.02.15 05:00:19.421,0.97515,0.9756,11.10,0.20
2008.02.15 05:00:20.411,0.97515,0.9756,11.10,0.20
2008.02.15 05:00:21.565,0.9752,0.9756,4.00,0.50
2008.02.15 05:00:22.634,0.9752,0.9756,4.00,0.50
2008.02.15 05:00:22.893,0.97515,0.9756,13.50,0.50
2008.02.15 05:00:23.227,0.97525,0.9756,1.50,0.50
2008.02.15 05:00:23.876,0.97525,0.9756,1.50,0.50
2008.02.15 05:00:24.036,0.9753,0.97565,4.00,3.30
2008.02.15 05:00:24.326,0.9753,0.97565,4.00,3.30
2008.02.15 05:00:24.633,0.9753,0.97565,4.00,3.30
2008.02.15 05:00:24.867,0.9753,0.97565,4.00,0.80
2008.02.15 05:00:25.100,0.9753,0.9757,4.00,0.20
2008.02.15 05:00:26.027,0.9753,0.97575,4.00,6.50
2008.02.15 05:00:26.310,0.97535,0.97575,1.50,5.70
2008.02.15 05:00:26.444,0.97535,0.97575,5.50,5.70
2008.02.15 05:00:26.820,0.97535,0.97575,2.20,5.70
2008.02.15 05:00:26.953,0.97535,0.97575,1.50,5.70
2008.02.15 05:00:27.274,0.97535,0.97575,0.90,5.70
2008.02.15 05:00:27.407,0.97535,0.97575,0.70,3.30
2008.02.15 05:00:27.741,0.97535,0.97575,0.70,3.30
2008.02.15 05:00:27.964,0.9754,0.97575,1.30,5.70
2008.02.15 05:00:28.574,0.9754,0.97575,1.90,5.70
2008.02.15 05:00:28.758,0.9753,0.97575,0.90,5.70
2008.02.15 05:00:28.941,0.97535,0.97575,2.00,0.20
2008.02.15 05:00:30.374,0.97535,0.97575,1.80,0.20
2008.02.15 05:00:30.538,0.9753,0.97565,1.70,0.20
2008.02.15 05:00:30.748,0.9753,0.97565,1.70,0.20
2008.02.15 05:00:31.400,0.9753,0.97565,0.70,0.20
2008.02.15 05:00:31.566,0.9753,0.97565,1.70,0.20
2008.02.15 05:00:31.890,0.97535,0.97575,0.70,3.30
2008.02.15 05:00:32.155,0.97535,0.97575,2.30,3.30
2008.02.15 05:00:32.403,0.97535,0.97575,2.00,5.60
2008.02.15 05:00:32.652,0.97535,0.97575,0.80,5.70
2008.02.15 05:00:32.910,0.97535,0.97575,0.80,5.70
2008.02.15 05:00:33.195,0.97535,0.97575,1.50,2.50
2008.02.15 05:00:33.529,0.97535,0.97575,1.90,0.90
2008.02.15 05:00:33.714,0.97535,0.97575,1.90,3.30
2008.02.15 05:00:34.111,0.97535,0.97575,1.20,3.30
2008.02.15 05:00:34.403,0.97535,0.97575,1.60,5.70
2008.02.15 05:00:34.609,0.97535,0.97575,1.80,5.70
2008.02.15 05:00:34.809,0.97535,0.97575,0.70,3.30
2008.02.15 05:00:35.099,0.9753,0.97575,1.90,6.10
2008.02.15 05:00:35.451,0.9753,0.9757,1.60,0.20
2008.02.15 05:00:35.940,0.9753,0.9757,0.70,0.20
2008.02.15 05:00:36.188,0.97535,0.9758,1.10,4.10
2008.02.15 05:00:36.673,0.97535,0.9758,1.50,4.10
2008.02.15 05:00:37.325,0.9754,0.9758,2.20,0.20
2008.02.15 05:00:37.629,0.9754,0.9758,1.70,0.20
2008.02.15 05:00:37.828,0.9754,0.9758,1.00,0.20
2008.02.15 05:00:38.473,0.9754,0.9758,1.50,0.20
2008.02.15 05:00:38.886,0.9754,0.9758,0.70,0.20
2008.02.15 05:00:39.098,0.9754,0.97585,1.60,4.10
2008.02.15 05:00:39.457,0.9754,0.97585,1.80,4.10
2008.02.15 05:00:39.838,0.9754,0.9758,0.50,0.20
2008.02.15 05:00:41.123,0.9754,0.9758,1.40,0.20
2008.02.15 05:00:41.266,0.9754,0.9757,1.10,0.20
2008.02.15 05:00:41.411,0.97535,0.9757,0.50,0.20
2008.02.15 05:00:41.655,0.97535,0.9757,2.00,0.20
2008.02.15 05:00:41.836,0.97535,0.9757,1.60,0.20
2008.02.15 05:00:41.976,0.9753,0.9757,1.90,0.20
2008.02.15 05:00:43.318,0.9753,0.9757,1.70,0.20
2008.02.15 05:00:46.257,0.9753,0.97565,1.50,0.20
2008.02.15 05:00:46.411,0.9753,0.97565,0.70,0.20
2008.02.15 05:00:46.575,0.9753,0.97565,0.70,0.20
2008.02.15 05:00:46.729,0.9753,0.9757,2.20,0.20
2008.02.15 05:00:46.935,0.9753,0.9757,1.10,0.20
2008.02.15 05:00:47.453,0.9753,0.9757,1.00,0.20
2008.02.15 05:00:48.597,0.9754,0.9757,0.30,0.40
2008.02.15 05:00:48.730,0.9754,0.9757,0.30,0.40
2008.02.15 05:00:49.657,0.9753,0.9757,2.40,0.40
2008.02.15 05:00:49.880,0.9753,0.97565,1.30,3.30
2008.02.15 05:00:50.103,0.9753,0.97565,0.30,3.30
2008.02.15 05:00:51.927,0.9753,0.97565,0.30,3.30
2008.02.15 05:00:52.129,0.9753,0.97565,0.30,3.30
2008.02.15 05:00:52.825,0.9753,0.97565,0.30,3.30
2008.02.15 05:00:52.959,0.9753,0.97565,0.30,0.20
2008.02.15 05:00:53.150,0.9753,0.97565,0.30,0.20
2008.02.15 05:00:54.315,0.9753,0.97565,0.30,0.20
2008.02.15 05:00:54.568,0.9753,0.9756,0.30,0.20
2008.02.15 05:00:54.828,0.9753,0.9756,0.30,0.20
2008.02.15 05:00:55.189,0.9753,0.9756,0.30,0.20
2008.02.15 05:00:55.648,0.9753,0.9756,0.30,0.20
2008.02.15 05:00:56.271,0.9753,0.9756,0.30,0.20
2008.02.15 05:00:56.506,0.9752,0.97555,1.60,0.20
2008.02.15 05:00:56.827,0.9752,0.9756,0.60,0.20
2008.02.15 05:00:56.936,0.9752,0.9755,0.90,0.50
2008.02.15 05:00:57.051,0.9752,0.9755,0.90,0.50
2008.02.15 05:00:57.159,0.9752,0.9756,0.90,0.20
2008.02.15 05:00:57.318,0.9752,0.9756,1.80,0.20
2008.02.15 05:00:57.427,0.9752,0.97555,0.90,3.30
2008.02.15 05:00:57.586,0.9752,0.97555,0.30,3.30
2008.02.15 05:00:58.109,0.9752,0.97555,0.30,3.30
2008.02.15 05:00:58.496,0.9752,0.97555,0.30,3.30
2008.02.15 05:00:59.333,0.9752,0.9755,0.30,0.20
2008.02.15 05:00:59.459,0.9752,0.9755,0.30,0.20
2008.02.15 05:00:59.606,0.9752,0.9755,0.30,0.20
2008.02.15 05:00:59.867,0.9752,0.9755,0.30,0.20
2008.02.15 05:01:01.387,0.9752,0.9754,0.30,0.20
2008.02.15 05:01:01.567,0.9751,0.9754,0.30,0.40
2008.02.15 05:01:01.933,0.9751,0.9754,0.30,0.40
2008.02.15 05:01:02.051,0.9751,0.9754,0.30,0.20
2008.02.15 05:01:02.182,0.9751,0.9754,0.30,0.20
2008.02.15 05:01:02.501,0.9751,0.9754,0.30,0.20
2008.02.15 05:01:02.618,0.9751,0.9754,0.30,0.20
2008.02.15 05:01:03.159,0.9751,0.9754,0.30,0.20
2008.02.15 05:01:03.462,0.9751,0.9754,0.30,0.40
2008.02.15 05:01:03.866,0.9751,0.9754,0.30,0.40
2008.02.15 05:01:03.975,0.9751,0.9754,0.30,0.40
2008.02.15 05:01:04.471,0.9751,0.9754,0.30,0.40
2008.02.15 05:01:04.621,0.9751,0.9754,0.30,0.40
2008.02.15 05:01:05.343,0.9751,0.9754,0.30,0.40
2008.02.15 05:01:05.517,0.9752,0.97555,0.30,9.70
2008.02.15 05:01:05.868,0.9752,0.9755,0.30,0.50
2008.02.15 05:01:06.076,0.9751,0.9755,2.20,0.50
2008.02.15 05:01:06.603,0.9751,0.9755,0.90,0.50
2008.02.15 05:01:07.118,0.9751,0.9755,1.90,0.50
2008.02.15 05:01:07.355,0.9751,0.97545,0.30,0.80
2008.02.15 05:01:07.632,0.9752,0.9755,0.30,0.50
2008.02.15 05:01:07.865,0.9752,0.9755,0.30,0.20
2008.02.15 05:01:08.094,0.9751,0.9755,1.20,0.20
2008.02.15 05:01:08.490,0.9751,0.9755,0.50,0.20
2008.02.15 05:01:08.718,0.97515,0.9755,1.00,0.20
2008.02.15 05:01:08.976,0.97515,0.9755,1.60,0.20
2008.02.15 05:01:09.243,0.9752,0.9755,0.30,0.20
2008.02.15 05:01:09.701,0.9752,0.9755,0.30,0.20
2008.02.15 05:01:10.885,0.9752,0.9755,0.30,0.20
2008.02.15 05:01:11.131,0.97515,0.9755,1.80,0.20
2008.02.15 05:01:11.275,0.9751,0.9755,2.50,0.20
2008.02.15 05:01:11.419,0.97515,0.97555,1.60,0.20
2008.02.15 05:01:11.584,0.97515,0.97555,3.00,0.20
2008.02.15 05:01:11.997,0.97515,0.97555,1.00,0.20
2008.02.15 05:01:12.305,0.9752,0.9755,0.30,0.20
2008.02.15 05:01:12.473,0.97515,0.9755,1.50,0.20
2008.02.15 05:01:12.708,0.9751,0.9755,2.00,0.20
2008.02.15 05:01:13.426,0.9751,0.97555,0.90,3.30
2008.02.15 05:01:13.590,0.97515,0.97555,0.80,3.30
2008.02.15 05:01:14.043,0.97515,0.97555,2.80,3.30
2008.02.15 05:01:14.230,0.9752,0.97555,0.30,3.30
2008.02.15 05:01:14.433,0.9752,0.97555,0.30,0.20
2008.02.15 05:01:15.093,0.9752,0.97555,0.70,0.20
2008.02.15 05:01:15.600,0.9752,0.97555,0.60,0.20
2008.02.15 05:01:17.428,0.9752,0.97555,0.70,2.50
2008.02.15 05:01:18.563,0.9752,0.97555,1.80,3.30
2008.02.15 05:01:20.640,0.9752,0.97555,4.20,3.30
2008.02.15 05:01:20.869,0.9752,0.9755,4.00,0.20
2008.02.15 05:01:21.099,0.9752,0.9755,4.00,0.20
2008.02.15 05:01:21.399,0.97515,0.9755,4.00,0.20
2008.02.15 05:01:21.561,0.97515,0.9755,4.00,0.20
2008.02.15 05:01:21.876,0.97515,0.9755,4.00,0.20
2008.02.15 05:01:22.303,0.9751,0.9755,4.20,0.20
2008.02.15 05:01:22.946,0.9751,0.9755,4.20,0.20
2008.02.15 05:01:23.046,0.9751,0.97545,4.20,0.20
2008.02.15 05:01:23.457,0.9751,0.97545,4.20,0.20
2008.02.15 05:01:23.900,0.9751,0.97545,4.20,0.20
2008.02.15 05:01:24.055,0.9752,0.9755,0.30,0.50
2008.02.15 05:01:24.283,0.9752,0.9755,4.00,0.50
2008.02.15 05:01:24.436,0.9752,0.9755,4.00,0.20
2008.02.15 05:01:24.841,0.9752,0.9755,4.00,0.20
2008.02.15 05:01:26.059,0.9752,0.9755,4.00,0.20
2008.02.15 05:01:26.951,0.9752,0.9755,4.00,0.20
2008.02.15 05:01:28.196,0.97525,0.9755,0.80,0.20
2008.02.15 05:01:28.379,0.97515,0.9755,4.00,0.20
2008.02.15 05:01:28.482,0.97525,0.97555,1.60,0.80
2008.02.15 05:01:28.589,0.97525,0.97565,1.60,7.30
2008.02.15 05:01:28.869,0.97525,0.97565,5.60,3.30
2008.02.15 05:01:29.048,0.97525,0.9756,4.00,0.20
2008.02.15 05:01:29.330,0.97525,0.9756,4.00,0.20
2008.02.15 05:01:29.550,0.97525,0.97545,4.00,0.20
2008.02.15 05:01:29.730,0.97515,0.97545,2.40,0.20
2008.02.15 05:01:29.958,0.97515,0.97555,3.20,1.70
2008.02.15 05:01:30.260,0.97525,0.9756,4.00,0.50
2008.02.15 05:01:30.490,0.97525,0.97565,4.00,0.20
2008.02.15 05:01:30.718,0.97525,0.97565,8.00,0.20
2008.02.15 05:01:30.947,0.9753,0.97565,4.00,0.20
2008.02.15 05:01:31.293,0.9753,0.97565,4.00,0.20
2008.02.15 05:01:31.522,0.9753,0.97575,4.20,0.20
2008.02.15 05:01:31.788,0.97535,0.97575,4.00,0.20
2008.02.15 05:01:31.933,0.97535,0.9757,4.00,0.20
2008.02.15 05:01:32.312,0.97535,0.9757,4.00,0.20
2008.02.15 05:01:32.415,0.97535,0.9757,4.00,0.20
2008.02.15 05:01:32.578,0.97535,0.97575,4.00,0.20
2008.02.15 05:01:32.730,0.97535,0.97575,4.00,0.20
2008.02.15 05:01:33.118,0.97535,0.97575,4.00,0.20
2008.02.15 05:01:34.535,0.97535,0.97575,4.00,0.20
2008.02.15 05:01:34.632,0.97535,0.97575,4.00,0.20
2008.02.15 05:01:35.647,0.97535,0.97575,4.00,0.20
2008.02.15 05:01:36.382,0.97535,0.9757,4.00,0.20
2008.02.15 05:01:36.547,0.97535,0.9757,4.00,0.20
2008.02.15 05:01:36.710,0.9753,0.97565,4.20,0.50
2008.02.15 05:01:36.894,0.9753,0.9757,4.20,0.20
2008.02.15 05:01:37.099,0.9753,0.9757,4.20,0.50
2008.02.15 05:01:37.312,0.9753,0.9757,4.20,0.20
2008.02.15 05:01:37.528,0.9753,0.9757,4.20,0.20
2008.02.15 05:01:37.681,0.9753,0.9757,4.20,0.20
2008.02.15 05:01:38.816,0.9753,0.9757,4.20,0.20
2008.02.15 05:01:39.057,0.9753,0.97565,4.20,0.50
2008.02.15 05:01:41.121,0.9753,0.9757,4.20,0.20
2008.02.15 05:01:43.272,0.9753,0.9757,4.20,0.20
2008.02.15 05:01:44.955,0.9753,0.97565,4.20,0.20
2008.02.15 05:01:45.065,0.9753,0.97565,4.20,0.20
2008.02.15 05:01:45.408,0.9753,0.97565,0.30,0.20
2008.02.15 05:01:45.604,0.9753,0.97565,0.30,0.20
2008.02.15 05:01:47.367,0.9753,0.9757,0.30,0.40
2008.02.15 05:01:47.496,0.9753,0.9757,0.30,0.40
2008.02.15 05:01:47.694,0.9753,0.9757,4.20,0.40
2008.02.15 05:01:47.892,0.9753,0.9755,4.20,0.20
2008.02.15 05:01:48.092,0.97525,0.9755,0.80,0.40
2008.02.15 05:01:48.329,0.9752,0.9755,0.30,0.40
2008.02.15 05:01:48.591,0.9752,0.9755,0.30,0.40
2008.02.15 05:01:48.985,0.9752,0.9755,0.30,0.40
2008.02.15 05:01:49.158,0.9752,0.9755,0.30,0.40
2008.02.15 05:01:49.441,0.9752,0.9755,0.30,0.40
2008.02.15 05:01:49.747,0.9752,0.9755,0.30,0.40
2008.02.15 05:01:50.365,0.9752,0.9755,0.30,0.20
2008.02.15 05:01:50.639,0.9752,0.97555,4.20,0.50
2008.02.15 05:01:50.875,0.9752,0.97555,4.20,0.50
2008.02.15 05:01:51.054,0.97535,0.97555,0.80,0.60
2008.02.15 05:01:51.083,0.97535,0.97555,0.80,0.60
2008.02.15 05:01:51.189,0.97535,0.97565,0.80,0.90
2008.02.15 05:01:51.363,0.97535,0.97565,0.80,0.20
2008.02.15 05:01:51.466,0.97535,0.9757,7.20,0.50
2008.02.15 05:01:51.569,0.97535,0.9757,9.60,0.50
2008.02.15 05:01:51.674,0.97535,0.9757,11.20,0.50
2008.02.15 05:01:52.027,0.9754,0.97575,0.30,0.20
2008.02.15 05:01:52.476,0.9754,0.97575,0.30,0.20
2008.02.15 05:01:52.827,0.9754,0.97575,0.30,0.20
2008.02.15 05:01:52.991,0.9754,0.9757,0.30,0.20
2008.02.15 05:01:53.150,0.9754,0.9757,0.30,0.20
2008.02.15 05:01:53.338,0.9754,0.9757,0.30,0.20
2008.02.15 05:01:53.496,0.9754,0.9757,0.30,0.40
2008.02.15 05:01:54.818,0.9754,0.9757,0.30,0.40
2008.02.15 05:01:54.912,0.9754,0.97565,0.30,0.50
2008.02.15 05:01:55.534,0.9754,0.97565,0.30,0.50
2008.02.15 05:01:55.628,0.9754,0.9757,0.30,0.40
2008.02.15 05:01:55.845,0.9754,0.9757,0.30,0.40
2008.02.15 05:01:59.423,0.9754,0.9757,0.30,0.70
2008.02.15 05:01:59.592,0.97535,0.9756,0.80,0.70
2008.02.15 05:01:59.784,0.97535,0.9756,0.80,0.70
2008.02.15 05:02:00.046,0.97535,0.9756,0.80,0.70
2008.02.15 05:02:00.349,0.97535,0.9756,0.80,0.70
2008.02.15 05:02:00.751,0.9753,0.9756,0.30,0.70
2008.02.15 05:02:01.056,0.9753,0.9756,0.30,0.40
2008.02.15 05:02:01.382,0.9753,0.9756,0.30,0.40
2008.02.15 05:02:02.417,0.9753,0.9756,0.30,0.40
2008.02.15 05:02:03.028,0.9753,0.9756,0.30,0.40
2008.02.15 05:02:05.530,0.9753,0.9756,0.30,0.40
2008.02.15 05:02:06.643,0.9753,0.9756,0.30,0.40
2008.02.15 05:02:07.855,0.9753,0.97555,0.30,0.20
2008.02.15 05:02:08.113,0.9752,0.97555,4.20,3.30
2008.02.15 05:02:08.203,0.9752,0.97555,0.30,3.30
2008.02.15 05:02:09.650,0.9752,0.97555,0.30,0.60
2008.02.15 05:02:11.436,0.9752,0.97555,0.30,0.60
2008.02.15 05:02:15.761,0.9752,0.97555,0.30,0.60
2008.02.15 05:02:15.895,0.9752,0.97555,0.30,0.60
2008.02.15 05:02:16.101,0.9752,0.9755,0.30,0.20
2008.02.15 05:02:16.234,0.9752,0.9755,0.30,0.40
2008.02.15 05:02:19.242,0.9752,0.9755,0.30,0.40
2008.02.15 05:02:19.292,0.9752,0.9755,0.30,0.40
2008.02.15 05:02:19.982,0.9752,0.9755,0.30,0.40
2008.02.15 05:02:20.025,0.9752,0.9756,0.30,0.40
2008.02.15 05:02:20.130,0.9752,0.9756,0.30,0.40
2008.02.15 05:02:20.340,0.9752,0.9756,0.30,0.40
2008.02.15 05:02:21.367,0.9752,0.9756,0.30,0.40
2008.02.15 05:02:21.586,0.9752,0.9756,0.30,0.40
2008.02.15 05:02:22.971,0.9752,0.9755,0.30,0.20
2008.02.15 05:02:23.309,0.9752,0.9755,0.30,0.20
2008.02.15 05:02:23.503,0.9752,0.9755,0.30,0.20
2008.02.15 05:02:23.597,0.9752,0.9756,0.30,0.70
2008.02.15 05:02:23.749,0.9752,0.97555,0.30,0.50
2008.02.15 05:02:24.952,0.9752,0.97555,0.30,0.50
2008.02.15 05:02:25.481,0.9752,0.97555,0.30,0.50
2008.02.15 05:02:25.620,0.9752,0.9756,4.20,0.50
2008.02.15 05:02:26.077,0.9752,0.9756,4.20,0.50
2008.02.15 05:02:26.216,0.9753,0.9756,0.30,0.50
2008.02.15 05:02:27.224,0.9753,0.9756,0.30,0.50
2008.02.15 05:02:27.732,0.9753,0.9756,0.30,0.50
2008.02.15 05:02:28.559,0.9753,0.9756,0.30,0.50
2008.02.15 05:02:28.852,0.9753,0.9756,0.30,0.50
2008.02.15 05:02:30.444,0.9753,0.9756,0.30,0.50
2008.02.15 05:02:30.599,0.9753,0.9756,0.30,0.50
2008.02.15 05:02:30.725,0.9752,0.9756,4.20,0.50
2008.02.15 05:02:31.408,0.9752,0.9756,0.30,0.50
2008.02.15 05:02:39.444,0.9752,0.9756,0.30,0.50
2008.02.15 05:02:41.275,0.9752,0.9756,0.30,0.40
2008.02.15 05:02:41.556,0.9752,0.97555,0.30,0.50
2008.02.15 05:02:41.688,0.97515,0.97555,8.80,0.50
2008.02.15 05:02:42.376,0.97515,0.97555,7.20,0.20
2008.02.15 05:02:44.673,0.97515,0.97535,3.20,0.50
2008.02.15 05:02:46.119,0.97515,0.97535,3.20,0.50
2008.02.15 05:02:46.436,0.97515,0.97535,9.60,0.50
2008.02.15 05:02:46.588,0.97515,0.97535,9.60,0.50
2008.02.15 05:02:46.767,0.9752,0.9756,0.30,0.40
2008.02.15 05:02:47.089,0.9752,0.9756,0.30,0.40
2008.02.15 05:02:47.293,0.9752,0.9756,0.30,0.40
2008.02.15 05:02:48.310,0.9752,0.9756,0.30,0.40
2008.02.15 05:02:51.452,0.9752,0.9756,0.30,0.40
2008.02.15 05:02:53.331,0.9752,0.9756,0.30,0.40
2008.02.15 05:02:54.131,0.9752,0.9756,0.30,0.40
2008.02.15 05:02:54.358,0.9752,0.9756,0.30,0.40
2008.02.15 05:02:54.486,0.9752,0.9756,0.30,0.40
2008.02.15 05:02:54.672,0.9752,0.9756,0.30,0.40
2008.02.15 05:02:54.802,0.9752,0.9756,0.30,0.20
2008.02.15 05:02:55.041,0.9752,0.97545,1.30,0.20
2008.02.15 05:02:55.204,0.9752,0.97545,1.70,2.50
2008.02.15 05:02:55.367,0.9752,0.97545,1.80,2.50
2008.02.15 05:02:55.621,0.9752,0.97545,0.50,2.50
2008.02.15 05:02:55.784,0.9751,0.97545,1.60,2.50
2008.02.15 05:02:56.599,0.9751,0.97545,1.70,2.50
2008.02.15 05:02:56.827,0.97515,0.9754,1.00,0.20
2008.02.15 05:02:57.057,0.97515,0.9754,0.50,0.50
2008.02.15 05:02:57.438,0.97515,0.97545,1.00,0.20
2008.02.15 05:02:58.561,0.97515,0.97545,1.60,0.20
2008.02.15 05:02:58.740,0.9752,0.97555,0.30,3.30
2008.02.15 05:02:58.919,0.9752,0.97545,1.00,0.50
2008.02.15 05:02:59.099,0.9752,0.97545,1.50,0.50
2008.02.15 05:02:59.286,0.9752,0.9756,1.60,0.20
2008.02.15 05:02:59.486,0.9752,0.9756,1.70,0.20
2008.02.15 05:02:59.711,0.9752,0.9756,2.30,0.20
2008.02.15 05:02:59.899,0.9752,0.9756,1.30,0.50
2008.02.15 05:03:00.453,0.9752,0.9756,0.70,0.50
2008.02.15 05:03:00.606,0.9752,0.97545,2.40,0.50
2008.02.15 05:03:01.050,0.9752,0.97545,0.90,0.50
2008.02.15 05:03:01.203,0.9752,0.9756,0.90,0.50
2008.02.15 05:03:01.755,0.9752,0.9756,1.10,0.50
2008.02.15 05:03:03.039,0.9752,0.97555,1.30,0.20
2008.02.15 05:03:03.219,0.9752,0.97555,0.90,0.20
2008.02.15 05:03:03.227,0.9752,0.97555,0.90,0.20
2008.02.15 05:03:04.176,0.9752,0.97555,1.00,0.20
2008.02.15 05:03:04.404,0.97515,0.97555,1.10,0.20
2008.02.15 05:03:04.693,0.97515,0.97555,2.20,0.20
2008.02.15 05:03:04.892,0.97515,0.97555,2.00,0.20
2008.02.15 05:03:05.045,0.9752,0.97555,0.60,0.20
2008.02.15 05:03:05.943,0.9752,0.97555,0.80,0.20
2008.02.15 05:03:06.268,0.97525,0.97565,4.40,0.20
2008.02.15 05:03:06.592,0.9753,0.97565,0.30,0.20
2008.02.15 05:03:07.798,0.9753,0.97565,0.30,0.20
2008.02.15 05:03:08.164,0.9753,0.97565,0.30,0.20
2008.02.15 05:03:11.218,0.9753,0.97565,0.30,0.20
2008.02.15 05:03:11.328,0.9753,0.97565,0.30,0.20
2008.02.15 05:03:11.955,0.9753,0.97565,0.30,0.20
2008.02.15 05:03:15.606,0.9753,0.97565,0.30,0.20
2008.02.15 05:03:15.757,0.9753,0.97555,0.30,0.20
2008.02.15 05:03:15.845,0.97525,0.97555,3.00,0.20
2008.02.15 05:03:15.935,0.97525,0.97555,0.60,0.20
2008.02.15 05:03:16.194,0.97525,0.9756,1.80,0.20
2008.02.15 05:03:16.707,0.97525,0.9756,1.80,0.20
2008.02.15 05:03:16.994,0.97525,0.9756,1.00,0.20
2008.02.15 05:03:17.148,0.97525,0.9756,2.00,0.20
2008.02.15 05:03:17.302,0.97525,0.9756,3.30,0.20
2008.02.15 05:03:17.557,0.97525,0.9756,4.00,0.20
2008.02.15 05:03:18.387,0.97525,0.9756,0.90,0.20
2008.02.15 05:03:18.593,0.97525,0.9756,1.30,0.20
2008.02.15 05:03:18.859,0.97525,0.9756,1.90,0.20
2008.02.15 05:03:19.100,0.97525,0.9756,1.60,0.20
2008.02.15 05:03:21.062,0.97525,0.9756,3.20,0.20
2008.02.15 05:03:21.185,0.9752,0.9756,4.20,0.20
2008.02.15 05:03:24.717,0.9752,0.9756,4.20,0.20
2008.02.15 05:03:28.067,0.9752,0.9756,4.20,0.20
2008.02.15 05:03:28.301,0.9752,0.97555,0.30,0.20
2008.02.15 05:03:28.651,0.9752,0.97555,0.30,0.20
2008.02.15 05:03:29.065,0.9752,0.97555,0.30,0.20
2008.02.15 05:03:29.244,0.9752,0.97545,4.00,0.20
2008.02.15 05:03:29.422,0.9751,0.97545,0.30,0.20
2008.02.15 05:03:29.632,0.9751,0.97545,4.20,0.20
2008.02.15 05:03:30.255,0.9751,0.97545,4.20,0.20
2008.02.15 05:03:31.017,0.9751,0.97545,4.20,0.50
2008.02.15 05:03:32.244,0.9751,0.97545,4.20,0.50
2008.02.15 05:03:32.426,0.9751,0.97545,4.20,0.20
2008.02.15 05:03:32.651,0.9751,0.97545,4.20,0.20
2008.02.15 05:03:32.814,0.97515,0.97545,2.40,0.20
2008.02.15 05:03:32.916,0.97515,0.97545,2.40,0.20
2008.02.15 05:03:33.048,0.97515,0.97545,2.40,0.20
2008.02.15 05:03:33.190,0.9752,0.97545,0.30,0.20
2008.02.15 05:03:33.292,0.9752,0.97545,0.30,0.20
2008.02.15 05:03:33.478,0.9752,0.97545,0.30,0.20
2008.02.15 05:03:33.616,0.9752,0.97545,0.30,0.20
2008.02.15 05:03:35.094,0.9752,0.9755,0.30,0.20
2008.02.15 05:03:35.319,0.9752,0.9755,0.30,0.20
2008.02.15 05:03:35.397,0.9752,0.97555,0.30,3.30
2008.02.15 05:03:35.911,0.9752,0.97555,0.30,3.30
2008.02.15 05:03:36.194,0.9752,0.97555,0.30,3.30
2008.02.15 05:03:36.816,0.9752,0.97555,0.30,3.30
2008.02.15 05:03:37.183,0.9752,0.9755,0.30,0.20
2008.02.15 05:03:37.307,0.97515,0.9755,6.40,0.20
2008.02.15 05:03:37.430,0.9751,0.9755,4.20,0.20
2008.02.15 05:03:37.606,0.9751,0.97545,4.20,0.20
2008.02.15 05:03:37.733,0.9751,0.97545,4.20,0.20
2008.02.15 05:03:38.195,0.9751,0.97545,4.20,0.20
2008.02.15 05:03:38.433,0.9751,0.97545,4.20,0.20
2008.02.15 05:03:40.884,0.9751,0.97545,4.20,0.20
2008.02.15 05:03:42.523,0.9751,0.97545,4.20,0.50
2008.02.15 05:03:42.628,0.9751,0.97545,4.20,0.50
2008.02.15 05:03:44.140,0.9751,0.97545,4.20,0.50
2008.02.15 05:03:44.278,0.9751,0.9755,4.20,0.20
2008.02.15 05:03:44.479,0.9751,0.9755,4.20,0.20
2008.02.15 05:03:44.731,0.9751,0.9755,4.20,0.20
2008.02.15 05:03:48.897,0.9751,0.9755,4.20,0.20
2008.02.15 05:03:49.103,0.9751,0.9755,0.30,0.20
2008.02.15 05:03:49.212,0.9751,0.9754,0.30,0.20
2008.02.15 05:03:49.411,0.9751,0.9754,0.30,0.20
2008.02.15 05:03:49.556,0.9751,0.9754,0.30,0.20
2008.02.15 05:03:49.892,0.9751,0.9754,0.30,0.20
2008.02.15 05:03:50.166,0.9751,0.9754,0.30,0.40
2008.02.15 05:03:50.439,0.9751,0.9754,0.30,0.40
2008.02.15 05:03:51.226,0.9751,0.9754,0.30,0.40
2008.02.15 05:03:51.456,0.9751,0.97545,0.30,0.20
2008.02.15 05:03:52.367,0.9751,0.97545,0.30,0.20
2008.02.15 05:03:52.641,0.9751,0.97545,0.30,0.50
2008.02.15 05:03:52.914,0.9751,0.97545,0.30,0.50
2008.02.15 05:03:53.393,0.9751,0.9755,0.30,0.20
2008.02.15 05:03:53.666,0.9751,0.9755,4.20,0.20
2008.02.15 05:03:53.845,0.9751,0.97545,4.20,0.50
2008.02.15 05:03:54.098,0.97515,0.97545,2.40,0.50
2008.02.15 05:03:54.338,0.97515,0.97545,2.40,0.50
2008.02.15 05:03:54.517,0.9752,0.97555,0.30,0.50
2008.02.15 05:03:56.592,0.9752,0.97555,0.30,0.60
2008.02.15 05:03:57.100,0.9752,0.97555,0.30,0.50
2008.02.15 05:03:58.472,0.9752,0.97555,0.30,0.50
2008.02.15 05:03:59.235,0.9752,0.97555,0.30,0.50
2008.02.15 05:04:02.282,0.9752,0.97555,0.30,0.50
2008.02.15 05:04:03.413,0.9752,0.97555,0.30,0.50
2008.02.15 05:04:03.640,0.9752,0.97555,0.30,0.50
2008.02.15 05:04:03.829,0.9752,0.97555,0.30,0.50
2008.02.15 05:04:04.136,0.9752,0.97555,4.20,0.50
2008.02.15 05:04:04.445,0.9752,0.9756,4.20,0.40
2008.02.15 05:04:05.180,0.9752,0.9756,4.20,0.40
2008.02.15 05:04:05.959,0.9752,0.97545,4.20,0.50
2008.02.15 05:04:06.320,0.9752,0.97545,4.20,0.50
2008.02.15 05:04:06.647,0.9752,0.97545,4.20,0.50
2008.02.15 05:04:06.841,0.9752,0.97545,4.20,0.50
2008.02.15 05:04:07.035,0.9752,0.97545,4.20,0.10
2008.02.15 05:04:07.712,0.9752,0.97545,0.30,0.10
2008.02.15 05:04:07.928,0.9752,0.97545,0.30,0.10
2008.02.15 05:04:08.116,0.9752,0.9755,0.30,0.20
2008.02.15 05:04:08.306,0.9752,0.9755,0.30,0.20
2008.02.15 05:04:08.500,0.9752,0.9755,0.30,0.50
2008.02.15 05:04:08.819,0.9752,0.9755,0.30,0.50
2008.02.15 05:04:09.667,0.9752,0.9755,0.30,0.50
2008.02.15 05:04:09.849,0.9752,0.9756,4.20,0.40
2008.02.15 05:04:10.103,0.9752,0.9756,4.20,0.40
2008.02.15 05:04:11.108,0.9752,0.9756,4.20,0.40
2008.02.15 05:04:11.296,0.9752,0.97555,0.30,0.20
2008.02.15 05:04:12.660,0.9752,0.97555,0.30,0.20
2008.02.15 05:04:12.869,0.9752,0.9756,0.30,0.40
2008.02.15 05:04:13.093,0.9752,0.9756,0.30,0.40
2008.02.15 05:04:13.303,0.9752,0.9756,4.20,0.40
2008.02.15 05:04:13.599,0.9753,0.9756,0.30,0.40
2008.02.15 05:04:14.339,0.9753,0.9756,0.30,0.40
2008.02.15 05:04:15.178,0.9753,0.97555,0.30,0.20
2008.02.15 05:04:15.371,0.9752,0.97555,0.30,0.20
2008.02.15 05:04:15.702,0.9752,0.97555,0.30,0.20
2008.02.15 05:04:16.327,0.9752,0.97555,0.30,0.20
2008.02.15 05:04:16.915,0.9752,0.97555,0.30,0.20
2008.02.15 05:04:18.089,0.9752,0.97555,0.30,0.20
2008.02.15 05:04:18.685,0.9752,0.97555,0.30,0.20
2008.02.15 05:04:18.816,0.9752,0.97555,0.30,0.20
2008.02.15 05:04:18.898,0.9752,0.97555,0.30,0.20
2008.02.15 05:04:19.817,0.9752,0.97555,0.30,0.20
2008.02.15 05:04:20.345,0.9752,0.97555,0.30,0.20
2008.02.15 05:04:22.599,0.9752,0.97555,0.30,0.20
2008.02.15 05:04:28.908,0.9752,0.97555,0.30,0.20
2008.02.15 05:04:29.163,0.9752,0.97555,0.30,0.20
2008.02.15 05:04:29.277,0.9752,0.9756,0.30,0.40
2008.02.15 05:04:29.743,0.9753,0.9756,0.30,0.40
2008.02.15 05:04:31.334,0.9753,0.9756,0.30,0.20
2008.02.15 05:04:31.850,0.9753,0.9756,0.30,0.20
2008.02.15 05:04:32.162,0.9753,0.9756,0.30,0.20
2008.02.15 05:04:32.561,0.9753,0.9756,0.30,0.20
2008.02.15 05:04:32.706,0.9753,0.9756,0.30,0.20
2008.02.15 05:04:32.901,0.9753,0.9756,0.30,0.20
2008.02.15 05:04:33.060,0.9753,0.9756,0.30,0.20
2008.02.15 05:04:33.306,0.9753,0.9756,0.30,0.20
2008.02.15 05:04:34.061,0.9753,0.9756,0.30,0.20
2008.02.15 05:04:34.780,0.9753,0.9756,0.30,0.20
2008.02.15 05:04:35.091,0.9753,0.9756,0.30,0.20
2008.02.15 05:04:35.639,0.9753,0.9756,0.30,0.20
2008.02.15 05:04:35.817,0.9753,0.9756,0.30,0.20
2008.02.15 05:04:35.988,0.9753,0.9756,0.30,0.20
2008.02.15 05:04:36.201,0.9753,0.9756,0.30,0.20
2008.02.15 05:04:36.409,0.9753,0.97565,0.30,0.60
2008.02.15 05:04:36.558,0.9754,0.97565,0.30,0.50
2008.02.15 05:04:36.707,0.9754,0.97565,0.30,0.60
2008.02.15 05:04:39.106,0.9754,0.97565,0.30,0.60
2008.02.15 05:04:39.347,0.9754,0.97565,0.30,0.60
2008.02.15 05:04:39.589,0.9754,0.97565,0.30,0.50
2008.02.15 05:04:42.619,0.9754,0.97565,0.30,0.60
2008.02.15 05:04:42.778,0.9755,0.97575,0.30,0.50
2008.02.15 05:04:42.936,0.9755,0.97575,0.30,0.60
2008.02.15 05:04:43.166,0.9755,0.97575,0.30,0.60
2008.02.15 05:04:43.399,0.9754,0.97565,0.30,0.50
2008.02.15 05:04:43.557,0.9754,0.97565,0.30,0.60
2008.02.15 05:04:45.980,0.9754,0.97565,0.30,0.60
2008.02.15 05:04:47.890,0.9754,0.97565,0.30,0.60
2008.02.15 05:04:48.056,0.9753,0.97565,0.30,0.50
2008.02.15 05:04:50.166,0.9753,0.97565,0.30,0.60
2008.02.15 05:04:50.438,0.9753,0.97565,0.30,0.50
2008.02.15 05:04:50.601,0.9753,0.97565,0.30,0.50
2008.02.15 05:04:50.757,0.9753,0.97565,0.30,0.60
2008.02.15 05:04:50.881,0.9753,0.97565,4.20,0.50
2008.02.15 05:04:51.096,0.9753,0.97565,4.20,0.80
2008.02.15 05:04:51.196,0.9753,0.97565,4.20,0.80
2008.02.15 05:04:51.531,0.9754,0.97565,0.30,0.80
2008.02.15 05:04:53.400,0.9754,0.97565,0.30,0.80
2008.02.15 05:04:53.489,0.9755,0.9757,0.30,0.60
2008.02.15 05:04:53.640,0.9755,0.97575,0.30,0.60
2008.02.15 05:04:54.522,0.9755,0.97575,0.30,0.60
2008.02.15 05:04:54.745,0.9755,0.97575,0.30,0.50
2008.02.15 05:04:54.968,0.9755,0.97575,0.30,0.60
2008.02.15 05:04:55.192,0.9755,0.97575,0.30,0.50
2008.02.15 05:04:56.322,0.9755,0.97575,0.30,0.50
2008.02.15 05:04:57.262,0.9755,0.97575,0.30,0.50
2008.02.15 05:04:57.391,0.9755,0.97575,0.30,6.40
2008.02.15 05:04:57.540,0.9754,0.97575,0.30,6.50
2008.02.15 05:04:57.742,0.9754,0.97575,0.30,6.50
2008.02.15 05:04:57.891,0.9754,0.97575,0.30,6.50
2008.02.15 05:05:00.096,0.9754,0.97575,0.30,6.50
2008.02.15 05:05:00.507,0.9754,0.9757,0.30,0.50
2008.02.15 05:05:00.634,0.9754,0.9757,0.30,0.50
2008.02.15 05:05:00.812,0.9754,0.9757,0.30,0.50
2008.02.15 05:05:00.980,0.9754,0.9757,0.30,0.40
2008.02.15 05:05:03.083,0.9754,0.9757,0.30,0.40
2008.02.15 05:05:06.048,0.9754,0.9757,0.30,0.40
2008.02.15 05:05:07.655,0.9754,0.9757,0.30,0.50
2008.02.15 05:05:07.857,0.9754,0.9757,0.30,0.50
2008.02.15 05:05:08.079,0.9754,0.9757,0.30,0.50
2008.02.15 05:05:10.388,0.9754,0.9757,0.30,0.50
2008.02.15 05:05:10.677,0.9754,0.9757,0.30,0.70
2008.02.15 05:05:11.094,0.9754,0.9757,0.30,0.70
2008.02.15 05:05:12.135,0.9754,0.9757,0.30,0.20
2008.02.15 05:05:12.555,0.9754,0.97565,0.30,0.50
2008.02.15 05:05:13.029,0.9754,0.97565,0.30,0.50
2008.02.15 05:05:14.219,0.9754,0.97565,0.30,0.50
2008.02.15 05:05:15.656,0.9754,0.9757,0.30,0.20
2008.02.15 05:05:18.871,0.9754,0.9757,0.30,0.20
2008.02.15 05:05:19.122,0.9754,0.9757,1.80,0.20
2008.02.15 05:05:19.652,0.9754,0.9757,2.30,0.20
2008.02.15 05:05:19.817,0.9754,0.97555,0.30,0.50
2008.02.15 05:05:21.046,0.9754,0.97555,0.30,0.50
2008.02.15 05:05:33.973,0.9754,0.97555,0.30,0.50
2008.02.15 05:05:37.082,0.9754,0.97555,0.30,0.50
2008.02.15 05:05:37.345,0.9754,0.97545,0.30,0.50
2008.02.15 05:05:37.599,0.9754,0.9757,0.30,0.40
2008.02.15 05:05:40.379,0.9754,0.9757,0.30,0.40
2008.02.15 05:05:40.483,0.9755,0.9757,0.30,0.20
2008.02.15 05:05:40.610,0.9755,0.9757,0.30,0.20
2008.02.15 05:05:40.785,0.9755,0.97575,0.30,1.20
2008.02.15 05:05:40.815,0.9755,0.97575,0.30,0.80
2008.02.15 05:05:40.918,0.9755,0.97575,0.30,1.20
2008.02.15 05:05:43.109,0.9755,0.97575,0.30,1.20
2008.02.15 05:05:43.541,0.9755,0.97575,0.30,1.20
2008.02.15 05:05:44.864,0.9755,0.97575,0.30,1.20
2008.02.15 05:05:45.063,0.9754,0.97575,4.20,4.10
2008.02.15 05:05:45.927,0.9754,0.97575,4.20,4.10
2008.02.15 05:05:50.564,0.9754,0.9757,0.30,0.50
2008.02.15 05:05:52.303,0.9754,0.9757,0.30,0.50
2008.02.15 05:05:52.446,0.9754,0.97575,0.30,4.90
2008.02.15 05:05:52.846,0.9754,0.97575,0.30,4.90
2008.02.15 05:05:52.984,0.9754,0.97575,0.30,4.90
2008.02.15 05:05:53.122,0.9754,0.9757,0.30,0.20
2008.02.15 05:05:53.530,0.9754,0.9757,0.30,0.20
2008.02.15 05:05:53.936,0.9754,0.9757,0.30,0.40
2008.02.15 05:05:54.256,0.9754,0.9757,0.30,0.40
2008.02.15 05:05:55.633,0.9754,0.9757,0.30,0.40
2008.02.15 05:05:55.780,0.9754,0.97565,0.30,3.20
2008.02.15 05:05:56.030,0.9754,0.97565,0.30,0.80
2008.02.15 05:05:56.177,0.9754,0.97565,0.30,2.40
2008.02.15 05:05:56.327,0.9753,0.9756,4.20,0.20
2008.02.15 05:05:56.474,0.9753,0.9756,4.20,0.40
2008.02.15 05:05:56.623,0.9753,0.9756,0.30,0.40
2008.02.15 05:05:56.915,0.9753,0.9756,0.30,0.40
2008.02.15 05:05:57.543,0.9753,0.9756,0.30,0.40
2008.02.15 05:05:57.817,0.9753,0.9756,0.30,0.40
2008.02.15 05:05:58.629,0.9753,0.9756,0.30,0.40
2008.02.15 05:05:58.803,0.9754,0.9756,0.30,0.20
2008.02.15 05:05:58.977,0.9754,0.9756,0.30,0.20
2008.02.15 05:05:59.110,0.9754,0.9756,0.30,0.20
2008.02.15 05:05:59.376,0.9754,0.97565,0.30,2.50
2008.02.15 05:05:59.509,0.9754,0.97565,0.30,0.20
2008.02.15 05:05:59.905,0.9754,0.97565,0.30,0.20
2008.02.15 05:06:00.049,0.9754,0.97565,0.30,3.30
2008.02.15 05:06:01.684,0.9754,0.97565,0.30,3.30
2008.02.15 05:06:01.803,0.9754,0.97565,0.30,3.20
2008.02.15 05:06:01.989,0.9754,0.97565,0.30,3.20
2008.02.15 05:06:02.401,0.9754,0.97565,0.30,2.40
2008.02.15 05:06:04.167,0.9754,0.9757,0.30,0.40
2008.02.15 05:06:05.067,0.9754,0.9757,0.30,0.40
2008.02.15 05:06:10.135,0.9754,0.9757,0.30,0.40
2008.02.15 05:06:14.909,0.9754,0.9757,0.30,0.40
2008.02.15 05:06:18.409,0.9754,0.9757,0.30,0.40
2008.02.15 05:06:18.549,0.9754,0.97575,0.30,3.30
2008.02.15 05:06:18.736,0.9754,0.97575,0.30,3.70
2008.02.15 05:06:19.021,0.9754,0.97575,0.30,3.30
2008.02.15 05:06:19.611,0.9754,0.97575,0.30,3.30
2008.02.15 05:06:20.278,0.9754,0.97575,0.30,3.30
2008.02.15 05:06:24.680,0.9754,0.97575,0.30,3.30
2008.02.15 05:06:26.832,0.9754,0.97575,0.30,3.30
2008.02.15 05:06:28.515,0.9754,0.9757,0.30,0.20
2008.02.15 05:06:28.629,0.9754,0.9757,0.30,0.20
2008.02.15 05:06:28.826,0.9754,0.9757,0.30,0.20
2008.02.15 05:06:29.043,0.9754,0.9757,0.30,0.40
2008.02.15 05:06:31.085,0.9754,0.9757,0.30,0.40
2008.02.15 05:07:00.878,0.97535,0.9757,2.40,0.40
2008.02.15 05:07:01.002,0.9753,0.97565,4.20,0.90
2008.02.15 05:07:01.203,0.9753,0.97565,4.20,3.30
2008.02.15 05:07:01.351,0.9753,0.97565,4.20,3.30
2008.02.15 05:07:01.538,0.9753,0.97565,4.20,0.90
2008.02.15 05:07:01.721,0.9753,0.97565,4.20,0.90
2008.02.15 05:07:01.942,0.9753,0.97565,4.20,0.20
2008.02.15 05:07:03.496,0.9753,0.97565,4.20,0.20
2008.02.15 05:07:05.063,0.9753,0.97565,4.20,0.20
2008.02.15 05:07:08.132,0.9753,0.97565,4.20,0.20
2008.02.15 05:07:08.250,0.9753,0.97565,4.20,0.20
2008.02.15 05:07:08.611,0.97535,0.97565,2.40,0.50
2008.02.15 05:07:08.832,0.9754,0.9757,0.30,0.40
2008.02.15 05:07:09.049,0.9754,0.9757,0.30,0.40
2008.02.15 05:07:09.340,0.9754,0.9757,0.30,0.40
2008.02.15 05:07:09.958,0.9754,0.9757,0.30,0.40
2008.02.15 05:07:14.729,0.9754,0.9757,0.30,0.40
2008.02.15 05:07:14.932,0.9754,0.9757,0.30,0.40
2008.02.15 05:07:25.338,0.9754,0.9757,0.30,0.40
2008.02.15 05:07:25.932,0.9754,0.9757,0.30,0.40
2008.02.15 05:07:26.337,0.9754,0.9757,0.30,0.40
2008.02.15 05:07:26.553,0.9754,0.9757,0.30,0.40
2008.02.15 05:07:32.791,0.9754,0.9757,0.30,0.40
2008.02.15 05:07:34.982,0.9754,0.9757,0.30,0.40
2008.02.15 05:07:42.231,0.9754,0.9757,0.30,0.40
2008.02.15 05:07:54.318,0.9754,0.9757,0.30,0.40
2008.02.15 05:07:55.922,0.9754,0.9757,0.30,0.40
2008.02.15 05:07:56.071,0.9754,0.9757,0.30,0.40
2008.02.15 05:07:56.235,0.9754,0.9757,0.30,0.40
2008.02.15 05:07:56.365,0.9754,0.9757,0.30,0.40
2008.02.15 05:07:56.478,0.9755,0.9757,0.30,0.20
2008.02.15 05:07:56.631,0.9755,0.97575,0.30,0.90
2008.02.15 05:07:56.740,0.9755,0.97575,0.30,0.90
2008.02.15 05:07:57.127,0.9755,0.97575,0.30,0.90
2008.02.15 05:07:57.469,0.9755,0.97565,0.30,0.50
2008.02.15 05:07:58.859,0.9755,0.97565,0.30,0.50
2008.02.15 05:07:59.019,0.9754,0.97565,0.30,0.50
2008.02.15 05:07:59.183,0.9754,0.97565,0.30,0.50
2008.02.15 05:07:59.436,0.9754,0.97565,0.30,0.50
2008.02.15 05:07:59.690,0.9754,0.97565,0.30,0.50
2008.02.15 05:08:00.070,0.9754,0.97565,0.30,0.50
2008.02.15 05:08:00.325,0.9753,0.97565,4.20,0.50
2008.02.15 05:08:00.529,0.9753,0.97565,0.30,0.20
2008.02.15 05:08:00.675,0.9753,0.97555,0.30,0.10
2008.02.15 05:08:00.934,0.9753,0.97565,0.30,0.20
2008.02.15 05:08:01.063,0.9753,0.9757,0.30,0.40
2008.02.15 05:08:01.307,0.9753,0.97565,0.30,0.20
2008.02.15 05:08:01.524,0.9753,0.9757,4.20,0.50
2008.02.15 05:08:02.345,0.9753,0.9757,4.20,0.50
2008.02.15 05:08:02.805,0.9753,0.9757,4.20,0.50
2008.02.15 05:08:03.199,0.97535,0.9756,6.40,0.50
2008.02.15 05:08:03.362,0.97535,0.9757,7.20,0.20
2008.02.15 05:08:03.525,0.97535,0.97575,7.20,1.70
2008.02.15 05:08:03.685,0.97535,0.9757,4.80,0.20
2008.02.15 05:08:03.845,0.9754,0.9757,0.30,0.20
2008.02.15 05:08:04.004,0.9754,0.9757,0.30,0.20
2008.02.15 05:08:04.163,0.9754,0.9757,0.30,0.40
2008.02.15 05:08:04.412,0.9754,0.97565,0.30,0.80
2008.02.15 05:08:04.542,0.9754,0.97565,0.30,0.80
2008.02.15 05:08:05.667,0.9754,0.97565,0.30,0.80
2008.02.15 05:08:05.783,0.9755,0.9757,0.30,0.20
2008.02.15 05:08:05.869,0.9755,0.9757,0.30,0.20
2008.02.15 05:08:06.023,0.9754,0.9757,0.30,0.40
2008.02.15 05:08:06.107,0.9754,0.9757,0.30,0.40
2008.02.15 05:08:06.303,0.9754,0.9757,0.30,0.40
2008.02.15 05:08:06.388,0.9754,0.9757,0.30,0.40
2008.02.15 05:08:06.545,0.9754,0.97575,0.30,3.30
2008.02.15 05:08:06.865,0.9754,0.97575,3.80,0.20
2008.02.15 05:08:07.189,0.9754,0.9758,3.80,0.40
2008.02.15 05:08:07.551,0.9755,0.9758,0.30,0.40
2008.02.15 05:08:09.177,0.9755,0.9758,0.30,0.40
2008.02.15 05:08:09.295,0.9754,0.97575,3.80,3.30
2008.02.15 05:08:12.081,0.9754,0.97575,0.30,3.20
2008.02.15 05:08:12.187,0.9754,0.97575,0.30,3.20
2008.02.15 05:08:12.286,0.9754,0.9758,0.30,0.20
2008.02.15 05:08:12.535,0.9754,0.9758,0.30,0.20
2008.02.15 05:08:15.362,0.9754,0.9758,0.30,0.20
2008.02.15 05:08:15.626,0.9754,0.9758,0.30,0.20
2008.02.15 05:08:15.764,0.9754,0.97575,0.30,0.20
2008.02.15 05:08:16.048,0.9754,0.97575,0.30,0.20
2008.02.15 05:08:16.230,0.9754,0.9758,0.30,0.20
2008.02.15 05:08:18.422,0.9754,0.9758,0.30,0.20
2008.02.15 05:08:18.571,0.9754,0.97575,0.30,0.20
2008.02.15 05:08:18.964,0.9754,0.97575,0.30,0.20
2008.02.15 05:08:19.622,0.9754,0.97575,0.30,0.20
2008.02.15 05:08:21.340,0.9754,0.9758,0.30,0.40
2008.02.15 05:08:21.581,0.9754,0.9758,0.30,0.20
2008.02.15 05:08:22.657,0.9754,0.9758,0.30,0.20
2008.02.15 05:08:22.866,0.9754,0.97585,4.20,3.30
2008.02.15 05:08:23.603,0.9754,0.97585,4.20,3.30
2008.02.15 05:08:23.840,0.9754,0.9758,0.30,0.20
2008.02.15 05:08:24.275,0.9754,0.9758,0.30,0.20
2008.02.15 05:08:25.189,0.9754,0.97585,0.30,7.30
2008.02.15 05:08:25.380,0.9754,0.97585,0.30,7.30
2008.02.15 05:08:25.572,0.9754,0.97585,0.30,7.30
2008.02.15 05:08:25.746,0.9754,0.9758,0.30,0.20
2008.02.15 05:08:26.227,0.9754,0.9758,0.30,0.20
2008.02.15 05:08:28.677,0.9754,0.9758,0.30,0.20
2008.02.15 05:08:28.835,0.97545,0.97585,8.00,3.20
2008.02.15 05:08:29.055,0.97545,0.9759,8.80,0.40
2008.02.15 05:08:29.214,0.9756,0.9759,0.30,0.40
2008.02.15 05:08:29.628,0.9756,0.9759,0.30,0.40
2008.02.15 05:08:29.777,0.9756,0.97595,0.30,7.30
2008.02.15 05:08:30.070,0.9756,0.97595,0.30,7.30
2008.02.15 05:08:30.140,0.9756,0.97595,0.30,7.20
2008.02.15 05:08:30.334,0.9757,0.97595,0.30,6.40
2008.02.15 05:08:30.558,0.9757,0.97605,0.30,10.50
2008.02.15 05:08:32.633,0.9757,0.97595,0.30,0.20
2008.02.15 05:08:32.724,0.97555,0.97595,12.80,0.20
2008.02.15 05:08:32.804,0.97555,0.97595,8.00,0.20
2008.02.15 05:08:32.953,0.97555,0.97595,3.20,1.50
2008.02.15 05:08:33.030,0.9755,0.97595,4.20,4.70
2008.02.15 05:08:33.261,0.9755,0.97595,0.30,7.90
2008.02.15 05:08:33.339,0.9755,0.97595,0.30,7.90
2008.02.15 05:08:33.441,0.9755,0.97595,0.30,7.90
2008.02.15 05:08:33.670,0.9755,0.97595,0.30,7.90
2008.02.15 05:08:34.004,0.97555,0.97585,4.00,3.80
2008.02.15 05:08:34.344,0.9755,0.9758,4.20,0.50
2008.02.15 05:08:34.738,0.9755,0.9759,4.20,0.20
2008.02.15 05:08:35.200,0.9755,0.9759,4.20,0.20
2008.02.15 05:08:35.318,0.9755,0.9759,4.20,0.20
2008.02.15 05:08:35.431,0.9755,0.9759,4.20,0.20
2008.02.15 05:08:35.631,0.9755,0.97595,4.20,0.70
2008.02.15 05:08:36.063,0.97555,0.97595,4.00,0.70
2008.02.15 05:08:36.281,0.97555,0.97585,4.00,0.20
2008.02.15 05:08:36.499,0.97545,0.9759,7.20,0.20
2008.02.15 05:08:36.787,0.9756,0.9759,0.30,0.80
2008.02.15 05:08:37.574,0.9756,0.9759,0.30,0.40
2008.02.15 05:08:37.866,0.9756,0.97595,0.30,6.90
2008.02.15 05:08:38.024,0.9756,0.97595,0.30,4.50
2008.02.15 05:08:38.181,0.9756,0.97595,0.30,4.30
2008.02.15 05:08:38.340,0.9756,0.97595,0.30,3.20
2008.02.15 05:08:38.498,0.9757,0.976,0.30,0.70
2008.02.15 05:08:39.016,0.9757,0.976,0.30,0.70
2008.02.15 05:08:39.319,0.9757,0.976,0.30,0.70
2008.02.15 05:08:39.678,0.9757,0.976,0.30,0.70
2008.02.15 05:08:41.004,0.9757,0.976,0.30,0.70
2008.02.15 05:08:49.195,0.9757,0.976,0.30,0.70
2008.02.15 05:08:50.783,0.9757,0.976,0.30,0.20
2008.02.15 05:09:05.393,0.9757,0.976,0.30,0.20
2008.02.15 05:09:05.487,0.9756,0.976,4.20,0.20
2008.02.15 05:09:05.596,0.9756,0.97595,4.20,0.20
2008.02.15 05:09:05.780,0.9756,0.97595,4.20,0.20
2008.02.15 05:09:06.004,0.9756,0.97595,4.20,0.20
2008.02.15 05:09:06.114,0.9756,0.97595,0.30,0.20
2008.02.15 05:09:07.064,0.9756,0.97595,0.30,0.20
2008.02.15 05:09:09.239,0.9756,0.97595,0.30,0.20
2008.02.15 05:09:09.407,0.9756,0.9759,0.30,0.20
2008.02.15 05:09:09.607,0.9756,0.9759,0.30,0.20
2008.02.15 05:09:09.816,0.9756,0.9759,0.30,0.40
2008.02.15 05:09:10.950,0.9756,0.9759,0.30,0.40
2008.02.15 05:09:11.160,0.9756,0.9759,0.30,0.40
2008.02.15 05:09:14.641,0.9756,0.9759,0.30,0.40
2008.02.15 05:09:18.247,0.9756,0.9759,0.30,0.40
2008.02.15 05:09:18.356,0.9757,0.97595,0.30,1.10
2008.02.15 05:09:18.550,0.9757,0.97595,0.30,1.10
2008.02.15 05:09:18.658,0.9757,0.976,0.30,0.40
2008.02.15 05:09:18.827,0.9757,0.976,0.30,0.40
2008.02.15 05:09:18.934,0.9756,0.9759,4.20,0.40
2008.02.15 05:09:19.114,0.9756,0.9759,0.30,0.40
2008.02.15 05:09:19.222,0.9756,0.9759,0.30,0.40
2008.02.15 05:09:19.490,0.9756,0.9759,0.30,0.40
2008.02.15 05:09:19.886,0.9756,0.9759,0.30,0.40
2008.02.15 05:09:20.205,0.9756,0.9759,0.30,0.40
2008.02.15 05:09:20.473,0.9756,0.9759,0.30,0.40
2008.02.15 05:09:25.098,0.9756,0.9759,0.30,0.40
2008.02.15 05:09:25.493,0.9756,0.9759,0.30,0.40
2008.02.15 05:09:25.590,0.9755,0.97585,0.30,0.20
2008.02.15 05:09:25.825,0.9755,0.97585,0.30,0.20
2008.02.15 05:09:26.047,0.9755,0.97585,0.30,0.20
2008.02.15 05:09:26.250,0.9756,0.9759,0.30,0.80
2008.02.15 05:09:26.607,0.9756,0.9759,0.30,0.80
2008.02.15 05:09:27.359,0.9756,0.9759,0.30,0.80
2008.02.15 05:09:27.567,0.9756,0.9759,0.30,0.80
2008.02.15 05:09:27.933,0.9756,0.9759,0.30,0.80
2008.02.15 05:09:29.443,0.9756,0.9759,0.30,0.80
2008.02.15 05:09:32.771,0.9756,0.9759,0.30,0.40
2008.02.15 05:09:33.602,0.9756,0.9759,0.30,0.40
2008.02.15 05:09:37.615,0.9756,0.97585,0.30,0.20
2008.02.15 05:09:37.785,0.9756,0.97585,0.30,0.20
2008.02.15 05:09:38.664,0.9756,0.9759,0.30,0.40
2008.02.15 05:09:40.705,0.9756,0.9759,0.30,0.40
2008.02.15 05:09:40.801,0.9756,0.9759,0.30,0.20
2008.02.15 05:09:40.894,0.9756,0.9759,0.30,0.20
2008.02.15 05:09:41.055,0.9756,0.97595,0.30,1.30
2008.02.15 05:09:41.244,0.9756,0.97595,0.30,0.70
2008.02.15 05:09:41.549,0.9756,0.97595,0.30,0.70
2008.02.15 05:09:41.738,0.9756,0.97595,0.30,0.20
2008.02.15 05:09:42.369,0.9756,0.97595,0.30,0.20
2008.02.15 05:09:43.095,0.9756,0.97595,0.30,0.20
2008.02.15 05:09:43.579,0.9756,0.9759,0.30,0.20
2008.02.15 05:09:43.813,0.9756,0.9759,0.30,0.20
2008.02.15 05:09:44.726,0.9756,0.9759,0.30,0.20
2008.02.15 05:09:45.849,0.97565,0.9759,1.60,0.20
2008.02.15 05:09:45.930,0.97565,0.97595,0.80,0.20
2008.02.15 05:09:46.060,0.97565,0.97595,0.80,0.20
2008.02.15 05:09:46.295,0.97565,0.97595,1.70,0.20
2008.02.15 05:09:46.528,0.9757,0.97595,0.30,0.20
2008.02.15 05:09:48.550,0.9757,0.97595,0.30,0.20
2008.02.15 05:09:48.758,0.9757,0.976,0.30,0.40
2008.02.15 05:09:56.383,0.9757,0.976,0.30,0.40
2008.02.15 05:09:56.502,0.9757,0.976,0.30,0.40
2008.02.15 05:09:56.690,0.9757,0.976,0.30,0.40
2008.02.15 05:09:57.638,0.9757,0.976,0.30,0.70
2008.02.15 05:09:57.801,0.9757,0.976,0.30,0.70
2008.02.15 05:09:59.309,0.9757,0.97595,0.30,0.20
2008.02.15 05:09:59.409,0.9757,0.97595,0.30,0.20
2008.02.15 05:09:59.556,0.9756,0.97595,4.20,0.20
2008.02.15 05:09:59.664,0.9756,0.97595,0.30,0.20
2008.02.15 05:09:59.793,0.9756,0.97595,0.30,0.20
2008.02.15 05:10:08.113,0.9756,0.97595,0.30,0.20
2008.02.15 05:10:08.312,0.9756,0.976,0.30,0.70
2008.02.15 05:10:08.431,0.9756,0.976,4.20,0.40
2008.02.15 05:10:08.706,0.9756,0.976,4.20,0.40
2008.02.15 05:10:13.533,0.9756,0.976,4.20,0.40
2008.02.15 05:10:13.699,0.9756,0.97595,0.30,0.20
2008.02.15 05:10:16.666,0.9756,0.976,0.30,0.70
2008.02.15 05:10:16.909,0.9756,0.976,4.20,0.40
2008.02.15 05:10:17.082,0.97565,0.976,3.20,0.40
2008.02.15 05:10:17.421,0.97565,0.976,3.20,0.40
2008.02.15 05:10:17.594,0.9757,0.976,0.30,0.20
2008.02.15 05:10:18.065,0.9757,0.97605,0.30,0.20
2008.02.15 05:10:19.331,0.9757,0.97605,0.30,0.20
2008.02.15 05:10:19.553,0.9757,0.976,0.30,0.20
2008.02.15 05:10:19.675,0.9756,0.976,4.20,0.20
2008.02.15 05:10:19.826,0.9756,0.976,4.20,0.20
2008.02.15 05:10:24.591,0.9756,0.976,4.20,0.20
2008.02.15 05:10:24.807,0.9756,0.976,4.20,0.20
2008.02.15 05:10:24.945,0.9756,0.976,0.30,0.50
2008.02.15 05:10:25.216,0.9756,0.97595,0.30,0.20
2008.02.15 05:10:25.870,0.9756,0.97595,0.30,0.20
2008.02.15 05:10:26.083,0.9756,0.976,4.20,0.50
2008.02.15 05:10:26.296,0.9756,0.976,4.20,0.20
2008.02.15 05:10:27.673,0.97565,0.976,2.40,0.20
2008.02.15 05:10:27.865,0.9757,0.976,0.30,0.20
2008.02.15 05:10:27.986,0.9757,0.97605,0.30,0.80
2008.02.15 05:10:28.104,0.9757,0.9761,0.30,4.10
2008.02.15 05:10:28.340,0.9757,0.9761,0.30,4.10
2008.02.15 05:10:28.797,0.9757,0.97605,0.30,0.20
2008.02.15 05:10:29.040,0.9757,0.97605,0.30,0.20
2008.02.15 05:10:29.345,0.9757,0.97605,0.30,0.20
2008.02.15 05:10:29.588,0.9757,0.97605,0.30,0.20
2008.02.15 05:10:30.700,0.9757,0.97605,0.30,0.20
2008.02.15 05:10:31.152,0.9757,0.97605,0.30,0.20
2008.02.15 05:10:31.248,0.9757,0.976,0.30,0.20
2008.02.15 05:10:31.342,0.97565,0.976,1.10,0.20
2008.02.15 05:10:31.437,0.9756,0.976,1.10,0.20
2008.02.15 05:10:31.532,0.9756,0.976,2.50,0.20
2008.02.15 05:10:31.911,0.9756,0.97595,1.00,0.20
2008.02.15 05:10:32.169,0.97555,0.97595,0.70,0.20
2008.02.15 05:10:33.029,0.97555,0.97595,2.20,0.20
2008.02.15 05:10:33.254,0.97555,0.97595,0.60,0.20
2008.02.15 05:10:33.709,0.97555,0.97595,0.80,0.20
2008.02.15 05:10:34.823,0.97555,0.976,0.80,0.50
2008.02.15 05:10:35.047,0.97555,0.976,1.30,0.50
2008.02.15 05:10:35.195,0.9756,0.976,1.10,0.50
2008.02.15 05:10:35.345,0.9756,0.976,2.30,0.20
2008.02.15 05:10:35.450,0.9756,0.976,1.20,0.20
2008.02.15 05:10:35.550,0.97565,0.976,0.90,0.20
2008.02.15 05:10:35.680,0.97565,0.97605,0.60,0.90
2008.02.15 05:10:36.045,0.9757,0.97605,0.30,0.50
2008.02.15 05:10:36.861,0.9757,0.97605,0.30,0.50
2008.02.15 05:10:39.713,0.9757,0.97605,0.30,0.20
2008.02.15 05:10:39.898,0.9757,0.9761,0.30,0.70
2008.02.15 05:10:40.040,0.9757,0.9761,0.30,0.70
2008.02.15 05:10:40.173,0.9757,0.9761,1.20,0.70
2008.02.15 05:10:43.249,0.9757,0.9761,2.10,0.70
2008.02.15 05:10:43.398,0.97575,0.9761,0.80,0.70
2008.02.15 05:10:43.593,0.97575,0.97605,1.20,0.20
2008.02.15 05:10:43.736,0.97575,0.97605,1.40,0.20
2008.02.15 05:10:45.043,0.9757,0.97605,0.30,0.20
2008.02.15 05:10:47.370,0.9757,0.97605,0.30,0.20
2008.02.15 05:10:47.501,0.9758,0.9761,0.30,0.50
2008.02.15 05:10:47.651,0.9758,0.97615,0.30,0.50
2008.02.15 05:10:48.841,0.9758,0.97615,0.30,0.50
2008.02.15 05:10:49.156,0.9758,0.97615,0.30,0.50
2008.02.15 05:10:50.784,0.9758,0.97615,0.30,0.50
2008.02.15 05:10:51.401,0.9758,0.97615,0.30,0.50
2008.02.15 05:10:55.977,0.9758,0.97615,0.30,0.50
2008.02.15 05:10:56.106,0.9758,0.97615,0.30,0.50
2008.02.15 05:10:56.234,0.9758,0.97615,1.70,0.50
2008.02.15 05:10:56.547,0.9759,0.9762,0.30,0.70
2008.02.15 05:10:56.694,0.9759,0.9762,0.30,0.70
2008.02.15 05:10:56.895,0.9759,0.9762,0.30,0.70
2008.02.15 05:10:57.107,0.9759,0.9762,0.30,0.70
2008.02.15 05:10:58.934,0.9759,0.9762,0.30,0.70
2008.02.15 05:10:59.033,0.9759,0.9762,0.30,0.70
2008.02.15 05:10:59.131,0.9759,0.9762,0.30,0.70
2008.02.15 05:11:02.924,0.9759,0.9762,0.30,0.70
2008.02.15 05:11:03.024,0.9759,0.9762,0.30,0.50
2008.02.15 05:11:03.266,0.9759,0.9762,0.30,0.50
2008.02.15 05:11:03.385,0.9759,0.9762,0.30,0.50
2008.02.15 05:11:03.906,0.97585,0.9762,3.20,0.50
2008.02.15 05:11:04.060,0.97585,0.97615,3.20,0.20
2008.02.15 05:11:04.273,0.97585,0.97615,3.20,0.20
2008.02.15 05:11:04.812,0.97585,0.97615,3.20,0.20
2008.02.15 05:11:05.028,0.97585,0.9762,5.60,0.50
2008.02.15 05:11:05.253,0.97585,0.9762,5.60,0.50
2008.02.15 05:11:05.525,0.97585,0.9762,5.60,0.50
2008.02.15 05:11:05.715,0.9759,0.9762,0.30,0.50
2008.02.15 05:11:06.054,0.9759,0.9762,0.30,0.50
2008.02.15 05:11:06.231,0.9759,0.97625,0.30,0.50
2008.02.15 05:11:06.641,0.9759,0.97625,0.30,0.50
2008.02.15 05:11:06.824,0.9759,0.97625,4.20,0.50
2008.02.15 05:11:07.149,0.9759,0.97625,4.20,0.50
2008.02.15 05:11:07.412,0.9759,0.97635,4.20,4.00
2008.02.15 05:11:07.648,0.9759,0.97635,4.20,4.00
2008.02.15 05:11:07.822,0.9761,0.97635,0.30,0.50
2008.02.15 05:11:07.995,0.976,0.97635,4.20,0.20
2008.02.15 05:11:08.169,0.976,0.97635,0.30,0.20
2008.02.15 05:11:08.389,0.976,0.97635,0.30,0.20
2008.02.15 05:11:08.586,0.976,0.97635,0.30,0.20
2008.02.15 05:11:08.748,0.976,0.97635,4.20,0.20
2008.02.15 05:11:10.397,0.976,0.97635,4.20,0.20
2008.02.15 05:11:10.541,0.976,0.97635,4.20,3.30
2008.02.15 05:11:10.643,0.976,0.97635,4.20,3.30
2008.02.15 05:11:12.374,0.976,0.97635,4.20,3.20
2008.02.15 05:11:12.518,0.976,0.97635,4.20,0.80
2008.02.15 05:11:12.662,0.976,0.9764,4.20,0.50
2008.02.15 05:11:12.805,0.976,0.9764,4.20,0.50
2008.02.15 05:11:13.117,0.976,0.9764,4.20,0.50
2008.02.15 05:11:13.659,0.976,0.9764,4.20,0.20
2008.02.15 05:11:13.919,0.976,0.9764,4.20,0.20
2008.02.15 05:11:14.114,0.976,0.9763,4.00,0.20
2008.02.15 05:11:14.298,0.9759,0.9763,4.00,0.20
2008.02.15 05:11:14.616,0.9759,0.9763,4.00,0.20
2008.02.15 05:11:14.773,0.97585,0.9763,8.00,0.20
2008.02.15 05:11:15.078,0.97585,0.9763,8.00,0.20
2008.02.15 05:11:15.236,0.97585,0.9763,5.60,0.20
2008.02.15 05:11:15.943,0.97585,0.9763,5.60,0.20
2008.02.15 05:11:16.111,0.97585,0.97625,4.00,0.20
2008.02.15 05:11:16.371,0.97585,0.97625,4.00,0.20
2008.02.15 05:11:16.573,0.97585,0.97625,4.00,0.20
2008.02.15 05:11:19.238,0.97585,0.97625,4.00,0.20
2008.02.15 05:11:23.901,0.97585,0.97625,4.00,0.20
2008.02.15 05:11:24.025,0.97585,0.97625,4.00,0.20
2008.02.15 05:11:24.154,0.97585,0.97625,4.00,0.20
2008.02.15 05:11:24.498,0.97585,0.9763,4.00,0.70
2008.02.15 05:11:24.607,0.9759,0.9763,4.00,0.70
2008.02.15 05:11:24.715,0.9759,0.9763,4.00,0.70
2008.02.15 05:11:24.943,0.9759,0.9763,4.00,0.70
2008.02.15 05:11:25.073,0.9759,0.9763,4.00,0.70
2008.02.15 05:11:26.577,0.9759,0.9763,4.00,0.20
2008.02.15 05:11:28.460,0.9759,0.9763,4.00,0.20
2008.02.15 05:11:28.926,0.9759,0.97635,4.00,0.20
2008.02.15 05:11:29.129,0.9759,0.97635,4.00,0.20
2008.02.15 05:11:29.388,0.9759,0.97635,4.00,0.20
2008.02.15 05:11:29.510,0.97595,0.97635,4.00,0.20
2008.02.15 05:11:29.711,0.97595,0.97635,4.00,0.20
2008.02.15 05:11:30.091,0.97595,0.97635,4.00,0.20
2008.02.15 05:11:30.143,0.97595,0.9764,8.00,0.50
2008.02.15 05:11:30.410,0.97595,0.97645,8.80,8.50
2008.02.15 05:11:30.850,0.976,0.9764,0.30,0.20
2008.02.15 05:11:31.119,0.97595,0.9764,4.00,0.20
2008.02.15 05:11:31.389,0.97595,0.9764,4.00,0.70
2008.02.15 05:11:32.557,0.97595,0.9764,4.00,0.70
2008.02.15 05:11:33.087,0.97595,0.9764,4.00,0.70
2008.02.15 05:11:33.810,0.97595,0.9764,4.00,0.70
2008.02.15 05:11:35.013,0.97595,0.9764,4.00,0.70
2008.02.15 05:11:35.999,0.97595,0.9764,2.20,0.70
2008.02.15 05:11:36.034,0.97595,0.9764,2.40,0.70
2008.02.15 05:11:36.176,0.97595,0.9764,0.60,0.70
2008.02.15 05:11:37.106,0.97595,0.9764,2.30,0.70
2008.02.15 05:11:37.246,0.9761,0.9764,0.30,0.70
2008.02.15 05:11:37.384,0.9761,0.9764,0.30,0.50
2008.02.15 05:11:37.585,0.9761,0.97645,0.30,0.60
2008.02.15 05:11:37.718,0.9761,0.97655,0.30,9.30
2008.02.15 05:11:37.851,0.97605,0.97655,1.50,11.70
2008.02.15 05:11:38.063,0.97605,0.9765,2.10,0.20
2008.02.15 05:11:38.195,0.97605,0.9765,0.70,0.20
2008.02.15 05:11:38.329,0.97605,0.9765,2.40,0.70
2008.02.15 05:11:38.472,0.97605,0.9765,0.90,0.70
2008.02.15 05:11:38.805,0.976,0.9765,2.30,4.70
2008.02.15 05:11:39.157,0.976,0.9765,0.50,4.70
2008.02.15 05:11:39.492,0.976,0.9764,2.10,0.20
2008.02.15 05:11:39.619,0.97595,0.9764,2.40,0.70
2008.02.15 05:11:40.456,0.97595,0.9764,3.20,0.70
2008.02.15 05:11:40.866,0.97595,0.9764,2.00,0.70
2008.02.15 05:11:41.117,0.97595,0.9764,1.10,0.70
2008.02.15 05:11:41.508,0.97595,0.97635,1.20,2.40
2008.02.15 05:11:41.601,0.97595,0.97635,1.40,2.50
2008.02.15 05:11:41.767,0.9759,0.97635,2.40,3.30
2008.02.15 05:11:41.875,0.9759,0.97635,1.70,3.30
2008.02.15 05:11:41.967,0.9759,0.97635,1.40,3.90
2008.02.15 05:11:42.089,0.9759,0.97635,1.30,3.90
2008.02.15 05:11:42.221,0.9759,0.97635,1.50,4.50
2008.02.15 05:11:42.594,0.9759,0.97635,2.00,4.50
2008.02.15 05:11:43.524,0.9759,0.97635,1.60,4.50
2008.02.15 05:11:45.068,0.9759,0.97635,1.40,4.50
2008.02.15 05:11:46.613,0.97595,0.97635,0.80,2.10
2008.02.15 05:11:46.704,0.97595,0.97635,0.60,1.30
2008.02.15 05:11:46.916,0.97595,0.97635,2.70,0.20
2008.02.15 05:11:47.116,0.97595,0.97635,1.10,2.40
2008.02.15 05:11:47.322,0.976,0.97635,0.30,3.20
2008.02.15 05:11:47.536,0.976,0.97635,0.30,3.20
2008.02.15 05:11:47.704,0.976,0.9764,0.30,0.80
2008.02.15 05:11:48.145,0.976,0.9764,0.30,0.80
2008.02.15 05:11:48.643,0.976,0.9764,0.30,0.70
2008.02.15 05:11:48.806,0.976,0.9764,0.30,0.70
2008.02.15 05:11:49.580,0.976,0.9764,0.30,0.70
2008.02.15 05:11:50.921,0.976,0.9764,0.90,0.20
2008.02.15 05:11:51.045,0.976,0.9764,1.00,0.20
2008.02.15 05:11:51.213,0.976,0.97635,0.30,0.20
2008.02.15 05:11:51.357,0.97595,0.97635,0.50,0.90
2008.02.15 05:11:51.501,0.97595,0.97635,1.10,3.90
2008.02.15 05:11:51.645,0.9759,0.97635,1.80,3.90
2008.02.15 05:11:52.179,0.9759,0.97635,0.60,3.90
2008.02.15 05:11:52.373,0.9759,0.97635,0.60,1.50
2008.02.15 05:11:52.630,0.97595,0.97635,1.60,0.70
2008.02.15 05:11:52.824,0.97595,0.9764,0.70,4.80
2008.02.15 05:11:53.372,0.97595,0.97635,1.30,2.40
2008.02.15 05:11:53.631,0.97595,0.97635,0.60,3.30
2008.02.15 05:11:53.874,0.9759,0.97635,2.20,4.50
2008.02.15 05:11:54.777,0.9759,0.97635,1.00,4.50
2008.02.15 05:11:55.517,0.9759,0.97635,2.00,4.50
2008.02.15 05:11:55.651,0.9759,0.9763,1.80,0.20
2008.02.15 05:11:55.785,0.9759,0.9763,0.50,0.20
2008.02.15 05:11:55.918,0.97585,0.9763,2.20,0.20
2008.02.15 05:11:56.095,0.97585,0.9763,2.20,0.20
2008.02.15 05:11:56.229,0.97585,0.9763,2.40,0.70
2008.02.15 05:11:57.251,0.97585,0.9763,0.50,0.70
2008.02.15 05:11:57.339,0.97585,0.9763,2.40,0.20
2008.02.15 05:11:57.690,0.97585,0.9763,0.60,0.20
2008.02.15 05:11:59.013,0.97585,0.9763,1.60,0.20
2008.02.15 05:12:00.526,0.97585,0.9763,0.50,0.20
2008.02.15 05:12:04.044,0.97585,0.97625,4.00,0.20
2008.02.15 05:12:04.213,0.97585,0.97625,6.40,0.20
2008.02.15 05:12:04.381,0.9759,0.97625,4.00,0.20
2008.02.15 05:12:04.475,0.9759,0.97625,4.00,0.20
2008.02.15 05:12:04.591,0.9759,0.9763,4.00,0.20
2008.02.15 05:12:04.786,0.9759,0.9763,4.00,0.20
2008.02.15 05:12:05.047,0.9759,0.9763,4.00,0.20
2008.02.15 05:12:06.955,0.9759,0.9763,4.20,0.20
2008.02.15 05:12:07.100,0.97595,0.97625,4.00,0.20
2008.02.15 05:12:07.200,0.97595,0.97625,4.00,0.20
2008.02.15 05:12:07.408,0.9759,0.97625,4.00,0.20
2008.02.15 05:12:07.601,0.9759,0.97625,4.00,0.20
2008.02.15 05:12:07.807,0.97585,0.97625,4.00,0.20
2008.02.15 05:12:09.845,0.97585,0.97625,4.00,0.20
2008.02.15 05:12:12.010,0.97585,0.97625,4.00,0.20
2008.02.15 05:12:13.047,0.97585,0.97625,4.00,0.20
2008.02.15 05:12:13.193,0.97585,0.9762,4.00,0.20
2008.02.15 05:12:13.763,0.9758,0.9762,4.20,0.20
2008.02.15 05:12:15.005,0.9758,0.97625,4.20,5.70
2008.02.15 05:12:15.172,0.9758,0.97625,4.20,5.70
2008.02.15 05:12:15.281,0.97585,0.97625,3.20,2.50
2008.02.15 05:12:15.646,0.9759,0.97625,0.30,2.50
2008.02.15 05:12:17.086,0.9759,0.97625,0.30,2.50
2008.02.15 05:12:17.402,0.97585,0.9762,4.00,0.20
2008.02.15 05:12:17.645,0.9758,0.9762,4.20,0.20
2008.02.15 05:12:17.850,0.9758,0.9762,4.20,0.20
2008.02.15 05:12:17.953,0.97585,0.9762,4.80,0.20
2008.02.15 05:12:18.236,0.97585,0.9762,4.80,0.20
2008.02.15 05:12:18.338,0.97585,0.9762,4.00,0.20
2008.02.15 05:12:18.646,0.97585,0.9762,4.00,0.20
2008.02.15 05:12:19.128,0.9758,0.9762,4.20,0.20
2008.02.15 05:12:19.622,0.9758,0.9762,4.20,0.20
2008.02.15 05:12:19.800,0.9758,0.97625,4.20,0.20
2008.02.15 05:12:22.590,0.97585,0.9762,4.00,0.20
2008.02.15 05:12:22.712,0.97585,0.9762,4.00,0.20
2008.02.15 05:12:22.857,0.9758,0.9762,4.20,0.20
2008.02.15 05:12:23.201,0.9758,0.9762,4.20,0.20
2008.02.15 05:12:23.559,0.9758,0.9762,4.20,0.20
2008.02.15 05:12:26.030,0.9758,0.9762,4.20,0.20
2008.02.15 05:12:26.191,0.9758,0.97625,4.20,3.30
2008.02.15 05:12:26.345,0.97585,0.97625,7.20,2.50
2008.02.15 05:12:26.639,0.97585,0.97625,7.20,2.50
2008.02.15 05:12:28.128,0.9759,0.97625,0.30,2.50
2008.02.15 05:12:28.252,0.9759,0.97625,0.30,0.90
2008.02.15 05:12:28.941,0.9759,0.97625,0.30,0.90
2008.02.15 05:12:29.613,0.9759,0.97625,0.30,3.20
2008.02.15 05:12:29.662,0.9759,0.97625,0.30,0.80
2008.02.15 05:12:29.786,0.9759,0.97635,0.30,7.30
2008.02.15 05:12:30.190,0.9759,0.97635,0.30,7.30
2008.02.15 05:12:30.696,0.9759,0.97635,4.20,3.30
2008.02.15 05:12:30.958,0.9759,0.97635,4.20,3.30
2008.02.15 05:12:32.211,0.9759,0.97625,4.20,0.20
2008.02.15 05:12:32.315,0.9759,0.97625,4.20,0.20
2008.02.15 05:12:32.460,0.9759,0.97625,0.30,0.20
2008.02.15 05:12:32.658,0.9759,0.97625,0.30,0.20
2008.02.15 05:12:32.762,0.9759,0.97625,0.30,0.20
2008.02.15 05:12:33.193,0.9759,0.97625,0.30,0.20
2008.02.15 05:12:33.371,0.9759,0.97625,0.30,3.30
2008.02.15 05:12:35.081,0.9759,0.97625,0.30,3.20
2008.02.15 05:12:35.211,0.9759,0.97635,0.30,8.90
2008.02.15 05:12:35.488,0.9759,0.97635,4.20,3.30
2008.02.15 05:12:36.075,0.9759,0.97625,4.20,0.20
2008.02.15 05:12:36.364,0.9759,0.97625,0.30,0.20
2008.02.15 05:12:36.761,0.9759,0.97625,0.30,0.20
2008.02.15 05:12:36.840,0.9759,0.97625,0.30,0.20
2008.02.15 05:12:37.036,0.9759,0.97625,0.30,0.20
2008.02.15 05:12:37.189,0.9759,0.97625,0.30,0.20
2008.02.15 05:12:37.418,0.9759,0.97625,0.30,3.30
2008.02.15 05:12:44.893,0.9759,0.97625,0.30,0.60
2008.02.15 05:12:45.179,0.9759,0.97625,0.30,0.60
2008.02.15 05:12:45.244,0.97585,0.9762,4.00,0.20
2008.02.15 05:12:45.384,0.9758,0.9762,4.20,0.20
2008.02.15 05:12:45.588,0.9758,0.9762,4.20,0.20
2008.02.15 05:12:45.791,0.9758,0.9762,4.20,0.20
2008.02.15 05:12:45.946,0.9758,0.9762,4.20,0.20
2008.02.15 05:12:56.693,0.9758,0.9762,4.20,0.20
2008.02.15 05:12:56.851,0.9758,0.9762,0.30,0.20
2008.02.15 05:12:57.118,0.9758,0.97615,0.30,0.20
2008.02.15 05:12:57.316,0.9758,0.97615,0.30,0.20
2008.02.15 05:12:59.626,0.9758,0.97615,0.30,0.20
2008.02.15 05:12:59.802,0.9758,0.9762,0.30,0.20
2008.02.15 05:12:59.939,0.9758,0.9762,4.20,0.20
2008.02.15 05:13:00.255,0.9758,0.9762,4.20,0.20
2008.02.15 05:13:00.453,0.9759,0.9762,0.30,0.20
2008.02.15 05:13:02.572,0.9759,0.9762,0.30,0.20
2008.02.15 05:13:03.974,0.9759,0.9762,0.30,0.20
2008.02.15 05:13:04.198,0.9759,0.9762,0.30,0.20
2008.02.15 05:13:09.428,0.9759,0.9762,0.30,0.20
2008.02.15 05:13:09.537,0.976,0.97625,0.30,0.50
2008.02.15 05:13:09.639,0.976,0.9763,0.30,0.80
2008.02.15 05:13:09.873,0.976,0.9763,0.30,0.80
2008.02.15 05:13:10.144,0.976,0.9763,0.30,0.80
2008.02.15 05:13:10.182,0.976,0.9763,0.30,0.70
2008.02.15 05:13:10.698,0.976,0.9763,0.30,0.70
2008.02.15 05:13:11.100,0.976,0.9763,0.30,0.70
2008.02.15 05:13:11.915,0.976,0.97625,0.30,0.60
2008.02.15 05:13:11.994,0.9759,0.9762,4.20,0.20
2008.02.15 05:13:12.152,0.9759,0.9762,4.20,0.20
2008.02.15 05:13:12.232,0.9759,0.9762,4.20,0.20
2008.02.15 05:13:12.414,0.9759,0.9762,0.30,0.20
2008.02.15 05:13:12.494,0.9759,0.9762,0.30,0.20
2008.02.15 05:13:12.692,0.9759,0.9762,0.30,0.20
2008.02.15 05:13:13.022,0.9758,0.97615,4.20,2.40
2008.02.15 05:13:13.350,0.9758,0.97615,0.30,2.40
2008.02.15 05:13:13.726,0.9758,0.9762,0.30,0.80
2008.02.15 05:13:18.878,0.9758,0.9762,0.30,0.80
2008.02.15 05:13:19.082,0.9758,0.9762,0.30,0.80
2008.02.15 05:13:22.845,0.9758,0.9762,0.30,0.80
2008.02.15 05:13:23.045,0.97575,0.97615,4.00,3.30
2008.02.15 05:13:23.179,0.9757,0.97615,4.20,4.50
2008.02.15 05:13:28.566,0.9757,0.97615,4.20,3.70
2008.02.15 05:13:28.787,0.97575,0.97615,4.00,3.20
2008.02.15 05:13:29.075,0.97575,0.97615,4.00,3.20
2008.02.15 05:13:29.284,0.97575,0.97615,4.00,3.90
2008.02.15 05:13:29.402,0.9757,0.97615,4.20,4.50
2008.02.15 05:13:30.419,0.9757,0.97615,4.20,4.50
2008.02.15 05:13:30.719,0.9757,0.97615,4.20,4.50
2008.02.15 05:13:32.418,0.9757,0.97615,4.20,4.50
2008.02.15 05:13:36.200,0.9757,0.97615,4.20,2.10
2008.02.15 05:13:36.329,0.97575,0.97615,2.40,1.90
2008.02.15 05:13:36.457,0.97575,0.97615,7.20,0.50
2008.02.15 05:13:36.586,0.97575,0.97615,7.20,0.50
2008.02.15 05:13:36.796,0.9758,0.9762,0.30,0.80
2008.02.15 05:13:41.733,0.9758,0.9762,0.30,0.80
2008.02.15 05:13:41.838,0.97575,0.97605,4.00,2.40
2008.02.15 05:13:42.047,0.9757,0.97605,0.30,2.40
2008.02.15 05:13:42.254,0.9757,0.9761,0.30,0.80
2008.02.15 05:13:42.464,0.9757,0.9761,4.20,0.50
2008.02.15 05:13:42.839,0.9757,0.9761,4.20,0.50
2008.02.15 05:13:42.972,0.9757,0.9761,0.30,0.70
2008.02.15 05:13:43.166,0.9757,0.9761,0.30,0.70
2008.02.15 05:13:43.366,0.9757,0.9761,0.30,0.80
2008.02.15 05:13:51.237,0.9757,0.9761,0.30,0.80
2008.02.15 05:13:52.852,0.9757,0.9761,0.30,0.80
2008.02.15 05:13:54.545,0.9757,0.9761,0.30,0.80
2008.02.15 05:13:56.983,0.9757,0.9761,0.30,0.80
2008.02.15 05:13:57.125,0.9757,0.9761,4.20,0.20
2008.02.15 05:13:57.423,0.9757,0.9761,4.20,0.20
2008.02.15 05:13:57.505,0.9758,0.9761,0.30,0.20
2008.02.15 05:13:57.659,0.9758,0.9761,0.30,0.20
2008.02.15 05:14:04.109,0.9758,0.9761,0.30,0.20
2008.02.15 05:14:04.299,0.9758,0.9761,0.30,0.20
2008.02.15 05:14:04.773,0.9758,0.9761,0.30,0.40
2008.02.15 05:14:04.884,0.9757,0.9761,4.20,0.40
2008.02.15 05:14:05.065,0.9757,0.9761,4.20,0.40
2008.02.15 05:14:05.209,0.9757,0.9761,0.30,0.80
2008.02.15 05:14:17.863,0.9757,0.9761,0.30,0.80
2008.02.15 05:14:17.957,0.9757,0.9761,0.30,0.80
2008.02.15 05:14:18.052,0.9757,0.97605,0.30,4.00
2008.02.15 05:14:18.334,0.9757,0.97605,0.30,4.00
2008.02.15 05:14:18.494,0.97565,0.976,4.00,0.40
2008.02.15 05:14:18.644,0.9756,0.976,0.30,0.40
2008.02.15 05:14:18.841,0.9756,0.976,0.30,0.40
2008.02.15 05:14:19.120,0.9756,0.97595,0.30,3.60
2008.02.15 05:14:22.610,0.9756,0.97595,0.30,3.70
2008.02.15 05:14:23.146,0.9756,0.97595,0.30,3.70
2008.02.15 05:14:23.274,0.9755,0.97595,4.20,6.10
2008.02.15 05:14:23.497,0.9755,0.97595,4.20,6.10
2008.02.15 05:14:23.673,0.9755,0.9759,0.30,0.50
2008.02.15 05:14:23.853,0.9755,0.9759,0.30,0.50
2008.02.15 05:14:24.066,0.9755,0.97585,0.30,0.20
2008.02.15 05:14:24.280,0.9755,0.97585,0.30,0.90
2008.02.15 05:14:24.531,0.9755,0.9758,0.30,0.20
2008.02.15 05:14:24.888,0.9755,0.9758,0.30,0.20
2008.02.15 05:14:25.096,0.9755,0.9758,0.30,0.20
2008.02.15 05:14:25.306,0.9755,0.9758,0.30,0.40
2008.02.15 05:14:25.589,0.9755,0.9758,0.30,0.40
2008.02.15 05:14:26.164,0.9755,0.9758,0.30,0.40
2008.02.15 05:14:26.278,0.9755,0.97575,0.30,3.20
2008.02.15 05:14:26.406,0.9755,0.97575,0.30,0.80
2008.02.15 05:14:26.519,0.9755,0.97575,0.30,3.20
2008.02.15 05:14:26.942,0.9755,0.97575,0.30,2.40
2008.02.15 05:14:28.154,0.9755,0.9758,0.30,0.70
2008.02.15 05:14:28.362,0.9755,0.9758,0.30,0.70
2008.02.15 05:14:28.445,0.9755,0.9758,0.30,0.40
2008.02.15 05:14:28.691,0.9755,0.9758,0.30,0.40
2008.02.15 05:14:28.979,0.9755,0.9758,0.30,0.40
2008.02.15 05:14:31.006,0.9755,0.9758,0.30,0.40
2008.02.15 05:14:31.162,0.97545,0.9758,3.20,0.20
2008.02.15 05:14:32.079,0.97545,0.97585,3.20,2.90
2008.02.15 05:14:32.388,0.97545,0.97585,5.60,0.50
2008.02.15 05:14:32.497,0.97545,0.97585,9.60,0.20
2008.02.15 05:14:33.893,0.97545,0.97585,9.60,0.20
2008.02.15 05:14:34.879,0.97545,0.97585,9.60,0.20
2008.02.15 05:14:35.047,0.97545,0.97585,6.40,3.30
2008.02.15 05:14:35.216,0.97545,0.97585,2.40,3.30
2008.02.15 05:14:35.572,0.97545,0.97585,2.40,3.30
2008.02.15 05:14:38.263,0.97545,0.9758,2.40,0.20
2008.02.15 05:14:38.661,0.97545,0.9758,2.40,0.20
2008.02.15 05:14:38.805,0.97545,0.9758,2.40,0.50
2008.02.15 05:14:38.947,0.97545,0.97575,2.40,0.80
2008.02.15 05:14:39.089,0.97545,0.9758,4.80,0.50
2008.02.15 05:14:39.344,0.97545,0.9758,4.80,0.50
2008.02.15 05:14:39.488,0.97545,0.97575,2.40,2.40
2008.02.15 05:14:39.771,0.97545,0.97575,2.40,2.40
2008.02.15 05:14:39.953,0.97545,0.97575,2.40,2.40
2008.02.15 05:14:40.122,0.97545,0.9758,4.80,0.50
2008.02.15 05:14:41.106,0.97545,0.9758,4.80,0.50
2008.02.15 05:14:41.289,0.97545,0.9758,4.80,0.50
2008.02.15 05:14:41.414,0.97545,0.9758,2.40,0.50
2008.02.15 05:14:41.613,0.97545,0.9758,2.40,0.50
2008.02.15 05:14:41.745,0.97545,0.9758,2.40,0.50
2008.02.15 05:14:42.199,0.97545,0.97585,2.40,2.90
2008.02.15 05:14:42.332,0.97545,0.97585,9.60,0.50
2008.02.15 05:14:42.736,0.97545,0.97585,9.60,0.50
2008.02.15 05:14:42.888,0.97545,0.97585,6.40,3.70
2008.02.15 05:14:43.579,0.97545,0.97585,6.40,3.70
2008.02.15 05:14:44.794,0.97545,0.97585,6.40,3.60
2008.02.15 05:14:44.966,0.97545,0.97585,10.40,0.50
2008.02.15 05:14:45.058,0.97545,0.97585,11.20,0.50
2008.02.15 05:14:45.152,0.97545,0.97585,11.20,0.50
2008.02.15 05:14:45.326,0.97545,0.9759,11.20,0.50
2008.02.15 05:14:45.536,0.97545,0.9759,5.70,0.50
2008.02.15 05:14:45.562,0.97545,0.9759,5.10,0.50
2008.02.15 05:14:48.817,0.97545,0.9759,0.90,0.50
2008.02.15 05:14:51.147,0.97545,0.9759,4.40,0.50
2008.02.15 05:14:53.391,0.97545,0.9759,4.10,0.50
2008.02.15 05:14:55.280,0.97545,0.9759,5.90,0.50
2008.02.15 05:14:55.792,0.97545,0.97585,5.50,0.20
2008.02.15 05:14:55.917,0.97545,0.97585,4.50,0.20
2008.02.15 05:14:56.010,0.97545,0.97585,1.70,0.20
2008.02.15 05:14:56.120,0.97545,0.97585,0.70,0.20
2008.02.15 05:14:56.153,0.97545,0.97585,4.60,0.20
2008.02.15 05:14:56.363,0.97545,0.97585,1.20,0.20
2008.02.15 05:14:58.936,0.97545,0.97585,4.40,1.30
2008.02.15 05:14:59.131,0.97545,0.97585,1.40,3.70
2008.02.15 05:15:02.097,0.97545,0.97585,1.10,3.70
2008.02.15 05:15:03.363,0.97545,0.97585,1.30,1.30
2008.02.15 05:15:03.472,0.97545,0.97585,1.00,0.50
2008.02.15 05:15:04.292,0.97545,0.97585,0.60,0.50
2008.02.15 05:15:04.463,0.97545,0.97585,2.70,0.50
2008.02.15 05:15:04.937,0.97545,0.97585,2.40,0.50
2008.02.15 05:15:05.065,0.97545,0.97585,1.40,3.70
2008.02.15 05:15:06.671,0.97555,0.97585,0.50,1.30
2008.02.15 05:15:06.795,0.97555,0.97585,1.00,1.30
2008.02.15 05:15:06.943,0.97555,0.97585,1.20,0.20
2008.02.15 05:15:07.127,0.97555,0.97585,0.70,0.20
2008.02.15 05:15:07.276,0.97555,0.97585,0.90,0.20
2008.02.15 05:15:07.614,0.97555,0.9759,1.30,0.50
2008.02.15 05:15:07.762,0.97555,0.9759,1.50,0.50
2008.02.15 05:15:08.368,0.97555,0.9759,1.40,0.20
2008.02.15 05:15:09.657,0.97555,0.9759,1.40,0.20
2008.02.15 05:15:10.340,0.9755,0.9759,1.40,0.20
2008.02.15 05:15:10.495,0.9755,0.97585,1.80,0.20
2008.02.15 05:15:10.619,0.97545,0.97585,0.90,0.20
2008.02.15 05:15:10.742,0.97545,0.97585,1.70,0.20
2008.02.15 05:15:10.872,0.97545,0.97585,0.50,0.20
2008.02.15 05:15:11.349,0.97545,0.97585,0.50,0.20
2008.02.15 05:15:16.212,0.97545,0.97585,8.80,0.20
2008.02.15 05:15:16.339,0.97545,0.97585,7.20,0.20
2008.02.15 05:15:17.294,0.97545,0.97585,7.20,0.20
2008.02.15 05:15:17.443,0.97545,0.97585,7.20,0.20
2008.02.15 05:15:17.594,0.97545,0.97585,7.20,0.20
2008.02.15 05:15:17.831,0.9755,0.9759,4.00,0.20
2008.02.15 05:15:18.102,0.9755,0.9759,4.00,0.20
2008.02.15 05:15:18.251,0.9755,0.97585,4.00,0.20
2008.02.15 05:15:18.429,0.97545,0.97585,7.20,0.20
2008.02.15 05:15:19.933,0.97545,0.97585,7.20,0.20
2008.02.15 05:15:20.135,0.97545,0.97585,7.20,0.20
2008.02.15 05:15:20.443,0.9755,0.97585,4.00,0.20
2008.02.15 05:15:20.648,0.97555,0.97585,2.40,0.20
2008.02.15 05:15:20.846,0.97555,0.97585,2.40,0.20
2008.02.15 05:15:20.955,0.97555,0.97585,9.60,0.20
2008.02.15 05:15:21.063,0.97555,0.97585,6.40,0.20
2008.02.15 05:15:21.215,0.97555,0.9759,6.40,0.20
2008.02.15 05:15:21.355,0.97555,0.9759,6.40,0.20
2008.02.15 05:15:21.480,0.97555,0.9759,9.60,0.20
2008.02.15 05:15:23.097,0.97555,0.9759,13.60,0.20
2008.02.15 05:15:23.513,0.9757,0.9759,0.30,0.20
2008.02.15 05:15:24.124,0.9757,0.9759,0.30,0.20
2008.02.15 05:15:24.388,0.9756,0.97585,0.30,0.20
2008.02.15 05:15:24.558,0.9756,0.97585,0.30,0.20
2008.02.15 05:15:24.852,0.9756,0.97585,0.30,0.20
2008.02.15 05:15:25.439,0.9756,0.97585,0.30,0.20
2008.02.15 05:15:25.634,0.9756,0.9759,0.30,0.20
2008.02.15 05:15:26.385,0.9756,0.9759,0.30,0.20
2008.02.15 05:15:26.680,0.9756,0.97595,0.30,0.20
2008.02.15 05:15:26.701,0.9756,0.97595,0.30,0.20
2008.02.15 05:15:27.411,0.9756,0.97595,0.30,0.20
2008.02.15 05:15:34.290,0.9756,0.97595,0.30,0.20
2008.02.15 05:15:34.437,0.97565,0.97595,2.40,0.20
2008.02.15 05:15:34.591,0.97565,0.97595,2.40,0.20
2008.02.15 05:15:34.788,0.97565,0.976,2.40,0.40
2008.02.15 05:15:34.911,0.9757,0.976,0.30,0.20
2008.02.15 05:15:35.034,0.9757,0.976,0.30,0.20
2008.02.15 05:15:37.421,0.9757,0.976,0.30,0.20
2008.02.15 05:15:37.731,0.9757,0.976,0.30,0.20
2008.02.15 05:15:39.447,0.9757,0.976,0.30,0.20
2008.02.15 05:15:39.515,0.9757,0.97605,0.30,1.70
2008.02.15 05:15:39.584,0.9757,0.97605,0.30,4.10
2008.02.15 05:15:39.704,0.9757,0.97605,0.30,2.50
2008.02.15 05:15:41.449,0.9757,0.97605,0.30,2.50
2008.02.15 05:15:41.515,0.9757,0.97605,0.30,2.50
2008.02.15 05:15:48.480,0.9757,0.97605,0.30,2.50
2008.02.15 05:15:48.596,0.9757,0.97605,0.30,2.50
2008.02.15 05:15:48.836,0.9757,0.97605,0.30,0.20
2008.02.15 05:15:49.010,0.9757,0.9761,0.30,0.20
2008.02.15 05:15:49.430,0.9757,0.9761,0.30,0.20
2008.02.15 05:15:49.604,0.9758,0.9761,0.30,0.20
2008.02.15 05:15:51.044,0.9758,0.9761,0.30,0.20
2008.02.15 05:15:51.160,0.9758,0.9761,0.30,0.40
2008.02.15 05:15:51.976,0.9758,0.9761,0.30,0.20
2008.02.15 05:15:52.162,0.9758,0.97615,0.30,7.30
2008.02.15 05:15:52.423,0.9758,0.97615,0.30,3.30
2008.02.15 05:15:53.623,0.9758,0.97615,0.30,3.30
2008.02.15 05:15:54.618,0.9758,0.97615,0.30,3.20
2008.02.15 05:15:54.816,0.9758,0.97615,0.30,3.20
2008.02.15 05:15:54.936,0.9758,0.9762,0.30,0.40
2008.02.15 05:16:00.578,0.9758,0.9762,0.30,0.40
2008.02.15 05:16:00.772,0.97585,0.9762,1.10,0.20
2008.02.15 05:16:01.025,0.97585,0.9762,1.30,0.20
2008.02.15 05:16:01.217,0.9759,0.97625,0.30,4.10
2008.02.15 05:16:01.971,0.9759,0.97625,0.30,4.10
2008.02.15 05:16:02.177,0.9759,0.97615,0.30,0.20
2008.02.15 05:16:02.343,0.9759,0.97615,0.30,0.20
2008.02.15 05:16:02.626,0.9759,0.97615,0.30,0.20
2008.02.15 05:16:02.794,0.9759,0.97615,0.30,0.20
2008.02.15 05:16:02.989,0.9759,0.97615,0.30,0.20
2008.02.15 05:16:05.415,0.9759,0.97615,0.30,0.20
2008.02.15 05:16:08.482,0.9759,0.97615,0.30,0.20
2008.02.15 05:16:08.565,0.9759,0.9762,0.30,0.20
2008.02.15 05:16:08.649,0.9759,0.97625,0.30,4.10
2008.02.15 05:16:08.883,0.9759,0.97625,0.30,4.10
2008.02.15 05:16:13.115,0.9759,0.97615,0.30,2.50
2008.02.15 05:16:13.227,0.9759,0.97615,0.30,3.30
2008.02.15 05:16:13.392,0.9759,0.97615,0.30,3.30
2008.02.15 05:16:13.619,0.9759,0.97615,0.30,3.30
2008.02.15 05:16:18.328,0.9759,0.97615,0.30,3.30
2008.02.15 05:16:18.438,0.9758,0.97615,0.30,5.70
2008.02.15 05:16:18.621,0.9758,0.97615,0.30,5.70
2008.02.15 05:16:19.031,0.9758,0.97615,0.30,5.70
2008.02.15 05:16:19.279,0.9758,0.97615,0.30,6.50
2008.02.15 05:16:19.641,0.9758,0.97615,0.30,6.50
2008.02.15 05:16:25.013,0.9758,0.97615,0.30,6.40
2008.02.15 05:16:25.131,0.9758,0.97615,0.30,3.20
2008.02.15 05:16:25.317,0.9758,0.9762,0.30,4.30
2008.02.15 05:16:26.547,0.9758,0.97615,0.30,0.20
2008.02.15 05:16:26.681,0.97575,0.97615,4.00,0.20
2008.02.15 05:16:26.890,0.97575,0.97615,4.00,0.20
2008.02.15 05:16:27.059,0.9757,0.97615,4.20,0.20
2008.02.15 05:16:27.302,0.9757,0.9761,4.20,0.20
2008.02.15 05:16:27.455,0.9757,0.9761,0.30,0.20
2008.02.15 05:16:27.726,0.9757,0.97605,0.30,0.90
2008.02.15 05:16:27.873,0.9757,0.97605,0.30,3.30
2008.02.15 05:16:27.891,0.9757,0.97605,0.30,3.30
2008.02.15 05:16:28.205,0.9757,0.97605,0.30,3.30
2008.02.15 05:16:29.489,0.9757,0.97605,0.30,3.20
2008.02.15 05:16:29.651,0.9757,0.97605,0.30,0.80
2008.02.15 05:16:30.011,0.9757,0.9761,0.30,0.40
2008.02.15 05:16:30.166,0.9757,0.9761,0.30,0.40
2008.02.15 05:16:30.430,0.9758,0.9761,0.30,0.40
2008.02.15 05:16:30.677,0.9758,0.9761,0.30,0.40
2008.02.15 05:16:30.858,0.9758,0.97605,0.30,3.20
2008.02.15 05:16:33.030,0.9758,0.97605,0.30,3.20
2008.02.15 05:16:33.236,0.9758,0.97595,0.30,0.20
2008.02.15 05:16:33.248,0.9757,0.97595,0.30,0.20
2008.02.15 05:16:33.376,0.9757,0.97595,0.30,0.20
2008.02.15 05:16:33.604,0.9757,0.97595,0.30,0.20
2008.02.15 05:16:33.659,0.9757,0.97605,0.30,6.50
2008.02.15 05:16:33.788,0.9757,0.97605,0.30,7.30
2008.02.15 05:16:38.106,0.9757,0.97605,0.30,0.90
2008.02.15 05:16:38.185,0.9757,0.97595,0.30,0.20
2008.02.15 05:16:38.456,0.9757,0.97595,0.30,0.20
2008.02.15 05:16:38.750,0.9757,0.97595,0.30,0.20
2008.02.15 05:16:38.981,0.9757,0.97595,0.30,0.20
2008.02.15 05:16:39.205,0.9757,0.97595,0.30,0.20
2008.02.15 05:16:40.647,0.9757,0.97595,0.30,0.20
2008.02.15 05:16:43.578,0.9757,0.976,0.30,0.20
2008.02.15 05:16:43.742,0.9758,0.97605,0.30,5.60
2008.02.15 05:16:43.905,0.9758,0.97605,0.30,4.00
2008.02.15 05:16:44.069,0.9758,0.9761,0.30,0.40
2008.02.15 05:16:45.184,0.9758,0.9761,0.30,0.40
2008.02.15 05:16:45.361,0.9758,0.9761,0.30,0.40
2008.02.15 05:16:45.611,0.9758,0.97605,0.30,2.50
2008.02.15 05:16:45.759,0.9757,0.97605,0.30,3.30
2008.02.15 05:16:50.388,0.9757,0.97605,0.30,3.30
2008.02.15 05:16:50.625,0.9757,0.97605,0.30,3.30
2008.02.15 05:16:51.025,0.9757,0.97605,0.30,3.30
2008.02.15 05:16:51.268,0.97575,0.97605,2.40,3.20
2008.02.15 05:16:51.511,0.97575,0.9761,2.40,0.20
2008.02.15 05:16:51.755,0.97575,0.9761,2.40,0.20
2008.02.15 05:16:52.855,0.97575,0.9761,2.40,0.20
2008.02.15 05:16:54.052,0.97575,0.97615,2.40,3.30
2008.02.15 05:16:54.405,0.97575,0.97615,2.40,3.30
2008.02.15 05:16:54.533,0.97575,0.97615,9.60,0.20
2008.02.15 05:16:54.733,0.97575,0.97615,9.60,0.20
2008.02.15 05:16:54.874,0.9759,0.97615,0.30,0.20
2008.02.15 05:16:55.114,0.9759,0.97615,0.30,0.20
2008.02.15 05:16:55.288,0.9759,0.97615,0.30,0.20
2008.02.15 05:16:55.629,0.9759,0.97615,0.30,0.20
2008.02.15 05:16:55.801,0.9759,0.97615,0.30,3.30
2008.02.15 05:16:56.929,0.9759,0.97615,0.30,3.30
2008.02.15 05:16:57.046,0.9759,0.97615,0.30,3.30
2008.02.15 05:16:57.170,0.9759,0.97615,0.30,3.30
2008.02.15 05:16:57.356,0.9758,0.97615,0.30,5.70
2008.02.15 05:16:58.375,0.9758,0.97615,0.30,5.70
2008.02.15 05:16:58.553,0.9758,0.97615,0.30,3.30
2008.02.15 05:16:58.772,0.9758,0.97615,0.30,3.30
2008.02.15 05:16:59.029,0.9759,0.97615,0.30,3.30
2008.02.15 05:17:00.125,0.9759,0.97615,0.30,3.30
2008.02.15 05:17:00.307,0.9758,0.97615,0.30,3.30
2008.02.15 05:17:00.420,0.9758,0.97615,0.30,5.70
2008.02.15 05:17:01.731,0.9758,0.97615,0.30,5.70
2008.02.15 05:17:03.062,0.9758,0.97615,0.30,5.70
2008.02.15 05:17:03.245,0.9758,0.97605,0.30,2.40
2008.02.15 05:17:03.420,0.9758,0.97605,0.30,3.20
2008.02.15 05:17:03.683,0.9758,0.97605,0.30,3.20
2008.02.15 05:17:03.884,0.9758,0.97605,0.30,3.20
2008.02.15 05:17:06.346,0.9758,0.97605,0.30,3.20
2008.02.15 05:17:08.407,0.9758,0.9761,0.30,0.40
2008.02.15 05:17:08.616,0.9758,0.9761,0.30,0.40
2008.02.15 05:17:08.780,0.9758,0.9761,0.30,0.20
2008.02.15 05:17:08.898,0.9758,0.9761,0.30,0.20
2008.02.15 05:17:10.952,0.9758,0.9761,0.30,0.20
2008.02.15 05:17:11.096,0.9758,0.9761,0.30,0.20
2008.02.15 05:17:11.223,0.9758,0.9761,0.30,0.20
2008.02.15 05:17:11.276,0.9758,0.9761,0.30,0.20
2008.02.15 05:17:11.352,0.9758,0.9761,0.30,0.20
2008.02.15 05:17:11.492,0.9759,0.97615,0.30,3.20
2008.02.15 05:17:11.572,0.9759,0.97615,0.30,3.20
2008.02.15 05:17:12.358,0.9759,0.97615,0.30,3.20
2008.02.15 05:17:12.775,0.9759,0.97615,0.30,3.20
2008.02.15 05:17:12.903,0.9759,0.97615,0.30,3.20
2008.02.15 05:17:16.683,0.9759,0.97615,0.30,3.20
2008.02.15 05:17:19.322,0.9759,0.97615,0.30,0.60
2008.02.15 05:17:21.793,0.9759,0.97615,0.30,3.20
2008.02.15 05:17:22.117,0.9759,0.97615,0.30,3.20
2008.02.15 05:17:25.586,0.9759,0.97615,0.30,3.20
2008.02.15 05:17:25.680,0.9759,0.97615,0.30,3.30
2008.02.15 05:17:25.880,0.9758,0.97615,4.00,3.30
2008.02.15 05:17:25.948,0.97575,0.97615,4.00,3.30
2008.02.15 05:17:26.034,0.97575,0.97615,4.00,3.30
2008.02.15 05:17:26.412,0.97575,0.97615,4.00,3.30
2008.02.15 05:17:26.889,0.97575,0.97615,4.00,3.30
2008.02.15 05:17:27.132,0.97575,0.97615,4.00,3.30
2008.02.15 05:17:30.661,0.9757,0.97615,4.20,3.20
2008.02.15 05:17:30.776,0.9757,0.97615,4.20,3.20
2008.02.15 05:17:30.849,0.97575,0.97615,5.60,3.20
2008.02.15 05:17:31.016,0.97575,0.97615,5.60,3.20
2008.02.15 05:17:31.263,0.9759,0.97615,0.30,3.20
2008.02.15 05:17:31.412,0.9759,0.97615,0.30,3.20
2008.02.15 05:17:32.129,0.9759,0.97615,0.30,3.20
2008.02.15 05:17:34.266,0.9759,0.97615,0.30,3.20
2008.02.15 05:17:34.360,0.97575,0.97615,8.00,3.30
2008.02.15 05:17:34.528,0.97575,0.97615,4.00,3.30
2008.02.15 05:17:35.892,0.9757,0.9761,4.20,0.20
2008.02.15 05:17:36.152,0.9757,0.9761,0.30,0.20
2008.02.15 05:17:36.873,0.9757,0.9761,0.30,0.20
2008.02.15 05:17:37.086,0.9757,0.97605,0.30,3.20
2008.02.15 05:17:37.394,0.9757,0.97605,0.30,3.30
2008.02.15 05:17:37.607,0.9757,0.97605,0.30,3.30
2008.02.15 05:17:37.971,0.9757,0.97605,0.30,3.30
2008.02.15 05:17:38.610,0.9757,0.97605,0.30,3.30
2008.02.15 05:17:39.114,0.9757,0.97605,0.30,3.30
2008.02.15 05:17:39.260,0.9757,0.97605,0.30,3.30
2008.02.15 05:17:40.661,0.9757,0.97605,0.30,3.30
2008.02.15 05:17:41.245,0.9757,0.976,0.30,0.20
2008.02.15 05:17:41.379,0.9757,0.976,0.30,0.20
2008.02.15 05:17:41.578,0.9757,0.976,0.30,0.20
2008.02.15 05:17:41.841,0.9757,0.976,0.30,0.40
2008.02.15 05:17:41.987,0.9757,0.976,0.30,0.40
2008.02.15 05:17:42.225,0.9757,0.976,0.30,0.40
2008.02.15 05:17:42.408,0.9757,0.97595,0.30,2.40
2008.02.15 05:17:42.713,0.9757,0.97595,0.30,2.40
2008.02.15 05:17:43.420,0.9757,0.97595,0.30,2.40
2008.02.15 05:17:43.461,0.9757,0.976,0.30,0.40
2008.02.15 05:17:43.575,0.9757,0.976,0.30,0.20
2008.02.15 05:17:43.761,0.9757,0.976,0.30,0.20
2008.02.15 05:17:43.951,0.9757,0.976,0.30,0.20
2008.02.15 05:17:44.169,0.9757,0.976,0.30,0.20
2008.02.15 05:17:45.410,0.9757,0.976,0.30,0.20
2008.02.15 05:17:45.915,0.9757,0.976,0.30,0.20
2008.02.15 05:17:46.008,0.9757,0.976,0.30,0.20
2008.02.15 05:17:49.156,0.9757,0.976,0.30,0.20
2008.02.15 05:17:49.402,0.97575,0.976,2.40,0.20
2008.02.15 05:17:49.560,0.9758,0.97605,0.30,0.80
2008.02.15 05:17:49.571,0.9758,0.9761,0.30,0.20
2008.02.15 05:17:49.660,0.9758,0.9761,0.30,0.20
2008.02.15 05:17:49.808,0.9758,0.9761,0.30,0.20
2008.02.15 05:17:50.694,0.9758,0.9761,0.30,0.20
2008.02.15 05:17:51.422,0.9758,0.9761,0.30,0.20
2008.02.15 05:17:51.696,0.9758,0.9761,0.30,0.20
2008.02.15 05:17:51.931,0.9758,0.9761,0.30,0.20
2008.02.15 05:17:52.222,0.9759,0.97615,0.30,3.30
2008.02.15 05:17:52.319,0.9759,0.97615,0.30,0.20
2008.02.15 05:17:52.428,0.9759,0.9762,0.30,0.20
2008.02.15 05:17:52.641,0.9759,0.9762,0.30,0.20
2008.02.15 05:17:52.916,0.9759,0.9762,0.30,0.20
2008.02.15 05:17:53.119,0.9759,0.9762,0.30,0.40
2008.02.15 05:17:53.359,0.97595,0.9762,2.40,0.40
2008.02.15 05:17:53.566,0.97595,0.9762,3.20,0.20
2008.02.15 05:17:53.765,0.97595,0.9763,3.20,4.30
2008.02.15 05:17:54.038,0.97595,0.9763,3.20,4.30
2008.02.15 05:17:54.236,0.97595,0.9763,3.20,0.40
2008.02.15 05:17:55.596,0.97595,0.9763,3.20,0.40
2008.02.15 05:17:55.739,0.976,0.9763,0.30,0.20
2008.02.15 05:17:55.955,0.976,0.9763,0.30,0.20
2008.02.15 05:17:56.181,0.976,0.9763,0.30,0.20
2008.02.15 05:17:56.324,0.976,0.9763,0.30,0.20
2008.02.15 05:17:56.475,0.976,0.9763,0.30,0.20
2008.02.15 05:17:56.840,0.976,0.9763,0.30,0.20
2008.02.15 05:17:58.126,0.976,0.9763,0.30,0.20
2008.02.15 05:17:58.229,0.976,0.9763,0.30,0.20
2008.02.15 05:17:59.473,0.976,0.9763,0.30,0.20
2008.02.15 05:17:59.612,0.976,0.97625,0.30,0.90
2008.02.15 05:17:59.801,0.976,0.97625,0.30,3.30
2008.02.15 05:17:59.988,0.97595,0.9762,2.40,0.20
2008.02.15 05:18:00.252,0.97595,0.9762,2.40,0.40
2008.02.15 05:18:00.438,0.97585,0.97615,4.00,0.20
2008.02.15 05:18:00.703,0.9758,0.97615,0.30,0.20
2008.02.15 05:18:01.004,0.9758,0.97615,0.30,0.20
2008.02.15 05:18:01.197,0.9758,0.97615,0.30,0.20
2008.02.15 05:18:01.420,0.9758,0.97615,0.30,0.20
2008.02.15 05:18:01.637,0.9758,0.97615,0.30,3.30
2008.02.15 05:18:01.831,0.9757,0.9761,4.20,0.40
2008.02.15 05:18:02.069,0.9757,0.97605,4.20,0.20
2008.02.15 05:18:02.330,0.97585,0.9761,4.80,0.20
2008.02.15 05:18:02.446,0.97585,0.97615,4.80,0.20
2008.02.15 05:18:02.634,0.97585,0.9762,4.80,0.40
2008.02.15 05:18:02.823,0.97585,0.97615,2.40,0.20
2008.02.15 05:18:03.031,0.97585,0.97615,2.40,0.20
2008.02.15 05:18:03.249,0.97585,0.97615,2.40,0.20
2008.02.15 05:18:03.502,0.97585,0.97615,2.40,3.30
2008.02.15 05:18:03.727,0.97585,0.97615,2.40,3.30
2008.02.15 05:18:04.164,0.97585,0.97615,2.40,3.20
2008.02.15 05:18:04.347,0.97585,0.9762,8.80,0.20
2008.02.15 05:18:04.611,0.97585,0.9762,8.80,0.20
2008.02.15 05:18:04.784,0.97595,0.9762,2.40,0.20
2008.02.15 05:18:05.105,0.97595,0.9762,2.40,0.20
2008.02.15 05:18:05.273,0.97595,0.9762,2.40,0.20
2008.02.15 05:18:05.561,0.97595,0.9762,0.70,0.20
2008.02.15 05:18:06.614,0.97595,0.9762,0.50,0.20
2008.02.15 05:18:06.758,0.97595,0.9762,0.60,0.20
2008.02.15 05:18:07.748,0.97595,0.9762,0.80,0.20
2008.02.15 05:18:07.831,0.97595,0.9762,0.70,0.20
2008.02.15 05:18:08.630,0.97595,0.9762,2.20,0.20
2008.02.15 05:18:08.825,0.97605,0.97625,1.60,0.20
2008.02.15 05:18:08.979,0.97605,0.9763,1.30,0.20
2008.02.15 05:18:09.219,0.97605,0.9763,1.40,0.20
2008.02.15 05:18:09.632,0.97605,0.9763,1.30,0.20
2008.02.15 05:18:10.383,0.97605,0.9763,0.80,0.20
2008.02.15 05:18:10.544,0.97595,0.9762,2.00,0.20
2008.02.15 05:18:10.775,0.97595,0.9762,0.90,0.20
2008.02.15 05:18:13.676,0.97595,0.9762,1.00,0.20
2008.02.15 05:18:13.804,0.97595,0.9762,1.10,0.20
2008.02.15 05:18:14.161,0.97595,0.9762,1.40,0.20
2008.02.15 05:18:14.363,0.9759,0.9762,0.30,0.20
2008.02.15 05:18:14.417,0.9759,0.9762,0.30,0.20
2008.02.15 05:18:14.596,0.9759,0.9762,0.30,0.20
2008.02.15 05:18:15.690,0.9759,0.9762,0.30,0.20
2008.02.15 05:18:15.894,0.9759,0.9762,0.30,0.20
2008.02.15 05:18:16.093,0.9759,0.9762,0.30,0.40
2008.02.15 05:18:18.281,0.9759,0.9762,0.30,0.20
2008.02.15 05:18:18.371,0.9759,0.97625,0.30,1.70
2008.02.15 05:18:18.472,0.9759,0.97625,0.30,3.30
2008.02.15 05:18:19.041,0.9759,0.97625,0.30,3.30
2008.02.15 05:18:19.284,0.9759,0.9762,0.30,0.20
2008.02.15 05:18:19.571,0.97575,0.9762,2.90,0.20
2008.02.15 05:18:19.814,0.97575,0.9762,1.30,0.20
2008.02.15 05:18:20.034,0.97575,0.9762,2.60,0.20
2008.02.15 05:18:21.876,0.97585,0.9762,1.30,0.20
2008.02.15 05:18:22.142,0.97585,0.9762,1.00,0.20
2008.02.15 05:18:22.265,0.97585,0.97615,1.40,2.40
2008.02.15 05:18:22.373,0.97585,0.97615,1.40,3.20
2008.02.15 05:18:23.656,0.9759,0.97615,0.30,3.20
2008.02.15 05:18:24.398,0.9759,0.97615,0.30,3.20
2008.02.15 05:18:24.487,0.9759,0.97615,0.30,3.20
2008.02.15 05:18:24.892,0.9759,0.97615,0.30,3.20
2008.02.15 05:18:27.786,0.9759,0.97615,0.30,0.80
2008.02.15 05:18:27.899,0.9759,0.9762,0.30,0.20
2008.02.15 05:18:29.272,0.9759,0.9762,0.30,0.20
2008.02.15 05:18:29.365,0.97585,0.976,1.60,0.20
2008.02.15 05:18:29.510,0.9757,0.976,0.30,0.20
2008.02.15 05:18:29.616,0.9757,0.976,0.30,0.20
2008.02.15 05:18:29.879,0.9757,0.976,0.30,0.20
2008.02.15 05:18:30.614,0.9757,0.976,0.30,0.20
2008.02.15 05:18:30.804,0.9757,0.97605,0.30,2.40
2008.02.15 05:18:30.992,0.9757,0.9761,0.30,0.40
2008.02.15 05:18:31.184,0.9757,0.9761,0.30,0.40
2008.02.15 05:18:31.371,0.9757,0.9761,0.30,0.40
2008.02.15 05:18:31.549,0.97575,0.9761,1.10,0.40
2008.02.15 05:18:31.887,0.97575,0.9761,0.70,0.40
2008.02.15 05:18:32.066,0.9757,0.9761,0.60,0.40
2008.02.15 05:18:33.402,0.9757,0.9761,1.40,0.40
2008.02.15 05:18:33.497,0.9757,0.9761,2.00,0.40
2008.02.15 05:18:33.668,0.97575,0.9761,0.60,0.20
2008.02.15 05:18:34.037,0.97575,0.9761,0.50,0.20
2008.02.15 05:18:34.339,0.9758,0.9761,0.30,0.20
2008.02.15 05:18:36.350,0.97575,0.9761,1.60,0.40
2008.02.15 05:18:36.377,0.97575,0.97615,3.20,0.20
2008.02.15 05:18:36.571,0.97575,0.97615,3.20,0.20
2008.02.15 05:18:36.756,0.97575,0.97615,7.20,0.20
2008.02.15 05:18:39.147,0.97575,0.97615,4.80,0.20
2008.02.15 05:18:39.292,0.97575,0.97615,4.00,3.30
2008.02.15 05:18:39.396,0.97575,0.97615,6.40,3.30
2008.02.15 05:18:39.559,0.97575,0.9761,2.40,0.20
2008.02.15 05:18:39.851,0.97575,0.9761,2.40,0.40
2008.02.15 05:18:40.357,0.97575,0.9761,2.40,0.40
2008.02.15 05:18:40.521,0.97575,0.9761,3.20,0.20
2008.02.15 05:18:40.712,0.97575,0.97615,3.20,0.20
2008.02.15 05:18:40.900,0.97575,0.97615,7.20,0.20
2008.02.15 05:18:41.613,0.97575,0.97615,7.20,0.20
2008.02.15 05:18:41.801,0.97575,0.97615,6.40,3.30
2008.02.15 05:18:42.028,0.97575,0.9761,6.40,0.20
2008.02.15 05:18:42.248,0.97575,0.9761,2.40,0.40
2008.02.15 05:18:42.693,0.97575,0.9761,2.40,0.40
2008.02.15 05:18:43.578,0.97575,0.9761,2.40,0.40
2008.02.15 05:18:43.861,0.97575,0.9761,4.80,0.40
2008.02.15 05:18:44.045,0.9758,0.97615,0.30,0.80
2008.02.15 05:18:44.153,0.9758,0.9762,4.20,0.40
2008.02.15 05:18:44.364,0.9758,0.9762,4.20,0.40
2008.02.15 05:18:44.472,0.97585,0.97625,3.20,0.20
2008.02.15 05:18:44.607,0.97585,0.97625,7.20,0.20
2008.02.15 05:18:45.328,0.97585,0.97625,7.20,0.20
2008.02.15 05:18:46.380,0.97585,0.97625,7.20,0.20
2008.02.15 05:18:46.468,0.97585,0.9762,4.00,0.20
2008.02.15 05:18:46.655,0.97585,0.9762,4.00,0.20
2008.02.15 05:18:46.914,0.97585,0.9762,4.00,0.20
2008.02.15 05:18:46.928,0.97585,0.9762,4.00,0.20
2008.02.15 05:18:47.733,0.9758,0.97615,4.20,0.20
2008.02.15 05:18:48.020,0.9758,0.97615,4.20,0.20
2008.02.15 05:18:48.349,0.9758,0.97615,0.30,0.20
2008.02.15 05:18:49.121,0.9758,0.9762,0.30,0.40
2008.02.15 05:18:49.292,0.9758,0.9762,0.30,0.40
2008.02.15 05:18:49.666,0.9758,0.9762,4.20,0.40
2008.02.15 05:18:50.806,0.9758,0.9762,4.20,0.40
2008.02.15 05:19:00.277,0.9758,0.9762,4.20,0.40
2008.02.15 05:19:00.999,0.9758,0.9762,4.20,0.40
2008.02.15 05:19:01.362,0.97585,0.9762,2.40,0.40
2008.02.15 05:19:01.569,0.97585,0.9762,3.20,0.20
2008.02.15 05:19:01.733,0.9758,0.97625,4.20,5.70
2008.02.15 05:19:01.974,0.9758,0.97625,4.20,5.70
2008.02.15 05:19:02.113,0.97585,0.9762,4.00,0.20
2008.02.15 05:19:02.409,0.9758,0.9762,4.20,0.40
2008.02.15 05:19:02.601,0.9758,0.97615,4.20,0.20
2008.02.15 05:19:02.737,0.9758,0.97615,4.20,0.20
2008.02.15 05:19:02.960,0.9758,0.97615,4.20,0.20
2008.02.15 05:19:03.261,0.9758,0.97615,4.20,0.20
2008.02.15 05:19:03.489,0.9758,0.97615,0.30,0.20
2008.02.15 05:19:03.711,0.9758,0.9762,0.30,0.40
2008.02.15 05:19:04.034,0.9758,0.9762,4.20,0.40
2008.02.15 05:19:05.263,0.9758,0.9762,4.20,0.40
2008.02.15 05:19:05.356,0.9758,0.9762,4.20,0.40
2008.02.15 05:19:05.492,0.9758,0.9761,4.20,0.20
2008.02.15 05:19:05.665,0.9758,0.9761,0.30,0.20
2008.02.15 05:19:05.759,0.9758,0.9761,0.30,0.20
2008.02.15 05:19:05.876,0.9758,0.9761,0.30,0.20
2008.02.15 05:19:06.015,0.9758,0.9762,0.30,4.30
2008.02.15 05:19:06.686,0.9758,0.9762,0.30,4.30
2008.02.15 05:19:06.930,0.9758,0.9762,4.20,0.40
2008.02.15 05:19:07.123,0.9758,0.9762,4.20,0.40
2008.02.15 05:19:07.244,0.97585,0.9762,3.20,0.40
2008.02.15 05:19:07.540,0.97585,0.9762,3.20,0.40
2008.02.15 05:19:07.664,0.97585,0.9762,7.20,0.20
2008.02.15 05:19:07.788,0.97585,0.97625,7.20,0.20
2008.02.15 05:19:08.627,0.97585,0.97625,0.60,0.20
2008.02.15 05:19:09.160,0.97585,0.97625,3.80,0.20
2008.02.15 05:19:09.250,0.97585,0.9761,0.70,0.20
2008.02.15 05:19:09.395,0.97585,0.9761,2.40,0.20
2008.02.15 05:19:09.600,0.97585,0.9761,1.30,0.40
2008.02.15 05:19:09.699,0.97585,0.9761,1.40,0.40
2008.02.15 05:19:10.392,0.97575,0.9761,0.50,0.40
2008.02.15 05:19:10.909,0.97575,0.9761,0.70,0.40
2008.02.15 05:19:11.830,0.97575,0.97605,0.70,0.20
2008.02.15 05:19:11.989,0.97575,0.97605,2.00,0.20
2008.02.15 05:19:12.149,0.97575,0.97605,3.20,0.20
2008.02.15 05:19:12.374,0.97575,0.97605,1.90,0.20
2008.02.15 05:19:12.632,0.97575,0.976,0.50,0.20
2008.02.15 05:19:14.891,0.97575,0.976,1.20,0.20
2008.02.15 05:19:15.114,0.9757,0.976,0.30,0.20
2008.02.15 05:19:15.241,0.9757,0.9761,1.60,0.40
2008.02.15 05:19:15.396,0.97575,0.9761,1.10,0.40
2008.02.15 05:19:15.871,0.97575,0.9761,1.90,0.40
2008.02.15 05:19:16.128,0.9757,0.9761,2.50,0.40
2008.02.15 05:19:18.095,0.9757,0.9761,0.50,0.40
2008.02.15 05:19:18.217,0.97575,0.9761,1.00,0.40
2008.02.15 05:19:18.586,0.97575,0.97605,0.70,0.20
2008.02.15 05:19:18.815,0.97575,0.976,1.20,0.20
2008.02.15 05:19:19.743,0.97575,0.976,0.50,0.20
2008.02.15 05:19:22.180,0.97575,0.976,1.20,0.20
2008.02.15 05:19:24.574,0.97575,0.976,0.80,0.20
2008.02.15 05:19:31.588,0.9757,0.976,0.30,0.20
2008.02.15 05:19:31.791,0.9757,0.97605,0.30,0.20
2008.02.15 05:19:31.995,0.9757,0.9761,0.30,0.40
2008.02.15 05:19:32.197,0.9757,0.9761,0.50,0.40
2008.02.15 05:19:32.421,0.9757,0.9761,2.30,0.40
2008.02.15 05:19:32.604,0.97575,0.9761,1.40,0.40
2008.02.15 05:19:32.931,0.97575,0.9761,1.70,0.40
2008.02.15 05:19:33.157,0.9757,0.9761,2.20,0.40
2008.02.15 05:19:33.939,0.9757,0.9761,1.70,0.40
2008.02.15 05:19:34.042,0.9758,0.9761,0.30,0.20
2008.02.15 05:19:34.758,0.9758,0.9761,0.30,0.20
2008.02.15 05:19:36.025,0.9758,0.9761,0.30,0.20
2008.02.15 05:19:36.218,0.9758,0.9761,0.30,0.40
2008.02.15 05:19:36.400,0.9758,0.9761,0.30,0.40
2008.02.15 05:19:36.468,0.9758,0.9761,0.30,0.40
2008.02.15 05:19:42.017,0.9758,0.9761,0.30,0.40
2008.02.15 05:19:42.146,0.9758,0.97605,0.30,0.20
2008.02.15 05:19:42.372,0.9758,0.97605,0.30,0.20
2008.02.15 05:19:42.525,0.97575,0.976,2.40,0.20
2008.02.15 05:19:43.647,0.97575,0.976,2.40,0.20
2008.02.15 05:19:43.777,0.97575,0.976,2.40,0.20
2008.02.15 05:19:43.906,0.9757,0.976,0.30,0.40
2008.02.15 05:19:44.192,0.9757,0.976,0.30,0.40
2008.02.15 05:19:44.361,0.9757,0.976,0.30,0.40
2008.02.15 05:19:44.531,0.9757,0.976,0.30,0.40
2008.02.15 05:19:44.725,0.97565,0.9759,2.40,0.20
2008.02.15 05:19:45.353,0.97565,0.9759,2.40,0.20
2008.02.15 05:19:45.547,0.9756,0.976,4.20,0.40
2008.02.15 05:19:45.726,0.9756,0.976,4.20,0.40
2008.02.15 05:19:46.655,0.9756,0.976,4.20,0.40
2008.02.15 05:19:46.814,0.97565,0.976,2.40,0.40
2008.02.15 05:19:47.136,0.97565,0.976,2.40,0.40
2008.02.15 05:19:47.371,0.97565,0.9759,2.40,0.20
2008.02.15 05:19:47.863,0.97565,0.9759,2.40,0.20
2008.02.15 05:19:48.023,0.9756,0.9758,4.00,0.20
2008.02.15 05:19:48.180,0.97555,0.9758,3.20,0.20
2008.02.15 05:19:48.357,0.97555,0.9758,5.60,0.40
2008.02.15 05:19:48.541,0.9756,0.97595,0.30,7.40
2008.02.15 05:19:48.699,0.9756,0.97595,0.30,5.70
2008.02.15 05:19:48.908,0.9756,0.9759,0.30,0.20
2008.02.15 05:19:49.116,0.9756,0.9759,4.00,0.20
2008.02.15 05:19:49.326,0.97565,0.9759,2.40,0.20
2008.02.15 05:19:49.601,0.97565,0.9759,4.80,0.20
2008.02.15 05:19:49.887,0.97565,0.976,3.20,4.00
2008.02.15 05:19:50.388,0.97565,0.976,3.20,4.00
2008.02.15 05:19:51.404,0.97565,0.976,3.20,4.00
2008.02.15 05:19:54.524,0.97565,0.976,3.20,4.00
2008.02.15 05:19:57.081,0.97565,0.976,3.20,4.00
2008.02.15 05:19:58.509,0.97565,0.976,3.20,4.00
2008.02.15 05:20:01.952,0.97565,0.97605,4.80,2.50
2008.02.15 05:20:02.039,0.97565,0.976,4.00,0.20
2008.02.15 05:20:02.319,0.97565,0.976,4.00,0.20
2008.02.15 05:20:02.618,0.9756,0.976,4.20,0.40
2008.02.15 05:20:07.083,0.9756,0.976,1.50,0.40
2008.02.15 05:20:14.420,0.9756,0.976,0.80,0.40
2008.02.15 05:20:14.688,0.9757,0.976,0.30,0.20
2008.02.15 05:20:16.640,0.9757,0.976,0.30,0.20
2008.02.15 05:20:16.876,0.9757,0.976,0.30,0.20
2008.02.15 05:20:17.034,0.9757,0.976,0.30,0.20
2008.02.15 05:20:17.150,0.9757,0.976,0.30,0.40
2008.02.15 05:20:21.586,0.9757,0.976,0.30,0.40
2008.02.15 05:20:26.554,0.9757,0.976,0.30,0.20
2008.02.15 05:20:26.890,0.97575,0.976,1.60,0.20
2008.02.15 05:20:28.328,0.97575,0.976,1.60,0.20
2008.02.15 05:20:30.575,0.97575,0.976,1.10,0.20
2008.02.15 05:20:32.872,0.97575,0.976,0.70,0.20
2008.02.15 05:20:32.987,0.9757,0.97605,0.30,0.80
2008.02.15 05:20:33.150,0.9757,0.9761,0.30,0.40
2008.02.15 05:20:33.227,0.9757,0.9761,0.30,0.40
2008.02.15 05:20:33.342,0.9757,0.9761,0.30,0.40
2008.02.15 05:20:33.435,0.9757,0.9761,0.30,0.40
2008.02.15 05:20:33.532,0.9757,0.9761,0.30,0.40
2008.02.15 05:20:33.807,0.97575,0.97605,0.60,0.60
2008.02.15 05:20:34.127,0.97575,0.976,0.50,0.20
2008.02.15 05:20:34.868,0.97575,0.976,0.50,0.20
2008.02.15 05:20:35.007,0.9757,0.9761,0.30,0.40
2008.02.15 05:20:35.199,0.9757,0.9761,0.30,0.40
2008.02.15 05:20:35.337,0.9757,0.9761,0.30,0.40
2008.02.15 05:20:35.830,0.9757,0.9761,0.60,0.40
2008.02.15 05:20:46.577,0.9757,0.9761,4.20,0.40
2008.02.15 05:20:46.715,0.9757,0.97605,4.20,0.90
2008.02.15 05:20:46.802,0.97575,0.97605,2.40,0.50
2008.02.15 05:20:46.892,0.97575,0.97605,2.40,0.50
2008.02.15 05:20:47.090,0.97575,0.97605,2.40,0.50
2008.02.15 05:20:47.313,0.97575,0.976,2.40,0.20
2008.02.15 05:20:47.624,0.97575,0.976,2.40,0.20
2008.02.15 05:20:48.026,0.97575,0.976,2.40,0.40
2008.02.15 05:20:48.178,0.97565,0.976,4.00,0.40
2008.02.15 05:20:48.509,0.97565,0.976,4.00,0.40
2008.02.15 05:20:50.818,0.9756,0.976,0.30,0.20
2008.02.15 05:20:50.915,0.9756,0.97605,0.30,0.50
2008.02.15 05:20:51.012,0.97565,0.97605,3.20,0.60
2008.02.15 05:20:51.336,0.97565,0.97605,3.20,0.20
2008.02.15 05:20:54.557,0.97565,0.97605,3.20,0.20
2008.02.15 05:20:55.452,0.97565,0.97605,3.20,0.20
2008.02.15 05:20:58.206,0.97565,0.97605,3.20,0.20
2008.02.15 05:21:04.542,0.97565,0.9761,3.20,0.50
2008.02.15 05:21:04.730,0.97565,0.9761,4.80,0.60
2008.02.15 05:21:04.828,0.97565,0.9761,4.80,0.60
2008.02.15 05:21:05.061,0.97565,0.97605,8.80,0.20
2008.02.15 05:21:05.294,0.97565,0.97605,7.20,0.20
2008.02.15 05:21:05.612,0.97565,0.9761,3.20,0.60
2008.02.15 05:21:05.845,0.97565,0.9761,4.80,0.60
2008.02.15 05:21:06.911,0.97565,0.9761,8.80,0.20
2008.02.15 05:21:07.164,0.97565,0.9761,8.80,0.20
2008.02.15 05:21:09.170,0.97565,0.97605,8.80,0.20
2008.02.15 05:21:09.355,0.97565,0.97605,3.20,0.20
2008.02.15 05:21:10.838,0.97565,0.97605,3.20,0.20
2008.02.15 05:21:12.722,0.97565,0.97605,3.20,0.20
2008.02.15 05:21:12.913,0.97565,0.97605,3.20,0.20
2008.02.15 05:21:13.102,0.97565,0.97605,3.20,0.20
2008.02.15 05:21:13.253,0.97565,0.9761,3.20,0.50
2008.02.15 05:21:13.569,0.97565,0.9761,3.20,0.50
2008.02.15 05:21:13.717,0.97565,0.9761,3.20,0.60
2008.02.15 05:21:13.869,0.97565,0.9761,3.20,0.50
2008.02.15 05:21:14.594,0.97575,0.9761,0.80,0.20
2008.02.15 05:21:14.802,0.97575,0.9761,3.20,0.20
2008.02.15 05:21:15.172,0.97575,0.9761,3.20,0.20
2008.02.15 05:21:15.548,0.97575,0.97605,3.20,0.20
2008.02.15 05:21:15.716,0.9757,0.97605,4.00,0.20
2008.02.15 05:21:15.952,0.9757,0.97605,4.00,0.20
2008.02.15 05:21:16.125,0.9757,0.97605,4.00,0.20
2008.02.15 05:21:16.380,0.97565,0.97605,3.20,0.20
2008.02.15 05:21:16.644,0.97565,0.97605,3.20,0.20
2008.02.15 05:21:16.905,0.9756,0.97605,4.00,0.50
2008.02.15 05:21:18.126,0.9756,0.97605,4.00,0.50
2008.02.15 05:21:18.274,0.9756,0.97605,4.00,0.50
2008.02.15 05:21:18.415,0.97555,0.97605,11.20,0.50
2008.02.15 05:21:19.650,0.97555,0.97605,11.20,0.50
2008.02.15 05:21:19.810,0.97555,0.97605,0.30,0.60
2008.02.15 05:21:19.968,0.97565,0.97605,4.00,0.50
2008.02.15 05:21:21.345,0.97565,0.97605,4.00,0.60
2008.02.15 05:21:21.660,0.97565,0.97605,4.00,0.60
2008.02.15 05:21:21.887,0.97565,0.97605,4.00,0.60
2008.02.15 05:21:25.450,0.97565,0.97605,4.00,3.20
2008.02.15 05:21:28.824,0.9756,0.97605,4.00,3.60
2008.02.15 05:21:29.341,0.9756,0.97605,4.00,3.60
2008.02.15 05:21:29.413,0.97565,0.97605,4.00,3.20
2008.02.15 05:21:29.601,0.97565,0.97605,4.00,3.20
2008.02.15 05:21:29.735,0.97565,0.97605,4.00,3.60
2008.02.15 05:21:30.648,0.97565,0.97605,4.00,3.60
2008.02.15 05:21:38.124,0.97565,0.97605,4.00,3.60
2008.02.15 05:21:38.307,0.97575,0.97615,2.40,4.90
2008.02.15 05:21:38.506,0.97575,0.97615,2.40,0.20
2008.02.15 05:21:39.671,0.97575,0.97615,2.40,0.20
2008.02.15 05:21:40.312,0.97575,0.97615,2.40,0.20
2008.02.15 05:21:41.620,0.97575,0.97615,2.40,0.20
2008.02.15 05:21:41.773,0.97575,0.97615,3.20,0.50
2008.02.15 05:21:41.929,0.97575,0.97615,3.20,0.50
2008.02.15 05:21:42.227,0.97575,0.97615,3.20,0.20
2008.02.15 05:21:42.782,0.97575,0.97615,3.20,0.20
2008.02.15 05:21:43.693,0.97575,0.97615,3.20,0.20
2008.02.15 05:21:43.936,0.97575,0.97615,3.20,0.20
2008.02.15 05:21:45.573,0.97575,0.97615,3.20,0.20
2008.02.15 05:21:45.833,0.97575,0.97615,7.20,0.20
2008.02.15 05:21:46.044,0.97575,0.97615,7.20,0.20
2008.02.15 05:21:46.907,0.97575,0.97615,4.80,2.40
2008.02.15 05:21:47.158,0.97575,0.9761,4.00,0.20
2008.02.15 05:21:47.474,0.97565,0.9761,12.80,0.20
2008.02.15 05:21:48.596,0.97565,0.9761,12.80,0.20
2008.02.15 05:21:48.868,0.97565,0.9761,12.80,0.20
2008.02.15 05:21:49.292,0.97565,0.9761,12.80,0.20
2008.02.15 05:21:49.885,0.97565,0.9761,12.80,0.20
2008.02.15 05:21:50.340,0.97565,0.9761,8.80,0.20
2008.02.15 05:21:51.410,0.97565,0.9761,8.80,0.20
2008.02.15 05:21:51.515,0.97575,0.97615,3.20,4.10
2008.02.15 05:21:51.701,0.97575,0.97615,3.20,4.10
2008.02.15 05:21:51.894,0.97575,0.97615,3.20,4.10
2008.02.15 05:22:00.668,0.97575,0.9762,3.20,4.10
2008.02.15 05:22:00.833,0.97575,0.9762,4.80,4.10
2008.02.15 05:22:00.999,0.97575,0.9762,8.80,0.20
2008.02.15 05:22:01.315,0.97575,0.9762,8.80,0.20
2008.02.15 05:22:01.478,0.97575,0.9762,8.80,0.20
2008.02.15 05:22:02.137,0.97575,0.9762,8.80,0.20
2008.02.15 05:22:02.285,0.97575,0.97615,7.20,0.20
2008.02.15 05:22:03.155,0.97575,0.97615,0.80,2.50
2008.02.15 05:22:03.666,0.9757,0.9761,4.00,0.20
2008.02.15 05:22:03.799,0.9757,0.9761,4.00,0.20
2008.02.15 05:22:03.933,0.97565,0.9761,7.20,0.50
2008.02.15 05:22:04.677,0.97565,0.9761,7.20,0.50
2008.02.15 05:22:06.731,0.97565,0.9761,8.80,0.50
2008.02.15 05:22:06.828,0.97565,0.9761,8.80,0.50
2008.02.15 05:22:07.001,0.9757,0.97605,4.00,0.80
2008.02.15 05:22:07.210,0.9757,0.97605,4.00,1.20
2008.02.15 05:22:07.687,0.9757,0.97605,4.00,1.20
2008.02.15 05:22:07.906,0.97565,0.97605,8.80,0.80
2008.02.15 05:22:08.246,0.97565,0.97605,8.80,0.80
2008.02.15 05:22:08.481,0.97565,0.97605,11.20,1.20
2008.02.15 05:22:08.699,0.97565,0.97605,11.20,0.50
2008.02.15 05:22:08.899,0.97565,0.97605,11.20,0.50
2008.02.15 05:22:09.091,0.97565,0.97605,11.20,0.50
2008.02.15 05:22:09.396,0.9757,0.97615,4.00,4.10
2008.02.15 05:22:09.597,0.9757,0.97615,4.00,4.10
2008.02.15 05:22:11.574,0.9757,0.97615,4.00,4.10
2008.02.15 05:22:11.631,0.9757,0.97615,4.00,4.10
2008.02.15 05:22:13.655,0.9757,0.97615,4.00,4.10
2008.02.15 05:22:13.724,0.9757,0.9761,4.00,0.20
2008.02.15 05:22:13.858,0.9757,0.9761,4.00,0.20
2008.02.15 05:22:14.070,0.97565,0.9761,8.80,0.20
2008.02.15 05:22:17.365,0.97565,0.9761,8.80,0.20
2008.02.15 05:22:17.488,0.9757,0.9761,4.00,0.20
2008.02.15 05:22:17.811,0.9757,0.9761,4.00,0.20
2008.02.15 05:22:18.123,0.9757,0.9761,4.00,0.20
2008.02.15 05:22:18.938,0.9757,0.9761,4.00,0.20
2008.02.15 05:22:19.034,0.9757,0.97605,4.00,0.90
2008.02.15 05:22:19.146,0.9757,0.97605,4.00,0.90
2008.02.15 05:22:19.239,0.9757,0.97605,4.00,0.90
2008.02.15 05:22:19.359,0.9757,0.97605,4.00,0.90
2008.02.15 05:22:23.427,0.97565,0.97605,7.20,0.90
2008.02.15 05:22:23.606,0.97565,0.97595,7.20,0.20
2008.02.15 05:22:23.727,0.97565,0.9759,4.00,0.20
2008.02.15 05:22:23.931,0.9756,0.9759,4.00,0.20
2008.02.15 05:22:24.005,0.9756,0.9759,4.00,0.20
2008.02.15 05:22:24.142,0.9756,0.97595,4.00,0.20
2008.02.15 05:22:24.429,0.97555,0.97595,7.20,0.20
2008.02.15 05:22:25.586,0.97555,0.97595,7.20,0.20
2008.02.15 05:22:26.119,0.97555,0.97595,7.20,0.20
2008.02.15 05:22:26.277,0.97555,0.97595,7.20,0.20
2008.02.15 05:22:26.533,0.97555,0.976,7.20,0.20
2008.02.15 05:22:26.717,0.97555,0.976,8.80,0.20
2008.02.15 05:22:26.941,0.97555,0.976,8.80,0.20
2008.02.15 05:22:27.854,0.9756,0.97595,4.00,0.20
2008.02.15 05:22:28.048,0.9756,0.97595,4.00,0.60
2008.02.15 05:22:28.359,0.9756,0.97595,4.00,0.60
2008.02.15 05:22:28.575,0.9756,0.97595,4.00,0.50
2008.02.15 05:22:28.704,0.97555,0.97595,3.20,0.60
2008.02.15 05:22:28.832,0.97555,0.976,4.80,0.50
2008.02.15 05:22:29.091,0.97555,0.976,4.80,0.60
2008.02.15 05:22:29.219,0.9756,0.976,4.00,0.20
2008.02.15 05:22:29.387,0.9756,0.976,4.00,0.20
2008.02.15 05:22:29.665,0.9756,0.976,4.00,0.20
2008.02.15 05:22:30.354,0.9756,0.976,4.00,0.20
2008.02.15 05:22:31.387,0.97555,0.976,11.20,0.20
2008.02.15 05:22:31.958,0.97555,0.976,11.20,0.20
2008.02.15 05:22:32.112,0.97555,0.976,8.80,0.50
2008.02.15 05:22:32.230,0.97555,0.97595,5.60,0.60
2008.02.15 05:22:32.363,0.97555,0.97595,4.00,0.60
2008.02.15 05:22:32.626,0.9755,0.97595,4.00,0.60
2008.02.15 05:22:32.892,0.97545,0.9758,11.20,0.10
2008.02.15 05:22:33.578,0.97545,0.9758,11.20,0.10
2008.02.15 05:22:34.617,0.97545,0.9758,11.20,0.10
2008.02.15 05:22:35.438,0.97545,0.9758,11.20,0.10
2008.02.15 05:22:36.562,0.97545,0.9758,11.20,0.10
2008.02.15 05:22:43.113,0.97545,0.9758,11.20,0.10
2008.02.15 05:22:44.333,0.97545,0.9758,11.20,0.10
2008.02.15 05:22:44.477,0.97555,0.97595,4.00,0.60
2008.02.15 05:22:44.648,0.97555,0.976,8.80,0.50
2008.02.15 05:22:44.929,0.97555,0.976,8.80,0.50
2008.02.15 05:22:45.103,0.97555,0.9759,8.80,0.50
2008.02.15 05:22:45.300,0.97555,0.9759,7.20,0.50
2008.02.15 05:22:45.571,0.97555,0.9759,7.20,0.50
2008.02.15 05:22:45.744,0.97555,0.9759,2.40,0.20
2008.02.15 05:22:46.078,0.97555,0.9759,2.40,0.20
2008.02.15 05:22:46.282,0.97545,0.9759,11.20,0.50
2008.02.15 05:22:46.558,0.97545,0.9759,11.20,0.50
2008.02.15 05:22:47.114,0.97545,0.9759,11.20,0.50
2008.02.15 05:22:47.236,0.97555,0.97595,2.40,0.50
2008.02.15 05:22:47.420,0.97555,0.97595,3.20,0.20
2008.02.15 05:22:47.598,0.97555,0.97595,3.20,0.20
2008.02.15 05:22:47.706,0.97555,0.976,4.80,0.50
2008.02.15 05:22:47.925,0.97555,0.976,8.80,0.20
2008.02.15 05:22:48.248,0.97555,0.976,8.80,0.20
2008.02.15 05:22:48.475,0.97555,0.976,11.20,0.20
2008.02.15 05:22:49.088,0.97555,0.976,11.20,0.20
2008.02.15 05:22:49.230,0.97555,0.976,8.80,0.20
2008.02.15 05:22:49.443,0.97555,0.97595,8.80,0.20
2008.02.15 05:22:49.594,0.97555,0.97595,3.20,0.20
2008.02.15 05:22:49.889,0.97555,0.97595,3.20,0.20
2008.02.15 05:22:50.099,0.97555,0.97595,3.20,0.20
2008.02.15 05:22:50.339,0.97555,0.97595,0.60,0.20
2008.02.15 05:22:50.394,0.97555,0.97595,0.50,0.20
2008.02.15 05:22:54.597,0.97555,0.97595,2.20,0.20
2008.02.15 05:22:58.498,0.97555,0.97595,2.50,0.20
2008.02.15 05:23:01.296,0.97555,0.97595,3.20,0.20
2008.02.15 05:23:01.426,0.97565,0.97595,1.30,0.20
2008.02.15 05:23:01.520,0.97565,0.976,0.60,0.20
2008.02.15 05:23:01.641,0.97565,0.976,1.70,0.20
2008.02.15 05:23:02.439,0.97565,0.976,0.80,0.20
2008.02.15 05:23:02.649,0.97565,0.976,1.60,0.20
2008.02.15 05:23:03.490,0.97565,0.976,0.80,0.20
2008.02.15 05:23:04.484,0.97565,0.976,1.90,0.20
2008.02.15 05:23:04.567,0.97565,0.976,0.50,0.20
2008.02.15 05:23:06.376,0.97565,0.976,2.00,0.20
2008.02.15 05:23:06.551,0.9756,0.976,2.00,0.20
2008.02.15 05:23:06.700,0.97555,0.976,4.50,0.20
2008.02.15 05:23:07.369,0.97555,0.976,1.10,0.20
2008.02.15 05:23:07.640,0.97555,0.976,2.60,0.20
2008.02.15 05:23:07.778,0.97555,0.97595,0.80,0.20
2008.02.15 05:23:08.118,0.97555,0.97595,3.40,0.20
2008.02.15 05:23:08.834,0.97555,0.97595,0.60,0.20
2008.02.15 05:23:11.075,0.97555,0.97595,1.10,0.20
2008.02.15 05:23:11.229,0.97555,0.9759,1.80,0.20
2008.02.15 05:23:11.585,0.97555,0.9759,1.80,0.20
2008.02.15 05:23:11.896,0.97555,0.9759,1.70,0.20
2008.02.15 05:23:11.971,0.97555,0.9759,1.80,0.20
2008.02.15 05:23:12.263,0.97555,0.97595,1.10,1.20
2008.02.15 05:23:12.467,0.97555,0.97595,2.30,0.50
2008.02.15 05:23:12.670,0.97555,0.976,1.50,0.50
2008.02.15 05:23:12.873,0.97555,0.97605,2.10,10.50
2008.02.15 05:23:13.129,0.97555,0.97605,2.90,10.50
2008.02.15 05:23:13.278,0.97555,0.97605,2.10,10.50
2008.02.15 05:23:13.412,0.97555,0.9759,1.00,0.20
2008.02.15 05:23:13.644,0.97555,0.9759,3.50,0.20
2008.02.15 05:23:13.846,0.97555,0.9759,0.90,0.20
2008.02.15 05:23:16.749,0.97555,0.9759,0.70,0.20
2008.02.15 05:23:17.051,0.97555,0.9759,1.70,0.20
2008.02.15 05:23:17.218,0.97555,0.97595,1.30,0.20
2008.02.15 05:23:18.075,0.97555,0.97595,6.80,0.20
2008.02.15 05:23:18.288,0.97555,0.97595,6.80,0.20
2008.02.15 05:23:21.969,0.97555,0.9759,7.20,0.20
2008.02.15 05:23:22.352,0.97555,0.9759,3.20,0.20
2008.02.15 05:23:23.211,0.97555,0.9759,3.20,0.20
2008.02.15 05:23:24.677,0.97555,0.9759,0.80,0.20
2008.02.15 05:23:24.819,0.97555,0.9759,2.40,0.20
2008.02.15 05:23:25.018,0.97555,0.9759,2.40,0.20
2008.02.15 05:23:25.174,0.97555,0.9759,2.40,0.20
2008.02.15 05:23:27.177,0.97555,0.9759,4.80,0.20
2008.02.15 05:23:27.271,0.97555,0.9759,3.20,0.20
2008.02.15 05:23:27.453,0.97555,0.9759,3.20,0.20
2008.02.15 05:23:27.554,0.97555,0.9759,3.20,0.20
2008.02.15 05:23:31.134,0.97555,0.9759,3.20,0.20
2008.02.15 05:23:31.497,0.97555,0.9759,3.20,0.20
2008.02.15 05:23:32.398,0.97555,0.9759,3.20,0.20
2008.02.15 05:23:32.604,0.97555,0.976,3.20,4.10
2008.02.15 05:23:33.338,0.97555,0.976,3.20,4.10
2008.02.15 05:23:33.615,0.97555,0.976,4.80,4.00
2008.02.15 05:23:33.911,0.97555,0.97605,8.80,10.50
2008.02.15 05:23:34.533,0.97555,0.97605,8.80,10.50
2008.02.15 05:23:34.667,0.9756,0.97605,4.00,6.40
2008.02.15 05:23:37.412,0.9756,0.97605,4.00,6.40
2008.02.15 05:23:38.836,0.9756,0.97605,4.00,6.40
2008.02.15 05:23:48.293,0.9756,0.97605,4.00,6.50
2008.02.15 05:23:48.328,0.97555,0.97605,8.80,10.90
2008.02.15 05:23:48.762,0.97555,0.97605,8.80,10.90
2008.02.15 05:23:49.087,0.97555,0.97605,8.80,10.50
2008.02.15 05:23:51.325,0.97555,0.97605,3.90,10.50
2008.02.15 05:23:51.889,0.97555,0.97605,0.60,10.50
2008.02.15 05:23:52.141,0.97555,0.97605,4.20,10.90
2008.02.15 05:23:52.621,0.97555,0.97605,1.00,10.50
2008.02.15 05:23:54.477,0.97555,0.97605,0.80,10.50
2008.02.15 05:23:54.586,0.97555,0.97605,1.90,10.90
2008.02.15 05:23:54.689,0.97555,0.97605,2.60,10.50
2008.02.15 05:23:55.410,0.97555,0.97605,4.60,10.50
2008.02.15 05:23:55.676,0.97555,0.97605,0.80,10.40
2008.02.15 05:23:56.961,0.97555,0.97605,4.10,10.40
2008.02.15 05:23:57.124,0.97555,0.97605,2.20,10.40
2008.02.15 05:24:03.654,0.97555,0.97605,1.90,10.40
2008.02.15 05:24:03.747,0.9756,0.97605,1.70,6.40
2008.02.15 05:24:11.137,0.9756,0.97605,1.40,4.00
2008.02.15 05:24:11.244,0.97565,0.97605,0.80,1.60
2008.02.15 05:24:11.348,0.97565,0.9761,1.60,4.00
2008.02.15 05:24:11.521,0.97565,0.9761,1.30,4.00
2008.02.15 05:24:11.679,0.9757,0.9761,1.40,0.50
2008.02.15 05:24:12.496,0.9757,0.9761,2.00,0.50
2008.02.15 05:24:14.034,0.9757,0.9761,2.00,0.50
2008.02.15 05:24:14.116,0.9757,0.9761,1.00,0.50
2008.02.15 05:24:14.395,0.9757,0.9761,0.80,0.50
2008.02.15 05:24:17.647,0.9757,0.9761,0.60,0.50
2008.02.15 05:24:17.846,0.9757,0.9761,0.80,0.50
2008.02.15 05:24:20.016,0.97565,0.976,7.20,0.50
2008.02.15 05:24:20.932,0.97565,0.976,7.20,0.50
2008.02.15 05:24:21.170,0.97565,0.976,7.20,0.50
2008.02.15 05:24:21.341,0.97565,0.976,7.20,0.50
2008.02.15 05:24:21.879,0.97565,0.976,7.20,0.50
2008.02.15 05:24:22.145,0.97565,0.976,3.20,0.50
2008.02.15 05:24:24.821,0.97565,0.976,3.20,0.10
2008.02.15 05:24:25.552,0.97565,0.976,1.20,0.10
2008.02.15 05:24:26.182,0.97565,0.976,3.20,0.10
2008.02.15 05:24:26.281,0.97565,0.976,3.20,0.10
2008.02.15 05:24:30.088,0.97565,0.976,3.20,0.10
2008.02.15 05:24:30.965,0.97565,0.976,3.20,0.10
2008.02.15 05:24:34.761,0.97565,0.9761,3.20,4.00
2008.02.15 05:24:34.879,0.97565,0.9761,3.20,4.00
2008.02.15 05:24:35.178,0.97565,0.9761,3.20,4.00
2008.02.15 05:24:36.086,0.97565,0.9761,3.20,4.00
2008.02.15 05:24:37.889,0.97565,0.97605,0.80,2.40
2008.02.15 05:24:38.072,0.9756,0.97605,4.00,3.20
2008.02.15 05:24:38.186,0.97555,0.97605,7.20,10.40
2008.02.15 05:24:41.872,0.97555,0.97605,7.20,10.40
2008.02.15 05:24:42.036,0.97555,0.97605,7.20,10.40
2008.02.15 05:24:43.159,0.97555,0.97605,7.20,10.40
2008.02.15 05:24:44.472,0.97555,0.97605,7.20,10.40
2008.02.15 05:24:49.968,0.97555,0.976,3.20,4.00
2008.02.15 05:24:50.113,0.97555,0.976,3.20,4.00
2008.02.15 05:24:50.317,0.97555,0.976,3.20,4.00
2008.02.15 05:24:50.722,0.97555,0.97605,7.20,10.40
2008.02.15 05:25:03.449,0.97555,0.97605,7.20,10.40
2008.02.15 05:25:03.548,0.97555,0.97605,7.20,10.40
2008.02.15 05:25:03.841,0.97555,0.97605,7.20,10.40
2008.02.15 05:25:03.975,0.97555,0.976,3.20,4.00
2008.02.15 05:25:04.100,0.9755,0.97595,4.00,0.80
2008.02.15 05:25:04.199,0.97555,0.97595,0.80,2.40
2008.02.15 05:25:04.442,0.97555,0.97595,3.20,4.00
2008.02.15 05:25:04.589,0.97555,0.97595,3.20,4.00
2008.02.15 05:25:04.792,0.97555,0.97595,3.20,4.00
2008.02.15 05:25:05.188,0.97555,0.97595,3.20,4.00
2008.02.15 05:25:05.390,0.97545,0.97595,12.00,7.20
2008.02.15 05:25:06.261,0.97545,0.97595,12.00,7.20
2008.02.15 05:25:06.910,0.97545,0.97595,12.00,8.40
2008.02.15 05:25:07.689,0.97555,0.97595,2.40,5.60
2008.02.15 05:25:07.808,0.97555,0.97595,2.40,5.60
2008.02.15 05:25:07.942,0.97555,0.97595,5.60,5.20
2008.02.15 05:25:08.092,0.97555,0.97595,5.60,5.20
2008.02.15 05:25:08.234,0.97555,0.97595,5.60,0.80
2008.02.15 05:25:08.836,0.97555,0.97595,5.60,0.80
2008.02.15 05:25:10.272,0.97555,0.97595,5.60,1.20
2008.02.15 05:25:10.414,0.97555,0.97595,5.60,0.80
2008.02.15 05:25:13.662,0.97555,0.97595,5.60,0.80
2008.02.15 05:25:15.791,0.97555,0.97595,2.60,0.80
2008.02.15 05:25:19.697,0.97555,0.97595,1.70,0.80
2008.02.15 05:25:19.835,0.97555,0.97595,1.80,4.80
2008.02.15 05:25:20.350,0.97555,0.97595,0.80,4.80
2008.02.15 05:25:24.025,0.97555,0.97595,0.90,4.80
2008.02.15 05:25:24.656,0.97555,0.97595,1.00,4.80
2008.02.15 05:25:33.645,0.97555,0.97595,1.10,4.80
2008.02.15 05:25:35.365,0.97555,0.97595,0.80,4.80
2008.02.15 05:25:35.478,0.97545,0.97595,3.60,7.20
2008.02.15 05:25:35.652,0.97545,0.97595,2.50,8.00
2008.02.15 05:25:35.783,0.97545,0.97585,0.70,4.00
2008.02.15 05:25:36.034,0.97545,0.97585,2.40,4.00
2008.02.15 05:25:36.617,0.97545,0.97585,2.40,4.00
2008.02.15 05:25:36.923,0.9754,0.97585,1.10,4.40
2008.02.15 05:25:37.922,0.9754,0.97585,0.50,4.40
2008.02.15 05:25:37.943,0.97545,0.97585,1.00,0.80
2008.02.15 05:25:38.093,0.97545,0.9759,0.70,4.40
2008.02.15 05:25:38.204,0.97545,0.9759,1.30,4.40
2008.02.15 05:25:38.346,0.97545,0.9759,1.40,4.40
2008.02.15 05:25:41.901,0.97545,0.9759,2.90,0.50
2008.02.15 05:25:42.060,0.97545,0.9759,2.20,0.50
2008.02.15 05:25:42.225,0.97545,0.97585,2.40,2.40
2008.02.15 05:25:42.402,0.97545,0.97585,0.70,4.00
2008.02.15 05:25:43.293,0.97545,0.97585,2.40,4.00
2008.02.15 05:25:44.186,0.97545,0.97585,2.40,4.00
2008.02.15 05:25:44.358,0.97545,0.97585,2.40,0.80
2008.02.15 05:25:44.513,0.97545,0.97585,3.20,0.50
2008.02.15 05:25:44.666,0.97555,0.97585,2.40,0.50
2008.02.15 05:25:44.838,0.97555,0.97585,2.40,0.50
2008.02.15 05:25:45.063,0.97555,0.97585,3.20,0.50
2008.02.15 05:25:45.457,0.97555,0.97585,3.20,0.50
2008.02.15 05:25:45.730,0.97555,0.9759,3.20,0.50
2008.02.15 05:25:46.360,0.97555,0.9758,3.20,0.50
2008.02.15 05:25:46.567,0.97545,0.9758,7.20,0.50
2008.02.15 05:25:47.438,0.97545,0.9758,7.20,0.50
2008.02.15 05:25:49.486,0.97545,0.9758,7.20,0.50
2008.02.15 05:25:49.714,0.9755,0.9758,0.30,0.10
2008.02.15 05:25:52.001,0.9755,0.9758,0.30,0.10
2008.02.15 05:25:52.109,0.9755,0.9759,0.30,0.20
2008.02.15 05:25:56.701,0.9755,0.9759,0.30,0.20
2008.02.15 05:25:56.884,0.9755,0.9759,0.30,0.20
2008.02.15 05:25:58.757,0.9755,0.9759,0.30,0.20
2008.02.15 05:25:59.097,0.97555,0.9759,2.40,0.20
2008.02.15 05:25:59.181,0.97555,0.9759,2.40,0.20
2008.02.15 05:25:59.310,0.97555,0.9758,2.40,0.20
2008.02.15 05:26:00.158,0.97555,0.9758,2.40,0.20
2008.02.15 05:26:00.488,0.9755,0.9759,0.30,0.20
2008.02.15 05:26:03.511,0.9755,0.9759,0.30,0.20
2008.02.15 05:26:06.468,0.9755,0.9759,0.30,0.20
2008.02.15 05:26:12.198,0.9755,0.9759,0.30,0.20
2008.02.15 05:26:21.182,0.9755,0.9759,0.30,0.20
2008.02.15 05:26:22.711,0.9755,0.9759,0.30,0.20
2008.02.15 05:26:27.080,0.97555,0.9759,2.40,0.20
2008.02.15 05:26:27.212,0.97555,0.9759,2.40,0.20
2008.02.15 05:26:28.112,0.9755,0.9759,0.30,0.20
2008.02.15 05:26:28.669,0.97555,0.9758,2.40,0.20
2008.02.15 05:26:28.829,0.97555,0.9758,2.40,0.20
2008.02.15 05:26:29.780,0.97555,0.9758,2.40,0.20
2008.02.15 05:26:29.913,0.97555,0.9758,2.40,0.20
2008.02.15 05:26:33.432,0.97555,0.9758,2.40,0.20
2008.02.15 05:26:33.582,0.9755,0.9759,0.30,0.20
2008.02.15 05:26:33.730,0.9755,0.9759,0.30,0.20
2008.02.15 05:26:33.879,0.97555,0.9759,0.80,0.20
2008.02.15 05:26:34.073,0.9755,0.9759,0.30,0.20
2008.02.15 05:26:34.788,0.9755,0.9759,0.30,0.20
2008.02.15 05:26:35.046,0.97555,0.9759,2.40,0.20
2008.02.15 05:26:35.224,0.97555,0.9758,2.40,0.20
2008.02.15 05:26:36.396,0.97555,0.9758,2.40,0.20
2008.02.15 05:26:36.700,0.97555,0.9758,2.40,0.20
2008.02.15 05:26:36.868,0.97555,0.9758,2.40,0.20
2008.02.15 05:26:38.906,0.97555,0.9758,2.40,0.20
2008.02.15 05:26:39.175,0.97555,0.9758,2.40,0.20
2008.02.15 05:26:43.684,0.97555,0.9758,2.40,0.20
2008.02.15 05:26:43.883,0.9755,0.9759,0.30,0.20
2008.02.15 05:26:44.365,0.9755,0.9759,0.30,0.20
2008.02.15 05:26:51.764,0.97555,0.9759,2.40,0.20
2008.02.15 05:26:52.156,0.97555,0.9759,2.40,0.20
2008.02.15 05:26:52.289,0.97555,0.9758,2.40,0.20
2008.02.15 05:26:54.245,0.97555,0.9758,2.40,0.20
2008.02.15 05:26:54.865,0.97555,0.9758,2.40,0.20
2008.02.15 05:26:56.096,0.97555,0.9758,2.40,0.20
2008.02.15 05:27:03.469,0.9755,0.9758,0.30,0.20
2008.02.15 05:27:07.922,0.9755,0.9758,0.30,0.20
2008.02.15 05:27:08.139,0.9755,0.9758,0.30,0.20
2008.02.15 05:27:08.222,0.9755,0.9758,0.30,0.20
2008.02.15 05:27:08.350,0.9755,0.9758,0.30,0.20
2008.02.15 05:27:08.590,0.9755,0.9758,0.30,0.20
2008.02.15 05:27:11.140,0.9755,0.9758,0.30,0.20
2008.02.15 05:27:27.755,0.9755,0.9758,0.30,0.20
2008.02.15 05:27:47.609,0.9755,0.9758,0.30,0.20
2008.02.15 05:27:47.723,0.9755,0.9758,0.30,0.20
2008.02.15 05:27:47.837,0.9755,0.9758,0.30,0.20
2008.02.15 05:27:47.952,0.9754,0.9757,4.20,0.20
2008.02.15 05:27:48.146,0.9754,0.9757,4.20,0.20
2008.02.15 05:27:48.360,0.9754,0.9757,0.30,0.20
2008.02.15 05:27:49.185,0.9754,0.9757,0.30,0.20
2008.02.15 05:27:49.391,0.9754,0.9757,0.30,0.20
2008.02.15 05:27:49.593,0.9754,0.9757,0.30,0.20
2008.02.15 05:27:50.919,0.9754,0.9757,0.30,0.20
2008.02.15 05:27:51.063,0.9754,0.9757,0.30,0.20
2008.02.15 05:27:51.257,0.97545,0.9757,2.40,0.20
2008.02.15 05:27:51.690,0.97545,0.9757,2.40,0.20
2008.02.15 05:27:53.383,0.97545,0.9757,2.40,0.20
2008.02.15 05:27:54.302,0.97545,0.9757,2.40,0.20
2008.02.15 05:27:54.436,0.97545,0.9757,2.40,0.20
2008.02.15 05:27:54.621,0.97535,0.9757,3.20,0.20
2008.02.15 05:27:55.142,0.97535,0.9757,3.20,0.20
2008.02.15 05:27:55.594,0.97535,0.9757,3.20,0.20
2008.02.15 05:27:55.903,0.97535,0.9757,3.20,0.20
2008.02.15 05:27:56.163,0.97535,0.9757,3.20,0.20
2008.02.15 05:27:59.801,0.97535,0.9757,3.20,0.20
2008.02.15 05:28:00.064,0.97535,0.9757,3.20,0.20
2008.02.15 05:28:00.275,0.97535,0.9757,3.20,0.20
2008.02.15 05:28:00.470,0.9754,0.9757,0.30,0.20
2008.02.15 05:28:00.981,0.9754,0.9757,0.30,0.20
2008.02.15 05:28:01.291,0.9754,0.9757,0.30,0.20
2008.02.15 05:28:01.489,0.9754,0.9757,0.30,0.20
2008.02.15 05:28:01.816,0.9754,0.9757,0.30,0.20
2008.02.15 05:28:02.017,0.9754,0.9757,0.30,0.20
2008.02.15 05:28:03.396,0.9754,0.9757,0.30,0.20
2008.02.15 05:28:03.899,0.9754,0.9757,0.30,0.20
2008.02.15 05:28:04.588,0.9754,0.9757,0.30,0.20
2008.02.15 05:28:05.635,0.9754,0.9757,0.30,0.20
2008.02.15 05:28:05.851,0.9754,0.9757,0.30,0.20
2008.02.15 05:28:06.015,0.9754,0.97565,0.30,1.20
2008.02.15 05:28:06.179,0.9754,0.97565,0.30,1.20
2008.02.15 05:28:15.634,0.9754,0.97565,0.30,1.20
2008.02.15 05:28:15.811,0.9754,0.97565,0.30,3.60
2008.02.15 05:28:15.843,0.9754,0.97565,0.30,4.40
2008.02.15 05:28:15.948,0.9753,0.9756,4.20,0.20
2008.02.15 05:28:16.131,0.9753,0.9756,4.20,0.20
2008.02.15 05:28:16.424,0.9753,0.9756,0.30,0.20
2008.02.15 05:28:16.663,0.9753,0.97555,0.30,0.80
2008.02.15 05:28:17.916,0.9753,0.97555,0.30,0.80
2008.02.15 05:28:18.146,0.9753,0.97565,0.30,0.80
2008.02.15 05:28:19.867,0.9753,0.97565,0.30,0.80
2008.02.15 05:28:20.354,0.9753,0.97565,0.30,1.20
2008.02.15 05:28:20.683,0.9753,0.9757,0.30,4.10
2008.02.15 05:28:21.087,0.9753,0.9757,0.30,4.10
2008.02.15 05:28:22.417,0.9753,0.9757,0.30,4.50
2008.02.15 05:28:23.200,0.9753,0.9757,0.30,4.50
2008.02.15 05:28:23.380,0.9753,0.9757,0.30,4.50
2008.02.15 05:28:23.551,0.9753,0.9757,0.30,4.10
2008.02.15 05:28:23.771,0.9753,0.9757,0.30,0.20
2008.02.15 05:28:25.123,0.9753,0.9757,0.30,0.20
2008.02.15 05:28:25.910,0.9753,0.9757,0.30,4.10
2008.02.15 05:28:26.234,0.9753,0.9757,0.30,4.10
2008.02.15 05:28:32.614,0.9753,0.9757,0.30,4.10
2008.02.15 05:28:35.453,0.9753,0.9757,0.30,4.10
2008.02.15 05:28:36.933,0.9753,0.9757,0.30,4.10
2008.02.15 05:28:37.035,0.9753,0.9757,0.30,4.10
2008.02.15 05:28:37.481,0.9753,0.9757,0.30,4.10
2008.02.15 05:28:37.584,0.9753,0.9756,0.30,0.20
2008.02.15 05:28:37.790,0.9753,0.9756,0.30,0.20
2008.02.15 05:28:38.409,0.9753,0.9756,0.30,0.20
2008.02.15 05:28:38.578,0.9753,0.9756,0.30,0.50
2008.02.15 05:28:38.839,0.9753,0.9756,0.30,0.50
2008.02.15 05:28:40.598,0.9753,0.9757,0.30,4.10
2008.02.15 05:28:45.827,0.9753,0.9757,0.30,4.10
2008.02.15 05:28:45.924,0.9753,0.97565,0.30,2.40
2008.02.15 05:28:46.150,0.9753,0.97565,0.30,3.20
2008.02.15 05:28:46.429,0.9753,0.97565,0.30,3.20
2008.02.15 05:28:46.623,0.97525,0.9756,1.30,0.20
2008.02.15 05:28:46.817,0.97525,0.9756,0.90,0.20
2008.02.15 05:28:47.072,0.9753,0.9756,0.30,0.20
2008.02.15 05:28:48.722,0.9753,0.9756,0.30,0.20
2008.02.15 05:28:51.840,0.9753,0.9756,0.30,0.20
2008.02.15 05:28:51.951,0.97525,0.9756,1.40,0.20
2008.02.15 05:28:52.053,0.97525,0.9756,0.90,0.20
2008.02.15 05:28:52.360,0.97525,0.9756,1.40,0.20
2008.02.15 05:28:52.557,0.97525,0.9756,1.40,0.20
2008.02.15 05:28:54.372,0.97525,0.9756,1.40,0.20
2008.02.15 05:28:54.461,0.97525,0.97565,1.00,4.80
2008.02.15 05:28:54.551,0.97525,0.97565,1.70,4.00
2008.02.15 05:28:54.969,0.97525,0.9757,1.60,4.50
2008.02.15 05:28:57.230,0.97525,0.9757,0.50,4.50
2008.02.15 05:28:59.435,0.97525,0.9757,1.30,4.10
2008.02.15 05:28:59.718,0.97525,0.9757,1.90,4.10
2008.02.15 05:28:59.967,0.97525,0.9757,3.20,4.10
2008.02.15 05:29:00.172,0.97525,0.9757,3.20,4.10
2008.02.15 05:29:00.453,0.97525,0.9757,3.20,4.10
2008.02.15 05:29:01.930,0.97525,0.9757,3.20,4.10
2008.02.15 05:29:02.207,0.97525,0.9757,3.20,4.10
2008.02.15 05:29:02.307,0.97525,0.97565,2.40,3.20
2008.02.15 05:29:02.430,0.97525,0.97565,2.40,7.20
2008.02.15 05:29:02.557,0.97525,0.97565,2.40,7.20
2008.02.15 05:29:02.694,0.97525,0.9756,2.40,0.20
2008.02.15 05:29:03.719,0.97525,0.9756,2.40,0.20
2008.02.15 05:29:10.789,0.97525,0.9756,2.40,0.20
2008.02.15 05:29:18.326,0.97525,0.9756,2.40,0.20
2008.02.15 05:29:29.623,0.97525,0.9756,2.40,0.20
2008.02.15 05:29:29.850,0.97525,0.9756,2.40,0.20
2008.02.15 05:29:30.049,0.97525,0.9756,2.40,0.20
2008.02.15 05:29:36.395,0.97525,0.9756,2.40,0.20
2008.02.15 05:29:37.420,0.97525,0.9756,2.40,0.20
2008.02.15 05:29:42.396,0.97525,0.9756,2.40,0.20
2008.02.15 05:29:42.501,0.97525,0.9755,2.40,0.20
2008.02.15 05:29:42.654,0.97515,0.9755,2.40,0.20
2008.02.15 05:29:42.822,0.97515,0.9755,2.40,0.20
2008.02.15 05:29:43.046,0.97515,0.9755,0.70,0.20
2008.02.15 05:29:44.761,0.97515,0.9755,0.50,0.20
2008.02.15 05:29:45.535,0.97515,0.9755,1.60,0.20
2008.02.15 05:29:45.682,0.97515,0.9755,0.90,0.50
2008.02.15 05:29:46.618,0.97515,0.9755,1.30,0.50
2008.02.15 05:29:46.814,0.97515,0.9755,0.50,0.50
2008.02.15 05:29:46.937,0.97515,0.9755,1.00,0.50
2008.02.15 05:29:47.135,0.97515,0.9755,2.40,0.50
2008.02.15 05:29:47.285,0.97525,0.9755,1.50,0.50
2008.02.15 05:29:47.463,0.97515,0.9755,0.80,0.50
2008.02.15 05:29:47.686,0.97515,0.9755,4.40,0.50
2008.02.15 05:29:47.994,0.97515,0.9755,4.40,0.50
2008.02.15 05:29:48.900,0.97515,0.9755,4.40,0.50
2008.02.15 05:29:49.838,0.97515,0.9755,4.50,0.50
2008.02.15 05:29:50.058,0.97515,0.9755,4.90,0.50
2008.02.15 05:29:50.263,0.97515,0.9755,3.00,0.50
2008.02.15 05:29:50.519,0.97515,0.9755,1.20,0.50
2008.02.15 05:29:53.075,0.97515,0.9755,2.60,0.50
2008.02.15 05:29:53.168,0.97525,0.9755,1.40,0.50
2008.02.15 05:29:53.333,0.97525,0.9755,0.90,0.50
2008.02.15 05:29:53.614,0.97525,0.9755,0.70,0.50
2008.02.15 05:29:53.799,0.97525,0.9755,0.80,0.50
2008.02.15 05:29:53.934,0.9752,0.9755,0.30,0.50
2008.02.15 05:29:55.780,0.97515,0.9755,1.80,0.10
2008.02.15 05:29:56.165,0.97515,0.9755,3.60,0.10
2008.02.15 05:29:56.392,0.97515,0.9755,3.00,0.10
2008.02.15 05:29:56.587,0.97515,0.9755,3.20,0.10
2008.02.15 05:29:56.727,0.97515,0.9755,2.00,0.10
2008.02.15 05:29:57.492,0.97515,0.9755,3.20,0.30
2008.02.15 05:30:01.111,0.97515,0.9755,2.60,0.30
2008.02.15 05:30:03.511,0.97515,0.9755,2.20,0.30
2008.02.15 05:30:03.619,0.97515,0.9755,1.70,0.30
2008.02.15 05:30:03.801,0.97515,0.9755,0.50,0.30
2008.02.15 05:30:05.149,0.97515,0.9755,1.20,0.30
2008.02.15 05:30:05.372,0.97515,0.9755,1.10,0.30
2008.02.15 05:30:05.490,0.97515,0.9755,2.30,0.30
2008.02.15 05:30:06.453,0.97515,0.9755,2.40,0.30
2008.02.15 05:30:08.265,0.97515,0.9755,1.10,0.20
2008.02.15 05:30:20.863,0.97515,0.9755,5.20,0.20
2008.02.15 05:30:20.951,0.97515,0.9755,5.20,0.20
2008.02.15 05:30:26.681,0.97515,0.9755,6.00,0.20
2008.02.15 05:30:26.901,0.97515,0.9755,6.00,0.20
2008.02.15 05:30:27.152,0.97515,0.9755,5.20,0.20
2008.02.15 05:30:43.588,0.97515,0.9755,2.80,0.20
2008.02.15 05:30:43.803,0.97515,0.9755,2.80,0.20
2008.02.15 05:30:46.457,0.97515,0.9755,1.70,0.20
2008.02.15 05:30:53.844,0.97515,0.9755,2.80,0.20
2008.02.15 05:30:54.512,0.97515,0.9755,2.80,0.20
2008.02.15 05:30:54.660,0.97515,0.97545,2.80,0.80
2008.02.15 05:30:54.827,0.97515,0.97545,2.80,1.20
2008.02.15 05:30:54.975,0.97515,0.97545,2.40,0.80
2008.02.15 05:30:55.186,0.97515,0.97545,2.40,0.80
2008.02.15 05:30:55.335,0.9751,0.9754,0.50,0.20
2008.02.15 05:30:55.482,0.9751,0.9754,0.50,0.20
2008.02.15 05:30:55.680,0.97505,0.9754,2.80,0.20
2008.02.15 05:30:55.909,0.97505,0.9754,2.80,0.20
2008.02.15 05:30:56.724,0.97505,0.9754,2.80,0.20
2008.02.15 05:30:56.843,0.97505,0.9754,2.80,0.20
2008.02.15 05:30:57.329,0.97505,0.9754,2.80,0.20
2008.02.15 05:30:58.460,0.97505,0.9754,2.80,0.50
2008.02.15 05:30:58.684,0.97505,0.9754,2.80,0.50
2008.02.15 05:30:59.155,0.97505,0.9754,2.80,0.50
2008.02.15 05:30:59.376,0.97505,0.9754,2.80,0.50
2008.02.15 05:30:59.605,0.97505,0.9754,2.80,0.20
2008.02.15 05:30:59.808,0.97505,0.9754,2.40,0.20
2008.02.15 05:31:00.317,0.97505,0.9753,2.40,0.20
2008.02.15 05:31:00.616,0.97505,0.9753,2.40,0.20
2008.02.15 05:31:00.782,0.97505,0.9753,2.40,0.20
2008.02.15 05:31:01.510,0.97505,0.9753,2.40,0.20
2008.02.15 05:31:01.685,0.97505,0.9753,2.40,0.20
2008.02.15 05:31:01.968,0.97505,0.9753,2.40,0.20
2008.02.15 05:31:04.690,0.97505,0.9753,2.40,0.20
2008.02.15 05:31:04.791,0.97495,0.9753,7.60,0.20
2008.02.15 05:31:04.925,0.97495,0.9753,5.20,0.20
2008.02.15 05:31:05.058,0.9749,0.9753,0.60,0.20
2008.02.15 05:31:05.215,0.9749,0.9753,0.60,0.20
2008.02.15 05:31:05.348,0.9749,0.9753,0.60,0.20
2008.02.15 05:31:05.489,0.97495,0.9753,2.40,0.20
2008.02.15 05:31:05.641,0.97495,0.9752,2.40,0.20
2008.02.15 05:31:05.856,0.97495,0.9752,2.40,0.20
2008.02.15 05:31:06.626,0.97495,0.9752,2.40,0.20
2008.02.15 05:31:06.837,0.97495,0.9752,2.40,0.20
2008.02.15 05:31:06.980,0.97495,0.9752,2.40,0.20
2008.02.15 05:31:07.103,0.97495,0.9752,2.40,0.20
2008.02.15 05:31:07.294,0.97495,0.9752,2.40,0.20
2008.02.15 05:31:07.419,0.97495,0.9752,2.40,0.20
2008.02.15 05:31:07.544,0.9749,0.9752,0.50,0.20
2008.02.15 05:31:07.737,0.97485,0.9752,4.40,0.20
2008.02.15 05:31:08.071,0.97485,0.9752,4.40,0.20
2008.02.15 05:31:08.407,0.97485,0.9752,0.50,0.20
2008.02.15 05:31:08.813,0.9748,0.9752,4.20,0.20
2008.02.15 05:31:08.971,0.9748,0.9751,0.30,0.20
2008.02.15 05:31:09.129,0.97485,0.9751,2.40,0.20
2008.02.15 05:31:09.290,0.97485,0.9751,2.40,0.20
2008.02.15 05:31:09.447,0.97485,0.9751,5.60,0.20
2008.02.15 05:31:09.626,0.97485,0.9751,5.60,0.20
2008.02.15 05:31:09.916,0.97485,0.9751,5.60,0.20
2008.02.15 05:31:10.143,0.97485,0.9751,5.60,0.20
2008.02.15 05:31:10.372,0.97485,0.9751,2.40,0.20
2008.02.15 05:31:10.806,0.97485,0.9751,2.40,0.20
2008.02.15 05:31:11.389,0.9748,0.9751,0.60,0.20
2008.02.15 05:31:11.593,0.9748,0.9751,0.60,0.20
2008.02.15 05:31:11.796,0.9748,0.9751,0.30,0.20
2008.02.15 05:31:11.971,0.9748,0.9751,0.30,0.20
2008.02.15 05:31:12.266,0.9748,0.9751,0.30,0.20
2008.02.15 05:31:12.428,0.9748,0.9751,0.30,0.20
2008.02.15 05:31:12.622,0.9748,0.9751,0.30,0.20
2008.02.15 05:31:13.821,0.9748,0.9751,0.30,0.20
2008.02.15 05:31:14.268,0.9748,0.9751,0.30,0.20
2008.02.15 05:31:15.334,0.9748,0.9751,0.30,0.20
2008.02.15 05:31:15.525,0.9748,0.9751,0.30,0.20
2008.02.15 05:31:15.739,0.9748,0.9751,0.30,0.20
2008.02.15 05:31:16.252,0.9748,0.9751,0.30,0.20
2008.02.15 05:31:16.464,0.9748,0.9751,0.30,0.50
2008.02.15 05:31:16.680,0.9748,0.9751,0.30,0.50
2008.02.15 05:31:16.835,0.97475,0.9751,0.50,0.50
2008.02.15 05:31:17.064,0.97475,0.9751,0.50,0.50
2008.02.15 05:31:17.415,0.97475,0.9751,0.50,0.50
2008.02.15 05:31:17.899,0.9747,0.97505,0.50,2.40
2008.02.15 05:31:18.062,0.9747,0.97505,0.50,3.20
2008.02.15 05:31:18.196,0.9747,0.97505,0.30,3.20
2008.02.15 05:31:18.329,0.97475,0.9751,2.40,4.50
2008.02.15 05:31:18.477,0.97475,0.9751,2.40,4.50
2008.02.15 05:31:18.665,0.97475,0.9751,2.40,0.50
2008.02.15 05:31:19.721,0.97475,0.9751,2.40,0.50
2008.02.15 05:31:20.396,0.97475,0.9751,2.80,0.50
2008.02.15 05:31:22.513,0.97475,0.9751,2.80,0.50
2008.02.15 05:31:22.691,0.97475,0.9751,2.80,0.30
2008.02.15 05:31:22.877,0.97475,0.9751,2.80,0.30
2008.02.15 05:31:22.985,0.9748,0.9751,0.30,0.10
2008.02.15 05:31:23.121,0.97485,0.9751,2.40,0.10
2008.02.15 05:31:23.230,0.97485,0.9751,2.40,0.10
2008.02.15 05:31:23.490,0.97485,0.9751,2.40,0.20
2008.02.15 05:31:23.750,0.97485,0.9751,2.40,0.20
2008.02.15 05:31:24.008,0.97475,0.9751,4.80,0.20
2008.02.15 05:31:24.266,0.97475,0.9751,0.80,0.20
2008.02.15 05:31:24.455,0.97475,0.9751,0.80,0.20
2008.02.15 05:31:24.749,0.97475,0.9751,0.80,0.20
2008.02.15 05:31:24.938,0.97475,0.9751,4.00,0.20
2008.02.15 05:31:25.203,0.97475,0.9751,4.00,0.20
2008.02.15 05:31:25.392,0.97475,0.9751,3.60,0.20
2008.02.15 05:31:25.580,0.97475,0.9751,3.20,0.20
2008.02.15 05:31:26.270,0.97485,0.9751,2.40,0.20
2008.02.15 05:31:26.432,0.97485,0.9751,2.40,0.20
2008.02.15 05:31:26.650,0.97485,0.9751,2.40,0.20
2008.02.15 05:31:26.798,0.97485,0.9751,2.40,0.20
2008.02.15 05:31:28.266,0.97485,0.9751,2.40,0.20
2008.02.15 05:31:29.036,0.9748,0.9751,0.30,0.50
2008.02.15 05:31:29.759,0.9748,0.9751,0.30,0.50
2008.02.15 05:31:30.029,0.9748,0.97505,0.30,0.50
2008.02.15 05:31:30.272,0.97475,0.97505,0.80,0.50
2008.02.15 05:31:30.516,0.97475,0.9751,0.80,0.50
2008.02.15 05:31:30.759,0.9747,0.97495,0.60,0.50
2008.02.15 05:31:32.373,0.9747,0.97495,0.60,0.50
2008.02.15 05:31:33.024,0.9747,0.97495,0.50,0.50
2008.02.15 05:31:33.179,0.9747,0.97495,0.50,0.50
2008.02.15 05:31:33.345,0.9747,0.97495,0.50,0.50
2008.02.15 05:31:33.482,0.97465,0.97495,4.00,0.50
2008.02.15 05:31:33.623,0.97465,0.9749,4.00,0.50
2008.02.15 05:31:34.089,0.97465,0.9749,4.00,0.50
2008.02.15 05:31:34.397,0.9747,0.9749,0.50,0.50
2008.02.15 05:31:34.778,0.9747,0.9749,0.60,0.50
2008.02.15 05:31:35.458,0.9747,0.9749,0.60,0.50
2008.02.15 05:31:35.865,0.9747,0.9749,0.60,0.50
2008.02.15 05:31:36.001,0.9747,0.9749,0.60,0.50
2008.02.15 05:31:36.191,0.9747,0.9749,0.60,0.50
2008.02.15 05:31:36.379,0.9747,0.9749,4.60,0.50
2008.02.15 05:31:36.567,0.9747,0.9749,4.60,0.50
2008.02.15 05:31:36.696,0.97475,0.9749,0.50,0.50
2008.02.15 05:31:36.886,0.97475,0.9749,0.50,0.50
2008.02.15 05:31:37.038,0.97475,0.9749,0.50,0.50
2008.02.15 05:31:37.395,0.97475,0.9749,0.50,0.50
2008.02.15 05:31:38.241,0.9747,0.9749,0.60,0.50
2008.02.15 05:31:38.340,0.9747,0.9749,0.80,0.50
2008.02.15 05:31:38.513,0.9747,0.9749,0.80,0.50
2008.02.15 05:31:38.758,0.9747,0.9749,0.80,0.50
2008.02.15 05:31:38.857,0.9747,0.9749,0.80,0.50
2008.02.15 05:31:39.079,0.9747,0.9749,0.80,0.50
2008.02.15 05:31:39.267,0.9747,0.9749,0.80,0.50
2008.02.15 05:31:39.430,0.9747,0.9749,0.80,0.50
2008.02.15 05:31:39.657,0.9747,0.9749,0.80,0.50
2008.02.15 05:31:39.922,0.9747,0.975,0.80,0.20
2008.02.15 05:31:40.044,0.9747,0.975,0.80,0.20
2008.02.15 05:31:40.398,0.9747,0.975,0.80,0.20
2008.02.15 05:31:40.447,0.9747,0.975,0.30,0.50
2008.02.15 05:31:41.253,0.9747,0.975,0.30,0.50
2008.02.15 05:31:41.375,0.9747,0.975,0.30,0.50
2008.02.15 05:31:42.406,0.9747,0.975,0.30,0.50
2008.02.15 05:31:42.903,0.9747,0.975,0.30,0.50
2008.02.15 05:31:43.255,0.9747,0.975,0.30,0.50
2008.02.15 05:31:43.655,0.9747,0.975,0.30,0.50
2008.02.15 05:31:44.666,0.9747,0.9749,0.30,0.50
2008.02.15 05:31:45.244,0.9747,0.9749,0.30,0.50
2008.02.15 05:31:45.420,0.9747,0.9749,0.30,0.50
2008.02.15 05:31:45.608,0.9747,0.9749,0.30,0.50
2008.02.15 05:31:45.913,0.9747,0.9749,0.30,0.50
2008.02.15 05:31:50.698,0.9747,0.9749,0.30,0.50
2008.02.15 05:31:50.858,0.9747,0.9749,0.30,0.50
2008.02.15 05:31:51.017,0.9747,0.9749,0.30,0.50
2008.02.15 05:31:51.175,0.9747,0.9749,0.60,0.10
2008.02.15 05:31:52.251,0.9747,0.9749,0.60,0.10
2008.02.15 05:31:52.390,0.9747,0.9749,4.20,0.10
2008.02.15 05:31:52.634,0.9747,0.9749,4.20,0.10
2008.02.15 05:31:52.788,0.9747,0.9749,4.20,0.10
2008.02.15 05:31:53.071,0.9747,0.9749,4.20,0.10
2008.02.15 05:31:53.239,0.9747,0.9749,4.20,0.10
2008.02.15 05:31:54.236,0.9747,0.9749,4.20,0.10
2008.02.15 05:31:54.364,0.9747,0.9749,4.20,0.10
2008.02.15 05:31:54.511,0.9747,0.9749,0.30,0.10
2008.02.15 05:31:54.639,0.9747,0.9749,0.30,0.10
2008.02.15 05:31:54.929,0.9747,0.9749,0.30,0.10
2008.02.15 05:31:55.785,0.9747,0.9749,0.30,0.10
2008.02.15 05:31:55.968,0.9748,0.9749,0.30,0.10
2008.02.15 05:31:56.136,0.9748,0.9749,0.30,0.10
2008.02.15 05:31:56.613,0.9748,0.9749,0.30,0.10
2008.02.15 05:31:56.819,0.9748,0.9749,0.30,0.10
2008.02.15 05:31:57.008,0.97485,0.9749,2.40,0.10
2008.02.15 05:31:57.182,0.97485,0.9749,2.40,0.10
2008.02.15 05:31:57.362,0.97485,0.9749,2.40,0.10
2008.02.15 05:31:57.535,0.97485,0.9749,2.40,0.10
2008.02.15 05:31:57.748,0.97485,0.9749,2.40,0.10
2008.02.15 05:31:57.887,0.97485,0.9749,2.40,0.10
2008.02.15 05:31:58.053,0.9748,0.9749,4.20,0.10
2008.02.15 05:31:58.184,0.9748,0.9749,4.20,0.10
2008.02.15 05:31:58.687,0.9748,0.9749,0.30,0.10
2008.02.15 05:31:58.861,0.9748,0.9749,0.30,0.10
2008.02.15 05:31:59.113,0.9748,0.9749,4.60,0.10
2008.02.15 05:31:59.367,0.9748,0.9749,4.60,0.10
2008.02.15 05:31:59.620,0.97485,0.9753,5.60,0.60
2008.02.15 05:31:59.923,0.97485,0.9753,5.60,0.50
2008.02.15 05:32:00.096,0.97485,0.97525,10.00,0.50
2008.02.15 05:32:00.463,0.97485,0.97525,10.00,0.50
2008.02.15 05:32:01.275,0.97485,0.97525,10.00,0.50
2008.02.15 05:32:01.478,0.97485,0.97525,10.00,0.50
2008.02.15 05:32:02.136,0.97485,0.97525,10.00,0.50
2008.02.15 05:32:02.338,0.97485,0.97525,10.00,0.50
2008.02.15 05:32:02.638,0.97485,0.97515,6.40,0.50
2008.02.15 05:32:02.760,0.97485,0.97525,6.40,0.50
2008.02.15 05:32:02.935,0.9748,0.9751,4.60,0.50
2008.02.15 05:32:05.144,0.9748,0.9751,4.60,0.50
2008.02.15 05:32:05.328,0.9748,0.97525,4.40,0.50
2008.02.15 05:32:05.511,0.97475,0.97525,10.00,0.60
2008.02.15 05:32:05.873,0.97475,0.97525,10.00,0.50
2008.02.15 05:32:09.273,0.97475,0.97525,10.00,9.60
2008.02.15 05:32:09.512,0.97485,0.97525,2.40,4.00
2008.02.15 05:32:09.653,0.97485,0.97525,2.40,4.00
2008.02.15 05:32:09.911,0.97485,0.97525,2.40,4.00
2008.02.15 05:32:10.379,0.97485,0.97525,2.40,4.00
2008.02.15 05:32:11.879,0.97485,0.97525,2.40,1.60
2008.02.15 05:32:12.033,0.97485,0.97525,5.60,0.80
2008.02.15 05:32:12.188,0.97485,0.97525,5.60,0.80
2008.02.15 05:32:12.356,0.97485,0.97525,5.60,0.80
2008.02.15 05:32:12.581,0.97485,0.9753,10.00,0.20
2008.02.15 05:32:12.892,0.97485,0.97525,10.00,0.50
2008.02.15 05:32:13.102,0.97485,0.97525,10.00,0.50
2008.02.15 05:32:13.260,0.97485,0.9753,10.00,0.20
2008.02.15 05:32:13.419,0.97485,0.97525,10.00,0.80
2008.02.15 05:32:13.655,0.97485,0.97525,10.40,0.80
2008.02.15 05:32:14.172,0.97485,0.97525,10.40,0.80
2008.02.15 05:32:17.438,0.97485,0.97525,10.40,0.80
2008.02.15 05:32:17.696,0.97485,0.97525,10.40,0.80
2008.02.15 05:32:20.612,0.97485,0.97525,10.40,0.80
2008.02.15 05:32:20.918,0.97485,0.97525,10.40,0.80
2008.02.15 05:32:21.041,0.97485,0.9753,10.40,0.20
2008.02.15 05:32:21.915,0.97485,0.9753,10.40,0.20
2008.02.15 05:32:22.454,0.97485,0.97525,6.40,0.80
2008.02.15 05:32:24.867,0.97485,0.97525,6.40,0.80
2008.02.15 05:32:24.965,0.97485,0.97525,0.80,0.80
2008.02.15 05:32:25.068,0.97485,0.97525,0.50,0.80
2008.02.15 05:32:26.398,0.9748,0.97525,4.60,0.80
2008.02.15 05:32:26.674,0.9748,0.97525,4.60,0.80
2008.02.15 05:32:26.875,0.9748,0.97515,4.60,0.80
2008.02.15 05:32:27.027,0.9748,0.97515,4.60,0.80
2008.02.15 05:32:27.200,0.9748,0.97515,0.30,0.80
2008.02.15 05:32:27.309,0.9748,0.97515,0.30,0.80
2008.02.15 05:32:27.388,0.9748,0.97515,0.30,0.80
2008.02.15 05:32:27.562,0.9748,0.97515,0.30,0.60
2008.02.15 05:32:27.930,0.9748,0.97515,0.30,0.50
2008.02.15 05:32:28.524,0.9748,0.97515,0.30,0.50
2008.02.15 05:32:28.760,0.9748,0.97515,0.30,0.80
2008.02.15 05:32:29.353,0.9748,0.97515,0.30,0.80
2008.02.15 05:32:29.483,0.9748,0.97515,0.30,0.60
2008.02.15 05:32:29.610,0.97475,0.97505,2.80,0.80
2008.02.15 05:32:29.806,0.97485,0.97505,2.40,0.50
2008.02.15 05:32:29.928,0.9747,0.97505,0.60,0.50
2008.02.15 05:32:30.139,0.97475,0.97505,0.50,0.50
2008.02.15 05:32:30.357,0.97475,0.97505,0.50,0.50
2008.02.15 05:32:30.671,0.97475,0.97505,0.50,0.50
2008.02.15 05:32:30.917,0.97485,0.97505,2.40,0.50
2008.02.15 05:32:31.154,0.97485,0.9752,2.40,0.60
2008.02.15 05:32:31.377,0.9748,0.9752,0.60,0.50
2008.02.15 05:32:31.847,0.9748,0.9752,0.60,0.50
2008.02.15 05:32:32.084,0.9748,0.9752,0.60,0.50
2008.02.15 05:32:32.308,0.9748,0.9752,0.60,0.50
2008.02.15 05:32:32.630,0.9748,0.9752,0.30,0.50
2008.02.15 05:32:32.826,0.9748,0.97515,0.30,0.80
2008.02.15 05:32:33.153,0.9748,0.97515,0.30,0.80
2008.02.15 05:32:33.333,0.9748,0.97515,0.30,0.80
2008.02.15 05:32:33.532,0.97475,0.97515,3.60,0.50
2008.02.15 05:32:33.727,0.97475,0.97515,2.80,0.60
2008.02.15 05:32:34.144,0.9748,0.97515,0.30,0.60
2008.02.15 05:32:34.638,0.9748,0.97515,0.30,0.60
2008.02.15 05:32:34.880,0.97475,0.9751,0.50,0.20
2008.02.15 05:32:35.047,0.9747,0.9751,0.30,0.60
2008.02.15 05:32:35.667,0.9747,0.9751,0.30,0.60
2008.02.15 05:32:35.825,0.9747,0.9751,0.30,0.60
2008.02.15 05:32:36.160,0.9747,0.9751,0.30,0.60
2008.02.15 05:32:36.239,0.9747,0.9751,0.60,0.20
2008.02.15 05:32:36.393,0.9747,0.9751,0.60,0.20
2008.02.15 05:32:36.517,0.9748,0.9751,0.30,0.20
2008.02.15 05:32:37.342,0.9748,0.9751,0.30,0.20
2008.02.15 05:32:37.466,0.9748,0.9751,0.30,0.20
2008.02.15 05:32:38.850,0.9748,0.9751,0.30,0.20
2008.02.15 05:32:38.944,0.9748,0.9751,0.30,0.20
2008.02.15 05:32:39.036,0.9748,0.9751,0.30,0.20
2008.02.15 05:32:39.151,0.9748,0.9751,0.30,0.20
2008.02.15 05:32:39.327,0.97475,0.975,0.50,0.20
2008.02.15 05:32:39.419,0.97475,0.975,0.50,0.20
2008.02.15 05:32:39.514,0.97475,0.9751,0.50,0.20
2008.02.15 05:32:39.683,0.97475,0.9751,0.50,0.20
2008.02.15 05:32:39.977,0.9747,0.9751,0.30,0.20
2008.02.15 05:32:40.346,0.9748,0.97505,0.30,0.50
2008.02.15 05:32:40.639,0.9748,0.9751,0.30,0.20
2008.02.15 05:32:40.967,0.9748,0.9751,0.30,0.20
2008.02.15 05:32:41.119,0.9748,0.9751,0.30,0.20
2008.02.15 05:32:41.610,0.9748,0.9751,0.30,0.20
2008.02.15 05:32:41.814,0.9748,0.9751,0.30,0.20
2008.02.15 05:32:42.420,0.9748,0.9751,0.30,0.20
2008.02.15 05:32:42.637,0.9748,0.9751,0.30,0.20
2008.02.15 05:32:42.833,0.9748,0.9751,0.30,0.20
2008.02.15 05:32:43.468,0.97475,0.975,0.80,0.20
2008.02.15 05:32:43.577,0.97475,0.975,0.80,0.20
2008.02.15 05:32:43.759,0.97475,0.975,0.80,0.20
2008.02.15 05:32:43.796,0.97475,0.975,0.80,0.20
2008.02.15 05:32:44.037,0.9747,0.975,4.00,0.20
2008.02.15 05:32:44.215,0.9747,0.975,4.00,0.20
2008.02.15 05:32:44.393,0.97465,0.975,3.20,0.20
2008.02.15 05:32:44.647,0.97465,0.975,4.00,0.20
2008.02.15 05:32:44.824,0.9747,0.975,0.60,0.20
2008.02.15 05:32:45.069,0.9747,0.975,0.60,0.20
2008.02.15 05:32:45.375,0.9747,0.975,0.60,0.50
2008.02.15 05:32:45.864,0.9747,0.975,0.60,0.50
2008.02.15 05:32:46.421,0.9747,0.975,0.60,0.50
2008.02.15 05:32:46.659,0.9747,0.975,0.30,0.50
2008.02.15 05:32:46.899,0.9747,0.975,0.30,0.50
2008.02.15 05:32:48.178,0.9747,0.975,0.30,0.50
2008.02.15 05:32:48.374,0.9747,0.975,0.30,0.50
2008.02.15 05:32:48.541,0.9747,0.975,0.30,0.50
2008.02.15 05:32:48.695,0.9747,0.975,0.30,0.50
2008.02.15 05:32:48.897,0.9747,0.975,0.30,0.50
2008.02.15 05:32:49.019,0.9747,0.975,0.30,0.50
2008.02.15 05:32:49.400,0.9747,0.975,0.60,0.50
2008.02.15 05:32:49.628,0.9748,0.975,0.30,0.50
2008.02.15 05:32:50.125,0.9748,0.975,0.30,0.50
2008.02.15 05:32:50.294,0.9748,0.975,0.30,0.50
2008.02.15 05:32:50.954,0.9748,0.975,0.30,0.50
2008.02.15 05:32:51.160,0.9748,0.975,0.30,0.50
2008.02.15 05:32:51.359,0.9747,0.975,0.60,0.20
2008.02.15 05:32:51.558,0.9747,0.975,0.30,0.20
2008.02.15 05:32:51.756,0.9747,0.975,0.30,0.20
2008.02.15 05:32:51.954,0.9747,0.975,0.30,0.20
2008.02.15 05:32:52.153,0.9747,0.975,0.30,0.20
2008.02.15 05:32:53.258,0.9747,0.975,0.30,0.20
2008.02.15 05:32:53.340,0.9747,0.975,0.30,0.20
2008.02.15 05:32:54.237,0.9747,0.975,0.30,0.20
2008.02.15 05:32:54.462,0.9747,0.975,0.30,0.20
2008.02.15 05:32:54.862,0.9747,0.975,0.30,0.20
2008.02.15 05:32:55.203,0.9747,0.975,0.30,0.20
2008.02.15 05:32:55.585,0.9747,0.975,0.30,0.20
2008.02.15 05:32:55.729,0.9747,0.975,0.30,0.20
2008.02.15 05:32:56.407,0.9747,0.975,0.30,0.20
2008.02.15 05:32:58.401,0.9747,0.975,0.30,0.20
2008.02.15 05:32:58.597,0.97475,0.975,2.40,0.20
2008.02.15 05:32:58.738,0.97475,0.975,2.40,0.20
2008.02.15 05:32:59.135,0.97475,0.975,2.40,0.20
2008.02.15 05:32:59.432,0.97475,0.975,2.40,0.20
2008.02.15 05:32:59.706,0.97475,0.975,2.40,0.20
2008.02.15 05:33:00.048,0.9748,0.975,0.30,0.20
2008.02.15 05:33:00.322,0.9748,0.975,0.30,0.20
2008.02.15 05:33:00.596,0.9747,0.975,0.30,0.20
2008.02.15 05:33:00.799,0.9747,0.975,0.30,0.20
2008.02.15 05:33:01.399,0.9747,0.975,0.30,0.20
2008.02.15 05:33:01.513,0.97475,0.975,2.40,0.20
2008.02.15 05:33:01.630,0.97475,0.97505,2.40,0.50
2008.02.15 05:33:01.742,0.9749,0.97505,0.30,0.50
2008.02.15 05:33:03.211,0.9749,0.97505,0.30,0.50
2008.02.15 05:33:03.322,0.9748,0.9752,0.30,4.10
2008.02.15 05:33:04.628,0.9748,0.9752,0.30,4.10
2008.02.15 05:33:04.988,0.97485,0.9751,2.40,0.50
2008.02.15 05:33:05.271,0.97485,0.9751,2.40,0.50
2008.02.15 05:33:05.448,0.97485,0.9751,2.40,0.50
2008.02.15 05:33:05.608,0.9749,0.9751,0.30,0.50
2008.02.15 05:33:07.551,0.9749,0.9751,0.30,0.50
2008.02.15 05:33:07.714,0.9749,0.97515,0.30,0.50
2008.02.15 05:33:07.923,0.9749,0.97515,0.30,0.50
2008.02.15 05:33:08.021,0.9749,0.97515,0.30,0.50
2008.02.15 05:33:08.198,0.9749,0.9752,0.30,0.20
2008.02.15 05:33:08.295,0.9749,0.9752,0.30,0.20
2008.02.15 05:33:08.503,0.9749,0.97515,0.30,0.50
2008.02.15 05:33:08.784,0.9749,0.9752,0.30,0.20
2008.02.15 05:33:10.738,0.9749,0.9752,0.30,0.20
2008.02.15 05:33:10.846,0.9749,0.9752,0.30,0.20
2008.02.15 05:33:11.146,0.975,0.9753,0.30,0.50
2008.02.15 05:33:11.258,0.975,0.9753,0.30,0.50
2008.02.15 05:33:11.471,0.975,0.97525,0.30,0.50
2008.02.15 05:33:11.612,0.975,0.97525,0.30,0.50
2008.02.15 05:33:12.273,0.975,0.9753,0.30,0.20
2008.02.15 05:33:12.844,0.975,0.9753,0.30,0.20
2008.02.15 05:33:13.747,0.975,0.9753,0.30,0.20
2008.02.15 05:33:15.184,0.975,0.9753,0.30,0.20
2008.02.15 05:33:20.444,0.975,0.9751,0.30,0.50
2008.02.15 05:33:20.610,0.975,0.9751,0.30,0.50
2008.02.15 05:33:20.777,0.975,0.9751,0.30,0.50
2008.02.15 05:33:20.885,0.97505,0.9751,2.40,0.50
2008.02.15 05:33:21.069,0.975,0.97515,0.30,0.50
2008.02.15 05:33:21.339,0.97505,0.9753,2.40,0.20
2008.02.15 05:33:21.652,0.97505,0.97525,2.40,0.50
2008.02.15 05:33:21.933,0.97505,0.9753,2.40,0.20
2008.02.15 05:33:22.206,0.975,0.97515,0.30,0.50
2008.02.15 05:33:22.362,0.97505,0.97515,2.40,0.50
2008.02.15 05:33:22.605,0.975,0.9753,0.30,0.20
2008.02.15 05:33:22.783,0.97505,0.9752,2.40,0.50
2008.02.15 05:33:22.937,0.97505,0.9751,2.40,0.50
2008.02.15 05:33:23.090,0.975,0.9751,0.30,0.50
2008.02.15 05:33:23.329,0.975,0.9751,0.30,0.50
2008.02.15 05:33:23.568,0.975,0.9753,0.30,0.50
2008.02.15 05:33:23.806,0.975,0.9753,0.30,0.20
2008.02.15 05:33:24.044,0.97495,0.975,0.30,0.50
2008.02.15 05:33:24.431,0.975,0.9753,0.30,0.20
2008.02.15 05:33:24.614,0.97505,0.9753,2.40,0.20
2008.02.15 05:33:25.373,0.97505,0.9753,2.40,0.20
2008.02.15 05:33:25.680,0.97505,0.9753,2.40,0.20
2008.02.15 05:33:26.512,0.97505,0.9753,2.40,0.20
2008.02.15 05:33:26.866,0.97505,0.9753,2.40,0.20
2008.02.15 05:33:27.224,0.97505,0.9753,2.40,0.20
2008.02.15 05:33:27.424,0.97505,0.9753,2.40,0.20
2008.02.15 05:33:27.602,0.97505,0.9753,2.40,0.20
2008.02.15 05:33:28.449,0.97505,0.9753,2.40,0.20
2008.02.15 05:33:28.921,0.97505,0.9753,2.40,0.20
2008.02.15 05:33:30.327,0.97505,0.9753,2.40,0.20
2008.02.15 05:33:30.659,0.97505,0.9753,2.40,0.20
2008.02.15 05:33:31.012,0.97505,0.9753,2.40,0.20
2008.02.15 05:33:31.202,0.975,0.9753,0.30,0.20
2008.02.15 05:33:31.407,0.975,0.9753,0.30,0.20
2008.02.15 05:33:31.678,0.975,0.9753,0.30,0.20
2008.02.15 05:33:31.970,0.97505,0.9753,2.40,0.20
2008.02.15 05:33:32.200,0.97505,0.9753,2.40,0.20
2008.02.15 05:33:32.341,0.975,0.9753,0.30,0.20
2008.02.15 05:33:32.485,0.975,0.9753,0.30,0.20
2008.02.15 05:33:32.866,0.975,0.9753,0.30,0.20
2008.02.15 05:33:33.185,0.975,0.9753,0.30,0.20
2008.02.15 05:33:33.502,0.975,0.9753,0.30,0.20
2008.02.15 05:33:33.722,0.975,0.9753,0.30,0.20
2008.02.15 05:33:34.213,0.975,0.9753,0.30,0.20
2008.02.15 05:33:34.413,0.975,0.9753,0.30,0.20
2008.02.15 05:33:35.337,0.975,0.9753,0.30,0.20
2008.02.15 05:33:36.965,0.975,0.9753,0.30,0.20
2008.02.15 05:33:37.057,0.975,0.9753,0.30,0.20
2008.02.15 05:33:37.143,0.975,0.9753,0.30,0.20
2008.02.15 05:33:39.448,0.975,0.9753,0.30,0.20
2008.02.15 05:33:39.536,0.97495,0.97535,2.40,0.60
2008.02.15 05:33:39.669,0.97495,0.97535,2.40,0.60
2008.02.15 05:33:39.898,0.97495,0.97535,2.40,0.50
2008.02.15 05:33:40.684,0.97495,0.97535,2.40,0.50
2008.02.15 05:33:42.220,0.97495,0.97535,2.40,0.60
2008.02.15 05:33:48.436,0.97495,0.97535,2.40,0.50
2008.02.15 05:33:48.627,0.97495,0.97535,2.40,0.50
2008.02.15 05:33:48.884,0.97495,0.97535,2.40,0.60
2008.02.15 05:33:49.592,0.97495,0.97535,0.60,0.60
2008.02.15 05:33:49.665,0.97495,0.97535,0.50,0.60
2008.02.15 05:33:53.491,0.97495,0.97535,0.50,0.50
2008.02.15 05:33:56.010,0.97495,0.97535,0.60,0.60
2008.02.15 05:33:56.094,0.97495,0.97525,0.50,0.50
2008.02.15 05:33:56.220,0.97495,0.97525,0.50,0.50
2008.02.15 05:33:56.737,0.97495,0.97525,0.60,0.60
2008.02.15 05:33:58.434,0.97495,0.97525,1.10,3.20
2008.02.15 05:34:00.974,0.97495,0.97525,1.20,3.20
2008.02.15 05:34:01.221,0.97495,0.97535,1.00,3.20
2008.02.15 05:34:03.606,0.97495,0.97535,1.10,0.80
2008.02.15 05:34:03.857,0.97495,0.9754,1.60,4.00
2008.02.15 05:34:04.230,0.97495,0.9754,1.80,4.00
2008.02.15 05:34:07.717,0.97495,0.9754,1.20,4.00
2008.02.15 05:34:08.177,0.97495,0.9754,0.70,4.00
2008.02.15 05:34:09.501,0.97495,0.97545,1.70,9.60
2008.02.15 05:34:09.812,0.97495,0.97545,3.90,9.60
2008.02.15 05:34:10.253,0.97505,0.97545,1.00,7.20
2008.02.15 05:34:11.552,0.97505,0.97545,1.20,7.20
2008.02.15 05:34:11.681,0.97505,0.97545,1.20,7.20
2008.02.15 05:34:11.908,0.97505,0.97545,1.10,7.20
2008.02.15 05:34:12.041,0.97505,0.97545,1.50,7.20
2008.02.15 05:34:12.195,0.97495,0.97535,2.50,2.40
2008.02.15 05:34:12.388,0.97495,0.97535,1.30,3.20
2008.02.15 05:34:12.755,0.97495,0.97535,1.70,3.20
2008.02.15 05:34:12.852,0.97495,0.97535,0.50,7.20
2008.02.15 05:34:20.669,0.97485,0.97535,9.60,7.20
2008.02.15 05:34:20.759,0.97485,0.97535,12.00,7.20
2008.02.15 05:34:20.909,0.97485,0.97535,12.00,7.20
2008.02.15 05:34:21.153,0.9749,0.97535,4.00,3.20
2008.02.15 05:34:22.057,0.9749,0.97535,4.00,3.20
2008.02.15 05:34:22.286,0.97495,0.9754,3.20,4.10
2008.02.15 05:34:22.579,0.9749,0.9754,4.00,4.10
2008.02.15 05:34:22.808,0.9749,0.97535,4.00,3.20
2008.02.15 05:34:25.453,0.9749,0.97535,4.00,3.20
2008.02.15 05:34:25.565,0.9749,0.97535,4.00,3.20
2008.02.15 05:34:25.733,0.9749,0.97535,4.00,3.20
2008.02.15 05:34:25.866,0.97495,0.97535,2.40,7.20
2008.02.15 05:34:26.298,0.97495,0.97535,2.40,7.20
2008.02.15 05:34:26.467,0.97485,0.97535,12.00,7.20
2008.02.15 05:34:28.565,0.9749,0.97535,4.00,3.20
2008.02.15 05:34:28.667,0.97495,0.9754,2.40,4.00
2008.02.15 05:34:28.838,0.97495,0.97545,7.20,9.60
2008.02.15 05:34:30.082,0.97495,0.97545,7.20,0.60
2008.02.15 05:34:42.794,0.97495,0.97545,7.20,0.50
2008.02.15 05:34:43.144,0.97495,0.97545,7.20,0.60
2008.02.15 05:34:43.355,0.97495,0.97545,7.20,0.60
2008.02.15 05:34:45.461,0.975,0.9754,0.30,0.20
2008.02.15 05:34:47.371,0.975,0.9754,0.30,0.20
2008.02.15 05:34:49.105,0.975,0.9754,0.30,0.20
2008.02.15 05:34:49.202,0.975,0.9754,0.30,0.20
2008.02.15 05:34:49.428,0.975,0.9754,4.20,0.20
2008.02.15 05:34:49.719,0.975,0.9754,4.20,0.20
2008.02.15 05:34:49.792,0.9751,0.9754,0.30,0.20
2008.02.15 05:34:50.977,0.9751,0.9754,0.30,0.20
2008.02.15 05:34:51.080,0.9751,0.9754,0.30,0.20
2008.02.15 05:34:51.264,0.9751,0.9754,0.30,0.20
2008.02.15 05:34:51.379,0.9751,0.9754,0.30,0.20
2008.02.15 05:34:51.505,0.9751,0.9754,0.30,0.20
2008.02.15 05:34:51.608,0.9751,0.9754,0.30,0.20
2008.02.15 05:34:51.840,0.9751,0.9754,0.30,0.20
2008.02.15 05:34:51.957,0.9751,0.9754,0.30,0.20
2008.02.15 05:34:52.188,0.9751,0.9754,0.30,0.20
2008.02.15 05:34:55.199,0.9751,0.9754,0.30,0.20
2008.02.15 05:34:58.335,0.9751,0.9754,0.30,0.20
2008.02.15 05:34:58.475,0.9751,0.9754,0.30,0.20
2008.02.15 05:34:58.611,0.97505,0.9754,4.00,0.20
2008.02.15 05:34:59.463,0.97505,0.9754,4.00,0.20
2008.02.15 05:34:59.673,0.97505,0.9754,4.00,0.20
2008.02.15 05:35:00.554,0.97505,0.9754,4.00,0.20
2008.02.15 05:35:00.658,0.97505,0.9754,4.00,0.20
2008.02.15 05:35:00.851,0.97505,0.9754,4.00,0.20
2008.02.15 05:35:00.954,0.97505,0.9754,4.00,0.20
2008.02.15 05:35:01.076,0.9751,0.9754,0.30,0.20
2008.02.15 05:35:01.776,0.9751,0.9754,0.30,0.20
2008.02.15 05:35:01.988,0.9751,0.9754,0.30,0.20
2008.02.15 05:35:02.191,0.9751,0.9754,0.30,0.20
2008.02.15 05:35:04.185,0.9751,0.9754,0.30,0.20
2008.02.15 05:35:04.262,0.9751,0.9754,0.30,0.20
2008.02.15 05:35:04.482,0.9751,0.9754,0.30,0.20
2008.02.15 05:35:05.095,0.9751,0.9754,0.30,0.20
2008.02.15 05:35:05.289,0.9751,0.9754,0.30,0.20
2008.02.15 05:35:05.309,0.9751,0.9754,0.30,0.20
2008.02.15 05:35:07.441,0.9751,0.9754,0.30,0.20
2008.02.15 05:35:07.733,0.9751,0.9754,0.30,0.20
2008.02.15 05:35:08.057,0.9751,0.9754,0.30,0.20
2008.02.15 05:35:08.257,0.9751,0.9754,0.30,0.20
2008.02.15 05:35:09.203,0.9751,0.9754,0.30,0.20
2008.02.15 05:35:10.042,0.9751,0.9754,0.30,0.20
2008.02.15 05:35:10.380,0.9751,0.9754,0.30,0.20
2008.02.15 05:35:10.490,0.9751,0.9755,0.30,0.50
2008.02.15 05:35:10.765,0.9751,0.9755,0.30,0.60
2008.02.15 05:35:11.154,0.9751,0.9755,4.20,0.20
2008.02.15 05:35:11.676,0.9751,0.9755,4.20,0.20
2008.02.15 05:35:13.569,0.9751,0.9755,0.30,0.20
2008.02.15 05:35:13.750,0.9751,0.97545,0.30,0.60
2008.02.15 05:35:13.779,0.97505,0.9754,4.00,0.20
2008.02.15 05:35:13.959,0.975,0.9754,4.20,0.20
2008.02.15 05:35:14.080,0.975,0.9754,4.20,0.20
2008.02.15 05:35:14.470,0.975,0.9754,0.30,0.20
2008.02.15 05:35:14.903,0.975,0.9754,0.30,0.20
2008.02.15 05:35:15.218,0.975,0.9754,4.20,0.20
2008.02.15 05:35:15.405,0.975,0.9754,4.20,0.20
2008.02.15 05:35:15.542,0.9751,0.9754,0.30,0.20
2008.02.15 05:35:15.919,0.9751,0.9754,0.30,0.20
2008.02.15 05:35:16.042,0.9751,0.9754,0.30,0.20
2008.02.15 05:35:16.352,0.9751,0.9754,0.30,0.20
2008.02.15 05:35:16.665,0.9751,0.9754,0.30,0.20
2008.02.15 05:35:16.946,0.9751,0.9754,0.30,0.20
2008.02.15 05:35:17.184,0.975,0.9754,4.20,0.20
2008.02.15 05:35:17.317,0.975,0.9754,4.20,0.20
2008.02.15 05:35:17.478,0.975,0.9754,0.30,0.20
2008.02.15 05:35:17.643,0.975,0.9754,0.30,0.20
2008.02.15 05:35:17.776,0.975,0.9754,0.30,0.20
2008.02.15 05:35:17.986,0.975,0.9754,0.30,0.20
2008.02.15 05:35:18.119,0.975,0.9754,0.30,0.20
2008.02.15 05:35:18.848,0.975,0.9754,0.30,0.20
2008.02.15 05:35:19.162,0.975,0.9754,0.30,0.20
2008.02.15 05:35:19.385,0.975,0.9754,0.30,0.20
2008.02.15 05:35:20.715,0.975,0.9754,0.30,0.20
2008.02.15 05:35:21.023,0.975,0.9754,0.30,0.20
2008.02.15 05:35:21.443,0.975,0.9754,4.20,0.20
2008.02.15 05:35:21.657,0.97495,0.97545,7.20,0.60
2008.02.15 05:35:23.567,0.97495,0.97545,7.20,0.50
2008.02.15 05:35:25.606,0.97495,0.97545,9.60,0.50
2008.02.15 05:35:25.798,0.97495,0.97545,9.60,0.50
2008.02.15 05:35:25.902,0.97505,0.97545,2.40,0.60
2008.02.15 05:35:26.012,0.97505,0.97545,2.40,0.60
2008.02.15 05:35:26.147,0.97505,0.97545,2.40,0.50
2008.02.15 05:35:26.425,0.97505,0.97545,2.40,0.50
2008.02.15 05:35:26.834,0.97505,0.97545,2.40,0.60
2008.02.15 05:35:31.641,0.97505,0.97545,2.40,0.60
2008.02.15 05:35:31.904,0.97505,0.97545,5.60,0.60
2008.02.15 05:35:32.008,0.97505,0.97545,5.60,0.60
2008.02.15 05:35:32.327,0.97505,0.97545,5.60,0.60
2008.02.15 05:35:32.510,0.97505,0.97545,5.60,0.60
2008.02.15 05:35:32.650,0.97505,0.97545,5.60,4.80
2008.02.15 05:35:32.827,0.97505,0.97545,2.40,5.60
2008.02.15 05:35:33.000,0.97505,0.97545,2.40,8.00
2008.02.15 05:35:33.375,0.97505,0.97545,2.40,8.00
2008.02.15 05:35:37.441,0.97505,0.9754,2.40,0.50
2008.02.15 05:35:41.042,0.97505,0.9754,2.40,0.50
2008.02.15 05:35:41.272,0.97505,0.97535,2.40,0.50
2008.02.15 05:35:41.606,0.97505,0.97535,2.40,0.50
2008.02.15 05:35:41.750,0.97505,0.97535,2.40,0.50
2008.02.15 05:35:41.928,0.975,0.9754,4.00,0.50
2008.02.15 05:35:42.185,0.97515,0.9754,2.40,0.50
2008.02.15 05:35:42.396,0.97515,0.9754,2.40,0.50
2008.02.15 05:35:42.599,0.97505,0.97545,4.00,3.20
2008.02.15 05:35:44.229,0.975,0.97545,4.00,3.20
2008.02.15 05:35:44.329,0.97505,0.97545,2.40,0.80
2008.02.15 05:35:44.429,0.9751,0.97555,4.00,5.60
2008.02.15 05:35:44.644,0.97515,0.97555,2.40,3.20
2008.02.15 05:35:44.811,0.97515,0.9756,5.60,4.00
2008.02.15 05:35:44.910,0.97515,0.97555,2.40,3.20
2008.02.15 05:35:45.182,0.97515,0.97555,6.40,3.20
2008.02.15 05:35:45.510,0.97515,0.97565,9.60,12.00
2008.02.15 05:35:46.963,0.97515,0.9756,5.60,4.40
2008.02.15 05:35:47.102,0.97515,0.97555,2.40,3.20
2008.02.15 05:35:47.299,0.97515,0.97555,3.20,2.40
2008.02.15 05:35:47.451,0.9751,0.97555,4.00,5.60
2008.02.15 05:35:47.619,0.9751,0.97555,4.00,6.00
2008.02.15 05:35:47.922,0.9751,0.97555,4.00,6.00
2008.02.15 05:35:48.926,0.97515,0.97555,2.40,7.60
2008.02.15 05:35:49.221,0.97515,0.97555,2.40,7.20
2008.02.15 05:35:49.384,0.97515,0.97555,5.60,0.50
2008.02.15 05:35:51.291,0.97515,0.97555,5.60,0.50
2008.02.15 05:35:51.479,0.97515,0.97545,3.20,0.50
2008.02.15 05:35:51.686,0.97515,0.97545,3.20,0.50
2008.02.15 05:35:51.779,0.9751,0.97545,4.00,0.50
2008.02.15 05:35:51.951,0.9751,0.97545,4.00,0.50
2008.02.15 05:35:52.032,0.97515,0.9756,5.60,4.00
2008.02.15 05:35:52.134,0.97515,0.9756,5.60,4.00
2008.02.15 05:35:52.227,0.97515,0.9755,5.60,0.50
2008.02.15 05:35:52.363,0.97515,0.9755,5.60,0.50
2008.02.15 05:35:52.940,0.97515,0.9755,5.60,0.50
2008.02.15 05:35:53.273,0.9752,0.9754,4.00,0.50
2008.02.15 05:35:53.607,0.97515,0.9754,9.60,0.50
2008.02.15 05:35:53.790,0.97515,0.9754,9.60,0.50
2008.02.15 05:35:53.949,0.97515,0.9754,9.60,0.50
2008.02.15 05:35:54.164,0.97515,0.9754,9.60,0.50
2008.02.15 05:35:56.553,0.97515,0.9754,5.60,0.50
2008.02.15 05:35:59.130,0.97515,0.97555,5.60,0.50
2008.02.15 05:35:59.257,0.97515,0.97555,5.60,0.50
2008.02.15 05:35:59.421,0.97515,0.9756,9.60,0.50
2008.02.15 05:35:59.814,0.97515,0.9755,9.60,0.50
2008.02.15 05:36:00.806,0.97515,0.9755,9.60,0.50
2008.02.15 05:36:01.717,0.97515,0.9755,9.60,0.50
2008.02.15 05:36:01.830,0.97515,0.9755,9.60,0.50
2008.02.15 05:36:02.386,0.97515,0.9755,9.60,0.50
2008.02.15 05:36:02.884,0.97515,0.9755,5.60,0.50
2008.02.15 05:36:03.693,0.97515,0.9755,9.60,0.50
2008.02.15 05:36:03.919,0.97515,0.9755,9.60,0.50
2008.02.15 05:36:04.289,0.97515,0.9755,9.60,0.50
2008.02.15 05:36:04.560,0.97525,0.9755,2.40,0.50
2008.02.15 05:36:04.675,0.97525,0.9755,2.40,0.50
2008.02.15 05:36:05.676,0.97515,0.9755,9.60,0.50
2008.02.15 05:36:05.938,0.97515,0.9755,9.60,0.50
2008.02.15 05:36:06.146,0.97525,0.9755,2.40,0.50
2008.02.15 05:36:06.266,0.97525,0.9755,2.40,0.50
2008.02.15 05:36:06.446,0.97525,0.9755,5.60,0.50
2008.02.15 05:36:07.588,0.97525,0.9755,5.60,0.50
2008.02.15 05:36:07.818,0.97525,0.9755,3.20,0.50
2008.02.15 05:36:08.046,0.97515,0.9755,9.60,0.50
2008.02.15 05:36:08.364,0.97515,0.9755,9.60,0.50
2008.02.15 05:36:09.382,0.97515,0.9755,9.60,0.50
2008.02.15 05:36:09.841,0.97515,0.9755,9.60,0.50
2008.02.15 05:36:10.100,0.97515,0.9755,5.60,0.50
2008.02.15 05:36:10.481,0.97515,0.9755,5.60,0.50
2008.02.15 05:36:10.603,0.97525,0.9755,2.40,0.50
2008.02.15 05:36:10.937,0.97525,0.9755,2.40,0.50
2008.02.15 05:36:11.143,0.97525,0.9755,2.40,0.50
2008.02.15 05:36:11.386,0.97525,0.9755,5.60,0.50
2008.02.15 05:36:11.638,0.97525,0.9755,5.60,0.50
2008.02.15 05:36:11.882,0.97515,0.9755,5.60,0.50
2008.02.15 05:36:14.345,0.97515,0.9755,5.60,0.50
2008.02.15 05:36:14.473,0.9751,0.9755,4.00,0.50
2008.02.15 05:36:14.920,0.9751,0.9755,4.00,0.50
2008.02.15 05:36:17.185,0.9751,0.9755,4.00,0.50
2008.02.15 05:36:17.399,0.9751,0.9755,4.00,0.50
2008.02.15 05:36:24.896,0.9751,0.9755,4.00,0.50
2008.02.15 05:36:27.462,0.9751,0.9755,4.00,0.50
2008.02.15 05:36:27.666,0.97515,0.97555,2.40,3.20
2008.02.15 05:36:27.789,0.97515,0.97555,2.40,3.20
2008.02.15 05:36:27.903,0.97515,0.9756,5.60,4.00
2008.02.15 05:36:28.196,0.97515,0.9756,5.60,4.00
2008.02.15 05:36:28.679,0.97515,0.9756,5.60,4.00
2008.02.15 05:36:30.591,0.97515,0.97565,9.60,7.60
2008.02.15 05:36:34.280,0.97515,0.97565,9.60,0.60
2008.02.15 05:36:34.835,0.97515,0.97565,9.60,0.50
2008.02.15 05:36:34.981,0.9752,0.97565,4.00,0.60
2008.02.15 05:36:35.347,0.9752,0.97565,4.00,3.20
2008.02.15 05:36:35.496,0.97515,0.97565,9.60,7.60
2008.02.15 05:36:35.671,0.97515,0.97565,9.60,7.20
2008.02.15 05:36:35.996,0.97515,0.97565,9.60,7.20
2008.02.15 05:36:36.165,0.97515,0.97565,9.60,4.80
2008.02.15 05:36:36.350,0.97515,0.97565,9.60,4.00
2008.02.15 05:36:37.843,0.97515,0.97565,9.60,4.00
2008.02.15 05:36:37.922,0.97525,0.97575,2.40,6.40
2008.02.15 05:36:38.056,0.97525,0.97575,5.60,4.00
2008.02.15 05:36:38.167,0.97525,0.97575,5.60,4.00
2008.02.15 05:36:38.268,0.97525,0.9757,5.60,4.00
2008.02.15 05:36:38.440,0.97525,0.9757,5.60,4.00
2008.02.15 05:36:38.515,0.97525,0.9757,5.60,4.00
2008.02.15 05:36:38.785,0.97525,0.97575,9.60,4.00
2008.02.15 05:36:39.185,0.97525,0.97575,9.60,4.00
2008.02.15 05:36:39.480,0.97525,0.97575,9.60,7.20
2008.02.15 05:36:39.621,0.97525,0.9757,5.60,4.00
2008.02.15 05:36:39.839,0.97525,0.97575,9.60,8.00
2008.02.15 05:36:39.993,0.97525,0.97575,9.60,7.20
2008.02.15 05:36:40.947,0.97525,0.97575,9.60,7.20
2008.02.15 05:36:41.686,0.97525,0.97575,9.60,9.60
2008.02.15 05:36:41.892,0.97525,0.97575,7.20,9.60
2008.02.15 05:36:42.053,0.97535,0.97575,2.40,7.20
2008.02.15 05:36:42.181,0.97535,0.97575,2.40,7.20
2008.02.15 05:36:42.411,0.97535,0.97575,2.40,3.20
2008.02.15 05:36:42.592,0.97535,0.97575,2.40,3.20
2008.02.15 05:36:43.260,0.9753,0.97575,4.00,5.60
2008.02.15 05:36:45.872,0.9753,0.9757,4.00,0.50
2008.02.15 05:36:46.240,0.9753,0.9757,4.00,0.50
2008.02.15 05:36:46.381,0.9753,0.9757,4.00,0.50
2008.02.15 05:37:00.652,0.9753,0.9757,4.00,0.50
2008.02.15 05:37:06.397,0.9753,0.9757,4.00,0.50
2008.02.15 05:37:06.548,0.97535,0.9757,5.60,0.50
2008.02.15 05:37:06.682,0.97535,0.97575,5.60,0.50
2008.02.15 05:37:06.898,0.97535,0.97575,5.60,0.50
2008.02.15 05:37:07.032,0.9753,0.97575,4.00,6.00
2008.02.15 05:37:07.285,0.9753,0.97575,4.00,6.00
2008.02.15 05:37:07.494,0.9753,0.9757,4.00,0.50
2008.02.15 05:37:12.002,0.9753,0.9757,4.00,0.50
2008.02.15 05:37:12.100,0.9753,0.9757,4.00,0.50
2008.02.15 05:37:12.199,0.9753,0.9757,4.00,0.50
2008.02.15 05:37:12.341,0.9753,0.9757,4.00,0.50
2008.02.15 05:37:12.567,0.97525,0.97565,9.60,0.50
2008.02.15 05:37:14.414,0.97525,0.97565,9.60,0.50
2008.02.15 05:37:14.550,0.97525,0.97565,7.20,0.50
2008.02.15 05:37:14.693,0.97525,0.97565,7.20,0.50
2008.02.15 05:37:14.842,0.97525,0.97565,7.20,0.50
2008.02.15 05:37:14.917,0.97525,0.9757,7.20,0.50
2008.02.15 05:37:15.423,0.97525,0.9757,7.20,0.50
2008.02.15 05:37:16.429,0.9753,0.9757,4.00,0.50
2008.02.15 05:37:16.532,0.9753,0.9757,4.00,0.50
2008.02.15 05:37:16.709,0.97535,0.9757,3.20,0.50
2008.02.15 05:37:16.741,0.97535,0.9758,5.60,4.00
2008.02.15 05:37:16.946,0.97535,0.9758,5.60,4.00
2008.02.15 05:37:17.161,0.97535,0.9758,5.60,4.00
2008.02.15 05:37:17.190,0.97535,0.97585,9.60,10.00
2008.02.15 05:37:17.308,0.97535,0.97585,9.60,10.00
2008.02.15 05:37:17.459,0.97535,0.97575,9.60,0.50
2008.02.15 05:37:17.791,0.9754,0.97585,4.00,6.00
2008.02.15 05:37:18.126,0.97535,0.9758,9.60,0.80
2008.02.15 05:37:18.460,0.97535,0.97575,9.60,0.50
2008.02.15 05:37:18.679,0.97535,0.97575,20.00,0.50
2008.02.15 05:37:18.818,0.97545,0.97575,5.60,0.50
2008.02.15 05:37:19.010,0.97545,0.97575,5.60,0.50
2008.02.15 05:37:19.147,0.97545,0.9758,5.60,0.50
2008.02.15 05:37:19.285,0.97545,0.9759,9.60,0.50
2008.02.15 05:37:19.424,0.97555,0.9759,2.40,0.80
2008.02.15 05:37:19.598,0.97555,0.9759,5.60,0.80
2008.02.15 05:37:19.831,0.97555,0.9759,5.60,0.80
2008.02.15 05:37:20.139,0.97565,0.9759,2.40,0.50
2008.02.15 05:37:20.372,0.97565,0.9759,0.80,0.50
2008.02.15 05:37:20.658,0.97555,0.9759,3.20,0.50
2008.02.15 05:37:20.871,0.97555,0.9759,3.20,0.50
2008.02.15 05:37:22.441,0.97555,0.9759,3.20,0.50
2008.02.15 05:37:22.530,0.97545,0.9759,5.60,0.50
2008.02.15 05:37:22.693,0.97545,0.9758,5.60,0.50
2008.02.15 05:37:22.888,0.97545,0.9758,5.60,0.50
2008.02.15 05:37:23.007,0.97555,0.9757,2.40,0.50
2008.02.15 05:37:23.129,0.97555,0.9757,2.40,0.50
2008.02.15 05:37:23.389,0.97555,0.97585,2.40,0.50
2008.02.15 05:37:23.547,0.97545,0.97585,7.20,0.50
2008.02.15 05:37:23.665,0.97545,0.97585,3.20,0.80
2008.02.15 05:37:23.840,0.97545,0.97575,3.20,0.50
2008.02.15 05:37:23.987,0.97545,0.97575,5.60,0.50
2008.02.15 05:37:24.149,0.97545,0.97575,5.60,0.50
2008.02.15 05:37:24.531,0.97545,0.97575,7.20,0.50
2008.02.15 05:37:24.867,0.97545,0.97575,7.20,0.50
2008.02.15 05:37:25.006,0.97545,0.97575,7.20,0.50
2008.02.15 05:37:25.902,0.97545,0.97575,7.20,0.50
2008.02.15 05:37:26.096,0.97545,0.97575,3.20,0.50
2008.02.15 05:37:26.410,0.97545,0.97575,3.20,0.50
2008.02.15 05:37:26.449,0.97545,0.9759,3.20,4.40
2008.02.15 05:37:26.701,0.97545,0.97575,7.20,0.50
2008.02.15 05:37:29.846,0.97545,0.97575,7.20,0.50
2008.02.15 05:37:30.010,0.97545,0.9758,7.20,0.10
2008.02.15 05:37:30.260,0.97545,0.9758,7.20,0.10
2008.02.15 05:37:30.291,0.97545,0.9757,3.20,0.50
2008.02.15 05:37:30.401,0.97545,0.9757,3.20,0.50
2008.02.15 05:37:30.582,0.97545,0.9757,3.20,0.50
2008.02.15 05:37:30.700,0.97545,0.9757,3.20,0.50
2008.02.15 05:37:30.902,0.97545,0.9757,3.20,0.50
2008.02.15 05:37:31.930,0.97545,0.9757,3.20,0.50
2008.02.15 05:37:32.128,0.97545,0.9757,3.20,0.50
2008.02.15 05:37:32.207,0.97545,0.9757,3.20,0.50
2008.02.15 05:37:32.410,0.97545,0.9757,3.20,0.50
2008.02.15 05:37:32.422,0.97545,0.9757,3.20,0.50
2008.02.15 05:37:32.741,0.97545,0.9757,3.20,0.50
2008.02.15 05:37:32.850,0.97545,0.9757,3.20,0.50
2008.02.15 05:37:33.037,0.97555,0.9757,2.40,0.50
2008.02.15 05:37:33.048,0.97555,0.9757,3.20,0.50
2008.02.15 05:37:33.150,0.97555,0.9757,3.20,0.50
2008.02.15 05:37:33.469,0.97555,0.9757,3.20,0.50
2008.02.15 05:37:36.000,0.97555,0.9757,3.20,0.50
2008.02.15 05:37:36.226,0.97555,0.9757,3.20,0.50
2008.02.15 05:37:36.980,0.97555,0.9757,3.20,0.50
2008.02.15 05:37:37.132,0.97555,0.9757,3.20,0.50
2008.02.15 05:37:37.260,0.97555,0.9757,3.20,0.50
2008.02.15 05:37:38.881,0.97555,0.9757,3.20,0.50
2008.02.15 05:37:39.894,0.97555,0.9757,3.20,0.50
2008.02.15 05:37:40.105,0.9755,0.9757,4.00,0.50
2008.02.15 05:37:40.218,0.97555,0.9757,0.80,0.50
2008.02.15 05:37:41.360,0.97555,0.9757,3.20,0.50
2008.02.15 05:37:42.407,0.97555,0.9757,3.20,0.50
2008.02.15 05:37:42.601,0.97555,0.97585,3.20,0.50
2008.02.15 05:37:43.964,0.97555,0.97585,3.20,0.50
2008.02.15 05:37:44.113,0.9756,0.9759,0.30,0.50
2008.02.15 05:37:44.326,0.9756,0.97585,0.30,0.50
2008.02.15 05:37:45.038,0.9755,0.97585,4.20,0.50
2008.02.15 05:37:45.093,0.97555,0.97575,2.40,0.50
2008.02.15 05:37:45.295,0.97555,0.9758,3.20,0.10
2008.02.15 05:37:45.423,0.97555,0.97565,3.20,0.10
2008.02.15 05:37:45.551,0.97555,0.9759,3.20,4.40
2008.02.15 05:37:45.833,0.97555,0.97585,3.20,0.50
2008.02.15 05:37:45.961,0.97555,0.97585,3.20,0.50
2008.02.15 05:37:46.240,0.9755,0.97575,4.20,0.50
2008.02.15 05:37:46.489,0.9755,0.9758,0.30,0.50
2008.02.15 05:37:46.943,0.9755,0.9758,0.30,0.50
2008.02.15 05:37:47.117,0.97555,0.9757,2.40,0.50
2008.02.15 05:37:47.372,0.97555,0.9757,2.40,0.50
2008.02.15 05:37:47.531,0.97555,0.9757,2.40,0.50
2008.02.15 05:37:49.663,0.97555,0.9757,2.40,0.50
2008.02.15 05:37:49.741,0.9755,0.9757,4.20,0.50
2008.02.15 05:37:49.847,0.9755,0.97585,0.30,0.50
2008.02.15 05:37:49.983,0.9755,0.97585,0.30,0.50
2008.02.15 05:37:50.398,0.9755,0.97585,0.30,0.50
2008.02.15 05:37:50.640,0.9755,0.9759,0.30,0.50
2008.02.15 05:37:51.898,0.9755,0.9759,0.30,0.50
2008.02.15 05:37:52.022,0.9756,0.9759,0.30,0.50
2008.02.15 05:37:52.209,0.9756,0.9759,0.30,0.50
2008.02.15 05:37:52.321,0.9756,0.9759,0.30,0.50
2008.02.15 05:37:52.524,0.9756,0.9759,0.30,0.50
2008.02.15 05:37:53.942,0.9756,0.9759,0.30,0.50
2008.02.15 05:37:54.146,0.9756,0.9759,0.30,0.50
2008.02.15 05:37:56.423,0.9756,0.9759,0.30,0.50
2008.02.15 05:37:57.336,0.9756,0.97605,0.30,0.60
2008.02.15 05:37:57.505,0.97555,0.97605,4.00,0.60
2008.02.15 05:37:57.665,0.97555,0.976,7.20,0.50
2008.02.15 05:37:58.052,0.97555,0.976,7.20,0.50
2008.02.15 05:37:59.064,0.9756,0.97605,0.30,0.50
2008.02.15 05:37:59.305,0.9756,0.97605,0.30,0.60
2008.02.15 05:37:59.874,0.9756,0.97605,0.30,0.60
2008.02.15 05:38:00.068,0.9756,0.97605,0.30,0.50
2008.02.15 05:38:00.196,0.9756,0.97605,0.30,0.50
2008.02.15 05:38:00.272,0.9756,0.976,0.30,0.50
2008.02.15 05:38:00.393,0.9756,0.976,0.30,0.50
2008.02.15 05:38:00.471,0.9756,0.976,0.30,0.50
2008.02.15 05:38:00.561,0.9756,0.97595,0.30,0.50
2008.02.15 05:38:00.685,0.9756,0.97595,0.30,0.50
2008.02.15 05:38:01.803,0.9756,0.97595,0.30,0.50
2008.02.15 05:38:02.007,0.9756,0.97595,0.30,0.60
2008.02.15 05:38:02.180,0.9756,0.97595,0.30,0.60
2008.02.15 05:38:06.139,0.9756,0.97595,0.30,0.50
2008.02.15 05:38:06.262,0.9756,0.97595,0.30,0.60
2008.02.15 05:38:06.381,0.9756,0.976,0.30,0.50
2008.02.15 05:38:06.846,0.9756,0.976,0.30,0.50
2008.02.15 05:38:07.025,0.9755,0.97595,4.20,0.60
2008.02.15 05:38:07.383,0.9755,0.97595,0.30,0.60
2008.02.15 05:38:09.432,0.9755,0.97595,0.30,0.60
2008.02.15 05:38:09.495,0.9755,0.97595,0.30,0.50
2008.02.15 05:38:09.609,0.9755,0.97595,0.30,0.60
2008.02.15 05:38:09.672,0.9755,0.97595,0.30,0.50
2008.02.15 05:38:10.122,0.9755,0.97595,0.30,0.60
2008.02.15 05:38:10.403,0.9755,0.97595,0.30,0.50
2008.02.15 05:38:11.176,0.9755,0.97595,0.30,0.60
2008.02.15 05:38:14.383,0.9755,0.97595,0.30,0.50
2008.02.15 05:38:16.716,0.9755,0.97595,0.30,0.60
2008.02.15 05:38:16.935,0.9755,0.97595,0.30,0.60
2008.02.15 05:38:21.137,0.9755,0.97595,0.30,0.60
2008.02.15 05:38:21.260,0.9756,0.97595,0.30,0.60
2008.02.15 05:38:21.497,0.9756,0.97595,0.30,0.50
2008.02.15 05:38:22.114,0.9756,0.97595,0.30,0.50
2008.02.15 05:38:22.317,0.9756,0.97595,0.30,0.60
2008.02.15 05:38:22.915,0.9756,0.97595,0.30,0.50
2008.02.15 05:38:22.989,0.9755,0.97595,4.20,0.60
2008.02.15 05:38:23.184,0.9755,0.97595,4.20,0.60
2008.02.15 05:38:23.257,0.9755,0.97595,0.30,0.60
2008.02.15 05:38:23.343,0.9755,0.97595,0.30,0.50
2008.02.15 05:38:23.483,0.9755,0.9759,0.30,0.50
2008.02.15 05:38:23.672,0.9755,0.9759,0.30,0.50
2008.02.15 05:38:25.460,0.9755,0.9759,0.30,0.50
2008.02.15 05:38:25.646,0.9755,0.9759,0.30,0.50
2008.02.15 05:38:25.720,0.9755,0.9759,0.30,0.50
2008.02.15 05:38:25.837,0.9755,0.9759,0.30,0.50
2008.02.15 05:38:26.016,0.9755,0.9759,0.30,0.80
2008.02.15 05:38:30.957,0.9755,0.9759,0.30,0.90
2008.02.15 05:38:31.121,0.9755,0.9759,0.30,0.90
2008.02.15 05:38:31.262,0.9755,0.9759,0.30,0.90
2008.02.15 05:38:31.422,0.9755,0.9759,0.30,0.90
2008.02.15 05:38:31.625,0.9755,0.9759,0.30,0.50
2008.02.15 05:38:31.932,0.9755,0.9759,0.30,0.50
2008.02.15 05:38:32.104,0.9755,0.97595,0.30,0.60
2008.02.15 05:38:32.343,0.9756,0.97595,0.30,0.50
2008.02.15 05:38:32.675,0.9755,0.9759,4.20,0.20
2008.02.15 05:38:32.907,0.9755,0.9759,0.30,0.50
2008.02.15 05:38:33.610,0.9755,0.9759,0.30,0.50
2008.02.15 05:38:33.770,0.9755,0.9759,0.30,0.50
2008.02.15 05:38:33.995,0.9755,0.97585,0.30,0.50
2008.02.15 05:38:34.140,0.97545,0.97595,9.60,0.60
2008.02.15 05:38:34.289,0.97545,0.97585,4.00,0.50
2008.02.15 05:38:34.436,0.97535,0.97585,6.40,0.60
2008.02.15 05:38:34.621,0.97535,0.97585,6.40,0.50
2008.02.15 05:38:35.002,0.97535,0.97585,6.40,0.50
2008.02.15 05:38:35.150,0.97535,0.97585,6.40,0.60
2008.02.15 05:38:35.377,0.97535,0.97585,4.00,0.60
2008.02.15 05:38:35.747,0.97535,0.97585,4.00,0.50
2008.02.15 05:38:36.054,0.97535,0.97585,4.00,0.60
2008.02.15 05:38:36.162,0.97535,0.97585,4.00,0.50
2008.02.15 05:38:36.496,0.97535,0.97585,4.00,0.60
2008.02.15 05:38:36.619,0.97535,0.97585,4.00,0.50
2008.02.15 05:38:36.875,0.97535,0.97585,4.00,0.60
2008.02.15 05:38:36.985,0.97535,0.97585,4.00,0.60
2008.02.15 05:38:37.095,0.97535,0.97585,4.00,0.60
2008.02.15 05:38:37.294,0.9753,0.9758,4.00,0.50
2008.02.15 05:38:37.578,0.97535,0.97585,4.00,0.50
2008.02.15 05:38:37.776,0.9754,0.97585,0.30,0.60
2008.02.15 05:38:38.331,0.9754,0.97585,0.30,0.50
2008.02.15 05:38:38.906,0.9754,0.9758,0.30,0.50
2008.02.15 05:38:40.868,0.9754,0.9758,0.30,0.50
2008.02.15 05:38:40.978,0.97535,0.97575,4.00,0.60
2008.02.15 05:38:41.087,0.97535,0.97575,4.00,0.50
2008.02.15 05:38:41.195,0.97545,0.9758,4.00,0.50
2008.02.15 05:38:41.392,0.97545,0.9758,4.00,0.50
2008.02.15 05:38:41.632,0.9755,0.9758,0.30,0.50
2008.02.15 05:38:42.101,0.9755,0.9758,0.30,0.50
2008.02.15 05:38:42.397,0.9755,0.9758,0.30,0.50
2008.02.15 05:38:42.646,0.9755,0.9758,0.30,0.50
2008.02.15 05:38:42.965,0.9755,0.9758,0.30,0.50
2008.02.15 05:38:43.213,0.9755,0.9758,0.30,0.20
2008.02.15 05:38:43.969,0.9755,0.9758,0.30,0.20
2008.02.15 05:38:44.693,0.9755,0.9758,0.30,0.20
2008.02.15 05:38:44.919,0.9755,0.9758,0.30,0.20
2008.02.15 05:38:45.715,0.97555,0.9758,2.40,0.20
2008.02.15 05:38:45.932,0.97555,0.9758,3.20,0.20
2008.02.15 05:38:46.195,0.9756,0.97585,0.30,0.50
2008.02.15 05:38:46.599,0.9756,0.97585,0.30,0.50
2008.02.15 05:38:46.772,0.9756,0.9759,0.30,0.20
2008.02.15 05:38:47.196,0.9756,0.9759,0.30,0.30
2008.02.15 05:38:47.487,0.9756,0.9759,0.30,0.30
2008.02.15 05:38:47.586,0.9756,0.9759,0.30,0.30
2008.02.15 05:38:47.789,0.9756,0.9759,0.30,0.30
2008.02.15 05:38:47.913,0.9756,0.97585,0.30,0.50
2008.02.15 05:38:48.079,0.9756,0.97585,0.30,0.50
2008.02.15 05:38:48.201,0.9756,0.9759,0.30,0.50
2008.02.15 05:38:48.344,0.9756,0.9759,0.30,0.50
2008.02.15 05:38:48.500,0.9756,0.9759,0.30,0.90
2008.02.15 05:38:48.867,0.9756,0.9759,0.30,0.80
2008.02.15 05:38:49.167,0.9756,0.9759,0.30,0.50
2008.02.15 05:38:49.961,0.9756,0.9759,0.30,0.50
2008.02.15 05:38:50.171,0.97555,0.9759,2.40,0.50
2008.02.15 05:38:50.379,0.9755,0.9759,0.30,0.50
2008.02.15 05:38:50.588,0.9755,0.9759,0.30,0.90
2008.02.15 05:38:50.757,0.9756,0.9758,0.30,0.50
2008.02.15 05:38:52.031,0.9756,0.9758,0.30,0.50
2008.02.15 05:38:52.149,0.9755,0.9758,0.30,0.50
2008.02.15 05:38:52.367,0.9755,0.9758,0.30,0.50
2008.02.15 05:38:52.444,0.9755,0.9758,0.30,0.50
2008.02.15 05:38:52.599,0.9755,0.9758,0.30,0.50
2008.02.15 05:38:52.741,0.9755,0.9758,0.30,0.50
2008.02.15 05:38:52.983,0.9755,0.9758,0.30,0.50
2008.02.15 05:38:53.168,0.9755,0.9758,4.20,0.50
2008.02.15 05:38:53.391,0.9756,0.9758,0.30,0.50
2008.02.15 05:38:54.844,0.9756,0.9758,0.30,0.50
2008.02.15 05:38:55.777,0.9756,0.9758,0.30,0.50
2008.02.15 05:38:55.870,0.9756,0.97595,0.30,3.60
2008.02.15 05:38:56.607,0.9756,0.97595,0.30,3.60
2008.02.15 05:38:56.826,0.9756,0.97595,0.30,3.60
2008.02.15 05:38:57.043,0.9756,0.97595,0.30,4.00
2008.02.15 05:38:57.151,0.9756,0.9759,0.30,0.20
2008.02.15 05:38:57.311,0.9756,0.9759,0.30,0.20
2008.02.15 05:38:57.548,0.9756,0.9759,0.30,0.50
2008.02.15 05:38:57.691,0.9755,0.97585,0.30,0.80
2008.02.15 05:38:57.900,0.9755,0.97585,0.30,3.20
2008.02.15 05:38:58.081,0.9755,0.97585,0.30,3.20
2008.02.15 05:38:58.376,0.9754,0.97585,0.80,3.60
2008.02.15 05:38:58.669,0.97535,0.97585,1.30,8.00
2008.02.15 05:38:58.962,0.97535,0.97585,0.80,7.60
2008.02.15 05:38:59.256,0.97535,0.97585,0.80,7.60
2008.02.15 05:39:00.194,0.97535,0.97585,2.20,8.00
2008.02.15 05:39:00.418,0.97535,0.97585,0.70,8.00
2008.02.15 05:39:00.602,0.97535,0.9758,2.30,0.80
2008.02.15 05:39:01.068,0.97535,0.9758,0.90,0.80
2008.02.15 05:39:01.251,0.97545,0.9758,2.70,0.80
2008.02.15 05:39:01.427,0.97545,0.9758,2.50,0.50
2008.02.15 05:39:01.662,0.97545,0.9758,3.20,0.50
2008.02.15 05:39:03.152,0.9755,0.9758,0.30,0.50
2008.02.15 05:39:03.559,0.9755,0.9758,0.30,0.50
2008.02.15 05:39:03.682,0.97545,0.9758,1.60,0.50
2008.02.15 05:39:03.774,0.97545,0.9758,1.40,0.50
2008.02.15 05:39:03.862,0.97535,0.9758,1.50,0.50
2008.02.15 05:39:04.021,0.97535,0.9758,2.00,0.60
2008.02.15 05:39:04.118,0.97535,0.9758,2.10,0.60
2008.02.15 05:39:07.542,0.97535,0.9758,1.10,0.60
2008.02.15 05:39:07.682,0.97535,0.9758,2.10,0.60
2008.02.15 05:39:07.906,0.9754,0.9758,2.30,0.10
2008.02.15 05:39:08.233,0.9754,0.9758,0.50,0.10
2008.02.15 05:39:09.138,0.9754,0.97585,2.30,4.00
2008.02.15 05:39:09.642,0.9754,0.97585,1.00,4.00
2008.02.15 05:39:10.676,0.9754,0.97585,1.50,4.00
2008.02.15 05:39:12.397,0.9754,0.97585,2.20,4.00
2008.02.15 05:39:12.565,0.9754,0.97585,1.10,4.00
2008.02.15 05:39:12.799,0.9754,0.97585,0.60,4.00
2008.02.15 05:39:12.922,0.9754,0.97585,1.10,3.20
2008.02.15 05:39:13.047,0.9755,0.97585,0.30,3.20
2008.02.15 05:39:13.427,0.9755,0.97585,0.30,3.20
2008.02.15 05:39:18.067,0.9755,0.97585,0.30,3.20
2008.02.15 05:39:18.253,0.9755,0.9759,0.30,4.50
2008.02.15 05:39:18.364,0.9755,0.9759,0.80,0.20
2008.02.15 05:39:18.764,0.9755,0.9759,2.30,0.20
2008.02.15 05:39:18.872,0.9756,0.9759,0.30,0.20
2008.02.15 05:39:19.590,0.9756,0.9759,0.30,0.20
2008.02.15 05:39:19.812,0.97555,0.9759,0.80,0.20
2008.02.15 05:39:19.984,0.9755,0.9759,0.30,0.90
2008.02.15 05:39:20.151,0.9755,0.97585,0.30,0.50
2008.02.15 05:39:22.129,0.9755,0.97585,0.30,0.50
2008.02.15 05:39:22.232,0.9755,0.97585,0.30,0.50
2008.02.15 05:39:22.398,0.9755,0.9759,0.30,0.50
2008.02.15 05:39:22.502,0.9756,0.9759,0.30,0.30
2008.02.15 05:39:22.806,0.9756,0.9759,0.30,0.30
2008.02.15 05:39:22.821,0.9755,0.9759,1.10,0.30
2008.02.15 05:39:23.051,0.9755,0.97585,1.90,0.50
2008.02.15 05:39:23.176,0.9755,0.97585,0.30,0.50
2008.02.15 05:39:23.985,0.9755,0.97585,0.30,0.50
2008.02.15 05:39:24.260,0.9755,0.9759,0.30,0.60
2008.02.15 05:39:24.713,0.9755,0.97585,0.30,0.20
2008.02.15 05:39:25.079,0.9755,0.97585,0.30,0.20
2008.02.15 05:39:25.174,0.97555,0.97575,0.80,0.50
2008.02.15 05:39:25.266,0.9755,0.9758,0.30,0.10
2008.02.15 05:39:25.396,0.9755,0.97565,0.30,0.50
2008.02.15 05:39:25.729,0.9756,0.97565,0.30,0.50
2008.02.15 05:39:26.062,0.9756,0.97565,0.30,0.50
2008.02.15 05:39:27.279,0.9756,0.97565,0.30,0.50
2008.02.15 05:39:28.249,0.9756,0.97565,0.30,0.50
2008.02.15 05:39:28.933,0.9756,0.97565,0.30,0.50
2008.02.15 05:39:29.174,0.9756,0.97585,0.30,0.20
2008.02.15 05:39:29.342,0.9755,0.97585,4.20,0.20
2008.02.15 05:39:29.510,0.9755,0.97585,4.20,0.20
2008.02.15 05:39:29.906,0.9755,0.97585,0.30,0.20
2008.02.15 05:39:30.103,0.97555,0.9759,2.40,0.70
2008.02.15 05:39:30.263,0.97555,0.9759,3.20,0.70
2008.02.15 05:39:30.397,0.97555,0.97575,3.20,0.50
2008.02.15 05:39:31.382,0.97555,0.97575,3.20,0.50
2008.02.15 05:39:31.510,0.9755,0.97575,4.20,0.50
2008.02.15 05:39:31.829,0.9755,0.97585,0.30,0.20
2008.02.15 05:39:32.378,0.9755,0.9757,0.30,0.10
2008.02.15 05:39:32.532,0.97555,0.9757,3.20,0.10
2008.02.15 05:39:32.788,0.97555,0.9757,3.20,0.10
2008.02.15 05:39:32.976,0.9756,0.9757,0.30,0.10
2008.02.15 05:39:33.197,0.9756,0.9757,0.30,0.10
2008.02.15 05:39:33.710,0.9756,0.9757,0.30,0.10
2008.02.15 05:39:33.883,0.9756,0.9757,0.30,0.10
2008.02.15 05:39:37.152,0.9756,0.9757,0.30,0.10
2008.02.15 05:39:37.276,0.9755,0.9757,4.20,0.10
2008.02.15 05:39:37.400,0.9755,0.9757,4.20,0.10
2008.02.15 05:39:37.523,0.9755,0.9757,0.30,0.10
2008.02.15 05:39:38.362,0.97545,0.97575,3.20,0.50
2008.02.15 05:39:38.535,0.9754,0.97575,0.30,0.50
2008.02.15 05:39:38.710,0.9754,0.97575,0.30,0.20
2008.02.15 05:39:39.097,0.9754,0.97565,0.30,0.10
2008.02.15 05:39:39.403,0.9754,0.97575,0.30,0.20
2008.02.15 05:39:39.625,0.9754,0.97575,0.30,0.20
2008.02.15 05:39:39.788,0.9754,0.97575,0.30,0.20
2008.02.15 05:39:40.150,0.9754,0.97575,0.30,0.20
2008.02.15 05:39:40.388,0.9754,0.9758,0.30,0.50
2008.02.15 05:39:40.551,0.9755,0.97575,0.30,0.50
2008.02.15 05:39:40.732,0.9755,0.97575,0.30,0.50
2008.02.15 05:39:40.969,0.9755,0.97575,0.30,0.50
2008.02.15 05:39:41.195,0.9755,0.9758,0.30,0.50
2008.02.15 05:39:41.496,0.9755,0.9758,0.30,0.50
2008.02.15 05:39:41.694,0.9755,0.97565,0.30,0.50
2008.02.15 05:39:42.462,0.9755,0.97565,0.30,0.50
2008.02.15 05:39:42.651,0.9755,0.9758,0.30,0.50
2008.02.15 05:39:43.652,0.9755,0.9758,0.30,0.50
2008.02.15 05:39:44.150,0.9755,0.9758,0.30,0.50
2008.02.15 05:39:44.350,0.9755,0.9758,0.30,0.50
2008.02.15 05:39:46.298,0.9755,0.9758,0.30,0.50
2008.02.15 05:39:47.297,0.9755,0.9756,0.30,0.50
2008.02.15 05:39:47.522,0.9755,0.9756,0.30,0.50
2008.02.15 05:39:47.645,0.9755,0.9758,0.30,0.20
2008.02.15 05:39:49.232,0.9755,0.9758,0.30,0.20
2008.02.15 05:39:56.393,0.9755,0.9758,0.30,0.20
2008.02.15 05:39:56.496,0.9755,0.9758,0.30,0.50
2008.02.15 05:39:57.858,0.9755,0.9758,0.30,0.50
2008.02.15 05:39:57.979,0.9755,0.9758,0.30,0.50
2008.02.15 05:39:58.180,0.9755,0.9758,0.30,0.50
2008.02.15 05:39:58.297,0.9755,0.9758,0.30,0.50
2008.02.15 05:39:58.420,0.9755,0.9758,0.30,0.50
2008.02.15 05:39:58.538,0.9756,0.9758,0.30,0.50
2008.02.15 05:40:02.654,0.9756,0.9758,0.30,0.50
2008.02.15 05:40:02.759,0.9755,0.9758,0.30,0.50
2008.02.15 05:40:02.862,0.9755,0.9758,0.30,0.50
2008.02.15 05:40:02.982,0.9755,0.9758,0.30,0.50
2008.02.15 05:40:03.488,0.9755,0.9758,0.30,0.50
2008.02.15 05:40:04.655,0.9755,0.9758,0.30,0.50
2008.02.15 05:40:04.714,0.9754,0.97575,4.20,0.20
2008.02.15 05:40:04.772,0.9754,0.97575,4.20,0.50
2008.02.15 05:40:04.858,0.9754,0.97575,0.30,0.60
2008.02.15 05:40:04.994,0.9754,0.97575,0.30,0.50
2008.02.15 05:40:05.253,0.9754,0.97575,0.30,0.50
2008.02.15 05:40:06.494,0.9754,0.97575,0.30,0.60
2008.02.15 05:40:08.890,0.97545,0.9757,2.40,0.50
2008.02.15 05:40:09.153,0.97545,0.9757,2.40,0.50
2008.02.15 05:40:09.391,0.97545,0.9757,2.40,0.50
2008.02.15 05:40:09.515,0.9755,0.9757,0.30,0.50
2008.02.15 05:40:11.004,0.9755,0.9757,0.30,0.10
2008.02.15 05:40:17.238,0.9755,0.9757,0.30,0.10
2008.02.15 05:40:17.434,0.9755,0.9757,0.30,0.10
2008.02.15 05:40:19.448,0.9755,0.9757,0.30,0.10
2008.02.15 05:40:19.921,0.9755,0.9757,0.30,0.10
2008.02.15 05:40:22.195,0.9755,0.9757,0.30,0.10
2008.02.15 05:40:22.375,0.9755,0.9757,0.30,0.10
2008.02.15 05:40:22.401,0.9755,0.9757,0.30,0.10
2008.02.15 05:40:32.081,0.9755,0.9757,0.30,0.10
2008.02.15 05:40:32.158,0.9755,0.9757,0.30,0.10
2008.02.15 05:40:32.416,0.9755,0.9757,0.30,0.10
2008.02.15 05:40:33.772,0.9755,0.9757,0.30,0.10
2008.02.15 05:40:35.682,0.9755,0.9757,0.30,0.10
2008.02.15 05:40:35.789,0.9755,0.9757,0.30,0.10
2008.02.15 05:40:35.898,0.9755,0.9759,4.20,0.20
2008.02.15 05:40:36.131,0.9755,0.9759,4.20,0.20
2008.02.15 05:40:36.239,0.9755,0.9759,4.20,0.50
2008.02.15 05:40:36.389,0.9755,0.9759,4.20,0.50
2008.02.15 05:40:36.537,0.9755,0.97575,4.20,0.50
2008.02.15 05:40:38.218,0.9755,0.97575,4.20,0.50
2008.02.15 05:40:38.380,0.9755,0.9759,4.20,0.50
2008.02.15 05:40:41.529,0.9755,0.9759,4.20,0.50
2008.02.15 05:40:41.625,0.9755,0.97575,4.20,0.50
2008.02.15 05:40:42.905,0.9755,0.97575,4.20,0.50
2008.02.15 05:40:43.029,0.9755,0.97585,4.20,0.20
2008.02.15 05:40:43.274,0.9755,0.97575,0.30,0.50
2008.02.15 05:40:43.380,0.9755,0.97575,0.30,0.50
2008.02.15 05:40:43.613,0.9755,0.97585,0.30,0.20
2008.02.15 05:40:44.103,0.9755,0.97585,0.30,0.20
2008.02.15 05:40:45.454,0.9755,0.97585,0.30,0.20
2008.02.15 05:40:45.941,0.9755,0.97585,0.30,0.20
2008.02.15 05:40:47.065,0.9755,0.97585,4.20,0.20
2008.02.15 05:40:47.281,0.9755,0.97585,4.20,0.20
2008.02.15 05:40:47.542,0.97555,0.97585,4.00,0.20
2008.02.15 05:40:50.758,0.97555,0.9759,4.00,0.20
2008.02.15 05:40:50.942,0.9755,0.9759,4.20,0.20
2008.02.15 05:40:51.480,0.9755,0.9759,4.20,0.20
2008.02.15 05:40:51.962,0.9755,0.9759,4.20,0.20
2008.02.15 05:40:52.176,0.9755,0.9759,4.20,0.50
2008.02.15 05:40:52.623,0.9755,0.9759,0.50,0.50
2008.02.15 05:40:53.146,0.9755,0.9759,1.90,0.50
2008.02.15 05:40:53.326,0.9755,0.97575,1.20,0.10
2008.02.15 05:40:57.722,0.9755,0.97575,4.20,0.10
2008.02.15 05:40:58.042,0.9755,0.97575,4.20,0.10
2008.02.15 05:40:58.196,0.9755,0.9757,4.20,0.50
2008.02.15 05:41:08.407,0.9755,0.9757,4.20,0.50
2008.02.15 05:41:08.523,0.9755,0.97575,4.20,0.10
2008.02.15 05:41:10.644,0.9755,0.97575,4.20,0.10
2008.02.15 05:41:10.753,0.9755,0.97575,4.20,0.10
2008.02.15 05:41:10.936,0.9755,0.97575,4.20,0.10
2008.02.15 05:41:11.853,0.9755,0.97575,4.20,0.10
2008.02.15 05:41:12.079,0.9755,0.97585,0.30,0.20
2008.02.15 05:41:13.795,0.9755,0.97565,0.30,0.10
2008.02.15 05:41:15.228,0.9755,0.97585,0.30,0.20
2008.02.15 05:41:15.542,0.9755,0.97585,0.30,0.20
2008.02.15 05:41:15.645,0.9755,0.97585,4.20,0.50
2008.02.15 05:41:15.853,0.9755,0.97585,4.20,0.50
2008.02.15 05:41:18.533,0.9755,0.97585,4.20,0.50
2008.02.15 05:41:21.017,0.9755,0.97585,4.20,0.50
2008.02.15 05:41:23.925,0.9755,0.97585,4.20,0.50
2008.02.15 05:41:24.150,0.9755,0.9759,4.20,0.40
2008.02.15 05:41:27.756,0.9755,0.9759,4.20,0.40
2008.02.15 05:41:27.940,0.97555,0.9759,2.40,0.40
2008.02.15 05:41:28.335,0.97555,0.9759,2.40,0.40
2008.02.15 05:41:30.234,0.97555,0.9759,2.40,0.20
2008.02.15 05:41:30.573,0.97555,0.9759,2.40,0.20
2008.02.15 05:41:30.751,0.97555,0.97585,2.40,0.20
2008.02.15 05:41:31.005,0.97555,0.97585,2.40,0.20
2008.02.15 05:41:31.182,0.9755,0.97585,0.30,0.20
2008.02.15 05:41:31.506,0.9755,0.97585,0.30,0.20
2008.02.15 05:41:31.685,0.97555,0.97585,2.40,0.20
2008.02.15 05:41:32.097,0.97555,0.9759,2.40,0.20
2008.02.15 05:41:32.700,0.9755,0.97585,0.30,0.20
2008.02.15 05:41:32.892,0.9755,0.97585,4.20,0.20
2008.02.15 05:41:33.155,0.9755,0.97585,4.20,0.20
2008.02.15 05:41:36.482,0.9755,0.97585,0.30,0.20
2008.02.15 05:41:36.836,0.9755,0.9759,0.30,0.20
2008.02.15 05:41:37.934,0.9755,0.9759,0.30,0.20
2008.02.15 05:41:38.125,0.9755,0.97585,0.30,0.20
2008.02.15 05:41:38.886,0.9755,0.97585,0.30,0.20
2008.02.15 05:41:41.126,0.97555,0.97585,2.40,0.20
2008.02.15 05:41:41.340,0.97555,0.97585,2.40,0.20
2008.02.15 05:41:41.857,0.97555,0.97585,2.40,0.20
2008.02.15 05:41:41.997,0.97555,0.9759,2.40,0.50
2008.02.15 05:41:43.441,0.97555,0.9759,2.40,0.50
2008.02.15 05:41:43.529,0.9755,0.9759,4.20,0.50
2008.02.15 05:41:43.897,0.9755,0.9759,4.20,0.50
2008.02.15 05:41:44.735,0.9755,0.9759,4.20,0.50
2008.02.15 05:41:48.458,0.9756,0.97595,0.30,3.30
2008.02.15 05:41:48.591,0.9756,0.97595,0.30,3.30
2008.02.15 05:41:48.978,0.9756,0.97595,0.30,3.30
2008.02.15 05:41:49.206,0.9756,0.97595,0.30,3.20
2008.02.15 05:41:49.652,0.9756,0.97595,0.30,3.20
2008.02.15 05:41:49.895,0.9756,0.97595,4.20,3.20
2008.02.15 05:41:50.263,0.9756,0.97595,4.20,3.20
2008.02.15 05:41:50.733,0.9756,0.97595,4.20,3.20
2008.02.15 05:41:50.936,0.9756,0.97595,4.20,0.80
2008.02.15 05:41:51.094,0.97565,0.97595,2.40,0.20
2008.02.15 05:41:51.253,0.97565,0.97595,2.40,0.20
2008.02.15 05:41:51.411,0.97565,0.97595,2.40,0.20
2008.02.15 05:41:51.610,0.97565,0.9759,2.40,0.20
2008.02.15 05:41:51.903,0.97565,0.9759,2.40,0.20
2008.02.15 05:41:53.398,0.97565,0.9759,2.40,0.20
2008.02.15 05:41:53.542,0.9756,0.97595,0.30,0.20
2008.02.15 05:41:53.702,0.9756,0.976,0.30,0.40
2008.02.15 05:41:54.238,0.9756,0.976,0.30,0.40
2008.02.15 05:41:54.341,0.9756,0.97595,0.30,3.20
2008.02.15 05:41:56.384,0.9756,0.97595,4.20,3.30
2008.02.15 05:41:56.480,0.9756,0.97585,4.00,3.20
2008.02.15 05:41:56.629,0.9756,0.97585,4.00,3.20
2008.02.15 05:41:56.807,0.97555,0.97585,4.00,3.20
2008.02.15 05:41:57.424,0.97555,0.97585,4.00,3.20
2008.02.15 05:41:57.884,0.97555,0.97585,4.00,2.40
2008.02.15 05:41:57.962,0.97555,0.97585,4.00,0.60
2008.02.15 05:41:58.007,0.97555,0.9759,6.40,0.50
2008.02.15 05:41:58.145,0.97555,0.9759,2.40,0.50
2008.02.15 05:41:58.481,0.97555,0.9759,2.40,0.50
2008.02.15 05:41:59.187,0.97555,0.9759,2.40,0.70
2008.02.15 05:41:59.926,0.97555,0.9759,2.40,0.70
2008.02.15 05:42:00.108,0.97555,0.9759,5.60,0.70
2008.02.15 05:42:01.948,0.97555,0.9759,5.60,0.70
2008.02.15 05:42:02.233,0.97555,0.9759,5.60,0.70
2008.02.15 05:42:18.123,0.97555,0.9759,3.20,0.70
2008.02.15 05:42:18.476,0.97555,0.9759,3.20,0.70
2008.02.15 05:42:18.597,0.97565,0.9759,3.20,0.50
2008.02.15 05:42:18.720,0.97565,0.97595,3.20,0.50
2008.02.15 05:42:18.855,0.9757,0.97595,4.00,0.50
2008.02.15 05:42:19.069,0.9757,0.97595,4.00,0.50
2008.02.15 05:42:19.296,0.9757,0.9761,4.20,0.70
2008.02.15 05:42:19.665,0.9757,0.9761,4.20,0.70
2008.02.15 05:42:20.518,0.9757,0.9761,4.20,0.70
2008.02.15 05:42:20.808,0.97575,0.9761,4.00,0.50
2008.02.15 05:42:20.929,0.97575,0.9761,4.00,0.50
2008.02.15 05:42:21.070,0.97575,0.9761,4.80,0.50
2008.02.15 05:42:21.173,0.97575,0.9761,7.20,0.70
2008.02.15 05:42:21.434,0.97575,0.9761,3.20,0.70
2008.02.15 05:42:21.754,0.97575,0.9761,3.20,0.70
2008.02.15 05:42:21.911,0.97575,0.9761,0.80,0.70
2008.02.15 05:42:22.189,0.9757,0.9761,4.20,0.70
2008.02.15 05:42:22.538,0.97575,0.9761,2.40,0.70
2008.02.15 05:42:22.817,0.97575,0.9761,3.20,0.70
2008.02.15 05:42:23.372,0.97575,0.9761,3.20,0.70
2008.02.15 05:42:23.484,0.97575,0.9761,3.20,0.50
2008.02.15 05:42:23.601,0.97575,0.9761,3.20,0.50
2008.02.15 05:42:23.779,0.97575,0.97615,7.20,0.20
2008.02.15 05:42:24.256,0.97575,0.97615,7.20,0.20
2008.02.15 05:42:25.550,0.97575,0.9761,3.20,0.20
2008.02.15 05:42:25.936,0.97575,0.9761,3.20,0.20
2008.02.15 05:42:26.190,0.97575,0.9761,3.20,0.20
2008.02.15 05:42:26.338,0.97575,0.9761,3.20,0.40
2008.02.15 05:42:27.401,0.97575,0.9761,3.20,0.40
2008.02.15 05:42:27.566,0.97575,0.97605,0.80,0.20
2008.02.15 05:42:27.727,0.97575,0.97605,0.80,0.20
2008.02.15 05:42:27.900,0.9757,0.97605,0.30,0.20
2008.02.15 05:42:28.013,0.9757,0.97605,0.30,2.50
2008.02.15 05:42:28.226,0.9757,0.976,0.30,0.50
2008.02.15 05:42:28.440,0.97565,0.976,3.20,0.40
2008.02.15 05:42:28.654,0.97565,0.97605,7.20,0.20
2008.02.15 05:42:28.870,0.97565,0.976,4.80,0.20
2008.02.15 05:42:29.110,0.9756,0.97595,4.20,0.30
2008.02.15 05:42:29.302,0.9756,0.97595,4.20,0.30
2008.02.15 05:42:29.480,0.9756,0.976,4.20,0.50
2008.02.15 05:42:30.905,0.97565,0.9759,2.40,0.30
2008.02.15 05:42:31.078,0.97565,0.9759,3.20,0.30
2008.02.15 05:42:31.445,0.97565,0.9759,3.20,0.30
2008.02.15 05:42:31.934,0.97565,0.9759,3.20,0.30
2008.02.15 05:42:32.089,0.97565,0.9759,3.20,0.30
2008.02.15 05:42:34.026,0.97565,0.9759,7.20,0.30
2008.02.15 05:42:34.041,0.97565,0.9759,3.20,0.30
2008.02.15 05:42:34.211,0.97575,0.976,2.40,0.20
2008.02.15 05:42:34.419,0.97575,0.976,2.40,0.20
2008.02.15 05:42:34.629,0.97575,0.976,2.40,0.20
2008.02.15 05:42:37.047,0.97575,0.976,2.40,0.20
2008.02.15 05:42:37.110,0.97575,0.97595,2.40,0.20
2008.02.15 05:42:37.225,0.97575,0.97595,2.40,0.20
2008.02.15 05:42:37.413,0.97565,0.9759,2.40,0.20
2008.02.15 05:42:37.692,0.97565,0.9759,2.40,0.20
2008.02.15 05:42:38.953,0.97565,0.9759,2.40,0.20
2008.02.15 05:42:39.081,0.9756,0.97595,0.30,0.30
2008.02.15 05:42:39.209,0.9756,0.976,0.30,0.40
2008.02.15 05:42:39.338,0.9756,0.97595,0.30,0.30
2008.02.15 05:42:39.528,0.9756,0.976,4.20,0.40
2008.02.15 05:42:41.916,0.9756,0.97595,4.20,0.20
2008.02.15 05:42:42.023,0.9756,0.97595,4.20,0.20
2008.02.15 05:42:42.116,0.9756,0.97595,0.30,0.50
2008.02.15 05:42:43.592,0.9756,0.97595,0.30,0.50
2008.02.15 05:42:43.701,0.97565,0.97595,3.20,0.30
2008.02.15 05:42:43.829,0.97565,0.97595,3.20,0.30
2008.02.15 05:42:44.003,0.97565,0.97595,0.80,0.30
2008.02.15 05:42:44.514,0.97565,0.97595,0.80,0.30
2008.02.15 05:42:44.623,0.97565,0.97595,3.20,0.30
2008.02.15 05:42:45.244,0.97565,0.97595,3.20,0.30
2008.02.15 05:42:45.487,0.97565,0.976,3.20,0.50
2008.02.15 05:42:45.896,0.97565,0.976,7.20,0.40
2008.02.15 05:42:46.080,0.97565,0.976,7.20,0.40
2008.02.15 05:42:46.591,0.97565,0.976,7.20,0.40
2008.02.15 05:42:46.801,0.97565,0.97595,3.20,0.20
2008.02.15 05:42:47.010,0.9756,0.97595,4.20,0.20
2008.02.15 05:42:47.320,0.9756,0.97595,4.20,0.20
2008.02.15 05:42:47.529,0.9756,0.976,0.30,0.40
2008.02.15 05:42:47.738,0.9756,0.976,0.30,0.40
2008.02.15 05:42:47.916,0.9756,0.976,4.20,0.40
2008.02.15 05:42:48.174,0.9756,0.97595,4.20,0.20
2008.02.15 05:42:48.375,0.9756,0.97595,4.20,0.20
2008.02.15 05:42:49.909,0.97565,0.97595,2.40,0.20
2008.02.15 05:42:50.038,0.97565,0.97595,3.20,0.20
2008.02.15 05:42:50.118,0.97565,0.976,3.20,0.20
2008.02.15 05:42:50.317,0.97565,0.976,3.20,0.20
2008.02.15 05:42:50.385,0.97565,0.97605,3.20,0.20
2008.02.15 05:42:51.135,0.97565,0.97605,3.20,0.20
2008.02.15 05:42:53.892,0.97565,0.97605,3.20,0.20
2008.02.15 05:42:54.048,0.97565,0.97605,7.20,2.50
2008.02.15 05:42:54.463,0.97565,0.97605,7.20,2.50
2008.02.15 05:42:54.580,0.97565,0.976,3.20,0.20
2008.02.15 05:42:55.076,0.97565,0.976,1.70,0.20
2008.02.15 05:42:57.574,0.97565,0.976,1.70,0.20
2008.02.15 05:42:57.698,0.97575,0.97605,0.80,0.20
2008.02.15 05:42:57.885,0.97575,0.97605,1.10,0.20
2008.02.15 05:42:58.081,0.97575,0.97605,0.60,0.20
2008.02.15 05:42:58.269,0.9757,0.9761,0.30,0.40
2008.02.15 05:42:58.492,0.9757,0.9761,0.30,0.40
2008.02.15 05:42:59.002,0.9757,0.97605,2.30,2.40
2008.02.15 05:42:59.205,0.9757,0.97605,0.30,3.30
2008.02.15 05:42:59.554,0.9757,0.97605,0.30,3.30
2008.02.15 05:43:00.132,0.9757,0.976,0.30,0.20
2008.02.15 05:43:00.255,0.9757,0.976,0.30,0.20
2008.02.15 05:43:00.393,0.9757,0.976,0.30,0.20
2008.02.15 05:43:00.541,0.9757,0.976,0.30,0.20
2008.02.15 05:43:00.664,0.9757,0.976,0.30,0.20
2008.02.15 05:43:00.818,0.9758,0.9761,0.30,0.40
2008.02.15 05:43:01.054,0.9758,0.9761,0.30,0.40
2008.02.15 05:43:01.390,0.9758,0.9761,0.30,0.40
2008.02.15 05:43:03.525,0.97575,0.9761,1.30,0.40
2008.02.15 05:43:03.631,0.97575,0.97605,1.40,0.20
2008.02.15 05:43:03.828,0.97575,0.97605,2.70,0.20
2008.02.15 05:43:03.931,0.9757,0.97605,1.40,0.20
2008.02.15 05:43:04.844,0.9757,0.97595,2.50,0.20
2008.02.15 05:43:05.073,0.9757,0.97595,0.80,0.20
2008.02.15 05:43:05.287,0.9757,0.97595,0.30,0.50
2008.02.15 05:43:05.486,0.9756,0.9759,0.30,0.20
2008.02.15 05:43:05.853,0.9756,0.9759,0.30,0.20
2008.02.15 05:43:06.094,0.9756,0.9759,0.30,0.20
2008.02.15 05:43:06.571,0.9756,0.9759,0.30,0.20
2008.02.15 05:43:07.784,0.9756,0.9759,0.30,0.20
2008.02.15 05:43:07.923,0.9756,0.976,1.60,0.40
2008.02.15 05:43:08.182,0.97565,0.976,0.80,0.50
2008.02.15 05:43:08.490,0.97565,0.976,0.50,0.50
2008.02.15 05:43:08.653,0.97565,0.976,1.10,0.50
2008.02.15 05:43:08.812,0.97565,0.976,1.60,0.40
2008.02.15 05:43:10.155,0.97565,0.976,1.10,0.40
2008.02.15 05:43:14.061,0.97565,0.97595,0.60,0.30
2008.02.15 05:43:14.202,0.97565,0.97595,3.40,0.30
2008.02.15 05:43:14.381,0.97565,0.97605,2.20,0.20
2008.02.15 05:43:18.897,0.97565,0.97605,3.60,0.20
2008.02.15 05:43:19.022,0.97565,0.97605,2.00,0.20
2008.02.15 05:43:19.147,0.9757,0.9761,0.70,0.50
2008.02.15 05:43:19.518,0.9757,0.9761,1.50,0.50
2008.02.15 05:43:21.048,0.9757,0.9761,1.10,0.50
2008.02.15 05:43:21.111,0.9757,0.9761,0.80,0.50
2008.02.15 05:43:21.179,0.97575,0.9761,0.60,0.50
2008.02.15 05:43:21.533,0.9758,0.9761,0.30,0.50
2008.02.15 05:43:21.596,0.9758,0.9761,0.30,0.20
2008.02.15 05:43:21.899,0.9758,0.9761,0.30,0.20
2008.02.15 05:43:22.104,0.9759,0.9762,0.30,0.20
2008.02.15 05:43:22.307,0.9759,0.9762,0.30,0.20
2008.02.15 05:43:23.406,0.9759,0.9762,0.30,0.20
2008.02.15 05:43:24.346,0.9759,0.9762,0.30,0.40
2008.02.15 05:43:24.634,0.9759,0.9762,0.30,0.40
2008.02.15 05:43:25.077,0.9759,0.9762,0.30,0.40
2008.02.15 05:43:25.305,0.9759,0.97615,0.30,3.20
2008.02.15 05:43:30.058,0.9759,0.97615,0.30,3.20
2008.02.15 05:43:30.156,0.9758,0.97615,4.00,3.30
2008.02.15 05:43:30.351,0.9758,0.97615,4.00,3.30
2008.02.15 05:43:30.890,0.9758,0.97615,4.00,0.90
2008.02.15 05:43:31.106,0.9758,0.97615,4.00,0.20
2008.02.15 05:43:31.381,0.9758,0.97615,4.00,0.20
2008.02.15 05:43:31.620,0.9758,0.97615,4.20,0.20
2008.02.15 05:43:37.629,0.9758,0.97615,4.20,0.20
2008.02.15 05:43:38.124,0.9758,0.97615,4.20,0.20
2008.02.15 05:43:38.243,0.9758,0.97615,4.00,2.50
2008.02.15 05:43:38.361,0.9758,0.97615,4.00,3.30
2008.02.15 05:43:38.478,0.9758,0.97615,4.00,0.20
2008.02.15 05:43:38.698,0.9758,0.97615,4.00,3.30
2008.02.15 05:43:39.360,0.9758,0.97615,4.00,3.30
2008.02.15 05:43:39.514,0.9758,0.9761,4.00,0.40
2008.02.15 05:43:39.772,0.97575,0.9761,4.00,0.40
2008.02.15 05:43:41.392,0.97575,0.9761,4.00,0.40
2008.02.15 05:43:41.643,0.97575,0.976,4.00,0.20
2008.02.15 05:43:41.704,0.97565,0.976,7.20,0.40
2008.02.15 05:43:41.838,0.97565,0.976,7.20,0.40
2008.02.15 05:43:42.003,0.9757,0.976,0.30,0.20
2008.02.15 05:43:42.136,0.97575,0.9761,2.40,0.20
2008.02.15 05:43:42.270,0.97575,0.9761,3.20,0.20
2008.02.15 05:43:42.609,0.97575,0.9761,7.20,0.40
2008.02.15 05:43:42.850,0.97575,0.9761,7.20,0.40
2008.02.15 05:43:43.073,0.97575,0.97605,7.20,0.20
2008.02.15 05:43:43.296,0.97575,0.97605,4.00,0.20
2008.02.15 05:43:43.427,0.97575,0.97605,1.80,0.20
2008.02.15 05:43:43.519,0.9757,0.97605,0.90,0.20
2008.02.15 05:43:44.168,0.9757,0.97605,2.20,0.20
2008.02.15 05:43:45.505,0.9757,0.97605,1.50,0.20
2008.02.15 05:43:45.525,0.9757,0.976,1.60,0.20
2008.02.15 05:43:45.632,0.9757,0.976,0.90,0.20
2008.02.15 05:43:45.791,0.97565,0.97605,2.90,0.50
2008.02.15 05:43:45.974,0.97565,0.97605,3.70,0.20
2008.02.15 05:43:46.235,0.97575,0.97605,1.60,0.20
2008.02.15 05:43:46.357,0.97575,0.97605,2.00,0.20
2008.02.15 05:43:46.573,0.97575,0.97605,0.90,0.20
2008.02.15 05:43:46.758,0.97575,0.97605,2.50,0.20
2008.02.15 05:43:47.068,0.97575,0.9761,1.80,0.40
2008.02.15 05:43:47.243,0.97575,0.9761,2.20,0.40
2008.02.15 05:43:48.310,0.97575,0.9761,0.90,0.40
2008.02.15 05:43:56.500,0.97575,0.9761,1.10,0.40
2008.02.15 05:43:56.608,0.97575,0.9761,2.10,0.40
2008.02.15 05:43:56.810,0.97575,0.97605,0.70,0.20
2008.02.15 05:43:57.739,0.9757,0.97605,1.30,2.50
2008.02.15 05:43:57.958,0.9757,0.976,0.70,0.20
2008.02.15 05:43:58.285,0.97565,0.976,2.00,0.40
2008.02.15 05:43:58.493,0.97565,0.976,0.70,0.40
2008.02.15 05:43:58.866,0.97565,0.976,2.00,0.40
2008.02.15 05:44:00.250,0.97565,0.976,1.90,0.40
2008.02.15 05:44:01.221,0.97565,0.976,1.90,0.40
2008.02.15 05:44:02.794,0.97565,0.976,2.20,0.40
2008.02.15 05:44:02.925,0.97565,0.976,0.50,0.40
2008.02.15 05:44:03.161,0.97565,0.976,1.00,0.40
2008.02.15 05:44:03.317,0.9756,0.97595,0.60,0.10
2008.02.15 05:44:03.449,0.9756,0.97595,0.90,0.30
2008.02.15 05:44:03.659,0.97555,0.976,2.10,0.40
2008.02.15 05:44:03.868,0.9756,0.976,1.30,0.20
2008.02.15 05:44:06.056,0.9756,0.976,1.30,0.20
2008.02.15 05:44:06.238,0.97565,0.97605,0.80,0.50
2008.02.15 05:44:06.363,0.97575,0.97605,1.30,0.50
2008.02.15 05:44:06.571,0.97575,0.97605,0.60,0.50
2008.02.15 05:44:06.696,0.97575,0.97605,1.40,3.30
2008.02.15 05:44:06.997,0.97575,0.976,1.20,0.20
2008.02.15 05:44:07.224,0.9757,0.976,0.30,0.20
2008.02.15 05:44:08.179,0.9757,0.976,0.30,0.20
2008.02.15 05:44:08.415,0.9757,0.976,0.30,0.20
2008.02.15 05:44:08.562,0.9757,0.976,0.30,0.20
2008.02.15 05:44:08.712,0.97575,0.976,0.50,0.20
2008.02.15 05:44:08.860,0.97575,0.9761,0.80,0.40
2008.02.15 05:44:09.033,0.97565,0.976,3.30,0.20
2008.02.15 05:44:09.206,0.97565,0.976,0.70,0.40
2008.02.15 05:44:09.619,0.97565,0.976,0.90,0.40
2008.02.15 05:44:11.209,0.97565,0.976,1.30,0.40
2008.02.15 05:44:11.355,0.97565,0.97605,1.60,0.20
2008.02.15 05:44:11.497,0.97565,0.97605,0.80,0.20
2008.02.15 05:44:11.655,0.97565,0.97605,1.50,0.20
2008.02.15 05:44:11.806,0.9756,0.976,1.80,0.20
2008.02.15 05:44:12.155,0.9756,0.976,1.70,0.40
2008.02.15 05:44:12.923,0.9756,0.976,4.20,0.40
2008.02.15 05:44:13.173,0.9756,0.97595,4.20,3.20
2008.02.15 05:44:13.279,0.9756,0.97595,4.20,3.30
2008.02.15 05:44:13.485,0.9756,0.9759,0.30,0.20
2008.02.15 05:44:13.670,0.9756,0.9759,0.30,0.20
2008.02.15 05:44:13.848,0.97565,0.9759,2.40,0.20
2008.02.15 05:44:14.307,0.97565,0.9759,2.40,0.20
2008.02.15 05:44:15.935,0.97565,0.9759,2.40,0.20
2008.02.15 05:44:16.063,0.97565,0.9759,2.40,0.20
2008.02.15 05:44:16.215,0.97565,0.9759,2.40,0.20
2008.02.15 05:44:17.885,0.97565,0.9759,2.40,0.20
2008.02.15 05:44:18.085,0.97575,0.9759,2.40,0.20
2008.02.15 05:44:18.169,0.97575,0.97595,2.40,0.80
2008.02.15 05:44:18.253,0.97575,0.976,2.40,0.20
2008.02.15 05:44:18.463,0.97575,0.976,2.40,0.20
2008.02.15 05:44:25.947,0.97575,0.976,2.40,0.20
2008.02.15 05:44:26.079,0.9757,0.97605,0.30,0.20
2008.02.15 05:44:26.356,0.9757,0.9761,0.30,4.30
2008.02.15 05:44:27.109,0.9757,0.9761,0.30,4.30
2008.02.15 05:44:27.613,0.9757,0.9761,0.30,4.30
2008.02.15 05:44:27.824,0.9757,0.9761,0.30,4.30
2008.02.15 05:44:28.128,0.9757,0.9761,4.20,0.40
2008.02.15 05:44:28.285,0.97575,0.97605,2.40,3.20
2008.02.15 05:44:28.617,0.97575,0.97605,2.40,0.80
2008.02.15 05:44:28.773,0.97575,0.976,2.40,0.20
2008.02.15 05:44:28.990,0.9758,0.9761,0.30,0.40
2008.02.15 05:44:29.175,0.9758,0.9761,0.30,0.20
2008.02.15 05:44:29.560,0.9758,0.9761,0.30,0.20
2008.02.15 05:44:31.158,0.9758,0.97605,0.30,0.20
2008.02.15 05:44:31.254,0.97575,0.976,5.60,0.20
2008.02.15 05:44:31.426,0.9757,0.976,0.30,0.20
2008.02.15 05:44:31.519,0.9757,0.976,0.30,0.20
2008.02.15 05:44:31.926,0.9757,0.976,0.30,0.20
2008.02.15 05:44:32.356,0.9757,0.976,0.30,0.20
2008.02.15 05:44:37.362,0.9757,0.976,0.30,0.20
2008.02.15 05:44:37.571,0.9758,0.97605,0.30,3.20
2008.02.15 05:44:37.782,0.9758,0.9761,0.30,4.30
2008.02.15 05:44:38.136,0.9758,0.9761,0.30,4.30
2008.02.15 05:44:39.144,0.9758,0.9761,0.30,0.20
2008.02.15 05:44:39.322,0.9758,0.9761,0.30,0.20
2008.02.15 05:44:39.420,0.9758,0.97615,4.20,0.20
2008.02.15 05:44:39.585,0.9758,0.97615,5.00,0.20
2008.02.15 05:44:40.218,0.9758,0.97615,5.00,0.20
2008.02.15 05:44:40.382,0.9758,0.97615,5.00,0.90
2008.02.15 05:44:40.856,0.9758,0.97615,5.00,0.90
2008.02.15 05:44:42.035,0.9758,0.97615,5.00,0.20
2008.02.15 05:44:42.212,0.9758,0.97615,5.00,0.20
2008.02.15 05:44:46.087,0.9758,0.97615,5.00,0.20
2008.02.15 05:44:46.191,0.9758,0.97615,5.00,0.20
2008.02.15 05:44:50.187,0.9758,0.97615,5.00,0.20
2008.02.15 05:44:51.389,0.9758,0.97615,5.00,0.20
2008.02.15 05:44:53.401,0.9758,0.97615,5.00,0.20
2008.02.15 05:44:55.748,0.9758,0.97615,4.80,0.20
2008.02.15 05:44:55.878,0.9758,0.97615,4.80,0.20
2008.02.15 05:44:56.167,0.9758,0.97615,4.80,0.20
2008.02.15 05:44:56.589,0.9758,0.97615,4.80,0.20
2008.02.15 05:44:57.096,0.97575,0.97615,4.00,0.20
2008.02.15 05:44:57.725,0.97575,0.97615,8.00,0.20
2008.02.15 05:44:57.816,0.97575,0.97615,8.00,0.20
2008.02.15 05:44:58.634,0.97575,0.97615,8.00,0.20
2008.02.15 05:44:58.973,0.97575,0.97615,8.00,0.20
2008.02.15 05:44:59.108,0.97575,0.97615,8.80,0.20
2008.02.15 05:44:59.380,0.97575,0.97615,8.80,0.20
2008.02.15 05:44:59.503,0.9758,0.97615,5.00,0.20
2008.02.15 05:45:02.653,0.9758,0.97615,5.00,0.20
2008.02.15 05:45:04.281,0.9758,0.97615,5.00,0.20
2008.02.15 05:45:05.155,0.9758,0.97615,5.00,0.20
2008.02.15 05:45:05.630,0.9758,0.97615,5.00,0.20
2008.02.15 05:45:06.117,0.9758,0.97615,5.00,0.20
2008.02.15 05:45:06.438,0.9758,0.97615,5.00,0.20
2008.02.15 05:45:07.143,0.9758,0.97615,5.00,0.20
2008.02.15 05:45:08.057,0.9758,0.97615,5.00,0.20
2008.02.15 05:45:08.411,0.9758,0.97615,5.00,0.20
2008.02.15 05:45:08.539,0.9758,0.97615,5.00,0.20
2008.02.15 05:45:09.127,0.9758,0.97615,5.00,0.20
2008.02.15 05:45:09.300,0.9758,0.9762,5.00,0.40
2008.02.15 05:45:09.459,0.97585,0.9762,0.80,0.40
2008.02.15 05:45:09.579,0.9759,0.9762,0.30,0.20
2008.02.15 05:45:09.836,0.9759,0.97625,0.30,0.20
2008.02.15 05:45:10.077,0.9759,0.97625,0.30,0.20
2008.02.15 05:45:10.398,0.9759,0.97625,0.30,0.20
2008.02.15 05:45:10.993,0.9759,0.97625,0.30,0.20
2008.02.15 05:45:11.215,0.9759,0.97625,1.00,0.20
2008.02.15 05:45:11.404,0.9759,0.97625,0.80,0.20
2008.02.15 05:45:11.583,0.9759,0.9762,0.80,0.20
2008.02.15 05:45:11.762,0.97585,0.9762,4.80,0.20
2008.02.15 05:45:15.406,0.97585,0.9762,4.80,0.20
2008.02.15 05:45:15.581,0.97585,0.97625,8.80,0.20
2008.02.15 05:45:15.980,0.9759,0.97625,1.00,0.20
2008.02.15 05:45:16.155,0.9759,0.97625,1.00,0.20
2008.02.15 05:45:16.601,0.9759,0.97625,1.00,0.20
2008.02.15 05:45:16.847,0.9759,0.97625,5.00,0.20
2008.02.15 05:45:18.835,0.9759,0.97625,5.00,0.20
2008.02.15 05:45:20.074,0.9759,0.97625,5.00,0.20
2008.02.15 05:45:20.252,0.9759,0.97625,1.00,2.50
2008.02.15 05:45:20.431,0.9759,0.97615,1.00,0.20
2008.02.15 05:45:20.609,0.9759,0.97615,0.80,0.20
2008.02.15 05:45:21.341,0.97585,0.97615,0.80,0.20
2008.02.15 05:45:21.504,0.9758,0.97615,5.00,0.20
2008.02.15 05:45:23.562,0.9758,0.97615,5.00,0.20
2008.02.15 05:45:23.811,0.9758,0.9762,5.00,0.20
2008.02.15 05:45:24.072,0.97585,0.9762,4.80,0.20
2008.02.15 05:45:24.323,0.97585,0.97615,4.80,0.20
2008.02.15 05:45:24.499,0.97585,0.97615,0.80,0.20
2008.02.15 05:45:25.877,0.97585,0.97615,0.80,0.20
2008.02.15 05:45:26.080,0.97585,0.97615,0.80,0.20
2008.02.15 05:45:26.283,0.9758,0.9762,5.00,0.20
2008.02.15 05:45:27.560,0.97585,0.9762,4.00,0.20
2008.02.15 05:45:27.891,0.97585,0.9762,4.00,0.20
2008.02.15 05:45:28.159,0.97585,0.9762,4.80,0.20
2008.02.15 05:45:28.619,0.97585,0.9762,4.80,0.20
2008.02.15 05:45:28.799,0.97585,0.9762,4.80,0.20
2008.02.15 05:45:29.866,0.97585,0.9762,4.80,0.20
2008.02.15 05:45:31.607,0.97585,0.9762,4.80,0.20
2008.02.15 05:45:33.783,0.97585,0.9762,4.80,0.20
2008.02.15 05:45:35.618,0.97585,0.9762,4.80,0.20
2008.02.15 05:45:36.115,0.97585,0.9762,4.80,0.20
2008.02.15 05:45:36.347,0.97585,0.9762,4.80,0.20
2008.02.15 05:45:39.614,0.97585,0.9762,4.80,0.20
2008.02.15 05:45:39.729,0.97585,0.9762,4.80,0.20
2008.02.15 05:45:39.911,0.97585,0.9762,4.80,0.20
2008.02.15 05:45:40.110,0.97585,0.9762,4.00,0.20
2008.02.15 05:45:40.314,0.97585,0.97615,4.00,0.20
2008.02.15 05:45:40.517,0.9758,0.97615,5.00,0.20
2008.02.15 05:45:41.460,0.9758,0.97615,5.00,0.20
2008.02.15 05:45:43.660,0.9758,0.9762,5.00,0.40
2008.02.15 05:45:43.717,0.97585,0.9762,4.80,0.20
2008.02.15 05:45:45.647,0.97585,0.9762,4.80,0.20
2008.02.15 05:45:45.723,0.97585,0.9762,4.80,0.20
2008.02.15 05:45:46.048,0.97585,0.97625,4.80,0.50
2008.02.15 05:45:46.133,0.9759,0.97625,0.80,0.60
2008.02.15 05:45:46.586,0.9759,0.97625,0.80,0.60
2008.02.15 05:45:46.596,0.9759,0.97625,1.00,0.50
2008.02.15 05:45:48.191,0.9759,0.97625,1.00,0.50
2008.02.15 05:45:48.350,0.9759,0.97625,5.00,0.50
2008.02.15 05:45:48.654,0.9759,0.97625,5.00,0.50
2008.02.15 05:45:48.761,0.9759,0.97625,5.00,0.20
2008.02.15 05:45:48.842,0.9759,0.97625,5.00,0.20
2008.02.15 05:45:48.939,0.9759,0.9762,4.80,0.20
2008.02.15 05:45:49.226,0.97585,0.9762,8.00,0.20
2008.02.15 05:45:50.746,0.97585,0.9762,8.00,0.20
2008.02.15 05:45:50.959,0.97585,0.9762,8.00,0.20
2008.02.15 05:45:51.143,0.9759,0.97625,0.80,0.20
2008.02.15 05:45:51.371,0.9759,0.97625,1.00,0.20
2008.02.15 05:45:51.580,0.9759,0.97625,1.00,0.20
2008.02.15 05:45:54.852,0.9759,0.97625,5.00,0.20
2008.02.15 05:45:54.982,0.9759,0.9762,4.80,0.20
2008.02.15 05:45:55.125,0.97585,0.9762,8.00,0.20
2008.02.15 05:45:55.372,0.97585,0.9762,8.00,0.20
2008.02.15 05:45:55.521,0.97585,0.9762,4.80,0.20
2008.02.15 05:45:57.352,0.97585,0.9762,4.80,0.20
2008.02.15 05:45:57.457,0.97585,0.9762,4.80,0.20
2008.02.15 05:45:57.535,0.97585,0.9762,8.00,0.20
2008.02.15 05:46:01.635,0.97585,0.9762,8.00,0.20
2008.02.15 05:46:02.019,0.97585,0.97625,4.00,0.20
2008.02.15 05:46:02.117,0.97585,0.97625,4.00,0.20
2008.02.15 05:46:02.201,0.97585,0.97625,8.00,0.20
2008.02.15 05:46:02.318,0.9759,0.97625,0.80,0.20
2008.02.15 05:46:02.733,0.9759,0.97625,0.80,0.20
2008.02.15 05:46:02.952,0.9759,0.97625,1.00,0.50
2008.02.15 05:46:03.171,0.9759,0.97615,4.80,0.20
2008.02.15 05:46:03.390,0.9759,0.97615,4.00,0.20
2008.02.15 05:46:03.663,0.9758,0.97615,5.00,0.20
2008.02.15 05:46:04.854,0.9758,0.97615,5.00,0.20
2008.02.15 05:46:04.980,0.9759,0.97625,0.30,0.50
2008.02.15 05:46:05.178,0.9759,0.97625,5.00,0.60
2008.02.15 05:46:05.336,0.9759,0.97625,5.00,0.60
2008.02.15 05:46:05.460,0.9759,0.97625,5.00,0.20
2008.02.15 05:46:08.057,0.9759,0.97625,5.00,0.20
2008.02.15 05:46:08.201,0.9759,0.9762,4.80,0.20
2008.02.15 05:46:08.377,0.97585,0.9762,8.00,0.20
2008.02.15 05:46:08.521,0.97585,0.9762,4.80,0.20
2008.02.15 05:46:08.685,0.97585,0.97615,4.80,0.20
2008.02.15 05:46:08.896,0.97585,0.97615,0.80,0.20
2008.02.15 05:46:10.124,0.9758,0.97615,5.00,0.20
2008.02.15 05:46:12.684,0.9758,0.97615,5.00,0.20
2008.02.15 05:46:12.860,0.9758,0.97615,5.00,0.20
2008.02.15 05:46:19.122,0.9758,0.97615,1.00,0.20
2008.02.15 05:46:25.406,0.9758,0.97615,1.00,0.20
2008.02.15 05:46:25.576,0.97585,0.9762,3.20,0.20
2008.02.15 05:46:25.711,0.97585,0.9762,3.20,0.20
2008.02.15 05:46:25.939,0.9759,0.9762,0.30,0.20
2008.02.15 05:46:27.320,0.9759,0.9762,0.30,0.20
2008.02.15 05:46:27.529,0.9759,0.97615,0.30,0.20
2008.02.15 05:46:27.712,0.9759,0.97615,0.30,0.20
2008.02.15 05:46:27.968,0.9759,0.9762,0.30,0.20
2008.02.15 05:46:28.152,0.9759,0.9762,0.30,0.20
2008.02.15 05:46:28.336,0.9759,0.9762,0.30,0.20
2008.02.15 05:46:28.596,0.9759,0.97615,0.30,0.20
2008.02.15 05:46:28.988,0.9759,0.97615,0.30,0.20
2008.02.15 05:46:29.269,0.9759,0.97615,0.30,0.20
2008.02.15 05:46:30.156,0.9759,0.97615,0.30,0.20
2008.02.15 05:46:32.686,0.9759,0.97615,0.30,0.20
2008.02.15 05:46:33.865,0.97585,0.9762,3.20,0.20
2008.02.15 05:46:34.075,0.97585,0.9762,3.20,0.20
2008.02.15 05:46:34.234,0.97585,0.9762,3.20,0.20
2008.02.15 05:46:34.423,0.9759,0.9762,0.30,0.20
2008.02.15 05:46:34.583,0.9759,0.9762,0.30,0.20
2008.02.15 05:46:34.741,0.9759,0.9762,0.30,0.20
2008.02.15 05:46:35.725,0.9759,0.9762,0.30,0.20
2008.02.15 05:46:35.873,0.9759,0.9762,0.30,0.20
2008.02.15 05:46:37.428,0.9759,0.9762,0.30,0.20
2008.02.15 05:46:37.582,0.9759,0.97625,0.30,0.20
2008.02.15 05:46:37.766,0.9759,0.97625,0.30,0.20
2008.02.15 05:46:37.920,0.9759,0.97625,1.00,0.20
2008.02.15 05:46:38.147,0.9759,0.9763,1.00,0.40
2008.02.15 05:46:38.442,0.9759,0.9763,1.00,0.40
2008.02.15 05:46:38.659,0.976,0.9763,0.30,0.40
2008.02.15 05:46:39.126,0.976,0.9763,0.30,0.40
2008.02.15 05:46:39.887,0.976,0.9762,0.30,0.50
2008.02.15 05:46:40.112,0.9759,0.9761,5.00,0.20
2008.02.15 05:46:40.327,0.97595,0.9761,0.80,0.20
2008.02.15 05:46:40.465,0.97595,0.9761,0.80,0.50
2008.02.15 05:46:40.852,0.97595,0.9761,0.80,0.50
2008.02.15 05:46:41.873,0.9758,0.9761,0.30,0.50
2008.02.15 05:46:42.233,0.97585,0.97615,8.00,0.30
2008.02.15 05:46:42.369,0.97585,0.9762,8.00,0.40
2008.02.15 05:46:42.698,0.97585,0.9762,8.00,0.40
2008.02.15 05:46:42.836,0.97585,0.9761,8.00,0.30
2008.02.15 05:46:43.059,0.97585,0.9761,8.00,0.30
2008.02.15 05:46:43.242,0.97585,0.9761,3.20,0.30
2008.02.15 05:46:44.567,0.97585,0.9761,3.20,0.30
2008.02.15 05:46:44.852,0.97585,0.9761,3.20,0.10
2008.02.15 05:46:45.003,0.97585,0.9761,3.20,0.10
2008.02.15 05:46:45.145,0.97585,0.9761,3.20,0.10
2008.02.15 05:46:45.275,0.97585,0.9761,3.20,0.10
2008.02.15 05:46:45.388,0.97585,0.9762,4.00,0.20
2008.02.15 05:46:45.694,0.97585,0.9762,4.00,0.20
2008.02.15 05:46:45.969,0.9759,0.9762,0.80,0.20
2008.02.15 05:46:46.098,0.9759,0.9762,0.80,0.20
2008.02.15 05:46:46.302,0.9759,0.97625,1.00,0.20
2008.02.15 05:46:46.504,0.9759,0.9763,1.00,0.40
2008.02.15 05:46:46.707,0.9759,0.9763,4.20,0.40
2008.02.15 05:46:46.939,0.976,0.9763,0.30,0.40
2008.02.15 05:46:47.292,0.97595,0.976,1.00,0.30
2008.02.15 05:46:47.487,0.97595,0.976,1.00,0.30
2008.02.15 05:46:47.640,0.9759,0.97625,0.30,0.20
2008.02.15 05:46:47.801,0.9759,0.97625,1.00,0.20
2008.02.15 05:46:50.972,0.9759,0.97625,1.00,0.20
2008.02.15 05:46:51.106,0.9759,0.9762,1.00,0.20
2008.02.15 05:46:51.381,0.9759,0.9762,0.30,0.20
2008.02.15 05:46:51.591,0.9759,0.9762,0.30,0.40
2008.02.15 05:46:53.470,0.9759,0.9762,0.30,0.40
2008.02.15 05:46:53.578,0.9759,0.97625,0.30,0.20
2008.02.15 05:46:53.686,0.9759,0.97625,0.30,0.20
2008.02.15 05:46:53.855,0.9759,0.97625,0.30,0.20
2008.02.15 05:46:54.940,0.9759,0.9762,1.00,0.20
2008.02.15 05:46:55.146,0.9759,0.9762,1.00,0.20
2008.02.15 05:46:55.382,0.9759,0.9762,0.30,0.20
2008.02.15 05:46:55.538,0.976,0.9763,0.30,0.40
2008.02.15 05:46:55.648,0.976,0.9763,0.30,0.40
2008.02.15 05:46:55.762,0.976,0.9763,0.30,0.40
2008.02.15 05:46:56.602,0.976,0.9763,0.30,0.40
2008.02.15 05:46:56.823,0.976,0.9763,0.30,0.40
2008.02.15 05:46:57.419,0.976,0.9763,0.30,0.40
2008.02.15 05:46:57.592,0.97595,0.97625,0.80,0.20
2008.02.15 05:46:57.711,0.97595,0.9762,0.80,0.20
2008.02.15 05:46:57.895,0.97595,0.9762,0.80,0.20
2008.02.15 05:46:57.991,0.97595,0.97625,0.80,0.20
2008.02.15 05:46:58.360,0.97595,0.97625,0.80,0.20
2008.02.15 05:46:58.622,0.9759,0.97625,0.30,0.20
2008.02.15 05:46:58.957,0.97585,0.9762,8.00,0.20
2008.02.15 05:47:01.516,0.97585,0.9762,8.00,0.20
2008.02.15 05:47:03.421,0.97585,0.97625,4.00,0.20
2008.02.15 05:47:03.541,0.97585,0.97625,4.80,0.20
2008.02.15 05:47:04.027,0.9759,0.97625,1.00,0.20
2008.02.15 05:47:04.990,0.9759,0.97625,1.00,0.20
2008.02.15 05:47:05.363,0.9759,0.97625,1.00,0.20
2008.02.15 05:47:06.443,0.9759,0.97625,1.00,0.20
2008.02.15 05:47:06.563,0.9759,0.9762,0.80,0.20
2008.02.15 05:47:06.869,0.97585,0.9762,8.00,0.20
2008.02.15 05:47:07.073,0.97585,0.97625,8.00,0.20
2008.02.15 05:47:07.461,0.9759,0.97625,0.30,0.20
2008.02.15 05:47:07.818,0.9759,0.97625,0.30,0.20
2008.02.15 05:47:08.209,0.9759,0.97625,4.20,0.20
2008.02.15 05:47:12.136,0.9759,0.97625,4.20,0.20
2008.02.15 05:47:15.361,0.9759,0.9762,5.00,0.20
2008.02.15 05:47:15.572,0.9759,0.9762,4.80,0.20
2008.02.15 05:47:15.705,0.9759,0.9762,0.80,0.20
2008.02.15 05:47:19.912,0.97585,0.9762,8.00,0.20
2008.02.15 05:47:20.020,0.97585,0.9762,8.00,0.20
2008.02.15 05:47:20.162,0.9759,0.97625,4.80,0.20
2008.02.15 05:47:20.674,0.9759,0.97625,4.80,0.20
2008.02.15 05:47:25.726,0.9759,0.97625,5.00,0.20
2008.02.15 05:47:25.873,0.9759,0.97625,5.00,0.20
2008.02.15 05:47:26.094,0.976,0.97625,0.30,0.20
2008.02.15 05:47:26.172,0.976,0.97635,0.30,0.20
2008.02.15 05:47:26.521,0.976,0.97635,0.30,0.20
2008.02.15 05:47:27.285,0.976,0.97635,0.30,0.20
2008.02.15 05:47:27.475,0.976,0.9764,0.30,0.20
2008.02.15 05:47:27.610,0.9762,0.97655,0.30,4.10
2008.02.15 05:47:28.003,0.9762,0.97655,0.30,4.10
2008.02.15 05:47:28.401,0.9762,0.97655,0.30,0.20
2008.02.15 05:47:28.700,0.9762,0.97655,0.30,3.30
2008.02.15 05:47:29.051,0.9762,0.97655,0.30,0.20
2008.02.15 05:47:29.462,0.9762,0.97655,0.30,0.20
2008.02.15 05:47:29.681,0.9762,0.97655,0.30,0.20
2008.02.15 05:47:29.821,0.9762,0.97655,0.30,0.20
2008.02.15 05:47:29.959,0.9762,0.9766,0.30,4.30
2008.02.15 05:47:30.107,0.9762,0.9766,0.30,4.30
2008.02.15 05:47:30.329,0.9762,0.9766,0.30,4.30
2008.02.15 05:47:30.469,0.9762,0.97655,0.80,2.40
2008.02.15 05:47:30.746,0.9762,0.9765,0.80,0.20
2008.02.15 05:47:31.025,0.97615,0.9765,4.80,0.20
2008.02.15 05:47:31.305,0.97615,0.9764,4.80,0.20
2008.02.15 05:47:31.656,0.97615,0.9764,4.00,0.20
2008.02.15 05:47:31.873,0.97615,0.9764,4.00,0.20
2008.02.15 05:47:32.392,0.97615,0.9764,4.00,0.20
2008.02.15 05:47:32.603,0.97615,0.9764,4.00,0.20
2008.02.15 05:47:33.118,0.97615,0.9764,4.00,0.20
2008.02.15 05:47:33.332,0.97615,0.9764,4.00,0.20
2008.02.15 05:47:33.851,0.97615,0.9764,4.00,0.20
2008.02.15 05:47:34.399,0.97615,0.9764,4.00,0.20
2008.02.15 05:47:35.556,0.97605,0.97635,0.80,0.20
2008.02.15 05:47:35.675,0.97605,0.9763,0.80,0.20
2008.02.15 05:47:35.894,0.976,0.9763,1.00,0.20
2008.02.15 05:47:36.026,0.976,0.9763,1.00,0.20
2008.02.15 05:47:36.227,0.976,0.9763,1.00,0.40
2008.02.15 05:47:36.427,0.976,0.9763,1.00,0.40
2008.02.15 05:47:36.840,0.976,0.9763,1.00,0.40
2008.02.15 05:47:37.124,0.976,0.9763,0.80,0.20
2008.02.15 05:47:37.408,0.97595,0.97625,1.60,0.20
2008.02.15 05:47:37.691,0.97595,0.97625,1.60,0.20
2008.02.15 05:47:37.855,0.97595,0.97625,1.60,0.20
2008.02.15 05:47:38.018,0.97595,0.97635,0.80,1.70
2008.02.15 05:47:38.182,0.97595,0.97635,0.80,0.20
2008.02.15 05:47:38.554,0.97595,0.97635,4.80,0.20
2008.02.15 05:47:39.070,0.97595,0.97635,4.80,0.20
2008.02.15 05:47:39.294,0.97605,0.97635,2.40,0.20
2008.02.15 05:47:39.517,0.97605,0.97645,13.60,4.80
2008.02.15 05:47:39.741,0.9762,0.97645,0.30,4.00
2008.02.15 05:47:39.940,0.9762,0.97655,0.30,3.30
2008.02.15 05:47:40.137,0.9762,0.97655,0.30,0.20
2008.02.15 05:47:40.628,0.9762,0.97655,0.30,0.20
2008.02.15 05:47:40.989,0.97625,0.97655,2.40,0.20
2008.02.15 05:47:41.178,0.9763,0.97655,0.30,0.20
2008.02.15 05:47:41.445,0.9763,0.97665,0.30,3.30
2008.02.15 05:47:42.397,0.9763,0.97665,0.30,3.30
2008.02.15 05:47:42.574,0.9763,0.97665,0.30,3.30
2008.02.15 05:47:42.797,0.9763,0.97665,0.30,0.20
2008.02.15 05:47:43.937,0.9763,0.97665,0.30,0.20
2008.02.15 05:47:44.147,0.9763,0.97665,0.30,0.20
2008.02.15 05:47:44.407,0.9763,0.97665,5.00,0.20
2008.02.15 05:47:44.626,0.9763,0.97665,5.00,0.20
2008.02.15 05:47:44.794,0.9763,0.9767,5.00,0.40
2008.02.15 05:47:45.115,0.9763,0.9767,5.00,0.40
2008.02.15 05:47:45.329,0.9763,0.9767,5.00,0.40
2008.02.15 05:47:45.542,0.9763,0.97665,5.00,0.20
2008.02.15 05:47:45.757,0.9763,0.9767,4.20,0.40
2008.02.15 05:47:46.044,0.9763,0.9767,0.30,0.40
2008.02.15 05:47:46.259,0.9763,0.9767,0.30,0.40
2008.02.15 05:47:46.571,0.9763,0.9767,0.30,4.30
2008.02.15 05:47:46.777,0.9763,0.9767,0.30,4.30
2008.02.15 05:47:47.106,0.9763,0.97665,0.30,0.20
2008.02.15 05:47:47.584,0.9763,0.97665,0.30,0.20
2008.02.15 05:47:47.783,0.9763,0.97665,0.30,3.30
2008.02.15 05:47:49.161,0.97625,0.97665,3.20,3.30
2008.02.15 05:47:49.324,0.97625,0.97665,0.80,5.70
2008.02.15 05:47:49.592,0.9762,0.9766,5.00,0.20
2008.02.15 05:47:49.699,0.9762,0.9766,5.00,0.20
2008.02.15 05:47:50.019,0.9762,0.9766,5.00,0.20
2008.02.15 05:47:50.122,0.9762,0.9766,0.30,0.20
2008.02.15 05:47:50.317,0.9762,0.9766,0.30,0.20
2008.02.15 05:47:50.580,0.9762,0.97665,0.30,9.60
2008.02.15 05:47:50.845,0.9763,0.97665,0.30,5.70
2008.02.15 05:47:51.108,0.9763,0.97665,0.30,5.70
2008.02.15 05:47:51.455,0.9763,0.97665,0.30,5.70
2008.02.15 05:47:51.607,0.9763,0.97665,0.30,2.50
2008.02.15 05:47:51.836,0.9763,0.97665,0.30,2.50
2008.02.15 05:47:52.065,0.9764,0.97665,0.30,2.50
2008.02.15 05:47:52.294,0.9764,0.97665,0.30,2.40
2008.02.15 05:47:52.322,0.9764,0.97665,0.30,0.50
2008.02.15 05:47:52.799,0.9764,0.97665,0.30,2.40
2008.02.15 05:47:53.116,0.9764,0.97665,0.30,2.40
2008.02.15 05:47:53.290,0.9764,0.97665,0.30,2.40
2008.02.15 05:47:54.099,0.9764,0.97665,0.30,2.40
2008.02.15 05:47:54.899,0.9764,0.97665,0.30,2.40
2008.02.15 05:47:57.199,0.9764,0.97665,0.30,2.40
2008.02.15 05:47:58.101,0.9764,0.97665,0.30,2.40
2008.02.15 05:47:59.629,0.9764,0.97665,0.30,2.40
2008.02.15 05:48:01.137,0.9765,0.97665,0.30,2.40
2008.02.15 05:48:01.264,0.9765,0.97665,0.30,2.40
2008.02.15 05:48:01.462,0.9765,0.9767,0.30,0.20
2008.02.15 05:48:01.585,0.9764,0.9767,0.30,0.20
2008.02.15 05:48:01.780,0.9764,0.9767,1.00,0.40
2008.02.15 05:48:01.972,0.9765,0.9767,0.30,0.40
2008.02.15 05:48:02.180,0.9765,0.9767,0.30,0.20
2008.02.15 05:48:02.628,0.9765,0.9767,0.30,0.20
2008.02.15 05:48:03.147,0.9765,0.9767,0.30,0.20
2008.02.15 05:48:05.214,0.9765,0.9767,0.30,0.20
2008.02.15 05:48:05.457,0.9765,0.9767,0.30,0.20
2008.02.15 05:48:05.647,0.9765,0.9767,0.30,0.20
2008.02.15 05:48:06.404,0.9765,0.9767,0.30,0.20
2008.02.15 05:48:06.915,0.9765,0.9767,0.30,0.20
2008.02.15 05:48:07.086,0.9765,0.9768,0.30,0.20
2008.02.15 05:48:07.487,0.9765,0.9768,0.30,0.20
2008.02.15 05:48:07.584,0.97645,0.9768,6.40,0.20
2008.02.15 05:48:07.712,0.97645,0.9768,5.60,0.40
2008.02.15 05:48:07.809,0.97645,0.9768,8.00,0.40
2008.02.15 05:48:08.165,0.9764,0.9768,1.00,0.40
2008.02.15 05:48:09.235,0.9764,0.9768,1.00,0.40
2008.02.15 05:48:09.363,0.9764,0.9768,1.00,0.40
2008.02.15 05:48:09.476,0.97645,0.9768,3.20,0.40
2008.02.15 05:48:09.594,0.9764,0.9768,1.00,0.40
2008.02.15 05:48:09.707,0.97645,0.9768,3.20,0.40
2008.02.15 05:48:09.857,0.97645,0.9768,3.20,0.20
2008.02.15 05:48:10.078,0.97645,0.97685,4.00,0.20
2008.02.15 05:48:10.375,0.97645,0.97685,4.00,0.20
2008.02.15 05:48:11.298,0.97645,0.97685,4.00,0.20
2008.02.15 05:48:12.330,0.97645,0.97685,4.00,0.20
2008.02.15 05:48:13.028,0.97645,0.97685,3.20,4.10
2008.02.15 05:48:13.136,0.97645,0.97685,0.80,6.50
2008.02.15 05:48:13.369,0.9764,0.97685,0.30,7.30
2008.02.15 05:48:13.635,0.9764,0.97685,0.30,7.30
2008.02.15 05:48:13.840,0.97655,0.97685,3.20,4.00
2008.02.15 05:48:14.044,0.97655,0.97685,2.40,4.00
2008.02.15 05:48:14.319,0.9764,0.9768,0.30,0.20
2008.02.15 05:48:14.542,0.9764,0.9768,1.00,0.40
2008.02.15 05:48:14.836,0.9764,0.9768,1.00,0.40
2008.02.15 05:48:15.129,0.97645,0.9768,6.40,0.40
2008.02.15 05:48:15.428,0.97645,0.9768,2.40,0.40
2008.02.15 05:48:16.333,0.97645,0.9768,2.40,0.40
2008.02.15 05:48:16.635,0.97645,0.9768,2.40,0.40
2008.02.15 05:48:17.640,0.97645,0.9768,1.50,0.40
2008.02.15 05:48:18.221,0.97645,0.9768,2.40,0.40
2008.02.15 05:48:18.498,0.9764,0.9768,4.20,0.40
2008.02.15 05:48:18.615,0.9764,0.9768,4.20,0.40
2008.02.15 05:48:18.737,0.9764,0.97675,4.20,0.20
2008.02.15 05:48:18.943,0.9764,0.97675,4.20,0.20
2008.02.15 05:48:19.118,0.9764,0.97675,4.20,0.20
2008.02.15 05:48:19.333,0.9764,0.97675,4.20,0.20
2008.02.15 05:48:19.665,0.9764,0.9768,0.30,4.10
2008.02.15 05:48:19.999,0.97645,0.9767,4.00,0.20
2008.02.15 05:48:20.407,0.97645,0.9767,4.00,0.40
2008.02.15 05:48:20.741,0.97635,0.97665,2.40,0.20
2008.02.15 05:48:20.980,0.9763,0.97665,4.20,2.50
2008.02.15 05:48:21.145,0.9763,0.9766,4.20,0.20
2008.02.15 05:48:21.309,0.9763,0.9766,4.20,0.40
2008.02.15 05:48:21.473,0.9763,0.9766,0.30,0.40
2008.02.15 05:48:21.802,0.9763,0.97655,0.30,0.20
2008.02.15 05:48:22.217,0.9763,0.97655,0.30,0.20
2008.02.15 05:48:22.786,0.9763,0.97655,0.30,0.20
2008.02.15 05:48:22.971,0.9763,0.97655,0.30,0.20
2008.02.15 05:48:23.183,0.9763,0.97655,0.30,0.20
2008.02.15 05:48:23.320,0.9763,0.97655,0.30,0.20
2008.02.15 05:48:23.530,0.9763,0.97655,0.30,0.20
2008.02.15 05:48:23.693,0.9763,0.97655,0.30,0.20
2008.02.15 05:48:24.023,0.97635,0.9767,7.20,0.20
2008.02.15 05:48:24.280,0.97645,0.9767,5.60,0.20
2008.02.15 05:48:24.539,0.97645,0.9767,5.60,0.20
2008.02.15 05:48:25.107,0.97645,0.9767,5.60,0.20
2008.02.15 05:48:25.831,0.97645,0.9767,5.60,0.20
2008.02.15 05:48:26.072,0.97645,0.9767,5.60,0.20
2008.02.15 05:48:26.231,0.9765,0.97675,0.30,0.20
2008.02.15 05:48:26.470,0.9765,0.97675,0.30,0.20
2008.02.15 05:48:26.626,0.97655,0.9768,2.40,0.20
2008.02.15 05:48:26.908,0.97655,0.9768,2.40,0.20
2008.02.15 05:48:27.204,0.97655,0.9768,2.40,0.20
2008.02.15 05:48:27.406,0.97655,0.9768,2.40,0.20
2008.02.15 05:48:28.117,0.97655,0.9768,4.80,0.20
2008.02.15 05:48:28.316,0.9766,0.97685,0.30,0.20
2008.02.15 05:48:28.588,0.97655,0.9769,3.20,0.20
2008.02.15 05:48:28.834,0.9767,0.97695,0.30,4.10
2008.02.15 05:48:29.153,0.9767,0.97695,0.30,4.10
2008.02.15 05:48:29.371,0.9767,0.977,0.30,4.10
2008.02.15 05:48:29.590,0.9767,0.977,0.30,4.10
2008.02.15 05:48:29.809,0.9767,0.977,0.30,0.20
2008.02.15 05:48:30.047,0.9767,0.977,0.30,0.20
2008.02.15 05:48:30.314,0.9767,0.9771,0.30,4.30
2008.02.15 05:48:30.543,0.9767,0.9771,0.30,0.20
2008.02.15 05:48:30.771,0.97675,0.97715,3.20,4.10
2008.02.15 05:48:31.072,0.97675,0.97715,3.20,4.10
2008.02.15 05:48:31.291,0.97675,0.977,1.60,0.20
2008.02.15 05:48:31.510,0.97675,0.977,5.50,0.20
2008.02.15 05:48:31.803,0.9767,0.97705,0.80,2.50
2008.02.15 05:48:32.009,0.9767,0.977,0.50,0.20
2008.02.15 05:48:32.235,0.9766,0.977,4.20,0.20
2008.02.15 05:48:32.427,0.9766,0.977,4.20,0.20
2008.02.15 05:48:32.719,0.9766,0.977,4.20,0.20
2008.02.15 05:48:33.131,0.9766,0.977,4.20,0.20
2008.02.15 05:48:33.392,0.9766,0.977,4.20,0.20
2008.02.15 05:48:34.414,0.9766,0.977,4.20,0.20
2008.02.15 05:48:34.549,0.9766,0.97695,4.00,0.20
2008.02.15 05:48:34.697,0.97655,0.97695,4.00,2.50
2008.02.15 05:48:34.847,0.97655,0.97695,4.00,6.50
2008.02.15 05:48:35.038,0.97655,0.9769,4.00,0.20
2008.02.15 05:48:35.284,0.97655,0.97685,4.00,0.20
2008.02.15 05:48:35.471,0.97645,0.97685,7.20,0.20
2008.02.15 05:48:35.768,0.97645,0.9769,7.20,0.40
2008.02.15 05:48:36.591,0.97645,0.9769,7.20,0.40
2008.02.15 05:48:37.326,0.97645,0.9769,7.20,0.40
2008.02.15 05:48:37.469,0.97655,0.9769,2.40,0.40
2008.02.15 05:48:37.622,0.97655,0.9769,2.40,0.20
2008.02.15 05:48:37.840,0.97655,0.9769,2.40,0.20
2008.02.15 05:48:37.982,0.9765,0.9769,4.00,0.20
2008.02.15 05:48:38.125,0.9765,0.9769,4.00,0.20
2008.02.15 05:48:38.368,0.9765,0.9769,4.00,0.40
2008.02.15 05:48:38.610,0.9765,0.9769,4.00,0.20
2008.02.15 05:48:38.935,0.9765,0.9769,4.00,0.20
2008.02.15 05:48:39.252,0.9765,0.9769,4.20,0.20
2008.02.15 05:48:39.577,0.97655,0.9769,2.40,0.20
2008.02.15 05:48:39.755,0.9766,0.9769,0.30,0.20
2008.02.15 05:48:39.934,0.9766,0.9769,0.30,0.20
2008.02.15 05:48:40.423,0.9766,0.9769,0.30,0.20
2008.02.15 05:48:40.621,0.9766,0.9769,0.30,0.20
2008.02.15 05:48:41.337,0.9766,0.9769,0.30,0.20
2008.02.15 05:48:41.462,0.97655,0.9768,7.20,0.20
2008.02.15 05:48:41.584,0.97655,0.9768,4.00,0.20
2008.02.15 05:48:41.708,0.9765,0.9768,0.30,0.20
2008.02.15 05:48:42.956,0.9765,0.9768,0.30,0.20
2008.02.15 05:48:43.427,0.9765,0.9768,0.30,0.20
2008.02.15 05:48:44.248,0.9765,0.9769,0.30,0.40
2008.02.15 05:48:44.480,0.9765,0.9769,0.30,0.20
2008.02.15 05:48:44.731,0.9765,0.9769,4.20,0.20
2008.02.15 05:48:44.964,0.9765,0.9769,4.20,0.20
2008.02.15 05:48:45.271,0.97655,0.9769,2.40,0.20
2008.02.15 05:48:45.430,0.9766,0.9769,0.30,0.20
2008.02.15 05:48:46.480,0.9766,0.9769,0.30,0.20
2008.02.15 05:48:46.713,0.97655,0.9769,4.00,0.40
2008.02.15 05:48:46.946,0.9765,0.9769,4.00,0.40
2008.02.15 05:48:47.240,0.9765,0.97685,4.00,0.90
2008.02.15 05:48:47.513,0.9765,0.9768,4.00,0.20
2008.02.15 05:48:47.869,0.9765,0.9768,4.00,0.20
2008.02.15 05:48:48.380,0.9765,0.9768,4.00,0.20
2008.02.15 05:48:49.354,0.97645,0.9768,2.40,0.20
2008.02.15 05:48:50.635,0.97645,0.9768,2.40,0.20
2008.02.15 05:48:50.750,0.9765,0.97685,0.30,0.90
2008.02.15 05:48:50.863,0.9765,0.97685,0.30,0.20
2008.02.15 05:48:51.037,0.9765,0.9769,0.30,4.10
2008.02.15 05:48:51.152,0.97655,0.9769,2.40,4.10
2008.02.15 05:48:51.650,0.97655,0.9769,2.40,4.10
2008.02.15 05:48:52.367,0.97655,0.9769,2.40,4.10
2008.02.15 05:48:53.382,0.97655,0.9769,2.40,0.40
2008.02.15 05:48:53.585,0.9765,0.9769,4.20,0.40
2008.02.15 05:48:53.785,0.9765,0.97685,4.20,3.20
2008.02.15 05:48:54.060,0.9765,0.97685,4.20,3.20
2008.02.15 05:48:54.263,0.97645,0.9768,2.40,0.20
2008.02.15 05:48:55.341,0.9764,0.9768,4.20,0.20
2008.02.15 05:48:55.584,0.9764,0.9768,4.20,0.40
2008.02.15 05:48:55.912,0.9764,0.9768,4.20,0.40
2008.02.15 05:48:57.577,0.9764,0.9768,4.20,0.40
2008.02.15 05:48:57.785,0.9764,0.9768,4.20,0.40
2008.02.15 05:48:57.949,0.9764,0.9768,4.20,0.40
2008.02.15 05:48:58.065,0.9764,0.9768,4.20,0.40
2008.02.15 05:48:58.180,0.9764,0.97675,0.30,0.20
2008.02.15 05:48:58.295,0.97635,0.9767,9.60,0.20
2008.02.15 05:48:58.484,0.97635,0.9767,9.60,0.20
2008.02.15 05:48:59.597,0.97635,0.9767,9.60,0.20
2008.02.15 05:49:01.953,0.97635,0.9767,9.60,0.20
2008.02.15 05:49:02.043,0.97635,0.97665,4.00,0.20
2008.02.15 05:49:02.132,0.9763,0.9767,0.30,0.40
2008.02.15 05:49:02.241,0.9763,0.9767,0.30,0.40
2008.02.15 05:49:02.315,0.9763,0.9767,0.30,0.40
2008.02.15 05:49:02.414,0.9763,0.9767,0.30,0.40
2008.02.15 05:49:02.529,0.97635,0.9767,2.40,0.40
2008.02.15 05:49:02.640,0.97635,0.97665,2.40,0.20
2008.02.15 05:49:02.721,0.97635,0.97665,2.40,0.20
2008.02.15 05:49:02.831,0.9763,0.97665,0.30,0.20
2008.02.15 05:49:03.178,0.9763,0.97665,0.30,0.20
2008.02.15 05:49:03.513,0.97635,0.97665,2.40,0.20
2008.02.15 05:49:03.846,0.97635,0.9767,6.40,0.20
2008.02.15 05:49:04.179,0.97635,0.9767,6.40,0.20
2008.02.15 05:49:04.891,0.97635,0.9767,6.40,0.20
2008.02.15 05:49:07.328,0.97635,0.9767,2.40,0.20
2008.02.15 05:49:07.582,0.97635,0.9767,2.40,0.20
2008.02.15 05:49:07.722,0.9763,0.9767,4.00,0.20
2008.02.15 05:49:07.863,0.9763,0.9767,4.00,0.20
2008.02.15 05:49:07.999,0.9763,0.97665,4.00,3.30
2008.02.15 05:49:08.138,0.9763,0.97665,4.00,5.70
2008.02.15 05:49:08.275,0.9763,0.97665,4.00,5.70
2008.02.15 05:49:08.530,0.9763,0.9766,4.00,0.20
2008.02.15 05:49:08.737,0.9762,0.9766,4.20,0.20
2008.02.15 05:49:09.050,0.9762,0.9766,4.20,0.20
2008.02.15 05:49:09.259,0.9762,0.97655,0.30,3.20
2008.02.15 05:49:09.476,0.9762,0.97655,0.30,3.20
2008.02.15 05:49:09.948,0.9762,0.97655,0.30,3.20
2008.02.15 05:49:10.161,0.9763,0.97655,0.30,2.40
2008.02.15 05:49:10.409,0.9763,0.9766,0.30,0.20
2008.02.15 05:49:10.701,0.9763,0.9766,0.30,0.20
2008.02.15 05:49:10.909,0.9762,0.9766,4.20,0.20
2008.02.15 05:49:11.180,0.97625,0.9766,2.40,0.20
2008.02.15 05:49:11.388,0.9762,0.9766,4.20,0.40
2008.02.15 05:49:11.693,0.9762,0.9766,4.20,0.40
2008.02.15 05:49:11.895,0.9762,0.97655,0.30,3.20
2008.02.15 05:49:12.182,0.9762,0.97655,0.30,3.20
2008.02.15 05:49:12.354,0.9762,0.9766,0.30,0.40
2008.02.15 05:49:12.641,0.9762,0.9766,0.30,0.40
2008.02.15 05:49:12.866,0.9762,0.9766,0.30,0.40
2008.02.15 05:49:13.114,0.9762,0.9766,0.30,0.40
2008.02.15 05:49:13.290,0.9762,0.9766,0.30,4.30
2008.02.15 05:49:13.483,0.9762,0.97655,0.30,3.20
2008.02.15 05:49:15.126,0.9762,0.97655,0.30,3.20
2008.02.15 05:49:15.255,0.9762,0.97655,0.30,0.90
2008.02.15 05:49:15.383,0.9762,0.97655,0.30,0.90
2008.02.15 05:49:15.506,0.9762,0.97655,0.30,4.10
2008.02.15 05:49:15.630,0.9762,0.97655,0.30,4.10
2008.02.15 05:49:15.814,0.9762,0.9765,0.30,0.20
2008.02.15 05:49:16.618,0.9762,0.9765,0.30,0.20
2008.02.15 05:49:16.834,0.9762,0.9765,0.30,0.20
2008.02.15 05:49:16.987,0.9761,0.9765,4.20,0.40
2008.02.15 05:49:17.140,0.9761,0.9765,0.30,0.20
2008.02.15 05:49:17.293,0.9763,0.97655,0.30,4.10
2008.02.15 05:49:17.446,0.9763,0.97655,0.30,4.10
2008.02.15 05:49:17.651,0.9763,0.9766,0.30,0.40
2008.02.15 05:49:17.829,0.9763,0.9766,0.30,0.40
2008.02.15 05:49:18.061,0.9763,0.9766,0.30,0.40
2008.02.15 05:49:18.886,0.9763,0.9766,0.30,0.40
2008.02.15 05:49:19.667,0.9763,0.9766,0.30,0.40
2008.02.15 05:49:20.923,0.9763,0.9766,0.30,0.40
2008.02.15 05:49:21.662,0.9763,0.9766,0.30,0.40
2008.02.15 05:49:21.797,0.9763,0.97665,0.30,4.00
2008.02.15 05:49:21.940,0.9763,0.97665,0.30,4.00
2008.02.15 05:49:22.074,0.9763,0.9767,0.30,4.30
2008.02.15 05:49:23.224,0.9763,0.9767,0.30,4.30
2008.02.15 05:49:23.401,0.9763,0.97665,0.30,2.40
2008.02.15 05:49:23.603,0.9763,0.97665,0.30,3.20
2008.02.15 05:49:24.224,0.9763,0.97665,0.30,3.20
2008.02.15 05:49:26.250,0.9763,0.97665,0.30,2.40
2008.02.15 05:49:26.323,0.9763,0.9767,0.30,4.30
2008.02.15 05:49:26.396,0.9763,0.9767,0.30,4.30
2008.02.15 05:49:30.381,0.9763,0.9767,0.30,4.30
2008.02.15 05:49:30.517,0.9762,0.97665,4.20,5.70
2008.02.15 05:49:30.619,0.9762,0.97665,0.30,9.70
2008.02.15 05:49:30.793,0.9762,0.97665,0.30,9.70
2008.02.15 05:49:31.720,0.9762,0.97665,0.30,9.70
2008.02.15 05:49:32.014,0.9763,0.97665,0.30,7.30
2008.02.15 05:49:32.142,0.9763,0.9766,0.30,4.00
2008.02.15 05:49:32.306,0.9763,0.9766,0.30,4.00
2008.02.15 05:49:32.489,0.9763,0.9766,0.30,4.00
2008.02.15 05:49:32.689,0.9763,0.9766,0.30,4.00
2008.02.15 05:49:32.817,0.9763,0.9766,0.30,4.00
2008.02.15 05:49:33.012,0.9763,0.97665,0.30,3.20
2008.02.15 05:49:33.238,0.9763,0.97665,0.30,3.20
2008.02.15 05:49:33.557,0.9763,0.97665,0.30,3.20
2008.02.15 05:49:34.638,0.9763,0.97665,0.30,3.20
2008.02.15 05:49:34.804,0.9762,0.97665,4.20,5.70
2008.02.15 05:49:34.889,0.9762,0.97665,0.30,9.70
2008.02.15 05:49:36.220,0.9762,0.97665,0.30,9.70
2008.02.15 05:49:36.593,0.9762,0.97665,0.30,9.70
2008.02.15 05:49:36.687,0.9762,0.9766,0.30,4.10
2008.02.15 05:49:36.873,0.9762,0.9766,0.30,4.10
2008.02.15 05:49:37.156,0.9762,0.9766,0.30,4.10
2008.02.15 05:49:37.323,0.9762,0.9765,0.30,0.20
2008.02.15 05:49:37.540,0.9762,0.9765,0.30,0.20
2008.02.15 05:49:37.799,0.9763,0.97655,0.30,4.00
2008.02.15 05:49:38.057,0.9763,0.9766,0.30,0.40
2008.02.15 05:49:38.482,0.9763,0.9766,0.30,0.40
2008.02.15 05:49:39.629,0.9763,0.9766,0.30,0.40
2008.02.15 05:49:40.368,0.9763,0.9766,0.30,0.40
2008.02.15 05:49:40.526,0.9763,0.9766,0.30,0.20
2008.02.15 05:49:40.600,0.9763,0.9766,0.30,0.20
2008.02.15 05:49:40.674,0.9763,0.9766,0.30,0.20
2008.02.15 05:49:41.309,0.9763,0.9766,0.30,0.20
2008.02.15 05:49:41.466,0.97635,0.9766,2.40,0.20
2008.02.15 05:49:41.746,0.97635,0.9766,2.40,0.20
2008.02.15 05:49:41.974,0.97635,0.9766,2.40,0.20
2008.02.15 05:49:43.335,0.97635,0.9766,2.40,0.20
2008.02.15 05:49:43.468,0.97635,0.9767,3.20,0.40
2008.02.15 05:49:43.684,0.97635,0.9767,3.20,0.40
2008.02.15 05:49:44.379,0.97635,0.9767,3.20,0.40
2008.02.15 05:49:44.507,0.97645,0.9767,5.60,0.40
2008.02.15 05:49:44.652,0.97645,0.9767,5.60,0.20
2008.02.15 05:49:44.863,0.97645,0.9767,5.60,0.20
2008.02.15 05:49:45.101,0.97635,0.9767,7.20,0.20
2008.02.15 05:49:45.323,0.97635,0.9767,7.20,0.40
2008.02.15 05:49:45.798,0.97635,0.9767,7.20,0.40
2008.02.15 05:49:46.809,0.97635,0.97665,3.20,0.20
2008.02.15 05:49:47.014,0.97635,0.97665,3.20,0.20
2008.02.15 05:49:47.217,0.9763,0.97665,0.30,0.20
2008.02.15 05:49:47.420,0.97635,0.97665,0.80,0.20
2008.02.15 05:49:47.682,0.97635,0.9767,5.60,0.50
2008.02.15 05:49:47.885,0.97635,0.9767,5.60,0.40
2008.02.15 05:49:49.609,0.97635,0.9767,5.60,0.40
2008.02.15 05:49:53.158,0.97635,0.9767,6.40,0.40
2008.02.15 05:49:55.815,0.97635,0.9767,6.40,0.40
2008.02.15 05:49:55.914,0.97635,0.9767,6.40,0.20
2008.02.15 05:49:56.013,0.97645,0.9767,3.20,0.20
2008.02.15 05:49:56.271,0.97645,0.9767,0.80,0.20
2008.02.15 05:49:56.423,0.9764,0.9767,0.30,0.20
2008.02.15 05:49:56.689,0.97645,0.9767,2.40,0.20
2008.02.15 05:49:56.843,0.97645,0.9768,3.20,0.40
2008.02.15 05:49:57.135,0.97645,0.9768,3.20,0.40
2008.02.15 05:49:57.624,0.97645,0.9768,3.20,0.20
2008.02.15 05:49:57.801,0.97645,0.9768,4.00,0.20
2008.02.15 05:49:58.148,0.97645,0.9768,4.00,0.20
2008.02.15 05:49:58.392,0.9765,0.9768,0.30,0.20
2008.02.15 05:49:58.558,0.97645,0.9767,0.80,0.40
2008.02.15 05:49:58.696,0.97635,0.9767,7.20,0.40
2008.02.15 05:49:58.973,0.97635,0.9767,5.60,0.40
2008.02.15 05:49:59.115,0.97635,0.9767,3.20,0.40
2008.02.15 05:49:59.639,0.97645,0.9767,2.40,0.40
2008.02.15 05:49:59.910,0.97645,0.97675,3.20,0.20
2008.02.15 05:50:00.124,0.97645,0.97675,2.40,0.20
2008.02.15 05:50:00.428,0.9764,0.97675,0.30,0.50
2008.02.15 05:50:00.644,0.9764,0.97675,0.30,0.50
2008.02.15 05:50:00.842,0.9764,0.97675,0.30,0.60
2008.02.15 05:50:00.965,0.97645,0.9766,2.40,0.20
2008.02.15 05:50:01.161,0.9765,0.97675,0.30,0.60
2008.02.15 05:50:01.283,0.9765,0.97675,0.30,0.50
2008.02.15 05:50:01.489,0.9765,0.9768,0.30,0.60
2008.02.15 05:50:01.736,0.9765,0.9768,0.30,0.20
2008.02.15 05:50:02.941,0.9765,0.9768,0.30,0.20
2008.02.15 05:50:03.468,0.9765,0.9768,0.30,0.20
2008.02.15 05:50:03.679,0.9765,0.9768,0.30,0.40
2008.02.15 05:50:03.719,0.97645,0.9767,0.80,0.20
2008.02.15 05:50:03.833,0.97645,0.9767,0.80,0.20
2008.02.15 05:50:04.011,0.97645,0.9767,4.00,0.20
2008.02.15 05:50:04.129,0.97645,0.9767,4.00,0.20
2008.02.15 05:50:04.329,0.97645,0.9767,4.00,0.20
2008.02.15 05:50:04.822,0.97645,0.9767,4.00,0.20
2008.02.15 05:50:05.621,0.97645,0.9767,4.00,0.20
2008.02.15 05:50:08.178,0.97645,0.9767,4.00,0.20
2008.02.15 05:50:10.251,0.97645,0.9767,3.20,0.20
2008.02.15 05:50:10.387,0.97655,0.9768,3.20,0.20
2008.02.15 05:50:10.503,0.97655,0.9768,5.60,0.20
2008.02.15 05:50:10.607,0.97655,0.9768,5.60,0.20
2008.02.15 05:50:10.748,0.97655,0.9768,5.60,0.20
2008.02.15 05:50:13.418,0.97655,0.9768,5.60,0.20
2008.02.15 05:50:13.533,0.9765,0.9768,0.30,0.20
2008.02.15 05:50:13.718,0.9765,0.9768,0.30,0.40
2008.02.15 05:50:14.328,0.9765,0.9768,0.30,0.40
2008.02.15 05:50:15.881,0.9765,0.9768,0.30,0.40
2008.02.15 05:50:15.985,0.9765,0.9768,0.30,0.40
2008.02.15 05:50:16.139,0.9765,0.97675,0.30,0.20
2008.02.15 05:50:16.517,0.9765,0.97675,0.30,0.20
2008.02.15 05:50:16.651,0.9765,0.9767,0.30,0.20
2008.02.15 05:50:17.622,0.9765,0.9767,0.30,0.20
2008.02.15 05:50:17.988,0.9765,0.9767,0.30,0.20
2008.02.15 05:50:18.193,0.9764,0.9767,5.00,0.40
2008.02.15 05:50:18.304,0.9764,0.9767,5.00,0.40
2008.02.15 05:50:19.501,0.9764,0.9767,5.00,0.40
2008.02.15 05:50:20.589,0.9764,0.9767,0.30,0.40
2008.02.15 05:50:20.708,0.97635,0.9767,4.80,0.40
2008.02.15 05:50:21.080,0.97635,0.9767,4.00,0.40
2008.02.15 05:50:21.387,0.97635,0.9767,4.00,0.40
2008.02.15 05:50:21.597,0.97635,0.97665,4.00,0.20
2008.02.15 05:50:21.806,0.9763,0.97665,4.20,0.20
2008.02.15 05:50:22.060,0.9763,0.97665,4.20,0.20
2008.02.15 05:50:22.269,0.9763,0.97665,0.30,0.20
2008.02.15 05:50:22.443,0.97635,0.9767,3.20,0.40
2008.02.15 05:50:22.617,0.97635,0.9767,3.20,0.40
2008.02.15 05:50:22.791,0.9763,0.9767,1.00,0.40
2008.02.15 05:50:23.033,0.9764,0.9767,0.30,0.40
2008.02.15 05:50:23.280,0.9764,0.9767,0.30,0.40
2008.02.15 05:50:24.984,0.97645,0.9767,2.40,0.40
2008.02.15 05:50:25.078,0.97645,0.9767,3.20,0.20
2008.02.15 05:50:25.242,0.97645,0.9767,5.60,0.20
2008.02.15 05:50:25.475,0.9765,0.9767,0.30,0.20
2008.02.15 05:50:26.043,0.9765,0.9767,0.30,0.20
2008.02.15 05:50:28.350,0.9765,0.9767,0.30,0.20
2008.02.15 05:50:28.769,0.9765,0.9767,0.30,0.20
2008.02.15 05:50:31.432,0.9765,0.9767,0.30,0.40
2008.02.15 05:50:31.542,0.97645,0.9767,2.40,0.40
2008.02.15 05:50:31.711,0.9764,0.9767,0.30,0.40
2008.02.15 05:50:32.586,0.9764,0.9767,0.30,0.40
2008.02.15 05:50:32.822,0.97645,0.9767,2.40,0.40
2008.02.15 05:50:33.139,0.97645,0.9767,2.40,0.40
2008.02.15 05:50:33.340,0.9764,0.9767,1.00,0.40
2008.02.15 05:50:33.555,0.9764,0.9767,1.00,0.40
2008.02.15 05:50:35.512,0.9764,0.9767,0.30,0.40
2008.02.15 05:50:35.690,0.9764,0.9767,0.30,0.40
2008.02.15 05:50:36.027,0.9764,0.9767,0.30,0.40
2008.02.15 05:50:36.445,0.9764,0.9767,0.30,0.40
2008.02.15 05:50:36.591,0.9764,0.9767,0.30,0.40
2008.02.15 05:50:36.784,0.9764,0.9767,0.30,0.40
2008.02.15 05:50:36.922,0.9764,0.9767,0.30,0.20
2008.02.15 05:50:37.116,0.9765,0.97675,0.30,3.20
2008.02.15 05:50:37.288,0.9765,0.97675,0.30,3.20
2008.02.15 05:50:37.483,0.9765,0.97675,0.30,2.40
2008.02.15 05:50:37.662,0.9765,0.97675,0.30,2.40
2008.02.15 05:50:38.377,0.9765,0.97675,0.30,2.40
2008.02.15 05:50:38.570,0.9765,0.9768,0.30,0.40
2008.02.15 05:50:38.920,0.9765,0.9768,0.30,0.40
2008.02.15 05:50:39.159,0.9765,0.9768,0.30,0.40
2008.02.15 05:50:40.125,0.9765,0.9768,0.30,0.40
2008.02.15 05:50:40.263,0.9764,0.97675,1.00,0.20
2008.02.15 05:50:40.414,0.9764,0.97675,0.30,0.20
2008.02.15 05:50:40.554,0.97645,0.9768,5.60,0.40
2008.02.15 05:50:40.787,0.97645,0.9768,5.60,0.40
2008.02.15 05:50:41.038,0.97645,0.9768,5.60,0.40
2008.02.15 05:50:41.362,0.9765,0.9768,0.30,0.20
2008.02.15 05:50:41.671,0.9766,0.9769,0.30,0.40
2008.02.15 05:50:41.979,0.9765,0.97685,1.00,3.30
2008.02.15 05:50:42.286,0.9765,0.97685,0.30,3.30
2008.02.15 05:50:42.472,0.9765,0.97685,0.30,3.30
2008.02.15 05:50:42.621,0.9765,0.97685,0.30,3.20
2008.02.15 05:50:42.770,0.9765,0.9769,4.20,0.40
2008.02.15 05:50:43.049,0.9765,0.9769,4.20,0.40
2008.02.15 05:50:43.188,0.9765,0.9769,1.50,0.40
2008.02.15 05:50:43.498,0.9765,0.9769,2.10,0.40
2008.02.15 05:50:44.082,0.9765,0.9769,1.60,0.40
2008.02.15 05:50:46.996,0.9765,0.97685,0.30,0.20
2008.02.15 05:50:47.099,0.9765,0.97685,0.30,0.20
2008.02.15 05:50:49.998,0.9765,0.97685,0.30,0.20
2008.02.15 05:50:50.306,0.9765,0.97685,0.30,0.20
2008.02.15 05:50:50.614,0.9765,0.9768,0.30,0.40
2008.02.15 05:50:50.976,0.9765,0.9768,0.30,0.40
2008.02.15 05:50:52.438,0.9765,0.9768,0.30,0.40
2008.02.15 05:50:52.663,0.9766,0.9769,0.30,0.40
2008.02.15 05:50:52.922,0.9766,0.9769,0.30,0.40
2008.02.15 05:50:53.148,0.9765,0.97685,1.00,2.50
2008.02.15 05:50:53.331,0.9765,0.97685,1.00,2.50
2008.02.15 05:50:53.489,0.9765,0.97685,0.30,0.20
2008.02.15 05:50:54.066,0.9765,0.97685,0.30,0.20
2008.02.15 05:50:54.651,0.9765,0.97685,0.30,2.50
2008.02.15 05:50:55.095,0.9765,0.97685,0.30,2.50
2008.02.15 05:50:55.418,0.9765,0.97685,0.30,3.20
2008.02.15 05:50:55.531,0.9765,0.9769,0.30,4.30
2008.02.15 05:50:55.645,0.9765,0.9769,0.30,4.30
2008.02.15 05:50:55.860,0.9765,0.9769,0.30,4.30
2008.02.15 05:50:55.974,0.9765,0.97685,1.00,2.50
2008.02.15 05:50:56.087,0.9765,0.97685,1.00,3.30
2008.02.15 05:50:56.380,0.9765,0.97685,0.30,3.30
2008.02.15 05:50:56.814,0.9765,0.97685,0.30,3.30
2008.02.15 05:50:57.108,0.9765,0.9768,0.30,0.20
2008.02.15 05:50:57.463,0.9765,0.9768,0.30,0.20
2008.02.15 05:50:57.581,0.9765,0.9768,0.30,0.40
2008.02.15 05:50:57.995,0.9765,0.9768,0.30,0.40
2008.02.15 05:50:58.522,0.9765,0.9768,0.30,0.40
2008.02.15 05:50:58.868,0.9765,0.9768,0.30,0.40
2008.02.15 05:50:59.969,0.9765,0.9768,0.30,0.40
2008.02.15 05:51:02.063,0.9765,0.9768,0.30,0.40
2008.02.15 05:51:02.112,0.9765,0.9768,0.30,0.40
2008.02.15 05:51:02.333,0.9765,0.9768,0.30,0.40
2008.02.15 05:51:04.639,0.9765,0.9768,0.30,0.40
2008.02.15 05:51:06.374,0.9765,0.9768,0.30,0.20
2008.02.15 05:51:06.538,0.9765,0.97685,0.30,3.30
2008.02.15 05:51:06.742,0.9765,0.97685,0.30,3.30
2008.02.15 05:51:08.130,0.9765,0.97685,0.30,3.30
2008.02.15 05:51:08.880,0.9765,0.97685,0.30,3.30
2008.02.15 05:51:09.915,0.9765,0.97685,0.30,0.90
2008.02.15 05:51:10.037,0.9765,0.9768,0.30,0.20
2008.02.15 05:51:10.195,0.9765,0.9768,0.30,0.20
2008.02.15 05:51:10.419,0.9765,0.9768,0.30,0.40
2008.02.15 05:51:10.606,0.9765,0.9768,0.30,0.40
2008.02.15 05:51:10.915,0.9765,0.9768,0.30,0.40
2008.02.15 05:51:11.756,0.9765,0.9768,0.30,0.40
2008.02.15 05:51:12.059,0.9765,0.9768,0.30,0.40
2008.02.15 05:51:13.666,0.9765,0.9768,0.30,0.40
2008.02.15 05:51:14.090,0.9765,0.9768,0.30,0.40
2008.02.15 05:51:14.809,0.9765,0.9768,0.30,0.40
2008.02.15 05:51:15.082,0.9765,0.9768,0.30,0.20
2008.02.15 05:51:15.320,0.9765,0.9768,0.30,0.20
2008.02.15 05:51:15.589,0.9765,0.9768,0.30,0.20
2008.02.15 05:51:15.837,0.9765,0.9768,0.30,0.40
2008.02.15 05:51:16.043,0.9765,0.9768,0.30,0.40
2008.02.15 05:51:16.561,0.9765,0.9768,0.30,0.40
2008.02.15 05:51:17.089,0.9765,0.9768,0.30,0.40
2008.02.15 05:51:17.360,0.9765,0.9768,0.30,0.20
2008.02.15 05:51:17.544,0.9766,0.9769,0.30,4.30
2008.02.15 05:51:17.728,0.9766,0.9769,0.30,4.30
2008.02.15 05:51:18.379,0.9766,0.9769,0.30,0.40
2008.02.15 05:51:18.547,0.9766,0.9769,0.30,0.40
2008.02.15 05:51:18.716,0.9766,0.9769,0.30,0.40
2008.02.15 05:51:18.943,0.9766,0.9769,0.30,0.40
2008.02.15 05:51:19.110,0.9766,0.9769,0.30,0.20
2008.02.15 05:51:19.832,0.9766,0.9769,0.30,0.20
2008.02.15 05:51:20.021,0.97655,0.9769,2.40,0.40
2008.02.15 05:51:20.265,0.97655,0.9769,0.80,0.40
2008.02.15 05:51:20.455,0.9765,0.9769,1.00,0.40
2008.02.15 05:51:21.054,0.9765,0.9769,1.00,0.40
2008.02.15 05:51:21.193,0.9765,0.97685,0.30,0.20
2008.02.15 05:51:21.330,0.9765,0.97685,0.30,0.20
2008.02.15 05:51:22.956,0.9765,0.9769,0.30,0.20
2008.02.15 05:51:23.035,0.97655,0.9769,8.00,0.20
2008.02.15 05:51:23.112,0.9767,0.97695,0.30,6.40
2008.02.15 05:51:23.278,0.9767,0.977,0.30,0.40
2008.02.15 05:51:23.285,0.9767,0.977,0.30,0.40
2008.02.15 05:51:23.363,0.9767,0.977,0.30,0.40
2008.02.15 05:51:23.702,0.9767,0.977,0.30,0.40
2008.02.15 05:51:23.799,0.9767,0.977,0.30,0.40
2008.02.15 05:51:24.535,0.9767,0.977,0.30,0.40
2008.02.15 05:51:24.753,0.9767,0.977,0.30,0.40
2008.02.15 05:51:26.072,0.9767,0.977,0.30,0.40
2008.02.15 05:51:26.591,0.9767,0.977,0.30,0.40
2008.02.15 05:51:27.618,0.9767,0.977,0.30,0.40
2008.02.15 05:51:27.893,0.9767,0.977,0.30,0.40
2008.02.15 05:51:28.118,0.9768,0.97705,0.30,6.40
2008.02.15 05:51:28.281,0.9768,0.9771,0.30,0.40
2008.02.15 05:51:28.869,0.9768,0.9771,0.30,0.40
2008.02.15 05:51:29.025,0.9767,0.97705,1.00,3.30
2008.02.15 05:51:29.180,0.9767,0.97705,1.00,3.30
2008.02.15 05:51:29.411,0.9767,0.97705,1.00,3.30
2008.02.15 05:51:29.574,0.9767,0.97705,1.00,5.70
2008.02.15 05:51:29.738,0.9767,0.97705,1.00,5.60
2008.02.15 05:51:29.962,0.9767,0.9771,1.00,4.30
2008.02.15 05:51:30.126,0.9767,0.97705,1.00,0.20
2008.02.15 05:51:30.288,0.9767,0.97705,1.00,2.50
2008.02.15 05:51:30.506,0.9767,0.97705,1.00,5.70
2008.02.15 05:51:30.828,0.9767,0.97705,1.00,5.70
2008.02.15 05:51:31.046,0.9767,0.97705,1.00,0.20
2008.02.15 05:51:31.265,0.9767,0.9771,1.00,4.30
2008.02.15 05:51:31.463,0.9768,0.9771,0.30,0.40
2008.02.15 05:51:33.459,0.9768,0.9771,0.30,0.40
2008.02.15 05:51:33.603,0.9767,0.97705,1.00,0.90
2008.02.15 05:51:33.804,0.9767,0.97705,1.00,3.30
2008.02.15 05:51:33.967,0.9767,0.977,0.30,0.20
2008.02.15 05:51:34.110,0.97665,0.977,1.60,0.20
2008.02.15 05:51:34.256,0.97665,0.977,1.00,0.20
2008.02.15 05:51:34.412,0.97665,0.977,0.90,0.20
2008.02.15 05:51:34.686,0.97665,0.977,0.80,0.20
2008.02.15 05:51:36.560,0.9766,0.97695,0.60,0.20
2008.02.15 05:51:36.662,0.9766,0.97695,0.50,0.20
2008.02.15 05:51:36.817,0.9766,0.97695,0.80,0.20
2008.02.15 05:51:37.337,0.9766,0.97695,0.80,0.20
2008.02.15 05:51:39.393,0.9766,0.97695,0.80,0.20
2008.02.15 05:51:39.406,0.9766,0.97695,0.60,0.20
2008.02.15 05:51:40.577,0.9766,0.977,0.80,0.20
2008.02.15 05:51:41.017,0.97655,0.97695,1.60,0.20
2008.02.15 05:51:41.644,0.97655,0.97695,0.80,0.20
2008.02.15 05:51:42.355,0.97655,0.97695,0.80,0.20
2008.02.15 05:51:44.939,0.97655,0.9769,0.80,0.20
2008.02.15 05:51:45.046,0.97655,0.9769,0.80,0.20
2008.02.15 05:51:45.320,0.9765,0.9769,1.30,0.20
2008.02.15 05:51:45.690,0.9765,0.9769,2.40,0.20
2008.02.15 05:51:45.882,0.9765,0.9769,0.80,0.20
2008.02.15 05:51:48.031,0.9765,0.97685,0.30,0.20
2008.02.15 05:51:48.070,0.9765,0.97685,1.70,0.20
2008.02.15 05:51:49.406,0.9765,0.97685,2.50,0.20
2008.02.15 05:51:49.690,0.97645,0.9768,0.50,0.20
2008.02.15 05:51:50.063,0.97645,0.9768,0.80,0.20
2008.02.15 05:51:50.375,0.97645,0.9768,0.80,0.20
2008.02.15 05:51:50.482,0.97645,0.9768,0.80,0.20
2008.02.15 05:51:50.694,0.97645,0.9768,1.20,0.20
2008.02.15 05:51:50.851,0.97645,0.9768,0.70,0.20
2008.02.15 05:51:52.567,0.97645,0.9768,0.80,0.20
2008.02.15 05:51:53.849,0.97645,0.9768,0.80,0.20
2008.02.15 05:51:53.987,0.97645,0.9768,0.80,0.20
2008.02.15 05:51:54.198,0.97645,0.97685,0.80,0.20
2008.02.15 05:51:54.344,0.97645,0.97685,0.80,0.20
2008.02.15 05:51:56.183,0.97645,0.97685,0.80,0.20
2008.02.15 05:51:56.348,0.97655,0.97685,3.80,0.20
2008.02.15 05:51:56.437,0.97655,0.97685,3.80,0.20
2008.02.15 05:51:56.563,0.97655,0.97685,1.50,0.20
2008.02.15 05:51:56.652,0.9766,0.97695,0.30,4.90
2008.02.15 05:51:56.830,0.9766,0.97695,0.30,3.30
2008.02.15 05:51:57.015,0.9766,0.97695,0.30,3.30
2008.02.15 05:51:57.103,0.9766,0.97695,0.30,0.90
2008.02.15 05:51:57.825,0.9766,0.97695,0.30,0.20
2008.02.15 05:52:02.794,0.9766,0.97695,0.30,0.20
2008.02.15 05:52:07.542,0.9766,0.9769,0.30,0.20
2008.02.15 05:52:11.354,0.9766,0.9769,0.30,0.20
2008.02.15 05:52:11.454,0.97655,0.9769,6.40,0.20
2008.02.15 05:52:11.552,0.97655,0.9769,5.60,0.20
2008.02.15 05:52:11.841,0.97655,0.97685,4.80,0.20
2008.02.15 05:52:11.993,0.9765,0.97685,5.00,0.20
2008.02.15 05:52:15.452,0.9765,0.97685,5.00,0.20
2008.02.15 05:52:15.551,0.97655,0.97685,3.20,0.20
2008.02.15 05:52:15.819,0.97655,0.97685,3.20,0.20
2008.02.15 05:52:15.924,0.97655,0.97685,4.00,0.20
2008.02.15 05:52:16.055,0.97655,0.97685,4.00,0.20
2008.02.15 05:52:21.447,0.97655,0.97685,4.80,0.20
2008.02.15 05:52:21.606,0.97655,0.9768,4.00,0.20
2008.02.15 05:52:21.746,0.97655,0.9768,3.20,0.20
2008.02.15 05:52:21.991,0.97655,0.9768,3.20,0.20
2008.02.15 05:52:31.632,0.97655,0.9768,2.40,0.20
2008.02.15 05:52:39.408,0.97655,0.9768,0.60,0.20
2008.02.15 05:52:44.160,0.9765,0.97675,0.80,0.20
2008.02.15 05:52:44.323,0.9765,0.97675,0.30,0.20
2008.02.15 05:52:44.446,0.9765,0.9767,0.30,0.20
2008.02.15 05:52:44.565,0.97645,0.9767,1.40,0.20
2008.02.15 05:52:44.683,0.97645,0.9767,0.80,0.20
2008.02.15 05:52:44.941,0.97645,0.9767,1.40,0.20
2008.02.15 05:52:45.140,0.97645,0.9767,0.80,0.20
2008.02.15 05:52:45.863,0.97645,0.9767,0.80,0.20
2008.02.15 05:52:46.127,0.97645,0.9767,0.80,0.20
2008.02.15 05:52:48.502,0.97645,0.9767,0.80,0.20
2008.02.15 05:52:48.612,0.97645,0.97665,0.80,0.20
2008.02.15 05:52:48.724,0.97645,0.97665,0.80,0.20
2008.02.15 05:52:48.845,0.9764,0.97665,0.50,0.20
2008.02.15 05:52:49.734,0.9764,0.97665,0.80,0.20
2008.02.15 05:52:49.937,0.9764,0.97665,0.60,0.20
2008.02.15 05:52:50.136,0.9764,0.97665,0.30,0.20
2008.02.15 05:52:50.455,0.9764,0.97665,0.30,0.20
2008.02.15 05:52:50.575,0.97635,0.97665,0.80,0.20
2008.02.15 05:52:50.800,0.97635,0.97665,0.80,0.20
2008.02.15 05:52:50.918,0.97635,0.97665,0.80,0.20
2008.02.15 05:52:51.036,0.97635,0.9766,0.80,0.20
2008.02.15 05:52:53.237,0.97635,0.9766,1.20,0.20
2008.02.15 05:52:53.359,0.97635,0.9766,0.60,0.20
2008.02.15 05:52:53.616,0.97635,0.97665,0.70,0.20
2008.02.15 05:52:53.747,0.9764,0.97665,0.30,0.20
2008.02.15 05:52:56.882,0.9764,0.97665,0.30,0.20
2008.02.15 05:52:57.045,0.9764,0.97665,0.30,0.20
2008.02.15 05:52:57.343,0.9764,0.97665,0.80,0.20
2008.02.15 05:52:59.012,0.9764,0.97665,0.50,0.20
2008.02.15 05:52:59.185,0.9764,0.9767,0.80,0.40
2008.02.15 05:52:59.302,0.97645,0.9767,0.80,0.40
2008.02.15 05:52:59.598,0.97645,0.9767,0.80,0.40
2008.02.15 05:52:59.786,0.97645,0.9767,0.50,0.40
2008.02.15 05:53:01.080,0.97645,0.9767,2.30,0.40
2008.02.15 05:53:01.177,0.97645,0.97665,1.10,0.20
2008.02.15 05:53:01.275,0.97645,0.97665,0.80,0.20
2008.02.15 05:53:01.551,0.97645,0.97665,0.80,0.20
2008.02.15 05:53:03.420,0.97645,0.97665,1.80,0.20
2008.02.15 05:53:03.570,0.97645,0.97665,1.20,0.20
2008.02.15 05:53:03.799,0.97645,0.9767,1.40,0.40
2008.02.15 05:53:04.118,0.97645,0.9767,2.10,0.40
2008.02.15 05:53:04.346,0.97645,0.9767,0.80,0.40
2008.02.15 05:53:04.646,0.97645,0.9767,0.80,0.40
2008.02.15 05:53:04.874,0.9764,0.9767,0.30,0.40
2008.02.15 05:53:07.583,0.9764,0.9767,0.30,0.40
2008.02.15 05:53:08.425,0.9764,0.9767,0.30,0.40
2008.02.15 05:53:10.442,0.9764,0.9767,0.30,0.40
2008.02.15 05:53:11.280,0.9764,0.9767,0.30,0.40
2008.02.15 05:53:11.737,0.9764,0.9767,0.30,0.40
2008.02.15 05:53:11.880,0.97645,0.9767,0.80,0.40
2008.02.15 05:53:12.152,0.97645,0.9767,0.80,0.40
2008.02.15 05:53:12.391,0.97645,0.9767,3.20,0.40
2008.02.15 05:53:12.532,0.97645,0.9767,3.20,0.40
2008.02.15 05:53:14.568,0.97645,0.9767,4.00,0.40
2008.02.15 05:53:14.955,0.97645,0.9767,4.00,0.40
2008.02.15 05:53:15.153,0.97645,0.97665,0.80,0.20
2008.02.15 05:53:15.351,0.9764,0.97665,1.00,0.20
2008.02.15 05:53:15.598,0.9764,0.97665,1.00,0.20
2008.02.15 05:53:15.797,0.97645,0.9767,3.20,0.40
2008.02.15 05:53:16.807,0.97645,0.9767,3.20,0.40
2008.02.15 05:53:17.128,0.97645,0.9767,3.20,0.40
2008.02.15 05:53:17.337,0.97645,0.9767,0.80,0.40
2008.02.15 05:53:17.578,0.97645,0.97665,0.80,0.20
2008.02.15 05:53:18.466,0.97645,0.97665,0.80,0.20
2008.02.15 05:53:18.996,0.97645,0.97665,0.80,0.20
2008.02.15 05:53:19.435,0.97645,0.97665,2.40,0.20
2008.02.15 05:53:19.613,0.97645,0.97665,3.20,0.20
2008.02.15 05:53:19.807,0.97645,0.9767,4.00,0.40
2008.02.15 05:53:20.634,0.97645,0.9767,4.00,0.40
2008.02.15 05:53:22.111,0.97645,0.97665,4.00,0.20
2008.02.15 05:53:22.139,0.97645,0.97665,4.00,0.20
2008.02.15 05:53:22.212,0.97645,0.9767,4.00,0.20
2008.02.15 05:53:22.358,0.97645,0.9768,4.00,0.20
2008.02.15 05:53:22.372,0.97645,0.9768,3.20,0.20
2008.02.15 05:53:22.630,0.97645,0.9768,7.20,0.20
2008.02.15 05:53:22.993,0.97645,0.9768,8.00,0.20
2008.02.15 05:53:23.478,0.9765,0.9768,0.80,0.20
2008.02.15 05:53:23.798,0.97655,0.9768,0.80,0.20
2008.02.15 05:53:24.745,0.97655,0.9768,0.80,0.20
2008.02.15 05:53:25.334,0.97655,0.9768,0.80,0.20
2008.02.15 05:53:26.601,0.97655,0.9768,0.80,0.20
2008.02.15 05:53:26.742,0.97655,0.97675,0.80,0.20
2008.02.15 05:53:26.881,0.97655,0.97675,0.80,0.20
2008.02.15 05:53:26.970,0.97655,0.97675,0.80,0.20
2008.02.15 05:53:27.072,0.97655,0.97675,0.80,0.20
2008.02.15 05:53:27.364,0.9765,0.97675,0.80,0.20
2008.02.15 05:53:27.658,0.9765,0.97675,0.80,0.20
2008.02.15 05:53:28.616,0.9765,0.97675,0.80,0.20
2008.02.15 05:53:28.720,0.9765,0.97675,0.80,0.20
2008.02.15 05:53:29.170,0.9765,0.9768,0.80,0.20
2008.02.15 05:53:30.860,0.9765,0.9768,0.80,0.20
2008.02.15 05:53:32.309,0.9765,0.9768,0.80,0.20
2008.02.15 05:53:32.880,0.9765,0.9768,0.80,0.20
2008.02.15 05:53:35.954,0.9765,0.9768,0.80,0.20
2008.02.15 05:53:38.121,0.9765,0.9768,0.80,0.20
2008.02.15 05:53:38.254,0.9765,0.9768,0.80,0.20
2008.02.15 05:53:38.449,0.9765,0.9768,0.80,0.20
2008.02.15 05:53:39.055,0.9765,0.97675,0.80,0.20
2008.02.15 05:53:39.164,0.9765,0.97675,0.80,0.20
2008.02.15 05:53:39.279,0.9765,0.97675,0.80,0.20
2008.02.15 05:53:39.388,0.97645,0.97675,0.80,0.20
2008.02.15 05:53:39.723,0.97645,0.97675,0.80,0.20
2008.02.15 05:53:40.244,0.97645,0.97675,0.80,0.20
2008.02.15 05:53:40.432,0.97645,0.97675,0.80,2.50
2008.02.15 05:53:40.621,0.97645,0.9767,0.80,0.20
2008.02.15 05:53:40.809,0.97645,0.9767,0.80,0.40
2008.02.15 05:53:40.953,0.9764,0.9767,0.80,0.40
2008.02.15 05:53:41.096,0.9764,0.97675,1.00,0.20
2008.02.15 05:53:41.362,0.9764,0.97675,1.00,0.20
2008.02.15 05:53:41.505,0.97645,0.97675,0.80,0.20
2008.02.15 05:53:42.288,0.97645,0.97675,0.80,0.20
2008.02.15 05:53:43.714,0.97645,0.97675,0.80,0.20
2008.02.15 05:53:49.372,0.97645,0.97675,3.20,0.20
2008.02.15 05:53:49.516,0.9765,0.97675,0.30,0.20
2008.02.15 05:53:49.697,0.9765,0.97675,0.30,0.20
2008.02.15 05:53:49.708,0.9765,0.97685,0.30,0.20
2008.02.15 05:53:49.800,0.9765,0.97685,0.30,0.20
2008.02.15 05:53:49.920,0.9765,0.97685,0.30,0.20
2008.02.15 05:53:53.188,0.9765,0.97685,5.00,0.20
2008.02.15 05:53:54.483,0.9765,0.97685,5.00,0.20
2008.02.15 05:53:54.632,0.9765,0.9768,4.80,0.20
2008.02.15 05:53:54.870,0.9765,0.9768,4.80,0.20
2008.02.15 05:53:55.017,0.9765,0.9768,0.80,0.20
2008.02.15 05:53:56.634,0.9765,0.9768,0.80,0.20
2008.02.15 05:53:56.706,0.9765,0.97685,0.80,0.60
2008.02.15 05:53:56.816,0.9765,0.97685,0.80,0.20
2008.02.15 05:53:57.058,0.9765,0.9769,0.80,0.40
2008.02.15 05:53:57.131,0.97655,0.9769,0.80,0.40
2008.02.15 05:53:57.290,0.97655,0.9769,5.60,0.40
2008.02.15 05:53:57.381,0.97655,0.9769,10.40,0.40
2008.02.15 05:53:57.775,0.9766,0.9769,0.30,0.20
2008.02.15 05:53:58.301,0.9766,0.9769,0.30,0.20
2008.02.15 05:53:58.893,0.9766,0.9769,0.30,0.20
2008.02.15 05:54:00.134,0.9766,0.977,1.00,0.40
2008.02.15 05:54:00.272,0.9766,0.977,1.00,0.40
2008.02.15 05:54:00.460,0.9766,0.977,1.00,0.20
2008.02.15 05:54:00.649,0.97665,0.977,1.60,0.20
2008.02.15 05:54:01.851,0.97665,0.977,1.60,0.20
2008.02.15 05:54:02.049,0.97665,0.97705,5.40,0.20
2008.02.15 05:54:02.248,0.9767,0.97705,0.50,0.20
2008.02.15 05:54:02.447,0.97675,0.97705,0.60,0.60
2008.02.15 05:54:02.678,0.97675,0.977,0.60,0.20
2008.02.15 05:54:02.826,0.97675,0.977,0.60,0.20
2008.02.15 05:54:03.109,0.97675,0.977,0.60,0.20
2008.02.15 05:54:03.326,0.97675,0.977,0.60,0.20
2008.02.15 05:54:03.961,0.97665,0.977,1.10,0.20
2008.02.15 05:54:05.140,0.97665,0.977,1.10,0.20
2008.02.15 05:54:05.234,0.97665,0.977,1.10,0.20
2008.02.15 05:54:05.313,0.97675,0.977,2.40,0.20
2008.02.15 05:54:06.234,0.97675,0.97705,2.40,0.60
2008.02.15 05:54:06.581,0.97675,0.97705,2.40,0.20
2008.02.15 05:54:06.765,0.97675,0.97705,2.40,0.20
2008.02.15 05:54:07.141,0.97675,0.97705,2.40,0.20
2008.02.15 05:54:08.606,0.97675,0.97705,0.80,0.20
2008.02.15 05:54:08.730,0.9768,0.97705,0.30,0.20
2008.02.15 05:54:08.925,0.9768,0.97705,0.30,0.20
2008.02.15 05:54:09.123,0.9768,0.9771,0.30,0.20
2008.02.15 05:54:09.234,0.9768,0.9771,0.30,0.20
2008.02.15 05:54:09.347,0.97685,0.9771,2.40,0.20
2008.02.15 05:54:09.571,0.97685,0.9771,2.40,0.20
2008.02.15 05:54:09.698,0.97685,0.97705,2.40,0.20
2008.02.15 05:54:09.824,0.97685,0.97705,2.40,0.20
2008.02.15 05:54:10.158,0.97685,0.97705,2.40,0.20
2008.02.15 05:54:10.491,0.9768,0.9771,0.50,0.20
2008.02.15 05:54:10.902,0.9768,0.9771,0.50,0.20
2008.02.15 05:54:11.081,0.9768,0.9771,0.80,0.20
2008.02.15 05:54:11.383,0.9768,0.9771,0.80,0.20
2008.02.15 05:54:11.676,0.9768,0.9771,0.80,0.20
2008.02.15 05:54:11.851,0.9768,0.97715,0.80,2.50
2008.02.15 05:54:12.009,0.97685,0.97715,0.50,0.20
2008.02.15 05:54:12.167,0.97685,0.97715,0.80,0.20
2008.02.15 05:54:13.997,0.97685,0.97715,0.80,0.20
2008.02.15 05:54:14.095,0.9768,0.97715,0.60,0.20
2008.02.15 05:54:14.665,0.9768,0.97715,0.60,0.20
2008.02.15 05:54:14.763,0.9768,0.97715,0.60,3.30
2008.02.15 05:54:14.975,0.9768,0.97715,0.60,3.30
2008.02.15 05:54:14.991,0.9768,0.97715,0.60,3.30
2008.02.15 05:54:15.217,0.9768,0.9771,0.60,0.20
2008.02.15 05:54:16.036,0.9768,0.9771,0.50,0.20
2008.02.15 05:54:16.193,0.9768,0.97705,0.50,0.20
2008.02.15 05:54:16.413,0.97675,0.977,0.50,0.20
2008.02.15 05:54:16.572,0.97675,0.977,0.50,0.20
2008.02.15 05:54:16.813,0.97675,0.977,0.50,0.20
2008.02.15 05:54:16.972,0.97675,0.97705,0.50,0.20
2008.02.15 05:54:17.286,0.97675,0.97705,0.50,0.20
2008.02.15 05:54:17.528,0.97675,0.9771,0.50,0.20
2008.02.15 05:54:18.423,0.97675,0.9771,0.50,0.20
2008.02.15 05:54:18.886,0.97675,0.9771,0.50,0.20
2008.02.15 05:54:19.123,0.97675,0.9771,0.50,0.20
2008.02.15 05:54:19.249,0.9767,0.97705,4.60,0.20
2008.02.15 05:54:19.358,0.9767,0.97705,0.60,0.20
2008.02.15 05:54:19.629,0.9767,0.97705,0.60,0.20
2008.02.15 05:54:19.663,0.9767,0.97705,0.30,0.20
2008.02.15 05:54:19.812,0.9767,0.9771,4.20,0.20
2008.02.15 05:54:20.096,0.9767,0.97705,4.20,0.20
2008.02.15 05:54:20.206,0.9767,0.97705,4.20,0.20
2008.02.15 05:54:20.614,0.9767,0.9771,0.30,0.20
2008.02.15 05:54:20.908,0.9767,0.9771,4.20,0.20
2008.02.15 05:54:21.864,0.9767,0.9771,4.20,0.20
2008.02.15 05:54:22.072,0.9767,0.9771,4.60,0.20
2008.02.15 05:54:22.219,0.9767,0.97705,4.60,0.20
2008.02.15 05:54:22.363,0.9767,0.97705,4.60,0.20
2008.02.15 05:54:22.531,0.9767,0.97705,0.60,0.20
2008.02.15 05:54:23.137,0.9767,0.97705,0.60,0.20
2008.02.15 05:54:23.387,0.9767,0.97705,0.60,0.20
2008.02.15 05:54:23.593,0.9767,0.9771,4.60,0.20
2008.02.15 05:54:23.936,0.9768,0.9771,0.30,0.20
2008.02.15 05:54:24.119,0.9768,0.9771,0.30,0.20
2008.02.15 05:54:24.454,0.9768,0.9771,0.30,0.20
2008.02.15 05:54:24.637,0.9768,0.9771,0.30,0.20
2008.02.15 05:54:24.821,0.9768,0.9771,0.30,0.20
2008.02.15 05:54:25.004,0.9768,0.9771,0.30,0.20
2008.02.15 05:54:25.187,0.9768,0.9771,0.30,0.20
2008.02.15 05:54:25.371,0.9768,0.9771,0.30,0.20
2008.02.15 05:54:25.669,0.9768,0.9771,0.30,0.20
2008.02.15 05:54:25.856,0.9768,0.9771,0.30,0.20
2008.02.15 05:54:26.034,0.9768,0.9771,0.30,0.20
2008.02.15 05:54:26.212,0.9768,0.97705,0.30,0.20
2008.02.15 05:54:26.390,0.97675,0.97705,4.40,0.20
2008.02.15 05:54:26.638,0.97675,0.97705,4.00,0.20
2008.02.15 05:54:26.961,0.97675,0.97705,4.00,0.20
2008.02.15 05:54:27.208,0.9767,0.97705,0.30,0.20
2008.02.15 05:54:27.757,0.9767,0.97705,0.30,0.20
2008.02.15 05:54:27.910,0.97665,0.977,6.80,0.20
2008.02.15 05:54:28.094,0.97665,0.977,10.80,0.20
2008.02.15 05:54:28.248,0.9767,0.97705,0.50,0.20
2008.02.15 05:54:28.414,0.9767,0.97705,0.60,0.20
2008.02.15 05:54:28.614,0.9767,0.97705,0.60,0.20
2008.02.15 05:54:28.858,0.9767,0.977,0.50,0.20
2008.02.15 05:54:29.144,0.97665,0.977,4.00,0.20
2008.02.15 05:54:29.386,0.97665,0.97695,4.00,0.20
2008.02.15 05:54:29.630,0.97665,0.97695,4.00,0.20
2008.02.15 05:54:29.822,0.9766,0.977,0.60,0.40
2008.02.15 05:54:29.998,0.9767,0.977,0.30,0.20
2008.02.15 05:54:30.173,0.9767,0.977,0.30,0.20
2008.02.15 05:54:30.496,0.9767,0.977,0.30,0.20
2008.02.15 05:54:30.669,0.9767,0.97705,0.30,0.20
2008.02.15 05:54:30.929,0.97675,0.9769,0.80,0.40
2008.02.15 05:54:31.224,0.97665,0.97685,0.80,0.20
2008.02.15 05:54:31.486,0.9766,0.977,0.60,4.10
2008.02.15 05:54:31.744,0.9766,0.977,4.60,0.20
2008.02.15 05:54:32.246,0.9766,0.977,4.60,0.20
2008.02.15 05:54:32.517,0.97675,0.97705,2.40,0.90
2008.02.15 05:54:32.725,0.97675,0.97705,3.20,0.20
2008.02.15 05:54:32.945,0.97665,0.97695,0.50,0.20
2008.02.15 05:54:33.091,0.97665,0.97695,0.50,0.20
2008.02.15 05:54:33.358,0.97665,0.97695,0.50,0.20
2008.02.15 05:54:33.498,0.97665,0.97695,0.50,0.20
2008.02.15 05:54:33.638,0.97665,0.97695,0.50,0.20
2008.02.15 05:54:33.844,0.97665,0.977,0.50,0.40
2008.02.15 05:54:34.039,0.97665,0.97705,0.50,6.40
2008.02.15 05:54:34.235,0.97675,0.9771,2.40,0.50
2008.02.15 05:54:34.461,0.9768,0.97715,0.30,0.20
2008.02.15 05:54:34.653,0.9768,0.9771,0.30,0.20
2008.02.15 05:54:34.878,0.9768,0.9771,0.30,0.20
2008.02.15 05:54:35.273,0.9768,0.9771,0.30,0.20
2008.02.15 05:54:35.537,0.9768,0.97715,0.30,0.20
2008.02.15 05:54:35.793,0.9768,0.97715,0.60,0.20
2008.02.15 05:54:36.052,0.9768,0.9771,0.60,0.20
2008.02.15 05:54:36.280,0.9768,0.9771,4.60,0.20
2008.02.15 05:54:36.510,0.9768,0.9771,0.30,0.20
2008.02.15 05:54:37.385,0.9768,0.9771,0.30,0.20
2008.02.15 05:54:37.524,0.9768,0.9771,0.30,0.20
2008.02.15 05:54:37.710,0.9768,0.9771,0.30,0.20
2008.02.15 05:54:37.850,0.9768,0.9771,0.30,0.20
2008.02.15 05:54:38.049,0.9768,0.9771,0.30,0.20
2008.02.15 05:54:38.252,0.9768,0.9771,0.30,0.20
2008.02.15 05:54:38.456,0.9768,0.9771,0.30,0.20
2008.02.15 05:54:38.739,0.9769,0.97715,0.30,6.50
2008.02.15 05:54:38.940,0.9769,0.97715,0.30,0.20
2008.02.15 05:54:40.146,0.9769,0.97715,0.30,0.20
2008.02.15 05:54:41.846,0.9769,0.97715,0.30,0.20
2008.02.15 05:54:46.879,0.9769,0.97715,0.30,0.20
2008.02.15 05:54:47.484,0.9769,0.97715,0.30,0.20
2008.02.15 05:54:47.788,0.9769,0.97715,0.30,0.20
2008.02.15 05:54:47.903,0.9769,0.9772,0.30,0.40
2008.02.15 05:54:48.022,0.9769,0.9772,0.30,0.20
2008.02.15 05:54:48.141,0.9769,0.9772,0.30,0.20
2008.02.15 05:54:48.511,0.9769,0.9772,0.30,0.20
2008.02.15 05:54:50.316,0.9769,0.97715,0.30,0.20
2008.02.15 05:54:50.575,0.9769,0.97715,0.30,0.20
2008.02.15 05:54:50.757,0.9769,0.97715,0.30,0.20
2008.02.15 05:54:50.949,0.9769,0.9772,0.30,0.20
2008.02.15 05:54:51.133,0.9769,0.9772,0.30,0.20
2008.02.15 05:54:51.500,0.9769,0.9772,0.30,0.20
2008.02.15 05:54:53.101,0.9769,0.9772,0.30,0.20
2008.02.15 05:55:00.562,0.9769,0.9772,0.30,0.20
2008.02.15 05:55:02.116,0.9769,0.9772,0.30,0.20
2008.02.15 05:55:02.322,0.977,0.9773,0.30,4.10
2008.02.15 05:55:02.526,0.977,0.97725,0.30,0.20
2008.02.15 05:55:02.803,0.977,0.97725,0.30,0.20
2008.02.15 05:55:03.018,0.977,0.97725,0.30,0.20
2008.02.15 05:55:03.429,0.977,0.97725,0.30,0.20
2008.02.15 05:55:03.849,0.977,0.9773,0.30,0.40
2008.02.15 05:55:03.928,0.977,0.9772,0.30,0.20
2008.02.15 05:55:04.154,0.977,0.9772,0.30,0.20
2008.02.15 05:55:04.308,0.9769,0.97725,0.30,0.20
2008.02.15 05:55:04.608,0.9769,0.97725,0.30,0.20
2008.02.15 05:55:05.623,0.9769,0.97725,0.30,0.20
2008.02.15 05:55:06.070,0.9769,0.97725,0.30,0.20
2008.02.15 05:55:06.426,0.9769,0.97725,0.30,0.20
2008.02.15 05:55:06.714,0.9769,0.97725,0.60,0.20
2008.02.15 05:55:07.044,0.9769,0.97725,0.60,0.20
2008.02.15 05:55:07.423,0.9769,0.9772,0.30,0.20
2008.02.15 05:55:07.731,0.9769,0.9772,0.30,0.20
2008.02.15 05:55:08.166,0.9769,0.9772,0.30,0.20
2008.02.15 05:55:08.333,0.9768,0.9771,4.20,0.20
2008.02.15 05:55:08.502,0.9769,0.9771,0.30,0.20
2008.02.15 05:55:08.722,0.9769,0.9772,0.30,4.10
2008.02.15 05:55:09.036,0.9769,0.9772,0.30,0.20
2008.02.15 05:55:10.061,0.9769,0.9772,0.30,0.20
2008.02.15 05:55:10.312,0.9769,0.97715,0.30,0.20
2008.02.15 05:55:10.491,0.97685,0.97715,0.80,0.20
2008.02.15 05:55:10.746,0.9768,0.9771,0.30,0.20
2008.02.15 05:55:11.126,0.9768,0.9771,0.30,0.20
2008.02.15 05:55:11.316,0.9768,0.9771,0.30,0.20
2008.02.15 05:55:13.013,0.9768,0.9771,0.30,0.20
2008.02.15 05:55:13.122,0.9768,0.97715,0.30,0.20
2008.02.15 05:55:13.232,0.9769,0.97715,0.30,0.20
2008.02.15 05:55:13.371,0.9769,0.97715,0.30,0.20
2008.02.15 05:55:13.518,0.9769,0.97715,0.30,0.20
2008.02.15 05:55:13.626,0.9769,0.9772,0.30,0.20
2008.02.15 05:55:13.876,0.9769,0.9772,0.30,0.20
2008.02.15 05:55:15.806,0.9769,0.97715,0.30,0.20
2008.02.15 05:55:15.947,0.9769,0.97715,0.30,0.20
2008.02.15 05:55:16.151,0.9768,0.9771,0.30,0.20
2008.02.15 05:55:16.427,0.9768,0.9772,0.30,0.20
2008.02.15 05:55:16.630,0.9769,0.9772,0.30,0.20
2008.02.15 05:55:16.874,0.9769,0.97715,0.30,0.20
2008.02.15 05:55:17.144,0.9768,0.97715,0.30,0.20
2008.02.15 05:55:17.423,0.9768,0.9772,0.30,0.20
2008.02.15 05:55:17.750,0.9768,0.9772,4.20,0.20
2008.02.15 05:55:18.227,0.9768,0.97715,0.30,0.20
2008.02.15 05:55:18.814,0.9768,0.9772,0.30,0.20
2008.02.15 05:55:19.034,0.97685,0.9772,3.20,0.20
2008.02.15 05:55:19.479,0.9769,0.9772,0.30,0.20
2008.02.15 05:55:19.730,0.9769,0.9772,0.30,0.20
2008.02.15 05:55:19.954,0.9769,0.9772,0.30,0.20
2008.02.15 05:55:20.157,0.977,0.97725,0.30,0.20
2008.02.15 05:55:20.385,0.977,0.9772,0.30,0.20
2008.02.15 05:55:20.614,0.9769,0.9772,0.30,0.20
2008.02.15 05:55:22.636,0.9769,0.9772,0.30,0.20
2008.02.15 05:55:24.958,0.9769,0.9772,0.30,0.20
2008.02.15 05:55:25.075,0.9769,0.9772,0.30,0.20
2008.02.15 05:55:25.752,0.9769,0.9772,0.30,0.20
2008.02.15 05:55:25.822,0.9769,0.9772,0.30,0.20
2008.02.15 05:55:32.419,0.9769,0.9772,0.30,0.20
2008.02.15 05:55:32.523,0.9769,0.9772,0.30,0.20
2008.02.15 05:55:34.399,0.9769,0.9772,0.30,0.20
2008.02.15 05:55:34.475,0.9769,0.9772,0.30,0.20
2008.02.15 05:55:34.564,0.9769,0.9772,0.30,0.20
2008.02.15 05:55:36.613,0.9769,0.9772,0.30,0.20
2008.02.15 05:55:36.760,0.97685,0.97715,1.30,0.20
2008.02.15 05:55:36.930,0.9768,0.97715,0.30,0.20
2008.02.15 05:55:37.174,0.9768,0.97715,0.30,0.20
2008.02.15 05:55:37.444,0.9768,0.97715,0.30,0.20
2008.02.15 05:55:37.602,0.9768,0.97715,0.30,0.20
2008.02.15 05:55:37.827,0.9768,0.9771,0.30,0.20
2008.02.15 05:55:38.107,0.9768,0.9771,0.30,0.20
2008.02.15 05:55:38.362,0.9768,0.97715,0.30,0.20
2008.02.15 05:55:39.075,0.9768,0.97715,0.30,0.20
2008.02.15 05:55:39.233,0.9768,0.9771,0.30,0.20
2008.02.15 05:55:39.543,0.9768,0.9771,0.30,0.20
2008.02.15 05:55:42.623,0.9768,0.9771,0.30,0.20
2008.02.15 05:55:44.659,0.9768,0.9771,0.30,0.20
2008.02.15 05:55:45.411,0.9767,0.9771,1.90,0.20
2008.02.15 05:55:45.550,0.9767,0.9771,1.40,0.20
2008.02.15 05:55:45.690,0.9767,0.97705,1.40,0.20
2008.02.15 05:55:46.392,0.9767,0.97705,1.50,0.20
2008.02.15 05:55:46.638,0.9767,0.97705,0.30,0.20
2008.02.15 05:55:48.140,0.9767,0.97705,0.30,0.20
2008.02.15 05:55:48.282,0.9767,0.97705,0.30,0.20
2008.02.15 05:55:48.355,0.9767,0.97705,1.40,0.20
2008.02.15 05:55:48.518,0.9767,0.97705,0.60,0.20
2008.02.15 05:55:48.608,0.9767,0.97705,0.80,0.20
2008.02.15 05:55:48.684,0.97675,0.9771,1.80,0.20
2008.02.15 05:55:51.427,0.9768,0.9771,0.30,0.20
2008.02.15 05:55:51.609,0.9768,0.9771,0.30,0.20
2008.02.15 05:55:51.729,0.9768,0.9771,0.30,0.20
2008.02.15 05:55:51.905,0.9768,0.9771,0.30,0.20
2008.02.15 05:55:52.140,0.9768,0.9771,0.30,0.20
2008.02.15 05:55:53.397,0.9768,0.9771,0.30,0.20
2008.02.15 05:55:53.795,0.9768,0.9771,0.30,0.20
2008.02.15 05:55:58.135,0.9768,0.9771,0.30,0.20
2008.02.15 05:55:58.642,0.9768,0.9771,0.30,0.20
2008.02.15 05:56:00.389,0.9768,0.9771,0.30,0.20
2008.02.15 05:56:00.632,0.9768,0.9771,0.30,0.20
2008.02.15 05:56:00.907,0.9768,0.9771,0.30,0.20
2008.02.15 05:56:01.128,0.97685,0.9771,1.30,0.20
2008.02.15 05:56:01.577,0.97685,0.97715,1.20,0.20
2008.02.15 05:56:01.806,0.9769,0.97715,0.30,0.20
2008.02.15 05:56:06.138,0.9769,0.97715,0.30,0.20
2008.02.15 05:56:06.360,0.9769,0.97715,0.30,0.20
2008.02.15 05:56:06.489,0.9769,0.9772,0.30,0.20
2008.02.15 05:56:06.692,0.9769,0.9772,0.30,0.20
2008.02.15 05:56:08.081,0.9769,0.9772,0.30,0.20
2008.02.15 05:56:09.758,0.9769,0.9772,0.30,0.20
2008.02.15 05:56:12.574,0.9769,0.9772,0.30,0.20
2008.02.15 05:56:12.790,0.9769,0.9772,0.30,0.20
2008.02.15 05:56:12.897,0.9769,0.9772,0.30,0.20
2008.02.15 05:56:17.993,0.9769,0.9772,0.30,0.20
2008.02.15 05:56:18.102,0.9769,0.97715,0.30,0.20
2008.02.15 05:56:18.232,0.9769,0.97715,0.30,0.20
2008.02.15 05:56:18.478,0.9769,0.97715,0.30,0.20
2008.02.15 05:56:18.512,0.9769,0.97725,0.30,3.30
2008.02.15 05:56:18.621,0.977,0.97725,0.30,0.20
2008.02.15 05:56:18.915,0.977,0.97725,0.30,0.20
2008.02.15 05:56:19.022,0.977,0.97725,0.30,0.20
2008.02.15 05:56:19.372,0.977,0.97725,0.30,0.20
2008.02.15 05:56:20.521,0.977,0.97725,0.30,0.20
2008.02.15 05:56:21.248,0.977,0.97725,0.30,0.20
2008.02.15 05:56:21.632,0.9769,0.97725,0.30,0.20
2008.02.15 05:56:21.854,0.9769,0.97725,0.30,0.20
2008.02.15 05:56:21.965,0.9769,0.97725,0.30,2.50
2008.02.15 05:56:22.159,0.9769,0.97725,0.30,2.50
2008.02.15 05:56:24.375,0.9769,0.97725,0.30,2.50
2008.02.15 05:56:24.463,0.9769,0.97725,0.30,0.20
2008.02.15 05:56:24.676,0.9769,0.97725,0.30,0.20
2008.02.15 05:56:24.850,0.9769,0.97725,0.30,0.20
2008.02.15 05:56:24.941,0.9769,0.9773,0.30,0.20
2008.02.15 05:56:25.064,0.977,0.9773,0.30,0.20
2008.02.15 05:56:25.151,0.97705,0.9773,6.40,0.20
2008.02.15 05:56:25.449,0.9771,0.97745,0.30,3.30
2008.02.15 05:56:25.876,0.9771,0.97745,0.30,3.30
2008.02.15 05:56:27.101,0.9771,0.97745,0.30,3.30
2008.02.15 05:56:27.930,0.9771,0.97745,0.30,3.30
2008.02.15 05:56:28.643,0.9771,0.97745,0.30,3.30
2008.02.15 05:56:29.235,0.9771,0.97745,0.30,3.30
2008.02.15 05:56:30.376,0.9771,0.97745,0.30,3.30
2008.02.15 05:56:30.901,0.9771,0.97745,0.30,3.30
2008.02.15 05:56:31.780,0.9771,0.97745,0.30,3.30
2008.02.15 05:56:31.793,0.977,0.97745,4.20,3.30
2008.02.15 05:56:31.942,0.977,0.97735,4.20,0.20
2008.02.15 05:56:32.101,0.977,0.97735,4.20,0.20
2008.02.15 05:56:32.408,0.977,0.97735,0.30,0.20
2008.02.15 05:56:32.555,0.977,0.97735,0.30,3.30
2008.02.15 05:56:32.937,0.977,0.97735,0.30,3.30
2008.02.15 05:56:33.361,0.977,0.97735,0.30,3.30
2008.02.15 05:56:33.850,0.977,0.9773,0.30,0.50
2008.02.15 05:56:34.076,0.977,0.9773,0.30,0.50
2008.02.15 05:56:34.588,0.977,0.9773,0.30,0.50
2008.02.15 05:56:34.682,0.977,0.97735,0.30,0.20
2008.02.15 05:56:34.781,0.977,0.97735,0.30,3.30
2008.02.15 05:56:34.926,0.977,0.97735,0.30,3.30
2008.02.15 05:56:35.109,0.977,0.97735,0.30,3.20
2008.02.15 05:56:35.203,0.977,0.9774,0.30,0.20
2008.02.15 05:56:35.302,0.977,0.9774,0.30,0.20
2008.02.15 05:56:35.510,0.977,0.9774,0.30,0.20
2008.02.15 05:56:35.829,0.977,0.9774,0.30,0.20
2008.02.15 05:56:36.138,0.977,0.9774,0.30,0.20
2008.02.15 05:56:36.503,0.977,0.9773,4.20,0.50
2008.02.15 05:56:36.768,0.977,0.9773,0.30,0.50
2008.02.15 05:56:37.065,0.977,0.9773,0.30,0.50
2008.02.15 05:56:37.263,0.977,0.9773,0.30,0.50
2008.02.15 05:56:37.462,0.977,0.9773,0.30,0.40
2008.02.15 05:56:37.737,0.977,0.9773,0.30,0.20
2008.02.15 05:56:37.940,0.977,0.9773,0.30,0.20
2008.02.15 05:56:38.144,0.97705,0.9774,2.40,4.30
2008.02.15 05:56:38.406,0.97705,0.9774,5.60,4.30
2008.02.15 05:56:38.608,0.9771,0.9774,0.30,4.00
2008.02.15 05:56:39.098,0.9771,0.9774,0.30,4.00
2008.02.15 05:56:39.377,0.9771,0.97745,0.30,0.20
2008.02.15 05:56:42.620,0.9771,0.97745,0.30,0.20
2008.02.15 05:56:43.907,0.9771,0.97745,0.30,0.20
2008.02.15 05:56:44.958,0.9771,0.97745,0.30,0.20
2008.02.15 05:56:45.172,0.9771,0.97735,0.30,0.20
2008.02.15 05:56:45.343,0.9771,0.97735,0.30,0.20
2008.02.15 05:56:45.528,0.9771,0.97735,0.30,0.20
2008.02.15 05:56:45.732,0.9771,0.97735,0.30,0.20
2008.02.15 05:56:45.867,0.9771,0.97735,0.30,0.20
2008.02.15 05:56:46.141,0.9771,0.9774,0.30,0.20
2008.02.15 05:56:46.523,0.9771,0.9774,0.30,0.20
2008.02.15 05:56:46.712,0.9771,0.97735,0.30,0.20
2008.02.15 05:56:46.932,0.9771,0.97735,0.30,0.20
2008.02.15 05:56:47.114,0.9771,0.97735,0.30,0.20
2008.02.15 05:56:47.767,0.9771,0.97735,0.30,0.20
2008.02.15 05:56:47.950,0.9771,0.9774,0.30,0.20
2008.02.15 05:56:48.121,0.9771,0.9774,0.30,0.20
2008.02.15 05:56:48.871,0.9771,0.9774,0.30,0.20
2008.02.15 05:56:49.022,0.9771,0.97735,0.30,0.20
2008.02.15 05:56:49.249,0.9771,0.97735,0.30,3.30
2008.02.15 05:56:49.536,0.977,0.9773,2.40,0.20
2008.02.15 05:56:49.751,0.977,0.9773,1.70,0.20
2008.02.15 05:56:49.964,0.977,0.9773,0.30,0.20
2008.02.15 05:56:50.177,0.977,0.97735,0.30,0.20
2008.02.15 05:56:50.375,0.977,0.9774,1.60,0.20
2008.02.15 05:56:50.575,0.9771,0.97745,0.30,0.20
2008.02.15 05:56:50.772,0.9771,0.97745,0.30,0.20
2008.02.15 05:56:51.494,0.9771,0.97745,0.30,0.20
2008.02.15 05:56:51.743,0.9771,0.9774,0.30,0.20
2008.02.15 05:56:52.402,0.9771,0.9774,0.30,0.20
2008.02.15 05:56:52.674,0.9771,0.97745,0.30,0.20
2008.02.15 05:56:53.223,0.9771,0.97745,0.30,0.20
2008.02.15 05:56:53.358,0.9771,0.97745,0.30,0.20
2008.02.15 05:56:53.580,0.9771,0.97745,1.20,0.20
2008.02.15 05:56:53.774,0.9771,0.9774,0.30,0.20
2008.02.15 05:56:54.331,0.9771,0.9774,0.30,0.20
2008.02.15 05:56:54.469,0.9771,0.97745,0.30,0.20
2008.02.15 05:56:54.680,0.9771,0.97745,0.30,0.20
2008.02.15 05:56:55.093,0.9771,0.97745,0.30,0.20
2008.02.15 05:56:55.231,0.9771,0.9774,0.70,0.20
2008.02.15 05:56:55.370,0.9771,0.9774,1.70,0.20
2008.02.15 05:56:55.614,0.9771,0.9774,0.50,0.20
2008.02.15 05:56:57.965,0.9771,0.9774,0.30,0.20
2008.02.15 05:56:58.039,0.9771,0.97735,0.30,0.20
2008.02.15 05:56:58.368,0.9771,0.97735,0.30,0.20
2008.02.15 05:56:58.635,0.977,0.97735,1.00,0.20
2008.02.15 05:57:00.223,0.977,0.97735,2.20,0.20
2008.02.15 05:57:03.286,0.977,0.97735,0.80,0.20
2008.02.15 05:57:08.620,0.977,0.97735,1.60,0.20
2008.02.15 05:57:08.954,0.977,0.97735,0.60,0.20
2008.02.15 05:57:09.127,0.977,0.9773,1.30,0.20
2008.02.15 05:57:09.286,0.977,0.9773,0.30,0.20
2008.02.15 05:57:09.662,0.977,0.9773,0.30,0.20
2008.02.15 05:57:09.821,0.977,0.9774,0.30,0.40
2008.02.15 05:57:10.040,0.9771,0.9774,0.30,0.20
2008.02.15 05:57:10.259,0.9771,0.97735,0.30,0.20
2008.02.15 05:57:10.682,0.9771,0.97735,0.30,0.20
2008.02.15 05:57:10.922,0.977,0.9773,0.30,0.20
2008.02.15 05:57:11.204,0.977,0.9773,0.30,0.20
2008.02.15 05:57:11.448,0.977,0.9773,0.30,0.20
2008.02.15 05:57:12.206,0.977,0.97725,0.30,0.20
2008.02.15 05:57:12.461,0.977,0.97725,0.30,0.20
2008.02.15 05:57:12.640,0.977,0.97725,0.30,0.20
2008.02.15 05:57:13.191,0.977,0.97725,0.30,0.20
2008.02.15 05:57:13.414,0.977,0.97725,0.30,0.20
2008.02.15 05:57:14.366,0.977,0.97725,0.30,0.20
2008.02.15 05:57:15.114,0.977,0.9773,0.30,0.40
2008.02.15 05:57:15.267,0.977,0.9773,0.30,0.20
2008.02.15 05:57:16.596,0.977,0.9773,0.30,0.20
2008.02.15 05:57:20.048,0.977,0.97725,0.30,0.20
2008.02.15 05:57:20.235,0.977,0.97725,0.30,0.20
2008.02.15 05:57:20.457,0.977,0.97725,0.30,0.20
2008.02.15 05:57:20.744,0.977,0.97725,0.30,0.20
2008.02.15 05:57:20.968,0.977,0.9773,0.30,0.20
2008.02.15 05:57:21.263,0.977,0.9773,0.30,0.20
2008.02.15 05:57:22.593,0.977,0.9773,0.30,0.20
2008.02.15 05:57:22.735,0.97705,0.97735,2.40,0.20
2008.02.15 05:57:23.045,0.97705,0.9774,2.40,0.70
2008.02.15 05:57:23.240,0.9771,0.9774,0.30,0.70
2008.02.15 05:57:25.898,0.9771,0.9774,0.30,0.50
2008.02.15 05:57:26.018,0.9771,0.9774,0.30,0.50
2008.02.15 05:57:26.328,0.9771,0.9774,0.30,0.50
2008.02.15 05:57:26.446,0.9771,0.97745,0.30,2.50
2008.02.15 05:57:27.581,0.9771,0.97745,0.30,3.20
2008.02.15 05:57:27.694,0.9771,0.9775,0.30,0.20
2008.02.15 05:57:27.864,0.9771,0.9775,4.20,0.20
2008.02.15 05:57:29.092,0.9771,0.9775,4.20,0.20
2008.02.15 05:57:29.864,0.9771,0.9775,4.20,0.20
2008.02.15 05:57:30.251,0.9771,0.97745,4.20,2.40
2008.02.15 05:57:30.351,0.9771,0.97745,4.20,3.20
2008.02.15 05:57:30.605,0.9771,0.97745,4.20,3.20
2008.02.15 05:57:30.915,0.9771,0.9774,0.30,0.20
2008.02.15 05:57:31.203,0.9771,0.9774,0.30,0.40
2008.02.15 05:57:31.637,0.9771,0.9774,0.30,0.40
2008.02.15 05:57:32.151,0.9771,0.9774,0.30,0.70
2008.02.15 05:57:33.831,0.9771,0.9774,0.30,0.70
2008.02.15 05:57:35.233,0.9771,0.9774,0.30,0.20
2008.02.15 05:57:35.339,0.9771,0.9774,0.30,0.20
2008.02.15 05:57:35.492,0.9771,0.9774,0.30,0.20
2008.02.15 05:57:35.972,0.9771,0.9774,0.30,0.20
2008.02.15 05:57:36.220,0.9771,0.9774,0.30,0.40
2008.02.15 05:57:38.355,0.9771,0.9774,0.30,0.40
2008.02.15 05:57:41.142,0.97705,0.9774,2.40,0.50
2008.02.15 05:57:41.370,0.977,0.9774,4.20,0.50
2008.02.15 05:57:41.644,0.977,0.9774,0.30,0.20
2008.02.15 05:57:42.150,0.977,0.9774,0.30,0.20
2008.02.15 05:57:45.657,0.977,0.9774,0.30,0.20
2008.02.15 05:57:45.796,0.977,0.97735,0.30,0.20
2008.02.15 05:57:46.006,0.977,0.97735,0.30,0.20
2008.02.15 05:57:46.322,0.977,0.97735,0.30,0.20
2008.02.15 05:57:48.097,0.977,0.97735,0.30,0.20
2008.02.15 05:57:48.571,0.977,0.97735,0.30,0.20
2008.02.15 05:57:48.735,0.977,0.9773,0.30,0.20
2008.02.15 05:57:48.905,0.977,0.9773,0.30,0.20
2008.02.15 05:57:49.068,0.977,0.9773,0.30,0.20
2008.02.15 05:57:49.232,0.977,0.97735,0.30,4.10
2008.02.15 05:57:49.395,0.977,0.97735,0.30,0.50
2008.02.15 05:57:50.749,0.977,0.97735,0.30,0.50
2008.02.15 05:57:50.858,0.977,0.97735,0.30,0.20
2008.02.15 05:57:52.114,0.977,0.97735,0.30,0.20
2008.02.15 05:57:52.312,0.977,0.97735,0.30,3.30
2008.02.15 05:57:52.555,0.977,0.9773,0.30,0.20
2008.02.15 05:57:52.685,0.977,0.9773,0.30,0.20
2008.02.15 05:57:52.798,0.9769,0.9773,0.30,0.20
2008.02.15 05:57:52.910,0.9769,0.9773,0.30,0.20
2008.02.15 05:57:53.031,0.9769,0.9773,0.30,0.20
2008.02.15 05:57:54.338,0.9769,0.9773,0.30,0.20
2008.02.15 05:57:54.893,0.9769,0.9773,0.30,0.20
2008.02.15 05:57:54.988,0.9769,0.9773,0.30,0.20
2008.02.15 05:57:55.096,0.9769,0.97735,0.30,9.70
2008.02.15 05:57:55.205,0.97695,0.97735,2.40,3.30
2008.02.15 05:57:55.476,0.97695,0.97735,2.40,3.30
2008.02.15 05:57:55.606,0.977,0.97735,0.30,3.30
2008.02.15 05:57:57.843,0.977,0.97735,0.30,3.30
2008.02.15 05:57:58.011,0.97695,0.9773,2.40,0.20
2008.02.15 05:57:58.179,0.9769,0.9773,0.30,4.10
2008.02.15 05:57:58.512,0.97695,0.9773,2.40,4.00
2008.02.15 05:57:58.758,0.9769,0.97735,0.30,9.70
2008.02.15 05:57:59.175,0.9769,0.9773,0.30,4.10
2008.02.15 05:58:01.139,0.9769,0.9773,0.30,4.10
2008.02.15 05:58:01.306,0.9769,0.97725,0.30,3.30
2008.02.15 05:58:01.575,0.9769,0.9772,0.30,0.20
2008.02.15 05:58:01.738,0.9769,0.9772,0.30,0.20
2008.02.15 05:58:03.262,0.9769,0.9772,0.30,0.20
2008.02.15 05:58:03.651,0.9769,0.9772,0.30,0.20
2008.02.15 05:58:04.148,0.97695,0.9772,2.40,0.20
2008.02.15 05:58:04.417,0.97695,0.9772,2.40,0.20
2008.02.15 05:58:04.680,0.977,0.97725,0.30,0.80
2008.02.15 05:58:05.063,0.977,0.97725,0.30,0.80
2008.02.15 05:58:05.307,0.977,0.97725,0.30,0.80
2008.02.15 05:58:05.467,0.9769,0.9772,0.30,0.40
2008.02.15 05:58:05.625,0.9769,0.9772,0.30,0.40
2008.02.15 05:58:05.955,0.9769,0.9772,0.30,0.40
2008.02.15 05:58:06.206,0.9769,0.9772,0.30,0.40
2008.02.15 05:58:07.105,0.9769,0.9772,0.30,0.40
2008.02.15 05:58:07.385,0.9769,0.9772,0.30,0.20
2008.02.15 05:58:08.121,0.9769,0.9772,0.30,0.20
2008.02.15 05:58:08.365,0.97695,0.9772,2.40,0.20
2008.02.15 05:58:08.608,0.97695,0.9772,2.40,0.20
2008.02.15 05:58:08.852,0.977,0.9773,0.30,0.40
2008.02.15 05:58:09.164,0.977,0.9773,0.30,0.40
2008.02.15 05:58:09.390,0.977,0.9773,0.30,0.40
2008.02.15 05:58:09.646,0.977,0.9773,0.30,0.40
2008.02.15 05:58:09.901,0.977,0.9773,0.30,0.40
2008.02.15 05:58:10.102,0.977,0.9773,0.30,0.40
2008.02.15 05:58:18.651,0.977,0.9773,0.30,0.40
2008.02.15 05:58:18.764,0.977,0.9773,0.30,0.40
2008.02.15 05:58:23.581,0.977,0.9773,0.30,0.40
2008.02.15 05:58:30.342,0.977,0.9773,0.30,0.40
2008.02.15 05:58:31.217,0.977,0.9773,0.30,0.40
2008.02.15 05:58:31.708,0.977,0.9773,0.30,0.40
2008.02.15 05:58:31.831,0.977,0.97735,0.30,4.10
2008.02.15 05:58:32.010,0.977,0.97735,0.30,4.10
2008.02.15 05:58:32.657,0.977,0.9773,0.30,0.20
2008.02.15 05:58:32.847,0.977,0.9773,0.30,0.20
2008.02.15 05:58:33.257,0.977,0.9773,0.30,0.20
2008.02.15 05:58:35.883,0.977,0.9773,0.30,0.40
2008.02.15 05:58:36.789,0.977,0.9773,0.30,0.40
2008.02.15 05:58:38.451,0.977,0.9773,0.30,0.40
2008.02.15 05:58:40.518,0.977,0.9773,0.30,0.40
2008.02.15 05:58:40.816,0.977,0.9773,0.30,0.40
2008.02.15 05:58:40.930,0.977,0.9773,0.30,0.40
2008.02.15 05:58:43.743,0.977,0.9773,0.30,0.40
2008.02.15 05:58:43.909,0.9769,0.97725,0.30,0.20
2008.02.15 05:58:44.071,0.9769,0.97725,0.30,0.20
2008.02.15 05:58:44.294,0.9769,0.9773,0.30,0.20
2008.02.15 05:58:44.424,0.9769,0.9773,0.30,0.20
2008.02.15 05:58:44.689,0.9769,0.9773,0.30,0.20
2008.02.15 05:58:44.818,0.9769,0.97725,0.30,0.20
2008.02.15 05:58:44.945,0.9769,0.97725,0.30,3.30
2008.02.15 05:58:45.407,0.9769,0.97725,0.30,3.30
2008.02.15 05:58:45.580,0.9769,0.97725,0.30,0.20
2008.02.15 05:58:45.754,0.9769,0.97725,0.30,3.30
2008.02.15 05:58:47.266,0.9769,0.97725,0.30,3.30
2008.02.15 05:58:47.441,0.97695,0.9773,2.40,0.40
2008.02.15 05:58:47.564,0.97695,0.9773,5.60,0.40
2008.02.15 05:58:47.820,0.97695,0.9773,5.60,0.40
2008.02.15 05:58:47.943,0.977,0.9773,0.30,0.40
2008.02.15 05:58:48.193,0.977,0.9773,0.30,0.40
2008.02.15 05:58:48.502,0.977,0.9773,0.30,0.40
2008.02.15 05:58:50.180,0.977,0.9773,0.30,0.40
2008.02.15 05:58:50.312,0.977,0.97735,0.30,3.30
2008.02.15 05:58:50.467,0.977,0.97735,0.30,3.30
2008.02.15 05:58:50.778,0.977,0.97735,0.30,0.20
2008.02.15 05:58:50.954,0.977,0.97735,0.30,3.30
2008.02.15 05:58:52.617,0.977,0.97735,0.30,3.30
2008.02.15 05:58:53.182,0.977,0.9773,0.30,0.20
2008.02.15 05:58:53.348,0.977,0.9773,0.30,0.20
2008.02.15 05:58:53.480,0.977,0.9773,0.30,0.20
2008.02.15 05:58:53.910,0.977,0.9773,0.30,0.40
2008.02.15 05:58:54.204,0.977,0.9773,0.30,0.40
2008.02.15 05:58:56.812,0.977,0.9773,0.30,0.20
2008.02.15 05:58:56.965,0.977,0.97735,0.30,2.50
2008.02.15 05:58:57.118,0.977,0.97735,0.30,3.30
2008.02.15 05:58:57.593,0.977,0.97735,0.30,3.30
2008.02.15 05:58:57.746,0.977,0.97735,0.30,0.20
2008.02.15 05:58:58.113,0.977,0.97735,0.30,0.20
2008.02.15 05:58:58.830,0.977,0.97735,0.30,0.20
2008.02.15 05:59:00.471,0.977,0.97735,0.30,0.20
2008.02.15 05:59:00.817,0.977,0.9773,0.30,0.20
2008.02.15 05:59:01.031,0.977,0.9773,0.30,0.40
2008.02.15 05:59:04.639,0.977,0.9773,0.30,0.40
2008.02.15 05:59:04.810,0.977,0.9773,0.30,0.40
2008.02.15 05:59:04.920,0.977,0.9772,0.30,0.20
2008.02.15 05:59:05.101,0.9769,0.9772,4.20,0.40
2008.02.15 05:59:05.215,0.9769,0.9772,0.30,0.40
2008.02.15 05:59:07.933,0.9769,0.9772,0.30,0.40
2008.02.15 05:59:12.260,0.9769,0.97715,0.30,0.20
2008.02.15 05:59:12.358,0.9769,0.97715,0.30,0.20
2008.02.15 05:59:12.480,0.9768,0.97715,0.30,0.20
2008.02.15 05:59:12.664,0.9768,0.97715,0.30,0.20
2008.02.15 05:59:13.953,0.9768,0.97715,0.30,0.20
2008.02.15 05:59:15.208,0.9768,0.97715,0.30,0.20
2008.02.15 05:59:16.488,0.9768,0.97715,0.30,0.20
2008.02.15 05:59:16.710,0.9768,0.97715,0.30,0.20
2008.02.15 05:59:16.844,0.9768,0.9772,0.30,0.40
2008.02.15 05:59:18.851,0.9768,0.9772,0.30,0.40
2008.02.15 05:59:23.882,0.97685,0.9772,2.40,0.40
2008.02.15 05:59:24.032,0.97685,0.9772,5.60,0.40
2008.02.15 05:59:24.197,0.97685,0.9772,5.60,0.20
2008.02.15 05:59:24.432,0.9769,0.97725,0.30,0.20
2008.02.15 05:59:24.587,0.9769,0.97725,0.30,0.20
2008.02.15 05:59:27.871,0.9769,0.97725,0.30,0.90
2008.02.15 05:59:28.071,0.9769,0.97725,0.30,0.90
2008.02.15 05:59:30.797,0.9769,0.97725,0.30,0.90
2008.02.15 05:59:30.870,0.9769,0.97725,0.30,0.20
2008.02.15 05:59:38.406,0.9769,0.97715,0.30,0.20
2008.02.15 05:59:38.577,0.9768,0.97715,4.20,0.20
2008.02.15 05:59:38.690,0.9768,0.97715,0.30,0.20
2008.02.15 05:59:38.913,0.9768,0.97715,0.30,0.20
2008.02.15 05:59:39.066,0.9768,0.97715,0.30,0.20
2008.02.15 05:59:39.250,0.9768,0.97715,0.30,0.20
2008.02.15 05:59:51.843,0.9768,0.97715,0.30,0.20
2008.02.15 05:59:54.657,0.9768,0.97715,0.30,0.20
2008.02.15 05:59:54.766,0.9767,0.97715,1.30,0.20
2008.02.15 05:59:54.912,0.9767,0.9771,0.70,0.20
2008.02.15 05:59:55.062,0.9767,0.9771,1.20,0.20
2008.02.15 05:59:55.228,0.9767,0.9771,0.30,0.20
2008.02.15 05:59:55.843,0.9767,0.9771,0.30,0.20
2008.02.15 05:59:56.629,0.9767,0.9771,0.30,0.20
2008.02.15 05:59:56.759,0.9767,0.97705,0.30,0.20
2008.02.15 05:59:56.886,0.9767,0.97705,0.30,0.20
2008.02.15 05:59:57.065,0.9767,0.97705,0.30,0.20
2008.02.15 05:59:57.234,0.9767,0.97705,0.30,0.20
2008.02.15 05:59:58.749,0.9767,0.97705,0.30,0.20
2008.02.15 05:59:58.921,0.9767,0.9771,0.30,4.30
2008.02.15 05:59:58.991,0.9768,0.9771,0.30,4.10
2008.02.15 05:59:59.149,0.9768,0.97715,0.30,4.10
2008.02.15 05:59:59.264,0.9768,0.97715,0.30,4.10
2008.02.15 05:59:59.566,0.9768,0.97715,0.30,4.10
2008.02.15 05:59:59.855,0.9768,0.97715,0.30,0.50
