2012.04.27 04:00:00.006,0.84448,0.84465,1.50,1.50
2012.04.27 04:00:00.557,0.84448,0.84467,2.25,1.50
2012.04.27 04:00:00.909,0.8445,0.84469,2.25,2.25
2012.04.27 04:00:01.169,0.84453,0.84473,1.50,2.25
2012.04.27 04:00:01.476,0.84452,0.84472,2.25,2.25
2012.04.27 04:00:02.143,0.8446,0.84474,1.50,1.50
2012.04.27 04:00:02.218,0.8446,0.84478,2.25,2.25
2012.04.27 04:00:02.289,0.84464,0.84483,1.50,2.25
2012.04.27 04:00:02.356,0.84464,0.84483,2.25,3.00
2012.04.27 04:00:02.485,0.84464,0.84483,3.38,2.25
2012.04.27 04:00:02.805,0.84472,0.84491,1.50,3.00
2012.04.27 04:00:02.996,0.84475,0.84491,1.13,1.50
2012.04.27 04:00:03.186,0.84475,0.84493,1.13,1.50
2012.04.27 04:00:03.256,0.84476,0.84495,3.00,2.25
2012.04.27 04:00:03.386,0.84477,0.84495,1.50,1.50
2012.04.27 04:00:03.516,0.84479,0.845,2.25,3.00
2012.04.27 04:00:03.586,0.84477,0.84497,2.25,1.50
2012.04.27 04:00:03.729,0.84481,0.84501,2.25,1.50
2012.04.27 04:00:03.866,0.84484,0.84503,2.25,1.50
2012.04.27 04:00:03.938,0.84479,0.84496,1.50,1.50
2012.04.27 04:00:04.363,0.84477,0.84492,2.25,1.50
2012.04.27 04:00:04.506,0.84477,0.84491,2.25,1.50
2012.04.27 04:00:04.649,0.84478,0.84492,1.50,1.50
2012.04.27 04:00:04.729,0.84469,0.84488,2.25,1.50
2012.04.27 04:00:04.922,0.84469,0.84488,2.25,1.50
2012.04.27 04:00:05.119,0.84466,0.84487,3.00,1.50
2012.04.27 04:00:05.188,0.8447,0.84491,2.25,2.25
2012.04.27 04:00:05.315,0.8447,0.84491,2.25,2.25
2012.04.27 04:00:05.703,0.84472,0.84489,1.50,1.50
2012.04.27 04:00:06.029,0.8449,0.84504,3.00,1.13
2012.04.27 04:00:06.307,0.84495,0.84504,1.13,1.13
2012.04.27 04:00:06.376,0.84501,0.84513,1.50,1.50
2012.04.27 04:00:06.567,0.84497,0.84517,1.13,3.00
2012.04.27 04:00:06.697,0.84496,0.84517,1.13,3.75
2012.04.27 04:00:07.111,0.84495,0.84511,2.25,1.50
2012.04.27 04:00:07.187,0.84495,0.84512,2.25,2.25
2012.04.27 04:00:07.254,0.84495,0.84511,2.25,1.50
2012.04.27 04:00:07.576,0.84495,0.84506,1.50,1.50
2012.04.27 04:00:07.837,0.84482,0.84501,1.50,1.50
2012.04.27 04:00:07.904,0.84482,0.84501,1.50,1.50
2012.04.27 04:00:07.976,0.84482,0.84501,1.50,1.50
2012.04.27 04:00:08.115,0.8448,0.845,1.50,2.25
2012.04.27 04:00:08.185,0.8448,0.845,1.50,2.25
2012.04.27 04:00:08.743,0.84475,0.84496,2.25,2.25
2012.04.27 04:00:09.055,0.84471,0.84491,3.75,2.25
2012.04.27 04:00:09.365,0.84473,0.84492,2.25,2.25
2012.04.27 04:00:09.506,0.84475,0.84493,2.25,1.50
2012.04.27 04:00:09.756,0.84474,0.84492,2.25,2.25
2012.04.27 04:00:09.956,0.84477,0.84492,1.50,1.50
2012.04.27 04:00:10.028,0.84475,0.84494,2.25,2.25
2012.04.27 04:00:10.096,0.84475,0.84494,1.50,2.25
2012.04.27 04:00:10.227,0.84472,0.8449,1.50,1.50
2012.04.27 04:00:10.498,0.84468,0.84486,3.75,1.50
2012.04.27 04:00:10.758,0.84468,0.84486,1.50,2.25
2012.04.27 04:00:11.467,0.8447,0.84477,1.50,2.25
2012.04.27 04:00:11.541,0.84452,0.84472,2.25,2.25
2012.04.27 04:00:11.676,0.84452,0.84472,1.50,2.25
2012.04.27 04:00:11.996,0.84447,0.84466,2.25,1.50
2012.04.27 04:00:12.065,0.84447,0.84466,2.25,1.50
2012.04.27 04:00:12.197,0.84451,0.84466,1.50,1.50
2012.04.27 04:00:12.327,0.84456,0.84471,1.50,2.25
2012.04.27 04:00:12.527,0.84456,0.84475,3.00,2.25
2012.04.27 04:00:12.667,0.84453,0.84471,1.50,1.50
2012.04.27 04:00:12.809,0.84453,0.84474,3.00,1.50
2012.04.27 04:00:13.186,0.84458,0.84476,1.50,1.50
2012.04.27 04:00:13.255,0.84458,0.84476,1.50,1.50
2012.04.27 04:00:13.624,0.84458,0.84476,1.50,1.50
2012.04.27 04:00:14.756,0.84456,0.84474,1.50,2.25
2012.04.27 04:00:15.201,0.8445,0.84468,1.50,1.50
2012.04.27 04:00:15.396,0.84448,0.84468,3.00,1.50
2012.04.27 04:00:15.471,0.84452,0.84468,2.25,1.50
2012.04.27 04:00:15.607,0.84453,0.84475,2.25,2.25
2012.04.27 04:00:15.855,0.84455,0.84475,1.50,2.25
2012.04.27 04:00:15.925,0.84455,0.84475,1.50,2.25
2012.04.27 04:00:16.055,0.84458,0.84477,1.50,2.25
2012.04.27 04:00:16.375,0.84458,0.84477,1.50,2.25
2012.04.27 04:00:16.686,0.84458,0.84474,1.50,1.50
2012.04.27 04:00:16.821,0.84457,0.84474,1.50,1.50
2012.04.27 04:00:17.015,0.84457,0.84471,1.50,1.50
2012.04.27 04:00:17.441,0.84449,0.84465,1.50,1.50
2012.04.27 04:00:17.520,0.84447,0.84465,1.50,2.25
2012.04.27 04:00:17.715,0.84444,0.84463,2.25,1.50
2012.04.27 04:00:18.356,0.84444,0.84463,2.25,1.50
2012.04.27 04:00:18.429,0.84444,0.84465,2.25,4.13
2012.04.27 04:00:19.132,0.84447,0.84465,1.50,1.88
2012.04.27 04:00:19.460,0.8445,0.84469,1.50,2.25
2012.04.27 04:00:19.668,0.84454,0.84472,1.50,1.50
2012.04.27 04:00:19.868,0.84451,0.84472,2.25,1.50
2012.04.27 04:00:19.994,0.84451,0.84472,3.00,1.50
2012.04.27 04:00:20.304,0.84457,0.84471,1.50,1.50
2012.04.27 04:00:20.735,0.84449,0.8447,1.50,1.50
2012.04.27 04:00:21.266,0.8445,0.84469,3.00,1.50
2012.04.27 04:00:21.337,0.84451,0.84472,2.25,2.25
2012.04.27 04:00:21.587,0.84454,0.84472,1.50,1.50
2012.04.27 04:00:21.715,0.84458,0.84477,2.25,2.25
2012.04.27 04:00:21.784,0.84458,0.84477,2.25,1.50
2012.04.27 04:00:22.035,0.84459,0.84479,2.25,1.50
2012.04.27 04:00:22.577,0.84457,0.84478,2.25,2.25
2012.04.27 04:00:23.124,0.84456,0.84476,2.25,1.50
2012.04.27 04:00:23.195,0.84456,0.84476,1.50,2.25
2012.04.27 04:00:23.355,0.84455,0.84474,3.00,1.50
2012.04.27 04:00:23.905,0.84454,0.84473,1.50,1.50
2012.04.27 04:00:24.470,0.84454,0.84474,2.25,2.25
2012.04.27 04:00:25.173,0.84454,0.84472,1.50,1.50
2012.04.27 04:00:25.616,0.84453,0.84472,1.50,2.25
2012.04.27 04:00:25.762,0.84451,0.84472,1.50,2.25
2012.04.27 04:00:26.285,0.84449,0.84469,1.50,2.25
2012.04.27 04:00:26.800,0.84451,0.84471,1.50,1.13
2012.04.27 04:00:26.935,0.84448,0.84468,2.25,1.50
2012.04.27 04:00:27.125,0.84452,0.84471,1.50,1.13
2012.04.27 04:00:27.377,0.84449,0.84468,3.00,1.50
2012.04.27 04:00:27.748,0.84452,0.84471,1.50,1.13
2012.04.27 04:00:27.934,0.84449,0.84467,1.50,1.50
2012.04.27 04:00:28.437,0.84449,0.84467,1.50,1.50
2012.04.27 04:00:28.506,0.84445,0.84464,3.00,1.50
2012.04.27 04:00:28.578,0.84447,0.84464,1.50,1.50
2012.04.27 04:00:28.717,0.84447,0.84467,1.50,2.25
2012.04.27 04:00:28.860,0.84447,0.84464,1.50,1.50
2012.04.27 04:00:28.927,0.84447,0.84464,1.50,2.25
2012.04.27 04:00:29.060,0.84446,0.84462,1.50,1.50
2012.04.27 04:00:29.125,0.84444,0.84462,1.50,1.50
2012.04.27 04:00:29.255,0.84444,0.84462,1.50,1.50
2012.04.27 04:00:29.419,0.84443,0.84462,1.50,1.50
2012.04.27 04:00:29.604,0.84444,0.84462,1.50,1.50
2012.04.27 04:00:30.095,0.84443,0.84464,2.25,2.25
2012.04.27 04:00:30.168,0.84443,0.84464,2.25,2.25
2012.04.27 04:00:30.295,0.84443,0.8446,1.50,1.50
2012.04.27 04:00:30.428,0.84439,0.84456,1.50,2.25
2012.04.27 04:00:30.914,0.84439,0.84459,1.50,2.63
2012.04.27 04:00:31.245,0.84438,0.84456,1.50,1.50
2012.04.27 04:00:31.435,0.84439,0.8446,3.00,2.25
2012.04.27 04:00:31.975,0.84439,0.84458,3.00,1.50
2012.04.27 04:00:32.047,0.84439,0.84456,1.50,2.25
2012.04.27 04:00:32.176,0.84439,0.84456,1.50,1.50
2012.04.27 04:00:32.426,0.84439,0.8446,3.00,2.25
2012.04.27 04:00:33.204,0.84439,0.8446,3.75,2.25
2012.04.27 04:00:33.407,0.84442,0.84462,1.50,2.25
2012.04.27 04:00:34.007,0.84442,0.84463,3.00,2.25
2012.04.27 04:00:34.583,0.84442,0.84463,1.50,2.25
2012.04.27 04:00:35.473,0.84442,0.84461,1.50,2.25
2012.04.27 04:00:35.817,0.8444,0.84458,3.00,1.50
2012.04.27 04:00:36.314,0.84439,0.84459,1.50,1.50
2012.04.27 04:00:36.825,0.84442,0.84462,1.50,2.25
2012.04.27 04:00:37.516,0.84442,0.84462,3.00,2.25
2012.04.27 04:00:38.073,0.84442,0.84462,3.00,2.25
2012.04.27 04:00:38.580,0.84442,0.84462,2.25,2.25
2012.04.27 04:00:39.121,0.84442,0.84462,3.00,2.25
2012.04.27 04:00:39.195,0.84443,0.84462,2.92,2.25
2012.04.27 04:00:39.507,0.84444,0.84463,2.25,1.13
2012.04.27 04:00:39.814,0.84444,0.84465,3.00,1.13
2012.04.27 04:00:40.396,0.84442,0.84461,3.00,2.25
2012.04.27 04:00:43.332,0.84443,0.84463,2.25,1.50
2012.04.27 04:00:43.655,0.84442,0.84461,3.75,1.50
2012.04.27 04:00:43.974,0.84441,0.84458,1.50,1.50
2012.04.27 04:00:44.345,0.84442,0.8446,1.50,1.50
2012.04.27 04:00:46.628,0.84441,0.84457,1.50,1.50
2012.04.27 04:00:47.037,0.84441,0.84454,1.50,1.50
2012.04.27 04:00:47.464,0.84441,0.84456,1.50,1.50
2012.04.27 04:00:48.966,0.84441,0.84458,1.50,1.50
2012.04.27 04:00:50.981,0.84441,0.84458,1.50,1.50
2012.04.27 04:00:51.118,0.84441,0.84458,2.25,1.50
2012.04.27 04:00:51.685,0.84442,0.84458,1.50,1.50
2012.04.27 04:00:52.594,0.84442,0.84458,1.50,1.50
2012.04.27 04:00:53.657,0.84441,0.84458,3.00,1.50
2012.04.27 04:00:54.994,0.84441,0.84458,3.00,1.50
2012.04.27 04:00:55.305,0.84444,0.8446,1.50,1.50
2012.04.27 04:00:56.951,0.84443,0.8446,1.50,1.50
2012.04.27 04:00:57.337,0.84443,0.84462,1.50,1.50
2012.04.27 04:00:57.784,0.84443,0.84462,1.50,2.25
2012.04.27 04:00:58.115,0.8444,0.84456,2.25,1.50
2012.04.27 04:00:58.485,0.8444,0.8446,3.75,1.50
2012.04.27 04:00:58.994,0.8444,0.8446,4.50,1.50
2012.04.27 04:00:59.947,0.84441,0.84458,1.50,1.50
2012.04.27 04:01:00.426,0.84438,0.84454,1.50,1.50
2012.04.27 04:01:00.554,0.84437,0.84454,1.50,1.50
2012.04.27 04:01:00.686,0.84438,0.84452,1.50,1.50
2012.04.27 04:01:01.058,0.84438,0.84458,2.25,1.50
2012.04.27 04:01:01.186,0.84437,0.84452,1.50,1.50
2012.04.27 04:01:01.494,0.84434,0.84451,1.50,1.50
2012.04.27 04:01:02.014,0.84434,0.84451,1.50,1.50
2012.04.27 04:01:02.756,0.84433,0.84451,3.00,1.50
2012.04.27 04:01:03.135,0.84431,0.84448,1.50,1.50
2012.04.27 04:01:03.385,0.84431,0.84452,2.25,2.25
2012.04.27 04:01:03.457,0.84431,0.84452,2.25,1.50
2012.04.27 04:01:03.929,0.84434,0.84454,1.50,1.13
2012.04.27 04:01:04.543,0.84434,0.84455,1.50,3.75
2012.04.27 04:01:04.834,0.84434,0.84453,1.50,1.50
2012.04.27 04:01:07.070,0.84434,0.84453,1.50,1.50
2012.04.27 04:01:07.940,0.84433,0.84453,1.50,1.50
2012.04.27 04:01:08.125,0.84433,0.8445,1.50,1.50
2012.04.27 04:01:08.197,0.84433,0.84453,1.50,1.50
2012.04.27 04:01:08.795,0.84431,0.84454,2.25,1.50
2012.04.27 04:01:08.985,0.84434,0.84456,1.50,1.50
2012.04.27 04:01:09.684,0.84434,0.84457,2.25,2.25
2012.04.27 04:01:10.067,0.84437,0.84455,1.50,1.50
2012.04.27 04:01:10.337,0.84434,0.84453,2.25,1.50
2012.04.27 04:01:10.466,0.84434,0.84457,2.25,3.00
2012.04.27 04:01:10.975,0.84436,0.84457,1.50,1.50
2012.04.27 04:01:13.897,0.84433,0.84456,3.75,3.00
2012.04.27 04:01:13.969,0.84433,0.84453,2.25,3.00
2012.04.27 04:01:14.216,0.84433,0.84452,2.25,1.50
2012.04.27 04:01:14.649,0.84433,0.84452,2.25,2.25
2012.04.27 04:01:14.777,0.84433,0.84452,1.50,3.00
2012.04.27 04:01:14.848,0.84433,0.8445,1.50,1.50
2012.04.27 04:01:15.045,0.84433,0.84452,3.00,1.50
2012.04.27 04:01:15.235,0.84436,0.84455,1.50,3.00
2012.04.27 04:01:15.808,0.84435,0.84453,1.50,1.50
2012.04.27 04:01:16.586,0.84434,0.84453,3.00,1.50
2012.04.27 04:01:18.179,0.84434,0.84453,3.00,1.50
2012.04.27 04:01:18.246,0.84436,0.84455,1.50,1.50
2012.04.27 04:01:18.440,0.84432,0.8445,3.00,1.50
2012.04.27 04:01:18.509,0.84432,0.8445,1.50,1.50
2012.04.27 04:01:18.579,0.84432,0.84445,1.50,1.50
2012.04.27 04:01:18.723,0.84424,0.8444,1.50,2.25
2012.04.27 04:01:18.801,0.84424,0.84435,1.50,1.50
2012.04.27 04:01:18.882,0.84419,0.84435,2.25,2.25
2012.04.27 04:01:18.959,0.84419,0.84437,2.25,1.50
2012.04.27 04:01:19.168,0.84419,0.84436,1.50,2.25
2012.04.27 04:01:19.415,0.84412,0.84428,2.25,1.50
2012.04.27 04:01:19.783,0.8441,0.84429,2.25,2.25
2012.04.27 04:01:20.921,0.8441,0.84429,2.25,3.00
2012.04.27 04:01:21.467,0.84412,0.84429,1.50,1.50
2012.04.27 04:01:22.973,0.84412,0.84431,2.25,3.00
2012.04.27 04:01:23.213,0.84412,0.84431,2.25,3.00
2012.04.27 04:01:24.578,0.84412,0.84431,2.25,3.00
2012.04.27 04:01:25.077,0.84415,0.84433,1.50,1.50
2012.04.27 04:01:25.385,0.84417,0.84435,1.50,1.50
2012.04.27 04:01:25.702,0.84417,0.84434,2.25,1.50
2012.04.27 04:01:25.967,0.8442,0.84438,2.25,1.50
2012.04.27 04:01:26.494,0.84416,0.84436,1.50,1.50
2012.04.27 04:01:26.781,0.8441,0.84429,2.25,2.25
2012.04.27 04:01:26.976,0.8441,0.84429,2.25,1.50
2012.04.27 04:01:27.526,0.84411,0.84432,2.25,3.00
2012.04.27 04:01:27.696,0.84411,0.84432,2.25,2.25
2012.04.27 04:01:28.248,0.8441,0.84431,3.00,1.50
2012.04.27 04:01:28.798,0.8441,0.84431,3.00,1.50
2012.04.27 04:01:34.133,0.8441,0.84431,2.25,2.25
2012.04.27 04:01:34.794,0.8441,0.84431,2.25,3.00
2012.04.27 04:01:35.475,0.84411,0.84431,1.50,2.25
2012.04.27 04:01:35.546,0.84411,0.84427,1.50,1.50
2012.04.27 04:01:36.654,0.8441,0.84427,1.50,1.50
2012.04.27 04:01:37.156,0.8441,0.84427,1.50,1.50
2012.04.27 04:01:38.725,0.8441,0.84427,2.25,1.50
2012.04.27 04:01:39.985,0.84411,0.8443,3.00,1.50
2012.04.27 04:01:40.657,0.84412,0.84433,2.25,2.25
2012.04.27 04:01:40.726,0.84412,0.84433,2.25,1.50
2012.04.27 04:01:41.166,0.84412,0.84433,2.25,2.25
2012.04.27 04:01:41.297,0.84411,0.8443,3.75,2.25
2012.04.27 04:01:41.890,0.84411,0.8443,4.50,2.25
2012.04.27 04:01:42.493,0.84411,0.8443,4.50,2.25
2012.04.27 04:01:43.003,0.84412,0.8443,1.50,1.50
2012.04.27 04:01:49.104,0.84412,0.8443,2.25,1.50
2012.04.27 04:01:49.445,0.84417,0.84436,1.88,3.00
2012.04.27 04:01:49.576,0.84417,0.84431,1.13,1.50
2012.04.27 04:01:49.646,0.84415,0.84433,1.50,1.50
2012.04.27 04:01:49.837,0.84415,0.84436,3.00,4.42
2012.04.27 04:01:49.905,0.84414,0.84431,1.50,1.50
2012.04.27 04:01:50.424,0.84412,0.84431,2.25,1.50
2012.04.27 04:01:50.676,0.84411,0.84431,1.50,3.00
2012.04.27 04:01:51.215,0.84411,0.84429,2.25,1.50
2012.04.27 04:01:51.564,0.84411,0.84429,4.42,1.50
2012.04.27 04:01:52.127,0.84411,0.84429,3.67,2.25
2012.04.27 04:01:52.195,0.84411,0.84426,1.50,1.50
2012.04.27 04:01:52.854,0.84409,0.84426,3.00,1.50
2012.04.27 04:01:53.976,0.84406,0.84426,3.00,2.25
2012.04.27 04:01:54.483,0.84407,0.84426,2.92,2.25
2012.04.27 04:01:54.570,0.84408,0.84426,1.50,2.25
2012.04.27 04:01:54.952,0.84415,0.84435,2.25,1.50
2012.04.27 04:01:55.026,0.84413,0.84432,3.00,2.25
2012.04.27 04:01:55.096,0.84416,0.84433,1.50,1.50
2012.04.27 04:01:55.604,0.84412,0.84433,3.00,3.00
2012.04.27 04:01:55.915,0.8441,0.84429,3.75,1.50
2012.04.27 04:01:56.285,0.8441,0.84429,2.25,1.50
2012.04.27 04:01:56.596,0.84408,0.84424,3.75,1.50
2012.04.27 04:01:56.666,0.84408,0.84428,5.25,1.50
2012.04.27 04:01:56.735,0.8441,0.84431,1.50,3.00
2012.04.27 04:01:57.265,0.84413,0.84431,1.50,2.25
2012.04.27 04:01:57.898,0.84413,0.84429,1.50,1.50
2012.04.27 04:01:58.564,0.84418,0.84429,1.50,1.50
2012.04.27 04:01:58.643,0.84419,0.84436,1.50,1.50
2012.04.27 04:01:59.159,0.84419,0.84436,1.50,1.50
2012.04.27 04:01:59.898,0.84419,0.84436,1.50,1.50
2012.04.27 04:02:00.657,0.8442,0.84436,1.50,1.50
2012.04.27 04:02:00.846,0.84423,0.84441,1.50,2.25
2012.04.27 04:02:00.916,0.84423,0.84442,3.00,3.00
2012.04.27 04:02:01.166,0.84423,0.84442,1.50,2.25
2012.04.27 04:02:01.918,0.84423,0.84439,1.50,1.50
2012.04.27 04:02:02.110,0.84422,0.84435,1.50,1.50
2012.04.27 04:02:02.177,0.84419,0.8444,3.75,1.50
2012.04.27 04:02:02.249,0.84419,0.8444,3.75,2.25
2012.04.27 04:02:02.318,0.84419,0.84438,3.00,1.50
2012.04.27 04:02:02.786,0.84413,0.8443,2.25,1.50
2012.04.27 04:02:03.296,0.84413,0.8443,1.50,1.50
2012.04.27 04:02:03.368,0.84413,0.84433,1.50,2.25
2012.04.27 04:02:04.018,0.84413,0.84431,1.50,2.25
2012.04.27 04:02:04.205,0.84412,0.84431,2.25,2.25
2012.04.27 04:02:04.517,0.8441,0.84426,1.88,1.50
2012.04.27 04:02:04.836,0.84406,0.84422,1.50,1.50
2012.04.27 04:02:05.029,0.84404,0.84423,3.75,1.50
2012.04.27 04:02:05.586,0.84404,0.84423,3.00,1.50
2012.04.27 04:02:06.300,0.84402,0.8442,1.50,1.50
2012.04.27 04:02:06.496,0.84401,0.84419,2.17,1.50
2012.04.27 04:02:06.805,0.84399,0.84417,1.50,1.50
2012.04.27 04:02:07.107,0.84399,0.84414,1.50,1.50
2012.04.27 04:02:07.950,0.84397,0.84414,1.50,2.25
2012.04.27 04:02:08.844,0.84396,0.84414,2.25,2.25
2012.04.27 04:02:08.976,0.84395,0.84412,1.50,1.50
2012.04.27 04:02:09.464,0.84391,0.84412,1.50,2.25
2012.04.27 04:02:09.656,0.84391,0.84412,1.50,2.25
2012.04.27 04:02:10.035,0.8439,0.84412,3.75,3.00
2012.04.27 04:02:10.938,0.84389,0.84408,1.50,2.25
2012.04.27 04:02:11.495,0.84386,0.84402,1.50,2.25
2012.04.27 04:02:11.568,0.84385,0.844,1.50,3.00
2012.04.27 04:02:11.938,0.84386,0.84403,1.50,1.50
2012.04.27 04:02:12.065,0.84385,0.84403,2.25,1.50
2012.04.27 04:02:12.137,0.84385,0.84406,3.75,3.00
2012.04.27 04:02:12.654,0.84385,0.84406,3.75,2.25
2012.04.27 04:02:12.729,0.84386,0.84406,1.88,2.25
2012.04.27 04:02:13.046,0.84392,0.8441,3.67,2.25
2012.04.27 04:02:13.119,0.84397,0.84414,1.50,1.50
2012.04.27 04:02:13.544,0.84397,0.84413,1.50,1.50
2012.04.27 04:02:13.797,0.84392,0.84412,3.00,2.25
2012.04.27 04:02:13.986,0.84392,0.84412,2.25,2.25
2012.04.27 04:02:14.175,0.84392,0.84411,2.25,1.50
2012.04.27 04:02:14.488,0.8439,0.84404,1.50,1.50
2012.04.27 04:02:14.557,0.84387,0.84404,2.25,1.50
2012.04.27 04:02:15.081,0.84391,0.84404,1.50,1.50
2012.04.27 04:02:15.157,0.84391,0.8441,1.50,1.50
2012.04.27 04:02:15.229,0.84389,0.84408,3.67,1.50
2012.04.27 04:02:15.297,0.84389,0.84408,1.50,1.50
2012.04.27 04:02:15.369,0.84387,0.84404,2.25,1.50
2012.04.27 04:02:15.682,0.8439,0.8441,2.25,3.00
2012.04.27 04:02:15.756,0.8439,0.8441,1.50,3.00
2012.04.27 04:02:16.315,0.84388,0.84407,3.00,1.50
2012.04.27 04:02:17.738,0.84388,0.84408,2.25,3.67
2012.04.27 04:02:18.057,0.84388,0.844,1.50,1.50
2012.04.27 04:02:18.197,0.84388,0.84405,1.50,2.25
2012.04.27 04:02:18.265,0.84386,0.84405,1.50,2.25
2012.04.27 04:02:18.634,0.84386,0.84405,3.00,2.25
2012.04.27 04:02:18.946,0.84388,0.84404,1.50,1.50
2012.04.27 04:02:19.277,0.84385,0.84402,1.50,1.50
2012.04.27 04:02:19.779,0.84383,0.84404,3.00,2.25
2012.04.27 04:02:19.848,0.84383,0.844,2.25,1.50
2012.04.27 04:02:20.400,0.8438,0.84397,3.00,1.50
2012.04.27 04:02:20.475,0.8438,0.84397,1.50,2.25
2012.04.27 04:02:20.605,0.84375,0.84396,3.00,2.25
2012.04.27 04:02:21.147,0.84375,0.84396,2.25,2.25
2012.04.27 04:02:21.705,0.84374,0.84394,2.25,1.50
2012.04.27 04:02:22.229,0.84374,0.8439,1.50,1.50
2012.04.27 04:02:22.421,0.84368,0.84387,1.50,2.25
2012.04.27 04:02:22.824,0.84364,0.84383,3.00,1.50
2012.04.27 04:02:23.465,0.84364,0.84383,3.00,1.50
2012.04.27 04:02:24.405,0.84364,0.84382,3.00,1.50
2012.04.27 04:02:24.955,0.84362,0.84378,2.25,1.50
2012.04.27 04:02:25.025,0.84362,0.84378,1.50,1.50
2012.04.27 04:02:25.402,0.84361,0.84376,1.50,1.50
2012.04.27 04:02:25.724,0.84358,0.84373,1.50,1.50
2012.04.27 04:02:26.048,0.8435,0.84368,1.50,3.00
2012.04.27 04:02:26.121,0.84348,0.84366,2.25,1.50
2012.04.27 04:02:26.626,0.84345,0.84361,1.50,2.25
2012.04.27 04:02:26.875,0.84344,0.84363,3.00,1.50
2012.04.27 04:02:26.945,0.84344,0.84363,3.00,1.50
2012.04.27 04:02:27.337,0.84344,0.84363,1.50,1.50
2012.04.27 04:02:27.645,0.84343,0.84361,3.00,1.50
2012.04.27 04:02:28.503,0.84342,0.8436,3.75,1.50
2012.04.27 04:02:29.234,0.84342,0.84359,2.25,2.25
2012.04.27 04:02:29.554,0.84342,0.84359,2.25,2.25
2012.04.27 04:02:30.206,0.84343,0.8436,2.25,1.50
2012.04.27 04:02:30.588,0.84339,0.84359,3.75,2.25
2012.04.27 04:02:31.015,0.84336,0.84356,3.00,2.25
2012.04.27 04:02:31.205,0.84336,0.84355,2.25,2.25
2012.04.27 04:02:31.336,0.84335,0.84354,1.50,1.50
2012.04.27 04:02:31.408,0.84333,0.84351,1.50,1.50
2012.04.27 04:02:31.728,0.84329,0.84345,1.13,1.50
2012.04.27 04:02:31.796,0.84327,0.84345,2.25,1.50
2012.04.27 04:02:31.937,0.84326,0.84343,1.50,1.50
2012.04.27 04:02:32.467,0.84322,0.84342,3.00,2.25
2012.04.27 04:02:32.864,0.84322,0.84341,2.25,1.50
2012.04.27 04:02:33.373,0.84321,0.84337,1.50,1.50
2012.04.27 04:02:33.815,0.84322,0.84337,1.50,1.50
2012.04.27 04:02:34.365,0.8432,0.84338,1.50,1.50
2012.04.27 04:02:34.439,0.84319,0.84334,1.50,2.25
2012.04.27 04:02:34.506,0.84315,0.84333,1.50,1.50
2012.04.27 04:02:35.007,0.84315,0.84336,2.25,2.25
2012.04.27 04:02:35.078,0.84317,0.84336,1.50,2.25
2012.04.27 04:02:35.277,0.84314,0.84333,2.25,1.50
2012.04.27 04:02:35.348,0.84312,0.84331,1.50,1.50
2012.04.27 04:02:35.420,0.8431,0.84331,5.17,1.50
2012.04.27 04:02:35.549,0.84313,0.84332,1.50,1.50
2012.04.27 04:02:35.888,0.84314,0.84331,1.50,1.50
2012.04.27 04:02:36.414,0.84316,0.84333,1.50,1.50
2012.04.27 04:02:36.554,0.84316,0.84336,1.50,3.00
2012.04.27 04:02:36.685,0.84316,0.84336,1.50,3.75
2012.04.27 04:02:36.997,0.84318,0.84335,1.50,2.92
2012.04.27 04:02:37.305,0.8432,0.84335,1.50,2.92
2012.04.27 04:02:37.606,0.8432,0.84335,1.50,2.92
2012.04.27 04:02:37.916,0.8432,0.84336,1.50,1.50
2012.04.27 04:02:38.105,0.84317,0.84334,1.50,1.50
2012.04.27 04:02:38.176,0.84317,0.84335,2.25,1.50
2012.04.27 04:02:38.504,0.84314,0.84332,2.25,2.17
2012.04.27 04:02:38.814,0.84314,0.84332,1.50,2.17
2012.04.27 04:02:39.691,0.84314,0.84331,1.50,1.50
2012.04.27 04:02:39.760,0.84315,0.84332,1.50,2.25
2012.04.27 04:02:40.572,0.84316,0.8433,1.50,1.50
2012.04.27 04:02:41.794,0.84316,0.84331,1.50,1.50
2012.04.27 04:02:42.105,0.84313,0.84332,1.50,2.25
2012.04.27 04:02:42.179,0.84312,0.84332,1.50,3.00
2012.04.27 04:02:42.247,0.84312,0.84327,1.50,1.50
2012.04.27 04:02:42.316,0.84311,0.84329,1.50,1.50
2012.04.27 04:02:42.385,0.84313,0.84329,1.50,1.50
2012.04.27 04:02:42.944,0.84314,0.84329,1.50,1.50
2012.04.27 04:02:43.474,0.84315,0.84329,1.50,1.50
2012.04.27 04:02:44.155,0.84313,0.84329,1.50,1.50
2012.04.27 04:02:44.677,0.84312,0.84329,1.50,1.50
2012.04.27 04:02:44.805,0.8431,0.84331,3.00,2.25
2012.04.27 04:02:45.635,0.8431,0.84331,2.25,1.50
2012.04.27 04:02:45.705,0.84309,0.84329,2.25,1.50
2012.04.27 04:02:48.137,0.84308,0.84329,3.00,3.00
2012.04.27 04:02:48.209,0.84308,0.84329,4.50,2.25
2012.04.27 04:02:48.278,0.84309,0.84327,1.50,1.50
2012.04.27 04:02:48.346,0.84309,0.8433,3.00,4.42
2012.04.27 04:02:48.596,0.84309,0.84329,3.00,1.50
2012.04.27 04:02:48.976,0.84309,0.84329,1.50,2.25
2012.04.27 04:02:49.165,0.84312,0.84329,1.50,2.25
2012.04.27 04:02:49.239,0.84309,0.84329,2.25,1.50
2012.04.27 04:02:49.303,0.84309,0.84329,2.25,1.50
2012.04.27 04:02:49.375,0.8431,0.84331,2.25,1.50
2012.04.27 04:02:49.447,0.8431,0.84331,2.25,2.25
2012.04.27 04:02:49.516,0.8431,0.84331,2.25,3.00
2012.04.27 04:02:49.653,0.8431,0.84331,2.25,2.25
2012.04.27 04:02:49.785,0.8431,0.8433,2.25,2.17
2012.04.27 04:02:50.222,0.8431,0.84329,3.00,1.50
2012.04.27 04:02:50.298,0.8431,0.84328,1.50,1.50
2012.04.27 04:02:50.784,0.84305,0.84326,3.75,1.50
2012.04.27 04:02:51.345,0.84306,0.84325,1.50,1.50
2012.04.27 04:02:51.604,0.8431,0.84329,2.25,3.75
2012.04.27 04:02:51.737,0.8431,0.84329,2.25,3.00
2012.04.27 04:02:51.926,0.84307,0.84328,1.50,2.25
2012.04.27 04:02:52.474,0.84309,0.84328,2.25,2.25
2012.04.27 04:02:52.726,0.84309,0.84328,2.25,2.25
2012.04.27 04:02:53.365,0.8431,0.84328,2.25,1.50
2012.04.27 04:02:53.881,0.8431,0.8433,2.25,2.25
2012.04.27 04:02:54.405,0.8431,0.84329,1.50,1.50
2012.04.27 04:02:54.935,0.84309,0.84328,2.25,3.00
2012.04.27 04:02:55.264,0.84307,0.84326,3.00,1.50
2012.04.27 04:02:55.735,0.84307,0.84326,3.00,1.50
2012.04.27 04:02:56.715,0.84307,0.84326,3.00,1.50
2012.04.27 04:02:56.985,0.84307,0.84326,2.25,1.50
2012.04.27 04:02:57.125,0.84306,0.84324,1.50,1.50
2012.04.27 04:02:57.593,0.84307,0.84324,1.50,1.50
2012.04.27 04:02:57.905,0.84305,0.84324,3.00,1.50
2012.04.27 04:02:58.036,0.84305,0.84324,3.00,1.50
2012.04.27 04:02:58.665,0.84307,0.84325,2.25,1.13
2012.04.27 04:02:58.796,0.84307,0.84325,2.25,1.88
2012.04.27 04:02:59.048,0.84307,0.84325,2.25,1.13
2012.04.27 04:02:59.634,0.84308,0.84327,2.25,3.00
2012.04.27 04:03:00.165,0.84308,0.84327,2.25,3.00
2012.04.27 04:03:00.556,0.84313,0.84329,2.25,2.25
2012.04.27 04:03:00.626,0.84313,0.84332,3.75,3.00
2012.04.27 04:03:00.695,0.84313,0.84332,3.75,2.25
2012.04.27 04:03:00.828,0.84316,0.84332,1.50,1.50
2012.04.27 04:03:01.018,0.8432,0.84337,1.50,1.50
2012.04.27 04:03:01.586,0.8432,0.84339,2.25,2.25
2012.04.27 04:03:02.104,0.84321,0.84338,1.50,2.25
2012.04.27 04:03:02.236,0.84321,0.8434,2.25,1.50
2012.04.27 04:03:02.428,0.84325,0.84344,2.25,3.75
2012.04.27 04:03:02.615,0.84325,0.84344,3.00,3.00
2012.04.27 04:03:02.688,0.8433,0.84348,1.50,3.00
2012.04.27 04:03:03.115,0.84328,0.84348,2.25,2.63
2012.04.27 04:03:03.305,0.84328,0.84347,1.50,1.50
2012.04.27 04:03:04.149,0.84328,0.84345,1.50,1.50
2012.04.27 04:03:04.218,0.84322,0.84343,2.25,3.00
2012.04.27 04:03:04.465,0.84324,0.84342,2.25,1.50
2012.04.27 04:03:04.666,0.84322,0.84341,2.25,1.50
2012.04.27 04:03:06.225,0.84324,0.84343,1.50,2.25
2012.04.27 04:03:06.548,0.84327,0.84342,1.50,1.50
2012.04.27 04:03:06.617,0.84325,0.84343,1.50,1.50
2012.04.27 04:03:06.894,0.84327,0.84345,1.50,1.50
2012.04.27 04:03:07.146,0.84322,0.84341,3.00,1.50
2012.04.27 04:03:07.459,0.84323,0.84344,2.25,2.25
2012.04.27 04:03:07.591,0.84326,0.84345,1.50,2.25
2012.04.27 04:03:08.200,0.84324,0.84344,3.00,3.00
2012.04.27 04:03:08.767,0.84325,0.84342,1.13,1.50
2012.04.27 04:03:09.076,0.84328,0.84344,2.25,1.50
2012.04.27 04:03:09.146,0.84328,0.84346,1.50,1.50
2012.04.27 04:03:09.284,0.84328,0.84344,1.50,1.50
2012.04.27 04:03:09.834,0.84328,0.84345,1.50,1.50
2012.04.27 04:03:10.384,0.84329,0.84345,1.50,1.50
2012.04.27 04:03:10.706,0.84333,0.84351,1.50,1.50
2012.04.27 04:03:10.997,0.84339,0.84358,1.50,2.25
2012.04.27 04:03:11.127,0.84339,0.84358,1.50,2.25
2012.04.27 04:03:11.378,0.8434,0.84359,2.25,1.50
2012.04.27 04:03:11.919,0.8434,0.84359,3.00,1.50
2012.04.27 04:03:12.108,0.84344,0.84362,1.50,1.50
2012.04.27 04:03:12.357,0.84346,0.84365,1.50,2.25
2012.04.27 04:03:12.547,0.84346,0.84365,3.00,2.25
2012.04.27 04:03:12.617,0.84346,0.84365,3.00,1.50
2012.04.27 04:03:12.759,0.84347,0.84365,2.92,1.50
2012.04.27 04:03:12.886,0.8435,0.84371,2.25,3.00
2012.04.27 04:03:13.078,0.84353,0.84369,1.50,1.50
2012.04.27 04:03:13.635,0.84351,0.84369,2.17,2.25
2012.04.27 04:03:13.896,0.84351,0.84369,2.17,2.25
2012.04.27 04:03:14.026,0.84353,0.84369,2.17,1.50
2012.04.27 04:03:14.158,0.84357,0.84376,1.50,1.50
2012.04.27 04:03:14.715,0.84357,0.84375,2.25,2.25
2012.04.27 04:03:15.147,0.84358,0.84375,1.50,2.25
2012.04.27 04:03:15.217,0.84358,0.84375,1.50,1.50
2012.04.27 04:03:15.768,0.84361,0.84378,1.50,2.25
2012.04.27 04:03:15.975,0.84361,0.84377,1.50,1.50
2012.04.27 04:03:16.228,0.84367,0.84382,1.50,3.00
2012.04.27 04:03:16.359,0.84367,0.84383,1.50,1.50
2012.04.27 04:03:16.428,0.84367,0.84386,1.50,2.25
2012.04.27 04:03:16.498,0.84367,0.84386,1.50,2.25
2012.04.27 04:03:16.636,0.84369,0.84387,3.67,1.50
2012.04.27 04:03:17.127,0.84371,0.84392,2.25,2.25
2012.04.27 04:03:17.318,0.84375,0.84393,1.50,2.25
2012.04.27 04:03:17.506,0.84375,0.84393,1.50,1.50
2012.04.27 04:03:17.578,0.84373,0.84394,3.75,3.38
2012.04.27 04:03:17.648,0.84379,0.84395,1.50,1.50
2012.04.27 04:03:18.206,0.84381,0.84396,1.50,1.13
2012.04.27 04:03:18.334,0.84377,0.84396,1.50,2.63
2012.04.27 04:03:18.585,0.84377,0.84396,1.50,2.63
2012.04.27 04:03:20.605,0.84377,0.84396,1.50,1.13
2012.04.27 04:03:20.925,0.84377,0.84398,2.25,4.13
2012.04.27 04:03:21.071,0.84378,0.84398,1.50,3.00
2012.04.27 04:03:21.588,0.84379,0.84398,1.50,2.25
2012.04.27 04:03:21.896,0.84379,0.84397,1.50,1.50
2012.04.27 04:03:22.594,0.84379,0.84397,2.25,1.13
2012.04.27 04:03:23.104,0.84379,0.84398,1.50,1.50
2012.04.27 04:03:23.417,0.84381,0.84401,2.25,3.00
2012.04.27 04:03:23.615,0.84381,0.84401,3.00,3.00
2012.04.27 04:03:23.686,0.84384,0.84401,1.50,1.50
2012.04.27 04:03:24.114,0.84381,0.84401,2.25,1.50
2012.04.27 04:03:24.630,0.84384,0.84402,1.50,1.50
2012.04.27 04:03:25.144,0.84383,0.84401,2.25,1.50
2012.04.27 04:03:25.394,0.84381,0.84401,1.50,2.25
2012.04.27 04:03:25.911,0.8438,0.844,2.25,2.25
2012.04.27 04:03:26.435,0.8438,0.844,2.25,1.50
2012.04.27 04:03:26.694,0.8438,0.84398,1.50,1.50
2012.04.27 04:03:27.127,0.84377,0.84394,1.50,1.50
2012.04.27 04:03:27.256,0.84377,0.84397,3.00,3.00
2012.04.27 04:03:27.626,0.84375,0.84394,1.50,2.25
2012.04.27 04:03:27.696,0.84375,0.84392,1.50,1.50
2012.04.27 04:03:28.239,0.84374,0.84393,2.25,1.50
2012.04.27 04:03:32.397,0.84374,0.84394,3.00,2.25
2012.04.27 04:03:32.527,0.84374,0.84394,3.00,2.25
2012.04.27 04:03:32.596,0.84374,0.84394,3.00,2.25
2012.04.27 04:03:32.738,0.84374,0.84394,2.25,2.25
2012.04.27 04:03:33.057,0.84373,0.84391,1.50,1.50
2012.04.27 04:03:33.435,0.84371,0.8439,1.50,2.25
2012.04.27 04:03:33.626,0.8437,0.84386,2.25,2.17
2012.04.27 04:03:33.885,0.84368,0.84384,1.50,1.50
2012.04.27 04:03:34.076,0.84366,0.84385,1.50,2.25
2012.04.27 04:03:34.668,0.84366,0.84385,1.50,2.25
2012.04.27 04:03:34.742,0.84369,0.84386,1.50,1.50
2012.04.27 04:03:34.816,0.84369,0.84387,1.50,1.50
2012.04.27 04:03:34.888,0.84364,0.84385,2.25,1.50
2012.04.27 04:03:35.079,0.84363,0.84383,5.92,1.50
2012.04.27 04:03:35.406,0.84368,0.84386,2.17,1.50
2012.04.27 04:03:35.476,0.84366,0.84386,2.25,1.50
2012.04.27 04:03:35.627,0.84366,0.84386,3.00,1.50
2012.04.27 04:03:35.817,0.84372,0.84392,1.50,1.50
2012.04.27 04:03:35.885,0.84369,0.8439,1.50,1.50
2012.04.27 04:03:37.358,0.8437,0.84387,1.50,1.50
2012.04.27 04:03:37.670,0.84367,0.84385,1.50,1.50
2012.04.27 04:03:38.595,0.84363,0.84382,1.50,1.50
2012.04.27 04:03:39.407,0.84363,0.84382,1.50,1.88
2012.04.27 04:03:39.731,0.84357,0.84365,1.50,1.88
2012.04.27 04:03:40.078,0.84339,0.84351,1.50,1.50
2012.04.27 04:03:40.217,0.8433,0.84351,3.00,2.25
2012.04.27 04:03:40.286,0.8433,0.84351,3.00,2.25
2012.04.27 04:03:40.358,0.84334,0.84351,1.50,2.25
2012.04.27 04:03:40.428,0.8433,0.8435,1.50,1.50
2012.04.27 04:03:41.545,0.84331,0.84352,1.50,1.50
2012.04.27 04:03:41.735,0.84332,0.84352,2.25,1.50
2012.04.27 04:03:41.865,0.84334,0.84357,2.25,2.25
2012.04.27 04:03:42.173,0.84334,0.84357,3.75,1.50
2012.04.27 04:03:42.366,0.84336,0.84355,2.25,1.50
2012.04.27 04:03:42.677,0.84336,0.84355,3.75,1.50
2012.04.27 04:03:43.224,0.84338,0.84355,1.50,1.50
2012.04.27 04:03:43.792,0.84342,0.8436,1.50,1.50
2012.04.27 04:03:44.293,0.84344,0.84361,1.50,1.50
2012.04.27 04:03:44.366,0.84344,0.84363,3.75,1.50
2012.04.27 04:03:44.436,0.84344,0.84362,2.25,1.50
2012.04.27 04:03:45.026,0.84346,0.84362,1.50,1.50
2012.04.27 04:03:45.097,0.84346,0.84364,1.50,1.50
2012.04.27 04:03:45.166,0.84347,0.84366,3.00,2.25
2012.04.27 04:03:45.478,0.84347,0.84363,3.00,1.50
2012.04.27 04:03:45.547,0.84349,0.84366,1.50,1.50
2012.04.27 04:03:45.616,0.84351,0.84366,1.50,1.50
2012.04.27 04:03:45.686,0.84349,0.84366,1.50,1.50
2012.04.27 04:03:45.876,0.84348,0.84358,1.50,1.50
2012.04.27 04:03:46.006,0.84349,0.84367,2.17,1.50
2012.04.27 04:03:46.074,0.84349,0.84365,2.17,1.50
2012.04.27 04:03:48.211,0.8435,0.84366,1.50,1.50
2012.04.27 04:03:48.616,0.8435,0.84364,1.50,1.50
2012.04.27 04:03:50.664,0.84347,0.84364,3.00,1.50
2012.04.27 04:03:51.055,0.84347,0.84362,2.25,1.50
2012.04.27 04:03:51.985,0.84345,0.84362,1.88,2.25
2012.04.27 04:03:52.176,0.84344,0.84361,1.13,1.50
2012.04.27 04:03:52.497,0.8434,0.84357,1.50,1.50
2012.04.27 04:03:52.636,0.84342,0.8436,1.50,1.50
2012.04.27 04:03:52.946,0.84338,0.84357,2.25,1.50
2012.04.27 04:03:53.257,0.84337,0.84357,3.75,1.50
2012.04.27 04:03:53.759,0.84337,0.84353,1.50,1.50
2012.04.27 04:03:54.314,0.84337,0.84352,1.50,1.50
2012.04.27 04:03:54.737,0.84338,0.84352,1.50,2.25
2012.04.27 04:03:54.926,0.84337,0.84354,1.50,1.50
2012.04.27 04:03:55.237,0.84335,0.84349,4.42,1.50
2012.04.27 04:03:55.309,0.84335,0.84347,1.50,1.50
2012.04.27 04:03:55.378,0.84335,0.84347,1.50,1.50
2012.04.27 04:03:55.448,0.8433,0.84344,1.50,1.50
2012.04.27 04:03:55.517,0.84327,0.84344,1.50,1.50
2012.04.27 04:03:55.785,0.84325,0.84342,1.50,2.25
2012.04.27 04:03:56.335,0.84325,0.84342,1.50,2.25
2012.04.27 04:03:56.856,0.84326,0.84342,1.50,2.25
2012.04.27 04:03:57.416,0.84326,0.84343,1.50,2.25
2012.04.27 04:03:58.975,0.84325,0.84343,1.50,1.50
2012.04.27 04:03:59.307,0.84324,0.84338,3.00,1.50
2012.04.27 04:03:59.436,0.84321,0.84336,1.50,1.50
2012.04.27 04:03:59.635,0.84318,0.84336,1.50,1.50
2012.04.27 04:03:59.708,0.84317,0.84335,2.25,2.25
2012.04.27 04:03:59.779,0.84317,0.84331,2.63,1.50
2012.04.27 04:04:00.096,0.84319,0.84338,2.92,2.25
2012.04.27 04:04:00.167,0.84319,0.84336,3.67,1.50
2012.04.27 04:04:00.356,0.84319,0.84338,3.67,2.25
2012.04.27 04:04:01.097,0.8432,0.8434,1.50,2.25
2012.04.27 04:04:01.605,0.84323,0.84344,2.25,2.25
2012.04.27 04:04:02.715,0.84322,0.8434,2.25,1.50
2012.04.27 04:04:03.028,0.84315,0.84327,1.50,1.50
2012.04.27 04:04:03.337,0.84312,0.84331,2.25,2.25
2012.04.27 04:04:03.842,0.8431,0.84327,2.25,1.50
2012.04.27 04:04:03.985,0.8431,0.84326,1.50,1.50
2012.04.27 04:04:04.296,0.84311,0.84326,2.17,1.50
2012.04.27 04:04:04.368,0.84311,0.84328,3.67,1.50
2012.04.27 04:04:04.497,0.84311,0.84326,2.17,1.50
2012.04.27 04:04:05.054,0.8431,0.84326,1.50,1.50
2012.04.27 04:04:06.507,0.84314,0.84326,1.50,1.50
2012.04.27 04:04:06.645,0.84314,0.84332,3.00,2.25
2012.04.27 04:04:07.209,0.84314,0.84333,2.25,2.25
2012.04.27 04:04:07.605,0.84314,0.84333,3.67,2.25
2012.04.27 04:04:07.677,0.84314,0.84333,3.67,2.25
2012.04.27 04:04:08.048,0.84318,0.84333,2.17,1.50
2012.04.27 04:04:08.178,0.84319,0.84335,1.50,1.50
2012.04.27 04:04:08.807,0.84322,0.84338,2.17,1.50
2012.04.27 04:04:08.880,0.84322,0.84341,3.67,2.25
2012.04.27 04:04:08.949,0.84322,0.84341,1.50,3.21
2012.04.27 04:04:09.302,0.84318,0.84329,2.17,1.13
2012.04.27 04:04:09.499,0.84313,0.84328,2.25,1.50
2012.04.27 04:04:09.626,0.84313,0.84327,1.50,1.50
2012.04.27 04:04:09.877,0.84305,0.84321,1.50,1.50
2012.04.27 04:04:10.276,0.84303,0.8432,2.92,1.50
2012.04.27 04:04:10.348,0.84304,0.8432,1.50,1.50
2012.04.27 04:04:10.417,0.84308,0.84326,2.17,2.25
2012.04.27 04:04:10.614,0.84303,0.8432,1.50,1.50
2012.04.27 04:04:10.816,0.84305,0.84325,3.75,2.25
2012.04.27 04:04:10.888,0.84307,0.84326,2.25,1.50
2012.04.27 04:04:11.588,0.84309,0.84326,1.50,1.50
2012.04.27 04:04:11.906,0.84308,0.84328,3.00,2.25
2012.04.27 04:04:12.487,0.84308,0.84328,3.00,2.83
2012.04.27 04:04:12.839,0.84305,0.84318,1.50,1.50
2012.04.27 04:04:13.168,0.84307,0.8432,2.17,1.50
2012.04.27 04:04:13.239,0.84306,0.8432,1.50,1.50
2012.04.27 04:04:13.727,0.84307,0.84328,2.25,2.25
2012.04.27 04:04:13.797,0.84312,0.84329,1.50,2.25
2012.04.27 04:04:14.106,0.84315,0.84329,1.50,2.25
2012.04.27 04:04:14.176,0.84308,0.84329,1.50,2.25
2012.04.27 04:04:15.318,0.8431,0.84329,2.25,1.50
2012.04.27 04:04:15.855,0.8431,0.84329,1.50,2.25
2012.04.27 04:04:16.176,0.84315,0.84328,1.50,2.25
2012.04.27 04:04:16.307,0.84309,0.84329,2.25,3.00
2012.04.27 04:04:16.865,0.84309,0.84329,2.25,3.00
2012.04.27 04:04:18.797,0.84313,0.84333,2.25,1.50
2012.04.27 04:04:18.928,0.84318,0.84333,1.50,1.50
2012.04.27 04:04:19.127,0.84314,0.84332,1.88,2.25
2012.04.27 04:04:19.257,0.84319,0.84338,1.50,1.50
2012.04.27 04:04:19.327,0.84323,0.8434,1.50,1.50
2012.04.27 04:04:19.954,0.84323,0.84343,1.50,1.50
2012.04.27 04:04:20.727,0.84323,0.84336,1.50,2.17
2012.04.27 04:04:21.073,0.84322,0.84327,1.50,2.92
2012.04.27 04:04:21.220,0.8431,0.84326,1.50,1.50
2012.04.27 04:04:21.289,0.8431,0.84329,1.50,2.25
2012.04.27 04:04:21.431,0.84309,0.84328,2.43,2.25
2012.04.27 04:04:21.790,0.84325,0.84335,2.25,2.18
2012.04.27 04:04:21.859,0.84332,0.84345,1.50,1.50
2012.04.27 04:04:21.930,0.84328,0.84345,1.50,1.50
2012.04.27 04:04:22.697,0.84328,0.84346,1.50,3.75
2012.04.27 04:04:22.777,0.8433,0.84348,1.50,1.50
2012.04.27 04:04:22.916,0.84333,0.8435,1.50,2.25
2012.04.27 04:04:24.737,0.84333,0.84351,1.50,1.50
2012.04.27 04:04:24.873,0.84334,0.84353,3.00,2.25
2012.04.27 04:04:25.168,0.84337,0.84353,1.50,1.50
2012.04.27 04:04:25.625,0.84337,0.84354,1.50,1.50
2012.04.27 04:04:27.287,0.84337,0.84354,1.50,1.50
2012.04.27 04:04:27.358,0.84339,0.84356,1.50,1.50
2012.04.27 04:04:27.619,0.84339,0.84357,1.50,1.50
2012.04.27 04:04:27.806,0.84342,0.84358,1.50,1.50
2012.04.27 04:04:27.877,0.8434,0.84358,1.50,1.50
2012.04.27 04:04:28.066,0.84343,0.84358,1.50,1.50
2012.04.27 04:04:28.575,0.84343,0.84358,1.50,1.50
2012.04.27 04:04:29.625,0.84343,0.84359,1.50,2.25
2012.04.27 04:04:30.144,0.84344,0.84359,1.50,2.25
2012.04.27 04:04:30.690,0.84343,0.84358,1.50,1.50
2012.04.27 04:04:30.759,0.8434,0.84358,1.50,1.50
2012.04.27 04:04:31.181,0.84338,0.84357,3.00,2.25
2012.04.27 04:04:31.253,0.8434,0.84358,2.25,2.25
2012.04.27 04:04:32.048,0.8434,0.84358,3.00,1.50
2012.04.27 04:04:32.386,0.84344,0.84361,1.50,2.25
2012.04.27 04:04:32.456,0.84345,0.84365,1.50,1.50
2012.04.27 04:04:33.078,0.84345,0.84366,2.25,3.75
2012.04.27 04:04:33.209,0.8435,0.84366,1.50,1.50
2012.04.27 04:04:33.406,0.84353,0.84371,2.25,2.25
2012.04.27 04:04:33.477,0.84357,0.84372,2.17,1.50
2012.04.27 04:04:33.548,0.84357,0.84374,2.92,1.50
2012.04.27 04:04:33.997,0.84362,0.84376,2.25,1.50
2012.04.27 04:04:34.071,0.84362,0.8438,2.25,1.50
2012.04.27 04:04:34.265,0.84362,0.84381,2.25,2.25
2012.04.27 04:04:34.456,0.84365,0.84381,1.50,1.50
2012.04.27 04:04:34.767,0.8437,0.84383,2.17,1.50
2012.04.27 04:04:34.837,0.8437,0.84389,3.67,1.50
2012.04.27 04:04:35.356,0.8437,0.84389,3.67,1.50
2012.04.27 04:04:35.544,0.84368,0.84388,3.00,1.50
2012.04.27 04:04:35.616,0.84368,0.84384,1.50,1.50
2012.04.27 04:04:35.875,0.84367,0.84388,2.25,1.50
2012.04.27 04:04:36.066,0.84365,0.84386,2.25,3.00
2012.04.27 04:04:36.319,0.84364,0.84384,2.92,1.50
2012.04.27 04:04:36.635,0.84362,0.84381,2.25,2.25
2012.04.27 04:04:36.955,0.84359,0.84377,1.50,1.50
2012.04.27 04:04:37.276,0.84358,0.84379,2.25,2.25
2012.04.27 04:04:38.076,0.84358,0.84379,2.25,2.25
2012.04.27 04:04:39.568,0.84358,0.84378,2.25,1.50
2012.04.27 04:04:40.125,0.84357,0.84377,1.50,3.00
2012.04.27 04:04:42.175,0.84356,0.84376,3.00,1.50
2012.04.27 04:04:42.378,0.84354,0.84373,2.25,2.25
2012.04.27 04:04:42.447,0.84353,0.84371,2.17,2.25
2012.04.27 04:04:42.517,0.84352,0.84368,1.50,1.50
2012.04.27 04:04:42.586,0.84349,0.84368,3.75,1.50
2012.04.27 04:04:42.717,0.84347,0.84366,2.25,2.25
2012.04.27 04:04:43.276,0.8435,0.84365,1.50,2.25
2012.04.27 04:04:43.729,0.84349,0.84366,1.50,3.75
2012.04.27 04:04:44.094,0.84347,0.84362,1.50,1.50
2012.04.27 04:04:44.164,0.84351,0.84366,1.50,3.75
2012.04.27 04:04:44.415,0.84346,0.84363,1.50,3.00
2012.04.27 04:04:44.607,0.84346,0.84363,1.50,3.00
2012.04.27 04:04:44.930,0.84351,0.84363,1.50,1.50
2012.04.27 04:04:45.437,0.8435,0.84363,1.50,1.50
2012.04.27 04:04:45.507,0.84346,0.84361,1.50,2.25
2012.04.27 04:04:45.815,0.84343,0.8436,1.50,2.25
2012.04.27 04:04:46.069,0.84342,0.84357,2.25,1.50
2012.04.27 04:04:46.376,0.84342,0.84357,3.00,1.50
2012.04.27 04:04:46.508,0.84343,0.8436,3.00,1.50
2012.04.27 04:04:46.577,0.84347,0.84362,1.50,2.25
2012.04.27 04:04:46.896,0.84351,0.84366,1.50,1.50
2012.04.27 04:04:47.087,0.84348,0.84365,1.50,1.50
2012.04.27 04:04:47.337,0.84348,0.84364,1.50,1.50
2012.04.27 04:04:47.410,0.84345,0.84362,3.00,1.50
2012.04.27 04:04:47.478,0.84341,0.84354,1.50,1.50
2012.04.27 04:04:48.071,0.84337,0.84354,2.25,1.50
2012.04.27 04:04:48.145,0.8434,0.84356,1.50,1.50
2012.04.27 04:04:48.468,0.84339,0.84356,2.25,1.50
2012.04.27 04:04:48.977,0.84343,0.84357,1.50,1.50
2012.04.27 04:04:49.227,0.84341,0.84356,2.17,1.50
2012.04.27 04:04:49.416,0.8434,0.84353,2.25,1.50
2012.04.27 04:04:49.668,0.84342,0.84355,1.50,1.50
2012.04.27 04:04:49.736,0.84345,0.8436,1.50,1.50
2012.04.27 04:04:50.304,0.84345,0.8436,3.00,1.50
2012.04.27 04:04:50.517,0.84349,0.8436,1.50,1.50
2012.04.27 04:04:50.586,0.84351,0.84366,1.50,1.50
2012.04.27 04:04:51.096,0.84349,0.84366,2.25,1.50
2012.04.27 04:04:51.526,0.84349,0.84366,2.25,1.50
2012.04.27 04:04:52.172,0.84349,0.84366,3.00,1.50
2012.04.27 04:04:52.539,0.84349,0.84363,1.50,1.50
2012.04.27 04:04:53.017,0.84348,0.84363,1.50,2.25
2012.04.27 04:04:53.300,0.84307,0.84324,3.75,1.88
2012.04.27 04:04:53.370,0.84307,0.84324,3.75,1.88
2012.04.27 04:04:53.440,0.84304,0.8432,1.50,1.13
2012.04.27 04:04:53.640,0.84303,0.84323,2.25,1.50
2012.04.27 04:04:53.709,0.84307,0.84314,3.00,1.50
2012.04.27 04:04:53.782,0.84305,0.84314,1.50,1.50
2012.04.27 04:04:53.861,0.84301,0.84323,2.05,2.25
2012.04.27 04:04:54.564,0.84306,0.84324,1.50,3.00
2012.04.27 04:04:54.706,0.84306,0.84325,2.25,2.92
2012.04.27 04:04:55.255,0.84307,0.84327,2.25,1.50
2012.04.27 04:04:55.835,0.84307,0.84327,3.75,1.50
2012.04.27 04:04:55.906,0.84307,0.84325,3.00,1.50
2012.04.27 04:04:56.312,0.84315,0.84332,2.25,2.25
2012.04.27 04:04:56.627,0.84317,0.84332,1.50,1.50
2012.04.27 04:04:56.697,0.84319,0.84334,1.50,1.50
2012.04.27 04:04:56.886,0.84317,0.84335,1.50,1.50
2012.04.27 04:04:57.317,0.84323,0.84338,1.50,2.25
2012.04.27 04:04:58.061,0.84324,0.84341,1.50,2.25
2012.04.27 04:04:58.652,0.84325,0.8434,1.50,2.25
2012.04.27 04:04:58.786,0.84325,0.8434,1.50,1.50
2012.04.27 04:04:59.755,0.84325,0.8434,2.25,1.50
2012.04.27 04:04:59.826,0.84327,0.84344,1.50,2.25
2012.04.27 04:04:59.958,0.84329,0.84346,1.50,3.00
2012.04.27 04:05:00.275,0.84335,0.8435,1.50,1.88
2012.04.27 04:05:00.876,0.84335,0.84352,2.25,2.25
2012.04.27 04:05:00.947,0.84335,0.84352,3.00,1.50
2012.04.27 04:05:01.195,0.84337,0.84352,1.50,1.50
2012.04.27 04:05:01.800,0.84347,0.84364,1.50,2.25
2012.04.27 04:05:02.176,0.84346,0.84361,1.50,1.50
2012.04.27 04:05:02.496,0.84344,0.84359,1.50,1.50
2012.04.27 04:05:03.057,0.84341,0.84356,3.00,1.50
2012.04.27 04:05:03.370,0.8434,0.84353,1.50,1.50
2012.04.27 04:05:03.438,0.84341,0.84361,1.50,1.50
2012.04.27 04:05:03.578,0.84342,0.84358,1.50,1.50
2012.04.27 04:05:03.649,0.84343,0.84358,2.25,1.50
2012.04.27 04:05:03.720,0.84345,0.8436,2.25,1.50
2012.04.27 04:05:03.978,0.8435,0.84365,2.25,2.25
2012.04.27 04:05:04.121,0.84352,0.84367,2.25,3.75
2012.04.27 04:05:04.448,0.84354,0.84369,2.25,2.25
2012.04.27 04:05:04.519,0.84354,0.84369,2.25,1.50
2012.04.27 04:05:04.925,0.8435,0.84367,3.00,1.50
2012.04.27 04:05:05.246,0.84356,0.84371,2.25,3.00
2012.04.27 04:05:05.318,0.84356,0.84371,2.25,3.00
2012.04.27 04:05:05.824,0.84356,0.84371,2.25,3.00
2012.04.27 04:05:06.344,0.84356,0.84371,2.25,2.25
2012.04.27 04:05:06.668,0.84357,0.84374,2.25,2.25
2012.04.27 04:05:06.928,0.84358,0.84372,1.50,1.50
2012.04.27 04:05:07.069,0.84368,0.84382,2.25,2.25
2012.04.27 04:05:07.200,0.84368,0.84382,2.25,1.50
2012.04.27 04:05:07.445,0.84366,0.84383,2.25,3.00
2012.04.27 04:05:08.235,0.84366,0.84383,2.25,2.25
2012.04.27 04:05:08.646,0.84366,0.84383,2.25,1.50
2012.04.27 04:05:08.721,0.84365,0.84379,1.50,1.50
2012.04.27 04:05:08.785,0.84364,0.84379,3.00,1.50
2012.04.27 04:05:09.316,0.84364,0.84379,2.25,1.50
2012.04.27 04:05:10.497,0.84364,0.84379,2.25,1.50
2012.04.27 04:05:11.004,0.84362,0.84378,2.25,1.50
2012.04.27 04:05:11.679,0.84364,0.84379,2.25,2.25
2012.04.27 04:05:12.204,0.84364,0.84379,2.25,2.25
2012.04.27 04:05:12.335,0.84364,0.84379,2.25,2.25
2012.04.27 04:05:12.405,0.84364,0.84379,2.25,2.25
2012.04.27 04:05:13.136,0.84365,0.84379,2.25,1.50
2012.04.27 04:05:13.387,0.84361,0.84379,2.25,2.25
2012.04.27 04:05:13.455,0.84366,0.8438,2.25,1.50
2012.04.27 04:05:13.776,0.84367,0.84382,2.25,1.50
2012.04.27 04:05:14.445,0.84367,0.84384,2.25,2.25
2012.04.27 04:05:14.645,0.84368,0.84385,1.50,3.00
2012.04.27 04:05:15.147,0.84367,0.84382,2.25,3.00
2012.04.27 04:05:16.075,0.84364,0.8438,2.25,1.50
2012.04.27 04:05:16.222,0.8437,0.84381,1.50,2.25
2012.04.27 04:05:16.298,0.84371,0.84381,1.50,2.25
2012.04.27 04:05:16.606,0.84371,0.84383,2.25,2.25
2012.04.27 04:05:16.945,0.84371,0.84383,1.50,2.25
2012.04.27 04:05:17.147,0.8437,0.84383,2.25,2.25
2012.04.27 04:05:17.580,0.84368,0.84376,1.50,1.50
2012.04.27 04:05:17.958,0.84364,0.84379,1.50,1.50
2012.04.27 04:05:18.462,0.84365,0.8438,2.25,1.50
2012.04.27 04:05:20.179,0.84365,0.8438,2.25,1.50
2012.04.27 04:05:21.383,0.84365,0.8438,1.50,3.00
2012.04.27 04:05:23.934,0.84363,0.84378,1.50,1.50
2012.04.27 04:05:24.953,0.84364,0.8438,1.50,1.50
2012.04.27 04:05:25.421,0.8436,0.84374,2.25,1.50
2012.04.27 04:05:25.935,0.8436,0.84375,3.75,1.50
2012.04.27 04:05:29.146,0.84361,0.84375,2.25,1.50
2012.04.27 04:05:29.614,0.84361,0.84378,3.75,1.50
2012.04.27 04:05:33.594,0.84364,0.84379,1.50,1.50
2012.04.27 04:05:34.266,0.84362,0.84377,1.50,1.50
2012.04.27 04:05:36.696,0.8436,0.84379,1.50,1.50
2012.04.27 04:05:36.795,0.8436,0.84381,1.50,2.25
2012.04.27 04:05:37.299,0.8436,0.84383,1.50,2.25
2012.04.27 04:05:38.700,0.84362,0.84382,1.50,1.50
2012.04.27 04:05:38.826,0.8436,0.84382,2.25,2.25
2012.04.27 04:05:39.374,0.8436,0.84382,1.50,3.00
2012.04.27 04:05:41.597,0.84364,0.84382,2.17,2.25
2012.04.27 04:05:41.932,0.84382,0.84388,2.93,1.50
2012.04.27 04:05:42.444,0.84386,0.84402,1.50,1.50
2012.04.27 04:05:42.588,0.84386,0.84405,1.50,3.68
2012.04.27 04:05:42.717,0.84387,0.84405,1.50,1.50
2012.04.27 04:05:43.227,0.84387,0.84405,1.50,1.50
2012.04.27 04:05:43.786,0.84387,0.84407,2.25,3.00
2012.04.27 04:05:44.176,0.84387,0.84403,1.50,1.50
2012.04.27 04:05:44.305,0.84388,0.84407,2.25,1.50
2012.04.27 04:05:45.045,0.84388,0.84407,2.25,3.00
2012.04.27 04:05:45.117,0.84388,0.84407,1.50,3.00
2012.04.27 04:05:45.249,0.84386,0.84403,1.50,1.50
2012.04.27 04:05:45.590,0.84376,0.84385,1.13,1.50
2012.04.27 04:05:45.990,0.84377,0.84385,1.13,1.50
2012.04.27 04:05:46.066,0.84371,0.84386,2.25,2.25
2012.04.27 04:05:46.139,0.84371,0.84386,1.50,2.25
2012.04.27 04:05:46.267,0.84369,0.84384,1.50,2.25
2012.04.27 04:05:48.680,0.84368,0.84381,1.50,1.50
2012.04.27 04:05:48.867,0.84364,0.84378,2.18,1.50
2012.04.27 04:05:48.997,0.84359,0.84373,2.25,1.50
2012.04.27 04:05:49.124,0.84359,0.84373,2.25,1.50
2012.04.27 04:05:49.196,0.84361,0.84376,1.50,1.50
2012.04.27 04:05:49.446,0.84363,0.84378,1.50,1.50
2012.04.27 04:05:49.635,0.84357,0.84374,2.25,2.25
2012.04.27 04:05:49.777,0.84357,0.84373,2.25,2.25
2012.04.27 04:05:50.097,0.84347,0.84362,3.00,1.50
2012.04.27 04:05:50.616,0.84347,0.84362,2.25,2.25
2012.04.27 04:05:50.759,0.84345,0.84359,1.50,2.93
2012.04.27 04:05:50.834,0.84341,0.84356,1.50,1.50
2012.04.27 04:05:51.096,0.8435,0.84363,1.50,1.50
2012.04.27 04:05:51.286,0.84348,0.84363,1.50,3.00
2012.04.27 04:05:51.535,0.84348,0.84363,1.50,1.50
2012.04.27 04:05:51.796,0.84352,0.84366,1.50,3.75
2012.04.27 04:05:51.928,0.84342,0.84359,2.25,2.25
2012.04.27 04:05:52.055,0.84342,0.84359,1.50,2.25
2012.04.27 04:05:52.378,0.8434,0.84355,2.25,1.50
2012.04.27 04:05:52.448,0.84342,0.84359,4.50,1.50
2012.04.27 04:05:52.577,0.84345,0.84359,1.50,1.50
2012.04.27 04:05:52.705,0.84348,0.84363,2.25,1.50
2012.04.27 04:05:52.778,0.84348,0.84363,2.25,2.25
2012.04.27 04:05:53.095,0.84346,0.84353,1.50,1.50
2012.04.27 04:05:53.406,0.84342,0.8436,1.50,1.50
2012.04.27 04:05:53.657,0.84342,0.84362,1.50,1.50
2012.04.27 04:05:54.256,0.84345,0.84367,2.17,2.25
2012.04.27 04:05:54.331,0.84345,0.84367,2.92,1.50
2012.04.27 04:05:54.407,0.84346,0.84367,1.50,1.50
2012.04.27 04:05:54.715,0.84343,0.8436,1.50,1.50
2012.04.27 04:05:54.846,0.84342,0.84364,1.50,2.25
2012.04.27 04:05:54.916,0.84339,0.84362,1.50,1.50
2012.04.27 04:05:55.115,0.84342,0.84365,1.50,1.50
2012.04.27 04:05:55.187,0.84345,0.84365,1.50,1.50
2012.04.27 04:05:55.258,0.84345,0.84361,1.50,1.50
2012.04.27 04:05:55.579,0.84345,0.84359,1.50,3.68
2012.04.27 04:05:55.765,0.84339,0.84358,1.50,1.13
2012.04.27 04:05:56.358,0.84339,0.84358,1.50,1.13
2012.04.27 04:05:57.296,0.84338,0.84359,1.50,1.13
2012.04.27 04:05:57.776,0.84339,0.84361,1.50,1.88
2012.04.27 04:05:58.206,0.84339,0.84355,1.50,1.50
2012.04.27 04:05:58.404,0.8434,0.84357,2.25,1.50
2012.04.27 04:06:00.375,0.8434,0.84357,2.25,1.50
2012.04.27 04:06:00.635,0.8434,0.84357,1.50,2.25
2012.04.27 04:06:01.064,0.84338,0.84353,1.50,1.50
2012.04.27 04:06:01.195,0.84342,0.84359,1.50,4.13
2012.04.27 04:06:01.264,0.84342,0.84359,1.50,3.75
2012.04.27 04:06:02.915,0.84342,0.84355,1.50,1.50
2012.04.27 04:06:03.105,0.84337,0.84352,2.25,1.50
2012.04.27 04:06:03.294,0.84337,0.84351,1.50,1.50
2012.04.27 04:06:04.884,0.84337,0.84352,1.50,1.50
2012.04.27 04:06:06.216,0.84337,0.84354,2.25,1.50
2012.04.27 04:06:06.288,0.84341,0.84356,1.50,1.88
2012.04.27 04:06:06.596,0.84339,0.84356,1.50,1.50
2012.04.27 04:06:07.138,0.84342,0.84357,1.50,2.25
2012.04.27 04:06:08.226,0.84343,0.8436,1.50,4.13
2012.04.27 04:06:08.728,0.84342,0.84361,2.25,2.25
2012.04.27 04:06:09.035,0.84346,0.84361,1.50,1.50
2012.04.27 04:06:09.106,0.84342,0.84363,2.25,1.13
2012.04.27 04:06:09.237,0.84342,0.84363,2.25,1.13
2012.04.27 04:06:09.307,0.84342,0.84364,2.25,3.00
2012.04.27 04:06:09.810,0.84347,0.84364,1.50,2.25
2012.04.27 04:06:10.356,0.84346,0.84362,1.50,2.25
2012.04.27 04:06:10.544,0.84345,0.84362,1.50,3.00
2012.04.27 04:06:13.854,0.84345,0.84362,2.25,2.25
2012.04.27 04:06:14.346,0.84345,0.84362,3.00,1.50
2012.04.27 04:06:14.415,0.84349,0.84364,2.25,1.50
2012.04.27 04:06:14.547,0.84352,0.84367,1.50,3.00
2012.04.27 04:06:14.857,0.84352,0.84367,1.50,3.00
2012.04.27 04:06:15.413,0.84346,0.84353,2.25,2.17
2012.04.27 04:06:15.558,0.8434,0.84355,2.25,1.50
2012.04.27 04:06:15.686,0.84338,0.84353,2.25,1.50
2012.04.27 04:06:15.968,0.84336,0.84351,3.75,1.50
2012.04.27 04:06:16.099,0.84341,0.84358,1.50,3.00
2012.04.27 04:06:16.285,0.8434,0.84355,2.25,1.50
2012.04.27 04:06:16.600,0.84342,0.84357,1.50,1.50
2012.04.27 04:06:17.376,0.84343,0.84359,1.50,2.25
2012.04.27 04:06:17.506,0.84343,0.8436,1.50,2.25
2012.04.27 04:06:17.697,0.84346,0.8436,1.50,1.50
2012.04.27 04:06:17.886,0.84343,0.8436,1.50,2.25
2012.04.27 04:06:18.217,0.84343,0.84351,1.50,1.50
2012.04.27 04:06:18.526,0.84342,0.84349,1.50,1.50
2012.04.27 04:06:19.369,0.84342,0.84347,1.50,1.50
2012.04.27 04:06:19.754,0.84331,0.84346,2.25,1.50
2012.04.27 04:06:20.325,0.84342,0.84349,1.50,1.50
2012.04.27 04:06:20.394,0.84339,0.84349,1.50,1.50
2012.04.27 04:06:20.524,0.84331,0.84346,2.25,1.50
2012.04.27 04:06:21.038,0.84331,0.84346,2.25,1.50
2012.04.27 04:06:21.294,0.8433,0.84348,2.25,2.25
2012.04.27 04:06:21.426,0.84329,0.84346,2.25,1.50
2012.04.27 04:06:21.736,0.84331,0.84341,2.25,2.25
2012.04.27 04:06:21.807,0.84331,0.84341,1.50,3.00
2012.04.27 04:06:21.877,0.84324,0.84341,3.00,5.25
2012.04.27 04:06:21.950,0.84324,0.84338,1.50,2.25
2012.04.27 04:06:22.021,0.84323,0.84338,2.25,1.50
2012.04.27 04:06:22.526,0.84323,0.84338,1.50,1.50
2012.04.27 04:06:22.658,0.84321,0.84336,1.50,1.50
2012.04.27 04:06:23.027,0.84322,0.84338,2.25,1.50
2012.04.27 04:06:23.623,0.84325,0.84333,1.50,1.50
2012.04.27 04:06:23.703,0.84313,0.84328,2.25,1.50
2012.04.27 04:06:23.848,0.84314,0.84331,1.50,2.25
2012.04.27 04:06:23.917,0.84311,0.84329,1.50,1.50
2012.04.27 04:06:24.167,0.84313,0.8433,1.50,1.50
2012.04.27 04:06:25.436,0.84313,0.84327,1.50,1.50
2012.04.27 04:06:25.567,0.8431,0.84326,2.25,1.50
2012.04.27 04:06:25.639,0.8431,0.84326,2.25,1.50
2012.04.27 04:06:25.709,0.8431,0.84327,1.50,3.00
2012.04.27 04:06:25.901,0.84314,0.84329,1.50,2.25
2012.04.27 04:06:26.296,0.84311,0.84328,1.50,1.50
2012.04.27 04:06:26.485,0.84311,0.84328,2.25,1.50
2012.04.27 04:06:26.992,0.84314,0.84329,1.50,2.25
2012.04.27 04:06:27.305,0.84313,0.84329,1.50,1.50
2012.04.27 04:06:27.747,0.84309,0.84326,2.25,2.25
2012.04.27 04:06:27.816,0.84307,0.84323,2.25,1.50
2012.04.27 04:06:28.411,0.8431,0.84325,1.50,1.50
2012.04.27 04:06:28.917,0.84311,0.84328,2.25,3.75
2012.04.27 04:06:29.107,0.84311,0.84328,3.00,2.25
2012.04.27 04:06:29.416,0.84317,0.8433,1.50,2.25
2012.04.27 04:06:29.669,0.84314,0.84329,1.50,2.25
2012.04.27 04:06:30.231,0.84315,0.84331,1.50,1.88
2012.04.27 04:06:30.966,0.84313,0.84328,1.50,1.50
2012.04.27 04:06:32.067,0.84314,0.84331,1.50,1.50
2012.04.27 04:06:32.615,0.84314,0.84331,1.50,2.25
2012.04.27 04:06:32.686,0.84317,0.84332,1.50,3.00
2012.04.27 04:06:33.186,0.84317,0.84332,1.50,1.50
2012.04.27 04:06:33.317,0.84318,0.84335,1.50,3.00
2012.04.27 04:06:33.750,0.8432,0.84335,1.50,1.50
2012.04.27 04:06:33.886,0.84316,0.84332,1.50,1.50
2012.04.27 04:06:33.955,0.84318,0.84335,1.50,1.50
2012.04.27 04:06:34.265,0.84316,0.84333,2.25,1.50
2012.04.27 04:06:35.494,0.84316,0.84333,3.00,1.50
2012.04.27 04:06:35.920,0.84316,0.84333,3.00,1.50
2012.04.27 04:06:36.118,0.84318,0.84335,2.25,1.50
2012.04.27 04:06:36.185,0.84316,0.84332,1.50,1.50
2012.04.27 04:06:36.317,0.84317,0.84334,2.25,1.50
2012.04.27 04:06:37.586,0.84317,0.84334,2.25,1.50
2012.04.27 04:06:37.656,0.84321,0.84338,2.25,2.25
2012.04.27 04:06:38.555,0.84321,0.84338,2.25,1.50
2012.04.27 04:06:39.119,0.84321,0.84338,2.25,1.50
2012.04.27 04:06:39.816,0.84319,0.84336,1.50,1.50
2012.04.27 04:06:41.337,0.84318,0.84336,2.25,2.25
2012.04.27 04:06:41.406,0.84318,0.84336,2.25,1.50
2012.04.27 04:06:41.965,0.84318,0.84336,2.25,2.25
2012.04.27 04:06:42.289,0.84322,0.84337,1.50,1.50
2012.04.27 04:06:45.941,0.84322,0.8434,2.25,3.75
2012.04.27 04:06:47.604,0.84322,0.8434,2.25,3.00
2012.04.27 04:06:48.157,0.84337,0.84351,1.50,1.50
2012.04.27 04:06:48.225,0.84337,0.84352,1.50,3.00
2012.04.27 04:06:48.425,0.84333,0.8435,1.50,1.50
2012.04.27 04:06:49.555,0.84333,0.8435,1.50,2.25
2012.04.27 04:06:49.689,0.84331,0.84344,2.25,1.50
2012.04.27 04:06:49.935,0.84334,0.84351,1.50,2.25
2012.04.27 04:06:50.247,0.84329,0.8435,3.75,1.50
2012.04.27 04:06:50.376,0.84331,0.84353,2.25,3.00
2012.04.27 04:06:50.936,0.84331,0.84353,2.25,3.00
2012.04.27 04:06:51.245,0.84331,0.84353,1.50,4.50
2012.04.27 04:06:51.986,0.84329,0.84351,3.75,1.50
2012.04.27 04:06:52.495,0.8433,0.84352,1.50,2.25
2012.04.27 04:06:52.567,0.84329,0.84349,3.00,2.92
2012.04.27 04:06:52.819,0.84327,0.84347,2.25,1.50
2012.04.27 04:06:52.890,0.84325,0.84347,2.25,1.50
2012.04.27 04:06:53.017,0.84325,0.84345,1.50,1.50
2012.04.27 04:06:53.536,0.84326,0.84343,1.50,3.00
2012.04.27 04:06:56.897,0.84329,0.84344,1.50,2.25
2012.04.27 04:06:58.282,0.84328,0.84345,1.50,3.00
2012.04.27 04:06:58.605,0.84328,0.84345,1.50,2.25
2012.04.27 04:06:58.955,0.8433,0.84346,1.50,1.50
2012.04.27 04:07:00.645,0.84329,0.84344,1.50,2.25
2012.04.27 04:07:05.594,0.84328,0.84344,1.50,1.50
2012.04.27 04:07:06.547,0.84331,0.84346,1.50,3.75
2012.04.27 04:07:07.875,0.84331,0.84346,1.50,3.75
2012.04.27 04:07:08.196,0.84335,0.8435,1.50,1.50
2012.04.27 04:07:08.265,0.84335,0.84351,1.50,3.00
2012.04.27 04:07:08.336,0.84339,0.84352,1.50,3.75
2012.04.27 04:07:08.470,0.84337,0.84352,1.50,3.75
2012.04.27 04:07:08.539,0.84334,0.84351,1.50,1.50
2012.04.27 04:07:08.664,0.84333,0.84348,2.25,1.50
2012.04.27 04:07:08.735,0.84335,0.84351,1.50,3.00
2012.04.27 04:07:08.988,0.84333,0.84347,1.50,1.50
2012.04.27 04:07:09.176,0.84334,0.84349,1.50,2.25
2012.04.27 04:07:09.308,0.84339,0.84352,1.50,3.00
2012.04.27 04:07:09.495,0.84337,0.84352,1.50,2.25
2012.04.27 04:07:09.625,0.84339,0.84352,1.50,2.25
2012.04.27 04:07:10.221,0.84334,0.84352,1.50,4.50
2012.04.27 04:07:10.526,0.84331,0.84348,2.25,3.00
2012.04.27 04:07:10.596,0.84334,0.84348,1.50,1.50
2012.04.27 04:07:10.974,0.84334,0.84347,1.50,1.50
2012.04.27 04:07:11.046,0.84329,0.84344,2.25,1.50
2012.04.27 04:07:11.176,0.84329,0.84343,2.25,1.50
2012.04.27 04:07:11.486,0.84327,0.84343,1.50,2.25
2012.04.27 04:07:12.047,0.84331,0.84343,1.50,2.17
2012.04.27 04:07:12.175,0.84333,0.84348,1.50,2.25
2012.04.27 04:07:12.248,0.84336,0.84349,1.50,1.50
2012.04.27 04:07:12.764,0.84336,0.84349,1.50,1.50
2012.04.27 04:07:13.044,0.84333,0.8435,1.50,3.00
2012.04.27 04:07:13.115,0.84333,0.8435,1.50,3.00
2012.04.27 04:07:13.318,0.84331,0.84346,1.50,1.50
2012.04.27 04:07:13.387,0.84331,0.84344,1.50,1.50
2012.04.27 04:07:13.948,0.8433,0.84342,1.50,1.50
2012.04.27 04:07:14.558,0.84327,0.84342,2.25,1.50
2012.04.27 04:07:15.234,0.84325,0.8434,2.25,1.50
2012.04.27 04:07:16.176,0.84324,0.84341,2.25,3.75
2012.04.27 04:07:16.764,0.84324,0.84341,2.25,3.00
2012.04.27 04:07:18.456,0.84327,0.84342,1.50,3.75
2012.04.27 04:07:18.705,0.84327,0.84342,1.50,3.00
2012.04.27 04:07:19.207,0.84328,0.84345,1.50,2.25
2012.04.27 04:07:19.338,0.84328,0.84345,2.25,1.50
2012.04.27 04:07:19.465,0.8433,0.84347,1.50,2.25
2012.04.27 04:07:20.059,0.84333,0.84348,1.50,2.25
2012.04.27 04:07:22.137,0.8433,0.84347,2.25,1.50
2012.04.27 04:07:24.288,0.8433,0.84351,1.50,2.25
2012.04.27 04:07:25.225,0.8433,0.84351,2.25,3.00
2012.04.27 04:07:25.486,0.8433,0.84349,1.50,1.50
2012.04.27 04:07:26.127,0.84332,0.8435,1.50,1.50
2012.04.27 04:07:26.199,0.84332,0.8435,1.50,1.50
2012.04.27 04:07:26.516,0.84332,0.8435,2.25,2.25
2012.04.27 04:07:26.585,0.8433,0.8435,1.50,1.50
2012.04.27 04:07:27.386,0.8433,0.8435,1.50,2.25
2012.04.27 04:07:27.935,0.84328,0.84348,1.50,2.25
2012.04.27 04:07:28.248,0.84324,0.84342,1.50,1.50
2012.04.27 04:07:28.375,0.84324,0.84342,1.50,1.50
2012.04.27 04:07:28.965,0.84324,0.84343,3.00,1.50
2012.04.27 04:07:29.471,0.84324,0.84343,3.00,1.50
2012.04.27 04:07:30.538,0.84324,0.84342,3.00,1.50
2012.04.27 04:07:31.234,0.84324,0.84342,3.00,1.50
2012.04.27 04:07:33.855,0.84326,0.84342,1.50,1.50
2012.04.27 04:07:34.410,0.84327,0.84342,1.50,3.00
2012.04.27 04:07:35.405,0.84327,0.84342,1.50,3.38
2012.04.27 04:07:35.737,0.84319,0.84333,2.25,1.50
2012.04.27 04:07:35.810,0.84316,0.84333,2.25,2.25
2012.04.27 04:07:35.941,0.84316,0.8433,1.50,1.50
2012.04.27 04:07:36.079,0.84315,0.8433,2.25,1.50
2012.04.27 04:07:36.147,0.84318,0.84335,1.50,2.25
2012.04.27 04:07:37.016,0.84316,0.84333,3.00,1.50
2012.04.27 04:07:37.336,0.84319,0.84333,1.50,1.50
2012.04.27 04:07:37.648,0.84321,0.84338,1.50,1.50
2012.04.27 04:07:37.788,0.84321,0.84335,1.50,1.50
2012.04.27 04:07:38.939,0.84321,0.84337,2.25,1.50
2012.04.27 04:07:39.197,0.8432,0.84334,2.25,1.50
2012.04.27 04:07:39.698,0.8432,0.84334,2.25,1.50
2012.04.27 04:07:39.864,0.8432,0.84337,3.75,1.50
2012.04.27 04:07:41.645,0.8432,0.84337,4.13,1.50
2012.04.27 04:07:41.715,0.84325,0.84337,1.50,1.50
2012.04.27 04:07:42.047,0.84332,0.84345,1.50,1.50
2012.04.27 04:07:42.116,0.8433,0.84347,3.00,3.00
2012.04.27 04:07:42.187,0.84335,0.8435,1.50,3.00
2012.04.27 04:07:42.314,0.84335,0.8435,1.50,2.25
2012.04.27 04:07:48.475,0.84336,0.84352,1.50,1.50
2012.04.27 04:07:48.926,0.84339,0.84352,1.50,1.50
2012.04.27 04:07:49.627,0.84336,0.84352,1.50,1.50
2012.04.27 04:07:51.538,0.84336,0.84353,1.50,2.25
2012.04.27 04:07:51.726,0.84341,0.84356,1.50,3.00
2012.04.27 04:07:51.796,0.84339,0.84354,1.50,1.50
2012.04.27 04:07:52.045,0.84336,0.84353,2.25,1.50
2012.04.27 04:07:52.675,0.84336,0.84353,2.25,2.25
2012.04.27 04:07:53.007,0.84335,0.8435,1.50,2.25
2012.04.27 04:07:53.260,0.84329,0.84346,3.00,1.50
2012.04.27 04:07:56.685,0.84332,0.84347,2.25,1.50
2012.04.27 04:07:57.424,0.84334,0.84347,2.92,1.50
2012.04.27 04:07:57.501,0.84337,0.84354,1.50,1.50
2012.04.27 04:07:58.164,0.84337,0.84354,2.25,1.50
2012.04.27 04:07:58.430,0.84337,0.84354,1.50,1.50
2012.04.27 04:07:58.567,0.84339,0.84354,1.50,1.50
2012.04.27 04:07:58.965,0.8434,0.84357,2.25,2.25
2012.04.27 04:07:59.526,0.8434,0.84357,2.25,1.50
2012.04.27 04:07:59.717,0.84342,0.84359,1.50,2.25
2012.04.27 04:08:00.026,0.84345,0.84361,1.50,2.25
2012.04.27 04:08:00.575,0.84345,0.84361,1.50,2.25
2012.04.27 04:08:00.885,0.84344,0.84359,2.25,1.50
2012.04.27 04:08:01.016,0.84345,0.84362,2.25,3.00
2012.04.27 04:08:02.525,0.84343,0.8436,5.17,1.50
2012.04.27 04:08:02.835,0.84343,0.84358,1.50,1.50
2012.04.27 04:08:03.935,0.84344,0.84359,1.50,1.50
2012.04.27 04:08:04.184,0.84343,0.84357,1.50,1.50
2012.04.27 04:08:04.255,0.84343,0.8436,3.00,1.50
2012.04.27 04:08:04.387,0.84343,0.8436,3.75,1.50
2012.04.27 04:08:04.725,0.84348,0.84362,1.50,1.50
2012.04.27 04:08:05.278,0.84346,0.84363,3.00,2.25
2012.04.27 04:08:05.785,0.84346,0.84363,3.00,2.25
2012.04.27 04:08:06.117,0.84345,0.84359,1.50,1.50
2012.04.27 04:08:06.309,0.84341,0.84358,1.50,2.25
2012.04.27 04:08:06.376,0.84338,0.84355,3.00,1.50
2012.04.27 04:08:06.720,0.84349,0.84355,2.17,1.50
2012.04.27 04:08:06.786,0.84349,0.84364,2.17,1.50
2012.04.27 04:08:06.858,0.84352,0.84367,1.50,3.00
2012.04.27 04:08:07.187,0.84345,0.8436,3.00,1.50
2012.04.27 04:08:08.218,0.84346,0.84363,2.25,1.50
2012.04.27 04:08:09.018,0.84346,0.84363,1.50,1.50
2012.04.27 04:08:09.177,0.84345,0.84359,1.50,1.50
2012.04.27 04:08:09.498,0.84351,0.84361,2.17,1.50
2012.04.27 04:08:09.878,0.84351,0.84363,2.17,1.50
2012.04.27 04:08:10.907,0.84351,0.84366,2.17,1.50
2012.04.27 04:08:11.768,0.84354,0.84366,1.50,1.50
2012.04.27 04:08:12.320,0.84353,0.84367,2.17,1.50
2012.04.27 04:08:12.676,0.84354,0.84367,2.17,1.50
2012.04.27 04:08:12.989,0.84357,0.84371,1.50,1.50
2012.04.27 04:08:13.056,0.84358,0.84371,2.17,1.50
2012.04.27 04:08:13.504,0.84357,0.84372,2.25,1.50
2012.04.27 04:08:14.606,0.84357,0.84372,2.25,1.50
2012.04.27 04:08:14.736,0.84359,0.84374,2.25,1.50
2012.04.27 04:08:14.806,0.84361,0.84376,1.50,2.25
2012.04.27 04:08:14.938,0.84365,0.84381,1.50,1.50
2012.04.27 04:08:15.250,0.84373,0.84383,2.17,2.25
2012.04.27 04:08:15.506,0.84374,0.84388,1.50,1.50
2012.04.27 04:08:15.636,0.84376,0.84391,1.50,1.50
2012.04.27 04:08:16.816,0.84374,0.84389,3.00,1.50
2012.04.27 04:08:17.085,0.84375,0.84392,2.25,2.25
2012.04.27 04:08:17.337,0.84375,0.84392,2.25,2.25
2012.04.27 04:08:17.767,0.84379,0.84396,3.00,2.25
2012.04.27 04:08:18.076,0.84381,0.84396,1.50,1.50
2012.04.27 04:08:18.324,0.84383,0.844,2.25,2.25
2012.04.27 04:08:18.457,0.84383,0.84397,1.50,1.50
2012.04.27 04:08:18.526,0.84384,0.84399,2.25,1.50
2012.04.27 04:08:18.775,0.84386,0.84401,1.50,2.25
2012.04.27 04:08:19.330,0.84385,0.84404,1.50,1.50
2012.04.27 04:08:19.397,0.84385,0.84405,1.50,3.00
2012.04.27 04:08:19.465,0.84385,0.84405,2.25,3.00
2012.04.27 04:08:19.679,0.8439,0.84408,1.50,1.50
2012.04.27 04:08:19.998,0.84389,0.8441,2.25,1.50
2012.04.27 04:08:20.068,0.84391,0.8441,4.05,1.50
2012.04.27 04:08:20.136,0.84396,0.84412,1.50,2.25
2012.04.27 04:08:20.208,0.84394,0.84412,2.17,1.50
2012.04.27 04:08:20.791,0.84395,0.84412,2.25,3.00
2012.04.27 04:08:20.860,0.84397,0.84414,2.25,1.50
2012.04.27 04:08:21.177,0.84399,0.84416,1.50,2.25
2012.04.27 04:08:21.568,0.84404,0.8442,1.50,2.25
2012.04.27 04:08:21.886,0.84407,0.84422,1.50,2.25
2012.04.27 04:08:22.208,0.84404,0.84422,1.50,2.25
2012.04.27 04:08:22.677,0.84404,0.84422,2.25,1.50
2012.04.27 04:08:22.867,0.84403,0.8442,4.43,1.50
2012.04.27 04:08:23.177,0.84403,0.8442,1.50,1.50
2012.04.27 04:08:23.251,0.84405,0.8442,1.50,1.50
2012.04.27 04:08:23.441,0.84416,0.84427,1.50,1.50
2012.04.27 04:08:23.579,0.84416,0.84432,3.38,2.25
2012.04.27 04:08:23.647,0.84417,0.84432,2.25,2.25
2012.04.27 04:08:23.788,0.84422,0.84439,1.50,1.50
2012.04.27 04:08:23.858,0.84422,0.8444,1.50,1.50
2012.04.27 04:08:24.331,0.84425,0.8444,1.50,1.50
2012.04.27 04:08:24.412,0.84421,0.8444,2.25,1.50
2012.04.27 04:08:24.558,0.84421,0.84438,2.25,1.50
2012.04.27 04:08:24.632,0.84419,0.84438,2.25,1.50
2012.04.27 04:08:24.780,0.84419,0.84432,1.50,2.17
2012.04.27 04:08:25.049,0.84413,0.84426,1.50,1.50
2012.04.27 04:08:25.180,0.84406,0.84423,2.25,2.25
2012.04.27 04:08:25.388,0.84403,0.84419,1.50,1.50
2012.04.27 04:08:25.577,0.84403,0.84419,1.50,1.50
2012.04.27 04:08:25.886,0.8441,0.84419,1.50,1.50
2012.04.27 04:08:26.086,0.84408,0.84419,1.50,1.50
2012.04.27 04:08:26.161,0.84409,0.84424,1.50,1.50
2012.04.27 04:08:26.229,0.84414,0.84427,1.50,1.50
2012.04.27 04:08:26.368,0.84408,0.84425,3.00,1.50
2012.04.27 04:08:27.276,0.84408,0.84423,1.50,2.25
2012.04.27 04:08:27.468,0.84406,0.84421,1.50,3.75
2012.04.27 04:08:27.540,0.84406,0.84416,1.50,2.17
2012.04.27 04:08:27.606,0.84397,0.84412,1.50,1.50
2012.04.27 04:08:27.678,0.84397,0.84412,1.50,1.50
2012.04.27 04:08:27.985,0.84395,0.84412,2.25,1.50
2012.04.27 04:08:28.119,0.84394,0.84407,1.50,1.50
2012.04.27 04:08:28.317,0.8439,0.84405,2.25,2.25
2012.04.27 04:08:28.460,0.84386,0.84404,2.25,3.00
2012.04.27 04:08:28.529,0.84384,0.84401,1.50,1.50
2012.04.27 04:08:28.855,0.84381,0.84396,1.50,1.50
2012.04.27 04:08:29.376,0.84382,0.84397,1.50,1.50
2012.04.27 04:08:29.689,0.84383,0.844,1.50,1.50
2012.04.27 04:08:30.240,0.84383,0.844,1.50,4.42
2012.04.27 04:08:30.318,0.84382,0.84397,1.50,1.50
2012.04.27 04:08:30.707,0.84379,0.84396,1.50,1.50
2012.04.27 04:08:33.169,0.84379,0.84396,1.50,2.25
2012.04.27 04:08:34.308,0.8438,0.84396,1.50,1.50
2012.04.27 04:08:34.956,0.84375,0.84393,2.25,1.50
2012.04.27 04:08:35.278,0.8438,0.84398,3.00,1.50
2012.04.27 04:08:35.417,0.84383,0.84399,1.50,1.50
2012.04.27 04:08:35.487,0.84383,0.844,1.50,1.50
2012.04.27 04:08:35.865,0.84381,0.844,2.25,1.50
2012.04.27 04:08:35.937,0.84381,0.844,3.75,1.50
2012.04.27 04:08:36.545,0.84381,0.84401,3.00,1.50
2012.04.27 04:08:38.667,0.84382,0.84401,1.50,2.25
2012.04.27 04:08:39.098,0.84382,0.84401,1.50,2.25
2012.04.27 04:08:42.995,0.84384,0.844,1.50,1.50
2012.04.27 04:08:43.555,0.84384,0.84401,1.50,1.50
2012.04.27 04:08:43.817,0.84384,0.84403,2.25,3.00
2012.04.27 04:08:45.286,0.84387,0.84403,1.50,3.75
2012.04.27 04:08:45.475,0.84387,0.84403,1.50,1.50
2012.04.27 04:08:45.786,0.84386,0.84405,3.00,1.50
2012.04.27 04:08:46.113,0.84382,0.84401,5.17,2.25
2012.04.27 04:08:46.735,0.84382,0.84401,3.00,2.25
2012.04.27 04:08:48.426,0.84382,0.84392,3.00,2.17
2012.04.27 04:08:48.639,0.84368,0.84381,1.50,1.50
2012.04.27 04:08:48.828,0.84365,0.84379,2.25,1.50
2012.04.27 04:08:49.016,0.84361,0.8438,2.25,1.50
2012.04.27 04:08:49.085,0.84363,0.8438,1.50,1.50
2012.04.27 04:08:49.396,0.84362,0.84377,1.50,1.50
2012.04.27 04:08:49.465,0.84362,0.8438,1.50,2.25
2012.04.27 04:08:49.788,0.84363,0.84378,1.50,1.50
2012.04.27 04:08:49.861,0.84359,0.84379,1.50,3.00
2012.04.27 04:08:49.988,0.84358,0.84379,3.75,3.00
2012.04.27 04:08:50.058,0.84365,0.84379,1.50,1.50
2012.04.27 04:08:50.257,0.84362,0.8438,1.50,1.50
2012.04.27 04:08:50.505,0.84364,0.8438,1.50,1.50
2012.04.27 04:08:50.816,0.84364,0.84378,1.50,1.50
2012.04.27 04:08:50.956,0.84358,0.84378,2.25,1.50
2012.04.27 04:08:52.445,0.84358,0.84375,2.25,1.50
2012.04.27 04:08:53.018,0.84358,0.84375,2.25,1.50
2012.04.27 04:08:53.326,0.8436,0.84376,1.50,1.50
2012.04.27 04:08:53.864,0.84359,0.84376,1.50,1.50
2012.04.27 04:08:55.395,0.84359,0.84376,2.25,1.50
2012.04.27 04:08:55.467,0.84361,0.84379,1.50,1.50
2012.04.27 04:08:55.775,0.84361,0.84377,1.50,1.50
2012.04.27 04:08:55.845,0.84358,0.84377,3.00,1.50
2012.04.27 04:08:56.620,0.84358,0.84374,2.25,1.50
2012.04.27 04:08:58.684,0.84357,0.84374,2.25,1.50
2012.04.27 04:08:59.324,0.84355,0.84373,3.00,1.50
2012.04.27 04:08:59.968,0.84354,0.84373,1.50,3.00
2012.04.27 04:09:00.497,0.84354,0.84373,1.50,1.50
2012.04.27 04:09:00.926,0.84355,0.84371,1.50,1.50
2012.04.27 04:09:01.237,0.84355,0.84373,2.25,1.50
2012.04.27 04:09:01.487,0.84355,0.8437,2.25,1.50
2012.04.27 04:09:01.557,0.84355,0.84372,2.25,1.50
2012.04.27 04:09:02.085,0.84355,0.8437,3.00,1.50
2012.04.27 04:09:02.638,0.84353,0.8437,1.50,1.50
2012.04.27 04:09:02.769,0.84351,0.8437,2.25,3.00
2012.04.27 04:09:03.364,0.84351,0.84369,1.50,1.50
2012.04.27 04:09:03.564,0.84349,0.84368,3.00,1.50
2012.04.27 04:09:03.756,0.84349,0.84367,3.00,1.50
2012.04.27 04:09:04.625,0.84348,0.84365,1.50,1.50
2012.04.27 04:09:05.174,0.84347,0.84365,2.25,1.50
2012.04.27 04:09:05.438,0.84345,0.84363,1.50,1.50
2012.04.27 04:09:05.746,0.84343,0.84358,1.50,1.50
2012.04.27 04:09:05.818,0.8434,0.84357,3.00,1.50
2012.04.27 04:09:06.255,0.84337,0.84353,1.50,1.50
2012.04.27 04:09:06.325,0.84336,0.84353,1.50,1.50
2012.04.27 04:09:07.028,0.84336,0.84353,1.50,1.50
2012.04.27 04:09:07.627,0.84336,0.84357,3.75,2.25
2012.04.27 04:09:07.757,0.84339,0.8436,2.25,3.00
2012.04.27 04:09:07.826,0.84339,0.8436,2.25,3.00
2012.04.27 04:09:07.957,0.84339,0.8436,2.25,2.25
2012.04.27 04:09:08.096,0.84338,0.84356,1.50,1.50
2012.04.27 04:09:08.348,0.84343,0.84362,2.25,3.75
2012.04.27 04:09:08.780,0.84345,0.84362,1.50,1.50
2012.04.27 04:09:09.100,0.84348,0.84367,2.25,2.25
2012.04.27 04:09:09.417,0.84348,0.84365,1.50,1.50
2012.04.27 04:09:09.606,0.84348,0.84368,1.50,2.25
2012.04.27 04:09:10.296,0.84348,0.84368,1.50,2.25
2012.04.27 04:09:10.667,0.84348,0.84368,1.50,2.25
2012.04.27 04:09:11.195,0.84345,0.84364,3.00,1.50
2012.04.27 04:09:11.731,0.84345,0.84363,1.50,1.50
2012.04.27 04:09:12.985,0.84345,0.84362,1.50,1.50
2012.04.27 04:09:13.176,0.84342,0.84361,1.50,1.50
2012.04.27 04:09:14.264,0.84342,0.84361,1.50,1.88
2012.04.27 04:09:16.138,0.8434,0.84361,1.50,3.75
2012.04.27 04:09:16.268,0.8434,0.84355,1.50,3.00
2012.04.27 04:09:16.588,0.84334,0.84351,2.25,1.50
2012.04.27 04:09:17.077,0.8434,0.84346,1.50,1.50
2012.04.27 04:09:17.147,0.8434,0.84354,1.50,1.50
2012.04.27 04:09:17.348,0.84341,0.84354,1.50,1.50
2012.04.27 04:09:17.477,0.84341,0.84357,1.50,1.50
2012.04.27 04:09:17.726,0.84342,0.84359,1.50,1.50
2012.04.27 04:09:19.027,0.84345,0.84359,1.50,1.50
2012.04.27 04:09:19.227,0.84349,0.84364,1.50,1.50
2012.04.27 04:09:19.356,0.8435,0.84364,1.50,1.50
2012.04.27 04:09:19.959,0.84349,0.84364,1.50,1.50
2012.04.27 04:09:20.031,0.84352,0.84369,1.50,1.50
2012.04.27 04:09:20.477,0.84351,0.84371,2.25,2.25
2012.04.27 04:09:20.727,0.84356,0.84371,2.25,1.50
2012.04.27 04:09:21.036,0.84358,0.84375,1.50,3.00
2012.04.27 04:09:21.227,0.84358,0.84375,1.50,3.00
2012.04.27 04:09:21.415,0.84358,0.84375,3.00,1.50
2012.04.27 04:09:21.488,0.84358,0.84375,1.50,1.50
2012.04.27 04:09:21.616,0.84359,0.84372,1.50,1.50
2012.04.27 04:09:21.866,0.8436,0.84376,1.13,2.25
2012.04.27 04:09:22.360,0.84363,0.84381,1.13,3.00
2012.04.27 04:09:22.667,0.84366,0.84382,1.50,2.63
2012.04.27 04:09:23.019,0.84355,0.84364,1.50,1.50
2012.04.27 04:09:23.434,0.84355,0.84364,1.50,1.50
2012.04.27 04:09:23.516,0.84343,0.8436,2.25,1.50
2012.04.27 04:09:23.659,0.84339,0.84357,3.00,1.50
2012.04.27 04:09:23.978,0.84335,0.84355,1.50,2.25
2012.04.27 04:09:24.049,0.84332,0.84353,2.25,1.50
2012.04.27 04:09:24.189,0.84331,0.84352,1.50,3.00
2012.04.27 04:09:24.499,0.84328,0.84343,1.50,1.50
2012.04.27 04:09:24.746,0.84325,0.84343,1.50,1.50
2012.04.27 04:09:25.295,0.84325,0.84345,1.50,1.50
2012.04.27 04:09:25.718,0.84325,0.84346,3.00,3.00
2012.04.27 04:09:25.786,0.84325,0.84343,1.50,1.50
2012.04.27 04:09:26.996,0.84324,0.84343,1.50,2.25
2012.04.27 04:09:27.531,0.84317,0.84338,2.25,2.25
2012.04.27 04:09:29.237,0.84318,0.84338,1.50,1.50
2012.04.27 04:09:29.305,0.84318,0.84337,1.50,2.25
2012.04.27 04:09:29.558,0.84316,0.84335,1.50,3.00
2012.04.27 04:09:29.868,0.84313,0.84333,3.00,3.00
2012.04.27 04:09:30.188,0.8431,0.84328,1.50,4.50
2012.04.27 04:09:30.497,0.84307,0.84322,1.50,1.50
2012.04.27 04:09:30.625,0.84303,0.84322,2.25,2.25
2012.04.27 04:09:31.067,0.84307,0.84322,1.50,1.50
2012.04.27 04:09:31.528,0.84301,0.8432,3.00,1.50
2012.04.27 04:09:31.599,0.84301,0.8432,3.00,1.50
2012.04.27 04:09:32.371,0.843,0.84319,1.88,2.25
2012.04.27 04:09:32.446,0.84289,0.84301,1.13,1.50
2012.04.27 04:09:32.773,0.84281,0.84287,1.30,2.25
2012.04.27 04:09:32.851,0.84279,0.84287,2.25,2.25
2012.04.27 04:09:32.978,0.84274,0.84284,1.50,2.85
2012.04.27 04:09:33.177,0.84274,0.84282,1.50,3.00
2012.04.27 04:09:33.500,0.84262,0.84275,1.50,1.50
2012.04.27 04:09:33.818,0.84249,0.84268,1.50,2.25
2012.04.27 04:09:33.888,0.84248,0.84268,3.00,2.25
2012.04.27 04:09:34.078,0.84252,0.84268,2.17,2.25
2012.04.27 04:09:34.508,0.84249,0.84267,2.17,2.25
2012.04.27 04:09:34.637,0.84249,0.84267,2.17,2.25
2012.04.27 04:09:35.268,0.84249,0.84266,2.17,2.25
2012.04.27 04:09:35.620,0.84252,0.84267,1.50,1.50
2012.04.27 04:09:35.689,0.84252,0.84271,1.50,1.50
2012.04.27 04:09:35.878,0.84252,0.84274,2.25,2.63
2012.04.27 04:09:35.946,0.84252,0.84274,2.25,2.63
2012.04.27 04:09:36.207,0.84254,0.84276,3.00,2.25
2012.04.27 04:09:36.464,0.84259,0.84276,2.17,2.25
2012.04.27 04:09:36.598,0.84259,0.84279,2.17,3.00
2012.04.27 04:09:36.846,0.84261,0.8428,1.88,2.25
2012.04.27 04:09:37.158,0.84265,0.84283,1.50,2.25
2012.04.27 04:09:37.477,0.8427,0.84284,2.17,1.50
2012.04.27 04:09:37.546,0.84271,0.84286,1.50,1.50
2012.04.27 04:09:37.986,0.84272,0.84285,2.25,1.50
2012.04.27 04:09:38.117,0.84272,0.84289,2.25,1.50
2012.04.27 04:09:38.187,0.84275,0.84289,2.17,1.50
2012.04.27 04:09:38.436,0.84276,0.84293,1.50,1.50
2012.04.27 04:09:38.566,0.84281,0.84293,2.17,1.50
2012.04.27 04:09:39.035,0.84286,0.84303,1.50,2.25
2012.04.27 04:09:39.109,0.84287,0.84308,2.25,3.00
2012.04.27 04:09:39.247,0.84287,0.84308,1.50,3.00
2012.04.27 04:09:39.318,0.84289,0.84304,2.17,1.50
2012.04.27 04:09:39.446,0.84289,0.84307,2.17,1.50
2012.04.27 04:09:39.518,0.84287,0.84307,1.50,2.25
2012.04.27 04:09:39.590,0.84287,0.84307,1.50,2.25
2012.04.27 04:09:39.658,0.84287,0.84307,1.50,1.50
2012.04.27 04:09:39.728,0.84289,0.84307,2.17,1.50
2012.04.27 04:09:39.797,0.84289,0.84308,2.17,3.75
2012.04.27 04:09:40.288,0.84287,0.84308,1.50,2.25
2012.04.27 04:09:40.355,0.84287,0.84308,2.25,2.25
2012.04.27 04:09:40.865,0.84288,0.84309,1.50,2.25
2012.04.27 04:09:41.317,0.84289,0.84309,2.25,2.25
2012.04.27 04:09:41.636,0.8429,0.84306,1.50,1.50
2012.04.27 04:09:41.708,0.8429,0.84308,2.25,1.50
2012.04.27 04:09:42.137,0.84291,0.8431,1.50,2.25
2012.04.27 04:09:42.445,0.84289,0.84308,2.25,1.50
2012.04.27 04:09:42.635,0.84287,0.84307,1.50,1.50
2012.04.27 04:09:43.409,0.84291,0.8431,1.50,3.00
2012.04.27 04:09:43.716,0.84291,0.8431,1.50,2.25
2012.04.27 04:09:43.966,0.84289,0.84308,1.50,2.25
2012.04.27 04:09:44.494,0.8429,0.8431,1.50,1.50
2012.04.27 04:09:45.047,0.84287,0.84308,3.75,2.25
2012.04.27 04:09:45.355,0.8429,0.84309,1.50,2.25
2012.04.27 04:09:45.936,0.84288,0.84307,3.75,1.50
2012.04.27 04:09:46.696,0.84288,0.84305,2.25,1.50
2012.04.27 04:09:47.245,0.84288,0.84304,1.50,1.50
2012.04.27 04:09:48.794,0.84287,0.84304,1.50,1.50
2012.04.27 04:09:49.401,0.84283,0.84302,2.25,1.50
2012.04.27 04:09:49.586,0.84281,0.84301,2.25,1.50
2012.04.27 04:09:49.775,0.84281,0.84301,3.00,1.50
2012.04.27 04:09:50.319,0.84281,0.84302,4.50,1.50
2012.04.27 04:09:51.185,0.84281,0.84302,3.75,1.50
2012.04.27 04:09:51.505,0.84284,0.84303,1.50,1.50
2012.04.27 04:09:51.637,0.84281,0.84302,2.25,2.25
2012.04.27 04:09:52.976,0.84281,0.84302,2.25,2.25
2012.04.27 04:09:53.118,0.84278,0.84297,1.50,2.25
2012.04.27 04:09:53.305,0.84275,0.84296,5.25,2.25
2012.04.27 04:09:53.617,0.84276,0.84296,1.50,2.25
2012.04.27 04:09:54.187,0.8428,0.84301,2.25,3.75
2012.04.27 04:09:54.385,0.8428,0.84301,2.25,2.25
2012.04.27 04:09:56.464,0.84278,0.84299,3.75,1.50
2012.04.27 04:09:57.357,0.84278,0.84299,2.25,2.25
2012.04.27 04:09:57.548,0.84277,0.84296,3.00,1.50
2012.04.27 04:09:57.868,0.84273,0.84288,1.50,1.50
2012.04.27 04:09:57.998,0.84273,0.84291,2.25,1.50
2012.04.27 04:09:58.186,0.84273,0.84294,2.25,2.25
2012.04.27 04:09:58.259,0.84276,0.84295,3.00,2.25
2012.04.27 04:09:58.587,0.84282,0.84294,1.50,1.50
2012.04.27 04:09:58.857,0.84281,0.84296,1.50,1.50
2012.04.27 04:09:58.987,0.84281,0.84299,2.25,1.50
2012.04.27 04:09:59.615,0.84284,0.84301,1.50,1.50
2012.04.27 04:10:00.166,0.84284,0.84302,2.25,2.25
2012.04.27 04:10:00.406,0.84284,0.843,2.25,1.50
2012.04.27 04:10:01.025,0.84283,0.843,2.25,1.50
2012.04.27 04:10:01.420,0.84286,0.84304,1.50,1.50
2012.04.27 04:10:01.726,0.84288,0.84306,1.50,1.50
2012.04.27 04:10:02.035,0.84288,0.84307,1.50,3.00
2012.04.27 04:10:02.596,0.84288,0.84307,1.50,3.00
2012.04.27 04:10:03.055,0.84288,0.84307,1.50,3.00
2012.04.27 04:10:03.385,0.84288,0.84307,2.25,3.00
2012.04.27 04:10:04.017,0.84289,0.8431,2.25,2.25
2012.04.27 04:10:04.090,0.84291,0.84308,1.13,2.25
2012.04.27 04:10:04.525,0.84293,0.84312,4.05,3.00
2012.04.27 04:10:05.087,0.84296,0.84316,1.50,2.25
2012.04.27 04:10:05.501,0.84301,0.84316,1.50,2.25
2012.04.27 04:10:05.567,0.84302,0.84316,1.50,1.50
2012.04.27 04:10:05.637,0.84303,0.8432,2.25,1.50
2012.04.27 04:10:06.006,0.84302,0.84318,2.63,1.50
2012.04.27 04:10:06.270,0.84304,0.84322,1.50,2.25
2012.04.27 04:10:06.344,0.84305,0.84325,2.25,2.25
2012.04.27 04:10:06.787,0.84308,0.84329,2.25,1.50
2012.04.27 04:10:07.276,0.84311,0.84331,1.50,2.25
2012.04.27 04:10:07.826,0.84308,0.84328,2.25,2.25
2012.04.27 04:10:08.197,0.84306,0.84326,3.00,2.25
2012.04.27 04:10:08.337,0.84305,0.84325,1.50,2.25
2012.04.27 04:10:08.526,0.84305,0.84325,1.50,2.25
2012.04.27 04:10:09.116,0.8431,0.84325,2.17,2.25
2012.04.27 04:10:09.190,0.84311,0.84328,3.00,1.50
2012.04.27 04:10:09.497,0.84312,0.8433,1.50,1.88
2012.04.27 04:10:09.569,0.84307,0.84327,3.75,1.50
2012.04.27 04:10:09.638,0.84305,0.84319,1.50,1.50
2012.04.27 04:10:09.708,0.84304,0.84323,2.25,1.50
2012.04.27 04:10:09.899,0.84306,0.84323,2.17,1.50
2012.04.27 04:10:10.226,0.84306,0.84324,1.50,2.25
2012.04.27 04:10:10.298,0.84309,0.84324,1.50,2.25
2012.04.27 04:10:10.429,0.8431,0.84328,1.50,1.50
2012.04.27 04:10:10.986,0.84312,0.84331,2.25,3.75
2012.04.27 04:10:11.199,0.84313,0.8433,1.50,1.50
2012.04.27 04:10:11.268,0.8431,0.84326,1.50,1.50
2012.04.27 04:10:11.787,0.84312,0.84327,2.25,1.50
2012.04.27 04:10:11.855,0.84314,0.84327,1.50,1.50
2012.04.27 04:10:12.736,0.84314,0.84328,1.50,1.50
2012.04.27 04:10:12.810,0.84309,0.84327,1.50,2.25
2012.04.27 04:10:13.402,0.84313,0.84329,1.50,1.50
2012.04.27 04:10:13.658,0.84313,0.84333,1.50,3.00
2012.04.27 04:10:13.856,0.84311,0.84333,1.50,3.00
2012.04.27 04:10:13.988,0.84313,0.8433,1.50,1.50
2012.04.27 04:10:15.256,0.84313,0.84333,2.25,3.75
2012.04.27 04:10:15.448,0.84315,0.84333,1.50,1.50
2012.04.27 04:10:15.816,0.84318,0.84335,1.50,2.25
2012.04.27 04:10:16.637,0.84318,0.84335,1.50,1.50
2012.04.27 04:10:16.826,0.84316,0.84333,1.50,1.50
2012.04.27 04:10:17.959,0.84317,0.84336,1.50,2.25
2012.04.27 04:10:18.037,0.84314,0.84333,1.50,2.25
2012.04.27 04:10:18.168,0.84316,0.84336,2.25,1.50
2012.04.27 04:10:18.474,0.84319,0.84336,2.25,1.50
2012.04.27 04:10:19.540,0.84314,0.84332,2.92,1.50
2012.04.27 04:10:19.608,0.84314,0.84334,3.67,2.25
2012.04.27 04:10:20.114,0.84314,0.84334,1.50,2.25
2012.04.27 04:10:20.666,0.84314,0.84334,2.25,2.25
2012.04.27 04:10:20.736,0.84315,0.84334,2.92,1.50
2012.04.27 04:10:21.057,0.84318,0.84335,1.50,1.50
2012.04.27 04:10:21.140,0.84317,0.84335,1.50,1.50
2012.04.27 04:10:21.396,0.84319,0.84335,2.17,1.50
2012.04.27 04:10:21.945,0.84323,0.8434,1.50,1.50
2012.04.27 04:10:22.936,0.84325,0.8434,1.50,1.50
2012.04.27 04:10:23.606,0.84325,0.84339,1.50,1.50
2012.04.27 04:10:23.794,0.84325,0.84339,1.50,1.50
2012.04.27 04:10:23.928,0.8432,0.84339,1.50,1.50
2012.04.27 04:10:24.460,0.84323,0.84339,1.50,1.50
2012.04.27 04:10:25.146,0.84323,0.84343,1.50,3.00
2012.04.27 04:10:25.657,0.84323,0.84341,1.50,1.13
2012.04.27 04:10:26.226,0.84325,0.84342,1.50,1.50
2012.04.27 04:10:27.059,0.84325,0.84344,1.50,2.25
2012.04.27 04:10:27.247,0.84325,0.84344,1.50,2.25
2012.04.27 04:10:27.376,0.84323,0.84344,2.25,1.50
2012.04.27 04:10:27.956,0.84324,0.84344,1.50,1.50
2012.04.27 04:10:28.816,0.84324,0.84343,1.50,1.50
2012.04.27 04:10:29.336,0.84324,0.84344,1.50,1.50
2012.04.27 04:10:29.407,0.84324,0.84345,1.50,2.25
2012.04.27 04:10:29.956,0.84325,0.84346,1.50,1.50
2012.04.27 04:10:30.027,0.84325,0.84348,1.50,2.25
2012.04.27 04:10:30.421,0.84327,0.84348,1.50,2.25
2012.04.27 04:10:31.025,0.84327,0.84344,1.50,1.50
2012.04.27 04:10:31.545,0.84326,0.84344,3.00,1.50
2012.04.27 04:10:32.089,0.84326,0.84343,3.00,1.50
2012.04.27 04:10:32.846,0.84324,0.84343,1.50,1.50
2012.04.27 04:10:33.418,0.84324,0.84344,1.50,3.00
2012.04.27 04:10:36.167,0.84325,0.84344,3.00,2.25
2012.04.27 04:10:38.649,0.84325,0.84343,2.25,1.50
2012.04.27 04:10:38.720,0.84323,0.84342,1.50,1.50
2012.04.27 04:10:39.268,0.84323,0.84341,2.17,2.25
2012.04.27 04:10:39.586,0.84326,0.84343,3.00,2.25
2012.04.27 04:10:39.775,0.84326,0.84343,3.00,1.50
2012.04.27 04:10:39.967,0.84326,0.84343,2.25,1.50
2012.04.27 04:10:40.279,0.84327,0.84346,1.50,1.50
2012.04.27 04:10:40.803,0.84329,0.84346,1.50,1.50
2012.04.27 04:10:40.879,0.84328,0.8435,3.00,3.00
2012.04.27 04:10:41.428,0.84328,0.84347,1.13,3.00
2012.04.27 04:10:41.555,0.84328,0.84345,1.13,1.50
2012.04.27 04:10:42.057,0.84329,0.84348,1.50,1.50
2012.04.27 04:10:42.365,0.84329,0.84342,1.50,1.50
2012.04.27 04:10:42.677,0.84325,0.84345,2.25,3.00
2012.04.27 04:10:43.225,0.84326,0.84346,2.25,3.00
2012.04.27 04:10:43.475,0.84328,0.84347,1.50,1.50
2012.04.27 04:10:43.997,0.84329,0.84347,1.50,1.50
2012.04.27 04:10:44.505,0.84329,0.84347,1.50,1.50
2012.04.27 04:10:45.025,0.84329,0.84348,1.50,1.50
2012.04.27 04:10:45.096,0.84332,0.84348,1.50,1.50
2012.04.27 04:10:45.598,0.84331,0.84349,1.50,1.50
2012.04.27 04:10:47.634,0.8433,0.84349,1.50,1.50
2012.04.27 04:10:48.146,0.84329,0.84349,1.50,2.25
2012.04.27 04:10:49.046,0.84327,0.84348,3.75,1.50
2012.04.27 04:10:49.235,0.8433,0.84348,1.50,1.50
2012.04.27 04:10:50.456,0.8433,0.84348,1.50,1.50
2012.04.27 04:10:50.587,0.84332,0.84348,1.50,1.50
2012.04.27 04:10:51.912,0.84334,0.84349,1.50,1.50
2012.04.27 04:10:52.825,0.84334,0.84349,1.50,1.50
2012.04.27 04:10:53.135,0.84334,0.84353,1.50,1.50
2012.04.27 04:10:53.206,0.84337,0.84353,1.50,1.50
2012.04.27 04:10:53.334,0.84337,0.84354,1.50,1.50
2012.04.27 04:10:53.722,0.8434,0.84356,1.50,1.50
2012.04.27 04:10:54.228,0.84339,0.84356,1.50,1.50
2012.04.27 04:10:55.598,0.84338,0.84354,1.50,1.50
2012.04.27 04:10:58.045,0.84336,0.84354,2.92,1.50
2012.04.27 04:10:58.365,0.84339,0.84354,2.25,3.00
2012.04.27 04:10:58.675,0.84341,0.84354,1.50,1.50
2012.04.27 04:11:07.105,0.84343,0.84356,1.50,1.50
2012.04.27 04:11:08.647,0.84344,0.84356,1.50,1.50
2012.04.27 04:11:09.416,0.84344,0.84356,1.50,1.50
2012.04.27 04:11:09.953,0.84347,0.84356,1.50,1.50
2012.04.27 04:11:10.495,0.84347,0.8436,1.50,1.50
2012.04.27 04:11:11.325,0.84347,0.8436,1.50,1.50
2012.04.27 04:11:11.638,0.84347,0.84353,1.50,1.50
2012.04.27 04:11:11.886,0.84347,0.84356,1.50,2.25
2012.04.27 04:11:12.092,0.84344,0.84356,1.50,1.50
2012.04.27 04:11:12.858,0.84344,0.84359,1.50,3.75
2012.04.27 04:11:13.167,0.84346,0.8436,1.50,1.50
2012.04.27 04:11:15.426,0.84348,0.8436,1.50,1.50
2012.04.27 04:11:15.709,0.84346,0.8436,1.50,1.50
2012.04.27 04:11:18.560,0.84346,0.8436,1.50,1.50
2012.04.27 04:11:27.530,0.84346,0.8436,2.25,1.50
2012.04.27 04:11:27.596,0.84346,0.84362,2.25,1.50
2012.04.27 04:11:27.905,0.84352,0.84364,1.50,1.50
2012.04.27 04:11:28.225,0.84352,0.84366,1.50,1.50
2012.04.27 04:11:28.357,0.84348,0.84365,1.50,3.75
2012.04.27 04:11:28.427,0.84348,0.84364,1.50,1.50
2012.04.27 04:11:28.967,0.84348,0.84364,1.50,1.50
2012.04.27 04:11:29.702,0.84348,0.84364,1.50,1.50
2012.04.27 04:11:30.415,0.84351,0.84364,1.50,1.50
2012.04.27 04:11:31.287,0.84351,0.84365,1.50,1.50
2012.04.27 04:11:31.845,0.84351,0.84366,1.50,2.25
2012.04.27 04:11:31.976,0.84353,0.84366,1.50,1.50
2012.04.27 04:11:32.487,0.84353,0.84367,1.50,1.50
2012.04.27 04:11:34.278,0.84353,0.84367,1.50,1.50
2012.04.27 04:11:36.143,0.84353,0.84368,2.25,1.50
2012.04.27 04:11:36.216,0.84352,0.84366,1.50,1.50
2012.04.27 04:11:36.347,0.84356,0.84372,1.50,1.50
2012.04.27 04:11:36.481,0.84356,0.84373,2.25,2.25
2012.04.27 04:11:36.548,0.84359,0.84375,1.50,1.50
2012.04.27 04:11:36.749,0.84364,0.84378,1.50,1.50
2012.04.27 04:11:36.876,0.84364,0.84379,1.50,3.00
2012.04.27 04:11:37.005,0.84362,0.84377,1.50,1.50
2012.04.27 04:11:39.389,0.84363,0.84377,1.50,1.50
2012.04.27 04:11:39.708,0.84368,0.84386,3.00,2.25
2012.04.27 04:11:40.227,0.84373,0.8439,1.50,3.00
2012.04.27 04:11:40.359,0.84371,0.84388,2.25,2.25
2012.04.27 04:11:40.547,0.84371,0.84381,1.50,1.50
2012.04.27 04:11:40.979,0.8437,0.8438,1.50,1.50
2012.04.27 04:11:41.117,0.84359,0.84373,1.50,2.25
2012.04.27 04:11:41.186,0.84358,0.84373,2.25,1.50
2012.04.27 04:11:41.497,0.84358,0.84372,1.50,1.50
2012.04.27 04:11:41.828,0.84358,0.84371,1.50,2.25
2012.04.27 04:11:41.958,0.84354,0.84371,1.50,3.75
2012.04.27 04:11:42.347,0.84352,0.84369,1.50,2.25
2012.04.27 04:11:42.475,0.84355,0.8437,1.50,2.25
2012.04.27 04:11:42.685,0.84352,0.84369,1.50,2.25
2012.04.27 04:11:43.248,0.84352,0.84368,1.50,1.50
2012.04.27 04:11:43.806,0.84353,0.84368,1.50,1.50
2012.04.27 04:11:44.855,0.8435,0.84367,2.25,1.50
2012.04.27 04:11:45.626,0.84348,0.84363,3.00,1.50
2012.04.27 04:11:45.699,0.8435,0.84365,2.25,1.50
2012.04.27 04:11:45.767,0.84351,0.84368,2.25,1.50
2012.04.27 04:11:45.838,0.84354,0.84369,1.50,3.00
2012.04.27 04:11:46.421,0.84351,0.84368,2.25,1.50
2012.04.27 04:11:46.958,0.84349,0.84366,3.00,1.50
2012.04.27 04:11:47.818,0.84349,0.84366,2.25,1.50
2012.04.27 04:11:47.948,0.84348,0.84363,2.25,1.50
2012.04.27 04:11:48.135,0.8435,0.84365,2.25,1.50
2012.04.27 04:11:48.566,0.84351,0.84368,1.50,2.25
2012.04.27 04:11:48.697,0.84348,0.84363,1.50,1.50
2012.04.27 04:11:48.895,0.84348,0.84365,2.25,1.50
2012.04.27 04:11:50.866,0.84346,0.84367,2.25,2.25
2012.04.27 04:11:52.076,0.8435,0.84369,1.50,2.25
2012.04.27 04:11:53.598,0.8435,0.84367,1.50,1.50
2012.04.27 04:11:54.157,0.84349,0.84366,1.50,3.00
2012.04.27 04:11:54.666,0.84349,0.84366,1.50,3.00
2012.04.27 04:11:54.737,0.84347,0.84365,1.50,1.50
2012.04.27 04:11:59.364,0.84347,0.84365,1.50,1.50
2012.04.27 04:12:00.259,0.84346,0.84366,1.50,3.38
2012.04.27 04:12:00.327,0.84348,0.84366,2.25,1.13
2012.04.27 04:12:00.398,0.84348,0.84369,2.25,2.25
2012.04.27 04:12:00.468,0.8435,0.8437,1.50,1.50
2012.04.27 04:12:01.007,0.84346,0.84367,3.00,2.25
2012.04.27 04:12:01.598,0.84349,0.8437,2.25,3.00
2012.04.27 04:12:02.456,0.84349,0.8437,2.25,3.00
2012.04.27 04:12:03.883,0.84349,0.8437,2.25,3.00
2012.04.27 04:12:03.962,0.84348,0.84367,2.25,3.00
2012.04.27 04:12:04.906,0.84348,0.84367,2.25,2.25
2012.04.27 04:12:09.797,0.84354,0.8437,1.50,1.50
2012.04.27 04:12:09.927,0.84354,0.84371,1.50,1.50
2012.04.27 04:12:09.996,0.84352,0.84371,1.50,3.00
2012.04.27 04:12:12.508,0.84352,0.84368,1.50,1.50
2012.04.27 04:12:13.758,0.84349,0.84369,1.50,1.50
2012.04.27 04:12:14.017,0.84349,0.84368,1.50,1.50
2012.04.27 04:12:14.089,0.84347,0.84366,2.25,2.25
2012.04.27 04:12:14.618,0.84347,0.84367,1.50,1.50
2012.04.27 04:12:15.607,0.84349,0.84367,1.50,1.50
2012.04.27 04:12:15.856,0.84349,0.84369,3.00,2.25
2012.04.27 04:12:15.927,0.84352,0.84369,1.50,2.25
2012.04.27 04:12:16.450,0.84352,0.84366,1.50,1.50
2012.04.27 04:12:16.518,0.84354,0.84372,1.50,2.25
2012.04.27 04:12:16.587,0.84354,0.84372,1.50,1.50
2012.04.27 04:12:17.116,0.84355,0.84374,3.00,3.00
2012.04.27 04:12:19.107,0.84355,0.84372,3.00,1.50
2012.04.27 04:12:19.248,0.8435,0.84369,3.67,1.50
2012.04.27 04:12:19.435,0.8435,0.84369,1.50,2.25
2012.04.27 04:12:19.815,0.84347,0.84368,3.00,3.00
2012.04.27 04:12:19.946,0.84347,0.84366,1.50,2.25
2012.04.27 04:12:20.685,0.84345,0.84366,2.25,2.25
2012.04.27 04:12:20.998,0.84353,0.8437,1.50,1.50
2012.04.27 04:12:21.067,0.84353,0.8437,1.50,1.50
2012.04.27 04:12:21.138,0.8435,0.84368,1.50,2.25
2012.04.27 04:12:21.652,0.84348,0.84368,2.25,1.13
2012.04.27 04:12:22.310,0.84348,0.84367,1.50,3.00
2012.04.27 04:12:22.497,0.84348,0.84366,1.50,1.50
2012.04.27 04:12:22.697,0.84346,0.84365,2.25,2.25
2012.04.27 04:12:24.077,0.84344,0.84364,2.92,2.63
2012.04.27 04:12:25.048,0.84346,0.84364,1.50,1.13
2012.04.27 04:12:25.300,0.84344,0.84363,3.00,1.88
2012.04.27 04:12:25.858,0.84344,0.84359,1.50,1.50
2012.04.27 04:12:25.925,0.84341,0.84359,1.50,1.88
2012.04.27 04:12:26.497,0.84341,0.84358,1.50,1.50
2012.04.27 04:12:27.293,0.8434,0.84358,1.50,1.50
2012.04.27 04:12:27.827,0.84341,0.84359,1.50,2.25
2012.04.27 04:12:27.898,0.84341,0.84359,1.50,2.25
2012.04.27 04:12:28.229,0.84339,0.84353,1.50,1.50
2012.04.27 04:12:28.499,0.84339,0.84358,3.00,3.00
2012.04.27 04:12:28.806,0.8434,0.8436,2.25,2.25
2012.04.27 04:12:29.118,0.8434,0.84359,1.50,2.25
2012.04.27 04:12:29.255,0.84337,0.84358,2.25,4.42
2012.04.27 04:12:30.565,0.84337,0.84358,1.50,3.75
2012.04.27 04:12:31.893,0.84337,0.84357,1.50,1.50
2012.04.27 04:12:33.455,0.84337,0.84355,1.50,1.50
2012.04.27 04:12:33.527,0.84335,0.84355,1.50,3.00
2012.04.27 04:12:34.066,0.84339,0.84355,1.50,1.50
2012.04.27 04:12:34.135,0.84339,0.84357,1.50,2.25
2012.04.27 04:12:34.209,0.84339,0.84357,1.50,2.25
2012.04.27 04:12:34.275,0.84341,0.84357,1.50,2.25
2012.04.27 04:12:34.606,0.84337,0.84358,3.67,3.75
2012.04.27 04:12:35.665,0.84337,0.84358,2.25,3.75
2012.04.27 04:12:38.284,0.84337,0.84358,2.25,3.75
2012.04.27 04:12:38.485,0.84339,0.84358,1.50,1.50
2012.04.27 04:12:39.035,0.84337,0.84358,2.25,3.00
2012.04.27 04:12:40.206,0.84339,0.84358,1.50,1.50
2012.04.27 04:12:40.550,0.84339,0.84355,1.50,1.50
2012.04.27 04:12:40.796,0.84335,0.84354,2.25,1.50
2012.04.27 04:12:41.347,0.84337,0.84354,1.50,1.50
2012.04.27 04:12:41.596,0.84334,0.84353,1.50,1.50
2012.04.27 04:12:42.015,0.84336,0.84353,1.50,1.50
2012.04.27 04:12:42.327,0.84339,0.84354,1.50,2.25
2012.04.27 04:12:42.395,0.84336,0.84354,1.50,2.25
2012.04.27 04:12:43.210,0.84334,0.84354,1.50,2.25
2012.04.27 04:12:43.276,0.84334,0.84353,1.50,2.25
2012.04.27 04:12:44.058,0.84334,0.84352,2.25,2.25
2012.04.27 04:12:44.499,0.84332,0.84351,2.25,2.25
2012.04.27 04:12:45.009,0.84331,0.84348,1.50,1.50
2012.04.27 04:12:45.317,0.84334,0.84352,2.25,1.50
2012.04.27 04:12:45.696,0.84335,0.84353,1.50,1.50
2012.04.27 04:12:46.198,0.84336,0.84354,2.25,1.50
2012.04.27 04:12:46.266,0.84333,0.84352,2.25,1.50
2012.04.27 04:12:46.970,0.84333,0.84352,3.00,1.50
2012.04.27 04:12:47.127,0.84333,0.84352,3.00,2.25
2012.04.27 04:12:47.199,0.84333,0.8435,1.50,2.25
2012.04.27 04:12:47.506,0.84329,0.8435,2.25,3.75
2012.04.27 04:12:47.964,0.84331,0.8435,1.50,3.00
2012.04.27 04:12:48.745,0.84331,0.8435,1.50,1.50
2012.04.27 04:12:49.256,0.84331,0.84349,1.50,1.50
2012.04.27 04:12:57.497,0.84331,0.8435,2.25,2.25
2012.04.27 04:12:57.983,0.84334,0.84352,1.50,2.25
2012.04.27 04:12:58.063,0.84334,0.84355,3.00,3.00
2012.04.27 04:12:58.135,0.84334,0.84355,3.00,2.25
2012.04.27 04:12:59.205,0.84335,0.84354,2.25,1.50
2012.04.27 04:13:01.251,0.84335,0.84355,2.25,1.50
2012.04.27 04:13:01.436,0.84337,0.84355,2.25,1.50
2012.04.27 04:13:01.997,0.84338,0.84356,2.25,1.50
2012.04.27 04:13:02.068,0.84342,0.84359,1.50,1.50
2012.04.27 04:13:02.136,0.84343,0.84361,2.25,1.50
2012.04.27 04:13:02.701,0.84344,0.84362,2.25,1.50
2012.04.27 04:13:04.167,0.84345,0.84363,2.25,1.50
2012.04.27 04:13:04.385,0.84345,0.84363,2.25,1.50
2012.04.27 04:13:05.136,0.8434,0.8436,2.25,1.50
2012.04.27 04:13:05.208,0.8434,0.8436,2.25,1.50
2012.04.27 04:13:05.277,0.8434,0.8436,2.25,1.50
2012.04.27 04:13:05.526,0.84342,0.84362,2.25,3.75
2012.04.27 04:13:05.597,0.84342,0.84359,2.25,1.50
2012.04.27 04:13:06.156,0.8434,0.84359,2.25,3.00
2012.04.27 04:13:06.468,0.84337,0.84357,1.73,1.50
2012.04.27 04:13:07.176,0.84335,0.84356,3.15,1.50
2012.04.27 04:13:07.688,0.84336,0.84357,1.65,1.50
2012.04.27 04:13:08.400,0.84336,0.84357,1.65,1.50
2012.04.27 04:13:09.086,0.84338,0.84357,1.65,2.25
2012.04.27 04:13:09.737,0.84336,0.84357,2.40,2.25
2012.04.27 04:13:10.047,0.84336,0.84356,1.65,1.50
2012.04.27 04:13:10.625,0.84334,0.84353,3.90,1.50
2012.04.27 04:13:11.212,0.84336,0.84357,1.65,1.50
2012.04.27 04:13:11.286,0.84338,0.84357,1.65,1.50
2012.04.27 04:13:11.608,0.84341,0.84359,1.50,3.00
2012.04.27 04:13:11.919,0.84342,0.84362,2.25,2.25
2012.04.27 04:13:12.116,0.8434,0.84359,2.25,3.00
2012.04.27 04:13:12.248,0.8434,0.84359,3.00,1.50
2012.04.27 04:13:12.317,0.84342,0.84361,2.25,2.25
2012.04.27 04:13:12.567,0.8434,0.84358,1.50,2.25
2012.04.27 04:13:13.011,0.84337,0.84357,3.98,1.50
2012.04.27 04:13:13.079,0.84342,0.84361,2.25,2.25
2012.04.27 04:13:13.416,0.84339,0.84358,2.48,1.50
2012.04.27 04:13:13.727,0.84337,0.84358,2.48,1.50
2012.04.27 04:13:13.868,0.84343,0.84361,2.25,2.25
2012.04.27 04:13:14.581,0.84343,0.84361,2.25,2.25
2012.04.27 04:13:17.376,0.84343,0.84361,1.50,2.25
2012.04.27 04:13:17.565,0.8434,0.84359,1.50,2.25
2012.04.27 04:13:20.476,0.8434,0.84358,1.50,1.50
2012.04.27 04:13:20.548,0.84337,0.84354,2.48,1.50
2012.04.27 04:13:20.619,0.84339,0.84358,1.73,2.25
2012.04.27 04:13:21.269,0.84338,0.84359,1.65,3.00
2012.04.27 04:13:22.196,0.84337,0.84358,1.65,4.50
2012.04.27 04:13:23.094,0.84336,0.84358,3.15,4.50
2012.04.27 04:13:23.701,0.84336,0.84354,1.65,1.50
2012.04.27 04:13:24.347,0.84335,0.84354,3.15,2.25
2012.04.27 04:13:24.418,0.84335,0.84353,2.40,1.50
2012.04.27 04:13:24.936,0.84334,0.84352,2.48,2.25
2012.04.27 04:13:25.477,0.84334,0.84352,2.40,2.25
2012.04.27 04:13:25.667,0.84336,0.84356,1.65,1.50
2012.04.27 04:13:25.988,0.84338,0.84355,2.48,1.50
2012.04.27 04:13:26.059,0.84341,0.8436,2.25,1.50
2012.04.27 04:13:26.128,0.84341,0.84359,1.50,1.50
2012.04.27 04:13:26.317,0.84338,0.84356,1.73,2.25
2012.04.27 04:13:26.947,0.84337,0.84355,1.65,2.25
2012.04.27 04:13:27.885,0.84337,0.84355,1.65,2.25
2012.04.27 04:13:29.039,0.84337,0.84355,3.82,3.00
2012.04.27 04:13:29.580,0.84342,0.8436,1.50,1.50
2012.04.27 04:13:29.767,0.84342,0.8436,2.25,1.50
2012.04.27 04:13:29.957,0.8434,0.84357,1.50,2.25
2012.04.27 04:13:30.468,0.84338,0.84357,1.65,2.25
2012.04.27 04:13:30.976,0.84339,0.84357,1.65,1.50
2012.04.27 04:13:33.835,0.84339,0.84358,3.00,2.25
2012.04.27 04:13:34.355,0.84339,0.84357,2.40,1.50
2012.04.27 04:13:35.726,0.84339,0.84357,1.50,2.25
2012.04.27 04:13:35.996,0.84338,0.84353,2.48,1.50
2012.04.27 04:13:36.304,0.84338,0.84351,2.48,1.50
2012.04.27 04:13:37.817,0.84339,0.84353,1.50,1.50
2012.04.27 04:13:37.947,0.84339,0.84357,1.50,2.25
2012.04.27 04:13:39.041,0.84339,0.84357,1.73,1.50
2012.04.27 04:13:39.356,0.84339,0.84357,1.50,1.50
2012.04.27 04:13:39.426,0.8434,0.84361,2.25,4.50
2012.04.27 04:13:40.376,0.8434,0.84361,2.25,2.63
2012.04.27 04:13:41.517,0.84342,0.84361,1.50,2.63
2012.04.27 04:13:41.718,0.84343,0.84364,2.25,3.75
2012.04.27 04:13:42.338,0.84342,0.84362,1.50,1.50
2012.04.27 04:13:42.839,0.84344,0.84363,2.25,1.50
2012.04.27 04:13:43.157,0.84344,0.84363,2.25,3.75
2012.04.27 04:13:43.228,0.84341,0.8436,2.25,1.50
2012.04.27 04:13:43.535,0.8434,0.84359,1.50,1.50
2012.04.27 04:13:44.085,0.8434,0.84358,1.50,1.50
2012.04.27 04:13:44.607,0.8434,0.84359,1.50,2.25
2012.04.27 04:13:46.409,0.84338,0.84359,3.15,2.25
2012.04.27 04:13:47.218,0.84338,0.84359,3.15,1.50
2012.04.27 04:13:47.345,0.84342,0.84362,2.25,3.00
2012.04.27 04:13:47.866,0.84342,0.84362,3.00,1.50
2012.04.27 04:13:51.929,0.84342,0.84362,3.75,1.50
2012.04.27 04:13:55.652,0.84342,0.84363,3.00,3.00
2012.04.27 04:14:01.337,0.84342,0.84362,3.00,1.50
2012.04.27 04:14:01.817,0.84342,0.84361,2.25,1.50
2012.04.27 04:14:01.888,0.84342,0.84361,1.50,1.50
2012.04.27 04:14:02.376,0.84339,0.84357,2.25,2.25
2012.04.27 04:14:02.899,0.84339,0.84358,3.75,2.25
2012.04.27 04:14:04.575,0.84341,0.84357,1.50,1.50
2012.04.27 04:14:05.221,0.84341,0.84359,1.50,2.25
2012.04.27 04:14:06.707,0.84342,0.84359,1.50,1.50
2012.04.27 04:14:06.780,0.84343,0.84362,2.25,2.25
2012.04.27 04:14:07.379,0.84341,0.84358,3.67,1.50
2012.04.27 04:14:07.957,0.84341,0.84358,1.50,1.50
2012.04.27 04:14:09.479,0.84341,0.8436,3.00,2.25
2012.04.27 04:14:09.979,0.84341,0.8436,3.00,1.50
2012.04.27 04:14:13.297,0.84344,0.8436,1.50,1.50
2012.04.27 04:14:13.486,0.84344,0.84365,3.00,3.00
2012.04.27 04:14:15.610,0.84344,0.84365,2.25,3.75
2012.04.27 04:14:16.106,0.84341,0.8436,3.75,2.25
2012.04.27 04:14:16.425,0.84341,0.84357,1.50,2.25
2012.04.27 04:14:24.088,0.84341,0.8436,1.50,2.25
2012.04.27 04:14:25.197,0.84341,0.8436,1.50,2.25
2012.04.27 04:14:25.518,0.84339,0.84353,1.50,1.50
2012.04.27 04:14:25.586,0.84339,0.84355,1.50,1.50
2012.04.27 04:14:26.207,0.84339,0.84357,1.50,2.25
2012.04.27 04:14:26.857,0.84341,0.84357,1.50,1.50
2012.04.27 04:14:27.058,0.84341,0.8436,1.50,1.50
2012.04.27 04:14:27.308,0.84342,0.84364,2.25,2.25
2012.04.27 04:14:27.837,0.84342,0.84362,2.40,1.50
2012.04.27 04:14:29.518,0.84342,0.84363,3.15,2.25
2012.04.27 04:14:31.999,0.84342,0.84362,2.40,1.50
2012.04.27 04:14:32.366,0.84341,0.84361,1.20,2.25
2012.04.27 04:14:32.734,0.84339,0.84359,2.33,1.50
2012.04.27 04:14:33.247,0.84339,0.84359,2.33,1.50
2012.04.27 04:14:33.687,0.8434,0.84358,2.33,1.50
2012.04.27 04:14:33.998,0.84336,0.84354,1.58,1.50
2012.04.27 04:14:34.187,0.84336,0.84356,1.50,2.25
2012.04.27 04:14:34.436,0.84331,0.84352,3.00,1.50
2012.04.27 04:14:36.216,0.84329,0.8435,1.50,1.50
2012.04.27 04:14:36.525,0.84329,0.84348,1.50,1.50
2012.04.27 04:14:37.967,0.84327,0.84347,1.50,1.50
2012.04.27 04:14:38.336,0.84327,0.84344,1.50,1.50
2012.04.27 04:14:39.347,0.84327,0.84347,1.50,1.50
2012.04.27 04:14:39.417,0.84329,0.84347,2.17,1.50
2012.04.27 04:14:39.735,0.84332,0.84351,2.25,2.25
2012.04.27 04:14:40.595,0.84332,0.84351,2.25,1.50
2012.04.27 04:14:43.114,0.84332,0.84351,2.25,2.25
2012.04.27 04:14:44.795,0.84331,0.84351,1.50,2.25
2012.04.27 04:14:45.219,0.84331,0.84352,3.00,2.25
2012.04.27 04:14:53.582,0.84333,0.84353,2.25,2.25
2012.04.27 04:14:54.395,0.84333,0.84353,1.50,2.25
2012.04.27 04:14:58.076,0.84333,0.84353,2.25,1.50
2012.04.27 04:14:59.477,0.84335,0.84354,1.50,3.75
2012.04.27 04:14:59.985,0.84333,0.84352,2.25,2.25
2012.04.27 04:15:02.389,0.84333,0.84351,2.25,2.17
2012.04.27 04:15:02.697,0.84329,0.84348,3.75,1.50
2012.04.27 04:15:02.767,0.84329,0.84348,3.75,1.50
2012.04.27 04:15:03.328,0.84329,0.84348,3.00,2.25
2012.04.27 04:15:03.397,0.84329,0.84348,3.00,3.00
2012.04.27 04:15:03.825,0.84329,0.84348,3.00,2.25
2012.04.27 04:15:06.873,0.84329,0.84348,2.25,3.00
2012.04.27 04:15:09.966,0.84329,0.84348,2.25,2.25
2012.04.27 04:15:15.886,0.84329,0.84348,2.25,3.67
2012.04.27 04:15:16.445,0.84329,0.84347,2.25,1.50
2012.04.27 04:15:16.517,0.84329,0.84347,1.50,1.50
2012.04.27 04:15:16.781,0.84324,0.84341,1.50,3.00
2012.04.27 04:15:16.966,0.84323,0.84336,1.50,1.50
2012.04.27 04:15:17.218,0.84321,0.8434,1.50,5.17
2012.04.27 04:15:17.801,0.84319,0.8434,2.25,5.92
2012.04.27 04:15:18.150,0.84319,0.8434,2.25,5.17
2012.04.27 04:15:19.495,0.8432,0.8434,1.50,3.00
2012.04.27 04:15:20.155,0.84322,0.8434,1.50,1.50
2012.04.27 04:15:20.678,0.84322,0.84341,2.25,2.25
2012.04.27 04:15:20.750,0.84323,0.84344,2.25,2.25
2012.04.27 04:15:21.296,0.84324,0.84345,3.00,2.25
2012.04.27 04:15:21.832,0.84326,0.84346,2.25,2.25
2012.04.27 04:15:23.234,0.84329,0.84348,1.50,3.00
2012.04.27 04:15:23.808,0.84326,0.84348,3.00,3.00
2012.04.27 04:15:23.939,0.84326,0.84348,3.00,3.75
2012.04.27 04:15:24.065,0.84326,0.84348,3.75,3.00
2012.04.27 04:15:24.415,0.84333,0.8435,1.50,2.25
2012.04.27 04:15:24.606,0.84333,0.8435,1.50,1.50
2012.04.27 04:15:25.028,0.84333,0.84349,1.50,1.50
2012.04.27 04:15:25.098,0.8433,0.84349,2.25,1.50
2012.04.27 04:15:26.949,0.84332,0.84351,1.50,1.50
2012.04.27 04:15:27.685,0.84332,0.84352,1.50,2.25
2012.04.27 04:15:29.526,0.84334,0.84353,2.17,2.25
2012.04.27 04:15:29.600,0.84334,0.84353,2.17,2.25
2012.04.27 04:15:31.517,0.84335,0.84353,1.50,2.25
2012.04.27 04:15:31.705,0.84335,0.84351,1.50,1.50
2012.04.27 04:15:32.847,0.84335,0.84351,2.92,1.50
2012.04.27 04:15:33.158,0.84337,0.84355,1.50,2.25
2012.04.27 04:15:33.478,0.84337,0.84355,1.50,2.25
2012.04.27 04:15:33.547,0.84337,0.84355,1.50,1.50
2012.04.27 04:15:34.899,0.84337,0.84355,3.67,1.50
2012.04.27 04:15:38.149,0.84337,0.84355,2.92,2.25
2012.04.27 04:15:38.386,0.84338,0.84355,1.50,1.50
2012.04.27 04:15:39.195,0.84339,0.84355,1.50,1.50
2012.04.27 04:15:39.605,0.84339,0.84353,1.50,1.50
2012.04.27 04:15:40.029,0.84339,0.84355,1.50,2.25
2012.04.27 04:15:40.422,0.84338,0.84355,1.50,3.00
2012.04.27 04:15:43.109,0.84336,0.84355,1.50,3.00
2012.04.27 04:15:44.886,0.84336,0.84353,1.50,2.25
2012.04.27 04:15:45.089,0.84335,0.8435,1.50,2.25
2012.04.27 04:15:45.398,0.84329,0.84343,3.67,1.50
2012.04.27 04:15:46.168,0.84329,0.84343,1.50,1.50
2012.04.27 04:15:46.697,0.84329,0.84343,1.50,1.50
2012.04.27 04:15:47.986,0.84327,0.84343,2.25,1.50
2012.04.27 04:15:49.140,0.84327,0.84343,2.25,1.50
2012.04.27 04:15:49.655,0.84327,0.84343,2.25,1.50
2012.04.27 04:15:50.686,0.84327,0.84346,2.25,1.50
2012.04.27 04:15:52.155,0.84327,0.84346,1.50,1.50
2012.04.27 04:15:52.227,0.84327,0.84344,1.50,1.50
2012.04.27 04:15:52.657,0.84326,0.84346,1.50,1.50
2012.04.27 04:15:54.307,0.84325,0.84346,5.92,1.50
2012.04.27 04:15:54.378,0.84325,0.84343,4.42,1.50
2012.04.27 04:15:54.937,0.84327,0.84343,1.50,1.50
2012.04.27 04:15:55.388,0.84326,0.84343,1.50,1.50
2012.04.27 04:15:55.460,0.84326,0.84345,3.75,1.50
2012.04.27 04:15:55.825,0.84326,0.84345,3.75,1.50
2012.04.27 04:15:55.955,0.84326,0.84345,3.75,1.50
2012.04.27 04:15:56.276,0.84329,0.84345,1.50,1.50
2012.04.27 04:15:56.579,0.84329,0.84347,1.50,1.50
2012.04.27 04:15:57.636,0.84328,0.84345,1.50,1.50
2012.04.27 04:15:57.706,0.84328,0.84345,1.50,1.50
2012.04.27 04:15:57.928,0.84328,0.84345,1.50,1.50
2012.04.27 04:15:58.063,0.84328,0.84347,2.25,3.00
2012.04.27 04:15:58.137,0.84327,0.84345,2.25,1.50
2012.04.27 04:15:58.328,0.84326,0.84345,3.00,2.25
2012.04.27 04:15:58.401,0.84326,0.84343,2.25,2.17
2012.04.27 04:15:58.956,0.84324,0.84343,1.50,2.17
2012.04.27 04:15:59.357,0.84326,0.84343,1.50,2.17
2012.04.27 04:15:59.606,0.84323,0.84343,3.00,2.17
2012.04.27 04:16:00.039,0.84323,0.8434,2.25,2.17
2012.04.27 04:16:00.698,0.84318,0.84337,3.00,3.00
2012.04.27 04:16:00.777,0.84316,0.84331,3.75,1.50
2012.04.27 04:16:01.093,0.84316,0.8433,1.50,2.17
2012.04.27 04:16:01.167,0.84316,0.84331,1.50,2.25
2012.04.27 04:16:01.698,0.84318,0.84337,2.25,3.00
2012.04.27 04:16:02.352,0.84319,0.84337,1.50,1.50
2012.04.27 04:16:03.626,0.84316,0.84336,2.25,2.25
2012.04.27 04:16:03.817,0.84316,0.84333,2.25,2.17
2012.04.27 04:16:03.957,0.84315,0.8433,1.50,1.50
2012.04.27 04:16:04.089,0.84313,0.8433,1.50,2.25
2012.04.27 04:16:04.217,0.84315,0.84333,1.50,2.92
2012.04.27 04:16:04.766,0.84315,0.84334,1.50,3.00
2012.04.27 04:16:09.446,0.84315,0.84332,1.50,1.50
2012.04.27 04:16:09.696,0.84311,0.84329,2.25,2.17
2012.04.27 04:16:13.015,0.84311,0.84328,1.50,1.50
2012.04.27 04:16:13.678,0.8431,0.84326,1.50,2.17
2012.04.27 04:16:14.291,0.84307,0.84325,2.25,1.50
2012.04.27 04:16:14.845,0.84305,0.84324,3.00,1.50
2012.04.27 04:16:15.155,0.84305,0.84324,2.25,1.50
2012.04.27 04:16:15.648,0.84303,0.84323,1.50,2.25
2012.04.27 04:16:15.778,0.84302,0.8432,1.50,1.50
2012.04.27 04:16:15.969,0.84301,0.84321,2.25,3.21
2012.04.27 04:16:16.039,0.84301,0.84317,1.50,2.17
2012.04.27 04:16:16.106,0.843,0.84316,3.00,1.50
2012.04.27 04:16:16.617,0.84297,0.84316,3.00,2.92
2012.04.27 04:16:16.746,0.84297,0.84316,3.00,2.17
2012.04.27 04:16:18.065,0.84296,0.84314,2.25,1.50
2012.04.27 04:16:18.577,0.84297,0.84315,2.25,1.50
2012.04.27 04:16:19.009,0.84297,0.84314,1.50,2.25
2012.04.27 04:16:19.653,0.84296,0.84309,1.50,2.17
2012.04.27 04:16:19.858,0.84291,0.84305,1.50,1.50
2012.04.27 04:16:19.927,0.84287,0.84305,1.50,1.50
2012.04.27 04:16:20.426,0.84285,0.84304,2.25,2.25
2012.04.27 04:16:21.067,0.84284,0.84302,1.50,1.50
2012.04.27 04:16:21.258,0.84283,0.84302,1.50,2.25
2012.04.27 04:16:21.449,0.8428,0.843,5.18,1.50
2012.04.27 04:16:21.639,0.8428,0.843,4.43,1.50
2012.04.27 04:16:21.713,0.8428,0.84297,2.93,2.17
2012.04.27 04:16:22.248,0.84278,0.84297,3.00,2.17
2012.04.27 04:16:22.798,0.84277,0.84296,2.25,3.00
2012.04.27 04:16:23.422,0.84277,0.84293,1.50,2.17
2012.04.27 04:16:23.606,0.84275,0.84293,3.00,2.92
2012.04.27 04:16:24.227,0.84275,0.84293,3.00,2.92
2012.04.27 04:16:24.777,0.84278,0.84296,2.25,1.50
2012.04.27 04:16:25.027,0.84278,0.84296,2.25,2.25
2012.04.27 04:16:25.159,0.84279,0.84296,1.50,1.50
2012.04.27 04:16:25.717,0.84281,0.84298,1.50,1.13
2012.04.27 04:16:26.152,0.84281,0.84299,1.50,3.00
2012.04.27 04:16:26.505,0.84281,0.84299,1.50,2.25
2012.04.27 04:16:28.145,0.84283,0.84301,1.50,2.25
2012.04.27 04:16:28.677,0.84283,0.84301,1.50,1.50
2012.04.27 04:16:28.926,0.84283,0.84301,1.50,1.50
2012.04.27 04:16:29.697,0.84282,0.84303,2.25,3.75
2012.04.27 04:16:30.487,0.84286,0.84303,1.50,2.25
2012.04.27 04:16:30.616,0.84287,0.84307,1.50,2.25
2012.04.27 04:16:30.746,0.84287,0.84307,1.50,1.50
2012.04.27 04:16:30.998,0.84291,0.8431,3.75,1.50
2012.04.27 04:16:31.067,0.84292,0.84312,2.25,2.92
2012.04.27 04:16:31.496,0.84296,0.84315,1.50,1.50
2012.04.27 04:16:31.566,0.84296,0.84317,3.00,2.25
2012.04.27 04:16:32.107,0.84298,0.84317,1.50,2.25
2012.04.27 04:16:32.180,0.84299,0.8432,3.75,2.25
2012.04.27 04:16:32.497,0.84301,0.84322,2.25,3.67
2012.04.27 04:16:32.625,0.84301,0.84322,2.25,1.50
2012.04.27 04:16:32.818,0.84303,0.84322,1.50,1.50
2012.04.27 04:16:33.330,0.84303,0.84321,1.50,1.50
2012.04.27 04:16:33.898,0.84303,0.84321,2.25,1.50
2012.04.27 04:16:34.026,0.84304,0.84323,2.25,1.50
2012.04.27 04:16:35.426,0.84304,0.84323,3.00,1.50
2012.04.27 04:16:36.070,0.84304,0.84323,3.00,1.50
2012.04.27 04:16:36.655,0.84303,0.84321,3.00,1.50
2012.04.27 04:16:37.628,0.84303,0.84324,3.75,1.50
2012.04.27 04:16:40.228,0.84303,0.84314,3.00,2.55
2012.04.27 04:16:40.719,0.84302,0.84313,1.50,1.50
2012.04.27 04:16:40.795,0.84291,0.84307,1.50,2.17
2012.04.27 04:16:40.986,0.84287,0.84308,2.25,1.50
2012.04.27 04:16:41.490,0.84292,0.84311,2.25,2.25
2012.04.27 04:16:41.557,0.84292,0.84311,3.00,1.50
2012.04.27 04:16:41.806,0.8429,0.84309,3.00,1.50
2012.04.27 04:16:41.939,0.8429,0.84309,3.00,1.50
2012.04.27 04:16:42.009,0.8429,0.84305,1.50,1.50
2012.04.27 04:16:42.077,0.8429,0.84307,1.50,1.50
2012.04.27 04:16:42.578,0.84285,0.84305,1.50,1.50
2012.04.27 04:16:42.909,0.84283,0.84302,3.00,1.50
2012.04.27 04:16:43.276,0.84283,0.84302,3.00,1.50
2012.04.27 04:16:43.478,0.84283,0.84301,3.00,1.50
2012.04.27 04:16:43.786,0.84282,0.84296,1.50,1.50
2012.04.27 04:16:44.107,0.84282,0.84301,2.25,1.50
2012.04.27 04:16:44.236,0.8428,0.84299,2.25,2.17
2012.04.27 04:16:44.308,0.8428,0.84298,2.25,1.50
2012.04.27 04:16:44.379,0.84279,0.84296,1.50,1.50
2012.04.27 04:16:44.688,0.84281,0.843,2.25,1.50
2012.04.27 04:16:45.207,0.84282,0.84303,2.25,3.75
2012.04.27 04:16:45.275,0.84282,0.84303,3.00,3.00
2012.04.27 04:16:45.829,0.84282,0.84303,3.00,3.00
2012.04.27 04:16:45.955,0.84282,0.84303,3.00,3.00
2012.04.27 04:16:46.025,0.84282,0.84298,2.25,2.17
2012.04.27 04:16:46.534,0.84277,0.84298,2.25,4.42
2012.04.27 04:16:47.056,0.84277,0.84297,2.25,2.17
2012.04.27 04:16:47.252,0.84278,0.84298,1.50,1.50
2012.04.27 04:16:47.384,0.84281,0.843,2.25,3.00
2012.04.27 04:16:47.819,0.84282,0.84303,2.25,3.75
2012.04.27 04:16:49.637,0.84282,0.84302,2.25,1.50
2012.04.27 04:16:49.705,0.84282,0.84302,2.25,1.50
2012.04.27 04:16:49.777,0.84282,0.843,2.25,1.50
2012.04.27 04:16:50.205,0.84282,0.84297,2.25,2.25
2012.04.27 04:16:50.720,0.84282,0.84297,1.50,2.25
2012.04.27 04:16:50.799,0.84274,0.84294,1.50,2.25
2012.04.27 04:16:51.197,0.84275,0.84296,2.25,2.25
2012.04.27 04:16:52.395,0.84278,0.84296,2.25,1.13
2012.04.27 04:16:52.785,0.84275,0.84296,2.25,2.63
2012.04.27 04:16:54.003,0.8428,0.84296,2.93,1.50
2012.04.27 04:16:54.556,0.84274,0.84295,3.00,2.25
2012.04.27 04:16:54.685,0.84277,0.84296,3.00,3.00
2012.04.27 04:16:55.276,0.84276,0.84295,2.25,1.13
2012.04.27 04:16:55.776,0.84275,0.84294,2.25,1.50
2012.04.27 04:17:00.743,0.84275,0.84294,2.25,2.25
2012.04.27 04:17:01.706,0.84275,0.84294,2.25,1.50
2012.04.27 04:17:02.534,0.84273,0.84293,1.50,1.50
2012.04.27 04:17:03.072,0.84273,0.84293,1.50,2.25
2012.04.27 04:17:03.916,0.84273,0.84293,1.50,2.25
2012.04.27 04:17:07.484,0.84274,0.84291,1.50,1.50
2012.04.27 04:17:08.070,0.84274,0.84294,1.50,2.63
2012.04.27 04:17:09.317,0.84273,0.84291,1.50,1.50
2012.04.27 04:17:11.967,0.84275,0.84291,1.50,1.50
2012.04.27 04:17:13.092,0.84274,0.84291,1.50,1.50
2012.04.27 04:17:13.695,0.84271,0.84289,3.00,1.50
2012.04.27 04:17:16.018,0.84274,0.84292,1.50,1.50
2012.04.27 04:17:16.145,0.84276,0.84296,1.50,3.00
2012.04.27 04:17:16.333,0.84277,0.84298,2.25,2.25
2012.04.27 04:17:16.464,0.84276,0.84295,3.00,1.50
2012.04.27 04:17:16.776,0.84276,0.84289,1.50,1.50
2012.04.27 04:17:17.274,0.84272,0.84284,1.50,1.50
2012.04.27 04:17:17.404,0.84272,0.84284,1.50,1.50
2012.04.27 04:17:17.886,0.84267,0.84282,2.25,1.50
2012.04.27 04:17:18.016,0.84267,0.84284,1.50,1.50
2012.04.27 04:17:18.544,0.84265,0.84284,1.50,1.50
2012.04.27 04:17:18.676,0.84265,0.84281,1.50,1.50
2012.04.27 04:17:18.744,0.84265,0.84281,1.50,1.50
2012.04.27 04:17:18.935,0.84265,0.84281,1.50,1.50
2012.04.27 04:17:19.371,0.84262,0.8428,3.00,1.50
2012.04.27 04:17:19.728,0.84259,0.84275,1.50,1.50
2012.04.27 04:17:19.924,0.84256,0.84273,1.50,1.50
2012.04.27 04:17:20.116,0.84256,0.84273,1.50,2.25
2012.04.27 04:17:20.306,0.84251,0.84269,2.25,1.50
2012.04.27 04:17:20.866,0.84251,0.84269,1.50,1.50
2012.04.27 04:17:21.175,0.84253,0.8427,3.68,1.50
2012.04.27 04:17:21.249,0.84254,0.84273,2.25,2.25
2012.04.27 04:17:22.178,0.84255,0.84274,2.25,1.50
2012.04.27 04:17:22.255,0.8425,0.84267,1.88,2.25
2012.04.27 04:17:22.462,0.84249,0.84266,1.50,2.25
2012.04.27 04:17:22.607,0.84246,0.84266,1.50,2.25
2012.04.27 04:17:22.806,0.84245,0.84265,1.50,2.25
2012.04.27 04:17:22.945,0.84243,0.84263,1.50,1.50
2012.04.27 04:17:23.524,0.84242,0.84263,2.25,2.25
2012.04.27 04:17:23.854,0.84241,0.8426,2.25,2.25
2012.04.27 04:17:25.595,0.84242,0.84263,3.00,4.50
2012.04.27 04:17:25.726,0.84242,0.84263,3.00,3.00
2012.04.27 04:17:28.136,0.84246,0.84265,2.25,2.25
2012.04.27 04:17:28.806,0.84246,0.84265,2.25,2.25
2012.04.27 04:17:29.234,0.8425,0.84266,1.50,1.50
2012.04.27 04:17:29.434,0.84248,0.84266,1.50,1.50
2012.04.27 04:17:29.884,0.84248,0.84264,1.50,1.50
2012.04.27 04:17:31.603,0.84248,0.84262,1.50,1.50
2012.04.27 04:17:33.903,0.84244,0.8426,1.50,1.50
2012.04.27 04:17:34.627,0.84244,0.84262,1.50,1.50
2012.04.27 04:17:35.344,0.84246,0.84264,1.50,1.50
2012.04.27 04:17:38.513,0.84245,0.84263,1.50,1.50
2012.04.27 04:17:38.954,0.84246,0.84265,1.50,1.50
2012.04.27 04:17:40.253,0.84248,0.84265,1.50,1.50
2012.04.27 04:17:40.444,0.84248,0.84263,1.50,1.50
2012.04.27 04:17:40.516,0.84248,0.84266,1.50,2.25
2012.04.27 04:17:41.363,0.84248,0.84267,3.00,2.25
2012.04.27 04:17:41.867,0.8425,0.84269,1.50,3.75
2012.04.27 04:17:42.116,0.84248,0.84266,2.25,1.50
2012.04.27 04:17:42.633,0.84248,0.84264,2.25,1.50
2012.04.27 04:17:42.894,0.84244,0.84264,1.50,2.63
2012.04.27 04:17:43.024,0.84243,0.84262,2.25,1.50
2012.04.27 04:17:48.094,0.84245,0.84262,2.92,1.88
2012.04.27 04:17:48.165,0.84249,0.84262,1.50,1.88
2012.04.27 04:17:48.296,0.84246,0.84265,2.25,1.50
2012.04.27 04:17:48.485,0.84246,0.84266,2.25,1.88
2012.04.27 04:17:49.034,0.84245,0.84265,2.92,2.25
2012.04.27 04:17:49.576,0.84244,0.84265,3.00,2.25
2012.04.27 04:17:49.725,0.84245,0.84265,1.50,2.25
2012.04.27 04:17:50.229,0.84245,0.84264,1.50,1.50
2012.04.27 04:17:52.302,0.84247,0.84265,1.50,1.13
2012.04.27 04:17:52.908,0.84247,0.84264,1.50,1.50
2012.04.27 04:17:53.802,0.84247,0.84263,1.50,1.50
2012.04.27 04:17:54.376,0.84247,0.84264,1.50,1.50
2012.04.27 04:17:54.724,0.84247,0.84264,1.50,1.50
2012.04.27 04:17:55.242,0.84247,0.84263,1.50,1.50
2012.04.27 04:17:55.536,0.84247,0.84265,1.50,2.63
2012.04.27 04:17:57.426,0.84247,0.84265,3.38,1.88
2012.04.27 04:17:58.283,0.8425,0.84265,1.50,1.50
2012.04.27 04:17:58.357,0.8425,0.84269,1.50,2.25
2012.04.27 04:17:58.888,0.8425,0.84269,1.50,1.50
2012.04.27 04:17:59.326,0.8425,0.84266,1.50,1.50
2012.04.27 04:18:00.356,0.8425,0.84267,1.50,1.50
2012.04.27 04:18:00.780,0.84263,0.84269,1.50,2.25
2012.04.27 04:18:00.998,0.84262,0.84277,4.35,2.25
2012.04.27 04:18:01.070,0.84262,0.84278,4.35,1.50
2012.04.27 04:18:01.147,0.84264,0.84278,1.13,1.50
2012.04.27 04:18:01.406,0.84269,0.84285,1.50,1.50
2012.04.27 04:18:01.476,0.84271,0.84285,1.50,1.50
2012.04.27 04:18:02.045,0.84273,0.84285,1.50,1.50
2012.04.27 04:18:02.244,0.84279,0.84293,1.50,1.50
2012.04.27 04:18:02.497,0.84279,0.84298,1.88,1.50
2012.04.27 04:18:02.626,0.84283,0.84302,2.25,3.75
2012.04.27 04:18:02.938,0.84285,0.84302,1.50,1.88
2012.04.27 04:18:03.257,0.84271,0.84289,1.50,3.00
2012.04.27 04:18:03.327,0.84269,0.84285,2.25,1.50
2012.04.27 04:18:03.784,0.84262,0.84283,2.25,1.50
2012.04.27 04:18:04.154,0.84261,0.84279,1.50,1.50
2012.04.27 04:18:04.344,0.84263,0.84283,2.25,2.25
2012.04.27 04:18:04.655,0.84266,0.84284,1.50,1.50
2012.04.27 04:18:04.906,0.84264,0.84283,2.25,2.25
2012.04.27 04:18:05.038,0.84264,0.8428,1.50,2.92
2012.04.27 04:18:05.106,0.8426,0.84279,1.50,1.50
2012.04.27 04:18:05.235,0.84259,0.84276,1.50,1.50
2012.04.27 04:18:05.734,0.84254,0.84268,1.50,1.50
2012.04.27 04:18:05.865,0.84254,0.84268,1.50,1.50
2012.04.27 04:18:05.935,0.84254,0.8427,1.50,1.50
2012.04.27 04:18:06.577,0.84254,0.84268,2.25,1.50
2012.04.27 04:18:06.902,0.84254,0.84266,1.50,1.50
2012.04.27 04:18:07.284,0.84254,0.84269,1.50,1.50
2012.04.27 04:18:07.915,0.84254,0.8427,1.50,1.50
2012.04.27 04:18:08.126,0.84254,0.8427,1.50,1.50
2012.04.27 04:18:09.138,0.84252,0.8427,1.50,2.25
2012.04.27 04:18:09.662,0.84248,0.8426,2.93,1.50
2012.04.27 04:18:09.858,0.84247,0.84264,1.50,1.50
2012.04.27 04:18:09.928,0.84247,0.84261,1.50,1.50
2012.04.27 04:18:10.055,0.84247,0.84264,1.50,1.50
2012.04.27 04:18:10.444,0.84246,0.84264,1.50,2.25
2012.04.27 04:18:10.634,0.84245,0.84264,1.50,2.25
2012.04.27 04:18:10.856,0.84243,0.84264,3.75,1.50
2012.04.27 04:18:11.225,0.84244,0.84262,1.50,1.50
2012.04.27 04:18:11.545,0.84244,0.8426,1.50,1.50
2012.04.27 04:18:11.615,0.84244,0.84262,1.50,2.25
2012.04.27 04:18:11.686,0.84245,0.84259,1.50,1.50
2012.04.27 04:18:11.816,0.84245,0.84261,1.50,1.50
2012.04.27 04:18:12.243,0.84245,0.84264,3.00,1.88
2012.04.27 04:18:12.906,0.84245,0.84264,2.25,3.00
2012.04.27 04:18:13.933,0.84245,0.84263,2.25,1.50
2012.04.27 04:18:14.754,0.84244,0.84261,1.50,1.50
2012.04.27 04:18:15.005,0.84246,0.84263,1.50,1.50
2012.04.27 04:18:15.398,0.84243,0.8426,1.50,1.50
2012.04.27 04:18:15.587,0.84243,0.84262,1.50,2.25
2012.04.27 04:18:15.716,0.84243,0.84261,1.50,1.50
2012.04.27 04:18:16.024,0.84241,0.8426,2.63,2.25
2012.04.27 04:18:16.093,0.84241,0.8426,3.38,1.50
2012.04.27 04:18:16.593,0.84242,0.84261,2.25,2.63
2012.04.27 04:18:16.965,0.84241,0.84259,1.50,1.50
2012.04.27 04:18:17.095,0.84237,0.84257,1.50,2.63
2012.04.27 04:18:17.507,0.84238,0.84257,2.25,2.63
2012.04.27 04:18:18.167,0.84237,0.84255,1.13,2.25
2012.04.27 04:18:25.343,0.84239,0.84258,2.25,1.88
2012.04.27 04:18:26.426,0.84239,0.84258,2.25,1.13
2012.04.27 04:18:29.104,0.8424,0.84255,1.13,1.50
2012.04.27 04:18:29.617,0.8424,0.84254,1.13,1.50
2012.04.27 04:18:29.805,0.8424,0.84257,2.63,1.50
2012.04.27 04:18:30.365,0.8424,0.84254,2.63,1.50
2012.04.27 04:18:30.676,0.84244,0.84259,2.25,1.50
2012.04.27 04:18:31.099,0.84241,0.84257,1.50,1.50
2012.04.27 04:18:31.286,0.84245,0.84261,1.50,2.25
2012.04.27 04:18:31.544,0.84249,0.84264,1.50,3.75
2012.04.27 04:18:32.033,0.84247,0.84262,1.50,2.25
2012.04.27 04:18:32.484,0.84244,0.84258,1.13,1.50
2012.04.27 04:18:35.687,0.84247,0.84261,2.92,1.50
2012.04.27 04:18:35.876,0.84248,0.8427,4.50,3.38
2012.04.27 04:18:36.007,0.84251,0.8427,1.50,4.13
2012.04.27 04:18:36.255,0.84248,0.84269,3.75,2.25
2012.04.27 04:18:36.385,0.84247,0.84263,1.50,1.50
2012.04.27 04:18:36.696,0.84246,0.84261,1.50,1.50
2012.04.27 04:18:37.013,0.84242,0.84259,1.50,1.50
2012.04.27 04:18:37.325,0.84242,0.84257,1.50,1.50
2012.04.27 04:18:37.393,0.84242,0.8426,1.50,1.50
2012.04.27 04:18:38.794,0.84246,0.84262,2.25,1.50
2012.04.27 04:18:42.614,0.84247,0.84263,1.50,1.50
2012.04.27 04:18:42.684,0.84247,0.84261,1.50,1.50
2012.04.27 04:18:43.065,0.84248,0.84261,1.50,1.50
2012.04.27 04:18:43.197,0.84252,0.84265,1.50,1.50
2012.04.27 04:18:43.266,0.84253,0.84265,1.50,1.50
2012.04.27 04:18:43.336,0.84254,0.84269,2.25,1.50
2012.04.27 04:18:44.065,0.84257,0.84272,1.50,1.50
2012.04.27 04:18:44.446,0.8426,0.84275,1.50,1.50
2012.04.27 04:18:44.635,0.84261,0.84278,1.50,2.25
2012.04.27 04:18:45.190,0.84261,0.84278,1.50,1.50
2012.04.27 04:18:45.266,0.84264,0.84279,1.50,1.50
2012.04.27 04:18:45.577,0.84262,0.84275,1.50,1.50
2012.04.27 04:18:45.827,0.84266,0.84281,1.50,1.50
2012.04.27 04:18:46.442,0.8426,0.84275,1.50,1.50
2012.04.27 04:18:46.884,0.84264,0.84279,1.50,1.50
2012.04.27 04:18:49.436,0.8426,0.84277,2.25,1.50
2012.04.27 04:18:49.943,0.84262,0.84277,1.50,1.50
2012.04.27 04:18:50.367,0.84262,0.84274,1.50,1.50
2012.04.27 04:18:50.555,0.84262,0.84279,2.25,1.50
2012.04.27 04:18:51.113,0.84262,0.84279,1.50,2.25
2012.04.27 04:18:51.255,0.84261,0.84276,1.50,1.50
2012.04.27 04:18:51.607,0.84265,0.84282,1.50,3.00
2012.04.27 04:18:51.806,0.84263,0.8428,1.50,2.25
2012.04.27 04:18:51.877,0.84263,0.84278,1.50,1.50
2012.04.27 04:18:52.006,0.84257,0.84272,2.25,1.50
2012.04.27 04:18:52.513,0.84257,0.84272,1.50,2.25
2012.04.27 04:18:53.005,0.84257,0.84271,1.50,2.25
2012.04.27 04:18:53.079,0.84252,0.84269,2.25,2.25
2012.04.27 04:18:53.145,0.84252,0.84269,2.25,2.25
2012.04.27 04:18:53.536,0.84251,0.84266,2.25,1.50
2012.04.27 04:18:54.074,0.84252,0.84269,1.50,3.38
2012.04.27 04:18:54.143,0.8425,0.84267,1.50,1.50
2012.04.27 04:18:54.543,0.84249,0.84264,2.25,1.50
2012.04.27 04:18:54.815,0.8425,0.84267,1.50,1.50
2012.04.27 04:18:55.556,0.8425,0.84267,2.25,1.50
2012.04.27 04:18:56.446,0.8425,0.84267,2.25,1.50
2012.04.27 04:18:57.964,0.8425,0.84265,1.50,1.50
2012.04.27 04:18:58.545,0.8425,0.84265,1.50,1.50
2012.04.27 04:18:58.613,0.84252,0.84267,1.50,1.50
2012.04.27 04:18:58.824,0.84252,0.84267,1.50,2.46
2012.04.27 04:18:59.156,0.84245,0.84258,1.50,1.50
2012.04.27 04:18:59.225,0.84245,0.84258,1.50,1.50
2012.04.27 04:18:59.733,0.84242,0.84257,2.25,1.50
2012.04.27 04:19:00.244,0.84243,0.84259,2.25,1.50
2012.04.27 04:19:00.744,0.84245,0.84261,2.25,1.50
2012.04.27 04:19:01.293,0.84243,0.84258,2.25,1.50
2012.04.27 04:19:01.814,0.84246,0.84261,2.25,3.00
2012.04.27 04:19:01.885,0.84246,0.84261,2.25,1.50
2012.04.27 04:19:02.146,0.84246,0.8426,2.25,1.50
2012.04.27 04:19:02.605,0.84242,0.84262,1.50,2.25
2012.04.27 04:19:03.035,0.84242,0.84263,1.50,1.50
2012.04.27 04:19:03.806,0.84245,0.84266,1.50,2.25
2012.04.27 04:19:04.176,0.84245,0.84266,1.50,1.50
2012.04.27 04:19:04.624,0.84242,0.84264,1.50,1.50
2012.04.27 04:19:04.877,0.84241,0.84263,1.50,1.50
2012.04.27 04:19:05.842,0.8424,0.84263,1.50,2.63
2012.04.27 04:19:07.187,0.84238,0.84258,3.00,1.50
2012.04.27 04:19:07.493,0.84237,0.84255,1.50,1.50
2012.04.27 04:19:09.477,0.84239,0.84258,2.25,3.00
2012.04.27 04:19:09.784,0.84238,0.84257,1.50,1.50
2012.04.27 04:19:10.297,0.84239,0.84258,2.25,2.25
2012.04.27 04:19:12.227,0.8424,0.84258,1.50,3.00
2012.04.27 04:19:12.294,0.84239,0.84258,2.33,3.00
2012.04.27 04:19:12.485,0.84237,0.84251,1.58,1.50
2012.04.27 04:19:12.864,0.84241,0.84253,2.25,1.50
2012.04.27 04:19:12.933,0.84241,0.84255,3.75,1.50
2012.04.27 04:19:13.487,0.84241,0.84254,1.50,1.50
2012.04.27 04:19:14.134,0.84236,0.84252,1.50,1.50
2012.04.27 04:19:14.676,0.84236,0.84251,3.00,1.50
2012.04.27 04:19:16.763,0.84235,0.8425,2.25,1.50
2012.04.27 04:19:18.745,0.84236,0.84252,1.50,1.50
2012.04.27 04:19:20.503,0.84236,0.84249,1.50,1.50
2012.04.27 04:19:20.878,0.84236,0.84249,1.50,1.50
2012.04.27 04:19:21.135,0.84237,0.84254,2.25,3.00
2012.04.27 04:19:21.266,0.84234,0.8425,1.50,1.50
2012.04.27 04:19:22.105,0.84239,0.84254,2.25,1.50
2012.04.27 04:19:22.293,0.84239,0.84254,2.25,1.50
2012.04.27 04:19:23.645,0.84241,0.84255,2.25,1.50
2012.04.27 04:19:24.709,0.84241,0.84255,1.50,1.50
2012.04.27 04:19:24.778,0.84237,0.84252,1.50,1.50
2012.04.27 04:19:24.844,0.84237,0.84254,3.00,1.50
2012.04.27 04:19:25.143,0.84237,0.84252,1.50,1.50
2012.04.27 04:19:25.445,0.84235,0.84252,2.25,2.25
2012.04.27 04:19:25.754,0.84231,0.84246,2.25,1.50
2012.04.27 04:19:25.823,0.84231,0.84246,1.50,1.50
2012.04.27 04:19:29.964,0.84231,0.84246,2.25,1.50
2012.04.27 04:19:30.034,0.84232,0.84249,2.25,2.25
2012.04.27 04:19:31.964,0.84231,0.84246,2.25,1.50
2012.04.27 04:19:33.470,0.84231,0.84246,4.42,1.50
2012.04.27 04:19:33.664,0.84232,0.84249,2.25,1.50
2012.04.27 04:19:33.787,0.84232,0.84249,3.00,1.50
2012.04.27 04:19:39.182,0.84232,0.84249,2.25,2.25
2012.04.27 04:19:40.088,0.84233,0.84249,1.50,1.50
2012.04.27 04:19:40.284,0.84232,0.84249,3.00,1.50
2012.04.27 04:19:40.786,0.84232,0.84249,2.25,2.25
2012.04.27 04:19:41.304,0.84232,0.84249,3.00,1.50
2012.04.27 04:19:47.805,0.84232,0.84249,2.25,2.25
2012.04.27 04:19:48.354,0.84232,0.84249,2.25,1.50
2012.04.27 04:19:52.831,0.84232,0.84249,2.25,2.25
2012.04.27 04:19:53.373,0.84232,0.84249,2.25,2.25
2012.04.27 04:19:53.885,0.84232,0.84249,1.50,3.00
2012.04.27 04:19:54.196,0.84232,0.84249,1.50,3.00
2012.04.27 04:19:54.565,0.84232,0.84248,1.50,1.71
2012.04.27 04:19:56.535,0.84232,0.84245,1.50,1.50
2012.04.27 04:19:57.343,0.84232,0.84243,1.50,1.50
2012.04.27 04:19:58.225,0.84232,0.84241,1.50,1.50
2012.04.27 04:19:59.597,0.84232,0.84239,1.50,1.50
2012.04.27 04:19:59.930,0.84223,0.84237,2.25,2.25
2012.04.27 04:20:00.185,0.84222,0.84231,2.10,1.50
2012.04.27 04:20:00.324,0.84222,0.84239,2.10,1.50
2012.04.27 04:20:00.456,0.84222,0.84236,2.10,1.50
2012.04.27 04:20:01.080,0.84222,0.84236,2.10,1.50
2012.04.27 04:20:01.587,0.84222,0.84236,2.10,1.50
2012.04.27 04:20:01.655,0.84222,0.84236,2.10,1.50
2012.04.27 04:20:03.294,0.84222,0.84235,2.10,1.13
2012.04.27 04:20:05.523,0.84222,0.84236,2.10,1.88
2012.04.27 04:20:06.428,0.84222,0.84239,2.85,1.50
2012.04.27 04:20:07.041,0.84224,0.84241,1.50,1.50
2012.04.27 04:20:07.934,0.84235,0.84242,1.50,2.25
2012.04.27 04:20:08.064,0.84225,0.84241,1.50,1.50
2012.04.27 04:20:08.254,0.84228,0.84241,1.50,1.50
2012.04.27 04:20:08.385,0.84226,0.84241,1.50,1.50
2012.04.27 04:20:09.054,0.84225,0.84242,1.50,1.50
2012.04.27 04:20:09.484,0.8422,0.84231,2.25,1.50
2012.04.27 04:20:09.555,0.8422,0.84234,2.25,1.50
2012.04.27 04:20:09.684,0.8422,0.84236,2.25,1.50
2012.04.27 04:20:09.824,0.8422,0.84234,2.25,1.50
2012.04.27 04:20:10.169,0.84225,0.8424,1.50,2.25
2012.04.27 04:20:10.923,0.84222,0.84239,2.25,3.00
2012.04.27 04:20:11.001,0.8422,0.84233,1.50,1.50
2012.04.27 04:20:11.549,0.84221,0.84234,1.50,1.50
2012.04.27 04:20:11.678,0.84221,0.84236,1.50,1.50
2012.04.27 04:20:12.496,0.84225,0.84236,1.13,1.50
2012.04.27 04:20:12.709,0.84227,0.84242,2.25,1.50
2012.04.27 04:20:12.898,0.84227,0.84238,1.50,1.50
2012.04.27 04:20:12.967,0.84229,0.84243,1.13,1.50
2012.04.27 04:20:13.335,0.84227,0.84242,2.25,1.50
2012.04.27 04:20:13.405,0.84222,0.84236,1.50,1.50
2012.04.27 04:20:13.476,0.84221,0.84236,3.00,1.50
2012.04.27 04:20:13.551,0.84225,0.84237,1.50,1.50
2012.04.27 04:20:13.630,0.84226,0.84243,1.50,3.75
2012.04.27 04:20:13.765,0.84221,0.84236,2.25,1.50
2012.04.27 04:20:13.956,0.84221,0.84236,2.25,1.50
2012.04.27 04:20:14.025,0.84221,0.84238,2.25,2.25
2012.04.27 04:20:14.195,0.84219,0.84236,3.00,1.50
2012.04.27 04:20:15.546,0.84219,0.84236,2.25,2.25
2012.04.27 04:20:16.097,0.84219,0.84236,2.25,2.25
2012.04.27 04:20:16.167,0.84219,0.84233,1.50,1.50
2012.04.27 04:20:18.316,0.84219,0.84234,1.50,2.25
2012.04.27 04:20:18.645,0.84214,0.8423,1.50,1.50
2012.04.27 04:20:18.781,0.84212,0.84229,2.25,2.25
2012.04.27 04:20:18.859,0.84211,0.84226,3.00,1.50
2012.04.27 04:20:19.589,0.84211,0.84226,2.25,1.50
2012.04.27 04:20:20.134,0.8421,0.84225,1.50,1.50
2012.04.27 04:20:20.528,0.8421,0.84227,3.00,1.50
2012.04.27 04:20:20.836,0.84211,0.84227,1.50,2.25
2012.04.27 04:20:21.143,0.84205,0.84218,1.50,1.50
2012.04.27 04:20:21.463,0.84203,0.84218,3.00,1.50
2012.04.27 04:20:21.715,0.84205,0.8422,1.50,1.50
2012.04.27 04:20:22.506,0.84203,0.84218,3.00,1.50
2012.04.27 04:20:22.965,0.84203,0.84218,3.00,1.50
2012.04.27 04:20:23.635,0.84203,0.84218,3.00,1.50
2012.04.27 04:20:23.954,0.84203,0.84218,2.25,1.50
2012.04.27 04:20:24.098,0.84203,0.8422,2.25,1.50
2012.04.27 04:20:24.227,0.84202,0.84218,1.50,1.50
2012.04.27 04:20:24.596,0.84202,0.84216,1.50,1.50
2012.04.27 04:20:24.838,0.84202,0.84216,1.50,1.50
2012.04.27 04:20:24.967,0.84202,0.84213,1.50,1.50
2012.04.27 04:20:25.156,0.84199,0.84216,2.25,1.50
2012.04.27 04:20:25.347,0.84197,0.84213,1.50,1.50
2012.04.27 04:20:25.874,0.84196,0.84213,2.25,3.00
2012.04.27 04:20:26.309,0.84196,0.84213,2.25,3.00
2012.04.27 04:20:26.494,0.84199,0.84213,1.50,1.50
2012.04.27 04:20:26.814,0.84206,0.84214,1.50,1.50
2012.04.27 04:20:26.887,0.84206,0.84223,3.00,2.25
2012.04.27 04:20:27.015,0.84207,0.84223,1.50,2.25
2012.04.27 04:20:27.088,0.84206,0.84223,2.25,3.00
2012.04.27 04:20:27.216,0.84206,0.84223,2.25,2.25
2012.04.27 04:20:27.744,0.84205,0.8422,2.25,1.50
2012.04.27 04:20:27.905,0.84205,0.8422,2.25,1.50
2012.04.27 04:20:28.456,0.84204,0.84219,1.50,1.50
2012.04.27 04:20:28.895,0.84203,0.84219,1.50,2.25
2012.04.27 04:20:28.966,0.84203,0.84216,1.50,1.50
2012.04.27 04:20:29.035,0.84203,0.84216,1.50,2.25
2012.04.27 04:20:29.230,0.84203,0.84216,2.25,1.50
2012.04.27 04:20:29.295,0.84203,0.84218,2.25,1.50
2012.04.27 04:20:29.425,0.84203,0.84218,2.25,1.50
2012.04.27 04:20:29.976,0.84201,0.84217,1.50,1.50
2012.04.27 04:20:30.284,0.84204,0.84221,2.25,1.50
2012.04.27 04:20:30.354,0.84204,0.84221,2.25,1.50
2012.04.27 04:20:30.664,0.84205,0.84219,1.50,1.50
2012.04.27 04:20:30.978,0.84205,0.84217,1.50,1.50
2012.04.27 04:20:31.295,0.84202,0.84214,2.25,1.50
2012.04.27 04:20:31.487,0.84198,0.84213,1.50,1.50
2012.04.27 04:20:31.990,0.84209,0.84221,1.50,1.50
2012.04.27 04:20:32.067,0.84207,0.84221,1.50,1.50
2012.04.27 04:20:32.208,0.84208,0.84222,1.50,1.50
2012.04.27 04:20:32.576,0.84202,0.84217,2.25,1.50
2012.04.27 04:20:33.588,0.84201,0.84217,2.25,1.50
2012.04.27 04:20:34.636,0.84203,0.84217,1.50,1.50
2012.04.27 04:20:34.975,0.84203,0.8422,3.75,2.25
2012.04.27 04:20:35.104,0.84208,0.84223,1.50,2.25
2012.04.27 04:20:35.176,0.84206,0.84221,1.50,2.25
2012.04.27 04:20:35.984,0.84204,0.8422,1.50,1.50
2012.04.27 04:20:36.054,0.84204,0.84217,1.50,1.50
2012.04.27 04:20:36.598,0.84203,0.84217,1.50,1.50
2012.04.27 04:20:38.906,0.84203,0.84217,2.25,1.50
2012.04.27 04:20:39.096,0.84206,0.8422,1.50,1.50
2012.04.27 04:20:39.166,0.84201,0.84214,1.50,1.50
2012.04.27 04:20:39.954,0.84201,0.84214,1.50,1.50
2012.04.27 04:20:40.147,0.84202,0.84217,2.25,1.50
2012.04.27 04:20:40.697,0.84203,0.84217,1.50,1.50
2012.04.27 04:20:41.249,0.84204,0.84217,1.50,1.50
2012.04.27 04:20:41.375,0.84203,0.84217,1.50,1.50
2012.04.27 04:20:41.506,0.84201,0.84214,1.50,1.50
2012.04.27 04:20:42.035,0.84201,0.84215,1.50,1.50
2012.04.27 04:20:42.964,0.84201,0.84214,1.50,1.50
2012.04.27 04:20:43.522,0.84201,0.84214,1.50,1.50
2012.04.27 04:20:44.450,0.842,0.84214,1.50,1.50
2012.04.27 04:20:44.956,0.84197,0.84209,1.50,1.50
2012.04.27 04:20:45.746,0.84198,0.84213,2.25,3.00
2012.04.27 04:20:46.215,0.84194,0.84208,1.50,1.50
2012.04.27 04:20:47.794,0.84194,0.84211,2.25,1.50
2012.04.27 04:20:48.275,0.84193,0.84209,2.25,1.50
2012.04.27 04:20:48.896,0.84192,0.84209,2.25,1.50
2012.04.27 04:20:49.371,0.84191,0.84206,2.25,2.25
2012.04.27 04:20:49.894,0.84191,0.84206,2.25,2.25
2012.04.27 04:20:49.967,0.84189,0.84205,1.50,2.25
2012.04.27 04:20:50.939,0.84189,0.84205,1.50,2.25
2012.04.27 04:20:52.154,0.84189,0.84203,1.50,1.50
2012.04.27 04:20:52.525,0.84188,0.842,1.50,1.50
2012.04.27 04:20:53.316,0.84188,0.842,1.50,1.50
2012.04.27 04:20:53.647,0.84186,0.84197,2.25,1.50
2012.04.27 04:20:54.157,0.84186,0.84197,1.50,1.50
2012.04.27 04:20:54.284,0.84186,0.84199,1.50,1.50
2012.04.27 04:20:54.658,0.84186,0.84197,1.50,1.50
2012.04.27 04:20:54.738,0.84185,0.84197,2.25,1.50
2012.04.27 04:20:55.047,0.84184,0.84193,1.50,1.50
2012.04.27 04:20:55.117,0.8418,0.84193,1.50,1.50
2012.04.27 04:20:55.245,0.8418,0.84193,1.50,1.50
2012.04.27 04:20:55.753,0.8418,0.84191,1.50,1.50
2012.04.27 04:20:56.006,0.84177,0.84191,2.25,1.50
2012.04.27 04:20:56.524,0.84177,0.84188,1.50,1.50
2012.04.27 04:20:57.504,0.84177,0.8419,1.50,1.50
2012.04.27 04:20:58.795,0.84177,0.8419,2.92,1.50
2012.04.27 04:21:00.804,0.84177,0.8419,2.92,1.50
2012.04.27 04:21:00.875,0.8418,0.84192,1.50,1.50
2012.04.27 04:21:01.425,0.84177,0.84194,4.42,2.25
2012.04.27 04:21:01.495,0.84177,0.84194,2.25,2.25
2012.04.27 04:21:01.627,0.84177,0.84192,1.50,1.71
2012.04.27 04:21:01.814,0.84177,0.84192,1.50,2.25
2012.04.27 04:21:02.136,0.84172,0.84184,1.50,1.50
2012.04.27 04:21:02.205,0.84175,0.84188,1.50,1.50
2012.04.27 04:21:02.588,0.84175,0.8419,2.25,2.25
2012.04.27 04:21:04.166,0.84176,0.8419,3.67,1.50
2012.04.27 04:21:04.494,0.84177,0.84193,1.50,2.25
2012.04.27 04:21:04.685,0.84176,0.84193,4.42,3.00
2012.04.27 04:21:04.996,0.84171,0.84185,2.25,1.50
2012.04.27 04:21:05.364,0.8417,0.84185,1.50,1.50
2012.04.27 04:21:05.437,0.84173,0.84185,2.17,1.50
2012.04.27 04:21:05.933,0.8417,0.84185,1.50,1.50
2012.04.27 04:21:06.589,0.84169,0.84184,3.00,1.50
2012.04.27 04:21:07.207,0.84169,0.84184,3.00,1.50
2012.04.27 04:21:07.335,0.84171,0.84186,2.25,1.50
2012.04.27 04:21:08.447,0.84172,0.84186,1.50,1.50
2012.04.27 04:21:08.995,0.84173,0.84186,1.50,1.50
2012.04.27 04:21:09.065,0.84173,0.84188,3.00,1.50
2012.04.27 04:21:10.534,0.84179,0.84191,1.50,1.50
2012.04.27 04:21:10.606,0.84176,0.84191,1.50,3.00
2012.04.27 04:21:11.167,0.84176,0.84191,1.50,2.25
2012.04.27 04:21:11.367,0.84176,0.84189,1.50,1.50
2012.04.27 04:21:11.891,0.84171,0.84184,1.50,1.50
2012.04.27 04:21:12.418,0.84169,0.84184,2.25,1.50
2012.04.27 04:21:16.433,0.84169,0.84184,3.00,1.50
2012.04.27 04:21:16.507,0.84171,0.84186,1.50,2.25
2012.04.27 04:21:18.055,0.84172,0.84189,1.50,2.25
2012.04.27 04:21:18.678,0.84172,0.84189,1.50,2.25
2012.04.27 04:21:19.363,0.84171,0.84186,1.50,1.50
2012.04.27 04:21:21.223,0.84175,0.84189,1.50,1.50
2012.04.27 04:21:21.725,0.84177,0.84192,1.50,2.25
2012.04.27 04:21:21.795,0.84177,0.84192,1.50,2.25
2012.04.27 04:21:22.308,0.8418,0.84192,1.50,2.25
2012.04.27 04:21:23.246,0.8418,0.84194,1.50,2.25
2012.04.27 04:21:23.677,0.8418,0.84195,1.50,2.25
2012.04.27 04:21:23.985,0.8418,0.84195,2.25,2.25
2012.04.27 04:21:24.056,0.84181,0.84195,1.50,1.50
2012.04.27 04:21:24.187,0.84182,0.84198,1.50,2.25
2012.04.27 04:21:24.255,0.84184,0.84203,1.50,1.50
2012.04.27 04:21:24.327,0.84182,0.84201,3.00,2.25
2012.04.27 04:21:24.466,0.84182,0.84201,3.00,2.25
2012.04.27 04:21:24.537,0.84183,0.84204,2.25,3.75
2012.04.27 04:21:24.856,0.84188,0.84205,1.50,1.50
2012.04.27 04:21:25.047,0.84188,0.84205,1.50,1.50
2012.04.27 04:21:25.246,0.84188,0.84207,1.50,3.75
2012.04.27 04:21:25.770,0.84188,0.84207,2.25,1.50
2012.04.27 04:21:25.836,0.84188,0.84206,2.25,1.50
2012.04.27 04:21:26.423,0.84187,0.84206,1.50,1.50
2012.04.27 04:21:26.499,0.84187,0.84206,2.25,1.50
2012.04.27 04:21:27.054,0.84187,0.84205,1.50,1.50
2012.04.27 04:21:27.677,0.8419,0.84206,1.50,2.25
2012.04.27 04:21:29.705,0.8419,0.84209,1.50,3.75
2012.04.27 04:21:29.898,0.84195,0.8421,1.50,1.50
2012.04.27 04:21:30.329,0.84198,0.84214,1.88,1.50
2012.04.27 04:21:30.466,0.842,0.84215,1.88,1.50
2012.04.27 04:21:30.597,0.84201,0.84215,2.63,1.50
2012.04.27 04:21:30.855,0.84206,0.84222,1.50,1.50
2012.04.27 04:21:30.925,0.84209,0.84224,1.50,1.50
2012.04.27 04:21:31.114,0.84206,0.84224,1.50,1.50
2012.04.27 04:21:31.304,0.84206,0.84221,1.50,1.50
2012.04.27 04:21:31.987,0.84208,0.84223,1.50,1.50
2012.04.27 04:21:32.295,0.84205,0.84219,1.50,1.50
2012.04.27 04:21:32.843,0.84204,0.84219,1.88,1.50
2012.04.27 04:21:33.277,0.84205,0.84221,1.50,1.50
2012.04.27 04:21:33.349,0.84204,0.84219,4.42,1.50
2012.04.27 04:21:33.826,0.84208,0.84223,1.50,1.50
2012.04.27 04:21:35.249,0.84209,0.84226,1.50,2.25
2012.04.27 04:21:35.437,0.84211,0.84227,1.50,3.00
2012.04.27 04:21:35.757,0.84214,0.84229,1.50,3.00
2012.04.27 04:21:36.258,0.84213,0.84227,1.50,2.25
2012.04.27 04:21:36.855,0.84211,0.84226,1.50,2.25
2012.04.27 04:21:36.985,0.84208,0.84225,3.00,2.25
2012.04.27 04:21:37.953,0.84208,0.84225,2.25,2.25
2012.04.27 04:21:38.035,0.84203,0.84219,2.25,1.50
2012.04.27 04:21:38.166,0.84203,0.84217,2.25,1.50
2012.04.27 04:21:39.000,0.84208,0.84217,1.50,2.25
2012.04.27 04:21:39.316,0.84211,0.84219,1.50,1.50
2012.04.27 04:21:39.696,0.84211,0.84228,3.00,2.25
2012.04.27 04:21:40.296,0.84211,0.84228,2.25,2.25
2012.04.27 04:21:41.046,0.84209,0.84226,3.75,2.25
2012.04.27 04:21:41.354,0.84213,0.84227,1.50,3.00
2012.04.27 04:21:42.478,0.84214,0.84227,1.50,1.50
2012.04.27 04:21:45.355,0.84213,0.84227,1.50,2.25
2012.04.27 04:21:46.688,0.84213,0.8423,2.25,2.25
2012.04.27 04:21:46.816,0.84215,0.84232,1.50,3.00
2012.04.27 04:21:47.665,0.84213,0.8423,2.25,2.25
2012.04.27 04:21:48.857,0.84213,0.8423,2.25,2.25
2012.04.27 04:21:49.752,0.84213,0.84226,1.50,1.50
2012.04.27 04:21:49.946,0.8421,0.84223,1.50,1.50
2012.04.27 04:21:50.137,0.84208,0.84223,1.50,3.00
2012.04.27 04:21:50.944,0.84204,0.84221,3.75,1.50
2012.04.27 04:21:51.256,0.84204,0.84221,1.50,2.25
2012.04.27 04:21:51.803,0.84203,0.84218,1.50,1.50
2012.04.27 04:21:55.553,0.84204,0.8422,1.50,1.50
2012.04.27 04:21:57.093,0.84204,0.8422,1.50,1.50
2012.04.27 04:21:57.644,0.84204,0.8422,1.50,1.50
2012.04.27 04:21:58.826,0.84204,0.8422,1.50,1.50
2012.04.27 04:21:59.679,0.84204,0.8422,1.50,1.50
2012.04.27 04:21:59.757,0.84202,0.84219,1.50,2.25
2012.04.27 04:22:00.355,0.84205,0.8422,1.50,3.00
2012.04.27 04:22:00.547,0.84206,0.8422,1.50,1.50
2012.04.27 04:22:00.618,0.84208,0.8422,1.50,1.50
2012.04.27 04:22:01.215,0.84208,0.84221,1.50,1.50
2012.04.27 04:22:01.617,0.84206,0.84221,2.25,2.25
2012.04.27 04:22:01.747,0.84208,0.84223,2.25,2.25
2012.04.27 04:22:02.357,0.84208,0.84223,3.00,2.25
2012.04.27 04:22:02.986,0.8421,0.84225,1.50,3.00
2012.04.27 04:22:03.821,0.84211,0.84225,1.50,1.50
2012.04.27 04:22:04.134,0.84216,0.84229,1.50,1.50
2012.04.27 04:22:04.466,0.84222,0.84231,1.50,1.50
2012.04.27 04:22:04.659,0.84218,0.84233,1.50,2.25
2012.04.27 04:22:04.907,0.8422,0.84234,1.50,1.50
2012.04.27 04:22:05.614,0.84218,0.84232,1.50,1.50
2012.04.27 04:22:06.154,0.84215,0.84232,2.25,3.00
2012.04.27 04:22:07.865,0.84217,0.84232,1.50,1.50
2012.04.27 04:22:08.191,0.84222,0.84235,1.50,1.50
2012.04.27 04:22:08.387,0.84219,0.84236,2.25,2.25
2012.04.27 04:22:08.645,0.84219,0.84234,1.50,1.50
2012.04.27 04:22:09.088,0.84218,0.84234,2.25,2.25
2012.04.27 04:22:09.288,0.8422,0.84236,1.50,2.92
2012.04.27 04:22:09.727,0.84218,0.84232,1.50,1.50
2012.04.27 04:22:10.166,0.84219,0.84234,1.50,1.50
2012.04.27 04:22:10.630,0.8422,0.84237,1.50,2.25
2012.04.27 04:22:10.710,0.8422,0.84237,2.25,2.25
2012.04.27 04:22:11.277,0.8422,0.84237,3.00,2.25
2012.04.27 04:22:11.466,0.8422,0.84237,2.25,2.25
2012.04.27 04:22:11.776,0.8422,0.84237,2.25,2.25
2012.04.27 04:22:12.024,0.84217,0.84233,2.25,1.50
2012.04.27 04:22:12.165,0.84216,0.84231,3.75,1.50
2012.04.27 04:22:12.703,0.84216,0.84231,2.25,1.50
2012.04.27 04:22:13.725,0.84214,0.8423,1.50,1.50
2012.04.27 04:22:13.918,0.84213,0.84227,3.00,1.50
2012.04.27 04:22:15.314,0.84213,0.84227,1.50,1.50
2012.04.27 04:22:15.634,0.84211,0.84224,2.25,1.50
2012.04.27 04:22:15.766,0.84211,0.84227,1.50,1.50
2012.04.27 04:22:16.315,0.84215,0.8423,1.50,2.25
2012.04.27 04:22:18.176,0.84215,0.8423,3.00,1.50
2012.04.27 04:22:18.547,0.84218,0.84235,1.50,3.00
2012.04.27 04:22:18.678,0.8422,0.84235,1.50,1.50
2012.04.27 04:22:19.217,0.84218,0.84233,2.25,1.50
2012.04.27 04:22:21.225,0.84219,0.84234,1.50,1.50
2012.04.27 04:22:21.775,0.8422,0.84235,1.50,1.50
2012.04.27 04:22:22.325,0.84221,0.84238,1.50,2.25
2012.04.27 04:22:22.635,0.84224,0.84239,1.50,2.25
2012.04.27 04:22:22.945,0.84224,0.84237,1.50,2.25
2012.04.27 04:22:23.136,0.84225,0.84239,1.50,1.50
2012.04.27 04:22:23.206,0.84225,0.84239,1.50,1.50
2012.04.27 04:22:23.396,0.84227,0.84242,2.25,1.50
2012.04.27 04:22:23.716,0.84226,0.84239,2.93,1.50
2012.04.27 04:22:23.787,0.84227,0.84244,3.00,1.50
2012.04.27 04:22:24.044,0.84228,0.84241,3.68,1.50
2012.04.27 04:22:24.606,0.84227,0.8424,1.50,1.50
2012.04.27 04:22:24.854,0.84226,0.84242,3.68,1.50
2012.04.27 04:22:25.377,0.84227,0.84242,1.50,2.25
2012.04.27 04:22:25.751,0.84224,0.84238,2.25,1.50
2012.04.27 04:22:26.205,0.84224,0.84238,1.50,1.50
2012.04.27 04:22:26.634,0.84227,0.84238,1.50,1.50
2012.04.27 04:22:26.896,0.84226,0.84241,5.18,1.50
2012.04.27 04:22:27.444,0.8423,0.84242,2.25,1.50
2012.04.27 04:22:27.575,0.84231,0.84244,3.00,1.50
2012.04.27 04:22:28.138,0.8423,0.84245,1.50,1.50
2012.04.27 04:22:28.277,0.84228,0.8424,2.25,1.50
2012.04.27 04:22:28.466,0.84228,0.84242,2.25,1.50
2012.04.27 04:22:29.265,0.84228,0.84243,4.50,1.50
2012.04.27 04:22:29.576,0.84228,0.84243,4.50,1.50
2012.04.27 04:22:29.824,0.84232,0.84247,1.50,1.50
2012.04.27 04:22:30.374,0.84233,0.8425,2.25,2.25
2012.04.27 04:22:30.504,0.84233,0.84248,1.50,2.25
2012.04.27 04:22:30.814,0.84235,0.84249,1.50,1.50
2012.04.27 04:22:31.154,0.84236,0.84251,2.17,1.50
2012.04.27 04:22:31.225,0.84238,0.84253,2.25,2.25
2012.04.27 04:22:31.658,0.8424,0.84255,1.50,2.25
2012.04.27 04:22:31.731,0.84245,0.84255,1.50,1.50
2012.04.27 04:22:31.927,0.84243,0.84258,1.50,3.00
2012.04.27 04:22:32.486,0.84241,0.84256,3.00,2.25
2012.04.27 04:22:33.312,0.84241,0.84256,3.00,2.25
2012.04.27 04:22:33.784,0.84242,0.84259,2.25,2.25
2012.04.27 04:22:34.035,0.84242,0.84259,2.25,2.25
2012.04.27 04:22:37.204,0.84244,0.84261,2.25,1.50
2012.04.27 04:22:37.959,0.84244,0.84261,2.25,1.50
2012.04.27 04:22:38.513,0.84243,0.84259,3.38,1.50
2012.04.27 04:22:38.968,0.84243,0.84257,1.50,1.50
2012.04.27 04:22:39.265,0.84243,0.8426,2.25,1.50
2012.04.27 04:22:39.333,0.84244,0.84258,2.25,1.50
2012.04.27 04:22:40.825,0.84248,0.84262,2.25,1.50
2012.04.27 04:22:40.897,0.84248,0.84262,2.25,1.50
2012.04.27 04:22:41.143,0.84244,0.8426,2.25,2.25
2012.04.27 04:22:42.636,0.84244,0.8426,2.25,3.00
2012.04.27 04:22:45.104,0.84244,0.8426,2.25,2.25
2012.04.27 04:22:45.653,0.84244,0.84259,1.50,1.50
2012.04.27 04:22:45.784,0.84241,0.84257,2.25,1.50
2012.04.27 04:22:45.975,0.8424,0.84255,2.25,1.50
2012.04.27 04:22:47.763,0.84238,0.84254,1.50,1.50
2012.04.27 04:22:48.256,0.8424,0.84254,1.50,1.50
2012.04.27 04:22:48.585,0.84242,0.84256,2.25,1.50
2012.04.27 04:22:48.777,0.84238,0.84253,3.00,1.50
2012.04.27 04:22:49.096,0.84235,0.8425,1.50,1.50
2012.04.27 04:22:49.549,0.84236,0.8425,1.50,1.50
2012.04.27 04:22:50.325,0.84236,0.84253,3.75,1.50
2012.04.27 04:22:50.927,0.84239,0.84254,1.50,1.50
2012.04.27 04:22:52.244,0.84237,0.84252,3.00,1.50
2012.04.27 04:22:52.564,0.84234,0.84247,2.25,1.50
2012.04.27 04:22:52.695,0.84234,0.8425,3.00,1.50
2012.04.27 04:22:52.943,0.84234,0.84248,2.25,1.50
2012.04.27 04:22:54.724,0.84234,0.84248,1.50,1.50
2012.04.27 04:22:55.273,0.84234,0.84249,4.50,1.50
2012.04.27 04:22:57.220,0.84233,0.84248,2.25,1.50
2012.04.27 04:22:57.424,0.84231,0.84248,1.50,1.50
2012.04.27 04:22:57.847,0.8423,0.84244,1.50,1.50
2012.04.27 04:22:58.349,0.8423,0.84245,1.50,1.50
2012.04.27 04:22:58.845,0.8423,0.84247,3.00,1.50
2012.04.27 04:23:01.327,0.8423,0.84247,3.75,1.50
2012.04.27 04:23:02.881,0.8423,0.84247,3.00,1.50
2012.04.27 04:23:04.394,0.8423,0.84247,3.00,1.50
2012.04.27 04:23:07.856,0.84233,0.84248,1.50,1.50
2012.04.27 04:23:08.166,0.84235,0.8425,1.50,1.50
2012.04.27 04:23:08.714,0.84235,0.84251,1.50,2.25
2012.04.27 04:23:09.248,0.84235,0.84251,1.50,2.25
2012.04.27 04:23:10.445,0.84235,0.84251,1.50,1.50
2012.04.27 04:23:10.998,0.84239,0.84251,1.50,1.50
2012.04.27 04:23:11.542,0.84239,0.84252,4.43,1.50
2012.04.27 04:23:11.618,0.84239,0.84254,2.25,1.50
2012.04.27 04:23:11.806,0.84238,0.84251,1.50,1.50
2012.04.27 04:23:12.054,0.84238,0.84253,3.00,1.50
2012.04.27 04:23:12.333,0.8424,0.84255,1.50,2.25
2012.04.27 04:23:13.306,0.84239,0.84256,1.50,3.00
2012.04.27 04:23:13.376,0.84237,0.84252,3.00,1.50
2012.04.27 04:23:13.693,0.84235,0.8425,4.50,1.50
2012.04.27 04:23:14.044,0.84238,0.84253,1.50,1.50
2012.04.27 04:23:14.505,0.84239,0.84256,2.25,2.25
2012.04.27 04:23:17.866,0.8424,0.84256,2.92,1.50
2012.04.27 04:23:18.338,0.84243,0.84258,3.75,1.50
2012.04.27 04:23:19.089,0.84241,0.84256,2.25,1.50
2012.04.27 04:23:21.495,0.84241,0.84256,3.00,1.50
2012.04.27 04:23:27.171,0.84241,0.84256,3.00,1.50
2012.04.27 04:23:27.725,0.84241,0.84256,1.50,1.50
2012.04.27 04:23:29.377,0.84241,0.84255,1.50,1.50
2012.04.27 04:23:29.517,0.84237,0.84252,3.75,1.50
2012.04.27 04:23:29.705,0.84237,0.84245,2.25,1.50
2012.04.27 04:23:30.067,0.84231,0.84244,1.50,2.25
2012.04.27 04:23:30.196,0.84227,0.84244,3.00,2.25
2012.04.27 04:23:30.517,0.84227,0.84241,2.25,2.25
2012.04.27 04:23:31.004,0.84224,0.84239,1.50,2.25
2012.04.27 04:23:31.806,0.84226,0.8424,1.50,3.00
2012.04.27 04:23:32.636,0.84227,0.84241,1.50,1.50
2012.04.27 04:23:33.630,0.84225,0.8424,2.25,3.00
2012.04.27 04:23:34.185,0.84224,0.8424,1.50,3.00
2012.04.27 04:23:34.714,0.84223,0.84238,1.50,1.50
2012.04.27 04:23:35.505,0.84223,0.84238,2.25,2.25
2012.04.27 04:23:36.036,0.84221,0.84236,2.25,1.50
2012.04.27 04:23:36.108,0.84226,0.84242,1.50,1.50
2012.04.27 04:23:36.173,0.84226,0.84242,1.50,1.50
2012.04.27 04:23:38.523,0.84226,0.84243,1.50,3.00
2012.04.27 04:23:39.706,0.84224,0.84241,1.50,1.50
2012.04.27 04:23:45.566,0.84227,0.84241,1.50,1.50
2012.04.27 04:23:46.143,0.84224,0.84241,1.50,2.25
2012.04.27 04:23:47.158,0.84224,0.84241,2.25,2.25
2012.04.27 04:23:48.416,0.84226,0.84242,3.67,1.50
2012.04.27 04:23:48.487,0.84228,0.84243,1.50,2.25
2012.04.27 04:23:48.565,0.8423,0.84245,1.50,2.25
2012.04.27 04:23:49.336,0.8423,0.84244,1.50,1.50
2012.04.27 04:23:49.825,0.84226,0.84241,1.50,1.50
2012.04.27 04:23:50.456,0.84226,0.84241,3.67,1.50
2012.04.27 04:23:50.586,0.84229,0.84244,1.50,2.25
2012.04.27 04:23:51.015,0.8423,0.84245,2.25,1.50
2012.04.27 04:23:51.614,0.8423,0.84245,2.25,1.50
2012.04.27 04:23:51.927,0.84226,0.84243,1.50,1.50
2012.04.27 04:23:53.157,0.84226,0.84243,1.50,2.25
2012.04.27 04:23:54.025,0.84226,0.84243,1.50,2.25
2012.04.27 04:23:54.524,0.84224,0.84241,2.25,3.00
2012.04.27 04:23:55.056,0.84226,0.84241,2.25,1.50
2012.04.27 04:23:55.126,0.84226,0.84241,3.75,1.50
2012.04.27 04:23:55.436,0.8423,0.84245,1.50,3.00
2012.04.27 04:23:55.566,0.84228,0.84243,1.50,2.25
2012.04.27 04:23:57.527,0.84228,0.84243,3.00,1.50
2012.04.27 04:23:57.775,0.84228,0.84243,2.25,1.50
2012.04.27 04:23:58.440,0.8423,0.84245,1.50,3.00
2012.04.27 04:23:58.787,0.84228,0.84241,1.50,1.50
2012.04.27 04:23:59.049,0.84226,0.8424,2.25,1.50
2012.04.27 04:23:59.305,0.8423,0.84246,1.50,2.25
2012.04.27 04:23:59.494,0.84225,0.84241,3.00,1.50
2012.04.27 04:23:59.814,0.84228,0.84243,1.50,1.50
2012.04.27 04:24:01.967,0.84228,0.84243,2.25,1.50
2012.04.27 04:24:02.216,0.84233,0.84248,1.50,1.50
2012.04.27 04:24:02.285,0.84236,0.84253,1.50,3.00
2012.04.27 04:24:02.785,0.84235,0.8425,1.50,1.50
2012.04.27 04:24:04.087,0.84238,0.84252,1.50,1.50
2012.04.27 04:24:04.406,0.8424,0.84255,1.50,3.75
2012.04.27 04:24:04.727,0.84242,0.84254,2.17,1.50
2012.04.27 04:24:04.974,0.84246,0.84261,1.50,1.50
2012.04.27 04:24:05.166,0.84243,0.84258,3.00,1.50
2012.04.27 04:24:05.235,0.84243,0.84258,3.75,1.50
2012.04.27 04:24:05.625,0.84243,0.84258,2.25,1.50
2012.04.27 04:24:05.755,0.84242,0.84256,2.92,1.50
2012.04.27 04:24:06.067,0.8424,0.84254,1.88,2.25
2012.04.27 04:24:06.255,0.84237,0.84252,3.75,1.50
2012.04.27 04:24:06.576,0.84236,0.8425,1.50,1.50
2012.04.27 04:24:07.022,0.84233,0.84247,3.00,1.50
2012.04.27 04:24:07.485,0.84233,0.84249,3.00,1.50
2012.04.27 04:24:07.675,0.84236,0.84252,2.25,1.50
2012.04.27 04:24:09.643,0.84238,0.84254,1.50,1.50
2012.04.27 04:24:10.355,0.84238,0.84254,1.50,1.50
2012.04.27 04:24:10.545,0.84241,0.84254,1.50,1.50
2012.04.27 04:24:11.013,0.84241,0.84256,1.50,2.25
2012.04.27 04:24:11.543,0.8424,0.84257,2.25,3.00
2012.04.27 04:24:12.085,0.8424,0.84257,2.25,3.00
2012.04.27 04:24:13.396,0.8424,0.84257,1.50,3.00
2012.04.27 04:24:13.924,0.8424,0.84255,1.50,1.50
2012.04.27 04:24:14.974,0.8424,0.84257,1.50,3.00
2012.04.27 04:24:15.285,0.84243,0.84256,1.50,1.50
2012.04.27 04:24:16.207,0.8424,0.84256,1.50,1.50
2012.04.27 04:24:17.524,0.84242,0.84256,1.50,1.50
2012.04.27 04:24:19.280,0.84242,0.84256,1.50,1.50
2012.04.27 04:24:21.113,0.8424,0.84255,3.00,1.50
2012.04.27 04:24:21.714,0.8424,0.84255,3.00,1.50
2012.04.27 04:24:21.844,0.84241,0.84258,1.50,3.00
2012.04.27 04:24:22.374,0.84241,0.84258,1.50,3.00
2012.04.27 04:24:23.073,0.84241,0.84258,1.50,3.00
2012.04.27 04:24:23.444,0.84242,0.84258,1.50,2.25
2012.04.27 04:24:23.974,0.84242,0.84258,1.50,1.50
2012.04.27 04:24:24.687,0.84243,0.8426,3.00,2.25
2012.04.27 04:24:26.413,0.84244,0.84257,1.50,1.50
2012.04.27 04:24:27.295,0.84244,0.84257,1.50,1.50
2012.04.27 04:24:30.246,0.84245,0.84259,1.50,1.50
2012.04.27 04:24:30.435,0.84245,0.84262,2.25,2.25
2012.04.27 04:24:30.744,0.84244,0.8426,3.38,1.50
2012.04.27 04:24:31.304,0.84246,0.8426,1.50,2.25
2012.04.27 04:24:31.917,0.84247,0.84261,2.25,1.50
2012.04.27 04:24:32.458,0.84247,0.84262,1.50,1.50
2012.04.27 04:24:32.778,0.8425,0.8426,1.50,1.50
2012.04.27 04:24:32.846,0.8425,0.84262,1.50,1.50
2012.04.27 04:24:32.914,0.84251,0.84262,1.50,1.50
2012.04.27 04:24:33.108,0.84249,0.84264,2.25,2.25
2012.04.27 04:24:35.166,0.84246,0.84263,3.00,2.25
2012.04.27 04:24:35.235,0.84246,0.84263,2.25,2.25
2012.04.27 04:24:35.545,0.84244,0.84259,3.00,1.50
2012.04.27 04:24:36.408,0.84244,0.84259,2.63,2.25
2012.04.27 04:24:37.113,0.84244,0.84259,2.63,2.25
2012.04.27 04:24:38.565,0.84244,0.84259,2.25,2.25
2012.04.27 04:24:39.435,0.84246,0.84261,2.25,2.25
2012.04.27 04:24:42.415,0.84244,0.8426,1.50,2.25
2012.04.27 04:24:42.747,0.84244,0.8426,1.50,2.25
2012.04.27 04:24:43.773,0.84244,0.8426,1.50,2.25
2012.04.27 04:24:45.808,0.84244,0.84261,3.75,2.25
2012.04.27 04:24:46.254,0.84245,0.84259,1.50,1.50
2012.04.27 04:24:46.787,0.84245,0.8426,3.00,1.50
2012.04.27 04:24:50.255,0.84245,0.8426,3.00,2.25
2012.04.27 04:24:50.785,0.84244,0.84258,2.25,1.50
2012.04.27 04:24:55.544,0.84244,0.84258,2.25,1.50
2012.04.27 04:24:56.048,0.84245,0.8426,1.50,2.25
2012.04.27 04:24:56.708,0.84244,0.84258,2.25,1.50
2012.04.27 04:25:00.903,0.84244,0.8426,3.75,2.25
2012.04.27 04:25:02.043,0.84245,0.84262,1.50,2.25
2012.04.27 04:25:03.923,0.84244,0.84259,3.00,1.50
2012.04.27 04:25:04.453,0.84244,0.8426,3.75,2.25
2012.04.27 04:25:04.965,0.84244,0.8426,3.75,2.25
2012.04.27 04:25:05.493,0.84246,0.84261,1.50,2.25
2012.04.27 04:25:06.977,0.84246,0.84261,3.67,2.25
2012.04.27 04:25:07.108,0.84247,0.84258,1.50,1.50
2012.04.27 04:25:07.295,0.84247,0.84263,2.25,1.50
2012.04.27 04:25:08.185,0.84248,0.84262,1.50,2.25
2012.04.27 04:25:08.264,0.84248,0.84262,1.50,2.25
2012.04.27 04:25:08.407,0.84245,0.84262,2.25,2.25
2012.04.27 04:25:08.536,0.84243,0.8426,2.25,2.25
2012.04.27 04:25:08.665,0.84243,0.84258,1.50,1.50
2012.04.27 04:25:09.172,0.84244,0.84259,1.50,1.50
2012.04.27 04:25:10.966,0.84247,0.84263,1.50,1.50
2012.04.27 04:25:11.273,0.84244,0.84261,1.50,2.25
2012.04.27 04:25:11.774,0.84243,0.84259,1.50,2.25
2012.04.27 04:25:12.498,0.84244,0.84261,1.50,2.25
2012.04.27 04:25:12.685,0.84244,0.84261,1.50,1.50
2012.04.27 04:25:13.168,0.84243,0.84258,3.00,1.50
2012.04.27 04:25:13.355,0.84244,0.84261,1.50,1.50
2012.04.27 04:25:14.665,0.84244,0.84261,2.25,1.50
2012.04.27 04:25:16.476,0.84247,0.84264,1.50,3.75
2012.04.27 04:25:17.860,0.84247,0.84264,3.00,2.25
2012.04.27 04:25:18.195,0.84248,0.84263,3.75,1.50
2012.04.27 04:25:18.723,0.8425,0.84267,1.50,1.50
2012.04.27 04:25:18.795,0.84249,0.84264,1.50,1.50
2012.04.27 04:25:18.927,0.84247,0.84263,1.50,1.50
2012.04.27 04:25:19.415,0.84245,0.8426,4.50,1.50
2012.04.27 04:25:19.724,0.84245,0.84256,2.25,1.50
2012.04.27 04:25:20.273,0.84245,0.84256,1.50,1.50
2012.04.27 04:25:21.005,0.84243,0.84256,2.25,1.50
2012.04.27 04:25:21.080,0.84243,0.84258,1.50,1.50
2012.04.27 04:25:23.419,0.84241,0.84256,3.00,1.50
2012.04.27 04:25:24.845,0.84241,0.84256,3.00,1.50
2012.04.27 04:25:31.554,0.84241,0.84255,1.50,1.50
2012.04.27 04:25:32.757,0.84238,0.84255,3.75,1.50
2012.04.27 04:25:32.824,0.84238,0.84252,3.00,1.50
2012.04.27 04:25:33.376,0.84238,0.84252,1.50,1.50
2012.04.27 04:25:33.697,0.84238,0.84255,1.50,2.25
2012.04.27 04:25:33.766,0.84244,0.84259,1.50,3.00
2012.04.27 04:25:34.146,0.84241,0.84258,2.25,2.25
2012.04.27 04:25:34.335,0.84241,0.84255,2.25,1.50
2012.04.27 04:25:34.951,0.84242,0.84256,1.50,1.50
2012.04.27 04:25:36.396,0.84242,0.84256,2.25,1.50
2012.04.27 04:25:36.945,0.84243,0.84256,1.50,1.50
2012.04.27 04:25:37.588,0.84242,0.84256,2.25,1.50
2012.04.27 04:25:39.119,0.84242,0.84258,3.75,1.50
2012.04.27 04:25:39.676,0.84242,0.84258,3.75,1.50
2012.04.27 04:25:40.204,0.84244,0.84259,1.50,1.50
2012.04.27 04:25:40.516,0.84243,0.84257,1.50,1.50
2012.04.27 04:25:41.178,0.84239,0.84256,2.25,1.50
2012.04.27 04:25:41.425,0.84239,0.84253,1.50,1.50
2012.04.27 04:25:42.397,0.84236,0.84248,1.50,1.50
2012.04.27 04:25:42.490,0.84237,0.84251,2.25,1.50
2012.04.27 04:25:42.557,0.84236,0.84247,1.50,1.50
2012.04.27 04:25:42.745,0.84236,0.84249,2.25,1.50
2012.04.27 04:25:42.934,0.84236,0.84252,3.75,1.50
2012.04.27 04:25:43.128,0.84239,0.84255,1.50,1.50
2012.04.27 04:25:43.256,0.8424,0.84257,2.25,1.50
2012.04.27 04:25:43.696,0.84239,0.84254,3.00,1.50
2012.04.27 04:25:44.003,0.84237,0.84251,2.25,1.50
2012.04.27 04:25:44.623,0.84236,0.84251,2.25,1.50
2012.04.27 04:25:44.965,0.84234,0.84249,1.50,1.50
2012.04.27 04:25:52.506,0.84235,0.84249,1.50,1.50
2012.04.27 04:25:52.818,0.84237,0.84254,3.75,2.25
2012.04.27 04:25:53.727,0.84239,0.8425,1.50,1.50
2012.04.27 04:25:53.856,0.84239,0.84253,1.50,1.50
2012.04.27 04:25:54.247,0.84243,0.84258,1.50,1.50
2012.04.27 04:25:54.317,0.84239,0.84253,1.50,1.50
2012.04.27 04:25:54.980,0.84239,0.84253,1.50,1.50
2012.04.27 04:25:55.733,0.84239,0.84253,1.50,1.50
2012.04.27 04:25:55.874,0.84242,0.84257,1.50,1.50
2012.04.27 04:25:57.583,0.84242,0.84257,2.25,1.50
2012.04.27 04:25:57.895,0.84242,0.84253,1.50,1.50
2012.04.27 04:25:58.085,0.84242,0.84257,1.50,1.50
2012.04.27 04:25:58.285,0.84242,0.84254,1.50,1.50
2012.04.27 04:26:00.167,0.84241,0.84254,1.50,1.50
2012.04.27 04:26:00.614,0.84243,0.84258,1.50,3.00
2012.04.27 04:26:00.817,0.84235,0.84251,1.30,2.25
2012.04.27 04:26:00.948,0.84234,0.84251,2.25,2.25
2012.04.27 04:26:01.196,0.84232,0.84247,2.25,1.50
2012.04.27 04:26:01.640,0.84232,0.84247,1.50,1.50
2012.04.27 04:26:01.713,0.84228,0.84243,2.25,1.50
2012.04.27 04:26:02.245,0.84229,0.84244,1.50,1.50
2012.04.27 04:26:02.315,0.84226,0.84243,2.25,1.50
2012.04.27 04:26:02.835,0.84228,0.84243,1.50,1.50
2012.04.27 04:26:06.414,0.84225,0.84242,2.25,1.50
2012.04.27 04:26:07.002,0.84225,0.84242,2.25,1.50
2012.04.27 04:26:07.082,0.84223,0.8424,2.25,1.50
2012.04.27 04:26:07.735,0.84222,0.84237,2.25,1.50
2012.04.27 04:26:08.293,0.84223,0.84237,1.50,1.50
2012.04.27 04:26:08.734,0.84223,0.84237,1.50,1.50
2012.04.27 04:26:13.244,0.84224,0.84237,1.50,1.50
2012.04.27 04:26:13.375,0.84226,0.84242,1.50,1.50
2012.04.27 04:26:13.945,0.84226,0.84242,1.50,1.50
2012.04.27 04:26:14.017,0.84232,0.84242,1.50,1.50
2012.04.27 04:26:14.267,0.84233,0.84246,3.00,1.50
2012.04.27 04:26:14.337,0.84235,0.84246,1.50,1.50
2012.04.27 04:26:14.409,0.84235,0.84246,1.50,1.50
2012.04.27 04:26:14.606,0.84235,0.84248,3.00,1.50
2012.04.27 04:26:14.675,0.84235,0.8425,3.75,1.50
2012.04.27 04:26:15.788,0.84235,0.8425,2.25,1.50
2012.04.27 04:26:15.859,0.84234,0.84246,2.25,1.50
2012.04.27 04:26:16.176,0.84227,0.84245,3.75,1.50
2012.04.27 04:26:16.246,0.84227,0.84238,2.25,1.50
2012.04.27 04:26:16.375,0.84227,0.84242,2.25,1.50
2012.04.27 04:26:17.248,0.84224,0.84238,1.50,1.50
2012.04.27 04:26:17.822,0.84224,0.84237,1.50,1.50
2012.04.27 04:26:18.799,0.84228,0.84237,1.50,1.50
2012.04.27 04:26:18.998,0.84228,0.84243,1.50,1.50
2012.04.27 04:26:19.125,0.84229,0.84247,2.25,3.75
2012.04.27 04:26:19.197,0.84229,0.84247,3.00,3.00
2012.04.27 04:26:19.518,0.8423,0.84245,1.50,1.50
2012.04.27 04:26:19.915,0.8423,0.84247,2.25,1.50
2012.04.27 04:26:20.420,0.8423,0.84246,3.00,1.50
2012.04.27 04:26:23.608,0.84234,0.84247,1.88,2.25
2012.04.27 04:26:24.166,0.8424,0.84248,1.50,1.50
2012.04.27 04:26:24.239,0.8424,0.84255,1.50,1.50
2012.04.27 04:26:24.666,0.84238,0.84256,3.75,2.25
2012.04.27 04:26:24.925,0.84235,0.8425,2.25,1.50
2012.04.27 04:26:25.115,0.84234,0.84248,1.50,1.50
2012.04.27 04:26:25.876,0.84234,0.84249,2.25,1.50
2012.04.27 04:26:26.655,0.84234,0.84249,2.25,1.50
2012.04.27 04:26:27.215,0.84232,0.84248,1.50,2.25
2012.04.27 04:26:27.524,0.84231,0.84245,1.50,2.25
2012.04.27 04:26:27.836,0.8423,0.84245,2.25,2.25
2012.04.27 04:26:28.325,0.84226,0.84241,3.00,1.50
2012.04.27 04:26:28.636,0.84225,0.8424,1.50,2.25
2012.04.27 04:26:29.184,0.84223,0.8424,3.00,2.25
2012.04.27 04:26:30.047,0.84223,0.84237,1.50,1.50
2012.04.27 04:26:33.227,0.84226,0.8424,2.25,2.25
2012.04.27 04:26:34.414,0.84227,0.84242,1.50,2.25
2012.04.27 04:26:34.486,0.84226,0.84242,2.25,2.25
2012.04.27 04:26:34.674,0.84226,0.84242,2.25,1.50
2012.04.27 04:26:34.809,0.84229,0.84242,1.50,1.50
2012.04.27 04:26:34.997,0.84233,0.84247,1.50,1.50
2012.04.27 04:26:35.126,0.84233,0.8425,1.50,3.00
2012.04.27 04:26:35.199,0.84236,0.84251,1.50,1.50
2012.04.27 04:26:35.563,0.84236,0.84252,1.50,2.25
2012.04.27 04:26:36.229,0.84232,0.84249,3.00,1.50
2012.04.27 04:26:36.797,0.84232,0.84249,3.00,1.50
2012.04.27 04:26:37.104,0.84236,0.8425,1.50,1.50
2012.04.27 04:26:37.424,0.84229,0.84246,2.25,2.25
2012.04.27 04:26:37.564,0.84229,0.84246,2.25,2.25
2012.04.27 04:26:37.634,0.84229,0.84246,2.25,2.25
2012.04.27 04:26:38.177,0.84228,0.84243,3.00,1.50
2012.04.27 04:26:39.395,0.8423,0.84247,2.25,1.50
2012.04.27 04:26:39.527,0.84231,0.84247,1.50,1.50
2012.04.27 04:26:39.599,0.84228,0.84243,2.25,1.50
2012.04.27 04:26:39.848,0.84226,0.84241,2.25,1.50
2012.04.27 04:26:40.602,0.84227,0.84244,2.25,3.00
2012.04.27 04:26:41.417,0.84227,0.84244,2.25,6.00
2012.04.27 04:26:41.755,0.84224,0.84239,2.25,2.25
2012.04.27 04:26:48.724,0.84224,0.84239,1.50,1.50
2012.04.27 04:26:52.325,0.8422,0.84237,2.25,1.50
2012.04.27 04:26:56.237,0.84222,0.84237,1.50,1.50
2012.04.27 04:26:56.426,0.84225,0.84242,1.50,2.25
2012.04.27 04:26:57.766,0.84225,0.84242,1.50,2.25
2012.04.27 04:26:58.075,0.84224,0.84239,1.50,1.50
2012.04.27 04:26:58.444,0.84226,0.84241,1.50,1.50
2012.04.27 04:26:58.634,0.84226,0.84242,1.50,4.50
2012.04.27 04:26:58.944,0.84222,0.84239,3.00,1.50
2012.04.27 04:26:59.257,0.84227,0.84242,1.50,5.18
2012.04.27 04:26:59.567,0.84229,0.84244,1.50,5.93
2012.04.27 04:27:00.064,0.8423,0.84244,1.50,1.50
2012.04.27 04:27:00.374,0.84227,0.84242,1.50,1.50
2012.04.27 04:27:07.554,0.84225,0.8424,3.00,1.50
2012.04.27 04:27:07.685,0.8423,0.84245,1.50,1.50
2012.04.27 04:27:08.966,0.8423,0.84244,1.50,1.50
2012.04.27 04:27:09.096,0.84227,0.84242,2.25,1.50
2012.04.27 04:27:10.121,0.84228,0.84245,1.50,2.25
2012.04.27 04:27:10.199,0.84226,0.84243,3.75,1.50
2012.04.27 04:27:10.267,0.84228,0.84245,1.50,2.25
2012.04.27 04:27:11.796,0.84228,0.84245,3.00,1.50
2012.04.27 04:27:12.342,0.8423,0.84246,2.25,1.50
2012.04.27 04:27:13.333,0.8423,0.84246,3.00,1.50
2012.04.27 04:27:16.312,0.8423,0.84245,1.50,1.50
2012.04.27 04:27:16.626,0.84227,0.84242,2.33,1.50
2012.04.27 04:27:17.176,0.84226,0.84243,3.08,1.50
2012.04.27 04:27:17.665,0.84231,0.84246,1.50,1.50
2012.04.27 04:27:17.735,0.84233,0.84247,1.50,2.25
2012.04.27 04:27:17.896,0.8423,0.84247,1.50,3.00
2012.04.27 04:27:17.965,0.84229,0.84244,1.58,1.50
2012.04.27 04:27:19.085,0.84226,0.84241,3.08,1.50
2012.04.27 04:27:19.630,0.84226,0.84243,1.58,1.50
2012.04.27 04:27:19.875,0.84228,0.84245,1.58,3.00
2012.04.27 04:27:20.515,0.84228,0.84245,1.58,2.25
2012.04.27 04:27:21.914,0.84228,0.84245,2.33,1.50
2012.04.27 04:27:22.225,0.84231,0.84246,1.50,1.50
2012.04.27 04:27:22.645,0.84233,0.84248,1.50,2.25
2012.04.27 04:27:28.692,0.84235,0.84249,1.50,1.50
2012.04.27 04:27:28.771,0.84237,0.84254,3.00,1.50
2012.04.27 04:27:28.853,0.84239,0.84256,1.50,2.25
2012.04.27 04:27:29.166,0.84241,0.84258,1.50,3.75
2012.04.27 04:27:29.839,0.8424,0.84255,1.50,1.50
2012.04.27 04:27:30.156,0.84246,0.84261,2.25,1.50
2012.04.27 04:27:30.468,0.84244,0.84259,2.25,1.50
2012.04.27 04:27:30.537,0.84245,0.84262,2.25,2.25
2012.04.27 04:27:30.606,0.84245,0.84262,2.25,2.25
2012.04.27 04:27:31.904,0.84245,0.84262,2.25,2.25
2012.04.27 04:27:32.856,0.84245,0.84262,2.25,2.25
2012.04.27 04:27:33.045,0.84245,0.84262,2.25,2.25
2012.04.27 04:27:33.304,0.84245,0.84262,2.25,2.25
2012.04.27 04:27:33.616,0.84244,0.84259,2.25,1.50
2012.04.27 04:27:34.211,0.84246,0.84261,2.25,2.25
2012.04.27 04:27:37.886,0.84245,0.8426,2.25,2.25
2012.04.27 04:27:38.316,0.84243,0.84258,2.25,1.50
2012.04.27 04:27:38.504,0.84245,0.84262,2.25,2.25
2012.04.27 04:27:39.014,0.84244,0.84259,2.25,1.50
2012.04.27 04:27:39.516,0.84245,0.84262,2.25,2.25
2012.04.27 04:27:40.546,0.84247,0.84263,1.50,2.25
2012.04.27 04:27:41.976,0.84247,0.84263,1.50,1.50
2012.04.27 04:27:42.658,0.84247,0.84263,1.50,1.50
2012.04.27 04:27:42.726,0.84249,0.84263,1.50,1.50
2012.04.27 04:27:43.986,0.84249,0.84266,2.25,2.25
2012.04.27 04:27:44.056,0.84253,0.84267,1.50,1.50
2012.04.27 04:27:44.686,0.84249,0.84264,2.25,2.25
2012.04.27 04:27:45.353,0.84246,0.84263,2.25,2.25
2012.04.27 04:27:46.026,0.84246,0.84263,2.25,2.25
2012.04.27 04:27:49.133,0.84248,0.84265,1.50,3.00
2012.04.27 04:27:54.814,0.84248,0.84265,1.50,3.00
2012.04.27 04:27:56.154,0.84246,0.84263,1.50,2.25
2012.04.27 04:27:57.881,0.84246,0.84263,1.50,3.75
2012.04.27 04:27:58.425,0.84243,0.8426,2.25,1.50
2012.04.27 04:27:58.937,0.84246,0.84261,1.50,2.25
2012.04.27 04:28:00.827,0.84247,0.84264,1.50,2.25
2012.04.27 04:28:00.954,0.84251,0.84265,1.50,1.50
2012.04.27 04:28:04.336,0.84264,0.84275,1.50,1.13
2012.04.27 04:28:04.407,0.84264,0.84279,1.50,2.25
2012.04.27 04:28:04.548,0.84266,0.84279,1.50,2.25
2012.04.27 04:28:04.688,0.84267,0.8428,1.50,2.25
2012.04.27 04:28:04.758,0.84269,0.8428,1.50,1.50
2012.04.27 04:28:04.830,0.84266,0.8428,1.50,1.50
2012.04.27 04:28:04.896,0.84266,0.84282,1.50,3.00
2012.04.27 04:28:04.967,0.84264,0.84279,1.50,1.50
2012.04.27 04:28:06.414,0.84266,0.8428,1.50,2.25
2012.04.27 04:28:06.907,0.84268,0.84283,1.50,2.25
2012.04.27 04:28:07.454,0.84269,0.84285,1.50,2.25
2012.04.27 04:28:07.596,0.84266,0.84282,1.50,3.00
2012.04.27 04:28:08.202,0.84266,0.84282,1.50,3.75
2012.04.27 04:28:08.276,0.84264,0.84281,1.50,2.25
2012.04.27 04:28:09.562,0.84264,0.8428,1.50,1.50
2012.04.27 04:28:09.778,0.84262,0.84279,2.25,2.25
2012.04.27 04:28:09.907,0.84261,0.84274,1.50,1.50
2012.04.27 04:28:20.018,0.8426,0.84274,1.50,1.50
2012.04.27 04:28:20.100,0.84251,0.84268,2.25,3.00
2012.04.27 04:28:20.172,0.8425,0.84263,2.25,2.25
2012.04.27 04:28:21.001,0.8425,0.84263,1.50,2.25
2012.04.27 04:28:22.295,0.8425,0.84263,1.50,1.50
2012.04.27 04:28:22.625,0.84247,0.84259,1.50,1.50
2012.04.27 04:28:22.938,0.84247,0.84262,1.50,3.00
2012.04.27 04:28:23.545,0.84245,0.84261,1.50,1.50
2012.04.27 04:28:25.336,0.84245,0.84262,1.50,3.00
2012.04.27 04:28:25.586,0.84249,0.84263,1.50,2.25
2012.04.27 04:28:26.550,0.84247,0.84262,1.50,2.25
2012.04.27 04:28:27.347,0.84247,0.84262,1.50,3.00
2012.04.27 04:28:27.726,0.84247,0.8426,1.50,1.50
2012.04.27 04:28:27.914,0.84245,0.84259,1.50,2.25
2012.04.27 04:28:33.729,0.84245,0.84259,2.25,1.50
2012.04.27 04:28:33.799,0.84248,0.8426,1.50,2.18
2012.04.27 04:28:33.867,0.84248,0.84263,1.50,2.25
2012.04.27 04:28:33.937,0.8425,0.84264,1.50,1.50
2012.04.27 04:28:34.244,0.84254,0.84266,1.50,1.50
2012.04.27 04:28:34.434,0.84257,0.84269,1.50,2.93
2012.04.27 04:28:34.684,0.84259,0.84272,1.50,1.50
2012.04.27 04:28:34.754,0.84257,0.84272,1.50,3.00
2012.04.27 04:28:41.745,0.84254,0.84271,1.50,1.50
2012.04.27 04:28:42.555,0.84254,0.84271,3.00,1.50
2012.04.27 04:28:42.865,0.84255,0.84271,3.00,1.50
2012.04.27 04:28:43.055,0.84261,0.84276,1.50,2.25
2012.04.27 04:28:44.805,0.84259,0.84274,2.25,1.50
2012.04.27 04:28:45.206,0.84256,0.84273,2.25,2.25
2012.04.27 04:28:45.530,0.84254,0.84269,2.25,1.50
2012.04.27 04:28:45.775,0.84254,0.84269,2.25,1.50
2012.04.27 04:28:45.968,0.84255,0.84272,1.50,2.25
2012.04.27 04:28:46.541,0.84255,0.84272,3.00,1.50
2012.04.27 04:28:46.674,0.84255,0.84272,3.00,2.25
2012.04.27 04:28:46.938,0.84256,0.84271,1.50,1.50
2012.04.27 04:28:49.966,0.84256,0.84271,2.25,1.50
2012.04.27 04:28:52.436,0.84258,0.84273,1.50,3.00
2012.04.27 04:28:52.654,0.84258,0.84273,2.25,3.00
2012.04.27 04:28:53.206,0.84258,0.84273,2.25,1.50
2012.04.27 04:28:53.457,0.84259,0.84276,2.25,2.25
2012.04.27 04:28:53.884,0.84259,0.84275,2.25,2.25
2012.04.27 04:28:53.960,0.84257,0.84274,2.25,2.25
2012.04.27 04:28:54.288,0.84255,0.84272,2.25,2.25
2012.04.27 04:28:54.357,0.84255,0.84271,2.25,1.50
2012.04.27 04:28:54.664,0.8425,0.84265,3.00,1.50
2012.04.27 04:28:59.930,0.8425,0.84265,3.00,1.50
2012.04.27 04:29:01.484,0.84252,0.84269,2.25,1.50
2012.04.27 04:29:09.011,0.84252,0.84269,2.25,1.50
2012.04.27 04:29:09.329,0.84255,0.84266,1.50,1.50
2012.04.27 04:29:09.457,0.84256,0.8427,1.50,1.50
2012.04.27 04:29:09.539,0.84258,0.84273,1.50,1.50
2012.04.27 04:29:10.055,0.84257,0.84274,3.00,1.50
2012.04.27 04:29:11.036,0.84257,0.84274,2.25,2.25
2012.04.27 04:29:11.228,0.84256,0.84269,1.50,1.50
2012.04.27 04:29:11.297,0.84255,0.84272,2.25,2.25
2012.04.27 04:29:11.918,0.84255,0.84272,2.25,4.43
2012.04.27 04:29:18.885,0.84255,0.84272,1.50,4.43
2012.04.27 04:29:23.336,0.84255,0.84271,1.50,1.50
2012.04.27 04:29:23.646,0.84255,0.84272,3.00,1.50
2012.04.27 04:29:23.956,0.84264,0.84277,1.50,1.50
2012.04.27 04:29:24.287,0.84266,0.84278,1.50,1.50
2012.04.27 04:29:24.616,0.84262,0.84279,1.50,3.00
2012.04.27 04:29:25.158,0.84262,0.84279,1.50,3.00
2012.04.27 04:29:25.965,0.84262,0.84279,1.50,3.00
2012.04.27 04:29:26.155,0.84265,0.84279,1.50,2.25
2012.04.27 04:29:27.660,0.84262,0.84278,1.50,1.50
2012.04.27 04:29:27.729,0.84262,0.84279,2.25,2.25
2012.04.27 04:29:28.097,0.84266,0.84281,1.50,2.25
2012.04.27 04:29:28.230,0.84267,0.84284,1.50,3.75
2012.04.27 04:29:28.355,0.84264,0.84279,3.75,1.50
2012.04.27 04:29:28.885,0.84264,0.84279,2.25,1.50
2012.04.27 04:29:29.208,0.84263,0.84277,2.25,1.50
2012.04.27 04:29:29.336,0.84263,0.8428,3.75,2.25
2012.04.27 04:29:30.177,0.84262,0.84277,3.75,1.50
2012.04.27 04:29:31.775,0.84267,0.84284,1.50,3.00
2012.04.27 04:29:33.968,0.84265,0.84282,2.25,2.25
2012.04.27 04:29:34.476,0.84267,0.84282,3.00,1.50
2012.04.27 04:29:35.035,0.84267,0.84282,1.50,2.25
2012.04.27 04:29:39.074,0.84268,0.84284,1.50,2.25
2012.04.27 04:29:40.464,0.84266,0.84281,2.25,2.25
2012.04.27 04:29:43.006,0.84266,0.84281,2.25,2.25
2012.04.27 04:29:43.554,0.84264,0.84279,2.25,2.25
2012.04.27 04:29:44.676,0.84267,0.84279,2.92,2.25
2012.04.27 04:29:44.749,0.84267,0.84281,2.92,1.50
2012.04.27 04:29:44.821,0.84271,0.84285,1.50,1.50
2012.04.27 04:29:45.027,0.84276,0.84293,1.50,3.38
2012.04.27 04:29:45.159,0.84274,0.84291,1.50,2.25
2012.04.27 04:29:45.288,0.84276,0.84293,1.50,2.25
2012.04.27 04:29:45.414,0.84276,0.84293,2.25,1.50
2012.04.27 04:29:45.486,0.84274,0.84291,3.75,1.50
2012.04.27 04:29:45.677,0.84276,0.84293,2.25,1.50
2012.04.27 04:29:46.519,0.84277,0.84294,1.50,3.00
2012.04.27 04:29:46.587,0.84275,0.84292,1.50,2.25
2012.04.27 04:29:47.092,0.84275,0.84288,1.50,2.17
2012.04.27 04:29:47.162,0.84272,0.84286,1.50,1.50
2012.04.27 04:29:47.498,0.84271,0.84286,5.18,1.50
2012.04.27 04:29:47.565,0.84272,0.84286,1.30,1.50
2012.04.27 04:29:47.640,0.84274,0.84286,1.50,1.50
2012.04.27 04:29:48.139,0.84274,0.84286,2.25,1.50
2012.04.27 04:29:48.267,0.84282,0.84294,1.50,1.50
2012.04.27 04:29:49.457,0.84282,0.84294,1.50,3.00
2012.04.27 04:29:49.586,0.84278,0.84293,1.50,1.50
2012.04.27 04:29:50.095,0.84277,0.84292,1.50,3.00
2012.04.27 04:29:50.239,0.84275,0.8429,2.25,1.50
2012.04.27 04:29:50.683,0.84271,0.84286,2.25,1.50
2012.04.27 04:29:50.994,0.84269,0.84284,1.50,1.50
2012.04.27 04:29:54.085,0.84269,0.84284,2.25,1.50
2012.04.27 04:29:54.659,0.84268,0.84283,1.50,1.50
2012.04.27 04:29:56.377,0.84267,0.84283,1.50,1.50
2012.04.27 04:29:58.026,0.84267,0.84283,1.50,2.25
2012.04.27 04:29:58.153,0.84267,0.84281,1.50,1.50
2012.04.27 04:29:59.794,0.84265,0.84281,1.50,1.50
2012.04.27 04:30:00.295,0.84265,0.84279,1.50,1.50
2012.04.27 04:30:02.086,0.84264,0.84279,1.50,1.50
2012.04.27 04:30:02.595,0.84263,0.84279,1.50,1.50
2012.04.27 04:30:03.096,0.84263,0.84279,1.50,1.50
2012.04.27 04:30:03.467,0.84263,0.84277,1.50,1.50
2012.04.27 04:30:05.845,0.84263,0.84277,1.50,1.50
2012.04.27 04:30:07.849,0.84263,0.84279,1.50,1.50
2012.04.27 04:30:08.407,0.84263,0.84279,1.50,1.50
2012.04.27 04:30:08.955,0.84265,0.8428,2.25,1.50
2012.04.27 04:30:10.556,0.84266,0.84283,2.25,2.25
2012.04.27 04:30:10.697,0.84268,0.84283,1.50,1.50
2012.04.27 04:30:10.766,0.84269,0.84286,2.25,2.25
2012.04.27 04:30:11.228,0.84271,0.84286,1.50,1.50
2012.04.27 04:30:11.559,0.84274,0.84286,2.25,1.50
2012.04.27 04:30:11.631,0.84278,0.84294,1.50,1.50
2012.04.27 04:30:12.084,0.84281,0.84294,1.50,1.50
2012.04.27 04:30:12.431,0.84272,0.8428,2.25,1.50
2012.04.27 04:30:12.569,0.84264,0.84276,1.50,1.50
2012.04.27 04:30:12.650,0.84259,0.84275,2.25,1.50
2012.04.27 04:30:12.722,0.84257,0.84271,1.50,1.50
2012.04.27 04:30:12.802,0.84256,0.84271,2.25,1.50
2012.04.27 04:30:12.951,0.84254,0.84269,2.25,3.00
2012.04.27 04:30:13.287,0.84251,0.84265,1.50,1.50
2012.04.27 04:30:13.598,0.84245,0.84262,3.75,1.50
2012.04.27 04:30:13.796,0.84246,0.84262,2.25,1.50
2012.04.27 04:30:14.047,0.84245,0.84262,1.50,1.50
2012.04.27 04:30:14.317,0.84246,0.84262,1.50,1.50
2012.04.27 04:30:14.505,0.84247,0.84264,1.50,1.50
2012.04.27 04:30:15.224,0.84247,0.84264,1.50,1.50
2012.04.27 04:30:16.498,0.84247,0.84266,1.50,2.25
2012.04.27 04:30:16.627,0.84251,0.84266,2.17,1.50
2012.04.27 04:30:16.957,0.84259,0.84276,2.25,5.25
2012.04.27 04:30:17.147,0.84262,0.84276,1.50,3.75
2012.04.27 04:30:17.518,0.84259,0.84276,2.25,5.25
2012.04.27 04:30:20.597,0.84257,0.84273,2.25,2.25
2012.04.27 04:30:20.927,0.84254,0.8427,1.50,1.50
2012.04.27 04:30:21.427,0.84253,0.8427,2.25,3.00
2012.04.27 04:30:21.688,0.8425,0.84266,3.00,1.50
2012.04.27 04:30:21.828,0.84249,0.84263,1.50,1.50
2012.04.27 04:30:22.147,0.84245,0.8426,2.25,1.50
2012.04.27 04:30:22.279,0.84245,0.8426,2.25,1.50
2012.04.27 04:30:22.981,0.84249,0.84262,1.50,1.50
2012.04.27 04:30:23.328,0.84249,0.84264,1.50,2.25
2012.04.27 04:30:23.689,0.84247,0.84261,1.50,1.50
2012.04.27 04:30:26.645,0.84244,0.84259,3.00,1.50
2012.04.27 04:30:26.894,0.84245,0.84261,2.25,1.50
2012.04.27 04:30:27.614,0.84244,0.8426,1.50,1.50
2012.04.27 04:30:27.874,0.84245,0.84262,3.00,1.50
2012.04.27 04:30:28.435,0.84245,0.84262,3.00,1.50
2012.04.27 04:30:28.835,0.84245,0.8426,1.50,1.50
2012.04.27 04:30:29.379,0.84246,0.84261,1.50,1.50
2012.04.27 04:30:29.956,0.84243,0.8426,3.00,1.50
2012.04.27 04:30:30.501,0.84246,0.84261,1.50,1.50
2012.04.27 04:30:34.905,0.84246,0.84261,1.50,2.25
2012.04.27 04:30:35.096,0.84242,0.84259,3.00,1.50
2012.04.27 04:30:35.169,0.84242,0.84257,1.50,1.50
2012.04.27 04:30:35.802,0.84243,0.84258,2.25,1.50
2012.04.27 04:30:38.646,0.84245,0.8426,2.25,1.50
2012.04.27 04:30:39.372,0.84243,0.84258,2.25,1.50
2012.04.27 04:30:39.448,0.84244,0.84261,2.25,2.25
2012.04.27 04:30:39.815,0.84242,0.84259,2.25,1.50
2012.04.27 04:30:40.584,0.84242,0.84259,2.25,1.50
2012.04.27 04:30:41.694,0.84244,0.84259,1.50,1.50
2012.04.27 04:30:42.124,0.84245,0.84261,1.50,1.50
2012.04.27 04:30:42.255,0.84244,0.84259,1.50,1.50
2012.04.27 04:30:42.838,0.84243,0.84257,1.50,1.50
2012.04.27 04:30:43.524,0.84242,0.84255,1.50,1.50
2012.04.27 04:30:43.669,0.8424,0.84257,2.25,3.00
2012.04.27 04:30:43.737,0.84238,0.84253,2.25,1.50
2012.04.27 04:30:43.811,0.84238,0.84253,2.25,1.50
2012.04.27 04:30:44.018,0.84234,0.84249,2.25,1.50
2012.04.27 04:30:44.086,0.84236,0.84251,2.25,1.50
2012.04.27 04:30:44.157,0.84236,0.84251,2.25,1.50
2012.04.27 04:30:44.285,0.84233,0.8425,5.25,1.50
2012.04.27 04:30:44.597,0.84235,0.8425,1.50,1.50
2012.04.27 04:30:44.787,0.84238,0.84253,2.25,1.50
2012.04.27 04:30:45.095,0.84238,0.84253,2.25,3.00
2012.04.27 04:30:46.205,0.84238,0.84253,2.25,2.25
2012.04.27 04:30:46.830,0.84238,0.84253,2.25,3.00
2012.04.27 04:30:46.899,0.84234,0.84249,1.13,1.50
2012.04.27 04:30:46.969,0.84234,0.84249,1.13,3.00
2012.04.27 04:30:47.451,0.84234,0.84246,1.13,1.50
2012.04.27 04:30:47.837,0.84237,0.84252,2.25,1.50
2012.04.27 04:30:48.387,0.84235,0.84252,2.25,3.75
2012.04.27 04:30:48.950,0.84235,0.84251,2.25,1.50
2012.04.27 04:30:50.048,0.84234,0.84248,1.50,1.50
2012.04.27 04:30:51.034,0.84234,0.84247,1.50,1.50
2012.04.27 04:30:52.266,0.84233,0.84245,1.88,1.50
2012.04.27 04:30:52.531,0.84233,0.84249,1.50,1.50
2012.04.27 04:30:53.396,0.84234,0.84246,1.50,1.50
2012.04.27 04:30:57.448,0.84233,0.84246,1.50,1.50
2012.04.27 04:30:57.578,0.84233,0.84244,1.50,1.50
2012.04.27 04:30:57.644,0.84233,0.84246,1.50,1.50
2012.04.27 04:30:57.966,0.84231,0.84244,2.25,1.50
2012.04.27 04:30:58.035,0.84231,0.84244,2.25,1.50
2012.04.27 04:30:58.226,0.84231,0.84244,1.50,1.50
2012.04.27 04:30:58.359,0.84222,0.84238,2.25,1.50
2012.04.27 04:30:59.055,0.84223,0.84238,1.50,1.50
2012.04.27 04:30:59.588,0.84224,0.84239,2.25,1.50
2012.04.27 04:31:01.025,0.84222,0.84238,1.50,1.50
2012.04.27 04:31:01.558,0.84224,0.84239,1.50,1.50
2012.04.27 04:31:02.929,0.84224,0.84241,3.00,1.50
2012.04.27 04:31:03.707,0.84224,0.84238,1.50,1.50
2012.04.27 04:31:04.257,0.84227,0.84239,1.50,2.25
2012.04.27 04:31:04.389,0.84223,0.84235,1.50,1.50
2012.04.27 04:31:04.809,0.84223,0.84237,1.50,1.50
2012.04.27 04:31:04.890,0.84223,0.84237,1.50,1.50
2012.04.27 04:31:04.956,0.84223,0.84233,1.50,1.50
2012.04.27 04:31:05.025,0.84222,0.84236,3.00,1.50
2012.04.27 04:31:06.037,0.84222,0.84236,3.00,1.50
2012.04.27 04:31:08.188,0.84223,0.84234,1.50,1.50
2012.04.27 04:31:09.115,0.84223,0.84234,1.50,1.50
2012.04.27 04:31:12.477,0.84222,0.84232,2.25,1.50
2012.04.27 04:31:13.025,0.84221,0.84229,1.50,1.50
2012.04.27 04:31:13.541,0.84221,0.84228,1.50,1.50
2012.04.27 04:31:14.868,0.84216,0.84226,3.75,1.50
2012.04.27 04:31:15.296,0.84214,0.84225,2.25,1.50
2012.04.27 04:31:15.487,0.84212,0.84225,1.50,1.50
2012.04.27 04:31:15.556,0.84212,0.84223,1.50,1.50
2012.04.27 04:31:17.595,0.84211,0.84221,1.50,1.50
2012.04.27 04:31:18.037,0.8421,0.84221,1.50,1.50
2012.04.27 04:31:18.168,0.8421,0.84218,1.50,1.50
2012.04.27 04:31:18.417,0.84208,0.84218,1.50,1.50
2012.04.27 04:31:18.914,0.84203,0.84218,1.50,1.50
2012.04.27 04:31:19.486,0.84202,0.84219,1.50,2.25
2012.04.27 04:31:19.664,0.84203,0.84219,1.50,1.50
2012.04.27 04:31:19.992,0.84202,0.84217,1.50,1.50
2012.04.27 04:31:20.670,0.84197,0.84206,1.13,1.50
2012.04.27 04:31:20.744,0.84197,0.84206,1.13,1.50
2012.04.27 04:31:20.819,0.84197,0.84206,1.13,1.50
2012.04.27 04:31:20.949,0.84193,0.84206,1.50,1.50
2012.04.27 04:31:21.018,0.84197,0.84206,1.50,1.50
2012.04.27 04:31:21.216,0.84199,0.84213,1.50,1.50
2012.04.27 04:31:21.727,0.84199,0.84215,2.25,3.00
2012.04.27 04:31:21.798,0.84198,0.8421,2.25,1.50
2012.04.27 04:31:21.868,0.842,0.84216,2.25,2.25
2012.04.27 04:31:21.937,0.842,0.84216,2.25,1.50
2012.04.27 04:31:22.613,0.842,0.84216,3.00,1.50
2012.04.27 04:31:23.281,0.842,0.84216,1.50,1.50
2012.04.27 04:31:24.815,0.84202,0.84216,1.50,1.50
2012.04.27 04:31:25.094,0.84202,0.84219,1.50,2.25
2012.04.27 04:31:25.347,0.84201,0.84217,1.50,2.25
2012.04.27 04:31:25.927,0.84201,0.84217,1.50,4.50
2012.04.27 04:31:26.474,0.84202,0.84215,1.50,1.50
2012.04.27 04:31:27.006,0.84202,0.84216,1.50,3.68
2012.04.27 04:31:27.338,0.84202,0.84208,1.50,2.18
2012.04.27 04:31:27.954,0.84199,0.84208,1.50,2.18
2012.04.27 04:31:28.033,0.84194,0.84209,2.25,1.50
2012.04.27 04:31:28.106,0.84191,0.84206,3.00,1.50
2012.04.27 04:31:28.296,0.84192,0.84209,2.25,1.50
2012.04.27 04:31:29.219,0.84192,0.84208,2.25,1.50
2012.04.27 04:31:29.288,0.84192,0.84208,2.25,2.25
2012.04.27 04:31:29.601,0.8419,0.84202,1.50,1.50
2012.04.27 04:31:29.677,0.8419,0.84205,1.50,1.50
2012.04.27 04:31:29.808,0.84192,0.84207,2.25,1.50
2012.04.27 04:31:30.684,0.84196,0.84212,2.25,1.50
2012.04.27 04:31:31.106,0.84196,0.84212,2.25,1.50
2012.04.27 04:31:31.655,0.84193,0.8421,2.25,2.25
2012.04.27 04:31:32.378,0.84193,0.84208,2.25,1.50
2012.04.27 04:31:33.239,0.84193,0.84207,2.25,2.25
2012.04.27 04:31:33.697,0.84193,0.84203,1.50,1.50
2012.04.27 04:31:34.161,0.84193,0.84202,1.50,1.50
2012.04.27 04:31:34.455,0.84186,0.84202,1.50,1.50
2012.04.27 04:31:34.987,0.84189,0.84202,1.50,1.50
2012.04.27 04:31:35.061,0.84189,0.84202,1.50,1.50
2012.04.27 04:31:35.449,0.84191,0.84203,1.50,1.50
2012.04.27 04:31:35.517,0.84192,0.84206,1.50,2.25
2012.04.27 04:31:35.769,0.84195,0.84211,2.25,2.08
2012.04.27 04:31:35.958,0.84196,0.84212,2.25,1.13
2012.04.27 04:31:36.027,0.84196,0.84212,2.25,1.13
2012.04.27 04:31:36.948,0.84196,0.84212,2.25,1.50
2012.04.27 04:31:37.519,0.84195,0.84211,3.00,2.25
2012.04.27 04:31:37.709,0.84195,0.84211,3.00,3.00
2012.04.27 04:31:37.907,0.84193,0.84207,1.50,1.50
2012.04.27 04:31:37.979,0.84193,0.8421,3.00,1.50
2012.04.27 04:31:38.049,0.84193,0.84208,1.50,1.50
2012.04.27 04:31:38.180,0.84193,0.84208,1.50,1.50
2012.04.27 04:31:38.658,0.84193,0.84203,1.50,1.50
2012.04.27 04:31:38.797,0.84193,0.84207,1.50,1.50
2012.04.27 04:31:38.927,0.84194,0.84209,2.25,1.50
2012.04.27 04:31:39.766,0.84196,0.84209,1.50,1.50
2012.04.27 04:31:40.676,0.84196,0.8421,1.50,1.50
2012.04.27 04:31:41.545,0.84196,0.84212,3.00,1.50
2012.04.27 04:31:44.155,0.84199,0.84215,1.50,2.25
2012.04.27 04:31:44.286,0.84199,0.84215,1.50,2.25
2012.04.27 04:31:44.835,0.84201,0.84215,1.50,2.25
2012.04.27 04:31:45.597,0.84201,0.84212,1.50,1.50
2012.04.27 04:31:46.125,0.84201,0.84214,1.50,1.50
2012.04.27 04:31:46.384,0.84199,0.84214,2.25,1.50
2012.04.27 04:31:47.525,0.84199,0.84214,2.25,1.50
2012.04.27 04:31:47.595,0.84202,0.84218,1.50,1.50
2012.04.27 04:31:47.725,0.84205,0.84218,1.50,1.50
2012.04.27 04:31:48.097,0.84205,0.8422,1.50,4.50
2012.04.27 04:31:48.226,0.84207,0.8422,1.50,1.50
2012.04.27 04:31:48.535,0.84208,0.84222,1.50,1.50
2012.04.27 04:31:48.920,0.84212,0.84228,1.50,3.00
2012.04.27 04:31:48.989,0.84213,0.84228,1.50,4.50
2012.04.27 04:31:49.118,0.84215,0.84228,1.50,1.50
2012.04.27 04:31:49.447,0.84215,0.8423,2.25,2.25
2012.04.27 04:31:49.905,0.84217,0.84232,3.75,1.50
2012.04.27 04:31:50.108,0.84217,0.84232,3.75,1.50
2012.04.27 04:31:50.178,0.84224,0.84236,1.50,1.50
2012.04.27 04:31:50.609,0.84227,0.84238,1.50,1.50
2012.04.27 04:31:50.897,0.84227,0.84239,1.50,1.13
2012.04.27 04:31:51.877,0.84227,0.84242,2.25,2.25
2012.04.27 04:31:52.009,0.84229,0.84245,1.50,2.25
2012.04.27 04:31:52.138,0.84234,0.84249,1.50,2.25
2012.04.27 04:31:52.336,0.84235,0.84252,1.50,2.25
2012.04.27 04:31:52.466,0.84238,0.84254,1.50,1.50
2012.04.27 04:31:52.777,0.84241,0.84254,1.50,1.50
2012.04.27 04:31:52.846,0.84238,0.84254,1.50,1.50
2012.04.27 04:31:52.977,0.84238,0.84254,1.50,1.50
2012.04.27 04:31:53.560,0.84236,0.84253,1.50,3.00
2012.04.27 04:31:53.633,0.84236,0.84248,1.50,1.50
2012.04.27 04:31:53.767,0.84231,0.84247,1.50,1.50
2012.04.27 04:31:53.836,0.84228,0.84243,2.25,1.50
2012.04.27 04:31:54.397,0.84229,0.84242,1.50,1.50
2012.04.27 04:31:54.705,0.84229,0.84242,1.50,1.50
2012.04.27 04:31:54.778,0.84226,0.84242,1.50,3.00
2012.04.27 04:31:54.846,0.84224,0.84239,1.50,1.50
2012.04.27 04:31:55.049,0.84228,0.84242,1.50,1.50
2012.04.27 04:31:55.189,0.84223,0.84238,2.25,1.50
2012.04.27 04:31:55.319,0.84221,0.84236,2.25,1.50
2012.04.27 04:31:55.446,0.84221,0.84236,1.50,1.50
2012.04.27 04:31:55.876,0.84223,0.84238,1.50,1.50
2012.04.27 04:31:56.185,0.84227,0.84238,1.50,1.50
2012.04.27 04:31:56.316,0.84228,0.84243,3.75,1.50
2012.04.27 04:31:56.506,0.84229,0.84246,3.00,3.00
2012.04.27 04:31:57.007,0.84232,0.84246,1.50,1.50
2012.04.27 04:31:57.083,0.84234,0.84247,1.50,1.50
2012.04.27 04:31:57.395,0.84236,0.84247,1.50,1.50
2012.04.27 04:31:57.648,0.84234,0.84249,1.50,1.50
2012.04.27 04:31:57.717,0.84232,0.84249,1.50,3.00
2012.04.27 04:31:57.846,0.84232,0.84249,1.50,3.00
2012.04.27 04:31:58.768,0.84237,0.84252,1.50,2.25
2012.04.27 04:31:59.341,0.84237,0.84252,1.50,2.25
2012.04.27 04:32:01.682,0.84236,0.84252,1.50,3.00
2012.04.27 04:32:01.756,0.84234,0.84251,1.50,2.25
2012.04.27 04:32:06.227,0.84234,0.8425,1.50,1.50
2012.04.27 04:32:06.298,0.84238,0.8425,1.50,1.50
2012.04.27 04:32:06.737,0.84235,0.84252,1.50,3.00
2012.04.27 04:32:06.805,0.84241,0.84252,1.50,1.50
2012.04.27 04:32:07.642,0.84241,0.84254,1.50,1.50
2012.04.27 04:32:07.718,0.84239,0.84254,1.50,1.50
2012.04.27 04:32:09.047,0.84239,0.84251,1.50,1.50
2012.04.27 04:32:09.115,0.84236,0.84251,1.50,1.50
2012.04.27 04:32:09.186,0.84234,0.84249,3.75,1.50
2012.04.27 04:32:09.436,0.8424,0.84249,2.92,1.50
2012.04.27 04:32:09.642,0.84243,0.84254,1.50,1.50
2012.04.27 04:32:09.788,0.84248,0.84254,1.50,1.50
2012.04.27 04:32:09.917,0.84242,0.84254,1.50,1.50
2012.04.27 04:32:10.047,0.84242,0.84253,1.50,1.50
2012.04.27 04:32:10.117,0.84237,0.84253,1.50,1.50
2012.04.27 04:32:10.666,0.84238,0.84254,1.50,1.50
2012.04.27 04:32:10.936,0.8424,0.84254,1.50,1.50
2012.04.27 04:32:11.814,0.84242,0.84257,2.25,2.25
2012.04.27 04:32:12.028,0.84245,0.8426,3.00,2.25
2012.04.27 04:32:12.337,0.84247,0.84262,3.00,1.50
2012.04.27 04:32:14.257,0.84248,0.84262,1.50,1.50
2012.04.27 04:32:14.448,0.84249,0.84262,2.25,1.50
2012.04.27 04:32:14.517,0.8425,0.84266,2.25,1.50
2012.04.27 04:32:15.028,0.84249,0.84264,3.75,1.50
2012.04.27 04:32:16.526,0.84251,0.84264,1.50,1.50
2012.04.27 04:32:16.663,0.84255,0.84272,3.00,1.50
2012.04.27 04:32:16.807,0.84255,0.84272,2.25,2.25
2012.04.27 04:32:17.077,0.84254,0.84273,2.25,1.50
2012.04.27 04:32:17.614,0.84254,0.84275,3.75,1.50
2012.04.27 04:32:18.125,0.84254,0.84274,2.25,3.00
2012.04.27 04:32:18.625,0.84254,0.84271,2.25,1.50
2012.04.27 04:32:20.406,0.84255,0.84274,1.50,1.50
2012.04.27 04:32:20.658,0.84255,0.84276,1.50,1.50
2012.04.27 04:32:20.989,0.84262,0.84276,1.50,1.50
2012.04.27 04:32:21.057,0.84262,0.84281,1.50,3.75
2012.04.27 04:32:21.605,0.84263,0.84278,3.00,1.50
2012.04.27 04:32:21.917,0.84261,0.84275,3.68,1.50
2012.04.27 04:32:22.405,0.84261,0.84277,1.50,1.50
2012.04.27 04:32:23.980,0.84265,0.84277,2.25,1.50
2012.04.27 04:32:24.054,0.84267,0.84281,1.50,1.50
2012.04.27 04:32:24.199,0.84263,0.84278,3.00,1.50
2012.04.27 04:32:24.519,0.84263,0.84276,1.50,1.50
2012.04.27 04:32:24.589,0.84263,0.84279,1.50,1.50
2012.04.27 04:32:24.719,0.84262,0.84277,1.50,1.50
2012.04.27 04:32:24.907,0.84258,0.84273,2.25,1.50
2012.04.27 04:32:25.167,0.84261,0.84275,1.50,1.50
2012.04.27 04:32:25.238,0.84257,0.84274,2.25,1.50
2012.04.27 04:32:25.549,0.84257,0.84273,2.25,1.50
2012.04.27 04:32:25.878,0.84251,0.84267,2.25,2.25
2012.04.27 04:32:26.427,0.84251,0.84267,1.50,2.25
2012.04.27 04:32:27.119,0.84252,0.84269,1.50,3.75
2012.04.27 04:32:27.844,0.84252,0.84269,1.50,3.75
2012.04.27 04:32:28.095,0.84253,0.84269,1.50,2.25
2012.04.27 04:32:28.406,0.84256,0.84271,1.50,2.25
2012.04.27 04:32:28.989,0.84257,0.84272,1.50,1.50
2012.04.27 04:32:29.463,0.84257,0.84272,3.00,1.50
2012.04.27 04:32:29.807,0.84264,0.84276,1.50,2.25
2012.04.27 04:32:29.878,0.84262,0.84275,1.50,1.50
2012.04.27 04:32:30.068,0.84262,0.84275,1.50,2.25
2012.04.27 04:32:30.138,0.8426,0.84275,1.50,3.00
2012.04.27 04:32:30.327,0.84258,0.84273,1.50,3.00
2012.04.27 04:32:30.898,0.84259,0.84273,1.50,1.50
2012.04.27 04:32:31.547,0.84262,0.84275,1.50,1.50
2012.04.27 04:32:32.528,0.84259,0.84276,1.50,3.75
2012.04.27 04:32:33.029,0.84258,0.84273,1.50,2.25
2012.04.27 04:32:33.158,0.84255,0.84272,3.00,2.25
2012.04.27 04:32:34.186,0.84258,0.84274,1.50,1.50
2012.04.27 04:32:34.529,0.8426,0.84275,1.50,4.42
2012.04.27 04:32:35.041,0.84259,0.84274,1.50,2.25
2012.04.27 04:32:35.235,0.84257,0.84272,1.50,1.50
2012.04.27 04:32:36.749,0.84261,0.84274,1.50,1.50
2012.04.27 04:32:36.875,0.84261,0.84276,1.50,3.00
2012.04.27 04:32:38.497,0.84258,0.84273,2.25,1.50
2012.04.27 04:32:39.346,0.84256,0.84272,3.75,1.50
2012.04.27 04:32:39.905,0.84255,0.84271,1.50,1.50
2012.04.27 04:32:40.444,0.84254,0.84271,2.25,1.50
2012.04.27 04:32:41.324,0.84256,0.84273,1.50,3.00
2012.04.27 04:32:42.416,0.84256,0.84272,1.50,1.50
2012.04.27 04:32:42.729,0.84255,0.84268,1.50,1.50
2012.04.27 04:32:42.916,0.84254,0.84271,2.25,2.25
2012.04.27 04:32:43.165,0.84253,0.84267,1.50,1.50
2012.04.27 04:32:44.236,0.84252,0.84267,1.50,1.50
2012.04.27 04:32:44.906,0.84247,0.84261,3.00,1.50
2012.04.27 04:32:44.980,0.84243,0.84259,2.25,1.50
2012.04.27 04:32:45.789,0.84243,0.84259,2.25,1.50
2012.04.27 04:32:45.858,0.84244,0.84261,1.50,1.50
2012.04.27 04:32:49.466,0.84244,0.84261,1.50,2.25
2012.04.27 04:32:49.716,0.84244,0.84258,1.50,1.50
2012.04.27 04:32:50.485,0.84244,0.84258,2.25,1.50
2012.04.27 04:32:50.727,0.84248,0.84263,1.50,5.18
2012.04.27 04:32:50.974,0.84246,0.84262,1.50,2.25
2012.04.27 04:32:51.459,0.84252,0.84265,1.50,1.50
2012.04.27 04:32:52.107,0.84246,0.84263,3.00,1.50
2012.04.27 04:32:52.177,0.84246,0.84263,2.25,3.00
2012.04.27 04:32:52.761,0.84246,0.84261,1.50,1.50
2012.04.27 04:32:53.090,0.84241,0.84251,1.50,1.50
2012.04.27 04:32:53.358,0.84237,0.84251,1.50,1.50
2012.04.27 04:32:54.917,0.84235,0.84247,1.50,1.50
2012.04.27 04:32:55.046,0.84235,0.84251,1.50,1.50
2012.04.27 04:32:55.648,0.84236,0.84251,2.25,1.50
2012.04.27 04:32:56.170,0.84241,0.8425,2.25,1.50
2012.04.27 04:32:56.308,0.84238,0.8425,1.50,1.50
2012.04.27 04:32:58.096,0.84237,0.8425,3.00,1.50
2012.04.27 04:33:00.068,0.84238,0.8425,1.50,1.50
2012.04.27 04:33:01.057,0.84237,0.8425,3.00,1.50
2012.04.27 04:33:02.595,0.84237,0.84253,3.00,1.50
2012.04.27 04:33:02.926,0.84237,0.8425,3.00,1.50
2012.04.27 04:33:03.429,0.84236,0.84251,3.00,1.50
2012.04.27 04:33:03.893,0.84236,0.84251,2.25,1.50
2012.04.27 04:33:04.447,0.84237,0.84251,1.50,1.50
2012.04.27 04:33:04.523,0.84238,0.84253,1.50,1.50
2012.04.27 04:33:06.321,0.84237,0.84251,1.50,1.50
2012.04.27 04:33:06.446,0.84237,0.84254,3.00,2.25
2012.04.27 04:33:07.292,0.84237,0.84254,3.00,2.25
2012.04.27 04:33:07.801,0.8424,0.84255,1.50,2.25
2012.04.27 04:33:08.326,0.84237,0.84254,3.00,1.50
2012.04.27 04:33:09.428,0.84237,0.84254,3.00,1.50
2012.04.27 04:33:09.875,0.8424,0.84254,1.50,1.50
2012.04.27 04:33:10.208,0.84243,0.84256,1.50,1.50
2012.04.27 04:33:10.744,0.84243,0.84257,1.50,1.50
2012.04.27 04:33:11.304,0.8424,0.84256,2.25,1.50
2012.04.27 04:33:11.378,0.8424,0.84254,2.25,1.50
2012.04.27 04:33:11.906,0.8424,0.84256,2.25,1.50
2012.04.27 04:33:12.349,0.84239,0.84257,2.25,1.50
2012.04.27 04:33:12.857,0.84236,0.84253,1.50,1.50
2012.04.27 04:33:13.423,0.84236,0.84252,1.50,1.50
2012.04.27 04:33:15.042,0.84238,0.84255,3.00,1.50
2012.04.27 04:33:15.555,0.84239,0.84256,2.25,1.50
2012.04.27 04:33:16.079,0.84239,0.84257,3.00,3.75
2012.04.27 04:33:16.929,0.84241,0.84256,1.50,1.50
2012.04.27 04:33:18.265,0.84241,0.84259,2.25,3.00
2012.04.27 04:33:18.337,0.8424,0.84256,2.25,1.50
2012.04.27 04:33:18.719,0.84239,0.84254,1.50,1.50
2012.04.27 04:33:18.908,0.84233,0.84249,2.25,1.50
2012.04.27 04:33:19.097,0.84234,0.84247,2.25,1.50
2012.04.27 04:33:19.167,0.84234,0.84251,2.25,2.25
2012.04.27 04:33:19.237,0.84235,0.84251,2.25,2.25
2012.04.27 04:33:19.552,0.84238,0.84254,1.50,1.50
2012.04.27 04:33:21.731,0.84237,0.84254,3.00,1.50
2012.04.27 04:33:24.577,0.84238,0.84255,1.50,1.50
2012.04.27 04:33:24.781,0.84239,0.84257,1.50,3.00
2012.04.27 04:33:24.908,0.84241,0.84259,1.50,1.50
2012.04.27 04:33:24.976,0.84241,0.8426,1.50,1.50
2012.04.27 04:33:25.556,0.84239,0.84259,3.00,2.25
2012.04.27 04:33:25.630,0.84239,0.84255,1.50,1.50
2012.04.27 04:33:30.135,0.8424,0.84255,1.50,1.50
2012.04.27 04:33:30.737,0.8424,0.84254,1.50,1.50
2012.04.27 04:33:32.325,0.8424,0.84259,2.25,3.00
2012.04.27 04:33:32.876,0.8424,0.84255,2.25,1.50
2012.04.27 04:33:33.365,0.8424,0.84255,2.25,1.50
2012.04.27 04:33:33.677,0.84244,0.84258,1.50,1.50
2012.04.27 04:33:33.746,0.84244,0.84258,2.25,1.50
2012.04.27 04:33:34.055,0.84244,0.84256,1.50,1.50
2012.04.27 04:33:35.659,0.84245,0.84259,1.50,1.50
2012.04.27 04:33:35.857,0.84245,0.84257,3.00,1.50
2012.04.27 04:33:36.187,0.84245,0.84259,3.75,1.50
2012.04.27 04:33:37.455,0.84246,0.84259,1.50,1.50
2012.04.27 04:33:39.306,0.84246,0.84261,1.50,1.50
2012.04.27 04:33:39.434,0.84246,0.84258,1.50,1.50
2012.04.27 04:33:39.684,0.84246,0.8426,1.50,1.50
2012.04.27 04:33:41.167,0.84246,0.84261,3.00,1.50
2012.04.27 04:33:41.900,0.84246,0.8426,1.50,1.50
2012.04.27 04:33:42.571,0.84246,0.8426,1.50,1.50
2012.04.27 04:33:44.155,0.84246,0.8426,1.50,1.50
2012.04.27 04:33:46.391,0.84246,0.84262,1.50,1.50
2012.04.27 04:33:51.907,0.84246,0.8426,1.50,1.50
2012.04.27 04:33:55.287,0.84244,0.8426,1.50,1.50
2012.04.27 04:33:55.359,0.84246,0.84261,1.50,1.50
2012.04.27 04:33:55.971,0.84241,0.84254,3.00,1.50
2012.04.27 04:33:58.768,0.84241,0.84257,1.50,1.50
2012.04.27 04:34:00.630,0.84241,0.84257,1.50,1.50
2012.04.27 04:34:01.537,0.8424,0.84257,3.00,1.50
2012.04.27 04:34:02.481,0.8424,0.84255,1.50,1.50
2012.04.27 04:34:04.975,0.84241,0.84255,1.50,1.50
2012.04.27 04:34:05.105,0.84241,0.84258,3.00,2.25
2012.04.27 04:34:05.536,0.84241,0.84258,3.00,2.25
2012.04.27 04:34:09.007,0.84241,0.84258,3.00,2.25
2012.04.27 04:34:09.674,0.84241,0.84257,1.50,1.50
2012.04.27 04:34:10.264,0.84239,0.84256,2.25,2.25
2012.04.27 04:34:10.809,0.84241,0.84257,1.50,2.25
2012.04.27 04:34:11.056,0.84241,0.84258,1.50,3.00
2012.04.27 04:34:11.366,0.8424,0.84254,1.50,1.50
2012.04.27 04:34:11.749,0.8424,0.84256,1.50,1.50
2012.04.27 04:34:11.817,0.84242,0.84257,1.50,2.25
2012.04.27 04:34:12.246,0.8424,0.84255,1.50,1.50
2012.04.27 04:34:12.676,0.8424,0.84257,3.00,2.25
2012.04.27 04:34:14.386,0.8424,0.84255,1.50,1.50
2012.04.27 04:34:16.270,0.8424,0.84252,1.50,1.50
2012.04.27 04:34:16.860,0.84242,0.84252,2.17,1.50
2012.04.27 04:34:17.057,0.84244,0.84261,3.00,2.25
2012.04.27 04:34:17.131,0.84245,0.84257,1.50,1.50
2012.04.27 04:34:17.258,0.84245,0.84257,1.50,1.50
2012.04.27 04:34:17.758,0.84246,0.84261,1.50,1.50
2012.04.27 04:34:17.888,0.84245,0.84257,2.25,1.50
2012.04.27 04:34:17.961,0.84245,0.8426,2.25,1.50
2012.04.27 04:34:19.294,0.84245,0.84259,1.50,1.50
2012.04.27 04:34:20.120,0.84245,0.84257,1.50,1.50
2012.04.27 04:34:20.465,0.84246,0.8426,1.50,1.50
2012.04.27 04:34:30.566,0.84244,0.84259,3.75,1.50
2012.04.27 04:34:30.756,0.84246,0.84261,1.50,1.50
2012.04.27 04:34:33.705,0.84246,0.84261,1.50,2.25
2012.04.27 04:34:35.695,0.84246,0.84261,1.50,3.75
2012.04.27 04:34:36.075,0.84242,0.84259,2.25,2.25
2012.04.27 04:34:36.269,0.84242,0.84259,1.50,2.25
2012.04.27 04:34:36.945,0.84243,0.84258,1.50,3.00
2012.04.27 04:34:37.469,0.84244,0.84258,1.50,1.50
2012.04.27 04:34:37.959,0.84244,0.84258,1.50,1.50
2012.04.27 04:34:38.177,0.84244,0.84258,1.50,1.50
2012.04.27 04:34:39.137,0.84243,0.84258,1.50,3.00
2012.04.27 04:34:39.448,0.84243,0.84258,1.50,3.00
2012.04.27 04:34:39.519,0.8424,0.84253,1.50,1.50
2012.04.27 04:34:39.589,0.84242,0.84257,1.50,2.25
2012.04.27 04:34:40.181,0.84242,0.84257,1.50,2.25
2012.04.27 04:34:43.975,0.84244,0.84258,1.50,1.50
2012.04.27 04:34:44.527,0.84244,0.84257,1.50,1.50
2012.04.27 04:34:44.898,0.84244,0.84259,3.00,2.25
2012.04.27 04:34:48.325,0.84244,0.84255,1.50,1.50
2012.04.27 04:34:48.546,0.84244,0.84258,1.50,2.25
2012.04.27 04:34:49.631,0.84241,0.84255,3.00,1.50
2012.04.27 04:34:49.760,0.84241,0.84258,3.38,3.75
2012.04.27 04:34:50.139,0.84237,0.84254,3.00,2.25
2012.04.27 04:34:50.209,0.84237,0.84254,3.00,3.00
2012.04.27 04:34:50.580,0.84236,0.84249,1.50,1.50
2012.04.27 04:34:50.708,0.84236,0.84252,1.50,1.50
2012.04.27 04:34:50.957,0.84236,0.8425,2.25,1.50
2012.04.27 04:34:52.066,0.84233,0.84243,1.50,1.50
2012.04.27 04:34:52.141,0.84233,0.84246,1.50,1.50
2012.04.27 04:34:52.807,0.84234,0.84248,2.25,1.50
2012.04.27 04:34:54.818,0.84234,0.84247,1.50,1.50
2012.04.27 04:34:55.749,0.84233,0.84248,4.50,1.50
2012.04.27 04:34:55.998,0.84232,0.84243,1.50,1.50
2012.04.27 04:34:56.126,0.84232,0.84247,3.00,1.50
2012.04.27 04:34:56.980,0.84233,0.84247,2.25,1.50
2012.04.27 04:34:57.659,0.84232,0.84247,3.00,1.50
2012.04.27 04:34:57.730,0.84229,0.84243,4.50,1.50
2012.04.27 04:34:57.981,0.84234,0.84249,2.25,2.25
2012.04.27 04:34:58.167,0.84233,0.84247,3.00,1.50
2012.04.27 04:35:02.332,0.84235,0.84249,1.50,1.50
2012.04.27 04:35:02.405,0.84231,0.84244,1.50,1.50
2012.04.27 04:35:02.480,0.84231,0.84248,3.00,2.25
2012.04.27 04:35:03.038,0.84234,0.84249,1.50,1.50
2012.04.27 04:35:04.850,0.84233,0.84246,3.00,1.50
2012.04.27 04:35:05.039,0.84233,0.84249,3.00,1.50
2012.04.27 04:35:05.299,0.84234,0.84251,2.25,2.25
2012.04.27 04:35:06.528,0.84234,0.84251,4.50,2.25
2012.04.27 04:35:08.263,0.84237,0.84252,1.50,2.25
2012.04.27 04:35:08.778,0.84238,0.84255,2.25,2.25
2012.04.27 04:35:08.970,0.84241,0.84255,1.50,1.50
2012.04.27 04:35:09.397,0.84241,0.84255,2.25,1.50
2012.04.27 04:35:09.587,0.84243,0.84259,2.25,1.50
2012.04.27 04:35:09.657,0.84245,0.84259,1.50,1.50
2012.04.27 04:35:09.727,0.84245,0.84262,3.00,2.25
2012.04.27 04:35:09.798,0.84245,0.84262,3.00,2.25
2012.04.27 04:35:10.231,0.84245,0.84257,2.25,1.50
2012.04.27 04:35:10.452,0.84244,0.84261,3.00,3.00
2012.04.27 04:35:10.716,0.84244,0.84261,3.75,2.25
2012.04.27 04:35:11.238,0.84249,0.84264,1.50,2.25
2012.04.27 04:35:12.148,0.84247,0.84262,1.50,2.25
2012.04.27 04:35:13.707,0.84247,0.84262,2.25,1.50
2012.04.27 04:35:14.076,0.84249,0.84264,1.50,2.25
2012.04.27 04:35:14.629,0.84247,0.84263,1.50,2.25
2012.04.27 04:35:15.194,0.84245,0.84261,1.50,1.50
2012.04.27 04:35:17.707,0.84246,0.84263,2.25,2.25
2012.04.27 04:35:17.959,0.84246,0.84262,2.25,1.50
2012.04.27 04:35:18.029,0.84246,0.84261,2.25,4.43
2012.04.27 04:35:18.157,0.84241,0.84256,2.25,2.25
2012.04.27 04:35:19.238,0.84241,0.84256,2.25,2.25
2012.04.27 04:35:20.883,0.84241,0.84256,2.25,3.00
2012.04.27 04:35:21.188,0.84237,0.84249,1.50,1.50
2012.04.27 04:35:21.496,0.84236,0.84249,1.50,1.50
2012.04.27 04:35:21.783,0.84236,0.84252,1.50,2.25
2012.04.27 04:35:23.858,0.84235,0.84252,2.25,3.00
2012.04.27 04:35:23.929,0.84235,0.84251,2.25,1.50
2012.04.27 04:35:24.239,0.84233,0.84246,1.50,1.50
2012.04.27 04:35:24.548,0.84236,0.84251,1.50,1.50
2012.04.27 04:35:25.077,0.84236,0.84251,2.25,1.50
2012.04.27 04:35:26.378,0.84237,0.84251,1.50,1.50
2012.04.27 04:35:26.448,0.84238,0.84253,3.00,1.50
2012.04.27 04:35:26.700,0.8424,0.84253,2.17,1.50
2012.04.27 04:35:27.020,0.84244,0.84253,2.25,1.50
2012.04.27 04:35:27.386,0.84246,0.84262,1.50,1.50
2012.04.27 04:35:28.757,0.84244,0.8426,3.75,1.50
2012.04.27 04:35:29.491,0.84246,0.84262,1.50,2.25
2012.04.27 04:35:30.068,0.84246,0.84261,2.25,1.50
2012.04.27 04:35:30.677,0.84245,0.8426,1.50,1.50
2012.04.27 04:35:32.376,0.84247,0.84264,2.25,3.00
2012.04.27 04:35:32.687,0.84245,0.84262,3.00,2.25
2012.04.27 04:35:33.247,0.84245,0.84262,1.50,3.00
2012.04.27 04:35:33.378,0.84243,0.8426,2.25,2.25
2012.04.27 04:35:33.758,0.84241,0.84258,2.25,1.50
2012.04.27 04:35:34.937,0.8424,0.84255,1.50,1.50
2012.04.27 04:35:37.737,0.8424,0.84255,2.25,1.50
2012.04.27 04:35:37.807,0.84242,0.84257,1.50,1.50
2012.04.27 04:35:38.008,0.84242,0.84257,3.00,1.50
2012.04.27 04:35:38.078,0.84246,0.84263,2.25,2.25
2012.04.27 04:35:38.147,0.84246,0.84263,1.50,2.25
2012.04.27 04:35:40.186,0.84245,0.8426,1.50,1.50
2012.04.27 04:35:43.920,0.84245,0.8426,3.75,1.50
2012.04.27 04:35:44.077,0.84245,0.8426,3.75,1.50
2012.04.27 04:35:44.675,0.84247,0.84262,1.50,1.50
2012.04.27 04:35:49.696,0.84247,0.84262,2.25,1.50
2012.04.27 04:35:49.889,0.84252,0.84267,1.50,3.00
2012.04.27 04:35:50.258,0.84254,0.84267,1.50,2.25
2012.04.27 04:35:50.579,0.84259,0.84272,2.17,1.50
2012.04.27 04:35:50.721,0.84259,0.84276,5.17,3.00
2012.04.27 04:35:50.979,0.84264,0.84276,2.17,1.50
2012.04.27 04:35:51.049,0.84264,0.84278,2.17,1.50
2012.04.27 04:35:51.477,0.84266,0.8428,1.50,1.50
2012.04.27 04:35:51.578,0.84268,0.8428,2.17,1.50
2012.04.27 04:35:52.136,0.84268,0.84279,2.17,1.50
2012.04.27 04:35:52.579,0.84271,0.84279,2.17,1.50
2012.04.27 04:35:53.042,0.84271,0.84284,2.92,1.50
2012.04.27 04:35:53.549,0.84266,0.8428,1.50,1.50
2012.04.27 04:35:54.092,0.84264,0.84277,3.00,1.50
2012.04.27 04:35:54.407,0.84265,0.8428,2.25,1.50
2012.04.27 04:35:54.538,0.8426,0.84273,1.13,1.50
2012.04.27 04:35:54.608,0.84261,0.84273,1.13,1.50
2012.04.27 04:35:54.677,0.84265,0.84282,2.25,3.00
2012.04.27 04:35:55.217,0.84262,0.84279,2.25,2.25
2012.04.27 04:35:55.837,0.84266,0.84279,1.50,3.75
2012.04.27 04:35:55.906,0.84262,0.84279,2.25,3.75
2012.04.27 04:35:56.494,0.8426,0.84277,2.25,1.50
2012.04.27 04:35:56.568,0.84261,0.84274,1.50,1.50
2012.04.27 04:35:56.759,0.84261,0.84277,1.50,1.50
2012.04.27 04:35:57.306,0.84261,0.84276,2.25,1.50
2012.04.27 04:35:58.218,0.84261,0.84276,2.25,1.50
2012.04.27 04:35:58.287,0.84259,0.84274,3.00,1.50
2012.04.27 04:35:59.187,0.84259,0.84274,3.00,1.50
2012.04.27 04:35:59.437,0.84259,0.84274,2.25,1.50
2012.04.27 04:35:59.749,0.84256,0.8427,1.50,1.50
2012.04.27 04:36:00.257,0.84253,0.84269,1.50,1.50
2012.04.27 04:36:04.146,0.84253,0.84269,1.50,1.50
2012.04.27 04:36:06.027,0.84252,0.84269,2.25,1.50
2012.04.27 04:36:06.551,0.84252,0.84269,1.50,2.25
2012.04.27 04:36:07.219,0.84252,0.84269,1.50,2.25
2012.04.27 04:36:07.288,0.84251,0.84266,2.25,1.50
2012.04.27 04:36:07.601,0.84249,0.84261,1.50,1.50
2012.04.27 04:36:08.207,0.84247,0.84261,2.92,1.50
2012.04.27 04:36:08.719,0.84247,0.8426,2.17,2.25
2012.04.27 04:36:08.789,0.84244,0.8426,1.50,2.25
2012.04.27 04:36:08.929,0.84243,0.8426,3.00,3.75
2012.04.27 04:36:08.999,0.84243,0.84257,1.50,1.50
2012.04.27 04:36:09.329,0.84241,0.84255,1.50,1.50
2012.04.27 04:36:09.589,0.84241,0.84255,1.50,1.50
2012.04.27 04:36:09.779,0.8424,0.84257,2.25,2.25
2012.04.27 04:36:10.251,0.8424,0.84257,2.25,2.25
2012.04.27 04:36:10.321,0.8424,0.84257,1.50,1.50
2012.04.27 04:36:11.033,0.8424,0.84257,2.25,1.50
2012.04.27 04:36:11.113,0.84239,0.84254,3.00,1.50
2012.04.27 04:36:11.680,0.84239,0.84254,3.00,1.50
2012.04.27 04:36:11.751,0.8424,0.84257,2.25,3.00
2012.04.27 04:36:13.278,0.8424,0.84256,1.50,1.50
2012.04.27 04:36:13.351,0.8424,0.84257,2.25,2.25
2012.04.27 04:36:13.418,0.8424,0.84254,2.25,2.18
2012.04.27 04:36:13.730,0.8424,0.84257,2.25,2.25
2012.04.27 04:36:14.289,0.8424,0.84257,3.00,1.50
2012.04.27 04:36:14.817,0.8424,0.84255,1.50,1.50
2012.04.27 04:36:15.611,0.84241,0.84255,1.50,1.50
2012.04.27 04:36:16.156,0.84241,0.84256,3.75,1.50
2012.04.27 04:36:16.709,0.84243,0.84258,2.25,1.50
2012.04.27 04:36:17.258,0.84241,0.84257,2.25,1.50
2012.04.27 04:36:19.152,0.84242,0.84257,1.50,1.50
2012.04.27 04:36:20.529,0.84244,0.84257,1.50,1.50
2012.04.27 04:36:20.601,0.84246,0.84257,1.50,1.50
2012.04.27 04:36:21.116,0.84246,0.84258,1.50,1.50
2012.04.27 04:36:21.666,0.84246,0.84261,2.25,1.50
2012.04.27 04:36:21.856,0.84245,0.84258,1.50,1.50
2012.04.27 04:36:23.641,0.84247,0.84258,1.50,1.50
2012.04.27 04:36:23.767,0.84247,0.84263,1.50,1.50
2012.04.27 04:36:25.840,0.84249,0.84263,1.50,1.50
2012.04.27 04:36:26.280,0.8425,0.84265,1.50,1.50
2012.04.27 04:36:26.728,0.8425,0.84265,2.25,1.50
2012.04.27 04:36:26.981,0.8425,0.84265,1.50,1.50
2012.04.27 04:36:27.240,0.8425,0.84263,1.50,1.50
2012.04.27 04:36:27.610,0.8425,0.84266,1.50,3.00
2012.04.27 04:36:27.811,0.84249,0.84263,2.25,1.50
2012.04.27 04:36:28.232,0.84253,0.84269,1.50,1.50
2012.04.27 04:36:28.306,0.84252,0.84264,1.50,1.50
2012.04.27 04:36:28.889,0.84252,0.84267,2.25,1.50
2012.04.27 04:36:35.770,0.84256,0.84267,1.50,1.50
2012.04.27 04:36:35.899,0.84255,0.84272,1.50,3.00
2012.04.27 04:36:36.086,0.84253,0.84266,1.50,1.50
2012.04.27 04:36:39.262,0.84252,0.84266,1.50,1.50
2012.04.27 04:36:42.376,0.84251,0.84266,3.75,1.50
2012.04.27 04:36:42.447,0.84251,0.84266,3.75,1.50
2012.04.27 04:36:42.576,0.84251,0.84266,3.75,1.50
2012.04.27 04:36:42.652,0.84251,0.84264,2.25,1.50
2012.04.27 04:36:43.187,0.84251,0.84263,1.50,1.50
2012.04.27 04:36:43.896,0.84249,0.84263,2.25,1.50
2012.04.27 04:36:44.207,0.84248,0.8426,2.25,1.50
2012.04.27 04:36:55.076,0.84249,0.84261,1.50,1.50
2012.04.27 04:36:55.907,0.84248,0.8426,1.50,1.50
2012.04.27 04:36:56.375,0.84248,0.84262,1.50,1.50
2012.04.27 04:36:57.878,0.84248,0.84263,4.50,1.50
2012.04.27 04:36:58.067,0.8425,0.84265,1.50,1.50
2012.04.27 04:36:58.137,0.8425,0.84265,2.25,1.50
2012.04.27 04:36:58.475,0.84254,0.84269,1.50,2.25
2012.04.27 04:36:59.195,0.84252,0.84267,3.00,2.25
2012.04.27 04:36:59.777,0.84249,0.84264,2.25,1.50
2012.04.27 04:37:00.089,0.84247,0.84262,2.25,1.50
2012.04.27 04:37:00.551,0.84246,0.84261,1.50,1.50
2012.04.27 04:37:01.007,0.84249,0.84264,1.50,2.25
2012.04.27 04:37:01.547,0.8425,0.84267,1.50,2.25
2012.04.27 04:37:02.659,0.8425,0.84267,3.00,2.25
2012.04.27 04:37:02.730,0.84251,0.84267,2.25,2.25
2012.04.27 04:37:02.921,0.84253,0.8427,3.00,2.25
2012.04.27 04:37:03.117,0.84255,0.8427,2.25,2.25
2012.04.27 04:37:03.307,0.84252,0.84267,1.50,2.25
2012.04.27 04:37:03.377,0.84252,0.84267,1.50,2.25
2012.04.27 04:37:03.452,0.84249,0.84268,2.25,1.50
2012.04.27 04:37:03.831,0.84249,0.84268,3.00,1.50
2012.04.27 04:37:03.970,0.84251,0.8427,1.50,2.25
2012.04.27 04:37:04.719,0.8425,0.84269,1.50,2.25
2012.04.27 04:37:04.793,0.8425,0.84268,2.25,2.25
2012.04.27 04:37:05.297,0.8425,0.84268,1.50,2.25
2012.04.27 04:37:05.856,0.84251,0.8427,1.50,2.25
2012.04.27 04:37:06.847,0.8425,0.84268,1.50,2.25
2012.04.27 04:37:10.493,0.8425,0.84267,3.00,2.25
2012.04.27 04:37:10.748,0.84248,0.84265,3.75,2.25
2012.04.27 04:37:11.191,0.84248,0.84265,3.75,2.25
2012.04.27 04:37:11.747,0.84248,0.84265,2.25,2.25
2012.04.27 04:37:11.816,0.84248,0.84265,2.25,2.25
2012.04.27 04:37:14.228,0.84247,0.84262,2.25,1.50
2012.04.27 04:37:14.736,0.84247,0.84262,2.25,2.25
2012.04.27 04:37:15.648,0.84243,0.84258,1.50,2.25
2012.04.27 04:37:15.777,0.8424,0.84256,1.50,1.50
2012.04.27 04:37:16.146,0.84243,0.8426,1.50,2.25
2012.04.27 04:37:16.789,0.84242,0.84257,1.50,2.25
2012.04.27 04:37:17.440,0.84239,0.84256,2.25,1.50
2012.04.27 04:37:19.849,0.84239,0.84256,2.25,1.50
2012.04.27 04:37:20.158,0.84237,0.84254,2.25,1.50
2012.04.27 04:37:22.852,0.84236,0.84251,3.00,1.50
2012.04.27 04:37:24.206,0.84238,0.84253,2.25,1.50
2012.04.27 04:37:25.650,0.84237,0.84251,2.25,1.50
2012.04.27 04:37:26.018,0.84237,0.84254,2.25,2.25
2012.04.27 04:37:26.608,0.84236,0.84252,1.50,1.50
2012.04.27 04:37:27.181,0.84237,0.84254,2.25,2.25
2012.04.27 04:37:27.851,0.84237,0.84254,2.25,2.25
2012.04.27 04:37:29.226,0.84237,0.84254,2.25,2.25
2012.04.27 04:37:29.820,0.84237,0.84251,2.25,1.50
2012.04.27 04:37:30.659,0.84239,0.84254,1.50,2.25
2012.04.27 04:37:32.594,0.84239,0.84254,2.25,2.25
2012.04.27 04:37:32.969,0.84241,0.84257,1.50,2.25
2012.04.27 04:37:33.038,0.84241,0.84257,1.50,2.25
2012.04.27 04:37:33.106,0.84239,0.84253,1.50,1.50
2012.04.27 04:37:40.628,0.84237,0.84251,1.50,1.50
2012.04.27 04:37:52.116,0.84236,0.84251,3.00,1.50
2012.04.27 04:37:52.669,0.84232,0.84247,3.00,1.50
2012.04.27 04:37:53.148,0.84232,0.84246,2.25,1.50
2012.04.27 04:37:53.477,0.84228,0.84241,1.50,1.50
2012.04.27 04:37:54.131,0.84228,0.84241,1.50,1.50
2012.04.27 04:37:54.670,0.84226,0.84243,3.00,1.50
2012.04.27 04:37:55.230,0.84226,0.84241,1.50,1.50
2012.04.27 04:37:55.538,0.84226,0.84243,1.50,2.25
2012.04.27 04:37:58.570,0.84227,0.84245,1.50,1.50
2012.04.27 04:37:59.166,0.84227,0.84241,1.50,1.50
2012.04.27 04:37:59.877,0.84227,0.84241,1.50,1.50
2012.04.27 04:38:00.478,0.84227,0.8424,1.50,1.50
2012.04.27 04:38:01.829,0.84223,0.84238,2.25,1.50
2012.04.27 04:38:01.959,0.84223,0.84241,1.50,2.25
2012.04.27 04:38:02.161,0.8422,0.84236,1.50,2.25
2012.04.27 04:38:02.351,0.8422,0.84234,1.50,1.50
2012.04.27 04:38:02.420,0.84219,0.84234,2.25,1.50
2012.04.27 04:38:03.181,0.84218,0.84234,3.00,1.50
2012.04.27 04:38:03.266,0.84221,0.84239,3.00,2.25
2012.04.27 04:38:03.771,0.84221,0.84239,3.00,1.50
2012.04.27 04:38:04.417,0.84223,0.84239,1.50,1.50
2012.04.27 04:38:04.549,0.84223,0.84239,1.50,1.50
2012.04.27 04:38:05.489,0.84221,0.84235,1.50,1.50
2012.04.27 04:38:05.558,0.84221,0.84235,1.50,2.25
2012.04.27 04:38:06.541,0.84223,0.84234,1.50,1.50
2012.04.27 04:38:07.067,0.84223,0.84232,1.50,1.50
2012.04.27 04:38:07.143,0.84223,0.84234,1.50,1.50
2012.04.27 04:38:07.688,0.84224,0.84234,1.50,1.50
2012.04.27 04:38:08.387,0.84225,0.84235,1.50,1.50
2012.04.27 04:38:09.123,0.84222,0.84235,1.50,1.50
2012.04.27 04:38:11.287,0.84222,0.84237,1.50,1.50
2012.04.27 04:38:11.895,0.84222,0.84237,2.25,1.50
2012.04.27 04:38:12.446,0.84222,0.84237,1.50,1.50
2012.04.27 04:38:13.887,0.84221,0.84235,2.92,1.50
2012.04.27 04:38:16.000,0.84221,0.84235,1.50,1.50
2012.04.27 04:38:17.395,0.8422,0.84237,2.25,1.50
2012.04.27 04:38:22.349,0.8422,0.84237,2.25,2.25
2012.04.27 04:38:22.669,0.84218,0.8423,1.50,1.50
2012.04.27 04:38:22.738,0.84218,0.8423,1.50,1.50
2012.04.27 04:38:22.809,0.84218,0.84232,1.50,1.50
2012.04.27 04:38:23.284,0.84218,0.84233,3.00,2.25
2012.04.27 04:38:23.727,0.84218,0.84233,2.25,2.25
2012.04.27 04:38:25.543,0.84223,0.84236,1.50,1.50
2012.04.27 04:38:25.677,0.8422,0.84236,1.50,1.50
2012.04.27 04:38:26.182,0.8422,0.84236,1.50,1.50
2012.04.27 04:38:26.808,0.84223,0.84236,1.50,1.50
2012.04.27 04:38:29.865,0.84221,0.84236,1.50,3.00
2012.04.27 04:38:32.670,0.84219,0.84234,1.50,2.25
2012.04.27 04:38:34.586,0.8422,0.84234,1.50,1.50
2012.04.27 04:38:37.428,0.84218,0.84234,1.50,1.50
2012.04.27 04:38:38.876,0.84217,0.84234,1.50,3.00
2012.04.27 04:38:39.007,0.84217,0.84231,1.50,1.50
2012.04.27 04:38:39.317,0.84217,0.84234,3.00,2.25
2012.04.27 04:38:39.836,0.84217,0.84234,3.00,1.50
2012.04.27 04:38:39.910,0.84217,0.84237,1.50,3.00
2012.04.27 04:38:40.147,0.84217,0.84237,1.50,3.00
2012.04.27 04:38:40.796,0.84215,0.84235,1.50,2.25
2012.04.27 04:38:40.869,0.84215,0.84233,1.50,1.50
2012.04.27 04:38:41.447,0.84216,0.84233,1.50,1.50
2012.04.27 04:38:41.517,0.84216,0.84235,1.50,2.25
2012.04.27 04:38:42.031,0.84216,0.84235,1.50,2.25
2012.04.27 04:38:42.632,0.84217,0.84234,1.50,1.50
2012.04.27 04:38:42.706,0.84217,0.84235,1.50,1.50
2012.04.27 04:38:42.780,0.84217,0.84236,2.25,2.25
2012.04.27 04:38:42.908,0.84218,0.84238,1.50,2.25
2012.04.27 04:38:43.470,0.84221,0.84236,2.17,1.50
2012.04.27 04:38:43.540,0.8422,0.84236,1.50,1.50
2012.04.27 04:38:43.667,0.84219,0.84233,1.50,1.50
2012.04.27 04:38:43.977,0.84218,0.8423,1.50,1.50
2012.04.27 04:38:44.318,0.84215,0.8423,2.25,1.50
2012.04.27 04:38:44.592,0.84214,0.84226,1.50,1.50
2012.04.27 04:38:44.847,0.84212,0.84228,1.50,1.50
2012.04.27 04:38:45.278,0.84214,0.8423,1.50,1.50
2012.04.27 04:38:45.410,0.84212,0.84226,2.25,1.50
2012.04.27 04:38:45.739,0.8421,0.84226,3.00,2.25
2012.04.27 04:38:46.271,0.84211,0.84226,1.50,1.50
2012.04.27 04:38:47.597,0.84211,0.84226,2.25,1.50
2012.04.27 04:38:48.250,0.84211,0.84224,2.25,1.50
2012.04.27 04:38:50.587,0.84211,0.84226,3.00,1.50
2012.04.27 04:38:56.249,0.84214,0.84226,1.50,1.50
2012.04.27 04:38:56.320,0.84213,0.84226,2.25,1.50
2012.04.27 04:38:56.510,0.84215,0.84228,1.50,1.50
2012.04.27 04:38:56.650,0.84216,0.8423,2.92,1.50
2012.04.27 04:38:57.245,0.84219,0.84235,3.00,2.25
2012.04.27 04:38:57.569,0.84223,0.8424,1.50,5.18
2012.04.27 04:38:57.710,0.84225,0.84241,1.50,2.25
2012.04.27 04:38:58.207,0.84222,0.8424,1.50,2.25
2012.04.27 04:38:58.710,0.84223,0.84241,1.50,2.25
2012.04.27 04:38:59.978,0.84223,0.84241,2.25,2.25
2012.04.27 04:39:00.299,0.84228,0.84241,2.25,2.25
2012.04.27 04:39:00.438,0.84231,0.84247,3.00,2.25
2012.04.27 04:39:01.110,0.84231,0.84247,2.25,2.25
2012.04.27 04:39:06.355,0.84231,0.84244,1.50,2.25
2012.04.27 04:39:06.500,0.84229,0.84244,2.25,2.25
2012.04.27 04:39:07.530,0.8423,0.84245,1.50,2.25
2012.04.27 04:39:08.678,0.84231,0.84247,1.50,2.25
2012.04.27 04:39:09.636,0.84233,0.84244,2.25,2.25
2012.04.27 04:39:09.709,0.84233,0.84244,2.25,2.25
2012.04.27 04:39:10.269,0.84232,0.84249,2.92,2.25
2012.04.27 04:39:10.743,0.8423,0.84245,1.50,2.25
2012.04.27 04:39:10.814,0.84229,0.84246,3.00,2.25
2012.04.27 04:39:11.557,0.84229,0.84246,2.25,2.25
2012.04.27 04:39:12.326,0.84232,0.84247,1.50,2.25
2012.04.27 04:39:13.041,0.84226,0.84242,2.25,2.25
2012.04.27 04:39:13.472,0.8423,0.84244,2.17,2.25
2012.04.27 04:39:13.850,0.8423,0.84244,2.17,2.25
2012.04.27 04:39:14.429,0.84226,0.84244,2.25,2.25
2012.04.27 04:39:15.211,0.84226,0.84244,2.25,2.25
2012.04.27 04:39:18.067,0.84229,0.8424,2.17,2.25
2012.04.27 04:39:18.687,0.84229,0.84238,2.92,1.50
2012.04.27 04:39:19.196,0.84226,0.84239,1.50,2.25
2012.04.27 04:39:19.412,0.84226,0.84236,1.50,1.50
2012.04.27 04:39:19.930,0.84223,0.84238,1.50,2.25
2012.04.27 04:39:22.272,0.84223,0.84237,2.17,2.25
2012.04.27 04:39:22.808,0.84225,0.8424,1.50,2.25
2012.04.27 04:39:24.188,0.84224,0.84239,1.50,2.25
2012.04.27 04:39:24.738,0.84224,0.84238,1.50,2.25
2012.04.27 04:39:24.807,0.84224,0.84238,1.50,2.25
2012.04.27 04:39:25.000,0.84224,0.84238,1.50,2.25
2012.04.27 04:39:25.198,0.84224,0.8424,3.00,2.25
2012.04.27 04:39:25.617,0.84224,0.8424,3.00,2.25
2012.04.27 04:39:26.131,0.84222,0.84239,3.00,2.25
2012.04.27 04:39:26.202,0.84222,0.84239,3.00,2.25
2012.04.27 04:39:26.450,0.84222,0.84235,1.50,1.50
2012.04.27 04:39:26.640,0.8422,0.84237,3.00,2.25
2012.04.27 04:39:26.708,0.84221,0.84237,1.50,2.25
2012.04.27 04:39:27.259,0.84224,0.84236,1.50,1.50
2012.04.27 04:39:28.811,0.84224,0.84237,1.50,1.50
2012.04.27 04:39:29.351,0.84219,0.84236,4.50,2.25
2012.04.27 04:39:30.427,0.84223,0.84238,1.50,2.25
2012.04.27 04:39:30.948,0.84223,0.84239,3.00,2.25
2012.04.27 04:39:31.217,0.84225,0.84242,3.00,2.25
2012.04.27 04:39:31.629,0.84225,0.8424,2.25,1.50
2012.04.27 04:39:31.937,0.84225,0.84238,1.50,1.50
2012.04.27 04:39:32.959,0.84224,0.84238,1.50,1.50
2012.04.27 04:39:33.146,0.84225,0.8424,1.50,1.50
2012.04.27 04:39:34.329,0.84225,0.8424,2.25,1.50
2012.04.27 04:39:34.817,0.84224,0.84238,3.67,1.50
2012.04.27 04:39:36.378,0.84223,0.84238,3.00,1.50
2012.04.27 04:39:36.778,0.84225,0.8424,1.50,1.50
2012.04.27 04:39:37.626,0.84223,0.84239,1.50,1.50
2012.04.27 04:39:38.087,0.84224,0.84236,2.25,1.50
2012.04.27 04:39:39.658,0.84222,0.84236,2.25,1.50
2012.04.27 04:39:40.758,0.84223,0.84238,2.25,1.50
2012.04.27 04:39:41.192,0.84223,0.84238,3.00,1.50
2012.04.27 04:39:42.486,0.84223,0.84238,3.00,1.50
2012.04.27 04:39:43.125,0.84223,0.84238,3.75,1.50
2012.04.27 04:39:43.651,0.84224,0.8424,3.00,1.50
2012.04.27 04:39:43.780,0.84224,0.84237,1.50,1.50
2012.04.27 04:39:44.110,0.84222,0.84235,2.25,1.50
2012.04.27 04:39:44.656,0.84222,0.84236,1.50,1.50
2012.04.27 04:39:47.103,0.84222,0.84236,1.50,1.50
2012.04.27 04:39:48.061,0.84223,0.84239,1.50,2.25
2012.04.27 04:39:48.599,0.84224,0.84241,1.50,2.25
2012.04.27 04:39:49.286,0.84223,0.84238,3.75,1.50
2012.04.27 04:39:50.997,0.84225,0.8424,1.50,2.25
2012.04.27 04:39:51.128,0.84223,0.84239,1.50,1.50
2012.04.27 04:39:51.200,0.84224,0.84241,2.25,2.25
2012.04.27 04:39:52.230,0.84224,0.84241,2.25,2.25
2012.04.27 04:39:53.229,0.84224,0.84241,2.25,2.25
2012.04.27 04:39:53.660,0.84224,0.8424,2.25,2.25
2012.04.27 04:39:53.977,0.84227,0.84238,1.50,1.50
2012.04.27 04:39:54.511,0.84225,0.84238,1.50,1.50
2012.04.27 04:39:54.779,0.84224,0.84234,1.50,1.50
2012.04.27 04:39:55.029,0.8422,0.84232,1.50,2.18
2012.04.27 04:39:55.577,0.84219,0.84234,1.50,2.25
2012.04.27 04:39:55.830,0.84215,0.8423,3.00,1.50
2012.04.27 04:40:00.077,0.84217,0.84232,2.25,1.50
2012.04.27 04:40:00.147,0.84217,0.84232,2.25,1.50
2012.04.27 04:40:02.067,0.84218,0.84232,1.50,1.50
2012.04.27 04:40:03.286,0.84218,0.84232,1.50,1.50
2012.04.27 04:40:03.783,0.84218,0.8423,1.50,1.50
2012.04.27 04:40:04.088,0.84217,0.8423,2.25,1.50
2012.04.27 04:40:04.161,0.84217,0.84234,3.75,2.25
2012.04.27 04:40:04.230,0.84217,0.84234,3.00,2.25
2012.04.27 04:40:04.423,0.84213,0.84228,1.50,2.25
2012.04.27 04:40:04.671,0.84213,0.84228,1.50,3.00
2012.04.27 04:40:04.999,0.84212,0.84225,1.50,1.50
2012.04.27 04:40:05.608,0.84212,0.84221,1.50,1.50
2012.04.27 04:40:05.680,0.84206,0.84221,1.50,1.50
2012.04.27 04:40:05.751,0.842,0.84221,1.50,1.50
2012.04.27 04:40:05.938,0.842,0.8422,1.50,2.25
2012.04.27 04:40:06.007,0.842,0.84217,1.50,1.50
2012.04.27 04:40:06.519,0.84202,0.84219,1.50,2.25
2012.04.27 04:40:07.132,0.84202,0.84221,1.50,2.25
2012.04.27 04:40:08.178,0.84203,0.84222,1.50,1.50
2012.04.27 04:40:11.009,0.84201,0.84219,2.92,2.93
2012.04.27 04:40:11.086,0.84199,0.84219,1.50,2.93
2012.04.27 04:40:11.469,0.84198,0.84216,1.50,1.50
2012.04.27 04:40:11.598,0.84198,0.84216,1.50,1.50
2012.04.27 04:40:12.018,0.84198,0.84216,1.50,2.25
2012.04.27 04:40:12.793,0.84198,0.84215,1.50,1.50
2012.04.27 04:40:12.870,0.84195,0.84216,1.50,2.25
2012.04.27 04:40:13.010,0.84194,0.84211,1.50,2.93
2012.04.27 04:40:13.201,0.84193,0.84201,1.50,2.18
2012.04.27 04:40:13.839,0.84183,0.84193,1.50,1.50
2012.04.27 04:40:13.915,0.84178,0.84197,2.25,3.00
2012.04.27 04:40:14.748,0.84179,0.84196,2.25,1.50
2012.04.27 04:40:15.199,0.84179,0.84194,2.25,1.50
2012.04.27 04:40:17.974,0.84178,0.84197,3.75,2.25
2012.04.27 04:40:19.037,0.84178,0.84194,3.00,1.50
2012.04.27 04:40:19.839,0.8418,0.84197,2.25,2.25
2012.04.27 04:40:20.030,0.84182,0.84197,1.50,1.50
2012.04.27 04:40:20.401,0.84182,0.84201,3.75,2.25
2012.04.27 04:40:20.538,0.84182,0.84199,2.25,1.50
2012.04.27 04:40:20.870,0.84188,0.84204,1.50,2.25
2012.04.27 04:40:21.373,0.8419,0.84204,1.50,4.43
2012.04.27 04:40:25.308,0.84189,0.84204,1.50,2.93
2012.04.27 04:40:27.329,0.84186,0.84203,1.50,2.25
2012.04.27 04:40:27.399,0.84184,0.84197,1.50,1.50
2012.04.27 04:40:27.588,0.84183,0.84199,1.50,1.50
2012.04.27 04:40:28.865,0.84183,0.84199,3.00,1.50
2012.04.27 04:40:29.380,0.84184,0.842,2.25,2.25
2012.04.27 04:40:29.687,0.84183,0.84197,1.50,1.50
2012.04.27 04:40:30.088,0.84183,0.842,1.50,2.25
2012.04.27 04:40:30.881,0.84183,0.842,1.50,2.25
2012.04.27 04:40:31.551,0.84182,0.842,3.75,2.25
2012.04.27 04:40:32.060,0.84182,0.842,3.75,1.50
2012.04.27 04:40:32.488,0.84182,0.84198,1.50,1.50
2012.04.27 04:40:32.561,0.84182,0.84198,1.50,1.50
2012.04.27 04:40:33.219,0.84182,0.84198,1.50,1.50
2012.04.27 04:40:33.408,0.84182,0.84196,1.50,1.50
2012.04.27 04:40:34.210,0.8418,0.84196,3.00,1.50
2012.04.27 04:40:34.755,0.8418,0.84195,2.25,1.50
2012.04.27 04:40:35.780,0.84178,0.84191,1.50,1.50
2012.04.27 04:40:35.851,0.84179,0.84194,2.25,1.50
2012.04.27 04:40:36.218,0.84177,0.84193,2.25,2.25
2012.04.27 04:40:36.589,0.84177,0.84193,3.00,3.67
2012.04.27 04:40:37.014,0.84177,0.84193,2.25,1.50
2012.04.27 04:40:37.329,0.84175,0.84191,1.50,1.50
2012.04.27 04:40:38.141,0.84173,0.8419,1.50,1.50
2012.04.27 04:40:38.782,0.84174,0.84191,2.25,3.00
2012.04.27 04:40:39.110,0.8417,0.84187,2.25,3.00
2012.04.27 04:40:39.423,0.84168,0.84181,2.25,2.93
2012.04.27 04:40:39.748,0.84167,0.84179,1.50,3.68
2012.04.27 04:40:39.881,0.8416,0.84177,2.25,2.25
2012.04.27 04:40:40.023,0.8416,0.84176,1.50,1.50
2012.04.27 04:40:40.281,0.84157,0.84172,1.50,1.50
2012.04.27 04:40:40.354,0.84156,0.84168,1.50,1.50
2012.04.27 04:40:40.431,0.84156,0.8417,1.50,1.50
2012.04.27 04:40:41.111,0.84156,0.8417,1.50,1.50
2012.04.27 04:40:41.187,0.84158,0.84173,1.50,2.25
2012.04.27 04:40:42.559,0.8416,0.84174,1.50,3.00
2012.04.27 04:40:43.109,0.8416,0.84174,1.50,3.75
2012.04.27 04:40:43.431,0.84155,0.8417,2.25,1.50
2012.04.27 04:40:43.558,0.84153,0.84168,1.50,1.50
2012.04.27 04:40:43.911,0.84148,0.84163,3.00,1.50
2012.04.27 04:40:44.239,0.84146,0.84161,2.63,1.50
2012.04.27 04:40:44.779,0.84146,0.84161,1.50,2.25
2012.04.27 04:40:45.108,0.84134,0.84148,1.50,2.25
2012.04.27 04:40:45.422,0.84134,0.84151,3.00,1.50
2012.04.27 04:40:45.490,0.84137,0.84152,1.50,3.00
2012.04.27 04:40:45.797,0.84137,0.84152,1.50,3.00
2012.04.27 04:40:46.226,0.84134,0.84151,2.25,2.25
2012.04.27 04:40:46.296,0.84134,0.84151,1.50,3.00
2012.04.27 04:40:46.936,0.84134,0.84151,1.50,5.18
2012.04.27 04:40:47.486,0.84134,0.84151,1.50,5.18
2012.04.27 04:40:48.512,0.84135,0.84151,1.50,3.00
2012.04.27 04:40:48.649,0.84139,0.84151,1.50,1.50
2012.04.27 04:40:49.322,0.84136,0.84153,1.50,3.75
2012.04.27 04:40:49.821,0.84136,0.84151,1.50,2.17
2012.04.27 04:40:49.891,0.84134,0.84151,1.50,2.17
2012.04.27 04:40:49.959,0.84132,0.8415,1.50,1.50
2012.04.27 04:40:50.090,0.84134,0.8415,1.50,1.50
2012.04.27 04:40:50.289,0.84134,0.84154,2.25,1.50
2012.04.27 04:40:50.789,0.84143,0.84153,1.50,1.50
2012.04.27 04:40:51.299,0.84137,0.84153,1.50,1.50
2012.04.27 04:40:51.741,0.84137,0.8415,1.50,2.17
2012.04.27 04:40:52.067,0.84145,0.84157,1.50,2.25
2012.04.27 04:40:52.629,0.84145,0.84157,1.50,1.50
2012.04.27 04:40:53.879,0.84143,0.84158,1.50,2.93
2012.04.27 04:40:54.068,0.84143,0.8416,1.50,5.18
2012.04.27 04:40:54.662,0.84143,0.8416,2.25,4.43
2012.04.27 04:40:59.729,0.84143,0.8416,2.25,3.68
2012.04.27 04:40:59.918,0.84146,0.84163,1.50,5.93
2012.04.27 04:41:00.529,0.84141,0.84156,1.50,1.50
2012.04.27 04:41:01.198,0.84141,0.84156,1.50,1.50
2012.04.27 04:41:01.757,0.84142,0.84157,2.25,1.50
2012.04.27 04:41:03.949,0.8414,0.84155,3.00,1.50
2012.04.27 04:41:04.088,0.8414,0.84155,2.25,1.50
2012.04.27 04:41:06.948,0.84143,0.84155,2.25,1.50
2012.04.27 04:41:07.093,0.84147,0.84155,1.50,1.50
2012.04.27 04:41:07.289,0.84149,0.84164,5.17,2.25
2012.04.27 04:41:07.421,0.84151,0.84167,2.25,1.13
2012.04.27 04:41:07.670,0.84154,0.84168,1.50,2.25
2012.04.27 04:41:07.798,0.8415,0.84167,4.50,1.50
2012.04.27 04:41:09.118,0.84153,0.84168,1.50,1.50
2012.04.27 04:41:10.732,0.84153,0.84169,1.50,1.50
2012.04.27 04:41:10.861,0.84153,0.8417,1.50,3.75
2012.04.27 04:41:11.912,0.84153,0.84168,1.50,1.50
2012.04.27 04:41:13.308,0.84153,0.84169,1.50,2.25
2012.04.27 04:41:14.232,0.84153,0.84169,1.50,1.50
2012.04.27 04:41:14.881,0.84151,0.84168,3.00,2.25
2012.04.27 04:41:15.209,0.84146,0.8416,1.50,1.50
2012.04.27 04:41:15.715,0.84149,0.84168,2.25,3.00
2012.04.27 04:41:15.848,0.84149,0.84168,2.25,3.75
2012.04.27 04:41:16.214,0.84149,0.84167,2.25,1.50
2012.04.27 04:41:17.123,0.84149,0.84168,1.50,1.50
2012.04.27 04:41:17.311,0.84152,0.84169,1.50,1.50
2012.04.27 04:41:17.867,0.84152,0.8417,1.50,2.25
2012.04.27 04:41:18.310,0.84155,0.8417,1.50,1.50
2012.04.27 04:41:18.437,0.84155,0.84172,2.25,1.50
2012.04.27 04:41:18.568,0.84155,0.84172,2.25,1.50
2012.04.27 04:41:19.334,0.84156,0.84173,1.50,1.50
2012.04.27 04:41:19.549,0.84157,0.84172,1.50,1.50
2012.04.27 04:41:19.678,0.84158,0.84177,2.25,2.25
2012.04.27 04:41:20.191,0.8416,0.84177,1.50,2.25
2012.04.27 04:41:20.260,0.8416,0.84177,1.50,2.25
2012.04.27 04:41:20.834,0.8416,0.84178,2.25,1.50
2012.04.27 04:41:21.341,0.8416,0.84179,2.25,1.50
2012.04.27 04:41:21.729,0.84158,0.84177,1.50,1.50
2012.04.27 04:41:22.230,0.84158,0.84177,1.50,1.50
2012.04.27 04:41:22.752,0.84157,0.84176,1.50,2.25
2012.04.27 04:41:23.267,0.84155,0.84176,3.00,2.25
2012.04.27 04:41:23.459,0.84155,0.84171,2.25,1.50
2012.04.27 04:41:23.711,0.84151,0.84169,1.50,1.50
2012.04.27 04:41:23.897,0.8415,0.8417,3.00,2.25
2012.04.27 04:41:23.970,0.8415,0.8417,2.25,2.25
2012.04.27 04:41:24.041,0.84158,0.8417,1.50,2.25
2012.04.27 04:41:24.359,0.84157,0.84167,1.50,1.50
2012.04.27 04:41:24.610,0.84157,0.84171,1.50,1.50
2012.04.27 04:41:24.678,0.84157,0.84172,2.25,3.00
2012.04.27 04:41:25.228,0.84157,0.84172,2.25,2.25
2012.04.27 04:41:25.729,0.84157,0.84172,2.25,2.25
2012.04.27 04:41:26.249,0.84157,0.84172,2.25,1.50
2012.04.27 04:41:26.917,0.84158,0.84173,2.25,2.25
2012.04.27 04:41:26.989,0.8416,0.84173,1.50,2.25
2012.04.27 04:41:27.757,0.8416,0.84174,1.50,2.25
2012.04.27 04:41:27.987,0.8416,0.84174,1.50,2.25
2012.04.27 04:41:28.199,0.8416,0.84174,1.50,2.25
2012.04.27 04:41:29.180,0.8416,0.84174,1.50,2.25
2012.04.27 04:41:29.421,0.8416,0.84174,1.50,1.50
2012.04.27 04:41:29.549,0.84163,0.84176,1.50,1.50
2012.04.27 04:41:30.098,0.84165,0.84177,1.50,1.50
2012.04.27 04:41:30.170,0.84165,0.84178,1.50,1.50
2012.04.27 04:41:30.659,0.84167,0.84178,1.50,1.50
2012.04.27 04:41:31.506,0.84167,0.84177,1.50,1.50
2012.04.27 04:41:31.938,0.84167,0.8418,1.50,2.25
2012.04.27 04:41:32.467,0.84169,0.84179,1.50,1.50
2012.04.27 04:41:33.020,0.84169,0.84179,1.50,1.50
2012.04.27 04:41:33.270,0.84166,0.84179,1.50,1.50
2012.04.27 04:41:33.741,0.84166,0.84183,4.50,3.00
2012.04.27 04:41:33.809,0.84168,0.84183,2.25,2.25
2012.04.27 04:41:34.321,0.84166,0.84183,3.00,1.50
2012.04.27 04:41:34.390,0.84166,0.84183,3.00,1.50
2012.04.27 04:41:34.649,0.84171,0.84188,1.50,3.00
2012.04.27 04:41:35.208,0.84171,0.84188,1.50,5.92
2012.04.27 04:41:36.660,0.84171,0.84188,1.50,3.75
2012.04.27 04:41:36.730,0.84171,0.84188,2.25,2.25
2012.04.27 04:41:37.128,0.84177,0.84192,1.50,2.25
2012.04.27 04:41:37.769,0.84176,0.84191,2.25,1.50
2012.04.27 04:41:37.842,0.84176,0.84191,2.25,1.50
2012.04.27 04:41:38.490,0.84176,0.84191,1.50,2.25
2012.04.27 04:41:38.742,0.84176,0.84191,1.50,1.50
2012.04.27 04:41:38.811,0.84178,0.84193,1.50,3.75
2012.04.27 04:41:39.359,0.84177,0.84192,1.50,3.75
2012.04.27 04:41:39.680,0.84173,0.84188,1.50,3.00
2012.04.27 04:41:39.991,0.84173,0.84186,1.50,1.50
2012.04.27 04:41:40.260,0.84173,0.84188,1.50,2.25
2012.04.27 04:41:40.450,0.84169,0.84185,1.50,1.50
2012.04.27 04:41:40.923,0.84174,0.84191,1.50,2.25
2012.04.27 04:41:40.991,0.84174,0.84191,3.00,1.50
2012.04.27 04:41:41.124,0.84178,0.84194,1.50,1.50
2012.04.27 04:41:41.266,0.84176,0.84193,2.25,1.50
2012.04.27 04:41:41.647,0.84179,0.84193,1.50,2.25
2012.04.27 04:41:41.898,0.84177,0.84192,1.50,1.50
2012.04.27 04:41:42.098,0.84177,0.84192,1.50,2.25
2012.04.27 04:41:42.227,0.84173,0.8419,3.00,2.25
2012.04.27 04:41:43.779,0.84171,0.84188,3.00,1.50
2012.04.27 04:41:44.100,0.8417,0.84185,2.25,1.50
2012.04.27 04:41:44.408,0.84169,0.84181,1.50,1.50
2012.04.27 04:41:45.210,0.84166,0.84181,3.00,2.25
2012.04.27 04:41:45.648,0.84159,0.84176,3.00,1.50
2012.04.27 04:41:45.957,0.84159,0.84174,1.50,1.50
2012.04.27 04:41:48.338,0.84161,0.84177,1.50,3.00
2012.04.27 04:41:48.532,0.84158,0.84173,3.00,1.50
2012.04.27 04:41:48.837,0.84159,0.84176,2.25,2.25
2012.04.27 04:41:49.208,0.84161,0.84178,2.25,2.25
2012.04.27 04:41:49.845,0.84164,0.84179,1.50,3.00
2012.04.27 04:41:50.178,0.84164,0.84179,1.50,3.00
2012.04.27 04:41:50.729,0.84164,0.84178,1.50,1.50
2012.04.27 04:41:51.247,0.84163,0.84179,1.50,2.25
2012.04.27 04:41:52.067,0.84163,0.84179,1.50,3.00
2012.04.27 04:41:52.739,0.84162,0.84177,2.25,1.50
2012.04.27 04:41:53.587,0.84163,0.84177,2.25,1.50
2012.04.27 04:41:53.657,0.84166,0.84182,1.50,2.25
2012.04.27 04:41:54.009,0.84167,0.84182,1.50,1.50
2012.04.27 04:41:54.530,0.8417,0.84183,2.25,2.18
2012.04.27 04:41:55.395,0.8417,0.84187,2.25,2.25
2012.04.27 04:41:56.092,0.8417,0.84187,2.25,3.75
2012.04.27 04:41:56.399,0.84167,0.84182,2.25,1.50
2012.04.27 04:41:57.028,0.84168,0.84182,1.50,1.50
2012.04.27 04:41:57.159,0.84171,0.84186,1.50,3.00
2012.04.27 04:41:57.902,0.84171,0.84186,1.50,2.25
2012.04.27 04:41:58.979,0.84171,0.84186,1.50,3.00
2012.04.27 04:41:59.688,0.84171,0.84184,1.50,1.50
2012.04.27 04:41:59.757,0.84168,0.84184,1.50,1.50
2012.04.27 04:41:59.886,0.84166,0.84183,2.25,1.50
2012.04.27 04:42:00.832,0.84166,0.84183,2.25,2.25
2012.04.27 04:42:01.422,0.84164,0.84181,2.25,2.25
2012.04.27 04:42:01.939,0.84164,0.84181,2.25,2.25
2012.04.27 04:42:02.498,0.84164,0.84181,1.50,3.00
2012.04.27 04:42:02.628,0.84164,0.8418,1.50,1.50
2012.04.27 04:42:02.950,0.84161,0.84176,2.25,2.25
2012.04.27 04:42:03.020,0.84158,0.84173,2.25,1.50
2012.04.27 04:42:03.527,0.84158,0.84173,2.25,1.50
2012.04.27 04:42:06.048,0.84158,0.84173,3.00,1.50
2012.04.27 04:42:07.807,0.84159,0.84173,1.50,1.50
2012.04.27 04:42:08.007,0.84165,0.84181,1.50,3.00
2012.04.27 04:42:08.198,0.84165,0.84181,1.50,2.25
2012.04.27 04:42:08.275,0.84165,0.84181,2.25,1.50
2012.04.27 04:42:08.350,0.84165,0.84185,2.25,2.25
2012.04.27 04:42:08.421,0.84169,0.84185,2.25,1.50
2012.04.27 04:42:08.669,0.84172,0.84189,2.25,1.50
2012.04.27 04:42:08.920,0.84172,0.84189,1.50,1.50
2012.04.27 04:42:09.511,0.84174,0.8419,1.50,2.25
2012.04.27 04:42:11.691,0.84174,0.84187,1.50,1.50
2012.04.27 04:42:11.832,0.84174,0.84189,3.00,1.50
2012.04.27 04:42:12.388,0.84175,0.8419,3.00,1.50
2012.04.27 04:42:12.639,0.84178,0.8419,1.50,1.50
2012.04.27 04:42:12.828,0.84179,0.84193,2.17,1.50
2012.04.27 04:42:12.899,0.84178,0.84193,2.25,1.50
2012.04.27 04:42:13.088,0.8418,0.84195,1.50,3.00
2012.04.27 04:42:13.398,0.84176,0.84192,2.25,1.50
2012.04.27 04:42:13.827,0.84179,0.84194,2.25,1.50
2012.04.27 04:42:14.602,0.8418,0.84194,1.50,1.50
2012.04.27 04:42:15.190,0.8418,0.84194,1.50,1.50
2012.04.27 04:42:15.868,0.84181,0.84194,1.50,2.25
2012.04.27 04:42:17.629,0.84181,0.84194,1.50,2.25
2012.04.27 04:42:17.819,0.84181,0.84194,1.50,2.25
2012.04.27 04:42:17.889,0.84181,0.84197,1.50,1.50
2012.04.27 04:42:17.959,0.84181,0.84197,1.50,1.50
2012.04.27 04:42:18.031,0.84183,0.84198,2.25,2.25
2012.04.27 04:42:18.596,0.84182,0.84197,1.50,1.50
2012.04.27 04:42:19.569,0.84182,0.84197,1.50,1.50
2012.04.27 04:42:19.758,0.84182,0.84197,1.50,1.50
2012.04.27 04:42:20.703,0.84183,0.84197,1.50,1.50
2012.04.27 04:42:20.782,0.84183,0.84198,5.25,1.50
2012.04.27 04:42:21.939,0.84184,0.84198,1.50,1.50
2012.04.27 04:42:27.404,0.84179,0.84194,2.25,1.50
2012.04.27 04:42:27.839,0.84176,0.84193,3.75,1.50
2012.04.27 04:42:27.968,0.84177,0.84193,1.50,1.50
2012.04.27 04:42:28.560,0.84179,0.84194,3.00,1.50
2012.04.27 04:42:32.105,0.8418,0.84197,2.25,2.25
2012.04.27 04:42:32.623,0.84183,0.84198,1.50,1.50
2012.04.27 04:42:32.753,0.84178,0.84193,2.25,1.50
2012.04.27 04:42:32.820,0.84179,0.84196,2.25,3.00
2012.04.27 04:42:32.950,0.84177,0.84189,1.50,1.50
2012.04.27 04:42:33.018,0.84177,0.84189,1.50,1.50
2012.04.27 04:42:33.092,0.84178,0.84194,1.50,1.50
2012.04.27 04:42:33.160,0.84181,0.84197,1.50,1.50
2012.04.27 04:42:33.411,0.84185,0.842,1.50,2.25
2012.04.27 04:42:33.608,0.84183,0.84198,1.50,1.50
2012.04.27 04:42:33.927,0.84183,0.84197,1.50,1.50
2012.04.27 04:42:34.184,0.84181,0.84196,1.50,3.00
2012.04.27 04:42:34.728,0.84181,0.84196,1.50,3.00
2012.04.27 04:42:34.917,0.84181,0.84195,1.50,2.25
2012.04.27 04:42:35.376,0.84174,0.84189,3.00,1.50
2012.04.27 04:42:35.878,0.84176,0.8419,2.25,1.50
2012.04.27 04:42:36.867,0.84176,0.84193,2.25,2.25
2012.04.27 04:42:37.056,0.84175,0.8419,2.25,1.50
2012.04.27 04:42:38.539,0.84175,0.8419,2.25,1.50
2012.04.27 04:42:38.611,0.84177,0.84192,2.25,1.50
2012.04.27 04:42:38.858,0.84176,0.8419,1.50,1.50
2012.04.27 04:42:38.927,0.84177,0.84194,2.25,1.50
2012.04.27 04:42:39.319,0.84179,0.84196,1.50,2.25
2012.04.27 04:42:39.878,0.84179,0.84196,2.25,1.50
2012.04.27 04:42:40.599,0.84183,0.84198,1.50,1.50
2012.04.27 04:42:43.107,0.84183,0.84197,1.50,1.50
2012.04.27 04:42:43.236,0.84181,0.84196,2.25,1.50
2012.04.27 04:42:43.487,0.84178,0.84195,2.25,1.50
2012.04.27 04:42:44.827,0.84178,0.84195,2.25,2.25
2012.04.27 04:42:44.959,0.84177,0.84193,2.25,1.50
2012.04.27 04:42:45.427,0.84176,0.84191,3.00,1.50
2012.04.27 04:42:46.350,0.84178,0.84193,2.25,1.50
2012.04.27 04:42:50.934,0.84178,0.84193,3.00,1.50
2012.04.27 04:42:51.439,0.84178,0.84193,3.00,1.50
2012.04.27 04:42:51.509,0.84182,0.84197,1.50,3.00
2012.04.27 04:42:51.639,0.84178,0.84194,1.50,1.50
2012.04.27 04:42:52.147,0.8418,0.84195,1.50,2.25
2012.04.27 04:42:53.077,0.84178,0.84193,2.25,1.50
2012.04.27 04:42:55.062,0.8418,0.84195,1.50,1.50
2012.04.27 04:42:55.558,0.84182,0.84197,1.50,3.00
2012.04.27 04:42:55.866,0.84184,0.84199,1.50,3.75
2012.04.27 04:42:55.996,0.84182,0.84197,1.50,2.25
2012.04.27 04:42:57.070,0.84184,0.84199,1.50,3.00
2012.04.27 04:42:57.398,0.84186,0.84199,1.50,1.50
2012.04.27 04:42:57.707,0.84188,0.84201,1.50,3.00
2012.04.27 04:42:58.267,0.84188,0.842,1.50,2.25
2012.04.27 04:42:58.337,0.84186,0.842,1.50,2.25
2012.04.27 04:42:58.687,0.84186,0.84199,1.50,1.50
2012.04.27 04:42:58.880,0.84183,0.84197,1.50,1.50
2012.04.27 04:42:59.009,0.84184,0.84199,1.50,1.50
2012.04.27 04:42:59.137,0.84187,0.84201,1.50,1.50
2012.04.27 04:42:59.639,0.84187,0.84202,1.50,3.00
2012.04.27 04:43:00.238,0.84187,0.84201,1.50,1.50
2012.04.27 04:43:00.380,0.84189,0.84204,2.25,1.50
2012.04.27 04:43:00.449,0.84192,0.84207,1.50,1.50
2012.04.27 04:43:00.940,0.8419,0.84205,1.50,1.50
2012.04.27 04:43:02.338,0.8419,0.84205,2.25,2.25
2012.04.27 04:43:03.451,0.8419,0.84205,2.25,1.50
2012.04.27 04:43:03.667,0.8419,0.84205,2.25,2.25
2012.04.27 04:43:04.197,0.8419,0.84204,1.50,3.00
2012.04.27 04:43:04.390,0.84185,0.84202,3.00,2.25
2012.04.27 04:43:06.290,0.84186,0.84202,2.92,2.25
2012.04.27 04:43:06.437,0.84188,0.84203,1.50,2.25
2012.04.27 04:43:06.627,0.84186,0.84201,4.42,1.50
2012.04.27 04:43:06.977,0.84189,0.84201,1.50,1.50
2012.04.27 04:43:08.357,0.84188,0.84201,1.50,1.50
2012.04.27 04:43:08.629,0.84188,0.84203,1.50,1.50
2012.04.27 04:43:09.407,0.84189,0.84204,1.50,1.50
2012.04.27 04:43:09.943,0.8419,0.84205,2.25,1.50
2012.04.27 04:43:10.280,0.84206,0.8421,2.18,1.50
2012.04.27 04:43:10.589,0.84208,0.84214,1.50,2.25
2012.04.27 04:43:10.792,0.84206,0.84219,2.17,1.50
2012.04.27 04:43:11.113,0.84204,0.8422,2.25,2.37
2012.04.27 04:43:11.334,0.84196,0.84212,1.50,2.46
2012.04.27 04:43:11.660,0.8419,0.84202,1.88,1.50
2012.04.27 04:43:11.735,0.8419,0.84205,1.88,1.50
2012.04.27 04:43:11.880,0.84192,0.84207,1.50,1.50
2012.04.27 04:43:12.010,0.84192,0.84206,1.50,2.25
2012.04.27 04:43:12.084,0.84186,0.84203,2.25,2.25
2012.04.27 04:43:12.532,0.84186,0.84202,1.50,1.50
2012.04.27 04:43:12.851,0.84187,0.84201,5.10,2.25
2012.04.27 04:43:13.110,0.84193,0.84208,3.67,2.25
2012.04.27 04:43:13.180,0.84199,0.84211,1.50,1.50
2012.04.27 04:43:13.427,0.84197,0.84214,1.50,2.25
2012.04.27 04:43:13.500,0.84198,0.84214,2.17,3.00
2012.04.27 04:43:13.809,0.84202,0.84216,1.50,3.00
2012.04.27 04:43:14.139,0.84203,0.84216,5.85,1.50
2012.04.27 04:43:14.449,0.84204,0.84221,3.00,1.50
2012.04.27 04:43:14.957,0.84204,0.84221,4.42,1.50
2012.04.27 04:43:15.368,0.84208,0.84222,1.50,3.00
2012.04.27 04:43:15.698,0.84203,0.84218,3.75,1.50
2012.04.27 04:43:16.226,0.84205,0.8422,3.67,1.50
2012.04.27 04:43:16.578,0.84205,0.84216,1.50,1.50
2012.04.27 04:43:16.888,0.84196,0.84208,1.50,1.50
2012.04.27 04:43:16.958,0.84195,0.84208,1.50,1.50
2012.04.27 04:43:17.493,0.84194,0.84208,2.25,1.50
2012.04.27 04:43:17.840,0.84195,0.84208,1.50,1.50
2012.04.27 04:43:18.399,0.84193,0.84208,3.00,1.50
2012.04.27 04:43:18.530,0.84194,0.84211,2.25,2.25
2012.04.27 04:43:18.860,0.84191,0.84206,2.25,1.50
2012.04.27 04:43:19.142,0.84189,0.84204,1.50,3.00
2012.04.27 04:43:19.279,0.84189,0.84202,1.50,1.50
2012.04.27 04:43:19.768,0.84185,0.84197,1.50,2.25
2012.04.27 04:43:19.840,0.8418,0.84195,2.25,2.25
2012.04.27 04:43:21.287,0.84177,0.84194,1.50,3.00
2012.04.27 04:43:21.609,0.84173,0.84188,2.25,1.50
2012.04.27 04:43:22.050,0.84172,0.84186,1.50,1.50
2012.04.27 04:43:22.277,0.84172,0.84189,3.00,2.25
2012.04.27 04:43:22.569,0.84172,0.84189,3.00,2.25
2012.04.27 04:43:22.969,0.84172,0.84189,3.00,2.25
2012.04.27 04:43:23.045,0.84172,0.84189,3.00,2.25
2012.04.27 04:43:23.586,0.84172,0.84189,2.25,1.50
2012.04.27 04:43:23.920,0.84171,0.84186,5.25,1.50
2012.04.27 04:43:24.510,0.84171,0.84186,6.00,1.50
2012.04.27 04:43:24.578,0.84174,0.84191,2.25,2.25
2012.04.27 04:43:25.913,0.84173,0.84187,1.50,1.50
2012.04.27 04:43:26.040,0.84172,0.84187,3.00,1.50
2012.04.27 04:43:26.172,0.84172,0.84187,2.25,2.25
2012.04.27 04:43:26.300,0.84171,0.84186,2.25,1.50
2012.04.27 04:43:26.560,0.8417,0.84189,1.50,1.50
2012.04.27 04:43:27.326,0.84168,0.84187,3.75,2.25
2012.04.27 04:43:27.858,0.84168,0.84187,3.00,1.50
2012.04.27 04:43:28.378,0.84166,0.84186,2.25,2.25
2012.04.27 04:43:28.689,0.84168,0.84186,1.50,2.25
2012.04.27 04:43:28.758,0.84166,0.84186,3.00,2.25
2012.04.27 04:43:28.890,0.84169,0.84186,1.50,3.00
2012.04.27 04:43:29.197,0.8417,0.84188,1.50,3.00
2012.04.27 04:43:29.550,0.8417,0.84184,1.50,1.50
2012.04.27 04:43:32.336,0.8417,0.84183,1.50,1.50
2012.04.27 04:43:32.778,0.84174,0.84183,1.50,1.50
2012.04.27 04:43:32.850,0.84179,0.84189,1.50,1.50
2012.04.27 04:43:32.919,0.84174,0.84188,1.50,1.50
2012.04.27 04:43:33.111,0.84176,0.84192,3.75,2.25
2012.04.27 04:43:33.419,0.84176,0.84187,1.50,1.50
2012.04.27 04:43:34.426,0.84174,0.84189,2.25,1.50
2012.04.27 04:43:34.619,0.84174,0.84189,2.25,3.00
2012.04.27 04:43:34.761,0.8417,0.84186,1.50,1.50
2012.04.27 04:43:35.318,0.84172,0.84187,1.50,1.50
2012.04.27 04:43:35.698,0.84174,0.8419,1.50,2.25
2012.04.27 04:43:35.772,0.84172,0.84186,1.50,1.50
2012.04.27 04:43:39.561,0.84171,0.84186,3.75,1.50
2012.04.27 04:43:39.983,0.84172,0.84186,1.50,1.50
2012.04.27 04:43:42.360,0.84173,0.84188,2.25,1.50
2012.04.27 04:43:42.622,0.84173,0.84188,1.50,2.25
2012.04.27 04:43:42.819,0.84168,0.84185,1.50,2.25
2012.04.27 04:43:43.437,0.84169,0.84184,1.50,2.25
2012.04.27 04:43:44.259,0.84169,0.84184,1.50,3.75
2012.04.27 04:43:44.388,0.84167,0.84182,1.50,2.25
2012.04.27 04:43:44.460,0.84165,0.8418,2.25,1.50
2012.04.27 04:43:44.588,0.84166,0.84182,1.50,2.25
2012.04.27 04:43:45.220,0.84168,0.84183,1.50,2.25
2012.04.27 04:43:45.777,0.84169,0.84184,1.50,3.00
2012.04.27 04:43:46.088,0.84169,0.84182,1.50,1.50
2012.04.27 04:43:46.656,0.84166,0.8418,1.50,1.50
2012.04.27 04:43:47.027,0.84164,0.84179,1.50,2.25
2012.04.27 04:43:48.629,0.84165,0.84181,1.50,2.25
2012.04.27 04:43:48.938,0.84165,0.84181,3.00,1.50
2012.04.27 04:43:49.189,0.84165,0.84179,1.50,1.50
2012.04.27 04:43:50.729,0.84164,0.84179,2.25,1.50
2012.04.27 04:43:51.096,0.84162,0.84176,1.50,1.50
2012.04.27 04:43:51.921,0.84161,0.84178,5.25,1.50
2012.04.27 04:43:51.991,0.84161,0.84178,5.25,1.50
2012.04.27 04:43:52.297,0.84161,0.84175,3.00,1.50
2012.04.27 04:43:54.048,0.84161,0.84175,2.25,1.50
2012.04.27 04:43:54.589,0.8416,0.84173,1.50,1.50
2012.04.27 04:43:54.788,0.8416,0.84176,1.50,1.50
2012.04.27 04:43:57.108,0.84161,0.84176,1.50,1.50
2012.04.27 04:43:57.480,0.84161,0.84178,3.00,1.50
2012.04.27 04:43:57.547,0.84161,0.84176,1.50,1.50
2012.04.27 04:43:58.389,0.84164,0.84176,1.50,1.50
2012.04.27 04:43:58.579,0.84164,0.84179,3.75,1.50
2012.04.27 04:44:00.116,0.84166,0.84181,2.25,1.50
2012.04.27 04:44:00.368,0.84165,0.84179,1.50,1.50
2012.04.27 04:44:03.893,0.84165,0.84179,1.50,1.50
2012.04.27 04:44:04.030,0.84165,0.84183,3.00,1.50
2012.04.27 04:44:06.248,0.84165,0.84183,2.25,2.25
2012.04.27 04:44:06.680,0.84165,0.84183,1.50,4.50
2012.04.27 04:44:07.411,0.84163,0.84181,3.00,2.25
2012.04.27 04:44:07.658,0.84164,0.84181,2.25,2.25
2012.04.27 04:44:09.800,0.84166,0.84181,1.50,2.25
2012.04.27 04:44:10.674,0.84161,0.84177,2.25,1.50
2012.04.27 04:44:11.187,0.84161,0.84177,2.25,2.25
2012.04.27 04:44:11.638,0.84158,0.84174,1.50,1.50
2012.04.27 04:44:12.688,0.84155,0.84174,3.75,2.25
2012.04.27 04:44:12.819,0.84155,0.84174,3.00,3.00
2012.04.27 04:44:13.369,0.84153,0.8417,1.50,2.25
2012.04.27 04:44:13.440,0.84152,0.8417,1.50,3.00
2012.04.27 04:44:13.961,0.84149,0.84168,1.50,1.50
2012.04.27 04:44:14.797,0.84149,0.84168,1.50,2.25
2012.04.27 04:44:15.544,0.84149,0.84168,1.50,3.75
2012.04.27 04:44:17.097,0.84148,0.84167,1.50,1.50
2012.04.27 04:44:17.233,0.84149,0.84169,1.50,1.50
2012.04.27 04:44:17.880,0.84149,0.84168,1.50,2.25
2012.04.27 04:44:17.952,0.84146,0.84165,1.50,1.50
2012.04.27 04:44:18.199,0.84145,0.84163,3.00,1.50
2012.04.27 04:44:18.518,0.84148,0.84166,3.00,1.50
2012.04.27 04:44:19.255,0.84149,0.84166,2.25,3.00
2012.04.27 04:44:19.938,0.84149,0.84166,2.25,3.00
2012.04.27 04:44:20.068,0.84149,0.84165,2.25,2.17
2012.04.27 04:44:20.388,0.84146,0.84162,2.25,1.50
2012.04.27 04:44:20.780,0.84149,0.84166,3.00,2.25
2012.04.27 04:44:20.921,0.84149,0.84166,2.25,2.25
2012.04.27 04:44:20.990,0.8415,0.84166,2.25,2.25
2012.04.27 04:44:21.179,0.84153,0.84166,1.50,1.50
2012.04.27 04:44:21.499,0.84153,0.8417,3.00,2.25
2012.04.27 04:44:21.569,0.84153,0.84167,1.50,1.50
2012.04.27 04:44:22.101,0.84153,0.84167,1.50,1.50
2012.04.27 04:44:22.897,0.84153,0.84167,1.50,1.50
2012.04.27 04:44:23.652,0.84153,0.84168,3.00,1.50
2012.04.27 04:44:24.474,0.84153,0.84167,1.50,1.50
2012.04.27 04:44:24.696,0.84152,0.84167,2.25,1.50
2012.04.27 04:44:24.826,0.84152,0.84169,3.75,1.50
2012.04.27 04:44:25.337,0.84153,0.84169,1.50,1.50
2012.04.27 04:44:25.717,0.84153,0.84169,1.50,1.50
2012.04.27 04:44:27.847,0.84154,0.84171,1.50,1.50
2012.04.27 04:44:30.388,0.84156,0.84171,1.50,1.50
2012.04.27 04:44:31.159,0.84157,0.84173,1.50,3.00
2012.04.27 04:44:31.227,0.84154,0.84172,2.25,1.50
2012.04.27 04:44:31.478,0.84157,0.84173,1.50,1.50
2012.04.27 04:44:31.805,0.84159,0.84173,1.50,1.50
2012.04.27 04:44:32.318,0.84158,0.84173,1.50,1.50
2012.04.27 04:44:34.152,0.84158,0.84173,1.50,1.50
2012.04.27 04:44:34.278,0.84154,0.84171,3.00,1.50
2012.04.27 04:44:35.680,0.84158,0.84173,1.50,1.50
2012.04.27 04:44:35.821,0.84158,0.84174,2.25,1.50
2012.04.27 04:44:35.894,0.84159,0.84174,1.50,1.50
2012.04.27 04:44:36.230,0.8416,0.84174,1.50,2.25
2012.04.27 04:44:36.518,0.84158,0.84174,1.50,2.25
2012.04.27 04:44:36.589,0.8416,0.84174,1.50,2.25
2012.04.27 04:44:37.121,0.84159,0.84173,1.50,1.50
2012.04.27 04:44:37.319,0.84155,0.84171,2.25,1.50
2012.04.27 04:44:37.390,0.84158,0.84174,1.50,3.00
2012.04.27 04:44:37.638,0.8416,0.84174,1.50,1.50
2012.04.27 04:44:37.870,0.84158,0.84174,2.25,1.50
2012.04.27 04:44:38.736,0.84158,0.84174,2.25,1.50
2012.04.27 04:44:42.540,0.84159,0.84174,1.50,2.25
2012.04.27 04:44:45.264,0.84157,0.8417,1.50,1.50
2012.04.27 04:44:45.399,0.8416,0.84176,2.25,2.25
2012.04.27 04:44:52.478,0.84157,0.84175,2.25,2.25
2012.04.27 04:44:55.218,0.84157,0.84175,2.25,2.25
2012.04.27 04:44:55.618,0.84159,0.84176,1.50,2.25
2012.04.27 04:44:56.167,0.84162,0.84178,1.50,3.00
2012.04.27 04:44:56.938,0.84163,0.84177,1.50,3.00
2012.04.27 04:44:57.608,0.84161,0.84177,1.50,2.25
2012.04.27 04:44:59.989,0.84161,0.84176,1.50,1.50
2012.04.27 04:45:00.179,0.84161,0.84177,1.50,2.25
2012.04.27 04:45:00.857,0.84159,0.84177,1.50,3.75
2012.04.27 04:45:01.529,0.84158,0.84175,2.25,1.50
2012.04.27 04:45:02.523,0.84158,0.84175,2.25,2.25
2012.04.27 04:45:03.027,0.84157,0.84173,1.50,1.50
2012.04.27 04:45:03.577,0.84157,0.84175,1.50,3.00
2012.04.27 04:45:04.090,0.84157,0.84173,1.50,1.50
2012.04.27 04:45:09.319,0.84157,0.84173,2.92,1.50
2012.04.27 04:45:11.980,0.84157,0.8417,2.92,1.50
2012.04.27 04:45:14.407,0.84157,0.84172,2.92,1.50
2012.04.27 04:45:16.810,0.84156,0.84172,1.50,1.50
2012.04.27 04:45:17.120,0.84154,0.84168,2.25,1.50
2012.04.27 04:45:17.187,0.84154,0.84168,2.25,1.50
2012.04.27 04:45:19.479,0.84152,0.84168,3.75,1.50
2012.04.27 04:45:19.680,0.84155,0.84171,2.25,1.50
2012.04.27 04:45:19.809,0.84155,0.84171,2.25,1.50
2012.04.27 04:45:20.239,0.8416,0.84173,1.50,1.50
2012.04.27 04:45:20.608,0.8416,0.84175,1.50,3.00
2012.04.27 04:45:20.868,0.84158,0.84175,1.50,4.50
2012.04.27 04:45:21.881,0.84155,0.84173,2.25,3.00
2012.04.27 04:45:22.199,0.84155,0.8417,2.25,1.50
2012.04.27 04:45:22.736,0.84146,0.84162,2.25,1.50
2012.04.27 04:45:22.869,0.8415,0.84165,2.25,3.00
2012.04.27 04:45:23.397,0.84146,0.84164,2.25,1.50
2012.04.27 04:45:23.528,0.84147,0.84166,2.25,2.25
2012.04.27 04:45:24.200,0.84151,0.84167,2.25,2.25
2012.04.27 04:45:26.403,0.84151,0.84167,2.25,3.75
2012.04.27 04:45:26.476,0.84149,0.84165,2.25,1.50
2012.04.27 04:45:29.096,0.84146,0.84164,3.00,1.50
2012.04.27 04:45:30.449,0.84153,0.84168,1.50,1.50
2012.04.27 04:45:30.519,0.84149,0.84165,2.25,1.50
2012.04.27 04:45:32.398,0.84148,0.84165,1.50,1.50
2012.04.27 04:45:32.995,0.84147,0.84163,2.25,1.50
2012.04.27 04:45:33.738,0.84147,0.84163,1.50,1.50
2012.04.27 04:45:34.167,0.84147,0.84161,1.50,1.50
2012.04.27 04:45:36.849,0.84145,0.84158,1.50,1.50
2012.04.27 04:45:37.279,0.84141,0.84156,2.25,1.50
2012.04.27 04:45:42.477,0.84141,0.84156,2.25,2.25
2012.04.27 04:45:43.028,0.84139,0.84154,3.00,1.50
2012.04.27 04:45:43.157,0.84139,0.84154,3.00,1.50
2012.04.27 04:45:43.571,0.84139,0.84154,2.25,1.50
2012.04.27 04:45:43.700,0.84141,0.84156,1.50,2.25
2012.04.27 04:45:44.311,0.84141,0.84155,1.50,1.50
2012.04.27 04:45:44.522,0.84138,0.84155,3.00,3.00
2012.04.27 04:45:44.588,0.84138,0.84153,1.50,1.50
2012.04.27 04:45:46.770,0.84138,0.84153,1.50,1.50
2012.04.27 04:45:46.971,0.84143,0.84157,1.50,1.50
2012.04.27 04:45:47.438,0.84141,0.84156,1.50,1.50
2012.04.27 04:45:47.507,0.84141,0.84156,2.25,1.50
2012.04.27 04:45:48.010,0.84142,0.84158,2.25,1.50
2012.04.27 04:45:48.410,0.84145,0.84158,1.50,1.50
2012.04.27 04:45:49.011,0.84145,0.84159,1.50,2.92
2012.04.27 04:45:51.468,0.84145,0.8416,1.50,3.00
2012.04.27 04:45:51.779,0.84148,0.84161,1.50,1.50
2012.04.27 04:45:53.157,0.84147,0.84162,2.25,2.25
2012.04.27 04:45:54.287,0.84147,0.84162,2.25,2.25
2012.04.27 04:45:54.810,0.8415,0.84163,1.50,1.50
2012.04.27 04:45:55.116,0.84147,0.84163,2.25,1.50
2012.04.27 04:45:55.654,0.84147,0.84163,2.25,1.50
2012.04.27 04:45:55.906,0.84149,0.84163,1.50,1.50
2012.04.27 04:45:56.629,0.84149,0.84165,2.25,1.50
2012.04.27 04:45:56.766,0.8415,0.84168,2.25,5.18
2012.04.27 04:45:56.959,0.8415,0.84168,2.25,2.25
2012.04.27 04:45:57.161,0.8415,0.84165,2.25,1.50
2012.04.27 04:45:57.349,0.8415,0.84168,2.25,2.25
2012.04.27 04:45:57.660,0.84152,0.84169,3.00,2.25
2012.04.27 04:45:58.427,0.84156,0.84171,1.50,2.25
2012.04.27 04:46:00.015,0.84153,0.84168,3.75,1.50
2012.04.27 04:46:00.148,0.84157,0.84172,1.50,3.00
2012.04.27 04:46:00.339,0.84154,0.84171,3.00,1.50
2012.04.27 04:46:01.107,0.84154,0.84171,3.00,1.50
2012.04.27 04:46:01.737,0.84154,0.84169,2.25,1.50
2012.04.27 04:46:02.278,0.84154,0.84169,2.25,1.50
2012.04.27 04:46:04.008,0.84157,0.84169,1.50,1.50
2012.04.27 04:46:04.558,0.84159,0.84169,1.50,1.50
2012.04.27 04:46:04.629,0.84159,0.84172,1.50,1.50
2012.04.27 04:46:04.938,0.84159,0.84175,1.50,2.25
2012.04.27 04:46:05.210,0.84159,0.84175,1.50,2.25
2012.04.27 04:46:06.754,0.84159,0.84175,2.25,2.25
2012.04.27 04:46:07.020,0.8416,0.84175,1.50,1.50
2012.04.27 04:46:07.562,0.8416,0.84177,3.00,3.00
2012.04.27 04:46:08.081,0.84162,0.84177,1.50,1.50
2012.04.27 04:46:08.487,0.8416,0.84175,1.50,2.25
2012.04.27 04:46:09.591,0.84159,0.84175,1.50,3.00
2012.04.27 04:46:09.921,0.84161,0.84178,2.25,3.00
2012.04.27 04:46:09.991,0.84161,0.84178,2.25,3.00
2012.04.27 04:46:10.180,0.84161,0.84176,1.50,1.50
2012.04.27 04:46:11.857,0.8416,0.84176,1.50,1.50
2012.04.27 04:46:11.990,0.84159,0.84176,2.25,2.25
2012.04.27 04:46:12.121,0.84156,0.84173,2.25,2.25
2012.04.27 04:46:12.189,0.84156,0.84172,1.50,1.50
2012.04.27 04:46:12.383,0.84156,0.84172,2.25,1.50
2012.04.27 04:46:12.939,0.84156,0.84172,2.25,1.50
2012.04.27 04:46:13.379,0.84156,0.84172,2.25,1.50
2012.04.27 04:46:13.930,0.84152,0.84165,2.25,1.50
2012.04.27 04:46:14.660,0.84152,0.84165,2.25,1.50
2012.04.27 04:46:14.851,0.84152,0.84169,3.75,1.50
2012.04.27 04:46:15.358,0.84152,0.84169,3.75,2.25
2012.04.27 04:46:16.512,0.84152,0.84163,1.50,1.50
2012.04.27 04:46:20.527,0.84151,0.84163,2.25,1.50
2012.04.27 04:46:20.758,0.84151,0.84166,2.25,1.50
2012.04.27 04:46:21.066,0.84152,0.84168,1.50,2.25
2012.04.27 04:46:22.524,0.84152,0.84167,3.00,1.50
2012.04.27 04:46:23.516,0.84153,0.84169,2.25,1.50
2012.04.27 04:46:24.677,0.84153,0.8417,2.25,2.25
2012.04.27 04:46:25.887,0.84152,0.84168,1.50,2.25
2012.04.27 04:46:25.959,0.84153,0.84168,2.25,1.50
2012.04.27 04:46:26.089,0.84157,0.84171,1.50,1.50
2012.04.27 04:46:26.220,0.84153,0.84169,1.50,2.25
2012.04.27 04:46:26.746,0.84153,0.84169,1.50,2.25
2012.04.27 04:46:27.180,0.84154,0.84171,1.50,2.25
2012.04.27 04:46:27.860,0.84154,0.84171,2.25,2.25
2012.04.27 04:46:27.931,0.84156,0.84173,1.50,3.00
2012.04.27 04:46:28.814,0.84156,0.84173,1.50,2.25
2012.04.27 04:46:32.332,0.84156,0.84173,1.50,3.00
2012.04.27 04:46:32.516,0.84156,0.84173,1.50,2.25
2012.04.27 04:46:32.588,0.84158,0.84174,1.50,1.50
2012.04.27 04:46:33.128,0.84159,0.84174,1.50,3.00
2012.04.27 04:46:33.260,0.84157,0.84172,2.25,1.50
2012.04.27 04:46:34.125,0.84158,0.84174,1.50,1.50
2012.04.27 04:46:34.671,0.84162,0.84175,1.50,1.50
2012.04.27 04:46:35.000,0.84159,0.84167,1.50,1.50
2012.04.27 04:46:35.140,0.84159,0.8417,1.50,1.50
2012.04.27 04:46:35.270,0.84159,0.84172,1.50,1.50
2012.04.27 04:46:35.790,0.84157,0.84173,2.25,1.50
2012.04.27 04:46:36.117,0.84157,0.8417,2.25,1.50
2012.04.27 04:46:37.687,0.84157,0.84173,1.50,2.25
2012.04.27 04:46:39.617,0.8416,0.84177,1.50,3.00
2012.04.27 04:46:39.947,0.84159,0.84174,1.50,1.50
2012.04.27 04:46:40.319,0.84157,0.84172,2.25,1.50
2012.04.27 04:46:41.577,0.84159,0.84174,1.50,1.50
2012.04.27 04:46:42.120,0.84159,0.84174,1.50,2.25
2012.04.27 04:46:42.568,0.84162,0.84177,1.50,1.50
2012.04.27 04:46:43.117,0.84162,0.84178,1.50,2.25
2012.04.27 04:46:43.429,0.84166,0.84181,1.50,2.25
2012.04.27 04:46:43.737,0.84164,0.84179,1.50,2.25
2012.04.27 04:46:45.467,0.84164,0.84179,1.50,2.25
2012.04.27 04:46:45.958,0.8416,0.84177,3.00,1.50
2012.04.27 04:46:46.507,0.84162,0.84178,1.50,3.00
2012.04.27 04:46:46.636,0.84161,0.84176,1.50,1.50
2012.04.27 04:46:47.387,0.84163,0.8418,1.50,3.00
2012.04.27 04:46:47.579,0.84165,0.8418,1.50,1.50
2012.04.27 04:46:48.086,0.84165,0.84182,1.50,3.00
2012.04.27 04:46:49.698,0.84165,0.8418,1.50,3.67
2012.04.27 04:46:50.010,0.84163,0.84176,1.50,1.50
2012.04.27 04:46:50.321,0.84164,0.84177,1.50,1.50
2012.04.27 04:46:50.509,0.84163,0.84177,3.00,1.50
2012.04.27 04:46:50.955,0.84161,0.84175,1.50,1.50
2012.04.27 04:46:51.678,0.84161,0.84175,1.50,1.50
2012.04.27 04:46:51.809,0.84162,0.84177,2.25,1.50
2012.04.27 04:46:52.067,0.84166,0.84181,1.50,3.75
2012.04.27 04:46:55.419,0.84171,0.84182,1.50,1.50
2012.04.27 04:46:55.727,0.84169,0.8418,1.50,1.50
2012.04.27 04:46:55.799,0.84165,0.8418,1.50,1.50
2012.04.27 04:46:57.344,0.84165,0.84182,2.25,3.00
2012.04.27 04:46:57.697,0.84168,0.84183,1.50,3.00
2012.04.27 04:46:58.547,0.84168,0.84183,2.25,1.50
2012.04.27 04:46:58.796,0.84168,0.84185,2.25,2.25
2012.04.27 04:46:58.987,0.84171,0.84185,1.50,1.50
2012.04.27 04:47:01.121,0.84171,0.84184,1.50,2.17
2012.04.27 04:47:01.248,0.84167,0.84182,2.25,1.50
2012.04.27 04:47:01.378,0.84168,0.84185,2.25,2.25
2012.04.27 04:47:01.447,0.8417,0.84186,1.50,3.00
2012.04.27 04:47:01.577,0.8417,0.84186,1.50,3.00
2012.04.27 04:47:02.879,0.8417,0.84186,2.25,3.00
2012.04.27 04:47:03.769,0.8417,0.84185,1.50,1.50
2012.04.27 04:47:03.973,0.84166,0.84181,2.25,1.50
2012.04.27 04:47:04.519,0.84169,0.84183,1.50,1.50
2012.04.27 04:47:04.897,0.84171,0.84183,1.50,1.50
2012.04.27 04:47:05.331,0.84167,0.84182,1.50,1.50
2012.04.27 04:47:05.458,0.84167,0.84182,1.50,1.50
2012.04.27 04:47:06.153,0.8417,0.84185,3.00,1.50
2012.04.27 04:47:06.481,0.84167,0.84181,1.50,1.50
2012.04.27 04:47:06.789,0.84165,0.84181,1.50,1.50
2012.04.27 04:47:07.342,0.84171,0.84185,1.50,2.25
2012.04.27 04:47:07.708,0.84171,0.84185,1.50,1.50
2012.04.27 04:47:10.619,0.84168,0.84185,1.50,1.50
2012.04.27 04:47:10.694,0.84167,0.84181,1.50,1.50
2012.04.27 04:47:11.029,0.84163,0.84175,1.50,1.50
2012.04.27 04:47:11.100,0.84163,0.84178,3.00,1.50
2012.04.27 04:47:11.633,0.84163,0.84178,3.00,1.50
2012.04.27 04:47:11.708,0.84167,0.84182,2.25,2.25
2012.04.27 04:47:11.851,0.84167,0.84182,2.25,1.50
2012.04.27 04:47:12.371,0.8417,0.84185,1.50,1.50
2012.04.27 04:47:12.962,0.84171,0.84185,1.50,1.50
2012.04.27 04:47:13.597,0.84169,0.84183,1.50,1.50
2012.04.27 04:47:13.847,0.84167,0.84183,3.00,1.50
2012.04.27 04:47:14.338,0.84167,0.84181,1.50,1.50
2012.04.27 04:47:15.109,0.84163,0.8418,3.00,1.50
2012.04.27 04:47:15.675,0.84165,0.84182,2.25,2.25
2012.04.27 04:47:16.177,0.84165,0.84182,3.00,2.25
2012.04.27 04:47:16.578,0.84165,0.8418,1.50,1.50
2012.04.27 04:47:17.522,0.84165,0.8418,2.25,1.50
2012.04.27 04:47:17.651,0.8417,0.84185,1.50,3.75
2012.04.27 04:47:17.838,0.8417,0.84185,1.50,2.25
2012.04.27 04:47:24.632,0.8417,0.84185,2.25,2.25
2012.04.27 04:47:25.228,0.8417,0.84185,2.25,2.25
2012.04.27 04:47:26.959,0.84167,0.84184,3.00,2.25
2012.04.27 04:47:27.939,0.84167,0.84184,3.00,2.25
2012.04.27 04:47:28.190,0.84167,0.84179,2.25,2.17
2012.04.27 04:47:28.381,0.84165,0.84178,1.50,3.00
2012.04.27 04:47:28.510,0.84163,0.84178,1.50,3.00
2012.04.27 04:47:28.577,0.8416,0.84177,1.50,2.25
2012.04.27 04:47:28.709,0.84159,0.84174,1.50,1.50
2012.04.27 04:47:28.778,0.8416,0.84177,1.50,2.25
2012.04.27 04:47:30.857,0.84162,0.84176,1.50,1.50
2012.04.27 04:47:31.549,0.84165,0.84176,1.50,1.50
2012.04.27 04:47:32.217,0.84163,0.84176,1.50,1.50
2012.04.27 04:47:32.287,0.84161,0.84176,1.50,3.00
2012.04.27 04:47:33.878,0.84161,0.84176,1.50,3.75
2012.04.27 04:47:35.179,0.84161,0.84174,1.50,1.50
2012.04.27 04:47:35.370,0.84156,0.84171,2.25,3.00
2012.04.27 04:47:35.834,0.84152,0.84167,3.00,1.50
2012.04.27 04:47:36.210,0.84152,0.84167,2.25,1.50
2012.04.27 04:47:36.340,0.84153,0.84167,1.50,2.92
2012.04.27 04:47:36.656,0.84151,0.84165,1.50,1.50
2012.04.27 04:47:37.298,0.8415,0.84164,2.25,3.75
2012.04.27 04:47:37.490,0.84146,0.84163,2.25,2.25
2012.04.27 04:47:37.800,0.84147,0.84162,2.25,2.25
2012.04.27 04:47:38.428,0.84147,0.84162,2.25,1.50
2012.04.27 04:47:40.541,0.84145,0.84159,2.25,1.50
2012.04.27 04:47:41.123,0.84144,0.84159,2.25,1.50
2012.04.27 04:47:41.680,0.84145,0.84158,1.50,1.50
2012.04.27 04:47:41.750,0.84143,0.84158,2.25,1.50
2012.04.27 04:47:45.998,0.84143,0.84159,2.25,2.25
2012.04.27 04:47:48.099,0.84143,0.84159,2.25,2.25
2012.04.27 04:47:48.228,0.84141,0.84158,2.25,3.75
2012.04.27 04:47:48.421,0.84139,0.84156,2.25,2.25
2012.04.27 04:47:48.729,0.84138,0.84153,2.25,1.50
2012.04.27 04:47:48.859,0.84139,0.84155,1.50,3.00
2012.04.27 04:47:49.108,0.84138,0.84153,1.50,2.25
2012.04.27 04:47:49.628,0.84136,0.84151,2.25,2.25
2012.04.27 04:47:51.080,0.84134,0.84149,2.25,1.50
2012.04.27 04:47:51.859,0.84132,0.84147,3.00,1.50
2012.04.27 04:47:52.410,0.84132,0.84147,2.25,1.50
2012.04.27 04:47:52.550,0.84132,0.84147,2.25,1.50
2012.04.27 04:47:54.687,0.84134,0.8415,2.25,1.50
2012.04.27 04:47:55.454,0.84134,0.8415,2.25,1.50
2012.04.27 04:47:56.346,0.84134,0.8415,2.25,1.50
2012.04.27 04:47:56.417,0.84134,0.84148,2.25,2.25
2012.04.27 04:47:56.926,0.8413,0.84144,1.50,2.92
2012.04.27 04:47:57.238,0.84133,0.84143,1.50,1.50
2012.04.27 04:47:57.673,0.8413,0.84139,1.50,2.17
2012.04.27 04:47:57.988,0.8413,0.84135,1.50,1.50
2012.04.27 04:47:58.180,0.84128,0.84135,1.50,3.00
2012.04.27 04:47:58.729,0.84119,0.84134,2.25,1.50
2012.04.27 04:47:59.925,0.84116,0.8413,1.50,1.50
2012.04.27 04:48:00.119,0.84119,0.84134,2.25,2.25
2012.04.27 04:48:01.083,0.84119,0.84134,2.25,2.25
2012.04.27 04:48:02.069,0.8412,0.84136,2.25,2.25
2012.04.27 04:48:02.388,0.8412,0.84136,1.50,3.00
2012.04.27 04:48:02.518,0.8412,0.84135,2.25,1.50
2012.04.27 04:48:03.027,0.84121,0.84136,2.25,1.50
2012.04.27 04:48:04.217,0.84121,0.84137,2.25,3.75
2012.04.27 04:48:05.209,0.84121,0.84137,2.25,1.50
2012.04.27 04:48:05.919,0.84121,0.84136,1.50,1.50
2012.04.27 04:48:06.908,0.84121,0.84137,3.75,1.50
2012.04.27 04:48:07.222,0.84131,0.84145,1.50,1.50
2012.04.27 04:48:07.420,0.84131,0.84145,1.50,2.25
2012.04.27 04:48:07.789,0.84133,0.84148,1.50,2.25
2012.04.27 04:48:07.858,0.84133,0.84148,1.50,2.25
2012.04.27 04:48:08.358,0.84133,0.84148,1.50,3.75
2012.04.27 04:48:08.910,0.84133,0.84148,1.50,3.75
2012.04.27 04:48:09.218,0.84135,0.84148,1.50,2.25
2012.04.27 04:48:09.919,0.84132,0.84148,1.50,1.50
2012.04.27 04:48:10.107,0.84135,0.8415,1.50,2.25
2012.04.27 04:48:10.238,0.84133,0.8415,1.50,3.75
2012.04.27 04:48:10.426,0.84135,0.8415,1.50,2.25
2012.04.27 04:48:10.968,0.84134,0.84149,1.50,2.25
2012.04.27 04:48:11.513,0.84131,0.84148,3.00,2.25
2012.04.27 04:48:12.934,0.84129,0.84141,1.50,1.50
2012.04.27 04:48:13.502,0.84127,0.84141,1.50,1.50
2012.04.27 04:48:20.467,0.84126,0.84141,2.25,1.50
2012.04.27 04:48:20.680,0.84124,0.84139,2.25,1.50
2012.04.27 04:48:20.988,0.84122,0.84138,1.50,1.50
2012.04.27 04:48:21.238,0.84121,0.84138,2.25,1.50
2012.04.27 04:48:21.493,0.84119,0.84135,1.50,1.50
2012.04.27 04:48:21.800,0.84118,0.84132,1.50,1.50
2012.04.27 04:48:22.056,0.84115,0.8413,3.00,1.50
2012.04.27 04:48:22.129,0.84115,0.84128,1.50,1.50
2012.04.27 04:48:22.199,0.84116,0.84131,1.50,1.50
2012.04.27 04:48:22.628,0.84117,0.84134,1.50,2.25
2012.04.27 04:48:23.178,0.84117,0.84134,1.50,1.50
2012.04.27 04:48:23.714,0.84117,0.84134,4.50,1.50
2012.04.27 04:48:24.302,0.84124,0.84139,1.50,2.25
2012.04.27 04:48:24.610,0.84127,0.84139,1.50,1.50
2012.04.27 04:48:25.168,0.84127,0.8414,1.50,3.67
2012.04.27 04:48:25.727,0.84127,0.8414,1.50,1.50
2012.04.27 04:48:25.920,0.84124,0.8414,1.50,2.25
2012.04.27 04:48:26.818,0.84123,0.84138,1.50,1.50
2012.04.27 04:48:33.147,0.84123,0.84138,1.50,3.00
2012.04.27 04:48:33.399,0.84121,0.84136,1.50,2.25
2012.04.27 04:48:33.710,0.84117,0.84132,2.25,1.50
2012.04.27 04:48:33.900,0.84115,0.84131,1.50,1.50
2012.04.27 04:48:33.970,0.84114,0.84131,2.25,1.50
2012.04.27 04:48:34.684,0.84113,0.84129,1.50,1.50
2012.04.27 04:48:35.000,0.84115,0.84129,2.25,1.50
2012.04.27 04:48:35.557,0.84115,0.84129,2.25,1.50
2012.04.27 04:48:36.068,0.84117,0.8413,1.50,1.50
2012.04.27 04:48:36.139,0.84117,0.84132,1.50,1.50
2012.04.27 04:48:38.128,0.84118,0.84134,1.50,1.50
2012.04.27 04:48:41.178,0.8412,0.84135,1.50,2.25
2012.04.27 04:48:43.210,0.8412,0.84135,1.50,2.25
2012.04.27 04:48:43.282,0.84118,0.84133,2.25,1.50
2012.04.27 04:48:43.353,0.84113,0.84128,3.75,1.50
2012.04.27 04:48:43.720,0.8411,0.84124,1.50,1.50
2012.04.27 04:48:44.470,0.8411,0.84127,3.00,1.50
2012.04.27 04:48:45.019,0.84113,0.84128,2.25,1.50
2012.04.27 04:48:45.209,0.84114,0.8413,2.25,1.50
2012.04.27 04:48:45.661,0.84118,0.84134,1.50,2.25
2012.04.27 04:48:45.731,0.84116,0.84133,1.50,1.50
2012.04.27 04:48:47.187,0.84116,0.84132,1.50,1.50
2012.04.27 04:48:47.330,0.84116,0.84133,1.50,2.25
2012.04.27 04:48:47.531,0.84119,0.84132,1.50,1.50
2012.04.27 04:48:47.607,0.84115,0.84132,2.25,3.00
2012.04.27 04:48:47.741,0.84118,0.84133,1.50,1.50
2012.04.27 04:48:48.051,0.84121,0.84133,1.50,1.50
2012.04.27 04:48:49.741,0.84121,0.84134,1.50,1.50
2012.04.27 04:48:49.812,0.84123,0.84134,1.50,1.50
2012.04.27 04:48:49.939,0.84118,0.84133,1.50,1.50
2012.04.27 04:48:51.162,0.84117,0.84133,1.50,1.50
2012.04.27 04:48:51.717,0.84117,0.84133,1.50,2.25
2012.04.27 04:48:52.686,0.84117,0.84133,1.50,1.50
2012.04.27 04:48:53.068,0.8412,0.84133,1.50,1.50
2012.04.27 04:48:53.699,0.8412,0.84134,1.50,1.50
2012.04.27 04:48:54.250,0.8412,0.84133,1.50,2.25
2012.04.27 04:48:54.599,0.84117,0.84132,1.50,2.25
2012.04.27 04:48:55.405,0.84117,0.84131,1.50,1.50
2012.04.27 04:48:55.612,0.84117,0.84125,1.50,1.50
2012.04.27 04:48:55.682,0.84109,0.84124,1.50,2.25
2012.04.27 04:48:55.752,0.84109,0.8412,1.50,1.50
2012.04.27 04:48:55.998,0.84103,0.8412,2.25,5.18
2012.04.27 04:48:56.128,0.84102,0.84117,3.00,1.50
2012.04.27 04:48:56.454,0.84102,0.84115,1.50,1.50
2012.04.27 04:48:56.841,0.84101,0.8411,1.50,1.50
2012.04.27 04:48:57.099,0.84099,0.84113,2.25,1.50
2012.04.27 04:48:57.229,0.84099,0.84113,1.50,1.50
2012.04.27 04:48:57.940,0.84099,0.84113,1.50,1.50
2012.04.27 04:48:58.691,0.84099,0.84114,1.50,1.50
2012.04.27 04:49:00.875,0.84098,0.84114,3.00,2.25
2012.04.27 04:49:01.071,0.84098,0.84113,1.50,3.00
2012.04.27 04:49:01.149,0.84097,0.84108,1.50,1.50
2012.04.27 04:49:01.579,0.8409,0.84101,1.50,1.50
2012.04.27 04:49:01.890,0.84091,0.84103,1.50,1.50
2012.04.27 04:49:02.503,0.84095,0.84104,1.50,1.50
2012.04.27 04:49:02.575,0.84093,0.84108,1.50,1.50
2012.04.27 04:49:03.141,0.84093,0.84108,1.50,1.50
2012.04.27 04:49:03.450,0.84093,0.84108,1.50,1.50
2012.04.27 04:49:03.833,0.84095,0.84109,1.50,2.25
2012.04.27 04:49:03.904,0.84095,0.84105,1.50,1.50
2012.04.27 04:49:04.211,0.84091,0.84102,1.50,1.50
2012.04.27 04:49:04.352,0.84091,0.841,1.50,1.50
2012.04.27 04:49:04.420,0.84089,0.84102,2.25,1.50
2012.04.27 04:49:04.968,0.84089,0.84103,2.25,1.50
2012.04.27 04:49:09.208,0.84089,0.84105,1.50,1.50
2012.04.27 04:49:09.517,0.84089,0.84101,1.50,1.50
2012.04.27 04:49:11.440,0.84089,0.84101,1.50,1.50
2012.04.27 04:49:11.515,0.84083,0.84098,1.50,1.50
2012.04.27 04:49:12.211,0.84083,0.84098,1.50,1.50
2012.04.27 04:49:12.774,0.84083,0.84099,1.50,1.50
2012.04.27 04:49:13.433,0.84083,0.84097,1.50,1.50
2012.04.27 04:49:13.570,0.84082,0.84099,1.50,2.25
2012.04.27 04:49:14.058,0.8408,0.84093,2.25,1.50
2012.04.27 04:49:14.250,0.8408,0.84093,1.50,1.50
2012.04.27 04:49:14.379,0.84079,0.84093,2.17,2.25
2012.04.27 04:49:14.690,0.84078,0.84089,1.50,1.50
2012.04.27 04:49:15.475,0.84069,0.84082,1.50,1.50
2012.04.27 04:49:15.608,0.84069,0.8408,1.50,1.50
2012.04.27 04:49:16.157,0.84069,0.84083,1.50,1.50
2012.04.27 04:49:16.350,0.84066,0.84083,3.75,2.25
2012.04.27 04:49:16.481,0.84067,0.84083,1.50,2.25
2012.04.27 04:49:16.820,0.84064,0.84076,1.50,1.50
2012.04.27 04:49:16.889,0.84063,0.8408,3.00,1.50
2012.04.27 04:49:17.023,0.84063,0.84077,1.50,2.25
2012.04.27 04:49:17.169,0.84059,0.84075,1.50,2.25
2012.04.27 04:49:17.242,0.84058,0.84074,1.50,3.00
2012.04.27 04:49:17.549,0.8405,0.84068,2.25,3.00
2012.04.27 04:49:17.859,0.84048,0.84065,3.00,2.25
2012.04.27 04:49:17.989,0.84051,0.84066,1.50,2.25
2012.04.27 04:49:18.180,0.84046,0.84063,2.25,2.25
2012.04.27 04:49:18.248,0.84046,0.84063,2.25,3.00
2012.04.27 04:49:18.559,0.84046,0.84063,2.25,3.00
2012.04.27 04:49:18.960,0.84046,0.8406,1.50,1.50
2012.04.27 04:49:19.036,0.84047,0.84062,2.25,2.25
2012.04.27 04:49:19.229,0.84048,0.84062,1.50,1.50
2012.04.27 04:49:19.359,0.84051,0.84064,1.50,1.50
2012.04.27 04:49:19.790,0.84054,0.84069,1.50,1.50
2012.04.27 04:49:20.098,0.84052,0.84067,3.75,1.50
2012.04.27 04:49:20.419,0.84053,0.84065,2.25,1.50
2012.04.27 04:49:20.668,0.84053,0.84067,1.50,1.50
2012.04.27 04:49:21.090,0.84056,0.84067,1.50,1.50
2012.04.27 04:49:21.222,0.84057,0.84072,1.50,1.50
2012.04.27 04:49:21.532,0.84061,0.84075,2.17,1.50
2012.04.27 04:49:22.354,0.84061,0.84074,2.17,1.50
2012.04.27 04:49:22.610,0.84061,0.84078,3.67,1.50
2012.04.27 04:49:23.159,0.84063,0.84079,1.50,1.50
2012.04.27 04:49:23.289,0.84063,0.84079,1.50,1.50
2012.04.27 04:49:23.840,0.84062,0.84077,3.75,1.50
2012.04.27 04:49:24.146,0.84062,0.84077,3.75,1.50
2012.04.27 04:49:24.458,0.84064,0.84077,1.50,1.50
2012.04.27 04:49:24.528,0.84064,0.84079,1.50,1.50
2012.04.27 04:49:24.598,0.84064,0.84077,1.50,1.50
2012.04.27 04:49:24.667,0.84064,0.84079,3.00,1.50
2012.04.27 04:49:25.117,0.84065,0.84079,1.50,1.50
2012.04.27 04:49:25.248,0.84065,0.84077,1.50,1.50
2012.04.27 04:49:25.761,0.84065,0.8408,1.50,1.50
2012.04.27 04:49:27.138,0.84066,0.84083,3.75,1.50
2012.04.27 04:49:27.210,0.84066,0.84083,5.25,1.50
2012.04.27 04:49:27.521,0.84066,0.84083,4.50,1.50
2012.04.27 04:49:27.768,0.8407,0.84087,2.25,2.25
2012.04.27 04:49:28.269,0.8407,0.84087,2.25,2.25
2012.04.27 04:49:28.856,0.8407,0.84087,2.25,2.25
2012.04.27 04:49:29.368,0.8407,0.84087,2.25,2.25
2012.04.27 04:49:29.740,0.84075,0.84088,2.25,1.50
2012.04.27 04:49:29.810,0.84075,0.84088,3.00,1.50
2012.04.27 04:49:30.140,0.84081,0.84097,1.50,2.25
2012.04.27 04:49:30.555,0.84083,0.84098,2.25,1.50
2012.04.27 04:49:30.634,0.84082,0.84098,1.50,1.50
2012.04.27 04:49:31.140,0.84085,0.84098,1.50,1.50
2012.04.27 04:49:31.390,0.84086,0.841,1.50,1.50
2012.04.27 04:49:31.518,0.84086,0.84102,1.50,1.50
2012.04.27 04:49:31.708,0.84087,0.841,1.50,1.50
2012.04.27 04:49:32.020,0.84085,0.841,2.25,1.50
2012.04.27 04:49:32.519,0.84089,0.84103,1.50,1.50
2012.04.27 04:49:32.840,0.84091,0.84104,1.50,1.50
2012.04.27 04:49:32.968,0.84092,0.84105,1.50,1.50
2012.04.27 04:49:33.039,0.84092,0.84105,1.50,2.25
2012.04.27 04:49:33.379,0.84092,0.84098,1.50,1.50
2012.04.27 04:49:33.451,0.84092,0.84103,1.50,3.00
2012.04.27 04:49:33.933,0.84088,0.84103,1.50,4.50
2012.04.27 04:49:34.006,0.84084,0.84098,1.50,1.50
2012.04.27 04:49:34.138,0.84082,0.84098,1.50,3.75
2012.04.27 04:49:34.509,0.84079,0.84095,1.50,2.25
2012.04.27 04:49:35.000,0.84078,0.84095,2.25,2.25
2012.04.27 04:49:35.331,0.84078,0.84093,1.50,2.25
2012.04.27 04:49:35.880,0.84077,0.84089,1.50,1.50
2012.04.27 04:49:36.068,0.84075,0.84089,1.50,1.50
2012.04.27 04:49:36.501,0.84076,0.84089,1.50,1.50
2012.04.27 04:49:36.570,0.84074,0.84089,1.50,1.50
2012.04.27 04:49:36.642,0.84077,0.84089,1.50,1.50
2012.04.27 04:49:36.769,0.84077,0.84089,1.50,1.50
2012.04.27 04:49:37.327,0.84077,0.84089,1.50,1.50
2012.04.27 04:49:37.470,0.84073,0.84088,1.50,3.00
2012.04.27 04:49:38.909,0.84075,0.8409,1.50,3.75
2012.04.27 04:49:39.230,0.84066,0.84077,2.25,1.50
2012.04.27 04:49:39.303,0.84064,0.84077,1.50,1.50
2012.04.27 04:49:39.631,0.8406,0.84076,1.50,1.50
2012.04.27 04:49:40.295,0.84058,0.84075,1.50,2.25
2012.04.27 04:49:40.701,0.84057,0.84072,1.50,1.50
2012.04.27 04:49:41.561,0.84057,0.84072,1.50,2.25
2012.04.27 04:49:42.200,0.84058,0.84075,1.50,3.00
2012.04.27 04:49:42.750,0.84058,0.84075,1.50,2.25
2012.04.27 04:49:42.818,0.84058,0.84075,1.50,2.25
2012.04.27 04:49:43.128,0.84057,0.84072,1.50,1.50
2012.04.27 04:49:45.260,0.84057,0.84072,2.25,1.50
2012.04.27 04:49:45.809,0.84057,0.84073,1.50,1.50
2012.04.27 04:49:46.118,0.84062,0.84078,1.50,1.50
2012.04.27 04:49:46.248,0.8406,0.84077,1.50,2.25
2012.04.27 04:49:46.499,0.84059,0.84074,2.25,1.50
2012.04.27 04:49:48.158,0.8406,0.84074,2.17,1.50
2012.04.27 04:49:48.289,0.8406,0.84077,3.67,1.50
2012.04.27 04:49:48.843,0.8406,0.84075,3.67,1.50
2012.04.27 04:49:48.971,0.84061,0.84078,1.50,3.00
2012.04.27 04:49:49.520,0.8406,0.84075,1.50,1.50
2012.04.27 04:49:50.008,0.84061,0.84078,1.50,2.25
2012.04.27 04:49:51.729,0.84061,0.84078,1.50,3.00
2012.04.27 04:49:52.312,0.84061,0.84078,1.50,3.00
2012.04.27 04:49:52.883,0.84061,0.84078,1.50,3.00
2012.04.27 04:49:53.391,0.84059,0.84076,2.25,1.50
2012.04.27 04:49:53.589,0.84058,0.84073,3.00,1.50
2012.04.27 04:49:54.669,0.84058,0.84073,2.25,1.50
2012.04.27 04:49:55.339,0.84058,0.84073,3.00,1.50
2012.04.27 04:49:55.898,0.84059,0.84076,1.50,2.25
2012.04.27 04:49:57.242,0.84059,0.84076,1.50,1.50
2012.04.27 04:49:58.173,0.84059,0.84076,2.25,2.25
2012.04.27 04:49:58.480,0.84063,0.84078,1.50,2.25
2012.04.27 04:49:58.871,0.84063,0.84075,1.50,1.50
2012.04.27 04:49:58.940,0.84059,0.84073,1.50,2.25
2012.04.27 04:49:59.082,0.8406,0.84075,1.50,3.00
2012.04.27 04:49:59.637,0.8406,0.84075,1.50,3.00
2012.04.27 04:50:00.386,0.84061,0.84078,2.25,3.00
2012.04.27 04:50:00.521,0.84058,0.84067,1.50,1.50
2012.04.27 04:50:00.591,0.84055,0.84067,2.25,1.50
2012.04.27 04:50:00.660,0.84054,0.84067,2.25,1.50
2012.04.27 04:50:00.801,0.84053,0.8407,4.43,1.50
2012.04.27 04:50:00.932,0.84052,0.84068,3.75,1.50
2012.04.27 04:50:01.064,0.84055,0.8407,2.25,1.50
2012.04.27 04:50:01.939,0.84056,0.84073,2.25,2.25
2012.04.27 04:50:02.360,0.84056,0.84073,2.25,3.00
2012.04.27 04:50:02.711,0.84052,0.84064,1.50,1.50
2012.04.27 04:50:03.293,0.84042,0.84056,1.50,1.50
2012.04.27 04:50:03.366,0.84038,0.84054,2.25,1.50
2012.04.27 04:50:03.502,0.84038,0.84053,2.25,1.50
2012.04.27 04:50:03.825,0.84031,0.84048,2.25,1.50
2012.04.27 04:50:04.209,0.84031,0.84048,2.25,1.50
2012.04.27 04:50:05.122,0.84033,0.8405,1.50,2.25
2012.04.27 04:50:05.471,0.84031,0.84047,1.50,1.50
2012.04.27 04:50:05.540,0.84027,0.84043,2.25,1.50
2012.04.27 04:50:05.741,0.84025,0.8404,4.42,1.50
2012.04.27 04:50:05.810,0.84025,0.8404,2.25,1.50
2012.04.27 04:50:05.940,0.84026,0.84043,1.50,1.50
2012.04.27 04:50:06.079,0.84024,0.84041,2.25,1.50
2012.04.27 04:50:06.640,0.84026,0.84043,1.50,3.00
2012.04.27 04:50:06.713,0.84024,0.84041,1.50,1.50
2012.04.27 04:50:07.129,0.84024,0.84041,1.50,3.00
2012.04.27 04:50:07.998,0.84024,0.84041,1.50,2.25
2012.04.27 04:50:08.313,0.84029,0.84042,1.50,3.68
2012.04.27 04:50:08.749,0.84026,0.84041,1.50,2.25
2012.04.27 04:50:08.881,0.84028,0.84042,1.50,2.18
2012.04.27 04:50:09.019,0.8403,0.84045,1.50,1.50
2012.04.27 04:50:09.390,0.8403,0.84047,2.25,2.25
2012.04.27 04:50:09.718,0.8403,0.84047,2.25,3.00
2012.04.27 04:50:10.238,0.8403,0.84047,1.50,2.25
2012.04.27 04:50:10.558,0.84032,0.84048,1.50,1.50
2012.04.27 04:50:10.627,0.84032,0.84048,1.50,1.50
2012.04.27 04:50:11.168,0.8403,0.84048,2.25,1.50
2012.04.27 04:50:11.244,0.84032,0.84049,1.50,1.50
2012.04.27 04:50:11.560,0.84039,0.84054,1.50,2.63
2012.04.27 04:50:12.177,0.8404,0.84054,1.50,1.50
2012.04.27 04:50:12.709,0.8404,0.84054,1.50,1.50
2012.04.27 04:50:13.474,0.8404,0.84055,1.50,3.75
2012.04.27 04:50:14.291,0.8404,0.84055,2.25,2.25
2012.04.27 04:50:14.490,0.84044,0.84059,2.25,1.50
2012.04.27 04:50:14.561,0.84047,0.8406,2.25,1.50
2012.04.27 04:50:14.700,0.84048,0.84064,2.25,1.50
2012.04.27 04:50:14.770,0.84053,0.84066,1.50,1.50
2012.04.27 04:50:14.900,0.84055,0.84068,1.50,1.50
2012.04.27 04:50:14.968,0.84053,0.84068,1.50,1.50
2012.04.27 04:50:15.348,0.84053,0.8407,2.25,1.88
2012.04.27 04:50:15.421,0.84053,0.8407,2.25,1.50
2012.04.27 04:50:16.578,0.84053,0.84071,1.50,4.43
2012.04.27 04:50:17.080,0.84053,0.8407,1.50,2.25
2012.04.27 04:50:17.562,0.84052,0.84068,1.50,1.50
2012.04.27 04:50:18.123,0.84047,0.84068,3.00,1.50
2012.04.27 04:50:18.637,0.84047,0.84068,3.00,1.50
2012.04.27 04:50:19.630,0.84049,0.84069,2.25,1.50
2012.04.27 04:50:20.446,0.8405,0.8407,2.25,1.50
2012.04.27 04:50:20.522,0.8405,0.84072,3.75,1.50
2012.04.27 04:50:24.541,0.84052,0.84072,2.25,1.50
2012.04.27 04:50:24.668,0.84053,0.84074,1.50,1.50
2012.04.27 04:50:25.188,0.84052,0.84076,1.50,3.00
2012.04.27 04:50:25.825,0.84049,0.84071,1.50,1.50
2012.04.27 04:50:26.158,0.84048,0.84066,5.92,1.50
2012.04.27 04:50:26.321,0.84051,0.84066,1.50,1.50
2012.04.27 04:50:26.569,0.84049,0.84066,1.50,1.13
2012.04.27 04:50:26.640,0.84049,0.84066,1.50,1.13
2012.04.27 04:50:26.711,0.84047,0.84066,2.25,2.63
2012.04.27 04:50:26.779,0.84049,0.84064,1.50,2.25
2012.04.27 04:50:28.420,0.84049,0.84061,1.50,1.13
2012.04.27 04:50:28.610,0.84044,0.8406,2.25,2.25
2012.04.27 04:50:28.738,0.84044,0.8406,2.25,2.25
2012.04.27 04:50:29.047,0.84039,0.84056,2.25,2.25
2012.04.27 04:50:29.130,0.84039,0.84056,2.25,2.25
2012.04.27 04:50:29.203,0.84039,0.84053,2.25,1.50
2012.04.27 04:50:29.510,0.84034,0.84048,2.17,1.50
2012.04.27 04:50:30.710,0.84033,0.84051,1.50,1.50
2012.04.27 04:50:30.780,0.8403,0.84048,1.50,1.50
2012.04.27 04:50:31.209,0.84029,0.84047,2.25,1.50
2012.04.27 04:50:31.530,0.84029,0.84046,1.50,2.25
2012.04.27 04:50:31.990,0.8403,0.84046,1.50,1.50
2012.04.27 04:50:32.130,0.84033,0.84054,1.50,1.50
2012.04.27 04:50:32.380,0.84033,0.84047,1.50,1.50
2012.04.27 04:50:32.701,0.84036,0.84047,1.50,1.50
2012.04.27 04:50:32.769,0.84036,0.84051,3.00,1.50
2012.04.27 04:50:32.840,0.84038,0.84051,2.25,1.50
2012.04.27 04:50:32.971,0.84039,0.84053,1.50,1.50
2012.04.27 04:50:33.162,0.84042,0.84058,1.50,2.25
2012.04.27 04:50:33.420,0.84044,0.84059,1.50,1.50
2012.04.27 04:50:33.742,0.84047,0.84061,2.92,2.25
2012.04.27 04:50:34.212,0.84047,0.84063,4.42,2.25
2012.04.27 04:50:34.492,0.84048,0.84059,1.50,1.50
2012.04.27 04:50:34.680,0.84046,0.84059,1.50,1.50
2012.04.27 04:50:34.750,0.84046,0.84061,1.50,1.50
2012.04.27 04:50:35.000,0.84049,0.84065,1.50,2.25
2012.04.27 04:50:35.511,0.84049,0.84065,2.25,2.25
2012.04.27 04:50:36.089,0.84047,0.84063,4.50,1.50
2012.04.27 04:50:36.219,0.84047,0.84063,5.25,1.50
2012.04.27 04:50:36.287,0.84047,0.84063,6.00,1.50
2012.04.27 04:50:36.842,0.8405,0.84062,1.50,1.50
2012.04.27 04:50:36.911,0.8405,0.84066,3.00,1.50
2012.04.27 04:50:37.523,0.8405,0.84065,2.25,1.50
2012.04.27 04:50:38.959,0.84054,0.84071,1.50,2.25
2012.04.27 04:50:39.570,0.84057,0.8407,1.50,1.50
2012.04.27 04:50:39.640,0.84054,0.8407,1.50,1.50
2012.04.27 04:50:39.708,0.84054,0.8407,1.50,1.50
2012.04.27 04:50:40.658,0.84052,0.84067,1.50,2.25
2012.04.27 04:50:40.910,0.84052,0.84072,1.50,2.25
2012.04.27 04:50:42.808,0.84051,0.84072,3.00,2.25
2012.04.27 04:50:43.357,0.84051,0.84072,2.25,2.25
2012.04.27 04:50:43.608,0.84051,0.84072,3.00,2.25
2012.04.27 04:50:44.651,0.84051,0.84072,3.00,2.25
2012.04.27 04:50:46.447,0.84054,0.84073,1.50,2.25
2012.04.27 04:50:53.228,0.84054,0.84073,2.25,3.00
2012.04.27 04:50:54.083,0.84054,0.84073,2.25,3.00
2012.04.27 04:50:54.798,0.84052,0.84072,3.00,2.25
2012.04.27 04:50:55.622,0.84052,0.84071,3.00,1.50
2012.04.27 04:50:57.071,0.84052,0.84071,3.75,1.50
2012.04.27 04:50:57.378,0.84056,0.84077,2.25,1.50
2012.04.27 04:50:57.887,0.84059,0.84077,1.50,1.50
2012.04.27 04:51:00.509,0.84059,0.84077,1.50,1.50
2012.04.27 04:51:00.999,0.8406,0.8408,1.50,2.25
2012.04.27 04:51:01.440,0.84058,0.84076,3.00,1.50
2012.04.27 04:51:01.761,0.84054,0.84074,1.50,3.68
2012.04.27 04:51:01.889,0.84052,0.84073,3.00,1.50
2012.04.27 04:51:01.959,0.84052,0.84073,2.25,1.50
2012.04.27 04:51:02.148,0.84052,0.84071,1.50,1.50
2012.04.27 04:51:02.284,0.8405,0.84069,1.50,1.50
2012.04.27 04:51:02.899,0.84051,0.8407,1.50,2.25
2012.04.27 04:51:03.812,0.84051,0.8407,1.50,1.50
2012.04.27 04:51:04.291,0.84051,0.84071,2.25,1.50
2012.04.27 04:51:04.819,0.84053,0.84072,1.50,1.50
2012.04.27 04:51:05.340,0.84053,0.84072,1.50,1.50
2012.04.27 04:51:05.708,0.84052,0.84072,1.50,3.75
2012.04.27 04:51:05.908,0.84052,0.84069,1.50,2.25
2012.04.27 04:51:06.950,0.84052,0.84067,1.50,1.50
2012.04.27 04:51:07.248,0.8405,0.84067,3.00,1.50
2012.04.27 04:51:07.790,0.84049,0.84068,1.50,1.50
2012.04.27 04:51:08.580,0.8405,0.84069,1.50,1.50
2012.04.27 04:51:08.648,0.8405,0.84069,2.25,1.50
2012.04.27 04:51:08.788,0.8405,0.8407,3.00,3.75
2012.04.27 04:51:09.170,0.84052,0.8407,1.50,1.50
2012.04.27 04:51:11.209,0.84052,0.8407,1.50,1.50
2012.04.27 04:51:12.306,0.84052,0.84071,1.50,2.25
2012.04.27 04:51:12.586,0.84052,0.84071,1.50,2.25
2012.04.27 04:51:12.909,0.84051,0.84066,1.50,1.50
2012.04.27 04:51:13.228,0.84048,0.84065,1.50,1.50
2012.04.27 04:51:13.779,0.84047,0.84065,1.50,2.25
2012.04.27 04:51:14.960,0.84047,0.84065,1.50,2.25
2012.04.27 04:51:15.290,0.84042,0.84061,1.50,1.50
2012.04.27 04:51:15.418,0.84042,0.84061,1.50,1.50
2012.04.27 04:51:17.964,0.84042,0.84061,2.25,2.25
2012.04.27 04:51:18.147,0.84042,0.84061,3.00,1.50
2012.04.27 04:51:19.481,0.84042,0.84061,1.50,1.50
2012.04.27 04:51:19.550,0.84042,0.84061,1.50,1.50
2012.04.27 04:51:22.100,0.84042,0.84061,2.25,1.50
2012.04.27 04:51:22.611,0.84042,0.84061,1.50,1.50
2012.04.27 04:51:22.916,0.84039,0.8406,1.50,1.50
2012.04.27 04:51:23.229,0.8404,0.8406,1.50,1.50
2012.04.27 04:51:24.017,0.8404,0.84059,1.50,2.25
2012.04.27 04:51:24.568,0.8404,0.84059,1.50,2.25
2012.04.27 04:51:24.699,0.8404,0.84059,1.50,2.25
2012.04.27 04:51:25.190,0.84038,0.84056,1.50,1.50
2012.04.27 04:51:25.518,0.84036,0.84055,1.50,1.50
2012.04.27 04:51:26.027,0.84036,0.84051,1.50,1.50
2012.04.27 04:51:27.525,0.84034,0.84047,1.50,1.50
2012.04.27 04:51:27.781,0.84032,0.84047,1.50,1.50
2012.04.27 04:51:28.208,0.84031,0.84044,1.50,1.50
2012.04.27 04:51:28.770,0.84031,0.84044,1.50,1.50
2012.04.27 04:51:29.102,0.84031,0.84042,1.50,1.50
2012.04.27 04:51:30.149,0.84031,0.84045,1.50,1.50
2012.04.27 04:51:30.707,0.84032,0.84047,2.25,1.50
2012.04.27 04:51:31.259,0.84032,0.84047,2.25,1.50
2012.04.27 04:51:31.464,0.84034,0.84049,3.00,1.50
2012.04.27 04:51:31.650,0.84036,0.84051,1.50,3.00
2012.04.27 04:51:31.898,0.84038,0.84053,1.50,3.00
2012.04.27 04:51:32.449,0.84038,0.84053,2.25,1.50
2012.04.27 04:51:33.247,0.84038,0.84053,1.50,2.25
2012.04.27 04:51:33.810,0.84036,0.84053,2.25,2.25
2012.04.27 04:51:33.881,0.84035,0.84049,1.50,1.50
2012.04.27 04:51:34.198,0.84034,0.84049,2.25,1.50
2012.04.27 04:51:34.748,0.84034,0.84048,2.25,1.50
2012.04.27 04:51:35.351,0.84034,0.84048,2.25,1.50
2012.04.27 04:51:36.448,0.84033,0.84048,1.50,1.50
2012.04.27 04:51:36.897,0.84031,0.84045,1.50,1.50
2012.04.27 04:51:37.450,0.8403,0.84043,2.25,1.50
2012.04.27 04:51:37.518,0.8403,0.84045,2.25,1.50
2012.04.27 04:51:42.051,0.8403,0.84041,1.50,4.35
2012.04.27 04:51:42.499,0.84025,0.84037,1.50,1.50
2012.04.27 04:51:42.911,0.84025,0.8404,2.25,2.25
2012.04.27 04:51:43.042,0.84025,0.84038,2.25,1.50
2012.04.27 04:51:43.351,0.84026,0.8404,1.50,1.50
2012.04.27 04:51:43.421,0.84026,0.84042,1.50,1.50
2012.04.27 04:51:43.552,0.84027,0.8404,1.50,1.50
2012.04.27 04:51:44.150,0.84029,0.84042,1.50,1.50
2012.04.27 04:51:44.488,0.84029,0.84042,1.50,1.50
2012.04.27 04:51:45.063,0.84029,0.84042,1.50,1.50
2012.04.27 04:51:45.939,0.84029,0.84045,1.50,1.50
2012.04.27 04:51:46.128,0.84029,0.84043,1.50,1.50
2012.04.27 04:51:46.620,0.84028,0.84042,1.50,1.50
2012.04.27 04:51:46.809,0.84029,0.84045,2.25,1.50
2012.04.27 04:51:46.882,0.84026,0.84043,2.25,2.25
2012.04.27 04:51:47.438,0.84026,0.84043,2.25,2.25
2012.04.27 04:51:48.197,0.84025,0.84041,1.50,1.50
2012.04.27 04:51:48.330,0.84024,0.84041,3.00,2.25
2012.04.27 04:51:48.399,0.84024,0.84038,1.50,1.50
2012.04.27 04:51:48.907,0.84024,0.84037,1.50,1.50
2012.04.27 04:51:49.860,0.84025,0.84035,1.50,1.50
2012.04.27 04:51:50.289,0.84024,0.84033,1.50,1.50
2012.04.27 04:51:50.833,0.84022,0.84033,1.50,1.50
2012.04.27 04:51:51.090,0.84022,0.84036,1.50,1.50
2012.04.27 04:51:51.459,0.84022,0.84036,1.50,1.50
2012.04.27 04:51:51.530,0.84023,0.84038,3.00,1.50
2012.04.27 04:51:53.637,0.84023,0.84038,3.00,1.50
2012.04.27 04:51:53.778,0.84023,0.84038,3.00,1.50
2012.04.27 04:51:54.300,0.84022,0.84035,1.50,1.50
2012.04.27 04:51:54.371,0.84023,0.84038,2.25,1.50
2012.04.27 04:51:56.790,0.84022,0.84036,1.50,1.50
2012.04.27 04:51:57.661,0.84021,0.84034,1.50,1.50
2012.04.27 04:51:58.088,0.84022,0.84037,1.50,1.50
2012.04.27 04:51:58.771,0.8402,0.84037,2.25,1.50
2012.04.27 04:51:59.078,0.84022,0.84034,1.50,1.50
2012.04.27 04:52:00.181,0.8402,0.84034,1.50,1.50
2012.04.27 04:52:00.252,0.84023,0.84038,2.25,1.50
2012.04.27 04:52:00.382,0.8402,0.84037,2.25,1.50
2012.04.27 04:52:00.630,0.84019,0.84034,3.00,1.50
2012.04.27 04:52:01.181,0.84019,0.84035,1.50,1.50
2012.04.27 04:52:01.570,0.84019,0.84032,1.50,1.50
2012.04.27 04:52:01.932,0.84019,0.84034,3.00,1.50
2012.04.27 04:52:02.450,0.84019,0.84034,3.00,1.50
2012.04.27 04:52:02.522,0.84019,0.8403,1.50,1.50
2012.04.27 04:52:02.721,0.84015,0.8403,3.00,1.50
2012.04.27 04:52:02.970,0.84015,0.8403,2.25,1.50
2012.04.27 04:52:03.222,0.84013,0.84029,1.50,1.50
2012.04.27 04:52:03.945,0.84013,0.84029,1.50,1.50
2012.04.27 04:52:04.377,0.84012,0.84028,1.50,1.50
2012.04.27 04:52:04.907,0.84012,0.84028,1.50,1.50
2012.04.27 04:52:05.123,0.84011,0.84028,1.50,2.25
2012.04.27 04:52:05.191,0.84011,0.84028,1.50,2.25
2012.04.27 04:52:05.521,0.84007,0.84022,1.50,1.50
2012.04.27 04:52:05.770,0.84008,0.84025,2.25,2.25
2012.04.27 04:52:06.020,0.84009,0.8402,1.50,1.50
2012.04.27 04:52:06.208,0.84007,0.84023,1.50,2.25
2012.04.27 04:52:06.971,0.84009,0.84024,3.00,1.50
2012.04.27 04:52:07.111,0.84011,0.84026,2.25,2.25
2012.04.27 04:52:07.759,0.84009,0.84021,1.50,1.50
2012.04.27 04:52:08.309,0.84006,0.84021,3.00,2.25
2012.04.27 04:52:09.484,0.84006,0.84019,1.50,1.50
2012.04.27 04:52:09.669,0.84004,0.84019,1.50,2.25
2012.04.27 04:52:09.739,0.84004,0.84016,1.50,1.50
2012.04.27 04:52:10.447,0.84004,0.84016,1.50,1.50
2012.04.27 04:52:11.074,0.84,0.84015,1.50,1.33
2012.04.27 04:52:11.346,0.83996,0.8401,1.50,2.25
2012.04.27 04:52:11.489,0.83995,0.8401,2.25,3.00
2012.04.27 04:52:11.631,0.8399,0.84005,1.50,1.50
2012.04.27 04:52:11.951,0.83994,0.84008,2.25,2.25
2012.04.27 04:52:12.448,0.83995,0.8401,2.25,2.25
2012.04.27 04:52:12.521,0.83995,0.8401,2.25,2.25
2012.04.27 04:52:12.770,0.83994,0.84005,1.50,1.50
2012.04.27 04:52:13.329,0.83993,0.84006,1.50,1.50
2012.04.27 04:52:13.459,0.83993,0.8401,3.75,1.50
2012.04.27 04:52:13.531,0.83993,0.84008,2.25,1.50
2012.04.27 04:52:13.663,0.83993,0.84008,1.50,1.88
2012.04.27 04:52:14.146,0.8398,0.83995,1.50,1.50
2012.04.27 04:52:14.339,0.8398,0.83997,3.00,1.50
2012.04.27 04:52:14.410,0.83982,0.83997,3.00,2.25
2012.04.27 04:52:14.734,0.83982,0.8399,1.50,2.93
2012.04.27 04:52:14.862,0.83977,0.83988,2.25,1.50
2012.04.27 04:52:15.001,0.83971,0.83986,1.50,1.50
2012.04.27 04:52:15.318,0.83973,0.83988,3.00,1.50
2012.04.27 04:52:15.822,0.83973,0.83988,1.50,3.75
2012.04.27 04:52:16.083,0.8397,0.83987,3.00,2.25
2012.04.27 04:52:16.153,0.83973,0.83987,1.50,2.25
2012.04.27 04:52:16.490,0.83971,0.83986,2.25,3.00
2012.04.27 04:52:17.177,0.83971,0.83981,1.50,3.00
2012.04.27 04:52:17.325,0.83964,0.83979,1.50,2.25
2012.04.27 04:52:17.404,0.83968,0.83983,1.50,5.93
2012.04.27 04:52:17.599,0.83968,0.83983,1.50,2.25
2012.04.27 04:52:17.741,0.83967,0.83984,1.50,3.00
2012.04.27 04:52:18.469,0.83967,0.83984,1.50,2.25
2012.04.27 04:52:18.781,0.83967,0.83984,1.50,2.25
2012.04.27 04:52:18.850,0.83965,0.83979,2.17,1.50
2012.04.27 04:52:19.110,0.83966,0.83981,2.25,1.50
2012.04.27 04:52:19.181,0.83967,0.83984,1.50,1.50
2012.04.27 04:52:19.981,0.83967,0.83984,3.67,1.50
2012.04.27 04:52:20.056,0.83969,0.83986,2.25,2.25
2012.04.27 04:52:20.331,0.83971,0.83983,2.17,1.50
2012.04.27 04:52:20.470,0.83972,0.83989,2.25,2.25
2012.04.27 04:52:21.029,0.83972,0.83989,2.25,1.50
2012.04.27 04:52:21.549,0.83972,0.83989,3.00,1.50
2012.04.27 04:52:21.751,0.83974,0.83991,2.25,2.25
2012.04.27 04:52:21.939,0.83974,0.83991,1.50,2.25
2012.04.27 04:52:22.198,0.83977,0.83992,1.50,2.25
2012.04.27 04:52:22.520,0.83977,0.83992,1.50,2.25
2012.04.27 04:52:22.840,0.83974,0.83991,2.25,2.25
2012.04.27 04:52:23.367,0.83979,0.83994,1.50,3.00
2012.04.27 04:52:23.499,0.8398,0.83995,1.50,1.50
2012.04.27 04:52:24.047,0.83978,0.83995,1.50,3.00
2012.04.27 04:52:24.788,0.83981,0.83995,1.50,1.50
2012.04.27 04:52:25.219,0.83981,0.83996,1.50,2.25
2012.04.27 04:52:25.780,0.83981,0.83996,1.50,2.25
2012.04.27 04:52:25.850,0.83981,0.83993,1.50,1.50
2012.04.27 04:52:26.242,0.83979,0.8399,1.50,2.25
2012.04.27 04:52:26.453,0.83975,0.83988,1.50,1.50
2012.04.27 04:52:26.519,0.83972,0.83988,1.50,1.50
2012.04.27 04:52:26.593,0.83972,0.83986,1.50,1.50
2012.04.27 04:52:27.235,0.83971,0.83986,1.50,1.88
2012.04.27 04:52:27.697,0.83971,0.83986,1.50,1.88
2012.04.27 04:52:28.243,0.8397,0.83984,1.50,1.50
2012.04.27 04:52:28.428,0.83968,0.83982,1.50,1.50
2012.04.27 04:52:29.223,0.83968,0.83983,1.50,2.25
2012.04.27 04:52:29.659,0.83964,0.83981,1.50,2.25
2012.04.27 04:52:29.790,0.83964,0.83981,1.50,2.25
2012.04.27 04:52:30.249,0.83965,0.8398,1.50,2.25
2012.04.27 04:52:30.380,0.83967,0.83981,1.50,1.50
2012.04.27 04:52:30.508,0.83967,0.83982,1.50,3.00
2012.04.27 04:52:30.579,0.83971,0.83982,1.50,1.50
2012.04.27 04:52:30.648,0.83966,0.83982,1.50,1.50
2012.04.27 04:52:30.901,0.83966,0.83978,1.50,1.50
2012.04.27 04:52:31.289,0.83965,0.83978,1.50,1.50
2012.04.27 04:52:31.367,0.83957,0.83971,1.50,1.50
2012.04.27 04:52:31.440,0.83954,0.8397,1.50,1.50
2012.04.27 04:52:31.691,0.83955,0.83972,1.50,1.50
2012.04.27 04:52:31.942,0.83958,0.83973,1.50,1.50
2012.04.27 04:52:32.252,0.83962,0.83977,1.50,2.25
2012.04.27 04:52:32.589,0.83957,0.83972,1.50,1.50
2012.04.27 04:52:32.839,0.83959,0.83976,2.25,1.50
2012.04.27 04:52:33.030,0.83962,0.83977,1.50,2.25
2012.04.27 04:52:33.399,0.83962,0.83979,2.25,1.50
2012.04.27 04:52:33.529,0.83966,0.83982,1.50,3.75
2012.04.27 04:52:33.838,0.83966,0.83981,1.50,1.50
2012.04.27 04:52:34.431,0.83966,0.83981,1.50,2.25
2012.04.27 04:52:34.501,0.83961,0.83978,1.50,2.25
2012.04.27 04:52:35.358,0.83961,0.83978,1.50,2.25
2012.04.27 04:52:35.688,0.83958,0.83973,4.42,1.50
2012.04.27 04:52:36.001,0.83959,0.83974,1.50,1.50
2012.04.27 04:52:36.200,0.83959,0.83971,1.50,1.50
2012.04.27 04:52:36.273,0.83952,0.83967,1.50,1.50
2012.04.27 04:52:36.339,0.83956,0.83971,1.50,3.00
2012.04.27 04:52:36.590,0.83952,0.83969,2.25,3.00
2012.04.27 04:52:36.840,0.83952,0.83968,1.50,2.25
2012.04.27 04:52:37.150,0.83951,0.83966,1.50,3.00
2012.04.27 04:52:37.220,0.83951,0.83966,1.50,3.00
2012.04.27 04:52:37.820,0.83951,0.83966,1.50,3.00
2012.04.27 04:52:38.369,0.83951,0.83966,1.50,3.00
2012.04.27 04:52:38.500,0.83953,0.83966,1.50,1.50
2012.04.27 04:52:39.024,0.83954,0.83967,1.50,1.50
2012.04.27 04:52:39.331,0.83952,0.83968,1.50,2.17
2012.04.27 04:52:39.879,0.8395,0.83966,2.25,1.50
2012.04.27 04:52:40.020,0.83953,0.83969,1.50,2.25
2012.04.27 04:52:41.108,0.83951,0.83968,2.25,1.50
2012.04.27 04:52:41.458,0.83949,0.83965,2.25,1.50
2012.04.27 04:52:42.150,0.83949,0.83965,3.00,1.50
2012.04.27 04:52:42.220,0.83949,0.83968,3.00,3.75
2012.04.27 04:52:42.712,0.83948,0.83963,1.50,2.25
2012.04.27 04:52:43.267,0.83948,0.83964,1.50,1.50
2012.04.27 04:52:43.701,0.83949,0.83964,2.25,2.25
2012.04.27 04:52:43.772,0.83949,0.83964,2.25,1.50
2012.04.27 04:52:44.449,0.83949,0.83964,1.50,1.50
2012.04.27 04:52:44.770,0.83956,0.83965,1.50,1.50
2012.04.27 04:52:44.898,0.83948,0.83963,1.50,2.25
2012.04.27 04:52:45.087,0.83949,0.83965,1.50,1.50
2012.04.27 04:52:45.524,0.83948,0.83963,2.25,1.50
2012.04.27 04:52:45.652,0.83949,0.83966,2.25,2.25
2012.04.27 04:52:45.843,0.83949,0.83966,1.50,2.25
2012.04.27 04:52:45.969,0.83947,0.83964,3.00,2.25
2012.04.27 04:52:46.039,0.8395,0.83965,1.50,2.25
2012.04.27 04:52:46.595,0.83945,0.83961,2.25,3.30
2012.04.27 04:52:46.729,0.83947,0.83961,1.50,3.30
2012.04.27 04:52:47.098,0.83945,0.83961,2.25,3.30
2012.04.27 04:52:47.171,0.83947,0.83961,1.50,1.13
2012.04.27 04:52:48.080,0.8395,0.83963,1.50,1.13
2012.04.27 04:52:48.330,0.83947,0.83961,3.00,1.13
2012.04.27 04:52:48.891,0.83949,0.83963,2.25,1.50
2012.04.27 04:52:48.961,0.83949,0.83966,2.25,3.00
2012.04.27 04:52:49.449,0.83948,0.83961,1.50,1.50
2012.04.27 04:52:49.997,0.83948,0.83962,1.50,1.50
2012.04.27 04:52:50.499,0.83949,0.83962,1.50,1.50
2012.04.27 04:52:50.632,0.8395,0.83964,1.50,1.50
2012.04.27 04:52:50.759,0.83952,0.83968,3.00,1.50
2012.04.27 04:52:51.501,0.83952,0.83968,1.50,3.00
2012.04.27 04:52:51.572,0.83954,0.83968,1.50,1.50
2012.04.27 04:52:51.641,0.83952,0.83968,1.50,1.50
2012.04.27 04:52:51.712,0.83951,0.83965,1.50,1.50
2012.04.27 04:52:51.841,0.83951,0.83968,2.25,1.50
2012.04.27 04:52:52.329,0.83955,0.83969,1.50,2.25
2012.04.27 04:52:52.401,0.83952,0.83967,2.25,1.50
2012.04.27 04:52:52.660,0.83956,0.83967,2.17,1.50
2012.04.27 04:52:52.970,0.83956,0.83973,4.42,1.50
2012.04.27 04:52:53.604,0.83956,0.83973,1.50,3.00
2012.04.27 04:52:54.107,0.83957,0.83973,1.50,3.00
2012.04.27 04:52:54.421,0.83958,0.83974,2.25,2.25
2012.04.27 04:52:54.790,0.83956,0.83973,2.25,1.50
2012.04.27 04:52:54.862,0.83956,0.83966,1.50,2.25
2012.04.27 04:52:55.411,0.83957,0.83964,1.50,1.13
2012.04.27 04:52:56.319,0.83953,0.83964,1.50,1.13
2012.04.27 04:52:56.640,0.83958,0.83964,1.50,1.13
2012.04.27 04:52:56.890,0.83957,0.8397,1.50,1.50
2012.04.27 04:52:57.383,0.83954,0.83967,1.50,1.50
2012.04.27 04:52:57.638,0.83955,0.8397,1.50,5.18
2012.04.27 04:52:57.830,0.83953,0.83966,1.50,1.50
2012.04.27 04:52:58.910,0.83951,0.83966,3.00,1.50
2012.04.27 04:52:59.281,0.83951,0.83964,1.50,1.50
2012.04.27 04:52:59.590,0.83947,0.83961,1.50,1.50
2012.04.27 04:53:00.460,0.83947,0.83962,2.25,1.50
2012.04.27 04:53:01.386,0.8395,0.83962,1.50,1.50
2012.04.27 04:53:01.460,0.83953,0.83968,1.50,1.50
2012.04.27 04:53:01.530,0.83953,0.83968,1.50,2.25
2012.04.27 04:53:01.801,0.83949,0.83966,2.25,3.00
2012.04.27 04:53:01.871,0.83949,0.83966,2.25,3.00
2012.04.27 04:53:03.110,0.83949,0.83964,1.50,1.50
2012.04.27 04:53:03.553,0.83954,0.83969,1.50,5.18
2012.04.27 04:53:04.179,0.83954,0.83969,1.50,1.50
2012.04.27 04:53:04.833,0.83956,0.83971,1.50,3.75
2012.04.27 04:53:05.202,0.83956,0.83967,1.50,1.50
2012.04.27 04:53:05.629,0.83956,0.8397,1.50,3.68
2012.04.27 04:53:05.940,0.83953,0.83968,1.50,1.50
2012.04.27 04:53:06.011,0.83955,0.83971,1.50,2.93
2012.04.27 04:53:06.140,0.83957,0.83972,1.50,1.50
2012.04.27 04:53:07.129,0.83957,0.83974,1.50,3.00
2012.04.27 04:53:07.659,0.83957,0.83974,2.25,2.25
2012.04.27 04:53:08.406,0.83959,0.83974,1.50,1.50
2012.04.27 04:53:08.751,0.83965,0.83982,2.25,2.25
2012.04.27 04:53:09.011,0.83968,0.83982,1.50,1.50
2012.04.27 04:53:09.201,0.83968,0.83984,1.50,1.50
2012.04.27 04:53:09.390,0.83974,0.83988,1.50,2.25
2012.04.27 04:53:09.939,0.83971,0.83988,1.50,3.75
2012.04.27 04:53:10.379,0.8397,0.83984,1.50,1.50
2012.04.27 04:53:10.509,0.83972,0.83989,2.25,3.00
2012.04.27 04:53:10.581,0.83975,0.83989,1.50,3.00
2012.04.27 04:53:11.011,0.83975,0.83991,1.50,2.25
2012.04.27 04:53:11.138,0.83978,0.83991,1.50,2.25
2012.04.27 04:53:11.351,0.83975,0.83991,1.50,2.25
2012.04.27 04:53:11.554,0.83978,0.83991,1.50,2.25
2012.04.27 04:53:12.093,0.83975,0.83991,1.50,2.25
2012.04.27 04:53:12.712,0.83974,0.83989,1.50,1.50
2012.04.27 04:53:13.880,0.83974,0.8399,2.25,1.50
2012.04.27 04:53:14.551,0.83978,0.83994,1.50,3.75
2012.04.27 04:53:14.992,0.83978,0.83995,1.50,1.50
2012.04.27 04:53:15.192,0.83988,0.83997,1.50,1.88
2012.04.27 04:53:15.263,0.83988,0.83998,1.50,1.13
2012.04.27 04:53:15.688,0.83986,0.83998,1.50,1.13
2012.04.27 04:53:15.752,0.8399,0.84009,3.67,1.50
2012.04.27 04:53:15.821,0.83992,0.84011,1.50,2.25
2012.04.27 04:53:16.015,0.83993,0.84013,1.50,2.25
2012.04.27 04:53:16.352,0.83995,0.84014,1.50,1.50
2012.04.27 04:53:16.563,0.83996,0.84019,1.50,2.25
2012.04.27 04:53:16.890,0.84,0.84021,2.25,4.43
2012.04.27 04:53:17.024,0.84,0.84021,2.25,4.43
2012.04.27 04:53:18.662,0.83998,0.84016,1.50,2.25
2012.04.27 04:53:18.850,0.83994,0.84013,1.50,1.50
2012.04.27 04:53:19.159,0.83992,0.84013,2.25,1.50
2012.04.27 04:53:19.730,0.83992,0.84011,2.25,2.25
2012.04.27 04:53:20.309,0.83992,0.84013,2.25,1.50
2012.04.27 04:53:20.499,0.83993,0.84012,2.17,3.00
2012.04.27 04:53:20.691,0.83992,0.84012,1.50,3.00
2012.04.27 04:53:21.022,0.83991,0.8401,2.25,1.50
2012.04.27 04:53:21.151,0.83991,0.8401,2.25,1.50
2012.04.27 04:53:22.139,0.83991,0.84012,2.25,2.25
2012.04.27 04:53:23.059,0.83992,0.84012,1.50,1.50
2012.04.27 04:53:24.457,0.83992,0.84012,2.25,1.50
2012.04.27 04:53:25.343,0.83996,0.84014,1.50,2.25
2012.04.27 04:53:25.416,0.83998,0.84016,1.50,1.50
2012.04.27 04:53:25.488,0.83998,0.8402,2.25,2.25
2012.04.27 04:53:25.992,0.84,0.8402,1.50,3.00
2012.04.27 04:53:26.240,0.84002,0.84021,2.25,1.50
2012.04.27 04:53:26.743,0.84004,0.84021,3.67,1.50
2012.04.27 04:53:27.098,0.84003,0.84018,2.25,2.25
2012.04.27 04:53:27.169,0.84001,0.84018,1.50,2.25
2012.04.27 04:53:27.241,0.84,0.84017,2.25,1.50
2012.04.27 04:53:27.550,0.83999,0.84011,2.25,1.50
2012.04.27 04:53:28.117,0.83999,0.84014,1.50,1.50
2012.04.27 04:53:30.451,0.83997,0.84014,2.25,2.25
2012.04.27 04:53:30.522,0.83996,0.84012,3.75,1.50
2012.04.27 04:53:30.662,0.83995,0.84011,1.50,1.50
2012.04.27 04:53:31.343,0.83994,0.84011,2.25,3.00
2012.04.27 04:53:32.040,0.83993,0.84008,1.50,1.50
2012.04.27 04:53:32.288,0.83993,0.8401,3.00,1.50
2012.04.27 04:53:33.249,0.83991,0.84007,1.50,1.50
2012.04.27 04:53:33.892,0.83992,0.84005,1.50,1.50
2012.04.27 04:53:34.212,0.83994,0.84006,1.50,1.50
2012.04.27 04:53:35.051,0.83994,0.84009,1.50,1.50
2012.04.27 04:53:35.360,0.83994,0.84005,1.50,1.50
2012.04.27 04:53:35.428,0.83996,0.84011,2.25,1.50
2012.04.27 04:53:37.497,0.83996,0.84011,2.25,1.50
2012.04.27 04:53:37.770,0.83996,0.84011,1.50,1.50
2012.04.27 04:53:38.828,0.83996,0.84011,2.25,1.50
2012.04.27 04:53:39.398,0.83999,0.84013,1.50,1.50
2012.04.27 04:53:39.850,0.83996,0.84011,1.50,1.50
2012.04.27 04:53:40.179,0.83991,0.84006,2.25,1.50
2012.04.27 04:53:41.039,0.83991,0.84006,2.25,1.50
2012.04.27 04:53:41.379,0.83994,0.84011,2.25,2.25
2012.04.27 04:53:41.919,0.83995,0.84011,1.50,1.50
2012.04.27 04:53:42.614,0.83997,0.84012,2.25,1.50
2012.04.27 04:53:44.490,0.83997,0.84012,2.25,2.25
2012.04.27 04:53:48.669,0.83999,0.84012,1.50,1.50
2012.04.27 04:53:48.742,0.83996,0.84011,1.50,1.50
2012.04.27 04:53:53.162,0.83997,0.84012,1.50,1.50
2012.04.27 04:53:54.177,0.83996,0.84011,1.50,1.50
2012.04.27 04:53:55.021,0.83997,0.84012,1.50,1.50
2012.04.27 04:53:55.690,0.83997,0.84012,1.50,1.50
2012.04.27 04:53:58.354,0.83997,0.84011,1.50,1.50
2012.04.27 04:53:58.424,0.83992,0.84007,5.17,1.50
2012.04.27 04:53:58.945,0.83992,0.84006,3.67,1.50
2012.04.27 04:53:59.448,0.83991,0.84006,1.50,1.50
2012.04.27 04:54:02.041,0.83992,0.84008,2.25,1.50
2012.04.27 04:54:02.168,0.83991,0.84004,1.50,1.50
2012.04.27 04:54:02.239,0.83991,0.84006,1.50,1.50
2012.04.27 04:54:03.307,0.83986,0.84,2.25,1.50
2012.04.27 04:54:03.382,0.83985,0.84,2.25,2.25
2012.04.27 04:54:03.452,0.83983,0.83996,2.25,1.50
2012.04.27 04:54:03.520,0.83983,0.83996,1.50,1.50
2012.04.27 04:54:03.593,0.83981,0.83991,1.50,1.50
2012.04.27 04:54:03.792,0.83973,0.83985,2.25,1.50
2012.04.27 04:54:03.860,0.83974,0.83988,1.50,1.50
2012.04.27 04:54:04.120,0.83974,0.83988,1.50,1.50
2012.04.27 04:54:04.630,0.83974,0.83988,1.50,1.50
2012.04.27 04:54:07.590,0.83971,0.83988,2.25,2.25
2012.04.27 04:54:07.789,0.83971,0.83988,2.25,2.25
2012.04.27 04:54:08.490,0.8397,0.83986,1.50,1.50
2012.04.27 04:54:08.820,0.8397,0.83985,1.50,1.50
2012.04.27 04:54:09.639,0.8397,0.83983,1.50,1.50
2012.04.27 04:54:09.891,0.83973,0.8399,1.50,3.00
2012.04.27 04:54:10.021,0.83971,0.83986,2.25,1.50
2012.04.27 04:54:10.268,0.8397,0.83984,1.50,1.50
2012.04.27 04:54:10.399,0.83971,0.83986,1.50,1.50
2012.04.27 04:54:10.650,0.83971,0.83986,2.25,1.50
2012.04.27 04:54:10.980,0.83973,0.83989,1.50,1.50
2012.04.27 04:54:11.532,0.83974,0.83991,2.25,1.50
2012.04.27 04:54:12.016,0.83975,0.83991,1.50,1.50
2012.04.27 04:54:12.092,0.83974,0.83991,2.25,2.25
2012.04.27 04:54:12.159,0.83974,0.83991,2.25,3.00
2012.04.27 04:54:12.672,0.83971,0.83987,2.25,1.50
2012.04.27 04:54:12.742,0.83971,0.83987,2.25,1.50
2012.04.27 04:54:13.509,0.83972,0.83989,2.25,2.25
2012.04.27 04:54:13.700,0.83972,0.83986,2.25,1.50
2012.04.27 04:54:13.769,0.8397,0.83986,2.25,1.50
2012.04.27 04:54:15.729,0.83968,0.83985,2.25,1.50
2012.04.27 04:54:15.799,0.83968,0.83985,2.25,1.50
2012.04.27 04:54:16.600,0.83968,0.83985,2.25,3.00
2012.04.27 04:54:16.848,0.83965,0.83981,1.50,1.50
2012.04.27 04:54:17.040,0.83966,0.83978,1.50,1.50
2012.04.27 04:54:17.110,0.83966,0.83981,1.50,1.50
2012.04.27 04:54:17.181,0.83966,0.83981,1.50,1.50
2012.04.27 04:54:17.491,0.83964,0.83981,2.25,2.25
2012.04.27 04:54:17.620,0.83964,0.83981,3.75,1.50
2012.04.27 04:54:17.991,0.83964,0.83981,3.75,2.25
2012.04.27 04:54:18.059,0.83964,0.83981,3.00,2.25
2012.04.27 04:54:18.131,0.83964,0.83979,1.50,2.25
2012.04.27 04:54:18.520,0.83958,0.83973,2.25,1.50
2012.04.27 04:54:18.710,0.83958,0.8397,1.50,1.50
2012.04.27 04:54:18.781,0.83958,0.83975,3.75,1.50
2012.04.27 04:54:18.921,0.8396,0.83975,1.50,1.50
2012.04.27 04:54:19.229,0.83962,0.83977,3.00,1.50
2012.04.27 04:54:19.362,0.83964,0.83981,2.25,2.25
2012.04.27 04:54:19.910,0.83966,0.83981,2.25,1.50
2012.04.27 04:54:20.040,0.83966,0.83981,1.50,2.25
2012.04.27 04:54:20.181,0.83962,0.83979,3.00,1.50
2012.04.27 04:54:21.094,0.83962,0.83977,2.25,1.13
2012.04.27 04:54:21.284,0.83956,0.83971,2.25,2.25
2012.04.27 04:54:21.355,0.83957,0.83969,1.50,1.50
2012.04.27 04:54:21.669,0.83957,0.83967,1.50,1.50
2012.04.27 04:54:21.981,0.83957,0.83967,1.50,2.25
2012.04.27 04:54:22.052,0.83948,0.83965,3.00,2.25
2012.04.27 04:54:22.192,0.83947,0.83962,2.25,2.25
2012.04.27 04:54:22.260,0.83947,0.83962,2.25,2.25
2012.04.27 04:54:23.125,0.83943,0.83958,3.00,1.50
2012.04.27 04:54:23.649,0.83941,0.83955,2.25,1.50
2012.04.27 04:54:23.781,0.83943,0.83958,2.25,1.50
2012.04.27 04:54:23.971,0.83945,0.8396,2.25,2.25
2012.04.27 04:54:24.360,0.83943,0.83958,2.25,1.50
2012.04.27 04:54:24.871,0.83946,0.8396,1.50,1.50
2012.04.27 04:54:24.942,0.83953,0.83965,1.50,1.50
2012.04.27 04:54:25.261,0.83953,0.83967,2.25,2.25
2012.04.27 04:54:25.391,0.83956,0.83967,1.50,1.50
2012.04.27 04:54:25.879,0.83954,0.83968,1.50,2.25
2012.04.27 04:54:26.432,0.83954,0.83966,1.50,1.50
2012.04.27 04:54:26.501,0.83949,0.83963,3.75,1.50
2012.04.27 04:54:26.893,0.83953,0.83971,1.50,2.25
2012.04.27 04:54:26.966,0.83956,0.83971,1.50,1.50
2012.04.27 04:54:27.469,0.83956,0.83972,1.50,2.25
2012.04.27 04:54:27.616,0.83958,0.83975,1.50,1.50
2012.04.27 04:54:27.696,0.83961,0.83977,1.50,2.25
2012.04.27 04:54:27.775,0.83962,0.83977,1.50,3.00
2012.04.27 04:54:27.853,0.83962,0.83977,1.50,1.50
2012.04.27 04:54:28.242,0.83961,0.83977,2.25,2.25
2012.04.27 04:54:28.490,0.83961,0.83977,1.50,2.25
2012.04.27 04:54:29.009,0.83962,0.83978,2.25,2.25
2012.04.27 04:54:29.763,0.83962,0.83978,2.25,1.50
2012.04.27 04:54:29.836,0.83966,0.83983,1.50,2.25
2012.04.27 04:54:29.970,0.83966,0.83983,1.50,1.50
2012.04.27 04:54:30.161,0.83966,0.83984,2.25,1.50
2012.04.27 04:54:30.668,0.83968,0.83986,1.50,4.50
2012.04.27 04:54:30.741,0.8397,0.83986,1.50,3.00
2012.04.27 04:54:31.550,0.83966,0.83983,2.25,1.50
2012.04.27 04:54:31.811,0.83968,0.83985,1.50,1.50
2012.04.27 04:54:31.881,0.83968,0.83985,2.25,1.50
2012.04.27 04:54:32.020,0.83971,0.83987,1.50,2.25
2012.04.27 04:54:32.531,0.83972,0.83987,3.00,1.50
2012.04.27 04:54:32.771,0.83972,0.83987,3.00,1.50
2012.04.27 04:54:33.251,0.8398,0.83987,2.17,1.50
2012.04.27 04:54:33.330,0.83981,0.83996,1.50,1.50
2012.04.27 04:54:33.462,0.83979,0.83996,2.25,2.25
2012.04.27 04:54:33.773,0.83977,0.83994,2.25,1.50
2012.04.27 04:54:34.329,0.83978,0.83993,2.25,2.25
2012.04.27 04:54:34.629,0.83977,0.83991,1.50,1.50
2012.04.27 04:54:35.130,0.83977,0.83994,3.00,2.25
2012.04.27 04:54:36.171,0.83978,0.83994,1.50,1.50
2012.04.27 04:54:36.478,0.8398,0.83991,1.50,1.50
2012.04.27 04:54:36.669,0.83981,0.83993,2.25,1.50
2012.04.27 04:54:37.588,0.83977,0.83991,2.25,1.50
2012.04.27 04:54:37.725,0.83978,0.83993,2.25,1.50
2012.04.27 04:54:38.558,0.83978,0.83993,2.25,2.25
2012.04.27 04:54:38.634,0.83978,0.83993,2.25,2.25
2012.04.27 04:54:39.874,0.83975,0.8399,2.25,1.50
2012.04.27 04:54:40.581,0.83976,0.83992,2.25,1.50
2012.04.27 04:54:41.113,0.83975,0.83991,2.25,1.50
2012.04.27 04:54:42.200,0.83979,0.83992,1.50,1.50
2012.04.27 04:54:43.153,0.83977,0.83992,2.25,2.25
2012.04.27 04:54:45.650,0.83974,0.83991,2.25,1.50
2012.04.27 04:54:46.161,0.83979,0.83994,2.25,1.50
2012.04.27 04:54:46.229,0.83979,0.83994,2.25,1.50
2012.04.27 04:54:46.359,0.83981,0.83996,2.25,1.50
2012.04.27 04:54:46.429,0.83981,0.83996,2.25,1.50
2012.04.27 04:54:46.770,0.83979,0.83994,3.00,1.50
2012.04.27 04:54:51.544,0.83977,0.83992,2.25,2.25
2012.04.27 04:54:51.741,0.83974,0.83989,2.25,1.50
2012.04.27 04:54:51.869,0.83974,0.83989,2.25,1.50
2012.04.27 04:54:51.940,0.83972,0.83987,3.75,1.50
2012.04.27 04:54:52.498,0.83972,0.83988,2.25,1.50
2012.04.27 04:54:53.319,0.83974,0.83989,2.25,2.25
2012.04.27 04:54:53.999,0.83972,0.83987,3.00,1.50
2012.04.27 04:54:54.734,0.83972,0.83985,2.25,1.13
2012.04.27 04:54:54.870,0.83963,0.83976,1.50,1.50
2012.04.27 04:54:55.063,0.83962,0.83976,1.50,2.25
2012.04.27 04:54:55.483,0.83957,0.83971,1.50,1.50
2012.04.27 04:54:55.989,0.83955,0.8397,1.50,1.50
2012.04.27 04:54:56.128,0.83955,0.8397,1.50,1.50
2012.04.27 04:54:57.177,0.83955,0.83972,3.00,1.50
2012.04.27 04:54:57.599,0.83956,0.83969,1.50,1.50
2012.04.27 04:54:57.852,0.83954,0.83969,2.25,1.50
2012.04.27 04:54:58.162,0.83953,0.83968,2.25,1.50
2012.04.27 04:54:58.491,0.83951,0.83965,2.25,2.25
2012.04.27 04:54:58.763,0.83946,0.83961,1.50,3.00
2012.04.27 04:54:58.833,0.83946,0.83957,1.50,2.25
2012.04.27 04:54:59.154,0.83939,0.83953,2.25,1.50
2012.04.27 04:54:59.626,0.83939,0.83945,1.50,2.25
2012.04.27 04:55:00.013,0.83934,0.83945,1.50,1.50
2012.04.27 04:55:00.140,0.83927,0.83944,3.00,2.25
2012.04.27 04:55:00.279,0.8393,0.83947,1.50,2.25
2012.04.27 04:55:00.409,0.83931,0.83947,2.25,1.50
2012.04.27 04:55:00.481,0.83935,0.83947,2.17,1.50
2012.04.27 04:55:00.610,0.83935,0.83952,3.67,2.25
2012.04.27 04:55:00.920,0.83935,0.83951,2.25,2.92
2012.04.27 04:55:01.254,0.83927,0.8394,1.50,1.50
2012.04.27 04:55:01.590,0.83932,0.83947,1.50,3.00
2012.04.27 04:55:01.721,0.83929,0.83946,1.50,2.25
2012.04.27 04:55:01.855,0.8393,0.83946,2.92,2.25
2012.04.27 04:55:02.000,0.83935,0.83951,1.50,2.25
2012.04.27 04:55:02.559,0.83933,0.8395,1.50,2.25
2012.04.27 04:55:03.398,0.83933,0.8395,2.25,2.25
2012.04.27 04:55:03.949,0.83935,0.83952,2.25,2.25
2012.04.27 04:55:04.427,0.83935,0.83952,2.25,2.25
2012.04.27 04:55:04.739,0.83937,0.83954,1.50,1.50
2012.04.27 04:55:04.809,0.8394,0.83955,1.50,2.25
2012.04.27 04:55:05.121,0.83938,0.83953,1.50,1.50
2012.04.27 04:55:05.430,0.8394,0.83955,1.50,2.25
2012.04.27 04:55:05.502,0.8394,0.83955,1.50,1.50
2012.04.27 04:55:05.629,0.83944,0.83959,1.50,2.25
2012.04.27 04:55:05.819,0.83942,0.83959,1.50,3.00
2012.04.27 04:55:06.690,0.83942,0.83959,1.50,2.25
2012.04.27 04:55:06.768,0.83948,0.83962,1.50,2.25
2012.04.27 04:55:07.150,0.83943,0.8396,1.50,2.25
2012.04.27 04:55:08.439,0.83942,0.83957,1.50,1.50
2012.04.27 04:55:08.998,0.83942,0.83957,1.50,2.25
2012.04.27 04:55:09.558,0.83943,0.83961,1.50,1.50
2012.04.27 04:55:10.116,0.83943,0.83961,2.25,1.50
2012.04.27 04:55:10.249,0.83945,0.83964,1.50,1.50
2012.04.27 04:55:10.750,0.83946,0.83964,2.25,1.50
2012.04.27 04:55:10.949,0.83945,0.83964,3.00,3.00
2012.04.27 04:55:11.462,0.83945,0.83963,1.50,1.50
2012.04.27 04:55:11.719,0.83947,0.83967,1.50,1.50
2012.04.27 04:55:12.229,0.83946,0.83965,1.50,2.25
2012.04.27 04:55:12.794,0.83947,0.83967,2.25,1.50
2012.04.27 04:55:13.332,0.83947,0.83967,2.25,1.50
2012.04.27 04:55:13.987,0.83949,0.83967,1.50,1.50
2012.04.27 04:55:14.611,0.83946,0.83966,3.00,1.50
2012.04.27 04:55:14.921,0.83944,0.83963,1.50,2.25
2012.04.27 04:55:14.992,0.83945,0.83963,1.50,2.25
2012.04.27 04:55:15.321,0.83943,0.83959,1.50,2.25
2012.04.27 04:55:15.652,0.83941,0.83958,1.50,3.00
2012.04.27 04:55:15.971,0.83937,0.83954,1.50,2.25
2012.04.27 04:55:16.408,0.83934,0.8395,2.25,1.50
2012.04.27 04:55:17.374,0.83937,0.83951,1.50,2.25
2012.04.27 04:55:17.741,0.83935,0.83949,2.25,1.50
2012.04.27 04:55:18.403,0.83937,0.83952,1.50,2.92
2012.04.27 04:55:18.533,0.83935,0.83952,2.25,4.42
2012.04.27 04:55:18.602,0.8394,0.83953,1.50,1.50
2012.04.27 04:55:18.670,0.8394,0.83955,1.50,3.75
2012.04.27 04:55:19.099,0.83939,0.83954,1.50,1.50
2012.04.27 04:55:19.461,0.83941,0.83954,1.50,1.50
2012.04.27 04:55:20.150,0.83941,0.83954,1.50,1.50
2012.04.27 04:55:20.220,0.83941,0.83954,1.50,1.50
2012.04.27 04:55:20.349,0.83939,0.83954,1.50,1.50
2012.04.27 04:55:21.899,0.83938,0.83953,1.50,2.25
2012.04.27 04:55:22.449,0.83938,0.83953,2.25,3.00
2012.04.27 04:55:22.886,0.83939,0.83953,2.17,2.25
2012.04.27 04:55:23.798,0.83942,0.83955,1.50,1.50
2012.04.27 04:55:24.048,0.83939,0.83955,3.67,1.50
2012.04.27 04:55:24.640,0.83942,0.83956,1.50,2.25
2012.04.27 04:55:24.950,0.83943,0.83956,2.25,1.50
2012.04.27 04:55:25.021,0.83943,0.83958,3.75,3.00
2012.04.27 04:55:25.088,0.83943,0.83956,2.25,1.50
2012.04.27 04:55:25.686,0.83943,0.83958,3.75,3.00
2012.04.27 04:55:27.121,0.83943,0.83958,3.75,3.00
2012.04.27 04:55:27.309,0.83946,0.8396,1.50,1.50
2012.04.27 04:55:27.719,0.83943,0.83959,3.00,2.25
2012.04.27 04:55:27.973,0.83943,0.83959,1.50,2.25
2012.04.27 04:55:28.399,0.83938,0.83951,1.50,1.50
2012.04.27 04:55:28.961,0.83938,0.83954,3.00,1.50
2012.04.27 04:55:30.000,0.83935,0.8395,3.00,1.50
2012.04.27 04:55:30.348,0.83935,0.8395,3.00,1.50
2012.04.27 04:55:30.795,0.83936,0.8395,1.50,1.50
2012.04.27 04:55:30.940,0.83937,0.83953,2.25,2.25
2012.04.27 04:55:31.130,0.8394,0.83957,1.50,2.25
2012.04.27 04:55:31.198,0.83942,0.83958,1.50,1.50
2012.04.27 04:55:31.270,0.8394,0.83957,2.25,2.25
2012.04.27 04:55:31.339,0.8394,0.83957,2.25,2.25
2012.04.27 04:55:31.411,0.8394,0.83957,2.25,2.25
2012.04.27 04:55:31.880,0.8394,0.83957,2.25,2.25
2012.04.27 04:55:32.201,0.83944,0.83961,2.25,3.00
2012.04.27 04:55:32.600,0.83947,0.83962,1.50,2.25
2012.04.27 04:55:32.917,0.83949,0.83965,1.50,2.25
2012.04.27 04:55:32.990,0.83949,0.83965,2.25,2.25
2012.04.27 04:55:33.309,0.83951,0.83967,2.25,2.25
2012.04.27 04:55:33.638,0.83957,0.83971,1.50,1.50
2012.04.27 04:55:33.713,0.83957,0.83972,2.25,2.25
2012.04.27 04:55:33.901,0.83957,0.83972,2.25,2.25
2012.04.27 04:55:34.581,0.83961,0.83976,2.25,2.25
2012.04.27 04:55:34.650,0.83961,0.83977,2.25,1.50
2012.04.27 04:55:34.780,0.83961,0.83977,2.25,1.50
2012.04.27 04:55:35.349,0.83959,0.83976,2.63,1.50
2012.04.27 04:55:35.659,0.83959,0.83971,1.13,1.50
2012.04.27 04:55:36.031,0.8396,0.83976,2.25,1.50
2012.04.27 04:55:36.289,0.83958,0.83972,2.25,1.50
2012.04.27 04:55:36.542,0.83958,0.83972,1.50,2.25
2012.04.27 04:55:37.082,0.83959,0.83973,1.50,1.50
2012.04.27 04:55:37.748,0.83958,0.83973,1.50,3.00
2012.04.27 04:55:40.168,0.83954,0.83971,1.50,2.25
2012.04.27 04:55:40.740,0.83954,0.83971,2.25,1.50
2012.04.27 04:55:43.370,0.83957,0.83972,1.50,2.25
2012.04.27 04:55:43.913,0.83958,0.83975,1.50,2.25
2012.04.27 04:55:44.345,0.83955,0.83972,3.38,2.25
2012.04.27 04:55:44.661,0.83955,0.83969,1.88,1.50
2012.04.27 04:55:45.100,0.83957,0.83971,1.50,1.50
2012.04.27 04:55:45.647,0.83957,0.83971,1.50,2.25
2012.04.27 04:55:46.198,0.83958,0.83973,1.50,2.25
2012.04.27 04:55:46.568,0.8396,0.83975,1.50,2.25
2012.04.27 04:55:46.698,0.83958,0.83973,1.50,2.25
2012.04.27 04:55:48.419,0.83956,0.83971,2.25,2.25
2012.04.27 04:55:49.908,0.83956,0.83971,2.25,2.25
2012.04.27 04:55:50.777,0.83952,0.83969,3.00,2.25
2012.04.27 04:55:51.030,0.83952,0.83969,1.50,3.00
2012.04.27 04:55:51.279,0.8395,0.83963,1.50,1.50
2012.04.27 04:55:51.628,0.8395,0.83961,1.50,1.50
2012.04.27 04:55:52.498,0.8395,0.83964,1.50,1.50
2012.04.27 04:55:53.033,0.8395,0.83964,1.50,1.50
2012.04.27 04:55:53.173,0.83949,0.83954,1.50,1.50
2012.04.27 04:55:53.663,0.83949,0.83963,2.25,1.13
2012.04.27 04:55:53.731,0.83951,0.83964,1.50,1.13
2012.04.27 04:55:54.052,0.83952,0.83967,2.25,1.50
2012.04.27 04:55:54.119,0.83952,0.83965,1.50,1.50
2012.04.27 04:55:54.628,0.83951,0.83965,1.50,1.50
2012.04.27 04:55:54.821,0.83953,0.8397,2.25,1.50
2012.04.27 04:56:00.161,0.83956,0.83972,1.50,1.50
2012.04.27 04:56:00.350,0.83955,0.8397,3.00,1.50
2012.04.27 04:56:00.829,0.83957,0.83972,1.50,1.50
2012.04.27 04:56:01.699,0.83955,0.83969,1.50,1.50
2012.04.27 04:56:01.771,0.83957,0.83972,1.50,1.50
2012.04.27 04:56:02.200,0.83953,0.83968,3.75,1.50
2012.04.27 04:56:02.710,0.83954,0.83969,3.00,1.50
2012.04.27 04:56:03.010,0.83957,0.83972,1.50,1.50
2012.04.27 04:56:03.521,0.83954,0.83974,3.00,2.25
2012.04.27 04:56:03.711,0.83952,0.8397,1.50,1.50
2012.04.27 04:56:04.020,0.8395,0.83969,1.50,3.67
2012.04.27 04:56:04.712,0.83948,0.83967,2.25,1.50
2012.04.27 04:56:05.249,0.83948,0.83969,3.00,1.50
2012.04.27 04:56:05.834,0.83948,0.83969,2.25,2.25
2012.04.27 04:56:06.394,0.83948,0.83969,2.25,2.25
2012.04.27 04:56:07.614,0.83947,0.83965,1.50,1.50
2012.04.27 04:56:07.869,0.83951,0.8397,2.25,3.75
2012.04.27 04:56:08.429,0.83952,0.8397,2.25,2.25
2012.04.27 04:56:09.770,0.83948,0.83968,2.25,1.50
2012.04.27 04:56:09.962,0.83948,0.83965,2.25,2.25
2012.04.27 04:56:10.458,0.83948,0.83962,2.25,1.50
2012.04.27 04:56:10.660,0.83945,0.83961,2.25,2.25
2012.04.27 04:56:13.198,0.83945,0.83961,2.25,1.50
2012.04.27 04:56:18.767,0.83947,0.83961,2.25,1.50
2012.04.27 04:56:19.039,0.83947,0.83963,2.25,3.00
2012.04.27 04:56:19.470,0.83944,0.83963,2.25,3.75
2012.04.27 04:56:22.399,0.83941,0.83961,3.00,1.50
2012.04.27 04:56:22.709,0.83941,0.83961,3.00,3.00
2012.04.27 04:56:22.839,0.83944,0.83961,2.25,3.75
2012.04.27 04:56:23.343,0.83935,0.83954,1.50,1.50
2012.04.27 04:56:23.470,0.83935,0.83954,1.50,1.50
2012.04.27 04:56:23.720,0.83935,0.83948,1.50,1.50
2012.04.27 04:56:23.787,0.83935,0.8395,1.50,1.50
2012.04.27 04:56:24.298,0.83935,0.83948,1.50,1.50
2012.04.27 04:56:24.611,0.83939,0.83952,1.50,1.50
2012.04.27 04:56:25.276,0.83939,0.83953,1.50,1.50
2012.04.27 04:56:25.610,0.83938,0.83953,3.00,1.50
2012.04.27 04:56:25.921,0.8394,0.83955,2.25,1.50
2012.04.27 04:56:26.353,0.83941,0.83958,2.25,1.50
2012.04.27 04:56:26.422,0.83944,0.83959,1.50,2.25
2012.04.27 04:56:26.928,0.83943,0.8396,2.25,3.00
2012.04.27 04:56:27.419,0.8394,0.83955,2.25,1.50
2012.04.27 04:56:27.610,0.83943,0.83957,2.25,1.50
2012.04.27 04:56:28.408,0.83941,0.83955,2.25,1.50
2012.04.27 04:56:28.967,0.83942,0.83957,1.50,1.50
2012.04.27 04:56:29.041,0.83947,0.83962,1.50,2.25
2012.04.27 04:56:29.169,0.83943,0.83957,2.25,1.50
2012.04.27 04:56:29.660,0.83943,0.83957,2.25,1.50
2012.04.27 04:56:30.762,0.83945,0.83957,3.00,1.50
2012.04.27 04:56:30.830,0.83947,0.83964,2.25,3.00
2012.04.27 04:56:31.019,0.83947,0.83964,2.25,3.00
2012.04.27 04:56:31.328,0.83944,0.83957,1.50,1.50
2012.04.27 04:56:31.639,0.83944,0.83959,3.00,1.50
2012.04.27 04:56:31.890,0.83945,0.83962,2.25,3.00
2012.04.27 04:56:32.399,0.83945,0.83962,2.25,3.00
2012.04.27 04:56:33.686,0.83944,0.83957,1.50,1.50
2012.04.27 04:56:34.590,0.83944,0.83959,3.00,1.50
2012.04.27 04:56:34.660,0.83948,0.83963,1.50,2.25
2012.04.27 04:56:35.839,0.83947,0.83962,3.00,1.50
2012.04.27 04:56:35.969,0.83949,0.83966,1.50,2.25
2012.04.27 04:56:36.101,0.83951,0.83968,1.50,2.25
2012.04.27 04:56:37.556,0.83951,0.83968,1.50,2.25
2012.04.27 04:56:38.809,0.83951,0.83968,1.50,3.00
2012.04.27 04:56:39.334,0.8395,0.83965,1.50,1.50
2012.04.27 04:56:40.212,0.83948,0.83963,2.25,1.50
2012.04.27 04:56:40.832,0.8395,0.83965,1.50,1.50
2012.04.27 04:56:41.590,0.8395,0.83965,2.25,1.50
2012.04.27 04:56:42.028,0.83952,0.83967,1.50,2.25
2012.04.27 04:56:42.115,0.8395,0.83963,2.25,1.50
2012.04.27 04:56:42.192,0.83952,0.83965,1.50,1.50
2012.04.27 04:56:42.323,0.83955,0.83965,1.50,1.50
2012.04.27 04:56:42.999,0.83953,0.83967,1.50,1.50
2012.04.27 04:56:43.517,0.83953,0.83968,3.00,1.50
2012.04.27 04:56:44.359,0.83953,0.83968,2.25,2.25
2012.04.27 04:56:44.908,0.83952,0.83965,2.25,2.25
2012.04.27 04:56:46.604,0.83951,0.83966,4.42,2.25
2012.04.27 04:56:47.151,0.83952,0.83966,3.00,2.25
2012.04.27 04:56:47.739,0.83952,0.83966,2.25,2.25
2012.04.27 04:56:51.128,0.8395,0.83965,3.00,2.25
2012.04.27 04:56:51.919,0.83948,0.83964,1.50,2.25
2012.04.27 04:56:53.150,0.83948,0.83964,1.50,1.50
2012.04.27 04:56:54.668,0.8395,0.83965,1.50,2.25
2012.04.27 04:56:57.819,0.83949,0.83963,1.50,1.50
2012.04.27 04:56:59.582,0.83948,0.83963,2.25,1.50
2012.04.27 04:57:01.192,0.83948,0.83963,3.00,1.50
2012.04.27 04:57:02.151,0.83948,0.83961,1.50,1.50
2012.04.27 04:57:03.497,0.83947,0.83961,1.50,1.50
2012.04.27 04:57:03.942,0.83945,0.83957,2.25,1.50
2012.04.27 04:57:04.081,0.83944,0.83959,2.25,1.50
2012.04.27 04:57:04.212,0.83942,0.83955,1.50,1.50
2012.04.27 04:57:04.339,0.83942,0.83957,3.00,1.50
2012.04.27 04:57:04.834,0.83942,0.83957,2.25,1.50
2012.04.27 04:57:05.020,0.83939,0.83956,3.00,3.67
2012.04.27 04:57:06.411,0.83938,0.83954,3.00,2.25
2012.04.27 04:57:06.962,0.83937,0.83951,2.25,1.50
2012.04.27 04:57:07.829,0.83939,0.83953,2.25,2.25
2012.04.27 04:57:08.300,0.83937,0.83951,2.25,1.50
2012.04.27 04:57:10.458,0.83938,0.83954,2.25,2.63
2012.04.27 04:57:11.632,0.83936,0.83952,2.25,2.25
2012.04.27 04:57:11.890,0.83935,0.83949,1.50,2.25
2012.04.27 04:57:11.961,0.8393,0.83947,2.25,2.25
2012.04.27 04:57:12.603,0.83932,0.83947,1.50,2.25
2012.04.27 04:57:13.122,0.83932,0.83947,1.50,1.50
2012.04.27 04:57:13.689,0.83929,0.83946,3.75,1.50
2012.04.27 04:57:15.480,0.83929,0.83946,2.25,2.25
2012.04.27 04:57:15.911,0.83933,0.83946,1.50,2.25
2012.04.27 04:57:16.170,0.83933,0.83949,3.75,1.50
2012.04.27 04:57:16.242,0.83934,0.83949,2.17,1.50
2012.04.27 04:57:16.759,0.83931,0.83947,1.50,1.50
2012.04.27 04:57:16.950,0.83931,0.83947,1.50,1.50
2012.04.27 04:57:17.808,0.83931,0.83946,1.50,1.50
2012.04.27 04:57:18.999,0.83931,0.83948,3.00,1.50
2012.04.27 04:57:19.198,0.83931,0.83948,3.00,1.50
2012.04.27 04:57:21.283,0.83932,0.83945,1.50,1.50
2012.04.27 04:57:27.322,0.8393,0.83945,4.50,1.50
2012.04.27 04:57:27.759,0.8393,0.83947,3.00,2.25
2012.04.27 04:57:27.840,0.83926,0.83941,3.00,1.50
2012.04.27 04:57:28.162,0.83922,0.83936,1.50,1.50
2012.04.27 04:57:28.753,0.83922,0.83937,3.00,1.50
2012.04.27 04:57:29.311,0.83922,0.83937,2.63,1.50
2012.04.27 04:57:29.918,0.83922,0.83937,2.63,1.50
2012.04.27 04:57:30.578,0.83922,0.83937,3.00,1.50
2012.04.27 04:57:31.250,0.83922,0.83937,2.25,1.50
2012.04.27 04:57:32.578,0.83922,0.83937,2.25,1.50
2012.04.27 04:57:33.928,0.83922,0.83937,1.50,2.25
2012.04.27 04:57:34.059,0.8392,0.83935,3.00,1.50
2012.04.27 04:57:35.719,0.8392,0.83933,1.50,1.50
2012.04.27 04:57:36.530,0.83918,0.83933,2.25,1.50
2012.04.27 04:57:36.840,0.83916,0.83927,2.25,1.50
2012.04.27 04:57:37.029,0.83908,0.83923,2.25,1.50
2012.04.27 04:57:37.102,0.83908,0.83921,2.25,1.50
2012.04.27 04:57:37.310,0.83908,0.83923,1.50,1.50
2012.04.27 04:57:37.441,0.83906,0.83923,2.25,3.00
2012.04.27 04:57:38.735,0.83906,0.83923,2.25,2.25
2012.04.27 04:57:38.873,0.83906,0.8392,1.50,1.13
2012.04.27 04:57:39.202,0.83897,0.83909,1.50,1.50
2012.04.27 04:57:39.271,0.83898,0.83913,2.25,1.50
2012.04.27 04:57:39.542,0.839,0.83916,1.50,1.13
2012.04.27 04:57:39.671,0.83893,0.83909,1.50,1.50
2012.04.27 04:57:40.399,0.83891,0.83906,3.00,1.50
2012.04.27 04:57:40.472,0.83891,0.83906,2.25,2.25
2012.04.27 04:57:40.734,0.83891,0.83906,1.50,4.88
2012.04.27 04:57:40.806,0.83888,0.83903,1.50,2.25
2012.04.27 04:57:41.299,0.83889,0.83904,1.50,1.50
2012.04.27 04:57:41.374,0.83893,0.839,2.17,1.50
2012.04.27 04:57:41.440,0.83893,0.83905,2.17,1.50
2012.04.27 04:57:42.050,0.83894,0.83907,1.50,2.25
2012.04.27 04:57:42.121,0.83894,0.83907,2.25,2.25
2012.04.27 04:57:42.491,0.83897,0.83907,1.50,1.50
2012.04.27 04:57:42.713,0.83898,0.8391,1.50,1.50
2012.04.27 04:57:42.910,0.839,0.83914,1.50,1.50
2012.04.27 04:57:43.312,0.83899,0.8391,1.50,1.50
2012.04.27 04:57:43.738,0.83899,0.83913,1.50,1.50
2012.04.27 04:57:43.810,0.83899,0.83913,1.50,1.50
2012.04.27 04:57:43.945,0.839,0.83916,2.25,2.25
2012.04.27 04:57:44.489,0.839,0.83916,2.25,2.25
2012.04.27 04:57:44.993,0.83899,0.83917,3.00,1.50
2012.04.27 04:57:45.122,0.83904,0.83919,1.50,1.50
2012.04.27 04:57:45.309,0.83901,0.83919,2.25,1.50
2012.04.27 04:57:45.740,0.83901,0.83919,3.75,1.50
2012.04.27 04:57:46.289,0.83904,0.8392,1.50,2.25
2012.04.27 04:57:46.600,0.83906,0.8392,1.50,1.50
2012.04.27 04:57:46.921,0.83912,0.8392,1.50,1.50
2012.04.27 04:57:47.239,0.83918,0.83929,1.50,2.25
2012.04.27 04:57:47.712,0.83921,0.83937,1.50,1.50
2012.04.27 04:57:48.259,0.83923,0.83938,1.50,2.25
2012.04.27 04:57:48.804,0.83923,0.83938,2.25,1.50
2012.04.27 04:57:49.342,0.83922,0.83939,1.50,3.00
2012.04.27 04:57:49.409,0.83922,0.83939,1.50,3.00
2012.04.27 04:57:49.958,0.83922,0.83938,1.50,2.25
2012.04.27 04:57:50.523,0.83921,0.83936,1.50,1.50
2012.04.27 04:57:50.952,0.8392,0.83935,1.50,1.50
2012.04.27 04:57:51.262,0.83921,0.83938,1.50,2.25
2012.04.27 04:57:51.957,0.83922,0.83937,3.75,3.00
2012.04.27 04:57:52.271,0.83926,0.83941,2.25,1.50
2012.04.27 04:57:52.400,0.83927,0.83945,1.50,2.25
2012.04.27 04:57:52.471,0.8393,0.83945,1.50,1.50
2012.04.27 04:57:52.542,0.83931,0.83945,1.50,1.50
2012.04.27 04:57:52.609,0.83931,0.83947,1.50,2.25
2012.04.27 04:57:53.128,0.83933,0.83946,1.50,1.50
2012.04.27 04:57:53.640,0.83932,0.83945,1.50,1.50
2012.04.27 04:57:54.031,0.83933,0.83947,1.50,1.50
2012.04.27 04:57:54.579,0.83933,0.83948,4.50,1.50
2012.04.27 04:57:55.029,0.83934,0.83948,1.50,1.50
2012.04.27 04:57:55.350,0.83934,0.83946,1.50,1.50
2012.04.27 04:57:55.658,0.83934,0.83944,1.50,1.50
2012.04.27 04:57:55.791,0.83934,0.83947,1.50,1.50
2012.04.27 04:57:56.334,0.83929,0.83942,2.25,1.50
2012.04.27 04:57:56.918,0.83928,0.83942,2.25,1.50
2012.04.27 04:57:57.478,0.83929,0.83942,2.25,1.50
2012.04.27 04:57:57.850,0.83931,0.83946,3.00,1.50
2012.04.27 04:57:57.919,0.83931,0.83943,1.50,1.50
2012.04.27 04:57:58.119,0.83928,0.83943,5.25,1.50
2012.04.27 04:57:58.440,0.83929,0.83943,1.50,1.50
2012.04.27 04:57:58.991,0.83927,0.83944,3.00,2.63
2012.04.27 04:57:59.060,0.83927,0.83944,2.25,2.63
2012.04.27 04:57:59.369,0.83924,0.83941,3.00,2.25
2012.04.27 04:57:59.763,0.83925,0.83941,1.50,2.25
2012.04.27 04:58:00.188,0.83923,0.83938,1.50,2.25
2012.04.27 04:58:00.645,0.8392,0.83937,1.50,2.25
2012.04.27 04:58:01.100,0.83922,0.83939,1.50,2.25
2012.04.27 04:58:01.615,0.83921,0.83936,2.25,2.25
2012.04.27 04:58:01.930,0.83919,0.83932,1.50,1.50
2012.04.27 04:58:02.260,0.83918,0.83932,1.50,1.50
2012.04.27 04:58:02.330,0.83919,0.83934,2.25,1.50
2012.04.27 04:58:03.081,0.83921,0.83936,1.50,2.25
2012.04.27 04:58:03.283,0.83918,0.83935,1.50,1.50
2012.04.27 04:58:03.423,0.8392,0.83937,1.50,3.75
2012.04.27 04:58:03.730,0.83916,0.83932,3.00,1.50
2012.04.27 04:58:04.378,0.83916,0.83931,1.50,2.25
2012.04.27 04:58:04.454,0.83911,0.83928,3.00,2.25
2012.04.27 04:58:04.760,0.83912,0.83928,1.50,2.25
2012.04.27 04:58:04.949,0.83918,0.83933,1.50,2.25
2012.04.27 04:58:05.139,0.83913,0.83929,2.25,1.50
2012.04.27 04:58:06.460,0.83915,0.83929,1.50,1.50
2012.04.27 04:58:06.961,0.8391,0.83927,3.00,1.50
2012.04.27 04:58:07.640,0.83911,0.83927,1.50,1.50
2012.04.27 04:58:07.769,0.83914,0.8393,2.25,2.25
2012.04.27 04:58:08.399,0.83918,0.83933,1.50,2.25
2012.04.27 04:58:08.840,0.83914,0.8393,2.25,1.50
2012.04.27 04:58:09.537,0.83916,0.83932,2.25,1.50
2012.04.27 04:58:09.729,0.83917,0.83934,3.00,2.25
2012.04.27 04:58:09.859,0.83918,0.83934,2.25,1.50
2012.04.27 04:58:10.170,0.83921,0.83938,2.25,2.25
2012.04.27 04:58:10.482,0.83926,0.8394,1.50,1.50
2012.04.27 04:58:10.613,0.83923,0.83938,2.25,1.50
2012.04.27 04:58:10.682,0.83926,0.83938,1.88,1.50
2012.04.27 04:58:10.752,0.83928,0.83943,1.50,3.00
2012.04.27 04:58:10.822,0.83931,0.83943,1.50,1.50
2012.04.27 04:58:11.068,0.83928,0.83943,2.25,2.25
2012.04.27 04:58:11.621,0.83925,0.83939,1.50,1.50
2012.04.27 04:58:11.929,0.83923,0.83937,2.25,1.50
2012.04.27 04:58:12.180,0.83923,0.83937,1.50,1.50
2012.04.27 04:58:12.928,0.83921,0.83937,2.63,1.50
2012.04.27 04:58:13.449,0.83923,0.83938,2.25,1.50
2012.04.27 04:58:15.259,0.83923,0.83938,2.25,1.50
2012.04.27 04:58:15.330,0.83924,0.83941,2.25,1.50
2012.04.27 04:58:15.959,0.83923,0.83938,2.25,1.50
2012.04.27 04:58:16.033,0.83924,0.83941,1.50,2.25
2012.04.27 04:58:16.159,0.83922,0.83939,2.25,1.50
2012.04.27 04:58:16.531,0.83925,0.8394,1.50,2.25
2012.04.27 04:58:16.850,0.83923,0.83938,2.25,1.50
2012.04.27 04:58:18.489,0.83925,0.8394,1.50,1.50
2012.04.27 04:58:18.618,0.83921,0.83938,2.25,1.50
2012.04.27 04:58:19.208,0.83921,0.83938,2.25,1.50
2012.04.27 04:58:19.719,0.83921,0.83938,1.50,2.25
2012.04.27 04:58:20.093,0.83919,0.83931,1.50,1.50
2012.04.27 04:58:20.370,0.83919,0.83933,1.50,1.50
2012.04.27 04:58:20.558,0.83919,0.83936,1.50,1.50
2012.04.27 04:58:21.148,0.83919,0.83936,2.25,2.25
2012.04.27 04:58:21.341,0.83921,0.83932,1.50,1.50
2012.04.27 04:58:21.408,0.83921,0.83935,1.50,1.50
2012.04.27 04:58:21.938,0.83921,0.83934,1.50,1.50
2012.04.27 04:58:22.459,0.83922,0.83934,1.50,1.50
2012.04.27 04:58:22.649,0.83922,0.83936,2.25,1.50
2012.04.27 04:58:22.720,0.83924,0.83939,1.50,2.25
2012.04.27 04:58:23.260,0.83924,0.83939,4.42,1.50
2012.04.27 04:58:23.767,0.83924,0.83938,2.17,1.50
2012.04.27 04:58:23.839,0.83922,0.83938,1.50,1.50
2012.04.27 04:58:24.030,0.83922,0.83935,1.50,1.50
2012.04.27 04:58:25.227,0.83921,0.83935,1.50,1.50
2012.04.27 04:58:25.590,0.83921,0.83935,1.50,1.50
2012.04.27 04:58:25.663,0.83924,0.83939,1.50,2.25
2012.04.27 04:58:27.259,0.83927,0.83942,1.50,2.25
2012.04.27 04:58:28.013,0.83927,0.83942,1.50,2.25
2012.04.27 04:58:29.449,0.83927,0.83942,1.50,2.25
2012.04.27 04:58:29.581,0.83924,0.83941,3.00,1.50
2012.04.27 04:58:29.649,0.83927,0.83941,1.50,1.50
2012.04.27 04:58:30.150,0.83925,0.83942,2.25,2.25
2012.04.27 04:58:30.521,0.83925,0.83942,3.00,1.50
2012.04.27 04:58:31.043,0.83925,0.83942,2.25,2.25
2012.04.27 04:58:31.364,0.83928,0.83943,1.50,2.25
2012.04.27 04:58:32.359,0.83928,0.83943,1.50,2.25
2012.04.27 04:58:32.803,0.83926,0.83941,2.25,1.50
2012.04.27 04:58:33.349,0.83925,0.8394,2.25,1.50
2012.04.27 04:58:33.641,0.83925,0.83938,2.25,1.50
2012.04.27 04:58:38.261,0.83925,0.8394,1.50,1.50
2012.04.27 04:58:38.760,0.83923,0.83937,1.50,1.50
2012.04.27 04:58:39.070,0.8392,0.83933,1.50,1.50
2012.04.27 04:58:39.140,0.83919,0.83935,2.25,1.50
2012.04.27 04:58:39.851,0.8392,0.83937,2.25,2.25
2012.04.27 04:58:39.925,0.83924,0.83939,1.50,1.50
2012.04.27 04:58:40.279,0.83921,0.83936,1.50,2.25
2012.04.27 04:58:40.621,0.83919,0.83932,1.50,1.50
2012.04.27 04:58:41.712,0.83919,0.83934,3.00,1.50
2012.04.27 04:58:42.681,0.83919,0.83932,1.50,1.50
2012.04.27 04:58:44.135,0.83919,0.83936,2.25,1.50
2012.04.27 04:58:44.770,0.83919,0.83939,1.50,1.50
2012.04.27 04:58:45.761,0.83917,0.8394,3.00,1.50
2012.04.27 04:58:45.891,0.83917,0.8394,1.50,2.25
2012.04.27 04:58:46.370,0.8392,0.8394,1.50,2.25
2012.04.27 04:58:47.776,0.83921,0.8394,1.50,1.50
2012.04.27 04:58:49.220,0.83919,0.83937,2.25,2.25
2012.04.27 04:58:49.352,0.83916,0.83935,2.25,1.50
2012.04.27 04:58:49.599,0.83916,0.83934,2.25,2.25
2012.04.27 04:58:50.102,0.83917,0.83936,3.00,3.00
2012.04.27 04:58:50.172,0.83919,0.83936,2.25,1.50
2012.04.27 04:58:50.978,0.83918,0.83936,2.25,1.50
2012.04.27 04:58:51.082,0.83918,0.83937,2.25,2.25
2012.04.27 04:58:53.385,0.83919,0.83938,3.00,3.75
2012.04.27 04:58:53.899,0.83919,0.83938,3.75,3.75
2012.04.27 04:58:54.899,0.83922,0.83941,2.25,2.25
2012.04.27 04:58:55.448,0.83922,0.83941,3.00,2.25
2012.04.27 04:58:55.772,0.83921,0.83937,2.25,1.50
2012.04.27 04:58:56.258,0.83919,0.83937,2.25,1.50
2012.04.27 04:58:56.940,0.83919,0.83935,2.25,1.50
2012.04.27 04:58:57.152,0.83914,0.83932,3.00,1.50
2012.04.27 04:58:58.040,0.83914,0.83933,1.50,2.25
2012.04.27 04:58:58.114,0.83919,0.83934,1.50,2.25
2012.04.27 04:58:59.940,0.83921,0.83935,1.50,1.50
2012.04.27 04:59:00.610,0.83922,0.83936,1.50,1.50
2012.04.27 04:59:00.680,0.83922,0.83939,1.50,3.00
2012.04.27 04:59:00.990,0.83922,0.83939,1.50,3.00
2012.04.27 04:59:01.244,0.83922,0.83939,2.25,2.25
2012.04.27 04:59:01.370,0.83925,0.8394,1.50,2.25
2012.04.27 04:59:02.959,0.83918,0.83933,2.25,2.25
2012.04.27 04:59:03.545,0.83915,0.83932,3.75,1.50
2012.04.27 04:59:04.350,0.83919,0.83935,2.25,1.50
2012.04.27 04:59:05.107,0.83921,0.83932,1.50,1.50
2012.04.27 04:59:05.179,0.83921,0.83935,1.50,1.50
2012.04.27 04:59:05.309,0.83921,0.83935,1.50,1.50
2012.04.27 04:59:06.368,0.83921,0.83933,1.50,1.50
2012.04.27 04:59:06.530,0.83921,0.83933,1.50,1.50
2012.04.27 04:59:07.913,0.83918,0.83935,3.00,1.50
2012.04.27 04:59:08.278,0.83918,0.83933,1.50,1.50
2012.04.27 04:59:08.469,0.83918,0.83935,3.00,1.50
2012.04.27 04:59:09.223,0.83918,0.83935,3.00,2.25
2012.04.27 04:59:09.362,0.83915,0.83931,2.25,1.50
2012.04.27 04:59:09.623,0.83915,0.8393,2.25,2.25
2012.04.27 04:59:09.752,0.83911,0.83926,3.00,1.50
2012.04.27 04:59:09.821,0.83911,0.83926,2.25,1.50
2012.04.27 04:59:10.321,0.8391,0.83927,2.25,2.25
2012.04.27 04:59:10.449,0.83911,0.83929,2.25,2.25
2012.04.27 04:59:11.628,0.8391,0.83926,2.25,2.25
2012.04.27 04:59:11.764,0.83908,0.83924,3.75,1.50
2012.04.27 04:59:11.962,0.83909,0.83927,2.25,1.50
2012.04.27 04:59:12.509,0.83911,0.83927,2.25,1.50
2012.04.27 04:59:12.579,0.83912,0.83929,2.25,2.25
2012.04.27 04:59:12.708,0.83912,0.83926,2.25,1.50
2012.04.27 04:59:12.838,0.83912,0.83929,2.25,2.25
2012.04.27 04:59:13.038,0.83912,0.83926,2.25,1.50
2012.04.27 04:59:13.618,0.83912,0.83929,2.25,2.25
2012.04.27 04:59:15.488,0.8391,0.83925,1.50,1.50
2012.04.27 04:59:16.194,0.83914,0.83927,1.50,1.50
2012.04.27 04:59:16.389,0.83914,0.83929,1.50,1.50
2012.04.27 04:59:16.460,0.83914,0.83929,1.50,1.50
2012.04.27 04:59:16.769,0.83915,0.83929,3.00,1.50
2012.04.27 04:59:17.141,0.83917,0.83935,2.25,2.25
2012.04.27 04:59:17.209,0.8392,0.83936,2.25,2.25
2012.04.27 04:59:17.921,0.83919,0.83934,2.25,1.50
2012.04.27 04:59:18.229,0.83925,0.83942,2.25,1.50
2012.04.27 04:59:18.301,0.83927,0.83943,2.63,1.88
2012.04.27 04:59:18.560,0.8393,0.83948,1.50,2.25
2012.04.27 04:59:18.629,0.83928,0.83947,3.75,1.50
2012.04.27 04:59:19.902,0.83927,0.83944,1.13,1.50
2012.04.27 04:59:20.220,0.83929,0.83947,2.25,1.50
2012.04.27 04:59:20.758,0.83931,0.83948,2.25,2.25
2012.04.27 04:59:21.942,0.83934,0.83949,1.50,1.50
2012.04.27 04:59:22.011,0.83934,0.83949,2.25,1.50
2012.04.27 04:59:22.622,0.83934,0.83952,2.25,2.25
2012.04.27 04:59:23.403,0.83936,0.83951,2.25,1.50
2012.04.27 04:59:23.601,0.83939,0.83956,2.25,1.50
2012.04.27 04:59:24.213,0.83938,0.83955,1.50,2.25
2012.04.27 04:59:24.848,0.83939,0.83955,1.50,2.25
2012.04.27 04:59:25.050,0.83939,0.83955,1.50,2.25
2012.04.27 04:59:25.268,0.83939,0.83955,1.50,2.25
2012.04.27 04:59:25.519,0.83939,0.83955,1.50,2.25
2012.04.27 04:59:25.834,0.83949,0.83963,1.50,1.50
2012.04.27 04:59:25.903,0.83951,0.83965,2.25,1.50
2012.04.27 04:59:26.033,0.83951,0.83967,3.00,1.13
2012.04.27 04:59:26.101,0.83953,0.83967,1.50,1.13
2012.04.27 04:59:26.468,0.83953,0.83969,1.50,2.25
2012.04.27 04:59:26.661,0.83952,0.83967,1.50,1.50
2012.04.27 04:59:27.180,0.83952,0.83967,1.50,1.50
2012.04.27 04:59:27.728,0.83952,0.83967,3.00,1.50
2012.04.27 04:59:28.044,0.83952,0.83967,2.25,1.50
2012.04.27 04:59:28.108,0.83954,0.83968,1.50,1.50
2012.04.27 04:59:29.127,0.83949,0.83965,1.50,1.50
2012.04.27 04:59:29.540,0.83951,0.83966,1.50,1.50
2012.04.27 04:59:30.089,0.83951,0.83966,2.25,1.50
2012.04.27 04:59:30.669,0.83951,0.83966,2.25,2.25
2012.04.27 04:59:31.397,0.83951,0.83966,2.25,2.25
2012.04.27 04:59:32.000,0.83951,0.83966,2.25,2.25
2012.04.27 04:59:32.071,0.83951,0.83966,2.85,2.25
2012.04.27 04:59:32.215,0.83952,0.83964,2.25,1.50
2012.04.27 04:59:32.292,0.83959,0.83973,1.50,5.38
2012.04.27 04:59:32.423,0.83952,0.83966,1.50,2.25
2012.04.27 04:59:34.010,0.83955,0.83971,1.50,2.25
2012.04.27 04:59:34.261,0.83955,0.83971,2.25,2.25
2012.04.27 04:59:34.448,0.83957,0.83972,1.50,2.25
2012.04.27 04:59:34.981,0.83958,0.83973,1.50,1.50
2012.04.27 04:59:35.532,0.83958,0.83975,2.25,2.25
2012.04.27 04:59:35.860,0.83963,0.83975,1.50,1.50
2012.04.27 04:59:35.930,0.8396,0.83975,1.50,1.50
2012.04.27 04:59:36.059,0.83958,0.83975,2.25,3.00
2012.04.27 04:59:36.250,0.83958,0.83975,2.25,2.25
2012.04.27 04:59:36.499,0.8396,0.83976,1.50,1.50
2012.04.27 04:59:37.012,0.83961,0.83976,1.50,3.00
2012.04.27 04:59:37.640,0.83963,0.83977,1.50,1.88
2012.04.27 04:59:37.709,0.83961,0.83976,2.25,2.25
2012.04.27 04:59:37.784,0.83962,0.83976,1.50,2.25
2012.04.27 04:59:39.409,0.83959,0.83975,3.00,1.50
2012.04.27 04:59:39.970,0.83962,0.83976,2.25,1.50
2012.04.27 04:59:40.520,0.83963,0.83976,2.25,1.50
2012.04.27 04:59:41.029,0.83958,0.83975,2.25,3.00
2012.04.27 04:59:41.221,0.83958,0.83975,2.25,3.00
2012.04.27 04:59:41.415,0.83958,0.83973,1.50,1.35
2012.04.27 04:59:41.484,0.83958,0.8397,2.25,1.50
2012.04.27 04:59:41.622,0.8396,0.83975,1.50,2.25
2012.04.27 04:59:41.693,0.83965,0.83976,1.50,1.50
2012.04.27 04:59:42.232,0.83965,0.83976,2.25,1.50
2012.04.27 04:59:42.789,0.83967,0.83976,1.50,1.50
2012.04.27 04:59:42.980,0.83967,0.8398,2.25,1.50
2012.04.27 04:59:43.292,0.83965,0.83981,3.00,2.25
2012.04.27 04:59:43.621,0.83965,0.83984,3.75,2.25
2012.04.27 04:59:43.951,0.83965,0.83984,4.50,2.25
2012.04.27 04:59:44.309,0.83967,0.83985,2.25,2.25
2012.04.27 04:59:44.383,0.83966,0.83982,2.25,1.50
2012.04.27 04:59:44.691,0.83965,0.83977,2.25,1.50
2012.04.27 04:59:44.832,0.83965,0.83982,1.50,2.25
2012.04.27 04:59:45.534,0.83965,0.83983,2.25,3.00
2012.04.27 04:59:45.972,0.83967,0.83985,3.00,3.00
2012.04.27 04:59:46.291,0.83969,0.83986,3.38,3.00
2012.04.27 04:59:46.493,0.83971,0.83987,2.25,2.25
2012.04.27 04:59:46.563,0.83972,0.83987,2.25,2.25
2012.04.27 04:59:46.931,0.83975,0.8399,2.25,1.50
2012.04.27 04:59:47.131,0.83973,0.83991,2.63,2.25
2012.04.27 04:59:47.319,0.83977,0.83992,1.50,1.50
2012.04.27 04:59:47.629,0.83975,0.83992,2.25,3.00
2012.04.27 04:59:48.130,0.83974,0.8399,2.25,2.25
2012.04.27 04:59:48.323,0.83974,0.8399,2.25,2.25
2012.04.27 04:59:49.004,0.83974,0.8399,2.25,3.75
2012.04.27 04:59:49.143,0.8397,0.83986,1.88,1.50
2012.04.27 04:59:49.212,0.8397,0.83985,1.50,1.50
2012.04.27 04:59:49.421,0.8397,0.83985,1.50,3.00
2012.04.27 04:59:49.770,0.83966,0.83982,1.13,2.25
2012.04.27 04:59:49.840,0.83965,0.83982,2.25,2.25
2012.04.27 04:59:50.388,0.83962,0.8398,2.25,2.25
2012.04.27 04:59:50.733,0.83962,0.83979,2.25,2.25
2012.04.27 04:59:51.146,0.83969,0.83985,1.50,2.25
2012.04.27 04:59:51.808,0.83974,0.8399,1.50,2.25
2012.04.27 04:59:51.886,0.83974,0.8399,1.50,2.25
2012.04.27 04:59:51.962,0.83972,0.8399,2.25,2.25
2012.04.27 04:59:52.092,0.83972,0.83989,1.50,1.50
2012.04.27 04:59:52.234,0.83969,0.83983,1.50,1.50
2012.04.27 04:59:52.440,0.83966,0.83983,1.50,2.25
2012.04.27 04:59:52.923,0.83966,0.83978,1.50,1.50
2012.04.27 04:59:53.785,0.83966,0.83978,2.25,1.50
2012.04.27 04:59:54.113,0.83968,0.83981,2.25,1.50
2012.04.27 04:59:54.322,0.8397,0.83984,1.50,2.25
2012.04.27 04:59:55.230,0.83969,0.83985,2.25,2.25
2012.04.27 04:59:55.779,0.83969,0.83981,1.50,1.50
2012.04.27 04:59:56.344,0.83967,0.8398,2.25,1.50
2012.04.27 04:59:56.602,0.83968,0.83984,2.10,1.50
2012.04.27 04:59:56.672,0.83968,0.83981,2.10,1.50
2012.04.27 04:59:57.220,0.83969,0.83979,1.35,1.50
2012.04.27 04:59:57.551,0.83964,0.83976,2.85,1.50
2012.04.27 04:59:58.206,0.83964,0.83976,1.50,1.50
2012.04.27 04:59:58.280,0.83962,0.83976,1.50,1.50
2012.04.27 04:59:58.550,0.83962,0.83974,1.50,1.50
2012.04.27 04:59:58.861,0.83958,0.83971,1.50,1.50
2012.04.27 04:59:58.930,0.83956,0.83971,1.50,1.50
2012.04.27 04:59:59.252,0.83957,0.83971,1.35,1.50
2012.04.27 04:59:59.583,0.83958,0.83972,2.25,1.50
2012.04.27 04:59:59.901,0.8396,0.83975,1.50,1.50
2012.04.27 04:59:59.972,0.8396,0.83978,3.00,2.25
