2007.04.17 03:00:02.549,0.99588,0.99638,0.80,0.80
2007.04.17 03:00:02.956,0.99578,0.99648,8.00,7.20
2007.04.17 03:00:04.907,0.99565,0.99635,11.90,17.50
2007.04.17 03:00:05.396,0.9956,0.9959,11.90,17.50
2007.04.17 03:00:14.784,0.99549,0.99579,7.90,19.90
2007.04.17 03:00:14.986,0.99542,0.99592,0.80,0.80
2007.04.17 03:00:29.168,0.99537,0.99587,8.00,7.20
2007.04.17 03:00:49.963,0.99538,0.99578,8.00,20.70
2007.04.17 03:01:39.273,0.9961,0.9963,5.60,0.80
2007.04.17 03:02:17.876,0.9961,0.9963,1.60,0.80
2007.04.17 03:02:18.100,0.9961,0.9963,0.80,0.80
2007.04.17 03:02:33.488,0.9961,0.9962,0.80,0.80
2007.04.17 03:02:34.520,0.996,0.9962,4.00,0.80
2007.04.17 03:02:42.005,0.996,0.9963,4.00,0.80
2007.04.17 03:02:42.211,0.996,0.9963,12.00,0.80
2007.04.17 03:02:50.880,0.996,0.9963,3.30,0.80
2007.04.17 03:02:58.997,0.9959,0.9962,24.00,0.80
2007.04.17 03:03:00.114,0.99595,0.9962,12.00,0.80
2007.04.17 03:03:15.648,0.99595,0.9962,13.60,0.80
2007.04.17 03:03:30.592,0.996,0.9964,14.40,11.20
2007.04.17 03:03:40.040,0.996,0.9962,6.40,0.80
2007.04.17 03:03:40.364,0.99595,0.9962,14.40,0.80
2007.04.17 03:03:42.501,0.996,0.9964,5.40,11.20
2007.04.17 03:03:47.423,0.9959,0.9962,22.40,0.80
2007.04.17 03:03:47.630,0.99595,0.9962,13.60,0.80
2007.04.17 03:03:49.475,0.996,0.9964,4.20,17.60
2007.04.17 03:03:49.716,0.9959,0.9964,41.50,9.60
2007.04.17 03:04:09.525,0.9962,0.9964,3.20,0.80
2007.04.17 03:04:26.531,0.9961,0.9964,4.00,9.60
2007.04.17 03:04:26.761,0.9961,0.9964,0.80,11.20
2007.04.17 03:04:39.052,0.996,0.9964,3.20,38.40
2007.04.17 03:04:39.281,0.996,0.9963,3.20,2.40
2007.04.17 03:04:44.245,0.996,0.9963,4.80,2.40
2007.04.17 03:04:48.695,0.996,0.9962,4.80,0.80
2007.04.17 03:04:51.180,0.996,0.9962,0.80,0.80
2007.04.17 03:04:51.417,0.9959,0.9962,18.40,0.80
2007.04.17 03:04:51.668,0.996,0.9962,4.00,0.80
2007.04.17 03:05:09.437,0.996,0.9962,4.80,0.80
2007.04.17 03:05:12.928,0.996,0.9962,2.40,0.80
2007.04.17 03:05:58.832,0.996,0.9962,5.60,0.80
2007.04.17 03:06:20.296,0.996,0.9962,0.80,0.80
2007.04.17 03:06:20.571,0.9959,0.9962,18.40,0.80
2007.04.17 03:06:45.674,0.9959,0.9962,16.80,0.80
2007.04.17 03:07:11.051,0.9959,0.9962,5.60,0.80
2007.04.17 03:07:11.452,0.9959,0.9962,0.80,3.20
2007.04.17 03:07:11.678,0.9959,0.9962,0.80,15.10
2007.04.17 03:07:12.996,0.9959,0.9962,4.80,3.20
2007.04.17 03:07:26.544,0.9959,0.9962,0.80,15.10
2007.04.17 03:07:27.878,0.996,0.9962,0.80,3.20
2007.04.17 03:07:30.982,0.9959,0.9961,8.00,0.80
2007.04.17 03:07:31.198,0.9959,0.9961,4.00,0.80
2007.04.17 03:07:32.438,0.996,0.9962,0.80,5.60
2007.04.17 03:07:32.952,0.996,0.9962,0.80,3.20
2007.04.17 03:07:37.536,0.9959,0.9961,4.00,0.80
2007.04.17 03:07:38.552,0.996,0.9962,0.80,5.60
2007.04.17 03:07:39.699,0.996,0.9962,0.80,3.20
2007.04.17 03:07:40.998,0.9959,0.9961,4.00,0.80
2007.04.17 03:07:41.438,0.9959,0.9961,0.80,0.80
2007.04.17 03:07:43.448,0.9959,0.9961,0.80,3.20
2007.04.17 03:07:43.683,0.9958,0.9961,5.60,3.20
2007.04.17 03:07:47.470,0.9959,0.9961,0.80,0.80
2007.04.17 03:07:48.442,0.9958,0.9961,13.60,3.20
2007.04.17 03:07:48.723,0.9958,0.9961,5.60,3.20
2007.04.17 03:07:48.934,0.9958,0.996,1.60,0.80
2007.04.17 03:07:51.960,0.9958,0.9961,5.60,5.60
2007.04.17 03:07:52.503,0.9958,0.9961,4.80,5.60
2007.04.17 03:07:58.000,0.9958,0.996,0.80,3.20
2007.04.17 03:07:58.328,0.9958,0.996,1.60,3.20
2007.04.17 03:08:00.050,0.9958,0.9961,1.60,9.60
2007.04.17 03:08:00.254,0.9958,0.9961,5.60,3.20
2007.04.17 03:08:11.879,0.9958,0.9961,13.60,5.60
2007.04.17 03:08:12.096,0.9959,0.9961,0.80,5.60
2007.04.17 03:08:14.064,0.9959,0.9962,0.80,14.40
2007.04.17 03:08:35.634,0.9959,0.9961,0.80,0.50
2007.04.17 03:08:38.113,0.9958,0.9962,5.60,31.90
2007.04.17 03:08:38.495,0.9958,0.996,5.60,0.80
2007.04.17 03:08:42.066,0.9958,0.9962,5.60,38.30
2007.04.17 03:08:50.542,0.9958,0.9961,13.60,2.40
2007.04.17 03:08:50.908,0.9958,0.9962,20.00,19.90
2007.04.17 03:08:59.161,0.9959,0.9962,4.00,17.50
2007.04.17 03:08:59.583,0.9959,0.9962,4.80,17.50
2007.04.17 03:09:05.593,0.9959,0.9962,0.80,19.90
2007.04.17 03:09:05.895,0.9958,0.9962,20.00,19.90
2007.04.17 03:09:09.634,0.9959,0.9962,7.20,3.20
2007.04.17 03:09:15.215,0.9959,0.9962,7.20,0.70
2007.04.17 03:09:20.624,0.9959,0.9962,8.00,0.70
2007.04.17 03:09:23.549,0.996,0.9963,0.80,39.10
2007.04.17 03:09:23.913,0.9959,0.9963,8.00,20.00
2007.04.17 03:09:29.651,0.9959,0.99625,0.80,25.50
2007.04.17 03:09:30.036,0.9958,0.99625,20.00,25.50
2007.04.17 03:09:42.862,0.99585,0.99625,8.00,25.50
2007.04.17 03:09:56.446,0.9959,0.9962,0.80,17.50
2007.04.17 03:10:08.935,0.9959,0.9962,0.80,19.90
2007.04.17 03:10:15.746,0.9959,0.9962,0.80,21.50
2007.04.17 03:10:17.777,0.9959,0.9962,0.80,17.50
2007.04.17 03:10:39.252,0.9959,0.996,0.80,3.20
2007.04.17 03:10:39.895,0.9958,0.996,14.40,3.20
2007.04.17 03:10:45.823,0.996,0.9962,0.80,5.60
2007.04.17 03:10:49.793,0.99585,0.9962,8.00,17.50
2007.04.17 03:10:55.780,0.99585,0.9961,8.00,0.80
2007.04.17 03:11:04.537,0.9959,0.9961,0.80,0.80
2007.04.17 03:11:15.356,0.9959,0.9961,5.60,0.80
2007.04.17 03:11:16.447,0.99585,0.9961,13.60,0.80
2007.04.17 03:11:50.509,0.9959,0.9961,0.80,0.80
2007.04.17 03:12:02.183,0.9958,0.9961,13.60,0.80
2007.04.17 03:12:09.727,0.9958,0.9962,13.60,19.10
2007.04.17 03:12:22.550,0.9958,0.9961,5.60,0.80
2007.04.17 03:12:22.805,0.9958,0.9962,7.20,31.90
2007.04.17 03:12:58.529,0.9959,0.9961,3.20,3.20
2007.04.17 03:13:03.555,0.9959,0.9961,0.80,0.80
2007.04.17 03:13:03.765,0.9958,0.9961,5.60,0.80
2007.04.17 03:13:26.867,0.9958,0.9961,7.20,0.80
2007.04.17 03:13:32.043,0.9959,0.9961,3.20,3.20
2007.04.17 03:13:35.070,0.9958,0.9961,7.20,0.80
2007.04.17 03:13:41.771,0.99575,0.9961,15.20,0.80
2007.04.17 03:14:02.111,0.995,0.9955,0.80,4.80
2007.04.17 03:14:02.368,0.99517,0.99547,12.00,0.60
2007.04.17 03:14:04.362,0.99521,0.99551,0.80,0.50
2007.04.17 03:14:05.296,0.99512,0.99562,0.80,0.80
2007.04.17 03:14:06.343,0.99509,0.99559,0.80,0.50
2007.04.17 03:14:08.292,0.99506,0.99556,12.00,0.80
2007.04.17 03:14:08.955,0.99513,0.99553,17.60,0.70
2007.04.17 03:14:10.022,0.99524,0.99554,17.60,0.90
2007.04.17 03:14:10.307,0.99535,0.99565,20.00,0.90
2007.04.17 03:14:11.881,0.9954,0.9957,0.80,4.80
2007.04.17 03:14:12.101,0.99535,0.99565,0.80,0.50
2007.04.17 03:14:12.305,0.9953,0.9956,12.00,0.80
2007.04.17 03:14:14.648,0.99525,0.99565,0.80,0.60
2007.04.17 03:14:18.886,0.99533,0.99563,0.80,0.50
2007.04.17 03:14:20.331,0.99537,0.99567,8.00,0.60
2007.04.17 03:14:22.948,0.99541,0.99571,7.20,15.10
2007.04.17 03:14:52.966,0.99542,0.99572,0.80,0.80
2007.04.17 03:15:07.064,0.9958,0.9961,7.20,3.20
2007.04.17 03:15:20.845,0.9959,0.9961,3.20,3.20
2007.04.17 03:15:31.892,0.9959,0.9961,3.20,0.80
2007.04.17 03:15:45.449,0.9959,0.996,2.40,0.80
2007.04.17 03:15:45.698,0.9958,0.996,8.00,0.80
2007.04.17 03:15:45.989,0.9959,0.9961,0.80,0.80
2007.04.17 03:15:46.684,0.9959,0.9961,3.20,0.80
2007.04.17 03:15:49.444,0.9958,0.9961,7.20,0.80
2007.04.17 03:15:53.982,0.9958,0.9961,3.20,5.60
2007.04.17 03:15:54.696,0.9958,0.9961,0.80,8.00
2007.04.17 03:15:54.995,0.9958,0.996,0.80,3.20
2007.04.17 03:15:56.412,0.9957,0.996,8.00,3.20
2007.04.17 03:16:03.564,0.9957,0.996,3.70,3.20
2007.04.17 03:16:19.925,0.9958,0.996,0.80,3.20
2007.04.17 03:16:21.934,0.9958,0.996,0.80,0.80
2007.04.17 03:16:53.109,0.9957,0.9959,6.40,0.80
2007.04.17 03:16:53.737,0.9957,0.9959,4.00,3.20
2007.04.17 03:17:15.537,0.9957,0.9959,5.60,3.20
2007.04.17 03:17:45.113,0.9957,0.9959,1.60,3.20
2007.04.17 03:17:51.177,0.9957,0.9958,0.80,0.80
2007.04.17 03:17:51.460,0.9956,0.9958,4.00,0.80
2007.04.17 03:17:51.941,0.9956,0.9958,1.60,0.80
2007.04.17 03:17:54.198,0.9956,0.9958,0.50,0.80
2007.04.17 03:17:55.586,0.99555,0.9959,12.00,3.20
2007.04.17 03:18:04.921,0.99555,0.9959,13.60,3.20
2007.04.17 03:18:12.614,0.99555,0.9959,16.00,3.20
2007.04.17 03:18:12.691,0.9956,0.9959,20.00,3.20
2007.04.17 03:18:35.878,0.9957,0.996,0.80,9.60
2007.04.17 03:18:36.119,0.9957,0.996,3.20,5.60
2007.04.17 03:18:36.418,0.9957,0.996,5.60,3.20
2007.04.17 03:18:43.607,0.9956,0.996,14.40,7.20
2007.04.17 03:18:45.672,0.9956,0.996,14.40,11.20
2007.04.17 03:18:50.391,0.9956,0.9959,14.40,0.80
2007.04.17 03:18:50.607,0.9956,0.9959,6.40,0.80
2007.04.17 03:19:03.221,0.9956,0.9959,16.00,0.80
2007.04.17 03:19:06.610,0.9957,0.9959,0.80,3.20
2007.04.17 03:19:07.868,0.9957,0.9959,3.20,3.20
2007.04.17 03:19:12.571,0.9957,0.9959,3.20,0.80
2007.04.17 03:19:12.613,0.9957,0.9959,3.20,0.80
2007.04.17 03:20:11.927,0.9956,0.9959,14.40,0.80
2007.04.17 03:20:15.671,0.9956,0.9959,16.00,0.80
2007.04.17 03:20:45.346,0.9957,0.9959,3.20,3.20
2007.04.17 03:21:12.904,0.9956,0.9959,18.40,0.80
2007.04.17 03:21:13.125,0.9956,0.9959,14.40,0.80
2007.04.17 03:21:13.528,0.9956,0.9959,16.00,0.80
2007.04.17 03:21:27.436,0.9957,0.9959,0.80,3.20
2007.04.17 03:21:30.505,0.9956,0.9959,14.40,0.80
2007.04.17 03:21:45.591,0.9956,0.9959,16.00,0.80
2007.04.17 03:21:51.966,0.9956,0.9958,13.60,0.80
2007.04.17 03:21:52.233,0.9956,0.9958,5.60,0.80
2007.04.17 03:21:54.524,0.9956,0.9959,8.00,0.80
2007.04.17 03:21:54.783,0.9956,0.9959,16.00,0.80
2007.04.17 03:22:30.067,0.9956,0.9959,7.20,12.70
2007.04.17 03:22:30.618,0.9956,0.9959,4.80,15.10
2007.04.17 03:22:46.508,0.9956,0.9958,0.80,0.80
2007.04.17 03:22:50.186,0.9955,0.9958,16.00,0.80
2007.04.17 03:23:01.795,0.9954,0.9958,26.40,0.80
2007.04.17 03:23:04.600,0.9955,0.9958,22.40,0.80
2007.04.17 03:23:10.926,0.9957,0.9959,2.50,3.20
2007.04.17 03:23:11.487,0.99565,0.9959,16.00,3.20
2007.04.17 03:23:16.369,0.9957,0.9959,0.50,0.50
2007.04.17 03:23:24.221,0.9957,0.996,16.00,9.60
2007.04.17 03:23:24.437,0.9957,0.9961,14.40,47.20
2007.04.17 03:23:31.419,0.9957,0.996,4.00,9.60
2007.04.17 03:23:37.252,0.9957,0.9959,0.80,0.50
2007.04.17 03:23:40.031,0.9956,0.996,13.60,17.60
2007.04.17 03:24:01.166,0.9956,0.9958,9.60,3.20
2007.04.17 03:24:01.479,0.9956,0.9958,1.60,3.20
2007.04.17 03:24:03.423,0.9957,0.9959,0.80,0.80
2007.04.17 03:24:05.467,0.9957,0.996,0.80,40.80
2007.04.17 03:24:11.443,0.9956,0.996,16.00,32.80
2007.04.17 03:24:11.704,0.9956,0.996,8.00,40.80
2007.04.17 03:24:12.242,0.9956,0.9959,5.60,0.70
2007.04.17 03:24:32.510,0.9956,0.9959,1.60,12.00
2007.04.17 03:24:35.776,0.9956,0.9958,0.80,3.20
2007.04.17 03:24:36.798,0.9956,0.9959,3.20,7.20
2007.04.17 03:24:37.007,0.9956,0.9959,3.20,3.20
2007.04.17 03:24:38.826,0.9956,0.9959,4.00,3.20
2007.04.17 03:24:41.785,0.9956,0.9959,12.00,3.20
2007.04.17 03:24:50.679,0.9955,0.9959,45.60,3.20
2007.04.17 03:24:53.004,0.9957,0.9959,0.80,2.40
2007.04.17 03:24:53.530,0.9957,0.9959,0.90,2.40
2007.04.17 03:24:53.734,0.99565,0.996,11.20,3.20
2007.04.17 03:25:08.772,0.99565,0.996,13.60,3.20
2007.04.17 03:25:14.476,0.9957,0.9959,0.70,0.80
2007.04.17 03:25:14.791,0.9956,0.9959,2.40,0.80
2007.04.17 03:25:20.450,0.9956,0.996,16.00,13.60
2007.04.17 03:25:20.786,0.9956,0.996,16.00,5.60
2007.04.17 03:25:27.091,0.9956,0.996,14.40,7.20
2007.04.17 03:25:32.951,0.9956,0.9959,14.40,0.80
2007.04.17 03:25:33.648,0.9956,0.9959,12.00,3.20
2007.04.17 03:25:36.437,0.9956,0.9959,12.00,2.40
2007.04.17 03:25:36.694,0.9956,0.996,14.40,7.20
2007.04.17 03:25:39.936,0.9956,0.996,14.40,11.20
2007.04.17 03:25:41.575,0.9956,0.9959,6.40,0.80
2007.04.17 03:25:45.492,0.9956,0.996,6.40,19.20
2007.04.17 03:25:45.697,0.9956,0.996,8.00,17.60
2007.04.17 03:25:45.944,0.9956,0.996,16.00,17.60
2007.04.17 03:25:46.310,0.9956,0.996,16.00,9.60
2007.04.17 03:25:50.906,0.9955,0.996,41.50,9.60
2007.04.17 03:26:01.535,0.9956,0.996,14.40,7.20
2007.04.17 03:26:06.874,0.9956,0.996,12.00,4.80
2007.04.17 03:26:18.023,0.9957,0.996,0.80,4.80
2007.04.17 03:26:18.562,0.9957,0.996,3.20,0.80
2007.04.17 03:26:18.877,0.9957,0.996,4.80,0.80
2007.04.17 03:26:39.451,0.9957,0.996,5.60,0.80
2007.04.17 03:26:57.507,0.9957,0.9961,16.00,9.60
2007.04.17 03:26:58.183,0.9957,0.9961,16.00,5.60
2007.04.17 03:26:58.525,0.9958,0.9961,7.20,0.80
2007.04.17 03:27:00.099,0.9958,0.9961,2.40,3.20
2007.04.17 03:27:00.835,0.9957,0.9961,16.00,5.60
2007.04.17 03:27:04.719,0.9957,0.996,8.00,0.80
2007.04.17 03:27:09.962,0.9957,0.9961,16.00,5.60
2007.04.17 03:27:17.524,0.9957,0.9961,14.40,7.20
2007.04.17 03:27:45.757,0.9957,0.996,8.00,0.80
2007.04.17 03:28:09.217,0.9957,0.9961,8.00,13.60
2007.04.17 03:28:09.436,0.9957,0.9961,14.40,15.20
2007.04.17 03:28:14.275,0.9957,0.996,6.40,0.80
2007.04.17 03:28:15.617,0.99565,0.996,14.40,0.80
2007.04.17 03:28:30.554,0.9957,0.996,8.00,0.80
2007.04.17 03:28:34.378,0.9957,0.996,5.60,0.80
2007.04.17 03:28:36.814,0.9957,0.996,5.60,0.80
2007.04.17 03:28:54.957,0.9958,0.996,0.80,0.80
2007.04.17 03:28:55.617,0.9958,0.9961,3.20,36.70
2007.04.17 03:29:08.935,0.9958,0.996,2.40,0.80
2007.04.17 03:29:09.697,0.9957,0.996,6.40,0.80
2007.04.17 03:29:10.882,0.9957,0.9961,6.40,40.70
2007.04.17 03:29:15.689,0.9957,0.996,8.00,0.80
2007.04.17 03:29:16.902,0.9958,0.996,0.80,0.50
2007.04.17 03:29:17.694,0.9958,0.996,3.20,0.70
2007.04.17 03:29:27.401,0.9958,0.996,3.20,0.80
2007.04.17 03:29:29.520,0.9958,0.9961,7.20,15.20
2007.04.17 03:29:29.941,0.9958,0.9961,8.00,7.20
2007.04.17 03:30:12.587,0.9958,0.996,14.40,0.80
2007.04.17 03:30:23.068,0.9958,0.996,6.40,0.80
2007.04.17 03:30:29.881,0.9958,0.996,3.20,3.20
2007.04.17 03:30:30.154,0.9958,0.996,4.80,3.20
2007.04.17 03:30:35.064,0.9958,0.996,8.00,0.80
2007.04.17 03:30:43.315,0.9958,0.996,2.50,0.80
2007.04.17 03:30:51.608,0.9957,0.9962,41.50,12.00
2007.04.17 03:31:08.960,0.9958,0.996,5.60,0.80
2007.04.17 03:31:09.253,0.99575,0.996,16.00,0.80
2007.04.17 03:31:35.137,0.9958,0.996,4.00,0.80
2007.04.17 03:31:35.475,0.9958,0.996,3.20,0.80
2007.04.17 03:31:57.646,0.9958,0.996,5.60,0.80
2007.04.17 03:32:00.625,0.9958,0.996,5.60,0.80
2007.04.17 03:32:03.881,0.9958,0.996,6.40,0.80
2007.04.17 03:32:08.979,0.9958,0.996,8.00,0.80
2007.04.17 03:32:09.740,0.9958,0.9962,8.00,20.00
2007.04.17 03:32:10.004,0.9958,0.9962,16.00,12.00
2007.04.17 03:32:25.415,0.9958,0.9962,14.40,13.60
2007.04.17 03:32:46.952,0.9958,0.9962,12.00,11.20
2007.04.17 03:32:48.898,0.9958,0.99615,4.00,8.00
2007.04.17 03:32:49.148,0.9958,0.9961,0.80,4.80
2007.04.17 03:32:49.451,0.9958,0.99615,0.80,12.80
2007.04.17 03:32:49.641,0.9958,0.99615,0.80,15.20
2007.04.17 03:33:07.732,0.9957,0.9961,13.60,0.80
2007.04.17 03:33:07.948,0.9957,0.99615,13.60,34.30
2007.04.17 03:33:08.170,0.9957,0.9962,7.20,44.70
2007.04.17 03:33:09.267,0.9957,0.9962,16.00,37.60
2007.04.17 03:33:15.527,0.9958,0.9962,0.80,37.60
2007.04.17 03:33:16.801,0.9958,0.99615,0.80,13.60
2007.04.17 03:33:17.377,0.9957,0.99615,16.00,13.60
2007.04.17 03:33:18.061,0.9957,0.9961,16.00,0.50
2007.04.17 03:33:18.921,0.9958,0.9961,0.80,13.60
2007.04.17 03:33:20.389,0.9958,0.9961,0.80,5.60
2007.04.17 03:33:24.890,0.9958,0.9961,0.80,7.20
2007.04.17 03:34:18.358,0.9958,0.996,0.80,0.80
2007.04.17 03:34:18.599,0.9958,0.996,0.80,3.20
2007.04.17 03:34:21.848,0.9958,0.9961,0.80,38.30
2007.04.17 03:34:22.064,0.9958,0.9961,0.80,7.20
2007.04.17 03:34:32.481,0.9958,0.996,0.80,2.40
2007.04.17 03:34:32.849,0.9957,0.9961,12.00,18.40
2007.04.17 03:34:33.151,0.9957,0.9961,12.00,22.40
2007.04.17 03:34:33.384,0.9957,0.9959,4.00,2.40
2007.04.17 03:34:33.637,0.9957,0.996,4.00,3.20
2007.04.17 03:34:33.913,0.9958,0.996,0.80,5.60
2007.04.17 03:34:36.053,0.9958,0.996,0.80,3.20
2007.04.17 03:34:36.462,0.9958,0.9961,2.40,15.20
2007.04.17 03:34:36.677,0.9957,0.9961,16.00,17.60
2007.04.17 03:34:37.389,0.9958,0.9961,0.80,17.60
2007.04.17 03:34:37.592,0.9958,0.9961,0.80,9.60
2007.04.17 03:34:42.405,0.9958,0.9961,3.20,5.60
2007.04.17 03:34:42.680,0.9959,0.9961,0.80,3.20
2007.04.17 03:34:58.433,0.9958,0.996,15.20,0.80
2007.04.17 03:34:58.803,0.9958,0.996,8.00,0.80
2007.04.17 03:35:02.967,0.9959,0.9961,0.80,3.20
2007.04.17 03:35:27.509,0.9959,0.9961,0.80,0.80
2007.04.17 03:35:28.967,0.9958,0.9961,14.40,0.80
2007.04.17 03:35:29.621,0.9958,0.9961,6.40,0.80
2007.04.17 03:35:43.435,0.9958,0.9959,3.20,0.80
2007.04.17 03:35:43.658,0.9958,0.9959,0.80,0.80
2007.04.17 03:35:47.513,0.9958,0.996,0.80,5.60
2007.04.17 03:35:47.724,0.9958,0.996,0.80,3.20
2007.04.17 03:35:49.955,0.9958,0.9959,0.80,0.80
2007.04.17 03:35:51.598,0.9958,0.9959,0.80,0.80
2007.04.17 03:35:55.743,0.9956,0.9959,3.00,0.80
2007.04.17 03:35:56.154,0.99555,0.9959,13.60,0.80
2007.04.17 03:35:57.989,0.9957,0.9959,1.60,3.20
2007.04.17 03:35:59.449,0.9956,0.9959,2.70,0.80
2007.04.17 03:35:59.955,0.9957,0.9959,1.60,0.80
2007.04.17 03:36:00.434,0.9957,0.9959,0.80,0.80
2007.04.17 03:36:00.695,0.9956,0.9959,20.00,0.80
2007.04.17 03:36:01.410,0.9956,0.9959,8.10,0.80
2007.04.17 03:36:01.984,0.9956,0.9959,1.20,0.80
2007.04.17 03:36:06.153,0.9955,0.9959,24.00,0.80
2007.04.17 03:36:10.460,0.99555,0.9958,16.00,0.80
2007.04.17 03:36:12.414,0.99555,0.9959,16.00,3.20
2007.04.17 03:36:12.682,0.9955,0.9959,20.00,3.20
2007.04.17 03:36:15.492,0.9955,0.9959,24.00,3.20
2007.04.17 03:36:20.032,0.99565,0.9959,11.20,3.20
2007.04.17 03:36:20.281,0.9957,0.9959,2.30,3.20
2007.04.17 03:36:20.769,0.9957,0.9959,6.40,3.20
2007.04.17 03:36:21.551,0.9957,0.9959,0.80,0.80
2007.04.17 03:36:21.821,0.9956,0.9959,14.40,0.80
2007.04.17 03:36:25.773,0.9956,0.9959,6.40,0.80
2007.04.17 03:36:26.504,0.9957,0.9959,3.20,3.20
2007.04.17 03:36:37.074,0.9957,0.9959,3.20,0.80
2007.04.17 03:36:40.440,0.9957,0.9959,2.40,0.80
2007.04.17 03:36:40.663,0.9956,0.9959,14.40,0.80
2007.04.17 03:36:41.184,0.9956,0.9959,6.40,0.80
2007.04.17 03:36:41.905,0.9957,0.9959,0.80,3.20
2007.04.17 03:36:42.915,0.9956,0.9959,14.40,0.80
2007.04.17 03:36:43.190,0.9956,0.9959,14.40,3.20
2007.04.17 03:36:43.425,0.9956,0.9959,6.40,3.20
2007.04.17 03:36:45.473,0.9957,0.9959,0.80,3.20
2007.04.17 03:36:47.080,0.9957,0.996,0.80,43.10
2007.04.17 03:36:47.497,0.9956,0.9959,16.00,0.80
2007.04.17 03:36:47.980,0.9956,0.996,8.00,39.10
2007.04.17 03:36:54.877,0.9957,0.996,0.80,41.50
2007.04.17 03:36:55.692,0.9957,0.996,3.20,39.10
2007.04.17 03:36:57.926,0.9957,0.996,2.40,28.70
2007.04.17 03:36:58.652,0.9956,0.9959,8.00,0.80
2007.04.17 03:37:14.848,0.9956,0.9958,4.00,0.80
2007.04.17 03:37:25.328,0.9956,0.9957,0.80,0.80
2007.04.17 03:37:25.622,0.9955,0.9957,8.00,0.80
2007.04.17 03:37:30.825,0.9955,0.9958,10.40,0.80
2007.04.17 03:37:31.305,0.9955,0.9958,10.40,0.80
2007.04.17 03:37:32.712,0.9955,0.9959,0.80,36.00
2007.04.17 03:37:33.210,0.9955,0.9958,0.80,0.70
2007.04.17 03:37:36.869,0.9955,0.9958,0.80,0.80
2007.04.17 03:37:37.291,0.99545,0.9958,8.00,0.60
2007.04.17 03:37:37.527,0.9954,0.9958,18.40,0.90
2007.04.17 03:37:43.555,0.9954,0.99585,16.80,15.20
2007.04.17 03:37:44.660,0.9954,0.9958,16.80,13.60
2007.04.17 03:37:48.300,0.9954,0.9956,8.80,0.80
2007.04.17 03:37:57.468,0.9954,0.9958,14.40,38.30
2007.04.17 03:37:58.401,0.9955,0.9958,3.20,7.20
2007.04.17 03:37:58.653,0.9955,0.9957,7.20,0.80
2007.04.17 03:38:00.472,0.9955,0.9957,0.60,0.80
2007.04.17 03:38:05.467,0.99545,0.9958,15.20,0.80
2007.04.17 03:38:11.033,0.99545,0.9958,16.00,0.80
2007.04.17 03:38:19.647,0.9955,0.9958,2.20,3.20
2007.04.17 03:38:20.051,0.99545,0.9958,13.60,3.20
2007.04.17 03:38:22.020,0.9955,0.9957,0.80,0.80
2007.04.17 03:38:22.262,0.9955,0.9958,0.80,12.00
2007.04.17 03:38:22.539,0.9955,0.9958,0.80,5.60
2007.04.17 03:38:22.781,0.9955,0.9958,0.80,3.20
2007.04.17 03:38:23.222,0.9954,0.9958,16.00,3.20
2007.04.17 03:38:24.488,0.9955,0.9958,0.80,3.20
2007.04.17 03:38:24.752,0.9955,0.9958,1.20,3.20
2007.04.17 03:38:27.522,0.99545,0.9958,12.80,3.20
2007.04.17 03:38:27.873,0.9955,0.9958,2.00,3.20
2007.04.17 03:38:28.710,0.9955,0.9958,14.40,0.80
2007.04.17 03:38:29.132,0.9956,0.9958,1.00,0.80
2007.04.17 03:38:54.447,0.9956,0.9959,1.60,5.60
2007.04.17 03:38:54.656,0.9956,0.9959,5.60,5.60
2007.04.17 03:39:17.483,0.9957,0.9959,0.80,5.60
2007.04.17 03:39:24.752,0.9956,0.9959,17.60,5.60
2007.04.17 03:39:27.517,0.9956,0.9958,1.60,3.20
2007.04.17 03:39:28.944,0.9956,0.9958,1.60,2.40
2007.04.17 03:39:29.157,0.9956,0.9958,5.60,2.40
2007.04.17 03:39:29.475,0.9957,0.9958,0.80,2.40
2007.04.17 03:39:29.888,0.9957,0.9959,0.80,5.60
2007.04.17 03:39:30.708,0.9957,0.9959,0.80,3.20
2007.04.17 03:39:39.090,0.9956,0.9958,4.00,0.80
2007.04.17 03:39:39.652,0.9956,0.9958,1.60,0.80
2007.04.17 03:39:39.942,0.9956,0.9959,4.00,5.60
2007.04.17 03:39:45.560,0.9956,0.9959,5.60,5.60
2007.04.17 03:39:51.419,0.9956,0.9958,1.60,0.80
2007.04.17 03:39:59.938,0.9956,0.9959,5.60,5.60
2007.04.17 03:40:01.193,0.9956,0.9958,5.60,0.80
2007.04.17 03:40:01.599,0.9956,0.9958,1.60,0.80
2007.04.17 03:40:02.705,0.9956,0.9958,1.60,3.20
2007.04.17 03:40:12.472,0.9956,0.9958,0.80,3.20
2007.04.17 03:40:13.328,0.9956,0.9958,0.80,3.20
2007.04.17 03:40:19.470,0.99555,0.9958,9.60,3.20
2007.04.17 03:40:19.850,0.99555,0.9958,8.80,3.20
2007.04.17 03:40:42.942,0.9956,0.9958,1.60,3.20
2007.04.17 03:41:08.791,0.9956,0.9958,1.60,0.80
2007.04.17 03:41:25.001,0.9956,0.9959,1.60,3.20
2007.04.17 03:41:25.565,0.9957,0.9959,0.80,3.20
2007.04.17 03:41:25.617,0.9956,0.9959,20.00,3.20
2007.04.17 03:41:44.089,0.9957,0.9959,2.20,3.20
2007.04.17 03:41:44.392,0.99565,0.996,12.80,5.60
2007.04.17 03:41:44.894,0.9956,0.996,20.00,5.60
2007.04.17 03:41:45.480,0.9958,0.996,0.80,5.60
2007.04.17 03:41:49.525,0.9956,0.996,20.00,3.20
2007.04.17 03:41:50.097,0.99565,0.996,12.80,3.20
2007.04.17 03:41:54.510,0.9957,0.996,4.80,5.60
2007.04.17 03:41:55.829,0.99565,0.996,12.80,5.60
2007.04.17 03:41:55.865,0.99565,0.996,12.80,9.60
2007.04.17 03:41:58.175,0.9957,0.996,1.50,5.60
2007.04.17 03:42:17.022,0.9958,0.996,0.80,5.60
2007.04.17 03:42:17.730,0.9958,0.996,0.80,3.20
2007.04.17 03:42:22.760,0.99565,0.996,14.40,0.80
2007.04.17 03:42:27.799,0.9957,0.996,14.40,3.20
2007.04.17 03:42:28.003,0.9958,0.996,3.20,3.20
2007.04.17 03:42:57.257,0.9958,0.996,3.20,0.80
2007.04.17 03:42:59.094,0.9958,0.9961,3.20,15.20
2007.04.17 03:43:05.892,0.9957,0.9961,6.40,25.60
2007.04.17 03:43:06.121,0.9957,0.996,8.00,0.80
2007.04.17 03:43:16.535,0.9957,0.9961,4.80,0.50
2007.04.17 03:43:16.742,0.9957,0.9959,0.80,0.80
2007.04.17 03:43:17.508,0.9957,0.996,0.80,13.60
2007.04.17 03:43:17.743,0.9957,0.996,0.80,0.90
2007.04.17 03:43:24.355,0.9957,0.996,0.80,27.10
2007.04.17 03:43:24.563,0.9957,0.996,0.80,31.10
2007.04.17 03:43:24.965,0.9956,0.996,13.60,31.10
2007.04.17 03:43:26.034,0.9956,0.9959,12.00,0.80
2007.04.17 03:43:27.429,0.9957,0.9959,3.20,0.80
2007.04.17 03:43:27.652,0.9958,0.996,0.80,7.20
2007.04.17 03:43:28.422,0.9958,0.996,0.80,3.20
2007.04.17 03:43:28.835,0.9957,0.996,17.60,0.80
2007.04.17 03:43:29.066,0.9957,0.996,6.40,4.80
2007.04.17 03:43:32.660,0.9957,0.996,6.40,7.20
2007.04.17 03:43:35.023,0.9957,0.996,4.00,11.20
2007.04.17 03:43:35.536,0.9957,0.9959,4.00,0.80
2007.04.17 03:43:40.902,0.9957,0.996,6.40,3.20
2007.04.17 03:43:41.131,0.9957,0.996,7.20,7.20
2007.04.17 03:43:41.891,0.9958,0.996,0.80,3.20
2007.04.17 03:43:48.193,0.9957,0.996,15.20,3.20
2007.04.17 03:43:55.048,0.99565,0.996,13.60,3.20
2007.04.17 03:43:58.474,0.9957,0.996,20.00,3.20
2007.04.17 03:44:14.507,0.99565,0.996,16.00,3.20
2007.04.17 03:44:14.743,0.99565,0.996,13.60,3.20
2007.04.17 03:44:28.498,0.9958,0.996,0.80,3.20
2007.04.17 03:44:36.526,0.9958,0.996,0.80,0.50
2007.04.17 03:44:51.021,0.9957,0.9961,8.00,24.00
2007.04.17 03:44:51.271,0.9957,0.9961,5.60,24.00
2007.04.17 03:45:11.441,0.9957,0.996,5.60,0.80
2007.04.17 03:45:40.210,0.9957,0.996,0.80,4.80
2007.04.17 03:45:40.455,0.9956,0.996,12.00,12.80
2007.04.17 03:45:44.196,0.9957,0.996,3.20,0.80
2007.04.17 03:45:53.702,0.99565,0.996,8.00,8.80
2007.04.17 03:45:53.959,0.9956,0.9959,12.00,2.40
2007.04.17 03:45:55.345,0.9955,0.9959,34.30,2.40
2007.04.17 03:45:56.077,0.9956,0.9959,3.70,6.40
2007.04.17 03:45:59.821,0.9955,0.9959,34.30,2.40
2007.04.17 03:46:16.416,0.9956,0.996,4.60,8.80
2007.04.17 03:46:22.514,0.9956,0.996,0.80,0.90
2007.04.17 03:46:27.250,0.9956,0.996,12.00,23.10
2007.04.17 03:46:33.288,0.9956,0.9959,12.00,0.90
2007.04.17 03:46:33.535,0.9956,0.996,4.00,35.10
2007.04.17 03:46:38.996,0.9956,0.9958,0.80,0.80
2007.04.17 03:46:50.586,0.9956,0.9958,0.80,7.20
2007.04.17 03:46:50.799,0.9955,0.9957,5.60,0.80
2007.04.17 03:46:54.906,0.9955,0.9958,8.00,0.80
2007.04.17 03:46:59.268,0.9955,0.9959,8.00,24.00
2007.04.17 03:47:01.008,0.9955,0.99585,8.00,0.50
2007.04.17 03:47:01.263,0.9955,0.9959,8.00,43.20
2007.04.17 03:47:16.465,0.9956,0.99595,4.80,17.60
2007.04.17 03:47:17.528,0.9956,0.9959,4.80,0.90
2007.04.17 03:47:24.335,0.9956,0.9959,5.60,0.90
2007.04.17 03:48:00.899,0.9956,0.9958,1.60,0.80
2007.04.17 03:48:01.401,0.9956,0.9958,1.60,0.80
2007.04.17 03:48:01.445,0.9956,0.9959,0.80,12.00
2007.04.17 03:49:20.617,0.9956,0.9959,7.20,0.80
2007.04.17 03:49:20.907,0.9956,0.9959,15.20,0.80
2007.04.17 03:49:25.698,0.9956,0.996,15.20,21.60
2007.04.17 03:49:25.965,0.9956,0.9959,16.00,0.80
2007.04.17 03:49:30.547,0.9957,0.9959,0.80,0.90
2007.04.17 03:49:34.556,0.9956,0.996,20.00,13.60
2007.04.17 03:49:34.768,0.9956,0.996,16.00,21.60
2007.04.17 03:49:59.569,0.9957,0.996,3.20,7.20
2007.04.17 03:49:59.776,0.9957,0.996,8.00,4.80
2007.04.17 03:50:00.057,0.9957,0.996,7.20,4.80
2007.04.17 03:50:00.602,0.9957,0.996,0.80,7.20
2007.04.17 03:50:00.808,0.9957,0.996,0.80,11.20
2007.04.17 03:50:01.036,0.9956,0.996,14.40,11.20
2007.04.17 03:50:07.500,0.9956,0.996,14.40,0.80
2007.04.17 03:50:07.948,0.9956,0.9959,14.40,0.80
2007.04.17 03:50:08.687,0.9956,0.9959,12.00,0.60
2007.04.17 03:50:30.462,0.9956,0.996,13.60,21.60
2007.04.17 03:50:52.993,0.9956,0.9959,13.60,0.80
2007.04.17 03:51:38.301,0.9957,0.9959,0.80,3.20
2007.04.17 03:51:57.401,0.9957,0.9959,0.80,0.80
2007.04.17 03:51:59.832,0.9956,0.9959,18.40,0.80
2007.04.17 03:52:06.948,0.99565,0.996,11.20,5.60
2007.04.17 03:52:07.469,0.99565,0.996,12.80,5.60
2007.04.17 03:52:07.730,0.99565,0.996,15.20,3.20
2007.04.17 03:52:22.235,0.9957,0.996,4.10,3.20
2007.04.17 03:52:26.496,0.9956,0.9959,20.00,0.80
2007.04.17 03:52:27.496,0.9957,0.996,4.20,3.20
2007.04.17 03:52:27.836,0.99565,0.996,15.20,3.20
2007.04.17 03:52:28.303,0.99565,0.996,15.20,7.20
2007.04.17 03:52:52.225,0.9957,0.996,8.00,7.20
2007.04.17 03:52:58.962,0.9957,0.9959,4.00,0.80
2007.04.17 03:52:59.708,0.9957,0.9959,1.60,0.80
2007.04.17 03:52:59.988,0.9957,0.996,4.00,9.60
2007.04.17 03:53:00.328,0.9957,0.996,3.20,9.60
2007.04.17 03:53:00.624,0.9957,0.996,5.60,9.60
2007.04.17 03:53:00.857,0.9957,0.996,5.60,7.20
2007.04.17 03:53:06.751,0.9957,0.996,5.60,3.20
2007.04.17 03:53:10.538,0.9957,0.9959,3.20,0.80
2007.04.17 03:53:10.760,0.9957,0.9959,0.80,0.80
2007.04.17 03:53:26.948,0.9957,0.996,3.20,5.60
2007.04.17 03:53:27.736,0.9957,0.996,5.60,3.20
2007.04.17 03:53:30.716,0.9957,0.996,7.20,3.20
2007.04.17 03:53:37.495,0.9956,0.996,16.00,9.60
2007.04.17 03:53:37.905,0.9957,0.996,0.80,9.60
2007.04.17 03:53:39.919,0.9957,0.996,0.80,9.60
2007.04.17 03:53:57.221,0.9956,0.996,6.70,9.60
2007.04.17 03:53:58.012,0.9955,0.9959,41.50,0.80
2007.04.17 03:53:58.738,0.9955,0.9959,41.50,3.20
2007.04.17 03:54:00.470,0.9956,0.996,0.70,15.20
2007.04.17 03:54:00.670,0.9955,0.996,41.50,7.20
2007.04.17 03:54:03.438,0.9955,0.9959,41.50,0.80
2007.04.17 03:54:03.988,0.9956,0.996,5.80,7.20
2007.04.17 03:54:04.346,0.9956,0.996,7.40,15.20
2007.04.17 03:54:05.513,0.9955,0.996,41.50,7.20
2007.04.17 03:54:11.061,0.9956,0.9959,16.00,0.80
2007.04.17 03:54:15.490,0.9956,0.9959,14.40,0.80
2007.04.17 03:54:17.928,0.9956,0.996,14.40,36.80
2007.04.17 03:54:20.353,0.9956,0.996,14.40,0.60
2007.04.17 03:54:21.103,0.9956,0.9959,14.40,0.80
2007.04.17 03:54:24.962,0.9956,0.9959,6.40,7.20
2007.04.17 03:54:37.736,0.9956,0.9959,8.00,7.20
2007.04.17 03:54:45.460,0.99555,0.9959,16.00,8.00
2007.04.17 03:54:47.827,0.9956,0.9958,16.00,0.80
2007.04.17 03:54:48.059,0.9956,0.9959,16.00,0.80
2007.04.17 03:55:37.906,0.9956,0.996,16.00,7.20
2007.04.17 03:55:38.306,0.9956,0.996,14.40,11.20
2007.04.17 03:55:45.831,0.9956,0.9959,14.40,0.80
2007.04.17 03:56:00.587,0.9956,0.9959,16.00,0.80
2007.04.17 03:56:00.899,0.9956,0.9959,13.60,7.20
2007.04.17 03:56:02.508,0.9956,0.9959,0.80,7.20
2007.04.17 03:56:05.290,0.9956,0.9959,4.00,0.80
2007.04.17 03:56:05.501,0.9956,0.9959,8.00,0.80
2007.04.17 03:56:07.794,0.9956,0.9958,8.00,0.80
2007.04.17 03:56:07.998,0.9956,0.9958,1.60,0.80
2007.04.17 03:56:10.912,0.9956,0.9958,1.00,0.80
2007.04.17 03:56:11.591,0.9955,0.9958,22.40,0.80
2007.04.17 03:56:24.945,0.9955,0.9958,3.60,0.80
2007.04.17 03:56:29.334,0.9955,0.9958,12.80,0.80
2007.04.17 03:56:38.187,0.9956,0.9958,0.70,0.80
2007.04.17 03:56:46.683,0.9956,0.996,13.60,25.60
2007.04.17 03:56:49.500,0.9956,0.996,11.20,25.60
2007.04.17 03:56:49.765,0.9956,0.9959,11.20,9.60
2007.04.17 03:56:50.005,0.9956,0.9959,4.00,9.60
2007.04.17 03:56:53.497,0.9956,0.9959,6.40,0.80
2007.04.17 03:56:53.723,0.9956,0.996,14.40,25.60
2007.04.17 03:56:54.750,0.9956,0.996,6.40,25.60
2007.04.17 03:56:57.459,0.9957,0.996,0.80,28.00
2007.04.17 03:56:57.696,0.9957,0.9959,3.20,0.90
2007.04.17 03:57:03.930,0.9956,0.996,18.40,17.60
2007.04.17 03:57:04.138,0.9956,0.996,14.40,25.60
2007.04.17 03:57:04.983,0.9956,0.996,6.40,25.60
2007.04.17 03:57:13.407,0.9956,0.9959,6.40,3.20
2007.04.17 03:57:13.610,0.9956,0.9958,1.60,0.80
2007.04.17 03:57:14.341,0.9956,0.9958,0.80,0.80
2007.04.17 03:57:15.017,0.9956,0.9959,3.20,4.80
2007.04.17 03:57:15.343,0.9956,0.9959,5.60,0.80
2007.04.17 03:57:42.387,0.9956,0.9959,7.20,0.80
2007.04.17 03:57:44.084,0.9956,0.9959,8.00,0.80
2007.04.17 03:57:49.508,0.9956,0.9958,1.60,0.80
2007.04.17 03:57:49.769,0.9956,0.9958,0.80,0.80
2007.04.17 03:57:50.497,0.9956,0.9959,4.80,7.20
2007.04.17 03:57:51.002,0.9957,0.9959,0.80,3.20
2007.04.17 03:57:55.480,0.9957,0.996,0.80,26.40
2007.04.17 03:57:55.950,0.9956,0.996,16.00,16.00
2007.04.17 03:57:56.191,0.9956,0.9959,13.60,0.50
2007.04.17 03:57:57.612,0.9956,0.9959,5.60,0.60
2007.04.17 03:58:02.706,0.9956,0.9961,16.00,48.70
2007.04.17 03:58:03.073,0.9956,0.99605,16.00,17.60
2007.04.17 03:58:10.095,0.9957,0.996,4.80,0.80
2007.04.17 03:58:12.671,0.9957,0.9959,5.60,0.50
2007.04.17 03:58:14.607,0.9957,0.9961,5.60,40.00
2007.04.17 03:58:16.605,0.9957,0.9959,4.80,0.50
2007.04.17 03:58:17.164,0.9957,0.996,0.80,9.60
2007.04.17 03:58:19.538,0.9957,0.996,0.80,20.00
2007.04.17 03:58:19.897,0.9956,0.9959,13.60,0.80
2007.04.17 03:58:22.571,0.9957,0.996,4.80,9.60
2007.04.17 03:58:24.439,0.99565,0.9959,8.00,0.80
2007.04.17 03:58:24.765,0.9956,0.9959,16.00,0.80
2007.04.17 03:58:29.521,0.9957,0.9959,0.80,0.80
2007.04.17 03:58:29.934,0.9957,0.9959,4.80,0.80
2007.04.17 03:58:30.658,0.9957,0.9959,7.20,0.80
2007.04.17 03:58:32.249,0.9957,0.996,7.20,0.80
2007.04.17 03:58:32.660,0.9957,0.996,8.00,0.80
2007.04.17 03:59:12.698,0.9959,0.9961,0.80,9.60
2007.04.17 03:59:12.938,0.9959,0.9961,0.80,3.20
2007.04.17 03:59:16.647,0.9959,0.9961,0.80,0.80
2007.04.17 03:59:16.957,0.9958,0.996,16.00,0.80
2007.04.17 03:59:18.318,0.9958,0.996,4.00,0.80
2007.04.17 03:59:19.957,0.9958,0.996,3.20,0.80
2007.04.17 03:59:20.699,0.9958,0.996,0.80,0.80
2007.04.17 03:59:23.613,0.9958,0.9959,0.80,0.80
2007.04.17 03:59:23.950,0.9957,0.9959,6.40,0.80
2007.04.17 03:59:26.980,0.9957,0.996,6.40,0.80
2007.04.17 03:59:27.872,0.9957,0.996,14.40,0.80
2007.04.17 03:59:29.872,0.9957,0.9959,14.40,0.80
2007.04.17 03:59:30.085,0.9957,0.9959,6.40,0.80
2007.04.17 03:59:45.624,0.9957,0.9959,8.00,0.80
2007.04.17 03:59:50.516,0.9957,0.9959,0.60,0.80
