2007.06.14 02:00:00.298,1.0304,1.0306,1.60,0.60
2007.06.14 02:00:00.397,1.03035,1.0306,8.00,0.70
2007.06.14 02:00:00.468,1.0303,1.0306,24.00,0.70
2007.06.14 02:00:00.487,1.0303,1.03065,22.40,26.30
2007.06.14 02:00:01.231,1.0303,1.0306,18.40,0.70
2007.06.14 02:00:01.325,1.0303,1.03065,10.40,36.80
2007.06.14 02:00:01.500,1.0303,1.0306,2.40,36.80
2007.06.14 02:00:01.622,1.0303,1.03055,4.80,0.70
2007.06.14 02:00:01.755,1.0303,1.0306,4.80,0.50
2007.06.14 02:00:01.756,1.0304,1.0307,4.00,28.80
2007.06.14 02:00:01.825,1.0304,1.0307,4.00,28.80
2007.06.14 02:00:02.647,1.0304,1.0306,4.00,0.80
2007.06.14 02:00:03.283,1.0304,1.03065,4.00,20.80
2007.06.14 02:00:03.319,1.0304,1.03065,4.00,30.40
2007.06.14 02:00:03.452,1.0304,1.03065,4.00,28.00
2007.06.14 02:00:03.460,1.0304,1.03065,6.40,28.00
2007.06.14 02:00:03.800,1.0304,1.03065,6.40,16.00
2007.06.14 02:00:10.819,1.0304,1.0307,6.40,36.80
2007.06.14 02:00:56.822,1.0304,1.0306,6.40,8.00
2007.06.14 02:00:56.923,1.0304,1.0306,8.00,8.00
2007.06.14 02:00:58.375,1.0304,1.0306,8.00,20.00
2007.06.14 02:00:58.743,1.0304,1.0306,6.40,20.00
2007.06.14 02:01:10.357,1.0304,1.0306,8.00,20.00
2007.06.14 02:01:10.776,1.0304,1.0306,6.40,20.00
2007.06.14 02:01:11.581,1.0304,1.0306,6.40,0.80
2007.06.14 02:01:11.813,1.0304,1.03065,8.00,28.00
2007.06.14 02:01:13.351,1.0304,1.03065,6.40,16.00
2007.06.14 02:01:13.378,1.0304,1.0306,4.00,0.70
2007.06.14 02:01:15.804,1.0304,1.0307,4.00,39.10
2007.06.14 02:01:15.881,1.0304,1.0306,4.00,0.50
2007.06.14 02:01:21.301,1.0304,1.0307,4.00,39.20
2007.06.14 02:01:21.380,1.0304,1.0307,4.00,39.20
2007.06.14 02:01:21.406,1.0304,1.03065,4.00,28.00
2007.06.14 02:01:21.487,1.0304,1.0306,6.40,0.70
2007.06.14 02:01:25.164,1.0304,1.03065,8.00,28.00
2007.06.14 02:01:25.788,1.0304,1.0307,8.00,36.80
2007.06.14 02:01:25.995,1.0304,1.0307,8.00,0.50
2007.06.14 02:01:29.217,1.0304,1.0306,8.00,0.60
2007.06.14 02:01:29.347,1.0304,1.0307,8.00,36.70
2007.06.14 02:01:30.246,1.0304,1.0306,8.00,0.80
2007.06.14 02:01:33.445,1.0304,1.0307,8.00,36.70
2007.06.14 02:01:34.371,1.0304,1.0307,8.00,36.80
2007.06.14 02:01:45.790,1.0304,1.0306,6.40,20.00
2007.06.14 02:01:47.813,1.0304,1.0306,8.00,20.00
2007.06.14 02:01:52.255,1.0304,1.0306,12.00,20.00
2007.06.14 02:01:52.285,1.0304,1.0306,23.90,4.00
2007.06.14 02:01:52.381,1.0304,1.03065,28.00,8.00
2007.06.14 02:01:52.444,1.0304,1.0307,28.00,10.40
2007.06.14 02:01:52.776,1.0304,1.0307,6.80,10.40
2007.06.14 02:01:54.626,1.03035,1.0307,38.40,10.40
2007.06.14 02:01:54.710,1.03,1.0307,4.80,10.40
2007.06.14 02:01:59.351,1.03035,1.0307,38.40,10.40
2007.06.14 02:01:59.359,1.03035,1.0307,26.40,26.30
2007.06.14 02:01:59.435,1.03035,1.0307,24.00,26.30
2007.06.14 02:01:59.723,1.0304,1.0307,16.00,26.30
2007.06.14 02:01:59.829,1.0304,1.0307,24.00,18.30
2007.06.14 02:02:00.253,1.0305,1.0307,1.20,22.30
2007.06.14 02:02:00.866,1.0305,1.0307,1.80,18.30
2007.06.14 02:02:06.804,1.0305,1.0307,2.10,15.90
2007.06.14 02:02:07.372,1.0305,1.0307,1.10,18.30
2007.06.14 02:02:07.513,1.0304,1.0307,24.80,26.30
2007.06.14 02:02:18.905,1.0304,1.0307,24.80,23.90
2007.06.14 02:02:18.979,1.0304,1.0307,24.80,15.90
2007.06.14 02:02:19.385,1.0304,1.0307,24.80,18.30
2007.06.14 02:02:19.443,1.0305,1.0307,1.30,26.30
2007.06.14 02:02:24.693,1.0305,1.0307,4.00,22.30
2007.06.14 02:02:24.808,1.0305,1.0307,4.00,14.30
2007.06.14 02:02:24.828,1.0305,1.03075,4.00,8.00
2007.06.14 02:02:30.292,1.0305,1.0307,4.00,4.00
2007.06.14 02:02:30.401,1.0305,1.0307,4.00,12.00
2007.06.14 02:02:30.425,1.0305,1.0307,4.00,14.40
2007.06.14 02:02:30.430,1.0305,1.0307,4.00,28.70
2007.06.14 02:02:30.721,1.0305,1.0307,8.00,28.70
2007.06.14 02:02:30.934,1.0305,1.0307,8.00,20.70
2007.06.14 02:02:31.036,1.0306,1.0307,4.00,4.80
2007.06.14 02:02:31.126,1.0306,1.0307,4.00,2.40
2007.06.14 02:02:31.323,1.0305,1.0307,4.00,2.40
2007.06.14 02:02:31.435,1.0305,1.0308,4.00,36.80
2007.06.14 02:02:31.619,1.0305,1.031,4.00,2.40
2007.06.14 02:02:31.669,1.0305,1.03075,4.00,8.00
2007.06.14 02:02:32.342,1.0305,1.0307,4.00,15.90
2007.06.14 02:02:32.359,1.0305,1.0307,4.00,18.30
2007.06.14 02:02:32.448,1.0305,1.0307,4.00,26.30
2007.06.14 02:02:32.582,1.0305,1.0307,4.00,28.70
2007.06.14 02:02:43.705,1.0305,1.0307,4.00,32.70
2007.06.14 02:02:43.753,1.0304,1.0307,18.40,32.70
2007.06.14 02:02:43.868,1.0304,1.0307,12.00,36.80
2007.06.14 02:02:43.900,1.0304,1.0307,4.00,36.80
2007.06.14 02:02:44.300,1.0304,1.0307,6.40,34.40
2007.06.14 02:02:44.362,1.0305,1.0307,4.00,36.80
2007.06.14 02:02:44.661,1.0304,1.0307,16.80,36.80
2007.06.14 02:02:44.825,1.0304,1.0309,14.40,2.40
2007.06.14 02:02:45.192,1.0304,1.0309,4.00,2.40
2007.06.14 02:02:45.296,1.03035,1.0309,8.00,2.40
2007.06.14 02:02:45.435,1.0305,1.0309,4.00,2.40
2007.06.14 02:02:45.443,1.0305,1.0307,4.00,36.80
2007.06.14 02:02:46.279,1.0305,1.0307,4.00,32.80
2007.06.14 02:02:47.210,1.0305,1.0307,4.00,36.80
2007.06.14 02:02:47.307,1.0304,1.0307,16.80,34.40
2007.06.14 02:02:47.421,1.0304,1.0307,14.40,36.80
2007.06.14 02:02:50.675,1.0305,1.0307,4.00,36.80
2007.06.14 02:02:50.792,1.0305,1.0309,4.00,2.40
2007.06.14 02:02:51.958,1.0305,1.0307,4.00,35.20
2007.06.14 02:02:57.320,1.0305,1.0308,4.00,39.20
2007.06.14 02:03:00.934,1.0305,1.0308,4.00,39.20
2007.06.14 02:03:00.942,1.0305,1.03075,4.00,32.80
2007.06.14 02:03:02.963,1.0305,1.0308,4.00,39.20
2007.06.14 02:03:02.977,1.0305,1.0308,4.00,39.20
2007.06.14 02:03:07.250,1.0305,1.0309,4.00,0.90
2007.06.14 02:03:07.363,1.0304,1.0308,14.40,38.40
2007.06.14 02:03:12.283,1.0305,1.0307,4.00,0.50
2007.06.14 02:03:13.311,1.0305,1.0307,4.00,0.50
2007.06.14 02:04:06.757,1.0305,1.0307,4.00,24.80
2007.06.14 02:04:06.776,1.0305,1.0307,4.00,8.80
2007.06.14 02:04:06.799,1.0305,1.0307,4.00,6.40
2007.06.14 02:04:06.882,1.0305,1.0307,4.00,4.00
2007.06.14 02:04:07.787,1.0305,1.0307,4.00,15.90
2007.06.14 02:04:08.180,1.0305,1.0307,4.00,18.30
2007.06.14 02:04:08.296,1.0305,1.0307,4.00,26.30
2007.06.14 02:05:07.208,1.0305,1.0307,4.00,18.30
2007.06.14 02:05:07.310,1.0305,1.0307,4.00,15.90
2007.06.14 02:05:07.523,1.0305,1.0307,4.00,4.00
2007.06.14 02:05:08.413,1.0305,1.0307,4.00,6.40
2007.06.14 02:05:08.537,1.0305,1.0307,4.00,18.30
2007.06.14 02:05:08.747,1.0305,1.0307,4.00,20.70
2007.06.14 02:05:08.757,1.0305,1.0307,4.00,28.70
2007.06.14 02:05:28.184,1.0305,1.0307,4.00,32.70
2007.06.14 02:05:28.305,1.0304,1.0307,14.40,36.80
2007.06.14 02:05:28.378,1.0304,1.0307,6.40,36.80
2007.06.14 02:05:28.404,1.0304,1.0307,4.00,36.80
2007.06.14 02:05:28.490,1.0304,1.0307,5.60,36.80
2007.06.14 02:05:41.231,1.0304,1.0306,5.60,4.00
2007.06.14 02:05:41.426,1.0304,1.0306,5.60,6.40
2007.06.14 02:05:42.033,1.0304,1.0306,4.00,6.40
2007.06.14 02:05:42.151,1.0304,1.0306,4.00,0.70
2007.06.14 02:05:43.683,1.0304,1.03065,8.00,14.40
2007.06.14 02:05:43.787,1.0305,1.0307,4.00,32.80
2007.06.14 02:05:43.887,1.0305,1.0308,4.00,38.40
2007.06.14 02:05:44.703,1.0305,1.0307,4.00,0.60
2007.06.14 02:05:44.924,1.0304,1.0306,6.40,0.50
2007.06.14 02:05:44.970,1.0304,1.0306,4.00,0.70
2007.06.14 02:05:54.283,1.0304,1.0307,4.00,38.40
2007.06.14 02:05:54.712,1.0304,1.0306,4.00,0.70
2007.06.14 02:06:00.394,1.03035,1.03065,12.00,12.00
2007.06.14 02:06:46.814,1.0301,1.03065,2.40,8.00
2007.06.14 02:06:46.869,1.0303,1.0305,32.80,4.00
2007.06.14 02:06:46.956,1.0303,1.0305,20.80,4.00
2007.06.14 02:06:47.052,1.0303,1.0305,18.40,4.00
2007.06.14 02:06:47.230,1.0303,1.0305,14.40,4.00
2007.06.14 02:06:47.363,1.0303,1.0305,14.40,15.90
2007.06.14 02:06:47.376,1.0303,1.0305,14.40,19.90
2007.06.14 02:06:47.457,1.0303,1.0305,10.40,19.90
2007.06.14 02:06:47.644,1.0301,1.0305,28.70,22.30
2007.06.14 02:06:47.678,1.03015,1.0305,8.00,30.30
2007.06.14 02:06:47.953,1.0302,1.0305,1.60,30.30
2007.06.14 02:06:48.476,1.0302,1.0305,1.60,34.30
2007.06.14 02:06:48.497,1.0302,1.0304,1.60,2.40
2007.06.14 02:06:48.775,1.0301,1.0304,23.90,2.40
2007.06.14 02:06:48.910,1.0301,1.03045,26.30,8.00
2007.06.14 02:06:48.951,1.03015,1.0305,8.00,10.40
2007.06.14 02:06:49.001,1.0302,1.0305,1.60,10.40
2007.06.14 02:06:52.318,1.0303,1.0305,4.00,10.40
2007.06.14 02:06:52.453,1.0303,1.0305,17.50,8.00
2007.06.14 02:06:52.487,1.0303,1.0305,19.90,8.00
2007.06.14 02:06:52.502,1.0303,1.0306,19.90,18.40
2007.06.14 02:06:53.383,1.0303,1.0306,24.00,18.40
2007.06.14 02:06:53.751,1.0303,1.0306,20.00,14.40
2007.06.14 02:06:53.905,1.0303,1.0306,17.60,12.80
2007.06.14 02:06:53.990,1.0303,1.0304,1.60,8.00
2007.06.14 02:06:54.086,1.0301,1.0304,32.70,8.00
2007.06.14 02:06:54.272,1.0301,1.0304,30.40,8.00
2007.06.14 02:06:54.403,1.0301,1.0304,14.40,24.00
2007.06.14 02:06:54.421,1.0301,1.0304,12.00,26.40
2007.06.14 02:06:54.515,1.0301,1.0304,9.60,28.80
2007.06.14 02:06:54.534,1.0301,1.0304,1.60,36.80
2007.06.14 02:06:56.722,1.0301,1.0304,5.60,36.80
2007.06.14 02:06:56.868,1.0301,1.0304,19.90,24.80
2007.06.14 02:06:56.884,1.0301,1.0304,22.30,22.40
2007.06.14 02:06:57.057,1.0301,1.0304,24.70,20.00
2007.06.14 02:06:57.074,1.0301,1.0304,32.70,12.00
2007.06.14 02:07:08.537,1.0299,1.0304,2.40,8.00
2007.06.14 02:07:08.676,1.03015,1.0304,8.00,8.00
2007.06.14 02:07:08.801,1.0302,1.0304,1.60,20.00
2007.06.14 02:07:23.818,1.0302,1.0304,1.60,8.00
2007.06.14 02:07:23.937,1.0301,1.0304,35.10,8.00
2007.06.14 02:07:24.826,1.0301,1.0304,31.10,12.00
2007.06.14 02:07:26.877,1.0301,1.0304,31.10,8.00
2007.06.14 02:07:26.977,1.0301,1.0304,35.10,4.00
2007.06.14 02:07:26.993,1.0299,1.03045,2.40,8.00
2007.06.14 02:07:27.089,1.03015,1.0305,8.00,31.90
2007.06.14 02:07:27.097,1.03015,1.0305,8.00,30.30
2007.06.14 02:07:27.697,1.03015,1.0305,8.00,26.30
2007.06.14 02:07:27.912,1.03015,1.0305,8.00,22.30
2007.06.14 02:07:28.317,1.0302,1.0305,14.30,8.00
2007.06.14 02:07:28.374,1.0302,1.03055,22.30,8.00
2007.06.14 02:07:31.408,1.0302,1.0305,14.30,8.00
2007.06.14 02:07:31.543,1.0302,1.0305,11.90,10.40
2007.06.14 02:07:32.996,1.0302,1.0305,11.90,0.70
2007.06.14 02:07:40.336,1.0302,1.03055,19.90,10.40
2007.06.14 02:07:40.341,1.0302,1.0305,23.90,0.80
2007.06.14 02:07:40.548,1.0302,1.03055,26.30,0.60
2007.06.14 02:07:41.295,1.0302,1.03055,30.30,0.70
2007.06.14 02:07:57.700,1.0302,1.03055,26.30,12.00
2007.06.14 02:07:57.832,1.0302,1.0305,10.40,0.70
2007.06.14 02:07:57.935,1.0302,1.0306,2.40,38.30
2007.06.14 02:07:58.243,1.03015,1.0306,8.00,36.70
2007.06.14 02:07:58.347,1.0302,1.0306,1.60,39.10
2007.06.14 02:07:58.712,1.0302,1.0306,1.60,39.10
2007.06.14 02:07:58.766,1.0302,1.0305,1.60,0.70
2007.06.14 02:07:59.280,1.0302,1.0305,13.50,0.70
2007.06.14 02:07:59.445,1.0302,1.03055,21.50,10.40
2007.06.14 02:07:59.486,1.0302,1.0306,23.90,39.20
2007.06.14 02:08:02.838,1.0302,1.0305,15.90,8.00
2007.06.14 02:08:02.854,1.0302,1.0305,4.00,19.90
2007.06.14 02:08:02.970,1.0302,1.0305,1.60,26.30
2007.06.14 02:08:03.859,1.0302,1.0305,1.60,30.30
2007.06.14 02:08:07.696,1.0302,1.0305,1.60,26.30
2007.06.14 02:08:07.760,1.0302,1.0305,1.60,22.30
2007.06.14 02:08:07.855,1.0302,1.0305,13.50,10.40
2007.06.14 02:08:07.903,1.0302,1.0305,21.50,2.40
2007.06.14 02:08:07.945,1.0302,1.03055,23.90,8.00
2007.06.14 02:08:08.959,1.0302,1.0305,21.50,2.40
2007.06.14 02:08:09.892,1.0302,1.0305,1.60,26.30
2007.06.14 02:08:09.931,1.03015,1.0305,8.00,26.30
2007.06.14 02:08:09.948,1.0301,1.03045,28.80,8.00
2007.06.14 02:08:13.779,1.0302,1.03045,11.90,8.00
2007.06.14 02:08:14.369,1.0302,1.03045,13.50,8.00
2007.06.14 02:08:14.507,1.0302,1.0305,13.50,10.40
2007.06.14 02:08:15.302,1.0302,1.0305,13.50,14.40
2007.06.14 02:08:15.839,1.0302,1.0305,1.60,28.70
2007.06.14 02:08:15.992,1.03015,1.0305,8.00,28.70
2007.06.14 02:08:16.029,1.0299,1.03045,2.40,8.00
2007.06.14 02:08:21.906,1.03015,1.03045,8.00,8.00
2007.06.14 02:08:22.114,1.0302,1.03045,1.60,8.00
2007.06.14 02:08:23.341,1.0302,1.03045,13.50,8.00
2007.06.14 02:08:25.029,1.0303,1.03045,4.00,8.00
2007.06.14 02:08:25.222,1.0303,1.0305,4.00,10.40
2007.06.14 02:08:25.260,1.0303,1.0305,4.00,8.00
2007.06.14 02:08:25.569,1.0303,1.0305,4.00,4.00
2007.06.14 02:08:26.207,1.0302,1.0305,36.70,4.00
2007.06.14 02:08:27.328,1.0302,1.03045,24.70,8.00
2007.06.14 02:08:27.342,1.03015,1.0304,20.80,4.00
2007.06.14 02:08:27.417,1.03015,1.0304,18.40,4.00
2007.06.14 02:08:27.737,1.0302,1.0304,3.90,4.00
2007.06.14 02:08:27.804,1.0301,1.0304,27.20,4.00
2007.06.14 02:08:28.038,1.03015,1.0304,20.80,4.00
2007.06.14 02:08:28.263,1.03015,1.0304,18.40,4.00
2007.06.14 02:08:29.030,1.0302,1.0304,1.60,4.00
2007.06.14 02:08:29.047,1.0301,1.0304,19.20,12.00
2007.06.14 02:08:29.089,1.0302,1.0304,0.60,12.00
2007.06.14 02:08:29.157,1.0302,1.0304,0.50,12.00
2007.06.14 02:08:29.228,1.0301,1.0304,11.10,14.40
2007.06.14 02:08:29.842,1.0299,1.0304,0.70,6.40
2007.06.14 02:08:29.862,1.0301,1.0304,18.40,2.40
2007.06.14 02:08:30.009,1.0298,1.03045,4.80,8.00
2007.06.14 02:08:30.443,1.03,1.03045,38.40,8.00
2007.06.14 02:08:32.252,1.0301,1.0304,5.10,4.00
2007.06.14 02:08:32.305,1.0299,1.0304,0.50,4.00
2007.06.14 02:08:32.389,1.03005,1.0304,39.20,12.00
2007.06.14 02:08:32.408,1.03005,1.0304,36.80,14.40
2007.06.14 02:08:32.924,1.0301,1.03035,11.10,8.00
2007.06.14 02:08:33.449,1.03005,1.0304,36.80,14.40
2007.06.14 02:08:34.394,1.03005,1.0304,34.40,10.40
2007.06.14 02:08:34.940,1.03,1.0304,38.40,2.40
2007.06.14 02:08:34.988,1.03,1.03045,38.40,8.00
2007.06.14 02:09:00.865,1.0301,1.0304,31.20,12.00
2007.06.14 02:09:00.930,1.0301,1.0304,28.80,14.40
2007.06.14 02:09:01.786,1.0301,1.0304,26.40,14.40
2007.06.14 02:09:02.379,1.0301,1.0304,26.40,16.00
2007.06.14 02:09:02.414,1.0301,1.03035,26.40,8.00
2007.06.14 02:09:02.999,1.0301,1.03035,22.40,8.00
2007.06.14 02:09:03.708,1.0301,1.03035,26.40,8.00
2007.06.14 02:09:04.055,1.0301,1.0304,26.40,10.40
2007.06.14 02:09:08.382,1.0302,1.0304,11.90,10.40
2007.06.14 02:09:08.465,1.0302,1.0304,11.90,8.00
2007.06.14 02:09:08.499,1.0302,1.03045,11.90,8.00
2007.06.14 02:09:10.402,1.0302,1.03045,11.90,0.80
2007.06.14 02:09:14.810,1.0301,1.0305,36.80,38.40
2007.06.14 02:09:15.293,1.0301,1.03045,34.40,10.40
2007.06.14 02:09:15.345,1.0301,1.0304,26.40,0.80
2007.06.14 02:09:19.662,1.0301,1.0304,28.80,0.90
2007.06.14 02:09:19.738,1.0301,1.0305,36.80,38.40
2007.06.14 02:09:19.886,1.0301,1.03045,34.40,14.40
2007.06.14 02:09:19.968,1.0301,1.0304,26.40,0.70
2007.06.14 02:09:20.855,1.0301,1.0304,22.40,0.50
2007.06.14 02:09:23.660,1.0301,1.0305,26.40,38.40
2007.06.14 02:09:23.757,1.0301,1.0305,26.40,36.80
2007.06.14 02:09:23.771,1.0301,1.0305,26.40,36.80
2007.06.14 02:09:23.799,1.03015,1.0304,8.00,0.50
2007.06.14 02:09:23.905,1.0302,1.0306,11.90,28.80
2007.06.14 02:09:23.971,1.0302,1.0306,11.90,28.80
2007.06.14 02:09:28.099,1.0302,1.0304,11.90,0.80
2007.06.14 02:09:28.217,1.03015,1.0305,8.00,36.70
2007.06.14 02:09:28.287,1.03015,1.0305,8.00,39.10
2007.06.14 02:09:29.213,1.03015,1.0305,8.00,39.10
2007.06.14 02:09:37.598,1.03015,1.0305,8.00,39.10
2007.06.14 02:09:37.632,1.0303,1.0304,4.00,0.80
2007.06.14 02:09:37.722,1.0303,1.0305,4.00,24.80
2007.06.14 02:09:37.740,1.0303,1.0306,6.40,28.00
2007.06.14 02:09:37.751,1.0303,1.03055,6.40,22.40
2007.06.14 02:09:37.800,1.0303,1.0305,6.40,0.80
2007.06.14 02:09:38.202,1.0303,1.03055,6.40,18.40
2007.06.14 02:09:38.663,1.0302,1.0305,36.70,10.40
2007.06.14 02:09:41.681,1.0303,1.0305,3.50,14.40
2007.06.14 02:09:41.774,1.0302,1.0305,32.70,14.40
2007.06.14 02:09:41.858,1.03015,1.0304,20.80,4.00
2007.06.14 02:09:41.914,1.03015,1.0304,14.40,4.00
2007.06.14 02:09:42.595,1.03015,1.0304,10.40,4.00
2007.06.14 02:09:42.698,1.0302,1.0304,0.60,8.00
2007.06.14 02:09:42.798,1.03015,1.0304,3.60,8.00
2007.06.14 02:09:43.621,1.0301,1.0304,12.20,8.00
2007.06.14 02:09:54.761,1.0302,1.0304,2.10,8.00
2007.06.14 02:09:54.770,1.0302,1.0304,4.10,4.00
2007.06.14 02:09:54.874,1.03015,1.0305,19.90,24.80
2007.06.14 02:09:54.935,1.0302,1.0305,6.10,24.80
2007.06.14 02:10:10.212,1.0303,1.0305,4.00,27.20
2007.06.14 02:10:10.306,1.0303,1.0305,4.00,24.80
2007.06.14 02:10:10.346,1.0303,1.0305,4.00,16.80
2007.06.14 02:10:11.377,1.0303,1.0305,4.00,12.80
2007.06.14 02:10:15.699,1.0303,1.0305,4.00,20.80
2007.06.14 02:10:15.801,1.0303,1.0305,4.00,23.20
2007.06.14 02:10:19.697,1.0303,1.0305,4.00,27.20
2007.06.14 02:10:19.812,1.0302,1.0304,26.30,4.00
2007.06.14 02:10:20.305,1.0302,1.0304,18.30,4.00
2007.06.14 02:10:20.319,1.0302,1.0304,6.40,4.00
2007.06.14 02:10:20.412,1.0302,1.0304,4.00,4.00
2007.06.14 02:10:22.756,1.0302,1.03045,4.00,8.00
2007.06.14 02:10:22.876,1.0302,1.0308,14.40,2.40
2007.06.14 02:10:23.308,1.0302,1.0309,14.40,2.40
2007.06.14 02:10:23.397,1.0302,1.0305,14.40,31.20
2007.06.14 02:10:23.413,1.0302,1.0305,14.40,28.80
2007.06.14 02:10:23.476,1.0303,1.0305,4.00,14.40
2007.06.14 02:10:24.320,1.0303,1.0305,4.00,10.40
2007.06.14 02:10:27.179,1.0303,1.0305,4.00,14.40
2007.06.14 02:10:27.398,1.0303,1.0305,4.00,16.80
2007.06.14 02:10:27.444,1.0302,1.0305,14.40,28.80
2007.06.14 02:10:31.739,1.0302,1.0305,6.40,36.80
2007.06.14 02:10:31.825,1.0302,1.0304,6.40,2.40
2007.06.14 02:10:31.910,1.0302,1.0304,6.40,6.40
2007.06.14 02:10:32.038,1.0302,1.0304,4.00,6.40
2007.06.14 02:10:33.253,1.0302,1.0304,4.00,2.40
2007.06.14 02:10:33.274,1.0302,1.0304,12.00,2.40
2007.06.14 02:10:33.353,1.0302,1.0305,12.00,31.20
2007.06.14 02:10:33.367,1.0302,1.0305,14.40,32.80
2007.06.14 02:10:33.418,1.0302,1.0305,14.40,28.80
2007.06.14 02:10:33.784,1.0303,1.0305,4.00,28.80
2007.06.14 02:10:33.879,1.0302,1.0305,14.40,28.80
2007.06.14 02:10:34.367,1.0302,1.0305,26.30,14.40
2007.06.14 02:10:34.798,1.0302,1.0305,30.30,10.40
2007.06.14 02:10:41.759,1.0303,1.0305,4.00,4.00
2007.06.14 02:10:41.984,1.0303,1.0306,18.30,22.40
2007.06.14 02:10:49.726,1.0303,1.0305,18.30,4.00
2007.06.14 02:10:49.856,1.0303,1.0305,6.40,4.00
2007.06.14 02:11:07.383,1.0303,1.0306,18.30,22.40
2007.06.14 02:11:15.317,1.0303,1.0306,6.40,34.40
2007.06.14 02:11:15.376,1.0303,1.0306,4.00,36.80
2007.06.14 02:11:15.428,1.0303,1.0305,4.00,4.00
2007.06.14 02:11:18.265,1.0303,1.03055,4.00,8.00
2007.06.14 02:11:18.384,1.0303,1.03055,15.90,8.00
2007.06.14 02:11:18.437,1.0303,1.03055,18.30,8.00
2007.06.14 02:11:18.488,1.0303,1.0306,18.30,22.40
2007.06.14 02:11:30.293,1.0303,1.0305,19.90,4.00
2007.06.14 02:11:30.401,1.0303,1.0305,8.00,4.00
2007.06.14 02:11:30.486,1.0303,1.0305,6.40,4.00
2007.06.14 02:11:34.093,1.0303,1.03055,6.40,12.00
2007.06.14 02:11:41.697,1.0303,1.0305,10.40,4.00
2007.06.14 02:11:41.893,1.0303,1.0305,18.40,4.00
2007.06.14 02:11:41.905,1.0304,1.0306,4.00,28.70
2007.06.14 02:12:07.054,1.0304,1.0306,4.00,26.30
2007.06.14 02:12:15.987,1.0304,1.0306,4.00,32.70
2007.06.14 02:12:16.022,1.0303,1.0306,2.40,36.80
2007.06.14 02:12:16.202,1.03025,1.0306,8.00,36.80
2007.06.14 02:12:21.524,1.0304,1.0306,4.00,39.20
2007.06.14 02:12:22.604,1.0304,1.0306,4.00,35.20
2007.06.14 02:12:26.047,1.0303,1.0306,10.40,36.80
2007.06.14 02:12:26.085,1.0303,1.0306,2.40,36.80
2007.06.14 02:12:26.104,1.03025,1.0306,8.00,36.80
2007.06.14 02:12:29.195,1.03025,1.0305,8.00,4.00
2007.06.14 02:12:29.431,1.0302,1.0305,22.30,20.80
2007.06.14 02:12:33.957,1.0302,1.0304,22.30,4.00
2007.06.14 02:12:33.987,1.0302,1.0304,14.30,4.00
2007.06.14 02:12:34.025,1.0302,1.0304,14.30,6.40
2007.06.14 02:12:34.168,1.0301,1.0304,22.40,18.30
2007.06.14 02:12:35.049,1.0301,1.0304,18.40,18.30
2007.06.14 02:12:35.153,1.0301,1.0304,18.40,22.30
2007.06.14 02:12:36.390,1.0301,1.0304,18.40,18.30
2007.06.14 02:12:36.493,1.0301,1.0304,24.80,11.90
2007.06.14 02:12:36.523,1.0302,1.03045,11.90,8.00
2007.06.14 02:12:36.629,1.0302,1.03045,14.30,8.00
2007.06.14 02:12:36.774,1.0302,1.0305,22.30,20.80
2007.06.14 02:12:37.434,1.0303,1.0305,4.00,20.80
2007.06.14 02:12:37.540,1.0303,1.0305,4.00,23.20
2007.06.14 02:12:37.610,1.0303,1.0305,4.00,20.80
2007.06.14 02:12:37.622,1.0303,1.0305,4.00,18.40
2007.06.14 02:12:37.798,1.0303,1.0305,4.00,10.40
2007.06.14 02:12:38.414,1.0302,1.0305,28.70,10.40
2007.06.14 02:12:38.523,1.0302,1.0305,32.70,6.40
2007.06.14 02:12:39.585,1.0302,1.0305,32.70,4.00
2007.06.14 02:12:41.752,1.0303,1.0305,1.20,4.00
2007.06.14 02:12:41.801,1.0304,1.03055,0.90,8.00
2007.06.14 02:12:41.892,1.0303,1.0306,18.40,30.40
2007.06.14 02:12:42.000,1.0304,1.0306,1.00,32.80
2007.06.14 02:13:05.967,1.0303,1.0306,20.80,30.40
2007.06.14 02:13:07.323,1.0304,1.03055,4.00,8.00
2007.06.14 02:13:07.351,1.0303,1.0305,8.80,4.00
2007.06.14 02:13:07.442,1.0303,1.0305,6.40,4.00
2007.06.14 02:13:11.826,1.0303,1.03055,6.40,8.00
2007.06.14 02:13:11.884,1.0303,1.0306,6.40,36.80
2007.06.14 02:13:18.402,1.0303,1.0306,8.00,36.80
2007.06.14 02:13:30.220,1.0303,1.0306,16.00,36.80
2007.06.14 02:13:30.238,1.0304,1.0306,4.00,36.80
2007.06.14 02:13:31.296,1.0304,1.0306,4.00,32.80
2007.06.14 02:13:32.722,1.0303,1.0306,20.00,32.80
2007.06.14 02:13:32.984,1.0303,1.0306,22.40,30.40
2007.06.14 02:13:33.044,1.0303,1.0306,22.40,22.40
2007.06.14 02:13:36.035,1.0304,1.0306,0.90,18.40
2007.06.14 02:13:36.132,1.0304,1.0307,5.90,27.20
2007.06.14 02:13:40.745,1.0304,1.0307,2.80,23.20
2007.06.14 02:13:40.865,1.0304,1.0307,0.50,20.80
2007.06.14 02:13:40.944,1.0304,1.0307,10.40,20.80
2007.06.14 02:13:41.010,1.0304,1.0307,17.70,10.40
2007.06.14 02:13:41.767,1.0304,1.0307,36.70,10.40
2007.06.14 02:13:43.491,1.0305,1.0307,4.80,8.00
2007.06.14 02:13:43.500,1.03045,1.03075,19.90,8.00
2007.06.14 02:13:44.027,1.03045,1.03075,3.70,8.00
2007.06.14 02:13:44.723,1.0305,1.03075,4.90,8.00
2007.06.14 02:13:47.770,1.0304,1.0307,38.40,4.00
2007.06.14 02:13:47.898,1.0304,1.0307,36.00,6.40
2007.06.14 02:13:47.938,1.03045,1.0307,2.20,8.80
2007.06.14 02:13:48.110,1.0304,1.0307,13.50,16.80
2007.06.14 02:13:48.868,1.0303,1.0307,38.40,14.40
2007.06.14 02:13:48.911,1.0304,1.0307,15.80,6.40
2007.06.14 02:13:49.149,1.03035,1.0307,32.00,16.80
2007.06.14 02:13:55.690,1.0304,1.0307,9.90,14.40
2007.06.14 02:13:55.708,1.03035,1.0307,36.80,8.00
2007.06.14 02:13:55.749,1.0303,1.03075,38.40,8.00
2007.06.14 02:13:56.075,1.0303,1.03075,34.40,8.00
2007.06.14 02:13:56.209,1.0305,1.03075,8.00,8.00
2007.06.14 02:13:56.262,1.0306,1.0308,0.70,12.80
2007.06.14 02:13:56.305,1.0306,1.0308,2.40,8.80
2007.06.14 02:13:57.231,1.0306,1.0308,1.90,8.80
2007.06.14 02:13:57.320,1.0306,1.0308,2.10,8.80
2007.06.14 02:13:57.628,1.0306,1.0307,4.30,4.00
2007.06.14 02:13:57.746,1.03055,1.0307,12.00,4.00
2007.06.14 02:13:57.897,1.0305,1.0307,4.00,4.00
2007.06.14 02:13:58.142,1.0304,1.0307,36.70,6.40
2007.06.14 02:13:58.154,1.0305,1.0307,1.10,6.40
2007.06.14 02:13:58.249,1.0305,1.0307,1.70,10.40
2007.06.14 02:13:58.297,1.0304,1.0307,30.30,18.40
2007.06.14 02:13:58.351,1.0304,1.0307,11.50,18.40
2007.06.14 02:13:58.768,1.0303,1.0307,28.80,32.70
2007.06.14 02:13:58.797,1.03035,1.0307,16.00,32.70
2007.06.14 02:14:00.896,1.0304,1.0307,2.40,32.70
2007.06.14 02:14:05.159,1.0305,1.0307,1.60,24.70
2007.06.14 02:14:05.271,1.03045,1.0307,12.00,22.30
2007.06.14 02:14:05.651,1.0305,1.0307,1.70,22.30
2007.06.14 02:14:06.284,1.03045,1.0307,13.60,18.30
2007.06.14 02:14:17.263,1.0305,1.0307,1.60,22.30
2007.06.14 02:14:17.310,1.03045,1.0306,9.60,4.00
2007.06.14 02:14:17.365,1.03045,1.0306,9.60,6.40
2007.06.14 02:14:17.417,1.0304,1.0306,3.70,6.40
2007.06.14 02:14:17.820,1.03035,1.0306,16.00,2.40
2007.06.14 02:14:17.887,1.03035,1.0309,16.00,2.40
2007.06.14 02:14:17.917,1.03045,1.0307,4.30,32.80
2007.06.14 02:14:17.938,1.0305,1.0307,0.80,26.40
2007.06.14 02:14:18.526,1.0304,1.0307,18.40,26.40
2007.06.14 02:14:18.678,1.0303,1.0307,27.20,26.40
2007.06.14 02:14:18.771,1.0304,1.0306,8.50,4.00
2007.06.14 02:14:19.365,1.0303,1.0306,27.20,4.00
2007.06.14 02:14:19.446,1.0304,1.0306,2.90,4.00
2007.06.14 02:14:20.938,1.0304,1.0306,0.90,0.50
2007.06.14 02:14:23.261,1.0303,1.0307,27.20,28.80
2007.06.14 02:14:23.355,1.0303,1.03075,36.70,36.80
2007.06.14 02:14:23.470,1.0303,1.03075,36.70,34.40
2007.06.14 02:14:23.514,1.0303,1.03075,36.70,34.40
2007.06.14 02:14:28.716,1.0305,1.0307,0.90,0.90
2007.06.14 02:14:28.827,1.0305,1.0307,0.90,0.90
2007.06.14 02:14:29.847,1.0305,1.0308,4.00,38.40
2007.06.14 02:14:31.738,1.0305,1.0307,8.00,0.90
2007.06.14 02:14:31.789,1.0306,1.0309,4.00,38.40
2007.06.14 02:14:32.245,1.0306,1.0309,4.00,40.80
2007.06.14 02:14:32.414,1.0305,1.0309,14.40,40.80
2007.06.14 02:14:42.307,1.0305,1.0309,6.40,40.80
2007.06.14 02:14:42.404,1.03045,1.0308,8.00,0.70
2007.06.14 02:14:42.448,1.0305,1.0309,1.60,43.20
2007.06.14 02:14:42.970,1.03045,1.0309,8.00,40.80
2007.06.14 02:14:43.094,1.0304,1.0308,24.80,36.80
2007.06.14 02:14:43.299,1.0304,1.03075,22.40,23.90
2007.06.14 02:14:43.381,1.0304,1.03075,16.00,30.30
2007.06.14 02:14:43.403,1.0304,1.0307,16.00,0.60
2007.06.14 02:15:00.281,1.0304,1.0307,14.40,26.40
2007.06.14 02:15:02.359,1.0304,1.0306,16.80,4.00
2007.06.14 02:15:02.849,1.0304,1.0306,14.40,4.00
2007.06.14 02:15:02.946,1.0304,1.0306,6.40,4.00
2007.06.14 02:15:04.668,1.0304,1.0306,4.00,4.00
2007.06.14 02:15:04.736,1.0304,1.0306,8.00,4.00
2007.06.14 02:15:04.812,1.0305,1.0307,4.00,32.80
2007.06.14 02:15:04.908,1.0305,1.0307,4.00,30.40
2007.06.14 02:15:04.981,1.0305,1.0307,4.00,22.40
2007.06.14 02:15:05.228,1.0305,1.0307,1.10,22.40
2007.06.14 02:15:06.688,1.0305,1.0307,4.00,26.40
2007.06.14 02:15:06.865,1.0304,1.0307,16.00,14.40
2007.06.14 02:15:06.946,1.0304,1.0307,14.40,14.40
2007.06.14 02:15:11.812,1.0305,1.0307,4.00,26.40
2007.06.14 02:15:12.774,1.03045,1.0307,8.00,26.40
2007.06.14 02:15:12.863,1.0304,1.0307,16.00,26.40
2007.06.14 02:15:12.929,1.0304,1.0307,14.40,26.40
2007.06.14 02:15:20.732,1.03045,1.0307,8.00,26.40
2007.06.14 02:15:20.789,1.0305,1.0307,4.00,24.00
2007.06.14 02:15:21.238,1.0305,1.0307,12.00,24.00
2007.06.14 02:15:21.298,1.0305,1.0307,14.40,16.00
2007.06.14 02:15:21.375,1.0305,1.0308,27.90,6.40
2007.06.14 02:15:21.495,1.0305,1.0308,30.30,4.00
2007.06.14 02:15:21.813,1.0305,1.0308,34.30,4.00
2007.06.14 02:15:26.757,1.0305,1.0308,30.30,8.00
2007.06.14 02:15:26.766,1.0305,1.0307,30.30,4.00
2007.06.14 02:15:26.828,1.0305,1.0307,22.30,4.00
2007.06.14 02:15:26.872,1.0305,1.0307,10.40,15.90
2007.06.14 02:15:27.369,1.0305,1.0307,8.00,15.90
2007.06.14 02:15:31.352,1.0305,1.0308,23.90,18.40
2007.06.14 02:15:31.400,1.0305,1.0308,31.90,10.40
2007.06.14 02:15:31.592,1.0305,1.0308,34.30,4.00
2007.06.14 02:15:33.282,1.0304,1.0308,36.70,4.00
2007.06.14 02:15:36.966,1.0304,1.0308,36.70,8.00
2007.06.14 02:15:37.009,1.0304,1.0308,36.70,12.00
2007.06.14 02:15:38.289,1.0304,1.0308,38.30,12.00
2007.06.14 02:15:38.429,1.0304,1.0308,38.30,12.00
2007.06.14 02:15:38.578,1.0305,1.0308,1.80,14.40
2007.06.14 02:15:40.718,1.0304,1.0308,38.30,16.80
2007.06.14 02:15:40.748,1.0305,1.0307,7.70,2.40
2007.06.14 02:15:40.824,1.0304,1.0307,35.90,6.40
2007.06.14 02:15:40.851,1.03045,1.0307,22.30,6.40
2007.06.14 02:15:40.932,1.0305,1.0307,6.30,6.40
2007.06.14 02:15:41.229,1.03045,1.0307,19.90,2.40
2007.06.14 02:15:41.348,1.03045,1.0308,19.90,24.80
2007.06.14 02:15:41.380,1.0304,1.0308,38.30,16.80
2007.06.14 02:15:41.535,1.0305,1.0308,10.20,14.40
2007.06.14 02:15:43.866,1.0304,1.0308,38.30,14.40
2007.06.14 02:15:43.892,1.0304,1.0308,38.30,12.00
2007.06.14 02:15:43.963,1.0304,1.0308,38.30,14.40
2007.06.14 02:15:44.746,1.0305,1.0308,8.80,10.40
2007.06.14 02:15:46.938,1.0305,1.0308,4.90,6.40
2007.06.14 02:15:49.743,1.0305,1.0307,16.00,4.00
2007.06.14 02:15:49.782,1.0305,1.0307,7.10,4.00
2007.06.14 02:15:49.798,1.03045,1.0307,34.40,4.00
2007.06.14 02:15:49.814,1.0305,1.0307,10.50,4.00
2007.06.14 02:15:50.764,1.03045,1.0307,28.00,4.00
2007.06.14 02:15:50.978,1.03045,1.0307,23.90,4.00
2007.06.14 02:15:51.028,1.03045,1.0307,19.90,6.40
2007.06.14 02:15:55.325,1.0304,1.0307,36.70,4.00
2007.06.14 02:15:55.429,1.0304,1.0307,26.40,15.90
2007.06.14 02:15:55.479,1.0305,1.0307,0.50,15.90
2007.06.14 02:15:56.057,1.0303,1.0307,28.80,15.90
2007.06.14 02:15:56.539,1.0304,1.0307,4.20,19.90
2007.06.14 02:15:58.765,1.0304,1.0306,3.30,4.00
2007.06.14 02:15:58.870,1.0303,1.0306,28.80,4.00
2007.06.14 02:15:58.927,1.0303,1.0306,28.80,4.00
2007.06.14 02:15:58.960,1.0304,1.0306,2.10,4.00
2007.06.14 02:16:08.400,1.0304,1.0306,20.00,4.00
2007.06.14 02:16:08.504,1.0304,1.0306,22.40,4.00
2007.06.14 02:16:08.731,1.0304,1.0306,20.00,4.00
2007.06.14 02:16:09.549,1.0304,1.0306,22.40,4.00
2007.06.14 02:16:09.771,1.0304,1.0307,22.40,19.90
2007.06.14 02:16:10.287,1.0304,1.0306,24.80,4.00
2007.06.14 02:16:10.370,1.0304,1.0306,22.40,4.00
2007.06.14 02:16:10.686,1.0304,1.0306,14.40,4.00
2007.06.14 02:16:10.793,1.0304,1.0306,12.00,4.00
2007.06.14 02:16:23.393,1.0304,1.0307,12.00,32.70
2007.06.14 02:16:23.451,1.0304,1.0307,16.00,28.70
2007.06.14 02:16:23.541,1.0305,1.0307,11.90,16.80
2007.06.14 02:16:25.126,1.0305,1.0307,13.50,14.40
2007.06.14 02:16:25.186,1.0305,1.0307,13.50,6.40
2007.06.14 02:16:28.360,1.0305,1.0306,13.50,4.00
2007.06.14 02:16:28.484,1.0305,1.0306,0.80,4.00
2007.06.14 02:16:28.789,1.0304,1.0306,16.00,4.00
2007.06.14 02:16:29.521,1.0304,1.0306,12.00,4.00
2007.06.14 02:16:40.321,1.0304,1.0307,9.60,32.70
2007.06.14 02:16:40.417,1.0304,1.0307,12.00,30.30
2007.06.14 02:16:40.487,1.0304,1.0307,22.40,19.90
2007.06.14 02:16:45.472,1.0304,1.0307,20.80,19.90
2007.06.14 02:16:46.436,1.0304,1.0307,20.80,15.90
2007.06.14 02:16:46.509,1.0305,1.0307,11.90,4.00
2007.06.14 02:16:46.649,1.0305,1.0308,11.90,16.80
2007.06.14 02:16:50.524,1.0305,1.0308,11.90,20.80
2007.06.14 02:16:50.583,1.0305,1.0308,11.90,24.80
2007.06.14 02:16:50.936,1.0305,1.0308,11.90,27.20
2007.06.14 02:16:51.094,1.03045,1.0307,8.00,15.90
2007.06.14 02:16:51.129,1.0304,1.0307,24.80,15.90
2007.06.14 02:16:52.059,1.0304,1.0307,20.80,19.90
2007.06.14 02:17:02.396,1.0305,1.0307,4.00,15.90
2007.06.14 02:17:02.464,1.0305,1.0307,8.00,11.90
2007.06.14 02:17:02.514,1.0305,1.03075,19.90,8.00
2007.06.14 02:17:02.571,1.0305,1.0308,19.90,27.20
2007.06.14 02:17:02.622,1.0305,1.0308,19.90,23.20
2007.06.14 02:17:02.811,1.0305,1.0308,21.50,23.20
2007.06.14 02:17:10.107,1.0305,1.0308,23.90,23.20
2007.06.14 02:17:10.179,1.0305,1.0308,31.90,23.20
2007.06.14 02:17:12.051,1.0305,1.0308,29.50,23.20
2007.06.14 02:17:12.211,1.0305,1.0308,21.50,23.20
2007.06.14 02:17:16.034,1.0305,1.0308,29.50,23.20
2007.06.14 02:17:16.128,1.0305,1.0308,31.90,23.20
2007.06.14 02:17:18.065,1.0305,1.0308,31.90,12.80
2007.06.14 02:17:18.673,1.0305,1.0308,30.30,12.80
2007.06.14 02:17:19.904,1.0304,1.0308,38.30,12.80
2007.06.14 02:17:35.590,1.0305,1.0308,15.50,20.80
2007.06.14 02:17:35.620,1.0305,1.0308,8.30,23.20
2007.06.14 02:17:37.275,1.0304,1.0308,36.70,20.80
2007.06.14 02:17:37.315,1.0305,1.0308,35.10,20.80
2007.06.14 02:17:37.403,1.0305,1.0308,35.10,12.80
2007.06.14 02:17:37.436,1.0305,1.0308,35.10,10.40
2007.06.14 02:18:10.190,1.0307,1.0309,4.00,20.00
2007.06.14 02:19:05.969,1.0307,1.0309,4.00,15.90
2007.06.14 02:19:10.764,1.0307,1.03095,4.00,23.90
2007.06.14 02:19:11.422,1.0307,1.0309,4.00,23.90
2007.06.14 02:19:11.898,1.0306,1.0309,16.00,26.30
2007.06.14 02:19:11.929,1.0306,1.03085,13.60,0.90
2007.06.14 02:19:13.193,1.0306,1.0309,13.60,0.90
2007.06.14 02:19:13.803,1.0306,1.0309,21.60,0.90
2007.06.14 02:19:15.344,1.0307,1.0309,4.00,0.80
2007.06.14 02:19:15.497,1.0307,1.031,4.00,39.10
2007.06.14 02:19:15.933,1.0307,1.031,4.00,39.10
2007.06.14 02:19:16.019,1.0307,1.03095,4.00,26.30
2007.06.14 02:19:19.327,1.0307,1.031,4.00,39.10
2007.06.14 02:19:19.694,1.0307,1.031,4.00,39.10
2007.06.14 02:19:20.028,1.0307,1.0309,4.00,0.70
2007.06.14 02:19:20.094,1.0307,1.03095,4.00,26.30
2007.06.14 02:19:24.266,1.0307,1.03095,8.00,26.30
2007.06.14 02:19:24.384,1.0307,1.03095,8.00,23.90
2007.06.14 02:19:24.406,1.0307,1.031,12.00,35.10
2007.06.14 02:19:24.461,1.0307,1.0311,12.00,39.10
2007.06.14 02:19:24.526,1.0307,1.031,13.60,0.50
2007.06.14 02:19:27.963,1.0307,1.0311,12.00,36.70
2007.06.14 02:19:28.018,1.0307,1.03095,12.00,0.80
2007.06.14 02:19:28.283,1.0307,1.03095,12.00,23.90
2007.06.14 02:19:29.193,1.0307,1.0309,8.00,0.70
2007.06.14 02:19:31.659,1.0307,1.03095,12.00,23.90
2007.06.14 02:19:31.726,1.0307,1.031,12.00,32.70
2007.06.14 02:19:31.847,1.0307,1.0311,12.00,36.70
2007.06.14 02:19:31.877,1.0307,1.0311,12.00,36.70
2007.06.14 02:19:34.293,1.0307,1.031,12.00,32.70
2007.06.14 02:19:35.273,1.0307,1.0309,8.00,0.90
2007.06.14 02:19:37.834,1.0307,1.03095,8.00,23.90
2007.06.14 02:19:38.788,1.0307,1.03095,8.00,19.90
2007.06.14 02:19:39.293,1.0307,1.031,8.00,36.70
2007.06.14 02:19:39.401,1.0307,1.031,20.00,18.40
2007.06.14 02:19:39.462,1.0307,1.031,20.00,0.70
2007.06.14 02:19:39.479,1.0307,1.0311,20.00,40.80
2007.06.14 02:19:39.510,1.0307,1.0311,26.40,38.40
2007.06.14 02:19:39.898,1.0307,1.0311,28.80,38.40
2007.06.14 02:19:39.975,1.0307,1.0311,36.80,38.40
2007.06.14 02:19:40.261,1.03075,1.0311,8.00,0.60
2007.06.14 02:19:40.328,1.03075,1.0312,8.00,40.80
2007.06.14 02:19:40.768,1.0304,1.0311,2.40,36.80
2007.06.14 02:19:40.829,1.0307,1.03105,36.80,0.90
2007.06.14 02:19:43.321,1.03075,1.0312,8.00,39.10
2007.06.14 02:19:43.371,1.0308,1.0311,4.00,0.80
2007.06.14 02:19:43.486,1.0308,1.0312,5.60,41.50
2007.06.14 02:19:44.299,1.0308,1.0311,9.60,0.50
2007.06.14 02:19:44.360,1.0308,1.0312,9.60,41.60
2007.06.14 02:19:44.706,1.0308,1.0312,5.60,41.60
2007.06.14 02:19:44.814,1.0308,1.0312,5.60,41.60
2007.06.14 02:19:48.395,1.0308,1.03105,5.60,0.80
2007.06.14 02:19:48.404,1.0308,1.0311,1.60,36.80
2007.06.14 02:19:48.661,1.0304,1.0311,2.40,36.80
2007.06.14 02:19:53.628,1.0304,1.03105,2.40,10.40
2007.06.14 02:19:54.740,1.0304,1.0311,2.40,36.80
2007.06.14 02:19:55.777,1.03075,1.0312,8.00,40.80
2007.06.14 02:19:55.782,1.0308,1.0312,4.00,40.80
2007.06.14 02:19:55.898,1.0308,1.0311,5.60,0.60
2007.06.14 02:19:59.848,1.0308,1.0311,5.60,36.80
2007.06.14 02:19:59.973,1.0308,1.03105,4.00,0.50
2007.06.14 02:20:00.166,1.0307,1.0311,36.80,38.40
2007.06.14 02:20:02.741,1.0307,1.03105,36.80,12.00
2007.06.14 02:20:02.922,1.0307,1.031,34.40,0.90
2007.06.14 02:20:03.145,1.0307,1.0311,26.40,38.40
2007.06.14 02:20:03.232,1.0307,1.031,24.00,0.90
2007.06.14 02:20:03.735,1.0307,1.031,20.00,0.70
2007.06.14 02:20:05.184,1.0307,1.031,20.00,0.90
2007.06.14 02:20:12.325,1.0307,1.031,28.00,15.20
2007.06.14 02:20:12.340,1.0307,1.031,30.40,12.80
2007.06.14 02:20:12.768,1.0307,1.031,28.00,15.20
2007.06.14 02:20:12.825,1.0307,1.031,20.00,23.20
2007.06.14 02:20:13.219,1.0307,1.031,20.00,20.80
2007.06.14 02:20:13.222,1.0307,1.031,24.00,16.80
2007.06.14 02:20:13.327,1.0307,1.031,26.40,14.40
2007.06.14 02:20:13.383,1.0307,1.031,34.40,6.40
2007.06.14 02:20:13.518,1.0308,1.031,4.00,2.40
2007.06.14 02:20:13.567,1.0308,1.03105,4.00,8.00
2007.06.14 02:20:14.133,1.0308,1.03105,6.40,8.00
2007.06.14 02:20:14.347,1.0308,1.0313,14.40,2.40
2007.06.14 02:20:14.559,1.0308,1.0311,14.40,36.80
2007.06.14 02:20:14.590,1.0308,1.0311,14.40,28.80
2007.06.14 02:20:15.278,1.0309,1.0311,4.00,28.80
2007.06.14 02:20:16.314,1.03085,1.031,8.00,4.00
2007.06.14 02:20:16.445,1.0308,1.031,16.00,4.00
2007.06.14 02:20:16.448,1.0308,1.031,14.40,4.00
2007.06.14 02:20:16.562,1.0308,1.031,14.40,6.40
2007.06.14 02:20:16.901,1.0308,1.031,6.40,6.40
2007.06.14 02:20:16.922,1.0308,1.031,4.00,6.40
2007.06.14 02:20:18.389,1.0308,1.031,4.00,2.40
2007.06.14 02:20:18.400,1.0308,1.03105,4.00,8.00
2007.06.14 02:20:18.521,1.0308,1.0313,4.00,2.40
2007.06.14 02:20:18.760,1.0308,1.0313,12.00,2.40
2007.06.14 02:20:18.773,1.0308,1.031,12.00,4.00
2007.06.14 02:20:18.885,1.0308,1.031,14.40,4.00
2007.06.14 02:20:19.018,1.0308,1.031,6.40,4.00
2007.06.14 02:20:19.238,1.0308,1.031,4.00,4.00
2007.06.14 02:20:36.042,1.0308,1.031,5.60,4.00
2007.06.14 02:20:36.130,1.0308,1.031,5.60,0.70
2007.06.14 02:20:37.552,1.0308,1.031,4.00,4.00
2007.06.14 02:20:42.350,1.0308,1.03105,4.00,8.00
2007.06.14 02:20:42.419,1.0308,1.0313,4.00,2.40
2007.06.14 02:20:42.448,1.0308,1.0311,10.40,32.80
2007.06.14 02:20:42.469,1.0308,1.0311,14.40,26.30
2007.06.14 02:20:42.552,1.0308,1.0311,16.00,26.30
2007.06.14 02:20:42.921,1.0308,1.0311,24.00,18.30
2007.06.14 02:20:42.958,1.0308,1.0311,26.40,15.90
2007.06.14 02:20:43.700,1.0308,1.0311,22.40,19.90
2007.06.14 02:20:43.790,1.0308,1.0311,20.00,22.30
2007.06.14 02:20:43.800,1.0308,1.0311,12.00,26.40
2007.06.14 02:20:43.882,1.0308,1.0311,9.60,28.80
2007.06.14 02:20:43.960,1.0308,1.0311,1.60,36.80
2007.06.14 02:20:44.806,1.0308,1.0311,4.00,34.40
2007.06.14 02:20:44.824,1.0308,1.0311,8.00,34.40
2007.06.14 02:20:44.940,1.0308,1.0311,10.40,32.00
2007.06.14 02:20:44.970,1.0308,1.0311,18.40,24.00
2007.06.14 02:20:45.741,1.0308,1.0311,10.40,32.00
2007.06.14 02:20:45.755,1.0308,1.031,10.40,4.00
2007.06.14 02:20:45.852,1.0308,1.031,8.00,4.00
2007.06.14 02:20:45.939,1.0308,1.031,5.60,4.00
2007.06.14 02:20:46.260,1.0308,1.031,13.60,4.00
2007.06.14 02:20:46.375,1.0308,1.0311,16.00,26.40
2007.06.14 02:20:47.517,1.0308,1.0311,20.00,22.40
2007.06.14 02:20:51.997,1.0309,1.0311,1.60,22.40
2007.06.14 02:20:52.938,1.0309,1.0311,1.60,8.00
2007.06.14 02:20:53.027,1.0309,1.0311,5.60,8.00
2007.06.14 02:20:54.359,1.0309,1.031,1.60,4.00
2007.06.14 02:20:54.574,1.03085,1.031,8.00,4.00
2007.06.14 02:20:54.643,1.0308,1.031,16.00,4.00
2007.06.14 02:20:56.899,1.0308,1.0311,16.00,36.80
2007.06.14 02:20:56.923,1.0308,1.0311,20.00,32.80
2007.06.14 02:20:56.938,1.0308,1.0311,20.00,24.80
2007.06.14 02:20:57.008,1.0308,1.0311,20.00,22.40
2007.06.14 02:20:57.440,1.03085,1.0311,8.00,22.40
2007.06.14 02:20:57.513,1.0309,1.0311,1.60,22.40
2007.06.14 02:21:03.839,1.0309,1.031,1.60,4.00
2007.06.14 02:21:03.947,1.03085,1.031,8.00,4.00
2007.06.14 02:21:04.045,1.0308,1.031,20.00,4.00
2007.06.14 02:21:05.009,1.0308,1.031,16.00,4.00
2007.06.14 02:21:12.983,1.0308,1.031,20.00,4.00
2007.06.14 02:21:13.059,1.0308,1.0311,20.00,32.80
2007.06.14 02:21:13.105,1.0309,1.0311,1.60,30.40
2007.06.14 02:21:13.226,1.0309,1.0311,1.60,22.40
2007.06.14 02:21:21.433,1.0309,1.0311,0.50,22.40
2007.06.14 02:21:22.506,1.0308,1.0311,20.00,22.40
2007.06.14 02:21:22.622,1.0307,1.0311,28.80,22.40
2007.06.14 02:21:26.469,1.0308,1.0311,9.30,24.80
2007.06.14 02:21:26.666,1.0307,1.0311,28.80,32.80
2007.06.14 02:21:26.928,1.03075,1.0311,20.00,32.80
2007.06.14 02:21:27.022,1.03075,1.031,20.00,4.00
2007.06.14 02:21:27.082,1.0308,1.031,2.00,4.00
2007.06.14 02:21:28.077,1.03075,1.031,13.60,4.00
2007.06.14 02:22:12.297,1.0308,1.031,9.60,4.00
2007.06.14 02:22:12.366,1.0309,1.03105,4.00,8.00
2007.06.14 02:22:12.962,1.0309,1.0311,4.00,18.30
2007.06.14 02:22:13.090,1.0309,1.03115,4.00,8.00
2007.06.14 02:22:13.120,1.0309,1.03115,8.00,8.00
2007.06.14 02:22:13.446,1.0309,1.0312,8.00,32.80
2007.06.14 02:22:13.813,1.0309,1.0312,9.60,32.80
2007.06.14 02:22:17.019,1.0309,1.0311,9.60,4.00
2007.06.14 02:22:17.113,1.0309,1.0311,9.60,15.90
2007.06.14 02:22:17.218,1.0309,1.0311,8.00,15.90
2007.06.14 02:22:17.227,1.0309,1.0311,8.00,18.30
2007.06.14 02:22:18.145,1.0309,1.0311,4.00,18.30
2007.06.14 02:22:20.751,1.0309,1.0311,4.00,22.30
2007.06.14 02:22:20.866,1.0309,1.0311,4.00,30.30
2007.06.14 02:22:20.953,1.0308,1.031,12.00,4.00
2007.06.14 02:22:21.223,1.0308,1.031,9.60,4.00
2007.06.14 02:22:24.226,1.0308,1.031,13.60,4.00
2007.06.14 02:22:24.381,1.0309,1.03105,4.00,8.00
2007.06.14 02:22:24.937,1.0309,1.0311,4.00,18.30
2007.06.14 02:22:24.963,1.0309,1.0311,4.00,15.90
2007.06.14 02:22:27.218,1.0309,1.0311,4.00,19.90
2007.06.14 02:22:27.223,1.0308,1.0311,22.40,19.90
2007.06.14 02:22:27.338,1.0308,1.0311,20.00,22.30
2007.06.14 02:22:27.366,1.0308,1.0311,22.40,22.30
2007.06.14 02:22:27.612,1.0308,1.0311,20.80,24.70
2007.06.14 02:22:27.719,1.0308,1.0311,18.40,24.70
2007.06.14 02:22:27.761,1.0308,1.0311,18.40,32.70
2007.06.14 02:22:28.673,1.0307,1.0311,28.80,32.70
2007.06.14 02:22:36.306,1.0308,1.031,7.10,4.00
2007.06.14 02:22:36.462,1.0307,1.031,26.40,6.40
2007.06.14 02:22:37.090,1.0308,1.031,4.90,6.40
2007.06.14 02:22:37.189,1.03075,1.031,18.40,6.40
2007.06.14 02:22:45.548,1.0308,1.031,3.40,6.40
2007.06.14 02:22:58.164,1.0308,1.031,16.00,4.00
2007.06.14 02:22:58.206,1.0308,1.031,13.60,4.00
2007.06.14 02:22:58.290,1.0308,1.0311,13.60,28.70
2007.06.14 02:22:59.345,1.0308,1.0311,21.60,20.70
2007.06.14 02:22:59.415,1.0308,1.0311,24.00,18.30
2007.06.14 02:22:59.824,1.0308,1.0311,16.00,26.30
2007.06.14 02:22:59.936,1.0308,1.0311,13.60,28.70
2007.06.14 02:23:00.332,1.0308,1.0311,21.60,20.70
2007.06.14 02:23:00.459,1.0308,1.0311,24.00,18.30
2007.06.14 02:23:01.084,1.0308,1.0311,21.60,20.70
2007.06.14 02:23:01.116,1.0308,1.0311,13.60,28.70
2007.06.14 02:23:13.187,1.0308,1.031,13.60,4.00
2007.06.14 02:23:13.258,1.0308,1.031,13.60,6.40
2007.06.14 02:23:14.279,1.0308,1.031,9.60,6.40
2007.06.14 02:23:15.962,1.03075,1.031,17.60,6.40
2007.06.14 02:23:34.903,1.03075,1.031,20.00,6.40
2007.06.14 02:23:34.964,1.0308,1.031,4.70,6.40
2007.06.14 02:23:35.284,1.0308,1.031,6.30,6.40
2007.06.14 02:23:35.388,1.0308,1.031,1.30,4.00
2007.06.14 02:23:35.464,1.0308,1.031,26.40,4.00
2007.06.14 02:23:35.544,1.0309,1.0311,1.50,15.90
2007.06.14 02:23:38.261,1.03085,1.0311,13.60,19.90
2007.06.14 02:23:38.284,1.0309,1.0311,0.50,19.90
2007.06.14 02:23:38.364,1.0309,1.0311,0.80,22.30
2007.06.14 02:23:40.454,1.0308,1.0311,20.00,22.30
2007.06.14 02:23:40.559,1.0308,1.0311,6.00,22.30
2007.06.14 02:23:45.280,1.0308,1.0311,18.40,22.30
2007.06.14 02:23:46.300,1.0308,1.0311,18.40,24.70
2007.06.14 02:23:46.410,1.0308,1.0311,18.40,32.70
2007.06.14 02:23:49.228,1.0308,1.0311,18.40,24.70
2007.06.14 02:23:49.273,1.0308,1.0311,18.40,22.30
2007.06.14 02:24:01.652,1.03085,1.0311,8.00,22.30
2007.06.14 02:24:02.932,1.0308,1.0311,20.00,22.30
2007.06.14 02:24:02.944,1.0308,1.0311,18.40,22.30
2007.06.14 02:24:07.225,1.03085,1.0311,8.00,22.30
2007.06.14 02:24:07.279,1.03085,1.0311,8.00,2.40
2007.06.14 02:24:07.891,1.03085,1.0312,8.00,36.80
2007.06.14 02:24:13.816,1.03085,1.0311,8.00,15.90
2007.06.14 02:24:13.863,1.0308,1.0311,22.40,18.30
2007.06.14 02:24:14.780,1.0308,1.0311,18.40,22.30
2007.06.14 02:24:17.921,1.0308,1.0311,20.00,22.30
2007.06.14 02:24:17.951,1.03085,1.0311,8.00,22.30
2007.06.14 02:24:19.228,1.0308,1.0311,20.00,22.30
2007.06.14 02:24:19.389,1.0308,1.0311,18.40,22.30
2007.06.14 02:24:24.870,1.0308,1.0311,14.40,26.30
2007.06.14 02:24:24.899,1.0308,1.0311,16.80,26.30
2007.06.14 02:24:24.916,1.0308,1.0311,14.40,26.30
2007.06.14 02:24:24.973,1.0308,1.0311,12.00,28.70
2007.06.14 02:24:25.221,1.0308,1.0311,14.40,26.30
2007.06.14 02:24:25.326,1.0308,1.0311,22.40,18.30
2007.06.14 02:24:27.320,1.0308,1.0311,7.70,18.30
2007.06.14 02:24:27.350,1.0308,1.0311,5.70,14.30
2007.06.14 02:24:27.720,1.0308,1.0311,8.50,2.40
2007.06.14 02:24:27.915,1.0307,1.03115,38.40,8.00
2007.06.14 02:24:28.173,1.03085,1.0312,0.70,38.40
2007.06.14 02:24:28.206,1.0308,1.0312,38.40,36.80
2007.06.14 02:24:30.415,1.0309,1.0312,0.90,34.40
2007.06.14 02:24:30.507,1.0308,1.0312,38.40,34.40
2007.06.14 02:24:30.585,1.0309,1.0312,7.30,34.40
2007.06.14 02:24:30.677,1.0309,1.0312,8.30,34.40
2007.06.14 02:24:31.333,1.0309,1.0312,7.90,30.40
2007.06.14 02:24:34.236,1.0308,1.0311,38.40,4.00
2007.06.14 02:24:34.280,1.0309,1.0311,2.50,4.00
2007.06.14 02:24:34.342,1.03085,1.0311,18.40,15.90
2007.06.14 02:24:35.424,1.0309,1.0311,2.90,15.90
2007.06.14 02:24:40.672,1.03085,1.0311,14.40,19.90
2007.06.14 02:24:40.795,1.03085,1.0311,10.40,19.90
2007.06.14 02:24:40.974,1.0308,1.0311,22.40,19.90
2007.06.14 02:24:41.130,1.0307,1.0311,28.80,19.90
2007.06.14 02:24:41.362,1.0307,1.0311,28.80,19.90
2007.06.14 02:24:43.292,1.0309,1.0311,1.00,19.90
2007.06.14 02:24:43.469,1.0309,1.0311,2.10,19.90
2007.06.14 02:24:44.300,1.0309,1.0311,3.20,15.90
2007.06.14 02:24:44.813,1.0309,1.0311,0.80,19.90
2007.06.14 02:24:44.845,1.0308,1.031,24.80,4.00
2007.06.14 02:24:44.997,1.0307,1.031,28.80,4.00
2007.06.14 02:24:45.111,1.0308,1.031,1.80,4.00
2007.06.14 02:24:45.226,1.0308,1.031,0.90,4.00
2007.06.14 02:24:45.323,1.0308,1.0311,4.40,32.70
2007.06.14 02:24:45.429,1.0308,1.0311,2.40,28.70
2007.06.14 02:24:45.521,1.0308,1.0311,6.20,26.30
2007.06.14 02:24:45.764,1.0308,1.0311,1.30,18.30
2007.06.14 02:24:48.363,1.0308,1.0311,34.40,6.40
2007.06.14 02:24:48.520,1.0308,1.0311,36.80,4.00
2007.06.14 02:24:49.467,1.03085,1.0311,14.40,4.00
2007.06.14 02:24:49.557,1.0309,1.0311,5.10,4.00
2007.06.14 02:24:52.629,1.0309,1.0311,14.40,4.00
2007.06.14 02:24:52.921,1.0309,1.0311,7.50,4.00
2007.06.14 02:24:53.780,1.0308,1.0312,38.40,22.40
2007.06.14 02:24:53.835,1.0308,1.0312,38.40,18.40
2007.06.14 02:24:54.014,1.0308,1.03125,38.40,8.00
2007.06.14 02:24:54.142,1.0309,1.0313,34.40,36.70
2007.06.14 02:24:54.489,1.0309,1.0313,36.00,39.20
2007.06.14 02:24:55.842,1.031,1.0313,10.40,35.20
2007.06.14 02:24:56.027,1.031,1.0313,10.40,32.80
2007.06.14 02:24:56.351,1.031,1.0311,10.40,4.00
2007.06.14 02:24:56.622,1.031,1.0312,10.40,20.70
2007.06.14 02:24:56.747,1.031,1.0312,2.40,20.70
2007.06.14 02:24:56.792,1.0309,1.0312,22.40,20.70
2007.06.14 02:24:57.151,1.0309,1.0312,24.00,20.70
2007.06.14 02:24:57.260,1.03095,1.0312,8.00,20.70
2007.06.14 02:25:00.586,1.03095,1.0312,8.00,18.30
2007.06.14 02:25:02.430,1.03095,1.0312,8.00,15.90
2007.06.14 02:25:02.452,1.03095,1.0313,8.00,36.80
2007.06.14 02:25:02.633,1.031,1.0313,1.60,36.80
2007.06.14 02:25:02.946,1.031,1.03125,1.60,8.00
2007.06.14 02:25:04.431,1.031,1.0313,1.60,36.80
2007.06.14 02:25:08.776,1.031,1.0313,5.60,36.80
2007.06.14 02:25:09.298,1.031,1.0313,8.00,34.40
2007.06.14 02:25:09.323,1.031,1.0313,16.00,26.40
2007.06.14 02:25:09.830,1.031,1.0313,20.00,22.40
2007.06.14 02:25:13.308,1.031,1.0312,20.00,4.00
2007.06.14 02:25:13.447,1.031,1.0312,20.00,6.40
2007.06.14 02:25:13.535,1.031,1.0312,17.60,6.40
2007.06.14 02:25:13.664,1.031,1.0312,9.60,6.40
2007.06.14 02:25:13.850,1.031,1.0312,5.60,6.40
2007.06.14 02:25:13.942,1.031,1.0312,1.60,18.30
2007.06.14 02:25:13.968,1.031,1.0312,1.60,22.40
2007.06.14 02:25:14.142,1.03095,1.0312,8.00,22.40
2007.06.14 02:25:14.163,1.0309,1.0312,20.00,22.40
2007.06.14 02:25:16.910,1.0309,1.0312,31.90,6.40
2007.06.14 02:25:16.953,1.03095,1.0312,8.00,6.40
2007.06.14 02:25:17.015,1.031,1.0312,1.60,2.40
2007.06.14 02:25:18.438,1.031,1.0315,1.60,2.40
2007.06.14 02:25:18.446,1.031,1.0315,5.60,2.40
2007.06.14 02:25:18.554,1.0311,1.0313,1.60,34.40
2007.06.14 02:25:18.757,1.0311,1.0313,1.60,26.40
2007.06.14 02:25:19.508,1.0311,1.0313,1.60,22.40
2007.06.14 02:25:22.923,1.0311,1.0312,1.60,4.00
2007.06.14 02:25:22.982,1.0311,1.0312,1.60,6.40
2007.06.14 02:25:23.005,1.03105,1.0312,8.00,6.40
2007.06.14 02:25:23.059,1.031,1.0312,20.00,6.40
2007.06.14 02:25:23.895,1.031,1.0312,16.00,6.40
2007.06.14 02:25:28.760,1.0309,1.0312,36.00,6.40
2007.06.14 02:25:30.530,1.0309,1.0312,36.00,6.40
2007.06.14 02:25:30.707,1.03095,1.0312,13.60,6.40
2007.06.14 02:25:34.940,1.031,1.0312,3.40,2.40
2007.06.14 02:25:35.021,1.031,1.0312,8.50,2.40
2007.06.14 02:25:35.045,1.031,1.0312,8.90,2.40
2007.06.14 02:25:35.124,1.031,1.0312,1.00,2.40
2007.06.14 02:25:35.242,1.0309,1.0313,38.40,22.40
2007.06.14 02:25:57.460,1.031,1.0312,18.40,2.40
2007.06.14 02:25:57.494,1.031,1.0312,18.40,6.40
2007.06.14 02:25:57.594,1.031,1.0312,16.00,6.40
2007.06.14 02:25:57.667,1.031,1.0312,8.00,6.40
2007.06.14 02:25:57.699,1.031,1.0312,9.60,6.40
2007.06.14 02:25:58.582,1.031,1.0312,5.60,6.40
2007.06.14 02:26:00.028,1.03095,1.0312,13.60,6.40
2007.06.14 02:26:11.438,1.03095,1.0312,13.60,2.40
2007.06.14 02:26:11.541,1.031,1.0313,1.20,35.20
2007.06.14 02:26:11.551,1.03095,1.0313,20.00,30.40
2007.06.14 02:26:11.637,1.031,1.0313,7.20,22.40
2007.06.14 02:26:15.281,1.031,1.0313,9.10,22.40
2007.06.14 02:26:15.618,1.031,1.0312,6.10,4.00
2007.06.14 02:26:15.710,1.0309,1.0312,38.40,4.00
2007.06.14 02:26:15.728,1.031,1.0312,2.40,4.00
2007.06.14 02:26:16.476,1.0309,1.0312,38.40,4.00
2007.06.14 02:26:16.486,1.0309,1.0312,38.40,4.00
2007.06.14 02:26:16.522,1.0309,1.0312,38.40,4.00
2007.06.14 02:26:34.831,1.031,1.0312,6.40,4.00
2007.06.14 02:26:35.013,1.03095,1.0312,8.00,15.90
2007.06.14 02:26:40.986,1.03095,1.0313,8.00,39.20
2007.06.14 02:26:41.058,1.03095,1.0313,8.00,36.80
2007.06.14 02:26:41.804,1.031,1.0313,2.40,34.40
2007.06.14 02:26:41.946,1.031,1.0313,10.40,26.40
2007.06.14 02:26:43.522,1.031,1.0312,10.40,4.00
2007.06.14 02:26:43.565,1.031,1.0312,10.40,6.40
2007.06.14 02:26:43.654,1.031,1.0312,8.00,18.30
2007.06.14 02:26:43.725,1.03095,1.0312,8.00,18.30
2007.06.14 02:26:45.556,1.031,1.0312,1.60,18.30
2007.06.14 02:26:58.217,1.031,1.0312,1.60,2.40
2007.06.14 02:26:58.377,1.031,1.0313,1.60,36.80
2007.06.14 02:26:58.517,1.031,1.0313,4.00,34.40
2007.06.14 02:26:58.577,1.031,1.0313,12.00,26.40
2007.06.14 02:27:08.605,1.031,1.0313,16.00,26.40
2007.06.14 02:27:08.631,1.031,1.0313,18.40,26.40
2007.06.14 02:27:08.727,1.031,1.0313,18.40,24.00
2007.06.14 02:27:09.038,1.031,1.0313,16.80,24.00
2007.06.14 02:27:09.270,1.0311,1.0313,8.00,24.00
2007.06.14 02:27:09.382,1.0311,1.0313,10.40,24.00
2007.06.14 02:27:09.661,1.0311,1.0313,10.40,20.00
2007.06.14 02:27:10.285,1.031,1.0313,20.80,20.00
2007.06.14 02:27:10.810,1.0311,1.0313,8.00,20.00
2007.06.14 02:27:10.816,1.0311,1.0313,10.40,20.00
2007.06.14 02:27:11.235,1.0311,1.0313,8.00,20.00
2007.06.14 02:27:11.348,1.03105,1.0313,8.00,20.00
2007.06.14 02:27:11.602,1.031,1.0313,22.40,20.00
2007.06.14 02:27:11.742,1.031,1.0313,20.80,20.00
2007.06.14 02:27:15.887,1.031,1.0313,22.40,20.00
2007.06.14 02:27:15.917,1.03105,1.0313,8.00,20.00
2007.06.14 02:27:17.092,1.03105,1.0312,8.00,4.00
2007.06.14 02:27:17.162,1.031,1.0312,10.40,4.00
2007.06.14 02:27:17.192,1.031,1.0312,8.00,4.00
2007.06.14 02:27:17.212,1.031,1.0312,4.00,4.00
2007.06.14 02:27:22.689,1.031,1.0313,4.00,36.80
2007.06.14 02:27:22.710,1.031,1.0313,8.00,34.40
2007.06.14 02:27:22.771,1.03105,1.0313,8.00,26.40
2007.06.14 02:27:23.758,1.03105,1.0313,8.00,22.40
2007.06.14 02:27:30.351,1.0311,1.0313,1.60,22.40
2007.06.14 02:27:37.677,1.0311,1.0313,1.60,26.40
2007.06.14 02:27:37.835,1.031,1.0313,12.00,26.40
2007.06.14 02:27:39.154,1.031,1.0312,12.00,4.00
2007.06.14 02:27:39.307,1.031,1.0312,4.00,15.90
2007.06.14 02:27:39.367,1.031,1.0312,1.60,15.90
2007.06.14 02:27:42.660,1.031,1.0313,1.60,36.80
2007.06.14 02:27:42.791,1.031,1.0313,4.00,34.40
2007.06.14 02:27:42.889,1.031,1.0313,12.00,26.40
2007.06.14 02:27:44.423,1.031,1.0313,9.60,31.20
2007.06.14 02:27:44.458,1.031,1.0315,1.60,2.40
2007.06.14 02:27:45.113,1.031,1.0313,1.60,36.80
2007.06.14 02:27:45.213,1.031,1.0313,21.50,8.80
2007.06.14 02:27:45.280,1.031,1.0313,21.50,4.80
2007.06.14 02:27:45.630,1.031,1.0313,23.90,6.40
2007.06.14 02:27:45.747,1.031,1.0313,12.00,20.70
2007.06.14 02:27:46.174,1.031,1.0313,4.00,28.70
2007.06.14 02:27:46.398,1.031,1.0313,1.60,31.10
2007.06.14 02:27:46.806,1.031,1.0313,1.60,35.10
2007.06.14 02:27:46.822,1.031,1.0315,1.60,2.40
2007.06.14 02:27:49.416,1.031,1.0315,0.90,2.40
2007.06.14 02:27:51.751,1.031,1.0313,0.90,36.80
2007.06.14 02:27:51.806,1.0309,1.0313,38.40,28.80
2007.06.14 02:27:51.863,1.031,1.0313,3.30,26.40
2007.06.14 02:27:53.660,1.0309,1.0313,38.40,26.40
2007.06.14 02:27:53.788,1.0309,1.0313,38.30,16.80
2007.06.14 02:27:53.802,1.0309,1.0313,38.30,14.40
2007.06.14 02:27:53.856,1.03105,1.0313,1.40,14.40
2007.06.14 02:27:53.872,1.03105,1.0313,9.60,14.40
2007.06.14 02:27:54.348,1.031,1.0313,5.10,14.40
2007.06.14 02:27:55.249,1.031,1.0313,12.20,10.40
2007.06.14 02:27:56.081,1.0309,1.0312,38.30,4.00
2007.06.14 02:27:56.166,1.031,1.0312,0.90,4.00
2007.06.14 02:27:56.210,1.0309,1.0312,28.80,6.40
2007.06.14 02:27:56.284,1.031,1.0312,3.10,6.40
2007.06.14 02:27:56.392,1.031,1.0312,0.60,6.40
2007.06.14 02:27:56.515,1.03095,1.0312,13.60,6.40
2007.06.14 02:27:56.740,1.031,1.0312,2.40,4.00
2007.06.14 02:27:57.113,1.031,1.0312,0.80,4.00
2007.06.14 02:27:57.244,1.03095,1.0312,9.60,15.90
2007.06.14 02:27:58.277,1.031,1.0312,1.30,15.90
2007.06.14 02:27:58.749,1.03095,1.0312,13.60,4.00
2007.06.14 02:27:58.933,1.03095,1.0312,16.00,4.00
2007.06.14 02:27:58.955,1.0309,1.0312,28.80,4.00
2007.06.14 02:27:59.390,1.0309,1.0312,28.80,4.00
2007.06.14 02:28:01.731,1.0309,1.0312,24.80,8.00
2007.06.14 02:28:01.757,1.031,1.0312,2.00,8.00
2007.06.14 02:28:01.843,1.0309,1.0312,24.80,8.00
2007.06.14 02:28:01.946,1.0309,1.0311,22.40,4.00
2007.06.14 02:28:02.054,1.0309,1.0311,3.70,4.00
2007.06.14 02:28:04.266,1.0309,1.0312,8.80,19.90
2007.06.14 02:28:04.334,1.0309,1.0312,18.40,19.90
2007.06.14 02:28:04.399,1.0309,1.0312,26.40,15.90
2007.06.14 02:28:05.799,1.03095,1.0312,12.00,4.00
2007.06.14 02:28:05.837,1.0309,1.0312,38.40,4.00
2007.06.14 02:28:06.180,1.031,1.0312,0.50,4.00
2007.06.14 02:28:09.454,1.0309,1.0313,38.40,36.80
2007.06.14 02:28:11.796,1.0309,1.0313,28.80,36.70
2007.06.14 02:28:11.927,1.0309,1.0313,28.80,36.70
2007.06.14 02:28:11.958,1.0309,1.0313,28.80,36.70
2007.06.14 02:28:12.325,1.03095,1.0313,12.00,36.80
2007.06.14 02:28:12.400,1.031,1.0312,0.60,0.90
2007.06.14 02:28:12.526,1.03095,1.0313,16.80,34.40
2007.06.14 02:28:12.725,1.031,1.0312,0.60,0.90
2007.06.14 02:28:14.259,1.031,1.0312,0.80,0.60
2007.06.14 02:28:14.273,1.031,1.0312,0.70,0.70
2007.06.14 02:28:14.354,1.03095,1.0313,10.40,34.30
2007.06.14 02:28:14.402,1.03095,1.0312,0.80,0.50
2007.06.14 02:28:14.900,1.0309,1.0312,28.80,15.90
2007.06.14 02:28:15.036,1.0309,1.0312,28.80,15.90
2007.06.14 02:28:15.267,1.03095,1.0312,10.40,15.90
2007.06.14 02:28:15.385,1.03095,1.0311,0.50,0.60
2007.06.14 02:28:15.798,1.0306,1.0311,0.90,0.50
2007.06.14 02:28:15.813,1.0309,1.0311,0.90,0.50
2007.06.14 02:28:15.885,1.0308,1.0312,28.80,19.90
2007.06.14 02:28:17.245,1.0309,1.0311,27.20,0.50
2007.06.14 02:28:17.359,1.031,1.0311,10.40,0.50
2007.06.14 02:28:17.386,1.031,1.0313,16.80,34.40
2007.06.14 02:28:19.329,1.0311,1.0313,4.00,0.80
2007.06.14 02:28:19.338,1.0311,1.0313,4.00,0.50
2007.06.14 02:28:20.236,1.031,1.0312,20.80,0.70
2007.06.14 02:28:21.177,1.031,1.0312,16.80,0.80
2007.06.14 02:28:21.290,1.031,1.0312,10.40,0.90
2007.06.14 02:28:21.377,1.031,1.0313,8.00,36.70
2007.06.14 02:28:21.412,1.03095,1.0312,8.00,0.70
2007.06.14 02:28:22.315,1.031,1.0313,4.00,36.80
2007.06.14 02:28:22.432,1.031,1.0312,14.40,0.70
2007.06.14 02:28:22.446,1.031,1.0312,16.80,0.80
2007.06.14 02:28:24.204,1.031,1.0313,12.80,34.40
2007.06.14 02:28:24.332,1.031,1.0313,12.80,34.30
2007.06.14 02:28:24.462,1.031,1.0312,2.40,0.90
2007.06.14 02:28:24.879,1.03095,1.0312,8.00,0.70
2007.06.14 02:28:26.756,1.031,1.0313,8.00,36.70
2007.06.14 02:28:26.813,1.031,1.0313,14.40,36.80
2007.06.14 02:28:28.208,1.031,1.0312,10.40,0.60
2007.06.14 02:28:28.302,1.031,1.0313,2.40,36.80
2007.06.14 02:28:28.331,1.03095,1.0313,8.00,36.70
2007.06.14 02:28:29.795,1.031,1.0313,4.00,36.70
2007.06.14 02:28:29.818,1.031,1.0313,12.00,36.70
2007.06.14 02:28:29.872,1.031,1.0313,12.00,36.80
2007.06.14 02:28:30.011,1.031,1.0313,14.40,36.80
2007.06.14 02:28:30.687,1.0311,1.0314,4.00,40.80
2007.06.14 02:28:30.813,1.0311,1.0314,4.00,36.00
2007.06.14 02:28:30.839,1.0311,1.0313,4.00,0.50
2007.06.14 02:28:30.924,1.0311,1.0314,4.00,36.70
2007.06.14 02:28:31.324,1.0311,1.0313,4.00,0.90
2007.06.14 02:28:36.264,1.0311,1.0313,8.00,0.80
2007.06.14 02:28:36.351,1.0312,1.0314,4.00,0.60
2007.06.14 02:28:36.839,1.0311,1.0314,8.00,32.80
2007.06.14 02:28:37.836,1.0311,1.0313,4.00,0.50
2007.06.14 02:28:40.782,1.0311,1.0313,12.00,4.00
2007.06.14 02:28:40.838,1.0311,1.0313,14.40,4.00
2007.06.14 02:28:42.817,1.0311,1.0313,6.40,4.00
2007.06.14 02:28:42.849,1.0311,1.0313,4.00,4.00
2007.06.14 02:28:46.675,1.0311,1.0313,8.00,4.00
2007.06.14 02:28:46.919,1.0311,1.0313,16.00,4.00
2007.06.14 02:28:46.981,1.0311,1.0314,18.40,20.00
2007.06.14 02:28:47.499,1.0311,1.0314,20.80,20.00
2007.06.14 02:28:47.787,1.0311,1.0313,20.80,4.00
2007.06.14 02:28:48.375,1.0311,1.0313,18.40,4.00
2007.06.14 02:28:48.423,1.0311,1.0313,10.40,4.00
2007.06.14 02:28:48.726,1.0311,1.0313,6.40,4.00
2007.06.14 02:28:51.344,1.0311,1.0313,2.40,15.90
2007.06.14 02:28:51.525,1.03105,1.0313,8.00,15.90
2007.06.14 02:28:52.766,1.03105,1.03135,8.00,8.00
2007.06.14 02:28:52.812,1.0311,1.0314,8.00,30.40
2007.06.14 02:28:52.918,1.0311,1.0314,10.40,26.40
2007.06.14 02:28:53.759,1.031,1.0314,38.40,26.40
2007.06.14 02:28:54.209,1.031,1.0313,38.40,4.00
2007.06.14 02:28:54.294,1.0311,1.0313,2.10,15.90
2007.06.14 02:28:54.315,1.03105,1.0313,1.00,15.90
2007.06.14 02:28:54.487,1.031,1.0313,24.00,18.30
2007.06.14 02:28:55.698,1.03105,1.0312,1.00,4.00
2007.06.14 02:28:55.832,1.031,1.0312,24.00,6.40
2007.06.14 02:28:55.835,1.03095,1.0312,26.40,6.40
2007.06.14 02:28:55.925,1.031,1.0312,6.20,6.40
2007.06.14 02:28:55.992,1.03095,1.0312,24.00,6.40
2007.06.14 02:28:56.782,1.03095,1.0312,20.00,6.40
2007.06.14 02:29:23.480,1.031,1.0312,16.00,6.40
2007.06.14 02:29:23.554,1.031,1.0312,25.60,2.40
2007.06.14 02:29:23.685,1.031,1.0313,28.00,10.40
2007.06.14 02:29:23.911,1.03105,1.0313,8.00,2.40
2007.06.14 02:29:23.935,1.0311,1.0314,1.60,22.30
2007.06.14 02:29:26.791,1.0311,1.0313,1.60,4.00
2007.06.14 02:29:26.908,1.0311,1.0313,1.60,15.90
2007.06.14 02:29:26.951,1.0311,1.0313,1.60,18.30
2007.06.14 02:29:30.886,1.0311,1.0312,1.60,4.00
2007.06.14 02:29:31.360,1.03105,1.0312,8.00,4.00
2007.06.14 02:29:31.513,1.031,1.0312,16.00,4.00
2007.06.14 02:29:31.899,1.031,1.0312,12.00,4.00
2007.06.14 02:29:36.848,1.03095,1.0312,20.00,4.00
2007.06.14 02:29:47.157,1.03095,1.0312,17.60,4.00
2007.06.14 02:30:07.973,1.031,1.0312,12.00,4.00
2007.06.14 02:30:08.165,1.031,1.0312,20.00,4.00
2007.06.14 02:30:10.887,1.031,1.0312,24.00,4.00
2007.06.14 02:30:10.931,1.031,1.0313,24.00,22.30
2007.06.14 02:30:10.993,1.031,1.0313,24.00,18.30
2007.06.14 02:30:11.204,1.03105,1.0313,8.00,18.30
2007.06.14 02:30:11.225,1.0311,1.0313,1.60,18.30
2007.06.14 02:30:25.198,1.0311,1.0313,5.60,18.30
2007.06.14 02:30:25.774,1.0311,1.0313,5.60,15.90
2007.06.14 02:30:25.815,1.0311,1.0313,1.60,4.00
2007.06.14 02:30:26.342,1.0311,1.0313,1.60,15.90
2007.06.14 02:30:27.779,1.0311,1.0314,1.60,36.80
2007.06.14 02:30:28.247,1.0311,1.0314,5.60,36.80
2007.06.14 02:30:28.784,1.0311,1.0314,13.60,28.80
2007.06.14 02:30:28.887,1.0311,1.0314,16.00,26.40
2007.06.14 02:30:28.996,1.0311,1.0314,18.40,24.00
2007.06.14 02:30:29.305,1.0311,1.0314,22.40,20.00
2007.06.14 02:30:29.725,1.0311,1.0314,18.40,24.00
2007.06.14 02:30:29.818,1.0311,1.0313,14.40,15.90
2007.06.14 02:30:29.828,1.0311,1.0313,6.40,15.90
2007.06.14 02:30:29.932,1.0311,1.0313,1.60,15.90
2007.06.14 02:30:30.221,1.0311,1.0313,1.60,11.90
2007.06.14 02:30:30.339,1.0311,1.0314,1.60,36.80
2007.06.14 02:30:32.338,1.0311,1.0313,1.60,15.90
2007.06.14 02:30:32.479,1.0311,1.0313,1.60,18.30
2007.06.14 02:30:34.823,1.031,1.0313,24.00,18.30
2007.06.14 02:30:35.191,1.0311,1.0313,4.00,18.30
2007.06.14 02:30:35.284,1.0311,1.0313,4.00,15.90
2007.06.14 02:30:35.295,1.0311,1.0313,8.00,11.90
2007.06.14 02:30:35.366,1.0311,1.03135,8.00,8.00
2007.06.14 02:30:35.937,1.0311,1.0314,16.00,26.40
2007.06.14 02:30:36.015,1.0311,1.0314,18.40,22.40
2007.06.14 02:30:48.731,1.0311,1.0314,10.40,26.40
2007.06.14 02:30:49.343,1.0311,1.0314,8.00,28.80
2007.06.14 02:30:49.476,1.03105,1.0314,8.00,36.80
2007.06.14 02:30:51.262,1.0311,1.0314,8.00,28.80
2007.06.14 02:30:51.366,1.0311,1.0314,10.40,26.40
2007.06.14 02:30:52.425,1.0311,1.0314,10.40,0.70
2007.06.14 02:30:52.702,1.0311,1.0313,10.40,0.50
2007.06.14 02:30:52.797,1.0311,1.0313,10.40,0.80
2007.06.14 02:30:53.293,1.0311,1.0314,10.40,28.70
2007.06.14 02:30:53.912,1.0311,1.0313,8.00,0.90
2007.06.14 02:30:54.219,1.03105,1.0314,8.00,39.10
2007.06.14 02:30:55.988,1.03105,1.0314,8.00,40.80
2007.06.14 02:30:55.993,1.03105,1.0315,8.00,43.20
2007.06.14 02:30:56.060,1.03105,1.0314,8.00,0.50
2007.06.14 02:30:59.231,1.0311,1.0314,4.00,0.60
2007.06.14 02:30:59.705,1.0311,1.0314,12.00,0.50
2007.06.14 02:30:59.827,1.0311,1.03145,14.40,34.40
2007.06.14 02:31:00.332,1.0311,1.0314,18.40,0.80
2007.06.14 02:31:01.262,1.0311,1.03145,14.40,34.40
2007.06.14 02:31:01.291,1.0311,1.0314,6.40,34.40
2007.06.14 02:31:01.379,1.03105,1.03135,8.00,23.90
2007.06.14 02:31:01.564,1.03105,1.03135,8.00,26.30
2007.06.14 02:31:11.705,1.03105,1.03135,8.00,30.30
2007.06.14 02:31:11.809,1.03105,1.0313,8.00,0.70
2007.06.14 02:31:11.890,1.0309,1.03135,30.40,39.20
2007.06.14 02:31:11.952,1.03105,1.03135,8.00,39.20
2007.06.14 02:31:11.988,1.031,1.0314,4.00,41.60
2007.06.14 02:31:12.069,1.031,1.0313,15.90,0.70
2007.06.14 02:31:12.237,1.031,1.03135,23.90,27.20
2007.06.14 02:31:12.285,1.031,1.0313,30.30,0.60
2007.06.14 02:31:12.318,1.0311,1.0313,4.00,0.90
2007.06.14 02:31:12.379,1.0311,1.03135,6.40,16.00
2007.06.14 02:31:12.569,1.0311,1.03135,8.00,16.00
2007.06.14 02:31:12.916,1.0311,1.0313,6.40,0.70
2007.06.14 02:31:13.213,1.0311,1.0313,2.40,0.50
2007.06.14 02:31:13.344,1.0311,1.0313,2.40,0.70
2007.06.14 02:31:13.411,1.0311,1.03135,4.00,28.00
2007.06.14 02:31:13.713,1.0311,1.0314,1.60,36.80
2007.06.14 02:31:14.022,1.031,1.03135,22.40,28.00
2007.06.14 02:31:16.442,1.031,1.0313,18.40,0.50
2007.06.14 02:31:16.555,1.031,1.0314,10.40,36.80
2007.06.14 02:31:16.571,1.031,1.0314,6.40,36.80
2007.06.14 02:31:16.665,1.031,1.0313,4.00,0.60
2007.06.14 02:31:16.685,1.031,1.0313,1.60,0.90
2007.06.14 02:31:19.645,1.0309,1.0312,12.00,0.60
2007.06.14 02:31:19.663,1.0309,1.03125,12.00,22.30
2007.06.14 02:31:22.910,1.031,1.0312,1.60,14.30
2007.06.14 02:31:23.086,1.031,1.0312,1.60,2.40
2007.06.14 02:31:23.145,1.031,1.0313,1.60,36.80
2007.06.14 02:31:23.203,1.031,1.0313,4.00,36.80
2007.06.14 02:31:23.226,1.031,1.0313,12.00,36.80
2007.06.14 02:31:23.446,1.031,1.0313,16.00,36.80
2007.06.14 02:31:23.744,1.031,1.0313,12.00,36.80
2007.06.14 02:31:24.006,1.031,1.0313,4.00,36.80
2007.06.14 02:31:24.031,1.031,1.0312,4.00,4.00
2007.06.14 02:31:24.112,1.031,1.0312,4.00,15.90
2007.06.14 02:31:24.169,1.031,1.0312,4.00,18.30
2007.06.14 02:31:24.342,1.031,1.0312,1.60,18.30
2007.06.14 02:31:24.608,1.031,1.0312,1.60,22.30
2007.06.14 02:31:24.828,1.031,1.0312,1.60,26.40
2007.06.14 02:31:25.388,1.031,1.0311,1.60,15.90
2007.06.14 02:31:25.453,1.03095,1.0311,8.00,18.30
2007.06.14 02:31:25.567,1.0309,1.0311,12.00,18.30
2007.06.14 02:31:25.707,1.0309,1.0312,12.00,32.70
2007.06.14 02:31:25.818,1.0309,1.0311,4.00,0.60
2007.06.14 02:31:25.850,1.0309,1.0312,4.00,40.70
2007.06.14 02:31:25.918,1.0309,1.0313,1.60,41.60
2007.06.14 02:31:27.074,1.0309,1.0312,9.60,0.90
2007.06.14 02:31:27.141,1.0309,1.03125,12.00,34.40
2007.06.14 02:31:27.710,1.0309,1.0312,12.00,26.40
2007.06.14 02:31:27.797,1.0309,1.0311,12.00,0.60
2007.06.14 02:31:28.290,1.0309,1.0311,10.40,0.80
2007.06.14 02:31:28.777,1.0309,1.0312,8.00,31.10
2007.06.14 02:31:28.873,1.03085,1.0312,8.00,39.10
2007.06.14 02:31:30.755,1.03085,1.0313,8.00,40.80
2007.06.14 02:31:30.943,1.0309,1.0312,2.40,0.80
2007.06.14 02:31:30.958,1.0309,1.03125,10.40,34.40
2007.06.14 02:31:32.865,1.0309,1.03125,8.00,36.80
2007.06.14 02:31:32.975,1.03085,1.0312,8.00,0.70
2007.06.14 02:31:33.589,1.03085,1.0311,8.00,0.50
2007.06.14 02:31:33.716,1.0308,1.0311,12.80,0.60
2007.06.14 02:31:33.779,1.0308,1.03115,12.80,22.30
2007.06.14 02:31:33.976,1.0308,1.0312,12.80,38.30
2007.06.14 02:31:34.266,1.0308,1.0312,10.40,40.70
2007.06.14 02:31:34.310,1.03075,1.0312,8.00,40.70
2007.06.14 02:31:34.763,1.0307,1.0311,14.40,28.70
2007.06.14 02:31:34.874,1.0307,1.0311,12.80,30.30
2007.06.14 02:31:35.211,1.0307,1.031,10.40,0.60
2007.06.14 02:31:35.278,1.0307,1.0311,2.40,30.30
2007.06.14 02:31:36.564,1.0307,1.03105,10.40,10.40
2007.06.14 02:31:36.672,1.0307,1.03105,12.80,0.70
2007.06.14 02:31:37.183,1.0307,1.03105,28.70,0.90
2007.06.14 02:31:37.291,1.0307,1.03105,30.30,0.80
2007.06.14 02:31:37.339,1.03075,1.0311,8.00,0.80
2007.06.14 02:31:38.879,1.0308,1.03115,8.00,24.70
2007.06.14 02:31:38.903,1.0308,1.03115,10.40,22.30
2007.06.14 02:31:39.090,1.0308,1.03115,8.00,24.70
2007.06.14 02:31:39.139,1.03075,1.0312,8.00,38.30
2007.06.14 02:31:40.095,1.03075,1.0312,8.00,38.30
2007.06.14 02:31:40.144,1.0307,1.0311,38.40,28.70
2007.06.14 02:31:40.296,1.0307,1.0311,36.80,30.30
2007.06.14 02:31:40.932,1.03075,1.0311,8.00,0.60
2007.06.14 02:31:41.013,1.03075,1.0311,8.00,0.90
2007.06.14 02:31:41.225,1.03075,1.0311,8.00,0.70
2007.06.14 02:31:41.250,1.03075,1.0311,8.00,0.50
2007.06.14 02:31:41.687,1.0308,1.03115,8.00,36.80
2007.06.14 02:31:41.828,1.0308,1.03115,10.40,34.40
2007.06.14 02:31:41.969,1.0308,1.0311,2.40,0.70
2007.06.14 02:31:42.158,1.03075,1.0312,8.00,38.40
2007.06.14 02:31:43.007,1.0308,1.0311,4.00,0.90
2007.06.14 02:31:44.615,1.0308,1.0312,6.40,38.40
2007.06.14 02:31:44.781,1.0308,1.03115,14.40,34.40
2007.06.14 02:31:45.277,1.0308,1.03115,16.00,34.40
2007.06.14 02:31:45.807,1.0308,1.0311,16.00,28.80
2007.06.14 02:31:47.060,1.0308,1.031,8.00,0.80
2007.06.14 02:31:47.134,1.0308,1.0311,5.60,39.20
2007.06.14 02:31:48.390,1.0308,1.0311,8.00,36.80
2007.06.14 02:31:48.408,1.0308,1.0312,8.00,40.80
2007.06.14 02:31:48.587,1.0308,1.0312,8.00,45.60
2007.06.14 02:31:48.662,1.0308,1.0312,4.00,37.60
2007.06.14 02:31:48.687,1.0308,1.0312,4.00,33.60
2007.06.14 02:31:48.793,1.0308,1.0311,1.60,0.70
2007.06.14 02:31:50.180,1.0308,1.03115,9.60,12.80
2007.06.14 02:31:50.687,1.0308,1.0312,1.60,23.20
2007.06.14 02:31:50.749,1.0306,1.0308,24.00,0.60
2007.06.14 02:31:51.834,1.0306,1.0309,9.60,39.10
2007.06.14 02:31:51.899,1.0306,1.0308,9.60,0.70
2007.06.14 02:31:52.445,1.0306,1.0309,8.00,39.10
2007.06.14 02:31:53.023,1.0306,1.0307,4.00,4.00
2007.06.14 02:31:53.247,1.0306,1.0307,4.00,6.40
2007.06.14 02:31:53.361,1.0306,1.0307,4.00,18.30
2007.06.14 02:31:53.684,1.0305,1.0307,6.40,18.30
2007.06.14 02:31:53.745,1.0305,1.0307,6.40,22.30
2007.06.14 02:31:53.770,1.0304,1.0307,20.80,22.30
2007.06.14 02:31:53.955,1.0304,1.0307,23.20,19.90
2007.06.14 02:31:54.099,1.0304,1.0306,6.80,4.00
2007.06.14 02:31:54.289,1.0304,1.0307,2.70,24.00
2007.06.14 02:31:54.917,1.0304,1.0307,14.40,24.00
2007.06.14 02:31:54.992,1.0304,1.0307,12.00,26.40
2007.06.14 02:31:56.118,1.0304,1.0306,8.00,2.40
2007.06.14 02:31:56.144,1.0303,1.0306,23.90,10.40
2007.06.14 02:31:56.431,1.0303,1.0306,21.50,12.80
2007.06.14 02:31:56.614,1.0303,1.0306,17.50,12.80
2007.06.14 02:31:57.221,1.0303,1.0306,23.90,12.80
2007.06.14 02:31:57.271,1.0303,1.0306,26.30,10.40
2007.06.14 02:31:57.366,1.0303,1.0306,22.30,10.40
2007.06.14 02:31:58.096,1.0303,1.0306,26.30,10.40
2007.06.14 02:31:58.292,1.0303,1.0306,28.00,10.40
2007.06.14 02:31:58.514,1.0304,1.0306,2.40,10.40
2007.06.14 02:31:59.197,1.0305,1.0308,11.90,4.00
2007.06.14 02:31:59.737,1.0305,1.0306,11.90,14.40
2007.06.14 02:31:59.798,1.0304,1.0306,2.40,14.40
2007.06.14 02:31:59.873,1.0306,1.0307,1.60,24.00
2007.06.14 02:31:59.883,1.0306,1.0307,1.60,24.00
2007.06.14 02:31:59.945,1.03055,1.0306,8.00,6.40
2007.06.14 02:32:01.580,1.0303,1.0306,28.00,8.80
2007.06.14 02:32:01.719,1.0303,1.0306,28.00,16.80
2007.06.14 02:32:02.142,1.0303,1.0306,28.00,12.80
2007.06.14 02:32:02.222,1.0304,1.0306,2.40,10.40
2007.06.14 02:32:02.905,1.0304,1.0308,2.40,28.00
2007.06.14 02:32:02.940,1.0303,1.0306,19.90,10.40
2007.06.14 02:32:02.975,1.0303,1.0306,14.30,10.40
2007.06.14 02:32:03.005,1.0303,1.03055,14.30,8.00
2007.06.14 02:32:03.512,1.0303,1.03055,18.30,8.00
2007.06.14 02:32:03.519,1.0303,1.0306,26.30,10.40
2007.06.14 02:32:04.294,1.0303,1.0306,30.30,10.40
2007.06.14 02:32:04.788,1.0303,1.0306,34.30,10.40
2007.06.14 02:32:05.893,1.03035,1.0306,8.00,2.40
2007.06.14 02:32:05.904,1.0304,1.0307,1.60,36.80
2007.06.14 02:32:06.587,1.0304,1.0307,5.60,32.80
2007.06.14 02:32:06.750,1.0304,1.0307,12.00,26.40
2007.06.14 02:32:06.926,1.0304,1.0307,23.90,14.40
2007.06.14 02:32:06.950,1.03045,1.0307,8.00,6.40
2007.06.14 02:32:07.055,1.0305,1.0308,1.60,36.80
2007.06.14 02:32:09.167,1.0305,1.0308,17.50,24.80
2007.06.14 02:32:09.761,1.0305,1.0308,21.50,20.80
2007.06.14 02:32:09.966,1.0305,1.0308,21.50,12.80
2007.06.14 02:32:10.029,1.0305,1.0308,23.90,10.40
2007.06.14 02:32:10.229,1.0305,1.0308,31.90,10.40
2007.06.14 02:32:11.175,1.0305,1.0308,20.00,22.40
2007.06.14 02:32:11.197,1.0305,1.0307,20.00,2.40
2007.06.14 02:32:11.308,1.0305,1.0307,14.40,6.40
2007.06.14 02:32:11.382,1.0305,1.0307,12.00,6.40
2007.06.14 02:32:12.929,1.0305,1.0307,8.00,6.40
2007.06.14 02:32:13.576,1.0305,1.0306,1.60,4.00
2007.06.14 02:32:13.930,1.03045,1.0306,8.00,4.00
2007.06.14 02:32:14.103,1.0304,1.0306,12.00,4.00
2007.06.14 02:32:14.159,1.0304,1.0307,12.00,28.70
2007.06.14 02:32:14.264,1.0304,1.0307,21.60,16.80
2007.06.14 02:32:14.324,1.0304,1.0307,25.60,12.80
2007.06.14 02:32:14.644,1.0304,1.0307,28.00,10.40
2007.06.14 02:32:14.877,1.0305,1.0307,11.90,8.00
2007.06.14 02:32:14.894,1.0305,1.03075,11.90,8.00
2007.06.14 02:32:15.134,1.0305,1.0308,11.90,24.80
2007.06.14 02:32:15.293,1.0305,1.0308,13.50,24.80
2007.06.14 02:32:17.195,1.0305,1.0307,13.50,4.00
2007.06.14 02:32:17.338,1.0305,1.0307,1.60,15.90
2007.06.14 02:32:17.407,1.0305,1.0307,1.60,18.30
2007.06.14 02:32:17.831,1.0305,1.0306,1.60,2.40
2007.06.14 02:32:17.859,1.0305,1.0306,1.60,6.40
2007.06.14 02:32:18.823,1.0305,1.0307,1.60,18.30
2007.06.14 02:32:19.120,1.03045,1.0306,8.00,0.60
2007.06.14 02:32:19.227,1.0304,1.0307,22.40,26.30
2007.06.14 02:32:22.239,1.0304,1.0307,20.00,28.70
2007.06.14 02:32:22.280,1.0304,1.0307,12.00,36.70
2007.06.14 02:32:23.167,1.0304,1.0307,16.00,32.70
2007.06.14 02:32:23.196,1.0304,1.0306,16.00,0.70
2007.06.14 02:32:23.263,1.0304,1.0307,18.40,0.80
2007.06.14 02:32:23.286,1.0304,1.0307,28.00,0.60
2007.06.14 02:32:23.967,1.0304,1.0308,30.40,39.20
2007.06.14 02:32:26.150,1.0304,1.0306,12.00,0.60
2007.06.14 02:32:26.364,1.0304,1.0307,5.60,32.80
2007.06.14 02:32:26.482,1.0304,1.0307,16.00,22.40
2007.06.14 02:32:26.487,1.0304,1.0306,12.00,0.70
2007.06.14 02:32:27.252,1.0304,1.0306,4.00,0.80
2007.06.14 02:32:27.387,1.0301,1.0307,2.40,36.80
2007.06.14 02:32:27.859,1.0304,1.0307,4.00,36.80
2007.06.14 02:32:27.988,1.0304,1.0307,5.60,36.80
2007.06.14 02:32:28.021,1.0304,1.03065,5.60,12.00
2007.06.14 02:32:28.755,1.0304,1.03065,5.60,0.60
2007.06.14 02:32:29.165,1.0304,1.0307,1.60,36.80
2007.06.14 02:32:29.278,1.0304,1.03065,5.60,0.80
2007.06.14 02:32:29.389,1.0304,1.0307,4.00,32.80
2007.06.14 02:32:29.770,1.0303,1.0307,34.30,36.80
2007.06.14 02:32:30.205,1.0304,1.03065,14.30,0.50
2007.06.14 02:32:30.281,1.0304,1.0307,18.30,20.80
2007.06.14 02:32:30.286,1.0305,1.0307,4.00,20.80
2007.06.14 02:32:30.569,1.0305,1.0307,4.00,0.50
2007.06.14 02:32:30.592,1.0305,1.0307,4.00,0.60
2007.06.14 02:32:33.075,1.0305,1.0307,5.60,0.60
2007.06.14 02:32:35.157,1.0305,1.03075,4.00,18.40
2007.06.14 02:32:35.815,1.0304,1.03075,20.00,30.40
2007.06.14 02:32:36.239,1.0304,1.0306,16.00,0.90
2007.06.14 02:32:36.264,1.0304,1.0307,12.00,26.40
2007.06.14 02:32:37.412,1.0304,1.0306,8.00,0.50
2007.06.14 02:32:37.537,1.0303,1.0307,30.40,36.80
2007.06.14 02:32:38.880,1.0303,1.03055,30.40,0.50
2007.06.14 02:32:39.778,1.0303,1.03055,28.00,0.80
2007.06.14 02:32:39.818,1.0303,1.03055,16.00,12.00
2007.06.14 02:32:40.791,1.0303,1.03055,12.00,12.00
2007.06.14 02:32:41.715,1.0303,1.0307,16.00,40.70
2007.06.14 02:32:41.813,1.0303,1.0307,18.40,40.70
2007.06.14 02:32:41.836,1.0303,1.0306,28.00,0.50
2007.06.14 02:32:41.931,1.0303,1.0306,28.00,14.40
2007.06.14 02:32:43.271,1.0303,1.03055,30.40,12.00
2007.06.14 02:32:43.352,1.0303,1.03055,28.00,12.00
2007.06.14 02:32:43.369,1.0303,1.0305,16.00,0.70
2007.06.14 02:32:44.665,1.0303,1.0305,13.60,0.90
2007.06.14 02:32:45.314,1.0303,1.0305,9.60,0.80
2007.06.14 02:32:52.320,1.0303,1.0305,9.60,0.80
2007.06.14 02:32:54.804,1.0303,1.0306,1.60,36.70
2007.06.14 02:32:55.839,1.0303,1.0304,1.60,0.60
2007.06.14 02:32:55.908,1.03025,1.0304,8.00,0.50
2007.06.14 02:32:55.988,1.0302,1.0305,26.40,15.90
2007.06.14 02:32:56.702,1.0302,1.0305,22.40,15.90
2007.06.14 02:32:57.666,1.0302,1.0304,26.40,0.50
2007.06.14 02:32:57.788,1.03025,1.0305,8.00,15.90
2007.06.14 02:32:57.796,1.03025,1.0305,8.00,0.80
2007.06.14 02:32:57.837,1.0303,1.03055,1.60,23.90
2007.06.14 02:32:58.857,1.0303,1.0305,1.60,15.90
2007.06.14 02:32:59.151,1.0304,1.0305,4.00,0.60
2007.06.14 02:32:59.270,1.0304,1.0307,4.00,33.60
2007.06.14 02:32:59.313,1.0304,1.0307,6.40,28.80
2007.06.14 02:32:59.356,1.0304,1.0307,6.40,27.20
2007.06.14 02:32:59.807,1.0304,1.03055,6.40,0.90
2007.06.14 02:33:00.166,1.0304,1.0306,2.40,16.80
2007.06.14 02:33:00.287,1.0304,1.0305,2.40,15.90
2007.06.14 02:33:00.336,1.0303,1.0305,5.60,22.30
2007.06.14 02:33:00.396,1.0303,1.0304,1.60,0.90
2007.06.14 02:33:00.466,1.03025,1.0304,8.00,0.80
2007.06.14 02:33:00.566,1.0302,1.0305,20.00,22.30
2007.06.14 02:33:01.257,1.0302,1.0304,24.00,0.90
2007.06.14 02:33:01.312,1.0302,1.0305,24.00,0.90
2007.06.14 02:33:02.521,1.0302,1.0305,22.40,0.60
2007.06.14 02:33:03.350,1.0302,1.0305,24.00,0.60
2007.06.14 02:33:03.409,1.03025,1.0306,8.00,40.70
2007.06.14 02:33:04.245,1.03025,1.0305,8.00,18.30
2007.06.14 02:33:05.980,1.0302,1.0305,22.40,22.30
2007.06.14 02:33:13.301,1.03,1.0304,2.40,0.80
2007.06.14 02:33:13.306,1.0302,1.0306,36.80,28.80
2007.06.14 02:33:13.376,1.03025,1.0309,8.00,4.80
2007.06.14 02:33:15.900,1.03025,1.0304,8.00,0.70
2007.06.14 02:33:15.949,1.03,1.0305,2.40,15.90
2007.06.14 02:33:15.997,1.0302,1.0304,27.20,0.60
2007.06.14 02:33:17.657,1.0302,1.0304,23.20,0.50
2007.06.14 02:33:21.349,1.0302,1.0305,20.80,19.90
2007.06.14 02:33:26.244,1.0302,1.0305,20.80,15.90
2007.06.14 02:33:26.300,1.0302,1.0305,24.80,11.90
2007.06.14 02:33:26.338,1.0302,1.03055,36.80,8.00
2007.06.14 02:33:26.352,1.03025,1.0308,8.00,2.40
2007.06.14 02:33:26.527,1.0303,1.0308,1.60,2.40
2007.06.14 02:33:34.767,1.0303,1.0305,1.60,4.00
2007.06.14 02:33:34.784,1.0303,1.0305,1.60,12.00
2007.06.14 02:33:35.140,1.0303,1.0305,1.60,27.90
2007.06.14 02:33:35.211,1.0303,1.0305,4.00,32.70
2007.06.14 02:33:35.329,1.0303,1.0305,4.00,20.80
2007.06.14 02:33:35.403,1.0303,1.0305,4.00,18.40
2007.06.14 02:33:35.513,1.0303,1.0305,4.00,10.40
2007.06.14 02:33:35.711,1.0303,1.0305,4.00,8.00
2007.06.14 02:33:36.406,1.0303,1.0305,4.00,4.00
2007.06.14 02:33:36.823,1.0303,1.0305,12.00,4.00
2007.06.14 02:33:36.832,1.0303,1.0305,16.00,4.00
2007.06.14 02:33:36.959,1.0304,1.0306,4.00,23.20
2007.06.14 02:33:47.358,1.0304,1.0305,4.00,11.90
2007.06.14 02:33:47.389,1.0303,1.0304,10.40,2.40
2007.06.14 02:33:47.452,1.0303,1.0304,10.40,6.40
2007.06.14 02:33:47.506,1.0303,1.0304,2.40,6.40
2007.06.14 02:33:47.567,1.0302,1.0304,16.80,6.40
2007.06.14 02:33:54.655,1.0302,1.0304,6.10,6.40
2007.06.14 02:33:54.734,1.0302,1.0304,16.80,6.40
2007.06.14 02:33:54.819,1.0302,1.0304,20.80,4.00
2007.06.14 02:33:54.959,1.0302,1.0308,34.30,2.40
2007.06.14 02:33:58.399,1.03025,1.0304,2.20,4.00
2007.06.14 02:33:58.419,1.0302,1.0304,1.40,4.00
2007.06.14 02:33:59.517,1.0302,1.0304,0.80,4.00
2007.06.14 02:34:01.773,1.0302,1.0305,7.30,15.90
2007.06.14 02:34:01.848,1.0301,1.0305,31.20,11.90
2007.06.14 02:34:01.914,1.0302,1.03055,30.30,8.00
2007.06.14 02:34:02.419,1.0301,1.0304,29.60,4.00
2007.06.14 02:34:03.477,1.0301,1.0304,27.20,4.00
2007.06.14 02:34:03.834,1.0301,1.0305,29.60,15.90
2007.06.14 02:34:04.003,1.0302,1.0305,19.20,15.90
2007.06.14 02:34:04.015,1.0303,1.03055,6.50,8.00
2007.06.14 02:34:05.041,1.0302,1.0306,36.70,12.00
2007.06.14 02:34:05.065,1.0303,1.0306,12.70,10.40
2007.06.14 02:34:05.327,1.0303,1.0306,3.00,14.40
2007.06.14 02:34:05.379,1.0303,1.0304,3.50,4.00
2007.06.14 02:34:05.425,1.0302,1.0304,24.00,4.00
2007.06.14 02:34:05.480,1.0303,1.0304,1.40,4.00
2007.06.14 02:34:05.571,1.0301,1.0304,27.20,4.00
2007.06.14 02:34:06.451,1.0302,1.0304,4.60,4.00
2007.06.14 02:34:08.783,1.0301,1.0305,27.20,15.90
2007.06.14 02:34:08.856,1.0302,1.0305,16.80,15.90
2007.06.14 02:34:08.887,1.0303,1.0305,1.40,11.90
2007.06.14 02:34:08.980,1.03025,1.0306,22.30,10.40
2007.06.14 02:34:09.116,1.0303,1.0306,9.50,10.40
2007.06.14 02:34:09.184,1.0302,1.0306,38.30,10.40
2007.06.14 02:34:26.428,1.0303,1.03055,16.70,8.00
2007.06.14 02:34:26.503,1.0303,1.0304,4.80,4.00
2007.06.14 02:34:26.530,1.0303,1.0304,2.40,6.40
2007.06.14 02:34:26.585,1.0302,1.0304,20.80,6.40
2007.06.14 02:34:27.450,1.0302,1.0304,16.80,6.40
2007.06.14 02:34:27.927,1.0303,1.0304,4.00,2.40
2007.06.14 02:34:27.974,1.0303,1.0305,4.00,6.40
2007.06.14 02:34:28.951,1.0302,1.0305,30.30,2.40
2007.06.14 02:34:29.022,1.0303,1.0305,8.00,2.40
2007.06.14 02:34:29.044,1.0303,1.0306,19.90,18.40
2007.06.14 02:34:29.162,1.0303,1.0306,22.30,12.80
2007.06.14 02:34:30.505,1.0303,1.0306,22.30,4.80
2007.06.14 02:34:30.686,1.0303,1.0306,22.30,2.40
2007.06.14 02:34:30.885,1.0303,1.0306,22.30,4.80
2007.06.14 02:34:31.035,1.0303,1.0306,22.30,12.80
2007.06.14 02:34:35.878,1.0303,1.0306,22.30,16.80
2007.06.14 02:34:36.007,1.0303,1.0306,8.00,31.10
2007.06.14 02:34:36.106,1.03025,1.0306,8.00,31.10
2007.06.14 02:34:37.015,1.03025,1.0306,8.00,35.20
2007.06.14 02:34:37.085,1.03025,1.0308,8.00,2.40
2007.06.14 02:34:41.407,1.03025,1.0306,8.00,35.20
2007.06.14 02:34:41.440,1.0302,1.03055,31.90,8.00
2007.06.14 02:34:41.504,1.0302,1.0304,22.40,4.00
2007.06.14 02:34:41.619,1.0302,1.0304,20.80,4.00
2007.06.14 02:34:42.552,1.0302,1.0304,16.80,4.00
2007.06.14 02:34:43.269,1.0302,1.0304,20.80,4.00
2007.06.14 02:34:43.372,1.0303,1.0305,4.00,4.00
2007.06.14 02:34:43.374,1.0303,1.0305,6.40,4.00
2007.06.14 02:34:43.451,1.0303,1.0305,8.80,4.00
2007.06.14 02:34:43.496,1.0303,1.0305,16.80,4.00
2007.06.14 02:34:48.847,1.0303,1.0305,14.40,4.00
2007.06.14 02:34:48.869,1.0303,1.0305,6.40,4.00
2007.06.14 02:34:52.457,1.0303,1.0305,10.40,4.00
2007.06.14 02:34:52.528,1.0303,1.0306,14.40,28.00
2007.06.14 02:34:52.669,1.03035,1.0306,8.00,20.00
2007.06.14 02:34:54.711,1.03035,1.0306,8.00,24.00
2007.06.14 02:34:54.774,1.03035,1.0306,8.00,26.40
2007.06.14 02:34:54.806,1.03035,1.0306,8.00,28.80
2007.06.14 02:34:54.979,1.0303,1.0306,8.00,36.80
2007.06.14 02:34:55.011,1.03025,1.0308,8.00,2.40
2007.06.14 02:35:00.382,1.0303,1.0308,1.60,2.40
2007.06.14 02:35:24.237,1.0303,1.0306,1.60,36.80
2007.06.14 02:35:24.342,1.0303,1.0306,4.00,34.40
2007.06.14 02:35:24.513,1.0303,1.0306,12.00,26.40
2007.06.14 02:35:24.615,1.0303,1.0306,10.40,26.40
2007.06.14 02:35:29.239,1.0303,1.0306,14.40,26.40
2007.06.14 02:35:29.781,1.0303,1.0306,10.40,26.40
2007.06.14 02:35:29.868,1.0303,1.0306,12.00,26.40
2007.06.14 02:35:29.982,1.03035,1.0306,8.00,26.40
2007.06.14 02:35:30.133,1.0303,1.0306,12.00,26.40
2007.06.14 02:35:30.146,1.0303,1.0306,10.40,26.40
2007.06.14 02:35:32.720,1.0303,1.0306,14.40,26.40
2007.06.14 02:35:33.455,1.03035,1.0306,8.00,26.40
2007.06.14 02:35:33.782,1.03035,1.0306,8.00,22.40
2007.06.14 02:35:43.751,1.03035,1.0306,8.00,26.40
2007.06.14 02:35:44.346,1.0302,1.0306,28.00,28.80
2007.06.14 02:35:44.463,1.03025,1.0306,8.00,36.80
2007.06.14 02:35:45.379,1.0303,1.0306,1.60,36.80
2007.06.14 02:35:45.558,1.0303,1.0306,1.60,32.80
2007.06.14 02:35:45.952,1.03025,1.0304,8.00,4.00
2007.06.14 02:35:45.992,1.0302,1.0304,26.40,4.00
2007.06.14 02:35:46.259,1.03025,1.0304,8.00,4.00
2007.06.14 02:35:46.313,1.0303,1.0305,1.60,15.90
2007.06.14 02:35:48.336,1.0303,1.0304,1.60,4.00
2007.06.14 02:35:48.809,1.03025,1.0304,8.00,4.00
2007.06.14 02:35:49.043,1.03,1.0304,2.40,4.00
2007.06.14 02:35:49.296,1.0302,1.0304,24.80,4.00
2007.06.14 02:36:00.439,1.0302,1.0304,23.20,4.00
2007.06.14 02:36:00.751,1.0302,1.0304,15.20,4.00
2007.06.14 02:36:00.761,1.0302,1.0304,12.80,4.00
2007.06.14 02:36:22.563,1.0302,1.0304,10.40,4.00
2007.06.14 02:36:23.257,1.0302,1.0305,10.40,30.30
2007.06.14 02:36:27.578,1.0302,1.0306,6.40,34.30
2007.06.14 02:36:27.787,1.0302,1.0304,6.40,8.00
2007.06.14 02:36:27.823,1.0302,1.0303,2.40,0.60
2007.06.14 02:36:27.975,1.03015,1.0304,8.00,19.90
2007.06.14 02:36:28.021,1.0301,1.0303,16.80,0.80
2007.06.14 02:36:28.046,1.0301,1.0304,16.80,27.90
2007.06.14 02:36:28.186,1.0301,1.0304,12.80,30.30
2007.06.14 02:36:28.822,1.0301,1.0304,14.40,30.30
2007.06.14 02:36:31.520,1.0301,1.0305,14.40,36.70
2007.06.14 02:36:31.651,1.0301,1.0305,12.00,36.70
2007.06.14 02:36:31.691,1.0301,1.0305,16.00,36.70
2007.06.14 02:36:31.779,1.0302,1.0305,1.60,36.70
2007.06.14 02:36:31.831,1.0302,1.0304,1.60,0.80
2007.06.14 02:36:37.164,1.0302,1.0304,1.60,15.90
2007.06.14 02:36:37.396,1.03015,1.0304,8.00,18.30
2007.06.14 02:36:37.421,1.0301,1.0304,18.40,26.30
2007.06.14 02:36:37.759,1.0301,1.0304,14.40,30.30
2007.06.14 02:36:40.156,1.0301,1.0304,14.40,0.90
2007.06.14 02:36:40.235,1.03015,1.03045,8.00,26.30
2007.06.14 02:36:40.476,1.0302,1.03045,1.60,23.90
2007.06.14 02:36:47.079,1.0302,1.03045,5.60,23.90
2007.06.14 02:36:47.197,1.0302,1.03045,5.60,12.00
2007.06.14 02:36:51.882,1.0302,1.0305,1.60,28.80
2007.06.14 02:36:51.970,1.0302,1.0305,9.60,20.80
2007.06.14 02:36:52.021,1.0302,1.0305,12.00,14.30
2007.06.14 02:36:52.234,1.0302,1.0305,16.00,14.30
2007.06.14 02:36:52.384,1.0302,1.0305,18.40,14.30
2007.06.14 02:36:52.490,1.0302,1.0305,18.40,11.90
2007.06.14 02:36:52.637,1.0302,1.03055,30.30,8.00
2007.06.14 02:36:53.324,1.0302,1.03055,34.30,8.00
2007.06.14 02:36:53.349,1.03,1.03055,2.40,8.00
2007.06.14 02:36:54.316,1.0299,1.03055,4.80,8.00
2007.06.14 02:36:55.443,1.0302,1.0304,4.70,4.00
2007.06.14 02:36:56.268,1.0301,1.0304,28.80,4.00
2007.06.14 02:36:56.815,1.0301,1.0304,28.80,4.00
2007.06.14 02:36:56.855,1.0302,1.0304,4.90,4.00
2007.06.14 02:36:57.837,1.0302,1.0304,2.80,4.00
2007.06.14 02:36:57.884,1.0302,1.0304,6.70,4.00
2007.06.14 02:36:59.116,1.0301,1.0305,28.80,15.90
2007.06.14 02:36:59.240,1.03,1.03055,1.30,8.00
2007.06.14 02:36:59.761,1.0302,1.0304,5.20,4.00
2007.06.14 02:37:00.365,1.0302,1.0304,11.30,4.00
2007.06.14 02:37:00.752,1.0301,1.0304,28.80,4.00
2007.06.14 02:37:00.792,1.0301,1.0305,38.40,4.00
2007.06.14 02:37:01.276,1.0301,1.0305,38.40,4.00
2007.06.14 02:37:01.378,1.0301,1.03055,38.40,8.00
2007.06.14 02:37:05.266,1.0301,1.0304,38.40,4.00
2007.06.14 02:37:05.282,1.0301,1.0304,28.80,4.00
2007.06.14 02:37:06.515,1.0301,1.0304,28.80,4.00
2007.06.14 02:37:06.788,1.0302,1.0304,3.80,4.00
2007.06.14 02:37:06.806,1.03015,1.0304,16.00,4.00
2007.06.14 02:37:13.796,1.03015,1.0305,20.00,28.70
2007.06.14 02:37:13.813,1.0302,1.0305,1.40,22.30
2007.06.14 02:37:13.847,1.03015,1.0305,36.80,8.00
2007.06.14 02:37:13.923,1.0302,1.03055,7.40,8.00
2007.06.14 02:37:17.575,1.0301,1.0306,38.40,38.40
2007.06.14 02:37:20.244,1.0301,1.0305,28.80,15.90
2007.06.14 02:37:20.275,1.0302,1.0304,0.70,0.90
2007.06.14 02:37:20.539,1.03015,1.0305,22.40,26.30
2007.06.14 02:37:20.645,1.03015,1.0305,20.00,28.70
2007.06.14 02:37:20.740,1.03015,1.0305,21.60,28.70
2007.06.14 02:37:21.205,1.03015,1.0305,17.60,28.70
2007.06.14 02:37:21.419,1.0302,1.0304,0.50,0.90
2007.06.14 02:37:21.474,1.03015,1.0305,9.60,32.70
2007.06.14 02:37:21.673,1.0301,1.03045,24.00,22.30
2007.06.14 02:37:21.793,1.0302,1.0304,0.50,0.70
2007.06.14 02:37:21.811,1.0302,1.03045,0.60,0.60
2007.06.14 02:37:21.923,1.0302,1.03045,0.60,0.60
2007.06.14 02:37:22.089,1.03015,1.0306,19.90,28.80
2007.06.14 02:37:22.224,1.03015,1.0306,19.90,28.80
2007.06.14 02:37:22.492,1.0302,1.0305,0.70,0.70
2007.06.14 02:37:26.372,1.0302,1.0304,10.40,0.80
2007.06.14 02:37:26.439,1.0302,1.0305,18.40,15.90
2007.06.14 02:37:26.651,1.0302,1.0305,10.40,23.90
2007.06.14 02:37:26.657,1.0302,1.0305,8.00,26.30
2007.06.14 02:37:27.280,1.0302,1.0305,12.00,26.30
2007.06.14 02:37:27.684,1.0302,1.0304,8.00,0.50
2007.06.14 02:37:42.234,1.0302,1.0305,8.00,0.60
2007.06.14 02:37:42.253,1.0302,1.0306,12.00,39.10
2007.06.14 02:37:42.353,1.0302,1.0305,26.30,0.70
2007.06.14 02:37:42.366,1.0302,1.0306,26.30,36.80
2007.06.14 02:37:42.494,1.0302,1.03055,34.30,0.60
2007.06.14 02:37:42.541,1.0302,1.0306,32.70,38.40
2007.06.14 02:37:42.768,1.0304,1.0306,4.00,26.40
2007.06.14 02:37:42.871,1.0304,1.0306,6.40,24.00
2007.06.14 02:37:43.001,1.0304,1.0307,6.40,26.40
2007.06.14 02:37:43.938,1.0304,1.0306,6.40,0.60
2007.06.14 02:38:03.678,1.0304,1.0306,6.40,22.40
2007.06.14 02:38:03.695,1.0304,1.0306,2.40,22.40
2007.06.14 02:38:04.333,1.0304,1.0306,2.40,34.40
2007.06.14 02:38:04.406,1.0303,1.0306,12.00,34.40
2007.06.14 02:38:04.419,1.0303,1.0306,8.00,34.40
2007.06.14 02:38:04.432,1.0303,1.03055,8.00,8.00
2007.06.14 02:38:04.719,1.0303,1.03055,6.40,8.00
2007.06.14 02:38:05.358,1.0304,1.03055,4.00,8.00
2007.06.14 02:38:05.430,1.0304,1.0306,4.00,22.40
2007.06.14 02:38:06.326,1.0304,1.0306,4.00,18.40
2007.06.14 02:39:15.920,1.0304,1.0306,4.00,16.00
2007.06.14 02:39:15.954,1.0304,1.0306,4.00,8.00
2007.06.14 02:39:18.415,1.0304,1.0306,4.00,4.00
2007.06.14 02:39:18.652,1.0304,1.03065,5.60,8.00
2007.06.14 02:39:18.711,1.0304,1.0307,5.60,34.40
2007.06.14 02:39:23.662,1.0304,1.0307,8.00,32.00
2007.06.14 02:39:23.826,1.0304,1.0307,16.00,24.00
2007.06.14 02:39:23.948,1.0304,1.0307,14.40,24.00
2007.06.14 02:39:30.526,1.0304,1.0307,14.40,32.00
2007.06.14 02:39:30.598,1.0304,1.0307,14.40,34.40
2007.06.14 02:39:33.816,1.0304,1.0307,18.40,30.40
2007.06.14 02:39:33.910,1.0304,1.0307,20.80,30.40
2007.06.14 02:39:34.203,1.0304,1.0307,24.80,22.30
2007.06.14 02:39:34.351,1.03045,1.0307,8.00,11.90
2007.06.14 02:39:34.625,1.03045,1.0308,8.00,39.20
2007.06.14 02:39:45.327,1.0305,1.0308,1.60,39.20
2007.06.14 02:40:05.240,1.0305,1.0308,9.60,31.20
2007.06.14 02:40:05.330,1.0305,1.0308,12.00,28.80
2007.06.14 02:40:14.911,1.0305,1.0308,4.00,36.80
2007.06.14 02:40:14.928,1.0305,1.0308,1.60,39.20
2007.06.14 02:40:24.648,1.0305,1.0308,4.00,36.80
2007.06.14 02:40:24.847,1.0305,1.0308,12.00,28.80
2007.06.14 02:40:24.949,1.0305,1.0308,9.60,31.20
2007.06.14 02:40:25.064,1.0305,1.0308,1.60,39.20
2007.06.14 02:40:26.599,1.0305,1.03075,1.60,8.00
2007.06.14 02:40:26.704,1.0301,1.03075,2.40,8.00
2007.06.14 02:40:26.795,1.0304,1.0307,36.00,2.40
2007.06.14 02:40:26.842,1.0304,1.0307,24.00,18.30
2007.06.14 02:40:26.884,1.0304,1.0307,24.00,26.30
2007.06.14 02:40:27.338,1.0304,1.0307,24.00,28.70
2007.06.14 02:40:27.941,1.0304,1.0307,26.40,26.30
2007.06.14 02:40:28.007,1.0302,1.0307,2.40,10.40
2007.06.14 02:40:28.166,1.0305,1.0307,1.60,8.00
2007.06.14 02:40:28.217,1.0305,1.031,1.60,2.40
2007.06.14 02:40:46.583,1.03045,1.031,8.00,2.40
2007.06.14 02:40:46.790,1.0302,1.03075,2.40,8.00
2007.06.14 02:40:48.867,1.0305,1.031,1.60,2.40
2007.06.14 02:40:49.291,1.0305,1.0307,1.60,4.00
2007.06.14 02:40:49.353,1.0302,1.0307,2.40,4.00
2007.06.14 02:40:51.301,1.0302,1.03075,2.40,8.00
2007.06.14 02:40:51.374,1.0305,1.03075,1.60,8.00
2007.06.14 02:40:51.389,1.0305,1.031,1.60,2.40
2007.06.14 02:41:00.737,1.0305,1.0308,1.60,35.20
2007.06.14 02:41:00.783,1.0305,1.0308,13.50,12.80
2007.06.14 02:41:00.801,1.0305,1.0308,21.50,4.80
2007.06.14 02:41:00.845,1.0305,1.0308,23.90,2.40
2007.06.14 02:41:00.876,1.0305,1.03085,26.30,8.00
2007.06.14 02:41:11.270,1.0306,1.03085,11.90,8.00
2007.06.14 02:41:11.365,1.0306,1.03085,14.30,8.00
2007.06.14 02:41:11.497,1.0306,1.0309,22.30,6.40
2007.06.14 02:41:11.515,1.0306,1.03095,26.30,8.00
2007.06.14 02:41:11.551,1.0306,1.03095,24.70,8.00
2007.06.14 02:41:11.683,1.0306,1.0309,24.70,4.00
2007.06.14 02:41:11.795,1.0306,1.0309,24.70,8.00
2007.06.14 02:41:12.395,1.0306,1.0309,22.30,10.40
2007.06.14 02:41:12.407,1.0306,1.0309,10.40,22.30
2007.06.14 02:41:12.596,1.0305,1.03085,24.70,8.00
2007.06.14 02:41:23.728,1.0305,1.0308,24.70,4.00
2007.06.14 02:41:23.998,1.0305,1.0307,12.80,11.90
2007.06.14 02:41:24.383,1.0305,1.0307,10.40,11.90
2007.06.14 02:41:24.461,1.0305,1.0307,2.40,11.90
2007.06.14 02:41:25.730,1.0305,1.0308,2.40,22.30
2007.06.14 02:41:28.287,1.0305,1.0308,14.30,10.40
2007.06.14 02:41:28.323,1.0305,1.0308,22.30,2.40
2007.06.14 02:41:28.366,1.0306,1.0308,2.40,2.40
2007.06.14 02:41:28.368,1.0306,1.03085,2.40,8.00
2007.06.14 02:41:57.386,1.0306,1.0309,2.40,22.30
2007.06.14 02:41:58.479,1.0306,1.0309,18.30,10.40
2007.06.14 02:41:58.923,1.0306,1.03085,18.30,8.00
2007.06.14 02:41:59.311,1.0306,1.03085,22.30,8.00
2007.06.14 02:41:59.388,1.0306,1.03085,26.40,8.00
2007.06.14 02:42:00.286,1.0306,1.031,30.40,30.40
2007.06.14 02:42:00.372,1.0307,1.031,1.60,28.80
2007.06.14 02:42:00.416,1.0307,1.03095,1.60,8.00
2007.06.14 02:42:01.568,1.0307,1.031,1.60,36.80
2007.06.14 02:42:03.237,1.0308,1.031,4.00,36.80
2007.06.14 02:42:03.369,1.0308,1.031,4.00,22.40
2007.06.14 02:42:03.488,1.0308,1.031,4.00,14.40
2007.06.14 02:42:04.459,1.0308,1.031,4.00,10.40
2007.06.14 02:42:04.894,1.0307,1.031,31.90,10.40
2007.06.14 02:42:05.194,1.0307,1.031,27.90,14.40
2007.06.14 02:42:05.278,1.0306,1.0309,38.30,4.00
2007.06.14 02:42:05.324,1.0306,1.0309,38.30,4.00
2007.06.14 02:42:05.394,1.0306,1.0309,26.40,15.90
2007.06.14 02:42:05.491,1.0306,1.0309,26.40,15.90
2007.06.14 02:42:06.816,1.0307,1.0309,0.80,19.90
2007.06.14 02:42:06.899,1.0305,1.0309,28.80,19.90
2007.06.14 02:42:08.222,1.0307,1.0309,2.40,19.90
2007.06.14 02:42:08.328,1.0306,1.0309,26.40,22.30
2007.06.14 02:42:08.355,1.0307,1.0309,1.80,22.30
2007.06.14 02:42:08.447,1.03065,1.0309,16.00,22.30
2007.06.14 02:42:08.761,1.0307,1.0309,3.90,18.30
2007.06.14 02:42:08.766,1.0307,1.031,1.90,36.80
2007.06.14 02:42:08.857,1.03065,1.031,18.40,36.80
2007.06.14 02:42:08.885,1.0306,1.031,30.40,36.80
2007.06.14 02:42:09.345,1.0306,1.031,30.40,34.40
2007.06.14 02:42:09.375,1.0306,1.031,30.40,26.40
2007.06.14 02:42:13.814,1.0307,1.031,18.40,26.40
2007.06.14 02:42:13.856,1.03075,1.031,9.60,26.40
2007.06.14 02:42:14.249,1.0307,1.031,3.30,26.40
2007.06.14 02:42:14.764,1.03065,1.031,18.40,34.40
2007.06.14 02:42:14.779,1.03065,1.0309,18.40,11.90
2007.06.14 02:42:14.891,1.03065,1.0309,16.00,15.90
2007.06.14 02:42:14.924,1.03065,1.0309,13.60,15.90
2007.06.14 02:42:16.283,1.0306,1.0309,26.40,15.90
2007.06.14 02:42:18.956,1.0307,1.0309,2.90,15.90
2007.06.14 02:42:22.178,1.03065,1.0309,13.60,19.90
2007.06.14 02:42:22.279,1.0307,1.0309,0.60,19.90
2007.06.14 02:42:22.421,1.0307,1.0309,0.70,24.00
2007.06.14 02:42:22.903,1.03065,1.0309,2.60,24.00
2007.06.14 02:42:22.933,1.0306,1.0309,5.80,24.00
2007.06.14 02:42:23.168,1.0305,1.0309,38.30,26.40
2007.06.14 02:42:23.444,1.03055,1.0309,16.00,34.40
2007.06.14 02:42:23.830,1.03055,1.0308,16.00,4.00
2007.06.14 02:42:23.918,1.0306,1.0308,1.20,4.00
2007.06.14 02:42:23.941,1.0306,1.0308,3.40,4.00
2007.06.14 02:42:23.945,1.0305,1.0308,38.40,4.00
2007.06.14 02:42:24.342,1.0306,1.0308,2.70,4.00
2007.06.14 02:42:24.436,1.0306,1.0308,2.00,4.00
2007.06.14 02:42:26.819,1.03055,1.0309,13.60,39.20
2007.06.14 02:42:27.297,1.03055,1.0309,16.00,36.80
2007.06.14 02:42:27.757,1.0305,1.0309,38.40,28.80
2007.06.14 02:42:27.829,1.0307,1.0309,3.20,28.80
2007.06.14 02:42:28.033,1.0306,1.0309,22.40,26.40
2007.06.14 02:42:28.761,1.0306,1.0309,22.40,24.00
2007.06.14 02:42:28.953,1.0306,1.0309,8.70,24.00
2007.06.14 02:42:29.051,1.0306,1.0309,1.40,34.40
2007.06.14 02:42:29.247,1.0307,1.0309,0.70,34.40
2007.06.14 02:42:29.317,1.0307,1.0309,0.50,26.40
2007.06.14 02:42:29.343,1.0306,1.0309,18.40,24.00
2007.06.14 02:42:30.284,1.0306,1.0309,22.40,20.00
2007.06.14 02:42:30.714,1.0307,1.0309,2.00,24.00
2007.06.14 02:42:30.793,1.0306,1.0308,6.80,4.00
2007.06.14 02:42:31.769,1.0306,1.0308,3.60,4.00
2007.06.14 02:42:31.813,1.0306,1.03085,9.60,8.00
2007.06.14 02:42:31.902,1.0306,1.0309,20.00,24.80
2007.06.14 02:42:31.960,1.0307,1.0309,0.50,22.40
2007.06.14 02:42:43.670,1.0307,1.0309,2.10,20.00
2007.06.14 02:42:44.315,1.0307,1.0309,2.40,4.00
2007.06.14 02:42:44.360,1.0306,1.0309,28.80,4.00
2007.06.14 02:42:44.420,1.03065,1.0309,16.00,4.00
2007.06.14 02:42:44.865,1.03065,1.0309,16.00,15.90
2007.06.14 02:42:44.926,1.0307,1.0309,3.10,15.90
2007.06.14 02:42:46.895,1.0306,1.0309,30.40,15.90
2007.06.14 02:42:48.476,1.0306,1.0309,30.40,15.90
2007.06.14 02:42:50.241,1.0306,1.0309,30.40,15.90
2007.06.14 02:42:50.336,1.0307,1.03095,22.30,8.00
2007.06.14 02:42:50.545,1.0308,1.031,1.30,10.40
2007.06.14 02:42:51.854,1.0306,1.031,38.30,10.40
2007.06.14 02:42:51.962,1.0306,1.031,30.40,20.00
2007.06.14 02:42:51.974,1.0307,1.031,2.70,24.00
2007.06.14 02:42:52.172,1.0306,1.031,30.40,26.40
2007.06.14 02:42:53.033,1.0307,1.0309,0.90,8.00
2007.06.14 02:42:53.169,1.0306,1.0309,7.20,10.40
2007.06.14 02:42:54.771,1.0306,1.0309,15.90,14.40
2007.06.14 02:42:54.953,1.0306,1.0309,4.00,30.30
2007.06.14 02:42:55.320,1.0306,1.0308,2.40,2.40
2007.06.14 02:42:55.371,1.0306,1.0308,2.40,10.40
2007.06.14 02:42:56.909,1.0306,1.03075,2.40,8.00
2007.06.14 02:42:57.031,1.0305,1.03075,5.60,8.00
2007.06.14 02:42:57.034,1.0305,1.03075,1.60,8.00
2007.06.14 02:42:57.390,1.0305,1.0308,1.60,28.70
2007.06.14 02:42:57.445,1.0305,1.0308,13.50,12.80
2007.06.14 02:42:57.541,1.0306,1.0308,2.40,10.40
2007.06.14 02:43:10.415,1.0306,1.0308,2.40,2.40
2007.06.14 02:43:10.508,1.0306,1.0309,15.90,14.40
2007.06.14 02:43:10.549,1.0306,1.0309,15.90,10.40
2007.06.14 02:43:13.809,1.0306,1.0309,15.90,0.50
2007.06.14 02:43:34.203,1.0306,1.0309,19.90,0.60
2007.06.14 02:43:34.386,1.0306,1.031,23.90,22.30
2007.06.14 02:43:34.405,1.03065,1.03095,8.00,10.40
2007.06.14 02:43:34.473,1.0307,1.03095,1.60,0.60
2007.06.14 02:43:34.842,1.03065,1.031,8.00,22.30
2007.06.14 02:43:34.886,1.0306,1.031,34.30,22.30
2007.06.14 02:43:35.234,1.0306,1.031,30.30,26.30
2007.06.14 02:43:35.299,1.0306,1.031,26.30,30.30
2007.06.14 02:43:35.720,1.0306,1.031,30.30,26.30
2007.06.14 02:43:35.794,1.0306,1.03095,34.30,0.60
2007.06.14 02:43:46.754,1.0306,1.03095,30.30,8.00
2007.06.14 02:43:46.817,1.0306,1.0309,14.40,11.90
2007.06.14 02:43:46.983,1.0306,1.0309,12.80,11.90
2007.06.14 02:43:49.349,1.0307,1.0309,2.40,11.90
2007.06.14 02:43:49.369,1.0307,1.03095,2.40,8.00
2007.06.14 02:43:50.386,1.03065,1.03095,8.00,8.00
2007.06.14 02:43:50.393,1.03065,1.0309,8.00,11.90
2007.06.14 02:43:50.423,1.0306,1.0309,12.80,11.90
2007.06.14 02:43:55.351,1.0306,1.03095,24.70,8.00
2007.06.14 02:43:55.672,1.0306,1.0309,22.30,2.40
2007.06.14 02:43:55.782,1.0306,1.0309,14.30,10.40
2007.06.14 02:44:14.492,1.0306,1.0308,14.30,4.00
2007.06.14 02:44:14.558,1.0306,1.0308,11.90,4.00
2007.06.14 02:44:14.582,1.0303,1.0308,2.40,4.00
2007.06.14 02:44:18.149,1.0303,1.03085,2.40,12.00
2007.06.14 02:44:26.750,1.03055,1.0309,8.00,36.80
2007.06.14 02:44:30.310,1.0306,1.0308,1.60,0.60
2007.06.14 02:44:47.766,1.0306,1.0308,5.60,4.00
2007.06.14 02:44:47.983,1.0306,1.0309,20.00,22.40
2007.06.14 02:44:48.041,1.0306,1.0309,18.40,22.40
2007.06.14 02:44:48.206,1.03065,1.0309,8.00,22.40
2007.06.14 02:44:58.195,1.03065,1.0309,8.00,26.40
2007.06.14 02:44:58.420,1.0306,1.0309,10.40,26.40
2007.06.14 02:45:00.218,1.0306,1.0308,10.40,4.00
2007.06.14 02:45:00.453,1.0306,1.0308,8.00,6.40
2007.06.14 02:45:00.472,1.03055,1.0308,8.00,6.40
2007.06.14 02:45:06.223,1.0306,1.0308,4.00,6.40
2007.06.14 02:45:06.256,1.0306,1.0308,8.00,2.40
2007.06.14 02:45:06.431,1.0306,1.0309,8.00,36.80
2007.06.14 02:45:06.472,1.0306,1.0309,12.00,30.40
2007.06.14 02:45:06.531,1.0307,1.0309,1.60,30.40
2007.06.14 02:45:06.562,1.0307,1.0309,1.60,22.40
2007.06.14 02:45:08.282,1.0307,1.0309,1.60,26.40
2007.06.14 02:45:08.309,1.0307,1.0308,1.60,4.00
2007.06.14 02:45:08.427,1.0306,1.0308,1.60,4.00
2007.06.14 02:45:08.482,1.0306,1.0308,1.60,6.40
2007.06.14 02:45:11.184,1.0306,1.0308,5.60,6.40
2007.06.14 02:45:11.376,1.0307,1.0308,1.60,2.40
2007.06.14 02:45:11.396,1.0307,1.0309,1.60,34.40
2007.06.14 02:45:11.406,1.0307,1.0309,1.60,26.40
2007.06.14 02:45:11.452,1.0307,1.0309,1.60,22.40
2007.06.14 02:45:12.208,1.0307,1.0309,1.60,26.40
2007.06.14 02:45:12.386,1.03065,1.0309,8.00,26.40
2007.06.14 02:45:12.437,1.0306,1.0309,12.00,26.40
2007.06.14 02:45:12.807,1.0306,1.0308,12.00,4.00
2007.06.14 02:45:13.304,1.0306,1.0308,9.60,4.00
2007.06.14 02:45:13.433,1.0306,1.0308,1.60,6.40
2007.06.14 02:45:15.193,1.0306,1.0308,1.60,2.40
2007.06.14 02:45:15.300,1.0306,1.0308,13.50,2.40
2007.06.14 02:45:15.434,1.0306,1.0309,15.90,10.40
2007.06.14 02:45:18.683,1.0306,1.0308,4.00,4.00
2007.06.14 02:45:18.696,1.0306,1.0308,1.60,6.40
2007.06.14 02:45:26.844,1.03055,1.0308,8.00,6.40
2007.06.14 02:45:26.931,1.0305,1.0308,34.30,6.40
2007.06.14 02:45:27.022,1.0305,1.0308,36.80,6.40
2007.06.14 02:45:28.694,1.03055,1.0308,8.00,6.40
2007.06.14 02:45:29.975,1.0305,1.0308,34.30,6.40
2007.06.14 02:45:30.149,1.0305,1.0308,36.80,6.40
2007.06.14 02:45:30.887,1.0305,1.0308,34.30,6.40
2007.06.14 02:45:30.979,1.03055,1.0308,8.00,6.40
2007.06.14 02:45:39.455,1.0305,1.0308,36.80,6.40
2007.06.14 02:45:41.027,1.0305,1.03085,36.80,14.40
2007.06.14 02:45:41.354,1.0306,1.03085,8.00,10.40
2007.06.14 02:45:41.411,1.0306,1.03085,10.40,0.60
2007.06.14 02:45:41.678,1.0306,1.03085,12.80,0.90
2007.06.14 02:45:41.751,1.0306,1.03095,20.80,28.00
2007.06.14 02:45:44.244,1.0306,1.03095,16.80,32.00
2007.06.14 02:45:44.278,1.0306,1.03095,12.80,32.00
2007.06.14 02:45:44.354,1.0306,1.0309,10.40,0.80
2007.06.14 02:45:44.377,1.0306,1.031,2.40,38.40
2007.06.14 02:45:44.388,1.03055,1.031,8.00,38.40
2007.06.14 02:45:47.964,1.0306,1.03095,8.00,36.80
2007.06.14 02:45:47.972,1.0306,1.0309,14.40,0.60
2007.06.14 02:45:48.238,1.0306,1.03095,16.80,34.40
2007.06.14 02:45:48.861,1.0306,1.03095,20.80,30.40
2007.06.14 02:46:16.734,1.0306,1.0309,18.40,22.40
2007.06.14 02:46:16.825,1.0306,1.0309,20.80,22.40
2007.06.14 02:46:16.920,1.03065,1.0309,8.00,22.40
2007.06.14 02:46:17.034,1.0307,1.0309,1.60,22.40
2007.06.14 02:46:20.326,1.03065,1.0309,8.00,22.40
2007.06.14 02:46:20.457,1.0306,1.0309,22.40,22.40
2007.06.14 02:46:21.746,1.0306,1.0308,22.40,4.00
2007.06.14 02:46:21.811,1.0306,1.0308,22.40,6.40
2007.06.14 02:46:21.861,1.0306,1.0308,20.00,6.40
2007.06.14 02:46:21.997,1.0306,1.0308,12.00,6.40
2007.06.14 02:46:22.922,1.0306,1.0308,8.00,6.40
2007.06.14 02:46:23.695,1.0306,1.0308,8.00,10.40
2007.06.14 02:46:23.814,1.0306,1.0307,1.60,4.00
2007.06.14 02:46:23.895,1.0306,1.0307,1.60,6.40
2007.06.14 02:46:23.908,1.0305,1.0307,22.40,6.40
2007.06.14 02:46:26.337,1.0306,1.0307,4.00,2.40
2007.06.14 02:46:26.441,1.0306,1.0307,17.50,2.40
2007.06.14 02:46:26.450,1.0306,1.0308,17.50,6.40
2007.06.14 02:46:27.688,1.0306,1.0308,21.50,6.40
2007.06.14 02:46:27.789,1.0306,1.0308,9.60,2.40
2007.06.14 02:46:27.887,1.0306,1.0309,9.60,36.80
2007.06.14 02:46:27.908,1.0306,1.0309,20.00,32.80
2007.06.14 02:46:28.145,1.0306,1.0309,20.00,30.40
2007.06.14 02:46:28.356,1.0306,1.0309,20.00,22.40
2007.06.14 02:46:42.753,1.0307,1.0309,4.00,10.40
2007.06.14 02:46:42.864,1.0307,1.0309,4.00,8.00
2007.06.14 02:46:43.054,1.0307,1.0309,5.60,8.00
2007.06.14 02:46:51.170,1.0307,1.0309,9.60,8.00
2007.06.14 02:46:51.504,1.0307,1.0309,21.50,4.00
2007.06.14 02:46:51.592,1.0307,1.0309,29.50,4.00
2007.06.14 02:46:51.643,1.0308,1.031,4.00,10.40
2007.06.14 02:46:52.191,1.0308,1.031,4.00,14.40
2007.06.14 02:46:52.342,1.0307,1.0309,13.60,4.00
2007.06.14 02:46:52.370,1.0307,1.0309,5.60,4.00
2007.06.14 02:46:52.398,1.0307,1.0309,5.60,6.40
2007.06.14 02:46:54.682,1.0307,1.0309,9.60,6.40
2007.06.14 02:46:54.739,1.0308,1.0309,4.00,2.40
2007.06.14 02:46:54.774,1.0308,1.03095,4.00,8.00
2007.06.14 02:46:54.913,1.0308,1.031,4.00,10.40
2007.06.14 02:46:57.332,1.0308,1.031,5.60,10.40
2007.06.14 02:46:57.601,1.0308,1.03105,5.60,18.40
2007.06.14 02:46:58.233,1.0308,1.0311,1.60,39.10
2007.06.14 02:46:58.328,1.0308,1.031,1.60,0.80
2007.06.14 02:46:58.414,1.03075,1.0311,8.00,39.20
2007.06.14 02:46:58.497,1.0307,1.03105,20.00,30.40
2007.06.14 02:46:58.745,1.0307,1.031,20.00,0.50
2007.06.14 02:46:58.858,1.0307,1.031,20.00,0.70
2007.06.14 02:46:58.873,1.0307,1.0311,22.40,40.80
2007.06.14 02:46:58.930,1.0308,1.0311,1.60,36.80
2007.06.14 02:46:59.016,1.0308,1.0311,1.60,0.60
2007.06.14 02:46:59.252,1.0309,1.0312,4.00,33.60
2007.06.14 02:46:59.284,1.0309,1.03115,4.00,20.80
2007.06.14 02:46:59.446,1.0309,1.0311,4.00,0.80
2007.06.14 02:46:59.703,1.0309,1.0311,4.00,0.70
2007.06.14 02:46:59.766,1.0309,1.03115,4.00,36.80
2007.06.14 02:46:59.867,1.0308,1.0311,13.60,31.20
2007.06.14 02:46:59.885,1.0308,1.031,5.60,0.60
2007.06.14 02:46:59.903,1.0308,1.03105,5.60,14.40
2007.06.14 02:47:03.016,1.0308,1.0312,13.60,39.10
2007.06.14 02:47:03.097,1.0308,1.03115,21.60,28.70
2007.06.14 02:47:03.299,1.0308,1.03115,24.00,26.30
2007.06.14 02:47:06.751,1.0308,1.03115,26.40,23.90
2007.06.14 02:47:06.804,1.0305,1.0312,2.40,36.80
2007.06.14 02:47:06.954,1.03085,1.0313,8.00,40.80
2007.06.14 02:47:06.994,1.0309,1.0312,1.60,0.70
2007.06.14 02:47:07.732,1.0309,1.03125,13.60,36.80
2007.06.14 02:47:07.871,1.0309,1.0312,16.00,0.80
2007.06.14 02:47:08.111,1.0309,1.0312,13.60,0.90
2007.06.14 02:47:08.250,1.0309,1.0313,5.60,41.60
2007.06.14 02:47:08.850,1.0309,1.0312,9.60,0.60
2007.06.14 02:47:08.852,1.0309,1.0312,12.00,0.70
2007.06.14 02:47:08.986,1.0309,1.03125,20.00,30.40
2007.06.14 02:47:09.977,1.0309,1.0312,20.00,24.80
2007.06.14 02:47:10.019,1.0309,1.0312,12.00,32.80
2007.06.14 02:47:10.182,1.0309,1.0311,9.60,0.60
2007.06.14 02:47:11.047,1.0309,1.0312,5.60,35.20
2007.06.14 02:47:12.327,1.0309,1.0312,1.60,36.80
2007.06.14 02:47:13.770,1.0309,1.0312,1.60,37.60
2007.06.14 02:47:14.780,1.0309,1.0311,1.60,8.00
2007.06.14 02:47:15.608,1.0308,1.031,24.80,0.50
2007.06.14 02:47:15.731,1.0308,1.031,23.20,0.70
2007.06.14 02:47:19.986,1.0308,1.031,15.20,0.80
2007.06.14 02:47:20.029,1.0308,1.0311,12.80,30.30
2007.06.14 02:47:23.909,1.0309,1.0311,4.00,31.90
2007.06.14 02:47:24.338,1.0309,1.03115,4.00,26.30
2007.06.14 02:47:24.420,1.0309,1.0311,4.00,0.80
2007.06.14 02:47:24.476,1.0309,1.03115,6.40,12.00
2007.06.14 02:47:29.808,1.0309,1.0311,8.00,4.00
2007.06.14 02:47:31.474,1.0309,1.0312,19.90,20.80
2007.06.14 02:47:31.573,1.0309,1.0312,23.90,16.80
2007.06.14 02:47:31.604,1.0309,1.0312,28.00,14.40
2007.06.14 02:47:31.714,1.03095,1.0312,8.00,6.40
2007.06.14 02:47:31.772,1.031,1.0312,1.60,4.00
2007.06.14 02:47:32.284,1.031,1.03125,1.60,8.00
2007.06.14 02:47:32.408,1.0309,1.0311,27.90,4.00
2007.06.14 02:47:33.719,1.0309,1.0311,23.90,4.00
2007.06.14 02:47:33.855,1.0309,1.0311,12.00,4.00
2007.06.14 02:47:37.787,1.0309,1.0311,9.60,4.00
2007.06.14 02:47:37.850,1.0309,1.0311,1.60,4.00
2007.06.14 02:47:40.939,1.0309,1.0312,1.60,26.30
2007.06.14 02:47:41.054,1.03085,1.0312,8.00,28.70
2007.06.14 02:47:41.154,1.0306,1.03115,2.40,8.00
2007.06.14 02:47:41.321,1.0308,1.031,26.40,4.00
2007.06.14 02:47:41.685,1.0307,1.031,28.80,4.00
2007.06.14 02:47:45.210,1.0307,1.031,39.20,4.00
2007.06.14 02:47:57.940,1.0308,1.0311,0.50,6.40
2007.06.14 02:48:02.805,1.0308,1.0311,36.80,6.40
2007.06.14 02:48:03.050,1.0307,1.0311,39.20,6.40
2007.06.14 02:48:08.561,1.0308,1.0311,7.10,2.40
2007.06.14 02:48:08.616,1.0305,1.03115,4.80,8.00
2007.06.14 02:48:08.640,1.0308,1.0312,39.20,35.90
2007.06.14 02:48:08.663,1.03085,1.0312,2.70,30.30
2007.06.14 02:48:15.270,1.0309,1.0312,1.60,30.30
2007.06.14 02:48:18.968,1.03085,1.0312,9.60,30.30
2007.06.14 02:48:35.375,1.0309,1.0312,4.80,30.30
2007.06.14 02:48:35.424,1.0309,1.0312,5.70,30.30
2007.06.14 02:48:35.620,1.0308,1.0312,28.80,30.30
2007.06.14 02:48:35.837,1.0308,1.0312,28.80,30.30
2007.06.14 02:48:35.893,1.03085,1.0312,0.60,30.30
2007.06.14 02:48:37.122,1.0308,1.0311,28.80,4.00
2007.06.14 02:48:37.215,1.03085,1.0311,3.00,6.40
2007.06.14 02:48:37.388,1.0308,1.0311,36.00,8.80
2007.06.14 02:48:37.410,1.0307,1.0311,38.40,8.80
2007.06.14 02:48:37.415,1.0307,1.0311,38.40,8.80
2007.06.14 02:48:41.088,1.0307,1.0311,38.40,4.80
2007.06.14 02:48:41.107,1.0308,1.0311,0.80,2.40
2007.06.14 02:48:41.202,1.0308,1.0311,36.80,2.40
2007.06.14 02:48:41.400,1.03085,1.0312,3.90,30.30
2007.06.14 02:48:42.232,1.03085,1.0311,2.60,4.00
2007.06.14 02:48:42.262,1.03075,1.0311,34.40,12.00
2007.06.14 02:48:42.468,1.0308,1.0311,3.80,30.30
2007.06.14 02:48:47.603,1.03075,1.031,18.40,4.00
2007.06.14 02:48:48.545,1.0308,1.03105,10.40,8.00
2007.06.14 02:48:48.605,1.0308,1.0313,10.40,2.40
2007.06.14 02:48:48.637,1.0308,1.0311,10.40,31.90
2007.06.14 02:48:48.755,1.0308,1.0311,10.40,30.30
2007.06.14 02:48:49.135,1.0308,1.0311,18.40,22.30
2007.06.14 02:48:49.250,1.0309,1.0311,4.00,24.70
2007.06.14 02:48:49.341,1.0309,1.0311,4.00,22.30
2007.06.14 02:48:50.132,1.0309,1.0311,4.00,18.30
2007.06.14 02:48:51.591,1.0308,1.0311,24.80,18.30
2007.06.14 02:48:51.729,1.0308,1.0311,24.80,15.90
2007.06.14 02:48:51.763,1.0308,1.0311,20.80,19.90
2007.06.14 02:48:53.253,1.0308,1.03105,10.40,8.00
2007.06.14 02:48:53.518,1.0308,1.03105,12.00,8.00
2007.06.14 02:48:54.034,1.03075,1.03105,20.00,8.00
2007.06.14 02:48:55.542,1.0308,1.0311,3.50,30.30
2007.06.14 02:49:00.715,1.03075,1.0311,24.00,26.30
2007.06.14 02:49:00.792,1.03075,1.0311,38.40,10.40
2007.06.14 02:49:00.895,1.03085,1.0311,0.60,2.40
2007.06.14 02:49:00.921,1.03085,1.0312,9.60,36.80
2007.06.14 02:49:07.790,1.0309,1.03115,0.70,8.00
2007.06.14 02:49:07.834,1.0305,1.03115,4.80,8.00
2007.06.14 02:49:08.221,1.0305,1.0311,4.80,4.00
2007.06.14 02:49:08.343,1.0307,1.0311,28.80,15.90
2007.06.14 02:49:08.498,1.0308,1.0311,5.60,18.30
2007.06.14 02:49:08.524,1.0308,1.0311,2.40,20.70
2007.06.14 02:49:08.795,1.0308,1.0311,6.50,28.70
2007.06.14 02:49:09.340,1.0308,1.0311,2.70,32.70
2007.06.14 02:49:11.294,1.03075,1.0311,21.60,28.70
2007.06.14 02:49:11.367,1.0307,1.0311,28.80,20.70
2007.06.14 02:49:11.419,1.0307,1.0311,38.40,2.40
2007.06.14 02:49:11.431,1.0305,1.03115,4.80,8.00
2007.06.14 02:49:12.507,1.0308,1.0311,2.80,2.40
2007.06.14 02:49:12.600,1.0308,1.0311,4.80,10.40
2007.06.14 02:49:13.827,1.03075,1.0311,24.00,26.30
2007.06.14 02:49:13.995,1.03075,1.03105,24.00,8.00
2007.06.14 02:49:14.811,1.03075,1.03105,20.00,8.00
2007.06.14 02:49:20.624,1.03075,1.03105,16.00,8.00
2007.06.14 02:49:20.760,1.0308,1.03095,3.80,8.00
2007.06.14 02:49:20.780,1.0307,1.0308,16.80,4.00
2007.06.14 02:49:20.850,1.0305,1.0308,34.30,4.00
2007.06.14 02:49:20.869,1.0305,1.0308,36.70,4.00
2007.06.14 02:49:21.019,1.03055,1.0308,32.70,4.00
2007.06.14 02:49:21.050,1.0306,1.0308,10.30,4.00
2007.06.14 02:49:21.289,1.03055,1.0308,26.40,4.00
2007.06.14 02:49:21.307,1.0306,1.0308,1.90,4.00
2007.06.14 02:49:21.362,1.0305,1.0309,28.80,18.30
2007.06.14 02:49:21.463,1.0303,1.0309,4.80,15.90
2007.06.14 02:49:30.394,1.0305,1.0309,28.80,15.90
2007.06.14 02:49:49.233,1.03065,1.0309,8.00,15.90
2007.06.14 02:49:49.320,1.0307,1.0309,6.40,4.00
2007.06.14 02:49:49.491,1.0307,1.0309,8.00,4.00
2007.06.14 02:49:50.788,1.0307,1.0309,8.00,12.00
2007.06.14 02:49:50.856,1.0307,1.0309,1.60,23.90
2007.06.14 02:49:50.974,1.0304,1.0309,2.40,26.30
2007.06.14 02:49:51.250,1.0304,1.0309,2.40,23.90
2007.06.14 02:49:51.288,1.0304,1.0309,2.40,15.90
2007.06.14 02:49:55.743,1.0307,1.0309,6.40,15.90
2007.06.14 02:49:55.861,1.0307,1.0309,6.40,4.00
2007.06.14 02:49:55.944,1.0307,1.0309,8.00,4.00
2007.06.14 02:49:56.861,1.0307,1.0309,1.60,15.90
2007.06.14 02:49:57.246,1.03065,1.0309,8.00,15.90
2007.06.14 02:49:57.421,1.0304,1.0309,2.40,15.90
2007.06.14 02:49:59.295,1.0307,1.0309,1.60,15.90
2007.06.14 02:49:59.909,1.03065,1.0309,8.00,15.90
2007.06.14 02:49:59.971,1.0304,1.0309,2.40,15.90
2007.06.14 02:50:02.495,1.0304,1.0309,1.30,15.90
2007.06.14 02:50:04.177,1.0307,1.0309,4.00,15.90
2007.06.14 02:50:04.317,1.0307,1.0309,4.00,4.00
2007.06.14 02:50:04.365,1.0307,1.0309,5.60,4.00
2007.06.14 02:50:04.482,1.0307,1.0309,8.00,4.00
2007.06.14 02:50:04.681,1.0307,1.0309,10.40,4.00
2007.06.14 02:50:06.238,1.0307,1.0309,6.40,4.00
2007.06.14 02:50:06.402,1.0307,1.0309,4.00,4.00
2007.06.14 02:50:06.414,1.0307,1.0309,1.60,15.90
2007.06.14 02:50:07.248,1.0304,1.0309,2.40,15.90
2007.06.14 02:50:13.279,1.0307,1.03095,11.90,8.00
2007.06.14 02:50:13.465,1.0307,1.03095,13.50,8.00
2007.06.14 02:50:13.471,1.0307,1.031,13.50,10.40
2007.06.14 02:50:23.735,1.0308,1.031,4.00,10.40
2007.06.14 02:50:23.835,1.0308,1.031,6.40,10.40
2007.06.14 02:50:23.905,1.0308,1.031,6.40,2.40
2007.06.14 02:50:23.929,1.0308,1.03105,6.40,8.00
2007.06.14 02:50:26.276,1.0308,1.03105,2.40,8.00
2007.06.14 02:50:26.429,1.0307,1.03105,22.30,8.00
2007.06.14 02:50:26.443,1.0307,1.031,14.30,8.00
2007.06.14 02:50:26.501,1.0307,1.031,14.30,10.40
2007.06.14 02:50:26.574,1.0307,1.031,11.90,10.40
2007.06.14 02:50:31.821,1.0307,1.031,23.90,2.40
2007.06.14 02:50:31.918,1.0307,1.03105,26.30,8.00
2007.06.14 02:50:32.701,1.0307,1.03105,30.30,8.00
2007.06.14 02:50:39.415,1.0307,1.0309,22.30,2.40
2007.06.14 02:50:39.450,1.0307,1.0309,10.40,6.40
2007.06.14 02:50:39.504,1.0307,1.0309,12.00,6.40
2007.06.14 02:50:40.874,1.0308,1.0309,15.90,2.40
2007.06.14 02:50:40.929,1.0308,1.031,18.30,14.40
2007.06.14 02:50:40.950,1.0308,1.031,18.30,2.40
2007.06.14 02:50:41.068,1.0308,1.0311,19.90,24.80
2007.06.14 02:50:41.760,1.0308,1.0311,4.00,36.80
2007.06.14 02:50:41.881,1.0308,1.0311,2.40,36.80
2007.06.14 02:50:41.970,1.0307,1.03105,31.90,8.00
2007.06.14 02:50:43.310,1.0308,1.03105,4.00,8.00
2007.06.14 02:50:43.430,1.0308,1.03105,15.90,8.00
2007.06.14 02:50:43.490,1.0308,1.0311,15.90,27.20
2007.06.14 02:50:44.313,1.0308,1.0311,17.50,27.20
2007.06.14 02:50:44.365,1.0308,1.0311,21.50,23.20
2007.06.14 02:50:46.910,1.0308,1.0312,21.50,29.60
2007.06.14 02:50:53.283,1.0308,1.0311,17.50,0.90
2007.06.14 02:50:53.288,1.0308,1.0314,5.60,4.80
2007.06.14 02:50:53.393,1.0308,1.0314,1.60,4.80
2007.06.14 02:50:53.400,1.0308,1.0311,1.60,39.20
2007.06.14 02:50:53.503,1.0307,1.0311,31.90,39.20
2007.06.14 02:50:53.826,1.0307,1.03105,31.90,10.40
2007.06.14 02:50:53.925,1.0307,1.031,31.90,0.70
2007.06.14 02:50:54.135,1.0307,1.0311,31.90,39.20
2007.06.14 02:50:54.187,1.0307,1.03105,31.90,0.70
2007.06.14 02:50:55.103,1.0307,1.03105,30.30,0.60
2007.06.14 02:50:57.226,1.0307,1.031,26.30,0.70
2007.06.14 02:50:57.340,1.0307,1.03105,10.40,27.90
2007.06.14 02:50:57.397,1.0307,1.03105,8.00,31.90
2007.06.14 02:50:57.506,1.03065,1.031,8.00,31.90
2007.06.14 02:50:59.293,1.0306,1.031,38.40,34.30
2007.06.14 02:50:59.306,1.0306,1.031,36.80,34.30
2007.06.14 02:50:59.709,1.0306,1.031,38.40,34.30
2007.06.14 02:50:59.799,1.03065,1.031,8.00,34.30
2007.06.14 02:51:02.483,1.0307,1.031,11.90,18.40
2007.06.14 02:51:03.648,1.0307,1.0311,19.90,36.80
2007.06.14 02:51:03.701,1.0307,1.031,22.30,0.90
2007.06.14 02:51:04.423,1.0307,1.03095,14.30,0.90
2007.06.14 02:51:04.524,1.0307,1.031,11.90,12.00
2007.06.14 02:51:05.190,1.0307,1.0311,19.90,36.80
2007.06.14 02:51:05.241,1.0307,1.0311,22.30,36.80
2007.06.14 02:51:06.767,1.0307,1.0311,10.40,38.30
2007.06.14 02:51:07.626,1.0307,1.031,8.00,0.90
2007.06.14 02:51:07.745,1.03065,1.03095,8.00,0.50
2007.06.14 02:51:14.969,1.03065,1.031,8.00,27.90
2007.06.14 02:51:15.304,1.0307,1.031,1.60,30.30
2007.06.14 02:51:30.221,1.0307,1.03095,5.60,0.70
2007.06.14 02:51:30.288,1.0307,1.03095,21.50,0.50
2007.06.14 02:51:30.407,1.0307,1.03105,31.90,0.90
2007.06.14 02:51:30.475,1.0307,1.0311,30.30,36.80
2007.06.14 02:51:31.009,1.0308,1.0311,15.90,27.20
2007.06.14 02:51:31.045,1.0308,1.0311,18.30,24.80
2007.06.14 02:51:31.139,1.0308,1.0312,18.30,28.80
2007.06.14 02:51:32.116,1.0308,1.0312,22.30,28.80
2007.06.14 02:51:33.439,1.0308,1.0312,30.30,28.80
2007.06.14 02:51:33.755,1.0308,1.0311,32.70,0.60
2007.06.14 02:51:34.357,1.0308,1.0311,28.70,0.50
2007.06.14 02:51:34.458,1.0308,1.0312,20.70,28.80
2007.06.14 02:51:34.468,1.0308,1.0312,18.30,28.80
2007.06.14 02:51:34.550,1.03075,1.0313,8.00,0.90
2007.06.14 02:51:40.971,1.0308,1.0312,18.30,28.80
2007.06.14 02:51:41.034,1.0308,1.0312,26.30,28.80
2007.06.14 02:51:42.044,1.0308,1.0312,30.30,28.80
2007.06.14 02:52:18.298,1.0308,1.0311,27.90,23.20
2007.06.14 02:52:18.454,1.0308,1.0311,19.90,23.20
2007.06.14 02:52:18.502,1.0308,1.0311,21.50,23.20
2007.06.14 02:52:18.936,1.0308,1.0311,23.90,23.20
2007.06.14 02:52:18.939,1.0306,1.0311,8.80,23.20
2007.06.14 02:52:30.647,1.0306,1.0311,8.80,15.20
2007.06.14 02:52:30.803,1.0306,1.0311,8.80,12.80
2007.06.14 02:52:45.304,1.0308,1.0311,30.30,12.80
2007.06.14 02:52:46.548,1.0308,1.0311,30.30,6.40
2007.06.14 02:52:46.630,1.0308,1.0311,32.70,4.00
2007.06.14 02:52:46.649,1.03085,1.0311,8.00,4.00
2007.06.14 02:52:46.733,1.03085,1.0312,8.00,36.80
2007.06.14 02:52:47.474,1.03085,1.0313,8.00,38.40
2007.06.14 02:52:48.165,1.031,1.0313,4.00,38.40
2007.06.14 02:52:48.188,1.031,1.0315,4.00,4.80
2007.06.14 02:52:49.183,1.031,1.0313,4.00,39.20
2007.06.14 02:52:51.111,1.031,1.0313,4.00,39.20
2007.06.14 02:52:51.220,1.031,1.03125,4.00,32.80
2007.06.14 02:52:51.791,1.031,1.0313,4.00,39.20
2007.06.14 02:52:51.895,1.031,1.0312,4.00,0.90
2007.06.14 02:52:59.080,1.0309,1.0311,14.40,0.60
2007.06.14 02:52:59.168,1.0309,1.0312,10.40,39.20
2007.06.14 02:52:59.313,1.0309,1.0311,8.00,0.90
2007.06.14 02:52:59.377,1.0308,1.03115,36.80,12.00
2007.06.14 02:52:59.624,1.0308,1.0312,36.80,38.40
2007.06.14 02:52:59.733,1.0305,1.0312,2.40,36.80
2007.06.14 02:52:59.898,1.03085,1.0313,8.00,40.80
2007.06.14 02:53:00.395,1.0309,1.0313,1.60,41.60
2007.06.14 02:53:32.661,1.0309,1.0312,1.60,34.40
2007.06.14 02:53:48.221,1.03085,1.0311,8.00,4.00
2007.06.14 02:53:48.431,1.0308,1.0311,36.80,4.00
2007.06.14 02:53:52.924,1.0308,1.03115,36.80,12.00
2007.06.14 02:54:03.768,1.0308,1.03115,34.40,14.40
2007.06.14 02:54:13.662,1.0308,1.0311,34.40,0.60
2007.06.14 02:54:13.746,1.0308,1.03115,36.80,0.50
2007.06.14 02:54:13.815,1.03085,1.0316,8.00,4.80
2007.06.14 02:54:13.958,1.03085,1.0312,8.00,0.50
2007.06.14 02:54:14.050,1.0309,1.0313,1.60,36.80
2007.06.14 02:54:30.662,1.031,1.0312,4.00,34.40
2007.06.14 02:54:30.779,1.031,1.0315,4.00,2.40
2007.06.14 02:54:31.872,1.031,1.0312,4.00,32.80
2007.06.14 02:54:35.233,1.031,1.0312,1.30,32.80
2007.06.14 02:54:43.310,1.0309,1.0312,18.40,30.40
2007.06.14 02:54:43.348,1.0309,1.0312,14.40,34.40
2007.06.14 02:54:43.413,1.0308,1.0312,34.40,34.40
2007.06.14 02:54:43.577,1.0305,1.03115,4.80,8.00
2007.06.14 02:54:52.204,1.0307,1.03115,39.20,8.00
2007.06.14 02:54:52.259,1.0308,1.0312,36.80,32.00
2007.06.14 02:54:52.320,1.03085,1.0312,2.50,23.90
2007.06.14 02:54:52.543,1.0308,1.0312,38.40,22.30
2007.06.14 02:54:52.629,1.0309,1.0312,0.90,22.30
2007.06.14 02:54:52.855,1.03085,1.0312,13.60,22.30
2007.06.14 02:54:53.109,1.03085,1.0312,16.00,19.90
2007.06.14 02:54:53.248,1.0308,1.0312,38.40,11.90
2007.06.14 02:54:53.778,1.0308,1.0312,38.40,19.90
2007.06.14 02:54:53.839,1.0308,1.0312,38.40,22.30
2007.06.14 02:54:54.025,1.0308,1.0312,38.40,14.30
2007.06.14 02:54:54.174,1.0309,1.0312,7.50,11.90
2007.06.14 02:54:54.258,1.0309,1.03125,27.90,8.00
2007.06.14 02:54:54.364,1.031,1.03125,19.90,8.00
2007.06.14 02:54:54.522,1.031,1.0313,19.90,24.80
2007.06.14 02:54:55.288,1.03095,1.0313,23.90,20.80
2007.06.14 02:54:55.373,1.031,1.0311,1.60,4.00
2007.06.14 02:54:55.386,1.03095,1.0311,1.00,4.00
2007.06.14 02:54:55.557,1.0309,1.0311,2.30,4.00
2007.06.14 02:54:55.593,1.03085,1.0311,16.00,4.00
2007.06.14 02:54:55.878,1.03085,1.0311,13.60,4.00
2007.06.14 02:55:01.791,1.03085,1.0312,13.60,26.30
2007.06.14 02:55:01.864,1.0309,1.0312,3.50,22.30
2007.06.14 02:55:02.639,1.0309,1.0312,2.10,19.90
2007.06.14 02:55:02.651,1.0308,1.0312,28.80,11.90
2007.06.14 02:55:05.319,1.0309,1.0312,20.00,14.30
2007.06.14 02:55:05.450,1.0309,1.0312,20.00,22.30
2007.06.14 02:55:05.930,1.0309,1.0312,20.00,19.90
2007.06.14 02:55:05.981,1.0309,1.0312,20.00,11.90
2007.06.14 02:55:08.771,1.0309,1.0312,18.40,11.90
2007.06.14 02:55:10.824,1.031,1.03125,11.90,8.00
2007.06.14 02:55:10.887,1.031,1.03125,14.30,8.00
2007.06.14 02:55:10.916,1.031,1.03125,16.70,8.00
2007.06.14 02:55:11.044,1.031,1.0313,24.70,10.40
2007.06.14 02:55:11.310,1.031,1.0313,16.70,2.40
2007.06.14 02:55:11.324,1.031,1.0313,4.80,2.40
2007.06.14 02:55:11.422,1.031,1.0314,6.40,18.30
2007.06.14 02:55:11.561,1.03105,1.03135,8.00,8.00
2007.06.14 02:55:11.828,1.03105,1.0314,8.00,26.30
2007.06.14 02:55:11.842,1.03105,1.0314,8.00,24.70
2007.06.14 02:55:13.253,1.0311,1.0314,2.40,24.70
2007.06.14 02:55:13.345,1.0313,1.0314,4.00,16.70
2007.06.14 02:55:13.351,1.0313,1.0314,4.00,14.30
2007.06.14 02:55:13.398,1.0313,1.0319,4.00,2.40
2007.06.14 02:55:13.862,1.0313,1.0316,16.00,35.20
2007.06.14 02:55:13.874,1.0313,1.0316,18.40,35.20
2007.06.14 02:55:14.289,1.0313,1.0316,14.40,35.20
2007.06.14 02:55:14.374,1.0313,1.0315,6.40,8.00
2007.06.14 02:55:14.381,1.0313,1.0315,2.40,8.00
2007.06.14 02:55:14.468,1.0313,1.0315,2.40,10.40
2007.06.14 02:55:14.693,1.03115,1.0315,8.00,12.80
2007.06.14 02:55:14.884,1.0311,1.0315,22.30,4.80
2007.06.14 02:55:14.922,1.0314,1.0315,12.00,2.40
2007.06.14 02:55:15.010,1.0314,1.0317,14.40,14.30
2007.06.14 02:55:15.832,1.0314,1.0317,14.40,16.70
2007.06.14 02:55:15.889,1.0314,1.0316,6.40,8.00
2007.06.14 02:55:15.937,1.0314,1.0315,2.40,2.40
2007.06.14 02:55:16.029,1.03125,1.0315,8.00,2.40
2007.06.14 02:55:16.174,1.0312,1.0315,4.00,10.40
2007.06.14 02:55:16.344,1.0312,1.0315,8.00,10.40
2007.06.14 02:55:16.482,1.0312,1.0315,10.40,8.00
2007.06.14 02:55:16.559,1.0312,1.0315,18.30,10.40
2007.06.14 02:55:16.695,1.0312,1.0315,26.30,2.40
2007.06.14 02:55:17.007,1.0312,1.03155,28.70,8.00
2007.06.14 02:55:17.379,1.0312,1.03155,31.10,8.00
2007.06.14 02:55:17.477,1.0314,1.03155,4.00,8.00
2007.06.14 02:55:17.511,1.0315,1.03155,11.90,8.00
2007.06.14 02:55:18.303,1.0313,1.03155,11.20,8.00
2007.06.14 02:55:18.411,1.0315,1.03155,22.40,8.00
2007.06.14 02:55:19.238,1.0315,1.03185,32.80,8.00
2007.06.14 02:55:19.242,1.0315,1.03185,32.80,8.00
2007.06.14 02:55:19.342,1.0315,1.03185,34.40,8.00
2007.06.14 02:55:19.476,1.03155,1.03185,8.00,8.00
2007.06.14 02:55:21.089,1.0317,1.03185,4.00,8.00
2007.06.14 02:55:21.132,1.0317,1.03185,15.90,8.00
2007.06.14 02:55:22.247,1.0317,1.032,18.30,2.40
2007.06.14 02:55:22.291,1.0317,1.032,26.30,2.40
2007.06.14 02:55:23.650,1.0317,1.03205,26.30,10.40
2007.06.14 02:55:23.887,1.0317,1.032,6.40,0.70
2007.06.14 02:55:24.019,1.0317,1.0321,4.00,38.30
2007.06.14 02:55:24.986,1.03165,1.0321,8.00,38.30
2007.06.14 02:55:25.015,1.0317,1.032,1.60,0.70
2007.06.14 02:55:26.922,1.0317,1.032,1.60,32.80
2007.06.14 02:55:26.952,1.0317,1.032,5.60,39.20
2007.06.14 02:55:27.864,1.0317,1.032,5.60,40.80
2007.06.14 02:55:27.879,1.0317,1.0322,5.60,0.50
2007.06.14 02:55:27.954,1.0317,1.0321,5.60,39.20
2007.06.14 02:55:33.881,1.0317,1.032,5.60,39.20
2007.06.14 02:55:33.955,1.0317,1.0319,5.60,0.70
2007.06.14 02:55:34.543,1.0317,1.0319,5.60,0.50
2007.06.14 02:55:34.561,1.0317,1.0319,4.00,0.70
2007.06.14 02:55:36.205,1.0317,1.0319,4.00,0.80
2007.06.14 02:55:36.312,1.0317,1.032,4.00,39.10
2007.06.14 02:55:36.401,1.0317,1.032,4.00,39.10
2007.06.14 02:55:36.844,1.0316,1.032,22.40,36.70
2007.06.14 02:55:37.016,1.0316,1.032,18.40,36.70
2007.06.14 02:55:37.044,1.0316,1.0319,14.40,0.50
2007.06.14 02:55:37.112,1.0316,1.032,4.00,36.70
2007.06.14 02:55:37.352,1.0316,1.032,1.60,40.70
2007.06.14 02:55:37.461,1.0316,1.032,1.60,40.80
2007.06.14 02:55:38.809,1.0316,1.0318,1.60,0.90
2007.06.14 02:55:39.300,1.03155,1.0318,8.00,0.70
2007.06.14 02:55:39.494,1.0315,1.0318,14.40,22.30
2007.06.14 02:55:40.795,1.0315,1.0317,12.80,0.50
2007.06.14 02:55:41.318,1.0315,1.0318,12.80,0.50
2007.06.14 02:55:41.487,1.0315,1.0318,4.80,0.50
2007.06.14 02:55:41.496,1.0315,1.0318,2.40,0.90
2007.06.14 02:55:41.772,1.0315,1.0318,2.40,14.40
2007.06.14 02:55:42.371,1.0315,1.03175,2.40,19.90
2007.06.14 02:55:43.349,1.0315,1.0317,2.40,0.60
2007.06.14 02:55:43.657,1.0315,1.0318,2.40,31.90
2007.06.14 02:55:44.952,1.0314,1.0315,4.00,0.50
2007.06.14 02:55:45.022,1.03135,1.0316,8.00,18.30
2007.06.14 02:55:45.595,1.0313,1.0316,14.40,28.70
2007.06.14 02:55:45.887,1.0313,1.0315,10.40,15.90
2007.06.14 02:55:45.908,1.0313,1.0314,6.40,0.60
2007.06.14 02:55:46.004,1.03125,1.0316,8.00,18.40
2007.06.14 02:55:46.119,1.0312,1.0314,2.40,19.90
2007.06.14 02:55:46.270,1.0311,1.0314,16.80,0.50
2007.06.14 02:55:48.840,1.0311,1.0312,14.40,0.90
2007.06.14 02:55:48.966,1.0311,1.0312,12.00,0.50
2007.06.14 02:55:49.476,1.0311,1.0313,14.40,15.90
2007.06.14 02:55:49.880,1.0311,1.0315,10.40,22.40
2007.06.14 02:55:49.891,1.0311,1.0312,6.40,0.50
2007.06.14 02:55:49.995,1.031,1.03125,12.00,19.90
2007.06.14 02:55:50.094,1.031,1.03125,4.00,19.90
2007.06.14 02:55:50.401,1.031,1.03125,4.00,23.90
2007.06.14 02:55:50.455,1.031,1.0312,4.00,23.90
2007.06.14 02:55:50.495,1.03085,1.0312,8.00,16.00
2007.06.14 02:55:50.698,1.0308,1.03115,22.40,0.90
2007.06.14 02:55:50.781,1.0308,1.0312,20.80,16.00
2007.06.14 02:55:52.018,1.0308,1.03115,32.80,0.70
2007.06.14 02:55:52.208,1.0308,1.0312,34.40,26.30
2007.06.14 02:55:52.224,1.03085,1.0313,8.00,36.70
2007.06.14 02:55:52.494,1.03085,1.0312,8.00,0.80
2007.06.14 02:55:52.715,1.03085,1.0312,8.00,0.80
2007.06.14 02:55:52.743,1.0308,1.03115,22.40,0.90
2007.06.14 02:55:53.087,1.0308,1.0312,20.80,16.00
2007.06.14 02:55:53.407,1.0308,1.0311,14.40,14.30
2007.06.14 02:55:53.504,1.0308,1.0311,6.40,22.30
2007.06.14 02:55:53.527,1.0308,1.031,2.40,0.80
2007.06.14 02:55:53.728,1.03075,1.0311,8.00,24.70
2007.06.14 02:55:54.444,1.03075,1.0312,8.00,24.80
2007.06.14 02:55:54.533,1.0307,1.0309,14.40,0.60
2007.06.14 02:55:54.575,1.0307,1.031,10.40,22.30
2007.06.14 02:55:56.473,1.0307,1.031,4.00,28.70
2007.06.14 02:55:56.502,1.03065,1.031,8.00,27.20
2007.06.14 02:55:56.563,1.0306,1.0309,12.00,0.70
2007.06.14 02:55:56.608,1.0306,1.031,8.00,24.80
2007.06.14 02:55:56.841,1.0306,1.03085,8.00,0.80
2007.06.14 02:55:56.983,1.0306,1.03085,4.00,0.90
2007.06.14 02:55:57.001,1.0306,1.03085,5.60,0.80
2007.06.14 02:55:58.967,1.0306,1.0309,9.60,12.80
2007.06.14 02:55:59.071,1.0306,1.03085,12.00,0.80
2007.06.14 02:55:59.126,1.0306,1.03095,20.00,10.40
2007.06.14 02:55:59.220,1.0306,1.031,22.40,23.20
2007.06.14 02:56:00.403,1.0306,1.0308,16.00,15.90
2007.06.14 02:56:00.461,1.0306,1.0308,12.00,18.30
2007.06.14 02:56:00.911,1.0306,1.0307,4.00,0.80
2007.06.14 02:56:01.373,1.0305,1.0308,6.40,28.70
2007.06.14 02:56:01.506,1.0305,1.0307,6.40,0.70
2007.06.14 02:56:02.959,1.0305,1.0308,6.40,28.70
2007.06.14 02:56:03.018,1.0305,1.0308,2.40,20.80
2007.06.14 02:56:03.168,1.0304,1.0306,20.00,14.30
2007.06.14 02:56:03.221,1.0304,1.0305,16.00,0.90
2007.06.14 02:56:03.965,1.0304,1.0305,12.00,0.50
2007.06.14 02:56:03.992,1.0304,1.0305,4.00,0.60
2007.06.14 02:56:05.557,1.0303,1.03035,4.00,12.00
2007.06.14 02:56:05.631,1.03005,1.0303,8.00,0.90
2007.06.14 02:56:05.941,1.0301,1.0302,1.60,0.60
2007.06.14 02:56:06.969,1.03005,1.0303,8.00,18.30
2007.06.14 02:56:07.049,1.03,1.0302,2.40,0.90
2007.06.14 02:56:08.162,1.03,1.0303,4.00,26.30
2007.06.14 02:56:08.470,1.03,1.0303,8.00,26.30
2007.06.14 02:56:08.530,1.03,1.0303,12.00,22.30
2007.06.14 02:56:09.047,1.03,1.0303,5.60,28.70
2007.06.14 02:56:09.118,1.03,1.0302,5.60,0.70
2007.06.14 02:56:09.134,1.0299,1.0303,1.60,20.80
2007.06.14 02:56:09.385,1.0299,1.03005,1.60,19.90
2007.06.14 02:56:09.586,1.0299,1.0303,1.60,24.70
2007.06.14 02:56:09.750,1.0299,1.0302,4.00,0.90
2007.06.14 02:56:09.898,1.0299,1.0301,2.40,10.40
2007.06.14 02:56:09.914,1.0299,1.03015,2.40,10.40
2007.06.14 02:56:09.977,1.0299,1.0301,2.40,0.70
2007.06.14 02:56:10.152,1.0299,1.0301,2.40,0.90
2007.06.14 02:56:10.281,1.0299,1.0302,4.00,28.70
2007.06.14 02:56:10.388,1.0299,1.0301,2.40,0.50
2007.06.14 02:56:11.967,1.0299,1.0302,2.40,16.80
2007.06.14 02:56:11.999,1.0298,1.0302,5.60,19.20
2007.06.14 02:56:12.028,1.0298,1.0301,1.60,0.50
2007.06.14 02:56:12.458,1.0298,1.0301,1.60,0.80
2007.06.14 02:56:12.502,1.0299,1.0301,2.40,0.80
2007.06.14 02:56:12.910,1.0298,1.0302,5.60,35.10
2007.06.14 02:56:12.958,1.0298,1.0301,5.60,26.30
2007.06.14 02:56:12.968,1.0298,1.0299,1.60,0.80
2007.06.14 02:56:13.079,1.0297,1.0299,4.00,0.50
2007.06.14 02:56:13.470,1.0297,1.03,4.00,0.70
2007.06.14 02:56:13.526,1.0297,1.0301,1.60,23.20
2007.06.14 02:56:14.446,1.0297,1.0301,1.60,23.20
2007.06.14 02:56:15.009,1.0297,1.03,1.60,16.80
2007.06.14 02:56:15.023,1.0296,1.02995,22.40,0.50
2007.06.14 02:56:16.496,1.0296,1.0299,22.40,0.80
2007.06.14 02:56:16.637,1.0296,1.02995,26.40,19.90
2007.06.14 02:56:16.694,1.0297,1.02995,2.40,19.90
2007.06.14 02:56:17.227,1.0297,1.03,2.40,32.80
2007.06.14 02:56:17.329,1.0297,1.03,2.40,0.60
2007.06.14 02:56:17.363,1.0297,1.03,2.40,0.50
2007.06.14 02:56:17.540,1.0297,1.03,4.00,0.80
2007.06.14 02:56:17.721,1.0297,1.03,8.00,0.80
2007.06.14 02:56:18.072,1.0297,1.03,16.00,0.90
2007.06.14 02:56:18.079,1.0297,1.03005,18.40,24.00
2007.06.14 02:56:18.362,1.0297,1.03005,18.40,26.40
2007.06.14 02:56:18.505,1.0297,1.03,18.40,18.30
2007.06.14 02:56:19.260,1.0297,1.03,14.40,22.30
2007.06.14 02:56:19.403,1.0297,1.03,6.40,30.30
2007.06.14 02:56:19.518,1.0297,1.0299,8.00,0.70
2007.06.14 02:56:19.883,1.0297,1.03,12.00,22.30
2007.06.14 02:56:20.512,1.0297,1.0299,9.60,0.80
2007.06.14 02:56:21.526,1.0297,1.03,5.60,28.70
2007.06.14 02:56:22.184,1.0297,1.0301,5.60,35.10
2007.06.14 02:56:22.268,1.0297,1.0301,9.60,35.10
2007.06.14 02:56:23.289,1.0298,1.0301,4.00,39.10
2007.06.14 02:56:23.710,1.0298,1.03,4.00,0.90
2007.06.14 02:56:23.825,1.0298,1.03005,4.00,26.30
2007.06.14 02:56:23.876,1.0298,1.03,4.00,0.80
2007.06.14 02:56:23.902,1.0298,1.03,4.00,0.50
2007.06.14 02:56:24.008,1.0298,1.03,6.40,0.90
2007.06.14 02:56:24.407,1.0298,1.03,2.40,0.60
2007.06.14 02:56:24.517,1.0297,1.03005,22.40,19.90
2007.06.14 02:56:24.933,1.0297,1.0299,22.40,0.80
2007.06.14 02:56:25.032,1.0297,1.0298,20.00,0.70
2007.06.14 02:56:25.108,1.02975,1.0298,8.00,0.80
2007.06.14 02:56:25.472,1.0298,1.03,1.60,18.30
2007.06.14 02:56:25.630,1.0297,1.0298,9.60,0.70
2007.06.14 02:56:26.049,1.0297,1.0299,5.60,15.90
2007.06.14 02:56:27.996,1.0297,1.0298,9.60,0.80
2007.06.14 02:56:28.136,1.0297,1.03,9.60,0.90
2007.06.14 02:56:28.207,1.0297,1.03,12.00,0.90
2007.06.14 02:56:28.443,1.02975,1.0301,8.00,28.70
2007.06.14 02:56:28.450,1.0298,1.03,1.60,0.80
2007.06.14 02:56:32.129,1.0298,1.0301,12.00,14.30
2007.06.14 02:56:32.133,1.0298,1.0302,18.40,27.20
2007.06.14 02:56:33.039,1.0298,1.0302,22.40,27.20
2007.06.14 02:56:38.693,1.0298,1.03015,18.40,0.80
2007.06.14 02:56:38.780,1.0298,1.0302,16.00,27.20
2007.06.14 02:56:38.866,1.0298,1.0301,13.60,20.70
2007.06.14 02:56:38.894,1.0298,1.03,5.60,0.70
2007.06.14 02:56:38.962,1.0298,1.0301,5.60,25.50
2007.06.14 02:56:40.207,1.0298,1.03,1.60,0.90
2007.06.14 02:56:41.012,1.0297,1.03005,26.40,16.70
2007.06.14 02:56:43.452,1.0297,1.03,26.40,0.70
2007.06.14 02:56:43.483,1.0297,1.03,18.40,0.70
2007.06.14 02:56:43.567,1.0297,1.03,16.00,0.50
2007.06.14 02:56:43.797,1.0297,1.03005,24.00,23.10
2007.06.14 02:56:43.988,1.0297,1.03005,26.40,20.70
2007.06.14 02:56:44.583,1.0297,1.03005,24.80,20.70
2007.06.14 02:56:44.700,1.0297,1.03005,26.40,21.50
2007.06.14 02:56:44.798,1.02975,1.0301,8.00,26.30
2007.06.14 02:56:45.042,1.0297,1.03,26.40,0.80
2007.06.14 02:56:45.200,1.0297,1.03,24.80,0.90
2007.06.14 02:56:45.519,1.0297,1.03,24.80,0.80
2007.06.14 02:56:45.592,1.0297,1.03,27.20,0.60
2007.06.14 02:56:45.858,1.0297,1.03005,24.80,17.50
2007.06.14 02:56:46.000,1.0297,1.03005,26.40,17.50
2007.06.14 02:56:46.125,1.02975,1.03005,8.00,17.50
2007.06.14 02:56:46.836,1.0298,1.03005,4.00,17.50
2007.06.14 02:56:46.944,1.0298,1.03,6.40,0.50
2007.06.14 02:56:47.027,1.0298,1.0301,2.40,0.90
2007.06.14 02:56:47.860,1.0298,1.0301,6.40,0.90
2007.06.14 02:56:48.376,1.03,1.0302,4.00,30.30
2007.06.14 02:56:48.437,1.0299,1.0302,4.00,30.30
2007.06.14 02:56:48.469,1.0299,1.03015,4.00,19.90
2007.06.14 02:56:48.569,1.0299,1.0301,4.00,11.90
2007.06.14 02:56:48.899,1.0298,1.03,20.80,0.70
2007.06.14 02:56:49.701,1.0298,1.03015,20.80,8.00
2007.06.14 02:56:50.070,1.0298,1.03015,23.20,8.00
2007.06.14 02:56:50.127,1.0298,1.03015,20.80,8.00
2007.06.14 02:56:50.225,1.0298,1.03,20.80,14.30
2007.06.14 02:56:50.499,1.0298,1.03,18.40,10.30
2007.06.14 02:56:50.532,1.0298,1.03015,20.80,8.00
2007.06.14 02:56:51.535,1.0298,1.03015,23.20,8.00
2007.06.14 02:56:52.646,1.0298,1.03015,20.80,8.00
2007.06.14 02:56:53.533,1.0298,1.03015,23.20,8.00
2007.06.14 02:56:53.732,1.0298,1.03,20.80,14.30
2007.06.14 02:56:54.029,1.0298,1.03,18.40,14.30
2007.06.14 02:56:54.084,1.0298,1.03,10.40,14.30
2007.06.14 02:56:54.664,1.0298,1.03,6.40,14.30
2007.06.14 02:56:54.777,1.0298,1.03,6.40,15.10
2007.06.14 02:56:56.618,1.0298,1.03,4.00,15.10
2007.06.14 02:56:58.251,1.02975,1.03,8.00,15.10
2007.06.14 02:56:58.341,1.02975,1.03,8.00,17.50
2007.06.14 02:56:58.447,1.0297,1.03,22.40,17.50
2007.06.14 02:56:59.621,1.0297,1.03,22.40,18.30
2007.06.14 02:57:00.942,1.0297,1.0299,18.40,4.00
2007.06.14 02:57:01.075,1.0297,1.0298,18.40,11.90
2007.06.14 02:57:01.121,1.0297,1.0298,14.40,11.90
2007.06.14 02:57:01.170,1.0297,1.0298,8.00,11.90
2007.06.14 02:57:01.225,1.0296,1.0298,27.20,11.90
2007.06.14 02:57:03.992,1.0296,1.0298,29.60,11.90
2007.06.14 02:57:04.082,1.0297,1.0298,8.00,11.90
2007.06.14 02:57:04.102,1.0297,1.0298,12.00,11.90
2007.06.14 02:57:04.145,1.0297,1.03,16.00,34.40
2007.06.14 02:57:04.240,1.0297,1.03,18.40,32.80
2007.06.14 02:57:04.543,1.0297,1.03,14.40,20.80
2007.06.14 02:57:04.617,1.0297,1.03,10.40,24.80
2007.06.14 02:57:04.671,1.0297,1.03,8.00,24.80
2007.06.14 02:57:04.843,1.02965,1.03,8.00,24.80
2007.06.14 02:57:06.467,1.0297,1.03,4.00,24.80
2007.06.14 02:57:06.596,1.0297,1.03,8.80,34.40
2007.06.14 02:57:06.605,1.0297,1.03,16.80,34.40
2007.06.14 02:57:06.781,1.0297,1.03,16.80,32.00
2007.06.14 02:57:06.862,1.0297,1.03,16.80,24.00
2007.06.14 02:57:07.585,1.0297,1.03,16.80,12.00
2007.06.14 02:57:07.611,1.0297,1.03,16.80,20.00
2007.06.14 02:57:07.615,1.0297,1.03,14.40,22.40
2007.06.14 02:57:07.692,1.0297,1.03,10.40,22.40
2007.06.14 02:57:10.042,1.0297,1.03,14.40,36.80
2007.06.14 02:57:10.070,1.0297,1.03,16.80,34.40
2007.06.14 02:57:10.146,1.0297,1.03,16.80,32.00
2007.06.14 02:57:10.155,1.0297,1.03,16.80,24.00
2007.06.14 02:57:10.551,1.0297,1.03,12.80,12.00
2007.06.14 02:57:10.571,1.0297,1.03,10.40,12.00
2007.06.14 02:57:10.677,1.0297,1.03,10.40,22.40
2007.06.14 02:57:11.152,1.0297,1.0298,8.00,11.90
2007.06.14 02:57:11.189,1.0296,1.0298,22.40,11.90
2007.06.14 02:57:13.469,1.0296,1.0298,24.80,11.90
2007.06.14 02:57:13.493,1.0296,1.0299,36.80,6.40
2007.06.14 02:57:13.598,1.0296,1.0299,36.80,2.40
2007.06.14 02:57:13.671,1.0296,1.02995,39.20,8.00
2007.06.14 02:57:13.694,1.0297,1.02995,2.40,8.00
2007.06.14 02:57:13.723,1.0297,1.03,10.40,16.70
2007.06.14 02:57:13.802,1.0297,1.03,10.40,14.30
2007.06.14 02:57:14.002,1.0297,1.03,14.40,14.30
2007.06.14 02:57:14.076,1.0297,1.03,16.80,11.90
2007.06.14 02:57:14.399,1.0297,1.03,18.40,11.90
2007.06.14 02:57:14.501,1.0297,1.03,14.40,11.90
2007.06.14 02:57:14.510,1.02975,1.03,8.00,11.90
2007.06.14 02:57:14.629,1.0296,1.0297,4.00,11.90
2007.06.14 02:57:14.814,1.02945,1.0298,8.00,24.80
2007.06.14 02:57:15.226,1.02945,1.0296,8.00,11.90
2007.06.14 02:57:15.240,1.0294,1.0296,24.80,11.90
2007.06.14 02:57:15.321,1.0294,1.0296,26.40,11.90
2007.06.14 02:57:15.547,1.0294,1.0296,22.40,11.90
2007.06.14 02:57:15.637,1.0294,1.0296,18.40,11.90
2007.06.14 02:57:15.754,1.0294,1.0297,18.40,10.40
2007.06.14 02:57:15.874,1.029,1.0297,2.40,10.40
2007.06.14 02:57:16.029,1.0292,1.0297,8.00,2.40
2007.06.14 02:57:16.043,1.0292,1.0297,10.40,2.40
2007.06.14 02:57:16.066,1.0294,1.0295,6.40,11.90
2007.06.14 02:57:16.543,1.0294,1.0297,6.40,10.40
2007.06.14 02:57:16.646,1.0294,1.0297,4.00,12.80
2007.06.14 02:57:16.667,1.02935,1.0295,8.00,11.90
2007.06.14 02:57:16.798,1.02935,1.0297,8.00,12.80
2007.06.14 02:57:16.808,1.0293,1.0295,6.40,11.90
2007.06.14 02:57:16.885,1.0293,1.0295,4.00,11.90
2007.06.14 02:57:17.564,1.0293,1.0295,1.60,14.30
2007.06.14 02:57:17.629,1.0292,1.0295,12.00,14.30
2007.06.14 02:57:17.816,1.0292,1.0295,4.00,22.30
2007.06.14 02:57:17.924,1.0292,1.0295,1.60,24.70
2007.06.14 02:57:18.070,1.0292,1.02945,1.60,8.00
2007.06.14 02:57:18.628,1.0292,1.0293,1.60,11.90
2007.06.14 02:57:19.040,1.0291,1.0293,4.00,11.90
2007.06.14 02:57:19.450,1.0291,1.0293,1.60,11.90
2007.06.14 02:57:20.068,1.0291,1.02935,1.60,8.00
2007.06.14 02:57:20.101,1.0291,1.0294,9.60,16.70
2007.06.14 02:57:20.171,1.0291,1.0294,12.00,14.30
2007.06.14 02:57:20.217,1.0291,1.0294,12.00,0.60
2007.06.14 02:57:20.398,1.0292,1.0294,1.60,0.50
2007.06.14 02:57:20.463,1.0292,1.02945,1.60,19.90
2007.06.14 02:57:20.712,1.0292,1.0296,1.60,36.80
2007.06.14 02:57:21.114,1.0292,1.0296,1.60,32.80
2007.06.14 02:57:21.206,1.0292,1.0296,1.60,28.70
2007.06.14 02:57:21.813,1.02915,1.0295,8.00,24.70
2007.06.14 02:57:21.914,1.0291,1.02945,14.40,8.00
2007.06.14 02:57:21.995,1.0291,1.02945,16.80,8.00
2007.06.14 02:57:22.109,1.0291,1.02945,20.80,8.00
2007.06.14 02:57:22.305,1.0291,1.02945,18.40,8.00
2007.06.14 02:57:22.620,1.0293,1.02945,10.40,8.00
2007.06.14 02:57:22.653,1.0293,1.02945,14.40,8.00
2007.06.14 02:57:23.063,1.0293,1.02945,18.40,8.00
2007.06.14 02:57:23.213,1.0293,1.02965,26.40,8.00
2007.06.14 02:57:23.525,1.0293,1.02965,22.40,8.00
2007.06.14 02:57:23.547,1.0293,1.02965,18.40,8.00
2007.06.14 02:57:23.650,1.0294,1.02965,1.60,8.00
2007.06.14 02:57:23.762,1.0294,1.0297,1.60,12.80
2007.06.14 02:57:23.784,1.0294,1.0296,1.60,11.90
2007.06.14 02:57:25.088,1.0294,1.0295,1.60,4.00
2007.06.14 02:57:25.103,1.0294,1.0295,1.60,6.40
2007.06.14 02:57:25.194,1.0294,1.0295,1.60,14.30
2007.06.14 02:57:25.283,1.0294,1.0295,1.60,22.30
2007.06.14 02:57:25.421,1.0292,1.0294,9.60,11.90
2007.06.14 02:57:26.240,1.0292,1.0294,5.60,11.90
2007.06.14 02:57:28.145,1.0292,1.0297,9.60,13.60
2007.06.14 02:57:28.166,1.0293,1.0297,2.40,16.00
2007.06.14 02:57:28.317,1.0293,1.0295,2.40,14.30
2007.06.14 02:57:28.337,1.0293,1.0295,4.00,11.90
2007.06.14 02:57:35.557,1.0293,1.0295,4.00,15.90
2007.06.14 02:57:35.623,1.0293,1.0295,1.60,22.30
2007.06.14 02:57:35.658,1.0293,1.0294,1.60,11.90
2007.06.14 02:57:35.754,1.02925,1.0294,8.00,11.90
2007.06.14 02:57:35.802,1.0292,1.0294,16.00,11.90
2007.06.14 02:57:36.074,1.0293,1.0295,4.00,26.40
2007.06.14 02:57:36.360,1.0293,1.0295,5.60,26.40
2007.06.14 02:57:36.549,1.0293,1.0294,1.60,4.00
2007.06.14 02:57:36.649,1.0293,1.0294,1.60,10.40
2007.06.14 02:57:36.789,1.0293,1.0294,1.60,18.30
2007.06.14 02:57:36.830,1.0293,1.0294,1.60,26.30
2007.06.14 02:57:36.883,1.0292,1.0293,4.00,11.90
2007.06.14 02:57:37.619,1.0291,1.0293,5.60,15.90
2007.06.14 02:57:37.656,1.0291,1.0293,5.60,18.30
2007.06.14 02:57:39.527,1.0291,1.0293,5.60,14.30
2007.06.14 02:57:39.780,1.0291,1.0293,5.60,2.40
2007.06.14 02:57:39.912,1.0291,1.0294,5.60,24.70
2007.06.14 02:57:40.528,1.0291,1.0294,9.60,24.70
2007.06.14 02:57:40.579,1.0292,1.0294,4.00,24.70
2007.06.14 02:57:40.754,1.0292,1.0294,4.00,22.30
2007.06.14 02:57:41.778,1.0292,1.0294,8.00,22.30
2007.06.14 02:57:41.956,1.0292,1.0294,12.00,19.90
2007.06.14 02:57:42.247,1.0292,1.0294,20.00,11.90
2007.06.14 02:57:44.016,1.02925,1.0294,8.00,11.90
2007.06.14 02:57:44.046,1.0293,1.0294,1.60,11.90
2007.06.14 02:57:45.039,1.0293,1.0294,9.60,11.90
2007.06.14 02:57:45.181,1.0293,1.0296,12.00,27.20
2007.06.14 02:57:49.630,1.0293,1.0296,16.00,24.80
2007.06.14 02:57:49.642,1.0293,1.0296,16.00,16.80
2007.06.14 02:57:49.698,1.0293,1.0296,18.40,14.40
2007.06.14 02:57:49.745,1.0293,1.0296,18.40,24.00
2007.06.14 02:57:49.816,1.0293,1.0296,16.80,24.00
2007.06.14 02:57:50.725,1.0293,1.0296,20.80,20.00
2007.06.14 02:57:52.106,1.0293,1.0295,20.80,4.00
2007.06.14 02:57:52.325,1.0293,1.0295,10.40,4.00
2007.06.14 02:57:52.752,1.0293,1.0295,18.40,4.00
2007.06.14 02:57:52.768,1.0293,1.0295,14.40,4.00
2007.06.14 02:57:52.817,1.0293,1.0295,16.80,4.00
2007.06.14 02:57:53.515,1.0293,1.0295,8.80,4.00
2007.06.14 02:57:53.523,1.0293,1.0295,6.40,4.00
2007.06.14 02:57:53.728,1.0293,1.0295,10.40,4.00
2007.06.14 02:57:53.982,1.0293,1.0296,10.40,30.40
2007.06.14 02:57:54.374,1.0293,1.0295,10.40,4.00
2007.06.14 02:57:55.243,1.0293,1.0295,6.40,4.00
2007.06.14 02:57:57.091,1.0293,1.0295,2.40,4.00
2007.06.14 02:57:57.212,1.02925,1.0295,8.00,6.40
2007.06.14 02:57:57.235,1.02925,1.0294,8.00,11.90
2007.06.14 02:57:57.387,1.0292,1.0294,22.40,11.90
2007.06.14 02:57:59.014,1.0292,1.0294,20.00,11.90
2007.06.14 02:57:59.163,1.0292,1.0294,12.00,11.90
2007.06.14 02:57:59.782,1.0293,1.0294,4.00,11.90
2007.06.14 02:57:59.996,1.0293,1.0294,6.40,11.90
2007.06.14 02:58:00.719,1.0293,1.0295,10.40,26.30
2007.06.14 02:58:00.736,1.0293,1.0295,8.00,26.30
2007.06.14 02:58:00.831,1.0293,1.0295,4.00,26.30
2007.06.14 02:58:01.140,1.0293,1.0295,4.00,28.70
2007.06.14 02:58:02.337,1.0293,1.0295,4.00,20.70
2007.06.14 02:58:02.473,1.0293,1.0294,4.00,11.90
2007.06.14 02:58:02.568,1.02925,1.0294,8.00,11.90
2007.06.14 02:58:03.105,1.02925,1.0294,8.00,15.90
2007.06.14 02:58:03.310,1.02925,1.0294,8.00,19.90
2007.06.14 02:58:03.389,1.02925,1.0293,8.00,11.90
2007.06.14 02:58:04.631,1.0292,1.0293,10.40,11.90
2007.06.14 02:58:04.657,1.0292,1.0294,10.40,11.90
2007.06.14 02:58:04.865,1.0292,1.0294,8.00,11.90
2007.06.14 02:58:04.887,1.02915,1.0294,8.00,11.90
2007.06.14 02:58:05.875,1.0292,1.0294,2.40,11.90
2007.06.14 02:58:05.950,1.0292,1.0294,10.40,11.90
2007.06.14 02:58:06.241,1.0293,1.0295,4.00,22.30
2007.06.14 02:58:06.297,1.0293,1.0295,4.00,10.40
2007.06.14 02:58:06.497,1.0293,1.0295,6.40,10.40
2007.06.14 02:58:06.738,1.0293,1.0295,6.40,2.40
2007.06.14 02:58:06.802,1.0294,1.0295,2.40,2.40
2007.06.14 02:58:06.814,1.0294,1.02955,2.40,8.00
2007.06.14 02:58:06.907,1.0293,1.02955,6.40,8.00
2007.06.14 02:58:07.168,1.0293,1.02955,2.40,8.00
2007.06.14 02:58:07.218,1.0289,1.02955,2.40,8.00
2007.06.14 02:58:07.228,1.0292,1.0294,28.80,11.90
2007.06.14 02:58:07.334,1.0292,1.0294,24.80,11.90
2007.06.14 02:58:08.239,1.0292,1.0294,26.40,11.90
2007.06.14 02:58:08.327,1.02925,1.0294,8.00,11.90
2007.06.14 02:58:08.587,1.0292,1.0294,24.80,11.90
2007.06.14 02:58:08.651,1.0292,1.0295,36.80,4.00
2007.06.14 02:58:08.768,1.0292,1.02955,36.80,8.00
2007.06.14 02:58:09.716,1.0293,1.02955,2.40,8.00
2007.06.14 02:58:10.090,1.0293,1.02955,6.40,8.00
2007.06.14 02:58:10.120,1.02935,1.0296,8.00,4.00
2007.06.14 02:58:10.337,1.02935,1.0296,8.00,6.40
2007.06.14 02:58:11.001,1.02935,1.0296,8.00,11.20
2007.06.14 02:58:11.128,1.0293,1.0296,10.40,19.20
2007.06.14 02:58:11.203,1.0293,1.0296,14.40,19.20
2007.06.14 02:58:11.258,1.0293,1.0296,14.40,23.20
2007.06.14 02:58:11.332,1.0293,1.0295,14.40,4.00
2007.06.14 02:58:11.460,1.0293,1.0295,14.40,6.40
2007.06.14 02:58:11.526,1.0293,1.0295,12.00,6.40
2007.06.14 02:58:11.665,1.0293,1.0295,4.00,6.40
2007.06.14 02:58:12.180,1.0293,1.0295,8.00,6.40
2007.06.14 02:58:12.701,1.0293,1.0295,4.00,6.40
2007.06.14 02:58:14.349,1.0293,1.0295,6.40,6.40
2007.06.14 02:58:14.474,1.0293,1.0295,14.40,6.40
2007.06.14 02:58:15.036,1.0293,1.0295,12.00,6.40
2007.06.14 02:58:15.177,1.0293,1.0294,8.00,11.90
2007.06.14 02:58:15.262,1.02925,1.0294,8.00,11.90
2007.06.14 02:58:18.273,1.0293,1.0294,8.00,11.90
2007.06.14 02:58:18.294,1.0293,1.0294,12.00,11.90
2007.06.14 02:58:18.388,1.0293,1.0295,14.40,6.40
2007.06.14 02:58:19.780,1.0293,1.0295,14.40,0.70
2007.06.14 02:58:23.700,1.0293,1.0295,20.80,0.60
2007.06.14 02:58:23.720,1.0293,1.02965,20.80,28.00
2007.06.14 02:58:23.826,1.0293,1.02965,26.40,19.90
2007.06.14 02:58:23.902,1.02935,1.0296,8.00,0.50
2007.06.14 02:58:23.910,1.0294,1.0296,1.60,0.80
2007.06.14 02:58:25.655,1.0295,1.0297,4.00,24.70
2007.06.14 02:58:25.751,1.0295,1.0297,4.00,0.70
2007.06.14 02:58:26.065,1.0295,1.0297,4.00,0.80
2007.06.14 02:58:26.311,1.0295,1.0298,8.00,35.10
2007.06.14 02:58:27.338,1.0295,1.0298,8.00,35.10
2007.06.14 02:58:27.444,1.0295,1.0297,9.60,15.90
2007.06.14 02:58:29.251,1.0295,1.0298,8.00,32.70
2007.06.14 02:58:30.168,1.0296,1.0297,4.00,0.70
2007.06.14 02:58:30.393,1.0296,1.0297,4.00,0.70
2007.06.14 02:58:30.546,1.0296,1.0298,4.00,0.90
2007.06.14 02:58:31.199,1.0296,1.0299,4.00,37.50
2007.06.14 02:58:32.726,1.0295,1.0297,24.00,0.50
2007.06.14 02:58:32.777,1.0295,1.0298,20.00,35.10
2007.06.14 02:58:32.833,1.0295,1.0296,16.00,0.80
2007.06.14 02:58:32.943,1.0295,1.0297,8.00,26.30
2007.06.14 02:58:33.225,1.0295,1.0297,8.00,0.70
2007.06.14 02:58:33.321,1.0295,1.0297,8.00,0.80
2007.06.14 02:58:33.460,1.0295,1.0297,8.00,0.80
2007.06.14 02:58:34.178,1.0295,1.0297,4.00,0.50
2007.06.14 02:58:34.288,1.0295,1.02975,4.00,0.70
2007.06.14 02:58:34.318,1.0295,1.0297,4.00,14.30
2007.06.14 02:58:34.364,1.0294,1.0297,12.00,14.30
2007.06.14 02:58:34.806,1.0294,1.0297,12.00,0.70
2007.06.14 02:58:35.233,1.0294,1.0297,16.00,0.70
2007.06.14 02:58:35.271,1.0294,1.0297,8.00,22.30
2007.06.14 02:58:35.295,1.0294,1.02965,18.30,0.50
2007.06.14 02:58:35.688,1.0295,1.02965,4.00,0.70
2007.06.14 02:58:35.900,1.0295,1.02965,4.00,19.90
2007.06.14 02:58:36.006,1.0293,1.02965,14.40,19.90
2007.06.14 02:58:36.106,1.0293,1.0296,18.40,0.60
2007.06.14 02:58:36.160,1.0293,1.0295,16.00,0.50
2007.06.14 02:58:36.185,1.0293,1.0296,13.60,20.70
2007.06.14 02:58:36.324,1.0293,1.0295,18.40,0.90
2007.06.14 02:58:36.459,1.0293,1.02965,20.80,23.90
2007.06.14 02:58:36.488,1.0293,1.02965,20.80,19.90
2007.06.14 02:58:36.780,1.0293,1.0296,14.40,14.30
2007.06.14 02:58:36.814,1.0293,1.0296,6.40,22.30
2007.06.14 02:58:36.914,1.0293,1.0296,1.60,28.70
2007.06.14 02:58:40.149,1.0293,1.0296,1.60,32.70
2007.06.14 02:58:40.257,1.0293,1.0294,1.60,0.60
2007.06.14 02:58:40.361,1.02925,1.0295,8.00,18.30
2007.06.14 02:58:40.373,1.0292,1.0295,26.40,18.30
2007.06.14 02:58:40.447,1.0292,1.0294,24.80,0.90
2007.06.14 02:58:40.729,1.0292,1.0294,20.80,0.90
2007.06.14 02:58:40.747,1.0292,1.0294,18.40,0.90
2007.06.14 02:58:40.854,1.0292,1.0295,12.00,20.70
2007.06.14 02:58:40.880,1.0292,1.0295,4.00,28.70
2007.06.14 02:58:40.890,1.02915,1.0295,8.00,32.70
2007.06.14 02:58:41.826,1.0291,1.0295,26.40,44.60
2007.06.14 02:58:42.185,1.0292,1.0294,0.50,0.80
2007.06.14 02:58:42.314,1.02915,1.0295,16.80,30.30
2007.06.14 02:58:42.327,1.02915,1.0295,20.80,30.30
2007.06.14 02:58:42.399,1.0292,1.0294,0.60,0.90
2007.06.14 02:58:42.430,1.0292,1.0294,0.50,0.90
2007.06.14 02:58:43.312,1.0291,1.0295,28.80,18.30
2007.06.14 02:58:43.712,1.0292,1.0295,24.80,18.30
2007.06.14 02:58:43.864,1.0293,1.0294,0.70,0.60
2007.06.14 02:58:46.170,1.0293,1.0296,0.70,0.90
2007.06.14 02:58:46.255,1.0293,1.0294,0.90,0.60
2007.06.14 02:58:46.323,1.0293,1.0294,0.70,0.50
2007.06.14 02:58:46.372,1.0292,1.0295,22.40,22.30
2007.06.14 02:58:47.039,1.02915,1.0295,18.40,32.70
2007.06.14 02:58:48.742,1.0292,1.0294,2.30,15.90
2007.06.14 02:58:48.813,1.0291,1.0294,19.20,23.90
2007.06.14 02:58:48.841,1.0292,1.0294,4.30,26.30
2007.06.14 02:58:48.918,1.0292,1.0294,2.10,26.30
2007.06.14 02:58:49.011,1.0291,1.0294,3.70,28.70
2007.06.14 02:58:54.368,1.0291,1.0294,14.40,26.30
2007.06.14 02:58:54.555,1.0291,1.0294,18.40,22.30
2007.06.14 02:58:54.830,1.0291,1.0294,20.80,19.90
2007.06.14 02:58:54.964,1.0292,1.0294,0.80,11.90
2007.06.14 02:58:56.003,1.0292,1.0294,1.30,11.90
2007.06.14 02:58:56.174,1.0292,1.0294,2.80,11.90
2007.06.14 02:58:56.507,1.02915,1.0294,12.80,11.90
2007.06.14 02:58:56.578,1.02915,1.0294,10.40,11.90
2007.06.14 02:59:05.753,1.02915,1.0293,10.40,4.00
2007.06.14 02:59:05.777,1.02915,1.0293,2.20,4.00
2007.06.14 02:59:05.851,1.0291,1.0293,24.00,15.90
2007.06.14 02:59:05.921,1.02905,1.0293,20.00,15.90
2007.06.14 02:59:06.795,1.02905,1.0293,16.00,15.90
2007.06.14 02:59:07.668,1.0291,1.0293,3.50,11.90
2007.06.14 02:59:07.717,1.0291,1.0293,4.30,11.90
2007.06.14 02:59:07.817,1.0292,1.0293,1.30,11.90
2007.06.14 02:59:07.890,1.0292,1.0294,1.20,22.30
2007.06.14 02:59:08.496,1.0292,1.0294,1.40,14.30
2007.06.14 02:59:08.598,1.02915,1.0294,10.40,11.90
2007.06.14 02:59:14.698,1.0292,1.0294,2.40,15.90
2007.06.14 02:59:14.903,1.0291,1.0294,28.80,15.90
2007.06.14 02:59:14.915,1.0291,1.0294,24.80,15.90
2007.06.14 02:59:15.215,1.0292,1.0294,4.00,15.90
2007.06.14 02:59:16.290,1.0292,1.0294,8.00,15.90
2007.06.14 02:59:16.370,1.0292,1.0294,12.00,15.90
2007.06.14 02:59:18.796,1.0292,1.0294,8.00,15.90
2007.06.14 02:59:18.845,1.0292,1.0294,4.00,15.90
2007.06.14 02:59:18.927,1.0291,1.0294,24.80,15.90
2007.06.14 02:59:21.299,1.029,1.0294,28.80,15.90
2007.06.14 02:59:26.328,1.029,1.0293,30.40,11.90
2007.06.14 02:59:26.365,1.029,1.0293,30.40,11.90
2007.06.14 02:59:26.433,1.029,1.0293,26.40,11.90
2007.06.14 02:59:26.475,1.0291,1.0293,1.60,11.90
2007.06.14 02:59:26.562,1.0291,1.0293,0.50,11.90
2007.06.14 02:59:26.623,1.029,1.0293,26.40,11.90
2007.06.14 02:59:30.302,1.02905,1.0293,9.60,11.90
2007.06.14 02:59:31.824,1.0291,1.0293,1.60,15.90
2007.06.14 02:59:31.914,1.02905,1.0293,16.00,15.90
2007.06.14 02:59:38.442,1.02905,1.0293,14.40,15.90
2007.06.14 02:59:40.998,1.0291,1.0293,2.10,15.90
2007.06.14 02:59:43.264,1.02905,1.0293,16.00,11.90
2007.06.14 02:59:43.316,1.02905,1.0293,20.00,11.90
2007.06.14 02:59:43.340,1.02905,1.0294,32.00,26.30
2007.06.14 02:59:43.350,1.02905,1.0295,24.00,39.10
2007.06.14 02:59:43.358,1.029,1.02945,28.80,26.30
2007.06.14 02:59:43.474,1.0291,1.0294,0.90,0.70
2007.06.14 02:59:45.334,1.0292,1.0294,0.60,0.90
2007.06.14 02:59:45.432,1.0291,1.02945,38.30,12.00
2007.06.14 02:59:45.547,1.0291,1.02945,38.30,12.00
2007.06.14 02:59:47.250,1.0293,1.0295,0.90,0.80
2007.06.14 02:59:47.345,1.0292,1.0296,21.50,29.60
2007.06.14 02:59:47.376,1.0292,1.0296,21.50,31.20
2007.06.14 02:59:47.437,1.0292,1.0296,29.50,23.20
2007.06.14 02:59:47.453,1.0292,1.0296,31.90,20.80
2007.06.14 02:59:47.483,1.0292,1.0296,38.30,26.40
2007.06.14 02:59:47.754,1.0292,1.02965,38.30,30.40
2007.06.14 02:59:47.862,1.0292,1.02965,38.30,26.40
2007.06.14 02:59:47.876,1.0293,1.0296,0.90,0.60
2007.06.14 02:59:47.981,1.0291,1.02965,0.80,0.80
2007.06.14 02:59:48.371,1.0293,1.0296,36.00,6.40
2007.06.14 02:59:48.406,1.0293,1.0296,24.00,18.30
2007.06.14 02:59:49.394,1.0293,1.0296,20.00,22.30
2007.06.14 02:59:56.172,1.0294,1.03,1.60,4.80
2007.06.14 02:59:58.888,1.0295,1.0298,4.00,29.60
2007.06.14 02:59:59.170,1.0295,1.0298,6.40,27.20
2007.06.14 02:59:59.990,1.0295,1.0298,6.40,27.20
