2016.09.15 18:00:00.795,0.76641,0.76647,1.00,1.00
2016.09.15 18:00:01.143,0.76645,0.76649,1.00,1.00
2016.09.15 18:00:01.203,0.76646,0.76652,1.00,1.50
2016.09.15 18:00:01.254,0.76647,0.76652,1.00,1.50
2016.09.15 18:00:01.306,0.76647,0.76652,1.00,1.12
2016.09.15 18:00:01.357,0.76647,0.76652,1.00,1.00
2016.09.15 18:00:02.209,0.76647,0.76651,1.00,1.00
2016.09.15 18:00:03.991,0.76647,0.76652,1.00,1.00
2016.09.15 18:00:04.237,0.76648,0.76653,1.00,1.00
2016.09.15 18:00:04.289,0.76649,0.76654,1.00,1.00
2016.09.15 18:00:04.545,0.7665,0.76655,1.00,1.12
2016.09.15 18:00:04.596,0.76651,0.76656,1.00,1.37
2016.09.15 18:00:04.647,0.76651,0.76656,1.00,1.00
2016.09.15 18:00:04.699,0.76651,0.76656,1.00,1.00
2016.09.15 18:00:05.194,0.76652,0.76658,1.00,1.12
2016.09.15 18:00:05.397,0.76652,0.76658,1.00,1.12
2016.09.15 18:00:05.653,0.76652,0.76658,1.00,1.37
2016.09.15 18:00:05.772,0.76652,0.76658,1.00,1.12
2016.09.15 18:00:06.226,0.76654,0.76658,1.00,1.12
2016.09.15 18:00:06.825,0.76655,0.76659,1.00,1.12
2016.09.15 18:00:06.940,0.76654,0.76659,1.00,1.37
2016.09.15 18:00:08.062,0.76655,0.76659,1.00,1.00
2016.09.15 18:00:08.535,0.76657,0.76662,1.00,1.12
2016.09.15 18:00:08.726,0.76658,0.76662,1.00,1.00
2016.09.15 18:00:09.084,0.76659,0.76663,1.00,1.12
2016.09.15 18:00:10.311,0.76659,0.76663,1.00,1.87
2016.09.15 18:00:10.894,0.76656,0.76662,1.00,1.00
2016.09.15 18:00:10.946,0.76656,0.76663,1.00,1.12
2016.09.15 18:00:11.103,0.76658,0.76663,1.00,1.00
2016.09.15 18:00:12.880,0.76658,0.76662,1.00,1.00
2016.09.15 18:00:15.903,0.76653,0.76661,1.12,1.00
2016.09.15 18:00:15.955,0.76654,0.76658,1.00,1.00
2016.09.15 18:00:16.007,0.76652,0.76658,1.00,1.00
2016.09.15 18:00:16.675,0.76652,0.7666,1.00,2.32
2016.09.15 18:00:16.732,0.76653,0.7666,1.00,1.00
2016.09.15 18:00:16.904,0.76655,0.7666,1.00,1.00
2016.09.15 18:00:21.025,0.76655,0.76661,1.00,1.00
2016.09.15 18:00:22.215,0.76654,0.76661,1.00,1.00
2016.09.15 18:00:22.521,0.76652,0.76659,1.00,1.00
2016.09.15 18:00:22.947,0.76651,0.76656,1.00,1.00
2016.09.15 18:00:23.486,0.7665,0.76656,1.00,1.00
2016.09.15 18:00:23.668,0.76651,0.76658,1.00,1.50
2016.09.15 18:00:23.903,0.76651,0.76657,1.00,1.00
2016.09.15 18:00:24.450,0.76651,0.76656,1.00,1.00
2016.09.15 18:00:24.852,0.76653,0.76658,1.00,1.00
2016.09.15 18:00:24.905,0.76654,0.76659,1.00,1.12
2016.09.15 18:00:24.957,0.76655,0.7666,1.00,1.37
2016.09.15 18:00:25.009,0.76655,0.7666,1.00,1.00
2016.09.15 18:00:25.113,0.76655,0.7666,1.00,1.00
2016.09.15 18:00:25.164,0.76656,0.76661,1.00,1.12
2016.09.15 18:00:25.216,0.76656,0.76661,1.00,1.00
2016.09.15 18:00:25.421,0.76656,0.76661,1.00,1.00
2016.09.15 18:00:25.627,0.76656,0.76661,1.00,1.00
2016.09.15 18:00:25.831,0.76654,0.76661,1.00,1.00
2016.09.15 18:00:25.882,0.76654,0.76659,1.00,1.00
2016.09.15 18:00:26.394,0.76654,0.76658,1.00,1.00
2016.09.15 18:00:28.157,0.76654,0.76659,1.00,1.00
2016.09.15 18:00:28.260,0.76655,0.76661,1.00,1.00
2016.09.15 18:00:28.804,0.76655,0.7666,1.00,1.00
2016.09.15 18:00:28.957,0.76655,0.76662,1.00,1.00
2016.09.15 18:00:29.416,0.76655,0.76662,1.00,1.00
2016.09.15 18:00:29.724,0.76655,0.76663,1.00,1.57
2016.09.15 18:00:29.776,0.76659,0.76665,1.00,1.95
2016.09.15 18:00:29.828,0.76659,0.76666,1.00,1.87
2016.09.15 18:00:29.880,0.76659,0.76666,1.00,1.12
2016.09.15 18:00:29.931,0.76659,0.76666,1.00,1.00
2016.09.15 18:00:30.619,0.76659,0.76666,1.00,1.00
2016.09.15 18:00:30.670,0.76659,0.76664,1.00,1.00
2016.09.15 18:00:31.192,0.76657,0.76665,1.50,1.50
2016.09.15 18:00:31.243,0.76659,0.76665,1.00,1.50
2016.09.15 18:00:31.484,0.76657,0.76665,1.00,1.50
2016.09.15 18:00:31.688,0.76657,0.76664,1.00,1.00
2016.09.15 18:00:31.938,0.76657,0.76664,1.00,1.00
2016.09.15 18:00:32.514,0.76657,0.76664,1.00,1.00
2016.09.15 18:00:32.773,0.76657,0.76663,1.00,1.00
2016.09.15 18:00:33.341,0.76657,0.76662,1.00,1.00
2016.09.15 18:00:33.630,0.76654,0.76662,1.00,1.12
2016.09.15 18:00:33.681,0.76655,0.7666,1.00,1.00
2016.09.15 18:00:34.078,0.76653,0.76659,1.00,1.00
2016.09.15 18:00:34.130,0.76655,0.76659,1.00,1.00
2016.09.15 18:00:34.181,0.76655,0.7666,1.00,2.25
2016.09.15 18:00:34.641,0.76655,0.7666,1.00,1.00
2016.09.15 18:00:34.693,0.76654,0.76658,1.00,1.00
2016.09.15 18:00:34.848,0.76652,0.76657,1.00,1.00
2016.09.15 18:00:36.383,0.76653,0.76659,1.00,1.50
2016.09.15 18:00:36.435,0.76654,0.7666,1.00,3.37
2016.09.15 18:00:36.486,0.76654,0.7666,1.00,1.50
2016.09.15 18:00:36.538,0.76654,0.7666,1.00,1.00
2016.09.15 18:00:36.851,0.76658,0.76662,1.00,1.00
2016.09.15 18:00:37.163,0.76658,0.76662,1.00,1.00
2016.09.15 18:00:37.316,0.76657,0.76662,1.00,1.00
2016.09.15 18:00:37.623,0.76655,0.76662,1.00,1.00
2016.09.15 18:00:37.674,0.76655,0.76662,1.00,1.75
2016.09.15 18:00:37.827,0.76655,0.7666,1.00,1.12
2016.09.15 18:00:37.879,0.76655,0.7666,1.00,1.87
2016.09.15 18:00:37.982,0.76655,0.7666,1.00,2.25
2016.09.15 18:00:38.085,0.76655,0.7666,1.00,1.50
2016.09.15 18:00:38.188,0.76655,0.76661,1.00,3.37
2016.09.15 18:00:38.749,0.76655,0.76659,1.00,1.12
2016.09.15 18:00:38.801,0.76653,0.76658,1.00,1.37
2016.09.15 18:00:38.852,0.76653,0.76658,1.00,1.87
2016.09.15 18:00:38.956,0.76652,0.76657,1.00,1.37
2016.09.15 18:00:39.007,0.76652,0.76657,1.00,1.87
2016.09.15 18:00:39.059,0.76651,0.76656,1.00,1.00
2016.09.15 18:00:39.110,0.76651,0.76656,1.00,1.50
2016.09.15 18:00:39.162,0.76651,0.76656,1.00,1.12
2016.09.15 18:00:39.213,0.76651,0.76656,1.00,1.00
2016.09.15 18:00:39.264,0.76651,0.76657,1.00,2.25
2016.09.15 18:00:39.529,0.76651,0.76657,1.00,1.50
2016.09.15 18:00:39.641,0.76652,0.76657,1.00,1.12
2016.09.15 18:00:39.693,0.76653,0.7666,1.00,4.12
2016.09.15 18:00:39.745,0.76654,0.7666,1.00,3.75
2016.09.15 18:00:39.796,0.76654,0.7666,1.00,1.87
2016.09.15 18:00:39.900,0.76654,0.7666,1.00,1.50
2016.09.15 18:00:40.308,0.76654,0.7666,1.00,1.00
2016.09.15 18:00:40.907,0.76653,0.76657,1.00,1.00
2016.09.15 18:00:41.376,0.76648,0.76657,1.50,1.50
2016.09.15 18:00:41.428,0.76649,0.76657,1.00,1.50
2016.09.15 18:00:41.480,0.7665,0.76657,1.00,1.00
2016.09.15 18:00:41.532,0.76649,0.76657,1.00,1.00
2016.09.15 18:00:41.688,0.76651,0.76655,1.00,1.00
2016.09.15 18:00:42.523,0.7665,0.76655,1.00,1.00
2016.09.15 18:00:42.787,0.76649,0.76656,1.00,1.00
2016.09.15 18:00:42.860,0.76649,0.76654,1.00,1.00
2016.09.15 18:00:43.268,0.76649,0.76654,1.00,1.00
2016.09.15 18:00:43.781,0.7665,0.76654,1.00,1.00
2016.09.15 18:00:44.035,0.76648,0.76654,1.00,1.00
2016.09.15 18:00:44.138,0.76648,0.76655,1.00,1.00
2016.09.15 18:00:44.189,0.76648,0.76656,1.00,1.50
2016.09.15 18:00:44.291,0.76648,0.76656,1.00,1.87
2016.09.15 18:00:44.847,0.7665,0.76656,1.00,1.87
2016.09.15 18:00:44.898,0.76651,0.76656,1.00,1.12
2016.09.15 18:00:45.000,0.76651,0.76657,1.00,1.00
2016.09.15 18:00:45.440,0.76652,0.76657,1.00,1.00
2016.09.15 18:00:45.988,0.76653,0.76658,1.00,1.00
2016.09.15 18:00:46.243,0.76653,0.7666,1.00,1.37
2016.09.15 18:00:47.025,0.76653,0.76658,1.00,1.00
2016.09.15 18:00:47.486,0.7665,0.76658,1.00,1.50
2016.09.15 18:00:47.538,0.7665,0.76657,1.00,1.00
2016.09.15 18:00:47.640,0.7665,0.76657,1.00,1.00
2016.09.15 18:00:47.692,0.7665,0.76657,1.00,1.10
2016.09.15 18:00:47.845,0.76651,0.76656,1.00,1.00
2016.09.15 18:00:50.008,0.76651,0.76655,1.00,1.00
2016.09.15 18:00:50.059,0.76649,0.76655,1.00,1.00
2016.09.15 18:00:50.110,0.7665,0.76655,1.00,1.00
2016.09.15 18:00:51.365,0.76649,0.76655,1.00,1.00
2016.09.15 18:00:51.612,0.76649,0.76653,1.00,1.00
2016.09.15 18:00:51.926,0.76649,0.76656,1.00,1.10
2016.09.15 18:00:52.109,0.76649,0.76657,1.00,1.10
2016.09.15 18:00:52.160,0.76653,0.76658,1.00,1.00
2016.09.15 18:00:53.163,0.76653,0.76659,1.00,1.00
2016.09.15 18:00:53.266,0.76653,0.76659,1.00,1.00
2016.09.15 18:00:53.317,0.76654,0.7666,1.00,1.00
2016.09.15 18:00:54.198,0.76655,0.7666,1.00,1.00
2016.09.15 18:00:54.250,0.76657,0.76663,1.00,1.00
2016.09.15 18:00:54.304,0.76659,0.76663,1.00,1.00
2016.09.15 18:00:54.821,0.7666,0.76664,1.00,1.00
2016.09.15 18:00:55.174,0.76657,0.76663,1.00,1.00
2016.09.15 18:00:55.225,0.76655,0.7666,1.00,1.00
2016.09.15 18:00:55.309,0.76653,0.7666,1.00,1.00
2016.09.15 18:00:55.361,0.76652,0.76659,1.00,1.00
2016.09.15 18:00:55.463,0.76652,0.76659,1.00,1.87
2016.09.15 18:00:55.566,0.76653,0.76659,1.00,1.12
2016.09.15 18:00:55.668,0.76653,0.76659,1.00,1.12
2016.09.15 18:00:55.858,0.76653,0.76659,1.00,1.00
2016.09.15 18:00:56.121,0.76653,0.76659,1.00,1.50
2016.09.15 18:00:56.172,0.76653,0.76659,1.00,1.50
2016.09.15 18:00:56.224,0.76651,0.76658,1.00,1.00
2016.09.15 18:00:57.015,0.76651,0.76657,1.00,1.00
2016.09.15 18:00:57.549,0.7665,0.76657,1.00,1.00
2016.09.15 18:00:58.057,0.7665,0.76656,1.00,1.00
2016.09.15 18:00:59.553,0.7665,0.76656,1.00,1.50
2016.09.15 18:01:00.897,0.76652,0.76656,1.00,1.00
2016.09.15 18:01:00.949,0.76654,0.76659,1.00,1.87
2016.09.15 18:01:01.000,0.76654,0.76659,1.00,1.37
2016.09.15 18:01:01.051,0.76654,0.7666,1.00,1.00
2016.09.15 18:01:01.909,0.76653,0.7666,1.00,1.00
2016.09.15 18:01:01.961,0.76652,0.76659,1.00,1.00
2016.09.15 18:01:02.013,0.76651,0.76659,1.00,1.50
2016.09.15 18:01:02.065,0.7665,0.76657,1.00,1.00
2016.09.15 18:01:02.362,0.7665,0.76656,1.00,1.00
2016.09.15 18:01:03.055,0.7665,0.76657,1.00,1.00
2016.09.15 18:01:03.269,0.76651,0.76658,1.00,1.50
2016.09.15 18:01:03.321,0.76653,0.76658,1.00,1.00
2016.09.15 18:01:03.906,0.76653,0.76658,1.00,1.00
2016.09.15 18:01:04.059,0.76652,0.76656,1.00,1.00
2016.09.15 18:01:04.711,0.76652,0.76656,1.00,1.00
2016.09.15 18:01:05.170,0.76652,0.76656,1.00,1.00
2016.09.15 18:01:05.273,0.76652,0.76656,1.00,1.12
2016.09.15 18:01:06.304,0.76652,0.76656,1.00,1.00
2016.09.15 18:01:06.355,0.76653,0.76659,1.00,3.07
2016.09.15 18:01:06.406,0.76652,0.76658,1.00,1.12
2016.09.15 18:01:06.508,0.76652,0.76658,1.00,1.00
2016.09.15 18:01:06.559,0.76652,0.76658,1.00,1.50
2016.09.15 18:01:06.772,0.76655,0.76661,1.00,1.20
2016.09.15 18:01:06.881,0.76655,0.76661,1.00,1.10
2016.09.15 18:01:06.932,0.76655,0.76661,1.00,1.00
2016.09.15 18:01:06.983,0.76655,0.76661,1.00,1.00
2016.09.15 18:01:07.137,0.76652,0.7666,1.87,1.00
2016.09.15 18:01:07.189,0.76653,0.7666,1.00,1.00
2016.09.15 18:01:07.242,0.76651,0.76658,1.50,1.00
2016.09.15 18:01:07.293,0.7665,0.76658,2.25,1.00
2016.09.15 18:01:07.345,0.7665,0.76658,1.12,1.00
2016.09.15 18:01:07.506,0.7665,0.76657,1.12,1.00
2016.09.15 18:01:07.559,0.7665,0.76657,1.00,1.00
2016.09.15 18:01:07.663,0.76649,0.76657,1.00,1.00
2016.09.15 18:01:07.766,0.7665,0.76657,1.00,1.00
2016.09.15 18:01:07.823,0.7665,0.76656,1.00,1.00
2016.09.15 18:01:08.361,0.76649,0.76655,1.00,1.00
2016.09.15 18:01:10.236,0.76648,0.76656,1.00,1.00
2016.09.15 18:01:10.287,0.76648,0.76656,1.00,1.50
2016.09.15 18:01:10.588,0.76647,0.76654,1.00,1.00
2016.09.15 18:01:11.098,0.76647,0.76653,1.00,1.00
2016.09.15 18:01:11.184,0.76649,0.76654,1.00,1.00
2016.09.15 18:01:12.153,0.76648,0.76654,1.00,1.50
2016.09.15 18:01:12.357,0.76648,0.76653,1.00,1.00
2016.09.15 18:01:13.251,0.76648,0.76652,1.00,1.00
2016.09.15 18:01:13.353,0.76648,0.76654,1.00,1.00
2016.09.15 18:01:13.631,0.76648,0.76652,1.00,1.00
2016.09.15 18:01:14.290,0.76648,0.76653,1.00,1.00
2016.09.15 18:01:15.320,0.76649,0.76653,1.00,1.00
2016.09.15 18:01:16.026,0.76648,0.76653,1.00,1.00
2016.09.15 18:01:16.539,0.76647,0.76654,1.00,1.00
2016.09.15 18:01:17.257,0.76647,0.76655,1.00,1.95
2016.09.15 18:01:17.308,0.76647,0.76655,1.00,1.57
2016.09.15 18:01:17.712,0.76649,0.76655,1.00,1.57
2016.09.15 18:01:19.665,0.76649,0.76654,1.00,1.00
2016.09.15 18:01:20.204,0.76649,0.76653,1.00,1.00
2016.09.15 18:01:20.728,0.76649,0.76654,1.00,1.00
2016.09.15 18:01:21.901,0.76649,0.76655,1.00,1.50
2016.09.15 18:01:23.593,0.76649,0.76655,1.00,1.00
2016.09.15 18:01:23.899,0.76648,0.76653,1.00,1.00
2016.09.15 18:01:25.178,0.76648,0.76654,1.00,1.50
2016.09.15 18:01:25.229,0.76648,0.76654,1.00,1.50
2016.09.15 18:01:25.280,0.76648,0.76652,1.00,1.00
2016.09.15 18:01:26.272,0.76648,0.76653,1.00,1.12
2016.09.15 18:01:26.540,0.76648,0.76654,1.00,1.50
2016.09.15 18:01:26.593,0.76647,0.76651,1.00,1.00
2016.09.15 18:01:26.795,0.76649,0.76656,1.00,1.00
2016.09.15 18:01:26.847,0.76649,0.76656,1.00,1.00
2016.09.15 18:01:26.949,0.7665,0.76656,1.00,1.00
2016.09.15 18:01:27.623,0.7665,0.76657,1.00,1.00
2016.09.15 18:01:27.776,0.7665,0.76656,1.00,1.00
2016.09.15 18:01:28.170,0.7665,0.76658,1.00,1.00
2016.09.15 18:01:28.226,0.76655,0.7666,1.00,1.00
2016.09.15 18:01:28.278,0.76656,0.76663,1.00,1.50
2016.09.15 18:01:28.330,0.76656,0.76663,1.00,1.00
2016.09.15 18:01:28.688,0.76653,0.76659,1.87,1.00
2016.09.15 18:01:28.739,0.76653,0.76659,1.00,1.00
2016.09.15 18:01:28.928,0.7665,0.76658,1.12,1.50
2016.09.15 18:01:28.980,0.7665,0.76655,1.00,1.00
2016.09.15 18:01:29.287,0.76651,0.76658,1.00,1.20
2016.09.15 18:01:29.339,0.76651,0.76658,1.00,1.10
2016.09.15 18:01:29.390,0.76651,0.76658,1.00,1.00
2016.09.15 18:01:29.442,0.76651,0.76658,1.00,1.00
2016.09.15 18:01:29.791,0.76657,0.76662,1.00,1.00
2016.09.15 18:01:29.843,0.76657,0.76662,1.00,1.00
2016.09.15 18:01:30.609,0.76657,0.76663,1.00,1.00
2016.09.15 18:01:31.602,0.76657,0.76663,1.00,1.00
2016.09.15 18:01:32.500,0.76656,0.76663,1.00,1.00
2016.09.15 18:01:34.031,0.76652,0.76658,1.00,1.12
2016.09.15 18:01:34.237,0.76651,0.76658,1.00,1.00
2016.09.15 18:01:34.339,0.76651,0.76658,1.00,1.12
2016.09.15 18:01:34.872,0.76653,0.76658,1.00,1.12
2016.09.15 18:01:34.924,0.76652,0.76658,1.00,1.87
2016.09.15 18:01:35.027,0.76652,0.76656,1.00,1.00
2016.09.15 18:01:35.231,0.76652,0.76658,1.00,1.12
2016.09.15 18:01:35.904,0.76651,0.76657,1.00,1.00
2016.09.15 18:01:36.008,0.76651,0.76657,1.00,1.00
2016.09.15 18:01:36.110,0.76651,0.76658,1.00,1.00
2016.09.15 18:01:37.013,0.76651,0.76657,1.00,1.00
2016.09.15 18:01:37.116,0.76653,0.76659,1.00,1.00
2016.09.15 18:01:37.167,0.76653,0.76659,1.00,1.00
2016.09.15 18:01:37.219,0.76654,0.7666,1.00,1.50
2016.09.15 18:01:37.272,0.76651,0.76657,1.00,1.00
2016.09.15 18:01:37.324,0.7665,0.76656,1.00,1.12
2016.09.15 18:01:37.376,0.7665,0.76656,1.00,1.12
2016.09.15 18:01:37.943,0.7665,0.76656,1.00,1.87
2016.09.15 18:01:38.096,0.76651,0.76657,1.00,1.95
2016.09.15 18:01:38.147,0.76652,0.76657,1.00,1.87
2016.09.15 18:01:38.198,0.76652,0.76657,1.00,1.12
2016.09.15 18:01:38.250,0.76652,0.76657,1.00,1.00
2016.09.15 18:01:38.302,0.76653,0.76659,1.00,1.37
2016.09.15 18:01:38.504,0.76653,0.76659,1.00,1.12
2016.09.15 18:01:38.658,0.76654,0.76659,1.00,1.00
2016.09.15 18:01:38.792,0.76654,0.76659,1.00,1.00
2016.09.15 18:01:39.419,0.76653,0.76659,1.00,1.50
2016.09.15 18:01:39.726,0.76653,0.76658,1.00,1.00
2016.09.15 18:01:40.228,0.76653,0.76659,1.00,1.00
2016.09.15 18:01:40.589,0.76655,0.76659,1.00,1.00
2016.09.15 18:01:41.248,0.76654,0.76658,1.00,1.00
2016.09.15 18:01:41.547,0.76652,0.7666,1.00,2.62
2016.09.15 18:01:41.598,0.76652,0.7666,1.00,3.00
2016.09.15 18:01:41.694,0.76652,0.76659,1.00,1.37
2016.09.15 18:01:41.746,0.76652,0.76659,1.00,1.37
2016.09.15 18:01:42.005,0.76652,0.7666,1.00,6.45
2016.09.15 18:01:42.108,0.76652,0.76658,1.00,1.12
2016.09.15 18:01:42.263,0.76652,0.76658,1.00,1.50
2016.09.15 18:01:42.317,0.76652,0.76658,1.00,1.50
2016.09.15 18:01:42.521,0.76652,0.76658,1.00,1.50
2016.09.15 18:01:42.871,0.76652,0.76658,1.00,1.12
2016.09.15 18:01:42.974,0.76652,0.76658,1.00,1.50
2016.09.15 18:01:43.127,0.76652,0.76657,1.00,1.00
2016.09.15 18:01:43.332,0.76652,0.76659,1.00,1.12
2016.09.15 18:01:43.383,0.76653,0.76659,1.00,1.12
2016.09.15 18:01:43.435,0.76653,0.76659,1.00,1.87
2016.09.15 18:01:43.486,0.76653,0.76659,1.00,1.50
2016.09.15 18:01:43.721,0.76653,0.76659,1.00,1.00
2016.09.15 18:01:44.027,0.76651,0.76656,1.00,1.00
2016.09.15 18:01:44.578,0.7665,0.76656,1.00,1.00
2016.09.15 18:01:45.127,0.7665,0.76655,1.00,1.00
2016.09.15 18:01:47.350,0.7665,0.76654,1.00,1.00
2016.09.15 18:01:47.554,0.76648,0.76654,1.00,1.12
2016.09.15 18:01:47.742,0.76648,0.76654,1.00,1.87
2016.09.15 18:01:47.795,0.7665,0.76654,1.00,1.00
2016.09.15 18:01:47.897,0.76651,0.76656,1.00,1.12
2016.09.15 18:01:47.949,0.76653,0.76658,1.00,2.32
2016.09.15 18:01:48.000,0.76653,0.76659,1.00,1.00
2016.09.15 18:01:48.881,0.76653,0.76659,1.00,1.00
2016.09.15 18:01:48.983,0.76654,0.76659,1.00,1.00
2016.09.15 18:01:49.034,0.76654,0.7666,1.00,1.12
2016.09.15 18:01:49.085,0.76654,0.7666,1.00,1.87
2016.09.15 18:01:49.685,0.76654,0.76659,1.00,1.00
2016.09.15 18:01:49.737,0.76654,0.7666,1.00,1.87
2016.09.15 18:01:49.891,0.76654,0.7666,1.00,1.12
2016.09.15 18:01:50.178,0.76654,0.7666,1.00,1.12
2016.09.15 18:01:50.280,0.76654,0.7666,1.00,1.12
2016.09.15 18:01:50.331,0.76654,0.7666,1.00,1.00
2016.09.15 18:01:50.843,0.76654,0.76661,1.00,1.00
2016.09.15 18:01:51.494,0.76654,0.7666,1.00,1.00
2016.09.15 18:01:52.018,0.76655,0.7666,1.00,1.00
2016.09.15 18:01:52.069,0.76655,0.7666,1.00,1.00
2016.09.15 18:01:52.426,0.76658,0.76664,1.00,3.00
2016.09.15 18:01:52.478,0.76658,0.76664,1.00,1.87
2016.09.15 18:01:52.633,0.76658,0.76664,1.00,1.12
2016.09.15 18:01:52.684,0.76658,0.76664,1.00,1.00
2016.09.15 18:01:52.889,0.76658,0.76664,1.00,1.00
2016.09.15 18:01:53.562,0.76658,0.76665,1.00,1.12
2016.09.15 18:01:55.814,0.76658,0.76665,1.00,1.12
2016.09.15 18:01:55.972,0.76658,0.76665,1.00,1.12
2016.09.15 18:01:56.546,0.76658,0.76664,1.00,1.00
2016.09.15 18:01:58.589,0.76658,0.76664,1.00,1.00
2016.09.15 18:02:01.432,0.76661,0.76668,1.00,1.95
2016.09.15 18:02:01.484,0.76661,0.76668,1.00,1.10
2016.09.15 18:02:01.535,0.76661,0.76668,1.00,1.00
2016.09.15 18:02:01.586,0.7666,0.76668,1.00,1.57
2016.09.15 18:02:01.683,0.76662,0.76667,1.00,1.00
2016.09.15 18:02:01.734,0.76661,0.76667,1.00,1.50
2016.09.15 18:02:01.926,0.76659,0.76667,1.00,1.50
2016.09.15 18:02:02.130,0.76659,0.76667,1.00,2.62
2016.09.15 18:02:02.181,0.76659,0.76665,1.00,1.00
2016.09.15 18:02:02.684,0.76659,0.76664,1.00,1.00
2016.09.15 18:02:04.660,0.76661,0.76667,1.00,1.00
2016.09.15 18:02:04.711,0.76659,0.76667,1.00,1.50
2016.09.15 18:02:04.813,0.76657,0.76665,1.50,1.00
2016.09.15 18:02:04.864,0.76658,0.76664,1.00,1.00
2016.09.15 18:02:05.018,0.7666,0.76664,1.00,1.00
2016.09.15 18:02:05.120,0.76658,0.76664,1.00,1.00
2016.09.15 18:02:05.311,0.76658,0.76666,1.00,1.50
2016.09.15 18:02:05.362,0.76658,0.76663,1.00,1.00
2016.09.15 18:02:05.467,0.76658,0.76666,1.00,1.50
2016.09.15 18:02:05.673,0.76658,0.76664,1.00,1.00
2016.09.15 18:02:06.459,0.76658,0.76665,1.00,1.00
2016.09.15 18:02:06.764,0.76658,0.76664,1.00,1.00
2016.09.15 18:02:07.542,0.7666,0.76664,1.00,1.00
2016.09.15 18:02:07.746,0.7666,0.76665,1.00,1.00
2016.09.15 18:02:09.329,0.7666,0.76665,1.00,1.00
2016.09.15 18:02:11.982,0.7666,0.76667,1.00,1.00
2016.09.15 18:02:14.390,0.7666,0.76667,1.00,1.12
2016.09.15 18:02:14.959,0.7666,0.76667,1.00,1.50
2016.09.15 18:02:15.606,0.76659,0.76667,1.00,2.25
2016.09.15 18:02:15.988,0.76659,0.76667,1.00,1.87
2016.09.15 18:02:17.296,0.76658,0.76666,1.00,1.12
2016.09.15 18:02:17.398,0.76658,0.76664,1.00,1.00
2016.09.15 18:02:17.500,0.76656,0.76663,1.00,1.00
2016.09.15 18:02:18.012,0.76657,0.76663,1.00,1.00
2016.09.15 18:02:18.563,0.76656,0.76663,1.00,1.00
2016.09.15 18:02:18.781,0.76656,0.76662,1.00,1.12
2016.09.15 18:02:19.000,0.76653,0.76659,1.00,1.50
2016.09.15 18:02:19.052,0.76653,0.76659,1.00,1.00
2016.09.15 18:02:19.611,0.76652,0.76659,1.00,1.00
2016.09.15 18:02:19.815,0.76651,0.76659,1.50,1.50
2016.09.15 18:02:20.031,0.7665,0.76658,1.25,1.50
2016.09.15 18:02:20.083,0.76648,0.76656,1.19,1.00
2016.09.15 18:02:20.185,0.76648,0.76654,1.00,1.12
2016.09.15 18:02:20.440,0.7665,0.76655,1.00,1.12
2016.09.15 18:02:20.491,0.76651,0.76657,1.00,1.75
2016.09.15 18:02:20.542,0.76651,0.76657,1.00,1.12
2016.09.15 18:02:20.593,0.76651,0.76658,1.00,1.00
2016.09.15 18:02:20.644,0.76651,0.76658,1.00,1.00
2016.09.15 18:02:20.695,0.76651,0.76659,1.00,1.12
2016.09.15 18:02:21.000,0.76653,0.76659,1.00,1.12
2016.09.15 18:02:21.167,0.76653,0.76659,1.00,1.12
2016.09.15 18:02:21.218,0.76653,0.7666,1.00,1.37
2016.09.15 18:02:21.316,0.76653,0.7666,1.00,1.00
2016.09.15 18:02:22.568,0.76654,0.76661,1.00,1.00
2016.09.15 18:02:22.671,0.76654,0.76661,1.00,1.00
2016.09.15 18:02:23.145,0.76654,0.76661,1.00,1.12
2016.09.15 18:02:23.298,0.76654,0.76661,1.00,1.00
2016.09.15 18:02:23.350,0.76656,0.76661,1.00,1.00
2016.09.15 18:02:23.812,0.76656,0.76662,1.00,1.50
2016.09.15 18:02:24.812,0.76656,0.76662,1.00,1.87
2016.09.15 18:02:24.863,0.76654,0.76661,1.00,1.12
2016.09.15 18:02:24.965,0.76654,0.76661,1.00,1.12
2016.09.15 18:02:25.067,0.76654,0.7666,1.00,1.00
2016.09.15 18:02:25.374,0.76654,0.76661,1.00,1.12
2016.09.15 18:02:25.548,0.76654,0.76661,1.00,1.37
2016.09.15 18:02:25.600,0.76653,0.76661,1.00,1.87
2016.09.15 18:02:25.864,0.76653,0.76659,1.00,1.00
2016.09.15 18:02:26.854,0.76652,0.76659,1.00,1.00
2016.09.15 18:02:27.408,0.76652,0.7666,1.00,1.87
2016.09.15 18:02:27.459,0.76652,0.7666,1.00,1.87
2016.09.15 18:02:28.115,0.76652,0.7666,1.00,1.50
2016.09.15 18:02:28.914,0.76653,0.7666,1.00,1.00
2016.09.15 18:02:29.316,0.76653,0.7666,1.00,1.12
2016.09.15 18:02:30.147,0.76653,0.7666,1.00,1.00
2016.09.15 18:02:30.350,0.76653,0.7666,1.00,1.00
2016.09.15 18:02:31.034,0.76654,0.76661,1.00,1.00
2016.09.15 18:02:35.216,0.76655,0.76661,1.00,1.50
2016.09.15 18:02:35.268,0.76655,0.76661,1.00,1.00
2016.09.15 18:02:35.319,0.76657,0.76662,1.00,1.00
2016.09.15 18:02:36.292,0.76653,0.76658,1.00,1.00
2016.09.15 18:02:36.407,0.76652,0.76658,1.87,1.00
2016.09.15 18:02:36.510,0.76652,0.76658,1.50,1.00
2016.09.15 18:02:36.715,0.76652,0.76658,1.00,1.00
2016.09.15 18:02:37.297,0.76652,0.7666,1.00,1.50
2016.09.15 18:02:37.461,0.76653,0.7666,1.00,1.00
2016.09.15 18:02:38.053,0.76653,0.7666,1.00,1.00
2016.09.15 18:02:38.155,0.76653,0.7666,1.00,1.00
2016.09.15 18:02:38.702,0.76653,0.7666,1.00,1.00
2016.09.15 18:02:38.836,0.76652,0.7666,1.00,1.50
2016.09.15 18:02:38.887,0.76654,0.7666,1.00,1.00
2016.09.15 18:02:38.938,0.76656,0.76661,1.00,1.00
2016.09.15 18:02:38.989,0.76657,0.76662,1.00,1.00
2016.09.15 18:02:39.132,0.76657,0.76662,1.00,1.00
2016.09.15 18:02:39.985,0.76657,0.76663,1.00,1.50
2016.09.15 18:02:42.295,0.76657,0.76664,1.00,1.00
2016.09.15 18:02:42.397,0.76657,0.76664,1.00,1.00
2016.09.15 18:02:43.690,0.76657,0.76663,1.00,1.00
2016.09.15 18:02:44.214,0.76656,0.76663,1.00,1.00
2016.09.15 18:02:47.077,0.76658,0.76664,1.00,1.50
2016.09.15 18:02:47.416,0.7666,0.76666,1.00,1.50
2016.09.15 18:02:47.467,0.7666,0.76666,1.00,1.12
2016.09.15 18:02:47.518,0.7666,0.76666,1.00,1.00
2016.09.15 18:02:48.303,0.7666,0.76665,1.00,1.00
2016.09.15 18:02:48.836,0.7666,0.76664,1.00,1.00
2016.09.15 18:02:49.299,0.7666,0.76666,1.00,1.50
2016.09.15 18:02:50.301,0.7666,0.76664,1.00,1.00
2016.09.15 18:02:51.540,0.76658,0.76664,1.00,1.00
2016.09.15 18:02:51.896,0.76656,0.76664,1.00,1.00
2016.09.15 18:02:51.948,0.76657,0.76665,1.00,1.50
2016.09.15 18:02:52.050,0.76657,0.76665,1.00,1.12
2016.09.15 18:02:52.102,0.76657,0.76665,1.00,1.12
2016.09.15 18:02:52.153,0.76657,0.76665,1.00,1.00
2016.09.15 18:02:53.834,0.76659,0.76665,1.00,1.50
2016.09.15 18:02:53.937,0.76659,0.76665,1.00,1.00
2016.09.15 18:02:57.258,0.76659,0.76666,1.00,1.00
2016.09.15 18:02:58.388,0.76659,0.76666,1.00,1.50
2016.09.15 18:02:58.439,0.76656,0.76663,1.00,1.00
2016.09.15 18:02:58.596,0.76656,0.76661,1.00,1.00
2016.09.15 18:02:58.648,0.76654,0.76661,1.00,1.00
2016.09.15 18:02:58.902,0.76654,0.76661,1.00,1.00
2016.09.15 18:02:59.829,0.76654,0.76661,1.00,1.00
2016.09.15 18:03:00.462,0.76653,0.76661,1.25,1.50
2016.09.15 18:03:00.513,0.76655,0.76661,1.00,1.50
2016.09.15 18:03:00.565,0.76655,0.7666,1.00,1.00
2016.09.15 18:03:00.616,0.76653,0.7666,1.00,1.00
2016.09.15 18:03:01.177,0.76653,0.7666,1.00,1.09
2016.09.15 18:03:01.512,0.76653,0.76659,1.00,1.00
2016.09.15 18:03:01.694,0.76652,0.7666,1.00,1.09
2016.09.15 18:03:01.752,0.76652,0.76658,1.00,1.00
2016.09.15 18:03:01.968,0.76655,0.76661,1.00,1.00
2016.09.15 18:03:02.020,0.76657,0.76662,1.00,1.37
2016.09.15 18:03:02.072,0.76657,0.76663,1.00,1.87
2016.09.15 18:03:02.175,0.76657,0.76663,1.00,1.50
2016.09.15 18:03:02.371,0.76654,0.76661,1.00,1.00
2016.09.15 18:03:02.967,0.76654,0.76662,1.00,1.50
2016.09.15 18:03:03.069,0.76654,0.7666,1.00,1.00
2016.09.15 18:03:03.290,0.76654,0.76658,1.00,1.00
2016.09.15 18:03:05.001,0.76655,0.76659,1.00,1.00
2016.09.15 18:03:05.104,0.76653,0.7666,1.00,1.00
2016.09.15 18:03:05.308,0.76655,0.76659,1.00,1.00
2016.09.15 18:03:06.158,0.76655,0.76661,1.00,1.50
2016.09.15 18:03:07.222,0.76655,0.76661,1.00,1.00
2016.09.15 18:03:07.273,0.76655,0.76662,1.00,1.00
2016.09.15 18:03:07.324,0.76655,0.76662,1.00,1.00
2016.09.15 18:03:07.783,0.76655,0.76663,1.00,1.50
2016.09.15 18:03:07.976,0.76655,0.76662,1.00,1.00
2016.09.15 18:03:08.180,0.76655,0.76662,1.00,1.00
2016.09.15 18:03:08.487,0.76657,0.76665,1.00,1.50
2016.09.15 18:03:08.539,0.76657,0.76665,1.00,1.50
2016.09.15 18:03:09.942,0.76657,0.76664,1.00,1.00
2016.09.15 18:03:10.660,0.76657,0.76663,1.00,1.00
2016.09.15 18:03:11.792,0.76655,0.76662,1.00,1.00
2016.09.15 18:03:12.229,0.7666,0.76664,1.00,1.00
2016.09.15 18:03:12.281,0.7666,0.76664,1.00,1.12
2016.09.15 18:03:12.998,0.7666,0.76665,1.00,1.37
2016.09.15 18:03:13.101,0.7666,0.76664,1.00,1.12
2016.09.15 18:03:14.051,0.76659,0.76664,1.00,1.12
2016.09.15 18:03:14.560,0.76658,0.76662,1.00,1.00
2016.09.15 18:03:15.120,0.7666,0.76664,1.00,1.12
2016.09.15 18:03:15.325,0.76657,0.76664,1.00,1.37
2016.09.15 18:03:15.377,0.76658,0.76662,1.00,1.00
2016.09.15 18:03:15.526,0.76658,0.76662,1.00,1.12
2016.09.15 18:03:15.631,0.76655,0.76663,1.00,1.12
2016.09.15 18:03:15.734,0.76654,0.76662,1.00,1.12
2016.09.15 18:03:15.785,0.76655,0.76662,1.00,2.25
2016.09.15 18:03:16.453,0.76655,0.76662,1.00,3.00
2016.09.15 18:03:16.504,0.76655,0.76661,1.00,1.00
2016.09.15 18:03:17.020,0.76655,0.7666,1.00,1.00
2016.09.15 18:03:17.526,0.76655,0.76659,1.00,1.00
2016.09.15 18:03:18.191,0.76656,0.76663,1.00,2.77
2016.09.15 18:03:18.242,0.76657,0.76663,1.00,2.40
2016.09.15 18:03:18.294,0.76657,0.76664,1.00,1.87
2016.09.15 18:03:18.345,0.76657,0.76664,1.00,1.50
2016.09.15 18:03:18.570,0.76658,0.76664,1.00,1.12
2016.09.15 18:03:18.674,0.76659,0.76664,1.00,1.00
2016.09.15 18:03:18.725,0.76659,0.76665,1.00,1.12
2016.09.15 18:03:18.929,0.76659,0.76665,1.00,1.12
2016.09.15 18:03:19.082,0.76659,0.76665,1.00,1.50
2016.09.15 18:03:19.134,0.76655,0.76664,1.00,1.12
2016.09.15 18:03:19.186,0.76654,0.76662,1.00,1.37
2016.09.15 18:03:19.237,0.76656,0.76662,1.00,1.37
2016.09.15 18:03:19.288,0.76654,0.7666,1.00,1.12
2016.09.15 18:03:19.555,0.76656,0.76662,1.00,1.87
2016.09.15 18:03:19.606,0.76656,0.76662,1.00,1.87
2016.09.15 18:03:19.708,0.76656,0.76662,1.00,1.50
2016.09.15 18:03:20.016,0.76656,0.76662,1.00,1.00
2016.09.15 18:03:20.067,0.76656,0.76662,1.00,1.00
2016.09.15 18:03:20.169,0.76656,0.76662,1.00,1.00
2016.09.15 18:03:20.982,0.76657,0.76662,1.00,1.00
2016.09.15 18:03:21.193,0.76656,0.76663,1.00,1.12
2016.09.15 18:03:22.397,0.76656,0.76661,1.00,1.00
2016.09.15 18:03:23.600,0.76656,0.7666,1.00,1.00
2016.09.15 18:03:26.173,0.76656,0.76662,1.00,1.37
2016.09.15 18:03:26.225,0.76656,0.76662,1.00,1.50
2016.09.15 18:03:26.276,0.76656,0.76662,1.00,1.87
2016.09.15 18:03:26.328,0.76657,0.76662,1.00,1.50
2016.09.15 18:03:26.379,0.76657,0.76662,1.00,1.37
2016.09.15 18:03:26.450,0.76659,0.76663,1.00,1.12
2016.09.15 18:03:26.502,0.76659,0.76665,1.00,1.57
2016.09.15 18:03:26.553,0.76659,0.76665,1.00,1.50
2016.09.15 18:03:26.605,0.76659,0.76665,1.00,1.37
2016.09.15 18:03:27.615,0.76659,0.76665,1.00,1.12
2016.09.15 18:03:28.269,0.76657,0.76665,1.00,1.87
2016.09.15 18:03:28.320,0.76657,0.76663,1.00,1.12
2016.09.15 18:03:28.524,0.76659,0.76663,1.00,1.00
2016.09.15 18:03:29.952,0.76659,0.76664,1.00,1.12
2016.09.15 18:03:30.366,0.76659,0.76664,1.00,1.12
2016.09.15 18:03:30.726,0.76659,0.76663,1.00,1.00
2016.09.15 18:03:31.555,0.76659,0.76663,1.00,1.12
2016.09.15 18:03:31.809,0.76658,0.76662,1.00,1.00
2016.09.15 18:03:32.741,0.76659,0.76663,1.00,1.12
2016.09.15 18:03:35.119,0.76659,0.76663,1.00,1.00
2016.09.15 18:03:38.644,0.76659,0.76664,1.00,1.00
2016.09.15 18:03:38.746,0.76658,0.76664,1.00,1.12
2016.09.15 18:03:38.848,0.76658,0.76664,1.00,1.00
2016.09.15 18:03:39.154,0.7666,0.76664,1.00,1.00
2016.09.15 18:03:39.776,0.76659,0.76663,1.00,1.00
2016.09.15 18:03:40.289,0.76658,0.76663,1.00,1.00
2016.09.15 18:03:40.857,0.76658,0.76664,1.00,1.00
2016.09.15 18:03:41.458,0.76658,0.76665,1.00,1.87
2016.09.15 18:03:42.171,0.76658,0.76664,1.00,1.00
2016.09.15 18:03:42.468,0.76658,0.76665,1.00,1.87
2016.09.15 18:03:42.884,0.76658,0.76664,1.00,1.00
2016.09.15 18:03:43.139,0.76658,0.76664,1.00,1.12
2016.09.15 18:03:46.513,0.76658,0.76665,1.00,1.10
2016.09.15 18:03:46.589,0.76658,0.76665,1.00,1.00
2016.09.15 18:03:48.272,0.76658,0.76665,1.00,1.37
2016.09.15 18:03:48.539,0.76658,0.76665,1.00,1.37
2016.09.15 18:03:49.767,0.76658,0.76663,1.00,1.00
2016.09.15 18:03:50.072,0.76658,0.76664,1.00,1.87
2016.09.15 18:03:50.242,0.76658,0.76664,1.00,1.87
2016.09.15 18:03:50.293,0.76658,0.76663,1.00,1.12
2016.09.15 18:03:50.650,0.76658,0.76663,1.00,1.12
2016.09.15 18:03:50.803,0.76658,0.76662,1.00,1.00
2016.09.15 18:03:51.112,0.76656,0.76662,1.00,1.00
2016.09.15 18:03:51.369,0.76655,0.76661,1.00,1.50
2016.09.15 18:03:53.301,0.76655,0.7666,1.00,1.00
2016.09.15 18:03:53.963,0.76656,0.7666,1.00,1.00
2016.09.15 18:03:54.244,0.76654,0.7666,1.00,1.00
2016.09.15 18:03:56.058,0.76654,0.7666,1.00,1.37
2016.09.15 18:03:56.160,0.76654,0.7666,1.00,1.00
2016.09.15 18:03:56.262,0.76654,0.7666,1.00,1.12
2016.09.15 18:03:56.466,0.76654,0.7666,1.00,1.00
2016.09.15 18:03:56.567,0.76654,0.7666,1.00,1.12
2016.09.15 18:03:56.772,0.76654,0.7666,1.00,1.37
2016.09.15 18:03:56.823,0.76654,0.7666,1.00,1.37
2016.09.15 18:03:57.271,0.76654,0.7666,1.00,1.00
2016.09.15 18:03:57.583,0.76654,0.76661,1.00,1.12
2016.09.15 18:03:57.634,0.76656,0.76661,1.00,1.12
2016.09.15 18:03:57.788,0.76656,0.76662,1.00,1.87
2016.09.15 18:03:57.840,0.76657,0.76662,1.00,1.37
2016.09.15 18:03:58.044,0.76657,0.76662,1.00,1.50
2016.09.15 18:03:58.671,0.76657,0.76662,1.00,1.12
2016.09.15 18:04:01.490,0.76657,0.76661,1.00,1.00
2016.09.15 18:04:04.842,0.76656,0.76661,1.00,1.00
2016.09.15 18:04:04.944,0.76658,0.76663,1.00,1.12
2016.09.15 18:04:04.996,0.76658,0.76663,1.00,1.00
2016.09.15 18:04:05.047,0.76659,0.76663,1.00,1.00
2016.09.15 18:04:05.369,0.76659,0.76665,1.00,1.00
2016.09.15 18:04:05.881,0.7666,0.76665,1.00,1.00
2016.09.15 18:04:06.239,0.7666,0.76667,1.00,1.00
2016.09.15 18:04:06.756,0.76662,0.76667,1.00,1.00
2016.09.15 18:04:07.987,0.7666,0.76666,1.00,1.00
2016.09.15 18:04:08.039,0.7666,0.76664,1.00,1.00
2016.09.15 18:04:08.903,0.76661,0.76665,1.00,1.12
2016.09.15 18:04:09.058,0.7666,0.76664,1.00,1.00
2016.09.15 18:04:09.316,0.76658,0.76665,1.00,1.12
2016.09.15 18:04:09.969,0.76658,0.76665,1.00,1.00
2016.09.15 18:04:13.998,0.76658,0.76665,1.00,1.37
2016.09.15 18:04:14.452,0.7666,0.76665,1.00,1.37
2016.09.15 18:04:14.591,0.76658,0.76665,1.00,1.37
2016.09.15 18:04:17.858,0.76658,0.76663,1.00,1.00
2016.09.15 18:04:18.204,0.76658,0.76666,1.00,1.50
2016.09.15 18:04:18.257,0.76663,0.76667,1.00,1.00
2016.09.15 18:04:19.127,0.76663,0.76668,1.00,1.00
2016.09.15 18:04:19.670,0.76663,0.76668,1.00,1.12
2016.09.15 18:04:22.331,0.76663,0.76668,1.00,1.12
2016.09.15 18:04:22.382,0.76663,0.76668,1.00,1.00
2016.09.15 18:04:22.587,0.76661,0.76668,1.00,1.00
2016.09.15 18:04:22.638,0.76659,0.76664,1.50,1.00
2016.09.15 18:04:22.690,0.7666,0.76664,1.00,1.12
2016.09.15 18:04:22.741,0.7666,0.76666,1.00,1.50
2016.09.15 18:04:22.933,0.7666,0.76666,1.00,1.00
2016.09.15 18:04:23.445,0.76661,0.76666,1.00,1.00
2016.09.15 18:04:23.878,0.76656,0.76664,3.45,1.00
2016.09.15 18:04:25.769,0.76656,0.76663,2.70,1.12
2016.09.15 18:04:25.822,0.76656,0.7666,2.62,1.00
2016.09.15 18:04:25.873,0.76656,0.7666,1.12,1.00
2016.09.15 18:04:25.924,0.76653,0.7666,1.10,1.00
2016.09.15 18:04:26.011,0.76653,0.7666,1.00,1.00
2016.09.15 18:04:26.064,0.76654,0.76661,1.00,1.00
2016.09.15 18:04:26.116,0.76655,0.76663,1.00,1.00
2016.09.15 18:04:26.167,0.76657,0.76663,1.00,1.00
2016.09.15 18:04:26.219,0.76658,0.76663,1.00,1.00
2016.09.15 18:04:26.474,0.76659,0.76666,1.00,1.00
2016.09.15 18:04:26.573,0.76659,0.76666,1.50,1.00
2016.09.15 18:04:26.898,0.76659,0.76666,1.00,1.00
2016.09.15 18:04:27.895,0.76659,0.76665,1.00,1.00
2016.09.15 18:04:29.260,0.7666,0.76665,1.00,1.00
2016.09.15 18:04:29.311,0.7666,0.76667,1.00,1.00
2016.09.15 18:04:29.362,0.7666,0.76667,1.00,1.00
2016.09.15 18:04:32.810,0.7666,0.76666,1.00,1.00
2016.09.15 18:04:33.008,0.7666,0.76666,1.50,1.00
2016.09.15 18:04:37.077,0.7666,0.76666,1.00,1.00
2016.09.15 18:04:38.113,0.7666,0.76666,1.50,1.00
2016.09.15 18:04:39.007,0.7666,0.76666,1.69,1.00
2016.09.15 18:04:39.515,0.76661,0.76669,1.25,1.00
2016.09.15 18:04:39.567,0.76663,0.76669,1.00,1.00
2016.09.15 18:04:39.801,0.76662,0.76669,1.69,1.00
2016.09.15 18:04:39.853,0.76658,0.76665,1.50,1.00
2016.09.15 18:04:39.905,0.7666,0.76666,1.00,1.00
2016.09.15 18:04:39.957,0.76663,0.76668,1.00,1.00
2016.09.15 18:04:40.060,0.76664,0.7667,1.00,1.00
2016.09.15 18:04:40.111,0.76664,0.7667,1.50,1.00
2016.09.15 18:04:40.162,0.76664,0.76668,1.00,1.00
2016.09.15 18:04:40.214,0.76662,0.76668,1.00,1.00
2016.09.15 18:04:40.316,0.7666,0.76666,2.62,1.00
2016.09.15 18:04:40.469,0.7666,0.76666,1.50,1.00
2016.09.15 18:04:40.673,0.7666,0.76666,1.69,1.00
2016.09.15 18:04:40.724,0.76661,0.76667,1.25,1.00
2016.09.15 18:04:40.775,0.76661,0.76667,1.00,1.00
2016.09.15 18:04:40.980,0.76661,0.76667,1.25,1.00
2016.09.15 18:04:41.823,0.7666,0.76666,1.19,1.00
2016.09.15 18:04:41.925,0.76659,0.76665,1.31,1.00
2016.09.15 18:04:42.171,0.76659,0.76665,1.19,1.00
2016.09.15 18:04:42.478,0.76659,0.76667,1.19,1.00
2016.09.15 18:04:42.888,0.76659,0.76667,1.69,1.00
2016.09.15 18:04:43.332,0.76661,0.76668,1.25,1.00
2016.09.15 18:04:43.383,0.76661,0.76668,1.25,1.00
2016.09.15 18:04:43.434,0.76661,0.76668,1.69,1.00
2016.09.15 18:04:44.320,0.76661,0.76668,1.19,1.00
2016.09.15 18:04:44.422,0.7666,0.76668,2.44,1.00
2016.09.15 18:04:45.096,0.76661,0.76669,1.19,1.50
2016.09.15 18:04:45.147,0.76663,0.76669,1.19,1.50
2016.09.15 18:04:45.198,0.76664,0.76672,1.25,1.87
2016.09.15 18:04:45.250,0.76664,0.76672,1.25,1.50
2016.09.15 18:04:45.301,0.76666,0.76672,1.00,1.00
2016.09.15 18:04:45.403,0.76666,0.76672,1.19,1.00
2016.09.15 18:04:47.593,0.76666,0.76674,1.19,1.00
2016.09.15 18:04:50.007,0.76663,0.76669,1.56,1.00
2016.09.15 18:04:50.058,0.76662,0.7667,2.14,1.00
2016.09.15 18:04:50.110,0.76661,0.76668,1.47,1.00
2016.09.15 18:04:50.161,0.76661,0.76666,1.10,1.00
2016.09.15 18:04:50.213,0.7666,0.76666,1.69,1.00
2016.09.15 18:04:50.447,0.7666,0.76666,1.25,1.00
2016.09.15 18:04:50.975,0.76661,0.76668,1.00,1.00
2016.09.15 18:04:51.027,0.7666,0.76667,1.31,1.00
2016.09.15 18:04:51.078,0.7666,0.76668,2.06,1.00
2016.09.15 18:04:51.343,0.7666,0.76666,1.31,1.00
2016.09.15 18:04:51.547,0.76661,0.76666,1.19,1.00
2016.09.15 18:04:51.929,0.76661,0.76666,1.31,1.00
2016.09.15 18:04:52.307,0.76661,0.76666,1.56,1.00
2016.09.15 18:04:52.805,0.76661,0.76667,1.31,1.00
2016.09.15 18:04:52.856,0.76659,0.76665,1.69,1.00
2016.09.15 18:04:52.908,0.76659,0.76665,1.19,1.00
2016.09.15 18:04:53.935,0.76658,0.76665,1.69,1.00
2016.09.15 18:04:53.987,0.76658,0.76665,1.69,1.00
2016.09.15 18:04:54.293,0.76658,0.76665,1.19,1.00
2016.09.15 18:04:54.723,0.76659,0.76665,1.25,1.00
2016.09.15 18:04:55.436,0.76659,0.76665,1.31,1.00
2016.09.15 18:04:55.915,0.76659,0.76665,1.25,1.00
2016.09.15 18:04:56.023,0.76658,0.76663,1.19,1.00
2016.09.15 18:04:56.074,0.76658,0.76663,1.00,1.00
2016.09.15 18:04:56.125,0.76655,0.76661,2.44,1.00
2016.09.15 18:04:56.176,0.76655,0.76661,1.25,1.00
2016.09.15 18:04:56.229,0.76653,0.76661,3.94,1.00
2016.09.15 18:04:56.281,0.76653,0.76661,2.06,1.00
2016.09.15 18:04:56.332,0.76652,0.76659,2.06,1.00
2016.09.15 18:04:56.384,0.76653,0.76659,1.00,1.00
2016.09.15 18:04:56.435,0.76655,0.76659,1.00,1.00
2016.09.15 18:04:56.637,0.76653,0.76659,1.00,1.00
2016.09.15 18:04:56.812,0.76659,0.76663,1.00,1.10
2016.09.15 18:04:56.865,0.76659,0.76665,1.00,3.45
2016.09.15 18:04:56.985,0.76658,0.76666,1.00,1.57
2016.09.15 18:04:57.036,0.76658,0.76666,1.00,1.50
2016.09.15 18:04:57.088,0.76658,0.76666,1.00,1.57
2016.09.15 18:04:57.139,0.76659,0.76666,1.00,1.10
2016.09.15 18:04:57.192,0.76662,0.76666,1.00,1.10
2016.09.15 18:04:57.394,0.76662,0.76669,1.00,1.00
2016.09.15 18:04:57.599,0.76662,0.76669,1.00,1.00
2016.09.15 18:04:57.854,0.76661,0.76669,1.00,1.50
2016.09.15 18:04:58.351,0.76661,0.76668,1.00,1.00
2016.09.15 18:04:58.657,0.76662,0.7667,1.00,1.50
2016.09.15 18:04:58.709,0.76663,0.7667,1.00,1.00
2016.09.15 18:04:58.760,0.76664,0.76671,1.00,1.10
2016.09.15 18:04:58.812,0.76666,0.76671,1.00,1.00
2016.09.15 18:04:58.863,0.76666,0.76672,1.00,1.00
2016.09.15 18:04:58.914,0.76666,0.76672,1.00,1.00
2016.09.15 18:04:59.131,0.76666,0.76674,2.25,1.37
2016.09.15 18:04:59.183,0.76669,0.76676,1.87,1.50
2016.09.15 18:04:59.235,0.7667,0.76678,1.00,2.70
2016.09.15 18:04:59.286,0.7667,0.76678,1.00,1.10
2016.09.15 18:04:59.338,0.7667,0.76678,1.00,1.00
2016.09.15 18:05:00.908,0.76671,0.76679,1.00,1.95
2016.09.15 18:05:01.232,0.76671,0.76677,1.00,1.00
2016.09.15 18:05:01.334,0.76671,0.76677,1.00,1.50
2016.09.15 18:05:01.641,0.76671,0.76677,1.00,1.00
2016.09.15 18:05:01.743,0.76671,0.76678,1.00,1.00
2016.09.15 18:05:01.793,0.76671,0.76678,1.00,1.10
2016.09.15 18:05:02.332,0.76671,0.76678,1.00,1.57
2016.09.15 18:05:04.922,0.76671,0.76677,1.00,1.00
2016.09.15 18:05:04.973,0.76671,0.76678,1.00,1.57
2016.09.15 18:05:10.321,0.76674,0.76678,1.00,1.10
2016.09.15 18:05:10.372,0.76674,0.7668,1.50,1.87
2016.09.15 18:05:10.566,0.76674,0.76682,3.37,1.20
2016.09.15 18:05:10.617,0.76677,0.76683,1.00,1.12
2016.09.15 18:05:10.669,0.76677,0.76683,1.00,1.00
2016.09.15 18:05:10.720,0.76677,0.76683,1.00,1.00
2016.09.15 18:05:11.028,0.76677,0.76683,1.00,1.00
2016.09.15 18:05:11.334,0.76675,0.76682,1.50,1.00
2016.09.15 18:05:11.521,0.76675,0.76682,1.37,1.00
2016.09.15 18:05:11.572,0.76675,0.76682,1.12,1.00
2016.09.15 18:05:11.712,0.76676,0.76682,1.00,1.00
2016.09.15 18:05:11.865,0.76676,0.76682,1.00,1.00
2016.09.15 18:05:11.967,0.76676,0.76682,1.00,1.00
2016.09.15 18:05:13.031,0.76676,0.76682,1.00,1.00
2016.09.15 18:05:14.075,0.76676,0.76683,1.00,1.12
2016.09.15 18:05:15.505,0.76676,0.76683,1.00,1.00
2016.09.15 18:05:15.681,0.76676,0.76684,1.00,2.77
2016.09.15 18:05:15.733,0.76676,0.76684,1.00,2.40
2016.09.15 18:05:16.272,0.76674,0.76682,1.50,1.00
2016.09.15 18:05:16.757,0.76674,0.76679,1.00,1.00
2016.09.15 18:05:16.972,0.76674,0.76679,1.12,1.00
2016.09.15 18:05:17.074,0.76674,0.76679,1.00,1.00
2016.09.15 18:05:17.278,0.76671,0.76679,2.25,1.00
2016.09.15 18:05:17.481,0.76671,0.76677,1.00,1.00
2016.09.15 18:05:17.584,0.76671,0.76678,1.00,1.10
2016.09.15 18:05:17.635,0.76671,0.76679,1.00,1.00
2016.09.15 18:05:17.686,0.7667,0.76678,1.12,1.00
2016.09.15 18:05:17.737,0.7667,0.76678,1.00,1.00
2016.09.15 18:05:17.789,0.7667,0.76678,1.50,1.00
2016.09.15 18:05:17.943,0.76671,0.76679,1.00,1.00
2016.09.15 18:05:17.994,0.76671,0.76679,1.50,1.00
2016.09.15 18:05:18.046,0.76671,0.76679,2.62,1.00
2016.09.15 18:05:18.148,0.76671,0.76679,2.62,1.00
2016.09.15 18:05:18.597,0.76671,0.76679,3.00,1.00
2016.09.15 18:05:18.751,0.76671,0.76679,3.37,1.00
2016.09.15 18:05:18.803,0.76671,0.76679,3.00,1.00
2016.09.15 18:05:18.905,0.76671,0.76679,3.37,1.00
2016.09.15 18:05:19.008,0.76672,0.76679,1.12,1.00
2016.09.15 18:05:19.393,0.76671,0.76679,4.12,1.00
2016.09.15 18:05:19.598,0.76671,0.76679,3.00,1.00
2016.09.15 18:05:19.649,0.76671,0.76679,2.25,1.00
2016.09.15 18:05:19.904,0.76672,0.76679,1.00,1.00
2016.09.15 18:05:21.743,0.76672,0.76679,1.50,1.00
2016.09.15 18:05:23.669,0.76672,0.76677,1.50,1.00
2016.09.15 18:05:23.720,0.76672,0.76677,1.87,1.00
2016.09.15 18:05:23.771,0.76673,0.76679,1.12,1.00
2016.09.15 18:05:24.482,0.76672,0.76679,1.87,1.00
2016.09.15 18:05:24.585,0.76674,0.76679,1.00,1.00
2016.09.15 18:05:24.739,0.76674,0.76679,1.37,1.00
2016.09.15 18:05:24.893,0.76676,0.7668,1.00,1.00
2016.09.15 18:05:25.855,0.76674,0.76679,1.37,1.00
2016.09.15 18:05:25.959,0.76677,0.76682,1.00,1.50
2016.09.15 18:05:26.159,0.76677,0.76682,1.12,1.00
2016.09.15 18:05:26.211,0.76675,0.76682,3.75,1.00
2016.09.15 18:05:26.262,0.76675,0.76681,3.37,1.00
2016.09.15 18:05:26.364,0.76675,0.76679,1.00,1.00
2016.09.15 18:05:26.416,0.76674,0.76679,1.87,1.00
2016.09.15 18:05:26.467,0.76674,0.76679,1.00,1.00
2016.09.15 18:05:26.518,0.76672,0.76679,1.50,1.00
2016.09.15 18:05:26.569,0.76672,0.76679,1.12,1.00
2016.09.15 18:05:28.161,0.7667,0.76676,1.00,1.00
2016.09.15 18:05:28.224,0.76669,0.76676,1.12,1.00
2016.09.15 18:05:28.277,0.76668,0.76674,1.50,1.00
2016.09.15 18:05:28.328,0.76668,0.76674,1.00,1.00
2016.09.15 18:05:28.586,0.76669,0.76675,1.12,1.00
2016.09.15 18:05:28.841,0.7667,0.76676,2.25,1.00
2016.09.15 18:05:28.893,0.76671,0.76677,1.37,1.00
2016.09.15 18:05:28.945,0.76671,0.76677,2.62,1.00
2016.09.15 18:05:28.997,0.76671,0.76677,2.25,1.00
2016.09.15 18:05:29.049,0.76671,0.76677,1.87,1.00
2016.09.15 18:05:29.152,0.76671,0.76677,1.50,1.00
2016.09.15 18:05:29.407,0.76671,0.76676,1.00,1.00
2016.09.15 18:05:29.949,0.76671,0.76677,1.00,1.00
2016.09.15 18:05:30.261,0.76671,0.76677,1.12,1.00
2016.09.15 18:05:30.363,0.76671,0.76679,1.12,1.00
2016.09.15 18:05:30.415,0.76672,0.76679,1.00,1.00
2016.09.15 18:05:30.466,0.76672,0.76678,1.12,1.00
2016.09.15 18:05:30.616,0.76673,0.76678,1.50,1.00
2016.09.15 18:05:30.672,0.76673,0.76681,2.25,1.00
2016.09.15 18:05:30.726,0.76675,0.76681,1.00,1.00
2016.09.15 18:05:30.779,0.76675,0.76681,2.25,1.00
2016.09.15 18:05:30.831,0.76675,0.76681,1.50,1.00
2016.09.15 18:05:31.139,0.76675,0.76681,2.25,1.00
2016.09.15 18:05:31.241,0.76675,0.76681,1.50,1.00
2016.09.15 18:05:31.345,0.76676,0.76681,1.00,1.00
2016.09.15 18:05:31.746,0.76676,0.76681,1.87,1.00
2016.09.15 18:05:32.334,0.76676,0.76681,1.37,1.00
2016.09.15 18:05:34.667,0.76676,0.76681,1.87,1.00
2016.09.15 18:05:34.770,0.76676,0.76681,1.37,1.00
2016.09.15 18:05:37.188,0.76676,0.76681,1.12,1.00
2016.09.15 18:05:37.560,0.76676,0.76682,1.87,1.00
2016.09.15 18:05:38.143,0.76677,0.76682,1.00,1.00
2016.09.15 18:05:38.405,0.76677,0.76682,1.37,1.00
2016.09.15 18:05:38.457,0.76677,0.76682,1.37,1.00
2016.09.15 18:05:38.866,0.76678,0.76685,1.12,1.00
2016.09.15 18:05:38.918,0.76678,0.76684,2.62,1.00
2016.09.15 18:05:39.149,0.7668,0.76685,1.00,1.50
2016.09.15 18:05:39.201,0.7668,0.76686,1.50,2.25
2016.09.15 18:05:39.252,0.7668,0.76684,1.00,1.00
2016.09.15 18:05:39.433,0.76679,0.76684,1.87,1.00
2016.09.15 18:05:39.484,0.76679,0.76684,2.62,1.00
2016.09.15 18:05:39.535,0.76679,0.76684,2.62,1.00
2016.09.15 18:05:39.688,0.76677,0.76682,2.62,1.00
2016.09.15 18:05:39.739,0.76677,0.76682,1.87,1.00
2016.09.15 18:05:40.063,0.76679,0.76684,1.50,1.00
2016.09.15 18:05:40.218,0.76679,0.76684,1.00,1.00
2016.09.15 18:05:40.568,0.76679,0.76684,1.00,1.00
2016.09.15 18:05:40.647,0.76678,0.76682,1.87,1.00
2016.09.15 18:05:40.698,0.76678,0.76682,1.87,1.00
2016.09.15 18:05:40.952,0.76678,0.76683,1.87,1.00
2016.09.15 18:05:41.003,0.76678,0.76683,1.50,1.00
2016.09.15 18:05:41.054,0.76678,0.76684,1.50,1.00
2016.09.15 18:05:42.096,0.76678,0.76684,1.87,1.00
2016.09.15 18:05:42.955,0.76678,0.76684,1.50,1.00
2016.09.15 18:05:45.315,0.76678,0.76684,1.00,1.00
2016.09.15 18:05:45.557,0.76678,0.76684,1.12,1.00
2016.09.15 18:05:46.145,0.76678,0.76684,1.12,1.00
2016.09.15 18:05:46.638,0.76678,0.76682,1.12,1.00
2016.09.15 18:05:46.742,0.76678,0.76682,1.50,1.00
2016.09.15 18:05:46.943,0.7668,0.76684,1.12,1.00
2016.09.15 18:05:47.125,0.7668,0.76684,1.00,1.00
2016.09.15 18:05:47.920,0.76679,0.76683,1.00,1.00
2016.09.15 18:05:49.772,0.76679,0.76686,1.50,2.25
2016.09.15 18:05:50.634,0.76679,0.76685,1.50,1.50
2016.09.15 18:05:52.658,0.76679,0.76685,1.87,1.50
2016.09.15 18:05:52.918,0.76678,0.76682,1.50,1.00
2016.09.15 18:05:53.020,0.76678,0.76682,1.12,1.00
2016.09.15 18:05:53.071,0.76678,0.76682,1.00,1.00
2016.09.15 18:05:53.865,0.76678,0.76682,1.12,1.00
2016.09.15 18:05:53.967,0.76678,0.76682,1.00,1.00
2016.09.15 18:05:54.069,0.76678,0.76682,1.00,1.00
2016.09.15 18:05:54.684,0.76679,0.76683,1.00,1.00
2016.09.15 18:05:55.163,0.76679,0.76683,1.00,1.00
2016.09.15 18:05:55.265,0.76678,0.76682,1.00,1.00
2016.09.15 18:05:55.471,0.76678,0.76684,1.00,1.00
2016.09.15 18:05:55.727,0.76678,0.76682,1.00,1.00
2016.09.15 18:05:55.830,0.76677,0.76684,3.00,1.00
2016.09.15 18:05:56.332,0.76678,0.76684,1.00,1.00
2016.09.15 18:05:56.952,0.76678,0.76682,1.00,1.00
2016.09.15 18:05:57.003,0.76676,0.7668,2.62,1.00
2016.09.15 18:05:57.054,0.76676,0.7668,1.87,1.00
2016.09.15 18:05:57.105,0.76676,0.7668,1.50,1.00
2016.09.15 18:05:57.421,0.76676,0.76681,1.00,1.00
2016.09.15 18:05:57.472,0.76678,0.76682,1.00,1.00
2016.09.15 18:05:58.036,0.76677,0.76681,1.00,1.00
2016.09.15 18:05:58.439,0.76674,0.76679,2.25,1.00
2016.09.15 18:05:58.490,0.76675,0.7668,1.50,1.00
2016.09.15 18:05:58.542,0.76675,0.76682,1.19,1.00
2016.09.15 18:05:58.594,0.76675,0.76682,1.31,1.00
2016.09.15 18:05:58.799,0.76675,0.76682,1.19,1.00
2016.09.15 18:06:00.004,0.76675,0.7668,1.69,1.00
2016.09.15 18:06:00.106,0.76675,0.7668,1.19,1.00
2016.09.15 18:06:00.208,0.76676,0.7668,1.25,1.00
2016.09.15 18:06:00.588,0.76675,0.76679,1.25,1.00
2016.09.15 18:06:02.302,0.76673,0.76679,3.19,1.00
2016.09.15 18:06:02.354,0.76673,0.76678,2.44,1.00
2016.09.15 18:06:02.507,0.76673,0.7668,2.06,1.00
2016.09.15 18:06:02.560,0.76674,0.76679,1.50,1.00
2016.09.15 18:06:02.611,0.76674,0.76679,1.87,1.00
2016.09.15 18:06:02.713,0.76674,0.76679,2.62,1.00
2016.09.15 18:06:03.284,0.76674,0.76681,2.62,1.00
2016.09.15 18:06:03.387,0.76674,0.76681,3.75,1.00
2016.09.15 18:06:03.438,0.76675,0.76681,1.12,1.00
2016.09.15 18:06:03.734,0.76676,0.76681,1.00,1.00
2016.09.15 18:06:06.855,0.76676,0.76681,1.12,1.00
2016.09.15 18:06:07.229,0.76676,0.76681,1.00,1.00
2016.09.15 18:06:10.175,0.76676,0.76682,1.00,1.50
2016.09.15 18:06:10.445,0.76676,0.76682,1.00,1.50
2016.09.15 18:06:11.079,0.76676,0.76681,1.00,1.00
2016.09.15 18:06:11.231,0.76675,0.76681,1.87,1.00
2016.09.15 18:06:11.632,0.76675,0.76681,2.62,1.00
2016.09.15 18:06:12.604,0.76675,0.76681,1.12,1.00
2016.09.15 18:06:13.059,0.76675,0.76681,1.37,1.00
2016.09.15 18:06:13.161,0.76675,0.76681,1.12,1.00
2016.09.15 18:06:13.540,0.76677,0.76682,1.00,1.00
2016.09.15 18:06:14.026,0.76676,0.76682,1.12,1.00
2016.09.15 18:06:14.394,0.76676,0.76682,1.12,1.00
2016.09.15 18:06:14.445,0.76676,0.76682,1.00,1.00
2016.09.15 18:06:14.547,0.76678,0.76682,1.00,1.00
2016.09.15 18:06:16.743,0.76675,0.76681,1.50,1.00
2016.09.15 18:06:16.845,0.76675,0.7668,1.37,1.00
2016.09.15 18:06:16.897,0.76675,0.7668,1.50,1.00
2016.09.15 18:06:16.948,0.76675,0.7668,1.87,1.00
2016.09.15 18:06:17.103,0.76675,0.7668,1.50,1.00
2016.09.15 18:06:17.155,0.76675,0.7668,1.00,1.00
2016.09.15 18:06:17.759,0.76676,0.7668,1.00,1.00
2016.09.15 18:06:18.315,0.76674,0.76679,1.69,1.00
2016.09.15 18:06:18.367,0.76673,0.76678,3.00,1.00
2016.09.15 18:06:18.418,0.76673,0.76678,2.25,1.00
2016.09.15 18:06:18.572,0.76673,0.76678,1.87,1.00
2016.09.15 18:06:18.819,0.76673,0.76678,1.50,1.00
2016.09.15 18:06:23.060,0.76673,0.76678,1.87,1.00
2016.09.15 18:06:23.476,0.76673,0.76678,1.50,1.00
2016.09.15 18:06:26.520,0.76673,0.76679,2.25,1.00
2016.09.15 18:06:27.974,0.76673,0.7668,2.25,1.00
2016.09.15 18:06:28.025,0.76673,0.7668,2.44,1.00
2016.09.15 18:06:28.077,0.76674,0.76678,1.31,1.00
2016.09.15 18:06:28.129,0.76675,0.7668,1.00,1.00
2016.09.15 18:06:28.180,0.76673,0.7668,1.50,1.00
2016.09.15 18:06:28.393,0.76673,0.76678,1.00,1.10
2016.09.15 18:06:28.444,0.76672,0.76677,1.00,1.00
2016.09.15 18:06:29.004,0.7667,0.76677,1.00,1.00
2016.09.15 18:06:29.300,0.76669,0.76677,1.50,1.50
2016.09.15 18:06:30.383,0.7667,0.76677,1.00,1.00
2016.09.15 18:06:30.434,0.76673,0.7668,1.00,4.12
2016.09.15 18:06:30.486,0.76673,0.7668,1.00,3.75
2016.09.15 18:06:30.537,0.76674,0.7668,1.00,2.25
2016.09.15 18:06:30.611,0.76674,0.7668,1.00,1.00
2016.09.15 18:06:30.663,0.76674,0.76681,1.00,1.50
2016.09.15 18:06:31.386,0.76675,0.76681,1.00,1.00
2016.09.15 18:06:32.252,0.76674,0.76681,1.00,1.50
2016.09.15 18:06:32.355,0.76673,0.76678,1.00,1.00
2016.09.15 18:06:32.610,0.76673,0.76678,1.00,1.00
2016.09.15 18:06:34.183,0.76673,0.76678,1.50,1.00
2016.09.15 18:06:34.684,0.76672,0.76679,1.87,1.00
2016.09.15 18:06:34.736,0.76672,0.76677,1.00,1.00
2016.09.15 18:06:34.787,0.76671,0.76676,2.06,1.00
2016.09.15 18:06:34.839,0.76671,0.76676,1.50,1.00
2016.09.15 18:06:34.891,0.76669,0.76676,3.00,1.00
2016.09.15 18:06:34.942,0.76669,0.76676,1.87,1.00
2016.09.15 18:06:34.993,0.76669,0.76676,1.50,1.00
2016.09.15 18:06:35.095,0.7667,0.76675,1.00,1.00
2016.09.15 18:06:35.418,0.76668,0.76674,1.87,1.00
2016.09.15 18:06:35.470,0.76668,0.76674,1.87,1.00
2016.09.15 18:06:35.522,0.76669,0.76674,1.00,1.00
2016.09.15 18:06:35.676,0.76668,0.76674,1.12,1.00
2016.09.15 18:06:35.830,0.76668,0.76673,1.31,1.00
2016.09.15 18:06:36.102,0.76668,0.76673,1.31,1.00
2016.09.15 18:06:36.735,0.76668,0.76673,1.19,1.00
2016.09.15 18:06:37.120,0.76668,0.76673,1.00,1.00
2016.09.15 18:06:37.274,0.76667,0.76674,1.50,1.00
2016.09.15 18:06:37.325,0.76667,0.76674,1.87,1.00
2016.09.15 18:06:37.529,0.76668,0.76674,1.00,1.00
2016.09.15 18:06:38.000,0.76667,0.76674,1.87,1.00
2016.09.15 18:06:38.153,0.76668,0.76674,1.00,1.00
2016.09.15 18:06:39.334,0.76668,0.76675,1.12,1.00
2016.09.15 18:06:39.388,0.76668,0.76675,1.87,1.00
2016.09.15 18:06:39.492,0.76668,0.76675,2.62,1.00
2016.09.15 18:06:39.544,0.76668,0.76675,1.87,1.00
2016.09.15 18:06:39.647,0.76668,0.76673,1.87,1.00
2016.09.15 18:06:39.750,0.76668,0.76673,1.87,1.00
2016.09.15 18:06:39.852,0.76668,0.76673,1.50,1.00
2016.09.15 18:06:40.345,0.76668,0.76673,1.87,1.00
2016.09.15 18:06:40.449,0.76668,0.76675,1.00,1.00
2016.09.15 18:06:40.500,0.76668,0.76675,1.12,1.00
2016.09.15 18:06:40.552,0.76669,0.76676,1.00,1.00
2016.09.15 18:06:43.486,0.76668,0.76676,1.00,1.00
2016.09.15 18:06:43.538,0.76669,0.76674,1.00,1.00
2016.09.15 18:06:44.044,0.76667,0.76675,2.88,1.00
2016.09.15 18:06:44.096,0.76668,0.76675,1.00,1.00
2016.09.15 18:06:44.402,0.76668,0.76673,1.00,1.00
2016.09.15 18:06:44.453,0.76668,0.76673,1.50,1.00
2016.09.15 18:06:44.859,0.76668,0.76674,1.00,1.00
2016.09.15 18:06:44.910,0.76668,0.76675,1.50,1.00
2016.09.15 18:06:44.961,0.76668,0.76675,1.57,1.00
2016.09.15 18:06:45.918,0.76668,0.76675,1.50,1.00
2016.09.15 18:06:46.089,0.76669,0.76675,1.46,1.00
2016.09.15 18:06:46.140,0.76671,0.76678,2.13,1.00
2016.09.15 18:06:46.191,0.76673,0.76678,1.25,1.00
2016.09.15 18:06:46.973,0.76671,0.76678,2.44,1.00
2016.09.15 18:06:47.025,0.76671,0.76676,1.25,1.00
2016.09.15 18:06:47.076,0.76669,0.76676,1.69,1.00
2016.09.15 18:06:47.499,0.76669,0.76676,1.19,1.00
2016.09.15 18:06:47.601,0.76668,0.76675,1.69,1.00
2016.09.15 18:06:47.905,0.76669,0.76675,1.00,1.00
2016.09.15 18:06:48.253,0.76669,0.76676,1.87,1.00
2016.09.15 18:06:48.304,0.7667,0.76676,1.00,1.00
2016.09.15 18:06:48.766,0.76671,0.76676,1.50,1.00
2016.09.15 18:06:49.807,0.76671,0.76676,1.00,1.00
2016.09.15 18:06:49.858,0.7667,0.76676,1.25,1.00
2016.09.15 18:06:50.011,0.7667,0.76675,1.69,1.00
2016.09.15 18:06:50.164,0.7667,0.76676,1.25,1.00
2016.09.15 18:06:50.266,0.76669,0.76676,1.19,1.00
2016.09.15 18:06:50.462,0.76667,0.76673,2.06,1.00
2016.09.15 18:06:50.514,0.76667,0.76673,1.31,1.00
2016.09.15 18:06:50.565,0.76667,0.76672,1.25,1.00
2016.09.15 18:06:50.617,0.76666,0.76671,1.31,1.00
2016.09.15 18:06:50.669,0.76665,0.7667,2.44,1.00
2016.09.15 18:06:50.720,0.76665,0.7667,1.50,1.00
2016.09.15 18:06:50.772,0.76665,0.76672,1.00,1.00
2016.09.15 18:06:51.229,0.76665,0.76671,1.12,1.00
2016.09.15 18:06:51.383,0.76665,0.76671,1.12,1.00
2016.09.15 18:06:51.485,0.76667,0.76671,1.00,1.00
2016.09.15 18:06:51.587,0.76665,0.76671,1.00,1.00
2016.09.15 18:06:52.594,0.76666,0.76671,1.00,1.00
2016.09.15 18:06:52.945,0.76665,0.76671,1.50,1.00
2016.09.15 18:06:52.996,0.76665,0.76671,1.12,1.00
2016.09.15 18:06:53.202,0.76665,0.76671,1.12,1.00
2016.09.15 18:06:53.868,0.76666,0.76671,1.00,1.00
2016.09.15 18:06:54.107,0.76667,0.76675,1.50,1.00
2016.09.15 18:06:54.209,0.76668,0.76675,1.25,1.00
2016.09.15 18:06:54.311,0.76668,0.76672,1.25,1.00
2016.09.15 18:06:54.464,0.76667,0.76672,1.69,1.00
2016.09.15 18:06:54.516,0.76666,0.76671,2.06,1.00
2016.09.15 18:06:54.568,0.76666,0.76671,1.87,1.00
2016.09.15 18:06:54.619,0.76666,0.76671,1.50,1.00
2016.09.15 18:06:54.670,0.76667,0.76672,1.00,1.00
2016.09.15 18:06:55.019,0.76667,0.76672,1.25,1.00
2016.09.15 18:06:55.173,0.76666,0.76671,1.19,1.00
2016.09.15 18:06:55.224,0.76666,0.76671,1.25,1.00
2016.09.15 18:06:55.479,0.76667,0.76671,1.00,1.00
2016.09.15 18:06:55.574,0.76667,0.76671,1.12,1.00
2016.09.15 18:06:55.678,0.76667,0.76671,1.00,1.00
2016.09.15 18:06:56.497,0.76667,0.76672,1.50,1.00
2016.09.15 18:06:57.848,0.76667,0.76675,2.25,1.00
2016.09.15 18:06:57.899,0.76669,0.76675,1.50,1.00
2016.09.15 18:06:57.951,0.76669,0.76675,1.69,1.00
2016.09.15 18:06:58.219,0.7667,0.76675,1.00,1.00
2016.09.15 18:06:59.322,0.7667,0.76675,1.00,1.00
2016.09.15 18:06:59.630,0.7667,0.76676,1.87,1.00
2016.09.15 18:06:59.682,0.76672,0.76676,1.00,1.00
2016.09.15 18:07:00.190,0.76672,0.76677,1.00,1.00
2016.09.15 18:07:00.407,0.7667,0.76676,1.00,1.00
2016.09.15 18:07:01.313,0.7667,0.76676,1.25,1.00
2016.09.15 18:07:01.364,0.76672,0.76676,1.00,1.00
2016.09.15 18:07:01.813,0.7667,0.76676,1.25,1.00
2016.09.15 18:07:01.930,0.76671,0.76676,1.00,1.00
2016.09.15 18:07:03.095,0.76669,0.76676,1.31,1.00
2016.09.15 18:07:03.147,0.76668,0.76676,1.50,1.00
2016.09.15 18:07:03.198,0.76669,0.76674,1.00,1.00
2016.09.15 18:07:03.934,0.76668,0.76674,1.12,1.00
2016.09.15 18:07:04.255,0.76668,0.76674,1.00,1.00
2016.09.15 18:07:04.306,0.76668,0.76674,1.50,1.00
2016.09.15 18:07:04.357,0.76668,0.76674,1.87,1.00
2016.09.15 18:07:04.409,0.76668,0.76674,2.25,1.00
2016.09.15 18:07:04.884,0.76668,0.76674,2.25,1.00
2016.09.15 18:07:04.937,0.76669,0.76677,1.50,1.00
2016.09.15 18:07:04.988,0.76672,0.76677,1.00,1.00
2016.09.15 18:07:05.090,0.7667,0.76677,1.87,1.00
2016.09.15 18:07:05.141,0.7667,0.76677,1.50,1.00
2016.09.15 18:07:05.549,0.7667,0.76677,1.87,1.00
2016.09.15 18:07:06.092,0.76671,0.76677,1.00,1.00
2016.09.15 18:07:06.837,0.7667,0.76677,1.00,1.00
2016.09.15 18:07:07.041,0.7667,0.76677,1.50,1.00
2016.09.15 18:07:07.342,0.7667,0.76675,1.50,1.00
2016.09.15 18:07:07.393,0.7667,0.76675,1.00,1.00
2016.09.15 18:07:07.905,0.76669,0.76675,1.00,1.00
2016.09.15 18:07:08.008,0.76667,0.76675,2.06,1.00
2016.09.15 18:07:08.722,0.76667,0.76675,2.44,1.00
2016.09.15 18:07:08.773,0.76667,0.76675,2.81,1.00
2016.09.15 18:07:08.875,0.7667,0.76676,1.00,1.00
2016.09.15 18:07:08.926,0.76671,0.76678,1.00,1.00
2016.09.15 18:07:09.029,0.76669,0.76676,1.69,1.00
2016.09.15 18:07:09.080,0.76669,0.76675,1.12,1.00
2016.09.15 18:07:09.286,0.76671,0.76677,1.00,1.50
2016.09.15 18:07:09.337,0.76671,0.76678,1.00,1.00
2016.09.15 18:07:09.388,0.76671,0.76678,1.62,1.00
2016.09.15 18:07:09.440,0.7667,0.76677,5.44,1.00
2016.09.15 18:07:09.491,0.76671,0.76677,1.25,1.00
2016.09.15 18:07:10.214,0.7667,0.76677,2.81,1.00
2016.09.15 18:07:10.266,0.76668,0.76674,4.69,1.00
2016.09.15 18:07:10.318,0.76668,0.76674,4.69,1.00
2016.09.15 18:07:10.370,0.76669,0.76674,1.00,1.00
2016.09.15 18:07:10.423,0.76669,0.76674,1.12,1.00
2016.09.15 18:07:10.475,0.76669,0.76674,1.00,1.00
2016.09.15 18:07:10.628,0.76668,0.76674,1.62,1.00
2016.09.15 18:07:10.679,0.76668,0.76674,1.69,1.00
2016.09.15 18:07:10.832,0.76669,0.76674,1.12,1.00
2016.09.15 18:07:11.297,0.76669,0.76674,1.12,1.00
2016.09.15 18:07:11.349,0.76668,0.76673,1.00,1.00
2016.09.15 18:07:12.112,0.76668,0.76674,1.50,1.00
2016.09.15 18:07:12.163,0.76668,0.76674,1.00,1.00
2016.09.15 18:07:12.214,0.76669,0.76674,1.00,1.00
2016.09.15 18:07:13.210,0.76669,0.76675,1.00,1.00
2016.09.15 18:07:13.262,0.76669,0.76675,1.50,1.00
2016.09.15 18:07:13.502,0.76671,0.76677,2.06,1.00
2016.09.15 18:07:13.553,0.76672,0.76678,1.87,1.00
2016.09.15 18:07:13.604,0.76672,0.76677,2.62,1.00
2016.09.15 18:07:13.655,0.76672,0.76679,1.12,1.00
2016.09.15 18:07:13.707,0.76672,0.76679,1.12,1.00
2016.09.15 18:07:14.025,0.76672,0.76677,1.12,1.00
2016.09.15 18:07:14.123,0.76672,0.76677,1.00,1.00
2016.09.15 18:07:14.368,0.76672,0.76677,1.00,1.00
2016.09.15 18:07:14.419,0.7667,0.76677,1.37,1.00
2016.09.15 18:07:14.521,0.76671,0.76677,1.00,1.00
2016.09.15 18:07:15.032,0.7667,0.76676,1.37,1.00
2016.09.15 18:07:15.236,0.76671,0.76676,1.00,1.00
2016.09.15 18:07:15.472,0.7667,0.76676,1.50,1.00
2016.09.15 18:07:15.752,0.76672,0.76676,1.00,1.00
2016.09.15 18:07:16.057,0.76671,0.76676,1.50,1.00
2016.09.15 18:07:16.109,0.76671,0.76676,1.12,1.00
2016.09.15 18:07:16.534,0.76673,0.76677,1.00,1.00
2016.09.15 18:07:16.608,0.76673,0.76678,1.00,1.00
2016.09.15 18:07:16.660,0.76671,0.76676,2.62,1.00
2016.09.15 18:07:16.711,0.76671,0.76675,1.00,1.00
2016.09.15 18:07:16.762,0.76668,0.76672,1.57,1.00
2016.09.15 18:07:16.813,0.76668,0.76673,2.62,1.00
2016.09.15 18:07:16.900,0.76668,0.76673,2.25,1.00
2016.09.15 18:07:17.002,0.76668,0.76673,1.12,1.00
2016.09.15 18:07:17.105,0.76668,0.76673,1.12,1.00
2016.09.15 18:07:17.338,0.76668,0.76672,1.00,1.00
2016.09.15 18:07:17.389,0.76667,0.76671,1.25,1.00
2016.09.15 18:07:17.440,0.76665,0.76671,2.06,1.00
2016.09.15 18:07:17.542,0.76665,0.76671,2.44,1.00
2016.09.15 18:07:17.644,0.76665,0.76671,2.06,1.00
2016.09.15 18:07:17.695,0.76666,0.76671,1.31,1.00
2016.09.15 18:07:18.103,0.76666,0.76671,1.19,1.00
2016.09.15 18:07:18.411,0.76667,0.76671,1.25,1.00
2016.09.15 18:07:18.623,0.76666,0.76672,1.69,1.00
2016.09.15 18:07:18.674,0.76666,0.76672,2.06,1.00
2016.09.15 18:07:18.775,0.76666,0.76672,2.44,1.00
2016.09.15 18:07:19.043,0.76666,0.76672,2.81,1.00
2016.09.15 18:07:19.135,0.76666,0.76672,3.19,1.00
2016.09.15 18:07:20.037,0.76666,0.76672,2.81,1.00
2016.09.15 18:07:20.095,0.76666,0.76672,4.31,1.00
2016.09.15 18:07:20.147,0.76666,0.76672,4.69,1.00
2016.09.15 18:07:20.204,0.76666,0.76673,2.44,1.00
2016.09.15 18:07:20.303,0.76666,0.76671,2.06,1.00
2016.09.15 18:07:20.355,0.76667,0.76671,1.69,1.00
2016.09.15 18:07:20.865,0.76666,0.76671,1.69,1.00
2016.09.15 18:07:20.917,0.76666,0.76671,2.06,1.00
2016.09.15 18:07:21.019,0.76667,0.76671,1.00,1.00
2016.09.15 18:07:21.071,0.76667,0.76671,1.25,1.00
2016.09.15 18:07:21.122,0.76667,0.76671,1.31,1.00
2016.09.15 18:07:21.174,0.76666,0.76671,2.06,1.00
2016.09.15 18:07:21.225,0.76667,0.76671,1.31,1.00
2016.09.15 18:07:21.327,0.76666,0.76671,1.69,1.00
2016.09.15 18:07:21.782,0.76665,0.76671,1.12,1.00
2016.09.15 18:07:22.913,0.76665,0.76671,1.00,1.00
2016.09.15 18:07:24.450,0.76665,0.76671,1.12,1.00
2016.09.15 18:07:24.501,0.76665,0.76671,1.12,1.00
2016.09.15 18:07:24.553,0.76665,0.76671,1.50,1.00
2016.09.15 18:07:25.564,0.76664,0.76671,4.87,1.00
2016.09.15 18:07:26.407,0.76664,0.76671,3.37,1.00
2016.09.15 18:07:26.480,0.76664,0.76671,3.37,1.00
2016.09.15 18:07:26.724,0.76666,0.76671,1.00,1.00
2016.09.15 18:07:26.827,0.76666,0.76673,1.50,1.00
2016.09.15 18:07:27.084,0.76666,0.76673,2.62,1.00
2016.09.15 18:07:27.492,0.76666,0.76673,2.25,1.00
2016.09.15 18:07:28.047,0.76666,0.76673,3.00,1.00
2016.09.15 18:07:28.099,0.76668,0.76674,1.00,1.00
2016.09.15 18:07:28.150,0.76669,0.76675,1.50,1.10
2016.09.15 18:07:28.358,0.7667,0.76676,1.00,1.00
2016.09.15 18:07:28.613,0.7667,0.76676,1.50,1.00
2016.09.15 18:07:28.664,0.76671,0.76676,1.00,1.00
2016.09.15 18:07:29.174,0.76671,0.76677,1.00,1.00
2016.09.15 18:07:29.541,0.76671,0.76677,1.00,1.00
2016.09.15 18:07:30.110,0.76671,0.76678,1.00,1.00
2016.09.15 18:07:30.161,0.76672,0.76678,1.12,1.00
2016.09.15 18:07:30.365,0.76671,0.76676,1.50,1.00
2016.09.15 18:07:30.417,0.76671,0.76676,1.12,1.00
2016.09.15 18:07:30.610,0.76672,0.76676,1.12,1.00
2016.09.15 18:07:30.662,0.76672,0.76676,1.12,1.00
2016.09.15 18:07:31.235,0.76672,0.76679,1.12,1.00
2016.09.15 18:07:31.287,0.76674,0.7668,1.00,1.00
2016.09.15 18:07:31.339,0.76671,0.76678,1.87,1.00
2016.09.15 18:07:31.390,0.76671,0.76678,3.19,1.00
2016.09.15 18:07:31.556,0.76674,0.7668,1.00,1.00
2016.09.15 18:07:31.611,0.76674,0.76682,2.06,1.00
2016.09.15 18:07:31.700,0.76675,0.76682,1.50,1.00
2016.09.15 18:07:31.854,0.76676,0.76682,1.00,1.00
2016.09.15 18:07:31.989,0.76675,0.7668,2.25,1.00
2016.09.15 18:07:32.040,0.76675,0.7668,1.87,1.00
2016.09.15 18:07:32.294,0.76675,0.7668,1.25,1.00
2016.09.15 18:07:32.448,0.76676,0.7668,1.00,1.00
2016.09.15 18:07:32.656,0.76676,0.7668,1.12,1.00
2016.09.15 18:07:32.707,0.76676,0.76682,1.12,1.00
2016.09.15 18:07:33.420,0.76676,0.76684,1.12,1.00
2016.09.15 18:07:33.674,0.76676,0.76684,1.00,1.00
2016.09.15 18:07:34.546,0.76676,0.76684,1.12,1.00
2016.09.15 18:07:34.649,0.76677,0.76685,1.00,1.00
2016.09.15 18:07:35.140,0.76677,0.76685,1.00,1.00
2016.09.15 18:07:35.400,0.76677,0.76683,1.12,1.00
2016.09.15 18:07:36.342,0.76677,0.76683,1.50,1.00
2016.09.15 18:07:36.444,0.76677,0.76683,1.12,1.00
2016.09.15 18:07:36.648,0.76678,0.76682,1.00,1.00
2016.09.15 18:07:38.957,0.76677,0.76682,1.00,1.00
2016.09.15 18:07:39.212,0.76677,0.76683,1.00,1.00
2016.09.15 18:07:39.263,0.76675,0.76682,1.87,1.00
2016.09.15 18:07:39.314,0.76675,0.76682,1.37,1.00
2016.09.15 18:07:39.366,0.76674,0.76682,1.00,1.00
2016.09.15 18:07:39.417,0.76674,0.76682,1.87,1.00
2016.09.15 18:07:39.469,0.76678,0.76685,1.00,1.57
2016.09.15 18:07:39.657,0.76677,0.76683,1.00,1.00
2016.09.15 18:07:39.709,0.76679,0.76686,1.00,1.00
2016.09.15 18:07:40.213,0.76678,0.76686,1.00,1.00
2016.09.15 18:07:40.729,0.76678,0.76684,1.00,1.00
2016.09.15 18:07:40.934,0.76678,0.76685,1.50,1.00
2016.09.15 18:07:40.986,0.76678,0.76685,1.00,1.00
2016.09.15 18:07:41.090,0.76677,0.76684,1.87,1.00
2016.09.15 18:07:41.143,0.76677,0.76683,1.50,1.00
2016.09.15 18:07:41.194,0.76676,0.76683,2.62,1.00
2016.09.15 18:07:41.245,0.76676,0.76683,1.87,1.00
2016.09.15 18:07:41.296,0.76675,0.76683,2.44,1.00
2016.09.15 18:07:41.548,0.76676,0.76681,1.12,1.00
2016.09.15 18:07:41.600,0.76676,0.76681,1.00,1.00
2016.09.15 18:07:42.144,0.76676,0.76682,1.00,1.00
2016.09.15 18:07:42.195,0.76677,0.76682,1.00,1.00
2016.09.15 18:07:42.298,0.76677,0.76683,1.25,1.00
2016.09.15 18:07:42.445,0.76677,0.76683,1.31,1.00
2016.09.15 18:07:42.500,0.76677,0.76684,2.06,1.00
2016.09.15 18:07:42.551,0.76679,0.76684,1.00,1.00
2016.09.15 18:07:42.653,0.76679,0.76684,1.00,1.00
2016.09.15 18:07:42.808,0.76677,0.76682,3.56,1.00
2016.09.15 18:07:42.860,0.76677,0.76683,1.50,1.50
2016.09.15 18:07:42.911,0.76675,0.76683,4.01,1.50
2016.09.15 18:07:42.962,0.76675,0.76683,3.75,1.50
2016.09.15 18:07:43.159,0.76675,0.76683,1.50,1.50
2016.09.15 18:07:43.331,0.76675,0.76682,1.50,1.00
2016.09.15 18:07:43.382,0.76675,0.76682,1.87,1.00
2016.09.15 18:07:43.434,0.76676,0.76682,1.00,1.00
2016.09.15 18:07:43.638,0.76679,0.76684,1.00,1.00
2016.09.15 18:07:43.689,0.76679,0.76685,1.50,1.00
2016.09.15 18:07:43.741,0.76681,0.76686,1.00,1.00
2016.09.15 18:07:44.265,0.76682,0.76686,1.00,1.00
2016.09.15 18:07:44.316,0.76682,0.76687,1.00,1.00
2016.09.15 18:07:44.367,0.7668,0.76687,1.50,1.00
2016.09.15 18:07:46.138,0.76682,0.76688,1.00,1.00
2016.09.15 18:07:46.190,0.76682,0.7669,1.00,1.00
2016.09.15 18:07:47.000,0.76683,0.76688,1.00,1.00
2016.09.15 18:07:47.248,0.76682,0.76689,2.25,1.00
2016.09.15 18:07:47.402,0.76682,0.76689,1.50,1.00
2016.09.15 18:07:47.605,0.76682,0.76689,1.87,1.00
2016.09.15 18:07:47.656,0.76686,0.7669,1.00,1.00
2016.09.15 18:07:48.366,0.76683,0.76689,1.50,1.00
2016.09.15 18:07:48.518,0.76683,0.76689,1.00,1.00
2016.09.15 18:07:48.570,0.76682,0.76689,2.25,1.00
2016.09.15 18:07:49.006,0.76683,0.76689,1.00,1.00
2016.09.15 18:07:49.212,0.76683,0.76689,1.12,1.00
2016.09.15 18:07:49.314,0.76683,0.76689,1.87,1.00
2016.09.15 18:07:49.577,0.76684,0.76689,1.00,1.00
2016.09.15 18:07:50.121,0.76684,0.76689,1.00,1.00
2016.09.15 18:07:50.223,0.76683,0.76687,1.50,1.00
2016.09.15 18:07:50.275,0.76683,0.76687,1.00,1.00
2016.09.15 18:07:50.588,0.76679,0.76683,1.12,1.00
2016.09.15 18:07:50.640,0.76678,0.76683,1.00,1.00
2016.09.15 18:07:50.742,0.76677,0.76683,4.87,1.00
2016.09.15 18:07:50.844,0.76677,0.76683,4.12,1.00
2016.09.15 18:07:51.218,0.76679,0.76683,1.00,1.00
2016.09.15 18:07:51.407,0.76677,0.76682,3.37,1.00
2016.09.15 18:07:51.504,0.76677,0.76681,1.12,1.00
2016.09.15 18:07:51.607,0.76677,0.76681,1.00,1.00
2016.09.15 18:07:51.695,0.76676,0.76681,1.50,1.00
2016.09.15 18:07:52.019,0.76676,0.76681,1.37,1.00
2016.09.15 18:07:52.070,0.76676,0.76681,1.50,1.00
2016.09.15 18:07:52.122,0.76678,0.76682,1.00,1.00
2016.09.15 18:07:52.173,0.76677,0.76681,1.12,1.00
2016.09.15 18:07:52.430,0.76678,0.76684,1.00,1.00
2016.09.15 18:07:52.736,0.7668,0.76684,1.00,1.00
2016.09.15 18:07:52.991,0.76679,0.76683,1.12,1.00
2016.09.15 18:07:53.042,0.76679,0.76683,1.00,1.00
2016.09.15 18:07:53.144,0.76679,0.76684,1.00,1.00
2016.09.15 18:07:53.329,0.76679,0.76684,1.37,1.00
2016.09.15 18:07:53.380,0.76679,0.76686,1.37,1.00
2016.09.15 18:07:53.432,0.76679,0.76686,1.50,1.00
2016.09.15 18:07:53.534,0.76679,0.76686,1.12,1.00
2016.09.15 18:07:53.636,0.76679,0.76684,1.12,1.00
2016.09.15 18:07:53.738,0.76679,0.76684,1.00,1.00
2016.09.15 18:07:53.790,0.76678,0.76683,1.12,1.00
2016.09.15 18:07:53.842,0.76677,0.76682,1.50,1.00
2016.09.15 18:07:53.894,0.76677,0.76682,1.00,1.00
2016.09.15 18:07:54.144,0.76677,0.76682,1.12,1.00
2016.09.15 18:07:54.301,0.76677,0.76682,1.00,1.00
2016.09.15 18:07:54.353,0.76678,0.76684,1.00,1.00
2016.09.15 18:07:54.404,0.76678,0.76684,1.50,1.00
2016.09.15 18:07:54.507,0.76678,0.76682,1.12,1.00
2016.09.15 18:07:54.558,0.76677,0.76682,2.25,1.00
2016.09.15 18:07:54.610,0.76677,0.76682,1.87,1.00
2016.09.15 18:07:54.661,0.7668,0.76684,1.00,1.00
2016.09.15 18:07:55.000,0.76677,0.76683,2.25,1.00
2016.09.15 18:07:55.051,0.76677,0.76683,2.62,1.00
2016.09.15 18:07:55.154,0.76677,0.76682,1.37,1.00
2016.09.15 18:07:55.432,0.76677,0.76682,1.87,1.00
2016.09.15 18:07:55.864,0.76677,0.76682,2.25,1.00
2016.09.15 18:07:55.966,0.76677,0.76682,1.87,1.00
2016.09.15 18:07:56.159,0.76677,0.76683,3.37,1.00
2016.09.15 18:07:56.435,0.76677,0.76682,1.50,1.00
2016.09.15 18:07:56.537,0.76677,0.76681,1.12,1.00
2016.09.15 18:07:56.872,0.76677,0.76681,1.12,1.00
2016.09.15 18:07:56.970,0.76676,0.76681,1.50,1.00
2016.09.15 18:07:57.187,0.76675,0.76682,6.00,1.00
2016.09.15 18:07:57.240,0.76676,0.76681,1.12,1.00
2016.09.15 18:07:57.291,0.76675,0.76681,1.87,1.00
2016.09.15 18:07:57.342,0.76675,0.7668,1.12,1.00
2016.09.15 18:07:57.394,0.76675,0.7668,1.00,1.00
2016.09.15 18:07:57.939,0.76675,0.76679,1.00,1.00
2016.09.15 18:07:59.208,0.76676,0.7668,1.00,1.00
2016.09.15 18:07:59.615,0.76674,0.76679,1.87,1.00
2016.09.15 18:07:59.973,0.76675,0.76679,1.00,1.00
2016.09.15 18:08:01.006,0.76676,0.7668,1.00,1.00
2016.09.15 18:08:01.057,0.76676,0.7668,1.00,1.00
2016.09.15 18:08:01.961,0.76676,0.76681,1.00,1.00
2016.09.15 18:08:02.465,0.76676,0.7668,1.00,1.00
2016.09.15 18:08:02.620,0.76674,0.76679,3.37,1.00
2016.09.15 18:08:02.671,0.76674,0.76679,2.62,1.00
2016.09.15 18:08:02.877,0.76674,0.76679,1.87,1.00
2016.09.15 18:08:02.980,0.76674,0.76679,1.12,1.00
2016.09.15 18:08:03.591,0.76674,0.76681,1.75,1.00
2016.09.15 18:08:03.775,0.76674,0.76681,2.25,1.00
2016.09.15 18:08:03.877,0.76674,0.76679,1.50,1.00
2016.09.15 18:08:04.463,0.76674,0.76679,1.00,1.00
2016.09.15 18:08:05.305,0.76675,0.76679,1.00,1.00
2016.09.15 18:08:06.199,0.76675,0.7668,1.37,1.00
2016.09.15 18:08:06.680,0.76675,0.76681,1.50,1.00
2016.09.15 18:08:07.121,0.76673,0.76679,2.62,1.00
2016.09.15 18:08:07.173,0.76673,0.76679,1.87,1.00
2016.09.15 18:08:07.477,0.76672,0.76679,1.12,1.00
2016.09.15 18:08:07.528,0.76671,0.76677,3.00,1.00
2016.09.15 18:08:07.580,0.76671,0.76676,2.25,1.00
2016.09.15 18:08:07.631,0.76671,0.76676,1.00,1.00
2016.09.15 18:08:07.837,0.76672,0.76677,1.00,1.00
2016.09.15 18:08:08.385,0.76672,0.76678,1.00,1.00
2016.09.15 18:08:09.994,0.76672,0.76678,1.50,1.00
2016.09.15 18:08:10.045,0.76672,0.76678,1.87,1.00
2016.09.15 18:08:10.096,0.76672,0.76678,1.95,1.00
2016.09.15 18:08:10.147,0.76672,0.76678,2.32,1.00
2016.09.15 18:08:10.394,0.76674,0.76678,1.00,1.00
2016.09.15 18:08:11.382,0.76673,0.76677,1.00,1.00
2016.09.15 18:08:11.960,0.76672,0.76677,1.20,1.00
2016.09.15 18:08:12.020,0.76673,0.76677,1.00,1.00
2016.09.15 18:08:12.072,0.76672,0.76676,1.12,1.00
2016.09.15 18:08:12.901,0.76672,0.76676,1.00,1.00
2016.09.15 18:08:13.436,0.76673,0.76677,1.00,1.00
2016.09.15 18:08:13.949,0.76672,0.76677,1.00,1.00
2016.09.15 18:08:14.551,0.76672,0.76677,1.00,1.00
2016.09.15 18:08:14.806,0.76674,0.76681,1.00,1.00
2016.09.15 18:08:14.910,0.76676,0.76681,1.00,1.00
2016.09.15 18:08:15.238,0.76674,0.76681,1.50,1.00
2016.09.15 18:08:15.344,0.76674,0.76679,1.00,1.00
2016.09.15 18:08:15.399,0.76674,0.7668,1.00,1.00
2016.09.15 18:08:15.450,0.76674,0.7668,1.00,1.00
2016.09.15 18:08:15.553,0.76674,0.76681,1.12,1.00
2016.09.15 18:08:15.604,0.76675,0.76682,1.00,1.00
2016.09.15 18:08:15.757,0.76676,0.76683,1.50,1.00
2016.09.15 18:08:16.050,0.76676,0.76683,2.25,1.00
2016.09.15 18:08:16.374,0.76676,0.76683,1.50,1.00
2016.09.15 18:08:16.427,0.76677,0.76684,1.00,1.00
2016.09.15 18:08:16.692,0.76676,0.76684,2.25,1.00
2016.09.15 18:08:16.879,0.76676,0.76684,1.50,1.00
2016.09.15 18:08:17.526,0.76677,0.76682,1.00,1.00
2016.09.15 18:08:20.773,0.76676,0.76682,1.00,1.00
2016.09.15 18:08:23.585,0.76676,0.76682,1.50,1.00
2016.09.15 18:08:23.638,0.76677,0.76683,1.00,1.00
2016.09.15 18:08:24.301,0.76677,0.76683,1.50,1.00
2016.09.15 18:08:24.584,0.76677,0.76683,1.00,1.00
2016.09.15 18:08:24.992,0.76676,0.76683,1.50,1.00
2016.09.15 18:08:25.043,0.76677,0.76683,1.00,1.00
2016.09.15 18:08:28.172,0.76677,0.76683,1.00,1.00
2016.09.15 18:08:28.483,0.76677,0.76684,1.50,1.00
2016.09.15 18:08:29.354,0.76676,0.76684,2.25,1.00
2016.09.15 18:08:29.405,0.76675,0.7668,1.50,1.00
2016.09.15 18:08:29.457,0.76675,0.76679,1.00,1.00
2016.09.15 18:08:29.508,0.76674,0.7668,1.00,1.00
2016.09.15 18:08:29.752,0.76672,0.76677,1.50,1.00
2016.09.15 18:08:29.804,0.76675,0.7668,1.00,1.00
2016.09.15 18:08:29.906,0.76673,0.7668,1.50,1.00
2016.09.15 18:08:29.957,0.76676,0.7668,1.00,1.00
2016.09.15 18:08:30.568,0.76674,0.7668,1.00,1.00
2016.09.15 18:08:30.894,0.76674,0.7668,1.00,1.00
2016.09.15 18:08:30.996,0.76672,0.7668,1.50,1.00
2016.09.15 18:08:31.252,0.76671,0.76679,1.87,1.00
2016.09.15 18:08:31.405,0.76671,0.76678,1.12,1.00
2016.09.15 18:08:31.507,0.76671,0.76678,1.87,1.00
2016.09.15 18:08:31.780,0.76671,0.76678,1.12,1.00
2016.09.15 18:08:31.990,0.76672,0.76678,1.00,1.00
2016.09.15 18:08:32.310,0.76672,0.76678,1.37,1.00
2016.09.15 18:08:32.412,0.76673,0.76678,1.00,1.00
2016.09.15 18:08:32.514,0.76672,0.76678,1.50,1.00
2016.09.15 18:08:32.866,0.76672,0.76678,1.50,1.00
2016.09.15 18:08:33.231,0.76673,0.76678,1.00,1.00
2016.09.15 18:08:33.333,0.76672,0.76679,2.25,1.00
2016.09.15 18:08:34.424,0.76672,0.76679,2.62,1.00
2016.09.15 18:08:34.526,0.76673,0.76679,1.00,1.00
2016.09.15 18:08:34.629,0.76672,0.76679,2.25,1.00
2016.09.15 18:08:34.717,0.76673,0.76679,1.12,1.00
2016.09.15 18:08:34.986,0.76673,0.76679,1.00,1.00
2016.09.15 18:08:35.108,0.76673,0.76679,1.37,1.00
2016.09.15 18:08:36.148,0.76673,0.7668,1.37,1.00
2016.09.15 18:08:36.506,0.76673,0.7668,1.87,1.00
2016.09.15 18:08:37.714,0.76673,0.7668,1.37,1.00
2016.09.15 18:08:37.765,0.76674,0.7668,1.12,1.00
2016.09.15 18:08:39.153,0.76674,0.76679,1.12,1.00
2016.09.15 18:08:39.407,0.76673,0.76679,1.37,1.00
2016.09.15 18:08:39.509,0.76673,0.76679,1.37,1.00
2016.09.15 18:08:40.712,0.76674,0.76679,1.00,1.00
2016.09.15 18:08:41.010,0.76673,0.76679,1.50,1.00
2016.09.15 18:08:41.108,0.76674,0.76679,1.00,1.00
2016.09.15 18:08:41.218,0.76673,0.76679,1.50,1.00
2016.09.15 18:08:41.269,0.76673,0.76679,1.50,1.00
2016.09.15 18:08:41.523,0.76673,0.76679,1.37,1.00
2016.09.15 18:08:41.733,0.76674,0.76679,1.00,1.00
2016.09.15 18:08:41.835,0.76673,0.76679,1.37,1.00
2016.09.15 18:08:41.937,0.76674,0.76679,1.00,1.00
2016.09.15 18:08:42.473,0.76675,0.76679,1.00,1.00
2016.09.15 18:08:45.536,0.76674,0.76679,1.00,1.00
2016.09.15 18:08:45.965,0.76673,0.76681,1.50,1.00
2016.09.15 18:08:46.017,0.76674,0.76681,1.12,1.00
2016.09.15 18:08:46.068,0.76675,0.7668,1.00,1.00
2016.09.15 18:08:46.424,0.76674,0.76682,2.25,1.00
2016.09.15 18:08:46.475,0.76675,0.76682,1.50,1.00
2016.09.15 18:08:46.681,0.76677,0.76682,1.12,1.00
2016.09.15 18:08:46.822,0.76678,0.76683,1.00,1.00
2016.09.15 18:08:47.421,0.76678,0.76683,1.12,1.00
2016.09.15 18:08:47.902,0.76678,0.76683,1.87,1.00
2016.09.15 18:08:48.055,0.76678,0.76686,1.37,1.00
2016.09.15 18:08:48.254,0.76678,0.76686,1.00,1.00
2016.09.15 18:08:48.306,0.76677,0.76685,1.50,1.00
2016.09.15 18:08:48.520,0.76677,0.76685,1.12,1.00
2016.09.15 18:08:48.571,0.76677,0.76685,1.87,1.00
2016.09.15 18:08:48.878,0.76677,0.76685,1.12,1.00
2016.09.15 18:08:48.929,0.76677,0.76685,1.00,1.00
2016.09.15 18:08:49.824,0.76677,0.76685,1.00,1.00
2016.09.15 18:08:50.578,0.76677,0.76685,1.00,1.00
2016.09.15 18:08:50.630,0.76677,0.76685,1.00,1.00
2016.09.15 18:08:51.103,0.76677,0.76685,1.50,1.00
2016.09.15 18:08:52.062,0.76677,0.76684,1.50,1.00
2016.09.15 18:08:52.318,0.76678,0.76684,1.00,1.00
2016.09.15 18:08:55.890,0.76682,0.76686,1.00,1.00
2016.09.15 18:09:01.359,0.76683,0.76687,1.00,1.00
2016.09.15 18:09:02.747,0.76684,0.76688,1.00,1.00
2016.09.15 18:09:03.417,0.76683,0.76687,1.00,1.00
2016.09.15 18:09:04.623,0.76682,0.76686,1.00,1.00
2016.09.15 18:09:07.731,0.76683,0.76687,1.00,1.00
2016.09.15 18:09:08.244,0.76682,0.76686,1.00,1.00
2016.09.15 18:09:08.772,0.76683,0.76687,1.00,1.00
2016.09.15 18:09:09.945,0.76682,0.76686,1.00,1.00
2016.09.15 18:09:10.496,0.76683,0.76687,1.00,1.00
2016.09.15 18:09:12.097,0.76681,0.76687,1.00,1.00
2016.09.15 18:09:12.357,0.76682,0.76686,1.00,1.00
2016.09.15 18:09:12.412,0.76678,0.76683,1.00,1.00
2016.09.15 18:09:12.923,0.76677,0.76683,1.00,1.00
2016.09.15 18:09:13.159,0.76676,0.76683,1.00,1.10
2016.09.15 18:09:13.210,0.76678,0.76683,1.00,1.57
2016.09.15 18:09:13.261,0.76676,0.76683,1.00,1.10
2016.09.15 18:09:13.516,0.76678,0.76683,1.00,1.10
2016.09.15 18:09:13.987,0.76678,0.76684,1.12,1.00
2016.09.15 18:09:14.038,0.76683,0.76687,1.00,2.25
2016.09.15 18:09:14.105,0.76682,0.76687,1.00,1.00
2016.09.15 18:09:14.615,0.76683,0.76687,1.00,1.00
2016.09.15 18:09:16.306,0.7668,0.76687,1.00,1.00
2016.09.15 18:09:16.511,0.7668,0.76688,1.00,1.50
2016.09.15 18:09:17.235,0.76679,0.76684,1.00,1.00
2016.09.15 18:09:18.058,0.7668,0.76685,1.00,1.00
2016.09.15 18:09:18.357,0.76682,0.76686,1.00,1.00
2016.09.15 18:09:19.019,0.76682,0.76686,1.00,1.00
2016.09.15 18:09:19.223,0.76681,0.76686,1.50,1.00
2016.09.15 18:09:19.718,0.76681,0.76686,1.00,1.00
2016.09.15 18:09:20.891,0.7668,0.76686,1.00,1.00
2016.09.15 18:09:21.153,0.7668,0.76686,1.00,1.00
2016.09.15 18:09:21.735,0.7668,0.76685,1.00,1.00
2016.09.15 18:09:23.296,0.7668,0.76687,1.00,1.00
2016.09.15 18:09:23.348,0.76681,0.76685,1.00,1.00
2016.09.15 18:09:23.552,0.76678,0.76683,1.87,1.00
2016.09.15 18:09:23.735,0.76678,0.76683,1.37,1.00
2016.09.15 18:09:23.786,0.76678,0.76683,1.25,1.00
2016.09.15 18:09:24.282,0.76679,0.76684,1.00,1.00
2016.09.15 18:09:24.333,0.76679,0.76684,1.50,1.00
2016.09.15 18:09:24.385,0.76679,0.76684,1.87,1.00
2016.09.15 18:09:24.436,0.76681,0.76685,1.00,1.00
2016.09.15 18:09:24.724,0.76681,0.76685,1.50,1.00
2016.09.15 18:09:26.576,0.76682,0.76686,1.00,1.00
2016.09.15 18:09:27.101,0.76681,0.76685,1.00,1.00
2016.09.15 18:09:27.266,0.76683,0.76688,1.12,1.00
2016.09.15 18:09:27.317,0.76683,0.76689,1.12,1.50
2016.09.15 18:09:27.369,0.76684,0.76688,1.12,1.00
2016.09.15 18:09:27.471,0.76683,0.76688,1.87,1.00
2016.09.15 18:09:27.898,0.76683,0.76688,1.37,1.00
2016.09.15 18:09:28.120,0.76683,0.7669,1.37,1.00
2016.09.15 18:09:28.173,0.76685,0.76689,1.00,1.00
2016.09.15 18:09:28.275,0.76682,0.76689,3.37,1.00
2016.09.15 18:09:28.326,0.76683,0.76689,1.00,1.00
2016.09.15 18:09:28.377,0.76682,0.76688,1.87,1.00
2016.09.15 18:09:28.429,0.76683,0.76687,1.00,1.00
2016.09.15 18:09:28.480,0.76683,0.76687,1.00,1.00
2016.09.15 18:09:28.843,0.7668,0.76687,1.10,1.00
2016.09.15 18:09:28.946,0.76681,0.76688,1.00,1.00
2016.09.15 18:09:30.220,0.76681,0.76688,1.87,1.00
2016.09.15 18:09:30.271,0.76683,0.76688,1.00,1.00
2016.09.15 18:09:30.808,0.76683,0.76689,1.00,1.00
2016.09.15 18:09:31.064,0.76683,0.76689,1.50,1.00
2016.09.15 18:09:31.115,0.76683,0.76687,1.50,1.00
2016.09.15 18:09:31.167,0.76682,0.76687,1.00,1.00
2016.09.15 18:09:31.271,0.76679,0.76686,3.37,1.00
2016.09.15 18:09:31.322,0.76679,0.76686,2.62,1.00
2016.09.15 18:09:31.373,0.76679,0.76686,1.87,1.00
2016.09.15 18:09:31.980,0.76679,0.76686,1.12,1.00
2016.09.15 18:09:32.031,0.76679,0.76683,1.00,1.00
2016.09.15 18:09:32.082,0.76678,0.76683,1.12,1.00
2016.09.15 18:09:32.593,0.76678,0.76684,1.12,1.00
2016.09.15 18:09:32.874,0.76678,0.76684,1.00,1.00
2016.09.15 18:09:33.549,0.76679,0.76684,1.00,1.00
2016.09.15 18:09:35.440,0.76679,0.76684,1.50,1.00
2016.09.15 18:09:35.622,0.76679,0.76685,2.25,1.00
2016.09.15 18:09:35.674,0.76681,0.76685,1.00,1.00
2016.09.15 18:09:35.776,0.76681,0.76685,1.50,1.00
2016.09.15 18:09:35.828,0.76681,0.76685,1.87,1.00
2016.09.15 18:09:35.980,0.76681,0.76685,1.12,1.00
2016.09.15 18:09:36.031,0.76681,0.76685,1.00,1.00
2016.09.15 18:09:37.095,0.76681,0.76686,1.00,1.00
2016.09.15 18:09:37.146,0.7668,0.76686,1.12,1.00
2016.09.15 18:09:37.248,0.7668,0.76686,1.00,1.00
2016.09.15 18:09:37.421,0.76679,0.76686,1.00,1.00
2016.09.15 18:09:37.934,0.76679,0.76685,1.00,1.00
2016.09.15 18:09:38.856,0.7668,0.76685,1.00,1.00
2016.09.15 18:09:40.154,0.76678,0.76685,1.50,1.00
2016.09.15 18:09:40.359,0.76678,0.76685,1.00,1.00
2016.09.15 18:09:40.968,0.76678,0.76684,1.00,1.00
2016.09.15 18:09:41.851,0.76678,0.76683,1.00,1.00
2016.09.15 18:09:43.264,0.76678,0.76684,1.00,1.00
2016.09.15 18:09:43.645,0.76678,0.76684,1.12,1.00
2016.09.15 18:09:43.696,0.76678,0.76684,1.12,1.00
2016.09.15 18:09:43.798,0.76678,0.76684,1.12,1.00
2016.09.15 18:09:43.850,0.76678,0.76684,1.00,1.00
2016.09.15 18:09:44.426,0.76678,0.76684,1.50,1.00
2016.09.15 18:09:44.681,0.76678,0.76684,1.00,1.00
2016.09.15 18:09:45.288,0.76679,0.76684,1.00,1.00
2016.09.15 18:09:45.796,0.76678,0.76684,1.50,1.00
2016.09.15 18:09:46.064,0.76679,0.76684,1.00,1.00
2016.09.15 18:09:46.167,0.76679,0.76684,1.50,1.00
2016.09.15 18:09:46.370,0.76679,0.76685,1.00,1.00
2016.09.15 18:09:46.857,0.76683,0.76688,1.87,1.00
2016.09.15 18:09:46.909,0.76683,0.7669,1.87,1.50
2016.09.15 18:09:46.961,0.76684,0.7669,1.12,1.00
2016.09.15 18:09:47.165,0.76684,0.7669,1.10,1.00
2016.09.15 18:09:47.267,0.76684,0.7669,1.00,1.00
2016.09.15 18:09:47.695,0.76684,0.7669,1.00,1.00
2016.09.15 18:09:47.856,0.76683,0.7669,1.12,1.00
2016.09.15 18:09:47.907,0.76685,0.76692,1.00,1.00
2016.09.15 18:09:48.417,0.76686,0.76692,1.00,1.00
2016.09.15 18:09:49.049,0.76687,0.76692,1.00,1.00
2016.09.15 18:09:50.955,0.76685,0.76693,1.50,1.00
2016.09.15 18:09:51.660,0.76685,0.76693,2.25,1.00
2016.09.15 18:09:51.876,0.76687,0.76693,1.00,1.00
2016.09.15 18:09:51.979,0.76686,0.76693,1.00,1.00
2016.09.15 18:09:52.081,0.76686,0.76693,1.50,1.00
2016.09.15 18:09:55.214,0.76689,0.76694,1.00,1.00
2016.09.15 18:09:55.265,0.76687,0.76693,1.00,1.00
2016.09.15 18:09:55.316,0.76687,0.76693,1.50,1.00
2016.09.15 18:09:55.367,0.76687,0.76693,1.00,1.00
2016.09.15 18:09:55.469,0.7669,0.76694,1.00,1.00
2016.09.15 18:09:55.572,0.76691,0.76697,1.00,1.00
2016.09.15 18:09:55.929,0.76691,0.76695,1.00,1.00
2016.09.15 18:09:56.439,0.7669,0.76694,1.00,1.00
2016.09.15 18:09:56.592,0.7669,0.76694,1.12,1.00
2016.09.15 18:09:56.683,0.7669,0.76696,1.87,1.00
2016.09.15 18:09:56.734,0.7669,0.76696,1.50,1.00
2016.09.15 18:09:56.785,0.76691,0.76696,1.00,1.00
2016.09.15 18:09:58.040,0.76691,0.76695,1.00,1.00
2016.09.15 18:09:58.091,0.76692,0.76696,1.00,1.00
2016.09.15 18:09:58.451,0.76692,0.76696,1.00,1.00
2016.09.15 18:10:01.860,0.76692,0.76698,1.00,1.00
2016.09.15 18:10:01.964,0.76693,0.76699,1.19,1.00
2016.09.15 18:10:02.015,0.76694,0.76699,1.25,1.00
2016.09.15 18:10:02.119,0.76695,0.76699,1.00,1.00
2016.09.15 18:10:03.013,0.76694,0.76699,1.25,1.00
2016.09.15 18:10:03.822,0.76694,0.767,1.25,1.00
2016.09.15 18:10:04.384,0.76694,0.767,1.25,1.00
2016.09.15 18:10:04.588,0.76693,0.76698,1.19,1.00
2016.09.15 18:10:05.033,0.76694,0.76699,1.25,1.00
2016.09.15 18:10:06.898,0.76693,0.76697,1.25,1.00
2016.09.15 18:10:07.001,0.76692,0.76698,1.69,1.00
2016.09.15 18:10:07.269,0.76692,0.76698,1.19,1.00
2016.09.15 18:10:07.321,0.76691,0.76696,1.25,1.00
2016.09.15 18:10:07.575,0.76691,0.76696,1.19,1.00
2016.09.15 18:10:07.830,0.76692,0.76696,1.25,1.00
2016.09.15 18:10:08.084,0.76692,0.76696,1.25,1.00
2016.09.15 18:10:08.403,0.76692,0.76696,1.25,1.00
2016.09.15 18:10:08.505,0.76692,0.76697,1.19,1.00
2016.09.15 18:10:09.167,0.76692,0.76697,1.31,1.00
2016.09.15 18:10:09.219,0.76692,0.76699,1.31,1.00
2016.09.15 18:10:09.271,0.76694,0.767,2.44,1.00
2016.09.15 18:10:09.322,0.76694,0.767,3.19,1.00
2016.09.15 18:10:09.374,0.76694,0.767,2.06,1.00
2016.09.15 18:10:09.614,0.76694,0.767,1.31,1.00
2016.09.15 18:10:09.921,0.76696,0.767,1.00,1.00
2016.09.15 18:10:10.023,0.76696,0.76701,2.10,1.00
2016.09.15 18:10:10.074,0.76698,0.76705,1.50,1.00
2016.09.15 18:10:10.125,0.76701,0.76706,1.00,1.00
2016.09.15 18:10:10.227,0.76704,0.76708,1.00,1.00
2016.09.15 18:10:10.485,0.767,0.76704,2.06,1.00
2016.09.15 18:10:10.538,0.76698,0.76705,1.69,1.00
2016.09.15 18:10:10.590,0.767,0.76706,1.00,1.00
2016.09.15 18:10:11.101,0.76701,0.76707,1.00,1.00
2016.09.15 18:10:12.276,0.76701,0.76707,1.00,1.12
2016.09.15 18:10:12.378,0.76702,0.76707,1.00,2.62
2016.09.15 18:10:12.572,0.767,0.76705,1.00,1.00
2016.09.15 18:10:12.624,0.767,0.76705,1.00,1.50
2016.09.15 18:10:12.675,0.767,0.76705,1.00,1.87
2016.09.15 18:10:13.064,0.767,0.76705,1.00,1.87
2016.09.15 18:10:13.115,0.767,0.76705,1.00,1.50
2016.09.15 18:10:13.387,0.767,0.76704,1.00,1.00
2016.09.15 18:10:14.023,0.76698,0.76704,1.00,1.00
2016.09.15 18:10:14.529,0.76699,0.76704,1.00,1.00
2016.09.15 18:10:15.050,0.76697,0.76704,1.00,1.00
2016.09.15 18:10:15.527,0.76697,0.76703,1.00,1.00
2016.09.15 18:10:15.578,0.76696,0.76701,1.00,1.00
2016.09.15 18:10:16.045,0.76696,0.76702,1.00,1.50
2016.09.15 18:10:16.300,0.76696,0.76701,1.00,1.00
2016.09.15 18:10:16.403,0.76696,0.76702,1.00,1.00
2016.09.15 18:10:16.505,0.76696,0.76703,1.00,2.62
2016.09.15 18:10:16.607,0.76696,0.76703,1.00,1.12
2016.09.15 18:10:16.699,0.76696,0.76703,1.00,1.12
2016.09.15 18:10:16.802,0.76696,0.76701,1.00,1.00
2016.09.15 18:10:17.261,0.76694,0.76701,1.00,1.00
2016.09.15 18:10:17.312,0.76693,0.76699,1.00,1.00
2016.09.15 18:10:18.318,0.76693,0.767,1.00,1.50
2016.09.15 18:10:19.165,0.76693,0.76699,1.00,1.00
2016.09.15 18:10:20.524,0.76693,0.76699,1.00,1.00
2016.09.15 18:10:21.199,0.76693,0.767,1.00,1.50
2016.09.15 18:10:21.352,0.76695,0.767,1.00,1.50
2016.09.15 18:10:21.905,0.76695,0.767,1.00,1.00
2016.09.15 18:10:21.957,0.76695,0.76701,1.00,1.50
2016.09.15 18:10:22.059,0.76696,0.76702,1.00,1.00
2016.09.15 18:10:22.110,0.76696,0.76703,1.00,2.25
2016.09.15 18:10:22.162,0.76696,0.76703,1.00,3.37
2016.09.15 18:10:22.257,0.76697,0.76703,1.00,1.00
2016.09.15 18:10:22.309,0.76697,0.76704,1.00,2.25
2016.09.15 18:10:22.961,0.76697,0.76704,1.00,1.50
2016.09.15 18:10:23.632,0.76694,0.76702,1.00,1.50
2016.09.15 18:10:23.786,0.76694,0.76698,1.00,1.00
2016.09.15 18:10:24.304,0.76693,0.76698,1.00,1.00
2016.09.15 18:10:24.610,0.76692,0.76698,1.00,1.00
2016.09.15 18:10:24.815,0.76691,0.76699,1.00,1.00
2016.09.15 18:10:24.918,0.76691,0.76699,1.00,1.00
2016.09.15 18:10:25.072,0.76691,0.76699,1.00,1.50
2016.09.15 18:10:25.123,0.76691,0.76699,1.00,1.50
2016.09.15 18:10:25.670,0.76691,0.76699,1.00,2.25
2016.09.15 18:10:25.722,0.76692,0.76698,1.00,1.00
2016.09.15 18:10:26.265,0.76694,0.76699,1.00,1.87
2016.09.15 18:10:26.316,0.76692,0.767,1.00,2.25
2016.09.15 18:10:26.499,0.76692,0.76697,1.50,1.00
2016.09.15 18:10:26.551,0.7669,0.76697,1.00,1.00
2016.09.15 18:10:26.603,0.76689,0.76697,1.50,1.00
2016.09.15 18:10:26.654,0.76691,0.76698,1.00,1.57
2016.09.15 18:10:26.706,0.76693,0.76698,1.00,1.10
2016.09.15 18:10:26.758,0.76693,0.76699,1.00,1.57
2016.09.15 18:10:26.809,0.76693,0.76699,1.00,1.50
2016.09.15 18:10:26.911,0.7669,0.76698,1.00,1.00
2016.09.15 18:10:26.963,0.7669,0.76696,1.50,1.00
2016.09.15 18:10:27.219,0.7669,0.76698,1.00,1.50
2016.09.15 18:10:27.302,0.76692,0.76697,1.00,1.00
2016.09.15 18:10:27.353,0.76692,0.76698,1.00,1.50
2016.09.15 18:10:27.404,0.76692,0.76698,1.00,1.00
2016.09.15 18:10:27.455,0.76692,0.76698,1.00,1.50
2016.09.15 18:10:27.608,0.7669,0.76696,1.00,1.00
2016.09.15 18:10:28.113,0.76689,0.76696,1.00,1.00
2016.09.15 18:10:28.681,0.76687,0.76695,1.00,1.00
2016.09.15 18:10:28.732,0.76688,0.76696,1.00,1.50
2016.09.15 18:10:28.784,0.76689,0.76695,1.00,1.00
2016.09.15 18:10:28.835,0.7669,0.76697,1.00,1.87
2016.09.15 18:10:28.887,0.7669,0.76697,1.00,1.37
2016.09.15 18:10:29.173,0.7669,0.76697,1.00,1.00
2016.09.15 18:10:30.054,0.76689,0.76697,1.00,1.00
2016.09.15 18:10:30.105,0.7669,0.76698,1.00,2.40
2016.09.15 18:10:30.157,0.7669,0.76698,1.00,1.65
2016.09.15 18:10:30.398,0.7669,0.76698,1.00,1.57
2016.09.15 18:10:30.449,0.7669,0.76698,1.00,1.50
2016.09.15 18:10:30.657,0.7669,0.76697,1.00,1.00
2016.09.15 18:10:33.067,0.7669,0.76697,1.00,1.50
2016.09.15 18:10:33.520,0.7669,0.76697,1.00,1.00
2016.09.15 18:10:36.304,0.76686,0.76694,1.69,1.00
2016.09.15 18:10:36.355,0.76687,0.76694,1.00,1.00
2016.09.15 18:10:36.406,0.76687,0.76694,1.69,1.00
2016.09.15 18:10:36.457,0.76689,0.76695,1.00,1.00
2016.09.15 18:10:36.508,0.76687,0.76691,1.25,1.00
2016.09.15 18:10:36.657,0.76688,0.76692,1.00,1.00
2016.09.15 18:10:36.730,0.76682,0.7669,2.81,1.00
2016.09.15 18:10:36.781,0.76684,0.76689,1.50,1.00
2016.09.15 18:10:36.833,0.76686,0.76691,1.25,1.00
2016.09.15 18:10:36.885,0.76686,0.76691,1.69,1.00
2016.09.15 18:10:37.562,0.76686,0.76691,1.25,1.00
2016.09.15 18:10:37.613,0.76686,0.7669,1.00,1.00
2016.09.15 18:10:37.665,0.76685,0.76689,1.00,1.00
2016.09.15 18:10:37.769,0.76683,0.7669,1.00,1.00
2016.09.15 18:10:37.821,0.76683,0.7669,1.12,1.00
2016.09.15 18:10:37.872,0.76683,0.7669,1.50,1.00
2016.09.15 18:10:37.975,0.76684,0.7669,1.00,1.00
2016.09.15 18:10:38.026,0.76684,0.76691,1.50,1.00
2016.09.15 18:10:38.078,0.76686,0.76692,1.00,1.00
2016.09.15 18:10:38.987,0.76686,0.76692,1.50,1.00
2016.09.15 18:10:39.193,0.76686,0.76692,1.00,1.00
2016.09.15 18:10:39.886,0.76685,0.76692,2.62,1.00
2016.09.15 18:10:39.988,0.76686,0.76694,1.00,1.00
2016.09.15 18:10:40.238,0.76688,0.76694,1.00,1.00
2016.09.15 18:10:41.147,0.76687,0.76695,1.00,1.00
2016.09.15 18:10:41.199,0.76687,0.76695,1.12,1.00
2016.09.15 18:10:41.250,0.76688,0.76695,1.00,1.00
2016.09.15 18:10:41.712,0.76688,0.76693,1.00,1.00
2016.09.15 18:10:42.152,0.76688,0.76695,1.00,1.12
2016.09.15 18:10:42.257,0.76688,0.76695,1.50,1.00
2016.09.15 18:10:42.411,0.76688,0.76696,1.50,1.12
2016.09.15 18:10:42.463,0.76688,0.76696,1.50,1.00
2016.09.15 18:10:42.565,0.76688,0.76696,1.00,1.00
2016.09.15 18:10:42.897,0.76688,0.76694,1.00,1.00
2016.09.15 18:10:43.203,0.76689,0.76695,1.00,1.12
2016.09.15 18:10:43.509,0.76689,0.76695,1.00,1.00
2016.09.15 18:10:45.723,0.76688,0.76695,1.00,1.00
2016.09.15 18:10:45.774,0.76688,0.76695,1.00,1.87
2016.09.15 18:10:45.978,0.7669,0.76695,1.00,1.00
2016.09.15 18:10:46.030,0.76689,0.76696,1.00,1.00
2016.09.15 18:10:46.081,0.76689,0.76696,1.00,1.00
2016.09.15 18:10:46.305,0.76687,0.76695,1.00,1.00
2016.09.15 18:10:46.408,0.76687,0.76695,1.00,1.12
2016.09.15 18:10:46.459,0.76686,0.76694,1.00,1.00
2016.09.15 18:10:46.562,0.76688,0.76694,1.00,1.00
2016.09.15 18:10:47.103,0.76687,0.76693,1.00,1.00
2016.09.15 18:10:47.469,0.76685,0.7669,1.50,1.00
2016.09.15 18:10:47.521,0.76685,0.76691,1.00,1.50
2016.09.15 18:10:47.572,0.76683,0.76691,1.00,2.62
2016.09.15 18:10:47.623,0.76683,0.76691,1.00,3.00
2016.09.15 18:10:47.675,0.76682,0.7669,1.50,1.12
2016.09.15 18:10:47.777,0.76684,0.7669,1.00,1.12
2016.09.15 18:10:47.973,0.76684,0.76688,1.00,1.00
2016.09.15 18:10:48.484,0.76683,0.76688,1.00,1.00
2016.09.15 18:10:49.737,0.76681,0.76689,1.50,1.00
2016.09.15 18:10:49.788,0.76681,0.76689,1.00,1.00
2016.09.15 18:10:49.890,0.76681,0.76689,1.00,1.87
2016.09.15 18:10:50.043,0.7668,0.76688,1.50,1.00
2016.09.15 18:10:50.222,0.7668,0.76688,1.00,1.00
2016.09.15 18:10:50.274,0.7668,0.76688,1.00,1.87
2016.09.15 18:10:50.938,0.76679,0.76686,1.00,1.00
2016.09.15 18:10:51.094,0.76678,0.76686,1.50,1.00
2016.09.15 18:10:51.429,0.76678,0.76686,1.00,1.00
2016.09.15 18:10:51.959,0.76678,0.76685,1.00,1.00
2016.09.15 18:10:53.418,0.76677,0.76684,1.00,1.00
2016.09.15 18:10:54.609,0.76677,0.76684,1.50,1.00
2016.09.15 18:10:56.701,0.76677,0.76684,1.00,1.00
2016.09.15 18:10:59.943,0.76676,0.76682,1.50,1.00
2016.09.15 18:10:59.994,0.76677,0.76685,1.00,2.62
2016.09.15 18:11:00.045,0.76676,0.76684,1.00,1.00
2016.09.15 18:11:00.096,0.76676,0.76684,1.50,1.50
2016.09.15 18:11:00.148,0.76677,0.76684,1.00,1.50
2016.09.15 18:11:00.199,0.76677,0.76684,1.00,1.00
2016.09.15 18:11:00.716,0.76678,0.76685,1.00,1.00
2016.09.15 18:11:01.130,0.76677,0.76685,1.50,1.00
2016.09.15 18:11:01.182,0.76677,0.76685,2.25,1.00
2016.09.15 18:11:01.672,0.76677,0.76685,1.50,1.00
2016.09.15 18:11:01.747,0.76679,0.76685,1.00,1.00
2016.09.15 18:11:02.003,0.76677,0.76684,1.19,1.00
2016.09.15 18:11:02.054,0.76677,0.76682,1.00,1.00
2016.09.15 18:11:02.157,0.76675,0.76683,1.00,1.87
2016.09.15 18:11:02.259,0.76674,0.76682,1.00,1.00
2016.09.15 18:11:03.020,0.76674,0.76682,1.00,1.50
2016.09.15 18:11:03.071,0.76674,0.76682,1.00,2.62
2016.09.15 18:11:07.245,0.76674,0.7668,1.00,1.00
2016.09.15 18:11:08.290,0.76674,0.76681,1.00,1.50
2016.09.15 18:11:08.341,0.76677,0.76682,1.00,1.00
2016.09.15 18:11:08.392,0.76675,0.76683,1.50,2.62
2016.09.15 18:11:08.494,0.76675,0.76682,1.50,1.00
2016.09.15 18:11:08.545,0.76675,0.76682,1.00,1.50
2016.09.15 18:11:08.597,0.76673,0.7668,1.00,1.00
2016.09.15 18:11:08.830,0.76674,0.76681,1.00,1.12
2016.09.15 18:11:09.312,0.76674,0.76681,1.00,1.87
2016.09.15 18:11:09.859,0.76673,0.76681,1.50,1.87
2016.09.15 18:11:10.694,0.76673,0.76681,1.00,1.87
2016.09.15 18:11:10.850,0.76674,0.76681,1.00,1.50
2016.09.15 18:11:11.099,0.76674,0.76681,1.00,1.00
2016.09.15 18:11:11.358,0.76675,0.76682,1.50,1.00
2016.09.15 18:11:11.562,0.76675,0.76682,1.00,1.00
2016.09.15 18:11:12.045,0.76675,0.76682,1.50,1.00
2016.09.15 18:11:12.677,0.76675,0.76682,1.00,1.00
2016.09.15 18:11:13.263,0.76677,0.76682,1.00,1.00
2016.09.15 18:11:13.416,0.76675,0.76683,1.00,1.00
2016.09.15 18:11:13.926,0.76677,0.76682,1.00,1.00
2016.09.15 18:11:14.029,0.76675,0.76683,1.00,1.00
2016.09.15 18:11:14.829,0.76676,0.76684,1.00,1.87
2016.09.15 18:11:14.931,0.76676,0.76684,1.00,1.12
2016.09.15 18:11:15.136,0.76677,0.76685,1.00,1.37
2016.09.15 18:11:15.422,0.76677,0.76685,1.00,1.12
2016.09.15 18:11:15.474,0.76676,0.76684,1.50,1.00
2016.09.15 18:11:15.629,0.76677,0.76684,1.00,1.00
2016.09.15 18:11:15.734,0.76677,0.76684,1.50,1.00
2016.09.15 18:11:16.418,0.76677,0.76685,1.50,1.00
2016.09.15 18:11:16.750,0.76677,0.76685,1.00,1.00
2016.09.15 18:11:17.388,0.76677,0.76684,1.00,1.50
2016.09.15 18:11:17.450,0.76676,0.76684,1.50,1.50
2016.09.15 18:11:17.553,0.76677,0.76683,1.00,1.00
2016.09.15 18:11:17.655,0.76677,0.76684,1.00,1.00
2016.09.15 18:11:18.768,0.76677,0.76684,1.00,1.12
2016.09.15 18:11:18.894,0.76677,0.76683,1.00,1.00
2016.09.15 18:11:21.858,0.76676,0.76682,1.00,1.00
2016.09.15 18:11:21.910,0.76676,0.76684,1.50,1.00
2016.09.15 18:11:22.064,0.76676,0.76684,1.50,2.25
2016.09.15 18:11:22.116,0.76676,0.76684,2.25,2.25
2016.09.15 18:11:22.322,0.76677,0.76684,1.00,1.00
2016.09.15 18:11:22.744,0.76679,0.76687,1.50,1.50
2016.09.15 18:11:22.796,0.76679,0.76687,1.50,1.00
2016.09.15 18:11:23.142,0.76679,0.76687,2.25,1.00
2016.09.15 18:11:23.244,0.7668,0.76687,1.00,1.00
2016.09.15 18:11:23.756,0.76679,0.76687,2.25,1.00
2016.09.15 18:11:24.414,0.7668,0.76687,1.00,1.00
2016.09.15 18:11:25.174,0.7668,0.76687,1.00,1.50
2016.09.15 18:11:25.277,0.7668,0.76686,1.00,1.00
2016.09.15 18:11:25.329,0.76679,0.76686,1.00,1.50
2016.09.15 18:11:25.577,0.76679,0.76686,1.00,1.00
2016.09.15 18:11:25.878,0.7668,0.76686,1.00,1.50
2016.09.15 18:11:25.929,0.76678,0.76685,1.00,1.00
2016.09.15 18:11:25.981,0.76677,0.76685,1.50,1.00
2016.09.15 18:11:26.032,0.76677,0.76685,1.00,1.00
2016.09.15 18:11:26.338,0.76677,0.76684,1.00,1.00
2016.09.15 18:11:26.607,0.76678,0.76685,1.00,1.00
2016.09.15 18:11:27.355,0.76678,0.76685,1.00,1.50
2016.09.15 18:11:28.383,0.76678,0.76685,1.00,1.00
2016.09.15 18:11:28.434,0.76678,0.76685,1.00,1.00
2016.09.15 18:11:28.486,0.76678,0.76686,1.00,1.00
2016.09.15 18:11:28.690,0.76678,0.76686,1.00,1.12
2016.09.15 18:11:29.750,0.76678,0.76686,1.00,1.00
2016.09.15 18:11:29.801,0.76679,0.76684,1.00,1.00
2016.09.15 18:11:29.904,0.76679,0.76685,1.00,1.00
2016.09.15 18:11:30.667,0.76678,0.76685,1.00,1.00
2016.09.15 18:11:30.922,0.76679,0.76685,1.50,1.00
2016.09.15 18:11:30.973,0.76679,0.76684,1.00,1.00
2016.09.15 18:11:31.024,0.76678,0.76685,1.50,1.00
2016.09.15 18:11:31.076,0.76678,0.76685,1.00,1.00
2016.09.15 18:11:31.529,0.76677,0.76682,1.00,1.00
2016.09.15 18:11:31.580,0.76676,0.76684,1.00,1.00
2016.09.15 18:11:31.632,0.76677,0.76685,1.00,1.12
2016.09.15 18:11:31.707,0.76678,0.76683,1.00,1.00
2016.09.15 18:11:31.911,0.76676,0.76684,1.50,1.00
2016.09.15 18:11:32.065,0.76678,0.76683,1.00,1.00
2016.09.15 18:11:32.116,0.76677,0.76685,1.00,1.00
2016.09.15 18:11:32.167,0.76676,0.76683,1.50,1.00
2016.09.15 18:11:32.441,0.76677,0.76685,1.00,1.00
2016.09.15 18:11:32.721,0.76677,0.76685,1.50,1.00
2016.09.15 18:11:32.924,0.76677,0.76685,1.00,1.00
2016.09.15 18:11:33.578,0.76677,0.76685,1.50,1.00
2016.09.15 18:11:33.949,0.76677,0.76685,1.00,1.00
2016.09.15 18:11:34.559,0.76677,0.76685,1.00,1.00
2016.09.15 18:11:34.843,0.76677,0.76685,1.50,1.00
2016.09.15 18:11:35.150,0.76678,0.76685,1.00,1.00
2016.09.15 18:11:36.157,0.76678,0.76684,1.00,1.00
2016.09.15 18:11:37.435,0.76677,0.76684,1.00,1.00
2016.09.15 18:11:37.487,0.76676,0.76682,1.00,1.00
2016.09.15 18:11:37.820,0.76675,0.7668,1.00,1.00
2016.09.15 18:11:37.872,0.76672,0.7668,1.00,1.00
2016.09.15 18:11:38.384,0.76673,0.76679,1.00,1.00
2016.09.15 18:11:39.022,0.76674,0.76679,1.00,1.00
2016.09.15 18:11:41.330,0.76674,0.76681,1.00,1.00
2016.09.15 18:11:41.391,0.76674,0.76681,1.00,1.12
2016.09.15 18:11:42.219,0.76673,0.76681,2.25,1.12
2016.09.15 18:11:45.622,0.76673,0.76681,1.50,1.12
2016.09.15 18:11:45.768,0.76673,0.76681,1.50,1.00
2016.09.15 18:11:46.389,0.76675,0.7668,1.00,1.00
2016.09.15 18:11:46.939,0.76674,0.7668,1.00,1.00
2016.09.15 18:11:47.485,0.76673,0.7668,1.50,1.00
2016.09.15 18:11:47.565,0.76673,0.7668,2.25,1.00
2016.09.15 18:11:48.744,0.76673,0.7668,1.50,1.00
2016.09.15 18:11:48.925,0.76673,0.7668,2.25,1.00
2016.09.15 18:11:51.197,0.76674,0.7668,1.00,1.00
2016.09.15 18:11:51.957,0.76673,0.7668,1.50,1.00
2016.09.15 18:11:55.133,0.76676,0.76682,1.00,1.87
2016.09.15 18:11:55.185,0.76677,0.76682,1.50,1.87
2016.09.15 18:11:55.236,0.76677,0.76682,1.00,1.37
2016.09.15 18:11:55.287,0.76677,0.76683,1.50,1.12
2016.09.15 18:11:55.338,0.76679,0.76683,1.00,1.12
2016.09.15 18:11:55.543,0.7668,0.76686,1.00,1.37
2016.09.15 18:11:55.594,0.7668,0.76687,1.00,1.87
2016.09.15 18:11:55.645,0.7668,0.76685,1.00,1.00
2016.09.15 18:11:55.900,0.76678,0.76685,1.50,1.00
2016.09.15 18:11:56.185,0.76678,0.76684,1.00,1.00
2016.09.15 18:11:56.236,0.76678,0.76684,1.12,1.00
2016.09.15 18:11:56.439,0.76678,0.76684,1.00,1.00
2016.09.15 18:11:56.746,0.76678,0.76685,1.50,1.00
2016.09.15 18:11:58.098,0.76678,0.76684,1.50,1.00
2016.09.15 18:11:58.200,0.76678,0.76684,1.00,1.00
2016.09.15 18:11:58.702,0.76678,0.76686,1.00,2.62
2016.09.15 18:11:58.754,0.76677,0.76684,1.00,1.00
2016.09.15 18:11:59.657,0.76677,0.76685,1.50,1.87
2016.09.15 18:12:01.494,0.76678,0.76685,1.50,1.12
2016.09.15 18:12:01.596,0.76678,0.76686,1.50,1.87
2016.09.15 18:12:01.648,0.76678,0.76684,1.50,1.00
2016.09.15 18:12:01.704,0.76679,0.76684,1.00,1.00
2016.09.15 18:12:02.241,0.76678,0.76685,1.00,1.00
2016.09.15 18:12:02.806,0.76676,0.76683,1.00,1.00
2016.09.15 18:12:02.910,0.76677,0.76684,1.00,1.00
2016.09.15 18:12:02.961,0.76677,0.76685,1.50,2.62
2016.09.15 18:12:03.064,0.76678,0.76683,1.00,1.00
2016.09.15 18:12:03.115,0.76678,0.76685,1.50,1.00
2016.09.15 18:12:03.406,0.76678,0.76683,1.00,1.00
2016.09.15 18:12:03.458,0.76676,0.76684,1.00,1.00
2016.09.15 18:12:03.510,0.76675,0.76682,1.50,1.00
2016.09.15 18:12:03.613,0.76676,0.76683,1.00,1.12
2016.09.15 18:12:03.716,0.76676,0.76683,1.00,1.00
2016.09.15 18:12:03.818,0.76675,0.76682,1.50,1.12
2016.09.15 18:12:04.216,0.76675,0.76682,1.00,1.12
2016.09.15 18:12:05.210,0.76675,0.76682,1.50,1.12
2016.09.15 18:12:05.313,0.76675,0.76682,1.50,1.00
2016.09.15 18:12:05.518,0.76679,0.76684,1.00,1.37
2016.09.15 18:12:05.569,0.7668,0.76684,1.00,1.12
2016.09.15 18:12:05.621,0.76678,0.76686,1.00,1.87
2016.09.15 18:12:05.672,0.76677,0.76685,1.00,1.00
2016.09.15 18:12:05.723,0.76677,0.76685,1.00,1.12
2016.09.15 18:12:05.887,0.76677,0.76685,1.00,1.87
2016.09.15 18:12:05.940,0.76677,0.76685,1.00,2.62
2016.09.15 18:12:05.991,0.76677,0.76685,1.00,1.50
2016.09.15 18:12:06.531,0.76678,0.76685,1.00,1.87
2016.09.15 18:12:06.633,0.76677,0.76684,1.00,1.00
2016.09.15 18:12:06.844,0.76676,0.76684,1.87,1.50
2016.09.15 18:12:06.947,0.76676,0.76684,1.50,1.50
2016.09.15 18:12:07.151,0.76677,0.76684,1.00,1.50
2016.09.15 18:12:07.719,0.76677,0.76683,1.00,1.00
2016.09.15 18:12:07.771,0.76677,0.76683,1.00,1.50
2016.09.15 18:12:08.308,0.76677,0.76683,1.00,1.00
2016.09.15 18:12:09.898,0.76675,0.76683,1.00,1.00
2016.09.15 18:12:10.056,0.76675,0.76683,1.00,1.87
2016.09.15 18:12:10.109,0.76675,0.76681,1.00,1.00
2016.09.15 18:12:13.172,0.76674,0.76681,1.00,1.00
2016.09.15 18:12:13.543,0.76673,0.76681,1.87,1.00
2016.09.15 18:12:13.645,0.76673,0.76681,1.87,1.12
2016.09.15 18:12:13.748,0.76673,0.76681,1.12,1.00
2016.09.15 18:12:14.184,0.76673,0.76681,1.00,1.00
2016.09.15 18:12:15.678,0.76672,0.76678,1.50,1.00
2016.09.15 18:12:15.832,0.76672,0.76678,1.00,1.00
2016.09.15 18:12:16.138,0.76671,0.76678,1.50,1.00
2016.09.15 18:12:16.691,0.76672,0.76678,1.00,1.00
2016.09.15 18:12:17.199,0.76671,0.76677,1.50,1.00
2016.09.15 18:12:17.352,0.76671,0.76677,1.00,1.00
2016.09.15 18:12:21.447,0.76671,0.76677,1.50,1.00
2016.09.15 18:12:23.150,0.76672,0.76677,1.00,1.00
2016.09.15 18:12:23.354,0.76671,0.76678,1.00,1.00
2016.09.15 18:12:25.268,0.7667,0.76678,1.50,1.00
2016.09.15 18:12:25.526,0.76671,0.76678,1.00,1.00
2016.09.15 18:12:25.578,0.7667,0.76678,1.50,1.00
2016.09.15 18:12:25.629,0.76671,0.76678,1.00,1.00
2016.09.15 18:12:25.681,0.76671,0.76678,1.00,1.00
2016.09.15 18:12:25.953,0.76671,0.76678,1.00,1.00
2016.09.15 18:12:26.263,0.76669,0.76677,1.57,1.50
2016.09.15 18:12:26.314,0.7667,0.76675,1.00,1.00
2016.09.15 18:12:26.468,0.76669,0.76674,1.50,1.00
2016.09.15 18:12:26.520,0.76669,0.76676,1.00,1.00
2016.09.15 18:12:27.067,0.7667,0.76676,1.00,1.00
2016.09.15 18:12:27.576,0.7667,0.76677,1.00,1.00
2016.09.15 18:12:28.674,0.7667,0.76677,1.37,1.00
2016.09.15 18:12:29.969,0.7667,0.76677,1.00,1.00
2016.09.15 18:12:30.072,0.76669,0.76677,1.50,1.00
2016.09.15 18:12:30.174,0.7667,0.76677,1.00,1.00
2016.09.15 18:12:30.226,0.7667,0.76677,1.00,1.00
2016.09.15 18:12:32.139,0.7667,0.76677,1.12,1.00
2016.09.15 18:12:32.190,0.7667,0.76677,1.00,1.00
2016.09.15 18:12:38.357,0.7667,0.76678,1.50,1.00
2016.09.15 18:12:43.081,0.7667,0.76678,1.87,1.00
2016.09.15 18:12:43.283,0.7667,0.76675,1.12,1.00
2016.09.15 18:12:44.388,0.7667,0.76675,1.12,1.00
2016.09.15 18:12:44.441,0.76673,0.76679,1.00,1.00
2016.09.15 18:12:44.493,0.76675,0.76681,1.00,1.00
2016.09.15 18:12:44.651,0.76678,0.76683,1.37,2.62
2016.09.15 18:12:44.703,0.76677,0.76682,1.50,1.00
2016.09.15 18:12:44.754,0.76677,0.76682,1.50,1.00
2016.09.15 18:12:44.805,0.76677,0.76682,1.87,1.00
2016.09.15 18:12:45.560,0.76675,0.76682,2.06,1.00
2016.09.15 18:12:45.665,0.76675,0.76681,1.87,1.00
2016.09.15 18:12:45.936,0.76675,0.76681,1.12,1.00
2016.09.15 18:12:46.088,0.76675,0.7668,1.87,1.00
2016.09.15 18:12:47.355,0.76675,0.7668,1.12,1.00
2016.09.15 18:12:47.406,0.76674,0.7668,2.06,1.00
2016.09.15 18:12:48.189,0.76674,0.7668,1.31,1.00
2016.09.15 18:12:48.291,0.76674,0.7668,1.31,1.00
2016.09.15 18:12:48.803,0.76674,0.76681,1.31,1.00
2016.09.15 18:12:48.996,0.76675,0.76681,1.25,1.00
2016.09.15 18:12:49.353,0.76675,0.76682,1.25,1.00
2016.09.15 18:12:49.404,0.76679,0.76683,1.00,1.00
2016.09.15 18:12:50.102,0.76678,0.76682,1.00,1.00
2016.09.15 18:12:50.204,0.76675,0.76682,3.00,1.00
2016.09.15 18:12:50.306,0.76675,0.76682,2.25,1.00
2016.09.15 18:12:50.408,0.76675,0.76682,1.50,1.00
2016.09.15 18:12:50.614,0.76675,0.7668,1.00,1.00
2016.09.15 18:12:50.666,0.76675,0.76679,1.00,1.00
2016.09.15 18:12:51.511,0.76675,0.76679,1.12,1.00
2016.09.15 18:12:53.989,0.76675,0.7668,1.12,1.00
2016.09.15 18:12:54.040,0.76675,0.7668,1.00,1.00
2016.09.15 18:12:56.870,0.76678,0.76682,1.00,1.00
2016.09.15 18:12:57.115,0.76678,0.76685,1.00,1.00
2016.09.15 18:12:57.217,0.76679,0.76684,1.00,1.00
2016.09.15 18:12:57.320,0.76681,0.76685,1.00,1.00
2016.09.15 18:12:57.422,0.76681,0.76685,1.00,1.00
2016.09.15 18:12:57.840,0.76678,0.76684,1.87,1.00
2016.09.15 18:12:57.895,0.7668,0.76685,1.00,1.00
2016.09.15 18:12:58.408,0.7668,0.76684,1.00,1.00
2016.09.15 18:13:00.211,0.76681,0.76685,1.00,1.00
2016.09.15 18:13:00.313,0.7668,0.76684,1.50,1.00
2016.09.15 18:13:00.941,0.7668,0.76684,1.00,1.00
2016.09.15 18:13:00.993,0.76677,0.76683,1.50,1.00
2016.09.15 18:13:01.045,0.76677,0.76682,1.12,1.00
2016.09.15 18:13:01.188,0.76676,0.76681,1.95,1.00
2016.09.15 18:13:01.239,0.76677,0.76681,1.00,1.00
2016.09.15 18:13:09.187,0.76676,0.76681,1.00,1.00
2016.09.15 18:13:09.340,0.76675,0.76679,1.00,1.00
2016.09.15 18:13:09.645,0.76673,0.76677,1.00,1.00
2016.09.15 18:13:10.172,0.76674,0.76678,1.00,1.00
2016.09.15 18:13:14.360,0.76673,0.76677,1.50,1.00
2016.09.15 18:13:14.463,0.76673,0.76678,1.87,1.00
2016.09.15 18:13:14.514,0.76675,0.76679,1.00,1.00
2016.09.15 18:13:14.667,0.76675,0.76679,1.50,1.00
2016.09.15 18:13:15.049,0.76675,0.76679,1.00,1.00
2016.09.15 18:13:15.451,0.76674,0.76679,1.12,1.00
2016.09.15 18:13:15.757,0.76674,0.76679,1.00,1.00
2016.09.15 18:13:16.061,0.76674,0.76679,1.50,1.00
2016.09.15 18:13:16.112,0.76675,0.76679,1.00,1.00
2016.09.15 18:13:16.214,0.76675,0.76679,1.00,1.00
2016.09.15 18:13:16.848,0.76673,0.76678,1.87,1.00
2016.09.15 18:13:16.899,0.76673,0.76677,1.12,1.00
2016.09.15 18:13:16.951,0.76673,0.76677,1.00,1.00
2016.09.15 18:13:17.002,0.76672,0.76676,1.00,1.00
2016.09.15 18:13:17.155,0.76671,0.76675,1.50,1.00
2016.09.15 18:13:17.207,0.76672,0.76676,1.00,1.00
2016.09.15 18:13:17.309,0.76672,0.76677,1.12,1.00
2016.09.15 18:13:17.360,0.76672,0.76677,1.87,1.00
2016.09.15 18:13:17.616,0.76675,0.76679,1.00,1.00
2016.09.15 18:13:17.667,0.76675,0.76679,1.00,1.00
2016.09.15 18:13:19.159,0.76675,0.76679,1.00,1.00
2016.09.15 18:13:19.669,0.76676,0.7668,1.00,1.00
2016.09.15 18:13:20.208,0.76675,0.76679,1.00,1.00
2016.09.15 18:13:20.259,0.76675,0.76679,1.50,1.00
2016.09.15 18:13:21.125,0.76674,0.76679,2.25,1.00
2016.09.15 18:13:21.330,0.76675,0.7668,1.50,1.00
2016.09.15 18:13:21.432,0.76675,0.7668,1.87,1.00
2016.09.15 18:13:22.668,0.76675,0.7668,1.12,1.00
2016.09.15 18:13:23.859,0.76675,0.7668,1.00,1.00
2016.09.15 18:13:24.066,0.76676,0.7668,1.50,1.00
2016.09.15 18:13:26.138,0.76677,0.76681,1.00,1.00
2016.09.15 18:13:27.439,0.76677,0.76682,1.00,1.00
2016.09.15 18:13:27.965,0.76678,0.76682,1.50,1.00
2016.09.15 18:13:28.226,0.76679,0.76684,1.00,1.00
2016.09.15 18:13:28.380,0.76679,0.76683,1.50,1.00
2016.09.15 18:13:28.533,0.7668,0.76685,1.00,1.00
2016.09.15 18:13:28.915,0.76679,0.76684,1.87,1.00
2016.09.15 18:13:29.324,0.76679,0.76684,2.25,1.00
2016.09.15 18:13:29.602,0.76679,0.76684,1.87,1.00
2016.09.15 18:13:29.704,0.76681,0.76685,1.00,1.00
2016.09.15 18:13:29.755,0.7668,0.76684,1.00,1.00
2016.09.15 18:13:30.105,0.7668,0.76684,1.00,1.00
2016.09.15 18:13:31.052,0.76679,0.76683,1.00,1.00
2016.09.15 18:13:33.959,0.76678,0.76683,1.50,1.00
2016.09.15 18:13:34.256,0.76678,0.76683,1.00,1.00
2016.09.15 18:13:34.668,0.76677,0.76681,1.00,1.00
2016.09.15 18:13:34.770,0.76678,0.76682,1.00,1.00
2016.09.15 18:13:35.280,0.76675,0.7668,2.32,1.00
2016.09.15 18:13:35.492,0.76674,0.76678,1.87,1.00
2016.09.15 18:13:35.833,0.76674,0.76678,1.12,1.00
2016.09.15 18:13:35.884,0.76673,0.76677,1.12,1.00
2016.09.15 18:13:35.936,0.76671,0.76675,1.00,1.00
2016.09.15 18:13:35.987,0.7667,0.76674,1.00,1.00
2016.09.15 18:13:36.554,0.76671,0.76675,1.00,1.00
2016.09.15 18:13:37.079,0.7667,0.76674,1.00,1.00
2016.09.15 18:13:37.131,0.7667,0.76674,1.12,1.00
2016.09.15 18:13:37.182,0.7667,0.76674,2.25,1.00
2016.09.15 18:13:37.234,0.7667,0.76674,1.87,1.00
2016.09.15 18:13:37.554,0.76671,0.76675,1.00,1.00
2016.09.15 18:13:37.676,0.76671,0.76675,1.50,1.00
2016.09.15 18:13:37.778,0.76672,0.76676,1.00,1.00
2016.09.15 18:13:38.152,0.76672,0.76676,1.00,1.00
2016.09.15 18:13:39.632,0.76671,0.76675,1.00,1.00
2016.09.15 18:13:41.188,0.76671,0.76675,1.50,1.00
2016.09.15 18:13:41.342,0.7667,0.76675,1.87,1.00
2016.09.15 18:13:41.393,0.76672,0.76676,1.00,1.00
2016.09.15 18:13:41.701,0.76675,0.76679,1.00,1.00
2016.09.15 18:13:41.752,0.76679,0.76683,1.00,2.62
2016.09.15 18:13:41.803,0.76678,0.76682,1.00,1.00
2016.09.15 18:13:41.905,0.76679,0.76683,1.00,1.00
2016.09.15 18:13:42.058,0.76679,0.76683,1.00,1.00
2016.09.15 18:13:42.298,0.76674,0.7668,4.01,1.00
2016.09.15 18:13:42.351,0.76671,0.76676,1.31,1.00
2016.09.15 18:13:42.453,0.76671,0.76675,1.25,1.00
2016.09.15 18:13:42.556,0.76672,0.76679,1.00,1.00
2016.09.15 18:13:42.607,0.76673,0.76677,1.00,1.00
2016.09.15 18:13:42.659,0.76674,0.76678,1.50,1.00
2016.09.15 18:13:42.863,0.76674,0.76678,1.00,1.00
2016.09.15 18:13:43.160,0.76671,0.76676,1.25,1.00
2016.09.15 18:13:43.263,0.7667,0.76676,1.19,1.00
2016.09.15 18:13:43.571,0.76672,0.76676,1.00,1.00
2016.09.15 18:13:43.777,0.7667,0.76676,1.00,1.00
2016.09.15 18:13:44.044,0.76669,0.76676,1.00,1.00
2016.09.15 18:13:44.325,0.7667,0.76676,1.00,1.00
2016.09.15 18:13:45.737,0.76668,0.76673,1.12,1.00
2016.09.15 18:13:45.788,0.76667,0.76672,1.10,1.00
2016.09.15 18:13:45.840,0.7667,0.76677,1.00,1.00
2016.09.15 18:13:45.892,0.76667,0.76674,1.00,1.00
2016.09.15 18:13:45.943,0.76667,0.76672,1.50,1.00
2016.09.15 18:13:46.097,0.76667,0.76675,2.25,1.00
2016.09.15 18:13:46.242,0.76669,0.76675,2.62,1.00
2016.09.15 18:13:46.297,0.76672,0.76676,1.00,1.00
2016.09.15 18:13:46.400,0.76667,0.76674,1.50,1.00
2016.09.15 18:13:46.452,0.76667,0.76672,1.50,1.00
2016.09.15 18:13:46.504,0.76667,0.76672,1.37,1.00
2016.09.15 18:13:46.555,0.76667,0.76672,1.00,1.00
2016.09.15 18:13:47.050,0.76664,0.76668,1.00,1.00
2016.09.15 18:13:47.121,0.76664,0.76668,1.50,1.00
2016.09.15 18:13:47.737,0.76663,0.76668,1.87,1.00
2016.09.15 18:13:47.788,0.76665,0.76669,1.00,1.00
2016.09.15 18:13:47.891,0.76662,0.76667,1.12,1.00
2016.09.15 18:13:48.067,0.76661,0.76665,1.87,1.00
2016.09.15 18:13:48.118,0.76662,0.76666,1.00,1.00
2016.09.15 18:13:48.272,0.76661,0.76666,1.12,1.00
2016.09.15 18:13:48.374,0.76661,0.76667,2.25,1.00
2016.09.15 18:13:48.476,0.76663,0.76667,1.00,1.00
2016.09.15 18:13:48.783,0.76664,0.76668,1.00,1.00
2016.09.15 18:13:49.304,0.76665,0.76669,1.00,1.00
2016.09.15 18:13:49.977,0.76663,0.76668,1.37,1.00
2016.09.15 18:13:50.080,0.76662,0.76667,1.50,1.00
2016.09.15 18:13:50.328,0.76663,0.76667,1.12,1.00
2016.09.15 18:13:51.185,0.76663,0.76667,1.00,1.00
2016.09.15 18:13:51.533,0.76661,0.76668,2.25,1.00
2016.09.15 18:13:51.585,0.76661,0.76669,2.25,1.00
2016.09.15 18:13:51.688,0.76662,0.76669,1.00,1.00
2016.09.15 18:13:51.792,0.76663,0.76669,1.00,1.00
2016.09.15 18:13:53.688,0.76663,0.76667,1.00,1.00
2016.09.15 18:13:55.592,0.76663,0.76667,1.12,1.00
2016.09.15 18:13:57.132,0.76666,0.7667,1.00,1.00
2016.09.15 18:13:57.387,0.76667,0.76672,1.00,1.00
2016.09.15 18:13:57.591,0.76668,0.76673,1.00,1.00
2016.09.15 18:13:58.066,0.76668,0.76674,1.50,1.00
2016.09.15 18:13:58.575,0.76668,0.76673,1.50,1.00
2016.09.15 18:13:58.969,0.76667,0.76671,1.12,1.00
2016.09.15 18:13:59.020,0.76668,0.76672,1.00,1.00
2016.09.15 18:13:59.203,0.76666,0.7667,1.50,1.00
2016.09.15 18:13:59.306,0.76666,0.7667,1.00,1.00
2016.09.15 18:13:59.408,0.76664,0.7667,1.00,1.00
2016.09.15 18:13:59.561,0.76664,0.76668,1.00,1.00
2016.09.15 18:13:59.714,0.76664,0.76668,1.00,1.00
2016.09.15 18:13:59.969,0.76665,0.76671,1.00,1.00
2016.09.15 18:14:00.366,0.76664,0.76669,1.00,1.00
2016.09.15 18:14:00.900,0.76665,0.76669,1.00,1.00
2016.09.15 18:14:01.208,0.76663,0.76669,1.12,1.00
2016.09.15 18:14:01.434,0.76663,0.76669,1.00,1.00
2016.09.15 18:14:01.692,0.76662,0.76668,1.12,1.00
2016.09.15 18:14:02.514,0.76662,0.76668,1.00,1.00
2016.09.15 18:14:03.291,0.76661,0.76666,1.12,1.00
2016.09.15 18:14:03.343,0.7666,0.76664,1.12,1.00
2016.09.15 18:14:03.394,0.7666,0.76664,1.00,1.00
2016.09.15 18:14:03.497,0.7666,0.76665,1.12,1.00
2016.09.15 18:14:03.860,0.76661,0.76666,1.12,1.00
2016.09.15 18:14:03.912,0.76661,0.76666,1.12,1.00
2016.09.15 18:14:04.001,0.76663,0.76667,1.00,1.00
2016.09.15 18:14:05.124,0.76662,0.76666,1.00,1.00
2016.09.15 18:14:05.176,0.76661,0.76666,1.00,1.00
2016.09.15 18:14:07.121,0.76661,0.76666,1.50,1.00
2016.09.15 18:14:09.695,0.76661,0.76666,1.87,1.00
2016.09.15 18:14:10.184,0.76661,0.76666,1.50,1.00
2016.09.15 18:14:12.695,0.76661,0.76666,1.00,1.00
2016.09.15 18:14:13.543,0.76661,0.76666,1.00,1.00
2016.09.15 18:14:13.800,0.76661,0.76666,1.50,1.00
2016.09.15 18:14:14.716,0.76661,0.76666,1.00,1.00
2016.09.15 18:14:15.098,0.76661,0.76666,1.50,1.00
2016.09.15 18:14:16.016,0.76661,0.76666,1.00,1.00
2016.09.15 18:14:16.552,0.7666,0.76666,1.00,1.00
2016.09.15 18:14:18.056,0.76666,0.7667,1.00,1.00
2016.09.15 18:14:18.108,0.76666,0.76672,1.50,1.00
2016.09.15 18:14:18.261,0.76666,0.76672,2.25,1.00
2016.09.15 18:14:18.414,0.76669,0.76673,1.00,1.00
2016.09.15 18:14:18.567,0.76667,0.76671,1.00,1.00
2016.09.15 18:14:18.618,0.76665,0.7667,1.00,1.00
2016.09.15 18:14:18.720,0.76663,0.76667,1.10,1.00
2016.09.15 18:14:18.901,0.76663,0.76668,1.50,1.00
2016.09.15 18:14:19.004,0.76665,0.76669,1.00,1.00
2016.09.15 18:14:20.709,0.76664,0.76668,1.00,1.00
2016.09.15 18:14:22.019,0.76664,0.76668,1.00,1.00
2016.09.15 18:14:22.681,0.76664,0.7667,1.00,1.00
2016.09.15 18:14:22.788,0.76664,0.7667,1.00,1.00
2016.09.15 18:14:24.145,0.76664,0.7667,1.00,1.00
2016.09.15 18:14:25.546,0.76663,0.7667,1.00,1.00
2016.09.15 18:14:25.602,0.76661,0.76667,2.25,1.00
2016.09.15 18:14:25.653,0.76661,0.76666,1.12,1.00
2016.09.15 18:14:25.705,0.76661,0.76666,1.00,1.00
2016.09.15 18:14:27.726,0.76664,0.76669,1.00,1.50
2016.09.15 18:14:27.838,0.76663,0.76669,1.00,1.00
2016.09.15 18:14:27.889,0.76666,0.7667,1.00,1.20
2016.09.15 18:14:27.940,0.76666,0.76671,1.00,1.87
2016.09.15 18:14:27.992,0.76666,0.76671,1.00,1.50
2016.09.15 18:14:28.145,0.76666,0.76671,1.00,1.00
2016.09.15 18:14:28.196,0.76664,0.76672,1.00,2.25
2016.09.15 18:14:28.247,0.76664,0.76672,1.00,1.50
2016.09.15 18:14:28.298,0.76666,0.76672,1.00,1.50
2016.09.15 18:14:28.349,0.76666,0.76672,1.00,1.00
2016.09.15 18:14:28.591,0.76668,0.76674,1.00,1.50
2016.09.15 18:14:28.694,0.76667,0.76674,1.00,1.00
2016.09.15 18:14:29.154,0.76669,0.76674,1.00,1.00
2016.09.15 18:14:29.206,0.76669,0.76675,1.00,1.00
2016.09.15 18:14:29.459,0.76669,0.76677,1.00,2.44
2016.09.15 18:14:29.511,0.76669,0.76677,1.00,2.25
2016.09.15 18:14:30.134,0.76669,0.76677,1.00,1.50
2016.09.15 18:14:30.237,0.76669,0.76677,1.00,1.50
2016.09.15 18:14:31.338,0.76669,0.76677,1.00,1.50
2016.09.15 18:14:31.651,0.7667,0.76677,1.00,1.00
2016.09.15 18:14:31.727,0.7667,0.76677,1.00,1.00
2016.09.15 18:14:31.931,0.76669,0.76675,1.00,1.50
2016.09.15 18:14:31.982,0.76667,0.76675,1.00,2.25
2016.09.15 18:14:32.135,0.76669,0.76675,1.00,1.00
2016.09.15 18:14:32.435,0.76669,0.76675,1.00,1.25
2016.09.15 18:14:33.354,0.76669,0.76675,1.00,1.69
2016.09.15 18:14:34.342,0.76669,0.76675,1.00,1.25
2016.09.15 18:14:35.637,0.76668,0.76675,1.00,1.25
2016.09.15 18:14:35.793,0.76668,0.76675,1.00,1.00
2016.09.15 18:14:35.844,0.76668,0.76676,1.00,2.62
2016.09.15 18:14:35.946,0.76668,0.76676,1.00,1.87
2016.09.15 18:14:36.048,0.76668,0.76676,1.00,1.50
2016.09.15 18:14:40.250,0.76668,0.76676,1.00,1.87
2016.09.15 18:14:40.352,0.76668,0.76676,1.00,1.87
2016.09.15 18:14:40.612,0.76668,0.76676,1.00,1.50
2016.09.15 18:14:41.851,0.76669,0.76676,1.00,1.87
2016.09.15 18:14:41.954,0.76669,0.76676,1.00,1.00
2016.09.15 18:14:42.056,0.76669,0.76676,1.00,1.12
2016.09.15 18:14:42.425,0.76669,0.76676,1.00,1.87
2016.09.15 18:14:43.452,0.76669,0.76676,1.00,2.62
2016.09.15 18:14:44.165,0.76669,0.76676,1.00,1.87
2016.09.15 18:14:44.216,0.76672,0.76677,1.00,2.62
2016.09.15 18:14:44.267,0.76672,0.76677,1.00,1.50
2016.09.15 18:14:44.318,0.76672,0.76677,1.00,1.00
2016.09.15 18:14:46.119,0.76672,0.76677,1.00,1.12
2016.09.15 18:14:47.327,0.76672,0.76677,1.00,1.00
2016.09.15 18:14:51.447,0.76672,0.76677,1.00,1.50
2016.09.15 18:14:52.512,0.76671,0.76677,1.00,1.50
2016.09.15 18:14:58.591,0.76666,0.76672,2.14,1.00
2016.09.15 18:14:58.645,0.76666,0.7667,1.31,1.00
2016.09.15 18:14:58.697,0.76663,0.7667,3.75,1.00
2016.09.15 18:14:58.749,0.76663,0.76669,2.25,1.00
2016.09.15 18:14:58.800,0.76661,0.76667,1.00,1.00
2016.09.15 18:14:58.852,0.7666,0.76667,1.25,1.00
2016.09.15 18:14:58.904,0.7666,0.76667,1.00,1.50
2016.09.15 18:14:59.103,0.76661,0.76666,1.00,1.00
2016.09.15 18:14:59.206,0.76661,0.76666,1.00,1.00
2016.09.15 18:14:59.359,0.76658,0.76665,1.50,1.00
2016.09.15 18:14:59.411,0.76657,0.76665,2.62,1.00
2016.09.15 18:14:59.514,0.76657,0.76665,2.25,1.00
2016.09.15 18:14:59.618,0.76657,0.76663,1.00,1.00
2016.09.15 18:14:59.821,0.7666,0.76666,1.00,1.00
2016.09.15 18:14:59.997,0.76661,0.76667,1.00,1.00
2016.09.15 18:15:00.049,0.76663,0.76667,1.00,1.00
2016.09.15 18:15:01.203,0.76663,0.76669,1.00,1.00
2016.09.15 18:15:01.717,0.76664,0.7667,1.00,1.00
2016.09.15 18:15:01.962,0.76663,0.76669,1.12,1.00
2016.09.15 18:15:02.135,0.76663,0.76669,1.00,1.00
2016.09.15 18:15:02.288,0.76664,0.76669,1.50,1.00
2016.09.15 18:15:02.594,0.76664,0.76671,1.50,1.00
2016.09.15 18:15:02.768,0.76664,0.76671,1.00,1.00
2016.09.15 18:15:03.197,0.76666,0.76671,1.00,1.00
2016.09.15 18:15:03.551,0.76668,0.76674,1.00,1.50
2016.09.15 18:15:03.602,0.76669,0.76674,1.00,1.50
2016.09.15 18:15:03.705,0.7667,0.76674,1.00,1.00
2016.09.15 18:15:03.757,0.7667,0.76675,1.00,1.87
2016.09.15 18:15:03.808,0.76671,0.76677,1.00,3.07
2016.09.15 18:15:03.859,0.76671,0.76677,1.00,2.70
2016.09.15 18:15:03.911,0.76671,0.76677,1.00,2.32
2016.09.15 18:15:04.590,0.76671,0.76676,1.00,1.00
2016.09.15 18:15:07.171,0.76671,0.76677,1.00,2.70
2016.09.15 18:15:07.540,0.76672,0.76677,1.00,1.95
2016.09.15 18:15:07.591,0.76672,0.76677,1.00,1.87
2016.09.15 18:15:07.951,0.76669,0.76677,1.00,1.87
2016.09.15 18:15:08.003,0.76668,0.76674,1.00,1.00
2016.09.15 18:15:08.056,0.76668,0.76674,1.00,1.00
2016.09.15 18:15:08.594,0.76667,0.76673,1.00,1.00
2016.09.15 18:15:08.892,0.76669,0.76676,1.00,1.50
2016.09.15 18:15:08.948,0.76669,0.76676,1.00,1.50
2016.09.15 18:15:09.102,0.76668,0.76676,1.00,2.25
2016.09.15 18:15:09.154,0.76668,0.76676,1.00,3.00
2016.09.15 18:15:09.358,0.76668,0.76676,1.00,2.25
2016.09.15 18:15:09.613,0.76667,0.76675,1.00,1.00
2016.09.15 18:15:09.770,0.76667,0.76675,1.00,1.50
2016.09.15 18:15:09.824,0.76668,0.76674,1.00,1.00
2016.09.15 18:15:10.336,0.7667,0.76675,1.00,1.50
2016.09.15 18:15:10.387,0.7667,0.76675,1.00,1.00
2016.09.15 18:15:13.632,0.76668,0.76676,1.00,2.25
2016.09.15 18:15:13.785,0.76668,0.76674,1.00,1.00
2016.09.15 18:15:14.677,0.76667,0.76674,1.00,1.00
2016.09.15 18:15:14.729,0.76667,0.76674,1.00,1.50
2016.09.15 18:15:14.883,0.76667,0.76674,1.00,2.25
2016.09.15 18:15:15.890,0.76667,0.76674,1.00,1.50
2016.09.15 18:15:16.590,0.76667,0.76674,1.00,1.00
2016.09.15 18:15:16.641,0.76668,0.76676,1.00,2.25
2016.09.15 18:15:16.723,0.76668,0.76676,1.00,1.50
2016.09.15 18:15:17.136,0.76668,0.76676,1.00,1.50
2016.09.15 18:15:17.238,0.76668,0.76675,1.00,1.00
2016.09.15 18:15:17.340,0.76668,0.76676,1.00,2.25
2016.09.15 18:15:17.899,0.76668,0.76675,1.00,1.00
2016.09.15 18:15:20.207,0.76668,0.76675,1.00,1.50
2016.09.15 18:15:21.389,0.76668,0.76675,1.50,1.00
2016.09.15 18:15:22.238,0.76668,0.76673,1.00,1.50
2016.09.15 18:15:22.289,0.76667,0.76673,1.00,1.00
2016.09.15 18:15:22.470,0.76667,0.76675,1.00,1.50
2016.09.15 18:15:22.521,0.76667,0.76675,1.50,1.00
2016.09.15 18:15:22.572,0.76668,0.76675,1.00,1.00
2016.09.15 18:15:23.013,0.76668,0.76675,1.50,1.00
2016.09.15 18:15:23.397,0.76668,0.76675,1.50,1.50
2016.09.15 18:15:23.509,0.76668,0.76675,2.25,1.00
2016.09.15 18:15:23.560,0.76668,0.76676,2.25,1.50
2016.09.15 18:15:23.715,0.7667,0.76676,1.00,1.00
2016.09.15 18:15:25.653,0.7667,0.76676,1.50,1.00
2016.09.15 18:15:26.208,0.7667,0.76677,1.50,1.50
2016.09.15 18:15:26.462,0.76674,0.76678,1.00,1.50
2016.09.15 18:15:26.513,0.76673,0.76677,1.00,1.00
2016.09.15 18:15:26.564,0.76673,0.7668,1.00,1.87
2016.09.15 18:15:26.615,0.76673,0.7668,1.00,1.50
2016.09.15 18:15:26.666,0.76674,0.76681,1.00,2.25
2016.09.15 18:15:26.717,0.76674,0.76681,1.00,1.87
2016.09.15 18:15:26.768,0.76674,0.76681,1.00,1.12
2016.09.15 18:15:26.819,0.76674,0.76682,1.50,1.50
2016.09.15 18:15:26.922,0.76672,0.76676,1.00,1.00
2016.09.15 18:15:27.120,0.7667,0.76675,2.44,1.00
2016.09.15 18:15:27.171,0.7667,0.76674,2.25,1.00
2016.09.15 18:15:27.222,0.7667,0.76674,1.87,1.00
2016.09.15 18:15:27.426,0.7667,0.76674,1.00,1.00
2016.09.15 18:15:27.733,0.76669,0.76675,1.50,1.00
2016.09.15 18:15:27.995,0.76671,0.76679,1.00,2.25
2016.09.15 18:15:28.764,0.76673,0.76679,1.00,1.00
2016.09.15 18:15:28.867,0.76674,0.7668,1.00,2.25
2016.09.15 18:15:28.918,0.76674,0.76679,1.00,1.00
2016.09.15 18:15:29.096,0.76674,0.76679,1.00,2.25
2016.09.15 18:15:29.147,0.76673,0.76677,1.00,1.00
2016.09.15 18:15:29.680,0.76672,0.76678,1.00,1.00
2016.09.15 18:15:32.028,0.76673,0.76678,1.00,1.00
2016.09.15 18:15:33.491,0.76674,0.76678,1.00,1.00
2016.09.15 18:15:33.542,0.76675,0.76679,1.00,1.00
2016.09.15 18:15:34.093,0.76677,0.76684,1.00,2.25
2016.09.15 18:15:34.144,0.76678,0.76684,1.00,1.87
2016.09.15 18:15:34.196,0.7668,0.76684,1.00,1.00
2016.09.15 18:15:34.298,0.7668,0.76684,1.00,1.00
2016.09.15 18:15:34.349,0.7668,0.76686,1.00,2.81
2016.09.15 18:15:34.401,0.7668,0.76686,1.00,1.69
2016.09.15 18:15:34.453,0.7668,0.76686,1.00,1.50
2016.09.15 18:15:34.504,0.7668,0.76686,1.00,1.12
2016.09.15 18:15:34.806,0.76679,0.76686,1.00,1.25
2016.09.15 18:15:34.858,0.76681,0.76686,1.00,1.25
2016.09.15 18:15:34.909,0.76679,0.76686,1.00,1.25
2016.09.15 18:15:34.961,0.76679,0.76685,1.00,1.00
2016.09.15 18:15:35.978,0.76679,0.76685,1.00,1.00
2016.09.15 18:15:36.684,0.7668,0.76685,1.00,1.00
2016.09.15 18:15:36.838,0.76683,0.76687,1.00,1.12
2016.09.15 18:15:37.025,0.76683,0.76687,1.00,1.12
2016.09.15 18:15:37.076,0.76684,0.76688,1.00,1.00
2016.09.15 18:15:37.484,0.76683,0.76687,1.00,1.00
2016.09.15 18:15:44.368,0.76682,0.76686,1.00,1.00
2016.09.15 18:15:46.284,0.76682,0.76687,1.00,1.00
2016.09.15 18:15:46.993,0.76681,0.76687,1.00,1.00
2016.09.15 18:15:47.290,0.76681,0.76686,1.00,1.00
2016.09.15 18:15:49.191,0.76681,0.76685,1.00,1.00
2016.09.15 18:15:52.181,0.76681,0.76686,1.00,1.00
2016.09.15 18:15:54.198,0.76682,0.76687,1.00,1.25
2016.09.15 18:15:54.300,0.76682,0.76687,1.00,1.25
2016.09.15 18:15:54.504,0.7668,0.76687,1.00,1.69
2016.09.15 18:15:54.556,0.7668,0.76686,1.00,1.19
2016.09.15 18:15:54.607,0.7668,0.76685,1.00,1.25
2016.09.15 18:15:54.661,0.7668,0.76684,1.00,1.00
2016.09.15 18:15:54.765,0.76678,0.76684,1.00,1.00
2016.09.15 18:15:54.963,0.7668,0.76684,1.00,1.00
2016.09.15 18:15:55.066,0.7668,0.76684,1.00,1.12
2016.09.15 18:15:55.169,0.76682,0.76687,1.00,1.50
2016.09.15 18:15:55.220,0.76681,0.76687,1.00,1.00
2016.09.15 18:15:55.376,0.76683,0.76688,1.00,1.00
2016.09.15 18:15:55.428,0.76682,0.76686,1.00,1.00
2016.09.15 18:15:56.272,0.76682,0.76687,1.00,1.50
2016.09.15 18:15:56.472,0.76682,0.76687,1.00,1.87
2016.09.15 18:15:56.523,0.7668,0.76687,1.00,1.12
2016.09.15 18:15:56.574,0.7668,0.76687,1.00,1.00
2016.09.15 18:15:56.626,0.7668,0.76687,1.00,1.00
2016.09.15 18:15:56.966,0.76679,0.76684,1.00,1.00
2016.09.15 18:15:57.069,0.76679,0.76686,1.00,1.87
2016.09.15 18:15:57.240,0.7668,0.76686,1.00,1.50
2016.09.15 18:15:57.294,0.7668,0.76686,1.00,1.00
2016.09.15 18:15:57.345,0.7668,0.76686,1.00,1.00
2016.09.15 18:15:57.448,0.7668,0.76686,1.00,1.50
2016.09.15 18:15:58.201,0.7668,0.76686,1.00,1.37
2016.09.15 18:15:58.355,0.7668,0.76686,1.00,1.12
2016.09.15 18:15:58.458,0.7668,0.76686,1.00,1.87
2016.09.15 18:15:58.509,0.7668,0.76685,1.00,1.12
2016.09.15 18:15:58.612,0.7668,0.76685,1.00,1.00
2016.09.15 18:15:59.292,0.76679,0.76685,1.00,1.00
2016.09.15 18:15:59.703,0.76681,0.76687,1.00,1.12
2016.09.15 18:15:59.754,0.76683,0.76687,1.00,1.00
2016.09.15 18:15:59.806,0.76683,0.76689,1.00,1.57
2016.09.15 18:15:59.858,0.76683,0.76687,1.00,1.00
2016.09.15 18:16:00.029,0.76683,0.76687,1.00,1.50
2016.09.15 18:16:00.080,0.76682,0.76687,1.00,3.00
2016.09.15 18:16:00.182,0.76681,0.76685,1.00,1.00
2016.09.15 18:16:00.844,0.7668,0.76685,1.00,1.12
2016.09.15 18:16:00.895,0.76679,0.76685,1.00,1.12
2016.09.15 18:16:01.089,0.76679,0.76684,1.00,1.00
2016.09.15 18:16:01.191,0.76679,0.76683,1.00,1.00
2016.09.15 18:16:01.790,0.7668,0.76684,1.00,1.00
2016.09.15 18:16:02.229,0.76681,0.76685,1.00,1.00
2016.09.15 18:16:02.382,0.76681,0.76686,1.00,1.94
2016.09.15 18:16:02.450,0.76682,0.76687,1.00,1.12
2016.09.15 18:16:02.504,0.76682,0.76687,1.00,1.12
2016.09.15 18:16:02.555,0.76682,0.76687,1.00,1.12
2016.09.15 18:16:02.607,0.76682,0.76687,1.00,1.00
2016.09.15 18:16:04.649,0.76682,0.76687,1.00,1.12
2016.09.15 18:16:04.700,0.76681,0.76686,1.00,1.00
2016.09.15 18:16:04.752,0.76682,0.76686,1.00,2.62
2016.09.15 18:16:05.006,0.76681,0.76686,1.00,3.00
2016.09.15 18:16:05.695,0.76681,0.76685,1.00,1.00
2016.09.15 18:16:05.746,0.76683,0.76687,1.00,1.12
2016.09.15 18:16:05.797,0.76683,0.76687,1.00,1.00
2016.09.15 18:16:06.263,0.76683,0.76688,1.00,1.09
2016.09.15 18:16:06.365,0.76683,0.76688,1.00,1.00
2016.09.15 18:16:06.865,0.76683,0.76689,1.00,1.50
2016.09.15 18:16:06.916,0.76683,0.76689,1.00,1.00
2016.09.15 18:16:08.029,0.76683,0.76688,1.00,1.00
2016.09.15 18:16:09.622,0.76683,0.7669,1.00,1.00
2016.09.15 18:16:10.604,0.76683,0.76689,1.00,1.00
2016.09.15 18:16:10.656,0.7668,0.76688,1.00,1.00
2016.09.15 18:16:10.707,0.7668,0.76685,1.00,1.00
2016.09.15 18:16:11.571,0.76681,0.76685,1.00,1.00
2016.09.15 18:16:12.074,0.76682,0.76686,1.00,1.00
2016.09.15 18:16:12.936,0.76682,0.76686,1.00,2.62
2016.09.15 18:16:13.029,0.76682,0.76686,1.00,1.87
2016.09.15 18:16:13.088,0.76682,0.76686,1.00,2.62
2016.09.15 18:16:13.325,0.76682,0.76686,1.00,1.00
2016.09.15 18:16:13.740,0.76682,0.76688,1.00,1.00
2016.09.15 18:16:13.791,0.76682,0.7669,1.00,4.57
2016.09.15 18:16:13.842,0.76683,0.7669,1.00,3.37
2016.09.15 18:16:13.893,0.76683,0.7669,1.00,1.50
2016.09.15 18:16:14.047,0.76683,0.7669,1.00,1.00
2016.09.15 18:16:14.709,0.76683,0.76691,1.00,3.44
2016.09.15 18:16:14.811,0.76683,0.76691,1.00,1.94
2016.09.15 18:16:15.067,0.76683,0.76691,1.00,1.87
2016.09.15 18:16:15.233,0.76683,0.76691,1.00,1.50
2016.09.15 18:16:15.335,0.76683,0.76691,1.00,1.87
2016.09.15 18:16:15.805,0.76683,0.76689,1.00,1.00
2016.09.15 18:16:17.369,0.76683,0.7669,1.00,2.69
2016.09.15 18:16:17.421,0.76682,0.76688,1.00,1.00
2016.09.15 18:16:17.523,0.76683,0.76689,1.00,1.00
2016.09.15 18:16:17.728,0.76683,0.76689,1.00,1.00
2016.09.15 18:16:19.030,0.76683,0.76691,1.00,1.50
2016.09.15 18:16:19.081,0.76683,0.76691,1.00,1.50
2016.09.15 18:16:19.585,0.76686,0.76691,1.00,1.00
2016.09.15 18:16:19.687,0.76687,0.76693,1.00,1.10
2016.09.15 18:16:19.738,0.76687,0.76694,1.00,1.00
2016.09.15 18:16:20.248,0.76689,0.76694,1.00,1.00
2016.09.15 18:16:21.315,0.76689,0.76693,1.00,1.00
2016.09.15 18:16:22.340,0.76689,0.76694,1.00,1.00
2016.09.15 18:16:23.858,0.76689,0.76694,1.00,1.00
2016.09.15 18:16:24.928,0.76689,0.76693,1.00,1.00
2016.09.15 18:16:28.741,0.76689,0.76695,1.00,2.25
2016.09.15 18:16:28.845,0.76689,0.76695,1.00,1.87
2016.09.15 18:16:29.660,0.76689,0.76695,1.00,2.25
2016.09.15 18:16:29.864,0.76689,0.76695,1.00,2.25
2016.09.15 18:16:29.966,0.76689,0.76695,1.00,2.25
2016.09.15 18:16:30.017,0.76689,0.76694,1.00,1.12
2016.09.15 18:16:30.120,0.76689,0.76695,1.00,2.25
2016.09.15 18:16:30.222,0.76689,0.76695,1.00,2.62
2016.09.15 18:16:30.324,0.76689,0.76695,1.00,2.25
2016.09.15 18:16:30.474,0.76689,0.76695,1.00,1.87
2016.09.15 18:16:30.872,0.76689,0.76695,1.00,1.87
2016.09.15 18:16:31.030,0.76689,0.76694,1.00,1.12
2016.09.15 18:16:31.340,0.76689,0.76695,1.00,1.87
2016.09.15 18:16:32.018,0.76689,0.76694,1.00,1.00
2016.09.15 18:16:32.844,0.76689,0.76695,1.00,1.50
2016.09.15 18:16:33.431,0.76689,0.76695,1.00,1.87
2016.09.15 18:16:34.291,0.76689,0.76695,1.00,1.87
2016.09.15 18:16:34.546,0.76689,0.76694,1.00,1.00
2016.09.15 18:16:34.721,0.76689,0.76695,1.00,1.50
2016.09.15 18:16:35.729,0.76689,0.76695,1.00,1.50
2016.09.15 18:16:35.780,0.76689,0.76694,1.00,1.12
2016.09.15 18:16:36.188,0.76686,0.76694,1.00,3.37
2016.09.15 18:16:36.239,0.76687,0.76693,1.50,1.37
2016.09.15 18:16:36.342,0.7669,0.76694,1.00,1.87
2016.09.15 18:16:36.394,0.7669,0.76695,1.00,2.62
2016.09.15 18:16:36.589,0.76692,0.76698,1.00,1.00
2016.09.15 18:16:36.897,0.76694,0.76698,1.00,1.00
2016.09.15 18:16:37.050,0.76694,0.767,1.00,1.50
2016.09.15 18:16:37.102,0.76694,0.767,1.00,1.00
2016.09.15 18:16:37.153,0.76696,0.76702,1.00,3.00
2016.09.15 18:16:37.204,0.76697,0.76702,1.00,1.12
2016.09.15 18:16:37.256,0.76695,0.76702,1.00,1.87
2016.09.15 18:16:37.307,0.76693,0.76701,1.00,2.62
2016.09.15 18:16:37.502,0.76693,0.76699,1.00,1.87
2016.09.15 18:16:37.604,0.76694,0.767,1.00,3.00
2016.09.15 18:16:37.706,0.76693,0.76699,1.00,1.00
2016.09.15 18:16:37.757,0.76691,0.76697,1.00,1.00
2016.09.15 18:16:37.809,0.76691,0.76697,1.00,3.37
2016.09.15 18:16:37.860,0.7669,0.76695,1.00,1.50
2016.09.15 18:16:38.121,0.76691,0.76698,1.00,1.12
2016.09.15 18:16:38.194,0.76691,0.76698,1.00,1.50
2016.09.15 18:16:38.246,0.76691,0.76698,1.00,1.00
2016.09.15 18:16:38.400,0.76691,0.76698,1.00,1.00
2016.09.15 18:16:38.502,0.7669,0.76698,1.00,1.50
2016.09.15 18:16:38.657,0.76691,0.76698,1.00,1.00
2016.09.15 18:16:38.708,0.76691,0.76698,1.00,1.00
2016.09.15 18:16:38.904,0.7669,0.76697,1.00,2.62
2016.09.15 18:16:39.006,0.7669,0.76697,1.00,1.00
2016.09.15 18:16:39.119,0.7669,0.76697,1.00,1.12
2016.09.15 18:16:39.220,0.7669,0.76697,1.00,1.12
2016.09.15 18:16:39.271,0.7669,0.76696,1.00,1.00
2016.09.15 18:16:39.578,0.76689,0.76695,1.00,1.50
2016.09.15 18:16:39.882,0.76689,0.76695,1.00,1.00
2016.09.15 18:16:39.985,0.76689,0.76697,1.00,1.50
2016.09.15 18:16:40.037,0.76689,0.76695,1.00,1.00
2016.09.15 18:16:40.241,0.76689,0.76696,1.00,1.87
2016.09.15 18:16:40.292,0.7669,0.76697,1.00,1.50
2016.09.15 18:16:40.344,0.7669,0.76697,1.00,1.00
2016.09.15 18:16:40.764,0.7669,0.76698,1.00,3.00
2016.09.15 18:16:40.815,0.7669,0.76698,1.00,1.12
2016.09.15 18:16:40.918,0.76691,0.76699,1.00,3.37
2016.09.15 18:16:40.969,0.76691,0.76699,1.00,2.62
2016.09.15 18:16:41.021,0.76691,0.76699,1.00,2.25
2016.09.15 18:16:41.074,0.76693,0.76699,1.00,1.00
2016.09.15 18:16:41.125,0.76693,0.76699,1.00,1.00
2016.09.15 18:16:42.160,0.76693,0.767,1.00,2.25
2016.09.15 18:16:42.211,0.76693,0.767,1.00,2.25
2016.09.15 18:16:42.262,0.76693,0.767,1.00,1.00
2016.09.15 18:16:42.481,0.76695,0.76701,1.00,2.62
2016.09.15 18:16:42.532,0.76695,0.76701,1.00,1.87
2016.09.15 18:16:42.583,0.76696,0.76703,1.00,3.15
2016.09.15 18:16:42.635,0.76696,0.76702,1.00,1.00
2016.09.15 18:16:42.991,0.76696,0.76703,1.00,1.00
2016.09.15 18:16:43.942,0.76696,0.76704,1.00,1.50
2016.09.15 18:16:44.401,0.76696,0.76704,1.00,2.25
2016.09.15 18:16:44.453,0.76697,0.76704,1.00,1.00
2016.09.15 18:16:44.537,0.76697,0.76704,1.00,1.50
2016.09.15 18:16:44.638,0.76697,0.76704,1.00,1.00
2016.09.15 18:16:44.740,0.76697,0.76704,1.00,2.62
2016.09.15 18:16:44.791,0.76697,0.76704,1.00,2.62
2016.09.15 18:16:44.944,0.76697,0.76702,1.00,1.00
2016.09.15 18:16:45.467,0.76696,0.76702,1.00,1.00
2016.09.15 18:16:47.355,0.76696,0.76701,1.00,1.00
2016.09.15 18:16:48.199,0.76691,0.76697,1.00,1.00
2016.09.15 18:16:48.352,0.76692,0.767,1.00,1.00
2016.09.15 18:16:48.454,0.76692,0.767,1.00,1.50
2016.09.15 18:16:49.453,0.76692,0.767,1.00,1.00
2016.09.15 18:16:49.664,0.76692,0.767,1.00,1.50
2016.09.15 18:16:52.369,0.76692,0.767,1.00,1.00
2016.09.15 18:16:52.776,0.76692,0.767,1.50,1.00
2016.09.15 18:16:52.828,0.76693,0.76701,1.00,1.00
2016.09.15 18:16:53.015,0.76693,0.76701,1.87,1.00
2016.09.15 18:16:53.118,0.76693,0.76701,1.50,1.00
2016.09.15 18:16:54.468,0.76694,0.76701,1.00,1.00
2016.09.15 18:16:54.519,0.76696,0.76703,1.00,1.00
2016.09.15 18:16:54.672,0.76697,0.76705,1.00,1.00
2016.09.15 18:16:55.249,0.76699,0.76705,1.00,1.00
2016.09.15 18:16:55.761,0.76698,0.76704,1.00,1.00
2016.09.15 18:16:56.308,0.76695,0.76702,1.00,1.00
2016.09.15 18:16:56.360,0.76694,0.76702,1.00,1.00
2016.09.15 18:16:56.884,0.76693,0.76701,1.00,1.00
2016.09.15 18:16:57.055,0.76693,0.76701,1.00,1.50
2016.09.15 18:16:58.395,0.76693,0.76701,1.50,1.00
2016.09.15 18:16:58.499,0.76694,0.76701,1.00,1.00
2016.09.15 18:16:59.186,0.76694,0.76701,1.00,1.00
2016.09.15 18:16:59.237,0.76694,0.76702,1.50,1.00
2016.09.15 18:16:59.339,0.76695,0.76703,1.00,1.00
2016.09.15 18:16:59.442,0.76698,0.76704,1.00,1.50
2016.09.15 18:16:59.493,0.76699,0.76705,1.00,1.00
2016.09.15 18:16:59.646,0.76699,0.76707,1.00,1.00
2016.09.15 18:16:59.698,0.76699,0.76707,1.50,1.00
2016.09.15 18:16:59.952,0.76699,0.76707,2.25,1.00
2016.09.15 18:17:00.311,0.76699,0.76706,1.00,1.00
2016.09.15 18:17:00.365,0.76698,0.76706,1.50,1.00
2016.09.15 18:17:00.520,0.76698,0.76706,1.00,1.00
2016.09.15 18:17:01.443,0.76698,0.76706,1.12,1.00
2016.09.15 18:17:01.494,0.76697,0.76705,1.87,1.00
2016.09.15 18:17:01.545,0.76698,0.76706,1.00,1.00
2016.09.15 18:17:01.744,0.76698,0.76706,1.00,1.00
2016.09.15 18:17:01.815,0.76696,0.76702,1.00,1.00
2016.09.15 18:17:02.333,0.76695,0.76702,1.00,1.00
2016.09.15 18:17:02.676,0.76697,0.76703,1.00,1.00
2016.09.15 18:17:03.436,0.76697,0.76705,1.00,1.00
2016.09.15 18:17:03.859,0.76697,0.76703,1.50,1.00
2016.09.15 18:17:03.961,0.76697,0.76703,1.00,1.00
2016.09.15 18:17:04.166,0.76697,0.76705,1.00,1.00
2016.09.15 18:17:04.418,0.76697,0.76705,1.50,1.00
2016.09.15 18:17:04.666,0.76697,0.76705,1.00,1.00
2016.09.15 18:17:05.180,0.76698,0.76706,1.00,1.00
2016.09.15 18:17:05.427,0.76699,0.76707,1.50,1.00
2016.09.15 18:17:06.978,0.767,0.76707,1.00,1.00
2016.09.15 18:17:07.981,0.76701,0.76707,1.00,1.00
2016.09.15 18:17:08.784,0.76701,0.76709,1.50,1.00
2016.09.15 18:17:09.568,0.76701,0.76708,1.00,1.00
2016.09.15 18:17:09.620,0.767,0.76708,1.50,1.00
2016.09.15 18:17:09.722,0.767,0.76706,1.00,1.00
2016.09.15 18:17:09.894,0.76698,0.76706,1.87,1.00
2016.09.15 18:17:09.946,0.76698,0.76706,1.00,1.00
2016.09.15 18:17:10.557,0.76698,0.76706,1.50,1.00
2016.09.15 18:17:10.793,0.76699,0.76707,1.00,1.00
2016.09.15 18:17:11.306,0.767,0.76707,1.00,1.00
2016.09.15 18:17:12.138,0.767,0.76704,1.00,1.00
2016.09.15 18:17:12.189,0.76696,0.76704,2.81,1.00
2016.09.15 18:17:12.241,0.76696,0.76703,2.06,1.00
2016.09.15 18:17:12.292,0.76696,0.76704,1.25,1.00
2016.09.15 18:17:12.546,0.76698,0.76705,1.69,1.00
2016.09.15 18:17:13.136,0.76698,0.76705,1.19,1.00
2016.09.15 18:17:13.188,0.76697,0.76705,1.12,1.00
2016.09.15 18:17:13.416,0.76697,0.76705,1.00,1.00
2016.09.15 18:17:13.621,0.76695,0.767,1.00,1.00
2016.09.15 18:17:13.673,0.76695,0.767,1.00,1.00
2016.09.15 18:17:14.032,0.76694,0.767,1.50,1.00
2016.09.15 18:17:14.084,0.76696,0.76702,1.00,1.00
2016.09.15 18:17:14.135,0.76697,0.76703,1.00,1.50
2016.09.15 18:17:14.340,0.76697,0.76703,1.00,1.00
2016.09.15 18:17:14.391,0.76696,0.76703,1.00,1.00
2016.09.15 18:17:14.596,0.76695,0.76703,1.50,1.00
2016.09.15 18:17:17.187,0.76695,0.76703,1.00,1.00
2016.09.15 18:17:17.627,0.76695,0.76701,1.50,1.00
2016.09.15 18:17:20.490,0.76695,0.76703,1.50,1.50
2016.09.15 18:17:20.542,0.76695,0.76703,1.50,1.00
2016.09.15 18:17:21.126,0.76695,0.76702,1.00,1.00
2016.09.15 18:17:21.497,0.76695,0.76702,1.50,1.00
2016.09.15 18:17:22.233,0.76695,0.76702,1.00,1.00
2016.09.15 18:17:22.614,0.76696,0.76702,1.00,1.00
2016.09.15 18:17:25.463,0.76696,0.76702,1.50,1.00
2016.09.15 18:17:25.870,0.76696,0.76703,1.00,1.00
2016.09.15 18:17:26.325,0.76695,0.76703,1.87,1.00
2016.09.15 18:17:26.376,0.76695,0.76703,2.25,1.00
2016.09.15 18:17:26.428,0.76696,0.76703,1.00,1.00
2016.09.15 18:17:27.811,0.76697,0.76704,1.00,1.00
2016.09.15 18:17:27.914,0.76697,0.76704,1.00,1.00
2016.09.15 18:17:28.259,0.76697,0.76704,1.00,1.00
2016.09.15 18:17:28.769,0.76697,0.76704,1.50,1.00
2016.09.15 18:17:28.820,0.76697,0.76705,2.25,1.50
2016.09.15 18:17:28.871,0.76697,0.76703,2.25,1.00
2016.09.15 18:17:28.923,0.76698,0.76706,1.50,1.00
2016.09.15 18:17:29.409,0.76698,0.76706,1.50,1.50
2016.09.15 18:17:29.511,0.76698,0.76706,1.00,1.69
2016.09.15 18:17:30.429,0.76698,0.76706,1.00,1.25
2016.09.15 18:17:30.481,0.76698,0.76706,1.00,1.00
2016.09.15 18:17:30.533,0.76698,0.76706,1.00,1.12
2016.09.15 18:17:31.244,0.76698,0.76705,1.00,1.00
2016.09.15 18:17:33.418,0.76695,0.76702,1.00,1.00
2016.09.15 18:17:33.469,0.76693,0.76701,1.57,1.00
2016.09.15 18:17:33.520,0.76691,0.76699,2.89,1.00
2016.09.15 18:17:33.670,0.76691,0.76699,1.69,1.00
2016.09.15 18:17:33.722,0.76692,0.767,1.00,1.50
2016.09.15 18:17:34.124,0.76692,0.767,1.00,1.00
2016.09.15 18:17:34.481,0.76695,0.76702,1.00,2.25
2016.09.15 18:17:34.532,0.76695,0.76702,1.00,1.50
2016.09.15 18:17:34.775,0.76695,0.76702,1.00,1.00
2016.09.15 18:17:35.312,0.76695,0.76701,1.00,1.00
2016.09.15 18:17:36.159,0.76695,0.76701,1.00,1.00
2016.09.15 18:17:36.364,0.76692,0.76698,1.00,1.87
2016.09.15 18:17:36.415,0.76691,0.76698,1.00,1.50
2016.09.15 18:17:36.517,0.76691,0.76697,1.00,1.00
2016.09.15 18:17:36.720,0.76691,0.76698,1.00,1.12
2016.09.15 18:17:36.964,0.76694,0.76699,1.00,3.07
2016.09.15 18:17:37.016,0.76696,0.767,1.00,1.00
2016.09.15 18:17:37.067,0.76696,0.76701,1.00,1.20
2016.09.15 18:17:37.119,0.76697,0.76702,1.00,1.57
2016.09.15 18:17:37.170,0.76697,0.76702,1.00,1.00
2016.09.15 18:17:37.324,0.76696,0.76702,1.00,1.12
2016.09.15 18:17:37.375,0.76696,0.76702,1.00,1.87
2016.09.15 18:17:37.426,0.76696,0.76702,1.00,1.12
2016.09.15 18:17:37.784,0.76696,0.76702,1.00,2.62
2016.09.15 18:17:37.886,0.76696,0.76702,1.00,1.87
2016.09.15 18:17:37.988,0.76696,0.76702,1.00,1.12
2016.09.15 18:17:38.147,0.76696,0.76702,1.00,2.25
2016.09.15 18:17:38.645,0.76693,0.76699,1.00,1.37
2016.09.15 18:17:38.891,0.76694,0.767,1.00,1.87
2016.09.15 18:17:38.945,0.76694,0.76701,1.00,3.37
2016.09.15 18:17:39.152,0.76694,0.76699,1.00,1.00
2016.09.15 18:17:39.256,0.76697,0.76701,1.00,1.12
2016.09.15 18:17:39.409,0.76697,0.76701,1.00,1.12
2016.09.15 18:17:39.722,0.76698,0.76703,1.00,1.50
2016.09.15 18:17:39.824,0.76696,0.767,1.00,1.12
2016.09.15 18:17:39.949,0.76699,0.76703,1.00,1.12
2016.09.15 18:17:40.459,0.76698,0.76703,1.00,1.12
2016.09.15 18:17:40.850,0.76698,0.76702,1.00,1.87
2016.09.15 18:17:40.952,0.76698,0.76703,1.00,1.00
2016.09.15 18:17:41.111,0.76698,0.76704,1.00,1.12
2016.09.15 18:17:43.429,0.76698,0.76705,1.00,3.00
2016.09.15 18:17:46.727,0.76698,0.76705,1.00,2.62
2016.09.15 18:17:46.984,0.76698,0.76703,1.00,1.00
2016.09.15 18:17:47.036,0.76698,0.76704,1.00,1.12
2016.09.15 18:17:47.319,0.76698,0.76703,1.00,1.00
2016.09.15 18:17:47.825,0.76698,0.76703,1.00,1.12
2016.09.15 18:17:51.070,0.76698,0.76703,1.00,1.50
2016.09.15 18:17:51.380,0.76699,0.76704,1.00,1.87
2016.09.15 18:17:51.483,0.76699,0.76704,1.00,1.37
2016.09.15 18:17:51.534,0.767,0.76705,1.00,2.25
2016.09.15 18:17:51.586,0.767,0.76705,1.00,1.00
2016.09.15 18:17:52.189,0.76701,0.76705,1.00,1.00
2016.09.15 18:17:52.699,0.76701,0.76706,1.00,1.00
2016.09.15 18:17:53.280,0.76701,0.76706,1.00,1.12
2016.09.15 18:17:53.341,0.76701,0.76706,1.00,1.50
2016.09.15 18:17:53.392,0.76701,0.76706,1.00,1.00
2016.09.15 18:17:54.484,0.76701,0.76706,1.00,1.12
2016.09.15 18:17:54.537,0.767,0.76705,1.00,1.50
2016.09.15 18:17:54.743,0.76698,0.76705,1.00,1.50
2016.09.15 18:17:54.795,0.76698,0.76705,1.00,1.87
2016.09.15 18:17:54.846,0.76698,0.76705,1.00,2.25
2016.09.15 18:17:55.416,0.76694,0.76699,1.00,1.00
2016.09.15 18:17:55.572,0.76691,0.76697,1.00,1.00
2016.09.15 18:17:55.675,0.76693,0.76698,1.00,1.00
2016.09.15 18:17:55.726,0.76693,0.76697,1.00,1.12
2016.09.15 18:17:55.778,0.76691,0.76697,1.00,2.70
2016.09.15 18:17:55.829,0.76692,0.76697,1.00,1.10
2016.09.15 18:17:55.880,0.76689,0.76697,1.00,1.10
2016.09.15 18:17:55.932,0.76689,0.76697,1.00,1.00
2016.09.15 18:17:56.096,0.76689,0.76694,1.00,1.10
2016.09.15 18:17:56.149,0.76687,0.76694,1.00,1.10
2016.09.15 18:17:56.201,0.76688,0.76693,1.00,1.00
2016.09.15 18:17:56.255,0.76688,0.76694,1.00,1.57
2016.09.15 18:17:56.309,0.76688,0.76693,1.00,1.00
2016.09.15 18:17:56.360,0.76686,0.76694,1.00,2.62
2016.09.15 18:17:56.464,0.76687,0.76694,1.00,1.95
2016.09.15 18:17:56.567,0.76686,0.76694,1.00,1.20
2016.09.15 18:17:56.671,0.76686,0.76694,1.00,1.87
2016.09.15 18:17:56.924,0.76687,0.76694,1.00,1.50
2016.09.15 18:17:56.976,0.76687,0.76694,1.00,1.00
2016.09.15 18:17:57.079,0.76688,0.76694,1.00,1.00
2016.09.15 18:17:57.130,0.76688,0.76694,1.00,1.57
2016.09.15 18:17:57.500,0.76686,0.76692,1.00,1.00
2016.09.15 18:17:57.551,0.76686,0.76692,1.00,1.12
2016.09.15 18:17:57.603,0.76684,0.76691,1.00,1.00
2016.09.15 18:17:57.655,0.76684,0.76691,1.00,1.87
2016.09.15 18:17:57.862,0.76686,0.76691,1.00,1.37
2016.09.15 18:17:57.914,0.7669,0.76697,1.00,1.20
2016.09.15 18:17:57.965,0.7669,0.76698,1.00,1.95
2016.09.15 18:17:58.016,0.7669,0.76698,1.00,1.57
2016.09.15 18:17:58.068,0.76692,0.76698,1.00,1.00
2016.09.15 18:17:58.272,0.76686,0.76693,1.87,1.00
2016.09.15 18:17:58.375,0.76686,0.76693,2.25,1.00
2016.09.15 18:17:58.478,0.76686,0.76692,1.37,1.00
2016.09.15 18:17:58.656,0.76684,0.76692,4.12,1.00
2016.09.15 18:17:58.708,0.76684,0.7669,1.12,1.00
2016.09.15 18:17:58.963,0.76685,0.7669,1.00,1.00
2016.09.15 18:17:59.858,0.76686,0.7669,1.00,1.00
2016.09.15 18:17:59.959,0.76689,0.76697,1.00,1.87
2016.09.15 18:18:00.266,0.76689,0.76697,1.00,1.87
2016.09.15 18:18:00.470,0.76689,0.76697,1.00,1.50
2016.09.15 18:18:01.021,0.76692,0.76697,1.00,1.00
2016.09.15 18:18:01.073,0.76692,0.76698,1.00,1.50
2016.09.15 18:18:01.175,0.76692,0.76698,1.00,1.00
2016.09.15 18:18:01.380,0.76691,0.76699,1.00,2.62
2016.09.15 18:18:01.431,0.76691,0.76699,1.00,1.87
2016.09.15 18:18:01.482,0.76691,0.76699,1.00,2.62
2016.09.15 18:18:01.664,0.76691,0.76699,1.00,1.50
2016.09.15 18:18:02.893,0.76693,0.76698,1.00,1.00
2016.09.15 18:18:03.566,0.76693,0.76697,1.00,1.00
2016.09.15 18:18:04.254,0.76689,0.76697,1.00,1.50
2016.09.15 18:18:04.305,0.76688,0.76694,1.00,1.00
2016.09.15 18:18:04.509,0.7669,0.76694,1.00,1.00
2016.09.15 18:18:04.670,0.7669,0.76696,1.00,1.00
2016.09.15 18:18:04.724,0.7669,0.76696,1.00,1.00
2016.09.15 18:18:04.776,0.76691,0.76697,1.00,1.50
2016.09.15 18:18:04.878,0.76691,0.76697,1.00,1.00
2016.09.15 18:18:05.512,0.76691,0.76695,1.00,1.00
2016.09.15 18:18:06.936,0.76688,0.76693,1.00,1.00
2016.09.15 18:18:07.446,0.76689,0.76693,1.00,1.00
2016.09.15 18:18:10.810,0.76691,0.76697,1.00,1.50
2016.09.15 18:18:10.862,0.76692,0.76697,1.00,1.12
2016.09.15 18:18:10.913,0.76693,0.76699,1.00,1.87
2016.09.15 18:18:10.964,0.76693,0.76699,1.00,1.12
2016.09.15 18:18:11.354,0.76694,0.767,1.00,1.87
2016.09.15 18:18:11.406,0.76694,0.767,1.00,1.12
2016.09.15 18:18:11.457,0.76694,0.76701,1.00,1.00
2016.09.15 18:18:11.509,0.76696,0.76701,1.00,1.00
2016.09.15 18:18:11.612,0.76696,0.76703,1.00,1.76
2016.09.15 18:18:11.702,0.76696,0.76703,1.00,1.31
2016.09.15 18:18:11.881,0.76694,0.76702,1.00,1.25
2016.09.15 18:18:11.932,0.76694,0.76702,1.00,2.06
2016.09.15 18:18:11.983,0.76694,0.76702,1.00,3.64
2016.09.15 18:18:12.034,0.76693,0.76701,1.00,1.19
2016.09.15 18:18:12.188,0.76693,0.767,1.00,1.25
2016.09.15 18:18:12.291,0.76693,0.767,1.00,1.69
2016.09.15 18:18:12.538,0.76693,0.76699,1.00,1.00
2016.09.15 18:18:12.589,0.76693,0.767,1.00,1.25
2016.09.15 18:18:12.641,0.76693,0.767,1.00,2.06
2016.09.15 18:18:13.129,0.76694,0.767,1.00,1.25
2016.09.15 18:18:13.220,0.76694,0.76701,1.00,1.00
2016.09.15 18:18:13.599,0.76694,0.76699,1.00,1.00
2016.09.15 18:18:13.701,0.76694,0.76699,1.00,1.50
2016.09.15 18:18:13.803,0.76694,0.76699,1.00,1.00
2016.09.15 18:18:14.941,0.76694,0.76699,1.00,1.25
2016.09.15 18:18:14.992,0.76694,0.767,1.00,2.44
2016.09.15 18:18:15.688,0.76694,0.767,1.00,2.25
2016.09.15 18:18:15.740,0.76694,0.767,1.00,1.50
2016.09.15 18:18:15.795,0.76694,0.767,1.00,1.00
2016.09.15 18:18:16.379,0.76694,0.76701,1.00,1.00
2016.09.15 18:18:16.543,0.76693,0.76697,1.00,1.00
2016.09.15 18:18:16.594,0.7669,0.76697,1.00,1.00
2016.09.15 18:18:16.696,0.7669,0.76697,1.00,1.87
2016.09.15 18:18:16.747,0.7669,0.76697,1.00,1.95
2016.09.15 18:18:16.799,0.7669,0.76697,1.00,1.10
2016.09.15 18:18:16.901,0.7669,0.76697,1.00,1.00
2016.09.15 18:18:17.207,0.76689,0.76697,1.00,1.50
2016.09.15 18:18:17.400,0.76688,0.76693,1.50,1.00
2016.09.15 18:18:17.453,0.76688,0.76694,1.00,1.00
2016.09.15 18:18:17.504,0.76687,0.76695,1.00,1.50
2016.09.15 18:18:17.556,0.76686,0.76694,1.00,1.00
2016.09.15 18:18:17.608,0.76686,0.76694,1.00,1.50
2016.09.15 18:18:17.712,0.76685,0.76693,1.00,1.00
2016.09.15 18:18:17.866,0.76685,0.76692,1.00,1.00
2016.09.15 18:18:18.066,0.76688,0.76694,1.00,1.00
2016.09.15 18:18:18.580,0.76689,0.76694,1.50,1.00
2016.09.15 18:18:18.631,0.76689,0.76696,1.00,1.00
2016.09.15 18:18:18.856,0.76689,0.76696,3.00,1.00
2016.09.15 18:18:18.946,0.76691,0.76697,1.00,1.00
2016.09.15 18:18:21.469,0.76694,0.767,1.00,1.00
2016.09.15 18:18:21.520,0.76694,0.76699,1.00,1.00
2016.09.15 18:18:21.622,0.76694,0.76701,1.50,1.00
2016.09.15 18:18:21.722,0.76694,0.76701,1.12,1.00
2016.09.15 18:18:21.927,0.76692,0.76699,1.50,1.00
2016.09.15 18:18:21.978,0.76692,0.76698,1.00,1.00
2016.09.15 18:18:22.188,0.7669,0.76698,1.50,1.00
2016.09.15 18:18:22.445,0.7669,0.76698,2.25,1.00
2016.09.15 18:18:22.547,0.7669,0.76698,2.62,1.00
2016.09.15 18:18:23.160,0.7669,0.76698,2.25,1.00
2016.09.15 18:18:23.675,0.7669,0.76698,2.62,1.00
2016.09.15 18:18:24.974,0.76693,0.76701,1.00,1.00
2016.09.15 18:18:26.379,0.76694,0.76702,1.00,1.50
2016.09.15 18:18:26.430,0.76694,0.76702,1.00,1.00
2016.09.15 18:18:26.836,0.76694,0.76702,1.00,1.00
2016.09.15 18:18:27.133,0.76695,0.76703,1.00,2.70
2016.09.15 18:18:27.236,0.76695,0.76702,1.00,1.00
2016.09.15 18:18:27.457,0.76695,0.76702,1.00,1.00
2016.09.15 18:18:27.509,0.76695,0.76701,1.00,1.00
2016.09.15 18:18:27.664,0.76695,0.76701,1.00,1.00
2016.09.15 18:18:27.716,0.76695,0.76701,1.00,1.00
2016.09.15 18:18:27.768,0.76695,0.767,1.00,1.00
2016.09.15 18:18:27.872,0.76695,0.767,1.00,1.00
2016.09.15 18:18:28.414,0.76695,0.76699,1.00,1.00
2016.09.15 18:18:29.152,0.76694,0.76699,1.00,1.00
2016.09.15 18:18:29.767,0.76694,0.76698,1.00,1.00
2016.09.15 18:18:30.566,0.76693,0.76697,1.00,1.00
2016.09.15 18:18:32.603,0.76694,0.76698,1.00,1.00
2016.09.15 18:18:34.158,0.76694,0.76699,1.00,1.00
2016.09.15 18:18:34.262,0.76695,0.76701,1.00,1.00
2016.09.15 18:18:34.313,0.76695,0.76701,1.00,1.50
2016.09.15 18:18:34.574,0.76697,0.76701,1.00,1.00
2016.09.15 18:18:35.316,0.76696,0.76701,1.00,1.00
2016.09.15 18:18:35.367,0.76696,0.76702,1.00,1.00
2016.09.15 18:18:35.876,0.76696,0.76701,1.00,1.00
2016.09.15 18:18:36.073,0.76698,0.76703,1.00,1.50
2016.09.15 18:18:36.177,0.76696,0.767,1.00,1.00
2016.09.15 18:18:36.730,0.76697,0.76701,1.00,1.00
2016.09.15 18:18:37.191,0.76696,0.76704,1.00,1.00
2016.09.15 18:18:37.344,0.76696,0.76704,1.00,1.00
2016.09.15 18:18:37.446,0.76698,0.76704,1.00,1.37
2016.09.15 18:18:37.497,0.76696,0.76703,1.00,1.12
2016.09.15 18:18:37.855,0.76698,0.76703,1.00,1.12
2016.09.15 18:18:37.958,0.76694,0.76703,1.00,3.00
2016.09.15 18:18:38.009,0.76694,0.76699,1.00,1.00
2016.09.15 18:18:39.024,0.76695,0.76699,1.00,1.00
2016.09.15 18:18:39.076,0.76696,0.76701,1.00,1.12
2016.09.15 18:18:39.127,0.76697,0.76702,1.00,2.25
2016.09.15 18:18:39.178,0.76698,0.76702,1.00,1.00
2016.09.15 18:18:39.700,0.76698,0.76704,1.00,1.12
2016.09.15 18:18:39.854,0.76698,0.76704,1.00,1.00
2016.09.15 18:18:40.685,0.76698,0.76702,1.00,1.00
2016.09.15 18:18:41.448,0.76699,0.76704,1.00,1.00
2016.09.15 18:18:41.499,0.767,0.76705,1.00,2.32
2016.09.15 18:18:41.550,0.76698,0.76705,1.00,2.32
2016.09.15 18:18:41.601,0.76698,0.76704,1.00,1.00
2016.09.15 18:18:42.489,0.76698,0.76705,1.00,2.25
2016.09.15 18:18:42.846,0.76698,0.76705,1.00,2.25
2016.09.15 18:18:42.897,0.76698,0.76704,1.00,1.00
2016.09.15 18:18:43.394,0.76697,0.76702,1.00,1.00
2016.09.15 18:18:44.188,0.76698,0.76702,1.00,1.00
2016.09.15 18:18:44.473,0.76699,0.76703,1.00,1.00
2016.09.15 18:18:44.644,0.76699,0.76704,1.00,1.00
2016.09.15 18:18:44.696,0.76698,0.76702,1.00,1.00
2016.09.15 18:18:45.210,0.76697,0.76702,1.00,1.00
2016.09.15 18:18:45.465,0.76697,0.76702,1.00,1.12
2016.09.15 18:18:45.517,0.76697,0.76702,1.00,1.12
2016.09.15 18:18:46.299,0.76698,0.76703,1.00,1.10
2016.09.15 18:18:46.402,0.76698,0.76703,1.00,1.00
2016.09.15 18:18:46.504,0.76697,0.76702,1.00,1.00
2016.09.15 18:18:46.556,0.76697,0.76702,1.00,1.12
2016.09.15 18:18:47.287,0.76697,0.76701,1.00,1.00
2016.09.15 18:18:47.655,0.76697,0.76701,1.00,1.12
2016.09.15 18:18:48.110,0.76697,0.76702,1.00,1.37
2016.09.15 18:18:48.860,0.76697,0.76702,1.00,1.12
2016.09.15 18:18:48.911,0.76697,0.76705,1.00,3.45
2016.09.15 18:18:48.962,0.767,0.76705,1.00,2.32
2016.09.15 18:18:49.013,0.767,0.76705,1.00,1.95
2016.09.15 18:18:49.065,0.767,0.76705,1.00,1.00
2016.09.15 18:18:49.578,0.767,0.76704,1.00,1.00
2016.09.15 18:18:50.027,0.76698,0.76702,1.00,1.00
2016.09.15 18:18:51.032,0.76697,0.76701,1.00,1.00
2016.09.15 18:18:51.906,0.76698,0.76702,1.00,1.00
2016.09.15 18:18:53.873,0.76698,0.76702,1.00,1.00
2016.09.15 18:18:54.352,0.76697,0.76701,1.00,1.00
2016.09.15 18:18:54.956,0.76698,0.76702,1.00,1.00
2016.09.15 18:18:55.500,0.76697,0.76703,1.00,1.00
2016.09.15 18:18:57.969,0.76697,0.76704,1.00,1.00
2016.09.15 18:18:58.610,0.76697,0.76703,1.00,1.00
2016.09.15 18:18:59.116,0.76698,0.76703,1.00,1.00
2016.09.15 18:19:00.321,0.76698,0.76704,1.00,1.00
2016.09.15 18:19:00.834,0.76698,0.76703,1.00,1.00
2016.09.15 18:19:02.449,0.76698,0.76704,1.00,1.00
2016.09.15 18:19:02.998,0.76698,0.76703,1.00,1.00
2016.09.15 18:19:04.168,0.76696,0.76703,1.00,1.00
2016.09.15 18:19:04.429,0.76696,0.76703,1.00,1.12
2016.09.15 18:19:04.582,0.76697,0.76701,1.00,1.12
2016.09.15 18:19:05.223,0.76697,0.76701,1.00,1.00
2016.09.15 18:19:05.740,0.76696,0.76701,1.00,1.00
2016.09.15 18:19:07.539,0.76697,0.76701,1.00,1.00
2016.09.15 18:19:07.845,0.76695,0.76701,1.00,1.00
2016.09.15 18:19:07.896,0.76696,0.76701,1.00,1.12
2016.09.15 18:19:07.998,0.76696,0.76702,1.00,1.50
2016.09.15 18:19:08.349,0.76696,0.767,1.00,1.00
2016.09.15 18:19:08.464,0.76696,0.76702,1.00,1.25
2016.09.15 18:19:08.515,0.76696,0.76702,1.00,1.00
2016.09.15 18:19:10.256,0.76696,0.76701,1.00,1.00
2016.09.15 18:19:11.685,0.76696,0.76702,1.00,1.00
2016.09.15 18:19:11.868,0.76696,0.76702,1.00,1.00
2016.09.15 18:19:12.682,0.76696,0.76703,1.00,1.00
2016.09.15 18:19:14.679,0.76693,0.76697,1.00,1.00
2016.09.15 18:19:14.783,0.76692,0.76697,1.00,1.25
2016.09.15 18:19:14.834,0.7669,0.76697,1.00,1.25
2016.09.15 18:19:14.885,0.76689,0.76695,1.00,1.00
2016.09.15 18:19:14.936,0.76687,0.76693,4.50,1.00
2016.09.15 18:19:14.988,0.76687,0.76692,1.50,1.00
2016.09.15 18:19:15.091,0.76688,0.76692,1.00,1.25
2016.09.15 18:19:15.142,0.7669,0.76695,1.00,3.34
2016.09.15 18:19:15.193,0.76691,0.76695,1.00,1.65
2016.09.15 18:19:15.347,0.76692,0.76696,1.00,2.25
2016.09.15 18:19:15.399,0.76693,0.76699,1.00,1.00
2016.09.15 18:19:15.501,0.76693,0.76699,1.00,1.50
2016.09.15 18:19:15.553,0.76692,0.76698,1.00,1.00
2016.09.15 18:19:15.656,0.76692,0.76699,1.00,1.10
2016.09.15 18:19:15.707,0.76694,0.76699,1.00,1.20
2016.09.15 18:19:15.758,0.76694,0.76699,1.00,1.01
2016.09.15 18:19:15.810,0.76694,0.767,1.00,1.19
2016.09.15 18:19:16.174,0.76692,0.76699,1.00,1.25
2016.09.15 18:19:16.228,0.76692,0.76699,1.00,1.25
2016.09.15 18:19:17.183,0.76694,0.76698,1.00,1.00
2016.09.15 18:19:17.942,0.76693,0.76698,1.00,1.00
2016.09.15 18:19:19.901,0.76693,0.76697,1.00,1.00
2016.09.15 18:19:20.208,0.76694,0.76699,1.00,1.12
2016.09.15 18:19:20.310,0.76693,0.767,1.00,1.00
2016.09.15 18:19:20.413,0.76693,0.76697,1.00,1.00
2016.09.15 18:19:21.300,0.76692,0.76696,1.00,1.00
2016.09.15 18:19:22.246,0.76691,0.76696,1.00,1.00
2016.09.15 18:19:22.348,0.76693,0.76697,1.00,1.00
2016.09.15 18:19:22.502,0.76693,0.76699,1.00,1.00
2016.09.15 18:19:22.713,0.76691,0.76698,1.00,1.00
2016.09.15 18:19:24.028,0.76691,0.76699,1.00,1.87
2016.09.15 18:19:24.985,0.76691,0.76699,1.00,2.06
2016.09.15 18:19:25.295,0.76691,0.76698,1.00,1.00
2016.09.15 18:19:28.306,0.76694,0.76699,1.00,1.25
2016.09.15 18:19:28.410,0.76695,0.76702,1.00,1.12
2016.09.15 18:19:28.461,0.76698,0.76702,1.00,1.00
2016.09.15 18:19:28.512,0.76696,0.76702,1.00,1.25
2016.09.15 18:19:28.564,0.76697,0.76702,1.00,1.25
2016.09.15 18:19:28.615,0.76695,0.76702,1.00,1.56
2016.09.15 18:19:28.968,0.76694,0.76702,1.00,1.69
2016.09.15 18:19:29.019,0.76694,0.76702,1.00,2.06
2016.09.15 18:19:29.070,0.76694,0.76702,1.00,1.87
2016.09.15 18:19:29.223,0.76693,0.767,1.00,1.00
2016.09.15 18:19:29.530,0.76695,0.76701,1.00,1.00
2016.09.15 18:19:30.149,0.76698,0.76705,1.00,2.44
2016.09.15 18:19:30.200,0.76698,0.76705,1.00,1.69
2016.09.15 18:19:30.717,0.76698,0.76704,1.00,1.00
2016.09.15 18:19:31.559,0.76698,0.76704,1.00,1.12
2016.09.15 18:19:32.645,0.76698,0.76705,1.00,1.00
2016.09.15 18:19:32.747,0.76698,0.76704,1.00,1.00
2016.09.15 18:19:33.618,0.76698,0.76705,1.00,1.00
2016.09.15 18:19:33.932,0.76698,0.76706,1.00,1.50
2016.09.15 18:19:34.841,0.76697,0.76702,1.00,1.00
2016.09.15 18:19:35.850,0.76697,0.76703,1.00,1.00
2016.09.15 18:19:36.572,0.76696,0.76703,1.00,1.00
2016.09.15 18:19:36.623,0.76697,0.76703,1.00,1.50
2016.09.15 18:19:36.730,0.76697,0.76702,1.00,1.00
2016.09.15 18:19:36.844,0.76697,0.76702,1.00,1.00
2016.09.15 18:19:37.150,0.76697,0.76705,1.00,3.00
2016.09.15 18:19:37.202,0.76697,0.76705,1.00,1.87
2016.09.15 18:19:37.253,0.76697,0.76705,1.00,1.50
2016.09.15 18:19:37.530,0.76701,0.76709,1.00,4.39
2016.09.15 18:19:37.581,0.76701,0.76707,1.00,1.12
2016.09.15 18:19:37.633,0.76701,0.76707,1.00,1.00
2016.09.15 18:19:37.684,0.76701,0.76708,1.00,1.12
2016.09.15 18:19:37.891,0.76701,0.76708,1.00,1.50
2016.09.15 18:19:37.942,0.76699,0.76707,1.00,1.50
2016.09.15 18:19:37.994,0.76698,0.76706,1.00,1.57
2016.09.15 18:19:38.096,0.76698,0.76706,1.00,1.20
2016.09.15 18:19:38.416,0.76699,0.76707,1.00,1.50
2016.09.15 18:19:38.469,0.76699,0.76707,1.00,1.47
2016.09.15 18:19:38.629,0.76699,0.76707,1.00,1.10
2016.09.15 18:19:38.681,0.76698,0.76706,1.00,1.00
2016.09.15 18:19:38.733,0.76698,0.76706,1.00,1.50
2016.09.15 18:19:38.992,0.76702,0.76706,1.00,1.10
2016.09.15 18:19:39.044,0.76702,0.76708,1.00,1.76
2016.09.15 18:19:39.238,0.76704,0.7671,1.00,1.87
2016.09.15 18:19:39.295,0.76702,0.7671,1.12,1.57
2016.09.15 18:19:39.346,0.76704,0.7671,1.00,1.57
2016.09.15 18:19:39.449,0.76704,0.7671,1.00,1.87
2016.09.15 18:19:39.500,0.76705,0.7671,1.00,1.50
2016.09.15 18:19:39.603,0.76704,0.7671,1.00,1.00
2016.09.15 18:19:39.654,0.76704,0.7671,1.12,1.00
2016.09.15 18:19:39.745,0.76704,0.7671,1.00,1.12
2016.09.15 18:19:40.056,0.76704,0.76711,1.00,1.47
2016.09.15 18:19:40.107,0.76705,0.76711,1.00,1.95
2016.09.15 18:19:40.159,0.76706,0.76712,1.00,1.57
2016.09.15 18:19:40.210,0.76706,0.76712,1.00,1.12
2016.09.15 18:19:40.365,0.76706,0.76713,1.00,1.37
2016.09.15 18:19:40.467,0.76706,0.76714,1.00,1.50
2016.09.15 18:19:41.129,0.76706,0.76714,1.00,1.00
2016.09.15 18:19:41.333,0.76708,0.76713,1.00,1.00
2016.09.15 18:19:41.384,0.76706,0.76714,1.00,1.00
2016.09.15 18:19:41.487,0.76706,0.76714,1.00,1.00
2016.09.15 18:19:41.974,0.76706,0.76714,1.00,1.00
2016.09.15 18:19:42.025,0.76707,0.76715,1.00,1.50
2016.09.15 18:19:42.076,0.76707,0.76715,1.00,1.00
2016.09.15 18:19:42.229,0.76709,0.76715,1.00,1.00
2016.09.15 18:19:42.281,0.76709,0.76715,1.00,1.00
2016.09.15 18:19:42.434,0.76709,0.76717,1.00,1.00
2016.09.15 18:19:42.741,0.76709,0.76715,1.00,1.00
2016.09.15 18:19:42.996,0.76709,0.76716,1.00,1.00
2016.09.15 18:19:43.430,0.76712,0.76717,1.00,1.00
2016.09.15 18:19:43.483,0.76712,0.7672,1.00,2.25
2016.09.15 18:19:43.534,0.76711,0.76719,1.00,1.00
2016.09.15 18:19:43.687,0.76709,0.76716,1.00,1.00
2016.09.15 18:19:43.738,0.76709,0.76717,1.50,1.50
2016.09.15 18:19:43.904,0.76709,0.76717,1.00,3.37
2016.09.15 18:19:43.955,0.76706,0.76714,1.00,1.00
2016.09.15 18:19:44.664,0.76709,0.76717,1.00,1.50
2016.09.15 18:19:44.717,0.7671,0.76716,1.00,1.00
2016.09.15 18:19:44.768,0.7671,0.76717,1.12,1.00
2016.09.15 18:19:44.820,0.7671,0.76718,1.12,1.12
2016.09.15 18:19:44.871,0.76711,0.76718,1.00,1.00
2016.09.15 18:19:44.974,0.76712,0.76718,1.00,1.00
2016.09.15 18:19:45.566,0.76712,0.76719,1.00,1.00
2016.09.15 18:19:45.769,0.76713,0.76721,1.00,1.00
2016.09.15 18:19:46.076,0.76713,0.76721,1.00,1.00
2016.09.15 18:19:46.358,0.76715,0.76722,1.00,1.00
2016.09.15 18:19:46.666,0.76718,0.76724,1.00,1.10
2016.09.15 18:19:46.719,0.76719,0.76725,1.00,1.65
2016.09.15 18:19:46.770,0.7672,0.76726,1.00,1.87
2016.09.15 18:19:46.821,0.7672,0.76726,1.00,1.12
2016.09.15 18:19:46.977,0.7672,0.76726,1.00,1.50
2016.09.15 18:19:47.028,0.7672,0.76726,1.00,1.12
2016.09.15 18:19:47.328,0.7672,0.76726,1.00,1.50
2016.09.15 18:19:47.379,0.7672,0.76726,1.00,1.57
2016.09.15 18:19:47.788,0.76721,0.76726,1.00,1.12
2016.09.15 18:19:47.840,0.76721,0.76726,1.00,1.00
2016.09.15 18:19:47.945,0.7672,0.76726,1.00,1.37
2016.09.15 18:19:47.996,0.76719,0.76724,1.00,1.00
2016.09.15 18:19:49.003,0.76718,0.76724,1.00,1.00
2016.09.15 18:19:49.156,0.76717,0.76724,1.00,1.12
2016.09.15 18:19:49.207,0.76718,0.76724,1.00,1.12
2016.09.15 18:19:49.360,0.76718,0.76724,1.00,1.00
2016.09.15 18:19:49.907,0.76719,0.76724,1.00,1.00
2016.09.15 18:19:51.105,0.76719,0.76724,1.00,1.00
2016.09.15 18:19:51.519,0.76719,0.76724,1.00,1.00
2016.09.15 18:19:52.070,0.7672,0.76724,1.00,1.00
2016.09.15 18:19:52.537,0.7672,0.76724,1.00,1.00
2016.09.15 18:19:52.589,0.76718,0.76724,1.00,1.00
2016.09.15 18:19:53.143,0.76718,0.76723,1.00,1.00
2016.09.15 18:19:53.546,0.76715,0.76723,1.00,1.00
2016.09.15 18:19:53.598,0.76714,0.76723,1.00,2.25
2016.09.15 18:19:53.762,0.76714,0.76722,1.00,1.20
2016.09.15 18:19:53.813,0.76715,0.76722,1.00,1.10
2016.09.15 18:19:54.017,0.76715,0.76722,1.00,1.01
2016.09.15 18:19:54.069,0.76714,0.76719,1.00,1.00
2016.09.15 18:19:54.120,0.76716,0.7672,1.00,1.00
2016.09.15 18:19:54.172,0.76716,0.7672,1.00,1.00
2016.09.15 18:19:54.530,0.76716,0.7672,1.00,1.00
2016.09.15 18:19:54.581,0.76716,0.76723,1.00,3.45
2016.09.15 18:19:54.748,0.76716,0.76723,1.00,2.70
2016.09.15 18:19:54.799,0.76717,0.76723,1.00,2.62
2016.09.15 18:19:55.643,0.76717,0.76723,1.00,1.87
2016.09.15 18:19:55.745,0.76716,0.76723,1.00,1.12
2016.09.15 18:19:56.283,0.76717,0.76723,1.00,1.50
2016.09.15 18:19:56.589,0.76717,0.76722,1.00,1.10
2016.09.15 18:19:56.888,0.76717,0.76721,1.00,1.00
2016.09.15 18:19:57.991,0.76716,0.76721,1.00,1.00
2016.09.15 18:19:58.244,0.76713,0.76719,1.00,1.00
2016.09.15 18:19:58.704,0.76715,0.76719,1.00,1.00
2016.09.15 18:19:59.647,0.76714,0.76718,1.00,1.00
2016.09.15 18:20:00.162,0.76713,0.76717,1.00,1.00
2016.09.15 18:20:00.708,0.76714,0.76719,1.00,1.00
2016.09.15 18:20:00.912,0.76716,0.7672,1.00,1.00
2016.09.15 18:20:01.926,0.76714,0.7672,1.00,1.00
2016.09.15 18:20:02.591,0.76715,0.7672,1.00,1.00
2016.09.15 18:20:03.273,0.76712,0.7672,1.00,1.00
2016.09.15 18:20:03.529,0.76714,0.7672,1.00,1.00
2016.09.15 18:20:04.302,0.76715,0.7672,1.00,1.00
2016.09.15 18:20:04.353,0.76713,0.7672,1.00,1.00
2016.09.15 18:20:04.854,0.76714,0.7672,1.00,1.00
2016.09.15 18:20:05.390,0.76715,0.7672,1.00,1.00
2016.09.15 18:20:05.814,0.76713,0.7672,1.00,1.19
2016.09.15 18:20:05.865,0.76713,0.7672,1.00,1.31
2016.09.15 18:20:05.917,0.76714,0.7672,1.00,1.12
2016.09.15 18:20:05.969,0.76714,0.7672,1.00,1.00
2016.09.15 18:20:06.486,0.76713,0.7672,1.00,1.00
2016.09.15 18:20:06.995,0.76714,0.7672,1.00,1.00
2016.09.15 18:20:07.517,0.76715,0.7672,1.00,1.00
2016.09.15 18:20:16.541,0.76715,0.76723,1.00,2.06
2016.09.15 18:20:16.593,0.76715,0.76723,1.00,1.50
2016.09.15 18:20:16.746,0.76714,0.76722,1.00,1.00
2016.09.15 18:20:16.973,0.76714,0.76722,1.00,1.50
2016.09.15 18:20:17.798,0.76716,0.76722,1.00,1.50
2016.09.15 18:20:17.849,0.76716,0.76721,1.00,1.00
2016.09.15 18:20:18.368,0.76716,0.7672,1.00,1.00
2016.09.15 18:20:19.037,0.76714,0.7672,1.00,1.00
2016.09.15 18:20:19.574,0.76714,0.76719,1.00,1.00
2016.09.15 18:20:20.518,0.76714,0.7672,1.00,1.00
2016.09.15 18:20:20.672,0.76712,0.7672,1.00,1.50
2016.09.15 18:20:20.724,0.76712,0.76719,1.00,1.00
2016.09.15 18:20:21.369,0.76712,0.76719,1.00,1.00
2016.09.15 18:20:21.421,0.7671,0.76716,1.00,1.00
2016.09.15 18:20:21.472,0.76709,0.76716,1.00,1.00
2016.09.15 18:20:21.524,0.76708,0.76716,1.12,1.50
2016.09.15 18:20:21.576,0.76708,0.76714,1.00,1.00
2016.09.15 18:20:21.627,0.76709,0.76715,1.00,1.57
2016.09.15 18:20:21.722,0.7671,0.76717,1.87,1.12
2016.09.15 18:20:21.869,0.76711,0.76717,1.00,1.12
2016.09.15 18:20:21.922,0.76708,0.76714,1.00,1.01
2016.09.15 18:20:21.974,0.76708,0.76715,1.00,1.10
2016.09.15 18:20:22.076,0.76708,0.76715,1.00,1.20
2016.09.15 18:20:22.127,0.76707,0.76713,1.00,1.00
2016.09.15 18:20:22.179,0.76705,0.76713,1.00,1.50
2016.09.15 18:20:22.231,0.76706,0.76712,1.00,1.00
2016.09.15 18:20:23.086,0.76706,0.76712,1.00,1.25
2016.09.15 18:20:23.186,0.76705,0.76711,1.00,1.00
2016.09.15 18:20:23.237,0.76705,0.76711,1.00,1.50
2016.09.15 18:20:23.689,0.76705,0.76711,1.00,1.00
2016.09.15 18:20:24.114,0.76705,0.76712,1.00,1.31
2016.09.15 18:20:24.371,0.76705,0.76712,1.00,1.25
2016.09.15 18:20:25.462,0.76707,0.76712,1.00,1.25
2016.09.15 18:20:25.564,0.76706,0.76711,1.00,1.00
2016.09.15 18:20:25.666,0.76705,0.76711,1.00,1.12
2016.09.15 18:20:25.820,0.76704,0.76711,1.00,1.39
2016.09.15 18:20:25.872,0.76704,0.76712,1.00,2.51
2016.09.15 18:20:26.026,0.76704,0.76712,1.00,2.32
2016.09.15 18:20:26.302,0.76705,0.76712,1.00,1.95
2016.09.15 18:20:26.354,0.76705,0.76712,1.00,1.87
2016.09.15 18:20:26.519,0.76705,0.76712,1.00,1.12
2016.09.15 18:20:26.570,0.76705,0.76713,1.00,1.87
2016.09.15 18:20:26.895,0.76705,0.76711,1.00,1.00
2016.09.15 18:20:27.150,0.76705,0.76712,1.00,1.00
2016.09.15 18:20:27.435,0.76705,0.76712,1.00,1.50
2016.09.15 18:20:27.588,0.76705,0.76712,1.00,1.57
2016.09.15 18:20:27.968,0.76705,0.76711,1.00,1.00
2016.09.15 18:20:29.645,0.76705,0.76713,1.00,1.95
2016.09.15 18:20:29.860,0.76705,0.76713,1.00,1.87
2016.09.15 18:20:29.962,0.76705,0.76711,1.00,1.00
2016.09.15 18:20:30.471,0.76704,0.7671,1.00,1.00
2016.09.15 18:20:31.346,0.76704,0.76711,1.00,1.57
2016.09.15 18:20:31.668,0.76702,0.76708,1.00,1.00
2016.09.15 18:20:31.852,0.767,0.76708,1.50,1.00
2016.09.15 18:20:31.903,0.76699,0.76705,1.00,1.12
2016.09.15 18:20:32.005,0.76699,0.76705,1.00,1.00
2016.09.15 18:20:32.057,0.767,0.76705,1.00,1.50
2016.09.15 18:20:32.210,0.767,0.76705,1.00,1.87
2016.09.15 18:20:34.700,0.767,0.76705,1.00,1.50
2016.09.15 18:20:34.853,0.76698,0.76705,1.00,1.00
2016.09.15 18:20:34.904,0.76697,0.76705,1.00,1.87
2016.09.15 18:20:34.955,0.76696,0.76703,1.00,1.00
2016.09.15 18:20:35.006,0.76696,0.76703,1.00,1.00
2016.09.15 18:20:35.252,0.76697,0.76705,1.50,1.50
2016.09.15 18:20:35.304,0.76697,0.76705,1.50,1.00
2016.09.15 18:20:35.355,0.76697,0.76705,1.00,1.50
2016.09.15 18:20:35.460,0.76698,0.76706,1.50,1.95
2016.09.15 18:20:35.512,0.767,0.76706,1.00,1.65
2016.09.15 18:20:35.564,0.767,0.76706,1.00,1.57
2016.09.15 18:20:35.979,0.767,0.76706,1.00,1.87
2016.09.15 18:20:36.301,0.767,0.76706,1.00,1.50
2016.09.15 18:20:36.816,0.767,0.76706,1.00,1.00
2016.09.15 18:20:37.782,0.767,0.76706,1.00,1.12
2016.09.15 18:20:37.833,0.767,0.76708,1.00,2.89
2016.09.15 18:20:39.106,0.767,0.76708,1.00,2.51
2016.09.15 18:20:39.158,0.767,0.76707,1.00,1.12
2016.09.15 18:20:40.126,0.76701,0.76707,1.00,1.12
2016.09.15 18:20:40.279,0.76701,0.76707,1.00,1.00
2016.09.15 18:20:40.483,0.767,0.76708,1.00,2.06
2016.09.15 18:20:41.317,0.76702,0.76708,1.00,2.06
2016.09.15 18:20:47.164,0.76702,0.76708,1.00,1.62
2016.09.15 18:20:47.216,0.76702,0.76708,1.00,1.25
2016.09.15 18:20:49.426,0.76702,0.76708,1.00,1.25
2016.09.15 18:20:49.683,0.76701,0.76708,1.00,1.25
2016.09.15 18:20:49.734,0.76701,0.76708,1.00,1.62
2016.09.15 18:20:51.119,0.76703,0.76708,1.00,1.62
2016.09.15 18:20:51.170,0.76703,0.76709,1.00,2.44
2016.09.15 18:20:51.273,0.76703,0.76709,1.00,1.69
2016.09.15 18:20:51.325,0.76703,0.76709,1.00,1.37
2016.09.15 18:20:51.376,0.76704,0.76711,1.00,1.75
2016.09.15 18:20:51.428,0.76704,0.76711,1.00,1.00
2016.09.15 18:20:52.282,0.76704,0.76712,1.00,2.81
2016.09.15 18:20:52.573,0.76704,0.76712,1.00,2.44
2016.09.15 18:20:52.624,0.76704,0.76712,1.00,1.69
2016.09.15 18:20:52.675,0.76704,0.76712,1.00,1.25
2016.09.15 18:20:52.821,0.76704,0.76712,1.00,1.00
2016.09.15 18:20:52.873,0.76703,0.76707,1.00,1.00
2016.09.15 18:20:53.696,0.76703,0.76707,1.00,1.00
2016.09.15 18:20:54.001,0.76702,0.76707,1.50,1.00
2016.09.15 18:20:54.500,0.76702,0.76707,1.00,1.00
2016.09.15 18:20:55.288,0.76701,0.76705,1.00,1.00
2016.09.15 18:20:55.340,0.76698,0.76704,1.12,1.00
2016.09.15 18:20:55.392,0.76698,0.76703,1.00,1.00
2016.09.15 18:20:55.741,0.76698,0.76703,1.00,1.00
2016.09.15 18:20:56.262,0.76698,0.76702,1.00,1.00
2016.09.15 18:20:56.787,0.76697,0.76702,1.00,1.00
2016.09.15 18:20:57.194,0.76697,0.76704,1.00,1.00
2016.09.15 18:20:57.346,0.76697,0.76702,1.00,1.00
2016.09.15 18:20:57.499,0.76696,0.76701,1.50,1.00
2016.09.15 18:20:57.550,0.76696,0.76701,1.00,1.00
2016.09.15 18:20:57.800,0.76694,0.76699,1.50,1.00
2016.09.15 18:20:57.851,0.76694,0.76699,1.00,1.00
2016.09.15 18:20:58.055,0.76694,0.76701,1.00,1.00
2016.09.15 18:20:58.106,0.76696,0.76701,1.00,1.00
2016.09.15 18:20:58.712,0.76691,0.76697,2.25,1.00
2016.09.15 18:20:58.765,0.76691,0.76697,1.00,1.00
2016.09.15 18:20:58.817,0.76689,0.76697,2.25,1.00
2016.09.15 18:20:58.868,0.76689,0.76697,1.50,1.00
2016.09.15 18:20:58.919,0.7669,0.76697,1.00,1.00
2016.09.15 18:20:59.225,0.7669,0.76695,1.00,1.00
2016.09.15 18:21:01.066,0.7669,0.76695,1.00,1.00
2016.09.15 18:21:01.693,0.7669,0.76697,1.00,1.00
2016.09.15 18:21:02.406,0.76691,0.76697,1.00,1.00
2016.09.15 18:21:02.746,0.76691,0.76695,1.00,1.00
2016.09.15 18:21:03.184,0.76691,0.76699,1.50,1.00
2016.09.15 18:21:03.235,0.76695,0.767,1.50,1.00
2016.09.15 18:21:03.287,0.76695,0.76701,2.25,1.00
2016.09.15 18:21:03.338,0.76696,0.76701,1.00,1.00
2016.09.15 18:21:03.849,0.76696,0.76701,1.00,1.00
2016.09.15 18:21:04.237,0.76696,0.76702,1.00,1.00
2016.09.15 18:21:04.389,0.76696,0.76704,1.50,1.00
2016.09.15 18:21:04.441,0.76696,0.76703,1.87,1.00
2016.09.15 18:21:04.492,0.76697,0.76705,1.00,1.00
2016.09.15 18:21:04.594,0.76698,0.76706,1.50,1.00
2016.09.15 18:21:04.646,0.767,0.76706,1.00,1.00
2016.09.15 18:21:05.050,0.76697,0.76705,1.50,1.00
2016.09.15 18:21:05.102,0.76697,0.76705,1.50,1.00
2016.09.15 18:21:05.153,0.76697,0.76703,2.25,1.00
2016.09.15 18:21:05.256,0.76697,0.76703,1.50,1.00
2016.09.15 18:21:05.461,0.76697,0.76703,2.25,1.00
2016.09.15 18:21:05.687,0.76697,0.76703,1.50,1.00
2016.09.15 18:21:05.738,0.76697,0.76703,1.00,1.00
2016.09.15 18:21:06.254,0.76697,0.76702,1.00,1.00
2016.09.15 18:21:07.087,0.76697,0.76703,1.00,1.00
2016.09.15 18:21:08.062,0.76696,0.76703,1.50,1.00
2016.09.15 18:21:08.114,0.76696,0.76702,1.00,1.00
2016.09.15 18:21:08.659,0.76697,0.76704,1.50,1.00
2016.09.15 18:21:08.710,0.767,0.76705,1.00,1.00
2016.09.15 18:21:09.215,0.767,0.76705,1.00,1.00
2016.09.15 18:21:09.749,0.767,0.76704,1.00,1.00
2016.09.15 18:21:09.800,0.76699,0.76704,1.00,1.00
2016.09.15 18:21:10.515,0.76698,0.76702,1.00,1.00
2016.09.15 18:21:10.975,0.76699,0.76703,1.00,1.00
2016.09.15 18:21:11.428,0.76697,0.76703,1.00,1.00
2016.09.15 18:21:11.931,0.76697,0.76702,1.00,1.00
2016.09.15 18:21:12.389,0.76697,0.76702,1.00,1.00
2016.09.15 18:21:12.440,0.76695,0.76699,1.12,1.00
2016.09.15 18:21:12.491,0.76695,0.76699,1.00,1.00
2016.09.15 18:21:12.542,0.76694,0.76699,1.12,1.00
2016.09.15 18:21:12.593,0.76694,0.76699,1.00,1.00
2016.09.15 18:21:12.888,0.76693,0.76698,1.00,1.00
2016.09.15 18:21:13.041,0.76693,0.76698,1.50,1.00
2016.09.15 18:21:13.602,0.76693,0.76698,1.50,1.00
2016.09.15 18:21:13.841,0.76694,0.76699,1.00,1.00
2016.09.15 18:21:14.046,0.76695,0.76701,1.00,1.00
2016.09.15 18:21:14.150,0.76692,0.76698,3.15,1.00
2016.09.15 18:21:14.203,0.76692,0.76697,2.02,1.00
2016.09.15 18:21:14.256,0.76692,0.76697,1.12,1.00
2016.09.15 18:21:14.308,0.76692,0.76697,1.00,1.00
2016.09.15 18:21:14.514,0.76692,0.76697,1.50,1.00
2016.09.15 18:21:14.975,0.76694,0.76699,1.00,1.00
2016.09.15 18:21:15.078,0.76693,0.767,1.12,1.00
2016.09.15 18:21:15.130,0.76695,0.767,1.00,1.00
2016.09.15 18:21:15.448,0.76694,0.767,1.00,1.00
2016.09.15 18:21:16.110,0.76694,0.767,1.12,1.00
2016.09.15 18:21:16.212,0.76694,0.767,1.00,1.00
2016.09.15 18:21:16.263,0.76695,0.767,1.00,1.00
2016.09.15 18:21:16.779,0.76695,0.76699,1.00,1.00
2016.09.15 18:21:16.881,0.76693,0.76699,1.87,1.00
2016.09.15 18:21:16.932,0.76693,0.76699,1.50,1.00
2016.09.15 18:21:17.136,0.76694,0.767,1.00,1.00
2016.09.15 18:21:17.238,0.76695,0.767,1.00,1.00
2016.09.15 18:21:18.012,0.76694,0.76698,1.00,1.00
2016.09.15 18:21:18.064,0.76693,0.76699,1.50,1.00
2016.09.15 18:21:18.115,0.76693,0.76699,1.00,1.00
2016.09.15 18:21:18.662,0.76693,0.76697,1.00,1.00
2016.09.15 18:21:18.723,0.76693,0.76697,1.00,1.00
2016.09.15 18:21:19.130,0.76693,0.76699,1.00,1.00
2016.09.15 18:21:19.181,0.76693,0.76699,1.50,1.00
2016.09.15 18:21:19.985,0.76694,0.76699,1.00,1.00
2016.09.15 18:21:20.189,0.76693,0.76699,1.87,1.00
2016.09.15 18:21:20.240,0.76693,0.76699,1.50,1.00
2016.09.15 18:21:21.179,0.76692,0.76699,1.00,1.00
2016.09.15 18:21:21.690,0.76691,0.76698,1.00,1.00
2016.09.15 18:21:21.903,0.76692,0.76698,1.50,1.00
2016.09.15 18:21:21.954,0.76693,0.76698,1.00,1.00
2016.09.15 18:21:22.527,0.76693,0.76697,1.00,1.00
2016.09.15 18:21:22.579,0.76693,0.76698,1.50,1.00
2016.09.15 18:21:22.805,0.76691,0.76699,1.00,1.00
2016.09.15 18:21:22.863,0.7669,0.76697,1.87,1.00
2016.09.15 18:21:22.914,0.7669,0.76696,1.50,1.00
2016.09.15 18:21:23.017,0.7669,0.76696,2.25,1.00
2016.09.15 18:21:23.068,0.7669,0.76696,1.50,1.00
2016.09.15 18:21:23.424,0.76689,0.76695,1.00,1.00
2016.09.15 18:21:23.781,0.76689,0.76695,2.25,1.00
2016.09.15 18:21:23.832,0.76689,0.76695,2.62,1.00
2016.09.15 18:21:24.392,0.76691,0.76698,1.00,1.00
2016.09.15 18:21:24.494,0.7669,0.76698,1.50,1.00
2016.09.15 18:21:24.545,0.7669,0.76697,1.00,1.00
2016.09.15 18:21:24.902,0.7669,0.76696,1.00,1.00
2016.09.15 18:21:25.690,0.76689,0.76696,1.00,1.00
2016.09.15 18:21:25.895,0.76687,0.76695,2.62,1.00
2016.09.15 18:21:25.997,0.76687,0.76695,2.25,1.00
2016.09.15 18:21:26.099,0.76687,0.76695,2.25,1.00
2016.09.15 18:21:26.354,0.76687,0.76695,2.62,1.00
2016.09.15 18:21:26.712,0.76689,0.76695,1.00,1.00
2016.09.15 18:21:26.764,0.7669,0.76695,1.00,1.00
2016.09.15 18:21:26.815,0.7669,0.76697,1.00,1.00
2016.09.15 18:21:27.173,0.76692,0.76699,1.00,1.00
2016.09.15 18:21:27.703,0.76692,0.76698,1.00,1.00
2016.09.15 18:21:27.910,0.76691,0.76697,1.00,1.00
2016.09.15 18:21:28.208,0.76691,0.76697,1.00,1.00
2016.09.15 18:21:29.406,0.76689,0.76697,2.25,1.00
2016.09.15 18:21:29.508,0.7669,0.76697,1.00,1.25
2016.09.15 18:21:29.963,0.7669,0.76697,1.00,1.25
2016.09.15 18:21:31.488,0.7669,0.76697,1.00,1.25
2016.09.15 18:21:33.692,0.76689,0.76696,1.00,1.00
2016.09.15 18:21:33.794,0.7669,0.76696,1.00,1.25
2016.09.15 18:21:33.896,0.7669,0.76697,1.00,1.19
2016.09.15 18:21:33.947,0.7669,0.76698,1.50,1.69
2016.09.15 18:21:33.999,0.76691,0.76698,1.00,1.19
2016.09.15 18:21:34.050,0.76691,0.76698,1.00,1.25
2016.09.15 18:21:34.279,0.76691,0.76698,1.12,1.25
2016.09.15 18:21:34.331,0.76691,0.76696,1.00,1.00
2016.09.15 18:21:34.382,0.7669,0.76696,1.50,1.00
2016.09.15 18:21:38.301,0.7669,0.76696,1.00,1.00
2016.09.15 18:21:38.759,0.76692,0.76698,1.00,1.19
2016.09.15 18:21:38.824,0.76692,0.76697,1.00,1.25
2016.09.15 18:21:39.132,0.7669,0.76696,1.00,1.00
2016.09.15 18:21:39.612,0.7669,0.76696,1.00,1.00
2016.09.15 18:21:42.439,0.76689,0.76696,1.00,1.00
2016.09.15 18:21:42.542,0.76689,0.76695,1.00,1.00
2016.09.15 18:21:42.593,0.76688,0.76695,1.50,1.00
2016.09.15 18:21:42.644,0.76688,0.76694,1.00,1.00
2016.09.15 18:21:43.226,0.76687,0.76694,3.00,1.00
2016.09.15 18:21:43.333,0.76687,0.76694,2.25,1.00
2016.09.15 18:21:43.384,0.76687,0.76694,1.50,1.00
2016.09.15 18:21:43.602,0.76687,0.76694,1.50,1.19
2016.09.15 18:21:43.862,0.76687,0.76693,1.50,1.25
2016.09.15 18:21:47.079,0.76687,0.76693,1.00,1.25
2016.09.15 18:21:47.181,0.76686,0.76693,1.50,1.25
2016.09.15 18:21:49.289,0.76686,0.76693,1.00,1.25
2016.09.15 18:21:51.080,0.76687,0.76693,1.00,1.25
2016.09.15 18:21:51.233,0.76687,0.76693,1.50,1.25
2016.09.15 18:21:51.284,0.76687,0.76693,1.00,1.25
2016.09.15 18:21:51.335,0.76685,0.76693,2.25,1.25
2016.09.15 18:21:51.386,0.76687,0.76693,1.00,1.25
2016.09.15 18:21:51.552,0.76686,0.76692,1.00,1.00
2016.09.15 18:21:52.055,0.76686,0.76694,1.00,1.00
2016.09.15 18:21:52.122,0.76688,0.76694,1.50,1.00
2016.09.15 18:21:52.175,0.76688,0.76693,1.00,1.00
2016.09.15 18:21:52.227,0.76688,0.76695,2.25,1.25
2016.09.15 18:21:52.381,0.76688,0.76694,2.25,1.00
2016.09.15 18:21:52.533,0.76688,0.76694,3.00,1.00
2016.09.15 18:21:52.635,0.7669,0.76694,1.00,1.00
2016.09.15 18:21:52.810,0.76688,0.76694,1.50,1.00
2016.09.15 18:21:52.864,0.76687,0.76693,1.00,1.19
2016.09.15 18:21:52.969,0.76687,0.76693,1.00,1.00
2016.09.15 18:21:53.020,0.76686,0.76693,1.50,1.00
2016.09.15 18:21:53.327,0.76687,0.76693,1.00,1.00
2016.09.15 18:21:53.446,0.76689,0.76694,1.00,1.25
2016.09.15 18:21:53.676,0.76688,0.76694,1.00,1.25
2016.09.15 18:21:53.749,0.76691,0.76698,1.00,1.01
2016.09.15 18:21:53.801,0.76691,0.76698,1.00,1.25
2016.09.15 18:21:54.320,0.76692,0.76698,1.00,1.25
2016.09.15 18:21:54.422,0.76691,0.76697,1.00,1.00
2016.09.15 18:21:54.658,0.76691,0.76696,1.00,1.00
2016.09.15 18:21:55.066,0.76692,0.76697,1.00,1.00
2016.09.15 18:21:56.336,0.76692,0.76698,1.00,1.25
2016.09.15 18:21:57.193,0.76692,0.76697,1.00,1.00
2016.09.15 18:21:57.705,0.76693,0.76697,1.00,1.00
2016.09.15 18:21:58.236,0.76692,0.76697,1.00,1.00
2016.09.15 18:21:59.427,0.76692,0.76697,1.50,1.00
2016.09.15 18:22:00.530,0.76692,0.76697,1.00,1.00
2016.09.15 18:22:00.583,0.76692,0.76698,1.50,1.00
2016.09.15 18:22:00.635,0.7669,0.76696,1.50,1.00
2016.09.15 18:22:00.687,0.7669,0.76696,1.00,1.00
2016.09.15 18:22:00.738,0.76691,0.76695,1.00,1.00
2016.09.15 18:22:00.893,0.76691,0.76697,1.00,1.00
2016.09.15 18:22:00.945,0.76691,0.76697,1.50,1.00
2016.09.15 18:22:01.048,0.76693,0.76698,1.00,1.00
2016.09.15 18:22:01.373,0.76693,0.76699,1.12,1.00
2016.09.15 18:22:01.424,0.76693,0.767,1.12,1.00
2016.09.15 18:22:01.476,0.76693,0.76701,1.87,1.25
2016.09.15 18:22:01.578,0.76694,0.767,1.50,1.00
2016.09.15 18:22:01.630,0.76694,0.76701,2.25,1.25
2016.09.15 18:22:01.730,0.76696,0.76701,1.00,1.00
2016.09.15 18:22:01.834,0.76697,0.76702,1.00,1.00
2016.09.15 18:22:02.230,0.76696,0.76702,1.50,1.00
2016.09.15 18:22:02.739,0.76696,0.76702,1.00,1.00
2016.09.15 18:22:02.841,0.76695,0.76702,1.12,1.00
2016.09.15 18:22:03.018,0.76695,0.76702,1.00,1.00
2016.09.15 18:22:03.135,0.76695,0.76702,1.50,1.00
2016.09.15 18:22:03.339,0.76694,0.76701,1.12,1.00
2016.09.15 18:22:03.390,0.76694,0.76701,1.00,1.00
2016.09.15 18:22:03.645,0.76693,0.76697,1.12,1.00
2016.09.15 18:22:03.851,0.76693,0.76697,1.00,1.00
2016.09.15 18:22:03.905,0.76691,0.76697,1.00,1.00
2016.09.15 18:22:04.115,0.76691,0.76699,1.50,1.00
2016.09.15 18:22:04.167,0.76693,0.76699,1.50,1.00
2016.09.15 18:22:04.269,0.76695,0.76699,1.00,1.00
2016.09.15 18:22:04.775,0.76694,0.76699,1.00,1.00
2016.09.15 18:22:06.451,0.76694,0.76699,1.50,1.00
2016.09.15 18:22:08.193,0.76694,0.76699,1.00,1.00
2016.09.15 18:22:09.117,0.76694,0.76698,1.00,1.00
2016.09.15 18:22:09.219,0.76692,0.76697,1.00,1.00
2016.09.15 18:22:09.741,0.76693,0.76697,1.00,1.00
2016.09.15 18:22:10.202,0.76691,0.76695,1.00,1.00
2016.09.15 18:22:11.452,0.76691,0.76697,1.50,1.00
2016.09.15 18:22:11.504,0.76691,0.76697,3.37,1.00
2016.09.15 18:22:11.555,0.76692,0.76697,1.00,1.00
2016.09.15 18:22:11.905,0.76694,0.76698,1.00,1.00
2016.09.15 18:22:12.058,0.76694,0.76698,1.00,1.00
2016.09.15 18:22:12.570,0.76693,0.76698,1.00,1.00
2016.09.15 18:22:14.016,0.76693,0.76697,1.00,1.00
2016.09.15 18:22:14.120,0.76693,0.76697,1.00,1.00
2016.09.15 18:22:14.362,0.76692,0.76697,1.87,1.00
2016.09.15 18:22:14.414,0.76692,0.76697,1.12,1.00
2016.09.15 18:22:14.961,0.7669,0.76695,1.00,1.00
2016.09.15 18:22:15.259,0.76691,0.76698,1.10,1.00
2016.09.15 18:22:15.310,0.76694,0.76699,1.00,1.00
2016.09.15 18:22:15.565,0.76693,0.76698,1.50,1.00
2016.09.15 18:22:16.538,0.76693,0.76698,1.87,1.00
2016.09.15 18:22:16.691,0.76694,0.76698,1.00,1.00
2016.09.15 18:22:17.317,0.76694,0.76699,1.00,1.00
2016.09.15 18:22:17.368,0.76694,0.76699,1.50,1.00
2016.09.15 18:22:17.777,0.76694,0.76699,1.87,1.00
2016.09.15 18:22:19.394,0.76695,0.76699,1.00,1.00
2016.09.15 18:22:19.853,0.76695,0.76699,1.00,1.00
2016.09.15 18:22:20.007,0.76693,0.76697,1.50,1.00
2016.09.15 18:22:20.795,0.76693,0.76697,1.00,1.00
2016.09.15 18:22:23.601,0.76691,0.76697,1.00,1.00
2016.09.15 18:22:24.551,0.76691,0.76696,1.00,1.00
2016.09.15 18:22:26.354,0.76691,0.76695,1.00,1.00
2016.09.15 18:22:26.406,0.76689,0.76695,1.50,1.00
2016.09.15 18:22:26.903,0.76689,0.76694,1.00,1.00
2016.09.15 18:22:27.007,0.76689,0.76694,1.12,1.00
2016.09.15 18:22:27.860,0.76689,0.76694,1.12,1.00
2016.09.15 18:22:28.043,0.76689,0.76694,1.00,1.00
2016.09.15 18:22:28.096,0.76683,0.7669,1.12,1.00
2016.09.15 18:22:28.200,0.76682,0.76689,2.62,1.00
2016.09.15 18:22:28.253,0.76683,0.76691,1.00,1.00
2016.09.15 18:22:28.304,0.76689,0.76693,1.50,1.12
2016.09.15 18:22:28.356,0.76689,0.76695,1.50,1.00
2016.09.15 18:22:28.407,0.76689,0.76696,1.00,1.00
2016.09.15 18:22:28.459,0.76689,0.76694,1.00,1.00
2016.09.15 18:22:28.967,0.7669,0.76695,1.00,1.00
2016.09.15 18:22:29.571,0.76689,0.76695,1.00,1.00
2016.09.15 18:22:30.098,0.76688,0.76695,1.87,1.00
2016.09.15 18:22:30.541,0.76691,0.76697,1.00,1.00
2016.09.15 18:22:30.949,0.76691,0.76699,1.50,2.06
2016.09.15 18:22:31.000,0.76694,0.76699,1.00,1.00
2016.09.15 18:22:31.052,0.76694,0.76701,1.50,1.00
2016.09.15 18:22:31.103,0.76694,0.76701,1.87,1.00
2016.09.15 18:22:31.613,0.76694,0.76701,1.12,1.00
2016.09.15 18:22:32.003,0.76693,0.76701,1.37,1.00
2016.09.15 18:22:32.105,0.76693,0.76701,1.00,1.00
2016.09.15 18:22:32.504,0.76693,0.76701,1.50,1.00
2016.09.15 18:22:32.716,0.76693,0.76701,1.00,1.00
2016.09.15 18:22:33.021,0.76695,0.76703,1.00,1.00
2016.09.15 18:22:33.174,0.76695,0.76703,1.50,1.00
2016.09.15 18:22:33.415,0.76695,0.76703,2.25,1.50
2016.09.15 18:22:34.033,0.76695,0.76703,1.50,1.00
2016.09.15 18:22:34.135,0.76696,0.76704,1.50,1.25
2016.09.15 18:22:34.187,0.76698,0.76704,1.00,1.25
2016.09.15 18:22:35.236,0.76697,0.76703,1.00,1.00
2016.09.15 18:22:35.287,0.76695,0.76703,1.50,1.19
2016.09.15 18:22:35.338,0.76695,0.76703,1.00,1.19
2016.09.15 18:22:35.390,0.76695,0.76703,1.00,1.00
2016.09.15 18:22:35.441,0.76695,0.76703,1.50,1.00
2016.09.15 18:22:35.748,0.76695,0.76703,1.00,1.00
2016.09.15 18:22:36.333,0.76695,0.76703,1.50,1.00
2016.09.15 18:22:37.750,0.76698,0.76704,1.00,1.69
2016.09.15 18:22:37.802,0.76699,0.76704,1.00,1.25
2016.09.15 18:22:37.853,0.76699,0.76705,1.00,1.25
2016.09.15 18:22:37.956,0.76699,0.76704,1.00,1.00
2016.09.15 18:22:38.860,0.76699,0.76705,1.00,1.69
2016.09.15 18:22:38.963,0.76699,0.76705,1.00,1.25
2016.09.15 18:22:39.803,0.76696,0.76704,1.50,1.19
2016.09.15 18:22:39.854,0.76698,0.76704,1.00,1.69
2016.09.15 18:22:39.905,0.76696,0.76704,1.00,1.69
2016.09.15 18:22:39.956,0.76696,0.76704,1.00,1.19
2016.09.15 18:22:40.506,0.76696,0.76704,1.00,1.69
2016.09.15 18:22:40.557,0.76696,0.76703,1.00,1.25
2016.09.15 18:22:41.362,0.76696,0.76703,1.50,1.25
2016.09.15 18:22:42.817,0.76696,0.76702,1.00,1.00
2016.09.15 18:22:42.971,0.76696,0.76702,1.00,1.50
2016.09.15 18:22:43.022,0.76696,0.76702,1.00,1.69
2016.09.15 18:22:43.073,0.76696,0.76702,1.00,1.25
2016.09.15 18:22:43.176,0.76696,0.76704,1.00,1.31
2016.09.15 18:22:43.330,0.76696,0.76704,1.00,1.19
2016.09.15 18:22:46.140,0.76696,0.76703,1.00,1.19
2016.09.15 18:22:46.910,0.76696,0.76702,1.00,1.25
2016.09.15 18:22:46.961,0.76696,0.76702,1.00,1.00
2016.09.15 18:22:47.012,0.76694,0.76702,1.00,1.00
2016.09.15 18:22:47.114,0.76694,0.76702,1.00,1.12
2016.09.15 18:22:47.340,0.76694,0.76702,1.00,1.00
2016.09.15 18:22:47.851,0.76693,0.76701,1.00,1.00
2016.09.15 18:22:48.437,0.76696,0.76701,1.00,1.00
2016.09.15 18:22:48.990,0.76694,0.76702,1.00,1.50
2016.09.15 18:22:49.267,0.76693,0.76701,1.00,1.00
2016.09.15 18:22:49.470,0.76693,0.76701,1.00,1.50
2016.09.15 18:22:51.250,0.76693,0.76701,1.00,1.00
2016.09.15 18:22:51.301,0.76693,0.76701,1.12,1.00
2016.09.15 18:22:52.773,0.76693,0.76701,1.87,1.00
2016.09.15 18:22:53.707,0.76695,0.767,1.00,1.00
2016.09.15 18:22:53.912,0.76695,0.767,1.50,1.00
2016.09.15 18:22:53.963,0.76696,0.76703,1.00,1.50
2016.09.15 18:22:54.065,0.76696,0.76703,1.50,1.00
2016.09.15 18:22:54.168,0.76696,0.76702,1.00,1.00
2016.09.15 18:22:54.321,0.76695,0.76703,1.50,1.00
2016.09.15 18:22:54.372,0.76695,0.76703,1.50,1.00
2016.09.15 18:22:54.474,0.76695,0.76703,1.50,1.00
2016.09.15 18:22:54.945,0.76695,0.76703,1.50,1.50
2016.09.15 18:22:55.134,0.76695,0.76702,1.00,1.00
2016.09.15 18:22:55.185,0.76694,0.76702,1.00,1.00
2016.09.15 18:22:57.513,0.76696,0.76701,1.00,1.00
2016.09.15 18:22:57.971,0.76695,0.76701,1.50,1.00
2016.09.15 18:22:58.053,0.76695,0.76701,1.00,1.00
2016.09.15 18:22:58.208,0.76694,0.76701,1.00,1.00
2016.09.15 18:22:58.259,0.76694,0.76702,1.00,1.50
2016.09.15 18:22:58.312,0.76692,0.767,1.87,1.19
2016.09.15 18:22:58.365,0.76694,0.76702,1.00,1.19
2016.09.15 18:22:58.593,0.76694,0.76702,1.50,1.69
2016.09.15 18:22:58.954,0.76694,0.76702,1.00,1.19
2016.09.15 18:23:01.818,0.76696,0.76703,1.00,1.29
2016.09.15 18:23:03.005,0.76696,0.76703,1.00,1.39
2016.09.15 18:23:03.107,0.76696,0.76703,1.00,1.29
2016.09.15 18:23:03.209,0.76696,0.76702,1.00,1.19
2016.09.15 18:23:03.362,0.76696,0.76702,1.00,1.69
2016.09.15 18:23:03.623,0.76696,0.76702,1.00,1.19
2016.09.15 18:23:03.725,0.76698,0.76702,1.00,1.25
2016.09.15 18:23:03.819,0.76698,0.76706,1.00,2.51
2016.09.15 18:23:03.870,0.76698,0.76706,1.00,2.44
2016.09.15 18:23:04.023,0.76698,0.76706,1.00,2.81
2016.09.15 18:23:04.454,0.76699,0.76706,1.00,2.06
2016.09.15 18:23:04.510,0.76698,0.76706,1.00,2.44
2016.09.15 18:23:04.562,0.76698,0.76704,1.00,2.06
2016.09.15 18:23:04.614,0.76697,0.76701,1.00,1.25
2016.09.15 18:23:04.667,0.76693,0.76701,1.00,1.19
2016.09.15 18:23:04.719,0.76697,0.76701,1.00,1.25
2016.09.15 18:23:04.771,0.76693,0.76701,1.00,1.69
2016.09.15 18:23:04.822,0.76693,0.76701,1.00,1.69
2016.09.15 18:23:04.977,0.76693,0.76701,1.50,1.69
2016.09.15 18:23:05.709,0.76693,0.767,1.50,1.19
2016.09.15 18:23:05.864,0.76693,0.767,1.00,1.19
2016.09.15 18:23:06.710,0.76695,0.767,1.00,1.19
2016.09.15 18:23:06.761,0.76691,0.76698,1.00,1.19
2016.09.15 18:23:06.813,0.76689,0.76697,3.37,1.19
2016.09.15 18:23:06.864,0.76691,0.76697,1.00,1.19
2016.09.15 18:23:06.915,0.76691,0.76699,1.00,1.19
2016.09.15 18:23:06.967,0.76693,0.76699,1.00,1.19
2016.09.15 18:23:07.134,0.76693,0.76701,1.00,2.44
2016.09.15 18:23:07.185,0.76693,0.76701,1.00,1.19
2016.09.15 18:23:07.542,0.76696,0.76701,1.00,1.19
2016.09.15 18:23:07.644,0.76696,0.76704,1.00,3.19
2016.09.15 18:23:07.695,0.76697,0.76704,1.00,2.06
2016.09.15 18:23:07.747,0.76697,0.76704,1.00,1.31
2016.09.15 18:23:07.799,0.76697,0.76704,1.00,1.31
2016.09.15 18:23:07.998,0.76696,0.76704,1.00,2.06
2016.09.15 18:23:08.458,0.76697,0.76703,1.00,1.19
2016.09.15 18:23:08.790,0.76696,0.76701,1.00,1.19
2016.09.15 18:23:09.045,0.76697,0.76701,1.00,1.25
2016.09.15 18:23:09.096,0.76696,0.76702,1.00,1.19
2016.09.15 18:23:10.056,0.76696,0.76702,1.00,1.19
2016.09.15 18:23:10.108,0.76696,0.76701,1.00,1.19
2016.09.15 18:23:10.630,0.76695,0.76701,1.00,1.19
2016.09.15 18:23:11.496,0.76695,0.767,1.00,1.19
2016.09.15 18:23:13.695,0.76695,0.76701,1.00,1.19
2016.09.15 18:23:15.104,0.76695,0.767,1.00,1.19
2016.09.15 18:23:17.288,0.76695,0.76702,1.00,1.19
2016.09.15 18:23:18.005,0.76695,0.767,1.00,1.25
2016.09.15 18:23:18.551,0.76694,0.767,1.00,1.25
2016.09.15 18:23:21.619,0.76694,0.76701,1.00,1.19
2016.09.15 18:23:21.719,0.76694,0.76701,1.00,1.19
2016.09.15 18:23:22.242,0.76693,0.76699,1.00,1.00
2016.09.15 18:23:22.344,0.76694,0.76701,1.00,2.06
2016.09.15 18:23:22.446,0.76694,0.76701,1.00,1.69
2016.09.15 18:23:22.641,0.76694,0.76701,1.00,1.87
2016.09.15 18:23:22.692,0.76694,0.76701,1.00,1.50
2016.09.15 18:23:23.151,0.76694,0.76701,1.00,1.69
2016.09.15 18:23:23.633,0.76694,0.76701,1.00,1.19
2016.09.15 18:23:23.888,0.76694,0.76702,1.00,1.69
2016.09.15 18:23:24.607,0.76694,0.76702,1.00,1.19
2016.09.15 18:23:24.812,0.76694,0.76702,1.00,1.69
2016.09.15 18:23:25.563,0.76694,0.76701,1.00,1.19
2016.09.15 18:23:26.331,0.76694,0.76702,1.00,1.69
2016.09.15 18:23:26.433,0.76694,0.76701,1.00,1.19
2016.09.15 18:23:26.656,0.76693,0.76701,1.00,1.69
2016.09.15 18:23:26.730,0.76693,0.76701,1.00,1.19
2016.09.15 18:23:26.832,0.76693,0.76701,1.00,1.69
2016.09.15 18:23:27.650,0.76694,0.767,1.00,1.19
2016.09.15 18:23:27.703,0.76692,0.76699,1.00,1.19
2016.09.15 18:23:27.856,0.76693,0.76701,1.00,2.59
2016.09.15 18:23:27.908,0.76692,0.767,1.00,1.25
2016.09.15 18:23:27.959,0.76692,0.76698,1.00,1.00
2016.09.15 18:23:28.010,0.76692,0.76698,1.00,1.19
2016.09.15 18:23:28.163,0.76693,0.76698,1.00,1.25
2016.09.15 18:23:28.366,0.76692,0.76699,1.00,1.31
2016.09.15 18:23:28.418,0.76692,0.76699,1.00,1.31
2016.09.15 18:23:28.469,0.76692,0.767,1.00,1.31
2016.09.15 18:23:28.521,0.76692,0.76699,1.00,1.19
2016.09.15 18:23:28.674,0.76691,0.76699,1.00,1.69
2016.09.15 18:23:28.726,0.76691,0.76699,1.00,4.31
2016.09.15 18:23:28.777,0.76691,0.76699,1.00,4.69
2016.09.15 18:23:28.872,0.76691,0.76697,1.00,1.19
2016.09.15 18:23:29.532,0.76689,0.76696,1.00,1.19
2016.09.15 18:23:29.788,0.76688,0.76696,1.00,1.69
2016.09.15 18:23:30.070,0.76687,0.76695,1.00,2.44
2016.09.15 18:23:30.122,0.76684,0.76692,1.50,2.06
2016.09.15 18:23:30.174,0.76684,0.76692,1.00,2.06
2016.09.15 18:23:30.226,0.76682,0.7669,1.00,1.19
2016.09.15 18:23:30.277,0.76682,0.7669,1.00,1.29
2016.09.15 18:23:30.431,0.76682,0.7669,1.00,1.01
2016.09.15 18:23:30.534,0.76682,0.7669,1.00,1.29
2016.09.15 18:23:31.123,0.76685,0.76691,1.00,2.14
2016.09.15 18:23:31.175,0.76685,0.76691,1.00,1.07
2016.09.15 18:23:31.228,0.76687,0.76694,1.00,2.81
2016.09.15 18:23:31.280,0.76687,0.76694,1.50,1.31
2016.09.15 18:23:31.332,0.76689,0.76695,1.00,1.69
2016.09.15 18:23:31.435,0.76689,0.76695,1.00,1.19
2016.09.15 18:23:32.330,0.76685,0.76693,1.00,1.25
2016.09.15 18:23:32.433,0.76685,0.76693,1.50,1.25
2016.09.15 18:23:32.619,0.76686,0.76693,1.00,1.25
2016.09.15 18:23:32.823,0.76686,0.76692,1.00,1.00
2016.09.15 18:23:32.874,0.76685,0.76692,1.50,1.00
2016.09.15 18:23:33.027,0.76685,0.76692,1.87,1.00
2016.09.15 18:23:33.129,0.76685,0.76692,1.50,1.00
2016.09.15 18:23:33.283,0.76685,0.76692,2.25,1.00
2016.09.15 18:23:33.334,0.76685,0.76692,1.50,1.00
2016.09.15 18:23:33.385,0.76685,0.76692,1.00,1.00
2016.09.15 18:23:33.436,0.76684,0.76692,1.50,1.00
2016.09.15 18:23:33.746,0.76684,0.76692,1.00,1.00
2016.09.15 18:23:33.850,0.76685,0.76692,1.00,1.00
2016.09.15 18:23:33.903,0.76685,0.76692,1.00,1.00
2016.09.15 18:23:33.955,0.76684,0.7669,1.12,1.00
2016.09.15 18:23:34.007,0.76684,0.7669,1.50,1.00
2016.09.15 18:23:34.058,0.76684,0.7669,1.37,1.00
2016.09.15 18:23:34.109,0.76684,0.7669,1.00,1.00
2016.09.15 18:23:34.160,0.76684,0.76692,1.00,1.00
2016.09.15 18:23:34.262,0.76685,0.76692,1.00,1.00
2016.09.15 18:23:34.513,0.76685,0.76692,1.00,1.00
2016.09.15 18:23:34.565,0.76686,0.76694,1.50,1.19
2016.09.15 18:23:34.772,0.76686,0.76691,1.00,1.00
2016.09.15 18:23:34.874,0.76683,0.76691,2.62,1.00
2016.09.15 18:23:34.926,0.76683,0.76691,2.25,1.00
2016.09.15 18:23:34.977,0.76683,0.76691,1.00,1.00
2016.09.15 18:23:35.181,0.76682,0.7669,3.00,1.00
2016.09.15 18:23:35.636,0.76683,0.7669,1.00,1.00
2016.09.15 18:23:36.070,0.76682,0.7669,1.50,1.00
2016.09.15 18:23:36.919,0.76682,0.76689,1.00,1.00
2016.09.15 18:23:37.340,0.76682,0.76689,1.00,1.00
2016.09.15 18:23:38.179,0.76683,0.76689,1.00,1.00
2016.09.15 18:23:38.644,0.76684,0.76691,1.00,1.00
2016.09.15 18:23:38.695,0.76685,0.76693,1.00,1.25
2016.09.15 18:23:38.748,0.76686,0.76694,1.00,1.19
2016.09.15 18:23:38.799,0.76686,0.76694,1.00,1.00
2016.09.15 18:23:38.950,0.76686,0.76694,1.50,1.00
2016.09.15 18:23:39.001,0.76686,0.7669,1.00,1.00
2016.09.15 18:23:39.053,0.76685,0.7669,1.87,1.00
2016.09.15 18:23:39.104,0.76684,0.76688,1.00,1.00
2016.09.15 18:23:39.155,0.76682,0.76688,1.87,1.00
2016.09.15 18:23:39.206,0.76682,0.76688,1.50,1.00
2016.09.15 18:23:39.777,0.76683,0.76688,1.00,1.00
2016.09.15 18:23:40.633,0.76683,0.76688,1.00,1.00
2016.09.15 18:23:41.396,0.76683,0.7669,1.00,1.00
2016.09.15 18:23:41.659,0.76682,0.76688,1.00,1.00
2016.09.15 18:23:42.067,0.76684,0.76691,1.00,1.19
2016.09.15 18:23:42.170,0.76684,0.76692,1.50,1.25
2016.09.15 18:23:42.221,0.76685,0.76691,1.00,1.00
2016.09.15 18:23:42.272,0.76684,0.76691,1.50,1.00
2016.09.15 18:23:42.662,0.76684,0.76691,1.00,1.00
2016.09.15 18:23:42.764,0.76683,0.7669,1.00,1.25
2016.09.15 18:23:42.816,0.76683,0.7669,1.12,1.25
2016.09.15 18:23:42.868,0.76681,0.76689,3.00,1.00
2016.09.15 18:23:42.919,0.76681,0.76689,2.62,1.00
2016.09.15 18:23:42.971,0.76681,0.76689,2.25,1.00
2016.09.15 18:23:43.329,0.76684,0.76692,1.00,1.19
2016.09.15 18:23:44.159,0.76685,0.76693,1.00,1.19
2016.09.15 18:23:44.816,0.76686,0.76694,1.00,1.19
2016.09.15 18:23:44.867,0.76688,0.76696,1.00,2.06
2016.09.15 18:23:44.918,0.7669,0.76697,1.00,1.56
2016.09.15 18:23:44.969,0.76689,0.76696,1.00,1.25
2016.09.15 18:23:45.123,0.76689,0.76695,1.00,1.50
2016.09.15 18:23:45.431,0.76689,0.76695,1.00,1.00
2016.09.15 18:23:45.635,0.76687,0.76695,1.00,1.00
2016.09.15 18:23:45.687,0.76686,0.76694,1.00,1.50
2016.09.15 18:23:45.942,0.76686,0.76694,1.00,1.69
2016.09.15 18:23:46.146,0.76685,0.76693,1.00,1.19
2016.09.15 18:23:47.020,0.76686,0.76694,1.00,1.69
2016.09.15 18:23:47.072,0.76685,0.76693,1.00,1.31
2016.09.15 18:23:47.123,0.76685,0.76691,1.00,1.19
2016.09.15 18:23:47.174,0.76685,0.76691,1.00,1.69
2016.09.15 18:23:47.225,0.76684,0.7669,1.00,1.19
2016.09.15 18:23:47.277,0.76685,0.7669,1.00,1.00
2016.09.15 18:23:47.328,0.76682,0.7669,1.50,1.00
2016.09.15 18:23:47.503,0.76682,0.76689,1.50,1.00
2016.09.15 18:23:47.555,0.76683,0.76689,1.00,1.50
2016.09.15 18:23:47.643,0.76681,0.76688,1.00,1.25
2016.09.15 18:23:48.505,0.76681,0.76687,1.00,1.50
2016.09.15 18:24:01.472,0.76678,0.76684,1.50,1.00
2016.09.15 18:24:01.575,0.76679,0.76684,1.00,1.00
2016.09.15 18:24:02.140,0.76679,0.76685,1.00,1.00
2016.09.15 18:24:02.191,0.76679,0.76685,2.25,1.00
2016.09.15 18:24:05.197,0.7668,0.76685,1.00,1.00
2016.09.15 18:24:05.454,0.7668,0.76685,1.37,1.00
2016.09.15 18:24:05.919,0.76679,0.76685,3.00,1.00
2016.09.15 18:24:06.073,0.7668,0.76687,2.25,1.00
2016.09.15 18:24:06.146,0.7668,0.76688,3.00,1.50
2016.09.15 18:24:06.580,0.7668,0.76688,2.62,1.50
2016.09.15 18:24:06.682,0.7668,0.76688,2.25,1.50
2016.09.15 18:24:11.088,0.7668,0.76688,1.50,1.50
2016.09.15 18:24:11.191,0.7668,0.76688,2.25,1.50
2016.09.15 18:24:11.564,0.7668,0.76687,2.25,1.00
2016.09.15 18:24:11.615,0.7668,0.76685,2.25,1.00
2016.09.15 18:24:11.683,0.76681,0.76685,1.00,1.00
2016.09.15 18:24:11.938,0.7668,0.76684,1.50,1.00
2016.09.15 18:24:11.990,0.76681,0.76685,1.00,1.00
2016.09.15 18:24:12.092,0.7668,0.76685,1.50,1.00
2016.09.15 18:24:12.245,0.7668,0.76685,1.12,1.00
2016.09.15 18:24:12.491,0.76681,0.76685,1.00,1.00
2016.09.15 18:24:13.891,0.76681,0.76685,1.00,1.00
2016.09.15 18:24:14.685,0.76681,0.76686,1.00,1.00
2016.09.15 18:24:14.736,0.76679,0.76686,1.00,1.00
2016.09.15 18:24:14.889,0.76679,0.76684,1.50,1.00
2016.09.15 18:24:15.372,0.76679,0.76684,1.00,1.00
2016.09.15 18:24:15.525,0.76677,0.76683,1.37,1.00
2016.09.15 18:24:15.855,0.76678,0.76683,1.00,1.00
2016.09.15 18:24:16.542,0.76677,0.76683,1.50,1.00
2016.09.15 18:24:19.501,0.76677,0.76681,1.00,1.00
2016.09.15 18:24:19.603,0.76677,0.76683,1.00,1.00
2016.09.15 18:24:20.115,0.76677,0.76682,1.00,1.00
2016.09.15 18:24:20.166,0.76677,0.76682,1.50,1.00
2016.09.15 18:24:20.494,0.76677,0.76682,1.87,1.00
2016.09.15 18:24:21.015,0.76677,0.76682,1.12,1.00
2016.09.15 18:24:21.270,0.76677,0.76681,1.00,1.00
2016.09.15 18:24:22.030,0.76677,0.76682,1.00,1.00
2016.09.15 18:24:22.730,0.76677,0.76681,1.00,1.00
2016.09.15 18:24:22.833,0.76677,0.76681,1.00,1.00
2016.09.15 18:24:23.278,0.76677,0.76681,1.50,1.00
2016.09.15 18:24:23.329,0.76677,0.76681,1.50,1.00
2016.09.15 18:24:23.777,0.76677,0.76681,1.00,1.00
2016.09.15 18:24:26.712,0.76678,0.76684,1.00,1.00
2016.09.15 18:24:26.865,0.76678,0.76686,1.50,1.19
2016.09.15 18:24:26.967,0.76678,0.76686,1.50,1.00
2016.09.15 18:24:27.069,0.76679,0.76686,1.00,1.00
2016.09.15 18:24:27.480,0.76678,0.76686,1.50,1.00
2016.09.15 18:24:27.531,0.76678,0.76686,1.50,1.50
2016.09.15 18:24:28.025,0.76678,0.76684,1.50,1.00
2016.09.15 18:24:28.076,0.76678,0.76684,1.00,1.00
2016.09.15 18:24:28.874,0.76677,0.76683,1.87,1.00
2016.09.15 18:24:28.926,0.76677,0.76683,1.87,1.50
2016.09.15 18:24:29.901,0.76677,0.76683,1.50,1.50
2016.09.15 18:24:31.676,0.76677,0.76683,1.00,1.50
2016.09.15 18:24:32.773,0.76677,0.76683,1.50,1.50
2016.09.15 18:24:35.267,0.76678,0.76683,1.00,1.50
2016.09.15 18:24:35.531,0.76678,0.76683,1.00,1.00
2016.09.15 18:24:38.141,0.76677,0.76683,1.50,1.00
2016.09.15 18:24:38.591,0.76677,0.76683,1.00,1.00
2016.09.15 18:24:39.217,0.76677,0.76685,1.00,1.50
2016.09.15 18:24:39.391,0.7668,0.76685,1.00,1.00
2016.09.15 18:24:39.544,0.7668,0.76685,1.50,1.00
2016.09.15 18:24:41.245,0.7668,0.76685,1.00,1.00
2016.09.15 18:24:41.895,0.7668,0.7669,1.50,1.87
2016.09.15 18:24:41.947,0.76682,0.76689,1.00,1.00
2016.09.15 18:24:41.999,0.76682,0.7669,1.00,1.50
2016.09.15 18:24:42.051,0.76682,0.76689,1.50,1.00
2016.09.15 18:24:42.103,0.76682,0.7669,1.50,1.50
2016.09.15 18:24:42.155,0.76682,0.7669,1.50,1.00
2016.09.15 18:24:42.309,0.76682,0.76688,1.00,1.00
2016.09.15 18:24:42.361,0.76681,0.76688,2.25,1.00
2016.09.15 18:24:42.554,0.76682,0.76687,1.00,1.50
2016.09.15 18:24:42.608,0.76681,0.76687,1.00,1.00
2016.09.15 18:24:42.712,0.76682,0.76686,1.00,1.00
2016.09.15 18:24:42.867,0.76681,0.76686,1.00,1.50
2016.09.15 18:24:42.919,0.76679,0.76683,1.00,1.00
2016.09.15 18:24:42.971,0.76679,0.76685,1.00,1.00
2016.09.15 18:24:43.376,0.76678,0.76685,1.50,1.00
2016.09.15 18:24:43.887,0.76678,0.76685,2.25,1.00
2016.09.15 18:24:45.887,0.76678,0.76683,1.50,1.00
2016.09.15 18:24:46.244,0.76678,0.76682,1.50,1.00
2016.09.15 18:24:46.589,0.76678,0.76682,1.00,1.00
2016.09.15 18:24:48.011,0.76678,0.76683,1.00,1.50
2016.09.15 18:24:49.204,0.76676,0.76683,2.25,1.00
2016.09.15 18:24:50.169,0.76677,0.76683,1.00,1.00
2016.09.15 18:24:50.842,0.76679,0.76683,1.00,1.00
2016.09.15 18:24:51.357,0.76678,0.76683,1.00,1.00
2016.09.15 18:24:52.704,0.76678,0.76683,1.50,1.00
2016.09.15 18:24:53.110,0.76678,0.76683,1.00,1.00
2016.09.15 18:24:53.627,0.76679,0.76683,1.00,1.00
2016.09.15 18:24:56.267,0.7668,0.76684,1.00,1.00
2016.09.15 18:24:59.287,0.76679,0.76683,1.00,1.00
2016.09.15 18:25:00.016,0.76678,0.76683,1.50,1.00
2016.09.15 18:25:00.118,0.76678,0.76683,1.00,1.00
2016.09.15 18:25:00.588,0.76678,0.76683,1.12,1.00
2016.09.15 18:25:00.639,0.76678,0.76683,1.00,1.00
2016.09.15 18:25:00.845,0.76679,0.76686,1.00,1.50
2016.09.15 18:25:00.899,0.7668,0.76685,1.00,1.00
2016.09.15 18:25:00.951,0.76678,0.76685,1.00,1.00
2016.09.15 18:25:01.003,0.76679,0.76683,1.00,1.00
2016.09.15 18:25:08.036,0.76676,0.76683,1.50,1.00
2016.09.15 18:25:08.107,0.76677,0.76682,1.00,1.00
2016.09.15 18:25:09.918,0.76676,0.76682,1.50,1.00
2016.09.15 18:25:11.249,0.76676,0.76681,1.00,1.00
2016.09.15 18:25:11.301,0.76673,0.7668,2.70,1.00
2016.09.15 18:25:11.440,0.76675,0.7668,1.00,1.00
2016.09.15 18:25:11.492,0.76675,0.7668,1.50,1.50
2016.09.15 18:25:11.543,0.76674,0.76679,1.00,1.00
2016.09.15 18:25:11.596,0.76674,0.76678,1.00,1.50
2016.09.15 18:25:11.648,0.76674,0.76678,1.00,1.00
2016.09.15 18:25:12.036,0.76673,0.76678,1.50,1.00
2016.09.15 18:25:12.089,0.76675,0.76679,1.00,1.00
2016.09.15 18:25:12.140,0.76675,0.76682,1.00,1.69
2016.09.15 18:25:12.193,0.76675,0.76682,1.00,1.50
2016.09.15 18:25:12.338,0.76675,0.76682,1.50,1.50
2016.09.15 18:25:13.231,0.76676,0.76682,1.00,1.50
2016.09.15 18:25:13.334,0.76672,0.76679,3.07,1.00
2016.09.15 18:25:13.537,0.76674,0.76681,1.00,1.25
2016.09.15 18:25:13.589,0.76675,0.76681,1.00,1.25
2016.09.15 18:25:13.641,0.76675,0.76681,1.00,1.25
2016.09.15 18:25:13.692,0.76675,0.76681,1.00,1.00
2016.09.15 18:25:14.048,0.76675,0.76682,1.50,1.00
2016.09.15 18:25:14.100,0.76676,0.76682,1.00,1.00
2016.09.15 18:25:14.555,0.76676,0.76682,1.00,1.50
2016.09.15 18:25:14.658,0.76676,0.76682,1.00,1.00
2016.09.15 18:25:15.094,0.76676,0.76681,1.00,1.00
2016.09.15 18:25:15.145,0.76675,0.76681,1.00,1.00
2016.09.15 18:25:15.896,0.76675,0.76682,1.00,1.00
2016.09.15 18:25:16.425,0.76676,0.76682,1.00,1.00
2016.09.15 18:25:16.979,0.76676,0.76683,1.00,1.00
2016.09.15 18:25:17.299,0.76676,0.76681,1.00,1.00
2016.09.15 18:25:17.351,0.76674,0.76681,1.50,1.00
2016.09.15 18:25:17.402,0.76674,0.76679,1.00,1.00
2016.09.15 18:25:17.903,0.76673,0.76679,1.00,1.00
2016.09.15 18:25:19.073,0.76671,0.76679,2.25,1.50
2016.09.15 18:25:19.124,0.76674,0.76679,1.00,1.00
2016.09.15 18:25:19.176,0.76673,0.76679,1.50,1.00
2016.09.15 18:25:19.278,0.76675,0.76679,1.00,1.00
2016.09.15 18:25:19.890,0.76675,0.7668,1.00,1.00
2016.09.15 18:25:19.942,0.76675,0.7668,1.00,1.00
2016.09.15 18:25:19.993,0.76673,0.76678,1.00,1.00
2016.09.15 18:25:20.395,0.76675,0.76679,1.00,1.00
2016.09.15 18:25:21.675,0.76674,0.76678,1.00,1.00
2016.09.15 18:25:22.310,0.76675,0.76679,1.00,1.00
2016.09.15 18:25:22.878,0.76676,0.7668,1.00,1.00
2016.09.15 18:25:23.085,0.76674,0.76678,1.00,1.00
2016.09.15 18:25:24.797,0.76673,0.76677,1.50,1.00
2016.09.15 18:25:25.380,0.76674,0.76678,1.00,1.00
2016.09.15 18:25:25.431,0.76673,0.76677,1.50,1.00
2016.09.15 18:25:26.071,0.76674,0.76678,1.50,1.00
2016.09.15 18:25:27.348,0.76675,0.76679,1.00,1.00
2016.09.15 18:25:28.349,0.76673,0.76677,1.50,1.00
2016.09.15 18:25:28.892,0.76672,0.76677,1.50,1.00
2016.09.15 18:25:29.347,0.76674,0.76678,1.00,1.00
2016.09.15 18:25:29.888,0.76672,0.76677,1.50,1.00
2016.09.15 18:25:30.583,0.76674,0.7668,1.50,1.00
2016.09.15 18:25:30.940,0.76675,0.7668,1.00,1.00
2016.09.15 18:25:31.297,0.76674,0.76679,1.50,1.00
2016.09.15 18:25:31.399,0.76674,0.76679,1.00,1.00
2016.09.15 18:25:31.697,0.76674,0.76679,1.00,1.00
2016.09.15 18:25:32.221,0.76673,0.76679,1.00,1.00
2016.09.15 18:25:32.273,0.76672,0.76679,1.50,1.00
2016.09.15 18:25:32.324,0.76673,0.7668,1.00,1.00
2016.09.15 18:25:33.095,0.76672,0.76679,1.50,1.00
2016.09.15 18:25:39.331,0.76672,0.76679,1.87,1.00
2016.09.15 18:25:39.831,0.76672,0.76679,1.50,1.00
2016.09.15 18:25:43.424,0.76672,0.76679,1.00,1.00
2016.09.15 18:25:43.526,0.7667,0.76677,1.50,1.00
2016.09.15 18:25:43.577,0.76668,0.76675,4.57,1.00
2016.09.15 18:25:43.629,0.76668,0.76672,1.95,1.00
2016.09.15 18:25:43.680,0.76667,0.76671,1.00,1.00
2016.09.15 18:25:43.731,0.76666,0.76671,1.37,1.00
2016.09.15 18:25:43.782,0.76662,0.7667,4.50,1.00
2016.09.15 18:25:43.932,0.76662,0.7667,4.12,1.00
2016.09.15 18:25:43.984,0.76662,0.76669,1.50,1.00
2016.09.15 18:25:44.086,0.76663,0.76671,1.00,1.00
2016.09.15 18:25:44.145,0.76665,0.76671,1.20,1.00
2016.09.15 18:25:44.197,0.76666,0.76673,1.50,1.00
2016.09.15 18:25:44.249,0.76667,0.76674,1.00,1.50
2016.09.15 18:25:44.403,0.76668,0.76674,1.00,1.00
2016.09.15 18:25:44.455,0.7667,0.76674,1.00,1.00
2016.09.15 18:25:44.506,0.7667,0.76676,1.00,1.50
2016.09.15 18:25:44.704,0.76669,0.76676,1.00,1.50
2016.09.15 18:25:44.756,0.76669,0.76676,1.00,1.00
2016.09.15 18:25:44.909,0.76669,0.76676,1.10,1.50
2016.09.15 18:25:44.960,0.76669,0.76676,1.10,1.00
2016.09.15 18:25:45.011,0.7667,0.76677,1.00,1.00
2016.09.15 18:25:45.114,0.7667,0.76677,1.12,1.00
2016.09.15 18:25:45.217,0.7667,0.76677,1.10,1.00
2016.09.15 18:25:45.320,0.7667,0.76677,1.00,1.00
2016.09.15 18:25:45.719,0.76674,0.7668,1.00,1.00
2016.09.15 18:25:45.821,0.76672,0.76678,1.50,1.00
2016.09.15 18:25:45.873,0.76674,0.7668,1.00,1.00
2016.09.15 18:25:46.180,0.76676,0.7668,1.00,1.00
2016.09.15 18:25:46.282,0.76676,0.76682,1.37,1.00
2016.09.15 18:25:46.539,0.76676,0.76682,1.00,1.00
2016.09.15 18:25:47.340,0.76676,0.76682,1.12,1.00
2016.09.15 18:25:47.595,0.76675,0.76682,1.00,1.50
2016.09.15 18:25:47.929,0.76676,0.76682,1.00,1.00
2016.09.15 18:25:47.981,0.76676,0.76682,1.12,1.00
2016.09.15 18:25:48.134,0.76678,0.76682,1.00,1.00
2016.09.15 18:25:48.185,0.76679,0.76683,1.00,1.00
2016.09.15 18:25:48.236,0.76682,0.76686,1.00,1.00
2016.09.15 18:25:48.287,0.76683,0.76688,1.00,1.00
2016.09.15 18:25:48.338,0.76683,0.76688,1.00,1.50
2016.09.15 18:25:48.508,0.76681,0.76685,1.00,1.00
2016.09.15 18:25:48.559,0.76679,0.76685,1.00,1.00
2016.09.15 18:25:48.763,0.7668,0.76685,1.00,1.50
2016.09.15 18:25:48.815,0.7668,0.76687,1.00,1.00
2016.09.15 18:25:49.571,0.76678,0.76684,1.10,1.00
2016.09.15 18:25:49.674,0.76677,0.76684,3.45,1.00
2016.09.15 18:25:49.725,0.76677,0.76684,3.15,1.00
2016.09.15 18:25:49.777,0.76677,0.76684,2.40,1.00
2016.09.15 18:25:49.830,0.76677,0.76684,2.32,1.00
2016.09.15 18:25:49.931,0.76677,0.76684,1.57,1.00
2016.09.15 18:25:50.033,0.76677,0.76684,2.32,1.00
2016.09.15 18:25:50.259,0.76677,0.76684,2.70,1.00
2016.09.15 18:25:50.495,0.76678,0.76684,1.00,1.00
2016.09.15 18:25:50.803,0.76677,0.76684,2.32,1.00
2016.09.15 18:25:51.165,0.76677,0.76684,2.70,1.00
2016.09.15 18:25:51.216,0.76678,0.76684,1.12,1.00
2016.09.15 18:25:51.267,0.76678,0.76684,1.00,1.00
2016.09.15 18:25:51.568,0.76678,0.76683,1.12,1.00
2016.09.15 18:25:51.620,0.76677,0.76683,1.37,1.00
2016.09.15 18:25:52.229,0.76678,0.76684,1.12,1.00
2016.09.15 18:25:52.280,0.76678,0.76682,1.12,1.00
2016.09.15 18:25:53.232,0.76677,0.76682,1.87,1.00
2016.09.15 18:25:53.384,0.76676,0.76682,1.01,1.00
2016.09.15 18:25:53.576,0.76676,0.76681,1.76,1.00
2016.09.15 18:25:53.628,0.76676,0.76681,2.06,1.00
2016.09.15 18:25:54.114,0.76676,0.76681,2.14,1.00
2016.09.15 18:25:54.873,0.76676,0.76683,1.39,1.00
2016.09.15 18:25:55.232,0.76676,0.76681,2.14,1.00
2016.09.15 18:25:55.337,0.76676,0.76682,1.76,1.00
2016.09.15 18:25:56.090,0.76681,0.76686,1.37,1.00
2016.09.15 18:25:56.142,0.7668,0.76686,1.50,1.00
2016.09.15 18:25:56.194,0.76682,0.76687,1.50,1.00
2016.09.15 18:25:56.401,0.76682,0.76687,1.50,1.00
2016.09.15 18:25:56.662,0.76682,0.76686,1.00,1.00
2016.09.15 18:25:56.723,0.76679,0.76686,4.69,1.00
2016.09.15 18:25:56.775,0.76679,0.76684,2.44,1.00
2016.09.15 18:25:56.828,0.76679,0.76683,1.50,1.00
2016.09.15 18:25:56.879,0.76679,0.76683,1.12,1.00
2016.09.15 18:25:57.071,0.76677,0.76683,2.44,1.00
2016.09.15 18:25:57.173,0.76677,0.76683,1.69,1.00
2016.09.15 18:25:57.224,0.76678,0.76683,1.12,1.00
2016.09.15 18:25:57.760,0.76678,0.76683,1.12,1.00
2016.09.15 18:25:58.102,0.76678,0.76683,1.00,1.00
2016.09.15 18:25:58.204,0.76677,0.76683,1.69,1.00
2016.09.15 18:25:58.649,0.76677,0.76683,2.06,1.00
2016.09.15 18:25:59.334,0.76677,0.76683,2.81,1.00
2016.09.15 18:26:00.254,0.76677,0.76683,2.44,1.00
2016.09.15 18:26:00.305,0.76677,0.76683,1.69,1.00
2016.09.15 18:26:00.356,0.76676,0.76683,2.32,1.00
2016.09.15 18:26:00.566,0.76676,0.76682,2.25,1.00
2016.09.15 18:26:00.622,0.76676,0.76682,1.50,1.00
2016.09.15 18:26:01.240,0.76676,0.76682,1.12,1.00
2016.09.15 18:26:01.459,0.76676,0.76682,1.00,1.00
2016.09.15 18:26:01.995,0.76677,0.76682,1.00,1.00
2016.09.15 18:26:02.106,0.76677,0.76682,1.37,1.00
2016.09.15 18:26:02.157,0.76677,0.76682,1.00,1.00
2016.09.15 18:26:05.126,0.76677,0.76682,1.00,1.00
2016.09.15 18:26:05.228,0.76676,0.76681,1.10,1.00
2016.09.15 18:26:05.331,0.76677,0.76681,1.00,1.00
2016.09.15 18:26:05.434,0.76676,0.7668,1.10,1.00
2016.09.15 18:26:05.485,0.76676,0.76682,1.12,1.50
2016.09.15 18:26:05.643,0.76676,0.76682,1.12,1.50
2016.09.15 18:26:05.694,0.76677,0.76681,1.10,1.00
2016.09.15 18:26:05.796,0.76679,0.76685,1.00,1.50
2016.09.15 18:26:05.848,0.7668,0.76685,1.00,1.00
2016.09.15 18:26:05.899,0.7668,0.76685,1.12,1.00
2016.09.15 18:26:05.950,0.7668,0.76685,1.12,1.00
2016.09.15 18:26:06.103,0.7668,0.76686,1.00,1.00
2016.09.15 18:26:06.156,0.7668,0.76686,1.00,1.00
2016.09.15 18:26:06.209,0.7668,0.76687,1.50,1.50
2016.09.15 18:26:06.424,0.7668,0.76687,1.50,1.00
2016.09.15 18:26:06.475,0.76681,0.76687,1.37,1.00
2016.09.15 18:26:06.577,0.76681,0.76685,1.12,1.00
2016.09.15 18:26:06.629,0.76679,0.76685,2.02,1.00
2016.09.15 18:26:06.731,0.76679,0.76683,1.20,1.00
2016.09.15 18:26:06.783,0.76679,0.76684,1.37,1.00
2016.09.15 18:26:06.834,0.76678,0.76683,1.50,1.00
2016.09.15 18:26:07.891,0.76678,0.76683,1.37,1.00
2016.09.15 18:26:08.344,0.76678,0.76683,1.37,1.00
2016.09.15 18:26:08.519,0.76678,0.76683,1.00,1.00
2016.09.15 18:26:08.847,0.76677,0.76681,1.00,1.00
2016.09.15 18:26:09.325,0.76677,0.76681,1.00,1.00
2016.09.15 18:26:09.520,0.76679,0.76683,1.00,1.00
2016.09.15 18:26:09.673,0.76679,0.76684,1.37,1.00
2016.09.15 18:26:09.775,0.76677,0.76684,1.50,1.00
2016.09.15 18:26:09.826,0.76677,0.76684,1.37,1.00
2016.09.15 18:26:09.878,0.76678,0.76684,1.12,1.00
2016.09.15 18:26:10.134,0.76681,0.76685,1.00,1.00
2016.09.15 18:26:10.185,0.76681,0.76686,1.00,1.00
2016.09.15 18:26:10.662,0.7668,0.76684,1.10,1.00
2016.09.15 18:26:10.968,0.76682,0.76686,1.00,1.00
2016.09.15 18:26:13.066,0.76681,0.76689,2.25,1.00
2016.09.15 18:26:13.117,0.76682,0.76687,1.00,1.00
2016.09.15 18:26:13.372,0.76683,0.76688,1.12,1.00
2016.09.15 18:26:13.474,0.76683,0.76688,1.00,1.00
2016.09.15 18:26:13.679,0.76681,0.76685,1.25,1.00
2016.09.15 18:26:13.731,0.7668,0.76685,2.81,1.00
2016.09.15 18:26:13.783,0.7668,0.76685,2.62,1.00
2016.09.15 18:26:13.942,0.76682,0.76686,1.00,1.00
2016.09.15 18:26:15.914,0.76682,0.76686,1.00,1.00
2016.09.15 18:26:15.966,0.76681,0.76686,1.00,1.00
2016.09.15 18:26:16.119,0.76681,0.76685,1.00,1.00
2016.09.15 18:26:16.170,0.76679,0.76685,1.12,1.00
2016.09.15 18:26:16.222,0.76679,0.76685,1.37,1.00
2016.09.15 18:26:16.273,0.76679,0.76685,1.00,1.00
2016.09.15 18:26:16.456,0.76681,0.76686,1.00,1.00
2016.09.15 18:26:19.287,0.76682,0.76686,1.00,1.00
2016.09.15 18:26:20.864,0.76682,0.76687,1.00,1.00
2016.09.15 18:26:21.393,0.76683,0.76687,1.00,1.00
2016.09.15 18:26:23.447,0.76682,0.76686,1.00,1.00
2016.09.15 18:26:26.534,0.76682,0.76689,1.50,1.00
2016.09.15 18:26:26.636,0.76682,0.76688,1.37,1.00
2016.09.15 18:26:26.688,0.76684,0.76689,1.00,1.50
2016.09.15 18:26:26.739,0.76684,0.76689,1.00,1.00
2016.09.15 18:26:26.841,0.76684,0.7669,1.00,1.50
2016.09.15 18:26:27.315,0.76684,0.7669,1.12,1.50
2016.09.15 18:26:27.580,0.76684,0.76689,1.12,1.00
2016.09.15 18:26:27.631,0.76684,0.76689,1.00,1.00
2016.09.15 18:26:27.970,0.76685,0.76689,1.00,1.00
2016.09.15 18:26:28.022,0.76687,0.76691,1.00,1.50
2016.09.15 18:26:28.073,0.76685,0.76691,1.00,1.00
2016.09.15 18:26:28.124,0.76685,0.76691,1.12,1.00
2016.09.15 18:26:28.176,0.76685,0.76692,2.25,1.00
2016.09.15 18:26:28.424,0.76686,0.76692,1.00,1.00
2016.09.15 18:26:28.577,0.76685,0.76692,1.87,1.00
2016.09.15 18:26:28.628,0.76685,0.76692,1.50,1.00
2016.09.15 18:26:29.039,0.76685,0.76692,1.50,1.50
2016.09.15 18:26:33.892,0.76688,0.76692,1.00,1.00
2016.09.15 18:26:33.944,0.76685,0.76692,1.87,1.00
2016.09.15 18:26:34.305,0.76686,0.76692,1.12,1.00
2016.09.15 18:26:34.664,0.76686,0.76691,1.00,1.00
2016.09.15 18:26:34.715,0.76684,0.76691,1.87,1.00
2016.09.15 18:26:34.817,0.76686,0.76691,1.00,1.00
2016.09.15 18:26:35.909,0.76683,0.76689,1.27,1.00
2016.09.15 18:26:35.960,0.76683,0.76688,1.20,1.00
2016.09.15 18:26:36.012,0.76682,0.76687,1.87,1.00
2016.09.15 18:26:36.063,0.76681,0.76685,1.20,1.00
2016.09.15 18:26:36.166,0.76681,0.76685,1.00,1.00
2016.09.15 18:26:39.997,0.76682,0.76686,1.00,1.00
2016.09.15 18:26:43.864,0.76681,0.76687,1.00,1.00
2016.09.15 18:26:44.170,0.76681,0.76687,1.00,1.50
2016.09.15 18:26:44.272,0.76679,0.76683,1.00,1.00
2016.09.15 18:26:44.375,0.76679,0.76683,1.00,1.00
2016.09.15 18:26:44.900,0.76679,0.76684,1.00,1.00
2016.09.15 18:26:45.566,0.7668,0.76684,1.00,1.00
2016.09.15 18:26:46.314,0.7668,0.76685,1.00,1.00
2016.09.15 18:26:47.054,0.76678,0.76685,1.87,1.00
2016.09.15 18:26:47.411,0.76678,0.76685,1.95,1.00
2016.09.15 18:26:48.344,0.76678,0.76685,1.57,1.00
2016.09.15 18:26:50.334,0.7668,0.76685,1.00,1.00
2016.09.15 18:26:53.040,0.76678,0.76685,1.87,1.00
2016.09.15 18:26:53.481,0.76678,0.76685,1.12,1.00
2016.09.15 18:26:53.532,0.76677,0.76684,1.87,1.00
2016.09.15 18:26:53.583,0.76677,0.76682,1.12,1.00
2016.09.15 18:26:53.788,0.76677,0.76682,1.87,1.00
2016.09.15 18:26:54.094,0.76677,0.76683,1.12,1.00
2016.09.15 18:26:54.196,0.76676,0.7668,1.12,1.00
2016.09.15 18:26:54.534,0.76676,0.7668,1.00,1.00
2016.09.15 18:26:55.254,0.76675,0.7668,1.00,1.00
2016.09.15 18:26:55.553,0.76675,0.7668,1.12,1.00
2016.09.15 18:26:55.757,0.76675,0.7668,1.12,1.00
2016.09.15 18:26:56.012,0.76674,0.76678,1.12,1.00
2016.09.15 18:26:56.063,0.76673,0.76678,2.06,1.00
2016.09.15 18:26:56.608,0.76673,0.76678,1.87,1.00
2016.09.15 18:26:57.086,0.76673,0.76678,1.50,1.00
2016.09.15 18:26:57.188,0.76673,0.76678,1.00,1.00
2016.09.15 18:26:57.291,0.76674,0.76678,1.12,1.00
2016.09.15 18:26:59.103,0.76675,0.7668,1.00,1.00
2016.09.15 18:27:00.244,0.76675,0.7668,1.00,1.50
2016.09.15 18:27:01.485,0.76675,0.7668,1.00,1.00
2016.09.15 18:27:01.537,0.76675,0.76681,1.00,1.00
2016.09.15 18:27:01.692,0.76675,0.76683,1.00,1.50
2016.09.15 18:27:01.743,0.76675,0.76682,1.00,1.00
2016.09.15 18:27:01.795,0.76675,0.76682,1.50,1.00
2016.09.15 18:27:02.288,0.7668,0.76684,1.00,1.00
2016.09.15 18:27:02.492,0.76679,0.76685,1.00,1.00
2016.09.15 18:27:03.749,0.7668,0.76687,1.00,1.50
2016.09.15 18:27:03.800,0.76679,0.76685,1.00,1.00
2016.09.15 18:27:04.716,0.76678,0.76685,1.00,1.00
2016.09.15 18:27:07.692,0.76679,0.76686,1.50,1.00
2016.09.15 18:27:07.899,0.7668,0.76687,1.00,1.00
2016.09.15 18:27:09.303,0.7668,0.76685,1.00,1.00
2016.09.15 18:27:10.669,0.76676,0.76681,1.50,1.00
2016.09.15 18:27:10.720,0.76675,0.76681,2.77,1.00
2016.09.15 18:27:10.771,0.76675,0.76683,2.02,1.00
2016.09.15 18:27:10.822,0.76676,0.76683,1.00,1.00
2016.09.15 18:27:11.049,0.76678,0.76683,1.00,1.00
2016.09.15 18:27:11.561,0.76678,0.76682,1.00,1.00
2016.09.15 18:27:11.612,0.76677,0.76682,1.00,1.00
2016.09.15 18:27:11.663,0.76677,0.76682,1.00,1.00
2016.09.15 18:27:12.087,0.76679,0.76683,1.00,1.00
2016.09.15 18:27:12.593,0.76678,0.76682,1.00,1.00
2016.09.15 18:27:14.508,0.76677,0.76682,1.00,1.00
2016.09.15 18:27:15.969,0.76677,0.76682,1.00,1.00
2016.09.15 18:27:16.479,0.76677,0.76683,1.00,1.00
2016.09.15 18:27:16.757,0.76677,0.76683,1.12,1.00
2016.09.15 18:27:16.859,0.76677,0.76683,1.00,1.00
2016.09.15 18:27:17.126,0.76677,0.76683,1.47,1.00
2016.09.15 18:27:17.381,0.76677,0.76683,1.95,1.00
2016.09.15 18:27:17.584,0.76677,0.76683,1.47,1.00
2016.09.15 18:27:17.992,0.76677,0.76683,1.20,1.00
2016.09.15 18:27:18.808,0.76677,0.76683,1.10,1.00
2016.09.15 18:27:18.860,0.76677,0.76683,1.00,1.00
2016.09.15 18:27:19.290,0.76676,0.76681,1.10,1.00
2016.09.15 18:27:19.395,0.76674,0.7668,1.20,1.00
2016.09.15 18:27:19.497,0.76673,0.7668,1.57,1.00
2016.09.15 18:27:19.599,0.76676,0.7668,1.00,1.00
2016.09.15 18:27:19.701,0.76673,0.76679,1.10,1.00
2016.09.15 18:27:20.097,0.76673,0.76678,1.20,1.00
2016.09.15 18:27:20.148,0.76673,0.76678,1.95,1.00
2016.09.15 18:27:20.200,0.76673,0.76678,1.20,1.00
2016.09.15 18:27:20.302,0.76673,0.76678,1.12,1.00
2016.09.15 18:27:20.354,0.76672,0.76678,1.62,1.00
2016.09.15 18:27:20.405,0.76672,0.76678,1.37,1.00
2016.09.15 18:27:20.507,0.76672,0.76678,1.00,1.00
2016.09.15 18:27:20.609,0.76671,0.76678,2.06,1.00
2016.09.15 18:27:20.711,0.76673,0.76678,1.00,1.00
2016.09.15 18:27:20.904,0.76671,0.76678,2.06,1.00
2016.09.15 18:27:21.006,0.76672,0.76678,1.00,1.00
2016.09.15 18:27:21.167,0.76672,0.76678,1.00,1.00
2016.09.15 18:27:21.218,0.76671,0.76678,2.06,1.00
2016.09.15 18:27:21.421,0.76671,0.76678,1.87,1.00
2016.09.15 18:27:21.625,0.76673,0.76678,1.00,1.00
2016.09.15 18:27:22.113,0.76673,0.76678,1.00,1.00
2016.09.15 18:27:22.266,0.76673,0.76677,1.00,1.00
2016.09.15 18:27:22.318,0.76672,0.76677,1.37,1.00
2016.09.15 18:27:22.422,0.76672,0.76677,1.50,1.00
2016.09.15 18:27:22.524,0.76673,0.76677,1.00,1.00
2016.09.15 18:27:22.827,0.76673,0.76677,1.00,1.00
2016.09.15 18:27:22.879,0.76673,0.76677,1.12,1.00
2016.09.15 18:27:23.440,0.76674,0.76678,1.00,1.00
2016.09.15 18:27:24.101,0.76674,0.76678,1.12,1.00
2016.09.15 18:27:24.204,0.76674,0.76678,1.00,1.00
2016.09.15 18:27:24.408,0.76672,0.76679,1.57,1.00
2016.09.15 18:27:24.459,0.76672,0.76679,2.32,1.00
2016.09.15 18:27:24.640,0.76673,0.76679,2.25,1.00
2016.09.15 18:27:24.724,0.76674,0.76679,1.00,1.00
2016.09.15 18:27:25.132,0.76674,0.76679,1.50,1.00
2016.09.15 18:27:25.490,0.76674,0.76679,1.00,1.00
2016.09.15 18:27:25.541,0.76674,0.76679,1.50,1.00
2016.09.15 18:27:26.376,0.76674,0.76679,2.25,1.00
2016.09.15 18:27:26.428,0.76674,0.7668,3.00,1.00
2016.09.15 18:27:26.651,0.76674,0.76679,2.25,1.00
2016.09.15 18:27:26.736,0.76674,0.76679,1.50,1.00
2016.09.15 18:27:26.991,0.76674,0.76679,1.57,1.00
2016.09.15 18:27:27.449,0.76674,0.76679,1.50,1.00
2016.09.15 18:27:29.236,0.76674,0.76679,1.00,1.00
2016.09.15 18:27:29.287,0.76674,0.76679,1.00,1.00
2016.09.15 18:27:29.361,0.76673,0.76679,1.12,1.00
2016.09.15 18:27:29.616,0.76673,0.76679,1.87,1.00
2016.09.15 18:27:29.974,0.76673,0.76679,1.12,1.00
2016.09.15 18:27:30.712,0.76672,0.76679,1.87,1.00
2016.09.15 18:27:30.814,0.76673,0.76679,1.12,1.00
2016.09.15 18:27:30.916,0.76672,0.76679,2.62,1.00
2016.09.15 18:27:31.068,0.76673,0.76679,1.12,1.00
2016.09.15 18:27:31.888,0.76673,0.76679,1.00,1.00
2016.09.15 18:27:32.443,0.76674,0.76679,1.00,1.00
2016.09.15 18:27:33.056,0.76673,0.76679,1.00,1.00
2016.09.15 18:27:33.203,0.76672,0.76679,1.00,1.00
2016.09.15 18:27:33.357,0.76672,0.76679,1.50,1.00
2016.09.15 18:27:33.511,0.76672,0.76679,2.25,1.00
2016.09.15 18:27:33.562,0.76672,0.76679,1.50,1.00
2016.09.15 18:27:33.613,0.76672,0.76679,1.87,1.00
2016.09.15 18:27:34.159,0.76672,0.76679,1.37,1.00
2016.09.15 18:27:34.618,0.76672,0.7668,1.00,1.00
2016.09.15 18:27:35.543,0.76673,0.7668,1.00,1.00
2016.09.15 18:27:36.373,0.76671,0.76676,1.00,1.00
2016.09.15 18:27:36.424,0.76669,0.76676,1.00,1.00
2016.09.15 18:27:36.475,0.76669,0.76676,1.00,1.50
2016.09.15 18:27:37.093,0.7667,0.76676,1.00,1.00
2016.09.15 18:27:37.299,0.76668,0.76676,1.00,1.00
2016.09.15 18:27:37.351,0.76669,0.76676,1.00,1.00
2016.09.15 18:27:37.445,0.7667,0.76678,1.00,1.00
2016.09.15 18:27:37.964,0.76671,0.76679,1.00,1.00
2016.09.15 18:27:38.305,0.76671,0.76678,1.00,1.50
2016.09.15 18:27:38.358,0.76671,0.76676,1.00,1.00
2016.09.15 18:27:38.512,0.7667,0.76676,1.00,1.00
2016.09.15 18:27:38.665,0.76671,0.76678,1.00,1.00
2016.09.15 18:27:39.118,0.76671,0.76678,1.00,1.00
2016.09.15 18:27:39.220,0.7667,0.76678,1.00,1.50
2016.09.15 18:27:39.425,0.7667,0.76677,1.00,1.00
2016.09.15 18:27:40.097,0.7667,0.76677,1.00,1.50
2016.09.15 18:27:42.720,0.76667,0.76674,1.00,1.00
2016.09.15 18:27:42.936,0.76668,0.76675,1.50,1.00
2016.09.15 18:27:42.988,0.76669,0.76675,1.50,1.00
2016.09.15 18:27:43.040,0.76669,0.76675,1.12,1.00
2016.09.15 18:27:43.878,0.7667,0.76675,1.00,1.00
2016.09.15 18:27:44.445,0.7667,0.76675,1.37,1.00
2016.09.15 18:27:44.496,0.7667,0.76675,1.37,1.00
2016.09.15 18:27:45.642,0.7667,0.76676,1.37,1.00
2016.09.15 18:27:45.693,0.76671,0.76676,1.12,1.00
2016.09.15 18:27:45.942,0.76671,0.76676,1.00,1.00
2016.09.15 18:27:47.007,0.76671,0.76676,1.00,1.00
2016.09.15 18:27:47.058,0.76671,0.76676,1.12,1.00
2016.09.15 18:27:47.691,0.76671,0.76675,1.12,1.00
2016.09.15 18:27:47.844,0.76671,0.76676,1.00,1.00
2016.09.15 18:27:49.538,0.76671,0.76677,1.00,1.00
2016.09.15 18:27:49.896,0.7667,0.76677,1.50,1.00
2016.09.15 18:27:54.888,0.76671,0.76677,1.00,1.00
2016.09.15 18:27:57.943,0.7667,0.76677,1.87,1.00
2016.09.15 18:27:58.477,0.76671,0.76679,1.00,1.00
2016.09.15 18:27:59.081,0.76671,0.76678,1.00,1.00
2016.09.15 18:27:59.298,0.76669,0.76676,2.25,1.00
2016.09.15 18:27:59.349,0.76671,0.76676,1.12,1.00
2016.09.15 18:27:59.426,0.76672,0.76678,1.00,1.00
2016.09.15 18:28:01.393,0.76671,0.76678,1.50,1.00
2016.09.15 18:28:02.096,0.76672,0.76678,1.00,1.00
2016.09.15 18:28:02.581,0.76674,0.76678,1.00,1.00
2016.09.15 18:28:02.632,0.76674,0.7668,1.00,1.00
2016.09.15 18:28:02.684,0.76673,0.76678,1.00,1.00
2016.09.15 18:28:03.198,0.76673,0.76679,1.00,1.00
2016.09.15 18:28:04.263,0.76675,0.7668,1.00,1.00
2016.09.15 18:28:04.315,0.76674,0.76678,1.00,1.00
2016.09.15 18:28:04.390,0.76672,0.76677,2.25,1.00
2016.09.15 18:28:04.441,0.76672,0.76677,1.50,1.00
2016.09.15 18:28:05.304,0.76672,0.76678,1.00,1.00
2016.09.15 18:28:05.406,0.7667,0.76678,1.50,1.00
2016.09.15 18:28:05.919,0.7667,0.76677,1.50,1.00
2016.09.15 18:28:08.273,0.7667,0.76678,1.50,1.00
2016.09.15 18:28:08.473,0.76671,0.76678,1.00,1.00
2016.09.15 18:28:08.782,0.76671,0.76676,1.00,1.00
2016.09.15 18:28:10.895,0.7667,0.76676,1.00,1.00
2016.09.15 18:28:10.947,0.76675,0.76681,1.00,1.57
2016.09.15 18:28:10.998,0.76677,0.76682,1.00,1.87
2016.09.15 18:28:11.050,0.76676,0.76682,1.00,1.12
2016.09.15 18:28:11.655,0.76677,0.76682,1.00,1.12
2016.09.15 18:28:11.745,0.76677,0.76682,1.00,1.00
2016.09.15 18:28:11.847,0.76679,0.76684,1.00,2.62
2016.09.15 18:28:12.001,0.76679,0.76684,1.00,1.87
2016.09.15 18:28:12.052,0.76679,0.76684,1.00,1.12
2016.09.15 18:28:12.583,0.76678,0.76684,1.00,1.12
2016.09.15 18:28:13.022,0.76674,0.76682,1.57,1.00
2016.09.15 18:28:13.710,0.76675,0.76681,1.00,1.00
2016.09.15 18:28:13.930,0.76674,0.76681,1.10,1.00
2016.09.15 18:28:14.033,0.76676,0.76681,1.00,1.00
2016.09.15 18:28:14.242,0.76674,0.76681,1.57,1.50
2016.09.15 18:28:14.344,0.76674,0.76681,1.10,1.00
2016.09.15 18:28:14.989,0.76673,0.76681,1.87,1.00
2016.09.15 18:28:15.040,0.76673,0.76681,1.00,1.00
2016.09.15 18:28:15.581,0.76673,0.76681,1.00,1.00
2016.09.15 18:28:16.246,0.76674,0.76679,1.00,1.00
2016.09.15 18:28:16.401,0.76673,0.76681,1.00,1.00
2016.09.15 18:28:16.453,0.76675,0.7668,1.00,1.00
2016.09.15 18:28:16.505,0.76674,0.76682,1.00,1.00
2016.09.15 18:28:17.424,0.76674,0.76681,1.00,1.00
2016.09.15 18:28:22.725,0.76673,0.76681,1.50,1.00
2016.09.15 18:28:22.776,0.76673,0.76681,1.50,1.00
2016.09.15 18:28:22.827,0.76674,0.76681,1.00,1.00
2016.09.15 18:28:22.930,0.76673,0.76681,1.50,1.00
2016.09.15 18:28:23.581,0.76674,0.76679,1.00,1.00
2016.09.15 18:28:24.240,0.76673,0.76679,1.00,1.00
2016.09.15 18:28:24.713,0.76673,0.76679,1.50,1.00
2016.09.15 18:28:24.764,0.76674,0.76678,1.00,1.00
2016.09.15 18:28:24.816,0.76674,0.76678,1.00,1.00
2016.09.15 18:28:24.867,0.76673,0.76678,1.50,1.00
2016.09.15 18:28:24.918,0.76673,0.76679,1.00,1.00
2016.09.15 18:28:25.020,0.76672,0.76679,1.00,1.00
2016.09.15 18:28:25.122,0.76674,0.76679,1.00,1.00
2016.09.15 18:28:26.086,0.76673,0.76679,1.00,1.00
2016.09.15 18:28:26.547,0.76675,0.76679,1.00,1.00
2016.09.15 18:28:26.649,0.76673,0.76679,1.00,1.00
2016.09.15 18:28:27.949,0.76674,0.76679,1.00,1.00
2016.09.15 18:28:28.761,0.76673,0.76679,1.00,1.00
2016.09.15 18:28:28.966,0.76673,0.76679,1.12,1.00
2016.09.15 18:28:29.069,0.76674,0.76679,1.00,1.00
2016.09.15 18:28:30.065,0.76672,0.76679,1.00,1.00
2016.09.15 18:28:30.450,0.76672,0.76679,1.50,1.00
2016.09.15 18:28:31.006,0.76672,0.76678,1.00,1.00
2016.09.15 18:28:31.260,0.76671,0.76678,2.62,1.00
2016.09.15 18:28:31.983,0.76671,0.76678,3.00,1.00
2016.09.15 18:28:32.136,0.76672,0.76678,1.00,1.00
2016.09.15 18:28:32.403,0.76672,0.76678,1.12,1.00
2016.09.15 18:28:32.880,0.76673,0.76678,1.00,1.00
2016.09.15 18:28:33.043,0.76672,0.76678,1.87,1.00
2016.09.15 18:28:33.520,0.76672,0.76678,1.00,1.00
2016.09.15 18:28:33.622,0.76672,0.76678,1.00,1.00
2016.09.15 18:28:34.019,0.76672,0.76679,1.00,1.00
2016.09.15 18:28:34.070,0.76671,0.76679,2.25,1.00
2016.09.15 18:28:34.334,0.76673,0.76678,1.00,1.00
2016.09.15 18:28:34.487,0.76674,0.76678,1.00,1.00
2016.09.15 18:28:35.154,0.76675,0.76682,1.00,1.00
2016.09.15 18:28:35.307,0.76679,0.76685,1.12,1.00
2016.09.15 18:28:35.358,0.76679,0.76685,1.87,1.00
2016.09.15 18:28:35.460,0.76679,0.76685,1.12,1.00
2016.09.15 18:28:35.511,0.76678,0.76685,3.15,1.00
2016.09.15 18:28:35.701,0.76678,0.76684,1.57,1.00
2016.09.15 18:28:35.955,0.76678,0.76684,1.10,1.00
2016.09.15 18:28:36.274,0.76677,0.76684,2.70,1.00
2016.09.15 18:28:36.478,0.76677,0.76684,3.45,1.00
2016.09.15 18:28:36.969,0.76677,0.76684,3.07,1.00
2016.09.15 18:28:37.325,0.76677,0.76684,3.82,1.00
2016.09.15 18:28:37.377,0.76677,0.76684,3.07,1.00
2016.09.15 18:28:37.428,0.76677,0.76684,3.45,1.00
2016.09.15 18:28:37.479,0.76677,0.76684,2.70,1.00
2016.09.15 18:28:37.530,0.76677,0.76684,2.32,1.00
2016.09.15 18:28:37.581,0.76677,0.76684,1.57,1.00
2016.09.15 18:28:37.971,0.76676,0.76683,3.37,1.00
2016.09.15 18:28:38.025,0.76676,0.7668,1.12,1.00
2016.09.15 18:28:38.076,0.76675,0.7668,1.37,1.00
2016.09.15 18:28:38.128,0.76674,0.76678,1.95,1.00
2016.09.15 18:28:38.180,0.76674,0.76679,1.37,1.00
2016.09.15 18:28:38.232,0.76671,0.76676,1.37,1.50
2016.09.15 18:28:38.285,0.76667,0.76672,2.44,1.00
2016.09.15 18:28:38.336,0.76666,0.76672,2.06,1.00
2016.09.15 18:28:38.388,0.76666,0.76672,1.19,1.00
2016.09.15 18:28:38.439,0.76666,0.76672,1.00,1.00
2016.09.15 18:28:38.490,0.76666,0.76671,1.00,1.00
2016.09.15 18:28:38.691,0.76666,0.76671,1.00,1.00
2016.09.15 18:28:38.794,0.76666,0.76671,1.00,1.00
2016.09.15 18:28:39.107,0.76666,0.76674,1.00,1.00
2016.09.15 18:28:39.159,0.76667,0.76674,1.00,1.00
2016.09.15 18:28:39.210,0.76667,0.76674,1.12,1.00
2016.09.15 18:28:39.261,0.76668,0.76673,1.00,1.00
2016.09.15 18:28:39.363,0.76666,0.76673,1.50,1.00
2016.09.15 18:28:39.654,0.76665,0.76671,1.00,1.00
2016.09.15 18:28:39.859,0.76665,0.7667,1.50,1.00
2016.09.15 18:28:39.961,0.76665,0.76671,1.00,1.00
2016.09.15 18:28:40.364,0.76664,0.76671,1.00,1.00
2016.09.15 18:28:40.415,0.76666,0.76671,1.00,1.00
2016.09.15 18:28:40.568,0.76666,0.76671,1.00,1.00
2016.09.15 18:28:40.823,0.76666,0.76671,1.00,1.00
2016.09.15 18:28:41.421,0.76666,0.76671,1.00,1.00
2016.09.15 18:28:41.472,0.76666,0.76673,1.00,1.00
2016.09.15 18:28:41.524,0.76666,0.76673,1.00,1.00
2016.09.15 18:28:41.575,0.76667,0.76673,1.00,1.00
2016.09.15 18:28:41.627,0.76667,0.76673,1.00,1.00
2016.09.15 18:28:41.724,0.76667,0.76673,1.12,1.00
2016.09.15 18:28:41.826,0.76667,0.76673,1.12,1.00
2016.09.15 18:28:42.135,0.76665,0.76672,1.50,1.00
2016.09.15 18:28:42.237,0.76665,0.76672,1.00,1.00
2016.09.15 18:28:42.888,0.76665,0.76671,1.00,1.00
2016.09.15 18:28:44.881,0.76665,0.7667,1.50,1.00
2016.09.15 18:28:45.446,0.76665,0.7667,1.00,1.00
2016.09.15 18:28:46.187,0.76663,0.7667,1.69,1.00
2016.09.15 18:28:46.492,0.76663,0.7667,2.06,1.00
2016.09.15 18:28:46.723,0.76663,0.7667,2.44,1.00
2016.09.15 18:28:46.886,0.76664,0.76671,1.00,1.00
2016.09.15 18:28:46.938,0.76664,0.76671,1.37,1.00
2016.09.15 18:28:46.989,0.76663,0.76671,2.81,1.00
2016.09.15 18:28:47.091,0.76664,0.76672,1.75,1.00
2016.09.15 18:28:47.354,0.76664,0.76672,2.25,1.00
2016.09.15 18:28:48.692,0.76665,0.76672,1.12,1.00
2016.09.15 18:28:49.212,0.76665,0.7667,1.87,1.00
2016.09.15 18:28:49.263,0.76665,0.7667,1.12,1.00
2016.09.15 18:28:49.314,0.76664,0.7667,2.25,1.00
2016.09.15 18:28:49.365,0.76664,0.7667,1.87,1.00
2016.09.15 18:28:49.416,0.76665,0.7667,1.00,1.00
2016.09.15 18:28:49.515,0.76665,0.76671,1.12,1.00
2016.09.15 18:28:49.618,0.76664,0.76671,1.87,1.00
2016.09.15 18:28:49.800,0.76664,0.76671,1.50,1.00
2016.09.15 18:28:50.300,0.76666,0.7667,1.00,1.00
2016.09.15 18:28:50.503,0.76664,0.7667,1.50,1.00
2016.09.15 18:28:51.027,0.76665,0.7667,1.00,1.00
2016.09.15 18:28:51.537,0.76665,0.76671,1.00,1.00
2016.09.15 18:28:55.000,0.76664,0.76671,1.12,1.00
2016.09.15 18:28:56.075,0.76664,0.76671,1.00,1.00
2016.09.15 18:28:59.403,0.76665,0.76671,1.00,1.00
2016.09.15 18:29:00.231,0.76665,0.76672,1.00,1.00
2016.09.15 18:29:01.310,0.76665,0.76672,1.87,1.00
2016.09.15 18:29:04.259,0.76665,0.76672,1.50,1.00
2016.09.15 18:29:04.310,0.76667,0.76673,1.00,1.00
2016.09.15 18:29:04.616,0.76664,0.76669,1.00,1.00
2016.09.15 18:29:04.718,0.76663,0.7667,1.00,1.00
2016.09.15 18:29:04.769,0.76662,0.76668,1.00,1.00
2016.09.15 18:29:05.004,0.76659,0.76666,1.37,1.00
2016.09.15 18:29:05.158,0.76659,0.76666,1.87,1.00
2016.09.15 18:29:05.260,0.76662,0.76667,1.00,1.00
2016.09.15 18:29:05.312,0.76661,0.76669,1.00,1.50
2016.09.15 18:29:05.363,0.76662,0.76669,1.00,1.00
2016.09.15 18:29:05.415,0.76661,0.76669,1.50,1.00
2016.09.15 18:29:05.517,0.76661,0.76669,2.25,1.00
2016.09.15 18:29:05.839,0.76661,0.76669,1.87,1.00
2016.09.15 18:29:05.891,0.76662,0.76669,1.00,1.00
2016.09.15 18:29:05.943,0.76662,0.76669,1.12,1.00
2016.09.15 18:29:06.046,0.76662,0.76669,1.00,1.00
2016.09.15 18:29:06.573,0.76663,0.76669,1.00,1.00
2016.09.15 18:29:06.731,0.76664,0.76669,1.00,1.00
2016.09.15 18:29:07.979,0.76663,0.76669,1.50,1.00
2016.09.15 18:29:08.168,0.76663,0.7667,1.87,1.00
2016.09.15 18:29:08.219,0.76665,0.76671,1.00,1.00
2016.09.15 18:29:08.271,0.76667,0.76672,1.00,1.00
2016.09.15 18:29:08.322,0.76666,0.76674,2.06,2.25
2016.09.15 18:29:08.374,0.76666,0.76674,2.06,2.25
2016.09.15 18:29:08.527,0.76666,0.76674,2.06,1.50
2016.09.15 18:29:08.578,0.76669,0.76674,1.00,2.25
2016.09.15 18:29:08.795,0.76667,0.76674,1.00,1.50
2016.09.15 18:29:08.846,0.76667,0.76675,1.50,1.00
2016.09.15 18:29:08.949,0.76668,0.76674,1.00,1.00
2016.09.15 18:29:09.051,0.76669,0.76676,1.00,1.00
2016.09.15 18:29:09.559,0.7667,0.76677,1.00,1.00
2016.09.15 18:29:09.822,0.7667,0.76677,1.50,1.00
2016.09.15 18:29:10.150,0.7667,0.76677,1.00,1.00
2016.09.15 18:29:10.202,0.7667,0.76675,1.00,1.00
2016.09.15 18:29:10.748,0.7667,0.76677,1.00,1.50
2016.09.15 18:29:10.850,0.76671,0.76677,1.00,1.00
2016.09.15 18:29:11.589,0.76671,0.76677,1.00,1.50
2016.09.15 18:29:11.640,0.76671,0.76677,1.00,2.25
2016.09.15 18:29:11.743,0.76671,0.76677,1.00,1.50
2016.09.15 18:29:13.113,0.76669,0.76677,1.00,2.25
2016.09.15 18:29:13.164,0.76669,0.76676,1.00,1.00
2016.09.15 18:29:13.694,0.76669,0.76675,1.00,1.00
2016.09.15 18:29:14.755,0.76668,0.76675,1.00,1.00
2016.09.15 18:29:15.522,0.76669,0.76674,1.00,1.00
2016.09.15 18:29:21.503,0.76666,0.76673,1.00,1.00
2016.09.15 18:29:21.554,0.76665,0.76673,1.12,1.50
2016.09.15 18:29:21.605,0.76665,0.76673,1.00,1.50
2016.09.15 18:29:21.708,0.76665,0.76673,1.12,1.50
2016.09.15 18:29:21.760,0.76665,0.76671,1.00,1.00
2016.09.15 18:29:22.682,0.76667,0.76671,1.00,1.00
2016.09.15 18:29:22.784,0.76667,0.76673,1.00,1.00
2016.09.15 18:29:23.530,0.76664,0.76672,1.87,1.00
2016.09.15 18:29:24.510,0.76664,0.76672,1.50,1.00
2016.09.15 18:29:24.562,0.76664,0.76672,1.12,1.00
2016.09.15 18:29:24.994,0.76666,0.76673,1.00,1.00
2016.09.15 18:29:25.095,0.76666,0.76673,1.00,1.50
2016.09.15 18:29:25.338,0.76668,0.76673,1.00,1.00
2016.09.15 18:29:26.050,0.76668,0.76674,1.00,1.50
2016.09.15 18:29:26.277,0.76666,0.76674,1.50,1.50
2016.09.15 18:29:29.335,0.7667,0.76674,1.00,1.00
2016.09.15 18:29:29.386,0.7667,0.76676,1.00,1.10
2016.09.15 18:29:29.438,0.7667,0.76677,1.00,1.12
2016.09.15 18:29:29.510,0.7667,0.76677,1.00,1.00
2016.09.15 18:29:29.712,0.76671,0.76679,1.00,1.50
2016.09.15 18:29:29.795,0.76671,0.76679,1.50,1.50
2016.09.15 18:29:30.159,0.76673,0.76678,1.00,1.00
2016.09.15 18:29:30.261,0.76671,0.76679,1.50,1.50
2016.09.15 18:29:30.363,0.76671,0.76678,1.00,1.00
2016.09.15 18:29:32.736,0.76671,0.76676,1.00,1.00
2016.09.15 18:29:33.246,0.7667,0.76676,1.00,1.00
2016.09.15 18:29:38.585,0.76671,0.76678,1.00,2.25
2016.09.15 18:29:38.688,0.76671,0.76678,1.00,1.50
2016.09.15 18:29:40.245,0.7667,0.76678,1.00,1.50
2016.09.15 18:29:40.296,0.7667,0.76677,1.00,1.00
2016.09.15 18:29:40.499,0.7667,0.76677,1.00,1.50
2016.09.15 18:29:40.601,0.7667,0.76677,1.00,1.00
2016.09.15 18:29:41.494,0.76671,0.76678,1.00,1.00
2016.09.15 18:29:42.004,0.76672,0.76677,1.00,1.00
2016.09.15 18:29:43.041,0.76672,0.76678,1.00,1.00
2016.09.15 18:29:43.093,0.76673,0.76681,1.00,1.50
2016.09.15 18:29:43.144,0.76675,0.76681,1.00,1.00
2016.09.15 18:29:43.368,0.76674,0.76682,1.00,1.50
2016.09.15 18:29:43.728,0.76674,0.76682,1.50,1.50
2016.09.15 18:29:43.789,0.76674,0.76681,1.00,1.00
2016.09.15 18:29:44.575,0.76675,0.76681,1.00,1.00
2016.09.15 18:29:44.790,0.76675,0.76682,1.00,1.50
2016.09.15 18:29:45.517,0.76675,0.76681,1.00,1.00
2016.09.15 18:29:45.920,0.76675,0.76682,1.00,1.50
2016.09.15 18:29:46.125,0.76673,0.7668,1.00,1.00
2016.09.15 18:29:46.473,0.76674,0.76681,1.00,1.50
2016.09.15 18:29:46.525,0.76675,0.76681,1.00,1.00
2016.09.15 18:29:46.628,0.76675,0.76683,1.50,1.50
2016.09.15 18:29:46.860,0.76677,0.76682,1.00,1.00
2016.09.15 18:29:47.712,0.76677,0.76683,1.00,1.50
2016.09.15 18:29:48.502,0.76677,0.76685,1.00,1.50
2016.09.15 18:29:48.605,0.76679,0.76684,1.00,1.00
2016.09.15 18:29:48.913,0.76679,0.76686,1.00,1.00
2016.09.15 18:29:51.541,0.76675,0.76682,2.62,1.00
2016.09.15 18:29:51.643,0.76677,0.76682,1.00,1.00
2016.09.15 18:29:52.160,0.76677,0.76683,1.00,1.00
2016.09.15 18:29:52.572,0.76677,0.76683,1.12,1.00
2016.09.15 18:29:52.776,0.76677,0.76681,1.12,1.00
2016.09.15 18:29:53.159,0.76677,0.76682,1.00,1.00
2016.09.15 18:29:55.269,0.76676,0.76682,1.00,1.00
2016.09.15 18:29:56.002,0.76676,0.76681,1.00,1.00
2016.09.15 18:29:57.158,0.76675,0.7668,1.12,1.00
2016.09.15 18:29:57.210,0.76675,0.76679,1.00,1.00
2016.09.15 18:29:57.312,0.76673,0.76678,1.12,1.00
2016.09.15 18:29:57.363,0.76673,0.76677,1.00,1.00
2016.09.15 18:29:57.516,0.76673,0.76678,1.12,1.00
2016.09.15 18:29:57.720,0.76673,0.76678,1.87,1.00
2016.09.15 18:29:58.051,0.76673,0.76679,1.12,1.00
2016.09.15 18:29:58.255,0.76674,0.76678,1.00,1.00
2016.09.15 18:29:58.509,0.76674,0.76679,1.12,1.00
2016.09.15 18:29:58.560,0.76672,0.76679,3.75,1.00
2016.09.15 18:29:58.612,0.76672,0.76679,3.00,1.00
2016.09.15 18:29:58.663,0.76673,0.76679,1.12,1.00
2016.09.15 18:29:58.973,0.76673,0.76678,1.37,1.00
2016.09.15 18:29:59.279,0.76672,0.76678,2.25,1.00
2016.09.15 18:29:59.738,0.76672,0.76678,1.87,1.00
2016.09.15 18:30:00.169,0.76672,0.76678,1.37,1.00
2016.09.15 18:30:00.271,0.76674,0.76678,1.00,1.00
2016.09.15 18:30:00.680,0.76674,0.76679,1.50,1.00
2016.09.15 18:30:00.731,0.76674,0.76679,1.87,1.00
2016.09.15 18:30:00.834,0.76674,0.76679,1.37,1.00
2016.09.15 18:30:01.494,0.76674,0.76681,1.87,1.00
2016.09.15 18:30:01.547,0.76676,0.76681,1.00,1.00
2016.09.15 18:30:01.598,0.76676,0.76681,1.00,1.00
2016.09.15 18:30:01.752,0.76675,0.76681,3.00,1.00
2016.09.15 18:30:01.938,0.76675,0.7668,1.87,1.00
2016.09.15 18:30:01.990,0.76675,0.7668,1.37,1.00
2016.09.15 18:30:02.519,0.76675,0.76681,1.37,1.00
2016.09.15 18:30:03.508,0.76675,0.76681,1.37,1.00
2016.09.15 18:30:03.560,0.76674,0.76681,2.62,1.00
2016.09.15 18:30:03.612,0.76675,0.76681,1.00,1.00
2016.09.15 18:30:03.665,0.76675,0.76681,1.12,1.00
2016.09.15 18:30:03.717,0.76675,0.76681,1.50,1.00
2016.09.15 18:30:03.963,0.76676,0.76681,1.37,1.00
2016.09.15 18:30:04.953,0.76676,0.76682,1.50,1.00
2016.09.15 18:30:05.004,0.76678,0.76682,1.12,1.00
2016.09.15 18:30:05.056,0.76675,0.76682,1.37,1.00
2016.09.15 18:30:05.413,0.76675,0.76682,1.87,1.00
2016.09.15 18:30:05.515,0.76676,0.76682,1.12,1.00
2016.09.15 18:30:05.566,0.76676,0.76682,1.87,1.00
2016.09.15 18:30:05.816,0.76676,0.76681,1.12,1.00
2016.09.15 18:30:10.091,0.76675,0.76681,1.37,1.00
2016.09.15 18:30:11.241,0.76675,0.76681,1.12,1.00
2016.09.15 18:30:11.571,0.76676,0.76681,1.00,1.00
2016.09.15 18:30:11.623,0.76676,0.76682,1.12,1.00
2016.09.15 18:30:11.838,0.76676,0.76682,1.50,1.00
2016.09.15 18:30:11.949,0.76676,0.76682,1.12,1.00
2016.09.15 18:30:13.426,0.76676,0.76682,1.12,1.00
2016.09.15 18:30:13.579,0.76677,0.76682,1.00,1.00
2016.09.15 18:30:13.630,0.76677,0.76682,1.37,1.00
2016.09.15 18:30:13.681,0.76678,0.76682,1.12,1.00
2016.09.15 18:30:13.732,0.76678,0.76683,1.37,1.00
2016.09.15 18:30:13.783,0.76679,0.76683,1.12,1.00
2016.09.15 18:30:13.834,0.76679,0.76683,1.00,1.00
2016.09.15 18:30:14.044,0.76679,0.76684,1.00,1.00
2016.09.15 18:30:14.670,0.76679,0.76685,1.00,1.00
2016.09.15 18:30:14.878,0.76679,0.76685,1.50,1.00
2016.09.15 18:30:14.931,0.7668,0.76685,1.37,1.00
2016.09.15 18:30:15.084,0.76678,0.76684,1.75,1.00
2016.09.15 18:30:15.135,0.76677,0.76684,1.87,1.00
2016.09.15 18:30:15.238,0.76677,0.76682,2.62,1.00
2016.09.15 18:30:15.289,0.76677,0.76682,1.50,1.00
2016.09.15 18:30:15.595,0.76678,0.76682,1.00,1.00
2016.09.15 18:30:16.869,0.76677,0.76682,1.00,1.00
2016.09.15 18:30:17.175,0.76675,0.76681,2.25,1.00
2016.09.15 18:30:17.277,0.76674,0.76679,2.62,1.00
2016.09.15 18:30:17.328,0.76674,0.76678,1.00,1.00
2016.09.15 18:30:17.431,0.76675,0.76682,1.12,1.00
2016.09.15 18:30:17.482,0.76675,0.76682,1.12,1.00
2016.09.15 18:30:17.533,0.76676,0.7668,1.00,1.00
2016.09.15 18:30:17.777,0.76677,0.76681,1.00,1.00
2016.09.15 18:30:17.828,0.76676,0.7668,1.00,1.00
2016.09.15 18:30:18.440,0.76677,0.76682,1.00,1.00
2016.09.15 18:30:18.960,0.76677,0.76681,1.00,1.00
2016.09.15 18:30:19.387,0.76675,0.76681,1.00,1.00
2016.09.15 18:30:19.913,0.76676,0.76681,1.00,1.00
2016.09.15 18:30:20.015,0.76678,0.76682,1.00,1.00
2016.09.15 18:30:20.067,0.76678,0.76682,1.00,1.00
2016.09.15 18:30:20.375,0.76678,0.76683,1.50,1.00
2016.09.15 18:30:21.003,0.76679,0.76683,1.12,1.00
2016.09.15 18:30:21.083,0.76678,0.76682,1.50,1.00
2016.09.15 18:30:21.135,0.76677,0.76681,1.00,1.00
2016.09.15 18:30:21.339,0.76677,0.76681,1.00,1.00
2016.09.15 18:30:21.443,0.76673,0.76678,2.25,1.00
2016.09.15 18:30:21.496,0.76673,0.76678,1.50,1.00
2016.09.15 18:30:21.677,0.76679,0.76683,1.00,1.00
2016.09.15 18:30:21.757,0.7668,0.76684,1.00,1.00
2016.09.15 18:30:21.808,0.76679,0.76684,2.25,1.00
2016.09.15 18:30:21.859,0.76682,0.76686,1.00,1.00
2016.09.15 18:30:21.910,0.76681,0.76685,1.00,1.00
2016.09.15 18:30:22.492,0.7668,0.76685,2.25,1.00
2016.09.15 18:30:22.544,0.76684,0.76688,1.00,1.00
2016.09.15 18:30:23.058,0.76683,0.76687,1.00,1.00
2016.09.15 18:30:25.279,0.7668,0.76684,1.00,1.00
2016.09.15 18:30:25.483,0.7668,0.76684,1.50,1.00
2016.09.15 18:30:25.534,0.76683,0.76687,1.00,1.00
2016.09.15 18:30:26.453,0.7668,0.76684,1.50,1.00
2016.09.15 18:30:27.082,0.76681,0.76689,1.50,1.00
2016.09.15 18:30:27.134,0.76687,0.76692,1.00,2.70
2016.09.15 18:30:27.185,0.76688,0.76692,1.00,1.10
2016.09.15 18:30:27.237,0.76687,0.76691,1.00,1.00
2016.09.15 18:30:27.288,0.76684,0.7669,2.25,1.00
2016.09.15 18:30:27.392,0.76686,0.7669,1.00,1.50
2016.09.15 18:30:27.443,0.76684,0.76688,1.50,1.00
2016.09.15 18:30:27.495,0.76683,0.76687,1.00,1.00
2016.09.15 18:30:27.547,0.76682,0.76687,1.50,1.00
2016.09.15 18:30:27.801,0.76682,0.76687,1.00,1.00
2016.09.15 18:30:28.005,0.7668,0.76687,1.12,1.00
2016.09.15 18:30:28.057,0.7668,0.76687,1.87,1.00
2016.09.15 18:30:28.109,0.7668,0.76684,1.00,1.00
2016.09.15 18:30:28.365,0.76678,0.76682,1.00,1.00
2016.09.15 18:30:28.468,0.76676,0.76682,1.37,1.00
2016.09.15 18:30:28.647,0.76676,0.76682,1.37,1.00
2016.09.15 18:30:28.699,0.76675,0.76679,1.00,1.00
2016.09.15 18:30:28.750,0.76673,0.76678,1.12,1.00
2016.09.15 18:30:28.853,0.76674,0.76679,1.00,1.00
2016.09.15 18:30:28.956,0.76674,0.76679,1.50,1.00
2016.09.15 18:30:29.263,0.76674,0.76681,1.50,1.00
2016.09.15 18:30:29.427,0.76677,0.76681,1.00,1.00
2016.09.15 18:30:29.479,0.76677,0.76683,1.50,1.00
2016.09.15 18:30:29.531,0.76677,0.76683,1.00,1.00
2016.09.15 18:30:29.583,0.7668,0.76684,1.00,1.00
2016.09.15 18:30:29.838,0.7668,0.76686,1.00,1.00
2016.09.15 18:30:30.071,0.7668,0.76684,1.50,1.00
2016.09.15 18:30:30.174,0.76682,0.76686,1.00,1.00
2016.09.15 18:30:30.484,0.7668,0.76684,1.00,1.00
2016.09.15 18:30:30.547,0.76679,0.76684,1.00,1.00
2016.09.15 18:30:30.650,0.76679,0.76684,1.00,1.00
2016.09.15 18:30:31.028,0.76678,0.76683,1.00,1.00
2016.09.15 18:30:31.537,0.76678,0.76682,1.00,1.00
2016.09.15 18:30:32.057,0.76678,0.76683,1.50,1.00
2016.09.15 18:30:33.557,0.76678,0.76683,1.00,1.00
2016.09.15 18:30:33.761,0.76677,0.76682,2.25,1.00
2016.09.15 18:30:33.864,0.76679,0.76683,1.00,1.00
2016.09.15 18:30:34.125,0.76678,0.76682,1.00,1.00
2016.09.15 18:30:34.329,0.76678,0.76682,1.50,1.00
2016.09.15 18:30:34.381,0.76679,0.76687,1.00,1.00
2016.09.15 18:30:34.484,0.76684,0.76688,1.00,1.00
2016.09.15 18:30:35.035,0.76683,0.76687,1.00,1.00
2016.09.15 18:30:35.137,0.76679,0.76686,3.82,1.00
2016.09.15 18:30:35.190,0.76679,0.76685,2.70,1.00
2016.09.15 18:30:35.241,0.7668,0.76685,1.10,1.00
2016.09.15 18:30:35.292,0.7668,0.76684,1.00,1.00
2016.09.15 18:30:35.447,0.7668,0.76685,1.00,1.00
2016.09.15 18:30:35.698,0.76681,0.76685,1.00,1.00
2016.09.15 18:30:35.912,0.76679,0.76685,1.87,1.00
2016.09.15 18:30:36.014,0.76679,0.76685,1.50,1.00
2016.09.15 18:30:36.116,0.76679,0.76685,1.00,1.00
2016.09.15 18:30:36.320,0.7668,0.76685,1.00,1.00
2016.09.15 18:30:36.371,0.76679,0.76684,1.50,1.00
2016.09.15 18:30:36.422,0.76681,0.76685,1.00,1.00
2016.09.15 18:30:36.954,0.76679,0.76684,1.50,1.00
2016.09.15 18:30:37.055,0.76679,0.76683,1.00,1.00
2016.09.15 18:30:38.761,0.7668,0.76684,1.00,1.00
2016.09.15 18:30:39.319,0.76679,0.76683,1.50,1.00
2016.09.15 18:30:39.883,0.76679,0.76685,1.50,1.00
2016.09.15 18:30:39.936,0.7668,0.76685,1.00,1.00
2016.09.15 18:30:40.344,0.76682,0.76686,1.00,1.00
2016.09.15 18:30:41.042,0.76681,0.76685,1.50,1.00
2016.09.15 18:30:41.450,0.76683,0.76687,1.50,1.00
2016.09.15 18:30:41.553,0.76682,0.76687,1.00,1.00
2016.09.15 18:30:41.951,0.76684,0.76688,1.00,1.00
2016.09.15 18:30:42.002,0.76681,0.76686,1.50,1.00
2016.09.15 18:30:42.053,0.76681,0.76685,1.00,1.00
2016.09.15 18:30:42.104,0.76681,0.76685,1.00,1.00
2016.09.15 18:30:42.155,0.76684,0.76688,1.00,1.00
2016.09.15 18:30:42.460,0.76682,0.76686,1.50,1.00
2016.09.15 18:30:42.827,0.76681,0.76685,1.00,1.00
2016.09.15 18:30:42.878,0.76681,0.76685,1.00,1.00
2016.09.15 18:30:43.031,0.76681,0.76685,1.50,1.00
2016.09.15 18:30:43.337,0.76684,0.76688,1.00,1.00
2016.09.15 18:30:43.860,0.76683,0.76687,1.00,1.00
2016.09.15 18:30:45.661,0.76683,0.76687,1.50,1.00
2016.09.15 18:30:49.449,0.76683,0.76687,1.00,1.00
2016.09.15 18:30:49.891,0.76685,0.76689,1.00,1.00
2016.09.15 18:30:49.965,0.76685,0.76691,1.00,1.00
2016.09.15 18:30:50.069,0.76687,0.76691,1.00,1.00
2016.09.15 18:30:50.171,0.76685,0.76694,1.50,1.00
2016.09.15 18:30:50.224,0.76685,0.76691,1.00,1.00
2016.09.15 18:30:50.276,0.76688,0.76692,1.00,1.00
2016.09.15 18:30:50.672,0.76686,0.7669,1.00,1.00
2016.09.15 18:30:50.775,0.76686,0.7669,1.00,1.00
2016.09.15 18:30:50.826,0.76687,0.76692,1.00,1.00
2016.09.15 18:30:50.928,0.76687,0.76691,1.00,1.00
2016.09.15 18:30:50.979,0.76688,0.76693,1.00,1.00
2016.09.15 18:30:51.133,0.76687,0.76691,1.00,1.00
2016.09.15 18:30:51.443,0.76687,0.76693,1.00,1.00
2016.09.15 18:30:52.162,0.76686,0.76692,1.50,1.00
2016.09.15 18:30:52.349,0.76686,0.76691,1.00,1.00
2016.09.15 18:30:52.401,0.76685,0.7669,1.37,1.00
2016.09.15 18:30:53.440,0.76685,0.7669,1.00,1.00
2016.09.15 18:30:55.204,0.76687,0.76691,1.00,1.00
2016.09.15 18:30:56.659,0.76686,0.7669,1.00,1.00
2016.09.15 18:31:01.838,0.76685,0.76689,1.00,1.00
2016.09.15 18:31:02.376,0.76686,0.7669,1.00,1.00
2016.09.15 18:31:04.276,0.76683,0.7669,1.12,1.00
2016.09.15 18:31:04.378,0.76683,0.76688,1.00,1.00
2016.09.15 18:31:04.895,0.76683,0.76688,1.00,1.00
2016.09.15 18:31:07.790,0.76683,0.76688,1.12,1.00
2016.09.15 18:31:09.222,0.76682,0.76688,1.37,1.00
2016.09.15 18:31:09.274,0.76682,0.76688,1.12,1.00
2016.09.15 18:31:09.478,0.76682,0.76688,1.12,1.00
2016.09.15 18:31:10.157,0.76682,0.76687,1.00,1.00
2016.09.15 18:31:10.715,0.76682,0.76686,1.00,1.00
2016.09.15 18:31:10.980,0.76682,0.76688,1.00,1.00
2016.09.15 18:31:11.307,0.76682,0.76686,1.00,1.00
2016.09.15 18:31:11.727,0.76681,0.76686,1.31,1.00
2016.09.15 18:31:13.075,0.76681,0.76686,1.62,1.00
2016.09.15 18:31:13.581,0.76681,0.76688,1.62,1.00
2016.09.15 18:31:13.632,0.76683,0.76688,1.00,1.00
2016.09.15 18:31:14.197,0.76683,0.76687,1.00,1.00
2016.09.15 18:31:14.248,0.76682,0.76687,1.12,1.00
2016.09.15 18:31:14.350,0.76682,0.76687,1.12,1.00
2016.09.15 18:31:15.124,0.7668,0.76687,3.56,1.00
2016.09.15 18:31:15.176,0.7668,0.76687,2.44,1.00
2016.09.15 18:31:15.378,0.76681,0.76687,1.00,1.00
2016.09.15 18:31:16.503,0.76681,0.76688,1.00,1.00
2016.09.15 18:31:16.968,0.76681,0.76688,1.00,1.00
2016.09.15 18:31:18.747,0.76681,0.76687,1.00,1.00
2016.09.15 18:31:18.900,0.76681,0.76687,1.12,1.00
2016.09.15 18:31:20.129,0.76681,0.76687,1.00,1.00
2016.09.15 18:31:20.708,0.76682,0.76687,1.00,1.00
2016.09.15 18:31:20.812,0.76682,0.76689,1.00,1.00
2016.09.15 18:31:22.459,0.76682,0.76689,1.12,1.00
2016.09.15 18:31:22.510,0.76683,0.76688,1.50,1.00
2016.09.15 18:31:22.562,0.76683,0.7669,1.00,1.00
2016.09.15 18:31:23.610,0.76686,0.7669,1.00,1.00
2016.09.15 18:31:23.662,0.76686,0.76692,1.00,1.00
2016.09.15 18:31:23.713,0.76688,0.76692,1.00,1.00
2016.09.15 18:31:24.250,0.76686,0.76693,1.12,1.00
2016.09.15 18:31:25.075,0.76686,0.76693,1.00,1.00
2016.09.15 18:31:25.587,0.76687,0.76693,1.00,1.00
2016.09.15 18:31:26.954,0.76687,0.76692,1.00,1.00
2016.09.15 18:31:28.329,0.76685,0.7669,1.00,1.00
2016.09.15 18:31:28.380,0.76684,0.7669,1.00,1.00
2016.09.15 18:31:29.457,0.76686,0.76691,1.00,1.00
2016.09.15 18:31:31.161,0.76685,0.76691,1.12,1.00
2016.09.15 18:31:31.316,0.76685,0.7669,1.00,1.00
2016.09.15 18:31:32.559,0.76685,0.76689,1.00,1.00
2016.09.15 18:31:33.103,0.76685,0.7669,1.00,1.00
2016.09.15 18:31:33.877,0.76684,0.7669,1.00,1.00
2016.09.15 18:31:35.516,0.76683,0.7669,1.00,1.00
2016.09.15 18:31:35.568,0.76683,0.7669,1.00,1.00
2016.09.15 18:31:39.761,0.76683,0.76688,1.50,1.00
2016.09.15 18:31:42.339,0.76683,0.7669,1.00,1.00
2016.09.15 18:31:42.879,0.76684,0.7669,1.00,1.00
2016.09.15 18:31:44.340,0.76684,0.76688,1.00,1.00
2016.09.15 18:31:48.619,0.76684,0.76689,1.00,1.00
2016.09.15 18:31:50.004,0.76684,0.76689,1.12,1.00
2016.09.15 18:31:50.157,0.76685,0.76689,1.00,1.00
2016.09.15 18:31:50.744,0.76685,0.7669,1.00,1.00
2016.09.15 18:31:50.795,0.76685,0.76689,1.12,1.00
2016.09.15 18:31:50.897,0.76685,0.76689,1.00,1.00
2016.09.15 18:31:51.151,0.76684,0.76689,1.00,1.00
2016.09.15 18:31:51.407,0.76684,0.7669,1.50,1.00
2016.09.15 18:31:52.504,0.76684,0.7669,1.00,1.00
2016.09.15 18:31:52.813,0.76684,0.76688,1.00,1.00
2016.09.15 18:31:53.013,0.76683,0.76688,1.00,1.00
2016.09.15 18:32:04.251,0.76683,0.7669,1.19,1.00
2016.09.15 18:32:04.302,0.76689,0.76695,1.00,1.00
2016.09.15 18:32:04.378,0.76688,0.76696,1.50,1.50
2016.09.15 18:32:04.431,0.76689,0.76696,1.00,1.00
2016.09.15 18:32:04.482,0.76689,0.76697,1.00,1.00
2016.09.15 18:32:04.688,0.76689,0.76696,1.50,1.00
2016.09.15 18:32:04.790,0.76688,0.76696,1.12,1.50
2016.09.15 18:32:04.843,0.76689,0.76696,1.00,1.50
2016.09.15 18:32:04.950,0.7669,0.76697,1.00,1.00
2016.09.15 18:32:05.002,0.7669,0.76698,1.50,1.50
2016.09.15 18:32:05.774,0.7669,0.76698,1.00,1.00
2016.09.15 18:32:06.787,0.7669,0.76698,1.50,1.50
2016.09.15 18:32:09.405,0.7669,0.76698,1.50,1.00
2016.09.15 18:32:09.905,0.76695,0.767,1.00,1.00
2016.09.15 18:32:10.016,0.76696,0.76702,1.00,1.00
2016.09.15 18:32:10.328,0.76694,0.76702,1.50,1.00
2016.09.15 18:32:10.576,0.76694,0.767,1.00,1.00
2016.09.15 18:32:10.636,0.76694,0.76702,1.00,1.00
2016.09.15 18:32:10.738,0.76694,0.76702,1.12,1.00
2016.09.15 18:32:10.993,0.76695,0.767,1.00,1.00
2016.09.15 18:32:11.330,0.76694,0.767,1.50,1.00
2016.09.15 18:32:11.876,0.76695,0.76701,1.50,1.00
2016.09.15 18:32:12.410,0.76695,0.76702,1.50,1.00
2016.09.15 18:32:13.040,0.76695,0.76703,1.50,1.00
2016.09.15 18:32:13.588,0.76695,0.76702,1.50,1.00
2016.09.15 18:32:13.982,0.76696,0.76703,1.00,1.00
2016.09.15 18:32:14.137,0.76697,0.76702,1.50,1.00
2016.09.15 18:32:14.335,0.76692,0.76699,1.87,1.00
2016.09.15 18:32:14.386,0.76692,0.76699,1.00,1.00
2016.09.15 18:32:14.437,0.7669,0.76696,1.00,1.00
2016.09.15 18:32:14.590,0.76689,0.76695,1.50,1.00
2016.09.15 18:32:15.116,0.76689,0.76696,1.50,1.00
2016.09.15 18:32:15.218,0.76689,0.76696,1.00,1.00
2016.09.15 18:32:15.741,0.76688,0.76696,1.50,1.00
2016.09.15 18:32:16.217,0.76688,0.76696,1.50,1.50
2016.09.15 18:32:16.524,0.76688,0.76696,1.50,1.00
2016.09.15 18:32:16.932,0.7669,0.76695,1.00,1.00
2016.09.15 18:32:20.013,0.76688,0.76696,1.50,1.00
2016.09.15 18:32:20.449,0.76688,0.76694,1.00,1.00
2016.09.15 18:32:22.742,0.76687,0.76694,1.00,1.00
2016.09.15 18:32:22.844,0.76687,0.76692,1.00,1.00
2016.09.15 18:32:23.300,0.76687,0.76695,2.44,1.00
2016.09.15 18:32:24.012,0.7669,0.76694,1.00,1.00
2016.09.15 18:32:24.260,0.76688,0.76693,1.10,1.00
2016.09.15 18:32:24.311,0.76688,0.76693,1.00,1.00
2016.09.15 18:32:24.362,0.7669,0.76694,1.00,1.00
2016.09.15 18:32:24.872,0.76689,0.76694,1.12,1.00
2016.09.15 18:32:25.341,0.76692,0.767,1.00,1.50
2016.09.15 18:32:25.393,0.7669,0.76695,1.12,1.00
2016.09.15 18:32:25.444,0.76692,0.76699,1.00,1.00
2016.09.15 18:32:25.495,0.76692,0.76698,1.50,1.00
2016.09.15 18:32:25.597,0.76692,0.76696,1.00,1.00
2016.09.15 18:32:25.802,0.76692,0.76698,1.00,1.00
2016.09.15 18:32:25.957,0.76691,0.76695,1.00,1.00
2016.09.15 18:32:26.060,0.76692,0.76697,1.00,1.00
2016.09.15 18:32:26.417,0.76692,0.76699,1.00,1.00
2016.09.15 18:32:26.468,0.76691,0.76696,1.12,1.00
2016.09.15 18:32:26.917,0.76692,0.76696,1.00,1.00
2016.09.15 18:32:27.222,0.76689,0.76697,2.25,1.00
2016.09.15 18:32:27.275,0.76689,0.76695,2.25,1.00
2016.09.15 18:32:27.326,0.76689,0.76695,1.50,1.00
2016.09.15 18:32:27.377,0.76688,0.76693,1.00,1.00
2016.09.15 18:32:27.430,0.76688,0.76693,1.50,1.00
2016.09.15 18:32:27.672,0.76686,0.76692,1.87,1.00
2016.09.15 18:32:27.723,0.76686,0.76692,1.00,1.00
2016.09.15 18:32:28.235,0.76687,0.76692,1.00,1.00
2016.09.15 18:32:29.487,0.76687,0.76691,1.00,1.00
2016.09.15 18:32:29.539,0.76685,0.7669,1.00,1.00
2016.09.15 18:32:29.743,0.76685,0.76692,1.00,1.00
2016.09.15 18:32:30.631,0.76684,0.76688,1.12,1.00
2016.09.15 18:32:30.733,0.76684,0.76688,1.00,1.00
2016.09.15 18:32:33.143,0.76687,0.76691,1.00,1.00
2016.09.15 18:32:35.223,0.76688,0.76694,1.00,1.00
2016.09.15 18:32:35.316,0.76689,0.76695,1.00,1.00
2016.09.15 18:32:35.625,0.76689,0.76693,1.00,1.00
2016.09.15 18:32:36.272,0.76688,0.76693,1.12,1.00
2016.09.15 18:32:36.457,0.76688,0.76693,1.00,1.00
2016.09.15 18:32:37.842,0.76687,0.76692,1.12,1.00
2016.09.15 18:32:37.894,0.76686,0.76693,1.46,1.00
2016.09.15 18:32:37.946,0.76686,0.76693,1.00,1.00
2016.09.15 18:32:37.998,0.76686,0.76692,1.00,1.00
2016.09.15 18:32:38.262,0.76686,0.76691,1.00,1.00
2016.09.15 18:32:38.466,0.76688,0.76695,1.00,1.00
2016.09.15 18:32:38.569,0.76688,0.76693,1.00,1.00
2016.09.15 18:32:39.131,0.76688,0.76692,1.00,1.00
2016.09.15 18:32:39.641,0.76687,0.76692,1.00,1.00
2016.09.15 18:32:40.137,0.76685,0.76692,1.00,1.00
2016.09.15 18:32:40.927,0.76685,0.76691,1.00,1.00
2016.09.15 18:32:41.466,0.76685,0.76692,1.00,1.00
2016.09.15 18:32:43.992,0.76685,0.76692,1.12,1.00
2016.09.15 18:32:44.941,0.76685,0.76691,1.12,1.00
2016.09.15 18:32:45.186,0.76685,0.76691,1.00,1.00
2016.09.15 18:32:45.575,0.76683,0.76688,1.20,1.00
2016.09.15 18:32:45.677,0.76683,0.76688,1.12,1.00
2016.09.15 18:32:46.086,0.76682,0.76686,1.12,1.00
2016.09.15 18:32:46.189,0.76681,0.76686,1.50,1.00
2016.09.15 18:32:46.504,0.76685,0.76689,1.00,1.00
2016.09.15 18:32:47.211,0.76684,0.76688,1.00,1.00
2016.09.15 18:32:47.513,0.76685,0.7669,1.00,1.00
2016.09.15 18:32:47.666,0.76683,0.76688,1.12,1.00
2016.09.15 18:32:47.717,0.76684,0.76688,1.00,1.00
2016.09.15 18:32:48.362,0.76685,0.7669,1.00,1.00
2016.09.15 18:32:48.678,0.76684,0.7669,1.12,1.00
2016.09.15 18:32:51.460,0.76686,0.7669,1.12,1.00
2016.09.15 18:32:51.628,0.76686,0.76694,1.12,1.00
2016.09.15 18:32:51.948,0.76686,0.76691,1.12,1.00
2016.09.15 18:32:52.311,0.76686,0.76691,1.12,1.00
2016.09.15 18:32:52.752,0.76686,0.76691,1.00,1.00
2016.09.15 18:32:53.270,0.76686,0.76692,1.00,1.00
2016.09.15 18:32:53.729,0.76688,0.76692,1.00,1.00
2016.09.15 18:32:53.782,0.76687,0.76692,1.00,1.00
2016.09.15 18:32:54.291,0.76687,0.76693,1.00,1.00
2016.09.15 18:32:55.144,0.76687,0.76692,1.00,1.00
2016.09.15 18:32:55.215,0.76685,0.7669,1.00,1.00
2016.09.15 18:32:55.421,0.76685,0.7669,1.50,1.00
2016.09.15 18:32:55.638,0.76685,0.76692,1.00,1.00
2016.09.15 18:32:55.843,0.76685,0.76693,1.50,1.00
2016.09.15 18:32:55.894,0.76685,0.76693,1.50,1.00
2016.09.15 18:32:56.180,0.76686,0.76693,1.00,1.00
2016.09.15 18:32:57.704,0.76687,0.76692,1.00,1.00
2016.09.15 18:32:57.806,0.76685,0.7669,1.00,1.00
2016.09.15 18:32:58.010,0.76683,0.7669,1.00,1.00
2016.09.15 18:32:58.917,0.76683,0.76689,1.00,1.00
2016.09.15 18:32:59.223,0.76682,0.76689,1.50,1.00
2016.09.15 18:32:59.325,0.76682,0.76689,1.00,1.00
2016.09.15 18:32:59.618,0.76681,0.76688,1.00,1.00
2016.09.15 18:32:59.720,0.76681,0.76686,1.00,1.00
2016.09.15 18:32:59.822,0.76678,0.76683,2.70,1.00
2016.09.15 18:32:59.873,0.76679,0.76686,1.37,1.00
2016.09.15 18:32:59.924,0.7668,0.76685,1.87,1.00
2016.09.15 18:33:00.078,0.7668,0.76685,1.50,1.00
2016.09.15 18:33:00.280,0.76682,0.76689,1.00,1.00
2016.09.15 18:33:00.342,0.76682,0.7669,1.50,1.00
2016.09.15 18:33:00.444,0.76682,0.76689,1.00,1.00
2016.09.15 18:33:00.495,0.76684,0.76689,1.00,1.00
2016.09.15 18:33:00.801,0.76683,0.76688,1.00,1.00
2016.09.15 18:33:01.513,0.76683,0.7669,1.00,1.00
2016.09.15 18:33:01.615,0.76683,0.7669,1.00,1.00
2016.09.15 18:33:01.718,0.76684,0.76689,1.00,1.00
2016.09.15 18:33:01.820,0.76685,0.76689,1.00,1.00
2016.09.15 18:33:02.104,0.76684,0.76689,1.00,1.00
2016.09.15 18:33:02.155,0.7668,0.76687,2.25,1.00
2016.09.15 18:33:02.207,0.76681,0.76687,1.00,1.00
2016.09.15 18:33:02.259,0.7668,0.76689,1.87,1.00
2016.09.15 18:33:02.310,0.76681,0.76689,1.12,1.00
2016.09.15 18:33:02.413,0.76681,0.76688,1.00,1.00
2016.09.15 18:33:02.464,0.7668,0.76688,1.87,1.00
2016.09.15 18:33:02.515,0.7668,0.76688,2.62,1.00
2016.09.15 18:33:02.909,0.7668,0.76688,2.62,1.00
2016.09.15 18:33:02.960,0.7668,0.76685,1.12,1.00
2016.09.15 18:33:03.531,0.76681,0.76685,1.00,1.00
2016.09.15 18:33:04.485,0.76682,0.76686,1.00,1.00
2016.09.15 18:33:08.359,0.76682,0.76688,1.00,1.00
2016.09.15 18:33:08.412,0.76683,0.76688,1.00,1.00
2016.09.15 18:33:08.464,0.76682,0.76686,1.00,1.00
2016.09.15 18:33:08.516,0.7668,0.76687,1.87,1.00
2016.09.15 18:33:08.567,0.7668,0.76686,1.50,1.00
2016.09.15 18:33:08.618,0.76682,0.76686,1.00,1.00
2016.09.15 18:33:09.110,0.76684,0.76688,1.00,1.00
2016.09.15 18:33:10.195,0.76682,0.76687,1.12,1.00
2016.09.15 18:33:10.297,0.76684,0.76688,1.00,1.00
2016.09.15 18:33:10.349,0.76684,0.76688,1.12,1.00
2016.09.15 18:33:10.451,0.76684,0.76688,1.00,1.00
2016.09.15 18:33:10.604,0.76682,0.76687,1.00,1.00
2016.09.15 18:33:10.871,0.76682,0.76688,1.12,1.00
2016.09.15 18:33:10.922,0.76682,0.76688,1.00,1.00
2016.09.15 18:33:11.024,0.76681,0.76687,1.12,1.00
2016.09.15 18:33:11.684,0.76683,0.76687,1.00,1.00
2016.09.15 18:33:12.524,0.76682,0.76687,1.00,1.00
2016.09.15 18:33:14.244,0.76679,0.76684,2.32,1.00
2016.09.15 18:33:14.296,0.76678,0.76686,4.01,1.00
2016.09.15 18:33:14.347,0.7668,0.76686,1.00,1.00
2016.09.15 18:33:17.402,0.7668,0.76685,1.50,1.00
2016.09.15 18:33:17.453,0.76682,0.76686,1.00,1.00
2016.09.15 18:33:17.555,0.7668,0.76686,1.50,1.00
2016.09.15 18:33:17.707,0.76681,0.76686,1.00,1.00
2016.09.15 18:33:18.573,0.76681,0.76686,1.00,1.00
2016.09.15 18:33:19.533,0.76681,0.76686,1.00,1.00
2016.09.15 18:33:20.295,0.76681,0.76687,1.00,1.00
2016.09.15 18:33:21.313,0.76683,0.76687,1.00,1.00
2016.09.15 18:33:26.217,0.76682,0.76686,1.00,1.00
2016.09.15 18:33:26.530,0.7668,0.76685,1.10,1.00
2016.09.15 18:33:26.582,0.7668,0.76685,1.00,1.00
2016.09.15 18:33:26.888,0.7668,0.76685,1.00,1.00
2016.09.15 18:33:27.245,0.76681,0.76685,1.00,1.00
2016.09.15 18:33:31.474,0.76681,0.76685,1.00,1.00
2016.09.15 18:33:31.576,0.76683,0.76687,1.00,1.00
2016.09.15 18:33:32.085,0.76681,0.76685,1.00,1.00
2016.09.15 18:33:32.589,0.76682,0.76686,1.00,1.00
2016.09.15 18:33:32.912,0.76681,0.76685,1.00,1.00
2016.09.15 18:33:34.080,0.76679,0.76683,1.00,1.00
2016.09.15 18:33:34.131,0.76678,0.76682,1.12,1.00
2016.09.15 18:33:34.182,0.76679,0.76683,1.00,1.00
2016.09.15 18:33:34.387,0.76677,0.76682,1.00,1.00
2016.09.15 18:33:34.894,0.76677,0.76681,1.00,1.00
2016.09.15 18:33:36.148,0.76678,0.76682,1.00,1.00
2016.09.15 18:33:38.293,0.76678,0.76682,1.00,1.00
2016.09.15 18:33:38.445,0.76678,0.76682,1.00,1.00
2016.09.15 18:33:39.090,0.76679,0.76684,1.00,1.00
2016.09.15 18:33:39.615,0.76679,0.76683,1.00,1.00
2016.09.15 18:33:40.250,0.7668,0.76684,1.12,1.00
2016.09.15 18:33:40.455,0.76682,0.76686,1.00,1.00
2016.09.15 18:33:40.610,0.76679,0.76685,1.00,1.00
2016.09.15 18:33:41.196,0.76679,0.76686,1.00,1.00
2016.09.15 18:33:41.342,0.76681,0.76686,1.00,1.00
2016.09.15 18:33:41.851,0.7668,0.76686,1.00,1.00
2016.09.15 18:33:42.665,0.76681,0.76686,1.00,1.00
2016.09.15 18:33:44.503,0.7668,0.76686,1.00,1.00
2016.09.15 18:33:45.385,0.7668,0.76686,1.00,1.00
2016.09.15 18:33:46.732,0.7668,0.76686,1.50,1.00
2016.09.15 18:33:46.783,0.76683,0.76687,1.00,1.00
2016.09.15 18:33:47.286,0.76684,0.76688,1.00,1.00
2016.09.15 18:33:47.829,0.76682,0.76686,1.00,1.00
2016.09.15 18:33:47.880,0.76681,0.76687,1.00,1.00
2016.09.15 18:33:47.982,0.7668,0.76686,1.10,1.00
2016.09.15 18:33:48.033,0.7668,0.76686,1.00,1.00
2016.09.15 18:33:48.084,0.76683,0.76687,1.00,1.00
2016.09.15 18:33:48.606,0.76682,0.76686,1.00,1.00
2016.09.15 18:33:48.759,0.76686,0.76691,1.00,1.00
2016.09.15 18:33:48.811,0.76686,0.76691,1.00,1.00
2016.09.15 18:33:51.383,0.76686,0.76693,1.00,2.06
2016.09.15 18:33:51.434,0.76686,0.76693,1.00,1.87
2016.09.15 18:33:53.803,0.76685,0.76691,1.00,1.00
2016.09.15 18:33:55.313,0.76686,0.76693,1.00,1.87
2016.09.15 18:33:55.364,0.76686,0.76693,1.00,1.50
2016.09.15 18:33:55.415,0.76687,0.76693,1.00,1.00
2016.09.15 18:33:55.517,0.76687,0.76693,1.00,1.00
2016.09.15 18:33:56.040,0.76684,0.76688,1.00,1.00
2016.09.15 18:33:56.363,0.76682,0.76686,1.00,1.00
2016.09.15 18:33:56.414,0.76683,0.76689,1.00,1.00
2016.09.15 18:33:56.465,0.76683,0.76688,1.00,1.00
2016.09.15 18:33:56.619,0.76685,0.7669,1.00,1.00
2016.09.15 18:33:56.832,0.76685,0.76692,1.00,1.00
2016.09.15 18:33:57.167,0.76685,0.7669,1.00,1.00
2016.09.15 18:33:57.218,0.76683,0.76688,1.00,1.00
2016.09.15 18:33:58.116,0.76684,0.76688,1.00,1.00
2016.09.15 18:33:58.475,0.76684,0.76689,1.00,1.00
2016.09.15 18:33:59.178,0.76684,0.76689,1.00,1.00
2016.09.15 18:33:59.683,0.76683,0.76689,1.00,1.00
2016.09.15 18:34:00.208,0.76684,0.76688,1.00,1.00
2016.09.15 18:34:00.841,0.76684,0.7669,1.00,1.00
2016.09.15 18:34:00.994,0.76684,0.7669,1.12,1.00
2016.09.15 18:34:01.045,0.76683,0.7669,1.37,1.00
2016.09.15 18:34:01.096,0.76683,0.76691,1.87,1.00
2016.09.15 18:34:01.148,0.76685,0.76691,1.50,1.00
2016.09.15 18:34:01.199,0.76685,0.76691,1.87,1.00
2016.09.15 18:34:01.552,0.76685,0.76693,1.87,1.00
2016.09.15 18:34:01.705,0.76685,0.76692,1.12,1.00
2016.09.15 18:34:01.860,0.76685,0.76692,1.87,1.00
2016.09.15 18:34:01.911,0.76686,0.76692,1.00,1.00
2016.09.15 18:34:01.962,0.76686,0.76692,1.50,1.00
2016.09.15 18:34:02.512,0.76687,0.76692,1.12,1.00
2016.09.15 18:34:02.925,0.76688,0.76693,1.00,1.00
2016.09.15 18:34:03.029,0.76687,0.76691,1.00,1.00
2016.09.15 18:34:03.232,0.76678,0.76686,1.50,1.00
2016.09.15 18:34:03.284,0.76678,0.76686,1.00,1.00
2016.09.15 18:34:03.488,0.76677,0.76684,1.50,1.00
2016.09.15 18:34:03.539,0.76677,0.76684,1.00,1.00
2016.09.15 18:34:03.590,0.76676,0.76684,1.50,1.00
2016.09.15 18:34:03.796,0.76676,0.76682,1.00,1.00
2016.09.15 18:34:04.003,0.76676,0.76682,1.50,1.00
2016.09.15 18:34:04.447,0.76678,0.76682,1.00,1.00
2016.09.15 18:34:05.431,0.76677,0.76682,1.00,1.00
2016.09.15 18:34:07.362,0.76678,0.76682,1.00,1.00
2016.09.15 18:34:07.992,0.76678,0.76683,1.00,1.00
2016.09.15 18:34:12.140,0.76677,0.76684,1.00,1.00
2016.09.15 18:34:12.971,0.7668,0.76685,1.00,1.00
2016.09.15 18:34:13.124,0.76681,0.76686,1.12,1.00
2016.09.15 18:34:13.278,0.76682,0.76687,1.00,1.00
2016.09.15 18:34:14.544,0.7668,0.76687,1.12,1.00
2016.09.15 18:34:14.784,0.7668,0.76687,1.00,1.00
2016.09.15 18:34:16.841,0.76682,0.76687,1.00,1.00
2016.09.15 18:34:16.892,0.76682,0.76688,1.37,1.00
2016.09.15 18:34:16.944,0.76685,0.76689,1.00,1.00
2016.09.15 18:34:17.148,0.76683,0.76689,1.12,1.00
2016.09.15 18:34:17.400,0.76683,0.76689,1.00,1.00
2016.09.15 18:34:17.553,0.76683,0.76689,1.00,1.00
2016.09.15 18:34:18.762,0.76682,0.76689,1.00,1.00
2016.09.15 18:34:18.914,0.76682,0.76689,1.00,1.00
2016.09.15 18:34:18.966,0.76681,0.76689,1.50,1.00
2016.09.15 18:34:19.069,0.76682,0.76689,1.00,1.00
2016.09.15 18:34:19.273,0.76681,0.76686,1.00,1.00
2016.09.15 18:34:19.324,0.76681,0.76686,1.12,1.00
2016.09.15 18:34:19.375,0.76681,0.76686,1.12,1.00
2016.09.15 18:34:19.565,0.76681,0.76687,1.12,1.00
2016.09.15 18:34:20.154,0.76681,0.76687,1.37,1.00
2016.09.15 18:34:20.483,0.76683,0.76687,1.00,1.00
2016.09.15 18:34:21.110,0.76683,0.76688,1.00,1.00
2016.09.15 18:34:21.657,0.76684,0.76688,1.00,1.00
2016.09.15 18:34:24.570,0.76684,0.76688,1.12,1.00
2016.09.15 18:34:24.626,0.76685,0.7669,1.00,1.00
2016.09.15 18:34:25.138,0.76685,0.76691,1.00,1.00
2016.09.15 18:34:25.231,0.76684,0.76691,1.12,1.00
2016.09.15 18:34:26.016,0.76684,0.76691,1.00,1.00
2016.09.15 18:34:26.341,0.76687,0.76693,1.12,1.00
2016.09.15 18:34:26.392,0.76689,0.76695,1.00,1.10
2016.09.15 18:34:26.443,0.7669,0.76696,1.12,1.10
2016.09.15 18:34:26.690,0.7669,0.76696,1.12,1.00
2016.09.15 18:34:27.228,0.76691,0.76696,1.00,1.00
2016.09.15 18:34:27.483,0.7669,0.76696,1.12,1.00
2016.09.15 18:34:28.179,0.7669,0.76696,1.87,1.00
2016.09.15 18:34:28.988,0.7669,0.76696,1.50,1.00
2016.09.15 18:34:29.433,0.7669,0.76695,1.00,1.00
2016.09.15 18:34:30.484,0.76689,0.76695,1.50,1.00
2016.09.15 18:34:33.381,0.76689,0.76697,1.50,1.00
2016.09.15 18:34:33.432,0.76691,0.76697,1.00,1.00
2016.09.15 18:34:33.484,0.76691,0.76698,1.50,1.00
2016.09.15 18:34:33.535,0.76692,0.76699,1.00,1.00
2016.09.15 18:34:34.282,0.76692,0.76699,1.00,1.00
2016.09.15 18:34:37.190,0.76692,0.76699,1.00,1.00
2016.09.15 18:34:37.392,0.76692,0.76699,1.00,1.00
2016.09.15 18:34:39.151,0.76692,0.76698,1.00,1.00
2016.09.15 18:34:39.203,0.7669,0.76698,2.62,1.00
2016.09.15 18:34:39.254,0.7669,0.76697,1.87,1.00
2016.09.15 18:34:39.305,0.7669,0.76697,1.50,1.00
2016.09.15 18:34:40.731,0.76692,0.76697,1.00,1.00
2016.09.15 18:34:41.129,0.7669,0.76697,2.25,1.00
2016.09.15 18:34:41.973,0.7669,0.76696,2.25,1.00
2016.09.15 18:34:42.345,0.7669,0.76696,1.50,1.00
2016.09.15 18:34:44.431,0.7669,0.76696,2.25,1.00
2016.09.15 18:34:45.409,0.7669,0.76696,1.50,1.00
2016.09.15 18:34:48.632,0.7669,0.76696,2.25,1.00
2016.09.15 18:34:48.734,0.7669,0.76696,1.50,1.00
2016.09.15 18:34:48.786,0.7669,0.76697,1.00,1.00
2016.09.15 18:34:48.940,0.76691,0.76697,1.50,1.00
2016.09.15 18:34:49.196,0.76691,0.76696,1.00,1.00
2016.09.15 18:34:49.606,0.76691,0.76698,1.00,1.00
2016.09.15 18:34:49.659,0.7669,0.76698,1.00,1.00
2016.09.15 18:34:50.010,0.7669,0.76696,1.87,1.00
2016.09.15 18:34:50.065,0.7669,0.76696,1.00,1.00
2016.09.15 18:34:50.425,0.76689,0.76696,1.10,1.00
2016.09.15 18:34:50.628,0.76689,0.76696,1.00,1.00
2016.09.15 18:34:50.859,0.76689,0.76697,1.50,1.00
2016.09.15 18:34:50.910,0.7669,0.76697,1.00,1.00
2016.09.15 18:34:51.963,0.76689,0.76697,1.50,1.00
2016.09.15 18:34:53.077,0.7669,0.76697,1.00,1.00
2016.09.15 18:34:54.061,0.76689,0.76697,1.50,1.00
2016.09.15 18:34:55.548,0.7669,0.76697,1.00,1.00
2016.09.15 18:35:00.749,0.7669,0.76697,1.00,1.00
2016.09.15 18:35:00.800,0.76692,0.76699,1.00,1.00
2016.09.15 18:35:00.902,0.76692,0.767,1.00,1.00
2016.09.15 18:35:02.886,0.76692,0.767,1.50,1.00
2016.09.15 18:35:02.938,0.76694,0.76702,1.00,1.00
2016.09.15 18:35:06.506,0.76694,0.76702,1.00,1.87
2016.09.15 18:35:06.864,0.76694,0.76702,1.00,1.50
2016.09.15 18:35:09.139,0.76694,0.76702,1.00,1.50
2016.09.15 18:35:09.322,0.76694,0.76702,1.00,1.50
2016.09.15 18:35:13.305,0.76694,0.76702,1.00,1.87
2016.09.15 18:35:15.399,0.76694,0.76702,1.00,1.50
2016.09.15 18:35:15.733,0.76695,0.76703,1.00,1.00
2016.09.15 18:35:17.020,0.76695,0.76703,1.00,1.50
2016.09.15 18:35:18.770,0.76698,0.76706,1.00,1.50
2016.09.15 18:35:18.822,0.76698,0.76706,1.00,1.00
2016.09.15 18:35:18.874,0.76698,0.76706,1.00,1.00
2016.09.15 18:35:18.925,0.76698,0.76706,1.00,1.50
2016.09.15 18:35:19.816,0.76698,0.76705,1.00,1.00
2016.09.15 18:35:19.919,0.76698,0.76706,1.00,1.87
2016.09.15 18:35:21.374,0.76698,0.76706,1.00,1.50
2016.09.15 18:35:23.654,0.76697,0.76705,1.00,1.50
2016.09.15 18:35:25.446,0.76698,0.76706,1.00,1.00
2016.09.15 18:35:25.498,0.76699,0.76707,1.00,1.10
2016.09.15 18:35:25.600,0.76699,0.76707,1.00,1.00
2016.09.15 18:35:28.394,0.76702,0.76708,1.00,1.00
2016.09.15 18:35:28.622,0.76702,0.7671,1.00,1.00
2016.09.15 18:35:28.727,0.767,0.76706,1.50,1.00
2016.09.15 18:35:29.434,0.767,0.76706,1.00,1.00
2016.09.15 18:35:29.933,0.76701,0.76706,1.00,1.00
2016.09.15 18:35:32.256,0.767,0.76706,1.00,1.00
2016.09.15 18:35:32.307,0.76699,0.76707,1.50,1.50
2016.09.15 18:35:32.506,0.76699,0.76706,1.50,1.00
2016.09.15 18:35:32.557,0.76699,0.76706,1.00,1.00
2016.09.15 18:35:32.609,0.76699,0.76707,1.50,1.50
2016.09.15 18:35:32.660,0.76699,0.76707,1.50,1.00
2016.09.15 18:35:33.865,0.76701,0.76707,1.00,1.00
2016.09.15 18:35:35.175,0.767,0.76707,1.00,1.00
2016.09.15 18:35:36.258,0.76699,0.76707,1.50,1.00
2016.09.15 18:35:40.695,0.76699,0.76707,1.00,1.00
2016.09.15 18:35:40.746,0.76699,0.76707,1.50,1.00
2016.09.15 18:35:40.848,0.76701,0.76707,1.00,1.00
2016.09.15 18:35:41.197,0.76699,0.76706,1.00,1.00
2016.09.15 18:35:42.796,0.76699,0.76706,1.07,1.00
2016.09.15 18:35:42.847,0.76699,0.76707,1.57,1.00
2016.09.15 18:35:43.051,0.767,0.76707,1.09,1.00
2016.09.15 18:35:43.601,0.767,0.76707,1.00,1.00
2016.09.15 18:35:45.095,0.76701,0.76707,1.00,1.00
2016.09.15 18:35:48.116,0.76701,0.76708,1.00,1.00
2016.09.15 18:35:48.168,0.76703,0.76708,1.00,1.00
2016.09.15 18:35:49.177,0.76701,0.76708,1.00,1.00
2016.09.15 18:35:49.228,0.76701,0.76709,1.50,1.00
2016.09.15 18:35:49.382,0.76703,0.76709,1.00,1.00
2016.09.15 18:35:49.433,0.76704,0.7671,1.00,1.00
2016.09.15 18:35:49.486,0.76705,0.7671,1.00,1.00
2016.09.15 18:35:51.214,0.76704,0.7671,1.00,1.00
2016.09.15 18:35:51.957,0.76703,0.76711,1.00,1.00
2016.09.15 18:35:52.008,0.76706,0.76711,1.00,1.00
2016.09.15 18:35:52.213,0.76704,0.76712,1.00,1.00
2016.09.15 18:35:52.519,0.76704,0.7671,1.00,1.00
2016.09.15 18:35:57.837,0.76703,0.7671,1.00,1.00
2016.09.15 18:35:58.755,0.76703,0.7671,1.12,1.00
2016.09.15 18:35:59.113,0.76703,0.7671,1.00,1.00
2016.09.15 18:36:00.090,0.76703,0.76711,1.50,1.00
2016.09.15 18:36:00.816,0.76705,0.76711,1.00,1.00
2016.09.15 18:36:01.117,0.76707,0.76713,1.00,1.00
2016.09.15 18:36:01.743,0.76707,0.76713,1.37,1.00
2016.09.15 18:36:01.898,0.76707,0.76715,1.37,1.00
2016.09.15 18:36:01.950,0.76708,0.76716,1.50,1.00
2016.09.15 18:36:02.001,0.76708,0.76716,2.25,1.00
2016.09.15 18:36:02.181,0.7671,0.76716,1.12,1.00
2016.09.15 18:36:02.232,0.76708,0.76716,1.50,1.00
2016.09.15 18:36:02.334,0.76708,0.76715,1.00,1.00
2016.09.15 18:36:02.436,0.76707,0.76715,1.50,1.00
2016.09.15 18:36:02.488,0.76707,0.76713,1.50,1.00
2016.09.15 18:36:02.924,0.76707,0.76713,1.00,1.00
2016.09.15 18:36:04.619,0.76705,0.76712,1.12,1.00
2016.09.15 18:36:04.670,0.76704,0.76712,1.87,1.00
2016.09.15 18:36:05.026,0.76705,0.76712,1.00,1.00
2016.09.15 18:36:05.546,0.76706,0.76713,1.00,1.00
2016.09.15 18:36:07.021,0.76706,0.76711,1.00,1.00
2016.09.15 18:36:07.728,0.76707,0.76711,1.00,1.00
2016.09.15 18:36:07.779,0.76707,0.76714,1.00,1.00
2016.09.15 18:36:07.959,0.76709,0.76716,1.00,1.00
2016.09.15 18:36:08.010,0.7671,0.76718,1.00,1.00
2016.09.15 18:36:08.061,0.7671,0.76714,1.00,1.00
2016.09.15 18:36:08.113,0.76707,0.76713,2.62,1.00
2016.09.15 18:36:08.164,0.76707,0.76713,1.87,1.00
2016.09.15 18:36:08.215,0.76708,0.76712,1.00,1.00
2016.09.15 18:36:08.317,0.76706,0.76712,1.00,1.00
2016.09.15 18:36:08.839,0.76706,0.76713,1.00,1.00
2016.09.15 18:36:09.048,0.76704,0.76711,1.87,1.00
2016.09.15 18:36:09.099,0.76704,0.7671,1.12,1.00
2016.09.15 18:36:09.548,0.76704,0.7671,1.00,1.00
2016.09.15 18:36:10.059,0.76705,0.7671,1.00,1.00
2016.09.15 18:36:10.490,0.76704,0.76708,1.00,1.00
2016.09.15 18:36:10.633,0.76702,0.76708,1.00,1.00
2016.09.15 18:36:10.684,0.76702,0.76708,1.00,1.00
2016.09.15 18:36:11.760,0.76703,0.76708,1.00,1.00
2016.09.15 18:36:16.871,0.76702,0.76708,1.00,1.00
2016.09.15 18:36:17.587,0.76702,0.76709,1.00,1.00
2016.09.15 18:36:18.195,0.76703,0.76708,1.00,1.00
2016.09.15 18:36:20.408,0.76703,0.76709,1.00,1.00
2016.09.15 18:36:22.339,0.76702,0.76709,1.12,1.00
2016.09.15 18:36:22.543,0.76702,0.76708,1.12,1.00
2016.09.15 18:36:22.594,0.76702,0.76708,1.12,1.00
2016.09.15 18:36:23.783,0.76702,0.76708,1.00,1.00
2016.09.15 18:36:24.313,0.767,0.76704,1.10,1.00
2016.09.15 18:36:24.365,0.76699,0.76704,1.00,1.00
2016.09.15 18:36:24.418,0.76699,0.76704,1.00,1.00
2016.09.15 18:36:25.167,0.76697,0.76704,1.00,1.00
2016.09.15 18:36:25.670,0.76696,0.76701,1.00,1.00
2016.09.15 18:36:25.722,0.76696,0.76701,1.00,1.00
2016.09.15 18:36:26.271,0.76695,0.76702,1.00,1.00
2016.09.15 18:36:26.578,0.76693,0.767,1.12,1.00
2016.09.15 18:36:26.629,0.76692,0.76699,1.87,1.00
2016.09.15 18:36:26.681,0.76694,0.76699,1.00,1.00
2016.09.15 18:36:26.833,0.76692,0.76699,1.50,1.00
2016.09.15 18:36:26.919,0.76691,0.76697,1.00,1.00
2016.09.15 18:36:27.578,0.76691,0.76697,1.00,1.00
2016.09.15 18:36:27.764,0.76689,0.76697,1.50,1.00
2016.09.15 18:36:27.918,0.76689,0.76699,1.50,1.00
2016.09.15 18:36:27.970,0.76693,0.76699,1.00,1.00
2016.09.15 18:36:28.073,0.76693,0.76701,1.00,1.00
2016.09.15 18:36:28.697,0.76694,0.76701,1.00,1.00
2016.09.15 18:36:29.264,0.76694,0.76701,1.00,1.00
2016.09.15 18:36:29.486,0.76694,0.76701,1.00,1.00
2016.09.15 18:36:30.102,0.76695,0.76701,1.00,1.00
2016.09.15 18:36:30.153,0.76695,0.76702,1.12,1.00
2016.09.15 18:36:30.204,0.76698,0.76704,1.00,1.00
2016.09.15 18:36:30.469,0.76696,0.76702,1.00,1.00
2016.09.15 18:36:30.737,0.76696,0.767,1.00,1.00
2016.09.15 18:36:30.788,0.76694,0.76699,1.10,1.00
2016.09.15 18:36:30.839,0.76694,0.76699,1.00,1.00
2016.09.15 18:36:34.186,0.76694,0.76698,1.00,1.00
2016.09.15 18:36:34.237,0.76691,0.76698,1.82,1.50
2016.09.15 18:36:34.289,0.7669,0.76695,1.00,1.00
2016.09.15 18:36:34.391,0.76685,0.76694,4.31,1.00
2016.09.15 18:36:34.443,0.76685,0.76694,2.62,1.00
2016.09.15 18:36:34.497,0.76687,0.76694,1.00,1.00
2016.09.15 18:36:34.549,0.76687,0.76695,1.19,1.00
2016.09.15 18:36:34.601,0.7669,0.76695,1.00,1.00
2016.09.15 18:36:34.805,0.76688,0.76696,1.25,1.00
2016.09.15 18:36:34.962,0.76688,0.76696,1.25,1.00
2016.09.15 18:36:35.013,0.76688,0.76695,1.00,1.00
2016.09.15 18:36:35.116,0.7669,0.76695,1.00,1.00
2016.09.15 18:36:35.772,0.76689,0.76695,1.87,1.00
2016.09.15 18:36:36.683,0.76689,0.76695,1.00,1.00
2016.09.15 18:36:37.278,0.76689,0.76695,1.00,1.00
2016.09.15 18:36:37.380,0.76689,0.76695,1.00,1.00
2016.09.15 18:36:37.913,0.7669,0.76695,1.00,1.00
2016.09.15 18:36:40.265,0.7669,0.76694,1.00,1.00
2016.09.15 18:36:40.774,0.76689,0.76694,1.00,1.00
2016.09.15 18:36:40.876,0.7669,0.76696,1.00,1.00
2016.09.15 18:36:41.427,0.76688,0.76695,1.12,1.00
2016.09.15 18:36:41.529,0.76687,0.76695,1.12,1.00
2016.09.15 18:36:41.785,0.76687,0.76693,1.12,1.00
2016.09.15 18:36:41.989,0.76687,0.76693,1.00,1.00
2016.09.15 18:36:42.142,0.76685,0.76693,2.25,1.00
2016.09.15 18:36:42.193,0.76685,0.76693,2.25,1.00
2016.09.15 18:36:42.508,0.76687,0.76693,1.00,1.00
2016.09.15 18:36:42.610,0.76685,0.76693,1.87,1.00
2016.09.15 18:36:42.712,0.76685,0.76693,1.12,1.00
2016.09.15 18:36:45.599,0.76685,0.76693,1.00,1.00
2016.09.15 18:36:48.020,0.76685,0.76693,1.00,1.50
2016.09.15 18:36:48.230,0.76685,0.76692,1.00,1.00
2016.09.15 18:36:48.332,0.76685,0.76692,1.00,1.00
2016.09.15 18:36:50.728,0.76684,0.76692,1.12,1.00
2016.09.15 18:36:52.713,0.76684,0.76692,1.00,1.00
2016.09.15 18:36:53.863,0.76684,0.76692,1.00,1.00
2016.09.15 18:36:54.680,0.76684,0.7669,1.00,1.00
2016.09.15 18:36:55.022,0.76684,0.7669,1.12,1.00
2016.09.15 18:36:55.941,0.76685,0.7669,1.00,1.00
2016.09.15 18:37:02.789,0.76686,0.7669,1.00,1.00
2016.09.15 18:37:03.049,0.76686,0.7669,1.00,1.00
2016.09.15 18:37:03.803,0.76685,0.7669,1.00,1.00
2016.09.15 18:37:04.058,0.76685,0.7669,1.12,1.00
2016.09.15 18:37:04.506,0.76685,0.7669,1.50,1.00
2016.09.15 18:37:04.630,0.76685,0.76692,1.12,1.00
2016.09.15 18:37:04.681,0.76688,0.76692,1.00,1.00
2016.09.15 18:37:04.834,0.76688,0.76693,1.50,1.00
2016.09.15 18:37:04.885,0.76688,0.76695,1.50,1.00
2016.09.15 18:37:04.936,0.76688,0.76697,1.87,1.50
2016.09.15 18:37:04.987,0.76691,0.76698,1.00,1.00
2016.09.15 18:37:05.140,0.76691,0.76698,1.25,1.00
2016.09.15 18:37:05.193,0.76689,0.76695,1.19,1.12
2016.09.15 18:37:05.244,0.76687,0.76696,1.50,1.37
2016.09.15 18:37:05.295,0.76689,0.76696,1.00,1.00
2016.09.15 18:37:05.347,0.76689,0.76696,1.00,1.00
2016.09.15 18:37:05.398,0.76689,0.76698,1.00,1.37
2016.09.15 18:37:05.449,0.76689,0.76698,1.50,1.00
2016.09.15 18:37:05.547,0.76689,0.76695,1.00,1.00
2016.09.15 18:37:05.649,0.76689,0.76698,1.00,1.00
2016.09.15 18:37:05.752,0.76689,0.76696,1.50,1.00
2016.09.15 18:37:05.917,0.76689,0.76696,1.00,1.00
2016.09.15 18:37:05.968,0.76689,0.76694,1.00,1.00
2016.09.15 18:37:06.732,0.76689,0.76697,1.00,1.00
2016.09.15 18:37:06.783,0.7669,0.76697,1.00,1.00
2016.09.15 18:37:07.091,0.76689,0.76697,1.00,1.00
2016.09.15 18:37:07.142,0.76689,0.76694,1.00,1.00
2016.09.15 18:37:07.672,0.76689,0.76694,1.00,1.00
2016.09.15 18:37:07.724,0.76687,0.76692,1.50,1.00
2016.09.15 18:37:07.775,0.76687,0.76693,1.00,1.00
2016.09.15 18:37:07.827,0.76687,0.76693,1.12,1.00
2016.09.15 18:37:07.879,0.76688,0.76693,1.00,1.00
2016.09.15 18:37:08.033,0.76688,0.76693,1.00,1.00
2016.09.15 18:37:08.369,0.76688,0.76695,1.00,1.00
2016.09.15 18:37:08.420,0.76691,0.76695,1.00,1.00
2016.09.15 18:37:09.273,0.7669,0.76696,1.00,1.00
2016.09.15 18:37:09.815,0.7669,0.76695,1.00,1.00
2016.09.15 18:37:10.325,0.76691,0.76695,1.00,1.00
2016.09.15 18:37:10.848,0.7669,0.76696,1.00,1.00
2016.09.15 18:37:11.379,0.76692,0.76696,1.00,1.00
2016.09.15 18:37:14.702,0.76691,0.76696,1.00,1.00
2016.09.15 18:37:14.856,0.7669,0.76695,1.12,1.00
2016.09.15 18:37:15.034,0.7669,0.76694,1.00,1.00
2016.09.15 18:37:15.453,0.76689,0.76693,1.00,1.00
2016.09.15 18:37:15.505,0.76688,0.76692,1.20,1.00
2016.09.15 18:37:15.571,0.76687,0.76692,2.62,1.00
2016.09.15 18:37:15.622,0.76687,0.76694,1.50,1.00
2016.09.15 18:37:15.673,0.76687,0.76694,1.87,1.00
2016.09.15 18:37:15.861,0.7669,0.76696,1.00,1.00
2016.09.15 18:37:16.170,0.7669,0.76696,1.00,1.00
2016.09.15 18:37:16.526,0.76691,0.76696,1.00,1.00
2016.09.15 18:37:16.835,0.7669,0.76696,1.00,1.00
2016.09.15 18:37:21.007,0.7669,0.76695,1.00,1.00
2016.09.15 18:37:21.924,0.7669,0.76694,1.00,1.00
2016.09.15 18:37:22.026,0.76687,0.76694,1.95,1.00
2016.09.15 18:37:22.276,0.76687,0.76691,1.00,1.00
2016.09.15 18:37:22.328,0.76686,0.76691,1.00,1.00
2016.09.15 18:37:22.829,0.76686,0.76691,1.00,1.00
2016.09.15 18:37:22.880,0.76686,0.76693,1.00,1.00
2016.09.15 18:37:23.084,0.76686,0.76691,1.00,1.00
2016.09.15 18:37:23.818,0.76685,0.76691,1.50,1.00
2016.09.15 18:37:24.476,0.76687,0.76691,1.00,1.00
2016.09.15 18:37:26.745,0.76686,0.76691,1.00,1.00
2016.09.15 18:37:30.280,0.76685,0.76691,1.00,1.00
2016.09.15 18:37:30.331,0.76686,0.7669,1.00,1.00
2016.09.15 18:37:30.853,0.76686,0.76691,1.00,1.00
2016.09.15 18:37:34.496,0.76686,0.76692,1.00,1.00
2016.09.15 18:37:34.547,0.76686,0.76691,1.50,1.00
2016.09.15 18:37:34.619,0.76686,0.76692,1.00,1.00
2016.09.15 18:37:35.461,0.76684,0.76692,2.25,1.00
2016.09.15 18:37:37.742,0.76684,0.7669,1.00,1.00
2016.09.15 18:37:37.793,0.76683,0.76688,1.00,1.00
2016.09.15 18:37:37.895,0.76682,0.76688,1.50,1.00
2016.09.15 18:37:38.222,0.76682,0.76687,1.00,1.00
2016.09.15 18:37:39.784,0.76681,0.76687,1.00,1.00
2016.09.15 18:37:39.886,0.76681,0.76687,1.50,1.00
2016.09.15 18:37:42.554,0.76682,0.76687,1.00,1.00
2016.09.15 18:37:44.742,0.76681,0.76686,1.00,1.00
2016.09.15 18:37:48.215,0.76681,0.76685,1.00,1.00
2016.09.15 18:37:48.681,0.76685,0.76692,1.00,1.20
2016.09.15 18:37:48.733,0.76685,0.76692,1.50,1.00
2016.09.15 18:37:48.784,0.76687,0.76693,1.12,1.00
2016.09.15 18:37:48.835,0.76687,0.76693,1.87,1.00
2016.09.15 18:37:49.655,0.76689,0.76693,1.00,1.00
2016.09.15 18:37:50.171,0.76688,0.76692,1.00,1.00
2016.09.15 18:37:50.273,0.76689,0.76693,1.00,1.00
2016.09.15 18:37:52.382,0.76687,0.76692,1.00,1.00
2016.09.15 18:37:53.520,0.76689,0.76693,1.00,1.00
2016.09.15 18:37:55.193,0.76687,0.76692,1.12,1.00
2016.09.15 18:37:55.735,0.76687,0.76692,1.00,1.00
2016.09.15 18:37:57.564,0.76689,0.76693,1.00,1.00
2016.09.15 18:37:58.202,0.76689,0.76697,1.00,1.69
2016.09.15 18:37:58.253,0.76691,0.76696,1.00,1.00
2016.09.15 18:38:00.632,0.76692,0.76696,1.00,1.00
2016.09.15 18:38:01.134,0.76691,0.76695,1.00,1.00
2016.09.15 18:38:01.635,0.7669,0.76695,1.00,1.00
2016.09.15 18:38:03.157,0.76691,0.76695,1.00,1.00
2016.09.15 18:38:05.005,0.76691,0.76696,1.00,1.00
2016.09.15 18:38:05.518,0.76692,0.76696,1.00,1.00
2016.09.15 18:38:11.401,0.76692,0.76699,1.00,1.00
2016.09.15 18:38:12.958,0.76695,0.76702,1.00,1.50
2016.09.15 18:38:13.152,0.76694,0.76698,1.00,1.00
2016.09.15 18:38:13.678,0.76695,0.76699,1.00,1.00
2016.09.15 18:38:17.334,0.76695,0.76699,1.00,1.00
2016.09.15 18:38:17.487,0.76693,0.76698,1.00,1.50
2016.09.15 18:38:17.589,0.76693,0.76698,1.00,1.00
2016.09.15 18:38:18.664,0.76691,0.76697,1.00,1.87
2016.09.15 18:38:18.716,0.76691,0.76695,1.00,1.50
2016.09.15 18:38:18.768,0.7669,0.76695,1.00,1.87
2016.09.15 18:38:18.871,0.7669,0.76694,1.00,1.12
2016.09.15 18:38:19.390,0.7669,0.76694,1.00,1.00
2016.09.15 18:38:19.805,0.76691,0.76695,1.00,1.50
2016.09.15 18:38:20.009,0.76691,0.76695,1.00,1.00
2016.09.15 18:38:22.180,0.76691,0.76697,1.00,1.01
2016.09.15 18:38:23.595,0.76691,0.76697,1.00,1.39
2016.09.15 18:38:23.810,0.76691,0.76697,1.00,1.01
2016.09.15 18:38:26.065,0.76691,0.76697,1.00,1.39
2016.09.15 18:38:26.797,0.76691,0.76696,1.00,1.12
2016.09.15 18:38:26.899,0.76689,0.76693,1.00,1.00
2016.09.15 18:38:27.002,0.76689,0.76694,1.00,1.31
2016.09.15 18:38:27.104,0.76687,0.76694,1.00,2.06
2016.09.15 18:38:29.722,0.76687,0.76694,1.00,1.31
2016.09.15 18:38:30.673,0.76689,0.76695,1.00,1.69
2016.09.15 18:38:30.726,0.76689,0.76697,1.50,1.87
2016.09.15 18:38:30.779,0.76689,0.76697,1.50,1.12
2016.09.15 18:38:30.831,0.7669,0.76697,1.00,1.00
2016.09.15 18:38:31.096,0.76689,0.76696,1.00,1.12
2016.09.15 18:38:31.503,0.76689,0.76696,1.00,1.00
2016.09.15 18:38:31.605,0.76689,0.76697,1.00,1.00
2016.09.15 18:38:32.108,0.76689,0.76697,1.50,1.50
2016.09.15 18:38:32.328,0.7669,0.76697,1.00,1.50
2016.09.15 18:38:32.430,0.7669,0.76698,1.50,2.25
2016.09.15 18:38:32.482,0.7669,0.76698,1.50,1.50
2016.09.15 18:38:32.635,0.76691,0.76699,1.00,1.25
2016.09.15 18:38:34.070,0.76692,0.767,1.00,2.06
2016.09.15 18:38:34.245,0.76694,0.767,1.00,1.50
2016.09.15 18:38:34.296,0.76694,0.767,1.00,1.00
2016.09.15 18:38:34.830,0.76694,0.76702,1.00,1.00
2016.09.15 18:38:34.881,0.76694,0.76701,1.00,1.19
2016.09.15 18:38:35.115,0.76696,0.76701,1.00,1.19
2016.09.15 18:38:36.836,0.76697,0.76701,1.00,1.25
2016.09.15 18:38:36.887,0.76697,0.76705,1.00,5.06
2016.09.15 18:38:37.051,0.76697,0.76705,1.00,3.64
2016.09.15 18:38:37.103,0.76699,0.76704,1.00,1.00
2016.09.15 18:38:37.438,0.767,0.76705,1.00,1.01
2016.09.15 18:38:37.541,0.76701,0.76706,1.00,1.76
2016.09.15 18:38:37.592,0.76701,0.76706,1.00,1.31
2016.09.15 18:38:37.643,0.76701,0.76706,1.00,1.19
2016.09.15 18:38:37.746,0.76701,0.76706,1.00,1.00
2016.09.15 18:38:38.454,0.76701,0.76708,1.00,1.25
2016.09.15 18:38:39.110,0.76702,0.76708,1.00,1.25
2016.09.15 18:38:40.700,0.76702,0.76707,1.00,2.44
2016.09.15 18:38:40.920,0.76701,0.76707,1.00,2.06
2016.09.15 18:38:40.971,0.76701,0.76706,1.00,1.19
2016.09.15 18:38:41.511,0.767,0.76706,1.00,1.19
2016.09.15 18:38:42.640,0.76702,0.76706,1.00,1.25
2016.09.15 18:38:42.692,0.76702,0.76708,1.00,1.25
2016.09.15 18:38:42.743,0.76702,0.76709,1.00,1.69
2016.09.15 18:38:42.979,0.76702,0.76709,1.00,1.19
2016.09.15 18:38:43.031,0.76702,0.76709,1.00,1.19
2016.09.15 18:38:43.910,0.76703,0.76709,1.00,1.19
2016.09.15 18:38:45.622,0.76703,0.76709,1.00,1.19
2016.09.15 18:38:46.465,0.76703,0.76707,1.00,1.00
2016.09.15 18:38:47.888,0.76703,0.76708,1.00,1.25
2016.09.15 18:38:49.684,0.76703,0.7671,1.00,2.44
2016.09.15 18:38:50.295,0.76703,0.76709,1.00,1.19
2016.09.15 18:38:50.523,0.76703,0.7671,1.00,2.44
2016.09.15 18:38:50.575,0.76703,0.7671,1.00,1.69
2016.09.15 18:38:51.104,0.76702,0.76709,1.00,1.00
2016.09.15 18:38:51.155,0.76702,0.76709,1.00,1.12
2016.09.15 18:38:51.207,0.76701,0.76707,1.00,1.00
2016.09.15 18:38:51.309,0.76701,0.76707,1.00,1.50
2016.09.15 18:38:51.361,0.76701,0.76707,1.00,1.50
2016.09.15 18:38:51.665,0.767,0.76706,1.00,1.31
2016.09.15 18:38:52.573,0.767,0.76705,1.00,1.25
2016.09.15 18:38:53.036,0.76699,0.76704,1.00,1.00
2016.09.15 18:38:53.566,0.76699,0.76705,1.00,1.25
2016.09.15 18:38:53.914,0.76699,0.76705,1.00,1.69
2016.09.15 18:38:54.603,0.76699,0.76704,1.00,1.00
2016.09.15 18:38:55.231,0.767,0.76704,1.00,1.00
2016.09.15 18:38:55.283,0.767,0.76705,1.00,1.25
2016.09.15 18:38:55.636,0.767,0.76706,1.00,1.69
2016.09.15 18:38:56.776,0.76698,0.76706,1.00,1.69
2016.09.15 18:38:56.827,0.76698,0.76704,1.00,1.00
2016.09.15 18:38:58.626,0.76695,0.76703,1.50,1.19
2016.09.15 18:38:58.679,0.76695,0.76701,1.00,1.00
2016.09.15 18:38:58.731,0.76694,0.76701,1.00,1.00
2016.09.15 18:38:59.040,0.76694,0.76702,1.00,1.25
2016.09.15 18:38:59.245,0.76697,0.76702,1.00,1.25
2016.09.15 18:38:59.737,0.76696,0.76704,1.00,3.19
2016.09.15 18:38:59.788,0.76696,0.76704,1.00,2.44
2016.09.15 18:39:01.036,0.76696,0.76703,1.00,1.19
2016.09.15 18:39:01.190,0.76697,0.76703,1.00,1.00
2016.09.15 18:39:02.441,0.76697,0.76705,1.00,1.50
2016.09.15 18:39:06.713,0.76694,0.76702,1.50,1.00
2016.09.15 18:39:07.448,0.76694,0.76702,1.87,1.00
2016.09.15 18:39:10.217,0.76694,0.76702,2.25,1.00
2016.09.15 18:39:10.371,0.76694,0.76702,1.87,1.00
2016.09.15 18:39:10.473,0.76694,0.76702,2.25,1.00
2016.09.15 18:39:10.834,0.76694,0.76702,2.25,1.00
2016.09.15 18:39:11.330,0.76694,0.76702,1.87,1.00
2016.09.15 18:39:11.503,0.76694,0.76702,1.87,1.00
2016.09.15 18:39:12.744,0.76696,0.76702,1.00,1.00
2016.09.15 18:39:14.916,0.76696,0.76702,1.50,1.00
2016.09.15 18:39:18.142,0.76694,0.76702,1.87,1.50
2016.09.15 18:39:18.194,0.76694,0.76702,1.50,1.50
2016.09.15 18:39:18.246,0.76694,0.76702,2.25,1.69
2016.09.15 18:39:18.449,0.76694,0.76702,1.00,1.69
2016.09.15 18:39:18.687,0.76693,0.767,1.00,1.00
2016.09.15 18:39:18.738,0.76692,0.767,1.50,1.00
2016.09.15 18:39:18.840,0.76692,0.767,1.12,1.00
2016.09.15 18:39:19.338,0.76692,0.767,1.87,1.00
2016.09.15 18:39:19.458,0.76693,0.76701,1.00,1.00
2016.09.15 18:39:19.509,0.76693,0.76701,1.50,1.00
2016.09.15 18:39:19.838,0.76693,0.76701,2.25,1.00
2016.09.15 18:39:21.382,0.76693,0.76701,1.50,1.00
2016.09.15 18:39:28.514,0.76693,0.767,1.00,1.00
2016.09.15 18:39:28.565,0.76692,0.767,1.00,1.00
2016.09.15 18:39:29.922,0.76691,0.76699,1.50,1.00
2016.09.15 18:39:29.973,0.76689,0.76697,2.51,1.00
2016.09.15 18:39:30.024,0.7669,0.76698,1.00,1.00
2016.09.15 18:39:31.206,0.76691,0.76699,1.00,1.00
2016.09.15 18:39:31.698,0.76691,0.76699,1.50,1.50
2016.09.15 18:39:31.803,0.76691,0.76699,1.50,1.00
2016.09.15 18:39:32.498,0.76691,0.76699,1.00,1.50
2016.09.15 18:39:32.704,0.7669,0.76698,1.87,1.00
2016.09.15 18:39:32.807,0.76691,0.76698,1.00,1.00
2016.09.15 18:39:32.858,0.76691,0.76699,1.50,1.00
2016.09.15 18:39:32.909,0.76694,0.76699,1.00,1.00
2016.09.15 18:39:33.208,0.76694,0.76701,1.00,1.00
2016.09.15 18:39:33.365,0.76694,0.76702,1.50,1.50
2016.09.15 18:39:33.915,0.76694,0.76702,1.00,1.00
2016.09.15 18:39:35.479,0.76693,0.76701,1.50,1.00
2016.09.15 18:39:36.335,0.76694,0.76702,1.00,1.00
2016.09.15 18:39:36.874,0.76695,0.76702,1.00,1.00
2016.09.15 18:39:37.349,0.76694,0.767,1.00,1.00
2016.09.15 18:39:37.401,0.76692,0.767,1.50,1.00
2016.09.15 18:39:37.709,0.76692,0.76698,1.50,1.00
2016.09.15 18:39:40.503,0.76693,0.76698,1.00,1.00
2016.09.15 18:39:40.605,0.76693,0.767,1.00,1.00
2016.09.15 18:39:41.133,0.76695,0.76701,1.00,1.00
2016.09.15 18:39:41.675,0.76695,0.767,1.00,1.00
2016.09.15 18:39:42.527,0.76693,0.767,1.00,1.00
2016.09.15 18:39:43.532,0.76694,0.767,1.00,1.00
2016.09.15 18:39:43.770,0.76694,0.76702,1.50,1.00
2016.09.15 18:39:43.821,0.76695,0.76702,1.00,1.00
2016.09.15 18:39:44.463,0.76695,0.76701,1.00,1.00
2016.09.15 18:39:44.514,0.76693,0.76701,1.87,1.00
2016.09.15 18:39:45.176,0.76694,0.76702,1.00,1.00
2016.09.15 18:39:46.745,0.76694,0.76702,2.25,1.00
2016.09.15 18:39:48.650,0.76695,0.76702,1.00,1.00
2016.09.15 18:39:49.612,0.76694,0.76702,2.25,1.00
2016.09.15 18:39:49.663,0.76694,0.76702,1.50,1.00
2016.09.15 18:39:50.664,0.76694,0.76702,1.87,1.00
2016.09.15 18:39:50.715,0.76696,0.76702,1.00,1.00
2016.09.15 18:39:58.646,0.76696,0.76702,1.50,1.00
2016.09.15 18:40:00.669,0.76696,0.76702,1.00,1.00
2016.09.15 18:40:02.173,0.76695,0.76702,1.00,1.00
2016.09.15 18:40:05.072,0.76695,0.76702,1.12,1.00
2016.09.15 18:40:05.276,0.76695,0.76702,1.00,1.00
2016.09.15 18:40:05.686,0.76694,0.76702,2.25,1.00
2016.09.15 18:40:05.880,0.76694,0.76702,1.87,1.00
2016.09.15 18:40:06.642,0.76694,0.76702,1.50,1.00
2016.09.15 18:40:07.692,0.76694,0.76701,1.00,1.00
2016.09.15 18:40:07.744,0.76693,0.76701,2.25,1.00
2016.09.15 18:40:07.796,0.76693,0.76701,1.87,1.00
2016.09.15 18:40:07.847,0.76693,0.76701,1.50,1.00
2016.09.15 18:40:08.051,0.76694,0.76698,1.00,1.00
2016.09.15 18:40:08.107,0.76694,0.76702,1.50,1.50
2016.09.15 18:40:08.159,0.76695,0.76703,1.87,1.50
2016.09.15 18:40:08.261,0.76696,0.76703,1.00,1.00
2016.09.15 18:40:08.313,0.76696,0.76702,1.37,1.00
2016.09.15 18:40:08.604,0.76696,0.767,1.00,1.00
2016.09.15 18:40:09.135,0.76695,0.76702,1.00,1.00
2016.09.15 18:40:09.289,0.76695,0.76703,1.50,1.00
2016.09.15 18:40:09.497,0.76696,0.76703,1.00,1.00
2016.09.15 18:40:09.943,0.76696,0.76704,1.50,1.00
2016.09.15 18:40:12.466,0.76696,0.76704,1.87,1.00
2016.09.15 18:40:15.167,0.76698,0.76704,1.00,1.00
2016.09.15 18:40:17.950,0.76698,0.76705,1.00,1.00
2016.09.15 18:40:18.989,0.76697,0.76705,1.50,1.00
2016.09.15 18:40:19.294,0.76698,0.76706,1.00,1.00
2016.09.15 18:40:20.077,0.76698,0.76706,1.50,1.50
2016.09.15 18:40:20.128,0.76699,0.76706,1.00,1.00
2016.09.15 18:40:20.179,0.76699,0.76707,1.00,1.50
2016.09.15 18:40:20.436,0.767,0.76707,1.00,1.00
2016.09.15 18:40:20.538,0.76702,0.76707,1.00,1.00
2016.09.15 18:40:20.590,0.76702,0.76709,1.00,1.00
2016.09.15 18:40:21.114,0.76702,0.76708,1.00,1.00
2016.09.15 18:40:21.690,0.76701,0.76708,1.00,1.00
2016.09.15 18:40:22.200,0.76701,0.76707,1.00,1.00
2016.09.15 18:40:22.542,0.76698,0.76707,1.00,1.50
2016.09.15 18:40:22.800,0.76698,0.76706,1.00,1.50
2016.09.15 18:40:22.904,0.76699,0.76705,1.00,1.00
2016.09.15 18:40:23.110,0.767,0.76708,1.00,1.87
2016.09.15 18:40:23.161,0.76702,0.76708,1.00,1.87
2016.09.15 18:40:23.264,0.76702,0.76708,1.00,1.50
2016.09.15 18:40:34.015,0.76702,0.76708,1.00,2.62
2016.09.15 18:40:34.117,0.76702,0.76706,1.00,1.00
2016.09.15 18:40:34.219,0.76702,0.76708,1.00,2.62
2016.09.15 18:40:34.507,0.76701,0.76707,1.00,1.00
2016.09.15 18:40:35.099,0.76701,0.76707,1.00,1.50
2016.09.15 18:40:35.201,0.76701,0.76707,1.00,1.00
2016.09.15 18:40:36.308,0.76701,0.76707,1.00,1.50
2016.09.15 18:40:36.563,0.76699,0.76707,1.50,1.50
2016.09.15 18:40:36.614,0.767,0.76707,1.00,1.50
2016.09.15 18:40:36.665,0.76701,0.76707,1.00,1.00
2016.09.15 18:40:36.763,0.76701,0.76707,1.00,1.12
2016.09.15 18:40:36.867,0.76701,0.76707,1.00,1.00
2016.09.15 18:40:37.201,0.76703,0.76707,1.00,1.00
2016.09.15 18:40:37.408,0.76702,0.76709,1.00,1.00
2016.09.15 18:40:37.460,0.76703,0.7671,1.00,2.25
2016.09.15 18:40:37.564,0.76704,0.7671,1.00,1.50
2016.09.15 18:40:37.615,0.76704,0.7671,1.00,2.25
2016.09.15 18:40:38.118,0.76703,0.76709,1.00,1.00
2016.09.15 18:40:38.170,0.76703,0.7671,1.00,1.50
2016.09.15 18:40:38.221,0.76703,0.7671,1.00,1.00
2016.09.15 18:40:38.272,0.76703,0.7671,1.00,1.00
2016.09.15 18:40:38.579,0.76704,0.7671,1.00,1.00
2016.09.15 18:40:39.100,0.76704,0.76712,1.00,2.62
2016.09.15 18:40:39.151,0.76705,0.76711,1.00,1.87
2016.09.15 18:40:39.356,0.76705,0.76711,1.00,1.00
2016.09.15 18:40:39.407,0.76705,0.76711,1.00,1.50
2016.09.15 18:40:39.459,0.76703,0.7671,1.00,1.00
2016.09.15 18:40:40.385,0.76702,0.7671,1.00,1.50
2016.09.15 18:40:40.436,0.76702,0.76709,1.00,1.00
2016.09.15 18:40:42.703,0.76702,0.7671,1.00,1.50
2016.09.15 18:40:42.958,0.76702,0.7671,1.00,2.25
2016.09.15 18:40:43.696,0.76702,0.7671,1.50,2.25
2016.09.15 18:40:45.015,0.76702,0.7671,1.50,1.50
2016.09.15 18:40:46.797,0.76703,0.7671,1.00,1.00
2016.09.15 18:40:46.899,0.76703,0.7671,1.00,1.00
2016.09.15 18:40:47.339,0.76703,0.76711,1.00,1.50
2016.09.15 18:40:48.311,0.76703,0.76711,1.00,1.00
2016.09.15 18:40:48.362,0.76704,0.76712,1.00,1.87
2016.09.15 18:40:48.414,0.76704,0.76712,1.00,1.50
2016.09.15 18:40:49.335,0.76705,0.76713,1.00,1.00
2016.09.15 18:40:49.541,0.76705,0.76713,1.00,1.12
2016.09.15 18:40:49.593,0.76706,0.76714,1.00,2.62
2016.09.15 18:40:49.951,0.76706,0.76713,1.00,1.12
2016.09.15 18:40:50.003,0.76706,0.76713,1.00,1.87
2016.09.15 18:40:52.139,0.76706,0.76712,1.00,1.00
2016.09.15 18:40:53.450,0.76706,0.76712,1.00,1.50
2016.09.15 18:40:53.601,0.76706,0.76711,1.00,1.00
2016.09.15 18:40:53.654,0.76705,0.76711,1.00,1.00
2016.09.15 18:40:54.164,0.76705,0.76712,1.00,1.00
2016.09.15 18:40:54.714,0.76704,0.76711,1.00,1.00
2016.09.15 18:40:56.076,0.76701,0.76707,1.00,1.00
2016.09.15 18:40:56.128,0.76702,0.76707,1.00,1.00
2016.09.15 18:40:56.179,0.767,0.76707,1.00,1.00
2016.09.15 18:40:56.230,0.76702,0.76707,1.00,1.00
2016.09.15 18:40:56.476,0.76702,0.76709,1.00,1.50
2016.09.15 18:40:56.527,0.76703,0.7671,1.00,1.87
2016.09.15 18:40:56.579,0.76704,0.76711,1.00,1.37
2016.09.15 18:40:56.632,0.76704,0.76711,1.00,1.00
2016.09.15 18:40:56.735,0.76704,0.76711,1.00,1.00
2016.09.15 18:40:58.061,0.76706,0.76712,1.00,1.50
2016.09.15 18:40:58.163,0.76706,0.76712,1.00,1.00
2016.09.15 18:40:58.697,0.76706,0.76713,1.00,1.00
2016.09.15 18:40:59.769,0.76706,0.76713,1.00,1.12
2016.09.15 18:41:00.428,0.76708,0.76713,1.00,1.12
2016.09.15 18:41:00.532,0.76708,0.76714,1.00,1.00
2016.09.15 18:41:01.508,0.76708,0.76714,1.00,1.50
2016.09.15 18:41:01.660,0.76705,0.76714,1.00,1.50
2016.09.15 18:41:01.932,0.76706,0.76713,1.00,1.00
2016.09.15 18:41:01.984,0.76707,0.76714,1.00,1.00
2016.09.15 18:41:02.036,0.76707,0.76714,1.00,1.00
2016.09.15 18:41:02.241,0.76708,0.76714,1.00,1.00
2016.09.15 18:41:03.233,0.76706,0.76714,1.00,1.00
2016.09.15 18:41:03.284,0.76705,0.76714,1.50,1.00
2016.09.15 18:41:03.336,0.76708,0.76715,1.00,1.20
2016.09.15 18:41:03.538,0.76709,0.76716,1.00,1.00
2016.09.15 18:41:03.796,0.76709,0.76717,1.00,1.87
2016.09.15 18:41:04.001,0.76708,0.76716,1.00,1.00
2016.09.15 18:41:04.340,0.76708,0.76715,1.00,1.00
2016.09.15 18:41:05.804,0.7671,0.76715,1.00,1.00
2016.09.15 18:41:06.290,0.76708,0.76715,1.00,1.00
2016.09.15 18:41:10.974,0.76709,0.76715,1.00,1.00
2016.09.15 18:41:11.191,0.76711,0.76716,1.00,1.00
2016.09.15 18:41:11.555,0.7671,0.76717,1.00,1.50
2016.09.15 18:41:12.284,0.7671,0.76717,1.00,1.00
2016.09.15 18:41:12.386,0.7671,0.76716,1.00,1.00
2016.09.15 18:41:13.391,0.7671,0.76717,1.00,1.00
2016.09.15 18:41:13.442,0.7671,0.76717,1.00,1.00
2016.09.15 18:41:13.994,0.76709,0.76716,1.00,1.00
2016.09.15 18:41:20.005,0.7671,0.76717,1.00,1.00
2016.09.15 18:41:20.056,0.76711,0.76717,1.00,1.10
2016.09.15 18:41:20.108,0.76711,0.76718,1.00,2.62
2016.09.15 18:41:20.159,0.76711,0.76718,1.00,2.25
2016.09.15 18:41:20.359,0.76711,0.76718,1.00,1.87
2016.09.15 18:41:20.998,0.76711,0.76717,1.00,1.12
2016.09.15 18:41:21.599,0.76711,0.76717,1.00,1.50
2016.09.15 18:41:21.651,0.7671,0.76717,1.00,1.00
2016.09.15 18:41:21.790,0.76711,0.76718,1.00,1.87
2016.09.15 18:41:21.841,0.76708,0.76716,1.50,1.00
2016.09.15 18:41:21.943,0.76708,0.76716,1.00,1.00
2016.09.15 18:41:22.046,0.76707,0.76715,1.00,1.00
2016.09.15 18:41:23.213,0.76706,0.76715,1.00,1.00
2016.09.15 18:41:23.762,0.76707,0.76715,1.00,1.00
2016.09.15 18:41:23.813,0.76707,0.76714,1.00,1.00
2016.09.15 18:41:24.387,0.76707,0.76715,1.00,1.50
2016.09.15 18:41:25.482,0.76707,0.76715,1.00,2.25
2016.09.15 18:41:25.533,0.76706,0.76714,1.00,1.00
2016.09.15 18:41:25.636,0.76706,0.76715,1.00,1.87
2016.09.15 18:41:25.740,0.76706,0.76714,1.00,1.00
2016.09.15 18:41:26.047,0.76707,0.76713,1.00,1.00
2016.09.15 18:41:26.239,0.76705,0.76712,1.00,1.00
2016.09.15 18:41:26.443,0.76704,0.76712,1.00,1.50
2016.09.15 18:41:26.821,0.76705,0.76712,1.00,1.00
2016.09.15 18:41:27.024,0.76705,0.76713,1.00,1.50
2016.09.15 18:41:27.213,0.76705,0.76713,1.00,1.00
2016.09.15 18:41:27.521,0.76706,0.76714,1.00,1.50
2016.09.15 18:41:28.172,0.76706,0.76714,1.00,1.00
2016.09.15 18:41:28.716,0.76705,0.76714,1.00,1.00
2016.09.15 18:41:29.446,0.76705,0.76713,1.50,1.00
2016.09.15 18:41:30.020,0.76706,0.76714,1.00,1.00
2016.09.15 18:41:30.073,0.76706,0.76714,1.50,1.00
2016.09.15 18:41:30.125,0.76706,0.76714,1.00,1.00
2016.09.15 18:41:30.227,0.76706,0.76714,1.00,1.37
2016.09.15 18:41:30.421,0.76706,0.76714,1.00,1.00
2016.09.15 18:41:30.523,0.76708,0.76714,1.00,1.00
2016.09.15 18:41:30.574,0.76707,0.76716,1.00,2.70
2016.09.15 18:41:30.625,0.76707,0.76716,1.00,2.25
2016.09.15 18:41:31.483,0.76708,0.76714,1.00,1.00
2016.09.15 18:41:31.942,0.76708,0.76714,1.00,1.50
2016.09.15 18:41:32.877,0.76708,0.76714,1.00,1.00
2016.09.15 18:41:32.989,0.76708,0.76716,1.00,2.25
2016.09.15 18:41:33.040,0.76708,0.76716,1.00,1.50
2016.09.15 18:41:33.091,0.76708,0.76716,1.00,1.00
2016.09.15 18:41:33.608,0.76709,0.76716,1.00,1.00
2016.09.15 18:41:34.650,0.76708,0.76716,1.00,1.00
2016.09.15 18:41:34.877,0.76708,0.76717,1.00,1.50
2016.09.15 18:41:35.235,0.76709,0.76717,1.00,1.00
2016.09.15 18:41:37.135,0.7671,0.76718,1.00,2.62
2016.09.15 18:41:37.338,0.7671,0.76718,1.00,2.25
2016.09.15 18:41:37.698,0.7671,0.76718,1.00,2.62
2016.09.15 18:41:38.739,0.7671,0.76718,1.00,3.00
2016.09.15 18:41:39.154,0.76709,0.76717,1.00,1.00
2016.09.15 18:41:41.429,0.7671,0.76718,1.00,2.62
2016.09.15 18:41:41.480,0.76711,0.76719,1.50,1.87
2016.09.15 18:41:41.531,0.76713,0.76719,1.00,1.00
2016.09.15 18:41:41.583,0.76713,0.76719,1.00,1.00
2016.09.15 18:41:41.635,0.76711,0.76717,1.50,1.00
2016.09.15 18:41:41.686,0.76711,0.76717,1.00,1.00
2016.09.15 18:41:42.284,0.76711,0.76716,1.00,1.00
2016.09.15 18:41:44.366,0.76711,0.76718,1.00,1.50
2016.09.15 18:41:44.418,0.76711,0.76718,1.00,1.00
2016.09.15 18:41:45.385,0.76711,0.76719,1.50,1.00
2016.09.15 18:41:45.539,0.76713,0.76719,1.00,1.50
2016.09.15 18:41:47.773,0.76713,0.76719,1.00,1.00
2016.09.15 18:41:49.930,0.76712,0.7672,1.00,1.00
2016.09.15 18:41:49.981,0.76713,0.7672,1.00,1.50
2016.09.15 18:41:50.997,0.76713,0.7672,1.00,1.00
2016.09.15 18:41:52.980,0.76713,0.76721,1.00,1.50
2016.09.15 18:41:53.922,0.76715,0.76722,1.00,1.00
2016.09.15 18:41:54.025,0.76715,0.76723,1.00,2.25
2016.09.15 18:41:54.127,0.76716,0.76723,1.00,1.50
2016.09.15 18:41:54.179,0.76716,0.76724,1.00,1.87
2016.09.15 18:41:54.231,0.76718,0.76724,1.00,1.50
2016.09.15 18:41:54.282,0.76718,0.76724,1.00,1.00
2016.09.15 18:41:54.385,0.76717,0.76725,1.00,1.00
2016.09.15 18:41:54.658,0.76717,0.76725,1.00,1.12
2016.09.15 18:41:54.762,0.76718,0.76724,1.00,1.00
2016.09.15 18:41:55.216,0.76718,0.76724,1.00,1.50
2016.09.15 18:41:57.101,0.76718,0.76723,1.00,1.00
2016.09.15 18:41:59.434,0.76718,0.76722,1.00,1.00
2016.09.15 18:42:00.226,0.76718,0.76724,1.00,1.50
2016.09.15 18:42:00.277,0.76718,0.76724,1.00,1.00
2016.09.15 18:42:00.328,0.76718,0.76725,1.00,1.00
2016.09.15 18:42:00.735,0.7672,0.76725,1.00,1.00
2016.09.15 18:42:00.786,0.76721,0.76726,1.00,1.12
2016.09.15 18:42:00.864,0.76721,0.76727,1.00,1.00
2016.09.15 18:42:03.199,0.76722,0.76727,1.00,1.00
2016.09.15 18:42:03.710,0.76723,0.76727,1.00,1.00
2016.09.15 18:42:04.168,0.76725,0.76729,1.00,1.50
2016.09.15 18:42:04.219,0.76726,0.7673,1.00,1.00
2016.09.15 18:42:04.271,0.76727,0.76731,1.00,1.50
2016.09.15 18:42:04.322,0.76727,0.76731,1.00,1.00
2016.09.15 18:42:04.509,0.76727,0.76732,1.00,1.00
2016.09.15 18:42:04.715,0.76728,0.76732,1.00,1.00
2016.09.15 18:42:06.855,0.76729,0.76735,1.00,1.19
2016.09.15 18:42:06.907,0.7673,0.76736,1.00,1.50
2016.09.15 18:42:06.959,0.76731,0.76736,1.00,1.00
2016.09.15 18:42:07.039,0.76731,0.76736,1.00,1.00
2016.09.15 18:42:07.141,0.76729,0.76736,1.00,1.50
2016.09.15 18:42:07.193,0.76728,0.76736,1.00,2.06
2016.09.15 18:42:07.244,0.76729,0.76735,1.00,2.62
2016.09.15 18:42:07.443,0.76727,0.76731,1.00,1.00
2016.09.15 18:42:07.621,0.76728,0.76733,1.00,2.25
2016.09.15 18:42:07.673,0.76729,0.76734,1.00,1.87
2016.09.15 18:42:07.725,0.7673,0.76734,1.00,1.00
2016.09.15 18:42:08.275,0.76729,0.76734,1.00,1.00
2016.09.15 18:42:08.635,0.76729,0.76736,1.00,1.87
2016.09.15 18:42:08.996,0.76729,0.76736,1.00,2.25
2016.09.15 18:42:09.200,0.7673,0.76736,1.00,1.50
2016.09.15 18:42:09.398,0.7673,0.76736,1.00,3.00
2016.09.15 18:42:09.449,0.7673,0.76735,1.00,1.37
2016.09.15 18:42:09.501,0.76729,0.76735,1.00,1.87
2016.09.15 18:42:09.552,0.76729,0.76733,1.00,1.12
2016.09.15 18:42:09.654,0.76727,0.76733,1.00,1.87
2016.09.15 18:42:09.756,0.76727,0.76732,1.00,1.12
2016.09.15 18:42:10.840,0.76727,0.76732,1.00,1.00
2016.09.15 18:42:13.233,0.76727,0.76731,1.00,1.00
2016.09.15 18:42:13.750,0.76726,0.76731,1.00,1.00
2016.09.15 18:42:14.261,0.76726,0.7673,1.00,1.00
2016.09.15 18:42:14.753,0.76726,0.76731,1.00,1.00
2016.09.15 18:42:15.065,0.76726,0.76732,1.00,1.50
2016.09.15 18:42:15.271,0.76725,0.7673,1.00,1.00
2016.09.15 18:42:15.648,0.76727,0.76732,1.00,1.00
2016.09.15 18:42:15.699,0.76727,0.76733,1.00,1.50
2016.09.15 18:42:15.750,0.76727,0.76733,1.00,2.25
2016.09.15 18:42:15.802,0.76727,0.76732,1.00,1.00
2016.09.15 18:42:15.955,0.76727,0.76732,1.00,1.00
2016.09.15 18:42:16.636,0.76727,0.76732,1.00,1.50
2016.09.15 18:42:17.067,0.76727,0.76732,1.00,1.50
2016.09.15 18:42:19.189,0.76725,0.76732,1.00,1.50
2016.09.15 18:42:20.868,0.76725,0.76732,1.00,1.00
2016.09.15 18:42:21.995,0.76725,0.76732,1.00,1.00
2016.09.15 18:42:22.352,0.76725,0.76732,1.00,1.50
2016.09.15 18:42:24.074,0.76726,0.76732,1.00,1.50
2016.09.15 18:42:28.149,0.76725,0.76732,1.00,1.00
2016.09.15 18:42:28.200,0.76725,0.76729,1.00,1.00
2016.09.15 18:42:28.303,0.76723,0.76729,1.00,1.00
2016.09.15 18:42:28.355,0.76723,0.76728,1.00,1.00
2016.09.15 18:42:28.406,0.76722,0.76726,1.00,1.00
2016.09.15 18:42:28.944,0.76723,0.76727,1.00,1.00
2016.09.15 18:42:29.560,0.76722,0.76726,1.00,1.00
2016.09.15 18:42:29.717,0.76726,0.76731,1.00,1.00
2016.09.15 18:42:29.769,0.76725,0.76733,1.00,1.12
2016.09.15 18:42:29.963,0.76727,0.76733,1.00,1.00
2016.09.15 18:42:30.233,0.76727,0.76733,1.00,1.50
2016.09.15 18:42:30.284,0.76725,0.76733,1.00,2.25
2016.09.15 18:42:30.335,0.76723,0.7673,1.00,1.00
2016.09.15 18:42:30.387,0.76722,0.76728,1.00,1.50
2016.09.15 18:42:30.489,0.76722,0.76728,1.00,1.50
2016.09.15 18:42:32.866,0.76722,0.76728,1.00,1.00
2016.09.15 18:42:36.983,0.76722,0.76728,1.00,1.50
2016.09.15 18:42:37.446,0.76722,0.76728,1.00,1.00
2016.09.15 18:42:39.996,0.76722,0.76728,1.00,1.50
2016.09.15 18:42:41.745,0.76723,0.76728,1.00,1.00
2016.09.15 18:42:43.573,0.76722,0.76728,1.00,1.50
2016.09.15 18:42:43.777,0.76722,0.76727,1.00,1.00
2016.09.15 18:42:49.935,0.76722,0.76729,1.00,1.00
2016.09.15 18:42:50.478,0.76723,0.76729,1.00,1.00
2016.09.15 18:42:50.631,0.76723,0.7673,1.00,1.50
2016.09.15 18:42:51.114,0.76725,0.7673,1.00,1.00
2016.09.15 18:42:51.633,0.76725,0.76731,1.00,1.00
2016.09.15 18:42:52.056,0.76727,0.76731,1.00,1.00
2016.09.15 18:43:00.342,0.76729,0.76735,1.00,1.00
2016.09.15 18:43:00.393,0.7673,0.76737,1.00,1.12
2016.09.15 18:43:00.570,0.76732,0.76738,1.00,1.50
2016.09.15 18:43:00.621,0.76732,0.76739,1.00,1.00
2016.09.15 18:43:01.016,0.76734,0.76739,1.00,1.00
2016.09.15 18:43:01.068,0.76732,0.76739,1.00,1.00
2016.09.15 18:43:01.120,0.76732,0.76739,1.00,1.50
2016.09.15 18:43:01.796,0.76731,0.76738,1.00,1.00
2016.09.15 18:43:01.847,0.76729,0.76736,1.00,1.00
2016.09.15 18:43:02.052,0.7673,0.76735,1.00,1.50
2016.09.15 18:43:02.470,0.76729,0.76733,1.00,1.00
2016.09.15 18:43:02.522,0.76727,0.76733,1.00,1.00
2016.09.15 18:43:02.625,0.76727,0.76731,1.00,1.00
2016.09.15 18:43:03.379,0.76723,0.7673,1.00,1.00
2016.09.15 18:43:03.736,0.76723,0.76729,1.50,1.00
2016.09.15 18:43:04.320,0.76723,0.76729,1.00,1.00
2016.09.15 18:43:04.941,0.76725,0.76729,1.00,1.00
2016.09.15 18:43:05.447,0.76725,0.7673,1.00,1.00
2016.09.15 18:43:05.703,0.76728,0.76734,1.00,1.00
2016.09.15 18:43:05.962,0.76728,0.76733,1.00,1.00
2016.09.15 18:43:06.512,0.76728,0.76734,1.00,1.50
2016.09.15 18:43:06.975,0.76728,0.76735,1.00,1.87
2016.09.15 18:43:07.077,0.76729,0.76735,1.00,1.50
2016.09.15 18:43:07.288,0.76729,0.76735,1.00,1.50
2016.09.15 18:43:07.798,0.76728,0.76735,1.00,1.50
2016.09.15 18:43:07.850,0.76728,0.76734,1.00,1.00
2016.09.15 18:43:07.952,0.76728,0.76733,1.00,1.50
2016.09.15 18:43:10.120,0.76728,0.76732,1.00,1.00
2016.09.15 18:43:11.922,0.76728,0.76732,1.00,1.50
2016.09.15 18:43:12.473,0.76727,0.76732,1.00,1.50
2016.09.15 18:43:13.097,0.76729,0.76733,1.00,1.50
2016.09.15 18:43:13.149,0.76728,0.76732,1.00,1.50
2016.09.15 18:43:13.377,0.76728,0.76732,1.00,1.00
2016.09.15 18:43:13.480,0.76729,0.76734,1.00,1.00
2016.09.15 18:43:13.582,0.76729,0.76734,1.00,1.00
2016.09.15 18:43:13.994,0.76728,0.76734,1.00,1.00
2016.09.15 18:43:14.147,0.7673,0.76735,1.00,1.50
2016.09.15 18:43:14.198,0.7673,0.76735,1.00,1.00
2016.09.15 18:43:14.250,0.7673,0.76736,1.00,1.50
2016.09.15 18:43:14.444,0.7673,0.76736,1.00,1.50
2016.09.15 18:43:15.377,0.76732,0.76736,1.00,1.50
2016.09.15 18:43:16.260,0.76731,0.76735,1.00,1.00
2016.09.15 18:43:16.611,0.76731,0.76737,1.00,1.00
2016.09.15 18:43:16.662,0.76733,0.76737,1.00,1.00
2016.09.15 18:43:16.820,0.76735,0.76739,1.00,1.50
2016.09.15 18:43:16.871,0.76735,0.76739,1.00,1.00
2016.09.15 18:43:16.922,0.76736,0.7674,1.00,1.50
2016.09.15 18:43:18.434,0.76736,0.7674,1.00,1.00
2016.09.15 18:43:19.660,0.76736,0.76741,1.00,1.50
2016.09.15 18:43:19.762,0.76735,0.76739,1.00,1.00
2016.09.15 18:43:19.813,0.76734,0.76738,1.00,1.00
2016.09.15 18:43:20.413,0.76733,0.76738,1.00,1.00
2016.09.15 18:43:20.794,0.76733,0.76738,1.00,1.12
2016.09.15 18:43:20.846,0.76731,0.76737,1.00,1.00
2016.09.15 18:43:20.898,0.7673,0.76735,1.00,1.50
2016.09.15 18:43:21.597,0.7673,0.76734,1.00,1.00
2016.09.15 18:43:23.280,0.76729,0.76733,1.00,1.00
2016.09.15 18:43:25.470,0.76727,0.76732,1.00,1.00
2016.09.15 18:43:25.521,0.76727,0.76732,1.00,1.50
2016.09.15 18:43:25.674,0.76727,0.76732,1.00,1.00
2016.09.15 18:43:26.667,0.76727,0.76731,1.00,1.00
2016.09.15 18:43:32.683,0.76727,0.76731,1.00,1.00
2016.09.15 18:43:35.212,0.76727,0.76731,1.00,1.00
2016.09.15 18:43:37.330,0.76729,0.76733,1.00,1.00
2016.09.15 18:43:37.381,0.7673,0.76734,1.00,1.00
2016.09.15 18:43:37.483,0.7673,0.76734,1.00,1.00
2016.09.15 18:43:37.585,0.7673,0.76736,1.00,1.50
2016.09.15 18:43:37.993,0.7673,0.76736,1.00,1.50
2016.09.15 18:43:38.345,0.76727,0.76731,1.00,1.00
2016.09.15 18:43:38.398,0.76727,0.76731,1.00,1.00
2016.09.15 18:43:39.211,0.76727,0.76732,1.00,1.50
2016.09.15 18:43:41.769,0.76728,0.76732,1.00,1.50
2016.09.15 18:43:41.820,0.76728,0.76732,1.00,1.00
2016.09.15 18:43:41.872,0.76728,0.76734,1.00,1.50
2016.09.15 18:43:46.160,0.76728,0.76732,1.00,1.00
2016.09.15 18:43:46.491,0.76727,0.76731,1.00,1.50
2016.09.15 18:43:49.781,0.76727,0.76731,1.00,1.00
2016.09.15 18:43:50.494,0.76727,0.76732,1.00,1.00
2016.09.15 18:43:51.653,0.76727,0.76732,1.00,1.50
2016.09.15 18:43:51.736,0.76727,0.76731,1.00,1.00
2016.09.15 18:43:51.787,0.76727,0.76731,1.00,1.50
2016.09.15 18:43:53.018,0.76725,0.76729,1.00,1.00
2016.09.15 18:43:53.271,0.76724,0.76729,1.00,2.25
2016.09.15 18:43:53.375,0.76724,0.76729,1.00,1.50
2016.09.15 18:43:53.426,0.76723,0.76731,1.00,2.25
2016.09.15 18:43:53.478,0.76723,0.76731,1.00,3.00
2016.09.15 18:43:53.529,0.76723,0.76731,1.00,2.25
2016.09.15 18:43:53.785,0.76724,0.76731,1.00,1.50
2016.09.15 18:43:53.890,0.76724,0.76731,1.00,1.87
2016.09.15 18:43:53.941,0.76724,0.76729,1.00,1.00
2016.09.15 18:43:54.126,0.76724,0.76732,1.50,3.75
2016.09.15 18:43:54.178,0.76725,0.76732,1.00,1.50
2016.09.15 18:43:54.230,0.76726,0.76732,1.00,1.00
2016.09.15 18:43:54.536,0.76728,0.76733,1.00,1.00
2016.09.15 18:43:55.046,0.76728,0.76732,1.00,1.00
2016.09.15 18:43:55.456,0.7673,0.76735,1.00,2.25
2016.09.15 18:43:55.507,0.76729,0.76735,1.00,1.50
2016.09.15 18:43:56.629,0.76729,0.76734,1.00,1.00
2016.09.15 18:43:57.280,0.76728,0.76734,1.00,1.00
2016.09.15 18:43:57.382,0.76728,0.76734,1.00,1.50
2016.09.15 18:43:57.433,0.76728,0.76734,1.00,1.00
2016.09.15 18:44:01.184,0.76728,0.76734,1.00,1.12
2016.09.15 18:44:01.894,0.76729,0.76734,1.00,1.87
2016.09.15 18:44:02.048,0.76729,0.76734,1.00,1.12
2016.09.15 18:44:02.462,0.76724,0.7673,3.37,1.00
2016.09.15 18:44:02.513,0.76724,0.7673,1.00,1.87
2016.09.15 18:44:02.564,0.76726,0.7673,1.00,1.12
2016.09.15 18:44:02.616,0.76726,0.76731,1.00,2.06
2016.09.15 18:44:02.668,0.76726,0.76731,1.00,1.69
2016.09.15 18:44:02.719,0.76726,0.76731,1.00,1.00
2016.09.15 18:44:02.770,0.76727,0.76732,1.00,1.20
2016.09.15 18:44:02.873,0.76727,0.76732,1.00,1.12
2016.09.15 18:44:03.308,0.76727,0.76731,1.00,1.00
2016.09.15 18:44:03.768,0.76726,0.7673,1.00,1.12
2016.09.15 18:44:03.819,0.76725,0.7673,1.00,1.87
2016.09.15 18:44:03.871,0.76724,0.76728,1.00,1.00
2016.09.15 18:44:03.974,0.76725,0.76729,1.00,1.10
2016.09.15 18:44:04.025,0.76723,0.76728,1.00,1.00
2016.09.15 18:44:04.077,0.76723,0.76729,1.00,1.10
2016.09.15 18:44:04.226,0.76723,0.76729,1.00,1.00
2016.09.15 18:44:05.931,0.76726,0.7673,1.00,1.00
2016.09.15 18:44:06.083,0.76726,0.76732,1.00,2.25
2016.09.15 18:44:06.134,0.76726,0.76732,1.00,1.50
2016.09.15 18:44:06.949,0.76726,0.76731,1.00,1.00
2016.09.15 18:44:07.488,0.76727,0.76733,1.00,1.50
2016.09.15 18:44:08.002,0.76726,0.76733,1.00,1.50
2016.09.15 18:44:09.541,0.76727,0.76733,1.00,1.50
2016.09.15 18:44:09.971,0.76727,0.76732,1.00,1.00
2016.09.15 18:44:11.184,0.76726,0.7673,1.00,1.00
2016.09.15 18:44:11.696,0.76725,0.7673,1.00,1.00
2016.09.15 18:44:12.579,0.76725,0.76731,1.00,1.50
2016.09.15 18:44:13.157,0.76725,0.7673,1.00,1.00
2016.09.15 18:44:14.769,0.76725,0.76731,1.00,1.50
2016.09.15 18:44:14.974,0.76725,0.7673,1.00,1.00
2016.09.15 18:44:15.086,0.76725,0.76731,1.00,1.50
2016.09.15 18:44:15.761,0.76725,0.76729,1.00,1.00
2016.09.15 18:44:16.474,0.76724,0.7673,1.00,1.50
2016.09.15 18:44:16.525,0.76722,0.76729,1.00,1.00
2016.09.15 18:44:16.832,0.76724,0.76728,1.00,1.00
2016.09.15 18:44:17.166,0.76726,0.7673,1.00,1.00
2016.09.15 18:44:24.091,0.76724,0.76732,1.50,1.65
2016.09.15 18:44:24.142,0.76726,0.76732,1.00,1.65
2016.09.15 18:44:24.193,0.76726,0.76732,1.00,1.50
2016.09.15 18:44:24.397,0.76726,0.76732,1.00,2.25
2016.09.15 18:44:24.499,0.76726,0.76732,1.00,2.62
2016.09.15 18:44:24.797,0.76726,0.76732,1.00,2.70
2016.09.15 18:44:25.103,0.76726,0.7673,1.00,1.00
2016.09.15 18:44:26.158,0.76725,0.76731,1.00,1.00
2016.09.15 18:44:26.693,0.76725,0.76729,1.00,1.00
2016.09.15 18:44:27.241,0.76724,0.76729,1.00,1.00
2016.09.15 18:44:29.035,0.76725,0.76729,1.00,1.00
2016.09.15 18:44:29.087,0.76726,0.76731,1.00,1.12
2016.09.15 18:44:29.180,0.76726,0.76731,1.00,1.00
2016.09.15 18:44:29.234,0.76726,0.76731,1.00,1.00
2016.09.15 18:44:29.748,0.76726,0.76732,1.00,1.00
2016.09.15 18:44:30.614,0.76726,0.7673,1.00,1.00
2016.09.15 18:44:31.115,0.76726,0.76732,1.00,1.00
2016.09.15 18:44:31.752,0.76726,0.76731,1.00,1.00
2016.09.15 18:44:32.324,0.76726,0.76732,1.00,1.00
2016.09.15 18:44:32.869,0.76726,0.76731,1.00,1.00
2016.09.15 18:44:33.513,0.76726,0.76732,1.00,1.00
2016.09.15 18:44:34.884,0.76728,0.76732,1.00,1.00
2016.09.15 18:44:34.994,0.76728,0.76734,1.00,1.50
2016.09.15 18:44:35.244,0.76728,0.76734,1.00,1.87
2016.09.15 18:44:35.889,0.76728,0.76733,1.00,1.00
2016.09.15 18:44:38.177,0.76727,0.76733,1.00,1.12
2016.09.15 18:44:38.228,0.76727,0.76732,1.00,1.00
2016.09.15 18:44:38.434,0.76727,0.76732,1.00,1.12
2016.09.15 18:44:38.896,0.76727,0.76732,1.00,1.00
2016.09.15 18:44:39.911,0.76727,0.76733,1.00,1.12
2016.09.15 18:44:40.013,0.76727,0.76733,1.00,1.00
2016.09.15 18:44:41.519,0.76727,0.76732,1.00,1.00
2016.09.15 18:44:43.337,0.76727,0.76733,1.00,1.00
2016.09.15 18:44:50.538,0.76727,0.76734,1.00,1.00
2016.09.15 18:44:52.819,0.76727,0.76733,1.00,1.00
2016.09.15 18:44:53.523,0.76727,0.76734,1.00,1.00
2016.09.15 18:44:54.088,0.76729,0.76734,1.00,1.00
2016.09.15 18:44:54.359,0.7673,0.76736,1.00,1.00
2016.09.15 18:44:54.462,0.76732,0.76736,1.00,1.00
2016.09.15 18:44:55.559,0.76731,0.76736,1.00,1.00
2016.09.15 18:44:55.865,0.7673,0.76734,1.00,1.00
2016.09.15 18:44:58.022,0.76727,0.76734,1.00,1.00
2016.09.15 18:44:58.074,0.76727,0.76735,1.00,1.50
2016.09.15 18:44:58.266,0.76729,0.76735,1.00,1.00
2016.09.15 18:44:58.778,0.76728,0.76735,1.00,1.00
2016.09.15 18:44:58.829,0.76727,0.76735,1.00,1.50
2016.09.15 18:44:58.881,0.76727,0.76735,1.00,1.87
2016.09.15 18:44:58.932,0.76728,0.76733,1.00,1.50
2016.09.15 18:44:59.181,0.76728,0.76733,1.00,1.87
2016.09.15 18:44:59.284,0.76726,0.76733,1.00,1.87
2016.09.15 18:44:59.335,0.76726,0.76732,1.00,1.00
2016.09.15 18:45:00.268,0.76728,0.76732,1.00,1.00
2016.09.15 18:45:00.370,0.76729,0.76735,1.00,1.20
2016.09.15 18:45:00.421,0.76729,0.76735,1.00,1.50
2016.09.15 18:45:00.472,0.76729,0.76737,1.00,1.87
2016.09.15 18:45:00.778,0.76729,0.76734,1.00,1.00
2016.09.15 18:45:01.478,0.76729,0.76734,1.00,1.12
2016.09.15 18:45:01.884,0.76727,0.76731,1.00,1.00
2016.09.15 18:45:01.936,0.76725,0.76731,1.00,1.87
2016.09.15 18:45:01.988,0.76723,0.76729,1.50,1.00
2016.09.15 18:45:02.040,0.76724,0.7673,1.00,1.50
2016.09.15 18:45:02.091,0.76724,0.7673,1.00,1.00
2016.09.15 18:45:02.661,0.76725,0.7673,1.00,1.00
2016.09.15 18:45:02.810,0.76725,0.76732,1.00,3.15
2016.09.15 18:45:02.862,0.76725,0.76731,1.00,1.00
2016.09.15 18:45:02.913,0.76725,0.76731,1.00,1.00
2016.09.15 18:45:03.067,0.76725,0.76732,1.00,1.50
2016.09.15 18:45:03.169,0.76725,0.76732,1.00,1.87
2016.09.15 18:45:03.220,0.76726,0.76732,1.00,2.62
2016.09.15 18:45:03.323,0.76726,0.76732,1.00,1.87
2016.09.15 18:45:03.801,0.76725,0.7673,1.00,1.00
2016.09.15 18:45:05.378,0.76725,0.76729,1.00,1.00
2016.09.15 18:45:07.461,0.76725,0.7673,1.00,1.00
2016.09.15 18:45:07.992,0.76724,0.7673,1.00,1.00
2016.09.15 18:45:08.370,0.76724,0.76728,1.00,1.00
2016.09.15 18:45:08.475,0.76724,0.7673,1.00,1.12
2016.09.15 18:45:08.664,0.76724,0.76731,1.00,2.25
2016.09.15 18:45:08.718,0.76724,0.76731,1.00,1.87
2016.09.15 18:45:09.214,0.76724,0.76731,1.00,1.87
2016.09.15 18:45:09.265,0.76724,0.76731,1.00,1.50
2016.09.15 18:45:09.367,0.76725,0.7673,1.00,1.00
2016.09.15 18:45:11.078,0.76725,0.76729,1.00,1.00
2016.09.15 18:45:11.879,0.76725,0.7673,1.00,1.00
2016.09.15 18:45:16.186,0.76724,0.7673,1.00,1.00
2016.09.15 18:45:17.138,0.76724,0.7673,1.00,1.50
2016.09.15 18:45:20.664,0.76724,0.7673,1.00,1.00
2016.09.15 18:45:20.715,0.76724,0.76732,1.00,1.87
2016.09.15 18:45:20.818,0.76724,0.76732,1.50,1.87
2016.09.15 18:45:21.009,0.76724,0.76732,1.50,1.50
2016.09.15 18:45:21.819,0.76724,0.76732,1.00,1.00
2016.09.15 18:45:22.816,0.76724,0.76732,1.00,1.50
2016.09.15 18:45:23.891,0.76724,0.76732,1.00,1.00
2016.09.15 18:45:26.048,0.76725,0.76733,1.00,1.00
2016.09.15 18:45:26.255,0.76726,0.76732,1.00,1.12
2016.09.15 18:45:26.306,0.76726,0.76732,1.00,1.12
2016.09.15 18:45:26.357,0.76726,0.76732,1.00,1.00
2016.09.15 18:45:27.029,0.76726,0.76734,1.00,1.50
2016.09.15 18:45:28.047,0.76726,0.76733,1.00,1.00
2016.09.15 18:45:28.558,0.76726,0.76732,1.00,1.00
2016.09.15 18:45:28.609,0.76726,0.76732,1.00,1.00
2016.09.15 18:45:28.813,0.76726,0.76732,1.00,1.00
2016.09.15 18:45:29.406,0.76726,0.76733,1.00,1.12
2016.09.15 18:45:30.054,0.76726,0.7673,1.00,1.00
2016.09.15 18:45:30.616,0.76726,0.76731,1.00,1.00
2016.09.15 18:45:31.061,0.76726,0.76733,1.00,1.00
2016.09.15 18:45:33.905,0.76726,0.76732,1.00,1.00
2016.09.15 18:45:34.103,0.76726,0.76732,1.00,1.50
2016.09.15 18:45:34.155,0.76724,0.76731,1.00,1.00
2016.09.15 18:45:35.208,0.76724,0.7673,1.00,1.00
2016.09.15 18:45:36.547,0.76723,0.7673,1.00,1.00
2016.09.15 18:45:36.701,0.76723,0.7673,1.00,1.50
2016.09.15 18:45:36.773,0.76723,0.76729,1.00,1.00
2016.09.15 18:45:37.741,0.76723,0.7673,1.00,1.00
2016.09.15 18:45:38.723,0.76723,0.76731,1.00,1.50
2016.09.15 18:45:38.985,0.76723,0.76727,1.00,1.00
2016.09.15 18:45:39.036,0.76721,0.76727,1.00,1.00
2016.09.15 18:45:39.139,0.76721,0.76728,1.00,1.25
2016.09.15 18:45:39.190,0.76721,0.76728,1.00,1.00
2016.09.15 18:45:39.915,0.76721,0.76729,1.00,1.50
2016.09.15 18:45:41.274,0.76722,0.7673,1.00,1.00
2016.09.15 18:45:41.478,0.76723,0.76731,1.00,2.25
2016.09.15 18:45:41.769,0.76723,0.76731,1.00,1.50
2016.09.15 18:45:42.024,0.76725,0.76732,1.00,1.69
2016.09.15 18:45:42.075,0.76727,0.76732,1.00,1.50
2016.09.15 18:45:42.237,0.76727,0.76732,1.00,1.00
2016.09.15 18:45:42.288,0.76728,0.76735,1.00,1.00
2016.09.15 18:45:42.798,0.76728,0.76734,1.00,1.00
2016.09.15 18:45:43.536,0.76728,0.76736,1.00,2.81
2016.09.15 18:45:43.587,0.76728,0.76736,1.00,2.44
2016.09.15 18:45:43.689,0.76729,0.76736,1.00,1.69
2016.09.15 18:45:43.741,0.76729,0.76736,1.00,1.25
2016.09.15 18:45:44.016,0.76729,0.76736,1.00,1.25
2016.09.15 18:45:44.270,0.76729,0.76737,1.00,2.44
2016.09.15 18:45:44.791,0.7673,0.76737,1.00,1.69
2016.09.15 18:45:45.119,0.7673,0.76737,1.00,2.44
2016.09.15 18:45:45.170,0.76729,0.76736,1.00,1.19
2016.09.15 18:45:45.723,0.76729,0.76735,1.00,1.19
2016.09.15 18:45:46.725,0.76729,0.76737,1.00,3.19
2016.09.15 18:45:47.226,0.76729,0.76735,1.00,1.19
2016.09.15 18:45:47.927,0.76729,0.76737,1.00,3.19
2016.09.15 18:45:48.103,0.76729,0.76737,1.00,2.25
2016.09.15 18:45:48.358,0.76729,0.76736,1.00,1.00
2016.09.15 18:45:48.610,0.76729,0.76737,1.00,2.25
2016.09.15 18:45:48.993,0.76731,0.76737,1.00,2.25
2016.09.15 18:45:49.044,0.76731,0.76737,1.00,1.50
2016.09.15 18:45:49.248,0.76731,0.76736,1.00,1.00
2016.09.15 18:45:49.453,0.76731,0.76737,1.00,1.00
2016.09.15 18:45:49.731,0.7673,0.76738,1.00,1.50
2016.09.15 18:45:49.820,0.76728,0.76734,1.00,1.00
2016.09.15 18:45:49.871,0.76726,0.76734,2.25,1.00
2016.09.15 18:45:50.278,0.76727,0.76734,1.12,1.00
2016.09.15 18:45:51.259,0.76726,0.76734,1.87,1.00
2016.09.15 18:45:51.310,0.76726,0.76734,2.62,1.00
2016.09.15 18:45:51.412,0.76727,0.76735,1.00,1.00
2016.09.15 18:45:51.616,0.76727,0.76734,1.00,1.00
2016.09.15 18:45:51.823,0.76725,0.76733,1.87,1.00
2016.09.15 18:45:51.906,0.76725,0.76731,1.50,1.00
2016.09.15 18:45:51.957,0.76725,0.76733,1.00,1.00
2016.09.15 18:45:52.485,0.76724,0.76732,1.00,1.00
2016.09.15 18:45:52.848,0.76724,0.76732,1.50,1.00
2016.09.15 18:45:53.255,0.76724,0.76732,1.00,1.00
2016.09.15 18:45:53.496,0.76724,0.76732,1.50,1.00
2016.09.15 18:45:53.854,0.76725,0.76732,1.00,1.00
2016.09.15 18:45:55.709,0.76726,0.76732,1.50,1.00
2016.09.15 18:45:55.760,0.76728,0.76732,1.00,1.00
2016.09.15 18:45:56.617,0.76726,0.76732,1.50,1.00
2016.09.15 18:45:56.840,0.76726,0.76734,1.50,1.00
2016.09.15 18:45:57.095,0.76726,0.76734,1.00,1.00
2016.09.15 18:45:57.147,0.76726,0.76734,1.00,1.00
2016.09.15 18:45:57.250,0.76727,0.76734,1.00,1.00
2016.09.15 18:45:57.587,0.76725,0.76733,2.62,1.00
2016.09.15 18:45:57.689,0.76727,0.76733,1.00,1.00
2016.09.15 18:45:59.248,0.76725,0.76733,1.00,1.00
2016.09.15 18:45:59.299,0.76724,0.7673,1.00,1.00
2016.09.15 18:45:59.351,0.76723,0.7673,1.00,1.00
2016.09.15 18:45:59.403,0.76723,0.7673,1.00,1.00
2016.09.15 18:45:59.454,0.76722,0.7673,2.62,1.00
2016.09.15 18:45:59.505,0.76722,0.7673,2.62,1.00
2016.09.15 18:45:59.855,0.76722,0.7673,1.50,1.00
2016.09.15 18:45:59.907,0.76723,0.76731,1.00,1.00
2016.09.15 18:46:00.112,0.76723,0.76729,1.00,1.00
2016.09.15 18:46:00.265,0.76723,0.76731,1.00,1.00
2016.09.15 18:46:00.317,0.76725,0.76732,1.00,1.00
2016.09.15 18:46:00.420,0.76724,0.76731,2.25,1.00
2016.09.15 18:46:00.596,0.76725,0.76732,1.00,1.00
2016.09.15 18:46:00.651,0.76727,0.76733,1.00,1.00
2016.09.15 18:46:00.857,0.76727,0.76733,1.50,1.00
2016.09.15 18:46:02.618,0.76727,0.76735,1.50,1.00
2016.09.15 18:46:03.257,0.76728,0.76736,1.50,1.00
2016.09.15 18:46:03.309,0.7673,0.76736,1.00,1.00
2016.09.15 18:46:03.752,0.76728,0.76736,1.50,1.00
2016.09.15 18:46:03.905,0.76728,0.76735,1.00,1.00
2016.09.15 18:46:03.957,0.76727,0.76735,1.50,1.00
2016.09.15 18:46:04.264,0.76727,0.76735,1.00,1.00
2016.09.15 18:46:04.755,0.76727,0.76733,1.00,1.00
2016.09.15 18:46:05.823,0.76725,0.76733,1.50,1.00
2016.09.15 18:46:05.885,0.76725,0.76733,1.50,1.00
2016.09.15 18:46:05.936,0.76725,0.76733,1.87,1.00
2016.09.15 18:46:07.781,0.76725,0.76733,1.87,1.50
2016.09.15 18:46:08.276,0.76725,0.76731,1.87,1.00
2016.09.15 18:46:08.327,0.76725,0.76731,1.50,1.00
2016.09.15 18:46:08.514,0.76725,0.76731,1.00,1.00
2016.09.15 18:46:09.729,0.76724,0.76731,1.00,1.00
2016.09.15 18:46:09.781,0.76723,0.76731,1.00,1.00
2016.09.15 18:46:10.189,0.76723,0.76731,1.50,1.50
2016.09.15 18:46:10.735,0.76723,0.76731,1.87,1.50
2016.09.15 18:46:10.890,0.76723,0.76731,1.87,2.25
2016.09.15 18:46:10.994,0.76723,0.76729,1.87,1.00
2016.09.15 18:46:11.096,0.76723,0.76729,1.12,1.00
2016.09.15 18:46:11.963,0.76723,0.76729,1.00,1.00
2016.09.15 18:46:19.993,0.76725,0.76731,1.00,1.00
2016.09.15 18:46:20.249,0.76724,0.7673,1.50,1.00
2016.09.15 18:46:20.301,0.76723,0.7673,1.00,1.00
2016.09.15 18:46:20.353,0.76723,0.7673,1.00,1.00
2016.09.15 18:46:21.311,0.76722,0.76729,1.00,1.00
2016.09.15 18:46:22.199,0.76722,0.7673,1.50,1.00
2016.09.15 18:46:22.922,0.76722,0.7673,1.00,1.00
2016.09.15 18:46:26.720,0.76724,0.7673,1.00,1.00
2016.09.15 18:46:28.513,0.76722,0.7673,1.50,1.00
2016.09.15 18:46:30.009,0.76724,0.7673,1.00,1.00
2016.09.15 18:46:32.724,0.76724,0.76731,1.00,1.00
2016.09.15 18:46:32.775,0.76724,0.7673,1.50,1.00
2016.09.15 18:46:33.186,0.76724,0.76731,1.00,1.00
2016.09.15 18:46:33.275,0.76724,0.76732,1.50,1.50
2016.09.15 18:46:33.377,0.76724,0.76731,1.00,1.00
2016.09.15 18:46:33.479,0.76724,0.76729,1.00,1.00
2016.09.15 18:46:34.002,0.76723,0.76729,1.00,1.00
2016.09.15 18:46:35.214,0.76723,0.7673,1.50,1.00
2016.09.15 18:46:35.856,0.76723,0.7673,1.00,1.00
2016.09.15 18:46:38.758,0.76722,0.7673,1.50,1.50
2016.09.15 18:46:39.869,0.76723,0.7673,1.00,1.00
2016.09.15 18:46:39.921,0.76723,0.76731,1.50,1.00
2016.09.15 18:46:40.124,0.76727,0.76734,1.00,1.00
2016.09.15 18:46:40.226,0.76725,0.76733,1.00,1.00
2016.09.15 18:46:40.902,0.76725,0.76733,1.50,1.00
2016.09.15 18:46:46.630,0.76726,0.76734,1.50,1.00
2016.09.15 18:46:46.798,0.76727,0.76735,1.00,1.00
2016.09.15 18:46:46.953,0.76727,0.76731,1.00,1.00
2016.09.15 18:46:47.163,0.76728,0.76735,1.00,1.00
2016.09.15 18:46:47.675,0.76729,0.76736,1.00,1.00
2016.09.15 18:46:47.777,0.76729,0.76734,1.00,1.00
2016.09.15 18:46:47.828,0.76728,0.76734,2.25,1.00
2016.09.15 18:46:47.880,0.76728,0.76734,2.25,1.00
2016.09.15 18:46:48.185,0.7673,0.76736,1.00,1.00
2016.09.15 18:46:48.236,0.7673,0.76736,1.50,1.00
2016.09.15 18:46:48.562,0.7673,0.76735,1.00,1.00
2016.09.15 18:46:48.613,0.7673,0.76738,1.00,1.00
2016.09.15 18:46:48.664,0.7673,0.76738,2.25,1.00
2016.09.15 18:46:48.716,0.7673,0.76738,2.25,1.00
2016.09.15 18:46:48.768,0.76732,0.76736,1.00,1.00
2016.09.15 18:46:48.820,0.76731,0.76735,1.50,1.00
2016.09.15 18:46:48.973,0.7673,0.76736,1.00,1.00
2016.09.15 18:46:49.025,0.76729,0.76736,1.12,1.00
2016.09.15 18:46:49.128,0.76728,0.76736,3.00,1.00
2016.09.15 18:46:49.611,0.76728,0.76735,2.25,1.00
2016.09.15 18:46:49.663,0.76728,0.76734,1.87,1.00
2016.09.15 18:46:49.858,0.76728,0.76734,1.50,1.00
2016.09.15 18:46:49.910,0.76729,0.76734,1.00,1.00
2016.09.15 18:46:50.066,0.7673,0.76734,1.00,1.00
2016.09.15 18:46:50.927,0.76729,0.76734,1.50,1.00
2016.09.15 18:46:52.215,0.76729,0.76735,1.50,1.00
2016.09.15 18:46:52.375,0.76729,0.76736,1.50,1.00
2016.09.15 18:46:52.427,0.7673,0.76736,1.50,1.00
2016.09.15 18:46:52.478,0.7673,0.76736,2.25,1.00
2016.09.15 18:46:52.530,0.7673,0.76736,1.37,1.00
2016.09.15 18:46:52.632,0.7673,0.76736,1.00,1.00
2016.09.15 18:46:53.179,0.7673,0.76737,1.00,1.00
2016.09.15 18:46:53.230,0.76732,0.76739,1.00,1.00
2016.09.15 18:46:53.282,0.76732,0.76737,1.50,1.00
2016.09.15 18:46:53.384,0.76732,0.76738,2.25,1.00
2016.09.15 18:46:54.227,0.76732,0.76741,1.50,1.50
2016.09.15 18:46:54.279,0.76733,0.76739,1.50,1.00
2016.09.15 18:46:54.330,0.76733,0.76738,1.00,1.00
2016.09.15 18:46:54.572,0.76734,0.7674,1.50,1.00
2016.09.15 18:46:54.624,0.76734,0.76739,1.00,1.00
2016.09.15 18:46:54.675,0.76733,0.76739,1.50,1.00
2016.09.15 18:46:54.726,0.76733,0.76739,1.00,1.00
2016.09.15 18:46:55.032,0.76731,0.76737,3.00,1.00
2016.09.15 18:46:55.237,0.76731,0.76737,2.25,1.00
2016.09.15 18:46:55.433,0.76732,0.76737,1.00,1.00
2016.09.15 18:46:55.485,0.76732,0.7674,1.50,1.00
2016.09.15 18:46:55.537,0.76733,0.76738,1.00,1.00
2016.09.15 18:46:55.639,0.76732,0.76739,1.50,1.00
2016.09.15 18:46:55.691,0.76733,0.76739,1.00,1.00
2016.09.15 18:46:55.844,0.76732,0.76739,1.50,1.00
2016.09.15 18:46:55.895,0.76732,0.7674,2.25,1.00
2016.09.15 18:46:55.947,0.76734,0.7674,1.00,1.00
2016.09.15 18:46:56.049,0.76732,0.7674,2.25,1.00
2016.09.15 18:46:56.100,0.76732,0.76739,1.50,1.00
2016.09.15 18:46:56.303,0.76732,0.76739,1.50,1.00
2016.09.15 18:46:56.550,0.76732,0.76739,1.00,1.00
2016.09.15 18:46:56.601,0.76732,0.76738,1.50,1.00
2016.09.15 18:47:00.452,0.76732,0.76738,2.25,1.00
2016.09.15 18:47:02.517,0.76732,0.76738,1.50,1.00
2016.09.15 18:47:02.568,0.76732,0.76738,1.00,1.00
2016.09.15 18:47:03.170,0.76732,0.76737,1.00,1.00
2016.09.15 18:47:04.476,0.76731,0.76737,1.00,1.00
2016.09.15 18:47:04.801,0.76729,0.76736,1.00,1.00
2016.09.15 18:47:04.853,0.76729,0.76737,1.00,1.00
2016.09.15 18:47:05.230,0.76729,0.76737,2.62,1.00
2016.09.15 18:47:05.282,0.76729,0.76737,3.37,1.00
2016.09.15 18:47:05.333,0.76729,0.76737,3.37,1.00
2016.09.15 18:47:05.968,0.76729,0.76734,2.62,1.00
2016.09.15 18:47:06.165,0.76728,0.76733,1.00,1.00
2016.09.15 18:47:06.319,0.76728,0.76734,1.50,1.00
2016.09.15 18:47:06.371,0.7673,0.76734,1.00,1.00
2016.09.15 18:47:07.121,0.7673,0.76736,1.00,1.00
2016.09.15 18:47:07.737,0.76729,0.76736,1.00,1.00
2016.09.15 18:47:08.162,0.7673,0.76736,1.00,1.00
2016.09.15 18:47:08.214,0.7673,0.76736,1.50,1.00
2016.09.15 18:47:08.367,0.7673,0.76736,1.00,1.00
2016.09.15 18:47:08.783,0.7673,0.76736,1.37,1.00
2016.09.15 18:47:09.094,0.76729,0.76737,3.00,1.00
2016.09.15 18:47:09.247,0.76729,0.76737,3.00,1.00
2016.09.15 18:47:09.298,0.7673,0.76737,1.12,1.00
2016.09.15 18:47:10.460,0.7673,0.76735,1.12,1.00
2016.09.15 18:47:10.793,0.7673,0.76735,1.00,1.00
2016.09.15 18:47:11.343,0.76731,0.76735,1.00,1.00
2016.09.15 18:47:12.145,0.76731,0.76737,1.00,1.00
2016.09.15 18:47:12.197,0.7673,0.76738,1.50,1.00
2016.09.15 18:47:12.248,0.7673,0.76738,1.00,1.00
2016.09.15 18:47:12.351,0.7673,0.76736,1.50,1.00
2016.09.15 18:47:12.402,0.7673,0.76736,1.00,1.00
2016.09.15 18:47:12.505,0.76731,0.76736,1.00,1.00
2016.09.15 18:47:12.746,0.76733,0.76739,1.12,1.00
2016.09.15 18:47:12.797,0.76735,0.76741,1.00,1.00
2016.09.15 18:47:12.950,0.76733,0.76739,1.50,1.00
2016.09.15 18:47:13.001,0.76733,0.76741,1.50,1.00
2016.09.15 18:47:13.104,0.76733,0.76741,1.00,1.00
2016.09.15 18:47:13.554,0.76734,0.76741,1.00,1.50
2016.09.15 18:47:13.608,0.76735,0.76741,1.00,1.50
2016.09.15 18:47:14.593,0.76735,0.76741,1.00,1.00
2016.09.15 18:47:14.695,0.76737,0.76743,1.00,1.50
2016.09.15 18:47:14.797,0.76736,0.76742,1.12,1.00
2016.09.15 18:47:14.848,0.76736,0.76744,1.12,1.00
2016.09.15 18:47:14.900,0.76736,0.76744,1.00,1.00
2016.09.15 18:47:15.104,0.76737,0.76744,1.00,1.00
2016.09.15 18:47:15.303,0.76737,0.76745,1.50,1.00
2016.09.15 18:47:15.509,0.76737,0.76745,1.50,1.50
2016.09.15 18:47:15.870,0.76737,0.76744,1.00,1.00
2016.09.15 18:47:15.921,0.76737,0.76745,1.00,1.50
2016.09.15 18:47:15.973,0.76737,0.76745,1.00,1.00
2016.09.15 18:47:16.167,0.76737,0.76745,1.00,1.37
2016.09.15 18:47:16.218,0.76737,0.76745,1.00,1.00
2016.09.15 18:47:17.240,0.76736,0.76742,1.00,1.00
2016.09.15 18:47:17.444,0.76736,0.76744,1.00,1.50
2016.09.15 18:47:17.496,0.76736,0.76744,1.00,1.00
2016.09.15 18:47:17.750,0.76737,0.76745,1.00,1.12
2016.09.15 18:47:17.802,0.76737,0.76745,1.00,1.00
2016.09.15 18:47:18.822,0.76741,0.76748,1.00,1.37
2016.09.15 18:47:19.013,0.76741,0.76749,1.00,1.00
2016.09.15 18:47:19.118,0.76741,0.76749,1.50,1.00
2016.09.15 18:47:19.170,0.76743,0.76749,1.00,1.00
2016.09.15 18:47:19.426,0.76743,0.76751,1.00,1.00
2016.09.15 18:47:19.477,0.76746,0.76752,1.00,1.50
2016.09.15 18:47:19.530,0.76746,0.76752,1.00,1.00
2016.09.15 18:47:20.400,0.76745,0.76753,1.00,1.00
2016.09.15 18:47:20.451,0.76745,0.76753,1.00,1.50
2016.09.15 18:47:21.862,0.76746,0.76753,1.00,1.00
2016.09.15 18:47:21.913,0.76745,0.76753,1.00,1.50
2016.09.15 18:47:22.385,0.76747,0.76753,1.00,1.00
2016.09.15 18:47:22.436,0.76748,0.76756,1.00,1.87
2016.09.15 18:47:22.489,0.7675,0.76756,1.00,2.62
2016.09.15 18:47:22.541,0.76751,0.76755,1.00,1.12
2016.09.15 18:47:22.592,0.76751,0.76755,1.50,1.00
2016.09.15 18:47:22.729,0.76755,0.76759,1.00,1.20
2016.09.15 18:47:22.782,0.76755,0.76763,1.12,1.00
2016.09.15 18:47:22.833,0.76755,0.76762,1.31,1.00
2016.09.15 18:47:22.885,0.76755,0.76762,1.19,1.00
2016.09.15 18:47:22.937,0.76754,0.76762,1.31,1.00
2016.09.15 18:47:23.040,0.76754,0.76762,1.25,1.00
2016.09.15 18:47:23.366,0.76754,0.7676,1.25,1.00
2016.09.15 18:47:23.418,0.76754,0.7676,1.25,1.00
2016.09.15 18:47:23.522,0.76753,0.7676,1.31,1.00
2016.09.15 18:47:23.675,0.76753,0.76761,1.31,1.00
2016.09.15 18:47:23.880,0.76753,0.76761,1.19,1.00
2016.09.15 18:47:24.050,0.76751,0.76759,1.31,1.00
2016.09.15 18:47:24.102,0.76749,0.76759,3.94,1.00
2016.09.15 18:47:24.154,0.76749,0.76757,3.19,1.00
2016.09.15 18:47:24.205,0.76749,0.76757,1.56,1.00
2016.09.15 18:47:24.359,0.7675,0.76757,1.31,1.00
2016.09.15 18:47:24.565,0.7675,0.76759,1.31,1.00
2016.09.15 18:47:25.696,0.7675,0.76759,1.31,1.00
2016.09.15 18:47:25.747,0.76749,0.76759,2.06,1.00
2016.09.15 18:47:26.047,0.76749,0.76759,1.56,1.00
2016.09.15 18:47:26.098,0.7675,0.76759,1.31,1.00
2016.09.15 18:47:26.149,0.7675,0.7676,2.06,1.00
2016.09.15 18:47:26.695,0.7675,0.7676,1.31,1.00
2016.09.15 18:47:26.874,0.7675,0.76759,1.12,1.00
2016.09.15 18:47:26.925,0.76749,0.76759,2.06,1.00
2016.09.15 18:47:27.109,0.76751,0.76759,1.00,1.00
2016.09.15 18:47:27.766,0.76751,0.76758,1.00,1.00
2016.09.15 18:47:27.817,0.76748,0.76758,2.44,1.00
2016.09.15 18:47:27.869,0.76748,0.76759,2.44,1.00
2016.09.15 18:47:27.920,0.76748,0.76757,1.25,1.00
2016.09.15 18:47:27.971,0.76747,0.76757,1.19,1.50
2016.09.15 18:47:28.149,0.76746,0.76757,1.00,1.95
2016.09.15 18:47:28.201,0.76745,0.76756,1.31,1.20
2016.09.15 18:47:28.253,0.76747,0.76757,1.25,1.95
2016.09.15 18:47:28.304,0.76747,0.76757,1.62,1.20
2016.09.15 18:47:28.355,0.76747,0.76757,1.62,1.00
2016.09.15 18:47:28.407,0.76747,0.76757,1.56,1.00
2016.09.15 18:47:28.458,0.76747,0.76756,1.56,1.00
2016.09.15 18:47:28.611,0.76747,0.76756,1.19,1.00
2016.09.15 18:47:28.662,0.76747,0.76757,1.19,1.50
2016.09.15 18:47:28.920,0.76746,0.76756,1.19,1.00
2016.09.15 18:47:29.739,0.76747,0.76758,1.19,2.02
2016.09.15 18:47:30.072,0.76747,0.76758,1.00,1.65
2016.09.15 18:47:30.237,0.76747,0.76758,1.87,1.50
2016.09.15 18:47:30.288,0.7675,0.76761,1.00,2.70
2016.09.15 18:47:30.339,0.7675,0.76761,1.00,3.82
2016.09.15 18:47:30.443,0.76748,0.76761,3.00,3.45
2016.09.15 18:47:30.495,0.76748,0.76761,3.00,2.70
2016.09.15 18:47:30.648,0.76748,0.7676,3.00,1.00
2016.09.15 18:47:31.158,0.76749,0.7676,1.12,1.00
2016.09.15 18:47:31.453,0.76749,0.7676,1.12,1.00
2016.09.15 18:47:32.587,0.76751,0.76759,1.00,1.00
2016.09.15 18:47:33.138,0.76752,0.7676,1.00,1.00
2016.09.15 18:47:33.648,0.76752,0.7676,1.00,1.50
2016.09.15 18:47:33.751,0.76752,0.7676,1.00,1.00
2016.09.15 18:47:33.987,0.76752,0.7676,1.12,1.00
2016.09.15 18:47:34.089,0.76752,0.7676,1.00,1.00
2016.09.15 18:47:34.243,0.76752,0.7676,1.00,1.50
2016.09.15 18:47:34.345,0.76752,0.7676,1.00,1.00
2016.09.15 18:47:34.846,0.76751,0.76759,1.00,1.00
2016.09.15 18:47:34.948,0.7675,0.76758,1.50,1.00
2016.09.15 18:47:35.358,0.7675,0.76758,1.00,1.00
2016.09.15 18:47:36.058,0.76749,0.76758,1.87,1.00
2016.09.15 18:47:36.110,0.76749,0.76757,1.50,1.00
2016.09.15 18:47:36.162,0.76749,0.76757,1.00,1.00
2016.09.15 18:47:36.213,0.76748,0.76756,1.50,1.00
2016.09.15 18:47:37.620,0.76748,0.76756,1.87,1.00
2016.09.15 18:47:38.068,0.76748,0.76756,2.62,1.00
2016.09.15 18:47:38.530,0.7675,0.76756,1.00,1.00
2016.09.15 18:47:38.632,0.76751,0.76757,1.50,1.00
2016.09.15 18:47:39.074,0.76753,0.76761,1.00,1.00
2016.09.15 18:47:39.125,0.76753,0.76764,1.00,2.70
2016.09.15 18:47:39.177,0.76753,0.76764,1.00,1.57
2016.09.15 18:47:39.229,0.76753,0.76765,1.87,2.62
2016.09.15 18:47:39.280,0.76754,0.76765,1.00,3.37
2016.09.15 18:47:39.331,0.76754,0.76763,1.00,1.00
2016.09.15 18:47:39.382,0.76753,0.76763,1.50,1.00
2016.09.15 18:47:39.433,0.76753,0.76763,1.00,1.12
2016.09.15 18:47:39.484,0.76753,0.76762,1.00,1.00
2016.09.15 18:47:39.637,0.76753,0.76762,1.00,1.50
2016.09.15 18:47:39.791,0.76753,0.76762,1.00,1.00
2016.09.15 18:47:40.322,0.76753,0.76763,1.50,1.00
2016.09.15 18:47:42.044,0.76753,0.76763,1.00,1.00
2016.09.15 18:47:42.453,0.76752,0.76762,1.00,1.50
2016.09.15 18:47:42.555,0.76751,0.76758,1.00,1.00
2016.09.15 18:47:42.853,0.76749,0.76758,1.00,1.00
2016.09.15 18:47:42.905,0.76749,0.76759,1.00,1.00
2016.09.15 18:47:42.957,0.76749,0.7676,1.00,2.25
2016.09.15 18:47:43.163,0.76749,0.7676,1.00,1.00
2016.09.15 18:47:43.214,0.76749,0.7676,1.00,1.00
2016.09.15 18:47:43.266,0.76749,0.76758,1.50,1.00
2016.09.15 18:47:43.317,0.76749,0.76758,1.50,1.00
2016.09.15 18:47:43.369,0.7675,0.76762,1.50,2.32
2016.09.15 18:47:43.421,0.76751,0.76762,1.12,1.87
2016.09.15 18:47:43.473,0.76752,0.76762,1.00,1.00
2016.09.15 18:47:43.524,0.76752,0.76762,1.87,1.00
2016.09.15 18:47:43.663,0.76752,0.76762,2.25,1.00
2016.09.15 18:47:43.714,0.76754,0.76764,1.12,1.00
2016.09.15 18:47:43.765,0.76753,0.76763,1.37,1.00
2016.09.15 18:47:43.816,0.76753,0.76763,1.37,1.00
2016.09.15 18:47:43.928,0.76755,0.76763,1.00,1.00
2016.09.15 18:47:44.344,0.76755,0.76765,1.00,1.10
2016.09.15 18:47:45.100,0.76755,0.76765,1.12,1.10
2016.09.15 18:47:45.151,0.76756,0.76765,1.00,1.10
2016.09.15 18:47:45.202,0.76756,0.76765,1.00,1.00
2016.09.15 18:47:45.752,0.76757,0.76765,1.00,1.00
2016.09.15 18:47:45.960,0.76756,0.76766,1.00,1.50
2016.09.15 18:47:46.063,0.76756,0.76766,1.00,2.25
2016.09.15 18:47:46.165,0.76754,0.76766,2.25,2.25
2016.09.15 18:47:46.216,0.76754,0.76766,2.25,2.25
2016.09.15 18:47:46.268,0.76756,0.76766,1.00,1.50
2016.09.15 18:47:46.319,0.76756,0.76766,1.12,1.50
2016.09.15 18:47:46.860,0.76756,0.76766,1.12,1.00
2016.09.15 18:47:49.065,0.76761,0.76766,1.00,1.00
2016.09.15 18:47:49.168,0.76756,0.76766,1.12,1.00
2016.09.15 18:47:49.219,0.76756,0.76766,2.62,1.00
2016.09.15 18:47:49.323,0.76756,0.76766,1.50,1.00
2016.09.15 18:47:49.375,0.76755,0.76761,1.00,1.00
2016.09.15 18:47:49.426,0.76755,0.76761,1.00,1.00
2016.09.15 18:47:49.774,0.76755,0.76763,1.50,1.00
2016.09.15 18:47:50.302,0.76755,0.76762,1.00,1.00
2016.09.15 18:47:50.833,0.76756,0.76765,1.00,1.50
2016.09.15 18:47:52.401,0.76756,0.76765,1.00,1.00
2016.09.15 18:47:53.444,0.76754,0.76765,1.12,1.00
2016.09.15 18:47:53.495,0.76754,0.76762,1.12,1.00
2016.09.15 18:47:53.547,0.76754,0.76762,1.00,1.00
2016.09.15 18:47:53.751,0.76754,0.76762,1.00,1.00
2016.09.15 18:47:53.956,0.76754,0.76763,1.00,1.00
2016.09.15 18:47:54.498,0.76753,0.76763,1.00,1.00
2016.09.15 18:47:55.446,0.76754,0.76763,1.00,1.00
2016.09.15 18:47:55.555,0.76754,0.76765,1.00,2.02
2016.09.15 18:47:55.759,0.76754,0.76765,1.00,3.15
2016.09.15 18:47:56.986,0.76754,0.76765,1.00,2.02
2016.09.15 18:47:57.101,0.76754,0.76765,1.00,2.40
2016.09.15 18:47:57.203,0.76754,0.76765,1.00,1.65
2016.09.15 18:47:57.254,0.76754,0.76765,1.00,1.65
2016.09.15 18:47:57.557,0.76754,0.76764,1.00,1.00
2016.09.15 18:47:58.072,0.76754,0.76763,1.00,1.00
2016.09.15 18:47:58.614,0.76754,0.76764,1.00,1.00
2016.09.15 18:47:59.044,0.76755,0.76761,1.00,1.00
2016.09.15 18:48:00.254,0.76756,0.76765,1.00,1.50
2016.09.15 18:48:00.306,0.76756,0.76764,1.50,1.00
2016.09.15 18:48:00.357,0.76758,0.76764,1.50,1.00
2016.09.15 18:48:00.608,0.76759,0.76765,1.00,1.00
2016.09.15 18:48:00.739,0.76758,0.76765,1.50,1.00
2016.09.15 18:48:01.053,0.76758,0.76765,1.50,1.00
2016.09.15 18:48:01.104,0.76758,0.76765,1.00,1.00
2016.09.15 18:48:01.478,0.76758,0.76764,1.50,1.00
2016.09.15 18:48:01.530,0.76758,0.76765,1.00,1.00
2016.09.15 18:48:01.694,0.76757,0.76765,1.00,1.00
2016.09.15 18:48:01.749,0.76757,0.76764,1.00,1.00
2016.09.15 18:48:01.800,0.76756,0.76764,1.50,1.50
2016.09.15 18:48:02.007,0.76756,0.76764,1.50,1.00
2016.09.15 18:48:02.662,0.76756,0.76761,1.00,1.00
2016.09.15 18:48:02.818,0.76756,0.76761,1.00,1.00
2016.09.15 18:48:03.176,0.76757,0.76763,1.00,1.00
2016.09.15 18:48:03.709,0.76756,0.76763,1.00,1.00
2016.09.15 18:48:03.999,0.76757,0.76761,1.00,1.00
2016.09.15 18:48:04.050,0.76757,0.76765,1.50,1.00
2016.09.15 18:48:04.102,0.76759,0.76765,1.00,1.00
2016.09.15 18:48:05.131,0.76759,0.76764,1.00,1.00
2016.09.15 18:48:05.337,0.76757,0.76762,1.00,1.00
2016.09.15 18:48:05.389,0.76756,0.76762,1.10,1.00
2016.09.15 18:48:05.441,0.76755,0.76762,1.00,1.00
2016.09.15 18:48:05.981,0.76755,0.76761,1.00,1.00
2016.09.15 18:48:06.892,0.76753,0.76761,2.25,1.00
2016.09.15 18:48:07.706,0.76753,0.7676,1.00,1.00
2016.09.15 18:48:07.757,0.76753,0.76759,1.00,1.00
2016.09.15 18:48:07.809,0.76751,0.76759,2.32,1.00
2016.09.15 18:48:07.860,0.76751,0.76758,1.50,1.00
2016.09.15 18:48:08.013,0.7675,0.76758,1.50,1.00
2016.09.15 18:48:08.223,0.76751,0.76759,1.00,1.50
2016.09.15 18:48:08.275,0.76751,0.76759,1.00,1.00
2016.09.15 18:48:08.379,0.76751,0.76759,1.00,1.00
2016.09.15 18:48:08.575,0.7675,0.76758,1.50,1.00
2016.09.15 18:48:08.628,0.7675,0.76758,1.50,1.00
2016.09.15 18:48:10.093,0.76751,0.76759,1.00,1.00
2016.09.15 18:48:10.196,0.7675,0.76758,1.50,1.00
2016.09.15 18:48:10.247,0.76751,0.76758,1.00,1.00
2016.09.15 18:48:11.034,0.76751,0.76757,1.00,1.00
2016.09.15 18:48:11.086,0.7675,0.76756,1.50,1.00
2016.09.15 18:48:11.137,0.7675,0.76756,1.00,1.00
2016.09.15 18:48:12.500,0.76748,0.76756,2.25,1.00
2016.09.15 18:48:13.750,0.76749,0.76755,1.00,1.00
2016.09.15 18:48:13.802,0.7675,0.76755,1.00,1.00
2016.09.15 18:48:13.956,0.7675,0.76755,1.09,1.00
2016.09.15 18:48:14.059,0.7675,0.76757,1.09,1.00
2016.09.15 18:48:14.231,0.76751,0.76757,1.00,1.00
2016.09.15 18:48:14.758,0.76752,0.76757,1.00,1.00
2016.09.15 18:48:16.216,0.76752,0.76758,1.00,1.00
2016.09.15 18:48:16.370,0.76751,0.76758,1.09,1.00
2016.09.15 18:48:16.422,0.76752,0.76758,1.00,1.00
2016.09.15 18:48:16.937,0.76753,0.76757,1.00,1.00
2016.09.15 18:48:17.453,0.76752,0.76758,1.00,1.00
2016.09.15 18:48:18.175,0.76752,0.76758,1.50,1.00
2016.09.15 18:48:18.226,0.76754,0.76758,1.00,1.00
2016.09.15 18:48:18.558,0.76752,0.76758,1.50,1.00
2016.09.15 18:48:18.610,0.76752,0.76758,1.57,1.00
2016.09.15 18:48:18.723,0.76752,0.76758,1.50,1.00
2016.09.15 18:48:20.550,0.76752,0.76758,1.57,1.00
2016.09.15 18:48:20.909,0.76753,0.76758,1.00,1.00
2016.09.15 18:48:21.390,0.76755,0.76759,1.00,1.00
2016.09.15 18:48:21.646,0.76755,0.76761,1.00,1.00
2016.09.15 18:48:21.926,0.76755,0.76761,1.50,1.00
2016.09.15 18:48:22.401,0.76756,0.76761,1.00,1.00
2016.09.15 18:48:22.987,0.76754,0.76762,1.50,1.00
2016.09.15 18:48:23.394,0.76754,0.76762,1.00,1.00
2016.09.15 18:48:23.937,0.76755,0.76762,1.00,1.00
2016.09.15 18:48:24.486,0.76754,0.76761,1.00,1.00
2016.09.15 18:48:26.117,0.76755,0.76761,1.00,1.00
2016.09.15 18:48:26.402,0.76754,0.76762,1.87,1.00
2016.09.15 18:48:26.831,0.76754,0.76762,1.50,1.00
2016.09.15 18:48:27.127,0.76754,0.76761,1.00,1.00
2016.09.15 18:48:27.378,0.76755,0.76761,1.00,1.00
2016.09.15 18:48:27.589,0.76754,0.7676,1.00,1.00
2016.09.15 18:48:28.150,0.76756,0.76761,1.12,1.00
2016.09.15 18:48:28.562,0.76756,0.76761,1.00,1.00
2016.09.15 18:48:29.074,0.76756,0.76762,1.00,1.00
2016.09.15 18:48:30.156,0.76756,0.7676,1.00,1.00
2016.09.15 18:48:30.207,0.76754,0.7676,1.50,1.00
2016.09.15 18:48:31.158,0.76754,0.7676,1.87,1.00
2016.09.15 18:48:31.427,0.76756,0.76762,1.00,1.50
2016.09.15 18:48:31.768,0.76756,0.76762,1.12,1.00
2016.09.15 18:48:32.677,0.76756,0.76763,1.12,1.00
2016.09.15 18:48:32.859,0.76756,0.76763,1.37,1.00
2016.09.15 18:48:33.147,0.7676,0.76766,1.00,1.12
2016.09.15 18:48:33.250,0.76761,0.76766,1.00,1.00
2016.09.15 18:48:33.858,0.76761,0.76765,1.00,1.00
2016.09.15 18:48:34.012,0.76758,0.76765,1.09,1.00
2016.09.15 18:48:34.371,0.76758,0.76765,1.09,1.50
2016.09.15 18:48:34.578,0.76758,0.76765,1.09,1.00
2016.09.15 18:48:34.630,0.76758,0.76764,1.57,1.00
2016.09.15 18:48:36.361,0.76758,0.76764,1.00,1.00
2016.09.15 18:48:38.756,0.76758,0.76765,1.00,1.00
2016.09.15 18:48:43.992,0.7676,0.76766,1.00,1.00
2016.09.15 18:48:44.468,0.76761,0.76766,1.00,1.00
2016.09.15 18:48:44.877,0.7676,0.76766,1.50,1.00
2016.09.15 18:48:45.114,0.76762,0.76766,1.00,1.00
2016.09.15 18:48:45.318,0.76762,0.76768,1.00,1.00
2016.09.15 18:48:46.995,0.76762,0.76767,1.00,1.00
2016.09.15 18:48:47.322,0.76762,0.76769,1.00,1.00
2016.09.15 18:48:47.836,0.76763,0.76769,1.00,1.00
2016.09.15 18:48:47.938,0.76762,0.76769,1.50,1.00
2016.09.15 18:48:48.245,0.76763,0.76769,1.00,1.00
2016.09.15 18:48:48.532,0.76765,0.7677,1.00,1.00
2016.09.15 18:48:48.635,0.76765,0.76772,1.50,1.00
2016.09.15 18:48:48.737,0.76765,0.76771,1.00,1.00
2016.09.15 18:48:48.839,0.76765,0.76772,1.50,1.00
2016.09.15 18:48:50.434,0.76765,0.76773,1.50,1.00
2016.09.15 18:48:51.208,0.76765,0.7677,1.00,1.00
2016.09.15 18:48:51.361,0.76765,0.76771,1.50,1.00
2016.09.15 18:48:51.463,0.76766,0.76773,1.00,1.00
2016.09.15 18:48:51.565,0.76765,0.76773,1.50,1.00
2016.09.15 18:48:51.881,0.76767,0.76773,1.00,1.00
2016.09.15 18:48:52.440,0.76767,0.76773,1.50,1.00
2016.09.15 18:48:52.787,0.76767,0.76772,1.00,1.00
2016.09.15 18:48:53.491,0.76766,0.76772,1.50,1.00
2016.09.15 18:48:56.204,0.76766,0.76771,1.00,1.00
2016.09.15 18:48:56.585,0.76763,0.76768,1.09,1.00
2016.09.15 18:48:56.702,0.76763,0.76768,1.00,1.00
2016.09.15 18:48:57.259,0.76764,0.76769,1.00,1.00
2016.09.15 18:48:57.311,0.76766,0.76773,1.00,1.12
2016.09.15 18:48:57.363,0.76768,0.76774,1.00,1.00
2016.09.15 18:48:57.669,0.76766,0.76771,1.00,1.00
2016.09.15 18:48:58.227,0.76766,0.76772,1.00,1.00
2016.09.15 18:48:58.741,0.76767,0.76771,1.00,1.00
2016.09.15 18:48:59.758,0.76767,0.76772,1.00,1.00
2016.09.15 18:49:00.014,0.76766,0.76773,1.12,1.00
2016.09.15 18:49:00.065,0.76767,0.76773,1.00,1.00
2016.09.15 18:49:00.167,0.76767,0.76773,1.12,1.00
2016.09.15 18:49:02.580,0.76767,0.76772,1.12,1.00
2016.09.15 18:49:02.683,0.76766,0.76773,1.50,1.00
2016.09.15 18:49:02.786,0.76767,0.76773,1.00,1.00
2016.09.15 18:49:02.837,0.76767,0.76773,1.12,1.00
2016.09.15 18:49:03.090,0.76767,0.76773,1.00,1.00
2016.09.15 18:49:03.956,0.76767,0.76771,1.00,1.00
2016.09.15 18:49:04.471,0.76767,0.76772,1.00,1.00
2016.09.15 18:49:08.170,0.76768,0.76772,1.00,1.00
2016.09.15 18:49:08.813,0.76768,0.76773,1.00,1.00
2016.09.15 18:49:08.865,0.76768,0.76776,1.12,1.00
2016.09.15 18:49:08.918,0.7677,0.76775,1.12,1.00
2016.09.15 18:49:09.142,0.76769,0.76774,1.00,1.00
2016.09.15 18:49:09.193,0.76769,0.76776,1.00,1.00
2016.09.15 18:49:09.346,0.76769,0.76775,1.00,1.12
2016.09.15 18:49:09.449,0.76768,0.76775,1.00,1.00
2016.09.15 18:49:09.805,0.76769,0.76775,1.00,1.00
2016.09.15 18:49:10.025,0.76769,0.76775,1.50,1.00
2016.09.15 18:49:10.781,0.76769,0.76775,1.00,1.00
2016.09.15 18:49:10.884,0.76767,0.76775,1.37,1.00
2016.09.15 18:49:11.060,0.76767,0.76773,1.00,1.00
2016.09.15 18:49:11.115,0.76766,0.76773,1.00,1.00
2016.09.15 18:49:11.688,0.76766,0.76774,1.50,1.00
2016.09.15 18:49:11.819,0.76767,0.76774,1.00,1.00
2016.09.15 18:49:12.026,0.76769,0.76775,1.50,1.00
2016.09.15 18:49:12.428,0.76769,0.76775,1.00,1.00
2016.09.15 18:49:15.462,0.76769,0.76775,1.00,1.50
2016.09.15 18:49:20.771,0.76767,0.76775,1.50,1.50
2016.09.15 18:49:20.822,0.76766,0.76774,1.00,1.00
2016.09.15 18:49:20.924,0.76767,0.76774,1.00,1.50
2016.09.15 18:49:22.099,0.76767,0.76772,1.00,1.00
2016.09.15 18:49:22.151,0.76766,0.7677,1.00,1.00
2016.09.15 18:49:22.203,0.76764,0.76769,1.12,1.00
2016.09.15 18:49:22.375,0.76763,0.76769,1.87,1.00
2016.09.15 18:49:22.428,0.76763,0.76769,1.00,1.00
2016.09.15 18:49:23.196,0.76763,0.76769,1.50,1.00
2016.09.15 18:49:23.507,0.76762,0.7677,2.25,1.00
2016.09.15 18:49:23.611,0.76763,0.7677,1.00,1.00
2016.09.15 18:49:26.030,0.76764,0.7677,1.00,1.00
2016.09.15 18:49:28.713,0.76764,0.76768,1.00,1.00
2016.09.15 18:49:29.437,0.76763,0.76768,1.00,1.00
2016.09.15 18:49:30.245,0.76763,0.76768,1.12,1.00
2016.09.15 18:49:30.550,0.76763,0.76768,1.12,1.00
2016.09.15 18:49:32.668,0.76763,0.76769,1.12,1.00
2016.09.15 18:49:32.720,0.76761,0.76769,1.50,1.00
2016.09.15 18:49:33.170,0.76761,0.76769,2.25,1.00
2016.09.15 18:49:33.839,0.76761,0.76769,1.50,1.00
2016.09.15 18:49:35.831,0.76764,0.76769,1.00,1.00
2016.09.15 18:49:35.933,0.76762,0.7677,1.50,1.00
2016.09.15 18:49:36.361,0.76762,0.7677,1.00,1.00
2016.09.15 18:49:36.666,0.76762,0.7677,1.50,1.00
2016.09.15 18:49:36.717,0.76762,0.76769,1.00,1.00
2016.09.15 18:49:37.148,0.76763,0.76769,1.00,1.00
2016.09.15 18:49:37.420,0.76763,0.76769,1.50,1.00
2016.09.15 18:49:37.870,0.76763,0.76771,1.00,1.00
2016.09.15 18:49:38.238,0.76763,0.76769,1.00,1.00
2016.09.15 18:49:39.062,0.76764,0.76769,1.00,1.00
2016.09.15 18:49:39.368,0.76764,0.7677,1.50,1.00
2016.09.15 18:49:39.625,0.76764,0.7677,1.00,1.00
2016.09.15 18:49:40.255,0.76763,0.76769,1.00,1.00
2016.09.15 18:49:40.566,0.76763,0.76767,1.00,1.00
2016.09.15 18:49:40.956,0.7676,0.76766,1.00,1.00
2016.09.15 18:49:41.058,0.76759,0.76766,1.00,1.00
2016.09.15 18:49:41.160,0.76759,0.76765,1.00,1.00
2016.09.15 18:49:41.942,0.76758,0.76765,1.50,1.00
2016.09.15 18:49:42.044,0.76758,0.76763,1.50,1.00
2016.09.15 18:49:42.414,0.76759,0.76763,1.00,1.00
2016.09.15 18:49:42.924,0.76759,0.76764,1.00,1.00
2016.09.15 18:49:44.620,0.76759,0.76763,1.00,1.00
2016.09.15 18:49:44.671,0.76759,0.76765,1.00,1.00
2016.09.15 18:49:45.234,0.76759,0.76766,1.00,1.00
2016.09.15 18:49:45.759,0.76759,0.76765,1.00,1.00
2016.09.15 18:49:46.290,0.76759,0.76764,1.00,1.00
2016.09.15 18:49:46.341,0.76758,0.76764,1.50,1.00
2016.09.15 18:49:46.647,0.76759,0.76765,1.00,1.00
2016.09.15 18:49:47.653,0.76759,0.76764,1.00,1.00
2016.09.15 18:49:48.194,0.7676,0.76765,1.00,1.00
2016.09.15 18:49:48.729,0.7676,0.76764,1.00,1.00
2016.09.15 18:49:49.064,0.76758,0.76764,1.00,1.00
2016.09.15 18:49:49.771,0.76757,0.76764,1.00,1.00
2016.09.15 18:49:50.266,0.76756,0.76764,3.37,1.00
2016.09.15 18:49:50.317,0.76756,0.76764,2.25,1.00
2016.09.15 18:49:51.915,0.76757,0.76764,1.00,1.00
2016.09.15 18:49:51.967,0.76756,0.76762,1.50,1.00
2016.09.15 18:49:52.018,0.76756,0.7676,1.50,1.00
2016.09.15 18:49:52.077,0.76756,0.7676,1.00,1.00
2016.09.15 18:49:52.233,0.76755,0.76759,1.00,1.00
2016.09.15 18:49:52.284,0.76756,0.7676,1.00,1.00
2016.09.15 18:49:52.590,0.76754,0.7676,1.00,1.00
2016.09.15 18:49:53.111,0.76754,0.76761,1.00,1.00
2016.09.15 18:49:53.992,0.76756,0.76761,1.00,1.00
2016.09.15 18:49:55.161,0.76758,0.76763,1.00,1.00
2016.09.15 18:49:55.520,0.76756,0.7676,1.00,1.00
2016.09.15 18:49:56.282,0.76758,0.76762,1.00,1.00
2016.09.15 18:49:56.754,0.76756,0.76763,1.00,1.00
2016.09.15 18:49:57.165,0.76755,0.76761,1.00,1.00
2016.09.15 18:49:57.671,0.76756,0.7676,1.00,1.00
2016.09.15 18:49:58.292,0.76754,0.76759,1.00,1.00
2016.09.15 18:49:59.684,0.76756,0.76761,1.00,1.00
2016.09.15 18:50:00.213,0.76756,0.7676,1.00,1.00
2016.09.15 18:50:00.704,0.76754,0.7676,1.50,1.00
2016.09.15 18:50:00.755,0.76754,0.7676,1.00,1.00
2016.09.15 18:50:01.265,0.76755,0.76761,1.00,1.00
2016.09.15 18:50:01.419,0.76755,0.76761,1.12,1.00
2016.09.15 18:50:01.469,0.76758,0.76763,1.00,1.00
2016.09.15 18:50:02.282,0.76758,0.76762,1.00,1.00
2016.09.15 18:50:02.896,0.76757,0.76762,1.00,1.00
2016.09.15 18:50:04.108,0.76757,0.76762,1.00,1.00
2016.09.15 18:50:04.612,0.76757,0.76763,1.00,1.00
2016.09.15 18:50:04.714,0.7676,0.76767,1.00,1.00
2016.09.15 18:50:05.135,0.76759,0.76765,1.00,1.12
2016.09.15 18:50:05.304,0.76759,0.76765,1.00,1.12
2016.09.15 18:50:05.558,0.76761,0.76765,1.00,1.12
2016.09.15 18:50:05.660,0.76761,0.76765,1.00,1.00
2016.09.15 18:50:06.088,0.76761,0.76766,1.00,1.25
2016.09.15 18:50:06.687,0.76761,0.76766,1.00,1.25
2016.09.15 18:50:06.773,0.7676,0.76766,1.00,1.25
2016.09.15 18:50:06.981,0.7676,0.76765,1.00,1.00
2016.09.15 18:50:07.038,0.7676,0.76765,1.00,1.50
2016.09.15 18:50:07.974,0.76758,0.76765,1.00,1.50
2016.09.15 18:50:08.197,0.76756,0.76765,1.00,2.25
2016.09.15 18:50:08.656,0.76757,0.76765,1.00,1.50
2016.09.15 18:50:08.707,0.76757,0.76765,1.00,1.00
2016.09.15 18:50:11.044,0.76757,0.76765,1.00,1.50
2016.09.15 18:50:11.434,0.76757,0.76765,1.00,1.00
2016.09.15 18:50:12.278,0.76758,0.76766,1.00,2.81
2016.09.15 18:50:12.329,0.7676,0.76766,1.00,2.06
2016.09.15 18:50:12.533,0.76758,0.76766,1.00,2.06
2016.09.15 18:50:13.349,0.76758,0.76766,1.00,2.06
2016.09.15 18:50:13.554,0.76758,0.76766,1.00,2.81
2016.09.15 18:50:14.301,0.76758,0.76766,1.00,2.81
2016.09.15 18:50:14.353,0.76758,0.76766,1.00,2.44
2016.09.15 18:50:15.403,0.76758,0.76766,1.00,2.44
2016.09.15 18:50:15.454,0.76758,0.76766,1.50,1.69
2016.09.15 18:50:15.505,0.7676,0.76766,1.00,1.69
2016.09.15 18:50:15.738,0.76758,0.76766,1.00,1.69
2016.09.15 18:50:15.789,0.7676,0.76766,1.00,1.69
2016.09.15 18:50:16.417,0.7676,0.76766,1.00,2.44
2016.09.15 18:50:17.040,0.7676,0.76766,1.00,1.69
2016.09.15 18:50:17.500,0.76758,0.76766,1.00,1.69
2016.09.15 18:50:17.691,0.76759,0.76766,1.00,1.25
2016.09.15 18:50:18.113,0.76759,0.76766,1.00,1.31
2016.09.15 18:50:18.924,0.76759,0.76766,1.00,1.25
2016.09.15 18:50:19.459,0.76758,0.76766,1.00,1.69
2016.09.15 18:50:19.887,0.7676,0.76766,1.00,1.69
2016.09.15 18:50:19.988,0.7676,0.76766,1.00,1.25
2016.09.15 18:50:20.806,0.7676,0.76764,1.00,1.00
2016.09.15 18:50:21.326,0.76761,0.76765,1.00,1.00
2016.09.15 18:50:21.680,0.7676,0.76765,1.00,1.50
2016.09.15 18:50:21.731,0.7676,0.76765,1.00,1.00
2016.09.15 18:50:22.901,0.76761,0.76765,1.00,1.00
2016.09.15 18:50:23.418,0.76761,0.76766,1.00,1.00
2016.09.15 18:50:24.309,0.7676,0.76766,1.00,1.00
2016.09.15 18:50:26.321,0.7676,0.76766,1.00,1.12
2016.09.15 18:50:27.422,0.7676,0.76766,1.00,1.00
2016.09.15 18:50:28.462,0.76761,0.76766,1.00,1.00
2016.09.15 18:50:29.031,0.76761,0.76767,1.00,1.00
2016.09.15 18:50:29.545,0.7676,0.76766,1.00,1.00
2016.09.15 18:50:35.756,0.76761,0.76766,1.00,1.00
2016.09.15 18:50:36.266,0.76761,0.76767,1.00,1.00
2016.09.15 18:50:37.019,0.76761,0.76766,1.00,1.00
2016.09.15 18:50:38.333,0.76762,0.76767,1.00,1.12
2016.09.15 18:50:38.509,0.76763,0.76767,1.00,1.00
2016.09.15 18:50:39.440,0.76762,0.76766,1.00,1.12
2016.09.15 18:50:40.097,0.7676,0.76764,1.00,1.00
2016.09.15 18:50:40.687,0.76761,0.76766,1.00,1.12
2016.09.15 18:50:40.738,0.76761,0.76765,1.00,1.00
2016.09.15 18:50:42.427,0.7676,0.76764,1.00,1.00
2016.09.15 18:50:42.995,0.7676,0.76767,1.00,1.00
2016.09.15 18:50:43.047,0.76763,0.76767,1.00,1.00
2016.09.15 18:50:44.377,0.76762,0.76767,1.00,1.00
2016.09.15 18:50:46.190,0.76762,0.76766,1.00,1.00
2016.09.15 18:50:47.324,0.76762,0.76769,1.00,1.12
2016.09.15 18:50:47.376,0.76763,0.76769,1.00,1.12
2016.09.15 18:50:47.427,0.76763,0.7677,1.00,1.37
2016.09.15 18:50:47.581,0.76763,0.7677,1.00,1.00
2016.09.15 18:50:47.786,0.76763,0.7677,1.00,1.00
2016.09.15 18:50:47.889,0.76765,0.76771,1.00,1.69
2016.09.15 18:50:47.940,0.76765,0.76771,1.00,1.25
2016.09.15 18:50:48.411,0.76765,0.7677,1.00,1.00
2016.09.15 18:50:48.631,0.76762,0.76769,1.00,1.00
2016.09.15 18:50:48.682,0.76762,0.76767,1.00,1.00
2016.09.15 18:50:49.923,0.7676,0.76767,1.00,1.00
2016.09.15 18:50:50.361,0.76762,0.76767,1.00,1.00
2016.09.15 18:50:50.876,0.76762,0.76766,1.00,1.00
2016.09.15 18:50:50.927,0.7676,0.76766,1.00,1.00
2016.09.15 18:50:51.320,0.76761,0.76767,1.00,1.00
2016.09.15 18:50:51.372,0.76761,0.76766,1.00,1.00
2016.09.15 18:50:51.847,0.76761,0.76768,1.00,1.00
2016.09.15 18:50:51.898,0.76761,0.76766,1.00,1.00
2016.09.15 18:50:52.000,0.76765,0.76771,1.00,1.00
2016.09.15 18:50:52.231,0.76765,0.76771,1.00,1.00
2016.09.15 18:50:52.434,0.76762,0.7677,1.00,1.00
2016.09.15 18:50:52.485,0.76762,0.7677,1.50,1.00
2016.09.15 18:50:53.500,0.76763,0.7677,1.00,1.00
2016.09.15 18:50:55.217,0.76762,0.7677,1.00,1.00
2016.09.15 18:50:55.422,0.76763,0.7677,1.00,1.00
2016.09.15 18:50:55.646,0.76762,0.7677,1.50,1.50
2016.09.15 18:50:56.145,0.76762,0.7677,1.50,1.00
2016.09.15 18:50:57.665,0.76763,0.76771,1.00,1.00
2016.09.15 18:50:57.717,0.76763,0.76769,1.00,1.00
2016.09.15 18:51:00.381,0.76762,0.76769,1.00,1.00
2016.09.15 18:51:00.432,0.76761,0.76769,1.00,1.00
2016.09.15 18:51:02.220,0.76761,0.76769,1.50,1.00
2016.09.15 18:51:02.530,0.76763,0.76769,1.00,1.00
2016.09.15 18:51:03.356,0.76763,0.7677,1.00,1.00
2016.09.15 18:51:04.033,0.76764,0.7677,1.00,1.00
2016.09.15 18:51:04.443,0.76764,0.7677,1.50,1.00
2016.09.15 18:51:05.332,0.76764,0.76771,1.00,1.00
2016.09.15 18:51:05.383,0.76764,0.7677,1.50,1.00
2016.09.15 18:51:05.536,0.76764,0.7677,1.00,1.00
2016.09.15 18:51:05.800,0.76764,0.76772,1.00,1.00
2016.09.15 18:51:05.852,0.76765,0.76772,1.00,1.00
2016.09.15 18:51:06.437,0.76765,0.76771,1.00,1.00
2016.09.15 18:51:07.811,0.76765,0.76772,1.00,1.00
2016.09.15 18:51:07.863,0.76764,0.76772,1.00,1.12
2016.09.15 18:51:07.965,0.76764,0.76772,1.00,1.00
2016.09.15 18:51:10.544,0.76764,0.76772,1.50,1.00
2016.09.15 18:51:14.175,0.76765,0.76772,1.00,1.00
2016.09.15 18:51:14.876,0.76764,0.76772,1.00,1.00
2016.09.15 18:51:15.880,0.76763,0.76772,1.00,1.00
2016.09.15 18:51:15.983,0.76763,0.76772,1.50,1.00
2016.09.15 18:51:16.887,0.76763,0.76772,1.50,1.50
2016.09.15 18:51:17.658,0.76764,0.76772,1.00,1.50
2016.09.15 18:51:18.374,0.76764,0.76772,1.50,1.00
2016.09.15 18:51:19.746,0.76764,0.76772,1.00,1.00
2016.09.15 18:51:20.443,0.76766,0.76773,1.00,1.00
2016.09.15 18:51:20.495,0.76767,0.76775,1.00,2.14
2016.09.15 18:51:20.546,0.76768,0.76775,1.00,1.45
2016.09.15 18:51:20.598,0.76768,0.76776,1.00,2.06
2016.09.15 18:51:20.649,0.76768,0.76776,1.00,1.31
2016.09.15 18:51:20.853,0.76766,0.76774,1.50,1.00
2016.09.15 18:51:21.301,0.76766,0.76774,1.00,1.00
2016.09.15 18:51:21.709,0.76766,0.76774,1.00,1.12
2016.09.15 18:51:21.779,0.76766,0.76774,1.00,1.37
2016.09.15 18:51:21.883,0.76766,0.76774,1.00,1.12
2016.09.15 18:51:22.098,0.76766,0.76774,1.00,1.00
2016.09.15 18:51:22.856,0.76767,0.76774,1.00,1.00
2016.09.15 18:51:22.907,0.76767,0.76775,1.00,1.25
2016.09.15 18:51:22.958,0.76767,0.76775,1.50,1.00
2016.09.15 18:51:23.011,0.76767,0.76775,1.57,1.00
2016.09.15 18:51:23.062,0.76767,0.76774,1.10,1.00
2016.09.15 18:51:23.113,0.76767,0.76774,1.00,1.00
2016.09.15 18:51:23.982,0.76767,0.76773,1.00,1.00
2016.09.15 18:51:24.927,0.76767,0.76771,1.00,1.00
2016.09.15 18:51:25.589,0.76771,0.76775,1.00,1.00
2016.09.15 18:51:25.772,0.76769,0.76774,1.00,1.00
2016.09.15 18:51:26.610,0.76768,0.76774,1.00,1.00
2016.09.15 18:51:28.014,0.7677,0.76774,1.00,1.00
2016.09.15 18:51:28.497,0.76768,0.76773,1.00,1.00
2016.09.15 18:51:29.769,0.76768,0.76776,1.00,1.00
2016.09.15 18:51:29.971,0.76768,0.76773,1.00,1.00
2016.09.15 18:51:30.074,0.76768,0.76773,1.00,1.00
2016.09.15 18:51:30.590,0.76769,0.76773,1.00,1.00
2016.09.15 18:51:32.150,0.76768,0.76773,1.00,1.00
2016.09.15 18:51:33.045,0.7677,0.76774,1.00,1.00
2016.09.15 18:51:37.314,0.76768,0.76773,1.00,1.00
2016.09.15 18:51:38.453,0.7677,0.76774,1.00,1.00
2016.09.15 18:51:40.892,0.76768,0.76772,1.00,1.00
2016.09.15 18:51:41.098,0.76767,0.76771,1.00,1.00
2016.09.15 18:51:41.149,0.76768,0.76772,1.00,1.00
2016.09.15 18:51:42.956,0.76766,0.7677,1.00,1.00
2016.09.15 18:51:43.669,0.76767,0.76771,1.00,1.00
2016.09.15 18:51:43.835,0.76763,0.76771,2.32,1.00
2016.09.15 18:51:44.000,0.76763,0.7677,3.07,1.00
2016.09.15 18:51:45.051,0.76764,0.76771,1.50,1.00
2016.09.15 18:51:45.102,0.76764,0.76771,1.87,1.00
2016.09.15 18:51:45.153,0.76764,0.76771,2.25,1.00
2016.09.15 18:51:46.649,0.76764,0.76771,3.00,1.00
2016.09.15 18:51:46.856,0.76764,0.76771,1.87,1.00
2016.09.15 18:51:47.514,0.76764,0.76771,2.62,1.00
2016.09.15 18:51:47.782,0.76764,0.76771,2.25,1.00
2016.09.15 18:51:48.087,0.76764,0.76769,2.25,1.00
2016.09.15 18:51:48.628,0.76764,0.76769,1.87,1.00
2016.09.15 18:51:48.679,0.76764,0.76771,1.87,1.00
2016.09.15 18:51:50.573,0.76764,0.76775,1.87,1.50
2016.09.15 18:51:50.625,0.76766,0.76774,1.00,1.00
2016.09.15 18:51:50.676,0.76766,0.76774,1.00,1.00
2016.09.15 18:51:50.727,0.76766,0.76775,1.37,1.00
2016.09.15 18:51:50.880,0.76767,0.76775,1.12,1.00
2016.09.15 18:51:51.406,0.76766,0.76775,1.87,1.00
2016.09.15 18:51:51.508,0.76766,0.76775,1.94,1.00
2016.09.15 18:51:51.610,0.76767,0.76775,1.57,1.00
2016.09.15 18:51:51.712,0.76767,0.76775,2.25,1.00
2016.09.15 18:51:52.032,0.76767,0.76775,3.75,1.00
2016.09.15 18:51:52.383,0.76768,0.76775,1.75,1.00
2016.09.15 18:51:53.231,0.76768,0.76775,1.12,1.00
2016.09.15 18:51:53.411,0.76766,0.76773,1.37,1.00
2016.09.15 18:51:53.463,0.76763,0.76769,1.12,1.00
2016.09.15 18:51:53.565,0.76762,0.76769,1.87,1.00
2016.09.15 18:51:53.667,0.76762,0.76769,1.75,1.00
2016.09.15 18:51:53.820,0.76761,0.76769,3.82,1.00
2016.09.15 18:51:55.423,0.76762,0.76769,1.87,1.00
2016.09.15 18:51:56.766,0.76762,0.76769,1.75,1.00
2016.09.15 18:52:01.874,0.76762,0.76769,1.00,1.00
2016.09.15 18:52:02.190,0.76761,0.76769,1.87,1.00
2016.09.15 18:52:02.594,0.76761,0.76769,1.87,1.00
2016.09.15 18:52:02.996,0.76762,0.7677,1.00,1.00
2016.09.15 18:52:04.964,0.76761,0.76768,1.12,1.00
2016.09.15 18:52:05.066,0.76761,0.76768,1.00,1.00
2016.09.15 18:52:05.270,0.76761,0.76769,1.50,1.00
2016.09.15 18:52:06.212,0.76761,0.76769,1.50,1.00
2016.09.15 18:52:06.365,0.76762,0.7677,1.00,1.00
2016.09.15 18:52:07.567,0.76762,0.76768,1.00,1.00
2016.09.15 18:52:08.385,0.76761,0.76767,1.50,1.00
2016.09.15 18:52:08.436,0.76761,0.76767,1.50,1.00
2016.09.15 18:52:08.639,0.76762,0.7677,1.00,1.00
2016.09.15 18:52:09.473,0.76762,0.76768,1.00,1.00
2016.09.15 18:52:09.858,0.76762,0.76768,1.12,1.00
2016.09.15 18:52:10.838,0.76762,0.76768,1.50,1.00
2016.09.15 18:52:12.723,0.76762,0.76768,1.37,1.00
2016.09.15 18:52:13.703,0.7676,0.76766,2.25,1.00
2016.09.15 18:52:13.755,0.7676,0.76766,2.25,1.00
2016.09.15 18:52:13.806,0.76761,0.76769,1.50,1.00
2016.09.15 18:52:13.857,0.76761,0.76769,1.75,1.00
2016.09.15 18:52:14.173,0.76761,0.76769,1.00,1.00
2016.09.15 18:52:14.275,0.7676,0.76766,2.25,1.00
2016.09.15 18:52:14.480,0.7676,0.76768,2.25,1.00
2016.09.15 18:52:14.867,0.7676,0.76768,1.87,1.00
2016.09.15 18:52:14.969,0.7676,0.76768,1.12,1.00
2016.09.15 18:52:17.245,0.7676,0.76768,1.87,1.00
2016.09.15 18:52:17.358,0.7676,0.76768,1.12,1.00
2016.09.15 18:52:17.562,0.7676,0.76768,1.50,1.00
2016.09.15 18:52:20.577,0.7676,0.76768,1.37,1.00
2016.09.15 18:52:20.679,0.76759,0.76767,2.89,1.00
2016.09.15 18:52:20.946,0.76761,0.76767,1.12,1.00
2016.09.15 18:52:21.385,0.76759,0.76766,2.14,1.00
2016.09.15 18:52:21.437,0.76759,0.76766,1.01,1.00
2016.09.15 18:52:21.488,0.76758,0.76765,3.07,1.00
2016.09.15 18:52:21.540,0.76758,0.76765,1.95,1.00
2016.09.15 18:52:21.591,0.76758,0.76765,1.57,1.00
2016.09.15 18:52:21.643,0.76758,0.76765,1.20,1.00
2016.09.15 18:52:21.885,0.76757,0.76764,1.39,1.00
2016.09.15 18:52:21.936,0.76758,0.76764,1.37,1.00
2016.09.15 18:52:21.988,0.76759,0.76765,1.12,1.00
2016.09.15 18:52:22.090,0.76758,0.76764,1.62,1.00
2016.09.15 18:52:22.141,0.76757,0.76764,1.76,1.00
2016.09.15 18:52:22.396,0.76757,0.76765,2.51,1.00
2016.09.15 18:52:23.852,0.76757,0.76765,1.76,1.00
2016.09.15 18:52:24.182,0.76757,0.76763,1.29,1.00
2016.09.15 18:52:24.234,0.76757,0.76763,1.10,1.00
2016.09.15 18:52:24.285,0.76756,0.76763,1.69,1.00
2016.09.15 18:52:24.387,0.76756,0.76763,1.01,1.00
2016.09.15 18:52:24.438,0.76756,0.76763,1.10,1.00
2016.09.15 18:52:24.489,0.76755,0.76763,1.87,1.00
2016.09.15 18:52:24.741,0.76756,0.76764,1.10,1.00
2016.09.15 18:52:25.541,0.76755,0.76761,1.87,1.00
2016.09.15 18:52:25.719,0.76755,0.76761,1.50,1.00
2016.09.15 18:52:25.770,0.76753,0.76761,1.31,1.00
2016.09.15 18:52:26.422,0.76753,0.76761,1.46,1.00
2016.09.15 18:52:26.524,0.76754,0.76762,1.01,1.00
2016.09.15 18:52:26.576,0.76756,0.76763,1.00,1.00
2016.09.15 18:52:26.627,0.76756,0.76764,1.50,1.00
2016.09.15 18:52:30.934,0.76756,0.76764,1.87,1.00
2016.09.15 18:52:31.678,0.76756,0.76764,1.12,1.00
2016.09.15 18:52:31.776,0.76756,0.76764,1.00,1.00
2016.09.15 18:52:31.827,0.76756,0.76762,1.00,1.00
2016.09.15 18:52:31.879,0.76756,0.76764,1.00,1.00
2016.09.15 18:52:32.668,0.76755,0.76763,1.00,1.00
2016.09.15 18:52:32.822,0.76755,0.76763,1.12,1.00
2016.09.15 18:52:33.068,0.76755,0.76763,1.87,1.00
2016.09.15 18:52:33.223,0.76755,0.76763,2.62,1.00
2016.09.15 18:52:33.275,0.76755,0.76763,3.37,1.00
2016.09.15 18:52:33.624,0.76756,0.76764,1.00,1.00
2016.09.15 18:52:33.930,0.76755,0.76763,2.62,1.00
2016.09.15 18:52:34.129,0.76755,0.76763,3.37,1.00
2016.09.15 18:52:34.204,0.76755,0.76763,3.56,1.00
2016.09.15 18:52:34.255,0.76755,0.76763,2.81,1.00
2016.09.15 18:52:34.408,0.76755,0.76761,2.06,1.00
2016.09.15 18:52:35.072,0.76754,0.76761,2.59,1.00
2016.09.15 18:52:35.581,0.76754,0.76762,2.59,1.00
2016.09.15 18:52:36.284,0.76755,0.76767,1.31,1.50
2016.09.15 18:52:36.335,0.76756,0.76764,1.00,1.00
2016.09.15 18:52:36.386,0.76756,0.76764,1.50,1.00
2016.09.15 18:52:36.437,0.76756,0.76764,1.69,1.00
2016.09.15 18:52:36.489,0.76756,0.76764,3.56,1.00
2016.09.15 18:52:36.540,0.76756,0.76764,3.37,1.00
2016.09.15 18:52:36.592,0.76755,0.76764,1.10,1.00
2016.09.15 18:52:39.803,0.76754,0.76762,3.00,1.00
2016.09.15 18:52:39.854,0.76754,0.7676,2.25,1.00
2016.09.15 18:52:40.043,0.76754,0.7676,1.12,1.00
2016.09.15 18:52:40.094,0.76755,0.76763,1.00,1.00
2016.09.15 18:52:40.196,0.76755,0.76763,1.10,1.00
2016.09.15 18:52:40.298,0.76755,0.76763,1.95,1.00
2016.09.15 18:52:40.886,0.76755,0.76763,1.20,1.00
2016.09.15 18:52:41.617,0.76754,0.76763,3.37,1.00
2016.09.15 18:52:41.908,0.76754,0.76763,2.62,1.00
2016.09.15 18:52:42.169,0.76754,0.76761,1.87,1.00
2016.09.15 18:52:42.272,0.76754,0.7676,1.12,1.00
2016.09.15 18:52:42.324,0.76752,0.7676,1.65,1.00
2016.09.15 18:52:42.419,0.76756,0.76762,1.00,1.00
2016.09.15 18:52:42.523,0.76755,0.76763,1.10,1.00
2016.09.15 18:52:42.575,0.76755,0.76763,1.57,1.00
2016.09.15 18:52:42.627,0.76755,0.76763,1.95,1.00
2016.09.15 18:52:42.679,0.76755,0.76763,1.20,1.00
2016.09.15 18:52:44.497,0.76759,0.76763,1.00,1.00
2016.09.15 18:52:45.002,0.76759,0.76764,1.00,1.00
2016.09.15 18:52:52.523,0.76761,0.76765,1.00,1.00
2016.09.15 18:52:53.054,0.76762,0.76766,1.00,1.00
2016.09.15 18:52:53.586,0.76761,0.76766,1.00,1.00
2016.09.15 18:52:54.804,0.76761,0.76765,1.00,1.00
2016.09.15 18:52:54.856,0.76759,0.76764,1.00,1.00
2016.09.15 18:52:55.009,0.76761,0.76765,1.00,1.00
2016.09.15 18:52:55.060,0.76761,0.76766,1.00,1.00
2016.09.15 18:52:55.111,0.76761,0.76767,1.00,1.00
2016.09.15 18:52:55.656,0.76761,0.76766,1.00,1.00
2016.09.15 18:52:56.060,0.7676,0.76764,1.00,1.00
2016.09.15 18:53:03.228,0.7676,0.76764,1.00,1.00
2016.09.15 18:53:03.279,0.7676,0.76768,1.00,1.00
2016.09.15 18:53:03.330,0.7676,0.76767,1.12,1.00
2016.09.15 18:53:03.381,0.76761,0.76768,1.00,1.00
2016.09.15 18:53:03.737,0.76763,0.76769,1.00,1.00
2016.09.15 18:53:03.839,0.76763,0.76769,1.00,1.00
2016.09.15 18:53:04.439,0.76765,0.76769,1.00,1.00
2016.09.15 18:53:04.993,0.76765,0.7677,1.00,1.00
2016.09.15 18:53:05.562,0.76764,0.76769,1.00,1.00
2016.09.15 18:53:07.077,0.76763,0.76769,1.00,1.00
2016.09.15 18:53:07.589,0.76764,0.76768,1.00,1.00
2016.09.15 18:53:08.546,0.76765,0.7677,1.00,1.00
2016.09.15 18:53:09.158,0.76763,0.76769,1.00,1.00
2016.09.15 18:53:09.311,0.76763,0.76767,1.00,1.00
2016.09.15 18:53:09.464,0.76763,0.76769,1.00,1.00
2016.09.15 18:53:09.668,0.76763,0.76767,1.00,1.00
2016.09.15 18:53:09.770,0.76761,0.76767,1.50,1.00
2016.09.15 18:53:10.031,0.76761,0.76767,1.00,1.00
2016.09.15 18:53:13.265,0.76762,0.76767,1.00,1.00
2016.09.15 18:53:13.668,0.76763,0.76769,1.00,1.00
2016.09.15 18:53:13.719,0.76765,0.76772,1.00,1.00
2016.09.15 18:53:13.770,0.76767,0.76773,1.50,1.00
2016.09.15 18:53:13.821,0.76767,0.76774,1.00,1.00
2016.09.15 18:53:14.254,0.76769,0.76773,1.00,1.00
2016.09.15 18:53:14.509,0.76769,0.76775,1.00,1.00
2016.09.15 18:53:15.070,0.76768,0.76775,1.00,1.00
2016.09.15 18:53:18.317,0.76769,0.76775,1.00,1.00
2016.09.15 18:53:20.338,0.76769,0.76775,1.50,1.00
2016.09.15 18:53:20.498,0.76772,0.76778,1.00,1.00
2016.09.15 18:53:20.550,0.76772,0.76778,1.00,1.00
2016.09.15 18:53:20.601,0.76772,0.76778,1.50,1.00
2016.09.15 18:53:22.687,0.76772,0.76778,1.00,1.00
2016.09.15 18:53:22.931,0.76772,0.76776,1.00,1.00
2016.09.15 18:53:22.982,0.76771,0.76776,1.50,1.00
2016.09.15 18:53:23.191,0.7677,0.76775,1.00,1.00
2016.09.15 18:53:23.345,0.76769,0.76775,1.00,1.00
2016.09.15 18:53:23.956,0.76769,0.76776,1.00,1.00
2016.09.15 18:53:24.268,0.76771,0.76776,1.00,1.00
2016.09.15 18:53:24.575,0.76769,0.76773,1.00,1.00
2016.09.15 18:53:24.627,0.76767,0.76773,1.12,1.00
2016.09.15 18:53:24.679,0.76769,0.76775,1.00,1.00
2016.09.15 18:53:24.877,0.76769,0.76775,1.50,1.00
2016.09.15 18:53:24.928,0.76769,0.76775,1.00,1.00
2016.09.15 18:53:26.219,0.76771,0.76775,1.00,1.00
2016.09.15 18:53:26.374,0.76771,0.76778,1.00,1.00
2016.09.15 18:53:26.426,0.76772,0.7678,1.50,1.50
2016.09.15 18:53:26.477,0.76772,0.7678,1.50,1.00
2016.09.15 18:53:26.983,0.76772,0.76778,1.00,1.00
2016.09.15 18:53:27.087,0.76771,0.76777,1.57,1.00
2016.09.15 18:53:27.138,0.76771,0.76777,1.10,1.00
2016.09.15 18:53:27.190,0.7677,0.76777,1.50,1.00
2016.09.15 18:53:27.496,0.7677,0.76777,1.00,1.00
2016.09.15 18:53:27.598,0.7677,0.76776,1.50,1.00
2016.09.15 18:53:27.650,0.7677,0.76776,1.00,1.00
2016.09.15 18:53:28.120,0.76769,0.76776,1.57,1.00
2016.09.15 18:53:29.440,0.7677,0.76776,1.00,1.00
2016.09.15 18:53:30.247,0.76771,0.76778,1.50,1.00
2016.09.15 18:53:30.298,0.76772,0.76778,1.00,1.00
2016.09.15 18:53:30.400,0.76774,0.76778,1.00,1.00
2016.09.15 18:53:31.308,0.76773,0.76778,1.00,1.00
2016.09.15 18:53:34.255,0.76772,0.76778,1.00,1.00
2016.09.15 18:53:34.306,0.76772,0.76778,1.00,1.00
2016.09.15 18:53:34.513,0.76771,0.76777,1.00,1.00
2016.09.15 18:53:34.946,0.76771,0.76777,1.00,1.00
2016.09.15 18:53:37.960,0.76773,0.76777,1.00,1.00
2016.09.15 18:53:38.439,0.76771,0.76777,1.00,1.00
2016.09.15 18:53:40.871,0.76771,0.76776,1.00,1.00
2016.09.15 18:53:40.974,0.76773,0.76777,1.00,1.00
2016.09.15 18:53:41.495,0.76772,0.76776,1.00,1.00
2016.09.15 18:53:44.098,0.76771,0.76775,1.00,1.00
2016.09.15 18:53:44.610,0.76772,0.76776,1.00,1.00
2016.09.15 18:53:45.023,0.76772,0.76776,1.00,1.00
2016.09.15 18:53:50.438,0.76772,0.76777,1.00,1.00
2016.09.15 18:53:50.591,0.76771,0.76777,1.10,1.00
2016.09.15 18:53:50.642,0.76771,0.76777,1.00,1.00
2016.09.15 18:53:51.195,0.76772,0.76777,1.00,1.00
2016.09.15 18:53:52.634,0.76771,0.76775,1.00,1.00
2016.09.15 18:53:52.889,0.76773,0.76777,1.00,1.00
2016.09.15 18:53:54.489,0.76772,0.76776,1.00,1.00
2016.09.15 18:53:57.667,0.76773,0.76777,1.00,1.00
2016.09.15 18:53:58.899,0.76774,0.76778,1.00,1.00
2016.09.15 18:53:59.498,0.76773,0.76777,1.00,1.00
2016.09.15 18:53:59.549,0.76771,0.76776,1.10,1.00
2016.09.15 18:54:00.107,0.76773,0.76777,1.00,1.00
2016.09.15 18:54:03.003,0.76774,0.76778,1.00,1.00
2016.09.15 18:54:04.013,0.76774,0.76779,1.00,1.00
2016.09.15 18:54:04.546,0.76775,0.76779,1.00,1.00
2016.09.15 18:54:05.068,0.76776,0.7678,1.00,1.00
2016.09.15 18:54:06.681,0.76773,0.76779,1.50,1.00
2016.09.15 18:54:06.773,0.76773,0.76779,1.00,1.00
2016.09.15 18:54:06.927,0.76773,0.76779,1.00,1.00
2016.09.15 18:54:07.693,0.76774,0.76778,1.00,1.00
2016.09.15 18:54:08.835,0.76773,0.76778,1.00,1.00
2016.09.15 18:54:12.073,0.76773,0.76779,1.00,1.00
2016.09.15 18:54:12.602,0.76773,0.76777,1.00,1.00
2016.09.15 18:54:13.112,0.76774,0.76778,1.00,1.00
2016.09.15 18:54:13.650,0.76773,0.76777,1.00,1.00
2016.09.15 18:54:14.254,0.76772,0.76776,1.00,1.00
2016.09.15 18:54:14.599,0.76773,0.76777,1.00,1.00
2016.09.15 18:54:15.057,0.76772,0.76776,1.00,1.00
2016.09.15 18:54:15.416,0.76773,0.76777,1.00,1.00
2016.09.15 18:54:15.518,0.76772,0.76776,1.00,1.00
2016.09.15 18:54:16.159,0.76773,0.76777,1.00,1.00
2016.09.15 18:54:18.362,0.76772,0.76777,1.00,1.00
2016.09.15 18:54:18.873,0.76772,0.76776,1.00,1.00
2016.09.15 18:54:19.504,0.76773,0.76777,1.00,1.00
2016.09.15 18:54:21.030,0.76771,0.76776,1.00,1.00
2016.09.15 18:54:21.560,0.76771,0.76775,1.00,1.00
2016.09.15 18:54:22.233,0.76771,0.76775,1.12,1.00
2016.09.15 18:54:23.025,0.76771,0.76775,1.12,1.00
2016.09.15 18:54:24.230,0.76772,0.76776,1.00,1.00
2016.09.15 18:54:25.935,0.76774,0.76778,1.00,1.00
2016.09.15 18:54:26.455,0.76773,0.76777,1.00,1.00
2016.09.15 18:54:26.957,0.76772,0.76777,1.00,1.00
2016.09.15 18:54:27.651,0.76771,0.76777,1.00,1.00
2016.09.15 18:54:27.753,0.76771,0.76775,1.00,1.00
2016.09.15 18:54:28.528,0.76772,0.76776,1.00,1.00
2016.09.15 18:54:29.234,0.76771,0.76775,1.00,1.00
2016.09.15 18:54:30.105,0.76771,0.76776,1.00,1.00
2016.09.15 18:54:30.409,0.76771,0.76776,1.12,1.00
2016.09.15 18:54:30.460,0.76772,0.76776,1.00,1.00
2016.09.15 18:54:34.921,0.76772,0.76778,1.00,1.00
2016.09.15 18:54:35.023,0.76772,0.76776,1.00,1.00
2016.09.15 18:54:35.738,0.76772,0.76777,1.00,1.00
2016.09.15 18:54:36.776,0.76773,0.7678,1.00,1.00
2016.09.15 18:54:36.943,0.76775,0.76779,1.00,1.00
2016.09.15 18:54:37.253,0.76773,0.76777,1.00,1.00
2016.09.15 18:54:38.148,0.76772,0.76776,1.00,1.00
2016.09.15 18:54:38.702,0.76773,0.76777,1.00,1.00
2016.09.15 18:54:42.003,0.76772,0.76776,1.00,1.00
2016.09.15 18:54:42.826,0.76772,0.76777,1.12,1.00
2016.09.15 18:54:42.928,0.76772,0.76779,1.12,1.00
2016.09.15 18:54:42.979,0.76772,0.76778,1.12,1.00
2016.09.15 18:54:43.234,0.76772,0.76778,1.00,1.00
2016.09.15 18:54:43.285,0.76772,0.76778,1.00,1.00
2016.09.15 18:54:43.867,0.76772,0.76777,1.00,1.00
2016.09.15 18:54:44.519,0.76772,0.76777,1.00,1.00
2016.09.15 18:54:44.571,0.76773,0.76779,1.00,1.00
2016.09.15 18:54:47.729,0.76774,0.76778,1.12,1.00
2016.09.15 18:54:49.011,0.76773,0.76777,1.12,1.00
2016.09.15 18:54:49.461,0.76774,0.76778,1.12,1.00
2016.09.15 18:54:49.615,0.76773,0.76777,1.12,1.00
2016.09.15 18:54:51.329,0.76773,0.76777,1.00,1.00
2016.09.15 18:54:51.431,0.76772,0.76776,1.00,1.00
2016.09.15 18:54:51.789,0.76771,0.76775,1.12,1.00
2016.09.15 18:54:51.840,0.76772,0.76776,1.00,1.00
2016.09.15 18:54:52.369,0.76771,0.76775,1.12,1.00
2016.09.15 18:54:53.383,0.7677,0.76774,1.00,1.00
2016.09.15 18:54:53.587,0.76769,0.76773,1.00,1.00
2016.09.15 18:54:53.639,0.76768,0.76772,1.12,1.00
2016.09.15 18:54:53.742,0.76768,0.76772,1.00,1.00
2016.09.15 18:54:53.947,0.76768,0.76772,1.00,1.00
2016.09.15 18:54:56.037,0.76768,0.76772,1.12,1.00
2016.09.15 18:54:56.240,0.76768,0.76773,1.00,1.00
2016.09.15 18:54:57.208,0.76768,0.76772,1.00,1.00
2016.09.15 18:54:57.362,0.76768,0.76772,1.12,1.00
2016.09.15 18:54:57.414,0.76769,0.76773,1.00,1.00
2016.09.15 18:54:57.912,0.76769,0.76775,1.00,1.00
2016.09.15 18:54:58.108,0.76772,0.76776,1.00,1.00
2016.09.15 18:54:58.210,0.7677,0.76775,1.50,1.00
2016.09.15 18:54:58.262,0.7677,0.76774,1.00,1.00
2016.09.15 18:54:58.364,0.76768,0.76772,1.25,1.00
2016.09.15 18:54:58.415,0.76768,0.76772,1.25,1.00
2016.09.15 18:54:58.568,0.76768,0.76772,1.00,1.00
2016.09.15 18:54:58.981,0.7677,0.76774,1.00,1.00
2016.09.15 18:54:59.555,0.7677,0.76774,1.00,1.00
2016.09.15 18:54:59.606,0.76765,0.7677,1.39,1.00
2016.09.15 18:54:59.658,0.76765,0.76772,1.10,1.00
2016.09.15 18:54:59.709,0.76766,0.76771,1.00,1.00
2016.09.15 18:55:00.015,0.76765,0.76769,1.00,1.00
2016.09.15 18:55:00.261,0.76764,0.76768,1.12,1.00
2016.09.15 18:55:00.669,0.76764,0.76768,1.12,1.00
2016.09.15 18:55:00.720,0.76765,0.76769,1.00,1.00
2016.09.15 18:55:01.349,0.76766,0.7677,1.00,1.00
2016.09.15 18:55:01.503,0.76765,0.7677,1.12,1.00
2016.09.15 18:55:01.707,0.76767,0.76772,1.00,1.00
2016.09.15 18:55:01.782,0.76767,0.76772,1.12,1.00
2016.09.15 18:55:02.349,0.76766,0.76771,1.12,1.00
2016.09.15 18:55:02.916,0.76766,0.7677,1.12,1.00
2016.09.15 18:55:03.371,0.76767,0.76771,1.00,1.00
2016.09.15 18:55:03.677,0.76768,0.76772,1.00,1.00
2016.09.15 18:55:03.830,0.76769,0.76773,1.00,1.00
2016.09.15 18:55:04.381,0.76769,0.76773,1.12,1.00
2016.09.15 18:55:05.719,0.76769,0.76773,1.00,1.00
2016.09.15 18:55:06.680,0.76769,0.76773,1.12,1.00
2016.09.15 18:55:07.184,0.76769,0.76773,1.12,1.00
2016.09.15 18:55:07.236,0.76768,0.76773,1.37,1.00
2016.09.15 18:55:07.547,0.76768,0.76772,1.00,1.00
2016.09.15 18:55:08.109,0.76769,0.76773,1.00,1.00
2016.09.15 18:55:09.035,0.76769,0.76773,1.00,1.00
2016.09.15 18:55:09.137,0.76768,0.76772,1.12,1.00
2016.09.15 18:55:09.188,0.76769,0.76773,1.00,1.00
2016.09.15 18:55:09.239,0.76766,0.7677,1.57,1.00
2016.09.15 18:55:09.342,0.76766,0.7677,1.20,1.00
2016.09.15 18:55:09.565,0.76766,0.7677,1.10,1.00
2016.09.15 18:55:10.097,0.76767,0.76771,1.00,1.00
2016.09.15 18:55:11.227,0.76769,0.76773,1.00,1.00
2016.09.15 18:55:11.702,0.76765,0.7677,1.57,1.00
2016.09.15 18:55:11.774,0.76765,0.76769,1.20,1.00
2016.09.15 18:55:11.825,0.76763,0.76768,3.07,1.00
2016.09.15 18:55:11.876,0.76763,0.76768,2.32,1.00
2016.09.15 18:55:11.928,0.76765,0.76769,1.00,1.00
2016.09.15 18:55:12.081,0.76765,0.76769,1.00,1.00
2016.09.15 18:55:12.388,0.76765,0.7677,1.00,1.00
2016.09.15 18:55:12.589,0.76764,0.76768,1.50,1.00
2016.09.15 18:55:12.640,0.76765,0.76769,1.00,1.00
2016.09.15 18:55:12.708,0.76765,0.76769,1.00,1.00
2016.09.15 18:55:12.912,0.76763,0.76767,1.00,1.00
2016.09.15 18:55:13.927,0.76762,0.76766,1.10,1.00
2016.09.15 18:55:14.436,0.76763,0.76767,1.00,1.00
2016.09.15 18:55:14.639,0.76764,0.76768,1.00,1.00
2016.09.15 18:55:16.629,0.76762,0.76766,1.10,1.00
2016.09.15 18:55:16.681,0.76763,0.76767,1.00,1.00
2016.09.15 18:55:17.104,0.76764,0.76769,1.00,1.00
2016.09.15 18:55:18.107,0.76764,0.7677,1.00,1.00
2016.09.15 18:55:18.159,0.76763,0.76767,1.00,1.00
2016.09.15 18:55:18.210,0.76764,0.76768,1.00,1.00
2016.09.15 18:55:18.890,0.76764,0.76769,1.00,1.00
2016.09.15 18:55:19.132,0.76765,0.76771,1.00,1.00
2016.09.15 18:55:19.796,0.76765,0.76771,1.00,1.00
2016.09.15 18:55:20.437,0.76768,0.76773,1.00,1.00
2016.09.15 18:55:20.489,0.76768,0.76773,1.00,1.00
2016.09.15 18:55:20.592,0.76768,0.76775,1.00,1.00
2016.09.15 18:55:20.643,0.76769,0.76775,1.00,1.00
2016.09.15 18:55:20.695,0.76769,0.76777,1.00,1.00
2016.09.15 18:55:20.747,0.76771,0.76777,1.00,1.00
2016.09.15 18:55:21.324,0.76771,0.76776,1.00,1.00
2016.09.15 18:55:21.376,0.76771,0.76776,1.00,1.00
2016.09.15 18:55:21.633,0.7677,0.76774,1.00,1.00
2016.09.15 18:55:24.281,0.7677,0.76778,1.31,2.62
2016.09.15 18:55:24.333,0.76771,0.76775,1.50,1.00
2016.09.15 18:55:24.384,0.76772,0.76778,1.12,1.00
2016.09.15 18:55:24.436,0.76773,0.76777,1.00,1.00
2016.09.15 18:55:24.487,0.76771,0.76776,1.87,1.00
2016.09.15 18:55:24.538,0.76772,0.76776,1.00,1.00
2016.09.15 18:55:24.703,0.76771,0.76776,1.12,1.00
2016.09.15 18:55:24.754,0.7677,0.76775,2.44,1.00
2016.09.15 18:55:24.805,0.76771,0.76775,1.00,1.00
2016.09.15 18:55:25.317,0.7677,0.76775,1.62,1.00
2016.09.15 18:55:25.368,0.76773,0.76777,1.00,1.00
2016.09.15 18:55:25.470,0.76769,0.76775,1.57,1.00
2016.09.15 18:55:25.522,0.76769,0.76774,1.10,1.00
2016.09.15 18:55:25.671,0.76769,0.76774,1.00,1.00
2016.09.15 18:55:25.724,0.76769,0.76774,1.00,1.00
2016.09.15 18:55:26.713,0.76769,0.76775,1.00,1.00
2016.09.15 18:55:26.880,0.76771,0.76775,1.00,1.00
2016.09.15 18:55:26.932,0.76771,0.76775,1.00,1.00
2016.09.15 18:55:30.804,0.7677,0.76774,1.00,1.00
2016.09.15 18:55:32.019,0.76771,0.76775,1.00,1.00
2016.09.15 18:55:32.675,0.7677,0.76774,1.00,1.00
2016.09.15 18:55:32.744,0.7677,0.76775,1.25,1.00
2016.09.15 18:55:32.846,0.76772,0.76776,1.00,1.00
2016.09.15 18:55:41.910,0.76771,0.76775,1.12,1.00
2016.09.15 18:55:41.961,0.76772,0.76776,1.00,1.00
2016.09.15 18:55:42.013,0.76771,0.76775,1.31,1.00
2016.09.15 18:55:42.251,0.76771,0.76775,1.25,1.00
2016.09.15 18:55:42.456,0.7677,0.76775,1.00,1.00
2016.09.15 18:55:42.612,0.76768,0.76773,1.31,1.00
2016.09.15 18:55:42.715,0.7677,0.76775,1.12,1.00
2016.09.15 18:55:42.767,0.76771,0.76775,1.00,1.00
2016.09.15 18:55:43.015,0.76772,0.76776,1.00,1.00
2016.09.15 18:55:43.271,0.76773,0.76777,1.00,1.00
2016.09.15 18:55:43.374,0.76772,0.76776,1.00,1.00
2016.09.15 18:55:44.088,0.76773,0.76777,1.00,1.00
2016.09.15 18:55:45.089,0.76772,0.76777,1.00,1.00
2016.09.15 18:55:45.983,0.7677,0.76775,1.69,1.00
2016.09.15 18:55:46.035,0.76772,0.76777,1.00,1.00
2016.09.15 18:55:46.086,0.76773,0.76777,1.00,1.00
2016.09.15 18:55:48.917,0.76773,0.76778,1.00,1.00
2016.09.15 18:55:49.121,0.76772,0.76776,1.00,1.00
2016.09.15 18:55:49.173,0.76775,0.76779,1.00,1.00
2016.09.15 18:55:49.492,0.76772,0.76776,1.00,1.00
2016.09.15 18:55:49.741,0.76775,0.7678,1.00,1.00
2016.09.15 18:55:49.792,0.76775,0.76781,1.12,1.00
2016.09.15 18:55:49.894,0.76776,0.76781,1.00,1.00
2016.09.15 18:55:49.946,0.76776,0.76781,1.00,1.00
2016.09.15 18:55:51.298,0.76777,0.76781,1.00,1.00
2016.09.15 18:55:51.844,0.76777,0.76781,1.00,1.00
2016.09.15 18:55:51.940,0.76778,0.76782,1.00,1.00
2016.09.15 18:55:52.094,0.76778,0.76782,1.00,1.00
2016.09.15 18:55:52.298,0.76779,0.76783,1.00,1.00
2016.09.15 18:55:52.451,0.76778,0.76782,1.00,1.00
2016.09.15 18:55:53.008,0.7678,0.76784,1.00,1.00
2016.09.15 18:55:53.932,0.7678,0.76784,1.00,1.00
2016.09.15 18:55:54.564,0.76779,0.76783,1.00,1.00
2016.09.15 18:55:54.615,0.76778,0.76783,1.12,1.00
2016.09.15 18:55:54.930,0.76779,0.76783,1.00,1.00
2016.09.15 18:55:55.033,0.76779,0.76783,1.00,1.00
2016.09.15 18:55:55.086,0.7678,0.76788,1.00,1.50
2016.09.15 18:55:55.137,0.7678,0.76786,1.00,1.00
2016.09.15 18:55:55.188,0.7678,0.76785,1.00,1.00
2016.09.15 18:55:55.240,0.76781,0.76785,1.00,1.00
2016.09.15 18:55:55.495,0.7678,0.76786,1.00,1.00
2016.09.15 18:55:55.648,0.7678,0.76788,1.00,1.00
2016.09.15 18:55:55.699,0.7678,0.76788,1.87,1.00
2016.09.15 18:55:55.750,0.76782,0.76789,1.00,1.00
2016.09.15 18:55:55.801,0.76783,0.76789,1.00,1.00
2016.09.15 18:55:56.581,0.76783,0.76789,1.50,1.00
2016.09.15 18:55:57.009,0.76785,0.7679,1.00,1.00
2016.09.15 18:55:57.526,0.76784,0.76791,1.00,1.00
2016.09.15 18:55:58.128,0.76785,0.76791,1.00,1.00
2016.09.15 18:55:58.735,0.76785,0.76789,1.00,1.00
2016.09.15 18:55:58.786,0.76784,0.76789,1.00,1.00
2016.09.15 18:55:58.939,0.76782,0.7679,1.50,1.00
2016.09.15 18:55:59.124,0.76783,0.7679,1.00,1.00
2016.09.15 18:56:01.887,0.76783,0.7679,1.00,1.00
2016.09.15 18:56:01.938,0.76785,0.76793,1.00,1.00
2016.09.15 18:56:01.989,0.76786,0.76793,1.50,1.00
2016.09.15 18:56:02.040,0.76786,0.76794,1.50,1.10
2016.09.15 18:56:02.091,0.76788,0.76795,1.50,1.50
2016.09.15 18:56:02.143,0.76788,0.76795,1.50,1.00
2016.09.15 18:56:02.194,0.76788,0.76794,1.00,1.00
2016.09.15 18:56:02.246,0.76788,0.76792,1.00,1.00
2016.09.15 18:56:02.298,0.76785,0.76792,1.00,1.00
2016.09.15 18:56:02.480,0.76785,0.76791,1.09,1.00
2016.09.15 18:56:03.907,0.76784,0.76791,1.00,1.00
2016.09.15 18:56:05.018,0.76784,0.76791,1.50,1.00
2016.09.15 18:56:07.686,0.76784,0.7679,1.00,1.00
2016.09.15 18:56:08.288,0.76784,0.76791,1.00,1.00
2016.09.15 18:56:09.114,0.76784,0.76789,1.00,1.00
2016.09.15 18:56:09.692,0.76784,0.7679,1.00,1.00
2016.09.15 18:56:10.928,0.76784,0.7679,1.50,1.00
2016.09.15 18:56:11.030,0.76785,0.7679,1.00,1.00
2016.09.15 18:56:14.680,0.76785,0.76792,1.00,1.00
2016.09.15 18:56:14.866,0.76787,0.76793,1.00,1.00
2016.09.15 18:56:15.019,0.76786,0.76792,1.00,1.00
2016.09.15 18:56:15.070,0.76786,0.76792,1.00,1.00
2016.09.15 18:56:15.901,0.76786,0.76791,1.50,1.00
2016.09.15 18:56:15.952,0.76786,0.76791,1.00,1.00
2016.09.15 18:56:19.038,0.76785,0.76791,1.87,1.00
2016.09.15 18:56:19.998,0.76787,0.76791,1.00,1.00
2016.09.15 18:56:20.723,0.76787,0.76791,1.00,1.00
2016.09.15 18:56:21.464,0.76787,0.76793,1.50,1.00
2016.09.15 18:56:21.515,0.76789,0.76793,1.00,1.00
2016.09.15 18:56:24.085,0.76788,0.76792,1.00,1.00
2016.09.15 18:56:24.137,0.76786,0.76792,1.50,1.00
2016.09.15 18:56:24.388,0.76786,0.76792,1.00,1.00
2016.09.15 18:56:24.684,0.76787,0.76792,1.00,1.00
2016.09.15 18:56:26.021,0.76787,0.76792,1.00,1.00
2016.09.15 18:56:26.123,0.76785,0.76792,1.00,1.00
2016.09.15 18:56:26.276,0.76785,0.76791,1.00,1.00
2016.09.15 18:56:26.831,0.76785,0.7679,1.00,1.00
2016.09.15 18:56:27.108,0.76784,0.7679,1.00,1.00
2016.09.15 18:56:29.424,0.76784,0.7679,1.00,1.00
2016.09.15 18:56:30.029,0.76784,0.76791,1.00,1.00
2016.09.15 18:56:31.326,0.76785,0.76791,1.00,1.00
2016.09.15 18:56:34.924,0.76785,0.76792,1.00,1.00
2016.09.15 18:56:35.475,0.76786,0.76792,1.00,1.00
2016.09.15 18:56:35.871,0.76786,0.7679,1.00,1.00
2016.09.15 18:56:36.381,0.76785,0.7679,1.00,1.00
2016.09.15 18:56:37.488,0.76786,0.76793,1.00,1.00
2016.09.15 18:56:37.539,0.76788,0.76794,1.00,1.00
2016.09.15 18:56:38.522,0.7679,0.76794,1.00,1.00
2016.09.15 18:56:43.620,0.76789,0.76793,1.00,1.00
2016.09.15 18:56:44.643,0.76787,0.76793,1.00,1.00
2016.09.15 18:56:47.851,0.76784,0.76792,1.87,1.00
2016.09.15 18:56:47.903,0.76784,0.76791,1.12,1.00
2016.09.15 18:56:47.955,0.76784,0.7679,1.00,1.00
2016.09.15 18:56:48.060,0.76784,0.7679,1.00,1.00
2016.09.15 18:56:48.162,0.76785,0.7679,1.00,1.00
2016.09.15 18:56:48.647,0.76782,0.76789,1.50,1.00
2016.09.15 18:56:48.699,0.76782,0.76788,1.12,1.00
2016.09.15 18:56:48.802,0.76782,0.76787,1.00,1.00
2016.09.15 18:56:48.853,0.76782,0.76788,1.50,1.00
2016.09.15 18:56:48.976,0.76782,0.76788,1.00,1.00
2016.09.15 18:56:49.129,0.76782,0.76786,1.00,1.00
2016.09.15 18:56:49.636,0.76781,0.76787,1.00,1.00
2016.09.15 18:56:49.839,0.7678,0.76787,1.69,1.00
2016.09.15 18:56:51.910,0.7678,0.76787,2.06,1.00
2016.09.15 18:56:55.678,0.7678,0.76787,2.14,1.00
2016.09.15 18:56:55.780,0.7678,0.76787,1.31,1.00
2016.09.15 18:56:55.831,0.7678,0.76787,1.31,1.00
2016.09.15 18:56:56.980,0.76782,0.76786,1.00,1.00
2016.09.15 18:56:57.050,0.76783,0.76788,1.37,1.00
2016.09.15 18:56:57.255,0.76782,0.76786,1.00,1.00
2016.09.15 18:56:57.357,0.76781,0.76786,1.87,1.00
2016.09.15 18:56:58.247,0.76782,0.76786,1.12,1.00
2016.09.15 18:56:58.588,0.76781,0.76786,1.87,1.00
2016.09.15 18:57:03.007,0.76781,0.76787,1.12,1.00
2016.09.15 18:57:06.897,0.76781,0.76787,1.31,1.00
2016.09.15 18:57:08.679,0.76781,0.76788,1.31,1.00
2016.09.15 18:57:10.218,0.76781,0.76788,1.25,1.00
2016.09.15 18:57:11.291,0.76781,0.76788,1.31,1.00
2016.09.15 18:57:11.819,0.76781,0.76787,1.25,1.00
2016.09.15 18:57:11.898,0.76781,0.76787,1.12,1.00
2016.09.15 18:57:12.407,0.76782,0.76787,1.00,1.00
2016.09.15 18:57:13.400,0.7678,0.76787,2.06,1.00
2016.09.15 18:57:13.897,0.76781,0.76788,1.12,1.00
2016.09.15 18:57:15.545,0.76781,0.76788,1.12,1.00
2016.09.15 18:57:15.597,0.76782,0.76788,1.37,1.00
2016.09.15 18:57:15.648,0.76782,0.76788,1.37,1.00
2016.09.15 18:57:16.208,0.76782,0.76788,1.00,1.00
2016.09.15 18:57:16.402,0.76782,0.76788,1.00,1.00
2016.09.15 18:57:16.908,0.76783,0.76788,1.00,1.00
2016.09.15 18:57:17.214,0.76783,0.76788,1.12,1.00
2016.09.15 18:57:17.317,0.76783,0.76788,1.00,1.00
2016.09.15 18:57:17.718,0.76782,0.76788,1.37,1.00
2016.09.15 18:57:18.078,0.76782,0.76788,1.12,1.00
2016.09.15 18:57:18.578,0.76782,0.76788,1.00,1.00
2016.09.15 18:57:25.484,0.76782,0.76788,1.37,1.00
2016.09.15 18:57:26.637,0.76782,0.76789,1.37,1.00
2016.09.15 18:57:26.851,0.76783,0.7679,1.00,1.00
2016.09.15 18:57:26.937,0.76785,0.7679,1.00,1.00
2016.09.15 18:57:27.787,0.76784,0.7679,1.00,1.00
2016.09.15 18:57:28.195,0.76782,0.7679,2.44,1.00
2016.09.15 18:57:28.246,0.76782,0.7679,2.25,1.00
2016.09.15 18:57:28.349,0.76782,0.7679,2.25,1.00
2016.09.15 18:57:28.401,0.76785,0.76791,1.00,1.00
2016.09.15 18:57:28.453,0.76781,0.76787,1.31,1.00
2016.09.15 18:57:28.604,0.76781,0.76786,1.12,1.00
2016.09.15 18:57:28.657,0.76777,0.76782,1.50,1.00
2016.09.15 18:57:28.709,0.76777,0.76781,1.00,1.00
2016.09.15 18:57:28.760,0.76776,0.7678,1.25,1.00
2016.09.15 18:57:28.863,0.76777,0.76781,1.00,1.00
2016.09.15 18:57:28.966,0.76774,0.76778,1.65,1.00
2016.09.15 18:57:29.018,0.76774,0.76778,1.65,1.00
2016.09.15 18:57:29.069,0.76773,0.76778,1.00,1.00
2016.09.15 18:57:29.640,0.76774,0.76778,1.00,1.00
2016.09.15 18:57:30.263,0.76775,0.76779,1.00,1.00
2016.09.15 18:57:30.521,0.76774,0.76779,1.12,1.00
2016.09.15 18:57:30.625,0.76774,0.76779,1.00,1.00
2016.09.15 18:57:31.226,0.76773,0.76779,1.12,1.00
2016.09.15 18:57:31.277,0.76773,0.76779,1.20,1.00
2016.09.15 18:57:31.328,0.76775,0.76779,1.00,1.00
2016.09.15 18:57:31.871,0.76775,0.7678,1.00,1.00
2016.09.15 18:57:33.345,0.76775,0.76779,1.00,1.00
2016.09.15 18:57:33.601,0.76776,0.76784,1.00,2.62
2016.09.15 18:57:33.652,0.76775,0.76783,1.50,1.00
2016.09.15 18:57:33.703,0.76778,0.76784,1.00,1.00
2016.09.15 18:57:33.857,0.76778,0.76787,1.50,1.00
2016.09.15 18:57:33.908,0.76781,0.76787,1.00,1.00
2016.09.15 18:57:37.558,0.76781,0.76785,1.00,1.00
2016.09.15 18:57:37.710,0.76779,0.76785,1.10,1.00
2016.09.15 18:57:38.512,0.76779,0.76786,1.57,1.00
2016.09.15 18:57:41.921,0.76779,0.76786,1.10,1.00
2016.09.15 18:57:41.973,0.76779,0.76786,1.00,1.00
2016.09.15 18:57:42.025,0.76778,0.76785,1.50,1.00
2016.09.15 18:57:42.575,0.76778,0.76786,1.50,1.00
2016.09.15 18:57:43.123,0.76778,0.76785,1.50,1.00
2016.09.15 18:57:43.429,0.76779,0.76783,1.00,1.00
2016.09.15 18:57:44.434,0.76778,0.76783,1.00,1.00
2016.09.15 18:57:44.949,0.76778,0.76782,1.00,1.00
2016.09.15 18:57:46.610,0.76779,0.76785,1.00,1.00
2016.09.15 18:57:48.554,0.76779,0.76783,1.00,1.00
2016.09.15 18:57:49.063,0.7678,0.76784,1.00,1.00
2016.09.15 18:57:49.603,0.76779,0.76783,1.00,1.00
2016.09.15 18:57:49.705,0.7678,0.76787,1.00,1.00
2016.09.15 18:57:49.757,0.76782,0.76787,1.00,1.00
2016.09.15 18:57:50.308,0.76782,0.76788,1.00,1.00
2016.09.15 18:57:50.776,0.76782,0.76788,1.00,1.00
2016.09.15 18:57:50.953,0.76783,0.76788,1.00,1.00
2016.09.15 18:57:51.055,0.76783,0.76788,1.00,1.00
2016.09.15 18:57:51.787,0.76783,0.7679,1.00,1.00
2016.09.15 18:57:51.838,0.76783,0.7679,1.50,1.00
2016.09.15 18:57:51.889,0.76783,0.76788,1.00,1.00
2016.09.15 18:57:52.044,0.76782,0.76788,2.21,1.00
2016.09.15 18:57:52.205,0.76782,0.76788,1.95,1.00
2016.09.15 18:57:52.256,0.76782,0.76788,1.87,1.00
2016.09.15 18:57:52.461,0.76785,0.7679,1.00,1.00
2016.09.15 18:57:52.512,0.76785,0.76791,1.50,1.00
2016.09.15 18:57:52.563,0.76787,0.76792,1.00,1.00
2016.09.15 18:57:52.615,0.76791,0.76795,1.00,3.75
2016.09.15 18:57:52.667,0.76793,0.76797,1.00,2.25
2016.09.15 18:57:52.718,0.76793,0.76798,1.12,1.00
2016.09.15 18:57:52.770,0.76793,0.76797,1.12,1.00
2016.09.15 18:57:53.005,0.76791,0.76797,1.12,1.00
2016.09.15 18:57:53.102,0.7679,0.76798,2.25,1.00
2016.09.15 18:57:53.463,0.76792,0.768,1.37,1.00
2016.09.15 18:57:53.566,0.76792,0.768,1.37,1.50
2016.09.15 18:57:54.129,0.76792,0.768,1.12,1.50
2016.09.15 18:57:55.273,0.76792,0.768,1.12,1.00
2016.09.15 18:57:55.325,0.76792,0.768,1.00,1.00
2016.09.15 18:57:55.376,0.76792,0.76797,1.00,1.00
2016.09.15 18:58:01.144,0.76792,0.76796,1.00,1.00
2016.09.15 18:58:01.196,0.76788,0.76794,1.50,1.00
2016.09.15 18:58:01.247,0.76786,0.76794,1.00,1.00
2016.09.15 18:58:01.554,0.76786,0.76791,1.00,1.00
2016.09.15 18:58:02.099,0.76785,0.7679,1.00,1.00
2016.09.15 18:58:02.632,0.76785,0.76791,1.00,1.00
2016.09.15 18:58:02.683,0.76785,0.76793,1.00,1.00
2016.09.15 18:58:04.329,0.76785,0.76793,1.50,1.50
2016.09.15 18:58:04.688,0.76786,0.76793,1.00,1.50
2016.09.15 18:58:05.280,0.76786,0.76793,1.00,1.00
2016.09.15 18:58:05.707,0.76787,0.76795,1.50,1.50
2016.09.15 18:58:07.025,0.7679,0.76795,1.00,1.00
2016.09.15 18:58:07.077,0.76795,0.76799,1.00,1.20
2016.09.15 18:58:07.128,0.76795,0.76802,1.50,2.62
2016.09.15 18:58:07.180,0.76798,0.76804,1.00,3.37
2016.09.15 18:58:07.231,0.76798,0.76806,1.50,1.00
2016.09.15 18:58:07.334,0.76799,0.76806,1.00,1.00
2016.09.15 18:58:07.627,0.76798,0.76803,1.00,1.00
2016.09.15 18:58:07.678,0.76795,0.76803,1.00,1.00
2016.09.15 18:58:10.481,0.76795,0.76803,1.50,1.00
2016.09.15 18:58:12.603,0.76796,0.76803,1.00,1.00
2016.09.15 18:58:12.756,0.76796,0.76802,1.00,1.50
2016.09.15 18:58:12.808,0.76796,0.76802,1.50,1.50
2016.09.15 18:58:12.875,0.76796,0.76803,1.00,1.00
2016.09.15 18:58:13.388,0.76796,0.76802,1.00,1.00
2016.09.15 18:58:14.500,0.76796,0.76802,1.50,1.00
2016.09.15 18:58:16.177,0.76798,0.76803,1.50,1.00
2016.09.15 18:58:16.229,0.768,0.76804,1.00,1.00
2016.09.15 18:58:16.280,0.76798,0.76806,1.50,1.50
2016.09.15 18:58:16.331,0.768,0.76806,1.00,1.00
2016.09.15 18:58:16.382,0.76798,0.76806,1.50,1.50
2016.09.15 18:58:16.434,0.76801,0.76806,1.00,1.50
2016.09.15 18:58:16.652,0.768,0.76805,1.00,1.00
2016.09.15 18:58:16.857,0.768,0.76807,1.00,1.00
2016.09.15 18:58:17.208,0.76799,0.76806,1.50,1.00
2016.09.15 18:58:17.556,0.76799,0.76805,1.00,1.00
2016.09.15 18:58:17.765,0.76798,0.76802,1.10,1.00
2016.09.15 18:58:17.816,0.76796,0.76802,1.10,1.00
2016.09.15 18:58:17.867,0.76796,0.76802,1.00,1.00
2016.09.15 18:58:21.257,0.76794,0.76798,1.00,1.00
2016.09.15 18:58:21.309,0.76793,0.768,1.20,1.00
2016.09.15 18:58:21.360,0.76792,0.768,1.12,1.00
2016.09.15 18:58:21.412,0.76791,0.76798,1.95,1.00
2016.09.15 18:58:21.464,0.76791,0.76797,1.50,1.00
2016.09.15 18:58:21.516,0.76792,0.76798,1.00,1.00
2016.09.15 18:58:21.568,0.76791,0.76798,1.50,1.00
2016.09.15 18:58:21.819,0.76791,0.76797,1.00,1.00
2016.09.15 18:58:22.605,0.76791,0.76797,1.00,1.50
2016.09.15 18:58:22.833,0.76791,0.76797,1.50,1.50
2016.09.15 18:58:23.096,0.76791,0.76797,1.00,1.50
2016.09.15 18:58:23.401,0.76791,0.76797,1.00,1.00
2016.09.15 18:58:24.305,0.76791,0.76797,1.50,1.00
2016.09.15 18:58:27.082,0.76791,0.76797,1.00,1.00
2016.09.15 18:58:28.723,0.76791,0.76798,1.00,1.50
2016.09.15 18:58:29.198,0.76791,0.76798,1.00,1.00
2016.09.15 18:58:31.465,0.76791,0.76798,1.50,1.00
2016.09.15 18:58:31.989,0.76792,0.76798,1.00,1.00
2016.09.15 18:58:34.500,0.76791,0.76798,1.00,1.00
2016.09.15 18:58:34.619,0.76791,0.76798,1.50,1.00
2016.09.15 18:58:37.405,0.76791,0.76798,1.00,1.00
2016.09.15 18:58:39.490,0.7679,0.76798,1.57,1.00
2016.09.15 18:58:42.827,0.76791,0.76798,1.00,1.00
2016.09.15 18:58:43.139,0.7679,0.76798,1.57,1.00
2016.09.15 18:58:43.296,0.76791,0.76798,1.00,1.00
2016.09.15 18:58:43.347,0.76792,0.76798,1.00,1.00
2016.09.15 18:58:47.510,0.76792,0.76797,1.00,1.00
2016.09.15 18:58:48.017,0.76791,0.76797,1.00,1.00
2016.09.15 18:58:48.546,0.76793,0.768,1.00,1.00
2016.09.15 18:58:48.648,0.76794,0.76801,1.00,1.12
2016.09.15 18:58:48.699,0.76794,0.768,1.00,1.00
2016.09.15 18:58:49.002,0.76787,0.76793,4.12,1.00
2016.09.15 18:58:49.054,0.76787,0.76794,3.75,1.00
2016.09.15 18:58:49.105,0.76788,0.76796,1.00,1.20
2016.09.15 18:58:49.156,0.76788,0.76796,1.00,1.10
2016.09.15 18:58:49.207,0.76787,0.76795,1.50,1.00
2016.09.15 18:58:49.622,0.76788,0.76795,1.00,1.00
2016.09.15 18:58:49.826,0.76789,0.76795,1.00,1.00
2016.09.15 18:58:50.375,0.76789,0.76796,1.00,1.00
2016.09.15 18:58:51.410,0.7679,0.76796,1.00,1.00
2016.09.15 18:58:53.083,0.76789,0.76795,1.00,1.00
2016.09.15 18:58:53.143,0.76787,0.76793,1.50,1.00
2016.09.15 18:58:53.195,0.76787,0.76793,1.50,1.00
2016.09.15 18:58:54.130,0.76787,0.76793,1.00,1.00
2016.09.15 18:58:54.713,0.76787,0.76793,1.50,1.00
2016.09.15 18:58:55.170,0.76787,0.76793,1.00,1.00
2016.09.15 18:58:58.159,0.76786,0.76793,1.00,1.00
2016.09.15 18:58:58.397,0.76788,0.76795,1.00,1.00
2016.09.15 18:58:58.702,0.76788,0.76796,1.50,1.00
2016.09.15 18:59:01.314,0.76789,0.76797,1.00,1.00
2016.09.15 18:59:01.365,0.76789,0.76797,1.50,1.00
2016.09.15 18:59:02.172,0.76791,0.76797,1.00,1.00
2016.09.15 18:59:02.427,0.7679,0.76797,1.50,1.00
2016.09.15 18:59:03.160,0.76792,0.76797,1.00,1.00
2016.09.15 18:59:03.741,0.7679,0.76797,1.50,1.00
2016.09.15 18:59:03.843,0.7679,0.76797,1.00,1.00
2016.09.15 18:59:03.945,0.76789,0.76797,1.00,1.50
2016.09.15 18:59:04.149,0.76789,0.76797,1.50,1.00
2016.09.15 18:59:05.523,0.7679,0.76795,1.00,1.00
2016.09.15 18:59:06.185,0.76789,0.76797,1.50,1.00
2016.09.15 18:59:06.236,0.76791,0.76797,1.00,1.00
2016.09.15 18:59:06.287,0.76791,0.76797,1.50,1.00
2016.09.15 18:59:07.245,0.76791,0.76797,1.00,1.00
2016.09.15 18:59:07.449,0.7679,0.76796,1.50,1.00
2016.09.15 18:59:07.552,0.76791,0.76796,1.00,1.00
2016.09.15 18:59:07.654,0.7679,0.76797,1.00,1.00
2016.09.15 18:59:07.939,0.7679,0.76797,1.50,1.00
2016.09.15 18:59:08.041,0.7679,0.76797,1.00,1.00
2016.09.15 18:59:08.153,0.7679,0.76797,1.50,1.50
2016.09.15 18:59:08.255,0.7679,0.76796,1.50,1.00
2016.09.15 18:59:08.357,0.76792,0.76797,1.00,1.50
2016.09.15 18:59:08.460,0.7679,0.76797,1.00,1.00
2016.09.15 18:59:08.562,0.76791,0.76797,1.00,1.50
2016.09.15 18:59:08.664,0.76791,0.76797,1.00,1.00
2016.09.15 18:59:08.894,0.76791,0.76797,1.00,1.50
2016.09.15 18:59:09.346,0.7679,0.76794,1.00,1.00
2016.09.15 18:59:09.559,0.76789,0.76794,1.50,1.00
2016.09.15 18:59:09.892,0.76789,0.76797,1.50,1.50
2016.09.15 18:59:10.221,0.76789,0.76796,1.50,1.00
2016.09.15 18:59:10.847,0.76789,0.76795,1.50,1.00
2016.09.15 18:59:11.040,0.76787,0.76793,1.57,1.00
2016.09.15 18:59:11.091,0.76787,0.76793,1.50,1.00
2016.09.15 18:59:11.555,0.76788,0.76794,1.00,1.00
2016.09.15 18:59:11.708,0.76787,0.76794,1.00,1.00
2016.09.15 18:59:11.786,0.76786,0.76792,1.87,1.00
2016.09.15 18:59:11.837,0.76786,0.76792,1.50,1.00
2016.09.15 18:59:12.228,0.76786,0.76792,1.50,1.50
2016.09.15 18:59:12.611,0.76788,0.76792,1.00,1.00
2016.09.15 18:59:13.230,0.76788,0.76793,1.00,1.00
2016.09.15 18:59:13.912,0.76789,0.76793,1.00,1.00
2016.09.15 18:59:14.865,0.76791,0.76796,1.00,1.12
2016.09.15 18:59:14.916,0.76789,0.76793,1.00,1.00
2016.09.15 18:59:15.018,0.76789,0.76794,1.00,1.00
2016.09.15 18:59:15.226,0.76793,0.76797,1.00,1.00
2016.09.15 18:59:15.736,0.76792,0.76796,1.00,1.00
2016.09.15 18:59:16.294,0.76792,0.76796,1.00,1.50
2016.09.15 18:59:16.756,0.76792,0.76796,1.00,1.00
2016.09.15 18:59:17.298,0.76793,0.76798,1.00,2.06
2016.09.15 18:59:17.353,0.76794,0.76798,1.00,1.25
2016.09.15 18:59:17.404,0.76794,0.76799,1.00,1.00
2016.09.15 18:59:17.508,0.76794,0.768,1.00,3.19
2016.09.15 18:59:17.561,0.76794,0.768,1.00,2.44
2016.09.15 18:59:17.716,0.76794,0.76798,1.00,1.00
2016.09.15 18:59:18.239,0.76793,0.76797,1.00,1.00
2016.09.15 18:59:18.493,0.76792,0.76797,1.00,1.50
2016.09.15 18:59:18.646,0.76792,0.76797,1.00,1.12
2016.09.15 18:59:18.894,0.76793,0.76797,1.00,1.12
2016.09.15 18:59:19.151,0.76792,0.76797,1.00,1.87
2016.09.15 18:59:19.253,0.76793,0.76797,1.00,1.12
2016.09.15 18:59:19.406,0.76792,0.76797,1.00,1.00
2016.09.15 18:59:19.907,0.76792,0.76797,1.00,1.12
2016.09.15 18:59:19.958,0.76792,0.76797,1.00,2.25
2016.09.15 18:59:20.060,0.76791,0.76797,1.00,1.12
2016.09.15 18:59:20.678,0.76791,0.76795,1.00,1.00
2016.09.15 18:59:21.206,0.76791,0.76796,1.00,1.00
2016.09.15 18:59:22.189,0.7679,0.76794,1.00,1.00
2016.09.15 18:59:22.611,0.76788,0.76795,1.00,1.00
2016.09.15 18:59:22.663,0.76788,0.76795,1.00,1.00
2016.09.15 18:59:23.188,0.76788,0.76796,1.00,2.06
2016.09.15 18:59:23.240,0.76788,0.76796,1.00,1.25
2016.09.15 18:59:23.392,0.76788,0.76796,1.00,1.69
2016.09.15 18:59:23.674,0.76788,0.76796,1.00,1.50
2016.09.15 18:59:23.828,0.76788,0.76796,1.00,1.87
2016.09.15 18:59:24.203,0.76788,0.76796,1.00,1.12
2016.09.15 18:59:25.042,0.76788,0.76796,1.00,1.00
2016.09.15 18:59:26.164,0.76788,0.76796,1.00,1.50
2016.09.15 18:59:26.521,0.76788,0.76796,1.00,2.25
2016.09.15 18:59:26.888,0.76789,0.76796,1.00,1.00
2016.09.15 18:59:27.092,0.76791,0.76797,1.00,1.00
2016.09.15 18:59:27.143,0.76791,0.76798,1.00,1.87
2016.09.15 18:59:27.245,0.76791,0.76798,1.00,1.12
2016.09.15 18:59:27.842,0.76792,0.76798,1.00,2.81
2016.09.15 18:59:27.944,0.7679,0.76798,1.00,2.81
2016.09.15 18:59:28.047,0.7679,0.76797,1.00,1.37
2016.09.15 18:59:28.099,0.76791,0.76797,1.00,1.87
2016.09.15 18:59:28.191,0.76791,0.76797,1.00,1.50
2016.09.15 18:59:28.244,0.76791,0.76797,1.00,1.00
2016.09.15 18:59:28.295,0.76792,0.76797,1.00,1.50
2016.09.15 18:59:29.130,0.7679,0.76797,1.00,1.12
2016.09.15 18:59:29.563,0.76791,0.76797,1.00,1.00
2016.09.15 18:59:30.122,0.76792,0.76797,1.00,1.00
2016.09.15 18:59:30.306,0.7679,0.76798,1.00,1.00
2016.09.15 18:59:30.764,0.76791,0.76798,1.00,1.00
2016.09.15 18:59:30.816,0.76791,0.76799,1.00,2.25
2016.09.15 18:59:30.867,0.76791,0.76799,1.00,1.50
2016.09.15 18:59:30.918,0.76791,0.76799,1.00,2.25
2016.09.15 18:59:31.607,0.76791,0.76797,1.00,1.00
2016.09.15 18:59:32.111,0.7679,0.76797,1.00,1.00
2016.09.15 18:59:32.902,0.7679,0.76797,1.00,1.00
2016.09.15 18:59:33.375,0.7679,0.76797,1.00,1.50
2016.09.15 18:59:33.528,0.7679,0.76797,1.00,1.00
2016.09.15 18:59:33.632,0.7679,0.76797,1.00,1.50
2016.09.15 18:59:33.963,0.7679,0.76797,1.00,1.00
2016.09.15 18:59:34.376,0.7679,0.76797,1.00,1.00
2016.09.15 18:59:34.888,0.7679,0.76796,1.00,1.00
2016.09.15 18:59:35.393,0.76789,0.76796,1.00,1.00
2016.09.15 18:59:36.471,0.76789,0.76797,1.00,1.87
2016.09.15 18:59:36.522,0.76789,0.76796,1.00,1.00
2016.09.15 18:59:36.675,0.76789,0.76795,1.00,1.00
2016.09.15 18:59:36.949,0.76789,0.76793,1.00,1.00
2016.09.15 18:59:37.386,0.76789,0.76795,1.00,1.00
2016.09.15 18:59:37.488,0.76788,0.76792,1.00,1.00
2016.09.15 18:59:37.794,0.7679,0.76794,1.00,1.00
2016.09.15 18:59:38.306,0.7679,0.76795,1.00,1.00
2016.09.15 18:59:38.359,0.7679,0.76796,1.00,1.50
2016.09.15 18:59:38.410,0.7679,0.76796,1.00,1.00
2016.09.15 18:59:38.973,0.7679,0.76796,1.00,1.00
2016.09.15 18:59:39.144,0.7679,0.76795,1.00,1.00
2016.09.15 18:59:39.198,0.76789,0.76796,1.00,1.00
2016.09.15 18:59:39.250,0.76789,0.76796,1.00,1.12
2016.09.15 18:59:40.120,0.76785,0.76793,1.50,1.50
2016.09.15 18:59:40.171,0.76784,0.7679,1.00,1.50
2016.09.15 18:59:40.222,0.76786,0.7679,1.00,1.00
2016.09.15 18:59:40.682,0.76786,0.76793,1.00,1.50
2016.09.15 18:59:40.987,0.76786,0.76793,1.00,1.00
2016.09.15 18:59:41.563,0.76786,0.76793,1.00,1.50
2016.09.15 18:59:41.853,0.76786,0.76793,1.00,2.25
2016.09.15 18:59:42.171,0.76786,0.76793,1.00,1.50
2016.09.15 18:59:42.435,0.76786,0.76793,1.00,2.25
2016.09.15 18:59:44.010,0.76786,0.76792,1.00,1.00
2016.09.15 18:59:44.197,0.76785,0.76791,1.00,1.00
2016.09.15 18:59:44.248,0.76785,0.7679,1.00,1.87
2016.09.15 18:59:44.299,0.76785,0.7679,1.00,1.12
2016.09.15 18:59:44.350,0.76786,0.76792,1.00,1.69
2016.09.15 18:59:44.401,0.76787,0.76792,1.00,1.69
2016.09.15 18:59:44.452,0.76788,0.76792,1.00,1.00
2016.09.15 18:59:44.814,0.76785,0.76792,1.00,1.00
2016.09.15 18:59:44.865,0.76785,0.76789,1.00,1.00
2016.09.15 18:59:45.639,0.76785,0.7679,1.00,1.00
2016.09.15 18:59:46.000,0.76784,0.76788,1.00,1.00
2016.09.15 18:59:46.872,0.76784,0.76788,1.00,1.12
2016.09.15 18:59:47.223,0.76784,0.76789,1.00,1.50
2016.09.15 18:59:47.325,0.76784,0.76789,1.00,1.50
2016.09.15 18:59:47.377,0.76783,0.76787,1.00,1.00
2016.09.15 18:59:48.393,0.76784,0.76788,1.00,1.00
2016.09.15 18:59:48.711,0.76784,0.76789,1.00,1.00
2016.09.15 18:59:48.762,0.76784,0.76789,1.00,1.12
2016.09.15 18:59:48.975,0.76784,0.76789,1.00,1.00
2016.09.15 18:59:49.719,0.76784,0.76788,1.00,1.00
2016.09.15 18:59:50.087,0.76782,0.76788,1.00,1.00
2016.09.15 18:59:50.140,0.76784,0.76789,1.00,1.50
2016.09.15 18:59:50.193,0.76784,0.76788,1.00,1.00
2016.09.15 18:59:50.245,0.76785,0.76789,1.00,1.00
2016.09.15 18:59:50.397,0.76785,0.76789,1.00,1.00
2016.09.15 18:59:50.577,0.76783,0.76789,1.00,1.00
2016.09.15 18:59:50.628,0.76785,0.76792,1.00,3.07
2016.09.15 18:59:50.680,0.76785,0.76792,1.00,2.32
2016.09.15 18:59:50.782,0.76786,0.76792,1.00,3.07
2016.09.15 18:59:50.834,0.76786,0.76792,1.00,2.32
2016.09.15 18:59:50.885,0.76786,0.76792,1.00,1.87
2016.09.15 18:59:50.936,0.76786,0.76792,1.00,1.87
2016.09.15 18:59:51.090,0.76786,0.76792,1.00,1.12
2016.09.15 18:59:51.248,0.76786,0.76791,1.00,1.00
2016.09.15 18:59:51.795,0.76785,0.76789,1.00,1.00
2016.09.15 18:59:52.322,0.76784,0.76788,1.00,1.00
2016.09.15 18:59:53.669,0.76785,0.76789,1.00,1.00
2016.09.15 18:59:53.771,0.76785,0.7679,1.00,1.12
2016.09.15 18:59:53.925,0.76787,0.76792,1.00,3.37
2016.09.15 18:59:53.977,0.76787,0.76792,1.00,1.12
2016.09.15 18:59:54.313,0.76787,0.76793,1.00,1.00
2016.09.15 18:59:54.672,0.76787,0.76794,1.00,1.50
2016.09.15 18:59:55.044,0.76787,0.76794,1.00,2.25
2016.09.15 18:59:55.095,0.76787,0.76794,1.00,2.25
2016.09.15 18:59:55.197,0.76787,0.76793,1.00,1.12
2016.09.15 18:59:55.248,0.76787,0.76793,1.00,1.87
2016.09.15 18:59:55.458,0.76787,0.76792,1.00,1.37
2016.09.15 18:59:55.560,0.76787,0.76792,1.00,1.50
2016.09.15 18:59:55.662,0.76787,0.76791,1.00,1.00
2016.09.15 18:59:56.202,0.76786,0.7679,1.00,1.00
2016.09.15 18:59:56.253,0.76787,0.76791,1.00,1.12
2016.09.15 18:59:56.525,0.76787,0.76791,1.00,1.12
2016.09.15 18:59:56.678,0.76787,0.76791,1.00,1.50
2016.09.15 18:59:56.800,0.76782,0.76788,1.00,1.00
2016.09.15 18:59:56.851,0.76782,0.76788,1.00,1.00
2016.09.15 18:59:56.902,0.7678,0.76788,1.50,1.00
2016.09.15 18:59:57.144,0.76783,0.76787,1.00,1.00
2016.09.15 18:59:57.195,0.76785,0.7679,1.00,1.00
2016.09.15 18:59:57.716,0.76785,0.76789,1.00,1.00
2016.09.15 18:59:58.021,0.76787,0.76792,1.00,1.12
2016.09.15 18:59:58.073,0.76787,0.76793,1.00,1.00
2016.09.15 18:59:58.277,0.76788,0.76794,1.00,1.12
2016.09.15 18:59:58.379,0.76788,0.76795,1.00,2.62
2016.09.15 18:59:58.482,0.76788,0.76794,1.00,1.00
2016.09.15 18:59:58.585,0.76788,0.76795,1.00,2.62
2016.09.15 18:59:58.687,0.76788,0.76794,1.00,1.12
2016.09.15 18:59:58.738,0.76788,0.76794,1.00,1.87
2016.09.15 18:59:58.789,0.76788,0.76794,1.00,1.50
2016.09.15 18:59:59.148,0.76788,0.76792,1.00,1.00
2016.09.15 18:59:59.454,0.76787,0.76791,1.00,1.12
2016.09.15 18:59:59.556,0.76788,0.76793,1.00,1.50
2016.09.15 18:59:59.607,0.76787,0.76793,1.00,1.00
2016.09.15 18:59:59.659,0.76789,0.76794,1.00,1.87
2016.09.15 18:59:59.817,0.7679,0.76794,1.00,1.00
