2013.12.02 13:00:00.301,0.93994,0.94006,1.95,1.95
2013.12.02 13:00:00.605,0.93997,0.94007,1.13,1.50
2013.12.02 13:00:01.101,0.93996,0.94007,1.20,1.88
2013.12.02 13:00:01.686,0.93996,0.94008,1.20,1.13
2013.12.02 13:00:02.117,0.93995,0.94007,1.28,2.25
2013.12.02 13:00:02.624,0.93995,0.94007,1.88,2.33
2013.12.02 13:00:02.930,0.93995,0.94007,1.95,1.50
2013.12.02 13:00:03.183,0.93995,0.94005,1.95,2.25
2013.12.02 13:00:03.238,0.93993,0.94006,3.08,1.50
2013.12.02 13:00:04.377,0.93993,0.94004,4.95,1.50
2013.12.02 13:00:04.529,0.93995,0.94006,1.28,1.50
2013.12.02 13:00:04.682,0.93993,0.94006,3.83,2.93
2013.12.02 13:00:04.732,0.93994,0.94003,1.28,1.50
2013.12.02 13:00:05.270,0.93993,0.94005,2.70,1.50
2013.12.02 13:00:07.144,0.93995,0.94005,1.13,1.50
2013.12.02 13:00:07.347,0.93992,0.93999,1.28,1.13
2013.12.02 13:00:07.651,0.93991,0.93998,3.08,1.50
2013.12.02 13:00:08.005,0.93989,0.93997,2.25,1.88
2013.12.02 13:00:08.119,0.93985,0.93997,4.20,1.88
2013.12.02 13:00:08.170,0.93986,0.93997,2.03,1.13
2013.12.02 13:00:08.949,0.93986,0.93997,2.03,1.13
2013.12.02 13:00:09.539,0.93986,0.93999,2.03,1.50
2013.12.02 13:00:11.809,0.93986,0.93997,2.03,1.13
2013.12.02 13:00:12.617,0.93988,0.93997,1.88,1.13
2013.12.02 13:00:12.719,0.93989,0.93999,3.45,1.13
2013.12.02 13:00:12.921,0.9399,0.94002,2.03,1.50
2013.12.02 13:00:13.174,0.93989,0.94001,1.95,3.38
2013.12.02 13:00:13.675,0.93989,0.93999,1.20,1.13
2013.12.02 13:00:14.066,0.93989,0.94,1.20,1.13
2013.12.02 13:00:14.268,0.93991,0.94003,1.20,3.38
2013.12.02 13:00:14.571,0.93991,0.94001,1.88,1.50
2013.12.02 13:00:14.875,0.93988,0.94,2.70,1.50
2013.12.02 13:00:15.509,0.93988,0.94,2.70,1.50
2013.12.02 13:00:16.477,0.93988,0.94,1.95,2.25
2013.12.02 13:00:17.129,0.93988,0.93999,1.95,1.88
2013.12.02 13:00:17.180,0.93988,0.93997,1.13,1.50
2013.12.02 13:00:17.383,0.93989,0.94001,1.20,3.38
2013.12.02 13:00:17.434,0.93989,0.94001,1.20,3.38
2013.12.02 13:00:18.018,0.93989,0.94001,1.20,3.38
2013.12.02 13:00:18.523,0.93989,0.94001,1.20,2.25
2013.12.02 13:00:20.257,0.93989,0.94001,1.88,2.40
2013.12.02 13:00:20.764,0.93989,0.94001,1.88,2.25
2013.12.02 13:00:21.323,0.93989,0.94001,1.88,1.88
2013.12.02 13:00:21.840,0.93989,0.94001,1.88,2.25
2013.12.02 13:00:22.143,0.93987,0.94,1.13,2.40
2013.12.02 13:00:22.295,0.93987,0.94,1.13,2.40
2013.12.02 13:00:22.741,0.93987,0.93999,1.13,1.58
2013.12.02 13:00:22.928,0.93987,0.93999,1.13,1.58
2013.12.02 13:00:23.321,0.93985,0.93997,1.13,1.50
2013.12.02 13:00:23.372,0.93985,0.93997,1.13,1.50
2013.12.02 13:00:23.423,0.93985,0.93997,1.13,1.50
2013.12.02 13:00:23.958,0.93982,0.93995,2.63,1.65
2013.12.02 13:00:25.049,0.93982,0.93995,1.88,2.03
2013.12.02 13:00:26.223,0.93982,0.93994,1.88,1.58
2013.12.02 13:00:26.591,0.93982,0.93992,1.13,1.50
2013.12.02 13:00:28.566,0.93982,0.93992,1.13,1.50
2013.12.02 13:00:29.691,0.93982,0.93991,1.13,1.50
2013.12.02 13:00:29.793,0.93978,0.93988,1.50,2.48
2013.12.02 13:00:29.945,0.93976,0.93987,1.13,1.13
2013.12.02 13:00:30.474,0.93976,0.93987,1.13,1.13
2013.12.02 13:00:30.576,0.93975,0.93987,1.13,1.95
2013.12.02 13:00:31.624,0.93975,0.93988,1.28,3.98
2013.12.02 13:00:32.965,0.93975,0.93988,1.28,3.60
2013.12.02 13:00:33.273,0.93977,0.93988,1.13,3.23
2013.12.02 13:00:33.790,0.93977,0.93988,1.13,3.23
2013.12.02 13:00:34.581,0.93975,0.93986,1.13,1.05
2013.12.02 13:00:34.884,0.93971,0.93984,1.95,1.88
2013.12.02 13:00:35.412,0.93971,0.93982,1.20,1.35
2013.12.02 13:00:35.955,0.93971,0.93982,1.20,1.35
2013.12.02 13:00:36.504,0.93971,0.93982,1.20,1.35
2013.12.02 13:00:37.012,0.93971,0.93982,1.20,1.35
2013.12.02 13:00:37.215,0.93971,0.93982,1.13,1.73
2013.12.02 13:00:37.653,0.93971,0.93982,1.13,1.35
2013.12.02 13:00:38.159,0.93975,0.93983,1.50,1.13
2013.12.02 13:00:38.210,0.93975,0.93987,1.88,2.33
2013.12.02 13:00:38.420,0.93977,0.93988,1.20,1.13
2013.12.02 13:00:38.618,0.93978,0.93989,1.13,2.10
2013.12.02 13:00:39.986,0.93979,0.93991,1.88,1.95
2013.12.02 13:00:40.552,0.93979,0.93991,1.13,1.58
2013.12.02 13:00:43.668,0.93979,0.9399,1.28,1.35
2013.12.02 13:00:43.770,0.93979,0.9399,1.13,2.33
2013.12.02 13:00:43.973,0.93979,0.93991,1.88,1.58
2013.12.02 13:00:47.401,0.93983,0.93993,1.13,1.20
2013.12.02 13:00:48.125,0.93983,0.93994,1.13,1.50
2013.12.02 13:00:48.497,0.93982,0.93994,1.13,1.88
2013.12.02 13:00:48.699,0.93982,0.93994,1.13,1.50
2013.12.02 13:00:49.231,0.93982,0.93994,1.13,1.88
2013.12.02 13:00:49.770,0.93982,0.93995,1.88,3.08
2013.12.02 13:00:51.091,0.93982,0.93995,1.88,3.45
2013.12.02 13:00:52.962,0.93982,0.93994,1.88,1.28
2013.12.02 13:00:53.522,0.93982,0.93995,1.88,4.20
2013.12.02 13:00:54.036,0.93982,0.93993,1.13,1.58
2013.12.02 13:00:54.542,0.93982,0.93994,1.13,1.20
2013.12.02 13:01:02.095,0.93982,0.93994,1.13,1.95
2013.12.02 13:01:02.757,0.93982,0.93994,1.50,1.20
2013.12.02 13:01:02.909,0.93986,0.93996,1.13,3.45
2013.12.02 13:01:02.960,0.93986,0.93996,1.13,1.13
2013.12.02 13:01:03.011,0.93988,0.93999,1.13,1.58
2013.12.02 13:01:03.315,0.93991,0.94001,1.13,1.13
2013.12.02 13:01:09.128,0.9399,0.94002,1.13,1.58
2013.12.02 13:01:09.718,0.93991,0.94002,1.13,1.58
2013.12.02 13:01:10.268,0.93991,0.94002,1.13,1.58
2013.12.02 13:01:10.695,0.93991,0.94001,1.13,1.13
2013.12.02 13:01:10.948,0.93987,0.93998,1.13,1.88
2013.12.02 13:01:11.049,0.93987,0.93996,1.13,3.30
2013.12.02 13:01:11.301,0.93983,0.93994,1.13,1.80
2013.12.02 13:01:11.402,0.93983,0.93993,1.13,1.20
2013.12.02 13:01:11.976,0.93983,0.93992,1.13,1.13
2013.12.02 13:01:14.239,0.9398,0.93988,1.88,2.10
2013.12.02 13:01:14.492,0.93976,0.93985,1.13,1.13
2013.12.02 13:01:14.644,0.93974,0.93984,1.13,1.13
2013.12.02 13:01:15.308,0.93974,0.93985,1.13,1.13
2013.12.02 13:01:16.664,0.93975,0.93985,1.13,1.13
2013.12.02 13:01:17.198,0.93973,0.93985,2.63,1.95
2013.12.02 13:01:17.497,0.93975,0.93986,1.13,2.63
2013.12.02 13:01:17.969,0.93973,0.93985,1.13,1.95
2013.12.02 13:01:18.487,0.93973,0.93984,1.13,4.13
2013.12.02 13:01:19.021,0.93973,0.93983,1.20,1.13
2013.12.02 13:01:19.073,0.93973,0.93984,1.95,2.10
2013.12.02 13:01:19.174,0.93973,0.93986,2.70,1.88
2013.12.02 13:01:19.530,0.93975,0.93987,1.13,2.18
2013.12.02 13:01:19.935,0.93975,0.93985,1.13,1.13
2013.12.02 13:01:20.290,0.93973,0.93984,1.13,2.78
2013.12.02 13:01:21.591,0.93972,0.93983,1.13,1.20
2013.12.02 13:01:23.068,0.93972,0.93984,1.13,2.40
2013.12.02 13:01:23.330,0.93974,0.93984,2.63,1.50
2013.12.02 13:01:23.431,0.93974,0.93984,1.13,1.50
2013.12.02 13:01:23.532,0.93977,0.93985,1.13,1.50
2013.12.02 13:01:23.786,0.93978,0.93989,1.13,3.83
2013.12.02 13:01:23.887,0.93978,0.93988,1.13,1.13
2013.12.02 13:01:23.989,0.93978,0.93988,1.88,1.13
2013.12.02 13:01:25.490,0.93978,0.93989,1.88,1.13
2013.12.02 13:01:26.587,0.93978,0.93988,1.88,1.50
2013.12.02 13:01:26.739,0.93976,0.93988,1.88,2.78
2013.12.02 13:01:27.181,0.93976,0.93987,1.88,1.13
2013.12.02 13:01:27.860,0.93978,0.93989,1.13,1.95
2013.12.02 13:01:28.566,0.93978,0.9399,1.13,4.13
2013.12.02 13:01:29.128,0.93978,0.93989,1.13,1.58
2013.12.02 13:01:29.229,0.93978,0.93987,1.13,2.10
2013.12.02 13:01:29.765,0.93976,0.93987,1.13,2.18
2013.12.02 13:01:30.380,0.93976,0.93987,1.13,2.93
2013.12.02 13:01:30.901,0.93976,0.93987,1.13,3.30
2013.12.02 13:01:33.997,0.93976,0.93987,1.13,2.93
2013.12.02 13:01:34.587,0.93976,0.93987,1.13,3.30
2013.12.02 13:01:36.696,0.93974,0.93986,1.95,3.23
2013.12.02 13:01:36.899,0.93975,0.93986,1.88,2.18
2013.12.02 13:01:37.202,0.93981,0.93993,2.78,3.00
2013.12.02 13:01:37.455,0.93982,0.93991,1.20,1.73
2013.12.02 13:01:37.557,0.9398,0.9399,3.38,3.23
2013.12.02 13:01:37.860,0.93978,0.93987,2.25,1.13
2013.12.02 13:01:37.911,0.93975,0.93987,1.88,3.23
2013.12.02 13:01:38.418,0.93975,0.93987,1.88,3.60
2013.12.02 13:01:38.572,0.93977,0.93988,1.13,2.48
2013.12.02 13:01:39.084,0.93977,0.93988,1.13,1.43
2013.12.02 13:01:39.800,0.93977,0.93988,1.13,1.80
2013.12.02 13:01:39.901,0.93977,0.93986,1.13,2.10
2013.12.02 13:01:40.620,0.93977,0.93986,1.13,2.10
2013.12.02 13:01:41.626,0.93975,0.93985,1.13,1.35
2013.12.02 13:01:41.728,0.93975,0.93985,1.13,1.35
2013.12.02 13:01:42.928,0.93975,0.93985,1.13,1.35
2013.12.02 13:01:43.080,0.93973,0.93981,1.28,2.85
2013.12.02 13:01:43.384,0.93968,0.93976,1.50,1.35
2013.12.02 13:01:43.486,0.93969,0.93976,1.13,1.35
2013.12.02 13:01:44.035,0.93963,0.93975,1.13,1.80
2013.12.02 13:01:44.654,0.93963,0.93975,1.13,1.80
2013.12.02 13:01:46.095,0.93965,0.93975,1.13,1.43
2013.12.02 13:01:46.196,0.93965,0.93976,1.13,1.35
2013.12.02 13:01:46.348,0.93967,0.93977,1.13,1.58
2013.12.02 13:01:46.955,0.93967,0.9398,1.13,1.88
2013.12.02 13:01:48.152,0.93966,0.93979,1.58,2.33
2013.12.02 13:01:48.203,0.93967,0.93977,1.13,1.50
2013.12.02 13:01:48.405,0.93964,0.93975,1.20,1.73
2013.12.02 13:01:48.990,0.93965,0.93975,1.13,1.80
2013.12.02 13:01:49.267,0.93963,0.93974,1.88,1.35
2013.12.02 13:01:50.806,0.93964,0.93975,1.13,1.80
2013.12.02 13:01:51.308,0.93966,0.93975,1.13,1.80
2013.12.02 13:01:58.982,0.93966,0.93975,1.13,2.18
2013.12.02 13:01:59.185,0.93966,0.93977,1.88,2.33
2013.12.02 13:01:59.489,0.93968,0.9398,1.13,3.83
2013.12.02 13:01:59.775,0.93968,0.93979,1.13,1.58
2013.12.02 13:02:00.429,0.9397,0.93979,1.13,1.58
2013.12.02 13:02:01.416,0.93973,0.93981,1.13,4.50
2013.12.02 13:02:01.618,0.93973,0.93983,1.13,1.65
2013.12.02 13:02:02.512,0.93974,0.93983,1.13,1.65
2013.12.02 13:02:04.697,0.93973,0.93983,1.13,1.65
2013.12.02 13:02:05.812,0.93972,0.93983,1.13,1.50
2013.12.02 13:02:06.588,0.93972,0.93984,3.38,1.58
2013.12.02 13:02:06.892,0.93979,0.9399,1.13,3.08
2013.12.02 13:02:07.044,0.93979,0.93991,1.13,2.25
2013.12.02 13:02:07.807,0.93979,0.93991,1.13,1.50
2013.12.02 13:02:08.405,0.9398,0.93991,1.13,1.50
2013.12.02 13:02:08.906,0.9398,0.93991,1.13,1.35
2013.12.02 13:02:13.390,0.93982,0.93992,1.13,1.58
2013.12.02 13:02:13.917,0.93982,0.93993,1.13,1.88
2013.12.02 13:02:14.507,0.9398,0.93993,1.20,1.50
2013.12.02 13:02:15.138,0.9398,0.93993,1.20,1.88
2013.12.02 13:02:17.695,0.93982,0.93994,1.13,1.95
2013.12.02 13:02:19.537,0.93982,0.93993,1.13,1.13
2013.12.02 13:02:21.297,0.93982,0.93991,1.13,1.13
2013.12.02 13:02:23.356,0.93982,0.93991,1.13,1.13
2013.12.02 13:02:26.576,0.93982,0.93993,1.13,1.88
2013.12.02 13:02:27.577,0.93982,0.93991,1.13,1.20
2013.12.02 13:02:27.678,0.93981,0.93991,1.13,3.45
2013.12.02 13:02:29.730,0.9398,0.9399,1.13,1.28
2013.12.02 13:02:34.670,0.9398,0.93989,1.13,3.83
2013.12.02 13:02:37.062,0.9398,0.93989,1.13,3.45
2013.12.02 13:02:37.694,0.9398,0.93989,1.13,4.20
2013.12.02 13:02:38.635,0.93978,0.93989,1.13,4.20
2013.12.02 13:02:39.765,0.93978,0.93989,1.13,1.28
2013.12.02 13:02:40.612,0.93975,0.93988,1.13,4.95
2013.12.02 13:02:41.121,0.93975,0.93986,1.13,1.65
2013.12.02 13:02:41.690,0.93975,0.93987,1.88,3.08
2013.12.02 13:02:42.205,0.93975,0.93986,1.13,1.65
2013.12.02 13:02:48.277,0.93978,0.93988,1.13,2.33
2013.12.02 13:02:48.580,0.93983,0.93992,1.13,2.25
2013.12.02 13:02:49.092,0.93983,0.93992,1.13,1.50
2013.12.02 13:02:49.728,0.93983,0.93992,1.13,1.50
2013.12.02 13:02:50.514,0.93983,0.93992,1.13,1.50
2013.12.02 13:02:50.855,0.93979,0.93989,1.13,1.50
2013.12.02 13:02:50.906,0.93979,0.93989,1.13,4.05
2013.12.02 13:02:51.411,0.93975,0.93986,1.13,1.43
2013.12.02 13:02:52.001,0.93975,0.93986,1.13,1.43
2013.12.02 13:02:52.520,0.93975,0.93986,1.13,1.43
2013.12.02 13:02:53.068,0.93975,0.93986,1.13,2.93
2013.12.02 13:02:53.875,0.93975,0.93986,1.13,2.93
2013.12.02 13:02:54.423,0.93975,0.93986,1.13,1.43
2013.12.02 13:02:58.183,0.93975,0.93986,1.13,2.93
2013.12.02 13:02:58.745,0.93975,0.93986,1.13,2.93
2013.12.02 13:02:59.321,0.93975,0.93986,1.13,2.93
2013.12.02 13:03:00.363,0.93975,0.93986,1.13,1.43
2013.12.02 13:03:01.136,0.93975,0.93986,1.13,1.43
2013.12.02 13:03:01.288,0.93975,0.93986,1.13,1.43
2013.12.02 13:03:02.360,0.93975,0.93986,1.13,1.43
2013.12.02 13:03:05.466,0.93975,0.93984,1.13,1.50
2013.12.02 13:03:07.766,0.93976,0.93985,1.13,1.13
2013.12.02 13:03:07.868,0.93976,0.93986,1.20,1.35
2013.12.02 13:03:07.969,0.93979,0.93988,1.13,1.13
2013.12.02 13:03:08.071,0.93981,0.93989,1.13,1.50
2013.12.02 13:03:08.833,0.93981,0.93992,1.13,2.85
2013.12.02 13:03:09.654,0.9398,0.93992,1.20,3.23
2013.12.02 13:03:11.406,0.93981,0.93992,1.13,2.25
2013.12.02 13:03:11.913,0.93981,0.93992,1.13,2.25
2013.12.02 13:03:12.476,0.9398,0.93992,1.20,3.00
2013.12.02 13:03:13.185,0.9398,0.93992,1.20,3.00
2013.12.02 13:03:16.614,0.9398,0.93992,1.95,1.50
2013.12.02 13:03:17.146,0.9398,0.93992,1.95,1.50
2013.12.02 13:03:17.792,0.9398,0.93992,1.95,1.50
2013.12.02 13:03:18.516,0.9398,0.93992,1.95,1.50
2013.12.02 13:03:18.769,0.93982,0.93994,1.20,2.25
2013.12.02 13:03:19.282,0.93982,0.93994,1.20,2.25
2013.12.02 13:03:19.787,0.93982,0.93994,1.20,2.25
2013.12.02 13:03:20.385,0.93982,0.93994,1.20,2.25
2013.12.02 13:03:22.405,0.93984,0.93995,1.20,1.88
2013.12.02 13:03:22.886,0.93984,0.93995,1.20,2.63
2013.12.02 13:03:23.039,0.93984,0.93994,1.13,1.13
2013.12.02 13:03:28.645,0.93982,0.93992,1.20,1.13
2013.12.02 13:03:32.635,0.93982,0.93991,1.95,1.13
2013.12.02 13:03:33.328,0.93983,0.93993,1.13,1.50
2013.12.02 13:03:36.216,0.93983,0.93993,1.13,1.13
2013.12.02 13:03:36.630,0.93982,0.93991,1.95,1.50
2013.12.02 13:03:36.933,0.93979,0.93986,1.13,2.10
2013.12.02 13:03:37.034,0.93977,0.93985,1.50,1.13
2013.12.02 13:03:37.136,0.93973,0.93985,1.95,1.88
2013.12.02 13:03:37.255,0.93973,0.93985,1.95,1.88
2013.12.02 13:03:39.652,0.93973,0.93985,1.95,2.25
2013.12.02 13:03:40.181,0.93973,0.93985,1.95,2.25
2013.12.02 13:03:40.692,0.93973,0.93985,1.95,1.88
2013.12.02 13:03:40.903,0.93973,0.93985,1.95,1.88
2013.12.02 13:03:42.060,0.93973,0.93985,2.03,1.88
2013.12.02 13:03:43.616,0.93973,0.93985,2.03,1.50
2013.12.02 13:03:44.226,0.93973,0.93985,2.03,1.88
2013.12.02 13:03:45.389,0.93973,0.93984,2.03,1.50
2013.12.02 13:03:45.928,0.93974,0.93984,1.13,1.58
2013.12.02 13:03:46.518,0.93974,0.93985,1.20,1.13
2013.12.02 13:03:47.476,0.93974,0.93984,1.20,1.50
2013.12.02 13:03:47.578,0.93972,0.93982,3.45,1.50
2013.12.02 13:03:48.189,0.93973,0.93984,1.28,1.50
2013.12.02 13:03:48.874,0.93974,0.93985,1.95,1.13
2013.12.02 13:03:49.128,0.93976,0.93986,1.88,1.13
2013.12.02 13:03:49.179,0.93977,0.93986,1.50,1.13
2013.12.02 13:03:49.332,0.93977,0.93988,2.03,1.88
2013.12.02 13:03:50.456,0.93978,0.93988,1.50,1.13
2013.12.02 13:03:50.965,0.93975,0.93985,1.58,1.13
2013.12.02 13:03:55.785,0.93975,0.93984,3.08,1.13
2013.12.02 13:03:55.887,0.93975,0.93984,3.00,1.13
2013.12.02 13:03:57.003,0.93975,0.93985,3.83,1.13
2013.12.02 13:03:57.476,0.93974,0.93985,1.88,1.13
2013.12.02 13:03:57.981,0.93972,0.93984,1.95,1.58
2013.12.02 13:03:58.487,0.93972,0.93984,1.20,2.25
2013.12.02 13:03:58.805,0.93972,0.93984,1.20,2.25
2013.12.02 13:03:59.274,0.9397,0.93983,2.78,1.20
2013.12.02 13:03:59.918,0.9397,0.93984,4.20,3.00
2013.12.02 13:04:01.563,0.9397,0.93983,2.70,1.20
2013.12.02 13:04:03.909,0.9397,0.93982,2.70,1.50
2013.12.02 13:04:04.213,0.93974,0.93985,2.70,1.50
2013.12.02 13:04:04.264,0.93974,0.93985,2.63,1.50
2013.12.02 13:04:04.619,0.93974,0.93984,2.63,1.50
2013.12.02 13:04:04.771,0.93972,0.93982,3.45,1.50
2013.12.02 13:04:04.872,0.9397,0.9398,1.13,1.13
2013.12.02 13:04:05.024,0.93973,0.93983,1.13,1.43
2013.12.02 13:04:05.580,0.9397,0.93982,1.13,1.50
2013.12.02 13:04:05.682,0.93973,0.93983,1.13,1.20
2013.12.02 13:04:06.189,0.93972,0.93982,1.13,1.20
2013.12.02 13:04:06.291,0.9397,0.9398,1.88,1.88
2013.12.02 13:04:06.342,0.93969,0.93978,1.13,1.13
2013.12.02 13:04:06.849,0.93965,0.93978,2.03,1.13
2013.12.02 13:04:07.153,0.93968,0.93977,1.20,1.88
2013.12.02 13:04:07.355,0.93972,0.93982,1.20,1.50
2013.12.02 13:04:07.862,0.93971,0.93982,1.28,2.25
2013.12.02 13:04:08.115,0.93975,0.93986,1.13,1.58
2013.12.02 13:04:08.520,0.93976,0.93988,1.88,1.58
2013.12.02 13:04:08.776,0.9398,0.9399,1.13,1.50
2013.12.02 13:04:09.010,0.93982,0.9399,1.13,1.50
2013.12.02 13:04:09.562,0.93982,0.93991,1.13,1.50
2013.12.02 13:04:11.819,0.93982,0.9399,1.13,1.50
2013.12.02 13:04:12.924,0.93982,0.9399,1.13,1.50
2013.12.02 13:04:15.929,0.93979,0.93988,1.20,1.88
2013.12.02 13:04:16.137,0.93976,0.93987,1.28,1.88
2013.12.02 13:04:16.340,0.93977,0.93985,1.13,1.50
2013.12.02 13:04:16.441,0.93977,0.93985,1.13,1.88
2013.12.02 13:04:16.795,0.93975,0.93984,1.13,1.50
2013.12.02 13:04:19.650,0.93975,0.93984,1.13,1.50
2013.12.02 13:04:20.207,0.93973,0.93984,1.20,1.50
2013.12.02 13:04:21.635,0.93973,0.93984,1.20,1.50
2013.12.02 13:04:21.989,0.9398,0.93988,1.13,1.58
2013.12.02 13:04:22.512,0.9398,0.9399,1.13,1.50
2013.12.02 13:04:28.974,0.9398,0.9399,1.13,1.50
2013.12.02 13:04:29.773,0.9398,0.9399,1.13,1.88
2013.12.02 13:04:30.847,0.9398,0.9399,1.13,1.88
2013.12.02 13:04:33.270,0.9398,0.9399,1.13,1.88
2013.12.02 13:04:33.819,0.93978,0.9399,1.28,2.63
2013.12.02 13:04:34.961,0.93978,0.9399,1.13,3.83
2013.12.02 13:04:35.214,0.93975,0.93987,2.03,1.50
2013.12.02 13:04:36.182,0.93975,0.93986,1.20,1.50
2013.12.02 13:04:37.034,0.93975,0.93986,1.20,1.50
2013.12.02 13:04:38.037,0.93977,0.93988,1.88,1.58
2013.12.02 13:04:38.542,0.93977,0.93985,1.13,1.58
2013.12.02 13:04:39.053,0.93972,0.93986,1.13,3.45
2013.12.02 13:04:39.576,0.93972,0.93986,1.88,4.20
2013.12.02 13:04:40.153,0.93972,0.93986,1.95,1.20
2013.12.02 13:04:42.565,0.93972,0.93985,1.20,1.50
2013.12.02 13:04:43.666,0.93973,0.93986,1.13,1.95
2013.12.02 13:04:44.203,0.93973,0.93985,1.13,1.50
2013.12.02 13:04:45.424,0.93972,0.93985,1.20,1.50
2013.12.02 13:04:46.773,0.93972,0.93985,1.20,1.50
2013.12.02 13:04:46.875,0.93971,0.93983,2.40,1.50
2013.12.02 13:04:47.625,0.93971,0.93983,1.13,1.88
2013.12.02 13:04:48.405,0.93971,0.93983,1.13,1.88
2013.12.02 13:04:48.965,0.93971,0.93983,1.13,1.88
2013.12.02 13:04:50.052,0.93971,0.93983,1.13,2.25
2013.12.02 13:04:50.613,0.9397,0.93979,1.13,1.50
2013.12.02 13:04:52.084,0.9397,0.9398,1.13,1.50
2013.12.02 13:04:52.643,0.9397,0.9398,1.13,1.50
2013.12.02 13:04:53.074,0.9397,0.93981,1.13,1.50
2013.12.02 13:05:08.003,0.93969,0.93977,2.70,1.13
2013.12.02 13:05:08.105,0.93966,0.93977,2.70,1.88
2013.12.02 13:05:08.464,0.93967,0.93977,2.33,1.13
2013.12.02 13:05:09.101,0.93967,0.93981,2.70,1.50
2013.12.02 13:05:11.933,0.93969,0.9398,2.70,1.50
2013.12.02 13:05:12.374,0.93971,0.93981,2.70,1.50
2013.12.02 13:05:12.880,0.93971,0.93982,2.70,2.63
2013.12.02 13:05:13.395,0.93971,0.93982,2.70,2.63
2013.12.02 13:05:14.900,0.93971,0.93978,2.33,1.50
2013.12.02 13:05:14.951,0.93969,0.93978,1.88,1.95
2013.12.02 13:05:15.002,0.93969,0.93977,1.13,1.88
2013.12.02 13:05:15.315,0.93968,0.93978,1.28,1.13
2013.12.02 13:05:16.974,0.93967,0.93979,4.20,1.50
2013.12.02 13:05:17.653,0.93969,0.93981,3.45,2.25
2013.12.02 13:05:17.844,0.93969,0.93981,3.45,2.25
2013.12.02 13:05:18.345,0.93969,0.93981,3.45,2.25
2013.12.02 13:05:20.084,0.93969,0.93981,3.45,2.25
2013.12.02 13:05:20.656,0.93969,0.93981,3.45,2.25
2013.12.02 13:05:21.197,0.93971,0.93981,1.20,1.50
2013.12.02 13:05:21.426,0.93971,0.93981,2.70,1.50
2013.12.02 13:05:21.977,0.93969,0.9398,1.28,1.50
2013.12.02 13:05:26.411,0.93973,0.93979,1.13,1.50
2013.12.02 13:05:26.928,0.93971,0.93979,1.13,1.50
2013.12.02 13:05:28.138,0.93971,0.93979,1.13,1.50
2013.12.02 13:05:28.290,0.93968,0.93977,1.13,2.40
2013.12.02 13:05:28.341,0.93968,0.93974,1.13,1.35
2013.12.02 13:05:30.652,0.93965,0.93976,1.13,1.50
2013.12.02 13:05:30.995,0.93964,0.93973,1.13,1.50
2013.12.02 13:05:31.198,0.93964,0.93977,1.88,1.43
2013.12.02 13:05:31.299,0.93964,0.93976,2.70,1.50
2013.12.02 13:05:31.809,0.93965,0.93976,1.28,1.50
2013.12.02 13:05:32.766,0.93965,0.93976,1.28,2.25
2013.12.02 13:05:32.867,0.93964,0.93975,4.20,2.63
2013.12.02 13:05:32.969,0.93964,0.93976,3.38,1.50
2013.12.02 13:05:33.071,0.93964,0.93976,1.13,1.50
2013.12.02 13:05:34.439,0.93965,0.93977,1.13,2.93
2013.12.02 13:05:40.573,0.93966,0.93975,3.38,1.88
2013.12.02 13:05:40.674,0.93964,0.93976,1.95,1.58
2013.12.02 13:05:41.133,0.93967,0.93978,1.13,1.88
2013.12.02 13:05:41.658,0.93966,0.93979,1.28,2.25
2013.12.02 13:05:42.454,0.93967,0.93979,1.20,2.25
2013.12.02 13:05:42.996,0.93966,0.93979,1.28,2.25
2013.12.02 13:05:44.823,0.93966,0.93979,1.65,2.25
2013.12.02 13:05:44.975,0.93967,0.93979,1.20,2.63
2013.12.02 13:05:45.177,0.93967,0.93979,1.20,2.48
2013.12.02 13:05:45.380,0.93967,0.93979,1.13,3.30
2013.12.02 13:05:45.967,0.93967,0.93978,1.13,1.13
2013.12.02 13:05:48.574,0.93967,0.93979,1.20,2.10
2013.12.02 13:05:50.576,0.93965,0.93973,2.63,1.50
2013.12.02 13:05:50.678,0.93965,0.93978,2.70,1.58
2013.12.02 13:05:51.364,0.93968,0.93979,1.13,1.35
2013.12.02 13:05:51.897,0.93966,0.93978,1.50,1.65
2013.12.02 13:05:52.303,0.93966,0.93974,1.13,1.50
2013.12.02 13:05:52.505,0.93965,0.93973,1.13,1.50
2013.12.02 13:05:52.895,0.93965,0.93973,1.13,1.50
2013.12.02 13:05:53.098,0.93963,0.93973,1.13,1.50
2013.12.02 13:05:53.401,0.93963,0.93972,1.20,1.13
2013.12.02 13:05:54.323,0.93963,0.93972,1.13,1.13
2013.12.02 13:05:54.627,0.93963,0.93972,1.13,1.13
2013.12.02 13:05:55.187,0.93963,0.93972,1.13,1.13
2013.12.02 13:05:55.486,0.93963,0.93972,1.13,1.13
2013.12.02 13:05:56.696,0.93963,0.93972,1.13,1.13
2013.12.02 13:05:57.225,0.93963,0.93973,1.05,1.13
2013.12.02 13:05:57.614,0.93963,0.93972,1.05,1.13
2013.12.02 13:05:57.715,0.93963,0.93972,1.05,1.13
2013.12.02 13:05:59.243,0.93963,0.93972,1.13,1.13
2013.12.02 13:05:59.797,0.93962,0.93971,1.13,1.13
2013.12.02 13:06:00.300,0.93962,0.93971,1.13,1.13
2013.12.02 13:06:01.255,0.93959,0.93967,3.75,1.13
2013.12.02 13:06:01.307,0.93959,0.93967,3.00,1.88
2013.12.02 13:06:01.358,0.93957,0.93966,1.13,1.50
2013.12.02 13:06:01.560,0.93957,0.93968,1.13,1.13
2013.12.02 13:06:01.661,0.93958,0.93969,1.28,1.13
2013.12.02 13:06:01.712,0.93961,0.93971,1.13,1.50
2013.12.02 13:06:02.258,0.93959,0.93971,1.20,2.25
2013.12.02 13:06:05.452,0.93959,0.9397,1.20,1.13
2013.12.02 13:06:05.655,0.9396,0.93969,1.13,1.58
2013.12.02 13:06:05.706,0.93957,0.93967,1.88,1.13
2013.12.02 13:06:06.516,0.93957,0.93968,1.88,2.63
2013.12.02 13:06:06.870,0.93959,0.9397,1.13,1.73
2013.12.02 13:06:07.124,0.93957,0.93967,1.13,2.70
2013.12.02 13:06:07.427,0.93956,0.93966,1.50,1.80
2013.12.02 13:06:08.013,0.93956,0.93966,1.13,2.55
2013.12.02 13:06:08.317,0.93956,0.93966,1.13,1.80
2013.12.02 13:06:08.570,0.93953,0.93964,1.13,1.50
2013.12.02 13:06:08.672,0.93953,0.93963,1.13,1.13
2013.12.02 13:06:09.129,0.93953,0.93962,1.13,1.50
2013.12.02 13:06:09.654,0.93951,0.93962,1.05,1.58
2013.12.02 13:06:11.013,0.9395,0.93957,1.13,1.13
2013.12.02 13:06:11.064,0.93949,0.93957,1.13,1.13
2013.12.02 13:06:11.115,0.93948,0.93958,1.13,1.88
2013.12.02 13:06:11.216,0.93948,0.93959,1.13,1.50
2013.12.02 13:06:11.764,0.93948,0.93959,1.13,1.13
2013.12.02 13:06:11.865,0.93948,0.93961,1.13,1.20
2013.12.02 13:06:12.411,0.93948,0.93961,1.13,1.20
2013.12.02 13:06:13.037,0.93949,0.93961,1.13,1.20
2013.12.02 13:06:13.692,0.93949,0.93961,1.13,1.95
2013.12.02 13:06:14.133,0.93949,0.93961,1.13,1.95
2013.12.02 13:06:14.684,0.93949,0.93961,1.13,1.95
2013.12.02 13:06:15.122,0.93949,0.93961,1.13,2.33
2013.12.02 13:06:15.702,0.93949,0.93961,1.13,2.33
2013.12.02 13:06:18.587,0.93949,0.9396,1.13,2.25
2013.12.02 13:06:18.790,0.93948,0.93959,1.13,1.13
2013.12.02 13:06:18.891,0.93947,0.93956,1.88,1.13
2013.12.02 13:06:19.145,0.93943,0.93955,1.13,3.45
2013.12.02 13:06:19.751,0.93942,0.93954,1.13,1.50
2013.12.02 13:06:19.906,0.93942,0.93952,1.13,1.50
2013.12.02 13:06:20.807,0.93941,0.93952,1.13,1.50
2013.12.02 13:06:22.570,0.93941,0.93951,1.13,1.50
2013.12.02 13:06:23.104,0.93939,0.9395,1.28,1.50
2013.12.02 13:06:23.632,0.93939,0.9395,1.28,1.50
2013.12.02 13:06:24.626,0.93939,0.9395,3.08,1.50
2013.12.02 13:06:28.573,0.93939,0.9395,3.83,1.50
2013.12.02 13:06:28.792,0.93939,0.9395,3.83,1.50
2013.12.02 13:06:29.314,0.9394,0.93952,1.28,1.50
2013.12.02 13:06:29.467,0.93939,0.9395,4.58,1.50
2013.12.02 13:06:30.364,0.93939,0.9395,5.18,1.50
2013.12.02 13:06:30.465,0.93944,0.93953,1.13,2.25
2013.12.02 13:06:30.567,0.93944,0.93953,1.50,1.50
2013.12.02 13:06:31.072,0.93944,0.93953,1.58,1.50
2013.12.02 13:06:31.784,0.93944,0.93955,1.65,1.50
2013.12.02 13:06:32.114,0.93944,0.93955,1.50,1.50
2013.12.02 13:06:32.623,0.93944,0.93955,1.50,1.50
2013.12.02 13:06:32.953,0.93944,0.93955,1.50,1.50
2013.12.02 13:06:33.666,0.93944,0.93955,1.50,1.50
2013.12.02 13:06:34.199,0.93944,0.93955,1.50,1.50
2013.12.02 13:06:34.706,0.93943,0.93955,2.33,1.50
2013.12.02 13:06:37.153,0.93944,0.93958,1.13,4.20
2013.12.02 13:06:37.577,0.93944,0.93958,1.13,4.20
2013.12.02 13:06:38.287,0.93944,0.93958,1.13,4.58
2013.12.02 13:06:38.388,0.93944,0.93955,1.13,1.20
2013.12.02 13:06:38.691,0.9394,0.93949,1.50,1.50
2013.12.02 13:06:38.742,0.93941,0.93949,1.13,3.00
2013.12.02 13:06:38.843,0.93938,0.93949,1.13,2.25
2013.12.02 13:06:41.042,0.93938,0.93949,1.13,3.00
2013.12.02 13:06:41.143,0.93938,0.93948,1.13,1.13
2013.12.02 13:06:41.913,0.93937,0.93946,1.13,1.13
2013.12.02 13:06:43.239,0.93934,0.93945,1.88,1.50
2013.12.02 13:06:43.441,0.93934,0.93946,2.70,1.58
2013.12.02 13:06:43.542,0.93934,0.93946,2.78,1.50
2013.12.02 13:06:43.869,0.93934,0.93946,1.95,2.63
2013.12.02 13:06:44.511,0.93934,0.93945,1.95,1.50
2013.12.02 13:06:45.042,0.93934,0.93945,1.95,1.50
2013.12.02 13:06:45.554,0.93934,0.93945,1.88,1.50
2013.12.02 13:06:45.655,0.93934,0.93946,2.63,1.50
2013.12.02 13:06:46.187,0.93934,0.93946,2.78,1.50
2013.12.02 13:06:47.851,0.93936,0.93946,1.13,1.88
2013.12.02 13:06:48.470,0.93935,0.93946,1.13,3.38
2013.12.02 13:06:48.826,0.93935,0.93945,1.13,1.50
2013.12.02 13:06:48.877,0.93935,0.93946,3.45,2.25
2013.12.02 13:06:50.601,0.93936,0.93948,1.28,1.88
2013.12.02 13:06:51.119,0.93939,0.93948,1.13,1.13
2013.12.02 13:06:51.644,0.93939,0.93949,1.13,1.50
2013.12.02 13:06:53.782,0.93938,0.93949,1.50,3.00
2013.12.02 13:06:54.287,0.93939,0.93949,1.13,4.13
2013.12.02 13:06:54.642,0.93939,0.93949,1.13,3.38
2013.12.02 13:06:56.982,0.93938,0.93947,1.13,1.13
2013.12.02 13:06:57.717,0.93936,0.93947,1.88,1.13
2013.12.02 13:06:58.200,0.93936,0.93947,1.95,1.13
2013.12.02 13:06:59.521,0.93939,0.93947,1.50,1.13
2013.12.02 13:07:05.993,0.93939,0.93949,1.50,1.20
2013.12.02 13:07:07.472,0.93939,0.93951,1.58,3.23
2013.12.02 13:07:08.003,0.93939,0.93951,1.95,3.23
2013.12.02 13:07:08.662,0.93939,0.93951,1.95,1.73
2013.12.02 13:07:09.163,0.93939,0.93951,1.95,2.48
2013.12.02 13:07:09.682,0.93939,0.93949,1.95,1.13
2013.12.02 13:07:10.001,0.93942,0.9395,3.38,1.35
2013.12.02 13:07:10.153,0.93943,0.93952,3.08,1.13
2013.12.02 13:07:10.570,0.93946,0.93956,1.13,1.13
2013.12.02 13:07:11.219,0.93946,0.93956,1.13,1.13
2013.12.02 13:07:13.525,0.93942,0.93947,1.28,1.13
2013.12.02 13:07:13.627,0.93939,0.93944,1.50,1.73
2013.12.02 13:07:13.729,0.93932,0.93939,1.09,1.88
2013.12.02 13:07:13.780,0.93931,0.93938,1.84,1.88
2013.12.02 13:07:13.831,0.93929,0.93938,1.88,1.88
2013.12.02 13:07:14.034,0.93928,0.93938,1.50,1.95
2013.12.02 13:07:14.135,0.93926,0.93936,1.88,1.13
2013.12.02 13:07:14.236,0.93927,0.93936,3.38,1.13
2013.12.02 13:07:14.752,0.93928,0.93937,1.13,1.13
2013.12.02 13:07:15.055,0.93928,0.93938,1.13,1.88
2013.12.02 13:07:15.257,0.93927,0.93937,1.95,1.13
2013.12.02 13:07:15.800,0.93928,0.93937,1.13,1.50
2013.12.02 13:07:16.531,0.93927,0.93937,1.95,1.88
2013.12.02 13:07:17.970,0.93927,0.93937,1.95,1.88
2013.12.02 13:07:19.997,0.93929,0.93937,1.13,1.13
2013.12.02 13:07:20.787,0.93927,0.93938,1.88,2.63
2013.12.02 13:07:24.386,0.93929,0.93939,1.13,1.20
2013.12.02 13:07:25.073,0.93929,0.93939,1.13,2.70
2013.12.02 13:07:25.701,0.93927,0.93939,1.13,3.45
2013.12.02 13:07:26.486,0.93927,0.93939,1.13,3.45
2013.12.02 13:07:28.351,0.93927,0.93939,1.13,3.45
2013.12.02 13:07:28.577,0.93928,0.93939,1.13,2.70
2013.12.02 13:07:38.369,0.93928,0.93939,1.13,2.70
2013.12.02 13:07:38.710,0.93928,0.93939,1.13,2.33
2013.12.02 13:07:39.029,0.93928,0.93939,1.13,2.70
2013.12.02 13:07:40.469,0.93927,0.93939,1.95,2.25
2013.12.02 13:07:41.000,0.93928,0.93939,1.13,2.78
2013.12.02 13:07:42.102,0.93927,0.93938,1.13,1.58
2013.12.02 13:07:42.610,0.93927,0.93939,1.13,3.90
2013.12.02 13:07:44.019,0.93927,0.93938,1.13,1.95
2013.12.02 13:07:44.569,0.9393,0.93939,1.13,1.13
2013.12.02 13:07:44.843,0.93926,0.93938,1.13,2.70
2013.12.02 13:07:45.581,0.93926,0.93937,1.13,1.13
2013.12.02 13:07:46.171,0.93926,0.93937,1.13,1.13
2013.12.02 13:07:46.673,0.93926,0.93937,1.20,1.13
2013.12.02 13:07:47.185,0.93926,0.93938,1.20,1.13
2013.12.02 13:07:47.387,0.93926,0.93938,1.13,1.95
2013.12.02 13:07:47.892,0.93926,0.93938,1.13,1.95
2013.12.02 13:07:50.364,0.93927,0.93937,1.13,1.13
2013.12.02 13:07:50.893,0.93924,0.93935,2.78,1.13
2013.12.02 13:07:50.954,0.93924,0.93935,2.40,1.13
2013.12.02 13:07:51.259,0.93922,0.93932,1.50,1.20
2013.12.02 13:07:51.714,0.93919,0.93929,1.95,1.13
2013.12.02 13:07:52.018,0.93918,0.93927,1.50,1.28
2013.12.02 13:07:52.442,0.93914,0.93925,3.00,1.13
2013.12.02 13:07:52.700,0.93914,0.93925,1.50,1.13
2013.12.02 13:07:53.114,0.93914,0.93924,1.13,1.13
2013.12.02 13:07:53.266,0.93914,0.93924,2.03,1.13
2013.12.02 13:07:53.575,0.93916,0.93925,1.50,1.13
2013.12.02 13:07:54.162,0.93915,0.93925,1.50,1.13
2013.12.02 13:07:54.469,0.93916,0.93925,1.88,1.13
2013.12.02 13:07:54.570,0.93916,0.93925,2.25,1.13
2013.12.02 13:07:54.672,0.93917,0.93928,1.88,1.20
2013.12.02 13:07:54.774,0.93918,0.93928,1.13,1.13
2013.12.02 13:07:55.077,0.93919,0.93931,3.38,1.13
2013.12.02 13:07:55.330,0.93919,0.93931,3.38,1.13
2013.12.02 13:07:55.431,0.93919,0.93931,3.38,2.63
2013.12.02 13:07:55.886,0.93917,0.93928,1.95,1.13
2013.12.02 13:07:58.606,0.93919,0.93931,1.50,2.78
2013.12.02 13:07:59.115,0.93919,0.93931,1.50,2.78
2013.12.02 13:07:59.711,0.93919,0.93931,1.50,3.15
2013.12.02 13:08:00.223,0.93919,0.93931,1.50,3.15
2013.12.02 13:08:00.764,0.93919,0.93931,1.88,3.15
2013.12.02 13:08:01.320,0.93919,0.93931,1.50,2.78
2013.12.02 13:08:01.911,0.93919,0.93931,2.25,2.78
2013.12.02 13:08:02.114,0.93917,0.93927,1.50,1.95
2013.12.02 13:08:02.164,0.93917,0.93927,1.50,1.20
2013.12.02 13:08:02.340,0.93916,0.93927,1.50,1.20
2013.12.02 13:08:03.268,0.93917,0.93929,1.50,1.20
2013.12.02 13:08:03.785,0.93917,0.93929,1.50,1.20
2013.12.02 13:08:04.361,0.93917,0.93929,1.50,1.20
2013.12.02 13:08:04.937,0.93919,0.93931,1.50,1.50
2013.12.02 13:08:05.341,0.93919,0.93931,1.50,1.13
2013.12.02 13:08:05.745,0.93919,0.93931,1.50,1.13
2013.12.02 13:08:06.318,0.93921,0.93931,1.50,1.13
2013.12.02 13:08:06.369,0.93921,0.93931,1.50,1.13
2013.12.02 13:08:07.901,0.93921,0.93931,1.50,1.13
2013.12.02 13:08:08.675,0.93921,0.93933,2.25,1.28
2013.12.02 13:08:09.181,0.93921,0.93933,1.50,1.28
2013.12.02 13:08:09.283,0.93921,0.93933,1.50,1.95
2013.12.02 13:08:10.981,0.93921,0.93933,1.50,2.70
2013.12.02 13:08:11.311,0.93921,0.93933,1.50,2.70
2013.12.02 13:08:13.442,0.93919,0.9393,1.88,1.20
2013.12.02 13:08:13.954,0.9392,0.93929,1.50,1.13
2013.12.02 13:08:15.279,0.93919,0.93929,3.75,1.13
2013.12.02 13:08:15.787,0.9392,0.93929,1.50,1.13
2013.12.02 13:08:22.808,0.9392,0.93932,2.33,1.20
2013.12.02 13:08:23.112,0.93924,0.93934,2.25,3.45
2013.12.02 13:08:23.364,0.93927,0.93937,1.50,1.28
2013.12.02 13:08:23.466,0.93927,0.93939,1.88,1.65
2013.12.02 13:08:24.105,0.93927,0.93939,2.25,1.20
2013.12.02 13:08:25.771,0.93927,0.93937,2.25,3.00
2013.12.02 13:08:25.974,0.93928,0.93936,2.63,3.00
2013.12.02 13:08:26.480,0.93929,0.93939,1.50,1.28
2013.12.02 13:08:28.086,0.93928,0.93939,1.50,1.28
2013.12.02 13:08:30.255,0.93926,0.93935,1.13,3.00
2013.12.02 13:08:30.924,0.93924,0.93935,1.13,2.70
2013.12.02 13:08:31.818,0.93927,0.93939,1.13,3.45
2013.12.02 13:08:31.969,0.93928,0.93939,1.88,3.83
2013.12.02 13:08:32.132,0.93929,0.93939,1.13,3.83
2013.12.02 13:08:32.430,0.93928,0.93939,2.63,3.83
2013.12.02 13:08:34.219,0.93928,0.9394,2.63,3.83
2013.12.02 13:08:36.666,0.93928,0.93942,2.63,3.45
2013.12.02 13:08:36.716,0.93928,0.9394,2.63,1.20
2013.12.02 13:08:45.548,0.93928,0.93939,1.50,1.13
2013.12.02 13:08:49.960,0.93928,0.93939,1.50,1.13
2013.12.02 13:08:50.383,0.93928,0.93938,1.50,1.13
2013.12.02 13:08:50.713,0.93926,0.93934,1.58,1.20
2013.12.02 13:08:53.383,0.93925,0.93934,1.88,1.20
2013.12.02 13:08:55.578,0.93925,0.93934,1.50,1.20
2013.12.02 13:08:56.862,0.93925,0.93935,1.88,1.13
2013.12.02 13:08:57.420,0.93925,0.93935,1.50,1.13
2013.12.02 13:08:59.658,0.93924,0.93935,1.50,1.13
2013.12.02 13:09:00.163,0.93925,0.93935,1.50,1.13
2013.12.02 13:09:00.898,0.93925,0.93935,1.50,1.13
2013.12.02 13:09:01.409,0.93925,0.93935,1.50,1.28
2013.12.02 13:09:01.615,0.93925,0.93935,1.50,1.28
2013.12.02 13:09:02.078,0.93921,0.93928,1.88,3.08
2013.12.02 13:09:02.281,0.93913,0.93922,1.88,2.70
2013.12.02 13:09:02.383,0.93912,0.9392,1.13,3.00
2013.12.02 13:09:02.964,0.9391,0.93919,1.13,1.28
2013.12.02 13:09:05.686,0.93909,0.93919,1.88,1.13
2013.12.02 13:09:08.861,0.93908,0.93919,1.13,2.03
2013.12.02 13:09:09.863,0.93907,0.93919,1.88,3.23
2013.12.02 13:09:10.295,0.93907,0.93919,1.50,3.38
2013.12.02 13:09:10.830,0.93905,0.93916,1.95,1.88
2013.12.02 13:09:13.100,0.93907,0.93918,1.50,1.80
2013.12.02 13:09:13.201,0.93907,0.93919,1.95,3.23
2013.12.02 13:09:13.403,0.93908,0.93919,1.13,1.88
2013.12.02 13:09:13.658,0.93909,0.93919,1.13,1.13
2013.12.02 13:09:14.199,0.93911,0.93921,1.13,1.65
2013.12.02 13:09:16.669,0.93911,0.93921,1.13,1.13
2013.12.02 13:09:18.579,0.93912,0.93921,1.13,1.13
2013.12.02 13:09:19.449,0.93911,0.93921,1.20,1.13
2013.12.02 13:09:19.842,0.93911,0.9392,1.88,3.38
2013.12.02 13:09:19.994,0.93912,0.93921,1.13,1.88
2013.12.02 13:09:20.868,0.93911,0.9392,1.13,1.13
2013.12.02 13:09:21.391,0.9391,0.9392,1.13,1.13
2013.12.02 13:09:24.110,0.9391,0.93919,1.13,1.13
2013.12.02 13:09:24.313,0.93908,0.93918,1.88,1.13
2013.12.02 13:09:24.516,0.93906,0.93918,2.78,1.88
2013.12.02 13:09:27.179,0.93907,0.93918,1.50,1.20
2013.12.02 13:09:28.167,0.93906,0.93915,1.50,1.13
2013.12.02 13:09:28.722,0.93906,0.93918,4.20,1.13
2013.12.02 13:09:28.874,0.93908,0.93918,1.13,1.88
2013.12.02 13:09:32.335,0.93909,0.93918,1.20,1.88
2013.12.02 13:09:32.589,0.93903,0.93914,1.50,1.73
2013.12.02 13:09:32.690,0.93903,0.93914,1.50,1.73
2013.12.02 13:09:33.443,0.93903,0.93913,1.13,1.13
2013.12.02 13:09:34.002,0.93902,0.93914,1.95,1.73
2013.12.02 13:09:34.377,0.93905,0.93914,1.50,1.73
2013.12.02 13:09:34.923,0.93905,0.93915,1.50,1.13
2013.12.02 13:09:35.498,0.93905,0.93915,1.58,1.13
2013.12.02 13:09:35.849,0.93905,0.93917,2.33,1.73
2013.12.02 13:09:37.331,0.93904,0.93915,1.50,1.80
2013.12.02 13:09:37.698,0.93903,0.93913,1.13,1.13
2013.12.02 13:09:39.384,0.93903,0.93913,2.63,1.13
2013.12.02 13:09:39.536,0.93906,0.93917,2.33,2.10
2013.12.02 13:09:39.701,0.93906,0.93917,2.40,1.73
2013.12.02 13:09:40.517,0.93906,0.93917,3.15,1.73
2013.12.02 13:09:41.019,0.93907,0.93918,1.20,2.48
2013.12.02 13:09:41.274,0.93908,0.93918,2.25,1.13
2013.12.02 13:09:41.476,0.93908,0.93918,3.45,1.13
2013.12.02 13:09:41.787,0.93909,0.93921,2.70,1.73
2013.12.02 13:09:42.133,0.93911,0.93921,1.13,1.13
2013.12.02 13:09:42.589,0.93911,0.93921,1.65,1.13
2013.12.02 13:09:42.741,0.93913,0.93923,2.70,1.13
2013.12.02 13:09:42.792,0.93914,0.93925,3.00,2.63
2013.12.02 13:09:43.046,0.93916,0.93927,1.88,1.13
2013.12.02 13:09:43.148,0.93917,0.93927,1.13,1.50
2013.12.02 13:09:43.452,0.93917,0.93927,1.50,1.13
2013.12.02 13:09:43.554,0.93917,0.93927,1.88,1.13
2013.12.02 13:09:44.140,0.93917,0.93929,1.88,1.88
2013.12.02 13:09:44.443,0.93918,0.93929,1.50,3.45
2013.12.02 13:09:44.696,0.93916,0.93926,1.50,1.13
2013.12.02 13:09:45.319,0.93916,0.93926,1.50,1.13
2013.12.02 13:09:45.875,0.93915,0.93926,1.13,2.70
2013.12.02 13:09:48.639,0.93914,0.93926,2.63,1.95
2013.12.02 13:09:49.650,0.93914,0.93922,1.50,1.13
2013.12.02 13:09:51.698,0.93913,0.93923,1.88,1.13
2013.12.02 13:09:52.002,0.93916,0.93924,1.50,1.13
2013.12.02 13:09:52.306,0.93914,0.93924,1.50,1.13
2013.12.02 13:09:52.457,0.93914,0.93922,1.50,1.13
2013.12.02 13:09:53.245,0.93913,0.93924,1.13,1.88
2013.12.02 13:09:53.498,0.93916,0.93927,1.13,1.20
2013.12.02 13:09:53.600,0.93917,0.93927,1.88,1.13
2013.12.02 13:09:53.701,0.93919,0.9393,1.13,1.20
2013.12.02 13:09:53.954,0.93919,0.93931,2.63,1.20
2013.12.02 13:09:54.478,0.9392,0.93931,1.50,1.13
2013.12.02 13:09:56.328,0.93919,0.93931,3.45,1.13
2013.12.02 13:09:57.049,0.93919,0.93931,3.45,1.13
2013.12.02 13:09:57.355,0.9392,0.93931,1.13,1.13
2013.12.02 13:09:59.455,0.9392,0.93932,1.13,1.13
2013.12.02 13:09:59.970,0.9392,0.93931,1.13,2.63
2013.12.02 13:10:00.275,0.93915,0.93927,1.88,1.20
2013.12.02 13:10:00.326,0.93915,0.93926,1.50,1.13
2013.12.02 13:10:00.377,0.93915,0.93926,1.58,1.13
2013.12.02 13:10:00.679,0.93916,0.93928,1.20,1.73
2013.12.02 13:10:01.216,0.93917,0.93929,1.13,2.55
2013.12.02 13:10:01.725,0.93915,0.93926,1.13,1.28
2013.12.02 13:10:01.952,0.93914,0.93926,2.63,1.28
2013.12.02 13:10:02.929,0.93914,0.93926,1.88,1.28
2013.12.02 13:10:03.652,0.93914,0.93926,1.88,1.28
2013.12.02 13:10:04.489,0.93914,0.93926,1.88,1.28
2013.12.02 13:10:05.175,0.93914,0.93926,1.88,2.03
2013.12.02 13:10:05.700,0.93912,0.93924,1.88,1.13
2013.12.02 13:10:09.213,0.93912,0.93925,1.88,1.95
2013.12.02 13:10:11.530,0.93912,0.93926,2.63,1.28
2013.12.02 13:10:14.180,0.93915,0.93924,1.13,1.13
2013.12.02 13:10:21.987,0.93915,0.93926,1.13,1.28
2013.12.02 13:10:22.360,0.93917,0.93927,1.13,2.03
2013.12.02 13:10:22.411,0.9392,0.93927,1.50,1.28
2013.12.02 13:10:22.513,0.93918,0.93928,1.13,3.38
2013.12.02 13:10:22.665,0.9392,0.93928,1.13,2.25
2013.12.02 13:10:22.715,0.9392,0.9393,1.13,1.13
2013.12.02 13:10:23.220,0.9392,0.93932,1.88,2.78
2013.12.02 13:10:24.210,0.9392,0.93932,2.63,2.03
2013.12.02 13:10:24.677,0.93922,0.93934,1.88,5.70
2013.12.02 13:10:25.274,0.93922,0.93933,1.88,2.33
2013.12.02 13:10:25.578,0.93924,0.93935,1.13,1.20
2013.12.02 13:10:25.983,0.93925,0.93934,1.13,2.63
2013.12.02 13:10:26.620,0.93925,0.93934,1.13,1.88
2013.12.02 13:10:27.141,0.93922,0.93933,1.88,1.20
2013.12.02 13:10:27.777,0.93922,0.93932,1.88,1.13
2013.12.02 13:10:28.325,0.93922,0.93933,1.88,1.20
2013.12.02 13:10:31.514,0.93924,0.93933,1.13,1.20
2013.12.02 13:10:32.070,0.93922,0.93933,2.63,1.20
2013.12.02 13:10:36.629,0.93922,0.93932,1.13,1.13
2013.12.02 13:10:46.498,0.93922,0.93932,1.88,1.13
2013.12.02 13:10:49.769,0.93923,0.93932,1.13,1.13
2013.12.02 13:10:51.419,0.93923,0.93933,1.13,1.13
2013.12.02 13:10:52.205,0.93923,0.93932,1.13,1.13
2013.12.02 13:10:59.739,0.93922,0.93932,2.63,1.13
2013.12.02 13:11:01.017,0.93922,0.93932,1.13,1.88
2013.12.02 13:11:04.368,0.93922,0.93932,1.13,1.13
2013.12.02 13:11:07.782,0.93922,0.93934,1.13,3.53
2013.12.02 13:11:14.083,0.93922,0.93934,1.88,2.03
2013.12.02 13:11:15.298,0.93923,0.93932,1.13,1.50
2013.12.02 13:11:16.948,0.93922,0.93932,1.88,1.50
2013.12.02 13:11:18.449,0.93922,0.93932,1.88,1.50
2013.12.02 13:11:19.164,0.93922,0.93932,1.88,1.50
2013.12.02 13:11:21.228,0.93922,0.93933,1.88,1.50
2013.12.02 13:11:23.619,0.93922,0.93933,2.63,1.50
2013.12.02 13:11:23.994,0.93922,0.93933,1.88,2.25
2013.12.02 13:11:25.798,0.93922,0.93933,2.63,1.13
2013.12.02 13:11:28.946,0.93922,0.93933,1.88,1.50
2013.12.02 13:11:31.174,0.93922,0.93933,1.88,1.50
2013.12.02 13:11:31.891,0.93924,0.93935,3.38,1.13
2013.12.02 13:11:32.068,0.93924,0.93936,3.38,2.63
2013.12.02 13:11:32.806,0.93924,0.93936,2.25,2.63
2013.12.02 13:11:33.686,0.93924,0.93936,2.63,2.63
2013.12.02 13:11:34.227,0.93926,0.93936,1.88,2.63
2013.12.02 13:11:34.408,0.93927,0.93938,1.88,1.13
2013.12.02 13:11:34.459,0.93928,0.9394,1.13,2.40
2013.12.02 13:11:34.612,0.93931,0.93942,1.13,1.13
2013.12.02 13:11:35.158,0.93932,0.93943,1.13,2.25
2013.12.02 13:11:35.209,0.93932,0.93943,1.13,2.25
2013.12.02 13:11:37.679,0.93932,0.93943,1.13,1.88
2013.12.02 13:11:38.967,0.93932,0.93943,1.13,1.88
2013.12.02 13:11:40.076,0.93931,0.93943,1.20,1.88
2013.12.02 13:11:40.279,0.93931,0.93942,1.13,1.20
2013.12.02 13:11:41.269,0.93931,0.93942,1.88,1.20
2013.12.02 13:11:41.787,0.93931,0.93943,2.63,1.88
2013.12.02 13:11:43.275,0.93931,0.93943,2.63,1.13
2013.12.02 13:11:43.690,0.93931,0.93943,2.25,1.13
2013.12.02 13:11:43.995,0.93929,0.93936,1.50,1.88
2013.12.02 13:11:44.148,0.93925,0.93935,2.25,1.13
2013.12.02 13:11:44.599,0.93923,0.93934,1.50,1.20
2013.12.02 13:11:45.888,0.93924,0.93935,1.88,2.03
2013.12.02 13:11:46.404,0.93924,0.93935,1.13,1.28
2013.12.02 13:11:47.001,0.93925,0.93935,1.13,1.28
2013.12.02 13:11:47.868,0.93925,0.93935,1.13,1.65
2013.12.02 13:11:48.409,0.93925,0.93935,1.13,2.03
2013.12.02 13:11:48.712,0.93923,0.93932,1.88,1.13
2013.12.02 13:11:52.157,0.93925,0.93934,1.13,1.13
2013.12.02 13:11:53.958,0.93925,0.93935,1.13,2.25
2013.12.02 13:11:54.479,0.93924,0.93933,1.13,1.88
2013.12.02 13:11:55.702,0.93924,0.93933,1.13,1.88
2013.12.02 13:11:56.006,0.93922,0.93933,1.88,1.88
2013.12.02 13:11:56.576,0.93922,0.93933,1.50,1.88
2013.12.02 13:11:57.492,0.93924,0.93933,1.50,1.13
2013.12.02 13:11:59.658,0.93922,0.93933,1.88,1.13
2013.12.02 13:12:00.586,0.93922,0.93933,1.50,1.13
2013.12.02 13:12:03.221,0.93923,0.93933,1.88,1.13
2013.12.02 13:12:03.840,0.93923,0.93932,1.88,1.13
2013.12.02 13:12:04.608,0.93923,0.93933,1.88,1.13
2013.12.02 13:12:13.548,0.93924,0.93935,2.70,1.13
2013.12.02 13:12:13.649,0.93925,0.93936,1.88,1.13
2013.12.02 13:12:13.750,0.93925,0.93937,1.88,2.55
2013.12.02 13:12:14.199,0.93925,0.93937,1.88,2.55
2013.12.02 13:12:14.397,0.93925,0.93937,1.13,3.30
2013.12.02 13:12:14.902,0.93925,0.93934,1.13,1.13
2013.12.02 13:12:19.734,0.93923,0.93935,2.63,1.20
2013.12.02 13:12:20.343,0.93923,0.93933,1.88,1.13
2013.12.02 13:12:23.437,0.93923,0.93932,1.50,1.88
2013.12.02 13:12:24.686,0.93923,0.93932,1.88,1.88
2013.12.02 13:12:28.440,0.93923,0.93932,1.50,1.13
2013.12.02 13:12:28.981,0.93923,0.93932,1.88,1.13
2013.12.02 13:12:29.519,0.93923,0.93932,1.50,1.13
2013.12.02 13:12:36.421,0.93923,0.93932,1.50,1.13
2013.12.02 13:12:36.999,0.93925,0.93932,1.50,1.13
2013.12.02 13:12:37.774,0.93923,0.93932,1.50,1.20
2013.12.02 13:12:39.497,0.93923,0.93933,1.50,1.13
2013.12.02 13:12:40.331,0.93923,0.93932,1.50,1.13
2013.12.02 13:12:41.035,0.93923,0.93932,1.50,1.13
2013.12.02 13:12:42.188,0.93923,0.93932,1.50,1.13
2013.12.02 13:12:45.379,0.93923,0.93932,1.50,1.13
2013.12.02 13:12:45.430,0.93922,0.93932,1.50,1.88
2013.12.02 13:12:45.787,0.93921,0.93931,1.88,2.48
2013.12.02 13:12:45.888,0.93922,0.93931,1.20,2.85
2013.12.02 13:12:46.040,0.93923,0.93934,2.25,1.20
2013.12.02 13:12:46.142,0.93923,0.9393,1.50,1.13
2013.12.02 13:12:46.243,0.9392,0.93926,1.50,1.43
2013.12.02 13:12:46.344,0.93918,0.93926,1.50,1.50
2013.12.02 13:12:46.445,0.93913,0.93924,1.50,1.13
2013.12.02 13:12:46.496,0.93912,0.93924,1.88,1.20
2013.12.02 13:12:50.235,0.93912,0.93922,1.50,1.13
2013.12.02 13:12:50.388,0.9391,0.93923,3.08,1.13
2013.12.02 13:12:50.439,0.9391,0.93922,2.33,1.13
2013.12.02 13:12:52.395,0.9391,0.93921,1.50,1.73
2013.12.02 13:12:52.925,0.9391,0.93921,2.25,1.73
2013.12.02 13:12:56.668,0.93911,0.93921,2.63,1.73
2013.12.02 13:12:56.770,0.93914,0.93921,3.00,1.35
2013.12.02 13:12:56.922,0.93916,0.93926,1.20,1.50
2013.12.02 13:12:57.175,0.93917,0.93929,2.25,1.20
2013.12.02 13:12:57.327,0.93917,0.9393,2.40,1.13
2013.12.02 13:12:57.896,0.93917,0.9393,2.40,1.13
2013.12.02 13:12:58.436,0.93919,0.93931,1.13,1.20
2013.12.02 13:12:58.986,0.9392,0.93932,2.63,2.63
2013.12.02 13:13:00.848,0.9392,0.93931,2.25,2.93
2013.12.02 13:13:01.152,0.93915,0.93928,2.63,1.88
2013.12.02 13:13:01.203,0.93916,0.93928,1.13,1.88
2013.12.02 13:13:01.254,0.93916,0.93926,1.13,1.50
2013.12.02 13:13:14.607,0.93913,0.93926,2.63,2.70
2013.12.02 13:13:14.708,0.93913,0.93926,2.63,2.78
2013.12.02 13:13:15.479,0.93914,0.93925,1.13,1.95
2013.12.02 13:13:16.607,0.93915,0.93925,1.88,1.50
2013.12.02 13:13:16.695,0.93916,0.93925,1.13,1.50
2013.12.02 13:13:19.006,0.93916,0.93925,1.13,1.50
2013.12.02 13:13:20.814,0.93916,0.93926,1.13,2.63
2013.12.02 13:13:22.250,0.93917,0.93926,1.13,2.25
2013.12.02 13:13:24.062,0.93917,0.93926,1.13,2.25
2013.12.02 13:13:24.370,0.93915,0.93922,1.13,1.50
2013.12.02 13:13:24.942,0.93915,0.93922,1.13,1.50
2013.12.02 13:13:25.408,0.93915,0.93922,1.13,1.50
2013.12.02 13:13:32.444,0.93915,0.93923,1.13,1.88
2013.12.02 13:13:34.456,0.9392,0.93926,1.50,1.88
2013.12.02 13:13:34.761,0.93927,0.93935,1.13,1.58
2013.12.02 13:13:34.863,0.93927,0.93932,1.50,2.18
2013.12.02 13:13:35.017,0.93926,0.93935,1.50,1.13
2013.12.02 13:13:35.118,0.93923,0.93934,1.50,1.88
2013.12.02 13:13:35.219,0.93921,0.93932,1.88,1.13
2013.12.02 13:13:35.442,0.9392,0.93931,1.95,1.13
2013.12.02 13:13:37.845,0.93921,0.93931,1.13,1.88
2013.12.02 13:13:38.400,0.9392,0.93931,1.95,1.88
2013.12.02 13:13:40.389,0.93919,0.93931,1.28,1.13
2013.12.02 13:13:40.495,0.93919,0.93931,1.20,1.95
2013.12.02 13:13:41.042,0.9392,0.93931,1.13,2.03
2013.12.02 13:13:41.194,0.93919,0.93929,1.13,2.70
2013.12.02 13:13:41.296,0.93919,0.93931,1.88,2.70
2013.12.02 13:13:41.840,0.93921,0.93931,1.88,1.95
2013.12.02 13:13:43.488,0.93921,0.93931,1.13,1.95
2013.12.02 13:13:50.636,0.93921,0.93932,1.88,1.13
2013.12.02 13:13:50.974,0.9392,0.93932,1.58,3.98
2013.12.02 13:13:51.076,0.9392,0.93929,1.58,1.13
2013.12.02 13:13:51.179,0.93921,0.93929,1.50,1.13
2013.12.02 13:13:51.230,0.93921,0.93931,2.25,2.63
2013.12.02 13:13:51.451,0.93922,0.93933,1.13,1.80
2013.12.02 13:13:52.219,0.93921,0.93933,2.63,1.88
2013.12.02 13:13:52.975,0.93921,0.93933,1.50,4.80
2013.12.02 13:13:53.636,0.93921,0.93933,1.50,4.80
2013.12.02 13:13:53.965,0.93921,0.93933,1.88,4.80
2013.12.02 13:13:56.468,0.93921,0.93933,1.50,4.80
2013.12.02 13:13:58.119,0.93921,0.93933,1.88,4.80
2013.12.02 13:13:58.221,0.93925,0.93933,1.50,2.48
2013.12.02 13:13:58.272,0.93926,0.93937,1.13,3.75
2013.12.02 13:13:58.323,0.93928,0.93937,1.13,1.13
2013.12.02 13:13:58.853,0.93928,0.93941,2.70,4.80
2013.12.02 13:13:59.160,0.93928,0.93936,1.58,2.48
2013.12.02 13:13:59.514,0.93926,0.93935,3.75,1.13
2013.12.02 13:13:59.666,0.93926,0.93937,4.50,1.13
2013.12.02 13:13:59.817,0.93927,0.93938,1.13,1.28
2013.12.02 13:14:00.078,0.93928,0.93939,1.13,1.80
2013.12.02 13:14:00.179,0.93928,0.93939,1.13,1.80
2013.12.02 13:14:01.205,0.93928,0.93939,1.88,1.20
2013.12.02 13:14:02.256,0.93929,0.93939,1.50,1.13
2013.12.02 13:14:03.488,0.93929,0.93939,1.50,1.13
2013.12.02 13:14:03.993,0.93928,0.93939,1.88,1.13
2013.12.02 13:14:04.805,0.93929,0.93939,1.13,1.13
2013.12.02 13:14:05.334,0.9393,0.93939,1.88,1.13
2013.12.02 13:14:06.000,0.93929,0.93939,1.13,1.13
2013.12.02 13:14:07.806,0.9393,0.93939,1.50,1.13
2013.12.02 13:14:09.814,0.93928,0.93937,1.13,4.13
2013.12.02 13:14:09.864,0.93926,0.93936,1.88,1.65
2013.12.02 13:14:10.079,0.93927,0.93936,1.13,1.50
2013.12.02 13:14:11.029,0.93928,0.93938,1.13,1.28
2013.12.02 13:14:14.091,0.93929,0.93939,1.88,1.20
2013.12.02 13:14:14.394,0.9393,0.93941,1.13,2.33
2013.12.02 13:14:17.385,0.93929,0.9394,1.88,1.50
2013.12.02 13:14:17.487,0.93928,0.93937,1.13,1.13
2013.12.02 13:14:18.104,0.93928,0.93937,1.13,1.20
2013.12.02 13:14:18.206,0.93928,0.93938,2.63,2.03
2013.12.02 13:14:18.461,0.93928,0.93938,1.13,1.20
2013.12.02 13:14:18.664,0.93926,0.93936,1.13,1.13
2013.12.02 13:14:18.765,0.93925,0.93934,2.63,1.13
2013.12.02 13:14:19.365,0.93925,0.93934,2.63,1.13
2013.12.02 13:14:19.868,0.93923,0.93933,2.63,1.13
2013.12.02 13:14:20.259,0.93923,0.93932,1.13,1.13
2013.12.02 13:14:20.461,0.9392,0.93931,1.88,1.13
2013.12.02 13:14:20.664,0.9392,0.9393,1.50,1.13
2013.12.02 13:14:21.189,0.93919,0.9393,1.50,1.95
2013.12.02 13:14:22.074,0.93919,0.9393,1.50,1.95
2013.12.02 13:14:22.125,0.93918,0.93929,1.50,1.73
2013.12.02 13:14:22.328,0.93916,0.93927,1.88,1.88
2013.12.02 13:14:22.429,0.93916,0.93926,1.58,1.73
2013.12.02 13:14:22.581,0.93915,0.93924,1.13,1.13
2013.12.02 13:14:23.201,0.93913,0.93924,2.63,1.88
2013.12.02 13:14:25.303,0.93913,0.93924,1.58,1.50
2013.12.02 13:14:25.506,0.93917,0.93926,1.13,1.13
2013.12.02 13:14:26.097,0.93916,0.93925,1.20,1.13
2013.12.02 13:14:27.054,0.93916,0.93925,1.20,1.13
2013.12.02 13:14:27.885,0.93916,0.93925,1.20,1.13
2013.12.02 13:14:31.244,0.93916,0.93925,1.13,1.13
2013.12.02 13:14:38.594,0.93916,0.93925,1.50,1.13
2013.12.02 13:14:39.362,0.93915,0.93924,3.00,1.13
2013.12.02 13:14:40.010,0.93916,0.93926,1.50,1.13
2013.12.02 13:14:41.810,0.93916,0.93927,2.25,1.20
2013.12.02 13:14:44.660,0.93916,0.93927,1.50,1.95
2013.12.02 13:14:45.202,0.93915,0.93926,3.38,1.13
2013.12.02 13:14:47.648,0.93916,0.93927,1.50,1.20
2013.12.02 13:14:47.756,0.93917,0.93927,1.13,1.20
2013.12.02 13:14:48.010,0.93919,0.93928,1.13,1.88
2013.12.02 13:14:52.087,0.9392,0.93929,1.13,1.13
2013.12.02 13:14:52.138,0.93923,0.9393,1.13,1.50
2013.12.02 13:14:52.239,0.93925,0.93934,1.13,1.88
2013.12.02 13:14:52.763,0.93927,0.93937,1.88,1.13
2013.12.02 13:14:53.539,0.93927,0.93936,1.88,1.13
2013.12.02 13:14:55.225,0.93927,0.93936,1.88,1.13
2013.12.02 13:14:56.410,0.93928,0.93938,1.13,1.95
2013.12.02 13:14:56.957,0.9393,0.93938,1.13,1.20
2013.12.02 13:14:57.058,0.93929,0.93938,2.25,1.95
2013.12.02 13:14:57.427,0.93928,0.93938,1.13,1.95
2013.12.02 13:14:58.130,0.93928,0.93938,1.13,1.95
2013.12.02 13:14:58.332,0.9393,0.9394,1.50,2.40
2013.12.02 13:14:58.535,0.93928,0.93938,1.13,1.28
2013.12.02 13:14:58.637,0.93925,0.93938,3.00,1.65
2013.12.02 13:14:58.891,0.93926,0.93935,1.13,1.13
2013.12.02 13:14:58.942,0.93929,0.93935,1.50,1.13
2013.12.02 13:14:59.044,0.93929,0.93939,1.13,1.88
2013.12.02 13:14:59.246,0.9393,0.93942,2.25,3.38
2013.12.02 13:14:59.449,0.93932,0.93943,1.13,3.08
2013.12.02 13:14:59.962,0.93934,0.93944,1.88,1.88
2013.12.02 13:15:00.064,0.93933,0.93944,1.13,1.13
2013.12.02 13:15:00.556,0.93938,0.93947,1.13,1.50
2013.12.02 13:15:00.766,0.93935,0.93946,1.20,2.70
2013.12.02 13:15:01.172,0.93935,0.93944,1.13,1.95
2013.12.02 13:15:01.478,0.93937,0.93945,1.13,1.50
2013.12.02 13:15:01.985,0.93938,0.93948,1.88,1.88
2013.12.02 13:15:02.339,0.93938,0.93949,2.63,1.50
2013.12.02 13:15:02.390,0.93936,0.93948,1.95,1.73
2013.12.02 13:15:02.441,0.93936,0.93948,1.88,2.55
2013.12.02 13:15:02.593,0.93935,0.93943,1.13,1.50
2013.12.02 13:15:02.898,0.93932,0.93942,3.38,1.13
2013.12.02 13:15:03.440,0.93932,0.93941,3.38,1.20
2013.12.02 13:15:03.986,0.93931,0.9394,1.50,1.13
2013.12.02 13:15:04.605,0.93931,0.9394,1.50,1.13
2013.12.02 13:15:05.118,0.9393,0.9394,1.88,1.13
2013.12.02 13:15:06.005,0.9393,0.9394,1.50,1.50
2013.12.02 13:15:06.662,0.9393,0.9394,1.88,1.50
2013.12.02 13:15:07.215,0.9393,0.9394,1.50,1.50
2013.12.02 13:15:08.263,0.93929,0.9394,1.88,2.40
2013.12.02 13:15:08.869,0.9393,0.9394,1.13,2.78
2013.12.02 13:15:09.388,0.93929,0.9394,1.88,2.03
2013.12.02 13:15:10.049,0.9393,0.9394,1.13,2.03
2013.12.02 13:15:12.762,0.9393,0.93939,1.13,1.20
2013.12.02 13:15:15.500,0.9393,0.9394,1.13,1.95
2013.12.02 13:15:16.722,0.93929,0.93938,1.88,1.13
2013.12.02 13:15:17.830,0.93929,0.93939,1.13,1.13
2013.12.02 13:15:18.446,0.93929,0.93938,1.13,1.13
2013.12.02 13:15:19.091,0.93927,0.93938,2.63,1.13
2013.12.02 13:15:23.669,0.93927,0.93938,2.63,1.13
2013.12.02 13:15:30.135,0.93928,0.93938,1.13,1.13
2013.12.02 13:15:30.237,0.93931,0.93941,1.13,1.28
2013.12.02 13:15:30.796,0.93933,0.93942,1.13,1.50
2013.12.02 13:15:31.049,0.9393,0.9394,1.13,1.13
2013.12.02 13:15:31.353,0.93928,0.93937,1.50,1.13
2013.12.02 13:15:31.505,0.93927,0.93935,1.50,1.13
2013.12.02 13:15:31.606,0.93926,0.93935,1.88,1.13
2013.12.02 13:15:31.809,0.93927,0.93937,1.88,1.13
2013.12.02 13:15:32.163,0.93927,0.93936,1.88,1.13
2013.12.02 13:15:32.366,0.93928,0.93938,1.13,1.50
2013.12.02 13:15:33.244,0.9393,0.93939,1.13,1.13
2013.12.02 13:15:33.700,0.9393,0.93942,1.88,3.60
2013.12.02 13:15:34.037,0.9393,0.93942,1.50,3.60
2013.12.02 13:15:34.428,0.9393,0.93941,1.88,1.13
2013.12.02 13:15:34.905,0.93931,0.93942,1.20,1.50
2013.12.02 13:15:35.158,0.93935,0.93946,1.13,1.95
2013.12.02 13:15:35.565,0.93935,0.93945,1.88,1.13
2013.12.02 13:15:40.608,0.93933,0.93941,1.50,1.13
2013.12.02 13:15:40.659,0.93931,0.9394,1.20,1.13
2013.12.02 13:15:40.811,0.93929,0.93939,1.13,1.88
2013.12.02 13:15:40.862,0.93929,0.93939,1.13,1.88
2013.12.02 13:15:40.913,0.93929,0.93939,1.13,1.88
2013.12.02 13:15:41.449,0.93927,0.93939,1.20,2.63
2013.12.02 13:15:43.366,0.93928,0.93937,1.13,1.20
2013.12.02 13:15:47.010,0.93928,0.93938,1.13,1.65
2013.12.02 13:15:47.735,0.93929,0.93938,1.50,1.65
2013.12.02 13:15:48.173,0.93928,0.93938,1.13,1.65
2013.12.02 13:15:48.864,0.93928,0.93938,1.13,1.65
2013.12.02 13:15:49.529,0.93928,0.93938,1.13,1.65
2013.12.02 13:15:51.097,0.93928,0.93937,1.13,1.13
2013.12.02 13:15:55.005,0.93928,0.93937,1.88,1.13
2013.12.02 13:15:55.716,0.93928,0.93938,1.13,1.13
2013.12.02 13:15:55.817,0.93928,0.93938,1.13,1.13
2013.12.02 13:15:57.061,0.93928,0.93938,1.13,1.50
2013.12.02 13:15:57.596,0.93928,0.93938,1.13,1.50
2013.12.02 13:16:04.958,0.93928,0.93938,1.13,1.50
2013.12.02 13:16:05.725,0.93929,0.93938,1.13,1.50
2013.12.02 13:16:06.486,0.93929,0.93938,1.88,1.13
2013.12.02 13:16:06.537,0.9393,0.93938,1.50,1.13
2013.12.02 13:16:06.588,0.93933,0.93941,1.50,1.88
2013.12.02 13:16:06.892,0.93929,0.9394,1.13,1.20
2013.12.02 13:16:06.942,0.93929,0.9394,1.13,1.95
2013.12.02 13:16:07.199,0.93928,0.9394,1.95,1.95
2013.12.02 13:16:07.928,0.93928,0.9394,1.88,2.03
2013.12.02 13:16:11.238,0.93929,0.9394,1.13,2.03
2013.12.02 13:16:11.792,0.93929,0.93939,1.13,1.95
2013.12.02 13:16:12.643,0.93929,0.9394,1.13,1.88
2013.12.02 13:16:23.864,0.93929,0.9394,1.13,1.88
2013.12.02 13:16:26.965,0.93928,0.93937,1.13,1.50
2013.12.02 13:16:27.117,0.93928,0.93937,1.13,2.25
2013.12.02 13:16:27.370,0.93923,0.93934,1.95,1.20
2013.12.02 13:16:27.471,0.93923,0.93933,1.58,1.20
2013.12.02 13:16:27.522,0.93922,0.93933,1.95,1.20
2013.12.02 13:16:30.783,0.93922,0.93932,1.88,1.50
2013.12.02 13:16:31.207,0.93922,0.93931,1.50,1.50
2013.12.02 13:16:32.384,0.93922,0.93929,1.50,1.13
2013.12.02 13:16:33.154,0.93922,0.93929,1.50,1.13
2013.12.02 13:16:35.284,0.93922,0.9393,1.50,1.13
2013.12.02 13:16:35.489,0.93924,0.93933,2.33,1.50
2013.12.02 13:16:35.996,0.93926,0.93937,1.50,1.13
2013.12.02 13:16:40.926,0.93925,0.93933,1.50,1.20
2013.12.02 13:16:41.129,0.93922,0.93931,1.50,1.13
2013.12.02 13:16:41.483,0.93923,0.93932,1.95,1.13
2013.12.02 13:16:41.686,0.93925,0.93935,1.50,1.13
2013.12.02 13:16:42.146,0.93926,0.93935,1.50,1.13
2013.12.02 13:16:42.656,0.93926,0.93936,2.25,1.13
2013.12.02 13:16:44.348,0.93925,0.93935,1.50,1.50
2013.12.02 13:16:44.552,0.93922,0.93932,1.50,1.28
2013.12.02 13:16:44.658,0.93922,0.93932,1.50,2.03
2013.12.02 13:16:44.964,0.93914,0.93921,1.50,1.13
2013.12.02 13:16:45.015,0.93915,0.93924,1.13,1.13
2013.12.02 13:16:45.066,0.93915,0.93927,1.88,4.20
2013.12.02 13:16:45.795,0.93916,0.93928,1.88,2.03
2013.12.02 13:16:52.780,0.93917,0.93928,1.50,1.13
2013.12.02 13:16:52.995,0.93918,0.93929,2.25,1.95
2013.12.02 13:16:56.792,0.93919,0.93929,1.50,2.70
2013.12.02 13:17:00.858,0.93918,0.93927,1.50,1.13
2013.12.02 13:17:01.061,0.9392,0.93929,1.50,1.20
2013.12.02 13:17:01.567,0.93922,0.93931,1.88,1.13
2013.12.02 13:17:01.618,0.93922,0.93929,1.50,1.13
2013.12.02 13:17:06.353,0.93919,0.9393,1.13,1.88
2013.12.02 13:17:12.142,0.9392,0.9393,1.50,1.13
2013.12.02 13:17:14.206,0.9392,0.9393,1.50,1.13
2013.12.02 13:17:14.602,0.93919,0.9393,1.50,1.13
2013.12.02 13:17:14.804,0.93919,0.93927,2.25,1.13
2013.12.02 13:17:14.906,0.9392,0.93927,1.50,1.88
2013.12.02 13:17:15.209,0.93917,0.93925,1.20,1.13
2013.12.02 13:17:15.526,0.93917,0.93925,1.20,1.13
2013.12.02 13:17:15.728,0.93916,0.93925,1.65,1.13
2013.12.02 13:17:17.162,0.93914,0.93925,2.33,1.13
2013.12.02 13:17:17.212,0.93915,0.93927,1.50,1.20
2013.12.02 13:17:17.263,0.93914,0.93925,1.50,1.13
2013.12.02 13:17:17.365,0.93915,0.93926,1.50,1.20
2013.12.02 13:17:18.940,0.93914,0.93923,1.50,1.13
2013.12.02 13:17:19.925,0.93915,0.93923,1.50,1.13
2013.12.02 13:17:20.484,0.93914,0.93923,1.50,1.13
2013.12.02 13:17:21.669,0.93914,0.93923,1.50,1.13
2013.12.02 13:17:21.913,0.93915,0.93923,1.50,1.13
2013.12.02 13:17:22.852,0.93913,0.93923,1.50,1.13
2013.12.02 13:17:26.813,0.93914,0.93923,1.50,1.13
2013.12.02 13:17:27.039,0.93912,0.93923,1.50,1.88
2013.12.02 13:17:27.140,0.93912,0.9392,1.50,1.88
2013.12.02 13:17:28.500,0.93912,0.93921,1.50,1.88
2013.12.02 13:17:32.704,0.93912,0.93921,1.88,2.63
2013.12.02 13:17:32.756,0.93912,0.93921,1.50,2.70
2013.12.02 13:17:33.312,0.9391,0.9392,1.88,1.58
2013.12.02 13:17:50.921,0.93911,0.93921,1.13,1.88
2013.12.02 13:18:02.392,0.93911,0.93919,1.50,1.13
2013.12.02 13:18:05.818,0.93911,0.93919,1.50,1.13
2013.12.02 13:18:06.322,0.9391,0.93919,1.13,1.13
2013.12.02 13:18:07.016,0.9391,0.93919,1.13,1.13
2013.12.02 13:18:09.550,0.9391,0.93919,1.13,1.13
2013.12.02 13:18:10.215,0.93908,0.93919,1.95,1.73
2013.12.02 13:18:11.201,0.93908,0.93919,1.88,1.80
2013.12.02 13:18:11.403,0.93908,0.93917,1.50,1.13
2013.12.02 13:18:12.383,0.93908,0.93917,1.50,1.13
2013.12.02 13:18:14.064,0.93908,0.93917,1.50,1.13
2013.12.02 13:18:14.370,0.93906,0.93915,1.88,1.73
2013.12.02 13:18:14.421,0.93906,0.93915,1.13,1.73
2013.12.02 13:18:14.522,0.93905,0.93914,1.20,2.63
2013.12.02 13:18:14.623,0.93905,0.93914,1.13,2.70
2013.12.02 13:18:16.462,0.93906,0.93914,1.13,2.33
2013.12.02 13:18:18.307,0.93902,0.93914,1.88,4.50
2013.12.02 13:18:19.306,0.93902,0.93914,1.88,2.40
2013.12.02 13:18:20.226,0.93902,0.93913,1.13,2.25
2013.12.02 13:18:20.492,0.93901,0.93913,1.13,3.15
2013.12.02 13:18:21.035,0.93901,0.93911,1.13,1.50
2013.12.02 13:18:21.901,0.93901,0.93911,1.13,2.25
2013.12.02 13:18:22.437,0.93901,0.93911,1.13,2.25
2013.12.02 13:18:23.403,0.93901,0.93911,1.13,1.50
2013.12.02 13:18:23.710,0.93901,0.93911,1.13,1.58
2013.12.02 13:18:24.013,0.93901,0.93912,1.13,2.78
2013.12.02 13:18:28.681,0.93901,0.93911,1.13,1.20
2013.12.02 13:18:28.782,0.93901,0.93911,1.13,2.33
2013.12.02 13:18:28.935,0.93896,0.93907,1.88,1.13
2013.12.02 13:18:29.252,0.93898,0.93908,1.88,1.50
2013.12.02 13:18:29.587,0.93902,0.9391,1.50,1.50
2013.12.02 13:18:29.739,0.93905,0.93914,1.88,3.68
2013.12.02 13:18:29.992,0.93908,0.93916,1.13,3.00
2013.12.02 13:18:30.093,0.93909,0.93917,1.13,2.25
2013.12.02 13:18:30.763,0.93906,0.93919,1.20,1.58
2013.12.02 13:18:30.814,0.93906,0.93918,1.20,1.88
2013.12.02 13:18:31.357,0.93907,0.93918,1.13,1.50
2013.12.02 13:18:32.128,0.93908,0.93919,1.20,1.88
2013.12.02 13:18:32.641,0.93908,0.93918,1.20,1.13
2013.12.02 13:18:32.884,0.93908,0.93919,1.20,1.88
2013.12.02 13:18:33.264,0.9391,0.9392,2.03,1.88
2013.12.02 13:18:33.467,0.93912,0.93922,1.95,1.13
2013.12.02 13:18:33.770,0.93912,0.93922,1.88,1.50
2013.12.02 13:18:34.074,0.93911,0.93922,2.78,1.50
2013.12.02 13:18:34.175,0.93911,0.93921,1.13,1.13
2013.12.02 13:18:34.769,0.93909,0.93919,1.13,1.50
2013.12.02 13:18:35.407,0.93909,0.93919,1.88,1.50
2013.12.02 13:18:35.986,0.93909,0.93919,1.88,1.50
2013.12.02 13:18:36.743,0.93909,0.93919,1.50,1.50
2013.12.02 13:18:47.300,0.93909,0.93919,1.50,1.88
2013.12.02 13:18:47.631,0.93911,0.93918,2.25,1.13
2013.12.02 13:18:47.682,0.93912,0.93921,2.03,1.50
2013.12.02 13:18:48.184,0.93911,0.9392,3.38,1.13
2013.12.02 13:18:48.401,0.93911,0.9392,3.00,1.13
2013.12.02 13:18:49.407,0.93911,0.9392,3.00,1.13
2013.12.02 13:18:51.049,0.93909,0.93921,2.70,2.25
2013.12.02 13:18:51.609,0.93909,0.93921,2.63,2.33
2013.12.02 13:18:53.171,0.9391,0.93921,1.13,2.33
2013.12.02 13:18:53.921,0.93909,0.93921,2.63,2.33
2013.12.02 13:18:54.709,0.93909,0.93921,1.50,2.33
2013.12.02 13:18:55.672,0.93911,0.93921,1.50,1.58
2013.12.02 13:18:55.774,0.93912,0.93921,3.08,1.50
2013.12.02 13:18:55.977,0.93915,0.93927,2.40,1.50
2013.12.02 13:18:56.028,0.93916,0.93929,1.95,2.33
2013.12.02 13:18:56.561,0.93917,0.93929,1.50,1.95
2013.12.02 13:18:58.800,0.93918,0.93929,1.50,1.95
2013.12.02 13:18:58.951,0.93921,0.93929,1.50,1.13
2013.12.02 13:18:59.002,0.93921,0.93929,1.50,1.13
2013.12.02 13:18:59.104,0.93919,0.9393,3.00,1.13
2013.12.02 13:18:59.157,0.93919,0.9393,2.25,1.13
2013.12.02 13:19:03.492,0.93918,0.93929,2.63,1.28
2013.12.02 13:19:04.480,0.93919,0.9393,1.13,4.20
2013.12.02 13:19:06.502,0.93918,0.93929,1.13,1.28
2013.12.02 13:19:11.732,0.93918,0.93929,1.13,1.20
2013.12.02 13:19:12.407,0.93918,0.93929,1.13,1.13
2013.12.02 13:19:13.260,0.9392,0.93929,1.13,1.13
2013.12.02 13:19:13.462,0.93922,0.93932,1.88,1.13
2013.12.02 13:19:13.665,0.9392,0.93931,1.88,1.20
2013.12.02 13:19:14.386,0.93919,0.9393,1.13,1.13
2013.12.02 13:19:14.981,0.93919,0.93931,2.70,1.88
2013.12.02 13:19:15.285,0.93928,0.9394,1.20,1.88
2013.12.02 13:19:15.437,0.93931,0.9394,1.88,1.50
2013.12.02 13:19:15.942,0.93932,0.93941,1.50,1.50
2013.12.02 13:19:16.577,0.93932,0.93941,1.50,1.58
2013.12.02 13:19:16.781,0.93931,0.93941,1.88,1.58
2013.12.02 13:19:16.934,0.93931,0.93941,1.13,1.95
2013.12.02 13:19:17.550,0.93932,0.93941,1.13,2.33
2013.12.02 13:19:19.121,0.93931,0.93939,1.88,1.50
2013.12.02 13:19:19.647,0.93931,0.9394,1.13,1.95
2013.12.02 13:19:21.791,0.9393,0.93939,1.50,1.13
2013.12.02 13:19:21.843,0.93927,0.93938,1.20,1.13
2013.12.02 13:19:22.459,0.93925,0.93937,1.13,2.25
2013.12.02 13:19:23.966,0.93925,0.93937,1.13,2.25
2013.12.02 13:19:24.494,0.93925,0.93937,1.13,2.63
2013.12.02 13:19:25.041,0.93925,0.93937,1.13,2.63
2013.12.02 13:19:25.612,0.93925,0.93936,1.13,1.28
2013.12.02 13:19:26.482,0.93925,0.93937,1.13,4.20
2013.12.02 13:19:27.223,0.93925,0.93937,1.13,4.20
2013.12.02 13:19:27.818,0.93925,0.93937,1.13,4.20
2013.12.02 13:19:28.132,0.93928,0.93938,1.88,4.13
2013.12.02 13:19:28.447,0.9393,0.9394,1.13,1.13
2013.12.02 13:19:30.501,0.9393,0.9394,1.13,4.13
2013.12.02 13:19:30.653,0.93931,0.9394,1.13,1.20
2013.12.02 13:19:31.554,0.93931,0.9394,1.13,1.95
2013.12.02 13:19:32.063,0.93931,0.9394,1.13,1.50
2013.12.02 13:19:32.316,0.93931,0.93941,1.13,1.20
2013.12.02 13:19:32.418,0.93932,0.93943,1.50,1.58
2013.12.02 13:19:32.620,0.93935,0.93945,1.13,1.95
2013.12.02 13:19:32.974,0.93931,0.93943,1.88,1.28
2013.12.02 13:19:33.075,0.93931,0.93941,1.13,1.88
2013.12.02 13:19:33.618,0.93931,0.93941,1.13,1.28
2013.12.02 13:19:36.028,0.9393,0.93941,1.88,2.03
2013.12.02 13:19:36.181,0.93927,0.93937,1.73,1.50
2013.12.02 13:19:36.486,0.93931,0.9394,1.13,2.33
2013.12.02 13:19:36.739,0.93931,0.9394,1.13,2.33
2013.12.02 13:19:37.093,0.93928,0.93939,1.13,1.95
2013.12.02 13:19:37.195,0.93931,0.93939,1.13,1.65
2013.12.02 13:19:37.498,0.93932,0.93937,1.13,3.00
2013.12.02 13:19:37.549,0.93932,0.93939,1.13,1.50
2013.12.02 13:19:37.701,0.93932,0.9394,1.13,1.58
2013.12.02 13:19:37.802,0.93931,0.93939,1.88,1.50
2013.12.02 13:19:37.955,0.93932,0.9394,1.13,1.58
2013.12.02 13:19:38.484,0.93932,0.9394,1.13,1.58
2013.12.02 13:19:39.643,0.93928,0.9394,1.13,3.08
2013.12.02 13:19:39.896,0.93926,0.93937,1.13,3.45
2013.12.02 13:19:41.411,0.93925,0.93936,1.88,1.28
2013.12.02 13:19:42.663,0.93925,0.93935,1.88,1.20
2013.12.02 13:19:44.275,0.93925,0.93936,1.88,1.28
2013.12.02 13:19:52.401,0.93928,0.93937,2.10,2.63
2013.12.02 13:19:52.553,0.9393,0.93941,2.63,1.28
2013.12.02 13:19:52.806,0.93933,0.93942,1.13,2.63
2013.12.02 13:19:53.342,0.93932,0.93942,2.25,1.28
2013.12.02 13:19:54.002,0.93932,0.93942,1.50,1.28
2013.12.02 13:19:54.851,0.93931,0.9394,1.88,1.13
2013.12.02 13:19:54.952,0.9393,0.93939,1.13,1.13
2013.12.02 13:19:55.003,0.9393,0.93939,1.13,3.38
2013.12.02 13:19:55.155,0.93928,0.93939,1.13,1.88
2013.12.02 13:19:55.206,0.93928,0.93938,1.13,1.13
2013.12.02 13:19:55.519,0.93928,0.93939,1.13,2.70
2013.12.02 13:19:56.151,0.93928,0.93939,1.13,2.25
2013.12.02 13:19:57.295,0.93929,0.93938,1.13,1.20
2013.12.02 13:19:57.396,0.93925,0.93935,2.25,1.13
2013.12.02 13:19:57.963,0.93923,0.93932,1.13,1.13
2013.12.02 13:19:58.014,0.93922,0.93932,1.88,1.13
2013.12.02 13:19:58.691,0.93922,0.93932,2.63,1.13
2013.12.02 13:19:59.692,0.9392,0.93928,1.20,1.50
2013.12.02 13:19:59.844,0.93919,0.93928,1.88,1.58
2013.12.02 13:19:59.946,0.93917,0.93927,1.13,1.13
2013.12.02 13:20:00.163,0.93919,0.93928,1.13,1.58
2013.12.02 13:20:00.468,0.93913,0.93923,1.88,1.28
2013.12.02 13:20:00.519,0.93913,0.93922,2.63,3.00
2013.12.02 13:20:00.570,0.93913,0.93922,1.88,3.08
2013.12.02 13:20:00.672,0.93916,0.93924,1.13,1.50
2013.12.02 13:20:00.723,0.93913,0.93923,1.50,1.13
2013.12.02 13:20:00.876,0.93913,0.93923,1.50,1.95
2013.12.02 13:20:01.449,0.93911,0.93923,3.45,2.63
2013.12.02 13:20:01.551,0.93912,0.93924,1.28,2.63
2013.12.02 13:20:02.052,0.93913,0.93923,1.13,1.13
2013.12.02 13:20:02.561,0.93913,0.93924,1.13,1.13
2013.12.02 13:20:03.298,0.93915,0.93925,1.88,1.13
2013.12.02 13:20:03.626,0.93915,0.93925,1.50,1.13
2013.12.02 13:20:03.930,0.93912,0.93919,2.70,1.88
2013.12.02 13:20:04.234,0.93915,0.93921,2.10,1.50
2013.12.02 13:20:04.336,0.93913,0.93921,1.43,2.25
2013.12.02 13:20:04.589,0.93913,0.93924,1.13,1.13
2013.12.02 13:20:04.741,0.93914,0.93924,1.05,1.13
2013.12.02 13:20:04.842,0.93914,0.93924,2.55,1.13
2013.12.02 13:20:04.944,0.93916,0.93926,1.20,1.13
2013.12.02 13:20:05.513,0.93917,0.93927,1.13,1.50
2013.12.02 13:20:08.111,0.93917,0.93927,1.13,1.88
2013.12.02 13:20:08.320,0.93917,0.93926,1.13,1.13
2013.12.02 13:20:08.674,0.93915,0.93926,1.13,1.13
2013.12.02 13:20:08.776,0.93915,0.93927,1.13,3.08
2013.12.02 13:20:09.118,0.93915,0.93927,1.13,3.08
2013.12.02 13:20:09.321,0.93915,0.93927,1.88,3.08
2013.12.02 13:20:10.228,0.93915,0.93927,1.13,2.33
2013.12.02 13:20:11.079,0.93919,0.93928,1.13,1.28
2013.12.02 13:20:11.433,0.9392,0.93931,1.20,1.88
2013.12.02 13:20:11.635,0.9392,0.9393,1.13,1.13
2013.12.02 13:20:11.837,0.9392,0.9393,1.13,1.88
2013.12.02 13:20:12.488,0.9392,0.9393,1.13,1.88
2013.12.02 13:20:12.957,0.9392,0.9393,1.13,1.50
2013.12.02 13:20:13.383,0.9392,0.9393,1.13,1.50
2013.12.02 13:20:13.959,0.93918,0.9393,1.28,1.88
2013.12.02 13:20:14.162,0.93918,0.93928,1.88,1.20
2013.12.02 13:20:16.272,0.93917,0.93927,1.13,1.88
2013.12.02 13:20:16.798,0.93918,0.93927,1.13,1.88
2013.12.02 13:20:17.376,0.93918,0.93927,1.13,1.88
2013.12.02 13:20:17.697,0.93916,0.93926,1.13,1.13
2013.12.02 13:20:18.198,0.93915,0.93926,1.13,2.63
2013.12.02 13:20:18.249,0.93913,0.93923,2.25,1.13
2013.12.02 13:20:18.553,0.9391,0.93918,1.50,1.13
2013.12.02 13:20:18.655,0.93908,0.93917,1.50,1.13
2013.12.02 13:20:19.323,0.93907,0.93917,1.50,1.13
2013.12.02 13:20:19.577,0.93907,0.93917,2.25,1.13
2013.12.02 13:20:20.091,0.93907,0.93917,1.88,1.13
2013.12.02 13:20:20.746,0.93907,0.93917,1.50,1.13
2013.12.02 13:20:22.843,0.93907,0.93918,1.50,1.13
2013.12.02 13:20:23.500,0.93907,0.93917,1.50,1.13
2013.12.02 13:20:24.047,0.93907,0.93918,1.50,1.20
2013.12.02 13:20:26.394,0.93907,0.93919,1.50,4.95
2013.12.02 13:20:26.899,0.93907,0.93917,1.50,1.13
2013.12.02 13:20:30.368,0.93907,0.93917,1.50,1.13
2013.12.02 13:20:32.211,0.93907,0.93917,1.88,1.13
2013.12.02 13:20:33.669,0.93906,0.93917,1.88,1.13
2013.12.02 13:20:34.608,0.93907,0.93917,1.50,1.28
2013.12.02 13:20:35.159,0.93906,0.93917,1.88,1.28
2013.12.02 13:20:37.581,0.93907,0.93917,1.50,1.28
2013.12.02 13:20:38.119,0.93907,0.93917,1.50,1.13
2013.12.02 13:20:40.514,0.93907,0.93917,1.50,1.13
2013.12.02 13:20:41.930,0.93908,0.93917,1.50,1.13
2013.12.02 13:20:42.295,0.93908,0.93915,1.50,1.13
2013.12.02 13:20:42.800,0.93908,0.93915,1.50,1.13
2013.12.02 13:20:44.806,0.93904,0.93914,2.25,1.13
2013.12.02 13:20:45.054,0.93904,0.93914,1.88,1.13
2013.12.02 13:20:45.311,0.93905,0.93914,1.13,1.13
2013.12.02 13:20:45.839,0.93904,0.93914,2.25,1.13
2013.12.02 13:20:46.223,0.93904,0.93916,2.25,2.33
2013.12.02 13:20:46.741,0.93904,0.93914,2.25,1.13
2013.12.02 13:20:47.448,0.93904,0.93914,2.25,1.13
2013.12.02 13:20:47.600,0.93905,0.93914,1.13,1.88
2013.12.02 13:20:48.148,0.93905,0.93914,1.13,1.95
2013.12.02 13:20:48.790,0.93905,0.93914,1.13,2.03
2013.12.02 13:20:49.419,0.93904,0.93914,1.13,2.03
2013.12.02 13:20:52.609,0.93904,0.93914,1.13,2.03
2013.12.02 13:20:55.250,0.93906,0.93914,1.13,1.65
2013.12.02 13:20:55.572,0.93902,0.93913,1.50,2.70
2013.12.02 13:20:55.623,0.93901,0.93911,1.50,1.28
2013.12.02 13:20:55.725,0.93901,0.93909,2.25,1.20
2013.12.02 13:20:55.876,0.93897,0.93907,1.13,1.20
2013.12.02 13:20:56.079,0.93897,0.93907,1.13,3.83
2013.12.02 13:20:56.634,0.939,0.93907,1.50,3.83
2013.12.02 13:20:56.837,0.93896,0.93907,1.13,4.20
2013.12.02 13:20:56.938,0.93895,0.93905,1.88,2.70
2013.12.02 13:20:57.241,0.93894,0.93904,1.13,1.58
2013.12.02 13:20:57.393,0.93898,0.93906,1.13,1.50
2013.12.02 13:20:57.494,0.93903,0.93909,1.13,2.25
2013.12.02 13:20:57.747,0.93902,0.93911,1.13,1.20
2013.12.02 13:20:57.798,0.939,0.93911,1.13,1.20
2013.12.02 13:20:59.899,0.93902,0.93909,1.13,1.50
2013.12.02 13:21:00.000,0.93905,0.93912,1.13,1.50
2013.12.02 13:21:00.202,0.93903,0.93912,1.13,1.13
2013.12.02 13:21:00.685,0.93905,0.93915,1.13,3.45
2013.12.02 13:21:01.889,0.93907,0.93917,1.13,3.45
2013.12.02 13:21:01.991,0.93908,0.93917,1.50,1.28
2013.12.02 13:21:07.133,0.93908,0.93917,1.88,1.20
2013.12.02 13:21:07.666,0.93908,0.93917,1.88,1.20
2013.12.02 13:21:08.295,0.9391,0.93919,1.13,3.68
2013.12.02 13:21:08.841,0.9391,0.93919,1.13,3.08
2013.12.02 13:21:11.880,0.93912,0.93922,1.88,1.95
2013.12.02 13:21:11.984,0.93914,0.93922,1.13,1.58
2013.12.02 13:21:12.085,0.93914,0.93925,1.13,4.50
2013.12.02 13:21:12.238,0.93916,0.93926,1.13,1.28
2013.12.02 13:21:12.531,0.93916,0.93925,1.88,1.20
2013.12.02 13:21:13.089,0.93916,0.93925,1.50,1.20
2013.12.02 13:21:13.499,0.93914,0.93925,1.13,1.20
2013.12.02 13:21:13.651,0.93912,0.93924,1.88,3.45
2013.12.02 13:21:14.179,0.93912,0.93923,1.13,1.28
2013.12.02 13:21:14.838,0.93912,0.93924,1.13,3.45
2013.12.02 13:21:15.627,0.93912,0.93923,1.13,1.28
2013.12.02 13:21:21.714,0.93911,0.93923,1.88,1.28
2013.12.02 13:21:21.815,0.93911,0.93923,1.88,1.28
2013.12.02 13:21:21.917,0.93911,0.93923,1.88,1.28
2013.12.02 13:21:23.439,0.93911,0.93923,1.88,1.28
2013.12.02 13:21:24.621,0.93911,0.93923,1.88,3.45
2013.12.02 13:21:25.677,0.93911,0.93923,1.88,3.45
2013.12.02 13:21:25.980,0.93911,0.93923,1.88,1.20
2013.12.02 13:21:26.388,0.93911,0.93923,1.88,3.38
2013.12.02 13:21:27.104,0.93913,0.93923,1.13,3.08
2013.12.02 13:21:29.133,0.93913,0.93924,1.13,2.03
2013.12.02 13:21:30.184,0.93911,0.93923,1.88,1.20
2013.12.02 13:21:30.742,0.93912,0.93924,1.13,2.03
2013.12.02 13:21:31.718,0.93912,0.93923,1.13,1.20
2013.12.02 13:21:32.303,0.9391,0.93923,1.88,1.28
2013.12.02 13:21:32.359,0.9391,0.93922,1.88,1.20
2013.12.02 13:21:33.891,0.9391,0.93923,1.88,1.28
2013.12.02 13:21:34.405,0.9391,0.93922,1.88,1.20
2013.12.02 13:21:36.435,0.9391,0.93922,1.88,1.20
2013.12.02 13:21:36.587,0.9391,0.93922,1.88,3.38
2013.12.02 13:21:39.631,0.9391,0.93922,1.13,4.95
2013.12.02 13:21:39.950,0.9391,0.93922,1.13,2.33
2013.12.02 13:21:40.598,0.9391,0.93922,1.13,2.33
2013.12.02 13:21:41.148,0.9391,0.93922,1.20,1.50
2013.12.02 13:21:43.943,0.93911,0.93923,1.13,2.03
2013.12.02 13:21:44.096,0.93911,0.93923,1.95,1.88
2013.12.02 13:21:49.201,0.93911,0.93923,1.20,2.63
2013.12.02 13:21:59.567,0.93912,0.93923,1.13,1.88
2013.12.02 13:22:00.125,0.93913,0.93923,1.95,1.13
2013.12.02 13:22:00.428,0.93916,0.93928,1.95,1.13
2013.12.02 13:22:01.032,0.93916,0.93929,2.03,1.13
2013.12.02 13:22:01.355,0.93918,0.9393,1.13,1.88
2013.12.02 13:22:02.565,0.93918,0.93931,4.20,1.50
2013.12.02 13:22:02.615,0.9392,0.93932,1.20,2.25
2013.12.02 13:22:03.233,0.93922,0.93933,1.20,1.50
2013.12.02 13:22:03.284,0.93922,0.93934,3.53,1.50
2013.12.02 13:22:03.487,0.93927,0.93938,2.48,1.50
2013.12.02 13:22:03.538,0.9393,0.9394,1.28,1.13
2013.12.02 13:22:03.589,0.9393,0.93941,2.03,1.88
2013.12.02 13:22:03.740,0.93935,0.93946,1.88,1.20
2013.12.02 13:22:03.791,0.93935,0.93947,1.95,1.50
2013.12.02 13:22:03.943,0.93937,0.93947,1.65,1.88
2013.12.02 13:22:04.045,0.93939,0.93946,1.13,1.50
2013.12.02 13:22:04.197,0.93938,0.93947,1.13,2.10
2013.12.02 13:22:04.248,0.93939,0.93947,1.13,1.73
2013.12.02 13:22:04.299,0.93939,0.93948,1.13,3.30
2013.12.02 13:22:04.703,0.93937,0.93948,1.13,2.70
2013.12.02 13:22:05.461,0.93937,0.93948,1.13,2.70
2013.12.02 13:22:05.562,0.93935,0.93945,1.13,1.88
2013.12.02 13:22:05.865,0.93931,0.93943,1.20,1.73
2013.12.02 13:22:06.423,0.9393,0.93942,1.20,1.13
2013.12.02 13:22:07.026,0.9393,0.93942,1.20,1.13
2013.12.02 13:22:07.349,0.9393,0.93943,1.95,2.10
2013.12.02 13:22:07.400,0.9393,0.93943,2.70,2.48
2013.12.02 13:22:07.552,0.93932,0.93945,2.03,1.88
2013.12.02 13:22:07.654,0.93932,0.93945,2.03,1.50
2013.12.02 13:22:07.859,0.93934,0.93947,3.45,1.50
2013.12.02 13:22:07.960,0.93934,0.93947,3.08,1.13
2013.12.02 13:22:08.214,0.93947,0.93954,3.00,2.25
2013.12.02 13:22:08.316,0.93948,0.9396,1.28,1.50
2013.12.02 13:22:08.367,0.93949,0.93961,1.58,1.50
2013.12.02 13:22:08.468,0.93947,0.9396,3.08,3.75
2013.12.02 13:22:08.519,0.93951,0.9396,1.13,3.00
2013.12.02 13:22:08.824,0.93966,0.93972,1.50,3.00
2013.12.02 13:22:08.875,0.93967,0.93972,1.05,1.50
2013.12.02 13:22:08.976,0.93966,0.93976,1.05,2.25
2013.12.02 13:22:09.027,0.9397,0.93983,1.05,4.13
2013.12.02 13:22:09.078,0.93976,0.93985,1.05,2.25
2013.12.02 13:22:09.383,0.93983,0.93993,1.50,1.50
2013.12.02 13:22:09.486,0.9398,0.93987,1.28,1.88
2013.12.02 13:22:09.917,0.93982,0.93986,1.50,1.88
2013.12.02 13:22:10.018,0.9398,0.93985,1.05,2.63
2013.12.02 13:22:10.069,0.93979,0.93985,1.13,1.50
2013.12.02 13:22:10.171,0.93976,0.93988,1.50,1.58
2013.12.02 13:22:10.273,0.93978,0.93984,1.50,1.13
2013.12.02 13:22:10.374,0.93971,0.93981,2.33,1.50
2013.12.02 13:22:10.426,0.93974,0.93982,1.50,1.50
2013.12.02 13:22:10.629,0.93968,0.93979,1.43,1.50
2013.12.02 13:22:10.730,0.93969,0.9398,1.50,1.50
2013.12.02 13:22:10.781,0.93967,0.93981,1.50,1.50
2013.12.02 13:22:10.832,0.93967,0.93982,2.25,3.00
2013.12.02 13:22:10.933,0.93968,0.93982,2.25,1.50
2013.12.02 13:22:11.439,0.93968,0.93982,1.50,2.25
2013.12.02 13:22:11.490,0.93966,0.93981,3.38,1.50
2013.12.02 13:22:11.945,0.93968,0.93983,1.58,1.50
2013.12.02 13:22:12.249,0.9397,0.93983,3.75,1.50
2013.12.02 13:22:12.401,0.9397,0.93983,1.58,1.50
2013.12.02 13:22:12.576,0.93967,0.9398,1.28,1.50
2013.12.02 13:22:12.779,0.93969,0.93983,1.13,4.58
2013.12.02 13:22:12.881,0.9397,0.93983,2.25,3.08
2013.12.02 13:22:13.185,0.93972,0.93984,2.33,1.50
2013.12.02 13:22:13.287,0.93969,0.93984,3.83,1.50
2013.12.02 13:22:13.542,0.93969,0.9398,1.58,1.35
2013.12.02 13:22:13.972,0.93967,0.9398,1.65,1.35
2013.12.02 13:22:14.073,0.93964,0.93975,1.58,1.50
2013.12.02 13:22:14.124,0.93964,0.93975,3.83,1.50
2013.12.02 13:22:14.629,0.93963,0.93974,3.08,1.50
2013.12.02 13:22:14.884,0.93964,0.93977,1.65,1.35
2013.12.02 13:22:14.935,0.93964,0.93977,1.65,1.35
2013.12.02 13:22:15.441,0.93963,0.93971,3.00,2.10
2013.12.02 13:22:15.544,0.93958,0.93971,3.83,2.85
2013.12.02 13:22:15.646,0.9396,0.93969,2.33,1.35
2013.12.02 13:22:15.748,0.93955,0.93967,1.58,1.35
2013.12.02 13:22:15.850,0.93951,0.93966,1.65,1.65
2013.12.02 13:22:15.952,0.9395,0.93963,3.08,2.10
2013.12.02 13:22:16.054,0.93948,0.9396,1.58,1.50
2013.12.02 13:22:16.104,0.93946,0.93957,3.00,1.58
2013.12.02 13:22:16.155,0.93943,0.93955,1.50,2.18
2013.12.02 13:22:16.358,0.9394,0.93954,2.33,1.43
2013.12.02 13:22:16.510,0.9394,0.93954,2.33,1.50
2013.12.02 13:22:16.611,0.9394,0.93954,1.58,1.80
2013.12.02 13:22:16.763,0.9394,0.93954,1.50,1.73
2013.12.02 13:22:16.865,0.93939,0.93951,1.50,1.50
2013.12.02 13:22:17.067,0.93937,0.93952,2.25,1.35
2013.12.02 13:22:17.169,0.93938,0.93952,1.50,1.35
2013.12.02 13:22:17.270,0.9394,0.93953,1.50,2.18
2013.12.02 13:22:17.730,0.93943,0.93955,2.63,1.88
2013.12.02 13:22:17.781,0.93943,0.93957,3.98,1.95
2013.12.02 13:22:17.935,0.93946,0.93962,2.40,3.90
2013.12.02 13:22:18.392,0.93949,0.93963,1.20,2.93
2013.12.02 13:22:18.493,0.93953,0.93963,3.00,1.50
2013.12.02 13:22:18.594,0.93955,0.93969,1.58,1.50
2013.12.02 13:22:18.645,0.93957,0.93969,2.85,1.50
2013.12.02 13:22:18.949,0.93964,0.93977,3.83,2.48
2013.12.02 13:22:19.051,0.93963,0.93977,1.65,1.35
2013.12.02 13:22:19.101,0.93963,0.93977,1.58,2.85
2013.12.02 13:22:19.203,0.93964,0.93978,1.50,1.35
2013.12.02 13:22:19.355,0.93966,0.93979,1.50,1.73
2013.12.02 13:22:19.660,0.9397,0.93982,1.50,1.35
2013.12.02 13:22:19.964,0.93973,0.93989,2.25,2.10
2013.12.02 13:22:20.116,0.93977,0.93989,1.50,2.10
2013.12.02 13:22:20.672,0.93977,0.93992,1.50,2.25
2013.12.02 13:22:20.723,0.93977,0.93992,1.50,2.25
2013.12.02 13:22:20.875,0.93976,0.93985,1.13,1.35
2013.12.02 13:22:21.128,0.93973,0.93985,1.13,1.35
2013.12.02 13:22:21.432,0.9397,0.93981,1.50,1.50
2013.12.02 13:22:21.634,0.93964,0.93975,1.50,1.50
2013.12.02 13:22:21.736,0.93963,0.93976,1.50,1.50
2013.12.02 13:22:21.837,0.93963,0.93977,1.50,2.25
2013.12.02 13:22:21.888,0.93961,0.93976,1.50,1.50
2013.12.02 13:22:21.989,0.93962,0.93976,1.50,1.50
2013.12.02 13:22:22.091,0.93959,0.93975,1.50,2.10
2013.12.02 13:22:22.192,0.93957,0.93974,1.50,1.50
2013.12.02 13:22:22.495,0.93969,0.93978,2.25,2.33
2013.12.02 13:22:22.647,0.93974,0.93985,3.00,2.63
2013.12.02 13:22:22.749,0.93977,0.93987,3.83,1.50
2013.12.02 13:22:22.812,0.93977,0.93988,3.83,2.10
2013.12.02 13:22:22.967,0.93974,0.93985,1.65,2.10
2013.12.02 13:22:23.271,0.93969,0.93983,3.83,1.35
2013.12.02 13:22:23.373,0.93971,0.93985,3.08,1.50
2013.12.02 13:22:23.424,0.93971,0.93987,3.08,1.65
2013.12.02 13:22:23.808,0.93971,0.93983,3.08,1.35
2013.12.02 13:22:24.061,0.93969,0.93983,3.83,1.35
2013.12.02 13:22:24.364,0.9397,0.93983,3.08,1.35
2013.12.02 13:22:24.465,0.9397,0.93983,3.83,1.35
2013.12.02 13:22:24.617,0.93969,0.93981,1.50,1.35
2013.12.02 13:22:24.719,0.93969,0.93981,1.50,1.50
2013.12.02 13:22:24.820,0.93969,0.93981,1.50,1.50
2013.12.02 13:22:25.326,0.93967,0.93981,1.58,1.50
2013.12.02 13:22:25.377,0.93967,0.93981,1.50,3.68
2013.12.02 13:22:25.428,0.93965,0.93981,1.58,3.68
2013.12.02 13:22:25.479,0.93965,0.93979,1.50,3.00
2013.12.02 13:22:25.530,0.93965,0.93979,2.25,3.08
2013.12.02 13:22:25.631,0.93964,0.9398,1.65,2.40
2013.12.02 13:22:25.935,0.93963,0.93976,1.50,2.33
2013.12.02 13:22:26.036,0.93962,0.93976,1.50,2.33
2013.12.02 13:22:26.610,0.9396,0.93974,3.08,1.65
2013.12.02 13:22:26.915,0.93959,0.93966,2.25,1.50
2013.12.02 13:22:27.118,0.93956,0.93966,3.00,1.58
2013.12.02 13:22:27.169,0.93953,0.93966,1.58,1.58
2013.12.02 13:22:27.220,0.93951,0.93966,4.20,1.58
2013.12.02 13:22:27.728,0.9395,0.93966,6.83,1.58
2013.12.02 13:22:27.829,0.93951,0.93966,1.20,4.58
2013.12.02 13:22:27.931,0.9395,0.93964,1.50,3.83
2013.12.02 13:22:28.033,0.93949,0.93962,1.35,3.83
2013.12.02 13:22:28.084,0.93947,0.93961,1.50,3.08
2013.12.02 13:22:28.589,0.93947,0.93961,1.50,2.33
2013.12.02 13:22:29.340,0.93946,0.93961,2.33,2.25
2013.12.02 13:22:29.542,0.93946,0.93961,2.40,2.25
2013.12.02 13:22:29.643,0.93946,0.93963,3.15,6.00
2013.12.02 13:22:29.947,0.93946,0.93961,2.25,2.33
2013.12.02 13:22:30.506,0.93947,0.93963,1.58,3.83
2013.12.02 13:22:30.758,0.93946,0.93961,4.58,2.33
2013.12.02 13:22:31.137,0.93946,0.9396,1.50,3.08
2013.12.02 13:22:31.188,0.93943,0.93957,4.50,3.00
2013.12.02 13:22:31.441,0.93942,0.93956,2.10,5.25
2013.12.02 13:22:31.968,0.93942,0.93955,2.10,3.08
2013.12.02 13:22:32.120,0.93941,0.93955,1.50,3.08
2013.12.02 13:22:32.764,0.93939,0.93954,3.83,2.33
2013.12.02 13:22:32.814,0.93938,0.93951,1.95,1.58
2013.12.02 13:22:32.916,0.93938,0.9395,1.13,2.33
2013.12.02 13:22:33.258,0.93937,0.93951,2.93,1.65
2013.12.02 13:22:33.409,0.93938,0.93952,2.40,1.20
2013.12.02 13:22:33.938,0.93938,0.93952,1.65,1.20
2013.12.02 13:22:34.214,0.93938,0.93952,1.65,1.20
2013.12.02 13:22:34.265,0.93938,0.93951,1.50,3.08
2013.12.02 13:22:34.468,0.93937,0.93951,1.58,2.40
2013.12.02 13:22:34.822,0.9394,0.93953,1.50,2.33
2013.12.02 13:22:34.873,0.9394,0.93953,1.50,2.33
2013.12.02 13:22:34.924,0.93938,0.93953,1.65,2.33
2013.12.02 13:22:34.975,0.93938,0.93953,2.40,1.58
2013.12.02 13:22:35.228,0.93938,0.93951,1.50,1.65
2013.12.02 13:22:35.771,0.93938,0.93953,3.90,1.58
2013.12.02 13:22:36.278,0.93938,0.9395,1.50,1.58
2013.12.02 13:22:36.328,0.93938,0.9395,1.50,3.83
2013.12.02 13:22:36.769,0.93938,0.9395,1.50,1.58
2013.12.02 13:22:37.727,0.93938,0.9395,1.50,1.58
2013.12.02 13:22:37.930,0.93937,0.9395,2.25,1.58
2013.12.02 13:22:38.499,0.93937,0.9395,1.50,1.58
2013.12.02 13:22:39.257,0.93937,0.93951,2.25,1.65
2013.12.02 13:22:39.560,0.93934,0.9395,6.38,1.58
2013.12.02 13:22:39.814,0.93935,0.9395,3.08,1.58
2013.12.02 13:22:40.016,0.93935,0.93948,4.20,1.13
2013.12.02 13:22:40.527,0.93935,0.93947,1.13,1.13
2013.12.02 13:22:41.089,0.93934,0.93947,1.58,1.13
2013.12.02 13:22:41.452,0.93935,0.93949,3.45,1.13
2013.12.02 13:22:41.657,0.93935,0.93949,1.20,2.33
2013.12.02 13:22:41.959,0.93932,0.93943,3.38,1.13
2013.12.02 13:22:42.010,0.93932,0.93943,1.20,1.13
2013.12.02 13:22:42.112,0.93932,0.93945,1.28,1.73
2013.12.02 13:22:42.426,0.93932,0.93943,1.13,1.13
2013.12.02 13:22:42.781,0.93932,0.93944,1.28,1.88
2013.12.02 13:22:42.983,0.93937,0.93947,1.13,1.88
2013.12.02 13:22:43.287,0.93935,0.93949,1.95,2.03
2013.12.02 13:22:43.338,0.93935,0.93947,1.20,1.13
2013.12.02 13:22:43.541,0.93934,0.93946,1.13,4.20
2013.12.02 13:22:43.694,0.93939,0.9395,1.13,3.08
2013.12.02 13:22:43.745,0.93942,0.93951,1.13,1.58
2013.12.02 13:22:43.897,0.93942,0.93953,1.13,1.13
2013.12.02 13:22:44.421,0.93942,0.93955,1.13,1.28
2013.12.02 13:22:44.857,0.93943,0.93956,1.95,1.20
2013.12.02 13:22:45.161,0.93948,0.93957,3.45,1.13
2013.12.02 13:22:45.312,0.93949,0.93958,1.13,1.50
2013.12.02 13:22:45.616,0.93946,0.93958,1.20,1.50
2013.12.02 13:22:45.969,0.93945,0.93956,1.13,1.13
2013.12.02 13:22:46.323,0.93946,0.93956,1.28,1.13
2013.12.02 13:22:46.867,0.93946,0.93957,1.13,1.13
2013.12.02 13:22:47.374,0.93945,0.93958,1.20,1.13
2013.12.02 13:22:48.208,0.93947,0.93959,1.28,1.13
2013.12.02 13:22:48.310,0.93946,0.93959,2.03,1.13
2013.12.02 13:22:48.613,0.93948,0.93957,1.20,1.13
2013.12.02 13:22:49.509,0.93947,0.93957,1.13,1.13
2013.12.02 13:22:49.970,0.93949,0.93959,1.05,1.13
2013.12.02 13:22:51.047,0.9395,0.9396,1.13,1.13
2013.12.02 13:22:51.575,0.9395,0.9396,1.13,1.13
2013.12.02 13:22:52.325,0.9395,0.9396,1.13,1.13
2013.12.02 13:22:54.357,0.9395,0.9396,1.20,1.13
2013.12.02 13:22:55.428,0.93948,0.9396,3.45,1.13
2013.12.02 13:22:55.584,0.9395,0.9396,1.20,1.13
2013.12.02 13:22:55.875,0.93948,0.93958,3.08,1.13
2013.12.02 13:22:56.132,0.93948,0.93958,3.08,1.13
2013.12.02 13:22:56.233,0.93948,0.93958,3.08,1.13
2013.12.02 13:22:56.549,0.93945,0.93951,2.93,1.13
2013.12.02 13:22:56.601,0.93941,0.93951,7.58,1.13
2013.12.02 13:22:56.652,0.93941,0.93952,3.75,1.50
2013.12.02 13:22:56.703,0.93939,0.93952,3.45,1.50
2013.12.02 13:22:56.981,0.93942,0.93951,1.13,1.13
2013.12.02 13:22:57.133,0.93945,0.93951,1.35,1.13
2013.12.02 13:22:57.235,0.9395,0.93959,1.20,2.25
2013.12.02 13:22:57.337,0.93954,0.93961,1.13,1.50
2013.12.02 13:22:57.843,0.93953,0.93963,3.08,1.88
2013.12.02 13:22:58.620,0.9395,0.93964,3.08,1.50
2013.12.02 13:22:58.872,0.93953,0.93964,1.13,1.13
2013.12.02 13:22:59.075,0.93954,0.93965,1.13,1.13
2013.12.02 13:22:59.630,0.93953,0.93963,1.65,1.13
2013.12.02 13:22:59.883,0.93951,0.93962,1.20,1.13
2013.12.02 13:22:59.985,0.93958,0.93967,2.10,3.83
2013.12.02 13:23:00.086,0.93961,0.93968,1.13,2.93
2013.12.02 13:23:00.137,0.93961,0.93971,1.13,2.33
2013.12.02 13:23:00.188,0.93962,0.93972,1.20,1.13
2013.12.02 13:23:00.289,0.93964,0.93973,2.70,1.13
2013.12.02 13:23:00.340,0.93965,0.93974,1.28,1.13
2013.12.02 13:23:00.391,0.93965,0.93974,1.28,1.13
2013.12.02 13:23:00.492,0.93966,0.93975,1.20,1.13
2013.12.02 13:23:01.198,0.93966,0.93975,1.20,1.13
2013.12.02 13:23:01.502,0.93964,0.93974,6.45,1.13
2013.12.02 13:23:02.272,0.9397,0.93979,1.20,1.88
2013.12.02 13:23:02.442,0.93972,0.93981,1.13,1.13
2013.12.02 13:23:02.746,0.93968,0.93978,1.20,1.13
2013.12.02 13:23:02.797,0.93968,0.93979,1.20,1.73
2013.12.02 13:23:03.050,0.93974,0.93984,1.13,1.95
2013.12.02 13:23:03.353,0.93976,0.93983,3.08,1.13
2013.12.02 13:23:03.555,0.93977,0.93984,3.08,1.13
2013.12.02 13:23:04.033,0.93978,0.93987,3.08,1.13
2013.12.02 13:23:04.236,0.93979,0.93987,3.00,1.13
2013.12.02 13:23:04.287,0.9398,0.93987,3.08,1.13
2013.12.02 13:23:04.388,0.93979,0.93987,3.08,1.13
2013.12.02 13:23:04.439,0.93979,0.93987,3.08,1.13
2013.12.02 13:23:04.742,0.93976,0.93986,2.70,1.13
2013.12.02 13:23:04.944,0.93978,0.93987,1.20,1.13
2013.12.02 13:23:05.045,0.93976,0.93987,3.45,1.13
2013.12.02 13:23:05.500,0.93976,0.93989,3.45,1.88
2013.12.02 13:23:06.014,0.93976,0.93986,3.08,1.13
2013.12.02 13:23:06.539,0.93974,0.93987,3.83,1.13
2013.12.02 13:23:06.641,0.93974,0.93987,1.65,1.13
2013.12.02 13:23:07.025,0.93977,0.93987,3.38,1.88
2013.12.02 13:23:07.329,0.93975,0.93983,3.08,1.13
2013.12.02 13:23:07.582,0.93974,0.93984,1.58,1.13
2013.12.02 13:23:07.996,0.93973,0.93983,1.65,1.13
2013.12.02 13:23:08.097,0.93975,0.93984,1.13,2.85
2013.12.02 13:23:08.148,0.93975,0.93984,1.13,2.10
2013.12.02 13:23:08.351,0.93975,0.93984,1.13,2.10
2013.12.02 13:23:08.857,0.93975,0.93984,1.28,1.50
2013.12.02 13:23:10.040,0.93972,0.93983,1.20,3.75
2013.12.02 13:23:10.091,0.93971,0.93981,1.58,3.23
2013.12.02 13:23:10.395,0.93969,0.93976,1.50,2.93
2013.12.02 13:23:10.547,0.93961,0.93971,1.13,1.50
2013.12.02 13:23:11.068,0.9396,0.93972,1.88,1.50
2013.12.02 13:23:11.271,0.93958,0.9397,1.50,1.50
2013.12.02 13:23:11.322,0.9396,0.93969,1.13,1.50
2013.12.02 13:23:11.373,0.93958,0.93969,1.73,1.50
2013.12.02 13:23:11.424,0.93958,0.93968,1.13,1.13
2013.12.02 13:23:11.576,0.93955,0.93966,1.28,1.13
2013.12.02 13:23:11.829,0.93954,0.93965,3.45,1.13
2013.12.02 13:23:12.288,0.93952,0.93963,1.58,1.88
2013.12.02 13:23:12.834,0.93952,0.93963,1.20,1.50
2013.12.02 13:23:13.188,0.93952,0.93962,1.13,1.95
2013.12.02 13:23:13.340,0.9395,0.93962,3.45,1.13
2013.12.02 13:23:13.441,0.9395,0.93961,2.70,1.50
2013.12.02 13:23:13.593,0.93951,0.93962,2.63,1.50
2013.12.02 13:23:13.846,0.9395,0.93962,3.23,1.13
2013.12.02 13:23:13.917,0.9395,0.93964,3.23,1.13
2013.12.02 13:23:15.203,0.93952,0.93964,2.70,2.25
2013.12.02 13:23:15.254,0.93952,0.93964,2.70,1.13
2013.12.02 13:23:15.355,0.93954,0.93964,2.70,1.88
2013.12.02 13:23:15.696,0.93954,0.93965,2.70,1.13
2013.12.02 13:23:15.746,0.93954,0.93965,2.70,1.13
2013.12.02 13:23:16.256,0.93951,0.93965,4.20,1.88
2013.12.02 13:23:16.758,0.93951,0.93965,4.20,1.88
2013.12.02 13:23:16.989,0.93955,0.93966,2.70,1.88
2013.12.02 13:23:17.040,0.93955,0.93966,2.93,1.50
2013.12.02 13:23:17.091,0.93957,0.93969,1.95,1.50
2013.12.02 13:23:17.243,0.93961,0.93973,1.28,1.50
2013.12.02 13:23:17.344,0.93962,0.93973,2.63,1.50
2013.12.02 13:23:17.446,0.93962,0.93973,2.70,1.50
2013.12.02 13:23:17.547,0.93962,0.93973,2.70,1.50
2013.12.02 13:23:17.946,0.93962,0.93973,2.70,1.50
2013.12.02 13:23:17.997,0.93962,0.93976,2.70,1.50
2013.12.02 13:23:18.675,0.93966,0.93977,2.63,1.50
2013.12.02 13:23:18.877,0.93967,0.93977,2.63,1.50
2013.12.02 13:23:19.416,0.93967,0.9398,3.30,2.25
2013.12.02 13:23:19.518,0.9397,0.93979,2.63,1.50
2013.12.02 13:23:19.821,0.93973,0.93982,1.13,1.50
2013.12.02 13:23:20.184,0.9397,0.9398,3.83,1.50
2013.12.02 13:23:20.235,0.9397,0.9398,2.33,1.88
2013.12.02 13:23:20.387,0.9397,0.9398,2.25,1.13
2013.12.02 13:23:20.438,0.9397,0.93981,2.70,3.00
2013.12.02 13:23:20.539,0.9397,0.9398,2.70,1.50
2013.12.02 13:23:21.098,0.9397,0.93984,4.20,1.88
2013.12.02 13:23:21.500,0.9397,0.93984,2.70,1.50
2013.12.02 13:23:21.960,0.93972,0.93984,1.20,1.50
2013.12.02 13:23:22.214,0.93976,0.93983,2.25,1.13
2013.12.02 13:23:22.317,0.93973,0.93981,1.20,1.50
2013.12.02 13:23:22.419,0.93972,0.93981,1.50,1.50
2013.12.02 13:23:22.673,0.93977,0.93987,1.13,1.50
2013.12.02 13:23:22.875,0.93977,0.9399,3.81,1.50
2013.12.02 13:23:23.079,0.93977,0.93989,1.50,1.95
2013.12.02 13:23:23.383,0.9397,0.93982,3.08,1.88
2013.12.02 13:23:23.434,0.93969,0.93982,1.58,1.13
2013.12.02 13:23:23.636,0.93967,0.93977,2.33,1.13
2013.12.02 13:23:23.737,0.93964,0.93977,2.70,1.88
2013.12.02 13:23:23.839,0.93964,0.93975,1.58,1.50
2013.12.02 13:23:24.166,0.93961,0.93973,4.20,1.13
2013.12.02 13:23:24.318,0.93961,0.93973,1.20,1.13
2013.12.02 13:23:24.369,0.93962,0.93975,1.50,1.80
2013.12.02 13:23:24.674,0.93964,0.93973,2.33,1.50
2013.12.02 13:23:24.725,0.93963,0.93974,1.13,1.50
2013.12.02 13:23:25.231,0.93962,0.93973,2.33,1.50
2013.12.02 13:23:25.709,0.93962,0.93975,2.70,1.13
2013.12.02 13:23:25.861,0.9396,0.93974,1.20,3.38
2013.12.02 13:23:26.375,0.93961,0.93973,1.20,1.50
2013.12.02 13:23:26.527,0.93961,0.93973,1.20,1.50
2013.12.02 13:23:26.629,0.93961,0.93974,1.28,1.50
2013.12.02 13:23:26.831,0.93962,0.93973,2.70,1.50
2013.12.02 13:23:27.394,0.93961,0.93976,1.18,2.03
2013.12.02 13:23:27.495,0.93961,0.93973,3.45,1.50
2013.12.02 13:23:27.596,0.93962,0.93974,1.28,1.88
2013.12.02 13:23:28.030,0.93962,0.93974,3.45,1.88
2013.12.02 13:23:28.244,0.93962,0.93974,1.58,1.88
2013.12.02 13:23:28.794,0.93962,0.93973,3.68,1.13
2013.12.02 13:23:28.896,0.93962,0.93974,3.68,1.13
2013.12.02 13:23:29.049,0.93968,0.93978,1.33,1.58
2013.12.02 13:23:29.353,0.93971,0.93982,3.45,1.13
2013.12.02 13:23:30.704,0.93971,0.93982,3.45,1.13
2013.12.02 13:23:31.219,0.93971,0.93982,2.33,1.13
2013.12.02 13:23:31.529,0.93969,0.93982,4.95,1.13
2013.12.02 13:23:32.780,0.93971,0.93982,1.58,1.13
2013.12.02 13:23:32.881,0.93972,0.93983,2.18,1.13
2013.12.02 13:23:33.452,0.93972,0.93983,1.05,1.50
2013.12.02 13:23:34.027,0.93971,0.93983,2.03,1.88
2013.12.02 13:23:34.230,0.93971,0.93983,1.13,1.50
2013.12.02 13:23:34.432,0.93968,0.93982,3.45,1.88
2013.12.02 13:23:34.533,0.93967,0.93978,1.20,1.50
2013.12.02 13:23:34.634,0.93966,0.93978,2.03,1.50
2013.12.02 13:23:34.837,0.93966,0.93978,1.20,1.50
2013.12.02 13:23:35.191,0.93965,0.93978,2.63,1.88
2013.12.02 13:23:35.741,0.93964,0.93972,1.50,1.20
2013.12.02 13:23:36.045,0.93956,0.93968,1.28,1.50
2013.12.02 13:23:36.399,0.93954,0.93965,1.50,1.13
2013.12.02 13:23:36.937,0.93954,0.93966,2.93,1.13
2013.12.02 13:23:37.190,0.93951,0.93962,3.45,1.50
2013.12.02 13:23:37.495,0.9395,0.93963,1.13,1.50
2013.12.02 13:23:37.799,0.93951,0.93963,1.28,1.50
2013.12.02 13:23:38.253,0.93952,0.93966,2.70,1.50
2013.12.02 13:23:39.025,0.93953,0.93967,1.28,2.70
2013.12.02 13:23:39.598,0.93953,0.93962,1.20,1.58
2013.12.02 13:23:39.700,0.93951,0.93962,1.13,1.58
2013.12.02 13:23:39.802,0.93948,0.93962,1.20,1.58
2013.12.02 13:23:39.853,0.93948,0.93961,1.13,1.20
2013.12.02 13:23:40.106,0.93949,0.93962,2.68,1.20
2013.12.02 13:23:40.258,0.93951,0.93963,4.73,1.13
2013.12.02 13:23:40.410,0.9395,0.93962,1.28,1.13
2013.12.02 13:23:40.461,0.93948,0.9396,7.13,1.50
2013.12.02 13:23:40.764,0.93945,0.93958,1.88,1.13
2013.12.02 13:23:41.569,0.93944,0.93956,2.40,1.13
2013.12.02 13:23:41.872,0.93944,0.93955,2.40,1.13
2013.12.02 13:23:42.175,0.93945,0.93957,3.08,1.13
2013.12.02 13:23:42.710,0.93946,0.93958,1.28,1.50
2013.12.02 13:23:43.087,0.93947,0.93958,1.20,1.50
2013.12.02 13:23:44.850,0.93944,0.93957,1.95,1.88
2013.12.02 13:23:45.002,0.93943,0.93956,1.20,1.13
2013.12.02 13:23:45.053,0.93943,0.93956,1.20,1.20
2013.12.02 13:23:45.457,0.93943,0.93958,1.20,2.03
2013.12.02 13:23:45.660,0.93944,0.93958,3.45,1.13
2013.12.02 13:23:46.292,0.93946,0.93958,1.13,3.45
2013.12.02 13:23:46.748,0.93946,0.9396,1.88,1.28
2013.12.02 13:23:47.052,0.93946,0.93956,1.13,3.00
2013.12.02 13:23:47.587,0.93945,0.93955,1.13,3.08
2013.12.02 13:23:47.840,0.93946,0.93958,1.13,1.20
2013.12.02 13:23:48.372,0.93947,0.93959,1.13,1.88
2013.12.02 13:23:48.474,0.93947,0.93959,1.13,1.88
2013.12.02 13:23:49.430,0.93945,0.93957,1.20,1.50
2013.12.02 13:23:49.481,0.93945,0.93956,1.20,1.50
2013.12.02 13:23:49.734,0.93945,0.93957,1.13,1.65
2013.12.02 13:23:50.037,0.93945,0.93954,1.13,1.50
2013.12.02 13:23:50.239,0.93942,0.93954,2.03,1.88
2013.12.02 13:23:50.290,0.93942,0.93954,2.03,1.13
2013.12.02 13:23:51.657,0.93942,0.93954,1.65,1.13
2013.12.02 13:23:52.286,0.93942,0.93954,1.65,1.13
2013.12.02 13:23:52.789,0.93941,0.93954,4.20,1.13
2013.12.02 13:23:53.152,0.93944,0.93955,1.50,1.13
2013.12.02 13:23:53.203,0.93944,0.93955,1.50,1.13
2013.12.02 13:23:53.355,0.93946,0.93958,1.50,1.13
2013.12.02 13:23:53.665,0.93947,0.93958,4.80,1.13
2013.12.02 13:23:53.767,0.9395,0.93961,1.05,1.88
2013.12.02 13:23:53.868,0.9395,0.93961,1.05,1.50
2013.12.02 13:23:54.490,0.9395,0.93961,1.73,1.50
2013.12.02 13:23:55.139,0.93952,0.93964,1.13,3.08
2013.12.02 13:23:55.342,0.93954,0.93966,1.73,4.20
2013.12.02 13:23:58.099,0.93953,0.93966,1.88,3.38
2013.12.02 13:23:58.680,0.93953,0.93966,1.13,1.58
2013.12.02 13:23:59.403,0.93952,0.93965,1.20,1.13
2013.12.02 13:24:00.355,0.93953,0.93965,1.50,1.13
2013.12.02 13:24:00.456,0.9395,0.93962,4.95,1.50
2013.12.02 13:24:00.979,0.9395,0.93962,2.03,1.50
2013.12.02 13:24:01.493,0.93952,0.93962,1.13,1.50
2013.12.02 13:24:01.966,0.9395,0.93962,1.20,2.18
2013.12.02 13:24:02.017,0.93949,0.9396,1.20,3.00
2013.12.02 13:24:02.320,0.93948,0.9396,1.13,3.08
2013.12.02 13:24:02.992,0.93945,0.93957,1.50,1.13
2013.12.02 13:24:03.093,0.93945,0.93957,1.50,1.13
2013.12.02 13:24:03.630,0.93947,0.93958,1.50,1.20
2013.12.02 13:24:03.883,0.93947,0.93959,1.88,1.28
2013.12.02 13:24:04.239,0.93949,0.93962,1.88,1.20
2013.12.02 13:24:05.836,0.93948,0.93961,1.13,2.03
2013.12.02 13:24:06.351,0.93947,0.93959,2.40,1.13
2013.12.02 13:24:06.900,0.93947,0.93959,1.65,1.13
2013.12.02 13:24:07.203,0.93948,0.9396,1.58,1.13
2013.12.02 13:24:07.507,0.9395,0.93962,2.03,1.13
2013.12.02 13:24:08.683,0.9395,0.93963,2.78,1.13
2013.12.02 13:24:09.920,0.93951,0.93964,1.20,1.50
2013.12.02 13:24:10.504,0.93951,0.93963,1.58,1.13
2013.12.02 13:24:11.224,0.93951,0.93964,1.58,1.50
2013.12.02 13:24:11.747,0.93952,0.93965,1.13,1.20
2013.12.02 13:24:11.950,0.93949,0.93959,3.75,1.50
2013.12.02 13:24:12.102,0.93947,0.93958,1.88,1.20
2013.12.02 13:24:12.152,0.93946,0.93958,2.25,1.95
2013.12.02 13:24:13.285,0.93944,0.93957,3.00,1.20
2013.12.02 13:24:14.006,0.93946,0.93959,1.13,4.20
2013.12.02 13:24:14.536,0.93947,0.93959,1.88,1.20
2013.12.02 13:24:15.925,0.93946,0.93958,1.50,3.45
2013.12.02 13:24:16.254,0.93944,0.93957,3.38,1.28
2013.12.02 13:24:16.305,0.93945,0.93958,1.13,3.45
2013.12.02 13:24:16.608,0.93946,0.93958,1.88,3.45
2013.12.02 13:24:17.165,0.93944,0.93957,3.38,1.28
2013.12.02 13:24:17.512,0.9395,0.93958,1.13,2.33
2013.12.02 13:24:17.563,0.9395,0.93961,1.13,1.65
2013.12.02 13:24:17.614,0.93948,0.9396,1.50,1.20
2013.12.02 13:24:17.665,0.93948,0.9396,2.25,1.20
2013.12.02 13:24:18.836,0.93948,0.9396,1.88,1.58
2013.12.02 13:24:19.041,0.93946,0.93959,1.20,1.20
2013.12.02 13:24:19.457,0.93945,0.93957,3.00,1.20
2013.12.02 13:24:19.970,0.93944,0.93956,1.88,1.95
2013.12.02 13:24:20.947,0.93944,0.93955,1.58,1.13
2013.12.02 13:24:21.149,0.93944,0.93956,1.65,1.13
2013.12.02 13:24:21.716,0.93944,0.93955,1.65,1.13
2013.12.02 13:24:22.038,0.93943,0.93954,3.08,1.13
2013.12.02 13:24:22.677,0.93942,0.93953,1.88,1.13
2013.12.02 13:24:22.989,0.93942,0.93952,1.50,1.13
2013.12.02 13:24:23.140,0.93939,0.93951,3.45,1.88
2013.12.02 13:24:23.443,0.93938,0.93949,1.58,1.13
2013.12.02 13:24:23.696,0.93937,0.93949,1.58,1.13
2013.12.02 13:24:24.235,0.93936,0.93949,1.65,1.13
2013.12.02 13:24:24.756,0.93936,0.93949,2.03,1.13
2013.12.02 13:24:28.607,0.93936,0.93947,2.03,1.13
2013.12.02 13:24:28.961,0.93934,0.93945,1.58,1.13
2013.12.02 13:24:29.511,0.93933,0.93945,3.15,1.13
2013.12.02 13:24:32.836,0.93932,0.93945,4.20,1.88
2013.12.02 13:24:33.341,0.93932,0.93943,1.28,1.50
2013.12.02 13:24:33.894,0.93932,0.93943,1.20,1.50
2013.12.02 13:24:35.417,0.93932,0.93943,1.20,1.50
2013.12.02 13:24:35.720,0.93933,0.93946,4.88,1.95
2013.12.02 13:24:36.074,0.93933,0.93944,1.28,1.50
2013.12.02 13:24:36.276,0.93932,0.93944,2.03,1.50
2013.12.02 13:24:36.823,0.93932,0.93944,1.58,1.88
2013.12.02 13:24:38.537,0.93932,0.93942,1.58,1.13
2013.12.02 13:24:38.993,0.9393,0.93939,1.50,1.13
2013.12.02 13:24:39.146,0.93927,0.93939,4.95,1.13
2013.12.02 13:24:39.500,0.93927,0.93939,1.20,1.13
2013.12.02 13:24:39.754,0.93927,0.93939,1.20,1.13
2013.12.02 13:24:40.045,0.93927,0.93939,1.20,1.13
2013.12.02 13:24:40.147,0.9393,0.93939,1.50,1.13
2013.12.02 13:24:40.450,0.93928,0.93935,1.50,1.13
2013.12.02 13:24:40.804,0.93925,0.93935,2.10,1.13
2013.12.02 13:24:41.309,0.93923,0.93935,2.33,1.13
2013.12.02 13:24:41.612,0.93926,0.93935,1.50,1.13
2013.12.02 13:24:42.145,0.93926,0.93935,1.50,1.88
2013.12.02 13:24:42.247,0.93923,0.93935,2.25,1.13
2013.12.02 13:24:42.299,0.93924,0.93935,1.50,1.20
2013.12.02 13:24:42.806,0.93923,0.93935,1.20,1.88
2013.12.02 13:24:43.110,0.93927,0.93938,1.88,1.20
2013.12.02 13:24:43.212,0.93925,0.93936,1.58,1.13
2013.12.02 13:24:43.263,0.93923,0.93936,4.43,1.50
2013.12.02 13:24:43.365,0.93923,0.93935,1.43,1.13
2013.12.02 13:24:43.675,0.93923,0.93934,1.80,3.00
2013.12.02 13:24:44.214,0.93923,0.93934,1.35,3.08
2013.12.02 13:24:44.316,0.93923,0.93934,1.35,3.08
2013.12.02 13:24:45.485,0.93921,0.93932,1.73,1.50
2013.12.02 13:24:45.535,0.93918,0.93929,2.70,1.50
2013.12.02 13:24:45.687,0.93917,0.93929,1.20,1.50
2013.12.02 13:24:46.157,0.93917,0.93929,2.85,2.33
2013.12.02 13:24:46.309,0.93917,0.93931,2.18,1.28
2013.12.02 13:24:46.614,0.93918,0.93931,3.30,1.13
2013.12.02 13:24:47.133,0.93919,0.93932,1.05,1.13
2013.12.02 13:24:47.184,0.93919,0.93932,1.80,1.13
2013.12.02 13:24:47.437,0.93922,0.93936,1.80,1.20
2013.12.02 13:24:47.839,0.93921,0.93934,1.65,1.50
2013.12.02 13:24:48.194,0.93919,0.93931,1.58,2.63
2013.12.02 13:24:48.579,0.93915,0.93928,2.03,1.13
2013.12.02 13:24:48.630,0.93915,0.93928,1.65,1.13
2013.12.02 13:24:48.731,0.93915,0.93928,1.65,1.13
2013.12.02 13:24:49.236,0.93914,0.93929,4.58,1.13
2013.12.02 13:24:49.388,0.93915,0.93929,1.28,1.13
2013.12.02 13:24:50.282,0.93916,0.93929,1.20,1.13
2013.12.02 13:24:50.333,0.93916,0.93929,1.20,1.88
2013.12.02 13:24:50.845,0.93914,0.93927,2.78,1.13
2013.12.02 13:24:51.378,0.93915,0.93929,3.08,1.13
2013.12.02 13:24:51.912,0.93914,0.93928,3.45,1.13
2013.12.02 13:24:52.165,0.93914,0.93929,4.20,1.95
2013.12.02 13:24:52.682,0.93914,0.93929,4.20,1.95
2013.12.02 13:24:53.188,0.93916,0.93931,4.20,1.80
2013.12.02 13:24:57.095,0.93916,0.93931,4.80,1.20
2013.12.02 13:24:57.247,0.93918,0.93931,1.20,1.20
2013.12.02 13:24:57.783,0.93919,0.93932,1.13,2.03
2013.12.02 13:24:58.354,0.93919,0.93932,1.13,1.28
2013.12.02 13:24:58.456,0.93924,0.93935,1.13,3.83
2013.12.02 13:24:58.608,0.93924,0.93936,1.13,2.40
2013.12.02 13:24:59.684,0.93923,0.93936,1.13,2.03
2013.12.02 13:25:00.095,0.93923,0.93936,1.13,2.78
2013.12.02 13:25:00.197,0.93922,0.93935,1.88,1.20
2013.12.02 13:25:00.508,0.93924,0.93937,1.73,3.08
2013.12.02 13:25:02.126,0.93927,0.93939,1.13,3.08
2013.12.02 13:25:03.047,0.93927,0.93939,1.13,2.33
2013.12.02 13:25:03.098,0.93927,0.9394,1.13,1.28
2013.12.02 13:25:04.826,0.93925,0.9394,1.95,1.65
2013.12.02 13:25:05.079,0.93924,0.93938,1.95,3.38
2013.12.02 13:25:05.715,0.93924,0.93937,1.13,1.20
2013.12.02 13:25:07.355,0.93923,0.93937,1.20,1.95
2013.12.02 13:25:08.237,0.93924,0.93937,1.13,1.95
2013.12.02 13:25:08.586,0.93924,0.93936,1.13,3.08
2013.12.02 13:25:08.939,0.93925,0.93936,1.13,3.08
2013.12.02 13:25:09.092,0.93924,0.93937,1.13,1.28
2013.12.02 13:25:09.244,0.93922,0.93937,1.95,2.03
2013.12.02 13:25:09.396,0.93925,0.93938,1.13,1.20
2013.12.02 13:25:09.917,0.93926,0.93938,1.50,1.20
2013.12.02 13:25:10.080,0.93924,0.93937,1.13,1.28
2013.12.02 13:25:10.442,0.93923,0.93937,1.95,1.28
2013.12.02 13:25:11.098,0.93923,0.93936,1.95,1.20
2013.12.02 13:25:11.351,0.93921,0.93934,1.20,3.00
2013.12.02 13:25:11.402,0.93921,0.93934,1.13,3.83
2013.12.02 13:25:11.912,0.93919,0.93934,2.48,3.83
2013.12.02 13:25:12.418,0.93923,0.93935,1.13,3.08
2013.12.02 13:25:12.723,0.93922,0.93935,1.13,1.28
2013.12.02 13:25:12.976,0.93921,0.93934,1.20,1.58
2013.12.02 13:25:14.246,0.93919,0.93934,4.95,1.95
2013.12.02 13:25:14.348,0.93919,0.93933,2.70,1.28
2013.12.02 13:25:14.803,0.93919,0.93929,1.13,3.00
2013.12.02 13:25:15.168,0.93916,0.93928,3.38,3.45
2013.12.02 13:25:15.219,0.93916,0.93927,1.88,3.08
2013.12.02 13:25:15.422,0.93912,0.93926,1.50,3.45
2013.12.02 13:25:15.624,0.93909,0.93922,2.25,1.95
2013.12.02 13:25:15.726,0.93909,0.9392,1.50,2.33
2013.12.02 13:25:16.147,0.93907,0.93919,1.50,2.33
2013.12.02 13:25:16.350,0.93904,0.93916,1.13,3.00
2013.12.02 13:25:16.653,0.93905,0.93917,1.50,2.78
2013.12.02 13:25:16.755,0.93907,0.93917,1.50,1.65
2013.12.02 13:25:16.907,0.93907,0.9392,1.50,1.28
2013.12.02 13:25:17.433,0.93905,0.93919,1.13,1.28
2013.12.02 13:25:19.171,0.93905,0.9392,1.13,3.45
2013.12.02 13:25:21.784,0.93907,0.93919,1.58,1.20
2013.12.02 13:25:22.144,0.93907,0.93919,1.58,1.13
2013.12.02 13:25:22.673,0.93905,0.93917,3.08,1.13
2013.12.02 13:25:28.997,0.93908,0.9392,1.50,1.20
2013.12.02 13:25:29.309,0.93908,0.93921,1.50,1.28
2013.12.02 13:25:29.825,0.93909,0.93922,1.58,1.13
2013.12.02 13:25:30.162,0.93911,0.93925,1.20,2.63
2013.12.02 13:25:31.908,0.93912,0.93925,1.58,2.48
2013.12.02 13:25:32.374,0.93912,0.93924,1.58,1.13
2013.12.02 13:25:32.678,0.93912,0.93924,1.50,1.20
2013.12.02 13:25:33.948,0.93912,0.93924,1.50,1.20
2013.12.02 13:25:36.259,0.93912,0.93924,1.50,1.20
2013.12.02 13:25:37.247,0.93914,0.93922,1.50,1.35
2013.12.02 13:25:37.450,0.93919,0.93931,1.13,2.70
2013.12.02 13:25:37.501,0.93919,0.93931,1.88,1.95
2013.12.02 13:25:37.804,0.93921,0.93933,1.58,1.88
2013.12.02 13:25:40.318,0.93921,0.93931,1.58,1.13
2013.12.02 13:25:40.835,0.93918,0.93931,2.03,1.50
2013.12.02 13:25:42.150,0.9392,0.93933,3.45,1.13
2013.12.02 13:25:42.782,0.93921,0.93934,4.20,2.10
2013.12.02 13:25:42.832,0.93921,0.93934,3.83,2.48
2013.12.02 13:25:43.166,0.9392,0.93933,1.58,1.13
2013.12.02 13:25:43.267,0.9392,0.93931,1.58,1.13
2013.12.02 13:25:43.787,0.93919,0.93932,1.28,1.13
2013.12.02 13:25:43.939,0.9392,0.93933,1.13,1.65
2013.12.02 13:25:44.040,0.93918,0.93931,2.33,1.13
2013.12.02 13:25:44.142,0.93917,0.93931,1.95,1.28
2013.12.02 13:25:44.688,0.93917,0.9393,1.58,1.20
2013.12.02 13:25:45.348,0.93918,0.93931,1.13,2.03
2013.12.02 13:25:45.905,0.93918,0.93929,1.13,1.13
2013.12.02 13:25:46.794,0.93917,0.93929,1.20,1.88
2013.12.02 13:25:47.149,0.93917,0.93929,1.13,1.28
2013.12.02 13:25:47.199,0.93917,0.93925,1.13,1.50
2013.12.02 13:25:49.411,0.93917,0.93926,1.13,1.50
2013.12.02 13:25:49.664,0.93918,0.93927,1.13,1.50
2013.12.02 13:25:50.018,0.93918,0.93929,1.28,1.50
2013.12.02 13:25:50.659,0.93919,0.9393,1.20,1.13
2013.12.02 13:25:51.826,0.9392,0.93932,1.13,1.58
2013.12.02 13:25:54.042,0.93921,0.93932,1.13,1.58
2013.12.02 13:25:54.561,0.93922,0.93932,1.20,1.50
2013.12.02 13:25:54.865,0.93923,0.93933,3.45,1.50
2013.12.02 13:25:55.169,0.93929,0.93937,1.13,1.50
2013.12.02 13:25:56.174,0.93929,0.93937,1.13,1.50
2013.12.02 13:25:56.275,0.93929,0.93936,1.13,1.50
2013.12.02 13:25:57.715,0.93928,0.93937,1.28,1.50
2013.12.02 13:25:57.817,0.93925,0.93936,3.08,1.50
2013.12.02 13:25:58.846,0.93931,0.93941,2.55,3.75
2013.12.02 13:25:58.896,0.93934,0.93942,1.13,1.50
2013.12.02 13:25:58.998,0.93936,0.93945,1.13,2.25
2013.12.02 13:25:59.149,0.93936,0.93946,1.28,1.50
2013.12.02 13:25:59.833,0.93941,0.93947,1.13,1.50
2013.12.02 13:25:59.987,0.93941,0.93951,1.13,1.50
2013.12.02 13:26:00.088,0.93941,0.93952,1.13,1.50
2013.12.02 13:26:00.573,0.93943,0.93953,1.13,1.50
2013.12.02 13:26:00.877,0.93945,0.93954,1.13,1.50
2013.12.02 13:26:01.096,0.93945,0.93955,1.13,2.25
2013.12.02 13:26:01.198,0.93941,0.93954,1.28,1.88
2013.12.02 13:26:01.400,0.93943,0.9395,1.13,1.50
2013.12.02 13:26:02.350,0.93939,0.9395,1.65,1.88
2013.12.02 13:26:03.117,0.93937,0.93949,1.28,1.13
2013.12.02 13:26:05.979,0.93937,0.9395,3.83,1.50
2013.12.02 13:26:09.217,0.93937,0.93948,3.83,1.50
2013.12.02 13:26:09.369,0.93937,0.93949,1.20,1.50
2013.12.02 13:26:09.983,0.93937,0.93948,1.13,1.50
2013.12.02 13:26:12.190,0.93935,0.93948,3.83,1.88
2013.12.02 13:26:14.087,0.93935,0.93947,1.13,1.88
2013.12.02 13:26:18.894,0.93935,0.93947,2.70,1.88
2013.12.02 13:26:19.905,0.93937,0.93947,2.33,1.88
2013.12.02 13:26:21.249,0.93937,0.93947,3.00,1.88
2013.12.02 13:26:21.754,0.93937,0.93947,3.08,1.13
2013.12.02 13:26:25.105,0.93935,0.93947,3.45,3.00
2013.12.02 13:26:25.409,0.93942,0.93947,2.10,1.50
2013.12.02 13:26:25.459,0.93946,0.93952,2.33,3.53
2013.12.02 13:26:25.510,0.93948,0.93955,2.33,1.88
2013.12.02 13:26:25.763,0.93949,0.93958,1.28,2.25
2013.12.02 13:26:25.965,0.9395,0.93958,1.20,2.25
2013.12.02 13:26:26.167,0.9395,0.93958,3.45,2.25
2013.12.02 13:26:28.973,0.9395,0.93958,1.28,1.50
2013.12.02 13:26:31.298,0.9395,0.93958,1.28,1.50
2013.12.02 13:26:32.813,0.9395,0.93958,1.20,1.50
2013.12.02 13:26:34.580,0.9395,0.93957,1.20,1.50
2013.12.02 13:26:34.908,0.93948,0.93957,3.45,1.50
2013.12.02 13:26:35.114,0.93949,0.93956,1.28,1.50
2013.12.02 13:26:35.166,0.93951,0.93956,2.18,1.50
2013.12.02 13:26:35.369,0.93953,0.93964,1.28,1.50
2013.12.02 13:26:35.470,0.93955,0.93965,1.13,1.50
2013.12.02 13:26:35.672,0.93956,0.93965,1.20,1.50
2013.12.02 13:26:35.976,0.93958,0.93966,1.20,1.50
2013.12.02 13:26:36.326,0.93957,0.93966,1.28,1.50
2013.12.02 13:26:36.428,0.93958,0.93967,1.13,1.50
2013.12.02 13:26:36.680,0.93957,0.93967,1.88,1.50
2013.12.02 13:26:37.236,0.93957,0.93968,1.88,1.50
2013.12.02 13:26:37.771,0.93954,0.93966,3.45,1.50
2013.12.02 13:26:38.364,0.93956,0.93968,2.33,1.13
2013.12.02 13:26:39.349,0.93956,0.93968,1.58,1.13
2013.12.02 13:26:39.551,0.93957,0.93968,3.08,1.13
2013.12.02 13:26:39.652,0.93957,0.93967,3.08,1.50
2013.12.02 13:26:40.322,0.93959,0.9397,1.80,1.50
2013.12.02 13:26:40.372,0.93964,0.93972,2.25,1.13
2013.12.02 13:26:40.525,0.93961,0.93973,1.58,2.25
2013.12.02 13:26:40.727,0.93962,0.93974,1.13,1.58
2013.12.02 13:26:42.477,0.93967,0.93976,2.10,3.83
2013.12.02 13:26:42.730,0.93973,0.9398,1.50,1.35
2013.12.02 13:26:42.781,0.93972,0.9398,1.50,1.43
2013.12.02 13:26:42.832,0.93968,0.93977,1.13,1.13
2013.12.02 13:26:42.883,0.93968,0.93978,1.13,1.73
2013.12.02 13:26:43.238,0.93963,0.93975,1.20,1.35
2013.12.02 13:26:43.643,0.93968,0.93976,1.88,1.73
2013.12.02 13:26:43.745,0.93968,0.9398,4.13,3.75
2013.12.02 13:26:43.846,0.93969,0.93982,1.65,1.50
2013.12.02 13:26:43.998,0.93969,0.93982,2.40,1.13
2013.12.02 13:26:44.200,0.93971,0.93982,1.88,1.35
2013.12.02 13:26:44.453,0.93972,0.93984,1.20,1.50
2013.12.02 13:26:44.776,0.9397,0.9398,1.65,1.35
2013.12.02 13:26:44.827,0.93968,0.93979,3.00,1.58
2013.12.02 13:26:44.878,0.93966,0.93979,3.45,1.95
2013.12.02 13:26:45.029,0.9397,0.93981,1.13,1.58
2013.12.02 13:26:45.131,0.9397,0.93983,1.20,1.50
2013.12.02 13:26:45.232,0.93971,0.93983,1.13,1.13
2013.12.02 13:26:45.563,0.93972,0.93984,1.50,1.95
2013.12.02 13:26:45.880,0.9397,0.93982,3.83,2.48
2013.12.02 13:26:46.083,0.93967,0.93979,1.58,1.73
2013.12.02 13:26:46.184,0.93967,0.93979,1.58,2.48
2013.12.02 13:26:46.285,0.93975,0.93982,1.13,3.68
2013.12.02 13:26:46.539,0.93983,0.9399,4.20,1.50
2013.12.02 13:26:46.640,0.93984,0.93995,1.28,1.50
2013.12.02 13:26:46.742,0.93984,0.93997,1.28,1.35
2013.12.02 13:26:46.970,0.93985,0.93996,1.50,1.20
2013.12.02 13:26:47.955,0.93983,0.93995,2.25,1.20
2013.12.02 13:26:49.584,0.93983,0.93994,1.50,1.50
2013.12.02 13:26:49.836,0.93983,0.93991,1.50,1.50
2013.12.02 13:26:50.039,0.93983,0.93991,2.25,2.63
2013.12.02 13:26:50.141,0.93986,0.93994,2.25,1.50
2013.12.02 13:26:50.192,0.93987,0.93995,1.13,1.50
2013.12.02 13:26:51.393,0.93987,0.93997,1.28,1.50
2013.12.02 13:26:51.676,0.93987,0.93997,1.28,1.50
2013.12.02 13:26:52.028,0.93986,0.93994,1.58,1.13
2013.12.02 13:26:52.179,0.93984,0.93994,1.50,1.13
2013.12.02 13:26:52.726,0.93983,0.93994,1.58,1.50
2013.12.02 13:26:52.928,0.93985,0.93997,1.65,1.50
2013.12.02 13:26:52.979,0.93985,0.93998,2.40,1.13
2013.12.02 13:26:53.030,0.93988,0.93999,2.70,1.50
2013.12.02 13:26:53.081,0.93988,0.94,2.70,1.50
2013.12.02 13:26:53.334,0.93991,0.94002,1.20,1.50
2013.12.02 13:26:53.587,0.93992,0.94004,1.13,1.58
2013.12.02 13:26:53.937,0.93992,0.94004,1.13,2.33
2013.12.02 13:26:53.988,0.93992,0.94004,1.13,2.33
2013.12.02 13:26:54.493,0.93989,0.94001,1.50,1.65
2013.12.02 13:26:54.868,0.93987,0.93999,2.63,3.00
2013.12.02 13:26:54.970,0.93987,0.93998,2.63,1.20
2013.12.02 13:26:55.087,0.93987,0.93998,1.88,1.58
2013.12.02 13:26:55.542,0.93987,0.93998,1.88,1.58
2013.12.02 13:26:55.744,0.93987,0.93998,1.95,1.58
2013.12.02 13:26:55.845,0.93989,0.93999,1.13,3.00
2013.12.02 13:26:56.251,0.93988,0.93997,1.13,1.50
2013.12.02 13:26:56.403,0.93984,0.93996,1.50,1.28
2013.12.02 13:26:56.558,0.93984,0.93996,1.88,3.83
2013.12.02 13:26:56.609,0.93984,0.93995,1.95,3.00
2013.12.02 13:26:56.660,0.93984,0.93995,2.70,2.93
2013.12.02 13:26:57.166,0.93989,0.94,1.13,1.58
2013.12.02 13:26:57.671,0.93989,0.93999,1.13,2.25
2013.12.02 13:26:58.022,0.93989,0.93999,1.13,2.25
2013.12.02 13:26:58.124,0.93987,0.93999,2.63,1.50
2013.12.02 13:26:58.646,0.93987,0.93999,1.88,1.50
2013.12.02 13:26:58.918,0.93987,0.93999,1.13,1.50
2013.12.02 13:26:59.272,0.93986,0.93999,2.70,1.50
2013.12.02 13:26:59.916,0.93986,0.93999,2.70,1.50
2013.12.02 13:27:00.220,0.93986,0.93997,1.20,1.50
2013.12.02 13:27:00.372,0.93983,0.93996,1.13,1.65
2013.12.02 13:27:00.524,0.93982,0.93996,2.03,1.58
2013.12.02 13:27:00.979,0.93982,0.93996,2.03,2.55
2013.12.02 13:27:01.080,0.93982,0.93996,2.63,4.43
2013.12.02 13:27:01.131,0.93982,0.93996,2.70,1.65
2013.12.02 13:27:01.645,0.93985,0.93998,1.13,1.65
2013.12.02 13:27:01.847,0.93985,0.93998,1.13,3.83
2013.12.02 13:27:02.350,0.93985,0.93998,1.13,4.58
2013.12.02 13:27:02.915,0.93983,0.93998,2.25,4.58
2013.12.02 13:27:03.541,0.93983,0.93998,2.25,4.58
2013.12.02 13:27:04.051,0.93982,0.93995,1.95,1.50
2013.12.02 13:27:04.595,0.93982,0.93994,1.13,3.08
2013.12.02 13:27:04.920,0.9398,0.93994,2.63,3.08
2013.12.02 13:27:05.402,0.93979,0.93988,1.13,1.50
2013.12.02 13:27:05.505,0.93977,0.93988,1.13,1.58
2013.12.02 13:27:05.606,0.93975,0.93988,1.48,1.20
2013.12.02 13:27:06.020,0.93978,0.93989,1.50,2.03
2013.12.02 13:27:06.122,0.93979,0.9399,1.48,1.50
2013.12.02 13:27:06.627,0.93979,0.93991,1.13,1.13
2013.12.02 13:27:07.143,0.93979,0.93992,2.61,2.25
2013.12.02 13:27:07.345,0.93981,0.93993,2.23,1.65
2013.12.02 13:27:07.875,0.93983,0.93995,1.13,3.83
2013.12.02 13:27:09.714,0.93985,0.93995,1.13,3.08
2013.12.02 13:27:09.968,0.93986,0.93997,1.13,3.08
2013.12.02 13:27:12.046,0.93983,0.93997,1.73,4.20
2013.12.02 13:27:12.578,0.93984,0.93997,1.13,4.20
2013.12.02 13:27:13.364,0.93985,0.93996,3.08,1.13
2013.12.02 13:27:13.467,0.93985,0.93997,4.20,1.13
2013.12.02 13:27:14.151,0.93985,0.93997,1.13,1.28
2013.12.02 13:27:14.724,0.93985,0.93997,1.13,1.28
2013.12.02 13:27:15.634,0.93985,0.93997,2.25,1.28
2013.12.02 13:27:16.039,0.93986,0.93998,4.11,1.20
2013.12.02 13:27:16.444,0.93987,0.94,3.83,1.88
2013.12.02 13:27:16.596,0.93987,0.93999,4.20,1.13
2013.12.02 13:27:16.901,0.9399,0.94002,1.86,1.95
2013.12.02 13:27:17.053,0.93991,0.94002,1.11,1.20
2013.12.02 13:27:17.953,0.93991,0.94004,1.48,2.03
2013.12.02 13:27:18.055,0.93991,0.94004,1.48,2.03
2013.12.02 13:27:18.157,0.9399,0.94003,2.23,1.20
2013.12.02 13:27:18.461,0.93989,0.94001,3.36,2.70
2013.12.02 13:27:18.793,0.9399,0.94001,1.11,1.95
2013.12.02 13:27:19.317,0.93991,0.94002,1.86,1.28
2013.12.02 13:27:20.543,0.9399,0.94003,2.23,4.20
2013.12.02 13:27:21.142,0.9399,0.94003,2.23,4.20
2013.12.02 13:27:21.682,0.9399,0.94003,1.56,1.58
2013.12.02 13:27:22.183,0.93993,0.94003,1.50,1.65
2013.12.02 13:27:22.284,0.93993,0.94004,4.11,3.00
2013.12.02 13:27:22.335,0.93994,0.94005,1.28,1.50
2013.12.02 13:27:22.588,0.93995,0.94008,2.31,1.58
2013.12.02 13:27:22.892,0.94,0.9401,1.13,1.58
2013.12.02 13:27:23.404,0.94,0.94015,1.48,2.78
2013.12.02 13:27:23.853,0.94002,0.94014,1.13,1.65
2013.12.02 13:27:24.358,0.94001,0.94013,1.13,3.08
2013.12.02 13:27:24.661,0.94,0.94011,1.13,3.08
2013.12.02 13:27:24.990,0.93997,0.94009,1.13,1.43
2013.12.02 13:27:25.243,0.93995,0.94008,1.88,1.28
2013.12.02 13:27:25.809,0.93994,0.94006,1.13,1.58
2013.12.02 13:27:25.860,0.93996,0.94006,1.13,1.58
2013.12.02 13:27:25.961,0.93996,0.94008,1.13,1.50
2013.12.02 13:27:26.366,0.93996,0.94009,1.13,2.55
2013.12.02 13:27:26.669,0.93996,0.94007,1.13,1.65
2013.12.02 13:27:26.929,0.93993,0.94006,1.13,3.08
2013.12.02 13:27:27.030,0.93993,0.94006,1.13,3.08
2013.12.02 13:27:27.784,0.93993,0.94006,1.13,3.08
2013.12.02 13:27:28.331,0.93993,0.94006,1.88,1.65
2013.12.02 13:27:28.866,0.93993,0.94006,1.88,2.40
2013.12.02 13:27:29.432,0.93993,0.94006,1.88,1.65
2013.12.02 13:27:29.766,0.93993,0.94006,1.88,1.65
2013.12.02 13:27:30.286,0.93994,0.94006,1.50,1.65
2013.12.02 13:27:30.824,0.93991,0.94003,1.13,3.08
2013.12.02 13:27:30.875,0.9399,0.94003,2.25,2.03
2013.12.02 13:27:31.034,0.9399,0.94,1.13,1.58
2013.12.02 13:27:31.337,0.93984,0.93997,2.70,1.50
2013.12.02 13:27:31.853,0.93983,0.93997,1.28,1.95
2013.12.02 13:27:32.359,0.93982,0.93994,1.88,1.58
2013.12.02 13:27:32.894,0.93982,0.93994,1.88,1.58
2013.12.02 13:27:33.629,0.93981,0.93992,1.13,1.50
2013.12.02 13:27:34.134,0.9398,0.93992,2.40,1.50
2013.12.02 13:27:34.185,0.9398,0.93995,3.90,2.40
2013.12.02 13:27:34.488,0.93985,0.93995,4.88,1.50
2013.12.02 13:27:34.994,0.93986,0.93995,1.20,1.50
2013.12.02 13:27:35.198,0.93986,0.93999,1.95,2.48
2013.12.02 13:27:35.552,0.93986,0.93998,1.13,2.63
2013.12.02 13:27:36.007,0.93983,0.93996,1.95,1.28
2013.12.02 13:27:36.108,0.93983,0.93996,1.88,1.65
2013.12.02 13:27:38.144,0.93984,0.93997,1.13,4.58
2013.12.02 13:27:38.694,0.93983,0.93996,1.88,1.28
2013.12.02 13:27:39.246,0.93983,0.93994,1.13,1.50
2013.12.02 13:27:40.385,0.93981,0.93993,1.88,1.58
2013.12.02 13:27:40.436,0.93981,0.93993,1.88,1.65
2013.12.02 13:27:40.740,0.93981,0.93993,1.88,1.65
2013.12.02 13:27:41.050,0.9398,0.9399,1.13,1.58
2013.12.02 13:27:41.152,0.93978,0.9399,2.25,1.65
2013.12.02 13:27:41.253,0.93978,0.9399,2.25,1.65
2013.12.02 13:27:41.354,0.93978,0.93988,1.88,1.13
2013.12.02 13:27:41.456,0.93976,0.93988,1.58,1.88
2013.12.02 13:27:41.735,0.93974,0.93986,1.58,1.13
2013.12.02 13:27:41.887,0.93973,0.93986,2.70,1.95
2013.12.02 13:27:42.424,0.93973,0.93986,2.70,1.20
2013.12.02 13:27:42.475,0.93973,0.93986,1.50,3.38
2013.12.02 13:27:42.627,0.93972,0.93985,1.13,2.03
2013.12.02 13:27:43.205,0.93973,0.93985,1.13,1.28
2013.12.02 13:27:43.586,0.93973,0.93985,1.13,1.28
2013.12.02 13:27:43.789,0.93973,0.93985,1.88,1.28
2013.12.02 13:27:44.204,0.93977,0.93986,1.13,3.83
2013.12.02 13:27:44.664,0.93977,0.93989,2.70,1.13
2013.12.02 13:27:44.817,0.93977,0.93989,2.70,1.88
2013.12.02 13:27:45.024,0.93977,0.93989,2.63,1.20
2013.12.02 13:27:45.537,0.93977,0.93989,1.50,1.65
2013.12.02 13:27:45.722,0.93976,0.93988,1.50,1.20
2013.12.02 13:27:46.264,0.93975,0.93988,1.88,4.20
2013.12.02 13:27:46.658,0.93975,0.93986,1.13,3.00
2013.12.02 13:27:47.174,0.93973,0.93986,1.88,3.08
2013.12.02 13:27:47.497,0.93973,0.93986,1.88,3.08
2013.12.02 13:27:48.102,0.93972,0.93985,1.88,1.65
2013.12.02 13:27:48.662,0.93972,0.93983,1.13,3.00
2013.12.02 13:27:48.966,0.9397,0.93979,1.50,3.00
2013.12.02 13:27:49.270,0.93967,0.93981,2.85,1.65
2013.12.02 13:27:49.472,0.9397,0.93981,1.13,1.58
2013.12.02 13:27:49.624,0.93972,0.93984,1.58,1.95
2013.12.02 13:27:49.850,0.93975,0.93988,1.20,1.50
2013.12.02 13:27:50.002,0.93975,0.93988,1.20,1.88
2013.12.02 13:27:50.204,0.93975,0.93987,1.13,2.40
2013.12.02 13:27:50.926,0.93975,0.93987,1.88,1.65
2013.12.02 13:27:51.043,0.93975,0.93987,1.20,2.33
2013.12.02 13:27:51.147,0.93975,0.93987,1.13,2.33
2013.12.02 13:27:52.125,0.93974,0.93987,1.88,2.70
2013.12.02 13:27:52.642,0.93974,0.93985,1.13,1.50
2013.12.02 13:27:54.076,0.93973,0.93985,2.18,1.88
2013.12.02 13:27:56.382,0.93974,0.93985,1.13,1.50
2013.12.02 13:27:59.763,0.93973,0.93985,2.18,1.13
2013.12.02 13:28:00.328,0.93973,0.93985,2.18,1.13
2013.12.02 13:28:00.844,0.93973,0.93985,1.43,1.88
2013.12.02 13:28:05.059,0.93972,0.93984,1.58,1.13
2013.12.02 13:28:09.040,0.93971,0.93983,1.88,1.95
2013.12.02 13:28:09.961,0.93971,0.93983,1.13,1.95
2013.12.02 13:28:10.522,0.93971,0.93983,1.13,1.95
2013.12.02 13:28:11.036,0.93968,0.93981,4.20,1.88
2013.12.02 13:28:11.545,0.93968,0.93981,3.83,1.88
2013.12.02 13:28:13.787,0.93968,0.9398,4.50,1.13
2013.12.02 13:28:13.838,0.93968,0.9398,2.25,1.20
2013.12.02 13:28:14.583,0.93968,0.93979,1.58,1.13
2013.12.02 13:28:15.431,0.93967,0.9398,2.55,2.63
2013.12.02 13:28:15.932,0.93968,0.9398,1.13,2.33
2013.12.02 13:28:19.757,0.93967,0.9398,1.73,2.70
2013.12.02 13:28:20.283,0.93968,0.9398,1.13,1.58
2013.12.02 13:28:21.603,0.93968,0.93979,1.58,1.13
2013.12.02 13:28:22.804,0.93968,0.9398,1.88,2.40
2013.12.02 13:28:23.379,0.9397,0.93981,2.48,1.20
2013.12.02 13:28:25.580,0.9397,0.93983,1.73,3.83
2013.12.02 13:28:25.773,0.9397,0.93983,1.73,4.20
2013.12.02 13:28:27.124,0.93971,0.93983,1.73,4.20
2013.12.02 13:28:27.621,0.93971,0.93981,1.13,1.58
2013.12.02 13:28:28.246,0.93968,0.93979,1.58,1.13
2013.12.02 13:28:28.762,0.93964,0.93976,4.58,1.13
2013.12.02 13:28:31.740,0.93964,0.93976,1.20,1.13
2013.12.02 13:28:32.186,0.93963,0.93976,1.35,1.20
2013.12.02 13:28:33.253,0.93963,0.93976,2.10,1.20
2013.12.02 13:28:38.053,0.93964,0.93977,1.50,2.03
2013.12.02 13:28:41.670,0.93963,0.93977,2.33,1.28
2013.12.02 13:28:42.402,0.93963,0.93977,2.33,1.28
2013.12.02 13:28:42.923,0.93963,0.93975,1.58,1.13
2013.12.02 13:28:42.974,0.93963,0.93975,1.58,1.13
2013.12.02 13:28:43.076,0.93961,0.93974,1.65,1.13
2013.12.02 13:28:43.178,0.9396,0.93973,1.50,1.28
2013.12.02 13:28:43.229,0.9396,0.93972,1.50,1.20
2013.12.02 13:28:43.279,0.93958,0.93969,3.83,1.13
2013.12.02 13:28:43.330,0.93958,0.93969,3.83,1.13
2013.12.02 13:28:43.482,0.93958,0.9397,3.83,1.13
2013.12.02 13:28:43.583,0.93959,0.9397,3.45,1.13
2013.12.02 13:28:44.173,0.9396,0.93971,3.08,1.13
2013.12.02 13:28:45.582,0.9396,0.93971,3.08,1.13
2013.12.02 13:28:46.374,0.9396,0.93971,3.08,1.13
2013.12.02 13:28:47.053,0.9396,0.93971,3.83,1.13
2013.12.02 13:28:47.912,0.93961,0.93972,3.08,1.13
2013.12.02 13:28:48.247,0.93961,0.93973,3.45,1.50
2013.12.02 13:28:49.015,0.93963,0.93974,3.08,1.88
2013.12.02 13:28:49.419,0.93966,0.93976,3.08,1.13
2013.12.02 13:28:51.202,0.93964,0.93974,3.08,1.13
2013.12.02 13:28:54.480,0.93964,0.93976,3.08,1.13
2013.12.02 13:28:55.024,0.93964,0.93977,3.45,1.88
2013.12.02 13:28:55.550,0.93965,0.93978,1.28,1.13
2013.12.02 13:28:58.572,0.93967,0.93979,1.13,2.25
2013.12.02 13:28:59.690,0.93967,0.93979,1.13,2.33
2013.12.02 13:29:00.208,0.93967,0.93977,1.13,1.65
2013.12.02 13:29:00.771,0.93964,0.93977,1.13,2.40
2013.12.02 13:29:01.076,0.93964,0.93976,1.13,1.58
2013.12.02 13:29:02.024,0.93966,0.93973,1.13,1.50
2013.12.02 13:29:02.568,0.93966,0.93973,1.13,1.50
2013.12.02 13:29:04.744,0.93966,0.93975,1.13,1.50
2013.12.02 13:29:04.896,0.93966,0.93975,1.13,1.50
2013.12.02 13:29:05.613,0.93966,0.93975,1.20,1.50
2013.12.02 13:29:06.159,0.93966,0.93975,1.13,1.50
2013.12.02 13:29:06.611,0.93966,0.93977,1.13,1.28
2013.12.02 13:29:06.814,0.9397,0.9398,1.13,1.50
2013.12.02 13:29:06.966,0.93972,0.93983,1.88,1.50
2013.12.02 13:29:07.118,0.93972,0.93983,2.25,1.50
2013.12.02 13:29:07.592,0.93972,0.93983,2.63,1.50
2013.12.02 13:29:08.118,0.93972,0.93983,2.63,1.58
2013.12.02 13:29:08.270,0.93972,0.93983,2.63,1.50
2013.12.02 13:29:09.277,0.93972,0.93981,2.63,1.50
2013.12.02 13:29:09.378,0.93972,0.9398,1.13,1.13
2013.12.02 13:29:09.784,0.93969,0.93977,1.13,1.50
2013.12.02 13:29:10.293,0.93969,0.93977,1.13,1.50
2013.12.02 13:29:10.596,0.93971,0.93977,1.13,1.50
2013.12.02 13:29:10.866,0.93972,0.9398,1.13,1.50
2013.12.02 13:29:11.516,0.93972,0.93984,1.13,1.65
2013.12.02 13:29:11.718,0.93972,0.93984,1.20,1.58
2013.12.02 13:29:12.245,0.93975,0.93986,1.13,1.50
2013.12.02 13:29:13.466,0.93977,0.93985,1.13,1.50
2013.12.02 13:29:13.517,0.93977,0.93986,1.13,1.50
2013.12.02 13:29:16.233,0.93972,0.93983,3.45,1.50
2013.12.02 13:29:16.538,0.93971,0.93978,1.13,1.50
2013.12.02 13:29:17.145,0.93972,0.93981,1.13,1.50
2013.12.02 13:29:17.794,0.93971,0.9398,1.13,1.50
2013.12.02 13:29:18.381,0.9397,0.93979,1.13,1.50
2013.12.02 13:29:18.685,0.93967,0.93976,2.63,1.50
2013.12.02 13:29:18.786,0.93967,0.93976,2.63,1.50
2013.12.02 13:29:19.653,0.93969,0.93976,1.13,1.50
2013.12.02 13:29:24.163,0.9397,0.93979,1.13,1.50
2013.12.02 13:29:24.732,0.9397,0.93979,1.13,1.50
2013.12.02 13:29:24.980,0.93971,0.93979,1.13,1.50
2013.12.02 13:29:26.513,0.93972,0.93981,1.13,1.50
2013.12.02 13:29:26.828,0.93974,0.93983,1.13,1.50
2013.12.02 13:29:32.303,0.93975,0.93985,1.13,1.88
2013.12.02 13:29:32.819,0.93975,0.93985,1.13,1.50
2013.12.02 13:29:34.665,0.93975,0.93985,1.13,1.20
2013.12.02 13:29:34.880,0.93975,0.93982,1.13,1.50
2013.12.02 13:29:35.031,0.93974,0.93982,1.13,1.50
2013.12.02 13:29:35.082,0.93974,0.93981,1.13,1.50
2013.12.02 13:29:36.321,0.93975,0.93981,1.13,1.50
2013.12.02 13:29:37.961,0.93973,0.93981,1.13,1.50
2013.12.02 13:29:38.063,0.93973,0.93981,1.13,1.50
2013.12.02 13:29:39.145,0.93973,0.93979,1.13,1.50
2013.12.02 13:29:41.473,0.9397,0.93979,1.13,1.50
2013.12.02 13:29:42.340,0.9397,0.93978,1.13,1.50
2013.12.02 13:29:42.391,0.93969,0.93976,1.13,2.25
2013.12.02 13:29:42.442,0.93966,0.93976,1.13,2.25
2013.12.02 13:29:42.493,0.93967,0.93976,1.13,2.63
2013.12.02 13:29:42.650,0.93962,0.93974,1.88,2.25
2013.12.02 13:29:42.801,0.93962,0.93974,1.88,2.25
2013.12.02 13:29:43.305,0.93962,0.93971,1.88,1.50
2013.12.02 13:29:44.669,0.93963,0.93974,1.73,1.65
2013.12.02 13:29:44.721,0.93968,0.93974,1.13,1.58
2013.12.02 13:29:44.771,0.93968,0.93978,1.13,2.70
2013.12.02 13:29:44.873,0.93966,0.93978,5.48,2.70
2013.12.02 13:29:44.924,0.93968,0.93978,1.35,1.58
2013.12.02 13:29:45.227,0.9397,0.93981,1.13,1.58
2013.12.02 13:29:45.889,0.93968,0.9398,1.95,2.25
2013.12.02 13:29:45.941,0.93968,0.93979,1.20,1.50
2013.12.02 13:29:45.993,0.93968,0.93978,1.05,2.33
2013.12.02 13:29:46.498,0.93966,0.93978,3.60,1.65
2013.12.02 13:29:46.549,0.93966,0.93978,3.60,1.65
2013.12.02 13:29:47.741,0.93966,0.93978,1.50,1.65
2013.12.02 13:29:47.842,0.93966,0.93978,1.88,1.65
2013.12.02 13:29:48.406,0.93966,0.93978,1.88,1.65
2013.12.02 13:29:49.022,0.93967,0.93978,1.43,1.50
2013.12.02 13:29:49.782,0.93967,0.93978,1.43,1.88
2013.12.02 13:29:50.330,0.93966,0.93978,1.88,2.33
2013.12.02 13:29:50.482,0.93966,0.93978,2.70,1.50
2013.12.02 13:29:51.002,0.93966,0.93978,2.70,2.25
2013.12.02 13:29:51.711,0.93969,0.93978,1.13,2.25
2013.12.02 13:29:51.988,0.93969,0.9398,1.88,1.58
2013.12.02 13:29:52.223,0.93973,0.93981,1.13,1.50
2013.12.02 13:29:52.375,0.93973,0.93981,1.13,1.50
2013.12.02 13:29:52.988,0.93971,0.93981,1.13,1.50
2013.12.02 13:29:54.738,0.93971,0.93982,1.13,1.50
2013.12.02 13:29:54.890,0.93973,0.93984,1.13,1.95
2013.12.02 13:29:55.396,0.93975,0.93984,1.13,1.88
2013.12.02 13:29:55.548,0.93977,0.93987,1.13,1.88
2013.12.02 13:29:56.120,0.93977,0.93987,1.13,1.13
2013.12.02 13:29:56.641,0.93977,0.93986,1.13,1.58
2013.12.02 13:29:58.369,0.93976,0.93986,1.13,1.88
2013.12.02 13:29:58.899,0.93977,0.93987,1.88,1.13
2013.12.02 13:29:59.681,0.93977,0.93988,1.88,1.95
2013.12.02 13:30:00.703,0.93977,0.93987,1.88,1.88
2013.12.02 13:30:01.237,0.93977,0.93988,1.13,1.95
2013.12.02 13:30:02.681,0.93977,0.93986,1.13,1.50
2013.12.02 13:30:02.783,0.93976,0.93986,1.13,1.88
2013.12.02 13:30:03.102,0.93974,0.93985,1.95,1.13
2013.12.02 13:30:03.732,0.93974,0.93984,1.88,1.13
2013.12.02 13:30:04.214,0.93974,0.93986,2.70,2.70
2013.12.02 13:30:04.731,0.93977,0.93987,1.13,3.00
2013.12.02 13:30:05.251,0.93977,0.93986,1.13,1.50
2013.12.02 13:30:05.896,0.93977,0.93989,1.95,2.63
2013.12.02 13:30:06.402,0.93977,0.93989,1.95,2.25
2013.12.02 13:30:07.084,0.93977,0.93989,1.95,1.50
2013.12.02 13:30:08.609,0.9398,0.9399,1.13,1.58
2013.12.02 13:30:09.169,0.9398,0.9399,1.13,1.88
2013.12.02 13:30:09.704,0.93979,0.9399,1.58,2.63
2013.12.02 13:30:09.856,0.93977,0.93988,1.50,1.88
2013.12.02 13:30:10.353,0.93975,0.93986,4.13,1.13
2013.12.02 13:30:10.406,0.93975,0.93986,1.13,1.13
2013.12.02 13:30:10.990,0.93974,0.93985,1.13,1.13
2013.12.02 13:30:11.782,0.93975,0.93985,1.13,1.13
2013.12.02 13:30:12.301,0.93975,0.93986,1.13,1.20
2013.12.02 13:30:13.119,0.93976,0.93987,1.13,2.40
2013.12.02 13:30:13.761,0.93975,0.93987,1.13,2.40
2013.12.02 13:30:17.563,0.93972,0.93984,2.40,1.13
2013.12.02 13:30:18.611,0.93974,0.93982,1.50,1.88
2013.12.02 13:30:18.763,0.93972,0.93981,1.50,1.13
2013.12.02 13:30:19.306,0.93972,0.9398,1.50,1.13
2013.12.02 13:30:19.812,0.93972,0.93981,1.50,1.13
2013.12.02 13:30:20.203,0.93973,0.93984,1.20,1.13
2013.12.02 13:30:20.304,0.93976,0.93985,1.13,2.63
2013.12.02 13:30:20.557,0.93979,0.9399,1.95,3.00
2013.12.02 13:30:20.608,0.9398,0.9399,1.50,3.00
2013.12.02 13:30:20.912,0.93977,0.93991,4.95,1.88
2013.12.02 13:30:21.318,0.9398,0.93991,1.50,1.88
2013.12.02 13:30:21.879,0.9398,0.93991,1.88,1.88
2013.12.02 13:30:23.057,0.93979,0.9399,1.95,1.50
2013.12.02 13:30:23.411,0.93979,0.93989,1.20,1.88
2013.12.02 13:30:23.462,0.93979,0.93989,1.20,2.63
2013.12.02 13:30:23.815,0.93978,0.93986,1.13,1.50
2013.12.02 13:30:23.916,0.93978,0.93986,1.13,2.25
2013.12.02 13:30:24.068,0.93977,0.93986,1.13,2.63
2013.12.02 13:30:24.726,0.93979,0.93986,1.13,1.50
2013.12.02 13:30:24.829,0.9398,0.93989,1.13,1.95
2013.12.02 13:30:25.082,0.93982,0.93992,1.50,1.88
2013.12.02 13:30:25.183,0.93983,0.93994,1.13,2.25
2013.12.02 13:30:25.285,0.93983,0.93992,1.13,2.63
2013.12.02 13:30:25.487,0.93982,0.9399,1.50,1.88
2013.12.02 13:30:25.690,0.93979,0.93988,3.45,1.13
2013.12.02 13:30:25.902,0.93979,0.93988,2.55,1.13
2013.12.02 13:30:26.122,0.93977,0.93988,1.50,1.50
2013.12.02 13:30:26.375,0.93975,0.93988,3.15,1.50
2013.12.02 13:30:27.043,0.93977,0.93988,1.13,1.95
2013.12.02 13:30:27.465,0.93975,0.93986,1.88,1.13
2013.12.02 13:30:27.631,0.93975,0.93986,1.88,1.13
2013.12.02 13:30:28.140,0.93975,0.93987,1.88,3.08
2013.12.02 13:30:28.624,0.93975,0.93986,1.88,2.33
2013.12.02 13:30:28.725,0.93972,0.93985,1.95,2.33
2013.12.02 13:30:28.877,0.93972,0.93982,1.13,1.50
2013.12.02 13:30:29.188,0.93969,0.93981,1.13,3.83
2013.12.02 13:30:29.781,0.93969,0.9398,1.13,1.65
2013.12.02 13:30:30.262,0.9397,0.93981,1.13,3.83
2013.12.02 13:30:31.662,0.9397,0.93981,1.13,1.58
2013.12.02 13:30:32.033,0.93968,0.93978,1.13,1.65
2013.12.02 13:30:32.386,0.93966,0.93977,1.13,2.40
2013.12.02 13:30:32.437,0.93966,0.93977,1.13,2.78
2013.12.02 13:30:32.488,0.93964,0.93975,1.88,1.50
2013.12.02 13:30:32.791,0.93961,0.93972,1.13,2.40
2013.12.02 13:30:33.377,0.9396,0.93971,1.88,1.20
2013.12.02 13:30:33.922,0.9396,0.9397,1.88,1.13
2013.12.02 13:30:34.440,0.9396,0.93972,1.88,3.53
2013.12.02 13:30:34.990,0.93961,0.93972,1.20,1.50
2013.12.02 13:30:35.294,0.93964,0.93975,1.20,2.63
2013.12.02 13:30:35.344,0.93965,0.93975,1.13,1.88
2013.12.02 13:30:37.281,0.93965,0.93975,1.13,1.20
2013.12.02 13:30:37.433,0.93962,0.93973,1.95,1.13
2013.12.02 13:30:37.737,0.93962,0.93974,1.88,1.58
2013.12.02 13:30:38.702,0.93962,0.93974,1.88,1.20
2013.12.02 13:30:39.531,0.93962,0.93974,1.88,1.20
2013.12.02 13:30:39.849,0.93962,0.93974,1.88,1.20
2013.12.02 13:30:42.933,0.93959,0.93971,2.48,1.88
2013.12.02 13:30:43.236,0.93956,0.93965,1.13,1.88
2013.12.02 13:30:43.388,0.93953,0.93963,1.50,1.13
2013.12.02 13:30:43.937,0.93952,0.93963,1.88,1.13
2013.12.02 13:30:47.363,0.93952,0.93963,1.50,1.88
2013.12.02 13:30:47.653,0.93952,0.93963,1.88,1.13
2013.12.02 13:30:48.097,0.93952,0.93963,1.50,1.13
2013.12.02 13:30:49.851,0.93952,0.93963,1.13,1.13
2013.12.02 13:30:52.491,0.93952,0.93963,1.50,1.13
2013.12.02 13:30:53.050,0.9395,0.93961,1.65,1.13
2013.12.02 13:30:53.152,0.93949,0.93959,1.13,1.50
2013.12.02 13:30:53.203,0.93947,0.93959,2.33,1.50
2013.12.02 13:30:53.405,0.93947,0.93958,1.28,1.13
2013.12.02 13:30:53.850,0.93944,0.93956,3.45,1.88
2013.12.02 13:30:54.305,0.93946,0.93956,2.25,2.63
2013.12.02 13:30:54.457,0.93948,0.93956,1.58,1.13
2013.12.02 13:30:54.509,0.9395,0.93958,1.50,1.13
2013.12.02 13:30:54.610,0.93949,0.93958,1.50,1.13
2013.12.02 13:30:55.144,0.93948,0.93958,1.88,1.88
2013.12.02 13:30:55.711,0.93947,0.93958,1.13,1.88
2013.12.02 13:30:55.813,0.93947,0.93952,1.13,1.35
2013.12.02 13:30:56.117,0.93942,0.93947,2.18,1.58
2013.12.02 13:30:56.320,0.9394,0.93947,2.25,1.13
2013.12.02 13:30:56.421,0.93935,0.93944,1.13,1.13
2013.12.02 13:30:57.911,0.93934,0.93943,1.58,1.13
2013.12.02 13:30:58.448,0.93934,0.93943,1.50,1.13
2013.12.02 13:30:58.808,0.93936,0.93948,1.58,2.48
2013.12.02 13:30:58.909,0.93938,0.93949,1.13,2.33
2013.12.02 13:30:59.186,0.93941,0.93952,1.95,1.13
2013.12.02 13:30:59.489,0.93939,0.93951,1.50,3.23
2013.12.02 13:30:59.590,0.93938,0.93949,1.20,1.13
2013.12.02 13:31:00.099,0.93938,0.93949,1.20,1.13
2013.12.02 13:31:00.403,0.93939,0.93949,2.25,1.13
2013.12.02 13:31:00.708,0.93938,0.93947,1.13,1.13
2013.12.02 13:31:01.012,0.93938,0.93948,1.13,1.13
2013.12.02 13:31:01.225,0.93938,0.93949,1.13,1.13
2013.12.02 13:31:01.695,0.93937,0.93948,1.20,1.13
2013.12.02 13:31:02.510,0.93937,0.93947,1.13,1.13
2013.12.02 13:31:02.838,0.93939,0.93948,1.88,1.13
2013.12.02 13:31:02.940,0.9394,0.9395,1.58,1.13
2013.12.02 13:31:02.991,0.93942,0.93951,1.13,1.13
2013.12.02 13:31:03.093,0.93943,0.93952,1.13,1.13
2013.12.02 13:31:03.245,0.93942,0.93953,3.08,1.13
2013.12.02 13:31:03.347,0.93942,0.93954,2.63,2.70
2013.12.02 13:31:03.550,0.93942,0.93955,1.58,3.30
2013.12.02 13:31:04.083,0.93941,0.93954,2.25,1.28
2013.12.02 13:31:04.618,0.93941,0.93954,1.88,1.28
2013.12.02 13:31:05.413,0.93941,0.93954,1.88,1.28
2013.12.02 13:31:05.950,0.93942,0.93955,1.88,5.55
2013.12.02 13:31:06.492,0.93944,0.93955,1.13,2.48
2013.12.02 13:31:07.026,0.93943,0.93955,2.63,2.48
2013.12.02 13:31:08.099,0.93943,0.93954,1.88,1.13
2013.12.02 13:31:14.565,0.93943,0.93954,4.88,1.95
2013.12.02 13:31:14.616,0.93945,0.93954,1.65,1.13
2013.12.02 13:31:14.667,0.93946,0.93958,1.20,2.25
2013.12.02 13:31:14.843,0.93947,0.93958,1.13,1.50
2013.12.02 13:31:15.371,0.93949,0.9396,1.88,1.13
2013.12.02 13:31:15.473,0.93951,0.93962,1.13,1.13
2013.12.02 13:31:15.676,0.93952,0.93962,1.13,1.13
2013.12.02 13:31:16.209,0.93952,0.93962,1.88,1.13
2013.12.02 13:31:16.827,0.93952,0.93962,1.88,1.13
2013.12.02 13:31:17.450,0.93953,0.93962,1.13,1.13
2013.12.02 13:31:18.827,0.93953,0.93964,1.13,1.88
2013.12.02 13:31:19.891,0.93953,0.93964,1.13,1.88
2013.12.02 13:31:20.113,0.93953,0.93964,1.13,1.88
2013.12.02 13:31:21.567,0.93953,0.93964,1.13,1.88
2013.12.02 13:31:22.422,0.93953,0.93964,1.88,1.13
2013.12.02 13:31:23.433,0.93954,0.93964,1.13,1.13
2013.12.02 13:31:23.949,0.93954,0.93964,1.13,1.13
2013.12.02 13:31:25.239,0.93954,0.93964,1.13,1.13
2013.12.02 13:31:25.781,0.93953,0.93964,1.95,1.13
2013.12.02 13:31:26.135,0.93957,0.93965,1.50,1.13
2013.12.02 13:31:26.339,0.93961,0.9397,1.13,1.13
2013.12.02 13:31:26.390,0.93963,0.93971,1.13,1.50
2013.12.02 13:31:26.441,0.93963,0.93971,1.13,1.50
2013.12.02 13:31:26.947,0.93961,0.93971,1.13,1.50
2013.12.02 13:31:27.275,0.9396,0.9397,1.20,1.88
2013.12.02 13:31:28.367,0.93958,0.93968,1.88,1.13
2013.12.02 13:31:28.569,0.93958,0.93966,1.58,1.13
2013.12.02 13:31:28.671,0.93958,0.93968,1.95,1.13
2013.12.02 13:31:28.772,0.93958,0.93969,1.95,1.13
2013.12.02 13:31:28.823,0.93959,0.9397,1.13,1.88
2013.12.02 13:31:29.337,0.93959,0.93971,2.03,3.38
2013.12.02 13:31:29.903,0.93959,0.93971,2.03,2.63
2013.12.02 13:31:30.361,0.93959,0.9397,1.65,1.13
2013.12.02 13:31:30.614,0.93957,0.93967,1.13,1.13
2013.12.02 13:31:30.665,0.93957,0.93966,1.13,1.13
2013.12.02 13:31:30.817,0.93953,0.93963,1.13,1.13
2013.12.02 13:31:30.918,0.93953,0.93963,1.13,1.88
2013.12.02 13:31:31.423,0.93953,0.93963,1.20,1.88
2013.12.02 13:31:31.948,0.93953,0.93963,1.13,1.50
2013.12.02 13:31:31.999,0.93953,0.93963,1.13,1.50
2013.12.02 13:31:33.704,0.93953,0.93963,3.15,1.13
2013.12.02 13:31:34.476,0.93953,0.93964,3.15,1.13
2013.12.02 13:31:37.420,0.93955,0.93965,1.13,1.13
2013.12.02 13:31:37.952,0.93955,0.93964,1.13,1.13
2013.12.02 13:31:38.740,0.93954,0.93963,1.58,1.13
2013.12.02 13:31:38.993,0.93952,0.93963,2.63,1.88
2013.12.02 13:31:39.550,0.93952,0.93963,1.13,1.20
2013.12.02 13:31:41.380,0.93952,0.93963,1.13,1.13
2013.12.02 13:31:41.926,0.93952,0.93963,1.13,1.13
2013.12.02 13:31:42.040,0.93952,0.93963,1.13,1.13
2013.12.02 13:31:44.481,0.93953,0.93964,1.13,2.63
2013.12.02 13:31:44.987,0.93954,0.93963,1.13,1.13
2013.12.02 13:31:46.706,0.93952,0.93964,1.20,2.25
2013.12.02 13:31:48.907,0.93952,0.93963,1.20,1.50
2013.12.02 13:31:49.546,0.93952,0.93963,1.20,1.50
2013.12.02 13:31:54.869,0.93952,0.93963,1.13,1.50
2013.12.02 13:31:55.461,0.93952,0.93963,1.13,3.00
2013.12.02 13:31:56.680,0.93952,0.93963,1.13,2.25
2013.12.02 13:31:56.933,0.93952,0.93963,1.95,2.63
2013.12.02 13:31:57.240,0.93952,0.93961,1.88,1.13
2013.12.02 13:31:57.745,0.93952,0.9396,1.13,1.50
2013.12.02 13:31:59.218,0.93952,0.93961,1.13,1.50
2013.12.02 13:31:59.382,0.93952,0.93962,1.13,1.88
2013.12.02 13:32:01.110,0.93952,0.93962,1.13,1.50
2013.12.02 13:32:01.211,0.93952,0.93961,1.13,1.88
2013.12.02 13:32:01.767,0.93952,0.93963,1.13,2.63
2013.12.02 13:32:01.919,0.93952,0.93963,1.13,2.63
2013.12.02 13:32:02.442,0.93952,0.93963,1.88,2.63
2013.12.02 13:32:03.218,0.93952,0.93962,1.88,1.20
2013.12.02 13:32:04.042,0.93952,0.93963,1.88,3.38
2013.12.02 13:32:04.891,0.93954,0.93963,1.13,2.03
2013.12.02 13:32:05.920,0.93954,0.93963,1.13,1.20
2013.12.02 13:32:06.639,0.93953,0.93963,1.13,1.95
2013.12.02 13:32:08.810,0.93953,0.93962,1.13,1.13
2013.12.02 13:32:09.324,0.93952,0.93961,1.13,1.13
2013.12.02 13:32:12.330,0.93952,0.93961,1.13,1.88
2013.12.02 13:32:13.663,0.93952,0.93961,1.13,1.88
2013.12.02 13:32:14.243,0.93952,0.93961,1.13,1.88
2013.12.02 13:32:14.774,0.93952,0.93961,1.13,1.88
2013.12.02 13:32:15.547,0.9395,0.93959,1.13,1.88
2013.12.02 13:32:17.295,0.9395,0.93959,1.13,1.88
2013.12.02 13:32:21.111,0.9395,0.93959,1.13,1.88
2013.12.02 13:32:23.224,0.9395,0.93959,1.13,2.63
2013.12.02 13:32:23.429,0.9395,0.93959,1.13,3.75
2013.12.02 13:32:23.682,0.93948,0.93957,1.50,3.00
2013.12.02 13:32:24.229,0.93947,0.93957,1.13,2.63
2013.12.02 13:32:25.078,0.93947,0.93957,1.13,3.00
2013.12.02 13:32:25.619,0.93947,0.93957,1.13,3.00
2013.12.02 13:32:26.139,0.93946,0.93955,1.13,1.13
2013.12.02 13:32:26.732,0.93946,0.93957,1.13,1.13
2013.12.02 13:32:26.833,0.93946,0.93956,1.13,1.13
2013.12.02 13:32:27.748,0.93946,0.93955,1.13,1.13
2013.12.02 13:32:28.380,0.93945,0.93954,2.25,1.13
2013.12.02 13:32:28.582,0.93943,0.93954,1.13,4.80
2013.12.02 13:32:28.684,0.93941,0.93952,1.50,2.33
2013.12.02 13:32:28.987,0.93938,0.93947,1.13,1.13
2013.12.02 13:32:29.038,0.93938,0.93947,1.13,1.13
2013.12.02 13:32:29.863,0.93938,0.93946,1.13,1.65
2013.12.02 13:32:30.171,0.93932,0.93941,1.58,1.13
2013.12.02 13:32:30.273,0.93932,0.93941,1.50,1.13
2013.12.02 13:32:30.781,0.93932,0.93941,1.13,1.13
2013.12.02 13:32:31.291,0.93931,0.93941,1.13,1.13
2013.12.02 13:32:31.445,0.9393,0.93941,1.58,1.13
2013.12.02 13:32:33.628,0.9393,0.93941,1.95,1.13
2013.12.02 13:32:35.952,0.93928,0.9394,1.65,1.13
2013.12.02 13:32:36.002,0.9393,0.9394,1.50,1.28
2013.12.02 13:32:36.104,0.93928,0.93937,1.50,1.13
2013.12.02 13:32:36.256,0.93928,0.93937,1.88,1.13
2013.12.02 13:32:36.358,0.93928,0.93937,1.95,1.13
2013.12.02 13:32:36.661,0.93927,0.93937,1.58,1.13
2013.12.02 13:32:36.914,0.93926,0.93936,1.58,1.13
2013.12.02 13:32:37.432,0.93926,0.93937,1.50,1.13
2013.12.02 13:32:38.477,0.93926,0.93937,2.63,1.13
2013.12.02 13:32:38.679,0.9393,0.93941,1.50,1.50
2013.12.02 13:32:38.730,0.9393,0.93941,2.25,1.50
2013.12.02 13:32:39.588,0.93933,0.93944,2.63,1.20
2013.12.02 13:32:40.799,0.93933,0.93942,1.88,1.13
2013.12.02 13:32:41.660,0.93933,0.93942,1.88,1.13
2013.12.02 13:32:43.648,0.93933,0.93942,1.88,1.13
2013.12.02 13:32:46.038,0.93934,0.93942,1.50,1.13
2013.12.02 13:32:46.341,0.93933,0.9394,1.50,1.13
2013.12.02 13:32:46.645,0.93931,0.93942,1.95,1.13
2013.12.02 13:32:46.797,0.93935,0.93943,1.50,1.88
2013.12.02 13:32:47.303,0.93933,0.93942,1.88,1.13
2013.12.02 13:32:47.935,0.93933,0.93942,1.88,1.13
2013.12.02 13:32:51.562,0.93933,0.93942,1.88,1.20
2013.12.02 13:32:51.969,0.93931,0.93941,1.50,3.38
2013.12.02 13:32:52.070,0.9393,0.9394,1.13,1.13
2013.12.02 13:32:52.273,0.93927,0.93938,2.33,1.20
2013.12.02 13:32:52.424,0.93928,0.93937,1.50,1.95
2013.12.02 13:32:52.943,0.93927,0.93937,1.50,1.95
2013.12.02 13:32:53.623,0.93926,0.93934,1.50,1.13
2013.12.02 13:32:53.725,0.93926,0.93935,1.50,1.20
2013.12.02 13:32:54.131,0.93922,0.93933,1.13,1.58
2013.12.02 13:32:58.647,0.93922,0.93933,1.13,1.95
2013.12.02 13:32:58.748,0.93921,0.93931,1.13,2.03
2013.12.02 13:32:58.799,0.93921,0.9393,1.13,1.20
2013.12.02 13:32:59.102,0.9392,0.93929,1.13,1.50
2013.12.02 13:32:59.406,0.93917,0.93928,1.88,1.50
2013.12.02 13:32:59.926,0.93919,0.93929,1.50,1.88
2013.12.02 13:33:00.494,0.93919,0.93928,1.50,1.13
2013.12.02 13:33:01.089,0.93919,0.93928,1.50,1.13
2013.12.02 13:33:02.293,0.93919,0.9393,2.25,1.58
2013.12.02 13:33:02.343,0.93919,0.9393,2.25,1.58
2013.12.02 13:33:07.538,0.93919,0.9393,2.63,1.20
2013.12.02 13:33:08.079,0.9392,0.9393,1.13,1.20
2013.12.02 13:33:10.498,0.93922,0.9393,2.25,1.13
2013.12.02 13:33:10.651,0.93925,0.93935,1.88,2.25
2013.12.02 13:33:10.904,0.93925,0.93933,1.50,1.35
2013.12.02 13:33:11.208,0.93923,0.93931,1.50,1.13
2013.12.02 13:33:11.562,0.93922,0.93931,1.13,1.13
2013.12.02 13:33:12.427,0.93921,0.93931,1.88,1.13
2013.12.02 13:33:13.598,0.93921,0.93931,1.50,1.13
2013.12.02 13:33:15.812,0.93921,0.93931,1.50,4.20
2013.12.02 13:33:16.718,0.9392,0.93929,1.50,1.13
2013.12.02 13:33:17.099,0.93922,0.93929,1.13,1.13
2013.12.02 13:33:17.646,0.93923,0.93933,1.50,1.13
2013.12.02 13:33:18.051,0.93925,0.93933,3.75,1.13
2013.12.02 13:33:20.229,0.93926,0.93937,1.50,1.65
2013.12.02 13:33:20.793,0.93926,0.93937,2.25,2.03
2013.12.02 13:33:21.301,0.93926,0.93937,2.25,2.03
2013.12.02 13:33:21.352,0.93926,0.93937,2.25,2.03
2013.12.02 13:33:22.303,0.93925,0.93936,1.88,1.95
2013.12.02 13:33:22.940,0.93925,0.93934,1.50,1.13
2013.12.02 13:33:24.206,0.93925,0.93934,1.88,1.50
2013.12.02 13:33:24.509,0.93922,0.93932,1.28,1.13
2013.12.02 13:33:24.812,0.93923,0.93932,1.50,2.33
2013.12.02 13:33:25.269,0.93921,0.9393,1.13,1.13
2013.12.02 13:33:25.830,0.9392,0.9393,1.95,1.13
2013.12.02 13:33:26.955,0.9392,0.9393,1.50,1.13
2013.12.02 13:33:27.233,0.9392,0.93929,1.50,1.35
2013.12.02 13:33:27.929,0.93921,0.9393,1.13,2.48
2013.12.02 13:33:27.980,0.93921,0.9393,1.88,2.48
2013.12.02 13:33:28.081,0.93924,0.93933,1.13,1.65
2013.12.02 13:33:28.606,0.93924,0.93934,1.88,1.95
2013.12.02 13:33:29.825,0.93924,0.93936,1.88,5.18
2013.12.02 13:33:31.768,0.93924,0.93935,1.88,1.13
2013.12.02 13:33:33.638,0.93925,0.93935,1.13,3.45
2013.12.02 13:33:34.175,0.93924,0.93934,1.13,1.28
2013.12.02 13:33:35.079,0.93925,0.93934,1.13,1.13
2013.12.02 13:33:37.598,0.93924,0.93934,1.13,1.13
2013.12.02 13:33:46.286,0.93924,0.93933,1.20,1.88
2013.12.02 13:33:46.799,0.93924,0.93932,1.13,1.88
2013.12.02 13:33:47.821,0.93924,0.93933,1.13,3.38
2013.12.02 13:33:48.382,0.93924,0.93933,1.13,1.13
2013.12.02 13:33:49.515,0.93922,0.93933,1.88,1.13
2013.12.02 13:33:53.180,0.93924,0.93935,1.13,1.95
2013.12.02 13:33:53.990,0.93923,0.93935,1.88,1.20
2013.12.02 13:33:54.317,0.93922,0.93932,1.88,3.98
2013.12.02 13:33:54.418,0.93922,0.93932,1.50,4.05
2013.12.02 13:33:54.469,0.93919,0.93932,1.50,4.05
2013.12.02 13:33:54.520,0.93919,0.9393,2.25,1.20
2013.12.02 13:33:54.773,0.93918,0.93928,1.50,1.20
2013.12.02 13:34:00.313,0.93916,0.93924,1.50,1.13
2013.12.02 13:34:02.756,0.93915,0.93923,1.50,1.13
2013.12.02 13:34:03.431,0.93915,0.93923,1.50,1.13
2013.12.02 13:34:03.735,0.93916,0.93923,1.50,1.13
2013.12.02 13:34:04.038,0.9392,0.93929,1.13,1.88
2013.12.02 13:34:04.191,0.93921,0.9393,1.13,1.13
2013.12.02 13:34:09.108,0.93922,0.93932,1.50,1.13
2013.12.02 13:34:09.770,0.93923,0.93932,1.13,1.13
2013.12.02 13:34:11.113,0.93923,0.93933,1.88,1.13
2013.12.02 13:34:11.416,0.93927,0.93936,1.13,1.88
2013.12.02 13:34:11.669,0.93931,0.9394,1.13,1.88
2013.12.02 13:34:11.720,0.93931,0.9394,1.13,1.88
2013.12.02 13:34:11.855,0.93929,0.9394,1.95,1.88
2013.12.02 13:34:14.128,0.93931,0.9394,1.13,1.13
2013.12.02 13:34:15.447,0.93929,0.9394,1.95,1.13
2013.12.02 13:34:15.600,0.93932,0.93941,1.88,1.13
2013.12.02 13:34:16.369,0.93932,0.93943,1.95,1.88
2013.12.02 13:34:16.622,0.93932,0.93939,1.50,1.73
2013.12.02 13:34:16.927,0.93926,0.93936,1.50,1.13
2013.12.02 13:34:17.078,0.93927,0.93936,1.13,1.13
2013.12.02 13:34:17.382,0.93926,0.93935,2.25,1.13
2013.12.02 13:34:20.928,0.93925,0.93935,1.13,1.13
2013.12.02 13:34:21.258,0.93924,0.93935,1.13,1.13
2013.12.02 13:34:23.236,0.93925,0.93936,1.13,1.20
2013.12.02 13:34:24.335,0.93924,0.93936,1.13,1.20
2013.12.02 13:34:24.638,0.93928,0.93936,3.83,1.13
2013.12.02 13:34:25.240,0.93929,0.9394,1.65,1.88
2013.12.02 13:34:25.545,0.93928,0.93938,1.50,1.13
2013.12.02 13:34:26.394,0.93925,0.93938,1.95,1.88
2013.12.02 13:34:27.613,0.93923,0.93934,3.45,1.13
2013.12.02 13:34:28.408,0.93923,0.93934,1.50,1.13
2013.12.02 13:34:29.576,0.93923,0.93932,1.50,1.13
2013.12.02 13:34:30.087,0.93921,0.93931,1.28,1.13
2013.12.02 13:34:30.138,0.9392,0.9393,1.20,1.13
2013.12.02 13:34:30.687,0.93919,0.9393,2.78,1.13
2013.12.02 13:34:33.447,0.93918,0.93928,4.58,1.13
2013.12.02 13:34:33.549,0.93918,0.93925,1.50,1.13
2013.12.02 13:34:33.802,0.93916,0.93924,1.58,1.13
2013.12.02 13:34:34.294,0.93916,0.93925,1.50,1.50
2013.12.02 13:34:35.687,0.93913,0.93924,1.50,1.13
2013.12.02 13:34:36.358,0.93913,0.93924,1.50,1.13
2013.12.02 13:34:40.838,0.93914,0.93922,1.50,1.13
2013.12.02 13:34:48.102,0.93915,0.93924,1.13,1.13
2013.12.02 13:34:48.203,0.93917,0.93926,1.50,1.20
2013.12.02 13:34:48.254,0.93918,0.93927,1.13,1.58
2013.12.02 13:34:48.406,0.9392,0.93928,1.58,1.13
2013.12.02 13:34:48.658,0.93921,0.93932,1.13,1.35
2013.12.02 13:34:49.113,0.93923,0.93933,1.50,1.13
2013.12.02 13:34:49.266,0.9392,0.9393,1.50,3.83
2013.12.02 13:34:49.772,0.9392,0.93932,1.58,2.48
2013.12.02 13:34:50.432,0.9392,0.93932,1.58,2.48
2013.12.02 13:34:51.426,0.9392,0.93932,1.95,1.73
2013.12.02 13:34:51.579,0.9392,0.93933,2.70,3.30
2013.12.02 13:34:52.134,0.9392,0.93932,2.70,2.48
2013.12.02 13:34:52.947,0.9392,0.93932,2.33,2.48
2013.12.02 13:34:53.301,0.9392,0.93931,1.50,1.50
2013.12.02 13:34:53.504,0.93915,0.93926,1.50,1.13
2013.12.02 13:35:01.758,0.93915,0.93925,4.95,1.13
2013.12.02 13:35:02.013,0.93921,0.93932,1.13,2.25
2013.12.02 13:35:02.519,0.93923,0.93934,1.50,1.20
2013.12.02 13:35:03.038,0.93923,0.93934,1.95,1.13
2013.12.02 13:35:03.572,0.93923,0.93934,1.50,1.20
2013.12.02 13:35:03.898,0.93925,0.93935,1.58,1.20
2013.12.02 13:35:04.000,0.93926,0.93935,1.20,1.13
2013.12.02 13:35:04.102,0.93928,0.93938,1.13,1.88
2013.12.02 13:35:04.304,0.93929,0.93938,1.13,1.13
2013.12.02 13:35:04.685,0.93931,0.9394,1.13,1.13
2013.12.02 13:35:05.423,0.93936,0.93942,1.13,1.58
2013.12.02 13:35:05.524,0.93935,0.93945,1.50,1.28
2013.12.02 13:35:06.528,0.93936,0.93944,1.13,3.08
2013.12.02 13:35:06.831,0.93931,0.93942,1.13,2.70
2013.12.02 13:35:11.804,0.93933,0.93941,1.13,1.50
2013.12.02 13:35:15.348,0.93933,0.93942,1.13,3.83
2013.12.02 13:35:15.727,0.93933,0.93942,1.13,1.88
2013.12.02 13:35:17.638,0.93934,0.93944,2.25,1.13
2013.12.02 13:35:18.671,0.93934,0.93945,2.78,1.13
2013.12.02 13:35:20.148,0.93936,0.93946,1.50,1.13
2013.12.02 13:35:20.401,0.93938,0.93946,1.13,1.88
2013.12.02 13:35:21.478,0.93938,0.93947,1.13,1.13
2013.12.02 13:35:21.631,0.93942,0.9395,1.13,2.25
2013.12.02 13:35:21.681,0.93942,0.9395,1.20,2.25
2013.12.02 13:35:22.036,0.93946,0.93955,1.13,1.88
2013.12.02 13:35:22.889,0.93947,0.93956,1.13,1.50
2013.12.02 13:35:23.493,0.93946,0.93956,1.88,2.25
2013.12.02 13:35:24.003,0.93946,0.93956,1.13,3.38
2013.12.02 13:35:28.612,0.93946,0.93956,1.13,2.25
2013.12.02 13:35:30.320,0.93945,0.93955,1.13,1.50
2013.12.02 13:35:38.387,0.93941,0.9395,3.08,1.50
2013.12.02 13:35:38.438,0.93942,0.9395,1.20,1.88
2013.12.02 13:35:38.489,0.93939,0.93947,3.08,1.13
2013.12.02 13:35:38.539,0.93939,0.93947,1.20,1.13
2013.12.02 13:35:38.691,0.9394,0.93949,1.13,1.13
2013.12.02 13:35:38.843,0.93936,0.93947,2.40,2.63
2013.12.02 13:35:41.786,0.93937,0.93945,1.13,1.13
2013.12.02 13:35:47.200,0.93936,0.93945,2.03,1.13
2013.12.02 13:35:47.352,0.93939,0.93947,3.00,1.13
2013.12.02 13:35:47.453,0.93943,0.93951,1.13,1.35
2013.12.02 13:35:47.757,0.93944,0.93955,2.03,1.13
2013.12.02 13:35:47.970,0.93946,0.93954,3.00,1.13
2013.12.02 13:35:54.361,0.93945,0.93955,1.20,1.13
2013.12.02 13:35:54.674,0.93943,0.93954,3.08,1.88
2013.12.02 13:35:55.273,0.93945,0.93954,1.20,1.88
2013.12.02 13:36:01.716,0.93943,0.93954,3.83,1.13
2013.12.02 13:36:04.897,0.93944,0.93954,1.65,1.13
2013.12.02 13:36:07.579,0.93944,0.93954,1.28,1.88
2013.12.02 13:36:09.663,0.93945,0.93954,3.90,1.13
2013.12.02 13:36:09.975,0.93945,0.93955,4.28,1.13
2013.12.02 13:36:10.129,0.93945,0.93955,3.45,1.88
2013.12.02 13:36:10.658,0.93944,0.93954,1.20,1.13
2013.12.02 13:36:11.596,0.93945,0.93954,1.13,1.13
2013.12.02 13:36:11.980,0.93945,0.93955,2.78,1.13
2013.12.02 13:36:12.486,0.93944,0.93955,1.20,1.88
2013.12.02 13:36:13.078,0.93945,0.93955,1.13,2.70
2013.12.02 13:36:13.179,0.93944,0.93951,1.50,1.13
2013.12.02 13:36:13.382,0.93942,0.93951,2.40,1.88
2013.12.02 13:36:13.958,0.9394,0.93951,3.45,1.88
2013.12.02 13:36:14.493,0.9394,0.9395,3.08,2.48
2013.12.02 13:36:14.595,0.9394,0.93948,2.33,1.88
2013.12.02 13:36:15.079,0.93939,0.93948,3.45,1.13
2013.12.02 13:36:15.131,0.93941,0.9395,1.20,1.88
2013.12.02 13:36:15.384,0.93942,0.9395,1.28,1.50
2013.12.02 13:36:16.326,0.9394,0.9395,1.28,1.13
2013.12.02 13:36:16.377,0.9394,0.9395,1.28,1.13
2013.12.02 13:36:16.926,0.93939,0.9395,3.45,1.13
2013.12.02 13:36:17.028,0.9394,0.9395,1.28,1.13
2013.12.02 13:36:17.230,0.9394,0.9395,1.28,1.13
2013.12.02 13:36:17.919,0.93943,0.93952,1.13,1.88
2013.12.02 13:36:19.076,0.93943,0.93952,1.13,1.50
2013.12.02 13:36:21.208,0.93943,0.93952,1.13,1.88
2013.12.02 13:36:26.476,0.93941,0.93951,1.20,1.13
2013.12.02 13:36:39.481,0.93938,0.93947,3.45,1.13
2013.12.02 13:36:39.582,0.93937,0.93946,1.28,1.13
2013.12.02 13:36:40.275,0.93937,0.93946,1.13,1.88
2013.12.02 13:36:40.899,0.93938,0.93946,1.13,1.50
2013.12.02 13:36:42.357,0.93938,0.93949,1.20,1.50
2013.12.02 13:36:42.560,0.93942,0.93949,1.13,1.13
2013.12.02 13:36:42.766,0.93942,0.93949,1.13,1.13
2013.12.02 13:36:45.702,0.93942,0.93951,1.13,1.50
2013.12.02 13:36:46.058,0.9394,0.93949,1.13,2.10
2013.12.02 13:36:46.260,0.93936,0.93945,1.13,1.13
2013.12.02 13:36:46.362,0.93935,0.93945,1.13,1.13
2013.12.02 13:36:47.907,0.93932,0.93944,1.20,1.50
2013.12.02 13:36:49.648,0.93932,0.93944,1.20,1.50
2013.12.02 13:36:50.196,0.93932,0.93944,1.95,1.50
2013.12.02 13:36:52.653,0.93935,0.93945,1.13,1.58
2013.12.02 13:36:52.957,0.93937,0.93947,1.35,1.50
2013.12.02 13:36:53.059,0.93938,0.93948,4.20,1.13
2013.12.02 13:36:53.403,0.93943,0.93951,1.13,1.13
2013.12.02 13:36:54.369,0.93943,0.93953,1.13,2.63
2013.12.02 13:36:54.631,0.93939,0.9395,1.20,1.35
2013.12.02 13:36:54.783,0.93937,0.93946,1.20,1.50
2013.12.02 13:36:55.137,0.93936,0.93944,1.20,1.50
2013.12.02 13:36:55.677,0.93935,0.93944,1.13,1.50
2013.12.02 13:36:57.426,0.93934,0.93944,1.88,1.50
2013.12.02 13:37:00.219,0.93934,0.93944,1.95,1.88
2013.12.02 13:37:00.626,0.93934,0.93945,1.88,1.58
2013.12.02 13:37:01.168,0.93934,0.93944,1.13,1.50
2013.12.02 13:37:03.945,0.93934,0.93943,1.13,1.50
2013.12.02 13:37:04.471,0.93934,0.93943,1.13,1.50
2013.12.02 13:37:08.876,0.93934,0.93944,1.13,1.50
2013.12.02 13:37:09.976,0.93934,0.93943,1.13,1.13
2013.12.02 13:37:11.320,0.93934,0.93945,1.13,2.25
2013.12.02 13:37:11.523,0.93934,0.93945,1.28,1.50
2013.12.02 13:37:18.007,0.93934,0.93946,2.78,1.50
2013.12.02 13:37:18.209,0.93938,0.93949,1.95,3.38
2013.12.02 13:37:18.260,0.93938,0.93949,2.70,2.25
2013.12.02 13:37:18.891,0.93941,0.9395,1.13,1.13
2013.12.02 13:37:19.366,0.93938,0.93948,1.20,2.63
2013.12.02 13:37:19.468,0.93937,0.93948,1.20,2.63
2013.12.02 13:37:19.983,0.93937,0.93946,1.13,1.13
2013.12.02 13:37:21.981,0.93936,0.93946,1.13,1.50
2013.12.02 13:37:25.274,0.93937,0.93947,1.13,1.13
2013.12.02 13:37:25.578,0.93942,0.93954,1.13,1.95
2013.12.02 13:37:25.780,0.93942,0.93954,1.20,1.88
2013.12.02 13:37:28.440,0.93944,0.93954,1.13,1.50
2013.12.02 13:37:29.226,0.93944,0.93954,1.13,1.50
2013.12.02 13:37:30.891,0.93945,0.93954,1.13,1.50
2013.12.02 13:37:31.536,0.93945,0.93954,1.13,1.50
2013.12.02 13:37:32.535,0.93942,0.93954,2.70,2.63
2013.12.02 13:37:32.738,0.93942,0.93954,2.33,2.63
2013.12.02 13:37:32.942,0.93937,0.93947,1.13,1.13
2013.12.02 13:37:33.196,0.93935,0.93946,1.13,1.13
2013.12.02 13:37:33.525,0.93935,0.93945,1.13,1.13
2013.12.02 13:37:37.107,0.93936,0.93943,1.50,1.13
2013.12.02 13:37:37.158,0.93938,0.93947,1.13,1.58
2013.12.02 13:37:37.260,0.93936,0.93947,1.88,1.95
2013.12.02 13:37:37.362,0.93936,0.93946,1.13,1.50
2013.12.02 13:37:41.156,0.93935,0.93945,2.63,1.13
2013.12.02 13:37:41.772,0.93935,0.93945,1.50,1.20
2013.12.02 13:37:42.683,0.93937,0.93946,1.13,1.20
2013.12.02 13:37:46.628,0.93935,0.93945,2.70,1.13
2013.12.02 13:37:47.032,0.93935,0.93943,2.25,1.88
2013.12.02 13:37:47.333,0.93935,0.93943,1.50,1.88
2013.12.02 13:37:49.975,0.93932,0.93943,1.88,2.70
2013.12.02 13:37:50.336,0.93932,0.93943,1.13,3.38
2013.12.02 13:37:52.856,0.93932,0.93941,1.88,1.13
2013.12.02 13:37:53.064,0.93934,0.93943,1.13,1.13
2013.12.02 13:37:53.271,0.93937,0.93946,1.13,1.28
2013.12.02 13:37:53.474,0.93938,0.93947,1.13,1.50
2013.12.02 13:37:53.575,0.93938,0.93947,1.13,1.50
2013.12.02 13:37:53.677,0.93936,0.93946,1.20,1.13
2013.12.02 13:37:53.829,0.93935,0.93945,1.13,1.50
2013.12.02 13:37:53.980,0.93935,0.93944,1.13,1.13
2013.12.02 13:37:54.593,0.93935,0.93943,1.13,1.50
2013.12.02 13:37:54.958,0.93935,0.93942,1.13,1.13
2013.12.02 13:37:55.261,0.93946,0.93955,1.13,1.58
2013.12.02 13:37:55.770,0.93946,0.93955,1.13,1.50
2013.12.02 13:37:56.296,0.93947,0.93957,1.20,1.50
2013.12.02 13:37:56.601,0.93949,0.9396,1.73,1.50
2013.12.02 13:37:56.652,0.93949,0.9396,1.73,1.50
2013.12.02 13:37:57.183,0.93952,0.9396,1.13,1.50
2013.12.02 13:37:57.630,0.93952,0.93963,1.13,1.50
2013.12.02 13:37:57.950,0.93952,0.93963,1.13,1.88
2013.12.02 13:37:59.733,0.93952,0.93962,1.13,1.50
2013.12.02 13:38:00.261,0.93951,0.93962,2.63,1.50
2013.12.02 13:38:01.094,0.93954,0.93963,1.13,1.13
2013.12.02 13:38:01.145,0.93955,0.93965,1.13,1.65
2013.12.02 13:38:01.196,0.93955,0.93965,1.88,1.58
2013.12.02 13:38:01.898,0.93955,0.93965,1.95,1.50
2013.12.02 13:38:04.714,0.93958,0.93967,1.13,1.28
2013.12.02 13:38:04.866,0.93956,0.93967,1.13,1.88
2013.12.02 13:38:05.864,0.93956,0.93966,1.13,1.13
2013.12.02 13:38:06.879,0.93956,0.93967,1.13,1.88
2013.12.02 13:38:09.606,0.93956,0.93966,1.13,1.13
2013.12.02 13:38:10.748,0.93952,0.93964,3.38,1.13
2013.12.02 13:38:10.849,0.93952,0.93962,3.38,1.13
2013.12.02 13:38:11.102,0.9395,0.9396,1.13,1.13
2013.12.02 13:38:13.005,0.93951,0.9396,1.13,1.13
2013.12.02 13:38:13.507,0.93952,0.93962,1.13,1.13
2013.12.02 13:38:16.241,0.93952,0.93963,1.13,1.95
2013.12.02 13:38:16.772,0.93951,0.93962,1.13,1.13
2013.12.02 13:38:17.025,0.9395,0.93959,1.13,2.70
2013.12.02 13:38:17.227,0.93946,0.93957,1.13,1.95
2013.12.02 13:38:17.428,0.93945,0.93955,3.00,1.13
2013.12.02 13:38:17.630,0.93943,0.93955,1.88,1.20
2013.12.02 13:38:18.136,0.93942,0.93954,1.95,1.88
2013.12.02 13:38:18.742,0.93942,0.93953,1.95,1.13
2013.12.02 13:38:19.200,0.93942,0.93953,1.95,1.13
2013.12.02 13:38:19.618,0.93942,0.93953,1.95,1.13
2013.12.02 13:38:19.985,0.93945,0.93957,2.70,3.00
2013.12.02 13:38:20.086,0.93945,0.93957,3.45,3.00
2013.12.02 13:38:20.398,0.93946,0.93957,1.88,2.63
2013.12.02 13:38:20.948,0.93947,0.93958,1.20,1.13
2013.12.02 13:38:21.260,0.93956,0.93963,1.13,1.50
2013.12.02 13:38:21.311,0.93956,0.93965,1.13,1.58
2013.12.02 13:38:21.412,0.93957,0.93966,1.13,1.65
2013.12.02 13:38:22.165,0.93955,0.93966,1.13,1.65
2013.12.02 13:38:24.717,0.93955,0.93967,1.88,3.15
2013.12.02 13:38:25.022,0.93964,0.93971,1.13,1.50
2013.12.02 13:38:25.326,0.93969,0.93976,2.25,1.50
2013.12.02 13:38:25.378,0.93969,0.93976,1.50,1.50
2013.12.02 13:38:25.479,0.93967,0.93979,2.63,4.95
2013.12.02 13:38:25.581,0.93967,0.93977,1.88,1.58
2013.12.02 13:38:25.682,0.93967,0.93977,1.13,1.58
2013.12.02 13:38:27.539,0.93965,0.93976,1.88,1.65
2013.12.02 13:38:27.793,0.93965,0.93975,1.13,1.50
2013.12.02 13:38:27.996,0.9396,0.9397,3.00,1.58
2013.12.02 13:38:28.528,0.93964,0.93973,1.13,4.28
2013.12.02 13:38:28.680,0.93966,0.93973,1.13,3.15
2013.12.02 13:38:28.984,0.93964,0.93976,1.88,1.95
2013.12.02 13:38:29.339,0.93964,0.93973,1.13,1.50
2013.12.02 13:38:29.541,0.93962,0.93971,1.13,1.13
2013.12.02 13:38:30.063,0.93961,0.93971,1.13,2.33
2013.12.02 13:38:30.667,0.93962,0.93971,1.13,1.88
2013.12.02 13:38:30.769,0.93963,0.93974,1.13,3.15
2013.12.02 13:38:30.921,0.93963,0.93974,1.88,1.13
2013.12.02 13:38:31.476,0.93965,0.93974,1.13,1.13
2013.12.02 13:38:32.659,0.93962,0.93974,1.88,4.95
2013.12.02 13:38:32.963,0.9396,0.93971,1.13,3.45
2013.12.02 13:38:33.738,0.93958,0.9397,1.88,4.20
2013.12.02 13:38:33.840,0.93957,0.93968,1.88,3.00
2013.12.02 13:38:34.476,0.93956,0.93968,2.63,3.83
2013.12.02 13:38:34.970,0.93956,0.93968,1.88,4.50
2013.12.02 13:38:35.274,0.93961,0.93968,1.13,2.25
2013.12.02 13:38:36.051,0.93962,0.93973,1.88,5.25
2013.12.02 13:38:36.269,0.93962,0.93973,1.88,1.58
2013.12.02 13:38:36.522,0.93964,0.93975,1.13,2.33
2013.12.02 13:38:36.673,0.93965,0.93976,1.13,3.90
2013.12.02 13:38:37.209,0.93966,0.93976,1.13,2.25
2013.12.02 13:38:38.394,0.93966,0.93978,1.88,2.40
2013.12.02 13:38:38.495,0.93966,0.93978,4.20,2.25
2013.12.02 13:38:38.735,0.93969,0.93978,1.13,1.58
2013.12.02 13:38:39.039,0.93969,0.93979,1.13,1.65
2013.12.02 13:38:39.190,0.93967,0.93978,1.88,1.20
2013.12.02 13:38:39.393,0.93965,0.93975,1.88,1.50
2013.12.02 13:38:39.444,0.93965,0.93974,1.13,1.88
2013.12.02 13:38:41.358,0.93964,0.93974,1.13,1.50
2013.12.02 13:38:41.510,0.93965,0.93974,1.13,1.50
2013.12.02 13:38:42.944,0.93965,0.93974,1.13,1.50
2013.12.02 13:38:46.543,0.93965,0.93974,1.13,1.50
2013.12.02 13:38:46.882,0.93963,0.93974,1.50,1.88
2013.12.02 13:38:46.983,0.93963,0.93971,1.13,1.50
2013.12.02 13:38:47.642,0.93959,0.93971,1.20,2.63
2013.12.02 13:38:47.693,0.93962,0.93971,1.13,1.88
2013.12.02 13:38:47.794,0.93962,0.93971,1.13,1.88
2013.12.02 13:38:50.292,0.93962,0.93969,1.13,1.50
2013.12.02 13:38:50.545,0.93967,0.93974,1.13,1.13
2013.12.02 13:38:53.182,0.93966,0.93975,1.13,1.13
2013.12.02 13:38:53.695,0.93964,0.93974,1.13,1.95
2013.12.02 13:38:54.493,0.93962,0.93973,1.88,1.65
2013.12.02 13:38:54.544,0.93962,0.93972,1.88,3.45
2013.12.02 13:38:54.595,0.93962,0.93971,1.88,3.08
2013.12.02 13:38:54.798,0.93958,0.93969,1.13,1.65
2013.12.02 13:38:55.313,0.93958,0.93969,1.13,2.40
2013.12.02 13:38:55.679,0.93956,0.93967,1.88,3.75
2013.12.02 13:38:57.881,0.93956,0.93967,1.88,1.58
2013.12.02 13:38:58.852,0.93956,0.93967,1.88,1.58
2013.12.02 13:39:00.435,0.93956,0.93967,1.88,1.95
2013.12.02 13:39:00.952,0.93956,0.93967,1.88,1.58
2013.12.02 13:39:01.475,0.93957,0.93967,1.13,1.95
2013.12.02 13:39:02.962,0.93957,0.93967,1.13,4.20
2013.12.02 13:39:03.505,0.93956,0.93967,1.13,3.83
2013.12.02 13:39:04.884,0.93955,0.93966,2.25,2.03
2013.12.02 13:39:04.935,0.93955,0.93965,1.13,1.95
2013.12.02 13:39:05.188,0.93951,0.93961,1.20,1.50
2013.12.02 13:39:05.340,0.93951,0.9396,1.13,1.20
2013.12.02 13:39:05.845,0.93949,0.93961,1.13,4.50
2013.12.02 13:39:06.149,0.93949,0.93961,1.20,1.50
2013.12.02 13:39:06.351,0.93953,0.93962,1.13,1.50
2013.12.02 13:39:06.553,0.93955,0.93964,1.13,1.58
2013.12.02 13:39:07.266,0.93955,0.93965,1.13,1.20
2013.12.02 13:39:07.553,0.93955,0.93964,1.13,1.13
2013.12.02 13:39:08.090,0.93955,0.93965,1.13,1.58
2013.12.02 13:39:08.288,0.93955,0.93965,1.13,1.58
2013.12.02 13:39:08.873,0.93957,0.93966,1.13,1.58
2013.12.02 13:39:09.380,0.93957,0.93967,1.13,1.88
2013.12.02 13:39:09.684,0.93957,0.93967,1.13,1.50
2013.12.02 13:39:10.201,0.93957,0.93968,1.13,1.88
2013.12.02 13:39:10.909,0.93957,0.93968,1.13,1.50
2013.12.02 13:39:11.619,0.93956,0.93968,1.88,1.50
2013.12.02 13:39:11.721,0.93956,0.93968,2.48,2.25
2013.12.02 13:39:12.243,0.93957,0.93967,1.13,1.88
2013.12.02 13:39:12.344,0.93956,0.93967,1.13,2.03
2013.12.02 13:39:12.395,0.93956,0.93967,1.13,2.40
2013.12.02 13:39:12.597,0.93956,0.93965,1.13,1.58
2013.12.02 13:39:12.748,0.93952,0.93962,1.13,1.50
2013.12.02 13:39:13.052,0.93952,0.93962,1.13,2.25
2013.12.02 13:39:13.373,0.93953,0.93963,1.20,1.50
2013.12.02 13:39:14.352,0.93954,0.93962,1.13,1.50
2013.12.02 13:39:15.243,0.93954,0.93963,1.13,1.13
2013.12.02 13:39:15.395,0.93954,0.93963,1.13,1.13
2013.12.02 13:39:15.911,0.93954,0.93963,1.13,1.13
2013.12.02 13:39:16.115,0.93954,0.93963,1.13,1.13
2013.12.02 13:39:16.571,0.93954,0.93963,1.95,1.13
2013.12.02 13:39:16.673,0.93954,0.93963,2.63,1.13
2013.12.02 13:39:16.825,0.93956,0.93966,1.13,1.88
2013.12.02 13:39:17.432,0.93956,0.93966,1.88,1.13
2013.12.02 13:39:17.943,0.93956,0.93966,1.88,1.13
2013.12.02 13:39:19.193,0.93956,0.93966,1.88,2.25
2013.12.02 13:39:20.404,0.93956,0.93966,1.13,2.63
2013.12.02 13:39:20.606,0.93956,0.93966,1.13,1.88
2013.12.02 13:39:21.141,0.93956,0.93966,1.13,1.88
2013.12.02 13:39:21.332,0.93957,0.93966,1.13,1.88
2013.12.02 13:39:21.536,0.93959,0.93969,1.13,1.58
2013.12.02 13:39:22.094,0.9396,0.93969,1.13,1.58
2013.12.02 13:39:26.167,0.9396,0.93969,1.88,1.95
2013.12.02 13:39:26.384,0.9396,0.93969,1.88,1.88
2013.12.02 13:39:26.911,0.93965,0.93971,1.13,3.83
2013.12.02 13:39:27.063,0.93965,0.93973,1.88,3.00
2013.12.02 13:39:27.114,0.93965,0.93974,1.88,2.25
2013.12.02 13:39:27.266,0.93965,0.93976,3.00,1.58
2013.12.02 13:39:27.317,0.93966,0.93977,1.13,1.65
2013.12.02 13:39:28.072,0.93966,0.93978,1.88,4.95
2013.12.02 13:39:28.213,0.93966,0.93978,1.88,5.33
2013.12.02 13:39:28.732,0.93966,0.93977,1.88,2.03
2013.12.02 13:39:29.793,0.93966,0.93977,1.88,1.65
2013.12.02 13:39:30.382,0.93966,0.93977,1.88,1.65
2013.12.02 13:39:30.862,0.93966,0.93977,1.88,1.65
2013.12.02 13:39:31.374,0.93966,0.93977,1.88,1.65
2013.12.02 13:39:33.282,0.93966,0.93977,1.88,2.03
2013.12.02 13:39:33.486,0.93966,0.93977,1.88,2.03
2013.12.02 13:39:34.508,0.93966,0.93974,1.50,1.13
2013.12.02 13:39:34.610,0.93966,0.93977,1.88,2.03
2013.12.02 13:39:34.724,0.93966,0.93975,1.88,1.13
2013.12.02 13:39:34.977,0.93966,0.93977,1.88,1.65
2013.12.02 13:39:35.281,0.93969,0.93979,1.13,3.83
2013.12.02 13:39:38.258,0.93972,0.9398,1.88,1.58
2013.12.02 13:39:38.765,0.93972,0.9398,1.13,3.83
2013.12.02 13:39:40.451,0.9397,0.9398,1.88,2.25
2013.12.02 13:39:40.654,0.9397,0.93978,1.13,3.00
2013.12.02 13:39:40.808,0.93965,0.93977,1.88,3.83
2013.12.02 13:39:40.909,0.93965,0.93977,1.88,3.45
2013.12.02 13:39:41.010,0.93964,0.93975,1.88,2.33
2013.12.02 13:39:41.112,0.93963,0.93973,1.13,1.50
2013.12.02 13:39:41.532,0.93962,0.93973,1.13,2.70
2013.12.02 13:39:41.633,0.93963,0.93973,1.13,1.88
2013.12.02 13:39:41.987,0.93965,0.93975,1.88,1.50
2013.12.02 13:39:42.037,0.93965,0.93975,1.88,1.50
2013.12.02 13:39:42.660,0.93965,0.93975,1.13,1.50
2013.12.02 13:39:42.893,0.93964,0.93975,1.88,2.25
2013.12.02 13:39:43.045,0.93964,0.93975,1.13,2.25
2013.12.02 13:39:43.348,0.93961,0.93973,1.20,1.50
2013.12.02 13:39:43.920,0.93961,0.93973,1.20,1.88
2013.12.02 13:39:44.960,0.93961,0.93973,1.20,1.88
2013.12.02 13:39:45.626,0.93962,0.93975,3.45,1.88
2013.12.02 13:39:45.727,0.93964,0.93975,1.20,1.13
2013.12.02 13:39:45.828,0.93965,0.93976,2.63,1.13
2013.12.02 13:39:45.929,0.93965,0.93975,1.13,1.13
2013.12.02 13:39:45.980,0.93965,0.93975,1.13,1.58
2013.12.02 13:39:46.132,0.93961,0.93971,1.50,1.88
2013.12.02 13:39:46.284,0.93961,0.93972,2.63,1.13
2013.12.02 13:39:46.436,0.93964,0.93972,1.50,1.13
2013.12.02 13:39:46.537,0.93965,0.93974,2.63,1.20
2013.12.02 13:39:46.689,0.93963,0.93975,2.33,3.38
2013.12.02 13:39:47.408,0.93964,0.93975,1.13,1.20
2013.12.02 13:39:47.934,0.93964,0.93975,1.88,1.20
2013.12.02 13:39:50.697,0.93964,0.93975,1.88,1.20
2013.12.02 13:39:51.515,0.93964,0.93975,1.13,1.13
2013.12.02 13:39:52.335,0.93963,0.93974,1.50,1.13
2013.12.02 13:39:52.843,0.93962,0.93974,1.13,1.28
2013.12.02 13:39:53.349,0.93962,0.93974,1.13,1.20
2013.12.02 13:39:54.210,0.93961,0.93972,3.75,1.13
2013.12.02 13:39:54.261,0.93961,0.93971,3.00,2.63
2013.12.02 13:39:54.566,0.93956,0.93968,2.63,3.45
2013.12.02 13:40:02.883,0.93957,0.93968,1.13,1.13
2013.12.02 13:40:04.275,0.93957,0.93968,1.13,1.28
2013.12.02 13:40:04.326,0.93956,0.93968,1.13,2.03
2013.12.02 13:40:04.428,0.93957,0.93969,1.13,4.95
2013.12.02 13:40:04.479,0.93957,0.93968,1.13,1.65
2013.12.02 13:40:04.581,0.93957,0.93968,1.13,2.03
2013.12.02 13:40:05.087,0.93955,0.93967,1.88,1.58
2013.12.02 13:40:05.340,0.93955,0.93966,1.13,2.70
2013.12.02 13:40:05.859,0.93954,0.93965,1.88,1.13
2013.12.02 13:40:12.122,0.93954,0.93966,1.88,2.33
2013.12.02 13:40:12.902,0.93954,0.93964,1.13,1.13
2013.12.02 13:40:13.054,0.93954,0.93962,1.13,1.13
2013.12.02 13:40:14.712,0.93951,0.93962,1.20,1.50
2013.12.02 13:40:15.244,0.93951,0.93961,1.20,1.13
2013.12.02 13:40:17.466,0.93951,0.93961,1.13,1.13
2013.12.02 13:40:17.793,0.9395,0.93959,1.13,1.13
2013.12.02 13:40:18.684,0.9395,0.9396,1.13,1.50
2013.12.02 13:40:18.836,0.9395,0.93961,1.13,1.13
2013.12.02 13:40:19.240,0.9395,0.93961,1.13,1.50
2013.12.02 13:40:19.746,0.93953,0.93964,1.20,1.88
2013.12.02 13:40:19.848,0.93953,0.93963,1.20,1.50
2013.12.02 13:40:20.354,0.93953,0.93963,1.20,1.50
2013.12.02 13:40:21.867,0.93953,0.93963,1.20,1.50
2013.12.02 13:40:21.968,0.93953,0.93963,1.20,1.50
2013.12.02 13:40:24.692,0.93953,0.93965,1.28,3.38
2013.12.02 13:40:26.721,0.93953,0.93964,1.28,1.88
2013.12.02 13:40:27.130,0.93953,0.93964,1.13,1.20
2013.12.02 13:40:28.131,0.93953,0.93965,1.13,2.33
2013.12.02 13:40:29.340,0.93953,0.93965,1.13,1.58
2013.12.02 13:40:30.904,0.93953,0.93965,1.13,1.58
2013.12.02 13:40:32.971,0.93953,0.93965,1.13,1.58
2013.12.02 13:40:33.072,0.93958,0.93966,1.13,1.58
2013.12.02 13:40:33.173,0.93958,0.93968,1.13,1.65
2013.12.02 13:40:33.528,0.93959,0.9397,1.13,1.50
2013.12.02 13:40:33.833,0.93957,0.93969,1.88,3.45
2013.12.02 13:40:34.389,0.93957,0.9397,2.63,3.08
2013.12.02 13:40:37.624,0.93957,0.9397,1.88,4.58
2013.12.02 13:40:37.725,0.93957,0.9397,1.13,4.95
2013.12.02 13:40:38.078,0.93956,0.93968,1.13,3.08
2013.12.02 13:40:38.381,0.93955,0.93966,1.13,2.03
2013.12.02 13:40:38.533,0.93955,0.93968,1.13,3.08
2013.12.02 13:40:38.735,0.93954,0.93968,1.88,3.08
2013.12.02 13:40:38.837,0.93954,0.93966,2.63,1.95
2013.12.02 13:40:38.938,0.93954,0.93966,1.88,1.58
2013.12.02 13:40:39.453,0.93957,0.93969,1.13,1.65
2013.12.02 13:40:39.757,0.93955,0.93967,1.13,3.08
2013.12.02 13:40:40.277,0.93955,0.93967,1.13,3.08
2013.12.02 13:40:41.446,0.93955,0.93965,1.13,1.58
2013.12.02 13:40:41.952,0.93953,0.93965,1.13,2.25
2013.12.02 13:40:42.809,0.93954,0.93965,1.13,1.88
2013.12.02 13:40:47.415,0.93954,0.93965,1.13,1.13
2013.12.02 13:40:48.560,0.93953,0.93965,1.13,1.13
2013.12.02 13:40:49.855,0.93953,0.93965,1.50,1.13
2013.12.02 13:40:50.008,0.93952,0.93963,1.13,1.28
2013.12.02 13:40:50.515,0.93952,0.93964,1.88,1.95
2013.12.02 13:40:50.768,0.93951,0.93962,1.88,1.28
2013.12.02 13:40:51.241,0.93952,0.93962,1.13,1.28
2013.12.02 13:40:51.393,0.93953,0.93963,1.88,1.13
2013.12.02 13:40:51.940,0.93953,0.93964,1.88,1.13
2013.12.02 13:40:53.842,0.93952,0.93964,4.20,1.13
2013.12.02 13:40:57.133,0.93951,0.93964,2.63,1.95
2013.12.02 13:40:57.437,0.93948,0.93958,1.58,1.13
2013.12.02 13:40:57.488,0.93948,0.93958,1.58,1.13
2013.12.02 13:40:58.894,0.93949,0.93958,1.50,1.13
2013.12.02 13:40:59.097,0.93946,0.93956,1.50,2.70
2013.12.02 13:41:04.514,0.93946,0.93957,1.88,3.45
2013.12.02 13:41:04.666,0.93947,0.93958,1.88,1.20
2013.12.02 13:41:05.082,0.93947,0.93958,1.88,2.33
2013.12.02 13:41:05.519,0.93946,0.93958,1.50,2.33
2013.12.02 13:41:06.022,0.93946,0.93958,1.50,2.33
2013.12.02 13:41:09.093,0.93946,0.93958,1.50,3.83
2013.12.02 13:41:10.650,0.93946,0.93957,1.50,1.13
2013.12.02 13:41:11.797,0.93944,0.93957,2.70,1.13
2013.12.02 13:41:12.353,0.93946,0.93958,1.13,2.70
2013.12.02 13:41:12.630,0.93946,0.93956,1.13,3.00
2013.12.02 13:41:13.002,0.93946,0.93957,1.13,1.13
2013.12.02 13:41:15.768,0.93946,0.93958,2.63,1.58
2013.12.02 13:41:16.072,0.93955,0.93964,1.88,3.08
2013.12.02 13:41:16.376,0.93955,0.93964,1.88,2.25
2013.12.02 13:41:16.629,0.93955,0.93962,1.50,1.13
2013.12.02 13:41:16.680,0.93955,0.93966,2.25,3.08
2013.12.02 13:41:16.731,0.93955,0.93964,1.50,1.20
2013.12.02 13:41:16.933,0.93955,0.93967,2.25,1.20
2013.12.02 13:41:17.191,0.93955,0.93967,1.50,2.33
2013.12.02 13:41:20.203,0.93953,0.93966,2.63,1.28
2013.12.02 13:41:20.807,0.93953,0.93966,2.25,1.28
2013.12.02 13:41:22.808,0.93952,0.93962,1.50,1.13
2013.12.02 13:41:24.962,0.93951,0.9396,1.20,1.13
2013.12.02 13:41:25.586,0.9395,0.9396,1.28,1.13
2013.12.02 13:41:25.688,0.93949,0.9396,3.00,1.88
2013.12.02 13:41:25.739,0.93948,0.9396,1.13,1.95
2013.12.02 13:41:25.993,0.93949,0.9396,1.13,1.50
2013.12.02 13:41:26.045,0.93952,0.93961,1.13,1.95
2013.12.02 13:41:26.571,0.93954,0.93963,1.88,1.50
2013.12.02 13:41:26.688,0.93954,0.93963,1.88,1.50
2013.12.02 13:41:27.304,0.93955,0.93962,1.13,1.13
2013.12.02 13:41:27.608,0.9395,0.93959,3.08,1.13
2013.12.02 13:41:28.013,0.93953,0.93962,1.28,1.13
2013.12.02 13:41:28.115,0.93954,0.93963,1.20,1.13
2013.12.02 13:41:28.317,0.93954,0.93963,1.20,1.13
2013.12.02 13:41:29.893,0.93953,0.93963,1.13,1.13
2013.12.02 13:41:29.995,0.93952,0.93964,2.25,1.20
2013.12.02 13:41:30.565,0.93952,0.93964,2.25,1.28
2013.12.02 13:41:30.768,0.93952,0.93963,2.70,1.13
2013.12.02 13:41:30.870,0.93954,0.93963,1.28,1.13
2013.12.02 13:41:31.072,0.93954,0.93966,1.88,2.48
2013.12.02 13:41:31.175,0.93954,0.93963,1.13,1.13
2013.12.02 13:41:31.478,0.93947,0.93961,3.08,3.23
2013.12.02 13:41:31.808,0.93946,0.93959,3.83,1.13
2013.12.02 13:41:32.739,0.93946,0.93959,3.83,1.13
2013.12.02 13:41:32.840,0.93948,0.93959,1.20,1.13
2013.12.02 13:41:33.611,0.93946,0.93959,1.65,1.13
2013.12.02 13:41:34.150,0.93946,0.93957,1.65,1.13
2013.12.02 13:41:34.974,0.93949,0.93958,1.13,1.13
2013.12.02 13:41:35.438,0.93946,0.93955,1.58,1.50
2013.12.02 13:41:35.489,0.93948,0.93955,1.13,1.13
2013.12.02 13:41:35.591,0.93946,0.93955,1.13,2.63
2013.12.02 13:41:35.861,0.93948,0.93958,1.13,1.28
2013.12.02 13:41:36.153,0.93946,0.93957,1.20,1.13
2013.12.02 13:41:36.725,0.93946,0.93957,1.20,1.13
2013.12.02 13:41:38.466,0.93948,0.93959,1.13,1.13
2013.12.02 13:41:38.770,0.93949,0.9396,1.13,1.88
2013.12.02 13:41:39.918,0.9395,0.9396,1.13,1.50
2013.12.02 13:41:40.431,0.9395,0.93959,1.13,1.13
2013.12.02 13:41:41.542,0.93951,0.9396,1.13,1.13
2013.12.02 13:41:41.870,0.93949,0.93959,1.20,1.13
2013.12.02 13:41:42.878,0.93951,0.9396,1.13,1.13
2013.12.02 13:41:45.950,0.9395,0.93961,1.50,1.13
2013.12.02 13:41:46.664,0.9395,0.93961,1.20,1.13
2013.12.02 13:41:46.716,0.93954,0.93964,1.95,1.13
2013.12.02 13:41:46.970,0.93956,0.93967,1.20,2.25
2013.12.02 13:41:47.021,0.93957,0.93968,1.20,1.50
2013.12.02 13:41:47.174,0.93957,0.93968,1.20,1.13
2013.12.02 13:41:47.731,0.93956,0.93968,1.28,1.13
2013.12.02 13:41:53.992,0.93957,0.93967,1.50,1.50
2013.12.02 13:41:54.296,0.93965,0.93977,1.13,2.40
2013.12.02 13:41:54.397,0.93968,0.93978,1.13,3.45
2013.12.02 13:41:54.946,0.93968,0.93979,1.13,1.88
2013.12.02 13:41:55.466,0.93968,0.93978,1.13,1.20
2013.12.02 13:41:55.998,0.93968,0.93977,1.13,1.20
2013.12.02 13:41:56.392,0.93966,0.93976,1.13,1.13
2013.12.02 13:41:56.903,0.93965,0.93975,1.13,2.63
2013.12.02 13:41:57.355,0.93965,0.93972,1.13,1.35
2013.12.02 13:41:57.507,0.9396,0.93968,1.20,1.50
2013.12.02 13:41:58.013,0.93959,0.93968,1.13,1.13
2013.12.02 13:41:58.545,0.9396,0.9397,1.13,1.95
2013.12.02 13:41:59.480,0.9396,0.93969,1.13,1.13
2013.12.02 13:42:00.090,0.9396,0.93969,1.13,2.63
2013.12.02 13:42:02.719,0.9396,0.93971,1.13,2.78
2013.12.02 13:42:06.247,0.93959,0.93971,1.13,2.25
2013.12.02 13:42:06.790,0.93958,0.93968,1.13,1.50
2013.12.02 13:42:10.199,0.93957,0.93967,1.13,1.13
2013.12.02 13:42:11.921,0.93958,0.93967,1.13,1.20
2013.12.02 13:42:12.500,0.93959,0.93969,1.13,2.03
2013.12.02 13:42:13.288,0.93959,0.93969,1.13,4.20
2013.12.02 13:42:14.328,0.93958,0.93967,1.13,1.95
2013.12.02 13:42:16.255,0.93956,0.93965,1.50,1.13
2013.12.02 13:42:16.508,0.93953,0.93961,1.20,3.00
2013.12.02 13:42:16.609,0.93949,0.9396,1.13,4.20
2013.12.02 13:42:17.115,0.93948,0.93959,1.13,1.28
2013.12.02 13:42:17.267,0.93947,0.93958,1.13,3.08
2013.12.02 13:42:17.520,0.93945,0.93954,2.70,1.58
2013.12.02 13:42:17.571,0.93945,0.93954,2.25,4.20
2013.12.02 13:42:17.673,0.93937,0.93951,4.58,1.13
2013.12.02 13:42:17.724,0.9394,0.93948,1.13,1.88
2013.12.02 13:42:17.825,0.93939,0.93948,1.13,1.95
2013.12.02 13:42:18.129,0.93939,0.93948,1.20,1.50
2013.12.02 13:42:18.281,0.93942,0.93952,1.13,1.50
2013.12.02 13:42:18.383,0.93942,0.93953,1.20,2.63
2013.12.02 13:42:18.940,0.93943,0.93954,1.20,1.13
2013.12.02 13:42:19.598,0.93942,0.93954,1.95,1.88
2013.12.02 13:42:20.229,0.93942,0.93954,1.88,1.88
2013.12.02 13:42:21.983,0.93942,0.93951,1.50,2.03
2013.12.02 13:42:22.236,0.93934,0.93945,1.20,1.13
2013.12.02 13:42:22.388,0.93933,0.93945,1.13,1.20
2013.12.02 13:42:23.190,0.93933,0.93944,1.13,1.13
2013.12.02 13:42:23.706,0.93932,0.93944,1.58,1.13
2013.12.02 13:42:24.353,0.93932,0.93941,1.58,1.13
2013.12.02 13:42:25.133,0.93932,0.93942,1.95,1.13
2013.12.02 13:42:25.653,0.93932,0.93945,1.95,1.20
2013.12.02 13:42:31.219,0.93933,0.93945,1.13,1.58
2013.12.02 13:42:32.347,0.93934,0.93945,1.88,1.88
2013.12.02 13:42:32.600,0.93941,0.93951,1.13,1.88
2013.12.02 13:42:32.701,0.93941,0.93951,1.88,1.13
2013.12.02 13:42:36.584,0.93941,0.93951,1.95,1.13
2013.12.02 13:42:37.606,0.93941,0.93954,1.95,1.13
2013.12.02 13:42:39.115,0.93941,0.93954,1.58,1.13
2013.12.02 13:42:39.770,0.9394,0.93953,1.28,1.13
2013.12.02 13:42:41.690,0.93939,0.9395,1.50,1.13
2013.12.02 13:42:42.697,0.93938,0.9395,1.50,1.13
2013.12.02 13:42:43.010,0.93938,0.9395,1.50,2.03
2013.12.02 13:42:43.214,0.93938,0.93946,1.50,1.13
2013.12.02 13:42:43.417,0.93932,0.93944,1.50,1.20
2013.12.02 13:42:43.922,0.93932,0.93942,1.50,1.20
2013.12.02 13:42:44.638,0.9393,0.93941,1.50,1.20
2013.12.02 13:42:44.689,0.9393,0.93941,1.50,1.20
2013.12.02 13:42:45.941,0.9393,0.93941,1.13,1.20
2013.12.02 13:42:50.120,0.93931,0.93942,1.13,1.13
2013.12.02 13:42:53.539,0.9393,0.93941,1.88,1.13
2013.12.02 13:42:53.641,0.93929,0.93941,1.50,1.28
2013.12.02 13:42:55.117,0.93927,0.9394,1.88,1.88
2013.12.02 13:42:55.319,0.93929,0.93941,1.88,2.55
2013.12.02 13:42:57.068,0.93931,0.93941,1.50,1.95
2013.12.02 13:42:57.170,0.93931,0.93941,1.88,1.88
2013.12.02 13:42:57.731,0.93932,0.93941,1.50,1.13
2013.12.02 13:42:58.183,0.93931,0.93943,2.63,1.13
2013.12.02 13:42:58.336,0.93933,0.93943,1.50,1.13
2013.12.02 13:42:58.387,0.93934,0.93943,1.13,1.13
2013.12.02 13:42:58.744,0.93937,0.93946,1.88,1.13
2013.12.02 13:42:59.048,0.93943,0.9395,2.63,1.50
2013.12.02 13:42:59.402,0.93938,0.9395,1.88,2.03
2013.12.02 13:42:59.504,0.93938,0.9395,1.88,2.78
2013.12.02 13:42:59.655,0.93937,0.93946,1.88,1.88
2013.12.02 13:43:00.414,0.93936,0.93946,2.70,1.50
2013.12.02 13:43:02.589,0.93937,0.93947,1.13,1.95
2013.12.02 13:43:04.131,0.93936,0.93946,2.25,1.20
2013.12.02 13:43:04.334,0.93937,0.93947,1.13,2.03
2013.12.02 13:43:06.882,0.93936,0.93946,1.88,1.13
2013.12.02 13:43:06.983,0.93936,0.93945,1.50,1.20
2013.12.02 13:43:07.636,0.93936,0.93944,1.13,1.50
2013.12.02 13:43:09.964,0.93936,0.93944,1.88,1.50
2013.12.02 13:43:15.700,0.93934,0.93945,2.70,1.88
2013.12.02 13:43:15.751,0.93934,0.93945,2.70,1.88
2013.12.02 13:43:18.426,0.93935,0.93945,1.13,1.88
2013.12.02 13:43:18.629,0.93934,0.93946,2.25,2.70
2013.12.02 13:43:19.084,0.93934,0.93945,1.13,1.20
2013.12.02 13:43:20.811,0.93934,0.93946,1.88,2.78
2013.12.02 13:43:23.899,0.93934,0.93946,1.95,1.13
2013.12.02 13:43:29.210,0.93937,0.93947,1.20,1.13
2013.12.02 13:43:30.672,0.93938,0.93948,3.75,2.10
2013.12.02 13:43:30.724,0.93939,0.93949,1.95,1.13
2013.12.02 13:43:30.775,0.93942,0.9395,1.50,1.50
2013.12.02 13:43:31.079,0.93948,0.93956,1.13,2.25
2013.12.02 13:43:31.848,0.93945,0.93956,1.13,2.63
2013.12.02 13:43:40.143,0.93943,0.93954,1.20,1.13
2013.12.02 13:43:40.498,0.93943,0.93954,1.20,1.88
2013.12.02 13:43:40.849,0.93943,0.93954,1.20,1.88
2013.12.02 13:43:41.716,0.93943,0.93954,1.20,1.88
2013.12.02 13:43:42.303,0.93943,0.93954,1.20,1.88
2013.12.02 13:43:45.709,0.93943,0.93955,1.20,1.13
2013.12.02 13:43:46.264,0.93943,0.93955,1.20,1.88
2013.12.02 13:43:46.547,0.93943,0.93954,1.20,1.13
2013.12.02 13:43:47.065,0.93943,0.93954,1.20,1.13
2013.12.02 13:43:50.958,0.93943,0.93953,1.20,1.13
2013.12.02 13:43:51.545,0.93943,0.93954,1.20,1.88
2013.12.02 13:43:52.742,0.93943,0.93953,1.13,1.13
2013.12.02 13:43:53.767,0.93943,0.93953,1.13,1.13
2013.12.02 13:43:55.967,0.93943,0.93953,1.13,1.13
2013.12.02 13:43:56.496,0.93943,0.93954,1.13,2.63
2013.12.02 13:44:00.260,0.93943,0.93954,1.13,2.63
2013.12.02 13:44:02.949,0.93943,0.93953,1.13,1.50
2013.12.02 13:44:03.458,0.93943,0.93953,1.13,1.50
2013.12.02 13:44:03.927,0.93943,0.93953,1.13,1.50
2013.12.02 13:44:05.621,0.93943,0.93953,1.13,1.50
2013.12.02 13:44:06.139,0.93943,0.93953,1.13,1.13
2013.12.02 13:44:07.163,0.93943,0.93952,1.13,3.38
2013.12.02 13:44:07.264,0.9394,0.93948,1.50,2.25
2013.12.02 13:44:07.467,0.93934,0.93943,1.13,1.50
2013.12.02 13:44:08.667,0.93933,0.93942,1.20,1.13
2013.12.02 13:44:14.446,0.93933,0.93944,1.20,3.75
2013.12.02 13:44:17.948,0.93933,0.93944,1.20,3.00
2013.12.02 13:44:18.151,0.93935,0.93944,1.13,2.25
2013.12.02 13:44:18.668,0.93933,0.93944,1.20,3.00
2013.12.02 13:44:19.250,0.93935,0.93944,1.20,3.00
2013.12.02 13:44:19.553,0.93938,0.93949,1.95,1.13
2013.12.02 13:44:20.158,0.93942,0.93951,1.13,1.50
2013.12.02 13:44:20.671,0.9394,0.93951,1.20,1.50
2013.12.02 13:44:21.257,0.9394,0.93951,1.13,1.88
2013.12.02 13:44:21.762,0.9394,0.9395,1.13,1.13
2013.12.02 13:44:28.385,0.9394,0.93951,1.13,1.88
2013.12.02 13:44:28.905,0.9394,0.93952,1.88,1.58
2013.12.02 13:44:29.508,0.9394,0.93952,1.88,1.58
2013.12.02 13:44:30.680,0.93942,0.93953,1.13,1.58
2013.12.02 13:44:31.084,0.93943,0.93953,1.13,1.50
2013.12.02 13:44:31.662,0.93943,0.93953,1.13,1.13
2013.12.02 13:44:35.410,0.93942,0.93954,1.20,3.98
2013.12.02 13:44:36.177,0.93942,0.93954,1.20,2.85
2013.12.02 13:44:42.488,0.93942,0.93954,1.20,3.98
2013.12.02 13:44:43.044,0.93942,0.93954,1.20,3.60
2013.12.02 13:44:43.555,0.93942,0.93954,1.20,3.98
2013.12.02 13:44:47.358,0.93942,0.93952,1.20,1.50
2013.12.02 13:44:49.646,0.93942,0.93952,1.20,1.50
2013.12.02 13:44:55.416,0.93942,0.93952,1.20,1.50
2013.12.02 13:44:56.163,0.93942,0.93952,1.13,1.88
2013.12.02 13:44:56.670,0.93939,0.93951,1.20,1.13
2013.12.02 13:44:57.247,0.93939,0.93951,1.20,1.50
2013.12.02 13:44:57.819,0.93939,0.93951,1.20,1.88
2013.12.02 13:44:57.921,0.9394,0.93949,1.13,1.50
2013.12.02 13:44:58.230,0.93937,0.93945,1.50,1.13
2013.12.02 13:44:58.382,0.93933,0.93945,3.75,3.38
2013.12.02 13:44:58.736,0.93933,0.93942,1.13,1.13
2013.12.02 13:44:59.267,0.93933,0.93942,1.13,1.13
2013.12.02 13:45:00.269,0.93933,0.93942,1.13,1.13
2013.12.02 13:45:00.792,0.93933,0.93943,1.13,1.13
2013.12.02 13:45:01.538,0.93932,0.93942,1.20,1.13
2013.12.02 13:45:02.880,0.93931,0.93941,1.28,1.50
2013.12.02 13:45:03.133,0.93926,0.93938,1.88,1.80
2013.12.02 13:45:03.727,0.93926,0.93938,1.13,1.80
2013.12.02 13:45:06.441,0.93926,0.93938,1.88,1.20
2013.12.02 13:45:06.593,0.93926,0.93939,1.20,3.08
2013.12.02 13:45:07.545,0.9393,0.93939,1.13,1.95
2013.12.02 13:45:07.849,0.93931,0.93943,2.78,1.50
2013.12.02 13:45:08.435,0.93933,0.93944,1.13,2.63
2013.12.02 13:45:09.416,0.93933,0.93944,1.13,2.63
2013.12.02 13:45:09.948,0.93935,0.93944,1.13,2.63
2013.12.02 13:45:10.606,0.93935,0.93944,1.13,2.63
2013.12.02 13:45:11.839,0.93935,0.93944,1.13,2.25
2013.12.02 13:45:15.121,0.93933,0.93944,1.13,1.50
2013.12.02 13:45:16.879,0.93933,0.93945,1.28,3.00
2013.12.02 13:45:17.182,0.93933,0.93943,1.28,1.50
2013.12.02 13:45:17.264,0.93933,0.93943,1.28,1.50
2013.12.02 13:45:17.617,0.93933,0.93943,1.20,1.50
2013.12.02 13:45:17.937,0.93933,0.93943,1.20,1.50
2013.12.02 13:45:18.642,0.93933,0.93943,1.20,1.50
2013.12.02 13:45:18.743,0.93933,0.93944,1.20,1.13
2013.12.02 13:45:19.301,0.93933,0.93945,1.20,3.00
2013.12.02 13:45:21.136,0.93936,0.93945,1.13,1.50
2013.12.02 13:45:21.440,0.93936,0.93947,1.20,2.25
2013.12.02 13:45:21.491,0.93937,0.93947,1.13,1.50
2013.12.02 13:45:21.801,0.93942,0.93951,1.13,1.95
2013.12.02 13:45:22.003,0.93942,0.93951,1.13,1.13
2013.12.02 13:45:24.806,0.93942,0.93952,1.13,1.88
2013.12.02 13:45:25.418,0.93942,0.93952,1.95,1.13
2013.12.02 13:45:25.852,0.93945,0.93954,1.13,1.50
2013.12.02 13:45:26.621,0.93945,0.93956,1.13,3.15
2013.12.02 13:45:28.260,0.93944,0.93954,1.13,1.50
2013.12.02 13:45:28.767,0.93945,0.93954,1.13,1.50
2013.12.02 13:45:29.909,0.93945,0.93956,1.13,2.25
2013.12.02 13:45:30.677,0.93945,0.93956,1.13,2.25
2013.12.02 13:45:33.666,0.93948,0.93956,1.13,2.25
2013.12.02 13:45:34.427,0.93948,0.93956,1.13,2.25
2013.12.02 13:45:38.626,0.93947,0.93956,1.13,3.00
2013.12.02 13:45:39.656,0.93944,0.93956,1.20,3.00
2013.12.02 13:45:40.168,0.93944,0.93956,1.20,3.00
2013.12.02 13:45:40.849,0.93946,0.93956,1.13,1.88
2013.12.02 13:45:41.617,0.93946,0.93956,1.13,1.88
2013.12.02 13:45:41.970,0.93946,0.93956,1.13,1.88
2013.12.02 13:45:44.160,0.93947,0.93956,1.05,1.50
2013.12.02 13:45:44.463,0.93951,0.93963,1.13,2.63
2013.12.02 13:45:44.565,0.93951,0.93963,1.13,3.38
2013.12.02 13:45:45.047,0.93951,0.93962,1.13,1.13
2013.12.02 13:45:45.149,0.93951,0.93961,1.13,1.50
2013.12.02 13:45:46.478,0.93951,0.9396,1.13,1.50
2013.12.02 13:45:46.832,0.93951,0.93959,1.13,2.25
2013.12.02 13:45:46.934,0.93947,0.93959,1.28,2.63
2013.12.02 13:45:46.985,0.93946,0.93955,3.38,1.50
2013.12.02 13:45:47.036,0.93946,0.93955,1.13,1.88
2013.12.02 13:45:47.581,0.93944,0.93955,1.13,2.63
2013.12.02 13:45:48.219,0.93944,0.93955,1.13,2.63
2013.12.02 13:45:49.148,0.93944,0.93955,1.13,2.63
2013.12.02 13:45:51.642,0.93943,0.93954,1.20,1.50
2013.12.02 13:45:52.215,0.93941,0.93952,3.45,1.13
2013.12.02 13:45:53.991,0.93941,0.93952,3.45,1.13
2013.12.02 13:45:54.602,0.93941,0.93952,3.08,1.13
2013.12.02 13:45:55.064,0.93939,0.93952,1.95,1.88
2013.12.02 13:45:56.061,0.9394,0.9395,1.13,1.20
2013.12.02 13:45:56.417,0.93938,0.9395,1.95,2.63
2013.12.02 13:45:58.955,0.93938,0.93949,1.20,2.25
2013.12.02 13:46:01.676,0.93938,0.93949,1.13,3.38
2013.12.02 13:46:02.307,0.93938,0.93949,1.20,3.38
2013.12.02 13:46:04.101,0.93938,0.93949,1.20,3.38
2013.12.02 13:46:04.631,0.93939,0.93949,1.13,2.63
2013.12.02 13:46:05.661,0.93938,0.93949,1.95,3.00
2013.12.02 13:46:05.888,0.93938,0.93949,1.95,3.38
2013.12.02 13:46:05.939,0.93938,0.93948,1.95,1.50
2013.12.02 13:46:06.141,0.93935,0.93946,1.95,2.25
2013.12.02 13:46:06.445,0.93934,0.93945,1.28,1.13
2013.12.02 13:46:06.749,0.93934,0.93943,1.13,2.33
2013.12.02 13:46:06.800,0.93933,0.93943,1.13,2.70
2013.12.02 13:46:06.902,0.93935,0.93943,1.13,1.50
2013.12.02 13:46:07.104,0.93933,0.93945,1.28,3.00
2013.12.02 13:46:07.468,0.93932,0.93943,2.33,1.88
2013.12.02 13:46:07.620,0.93929,0.93939,1.50,1.50
2013.12.02 13:46:08.130,0.93929,0.93938,1.13,1.13
2013.12.02 13:46:08.181,0.93929,0.93941,1.13,2.70
2013.12.02 13:46:08.333,0.93929,0.9394,1.58,1.13
2013.12.02 13:46:08.854,0.93928,0.93937,1.13,1.13
2013.12.02 13:46:09.399,0.93928,0.93937,1.13,1.13
2013.12.02 13:46:09.902,0.93927,0.93937,1.88,1.13
2013.12.02 13:46:10.406,0.93928,0.93938,1.13,1.13
2013.12.02 13:46:10.842,0.93931,0.93941,1.13,1.88
2013.12.02 13:46:10.994,0.93931,0.93941,1.20,1.50
2013.12.02 13:46:11.502,0.93933,0.93942,1.13,1.88
2013.12.02 13:46:12.026,0.93932,0.93942,1.13,1.88
2013.12.02 13:46:13.209,0.93932,0.93941,1.13,1.13
2013.12.02 13:46:13.862,0.9393,0.93941,1.20,1.13
2013.12.02 13:46:18.867,0.9393,0.9394,1.20,1.13
2013.12.02 13:46:19.410,0.9393,0.93941,1.20,1.50
2013.12.02 13:46:21.648,0.93931,0.93941,1.13,2.25
2013.12.02 13:46:30.934,0.9393,0.93941,1.20,2.25
2013.12.02 13:46:31.574,0.93931,0.93941,1.13,2.25
2013.12.02 13:46:32.911,0.93932,0.93941,1.13,1.88
2013.12.02 13:46:32.962,0.93932,0.93941,1.13,1.88
2013.12.02 13:46:41.999,0.93931,0.93941,1.88,1.20
2013.12.02 13:46:42.582,0.93931,0.93942,1.13,2.78
2013.12.02 13:46:43.091,0.93931,0.93941,1.13,1.58
2013.12.02 13:46:43.716,0.93931,0.93941,1.13,2.33
2013.12.02 13:46:43.818,0.9393,0.93939,1.13,2.33
2013.12.02 13:46:44.021,0.93928,0.93937,1.13,2.03
2013.12.02 13:46:44.561,0.93928,0.93937,1.13,4.20
2013.12.02 13:46:45.170,0.93928,0.93937,1.13,5.33
2013.12.02 13:46:48.673,0.93925,0.93935,1.13,1.20
2013.12.02 13:46:48.875,0.93922,0.93932,1.88,1.13
2013.12.02 13:46:48.926,0.93923,0.93932,1.13,2.48
2013.12.02 13:46:49.129,0.9392,0.93926,1.13,1.50
2013.12.02 13:46:49.180,0.93918,0.93926,1.13,1.50
2013.12.02 13:46:49.382,0.93914,0.93925,1.88,4.13
2013.12.02 13:46:49.887,0.93913,0.93923,1.88,1.20
2013.12.02 13:46:51.279,0.93913,0.93923,1.88,1.20
2013.12.02 13:46:51.431,0.93914,0.93926,1.88,2.03
2013.12.02 13:46:51.685,0.93914,0.93924,1.50,1.13
2013.12.02 13:46:52.439,0.93914,0.93923,1.50,1.13
2013.12.02 13:46:52.843,0.93913,0.93922,1.13,1.80
2013.12.02 13:46:53.852,0.93908,0.93922,1.65,1.43
2013.12.02 13:46:54.245,0.93914,0.93922,1.13,1.43
2013.12.02 13:46:57.136,0.93914,0.93924,1.13,3.83
2013.12.02 13:46:57.186,0.93914,0.93924,1.13,3.45
2013.12.02 13:46:57.413,0.93914,0.93925,1.13,3.15
2013.12.02 13:46:57.918,0.93914,0.93926,1.88,2.40
2013.12.02 13:47:00.125,0.93914,0.93926,1.88,2.25
2013.12.02 13:47:00.708,0.93917,0.93927,1.13,1.58
2013.12.02 13:47:01.281,0.93917,0.93928,1.13,3.53
2013.12.02 13:47:02.469,0.93917,0.93928,1.13,2.03
2013.12.02 13:47:04.342,0.93917,0.93927,1.13,1.13
2013.12.02 13:47:11.437,0.93917,0.93928,1.13,2.63
2013.12.02 13:47:13.459,0.93915,0.93926,1.50,1.88
2013.12.02 13:47:13.560,0.93915,0.93926,1.13,2.63
2013.12.02 13:47:13.612,0.93915,0.93926,1.13,2.63
2013.12.02 13:47:14.017,0.93915,0.93926,1.13,2.63
2013.12.02 13:47:15.514,0.93916,0.93925,1.13,1.50
2013.12.02 13:47:16.023,0.93917,0.93925,1.13,1.50
2013.12.02 13:47:16.576,0.93914,0.93925,1.13,1.88
2013.12.02 13:47:18.931,0.93917,0.93925,1.13,1.58
2013.12.02 13:47:19.694,0.93917,0.93927,1.13,1.58
2013.12.02 13:47:21.584,0.93917,0.93927,1.13,1.20
2013.12.02 13:47:23.917,0.93917,0.93927,1.13,1.20
2013.12.02 13:47:24.159,0.93917,0.93927,1.13,1.20
2013.12.02 13:47:24.755,0.93917,0.93927,1.13,2.33
2013.12.02 13:47:26.625,0.93917,0.93928,1.13,2.40
2013.12.02 13:47:36.936,0.93917,0.93928,1.13,2.78
2013.12.02 13:47:41.958,0.93917,0.93928,1.13,2.70
2013.12.02 13:47:42.160,0.93917,0.93928,1.13,4.88
2013.12.02 13:47:42.210,0.93917,0.93928,1.13,4.95
2013.12.02 13:47:42.736,0.93917,0.93928,1.13,4.95
2013.12.02 13:47:46.135,0.93917,0.93928,1.13,4.95
2013.12.02 13:47:46.672,0.93917,0.93928,1.13,4.95
2013.12.02 13:47:49.400,0.93918,0.93927,1.13,1.28
2013.12.02 13:47:55.054,0.93919,0.93927,1.50,1.13
2013.12.02 13:47:55.604,0.93918,0.93928,1.13,1.88
2013.12.02 13:47:56.196,0.93917,0.93928,1.88,1.13
2013.12.02 13:48:01.106,0.93916,0.93927,1.13,1.88
2013.12.02 13:48:01.677,0.93917,0.93927,1.13,1.88
2013.12.02 13:48:05.948,0.93918,0.93927,1.13,1.13
2013.12.02 13:48:07.375,0.93917,0.93927,1.13,1.13
2013.12.02 13:48:08.080,0.93918,0.93927,1.13,1.13
2013.12.02 13:48:08.740,0.93917,0.93927,1.13,1.13
2013.12.02 13:48:09.362,0.93916,0.93927,1.13,1.13
2013.12.02 13:48:10.771,0.93918,0.93927,1.13,1.13
2013.12.02 13:48:13.745,0.93919,0.93928,1.13,1.58
2013.12.02 13:48:14.177,0.93921,0.93928,1.13,1.58
2013.12.02 13:48:14.329,0.93921,0.93929,1.13,1.50
2013.12.02 13:48:14.380,0.93924,0.93933,1.13,3.15
2013.12.02 13:48:14.430,0.93924,0.93933,1.13,2.40
2013.12.02 13:48:14.633,0.93925,0.93934,1.88,2.18
2013.12.02 13:48:14.683,0.93926,0.93936,1.35,1.58
2013.12.02 13:48:14.734,0.93928,0.93938,1.13,2.93
2013.12.02 13:48:14.785,0.93928,0.9394,2.63,1.58
2013.12.02 13:48:14.987,0.93933,0.93942,1.13,1.58
2013.12.02 13:48:15.038,0.93933,0.93943,1.13,3.15
2013.12.02 13:48:15.845,0.93933,0.93943,1.13,1.50
2013.12.02 13:48:16.384,0.93933,0.93944,1.13,1.58
2013.12.02 13:48:16.565,0.93933,0.93944,1.13,1.58
2013.12.02 13:48:16.735,0.93935,0.93944,1.13,1.58
2013.12.02 13:48:19.858,0.93935,0.93944,1.13,1.65
2013.12.02 13:48:20.161,0.93932,0.93942,2.25,1.13
2013.12.02 13:48:20.714,0.93933,0.93942,1.13,1.13
2013.12.02 13:48:22.752,0.93932,0.93942,1.13,2.63
2013.12.02 13:48:23.128,0.93932,0.93941,1.13,1.13
2013.12.02 13:48:32.676,0.93933,0.93942,1.13,2.63
2013.12.02 13:48:33.215,0.93932,0.93941,1.13,1.88
2013.12.02 13:48:45.998,0.93932,0.93941,1.13,1.13
2013.12.02 13:48:54.365,0.93932,0.93941,1.13,1.88
2013.12.02 13:49:02.328,0.93931,0.9394,1.13,1.20
2013.12.02 13:49:04.795,0.93931,0.93941,1.13,1.28
2013.12.02 13:49:05.343,0.93932,0.93941,1.13,2.03
2013.12.02 13:49:06.707,0.93931,0.93941,1.13,1.28
2013.12.02 13:49:07.428,0.93932,0.93941,1.13,1.88
2013.12.02 13:49:07.731,0.93932,0.93941,1.13,1.88
2013.12.02 13:49:08.494,0.93931,0.93941,1.20,1.88
2013.12.02 13:49:13.268,0.93931,0.93941,1.20,1.13
2013.12.02 13:49:22.842,0.93932,0.93941,1.13,1.88
2013.12.02 13:49:26.903,0.93931,0.93941,1.20,1.13
2013.12.02 13:49:33.904,0.93934,0.93942,1.13,1.88
2013.12.02 13:49:45.161,0.93933,0.93941,1.20,1.50
2013.12.02 13:49:45.664,0.93933,0.93942,1.20,1.13
2013.12.02 13:49:48.179,0.93934,0.93943,1.20,2.25
2013.12.02 13:49:52.900,0.93936,0.93944,1.13,2.63
2013.12.02 13:49:53.718,0.93936,0.93944,1.13,1.88
2013.12.02 13:49:58.565,0.93936,0.93944,1.13,1.88
2013.12.02 13:50:00.181,0.93936,0.93944,1.13,1.88
2013.12.02 13:50:01.413,0.93936,0.93944,1.13,1.88
2013.12.02 13:50:01.970,0.93936,0.93944,1.13,1.50
2013.12.02 13:50:04.544,0.93936,0.93944,1.13,1.88
2013.12.02 13:50:05.468,0.93936,0.93944,1.13,1.88
2013.12.02 13:50:06.183,0.93935,0.93944,1.13,1.88
2013.12.02 13:50:07.164,0.93936,0.93944,1.13,1.88
2013.12.02 13:50:07.367,0.93936,0.93944,1.13,1.13
2013.12.02 13:50:08.234,0.93936,0.93944,1.13,1.13
2013.12.02 13:50:09.815,0.93936,0.93944,1.13,1.13
2013.12.02 13:50:10.434,0.93936,0.93944,1.13,1.13
2013.12.02 13:50:10.689,0.93936,0.93945,1.13,3.75
2013.12.02 13:50:10.993,0.9394,0.9395,1.20,1.50
2013.12.02 13:50:11.499,0.93944,0.93952,1.13,1.13
2013.12.02 13:50:11.976,0.93943,0.93953,1.20,1.13
2013.12.02 13:50:12.432,0.93947,0.93956,1.13,5.33
2013.12.02 13:50:12.533,0.93947,0.93956,1.88,1.50
2013.12.02 13:50:12.771,0.93949,0.93957,1.13,1.13
2013.12.02 13:50:12.947,0.93949,0.9396,1.13,1.95
2013.12.02 13:50:12.998,0.93949,0.93961,1.13,3.98
2013.12.02 13:50:13.637,0.93949,0.93961,1.13,2.85
2013.12.02 13:50:14.156,0.93949,0.93961,1.13,2.70
2013.12.02 13:50:18.361,0.93949,0.9396,1.13,1.50
2013.12.02 13:50:19.137,0.93949,0.9396,1.13,1.50
2013.12.02 13:50:21.858,0.93949,0.9396,1.13,1.65
2013.12.02 13:50:22.439,0.93949,0.9396,1.13,1.65
2013.12.02 13:50:23.386,0.93948,0.93959,1.13,1.58
2013.12.02 13:50:23.538,0.93946,0.93955,1.88,1.28
2013.12.02 13:50:23.640,0.93946,0.93956,1.88,1.20
2013.12.02 13:50:23.842,0.93946,0.93957,1.88,2.78
2013.12.02 13:50:23.944,0.93946,0.93957,1.88,1.58
2013.12.02 13:50:25.787,0.93947,0.93958,1.13,1.95
2013.12.02 13:50:26.351,0.93947,0.93959,1.13,2.78
2013.12.02 13:50:29.674,0.93947,0.93959,1.13,2.78
2013.12.02 13:50:30.181,0.93949,0.93959,1.13,1.58
2013.12.02 13:50:30.232,0.93949,0.93959,1.13,1.50
2013.12.02 13:50:30.871,0.93949,0.93959,1.13,1.50
2013.12.02 13:50:31.124,0.9395,0.93961,1.13,1.95
2013.12.02 13:50:31.947,0.9395,0.93961,1.13,2.03
2013.12.02 13:50:32.534,0.9395,0.93961,1.13,2.03
2013.12.02 13:50:35.943,0.9395,0.93961,1.13,2.03
2013.12.02 13:50:36.752,0.93949,0.9396,1.13,1.58
2013.12.02 13:50:36.854,0.93948,0.9396,1.88,2.33
2013.12.02 13:50:37.157,0.93948,0.93958,1.88,1.13
2013.12.02 13:50:37.668,0.93948,0.93959,1.13,1.13
2013.12.02 13:50:37.720,0.93948,0.93957,1.13,1.13
2013.12.02 13:50:38.283,0.93946,0.93956,1.95,1.13
2013.12.02 13:50:38.912,0.93946,0.93956,1.95,1.13
2013.12.02 13:50:41.458,0.93945,0.93955,1.13,1.13
2013.12.02 13:50:41.965,0.93945,0.93956,1.13,2.63
2013.12.02 13:50:42.116,0.93944,0.93955,1.88,1.13
2013.12.02 13:50:42.470,0.93944,0.93955,1.28,1.13
2013.12.02 13:50:43.159,0.93945,0.93958,2.78,2.48
2013.12.02 13:50:43.666,0.93945,0.93956,1.50,1.73
2013.12.02 13:50:45.648,0.93945,0.93958,2.63,1.95
2013.12.02 13:50:48.717,0.93945,0.93955,2.63,1.13
2013.12.02 13:50:50.694,0.93945,0.93957,3.38,1.20
2013.12.02 13:50:51.199,0.93945,0.93955,2.63,1.28
2013.12.02 13:50:52.644,0.93945,0.93955,4.88,1.13
2013.12.02 13:50:52.697,0.93946,0.93956,1.50,1.28
2013.12.02 13:50:52.899,0.93946,0.93956,1.13,1.50
2013.12.02 13:50:53.001,0.93945,0.93955,1.88,3.45
2013.12.02 13:50:53.305,0.9394,0.93949,1.50,1.13
2013.12.02 13:50:53.847,0.93939,0.93949,1.13,1.20
2013.12.02 13:50:53.898,0.93937,0.93949,3.00,1.95
2013.12.02 13:50:54.101,0.93936,0.93946,1.88,3.45
2013.12.02 13:50:58.944,0.93934,0.93944,1.88,1.20
2013.12.02 13:50:59.175,0.93933,0.93944,1.50,1.20
2013.12.02 13:50:59.277,0.93934,0.93942,2.85,1.13
2013.12.02 13:50:59.378,0.93937,0.93945,1.13,1.65
2013.12.02 13:50:59.429,0.93934,0.93944,2.10,1.95
2013.12.02 13:50:59.480,0.93932,0.93943,2.63,1.13
2013.12.02 13:51:00.028,0.9393,0.93941,1.13,1.13
2013.12.02 13:51:01.384,0.93929,0.9394,1.88,1.50
2013.12.02 13:51:01.637,0.93926,0.93937,1.88,1.28
2013.12.02 13:51:01.789,0.93926,0.93935,1.88,1.13
2013.12.02 13:51:01.840,0.93926,0.93935,1.88,1.13
2013.12.02 13:51:02.743,0.93923,0.93935,1.88,1.20
2013.12.02 13:51:03.374,0.93923,0.93935,1.88,1.20
2013.12.02 13:51:04.975,0.93923,0.93936,1.88,4.28
2013.12.02 13:51:05.631,0.93923,0.93935,1.88,1.20
2013.12.02 13:51:07.492,0.93926,0.93935,1.13,2.33
2013.12.02 13:51:08.013,0.93925,0.93935,1.13,2.70
2013.12.02 13:51:09.849,0.93925,0.93935,1.13,1.13
2013.12.02 13:51:09.951,0.93925,0.93935,1.13,1.28
2013.12.02 13:51:10.052,0.93926,0.93936,1.13,4.20
2013.12.02 13:51:10.305,0.93925,0.93935,1.13,1.28
2013.12.02 13:51:10.507,0.93925,0.93935,1.88,1.13
2013.12.02 13:51:10.608,0.93925,0.93935,1.13,1.13
2013.12.02 13:51:10.710,0.93925,0.93935,1.13,1.20
2013.12.02 13:51:10.918,0.93925,0.93935,1.13,1.20
2013.12.02 13:51:14.392,0.93926,0.93936,1.13,3.90
2013.12.02 13:51:19.687,0.93923,0.93932,1.13,1.88
2013.12.02 13:51:19.839,0.93918,0.93926,1.50,2.93
2013.12.02 13:51:19.890,0.93918,0.93924,2.25,1.35
2013.12.02 13:51:19.941,0.93917,0.93923,1.13,2.10
2013.12.02 13:51:20.144,0.9391,0.93922,2.33,1.20
2013.12.02 13:51:20.397,0.93908,0.93918,1.13,1.13
2013.12.02 13:51:20.448,0.93907,0.93918,2.25,1.13
2013.12.02 13:51:21.003,0.93907,0.93916,1.50,1.88
2013.12.02 13:51:23.102,0.93907,0.93916,1.50,1.13
2013.12.02 13:51:23.203,0.93907,0.93916,1.88,1.13
2013.12.02 13:51:25.874,0.93909,0.93919,1.13,1.20
2013.12.02 13:51:26.077,0.93909,0.93919,1.13,1.20
2013.12.02 13:51:26.591,0.93909,0.93919,1.13,1.20
2013.12.02 13:51:27.986,0.93909,0.93919,1.13,1.20
2013.12.02 13:51:29.319,0.93909,0.93919,1.13,3.45
2013.12.02 13:51:29.831,0.93911,0.93919,1.13,2.93
2013.12.02 13:51:29.882,0.93911,0.9392,1.13,1.95
2013.12.02 13:51:30.135,0.93914,0.93922,1.13,3.00
2013.12.02 13:51:30.640,0.93917,0.93923,1.13,1.50
2013.12.02 13:51:31.629,0.93914,0.93923,1.13,1.50
2013.12.02 13:51:32.143,0.93914,0.93925,1.13,2.33
2013.12.02 13:51:35.584,0.93914,0.93925,1.13,4.95
2013.12.02 13:51:36.942,0.93912,0.93923,1.73,1.20
2013.12.02 13:51:39.457,0.93911,0.93922,1.73,1.28
2013.12.02 13:51:41.911,0.93913,0.93922,1.13,1.28
2013.12.02 13:51:43.187,0.93914,0.93922,1.13,1.65
2013.12.02 13:51:43.696,0.93914,0.93923,1.13,3.83
2013.12.02 13:51:44.254,0.93914,0.93923,1.13,3.83
2013.12.02 13:51:44.738,0.93914,0.93923,1.13,4.20
2013.12.02 13:51:45.270,0.93911,0.93923,1.13,4.58
2013.12.02 13:51:45.697,0.93913,0.93923,1.13,5.70
2013.12.02 13:51:46.132,0.93913,0.93923,1.13,4.58
2013.12.02 13:51:46.591,0.93913,0.93923,1.13,4.20
2013.12.02 13:51:55.627,0.9391,0.93923,1.13,4.95
2013.12.02 13:51:56.391,0.9391,0.93923,1.13,4.95
2013.12.02 13:52:00.582,0.93912,0.93923,1.50,2.70
2013.12.02 13:52:00.835,0.93911,0.93922,1.88,2.63
2013.12.02 13:52:00.937,0.93909,0.93919,1.20,1.13
2013.12.02 13:52:01.240,0.93908,0.93917,1.50,1.13
2013.12.02 13:52:01.291,0.93908,0.93917,1.50,1.13
2013.12.02 13:52:01.494,0.93908,0.93917,1.50,1.13
2013.12.02 13:52:04.129,0.93908,0.93918,1.13,1.88
2013.12.02 13:52:05.164,0.93908,0.93919,1.95,1.13
2013.12.02 13:52:05.682,0.93911,0.93921,1.13,2.33
2013.12.02 13:52:07.879,0.93911,0.93921,1.13,2.70
2013.12.02 13:52:08.432,0.93911,0.9392,1.13,1.50
2013.12.02 13:52:11.921,0.93908,0.93918,1.13,1.13
2013.12.02 13:52:15.330,0.93907,0.93918,1.50,1.13
2013.12.02 13:52:15.583,0.93906,0.93916,1.13,1.20
2013.12.02 13:52:15.684,0.93905,0.93914,1.88,1.13
2013.12.02 13:52:16.200,0.93904,0.93913,1.50,1.13
2013.12.02 13:52:22.089,0.93902,0.93913,1.13,1.13
2013.12.02 13:52:23.467,0.93902,0.93911,1.13,1.13
2013.12.02 13:52:23.973,0.939,0.9391,1.13,1.13
2013.12.02 13:52:24.586,0.93899,0.9391,1.20,1.13
2013.12.02 13:52:25.139,0.939,0.9391,1.13,1.13
2013.12.02 13:52:26.482,0.93898,0.9391,1.28,1.13
2013.12.02 13:52:27.000,0.93899,0.9391,1.20,1.13
2013.12.02 13:52:27.555,0.939,0.9391,1.13,1.13
2013.12.02 13:52:29.687,0.939,0.9391,1.13,1.13
2013.12.02 13:52:30.200,0.939,0.9391,1.13,1.13
2013.12.02 13:52:30.955,0.939,0.9391,1.13,1.13
2013.12.02 13:52:31.107,0.93899,0.93909,1.20,1.13
2013.12.02 13:52:32.098,0.93897,0.9391,2.25,1.58
2013.12.02 13:52:33.087,0.93899,0.93909,1.13,1.13
2013.12.02 13:52:37.400,0.939,0.93911,1.13,1.28
2013.12.02 13:52:41.599,0.93901,0.93912,1.13,2.78
2013.12.02 13:52:42.135,0.93903,0.93912,1.13,2.78
2013.12.02 13:52:42.685,0.93903,0.93912,1.13,1.28
2013.12.02 13:52:42.736,0.93903,0.93912,1.13,1.28
2013.12.02 13:52:44.189,0.93903,0.93912,1.13,1.28
2013.12.02 13:52:44.590,0.93901,0.93911,1.13,1.88
2013.12.02 13:52:45.155,0.93901,0.93911,1.13,1.88
2013.12.02 13:52:45.663,0.93903,0.93911,1.13,1.50
2013.12.02 13:52:48.677,0.93904,0.93913,1.13,2.70
2013.12.02 13:52:48.778,0.93904,0.93913,1.13,2.70
2013.12.02 13:52:50.415,0.93903,0.93915,1.95,2.63
2013.12.02 13:52:53.570,0.93903,0.93915,1.95,2.25
2013.12.02 13:52:55.784,0.93904,0.93915,1.13,2.25
2013.12.02 13:52:56.102,0.93909,0.93918,1.20,1.88
2013.12.02 13:52:56.653,0.93911,0.9392,1.50,1.13
2013.12.02 13:53:02.181,0.93909,0.93921,1.88,2.70
2013.12.02 13:53:02.876,0.9391,0.93921,1.20,1.13
2013.12.02 13:53:05.352,0.93909,0.93921,2.40,1.13
2013.12.02 13:53:05.503,0.93909,0.93918,1.58,1.13
2013.12.02 13:53:05.605,0.93906,0.93916,1.50,1.13
2013.12.02 13:53:05.807,0.93903,0.93914,5.33,1.13
2013.12.02 13:53:06.553,0.93903,0.93914,1.95,1.13
2013.12.02 13:53:09.448,0.93904,0.93916,3.08,2.63
2013.12.02 13:53:09.681,0.93903,0.93916,2.03,2.63
2013.12.02 13:53:11.049,0.93904,0.93916,1.95,2.63
2013.12.02 13:53:11.281,0.93904,0.93916,4.20,1.88
2013.12.02 13:53:12.450,0.93904,0.93916,3.83,1.13
2013.12.02 13:53:14.520,0.93904,0.93917,4.20,1.88
2013.12.02 13:53:17.839,0.93904,0.93915,1.58,1.13
2013.12.02 13:53:18.387,0.93904,0.93915,1.95,1.13
2013.12.02 13:53:30.875,0.93903,0.93915,2.03,1.13
2013.12.02 13:53:37.357,0.93904,0.93916,1.95,1.58
2013.12.02 13:53:37.519,0.93903,0.93913,1.95,1.13
2013.12.02 13:53:38.063,0.93904,0.93913,1.13,1.95
2013.12.02 13:53:38.971,0.93904,0.93915,1.13,1.88
2013.12.02 13:53:39.276,0.93905,0.93916,1.88,1.13
2013.12.02 13:53:39.712,0.93905,0.93916,1.28,1.13
2013.12.02 13:53:42.194,0.93907,0.93916,1.13,1.13
2013.12.02 13:53:42.246,0.93908,0.93916,1.58,1.13
2013.12.02 13:53:42.348,0.93911,0.9392,1.13,1.13
2013.12.02 13:53:42.449,0.93911,0.9392,1.13,1.13
2013.12.02 13:53:42.904,0.93911,0.93922,1.20,1.13
2013.12.02 13:53:43.413,0.93914,0.93924,1.13,1.13
2013.12.02 13:53:43.981,0.93914,0.93926,1.88,1.13
2013.12.02 13:53:44.445,0.93917,0.93928,1.88,1.20
2013.12.02 13:53:44.648,0.93917,0.93928,1.50,1.13
2013.12.02 13:53:44.850,0.93914,0.93926,3.45,1.13
2013.12.02 13:53:46.392,0.93913,0.93924,2.03,1.13
2013.12.02 13:53:46.645,0.93913,0.93924,1.13,1.13
2013.12.02 13:53:47.149,0.93914,0.93925,1.13,1.13
2013.12.02 13:53:49.430,0.93914,0.93925,1.13,1.13
2013.12.02 13:53:50.150,0.93914,0.93925,1.13,1.13
2013.12.02 13:53:54.130,0.93916,0.93925,1.50,1.13
2013.12.02 13:53:54.433,0.93917,0.93928,1.88,1.13
2013.12.02 13:53:55.027,0.93918,0.93928,1.13,1.13
2013.12.02 13:53:56.829,0.93919,0.93931,1.13,1.65
2013.12.02 13:53:56.930,0.93921,0.9393,1.13,1.50
2013.12.02 13:53:57.234,0.93919,0.9393,1.13,1.20
2013.12.02 13:53:57.385,0.93919,0.9393,1.13,1.28
2013.12.02 13:53:57.888,0.93918,0.93929,1.88,1.20
2013.12.02 13:53:57.938,0.93918,0.93929,1.88,1.20
2013.12.02 13:53:58.441,0.93918,0.93929,1.50,1.20
2013.12.02 13:53:58.989,0.93918,0.93929,1.50,1.20
2013.12.02 13:53:59.475,0.93917,0.93929,1.50,1.20
2013.12.02 13:53:59.978,0.93917,0.93928,1.50,1.20
2013.12.02 13:54:00.518,0.93917,0.93926,1.50,1.13
2013.12.02 13:54:01.899,0.93915,0.93925,1.88,3.45
2013.12.02 13:54:02.002,0.93912,0.93919,1.50,1.20
2013.12.02 13:54:02.103,0.93912,0.93921,1.50,3.08
2013.12.02 13:54:02.154,0.9391,0.93917,1.50,1.50
2013.12.02 13:54:02.371,0.93905,0.93916,2.70,1.13
2013.12.02 13:54:02.948,0.93907,0.93916,1.13,2.25
2013.12.02 13:54:04.270,0.93907,0.93916,1.20,1.13
2013.12.02 13:54:04.422,0.93908,0.93917,1.13,2.25
2013.12.02 13:54:04.949,0.93908,0.93918,1.13,1.13
2013.12.02 13:54:05.455,0.93908,0.93919,1.88,1.13
2013.12.02 13:54:07.113,0.93908,0.93918,1.13,1.20
2013.12.02 13:54:07.578,0.93909,0.93918,2.25,1.20
2013.12.02 13:54:07.932,0.93908,0.9392,3.38,1.20
2013.12.02 13:54:08.548,0.93908,0.93918,1.13,1.20
2013.12.02 13:54:09.051,0.93908,0.93918,1.13,1.20
2013.12.02 13:54:13.009,0.93908,0.93919,1.13,1.13
2013.12.02 13:54:13.161,0.93909,0.93921,1.88,2.03
2013.12.02 13:54:13.212,0.93912,0.93921,1.13,2.03
2013.12.02 13:54:13.415,0.93912,0.93923,1.13,3.75
2013.12.02 13:54:14.053,0.93912,0.93923,1.13,1.13
2013.12.02 13:54:14.630,0.93912,0.93923,1.13,1.13
2013.12.02 13:54:15.162,0.93911,0.93923,1.95,1.13
2013.12.02 13:54:15.730,0.93911,0.93923,1.95,1.13
2013.12.02 13:54:16.357,0.93913,0.93923,1.13,1.13
2013.12.02 13:54:18.284,0.93913,0.93923,1.13,1.13
2013.12.02 13:54:19.721,0.93911,0.93923,1.50,1.95
2013.12.02 13:54:20.047,0.93904,0.93914,2.63,1.13
2013.12.02 13:54:20.149,0.93903,0.93914,1.50,1.13
2013.12.02 13:54:20.689,0.93907,0.93916,1.13,1.13
2013.12.02 13:54:20.791,0.93907,0.93918,3.38,1.13
2013.12.02 13:54:21.700,0.93909,0.9392,1.58,1.13
2013.12.02 13:54:22.202,0.93909,0.9392,1.58,1.13
2013.12.02 13:54:23.946,0.93909,0.9392,1.58,1.13
2013.12.02 13:54:24.047,0.93909,0.9392,1.20,1.13
2013.12.02 13:54:25.039,0.93908,0.9392,1.13,2.63
2013.12.02 13:54:25.443,0.93906,0.93918,2.70,1.13
2013.12.02 13:54:25.595,0.93905,0.93916,1.88,1.20
2013.12.02 13:54:26.369,0.93905,0.93916,1.88,1.20
2013.12.02 13:54:26.471,0.93904,0.93916,1.88,1.20
2013.12.02 13:54:27.250,0.93904,0.93916,2.63,1.20
2013.12.02 13:54:28.717,0.93904,0.93916,1.88,1.20
2013.12.02 13:54:29.355,0.93904,0.93916,1.13,3.45
2013.12.02 13:54:30.388,0.93905,0.93916,1.13,3.45
2013.12.02 13:54:31.762,0.93904,0.93916,1.13,1.13
2013.12.02 13:54:32.378,0.93904,0.93916,1.13,1.13
2013.12.02 13:54:32.885,0.93906,0.93917,1.65,1.13
2013.12.02 13:54:33.188,0.93907,0.93918,3.08,1.13
2013.12.02 13:54:34.382,0.93907,0.93918,3.08,1.88
2013.12.02 13:54:36.157,0.93907,0.93918,4.20,1.13
2013.12.02 13:54:36.259,0.93909,0.93918,3.45,1.13
2013.12.02 13:54:36.765,0.93909,0.93922,3.45,2.63
2013.12.02 13:54:37.287,0.93909,0.93922,3.45,2.63
2013.12.02 13:54:38.428,0.93911,0.93922,1.20,2.63
2013.12.02 13:54:38.956,0.93912,0.93923,1.28,2.25
2013.12.02 13:54:39.459,0.93912,0.93923,1.28,1.50
2013.12.02 13:54:40.225,0.93912,0.93923,1.28,1.50
2013.12.02 13:54:40.629,0.93912,0.93924,1.28,1.50
2013.12.02 13:54:41.508,0.93913,0.93925,3.83,2.25
2013.12.02 13:54:43.295,0.93913,0.93925,4.20,2.25
2013.12.02 13:54:44.490,0.93917,0.93925,1.50,2.63
2013.12.02 13:54:44.794,0.93922,0.93931,1.20,1.50
2013.12.02 13:54:44.895,0.93922,0.93932,1.20,2.33
2013.12.02 13:54:45.938,0.93924,0.93932,1.13,1.13
2013.12.02 13:54:48.032,0.93921,0.93931,1.28,1.13
2013.12.02 13:54:48.235,0.93922,0.93931,1.20,1.13
2013.12.02 13:54:48.286,0.93922,0.93931,1.13,1.88
2013.12.02 13:54:48.589,0.93919,0.9393,2.03,1.13
2013.12.02 13:54:48.691,0.93919,0.93931,2.03,1.13
2013.12.02 13:54:48.792,0.9392,0.9393,1.20,1.13
2013.12.02 13:54:49.196,0.93922,0.93931,1.20,1.88
2013.12.02 13:54:50.789,0.93922,0.93933,1.95,2.63
2013.12.02 13:54:51.294,0.93922,0.93932,1.20,1.13
2013.12.02 13:54:52.628,0.93921,0.93932,1.65,1.13
2013.12.02 13:54:54.518,0.93921,0.93933,1.95,2.63
2013.12.02 13:54:55.029,0.93921,0.93933,1.50,2.70
2013.12.02 13:54:55.816,0.9392,0.93932,3.38,1.13
2013.12.02 13:54:57.690,0.9392,0.93932,3.00,1.58
2013.12.02 13:54:57.994,0.93915,0.93927,1.58,1.20
2013.12.02 13:54:58.045,0.93915,0.93927,1.58,1.95
2013.12.02 13:54:58.147,0.93915,0.93927,1.50,7.13
2013.12.02 13:54:58.687,0.93915,0.93928,1.88,3.08
2013.12.02 13:54:59.007,0.93915,0.93928,1.13,3.45
2013.12.02 13:54:59.514,0.93915,0.93925,1.88,1.20
2013.12.02 13:55:00.037,0.93915,0.93926,1.13,2.03
2013.12.02 13:55:00.716,0.93915,0.93925,1.13,1.20
2013.12.02 13:55:00.919,0.93915,0.93926,1.13,1.65
2013.12.02 13:55:02.245,0.93913,0.93926,1.13,1.65
2013.12.02 13:55:03.127,0.93913,0.93925,1.13,1.58
2013.12.02 13:55:03.431,0.93911,0.93922,1.13,1.13
2013.12.02 13:55:04.266,0.93911,0.93922,1.13,1.95
2013.12.02 13:55:04.418,0.93913,0.93923,1.13,1.88
2013.12.02 13:55:05.007,0.93913,0.93923,1.13,1.13
2013.12.02 13:55:05.853,0.93915,0.93924,1.13,2.93
2013.12.02 13:55:05.954,0.93917,0.93926,1.13,1.13
2013.12.02 13:55:06.005,0.93917,0.93928,1.13,2.33
2013.12.02 13:55:06.107,0.93917,0.93928,1.13,1.58
2013.12.02 13:55:06.651,0.93919,0.93928,1.13,1.13
2013.12.02 13:55:07.164,0.9392,0.93928,1.13,1.13
2013.12.02 13:55:07.855,0.93919,0.9393,1.13,1.95
2013.12.02 13:55:08.280,0.93919,0.9393,1.13,1.20
2013.12.02 13:55:09.919,0.93919,0.9393,1.13,1.13
2013.12.02 13:55:10.172,0.93917,0.93928,1.73,1.13
2013.12.02 13:55:12.452,0.93917,0.93928,1.73,1.13
2013.12.02 13:55:12.802,0.93917,0.93928,2.48,1.13
2013.12.02 13:55:13.055,0.93923,0.93932,1.13,1.50
2013.12.02 13:55:13.461,0.93923,0.93935,1.13,2.03
2013.12.02 13:55:13.973,0.93922,0.93934,1.13,1.20
2013.12.02 13:55:14.505,0.93922,0.93933,1.73,1.20
2013.12.02 13:55:16.577,0.93921,0.93933,1.13,1.20
2013.12.02 13:55:16.729,0.93919,0.93931,1.58,1.20
2013.12.02 13:55:17.874,0.93916,0.9393,2.70,1.95
2013.12.02 13:55:18.429,0.93916,0.93929,1.95,2.63
2013.12.02 13:55:18.883,0.93918,0.9393,1.13,1.95
2013.12.02 13:55:30.970,0.93917,0.9393,1.28,1.13
2013.12.02 13:55:31.071,0.93917,0.93929,1.20,2.63
2013.12.02 13:55:31.124,0.93916,0.93928,1.13,2.03
2013.12.02 13:55:32.252,0.93917,0.93927,1.13,1.13
2013.12.02 13:55:33.216,0.93917,0.93927,1.13,1.13
2013.12.02 13:55:34.093,0.93917,0.93927,1.13,1.28
2013.12.02 13:55:34.623,0.93917,0.93927,1.13,1.13
2013.12.02 13:55:35.412,0.93917,0.93928,1.20,2.63
2013.12.02 13:55:35.665,0.93917,0.93927,1.20,1.13
2013.12.02 13:55:36.571,0.93917,0.93928,1.13,2.63
2013.12.02 13:55:36.722,0.93918,0.93928,1.13,2.25
2013.12.02 13:55:37.067,0.93917,0.93929,3.45,2.63
2013.12.02 13:55:37.269,0.93917,0.93928,1.20,1.13
2013.12.02 13:55:40.348,0.93919,0.93929,1.35,1.13
2013.12.02 13:55:40.652,0.93921,0.93932,1.95,1.13
2013.12.02 13:55:40.703,0.93921,0.93933,1.95,2.63
2013.12.02 13:55:40.955,0.93921,0.93932,1.95,1.13
2013.12.02 13:55:41.057,0.93921,0.93933,1.95,1.50
2013.12.02 13:55:41.563,0.93924,0.93935,1.13,2.78
2013.12.02 13:55:42.068,0.93925,0.93935,1.13,1.88
2013.12.02 13:55:42.448,0.93925,0.93935,1.13,3.38
2013.12.02 13:55:43.327,0.93922,0.93934,1.88,2.78
2013.12.02 13:55:43.975,0.93922,0.93933,1.13,1.95
2013.12.02 13:55:44.303,0.93922,0.93934,1.58,1.88
2013.12.02 13:55:46.190,0.93922,0.93934,2.33,1.88
2013.12.02 13:55:46.500,0.93922,0.93932,1.13,1.13
2013.12.02 13:55:47.503,0.93922,0.93932,1.13,1.13
2013.12.02 13:55:48.136,0.93922,0.93934,1.13,3.53
2013.12.02 13:55:48.689,0.93922,0.93933,1.88,1.20
2013.12.02 13:55:49.256,0.93922,0.93933,1.88,1.20
2013.12.02 13:55:49.859,0.93922,0.93933,1.88,1.20
2013.12.02 13:55:50.347,0.93922,0.93932,1.50,1.13
2013.12.02 13:55:50.551,0.93918,0.93928,1.50,1.13
2013.12.02 13:55:51.070,0.93917,0.93927,2.63,1.13
2013.12.02 13:55:51.613,0.93917,0.93927,3.98,1.50
2013.12.02 13:55:51.765,0.9392,0.9393,1.13,4.20
2013.12.02 13:55:51.967,0.93917,0.93928,2.63,1.13
2013.12.02 13:55:52.950,0.93916,0.93927,1.13,1.20
2013.12.02 13:55:53.545,0.93915,0.93927,1.88,1.20
2013.12.02 13:55:54.528,0.93915,0.93927,2.03,1.88
2013.12.02 13:55:55.106,0.93915,0.93927,2.03,1.50
2013.12.02 13:56:00.006,0.93916,0.93927,1.13,1.88
2013.12.02 13:56:00.662,0.93915,0.93927,1.13,1.95
2013.12.02 13:56:01.179,0.93918,0.93929,1.13,5.70
2013.12.02 13:56:01.696,0.93915,0.93926,1.95,1.35
2013.12.02 13:56:01.747,0.93915,0.93923,1.20,3.00
2013.12.02 13:56:01.848,0.93913,0.93921,1.50,1.13
2013.12.02 13:56:03.111,0.9391,0.93921,1.13,1.13
2013.12.02 13:56:05.618,0.93909,0.93921,1.88,1.13
2013.12.02 13:56:07.469,0.9391,0.93921,1.13,1.13
2013.12.02 13:56:30.453,0.9391,0.93919,1.13,1.13
2013.12.02 13:56:31.987,0.93915,0.93922,2.10,1.50
2013.12.02 13:56:32.291,0.93919,0.93926,1.20,3.00
2013.12.02 13:56:32.594,0.93922,0.93929,1.13,2.18
2013.12.02 13:56:32.696,0.93922,0.93933,1.13,2.70
2013.12.02 13:56:33.266,0.93921,0.93933,1.88,2.70
2013.12.02 13:56:33.418,0.93921,0.9393,1.13,1.50
2013.12.02 13:56:33.997,0.93919,0.93928,1.13,1.88
2013.12.02 13:56:35.168,0.93917,0.93927,1.65,1.13
2013.12.02 13:56:38.638,0.93916,0.93926,1.95,1.13
2013.12.02 13:56:38.739,0.93916,0.93926,1.95,1.13
2013.12.02 13:56:38.891,0.93914,0.93922,2.70,1.13
2013.12.02 13:56:39.195,0.93913,0.93921,1.50,1.13
2013.12.02 13:56:39.398,0.9391,0.9392,1.13,1.13
2013.12.02 13:56:39.943,0.9391,0.93919,1.13,1.13
2013.12.02 13:56:41.181,0.9391,0.9392,1.13,1.88
2013.12.02 13:56:41.233,0.9391,0.93921,1.80,1.88
2013.12.02 13:56:41.283,0.93911,0.93921,1.20,1.50
2013.12.02 13:56:41.815,0.93914,0.93924,2.48,1.50
2013.12.02 13:56:42.066,0.93914,0.93925,2.48,1.13
2013.12.02 13:56:42.521,0.93913,0.93924,1.20,1.13
2013.12.02 13:56:42.940,0.93911,0.93923,4.80,1.13
2013.12.02 13:56:43.243,0.93914,0.93926,1.73,1.20
2013.12.02 13:56:44.547,0.93915,0.93926,1.13,1.13
2013.12.02 13:56:45.065,0.93918,0.93927,1.13,2.33
2013.12.02 13:56:45.605,0.93918,0.93927,1.13,1.58
2013.12.02 13:56:45.758,0.93918,0.93928,1.28,1.50
2013.12.02 13:56:45.960,0.9392,0.9393,1.28,1.50
2013.12.02 13:56:46.213,0.93921,0.93933,1.58,2.63
2013.12.02 13:56:46.721,0.93921,0.93934,2.33,1.95
2013.12.02 13:56:47.256,0.93923,0.93934,1.13,1.95
2013.12.02 13:56:47.763,0.93923,0.93934,1.88,1.58
2013.12.02 13:56:47.865,0.93923,0.93934,1.13,2.33
2013.12.02 13:56:48.390,0.93923,0.93935,1.88,2.78
2013.12.02 13:56:48.539,0.93923,0.93934,1.88,1.20
2013.12.02 13:56:49.626,0.93922,0.93934,1.13,2.70
2013.12.02 13:56:50.383,0.93923,0.93934,1.13,3.83
2013.12.02 13:56:51.953,0.93922,0.93933,1.13,2.63
2013.12.02 13:56:52.526,0.93921,0.93932,2.33,1.13
2013.12.02 13:56:53.050,0.93919,0.93931,3.08,1.88
2013.12.02 13:56:54.673,0.93921,0.93931,1.13,1.50
2013.12.02 13:56:55.609,0.93921,0.93931,1.13,1.50
2013.12.02 13:56:56.176,0.93921,0.93932,1.13,2.63
2013.12.02 13:56:57.976,0.93918,0.93931,5.33,1.13
2013.12.02 13:56:58.565,0.93919,0.93931,1.28,1.88
2013.12.02 13:56:59.877,0.93921,0.93932,1.13,1.50
2013.12.02 13:57:00.414,0.9392,0.93931,1.20,1.13
2013.12.02 13:57:07.916,0.9392,0.93932,1.28,1.13
2013.12.02 13:57:15.064,0.93919,0.93931,3.83,1.13
2013.12.02 13:57:18.085,0.9392,0.93932,1.13,1.73
2013.12.02 13:57:20.678,0.93919,0.93932,1.58,1.13
2013.12.02 13:57:22.452,0.93918,0.93931,4.58,1.20
2013.12.02 13:57:22.877,0.93918,0.93931,4.50,1.28
2013.12.02 13:57:23.384,0.93918,0.93931,3.75,2.03
2013.12.02 13:57:23.916,0.93919,0.93931,2.25,1.28
2013.12.02 13:57:25.036,0.93919,0.93931,2.25,1.28
2013.12.02 13:57:25.555,0.93919,0.93928,2.25,1.13
2013.12.02 13:57:26.457,0.93919,0.93928,1.50,1.88
2013.12.02 13:57:26.762,0.93913,0.93923,1.50,2.70
2013.12.02 13:57:27.167,0.93912,0.93923,1.50,3.38
2013.12.02 13:57:27.420,0.93909,0.9392,1.58,1.13
2013.12.02 13:57:27.471,0.93908,0.93919,2.78,2.48
2013.12.02 13:57:27.572,0.93908,0.93917,1.20,1.13
2013.12.02 13:57:28.267,0.93905,0.93916,1.50,1.20
2013.12.02 13:57:30.417,0.93903,0.93917,4.58,1.13
2013.12.02 13:57:33.817,0.93904,0.93917,1.65,1.88
2013.12.02 13:57:39.529,0.93903,0.93916,3.83,1.13
2013.12.02 13:57:40.254,0.93903,0.93914,1.58,1.13
2013.12.02 13:57:40.828,0.93902,0.93914,1.65,1.13
2013.12.02 13:57:41.091,0.93902,0.93914,2.40,1.13
2013.12.02 13:57:41.142,0.93903,0.93914,2.33,1.13
2013.12.02 13:57:41.243,0.93903,0.93914,4.20,1.13
2013.12.02 13:57:41.345,0.93906,0.93915,3.08,1.13
2013.12.02 13:57:41.497,0.93906,0.93918,1.58,1.13
2013.12.02 13:57:41.801,0.93906,0.93919,3.83,1.13
2013.12.02 13:57:42.303,0.93906,0.93919,3.83,1.13
2013.12.02 13:57:42.353,0.93906,0.93919,1.58,1.13
2013.12.02 13:57:43.402,0.93906,0.93918,1.58,1.20
2013.12.02 13:57:43.921,0.93906,0.93918,3.83,1.13
2013.12.02 13:57:46.177,0.93906,0.93918,3.08,1.50
2013.12.02 13:57:46.734,0.93904,0.93918,2.78,1.58
2013.12.02 13:57:46.836,0.93904,0.93916,3.00,2.70
2013.12.02 13:57:46.887,0.939,0.93913,2.40,1.13
2013.12.02 13:57:46.988,0.93899,0.93913,1.95,1.28
2013.12.02 13:57:50.338,0.939,0.93914,1.58,1.95
2013.12.02 13:57:50.876,0.93899,0.93914,1.65,1.95
2013.12.02 13:57:51.190,0.93898,0.93912,3.83,1.13
2013.12.02 13:57:52.237,0.939,0.93912,1.20,1.13
2013.12.02 13:57:52.440,0.93899,0.93911,1.50,1.13
2013.12.02 13:57:53.125,0.93898,0.93911,1.20,1.13
2013.12.02 13:57:54.671,0.93899,0.93911,1.50,1.13
2013.12.02 13:57:54.772,0.93899,0.93911,1.88,1.13
2013.12.02 13:57:55.089,0.93899,0.93911,1.50,1.28
2013.12.02 13:57:55.619,0.93899,0.93911,1.50,1.20
2013.12.02 13:57:56.846,0.93898,0.93911,1.13,1.95
2013.12.02 13:57:57.669,0.93897,0.93912,1.95,2.03
2013.12.02 13:57:58.125,0.93896,0.93909,1.28,1.13
2013.12.02 13:57:58.675,0.93896,0.93911,2.33,3.45
2013.12.02 13:58:00.574,0.93899,0.93911,2.25,2.63
2013.12.02 13:58:01.317,0.93897,0.93911,3.08,1.13
2013.12.02 13:58:05.342,0.93899,0.93911,1.58,1.13
2013.12.02 13:58:06.155,0.93899,0.93911,1.95,1.13
2013.12.02 13:58:06.358,0.939,0.93911,1.13,1.13
2013.12.02 13:58:08.385,0.939,0.93911,1.13,1.88
2013.12.02 13:58:08.690,0.93903,0.93912,1.20,2.63
2013.12.02 13:58:08.892,0.93902,0.93911,1.13,1.88
2013.12.02 13:58:08.996,0.93901,0.93911,1.50,1.88
2013.12.02 13:58:09.546,0.939,0.93911,1.88,1.88
2013.12.02 13:58:10.426,0.939,0.93911,1.88,1.88
2013.12.02 13:58:12.559,0.939,0.9391,1.50,1.13
2013.12.02 13:58:12.862,0.93894,0.93905,1.50,1.13
2013.12.02 13:58:12.964,0.93894,0.93905,1.50,1.13
2013.12.02 13:58:14.762,0.93894,0.93905,1.65,1.13
2013.12.02 13:58:15.439,0.93894,0.93905,1.65,1.13
2013.12.02 13:58:19.022,0.93894,0.93905,1.50,1.13
2013.12.02 13:58:19.595,0.9389,0.93903,2.25,1.88
2013.12.02 13:58:19.698,0.93891,0.939,1.95,1.13
2013.12.02 13:58:19.749,0.93889,0.939,1.50,1.13
2013.12.02 13:58:19.800,0.93889,0.93898,1.50,1.13
2013.12.02 13:58:19.952,0.93889,0.93898,1.50,1.20
2013.12.02 13:58:20.878,0.93883,0.93897,2.78,2.48
2013.12.02 13:58:20.929,0.93883,0.93894,1.50,1.13
2013.12.02 13:58:21.081,0.93882,0.93894,2.70,1.13
2013.12.02 13:58:21.132,0.93884,0.93894,1.50,1.13
2013.12.02 13:58:22.335,0.93884,0.93896,1.50,1.88
2013.12.02 13:58:23.725,0.93884,0.93896,1.50,1.88
2013.12.02 13:58:24.355,0.93884,0.93896,1.50,1.88
2013.12.02 13:58:25.008,0.93884,0.93896,1.50,1.88
2013.12.02 13:58:27.836,0.93884,0.93896,1.88,1.88
2013.12.02 13:58:28.827,0.93882,0.93892,2.25,1.13
2013.12.02 13:58:30.195,0.93883,0.93894,1.58,1.13
2013.12.02 13:58:31.699,0.93882,0.93891,1.65,1.13
2013.12.02 13:58:32.730,0.93882,0.93891,2.03,1.13
2013.12.02 13:58:33.769,0.93882,0.93891,1.58,1.13
2013.12.02 13:58:35.285,0.93882,0.93891,1.88,1.13
2013.12.02 13:58:35.588,0.93881,0.93889,1.20,1.13
2013.12.02 13:58:35.740,0.93877,0.93886,1.13,1.13
2013.12.02 13:58:35.842,0.93877,0.93887,1.88,1.13
2013.12.02 13:58:36.098,0.93876,0.93885,1.58,1.50
2013.12.02 13:58:36.250,0.93874,0.93885,1.50,1.50
2013.12.02 13:58:36.836,0.93874,0.93884,1.50,1.13
2013.12.02 13:58:36.937,0.93874,0.93884,1.50,1.13
2013.12.02 13:58:37.630,0.93874,0.93884,2.25,1.13
2013.12.02 13:58:37.845,0.93876,0.93886,1.50,1.20
2013.12.02 13:58:38.584,0.93875,0.93884,2.33,1.13
2013.12.02 13:58:38.970,0.93874,0.93882,1.65,1.88
2013.12.02 13:58:39.273,0.93874,0.93879,1.50,1.13
2013.12.02 13:58:39.477,0.93872,0.93882,1.50,1.88
2013.12.02 13:58:39.629,0.93872,0.93881,1.50,1.13
2013.12.02 13:58:39.730,0.93872,0.93882,2.63,1.88
2013.12.02 13:58:39.882,0.93872,0.93881,1.13,1.50
2013.12.02 13:58:39.984,0.93872,0.93883,1.13,1.88
2013.12.02 13:58:40.136,0.93872,0.93883,1.88,1.13
2013.12.02 13:58:40.389,0.93872,0.93883,1.88,1.13
2013.12.02 13:58:40.693,0.93872,0.93883,1.13,1.13
2013.12.02 13:58:41.336,0.93872,0.93883,1.13,1.13
2013.12.02 13:58:41.589,0.93871,0.93883,1.50,2.70
2013.12.02 13:58:41.822,0.93872,0.93881,1.13,1.13
2013.12.02 13:58:42.125,0.93871,0.93881,1.50,1.13
2013.12.02 13:58:42.344,0.93871,0.93881,1.88,1.13
2013.12.02 13:58:42.496,0.9387,0.93881,1.50,1.13
2013.12.02 13:58:43.017,0.93872,0.93882,1.50,1.13
2013.12.02 13:58:43.595,0.93872,0.93883,2.25,1.13
2013.12.02 13:58:44.027,0.93871,0.93881,1.50,1.13
2013.12.02 13:58:44.078,0.93871,0.93881,1.50,1.28
2013.12.02 13:58:44.700,0.93871,0.93881,1.50,1.28
2013.12.02 13:58:45.203,0.93871,0.93881,1.50,3.45
2013.12.02 13:58:45.253,0.93871,0.93881,1.50,3.45
2013.12.02 13:58:46.325,0.93869,0.93881,1.50,1.88
2013.12.02 13:58:47.315,0.93871,0.93881,1.50,1.13
2013.12.02 13:58:47.847,0.9387,0.9388,1.50,3.38
2013.12.02 13:58:48.117,0.93871,0.9388,1.50,4.20
2013.12.02 13:58:48.759,0.93871,0.93879,1.50,2.70
2013.12.02 13:58:49.279,0.93869,0.93879,1.50,2.33
2013.12.02 13:58:49.947,0.93869,0.93879,1.50,2.70
2013.12.02 13:58:50.647,0.93868,0.93876,1.50,1.95
2013.12.02 13:58:50.749,0.93866,0.93874,1.50,1.20
2013.12.02 13:58:51.135,0.93864,0.93874,1.50,1.28
2013.12.02 13:58:51.642,0.93865,0.93875,1.50,2.70
2013.12.02 13:58:53.015,0.93862,0.93872,1.73,1.13
2013.12.02 13:58:53.673,0.93863,0.93872,1.13,1.13
2013.12.02 13:58:54.476,0.93864,0.93874,1.13,1.13
2013.12.02 13:58:54.678,0.93863,0.93875,1.13,1.20
2013.12.02 13:58:54.981,0.93859,0.93868,1.13,1.50
2013.12.02 13:58:55.529,0.93856,0.93867,1.13,1.13
2013.12.02 13:58:55.630,0.93856,0.93867,1.13,1.13
2013.12.02 13:58:55.866,0.93859,0.93867,1.50,1.13
2013.12.02 13:58:55.917,0.93859,0.93868,1.88,1.95
2013.12.02 13:58:55.969,0.93859,0.93868,1.73,1.20
2013.12.02 13:58:56.272,0.9386,0.9387,1.13,2.70
2013.12.02 13:58:56.781,0.93859,0.9387,1.35,4.13
2013.12.02 13:58:57.085,0.93852,0.93862,1.88,3.45
2013.12.02 13:58:57.594,0.93852,0.93861,1.13,2.03
2013.12.02 13:58:58.139,0.93852,0.93861,1.13,1.65
2013.12.02 13:59:00.578,0.93852,0.93862,1.13,4.20
2013.12.02 13:59:01.086,0.93851,0.93861,1.13,1.20
2013.12.02 13:59:01.605,0.93852,0.93861,1.13,1.20
2013.12.02 13:59:01.916,0.93853,0.93862,1.13,1.95
2013.12.02 13:59:02.017,0.93853,0.93862,1.13,1.13
2013.12.02 13:59:02.566,0.93853,0.93863,1.13,1.88
2013.12.02 13:59:03.068,0.93853,0.93863,1.88,1.50
2013.12.02 13:59:04.260,0.93854,0.93863,1.13,1.50
2013.12.02 13:59:04.412,0.93854,0.93866,1.13,1.95
2013.12.02 13:59:04.564,0.93857,0.93869,1.88,2.70
2013.12.02 13:59:04.672,0.93859,0.93869,1.58,1.13
2013.12.02 13:59:04.724,0.93862,0.93871,1.13,1.88
2013.12.02 13:59:04.776,0.93862,0.93871,1.88,1.13
2013.12.02 13:59:05.355,0.93862,0.93872,1.88,2.25
2013.12.02 13:59:05.725,0.93862,0.93872,1.88,1.50
2013.12.02 13:59:05.877,0.93864,0.93875,1.13,2.40
2013.12.02 13:59:06.029,0.93865,0.93875,1.13,3.38
2013.12.02 13:59:06.180,0.93863,0.93873,1.13,1.50
2013.12.02 13:59:06.718,0.93862,0.93872,1.13,1.28
2013.12.02 13:59:07.325,0.93862,0.93871,1.13,1.20
2013.12.02 13:59:07.912,0.93862,0.93872,1.13,2.40
2013.12.02 13:59:08.382,0.93864,0.93873,1.88,3.45
2013.12.02 13:59:08.483,0.93866,0.93875,1.13,3.08
2013.12.02 13:59:08.736,0.93867,0.93875,1.50,3.08
2013.12.02 13:59:08.989,0.93866,0.93876,1.13,1.58
2013.12.02 13:59:09.664,0.93867,0.93876,1.13,1.50
2013.12.02 13:59:10.202,0.93867,0.93876,1.13,1.50
2013.12.02 13:59:11.198,0.93868,0.93876,1.13,1.50
2013.12.02 13:59:11.249,0.93868,0.93879,1.13,3.45
2013.12.02 13:59:11.300,0.93867,0.93879,1.20,3.08
2013.12.02 13:59:12.095,0.93872,0.93879,1.50,1.50
2013.12.02 13:59:12.197,0.93872,0.93882,1.88,1.95
2013.12.02 13:59:12.248,0.93872,0.93882,1.88,1.95
2013.12.02 13:59:12.349,0.93872,0.93883,1.88,1.28
2013.12.02 13:59:12.870,0.9387,0.93881,1.13,1.95
2013.12.02 13:59:12.921,0.9387,0.9388,1.13,2.25
2013.12.02 13:59:13.484,0.9387,0.9388,1.13,4.95
2013.12.02 13:59:14.004,0.93867,0.93879,1.88,2.70
2013.12.02 13:59:14.312,0.93868,0.93878,1.13,1.95
2013.12.02 13:59:14.616,0.93866,0.93876,1.13,1.13
2013.12.02 13:59:14.919,0.93863,0.93873,1.13,1.88
2013.12.02 13:59:15.475,0.93862,0.93871,2.25,1.13
2013.12.02 13:59:15.782,0.93862,0.9387,1.50,1.20
2013.12.02 13:59:15.934,0.9386,0.93872,2.63,5.70
2013.12.02 13:59:16.035,0.93861,0.93872,1.50,5.70
2013.12.02 13:59:16.137,0.93859,0.93869,2.25,1.13
2013.12.02 13:59:16.188,0.93858,0.93869,2.25,1.13
2013.12.02 13:59:16.593,0.93858,0.93866,2.25,1.13
2013.12.02 13:59:16.795,0.93851,0.93861,1.65,1.13
2013.12.02 13:59:16.846,0.93851,0.93861,1.58,1.13
2013.12.02 13:59:17.374,0.9385,0.93861,1.58,1.13
2013.12.02 13:59:17.915,0.9385,0.93861,1.95,1.13
2013.12.02 13:59:18.479,0.9385,0.93862,2.70,1.88
2013.12.02 13:59:18.580,0.9385,0.93862,2.33,1.88
2013.12.02 13:59:19.146,0.93851,0.93863,1.50,1.88
2013.12.02 13:59:19.776,0.93851,0.93863,1.50,1.88
2013.12.02 13:59:20.109,0.93848,0.93857,2.25,1.13
2013.12.02 13:59:20.211,0.93845,0.93857,1.58,1.13
2013.12.02 13:59:20.262,0.93845,0.93857,1.58,1.13
2013.12.02 13:59:21.094,0.93847,0.93858,1.13,1.13
2013.12.02 13:59:21.247,0.93852,0.93858,1.50,1.13
2013.12.02 13:59:21.450,0.93848,0.93857,3.83,1.13
2013.12.02 13:59:21.551,0.93846,0.93857,2.40,1.13
2013.12.02 13:59:22.057,0.93848,0.93859,1.13,1.13
2013.12.02 13:59:22.220,0.9385,0.93859,1.13,1.13
2013.12.02 13:59:22.745,0.9385,0.93862,3.45,1.13
2013.12.02 13:59:22.847,0.93851,0.93865,1.50,3.15
2013.12.02 13:59:23.117,0.93851,0.93863,1.88,1.13
2013.12.02 13:59:25.371,0.93855,0.93866,1.50,1.20
2013.12.02 13:59:25.422,0.93855,0.93867,2.63,3.38
2013.12.02 13:59:25.776,0.93857,0.93868,3.75,1.13
2013.12.02 13:59:25.828,0.93859,0.93869,1.50,1.50
2013.12.02 13:59:25.880,0.93862,0.93869,1.35,1.50
2013.12.02 13:59:26.032,0.93862,0.93872,2.10,1.13
2013.12.02 13:59:26.565,0.93864,0.93871,1.50,1.13
2013.12.02 13:59:27.803,0.93864,0.93871,1.50,1.13
2013.12.02 13:59:28.412,0.93864,0.93873,1.13,1.50
2013.12.02 13:59:28.565,0.93862,0.93873,2.25,1.50
2013.12.02 13:59:28.616,0.93863,0.93873,1.13,1.13
2013.12.02 13:59:28.718,0.93865,0.93874,1.13,1.58
2013.12.02 13:59:29.239,0.93865,0.93875,4.73,2.63
2013.12.02 13:59:29.340,0.93865,0.93874,2.48,1.13
2013.12.02 13:59:30.288,0.93865,0.93875,2.48,1.13
2013.12.02 13:59:30.606,0.93865,0.93875,1.13,1.20
2013.12.02 13:59:30.911,0.93867,0.93879,1.88,1.13
2013.12.02 13:59:30.962,0.93867,0.93879,1.13,1.13
2013.12.02 13:59:31.514,0.93866,0.93877,1.50,1.13
2013.12.02 13:59:31.725,0.93866,0.93877,1.50,1.13
2013.12.02 13:59:32.234,0.93866,0.93877,1.88,1.13
2013.12.02 13:59:32.488,0.93869,0.93878,1.88,1.13
2013.12.02 13:59:33.057,0.9387,0.93879,1.50,1.13
2013.12.02 13:59:34.343,0.93869,0.93879,1.88,1.20
2013.12.02 13:59:34.960,0.93867,0.93879,2.63,1.20
2013.12.02 13:59:36.687,0.93869,0.93879,1.13,1.20
2013.12.02 13:59:38.883,0.93869,0.93879,1.13,1.20
2013.12.02 13:59:41.853,0.93869,0.93879,1.13,1.20
2013.12.02 13:59:43.505,0.93867,0.93879,2.25,1.20
2013.12.02 13:59:44.699,0.93867,0.93878,1.88,1.13
2013.12.02 13:59:44.924,0.93867,0.93878,1.50,1.13
2013.12.02 13:59:47.344,0.93866,0.93878,2.33,1.13
2013.12.02 13:59:47.969,0.93865,0.93876,1.50,1.13
2013.12.02 13:59:51.572,0.93864,0.93874,2.63,1.13
2013.12.02 13:59:51.725,0.93864,0.93873,1.50,1.13
2013.12.02 13:59:51.927,0.93862,0.93872,1.88,1.13
2013.12.02 13:59:51.978,0.93862,0.93872,1.50,1.13
2013.12.02 13:59:52.309,0.93862,0.93872,1.50,1.13
2013.12.02 13:59:52.843,0.93861,0.93869,2.25,1.13
2013.12.02 13:59:52.945,0.93858,0.93867,1.50,1.13
2013.12.02 13:59:53.200,0.93856,0.93867,2.25,1.13
2013.12.02 13:59:53.832,0.93856,0.93867,2.25,1.13
2013.12.02 13:59:54.950,0.93856,0.93865,2.25,1.13
2013.12.02 13:59:55.524,0.93856,0.93865,1.50,1.13
2013.12.02 13:59:57.535,0.93854,0.93865,1.65,1.88
2013.12.02 13:59:58.201,0.93854,0.93864,1.50,1.88
2013.12.02 13:59:59.164,0.93854,0.93864,1.13,1.88
2013.12.02 13:59:59.316,0.93853,0.93862,1.13,1.13
