2007.08.16 01:00:03.507,0.9518,0.9521,6.40,25.60
2007.08.16 01:00:03.723,0.9518,0.9521,10.30,21.60
2007.08.16 01:00:03.837,0.9518,0.9521,30.40,5.60
2007.08.16 01:00:04.372,0.9518,0.9521,30.40,4.00
2007.08.16 01:00:04.789,0.9518,0.9522,30.40,21.60
2007.08.16 01:00:07.738,0.9518,0.9522,30.40,27.40
2007.08.16 01:00:07.839,0.9518,0.9522,30.40,31.40
2007.08.16 01:00:07.950,0.9518,0.9521,30.40,1.60
2007.08.16 01:00:08.228,0.9518,0.9521,26.40,5.50
2007.08.16 01:00:08.374,0.9518,0.9521,26.40,3.90
2007.08.16 01:00:09.015,0.9518,0.9521,26.40,7.90
2007.08.16 01:00:11.406,0.9518,0.9521,26.40,9.50
2007.08.16 01:00:13.977,0.9518,0.9521,26.40,7.90
2007.08.16 01:00:14.214,0.9518,0.9521,30.40,4.00
2007.08.16 01:00:14.300,0.9519,0.9521,4.00,4.00
2007.08.16 01:00:14.860,0.9518,0.9522,26.40,31.40
2007.08.16 01:00:14.946,0.9518,0.9521,26.40,1.60
2007.08.16 01:00:15.240,0.9518,0.9521,22.40,5.50
2007.08.16 01:00:15.357,0.9518,0.9521,22.40,3.90
2007.08.16 01:00:15.874,0.9518,0.9521,22.40,7.90
2007.08.16 01:00:16.831,0.9518,0.9521,22.40,9.50
2007.08.16 01:00:29.787,0.9518,0.9521,6.40,25.60
2007.08.16 01:00:29.896,0.9518,0.9521,0.80,24.00
2007.08.16 01:00:29.925,0.9518,0.9521,0.80,32.00
2007.08.16 01:00:30.406,0.9518,0.9521,2.40,33.60
2007.08.16 01:00:31.070,0.9518,0.9521,2.40,25.60
2007.08.16 01:00:31.337,0.9518,0.9521,2.40,33.60
2007.08.16 01:00:31.373,0.9518,0.9521,0.80,32.00
2007.08.16 01:00:32.349,0.9518,0.9521,0.80,33.60
2007.08.16 01:00:32.797,0.9518,0.9521,4.80,33.60
2007.08.16 01:00:32.882,0.9518,0.9521,6.40,33.60
2007.08.16 01:00:32.895,0.9518,0.9521,5.60,25.60
2007.08.16 01:00:37.171,0.9519,0.9521,3.90,25.60
2007.08.16 01:00:37.268,0.9519,0.9521,3.90,21.60
2007.08.16 01:00:37.374,0.952,0.9521,1.60,4.00
2007.08.16 01:00:37.580,0.952,0.9521,5.60,4.00
2007.08.16 01:00:37.783,0.952,0.9522,5.60,7.40
2007.08.16 01:00:38.926,0.952,0.9522,5.60,5.60
2007.08.16 01:00:39.060,0.952,0.9522,6.40,5.60
2007.08.16 01:00:39.397,0.952,0.9522,4.80,4.00
2007.08.16 01:00:39.705,0.952,0.9522,0.80,4.00
2007.08.16 01:00:40.350,0.952,0.9522,0.80,5.60
2007.08.16 01:00:43.648,0.952,0.9521,0.80,3.90
2007.08.16 01:00:43.824,0.952,0.9521,0.80,8.00
2007.08.16 01:00:44.345,0.952,0.9521,0.80,13.60
2007.08.16 01:00:44.468,0.9518,0.9521,13.60,13.60
2007.08.16 01:00:44.783,0.9518,0.9521,9.60,13.60
2007.08.16 01:00:45.504,0.9518,0.952,9.60,1.60
2007.08.16 01:00:45.719,0.9518,0.952,9.60,5.60
2007.08.16 01:00:45.814,0.9519,0.952,0.80,5.60
2007.08.16 01:00:46.376,0.9519,0.952,0.80,4.00
2007.08.16 01:00:46.791,0.9519,0.9521,0.80,17.50
2007.08.16 01:00:46.851,0.9519,0.9521,0.80,13.60
2007.08.16 01:00:47.628,0.9519,0.9521,0.80,5.60
2007.08.16 01:00:49.842,0.9519,0.9521,4.80,5.60
2007.08.16 01:00:52.165,0.9519,0.95215,4.80,13.60
2007.08.16 01:00:52.497,0.9519,0.9523,4.80,31.40
2007.08.16 01:00:52.919,0.9519,0.9522,6.40,0.50
2007.08.16 01:00:53.297,0.952,0.9522,0.80,0.50
2007.08.16 01:00:53.525,0.952,0.9522,0.80,0.80
2007.08.16 01:00:53.551,0.952,0.95225,0.80,21.60
2007.08.16 01:00:53.749,0.952,0.95225,0.80,17.60
2007.08.16 01:00:56.149,0.952,0.9523,0.80,39.30
2007.08.16 01:00:56.208,0.952,0.9523,0.80,39.30
2007.08.16 01:00:56.419,0.952,0.9523,0.80,31.40
2007.08.16 01:00:56.932,0.952,0.95225,0.80,25.60
2007.08.16 01:00:57.186,0.952,0.9522,0.80,0.50
2007.08.16 01:00:57.782,0.952,0.9523,0.80,31.40
2007.08.16 01:00:58.244,0.9519,0.9522,4.00,0.70
2007.08.16 01:00:58.320,0.9519,0.9521,8.00,0.50
2007.08.16 01:00:58.482,0.9519,0.9522,8.80,19.40
2007.08.16 01:00:58.496,0.9519,0.9521,8.20,0.80
2007.08.16 01:00:58.613,0.9519,0.9521,12.20,0.70
2007.08.16 01:00:58.816,0.9519,0.9522,6.40,19.40
2007.08.16 01:00:58.937,0.9519,0.9522,8.80,15.40
2007.08.16 01:00:59.146,0.9519,0.9522,4.80,27.40
2007.08.16 01:00:59.247,0.9519,0.9521,0.80,0.80
2007.08.16 01:01:03.246,0.9519,0.9521,0.80,0.70
2007.08.16 01:01:03.356,0.9519,0.9522,0.80,31.30
2007.08.16 01:01:03.429,0.9519,0.9522,0.80,31.30
2007.08.16 01:01:03.750,0.9519,0.9522,0.80,31.30
2007.08.16 01:01:07.155,0.9518,0.95215,9.60,21.50
2007.08.16 01:01:07.176,0.9518,0.95215,13.60,17.60
2007.08.16 01:01:07.218,0.9518,0.9521,29.60,0.90
2007.08.16 01:01:07.326,0.9516,0.95215,8.00,17.60
2007.08.16 01:01:09.739,0.9518,0.95215,29.60,17.60
2007.08.16 01:01:10.019,0.9518,0.95215,29.60,16.00
2007.08.16 01:01:10.040,0.9519,0.9521,0.80,0.80
2007.08.16 01:01:10.857,0.9519,0.9522,0.80,31.40
2007.08.16 01:01:11.415,0.9519,0.9523,0.80,31.40
2007.08.16 01:01:11.698,0.9519,0.9523,0.80,31.30
2007.08.16 01:01:11.726,0.9519,0.9523,4.80,41.50
2007.08.16 01:01:11.834,0.9519,0.9523,4.80,29.60
2007.08.16 01:01:12.251,0.9519,0.9523,16.70,25.60
2007.08.16 01:01:12.334,0.9519,0.9523,16.70,25.60
2007.08.16 01:01:12.360,0.9519,0.9523,18.30,25.60
2007.08.16 01:01:12.681,0.9519,0.9523,18.30,0.50
2007.08.16 01:01:12.727,0.9519,0.9523,22.30,0.70
2007.08.16 01:01:12.774,0.9519,0.9524,26.40,31.40
2007.08.16 01:01:13.203,0.9519,0.9524,26.40,31.40
2007.08.16 01:01:13.748,0.9519,0.9523,6.40,39.30
2007.08.16 01:01:13.848,0.9519,0.9522,6.40,0.90
2007.08.16 01:01:13.887,0.9519,0.9523,6.40,31.40
2007.08.16 01:01:13.959,0.9519,0.9523,4.80,41.70
2007.08.16 01:01:14.377,0.9519,0.9523,8.80,41.70
2007.08.16 01:01:14.396,0.9519,0.9523,8.80,41.70
2007.08.16 01:01:14.487,0.9519,0.9523,14.40,39.30
2007.08.16 01:01:14.825,0.9519,0.9523,14.40,39.30
2007.08.16 01:01:14.881,0.9519,0.9523,18.30,39.30
2007.08.16 01:01:14.897,0.9519,0.9522,22.30,0.60
2007.08.16 01:01:15.942,0.9519,0.9523,22.30,39.30
2007.08.16 01:01:16.332,0.952,0.9522,0.80,0.60
2007.08.16 01:01:17.270,0.952,0.9523,0.80,39.30
2007.08.16 01:01:17.493,0.952,0.9522,0.80,0.80
2007.08.16 01:01:17.539,0.952,0.9523,0.80,39.30
2007.08.16 01:01:17.588,0.952,0.9522,0.80,0.90
2007.08.16 01:01:21.322,0.952,0.9522,0.80,0.80
2007.08.16 01:01:21.337,0.952,0.95225,0.80,20.00
2007.08.16 01:01:21.459,0.952,0.95225,0.80,17.60
2007.08.16 01:01:22.431,0.952,0.95225,0.80,16.00
2007.08.16 01:01:22.738,0.952,0.95225,0.80,12.00
2007.08.16 01:01:23.012,0.952,0.9522,0.80,0.70
2007.08.16 01:01:23.305,0.952,0.95225,0.80,12.00
2007.08.16 01:01:23.625,0.952,0.9524,0.80,31.40
2007.08.16 01:01:23.698,0.952,0.9523,4.70,0.70
2007.08.16 01:01:23.747,0.952,0.9523,20.70,0.90
2007.08.16 01:01:23.824,0.952,0.9524,20.70,31.30
2007.08.16 01:01:23.853,0.952,0.9524,8.70,31.30
2007.08.16 01:01:23.891,0.952,0.9523,8.70,0.90
2007.08.16 01:01:23.951,0.952,0.9523,10.30,19.40
2007.08.16 01:01:24.318,0.952,0.9522,6.40,0.60
2007.08.16 01:01:25.830,0.952,0.9523,2.40,31.40
2007.08.16 01:01:25.950,0.952,0.9523,0.80,31.40
2007.08.16 01:01:28.676,0.952,0.95225,0.80,13.60
2007.08.16 01:01:28.781,0.952,0.9522,0.80,0.90
2007.08.16 01:01:29.238,0.952,0.95225,0.80,19.30
2007.08.16 01:01:29.612,0.952,0.95225,0.80,23.30
2007.08.16 01:01:30.696,0.952,0.9522,0.80,0.80
2007.08.16 01:01:30.791,0.952,0.9522,0.80,0.90
2007.08.16 01:01:31.205,0.952,0.9523,4.70,17.60
2007.08.16 01:01:31.225,0.952,0.9522,16.70,0.50
2007.08.16 01:01:31.326,0.952,0.9523,22.30,13.60
2007.08.16 01:01:31.454,0.9521,0.9523,1.60,9.60
2007.08.16 01:01:31.649,0.9521,0.9524,5.60,27.30
2007.08.16 01:01:31.974,0.9521,0.9524,5.60,27.30
2007.08.16 01:01:33.230,0.9521,0.9524,4.00,27.30
2007.08.16 01:01:33.497,0.9522,0.95235,0.80,13.60
2007.08.16 01:01:33.647,0.952,0.9523,21.50,0.50
2007.08.16 01:01:33.654,0.952,0.95235,17.50,21.60
2007.08.16 01:01:33.747,0.952,0.9523,5.60,0.90
2007.08.16 01:01:33.863,0.952,0.95235,1.60,25.60
2007.08.16 01:01:33.941,0.952,0.9524,1.60,31.40
2007.08.16 01:01:34.061,0.9519,0.9524,29.60,31.40
2007.08.16 01:01:34.151,0.9519,0.9524,29.60,31.40
2007.08.16 01:01:34.205,0.9519,0.9523,29.60,27.40
2007.08.16 01:01:34.274,0.9519,0.95225,29.60,12.00
2007.08.16 01:01:34.384,0.9519,0.95225,29.60,13.60
2007.08.16 01:01:34.799,0.9519,0.9522,25.60,0.60
2007.08.16 01:01:36.891,0.9519,0.95225,25.60,16.00
2007.08.16 01:01:40.574,0.952,0.9522,0.80,8.00
2007.08.16 01:01:40.958,0.952,0.9522,0.80,9.60
2007.08.16 01:01:41.467,0.952,0.9522,0.80,4.00
2007.08.16 01:01:41.665,0.952,0.9523,0.80,25.60
2007.08.16 01:01:43.162,0.952,0.9523,0.80,17.60
2007.08.16 01:01:43.356,0.952,0.9523,16.70,17.60
2007.08.16 01:01:43.434,0.952,0.9523,15.90,25.60
2007.08.16 01:01:43.458,0.952,0.9523,17.50,25.60
2007.08.16 01:01:43.552,0.952,0.9523,21.50,21.60
2007.08.16 01:01:44.213,0.952,0.9523,21.50,13.60
2007.08.16 01:01:44.442,0.952,0.9523,22.30,13.60
2007.08.16 01:01:49.771,0.952,0.9523,24.10,13.60
2007.08.16 01:01:49.871,0.9521,0.9523,11.90,4.00
2007.08.16 01:01:49.983,0.9521,0.9523,15.90,4.00
2007.08.16 01:01:50.747,0.9521,0.9524,15.90,21.60
2007.08.16 01:01:50.926,0.9521,0.9524,16.70,21.60
2007.08.16 01:01:51.266,0.9521,0.9524,0.80,21.60
2007.08.16 01:01:51.371,0.9521,0.9524,0.80,25.60
2007.08.16 01:01:52.444,0.9521,0.9524,14.30,25.60
2007.08.16 01:01:52.479,0.9521,0.9524,13.50,17.60
2007.08.16 01:01:52.625,0.9521,0.9524,17.50,17.60
2007.08.16 01:01:53.897,0.9521,0.9524,15.90,17.60
2007.08.16 01:01:53.980,0.9521,0.9524,16.70,25.60
2007.08.16 01:01:54.248,0.9521,0.9524,16.70,17.60
2007.08.16 01:01:56.314,0.9521,0.9524,18.30,17.60
2007.08.16 01:01:57.496,0.9521,0.9524,18.30,0.90
2007.08.16 01:01:59.240,0.9521,0.9524,18.30,0.50
2007.08.16 01:01:59.793,0.9521,0.95245,18.30,27.40
2007.08.16 01:01:59.819,0.9521,0.9523,2.40,0.70
2007.08.16 01:01:59.951,0.9521,0.9523,0.80,0.50
2007.08.16 01:02:00.038,0.9521,0.9523,2.40,0.70
2007.08.16 01:02:00.133,0.9521,0.95235,6.40,9.60
2007.08.16 01:02:00.254,0.9521,0.9524,10.40,5.60
2007.08.16 01:02:00.363,0.9521,0.95245,14.40,9.60
2007.08.16 01:02:00.522,0.9521,0.9524,18.30,0.90
2007.08.16 01:02:00.680,0.9521,0.95245,14.30,9.60
2007.08.16 01:02:01.298,0.9521,0.9524,10.30,0.80
2007.08.16 01:02:01.716,0.9521,0.95245,26.30,13.60
2007.08.16 01:02:01.813,0.9521,0.9524,30.30,0.50
2007.08.16 01:02:02.873,0.95195,0.9525,8.00,31.30
2007.08.16 01:02:02.955,0.9522,0.9525,0.80,31.30
2007.08.16 01:02:12.508,0.9522,0.9524,0.80,0.70
2007.08.16 01:02:12.586,0.9522,0.9523,0.80,0.60
2007.08.16 01:02:13.161,0.9522,0.9524,0.80,13.60
2007.08.16 01:02:14.718,0.9522,0.9524,0.80,13.50
2007.08.16 01:02:14.782,0.9522,0.9524,0.80,0.60
2007.08.16 01:02:16.975,0.9522,0.9524,0.80,0.60
2007.08.16 01:02:17.022,0.9522,0.9524,0.80,0.50
2007.08.16 01:02:17.090,0.9522,0.9524,0.80,27.40
2007.08.16 01:02:17.303,0.9522,0.9524,0.80,0.50
2007.08.16 01:02:17.626,0.9522,0.9524,0.80,0.80
2007.08.16 01:02:18.719,0.9522,0.9524,0.80,0.70
2007.08.16 01:02:18.820,0.9522,0.9524,0.80,0.80
2007.08.16 01:02:18.835,0.9521,0.9525,4.80,29.20
2007.08.16 01:02:18.946,0.9521,0.9524,2.40,27.40
2007.08.16 01:02:22.543,0.9521,0.9523,0.60,0.60
2007.08.16 01:02:25.736,0.952,0.9523,30.40,5.50
2007.08.16 01:02:25.790,0.9521,0.9523,0.50,17.60
2007.08.16 01:02:25.904,0.952,0.9523,6.40,21.60
2007.08.16 01:02:25.999,0.9521,0.9522,0.80,1.60
2007.08.16 01:02:26.437,0.9521,0.9523,0.80,13.60
2007.08.16 01:02:26.605,0.9521,0.9523,0.80,5.60
2007.08.16 01:02:26.775,0.9519,0.9522,10.00,4.00
2007.08.16 01:02:26.870,0.9518,0.9522,39.20,8.00
2007.08.16 01:02:26.967,0.9519,0.9522,8.80,8.00
2007.08.16 01:02:27.386,0.9518,0.9522,33.70,8.00
2007.08.16 01:02:30.070,0.9518,0.9522,25.80,8.00
2007.08.16 01:02:30.191,0.9519,0.9522,0.90,9.60
2007.08.16 01:02:30.211,0.9519,0.9522,6.40,9.60
2007.08.16 01:02:30.430,0.9519,0.9521,6.40,4.00
2007.08.16 01:02:30.441,0.9519,0.9521,6.40,8.00
2007.08.16 01:02:30.742,0.9517,0.9521,31.30,8.00
2007.08.16 01:02:31.054,0.9517,0.9521,33.70,8.00
2007.08.16 01:02:31.509,0.9519,0.9521,0.80,16.00
2007.08.16 01:02:31.576,0.9519,0.9521,0.80,17.60
2007.08.16 01:02:31.783,0.9517,0.9521,2.70,17.60
2007.08.16 01:02:31.998,0.95155,0.9521,37.60,11.90
2007.08.16 01:02:32.012,0.95155,0.9521,41.60,8.00
2007.08.16 01:02:32.069,0.9517,0.9522,10.40,20.00
2007.08.16 01:02:32.225,0.95165,0.9522,41.60,16.00
2007.08.16 01:02:32.834,0.9517,0.9522,34.40,16.00
2007.08.16 01:02:33.756,0.9518,0.95215,0.80,8.00
2007.08.16 01:02:33.994,0.9518,0.95215,24.10,8.00
2007.08.16 01:02:34.104,0.9519,0.9522,5.20,4.00
2007.08.16 01:02:34.292,0.9518,0.95225,31.30,8.00
2007.08.16 01:02:34.508,0.9518,0.95225,31.30,8.00
2007.08.16 01:02:34.566,0.9519,0.95225,9.20,8.00
2007.08.16 01:02:35.558,0.9519,0.9522,2.90,1.60
2007.08.16 01:02:35.630,0.9518,0.9522,24.20,1.60
2007.08.16 01:02:35.876,0.9519,0.9522,5.40,5.60
2007.08.16 01:02:36.092,0.9518,0.9522,24.10,9.50
2007.08.16 01:02:36.659,0.9518,0.9522,34.50,9.50
2007.08.16 01:02:37.073,0.9518,0.9522,34.50,9.50
2007.08.16 01:02:37.224,0.9519,0.9522,4.10,9.50
2007.08.16 01:02:37.288,0.9519,0.9522,7.10,9.50
2007.08.16 01:02:37.317,0.9518,0.9522,34.60,5.60
2007.08.16 01:02:37.385,0.95175,0.9523,3.50,29.80
2007.08.16 01:02:38.234,0.9518,0.9523,33.60,29.80
2007.08.16 01:02:38.267,0.9518,0.9521,33.50,1.60
2007.08.16 01:02:38.458,0.9519,0.9521,26.40,1.60
2007.08.16 01:02:38.968,0.952,0.9522,0.80,9.50
2007.08.16 01:02:39.490,0.9518,0.95215,26.50,8.00
2007.08.16 01:02:39.575,0.9518,0.95215,8.80,8.00
2007.08.16 01:02:39.786,0.9519,0.95215,0.80,8.00
2007.08.16 01:02:39.990,0.9516,0.95215,41.60,8.00
2007.08.16 01:02:40.513,0.9518,0.95215,0.80,8.00
2007.08.16 01:02:40.735,0.9518,0.9521,0.80,3.90
2007.08.16 01:02:40.779,0.9517,0.9521,30.40,11.90
2007.08.16 01:02:40.825,0.9517,0.9521,30.40,15.90
2007.08.16 01:02:40.939,0.9517,0.9521,30.40,17.50
2007.08.16 01:02:41.040,0.9517,0.95205,30.40,8.00
2007.08.16 01:02:41.309,0.9517,0.95205,1.40,8.00
2007.08.16 01:02:42.087,0.9517,0.95205,32.10,8.00
2007.08.16 01:02:42.289,0.9517,0.95205,34.50,8.00
2007.08.16 01:02:42.301,0.9518,0.9521,13.50,9.50
2007.08.16 01:02:42.584,0.9518,0.9521,3.30,9.50
2007.08.16 01:02:42.609,0.9519,0.9521,0.80,17.50
2007.08.16 01:02:42.674,0.9519,0.9521,0.80,13.50
2007.08.16 01:02:42.783,0.9518,0.9521,4.80,17.50
2007.08.16 01:02:42.988,0.9516,0.9521,33.60,21.50
2007.08.16 01:02:43.083,0.9517,0.95205,9.50,8.00
2007.08.16 01:02:43.624,0.9516,0.95205,33.80,8.00
2007.08.16 01:02:44.565,0.9519,0.95205,0.80,8.00
2007.08.16 01:02:44.614,0.9517,0.9521,34.50,21.50
2007.08.16 01:02:44.974,0.9517,0.9521,34.50,21.50
2007.08.16 01:02:45.399,0.9517,0.9521,34.30,21.50
2007.08.16 01:02:45.719,0.9517,0.9521,34.40,17.60
2007.08.16 01:02:45.844,0.9519,0.9521,2.30,13.60
2007.08.16 01:02:45.991,0.9518,0.9521,30.30,5.60
2007.08.16 01:02:46.668,0.9518,0.9521,34.30,1.60
2007.08.16 01:02:49.241,0.9518,0.9521,34.30,1.60
2007.08.16 01:02:50.048,0.9518,0.9521,32.10,1.60
2007.08.16 01:02:50.160,0.9518,0.9521,32.10,1.60
2007.08.16 01:02:50.372,0.9518,0.9521,32.00,1.60
2007.08.16 01:02:50.539,0.9517,0.9521,3.90,1.60
2007.08.16 01:02:50.644,0.9517,0.9521,1.90,1.60
2007.08.16 01:02:50.883,0.952,0.9521,0.80,1.60
2007.08.16 01:02:55.034,0.952,0.9521,1.30,1.60
2007.08.16 01:02:55.116,0.9519,0.95225,32.10,8.00
2007.08.16 01:02:55.181,0.9519,0.9523,40.10,13.80
2007.08.16 01:02:55.231,0.9521,0.9523,0.80,11.40
2007.08.16 01:02:55.339,0.9521,0.9523,1.20,7.40
2007.08.16 01:02:56.692,0.952,0.9523,26.30,11.40
2007.08.16 01:02:56.714,0.952,0.9523,26.30,11.40
2007.08.16 01:02:56.806,0.9521,0.9523,1.60,21.60
2007.08.16 01:02:56.913,0.9521,0.9523,0.80,21.60
2007.08.16 01:02:57.746,0.952,0.9523,2.40,25.60
2007.08.16 01:02:58.771,0.9519,0.9523,34.40,25.60
2007.08.16 01:02:58.794,0.9519,0.9523,34.40,19.40
2007.08.16 01:02:58.896,0.9519,0.9523,34.40,15.40
2007.08.16 01:02:59.312,0.9519,0.9523,34.40,13.80
2007.08.16 01:02:59.521,0.9519,0.9523,34.40,12.00
2007.08.16 01:02:59.611,0.952,0.9523,2.80,20.00
2007.08.16 01:02:59.630,0.9519,0.9523,34.40,21.60
2007.08.16 01:02:59.813,0.9519,0.9523,30.40,31.40
2007.08.16 01:02:59.884,0.9519,0.95225,13.40,8.00
2007.08.16 01:02:59.987,0.9518,0.9522,32.20,1.60
2007.08.16 01:03:00.345,0.9518,0.9522,32.10,5.50
2007.08.16 01:03:00.794,0.9519,0.9522,5.50,9.50
2007.08.16 01:03:02.652,0.9518,0.9522,32.20,5.60
2007.08.16 01:03:02.924,0.9518,0.9522,32.20,4.00
2007.08.16 01:03:03.748,0.9518,0.9523,32.20,29.60
2007.08.16 01:03:04.708,0.9519,0.9523,3.30,29.60
2007.08.16 01:03:04.788,0.9518,0.9523,38.00,21.60
2007.08.16 01:03:04.797,0.9519,0.9523,32.10,21.60
2007.08.16 01:03:04.904,0.952,0.9523,3.50,21.60
2007.08.16 01:03:05.435,0.9519,0.9523,34.50,21.60
2007.08.16 01:03:06.784,0.9518,0.9523,42.40,21.60
2007.08.16 01:03:06.906,0.9518,0.9523,40.20,21.60
2007.08.16 01:03:07.108,0.9519,0.9523,30.40,29.60
2007.08.16 01:03:07.897,0.952,0.9522,0.80,5.60
2007.08.16 01:03:08.153,0.9518,0.9522,32.20,5.60
2007.08.16 01:03:08.289,0.9518,0.9522,32.10,9.50
2007.08.16 01:03:08.855,0.9519,0.9522,5.60,13.50
2007.08.16 01:03:11.788,0.9519,0.9522,2.60,17.50
2007.08.16 01:03:12.094,0.9518,0.9522,32.10,19.30
2007.08.16 01:03:12.213,0.9519,0.9522,22.40,15.30
2007.08.16 01:03:12.421,0.952,0.9522,1.10,11.30
2007.08.16 01:03:12.600,0.9519,0.9522,34.40,3.40
2007.08.16 01:03:18.207,0.95175,0.9522,3.70,3.40
2007.08.16 01:03:18.434,0.952,0.9522,0.80,3.40
2007.08.16 01:03:18.796,0.9519,0.9522,34.40,1.60
2007.08.16 01:03:22.316,0.952,0.9522,2.40,1.60
2007.08.16 01:03:23.257,0.952,0.9522,18.30,1.60
2007.08.16 01:03:23.335,0.9521,0.9522,0.80,1.60
2007.08.16 01:03:25.736,0.9519,0.9522,33.60,1.60
2007.08.16 01:03:26.154,0.9521,0.9522,0.80,1.60
2007.08.16 01:03:26.786,0.9519,0.9522,36.00,1.60
2007.08.16 01:03:26.900,0.952,0.9522,0.80,1.60
2007.08.16 01:03:27.008,0.952,0.9522,2.40,1.60
2007.08.16 01:03:27.210,0.952,0.9522,0.80,1.60
2007.08.16 01:03:27.308,0.952,0.9522,0.80,5.60
2007.08.16 01:03:27.421,0.952,0.9522,0.80,9.60
2007.08.16 01:03:27.840,0.952,0.9522,0.80,5.60
2007.08.16 01:03:27.962,0.9519,0.9522,24.00,4.00
2007.08.16 01:03:28.155,0.9519,0.9522,25.60,4.00
2007.08.16 01:03:28.216,0.9519,0.9522,26.40,4.00
2007.08.16 01:03:28.369,0.9519,0.9522,26.40,8.00
2007.08.16 01:03:28.474,0.9519,0.9522,26.40,9.60
2007.08.16 01:03:28.832,0.9519,0.9522,22.40,13.50
2007.08.16 01:03:29.617,0.9519,0.9522,6.40,15.30
2007.08.16 01:03:29.725,0.9519,0.9521,6.40,1.60
2007.08.16 01:03:31.600,0.9519,0.9521,6.40,5.50
2007.08.16 01:03:31.642,0.9519,0.9521,2.40,5.50
2007.08.16 01:03:31.760,0.9519,0.9521,0.80,5.50
2007.08.16 01:03:31.965,0.9519,0.9521,0.80,9.50
2007.08.16 01:03:32.050,0.9519,0.952,0.80,4.00
2007.08.16 01:03:32.265,0.9519,0.9521,0.80,13.50
2007.08.16 01:03:33.094,0.9519,0.9521,0.80,15.30
2007.08.16 01:03:33.201,0.9519,0.9521,0.80,19.30
2007.08.16 01:03:33.298,0.9519,0.9521,0.80,27.30
2007.08.16 01:03:33.418,0.9519,0.952,0.80,4.00
2007.08.16 01:03:33.620,0.9517,0.952,33.60,4.00
2007.08.16 01:03:33.848,0.9517,0.952,29.60,7.90
2007.08.16 01:03:33.858,0.9517,0.952,29.60,15.90
2007.08.16 01:03:33.926,0.9517,0.952,21.60,19.90
2007.08.16 01:03:34.050,0.9518,0.952,0.80,19.90
2007.08.16 01:03:34.549,0.9518,0.952,0.80,21.50
2007.08.16 01:03:35.084,0.9518,0.952,0.80,27.30
2007.08.16 01:03:35.089,0.9518,0.95195,0.30,8.00
2007.08.16 01:03:35.586,0.9518,0.952,0.30,37.70
2007.08.16 01:03:35.595,0.9518,0.952,0.30,33.70
2007.08.16 01:03:36.006,0.9518,0.952,0.30,33.50
2007.08.16 01:03:36.369,0.9517,0.952,8.40,33.50
2007.08.16 01:03:36.525,0.9517,0.9519,8.40,3.90
2007.08.16 01:03:36.619,0.9517,0.9519,8.40,11.90
2007.08.16 01:03:36.628,0.9517,0.9519,0.30,24.00
2007.08.16 01:03:36.723,0.9517,0.9518,0.30,1.60
2007.08.16 01:03:39.780,0.9516,0.9518,9.90,1.60
2007.08.16 01:03:40.163,0.9516,0.9518,5.90,5.60
2007.08.16 01:03:40.243,0.9516,0.9518,5.90,9.60
2007.08.16 01:03:40.377,0.9515,0.9518,3.70,13.60
2007.08.16 01:03:40.576,0.9513,0.9518,39.40,21.60
2007.08.16 01:03:40.792,0.9513,0.9518,37.20,25.60
2007.08.16 01:03:41.313,0.9517,0.9518,0.30,33.60
2007.08.16 01:03:41.445,0.9514,0.9517,11.00,4.00
2007.08.16 01:03:41.659,0.9513,0.9517,31.40,4.00
2007.08.16 01:03:41.753,0.9513,0.9517,31.40,4.00
2007.08.16 01:03:42.188,0.9514,0.9518,8.10,4.00
2007.08.16 01:03:42.397,0.9515,0.9518,1.90,4.00
2007.08.16 01:03:42.433,0.9514,0.9518,33.60,4.00
2007.08.16 01:03:43.895,0.9514,0.95185,33.60,8.00
2007.08.16 01:03:43.928,0.9514,0.9519,33.60,37.60
2007.08.16 01:03:44.111,0.9515,0.9518,0.50,20.00
2007.08.16 01:03:44.181,0.9515,0.9518,0.80,28.00
2007.08.16 01:03:44.218,0.9515,0.9517,1.00,1.60
2007.08.16 01:03:44.421,0.9514,0.9517,15.40,5.60
2007.08.16 01:03:44.860,0.9514,0.9517,29.60,1.60
2007.08.16 01:03:46.108,0.9514,0.9517,29.50,1.60
2007.08.16 01:03:46.198,0.9515,0.9517,2.80,1.60
2007.08.16 01:03:46.306,0.9515,0.9518,5.00,12.00
2007.08.16 01:03:46.448,0.9515,0.9518,2.10,8.00
2007.08.16 01:03:46.513,0.9514,0.9518,41.50,4.00
2007.08.16 01:03:46.641,0.9515,0.9519,6.50,17.60
2007.08.16 01:03:46.750,0.9515,0.9519,29.50,17.60
2007.08.16 01:03:46.859,0.9516,0.9519,1.90,17.60
2007.08.16 01:03:47.233,0.9515,0.9519,29.40,13.60
2007.08.16 01:03:56.128,0.9515,0.9519,33.50,15.40
2007.08.16 01:03:56.239,0.9516,0.9518,0.60,1.60
2007.08.16 01:03:56.332,0.9515,0.9518,33.50,1.60
2007.08.16 01:03:56.619,0.9515,0.9518,33.60,1.60
2007.08.16 01:03:57.114,0.9515,0.9518,33.50,1.60
2007.08.16 01:03:57.282,0.9515,0.9519,33.50,13.60
2007.08.16 01:04:00.622,0.9515,0.9519,33.60,17.60
2007.08.16 01:04:00.825,0.9515,0.9519,12.30,17.60
2007.08.16 01:04:00.919,0.9514,0.9519,39.30,17.60
2007.08.16 01:04:01.651,0.9514,0.9518,39.30,4.00
2007.08.16 01:04:01.948,0.9514,0.9518,31.30,8.00
2007.08.16 01:04:02.246,0.9514,0.9518,31.30,12.00
2007.08.16 01:04:03.715,0.9514,0.9518,29.10,12.00
2007.08.16 01:04:03.830,0.9515,0.9518,23.30,9.60
2007.08.16 01:04:04.110,0.9515,0.9518,23.20,9.60
2007.08.16 01:04:04.129,0.9515,0.9518,31.20,1.60
2007.08.16 01:04:04.228,0.9516,0.9519,1.00,13.60
2007.08.16 01:04:04.648,0.9516,0.9519,3.00,5.60
2007.08.16 01:04:04.760,0.9515,0.9519,39.30,4.00
2007.08.16 01:04:04.960,0.9515,0.9519,39.30,4.00
2007.08.16 01:04:05.055,0.9516,0.952,11.40,13.60
2007.08.16 01:04:12.635,0.9516,0.952,29.50,15.40
2007.08.16 01:04:12.733,0.9516,0.9519,29.50,1.60
2007.08.16 01:04:12.842,0.9516,0.9519,29.50,5.60
2007.08.16 01:04:12.936,0.9516,0.9519,25.50,5.60
2007.08.16 01:04:13.056,0.9516,0.9519,21.50,9.60
2007.08.16 01:04:14.695,0.9516,0.9519,23.30,9.60
2007.08.16 01:04:14.802,0.9517,0.9519,1.60,9.60
2007.08.16 01:04:15.017,0.9517,0.9519,1.60,5.60
2007.08.16 01:04:17.137,0.9517,0.9519,1.60,9.60
2007.08.16 01:04:17.308,0.9516,0.9518,11.40,1.60
2007.08.16 01:04:17.516,0.9516,0.9518,3.40,1.60
2007.08.16 01:04:19.185,0.9516,0.9518,7.30,1.60
2007.08.16 01:04:19.269,0.9516,0.9518,9.50,1.60
2007.08.16 01:04:19.474,0.9516,0.9519,9.50,9.60
2007.08.16 01:04:19.824,0.9516,0.9519,5.60,31.40
2007.08.16 01:04:19.997,0.9515,0.952,21.60,39.40
2007.08.16 01:04:20.029,0.9515,0.9519,21.60,39.40
2007.08.16 01:04:20.816,0.9515,0.9519,17.60,39.40
2007.08.16 01:04:22.803,0.9515,0.9518,19.40,5.60
2007.08.16 01:04:22.899,0.9515,0.9518,15.40,9.60
2007.08.16 01:04:23.017,0.9515,0.9518,11.40,9.60
2007.08.16 01:04:23.218,0.9515,0.9518,7.40,9.60
2007.08.16 01:04:23.328,0.9515,0.9518,7.40,13.50
2007.08.16 01:04:23.432,0.9515,0.9517,7.40,1.60
2007.08.16 01:04:23.641,0.9515,0.9517,11.40,1.60
2007.08.16 01:04:23.736,0.9516,0.9517,3.90,1.60
2007.08.16 01:04:23.749,0.9516,0.95185,7.90,8.00
2007.08.16 01:04:23.845,0.9516,0.95185,9.50,8.00
2007.08.16 01:04:23.902,0.9516,0.9519,9.50,11.40
2007.08.16 01:04:23.962,0.9517,0.9519,1.60,7.40
2007.08.16 01:04:24.165,0.9517,0.9519,1.60,5.60
2007.08.16 01:04:24.258,0.9516,0.9519,9.50,5.60
2007.08.16 01:04:24.365,0.9516,0.9519,9.50,9.60
2007.08.16 01:04:24.398,0.9516,0.9519,9.50,17.60
2007.08.16 01:04:24.445,0.9516,0.9519,5.60,21.60
2007.08.16 01:04:24.471,0.9516,0.9519,5.60,17.60
2007.08.16 01:04:24.567,0.9516,0.9519,1.60,21.60
2007.08.16 01:04:24.880,0.9515,0.9519,25.60,21.60
2007.08.16 01:04:25.413,0.9516,0.9519,4.00,21.60
2007.08.16 01:04:25.453,0.9516,0.9519,4.00,13.60
2007.08.16 01:04:27.346,0.9516,0.9519,5.60,13.60
2007.08.16 01:04:28.386,0.9516,0.9519,4.00,13.60
2007.08.16 01:04:29.753,0.9515,0.9519,11.40,33.60
2007.08.16 01:04:29.833,0.9515,0.9519,11.40,41.60
2007.08.16 01:04:29.855,0.9515,0.9518,11.40,1.60
2007.08.16 01:04:30.790,0.9515,0.9518,9.60,5.60
2007.08.16 01:04:30.912,0.9515,0.9518,9.60,9.60
2007.08.16 01:04:32.285,0.9515,0.9518,9.60,5.60
2007.08.16 01:04:32.848,0.9515,0.9518,9.60,1.60
2007.08.16 01:04:33.267,0.9516,0.9518,8.00,1.60
2007.08.16 01:04:33.375,0.9516,0.9519,9.60,17.60
2007.08.16 01:04:33.491,0.9516,0.9519,9.60,13.60
2007.08.16 01:04:33.796,0.9516,0.9519,13.60,9.60
2007.08.16 01:04:33.910,0.9516,0.9519,8.00,9.60
2007.08.16 01:04:34.115,0.9516,0.9519,4.00,13.60
2007.08.16 01:04:34.223,0.9516,0.9519,4.00,29.60
2007.08.16 01:04:34.284,0.9516,0.9519,4.00,37.60
2007.08.16 01:04:34.434,0.9515,0.9518,15.40,1.60
2007.08.16 01:04:34.523,0.9515,0.9518,11.40,1.60
2007.08.16 01:04:38.871,0.9515,0.9518,9.60,1.60
2007.08.16 01:04:39.707,0.9515,0.9518,5.60,5.50
2007.08.16 01:04:39.808,0.9515,0.9518,1.60,13.60
2007.08.16 01:04:40.125,0.9515,0.9518,1.60,17.60
2007.08.16 01:04:43.187,0.9515,0.9518,1.60,25.60
2007.08.16 01:04:43.242,0.9515,0.9518,1.60,37.60
2007.08.16 01:04:43.335,0.9514,0.9518,15.40,41.60
2007.08.16 01:04:43.456,0.9514,0.9518,11.40,44.00
2007.08.16 01:04:44.371,0.9514,0.9517,11.40,1.60
2007.08.16 01:04:45.710,0.9514,0.9517,11.40,5.60
2007.08.16 01:04:45.825,0.9514,0.9517,21.60,1.60
2007.08.16 01:04:45.926,0.9514,0.9517,21.60,5.60
2007.08.16 01:04:46.764,0.9514,0.9517,21.60,9.60
2007.08.16 01:04:47.760,0.9514,0.9517,17.60,13.50
2007.08.16 01:04:47.809,0.9514,0.9517,13.50,19.40
2007.08.16 01:04:48.339,0.9513,0.9517,33.60,19.40
2007.08.16 01:04:48.447,0.9513,0.9517,33.60,23.40
2007.08.16 01:04:48.646,0.9513,0.9517,29.60,23.40
2007.08.16 01:04:48.742,0.9513,0.9517,17.60,23.40
2007.08.16 01:04:48.855,0.9513,0.9516,15.40,4.00
2007.08.16 01:04:48.974,0.9513,0.9515,11.40,1.60
2007.08.16 01:04:49.294,0.9513,0.9516,11.40,5.60
2007.08.16 01:04:49.314,0.9513,0.9516,7.40,9.50
2007.08.16 01:04:51.203,0.9514,0.9516,4.00,9.50
2007.08.16 01:04:51.226,0.9514,0.9516,4.00,5.60
2007.08.16 01:04:51.318,0.9514,0.9516,4.00,1.60
2007.08.16 01:04:51.821,0.9514,0.9517,5.60,19.40
2007.08.16 01:04:53.613,0.9514,0.9516,5.60,3.90
2007.08.16 01:04:53.640,0.9513,0.9516,5.60,9.60
2007.08.16 01:04:53.689,0.9513,0.9516,5.60,17.60
2007.08.16 01:04:53.711,0.9513,0.9516,1.60,25.60
2007.08.16 01:04:54.416,0.9512,0.9516,25.60,25.60
2007.08.16 01:04:54.456,0.9512,0.9516,25.60,17.60
2007.08.16 01:04:55.374,0.9513,0.9516,1.60,17.60
2007.08.16 01:04:55.798,0.9513,0.9516,13.50,17.60
2007.08.16 01:04:58.365,0.9513,0.9516,11.90,17.60
2007.08.16 01:04:59.949,0.9513,0.9516,13.50,17.60
2007.08.16 01:05:00.333,0.9513,0.9516,11.90,17.60
2007.08.16 01:05:02.364,0.9513,0.9516,13.50,17.60
2007.08.16 01:05:03.762,0.9513,0.9516,1.60,17.60
2007.08.16 01:05:03.972,0.9512,0.9516,29.60,17.60
2007.08.16 01:05:03.986,0.9512,0.9516,29.60,25.60
2007.08.16 01:05:04.686,0.9512,0.9516,25.60,25.60
2007.08.16 01:05:07.395,0.9512,0.9515,25.60,1.60
2007.08.16 01:05:13.263,0.9512,0.9515,21.60,5.50
2007.08.16 01:05:13.722,0.9512,0.9515,21.60,9.50
2007.08.16 01:05:14.180,0.9512,0.9515,25.60,5.60
2007.08.16 01:05:14.756,0.9512,0.9515,25.60,1.60
2007.08.16 01:05:15.193,0.9512,0.9515,21.60,5.50
2007.08.16 01:05:15.301,0.9512,0.9515,1.60,15.40
2007.08.16 01:05:15.379,0.9511,0.9515,29.60,15.40
2007.08.16 01:05:15.803,0.9511,0.9515,25.60,19.40
2007.08.16 01:05:15.897,0.9511,0.9514,21.60,1.60
2007.08.16 01:05:16.420,0.9511,0.9515,21.60,31.40
2007.08.16 01:05:16.840,0.9511,0.9514,21.60,4.00
2007.08.16 01:05:17.147,0.9511,0.9515,21.60,33.80
2007.08.16 01:05:18.392,0.9511,0.9514,21.60,5.60
2007.08.16 01:05:19.335,0.9511,0.9514,25.60,4.00
2007.08.16 01:05:19.632,0.9511,0.9515,25.60,1.60
2007.08.16 01:05:20.783,0.9511,0.9515,25.60,3.40
2007.08.16 01:05:20.878,0.9512,0.9515,1.60,3.40
2007.08.16 01:05:21.323,0.9512,0.9515,1.60,11.40
2007.08.16 01:05:21.416,0.9512,0.9514,1.60,1.60
2007.08.16 01:05:21.719,0.9512,0.9514,5.50,1.60
2007.08.16 01:05:22.740,0.9512,0.9514,1.60,1.60
2007.08.16 01:05:23.261,0.9512,0.9514,5.50,1.60
2007.08.16 01:05:25.337,0.9512,0.9515,3.90,7.40
2007.08.16 01:05:26.826,0.9512,0.9515,3.90,5.60
2007.08.16 01:05:26.904,0.9512,0.9515,21.60,1.60
2007.08.16 01:05:27.432,0.9512,0.9515,31.40,1.60
2007.08.16 01:05:27.826,0.951,0.9515,8.00,1.60
2007.08.16 01:05:27.918,0.9512,0.9515,25.60,5.60
2007.08.16 01:05:28.653,0.9512,0.9515,21.60,9.60
2007.08.16 01:05:30.308,0.9512,0.9515,21.60,5.60
2007.08.16 01:05:30.829,0.9512,0.9515,21.60,1.60
2007.08.16 01:05:31.813,0.9512,0.9515,17.60,1.60
2007.08.16 01:05:31.893,0.9511,0.9516,33.60,37.60
2007.08.16 01:05:31.995,0.9511,0.95155,33.60,8.00
2007.08.16 01:05:32.291,0.9511,0.95155,29.60,8.00
2007.08.16 01:05:32.761,0.9511,0.9515,29.60,8.00
2007.08.16 01:05:32.955,0.9511,0.9515,29.60,9.60
2007.08.16 01:05:33.744,0.9511,0.9515,29.60,13.60
2007.08.16 01:05:34.040,0.9511,0.9515,29.60,12.00
2007.08.16 01:05:34.053,0.9511,0.9515,29.60,4.00
2007.08.16 01:05:34.834,0.9511,0.9515,29.60,12.00
2007.08.16 01:05:34.858,0.9511,0.9515,29.60,8.00
2007.08.16 01:05:34.982,0.9511,0.9515,29.60,9.60
2007.08.16 01:05:35.293,0.9511,0.9515,29.60,13.50
2007.08.16 01:05:35.391,0.9511,0.9515,29.60,11.90
2007.08.16 01:05:35.600,0.9511,0.9515,29.60,15.90
2007.08.16 01:05:37.664,0.9511,0.9515,29.60,12.00
2007.08.16 01:05:37.891,0.9512,0.9515,11.90,12.00
2007.08.16 01:05:37.939,0.9512,0.9515,11.90,4.00
2007.08.16 01:05:38.202,0.9512,0.9515,16.00,4.00
2007.08.16 01:05:38.284,0.9512,0.9515,20.00,4.00
2007.08.16 01:05:38.736,0.9512,0.9516,20.00,25.60
2007.08.16 01:05:39.294,0.9512,0.9516,16.00,25.60
2007.08.16 01:05:39.351,0.9512,0.9516,5.60,37.60
2007.08.16 01:05:39.455,0.9511,0.9516,33.60,37.60
2007.08.16 01:05:39.552,0.9511,0.95155,29.60,8.00
2007.08.16 01:05:42.336,0.9512,0.95155,11.90,8.00
2007.08.16 01:05:42.436,0.9512,0.9515,13.50,1.60
2007.08.16 01:05:42.786,0.9512,0.9515,17.50,1.60
2007.08.16 01:05:42.854,0.9512,0.9515,21.60,1.60
2007.08.16 01:05:44.324,0.9512,0.9516,20.00,25.60
2007.08.16 01:05:44.417,0.9512,0.9515,21.60,1.60
2007.08.16 01:05:46.269,0.9512,0.9515,27.40,1.60
2007.08.16 01:05:46.392,0.9512,0.9516,33.80,13.60
2007.08.16 01:05:47.734,0.9512,0.9516,29.60,17.60
2007.08.16 01:05:47.836,0.9512,0.9516,25.60,17.60
2007.08.16 01:05:47.940,0.9512,0.9516,24.00,17.60
2007.08.16 01:05:47.977,0.9512,0.9516,24.00,25.60
2007.08.16 01:05:48.363,0.9512,0.9516,25.60,25.60
2007.08.16 01:05:48.481,0.9512,0.9515,25.60,1.60
2007.08.16 01:05:48.573,0.9512,0.9515,21.60,1.60
2007.08.16 01:05:49.725,0.9512,0.9515,21.60,5.60
2007.08.16 01:05:54.365,0.9512,0.9515,21.60,13.60
2007.08.16 01:05:54.482,0.9512,0.9515,9.60,13.60
2007.08.16 01:05:54.601,0.9512,0.9514,9.60,1.60
2007.08.16 01:05:54.954,0.9512,0.9514,5.60,1.60
2007.08.16 01:06:01.964,0.9512,0.9514,1.60,9.60
2007.08.16 01:06:02.013,0.9512,0.9513,1.60,3.90
2007.08.16 01:06:02.070,0.9511,0.9513,4.00,3.90
2007.08.16 01:06:02.262,0.951,0.9513,21.60,7.90
2007.08.16 01:06:02.371,0.951,0.9513,21.60,9.50
2007.08.16 01:06:03.245,0.951,0.9513,25.60,5.60
2007.08.16 01:06:03.949,0.951,0.9513,25.60,4.00
2007.08.16 01:06:04.240,0.951,0.9513,9.50,4.00
2007.08.16 01:06:04.263,0.951,0.9513,5.60,4.00
2007.08.16 01:06:04.361,0.951,0.9513,4.00,4.00
2007.08.16 01:06:04.754,0.951,0.9514,4.00,21.60
2007.08.16 01:06:04.829,0.951,0.95135,4.00,8.00
2007.08.16 01:06:05.380,0.951,0.9513,4.00,1.60
2007.08.16 01:06:06.143,0.951,0.9513,4.00,9.60
2007.08.16 01:06:06.294,0.9509,0.9513,25.60,9.60
2007.08.16 01:06:06.402,0.9509,0.9513,27.40,9.60
2007.08.16 01:06:06.718,0.9509,0.9513,27.40,13.60
2007.08.16 01:06:06.817,0.9509,0.9513,27.40,17.50
2007.08.16 01:06:06.840,0.9509,0.9513,27.40,21.60
2007.08.16 01:06:07.236,0.95075,0.9513,8.00,21.60
2007.08.16 01:06:07.775,0.951,0.9513,15.90,21.60
2007.08.16 01:06:07.971,0.951,0.9513,17.50,21.60
2007.08.16 01:06:08.239,0.951,0.9513,17.50,13.60
2007.08.16 01:06:08.458,0.951,0.9513,17.50,9.60
2007.08.16 01:06:10.899,0.951,0.9513,5.60,9.60
2007.08.16 01:06:11.146,0.951,0.9513,5.60,17.60
2007.08.16 01:06:11.323,0.9509,0.9513,19.40,17.60
2007.08.16 01:06:11.627,0.95075,0.9513,1.60,17.60
2007.08.16 01:06:12.035,0.9508,0.9513,27.40,17.60
2007.08.16 01:06:12.653,0.9508,0.9513,27.40,21.60
2007.08.16 01:06:12.750,0.9508,0.9513,27.40,25.60
2007.08.16 01:06:12.857,0.9508,0.9513,25.20,29.60
2007.08.16 01:06:12.958,0.9508,0.95125,25.20,8.00
2007.08.16 01:06:13.004,0.9508,0.9512,25.20,1.60
2007.08.16 01:06:13.795,0.9509,0.9512,9.30,5.60
2007.08.16 01:06:15.242,0.9508,0.9512,29.10,9.50
2007.08.16 01:06:15.269,0.9509,0.9512,3.00,13.60
2007.08.16 01:06:15.820,0.9508,0.9512,23.40,13.60
2007.08.16 01:06:15.868,0.9507,0.9512,39.40,12.00
2007.08.16 01:06:16.047,0.9507,0.9512,39.40,20.00
2007.08.16 01:06:16.288,0.9507,0.9512,39.40,21.60
2007.08.16 01:06:16.782,0.9508,0.9512,1.10,21.60
2007.08.16 01:06:17.062,0.9508,0.9512,8.00,13.60
2007.08.16 01:06:17.919,0.9508,0.9512,29.20,13.60
2007.08.16 01:06:18.035,0.9509,0.9512,1.30,13.60
2007.08.16 01:06:18.333,0.9509,0.9512,1.30,9.60
2007.08.16 01:06:18.512,0.9508,0.9512,21.10,5.60
2007.08.16 01:06:18.959,0.95085,0.9512,35.40,1.60
2007.08.16 01:06:19.071,0.9509,0.9512,27.40,1.60
2007.08.16 01:06:19.488,0.9508,0.9512,21.20,1.60
2007.08.16 01:06:19.581,0.9508,0.9512,21.20,1.60
2007.08.16 01:06:19.956,0.9509,0.9512,1.30,1.60
2007.08.16 01:06:20.411,0.9508,0.95125,17.20,8.00
2007.08.16 01:06:21.476,0.9509,0.9511,1.60,5.50
2007.08.16 01:06:21.727,0.9509,0.9511,3.60,1.60
2007.08.16 01:06:21.968,0.9508,0.95125,21.10,8.00
2007.08.16 01:06:22.742,0.9508,0.9512,7.90,13.60
2007.08.16 01:06:22.758,0.9508,0.9512,33.60,5.60
2007.08.16 01:06:22.776,0.9508,0.9512,33.50,5.60
2007.08.16 01:06:22.807,0.9508,0.9512,33.50,1.60
2007.08.16 01:06:23.320,0.9508,0.9512,31.40,1.60
2007.08.16 01:06:23.425,0.9509,0.95125,5.10,8.00
2007.08.16 01:06:23.550,0.9509,0.9513,9.80,5.60
2007.08.16 01:06:23.667,0.951,0.9513,1.60,5.60
2007.08.16 01:06:23.719,0.951,0.9513,3.10,5.60
2007.08.16 01:06:23.795,0.9509,0.95125,29.70,8.00
2007.08.16 01:06:23.947,0.951,0.9512,0.90,1.60
2007.08.16 01:06:24.287,0.9509,0.9512,11.30,1.60
2007.08.16 01:06:24.368,0.9509,0.9512,29.60,1.60
2007.08.16 01:06:25.428,0.9508,0.9512,23.40,1.60
2007.08.16 01:06:25.501,0.9508,0.9512,23.30,21.60
2007.08.16 01:06:25.613,0.9508,0.9511,15.30,1.60
2007.08.16 01:06:25.720,0.9509,0.9511,0.80,1.60
2007.08.16 01:06:25.818,0.9508,0.9511,1.70,1.60
2007.08.16 01:06:28.197,0.9508,0.9511,11.20,1.60
2007.08.16 01:06:28.324,0.9508,0.9511,27.40,1.60
2007.08.16 01:06:30.432,0.9509,0.9511,0.70,5.50
2007.08.16 01:06:30.503,0.9509,0.95105,1.20,8.00
2007.08.16 01:06:30.532,0.9507,0.951,31.40,1.60
2007.08.16 01:06:30.739,0.9508,0.951,1.10,1.60
2007.08.16 01:06:34.961,0.9507,0.951,31.30,1.60
2007.08.16 01:06:35.029,0.9508,0.9511,3.10,25.60
2007.08.16 01:06:35.088,0.9507,0.9511,31.30,17.60
2007.08.16 01:06:35.123,0.9507,0.9511,31.30,13.60
2007.08.16 01:06:37.139,0.9508,0.9511,6.40,21.60
2007.08.16 01:06:37.301,0.9507,0.9511,29.60,21.60
2007.08.16 01:06:37.891,0.95075,0.9511,9.60,13.60
2007.08.16 01:06:37.910,0.9508,0.9511,5.50,9.60
2007.08.16 01:06:38.039,0.9509,0.9511,2.00,4.00
2007.08.16 01:06:38.261,0.9509,0.9512,21.40,5.60
2007.08.16 01:06:38.344,0.9511,0.9512,0.60,4.00
2007.08.16 01:06:38.454,0.9511,0.9513,1.10,11.40
2007.08.16 01:06:38.547,0.9509,0.9513,33.50,11.40
2007.08.16 01:06:38.758,0.9509,0.9513,33.50,9.60
2007.08.16 01:06:38.867,0.951,0.9513,0.60,5.60
2007.08.16 01:06:38.972,0.951,0.9513,25.50,1.60
2007.08.16 01:06:39.380,0.951,0.9513,2.60,1.60
2007.08.16 01:06:39.906,0.951,0.9513,3.10,1.60
2007.08.16 01:06:40.416,0.9509,0.9514,43.90,11.40
2007.08.16 01:06:41.366,0.951,0.9514,9.50,15.40
2007.08.16 01:06:41.731,0.951,0.9514,9.50,19.30
2007.08.16 01:06:41.863,0.951,0.9513,9.50,4.00
2007.08.16 01:06:41.960,0.951,0.9513,9.50,5.60
2007.08.16 01:06:42.956,0.951,0.9513,5.60,9.50
2007.08.16 01:06:43.032,0.951,0.95125,5.60,8.00
2007.08.16 01:06:43.104,0.9509,0.9512,21.60,1.60
2007.08.16 01:06:43.203,0.9509,0.9512,13.60,1.60
2007.08.16 01:06:43.295,0.9509,0.9512,13.60,9.60
2007.08.16 01:06:43.312,0.9509,0.9512,9.60,13.60
2007.08.16 01:06:43.405,0.9509,0.9512,8.00,13.60
2007.08.16 01:06:43.767,0.9509,0.9512,4.00,17.50
2007.08.16 01:06:45.489,0.9509,0.9512,20.00,17.50
2007.08.16 01:06:45.550,0.951,0.9512,3.90,13.60
2007.08.16 01:06:45.611,0.951,0.9512,3.90,12.00
2007.08.16 01:06:45.659,0.951,0.9512,3.90,4.00
2007.08.16 01:06:45.705,0.951,0.9513,7.90,11.40
2007.08.16 01:06:45.823,0.951,0.9513,23.90,7.40
2007.08.16 01:06:45.914,0.951,0.9513,25.50,7.40
2007.08.16 01:06:46.020,0.951,0.9512,25.50,1.60
2007.08.16 01:06:46.756,0.951,0.9512,29.50,1.60
2007.08.16 01:06:47.269,0.951,0.9512,9.50,1.60
2007.08.16 01:06:47.364,0.951,0.9513,7.90,5.60
2007.08.16 01:06:47.757,0.951,0.9513,3.90,5.60
2007.08.16 01:06:47.896,0.9509,0.9512,29.60,3.90
2007.08.16 01:06:47.947,0.9509,0.9512,29.60,11.90
2007.08.16 01:06:47.980,0.9509,0.9512,13.60,20.00
2007.08.16 01:06:48.072,0.9509,0.9512,4.00,25.60
2007.08.16 01:06:48.274,0.9508,0.9512,21.60,29.60
2007.08.16 01:06:48.416,0.9508,0.9512,17.60,29.60
2007.08.16 01:06:48.461,0.9508,0.9512,17.60,21.60
2007.08.16 01:06:48.486,0.9508,0.9512,1.60,33.60
2007.08.16 01:06:48.613,0.9507,0.9512,12.00,33.60
2007.08.16 01:06:48.800,0.9508,0.9512,4.00,33.60
2007.08.16 01:06:48.902,0.9508,0.95105,4.00,8.00
2007.08.16 01:06:49.013,0.9508,0.9511,4.00,12.00
2007.08.16 01:06:49.042,0.9508,0.9511,4.00,25.70
2007.08.16 01:06:49.103,0.9508,0.9511,4.00,27.30
2007.08.16 01:06:49.225,0.9507,0.9511,1.60,35.30
2007.08.16 01:06:49.758,0.9507,0.9511,1.60,39.30
2007.08.16 01:06:50.792,0.9507,0.9511,1.60,41.60
2007.08.16 01:06:51.430,0.9507,0.9511,5.60,36.00
2007.08.16 01:06:51.478,0.9507,0.9511,5.60,32.00
2007.08.16 01:06:51.534,0.9507,0.9511,5.60,16.00
2007.08.16 01:06:51.624,0.9506,0.9511,29.60,16.00
2007.08.16 01:06:51.733,0.9507,0.9513,11.90,25.60
2007.08.16 01:06:51.894,0.9507,0.9511,11.90,8.00
2007.08.16 01:06:51.952,0.9507,0.9511,13.50,8.00
2007.08.16 01:06:52.283,0.9507,0.9511,17.50,8.00
2007.08.16 01:06:52.669,0.9507,0.9511,21.50,8.00
2007.08.16 01:06:52.978,0.9508,0.9511,11.90,8.00
2007.08.16 01:06:53.077,0.9508,0.9511,13.50,8.00
2007.08.16 01:06:53.231,0.9508,0.9511,17.50,4.00
2007.08.16 01:06:53.393,0.9508,0.9512,21.50,13.60
2007.08.16 01:06:53.459,0.9508,0.9512,21.50,5.60
2007.08.16 01:06:53.501,0.9508,0.9512,25.50,5.60
2007.08.16 01:06:53.964,0.9508,0.9512,25.50,13.60
2007.08.16 01:06:53.998,0.9508,0.9512,23.90,13.60
2007.08.16 01:06:54.014,0.9508,0.9512,19.90,13.60
2007.08.16 01:06:55.495,0.9508,0.9512,19.90,5.60
2007.08.16 01:06:55.569,0.9509,0.9512,15.90,1.60
2007.08.16 01:06:56.062,0.9509,0.9512,19.90,1.60
2007.08.16 01:06:56.073,0.9509,0.9512,24.00,1.60
2007.08.16 01:06:57.743,0.9509,0.9512,20.00,1.60
2007.08.16 01:06:57.809,0.9509,0.9512,20.00,9.60
2007.08.16 01:06:58.231,0.9509,0.9512,16.00,9.60
2007.08.16 01:06:58.333,0.9509,0.9512,16.00,13.50
2007.08.16 01:06:58.684,0.9509,0.9512,16.00,17.50
2007.08.16 01:07:03.230,0.9509,0.9512,20.00,17.50
2007.08.16 01:07:03.248,0.9509,0.9512,24.00,13.60
2007.08.16 01:07:03.743,0.9509,0.9512,25.80,13.60
2007.08.16 01:07:03.861,0.951,0.9512,4.00,13.60
2007.08.16 01:07:03.951,0.951,0.9512,4.00,5.60
2007.08.16 01:07:04.796,0.951,0.9512,4.00,1.60
2007.08.16 01:07:06.345,0.9509,0.9512,24.00,1.60
2007.08.16 01:07:08.001,0.9509,0.9512,8.00,5.60
2007.08.16 01:07:08.031,0.9509,0.9512,8.00,13.60
2007.08.16 01:07:08.107,0.9509,0.9511,8.00,1.60
2007.08.16 01:07:08.428,0.9509,0.9511,9.60,1.60
2007.08.16 01:07:08.590,0.9509,0.9511,5.60,1.60
2007.08.16 01:07:08.933,0.9509,0.9511,4.00,1.60
2007.08.16 01:07:10.399,0.9509,0.9511,5.60,1.60
2007.08.16 01:07:10.900,0.9509,0.9511,2.60,1.60
2007.08.16 01:07:16.574,0.9508,0.9511,27.30,5.50
2007.08.16 01:07:16.622,0.9508,0.9511,1.50,9.60
2007.08.16 01:07:16.826,0.9507,0.9511,31.30,13.60
2007.08.16 01:07:16.933,0.9507,0.9511,33.50,13.60
2007.08.16 01:07:17.288,0.9507,0.9511,33.50,9.60
2007.08.16 01:07:19.714,0.9507,0.9511,33.60,5.60
2007.08.16 01:07:19.926,0.9507,0.9511,33.80,4.00
2007.08.16 01:07:20.334,0.9507,0.9511,33.60,5.60
2007.08.16 01:07:20.662,0.9507,0.9511,33.60,1.60
2007.08.16 01:07:21.080,0.9507,0.9511,33.60,1.60
2007.08.16 01:07:21.185,0.9507,0.95115,2.10,8.00
2007.08.16 01:07:21.297,0.9506,0.95115,41.60,8.00
2007.08.16 01:07:22.699,0.9506,0.9511,33.60,8.00
2007.08.16 01:07:22.953,0.9507,0.9511,12.10,9.60
2007.08.16 01:07:23.352,0.9507,0.9511,3.30,13.50
2007.08.16 01:07:23.845,0.9507,0.9511,10.20,17.50
2007.08.16 01:07:23.980,0.9506,0.9511,33.60,19.30
2007.08.16 01:07:24.074,0.9506,0.9511,31.40,27.30
2007.08.16 01:07:24.169,0.9506,0.9511,31.40,23.40
2007.08.16 01:07:24.391,0.9507,0.9511,7.30,17.60
2007.08.16 01:07:24.483,0.9507,0.9511,25.60,21.60
2007.08.16 01:07:24.604,0.9508,0.9511,1.00,25.60
2007.08.16 01:07:24.674,0.9507,0.9511,25.60,29.60
2007.08.16 01:07:25.306,0.9506,0.9511,39.40,29.60
2007.08.16 01:07:26.013,0.9507,0.951,2.40,3.90
2007.08.16 01:07:26.051,0.9506,0.951,23.30,19.90
2007.08.16 01:07:26.146,0.9506,0.951,7.80,24.00
2007.08.16 01:07:26.254,0.9507,0.951,0.70,29.60
2007.08.16 01:07:26.562,0.9506,0.951,9.60,33.60
2007.08.16 01:07:27.045,0.9506,0.951,9.60,41.60
2007.08.16 01:07:27.184,0.9506,0.951,5.80,41.60
2007.08.16 01:07:27.285,0.9505,0.951,29.20,33.60
2007.08.16 01:07:27.304,0.9506,0.951,31.30,21.60
2007.08.16 01:07:28.044,0.9507,0.951,0.90,29.60
2007.08.16 01:07:28.129,0.9506,0.951,33.70,29.60
2007.08.16 01:07:28.330,0.9506,0.9509,33.70,1.60
2007.08.16 01:07:29.054,0.9506,0.9509,33.70,1.60
2007.08.16 01:07:29.161,0.9507,0.951,2.90,25.60
2007.08.16 01:07:29.259,0.9507,0.951,5.10,21.60
2007.08.16 01:07:29.334,0.9506,0.951,31.30,13.60
2007.08.16 01:07:29.383,0.9507,0.951,2.80,9.60
2007.08.16 01:07:29.518,0.9506,0.951,33.50,5.60
2007.08.16 01:07:30.203,0.9507,0.951,25.50,5.60
2007.08.16 01:07:30.808,0.9507,0.951,9.50,1.60
2007.08.16 01:07:30.935,0.9507,0.9511,1.10,29.60
2007.08.16 01:07:31.566,0.9507,0.9511,2.00,29.60
2007.08.16 01:07:31.641,0.9506,0.951,33.60,1.60
2007.08.16 01:07:31.770,0.95055,0.951,41.60,1.60
2007.08.16 01:07:31.962,0.9506,0.95105,10.40,8.00
2007.08.16 01:07:32.056,0.9505,0.95105,39.40,8.00
2007.08.16 01:07:32.893,0.9505,0.951,39.40,1.60
2007.08.16 01:07:32.994,0.9505,0.951,35.40,1.60
2007.08.16 01:07:33.096,0.9508,0.951,1.30,1.60
2007.08.16 01:07:33.208,0.9507,0.9511,29.50,9.60
2007.08.16 01:07:33.303,0.9507,0.9511,33.50,5.60
2007.08.16 01:07:33.429,0.9507,0.9511,33.50,1.60
2007.08.16 01:07:33.733,0.9509,0.9511,1.60,1.60
2007.08.16 01:07:33.841,0.9508,0.9511,29.50,1.60
2007.08.16 01:07:34.038,0.9509,0.9512,3.30,11.40
2007.08.16 01:07:34.451,0.9508,0.9512,33.50,7.40
2007.08.16 01:07:34.554,0.9508,0.9512,29.40,7.40
2007.08.16 01:07:34.664,0.9509,0.9512,1.30,9.60
2007.08.16 01:07:34.740,0.9509,0.9512,0.70,17.60
2007.08.16 01:07:34.762,0.9507,0.9512,31.30,25.60
2007.08.16 01:07:35.010,0.9507,0.9512,31.30,29.60
2007.08.16 01:07:35.291,0.9507,0.9512,33.70,29.60
2007.08.16 01:07:37.343,0.9507,0.9512,31.30,29.60
2007.08.16 01:07:39.534,0.9509,0.9512,11.90,29.60
2007.08.16 01:07:39.638,0.9509,0.9512,11.90,21.60
2007.08.16 01:07:39.740,0.9509,0.9512,11.90,17.60
2007.08.16 01:07:39.951,0.9509,0.9512,13.50,17.60
2007.08.16 01:07:40.638,0.9509,0.9512,13.50,25.60
2007.08.16 01:07:40.686,0.9509,0.9512,11.90,25.60
2007.08.16 01:07:41.004,0.9509,0.9512,13.50,25.60
2007.08.16 01:07:41.210,0.9509,0.9512,17.60,21.50
2007.08.16 01:07:41.307,0.9509,0.9512,21.60,17.60
2007.08.16 01:07:41.731,0.951,0.9512,11.90,17.60
2007.08.16 01:07:41.772,0.951,0.9512,11.90,9.60
2007.08.16 01:07:41.818,0.951,0.9512,15.90,5.60
2007.08.16 01:07:42.347,0.951,0.9512,15.90,4.00
2007.08.16 01:07:42.749,0.951,0.9513,15.90,25.60
2007.08.16 01:07:47.322,0.951,0.9512,15.90,1.60
2007.08.16 01:07:47.740,0.951,0.9513,17.50,25.60
2007.08.16 01:07:48.585,0.951,0.9513,17.50,27.40
2007.08.16 01:07:48.668,0.951,0.9513,1.60,39.40
2007.08.16 01:07:48.896,0.9509,0.9513,8.00,41.80
2007.08.16 01:07:49.052,0.9509,0.95125,8.00,8.00
2007.08.16 01:07:49.193,0.9509,0.9512,8.00,1.60
2007.08.16 01:07:49.495,0.9509,0.9511,8.00,3.90
2007.08.16 01:07:49.729,0.9507,0.951,21.50,5.60
2007.08.16 01:07:49.813,0.9507,0.951,17.50,9.60
2007.08.16 01:07:49.830,0.9507,0.951,9.50,9.60
2007.08.16 01:07:50.552,0.9507,0.951,9.50,11.40
2007.08.16 01:07:50.646,0.9507,0.951,5.50,15.40
2007.08.16 01:07:50.770,0.9507,0.951,5.50,19.40
2007.08.16 01:07:50.858,0.9507,0.9509,5.50,1.60
2007.08.16 01:07:51.062,0.9507,0.9509,9.50,1.60
2007.08.16 01:07:51.277,0.9507,0.951,13.60,9.60
2007.08.16 01:07:51.493,0.9507,0.951,13.60,8.00
2007.08.16 01:07:51.600,0.9507,0.951,13.60,4.00
2007.08.16 01:07:51.695,0.9507,0.951,13.60,1.60
2007.08.16 01:07:51.903,0.9507,0.9511,13.60,33.60
2007.08.16 01:07:52.423,0.9507,0.9511,13.60,25.60
2007.08.16 01:07:52.643,0.9507,0.9511,27.40,13.60
2007.08.16 01:07:52.735,0.9508,0.9511,1.60,13.60
2007.08.16 01:07:52.995,0.9508,0.9511,5.50,9.60
2007.08.16 01:07:53.054,0.9508,0.9511,5.50,5.60
2007.08.16 01:07:53.352,0.9509,0.9511,1.60,5.60
2007.08.16 01:07:53.772,0.9508,0.9511,5.50,4.00
2007.08.16 01:07:53.880,0.9508,0.9511,5.50,5.60
2007.08.16 01:07:54.482,0.9508,0.9511,5.50,4.00
2007.08.16 01:07:55.228,0.9508,0.9511,5.50,9.60
2007.08.16 01:07:55.317,0.9509,0.9511,1.60,9.60
2007.08.16 01:07:55.427,0.9509,0.9511,1.60,17.60
2007.08.16 01:07:55.784,0.9507,0.9511,29.80,21.60
2007.08.16 01:07:56.199,0.9509,0.9511,1.60,21.60
2007.08.16 01:07:56.243,0.9508,0.9511,21.50,17.60
2007.08.16 01:07:56.297,0.9508,0.9511,21.50,13.60
2007.08.16 01:07:56.354,0.9509,0.9511,1.60,5.60
2007.08.16 01:07:56.770,0.9508,0.9511,9.50,9.60
2007.08.16 01:07:57.093,0.9508,0.9511,5.50,13.60
2007.08.16 01:07:58.133,0.9508,0.9511,1.60,17.60
2007.08.16 01:07:58.227,0.9508,0.9511,1.60,29.60
2007.08.16 01:07:58.316,0.9508,0.9511,1.60,37.60
2007.08.16 01:07:58.349,0.9507,0.951,21.60,1.60
2007.08.16 01:07:58.646,0.9507,0.951,17.60,5.60
2007.08.16 01:07:59.265,0.9507,0.951,17.60,4.00
2007.08.16 01:07:59.385,0.9508,0.951,1.60,4.00
2007.08.16 01:08:00.732,0.9507,0.951,17.60,4.00
2007.08.16 01:08:01.030,0.9507,0.951,13.60,4.00
2007.08.16 01:08:01.036,0.9507,0.95105,13.60,12.00
2007.08.16 01:08:01.098,0.9506,0.9507,5.80,0.80
2007.08.16 01:08:01.236,0.9507,0.95075,4.00,12.80
2007.08.16 01:08:01.342,0.9506,0.9507,4.00,0.80
2007.08.16 01:08:01.438,0.9505,0.95075,1.60,21.50
2007.08.16 01:08:01.551,0.9505,0.9507,5.50,0.50
2007.08.16 01:08:01.651,0.9505,0.9507,9.60,0.50
2007.08.16 01:08:01.860,0.9505,0.9507,8.00,0.80
2007.08.16 01:08:02.063,0.9505,0.9507,4.00,0.80
2007.08.16 01:08:02.127,0.9505,0.9507,4.00,0.70
2007.08.16 01:08:02.178,0.9504,0.9508,9.60,41.60
2007.08.16 01:08:02.581,0.9505,0.9507,3.90,0.80
2007.08.16 01:08:02.642,0.9505,0.9507,3.90,0.80
2007.08.16 01:08:02.691,0.9505,0.9507,8.00,0.80
2007.08.16 01:08:03.015,0.9505,0.9507,8.00,0.70
2007.08.16 01:08:03.312,0.9503,0.95075,21.70,16.00
2007.08.16 01:08:03.660,0.9503,0.9507,29.70,0.90
2007.08.16 01:08:03.841,0.9505,0.9508,9.60,20.00
2007.08.16 01:08:03.947,0.9505,0.9509,9.60,35.30
2007.08.16 01:08:04.045,0.9505,0.9509,9.60,35.30
2007.08.16 01:08:05.041,0.9506,0.9509,3.90,35.30
2007.08.16 01:08:05.191,0.9506,0.9508,8.00,0.80
2007.08.16 01:08:05.211,0.9506,0.9509,8.00,33.50
2007.08.16 01:08:05.714,0.9504,0.9508,21.70,0.70
2007.08.16 01:08:05.811,0.9506,0.9509,8.00,27.90
2007.08.16 01:08:05.928,0.9506,0.9509,8.00,0.70
2007.08.16 01:08:05.954,0.9506,0.95095,8.00,31.90
2007.08.16 01:08:06.140,0.9506,0.9509,8.00,27.90
2007.08.16 01:08:06.429,0.9506,0.9509,8.00,35.90
2007.08.16 01:08:07.357,0.9504,0.9509,21.70,37.50
2007.08.16 01:08:08.089,0.9504,0.9508,21.70,0.70
2007.08.16 01:08:08.613,0.9506,0.9508,9.60,0.80
2007.08.16 01:08:09.641,0.9506,0.951,9.60,41.40
2007.08.16 01:08:10.387,0.9507,0.951,1.60,41.40
2007.08.16 01:08:10.693,0.9507,0.9512,5.50,4.90
2007.08.16 01:08:10.819,0.9507,0.9509,8.00,0.90
2007.08.16 01:08:10.832,0.9507,0.95095,8.00,29.50
2007.08.16 01:08:10.893,0.9505,0.9509,13.60,0.50
2007.08.16 01:08:11.011,0.9505,0.9509,9.60,15.90
2007.08.16 01:08:11.623,0.9507,0.9508,4.00,0.90
2007.08.16 01:08:11.632,0.9506,0.9509,8.00,23.90
2007.08.16 01:08:11.839,0.9506,0.9509,9.60,29.50
2007.08.16 01:08:11.935,0.9504,0.9508,21.70,0.80
2007.08.16 01:08:12.141,0.9506,0.95085,5.50,17.60
2007.08.16 01:08:12.181,0.9506,0.9508,1.60,0.80
2007.08.16 01:08:12.477,0.9506,0.9508,1.60,0.60
2007.08.16 01:08:12.726,0.9506,0.95085,1.60,17.60
2007.08.16 01:08:12.975,0.9506,0.9508,1.60,0.80
2007.08.16 01:08:13.107,0.9506,0.95085,5.50,21.60
2007.08.16 01:08:13.190,0.9504,0.9508,21.70,0.70
2007.08.16 01:08:13.401,0.9506,0.9508,8.00,0.50
2007.08.16 01:08:13.498,0.9506,0.95085,9.60,12.00
2007.08.16 01:08:13.606,0.9506,0.95085,5.50,12.00
2007.08.16 01:08:13.712,0.9506,0.95085,1.60,17.60
2007.08.16 01:08:13.730,0.9506,0.9509,1.60,41.60
2007.08.16 01:08:14.519,0.9506,0.9509,1.60,41.50
2007.08.16 01:08:14.657,0.9504,0.9508,16.00,41.60
2007.08.16 01:08:14.750,0.9505,0.9507,1.60,0.50
2007.08.16 01:08:14.757,0.9505,0.9508,1.60,41.60
2007.08.16 01:08:14.952,0.9505,0.9508,1.60,41.60
2007.08.16 01:08:15.144,0.9505,0.9507,1.60,0.70
2007.08.16 01:08:15.645,0.9505,0.9507,1.60,0.90
2007.08.16 01:08:16.059,0.9505,0.9507,5.50,0.70
2007.08.16 01:08:16.110,0.9505,0.9507,9.60,0.90
2007.08.16 01:08:16.207,0.9505,0.9508,9.60,21.60
2007.08.16 01:08:16.308,0.9505,0.9508,9.60,21.60
2007.08.16 01:08:16.323,0.9505,0.9507,9.60,0.70
2007.08.16 01:08:16.520,0.9505,0.9508,9.60,0.90
2007.08.16 01:08:16.615,0.9506,0.9509,4.00,29.50
2007.08.16 01:08:16.675,0.9506,0.9508,8.00,0.50
2007.08.16 01:08:16.820,0.9506,0.9509,8.00,29.50
2007.08.16 01:08:17.770,0.9506,0.9509,8.00,0.50
2007.08.16 01:08:19.344,0.9506,0.9508,8.00,0.80
2007.08.16 01:08:19.383,0.9506,0.95075,8.00,0.50
2007.08.16 01:08:19.546,0.9504,0.9508,21.50,20.00
2007.08.16 01:08:19.622,0.9506,0.95075,3.90,0.50
2007.08.16 01:08:19.645,0.9505,0.9508,8.00,20.00
2007.08.16 01:08:19.744,0.9505,0.9507,8.00,0.50
2007.08.16 01:08:19.935,0.9505,0.9507,9.60,0.60
2007.08.16 01:08:20.243,0.9506,0.95075,4.00,12.00
2007.08.16 01:08:20.255,0.9506,0.9507,8.00,0.50
2007.08.16 01:08:20.771,0.9506,0.9508,8.00,0.90
2007.08.16 01:08:20.911,0.9506,0.95085,8.00,12.00
2007.08.16 01:08:21.069,0.9506,0.9509,8.00,33.50
2007.08.16 01:08:21.290,0.9506,0.9509,9.60,33.50
2007.08.16 01:08:21.422,0.9506,0.9509,9.60,0.80
2007.08.16 01:08:22.592,0.9507,0.951,3.90,41.40
2007.08.16 01:08:22.642,0.9507,0.9509,8.00,0.70
2007.08.16 01:08:22.864,0.9507,0.9509,8.00,27.90
2007.08.16 01:08:22.950,0.9505,0.951,9.60,37.50
2007.08.16 01:08:23.057,0.9505,0.951,5.60,37.50
2007.08.16 01:08:23.119,0.9507,0.9509,4.00,0.70
2007.08.16 01:08:23.153,0.9506,0.9509,8.00,0.80
2007.08.16 01:08:23.284,0.9506,0.95085,8.00,0.70
2007.08.16 01:08:23.359,0.9506,0.9509,9.60,33.50
2007.08.16 01:08:23.901,0.9506,0.9508,9.60,0.60
2007.08.16 01:08:24.246,0.9507,0.95085,3.90,12.00
2007.08.16 01:08:24.325,0.9507,0.95085,8.00,12.00
2007.08.16 01:08:24.621,0.9507,0.95095,8.00,23.90
2007.08.16 01:08:24.728,0.9507,0.95095,8.00,19.90
2007.08.16 01:08:24.833,0.9505,0.95095,9.60,23.90
2007.08.16 01:08:24.847,0.9505,0.9509,9.60,0.60
2007.08.16 01:08:25.118,0.9505,0.951,5.60,33.50
2007.08.16 01:08:25.189,0.9507,0.951,4.00,37.40
2007.08.16 01:08:25.263,0.9506,0.951,13.60,41.50
2007.08.16 01:08:25.361,0.9506,0.9509,13.60,0.50
2007.08.16 01:08:25.464,0.9506,0.951,17.60,39.30
2007.08.16 01:08:25.611,0.9506,0.9509,17.60,25.50
2007.08.16 01:08:25.737,0.9506,0.95085,8.00,0.80
2007.08.16 01:08:26.366,0.9506,0.9508,8.00,0.50
2007.08.16 01:08:26.719,0.9507,0.9508,3.90,0.50
2007.08.16 01:08:26.785,0.9505,0.95085,9.60,12.00
2007.08.16 01:08:27.847,0.9507,0.9509,8.00,0.50
2007.08.16 01:08:27.943,0.9507,0.951,8.00,21.60
2007.08.16 01:08:27.974,0.9507,0.9509,8.00,0.70
2007.08.16 01:08:28.156,0.9506,0.95095,9.60,17.60
2007.08.16 01:08:28.242,0.9506,0.95095,13.60,17.60
2007.08.16 01:08:28.344,0.9506,0.95095,12.00,17.60
2007.08.16 01:08:28.426,0.9506,0.951,12.00,33.50
2007.08.16 01:08:28.441,0.9506,0.951,8.00,33.50
2007.08.16 01:08:28.655,0.9506,0.951,8.00,33.50
2007.08.16 01:08:28.766,0.9507,0.951,1.60,21.60
2007.08.16 01:08:28.965,0.9507,0.9509,1.60,0.90
2007.08.16 01:08:28.978,0.9507,0.95095,5.60,13.60
2007.08.16 01:08:29.065,0.9507,0.95095,5.60,9.60
2007.08.16 01:08:29.185,0.9507,0.9509,9.60,1.60
2007.08.16 01:08:29.204,0.9507,0.9509,13.60,1.60
2007.08.16 01:08:30.753,0.9508,0.9509,4.00,1.60
2007.08.16 01:08:30.762,0.9508,0.9509,8.00,1.60
2007.08.16 01:08:30.944,0.9508,0.95095,8.00,8.00
2007.08.16 01:08:31.040,0.9508,0.951,8.00,13.60
2007.08.16 01:08:31.659,0.9508,0.951,4.00,13.60
2007.08.16 01:08:31.753,0.9508,0.9509,4.00,4.00
2007.08.16 01:08:31.899,0.9507,0.9509,8.00,4.00
2007.08.16 01:08:32.179,0.9507,0.9509,4.00,4.00
2007.08.16 01:08:32.204,0.9506,0.9509,13.60,4.00
2007.08.16 01:08:32.300,0.9506,0.9509,13.60,5.60
2007.08.16 01:08:32.321,0.9506,0.9509,13.60,13.60
2007.08.16 01:08:32.720,0.9507,0.9509,4.00,13.60
2007.08.16 01:08:33.130,0.9506,0.9509,13.50,13.60
2007.08.16 01:08:33.201,0.9507,0.9509,1.30,17.50
2007.08.16 01:08:33.249,0.9506,0.9509,2.80,17.50
2007.08.16 01:08:33.361,0.9505,0.9509,23.30,21.50
2007.08.16 01:08:34.389,0.9507,0.9509,0.70,21.50
2007.08.16 01:08:34.598,0.9506,0.9509,9.60,25.50
2007.08.16 01:08:35.224,0.9506,0.9509,3.30,25.50
2007.08.16 01:08:37.002,0.9506,0.95085,3.90,8.00
2007.08.16 01:08:38.545,0.9505,0.9509,23.30,25.50
2007.08.16 01:08:38.738,0.9506,0.9509,1.40,21.50
2007.08.16 01:08:38.781,0.9505,0.9509,23.40,17.60
2007.08.16 01:08:38.827,0.9506,0.9509,2.70,13.60
2007.08.16 01:08:40.816,0.9506,0.9509,1.50,9.60
2007.08.16 01:08:40.868,0.9505,0.9509,23.40,1.60
2007.08.16 01:08:40.925,0.9506,0.9509,21.60,1.60
2007.08.16 01:08:41.314,0.9506,0.9509,21.50,1.60
2007.08.16 01:08:46.921,0.9506,0.95095,25.50,8.00
2007.08.16 01:08:47.150,0.9506,0.951,25.50,33.60
2007.08.16 01:08:47.168,0.9506,0.95085,21.60,8.00
2007.08.16 01:08:47.346,0.9505,0.9508,16.00,4.00
2007.08.16 01:08:47.408,0.9506,0.9508,1.80,12.00
2007.08.16 01:08:47.641,0.9505,0.9508,0.90,16.00
2007.08.16 01:08:47.675,0.9504,0.9508,29.50,19.90
2007.08.16 01:08:47.763,0.9504,0.951,2.80,17.50
2007.08.16 01:08:49.748,0.9504,0.9508,25.60,24.00
2007.08.16 01:08:49.830,0.9504,0.9508,3.20,20.00
2007.08.16 01:08:49.932,0.9504,0.9508,14.80,12.00
2007.08.16 01:08:50.195,0.9504,0.9508,10.20,12.00
2007.08.16 01:08:50.221,0.9505,0.9508,23.30,8.00
2007.08.16 01:08:50.274,0.9505,0.9508,27.30,4.00
2007.08.16 01:08:50.338,0.9505,0.9508,31.30,4.00
2007.08.16 01:08:51.278,0.9506,0.9509,9.60,17.50
2007.08.16 01:08:51.294,0.9506,0.9509,13.50,13.60
2007.08.16 01:08:53.255,0.9506,0.9509,17.50,15.40
2007.08.16 01:08:53.280,0.9507,0.9509,1.70,7.40
2007.08.16 01:08:53.347,0.9507,0.9509,2.50,7.40
2007.08.16 01:08:55.420,0.9507,0.9509,2.10,5.80
2007.08.16 01:09:00.196,0.9507,0.9509,1.00,4.00
2007.08.16 01:09:00.400,0.9507,0.9509,0.50,5.60
2007.08.16 01:09:01.170,0.9507,0.9509,5.60,13.60
2007.08.16 01:09:01.345,0.9507,0.9509,4.00,12.00
2007.08.16 01:09:02.000,0.9507,0.9509,5.60,5.60
2007.08.16 01:09:02.470,0.9507,0.9509,5.60,4.00
2007.08.16 01:09:05.379,0.9508,0.9509,1.60,4.00
2007.08.16 01:09:05.809,0.9507,0.9509,9.60,4.00
2007.08.16 01:09:05.905,0.9508,0.9509,1.60,4.00
2007.08.16 01:09:06.417,0.9507,0.9509,13.60,4.00
2007.08.16 01:09:06.744,0.9507,0.9509,17.60,4.00
2007.08.16 01:09:06.839,0.9507,0.951,17.60,19.90
2007.08.16 01:09:07.252,0.9507,0.951,9.60,8.00
2007.08.16 01:09:07.362,0.9506,0.951,32.00,8.00
2007.08.16 01:09:07.570,0.9507,0.951,4.00,8.00
2007.08.16 01:09:09.214,0.9507,0.951,12.00,8.00
2007.08.16 01:09:09.843,0.9508,0.951,4.00,8.00
2007.08.16 01:09:09.942,0.9508,0.951,8.00,8.00
2007.08.16 01:09:10.051,0.9508,0.951,12.00,8.00
2007.08.16 01:09:10.878,0.9508,0.951,13.60,8.00
2007.08.16 01:09:12.093,0.9508,0.951,9.60,8.00
2007.08.16 01:09:12.129,0.9508,0.951,5.60,8.00
2007.08.16 01:09:13.726,0.9508,0.951,5.60,11.90
2007.08.16 01:09:13.809,0.9508,0.951,1.60,28.00
2007.08.16 01:09:13.902,0.9507,0.9509,9.60,4.00
2007.08.16 01:09:16.278,0.9507,0.9509,5.60,4.00
2007.08.16 01:09:16.372,0.9507,0.9509,4.00,4.00
2007.08.16 01:09:16.574,0.9506,0.9509,17.60,4.00
2007.08.16 01:09:16.672,0.9506,0.9509,13.60,4.00
2007.08.16 01:09:19.728,0.95065,0.9509,8.00,4.00
2007.08.16 01:09:19.804,0.9508,0.9509,3.90,4.00
2007.08.16 01:09:20.124,0.9508,0.951,9.50,4.00
2007.08.16 01:09:20.212,0.9508,0.9511,13.50,1.60
2007.08.16 01:09:20.392,0.9508,0.9512,13.50,41.60
2007.08.16 01:09:21.772,0.9508,0.9512,13.50,37.60
2007.08.16 01:09:21.865,0.9508,0.9512,21.60,25.50
2007.08.16 01:09:22.074,0.9509,0.9512,4.00,25.50
2007.08.16 01:09:22.379,0.9509,0.9512,4.00,26.30
2007.08.16 01:09:26.339,0.9509,0.9512,8.00,14.40
2007.08.16 01:09:26.363,0.9509,0.9512,8.00,6.40
2007.08.16 01:09:26.531,0.9509,0.9512,9.60,4.80
2007.08.16 01:09:26.656,0.9509,0.9512,9.60,0.80
2007.08.16 01:09:26.690,0.9509,0.95125,10.40,8.00
2007.08.16 01:09:26.786,0.9509,0.95125,14.30,8.00
2007.08.16 01:09:27.365,0.951,0.95125,1.60,8.00
2007.08.16 01:09:27.634,0.951,0.9513,1.60,38.40
2007.08.16 01:09:29.682,0.951,0.9512,1.60,0.80
2007.08.16 01:09:29.768,0.951,0.9512,1.60,4.80
2007.08.16 01:09:29.789,0.951,0.9511,1.60,0.80
2007.08.16 01:09:29.878,0.951,0.9511,1.60,16.80
2007.08.16 01:09:30.003,0.9508,0.95105,13.50,8.00
2007.08.16 01:09:30.085,0.9508,0.95105,5.50,8.00
2007.08.16 01:09:30.281,0.9508,0.95105,2.40,8.00
2007.08.16 01:09:30.298,0.9509,0.95105,4.00,8.00
2007.08.16 01:09:30.390,0.951,0.95105,1.60,8.00
2007.08.16 01:09:30.527,0.951,0.9511,1.60,3.90
2007.08.16 01:09:30.791,0.951,0.9512,1.60,13.60
2007.08.16 01:09:30.821,0.951,0.9512,1.60,9.60
2007.08.16 01:09:31.010,0.9509,0.9512,7.90,12.00
2007.08.16 01:09:31.027,0.951,0.9512,0.60,12.00
2007.08.16 01:09:31.430,0.9508,0.9512,5.60,16.00
2007.08.16 01:09:32.265,0.9508,0.9512,5.60,29.70
2007.08.16 01:09:32.318,0.9508,0.95115,5.60,8.00
2007.08.16 01:09:32.794,0.9508,0.9511,5.60,11.90
2007.08.16 01:09:32.859,0.9508,0.9511,5.60,19.90
2007.08.16 01:09:33.076,0.9508,0.9511,5.60,25.50
2007.08.16 01:09:33.169,0.9508,0.9511,5.60,26.30
2007.08.16 01:09:33.183,0.9508,0.951,5.60,4.00
2007.08.16 01:09:33.788,0.9506,0.951,28.80,4.00
2007.08.16 01:09:33.903,0.9508,0.9509,1.60,4.00
2007.08.16 01:09:34.003,0.9507,0.951,2.40,4.00
2007.08.16 01:09:34.104,0.9507,0.951,6.40,4.00
2007.08.16 01:09:34.206,0.9508,0.951,0.80,4.00
2007.08.16 01:09:34.321,0.9508,0.95105,10.40,8.00
2007.08.16 01:09:34.440,0.9508,0.9511,10.40,21.60
2007.08.16 01:09:34.835,0.9508,0.9511,14.30,17.60
2007.08.16 01:09:35.669,0.9508,0.9511,10.30,17.60
2007.08.16 01:09:35.730,0.9508,0.9511,5.60,21.60
2007.08.16 01:09:35.757,0.9508,0.951,5.60,11.90
2007.08.16 01:09:35.883,0.9508,0.951,5.60,15.90
2007.08.16 01:09:35.986,0.9508,0.951,4.00,25.50
2007.08.16 01:09:36.088,0.9507,0.951,13.50,25.50
2007.08.16 01:09:36.132,0.9507,0.951,13.50,26.30
2007.08.16 01:09:36.242,0.9507,0.95095,13.50,8.00
2007.08.16 01:09:36.265,0.9507,0.95095,9.60,8.00
2007.08.16 01:09:36.297,0.9507,0.95095,1.60,8.00
2007.08.16 01:09:36.388,0.9507,0.9509,1.60,1.60
2007.08.16 01:09:37.677,0.9507,0.9509,1.60,5.50
2007.08.16 01:09:37.741,0.9507,0.9509,1.60,17.50
2007.08.16 01:09:37.951,0.9506,0.9509,10.40,21.50
2007.08.16 01:09:38.016,0.9506,0.9509,10.40,29.50
2007.08.16 01:09:38.154,0.9506,0.9509,10.40,33.50
2007.08.16 01:09:38.257,0.9506,0.9509,10.40,23.30
2007.08.16 01:09:38.275,0.9506,0.9509,10.40,15.30
2007.08.16 01:09:38.459,0.9507,0.9509,1.60,15.30
2007.08.16 01:09:38.820,0.9507,0.95085,1.60,8.00
2007.08.16 01:09:39.099,0.9506,0.9508,6.40,1.60
2007.08.16 01:09:39.391,0.9506,0.95085,6.40,8.00
2007.08.16 01:09:39.599,0.9506,0.9509,6.40,35.30
2007.08.16 01:09:39.664,0.9506,0.9509,5.60,36.10
2007.08.16 01:09:40.125,0.9506,0.9509,5.60,40.10
2007.08.16 01:09:41.385,0.9506,0.9508,5.60,1.60
2007.08.16 01:09:41.598,0.9506,0.9508,6.40,1.60
2007.08.16 01:09:41.706,0.9506,0.9508,10.40,1.60
2007.08.16 01:09:41.783,0.9506,0.9508,18.40,1.60
2007.08.16 01:09:41.886,0.9506,0.9509,18.40,23.30
2007.08.16 01:09:42.298,0.9506,0.9509,18.40,7.40
2007.08.16 01:09:42.405,0.9507,0.9509,1.60,7.40
2007.08.16 01:09:42.716,0.9507,0.9509,1.60,3.40
2007.08.16 01:09:42.834,0.9507,0.9509,1.60,7.30
2007.08.16 01:09:43.764,0.9507,0.9509,1.60,3.40
2007.08.16 01:09:44.378,0.9506,0.9509,18.40,3.40
2007.08.16 01:09:45.284,0.9507,0.9509,4.00,1.60
2007.08.16 01:09:45.404,0.9507,0.951,9.60,36.20
2007.08.16 01:09:48.764,0.9507,0.951,10.40,35.40
2007.08.16 01:09:48.823,0.9507,0.951,14.40,23.40
2007.08.16 01:09:48.931,0.9508,0.951,1.60,23.40
2007.08.16 01:09:49.006,0.9508,0.951,1.60,15.40
2007.08.16 01:09:49.152,0.9508,0.951,1.60,11.40
2007.08.16 01:09:49.278,0.9508,0.951,1.60,7.40
2007.08.16 01:09:51.336,0.9508,0.95095,1.60,8.00
2007.08.16 01:09:51.413,0.9507,0.9509,5.60,1.60
2007.08.16 01:09:51.739,0.9507,0.9509,1.60,1.60
2007.08.16 01:09:51.930,0.9507,0.9509,1.60,0.60
2007.08.16 01:09:54.322,0.9507,0.95095,1.60,27.40
2007.08.16 01:09:54.343,0.9507,0.95095,1.60,32.20
2007.08.16 01:09:54.432,0.9506,0.95095,4.00,40.20
2007.08.16 01:09:54.480,0.9506,0.9509,4.00,40.20
2007.08.16 01:09:54.528,0.9505,0.95085,24.20,0.70
2007.08.16 01:09:54.631,0.9505,0.95085,23.40,8.80
2007.08.16 01:09:54.854,0.9506,0.95085,1.60,10.40
2007.08.16 01:09:54.960,0.9506,0.95085,1.60,14.40
2007.08.16 01:09:55.350,0.9506,0.9508,1.60,0.70
2007.08.16 01:09:55.381,0.9505,0.95085,5.60,38.40
2007.08.16 01:09:55.513,0.9505,0.9508,5.60,0.60
2007.08.16 01:09:55.798,0.9505,0.9509,9.60,40.90
2007.08.16 01:09:55.857,0.9505,0.9508,13.60,0.60
2007.08.16 01:09:55.906,0.9505,0.9507,13.60,0.50
2007.08.16 01:09:57.725,0.9506,0.9508,3.90,29.50
2007.08.16 01:09:57.747,0.9506,0.9507,8.00,0.70
2007.08.16 01:09:58.096,0.9507,0.9508,0.60,4.80
2007.08.16 01:09:58.269,0.9505,0.9508,13.60,16.70
2007.08.16 01:09:58.374,0.9505,0.9508,13.60,30.30
2007.08.16 01:09:58.653,0.9505,0.9508,14.40,29.50
2007.08.16 01:09:58.688,0.9505,0.9508,18.40,29.50
2007.08.16 01:09:58.753,0.9505,0.9507,14.40,0.90
2007.08.16 01:09:58.794,0.9507,0.9508,4.70,17.10
2007.08.16 01:09:59.315,0.9507,0.95095,0.60,26.30
2007.08.16 01:09:59.419,0.9507,0.9509,0.60,0.70
2007.08.16 01:09:59.730,0.9507,0.9509,0.60,0.90
2007.08.16 01:09:59.778,0.9507,0.9509,0.60,0.60
2007.08.16 01:09:59.929,0.9507,0.9509,0.60,0.70
2007.08.16 01:09:59.959,0.9507,0.95095,0.60,25.50
2007.08.16 01:10:00.153,0.9507,0.95095,0.60,21.50
2007.08.16 01:10:00.238,0.9507,0.95095,0.60,9.60
2007.08.16 01:10:00.284,0.9507,0.95095,4.60,9.60
2007.08.16 01:10:00.355,0.9507,0.95095,8.70,9.60
2007.08.16 01:10:00.691,0.9507,0.9509,8.70,0.80
2007.08.16 01:10:00.703,0.9507,0.951,4.70,38.30
2007.08.16 01:10:00.775,0.9507,0.951,0.60,40.00
2007.08.16 01:10:00.961,0.9507,0.9509,0.60,0.80
2007.08.16 01:10:01.297,0.9507,0.9509,4.70,0.90
2007.08.16 01:10:01.310,0.9507,0.9509,8.70,0.50
2007.08.16 01:10:01.692,0.9507,0.95095,8.70,25.50
2007.08.16 01:10:01.845,0.9507,0.95095,4.70,26.30
2007.08.16 01:10:01.902,0.9507,0.9509,0.60,0.80
2007.08.16 01:10:02.014,0.9507,0.95095,0.60,36.10
2007.08.16 01:10:02.229,0.9507,0.9508,0.60,0.50
2007.08.16 01:10:02.639,0.9507,0.9509,0.60,0.50
2007.08.16 01:10:02.761,0.9507,0.951,0.60,40.90
2007.08.16 01:10:02.863,0.9507,0.9509,0.60,40.10
2007.08.16 01:10:02.960,0.9507,0.9509,0.60,40.10
2007.08.16 01:10:03.325,0.9507,0.9508,0.60,0.70
2007.08.16 01:10:03.674,0.9507,0.95085,0.60,17.60
2007.08.16 01:10:03.872,0.9507,0.9508,0.60,0.90
2007.08.16 01:10:03.988,0.9507,0.95085,0.60,12.00
2007.08.16 01:10:05.012,0.9507,0.95085,0.60,0.60
2007.08.16 01:10:05.829,0.9507,0.9509,4.60,36.10
2007.08.16 01:10:05.944,0.9507,0.9509,8.70,30.50
2007.08.16 01:10:06.003,0.9507,0.95095,8.70,30.50
2007.08.16 01:10:06.060,0.9507,0.95095,8.70,26.50
2007.08.16 01:10:06.166,0.9507,0.95095,8.70,22.50
2007.08.16 01:10:06.860,0.9507,0.9509,8.70,0.70
2007.08.16 01:10:07.242,0.9508,0.9509,0.60,0.60
2007.08.16 01:10:07.516,0.9508,0.95095,1.20,21.70
2007.08.16 01:10:08.289,0.9506,0.9509,18.40,0.80
2007.08.16 01:10:08.802,0.9506,0.9509,18.40,0.80
2007.08.16 01:10:08.984,0.9508,0.9509,1.20,0.70
2007.08.16 01:10:09.791,0.9508,0.951,1.20,29.90
2007.08.16 01:10:09.822,0.9508,0.951,1.20,29.10
2007.08.16 01:10:09.903,0.9508,0.951,1.20,25.10
2007.08.16 01:10:10.407,0.9508,0.951,1.20,22.00
2007.08.16 01:10:10.727,0.9508,0.951,1.20,22.00
2007.08.16 01:10:11.353,0.9508,0.9509,1.20,0.70
2007.08.16 01:10:11.366,0.9508,0.951,1.20,37.90
2007.08.16 01:10:11.447,0.9508,0.951,1.20,29.90
2007.08.16 01:10:11.645,0.9506,0.951,14.40,29.90
2007.08.16 01:10:11.769,0.9506,0.9509,10.40,0.70
2007.08.16 01:10:12.257,0.9508,0.9509,1.20,0.80
2007.08.16 01:10:12.375,0.9508,0.9509,1.20,0.90
2007.08.16 01:10:12.397,0.9508,0.951,1.20,15.40
2007.08.16 01:10:12.481,0.9508,0.9509,6.80,0.50
2007.08.16 01:10:12.599,0.9508,0.9509,10.80,0.60
2007.08.16 01:10:12.695,0.9508,0.9509,6.80,0.90
2007.08.16 01:10:12.906,0.9508,0.95115,6.80,18.40
2007.08.16 01:10:13.107,0.9509,0.95115,4.00,18.40
2007.08.16 01:10:13.188,0.9509,0.9511,4.00,0.90
2007.08.16 01:10:13.211,0.9509,0.9511,4.00,0.60
2007.08.16 01:10:13.318,0.9508,0.9512,6.80,40.90
2007.08.16 01:10:13.435,0.9508,0.9511,5.20,0.70
2007.08.16 01:10:13.742,0.9508,0.951,5.20,0.80
2007.08.16 01:10:13.795,0.9508,0.9511,5.20,35.20
2007.08.16 01:10:13.846,0.9508,0.9511,1.20,39.30
2007.08.16 01:10:13.945,0.9508,0.951,1.20,0.90
2007.08.16 01:10:14.201,0.9508,0.951,1.20,0.90
2007.08.16 01:10:14.262,0.9508,0.9511,1.20,30.30
2007.08.16 01:10:14.363,0.9508,0.9511,5.20,30.30
2007.08.16 01:10:14.496,0.9508,0.9511,5.20,30.30
2007.08.16 01:10:14.779,0.9508,0.95105,5.20,12.00
2007.08.16 01:10:15.795,0.9508,0.95115,5.20,28.70
2007.08.16 01:10:16.504,0.9509,0.95115,0.60,28.70
2007.08.16 01:10:17.209,0.9509,0.95115,0.60,32.70
2007.08.16 01:10:17.262,0.9509,0.95115,0.60,38.60
2007.08.16 01:10:17.299,0.9509,0.9511,0.60,31.40
2007.08.16 01:10:17.356,0.9509,0.951,0.60,0.70
2007.08.16 01:10:17.527,0.9509,0.951,1.20,0.70
2007.08.16 01:10:17.773,0.9509,0.9511,1.20,41.00
2007.08.16 01:10:17.893,0.9508,0.9509,5.60,0.50
2007.08.16 01:10:17.987,0.9507,0.9509,7.90,0.50
2007.08.16 01:10:18.021,0.9507,0.951,4.80,33.80
2007.08.16 01:10:18.061,0.9507,0.951,4.80,40.50
2007.08.16 01:10:18.100,0.9507,0.9509,4.80,34.70
2007.08.16 01:10:18.123,0.9507,0.9509,4.00,35.50
2007.08.16 01:10:18.717,0.9506,0.9508,5.60,0.50
2007.08.16 01:10:18.816,0.9506,0.95095,1.60,31.40
2007.08.16 01:10:19.151,0.9507,0.95095,0.80,31.40
2007.08.16 01:10:19.660,0.9507,0.9509,0.80,0.60
2007.08.16 01:10:20.067,0.9507,0.9509,0.80,19.90
2007.08.16 01:10:24.319,0.9507,0.9508,0.80,4.00
2007.08.16 01:10:24.841,0.9507,0.9508,0.80,8.00
2007.08.16 01:10:25.404,0.9507,0.9508,0.80,11.90
2007.08.16 01:10:27.554,0.9507,0.9508,0.80,8.00
2007.08.16 01:10:29.440,0.9508,0.9509,3.90,12.30
2007.08.16 01:10:29.515,0.9508,0.9509,8.00,10.70
2007.08.16 01:10:29.603,0.9508,0.9509,8.00,10.70
2007.08.16 01:10:29.621,0.9508,0.9509,8.70,10.70
2007.08.16 01:10:29.930,0.9508,0.951,8.70,8.00
2007.08.16 01:10:30.040,0.9508,0.951,12.70,8.00
2007.08.16 01:10:30.451,0.9508,0.951,14.30,8.00
2007.08.16 01:10:30.562,0.9508,0.951,12.70,8.00
2007.08.16 01:10:32.199,0.9508,0.951,8.60,8.00
2007.08.16 01:10:32.254,0.9508,0.951,4.60,8.00
2007.08.16 01:10:32.669,0.9508,0.951,4.60,8.80
2007.08.16 01:10:32.728,0.9508,0.951,4.60,10.60
2007.08.16 01:10:33.041,0.9508,0.951,6.20,10.60
2007.08.16 01:10:33.328,0.9508,0.951,6.20,18.60
2007.08.16 01:10:33.361,0.9508,0.9509,0.60,4.00
2007.08.16 01:10:33.950,0.9508,0.951,0.60,22.30
2007.08.16 01:10:33.977,0.9508,0.951,0.60,20.70
2007.08.16 01:10:34.125,0.9508,0.951,0.60,28.70
2007.08.16 01:10:34.269,0.9508,0.951,0.60,30.50
2007.08.16 01:10:34.385,0.9508,0.951,0.60,32.10
2007.08.16 01:10:34.474,0.9508,0.9509,0.60,1.80
2007.08.16 01:10:36.355,0.9508,0.9509,0.60,13.70
2007.08.16 01:10:36.468,0.9508,0.9509,0.60,23.30
2007.08.16 01:10:36.590,0.9508,0.9509,0.60,27.30
2007.08.16 01:10:36.657,0.9508,0.9509,0.60,31.30
2007.08.16 01:10:36.687,0.9508,0.9509,0.60,32.10
2007.08.16 01:10:36.736,0.9508,0.9509,0.60,40.10
2007.08.16 01:10:36.968,0.9508,0.9509,0.60,42.50
2007.08.16 01:10:36.997,0.9508,0.95085,0.60,8.00
2007.08.16 01:10:38.214,0.9507,0.9508,0.30,1.80
2007.08.16 01:10:38.294,0.9507,0.9508,0.30,9.10
2007.08.16 01:10:38.429,0.9505,0.9508,17.60,11.50
2007.08.16 01:10:38.643,0.9505,0.9508,18.40,10.70
2007.08.16 01:10:38.742,0.9507,0.9508,0.30,10.70
2007.08.16 01:10:38.762,0.9507,0.9508,0.30,12.90
2007.08.16 01:10:38.804,0.9506,0.9508,8.00,12.90
2007.08.16 01:10:38.951,0.9506,0.9508,8.00,11.30
2007.08.16 01:10:39.103,0.9506,0.9508,8.00,4.00
2007.08.16 01:10:39.256,0.9506,0.9508,12.00,4.00
2007.08.16 01:10:39.362,0.9506,0.9508,12.00,4.80
2007.08.16 01:10:39.793,0.9506,0.9508,16.00,6.60
2007.08.16 01:10:39.880,0.9506,0.9508,16.00,5.80
2007.08.16 01:10:40.100,0.9506,0.9508,17.60,1.80
2007.08.16 01:10:40.422,0.9506,0.9508,17.60,3.40
2007.08.16 01:10:40.493,0.9504,0.9508,14.50,4.20
2007.08.16 01:10:40.717,0.9506,0.9508,17.60,2.40
2007.08.16 01:10:40.819,0.9506,0.9508,17.60,1.60
2007.08.16 01:10:40.920,0.9506,0.9508,17.60,2.40
2007.08.16 01:10:40.939,0.9506,0.9508,13.60,0.80
2007.08.16 01:10:40.953,0.9506,0.9508,13.60,8.10
2007.08.16 01:10:41.030,0.9506,0.9508,12.00,24.00
2007.08.16 01:10:41.194,0.9506,0.9508,12.00,16.70
2007.08.16 01:10:41.213,0.9506,0.9508,8.00,16.70
2007.08.16 01:10:41.227,0.9506,0.9508,4.00,16.70
2007.08.16 01:10:41.325,0.9506,0.9507,4.00,0.80
2007.08.16 01:10:41.434,0.9505,0.9507,8.00,0.80
2007.08.16 01:10:41.559,0.9505,0.9507,8.00,12.70
2007.08.16 01:10:41.622,0.9505,0.9507,8.00,11.90
2007.08.16 01:10:42.174,0.9505,0.9507,8.00,15.90
2007.08.16 01:10:42.269,0.9505,0.9507,8.00,4.00
2007.08.16 01:10:42.377,0.9505,0.9507,13.60,4.00
2007.08.16 01:10:44.255,0.9505,0.9508,13.60,8.80
2007.08.16 01:10:45.301,0.9505,0.9508,12.00,20.70
2007.08.16 01:10:45.381,0.9505,0.9508,8.00,20.70
2007.08.16 01:10:46.195,0.9505,0.9508,9.60,20.70
2007.08.16 01:10:46.434,0.9506,0.9508,3.90,20.70
2007.08.16 01:10:46.532,0.9506,0.9508,8.00,16.70
2007.08.16 01:10:47.278,0.9506,0.9508,8.00,18.50
2007.08.16 01:10:47.361,0.9506,0.9508,8.00,24.10
2007.08.16 01:10:48.400,0.9506,0.9508,8.00,22.50
2007.08.16 01:10:49.114,0.9506,0.9508,8.00,21.70
2007.08.16 01:10:49.237,0.9506,0.9508,8.00,19.90
2007.08.16 01:10:49.344,0.9506,0.9508,8.00,15.90
2007.08.16 01:10:49.752,0.9506,0.9508,9.60,4.00
2007.08.16 01:10:50.370,0.9506,0.9508,8.00,4.00
2007.08.16 01:10:50.863,0.9506,0.9508,4.00,4.00
2007.08.16 01:10:50.999,0.9505,0.9508,18.40,8.00
2007.08.16 01:10:52.034,0.9506,0.9508,1.60,9.60
2007.08.16 01:10:53.574,0.9506,0.9508,1.60,8.00
2007.08.16 01:10:54.076,0.9505,0.9508,18.40,8.00
2007.08.16 01:10:54.290,0.9506,0.9508,1.60,8.00
2007.08.16 01:10:55.210,0.9506,0.9509,1.60,42.60
2007.08.16 01:10:56.869,0.9506,0.9509,1.60,43.40
2007.08.16 01:10:57.004,0.9506,0.9509,1.60,30.70
2007.08.16 01:10:58.193,0.9506,0.9508,1.60,0.80
2007.08.16 01:10:59.354,0.9506,0.95085,1.60,20.20
2007.08.16 01:10:59.655,0.9506,0.9508,1.60,0.50
2007.08.16 01:11:02.222,0.9506,0.9508,1.60,0.90
2007.08.16 01:11:02.920,0.9506,0.95085,1.60,18.60
2007.08.16 01:11:03.955,0.9506,0.9508,1.60,0.90
2007.08.16 01:11:04.072,0.9506,0.95085,1.60,19.40
2007.08.16 01:11:04.167,0.9506,0.9508,2.40,0.60
2007.08.16 01:11:04.280,0.9506,0.9508,10.40,0.50
2007.08.16 01:11:04.598,0.9507,0.9508,1.60,0.70
2007.08.16 01:11:04.870,0.9507,0.9509,1.60,0.90
2007.08.16 01:11:05.049,0.9507,0.9509,1.60,0.70
2007.08.16 01:11:05.080,0.9506,0.9509,14.40,0.80
2007.08.16 01:11:05.403,0.9507,0.951,1.60,37.90
2007.08.16 01:11:07.893,0.9507,0.951,1.60,38.70
2007.08.16 01:11:07.981,0.9507,0.951,1.60,37.90
2007.08.16 01:11:08.183,0.9507,0.9509,1.60,0.70
2007.08.16 01:11:09.924,0.9507,0.951,5.50,33.90
2007.08.16 01:11:09.973,0.9507,0.951,9.50,28.20
2007.08.16 01:11:10.013,0.9507,0.9509,9.50,0.50
2007.08.16 01:11:10.071,0.9507,0.951,9.50,14.60
2007.08.16 01:11:10.176,0.9507,0.951,13.50,10.60
2007.08.16 01:11:10.276,0.9507,0.951,13.50,0.70
2007.08.16 01:11:10.439,0.9507,0.95105,9.60,22.60
2007.08.16 01:11:10.706,0.9507,0.95105,10.40,23.40
2007.08.16 01:11:10.993,0.9507,0.95105,10.40,21.80
2007.08.16 01:11:11.713,0.9507,0.95105,14.30,17.80
2007.08.16 01:11:11.738,0.9507,0.95105,18.40,13.80
2007.08.16 01:11:11.826,0.9508,0.9511,4.00,37.90
2007.08.16 01:11:12.655,0.9508,0.95105,4.00,9.80
2007.08.16 01:11:14.682,0.9508,0.95105,4.00,13.70
2007.08.16 01:11:14.747,0.9508,0.95105,4.00,17.80
2007.08.16 01:11:15.278,0.9507,0.951,10.40,0.70
2007.08.16 01:11:15.358,0.9507,0.95105,10.40,19.40
2007.08.16 01:11:15.790,0.9507,0.95105,10.40,23.40
2007.08.16 01:11:17.129,0.9507,0.95105,9.60,24.20
2007.08.16 01:11:17.212,0.9507,0.951,9.60,16.10
2007.08.16 01:11:17.310,0.9507,0.9509,1.60,0.60
2007.08.16 01:11:17.419,0.9507,0.951,1.60,24.10
2007.08.16 01:11:17.543,0.9507,0.95095,1.60,21.60
2007.08.16 01:11:18.257,0.9507,0.95095,1.60,17.50
2007.08.16 01:11:18.430,0.9507,0.95095,1.60,13.60
2007.08.16 01:11:18.700,0.9507,0.9509,1.60,0.90
2007.08.16 01:11:18.786,0.9507,0.95095,1.60,21.60
2007.08.16 01:11:20.019,0.9506,0.951,10.40,42.50
2007.08.16 01:11:20.254,0.9506,0.951,10.40,42.50
2007.08.16 01:11:20.343,0.9506,0.951,10.40,40.10
2007.08.16 01:11:20.432,0.9507,0.9509,1.60,0.70
2007.08.16 01:11:20.843,0.9507,0.95095,1.60,9.60
2007.08.16 01:11:20.964,0.9507,0.951,5.60,24.20
2007.08.16 01:11:21.510,0.9507,0.95105,5.60,24.20
2007.08.16 01:11:21.680,0.9507,0.95105,5.60,20.20
2007.08.16 01:11:21.890,0.9507,0.951,6.40,0.90
2007.08.16 01:11:22.005,0.9507,0.95105,6.40,17.60
2007.08.16 01:11:22.096,0.9507,0.95105,6.40,13.60
2007.08.16 01:11:22.109,0.9507,0.9511,10.40,38.40
2007.08.16 01:11:22.195,0.9507,0.951,9.60,0.80
2007.08.16 01:11:22.707,0.9507,0.951,9.60,0.90
2007.08.16 01:11:22.723,0.9507,0.9511,9.60,32.90
2007.08.16 01:11:22.962,0.9507,0.9511,9.60,33.00
2007.08.16 01:11:23.634,0.9507,0.951,10.40,20.00
2007.08.16 01:11:23.660,0.9507,0.951,10.40,24.00
2007.08.16 01:11:23.755,0.9508,0.951,4.00,12.00
2007.08.16 01:11:24.255,0.9508,0.951,4.00,8.00
2007.08.16 01:11:24.385,0.9508,0.951,5.60,8.00
2007.08.16 01:11:26.247,0.9508,0.951,5.60,4.00
2007.08.16 01:11:26.365,0.9508,0.951,4.00,4.00
2007.08.16 01:11:26.573,0.9508,0.951,5.60,4.00
2007.08.16 01:11:26.671,0.9508,0.9511,5.60,24.80
2007.08.16 01:11:27.707,0.9508,0.9511,5.60,26.60
2007.08.16 01:11:27.912,0.9508,0.9511,5.60,32.20
2007.08.16 01:11:27.946,0.9508,0.9511,5.60,40.20
2007.08.16 01:11:28.953,0.9508,0.951,5.60,4.00
2007.08.16 01:11:29.777,0.9508,0.9511,5.60,24.80
2007.08.16 01:11:30.195,0.9508,0.9511,9.60,24.80
2007.08.16 01:11:30.229,0.9508,0.9511,10.40,24.00
2007.08.16 01:11:30.741,0.9508,0.9511,14.30,20.00
2007.08.16 01:11:30.820,0.9508,0.9511,14.30,8.00
2007.08.16 01:11:30.938,0.9509,0.9511,5.60,8.00
2007.08.16 01:11:32.488,0.9509,0.9511,5.60,10.60
2007.08.16 01:11:32.608,0.9509,0.9511,4.00,10.60
2007.08.16 01:11:32.690,0.9509,0.9511,4.00,14.60
2007.08.16 01:11:32.807,0.9508,0.9511,13.50,14.60
2007.08.16 01:11:33.093,0.9508,0.9511,9.60,18.60
2007.08.16 01:11:33.402,0.9508,0.9511,10.40,17.80
2007.08.16 01:11:33.640,0.9508,0.9511,10.40,19.40
2007.08.16 01:11:35.478,0.9508,0.9511,10.40,17.80
2007.08.16 01:11:35.590,0.9508,0.9511,10.40,19.40
2007.08.16 01:11:35.661,0.9508,0.9511,9.60,20.20
2007.08.16 01:11:35.781,0.9508,0.9511,9.60,28.20
2007.08.16 01:11:38.135,0.9508,0.9511,9.60,20.20
2007.08.16 01:11:38.181,0.9508,0.9511,13.50,16.20
2007.08.16 01:11:38.277,0.9508,0.9511,14.30,15.40
2007.08.16 01:11:38.921,0.9509,0.95115,8.00,8.00
2007.08.16 01:11:39.341,0.9509,0.95115,9.60,8.00
2007.08.16 01:11:40.451,0.9509,0.9512,9.60,28.20
2007.08.16 01:11:43.403,0.9509,0.9511,9.60,1.60
2007.08.16 01:11:45.359,0.9509,0.9512,9.60,28.20
2007.08.16 01:11:47.339,0.9509,0.9512,8.00,28.20
2007.08.16 01:11:50.093,0.9509,0.9511,8.00,3.90
2007.08.16 01:11:50.129,0.9509,0.9511,8.00,8.00
2007.08.16 01:11:53.358,0.9509,0.9511,9.60,9.60
2007.08.16 01:11:54.598,0.9509,0.9511,9.60,10.40
2007.08.16 01:11:54.684,0.9509,0.9511,9.60,8.80
2007.08.16 01:11:55.206,0.9509,0.9511,5.60,8.80
2007.08.16 01:11:55.420,0.9509,0.9511,1.60,8.80
2007.08.16 01:11:55.975,0.9509,0.9511,1.60,8.00
2007.08.16 01:11:56.136,0.9508,0.9511,10.40,8.00
2007.08.16 01:11:58.537,0.9508,0.9511,9.60,8.00
2007.08.16 01:11:58.649,0.9508,0.9511,9.60,8.80
2007.08.16 01:11:58.752,0.9508,0.9511,9.60,10.60
2007.08.16 01:11:59.379,0.9509,0.9511,1.60,16.20
2007.08.16 01:11:59.452,0.9509,0.951,1.60,3.90
2007.08.16 01:12:03.675,0.9508,0.9509,8.00,3.90
2007.08.16 01:12:03.836,0.9509,0.951,1.60,20.70
2007.08.16 01:12:03.924,0.9507,0.9509,9.60,8.00
2007.08.16 01:12:04.650,0.9507,0.9509,5.60,8.00
2007.08.16 01:12:06.296,0.9508,0.9509,1.60,8.00
2007.08.16 01:12:06.845,0.9508,0.9509,1.60,4.00
2007.08.16 01:12:11.413,0.9507,0.9509,10.40,4.00
2007.08.16 01:12:14.182,0.9508,0.9509,1.00,8.00
2007.08.16 01:12:14.284,0.9507,0.9509,1.20,8.00
2007.08.16 01:12:22.587,0.9506,0.9509,14.40,8.00
2007.08.16 01:12:22.792,0.9507,0.9509,1.30,3.90
2007.08.16 01:12:22.851,0.9506,0.951,14.40,24.80
2007.08.16 01:12:23.260,0.9507,0.951,3.50,20.80
2007.08.16 01:12:23.324,0.9506,0.951,14.40,16.70
2007.08.16 01:12:26.212,0.9506,0.951,14.40,22.60
2007.08.16 01:12:26.258,0.9506,0.951,14.40,26.60
2007.08.16 01:12:26.322,0.9506,0.951,14.40,34.60
2007.08.16 01:12:30.454,0.9506,0.951,14.40,36.20
2007.08.16 01:12:33.684,0.9506,0.951,14.40,34.40
2007.08.16 01:12:33.794,0.9506,0.951,6.40,38.40
2007.08.16 01:12:33.893,0.9506,0.951,0.60,38.40
2007.08.16 01:12:34.178,0.9505,0.9509,18.40,0.80
2007.08.16 01:12:34.308,0.9506,0.9509,0.70,12.70
2007.08.16 01:12:34.458,0.9506,0.9509,0.70,0.50
2007.08.16 01:12:34.629,0.9506,0.9509,0.90,0.50
2007.08.16 01:12:35.665,0.9505,0.95095,14.40,24.70
2007.08.16 01:12:35.878,0.9506,0.9509,0.50,0.90
2007.08.16 01:12:36.506,0.9506,0.9509,0.50,0.50
2007.08.16 01:12:38.049,0.9506,0.9509,0.50,0.50
2007.08.16 01:12:39.299,0.9505,0.951,20.20,43.10
2007.08.16 01:12:40.545,0.9506,0.9508,9.60,0.80
2007.08.16 01:12:40.857,0.9506,0.9508,9.60,0.90
2007.08.16 01:12:40.952,0.9506,0.9509,9.60,40.90
2007.08.16 01:12:42.168,0.9506,0.9508,10.40,0.80
2007.08.16 01:12:42.201,0.9506,0.951,10.40,40.10
2007.08.16 01:12:42.307,0.9506,0.951,10.40,40.10
2007.08.16 01:12:42.675,0.9506,0.951,14.40,40.10
2007.08.16 01:12:43.323,0.9506,0.951,8.80,42.50
2007.08.16 01:12:43.601,0.9506,0.9509,8.00,0.70
2007.08.16 01:12:43.762,0.9505,0.9509,26.40,0.70
2007.08.16 01:12:43.853,0.9505,0.951,22.40,43.40
2007.08.16 01:12:44.265,0.9506,0.9509,4.00,0.70
2007.08.16 01:12:44.386,0.9506,0.951,4.00,41.00
2007.08.16 01:12:44.506,0.9506,0.9509,4.00,40.20
2007.08.16 01:12:44.680,0.9506,0.9508,4.00,0.60
2007.08.16 01:12:44.886,0.9506,0.95085,5.60,12.00
2007.08.16 01:12:45.008,0.9506,0.9508,9.60,0.60
2007.08.16 01:12:45.608,0.9506,0.951,9.60,41.00
2007.08.16 01:12:50.939,0.9506,0.9509,5.60,0.90
2007.08.16 01:12:51.115,0.9506,0.951,1.60,43.40
2007.08.16 01:12:51.942,0.9505,0.951,22.40,43.40
2007.08.16 01:12:52.575,0.9506,0.951,4.00,40.90
2007.08.16 01:12:52.804,0.9506,0.951,8.00,40.80
2007.08.16 01:12:53.291,0.9506,0.951,17.60,40.90
2007.08.16 01:12:53.491,0.9506,0.951,21.60,40.90
2007.08.16 01:12:54.629,0.9507,0.951,0.80,39.30
2007.08.16 01:12:54.744,0.9507,0.9509,4.70,0.90
2007.08.16 01:12:54.765,0.9507,0.951,8.80,29.50
2007.08.16 01:12:54.945,0.9507,0.9509,12.80,0.90
2007.08.16 01:12:55.362,0.9508,0.9512,5.60,29.00
2007.08.16 01:12:55.752,0.9508,0.9511,5.60,0.80
2007.08.16 01:12:55.777,0.9508,0.951,5.60,0.50
2007.08.16 01:13:07.164,0.9508,0.951,5.60,4.80
2007.08.16 01:13:07.300,0.9508,0.951,5.60,6.60
2007.08.16 01:13:07.403,0.9508,0.951,5.60,8.20
2007.08.16 01:13:07.496,0.9508,0.951,1.60,8.20
2007.08.16 01:13:07.651,0.9508,0.951,1.60,7.40
2007.08.16 01:13:08.738,0.9507,0.951,18.40,7.40
2007.08.16 01:13:10.834,0.9507,0.951,18.40,19.30
2007.08.16 01:13:11.699,0.9506,0.951,25.00,19.30
2007.08.16 01:13:16.312,0.9506,0.9509,25.00,1.60
2007.08.16 01:13:18.712,0.9507,0.9509,5.10,1.60
2007.08.16 01:13:18.771,0.9507,0.9509,4.40,1.60
2007.08.16 01:13:18.811,0.9506,0.9509,22.40,13.50
2007.08.16 01:13:20.868,0.9505,0.9509,25.00,13.50
2007.08.16 01:13:21.381,0.9506,0.9509,18.40,13.50
2007.08.16 01:13:22.316,0.9506,0.951,18.40,36.10
2007.08.16 01:13:23.363,0.9507,0.951,2.50,36.10
2007.08.16 01:13:25.149,0.9507,0.951,2.00,35.30
2007.08.16 01:13:25.366,0.9506,0.951,25.00,23.30
2007.08.16 01:13:25.642,0.9506,0.951,24.20,24.10
2007.08.16 01:13:25.738,0.9506,0.951,26.40,24.10
2007.08.16 01:13:25.834,0.9507,0.951,2.10,28.10
2007.08.16 01:13:25.862,0.9507,0.951,2.30,36.10
2007.08.16 01:13:26.086,0.9506,0.951,22.40,28.10
2007.08.16 01:13:26.162,0.9507,0.951,1.00,27.30
2007.08.16 01:13:26.249,0.9506,0.951,25.00,27.30
2007.08.16 01:13:26.790,0.9508,0.951,1.50,27.40
2007.08.16 01:13:26.984,0.9507,0.951,4.80,27.40
2007.08.16 01:13:27.078,0.9506,0.9509,20.90,4.00
2007.08.16 01:13:27.317,0.9507,0.9509,11.20,4.00
2007.08.16 01:13:27.413,0.9507,0.9509,15.20,4.00
2007.08.16 01:13:27.494,0.9508,0.951,3.60,5.60
2007.08.16 01:13:27.705,0.9507,0.951,19.20,1.60
2007.08.16 01:13:28.180,0.9508,0.951,3.90,1.60
2007.08.16 01:13:28.359,0.9508,0.9511,1.80,40.20
2007.08.16 01:13:28.697,0.9507,0.9511,15.20,39.40
2007.08.16 01:13:28.760,0.9508,0.9511,4.20,39.40
2007.08.16 01:13:28.789,0.9507,0.95105,13.00,8.00
2007.08.16 01:13:28.888,0.9507,0.951,17.00,1.60
2007.08.16 01:13:30.011,0.9507,0.9511,24.90,5.60
2007.08.16 01:13:30.219,0.9507,0.9511,24.90,7.40
2007.08.16 01:13:30.335,0.9507,0.951,24.90,1.60
2007.08.16 01:13:30.859,0.9507,0.9511,24.90,5.60
2007.08.16 01:13:31.259,0.9509,0.9511,0.70,5.60
2007.08.16 01:13:31.770,0.9509,0.9511,0.70,1.60
2007.08.16 01:13:32.391,0.9507,0.9511,32.90,1.60
2007.08.16 01:13:37.400,0.9509,0.9512,0.50,42.60
2007.08.16 01:13:37.913,0.9508,0.9511,1.80,1.60
2007.08.16 01:13:38.933,0.9507,0.9512,32.90,42.60
2007.08.16 01:13:39.247,0.9507,0.9511,32.90,3.90
2007.08.16 01:13:39.262,0.9507,0.9511,24.90,21.80
2007.08.16 01:13:39.362,0.9508,0.9511,3.30,23.40
2007.08.16 01:13:39.880,0.9507,0.9511,25.00,27.40
2007.08.16 01:13:40.189,0.9507,0.9511,24.20,27.40
2007.08.16 01:13:40.288,0.9508,0.951,2.40,11.90
2007.08.16 01:13:40.378,0.9507,0.951,18.30,11.90
2007.08.16 01:13:40.495,0.9507,0.951,14.40,11.90
2007.08.16 01:13:40.588,0.9507,0.951,10.40,15.90
2007.08.16 01:13:41.332,0.9507,0.951,14.40,4.00
2007.08.16 01:13:41.627,0.9507,0.9511,18.40,24.70
2007.08.16 01:13:41.719,0.9508,0.9511,3.90,24.70
2007.08.16 01:13:41.850,0.9509,0.9511,4.00,12.80
2007.08.16 01:13:41.961,0.9509,0.9511,5.60,14.40
2007.08.16 01:13:42.053,0.9509,0.9511,9.60,14.40
2007.08.16 01:13:42.088,0.9509,0.9511,9.60,6.40
2007.08.16 01:13:42.257,0.9509,0.9511,9.60,2.40
2007.08.16 01:13:43.674,0.9509,0.9511,9.60,1.60
2007.08.16 01:13:43.794,0.9509,0.9511,13.50,1.60
2007.08.16 01:13:43.956,0.951,0.9511,8.00,1.60
2007.08.16 01:13:44.027,0.951,0.9512,8.00,8.20
2007.08.16 01:13:44.319,0.951,0.9512,9.60,8.20
2007.08.16 01:13:44.616,0.951,0.9512,9.60,4.20
2007.08.16 01:13:45.218,0.951,0.9511,9.60,0.80
2007.08.16 01:13:45.358,0.951,0.9511,4.00,12.70
2007.08.16 01:13:45.570,0.9509,0.9511,4.00,12.70
2007.08.16 01:13:45.735,0.9509,0.9511,4.00,11.90
2007.08.16 01:13:45.772,0.9508,0.9511,10.40,15.90
2007.08.16 01:13:45.869,0.9508,0.9511,10.40,17.50
2007.08.16 01:13:46.957,0.9508,0.95115,10.40,25.50
2007.08.16 01:13:48.689,0.9508,0.95115,9.60,26.30
2007.08.16 01:13:48.794,0.9508,0.95115,5.60,32.10
2007.08.16 01:13:48.894,0.9508,0.9511,5.60,28.10
2007.08.16 01:13:49.189,0.9508,0.9511,6.40,35.30
2007.08.16 01:13:49.295,0.9508,0.951,6.40,0.50
2007.08.16 01:13:49.307,0.9508,0.9511,6.40,39.30
2007.08.16 01:13:50.248,0.9508,0.9511,10.40,39.30
2007.08.16 01:13:50.332,0.9508,0.951,14.30,0.50
2007.08.16 01:13:50.345,0.9508,0.951,18.40,0.70
2007.08.16 01:13:50.458,0.9509,0.9512,5.60,40.20
2007.08.16 01:13:50.541,0.9509,0.9512,9.60,36.20
2007.08.16 01:13:50.575,0.9509,0.9512,9.60,36.20
2007.08.16 01:13:50.634,0.9509,0.9512,9.60,37.00
2007.08.16 01:13:50.742,0.9509,0.9512,9.60,37.00
2007.08.16 01:13:51.256,0.9509,0.9512,9.60,36.20
2007.08.16 01:13:51.661,0.9509,0.9512,10.40,28.20
2007.08.16 01:13:52.173,0.9509,0.9511,9.60,0.50
2007.08.16 01:13:52.709,0.9509,0.9511,10.40,0.50
2007.08.16 01:13:52.725,0.9509,0.9511,14.40,0.70
2007.08.16 01:13:52.939,0.9509,0.9512,14.40,0.70
2007.08.16 01:13:53.219,0.9509,0.9512,14.40,0.70
2007.08.16 01:13:55.766,0.9509,0.951,13.60,0.90
2007.08.16 01:13:55.946,0.9509,0.9511,4.00,27.10
2007.08.16 01:13:56.215,0.9508,0.95105,8.00,18.40
2007.08.16 01:13:58.040,0.9508,0.95105,8.00,14.40
2007.08.16 01:14:01.434,0.9508,0.951,8.00,0.60
2007.08.16 01:14:05.246,0.9508,0.9511,8.00,39.10
2007.08.16 01:14:05.291,0.9508,0.9511,4.00,43.20
2007.08.16 01:14:05.409,0.9508,0.9509,4.00,0.90
2007.08.16 01:14:06.504,0.9507,0.951,13.60,30.40
2007.08.16 01:14:06.561,0.9508,0.9512,4.00,34.20
2007.08.16 01:14:06.603,0.9508,0.9511,8.80,0.50
2007.08.16 01:14:06.646,0.9508,0.95115,4.80,13.50
2007.08.16 01:14:06.731,0.9508,0.9511,0.80,0.60
2007.08.16 01:14:06.774,0.9507,0.9511,34.30,0.60
2007.08.16 01:14:07.100,0.9507,0.9511,42.30,0.60
2007.08.16 01:14:07.190,0.9508,0.9511,0.80,0.60
2007.08.16 01:14:07.270,0.9508,0.9511,8.80,0.50
2007.08.16 01:14:07.366,0.9508,0.9513,12.80,41.00
2007.08.16 01:14:07.600,0.9508,0.9513,16.70,41.00
2007.08.16 01:14:07.791,0.9508,0.9512,20.70,0.80
2007.08.16 01:14:09.926,0.9508,0.9513,22.30,41.00
2007.08.16 01:14:14.502,0.9508,0.9513,20.70,41.00
2007.08.16 01:14:15.647,0.9508,0.9512,19.90,34.40
2007.08.16 01:14:15.758,0.9508,0.9512,16.00,34.40
2007.08.16 01:14:15.868,0.9508,0.9512,8.00,38.40
2007.08.16 01:14:15.964,0.9508,0.95115,4.00,8.00
2007.08.16 01:14:16.682,0.9507,0.95115,34.40,8.00
2007.08.16 01:14:17.614,0.9507,0.95115,33.60,8.00
2007.08.16 01:14:17.725,0.9507,0.95115,13.60,8.00
2007.08.16 01:14:17.767,0.9507,0.9511,13.60,8.00
2007.08.16 01:14:17.830,0.9507,0.9511,9.60,12.00
2007.08.16 01:14:18.666,0.9507,0.9511,5.60,12.00
2007.08.16 01:14:21.717,0.9507,0.9511,6.40,12.00
2007.08.16 01:14:21.766,0.9507,0.9511,26.30,8.00
2007.08.16 01:14:21.856,0.9507,0.95115,26.30,8.00
2007.08.16 01:14:22.209,0.9507,0.95115,30.30,8.00
2007.08.16 01:14:22.278,0.9507,0.95115,34.40,8.00
2007.08.16 01:14:23.429,0.9507,0.9511,36.80,1.60
2007.08.16 01:14:24.765,0.9506,0.9511,45.60,1.60
2007.08.16 01:14:26.335,0.9506,0.95115,45.60,8.00
2007.08.16 01:14:29.351,0.9506,0.9511,35.20,11.90
2007.08.16 01:14:29.744,0.9506,0.9511,33.00,15.90
2007.08.16 01:14:29.838,0.9506,0.9511,25.00,23.90
2007.08.16 01:14:29.873,0.9507,0.9511,2.60,27.90
2007.08.16 01:14:29.947,0.9507,0.9511,1.20,32.00
2007.08.16 01:14:31.220,0.9507,0.951,3.10,11.90
2007.08.16 01:14:31.817,0.9507,0.951,9.10,15.90
2007.08.16 01:14:31.940,0.9506,0.951,24.90,19.90
2007.08.16 01:14:33.275,0.9506,0.951,24.90,25.80
2007.08.16 01:14:33.369,0.9507,0.951,0.90,25.80
2007.08.16 01:14:33.783,0.9506,0.951,25.00,24.00
2007.08.16 01:14:33.904,0.9506,0.951,24.90,24.00
2007.08.16 01:14:35.195,0.9507,0.951,4.70,24.00
2007.08.16 01:14:35.242,0.9507,0.951,3.50,24.00
2007.08.16 01:14:35.362,0.9506,0.951,26.40,24.00
2007.08.16 01:14:38.591,0.9506,0.951,27.20,24.00
2007.08.16 01:14:38.828,0.9507,0.951,2.50,24.00
2007.08.16 01:14:38.970,0.9506,0.951,25.00,24.00
2007.08.16 01:14:41.169,0.9506,0.951,24.20,24.00
2007.08.16 01:14:41.365,0.9507,0.951,1.30,24.00
2007.08.16 01:14:52.680,0.9507,0.951,1.10,24.80
2007.08.16 01:14:52.787,0.9506,0.951,22.40,26.60
2007.08.16 01:14:53.316,0.9507,0.9509,4.00,11.90
2007.08.16 01:14:54.020,0.9507,0.9509,4.00,15.90
2007.08.16 01:14:54.233,0.9507,0.9509,4.00,4.00
2007.08.16 01:14:54.963,0.9507,0.951,4.00,24.00
2007.08.16 01:14:55.832,0.9507,0.951,4.00,24.80
2007.08.16 01:14:55.897,0.9507,0.9509,4.00,11.90
2007.08.16 01:14:56.216,0.9506,0.9509,18.40,11.90
2007.08.16 01:14:56.552,0.9506,0.9509,14.40,15.90
2007.08.16 01:14:57.869,0.9506,0.9509,18.40,11.90
2007.08.16 01:14:57.968,0.9506,0.951,18.40,42.40
2007.08.16 01:14:58.062,0.9507,0.951,4.00,36.80
2007.08.16 01:14:58.178,0.9507,0.951,4.00,36.00
2007.08.16 01:14:58.329,0.9507,0.951,4.00,28.00
2007.08.16 01:15:00.049,0.9505,0.9509,30.40,11.90
2007.08.16 01:15:00.117,0.9505,0.9509,22.40,11.90
2007.08.16 01:15:00.143,0.9506,0.9509,4.00,11.90
2007.08.16 01:15:01.839,0.9506,0.9509,2.30,11.90
2007.08.16 01:15:01.918,0.9506,0.9509,4.00,16.00
2007.08.16 01:15:02.035,0.9506,0.9509,4.00,20.80
2007.08.16 01:15:02.198,0.9506,0.95085,4.00,8.00
2007.08.16 01:15:02.229,0.9505,0.9508,22.40,1.60
2007.08.16 01:15:02.351,0.9505,0.9508,18.40,1.60
2007.08.16 01:15:02.411,0.9505,0.9508,14.40,5.50
2007.08.16 01:15:04.351,0.9506,0.9508,3.90,1.60
2007.08.16 01:15:04.498,0.9506,0.9509,12.00,8.80
2007.08.16 01:15:04.670,0.9506,0.9509,12.80,8.00
2007.08.16 01:15:04.713,0.9506,0.9509,16.80,4.00
2007.08.16 01:15:04.807,0.9507,0.951,4.00,40.20
2007.08.16 01:15:04.998,0.9507,0.951,4.00,32.20
2007.08.16 01:15:05.023,0.9507,0.951,4.00,30.60
2007.08.16 01:15:06.893,0.9507,0.9509,4.00,1.80
2007.08.16 01:15:06.999,0.9507,0.9509,4.00,13.70
2007.08.16 01:15:07.215,0.9506,0.9509,18.40,13.70
2007.08.16 01:15:07.343,0.9506,0.9509,14.40,17.70
2007.08.16 01:15:09.446,0.9506,0.9508,14.40,1.60
2007.08.16 01:15:09.712,0.9506,0.9508,18.40,1.60
2007.08.16 01:15:09.911,0.9507,0.9508,4.00,1.60
2007.08.16 01:15:09.933,0.9507,0.9508,8.00,1.60
2007.08.16 01:15:09.988,0.9507,0.9509,9.60,5.60
2007.08.16 01:15:10.295,0.9507,0.9509,5.60,17.50
2007.08.16 01:15:10.323,0.9507,0.9509,6.40,17.50
2007.08.16 01:15:10.416,0.9507,0.9509,4.80,17.50
2007.08.16 01:15:10.633,0.9507,0.9509,4.00,17.50
2007.08.16 01:15:10.714,0.9506,0.9509,18.40,17.50
2007.08.16 01:15:10.742,0.9506,0.9509,14.40,21.50
2007.08.16 01:15:10.829,0.9506,0.9509,14.40,17.50
2007.08.16 01:15:10.930,0.9506,0.9509,14.40,5.50
2007.08.16 01:15:11.032,0.9506,0.9509,14.40,3.90
2007.08.16 01:15:11.126,0.9507,0.9509,4.00,3.90
2007.08.16 01:15:11.245,0.9507,0.951,4.00,30.40
2007.08.16 01:15:11.344,0.9507,0.951,5.60,30.40
2007.08.16 01:15:12.830,0.9507,0.951,6.40,29.60
2007.08.16 01:15:12.903,0.9507,0.951,10.40,29.60
2007.08.16 01:15:13.416,0.9507,0.951,10.40,25.60
2007.08.16 01:15:13.751,0.9507,0.951,18.40,5.60
2007.08.16 01:15:13.941,0.9507,0.951,16.80,4.00
2007.08.16 01:15:14.355,0.9507,0.951,18.40,4.00
2007.08.16 01:15:15.082,0.9507,0.9511,18.40,38.40
2007.08.16 01:15:15.171,0.9507,0.9511,17.60,38.40
2007.08.16 01:15:15.194,0.9507,0.9511,13.60,38.40
2007.08.16 01:15:15.273,0.9507,0.9511,9.60,38.40
2007.08.16 01:15:15.290,0.9507,0.951,5.60,4.00
2007.08.16 01:15:15.404,0.9507,0.951,4.00,5.60
2007.08.16 01:15:15.679,0.9507,0.951,4.80,5.60
2007.08.16 01:15:15.794,0.9507,0.951,8.80,5.60
2007.08.16 01:15:16.020,0.9507,0.9511,10.40,38.40
2007.08.16 01:15:16.036,0.9507,0.9511,10.40,38.40
2007.08.16 01:15:16.218,0.9507,0.9511,14.30,38.40
2007.08.16 01:15:16.333,0.9507,0.9511,18.40,38.40
2007.08.16 01:15:18.654,0.9507,0.951,13.60,0.80
2007.08.16 01:15:18.835,0.9507,0.9509,5.60,15.90
2007.08.16 01:15:18.926,0.9507,0.9509,4.00,15.90
2007.08.16 01:15:19.718,0.9507,0.9509,8.70,15.90
2007.08.16 01:15:19.864,0.9507,0.9509,16.80,4.00
2007.08.16 01:15:20.232,0.9507,0.9509,16.00,4.00
2007.08.16 01:15:20.265,0.9507,0.9511,7.90,34.40
2007.08.16 01:15:20.321,0.9507,0.9511,4.00,34.40
2007.08.16 01:15:20.635,0.9507,0.9511,4.80,34.40
2007.08.16 01:15:20.788,0.9507,0.9511,8.80,40.20
2007.08.16 01:15:21.003,0.9507,0.9511,10.40,40.20
2007.08.16 01:15:21.149,0.9507,0.951,9.60,0.80
2007.08.16 01:15:21.258,0.9507,0.951,9.60,4.70
2007.08.16 01:15:21.319,0.9507,0.951,5.60,22.40
2007.08.16 01:15:21.806,0.9507,0.951,5.60,26.40
2007.08.16 01:15:21.900,0.9507,0.951,4.00,30.40
2007.08.16 01:15:21.944,0.9507,0.951,4.00,38.40
2007.08.16 01:15:23.272,0.9507,0.951,5.60,38.40
2007.08.16 01:15:24.122,0.9507,0.951,6.40,37.60
2007.08.16 01:15:24.188,0.9507,0.951,10.40,37.60
2007.08.16 01:15:24.987,0.9507,0.951,10.40,29.60
2007.08.16 01:15:25.446,0.9507,0.951,10.40,28.00
2007.08.16 01:15:26.895,0.9507,0.951,10.40,29.60
2007.08.16 01:15:28.282,0.9507,0.951,18.40,9.60
2007.08.16 01:15:28.362,0.9507,0.951,18.40,4.00
2007.08.16 01:15:28.653,0.9508,0.951,0.80,4.00
2007.08.16 01:15:28.675,0.9508,0.951,4.80,4.00
2007.08.16 01:15:28.767,0.9508,0.9511,4.80,37.60
2007.08.16 01:15:28.878,0.9508,0.9511,10.40,37.60
2007.08.16 01:15:28.952,0.9508,0.9511,10.40,29.60
2007.08.16 01:15:31.237,0.9508,0.9511,6.40,29.60
2007.08.16 01:15:31.345,0.9508,0.9511,6.40,37.60
2007.08.16 01:15:31.369,0.9508,0.9511,5.60,38.40
2007.08.16 01:15:31.441,0.9507,0.9511,22.40,38.40
2007.08.16 01:15:31.870,0.9507,0.9511,18.40,38.40
2007.08.16 01:15:32.000,0.9508,0.951,1.60,1.60
2007.08.16 01:15:32.087,0.9508,0.951,5.60,1.60
2007.08.16 01:15:32.211,0.9508,0.951,9.60,1.60
2007.08.16 01:15:33.389,0.9508,0.951,10.40,1.60
2007.08.16 01:15:33.491,0.9508,0.951,14.40,1.60
2007.08.16 01:15:33.526,0.9508,0.95115,18.40,8.00
2007.08.16 01:15:33.613,0.9508,0.9511,18.40,1.60
2007.08.16 01:15:33.706,0.9509,0.9511,4.00,1.60
2007.08.16 01:15:34.520,0.9509,0.9511,4.00,2.40
2007.08.16 01:15:34.713,0.9508,0.9511,17.60,2.40
2007.08.16 01:15:35.055,0.9508,0.9511,13.60,6.30
2007.08.16 01:15:35.959,0.9508,0.9511,18.40,1.60
2007.08.16 01:15:36.011,0.9508,0.9511,22.40,1.60
2007.08.16 01:15:36.116,0.9509,0.9511,4.00,1.60
2007.08.16 01:15:38.170,0.9509,0.9511,4.00,2.40
2007.08.16 01:15:38.356,0.9509,0.9511,4.00,0.80
2007.08.16 01:15:38.672,0.9509,0.95115,4.00,8.00
2007.08.16 01:15:38.801,0.9509,0.9511,8.00,11.90
2007.08.16 01:15:39.006,0.9509,0.9511,8.00,13.50
2007.08.16 01:15:39.318,0.9509,0.95115,8.00,8.00
2007.08.16 01:15:39.484,0.9509,0.9512,8.00,13.60
2007.08.16 01:15:40.074,0.9509,0.9512,8.00,9.60
2007.08.16 01:15:40.969,0.9509,0.9512,8.00,8.00
2007.08.16 01:15:41.000,0.9509,0.95125,8.00,8.00
2007.08.16 01:15:44.132,0.9509,0.95125,8.80,8.00
2007.08.16 01:15:44.265,0.9509,0.95125,12.80,8.00
2007.08.16 01:15:44.380,0.9509,0.9512,14.40,1.60
2007.08.16 01:15:44.805,0.9509,0.9512,18.40,1.60
2007.08.16 01:15:45.121,0.9509,0.9512,22.40,1.60
2007.08.16 01:15:46.890,0.9509,0.9512,21.60,1.60
2007.08.16 01:15:47.371,0.9509,0.9513,20.00,26.40
2007.08.16 01:15:49.104,0.9508,0.9513,42.50,26.40
2007.08.16 01:15:53.951,0.9509,0.9512,7.30,1.60
2007.08.16 01:15:55.225,0.951,0.9512,1.90,1.60
2007.08.16 01:15:55.634,0.9509,0.9512,11.90,1.60
2007.08.16 01:15:55.754,0.951,0.9512,1.90,1.60
2007.08.16 01:15:55.885,0.9509,0.9512,23.40,1.60
2007.08.16 01:15:55.982,0.9509,0.9513,23.40,26.40
2007.08.16 01:16:00.410,0.9512,0.9513,0.80,25.60
2007.08.16 01:16:00.505,0.9511,0.9513,5.50,21.60
2007.08.16 01:16:00.565,0.9511,0.9513,13.50,5.60
2007.08.16 01:16:00.660,0.9511,0.9513,19.10,4.00
2007.08.16 01:16:00.778,0.9511,0.9514,23.10,7.40
2007.08.16 01:16:00.992,0.9511,0.9514,27.20,5.60
2007.08.16 01:16:01.019,0.9512,0.9514,0.50,5.60
2007.08.16 01:16:01.084,0.9512,0.9514,3.60,1.60
2007.08.16 01:16:01.309,0.9511,0.9515,35.10,23.40
2007.08.16 01:16:03.629,0.9511,0.9515,35.10,23.40
2007.08.16 01:16:05.117,0.9512,0.9515,3.90,9.60
2007.08.16 01:16:05.234,0.9513,0.9515,1.40,9.60
2007.08.16 01:16:05.342,0.9512,0.9515,22.30,5.60
2007.08.16 01:16:05.524,0.9513,0.9515,0.50,5.60
2007.08.16 01:16:09.554,0.9513,0.9515,3.40,5.60
2007.08.16 01:16:09.640,0.9513,0.9516,18.30,9.60
2007.08.16 01:16:09.863,0.9514,0.9516,4.00,8.00
2007.08.16 01:16:09.965,0.9513,0.9516,27.10,8.00
2007.08.16 01:16:10.049,0.9513,0.9516,31.10,4.00
2007.08.16 01:16:10.480,0.9513,0.9516,23.10,4.00
2007.08.16 01:16:10.605,0.9513,0.9517,27.20,21.60
2007.08.16 01:16:10.712,0.9513,0.9517,27.20,21.60
2007.08.16 01:16:11.042,0.9514,0.9517,22.40,21.60
2007.08.16 01:16:11.180,0.9514,0.9517,3.20,21.60
2007.08.16 01:16:13.128,0.9514,0.9517,7.10,22.40
2007.08.16 01:16:13.234,0.9513,0.9517,34.30,26.40
2007.08.16 01:16:13.276,0.9514,0.9517,6.20,28.20
2007.08.16 01:16:13.902,0.9514,0.9517,6.10,28.20
2007.08.16 01:16:15.593,0.9513,0.9517,26.30,32.20
2007.08.16 01:16:15.704,0.9513,0.9516,26.30,1.60
2007.08.16 01:16:15.797,0.9513,0.9516,26.30,1.60
2007.08.16 01:16:19.254,0.9513,0.9516,26.40,1.60
2007.08.16 01:16:19.377,0.9513,0.9516,22.40,5.60
2007.08.16 01:16:19.548,0.9513,0.9516,18.40,9.50
2007.08.16 01:16:19.702,0.9513,0.9516,14.40,9.50
2007.08.16 01:16:24.368,0.9513,0.9516,10.40,9.50
2007.08.16 01:16:25.756,0.9513,0.9516,10.40,11.30
2007.08.16 01:16:25.839,0.9513,0.9516,18.40,7.30
2007.08.16 01:16:26.375,0.9513,0.9516,22.40,3.40
2007.08.16 01:16:26.726,0.9513,0.9516,26.40,3.40
2007.08.16 01:16:27.156,0.9513,0.9516,26.40,1.60
2007.08.16 01:16:30.194,0.9514,0.9516,0.80,1.60
2007.08.16 01:16:30.238,0.9514,0.9516,8.80,1.60
2007.08.16 01:16:30.356,0.9514,0.9516,10.40,1.60
2007.08.16 01:16:31.123,0.9514,0.9516,14.40,1.60
2007.08.16 01:16:32.198,0.9514,0.9516,10.40,1.60
2007.08.16 01:16:32.318,0.9514,0.9517,4.80,31.40
2007.08.16 01:16:34.273,0.9514,0.9517,8.80,31.40
2007.08.16 01:16:34.366,0.9514,0.9517,12.80,27.40
2007.08.16 01:16:34.470,0.9514,0.9516,14.40,1.60
2007.08.16 01:16:36.167,0.9514,0.9516,18.40,1.60
2007.08.16 01:16:36.407,0.9514,0.9517,18.40,5.60
2007.08.16 01:16:36.750,0.9514,0.9517,18.40,7.40
2007.08.16 01:16:36.847,0.9514,0.9517,18.40,15.30
2007.08.16 01:16:36.928,0.9514,0.9516,18.40,1.60
2007.08.16 01:16:37.380,0.9514,0.9517,18.40,3.40
2007.08.16 01:16:37.605,0.9515,0.9517,0.80,3.40
2007.08.16 01:16:37.812,0.9515,0.9517,4.80,3.40
2007.08.16 01:16:37.893,0.9515,0.9517,6.40,3.40
2007.08.16 01:16:38.535,0.9515,0.9517,5.60,3.40
2007.08.16 01:16:38.556,0.9515,0.9517,5.60,7.40
2007.08.16 01:16:38.653,0.9515,0.9517,1.60,5.60
2007.08.16 01:16:38.773,0.9514,0.9517,22.30,5.60
2007.08.16 01:16:39.421,0.9514,0.9517,18.30,9.60
2007.08.16 01:16:41.630,0.9515,0.9517,0.80,9.60
2007.08.16 01:16:41.777,0.9515,0.9517,4.80,5.60
2007.08.16 01:16:41.995,0.9515,0.9517,0.80,4.00
2007.08.16 01:16:42.240,0.9515,0.9517,4.70,4.00
2007.08.16 01:16:42.325,0.9515,0.9517,10.40,4.00
2007.08.16 01:16:42.763,0.9515,0.9518,10.40,5.60
2007.08.16 01:16:42.856,0.9515,0.9518,18.40,5.60
2007.08.16 01:16:42.975,0.9515,0.9518,16.80,4.00
2007.08.16 01:16:43.189,0.9515,0.9518,18.40,5.60
2007.08.16 01:16:43.288,0.9515,0.9518,18.40,4.00
2007.08.16 01:16:43.485,0.9515,0.9518,26.40,4.00
2007.08.16 01:16:43.587,0.9515,0.9519,26.40,1.60
2007.08.16 01:16:43.676,0.9515,0.9519,21.60,6.30
2007.08.16 01:16:43.706,0.9515,0.9519,21.60,8.10
2007.08.16 01:16:43.818,0.9515,0.9519,13.60,24.20
2007.08.16 01:16:43.985,0.9515,0.9519,5.60,24.20
2007.08.16 01:16:44.244,0.9515,0.9519,4.00,24.20
2007.08.16 01:16:44.491,0.9515,0.9518,4.00,0.80
2007.08.16 01:16:44.567,0.9514,0.9518,34.40,0.80
2007.08.16 01:16:44.678,0.9515,0.9518,1.60,2.40
2007.08.16 01:16:45.324,0.9514,0.9518,22.40,2.40
2007.08.16 01:16:45.372,0.9514,0.9518,22.40,6.30
2007.08.16 01:16:45.699,0.9514,0.9519,22.40,40.90
2007.08.16 01:16:45.758,0.9514,0.9519,22.40,40.90
2007.08.16 01:16:45.874,0.9514,0.9519,18.40,40.90
2007.08.16 01:16:45.986,0.9515,0.9518,1.60,28.10
2007.08.16 01:16:46.227,0.9515,0.9518,1.60,28.00
2007.08.16 01:16:46.425,0.9515,0.9518,1.60,32.10
2007.08.16 01:16:47.917,0.9515,0.9518,1.60,32.10
2007.08.16 01:16:49.419,0.9514,0.9517,10.40,0.80
2007.08.16 01:16:49.845,0.9515,0.9518,1.60,34.50
2007.08.16 01:16:51.349,0.9514,0.9518,10.40,34.50
2007.08.16 01:16:51.563,0.9514,0.95185,14.40,42.60
2007.08.16 01:16:51.670,0.9514,0.95185,14.40,38.40
2007.08.16 01:16:51.782,0.9514,0.9518,22.40,0.50
2007.08.16 01:16:51.888,0.9515,0.95185,1.60,34.40
2007.08.16 01:16:57.237,0.9514,0.9518,9.60,0.70
2007.08.16 01:16:57.330,0.9514,0.9519,5.60,41.00
2007.08.16 01:16:57.437,0.95135,0.9518,8.00,0.50
2007.08.16 01:16:57.491,0.9513,0.95185,42.40,38.40
2007.08.16 01:16:57.655,0.9513,0.9518,38.40,0.90
2007.08.16 01:16:59.324,0.9513,0.9518,30.40,0.80
2007.08.16 01:16:59.670,0.9514,0.9519,0.80,41.00
2007.08.16 01:16:59.927,0.9514,0.9519,4.80,41.00
2007.08.16 01:17:00.128,0.9514,0.95185,4.80,34.40
2007.08.16 01:17:00.296,0.9514,0.9518,8.70,0.60
2007.08.16 01:17:00.571,0.9514,0.9518,8.70,0.80
2007.08.16 01:17:00.690,0.9514,0.9518,4.70,32.10
2007.08.16 01:17:00.797,0.9514,0.9518,6.30,32.10
2007.08.16 01:17:00.893,0.9514,0.9518,10.30,32.10
2007.08.16 01:17:01.116,0.9514,0.9518,2.40,40.10
2007.08.16 01:17:01.218,0.9514,0.9517,2.40,0.90
2007.08.16 01:17:01.737,0.9514,0.9518,6.30,40.10
2007.08.16 01:17:01.780,0.9514,0.9518,6.30,32.10
2007.08.16 01:17:01.884,0.9514,0.9517,16.20,0.50
2007.08.16 01:17:02.087,0.9514,0.9518,20.20,38.40
2007.08.16 01:17:02.194,0.9514,0.9518,16.20,38.40
2007.08.16 01:17:02.312,0.9514,0.9518,10.40,30.40
2007.08.16 01:17:02.827,0.9514,0.9518,10.40,38.40
2007.08.16 01:17:04.697,0.9514,0.9517,10.40,0.50
2007.08.16 01:17:05.346,0.9514,0.9518,6.40,42.30
2007.08.16 01:17:05.656,0.9514,0.9518,6.40,42.30
2007.08.16 01:17:13.153,0.9514,0.9518,10.40,42.30
2007.08.16 01:17:13.351,0.9514,0.9518,10.40,38.40
2007.08.16 01:17:13.664,0.9514,0.9518,10.40,30.40
2007.08.16 01:17:15.988,0.9514,0.9517,8.80,4.00
2007.08.16 01:17:16.857,0.9514,0.9517,12.80,4.00
2007.08.16 01:17:17.382,0.9514,0.9517,20.80,4.00
2007.08.16 01:17:17.418,0.9515,0.9517,1.60,4.00
2007.08.16 01:17:17.486,0.9515,0.9518,1.60,30.40
2007.08.16 01:17:17.920,0.9515,0.9517,1.60,4.00
2007.08.16 01:17:18.146,0.9514,0.9517,18.40,4.00
2007.08.16 01:17:18.401,0.9514,0.9517,10.40,4.00
2007.08.16 01:17:18.737,0.9514,0.9517,14.40,4.00
2007.08.16 01:17:18.831,0.9514,0.9518,18.40,28.80
2007.08.16 01:17:18.989,0.9515,0.9518,1.60,30.40
2007.08.16 01:17:19.483,0.9514,0.9517,10.40,4.00
2007.08.16 01:17:21.179,0.9514,0.9517,14.40,4.00
2007.08.16 01:17:21.332,0.9514,0.9517,22.40,4.00
2007.08.16 01:17:21.405,0.9515,0.9518,1.60,30.40
2007.08.16 01:17:21.930,0.9514,0.9518,18.40,30.40
2007.08.16 01:17:22.065,0.9514,0.9518,26.40,30.40
2007.08.16 01:17:22.777,0.9514,0.9519,26.40,33.00
2007.08.16 01:17:28.196,0.9514,0.9518,28.20,0.50
2007.08.16 01:17:28.216,0.9514,0.9518,20.20,0.90
2007.08.16 01:17:28.314,0.9514,0.9517,20.20,0.90
2007.08.16 01:17:30.400,0.9515,0.9517,1.60,0.90
2007.08.16 01:17:30.782,0.9515,0.9518,1.60,0.50
2007.08.16 01:17:36.897,0.9515,0.9517,1.60,0.90
2007.08.16 01:17:37.843,0.9515,0.9518,1.60,0.80
2007.08.16 01:17:42.114,0.9515,0.9518,1.60,0.80
2007.08.16 01:17:43.120,0.9515,0.9518,1.60,26.30
2007.08.16 01:17:43.225,0.9515,0.9518,1.60,30.00
2007.08.16 01:17:43.308,0.9514,0.9517,10.40,0.60
2007.08.16 01:17:43.531,0.9514,0.9518,6.40,38.00
2007.08.16 01:17:43.632,0.9514,0.9518,10.30,37.90
2007.08.16 01:17:43.741,0.9514,0.9517,14.40,0.60
2007.08.16 01:17:43.974,0.9515,0.9518,1.60,30.40
2007.08.16 01:17:44.171,0.9515,0.9518,1.60,0.70
2007.08.16 01:17:44.268,0.9514,0.9519,18.40,41.00
2007.08.16 01:17:44.308,0.9514,0.9518,26.40,0.90
2007.08.16 01:17:45.760,0.9514,0.9518,22.30,32.10
2007.08.16 01:17:45.827,0.9514,0.9518,18.40,32.20
2007.08.16 01:17:45.882,0.9514,0.9518,18.40,32.20
2007.08.16 01:17:45.959,0.9514,0.9517,10.40,0.50
2007.08.16 01:17:45.977,0.9514,0.9518,6.40,40.20
2007.08.16 01:17:46.181,0.9514,0.9518,6.40,40.20
2007.08.16 01:17:47.221,0.9514,0.9518,6.40,32.20
2007.08.16 01:17:47.344,0.9514,0.9518,6.40,40.10
2007.08.16 01:17:47.542,0.9514,0.9517,10.40,0.60
2007.08.16 01:17:47.649,0.9514,0.9518,10.40,32.10
2007.08.16 01:17:47.787,0.9514,0.9518,14.30,32.10
2007.08.16 01:17:47.865,0.9515,0.9517,1.60,0.90
2007.08.16 01:17:52.186,0.9515,0.9517,1.60,9.60
2007.08.16 01:17:52.266,0.9515,0.9517,1.60,23.40
2007.08.16 01:17:52.381,0.9514,0.9517,10.40,23.40
2007.08.16 01:17:52.476,0.9514,0.9517,6.40,23.40
2007.08.16 01:17:52.571,0.9514,0.9517,6.40,27.40
2007.08.16 01:17:52.872,0.9514,0.9516,6.40,1.60
2007.08.16 01:17:55.784,0.9514,0.9517,2.40,37.60
2007.08.16 01:17:55.798,0.9514,0.9517,1.60,38.40
2007.08.16 01:17:55.880,0.9513,0.9516,20.20,1.60
2007.08.16 01:17:56.717,0.9514,0.9516,3.90,1.60
2007.08.16 01:17:56.830,0.9514,0.9516,7.90,1.60
2007.08.16 01:17:56.935,0.9514,0.9517,9.50,10.40
2007.08.16 01:17:57.039,0.9514,0.9517,13.50,6.40
2007.08.16 01:17:57.228,0.9514,0.9517,9.60,10.40
2007.08.16 01:17:57.244,0.9514,0.9517,5.60,26.40
2007.08.16 01:17:57.362,0.9514,0.9517,4.00,26.40
2007.08.16 01:17:57.467,0.9513,0.9517,22.40,26.40
2007.08.16 01:17:57.562,0.9513,0.9517,18.40,30.40
2007.08.16 01:18:01.264,0.9513,0.9517,18.40,32.20
2007.08.16 01:18:01.680,0.9513,0.9516,18.40,11.90
2007.08.16 01:18:01.906,0.9513,0.9516,18.40,15.90
2007.08.16 01:18:02.628,0.9513,0.9516,18.40,19.90
2007.08.16 01:18:10.396,0.9513,0.9516,18.40,21.50
2007.08.16 01:18:12.266,0.9513,0.9516,18.40,19.90
2007.08.16 01:18:13.723,0.9513,0.9516,13.60,24.70
2007.08.16 01:18:13.743,0.9513,0.9516,9.60,28.80
2007.08.16 01:18:13.848,0.9513,0.9516,5.60,28.80
2007.08.16 01:18:14.263,0.9513,0.9516,1.60,28.80
2007.08.16 01:18:14.387,0.9513,0.9516,1.60,30.40
2007.08.16 01:18:15.663,0.9513,0.9516,2.40,29.60
2007.08.16 01:18:15.732,0.9513,0.9516,6.40,25.60
2007.08.16 01:18:15.851,0.9513,0.9516,10.40,24.00
2007.08.16 01:18:16.031,0.9513,0.9516,5.10,24.00
2007.08.16 01:18:16.272,0.9512,0.9516,31.10,20.00
2007.08.16 01:18:17.701,0.9512,0.9516,30.40,24.80
2007.08.16 01:18:17.850,0.9512,0.9516,30.30,24.80
2007.08.16 01:18:18.059,0.9512,0.9516,15.00,24.80
2007.08.16 01:18:22.387,0.9511,0.9516,43.00,26.40
2007.08.16 01:18:22.818,0.9511,0.9515,35.10,11.90
2007.08.16 01:18:22.989,0.9512,0.9515,9.70,11.90
2007.08.16 01:18:23.115,0.9512,0.9515,8.50,15.90
2007.08.16 01:18:23.234,0.95115,0.9515,26.30,20.00
2007.08.16 01:18:23.327,0.95115,0.9515,26.30,21.60
2007.08.16 01:18:25.738,0.95115,0.9515,21.60,26.40
2007.08.16 01:18:25.783,0.95115,0.9515,17.60,26.40
2007.08.16 01:18:25.893,0.9512,0.9515,2.40,26.40
2007.08.16 01:18:26.094,0.95105,0.9515,26.30,26.40
2007.08.16 01:18:27.172,0.9511,0.9515,9.30,21.60
2007.08.16 01:18:27.259,0.95105,0.9515,30.40,17.50
2007.08.16 01:18:27.360,0.9511,0.9515,5.20,17.50
2007.08.16 01:18:27.473,0.9511,0.9515,1.10,4.00
2007.08.16 01:18:27.774,0.951,0.9516,43.20,38.40
2007.08.16 01:18:28.705,0.9511,0.9516,43.20,38.40
2007.08.16 01:18:28.779,0.9511,0.9516,43.20,30.40
2007.08.16 01:18:28.825,0.9512,0.9516,0.90,18.40
2007.08.16 01:18:28.922,0.9512,0.9516,6.50,18.40
2007.08.16 01:18:29.039,0.95115,0.9516,30.30,18.40
2007.08.16 01:18:29.217,0.9512,0.9516,7.10,18.40
2007.08.16 01:18:29.358,0.95115,0.9516,36.80,18.40
2007.08.16 01:18:29.977,0.9512,0.9516,9.00,18.40
2007.08.16 01:18:30.239,0.9512,0.9516,5.00,18.40
2007.08.16 01:18:30.281,0.95115,0.9516,17.60,30.40
2007.08.16 01:18:30.394,0.9511,0.9516,42.30,38.40
2007.08.16 01:18:30.401,0.9511,0.9516,42.40,38.40
2007.08.16 01:18:30.511,0.951,0.9516,43.20,38.40
2007.08.16 01:18:32.240,0.9511,0.9515,19.40,4.70
2007.08.16 01:18:32.333,0.9511,0.9515,10.90,30.60
2007.08.16 01:18:32.425,0.951,0.9515,43.10,32.20
2007.08.16 01:18:32.449,0.951,0.9515,35.10,40.20
2007.08.16 01:18:32.534,0.951,0.9515,35.10,40.20
2007.08.16 01:18:32.640,0.951,0.9515,35.10,40.20
2007.08.16 01:18:32.851,0.951,0.9514,35.10,3.90
2007.08.16 01:18:33.026,0.951,0.9514,35.10,5.50
2007.08.16 01:18:34.275,0.9511,0.9514,1.60,6.30
2007.08.16 01:18:34.346,0.951,0.9514,22.30,22.30
2007.08.16 01:18:34.429,0.95095,0.9514,26.40,26.40
2007.08.16 01:18:34.534,0.951,0.9514,7.20,26.40
2007.08.16 01:18:34.647,0.95095,0.9514,18.40,30.40
2007.08.16 01:18:34.854,0.95095,0.9514,16.80,30.40
2007.08.16 01:18:35.614,0.9509,0.9514,44.70,30.40
2007.08.16 01:18:35.698,0.9509,0.9514,42.30,30.40
2007.08.16 01:18:35.711,0.9508,0.9514,42.40,30.40
2007.08.16 01:18:35.816,0.9508,0.9514,42.30,30.40
2007.08.16 01:18:35.826,0.9508,0.95135,42.30,8.00
2007.08.16 01:18:35.923,0.9509,0.9513,4.10,4.00
2007.08.16 01:18:36.026,0.9509,0.9513,5.50,4.00
2007.08.16 01:18:36.229,0.9508,0.9513,38.40,4.00
2007.08.16 01:18:36.636,0.9508,0.9513,38.40,4.80
2007.08.16 01:18:36.757,0.9507,0.9513,43.20,16.70
2007.08.16 01:18:36.986,0.9508,0.9513,13.00,18.30
2007.08.16 01:18:37.309,0.9507,0.9513,43.20,26.40
2007.08.16 01:18:37.686,0.9509,0.9513,0.80,25.60
2007.08.16 01:18:37.785,0.9508,0.9513,39.10,21.60
2007.08.16 01:18:37.912,0.9509,0.9513,1.20,21.60
2007.08.16 01:18:37.941,0.9508,0.9513,43.20,4.00
2007.08.16 01:18:38.683,0.9509,0.9514,44.80,30.40
2007.08.16 01:18:40.478,0.9509,0.9514,42.40,30.40
2007.08.16 01:18:42.702,0.951,0.9514,1.50,30.40
2007.08.16 01:18:42.731,0.951,0.9514,1.60,25.60
2007.08.16 01:18:42.813,0.951,0.9514,15.10,21.50
2007.08.16 01:18:42.914,0.9511,0.9514,6.40,15.90
2007.08.16 01:18:43.959,0.9511,0.9514,14.40,13.50
2007.08.16 01:18:44.030,0.9511,0.9514,10.40,17.50
2007.08.16 01:18:45.336,0.9511,0.9514,10.40,15.90
2007.08.16 01:18:46.431,0.9511,0.9514,10.40,17.50
2007.08.16 01:18:46.521,0.9511,0.9514,6.40,21.50
2007.08.16 01:18:46.840,0.9511,0.9514,6.40,25.50
2007.08.16 01:18:48.300,0.9511,0.9514,8.20,9.50
2007.08.16 01:18:48.422,0.9511,0.9514,12.20,9.50
2007.08.16 01:18:48.527,0.9512,0.9514,1.60,9.50
2007.08.16 01:18:48.739,0.9512,0.9514,1.60,5.50
2007.08.16 01:18:48.774,0.9512,0.9514,1.60,1.60
2007.08.16 01:18:49.717,0.9512,0.9514,1.60,5.50
2007.08.16 01:18:49.893,0.9511,0.9514,10.40,8.00
2007.08.16 01:18:50.185,0.9511,0.9514,6.40,8.00
2007.08.16 01:18:50.735,0.9511,0.9514,10.30,8.00
2007.08.16 01:18:50.824,0.9511,0.9514,26.40,3.90
2007.08.16 01:18:50.842,0.9511,0.9515,26.40,14.40
2007.08.16 01:18:50.936,0.9511,0.9515,24.80,12.80
2007.08.16 01:18:51.007,0.9511,0.9515,28.80,12.80
2007.08.16 01:18:51.201,0.9511,0.9515,28.80,4.80
2007.08.16 01:18:51.244,0.9511,0.9515,32.80,0.80
2007.08.16 01:18:51.668,0.9511,0.9516,32.80,42.40
2007.08.16 01:18:52.082,0.9511,0.9516,32.80,38.40
2007.08.16 01:18:52.171,0.9512,0.9516,0.80,38.40
2007.08.16 01:18:52.235,0.9512,0.9516,0.80,30.40
2007.08.16 01:18:52.307,0.9512,0.9515,16.70,1.60
2007.08.16 01:18:52.408,0.9512,0.9516,16.70,14.40
2007.08.16 01:18:52.727,0.9512,0.9516,20.70,14.40
2007.08.16 01:18:52.783,0.9512,0.9515,23.90,0.80
2007.08.16 01:18:52.835,0.9512,0.9515,11.90,14.50
2007.08.16 01:18:52.929,0.9512,0.9514,7.90,1.60
2007.08.16 01:18:53.150,0.9512,0.9514,3.90,1.60
2007.08.16 01:18:53.199,0.9511,0.9514,24.20,1.60
2007.08.16 01:18:54.720,0.9512,0.9514,0.80,1.60
2007.08.16 01:18:54.840,0.9512,0.9514,4.70,1.60
2007.08.16 01:18:54.935,0.9512,0.9514,20.70,1.60
2007.08.16 01:18:55.042,0.9512,0.9515,20.70,4.00
2007.08.16 01:18:55.252,0.9512,0.9516,24.70,18.40
2007.08.16 01:18:55.876,0.9512,0.9516,28.70,14.40
2007.08.16 01:18:55.983,0.9512,0.9516,30.30,14.40
2007.08.16 01:18:57.152,0.9512,0.9516,25.50,14.40
2007.08.16 01:18:57.252,0.9512,0.9516,9.60,26.40
2007.08.16 01:18:57.351,0.9512,0.9516,4.00,30.40
2007.08.16 01:18:57.556,0.9512,0.9516,4.00,38.40
2007.08.16 01:18:57.677,0.9511,0.9516,34.40,38.40
2007.08.16 01:18:59.304,0.9511,0.9516,34.40,0.90
2007.08.16 01:19:00.189,0.9511,0.9516,34.40,0.80
2007.08.16 01:19:00.231,0.9511,0.9515,34.40,0.80
2007.08.16 01:19:00.299,0.9511,0.9516,22.40,40.90
2007.08.16 01:19:00.512,0.9511,0.9516,22.40,43.10
2007.08.16 01:19:00.717,0.9511,0.95155,22.40,26.30
2007.08.16 01:19:00.845,0.9511,0.9515,22.40,0.90
2007.08.16 01:19:01.684,0.9511,0.95155,22.40,25.50
2007.08.16 01:19:01.777,0.9511,0.95155,34.40,13.60
2007.08.16 01:19:01.974,0.9511,0.9516,34.40,38.40
2007.08.16 01:19:02.745,0.9511,0.9517,34.40,43.20
2007.08.16 01:19:03.272,0.9511,0.9515,22.40,0.70
2007.08.16 01:19:03.381,0.9511,0.9515,18.40,0.90
2007.08.16 01:19:03.495,0.9512,0.9515,5.60,0.70
2007.08.16 01:19:03.662,0.9512,0.9516,5.60,43.10
2007.08.16 01:19:03.709,0.9512,0.9516,9.60,40.90
2007.08.16 01:19:03.915,0.9512,0.9516,13.60,40.80
2007.08.16 01:19:03.937,0.9512,0.9516,17.60,40.80
2007.08.16 01:19:04.653,0.9512,0.9515,18.40,0.70
2007.08.16 01:19:04.779,0.9512,0.9515,30.40,0.70
2007.08.16 01:19:04.867,0.9513,0.9515,3.90,0.90
2007.08.16 01:19:04.890,0.9513,0.9515,7.90,0.80
2007.08.16 01:19:04.989,0.9513,0.9516,7.90,24.20
2007.08.16 01:19:05.388,0.9513,0.9516,9.50,16.20
2007.08.16 01:19:05.700,0.9513,0.9517,9.50,32.90
2007.08.16 01:19:06.712,0.9513,0.9516,5.60,0.90
2007.08.16 01:19:06.800,0.9513,0.9516,1.60,0.80
2007.08.16 01:19:06.978,0.9512,0.95165,33.60,26.40
2007.08.16 01:19:07.918,0.9512,0.95165,29.60,26.40
2007.08.16 01:19:08.160,0.9512,0.9516,25.60,19.20
2007.08.16 01:19:08.238,0.9512,0.9515,21.60,0.80
2007.08.16 01:19:08.269,0.9512,0.9516,21.60,20.90
2007.08.16 01:19:08.488,0.9512,0.9516,8.00,40.90
2007.08.16 01:19:08.558,0.9512,0.9516,4.00,43.10
2007.08.16 01:19:08.669,0.9512,0.9515,4.00,23.10
2007.08.16 01:19:08.773,0.9512,0.9515,4.00,31.00
2007.08.16 01:19:08.888,0.9512,0.9515,4.00,32.80
2007.08.16 01:19:08.998,0.9512,0.9515,4.00,32.80
2007.08.16 01:19:09.817,0.9512,0.9515,4.00,32.00
2007.08.16 01:19:09.840,0.9512,0.9515,4.00,32.00
2007.08.16 01:19:10.249,0.9512,0.9515,8.00,36.10
2007.08.16 01:19:10.370,0.9512,0.9514,13.60,0.70
2007.08.16 01:19:10.736,0.9512,0.9514,9.60,0.90
2007.08.16 01:19:10.813,0.9512,0.9515,9.60,24.10
2007.08.16 01:19:11.014,0.9512,0.9515,9.60,24.10
2007.08.16 01:19:11.439,0.9512,0.9516,9.60,40.90
2007.08.16 01:19:12.261,0.9512,0.9514,9.60,0.90
2007.08.16 01:19:12.279,0.9512,0.9514,5.60,0.70
2007.08.16 01:19:12.384,0.9512,0.9515,5.60,40.10
2007.08.16 01:19:12.702,0.9512,0.9514,5.60,0.60
2007.08.16 01:19:13.212,0.9512,0.9515,5.60,29.90
2007.08.16 01:19:13.346,0.9512,0.9515,5.60,37.80
2007.08.16 01:19:13.706,0.9512,0.9514,5.60,0.60
2007.08.16 01:19:13.762,0.9512,0.9515,9.60,24.10
2007.08.16 01:19:14.284,0.9512,0.9516,9.60,40.90
2007.08.16 01:19:14.748,0.9512,0.9515,9.60,24.00
2007.08.16 01:19:14.799,0.9512,0.9514,5.60,0.80
2007.08.16 01:19:14.909,0.9512,0.9515,5.60,32.10
2007.08.16 01:19:15.367,0.9512,0.9514,5.60,0.60
2007.08.16 01:19:15.439,0.9512,0.9514,4.00,0.80
2007.08.16 01:19:15.947,0.9512,0.9515,4.00,32.80
2007.08.16 01:19:16.195,0.9512,0.9514,8.00,0.80
2007.08.16 01:19:16.275,0.9512,0.9514,12.00,0.90
2007.08.16 01:19:16.287,0.9512,0.9515,12.80,25.50
2007.08.16 01:19:16.382,0.9512,0.9515,18.40,17.50
2007.08.16 01:19:16.689,0.9512,0.9514,17.60,0.50
2007.08.16 01:19:16.909,0.9512,0.9516,17.60,40.90
2007.08.16 01:19:23.670,0.9512,0.9516,18.40,40.10
2007.08.16 01:19:23.726,0.9512,0.9516,30.40,30.40
2007.08.16 01:19:23.949,0.9512,0.9516,30.40,18.40
2007.08.16 01:19:24.685,0.9512,0.95165,30.40,26.40
2007.08.16 01:19:26.695,0.9513,0.9516,0.80,17.60
2007.08.16 01:19:26.943,0.9513,0.9516,2.40,17.60
2007.08.16 01:19:27.293,0.9513,0.9516,6.30,13.60
2007.08.16 01:19:27.366,0.9513,0.9516,4.70,13.60
2007.08.16 01:19:28.285,0.9513,0.9516,6.30,13.60
2007.08.16 01:19:32.752,0.9513,0.9516,5.50,14.40
2007.08.16 01:19:34.412,0.9513,0.9516,3.90,14.40
2007.08.16 01:19:35.442,0.9513,0.9516,5.50,14.40
2007.08.16 01:19:35.607,0.9513,0.9516,6.30,13.60
2007.08.16 01:19:36.417,0.9513,0.9516,2.40,17.60
2007.08.16 01:19:36.494,0.9513,0.9516,0.80,17.60
2007.08.16 01:19:37.390,0.9512,0.9516,27.10,17.60
2007.08.16 01:19:39.362,0.9512,0.9516,12.70,18.40
2007.08.16 01:19:39.408,0.9511,0.9516,40.90,18.40
2007.08.16 01:19:39.515,0.9511,0.9516,40.90,14.40
2007.08.16 01:19:39.963,0.9512,0.9516,32.00,10.40
2007.08.16 01:19:40.190,0.9512,0.9516,32.80,9.60
2007.08.16 01:19:41.104,0.9512,0.9516,32.00,9.60
2007.08.16 01:19:41.228,0.9512,0.9516,15.90,14.40
2007.08.16 01:19:41.311,0.9512,0.9516,6.10,14.40
2007.08.16 01:19:41.414,0.9511,0.9516,43.20,14.40
2007.08.16 01:19:41.617,0.9512,0.9516,35.20,13.60
2007.08.16 01:19:41.822,0.9512,0.9516,5.60,13.60
2007.08.16 01:19:41.918,0.9511,0.9516,37.00,14.40
2007.08.16 01:19:42.009,0.9511,0.95155,29.00,8.00
2007.08.16 01:19:42.029,0.9512,0.9515,2.30,11.90
2007.08.16 01:19:42.354,0.9511,0.9515,9.60,15.90
2007.08.16 01:19:42.990,0.9511,0.9515,23.10,4.00
2007.08.16 01:19:43.296,0.9511,0.9516,27.10,38.40
2007.08.16 01:19:44.868,0.9511,0.9516,31.20,40.20
2007.08.16 01:19:44.916,0.9512,0.9515,1.10,0.80
2007.08.16 01:19:44.962,0.9512,0.9515,2.30,12.70
2007.08.16 01:19:45.222,0.9512,0.9515,0.70,11.90
2007.08.16 01:19:45.310,0.9511,0.9515,23.20,11.90
2007.08.16 01:19:45.426,0.9511,0.9515,19.20,17.50
2007.08.16 01:19:45.438,0.9511,0.9515,19.20,21.50
2007.08.16 01:19:45.522,0.9511,0.9515,19.20,25.60
2007.08.16 01:19:45.735,0.9511,0.9515,2.20,26.40
2007.08.16 01:19:47.367,0.951,0.9515,32.10,26.40
2007.08.16 01:19:47.405,0.951,0.9515,42.30,30.40
2007.08.16 01:19:47.524,0.9511,0.9515,2.10,30.40
2007.08.16 01:19:47.619,0.951,0.9515,15.90,30.40
2007.08.16 01:19:49.724,0.9511,0.9515,1.60,29.60
2007.08.16 01:19:50.318,0.9511,0.9515,5.60,28.00
2007.08.16 01:19:51.690,0.951,0.9515,42.40,28.80
2007.08.16 01:19:51.744,0.9509,0.9515,43.20,28.80
2007.08.16 01:19:51.905,0.95095,0.9515,38.40,36.80
2007.08.16 01:19:51.947,0.95095,0.9515,38.40,38.40
2007.08.16 01:19:52.101,0.951,0.9514,7.70,0.80
2007.08.16 01:19:52.720,0.95095,0.9515,38.40,42.40
2007.08.16 01:19:52.898,0.95095,0.9515,38.40,38.40
2007.08.16 01:19:53.633,0.95095,0.9514,38.40,0.80
2007.08.16 01:19:53.860,0.951,0.9514,11.40,4.80
2007.08.16 01:19:53.957,0.951,0.9514,11.20,6.40
2007.08.16 01:19:54.148,0.9512,0.9514,0.80,5.60
2007.08.16 01:19:54.249,0.9512,0.9514,0.80,9.50
2007.08.16 01:19:54.385,0.9511,0.9514,5.60,7.90
2007.08.16 01:19:54.684,0.9511,0.9514,5.60,11.90
2007.08.16 01:19:55.688,0.9512,0.9514,0.80,8.00
2007.08.16 01:19:55.830,0.9512,0.9514,1.30,4.00
2007.08.16 01:19:56.057,0.9512,0.9514,3.00,4.00
2007.08.16 01:19:56.676,0.9511,0.9515,25.00,25.60
2007.08.16 01:20:01.152,0.9512,0.9515,11.10,21.60
2007.08.16 01:20:01.319,0.9512,0.9515,15.20,17.50
2007.08.16 01:20:01.730,0.9513,0.9515,1.30,5.60
2007.08.16 01:20:01.936,0.9513,0.9515,1.50,4.00
2007.08.16 01:20:02.610,0.9513,0.9515,0.90,0.70
2007.08.16 01:20:02.677,0.9513,0.9516,0.80,0.90
2007.08.16 01:20:04.208,0.9513,0.9516,0.80,0.70
2007.08.16 01:20:04.416,0.9512,0.95165,14.40,40.20
2007.08.16 01:20:04.504,0.9512,0.9517,14.40,41.00
2007.08.16 01:20:04.622,0.9513,0.9515,4.00,0.50
2007.08.16 01:20:04.733,0.9512,0.9516,14.40,42.40
2007.08.16 01:20:04.966,0.9512,0.9515,10.40,0.90
2007.08.16 01:20:05.466,0.9512,0.9515,6.40,0.80
2007.08.16 01:20:05.761,0.9512,0.9515,10.40,0.70
2007.08.16 01:20:05.940,0.9512,0.9516,9.60,43.10
2007.08.16 01:20:05.989,0.9512,0.9516,8.00,43.10
2007.08.16 01:20:06.251,0.9512,0.9516,12.00,43.20
2007.08.16 01:20:06.288,0.9512,0.9515,21.60,0.80
2007.08.16 01:20:06.517,0.9512,0.9514,9.50,0.90
2007.08.16 01:20:06.602,0.9512,0.9515,7.90,28.10
2007.08.16 01:20:06.817,0.9512,0.9515,3.90,28.10
2007.08.16 01:20:06.856,0.951,0.9515,30.30,32.10
2007.08.16 01:20:07.023,0.951,0.9515,30.30,32.10
2007.08.16 01:20:07.226,0.951,0.9515,42.30,24.20
2007.08.16 01:20:07.991,0.9511,0.9515,0.80,24.20
2007.08.16 01:20:08.083,0.9512,0.95155,4.00,40.20
2007.08.16 01:20:08.201,0.9512,0.9516,4.80,40.20
2007.08.16 01:20:08.381,0.9512,0.9516,10.40,40.20
2007.08.16 01:20:10.213,0.9512,0.9516,10.40,42.40
2007.08.16 01:20:10.428,0.9512,0.9515,10.40,25.50
2007.08.16 01:20:22.919,0.9513,0.9515,0.80,25.50
2007.08.16 01:20:24.453,0.9512,0.9515,8.80,25.50
2007.08.16 01:20:25.157,0.9512,0.9515,8.80,25.50
2007.08.16 01:20:25.671,0.9512,0.9514,8.00,0.60
2007.08.16 01:20:28.690,0.9512,0.9515,8.80,25.50
2007.08.16 01:20:28.790,0.9512,0.9514,8.80,0.50
2007.08.16 01:20:28.992,0.9512,0.9515,10.40,25.60
2007.08.16 01:20:29.595,0.9512,0.9514,9.60,0.70
2007.08.16 01:20:29.729,0.9512,0.9514,9.60,0.50
2007.08.16 01:20:29.827,0.9512,0.9515,5.60,26.30
2007.08.16 01:20:29.956,0.9512,0.9515,4.00,26.30
2007.08.16 01:20:30.373,0.9512,0.9515,4.00,26.30
2007.08.16 01:20:30.880,0.9512,0.9514,4.00,11.90
2007.08.16 01:20:32.154,0.9512,0.9514,4.80,11.90
2007.08.16 01:20:32.333,0.9512,0.9514,6.40,11.90
2007.08.16 01:20:32.673,0.9513,0.9514,0.80,11.90
2007.08.16 01:20:33.289,0.9513,0.9515,0.80,25.60
2007.08.16 01:20:33.375,0.9513,0.9515,0.80,24.00
2007.08.16 01:20:34.199,0.9513,0.9515,0.80,20.00
2007.08.16 01:20:35.333,0.9513,0.9515,2.40,20.00
2007.08.16 01:20:35.654,0.9513,0.9515,2.40,4.00
2007.08.16 01:20:35.766,0.9513,0.9515,6.40,4.00
2007.08.16 01:20:35.978,0.9513,0.9516,6.40,11.90
2007.08.16 01:20:37.742,0.9513,0.9517,6.40,42.40
2007.08.16 01:20:37.953,0.9513,0.9517,6.40,34.40
2007.08.16 01:20:38.124,0.9514,0.9517,0.80,33.60
2007.08.16 01:20:38.164,0.9514,0.9517,0.80,29.60
2007.08.16 01:20:38.273,0.9514,0.9517,4.80,29.60
2007.08.16 01:20:38.373,0.9514,0.9517,4.80,28.00
2007.08.16 01:20:40.170,0.9514,0.9517,4.00,28.80
2007.08.16 01:20:40.913,0.9513,0.9517,10.40,30.40
2007.08.16 01:20:41.044,0.9513,0.9517,10.40,38.40
2007.08.16 01:20:41.767,0.9513,0.9517,6.40,38.40
2007.08.16 01:20:43.680,0.9513,0.9517,6.40,37.60
2007.08.16 01:20:43.787,0.9513,0.9517,6.40,33.60
2007.08.16 01:20:43.864,0.9513,0.9517,10.40,13.60
2007.08.16 01:20:43.883,0.9513,0.9517,10.40,5.60
2007.08.16 01:20:43.964,0.9513,0.9517,10.40,4.00
2007.08.16 01:20:43.985,0.9514,0.9517,0.80,4.00
2007.08.16 01:20:44.512,0.9515,0.9517,0.80,4.00
2007.08.16 01:20:44.600,0.9515,0.9518,0.80,41.60
2007.08.16 01:20:44.715,0.9515,0.9518,0.80,36.00
2007.08.16 01:20:44.780,0.9515,0.9518,0.80,28.00
2007.08.16 01:20:44.847,0.9515,0.9518,0.80,8.00
2007.08.16 01:20:45.039,0.9515,0.9518,0.80,4.00
2007.08.16 01:20:45.762,0.9515,0.9519,0.80,42.40
2007.08.16 01:20:46.300,0.9515,0.9519,22.60,26.30
2007.08.16 01:20:46.475,0.9517,0.9519,0.80,21.60
2007.08.16 01:20:46.542,0.9517,0.9519,0.80,4.00
2007.08.16 01:20:46.686,0.9516,0.9519,4.00,4.80
2007.08.16 01:20:46.764,0.9516,0.9519,4.00,8.70
2007.08.16 01:20:46.832,0.9516,0.9519,4.00,12.80
2007.08.16 01:20:46.928,0.9516,0.9519,5.60,14.40
2007.08.16 01:20:47.120,0.9516,0.9519,6.40,13.60
2007.08.16 01:20:47.252,0.9516,0.9519,6.40,25.60
2007.08.16 01:20:48.227,0.9516,0.9519,5.60,26.40
2007.08.16 01:20:48.254,0.9515,0.9519,18.30,28.80
2007.08.16 01:20:48.289,0.9515,0.9519,16.70,30.40
2007.08.16 01:20:48.456,0.9516,0.9519,0.80,29.60
2007.08.16 01:20:48.665,0.9516,0.9519,0.80,37.60
2007.08.16 01:20:49.018,0.9516,0.9518,0.80,4.00
2007.08.16 01:20:50.911,0.9516,0.9518,4.80,4.00
2007.08.16 01:20:51.035,0.9516,0.9518,8.80,4.00
2007.08.16 01:20:51.744,0.9516,0.9519,8.80,5.60
2007.08.16 01:20:51.972,0.9516,0.9519,8.80,4.00
2007.08.16 01:20:52.081,0.9516,0.9519,8.80,15.90
2007.08.16 01:20:52.178,0.9516,0.9519,10.40,17.50
2007.08.16 01:20:52.381,0.9516,0.9519,6.40,17.50
2007.08.16 01:20:52.548,0.9516,0.9519,6.40,21.50
2007.08.16 01:20:52.621,0.9516,0.9519,6.40,25.60
2007.08.16 01:20:53.799,0.9516,0.9519,10.40,25.60
2007.08.16 01:20:54.355,0.9517,0.9519,1.60,25.60
2007.08.16 01:20:55.162,0.9517,0.9519,2.40,25.60
2007.08.16 01:20:55.387,0.9517,0.9519,2.40,24.00
2007.08.16 01:20:55.760,0.9517,0.9519,2.40,20.00
2007.08.16 01:20:55.823,0.9517,0.9519,2.40,8.00
2007.08.16 01:20:56.022,0.9517,0.9519,6.40,8.00
2007.08.16 01:20:56.271,0.9517,0.9519,6.40,20.00
2007.08.16 01:20:56.449,0.9517,0.9519,2.40,20.00
2007.08.16 01:20:57.715,0.9518,0.9519,0.80,15.90
2007.08.16 01:20:57.804,0.9518,0.9519,0.80,4.00
2007.08.16 01:20:58.340,0.9518,0.9519,2.40,4.00
2007.08.16 01:20:58.763,0.9518,0.952,6.40,4.00
2007.08.16 01:20:58.979,0.9518,0.9521,6.40,24.00
2007.08.16 01:20:59.699,0.9518,0.9521,4.80,24.00
2007.08.16 01:20:59.898,0.9518,0.9521,6.40,24.00
2007.08.16 01:21:00.179,0.9518,0.9521,10.30,20.00
2007.08.16 01:21:00.479,0.9518,0.9521,6.30,20.00
2007.08.16 01:21:01.788,0.9518,0.9521,6.30,8.00
2007.08.16 01:21:02.214,0.9518,0.9521,10.40,4.00
2007.08.16 01:21:02.848,0.9518,0.9521,10.40,11.90
2007.08.16 01:21:03.674,0.9518,0.9521,10.40,15.90
2007.08.16 01:21:04.906,0.9518,0.9521,10.40,4.00
2007.08.16 01:21:05.817,0.9518,0.9522,10.40,30.40
2007.08.16 01:21:06.666,0.9518,0.9522,10.40,29.60
2007.08.16 01:21:06.762,0.9518,0.9522,10.40,25.50
2007.08.16 01:21:06.774,0.9518,0.9522,10.40,21.50
2007.08.16 01:21:07.141,0.9518,0.9523,10.40,42.30
2007.08.16 01:21:07.277,0.9518,0.9523,10.40,42.40
2007.08.16 01:21:07.327,0.95185,0.9522,8.00,0.90
2007.08.16 01:21:07.399,0.95185,0.9523,8.00,30.40
2007.08.16 01:21:07.483,0.9519,0.9522,0.80,0.80
2007.08.16 01:21:07.690,0.9519,0.9524,0.80,43.20
2007.08.16 01:21:07.905,0.9519,0.9524,2.40,43.20
2007.08.16 01:21:08.341,0.9519,0.9523,14.30,0.90
2007.08.16 01:21:08.434,0.9519,0.9522,14.30,0.90
2007.08.16 01:21:08.748,0.9519,0.9523,2.40,30.40
2007.08.16 01:21:08.963,0.9519,0.95235,0.80,38.40
2007.08.16 01:21:09.137,0.9518,0.9523,26.40,31.20
2007.08.16 01:21:09.228,0.9518,0.9522,26.40,0.70
2007.08.16 01:21:09.277,0.9519,0.9523,11.90,25.00
2007.08.16 01:21:09.486,0.9519,0.9522,13.50,0.80
2007.08.16 01:21:09.644,0.9519,0.9522,14.30,0.90
2007.08.16 01:21:09.700,0.9519,0.9523,20.10,24.40
2007.08.16 01:21:09.797,0.9519,0.9522,10.40,0.60
2007.08.16 01:21:09.919,0.9519,0.9522,6.40,15.40
2007.08.16 01:21:10.028,0.9519,0.9521,10.40,0.60
2007.08.16 01:21:10.191,0.9519,0.9522,18.40,15.40
2007.08.16 01:21:10.257,0.9519,0.9522,22.30,11.40
2007.08.16 01:21:10.316,0.9519,0.9522,22.30,0.60
2007.08.16 01:21:10.633,0.9519,0.9523,18.30,29.90
2007.08.16 01:21:10.692,0.9519,0.9523,10.30,29.90
2007.08.16 01:21:10.751,0.9519,0.9522,16.10,23.40
2007.08.16 01:21:10.773,0.9519,0.9522,12.20,27.40
2007.08.16 01:21:11.010,0.9519,0.9522,8.20,0.70
2007.08.16 01:21:11.034,0.9519,0.9523,8.20,32.20
2007.08.16 01:21:11.081,0.952,0.9523,0.80,31.40
2007.08.16 01:21:11.122,0.952,0.9523,0.80,21.20
2007.08.16 01:21:11.215,0.952,0.9522,2.40,0.50
2007.08.16 01:21:11.281,0.952,0.9522,2.40,0.70
2007.08.16 01:21:11.535,0.952,0.9523,2.40,31.30
2007.08.16 01:21:12.283,0.952,0.9523,2.40,27.40
2007.08.16 01:21:12.425,0.952,0.9523,6.30,11.40
2007.08.16 01:21:12.590,0.952,0.9523,10.30,11.40
2007.08.16 01:21:12.741,0.9521,0.9523,0.80,11.40
2007.08.16 01:21:12.815,0.9521,0.9523,0.80,0.70
2007.08.16 01:21:13.001,0.9521,0.9525,0.80,32.20
2007.08.16 01:21:13.066,0.952,0.9525,32.20,33.00
2007.08.16 01:21:13.228,0.952,0.9524,28.20,0.50
2007.08.16 01:21:13.272,0.9521,0.9524,3.90,0.80
2007.08.16 01:21:13.340,0.9521,0.9524,3.90,28.20
2007.08.16 01:21:13.600,0.9521,0.9523,4.70,0.60
2007.08.16 01:21:13.759,0.9521,0.9524,4.70,0.50
2007.08.16 01:21:13.856,0.9521,0.9525,4.70,32.10
2007.08.16 01:21:15.330,0.9521,0.9525,6.30,32.10
2007.08.16 01:21:15.741,0.9521,0.9524,16.20,0.50
2007.08.16 01:21:15.836,0.9521,0.9525,20.20,26.40
2007.08.16 01:21:15.927,0.9522,0.9524,0.80,0.50
2007.08.16 01:21:15.960,0.9522,0.9524,0.80,0.70
2007.08.16 01:21:16.366,0.9522,0.9525,0.80,25.60
2007.08.16 01:21:16.572,0.9522,0.9525,0.80,25.60
2007.08.16 01:21:17.321,0.9522,0.9526,0.80,40.20
2007.08.16 01:21:19.412,0.9522,0.9525,0.80,25.60
2007.08.16 01:21:20.239,0.9522,0.9524,4.70,0.90
2007.08.16 01:21:20.249,0.9522,0.9524,8.80,0.70
2007.08.16 01:21:20.366,0.9522,0.9525,12.80,0.50
2007.08.16 01:21:20.677,0.9522,0.9525,12.80,0.70
2007.08.16 01:21:20.783,0.9522,0.95265,8.80,38.60
2007.08.16 01:21:20.879,0.9522,0.9525,8.80,0.60
2007.08.16 01:21:21.167,0.9522,0.9526,4.00,32.90
2007.08.16 01:21:21.842,0.9522,0.9525,4.00,6.30
2007.08.16 01:21:22.095,0.9522,0.9526,8.80,0.50
2007.08.16 01:21:22.171,0.9522,0.95265,8.80,38.60
2007.08.16 01:21:22.238,0.9522,0.9526,8.80,34.40
2007.08.16 01:21:22.613,0.9523,0.9526,3.90,30.40
2007.08.16 01:21:22.676,0.9523,0.9526,8.00,10.40
2007.08.16 01:21:22.723,0.9524,0.9525,0.80,0.90
2007.08.16 01:21:22.785,0.9524,0.9527,0.80,25.60
2007.08.16 01:21:22.896,0.9524,0.9526,4.80,0.80
2007.08.16 01:21:23.120,0.9524,0.9526,8.70,0.70
2007.08.16 01:21:23.140,0.9524,0.9526,8.80,0.50
2007.08.16 01:21:23.366,0.9524,0.9527,20.80,0.90
2007.08.16 01:21:23.460,0.9524,0.9528,26.40,12.80
2007.08.16 01:21:23.948,0.9524,0.9528,30.40,0.80
2007.08.16 01:21:24.017,0.9524,0.953,38.40,43.20
2007.08.16 01:21:24.110,0.9524,0.9529,26.40,38.30
2007.08.16 01:21:24.155,0.9524,0.95285,18.40,25.60
2007.08.16 01:21:24.167,0.9524,0.95285,18.40,30.40
2007.08.16 01:21:24.229,0.9524,0.9528,18.40,30.00
2007.08.16 01:21:24.321,0.9524,0.9526,14.40,0.80
2007.08.16 01:21:24.434,0.9524,0.9527,10.40,7.40
2007.08.16 01:21:24.636,0.9524,0.9527,22.40,7.40
2007.08.16 01:21:24.771,0.9524,0.95285,14.40,13.60
2007.08.16 01:21:24.885,0.9525,0.9528,4.00,0.80
2007.08.16 01:21:25.055,0.95245,0.9528,8.00,0.80
2007.08.16 01:21:25.069,0.9525,0.9529,4.00,0.80
2007.08.16 01:21:25.165,0.9525,0.9529,4.00,0.50
2007.08.16 01:21:25.190,0.9525,0.953,4.00,39.10
2007.08.16 01:21:25.400,0.9525,0.953,4.00,39.10
2007.08.16 01:21:25.703,0.9525,0.9528,4.00,1.60
2007.08.16 01:21:25.826,0.9525,0.9527,4.00,1.60
2007.08.16 01:21:25.917,0.9524,0.9526,12.00,0.80
2007.08.16 01:21:25.929,0.9524,0.9527,4.00,1.60
2007.08.16 01:21:26.335,0.9523,0.9526,37.60,0.80
2007.08.16 01:21:26.451,0.9523,0.9526,29.60,0.80
2007.08.16 01:21:26.620,0.9524,0.9527,0.80,0.60
2007.08.16 01:21:26.648,0.9524,0.9527,0.80,0.50
2007.08.16 01:21:26.741,0.9524,0.95275,4.70,25.50
2007.08.16 01:21:26.766,0.9524,0.95275,4.70,13.60
2007.08.16 01:21:26.877,0.9524,0.9527,8.80,0.70
2007.08.16 01:21:26.982,0.9524,0.9527,8.80,0.90
2007.08.16 01:21:27.153,0.9524,0.9528,8.00,27.10
2007.08.16 01:21:27.281,0.9524,0.9528,16.00,27.10
2007.08.16 01:21:27.415,0.9524,0.9527,17.60,0.80
2007.08.16 01:21:27.770,0.9526,0.9528,0.80,33.60
2007.08.16 01:21:27.829,0.9526,0.9528,0.80,0.70
2007.08.16 01:21:27.860,0.9526,0.9528,4.70,0.80
2007.08.16 01:21:27.940,0.9526,0.9528,4.70,0.70
2007.08.16 01:21:28.191,0.9526,0.9528,3.90,0.60
2007.08.16 01:21:28.375,0.9526,0.9528,3.90,0.80
2007.08.16 01:21:28.722,0.9526,0.9528,3.90,0.70
2007.08.16 01:21:28.829,0.9525,0.9529,25.60,27.20
2007.08.16 01:21:28.905,0.9525,0.9529,20.00,31.20
2007.08.16 01:21:29.213,0.9525,0.9529,16.00,31.10
2007.08.16 01:21:29.389,0.9525,0.9528,12.00,0.80
2007.08.16 01:21:29.662,0.9525,0.9529,12.00,35.10
2007.08.16 01:21:29.756,0.9525,0.9528,12.00,15.20
2007.08.16 01:21:29.778,0.9525,0.9527,4.00,0.80
2007.08.16 01:21:29.809,0.9524,0.9528,29.60,13.50
2007.08.16 01:21:29.989,0.9525,0.9528,4.00,9.50
2007.08.16 01:21:30.382,0.9525,0.9528,4.00,0.50
2007.08.16 01:21:30.437,0.9525,0.9528,4.00,13.50
2007.08.16 01:21:30.859,0.9524,0.9527,19.90,0.50
2007.08.16 01:21:31.286,0.9524,0.9527,8.00,0.80
2007.08.16 01:21:31.381,0.9524,0.9528,4.00,41.60
2007.08.16 01:21:31.898,0.9523,0.9527,28.00,0.50
2007.08.16 01:21:32.726,0.9523,0.9528,33.80,41.60
2007.08.16 01:21:32.851,0.9524,0.9528,15.90,25.60
2007.08.16 01:21:33.274,0.9524,0.9528,4.00,37.60
2007.08.16 01:21:33.367,0.9523,0.9527,28.00,0.70
2007.08.16 01:21:33.689,0.9523,0.9528,16.00,41.50
2007.08.16 01:21:33.796,0.9523,0.9527,17.60,0.90
2007.08.16 01:21:33.889,0.9523,0.9527,16.00,17.50
2007.08.16 01:21:34.008,0.9523,0.9526,12.00,0.70
2007.08.16 01:21:34.177,0.9523,0.9526,12.00,3.20
2007.08.16 01:21:34.776,0.9523,0.9525,8.00,0.80
2007.08.16 01:21:35.256,0.9523,0.9526,4.00,33.00
2007.08.16 01:21:35.296,0.9523,0.9526,4.00,32.90
2007.08.16 01:21:35.389,0.9522,0.9525,13.60,0.90
2007.08.16 01:21:35.602,0.9522,0.9526,9.60,32.90
2007.08.16 01:21:35.892,0.9522,0.9526,5.60,32.90
2007.08.16 01:21:36.313,0.9522,0.9525,4.00,0.50
2007.08.16 01:21:36.654,0.9522,0.9524,4.00,0.80
2007.08.16 01:21:36.764,0.9521,0.9524,25.60,0.80
2007.08.16 01:21:36.850,0.9521,0.9524,25.60,0.70
2007.08.16 01:21:36.916,0.9521,0.9525,17.60,33.00
2007.08.16 01:21:37.382,0.9521,0.9524,16.00,0.90
2007.08.16 01:21:37.700,0.9521,0.9524,12.00,0.50
2007.08.16 01:21:38.203,0.9521,0.9524,7.90,0.60
2007.08.16 01:21:38.452,0.9521,0.9523,4.00,0.80
2007.08.16 01:21:38.834,0.952,0.9523,21.60,0.80
2007.08.16 01:21:38.952,0.952,0.9524,21.60,33.00
2007.08.16 01:21:39.780,0.952,0.9524,17.60,33.00
2007.08.16 01:21:40.140,0.952,0.9524,18.40,32.20
2007.08.16 01:21:40.252,0.9521,0.9523,3.90,0.90
2007.08.16 01:21:40.325,0.9521,0.9524,7.90,10.40
2007.08.16 01:21:40.417,0.9521,0.9523,7.90,0.80
2007.08.16 01:21:40.660,0.9521,0.9523,7.90,0.50
2007.08.16 01:21:40.767,0.9521,0.9524,4.00,15.20
2007.08.16 01:21:40.860,0.952,0.9523,17.60,0.90
2007.08.16 01:21:41.045,0.952,0.9524,21.60,33.00
2007.08.16 01:21:41.718,0.952,0.9524,17.60,33.00
2007.08.16 01:21:43.137,0.952,0.9523,18.40,0.70
2007.08.16 01:21:43.151,0.952,0.9524,26.40,32.20
2007.08.16 01:21:43.500,0.9521,0.9524,4.00,32.20
2007.08.16 01:21:43.808,0.9521,0.9524,4.00,28.20
2007.08.16 01:21:43.922,0.9521,0.9525,4.00,33.00
2007.08.16 01:21:44.216,0.9521,0.9524,4.00,0.90
2007.08.16 01:21:44.355,0.9521,0.9525,8.00,32.90
2007.08.16 01:21:44.753,0.9521,0.9525,8.00,33.00
2007.08.16 01:21:44.781,0.9521,0.9524,11.90,0.50
2007.08.16 01:21:44.875,0.9521,0.9524,7.90,0.90
2007.08.16 01:21:45.168,0.9521,0.9524,7.90,23.20
2007.08.16 01:21:45.269,0.9521,0.9524,4.00,27.20
2007.08.16 01:21:45.279,0.95205,0.9524,8.00,27.20
2007.08.16 01:21:45.897,0.9521,0.9524,4.00,15.20
2007.08.16 01:21:46.304,0.952,0.9524,25.60,27.20
2007.08.16 01:21:47.433,0.952,0.9524,17.60,27.20
2007.08.16 01:21:47.777,0.952,0.9523,17.60,0.80
2007.08.16 01:21:48.353,0.952,0.9524,16.00,33.00
2007.08.16 01:21:48.650,0.952,0.9524,12.00,33.00
2007.08.16 01:21:48.772,0.952,0.9523,7.90,0.50
2007.08.16 01:21:48.900,0.952,0.9524,4.00,32.90
2007.08.16 01:21:49.282,0.952,0.9524,4.00,33.00
2007.08.16 01:21:50.246,0.952,0.9523,4.00,0.80
2007.08.16 01:21:51.666,0.952,0.9523,4.80,0.90
2007.08.16 01:21:52.171,0.952,0.9523,8.70,0.50
2007.08.16 01:21:52.436,0.952,0.9524,18.40,32.20
2007.08.16 01:21:54.746,0.9521,0.9524,3.90,28.20
2007.08.16 01:21:54.787,0.9521,0.9523,8.00,0.90
2007.08.16 01:21:54.993,0.9521,0.9524,8.00,18.30
2007.08.16 01:21:55.729,0.9521,0.9525,8.00,32.90
2007.08.16 01:21:56.199,0.9521,0.9524,8.80,0.80
2007.08.16 01:21:56.356,0.9521,0.9525,14.40,32.20
2007.08.16 01:21:57.623,0.9521,0.9524,13.60,0.80
2007.08.16 01:21:57.699,0.9521,0.9524,9.60,0.90
2007.08.16 01:21:57.741,0.9521,0.9525,5.60,26.40
2007.08.16 01:21:57.774,0.9521,0.9525,13.60,26.40
2007.08.16 01:21:57.808,0.9521,0.9524,9.60,0.80
2007.08.16 01:21:57.915,0.9521,0.9525,8.00,22.30
2007.08.16 01:21:58.147,0.9521,0.9524,8.80,0.90
2007.08.16 01:21:58.650,0.9522,0.9524,0.80,0.90
2007.08.16 01:21:58.764,0.9522,0.9525,8.80,5.60
2007.08.16 01:21:58.870,0.9522,0.9525,8.80,0.80
2007.08.16 01:21:58.958,0.9522,0.9526,10.40,32.20
2007.08.16 01:21:59.287,0.9522,0.9525,18.40,0.60
2007.08.16 01:21:59.683,0.9522,0.9525,17.60,6.40
2007.08.16 01:21:59.779,0.9522,0.9525,13.60,10.30
2007.08.16 01:21:59.876,0.9522,0.9525,5.60,16.20
2007.08.16 01:22:00.200,0.9522,0.9525,6.40,15.40
2007.08.16 01:22:00.294,0.9522,0.9525,18.40,5.60
2007.08.16 01:22:04.610,0.9522,0.9525,17.60,6.40
2007.08.16 01:22:04.724,0.9522,0.9525,13.60,10.30
2007.08.16 01:22:04.787,0.9522,0.9525,5.60,28.20
2007.08.16 01:22:04.901,0.9521,0.9524,30.40,1.60
2007.08.16 01:22:04.997,0.9521,0.9524,22.40,1.60
2007.08.16 01:22:05.410,0.9521,0.9525,22.40,28.20
2007.08.16 01:22:05.725,0.9521,0.9524,18.40,4.00
2007.08.16 01:22:07.307,0.9521,0.9524,26.40,4.00
2007.08.16 01:22:07.796,0.9521,0.9524,18.40,4.00
2007.08.16 01:22:08.821,0.9521,0.9524,26.40,4.00
2007.08.16 01:22:09.363,0.9521,0.9524,18.40,4.00
2007.08.16 01:22:10.356,0.9521,0.9524,18.40,5.60
2007.08.16 01:22:13.685,0.9521,0.9524,14.30,9.60
2007.08.16 01:22:13.736,0.9521,0.9524,10.40,13.60
2007.08.16 01:22:13.794,0.9521,0.9524,2.40,25.60
2007.08.16 01:22:13.897,0.9521,0.9524,0.80,25.60
2007.08.16 01:22:14.130,0.952,0.9524,30.40,26.40
2007.08.16 01:22:14.726,0.952,0.9524,26.40,26.40
2007.08.16 01:22:14.778,0.952,0.9524,18.40,26.40
2007.08.16 01:22:15.045,0.952,0.9524,26.40,26.40
2007.08.16 01:22:15.387,0.9519,0.9524,33.00,26.40
2007.08.16 01:22:15.765,0.9519,0.9524,33.00,28.20
2007.08.16 01:22:15.819,0.95195,0.9524,26.40,28.20
2007.08.16 01:22:15.986,0.95195,0.9523,26.40,1.60
2007.08.16 01:22:16.172,0.952,0.9523,8.80,2.40
2007.08.16 01:22:17.126,0.952,0.9523,17.60,6.40
2007.08.16 01:22:18.120,0.952,0.9523,18.40,5.60
2007.08.16 01:22:18.636,0.952,0.9523,17.60,6.40
2007.08.16 01:22:18.730,0.952,0.9523,13.60,10.30
2007.08.16 01:22:18.765,0.952,0.9523,5.60,26.40
2007.08.16 01:22:18.873,0.952,0.9523,1.60,26.40
2007.08.16 01:22:18.956,0.9519,0.9523,22.40,26.40
2007.08.16 01:22:19.437,0.9519,0.9523,30.40,26.40
2007.08.16 01:22:19.812,0.9519,0.9523,26.40,26.40
2007.08.16 01:22:20.238,0.9519,0.9523,18.40,26.40
2007.08.16 01:22:21.264,0.9519,0.9523,18.40,28.20
2007.08.16 01:22:21.380,0.9519,0.9522,14.40,1.60
2007.08.16 01:22:21.564,0.9519,0.9522,10.40,5.50
2007.08.16 01:22:21.631,0.9519,0.9522,9.60,6.30
2007.08.16 01:22:21.681,0.9519,0.9522,9.60,10.30
2007.08.16 01:22:22.659,0.9519,0.9522,14.40,9.50
2007.08.16 01:22:22.756,0.9519,0.9522,14.40,5.60
2007.08.16 01:22:22.860,0.9519,0.9522,14.40,4.00
2007.08.16 01:22:23.152,0.9519,0.9522,18.40,4.00
2007.08.16 01:22:23.372,0.952,0.9522,4.00,4.00
2007.08.16 01:22:23.887,0.952,0.9523,4.00,26.40
2007.08.16 01:22:25.633,0.952,0.9523,4.00,25.60
2007.08.16 01:22:25.811,0.952,0.9523,11.90,9.50
2007.08.16 01:22:25.858,0.952,0.9523,11.90,5.60
2007.08.16 01:22:26.019,0.952,0.9523,15.90,1.60
2007.08.16 01:22:26.372,0.952,0.9524,15.90,5.60
2007.08.16 01:22:26.542,0.952,0.9524,15.90,9.60
2007.08.16 01:22:26.677,0.952,0.9524,16.70,10.40
2007.08.16 01:22:26.751,0.952,0.9524,20.70,10.40
2007.08.16 01:22:26.855,0.952,0.9524,26.30,10.40
2007.08.16 01:22:27.685,0.952,0.9524,26.30,9.60
2007.08.16 01:22:27.695,0.952,0.9524,26.30,5.60
2007.08.16 01:22:28.296,0.952,0.9524,30.30,5.60
2007.08.16 01:22:28.605,0.952,0.9524,29.50,6.40
2007.08.16 01:22:28.714,0.952,0.9524,25.50,10.30
2007.08.16 01:22:28.729,0.952,0.9524,21.50,10.30
2007.08.16 01:22:28.836,0.952,0.9524,17.50,10.30
2007.08.16 01:22:28.939,0.952,0.9524,15.90,10.30
2007.08.16 01:22:29.630,0.952,0.9524,15.90,9.50
2007.08.16 01:22:29.676,0.952,0.9524,15.90,13.50
2007.08.16 01:22:29.745,0.952,0.9524,15.90,9.60
2007.08.16 01:22:29.781,0.952,0.9524,19.90,9.60
2007.08.16 01:22:30.662,0.952,0.9524,20.70,9.60
2007.08.16 01:22:30.780,0.952,0.9524,24.70,9.60
2007.08.16 01:22:30.892,0.952,0.9524,26.30,5.60
2007.08.16 01:22:31.276,0.952,0.9524,30.30,5.60
2007.08.16 01:22:31.694,0.952,0.9524,26.30,9.50
2007.08.16 01:22:31.723,0.952,0.9524,22.30,9.50
2007.08.16 01:22:31.803,0.952,0.9524,21.50,10.30
2007.08.16 01:22:32.346,0.952,0.9524,15.90,10.30
2007.08.16 01:22:32.762,0.952,0.9524,15.90,14.30
2007.08.16 01:22:34.190,0.952,0.9524,16.70,14.30
2007.08.16 01:22:34.215,0.952,0.9524,18.50,14.30
2007.08.16 01:22:34.333,0.952,0.9524,24.10,14.30
2007.08.16 01:22:34.704,0.9521,0.9524,0.80,13.50
2007.08.16 01:22:34.740,0.9521,0.9524,4.80,13.50
2007.08.16 01:22:34.834,0.9521,0.9524,6.40,13.50
2007.08.16 01:22:35.722,0.9521,0.9524,10.40,9.60
2007.08.16 01:22:36.316,0.9521,0.9524,8.80,9.60
2007.08.16 01:22:36.840,0.9521,0.9524,4.80,13.50
2007.08.16 01:22:37.672,0.9521,0.9524,8.80,9.60
2007.08.16 01:22:37.948,0.9521,0.9524,10.40,9.60
2007.08.16 01:22:38.683,0.9521,0.9524,10.40,5.60
2007.08.16 01:22:38.768,0.9521,0.9524,6.40,9.50
2007.08.16 01:22:38.894,0.9521,0.9524,4.80,9.50
2007.08.16 01:22:39.191,0.9521,0.9524,8.80,9.50
2007.08.16 01:22:39.248,0.9521,0.9524,12.80,5.60
2007.08.16 01:22:39.324,0.9521,0.9524,14.40,5.60
2007.08.16 01:22:39.722,0.9521,0.9524,10.40,5.60
2007.08.16 01:22:42.915,0.9521,0.9524,14.40,5.60
2007.08.16 01:22:47.357,0.9522,0.9524,4.70,5.60
2007.08.16 01:22:47.396,0.9522,0.9525,30.40,5.60
2007.08.16 01:22:47.606,0.9522,0.9525,34.40,1.60
2007.08.16 01:22:47.754,0.9523,0.9525,0.80,1.60
2007.08.16 01:22:47.928,0.9523,0.9526,0.80,13.60
2007.08.16 01:22:52.289,0.9522,0.9526,34.40,14.40
2007.08.16 01:22:52.306,0.9522,0.9526,42.40,14.40
2007.08.16 01:22:52.401,0.9523,0.9525,17.50,1.60
2007.08.16 01:22:52.676,0.9523,0.9525,21.50,1.60
2007.08.16 01:22:52.687,0.9523,0.9525,22.30,1.60
2007.08.16 01:22:52.800,0.9523,0.9525,10.40,1.60
2007.08.16 01:22:52.887,0.9523,0.9526,4.80,13.60
2007.08.16 01:22:53.096,0.9523,0.9526,0.80,17.60
2007.08.16 01:22:54.742,0.9522,0.9526,32.20,18.40
2007.08.16 01:22:54.846,0.9522,0.9526,40.20,18.40
2007.08.16 01:22:54.958,0.9523,0.9526,15.90,20.20
2007.08.16 01:22:55.052,0.9523,0.9525,17.50,1.60
2007.08.16 01:22:55.170,0.9523,0.9525,21.50,1.60
2007.08.16 01:22:55.252,0.9523,0.9525,26.30,1.60
2007.08.16 01:22:55.372,0.9523,0.9526,26.30,7.40
2007.08.16 01:22:57.249,0.9523,0.9526,26.30,5.60
2007.08.16 01:22:57.349,0.9523,0.9526,34.40,1.60
2007.08.16 01:22:57.453,0.9523,0.9527,34.60,14.40
2007.08.16 01:22:57.772,0.9523,0.9527,34.40,10.30
2007.08.16 01:22:57.794,0.9523,0.9527,34.40,6.40
2007.08.16 01:22:57.937,0.9523,0.9527,42.40,6.40
2007.08.16 01:22:57.961,0.9523,0.9527,42.40,4.80
2007.08.16 01:22:58.080,0.9524,0.9527,4.00,0.80
2007.08.16 01:22:58.379,0.9524,0.9527,5.60,0.80
2007.08.16 01:22:58.590,0.9524,0.9527,1.60,0.80
2007.08.16 01:22:58.913,0.9523,0.9527,42.40,0.80
2007.08.16 01:23:04.810,0.9523,0.9527,34.40,0.80
2007.08.16 01:23:04.843,0.9523,0.9527,30.40,4.80
2007.08.16 01:23:04.919,0.9523,0.9527,30.40,6.40
2007.08.16 01:23:05.284,0.9523,0.9527,30.40,10.30
2007.08.16 01:23:05.546,0.9523,0.9527,30.40,14.30
2007.08.16 01:23:05.654,0.9523,0.9527,30.40,18.30
2007.08.16 01:23:07.237,0.9524,0.9527,3.90,14.40
2007.08.16 01:23:07.723,0.9524,0.9527,15.90,14.40
2007.08.16 01:23:07.833,0.9524,0.9527,15.90,6.40
2007.08.16 01:23:07.942,0.9524,0.9527,17.50,4.80
2007.08.16 01:23:08.669,0.9524,0.9527,21.50,0.80
2007.08.16 01:23:12.791,0.9524,0.9527,21.50,0.80
2007.08.16 01:23:14.367,0.9524,0.9527,9.50,0.80
2007.08.16 01:23:14.460,0.9524,0.9528,9.50,25.00
2007.08.16 01:23:14.659,0.9524,0.9527,5.50,0.90
2007.08.16 01:23:14.873,0.9524,0.9527,5.50,0.80
2007.08.16 01:23:14.908,0.9524,0.9528,1.60,25.00
2007.08.16 01:23:18.938,0.9524,0.9528,1.60,35.30
2007.08.16 01:23:19.452,0.9524,0.9527,1.60,0.90
2007.08.16 01:23:19.953,0.9524,0.9527,1.60,0.90
2007.08.16 01:23:25.379,0.9523,0.9527,18.40,0.80
2007.08.16 01:23:25.571,0.9524,0.9528,1.60,43.20
2007.08.16 01:23:26.840,0.9524,0.9528,1.60,43.10
2007.08.16 01:23:26.915,0.9524,0.9528,1.60,43.20
2007.08.16 01:23:27.024,0.9524,0.9528,1.60,43.20
2007.08.16 01:23:27.235,0.9524,0.9528,1.60,33.00
2007.08.16 01:23:27.775,0.9524,0.9527,1.60,0.70
2007.08.16 01:23:27.854,0.9524,0.9528,21.60,15.10
2007.08.16 01:23:27.966,0.9524,0.9528,25.60,15.10
2007.08.16 01:23:28.071,0.9524,0.9527,25.60,0.60
2007.08.16 01:23:28.166,0.9524,0.9528,29.60,11.10
2007.08.16 01:23:28.343,0.9524,0.9528,34.40,0.70
2007.08.16 01:23:28.373,0.9524,0.9528,30.40,0.60
2007.08.16 01:23:28.644,0.9524,0.95285,29.60,24.10
2007.08.16 01:23:28.692,0.9524,0.95285,29.60,28.10
2007.08.16 01:23:28.752,0.9524,0.9528,29.60,20.90
2007.08.16 01:23:28.837,0.9524,0.9528,30.40,0.50
2007.08.16 01:23:28.869,0.9524,0.9529,38.40,32.90
2007.08.16 01:23:28.904,0.9524,0.9527,38.40,0.50
2007.08.16 01:23:29.107,0.9524,0.9528,42.40,0.80
2007.08.16 01:23:29.253,0.9524,0.9528,42.40,0.80
2007.08.16 01:23:29.409,0.9524,0.9528,42.40,0.50
2007.08.16 01:23:29.734,0.9524,0.9529,42.40,35.20
2007.08.16 01:23:30.691,0.9525,0.9529,0.80,34.40
2007.08.16 01:23:30.783,0.9525,0.9528,16.70,0.70
2007.08.16 01:23:30.860,0.9525,0.95295,20.70,26.40
2007.08.16 01:23:30.980,0.9525,0.953,22.30,40.90
2007.08.16 01:23:31.205,0.9525,0.9529,25.50,19.20
2007.08.16 01:23:31.774,0.9525,0.9528,29.50,0.80
2007.08.16 01:23:37.684,0.9525,0.9529,30.30,0.60
2007.08.16 01:23:37.779,0.9525,0.953,26.30,36.90
2007.08.16 01:23:37.886,0.9527,0.953,4.70,35.30
2007.08.16 01:23:37.900,0.9527,0.9529,16.70,0.80
2007.08.16 01:23:38.037,0.9527,0.953,22.30,20.00
2007.08.16 01:23:38.081,0.9527,0.9529,30.30,0.90
2007.08.16 01:23:38.107,0.9527,0.953,30.30,12.00
2007.08.16 01:23:38.196,0.9528,0.9529,0.80,0.70
2007.08.16 01:23:38.225,0.9528,0.9531,0.80,15.30
2007.08.16 01:23:38.319,0.9528,0.953,2.40,0.90
2007.08.16 01:23:38.431,0.9528,0.9531,6.40,11.30
2007.08.16 01:23:38.811,0.9528,0.9531,10.30,11.30
2007.08.16 01:23:38.945,0.9529,0.9532,4.00,0.60
2007.08.16 01:23:39.151,0.9529,0.9532,4.00,0.80
2007.08.16 01:23:39.316,0.9529,0.9533,4.00,40.10
2007.08.16 01:23:39.353,0.9529,0.9533,5.60,37.80
2007.08.16 01:23:39.469,0.9529,0.9533,15.90,24.40
2007.08.16 01:23:39.917,0.953,0.9532,4.00,1.80
2007.08.16 01:23:40.928,0.9529,0.9533,5.60,4.80
2007.08.16 01:23:41.159,0.9531,0.9535,0.80,4.00
2007.08.16 01:23:41.208,0.9531,0.9535,8.80,4.00
2007.08.16 01:23:41.228,0.9531,0.9534,12.80,4.00
2007.08.16 01:23:41.345,0.9531,0.9535,12.80,4.00
2007.08.16 01:23:41.471,0.9531,0.9535,4.80,4.00
2007.08.16 01:23:41.669,0.9532,0.9535,0.80,4.00
2007.08.16 01:23:42.287,0.9531,0.9535,4.80,4.80
2007.08.16 01:23:42.384,0.9531,0.9534,4.80,1.80
2007.08.16 01:23:42.393,0.9531,0.9534,4.80,5.70
2007.08.16 01:23:42.481,0.9531,0.9533,4.80,4.00
2007.08.16 01:23:42.600,0.9531,0.9533,4.00,4.00
2007.08.16 01:23:42.704,0.9531,0.9533,4.00,4.80
2007.08.16 01:23:42.799,0.953,0.9533,2.40,12.00
2007.08.16 01:23:42.899,0.953,0.9533,4.80,8.00
2007.08.16 01:23:43.229,0.953,0.9533,4.80,4.00
2007.08.16 01:23:43.428,0.953,0.9533,20.70,4.00
2007.08.16 01:23:43.837,0.953,0.9533,24.70,4.00
2007.08.16 01:23:44.031,0.9531,0.9533,4.00,4.00
2007.08.16 01:23:44.356,0.953,0.9534,10.40,4.00
2007.08.16 01:23:44.392,0.95305,0.9534,8.00,4.00
2007.08.16 01:23:44.468,0.9531,0.9535,4.00,22.30
2007.08.16 01:23:44.650,0.9531,0.9535,4.80,22.30
2007.08.16 01:23:45.260,0.9532,0.9535,0.80,21.50
2007.08.16 01:23:45.676,0.9531,0.9535,4.80,21.50
2007.08.16 01:23:45.784,0.9531,0.9535,4.80,26.30
2007.08.16 01:23:45.915,0.9531,0.9534,4.80,15.90
2007.08.16 01:23:46.046,0.9531,0.9534,4.80,17.50
2007.08.16 01:23:46.328,0.9531,0.9533,0.80,4.00
2007.08.16 01:23:46.722,0.953,0.9533,2.40,4.00
2007.08.16 01:23:46.951,0.953,0.9533,2.40,15.90
2007.08.16 01:23:47.068,0.953,0.9533,2.40,17.50
2007.08.16 01:23:47.162,0.953,0.9533,2.40,21.50
2007.08.16 01:23:47.197,0.953,0.9533,1.60,22.30
2007.08.16 01:23:47.272,0.953,0.9532,1.60,4.00
2007.08.16 01:23:47.378,0.9529,0.9532,22.40,4.00
2007.08.16 01:23:47.437,0.9529,0.9532,14.40,4.00
2007.08.16 01:23:47.948,0.9529,0.9532,10.40,7.90
2007.08.16 01:23:48.357,0.9529,0.9532,9.60,8.70
2007.08.16 01:23:48.417,0.9529,0.9532,9.60,10.50
2007.08.16 01:23:48.527,0.9529,0.9532,5.60,16.10
2007.08.16 01:23:48.623,0.9529,0.9532,5.60,20.10
2007.08.16 01:23:48.674,0.9529,0.9532,6.40,19.30
2007.08.16 01:23:49.361,0.9529,0.9532,22.40,17.50
2007.08.16 01:23:49.439,0.953,0.9532,5.60,13.50
2007.08.16 01:23:49.483,0.953,0.9532,5.60,9.60
2007.08.16 01:23:49.644,0.953,0.9532,1.60,5.60
2007.08.16 01:23:49.765,0.953,0.9532,1.60,11.40
2007.08.16 01:23:49.855,0.953,0.9532,1.60,7.40
2007.08.16 01:23:50.291,0.953,0.9532,1.60,9.60
2007.08.16 01:23:50.364,0.9529,0.9532,14.30,13.60
2007.08.16 01:23:50.673,0.9529,0.9532,10.30,17.60
2007.08.16 01:23:51.330,0.9529,0.9531,5.60,0.80
2007.08.16 01:23:51.401,0.9529,0.9531,1.60,4.80
2007.08.16 01:23:51.508,0.9528,0.9531,25.60,6.40
2007.08.16 01:23:51.642,0.9528,0.9531,17.60,6.40
2007.08.16 01:23:51.813,0.9528,0.9531,13.60,10.40
2007.08.16 01:23:52.051,0.9527,0.9531,32.10,10.40
2007.08.16 01:23:52.757,0.9527,0.9531,30.30,16.20
2007.08.16 01:23:52.863,0.9527,0.9531,30.30,20.20
2007.08.16 01:23:52.881,0.9527,0.9531,30.40,24.20
2007.08.16 01:23:52.963,0.9526,0.9531,41.00,24.20
2007.08.16 01:23:53.440,0.9527,0.9531,12.30,32.20
2007.08.16 01:23:53.803,0.9527,0.953,11.00,4.00
2007.08.16 01:23:54.718,0.9527,0.953,26.30,4.00
2007.08.16 01:23:54.759,0.9527,0.953,28.10,4.00
2007.08.16 01:23:54.955,0.9527,0.953,32.10,4.00
2007.08.16 01:23:55.876,0.9527,0.953,32.10,4.00
2007.08.16 01:23:55.985,0.9528,0.9531,1.20,10.40
2007.08.16 01:23:56.015,0.9528,0.9531,1.20,9.60
2007.08.16 01:23:56.154,0.9528,0.9531,2.40,9.60
2007.08.16 01:23:56.161,0.9527,0.9531,32.10,13.60
2007.08.16 01:23:56.267,0.9527,0.9531,32.10,14.40
2007.08.16 01:23:56.471,0.9527,0.9531,32.20,18.40
2007.08.16 01:23:57.179,0.9528,0.9531,3.90,18.40
2007.08.16 01:23:57.283,0.9527,0.9531,33.00,17.60
2007.08.16 01:23:59.341,0.9527,0.9531,32.20,18.40
2007.08.16 01:23:59.378,0.9528,0.9531,2.60,18.40
2007.08.16 01:23:59.449,0.9528,0.9531,2.50,14.40
2007.08.16 01:23:59.700,0.9528,0.9531,4.80,10.40
2007.08.16 01:24:00.954,0.9528,0.9531,1.80,12.20
2007.08.16 01:24:01.037,0.9527,0.953,32.10,1.60
2007.08.16 01:24:01.396,0.9527,0.953,32.20,1.60
2007.08.16 01:24:01.876,0.9527,0.953,32.20,1.60
2007.08.16 01:24:02.508,0.9527,0.953,33.00,1.60
2007.08.16 01:24:02.926,0.9527,0.953,32.20,1.60
2007.08.16 01:24:03.446,0.9528,0.953,1.20,1.60
2007.08.16 01:24:03.652,0.9527,0.953,32.20,1.60
2007.08.16 01:24:04.670,0.9527,0.953,31.40,2.40
2007.08.16 01:24:04.765,0.9527,0.953,27.40,6.30
2007.08.16 01:24:04.973,0.9527,0.953,5.60,14.40
2007.08.16 01:24:05.034,0.9528,0.953,0.90,22.40
2007.08.16 01:24:05.087,0.9527,0.953,0.90,26.40
2007.08.16 01:24:05.194,0.9525,0.953,41.00,30.40
2007.08.16 01:24:05.823,0.9526,0.9529,7.20,4.00
2007.08.16 01:24:06.354,0.9525,0.9529,41.00,5.60
2007.08.16 01:24:06.400,0.9527,0.9529,2.30,5.60
2007.08.16 01:24:06.451,0.9527,0.9529,3.90,5.60
2007.08.16 01:24:06.559,0.9527,0.9529,26.40,4.00
2007.08.16 01:24:06.711,0.9528,0.9529,0.90,4.00
2007.08.16 01:24:06.917,0.9528,0.9529,1.80,4.00
2007.08.16 01:24:06.973,0.9528,0.9531,3.40,4.00
2007.08.16 01:24:07.484,0.9527,0.9531,43.20,4.00
2007.08.16 01:24:07.589,0.9528,0.9531,4.30,4.00
2007.08.16 01:24:07.899,0.9528,0.9531,3.10,4.00
2007.08.16 01:24:08.114,0.9527,0.9533,41.00,14.40
2007.08.16 01:24:08.141,0.9527,0.9533,41.00,13.60
2007.08.16 01:24:08.414,0.9527,0.9533,41.00,9.60
2007.08.16 01:24:08.719,0.9527,0.9533,41.00,9.60
2007.08.16 01:24:08.823,0.9528,0.9532,16.90,4.00
2007.08.16 01:24:08.893,0.95275,0.9532,38.40,4.00
2007.08.16 01:24:09.244,0.9528,0.9532,11.30,4.00
2007.08.16 01:24:09.663,0.9527,0.9532,43.20,4.00
2007.08.16 01:24:09.883,0.953,0.9532,1.60,4.00
2007.08.16 01:24:09.960,0.953,0.9533,35.40,4.00
2007.08.16 01:24:10.077,0.9531,0.9533,1.20,4.00
2007.08.16 01:24:10.222,0.9531,0.9533,7.20,4.00
2007.08.16 01:24:10.282,0.9532,0.9533,2.70,4.00
2007.08.16 01:24:10.404,0.9531,0.9534,14.30,5.60
2007.08.16 01:24:10.553,0.953,0.9534,40.90,1.60
2007.08.16 01:24:10.582,0.9532,0.9534,1.10,1.60
2007.08.16 01:24:10.707,0.9531,0.9534,15.10,1.60
2007.08.16 01:24:10.918,0.9531,0.9535,31.10,11.40
2007.08.16 01:24:11.423,0.9532,0.9534,0.70,1.60
2007.08.16 01:24:11.732,0.9532,0.9534,3.30,1.60
2007.08.16 01:24:12.031,0.95315,0.9535,22.30,7.40
2007.08.16 01:24:12.362,0.95315,0.9534,17.60,4.70
2007.08.16 01:24:12.452,0.95315,0.9533,13.60,16.00
2007.08.16 01:24:12.497,0.9529,0.9533,25.50,16.00
2007.08.16 01:24:12.557,0.9531,0.9533,5.60,16.00
2007.08.16 01:24:12.766,0.953,0.9533,10.30,20.00
2007.08.16 01:24:12.983,0.9531,0.9533,0.90,20.80
2007.08.16 01:24:12.994,0.953,0.9533,3.20,20.80
2007.08.16 01:24:13.312,0.9531,0.9533,2.00,16.70
2007.08.16 01:24:13.342,0.9531,0.9533,3.10,15.90
2007.08.16 01:24:13.712,0.9531,0.9533,3.30,4.00
2007.08.16 01:24:13.929,0.953,0.9533,19.10,4.00
2007.08.16 01:24:14.108,0.953,0.9533,18.30,4.00
2007.08.16 01:24:14.206,0.953,0.9533,18.40,4.00
2007.08.16 01:24:14.222,0.953,0.9533,18.40,4.00
2007.08.16 01:24:14.834,0.953,0.9534,18.40,30.40
2007.08.16 01:24:17.030,0.953,0.9534,3.90,28.80
2007.08.16 01:24:17.183,0.953,0.9534,15.20,28.00
2007.08.16 01:24:17.234,0.953,0.9534,15.20,28.00
2007.08.16 01:24:17.339,0.953,0.9534,19.20,25.60
2007.08.16 01:24:17.447,0.9531,0.9534,1.10,24.00
2007.08.16 01:24:17.542,0.953,0.9534,19.20,25.60
2007.08.16 01:24:17.658,0.9531,0.9534,2.40,29.60
2007.08.16 01:24:17.727,0.9531,0.9534,3.40,25.60
2007.08.16 01:24:17.964,0.953,0.9533,23.10,1.60
2007.08.16 01:24:18.228,0.953,0.9533,23.20,1.60
2007.08.16 01:24:18.648,0.9531,0.9533,2.30,1.60
2007.08.16 01:24:18.698,0.953,0.9533,22.40,1.60
2007.08.16 01:24:19.412,0.9531,0.9533,0.90,5.60
2007.08.16 01:24:19.468,0.953,0.9533,14.40,9.50
2007.08.16 01:24:19.529,0.9531,0.9533,0.70,13.60
2007.08.16 01:24:19.626,0.9529,0.9533,31.20,17.60
2007.08.16 01:24:19.936,0.9529,0.9533,31.20,21.60
2007.08.16 01:24:20.993,0.9529,0.9533,39.20,17.60
2007.08.16 01:24:21.063,0.9529,0.9533,43.20,8.00
2007.08.16 01:24:21.155,0.9529,0.9533,43.20,4.00
2007.08.16 01:24:21.263,0.9529,0.9534,43.20,34.40
2007.08.16 01:24:21.932,0.9531,0.9534,0.80,33.60
2007.08.16 01:24:21.981,0.953,0.9534,11.20,33.60
2007.08.16 01:24:22.098,0.9531,0.9534,2.00,33.80
2007.08.16 01:24:22.190,0.953,0.9534,11.20,31.40
2007.08.16 01:24:22.210,0.953,0.9533,9.60,0.80
2007.08.16 01:24:22.626,0.953,0.9533,14.30,0.80
2007.08.16 01:24:22.806,0.953,0.9534,15.10,31.40
2007.08.16 01:24:23.136,0.9531,0.9534,1.70,32.20
2007.08.16 01:24:23.811,0.953,0.9533,13.50,0.80
2007.08.16 01:24:23.850,0.9531,0.9533,0.90,16.70
2007.08.16 01:24:24.687,0.953,0.9533,13.60,20.70
2007.08.16 01:24:25.436,0.953,0.9533,14.40,19.90
2007.08.16 01:24:25.638,0.9529,0.9533,19.20,21.50
2007.08.16 01:24:25.948,0.953,0.9533,1.00,25.50
2007.08.16 01:24:26.054,0.9531,0.9533,0.60,25.50
2007.08.16 01:24:26.352,0.953,0.9533,2.10,25.50
2007.08.16 01:24:27.381,0.953,0.9533,6.50,22.30
2007.08.16 01:24:27.599,0.9529,0.9533,18.40,20.70
2007.08.16 01:24:28.932,0.9529,0.9533,27.20,20.70
2007.08.16 01:24:28.942,0.953,0.9533,6.00,22.50
2007.08.16 01:24:29.015,0.953,0.9533,3.80,21.70
2007.08.16 01:24:29.049,0.953,0.9533,2.90,23.30
2007.08.16 01:24:29.423,0.953,0.9533,2.10,27.30
2007.08.16 01:24:30.099,0.9529,0.9532,19.10,1.60
2007.08.16 01:24:30.167,0.9529,0.9532,18.30,1.60
2007.08.16 01:24:30.589,0.953,0.9532,3.80,1.60
2007.08.16 01:24:30.904,0.953,0.9532,2.00,1.60
2007.08.16 01:24:31.215,0.9529,0.9532,14.40,5.50
2007.08.16 01:24:31.234,0.9529,0.9532,14.40,5.50
2007.08.16 01:24:31.351,0.9528,0.9531,43.10,1.60
2007.08.16 01:24:31.753,0.9528,0.9531,35.10,1.60
2007.08.16 01:24:31.915,0.9528,0.9531,30.30,5.50
2007.08.16 01:24:31.973,0.9528,0.9531,18.40,17.50
2007.08.16 01:24:32.058,0.9528,0.953,7.10,1.60
2007.08.16 01:24:32.282,0.9528,0.953,0.60,1.60
2007.08.16 01:24:32.596,0.9528,0.9531,10.40,21.50
2007.08.16 01:24:33.762,0.9528,0.9531,14.40,17.50
2007.08.16 01:24:34.029,0.9527,0.9531,23.20,17.50
2007.08.16 01:24:34.233,0.9527,0.9531,43.10,5.60
2007.08.16 01:24:34.350,0.9529,0.9531,0.80,5.60
2007.08.16 01:24:34.383,0.9528,0.9531,9.60,6.40
2007.08.16 01:24:34.443,0.9528,0.953,9.60,4.00
2007.08.16 01:24:34.482,0.9528,0.953,9.60,7.90
2007.08.16 01:24:34.552,0.9527,0.953,4.80,24.00
2007.08.16 01:24:34.571,0.9527,0.953,1.50,24.00
2007.08.16 01:24:34.683,0.9526,0.953,14.40,24.80
2007.08.16 01:24:34.883,0.9526,0.953,14.40,24.00
2007.08.16 01:24:35.076,0.9526,0.953,8.40,8.00
2007.08.16 01:24:35.183,0.9527,0.953,0.90,4.00
2007.08.16 01:24:35.281,0.9527,0.95305,0.70,8.00
2007.08.16 01:24:35.399,0.9527,0.9531,0.70,38.40
2007.08.16 01:24:36.131,0.9527,0.953,0.80,0.80
2007.08.16 01:24:36.437,0.95255,0.953,26.40,12.70
2007.08.16 01:24:36.748,0.95255,0.953,26.40,16.70
2007.08.16 01:24:36.843,0.95255,0.953,26.40,20.70
2007.08.16 01:24:36.966,0.9526,0.953,19.20,19.90
2007.08.16 01:24:37.055,0.9526,0.953,23.20,19.90
2007.08.16 01:24:37.148,0.9527,0.953,3.70,21.50
2007.08.16 01:24:37.559,0.9527,0.953,4.60,17.50
2007.08.16 01:24:40.324,0.9526,0.953,31.10,17.50
2007.08.16 01:24:40.355,0.9526,0.953,31.20,21.60
2007.08.16 01:24:40.760,0.9526,0.953,31.20,17.50
2007.08.16 01:24:43.015,0.9528,0.953,0.80,17.50
2007.08.16 01:24:43.063,0.9528,0.953,1.70,5.60
2007.08.16 01:24:43.247,0.9528,0.953,6.40,1.60
2007.08.16 01:24:43.571,0.9528,0.953,10.40,1.60
2007.08.16 01:24:43.628,0.9528,0.953,9.60,1.60
2007.08.16 01:24:43.789,0.9528,0.953,5.60,1.60
2007.08.16 01:24:43.902,0.9528,0.953,4.00,1.60
2007.08.16 01:24:43.985,0.9527,0.953,22.40,1.60
2007.08.16 01:24:44.441,0.9527,0.953,21.60,2.40
2007.08.16 01:24:44.501,0.9527,0.9529,17.50,11.90
2007.08.16 01:24:44.545,0.9527,0.9529,13.60,11.90
2007.08.16 01:24:44.618,0.9527,0.9529,8.00,11.90
2007.08.16 01:24:45.225,0.9527,0.9529,4.00,15.90
2007.08.16 01:24:47.109,0.9527,0.9529,4.00,16.70
2007.08.16 01:24:47.329,0.9526,0.9529,5.60,16.70
2007.08.16 01:24:47.423,0.9526,0.9529,5.60,22.30
2007.08.16 01:24:50.467,0.9526,0.9528,5.60,3.90
2007.08.16 01:24:50.526,0.9526,0.9527,5.60,11.90
2007.08.16 01:24:50.629,0.9526,0.9527,4.00,13.50
2007.08.16 01:24:50.751,0.9525,0.9527,5.60,13.50
2007.08.16 01:24:50.835,0.9525,0.9527,4.00,17.50
2007.08.16 01:24:50.940,0.9524,0.9527,14.40,17.50
2007.08.16 01:24:51.255,0.9524,0.9526,14.40,1.60
2007.08.16 01:24:52.393,0.9524,0.9527,14.40,1.60
2007.08.16 01:24:53.132,0.9525,0.9527,0.80,1.60
2007.08.16 01:24:53.214,0.9525,0.9527,4.80,1.60
2007.08.16 01:24:53.629,0.9525,0.9528,8.80,37.60
2007.08.16 01:24:53.724,0.9525,0.9528,8.80,33.60
2007.08.16 01:24:53.736,0.9525,0.9528,8.80,25.50
2007.08.16 01:24:53.847,0.9525,0.9528,8.80,17.50
2007.08.16 01:24:53.973,0.9525,0.9528,10.40,17.50
2007.08.16 01:24:54.687,0.9525,0.9528,9.60,18.30
2007.08.16 01:24:55.425,0.9525,0.9527,5.60,11.90
2007.08.16 01:24:55.441,0.9525,0.9527,4.00,11.90
2007.08.16 01:24:55.517,0.9525,0.9526,4.00,8.00
2007.08.16 01:24:55.617,0.9525,0.9526,4.00,21.60
2007.08.16 01:24:55.713,0.9523,0.9526,10.40,25.60
2007.08.16 01:24:55.929,0.9524,0.9526,1.60,29.60
2007.08.16 01:24:56.007,0.9524,0.9526,1.60,25.60
2007.08.16 01:24:56.034,0.9522,0.9526,16.80,9.60
2007.08.16 01:24:56.130,0.9522,0.9526,18.40,8.00
2007.08.16 01:24:56.331,0.9522,0.9526,18.40,4.00
2007.08.16 01:24:56.359,0.9522,0.9526,10.40,4.00
2007.08.16 01:24:56.431,0.9522,0.9526,18.40,4.00
2007.08.16 01:24:56.453,0.9521,0.9526,43.20,4.00
2007.08.16 01:24:58.469,0.9521,0.9526,43.20,4.80
2007.08.16 01:24:58.616,0.9522,0.9526,7.60,16.70
2007.08.16 01:24:58.725,0.95215,0.9526,18.40,16.70
2007.08.16 01:25:01.334,0.9521,0.9526,40.90,26.50
2007.08.16 01:25:01.651,0.9522,0.9526,3.20,26.50
2007.08.16 01:25:01.778,0.9521,0.9526,28.10,34.50
2007.08.16 01:25:01.832,0.9521,0.9525,14.40,11.90
2007.08.16 01:25:02.568,0.9523,0.9526,2.70,22.40
2007.08.16 01:25:02.600,0.9523,0.9526,6.00,14.40
2007.08.16 01:25:02.670,0.9523,0.9526,27.30,12.80
2007.08.16 01:25:02.681,0.9523,0.9526,28.10,12.00
2007.08.16 01:25:02.776,0.9523,0.9526,36.10,4.00
2007.08.16 01:25:02.788,0.9524,0.9526,7.90,4.00
2007.08.16 01:25:02.981,0.9523,0.9527,42.30,2.40
2007.08.16 01:25:03.078,0.9524,0.9527,2.70,18.30
2007.08.16 01:25:03.145,0.9524,0.9527,5.70,26.30
2007.08.16 01:25:03.196,0.9523,0.9527,18.40,26.30
2007.08.16 01:25:03.290,0.9523,0.9527,14.30,34.40
2007.08.16 01:25:03.299,0.9523,0.9527,10.40,38.40
2007.08.16 01:25:03.484,0.9522,0.9527,40.10,42.40
2007.08.16 01:25:03.583,0.9522,0.9525,28.20,11.90
2007.08.16 01:25:03.785,0.9522,0.9525,20.20,13.50
2007.08.16 01:25:04.013,0.9523,0.9524,0.90,11.90
2007.08.16 01:25:04.117,0.9521,0.9524,21.00,11.90
2007.08.16 01:25:04.219,0.9521,0.9524,20.20,11.90
2007.08.16 01:25:04.325,0.9522,0.9524,1.10,16.00
2007.08.16 01:25:04.425,0.9521,0.9524,12.10,20.00
2007.08.16 01:25:05.972,0.9524,0.9525,1.20,9.60
2007.08.16 01:25:06.082,0.9524,0.9525,2.00,9.60
2007.08.16 01:25:06.203,0.9524,0.9525,6.90,4.00
2007.08.16 01:25:06.298,0.9525,0.9527,0.90,12.20
2007.08.16 01:25:06.405,0.9525,0.9527,0.60,8.20
2007.08.16 01:25:06.482,0.9524,0.9527,18.30,7.40
2007.08.16 01:25:06.919,0.9525,0.9527,0.70,5.80
2007.08.16 01:25:08.374,0.9524,0.9527,18.30,7.40
2007.08.16 01:25:08.456,0.9525,0.9527,0.70,11.40
2007.08.16 01:25:08.563,0.9524,0.9527,13.60,12.20
2007.08.16 01:25:08.587,0.9524,0.9527,13.60,24.20
2007.08.16 01:25:08.694,0.9524,0.9527,1.60,26.40
2007.08.16 01:25:08.788,0.9523,0.9527,9.60,30.40
2007.08.16 01:25:08.897,0.9523,0.9527,4.10,34.40
2007.08.16 01:25:09.284,0.9523,0.9527,2.30,42.40
2007.08.16 01:25:09.597,0.9523,0.9527,1.70,42.40
2007.08.16 01:25:09.691,0.9523,0.9527,3.80,38.40
2007.08.16 01:25:09.702,0.9522,0.9527,40.90,36.10
2007.08.16 01:25:09.811,0.9522,0.9527,40.90,28.10
2007.08.16 01:25:11.588,0.9522,0.9526,30.80,15.90
2007.08.16 01:25:11.681,0.9522,0.9526,22.80,17.50
2007.08.16 01:25:11.835,0.9522,0.9526,22.80,21.50
2007.08.16 01:25:11.883,0.9522,0.9526,22.80,25.50
2007.08.16 01:25:12.096,0.9522,0.9526,22.80,29.60
2007.08.16 01:25:12.147,0.9523,0.9526,0.50,33.60
2007.08.16 01:25:12.214,0.9522,0.9526,21.00,33.60
2007.08.16 01:25:12.251,0.9522,0.9526,20.20,34.40
2007.08.16 01:25:12.312,0.9523,0.9525,0.60,11.90
2007.08.16 01:25:12.623,0.9522,0.9525,7.60,11.90
2007.08.16 01:25:12.718,0.9522,0.9525,0.60,11.90
2007.08.16 01:25:14.700,0.9523,0.9525,1.90,11.90
2007.08.16 01:25:14.796,0.9522,0.9526,18.00,34.40
2007.08.16 01:25:15.822,0.9523,0.9526,3.50,30.40
2007.08.16 01:25:16.035,0.9522,0.9526,30.00,28.80
2007.08.16 01:25:16.365,0.9522,0.9526,29.90,24.80
2007.08.16 01:25:18.314,0.9523,0.9526,1.10,26.40
2007.08.16 01:25:19.352,0.9523,0.9526,2.50,24.80
2007.08.16 01:25:19.973,0.9523,0.9526,3.20,24.00
2007.08.16 01:25:20.189,0.9522,0.9526,30.70,25.60
2007.08.16 01:25:20.307,0.9522,0.9526,30.80,4.00
2007.08.16 01:25:20.814,0.9522,0.9527,38.70,30.40
2007.08.16 01:25:21.004,0.9523,0.9526,5.80,0.80
2007.08.16 01:25:21.136,0.9523,0.9526,3.10,2.40
2007.08.16 01:25:21.336,0.9523,0.9526,15.40,2.40
2007.08.16 01:25:21.946,0.95225,0.9526,27.40,2.40
2007.08.16 01:25:22.741,0.9523,0.9526,1.30,6.30
2007.08.16 01:25:22.783,0.9523,0.9526,5.90,18.30
2007.08.16 01:25:22.890,0.9523,0.9526,1.90,22.30
2007.08.16 01:25:23.609,0.9523,0.9526,3.50,26.30
2007.08.16 01:25:23.657,0.9522,0.9526,22.70,25.50
2007.08.16 01:25:23.706,0.9523,0.9526,1.70,25.50
2007.08.16 01:25:23.752,0.9523,0.9526,1.50,21.50
2007.08.16 01:25:23.800,0.9523,0.9526,0.60,5.60
2007.08.16 01:25:23.924,0.9524,0.9526,0.80,5.60
2007.08.16 01:25:24.335,0.9524,0.9526,1.30,5.60
2007.08.16 01:25:24.436,0.9524,0.9526,0.50,4.00
2007.08.16 01:25:24.475,0.9524,0.9526,1.60,4.00
2007.08.16 01:25:24.744,0.95235,0.9527,14.40,3.90
2007.08.16 01:25:24.784,0.9524,0.9528,5.40,32.20
2007.08.16 01:25:25.197,0.95235,0.9527,17.60,0.80
2007.08.16 01:25:25.271,0.9523,0.9526,22.30,11.90
2007.08.16 01:25:25.436,0.9524,0.9526,0.90,11.90
2007.08.16 01:25:25.672,0.9524,0.9526,1.60,15.90
2007.08.16 01:25:26.654,0.9524,0.9526,1.60,16.70
2007.08.16 01:25:27.542,0.9524,0.9526,1.60,4.80
2007.08.16 01:25:27.580,0.9524,0.9526,1.60,4.00
2007.08.16 01:25:27.664,0.9524,0.9526,5.60,4.00
2007.08.16 01:25:28.043,0.9524,0.9527,5.60,28.20
2007.08.16 01:25:28.596,0.9524,0.9526,5.60,11.90
2007.08.16 01:25:28.604,0.9524,0.9526,5.60,12.70
2007.08.16 01:25:28.689,0.9524,0.9526,1.60,12.70
2007.08.16 01:25:29.104,0.9524,0.9526,1.60,16.70
2007.08.16 01:25:29.313,0.9524,0.9526,1.60,20.70
2007.08.16 01:25:29.621,0.9524,0.9526,1.60,19.90
2007.08.16 01:25:31.727,0.9524,0.9526,1.60,7.90
2007.08.16 01:25:31.747,0.9524,0.9526,1.60,4.00
2007.08.16 01:25:32.644,0.9524,0.9527,1.60,26.40
2007.08.16 01:25:33.266,0.9524,0.9526,1.60,11.90
2007.08.16 01:25:33.806,0.9524,0.9526,1.60,4.00
2007.08.16 01:25:34.388,0.9524,0.9526,1.60,17.50
2007.08.16 01:25:34.596,0.9524,0.9526,1.60,21.60
2007.08.16 01:25:34.700,0.9524,0.9526,1.60,25.60
2007.08.16 01:25:34.713,0.9524,0.9526,1.60,29.60
2007.08.16 01:25:35.129,0.9524,0.9526,1.60,30.40
2007.08.16 01:25:36.764,0.9524,0.9525,1.60,3.90
2007.08.16 01:25:36.789,0.9522,0.9525,20.80,8.00
2007.08.16 01:25:36.997,0.9523,0.9525,1.60,8.00
2007.08.16 01:25:39.744,0.9523,0.9525,1.60,8.80
2007.08.16 01:25:40.780,0.9523,0.9525,1.60,8.00
2007.08.16 01:25:40.831,0.9523,0.9525,1.60,20.00
2007.08.16 01:25:42.281,0.9522,0.9525,6.40,20.00
2007.08.16 01:25:42.596,0.9522,0.9524,6.40,11.90
2007.08.16 01:25:42.627,0.9522,0.9524,5.60,11.90
2007.08.16 01:25:42.702,0.9522,0.9524,1.60,11.90
2007.08.16 01:25:42.913,0.9521,0.9524,10.40,11.90
2007.08.16 01:25:43.212,0.9521,0.9525,10.40,14.60
2007.08.16 01:25:43.752,0.9521,0.9523,10.40,11.90
2007.08.16 01:25:47.164,0.9521,0.9524,10.40,21.50
2007.08.16 01:25:48.608,0.9521,0.9524,9.60,22.30
2007.08.16 01:25:48.715,0.952,0.9524,14.40,24.70
2007.08.16 01:25:48.753,0.952,0.9524,6.40,24.70
2007.08.16 01:25:49.192,0.952,0.9524,5.60,24.70
2007.08.16 01:25:49.244,0.952,0.9524,5.60,30.60
2007.08.16 01:25:49.296,0.952,0.9524,5.60,38.60
2007.08.16 01:25:49.339,0.952,0.9523,5.60,11.90
2007.08.16 01:25:49.866,0.952,0.9523,1.60,11.90
2007.08.16 01:25:52.450,0.9519,0.9523,14.40,11.90
2007.08.16 01:25:54.128,0.9519,0.9523,13.60,11.90
2007.08.16 01:25:54.215,0.9519,0.9523,9.60,11.90
2007.08.16 01:25:54.427,0.9519,0.9523,9.60,15.90
2007.08.16 01:25:54.731,0.9519,0.9523,9.60,0.60
2007.08.16 01:25:54.952,0.9519,0.9524,8.00,42.50
2007.08.16 01:25:55.059,0.952,0.9524,0.80,42.50
2007.08.16 01:25:55.266,0.952,0.9523,0.80,15.90
2007.08.16 01:25:56.198,0.952,0.9522,4.80,11.90
2007.08.16 01:25:56.292,0.952,0.9523,4.80,25.50
2007.08.16 01:25:56.410,0.952,0.9523,6.40,17.50
2007.08.16 01:25:56.611,0.952,0.9523,6.40,13.50
2007.08.16 01:25:58.373,0.952,0.9523,6.40,11.90
2007.08.16 01:26:02.321,0.9521,0.9523,1.60,13.50
2007.08.16 01:26:02.405,0.952,0.9523,8.20,13.50
2007.08.16 01:26:02.716,0.9521,0.9523,4.00,13.50
2007.08.16 01:26:03.138,0.952,0.9523,6.40,13.50
2007.08.16 01:26:03.760,0.952,0.9523,6.40,11.90
2007.08.16 01:26:06.062,0.9521,0.9523,0.80,11.90
2007.08.16 01:26:06.239,0.9521,0.9524,8.80,31.40
2007.08.16 01:26:06.357,0.9521,0.9524,10.40,31.40
2007.08.16 01:26:06.653,0.9521,0.9524,14.40,27.40
2007.08.16 01:26:06.762,0.9521,0.9523,14.40,1.60
2007.08.16 01:26:07.596,0.9521,0.9523,13.60,1.60
2007.08.16 01:26:07.700,0.9521,0.9523,13.60,13.50
2007.08.16 01:26:07.823,0.9521,0.9523,4.00,13.50
2007.08.16 01:26:07.900,0.952,0.9523,6.40,13.50
2007.08.16 01:26:14.757,0.952,0.9523,2.40,17.50
2007.08.16 01:26:15.685,0.952,0.9523,6.40,17.50
2007.08.16 01:26:15.810,0.952,0.9523,6.40,5.60
2007.08.16 01:26:15.903,0.952,0.9523,6.40,4.00
2007.08.16 01:26:16.319,0.952,0.9523,6.40,15.90
2007.08.16 01:26:16.424,0.952,0.9523,6.40,11.90
2007.08.16 01:26:22.228,0.952,0.9523,1.60,11.90
2007.08.16 01:26:23.148,0.952,0.9523,1.60,12.70
2007.08.16 01:26:23.243,0.952,0.9523,1.60,16.70
2007.08.16 01:26:23.265,0.952,0.9522,1.60,11.90
2007.08.16 01:26:23.397,0.9519,0.9522,5.60,11.90
2007.08.16 01:26:27.679,0.9519,0.9522,6.40,11.90
2007.08.16 01:26:27.742,0.9519,0.9523,6.40,33.50
2007.08.16 01:26:27.821,0.9519,0.9523,10.40,29.50
2007.08.16 01:26:27.935,0.952,0.9523,1.60,27.90
2007.08.16 01:26:27.968,0.952,0.9523,1.60,19.90
2007.08.16 01:26:28.341,0.9519,0.9523,10.40,19.90
2007.08.16 01:26:28.755,0.9519,0.9523,10.40,15.90
2007.08.16 01:26:34.249,0.9519,0.9523,16.20,15.90
2007.08.16 01:26:34.353,0.952,0.9523,0.80,15.90
2007.08.16 01:26:34.364,0.952,0.9523,2.40,17.50
2007.08.16 01:26:38.636,0.952,0.9523,2.40,21.50
2007.08.16 01:26:38.820,0.952,0.9523,2.40,25.60
2007.08.16 01:26:38.917,0.952,0.9523,0.80,24.00
2007.08.16 01:26:41.265,0.952,0.9523,0.80,20.00
2007.08.16 01:26:41.398,0.952,0.9523,0.80,15.90
2007.08.16 01:26:41.682,0.952,0.9523,4.70,15.90
2007.08.16 01:26:41.770,0.9521,0.9523,4.00,4.00
2007.08.16 01:26:41.921,0.9521,0.9523,5.60,1.60
2007.08.16 01:26:42.658,0.9521,0.9523,9.60,1.60
2007.08.16 01:26:46.294,0.9521,0.9523,17.60,1.60
2007.08.16 01:26:46.605,0.9521,0.9523,18.40,1.60
2007.08.16 01:26:46.722,0.9521,0.9523,17.60,1.60
2007.08.16 01:26:46.832,0.9521,0.9523,17.60,0.90
2007.08.16 01:26:46.913,0.9521,0.9525,17.60,30.80
2007.08.16 01:26:47.330,0.9521,0.9523,5.60,0.60
2007.08.16 01:26:47.626,0.9521,0.9523,1.60,0.60
2007.08.16 01:26:47.733,0.9521,0.9524,1.60,32.10
2007.08.16 01:26:47.920,0.9521,0.9523,1.60,0.90
2007.08.16 01:26:47.938,0.952,0.9524,3.40,43.40
2007.08.16 01:26:48.350,0.952,0.9523,3.40,0.60
2007.08.16 01:26:48.662,0.952,0.9523,3.40,0.70
2007.08.16 01:26:48.775,0.952,0.9522,1.60,0.70
2007.08.16 01:26:48.988,0.952,0.9523,1.60,0.70
2007.08.16 01:26:50.626,0.952,0.9523,2.40,0.80
2007.08.16 01:26:50.740,0.952,0.9523,12.20,0.60
2007.08.16 01:26:50.845,0.9521,0.95235,1.60,21.60
2007.08.16 01:26:51.051,0.9521,0.9524,1.60,32.10
2007.08.16 01:26:51.224,0.9521,0.9524,1.60,32.90
2007.08.16 01:26:51.268,0.952,0.9524,9.60,33.00
2007.08.16 01:26:51.471,0.952,0.95235,5.60,34.40
2007.08.16 01:26:51.571,0.952,0.9523,1.60,0.70
2007.08.16 01:26:51.642,0.952,0.95235,2.40,37.60
2007.08.16 01:26:51.785,0.952,0.95235,6.40,33.50
2007.08.16 01:26:51.898,0.952,0.95235,6.40,31.90
2007.08.16 01:26:52.178,0.952,0.9524,10.40,40.10
2007.08.16 01:26:52.397,0.952,0.95235,10.40,29.50
2007.08.16 01:26:52.674,0.952,0.95235,9.60,30.30
2007.08.16 01:26:52.795,0.952,0.9523,5.60,0.70
2007.08.16 01:26:53.717,0.952,0.9524,5.60,40.90
2007.08.16 01:26:53.745,0.952,0.9523,5.60,0.70
2007.08.16 01:26:53.854,0.952,0.9522,5.60,0.60
2007.08.16 01:26:54.221,0.952,0.9522,10.40,0.60
2007.08.16 01:26:54.284,0.952,0.9523,26.40,17.60
2007.08.16 01:26:54.367,0.952,0.9523,30.40,0.60
2007.08.16 01:26:54.568,0.952,0.9523,34.40,0.70
2007.08.16 01:26:54.770,0.952,0.95245,34.40,24.20
2007.08.16 01:26:54.785,0.952,0.9524,34.40,0.70
2007.08.16 01:26:54.893,0.9521,0.95245,1.60,20.20
2007.08.16 01:26:55.721,0.9521,0.9524,1.60,26.30
2007.08.16 01:26:55.816,0.952,0.9523,18.40,0.70
2007.08.16 01:26:56.034,0.952,0.9524,14.40,34.30
2007.08.16 01:26:56.139,0.952,0.9523,10.40,0.50
2007.08.16 01:26:56.345,0.952,0.9524,10.40,42.30
2007.08.16 01:26:56.502,0.952,0.9523,9.60,0.90
2007.08.16 01:26:56.767,0.952,0.95235,5.60,34.30
2007.08.16 01:27:06.310,0.952,0.9523,5.60,0.70
2007.08.16 01:27:06.405,0.952,0.9523,5.60,28.10
2007.08.16 01:27:07.349,0.952,0.9523,5.60,0.70
2007.08.16 01:27:07.553,0.952,0.9523,5.60,32.00
2007.08.16 01:27:08.055,0.952,0.9522,0.50,0.80
2007.08.16 01:27:10.776,0.9519,0.95235,22.30,38.30
2007.08.16 01:27:11.203,0.9519,0.9524,23.20,42.30
2007.08.16 01:27:11.311,0.9519,0.9524,23.20,42.20
2007.08.16 01:27:11.401,0.952,0.9523,0.60,0.80
2007.08.16 01:27:11.509,0.952,0.9523,0.50,0.90
2007.08.16 01:27:11.710,0.9519,0.9524,33.00,34.30
2007.08.16 01:27:12.838,0.952,0.9523,0.90,0.90
2007.08.16 01:27:12.935,0.9519,0.9524,24.20,43.10
2007.08.16 01:27:13.762,0.952,0.9523,0.50,0.50
2007.08.16 01:27:18.182,0.9519,0.9523,24.90,23.90
2007.08.16 01:27:18.504,0.9519,0.9523,24.90,25.50
2007.08.16 01:27:18.688,0.952,0.9522,1.20,0.80
2007.08.16 01:27:19.205,0.9519,0.9523,24.10,28.10
2007.08.16 01:27:19.352,0.952,0.9523,2.00,32.10
2007.08.16 01:27:20.817,0.9519,0.9523,24.10,18.30
2007.08.16 01:27:21.240,0.952,0.9523,0.80,32.10
2007.08.16 01:27:21.867,0.9519,0.9523,24.10,24.10
2007.08.16 01:27:22.275,0.952,0.9523,2.50,13.50
2007.08.16 01:27:22.387,0.952,0.9523,1.20,7.90
2007.08.16 01:27:22.585,0.9519,0.9523,32.90,3.90
2007.08.16 01:27:23.175,0.9519,0.9524,33.00,42.40
2007.08.16 01:27:23.312,0.952,0.9524,8.60,38.40
2007.08.16 01:27:23.361,0.9519,0.9524,33.00,30.40
2007.08.16 01:27:23.414,0.952,0.9524,11.40,30.40
2007.08.16 01:27:23.801,0.9522,0.9524,0.50,29.60
2007.08.16 01:27:24.346,0.952,0.9524,35.20,29.60
2007.08.16 01:27:24.719,0.952,0.9524,35.10,25.60
2007.08.16 01:27:24.869,0.9521,0.9524,2.50,9.60
2007.08.16 01:27:24.975,0.9522,0.9524,0.50,8.00
2007.08.16 01:27:25.063,0.9522,0.9524,0.50,8.00
2007.08.16 01:27:25.483,0.9521,0.9524,22.30,4.00
2007.08.16 01:27:34.136,0.9522,0.9524,3.40,4.00
2007.08.16 01:27:34.305,0.9523,0.9524,0.60,4.00
2007.08.16 01:27:35.761,0.9523,0.9525,0.70,5.60
2007.08.16 01:27:36.225,0.9522,0.9525,11.10,5.60
2007.08.16 01:27:36.329,0.9522,0.9525,11.10,5.60
2007.08.16 01:27:36.471,0.9522,0.9526,40.90,13.60
2007.08.16 01:27:36.579,0.9522,0.9526,40.90,12.00
2007.08.16 01:27:36.636,0.9523,0.9526,15.10,12.00
2007.08.16 01:27:36.887,0.9523,0.9526,19.10,8.00
2007.08.16 01:27:36.996,0.9524,0.9526,1.60,4.00
2007.08.16 01:27:39.594,0.9523,0.9526,22.30,4.00
2007.08.16 01:27:40.121,0.9523,0.9526,23.10,4.00
2007.08.16 01:27:40.218,0.9523,0.9527,24.90,27.40
2007.08.16 01:27:40.326,0.9524,0.9527,7.30,7.40
2007.08.16 01:27:40.428,0.9524,0.9527,14.30,7.40
2007.08.16 01:27:40.733,0.9525,0.9527,1.50,7.40
2007.08.16 01:27:41.667,0.9524,0.9527,20.90,5.60
2007.08.16 01:27:42.810,0.9525,0.9527,0.80,4.00
2007.08.16 01:27:43.123,0.9524,0.9527,6.30,4.00
2007.08.16 01:27:43.218,0.9524,0.9527,3.20,4.00
2007.08.16 01:27:43.740,0.9523,0.9527,40.90,4.00
2007.08.16 01:27:44.141,0.9523,0.9527,32.10,4.80
2007.08.16 01:27:44.251,0.9524,0.9527,0.80,22.60
2007.08.16 01:27:44.359,0.9524,0.9527,2.30,24.20
2007.08.16 01:27:44.763,0.9523,0.9527,25.00,27.40
2007.08.16 01:27:45.670,0.9523,0.9527,24.90,23.40
2007.08.16 01:27:45.706,0.9523,0.9527,24.90,5.60
2007.08.16 01:27:45.920,0.9523,0.9527,32.90,4.00
2007.08.16 01:27:47.688,0.9523,0.9527,32.90,5.80
2007.08.16 01:27:47.830,0.9525,0.9527,1.10,24.20
2007.08.16 01:27:48.230,0.95225,0.9527,30.60,24.20
2007.08.16 01:27:48.316,0.9524,0.9527,0.60,24.20
2007.08.16 01:27:48.339,0.9524,0.9526,0.70,0.80
2007.08.16 01:27:48.414,0.95225,0.9526,25.50,12.70
2007.08.16 01:27:48.524,0.9522,0.9526,18.30,12.70
2007.08.16 01:27:48.745,0.9522,0.9526,18.40,12.70
2007.08.16 01:27:48.834,0.9522,0.9526,18.40,16.70
2007.08.16 01:27:48.849,0.9523,0.9526,0.90,20.70
2007.08.16 01:27:49.687,0.9522,0.9526,18.40,15.90
2007.08.16 01:27:49.761,0.9523,0.9526,1.00,4.00
2007.08.16 01:27:50.699,0.9522,0.9527,38.40,28.80
2007.08.16 01:27:53.676,0.9522,0.9526,38.40,0.80
2007.08.16 01:27:53.828,0.9523,0.9526,0.70,12.70
2007.08.16 01:27:54.309,0.9522,0.9526,18.40,16.70
2007.08.16 01:27:54.825,0.9522,0.9526,18.40,20.70
2007.08.16 01:28:01.374,0.9523,0.9526,1.60,8.70
2007.08.16 01:28:01.401,0.9523,0.9526,1.60,4.00
2007.08.16 01:28:01.893,0.95225,0.9526,8.00,4.00
2007.08.16 01:28:01.988,0.9523,0.9526,1.60,4.00
2007.08.16 01:28:02.321,0.9523,0.9527,1.60,8.00
2007.08.16 01:28:02.609,0.9523,0.95275,1.60,16.00
2007.08.16 01:28:04.339,0.9523,0.9528,1.60,38.40
2007.08.16 01:28:04.380,0.9522,0.9528,26.40,32.20
2007.08.16 01:28:04.596,0.9522,0.9527,26.40,16.00
2007.08.16 01:28:05.731,0.9522,0.9527,38.40,16.00
2007.08.16 01:28:05.939,0.9523,0.9526,1.60,0.60
2007.08.16 01:28:06.558,0.9523,0.95275,1.60,16.00
2007.08.16 01:28:07.378,0.9524,0.95275,0.80,16.00
2007.08.16 01:28:07.506,0.9525,0.95275,4.00,12.00
2007.08.16 01:28:07.712,0.9525,0.9529,4.00,43.40
2007.08.16 01:28:07.915,0.9525,0.9528,5.60,0.80
2007.08.16 01:28:08.217,0.9525,0.9529,5.60,41.00
2007.08.16 01:28:08.747,0.9525,0.9527,5.60,0.90
2007.08.16 01:28:09.889,0.9525,0.9528,1.60,32.00
2007.08.16 01:28:09.995,0.9524,0.95275,4.00,23.90
2007.08.16 01:28:10.208,0.9523,0.9527,5.60,19.90
2007.08.16 01:28:10.409,0.9523,0.9527,1.60,19.90
2007.08.16 01:28:12.183,0.9523,0.9526,6.30,0.60
2007.08.16 01:28:12.699,0.9523,0.9527,10.30,0.90
2007.08.16 01:28:12.722,0.9523,0.9528,10.30,43.20
2007.08.16 01:28:13.421,0.9523,0.9526,10.30,0.50
2007.08.16 01:28:13.733,0.9523,0.9527,5.60,35.30
2007.08.16 01:28:13.932,0.9523,0.9527,5.60,35.30
2007.08.16 01:28:14.030,0.9523,0.9527,1.60,43.30
2007.08.16 01:28:14.155,0.9523,0.9527,1.60,43.40
2007.08.16 01:28:14.683,0.9523,0.9525,1.60,0.80
2007.08.16 01:28:14.770,0.9523,0.9526,1.60,35.30
2007.08.16 01:28:15.797,0.9523,0.9526,1.60,37.50
2007.08.16 01:28:17.940,0.9523,0.9526,1.60,36.70
2007.08.16 01:28:18.301,0.9522,0.9526,10.40,36.70
2007.08.16 01:28:23.695,0.9522,0.9525,5.60,0.70
2007.08.16 01:28:23.804,0.9522,0.9526,1.60,37.60
2007.08.16 01:28:24.210,0.9522,0.9525,1.60,0.90
2007.08.16 01:28:24.349,0.9522,0.9525,1.60,34.50
2007.08.16 01:28:24.737,0.9522,0.9525,1.60,34.50
2007.08.16 01:28:25.051,0.9522,0.9525,1.60,35.30
2007.08.16 01:28:25.181,0.9522,0.9525,1.60,34.50
2007.08.16 01:28:25.750,0.9522,0.9524,1.60,0.70
2007.08.16 01:28:26.692,0.9522,0.9525,1.60,0.50
2007.08.16 01:28:29.486,0.9522,0.9525,1.60,28.80
2007.08.16 01:28:29.807,0.9522,0.9525,1.60,24.80
2007.08.16 01:28:30.320,0.9522,0.9525,1.60,28.80
2007.08.16 01:28:32.185,0.9522,0.9525,1.60,34.60
2007.08.16 01:28:32.282,0.9522,0.9524,1.60,11.90
2007.08.16 01:28:32.399,0.9522,0.9524,1.60,15.90
2007.08.16 01:28:32.603,0.9522,0.9524,1.60,19.90
2007.08.16 01:28:32.780,0.9522,0.9524,1.60,20.70
2007.08.16 01:28:39.481,0.9522,0.9524,1.60,19.90
2007.08.16 01:28:39.557,0.9521,0.9524,22.40,4.00
2007.08.16 01:28:39.769,0.9521,0.9524,26.40,4.00
2007.08.16 01:28:39.863,0.9521,0.9525,30.40,15.90
2007.08.16 01:28:39.971,0.9522,0.9525,1.60,15.90
2007.08.16 01:28:43.711,0.9522,0.9525,1.60,20.70
2007.08.16 01:28:43.926,0.9521,0.9525,5.60,26.30
2007.08.16 01:28:44.627,0.9521,0.9525,5.60,30.30
2007.08.16 01:28:45.124,0.9521,0.9525,5.60,29.50
2007.08.16 01:28:45.237,0.9521,0.9525,5.60,25.50
2007.08.16 01:28:45.371,0.9521,0.9525,9.60,19.90
2007.08.16 01:28:45.662,0.9521,0.9525,9.60,15.90
2007.08.16 01:29:04.476,0.9521,0.9525,9.60,16.70
2007.08.16 01:29:04.718,0.9521,0.9525,9.60,21.40
2007.08.16 01:29:04.768,0.9521,0.9524,9.60,0.90
2007.08.16 01:29:04.863,0.9521,0.9524,5.60,0.60
2007.08.16 01:29:04.972,0.9521,0.9524,4.00,0.70
2007.08.16 01:29:05.594,0.952,0.9524,14.40,0.70
2007.08.16 01:29:06.111,0.952,0.95245,14.40,31.90
2007.08.16 01:29:06.208,0.952,0.95245,14.40,27.90
2007.08.16 01:29:06.301,0.952,0.9525,22.40,38.50
2007.08.16 01:29:06.321,0.9521,0.9524,4.00,0.50
2007.08.16 01:29:06.724,0.9521,0.9525,4.00,0.80
2007.08.16 01:29:07.814,0.9521,0.9525,4.00,0.80
2007.08.16 01:29:08.344,0.9521,0.95255,4.00,13.60
2007.08.16 01:29:08.396,0.9521,0.9525,4.00,0.90
2007.08.16 01:29:08.592,0.9521,0.9526,4.00,41.00
2007.08.16 01:29:08.712,0.9521,0.9525,4.00,19.10
2007.08.16 01:29:08.808,0.952,0.9525,26.40,40.90
2007.08.16 01:29:08.846,0.952,0.95245,18.40,20.70
2007.08.16 01:29:09.207,0.952,0.9524,18.40,0.50
2007.08.16 01:29:09.749,0.952,0.9524,18.40,0.90
2007.08.16 01:29:09.923,0.9521,0.95245,0.80,28.70
2007.08.16 01:29:10.032,0.9521,0.95245,0.80,27.90
2007.08.16 01:29:10.050,0.9521,0.9524,4.80,0.50
2007.08.16 01:29:10.169,0.9521,0.9525,6.40,40.10
2007.08.16 01:29:10.441,0.9521,0.9525,5.60,40.90
2007.08.16 01:29:10.468,0.9521,0.9525,9.60,40.90
2007.08.16 01:29:10.584,0.9521,0.9524,9.60,28.10
2007.08.16 01:29:10.681,0.9521,0.9523,5.60,0.80
2007.08.16 01:29:13.090,0.9521,0.9524,5.60,36.90
2007.08.16 01:29:13.203,0.9521,0.9524,5.60,36.80
2007.08.16 01:29:13.381,0.952,0.9524,9.60,40.80
2007.08.16 01:29:13.582,0.952,0.9524,5.60,40.80
2007.08.16 01:29:13.723,0.952,0.9524,9.60,40.90
2007.08.16 01:29:13.802,0.952,0.9524,11.40,40.90
2007.08.16 01:29:13.906,0.952,0.9524,19.40,41.00
2007.08.16 01:29:14.515,0.952,0.9524,20.20,40.20
2007.08.16 01:29:14.860,0.952,0.9523,24.20,0.60
2007.08.16 01:29:16.372,0.9521,0.9524,1.60,40.20
2007.08.16 01:29:18.026,0.9521,0.9524,5.60,38.40
2007.08.16 01:29:18.158,0.9521,0.9524,4.00,0.90
2007.08.16 01:29:18.241,0.9521,0.9525,4.00,41.00
2007.08.16 01:29:18.352,0.9521,0.9525,5.60,41.00
2007.08.16 01:29:19.115,0.9521,0.9525,6.40,40.20
2007.08.16 01:29:19.277,0.9521,0.9525,4.80,40.20
2007.08.16 01:29:20.222,0.9521,0.9524,8.80,0.90
2007.08.16 01:29:20.236,0.9521,0.9525,12.80,38.40
2007.08.16 01:29:20.317,0.9521,0.9525,12.80,38.40
2007.08.16 01:29:20.830,0.9521,0.9526,12.80,41.00
2007.08.16 01:29:21.162,0.9521,0.95255,12.80,38.40
2007.08.16 01:29:21.485,0.9521,0.95255,12.00,38.40
2007.08.16 01:29:21.568,0.9521,0.95255,8.00,42.40
2007.08.16 01:29:21.581,0.9521,0.9525,8.00,35.20
2007.08.16 01:29:21.664,0.9521,0.9525,9.60,43.20
2007.08.16 01:29:21.770,0.9521,0.9525,9.60,43.20
2007.08.16 01:29:22.251,0.9521,0.9524,5.60,0.80
2007.08.16 01:29:22.284,0.9521,0.95245,5.60,40.10
2007.08.16 01:29:22.400,0.9521,0.9524,5.60,32.10
2007.08.16 01:29:23.224,0.9521,0.9524,5.60,32.90
2007.08.16 01:29:24.656,0.9521,0.9523,5.60,0.80
2007.08.16 01:29:26.198,0.9521,0.9523,5.60,0.70
2007.08.16 01:29:27.135,0.9521,0.9524,6.40,31.30
2007.08.16 01:29:27.245,0.9521,0.9524,10.40,27.30
2007.08.16 01:29:27.377,0.9521,0.9524,14.40,27.30
2007.08.16 01:29:27.451,0.9521,0.9523,13.60,0.60
2007.08.16 01:29:27.878,0.9521,0.9525,17.60,33.00
2007.08.16 01:29:28.683,0.9521,0.9524,13.60,0.50
2007.08.16 01:29:28.812,0.9521,0.9524,5.60,0.70
2007.08.16 01:29:28.919,0.9521,0.9525,9.60,40.90
2007.08.16 01:29:29.017,0.9521,0.9525,9.60,40.90
2007.08.16 01:29:29.236,0.9521,0.9524,5.60,0.50
2007.08.16 01:29:29.355,0.9521,0.9525,4.00,40.80
2007.08.16 01:29:29.652,0.952,0.9525,34.40,40.80
2007.08.16 01:29:29.760,0.952,0.9524,18.40,0.60
2007.08.16 01:29:29.961,0.952,0.9523,18.40,0.80
2007.08.16 01:29:30.178,0.952,0.9523,22.40,0.80
2007.08.16 01:29:30.265,0.952,0.9524,34.60,0.70
2007.08.16 01:29:30.379,0.952,0.9525,26.60,40.80
2007.08.16 01:29:30.485,0.952,0.9525,36.80,40.80
2007.08.16 01:29:30.579,0.952,0.9524,14.30,32.10
2007.08.16 01:29:30.795,0.952,0.9523,10.30,0.90
2007.08.16 01:29:30.813,0.952,0.9523,6.40,0.90
2007.08.16 01:29:30.943,0.952,0.9524,10.30,32.10
2007.08.16 01:29:31.012,0.952,0.9523,10.40,0.70
2007.08.16 01:29:34.667,0.952,0.9523,9.60,16.70
2007.08.16 01:29:34.931,0.952,0.9523,9.60,20.70
2007.08.16 01:29:35.336,0.952,0.9523,5.60,24.70
2007.08.16 01:29:35.679,0.952,0.9523,5.60,28.70
2007.08.16 01:29:36.913,0.952,0.9523,5.60,30.30
2007.08.16 01:29:41.485,0.952,0.9523,6.40,29.50
2007.08.16 01:29:41.593,0.952,0.9523,10.40,25.50
2007.08.16 01:29:41.661,0.952,0.9523,14.40,9.60
2007.08.16 01:29:41.780,0.952,0.9523,12.80,4.00
2007.08.16 01:29:41.884,0.952,0.9524,16.80,22.30
2007.08.16 01:29:42.619,0.952,0.9524,16.00,22.30
2007.08.16 01:29:42.710,0.952,0.9524,7.90,30.40
2007.08.16 01:29:42.730,0.952,0.9524,4.00,30.40
2007.08.16 01:29:42.903,0.952,0.9524,4.00,38.40
2007.08.16 01:29:43.754,0.9519,0.9524,30.40,38.40
2007.08.16 01:29:44.678,0.9519,0.9523,30.40,0.80
2007.08.16 01:29:44.980,0.952,0.95235,0.80,8.00
2007.08.16 01:29:44.996,0.952,0.9523,0.80,1.60
2007.08.16 01:29:45.202,0.952,0.9523,6.40,1.60
2007.08.16 01:29:45.283,0.952,0.9523,6.40,5.50
2007.08.16 01:29:45.617,0.952,0.9523,10.40,5.50
2007.08.16 01:29:45.729,0.952,0.9523,10.40,9.50
2007.08.16 01:29:46.028,0.952,0.9523,9.60,10.30
2007.08.16 01:29:46.127,0.952,0.9522,5.60,1.60
2007.08.16 01:29:47.279,0.952,0.9523,5.60,14.30
2007.08.16 01:29:47.373,0.952,0.9523,5.60,10.30
2007.08.16 01:29:47.691,0.952,0.9523,5.60,6.30
2007.08.16 01:29:48.733,0.952,0.9523,5.60,12.10
2007.08.16 01:29:48.843,0.952,0.9523,5.60,20.10
2007.08.16 01:29:48.930,0.952,0.9522,5.60,1.60
2007.08.16 01:29:49.105,0.952,0.9522,5.60,6.30
2007.08.16 01:29:49.130,0.952,0.9522,1.60,22.30
2007.08.16 01:29:49.249,0.9519,0.9521,13.60,1.60
2007.08.16 01:29:49.356,0.9519,0.9521,5.60,1.60
2007.08.16 01:29:51.784,0.9519,0.9521,10.40,1.60
2007.08.16 01:29:51.944,0.9519,0.9522,10.40,5.60
2007.08.16 01:29:52.122,0.9519,0.9522,10.40,13.60
2007.08.16 01:29:52.209,0.9519,0.9521,5.60,4.70
2007.08.16 01:29:52.249,0.9519,0.9521,1.60,8.70
2007.08.16 01:29:52.344,0.9518,0.9521,11.40,14.30
2007.08.16 01:29:52.607,0.9519,0.9521,0.80,13.50
2007.08.16 01:29:52.667,0.9519,0.9521,0.80,17.50
2007.08.16 01:29:52.712,0.9519,0.9521,4.70,13.60
2007.08.16 01:29:52.778,0.9519,0.9521,8.80,5.60
2007.08.16 01:29:52.879,0.9519,0.9521,12.80,5.60
2007.08.16 01:29:52.911,0.9519,0.9523,12.80,16.70
2007.08.16 01:29:52.978,0.9519,0.9521,14.40,4.00
2007.08.16 01:29:53.181,0.9519,0.9521,22.40,4.00
2007.08.16 01:29:53.296,0.9519,0.9521,20.80,4.00
2007.08.16 01:29:53.390,0.9519,0.9521,22.40,4.00
2007.08.16 01:29:53.429,0.9519,0.9521,14.40,4.00
2007.08.16 01:29:53.722,0.9519,0.9522,14.40,1.60
2007.08.16 01:29:54.223,0.9519,0.9522,14.40,5.60
2007.08.16 01:29:54.331,0.9519,0.9522,10.40,5.60
2007.08.16 01:29:54.672,0.9519,0.9522,9.60,6.40
2007.08.16 01:29:54.749,0.9519,0.9522,9.60,10.40
2007.08.16 01:29:54.765,0.9519,0.9522,5.60,14.30
2007.08.16 01:29:54.854,0.9519,0.9522,5.60,16.10
2007.08.16 01:29:54.970,0.9519,0.9522,4.00,16.10
2007.08.16 01:29:55.278,0.9519,0.9522,4.00,28.10
2007.08.16 01:29:55.364,0.9519,0.9521,5.60,1.60
2007.08.16 01:29:57.528,0.9519,0.9521,6.40,1.60
2007.08.16 01:29:57.722,0.9519,0.9521,10.40,1.60
2007.08.16 01:29:57.748,0.9519,0.9522,10.40,23.90
2007.08.16 01:29:57.865,0.9519,0.9522,10.40,19.90
2007.08.16 01:29:58.170,0.9519,0.9522,9.60,20.70
2007.08.16 01:29:59.717,0.9519,0.9522,13.60,16.70
2007.08.16 01:29:59.847,0.9519,0.9522,19.40,4.80
2007.08.16 01:30:00.117,0.9519,0.9522,20.20,4.00
2007.08.16 01:30:00.355,0.952,0.9522,1.60,4.00
2007.08.16 01:30:00.640,0.952,0.9522,1.60,4.80
2007.08.16 01:30:01.152,0.952,0.9522,1.60,4.00
2007.08.16 01:30:01.403,0.9519,0.9522,32.20,4.00
2007.08.16 01:30:01.696,0.9519,0.9523,32.20,30.40
2007.08.16 01:30:01.810,0.952,0.9523,1.60,30.40
2007.08.16 01:30:02.481,0.952,0.9523,2.40,30.40
2007.08.16 01:30:02.577,0.952,0.9523,2.40,29.60
2007.08.16 01:30:03.510,0.952,0.9523,0.50,29.60
2007.08.16 01:30:03.612,0.9519,0.9523,32.20,30.40
2007.08.16 01:30:05.309,0.9519,0.9523,8.20,30.40
2007.08.16 01:30:08.851,0.9519,0.9523,32.20,30.40
2007.08.16 01:30:09.780,0.9519,0.9523,32.20,28.80
2007.08.16 01:30:12.685,0.952,0.9523,3.10,30.60
2007.08.16 01:30:12.731,0.9519,0.9523,32.10,26.60
2007.08.16 01:30:12.803,0.9519,0.9523,32.20,18.50
2007.08.16 01:30:12.892,0.952,0.9523,5.90,18.50
2007.08.16 01:30:13.315,0.9521,0.9523,0.60,18.50
2007.08.16 01:30:13.619,0.9521,0.9523,0.70,17.70
2007.08.16 01:30:13.729,0.952,0.9523,18.40,15.90
2007.08.16 01:30:14.801,0.9521,0.9523,0.50,11.90
2007.08.16 01:30:18.434,0.952,0.9523,7.00,11.90
2007.08.16 01:30:18.833,0.9519,0.9524,33.00,28.80
2007.08.16 01:30:18.893,0.9519,0.9524,33.00,28.80
2007.08.16 01:30:18.940,0.9521,0.9524,3.00,24.80
2007.08.16 01:30:19.869,0.952,0.9523,30.40,11.90
2007.08.16 01:30:21.832,0.952,0.9524,30.40,26.40
2007.08.16 01:30:21.931,0.952,0.9524,30.40,24.80
2007.08.16 01:30:23.285,0.952,0.9523,30.40,11.90
2007.08.16 01:30:23.424,0.9521,0.9523,0.50,11.90
2007.08.16 01:30:28.341,0.952,0.9524,22.40,26.40
2007.08.16 01:30:28.470,0.952,0.9524,30.40,24.80
2007.08.16 01:30:31.940,0.9521,0.9524,6.40,24.00
2007.08.16 01:30:32.045,0.9522,0.9524,1.60,24.00
2007.08.16 01:30:39.322,0.9522,0.9524,1.60,20.00
2007.08.16 01:30:39.794,0.9522,0.9524,1.60,4.00
2007.08.16 01:30:40.719,0.9522,0.9525,1.60,28.80
2007.08.16 01:30:47.807,0.9522,0.9525,1.60,0.60
2007.08.16 01:30:48.280,0.9522,0.9526,1.60,41.20
2007.08.16 01:30:48.786,0.9522,0.9525,1.60,34.50
2007.08.16 01:30:49.731,0.9522,0.9524,1.60,15.90
2007.08.16 01:31:02.233,0.9522,0.9524,1.60,19.90
2007.08.16 01:31:02.275,0.9522,0.9524,1.60,24.00
2007.08.16 01:31:02.338,0.9522,0.9524,1.60,24.80
2007.08.16 01:31:02.397,0.9521,0.9524,9.60,24.80
2007.08.16 01:31:02.811,0.9521,0.9524,5.60,24.80
2007.08.16 01:31:08.851,0.9521,0.9524,2.50,24.80
2007.08.16 01:31:21.364,0.952,0.9524,30.40,24.80
2007.08.16 01:31:30.669,0.9521,0.9524,1.70,24.00
2007.08.16 01:31:30.888,0.95205,0.9524,18.40,24.00
2007.08.16 01:31:31.391,0.95205,0.9524,18.40,25.60
2007.08.16 01:31:32.639,0.9521,0.9524,2.00,26.40
2007.08.16 01:31:33.278,0.95205,0.9523,17.60,11.90
2007.08.16 01:31:33.390,0.952,0.9523,26.40,11.90
2007.08.16 01:31:34.306,0.952,0.9524,22.40,24.80
2007.08.16 01:31:36.675,0.9521,0.9524,4.00,26.60
2007.08.16 01:31:36.774,0.9521,0.9523,4.00,11.90
2007.08.16 01:31:36.894,0.9521,0.9523,5.60,11.90
2007.08.16 01:31:47.366,0.9521,0.9524,5.60,26.40
2007.08.16 01:31:47.453,0.9521,0.9524,4.00,24.80
2007.08.16 01:31:48.181,0.9521,0.9524,4.00,26.60
2007.08.16 01:31:48.293,0.9521,0.9523,4.00,11.90
2007.08.16 01:31:48.389,0.952,0.9523,22.40,11.90
2007.08.16 01:31:52.130,0.952,0.9524,22.40,32.10
2007.08.16 01:31:59.197,0.9521,0.9524,0.80,32.10
2007.08.16 01:31:59.396,0.9521,0.95245,4.80,27.40
2007.08.16 01:31:59.600,0.9521,0.9525,6.40,30.00
2007.08.16 01:31:59.681,0.9521,0.9525,14.40,30.00
2007.08.16 01:32:01.369,0.9522,0.9524,1.60,0.60
2007.08.16 01:32:11.321,0.9522,0.9525,1.60,29.90
2007.08.16 01:32:11.434,0.9522,0.9524,1.60,0.90
2007.08.16 01:32:11.542,0.9522,0.95255,1.60,38.40
2007.08.16 01:32:13.285,0.9522,0.95255,1.60,42.40
2007.08.16 01:32:13.489,0.9521,0.9525,9.60,0.60
2007.08.16 01:32:13.518,0.9521,0.9525,9.60,0.60
2007.08.16 01:32:13.603,0.9521,0.9525,5.60,0.60
2007.08.16 01:32:14.965,0.9521,0.9526,4.00,43.20
2007.08.16 01:32:16.707,0.9521,0.9525,4.00,43.20
2007.08.16 01:32:16.817,0.9521,0.9525,4.00,40.90
2007.08.16 01:32:16.912,0.9521,0.9525,4.00,40.90
2007.08.16 01:32:17.757,0.952,0.9524,10.40,0.60
2007.08.16 01:32:17.936,0.952,0.95245,6.40,34.30
2007.08.16 01:32:18.144,0.952,0.9524,6.40,0.60
2007.08.16 01:32:18.182,0.9519,0.95245,33.00,33.50
2007.08.16 01:32:18.253,0.9519,0.95245,40.90,21.60
2007.08.16 01:32:18.370,0.952,0.9524,0.70,0.90
2007.08.16 01:32:18.782,0.95195,0.9526,30.30,43.20
2007.08.16 01:32:19.173,0.9519,0.9525,40.80,42.40
2007.08.16 01:32:19.254,0.9519,0.95245,40.80,8.80
2007.08.16 01:32:19.299,0.952,0.9524,0.80,0.50
2007.08.16 01:32:19.707,0.9519,0.95245,33.00,30.30
2007.08.16 01:32:19.764,0.952,0.9524,0.60,0.50
2007.08.16 01:32:19.815,0.9519,0.95245,32.90,38.40
2007.08.16 01:32:22.312,0.952,0.9524,12.20,30.40
2007.08.16 01:32:22.445,0.952,0.9524,13.00,29.60
2007.08.16 01:32:22.537,0.952,0.9524,17.00,29.60
2007.08.16 01:32:23.159,0.952,0.9524,20.10,30.40
2007.08.16 01:32:23.251,0.9521,0.9524,1.00,32.20
2007.08.16 01:32:23.371,0.9521,0.9523,1.90,8.00
2007.08.16 01:32:23.677,0.9521,0.9523,1.90,8.80
2007.08.16 01:32:23.862,0.952,0.9523,5.60,12.80
2007.08.16 01:32:24.043,0.952,0.9523,1.30,12.80
2007.08.16 01:32:24.189,0.952,0.9523,0.50,12.00
2007.08.16 01:32:24.274,0.9519,0.9523,31.10,12.00
2007.08.16 01:32:24.360,0.952,0.9523,4.40,13.60
2007.08.16 01:32:24.680,0.952,0.9523,1.20,17.60
2007.08.16 01:32:24.887,0.9519,0.9523,36.90,13.60
2007.08.16 01:32:24.983,0.9519,0.9523,36.90,12.00
2007.08.16 01:32:25.211,0.9519,0.9523,36.10,12.80
2007.08.16 01:32:25.324,0.9519,0.9523,34.30,16.80
2007.08.16 01:32:25.415,0.9519,0.9523,6.70,18.40
2007.08.16 01:32:25.571,0.95185,0.9523,34.30,18.40
2007.08.16 01:32:25.605,0.9519,0.9523,6.70,18.40
2007.08.16 01:32:25.927,0.9519,0.9523,1.40,16.80
2007.08.16 01:32:27.274,0.95185,0.9522,30.30,4.00
2007.08.16 01:32:27.821,0.9519,0.9522,23.10,4.00
2007.08.16 01:32:27.907,0.952,0.9522,2.40,4.00
2007.08.16 01:32:28.015,0.952,0.9522,3.10,4.00
2007.08.16 01:32:28.221,0.9519,0.9523,28.90,13.60
2007.08.16 01:32:28.319,0.9519,0.9523,28.90,8.00
2007.08.16 01:32:29.484,0.9521,0.9523,0.70,8.00
2007.08.16 01:32:30.357,0.952,0.9523,15.10,4.00
2007.08.16 01:32:30.400,0.952,0.9524,27.10,23.40
2007.08.16 01:32:30.495,0.952,0.9524,28.90,16.00
2007.08.16 01:32:30.616,0.9521,0.9524,4.20,12.00
2007.08.16 01:32:30.877,0.952,0.9524,36.10,12.80
2007.08.16 01:32:30.917,0.952,0.9524,38.30,8.80
2007.08.16 01:32:31.119,0.95195,0.9524,38.30,8.80
2007.08.16 01:32:31.332,0.95195,0.9524,34.30,12.80
2007.08.16 01:32:32.734,0.9521,0.9524,0.80,12.00
2007.08.16 01:32:32.774,0.952,0.9524,32.90,12.00
2007.08.16 01:32:32.979,0.9521,0.9524,2.20,13.60
2007.08.16 01:32:40.576,0.952,0.9524,40.90,17.60
2007.08.16 01:32:47.885,0.9521,0.9524,1.60,18.40
2007.08.16 01:32:48.320,0.952,0.9524,30.30,16.80
2007.08.16 01:32:48.606,0.9521,0.9524,0.80,16.80
2007.08.16 01:32:48.699,0.9521,0.9524,0.80,16.00
2007.08.16 01:32:48.778,0.9521,0.9524,4.80,16.00
2007.08.16 01:32:48.901,0.9521,0.9524,6.40,16.00
2007.08.16 01:32:49.310,0.9521,0.9524,6.40,17.60
2007.08.16 01:32:50.399,0.9521,0.9524,6.40,16.00
2007.08.16 01:32:50.651,0.9521,0.9524,5.60,16.80
2007.08.16 01:32:50.820,0.9521,0.9524,1.60,16.80
2007.08.16 01:32:50.938,0.952,0.9524,30.30,16.80
2007.08.16 01:32:51.352,0.9521,0.9524,1.60,18.40
2007.08.16 01:32:52.194,0.9521,0.9524,1.60,30.40
2007.08.16 01:32:53.379,0.952,0.9524,14.40,28.80
2007.08.16 01:32:54.179,0.9521,0.9524,0.80,28.00
2007.08.16 01:32:54.320,0.9521,0.9524,4.80,28.00
2007.08.16 01:32:54.415,0.9521,0.9524,6.40,28.00
2007.08.16 01:32:55.193,0.9521,0.9524,5.60,28.80
2007.08.16 01:32:55.403,0.9521,0.9524,6.40,28.00
2007.08.16 01:32:55.442,0.9521,0.9524,10.40,16.00
2007.08.16 01:32:55.563,0.9522,0.9524,1.60,17.60
2007.08.16 01:32:55.659,0.9522,0.9524,1.60,13.60
2007.08.16 01:32:55.746,0.9522,0.9524,1.60,9.60
2007.08.16 01:32:55.989,0.9521,0.9524,14.40,8.00
2007.08.16 01:32:56.646,0.9522,0.9524,0.80,8.00
2007.08.16 01:32:56.745,0.9522,0.9524,0.80,4.00
2007.08.16 01:32:56.842,0.9522,0.9524,4.80,4.00
2007.08.16 01:32:56.953,0.9522,0.9524,6.40,5.60
2007.08.16 01:32:57.157,0.9522,0.9524,5.60,9.60
2007.08.16 01:32:57.258,0.9522,0.9523,1.60,4.00
2007.08.16 01:32:57.990,0.9522,0.9524,5.60,9.50
2007.08.16 01:32:58.012,0.9522,0.9524,5.60,5.60
2007.08.16 01:32:58.216,0.9522,0.9524,5.60,1.60
2007.08.16 01:32:58.315,0.9522,0.9525,5.60,42.60
2007.08.16 01:32:58.446,0.9522,0.9525,5.60,34.60
2007.08.16 01:33:00.237,0.9522,0.9525,9.60,30.40
2007.08.16 01:33:00.264,0.9522,0.9525,10.40,29.60
2007.08.16 01:33:00.336,0.9523,0.9525,1.60,29.60
2007.08.16 01:33:01.490,0.9523,0.9525,1.60,30.40
2007.08.16 01:33:01.571,0.9522,0.9525,1.60,34.40
2007.08.16 01:33:02.838,0.9521,0.9525,20.20,34.40
2007.08.16 01:33:02.926,0.9521,0.9525,20.20,30.40
2007.08.16 01:33:02.959,0.9522,0.9525,17.50,8.80
2007.08.16 01:33:03.296,0.9522,0.9525,5.60,4.80
2007.08.16 01:33:03.412,0.9522,0.9525,8.00,4.80
2007.08.16 01:33:03.618,0.9522,0.9525,9.60,4.80
2007.08.16 01:33:04.186,0.9522,0.9525,9.60,4.00
2007.08.16 01:33:04.270,0.9522,0.9526,9.60,30.30
2007.08.16 01:33:05.714,0.9522,0.9526,9.60,25.50
2007.08.16 01:33:05.729,0.9522,0.9526,21.50,13.60
2007.08.16 01:33:05.840,0.9522,0.9526,21.50,9.60
2007.08.16 01:33:05.939,0.9522,0.9526,21.50,8.00
2007.08.16 01:33:06.592,0.9522,0.9526,19.90,8.00
2007.08.16 01:33:06.621,0.9522,0.9526,27.90,8.00
2007.08.16 01:33:06.684,0.9522,0.9526,27.90,4.00
2007.08.16 01:33:07.002,0.9524,0.9526,0.80,4.00
2007.08.16 01:33:07.041,0.9524,0.9527,4.80,4.00
2007.08.16 01:33:07.360,0.9524,0.9528,8.70,27.40
2007.08.16 01:33:07.560,0.9524,0.9528,24.80,8.00
2007.08.16 01:33:07.783,0.9524,0.9528,24.80,4.00
2007.08.16 01:33:07.900,0.9524,0.9529,28.80,42.40
2007.08.16 01:33:08.005,0.9524,0.9529,30.40,42.40
2007.08.16 01:33:08.184,0.9524,0.9528,30.40,0.80
2007.08.16 01:33:08.316,0.9524,0.9528,30.40,6.40
2007.08.16 01:33:08.430,0.9524,0.9529,30.40,43.20
2007.08.16 01:33:08.637,0.9524,0.95285,30.40,18.40
2007.08.16 01:33:08.793,0.9524,0.95285,30.40,22.30
2007.08.16 01:33:08.902,0.9524,0.9527,29.60,1.60
2007.08.16 01:33:08.987,0.9524,0.95265,9.50,28.70
2007.08.16 01:33:09.072,0.9524,0.9525,7.90,0.50
2007.08.16 01:33:09.187,0.9524,0.9525,7.90,0.50
2007.08.16 01:33:09.306,0.9524,0.9525,4.00,0.60
2007.08.16 01:33:09.511,0.9523,0.9525,10.40,0.70
2007.08.16 01:33:09.615,0.9523,0.9526,10.40,11.90
2007.08.16 01:33:09.712,0.9523,0.9526,14.40,11.90
2007.08.16 01:33:09.839,0.9523,0.9527,18.40,0.60
2007.08.16 01:33:10.009,0.9523,0.9526,13.60,19.30
2007.08.16 01:33:10.056,0.9523,0.9525,13.60,0.70
2007.08.16 01:33:10.271,0.9523,0.9525,13.60,0.60
2007.08.16 01:33:10.388,0.9523,0.9526,9.60,40.10
2007.08.16 01:33:10.471,0.9523,0.9525,5.60,0.70
2007.08.16 01:33:14.172,0.9523,0.9525,5.60,0.90
2007.08.16 01:33:14.242,0.9523,0.9526,1.60,40.00
2007.08.16 01:33:14.367,0.9522,0.9525,10.40,0.70
2007.08.16 01:33:14.451,0.9522,0.9524,10.40,0.50
2007.08.16 01:33:14.488,0.9522,0.9524,9.60,0.90
2007.08.16 01:33:14.584,0.9522,0.95245,8.00,12.00
2007.08.16 01:33:14.670,0.9522,0.9524,8.00,0.70
2007.08.16 01:33:14.777,0.9522,0.95245,8.00,19.90
2007.08.16 01:33:14.783,0.9521,0.9524,10.40,0.80
2007.08.16 01:33:14.894,0.9521,0.95245,6.40,19.90
2007.08.16 01:33:15.001,0.9521,0.95245,4.80,19.90
2007.08.16 01:33:15.210,0.9521,0.9524,0.80,0.60
2007.08.16 01:33:15.312,0.9521,0.9524,0.80,23.90
2007.08.16 01:33:15.551,0.9521,0.9523,4.00,0.60
2007.08.16 01:33:15.637,0.9522,0.9524,1.60,0.60
2007.08.16 01:33:15.804,0.9522,0.9525,1.60,32.90
2007.08.16 01:33:15.851,0.9522,0.9525,1.60,40.90
2007.08.16 01:33:15.912,0.9522,0.9524,1.60,11.10
2007.08.16 01:33:16.146,0.9521,0.9524,8.00,0.90
2007.08.16 01:33:16.200,0.9521,0.9524,8.00,24.70
2007.08.16 01:33:16.298,0.9521,0.9524,4.00,0.60
2007.08.16 01:33:16.380,0.9521,0.95245,5.60,32.70
2007.08.16 01:33:16.510,0.9521,0.95245,1.60,36.70
2007.08.16 01:33:16.544,0.9521,0.9524,1.60,29.50
2007.08.16 01:33:16.616,0.952,0.9524,13.60,29.50
2007.08.16 01:33:16.639,0.952,0.95245,13.60,36.70
2007.08.16 01:33:17.379,0.952,0.95245,13.60,38.30
2007.08.16 01:33:17.473,0.952,0.95245,9.60,38.30
2007.08.16 01:33:20.432,0.952,0.9524,10.40,0.90
2007.08.16 01:33:20.555,0.952,0.95245,16.20,38.30
2007.08.16 01:33:20.662,0.9521,0.95245,1.60,38.30
2007.08.16 01:33:20.994,0.9521,0.95245,5.60,38.30
2007.08.16 01:33:21.147,0.9521,0.95245,6.40,37.50
2007.08.16 01:33:21.934,0.9521,0.9524,6.40,0.70
2007.08.16 01:33:22.267,0.9521,0.9524,5.60,0.60
2007.08.16 01:33:24.003,0.9521,0.9524,9.60,30.30
2007.08.16 01:33:24.305,0.9521,0.9525,9.60,40.90
2007.08.16 01:33:24.463,0.9521,0.9524,10.40,0.70
2007.08.16 01:33:25.172,0.9521,0.9525,14.40,40.10
2007.08.16 01:33:25.728,0.9521,0.9525,14.40,38.40
2007.08.16 01:33:25.949,0.9521,0.9525,14.40,30.40
2007.08.16 01:33:26.289,0.9521,0.9525,14.40,34.30
2007.08.16 01:33:26.364,0.9521,0.9525,14.40,34.30
2007.08.16 01:33:26.488,0.9521,0.9525,14.40,42.30
2007.08.16 01:33:26.809,0.9521,0.9524,10.40,0.80
2007.08.16 01:33:30.514,0.9521,0.9525,14.40,38.30
2007.08.16 01:33:30.524,0.9522,0.9525,4.00,22.40
2007.08.16 01:33:30.608,0.9522,0.9524,4.00,0.60
2007.08.16 01:33:30.727,0.9522,0.9525,4.00,16.80
2007.08.16 01:33:30.939,0.9522,0.9525,4.00,0.50
2007.08.16 01:33:32.391,0.9522,0.9527,8.00,38.20
2007.08.16 01:33:33.896,0.9522,0.9526,8.00,17.50
2007.08.16 01:33:33.971,0.9522,0.9526,4.00,25.10
2007.08.16 01:33:34.000,0.9522,0.9526,4.00,29.00
2007.08.16 01:33:34.047,0.9522,0.9526,4.00,37.00
2007.08.16 01:33:34.082,0.9522,0.9524,4.00,0.50
2007.08.16 01:33:34.306,0.9522,0.9525,4.00,36.00
2007.08.16 01:33:34.520,0.9521,0.9524,14.40,0.80
2007.08.16 01:33:34.536,0.9521,0.9525,10.40,40.10
2007.08.16 01:33:35.184,0.9521,0.9524,9.60,0.80
2007.08.16 01:33:35.363,0.9521,0.9524,9.60,0.80
2007.08.16 01:33:35.885,0.9521,0.9525,10.40,40.90
2007.08.16 01:33:36.010,0.9521,0.9525,14.40,40.00
2007.08.16 01:33:36.112,0.9521,0.9525,14.40,26.30
2007.08.16 01:33:36.208,0.9521,0.9525,26.40,14.30
2007.08.16 01:33:36.315,0.9521,0.9524,26.40,0.80
2007.08.16 01:33:36.421,0.9521,0.9526,30.40,42.30
2007.08.16 01:33:36.513,0.9521,0.9525,30.40,0.80
2007.08.16 01:33:36.646,0.9521,0.9526,30.40,42.40
2007.08.16 01:33:37.431,0.9521,0.9525,30.40,0.50
2007.08.16 01:33:37.558,0.9521,0.9525,18.40,0.60
2007.08.16 01:33:37.665,0.9521,0.9524,18.40,0.50
2007.08.16 01:33:37.965,0.9521,0.9525,14.40,26.40
2007.08.16 01:33:39.131,0.9521,0.95255,26.40,17.60
2007.08.16 01:33:39.168,0.9521,0.9525,26.40,0.80
2007.08.16 01:33:39.336,0.9521,0.9526,10.40,43.10
2007.08.16 01:33:39.566,0.9521,0.9525,14.40,0.70
2007.08.16 01:33:39.664,0.9521,0.95255,14.40,34.30
2007.08.16 01:33:39.688,0.9521,0.9525,14.40,0.50
2007.08.16 01:33:39.762,0.9521,0.9525,26.40,0.80
2007.08.16 01:33:39.879,0.9521,0.9525,30.40,0.80
2007.08.16 01:33:40.090,0.9521,0.9526,30.40,42.40
2007.08.16 01:33:40.838,0.9521,0.9525,30.40,0.60
2007.08.16 01:33:42.935,0.9521,0.9525,30.40,0.60
2007.08.16 01:33:43.009,0.9521,0.9526,18.40,43.10
2007.08.16 01:33:43.107,0.9521,0.9525,16.80,0.70
2007.08.16 01:33:43.201,0.9521,0.9525,12.80,22.30
2007.08.16 01:33:43.326,0.9521,0.9525,8.80,26.30
2007.08.16 01:33:45.380,0.9521,0.9524,10.40,0.50
2007.08.16 01:33:47.056,0.9521,0.9524,32.20,0.80
2007.08.16 01:33:47.177,0.9521,0.9526,32.20,33.00
2007.08.16 01:33:47.408,0.9521,0.9525,34.60,0.50
2007.08.16 01:33:47.808,0.9521,0.95255,34.60,22.40
2007.08.16 01:33:49.409,0.9521,0.9526,34.60,32.20
2007.08.16 01:33:49.516,0.9521,0.9526,34.60,32.10
2007.08.16 01:33:49.524,0.9521,0.9525,34.40,0.60
2007.08.16 01:33:49.791,0.9521,0.9526,30.40,42.40
2007.08.16 01:33:51.975,0.9521,0.9525,30.40,0.60
2007.08.16 01:33:52.004,0.9521,0.9526,18.40,43.10
2007.08.16 01:33:52.103,0.9521,0.9525,18.40,14.30
2007.08.16 01:33:52.451,0.9521,0.9525,14.40,22.30
2007.08.16 01:33:53.499,0.9521,0.9524,26.40,0.80
2007.08.16 01:33:53.606,0.9521,0.9525,26.40,0.80
2007.08.16 01:33:53.635,0.9521,0.95255,26.40,13.60
2007.08.16 01:33:53.816,0.9521,0.9526,30.40,42.40
2007.08.16 01:33:58.451,0.9521,0.9525,26.30,0.60
2007.08.16 01:33:58.556,0.9521,0.9525,22.30,0.80
2007.08.16 01:33:59.729,0.9521,0.9525,10.40,0.60
2007.08.16 01:33:59.831,0.9521,0.9526,10.40,42.40
2007.08.16 01:33:59.905,0.9521,0.9526,10.40,43.20
2007.08.16 01:34:00.775,0.9521,0.9525,10.40,30.40
2007.08.16 01:34:03.315,0.9521,0.9525,10.40,28.80
2007.08.16 01:34:03.467,0.9521,0.9525,10.40,24.00
2007.08.16 01:34:03.487,0.9521,0.9525,18.40,24.00
2007.08.16 01:34:03.531,0.9522,0.9525,4.00,24.00
2007.08.16 01:34:03.638,0.9522,0.9525,4.00,8.00
2007.08.16 01:34:03.850,0.9522,0.9525,4.00,4.00
2007.08.16 01:34:05.155,0.9522,0.9525,4.80,4.00
2007.08.16 01:34:05.345,0.9522,0.9525,6.40,4.00
2007.08.16 01:34:05.617,0.9522,0.9525,5.60,4.00
2007.08.16 01:34:05.664,0.9522,0.9525,4.00,4.00
2007.08.16 01:34:06.528,0.9522,0.9526,8.00,15.90
2007.08.16 01:34:07.816,0.9522,0.9526,4.00,8.00
2007.08.16 01:34:07.850,0.9522,0.9526,4.00,16.00
2007.08.16 01:34:08.026,0.9522,0.9526,4.80,16.00
2007.08.16 01:34:08.033,0.9522,0.9526,20.70,12.00
2007.08.16 01:34:08.124,0.95225,0.9526,8.00,4.00
2007.08.16 01:34:08.362,0.9523,0.9527,4.00,17.60
2007.08.16 01:34:08.586,0.95225,0.9527,8.00,13.60
2007.08.16 01:34:08.707,0.95225,0.9527,8.00,12.00
2007.08.16 01:34:08.903,0.9523,0.9527,1.60,12.00
2007.08.16 01:34:09.224,0.9523,0.9527,1.60,24.00
2007.08.16 01:34:09.236,0.9523,0.9527,1.60,24.80
2007.08.16 01:34:09.339,0.9523,0.9527,1.60,30.40
2007.08.16 01:34:09.777,0.9523,0.9526,1.60,4.00
2007.08.16 01:34:09.852,0.9523,0.9526,1.60,8.00
2007.08.16 01:34:10.674,0.9523,0.9526,1.60,8.80
2007.08.16 01:34:10.729,0.9523,0.9526,1.60,14.40
2007.08.16 01:34:10.854,0.9523,0.9526,1.60,22.40
2007.08.16 01:34:10.982,0.9523,0.9525,1.60,3.90
2007.08.16 01:34:11.289,0.9523,0.9525,1.60,8.00
2007.08.16 01:34:11.591,0.9523,0.9525,5.60,3.90
2007.08.16 01:34:11.600,0.9523,0.9526,5.60,24.20
2007.08.16 01:34:11.816,0.9523,0.9526,5.60,20.20
2007.08.16 01:34:12.715,0.9523,0.9527,5.60,32.90
2007.08.16 01:34:14.558,0.9523,0.9526,5.60,28.20
2007.08.16 01:34:14.592,0.9523,0.9525,5.60,11.90
2007.08.16 01:34:14.688,0.9523,0.9525,5.60,13.50
2007.08.16 01:34:14.705,0.9523,0.9524,1.60,0.60
2007.08.16 01:34:14.798,0.9522,0.9525,4.00,43.20
2007.08.16 01:34:14.960,0.9521,0.9525,5.60,43.20
2007.08.16 01:34:15.203,0.9521,0.9524,6.40,0.70
2007.08.16 01:34:15.348,0.9521,0.9525,2.40,42.40
2007.08.16 01:34:15.549,0.9521,0.9525,6.40,30.40
2007.08.16 01:34:15.671,0.9521,0.9524,6.40,0.60
2007.08.16 01:34:15.764,0.9521,0.9525,6.40,20.70
2007.08.16 01:34:15.861,0.9521,0.9525,6.40,16.80
2007.08.16 01:34:15.873,0.9521,0.9525,18.40,8.80
2007.08.16 01:34:16.398,0.9521,0.9526,18.40,34.40
2007.08.16 01:34:17.550,0.9523,0.9526,0.80,33.60
2007.08.16 01:34:17.661,0.9523,0.9526,10.40,17.60
2007.08.16 01:34:17.989,0.9523,0.9526,10.40,0.60
2007.08.16 01:34:18.503,0.9523,0.9527,9.60,32.10
2007.08.16 01:34:18.596,0.9523,0.9526,9.60,0.50
2007.08.16 01:34:18.746,0.9523,0.9525,9.60,0.50
2007.08.16 01:34:18.839,0.9523,0.9526,1.60,18.40
2007.08.16 01:34:20.199,0.9522,0.95255,4.00,28.00
2007.08.16 01:34:20.507,0.9521,0.95255,5.60,32.00
2007.08.16 01:34:20.936,0.9521,0.9525,4.00,0.80
2007.08.16 01:34:22.086,0.9521,0.95255,4.00,20.00
2007.08.16 01:34:22.098,0.9524,0.9525,3.90,0.70
2007.08.16 01:34:22.183,0.9524,0.95255,4.70,16.00
2007.08.16 01:34:22.197,0.9524,0.95255,12.80,12.00
2007.08.16 01:34:22.292,0.9524,0.95255,14.40,12.00
2007.08.16 01:34:22.409,0.9524,0.95255,18.40,12.00
2007.08.16 01:34:22.456,0.9524,0.9528,18.40,0.80
2007.08.16 01:34:22.490,0.9524,0.9529,17.60,39.20
2007.08.16 01:34:22.514,0.9524,0.9529,17.60,43.20
2007.08.16 01:34:22.597,0.9524,0.9527,13.60,0.80
2007.08.16 01:34:22.625,0.9524,0.9527,5.60,0.80
2007.08.16 01:34:22.704,0.9524,0.9529,5.60,27.20
2007.08.16 01:34:22.731,0.9524,0.9528,4.00,26.40
2007.08.16 01:34:22.944,0.9523,0.9528,8.80,20.80
2007.08.16 01:34:23.040,0.9523,0.9526,4.80,0.60
2007.08.16 01:34:23.218,0.9523,0.9526,4.00,0.90
2007.08.16 01:34:23.256,0.9523,0.95275,4.00,0.60
2007.08.16 01:34:23.377,0.9522,0.9527,25.50,8.00
2007.08.16 01:34:23.588,0.9522,0.95275,13.60,12.00
2007.08.16 01:34:23.705,0.9522,0.9527,12.00,0.90
2007.08.16 01:34:23.749,0.9522,0.9528,4.00,22.40
2007.08.16 01:34:23.904,0.95215,0.9527,8.00,12.00
2007.08.16 01:34:24.037,0.95215,0.9527,8.00,13.60
2007.08.16 01:34:24.117,0.95215,0.9527,8.00,31.40
2007.08.16 01:34:24.223,0.9522,0.9526,1.60,0.60
2007.08.16 01:34:24.435,0.9522,0.9526,1.60,0.60
2007.08.16 01:34:24.461,0.9522,0.9526,1.60,0.50
2007.08.16 01:34:24.545,0.9522,0.9526,3.40,0.80
2007.08.16 01:34:24.664,0.9523,0.9526,1.60,26.40
2007.08.16 01:34:24.775,0.9523,0.9526,1.60,22.40
2007.08.16 01:34:25.190,0.9523,0.9525,2.40,0.70
2007.08.16 01:34:25.286,0.9523,0.9526,4.20,17.60
2007.08.16 01:34:25.606,0.9523,0.9525,4.20,0.60
2007.08.16 01:34:25.706,0.9523,0.9527,4.20,42.30
2007.08.16 01:34:27.127,0.9523,0.9527,3.40,35.10
2007.08.16 01:34:27.234,0.9523,0.9526,3.40,18.30
2007.08.16 01:34:27.254,0.9523,0.9526,1.60,18.40
2007.08.16 01:34:27.684,0.9523,0.9526,1.60,24.20
2007.08.16 01:34:27.805,0.9523,0.9526,1.60,32.20
2007.08.16 01:34:27.905,0.9522,0.9526,12.20,40.20
2007.08.16 01:34:28.056,0.9522,0.9525,11.40,0.80
2007.08.16 01:34:28.214,0.9522,0.9525,11.40,26.40
2007.08.16 01:34:28.738,0.9522,0.9524,7.40,0.80
2007.08.16 01:34:29.268,0.9522,0.9524,3.40,0.60
2007.08.16 01:34:29.481,0.9523,0.9525,0.80,33.60
2007.08.16 01:34:29.797,0.9523,0.9526,6.40,31.30
2007.08.16 01:34:30.007,0.9523,0.9526,6.40,31.30
2007.08.16 01:34:30.111,0.9523,0.9525,5.60,0.90
2007.08.16 01:34:30.751,0.9523,0.9524,1.60,0.50
2007.08.16 01:34:30.967,0.9522,0.9524,10.40,0.50
2007.08.16 01:34:31.064,0.9522,0.9525,9.60,18.30
2007.08.16 01:34:31.173,0.9522,0.9525,5.60,18.40
2007.08.16 01:34:31.290,0.9522,0.9524,4.00,0.60
2007.08.16 01:34:31.396,0.9522,0.9524,4.00,0.80
2007.08.16 01:34:31.489,0.9521,0.9524,30.40,0.90
2007.08.16 01:34:31.810,0.9521,0.9525,26.40,22.40
2007.08.16 01:34:35.852,0.9521,0.9524,6.40,0.90
2007.08.16 01:34:35.892,0.9521,0.9523,0.80,0.70
2007.08.16 01:34:36.073,0.952,0.9524,34.60,22.40
2007.08.16 01:34:36.121,0.952,0.9524,24.20,24.20
2007.08.16 01:34:36.228,0.952,0.9523,24.20,0.50
2007.08.16 01:34:36.320,0.952,0.9524,20.20,24.20
2007.08.16 01:34:36.583,0.952,0.9524,16.20,24.20
2007.08.16 01:34:36.679,0.952,0.9523,16.20,0.70
2007.08.16 01:34:37.731,0.952,0.9524,20.20,24.20
2007.08.16 01:34:37.803,0.9521,0.9524,9.60,30.40
2007.08.16 01:34:37.917,0.9521,0.9524,9.60,30.40
2007.08.16 01:34:38.042,0.9522,0.9523,0.80,0.60
2007.08.16 01:34:38.229,0.9522,0.9524,4.80,17.60
2007.08.16 01:34:38.349,0.9522,0.9525,6.40,19.30
2007.08.16 01:34:38.545,0.9522,0.9525,6.40,19.30
2007.08.16 01:34:39.164,0.9522,0.9525,6.40,19.40
2007.08.16 01:34:39.196,0.9522,0.9525,2.40,15.40
2007.08.16 01:34:39.295,0.9522,0.9524,2.40,0.70
2007.08.16 01:34:40.187,0.9522,0.9525,1.60,16.20
2007.08.16 01:34:40.366,0.9522,0.9524,1.60,0.60
2007.08.16 01:34:40.705,0.9522,0.9524,2.40,0.90
2007.08.16 01:34:41.111,0.9522,0.9524,1.60,13.60
2007.08.16 01:34:44.583,0.9522,0.9524,2.40,13.60
2007.08.16 01:34:45.975,0.9522,0.9524,1.60,13.60
2007.08.16 01:34:46.536,0.9522,0.9524,0.90,13.60
2007.08.16 01:34:46.738,0.9521,0.9523,16.20,3.90
2007.08.16 01:34:46.765,0.9521,0.9523,2.40,8.00
2007.08.16 01:34:47.148,0.95195,0.9523,34.50,8.00
2007.08.16 01:34:47.292,0.9521,0.9523,0.80,8.00
2007.08.16 01:34:47.656,0.9521,0.9523,0.50,8.00
2007.08.16 01:34:47.926,0.952,0.9523,25.00,9.60
2007.08.16 01:34:48.168,0.9521,0.9523,0.90,9.60
2007.08.16 01:34:50.253,0.952,0.9522,16.20,4.00
2007.08.16 01:34:50.378,0.95195,0.9522,23.40,4.00
2007.08.16 01:34:50.684,0.9519,0.9522,30.70,4.00
2007.08.16 01:34:50.812,0.9519,0.9523,30.70,13.60
2007.08.16 01:34:50.992,0.952,0.9523,16.20,13.60
2007.08.16 01:34:51.344,0.952,0.9523,20.20,9.60
2007.08.16 01:34:51.689,0.952,0.9523,24.10,5.60
2007.08.16 01:34:52.613,0.952,0.9523,20.20,9.60
2007.08.16 01:34:53.136,0.9521,0.9523,1.20,5.60
2007.08.16 01:34:53.235,0.9521,0.9523,0.70,1.60
2007.08.16 01:34:53.340,0.95205,0.9524,26.30,8.00
2007.08.16 01:34:53.462,0.9521,0.9524,7.20,4.00
2007.08.16 01:34:53.572,0.95205,0.9525,30.30,13.60
2007.08.16 01:34:53.625,0.9521,0.9525,6.80,9.60
2007.08.16 01:34:53.663,0.9521,0.9525,10.60,1.60
2007.08.16 01:34:53.879,0.9521,0.9526,4.60,26.40
2007.08.16 01:34:53.961,0.952,0.9526,43.00,26.40
2007.08.16 01:34:54.227,0.952,0.9525,43.00,0.80
2007.08.16 01:34:54.249,0.952,0.9525,43.00,2.60
2007.08.16 01:34:54.315,0.9521,0.9525,2.00,22.50
2007.08.16 01:34:54.414,0.9521,0.9524,3.40,4.00
2007.08.16 01:34:54.656,0.9521,0.9524,1.20,4.80
2007.08.16 01:34:54.764,0.952,0.9524,29.00,4.00
2007.08.16 01:34:55.144,0.9521,0.9524,5.80,4.00
2007.08.16 01:34:55.169,0.952,0.9524,28.20,4.80
2007.08.16 01:34:55.268,0.9522,0.9524,0.60,6.40
2007.08.16 01:34:55.371,0.952,0.9524,28.20,6.40
2007.08.16 01:34:55.479,0.9521,0.9524,7.10,2.40
2007.08.16 01:34:55.695,0.9521,0.9524,4.30,2.40
2007.08.16 01:34:55.788,0.9521,0.9524,2.50,14.30
2007.08.16 01:34:56.005,0.95205,0.9524,21.60,12.70
2007.08.16 01:34:56.319,0.9521,0.9524,6.50,16.70
2007.08.16 01:34:56.326,0.952,0.9524,32.10,22.40
2007.08.16 01:34:56.766,0.952,0.9524,32.20,24.80
2007.08.16 01:34:58.180,0.9521,0.9524,3.90,26.60
2007.08.16 01:34:58.299,0.95205,0.9524,13.60,34.60
2007.08.16 01:34:58.502,0.952,0.9524,32.20,34.60
2007.08.16 01:35:00.379,0.9519,0.9524,31.40,34.60
2007.08.16 01:35:00.617,0.952,0.9524,2.60,34.60
2007.08.16 01:35:00.715,0.952,0.9523,0.80,4.70
2007.08.16 01:35:00.806,0.952,0.9523,8.10,20.70
2007.08.16 01:35:00.912,0.9519,0.9523,22.60,20.70
2007.08.16 01:35:00.919,0.952,0.9523,2.10,28.70
2007.08.16 01:35:01.018,0.952,0.9523,5.60,30.30
2007.08.16 01:35:01.336,0.952,0.9523,9.60,26.30
2007.08.16 01:35:01.766,0.9519,0.9522,30.50,16.00
2007.08.16 01:35:01.922,0.952,0.9522,1.20,25.60
2007.08.16 01:35:01.965,0.952,0.9522,0.60,29.60
2007.08.16 01:35:02.193,0.9519,0.9522,2.40,33.60
2007.08.16 01:35:02.313,0.952,0.9522,0.50,28.00
2007.08.16 01:35:02.646,0.9519,0.9522,10.40,24.00
2007.08.16 01:35:03.361,0.9518,0.9522,33.00,24.00
2007.08.16 01:35:03.728,0.9518,0.9522,32.20,24.80
2007.08.16 01:35:03.797,0.952,0.9522,1.10,24.80
2007.08.16 01:35:06.710,0.9519,0.9522,10.40,24.00
2007.08.16 01:35:07.008,0.952,0.9522,0.60,20.00
2007.08.16 01:35:07.716,0.952,0.9522,1.20,20.80
2007.08.16 01:35:08.208,0.952,0.9522,0.60,24.80
2007.08.16 01:35:08.286,0.9519,0.9522,9.60,26.60
2007.08.16 01:35:08.396,0.95185,0.9522,17.60,26.60
2007.08.16 01:35:08.708,0.9519,0.9522,3.60,24.80
2007.08.16 01:35:09.246,0.9518,0.9522,32.20,26.60
2007.08.16 01:35:09.391,0.952,0.9522,0.60,26.60
2007.08.16 01:35:10.331,0.9519,0.9522,9.60,28.20
2007.08.16 01:35:11.667,0.9519,0.9521,9.60,0.80
2007.08.16 01:35:11.896,0.9519,0.9521,0.70,0.80
2007.08.16 01:35:12.180,0.9518,0.9522,22.00,34.60
2007.08.16 01:35:12.228,0.9518,0.9522,22.00,36.80
2007.08.16 01:35:12.962,0.9519,0.9522,7.40,34.40
2007.08.16 01:35:14.049,0.9519,0.9522,5.60,32.80
2007.08.16 01:35:14.148,0.9519,0.9522,5.60,24.80
2007.08.16 01:35:15.917,0.9519,0.9522,4.00,24.80
2007.08.16 01:35:16.789,0.9519,0.9522,8.00,24.80
2007.08.16 01:35:16.882,0.9519,0.9522,9.60,26.40
2007.08.16 01:35:17.626,0.952,0.9522,0.80,25.60
2007.08.16 01:35:17.724,0.952,0.9522,0.80,13.60
2007.08.16 01:35:18.032,0.952,0.9522,0.80,9.60
2007.08.16 01:35:18.145,0.9519,0.9522,17.60,9.60
2007.08.16 01:35:18.252,0.9519,0.9522,21.50,6.40
2007.08.16 01:35:18.970,0.952,0.9522,1.60,6.40
2007.08.16 01:35:20.356,0.952,0.9522,5.60,4.00
2007.08.16 01:35:20.641,0.952,0.9522,5.60,4.80
2007.08.16 01:35:20.760,0.952,0.9522,1.60,4.80
2007.08.16 01:35:20.986,0.952,0.9522,1.60,6.40
2007.08.16 01:35:21.295,0.9519,0.9522,21.50,6.40
2007.08.16 01:35:21.657,0.9519,0.9522,17.60,10.40
2007.08.16 01:35:21.792,0.9519,0.9522,4.20,10.40
2007.08.16 01:35:21.827,0.9518,0.9521,34.40,1.60
2007.08.16 01:35:22.044,0.9518,0.9521,34.40,1.60
2007.08.16 01:35:22.138,0.9518,0.9521,32.20,1.60
2007.08.16 01:35:22.171,0.9519,0.9521,1.90,2.40
2007.08.16 01:35:22.364,0.9519,0.9521,0.90,18.30
2007.08.16 01:35:22.392,0.9517,0.9521,30.00,18.30
2007.08.16 01:35:22.691,0.9517,0.9521,29.90,22.30
2007.08.16 01:35:23.192,0.9517,0.9521,30.80,21.50
2007.08.16 01:35:23.242,0.9518,0.9521,2.20,5.50
2007.08.16 01:35:23.298,0.9517,0.9521,33.00,1.60
2007.08.16 01:35:23.337,0.9518,0.9522,6.50,42.40
2007.08.16 01:35:23.878,0.9517,0.9522,30.80,42.40
2007.08.16 01:35:24.013,0.9518,0.9522,6.20,34.40
2007.08.16 01:35:24.111,0.9518,0.9522,6.30,34.40
2007.08.16 01:35:24.231,0.9518,0.9521,3.20,0.80
2007.08.16 01:35:24.302,0.9518,0.9521,6.00,22.30
2007.08.16 01:35:24.336,0.9517,0.9521,29.90,26.30
2007.08.16 01:35:24.413,0.9518,0.9521,11.40,26.30
2007.08.16 01:35:27.653,0.9518,0.9521,12.20,25.50
2007.08.16 01:35:27.842,0.9519,0.9521,0.70,21.50
2007.08.16 01:35:27.850,0.9519,0.9521,0.90,17.50
2007.08.16 01:35:28.140,0.9519,0.9521,1.10,18.30
2007.08.16 01:35:28.250,0.9519,0.9521,1.00,22.30
2007.08.16 01:35:28.268,0.9518,0.9521,13.60,10.30
2007.08.16 01:35:28.372,0.9518,0.9521,13.60,6.30
2007.08.16 01:35:28.797,0.9519,0.9521,1.00,18.30
2007.08.16 01:35:28.909,0.9517,0.952,32.10,1.60
2007.08.16 01:35:29.327,0.9518,0.9521,7.80,18.30
2007.08.16 01:35:29.756,0.9517,0.9521,24.10,18.30
2007.08.16 01:35:30.287,0.9517,0.9521,32.10,6.30
2007.08.16 01:35:30.299,0.9517,0.9521,32.20,2.40
2007.08.16 01:35:31.633,0.9518,0.9521,19.20,1.60
2007.08.16 01:35:31.760,0.9519,0.9521,16.70,1.60
2007.08.16 01:35:31.857,0.952,0.9522,1.70,12.00
2007.08.16 01:35:31.948,0.952,0.9522,2.40,8.00
2007.08.16 01:35:32.129,0.952,0.9524,1.90,10.40
2007.08.16 01:35:32.269,0.9519,0.9522,18.30,8.00
2007.08.16 01:35:32.378,0.9519,0.9522,1.50,8.00
2007.08.16 01:35:32.521,0.95185,0.9523,26.30,15.90
2007.08.16 01:35:32.719,0.9519,0.9524,30.30,14.40
2007.08.16 01:35:32.778,0.952,0.9524,0.80,13.60
2007.08.16 01:35:32.788,0.952,0.9524,1.90,5.60
2007.08.16 01:35:33.239,0.9518,0.9523,32.90,15.90
2007.08.16 01:35:33.367,0.95185,0.9523,26.30,15.90
2007.08.16 01:35:33.813,0.9518,0.9523,32.90,15.90
2007.08.16 01:35:33.870,0.9519,0.9523,2.30,4.00
2007.08.16 01:35:34.100,0.9518,0.9523,43.00,4.00
2007.08.16 01:35:34.288,0.9518,0.9523,32.90,15.90
2007.08.16 01:35:34.330,0.95185,0.9523,22.40,15.90
2007.08.16 01:35:34.402,0.9519,0.9523,4.20,17.50
2007.08.16 01:35:34.816,0.9519,0.9523,3.20,15.90
2007.08.16 01:35:38.808,0.9519,0.9523,2.20,17.50
2007.08.16 01:35:40.178,0.95185,0.9523,22.40,18.30
2007.08.16 01:35:40.298,0.9519,0.9522,3.90,4.00
2007.08.16 01:35:40.690,0.9519,0.9522,5.60,4.00
2007.08.16 01:35:40.749,0.9519,0.9522,3.70,8.00
2007.08.16 01:35:40.835,0.9519,0.9522,4.00,12.00
2007.08.16 01:35:41.200,0.9519,0.9522,0.70,12.80
2007.08.16 01:35:41.350,0.9518,0.9522,40.00,14.40
2007.08.16 01:35:43.773,0.9518,0.9522,32.10,30.40
2007.08.16 01:35:43.867,0.9518,0.9521,24.10,1.60
2007.08.16 01:35:44.277,0.9519,0.9521,3.20,1.60
2007.08.16 01:35:46.211,0.9519,0.9521,0.90,1.60
2007.08.16 01:35:46.735,0.9519,0.9521,4.50,1.60
2007.08.16 01:35:46.745,0.9519,0.9521,5.90,1.60
2007.08.16 01:35:46.875,0.9518,0.9522,26.30,22.40
2007.08.16 01:35:49.351,0.9519,0.9522,19.30,10.40
2007.08.16 01:35:49.692,0.9519,0.9522,23.30,6.40
2007.08.16 01:35:52.237,0.952,0.9522,10.30,5.60
2007.08.16 01:35:52.338,0.952,0.9522,22.40,1.60
2007.08.16 01:35:52.445,0.952,0.9523,22.40,13.50
2007.08.16 01:35:52.748,0.952,0.9522,18.40,4.00
2007.08.16 01:35:52.761,0.952,0.9522,14.40,4.00
2007.08.16 01:35:52.855,0.952,0.9522,6.40,8.00
2007.08.16 01:35:52.985,0.952,0.9522,0.80,9.60
2007.08.16 01:35:53.093,0.952,0.9522,0.80,13.60
2007.08.16 01:35:55.206,0.9519,0.9522,16.10,13.60
2007.08.16 01:35:55.665,0.9519,0.9522,16.10,25.60
2007.08.16 01:35:55.899,0.9519,0.9521,16.10,1.60
2007.08.16 01:35:56.321,0.9519,0.9522,16.10,25.60
2007.08.16 01:35:56.951,0.952,0.9522,1.60,25.60
2007.08.16 01:35:57.357,0.952,0.9522,1.60,9.60
2007.08.16 01:35:57.590,0.952,0.9522,5.60,5.60
2007.08.16 01:35:58.361,0.952,0.9522,5.60,4.00
2007.08.16 01:35:58.445,0.952,0.9522,5.60,5.60
2007.08.16 01:35:59.133,0.952,0.9522,6.40,5.60
2007.08.16 01:35:59.181,0.952,0.9522,10.40,5.60
2007.08.16 01:35:59.227,0.9521,0.9522,3.90,5.60
2007.08.16 01:35:59.311,0.9521,0.9524,7.90,12.20
2007.08.16 01:35:59.608,0.9521,0.9524,7.90,8.20
2007.08.16 01:35:59.717,0.9521,0.9524,7.90,6.40
2007.08.16 01:35:59.932,0.9521,0.9524,9.50,6.40
2007.08.16 01:36:00.144,0.9521,0.9524,9.50,10.40
2007.08.16 01:36:00.253,0.9521,0.9523,9.50,0.80
2007.08.16 01:36:00.371,0.9521,0.9523,5.50,2.40
2007.08.16 01:36:00.666,0.9521,0.9523,5.50,1.60
2007.08.16 01:36:00.762,0.9521,0.9523,1.60,2.40
2007.08.16 01:36:02.291,0.9521,0.9523,1.60,1.60
2007.08.16 01:36:02.713,0.9521,0.9523,5.50,1.60
2007.08.16 01:36:02.769,0.9521,0.9523,9.50,1.60
2007.08.16 01:36:02.878,0.9522,0.9524,1.60,12.20
2007.08.16 01:36:03.825,0.9522,0.9524,1.60,8.20
2007.08.16 01:36:04.266,0.9522,0.9524,1.60,12.20
2007.08.16 01:36:04.352,0.9521,0.9524,8.00,32.20
2007.08.16 01:36:04.691,0.9521,0.9524,4.00,32.20
2007.08.16 01:36:04.778,0.9521,0.9523,4.00,4.70
2007.08.16 01:36:04.793,0.952,0.9523,15.40,20.80
2007.08.16 01:36:04.898,0.952,0.9523,9.60,22.40
2007.08.16 01:36:05.002,0.952,0.9523,9.60,26.40
2007.08.16 01:36:05.184,0.952,0.9523,10.40,25.60
2007.08.16 01:36:05.243,0.952,0.9523,6.40,29.60
2007.08.16 01:36:06.719,0.952,0.9523,6.40,25.60
2007.08.16 01:36:06.790,0.952,0.9523,6.40,9.60
2007.08.16 01:36:06.997,0.952,0.9523,6.40,8.00
2007.08.16 01:36:07.135,0.952,0.9523,5.60,8.80
2007.08.16 01:36:07.212,0.952,0.9523,5.60,20.70
2007.08.16 01:36:07.738,0.952,0.9523,5.60,24.80
2007.08.16 01:36:07.915,0.952,0.9523,5.60,28.80
2007.08.16 01:36:08.762,0.952,0.9523,10.30,24.00
2007.08.16 01:36:08.794,0.9521,0.9523,4.00,20.00
2007.08.16 01:36:08.896,0.9521,0.9523,5.60,4.00
2007.08.16 01:36:09.102,0.9521,0.9524,9.60,26.40
2007.08.16 01:36:09.727,0.9521,0.9524,13.60,22.30
2007.08.16 01:36:09.835,0.9521,0.9524,14.40,21.50
2007.08.16 01:36:10.242,0.9521,0.9524,18.40,17.50
2007.08.16 01:36:10.255,0.9521,0.9524,18.40,5.60
2007.08.16 01:36:10.705,0.9521,0.9524,18.40,1.60
2007.08.16 01:36:10.813,0.9521,0.9524,24.20,1.60
2007.08.16 01:36:11.371,0.9521,0.9525,24.20,26.40
2007.08.16 01:36:11.667,0.9522,0.9525,4.00,26.40
2007.08.16 01:36:12.926,0.9521,0.9525,24.20,26.40
2007.08.16 01:36:13.183,0.9521,0.9525,24.20,34.40
2007.08.16 01:36:13.196,0.9521,0.9524,19.40,4.70
2007.08.16 01:36:13.244,0.9521,0.9524,17.60,16.70
2007.08.16 01:36:13.354,0.952,0.9524,24.10,18.30
2007.08.16 01:36:13.667,0.952,0.9524,24.10,22.30
2007.08.16 01:36:14.230,0.952,0.9524,25.00,17.50
2007.08.16 01:36:14.724,0.9521,0.9524,2.60,5.60
2007.08.16 01:36:14.827,0.9522,0.9524,3.70,5.60
2007.08.16 01:36:14.936,0.9521,0.9524,24.20,4.00
2007.08.16 01:36:15.383,0.9522,0.9524,3.60,4.00
2007.08.16 01:36:15.778,0.9522,0.9525,1.20,26.40
2007.08.16 01:36:15.903,0.9521,0.9524,23.40,2.40
2007.08.16 01:36:16.006,0.9522,0.9524,0.50,2.40
2007.08.16 01:36:17.353,0.952,0.9524,34.60,2.40
2007.08.16 01:36:17.771,0.952,0.9524,32.90,5.50
2007.08.16 01:36:17.889,0.952,0.9524,32.90,5.50
2007.08.16 01:36:18.270,0.9521,0.9524,10.90,1.60
2007.08.16 01:36:18.294,0.952,0.9525,33.00,26.40
2007.08.16 01:36:18.379,0.952,0.9525,25.00,34.40
2007.08.16 01:36:18.715,0.952,0.9525,32.90,34.40
2007.08.16 01:36:18.885,0.952,0.9525,40.90,26.40
2007.08.16 01:36:20.173,0.952,0.9525,33.00,26.40
2007.08.16 01:36:20.391,0.9521,0.9525,24.20,26.40
2007.08.16 01:36:21.343,0.9521,0.9525,24.20,26.40
2007.08.16 01:36:23.222,0.9521,0.9525,24.90,21.60
2007.08.16 01:36:23.288,0.9522,0.9525,2.00,5.60
2007.08.16 01:36:23.639,0.9521,0.9525,33.00,1.60
2007.08.16 01:36:23.899,0.9521,0.9526,43.30,26.40
2007.08.16 01:36:24.307,0.9521,0.9525,43.30,4.00
2007.08.16 01:36:24.415,0.9521,0.9525,32.90,5.60
2007.08.16 01:36:24.424,0.9521,0.9525,32.10,6.40
2007.08.16 01:36:24.510,0.9522,0.9525,3.10,6.40
2007.08.16 01:36:24.836,0.9522,0.9525,0.80,10.30
2007.08.16 01:36:25.766,0.9522,0.9525,5.60,5.60
2007.08.16 01:36:25.876,0.9522,0.9525,2.40,4.00
2007.08.16 01:36:26.111,0.9522,0.9525,5.50,4.00
2007.08.16 01:36:28.213,0.9522,0.9525,4.80,9.80
2007.08.16 01:36:28.258,0.95215,0.9524,20.00,0.80
2007.08.16 01:36:28.297,0.9522,0.9524,1.90,0.80
2007.08.16 01:36:28.352,0.95215,0.9525,12.00,18.60
2007.08.16 01:36:28.670,0.95215,0.9525,12.80,17.80
2007.08.16 01:36:28.726,0.9522,0.9525,0.70,7.90
2007.08.16 01:36:28.771,0.9522,0.9525,0.50,4.00
2007.08.16 01:36:28.820,0.95215,0.9525,36.80,4.00
2007.08.16 01:36:29.070,0.9522,0.9526,34.40,16.20
2007.08.16 01:36:29.393,0.9522,0.9525,34.40,1.60
2007.08.16 01:36:29.828,0.9522,0.9525,18.30,1.60
2007.08.16 01:36:29.924,0.95215,0.9525,26.30,1.60
2007.08.16 01:36:30.256,0.9522,0.9525,34.30,1.60
2007.08.16 01:36:30.982,0.9522,0.9526,36.80,12.20
2007.08.16 01:36:31.305,0.9522,0.9525,44.80,1.60
2007.08.16 01:36:31.519,0.9523,0.9526,1.90,16.20
2007.08.16 01:36:31.732,0.9522,0.9526,34.60,28.20
2007.08.16 01:36:31.840,0.95215,0.9526,34.60,28.20
2007.08.16 01:36:31.848,0.9523,0.9526,0.80,27.40
2007.08.16 01:36:31.934,0.9522,0.9525,25.00,1.60
2007.08.16 01:36:32.887,0.9522,0.9526,25.00,13.60
2007.08.16 01:36:33.198,0.9523,0.9526,2.20,17.60
2007.08.16 01:36:33.310,0.9522,0.9525,25.00,1.60
2007.08.16 01:36:34.211,0.9523,0.9525,0.50,0.50
2007.08.16 01:36:34.373,0.9522,0.9526,25.00,31.40
2007.08.16 01:36:34.684,0.9523,0.9526,0.70,25.60
2007.08.16 01:36:34.790,0.9522,0.9526,25.00,13.60
2007.08.16 01:36:35.616,0.9522,0.9526,25.00,9.60
2007.08.16 01:36:39.263,0.9522,0.9526,24.90,5.60
2007.08.16 01:36:39.352,0.9522,0.9526,35.10,5.60
2007.08.16 01:36:39.468,0.9523,0.9527,5.50,8.00
2007.08.16 01:36:39.563,0.95225,0.9527,38.40,4.00
2007.08.16 01:36:39.671,0.95225,0.9528,42.40,38.40
2007.08.16 01:36:42.789,0.9523,0.95275,34.40,8.00
2007.08.16 01:36:42.872,0.9523,0.9527,34.40,0.80
2007.08.16 01:36:42.883,0.9523,0.9527,30.40,4.80
2007.08.16 01:36:42.990,0.9523,0.9527,30.40,6.40
2007.08.16 01:36:43.300,0.9523,0.9527,26.40,10.40
2007.08.16 01:36:43.398,0.9523,0.9527,26.40,14.40
2007.08.16 01:36:43.482,0.9523,0.9527,26.40,18.40
2007.08.16 01:36:44.232,0.9523,0.9527,32.20,18.40
2007.08.16 01:36:44.337,0.9524,0.9527,4.00,18.40
2007.08.16 01:36:45.076,0.9523,0.9527,32.20,18.40
2007.08.16 01:36:47.300,0.9524,0.9527,0.80,18.40
2007.08.16 01:36:47.397,0.9524,0.9527,0.80,17.60
2007.08.16 01:36:47.548,0.9524,0.9527,2.40,17.60
2007.08.16 01:36:47.603,0.9524,0.9527,1.60,17.60
2007.08.16 01:36:47.724,0.9524,0.9526,1.60,4.70
2007.08.16 01:36:47.754,0.9524,0.9526,1.60,8.80
2007.08.16 01:36:47.868,0.9524,0.9526,1.60,12.80
2007.08.16 01:36:47.965,0.9523,0.9526,9.60,14.40
2007.08.16 01:36:48.720,0.9523,0.9526,5.60,18.40
2007.08.16 01:36:50.375,0.9523,0.9526,5.60,10.30
2007.08.16 01:36:50.482,0.9523,0.9526,5.60,8.70
2007.08.16 01:36:50.557,0.9523,0.9526,10.30,4.00
2007.08.16 01:36:50.921,0.9523,0.9527,14.30,30.40
2007.08.16 01:36:55.105,0.9523,0.9526,13.50,0.80
2007.08.16 01:36:55.213,0.9523,0.9526,9.60,4.70
2007.08.16 01:36:55.325,0.9523,0.9526,9.60,6.50
2007.08.16 01:36:55.449,0.9523,0.9526,9.60,24.10
2007.08.16 01:36:55.555,0.9523,0.9526,9.60,28.10
2007.08.16 01:36:55.651,0.9523,0.9526,5.60,32.10
2007.08.16 01:36:55.712,0.9523,0.9526,9.50,28.10
2007.08.16 01:36:55.763,0.9523,0.9526,9.50,22.30
2007.08.16 01:36:55.977,0.9523,0.9526,9.50,26.40
2007.08.16 01:36:56.239,0.9523,0.9526,5.60,30.40
2007.08.16 01:36:56.392,0.9522,0.9526,18.40,28.80
2007.08.16 01:36:56.645,0.9522,0.9526,18.40,28.00
2007.08.16 01:36:56.749,0.9522,0.9526,18.40,24.00
2007.08.16 01:36:56.807,0.9522,0.9526,18.40,4.00
2007.08.16 01:36:56.949,0.9523,0.9526,1.60,4.00
2007.08.16 01:36:57.330,0.9522,0.9526,18.40,4.00
2007.08.16 01:36:57.856,0.9522,0.9527,18.40,38.40
2007.08.16 01:36:59.673,0.9523,0.9527,0.80,38.40
2007.08.16 01:36:59.766,0.9523,0.9527,0.80,30.40
2007.08.16 01:36:59.899,0.9523,0.9527,6.40,30.40
2007.08.16 01:37:00.279,0.9523,0.9527,10.30,30.40
2007.08.16 01:37:00.363,0.9523,0.9527,14.40,30.40
2007.08.16 01:37:04.280,0.9523,0.9527,14.40,0.90
2007.08.16 01:37:09.757,0.9523,0.9527,20.20,30.40
2007.08.16 01:37:09.780,0.9523,0.9527,28.20,30.40
2007.08.16 01:37:09.819,0.9524,0.9527,0.80,29.60
2007.08.16 01:37:09.972,0.9524,0.9527,2.40,29.60
2007.08.16 01:37:17.298,0.9524,0.9527,1.60,29.60
2007.08.16 01:37:17.407,0.9524,0.9527,1.60,30.40
2007.08.16 01:37:17.573,0.9523,0.9527,8.00,30.40
2007.08.16 01:37:18.363,0.9523,0.9526,8.00,1.60
2007.08.16 01:37:22.330,0.9523,0.9526,4.00,1.60
2007.08.16 01:37:22.538,0.9523,0.9527,4.00,38.40
2007.08.16 01:37:22.646,0.9522,0.9527,26.30,38.40
2007.08.16 01:37:23.371,0.9522,0.9526,26.30,1.60
2007.08.16 01:37:23.397,0.9522,0.9526,25.50,1.60
2007.08.16 01:37:23.479,0.9522,0.9526,13.60,1.60
2007.08.16 01:37:23.571,0.9522,0.9526,12.00,1.60
2007.08.16 01:37:23.689,0.9522,0.9526,8.00,1.60
2007.08.16 01:37:23.890,0.9522,0.9526,4.00,5.60
2007.08.16 01:37:24.083,0.9521,0.9525,8.00,15.90
2007.08.16 01:37:24.489,0.9521,0.9524,4.00,4.00
2007.08.16 01:37:24.897,0.95205,0.9524,8.00,8.00
2007.08.16 01:37:24.909,0.952,0.9524,17.60,8.00
2007.08.16 01:37:25.404,0.95205,0.9524,8.00,8.00
2007.08.16 01:37:26.144,0.952,0.9524,17.60,8.00
2007.08.16 01:37:29.181,0.952,0.9524,18.40,8.00
2007.08.16 01:37:29.384,0.952,0.9524,22.40,8.00
2007.08.16 01:37:29.893,0.9521,0.9524,0.80,8.00
2007.08.16 01:37:29.998,0.9521,0.9524,14.30,8.00
2007.08.16 01:37:30.195,0.9521,0.9524,22.30,4.00
2007.08.16 01:37:30.286,0.9521,0.9525,26.30,5.60
2007.08.16 01:37:30.445,0.9521,0.9525,30.30,5.60
2007.08.16 01:37:30.499,0.9521,0.9525,34.40,5.60
2007.08.16 01:37:31.322,0.9521,0.9525,34.40,4.00
2007.08.16 01:37:32.901,0.9521,0.9525,34.40,4.80
2007.08.16 01:37:32.991,0.9521,0.9524,22.40,11.90
2007.08.16 01:37:33.312,0.9521,0.9524,18.40,15.90
2007.08.16 01:37:33.500,0.9521,0.9524,14.40,19.90
2007.08.16 01:37:33.516,0.9521,0.9524,14.40,24.00
2007.08.16 01:37:35.600,0.9521,0.9524,14.40,25.60
2007.08.16 01:37:36.524,0.9521,0.9523,5.60,4.00
2007.08.16 01:37:36.623,0.9521,0.9523,4.00,4.00
2007.08.16 01:37:36.731,0.952,0.9523,10.40,4.00
2007.08.16 01:37:36.938,0.952,0.9523,6.40,8.00
2007.08.16 01:37:37.119,0.952,0.9523,4.00,8.00
2007.08.16 01:37:37.355,0.9519,0.9523,18.40,8.00
2007.08.16 01:37:37.631,0.9519,0.9523,22.30,8.00
2007.08.16 01:37:37.774,0.9519,0.9523,38.40,8.00
2007.08.16 01:37:37.880,0.95195,0.9523,8.00,8.00
2007.08.16 01:37:37.896,0.952,0.9523,4.00,4.00
2007.08.16 01:37:38.149,0.952,0.95245,4.80,8.00
2007.08.16 01:37:38.328,0.952,0.95245,10.40,8.00
2007.08.16 01:37:38.382,0.952,0.9525,10.40,25.50
2007.08.16 01:37:38.716,0.952,0.9525,14.40,29.50
2007.08.16 01:37:38.767,0.952,0.9525,18.30,29.50
2007.08.16 01:37:38.834,0.952,0.9525,22.40,29.50
2007.08.16 01:37:39.172,0.952,0.9525,22.40,30.30
2007.08.16 01:37:39.364,0.952,0.9525,22.40,28.70
2007.08.16 01:37:39.466,0.952,0.9525,34.40,30.30
2007.08.16 01:37:39.848,0.952,0.95245,34.40,8.00
2007.08.16 01:37:40.924,0.952,0.9525,34.40,38.40
2007.08.16 01:37:41.028,0.9521,0.9525,1.60,38.40
2007.08.16 01:37:41.614,0.9521,0.9524,1.60,0.80
2007.08.16 01:37:41.853,0.9521,0.9524,1.60,4.80
2007.08.16 01:37:41.984,0.952,0.9524,38.40,4.80
2007.08.16 01:37:42.085,0.952,0.9524,30.40,4.80
2007.08.16 01:37:42.346,0.952,0.9524,30.40,8.70
2007.08.16 01:37:42.733,0.952,0.9524,30.40,12.70
2007.08.16 01:37:42.948,0.952,0.9524,32.20,12.70
2007.08.16 01:37:42.981,0.952,0.9524,40.20,12.70
2007.08.16 01:37:43.054,0.9521,0.9524,1.60,12.70
2007.08.16 01:37:43.271,0.9521,0.9524,5.60,12.70
2007.08.16 01:37:43.476,0.9521,0.9524,9.60,12.70
2007.08.16 01:37:43.532,0.9521,0.9524,13.60,8.80
2007.08.16 01:37:43.937,0.9521,0.9524,14.40,8.00
2007.08.16 01:37:44.146,0.9521,0.9524,10.40,8.00
2007.08.16 01:37:44.214,0.9521,0.9524,6.40,8.00
2007.08.16 01:37:44.312,0.9521,0.9524,6.40,5.60
2007.08.16 01:37:44.462,0.9521,0.9524,5.60,5.60
2007.08.16 01:37:44.633,0.9521,0.9524,5.60,1.60
2007.08.16 01:37:44.741,0.9521,0.9524,1.60,5.60
2007.08.16 01:37:44.961,0.952,0.9524,26.40,4.00
2007.08.16 01:37:45.577,0.9521,0.9524,1.60,4.00
2007.08.16 01:37:45.993,0.9521,0.9525,1.60,17.60
2007.08.16 01:37:46.051,0.9521,0.9525,1.60,9.60
2007.08.16 01:37:46.100,0.95205,0.9525,8.00,8.00
2007.08.16 01:37:46.310,0.95205,0.9525,8.00,4.00
2007.08.16 01:37:47.050,0.9521,0.9525,1.60,4.00
2007.08.16 01:37:47.117,0.9521,0.9525,2.40,4.00
2007.08.16 01:37:47.255,0.9521,0.9525,14.30,4.00
2007.08.16 01:37:47.324,0.9521,0.9525,22.30,4.00
2007.08.16 01:37:47.779,0.9521,0.9526,34.40,38.40
2007.08.16 01:37:47.832,0.9521,0.9526,38.40,38.40
2007.08.16 01:37:50.099,0.9522,0.9526,0.80,38.40
2007.08.16 01:37:50.134,0.9522,0.9526,0.80,30.40
2007.08.16 01:37:50.320,0.9522,0.9526,16.70,14.40
2007.08.16 01:37:50.428,0.9522,0.9526,18.30,14.40
2007.08.16 01:37:50.643,0.9522,0.9526,22.30,14.40
2007.08.16 01:37:50.716,0.9522,0.9526,26.30,14.40
2007.08.16 01:37:50.922,0.9523,0.9526,0.80,13.60
2007.08.16 01:37:51.649,0.9523,0.9526,3.90,10.40
2007.08.16 01:37:52.102,0.9522,0.9526,42.40,10.40
2007.08.16 01:37:52.149,0.9522,0.9526,42.40,14.40
2007.08.16 01:37:52.187,0.9522,0.9526,34.40,14.40
2007.08.16 01:37:52.312,0.9522,0.9526,26.40,18.40
2007.08.16 01:37:52.513,0.9522,0.9526,16.20,34.40
2007.08.16 01:37:52.609,0.9522,0.9526,16.20,32.80
2007.08.16 01:37:52.678,0.9522,0.9526,16.20,40.80
2007.08.16 01:37:52.823,0.9522,0.9526,12.20,40.80
2007.08.16 01:37:54.209,0.9522,0.9526,12.20,32.80
2007.08.16 01:37:54.388,0.9522,0.9525,12.20,1.60
2007.08.16 01:37:55.274,0.9522,0.9525,16.20,1.60
2007.08.16 01:37:55.716,0.9522,0.9525,28.20,1.60
2007.08.16 01:37:55.824,0.9522,0.9525,32.20,1.60
2007.08.16 01:37:55.921,0.9523,0.9525,1.60,1.60
2007.08.16 01:37:56.028,0.9523,0.9525,1.60,17.60
2007.08.16 01:37:56.131,0.9522,0.9525,10.30,17.60
2007.08.16 01:37:56.246,0.9522,0.9525,6.30,17.60
2007.08.16 01:37:56.257,0.9522,0.9525,2.40,17.60
2007.08.16 01:37:56.329,0.9522,0.9525,2.40,21.60
2007.08.16 01:37:56.367,0.9522,0.9525,2.40,25.60
2007.08.16 01:37:56.676,0.9522,0.9525,1.60,26.40
2007.08.16 01:37:56.954,0.9521,0.9525,18.40,26.40
2007.08.16 01:37:57.369,0.9522,0.9525,1.60,26.40
2007.08.16 01:37:58.414,0.9521,0.9525,18.40,26.40
2007.08.16 01:37:58.513,0.9521,0.9525,18.40,21.60
2007.08.16 01:37:58.534,0.9521,0.9525,26.40,5.60
2007.08.16 01:37:58.618,0.952,0.9525,41.00,4.00
2007.08.16 01:37:58.823,0.9521,0.9525,11.80,4.00
2007.08.16 01:37:58.847,0.952,0.9526,43.20,21.60
2007.08.16 01:37:58.928,0.9521,0.9526,20.50,22.40
2007.08.16 01:37:58.952,0.9521,0.9526,8.20,18.40
2007.08.16 01:37:59.064,0.9521,0.9525,5.00,1.60
2007.08.16 01:37:59.170,0.9521,0.9525,8.40,5.60
2007.08.16 01:37:59.324,0.9521,0.9525,2.50,5.60
2007.08.16 01:37:59.361,0.95205,0.9525,22.40,8.00
2007.08.16 01:37:59.468,0.9521,0.9525,10.40,4.00
2007.08.16 01:37:59.785,0.95205,0.9526,38.40,17.60
2007.08.16 01:37:59.826,0.952,0.9526,41.00,9.60
2007.08.16 01:37:59.955,0.9521,0.9526,39.20,9.60
2007.08.16 01:38:00.000,0.9521,0.9526,43.20,5.60
2007.08.16 01:38:00.050,0.9521,0.9526,43.20,6.40
2007.08.16 01:38:00.096,0.9521,0.9526,43.20,6.40
2007.08.16 01:38:00.205,0.9522,0.9526,1.40,24.10
2007.08.16 01:38:00.324,0.9522,0.9526,0.50,28.10
2007.08.16 01:38:00.359,0.9521,0.9526,43.20,36.10
2007.08.16 01:38:00.434,0.9521,0.9525,43.20,1.60
2007.08.16 01:38:00.468,0.9522,0.9525,4.80,1.60
2007.08.16 01:38:00.531,0.9522,0.9525,8.00,1.60
2007.08.16 01:38:00.642,0.9521,0.9526,41.00,18.40
2007.08.16 01:38:00.868,0.9521,0.9526,41.00,10.40
2007.08.16 01:38:00.994,0.9522,0.9526,3.10,28.10
2007.08.16 01:38:01.106,0.9522,0.9525,4.80,1.60
2007.08.16 01:38:01.410,0.9523,0.9525,1.20,1.60
2007.08.16 01:38:01.623,0.9521,0.9526,41.00,26.40
2007.08.16 01:38:01.893,0.9521,0.9526,41.00,18.40
2007.08.16 01:38:02.043,0.9521,0.9526,33.00,24.20
2007.08.16 01:38:02.158,0.9522,0.9525,14.40,1.60
2007.08.16 01:38:02.265,0.9522,0.9525,23.10,1.60
2007.08.16 01:38:02.283,0.9522,0.9525,30.80,1.60
2007.08.16 01:38:02.382,0.9522,0.9526,30.80,5.60
2007.08.16 01:38:02.774,0.9522,0.9526,33.00,1.60
2007.08.16 01:38:02.968,0.9523,0.9526,5.10,17.60
2007.08.16 01:38:03.103,0.9522,0.9526,35.30,17.60
2007.08.16 01:38:03.177,0.9523,0.9526,3.00,21.60
2007.08.16 01:38:03.196,0.9523,0.9526,2.00,25.60
2007.08.16 01:38:03.300,0.9523,0.9526,0.80,29.60
2007.08.16 01:38:03.510,0.9522,0.9526,24.90,13.50
2007.08.16 01:38:03.612,0.9522,0.9526,35.30,11.90
2007.08.16 01:38:03.678,0.9522,0.9526,35.20,11.90
2007.08.16 01:38:03.793,0.9522,0.9526,43.20,8.00
2007.08.16 01:38:03.934,0.9523,0.9526,1.30,4.00
2007.08.16 01:38:04.136,0.9522,0.9527,43.20,42.40
2007.08.16 01:38:04.355,0.9522,0.9526,43.20,1.60
2007.08.16 01:38:04.986,0.9522,0.9527,43.20,42.40
2007.08.16 01:38:05.504,0.9523,0.9526,2.80,4.00
2007.08.16 01:38:05.598,0.9522,0.9526,24.90,17.50
2007.08.16 01:38:05.623,0.9522,0.9526,24.10,17.50
2007.08.16 01:38:05.730,0.9523,0.9526,0.80,18.30
2007.08.16 01:38:05.799,0.9522,0.9526,24.10,22.30
2007.08.16 01:38:05.907,0.9522,0.9526,24.10,26.30
2007.08.16 01:38:05.935,0.9523,0.9526,0.80,26.30
2007.08.16 01:38:06.014,0.9522,0.9526,24.20,28.10
2007.08.16 01:38:06.037,0.9522,0.9526,24.20,32.10
2007.08.16 01:38:06.215,0.9522,0.9525,24.20,1.60
2007.08.16 01:38:06.334,0.9522,0.9525,11.70,1.60
2007.08.16 01:38:07.740,0.95215,0.9526,26.40,34.40
2007.08.16 01:38:08.011,0.9522,0.9526,19.20,33.60
2007.08.16 01:38:08.049,0.9523,0.9526,0.80,19.40
2007.08.16 01:38:08.107,0.9521,0.9526,43.20,20.20
2007.08.16 01:38:08.156,0.9521,0.9526,41.60,20.20
2007.08.16 01:38:08.264,0.9523,0.9526,5.60,14.40
2007.08.16 01:38:08.364,0.9522,0.9526,18.30,14.40
2007.08.16 01:38:08.785,0.9522,0.9526,10.40,14.40
2007.08.16 01:38:12.497,0.9523,0.9526,7.10,9.60
2007.08.16 01:38:12.633,0.9524,0.9526,0.80,4.00
2007.08.16 01:38:12.726,0.9523,0.95265,15.10,8.00
2007.08.16 01:38:12.871,0.9523,0.9527,15.10,17.60
2007.08.16 01:38:13.014,0.9523,0.9527,4.50,14.40
2007.08.16 01:38:13.141,0.9523,0.9527,4.60,26.40
2007.08.16 01:38:13.242,0.9522,0.9527,35.20,26.40
2007.08.16 01:38:13.338,0.9523,0.9527,2.30,26.40
2007.08.16 01:38:13.666,0.9523,0.9527,1.10,30.40
2007.08.16 01:38:13.758,0.9523,0.9527,4.70,30.40
2007.08.16 01:38:13.857,0.9522,0.9527,33.00,30.40
2007.08.16 01:38:16.606,0.9522,0.9527,32.90,42.40
2007.08.16 01:38:16.675,0.9522,0.9526,35.30,1.60
2007.08.16 01:38:17.035,0.9523,0.9526,4.20,5.50
2007.08.16 01:38:19.375,0.9522,0.9525,32.90,1.60
2007.08.16 01:38:19.467,0.9522,0.9525,32.90,1.60
2007.08.16 01:38:20.610,0.9522,0.9525,35.10,1.60
2007.08.16 01:38:20.954,0.9522,0.9525,34.30,1.60
2007.08.16 01:38:21.039,0.9522,0.9525,26.40,13.50
2007.08.16 01:38:21.052,0.9522,0.9525,22.40,17.50
2007.08.16 01:38:21.139,0.9521,0.9525,24.90,17.50
2007.08.16 01:38:21.348,0.9521,0.9525,24.90,21.50
2007.08.16 01:38:22.280,0.9522,0.9525,4.60,21.50
2007.08.16 01:38:23.011,0.9522,0.9525,2.30,21.50
2007.08.16 01:38:23.096,0.9522,0.9525,15.40,21.50
2007.08.16 01:38:23.107,0.9522,0.9525,31.40,9.50
2007.08.16 01:38:23.428,0.9523,0.9525,0.80,5.50
2007.08.16 01:38:23.600,0.9523,0.9525,0.80,1.60
2007.08.16 01:38:24.123,0.9521,0.9525,43.40,1.60
2007.08.16 01:38:24.636,0.9522,0.9525,35.40,1.60
2007.08.16 01:38:24.680,0.9523,0.9525,0.80,1.60
2007.08.16 01:38:24.884,0.9522,0.9525,35.40,1.60
2007.08.16 01:38:26.141,0.9523,0.9525,0.80,5.50
2007.08.16 01:38:26.743,0.9522,0.9525,31.40,5.50
2007.08.16 01:38:27.989,0.9521,0.9525,43.30,5.50
2007.08.16 01:38:28.076,0.9521,0.9525,30.70,17.50
2007.08.16 01:38:28.186,0.9522,0.9525,0.60,17.50
2007.08.16 01:38:28.399,0.9522,0.9525,1.60,21.50
2007.08.16 01:38:29.120,0.9521,0.9525,25.00,21.50
2007.08.16 01:38:31.454,0.9522,0.9525,7.20,21.50
2007.08.16 01:38:31.592,0.9522,0.9525,29.00,9.50
2007.08.16 01:38:31.711,0.9523,0.9525,0.80,9.50
2007.08.16 01:38:32.125,0.9522,0.9525,29.00,5.50
2007.08.16 01:38:37.002,0.9522,0.9525,33.00,1.60
2007.08.16 01:38:37.110,0.9523,0.9525,3.80,1.60
2007.08.16 01:38:37.118,0.9522,0.9525,32.10,1.60
2007.08.16 01:38:37.229,0.9522,0.9526,40.10,14.30
2007.08.16 01:38:37.322,0.9522,0.9526,40.10,10.30
2007.08.16 01:38:37.413,0.9522,0.9526,40.10,10.30
2007.08.16 01:38:37.526,0.9523,0.9526,2.70,6.40
2007.08.16 01:38:38.117,0.9522,0.9526,40.10,12.20
2007.08.16 01:38:38.234,0.9522,0.9525,32.10,1.60
2007.08.16 01:38:38.355,0.9522,0.9525,32.10,1.60
2007.08.16 01:38:38.374,0.9523,0.9525,1.20,1.60
2007.08.16 01:38:38.575,0.9522,0.9525,32.90,1.60
2007.08.16 01:38:38.682,0.9523,0.9525,2.70,1.60
2007.08.16 01:38:38.958,0.9522,0.9525,32.10,1.60
2007.08.16 01:38:41.349,0.9523,0.9526,1.10,24.20
2007.08.16 01:38:43.180,0.9522,0.9526,32.90,23.40
2007.08.16 01:38:43.233,0.9523,0.9526,1.50,21.60
2007.08.16 01:38:43.336,0.9522,0.9526,40.90,13.50
2007.08.16 01:38:43.430,0.9523,0.9526,3.00,9.50
2007.08.16 01:38:43.723,0.9522,0.9526,40.90,5.50
2007.08.16 01:38:43.931,0.9523,0.9526,14.40,5.50
2007.08.16 01:38:46.096,0.9523,0.9526,18.40,1.60
2007.08.16 01:38:46.245,0.9523,0.9527,9.70,30.40
2007.08.16 01:38:46.353,0.9524,0.9527,2.00,26.40
2007.08.16 01:38:47.119,0.9524,0.9526,1.60,0.80
2007.08.16 01:38:47.400,0.9523,0.9526,0.50,6.40
2007.08.16 01:38:47.599,0.9523,0.9526,1.90,6.40
2007.08.16 01:38:47.626,0.9522,0.9526,22.30,5.60
2007.08.16 01:38:47.718,0.9522,0.9526,22.30,9.60
2007.08.16 01:38:47.741,0.9523,0.9526,0.50,13.60
2007.08.16 01:38:47.816,0.9522,0.9526,9.40,17.60
2007.08.16 01:38:47.891,0.9521,0.95275,43.10,8.00
2007.08.16 01:38:47.926,0.9522,0.9526,14.40,16.00
2007.08.16 01:38:48.155,0.95215,0.9526,34.30,16.00
2007.08.16 01:38:48.228,0.9522,0.9526,1.40,11.90
2007.08.16 01:38:48.241,0.9522,0.9526,6.20,8.00
2007.08.16 01:38:48.337,0.9522,0.9526,14.10,8.00
2007.08.16 01:38:48.647,0.95215,0.9526,36.80,4.00
2007.08.16 01:38:48.754,0.95215,0.9527,40.80,13.60
2007.08.16 01:38:48.958,0.9522,0.9527,10.30,13.60
2007.08.16 01:38:49.693,0.95215,0.9526,42.40,0.80
2007.08.16 01:38:49.996,0.9522,0.9526,14.50,2.40
2007.08.16 01:38:50.292,0.9522,0.9526,14.10,6.30
2007.08.16 01:38:50.604,0.9522,0.9526,7.00,10.30
2007.08.16 01:38:50.910,0.9521,0.9526,43.20,8.70
2007.08.16 01:38:51.121,0.95215,0.9526,42.40,4.00
2007.08.16 01:38:51.326,0.95215,0.9526,42.40,5.60
2007.08.16 01:38:51.525,0.9522,0.9526,35.20,5.60
2007.08.16 01:38:51.644,0.9523,0.9526,2.80,5.60
2007.08.16 01:38:51.740,0.9523,0.9526,1.50,4.00
2007.08.16 01:38:51.851,0.9523,0.9527,0.90,38.40
2007.08.16 01:38:51.949,0.9522,0.9526,19.10,1.60
2007.08.16 01:38:52.034,0.9523,0.9526,1.20,1.60
2007.08.16 01:38:52.366,0.9522,0.9527,22.40,38.40
2007.08.16 01:38:53.178,0.9523,0.9527,2.20,38.40
2007.08.16 01:38:53.204,0.9523,0.9527,3.10,38.40
2007.08.16 01:38:53.417,0.9524,0.9526,2.30,1.60
2007.08.16 01:38:53.725,0.9523,0.9527,26.60,26.40
2007.08.16 01:38:53.799,0.9524,0.9527,9.60,26.40
2007.08.16 01:38:54.190,0.9524,0.9527,10.40,25.60
2007.08.16 01:38:56.127,0.9524,0.9527,9.60,26.40
2007.08.16 01:38:56.304,0.9524,0.9527,5.60,26.40
2007.08.16 01:38:56.397,0.9523,0.9527,22.40,30.40
2007.08.16 01:38:56.741,0.9523,0.9527,18.40,30.40
2007.08.16 01:38:57.208,0.9523,0.9527,14.40,30.40
2007.08.16 01:38:58.806,0.9523,0.9528,14.40,43.20
2007.08.16 01:39:06.164,0.9523,0.9527,6.30,34.40
2007.08.16 01:39:06.199,0.9523,0.9527,1.60,34.40
2007.08.16 01:39:06.259,0.9522,0.9526,42.40,1.60
2007.08.16 01:39:06.378,0.9522,0.9526,38.40,1.60
2007.08.16 01:39:07.902,0.9522,0.9526,30.40,1.60
2007.08.16 01:39:08.098,0.9522,0.9526,34.40,1.60
2007.08.16 01:39:09.639,0.9523,0.9526,0.80,1.60
2007.08.16 01:39:09.782,0.9523,0.9526,2.40,1.60
2007.08.16 01:39:09.876,0.9523,0.9526,6.40,1.60
2007.08.16 01:39:10.045,0.9523,0.9526,10.30,1.60
2007.08.16 01:39:10.203,0.9523,0.9526,14.40,1.60
2007.08.16 01:39:10.605,0.9523,0.9526,14.40,5.60
2007.08.16 01:39:17.662,0.9523,0.9526,14.40,1.60
2007.08.16 01:39:19.640,0.9523,0.9526,14.40,5.60
2007.08.16 01:39:20.115,0.9523,0.9526,9.60,10.30
2007.08.16 01:39:20.359,0.9523,0.9526,5.60,10.30
2007.08.16 01:39:20.461,0.9522,0.9526,34.40,10.30
2007.08.16 01:39:20.611,0.9523,0.9526,0.80,9.50
2007.08.16 01:39:20.787,0.9523,0.9526,2.40,9.50
2007.08.16 01:39:20.988,0.9523,0.9526,6.40,9.50
2007.08.16 01:39:21.225,0.9523,0.9526,10.30,5.60
2007.08.16 01:39:21.240,0.9523,0.9526,14.40,5.60
2007.08.16 01:39:22.919,0.9523,0.9526,7.10,5.60
2007.08.16 01:39:28.021,0.9522,0.9526,43.30,5.60
2007.08.16 01:39:29.407,0.9523,0.9526,4.20,4.00
2007.08.16 01:39:29.792,0.9522,0.9527,43.30,34.40
2007.08.16 01:39:31.792,0.9523,0.9527,4.70,22.40
2007.08.16 01:39:31.899,0.9522,0.9525,33.00,11.90
2007.08.16 01:39:39.340,0.9522,0.9525,33.00,11.90
2007.08.16 01:39:42.976,0.9522,0.9525,25.00,11.90
2007.08.16 01:39:43.273,0.9523,0.9525,4.50,11.90
2007.08.16 01:39:51.711,0.9523,0.9525,8.00,11.90
2007.08.16 01:39:51.873,0.9523,0.9525,4.00,11.90
2007.08.16 01:39:52.607,0.9522,0.9525,18.40,11.90
2007.08.16 01:39:52.822,0.9522,0.9525,14.40,11.90
2007.08.16 01:39:53.091,0.9522,0.9526,14.40,30.30
2007.08.16 01:39:59.243,0.9522,0.95265,14.40,30.40
2007.08.16 01:40:09.718,0.9522,0.9526,14.40,34.30
2007.08.16 01:40:09.837,0.9522,0.9525,14.40,15.90
2007.08.16 01:40:11.073,0.9522,0.9524,10.40,0.70
2007.08.16 01:40:12.095,0.9522,0.9524,9.60,0.50
2007.08.16 01:40:12.203,0.9522,0.9525,5.60,30.20
2007.08.16 01:40:12.332,0.9521,0.9525,14.40,34.30
2007.08.16 01:40:12.743,0.9521,0.9525,10.40,34.30
2007.08.16 01:40:13.247,0.9521,0.9525,10.40,32.10
2007.08.16 01:40:13.367,0.9521,0.9525,10.40,34.30
2007.08.16 01:40:13.889,0.9521,0.9525,10.40,34.30
2007.08.16 01:40:14.290,0.9521,0.9525,10.40,34.30
2007.08.16 01:40:15.800,0.9521,0.9525,6.40,34.30
2007.08.16 01:40:15.858,0.9521,0.9524,6.40,33.50
2007.08.16 01:40:15.970,0.9521,0.9524,4.80,33.50
2007.08.16 01:40:16.166,0.9521,0.9524,4.80,33.50
2007.08.16 01:40:18.622,0.9521,0.9523,4.00,0.80
2007.08.16 01:40:18.748,0.9521,0.9524,4.00,34.40
2007.08.16 01:40:20.338,0.952,0.9523,14.60,8.00
2007.08.16 01:40:20.425,0.952,0.9523,12.80,8.00
2007.08.16 01:40:20.635,0.952,0.9523,8.80,8.00
2007.08.16 01:40:23.744,0.952,0.9523,12.80,8.00
2007.08.16 01:40:23.939,0.952,0.9523,14.40,9.60
2007.08.16 01:40:24.771,0.952,0.9523,18.40,9.60
2007.08.16 01:40:26.743,0.952,0.9523,24.20,5.60
2007.08.16 01:40:26.837,0.9521,0.9523,4.00,5.60
2007.08.16 01:40:26.955,0.9521,0.9523,5.60,5.60
2007.08.16 01:40:27.063,0.9521,0.9523,5.60,1.60
2007.08.16 01:40:27.163,0.9521,0.9523,9.60,1.60
2007.08.16 01:40:27.332,0.9521,0.9523,13.50,1.60
2007.08.16 01:40:28.160,0.9521,0.9523,9.60,1.60
2007.08.16 01:40:28.306,0.9521,0.9524,5.60,14.40
2007.08.16 01:40:28.806,0.9521,0.9524,5.60,14.40
2007.08.16 01:40:29.659,0.9521,0.9524,1.60,14.40
2007.08.16 01:40:30.171,0.9521,0.9523,5.60,0.70
2007.08.16 01:40:30.286,0.9521,0.9524,9.60,16.20
2007.08.16 01:40:30.380,0.9521,0.9524,9.60,16.20
2007.08.16 01:40:30.750,0.9521,0.9524,9.60,17.00
2007.08.16 01:40:30.914,0.9521,0.9524,10.40,21.00
2007.08.16 01:40:31.435,0.9521,0.9523,6.40,0.50
2007.08.16 01:40:31.745,0.9521,0.9523,2.40,0.60
2007.08.16 01:40:33.207,0.9521,0.9523,3.20,0.60
2007.08.16 01:40:33.332,0.9521,0.9524,5.60,23.30
2007.08.16 01:40:33.399,0.9521,0.9523,7.20,0.60
2007.08.16 01:40:33.518,0.9521,0.9524,11.20,11.90
2007.08.16 01:40:33.621,0.9521,0.95245,11.20,19.90
2007.08.16 01:40:33.831,0.9521,0.9524,15.20,0.90
2007.08.16 01:40:33.917,0.9521,0.9524,15.20,0.50
2007.08.16 01:40:34.431,0.9521,0.9525,15.20,30.40
2007.08.16 01:40:35.377,0.9521,0.9525,15.20,30.40
2007.08.16 01:40:35.706,0.9521,0.9524,14.40,0.70
2007.08.16 01:40:35.887,0.9521,0.9524,14.40,0.90
2007.08.16 01:40:36.311,0.9521,0.9525,10.40,35.10
2007.08.16 01:40:36.731,0.9521,0.9524,10.40,0.70
2007.08.16 01:40:38.663,0.9521,0.9524,11.20,0.60
2007.08.16 01:40:39.267,0.9521,0.9525,10.40,43.10
2007.08.16 01:40:43.450,0.9521,0.9524,8.80,0.60
2007.08.16 01:40:44.624,0.9521,0.9524,8.80,27.10
2007.08.16 01:40:44.808,0.9521,0.9523,4.80,0.50
2007.08.16 01:40:44.912,0.9521,0.9524,0.80,33.00
2007.08.16 01:40:45.127,0.9521,0.9524,0.80,32.20
2007.08.16 01:40:45.332,0.9521,0.95245,0.80,40.20
2007.08.16 01:40:46.884,0.9521,0.9523,0.80,0.50
2007.08.16 01:40:47.169,0.9521,0.9524,0.80,40.90
2007.08.16 01:40:47.806,0.9521,0.9523,0.80,0.80
2007.08.16 01:40:50.280,0.9521,0.9523,0.80,0.50
2007.08.16 01:40:50.400,0.952,0.9524,13.60,42.50
2007.08.16 01:40:50.718,0.952,0.9523,9.50,0.60
2007.08.16 01:40:50.760,0.952,0.9523,5.60,0.50
2007.08.16 01:40:50.922,0.952,0.9524,1.60,42.60
2007.08.16 01:40:51.095,0.952,0.9524,0.80,42.60
2007.08.16 01:40:51.204,0.952,0.9523,0.80,0.90
2007.08.16 01:40:51.342,0.952,0.9523,2.40,0.90
2007.08.16 01:40:51.601,0.952,0.9523,3.20,0.70
2007.08.16 01:40:52.321,0.952,0.9524,7.10,32.10
2007.08.16 01:40:54.165,0.952,0.9524,6.30,32.10
2007.08.16 01:40:54.259,0.952,0.9524,6.30,32.90
2007.08.16 01:40:57.167,0.952,0.9523,7.10,25.60
2007.08.16 01:40:58.700,0.952,0.9523,6.30,26.40
2007.08.16 01:40:58.793,0.952,0.9523,7.10,25.60
2007.08.16 01:41:03.610,0.952,0.9523,6.30,25.60
2007.08.16 01:41:03.718,0.952,0.9523,6.30,26.40
2007.08.16 01:41:04.136,0.952,0.9523,7.10,26.40
2007.08.16 01:41:04.230,0.952,0.9523,7.10,25.60
2007.08.16 01:41:14.896,0.952,0.9523,7.10,9.60
2007.08.16 01:41:14.989,0.952,0.9523,7.10,8.00
2007.08.16 01:41:15.057,0.952,0.9523,15.10,8.00
2007.08.16 01:41:15.190,0.952,0.9523,19.10,4.00
2007.08.16 01:41:15.397,0.952,0.9524,19.10,24.70
2007.08.16 01:41:15.516,0.952,0.9524,19.10,0.60
2007.08.16 01:41:15.570,0.952,0.9525,11.10,36.90
2007.08.16 01:41:15.922,0.952,0.9525,11.10,39.20
2007.08.16 01:41:16.046,0.952,0.9524,11.10,0.70
2007.08.16 01:41:21.008,0.952,0.9525,11.10,43.20
2007.08.16 01:41:26.174,0.952,0.9525,10.30,43.20
2007.08.16 01:41:26.280,0.952,0.9525,6.40,43.20
2007.08.16 01:41:26.382,0.952,0.9524,4.80,0.80
2007.08.16 01:41:26.597,0.952,0.9524,0.80,0.90
2007.08.16 01:41:28.259,0.952,0.9523,0.80,0.70
2007.08.16 01:41:28.370,0.952,0.9524,2.40,34.50
2007.08.16 01:41:29.093,0.952,0.9524,0.80,34.50
2007.08.16 01:41:29.144,0.952,0.9524,0.80,35.30
2007.08.16 01:41:29.301,0.9519,0.9523,27.20,20.70
2007.08.16 01:41:29.814,0.9519,0.9522,23.20,0.60
2007.08.16 01:41:29.887,0.9519,0.9523,15.20,27.30
2007.08.16 01:41:29.946,0.952,0.9522,1.60,0.60
2007.08.16 01:41:30.019,0.9519,0.9523,15.20,23.90
2007.08.16 01:41:30.124,0.9519,0.9523,15.20,23.90
2007.08.16 01:41:30.140,0.9519,0.9522,23.20,0.80
2007.08.16 01:41:30.218,0.9519,0.9523,27.20,0.60
2007.08.16 01:41:31.474,0.952,0.9524,1.60,34.50
2007.08.16 01:41:31.997,0.952,0.9524,4.00,8.00
2007.08.16 01:41:32.211,0.952,0.9524,4.00,0.80
2007.08.16 01:41:33.685,0.952,0.95245,4.00,12.80
2007.08.16 01:41:33.871,0.952,0.9524,4.00,8.80
2007.08.16 01:41:34.283,0.952,0.95245,4.00,13.60
2007.08.16 01:41:35.404,0.952,0.95245,4.80,13.60
2007.08.16 01:41:35.524,0.952,0.9524,18.30,0.70
2007.08.16 01:41:35.728,0.952,0.9525,22.30,40.10
2007.08.16 01:41:35.933,0.9521,0.9525,4.00,40.10
2007.08.16 01:41:39.419,0.9521,0.9524,4.00,0.50
2007.08.16 01:41:39.459,0.9521,0.9525,4.00,40.90
2007.08.16 01:41:39.577,0.9521,0.9524,5.60,0.60
2007.08.16 01:41:39.671,0.9521,0.9524,5.60,8.20
2007.08.16 01:41:39.876,0.9521,0.9523,1.60,0.90
2007.08.16 01:41:41.831,0.9521,0.9524,5.60,0.90
2007.08.16 01:41:42.686,0.9521,0.95245,6.40,25.60
2007.08.16 01:41:42.792,0.9521,0.9524,7.20,17.60
2007.08.16 01:41:42.994,0.9521,0.9524,7.20,16.00
2007.08.16 01:41:43.310,0.9521,0.9524,11.10,12.00
2007.08.16 01:41:43.416,0.9521,0.9524,11.10,13.60
2007.08.16 01:41:44.339,0.9521,0.9524,11.10,12.00
2007.08.16 01:41:45.603,0.9521,0.9524,10.30,12.80
2007.08.16 01:41:45.701,0.9521,0.9524,6.40,16.80
2007.08.16 01:41:46.427,0.9521,0.9524,6.40,18.40
2007.08.16 01:41:49.185,0.9521,0.9524,7.20,17.60
2007.08.16 01:41:49.203,0.9521,0.9524,6.40,19.40
2007.08.16 01:41:49.691,0.9521,0.9524,5.60,20.20
2007.08.16 01:41:49.746,0.9521,0.9524,1.60,20.20
2007.08.16 01:41:49.832,0.9521,0.9523,1.60,4.00
2007.08.16 01:41:50.355,0.952,0.9523,31.20,4.00
2007.08.16 01:41:50.873,0.952,0.9523,27.20,4.00
2007.08.16 01:41:51.388,0.9521,0.9523,1.60,4.00
2007.08.16 01:41:57.311,0.9521,0.9523,4.00,4.00
2007.08.16 01:41:57.408,0.9521,0.9524,4.00,20.80
2007.08.16 01:41:57.746,0.9521,0.95245,4.00,26.60
2007.08.16 01:41:57.815,0.9521,0.9524,4.00,18.60
2007.08.16 01:41:57.936,0.9521,0.9523,5.60,0.50
2007.08.16 01:41:59.898,0.9521,0.9523,4.00,0.70
2007.08.16 01:42:00.436,0.952,0.9524,15.20,32.20
2007.08.16 01:42:00.733,0.952,0.9524,15.20,32.20
2007.08.16 01:42:00.829,0.952,0.9523,27.20,0.60
2007.08.16 01:42:00.947,0.952,0.9523,27.20,0.50
2007.08.16 01:42:01.131,0.9521,0.9524,0.80,27.40
2007.08.16 01:42:01.222,0.9521,0.9523,4.70,0.70
2007.08.16 01:42:01.364,0.9521,0.9524,6.30,21.60
2007.08.16 01:42:01.670,0.9521,0.9525,10.30,24.10
2007.08.16 01:42:01.738,0.9521,0.9524,6.40,0.50
2007.08.16 01:42:01.839,0.9521,0.9524,5.60,0.60
2007.08.16 01:42:02.010,0.9521,0.9524,4.00,0.80
2007.08.16 01:42:02.364,0.9521,0.9524,4.00,0.80
2007.08.16 01:42:02.424,0.9521,0.9523,4.00,0.60
2007.08.16 01:42:02.841,0.9521,0.9524,4.00,32.20
2007.08.16 01:42:02.936,0.9521,0.9524,1.60,32.20
2007.08.16 01:42:03.449,0.952,0.9523,29.00,0.60
2007.08.16 01:42:03.766,0.952,0.9524,15.20,32.20
2007.08.16 01:42:03.982,0.952,0.9523,15.20,0.70
2007.08.16 01:42:04.313,0.952,0.9523,11.20,0.70
2007.08.16 01:42:09.195,0.952,0.9524,15.20,32.20
2007.08.16 01:42:09.470,0.952,0.9524,27.20,26.40
2007.08.16 01:42:09.770,0.952,0.9524,27.20,26.40
2007.08.16 01:42:10.283,0.952,0.9523,15.20,0.80
2007.08.16 01:42:10.590,0.952,0.9524,15.20,32.20
2007.08.16 01:42:10.839,0.952,0.9523,11.20,0.50
2007.08.16 01:42:13.691,0.952,0.9524,15.20,32.20
2007.08.16 01:42:13.796,0.952,0.9523,27.20,0.80
2007.08.16 01:42:14.308,0.952,0.9523,31.20,0.50
2007.08.16 01:42:14.422,0.9521,0.9523,4.00,0.70
2007.08.16 01:42:14.621,0.9521,0.95245,4.00,28.20
2007.08.16 01:42:18.721,0.9521,0.9523,4.00,0.60
2007.08.16 01:42:19.133,0.9521,0.9523,4.00,0.50
2007.08.16 01:42:19.400,0.952,0.9523,10.40,0.60
2007.08.16 01:42:19.441,0.952,0.9523,11.20,0.50
2007.08.16 01:42:19.714,0.952,0.9523,11.20,0.80
2007.08.16 01:42:20.468,0.952,0.9523,10.40,0.90
2007.08.16 01:42:20.547,0.952,0.9523,6.40,0.70
2007.08.16 01:42:20.643,0.952,0.9523,4.80,0.60
2007.08.16 01:42:20.749,0.952,0.95235,0.80,38.30
2007.08.16 01:42:22.641,0.952,0.95235,0.80,33.50
2007.08.16 01:42:22.722,0.9519,0.9523,4.80,0.50
2007.08.16 01:42:22.950,0.952,0.9523,0.80,0.80
2007.08.16 01:42:23.038,0.952,0.9524,0.80,32.20
2007.08.16 01:42:23.135,0.952,0.9523,2.40,0.50
2007.08.16 01:42:23.253,0.952,0.9524,18.30,30.40
2007.08.16 01:42:23.560,0.952,0.9524,22.30,30.40
2007.08.16 01:42:23.658,0.952,0.9523,26.40,0.60
2007.08.16 01:42:24.059,0.952,0.95235,15.20,35.30
2007.08.16 01:42:24.076,0.952,0.95235,14.40,36.10
2007.08.16 01:42:24.172,0.952,0.95235,8.80,36.10
2007.08.16 01:42:24.586,0.952,0.95235,4.80,40.10
2007.08.16 01:42:25.502,0.952,0.9523,9.60,0.80
2007.08.16 01:42:25.627,0.952,0.9523,25.60,0.90
2007.08.16 01:42:25.724,0.952,0.95235,31.20,9.60
2007.08.16 01:42:27.299,0.952,0.9524,31.20,20.20
2007.08.16 01:42:27.701,0.952,0.9524,31.20,18.40
2007.08.16 01:42:27.915,0.952,0.9523,31.20,1.60
2007.08.16 01:42:28.520,0.952,0.9522,30.40,0.80
2007.08.16 01:42:28.535,0.952,0.9522,14.40,0.80
2007.08.16 01:42:28.638,0.952,0.9522,14.40,2.40
2007.08.16 01:42:28.714,0.952,0.9522,14.40,1.60
2007.08.16 01:42:28.749,0.952,0.9522,10.40,1.60
2007.08.16 01:42:28.843,0.952,0.9522,14.40,1.60
2007.08.16 01:42:29.131,0.952,0.9522,10.40,1.60
2007.08.16 01:42:30.569,0.952,0.9522,15.20,1.60
2007.08.16 01:42:30.592,0.952,0.9522,27.20,1.60
2007.08.16 01:42:30.794,0.952,0.9524,31.20,20.20
2007.08.16 01:42:31.752,0.9521,0.9524,4.00,18.40
2007.08.16 01:42:31.848,0.9521,0.9524,4.00,14.40
2007.08.16 01:42:33.002,0.9521,0.9524,5.60,14.40
2007.08.16 01:42:35.286,0.9521,0.9524,5.60,16.20
2007.08.16 01:42:35.396,0.9521,0.9524,4.00,20.20
2007.08.16 01:42:36.295,0.9521,0.9524,5.60,20.20
2007.08.16 01:42:36.821,0.9521,0.9524,5.60,18.40
2007.08.16 01:42:37.335,0.9521,0.9524,4.00,12.80
2007.08.16 01:42:38.651,0.9521,0.9524,4.80,12.00
2007.08.16 01:42:38.899,0.9521,0.9524,6.40,13.60
2007.08.16 01:42:39.001,0.9521,0.9524,10.40,13.60
2007.08.16 01:42:39.259,0.9521,0.9524,14.30,9.60
2007.08.16 01:42:42.425,0.9521,0.9524,15.10,9.60
2007.08.16 01:42:42.621,0.9521,0.9524,15.10,27.40
2007.08.16 01:42:42.676,0.9521,0.9524,10.40,28.20
2007.08.16 01:42:42.750,0.9521,0.9523,10.40,13.50
2007.08.16 01:42:42.835,0.9521,0.9523,6.40,17.50
2007.08.16 01:42:42.943,0.9521,0.9523,0.80,17.50
2007.08.16 01:42:43.292,0.9521,0.9523,0.80,21.50
2007.08.16 01:42:44.115,0.9521,0.9523,0.80,22.30
2007.08.16 01:42:44.150,0.952,0.9523,14.40,22.30
2007.08.16 01:42:44.192,0.9519,0.9523,24.90,18.30
2007.08.16 01:42:44.216,0.9519,0.9523,25.00,14.30
2007.08.16 01:42:44.303,0.952,0.9523,14.40,2.40
2007.08.16 01:42:44.399,0.9519,0.9523,25.00,2.40
2007.08.16 01:42:44.615,0.9519,0.9523,33.80,2.40
2007.08.16 01:42:44.723,0.9519,0.9523,33.80,1.60
2007.08.16 01:42:45.114,0.952,0.9523,31.20,1.60
2007.08.16 01:42:45.236,0.9521,0.9524,0.60,14.40
2007.08.16 01:42:45.332,0.9521,0.9524,1.80,14.40
2007.08.16 01:42:47.022,0.9521,0.9523,2.10,0.80
2007.08.16 01:42:47.107,0.952,0.9523,14.40,0.80
2007.08.16 01:42:47.200,0.95195,0.9523,22.40,2.40
2007.08.16 01:42:47.629,0.952,0.9523,5.50,1.60
2007.08.16 01:42:47.722,0.952,0.9523,5.30,1.60
2007.08.16 01:42:47.933,0.9521,0.9523,0.60,1.60
2007.08.16 01:42:48.039,0.9521,0.9523,0.80,5.50
2007.08.16 01:42:48.141,0.952,0.9523,11.20,9.60
2007.08.16 01:42:48.233,0.952,0.9523,7.20,9.60
2007.08.16 01:42:48.541,0.9521,0.9523,0.80,13.60
2007.08.16 01:42:48.660,0.952,0.9523,11.10,9.60
2007.08.16 01:42:48.766,0.9521,0.9523,0.80,5.60
2007.08.16 01:42:48.957,0.952,0.9523,27.20,4.00
2007.08.16 01:42:49.172,0.952,0.9523,13.90,5.60
2007.08.16 01:42:49.564,0.952,0.9523,2.70,4.00
2007.08.16 01:42:49.689,0.95195,0.9523,34.40,4.00
2007.08.16 01:42:49.791,0.95195,0.9524,26.30,18.40
2007.08.16 01:42:50.318,0.952,0.9524,2.80,18.40
2007.08.16 01:42:50.408,0.95195,0.9524,10.40,18.40
2007.08.16 01:42:50.825,0.952,0.9524,1.70,18.40
2007.08.16 01:42:50.876,0.95195,0.9524,27.10,18.40
2007.08.16 01:42:51.221,0.95195,0.9524,31.10,14.40
2007.08.16 01:42:51.352,0.952,0.9524,7.90,10.40
2007.08.16 01:42:51.484,0.9519,0.9524,44.00,10.40
2007.08.16 01:42:51.521,0.952,0.9524,3.10,9.60
2007.08.16 01:42:51.860,0.9519,0.9524,44.00,5.60
2007.08.16 01:42:51.983,0.9521,0.9524,0.60,4.00
2007.08.16 01:42:52.142,0.952,0.9524,40.00,4.00
2007.08.16 01:42:52.400,0.952,0.9524,43.90,4.00
2007.08.16 01:42:52.487,0.952,0.9524,43.90,4.00
2007.08.16 01:42:52.710,0.952,0.9525,43.90,22.40
2007.08.16 01:42:52.801,0.9521,0.9525,5.00,22.40
2007.08.16 01:42:52.804,0.952,0.9525,44.00,22.40
2007.08.16 01:42:54.740,0.9521,0.9525,28.00,21.60
2007.08.16 01:42:54.852,0.9521,0.9525,28.00,16.00
2007.08.16 01:42:55.698,0.9521,0.9525,33.80,17.60
2007.08.16 01:42:55.812,0.9521,0.9525,33.80,13.60
2007.08.16 01:42:55.908,0.9521,0.9525,33.80,13.60
2007.08.16 01:42:56.029,0.9522,0.9525,0.90,9.60
2007.08.16 01:42:56.075,0.9523,0.9525,0.80,5.60
2007.08.16 01:42:56.123,0.9522,0.9525,33.70,1.60
2007.08.16 01:42:56.229,0.9523,0.9526,1.80,21.60
2007.08.16 01:42:56.324,0.9522,0.9526,33.70,17.60
2007.08.16 01:42:56.371,0.9522,0.9526,41.70,9.60
2007.08.16 01:42:56.527,0.9523,0.9526,1.30,5.60
2007.08.16 01:42:57.265,0.9522,0.9526,41.60,5.60
2007.08.16 01:42:57.362,0.9524,0.9526,0.70,5.60
2007.08.16 01:42:58.100,0.9524,0.9526,0.90,17.60
2007.08.16 01:42:58.120,0.9523,0.9526,18.30,18.40
2007.08.16 01:42:58.197,0.9522,0.9525,27.30,1.60
2007.08.16 01:42:58.218,0.9522,0.9525,27.40,1.60
2007.08.16 01:42:58.304,0.9522,0.9525,27.40,1.60
2007.08.16 01:42:58.613,0.9523,0.9525,0.80,1.60
2007.08.16 01:42:58.756,0.9523,0.9525,0.60,1.60
2007.08.16 01:43:01.599,0.9522,0.9525,21.00,5.50
2007.08.16 01:43:01.801,0.9522,0.9525,15.20,9.60
2007.08.16 01:43:02.013,0.9522,0.9525,13.00,13.60
2007.08.16 01:43:02.121,0.9523,0.9525,1.00,13.60
2007.08.16 01:43:02.218,0.9522,0.9525,17.70,9.60
2007.08.16 01:43:02.249,0.9523,0.9525,1.00,5.60
2007.08.16 01:43:02.438,0.9522,0.9525,33.80,1.60
2007.08.16 01:43:02.639,0.9522,0.9525,32.00,5.60
2007.08.16 01:43:02.855,0.9522,0.9525,33.80,4.00
2007.08.16 01:43:03.171,0.9522,0.9525,33.80,1.60
2007.08.16 01:43:03.268,0.9522,0.9526,33.80,13.60
2007.08.16 01:43:03.472,0.9523,0.9526,2.20,9.60
2007.08.16 01:43:03.580,0.9523,0.9525,1.90,4.00
2007.08.16 01:43:03.677,0.9524,0.9525,0.80,4.00
2007.08.16 01:43:03.997,0.9523,0.9525,2.30,4.00
2007.08.16 01:43:04.096,0.9523,0.9526,2.30,13.60
2007.08.16 01:43:04.167,0.9523,0.9526,13.80,13.60
2007.08.16 01:43:04.510,0.9523,0.9526,29.70,9.60
2007.08.16 01:43:04.823,0.9522,0.9526,36.10,9.60
2007.08.16 01:43:04.833,0.9522,0.9526,35.90,9.60
2007.08.16 01:43:05.033,0.9523,0.9526,6.20,13.60
2007.08.16 01:43:05.141,0.9523,0.9526,27.10,13.60
2007.08.16 01:43:05.224,0.9523,0.9526,27.90,13.60
2007.08.16 01:43:05.451,0.9524,0.9526,0.80,9.60
2007.08.16 01:43:05.533,0.9523,0.9526,28.90,9.60
2007.08.16 01:43:05.560,0.9523,0.9526,27.10,13.60
2007.08.16 01:43:05.667,0.9524,0.9526,0.80,12.00
2007.08.16 01:43:06.178,0.9524,0.9526,0.80,13.60
2007.08.16 01:43:06.245,0.9523,0.9526,29.70,13.60
2007.08.16 01:43:06.382,0.9523,0.9526,29.70,9.60
2007.08.16 01:43:06.660,0.9524,0.9526,0.80,9.60
2007.08.16 01:43:06.895,0.9524,0.9526,0.80,13.60
2007.08.16 01:43:07.184,0.9523,0.9526,23.90,13.60
2007.08.16 01:43:07.216,0.9524,0.9526,0.80,13.60
2007.08.16 01:43:07.426,0.9523,0.9526,29.70,9.60
2007.08.16 01:43:07.690,0.9524,0.9526,0.80,5.60
2007.08.16 01:43:08.142,0.9524,0.9526,1.20,21.60
2007.08.16 01:43:08.209,0.9523,0.9526,17.00,25.60
2007.08.16 01:43:08.254,0.9522,0.9526,26.00,29.60
2007.08.16 01:43:08.351,0.9523,0.9525,3.90,1.60
2007.08.16 01:43:08.562,0.9522,0.9525,23.60,1.60
2007.08.16 01:43:08.765,0.9523,0.9525,1.90,1.60
2007.08.16 01:43:09.180,0.9523,0.9525,0.90,1.60
2007.08.16 01:43:09.703,0.9522,0.9525,23.60,1.60
2007.08.16 01:43:13.536,0.9523,0.9525,4.20,1.60
2007.08.16 01:43:13.630,0.9523,0.9525,4.20,5.50
2007.08.16 01:43:13.764,0.9523,0.9525,2.40,21.60
2007.08.16 01:43:13.856,0.9523,0.9525,0.80,24.00
2007.08.16 01:43:14.154,0.9523,0.9525,0.80,24.80
2007.08.16 01:43:14.480,0.9523,0.9525,0.80,28.80
2007.08.16 01:43:14.799,0.9522,0.9525,4.80,28.80
2007.08.16 01:43:14.898,0.9522,0.9525,0.80,28.80
2007.08.16 01:43:15.005,0.9522,0.9525,0.80,30.40
2007.08.16 01:43:16.247,0.9521,0.9525,16.90,18.40
2007.08.16 01:43:16.339,0.9522,0.9525,1.60,18.40
2007.08.16 01:43:17.173,0.9522,0.9525,1.60,22.40
2007.08.16 01:43:17.389,0.9522,0.9525,1.60,26.40
2007.08.16 01:43:17.501,0.9521,0.9524,29.00,5.60
2007.08.16 01:43:17.589,0.9521,0.9524,29.00,9.60
2007.08.16 01:43:19.234,0.9521,0.9524,33.00,4.00
2007.08.16 01:43:19.332,0.9522,0.9524,0.80,4.00
2007.08.16 01:43:19.447,0.9522,0.9525,0.80,4.00
2007.08.16 01:43:24.135,0.9521,0.9526,32.20,38.40
2007.08.16 01:43:24.173,0.9521,0.9524,32.20,4.00
2007.08.16 01:43:24.244,0.9521,0.9524,33.00,4.00
2007.08.16 01:43:24.550,0.9521,0.9524,29.00,8.00
2007.08.16 01:43:28.070,0.9521,0.9524,24.20,8.80
2007.08.16 01:43:28.160,0.9521,0.9524,9.60,20.70
2007.08.16 01:43:28.166,0.9521,0.9524,9.60,24.70
2007.08.16 01:43:28.273,0.9522,0.9524,0.80,24.70
2007.08.16 01:43:34.398,0.9521,0.9524,2.40,24.70
2007.08.16 01:43:36.160,0.9521,0.9524,20.10,8.70
2007.08.16 01:43:36.228,0.9521,0.9524,20.90,7.90
2007.08.16 01:43:36.359,0.9521,0.9524,24.90,7.90
2007.08.16 01:43:36.635,0.9521,0.9524,28.90,4.00
2007.08.16 01:43:36.782,0.9521,0.9524,33.00,4.00
2007.08.16 01:43:43.235,0.9521,0.9524,17.00,23.90
2007.08.16 01:43:43.326,0.9521,0.9523,17.00,1.60
2007.08.16 01:43:43.644,0.9521,0.9523,12.20,1.60
2007.08.16 01:43:48.175,0.9522,0.9523,0.80,1.60
2007.08.16 01:43:48.412,0.9522,0.9524,2.40,12.00
2007.08.16 01:43:48.521,0.9522,0.9524,6.40,8.00
2007.08.16 01:43:48.615,0.9522,0.9524,6.40,4.00
2007.08.16 01:43:49.237,0.9522,0.9524,7.20,4.00
2007.08.16 01:43:49.352,0.9523,0.9524,1.60,4.00
2007.08.16 01:43:49.541,0.9523,0.9525,1.60,19.30
2007.08.16 01:43:51.301,0.9522,0.9525,7.20,19.30
2007.08.16 01:43:52.181,0.9523,0.9524,0.80,0.60
2007.08.16 01:43:52.222,0.9523,0.9526,0.80,31.40
2007.08.16 01:43:52.338,0.9523,0.9525,6.40,0.70
2007.08.16 01:43:52.432,0.9523,0.9525,7.20,0.90
2007.08.16 01:43:52.571,0.9523,0.9525,7.20,0.80
2007.08.16 01:43:53.192,0.9523,0.9525,11.10,0.50
2007.08.16 01:43:53.274,0.9523,0.9526,11.10,29.60
2007.08.16 01:43:53.730,0.9523,0.9526,6.40,34.30
2007.08.16 01:43:53.897,0.9523,0.9526,2.40,34.30
2007.08.16 01:43:54.006,0.9523,0.9525,0.80,0.50
2007.08.16 01:43:54.309,0.9523,0.9526,2.40,42.30
2007.08.16 01:43:54.721,0.9523,0.9526,2.40,40.10
2007.08.16 01:43:54.768,0.9523,0.9526,2.40,40.20
2007.08.16 01:43:54.927,0.9522,0.9526,11.10,40.20
2007.08.16 01:43:55.345,0.9522,0.9526,15.10,0.70
2007.08.16 01:43:55.853,0.9522,0.9526,15.10,0.50
2007.08.16 01:43:55.971,0.9523,0.9527,1.60,40.90
2007.08.16 01:43:57.114,0.9523,0.9527,2.40,40.10
2007.08.16 01:43:57.298,0.9523,0.9527,6.40,32.10
2007.08.16 01:43:57.724,0.9523,0.9526,10.30,0.80
2007.08.16 01:43:57.739,0.9523,0.9526,10.30,0.80
2007.08.16 01:43:57.946,0.9523,0.9526,10.30,27.40
2007.08.16 01:43:58.236,0.9523,0.9526,6.40,31.40
2007.08.16 01:43:58.463,0.9523,0.9526,6.40,0.80
2007.08.16 01:43:58.754,0.9523,0.9527,5.60,41.00
2007.08.16 01:43:58.769,0.9523,0.9526,6.40,34.30
2007.08.16 01:43:58.878,0.9523,0.9525,2.40,0.50
2007.08.16 01:43:58.974,0.9523,0.9526,2.40,42.30
2007.08.16 01:43:59.368,0.9523,0.9526,0.80,44.70
2007.08.16 01:44:00.182,0.9523,0.9525,0.80,0.90
2007.08.16 01:44:00.231,0.9523,0.9526,0.80,35.20
2007.08.16 01:44:00.336,0.9522,0.9524,0.80,0.70
2007.08.16 01:44:00.653,0.9522,0.9525,1.60,37.60
2007.08.16 01:44:00.856,0.9522,0.9525,7.20,0.50
2007.08.16 01:44:01.066,0.9522,0.9526,11.20,0.80
2007.08.16 01:44:01.263,0.9523,0.9526,11.90,0.90
2007.08.16 01:44:01.378,0.9523,0.9526,14.30,0.50
2007.08.16 01:44:01.470,0.9523,0.9526,18.30,0.60
2007.08.16 01:44:01.581,0.9523,0.9527,19.10,24.20
2007.08.16 01:44:01.674,0.9523,0.9526,19.10,0.60
2007.08.16 01:44:01.784,0.9523,0.9526,23.10,0.80
2007.08.16 01:44:01.871,0.9523,0.9527,27.10,9.60
2007.08.16 01:44:01.978,0.9523,0.9526,25.50,0.60
2007.08.16 01:44:02.189,0.9523,0.9527,29.50,0.90
2007.08.16 01:44:02.393,0.9523,0.9528,29.50,40.20
2007.08.16 01:44:03.624,0.9523,0.9527,28.70,3.20
2007.08.16 01:44:03.753,0.9523,0.9527,12.70,27.20
2007.08.16 01:44:03.845,0.9523,0.9526,14.30,24.20
2007.08.16 01:44:04.059,0.9523,0.9525,10.30,0.90
2007.08.16 01:44:04.237,0.9523,0.9526,6.40,32.20
2007.08.16 01:44:04.265,0.9523,0.9525,2.40,0.50
2007.08.16 01:44:04.793,0.9523,0.9526,1.60,32.20
2007.08.16 01:44:05.310,0.9523,0.9526,1.60,32.20
2007.08.16 01:44:05.780,0.9523,0.9526,1.60,32.10
2007.08.16 01:44:05.922,0.9523,0.9525,1.60,0.80
2007.08.16 01:44:05.940,0.9522,0.9525,11.20,15.30
2007.08.16 01:44:06.340,0.9522,0.9525,11.20,0.60
2007.08.16 01:44:08.405,0.9522,0.9525,11.20,15.30
2007.08.16 01:44:11.116,0.9522,0.9525,10.40,16.10
2007.08.16 01:44:11.431,0.9522,0.9525,4.80,32.10
2007.08.16 01:44:11.828,0.9522,0.9524,4.80,0.90
2007.08.16 01:44:12.146,0.9522,0.9524,5.60,0.50
2007.08.16 01:44:12.371,0.9522,0.9525,7.20,0.50
2007.08.16 01:44:14.225,0.9522,0.9526,11.20,40.20
2007.08.16 01:44:14.747,0.9522,0.9526,27.20,26.40
2007.08.16 01:44:14.831,0.9522,0.9526,31.20,26.40
2007.08.16 01:44:15.289,0.9522,0.9526,19.20,24.20
2007.08.16 01:44:15.361,0.9522,0.9526,9.60,24.20
2007.08.16 01:44:15.750,0.9522,0.9526,5.60,32.10
2007.08.16 01:44:16.261,0.9522,0.9526,4.80,32.90
2007.08.16 01:44:16.294,0.9522,0.9525,0.80,0.70
2007.08.16 01:44:16.398,0.9522,0.9526,0.80,43.30
2007.08.16 01:44:16.605,0.9522,0.9525,0.80,28.70
2007.08.16 01:44:17.229,0.9521,0.9524,0.80,0.80
2007.08.16 01:44:17.323,0.9521,0.9524,1.60,0.50
2007.08.16 01:44:17.853,0.9521,0.9524,5.60,0.60
2007.08.16 01:44:20.332,0.9521,0.9525,13.50,20.20
2007.08.16 01:44:20.723,0.9521,0.9525,13.50,24.10
2007.08.16 01:44:20.757,0.9521,0.9523,1.60,0.70
2007.08.16 01:44:20.870,0.9521,0.9523,5.60,0.80
2007.08.16 01:44:21.401,0.9521,0.9524,7.20,21.60
2007.08.16 01:44:25.439,0.9521,0.9524,5.60,21.60
2007.08.16 01:44:27.297,0.9521,0.9523,17.60,0.70
2007.08.16 01:44:27.406,0.9521,0.95245,17.60,29.60
2007.08.16 01:44:27.606,0.9521,0.95245,17.60,25.60
2007.08.16 01:44:28.334,0.9521,0.9524,23.20,0.80
2007.08.16 01:44:28.747,0.9521,0.9525,19.20,24.20
2007.08.16 01:44:28.856,0.9521,0.9524,17.60,0.90
2007.08.16 01:44:29.780,0.9521,0.9525,5.60,32.20
2007.08.16 01:44:29.904,0.9521,0.9523,5.60,0.90
2007.08.16 01:44:34.007,0.9521,0.9524,4.80,18.40
2007.08.16 01:44:40.347,0.9521,0.9524,4.80,22.40
2007.08.16 01:44:40.682,0.9521,0.9523,4.80,0.60
2007.08.16 01:44:40.776,0.9521,0.95235,4.80,18.30
2007.08.16 01:44:40.879,0.9521,0.95235,0.80,22.30
2007.08.16 01:44:41.716,0.9521,0.95235,0.80,26.30
2007.08.16 01:44:42.097,0.9521,0.9523,0.80,17.50
2007.08.16 01:44:42.231,0.952,0.9523,19.20,17.50
2007.08.16 01:44:42.336,0.952,0.9523,23.20,13.50
2007.08.16 01:44:42.549,0.952,0.9523,27.20,9.60
2007.08.16 01:44:42.753,0.952,0.9523,27.20,5.60
2007.08.16 01:44:43.266,0.952,0.9523,31.20,5.60
2007.08.16 01:44:43.383,0.9521,0.9523,0.80,5.60
2007.08.16 01:44:43.893,0.9521,0.9523,0.80,4.00
2007.08.16 01:44:46.893,0.9521,0.9523,0.80,5.60
2007.08.16 01:44:48.677,0.9521,0.9523,0.80,6.40
2007.08.16 01:44:48.877,0.952,0.9523,14.40,10.40
2007.08.16 01:44:48.970,0.952,0.9523,12.80,10.40
2007.08.16 01:44:49.078,0.952,0.9523,8.80,14.40
2007.08.16 01:44:49.187,0.952,0.9522,8.80,0.80
2007.08.16 01:44:49.296,0.952,0.9522,4.80,0.80
2007.08.16 01:44:55.255,0.952,0.9523,4.80,18.30
2007.08.16 01:45:01.224,0.952,0.9522,4.80,0.80
2007.08.16 01:45:03.319,0.952,0.9523,4.80,18.30
2007.08.16 01:45:08.797,0.952,0.9523,8.80,14.30
2007.08.16 01:45:08.918,0.952,0.9523,10.40,14.30
2007.08.16 01:45:09.141,0.952,0.9523,11.20,14.30
2007.08.16 01:45:09.249,0.952,0.9523,11.20,13.50
2007.08.16 01:45:09.415,0.952,0.9522,11.20,1.60
2007.08.16 01:45:09.710,0.952,0.9522,15.20,1.60
2007.08.16 01:45:11.296,0.952,0.9522,14.40,1.60
2007.08.16 01:45:11.483,0.952,0.9522,8.80,9.60
2007.08.16 01:45:11.795,0.952,0.9522,4.80,13.60
2007.08.16 01:45:12.312,0.952,0.9522,0.80,13.60
2007.08.16 01:45:13.971,0.952,0.9523,0.80,26.30
2007.08.16 01:45:14.281,0.9519,0.9522,27.20,0.80
2007.08.16 01:45:14.398,0.9519,0.9523,23.20,30.30
2007.08.16 01:45:14.911,0.9519,0.9522,29.00,0.50
2007.08.16 01:45:15.026,0.9519,0.9523,33.00,26.30
2007.08.16 01:45:15.120,0.9519,0.9523,33.00,22.30
2007.08.16 01:45:16.877,0.9519,0.9523,35.20,22.30
2007.08.16 01:45:16.991,0.952,0.9522,0.80,29.60
2007.08.16 01:45:17.490,0.952,0.9522,0.80,0.70
2007.08.16 01:45:17.609,0.952,0.9522,0.80,0.80
2007.08.16 01:45:18.225,0.952,0.9523,0.80,22.30
2007.08.16 01:45:19.458,0.952,0.9522,10.40,0.90
2007.08.16 01:45:20.019,0.952,0.9522,8.80,0.50
2007.08.16 01:45:20.205,0.952,0.9523,4.80,34.30
2007.08.16 01:45:20.312,0.952,0.9521,4.80,0.80
2007.08.16 01:45:20.524,0.952,0.9523,4.80,33.50
2007.08.16 01:45:20.684,0.952,0.9523,4.80,41.50
2007.08.16 01:45:20.728,0.952,0.9522,0.80,0.50
2007.08.16 01:45:20.767,0.952,0.9522,0.80,0.50
2007.08.16 01:45:20.936,0.952,0.9522,0.80,30.40
2007.08.16 01:45:26.956,0.952,0.9522,0.80,0.50
2007.08.16 01:45:29.212,0.952,0.9523,1.60,25.50
2007.08.16 01:45:29.948,0.952,0.9523,1.60,21.50
2007.08.16 01:45:31.158,0.952,0.9522,0.80,0.50
2007.08.16 01:45:31.264,0.952,0.9522,1.60,0.50
2007.08.16 01:45:31.957,0.952,0.9523,3.20,31.30
2007.08.16 01:45:34.664,0.952,0.9522,2.40,0.50
2007.08.16 01:45:35.290,0.952,0.9523,2.40,32.10
2007.08.16 01:45:35.556,0.952,0.9522,0.80,29.60
2007.08.16 01:45:36.060,0.9519,0.9522,2.40,33.60
2007.08.16 01:45:36.180,0.9519,0.9522,3.20,33.60
2007.08.16 01:45:37.417,0.9519,0.95225,1.60,25.60
2007.08.16 01:45:37.833,0.9519,0.9523,1.60,32.20
2007.08.16 01:45:38.152,0.9519,0.9522,0.80,0.60
2007.08.16 01:45:38.467,0.9518,0.9521,15.10,0.60
2007.08.16 01:45:38.769,0.9518,0.9522,11.10,18.40
2007.08.16 01:45:39.184,0.9519,0.9521,0.80,0.90
2007.08.16 01:45:39.504,0.9519,0.95225,0.80,21.60
2007.08.16 01:45:39.601,0.9519,0.9523,1.60,40.10
2007.08.16 01:45:40.218,0.9519,0.9523,7.40,40.10
2007.08.16 01:45:40.235,0.9519,0.9523,11.30,40.10
2007.08.16 01:45:40.320,0.9519,0.9523,15.30,40.10
2007.08.16 01:45:40.331,0.9519,0.9523,15.30,40.10
2007.08.16 01:45:40.428,0.9519,0.9523,16.90,40.10
2007.08.16 01:45:40.838,0.952,0.9523,0.80,40.10
2007.08.16 01:45:41.865,0.952,0.9523,0.80,32.90
2007.08.16 01:45:41.977,0.952,0.9522,0.80,0.60
2007.08.16 01:45:42.034,0.952,0.9523,0.80,43.20
2007.08.16 01:45:42.099,0.952,0.9522,0.80,36.80
2007.08.16 01:45:44.054,0.9519,0.9522,0.80,40.80
2007.08.16 01:45:44.116,0.9519,0.95215,0.80,8.00
2007.08.16 01:45:44.374,0.9519,0.9522,0.80,40.80
2007.08.16 01:45:45.410,0.9519,0.9521,0.80,1.60
2007.08.16 01:45:49.351,0.9519,0.9521,2.40,1.60
2007.08.16 01:45:58.879,0.9519,0.9521,3.20,1.60
2007.08.16 01:45:58.994,0.9519,0.9521,7.20,1.60
2007.08.16 01:45:59.193,0.9519,0.9521,11.20,1.60
2007.08.16 01:45:59.386,0.9519,0.9521,15.20,1.60
2007.08.16 01:45:59.488,0.9519,0.9521,19.10,1.60
2007.08.16 01:45:59.609,0.9519,0.9522,19.10,5.60
2007.08.16 01:46:00.763,0.9519,0.9522,32.90,5.60
2007.08.16 01:46:00.854,0.952,0.9522,0.80,5.60
2007.08.16 01:46:07.335,0.952,0.9523,0.80,24.10
2007.08.16 01:46:08.207,0.952,0.9522,0.80,0.70
2007.08.16 01:46:08.326,0.952,0.9523,0.80,24.20
2007.08.16 01:46:10.698,0.952,0.9522,0.80,0.70
2007.08.16 01:46:10.712,0.952,0.9522,0.80,0.70
2007.08.16 01:46:10.813,0.9519,0.9523,2.40,41.00
2007.08.16 01:46:10.913,0.9519,0.9521,2.40,0.80
2007.08.16 01:46:11.632,0.9519,0.9522,3.20,31.40
2007.08.16 01:46:11.741,0.9519,0.9521,7.10,0.90
2007.08.16 01:46:11.764,0.9519,0.9522,11.10,11.40
2007.08.16 01:46:11.835,0.952,0.9522,0.80,11.40
2007.08.16 01:46:11.961,0.952,0.9522,0.80,0.90
2007.08.16 01:46:12.372,0.952,0.9522,0.80,11.40
2007.08.16 01:46:13.157,0.9519,0.9522,23.10,7.40
2007.08.16 01:46:13.360,0.952,0.9522,0.80,7.40
2007.08.16 01:46:13.410,0.952,0.9523,0.80,21.90
2007.08.16 01:46:13.672,0.9519,0.9523,23.10,21.10
2007.08.16 01:46:13.730,0.9519,0.9522,19.10,0.50
2007.08.16 01:46:13.826,0.952,0.9523,0.80,40.10
2007.08.16 01:46:13.879,0.952,0.9523,1.60,40.10
2007.08.16 01:46:13.943,0.952,0.9523,1.60,40.10
2007.08.16 01:46:14.083,0.952,0.9523,0.80,39.30
2007.08.16 01:46:14.243,0.952,0.9523,0.80,39.30
2007.08.16 01:46:15.211,0.952,0.9523,0.80,32.10
2007.08.16 01:46:15.290,0.9519,0.9523,11.20,32.10
2007.08.16 01:46:15.907,0.9519,0.9522,5.60,0.90
2007.08.16 01:46:16.516,0.9519,0.9523,7.20,40.10
2007.08.16 01:46:16.609,0.9519,0.9523,3.20,40.10
2007.08.16 01:46:17.365,0.9519,0.9523,2.40,40.90
2007.08.16 01:46:17.450,0.9519,0.9522,2.40,32.20
2007.08.16 01:46:18.492,0.9519,0.9522,0.80,32.20
2007.08.16 01:46:21.180,0.9519,0.9522,1.60,31.40
2007.08.16 01:46:21.696,0.9519,0.9521,0.80,0.50
2007.08.16 01:46:21.947,0.9519,0.9522,2.40,24.20
2007.08.16 01:46:22.625,0.9519,0.9521,3.20,0.60
2007.08.16 01:46:22.940,0.9519,0.95225,1.60,27.40
2007.08.16 01:46:23.758,0.9519,0.9523,1.60,37.90
2007.08.16 01:46:24.400,0.9519,0.9522,3.20,15.40
2007.08.16 01:46:25.753,0.9519,0.9521,11.20,0.80
2007.08.16 01:46:25.847,0.9519,0.9522,15.20,11.40
2007.08.16 01:46:25.975,0.9519,0.9523,15.20,37.90
2007.08.16 01:46:26.332,0.9519,0.9522,19.10,0.80
2007.08.16 01:46:26.686,0.9519,0.9523,23.10,29.90
2007.08.16 01:46:27.662,0.9519,0.9522,19.20,0.80
2007.08.16 01:46:27.724,0.9519,0.9523,15.20,32.10
2007.08.16 01:46:27.768,0.9519,0.9522,15.20,0.80
2007.08.16 01:46:28.350,0.9519,0.9523,5.60,40.10
2007.08.16 01:46:28.760,0.9519,0.9523,1.60,40.10
2007.08.16 01:46:29.232,0.9519,0.9523,0.80,40.90
2007.08.16 01:46:29.273,0.9519,0.9523,0.80,30.80
2007.08.16 01:46:29.809,0.9519,0.9522,0.80,0.50
2007.08.16 01:46:30.023,0.9519,0.9522,2.40,32.20
2007.08.16 01:46:33.106,0.9519,0.9522,3.20,31.40
2007.08.16 01:46:33.224,0.9519,0.9522,7.20,19.40
2007.08.16 01:46:33.341,0.9519,0.9522,15.20,15.40
2007.08.16 01:46:33.539,0.9519,0.9521,7.20,0.60
2007.08.16 01:46:33.623,0.9519,0.9522,1.60,0.60
2007.08.16 01:46:33.752,0.9519,0.9523,5.60,32.20
2007.08.16 01:46:33.848,0.9519,0.9523,1.60,32.20
2007.08.16 01:46:33.919,0.9519,0.9523,0.80,32.20
2007.08.16 01:46:34.036,0.9519,0.9523,0.80,33.00
2007.08.16 01:46:34.058,0.9519,0.9522,0.80,22.40
2007.08.16 01:46:34.128,0.9519,0.9522,1.60,22.40
2007.08.16 01:46:34.637,0.9519,0.9522,0.80,22.40
2007.08.16 01:46:36.469,0.9519,0.9522,1.60,21.60
2007.08.16 01:46:36.543,0.9519,0.9521,9.60,0.70
2007.08.16 01:46:36.641,0.9519,0.9521,11.20,0.50
2007.08.16 01:46:36.757,0.9519,0.9521,15.20,1.60
2007.08.16 01:46:36.980,0.9519,0.9521,19.10,1.60
2007.08.16 01:46:37.062,0.9519,0.9521,23.10,1.60
2007.08.16 01:46:37.172,0.952,0.9521,0.80,1.60
2007.08.16 01:46:37.481,0.952,0.9522,0.80,7.40
2007.08.16 01:46:38.002,0.952,0.9522,0.80,5.60
2007.08.16 01:46:38.013,0.952,0.9522,0.80,9.60
2007.08.16 01:46:38.301,0.952,0.9522,0.80,13.60
2007.08.16 01:46:38.515,0.952,0.9522,0.80,17.60
2007.08.16 01:46:39.645,0.952,0.9522,0.80,18.40
2007.08.16 01:46:39.759,0.9519,0.9522,6.40,18.40
2007.08.16 01:46:40.388,0.9519,0.9521,0.80,1.60
2007.08.16 01:46:40.469,0.9519,0.9521,1.60,1.60
2007.08.16 01:46:40.706,0.9519,0.9522,1.60,19.40
2007.08.16 01:46:40.994,0.9519,0.9522,1.60,15.40
2007.08.16 01:46:41.907,0.9519,0.9522,0.80,16.20
2007.08.16 01:46:42.034,0.9519,0.9522,0.80,14.40
2007.08.16 01:46:42.131,0.9519,0.9521,0.80,1.60
2007.08.16 01:46:44.681,0.9519,0.9521,1.60,1.60
2007.08.16 01:46:44.742,0.9519,0.9521,0.80,1.60
2007.08.16 01:46:44.942,0.9519,0.9522,0.80,19.40
2007.08.16 01:46:45.028,0.9519,0.9522,4.80,19.40
2007.08.16 01:46:45.254,0.9519,0.9522,6.40,19.40
2007.08.16 01:46:45.360,0.9519,0.9521,10.40,1.60
2007.08.16 01:46:45.659,0.9519,0.9521,14.40,1.60
2007.08.16 01:46:45.703,0.9519,0.9521,18.30,1.60
2007.08.16 01:46:45.782,0.952,0.9521,0.80,1.60
2007.08.16 01:46:45.880,0.952,0.9522,0.80,9.60
2007.08.16 01:46:46.123,0.952,0.9522,0.80,10.40
2007.08.16 01:46:46.183,0.952,0.9521,0.80,1.60
2007.08.16 01:46:46.218,0.952,0.9521,0.80,5.50
2007.08.16 01:46:46.291,0.952,0.9521,0.80,21.50
2007.08.16 01:46:46.704,0.9518,0.9521,10.40,25.50
2007.08.16 01:46:46.937,0.9518,0.9521,9.60,26.30
2007.08.16 01:46:47.119,0.9519,0.9521,0.80,32.10
2007.08.16 01:46:47.220,0.9519,0.952,0.80,1.60
2007.08.16 01:46:49.828,0.9518,0.952,7.20,1.60
2007.08.16 01:46:50.636,0.9518,0.952,6.40,1.60
2007.08.16 01:46:51.584,0.9518,0.952,2.40,1.60
2007.08.16 01:46:51.690,0.9518,0.952,0.80,1.60
2007.08.16 01:46:51.759,0.9518,0.952,0.80,5.50
2007.08.16 01:46:51.792,0.9518,0.952,0.80,9.50
2007.08.16 01:46:51.898,0.9518,0.952,0.80,13.50
2007.08.16 01:46:52.270,0.9518,0.952,0.80,14.30
2007.08.16 01:46:52.314,0.9517,0.952,6.40,14.30
2007.08.16 01:46:55.514,0.9517,0.952,7.20,13.50
2007.08.16 01:46:57.664,0.9517,0.9519,6.40,3.90
2007.08.16 01:46:57.818,0.9517,0.9519,2.40,19.90
2007.08.16 01:46:57.914,0.9517,0.9519,0.80,21.50
2007.08.16 01:46:58.855,0.9517,0.9519,0.80,25.50
2007.08.16 01:46:59.068,0.9516,0.9519,21.00,13.50
2007.08.16 01:46:59.165,0.9517,0.9519,1.60,11.90
2007.08.16 01:46:59.300,0.9517,0.9519,1.60,8.00
2007.08.16 01:46:59.389,0.9517,0.9519,1.60,4.00
2007.08.16 01:46:59.468,0.9517,0.952,1.60,32.20
2007.08.16 01:46:59.509,0.9517,0.952,2.40,31.40
2007.08.16 01:46:59.731,0.9518,0.952,0.80,31.40
2007.08.16 01:46:59.795,0.9518,0.952,0.80,17.60
2007.08.16 01:46:59.877,0.9518,0.952,0.80,13.60
2007.08.16 01:46:59.934,0.9518,0.952,0.80,9.60
2007.08.16 01:47:00.005,0.9518,0.952,2.40,9.60
2007.08.16 01:47:00.453,0.9518,0.952,1.60,10.40
2007.08.16 01:47:00.502,0.9518,0.952,1.60,12.20
2007.08.16 01:47:00.561,0.9518,0.952,1.60,16.20
2007.08.16 01:47:00.634,0.9516,0.952,30.60,32.20
2007.08.16 01:47:00.705,0.9518,0.9519,0.80,1.60
2007.08.16 01:47:01.340,0.9516,0.952,26.60,42.60
2007.08.16 01:47:02.071,0.9517,0.952,0.80,42.60
2007.08.16 01:47:03.410,0.9517,0.9519,0.80,1.60
2007.08.16 01:47:06.398,0.9517,0.9519,2.40,1.60
2007.08.16 01:47:07.436,0.9517,0.9519,0.80,1.60
2007.08.16 01:47:07.814,0.9516,0.9519,25.00,1.60
2007.08.16 01:47:12.390,0.9516,0.9519,21.00,5.50
2007.08.16 01:47:12.897,0.9517,0.9519,0.80,9.50
2007.08.16 01:47:13.258,0.9516,0.9519,21.00,5.50
2007.08.16 01:47:13.709,0.9517,0.9519,0.80,1.60
2007.08.16 01:47:14.405,0.9516,0.9519,25.00,1.60
2007.08.16 01:47:14.534,0.9516,0.9519,25.80,1.60
2007.08.16 01:47:14.720,0.9517,0.952,0.80,29.60
2007.08.16 01:47:14.786,0.9516,0.952,25.80,21.60
2007.08.16 01:47:20.521,0.9517,0.952,1.50,23.40
2007.08.16 01:47:20.548,0.9516,0.952,25.00,24.20
2007.08.16 01:47:20.965,0.9517,0.952,1.50,24.20
2007.08.16 01:47:21.072,0.9516,0.952,25.80,23.40
2007.08.16 01:47:21.142,0.9516,0.952,36.00,19.40
2007.08.16 01:47:21.253,0.9517,0.952,7.20,19.40
2007.08.16 01:47:21.333,0.9518,0.952,0.70,15.40
2007.08.16 01:47:21.469,0.9517,0.952,15.20,11.40
2007.08.16 01:47:23.017,0.9517,0.952,16.00,11.40
2007.08.16 01:47:23.126,0.9517,0.952,16.00,11.40
2007.08.16 01:47:23.621,0.9517,0.952,19.90,7.40
2007.08.16 01:47:27.273,0.9517,0.952,25.80,1.60
2007.08.16 01:47:27.383,0.9518,0.9521,1.90,23.40
2007.08.16 01:47:28.315,0.9518,0.952,0.90,1.60
2007.08.16 01:47:30.094,0.9518,0.952,1.50,5.50
2007.08.16 01:47:30.177,0.9517,0.952,20.00,9.60
2007.08.16 01:47:33.589,0.9517,0.952,20.00,9.60
2007.08.16 01:47:33.599,0.9518,0.952,3.90,5.60
2007.08.16 01:47:33.698,0.9518,0.952,12.80,1.60
2007.08.16 01:47:33.786,0.9518,0.9521,15.20,12.00
2007.08.16 01:47:33.917,0.9518,0.9521,19.20,8.00
2007.08.16 01:47:34.834,0.9518,0.9521,19.20,8.00
2007.08.16 01:47:35.234,0.9519,0.9521,3.20,8.00
2007.08.16 01:47:35.460,0.9519,0.9521,3.20,9.60
2007.08.16 01:47:35.636,0.9519,0.9521,2.40,9.60
2007.08.16 01:47:36.913,0.9519,0.9521,2.40,8.00
2007.08.16 01:47:37.525,0.9519,0.9521,2.40,8.80
2007.08.16 01:47:37.630,0.9519,0.9521,2.40,20.80
2007.08.16 01:47:37.642,0.9519,0.952,2.40,3.90
2007.08.16 01:47:37.848,0.9519,0.952,0.80,3.90
2007.08.16 01:47:37.950,0.9517,0.952,20.20,3.90
2007.08.16 01:47:38.042,0.9518,0.952,0.80,3.90
2007.08.16 01:47:38.361,0.9518,0.952,0.80,5.50
2007.08.16 01:47:40.438,0.9518,0.952,2.40,5.50
2007.08.16 01:47:42.541,0.9518,0.952,2.40,6.30
2007.08.16 01:47:42.622,0.9518,0.952,2.40,10.30
2007.08.16 01:47:42.720,0.9518,0.952,0.80,18.40
2007.08.16 01:47:42.920,0.9518,0.952,0.80,22.40
2007.08.16 01:47:43.134,0.9518,0.952,0.80,24.20
2007.08.16 01:47:43.228,0.9518,0.952,0.80,32.20
2007.08.16 01:47:43.241,0.9518,0.9519,0.80,1.60
2007.08.16 01:47:43.638,0.9518,0.9519,0.80,5.50
2007.08.16 01:47:46.101,0.9517,0.952,2.40,22.40
2007.08.16 01:47:46.557,0.9516,0.952,19.10,22.40
2007.08.16 01:47:46.620,0.9516,0.952,18.30,21.60
2007.08.16 01:47:46.659,0.9516,0.952,6.40,33.60
2007.08.16 01:47:46.715,0.9516,0.952,6.40,29.60
2007.08.16 01:47:46.775,0.9516,0.952,6.40,25.50
2007.08.16 01:47:46.809,0.9516,0.952,6.40,33.50
2007.08.16 01:47:46.875,0.9516,0.952,0.80,21.60
2007.08.16 01:47:46.980,0.9516,0.952,0.80,17.60
2007.08.16 01:47:47.038,0.9516,0.952,0.80,9.60
2007.08.16 01:47:47.120,0.9516,0.9519,0.80,0.80
2007.08.16 01:47:47.500,0.9516,0.9519,2.40,0.80
2007.08.16 01:47:47.594,0.9516,0.9519,1.60,0.80
2007.08.16 01:47:47.744,0.9516,0.9519,1.60,4.70
2007.08.16 01:47:47.821,0.9516,0.9519,1.60,22.50
2007.08.16 01:47:47.837,0.9516,0.9519,1.60,30.50
2007.08.16 01:47:47.912,0.9516,0.9518,1.60,4.00
2007.08.16 01:47:48.033,0.9515,0.9518,3.20,9.60
2007.08.16 01:47:48.371,0.9515,0.9518,3.20,13.50
2007.08.16 01:47:48.403,0.9515,0.9518,3.20,16.00
2007.08.16 01:47:48.519,0.9515,0.9518,3.20,20.00
2007.08.16 01:47:48.933,0.9515,0.9518,3.20,21.60
2007.08.16 01:47:52.253,0.9515,0.9518,7.10,17.60
2007.08.16 01:47:52.286,0.9515,0.9518,23.20,13.60
2007.08.16 01:47:52.372,0.9515,0.9518,23.20,9.60
2007.08.16 01:47:52.701,0.9515,0.9518,10.40,21.50
2007.08.16 01:47:52.765,0.9515,0.9518,6.40,21.50
2007.08.16 01:47:52.790,0.9515,0.9518,0.80,17.50
2007.08.16 01:47:53.175,0.9515,0.9518,0.80,18.30
2007.08.16 01:47:53.412,0.9514,0.9518,8.80,18.30
2007.08.16 01:47:53.618,0.9514,0.9518,8.80,26.30
2007.08.16 01:47:53.790,0.9514,0.9518,8.80,30.30
2007.08.16 01:47:53.835,0.9514,0.9518,8.80,34.40
2007.08.16 01:47:54.441,0.9514,0.9518,10.40,34.40
2007.08.16 01:47:55.774,0.9514,0.9518,8.80,34.40
2007.08.16 01:47:57.185,0.9514,0.9517,8.80,0.80
2007.08.16 01:47:57.232,0.9514,0.9517,9.60,4.20
2007.08.16 01:47:57.340,0.9514,0.9517,9.60,8.20
2007.08.16 01:47:57.552,0.9514,0.9517,5.60,12.20
2007.08.16 01:47:57.601,0.9514,0.9517,5.60,16.10
2007.08.16 01:47:57.753,0.9514,0.9517,5.60,20.20
2007.08.16 01:47:59.307,0.9514,0.9517,5.60,14.40
2007.08.16 01:48:00.349,0.9514,0.9517,4.00,12.80
2007.08.16 01:48:01.276,0.9514,0.9517,4.00,14.60
2007.08.16 01:48:01.394,0.9514,0.9517,5.60,20.20
2007.08.16 01:48:02.740,0.9514,0.9517,5.60,18.40
2007.08.16 01:48:02.848,0.9514,0.9517,5.60,14.40
2007.08.16 01:48:03.354,0.9514,0.9517,4.00,12.80
2007.08.16 01:48:03.884,0.9514,0.9517,5.60,14.40
2007.08.16 01:48:04.192,0.9514,0.9517,5.60,16.20
2007.08.16 01:48:04.383,0.9514,0.9517,4.00,20.20
2007.08.16 01:48:05.434,0.9514,0.9517,5.60,20.20
2007.08.16 01:48:06.400,0.9514,0.9517,4.00,18.40
2007.08.16 01:48:06.479,0.9514,0.9517,4.00,14.40
2007.08.16 01:48:06.993,0.9514,0.9517,5.60,14.40
2007.08.16 01:48:07.406,0.9514,0.9517,4.00,14.40
2007.08.16 01:48:12.189,0.9514,0.9517,4.00,16.20
2007.08.16 01:48:12.270,0.9514,0.9517,1.70,16.20
2007.08.16 01:48:12.295,0.9513,0.9517,39.20,14.60
2007.08.16 01:48:12.403,0.9514,0.9517,1.00,20.20
2007.08.16 01:48:12.601,0.95125,0.9517,39.20,20.20
2007.08.16 01:48:13.622,0.95125,0.9517,34.40,20.20
2007.08.16 01:48:13.721,0.9512,0.9516,35.20,15.90
2007.08.16 01:48:14.112,0.9513,0.9516,1.50,15.90
2007.08.16 01:48:15.301,0.9512,0.9516,43.20,4.00
2007.08.16 01:48:15.395,0.9511,0.9516,44.00,4.00
2007.08.16 01:48:15.470,0.9512,0.9516,43.20,4.00
2007.08.16 01:48:15.512,0.9512,0.9517,43.20,28.80
2007.08.16 01:48:16.108,0.9513,0.9517,0.80,28.80
2007.08.16 01:48:16.344,0.95125,0.9517,15.20,30.40
2007.08.16 01:48:16.648,0.95125,0.9517,19.20,30.40
2007.08.16 01:48:16.819,0.95125,0.9517,23.10,30.40
2007.08.16 01:48:24.002,0.95125,0.9517,23.10,28.80
2007.08.16 01:48:24.634,0.9514,0.9517,0.80,28.00
2007.08.16 01:48:24.732,0.9513,0.9517,15.90,24.00
2007.08.16 01:48:24.745,0.9513,0.9517,21.70,20.00
2007.08.16 01:48:24.833,0.9513,0.9517,25.80,15.90
2007.08.16 01:48:25.036,0.9513,0.9517,33.80,15.90
2007.08.16 01:48:25.131,0.9514,0.9517,4.40,15.90
2007.08.16 01:48:25.228,0.9514,0.9517,2.70,15.90
2007.08.16 01:48:25.259,0.9514,0.9517,1.60,15.90
2007.08.16 01:48:25.343,0.9515,0.9517,3.20,4.00
2007.08.16 01:48:25.462,0.9515,0.9517,4.20,4.00
2007.08.16 01:48:25.759,0.9515,0.9517,4.60,4.00
2007.08.16 01:48:25.891,0.9515,0.9518,0.80,32.20
2007.08.16 01:48:26.176,0.9515,0.9518,0.80,26.40
2007.08.16 01:48:26.802,0.9514,0.9517,5.20,11.90
2007.08.16 01:48:26.854,0.95135,0.9517,16.80,12.70
2007.08.16 01:48:26.906,0.9514,0.9517,2.40,12.70
2007.08.16 01:48:27.000,0.9513,0.9517,23.20,12.70
2007.08.16 01:48:27.263,0.9513,0.9517,23.20,16.70
2007.08.16 01:48:27.689,0.9513,0.9517,24.00,15.90
2007.08.16 01:48:27.785,0.9513,0.9517,23.90,11.90
2007.08.16 01:48:27.850,0.9513,0.9517,27.90,15.90
2007.08.16 01:48:28.209,0.9514,0.9517,1.90,15.90
2007.08.16 01:48:28.294,0.9513,0.9517,27.20,15.90
2007.08.16 01:48:28.385,0.95135,0.9517,10.40,4.00
2007.08.16 01:48:28.662,0.95135,0.9518,14.40,30.40
2007.08.16 01:48:28.708,0.9514,0.9518,0.70,30.40
2007.08.16 01:48:29.227,0.9514,0.9518,5.70,30.40
2007.08.16 01:48:29.637,0.9514,0.9517,2.70,0.80
2007.08.16 01:48:29.729,0.9513,0.9517,35.20,4.70
2007.08.16 01:48:29.821,0.9513,0.9516,21.00,13.50
2007.08.16 01:48:30.260,0.9514,0.9516,1.60,17.50
2007.08.16 01:48:30.335,0.9514,0.9516,0.90,17.50
2007.08.16 01:48:33.245,0.9513,0.9516,13.00,5.50
2007.08.16 01:48:33.736,0.9514,0.9516,1.00,1.60
2007.08.16 01:48:34.259,0.9513,0.9516,13.00,5.50
2007.08.16 01:48:34.286,0.9514,0.9516,1.20,29.60
2007.08.16 01:48:34.299,0.9513,0.9516,11.20,37.60
2007.08.16 01:48:34.372,0.9514,0.9516,0.80,36.00
2007.08.16 01:48:34.947,0.9514,0.9515,0.80,3.90
2007.08.16 01:48:36.353,0.9511,0.9515,32.90,5.50
2007.08.16 01:48:36.980,0.9512,0.9515,13.00,5.50
2007.08.16 01:48:37.108,0.9513,0.9515,1.20,5.50
2007.08.16 01:48:37.218,0.9513,0.9514,0.80,3.90
2007.08.16 01:48:37.380,0.951,0.9514,32.90,5.50
2007.08.16 01:48:37.733,0.951,0.9514,33.00,1.60
2007.08.16 01:48:37.900,0.9511,0.9515,8.50,30.40
2007.08.16 01:48:37.994,0.9511,0.9515,6.80,26.40
2007.08.16 01:48:38.307,0.95105,0.9515,32.20,30.40
2007.08.16 01:48:38.401,0.95105,0.9514,32.20,1.60
2007.08.16 01:48:38.836,0.9512,0.9514,0.80,1.60
2007.08.16 01:48:45.371,0.9512,0.9515,0.80,26.40
2007.08.16 01:48:45.906,0.9512,0.9514,0.80,1.60
2007.08.16 01:48:46.412,0.9512,0.9515,0.80,26.40
2007.08.16 01:48:46.837,0.9512,0.9514,0.80,1.60
2007.08.16 01:48:47.216,0.9512,0.9514,5.50,1.60
2007.08.16 01:48:47.362,0.9512,0.9515,17.00,5.60
2007.08.16 01:48:47.666,0.9512,0.9515,17.00,1.60
2007.08.16 01:48:47.876,0.9513,0.9515,1.60,1.60
2007.08.16 01:48:49.668,0.9513,0.9515,6.30,1.60
2007.08.16 01:48:49.825,0.9513,0.9515,11.20,1.60
2007.08.16 01:48:49.929,0.9513,0.9516,11.20,4.00
2007.08.16 01:48:50.143,0.9513,0.9517,11.20,32.20
2007.08.16 01:48:50.685,0.9514,0.9517,4.70,31.40
2007.08.16 01:48:50.793,0.9514,0.9517,4.70,27.40
2007.08.16 01:48:50.867,0.9515,0.9517,0.80,8.00
2007.08.16 01:48:50.990,0.9515,0.9517,4.80,4.00
2007.08.16 01:48:51.180,0.9515,0.9518,4.80,10.30
2007.08.16 01:48:51.204,0.9515,0.9518,8.70,6.40
2007.08.16 01:48:51.288,0.9515,0.9518,4.70,24.10
2007.08.16 01:48:51.385,0.9515,0.9517,4.70,1.60
2007.08.16 01:48:51.695,0.9515,0.9517,4.70,5.60
2007.08.16 01:48:51.742,0.9515,0.9517,1.60,5.60
2007.08.16 01:48:51.800,0.9515,0.9517,1.60,1.60
2007.08.16 01:48:51.909,0.9515,0.9518,3.20,31.40
2007.08.16 01:48:52.425,0.9515,0.9518,1.60,31.40
2007.08.16 01:48:53.184,0.9515,0.9518,0.80,31.40
2007.08.16 01:48:53.279,0.9515,0.9518,0.80,32.20
2007.08.16 01:48:53.702,0.9515,0.9517,0.80,4.70
2007.08.16 01:48:53.772,0.9515,0.9517,0.80,6.50
2007.08.16 01:48:54.324,0.9515,0.9517,0.80,24.10
2007.08.16 01:48:54.503,0.9514,0.9517,18.40,24.10
2007.08.16 01:48:54.552,0.9514,0.9517,10.40,24.10
2007.08.16 01:48:55.016,0.9514,0.9517,6.40,28.10
2007.08.16 01:48:56.672,0.9514,0.9517,7.20,27.30
2007.08.16 01:48:56.764,0.9514,0.9517,11.20,23.30
2007.08.16 01:48:56.799,0.9514,0.9517,11.20,9.60
2007.08.16 01:48:56.993,0.9514,0.9517,11.20,4.00
2007.08.16 01:48:57.714,0.9514,0.9518,11.20,32.20
2007.08.16 01:48:58.221,0.9514,0.9518,7.20,32.20
2007.08.16 01:48:58.323,0.9514,0.9517,7.20,3.90
2007.08.16 01:48:58.448,0.9514,0.9517,5.60,5.70
2007.08.16 01:48:58.873,0.9514,0.9517,5.60,17.70
2007.08.16 01:48:58.983,0.9514,0.9517,7.20,23.30
2007.08.16 01:48:59.687,0.9514,0.9517,7.20,27.30
2007.08.16 01:48:59.755,0.9514,0.9517,6.40,28.10
2007.08.16 01:48:59.798,0.9514,0.9516,6.40,1.80
2007.08.16 01:49:00.083,0.9514,0.9516,6.40,3.40
2007.08.16 01:49:01.257,0.9514,0.9516,6.40,1.60
2007.08.16 01:49:01.291,0.9514,0.9516,7.20,1.60
2007.08.16 01:49:01.461,0.9514,0.9517,7.20,25.50
2007.08.16 01:49:01.799,0.9514,0.9517,6.40,26.30
2007.08.16 01:49:01.843,0.9514,0.9516,6.40,1.60
2007.08.16 01:49:02.272,0.9514,0.9516,10.40,1.60
2007.08.16 01:49:02.380,0.9514,0.9517,14.40,10.30
2007.08.16 01:49:02.797,0.9514,0.9517,18.40,6.30
2007.08.16 01:49:02.996,0.9515,0.9517,1.60,6.30
2007.08.16 01:49:03.235,0.9515,0.9517,1.60,12.10
2007.08.16 01:49:03.321,0.9515,0.9517,2.40,12.10
2007.08.16 01:49:03.875,0.9515,0.9517,2.40,11.30
2007.08.16 01:49:03.943,0.9515,0.9517,0.80,11.30
2007.08.16 01:49:04.353,0.9514,0.9516,17.00,1.60
2007.08.16 01:49:04.662,0.9514,0.9516,16.20,1.60
2007.08.16 01:49:04.783,0.9514,0.9516,12.20,1.60
2007.08.16 01:49:05.604,0.9514,0.9516,8.20,1.60
2007.08.16 01:49:06.599,0.9514,0.9516,9.00,1.60
2007.08.16 01:49:06.756,0.9514,0.9516,7.20,1.60
2007.08.16 01:49:07.208,0.9514,0.9516,6.40,1.60
2007.08.16 01:49:07.637,0.9514,0.9517,6.40,16.10
2007.08.16 01:49:10.685,0.9514,0.9516,7.20,1.60
2007.08.16 01:49:10.892,0.9514,0.9517,7.20,21.50
2007.08.16 01:49:12.727,0.9514,0.9517,11.20,17.50
2007.08.16 01:49:12.764,0.9514,0.9517,15.20,5.60
2007.08.16 01:49:12.982,0.9514,0.9517,15.20,4.00
2007.08.16 01:49:13.134,0.9515,0.9517,0.80,4.00
2007.08.16 01:49:13.812,0.9515,0.9518,0.80,25.60
2007.08.16 01:49:15.697,0.9514,0.9518,29.00,26.40
2007.08.16 01:49:15.773,0.9515,0.9517,0.80,11.90
2007.08.16 01:49:15.796,0.9515,0.9517,0.80,15.90
2007.08.16 01:49:15.884,0.9515,0.9517,0.80,17.50
2007.08.16 01:49:16.704,0.9515,0.9517,0.80,21.50
2007.08.16 01:49:18.678,0.9515,0.9517,0.80,17.50
2007.08.16 01:49:18.785,0.9515,0.9517,0.80,5.60
2007.08.16 01:49:18.996,0.9514,0.9517,15.20,5.60
2007.08.16 01:49:19.611,0.9514,0.9517,15.20,1.60
2007.08.16 01:49:20.427,0.9514,0.9517,11.20,1.60
2007.08.16 01:49:20.748,0.9514,0.9517,21.00,1.60
2007.08.16 01:49:20.854,0.9514,0.9517,21.00,5.60
2007.08.16 01:49:20.958,0.9514,0.9517,19.40,4.00
2007.08.16 01:49:21.248,0.9515,0.9517,0.80,4.00
2007.08.16 01:49:21.492,0.9515,0.9517,1.60,4.00
2007.08.16 01:49:21.876,0.9515,0.9518,1.60,25.60
2007.08.16 01:49:22.419,0.9515,0.9518,3.20,25.60
2007.08.16 01:49:23.881,0.9515,0.9518,3.20,9.50
2007.08.16 01:49:23.931,0.9515,0.9518,7.10,5.60
2007.08.16 01:49:23.975,0.9515,0.9518,5.50,4.00
2007.08.16 01:49:24.383,0.9515,0.9518,21.50,4.00
2007.08.16 01:49:24.588,0.9515,0.9519,25.50,6.40
2007.08.16 01:49:24.649,0.9515,0.9519,25.50,5.60
2007.08.16 01:49:24.913,0.9515,0.9519,25.50,4.00
2007.08.16 01:49:25.781,0.9515,0.9519,25.50,4.80
2007.08.16 01:49:25.835,0.9515,0.9519,13.50,16.70
2007.08.16 01:49:25.946,0.9515,0.9519,15.10,18.30
2007.08.16 01:49:26.035,0.9515,0.9519,11.10,22.30
2007.08.16 01:49:26.392,0.9515,0.9519,11.10,26.30
2007.08.16 01:49:26.442,0.9515,0.9519,11.10,30.40
2007.08.16 01:49:27.829,0.9515,0.9519,7.20,30.40
2007.08.16 01:49:27.903,0.9515,0.9519,7.20,38.40
2007.08.16 01:49:28.000,0.9515,0.9519,5.60,38.40
2007.08.16 01:49:28.328,0.9515,0.9518,1.60,4.00
2007.08.16 01:49:28.744,0.9515,0.9518,5.60,4.00
2007.08.16 01:49:29.369,0.9516,0.95195,4.00,8.00
2007.08.16 01:49:29.664,0.9516,0.9519,4.00,4.00
2007.08.16 01:49:30.401,0.9515,0.9519,5.60,4.00
2007.08.16 01:49:30.919,0.9515,0.9519,19.10,4.00
2007.08.16 01:49:31.122,0.9515,0.952,23.10,38.40
2007.08.16 01:49:31.331,0.9515,0.952,27.10,38.40
2007.08.16 01:49:31.446,0.9515,0.952,31.20,38.40
2007.08.16 01:49:31.754,0.9515,0.95195,31.20,8.00
2007.08.16 01:49:32.452,0.9516,0.95195,4.00,8.00
2007.08.16 01:49:32.519,0.9516,0.952,4.00,30.40
2007.08.16 01:49:32.772,0.9516,0.952,8.00,30.40
2007.08.16 01:49:34.822,0.9516,0.952,8.00,38.40
2007.08.16 01:49:35.813,0.9516,0.952,8.00,30.40
2007.08.16 01:49:35.840,0.9516,0.952,8.00,38.40
2007.08.16 01:49:36.324,0.9516,0.952,4.00,38.40
2007.08.16 01:49:36.605,0.9516,0.952,4.00,30.40
2007.08.16 01:49:36.857,0.9515,0.952,41.00,30.40
2007.08.16 01:49:36.946,0.9515,0.9519,41.00,1.60
2007.08.16 01:49:37.146,0.9515,0.9519,33.00,1.60
2007.08.16 01:49:37.357,0.9515,0.952,35.40,38.40
2007.08.16 01:49:37.404,0.9515,0.952,43.40,30.40
2007.08.16 01:49:37.775,0.9516,0.952,4.00,30.40
2007.08.16 01:49:38.477,0.9516,0.952,5.60,30.40
2007.08.16 01:49:39.314,0.9516,0.952,4.00,30.40
2007.08.16 01:49:39.424,0.9516,0.952,4.00,38.40
2007.08.16 01:49:39.721,0.9515,0.952,31.20,38.40
2007.08.16 01:49:41.279,0.9515,0.9519,31.20,0.80
2007.08.16 01:49:41.372,0.9515,0.9519,27.20,4.70
2007.08.16 01:49:41.457,0.9515,0.95185,27.20,8.00
2007.08.16 01:49:41.480,0.9515,0.9518,5.60,4.00
2007.08.16 01:49:41.597,0.9515,0.9518,1.60,4.00
2007.08.16 01:49:42.426,0.9515,0.9518,1.60,5.60
2007.08.16 01:49:45.295,0.9515,0.9518,0.80,5.60
2007.08.16 01:49:45.316,0.9514,0.9518,31.20,5.60
2007.08.16 01:49:45.417,0.9514,0.9518,29.60,4.00
2007.08.16 01:49:45.800,0.9514,0.9518,29.60,4.80
2007.08.16 01:49:45.978,0.9514,0.9517,17.60,11.90
2007.08.16 01:49:46.132,0.9514,0.9517,9.60,19.90
2007.08.16 01:49:46.308,0.9514,0.9517,5.60,19.90
2007.08.16 01:49:46.412,0.9514,0.9517,5.60,23.90
2007.08.16 01:49:46.452,0.9514,0.9517,7.20,29.60
2007.08.16 01:49:46.967,0.9514,0.9517,29.00,12.00
2007.08.16 01:49:47.173,0.9514,0.9517,31.40,8.00
2007.08.16 01:49:47.427,0.9514,0.9517,35.40,4.00
2007.08.16 01:49:47.491,0.9515,0.9517,1.60,5.60
2007.08.16 01:49:47.906,0.9514,0.9517,35.40,4.00
2007.08.16 01:49:48.421,0.9515,0.9517,1.60,5.60
2007.08.16 01:49:48.528,0.9515,0.9517,2.40,5.60
2007.08.16 01:49:49.466,0.9515,0.9518,6.40,14.30
2007.08.16 01:49:49.574,0.9515,0.9518,6.40,10.30
2007.08.16 01:49:50.128,0.9515,0.9518,7.20,10.30
2007.08.16 01:49:50.234,0.9515,0.9518,7.20,9.50
2007.08.16 01:49:52.592,0.9515,0.9518,7.20,21.50
2007.08.16 01:49:57.167,0.9515,0.9518,6.40,21.50
2007.08.16 01:49:57.273,0.9515,0.9518,6.40,22.30
2007.08.16 01:49:58.197,0.9515,0.9518,7.20,21.50
2007.08.16 01:49:59.933,0.9515,0.9518,11.20,17.50
2007.08.16 01:49:59.955,0.9515,0.9518,11.20,5.60
2007.08.16 01:50:00.049,0.9515,0.9518,11.20,4.00
2007.08.16 01:50:00.393,0.9515,0.9519,15.20,26.30
2007.08.16 01:50:03.937,0.9515,0.9519,21.00,22.30
2007.08.16 01:50:04.028,0.9516,0.9519,1.60,22.30
2007.08.16 01:50:04.124,0.9516,0.9519,5.60,22.30
2007.08.16 01:50:04.449,0.9516,0.9519,5.60,26.30
2007.08.16 01:50:04.569,0.9515,0.9519,15.20,26.30
2007.08.16 01:50:05.417,0.9516,0.9519,0.80,26.30
2007.08.16 01:50:07.013,0.9515,0.9518,15.20,11.90
2007.08.16 01:50:07.106,0.9515,0.9518,15.20,13.50
2007.08.16 01:50:07.221,0.9515,0.9518,11.20,17.50
2007.08.16 01:50:07.249,0.9515,0.9518,10.40,18.30
2007.08.16 01:50:07.489,0.9515,0.9518,6.40,22.30
2007.08.16 01:50:09.703,0.9515,0.9518,7.20,21.50
2007.08.16 01:50:12.291,0.9515,0.9519,15.20,28.20
2007.08.16 01:50:12.407,0.9515,0.9519,13.60,28.20
2007.08.16 01:50:12.732,0.9516,0.9519,4.00,28.20
2007.08.16 01:50:12.739,0.9516,0.9519,4.00,36.20
2007.08.16 01:50:12.926,0.9516,0.9519,4.00,0.70
2007.08.16 01:50:12.946,0.9516,0.9518,4.00,1.60
2007.08.16 01:50:13.816,0.9515,0.9518,19.20,1.60
2007.08.16 01:50:13.899,0.9515,0.9519,13.60,26.40
2007.08.16 01:50:14.021,0.9515,0.9519,13.60,34.40
2007.08.16 01:50:16.379,0.9515,0.9519,15.40,34.40
2007.08.16 01:50:16.464,0.9515,0.9518,33.00,1.60
2007.08.16 01:50:16.913,0.9515,0.9518,35.20,5.60
2007.08.16 01:50:17.019,0.9515,0.9518,19.20,5.60
2007.08.16 01:50:17.217,0.9515,0.9518,11.20,5.60
2007.08.16 01:50:17.975,0.9516,0.9518,0.80,1.60
2007.08.16 01:50:18.073,0.9516,0.9519,0.80,14.40
2007.08.16 01:50:18.272,0.9516,0.9519,0.80,10.40
2007.08.16 01:50:18.718,0.9516,0.9519,0.80,28.20
2007.08.16 01:50:18.837,0.9516,0.9519,0.80,32.20
2007.08.16 01:50:18.921,0.9516,0.9518,0.80,1.60
2007.08.16 01:50:19.152,0.9516,0.9518,0.80,2.40
2007.08.16 01:50:19.360,0.9516,0.9518,2.40,2.40
2007.08.16 01:50:19.516,0.9516,0.9518,2.40,1.60
2007.08.16 01:50:22.500,0.9516,0.9519,0.80,30.40
2007.08.16 01:50:22.791,0.9516,0.9519,0.80,26.40
2007.08.16 01:50:22.993,0.9516,0.9519,0.80,34.40
2007.08.16 01:50:23.039,0.9516,0.9519,0.80,38.40
2007.08.16 01:50:23.238,0.9516,0.9518,0.80,11.90
2007.08.16 01:50:23.360,0.9515,0.9518,13.60,17.50
2007.08.16 01:50:23.463,0.9515,0.9518,19.40,5.60
2007.08.16 01:50:23.580,0.9515,0.9518,21.00,9.60
2007.08.16 01:50:23.688,0.9515,0.9518,25.00,5.60
2007.08.16 01:50:23.709,0.9515,0.9518,21.00,9.50
2007.08.16 01:50:23.894,0.9516,0.9518,1.60,5.50
2007.08.16 01:50:24.303,0.9516,0.9518,1.60,1.60
2007.08.16 01:50:25.465,0.9516,0.9518,6.40,1.60
2007.08.16 01:50:25.571,0.9516,0.9519,4.80,26.30
2007.08.16 01:50:25.702,0.9516,0.9519,8.80,26.30
2007.08.16 01:50:25.865,0.9516,0.9519,9.60,25.50
2007.08.16 01:50:25.873,0.9516,0.9519,15.40,9.50
2007.08.16 01:50:25.896,0.9516,0.9519,19.40,4.00
2007.08.16 01:50:26.564,0.9516,0.9519,21.00,4.00
2007.08.16 01:50:26.638,0.9516,0.952,25.00,34.40
2007.08.16 01:50:27.452,0.9516,0.952,23.40,34.40
2007.08.16 01:50:28.288,0.9516,0.952,13.50,34.40
2007.08.16 01:50:28.565,0.9516,0.952,9.60,34.40
2007.08.16 01:50:28.895,0.9516,0.952,9.60,42.40
2007.08.16 01:50:28.939,0.9516,0.9519,7.20,17.50
2007.08.16 01:50:29.247,0.9516,0.9519,7.20,21.60
2007.08.16 01:50:29.268,0.9516,0.9519,7.20,25.60
2007.08.16 01:50:29.787,0.9516,0.9519,7.20,29.60
2007.08.16 01:50:32.367,0.9516,0.9519,6.40,29.60
2007.08.16 01:50:32.462,0.9516,0.9519,6.40,31.40
2007.08.16 01:50:32.470,0.9516,0.9519,6.40,32.20
2007.08.16 01:50:32.564,0.9516,0.9518,6.40,1.60
2007.08.16 01:50:32.672,0.9516,0.9518,2.40,1.60
2007.08.16 01:50:35.134,0.9516,0.9518,3.20,1.60
2007.08.16 01:50:35.262,0.9516,0.9518,7.20,1.60
2007.08.16 01:50:35.389,0.9516,0.9519,7.20,13.50
2007.08.16 01:50:35.594,0.9516,0.9519,7.20,9.50
2007.08.16 01:50:39.245,0.9516,0.9519,13.00,9.50
2007.08.16 01:50:39.357,0.9516,0.9519,21.00,5.50
2007.08.16 01:50:39.793,0.9516,0.9519,25.00,1.60
2007.08.16 01:50:40.330,0.9517,0.9519,0.80,1.60
2007.08.16 01:50:42.454,0.9518,0.9519,0.80,1.60
2007.08.16 01:50:42.537,0.9518,0.9519,1.60,1.60
2007.08.16 01:50:42.648,0.9518,0.952,2.40,15.40
2007.08.16 01:50:42.738,0.9518,0.952,2.40,11.40
2007.08.16 01:50:42.858,0.9518,0.952,3.20,7.40
2007.08.16 01:50:43.597,0.9518,0.952,1.60,7.40
2007.08.16 01:50:43.879,0.9518,0.952,0.80,7.40
2007.08.16 01:50:45.237,0.9517,0.952,23.10,7.40
2007.08.16 01:50:48.206,0.9517,0.952,19.20,11.40
2007.08.16 01:50:48.222,0.9517,0.952,15.20,9.60
2007.08.16 01:50:50.827,0.9516,0.952,28.00,31.40
2007.08.16 01:50:50.925,0.9517,0.9519,1.70,1.60
2007.08.16 01:50:51.346,0.9517,0.952,1.90,31.40
2007.08.16 01:50:52.652,0.9516,0.952,27.20,31.40
2007.08.16 01:50:52.747,0.9516,0.952,27.20,32.20
2007.08.16 01:50:53.624,0.9516,0.9519,27.20,1.60
2007.08.16 01:50:55.414,0.9517,0.9519,0.60,5.50
2007.08.16 01:50:55.605,0.9516,0.9519,19.20,17.50
2007.08.16 01:50:55.808,0.9517,0.9519,0.80,21.50
2007.08.16 01:50:59.562,0.9515,0.9519,25.70,23.30
2007.08.16 01:50:59.622,0.9515,0.9518,25.70,1.60
2007.08.16 01:50:59.722,0.9515,0.9518,25.80,1.60
2007.08.16 01:50:59.842,0.9515,0.9518,25.80,1.60
2007.08.16 01:50:59.961,0.9515,0.9519,25.80,9.60
2007.08.16 01:51:00.239,0.9515,0.9519,25.70,13.50
2007.08.16 01:51:01.011,0.9515,0.9519,25.70,9.50
2007.08.16 01:51:06.208,0.9515,0.9519,31.50,9.50
2007.08.16 01:51:06.390,0.9515,0.9519,31.50,5.50
2007.08.16 01:51:06.608,0.9516,0.9519,8.20,5.50
2007.08.16 01:51:06.706,0.9515,0.9519,33.70,5.50
2007.08.16 01:51:06.825,0.9516,0.9519,1.10,9.50
2007.08.16 01:51:07.768,0.9515,0.9519,33.70,9.50
2007.08.16 01:51:08.796,0.9515,0.9519,30.70,9.50
2007.08.16 01:51:08.819,0.9516,0.9519,17.00,5.50
2007.08.16 01:51:09.878,0.9515,0.9519,25.70,9.50
2007.08.16 01:51:10.304,0.9516,0.9519,4.10,27.30
2007.08.16 01:51:10.439,0.9516,0.9518,0.80,1.60
2007.08.16 01:51:10.627,0.9515,0.9518,25.70,1.60
2007.08.16 01:51:11.370,0.9516,0.9519,1.50,13.50
2007.08.16 01:51:11.811,0.9515,0.9519,25.70,9.50
2007.08.16 01:51:13.301,0.9516,0.9518,7.20,1.60
2007.08.16 01:51:14.676,0.9516,0.9518,11.20,1.60
2007.08.16 01:51:14.759,0.9517,0.9518,0.80,1.60
2007.08.16 01:51:14.907,0.9517,0.9519,0.80,9.60
2007.08.16 01:51:15.207,0.9517,0.9519,0.80,11.40
2007.08.16 01:51:15.297,0.9517,0.9519,0.80,7.40
2007.08.16 01:51:15.733,0.9516,0.9519,23.20,3.40
2007.08.16 01:51:18.748,0.9516,0.9519,35.10,1.60
2007.08.16 01:51:21.294,0.9517,0.952,0.70,20.10
2007.08.16 01:51:22.247,0.9517,0.952,1.60,32.10
2007.08.16 01:51:22.459,0.9516,0.9519,27.10,1.60
2007.08.16 01:51:23.297,0.9516,0.9519,27.10,1.60
2007.08.16 01:51:23.453,0.9517,0.9519,3.60,2.40
2007.08.16 01:51:23.557,0.9517,0.9519,3.00,6.30
2007.08.16 01:51:23.619,0.9516,0.9519,14.40,22.40
2007.08.16 01:51:23.834,0.9517,0.9519,0.80,26.40
2007.08.16 01:51:24.035,0.9517,0.9519,0.80,30.40
2007.08.16 01:51:27.162,0.9516,0.9519,0.60,34.40
2007.08.16 01:51:27.184,0.9515,0.9518,17.00,5.60
2007.08.16 01:51:27.789,0.9516,0.9518,1.10,9.50
2007.08.16 01:51:27.929,0.9515,0.9518,13.00,9.50
2007.08.16 01:51:29.025,0.9515,0.9517,12.20,0.80
2007.08.16 01:51:29.106,0.9515,0.9517,12.20,4.70
2007.08.16 01:51:29.120,0.9515,0.9517,6.40,16.70
2007.08.16 01:51:29.522,0.9514,0.9517,1.10,20.70
2007.08.16 01:51:29.726,0.9514,0.9517,0.70,15.90
2007.08.16 01:51:29.737,0.9513,0.9517,42.40,4.00
2007.08.16 01:51:30.037,0.9515,0.9517,1.60,4.00
2007.08.16 01:51:30.196,0.9514,0.9517,36.00,4.00
2007.08.16 01:51:30.275,0.9514,0.9517,40.00,4.00
2007.08.16 01:51:30.383,0.9514,0.9518,40.00,9.60
2007.08.16 01:51:30.478,0.9514,0.9518,40.00,13.60
2007.08.16 01:51:30.546,0.9514,0.9518,42.40,14.40
2007.08.16 01:51:30.600,0.9514,0.9518,26.30,26.40
2007.08.16 01:51:30.714,0.9514,0.9518,12.70,24.80
2007.08.16 01:51:30.797,0.9514,0.9518,4.80,24.80
2007.08.16 01:51:30.914,0.9512,0.9518,43.20,28.80
2007.08.16 01:51:32.209,0.9515,0.9518,0.80,28.80
2007.08.16 01:51:32.303,0.95135,0.9518,10.40,30.40
2007.08.16 01:51:32.413,0.95135,0.9518,14.40,28.80
2007.08.16 01:51:32.698,0.9514,0.9518,2.30,28.00
2007.08.16 01:51:32.726,0.95135,0.9518,22.40,23.90
2007.08.16 01:51:32.805,0.95135,0.9518,22.40,19.90
2007.08.16 01:51:33.286,0.95135,0.9518,38.40,8.00
2007.08.16 01:51:33.345,0.9513,0.9518,43.20,8.00
2007.08.16 01:51:33.363,0.9514,0.9518,43.20,4.00
2007.08.16 01:51:33.679,0.9515,0.9519,0.80,30.40
2007.08.16 01:51:35.075,0.9515,0.9519,0.80,25.60
2007.08.16 01:51:35.132,0.95145,0.9519,12.00,5.60
2007.08.16 01:51:35.228,0.95145,0.9519,12.00,4.00
2007.08.16 01:51:37.532,0.9515,0.9518,0.90,0.80
2007.08.16 01:51:37.627,0.9515,0.9518,1.60,12.70
2007.08.16 01:51:37.748,0.9514,0.9518,21.00,22.30
2007.08.16 01:51:37.955,0.9514,0.9518,17.00,26.30
2007.08.16 01:51:38.138,0.9514,0.9518,17.00,30.30
2007.08.16 01:51:38.177,0.9515,0.9518,0.80,34.40
2007.08.16 01:51:38.696,0.9513,0.9518,41.90,34.40
2007.08.16 01:51:40.197,0.9513,0.9518,41.90,42.40
2007.08.16 01:51:40.397,0.9513,0.9517,41.70,5.60
2007.08.16 01:51:40.597,0.9514,0.9517,3.50,9.60
2007.08.16 01:51:41.553,0.9514,0.9517,16.90,9.60
2007.08.16 01:51:41.652,0.9516,0.9517,0.80,9.60
2007.08.16 01:51:41.679,0.9515,0.9517,15.20,4.00
2007.08.16 01:51:41.770,0.9515,0.9517,27.20,4.00
2007.08.16 01:51:41.998,0.9515,0.9518,32.00,1.60
2007.08.16 01:51:42.060,0.9515,0.9518,31.90,1.60
2007.08.16 01:51:42.095,0.9516,0.9518,5.10,1.60
2007.08.16 01:51:42.214,0.9515,0.9519,32.00,25.50
2007.08.16 01:51:42.306,0.9516,0.9519,5.30,25.50
2007.08.16 01:51:42.436,0.9516,0.9519,15.20,21.50
2007.08.16 01:51:45.022,0.9516,0.9519,14.40,21.50
2007.08.16 01:51:45.117,0.9516,0.9519,14.40,22.30
2007.08.16 01:51:45.141,0.9516,0.9519,14.40,28.10
2007.08.16 01:51:45.249,0.9516,0.9518,14.40,1.60
2007.08.16 01:51:45.727,0.9516,0.9518,10.40,1.60
2007.08.16 01:51:46.398,0.9516,0.9519,10.40,34.50
2007.08.16 01:51:49.366,0.9516,0.9518,10.40,1.60
2007.08.16 01:51:49.675,0.9516,0.9518,6.40,13.50
2007.08.16 01:51:49.766,0.9516,0.9518,4.80,13.50
2007.08.16 01:51:49.891,0.9516,0.9518,0.80,13.50
2007.08.16 01:51:50.313,0.9516,0.9518,0.80,17.50
2007.08.16 01:51:52.634,0.9516,0.9518,0.80,5.60
2007.08.16 01:51:52.742,0.9516,0.9518,5.60,5.60
2007.08.16 01:51:52.945,0.9516,0.9518,5.60,1.60
2007.08.16 01:51:54.556,0.9516,0.9518,1.90,1.60
2007.08.16 01:51:54.695,0.9515,0.9518,19.20,13.50
2007.08.16 01:51:54.757,0.9515,0.9518,1.20,13.50
2007.08.16 01:51:54.853,0.9516,0.9518,0.80,13.50
2007.08.16 01:51:54.945,0.9516,0.9518,0.80,17.50
2007.08.16 01:51:55.593,0.9515,0.9518,17.00,21.50
2007.08.16 01:51:55.676,0.9515,0.9518,16.20,22.30
2007.08.16 01:51:55.698,0.9515,0.9518,16.20,26.30
2007.08.16 01:51:55.809,0.9515,0.9517,16.20,1.60
2007.08.16 01:51:56.757,0.9514,0.9518,33.80,9.60
2007.08.16 01:51:57.809,0.9516,0.9518,0.60,5.60
2007.08.16 01:51:57.916,0.9515,0.9518,41.00,4.00
2007.08.16 01:51:58.430,0.9515,0.9518,35.20,4.00
2007.08.16 01:51:58.545,0.9515,0.9518,35.20,4.00
2007.08.16 01:51:58.655,0.9516,0.9519,0.80,18.40
2007.08.16 01:52:00.139,0.9515,0.9519,33.00,14.40
2007.08.16 01:52:00.256,0.9516,0.9519,0.90,18.60
2007.08.16 01:52:00.354,0.9515,0.9519,41.00,18.60
2007.08.16 01:52:00.392,0.9516,0.9519,2.20,14.60
2007.08.16 01:52:00.461,0.9515,0.9519,40.90,10.60
2007.08.16 01:52:00.807,0.9516,0.9519,2.10,14.60
2007.08.16 01:52:00.834,0.9515,0.9519,33.00,26.60
2007.08.16 01:52:00.904,0.9515,0.9519,33.00,34.60
2007.08.16 01:52:01.217,0.9517,0.9519,1.00,34.60
2007.08.16 01:52:01.613,0.9516,0.9518,5.60,3.90
2007.08.16 01:52:01.621,0.9517,0.9518,0.60,19.90
2007.08.16 01:52:01.739,0.9516,0.9518,1.40,25.50
2007.08.16 01:52:01.859,0.9515,0.9518,11.20,29.50
2007.08.16 01:52:02.065,0.9515,0.9518,7.20,33.50
2007.08.16 01:52:02.267,0.9516,0.9517,0.80,1.60
2007.08.16 01:52:03.630,0.9516,0.9517,0.80,5.60
2007.08.16 01:52:03.743,0.9515,0.9517,0.80,4.00
2007.08.16 01:52:04.065,0.9515,0.9517,0.80,8.00
2007.08.16 01:52:06.585,0.9515,0.9517,0.80,4.00
2007.08.16 01:52:06.671,0.9514,0.9517,8.60,4.00
2007.08.16 01:52:06.777,0.9514,0.9517,21.00,5.60
2007.08.16 01:52:07.099,0.9515,0.9517,1.20,1.60
2007.08.16 01:52:08.267,0.9514,0.9517,19.20,5.60
2007.08.16 01:52:08.364,0.9514,0.9517,19.20,4.00
2007.08.16 01:52:08.576,0.9514,0.9517,15.20,8.00
2007.08.16 01:52:10.171,0.9515,0.9517,0.80,12.70
2007.08.16 01:52:10.265,0.9514,0.9517,3.20,16.80
2007.08.16 01:52:10.365,0.9513,0.9517,31.20,18.40
2007.08.16 01:52:12.393,0.95125,0.9517,35.20,18.40
2007.08.16 01:52:13.096,0.9512,0.9517,41.80,18.40
2007.08.16 01:52:13.116,0.9512,0.9517,41.80,14.40
2007.08.16 01:52:13.447,0.9513,0.9517,41.00,10.40
2007.08.16 01:52:13.688,0.9513,0.9517,41.70,5.60
2007.08.16 01:52:13.784,0.9513,0.9517,41.70,5.60
2007.08.16 01:52:13.901,0.9514,0.9517,7.80,5.60
2007.08.16 01:52:14.601,0.9513,0.9517,40.90,6.40
2007.08.16 01:52:14.735,0.9513,0.9517,42.30,10.40
2007.08.16 01:52:14.838,0.9514,0.9517,10.30,10.40
2007.08.16 01:52:15.170,0.9514,0.9517,10.30,14.40
2007.08.16 01:52:15.219,0.9515,0.9516,0.80,0.80
2007.08.16 01:52:15.627,0.9514,0.9517,2.40,26.40
2007.08.16 01:52:15.793,0.9514,0.9516,1.20,1.60
2007.08.16 01:52:17.182,0.9514,0.9516,0.90,1.60
2007.08.16 01:52:20.251,0.9513,0.9516,33.70,1.60
2007.08.16 01:52:20.352,0.9513,0.9517,41.70,9.50
2007.08.16 01:52:20.661,0.9514,0.9517,3.90,10.30
2007.08.16 01:52:20.916,0.9513,0.9517,32.90,14.30
2007.08.16 01:52:21.030,0.9513,0.9516,32.90,1.60
2007.08.16 01:52:21.114,0.9514,0.9516,2.40,1.60
2007.08.16 01:52:21.199,0.9513,0.9516,32.10,2.40
2007.08.16 01:52:21.582,0.9514,0.9516,2.50,1.60
2007.08.16 01:52:22.694,0.9514,0.9516,2.40,5.60
2007.08.16 01:52:22.713,0.9514,0.9516,2.40,9.50
2007.08.16 01:52:22.804,0.9514,0.9516,0.80,9.50
2007.08.16 01:52:23.017,0.9514,0.9516,0.80,13.50
2007.08.16 01:52:24.608,0.9514,0.9516,0.80,9.50
2007.08.16 01:52:24.743,0.9513,0.9516,28.20,9.50
2007.08.16 01:52:24.834,0.9514,0.9516,1.60,9.50
2007.08.16 01:52:25.047,0.9514,0.9516,1.60,5.50
2007.08.16 01:52:25.094,0.9514,0.9516,1.60,1.60
2007.08.16 01:52:29.178,0.9514,0.9516,2.40,1.60
2007.08.16 01:52:29.367,0.9514,0.9516,3.20,1.60
2007.08.16 01:52:35.180,0.9514,0.9516,2.40,1.60
2007.08.16 01:52:35.305,0.9514,0.9516,0.80,1.60
2007.08.16 01:52:37.149,0.9514,0.9516,0.80,5.50
2007.08.16 01:52:37.281,0.9514,0.9516,0.80,21.50
2007.08.16 01:52:37.381,0.9513,0.9515,9.60,1.60
2007.08.16 01:52:37.594,0.9513,0.9515,5.60,1.60
2007.08.16 01:52:37.670,0.9513,0.9515,4.80,1.60
2007.08.16 01:52:38.846,0.9513,0.9516,4.80,26.30
2007.08.16 01:52:38.962,0.9513,0.9516,8.80,22.30
2007.08.16 01:52:39.213,0.9513,0.9516,9.60,21.50
2007.08.16 01:52:39.262,0.9513,0.9516,25.60,11.30
2007.08.16 01:52:39.385,0.9513,0.9516,27.20,11.30
2007.08.16 01:52:39.717,0.9513,0.9516,31.20,7.40
2007.08.16 01:52:39.913,0.9514,0.9516,1.60,3.40
2007.08.16 01:52:42.224,0.9514,0.9516,2.40,1.60
2007.08.16 01:52:42.624,0.9514,0.9516,2.40,2.40
2007.08.16 01:52:42.856,0.9514,0.9516,0.80,2.40
2007.08.16 01:52:44.170,0.9514,0.9517,0.80,24.20
2007.08.16 01:52:44.225,0.9514,0.9517,4.80,16.20
2007.08.16 01:52:44.886,0.9514,0.9517,4.80,12.20
2007.08.16 01:52:46.192,0.9514,0.9516,4.80,0.80
2007.08.16 01:52:46.358,0.9514,0.9516,0.80,2.40
2007.08.16 01:52:46.874,0.9514,0.9516,2.40,2.40
2007.08.16 01:52:47.112,0.9514,0.9516,2.40,1.60
2007.08.16 01:52:47.622,0.9514,0.9516,2.40,2.40
2007.08.16 01:52:49.322,0.9514,0.9516,0.60,2.40
2007.08.16 01:52:49.806,0.9514,0.9516,2.40,1.60
2007.08.16 01:52:50.125,0.9514,0.9516,2.40,2.40
2007.08.16 01:52:50.219,0.9514,0.9516,2.40,6.30
2007.08.16 01:52:50.362,0.9514,0.9516,0.80,6.30
2007.08.16 01:52:50.573,0.9514,0.9516,0.80,10.30
2007.08.16 01:52:53.164,0.9513,0.9516,12.00,12.10
2007.08.16 01:52:53.179,0.9513,0.9516,12.80,12.10
2007.08.16 01:52:53.382,0.9513,0.9516,29.60,11.30
2007.08.16 01:52:53.479,0.9514,0.9516,1.60,7.30
2007.08.16 01:52:53.695,0.9514,0.9516,1.60,3.40
2007.08.16 01:52:54.394,0.9514,0.9516,2.40,3.40
2007.08.16 01:52:54.563,0.9514,0.9516,2.40,4.20
2007.08.16 01:52:57.208,0.9514,0.9516,2.40,8.10
2007.08.16 01:52:57.296,0.9514,0.9516,2.40,24.10
2007.08.16 01:52:57.392,0.9514,0.9515,0.80,1.60
2007.08.16 01:52:57.617,0.9514,0.9515,1.60,1.60
2007.08.16 01:52:57.713,0.9514,0.9515,5.60,1.60
2007.08.16 01:52:57.730,0.9514,0.9515,9.50,1.60
2007.08.16 01:52:57.809,0.9514,0.9515,17.50,1.60
2007.08.16 01:52:57.820,0.9515,0.9516,1.60,8.00
2007.08.16 01:52:57.924,0.9515,0.9516,1.60,4.00
2007.08.16 01:52:58.029,0.9515,0.9517,1.60,1.60
2007.08.16 01:52:58.339,0.9515,0.9518,1.60,34.60
2007.08.16 01:52:58.443,0.9515,0.9518,2.40,34.60
2007.08.16 01:53:00.724,0.9515,0.9517,2.40,0.80
2007.08.16 01:53:00.799,0.9515,0.9517,0.80,2.40
2007.08.16 01:53:01.119,0.9515,0.9517,0.80,6.40
2007.08.16 01:53:01.253,0.9515,0.9517,0.80,5.60
2007.08.16 01:53:03.844,0.9515,0.9517,0.80,4.00
2007.08.16 01:53:07.865,0.9514,0.9517,19.20,4.00
2007.08.16 01:53:12.335,0.9515,0.9517,1.60,5.60
2007.08.16 01:53:12.535,0.9515,0.9517,1.60,1.60
2007.08.16 01:53:13.167,0.9515,0.9517,2.40,1.60
2007.08.16 01:53:13.784,0.9515,0.9517,2.40,5.60
2007.08.16 01:53:14.312,0.9514,0.9517,15.10,4.00
2007.08.16 01:53:14.608,0.9514,0.9517,11.10,4.00
2007.08.16 01:53:16.842,0.9514,0.9517,11.10,5.60
2007.08.16 01:53:18.712,0.9514,0.9517,11.10,7.40
2007.08.16 01:53:18.875,0.9514,0.9517,11.10,23.40
2007.08.16 01:53:19.292,0.9514,0.9517,7.20,27.40
2007.08.16 01:53:19.698,0.9514,0.9517,7.20,31.40
2007.08.16 01:53:20.431,0.9514,0.9516,7.20,1.60
2007.08.16 01:53:22.657,0.9514,0.9516,6.40,2.40
2007.08.16 01:53:22.770,0.9514,0.9516,6.40,1.60
2007.08.16 01:53:22.816,0.9514,0.9516,2.40,5.60
2007.08.16 01:53:25.361,0.9514,0.9516,3.20,5.60
2007.08.16 01:53:25.416,0.9514,0.9516,7.20,5.60
2007.08.16 01:53:30.692,0.9514,0.9516,6.40,6.40
2007.08.16 01:53:30.731,0.9514,0.9516,6.40,8.20
2007.08.16 01:53:30.776,0.9514,0.9516,6.40,7.40
2007.08.16 01:53:30.835,0.9514,0.9516,2.40,7.40
2007.08.16 01:53:30.944,0.9514,0.9516,0.80,7.40
2007.08.16 01:53:31.337,0.9514,0.9516,2.40,7.40
2007.08.16 01:53:32.278,0.9514,0.9516,2.40,5.60
2007.08.16 01:53:36.119,0.9514,0.9516,2.40,6.40
2007.08.16 01:53:36.277,0.9514,0.9516,2.40,5.60
2007.08.16 01:53:36.354,0.9514,0.9516,2.40,7.40
2007.08.16 01:53:38.816,0.9514,0.9516,2.40,5.60
2007.08.16 01:53:39.276,0.9514,0.9516,3.20,5.60
2007.08.16 01:53:39.331,0.9514,0.9516,7.20,5.60
2007.08.16 01:53:41.624,0.9514,0.9516,6.40,5.60
2007.08.16 01:53:47.688,0.9514,0.9516,11.10,5.60
2007.08.16 01:53:47.819,0.9514,0.9516,11.10,1.60
2007.08.16 01:53:47.946,0.9514,0.9517,11.10,9.60
2007.08.16 01:53:48.138,0.9514,0.9517,11.10,5.60
2007.08.16 01:53:48.591,0.9514,0.9517,5.90,5.60
2007.08.16 01:53:49.111,0.9514,0.9517,5.50,6.40
2007.08.16 01:53:49.296,0.9513,0.9517,43.10,12.20
2007.08.16 01:53:49.728,0.9514,0.9517,1.30,16.20
2007.08.16 01:53:49.788,0.9513,0.9517,35.20,32.20
2007.08.16 01:53:49.917,0.9513,0.9516,35.20,1.60
2007.08.16 01:53:51.094,0.9513,0.9516,28.00,1.60
2007.08.16 01:53:51.193,0.9513,0.9516,27.90,1.60
2007.08.16 01:53:51.472,0.9513,0.9517,43.90,9.60
2007.08.16 01:53:51.783,0.9514,0.9517,4.40,5.60
2007.08.16 01:53:51.811,0.9513,0.9517,35.20,10.40
2007.08.16 01:53:51.878,0.9513,0.9517,21.00,30.40
2007.08.16 01:53:52.004,0.9514,0.9516,1.30,1.60
2007.08.16 01:53:52.108,0.9513,0.9516,21.00,1.60
2007.08.16 01:53:53.268,0.9513,0.9516,4.60,17.50
2007.08.16 01:53:53.369,0.9513,0.9516,3.50,25.50
2007.08.16 01:53:53.460,0.95125,0.9516,19.20,19.90
2007.08.16 01:53:53.566,0.95125,0.9516,23.20,15.90
2007.08.16 01:53:53.769,0.9513,0.9516,2.20,19.90
2007.08.16 01:53:55.140,0.9513,0.9516,7.50,19.90
2007.08.16 01:53:55.239,0.9513,0.9516,2.20,8.00
2007.08.16 01:53:55.336,0.9514,0.9516,1.10,4.00
2007.08.16 01:53:55.454,0.95125,0.9516,35.20,4.00
2007.08.16 01:53:55.702,0.9513,0.9517,5.40,18.40
2007.08.16 01:53:55.804,0.9514,0.9517,0.80,17.60
2007.08.16 01:53:56.033,0.9513,0.9517,33.80,12.00
2007.08.16 01:53:56.135,0.9513,0.9517,33.80,12.00
2007.08.16 01:53:56.231,0.9514,0.9517,1.40,8.00
2007.08.16 01:53:56.355,0.9513,0.9517,33.70,4.00
2007.08.16 01:53:58.313,0.9514,0.9517,3.50,4.00
2007.08.16 01:53:58.419,0.95135,0.9518,27.20,30.40
2007.08.16 01:53:58.456,0.9514,0.9518,7.40,30.40
2007.08.16 01:53:58.633,0.9514,0.9518,27.20,26.40
2007.08.16 01:54:00.508,0.9513,0.9518,41.70,24.80
2007.08.16 01:54:02.039,0.95135,0.9518,27.20,24.80
2007.08.16 01:54:02.226,0.95135,0.9518,27.20,30.60
2007.08.16 01:54:02.761,0.9514,0.9517,3.70,11.90
2007.08.16 01:54:02.960,0.9514,0.9517,19.20,11.90
2007.08.16 01:54:03.910,0.9514,0.9517,19.20,15.90
2007.08.16 01:54:06.888,0.9514,0.9517,27.20,4.00
2007.08.16 01:54:06.913,0.9513,0.9517,33.80,4.00
2007.08.16 01:54:07.653,0.9513,0.9518,33.80,24.80
2007.08.16 01:54:07.679,0.9514,0.9518,28.00,24.00
2007.08.16 01:54:08.193,0.9513,0.9518,33.80,24.80
2007.08.16 01:54:08.214,0.95145,0.9518,1.30,24.80
2007.08.16 01:54:08.361,0.9515,0.9518,2.20,26.40
2007.08.16 01:54:08.769,0.9514,0.9518,31.20,26.40
2007.08.16 01:54:09.354,0.9514,0.9518,32.00,25.60
2007.08.16 01:54:09.439,0.9515,0.9518,1.60,13.60
2007.08.16 01:54:09.526,0.9516,0.9518,0.80,13.60
2007.08.16 01:54:09.934,0.9516,0.9518,0.50,9.60
2007.08.16 01:54:10.079,0.9516,0.9518,0.70,5.60
2007.08.16 01:54:14.056,0.9515,0.9518,11.10,5.60
2007.08.16 01:54:19.384,0.9516,0.9518,0.80,4.00
2007.08.16 01:54:22.397,0.9516,0.9518,2.40,15.40
2007.08.16 01:54:22.504,0.9516,0.9518,0.80,15.40
2007.08.16 01:54:25.260,0.9515,0.9518,7.20,15.40
2007.08.16 01:54:29.740,0.9516,0.9518,0.80,9.60
2007.08.16 01:54:29.755,0.9516,0.9518,0.80,5.60
2007.08.16 01:54:33.682,0.9516,0.9518,1.60,5.60
2007.08.16 01:54:33.941,0.9516,0.9518,5.60,5.60
2007.08.16 01:54:33.988,0.9516,0.9518,7.20,5.60
2007.08.16 01:54:35.422,0.9516,0.9518,6.40,5.60
2007.08.16 01:54:36.393,0.9516,0.9518,0.80,5.60
2007.08.16 01:54:37.835,0.9516,0.9518,4.80,5.60
2007.08.16 01:54:37.956,0.9516,0.9518,6.40,5.60
2007.08.16 01:54:55.274,0.9516,0.9518,2.40,5.60
2007.08.16 01:54:55.368,0.9516,0.9518,0.80,5.60
2007.08.16 01:54:56.221,0.9516,0.9518,0.80,9.60
2007.08.16 01:54:56.328,0.9516,0.9517,0.80,1.60
2007.08.16 01:54:56.931,0.9516,0.9517,1.60,1.60
2007.08.16 01:54:57.111,0.9516,0.9518,11.20,3.90
2007.08.16 01:54:57.220,0.9516,0.9518,15.10,3.90
2007.08.16 01:54:57.232,0.9516,0.9518,19.10,3.90
2007.08.16 01:54:57.317,0.9517,0.9518,1.60,3.90
2007.08.16 01:54:57.338,0.9517,0.9519,1.60,5.60
2007.08.16 01:54:57.433,0.9517,0.9519,2.40,5.60
2007.08.16 01:54:57.526,0.9517,0.952,6.40,25.50
2007.08.16 01:54:58.682,0.9517,0.952,10.40,21.50
2007.08.16 01:54:58.788,0.9517,0.952,15.20,9.60
2007.08.16 01:54:58.884,0.9517,0.952,19.20,5.60
2007.08.16 01:54:58.904,0.9517,0.952,18.40,5.60
2007.08.16 01:54:58.991,0.9517,0.952,10.30,9.60
2007.08.16 01:54:59.092,0.9517,0.952,8.70,9.60
2007.08.16 01:54:59.213,0.9517,0.952,0.80,9.60
2007.08.16 01:54:59.611,0.9517,0.952,0.80,5.60
2007.08.16 01:55:00.036,0.9516,0.952,31.10,5.60
2007.08.16 01:55:00.875,0.9516,0.952,35.20,1.60
2007.08.16 01:55:00.994,0.9516,0.9521,35.20,38.40
2007.08.16 01:55:01.189,0.9516,0.9521,43.20,30.40
2007.08.16 01:55:02.552,0.9517,0.9521,0.80,30.40
2007.08.16 01:55:04.172,0.95165,0.9521,8.00,30.40
2007.08.16 01:55:04.270,0.9516,0.9521,43.20,30.40
2007.08.16 01:55:05.376,0.9516,0.952,43.20,0.80
2007.08.16 01:55:05.517,0.9516,0.952,27.20,16.70
2007.08.16 01:55:05.561,0.9516,0.952,19.20,16.70
2007.08.16 01:55:05.721,0.9516,0.9519,19.20,11.90
2007.08.16 01:55:05.830,0.9516,0.9519,19.20,15.90
2007.08.16 01:55:05.929,0.9516,0.9519,15.20,15.90
2007.08.16 01:55:06.566,0.9516,0.9519,15.20,19.90
2007.08.16 01:55:06.783,0.9517,0.9519,1.60,19.90
2007.08.16 01:55:08.256,0.9517,0.9519,1.60,8.00
2007.08.16 01:55:08.342,0.9516,0.9519,15.20,4.00
2007.08.16 01:55:08.665,0.9516,0.952,15.20,30.40
2007.08.16 01:55:08.957,0.9516,0.952,15.20,25.60
2007.08.16 01:55:09.146,0.9516,0.952,31.20,4.00
2007.08.16 01:55:09.156,0.9516,0.952,39.20,4.00
2007.08.16 01:55:09.560,0.9516,0.9521,43.20,30.40
2007.08.16 01:55:11.121,0.9517,0.9521,0.80,30.40
2007.08.16 01:55:11.338,0.9517,0.9521,6.40,30.40
2007.08.16 01:55:11.649,0.9517,0.9521,10.40,30.40
2007.08.16 01:55:11.653,0.9517,0.9521,9.60,30.40
2007.08.16 01:55:11.771,0.9517,0.9521,6.40,30.40
2007.08.16 01:55:12.164,0.9517,0.9521,7.20,30.40
2007.08.16 01:55:12.282,0.9517,0.9521,11.20,30.40
2007.08.16 01:55:12.770,0.9517,0.9521,15.10,30.40
2007.08.16 01:55:13.214,0.9517,0.9521,19.10,26.40
2007.08.16 01:55:31.106,0.9517,0.9521,18.30,26.40
2007.08.16 01:55:31.215,0.9517,0.9521,14.40,26.40
2007.08.16 01:55:31.766,0.9517,0.9521,10.40,30.40
2007.08.16 01:55:31.877,0.9517,0.9521,6.40,34.40
2007.08.16 01:55:31.994,0.9517,0.9521,4.80,34.40
2007.08.16 01:55:32.233,0.9517,0.9521,4.80,42.40
2007.08.16 01:55:32.824,0.9517,0.9521,0.80,42.40
2007.08.16 01:55:33.335,0.9517,0.952,0.80,1.60
2007.08.16 01:55:34.255,0.9517,0.9521,0.80,42.40
2007.08.16 01:55:39.912,0.9517,0.9521,0.80,34.40
2007.08.16 01:55:39.940,0.9517,0.9521,0.80,30.40
2007.08.16 01:55:43.683,0.9516,0.9521,43.20,30.40
2007.08.16 01:55:43.730,0.9516,0.9521,39.20,30.40
2007.08.16 01:55:43.799,0.9516,0.9521,35.10,30.40
2007.08.16 01:55:44.045,0.9516,0.9521,34.30,30.40
2007.08.16 01:55:44.235,0.9516,0.9521,26.30,38.40
2007.08.16 01:55:44.305,0.9516,0.9521,14.40,38.40
2007.08.16 01:55:44.411,0.9516,0.9521,10.40,38.40
2007.08.16 01:55:46.786,0.9516,0.95205,10.40,8.00
2007.08.16 01:55:46.804,0.9516,0.952,22.30,4.00
2007.08.16 01:55:46.901,0.9516,0.952,22.30,5.60
2007.08.16 01:55:47.106,0.9516,0.952,23.10,5.60
2007.08.16 01:55:47.321,0.9517,0.952,0.80,1.60
2007.08.16 01:55:48.883,0.9517,0.9521,0.80,30.40
2007.08.16 01:55:48.988,0.9517,0.952,0.80,1.80
2007.08.16 01:55:48.999,0.9517,0.952,0.80,6.50
2007.08.16 01:55:49.106,0.9517,0.952,0.80,30.60
2007.08.16 01:55:49.200,0.9517,0.952,0.80,32.20
2007.08.16 01:55:49.308,0.9517,0.952,0.80,34.60
2007.08.16 01:55:49.402,0.9517,0.9519,0.80,4.00
2007.08.16 01:55:49.620,0.9517,0.952,0.80,34.60
2007.08.16 01:55:49.937,0.9517,0.9519,2.40,1.60
2007.08.16 01:55:50.120,0.9517,0.9519,3.20,1.60
2007.08.16 01:55:50.531,0.9517,0.9519,2.40,1.60
2007.08.16 01:55:51.971,0.9517,0.9519,2.40,6.30
2007.08.16 01:55:52.177,0.9517,0.9518,0.80,1.60
2007.08.16 01:55:54.684,0.9516,0.9518,3.20,1.60
2007.08.16 01:55:55.057,0.9517,0.9518,0.80,1.60
2007.08.16 01:55:55.166,0.9516,0.9518,11.10,1.60
2007.08.16 01:55:55.210,0.9517,0.9519,1.60,15.40
2007.08.16 01:55:55.314,0.9517,0.9519,1.60,11.40
2007.08.16 01:55:55.421,0.9517,0.9519,1.60,7.40
2007.08.16 01:55:55.464,0.9517,0.9519,1.60,8.20
2007.08.16 01:55:55.626,0.9517,0.9519,0.80,0.80
2007.08.16 01:55:55.676,0.9517,0.952,0.80,34.40
2007.08.16 01:55:55.838,0.9517,0.952,0.80,30.40
2007.08.16 01:55:56.190,0.9517,0.952,0.80,29.60
2007.08.16 01:55:56.288,0.9517,0.952,0.80,25.60
2007.08.16 01:55:56.353,0.9517,0.952,0.80,21.50
2007.08.16 01:55:56.771,0.9517,0.952,0.80,5.60
2007.08.16 01:55:56.880,0.9516,0.952,43.20,5.60
2007.08.16 01:55:56.977,0.9516,0.952,43.20,4.00
2007.08.16 01:55:57.818,0.9516,0.9521,43.20,38.40
2007.08.16 01:55:59.113,0.9516,0.9521,43.20,30.40
2007.08.16 01:55:59.450,0.9516,0.952,43.20,0.80
2007.08.16 01:55:59.565,0.9516,0.952,43.20,4.70
2007.08.16 01:55:59.692,0.9516,0.952,27.20,30.60
2007.08.16 01:55:59.736,0.9517,0.9519,1.60,1.60
2007.08.16 01:56:00.060,0.9517,0.9519,1.60,3.40
2007.08.16 01:56:00.105,0.9517,0.9519,1.60,8.10
2007.08.16 01:56:00.158,0.9517,0.9519,1.60,28.10
2007.08.16 01:56:00.296,0.9516,0.9518,6.40,1.60
2007.08.16 01:56:00.382,0.9516,0.9518,2.40,1.60
2007.08.16 01:56:00.654,0.9516,0.9519,2.40,32.10
2007.08.16 01:56:03.064,0.9516,0.9518,3.20,1.60
2007.08.16 01:56:03.195,0.9516,0.9519,3.20,27.40
2007.08.16 01:56:03.362,0.9516,0.9519,3.20,19.40
2007.08.16 01:56:03.408,0.9516,0.9519,7.20,11.40
2007.08.16 01:56:03.982,0.9516,0.9518,6.40,0.80
2007.08.16 01:56:04.092,0.9516,0.9518,6.40,4.70
2007.08.16 01:56:04.214,0.9516,0.9518,4.80,6.30
2007.08.16 01:56:04.421,0.9516,0.9518,0.80,10.30
2007.08.16 01:56:07.226,0.9515,0.9518,4.80,28.10
2007.08.16 01:56:07.340,0.9515,0.9518,4.80,36.10
2007.08.16 01:56:07.347,0.9515,0.9518,4.80,40.10
2007.08.16 01:56:07.440,0.9515,0.9517,6.40,1.60
2007.08.16 01:56:07.600,0.9515,0.9517,6.40,10.40
2007.08.16 01:56:07.643,0.9515,0.9517,2.40,22.30
2007.08.16 01:56:07.753,0.9515,0.9517,0.80,26.30
2007.08.16 01:56:08.053,0.9515,0.9517,0.80,30.30
2007.08.16 01:56:08.114,0.9515,0.9517,0.80,33.50
2007.08.16 01:56:08.266,0.9514,0.9517,5.60,33.50
2007.08.16 01:56:08.516,0.9514,0.9517,9.60,33.50
2007.08.16 01:56:08.623,0.9514,0.9517,9.60,29.50
2007.08.16 01:56:08.689,0.9514,0.9517,9.60,17.60
2007.08.16 01:56:08.796,0.9514,0.9517,17.60,13.60
2007.08.16 01:56:08.880,0.9514,0.9517,17.60,5.60
2007.08.16 01:56:09.131,0.9514,0.9517,17.60,13.60
2007.08.16 01:56:09.508,0.9514,0.9517,19.40,13.60
2007.08.16 01:56:09.629,0.9514,0.9517,35.40,13.60
2007.08.16 01:56:09.644,0.9514,0.9517,35.40,5.60
2007.08.16 01:56:09.726,0.9514,0.9517,35.40,1.60
2007.08.16 01:56:10.331,0.9514,0.9518,35.40,22.40
2007.08.16 01:56:13.348,0.9514,0.9518,34.60,22.40
2007.08.16 01:56:13.444,0.9515,0.9518,0.80,22.40
2007.08.16 01:56:13.481,0.9515,0.9518,0.80,14.40
2007.08.16 01:56:13.776,0.9515,0.9518,0.80,32.20
2007.08.16 01:56:13.862,0.9515,0.9517,2.40,1.60
2007.08.16 01:56:14.400,0.9515,0.9517,0.80,1.60
2007.08.16 01:56:16.055,0.9515,0.9517,4.70,1.60
2007.08.16 01:56:16.173,0.9515,0.9517,24.80,1.60
2007.08.16 01:56:16.353,0.9516,0.9518,1.60,8.20
2007.08.16 01:56:16.443,0.9516,0.9518,1.60,4.20
2007.08.16 01:56:16.551,0.9516,0.9518,1.60,2.40
2007.08.16 01:56:16.579,0.9516,0.9518,5.50,1.60
2007.08.16 01:56:16.643,0.9516,0.9518,9.60,1.60
2007.08.16 01:56:16.762,0.9516,0.9519,9.60,12.20
2007.08.16 01:56:16.877,0.9516,0.9519,13.60,8.20
2007.08.16 01:56:18.648,0.9516,0.9519,10.30,10.40
2007.08.16 01:56:18.672,0.9516,0.9519,6.40,22.30
2007.08.16 01:56:18.745,0.9516,0.9519,4.80,22.30
2007.08.16 01:56:18.947,0.9516,0.9519,0.80,22.30
2007.08.16 01:56:19.061,0.9516,0.9519,0.80,24.10
2007.08.16 01:56:19.159,0.9516,0.9518,0.80,11.90
2007.08.16 01:56:19.264,0.9516,0.9518,0.80,13.50
2007.08.16 01:56:19.675,0.9516,0.9518,0.80,21.50
2007.08.16 01:56:19.902,0.9515,0.9518,11.20,21.50
2007.08.16 01:56:20.722,0.9515,0.9518,15.20,5.60
2007.08.16 01:56:20.834,0.9515,0.9518,17.60,4.00
2007.08.16 01:56:21.757,0.9515,0.95185,17.60,8.00
2007.08.16 01:56:21.792,0.9515,0.9519,17.60,38.40
2007.08.16 01:56:22.082,0.9515,0.9518,13.50,4.00
2007.08.16 01:56:22.147,0.9515,0.9516,8.80,0.80
2007.08.16 01:56:22.209,0.9515,0.9516,8.80,2.40
2007.08.16 01:56:22.252,0.9515,0.9516,8.80,1.60
2007.08.16 01:56:22.315,0.9515,0.9516,4.80,1.60
2007.08.16 01:56:22.485,0.9515,0.9516,0.80,1.60
2007.08.16 01:56:22.896,0.9515,0.95165,0.80,8.00
2007.08.16 01:56:24.081,0.9515,0.9516,0.80,0.80
2007.08.16 01:56:24.238,0.9514,0.9516,4.80,2.40
2007.08.16 01:56:24.722,0.9514,0.9516,4.80,1.60
2007.08.16 01:56:24.772,0.9514,0.95165,4.80,8.00
2007.08.16 01:56:24.832,0.9514,0.9517,4.80,38.30
2007.08.16 01:56:24.878,0.9514,0.9517,4.80,34.30
2007.08.16 01:56:25.125,0.9514,0.9517,5.60,33.50
2007.08.16 01:56:25.192,0.9514,0.9517,13.60,17.50
2007.08.16 01:56:25.291,0.9514,0.9517,15.20,17.50
2007.08.16 01:56:25.426,0.9514,0.9517,15.20,9.50
2007.08.16 01:56:25.515,0.9514,0.9517,23.20,5.50
2007.08.16 01:56:25.642,0.9514,0.9517,27.20,1.60
2007.08.16 01:56:25.737,0.9515,0.9517,0.80,1.60
2007.08.16 01:56:25.924,0.9515,0.9517,2.40,1.60
2007.08.16 01:56:26.147,0.9515,0.9517,1.60,1.60
2007.08.16 01:56:26.245,0.9515,0.9517,0.80,1.60
2007.08.16 01:56:27.065,0.9515,0.9517,0.80,5.50
2007.08.16 01:56:27.176,0.9515,0.9517,0.80,21.50
2007.08.16 01:56:27.374,0.9514,0.9517,11.20,21.50
2007.08.16 01:56:27.580,0.9514,0.9517,17.00,17.50
2007.08.16 01:56:27.699,0.9514,0.9517,17.00,5.50
2007.08.16 01:56:27.869,0.9515,0.9517,1.60,9.50
2007.08.16 01:56:28.001,0.9515,0.9517,1.60,5.50
2007.08.16 01:56:28.188,0.9515,0.9517,1.60,1.60
2007.08.16 01:56:29.219,0.9515,0.9517,3.20,1.60
2007.08.16 01:56:30.127,0.9515,0.9517,2.40,5.50
2007.08.16 01:56:30.311,0.9515,0.9517,0.80,21.50
2007.08.16 01:56:30.577,0.9515,0.9517,0.80,25.50
2007.08.16 01:56:30.997,0.9514,0.9517,7.20,25.50
2007.08.16 01:56:32.555,0.9514,0.9517,6.40,25.50
2007.08.16 01:56:32.653,0.9514,0.9517,6.40,26.30
2007.08.16 01:56:32.766,0.9514,0.9516,6.40,1.60
2007.08.16 01:56:33.576,0.9514,0.9516,7.20,1.60
2007.08.16 01:56:33.672,0.9514,0.9516,11.20,1.60
2007.08.16 01:56:33.698,0.9514,0.9516,15.20,1.60
2007.08.16 01:56:33.794,0.9515,0.9517,4.00,9.60
2007.08.16 01:56:33.997,0.9515,0.9517,4.00,5.60
2007.08.16 01:56:35.241,0.9515,0.9518,4.80,32.10
2007.08.16 01:56:35.332,0.9515,0.9518,0.80,36.20
2007.08.16 01:56:35.660,0.9515,0.9518,0.80,34.40
2007.08.16 01:56:35.861,0.9515,0.9518,0.80,38.40
2007.08.16 01:56:35.997,0.9515,0.9517,0.80,8.00
2007.08.16 01:56:36.648,0.9515,0.9517,0.80,8.80
2007.08.16 01:56:36.717,0.9514,0.9517,0.80,8.80
2007.08.16 01:56:36.813,0.9514,0.9517,0.80,12.80
2007.08.16 01:56:36.935,0.9514,0.9517,0.80,14.40
2007.08.16 01:56:37.128,0.9514,0.9517,0.80,18.40
2007.08.16 01:56:37.244,0.9514,0.9516,0.80,19.90
2007.08.16 01:56:37.348,0.9514,0.9516,0.80,27.30
2007.08.16 01:56:37.399,0.9512,0.9516,14.40,40.10
2007.08.16 01:56:37.621,0.9512,0.9516,10.40,40.10
2007.08.16 01:56:37.727,0.9512,0.9515,10.40,3.90
2007.08.16 01:56:39.325,0.9514,0.9515,0.80,5.50
2007.08.16 01:56:41.613,0.9513,0.9514,1.60,3.90
2007.08.16 01:56:41.774,0.9511,0.9514,12.80,3.90
2007.08.16 01:56:41.892,0.9511,0.9514,14.40,5.50
2007.08.16 01:56:42.128,0.9511,0.9514,18.40,1.60
2007.08.16 01:56:42.323,0.9513,0.95145,0.80,8.00
2007.08.16 01:56:42.504,0.9513,0.9515,0.80,30.40
2007.08.16 01:56:43.599,0.9513,0.9515,0.80,29.60
2007.08.16 01:56:43.662,0.9512,0.9515,3.20,15.40
2007.08.16 01:56:44.282,0.9512,0.9515,3.20,13.80
2007.08.16 01:56:44.401,0.9512,0.9515,3.20,9.80
2007.08.16 01:56:44.919,0.9513,0.9515,1.60,11.40
2007.08.16 01:56:48.304,0.9512,0.9515,3.20,9.80
2007.08.16 01:56:49.334,0.9513,0.9515,1.60,11.40
2007.08.16 01:56:49.561,0.9513,0.9515,2.40,11.40
2007.08.16 01:56:49.658,0.9513,0.9515,2.40,5.50
2007.08.16 01:56:49.672,0.9513,0.9515,6.30,1.60
2007.08.16 01:56:49.753,0.9513,0.9516,6.30,15.40
2007.08.16 01:56:49.882,0.9513,0.9516,6.30,11.40
2007.08.16 01:56:50.088,0.9513,0.9516,6.30,7.40
2007.08.16 01:56:50.591,0.9513,0.9516,5.50,8.20
2007.08.16 01:56:50.701,0.9513,0.95155,2.40,8.00
2007.08.16 01:56:50.806,0.9513,0.95155,0.80,8.00
2007.08.16 01:56:51.125,0.9511,0.95155,30.40,8.00
2007.08.16 01:56:55.801,0.9512,0.9515,0.80,16.70
2007.08.16 01:56:56.094,0.9512,0.9515,0.80,20.70
2007.08.16 01:56:56.204,0.9512,0.9515,1.60,23.90
2007.08.16 01:56:56.214,0.9512,0.9515,1.60,12.00
2007.08.16 01:56:56.306,0.9512,0.9515,3.20,13.60
2007.08.16 01:56:56.716,0.9512,0.9515,3.20,9.60
2007.08.16 01:56:57.931,0.9511,0.9515,33.80,9.60
2007.08.16 01:56:58.761,0.9512,0.9515,3.00,5.60
2007.08.16 01:56:58.796,0.9511,0.9515,33.60,1.60
2007.08.16 01:56:58.924,0.9511,0.9515,33.60,1.60
2007.08.16 01:57:00.352,0.9511,0.9516,33.60,18.40
2007.08.16 01:57:00.772,0.9512,0.9516,0.80,18.40
2007.08.16 01:57:00.894,0.9512,0.9516,2.50,10.40
2007.08.16 01:57:00.940,0.9511,0.9516,41.70,10.40
2007.08.16 01:57:00.978,0.9513,0.9515,1.10,1.60
2007.08.16 01:57:01.922,0.9511,0.9516,46.40,10.40
2007.08.16 01:57:03.257,0.9512,0.9516,27.20,28.20
2007.08.16 01:57:03.378,0.9513,0.9515,1.50,1.60
2007.08.16 01:57:03.473,0.9513,0.9515,0.80,1.60
2007.08.16 01:57:06.145,0.9512,0.9515,6.40,14.40
2007.08.16 01:57:06.242,0.9513,0.9515,0.80,22.40
2007.08.16 01:57:06.270,0.9512,0.9514,6.40,1.60
2007.08.16 01:57:08.872,0.9511,0.9514,25.00,1.60
2007.08.16 01:57:09.144,0.9512,0.9514,1.90,1.60
2007.08.16 01:57:09.292,0.9512,0.9514,1.00,1.60
2007.08.16 01:57:09.404,0.9512,0.9515,2.70,13.60
2007.08.16 01:57:09.669,0.9512,0.9515,4.00,9.60
2007.08.16 01:57:09.727,0.9512,0.9515,3.10,25.60
2007.08.16 01:57:09.822,0.9512,0.9515,5.70,21.60
2007.08.16 01:57:10.167,0.9512,0.9515,3.40,21.60
2007.08.16 01:57:10.273,0.9511,0.9515,24.00,25.60
2007.08.16 01:57:10.348,0.9511,0.9515,24.00,29.60
2007.08.16 01:57:11.209,0.9511,0.9515,23.20,30.40
2007.08.16 01:57:11.279,0.9513,0.9515,0.80,32.20
2007.08.16 01:57:11.459,0.9513,0.9514,0.80,1.60
2007.08.16 01:57:12.222,0.9512,0.9514,2.40,2.40
2007.08.16 01:57:12.279,0.9511,0.9514,17.60,2.40
2007.08.16 01:57:12.372,0.9512,0.9514,0.60,2.40
2007.08.16 01:57:12.699,0.9512,0.9514,0.50,18.40
2007.08.16 01:57:12.734,0.9512,0.9514,1.50,22.40
2007.08.16 01:57:12.881,0.9512,0.9514,0.70,30.40
2007.08.16 01:57:12.900,0.9511,0.9514,6.40,30.40
2007.08.16 01:57:13.169,0.9511,0.9514,2.40,34.40
2007.08.16 01:57:14.298,0.9511,0.9514,3.20,33.60
2007.08.16 01:57:14.376,0.9511,0.9514,3.20,25.60
2007.08.16 01:57:14.508,0.9511,0.9514,7.10,21.60
2007.08.16 01:57:14.665,0.951,0.9514,35.90,9.60
2007.08.16 01:57:14.776,0.951,0.9514,27.90,5.60
2007.08.16 01:57:17.166,0.951,0.9514,27.10,6.40
2007.08.16 01:57:17.284,0.951,0.9514,24.10,22.40
2007.08.16 01:57:17.383,0.9512,0.9514,0.80,22.40
2007.08.16 01:57:17.585,0.951,0.9514,24.20,22.40
2007.08.16 01:57:17.670,0.9511,0.9514,4.90,26.40
2007.08.16 01:57:17.793,0.9511,0.9514,1.10,26.40
2007.08.16 01:57:17.886,0.9511,0.9513,2.30,1.60
2007.08.16 01:57:18.286,0.951,0.9513,24.20,1.60
2007.08.16 01:57:18.699,0.951,0.9513,25.00,1.60
2007.08.16 01:57:18.818,0.9512,0.9513,0.80,1.60
2007.08.16 01:57:20.903,0.9509,0.95135,35.10,8.00
2007.08.16 01:57:21.227,0.9509,0.9512,34.30,1.60
2007.08.16 01:57:22.773,0.9508,0.9512,33.00,1.60
2007.08.16 01:57:23.904,0.9509,0.9513,7.80,30.40
2007.08.16 01:57:24.413,0.9509,0.9512,6.60,1.60
2007.08.16 01:57:26.127,0.9511,0.9512,0.80,1.60
2007.08.16 01:57:26.667,0.9509,0.9512,24.20,1.60
2007.08.16 01:57:26.812,0.9511,0.9512,0.80,9.60
2007.08.16 01:57:27.120,0.9509,0.9512,6.30,13.60
2007.08.16 01:57:28.765,0.9509,0.9512,5.50,14.40
2007.08.16 01:57:28.787,0.951,0.9512,0.80,16.20
2007.08.16 01:57:28.896,0.951,0.9511,0.80,1.60
2007.08.16 01:57:29.225,0.951,0.9511,1.60,1.60
2007.08.16 01:57:29.400,0.951,0.9512,3.20,11.40
2007.08.16 01:57:29.614,0.951,0.9512,3.20,7.40
2007.08.16 01:57:31.676,0.951,0.9512,2.40,7.40
2007.08.16 01:57:32.292,0.951,0.9512,2.40,8.20
2007.08.16 01:57:32.313,0.951,0.9512,2.40,6.40
2007.08.16 01:57:32.406,0.951,0.9512,0.80,6.40
2007.08.16 01:57:32.522,0.951,0.9512,0.80,10.40
2007.08.16 01:57:34.770,0.951,0.9512,0.80,9.60
2007.08.16 01:57:34.811,0.9509,0.9512,11.10,11.40
2007.08.16 01:57:34.907,0.951,0.9512,1.60,11.40
2007.08.16 01:57:35.014,0.951,0.9512,1.60,7.40
2007.08.16 01:57:35.735,0.951,0.9512,1.60,5.60
2007.08.16 01:57:36.439,0.951,0.9512,2.40,5.60
2007.08.16 01:57:38.066,0.951,0.9512,2.40,0.50
2007.08.16 01:57:42.358,0.951,0.9513,0.80,40.10
2007.08.16 01:57:44.183,0.951,0.9513,0.80,40.90
2007.08.16 01:57:44.229,0.9509,0.9512,13.50,0.60
2007.08.16 01:57:44.276,0.9509,0.9512,14.30,0.50
2007.08.16 01:57:44.335,0.9509,0.95125,11.10,13.60
2007.08.16 01:57:44.756,0.9509,0.9512,7.10,0.60
2007.08.16 01:57:47.193,0.9509,0.9512,6.30,0.80
2007.08.16 01:57:47.244,0.9509,0.95125,6.30,20.20
2007.08.16 01:57:47.701,0.9509,0.9512,2.40,0.60
2007.08.16 01:57:47.764,0.9509,0.9512,2.40,0.60
2007.08.16 01:57:47.895,0.9509,0.9513,2.40,30.80
2007.08.16 01:57:47.967,0.9509,0.9512,2.40,28.20
2007.08.16 01:57:48.206,0.9509,0.9512,2.40,29.00
2007.08.16 01:57:48.383,0.9509,0.9512,0.80,29.00
2007.08.16 01:57:48.800,0.9509,0.9511,0.80,0.80
2007.08.16 01:57:50.356,0.9508,0.9512,10.40,33.00
2007.08.16 01:57:50.465,0.9508,0.9511,10.40,14.40
2007.08.16 01:57:50.771,0.9508,0.9511,6.40,14.40
2007.08.16 01:57:52.217,0.9508,0.951,6.40,0.60
2007.08.16 01:57:52.231,0.9508,0.9511,6.40,18.30
2007.08.16 01:57:52.342,0.9508,0.9511,2.40,26.30
2007.08.16 01:57:52.449,0.9508,0.951,0.80,0.90
2007.08.16 01:57:52.749,0.9508,0.9511,0.80,26.30
2007.08.16 01:57:53.251,0.9508,0.9511,0.80,26.40
2007.08.16 01:57:53.372,0.9508,0.9511,1.60,22.40
2007.08.16 01:57:53.481,0.9509,0.951,0.80,0.80
2007.08.16 01:57:53.694,0.9509,0.9512,0.80,40.90
2007.08.16 01:57:53.898,0.9509,0.9511,0.80,10.40
2007.08.16 01:57:54.388,0.9509,0.9511,0.80,0.70
2007.08.16 01:57:55.742,0.9509,0.951,0.80,0.90
2007.08.16 01:57:56.378,0.9509,0.9511,0.80,14.30
2007.08.16 01:57:57.211,0.9508,0.9511,6.40,14.30
2007.08.16 01:57:57.300,0.9508,0.951,6.40,0.50
2007.08.16 01:57:58.256,0.9509,0.9511,0.80,18.30
2007.08.16 01:57:58.973,0.9509,0.951,0.80,0.60
2007.08.16 01:57:59.497,0.9508,0.951,3.20,0.70
2007.08.16 01:58:00.243,0.9508,0.9511,2.40,18.30
2007.08.16 01:58:04.511,0.9508,0.9511,2.40,18.40
2007.08.16 01:58:04.982,0.9508,0.951,2.40,0.70
2007.08.16 01:58:05.649,0.9508,0.951,3.20,0.80
2007.08.16 01:58:06.664,0.9508,0.9511,2.40,13.60
2007.08.16 01:58:07.181,0.9508,0.951,3.20,8.00
2007.08.16 01:58:07.286,0.9508,0.951,3.20,4.00
2007.08.16 01:58:07.367,0.9508,0.9511,11.20,9.50
2007.08.16 01:58:07.472,0.9509,0.9511,1.60,7.90
2007.08.16 01:58:07.682,0.9509,0.9511,1.60,4.00
2007.08.16 01:58:12.348,0.9509,0.9512,13.50,18.40
2007.08.16 01:58:12.445,0.951,0.9512,1.60,18.40
2007.08.16 01:58:12.755,0.951,0.9512,1.60,14.40
2007.08.16 01:58:12.863,0.951,0.9512,1.60,10.40
2007.08.16 01:58:12.923,0.951,0.9512,1.60,6.40
2007.08.16 01:58:14.732,0.951,0.9512,2.40,6.40
2007.08.16 01:58:15.279,0.951,0.9512,2.40,5.60
2007.08.16 01:58:15.350,0.951,0.9512,2.40,4.00
2007.08.16 01:58:17.246,0.951,0.9512,2.40,8.00
2007.08.16 01:58:18.179,0.951,0.9512,1.50,8.00
2007.08.16 01:58:18.973,0.951,0.9512,2.40,9.60
2007.08.16 01:58:19.197,0.951,0.9512,2.40,5.60
2007.08.16 01:58:19.282,0.951,0.9512,2.40,1.60
2007.08.16 01:58:19.909,0.951,0.9513,2.40,14.40
2007.08.16 01:58:26.345,0.951,0.9513,0.80,14.40
2007.08.16 01:58:26.913,0.951,0.9513,0.80,10.40
2007.08.16 01:58:26.970,0.951,0.9513,2.40,10.40
2007.08.16 01:58:27.056,0.951,0.9513,2.40,6.40
2007.08.16 01:58:29.051,0.951,0.9513,0.80,6.40
2007.08.16 01:58:29.314,0.951,0.9513,0.80,10.30
2007.08.16 01:58:29.357,0.951,0.9512,0.80,4.00
2007.08.16 01:58:30.139,0.951,0.9511,0.80,3.90
2007.08.16 01:58:30.304,0.951,0.9511,0.80,8.00
2007.08.16 01:58:30.862,0.951,0.9511,0.80,4.00
2007.08.16 01:58:31.025,0.951,0.9512,0.80,18.40
2007.08.16 01:58:31.111,0.9509,0.9512,22.30,14.40
2007.08.16 01:58:31.311,0.951,0.9512,1.60,14.40
2007.08.16 01:58:31.363,0.951,0.9511,1.60,3.90
2007.08.16 01:58:31.431,0.9509,0.9511,10.40,8.00
2007.08.16 01:58:31.842,0.9509,0.9511,6.40,3.90
2007.08.16 01:58:31.981,0.9509,0.9512,6.40,17.50
2007.08.16 01:58:32.191,0.9509,0.9512,6.40,18.30
2007.08.16 01:58:32.256,0.9509,0.9512,6.40,6.40
2007.08.16 01:58:32.354,0.9509,0.9512,10.40,6.40
2007.08.16 01:58:32.398,0.9509,0.9511,10.40,3.90
2007.08.16 01:58:32.560,0.951,0.9511,1.60,8.00
2007.08.16 01:58:32.877,0.951,0.9511,1.60,3.90
2007.08.16 01:58:32.917,0.951,0.9513,1.60,26.40
2007.08.16 01:58:33.506,0.9509,0.9513,7.20,34.40
2007.08.16 01:58:33.602,0.9509,0.9513,3.20,34.40
2007.08.16 01:58:34.345,0.9509,0.9512,3.20,3.90
2007.08.16 01:58:34.446,0.951,0.9512,1.60,9.60
2007.08.16 01:58:34.667,0.951,0.9512,1.60,10.40
2007.08.16 01:58:34.752,0.951,0.9512,1.60,14.40
2007.08.16 01:58:34.852,0.951,0.9511,1.60,4.00
2007.08.16 01:58:34.863,0.951,0.9511,1.60,8.00
2007.08.16 01:58:34.966,0.9509,0.9511,2.40,13.60
2007.08.16 01:58:38.146,0.9509,0.9511,2.40,14.40
2007.08.16 01:58:38.236,0.9509,0.951,2.40,3.90
2007.08.16 01:58:38.270,0.9507,0.951,34.50,8.00
2007.08.16 01:58:38.337,0.9509,0.951,2.40,8.00
2007.08.16 01:58:38.389,0.9509,0.951,0.80,8.00
2007.08.16 01:58:39.023,0.9509,0.951,0.80,9.60
2007.08.16 01:58:42.342,0.9508,0.951,3.20,8.00
2007.08.16 01:58:43.892,0.9508,0.951,2.40,8.00
2007.08.16 01:58:44.066,0.9508,0.951,2.40,9.60
2007.08.16 01:58:51.413,0.9508,0.9509,2.40,3.90
2007.08.16 01:58:51.452,0.9508,0.9509,2.40,12.00
2007.08.16 01:58:51.546,0.9507,0.9509,4.00,13.60
2007.08.16 01:58:51.754,0.9506,0.9509,12.20,13.60
2007.08.16 01:58:51.833,0.9507,0.9509,0.80,13.60
2007.08.16 01:58:51.864,0.9507,0.9509,0.80,9.60
2007.08.16 01:58:51.964,0.9507,0.9509,0.80,8.00
2007.08.16 01:58:52.129,0.9506,0.9509,16.20,8.00
2007.08.16 01:58:52.485,0.9506,0.9509,12.20,13.60
2007.08.16 01:58:53.392,0.9506,0.9509,24.10,9.60
2007.08.16 01:58:53.501,0.9507,0.9509,0.80,9.60
2007.08.16 01:58:53.535,0.9507,0.951,22.40,17.60
2007.08.16 01:58:53.736,0.9507,0.951,10.40,15.40
2007.08.16 01:58:53.934,0.9507,0.9509,9.60,3.90
2007.08.16 01:58:53.979,0.9507,0.9509,5.60,7.90
2007.08.16 01:58:54.047,0.9507,0.9509,4.00,7.90
2007.08.16 01:58:54.275,0.9506,0.9509,10.40,7.90
2007.08.16 01:58:54.370,0.9506,0.9509,10.40,9.50
2007.08.16 01:58:54.680,0.9506,0.9509,6.40,17.50
2007.08.16 01:58:54.761,0.9506,0.9509,10.40,13.60
2007.08.16 01:58:55.309,0.9506,0.9509,10.40,9.60
2007.08.16 01:58:55.595,0.9506,0.9509,8.80,9.60
2007.08.16 01:58:55.701,0.9506,0.9509,8.80,13.60
2007.08.16 01:58:55.797,0.9506,0.9509,8.80,9.60
2007.08.16 01:58:55.863,0.9506,0.9509,4.80,9.60
2007.08.16 01:58:55.955,0.9506,0.9509,4.80,13.50
2007.08.16 01:58:56.687,0.9506,0.9508,4.00,3.90
2007.08.16 01:58:56.751,0.9505,0.9508,28.10,3.90
2007.08.16 01:58:56.888,0.9505,0.9508,27.30,4.70
2007.08.16 01:58:57.197,0.9505,0.9508,28.10,3.90
2007.08.16 01:58:57.306,0.9505,0.9508,20.20,3.90
2007.08.16 01:58:57.368,0.9505,0.9507,16.20,1.60
2007.08.16 01:58:57.391,0.9505,0.9507,15.40,1.60
2007.08.16 01:58:57.600,0.9505,0.9507,16.20,1.60
2007.08.16 01:58:57.666,0.9505,0.9507,12.20,1.60
2007.08.16 01:58:57.785,0.9505,0.9507,10.40,1.60
2007.08.16 01:58:57.872,0.9505,0.9507,6.40,1.60
2007.08.16 01:58:57.910,0.9505,0.9507,5.60,1.60
2007.08.16 01:58:58.631,0.9505,0.9507,6.40,1.60
2007.08.16 01:58:58.717,0.9506,0.9507,4.00,1.60
2007.08.16 01:58:58.826,0.9506,0.9507,8.00,1.60
2007.08.16 01:58:58.849,0.9506,0.9507,12.00,1.60
2007.08.16 01:58:58.941,0.9506,0.9507,12.80,1.60
2007.08.16 01:58:59.025,0.9506,0.9508,14.40,5.60
2007.08.16 01:58:59.658,0.9506,0.9508,18.40,1.60
2007.08.16 01:58:59.758,0.9506,0.9508,14.40,1.60
2007.08.16 01:58:59.776,0.9506,0.9508,10.40,1.60
2007.08.16 01:59:00.187,0.9506,0.9508,9.60,1.60
2007.08.16 01:59:00.389,0.9506,0.9508,8.00,1.60
2007.08.16 01:59:00.698,0.9506,0.9508,4.00,1.60
2007.08.16 01:59:00.787,0.9506,0.9508,4.80,1.60
2007.08.16 01:59:01.721,0.9506,0.9508,8.80,1.60
2007.08.16 01:59:01.925,0.9506,0.9508,10.40,1.60
2007.08.16 01:59:02.226,0.9506,0.9508,14.40,1.60
2007.08.16 01:59:02.658,0.9506,0.9508,18.40,1.60
2007.08.16 01:59:02.730,0.9506,0.9508,13.60,1.60
2007.08.16 01:59:02.759,0.9506,0.9508,9.60,1.60
2007.08.16 01:59:02.966,0.9506,0.9508,8.00,1.60
2007.08.16 01:59:03.393,0.9506,0.9508,8.00,0.80
2007.08.16 01:59:03.489,0.9506,0.9509,4.00,24.10
2007.08.16 01:59:07.445,0.9506,0.9509,5.60,24.10
2007.08.16 01:59:10.438,0.9506,0.9508,4.00,0.50
2007.08.16 01:59:15.186,0.9506,0.9509,4.00,24.90
2007.08.16 01:59:15.307,0.9505,0.9509,25.60,24.90
2007.08.16 01:59:15.601,0.9505,0.9508,26.40,0.80
2007.08.16 01:59:15.720,0.9505,0.9509,26.40,24.10
2007.08.16 01:59:15.820,0.9505,0.9509,10.40,24.10
2007.08.16 01:59:15.935,0.9505,0.9507,10.40,0.60
2007.08.16 01:59:16.620,0.9505,0.9507,9.60,0.50
2007.08.16 01:59:16.758,0.9505,0.9508,5.60,18.30
2007.08.16 01:59:17.142,0.9505,0.9508,6.40,17.50
2007.08.16 01:59:17.412,0.9505,0.9509,6.40,32.10
2007.08.16 01:59:17.701,0.9505,0.9509,6.40,32.10
2007.08.16 01:59:17.805,0.9505,0.9509,22.40,24.10
2007.08.16 01:59:18.381,0.9505,0.9509,28.20,24.10
2007.08.16 01:59:18.393,0.9505,0.9508,32.20,0.70
2007.08.16 01:59:20.656,0.9505,0.9509,31.40,25.00
2007.08.16 01:59:20.769,0.9505,0.9509,27.40,24.90
2007.08.16 01:59:20.896,0.9505,0.9508,25.60,0.50
2007.08.16 01:59:21.312,0.9505,0.9509,9.60,24.90
2007.08.16 01:59:21.421,0.9505,0.9507,9.60,0.90
2007.08.16 01:59:21.631,0.9505,0.9508,5.60,18.30
2007.08.16 01:59:23.174,0.9505,0.9508,11.40,14.30
2007.08.16 01:59:23.389,0.9505,0.9508,11.40,0.80
2007.08.16 01:59:23.723,0.9505,0.9509,12.20,40.10
2007.08.16 01:59:24.326,0.9505,0.9508,6.40,13.50
2007.08.16 01:59:24.671,0.9505,0.9507,5.60,0.60
2007.08.16 01:59:27.119,0.9505,0.9508,6.40,13.50
2007.08.16 01:59:27.229,0.9505,0.9508,10.40,9.50
2007.08.16 01:59:27.635,0.9505,0.9507,5.60,0.60
2007.08.16 01:59:28.142,0.9505,0.9507,6.40,0.80
2007.08.16 01:59:28.648,0.9505,0.9508,5.60,13.50
2007.08.16 01:59:29.014,0.9505,0.9507,6.40,0.70
2007.08.16 01:59:36.107,0.9505,0.9507,5.60,1.60
2007.08.16 01:59:36.251,0.9505,0.9507,1.60,13.50
2007.08.16 01:59:36.347,0.9505,0.9507,1.60,17.50
2007.08.16 01:59:36.364,0.9504,0.9507,12.20,17.50
2007.08.16 01:59:36.778,0.9504,0.9507,8.20,17.50
2007.08.16 01:59:40.808,0.9504,0.9507,24.20,5.50
2007.08.16 01:59:40.903,0.9505,0.9507,1.60,5.50
2007.08.16 01:59:41.318,0.9504,0.9507,24.20,5.50
2007.08.16 01:59:41.349,0.9504,0.9507,28.20,1.60
2007.08.16 01:59:41.650,0.9504,0.9507,32.20,1.60
2007.08.16 01:59:43.231,0.9504,0.9507,28.20,5.50
2007.08.16 01:59:43.315,0.9504,0.9507,16.20,17.50
2007.08.16 01:59:43.408,0.9504,0.9506,16.20,1.60
2007.08.16 01:59:44.240,0.9504,0.9506,28.20,1.60
2007.08.16 01:59:44.252,0.9504,0.9508,32.20,30.60
2007.08.16 01:59:44.320,0.9504,0.9508,32.20,22.60
2007.08.16 01:59:44.427,0.9504,0.9507,34.60,1.60
2007.08.16 01:59:46.306,0.9504,0.9508,34.60,18.60
2007.08.16 01:59:47.002,0.9504,0.9506,30.60,1.60
2007.08.16 01:59:47.014,0.9503,0.9506,43.30,1.60
2007.08.16 01:59:47.027,0.9503,0.9506,35.10,1.60
2007.08.16 01:59:47.137,0.9504,0.9507,4.60,9.60
2007.08.16 01:59:47.457,0.9503,0.9507,35.40,13.60
2007.08.16 01:59:47.624,0.9504,0.9507,0.70,14.40
2007.08.16 01:59:47.722,0.9503,0.9506,30.60,3.90
2007.08.16 01:59:48.243,0.9503,0.9507,34.40,14.40
2007.08.16 01:59:48.278,0.9504,0.9507,1.80,26.40
2007.08.16 01:59:48.395,0.9503,0.9507,8.90,26.40
2007.08.16 01:59:48.607,0.9503,0.9507,5.30,26.40
2007.08.16 01:59:48.703,0.9502,0.9507,33.00,26.40
2007.08.16 01:59:48.773,0.9503,0.9507,21.00,25.60
2007.08.16 01:59:48.819,0.9503,0.9507,25.00,13.60
2007.08.16 01:59:49.998,0.9504,0.9507,1.50,14.40
2007.08.16 01:59:50.141,0.9502,0.9507,41.00,20.20
2007.08.16 01:59:50.158,0.9503,0.9506,6.50,1.60
2007.08.16 01:59:50.286,0.9503,0.9506,5.50,1.60
2007.08.16 01:59:51.187,0.95025,0.9507,42.60,22.60
2007.08.16 01:59:52.028,0.9502,0.9505,40.90,1.60
2007.08.16 01:59:52.047,0.9502,0.9505,40.80,1.60
2007.08.16 01:59:52.643,0.9503,0.9506,28.10,9.60
2007.08.16 01:59:52.764,0.9503,0.9506,32.10,5.60
2007.08.16 01:59:53.781,0.9503,0.9506,32.10,1.60
2007.08.16 01:59:53.986,0.9504,0.9506,0.60,1.60
2007.08.16 01:59:54.725,0.9503,0.9506,32.10,1.60
2007.08.16 01:59:54.939,0.9503,0.9507,40.10,14.40
2007.08.16 01:59:54.976,0.9503,0.9507,40.90,13.60
2007.08.16 01:59:55.081,0.9504,0.9507,0.60,9.60
2007.08.16 01:59:55.484,0.9504,0.9507,12.90,9.60
2007.08.16 01:59:55.552,0.9504,0.9507,17.00,5.60
2007.08.16 01:59:55.652,0.9504,0.9507,17.00,4.00
2007.08.16 01:59:55.697,0.9503,0.9507,40.90,4.00
2007.08.16 01:59:55.760,0.9503,0.9508,43.10,32.20
2007.08.16 01:59:55.981,0.9504,0.9507,7.20,1.60
2007.08.16 01:59:56.102,0.9503,0.9507,43.10,5.50
2007.08.16 01:59:56.718,0.9503,0.9507,43.10,1.60
2007.08.16 01:59:56.767,0.9503,0.9507,40.90,5.60
2007.08.16 01:59:57.716,0.95035,0.9507,18.40,1.60
2007.08.16 01:59:58.766,0.9503,0.9507,40.90,5.50
2007.08.16 01:59:58.853,0.9503,0.9507,40.90,9.50
