2013.03.21 05:00:00.152,0.99326,0.99342,2.25,1.88
2013.03.21 05:00:00.221,0.99326,0.99343,1.50,3.75
2013.03.21 05:00:00.291,0.99326,0.99343,1.69,1.13
2013.03.21 05:00:00.423,0.99326,0.99343,2.44,2.25
2013.03.21 05:00:00.982,0.99327,0.99344,1.50,1.13
2013.03.21 05:00:01.052,0.99327,0.99344,1.50,2.63
2013.03.21 05:00:01.123,0.99327,0.99344,1.50,2.63
2013.03.21 05:00:01.394,0.99325,0.99344,2.44,2.63
2013.03.21 05:00:01.520,0.99324,0.99344,1.69,3.38
2013.03.21 05:00:01.702,0.9932,0.99335,1.50,1.50
2013.03.21 05:00:02.130,0.99316,0.99333,1.50,2.25
2013.03.21 05:00:02.631,0.99316,0.99334,3.19,1.13
2013.03.21 05:00:03.141,0.99314,0.99332,2.07,2.10
2013.03.21 05:00:03.699,0.99315,0.99333,1.69,1.50
2013.03.21 05:00:04.211,0.99316,0.99333,1.50,1.13
2013.03.21 05:00:04.730,0.99316,0.99334,1.50,2.63
2013.03.21 05:00:04.850,0.99319,0.99334,1.50,1.13
2013.03.21 05:00:04.971,0.9932,0.99336,2.25,1.13
2013.03.21 05:00:05.640,0.99319,0.99336,1.69,1.13
2013.03.21 05:00:06.010,0.99317,0.99336,2.25,3.00
2013.03.21 05:00:07.362,0.99321,0.99337,2.25,1.13
2013.03.21 05:00:07.490,0.99319,0.99337,3.94,2.25
2013.03.21 05:00:07.673,0.99321,0.99337,1.50,1.50
2013.03.21 05:00:08.282,0.99322,0.99339,1.50,1.88
2013.03.21 05:00:09.561,0.99321,0.9934,3.19,3.00
2013.03.21 05:00:10.761,0.9932,0.99339,1.69,2.63
2013.03.21 05:00:11.350,0.9932,0.99337,2.44,1.88
2013.03.21 05:00:12.114,0.9932,0.99337,2.44,2.25
2013.03.21 05:00:12.360,0.99319,0.99337,1.50,2.25
2013.03.21 05:00:12.611,0.9932,0.99337,1.50,1.88
2013.03.21 05:00:13.112,0.9932,0.99338,1.50,3.00
2013.03.21 05:00:14.190,0.99319,0.99338,1.50,1.50
2013.03.21 05:00:14.789,0.99319,0.99338,2.25,2.25
2013.03.21 05:00:14.850,0.9932,0.99337,1.50,3.75
2013.03.21 05:00:15.091,0.99322,0.9934,1.88,4.50
2013.03.21 05:00:15.220,0.99321,0.9934,4.69,3.00
2013.03.21 05:00:15.592,0.99324,0.99341,1.69,3.75
2013.03.21 05:00:15.910,0.99324,0.99339,1.69,3.75
2013.03.21 05:00:16.270,0.99322,0.99338,1.50,3.00
2013.03.21 05:00:16.510,0.99319,0.99334,1.13,1.50
2013.03.21 05:00:16.631,0.99316,0.99335,3.19,3.00
2013.03.21 05:00:16.703,0.99315,0.99331,1.88,1.50
2013.03.21 05:00:16.773,0.99315,0.99327,1.32,1.50
2013.03.21 05:00:16.901,0.99311,0.99327,1.50,1.50
2013.03.21 05:00:17.090,0.99309,0.99328,1.50,2.25
2013.03.21 05:00:18.580,0.99313,0.99328,1.50,1.50
2013.03.21 05:00:19.121,0.99313,0.99328,1.50,1.13
2013.03.21 05:00:19.692,0.99315,0.9933,3.00,1.50
2013.03.21 05:00:19.820,0.99314,0.9933,1.69,5.10
2013.03.21 05:00:19.940,0.99309,0.99328,1.50,2.63
2013.03.21 05:00:20.660,0.9931,0.99328,1.50,2.63
2013.03.21 05:00:21.051,0.99309,0.99326,1.50,1.50
2013.03.21 05:00:21.121,0.99311,0.99326,1.50,2.25
2013.03.21 05:00:22.095,0.99303,0.99321,3.19,2.25
2013.03.21 05:00:22.160,0.99303,0.99321,3.19,1.50
2013.03.21 05:00:22.701,0.993,0.9932,2.07,1.50
2013.03.21 05:00:22.761,0.993,0.99318,1.32,2.25
2013.03.21 05:00:23.301,0.99305,0.9932,1.69,1.50
2013.03.21 05:00:23.673,0.99304,0.99321,1.50,3.00
2013.03.21 05:00:23.801,0.99304,0.99322,2.44,1.50
2013.03.21 05:00:23.920,0.9931,0.99323,3.00,1.50
2013.03.21 05:00:24.220,0.99307,0.99323,2.44,1.50
2013.03.21 05:00:24.781,0.99308,0.99325,2.25,3.00
2013.03.21 05:00:25.450,0.99306,0.99321,1.50,1.50
2013.03.21 05:00:25.872,0.99306,0.99321,1.50,1.50
2013.03.21 05:00:28.581,0.99306,0.99321,1.50,1.50
2013.03.21 05:00:28.772,0.99308,0.99323,1.50,2.25
2013.03.21 05:00:29.039,0.99307,0.99323,3.00,2.25
2013.03.21 05:00:29.220,0.99305,0.99322,1.50,2.25
2013.03.21 05:00:29.641,0.99304,0.99321,1.13,2.63
2013.03.21 05:00:29.712,0.99303,0.99321,1.50,3.38
2013.03.21 05:00:29.900,0.99303,0.99319,2.25,2.25
2013.03.21 05:00:30.204,0.993,0.99317,2.82,1.50
2013.03.21 05:00:30.343,0.99297,0.99316,1.50,2.25
2013.03.21 05:00:30.710,0.99298,0.99312,1.50,3.75
2013.03.21 05:00:31.130,0.99297,0.99312,1.50,1.13
2013.03.21 05:00:31.310,0.993,0.99312,1.50,1.13
2013.03.21 05:00:31.671,0.99301,0.99313,2.25,1.13
2013.03.21 05:00:31.740,0.99301,0.99317,3.19,2.25
2013.03.21 05:00:31.801,0.99301,0.99319,3.19,2.25
2013.03.21 05:00:31.930,0.99304,0.99319,1.50,2.25
2013.03.21 05:00:31.991,0.99304,0.99319,1.50,2.25
2013.03.21 05:00:32.300,0.99301,0.99319,3.19,5.25
2013.03.21 05:00:32.599,0.99299,0.99319,2.25,4.50
2013.03.21 05:00:32.779,0.99299,0.99316,1.50,2.25
2013.03.21 05:00:33.440,0.99299,0.99316,1.69,3.00
2013.03.21 05:00:33.561,0.99297,0.99313,1.50,1.50
2013.03.21 05:00:34.203,0.99282,0.99298,1.50,1.50
2013.03.21 05:00:34.690,0.99283,0.99294,1.50,1.50
2013.03.21 05:00:34.881,0.99277,0.99294,1.50,2.25
2013.03.21 05:00:35.440,0.99277,0.99294,1.50,2.25
2013.03.21 05:00:36.183,0.99279,0.99297,2.25,1.88
2013.03.21 05:00:36.490,0.99282,0.99297,1.69,1.13
2013.03.21 05:00:36.611,0.99282,0.99298,1.69,1.50
2013.03.21 05:00:36.673,0.99282,0.99298,1.69,2.25
2013.03.21 05:00:37.221,0.9928,0.99297,1.69,1.50
2013.03.21 05:00:38.150,0.99284,0.993,1.50,1.50
2013.03.21 05:00:38.209,0.99283,0.993,3.19,1.50
2013.03.21 05:00:38.511,0.99281,0.993,2.63,2.25
2013.03.21 05:00:38.580,0.99282,0.993,1.50,1.50
2013.03.21 05:00:38.883,0.9928,0.99298,2.25,3.00
2013.03.21 05:00:39.076,0.99282,0.99295,1.50,1.50
2013.03.21 05:00:39.148,0.99279,0.99291,2.25,1.50
2013.03.21 05:00:39.215,0.99279,0.99291,1.50,1.50
2013.03.21 05:00:39.285,0.99279,0.99295,1.50,3.19
2013.03.21 05:00:39.352,0.99278,0.99294,1.50,1.69
2013.03.21 05:00:39.603,0.99276,0.99293,1.50,1.69
2013.03.21 05:00:39.911,0.99277,0.99293,1.50,1.69
2013.03.21 05:00:40.040,0.99276,0.99293,1.50,1.69
2013.03.21 05:00:40.341,0.99279,0.99296,1.50,2.07
2013.03.21 05:00:40.471,0.99278,0.99296,2.25,1.32
2013.03.21 05:00:41.142,0.99278,0.99296,3.00,3.57
2013.03.21 05:00:41.581,0.99279,0.99296,1.50,2.44
2013.03.21 05:00:41.852,0.99278,0.99296,3.00,2.63
2013.03.21 05:00:41.922,0.99278,0.99295,2.25,1.88
2013.03.21 05:00:42.230,0.99274,0.99291,1.50,3.19
2013.03.21 05:00:42.551,0.99273,0.99292,2.25,1.69
2013.03.21 05:00:42.901,0.99273,0.99291,1.50,1.50
2013.03.21 05:00:43.211,0.99275,0.99291,2.25,1.50
2013.03.21 05:00:43.461,0.99274,0.99292,3.00,2.25
2013.03.21 05:00:43.952,0.99276,0.99288,1.50,1.13
2013.03.21 05:00:44.201,0.99265,0.99283,4.88,2.63
2013.03.21 05:00:44.924,0.99267,0.99284,1.50,1.50
2013.03.21 05:00:45.232,0.99266,0.99277,1.50,1.50
2013.03.21 05:00:45.481,0.99261,0.99277,1.50,1.50
2013.03.21 05:00:45.673,0.99259,0.99278,1.69,1.50
2013.03.21 05:00:45.803,0.99257,0.99275,1.50,1.50
2013.03.21 05:00:45.871,0.99256,0.9927,2.25,1.50
2013.03.21 05:00:45.995,0.99254,0.99269,1.50,1.13
2013.03.21 05:00:46.372,0.99254,0.99271,2.25,1.13
2013.03.21 05:00:46.501,0.99255,0.99272,1.50,1.50
2013.03.21 05:00:46.990,0.99259,0.99272,1.50,2.25
2013.03.21 05:00:47.490,0.99256,0.99273,2.25,1.50
2013.03.21 05:00:47.551,0.99255,0.99272,3.00,1.69
2013.03.21 05:00:47.622,0.99252,0.9927,3.00,1.69
2013.03.21 05:00:47.751,0.9925,0.9927,1.50,1.50
2013.03.21 05:00:47.940,0.99248,0.99267,1.88,1.50
2013.03.21 05:00:48.121,0.99249,0.99267,1.50,2.25
2013.03.21 05:00:48.603,0.99256,0.99267,1.50,1.50
2013.03.21 05:00:48.791,0.99256,0.99272,3.00,1.50
2013.03.21 05:00:48.860,0.99256,0.99274,3.00,1.50
2013.03.21 05:00:48.990,0.99254,0.99273,2.63,1.50
2013.03.21 05:00:49.110,0.99256,0.99274,1.50,1.50
2013.03.21 05:00:49.650,0.99257,0.99277,1.50,1.69
2013.03.21 05:00:50.031,0.99257,0.99275,1.50,1.13
2013.03.21 05:00:50.569,0.99257,0.99277,1.50,1.50
2013.03.21 05:00:51.111,0.99258,0.99277,1.50,1.50
2013.03.21 05:00:52.091,0.99259,0.99277,1.50,1.50
2013.03.21 05:00:52.402,0.99257,0.99273,2.25,2.44
2013.03.21 05:00:52.711,0.99257,0.99275,2.25,1.69
2013.03.21 05:00:53.241,0.99258,0.99276,1.50,1.69
2013.03.21 05:00:53.601,0.9926,0.99276,2.25,1.32
2013.03.21 05:00:53.971,0.99264,0.99276,3.00,1.13
2013.03.21 05:00:54.576,0.9927,0.99279,3.00,2.25
2013.03.21 05:00:54.942,0.9927,0.99287,3.00,3.19
2013.03.21 05:00:55.012,0.99275,0.99288,1.50,2.07
2013.03.21 05:00:55.382,0.99278,0.99293,2.25,1.50
2013.03.21 05:00:55.456,0.9928,0.99297,1.50,3.38
2013.03.21 05:00:55.522,0.99282,0.99297,2.25,3.00
2013.03.21 05:00:55.592,0.99282,0.99298,3.00,2.63
2013.03.21 05:00:55.661,0.99279,0.99294,3.00,1.69
2013.03.21 05:00:55.912,0.99278,0.99294,1.50,1.69
2013.03.21 05:00:57.690,0.9928,0.99291,1.50,1.50
2013.03.21 05:00:57.823,0.99278,0.99291,1.50,1.69
2013.03.21 05:00:57.951,0.99275,0.99288,1.13,1.50
2013.03.21 05:00:58.491,0.99274,0.99291,1.50,3.19
2013.03.21 05:00:58.561,0.99272,0.99291,1.50,3.19
2013.03.21 05:00:59.111,0.99275,0.99289,2.25,1.50
2013.03.21 05:00:59.240,0.99275,0.99292,2.25,1.50
2013.03.21 05:00:59.541,0.99277,0.99295,1.50,2.44
2013.03.21 05:00:59.943,0.9928,0.99297,1.50,3.00
2013.03.21 05:01:00.010,0.99281,0.99297,3.00,3.00
2013.03.21 05:01:00.190,0.9928,0.99297,2.25,1.50
2013.03.21 05:01:00.731,0.99279,0.99297,2.25,3.00
2013.03.21 05:01:00.922,0.99281,0.99297,1.50,1.35
2013.03.21 05:01:01.231,0.99277,0.99294,1.50,3.57
2013.03.21 05:01:01.303,0.99277,0.99294,1.50,3.00
2013.03.21 05:01:01.372,0.99277,0.99291,1.50,2.25
2013.03.21 05:01:01.560,0.9928,0.99294,1.50,1.50
2013.03.21 05:01:01.741,0.99281,0.99296,1.50,1.13
2013.03.21 05:01:02.222,0.99281,0.99297,2.25,1.50
2013.03.21 05:01:02.423,0.99278,0.99297,2.25,1.50
2013.03.21 05:01:02.891,0.99278,0.99297,1.50,1.50
2013.03.21 05:01:03.811,0.99278,0.99296,3.00,3.00
2013.03.21 05:01:03.880,0.99278,0.99296,1.50,3.00
2013.03.21 05:01:04.132,0.99278,0.99296,3.00,3.00
2013.03.21 05:01:04.263,0.99281,0.99298,1.50,3.00
2013.03.21 05:01:04.451,0.99281,0.993,1.50,2.63
2013.03.21 05:01:04.582,0.99285,0.993,1.50,1.50
2013.03.21 05:01:04.720,0.99287,0.99305,1.50,1.88
2013.03.21 05:01:05.080,0.99288,0.99306,3.75,3.38
2013.03.21 05:01:05.381,0.99283,0.99301,2.25,3.00
2013.03.21 05:01:05.450,0.99283,0.99302,2.25,2.25
2013.03.21 05:01:05.571,0.99285,0.99302,1.50,1.50
2013.03.21 05:01:05.641,0.99285,0.99304,1.50,1.88
2013.03.21 05:01:05.702,0.99285,0.99298,1.50,1.50
2013.03.21 05:01:06.531,0.99285,0.99298,1.50,1.50
2013.03.21 05:01:07.176,0.99283,0.99298,1.50,1.50
2013.03.21 05:01:07.252,0.99282,0.99298,3.00,1.50
2013.03.21 05:01:07.770,0.99282,0.99299,2.25,1.50
2013.03.21 05:01:08.462,0.99283,0.99299,2.25,1.50
2013.03.21 05:01:08.950,0.99283,0.99299,2.25,1.50
2013.03.21 05:01:09.071,0.99285,0.99299,2.25,1.50
2013.03.21 05:01:09.142,0.99284,0.99299,1.50,1.50
2013.03.21 05:01:09.271,0.99283,0.99291,2.25,2.25
2013.03.21 05:01:09.341,0.99282,0.99291,1.50,2.25
2013.03.21 05:01:09.402,0.99282,0.99298,2.25,1.50
2013.03.21 05:01:09.472,0.99282,0.99299,2.25,2.25
2013.03.21 05:01:09.542,0.99278,0.99299,2.25,2.25
2013.03.21 05:01:09.610,0.9928,0.99299,2.25,1.13
2013.03.21 05:01:09.672,0.99284,0.99301,1.50,1.13
2013.03.21 05:01:09.800,0.99284,0.99301,1.69,1.13
2013.03.21 05:01:09.930,0.99285,0.99302,2.44,1.13
2013.03.21 05:01:10.111,0.99287,0.99305,1.69,3.75
2013.03.21 05:01:10.811,0.99287,0.99304,1.69,1.50
2013.03.21 05:01:12.184,0.99287,0.99304,1.50,1.50
2013.03.21 05:01:12.376,0.99285,0.99303,2.44,1.50
2013.03.21 05:01:12.562,0.99285,0.993,1.69,2.25
2013.03.21 05:01:13.099,0.99286,0.993,1.50,2.25
2013.03.21 05:01:13.642,0.99285,0.99305,1.50,3.00
2013.03.21 05:01:13.711,0.99284,0.99304,2.25,1.13
2013.03.21 05:01:13.771,0.99284,0.99298,2.25,1.35
2013.03.21 05:01:13.912,0.99282,0.99298,1.50,1.50
2013.03.21 05:01:13.981,0.99281,0.99299,1.69,4.13
2013.03.21 05:01:14.292,0.99283,0.99295,1.50,2.25
2013.03.21 05:01:14.361,0.99283,0.99299,1.50,1.88
2013.03.21 05:01:14.501,0.99283,0.993,1.88,2.25
2013.03.21 05:01:15.051,0.99285,0.99301,1.50,2.25
2013.03.21 05:01:16.451,0.99285,0.99299,1.50,2.25
2013.03.21 05:01:16.761,0.99289,0.99303,2.25,1.13
2013.03.21 05:01:17.345,0.99289,0.99303,2.25,1.13
2013.03.21 05:01:17.417,0.99288,0.99302,1.50,2.44
2013.03.21 05:01:17.482,0.99284,0.99302,1.50,2.44
2013.03.21 05:01:17.611,0.99284,0.99299,1.50,2.85
2013.03.21 05:01:17.680,0.99283,0.99296,1.50,1.35
2013.03.21 05:01:17.742,0.99283,0.99293,1.50,1.69
2013.03.21 05:01:17.870,0.99282,0.99293,1.50,1.69
2013.03.21 05:01:18.121,0.99276,0.99293,2.25,1.88
2013.03.21 05:01:18.192,0.99275,0.99289,1.50,2.44
2013.03.21 05:01:18.510,0.99276,0.99289,1.50,2.25
2013.03.21 05:01:18.752,0.99277,0.99291,1.50,2.25
2013.03.21 05:01:19.004,0.99277,0.99289,1.50,2.25
2013.03.21 05:01:19.130,0.99276,0.99292,1.50,2.44
2013.03.21 05:01:19.190,0.99277,0.99292,2.25,2.44
2013.03.21 05:01:19.371,0.99276,0.99292,1.50,2.25
2013.03.21 05:01:19.921,0.99278,0.99292,1.50,2.25
2013.03.21 05:01:19.981,0.99278,0.99292,1.50,2.25
2013.03.21 05:01:20.111,0.99279,0.99296,2.25,1.50
2013.03.21 05:01:20.182,0.99281,0.99298,1.50,1.50
2013.03.21 05:01:20.250,0.99281,0.99299,2.44,2.63
2013.03.21 05:01:20.672,0.9929,0.99303,1.50,1.88
2013.03.21 05:01:20.863,0.99289,0.99306,2.25,2.25
2013.03.21 05:01:20.991,0.99288,0.99306,2.25,6.00
2013.03.21 05:01:21.352,0.99281,0.99297,1.50,2.10
2013.03.21 05:01:21.423,0.99279,0.99293,2.25,1.50
2013.03.21 05:01:21.742,0.99277,0.9929,1.50,1.50
2013.03.21 05:01:21.931,0.99273,0.99288,1.50,1.50
2013.03.21 05:01:22.002,0.99276,0.99291,1.50,2.25
2013.03.21 05:01:22.192,0.99276,0.99293,1.50,1.13
2013.03.21 05:01:22.320,0.99276,0.99291,1.50,2.25
2013.03.21 05:01:22.381,0.99274,0.99291,1.50,2.25
2013.03.21 05:01:23.580,0.99276,0.99294,1.50,2.25
2013.03.21 05:01:23.881,0.99277,0.99294,3.75,2.25
2013.03.21 05:01:24.240,0.9928,0.99299,2.63,2.25
2013.03.21 05:01:24.300,0.99282,0.993,1.50,3.75
2013.03.21 05:01:24.854,0.99284,0.99301,2.25,2.63
2013.03.21 05:01:25.429,0.99284,0.993,1.50,1.50
2013.03.21 05:01:29.570,0.99282,0.99299,1.50,3.19
2013.03.21 05:01:29.630,0.99282,0.99297,1.50,2.44
2013.03.21 05:01:29.882,0.99278,0.99295,4.50,2.25
2013.03.21 05:01:30.131,0.9928,0.99298,2.25,1.50
2013.03.21 05:01:30.380,0.99278,0.99295,3.00,1.69
2013.03.21 05:01:30.620,0.99278,0.99293,1.50,1.50
2013.03.21 05:01:31.171,0.99277,0.99291,1.50,2.25
2013.03.21 05:01:31.511,0.99277,0.99294,1.50,5.44
2013.03.21 05:01:31.712,0.9928,0.99294,1.50,1.50
2013.03.21 05:01:31.783,0.99283,0.99298,1.50,2.25
2013.03.21 05:01:31.851,0.99283,0.99298,1.50,1.50
2013.03.21 05:01:32.452,0.99285,0.99299,1.50,1.50
2013.03.21 05:01:32.969,0.99284,0.99299,4.50,1.69
2013.03.21 05:01:33.301,0.99284,0.99299,3.00,1.69
2013.03.21 05:01:34.371,0.99284,0.99299,2.25,1.50
2013.03.21 05:01:35.094,0.99284,0.99299,1.50,1.50
2013.03.21 05:01:35.581,0.99282,0.99299,1.50,2.44
2013.03.21 05:01:35.650,0.99281,0.99299,1.50,4.69
2013.03.21 05:01:35.710,0.9928,0.99298,1.88,2.44
2013.03.21 05:01:35.891,0.9928,0.99294,1.13,1.69
2013.03.21 05:01:36.202,0.99276,0.99289,1.50,2.25
2013.03.21 05:01:36.692,0.99279,0.99294,2.25,2.82
2013.03.21 05:01:38.100,0.99279,0.99294,2.25,2.25
2013.03.21 05:01:38.220,0.99279,0.99293,1.50,1.50
2013.03.21 05:01:38.531,0.99278,0.99288,2.25,1.50
2013.03.21 05:01:38.601,0.99278,0.99288,1.50,1.50
2013.03.21 05:01:38.911,0.99278,0.99294,1.50,1.69
2013.03.21 05:01:38.971,0.99278,0.9929,1.50,1.69
2013.03.21 05:01:39.452,0.99277,0.99288,1.50,2.25
2013.03.21 05:01:39.711,0.99277,0.99288,1.50,2.25
2013.03.21 05:01:40.113,0.99277,0.99288,1.50,2.25
2013.03.21 05:01:40.241,0.99275,0.99293,2.25,1.69
2013.03.21 05:01:40.371,0.99274,0.99292,4.50,1.50
2013.03.21 05:01:40.445,0.99274,0.99289,1.50,1.69
2013.03.21 05:01:40.510,0.99273,0.99285,1.50,2.44
2013.03.21 05:01:40.752,0.99272,0.99288,1.50,3.75
2013.03.21 05:01:40.941,0.99274,0.99286,2.25,1.50
2013.03.21 05:01:41.195,0.99273,0.99287,2.25,1.50
2013.03.21 05:01:41.720,0.99272,0.99287,1.50,1.50
2013.03.21 05:01:42.220,0.9927,0.99286,2.25,1.50
2013.03.21 05:01:42.281,0.9927,0.99286,1.50,2.25
2013.03.21 05:01:42.590,0.9927,0.99287,1.50,1.69
2013.03.21 05:01:42.710,0.99269,0.99285,1.50,1.50
2013.03.21 05:01:43.012,0.99271,0.99286,3.00,2.25
2013.03.21 05:01:43.272,0.99271,0.99286,2.25,1.50
2013.03.21 05:01:44.231,0.99271,0.99288,3.75,1.50
2013.03.21 05:01:45.348,0.99271,0.99288,2.25,2.25
2013.03.21 05:01:45.412,0.99271,0.99285,1.50,2.25
2013.03.21 05:01:45.661,0.99268,0.99285,2.25,3.94
2013.03.21 05:01:46.152,0.99269,0.99285,1.50,2.25
2013.03.21 05:01:46.741,0.99269,0.99284,1.50,1.50
2013.03.21 05:01:47.087,0.99269,0.99284,1.50,1.50
2013.03.21 05:01:47.389,0.99269,0.99284,1.50,2.25
2013.03.21 05:01:47.629,0.99267,0.99284,1.50,2.25
2013.03.21 05:01:49.085,0.99267,0.99281,1.50,2.25
2013.03.21 05:01:49.272,0.99268,0.99285,1.50,1.50
2013.03.21 05:01:49.971,0.99268,0.99286,1.50,1.50
2013.03.21 05:01:50.101,0.99267,0.99282,3.00,1.50
2013.03.21 05:01:50.411,0.99268,0.99283,1.50,1.50
2013.03.21 05:01:50.952,0.99268,0.99283,1.50,1.50
2013.03.21 05:01:51.262,0.99274,0.99289,1.69,1.50
2013.03.21 05:01:51.332,0.99278,0.99296,1.50,2.25
2013.03.21 05:01:51.402,0.99278,0.99296,1.50,1.50
2013.03.21 05:01:51.590,0.99275,0.99295,4.50,1.50
2013.03.21 05:01:51.949,0.99277,0.99293,1.50,1.50
2013.03.21 05:01:52.770,0.99275,0.99292,3.00,1.50
2013.03.21 05:01:52.831,0.99273,0.99291,1.69,1.50
2013.03.21 05:01:52.962,0.99275,0.99289,1.50,1.50
2013.03.21 05:01:53.093,0.99271,0.99289,3.00,1.50
2013.03.21 05:01:53.162,0.99271,0.9929,2.25,2.25
2013.03.21 05:01:53.471,0.99272,0.9929,2.25,1.50
2013.03.21 05:01:53.652,0.99274,0.99292,1.50,2.25
2013.03.21 05:01:53.782,0.99274,0.99292,2.25,2.25
2013.03.21 05:01:54.686,0.99275,0.99293,1.50,2.25
2013.03.21 05:01:54.765,0.99268,0.99286,2.25,1.50
2013.03.21 05:01:54.891,0.99268,0.99287,4.50,4.50
2013.03.21 05:01:55.203,0.99269,0.99286,1.50,1.50
2013.03.21 05:01:56.101,0.99271,0.99289,2.25,2.25
2013.03.21 05:01:56.461,0.99273,0.99287,2.25,1.50
2013.03.21 05:01:56.530,0.99272,0.99287,1.50,1.50
2013.03.21 05:01:57.072,0.99268,0.99286,3.00,1.50
2013.03.21 05:01:57.612,0.99272,0.99286,1.50,1.50
2013.03.21 05:01:57.755,0.99272,0.99288,3.19,2.25
2013.03.21 05:01:57.954,0.99275,0.99291,3.00,1.50
2013.03.21 05:01:58.944,0.99275,0.99291,1.69,1.50
2013.03.21 05:01:59.022,0.99274,0.99291,1.13,3.75
2013.03.21 05:01:59.331,0.9927,0.9928,2.25,2.25
2013.03.21 05:01:59.582,0.99263,0.9928,1.88,1.50
2013.03.21 05:01:59.771,0.99263,0.9928,1.13,2.25
2013.03.21 05:01:59.841,0.99263,0.99279,1.13,1.50
2013.03.21 05:02:00.281,0.99264,0.99281,3.00,1.50
2013.03.21 05:02:00.641,0.99264,0.99279,2.63,1.50
2013.03.21 05:02:00.771,0.99263,0.99278,1.13,2.25
2013.03.21 05:02:01.070,0.99261,0.99277,1.50,2.25
2013.03.21 05:02:01.631,0.9926,0.99276,1.50,1.50
2013.03.21 05:02:02.131,0.9926,0.99275,2.25,3.00
2013.03.21 05:02:02.440,0.99264,0.99279,1.50,2.25
2013.03.21 05:02:02.560,0.99263,0.99279,2.25,1.50
2013.03.21 05:02:02.621,0.99264,0.9928,3.00,1.50
2013.03.21 05:02:03.360,0.99265,0.99281,1.50,1.88
2013.03.21 05:02:04.032,0.99263,0.99278,1.50,1.50
2013.03.21 05:02:05.133,0.99261,0.99277,1.50,1.50
2013.03.21 05:02:05.781,0.99261,0.99277,1.50,2.25
2013.03.21 05:02:05.912,0.99261,0.99277,1.50,2.25
2013.03.21 05:02:06.108,0.99259,0.99275,2.63,2.25
2013.03.21 05:02:06.180,0.99259,0.99274,1.50,1.50
2013.03.21 05:02:06.501,0.99255,0.99272,1.88,2.25
2013.03.21 05:02:06.571,0.99255,0.99271,1.88,1.50
2013.03.21 05:02:07.021,0.99251,0.9927,1.32,1.50
2013.03.21 05:02:07.152,0.99251,0.99269,1.13,2.25
2013.03.21 05:02:07.519,0.99249,0.99268,2.10,3.75
2013.03.21 05:02:08.119,0.99248,0.99265,1.50,1.50
2013.03.21 05:02:09.018,0.9925,0.99266,1.50,1.50
2013.03.21 05:02:09.351,0.99256,0.99275,2.25,2.25
2013.03.21 05:02:09.720,0.99256,0.99275,2.25,3.00
2013.03.21 05:02:10.132,0.99257,0.99275,1.69,3.00
2013.03.21 05:02:10.203,0.99262,0.99275,1.50,3.00
2013.03.21 05:02:10.530,0.99266,0.99282,3.19,1.50
2013.03.21 05:02:10.830,0.99269,0.99286,1.69,1.50
2013.03.21 05:02:10.952,0.9927,0.99286,2.63,2.25
2013.03.21 05:02:11.080,0.9927,0.99286,2.25,1.50
2013.03.21 05:02:11.262,0.99268,0.99284,3.19,1.50
2013.03.21 05:02:11.571,0.99263,0.9928,1.13,1.69
2013.03.21 05:02:11.881,0.99266,0.99281,1.50,1.50
2013.03.21 05:02:12.252,0.99267,0.99284,1.50,1.50
2013.03.21 05:02:12.381,0.99268,0.99285,1.50,1.13
2013.03.21 05:02:12.631,0.99269,0.99287,3.00,2.25
2013.03.21 05:02:12.810,0.99269,0.99287,2.25,1.50
2013.03.21 05:02:12.990,0.99269,0.99288,2.25,2.25
2013.03.21 05:02:13.170,0.99268,0.99286,2.25,2.25
2013.03.21 05:02:13.472,0.99266,0.99283,3.00,2.25
2013.03.21 05:02:14.020,0.99267,0.99284,1.50,1.50
2013.03.21 05:02:14.387,0.99266,0.99283,3.00,1.50
2013.03.21 05:02:14.511,0.99265,0.99281,2.25,1.69
2013.03.21 05:02:14.631,0.99263,0.9928,2.25,2.25
2013.03.21 05:02:14.761,0.99262,0.99279,2.63,1.50
2013.03.21 05:02:15.322,0.99262,0.99279,2.48,2.44
2013.03.21 05:02:15.392,0.99265,0.99279,2.25,1.50
2013.03.21 05:02:15.462,0.99267,0.99282,1.50,1.13
2013.03.21 05:02:15.530,0.99267,0.99282,1.50,2.63
2013.03.21 05:02:15.591,0.99263,0.99279,3.00,1.50
2013.03.21 05:02:15.712,0.99264,0.9928,2.25,2.25
2013.03.21 05:02:15.900,0.99263,0.9928,1.50,1.50
2013.03.21 05:02:16.020,0.99263,0.99281,1.50,1.88
2013.03.21 05:02:16.081,0.99264,0.99281,1.50,2.07
2013.03.21 05:02:16.151,0.99264,0.99281,3.00,1.32
2013.03.21 05:02:16.211,0.99264,0.9928,3.00,1.50
2013.03.21 05:02:17.331,0.99264,0.9928,1.50,1.50
2013.03.21 05:02:18.458,0.99264,0.99281,2.25,2.25
2013.03.21 05:02:20.710,0.99265,0.99281,2.25,1.50
2013.03.21 05:02:21.070,0.9927,0.99286,1.50,1.88
2013.03.21 05:02:21.137,0.99268,0.99285,2.44,1.50
2013.03.21 05:02:21.262,0.99268,0.99281,1.50,1.13
2013.03.21 05:02:21.393,0.99262,0.99279,2.25,1.50
2013.03.21 05:02:21.461,0.99262,0.99279,1.50,5.25
2013.03.21 05:02:21.530,0.9926,0.99279,1.50,5.25
2013.03.21 05:02:22.031,0.99262,0.99279,1.50,2.25
2013.03.21 05:02:22.460,0.99262,0.99278,2.25,1.50
2013.03.21 05:02:22.902,0.99262,0.99278,3.94,1.50
2013.03.21 05:02:22.969,0.99264,0.9928,2.44,1.13
2013.03.21 05:02:23.211,0.99264,0.9928,2.44,1.13
2013.03.21 05:02:23.570,0.99262,0.9928,3.75,1.88
2013.03.21 05:02:23.810,0.99261,0.99277,1.13,2.25
2013.03.21 05:02:24.110,0.99259,0.99277,2.25,3.00
2013.03.21 05:02:24.410,0.99259,0.99276,3.00,2.25
2013.03.21 05:02:24.720,0.99265,0.99278,2.25,1.50
2013.03.21 05:02:24.847,0.99266,0.99283,1.50,1.50
2013.03.21 05:02:25.370,0.99266,0.99283,3.00,1.50
2013.03.21 05:02:25.431,0.99266,0.99281,3.00,2.25
2013.03.21 05:02:25.502,0.99266,0.99281,1.50,2.25
2013.03.21 05:02:25.811,0.99263,0.99281,2.25,2.25
2013.03.21 05:02:26.301,0.99265,0.99283,2.44,1.50
2013.03.21 05:02:26.361,0.99267,0.99283,3.19,1.50
2013.03.21 05:02:26.620,0.99266,0.99283,1.50,3.75
2013.03.21 05:02:26.863,0.99268,0.99283,1.50,1.50
2013.03.21 05:02:26.930,0.99265,0.99283,1.50,1.50
2013.03.21 05:02:26.991,0.99264,0.99281,3.00,2.25
2013.03.21 05:02:27.311,0.99264,0.99281,1.50,3.75
2013.03.21 05:02:27.869,0.99263,0.99281,2.44,3.00
2013.03.21 05:02:28.051,0.99263,0.99281,3.75,2.25
2013.03.21 05:02:28.360,0.99263,0.9928,1.50,1.50
2013.03.21 05:02:28.540,0.99263,0.9928,2.25,1.50
2013.03.21 05:02:30.159,0.99264,0.9928,1.50,1.50
2013.03.21 05:02:33.021,0.99264,0.99281,2.25,2.25
2013.03.21 05:02:33.331,0.99269,0.99284,3.19,3.00
2013.03.21 05:02:33.690,0.99277,0.99289,1.50,1.50
2013.03.21 05:02:33.940,0.99277,0.99294,1.69,2.25
2013.03.21 05:02:34.060,0.9928,0.99295,1.69,2.25
2013.03.21 05:02:34.370,0.99285,0.993,1.50,1.50
2013.03.21 05:02:34.794,0.99287,0.99299,1.69,1.50
2013.03.21 05:02:35.124,0.99285,0.99299,1.50,2.25
2013.03.21 05:02:35.760,0.99283,0.99297,1.69,3.00
2013.03.21 05:02:35.882,0.99283,0.99299,1.69,1.50
2013.03.21 05:02:35.951,0.99282,0.99294,1.69,2.25
2013.03.21 05:02:36.012,0.9928,0.99294,3.75,1.50
2013.03.21 05:02:36.270,0.9928,0.99297,3.00,3.00
2013.03.21 05:02:36.453,0.99281,0.99297,1.50,2.25
2013.03.21 05:02:36.761,0.99282,0.99294,1.50,2.25
2013.03.21 05:02:37.831,0.9928,0.99294,1.50,2.25
2013.03.21 05:02:38.341,0.9928,0.99294,1.50,3.00
2013.03.21 05:02:38.671,0.99279,0.99294,1.50,3.00
2013.03.21 05:02:38.790,0.99277,0.99292,1.50,2.25
2013.03.21 05:02:39.093,0.99275,0.99287,1.50,1.50
2013.03.21 05:02:39.340,0.99274,0.99287,2.25,1.50
2013.03.21 05:02:40.951,0.99277,0.99291,1.50,2.25
2013.03.21 05:02:41.201,0.99276,0.99291,1.50,2.25
2013.03.21 05:02:41.271,0.99277,0.99294,1.50,1.13
2013.03.21 05:02:42.240,0.99276,0.99294,3.38,1.13
2013.03.21 05:02:43.130,0.99278,0.99294,3.00,1.13
2013.03.21 05:02:43.571,0.9928,0.99294,2.25,1.88
2013.03.21 05:02:43.880,0.99282,0.99298,3.00,2.25
2013.03.21 05:02:44.159,0.99282,0.99298,3.75,2.25
2013.03.21 05:02:45.822,0.99282,0.99298,1.50,3.00
2013.03.21 05:02:45.961,0.9928,0.99297,1.50,1.50
2013.03.21 05:02:46.091,0.99279,0.99295,2.25,1.50
2013.03.21 05:02:46.160,0.99279,0.99295,2.25,2.25
2013.03.21 05:02:46.233,0.99277,0.99294,3.00,1.50
2013.03.21 05:02:46.302,0.99277,0.99294,2.25,2.25
2013.03.21 05:02:46.433,0.99275,0.99291,1.32,1.50
2013.03.21 05:02:46.692,0.99273,0.99287,1.50,1.50
2013.03.21 05:02:46.761,0.99273,0.99287,1.50,3.00
2013.03.21 05:02:46.881,0.99269,0.99287,1.69,3.75
2013.03.21 05:02:47.472,0.99268,0.99284,1.50,3.00
2013.03.21 05:02:48.051,0.99269,0.99284,1.50,2.25
2013.03.21 05:02:48.493,0.9927,0.99288,3.75,3.00
2013.03.21 05:02:48.680,0.9927,0.9929,5.25,2.25
2013.03.21 05:02:48.801,0.99273,0.99292,2.25,2.63
2013.03.21 05:02:48.992,0.99276,0.99292,1.50,1.13
2013.03.21 05:02:49.122,0.99277,0.99295,1.50,2.63
2013.03.21 05:02:49.192,0.99279,0.99295,3.00,1.88
2013.03.21 05:02:51.500,0.99281,0.99296,1.50,1.13
2013.03.21 05:02:51.884,0.99283,0.99297,1.50,1.50
2013.03.21 05:02:52.631,0.99282,0.99297,2.25,1.50
2013.03.21 05:02:53.153,0.99282,0.99297,3.00,1.50
2013.03.21 05:02:53.223,0.99283,0.99301,1.50,1.50
2013.03.21 05:02:53.841,0.99285,0.99301,1.50,1.50
2013.03.21 05:02:54.191,0.99285,0.99301,1.50,1.50
2013.03.21 05:02:54.262,0.99284,0.99297,1.50,1.50
2013.03.21 05:02:54.811,0.99282,0.99297,1.50,1.50
2013.03.21 05:02:55.113,0.99284,0.99302,2.25,1.50
2013.03.21 05:02:55.183,0.99284,0.99302,2.25,1.50
2013.03.21 05:02:56.269,0.99285,0.99303,2.25,1.50
2013.03.21 05:02:56.641,0.99286,0.99304,1.50,1.50
2013.03.21 05:02:56.960,0.9929,0.99308,1.50,1.13
2013.03.21 05:02:57.500,0.99289,0.99303,1.50,1.50
2013.03.21 05:02:57.877,0.99287,0.99302,1.50,1.50
2013.03.21 05:02:58.212,0.99283,0.993,1.13,4.50
2013.03.21 05:02:58.281,0.99282,0.99297,1.50,1.50
2013.03.21 05:02:58.592,0.9928,0.99297,1.50,3.00
2013.03.21 05:02:59.020,0.99278,0.99297,1.69,3.75
2013.03.21 05:03:00.678,0.99278,0.99297,3.00,3.75
2013.03.21 05:03:01.736,0.99278,0.99294,1.50,2.25
2013.03.21 05:03:02.271,0.99276,0.99293,2.25,2.25
2013.03.21 05:03:02.639,0.99276,0.99292,2.44,1.50
2013.03.21 05:03:04.279,0.99276,0.99294,2.44,3.75
2013.03.21 05:03:05.451,0.99276,0.99293,1.50,1.50
2013.03.21 05:03:05.641,0.99274,0.99289,1.50,1.50
2013.03.21 05:03:05.883,0.99273,0.99286,1.13,1.50
2013.03.21 05:03:05.951,0.99273,0.99286,1.13,3.75
2013.03.21 05:03:06.380,0.99271,0.99288,1.50,1.50
2013.03.21 05:03:06.934,0.99269,0.99286,1.50,1.50
2013.03.21 05:03:07.472,0.99271,0.99288,1.50,3.75
2013.03.21 05:03:07.660,0.99273,0.99289,2.25,1.50
2013.03.21 05:03:08.421,0.99276,0.99289,1.50,1.50
2013.03.21 05:03:08.491,0.99277,0.99293,1.50,1.88
2013.03.21 05:03:08.740,0.99278,0.99293,3.00,1.50
2013.03.21 05:03:09.059,0.99278,0.99293,1.50,1.50
2013.03.21 05:03:12.527,0.99277,0.99293,1.50,2.25
2013.03.21 05:03:14.371,0.99275,0.99291,2.25,1.50
2013.03.21 05:03:14.730,0.99271,0.99286,1.50,1.50
2013.03.21 05:03:15.152,0.99268,0.99286,2.44,2.25
2013.03.21 05:03:15.786,0.99269,0.99286,2.25,1.50
2013.03.21 05:03:17.025,0.9927,0.99285,1.50,1.50
2013.03.21 05:03:17.971,0.9927,0.99288,2.07,2.25
2013.03.21 05:03:18.244,0.9927,0.99288,4.32,2.25
2013.03.21 05:03:18.312,0.99273,0.9929,1.50,1.50
2013.03.21 05:03:18.872,0.99274,0.99291,2.25,3.00
2013.03.21 05:03:21.849,0.99274,0.99292,2.25,1.50
2013.03.21 05:03:22.520,0.99274,0.99291,2.25,1.50
2013.03.21 05:03:23.079,0.99274,0.99292,2.25,1.50
2013.03.21 05:03:24.135,0.99275,0.99292,1.50,1.50
2013.03.21 05:03:24.496,0.99276,0.9929,2.25,2.25
2013.03.21 05:03:25.132,0.99276,0.9929,1.50,1.50
2013.03.21 05:03:25.201,0.99276,0.99293,1.88,3.00
2013.03.21 05:03:25.760,0.99277,0.99293,1.50,3.75
2013.03.21 05:03:26.320,0.99277,0.9929,1.50,1.50
2013.03.21 05:03:26.856,0.99277,0.9929,2.25,1.50
2013.03.21 05:03:30.550,0.99277,0.9929,2.25,1.50
2013.03.21 05:03:30.800,0.99278,0.99293,1.50,1.50
2013.03.21 05:03:32.931,0.99279,0.99293,1.50,1.50
2013.03.21 05:03:33.002,0.9928,0.99297,1.50,2.25
2013.03.21 05:03:34.761,0.99281,0.99298,1.50,3.00
2013.03.21 05:03:35.255,0.99281,0.99298,3.00,2.25
2013.03.21 05:03:35.562,0.99285,0.99302,3.19,1.13
2013.03.21 05:03:35.691,0.99285,0.99303,2.44,1.50
2013.03.21 05:03:36.140,0.99283,0.99301,2.44,1.50
2013.03.21 05:03:36.711,0.99284,0.99302,1.69,1.50
2013.03.21 05:03:39.873,0.99283,0.99301,1.69,2.25
2013.03.21 05:03:40.001,0.99282,0.993,2.44,2.25
2013.03.21 05:03:40.253,0.99281,0.99298,1.13,2.25
2013.03.21 05:03:40.320,0.99281,0.99298,1.32,3.00
2013.03.21 05:03:40.381,0.99281,0.99298,1.32,3.00
2013.03.21 05:03:40.961,0.99281,0.99296,1.13,1.50
2013.03.21 05:03:41.980,0.99277,0.99293,1.88,1.50
2013.03.21 05:03:43.911,0.99277,0.99293,1.50,1.50
2013.03.21 05:03:45.651,0.99276,0.99293,2.25,2.25
2013.03.21 05:03:45.711,0.99276,0.9929,2.25,1.50
2013.03.21 05:03:46.040,0.99276,0.9929,2.25,1.50
2013.03.21 05:03:46.645,0.99278,0.9929,1.50,1.50
2013.03.21 05:03:50.402,0.99276,0.9929,1.50,1.50
2013.03.21 05:03:50.470,0.99278,0.99295,1.50,1.50
2013.03.21 05:03:51.020,0.99278,0.99296,1.50,1.50
2013.03.21 05:03:52.820,0.99278,0.99296,1.50,1.50
2013.03.21 05:03:53.141,0.99281,0.99298,1.50,2.25
2013.03.21 05:03:53.706,0.99282,0.993,1.50,1.50
2013.03.21 05:03:53.890,0.99281,0.99298,2.44,1.50
2013.03.21 05:03:55.240,0.99282,0.993,2.44,2.25
2013.03.21 05:03:55.793,0.99284,0.993,1.50,1.50
2013.03.21 05:03:56.154,0.99284,0.993,2.25,1.50
2013.03.21 05:03:56.220,0.99285,0.99303,2.44,3.00
2013.03.21 05:03:58.200,0.99285,0.99303,1.69,2.25
2013.03.21 05:03:58.321,0.99284,0.99302,1.69,3.75
2013.03.21 05:03:58.633,0.99281,0.99298,2.44,1.50
2013.03.21 05:03:58.759,0.9928,0.99297,3.57,1.50
2013.03.21 05:03:58.879,0.9928,0.99297,2.82,1.50
2013.03.21 05:03:59.643,0.9928,0.99298,2.82,3.00
2013.03.21 05:03:59.950,0.99283,0.99298,1.69,1.50
2013.03.21 05:04:00.010,0.99283,0.993,2.44,1.50
2013.03.21 05:04:01.154,0.99284,0.993,2.44,1.50
2013.03.21 05:04:01.226,0.99284,0.99301,2.44,2.25
2013.03.21 05:04:01.472,0.99287,0.99304,1.50,1.50
2013.03.21 05:04:01.603,0.99287,0.99305,2.44,3.00
2013.03.21 05:04:01.800,0.99287,0.993,1.69,1.50
2013.03.21 05:04:02.410,0.99287,0.993,1.50,1.50
2013.03.21 05:04:06.420,0.99288,0.993,1.50,1.50
2013.03.21 05:04:06.481,0.9929,0.99307,2.25,4.13
2013.03.21 05:04:06.540,0.9929,0.99307,3.00,1.88
2013.03.21 05:04:07.082,0.9929,0.99306,1.50,1.50
2013.03.21 05:04:07.140,0.9929,0.99306,1.50,1.50
2013.03.21 05:04:08.513,0.9929,0.99306,3.00,1.50
2013.03.21 05:04:08.583,0.99292,0.99309,1.50,3.75
2013.03.21 05:04:08.654,0.99292,0.99309,1.50,4.50
2013.03.21 05:04:08.962,0.99287,0.99305,3.19,2.25
2013.03.21 05:04:09.272,0.99293,0.99305,2.63,1.13
2013.03.21 05:04:09.699,0.9929,0.99304,1.13,1.50
2013.03.21 05:04:10.001,0.99291,0.99306,1.69,2.25
2013.03.21 05:04:10.120,0.99294,0.99311,1.69,1.50
2013.03.21 05:04:10.251,0.99294,0.99312,2.44,3.00
2013.03.21 05:04:10.431,0.99293,0.99311,1.69,1.50
2013.03.21 05:04:10.741,0.99291,0.99309,3.00,1.50
2013.03.21 05:04:11.250,0.99291,0.99307,1.50,2.25
2013.03.21 05:04:11.711,0.9929,0.99305,2.82,1.50
2013.03.21 05:04:12.010,0.99287,0.99305,4.32,1.50
2013.03.21 05:04:13.040,0.9929,0.99305,1.50,1.50
2013.03.21 05:04:13.160,0.9929,0.99298,1.69,1.50
2013.03.21 05:04:13.909,0.99287,0.99298,1.13,1.50
2013.03.21 05:04:13.989,0.99281,0.99295,1.13,2.25
2013.03.21 05:04:14.060,0.9928,0.99293,1.50,2.25
2013.03.21 05:04:14.120,0.99279,0.99293,1.50,2.25
2013.03.21 05:04:14.302,0.99277,0.99289,1.50,1.50
2013.03.21 05:04:14.492,0.99276,0.9929,1.88,1.50
2013.03.21 05:04:14.561,0.99276,0.9929,2.63,1.50
2013.03.21 05:04:14.680,0.99279,0.99296,1.50,3.38
2013.03.21 05:04:14.801,0.99277,0.99295,1.50,3.75
2013.03.21 05:04:14.931,0.99278,0.99295,1.50,3.75
2013.03.21 05:04:16.380,0.99277,0.99294,1.50,2.25
2013.03.21 05:04:18.721,0.99275,0.99293,2.44,2.25
2013.03.21 05:04:19.030,0.99273,0.99288,1.50,1.50
2013.03.21 05:04:19.331,0.99278,0.99295,2.44,2.25
2013.03.21 05:04:19.452,0.9928,0.99296,1.69,1.50
2013.03.21 05:04:19.583,0.9928,0.99297,1.69,2.25
2013.03.21 05:04:20.041,0.99281,0.99299,3.19,1.50
2013.03.21 05:04:20.282,0.99283,0.99302,3.94,2.63
2013.03.21 05:04:20.720,0.99285,0.99302,1.50,4.13
2013.03.21 05:04:21.191,0.9928,0.99298,1.69,3.38
2013.03.21 05:04:24.157,0.9928,0.99297,2.25,1.50
2013.03.21 05:04:25.036,0.9928,0.99298,2.44,3.38
2013.03.21 05:04:25.963,0.9928,0.99297,2.44,1.50
2013.03.21 05:04:26.271,0.99282,0.99297,1.50,1.50
2013.03.21 05:04:27.112,0.99283,0.99297,1.50,1.50
2013.03.21 05:04:27.241,0.99287,0.99302,1.50,2.25
2013.03.21 05:04:27.849,0.99287,0.99302,1.69,1.50
2013.03.21 05:04:27.927,0.99289,0.99305,3.00,1.13
2013.03.21 05:04:28.452,0.99289,0.99304,3.00,1.50
2013.03.21 05:04:29.222,0.99289,0.99304,3.00,2.25
2013.03.21 05:04:29.351,0.99287,0.99297,3.00,1.50
2013.03.21 05:04:29.471,0.99286,0.99297,1.50,1.50
2013.03.21 05:04:29.541,0.99286,0.99303,1.69,2.25
2013.03.21 05:04:30.108,0.99285,0.99302,2.07,1.50
2013.03.21 05:04:31.641,0.99286,0.99303,1.69,3.75
2013.03.21 05:04:34.081,0.99287,0.99303,1.50,3.00
2013.03.21 05:04:34.818,0.99288,0.99303,1.50,2.25
2013.03.21 05:04:40.052,0.99288,0.99306,2.25,2.63
2013.03.21 05:04:40.741,0.9929,0.99306,1.50,2.25
2013.03.21 05:04:40.982,0.99292,0.99306,1.50,2.25
2013.03.21 05:04:41.052,0.99292,0.99308,2.25,2.25
2013.03.21 05:04:41.184,0.99292,0.99308,3.75,2.25
2013.03.21 05:04:43.101,0.99294,0.99307,1.50,1.50
2013.03.21 05:04:45.101,0.99294,0.99307,2.25,1.50
2013.03.21 05:04:45.173,0.99296,0.99312,1.50,3.00
2013.03.21 05:04:45.835,0.99296,0.99312,1.50,3.00
2013.03.21 05:04:46.341,0.99297,0.99312,1.50,2.25
2013.03.21 05:04:50.264,0.99297,0.9931,1.50,2.25
2013.03.21 05:04:50.514,0.99297,0.99312,2.25,2.25
2013.03.21 05:04:52.057,0.99297,0.99312,1.50,2.25
2013.03.21 05:04:52.759,0.99298,0.99314,1.50,1.50
2013.03.21 05:04:59.111,0.99298,0.99314,1.50,3.00
2013.03.21 05:05:01.657,0.99296,0.99314,2.44,3.00
2013.03.21 05:05:01.721,0.99296,0.9931,2.44,2.25
2013.03.21 05:05:01.780,0.99296,0.9931,1.69,2.25
2013.03.21 05:05:02.329,0.99293,0.99309,1.50,3.00
2013.03.21 05:05:02.752,0.99297,0.99309,3.75,1.50
2013.03.21 05:05:03.061,0.99306,0.9932,1.50,1.13
2013.03.21 05:05:03.132,0.99304,0.9932,1.50,1.13
2013.03.21 05:05:03.661,0.99303,0.99319,2.25,1.50
2013.03.21 05:05:04.819,0.99303,0.99318,1.50,1.88
2013.03.21 05:05:05.381,0.99303,0.99318,2.25,1.50
2013.03.21 05:05:05.502,0.99304,0.99322,2.25,1.88
2013.03.21 05:05:05.691,0.99305,0.99322,1.69,1.13
2013.03.21 05:05:06.003,0.99308,0.99324,1.69,2.25
2013.03.21 05:05:06.462,0.99308,0.99326,3.19,1.50
2013.03.21 05:05:06.963,0.99309,0.99327,1.69,1.88
2013.03.21 05:05:08.231,0.99309,0.99327,1.50,3.00
2013.03.21 05:05:11.190,0.9931,0.99327,2.25,2.25
2013.03.21 05:05:11.251,0.99313,0.99327,1.50,1.50
2013.03.21 05:05:11.323,0.99313,0.99329,1.50,1.50
2013.03.21 05:05:11.391,0.9931,0.99328,3.94,1.50
2013.03.21 05:05:11.459,0.9931,0.99326,2.25,1.50
2013.03.21 05:05:12.325,0.9931,0.99323,1.50,1.50
2013.03.21 05:05:12.406,0.99308,0.99324,1.50,1.13
2013.03.21 05:05:13.070,0.99307,0.99327,2.44,1.50
2013.03.21 05:05:13.480,0.99309,0.99326,2.25,1.50
2013.03.21 05:05:14.590,0.99309,0.99327,3.00,3.00
2013.03.21 05:05:15.141,0.99308,0.99324,3.00,1.50
2013.03.21 05:05:15.654,0.99308,0.99326,3.00,2.25
2013.03.21 05:05:16.441,0.99308,0.99326,3.19,1.50
2013.03.21 05:05:16.562,0.99309,0.99328,3.00,3.00
2013.03.21 05:05:16.632,0.99309,0.99322,1.50,2.25
2013.03.21 05:05:16.893,0.99307,0.99323,1.69,3.00
2013.03.21 05:05:17.450,0.99305,0.99323,2.07,2.25
2013.03.21 05:05:17.993,0.99307,0.99324,2.44,3.00
2013.03.21 05:05:18.690,0.99307,0.99324,2.25,3.00
2013.03.21 05:05:20.081,0.99309,0.99325,1.69,1.50
2013.03.21 05:05:20.801,0.99307,0.99325,2.44,1.50
2013.03.21 05:05:21.110,0.99307,0.99323,1.50,1.50
2013.03.21 05:05:21.291,0.99307,0.99324,1.50,2.25
2013.03.21 05:05:22.931,0.99306,0.99324,1.50,3.75
2013.03.21 05:05:24.250,0.99305,0.99324,3.94,3.75
2013.03.21 05:05:24.371,0.99305,0.99321,2.25,1.50
2013.03.21 05:05:25.034,0.99305,0.99321,2.25,2.25
2013.03.21 05:05:26.658,0.99305,0.99321,2.25,2.25
2013.03.21 05:05:27.301,0.99306,0.99322,1.50,2.25
2013.03.21 05:05:30.733,0.99306,0.99323,1.69,1.50
2013.03.21 05:05:30.862,0.99309,0.99325,1.50,3.00
2013.03.21 05:05:31.873,0.99311,0.99324,1.50,1.50
2013.03.21 05:05:32.070,0.99311,0.99327,2.25,3.00
2013.03.21 05:05:32.757,0.99312,0.99326,1.50,2.25
2013.03.21 05:05:32.931,0.99312,0.99327,1.50,1.50
2013.03.21 05:05:33.670,0.99312,0.99328,2.25,2.25
2013.03.21 05:05:33.922,0.99315,0.9933,3.94,2.25
2013.03.21 05:05:34.350,0.99315,0.99334,1.69,2.25
2013.03.21 05:05:34.411,0.99315,0.99333,1.69,3.00
2013.03.21 05:05:34.951,0.99315,0.99333,1.50,2.25
2013.03.21 05:05:36.831,0.99315,0.99332,2.25,2.25
2013.03.21 05:05:37.341,0.99315,0.99331,2.25,1.13
2013.03.21 05:05:38.105,0.99315,0.99331,1.50,1.13
2013.03.21 05:05:38.412,0.99318,0.99333,1.13,1.88
2013.03.21 05:05:38.723,0.99325,0.99341,1.69,1.88
2013.03.21 05:05:38.791,0.99327,0.99341,1.13,1.13
2013.03.21 05:05:38.852,0.99327,0.99344,1.88,2.25
2013.03.21 05:05:38.921,0.9933,0.99346,1.50,1.50
2013.03.21 05:05:39.112,0.99329,0.99344,1.50,2.25
2013.03.21 05:05:39.183,0.99328,0.99343,1.50,1.50
2013.03.21 05:05:39.432,0.99325,0.9934,1.50,2.25
2013.03.21 05:05:39.681,0.99323,0.9934,1.50,3.00
2013.03.21 05:05:39.921,0.99323,0.99339,1.50,2.25
2013.03.21 05:05:40.473,0.99323,0.9934,1.50,3.75
2013.03.21 05:05:40.781,0.99321,0.99334,1.50,1.50
2013.03.21 05:05:41.260,0.9932,0.99334,1.13,1.50
2013.03.21 05:05:41.451,0.99315,0.99333,6.38,2.25
2013.03.21 05:05:41.593,0.99315,0.99329,3.00,1.50
2013.03.21 05:05:41.780,0.9931,0.99327,2.25,1.50
2013.03.21 05:05:41.840,0.9931,0.99327,1.50,3.75
2013.03.21 05:05:42.152,0.99307,0.9932,3.00,1.50
2013.03.21 05:05:42.281,0.99307,0.99324,2.25,5.25
2013.03.21 05:05:42.401,0.99306,0.99319,1.50,1.50
2013.03.21 05:05:44.312,0.99306,0.99319,1.50,2.25
2013.03.21 05:05:49.132,0.99306,0.9932,1.50,2.25
2013.03.21 05:05:50.373,0.99306,0.9932,2.25,2.25
2013.03.21 05:05:51.371,0.99306,0.9932,1.50,2.25
2013.03.21 05:05:52.101,0.99306,0.99319,1.50,1.50
2013.03.21 05:05:52.724,0.99306,0.99319,1.50,1.50
2013.03.21 05:05:53.398,0.99306,0.99319,1.50,1.50
2013.03.21 05:05:58.800,0.99306,0.99319,2.25,1.50
2013.03.21 05:05:58.981,0.9931,0.99324,1.50,1.50
2013.03.21 05:05:59.053,0.99309,0.99322,1.50,2.25
2013.03.21 05:05:59.127,0.99307,0.99322,3.00,2.25
2013.03.21 05:05:59.430,0.99309,0.99324,1.50,1.50
2013.03.21 05:06:00.242,0.99309,0.99325,1.50,1.50
2013.03.21 05:06:01.049,0.99309,0.99324,1.50,2.25
2013.03.21 05:06:02.463,0.99311,0.99324,1.50,2.25
2013.03.21 05:06:02.530,0.99313,0.99328,3.00,1.50
2013.03.21 05:06:02.831,0.99311,0.99329,1.50,3.00
2013.03.21 05:06:03.391,0.99309,0.99329,4.50,2.25
2013.03.21 05:06:04.340,0.99311,0.99331,2.25,2.25
2013.03.21 05:06:05.053,0.99312,0.99332,1.50,2.25
2013.03.21 05:06:06.153,0.9931,0.99331,7.13,2.25
2013.03.21 05:06:07.891,0.99313,0.99332,2.44,2.25
2013.03.21 05:06:10.206,0.99311,0.99328,2.44,1.50
2013.03.21 05:06:10.726,0.9931,0.99327,1.50,3.75
2013.03.21 05:06:11.620,0.9931,0.99327,3.00,1.50
2013.03.21 05:06:11.921,0.99312,0.99328,2.25,1.50
2013.03.21 05:06:13.744,0.99313,0.99329,1.50,2.25
2013.03.21 05:06:13.811,0.99313,0.99332,1.50,3.75
2013.03.21 05:06:13.932,0.99315,0.99332,3.00,2.25
2013.03.21 05:06:14.060,0.99316,0.99333,2.25,1.50
2013.03.21 05:06:16.530,0.99315,0.99333,3.19,2.25
2013.03.21 05:06:16.790,0.99316,0.99335,2.44,1.50
2013.03.21 05:06:17.029,0.99315,0.99334,1.50,1.50
2013.03.21 05:06:17.359,0.99314,0.99334,3.00,2.25
2013.03.21 05:06:17.900,0.99315,0.99334,1.88,2.25
2013.03.21 05:06:18.081,0.99318,0.99336,1.50,1.88
2013.03.21 05:06:18.571,0.9932,0.99338,1.69,1.50
2013.03.21 05:06:18.809,0.99322,0.9934,3.94,4.50
2013.03.21 05:06:19.541,0.99322,0.9934,3.94,4.50
2013.03.21 05:06:21.441,0.99322,0.9934,1.69,3.00
2013.03.21 05:06:21.623,0.99322,0.99339,1.50,3.00
2013.03.21 05:06:21.931,0.99319,0.99334,4.13,2.10
2013.03.21 05:06:22.051,0.99315,0.99331,2.25,1.50
2013.03.21 05:06:22.230,0.99315,0.99333,3.00,1.50
2013.03.21 05:06:22.760,0.99317,0.99334,2.25,2.85
2013.03.21 05:06:23.333,0.99316,0.99333,1.50,1.50
2013.03.21 05:06:24.371,0.99316,0.99332,2.63,3.00
2013.03.21 05:06:24.874,0.99316,0.99332,1.88,3.00
2013.03.21 05:06:25.222,0.99313,0.99329,1.50,1.50
2013.03.21 05:06:25.291,0.99311,0.99329,2.44,3.75
2013.03.21 05:06:25.362,0.9931,0.99326,1.50,2.25
2013.03.21 05:06:25.750,0.9931,0.99325,3.00,1.50
2013.03.21 05:06:25.990,0.9931,0.99328,1.50,3.75
2013.03.21 05:06:26.112,0.9931,0.99328,2.25,2.25
2013.03.21 05:06:26.241,0.9931,0.99329,4.50,1.50
2013.03.21 05:06:27.821,0.99313,0.9933,2.25,2.25
2013.03.21 05:06:31.600,0.99315,0.9933,1.69,1.50
2013.03.21 05:06:31.851,0.99316,0.99334,3.00,2.25
2013.03.21 05:06:31.910,0.99318,0.99336,2.82,1.50
2013.03.21 05:06:32.118,0.99318,0.99335,1.13,3.00
2013.03.21 05:06:33.481,0.99317,0.99335,2.44,1.50
2013.03.21 05:06:33.540,0.99317,0.99336,2.44,1.50
2013.03.21 05:06:33.982,0.99317,0.99338,3.75,1.50
2013.03.21 05:06:34.051,0.99318,0.99338,1.50,1.50
2013.03.21 05:06:34.352,0.9932,0.99339,2.82,3.00
2013.03.21 05:06:36.770,0.9932,0.99339,2.82,3.75
2013.03.21 05:06:37.290,0.9932,0.99338,2.07,1.50
2013.03.21 05:06:37.651,0.99319,0.99336,3.00,2.25
2013.03.21 05:06:37.952,0.99316,0.99332,1.69,1.50
2013.03.21 05:06:40.360,0.99316,0.99333,1.69,2.25
2013.03.21 05:06:41.787,0.99319,0.99334,1.50,2.25
2013.03.21 05:06:42.469,0.99319,0.99334,1.50,1.50
2013.03.21 05:06:46.241,0.99319,0.99337,3.00,2.25
2013.03.21 05:06:49.492,0.99319,0.9934,3.75,3.75
2013.03.21 05:06:50.041,0.9932,0.9934,1.88,1.50
2013.03.21 05:06:50.581,0.9932,0.9934,1.88,1.50
2013.03.21 05:06:55.611,0.99322,0.99339,1.69,3.00
2013.03.21 05:06:56.167,0.99321,0.99337,2.44,1.50
2013.03.21 05:07:07.731,0.99322,0.9934,3.00,2.25
2013.03.21 05:07:08.369,0.99323,0.9934,1.69,1.50
2013.03.21 05:07:08.880,0.99323,0.99339,1.50,1.50
2013.03.21 05:07:09.544,0.99321,0.99339,2.44,2.25
2013.03.21 05:07:10.452,0.99321,0.99339,2.44,3.00
2013.03.21 05:07:12.620,0.99323,0.99339,1.50,1.50
2013.03.21 05:07:13.240,0.99323,0.99341,3.00,1.50
2013.03.21 05:07:13.421,0.99325,0.99343,1.69,4.13
2013.03.21 05:07:16.260,0.99325,0.99344,2.82,3.75
2013.03.21 05:07:20.559,0.99327,0.99345,2.25,2.25
2013.03.21 05:07:23.630,0.9933,0.99347,1.69,1.50
2013.03.21 05:07:23.810,0.99332,0.99348,1.50,2.63
2013.03.21 05:07:24.812,0.99332,0.99348,2.25,2.25
2013.03.21 05:07:25.542,0.99333,0.99347,1.50,1.50
2013.03.21 05:07:25.670,0.99332,0.99345,1.50,1.50
2013.03.21 05:07:26.357,0.99328,0.99345,2.82,1.50
2013.03.21 05:07:27.500,0.99328,0.99345,2.07,2.25
2013.03.21 05:07:28.100,0.99327,0.99343,1.50,1.50
2013.03.21 05:07:28.340,0.99325,0.99343,3.19,1.50
2013.03.21 05:07:28.803,0.99322,0.99338,1.88,1.50
2013.03.21 05:07:29.850,0.99322,0.99338,1.13,1.50
2013.03.21 05:07:30.091,0.9932,0.99337,1.50,2.25
2013.03.21 05:07:30.651,0.9932,0.99337,1.50,2.25
2013.03.21 05:07:31.252,0.9932,0.99335,1.50,1.50
2013.03.21 05:07:31.560,0.99319,0.99332,1.50,1.50
2013.03.21 05:07:32.041,0.99317,0.99332,1.50,1.50
2013.03.21 05:07:32.562,0.99318,0.99332,3.00,1.50
2013.03.21 05:07:33.301,0.99316,0.99332,1.50,1.50
2013.03.21 05:07:34.090,0.99316,0.99335,2.25,1.50
2013.03.21 05:07:45.810,0.99318,0.99335,1.50,1.13
2013.03.21 05:07:45.991,0.99321,0.99337,1.50,1.50
2013.03.21 05:07:47.170,0.99321,0.99338,1.69,3.38
2013.03.21 05:07:47.677,0.99321,0.99337,1.69,1.50
2013.03.21 05:07:48.091,0.99321,0.99336,1.69,1.50
2013.03.21 05:07:48.332,0.99317,0.99331,1.50,1.50
2013.03.21 05:07:48.461,0.99317,0.99331,3.04,1.50
2013.03.21 05:07:48.520,0.99319,0.99334,2.44,3.38
2013.03.21 05:07:49.060,0.9932,0.99335,1.50,1.88
2013.03.21 05:07:50.389,0.9932,0.99335,1.50,1.50
2013.03.21 05:07:53.900,0.9932,0.99336,1.50,2.25
2013.03.21 05:07:54.042,0.99319,0.99335,1.50,1.50
2013.03.21 05:07:55.300,0.99319,0.99336,2.25,3.00
2013.03.21 05:07:56.691,0.99319,0.99335,2.25,1.50
2013.03.21 05:07:57.071,0.99316,0.99333,2.25,2.25
2013.03.21 05:07:57.755,0.99315,0.99328,1.50,1.50
2013.03.21 05:07:57.832,0.99307,0.99324,1.88,2.25
2013.03.21 05:07:58.404,0.99307,0.99323,1.88,3.75
2013.03.21 05:08:00.271,0.99307,0.99325,1.50,1.50
2013.03.21 05:08:00.791,0.99308,0.99326,2.25,1.88
2013.03.21 05:08:02.363,0.9931,0.99326,3.75,1.88
2013.03.21 05:08:02.987,0.9931,0.99327,3.75,1.50
2013.03.21 05:08:05.982,0.99309,0.99327,1.50,4.13
2013.03.21 05:08:06.240,0.99307,0.99326,2.25,2.25
2013.03.21 05:08:09.500,0.99308,0.99326,3.00,1.50
2013.03.21 05:08:09.561,0.99309,0.99326,2.25,1.50
2013.03.21 05:08:09.963,0.99312,0.99327,1.50,1.13
2013.03.21 05:08:11.091,0.9931,0.99327,1.50,1.13
2013.03.21 05:08:11.752,0.99312,0.99329,1.50,1.13
2013.03.21 05:08:12.011,0.99313,0.9933,1.50,3.00
2013.03.21 05:08:12.320,0.99316,0.99334,2.25,1.13
2013.03.21 05:08:13.582,0.99316,0.99333,1.50,2.25
2013.03.21 05:08:14.593,0.99315,0.99332,1.50,2.25
2013.03.21 05:08:19.160,0.99314,0.99331,2.25,1.50
2013.03.21 05:08:20.021,0.99314,0.99332,3.75,3.00
2013.03.21 05:08:20.561,0.99314,0.99332,3.75,3.00
2013.03.21 05:08:21.001,0.99314,0.99331,3.00,1.50
2013.03.21 05:08:21.361,0.99314,0.9933,2.25,1.50
2013.03.21 05:08:22.521,0.99312,0.99327,1.50,1.50
2013.03.21 05:08:22.821,0.99309,0.99325,1.50,2.25
2013.03.21 05:08:23.248,0.99308,0.99326,2.63,2.25
2013.03.21 05:08:26.411,0.99309,0.99327,1.50,2.25
2013.03.21 05:08:26.541,0.99311,0.99327,1.50,1.50
2013.03.21 05:08:27.235,0.99311,0.9933,2.25,2.25
2013.03.21 05:08:27.632,0.99311,0.9933,2.25,1.50
2013.03.21 05:08:27.760,0.99312,0.99331,3.00,2.25
2013.03.21 05:08:28.361,0.99315,0.99331,1.50,2.25
2013.03.21 05:08:29.055,0.99315,0.99331,1.50,1.50
2013.03.21 05:08:29.382,0.99317,0.99336,2.25,3.00
2013.03.21 05:08:31.674,0.99317,0.99336,2.25,3.75
2013.03.21 05:08:34.860,0.99316,0.99335,2.25,2.25
2013.03.21 05:08:35.371,0.99315,0.99332,2.63,2.25
2013.03.21 05:08:35.674,0.99315,0.9933,1.50,2.25
2013.03.21 05:08:35.740,0.99313,0.9933,1.13,2.25
2013.03.21 05:08:36.270,0.99314,0.99331,1.50,2.25
2013.03.21 05:08:37.103,0.99316,0.99332,1.50,3.75
2013.03.21 05:08:37.620,0.99315,0.99334,2.25,3.00
2013.03.21 05:08:38.140,0.99316,0.99334,1.50,3.00
2013.03.21 05:08:48.701,0.99315,0.99332,1.50,1.50
2013.03.21 05:08:49.010,0.99314,0.99328,1.50,1.50
2013.03.21 05:08:49.130,0.99312,0.99328,1.13,2.25
2013.03.21 05:08:49.250,0.99312,0.9933,1.13,2.25
2013.03.21 05:08:49.790,0.99314,0.9933,1.50,3.00
2013.03.21 05:08:52.023,0.99314,0.9933,1.50,2.25
2013.03.21 05:09:04.871,0.99313,0.99331,2.25,1.50
2013.03.21 05:09:05.860,0.99313,0.9933,1.50,1.50
2013.03.21 05:09:08.101,0.99313,0.99331,2.44,2.25
2013.03.21 05:09:09.260,0.99315,0.99332,1.50,4.88
2013.03.21 05:09:09.620,0.99317,0.99335,2.25,1.50
2013.03.21 05:09:09.861,0.99316,0.99335,3.19,1.50
2013.03.21 05:09:10.100,0.99318,0.99336,2.25,1.88
2013.03.21 05:09:10.799,0.99318,0.99336,1.50,2.63
2013.03.21 05:09:14.780,0.99318,0.99336,1.50,2.25
2013.03.21 05:09:15.641,0.99316,0.99335,3.19,1.50
2013.03.21 05:09:17.023,0.99318,0.99336,2.25,1.88
2013.03.21 05:09:17.340,0.99324,0.99341,1.69,2.25
2013.03.21 05:09:17.461,0.99325,0.99341,1.50,1.50
2013.03.21 05:09:17.723,0.99326,0.99342,3.00,1.88
2013.03.21 05:09:18.090,0.99325,0.99342,2.25,4.13
2013.03.21 05:09:18.841,0.99325,0.99342,3.00,1.88
2013.03.21 05:09:20.192,0.99325,0.99343,2.25,2.63
2013.03.21 05:09:27.850,0.99325,0.99342,1.50,4.13
2013.03.21 05:09:27.971,0.99323,0.99341,1.50,2.25
2013.03.21 05:09:28.152,0.99322,0.99339,1.88,3.00
2013.03.21 05:09:28.805,0.99322,0.99339,3.38,3.75
2013.03.21 05:09:29.135,0.99318,0.99332,3.00,1.50
2013.03.21 05:09:29.381,0.99313,0.99331,3.00,2.25
2013.03.21 05:09:29.501,0.99312,0.99327,1.50,2.25
2013.03.21 05:09:29.682,0.99308,0.99325,3.00,1.50
2013.03.21 05:09:34.161,0.99309,0.99327,1.50,2.25
2013.03.21 05:09:34.670,0.99308,0.99326,1.50,1.88
2013.03.21 05:09:35.242,0.99309,0.99326,1.50,1.88
2013.03.21 05:09:36.870,0.99308,0.99326,2.25,1.50
2013.03.21 05:09:37.241,0.99307,0.99323,1.50,1.50
2013.03.21 05:09:42.070,0.99305,0.99322,2.25,1.50
2013.03.21 05:09:44.001,0.99306,0.99323,1.50,2.25
2013.03.21 05:09:46.780,0.99306,0.99323,1.50,3.00
2013.03.21 05:09:52.399,0.99309,0.99324,1.50,2.25
2013.03.21 05:09:52.721,0.9931,0.99326,1.50,1.50
2013.03.21 05:09:52.902,0.99311,0.99327,2.44,1.88
2013.03.21 05:09:53.031,0.99312,0.99327,1.50,1.13
2013.03.21 05:09:53.091,0.99312,0.99328,1.50,3.00
2013.03.21 05:09:53.150,0.99311,0.99328,3.00,2.25
2013.03.21 05:09:53.680,0.99311,0.99329,3.00,1.50
2013.03.21 05:10:00.281,0.99311,0.99328,1.50,1.50
2013.03.21 05:10:02.252,0.99311,0.99328,2.25,1.50
2013.03.21 05:10:05.321,0.99311,0.99328,2.25,4.88
2013.03.21 05:10:05.623,0.99306,0.99322,1.50,1.50
2013.03.21 05:10:05.691,0.99306,0.99322,1.50,1.50
2013.03.21 05:10:08.273,0.99306,0.99322,1.50,1.88
2013.03.21 05:10:09.490,0.99305,0.99322,3.00,2.25
2013.03.21 05:10:10.590,0.99305,0.99322,3.19,3.00
2013.03.21 05:10:10.897,0.99305,0.9932,3.19,1.50
2013.03.21 05:10:11.333,0.99303,0.99317,1.13,1.50
2013.03.21 05:10:11.932,0.99299,0.99315,2.25,3.00
2013.03.21 05:10:12.001,0.99298,0.99314,2.63,1.50
2013.03.21 05:10:12.490,0.99295,0.99312,1.50,2.25
2013.03.21 05:10:12.704,0.99296,0.99312,1.50,1.50
2013.03.21 05:10:12.778,0.99298,0.99315,1.50,2.25
2013.03.21 05:10:13.524,0.99298,0.99316,3.00,1.88
2013.03.21 05:10:14.168,0.99298,0.99315,2.25,2.25
2013.03.21 05:10:14.792,0.99298,0.99314,1.50,2.25
2013.03.21 05:10:15.306,0.99296,0.99312,2.25,1.50
2013.03.21 05:10:15.781,0.99296,0.99312,1.50,3.75
2013.03.21 05:10:15.972,0.99291,0.99309,2.63,2.44
2013.03.21 05:10:16.042,0.99291,0.99306,2.63,4.50
2013.03.21 05:10:16.290,0.99287,0.99304,3.00,2.25
2013.03.21 05:10:16.865,0.99287,0.99304,1.50,3.00
2013.03.21 05:10:18.890,0.99287,0.99304,2.25,3.00
2013.03.21 05:10:22.641,0.99287,0.99304,1.50,3.00
2013.03.21 05:10:23.752,0.99287,0.99304,1.50,3.00
2013.03.21 05:10:24.735,0.99288,0.99304,2.25,1.50
2013.03.21 05:10:28.080,0.99288,0.99304,1.50,1.50
2013.03.21 05:10:32.075,0.99286,0.99303,2.25,1.50
2013.03.21 05:10:32.142,0.99287,0.99303,3.00,1.50
2013.03.21 05:10:32.260,0.99287,0.99306,4.50,3.38
2013.03.21 05:10:38.182,0.99289,0.99306,1.50,3.00
2013.03.21 05:10:38.312,0.99289,0.99306,1.50,2.25
2013.03.21 05:10:40.862,0.99288,0.99305,1.50,1.50
2013.03.21 05:10:41.322,0.99289,0.99305,2.25,1.50
2013.03.21 05:10:41.802,0.99288,0.99305,1.50,1.50
2013.03.21 05:10:45.021,0.99289,0.99305,1.50,1.50
2013.03.21 05:10:45.722,0.99288,0.99305,3.00,1.50
2013.03.21 05:10:47.075,0.99288,0.99306,3.00,1.50
2013.03.21 05:10:47.141,0.99289,0.99307,1.50,2.25
2013.03.21 05:10:48.550,0.9929,0.99307,1.50,3.00
2013.03.21 05:10:48.671,0.99288,0.99305,1.50,2.25
2013.03.21 05:10:51.453,0.99288,0.99305,1.50,1.50
2013.03.21 05:11:03.381,0.99288,0.99305,2.25,1.50
2013.03.21 05:11:04.052,0.99289,0.99303,1.50,2.25
2013.03.21 05:11:04.625,0.9929,0.99303,3.75,2.25
2013.03.21 05:11:04.811,0.99288,0.99303,1.50,2.44
2013.03.21 05:11:05.341,0.99288,0.99303,1.50,2.44
2013.03.21 05:11:05.882,0.99288,0.99302,1.50,2.25
2013.03.21 05:11:06.323,0.99286,0.99302,1.50,2.44
2013.03.21 05:11:10.210,0.99286,0.99302,1.50,1.50
2013.03.21 05:11:13.195,0.99286,0.99302,1.50,2.25
2013.03.21 05:11:13.482,0.99289,0.99302,1.50,2.25
2013.03.21 05:11:14.147,0.99289,0.99301,1.50,1.50
2013.03.21 05:11:15.890,0.99288,0.99301,2.25,1.50
2013.03.21 05:11:16.522,0.99287,0.99301,1.50,1.50
2013.03.21 05:11:23.051,0.99289,0.99304,2.25,3.00
2013.03.21 05:11:23.171,0.9929,0.99305,1.50,1.69
2013.03.21 05:11:23.531,0.99293,0.99309,1.50,1.50
2013.03.21 05:11:23.771,0.99293,0.99312,1.50,4.13
2013.03.21 05:11:23.831,0.99295,0.99312,1.50,3.38
2013.03.21 05:11:24.432,0.99297,0.99312,1.50,2.63
2013.03.21 05:11:25.008,0.99295,0.99312,1.50,1.88
2013.03.21 05:11:26.621,0.99296,0.99312,1.50,1.50
2013.03.21 05:11:26.921,0.99297,0.99314,1.88,2.25
2013.03.21 05:11:27.042,0.993,0.99314,1.50,3.00
2013.03.21 05:11:27.351,0.99297,0.99314,1.88,3.00
2013.03.21 05:11:29.602,0.99297,0.99313,1.88,1.88
2013.03.21 05:11:32.491,0.99299,0.99314,1.50,2.25
2013.03.21 05:11:32.563,0.993,0.99316,1.50,1.50
2013.03.21 05:11:32.762,0.99302,0.99317,3.75,1.50
2013.03.21 05:11:33.251,0.99302,0.99318,1.50,3.00
2013.03.21 05:11:33.962,0.99302,0.99318,1.50,3.00
2013.03.21 05:11:34.932,0.99301,0.99317,1.50,1.50
2013.03.21 05:11:35.490,0.99301,0.99317,1.50,3.00
2013.03.21 05:11:37.791,0.99301,0.99316,1.50,1.50
2013.03.21 05:11:41.041,0.99303,0.99318,1.50,3.38
2013.03.21 05:11:41.466,0.99303,0.99318,1.50,4.13
2013.03.21 05:11:42.420,0.99299,0.99316,2.25,3.75
2013.03.21 05:11:42.922,0.99299,0.99312,2.25,1.88
2013.03.21 05:11:43.122,0.99294,0.9931,2.63,1.50
2013.03.21 05:11:43.442,0.99295,0.99312,1.50,3.38
2013.03.21 05:11:44.132,0.99295,0.99312,1.50,2.63
2013.03.21 05:11:44.413,0.99297,0.99312,1.50,1.88
2013.03.21 05:11:44.842,0.99299,0.99315,1.50,3.00
2013.03.21 05:11:44.912,0.99299,0.99313,1.50,1.50
2013.03.21 05:11:45.451,0.99298,0.99315,1.50,2.25
2013.03.21 05:11:46.272,0.99301,0.99315,1.50,2.25
2013.03.21 05:11:46.582,0.99305,0.99319,2.25,1.13
2013.03.21 05:11:46.651,0.99305,0.99321,2.25,1.50
2013.03.21 05:11:49.556,0.99307,0.99321,3.00,1.50
2013.03.21 05:11:49.800,0.99312,0.99328,2.44,1.13
2013.03.21 05:11:50.103,0.99312,0.99325,2.25,1.50
2013.03.21 05:11:50.292,0.99311,0.99328,1.69,2.63
2013.03.21 05:11:50.811,0.99311,0.99328,1.69,2.25
2013.03.21 05:11:51.542,0.99312,0.99328,1.69,1.50
2013.03.21 05:11:51.601,0.99312,0.9933,2.44,2.25
2013.03.21 05:11:54.481,0.99312,0.9933,3.19,1.50
2013.03.21 05:11:57.041,0.99313,0.9933,3.00,3.00
2013.03.21 05:11:58.960,0.99314,0.9933,1.50,2.25
2013.03.21 05:11:59.260,0.99315,0.9933,2.25,2.25
2013.03.21 05:11:59.745,0.99314,0.9933,2.25,1.50
2013.03.21 05:11:59.811,0.99314,0.99331,1.50,4.50
2013.03.21 05:12:00.384,0.99312,0.9933,2.63,2.25
2013.03.21 05:12:02.243,0.99314,0.9933,1.35,1.50
2013.03.21 05:12:02.492,0.99318,0.99331,3.75,1.50
2013.03.21 05:12:02.621,0.99318,0.99334,3.75,1.50
2013.03.21 05:12:02.743,0.99318,0.99333,3.00,1.50
2013.03.21 05:12:03.052,0.99318,0.99332,1.50,3.75
2013.03.21 05:12:03.581,0.99318,0.99332,3.00,3.75
2013.03.21 05:12:04.742,0.99318,0.99332,3.00,2.25
2013.03.21 05:12:05.678,0.99318,0.99333,2.25,2.25
2013.03.21 05:12:06.197,0.99316,0.99333,1.50,2.25
2013.03.21 05:12:06.824,0.99317,0.99333,1.50,1.50
2013.03.21 05:12:07.261,0.99317,0.99334,2.25,1.13
2013.03.21 05:12:07.849,0.99319,0.99335,2.25,2.25
2013.03.21 05:12:08.452,0.99319,0.99334,1.50,1.50
2013.03.21 05:12:10.672,0.99315,0.99332,2.25,1.50
2013.03.21 05:12:12.453,0.99313,0.99332,3.00,3.75
2013.03.21 05:12:12.771,0.9931,0.99326,3.00,2.25
2013.03.21 05:12:13.310,0.99308,0.99325,2.63,1.50
2013.03.21 05:12:13.705,0.99312,0.99327,1.50,1.13
2013.03.21 05:12:14.013,0.99314,0.99332,3.00,3.00
2013.03.21 05:12:14.294,0.99315,0.99332,1.50,1.50
2013.03.21 05:12:14.721,0.99317,0.99333,2.25,1.88
2013.03.21 05:12:14.842,0.99318,0.99333,1.50,1.13
2013.03.21 05:12:14.911,0.99316,0.99334,1.50,1.88
2013.03.21 05:12:15.422,0.99316,0.99334,1.50,1.50
2013.03.21 05:12:16.063,0.99316,0.99334,1.50,1.50
2013.03.21 05:12:16.693,0.99315,0.99333,1.50,1.50
2013.03.21 05:12:17.491,0.99316,0.99334,3.75,1.50
2013.03.21 05:12:17.552,0.99316,0.99334,2.25,2.25
2013.03.21 05:12:18.103,0.99315,0.99331,1.50,1.50
2013.03.21 05:12:18.291,0.99313,0.99332,2.63,1.50
2013.03.21 05:12:18.471,0.99317,0.99332,1.50,1.50
2013.03.21 05:12:18.982,0.99317,0.99333,2.25,1.50
2013.03.21 05:12:19.512,0.99318,0.99333,2.25,1.50
2013.03.21 05:12:19.820,0.99319,0.99333,1.50,1.50
2013.03.21 05:12:20.441,0.99318,0.99333,1.50,1.50
2013.03.21 05:12:20.502,0.99318,0.99333,1.50,1.50
2013.03.21 05:12:20.993,0.99316,0.99333,1.50,1.50
2013.03.21 05:12:21.461,0.99316,0.99333,2.25,1.50
2013.03.21 05:12:22.416,0.99315,0.99331,3.00,1.50
2013.03.21 05:12:22.485,0.99316,0.99332,2.25,1.50
2013.03.21 05:12:23.041,0.99316,0.99333,3.00,3.00
2013.03.21 05:12:23.223,0.99317,0.99333,2.25,3.00
2013.03.21 05:12:23.895,0.9932,0.99333,2.25,2.25
2013.03.21 05:12:34.992,0.9932,0.99336,3.00,3.00
2013.03.21 05:12:38.122,0.99323,0.99336,2.25,2.25
2013.03.21 05:12:41.661,0.99323,0.99336,2.25,3.00
2013.03.21 05:12:41.721,0.9932,0.99334,2.25,1.50
2013.03.21 05:12:42.085,0.99317,0.99334,2.25,1.50
2013.03.21 05:12:42.755,0.99318,0.99332,2.25,1.50
2013.03.21 05:12:45.233,0.99315,0.99332,1.50,1.50
2013.03.21 05:12:45.423,0.99318,0.99333,3.00,2.25
2013.03.21 05:12:45.931,0.99318,0.99334,1.50,1.88
2013.03.21 05:12:47.643,0.99319,0.99334,2.25,1.50
2013.03.21 05:12:49.243,0.99318,0.99333,3.00,1.88
2013.03.21 05:12:49.371,0.99318,0.99332,2.25,1.50
2013.03.21 05:12:52.141,0.99318,0.99333,2.25,3.38
2013.03.21 05:12:52.323,0.99319,0.99333,2.25,2.63
2013.03.21 05:12:52.393,0.99317,0.99333,3.00,3.38
2013.03.21 05:12:52.960,0.99317,0.99333,2.25,3.38
2013.03.21 05:12:54.201,0.99317,0.99333,1.50,3.38
2013.03.21 05:12:56.291,0.99317,0.99333,2.25,3.38
2013.03.21 05:12:57.532,0.99317,0.99333,3.00,3.38
2013.03.21 05:12:58.182,0.99317,0.99333,2.25,3.38
2013.03.21 05:12:59.481,0.99317,0.99331,2.25,1.50
2013.03.21 05:12:59.601,0.99313,0.99329,2.25,1.50
2013.03.21 05:13:00.370,0.99313,0.99329,1.50,2.25
2013.03.21 05:13:00.491,0.99313,0.9933,1.50,2.63
2013.03.21 05:13:01.030,0.99312,0.9933,2.25,1.88
2013.03.21 05:13:01.622,0.99313,0.9933,1.50,1.88
2013.03.21 05:13:03.682,0.99313,0.9933,2.25,1.13
2013.03.21 05:13:05.000,0.99312,0.9933,2.25,2.63
2013.03.21 05:13:05.751,0.99312,0.9933,2.25,2.44
2013.03.21 05:13:07.352,0.99312,0.99329,1.50,1.13
2013.03.21 05:13:07.544,0.99312,0.99327,1.50,1.32
2013.03.21 05:13:10.811,0.99313,0.99327,1.50,1.32
2013.03.21 05:13:11.171,0.99315,0.99328,2.25,1.13
2013.03.21 05:13:11.410,0.99315,0.99331,2.25,4.13
2013.03.21 05:13:11.771,0.99312,0.99328,1.50,1.13
2013.03.21 05:13:12.363,0.99311,0.99327,3.38,1.50
2013.03.21 05:13:12.861,0.99315,0.99329,2.25,2.25
2013.03.21 05:13:12.920,0.99314,0.9933,2.25,1.50
2013.03.21 05:13:13.101,0.99314,0.99331,2.25,1.13
2013.03.21 05:13:13.781,0.99314,0.99331,3.00,1.50
2013.03.21 05:13:14.141,0.99317,0.99333,1.50,1.50
2013.03.21 05:13:14.775,0.99317,0.99335,1.50,2.63
2013.03.21 05:13:14.863,0.99316,0.99333,2.25,2.25
2013.03.21 05:13:15.620,0.99316,0.99333,3.75,1.50
2013.03.21 05:13:18.530,0.99318,0.99335,4.50,2.63
2013.03.21 05:13:19.031,0.99321,0.99337,1.50,1.50
2013.03.21 05:13:19.792,0.99321,0.99337,1.50,2.25
2013.03.21 05:13:20.911,0.99321,0.99335,1.50,1.50
2013.03.21 05:13:21.091,0.99317,0.99334,2.25,3.19
2013.03.21 05:13:21.151,0.99317,0.99334,2.25,3.19
2013.03.21 05:13:21.400,0.99317,0.99333,2.25,1.69
2013.03.21 05:13:22.002,0.99317,0.99334,2.25,3.19
2013.03.21 05:13:22.092,0.99318,0.99334,2.25,3.19
2013.03.21 05:13:22.644,0.99321,0.99334,1.50,2.44
2013.03.21 05:13:24.457,0.99321,0.99334,1.50,2.44
2013.03.21 05:13:26.278,0.99319,0.99334,1.50,2.44
2013.03.21 05:13:26.620,0.99316,0.99334,2.25,3.19
2013.03.21 05:13:27.940,0.99316,0.99334,2.25,3.19
2013.03.21 05:13:28.301,0.99319,0.99334,1.50,2.44
2013.03.21 05:13:28.613,0.99319,0.99334,1.50,2.44
2013.03.21 05:13:30.051,0.99319,0.99336,2.25,1.50
2013.03.21 05:13:30.632,0.99321,0.99337,1.50,3.00
2013.03.21 05:13:31.195,0.9932,0.99339,5.25,2.63
2013.03.21 05:13:31.381,0.9932,0.99339,6.00,2.63
2013.03.21 05:13:31.915,0.99323,0.99339,1.50,1.50
2013.03.21 05:13:32.471,0.99324,0.9934,3.75,1.88
2013.03.21 05:13:32.711,0.99324,0.9934,1.50,1.88
2013.03.21 05:13:32.885,0.99326,0.9934,1.88,1.50
2013.03.21 05:13:32.953,0.9933,0.99345,3.00,2.25
2013.03.21 05:13:33.201,0.99332,0.99349,1.50,1.50
2013.03.21 05:13:33.267,0.99332,0.9935,2.25,2.63
2013.03.21 05:13:33.392,0.9933,0.99348,3.00,2.25
2013.03.21 05:13:33.761,0.99328,0.99345,1.50,1.88
2013.03.21 05:13:35.512,0.99327,0.99345,1.50,3.38
2013.03.21 05:13:36.061,0.99327,0.99343,2.25,1.88
2013.03.21 05:13:36.682,0.99327,0.99343,2.25,1.50
2013.03.21 05:13:37.334,0.99326,0.99342,2.25,1.50
2013.03.21 05:13:37.545,0.99322,0.9934,2.25,1.50
2013.03.21 05:13:37.614,0.99322,0.99339,2.25,2.63
2013.03.21 05:13:37.981,0.99324,0.9934,1.50,2.25
2013.03.21 05:13:38.984,0.99325,0.9934,2.25,1.50
2013.03.21 05:13:39.531,0.99327,0.9934,1.50,1.50
2013.03.21 05:13:39.872,0.99327,0.99343,1.50,1.50
2013.03.21 05:13:40.961,0.99327,0.99344,1.50,1.50
2013.03.21 05:13:42.082,0.99327,0.99345,2.25,1.50
2013.03.21 05:13:42.381,0.99329,0.99346,2.25,2.25
2013.03.21 05:13:42.741,0.99326,0.99344,1.50,2.25
2013.03.21 05:13:44.263,0.99327,0.99343,1.50,1.50
2013.03.21 05:13:46.215,0.99328,0.99345,1.50,2.25
2013.03.21 05:13:53.942,0.9933,0.99343,1.50,1.50
2013.03.21 05:13:54.445,0.99333,0.99345,1.50,1.50
2013.03.21 05:13:55.731,0.99333,0.99346,1.50,1.50
2013.03.21 05:13:56.285,0.99333,0.99345,1.50,1.50
2013.03.21 05:14:01.640,0.99333,0.99348,1.50,1.50
2013.03.21 05:14:01.761,0.99333,0.99348,2.25,1.50
2013.03.21 05:14:02.092,0.99333,0.99347,2.25,1.50
2013.03.21 05:14:02.598,0.99333,0.99348,2.25,1.50
2013.03.21 05:14:08.491,0.99333,0.99348,2.25,1.50
2013.03.21 05:14:10.912,0.99335,0.99348,1.50,1.50
2013.03.21 05:14:11.671,0.99335,0.99348,1.50,1.50
2013.03.21 05:14:11.972,0.99339,0.99352,1.50,1.50
2013.03.21 05:14:12.211,0.99338,0.99352,2.25,1.50
2013.03.21 05:14:12.736,0.99338,0.99352,1.50,1.50
2013.03.21 05:14:14.042,0.99338,0.99353,3.75,1.69
2013.03.21 05:14:14.101,0.99338,0.99353,3.75,1.50
2013.03.21 05:14:18.320,0.99338,0.99355,3.00,1.50
2013.03.21 05:14:24.867,0.99338,0.99355,3.00,1.50
2013.03.21 05:14:34.142,0.9934,0.99356,1.50,1.50
2013.03.21 05:14:35.802,0.99338,0.99356,2.25,1.50
2013.03.21 05:14:35.871,0.99338,0.99355,1.50,1.50
2013.03.21 05:14:36.425,0.99335,0.99353,2.63,2.25
2013.03.21 05:14:36.551,0.99337,0.99354,1.50,1.50
2013.03.21 05:14:37.148,0.99338,0.99355,1.50,3.19
2013.03.21 05:14:37.851,0.99338,0.99355,2.25,2.44
2013.03.21 05:14:39.129,0.99339,0.99355,1.50,1.50
2013.03.21 05:14:41.951,0.99339,0.99354,1.50,2.25
2013.03.21 05:14:42.528,0.99339,0.99354,1.50,2.25
2013.03.21 05:14:44.721,0.99337,0.99353,1.50,2.44
2013.03.21 05:14:44.782,0.99337,0.99352,1.50,1.50
2013.03.21 05:14:45.022,0.99333,0.99351,2.25,3.75
2013.03.21 05:14:45.241,0.99334,0.99351,1.50,3.75
2013.03.21 05:14:46.170,0.99333,0.99351,1.50,1.50
2013.03.21 05:14:46.822,0.99336,0.99352,1.50,1.50
2013.03.21 05:14:47.951,0.99336,0.99352,1.50,2.44
2013.03.21 05:14:48.270,0.99334,0.9935,1.50,1.50
2013.03.21 05:14:48.331,0.99334,0.9935,1.50,1.50
2013.03.21 05:14:48.894,0.99334,0.9935,1.50,1.50
2013.03.21 05:14:52.151,0.99335,0.99351,1.50,3.00
2013.03.21 05:14:52.271,0.99335,0.99351,1.50,3.00
2013.03.21 05:14:53.201,0.99337,0.99351,1.50,1.50
2013.03.21 05:14:53.751,0.99337,0.99351,1.50,2.25
2013.03.21 05:14:55.602,0.99335,0.99351,1.50,2.25
2013.03.21 05:15:16.593,0.99335,0.99348,1.50,1.50
2013.03.21 05:15:17.111,0.99331,0.99346,1.50,3.19
2013.03.21 05:15:17.231,0.99331,0.99346,1.50,3.19
2013.03.21 05:15:17.747,0.99331,0.99345,1.50,1.50
2013.03.21 05:15:17.882,0.99332,0.99348,1.50,1.69
2013.03.21 05:15:18.122,0.99335,0.99349,1.50,1.50
2013.03.21 05:15:18.771,0.99335,0.99348,1.50,1.50
2013.03.21 05:15:19.711,0.99333,0.99349,1.50,4.54
2013.03.21 05:15:20.264,0.99333,0.99349,1.50,2.25
2013.03.21 05:15:21.212,0.99333,0.99349,2.63,2.25
2013.03.21 05:15:21.881,0.99336,0.9935,1.50,1.50
2013.03.21 05:15:22.629,0.99336,0.9935,1.50,1.50
2013.03.21 05:15:23.231,0.99333,0.9935,1.88,1.50
2013.03.21 05:15:23.492,0.99329,0.99346,2.63,2.25
2013.03.21 05:15:23.561,0.99329,0.99345,1.88,1.50
2013.03.21 05:15:23.811,0.99329,0.99345,1.13,2.44
2013.03.21 05:15:24.140,0.99329,0.99345,1.88,2.44
2013.03.21 05:15:26.963,0.99329,0.99345,1.50,2.44
2013.03.21 05:15:27.162,0.99332,0.99349,2.03,2.44
2013.03.21 05:15:27.232,0.99332,0.99349,2.78,2.25
2013.03.21 05:15:27.293,0.99335,0.9935,1.50,2.25
2013.03.21 05:15:27.421,0.99335,0.99351,1.50,3.75
2013.03.21 05:15:27.972,0.99335,0.9935,1.50,1.50
2013.03.21 05:15:30.171,0.99333,0.9935,1.13,1.50
2013.03.21 05:15:30.302,0.99333,0.9935,1.13,2.10
2013.03.21 05:15:32.221,0.99333,0.99351,1.13,3.19
2013.03.21 05:15:32.773,0.99334,0.99351,1.50,2.44
2013.03.21 05:15:33.781,0.99334,0.9935,1.65,1.50
2013.03.21 05:15:34.222,0.99332,0.99349,2.40,1.50
2013.03.21 05:15:34.641,0.99331,0.99346,1.65,2.44
2013.03.21 05:15:35.581,0.99333,0.99349,1.65,2.25
2013.03.21 05:15:35.642,0.99333,0.9935,1.65,2.25
2013.03.21 05:15:35.701,0.99335,0.9935,1.50,2.44
2013.03.21 05:15:36.011,0.99335,0.99347,1.50,1.50
2013.03.21 05:15:37.274,0.99336,0.99349,1.50,1.50
2013.03.21 05:15:37.680,0.99337,0.99353,1.13,1.69
2013.03.21 05:15:37.801,0.99338,0.99355,1.50,3.19
2013.03.21 05:15:38.160,0.99339,0.99355,1.50,2.44
2013.03.21 05:15:39.502,0.9934,0.99355,2.25,2.44
2013.03.21 05:15:40.209,0.9934,0.99355,1.50,3.19
2013.03.21 05:15:40.661,0.9934,0.99355,2.25,2.25
2013.03.21 05:15:41.332,0.99342,0.99359,1.50,1.88
2013.03.21 05:15:42.841,0.99341,0.99358,2.25,1.50
2013.03.21 05:15:43.400,0.99343,0.99358,1.50,1.69
2013.03.21 05:15:44.768,0.99343,0.99358,1.50,1.50
2013.03.21 05:15:46.583,0.99341,0.99358,1.50,2.25
2013.03.21 05:15:51.770,0.9934,0.99358,3.00,2.25
2013.03.21 05:15:52.071,0.9934,0.99357,2.25,1.50
2013.03.21 05:15:55.631,0.9934,0.99358,3.38,2.25
2013.03.21 05:15:56.383,0.99341,0.99358,1.50,2.25
2013.03.21 05:16:01.673,0.9934,0.99357,3.38,1.50
2013.03.21 05:16:02.192,0.99339,0.99355,2.25,1.50
2013.03.21 05:16:02.383,0.9934,0.99355,1.50,1.50
2013.03.21 05:16:04.402,0.9934,0.99355,1.50,3.00
2013.03.21 05:16:05.941,0.9934,0.99357,1.50,3.00
2013.03.21 05:16:06.500,0.99341,0.99356,2.25,2.25
2013.03.21 05:16:07.572,0.9934,0.99354,1.50,1.50
2013.03.21 05:16:08.105,0.99339,0.99354,2.63,1.69
2013.03.21 05:16:10.571,0.9934,0.99356,1.50,3.19
2013.03.21 05:16:10.692,0.9934,0.99356,1.50,3.19
2013.03.21 05:16:10.992,0.9934,0.99354,1.50,2.25
2013.03.21 05:16:11.230,0.99339,0.99354,1.50,2.25
2013.03.21 05:16:11.531,0.99339,0.99354,1.50,1.69
2013.03.21 05:16:11.722,0.99341,0.99356,1.50,2.25
2013.03.21 05:16:12.285,0.99341,0.99357,1.50,3.94
2013.03.21 05:16:12.682,0.99338,0.99354,1.50,1.50
2013.03.21 05:16:16.373,0.99339,0.99354,1.50,1.50
2013.03.21 05:16:16.903,0.99338,0.99354,1.50,3.19
2013.03.21 05:16:17.650,0.99338,0.99354,1.50,2.44
2013.03.21 05:16:18.990,0.99338,0.99354,1.50,3.19
2013.03.21 05:16:25.004,0.99338,0.99352,1.50,1.50
2013.03.21 05:16:27.473,0.99338,0.99354,1.50,2.44
2013.03.21 05:16:28.001,0.99338,0.99352,1.50,2.25
2013.03.21 05:16:28.242,0.99338,0.99354,1.50,1.50
2013.03.21 05:16:28.431,0.99341,0.99356,1.50,2.25
2013.03.21 05:16:28.947,0.99341,0.99357,1.50,3.94
2013.03.21 05:16:29.604,0.99341,0.99357,1.50,3.94
2013.03.21 05:16:30.161,0.99341,0.99357,1.50,4.69
2013.03.21 05:16:30.823,0.99343,0.99357,1.50,3.94
2013.03.21 05:16:31.331,0.99342,0.99357,1.50,3.94
2013.03.21 05:16:32.266,0.99341,0.99359,2.25,3.19
2013.03.21 05:16:32.829,0.99343,0.99359,1.50,3.19
2013.03.21 05:16:34.290,0.99343,0.99358,1.50,1.69
2013.03.21 05:16:34.825,0.99341,0.99355,1.88,1.50
2013.03.21 05:16:35.523,0.99341,0.99355,1.88,2.44
2013.03.21 05:16:35.593,0.99341,0.99354,1.13,1.69
2013.03.21 05:16:36.151,0.99341,0.99354,1.13,2.44
2013.03.21 05:16:37.154,0.99342,0.99356,1.50,1.69
2013.03.21 05:16:37.401,0.99342,0.99358,2.25,3.00
2013.03.21 05:16:37.905,0.99343,0.99358,1.50,1.50
2013.03.21 05:16:39.683,0.99343,0.99361,3.75,2.44
2013.03.21 05:16:39.753,0.99344,0.99361,2.25,1.69
2013.03.21 05:16:39.872,0.99345,0.99363,1.50,2.25
2013.03.21 05:16:40.412,0.99345,0.99362,1.50,2.25
2013.03.21 05:16:40.922,0.99345,0.99361,1.50,2.25
2013.03.21 05:16:41.041,0.99345,0.99363,1.50,3.00
2013.03.21 05:16:41.551,0.99345,0.99363,1.50,3.00
2013.03.21 05:16:44.651,0.99345,0.99363,1.50,3.00
2013.03.21 05:16:45.013,0.99348,0.99363,1.50,1.50
2013.03.21 05:16:45.483,0.99348,0.99364,1.50,1.50
2013.03.21 05:16:46.247,0.99347,0.99363,3.00,2.25
2013.03.21 05:16:51.513,0.99347,0.99363,1.50,2.25
2013.03.21 05:16:52.512,0.99347,0.99363,1.50,1.50
2013.03.21 05:16:54.123,0.99348,0.99363,2.25,1.50
2013.03.21 05:16:54.513,0.99352,0.99366,2.25,3.27
2013.03.21 05:16:54.703,0.99352,0.99366,3.00,1.58
2013.03.21 05:16:54.773,0.99353,0.99366,1.50,1.58
2013.03.21 05:16:55.322,0.99354,0.99368,1.50,1.58
2013.03.21 05:16:57.462,0.99356,0.99371,1.50,1.58
2013.03.21 05:16:58.002,0.99356,0.99371,1.50,1.50
2013.03.21 05:17:00.052,0.99357,0.99371,1.50,1.50
2013.03.21 05:17:00.491,0.99352,0.99365,1.13,1.50
2013.03.21 05:17:03.703,0.99352,0.99365,1.88,1.50
2013.03.21 05:17:05.003,0.99352,0.99365,2.63,1.50
2013.03.21 05:17:05.472,0.99352,0.99366,2.63,3.00
2013.03.21 05:17:05.533,0.99356,0.99367,2.25,2.25
2013.03.21 05:17:06.075,0.99358,0.99372,1.50,1.50
2013.03.21 05:17:09.533,0.99359,0.99374,1.50,2.44
2013.03.21 05:17:09.783,0.99359,0.99374,1.50,2.44
2013.03.21 05:17:10.322,0.99361,0.99374,2.25,2.44
2013.03.21 05:17:10.802,0.99358,0.99374,1.50,3.19
2013.03.21 05:17:10.922,0.99359,0.99374,2.25,2.44
2013.03.21 05:17:11.545,0.9936,0.99375,1.88,3.19
2013.03.21 05:17:12.221,0.9936,0.99374,1.88,3.19
2013.03.21 05:17:12.892,0.9936,0.99374,1.88,3.19
2013.03.21 05:17:13.112,0.99357,0.99373,1.50,1.50
2013.03.21 05:17:13.386,0.99358,0.99374,1.50,3.19
2013.03.21 05:17:13.943,0.99361,0.99374,1.50,3.19
2013.03.21 05:17:14.363,0.99361,0.99375,1.50,3.19
2013.03.21 05:17:14.502,0.99361,0.99374,1.50,3.19
2013.03.21 05:17:23.352,0.99361,0.99374,1.50,3.00
2013.03.21 05:17:23.663,0.99361,0.99374,1.50,2.25
2013.03.21 05:17:23.733,0.99362,0.99374,1.50,3.00
2013.03.21 05:17:24.042,0.99364,0.99374,1.50,3.00
2013.03.21 05:17:24.591,0.99362,0.99373,2.25,1.50
2013.03.21 05:17:25.101,0.99364,0.99374,1.50,1.50
2013.03.21 05:17:25.553,0.99364,0.99377,3.00,1.69
2013.03.21 05:17:25.744,0.99371,0.99385,1.50,3.00
2013.03.21 05:17:25.812,0.99371,0.99385,3.00,1.50
2013.03.21 05:17:25.933,0.99374,0.9939,1.50,1.65
2013.03.21 05:17:26.804,0.99374,0.9939,1.50,2.25
2013.03.21 05:17:26.944,0.99371,0.99389,1.88,2.25
2013.03.21 05:17:27.012,0.99372,0.9939,2.25,3.00
2013.03.21 05:17:27.322,0.99368,0.99385,1.50,2.25
2013.03.21 05:17:27.442,0.99369,0.99385,1.50,2.25
2013.03.21 05:17:28.022,0.99368,0.99385,1.50,3.00
2013.03.21 05:17:28.204,0.99368,0.99386,3.19,2.25
2013.03.21 05:17:28.405,0.9937,0.99386,1.50,1.50
2013.03.21 05:17:28.913,0.9937,0.99385,1.50,1.50
2013.03.21 05:17:29.242,0.99373,0.99385,1.50,1.50
2013.03.21 05:17:29.603,0.99371,0.99384,1.50,1.50
2013.03.21 05:17:29.852,0.99365,0.9938,1.50,2.25
2013.03.21 05:17:30.032,0.99365,0.99379,1.50,1.50
2013.03.21 05:17:30.095,0.99365,0.9938,1.50,1.50
2013.03.21 05:17:30.163,0.99362,0.9938,1.50,4.50
2013.03.21 05:17:30.232,0.9936,0.99378,1.50,1.50
2013.03.21 05:17:30.592,0.99362,0.99381,2.25,3.38
2013.03.21 05:17:32.027,0.99364,0.99381,1.50,2.63
2013.03.21 05:17:32.632,0.99363,0.99381,1.50,2.63
2013.03.21 05:17:33.014,0.99362,0.99379,2.25,2.25
2013.03.21 05:17:33.563,0.99362,0.99379,2.25,2.25
2013.03.21 05:17:34.071,0.99361,0.99377,1.50,1.50
2013.03.21 05:17:34.972,0.99362,0.99379,1.50,1.50
2013.03.21 05:17:35.603,0.99365,0.99379,2.25,1.50
2013.03.21 05:17:36.122,0.99366,0.99379,1.50,1.50
2013.03.21 05:17:36.423,0.99367,0.99381,2.25,2.25
2013.03.21 05:17:36.493,0.9937,0.99385,1.13,1.88
2013.03.21 05:17:36.982,0.99371,0.99385,1.50,1.50
2013.03.21 05:17:38.229,0.99374,0.99388,1.50,1.50
2013.03.21 05:17:38.492,0.99373,0.99389,2.25,2.25
2013.03.21 05:17:39.132,0.99375,0.99389,1.50,1.50
2013.03.21 05:17:39.382,0.99375,0.99388,1.50,2.25
2013.03.21 05:17:39.774,0.99374,0.99387,1.50,3.00
2013.03.21 05:17:40.463,0.99374,0.99387,1.50,3.00
2013.03.21 05:17:41.762,0.99374,0.99387,1.50,3.00
2013.03.21 05:17:42.759,0.99373,0.99387,1.50,3.00
2013.03.21 05:17:42.905,0.9937,0.99385,1.50,2.25
2013.03.21 05:17:43.093,0.99371,0.99385,2.25,1.50
2013.03.21 05:17:43.402,0.99372,0.99386,1.50,2.25
2013.03.21 05:17:43.642,0.99375,0.99389,1.13,2.25
2013.03.21 05:17:44.243,0.99375,0.99389,1.88,2.25
2013.03.21 05:17:44.972,0.99376,0.99388,1.50,1.50
2013.03.21 05:17:45.222,0.99379,0.99391,1.50,1.50
2013.03.21 05:17:45.463,0.99376,0.99393,1.50,3.38
2013.03.21 05:17:45.522,0.99377,0.99393,1.50,1.88
2013.03.21 05:17:46.058,0.99379,0.99393,1.50,1.50
2013.03.21 05:17:46.683,0.99377,0.99393,1.50,2.25
2013.03.21 05:17:46.821,0.99377,0.99393,2.25,2.25
2013.03.21 05:17:47.453,0.99376,0.99391,1.50,1.50
2013.03.21 05:17:47.784,0.99373,0.99391,1.50,3.00
2013.03.21 05:17:47.988,0.99372,0.99386,1.50,1.50
2013.03.21 05:17:48.511,0.99372,0.99386,1.50,1.50
2013.03.21 05:17:51.372,0.99373,0.99386,2.25,1.50
2013.03.21 05:17:52.411,0.99373,0.99386,2.25,1.50
2013.03.21 05:17:53.132,0.99373,0.99385,2.25,1.50
2013.03.21 05:17:53.192,0.99373,0.99385,2.25,2.25
2013.03.21 05:17:53.372,0.99372,0.99383,1.50,1.50
2013.03.21 05:17:53.874,0.99372,0.99383,1.50,1.50
2013.03.21 05:17:57.562,0.99366,0.9938,6.00,2.25
2013.03.21 05:17:57.801,0.99366,0.99378,1.13,1.50
2013.03.21 05:17:58.053,0.99365,0.99378,1.13,1.50
2013.03.21 05:18:00.452,0.99365,0.9938,1.88,1.50
2013.03.21 05:18:00.633,0.99365,0.99379,1.88,2.25
2013.03.21 05:18:01.671,0.99365,0.9938,1.13,1.50
2013.03.21 05:18:02.314,0.99365,0.99379,1.13,3.00
2013.03.21 05:18:02.773,0.99363,0.99378,1.13,1.50
2013.03.21 05:18:04.612,0.99362,0.99375,1.13,3.00
2013.03.21 05:18:04.764,0.9936,0.99373,1.13,1.50
2013.03.21 05:18:07.974,0.9936,0.99373,1.13,2.25
2013.03.21 05:18:08.104,0.99358,0.9937,1.13,1.50
2013.03.21 05:18:08.291,0.99358,0.99366,1.13,1.50
2013.03.21 05:18:08.722,0.99356,0.99368,1.50,1.50
2013.03.21 05:18:09.236,0.99356,0.99371,1.50,1.50
2013.03.21 05:18:12.631,0.99358,0.99372,1.13,1.50
2013.03.21 05:18:14.374,0.99359,0.99375,1.13,3.00
2013.03.21 05:18:14.441,0.99359,0.99375,1.88,1.50
2013.03.21 05:18:14.759,0.99363,0.99378,1.88,1.50
2013.03.21 05:18:18.896,0.99363,0.99378,2.63,1.50
2013.03.21 05:18:19.392,0.99363,0.99378,1.88,1.50
2013.03.21 05:18:21.092,0.99364,0.99378,2.25,1.50
2013.03.21 05:18:24.160,0.99366,0.99378,1.50,1.50
2013.03.21 05:18:24.673,0.99366,0.99379,2.25,2.25
2013.03.21 05:18:25.583,0.99367,0.99379,1.50,2.25
2013.03.21 05:18:25.652,0.99369,0.99381,1.88,1.50
2013.03.21 05:18:25.832,0.9937,0.99383,1.13,1.50
2013.03.21 05:18:26.072,0.99369,0.99381,1.88,1.50
2013.03.21 05:18:26.311,0.99369,0.99383,1.88,1.50
2013.03.21 05:18:27.132,0.99369,0.99381,1.88,1.50
2013.03.21 05:18:27.372,0.99367,0.99383,1.50,3.75
2013.03.21 05:18:27.432,0.99367,0.99383,1.50,1.50
2013.03.21 05:18:28.036,0.99367,0.99383,1.50,1.50
2013.03.21 05:18:29.033,0.99366,0.99382,1.88,1.50
2013.03.21 05:18:29.341,0.99364,0.99379,1.88,1.50
2013.03.21 05:18:31.634,0.99363,0.99379,1.13,1.50
2013.03.21 05:18:32.630,0.99363,0.99379,1.13,1.50
2013.03.21 05:18:32.933,0.99362,0.99375,1.13,3.00
2013.03.21 05:18:33.480,0.99361,0.99375,1.13,3.75
2013.03.21 05:18:34.049,0.99361,0.99373,1.13,1.50
2013.03.21 05:18:35.601,0.9936,0.99373,1.13,2.25
2013.03.21 05:18:36.932,0.9936,0.99373,3.38,1.50
2013.03.21 05:18:40.592,0.9936,0.99375,2.63,2.25
2013.03.21 05:18:41.611,0.9936,0.99375,2.63,1.50
2013.03.21 05:18:41.931,0.99362,0.99375,1.50,1.50
2013.03.21 05:18:43.231,0.99361,0.99375,1.50,1.13
2013.03.21 05:18:43.779,0.9936,0.99375,2.63,1.13
2013.03.21 05:18:44.161,0.9936,0.99374,1.13,2.25
2013.03.21 05:18:45.143,0.99361,0.99374,2.25,1.50
2013.03.21 05:18:45.213,0.99361,0.99375,3.38,1.13
2013.03.21 05:18:45.341,0.99363,0.99377,3.19,1.50
2013.03.21 05:18:45.522,0.99363,0.99379,1.50,2.25
2013.03.21 05:18:45.581,0.99363,0.9938,1.50,1.50
2013.03.21 05:18:45.642,0.99365,0.99381,2.25,3.00
2013.03.21 05:18:46.206,0.99368,0.99383,1.50,1.50
2013.03.21 05:18:46.865,0.99367,0.99383,1.13,2.25
2013.03.21 05:18:47.112,0.99366,0.99382,1.13,1.50
2013.03.21 05:18:47.858,0.99366,0.99381,1.13,1.50
2013.03.21 05:18:48.411,0.99366,0.99382,1.13,1.50
2013.03.21 05:18:49.162,0.99366,0.99381,1.13,1.50
2013.03.21 05:18:50.152,0.99367,0.99383,1.13,1.50
2013.03.21 05:18:54.792,0.99366,0.99381,1.13,1.50
2013.03.21 05:19:00.393,0.99366,0.9938,1.13,1.50
2013.03.21 05:19:00.462,0.99363,0.99376,1.32,1.50
2013.03.21 05:19:01.002,0.99362,0.99375,1.13,1.50
2013.03.21 05:19:04.635,0.99362,0.99378,2.25,1.88
2013.03.21 05:19:09.751,0.99361,0.99375,1.13,1.50
2013.03.21 05:19:18.131,0.9936,0.99376,1.50,2.25
2013.03.21 05:19:19.452,0.99358,0.99376,2.44,2.25
2013.03.21 05:19:19.511,0.99358,0.99376,1.69,3.00
2013.03.21 05:19:19.631,0.99358,0.99376,1.50,3.75
2013.03.21 05:19:19.933,0.99357,0.99369,1.50,1.50
2013.03.21 05:19:20.122,0.99354,0.99367,1.50,1.50
2013.03.21 05:19:20.242,0.99355,0.99367,1.50,1.50
2013.03.21 05:19:20.741,0.99356,0.9937,1.50,1.50
2013.03.21 05:19:20.862,0.99356,0.9937,1.50,1.50
2013.03.21 05:19:21.343,0.9936,0.99372,1.50,3.00
2013.03.21 05:19:21.402,0.99361,0.99375,1.50,2.25
2013.03.21 05:19:21.522,0.99361,0.99376,3.00,2.25
2013.03.21 05:19:21.641,0.99364,0.99376,1.50,2.25
2013.03.21 05:19:22.111,0.9936,0.99376,1.50,3.00
2013.03.21 05:19:23.141,0.99359,0.99375,1.50,3.00
2013.03.21 05:19:27.775,0.99359,0.99376,2.25,3.00
2013.03.21 05:19:37.391,0.99359,0.99375,1.50,1.50
2013.03.21 05:19:43.192,0.99359,0.99375,1.50,3.00
2013.03.21 05:19:45.933,0.99359,0.99375,1.50,3.00
2013.03.21 05:19:46.242,0.99355,0.9937,1.69,1.50
2013.03.21 05:19:46.361,0.99352,0.9937,2.44,1.50
2013.03.21 05:19:46.421,0.99352,0.9937,2.44,1.50
2013.03.21 05:19:53.131,0.99353,0.99371,1.69,3.00
2013.03.21 05:19:53.673,0.99355,0.9937,1.50,1.50
2013.03.21 05:19:58.731,0.99355,0.99371,2.25,2.25
2013.03.21 05:19:59.322,0.99355,0.99371,1.50,2.25
2013.03.21 05:20:00.890,0.99355,0.99371,1.50,1.13
2013.03.21 05:20:02.395,0.99362,0.99378,1.50,3.75
2013.03.21 05:20:03.822,0.99361,0.99378,1.50,2.25
2013.03.21 05:20:04.571,0.9936,0.99377,3.00,2.25
2013.03.21 05:20:05.337,0.9936,0.99376,1.50,2.25
2013.03.21 05:20:08.171,0.9936,0.99377,2.25,1.88
2013.03.21 05:20:14.943,0.99362,0.99377,1.50,1.50
2013.03.21 05:20:15.472,0.99362,0.99378,2.25,1.13
2013.03.21 05:20:16.165,0.99362,0.99378,1.50,1.88
2013.03.21 05:20:20.291,0.99361,0.99378,1.50,2.25
2013.03.21 05:20:20.653,0.9936,0.99377,2.25,2.63
2013.03.21 05:20:20.961,0.99359,0.99376,1.50,3.00
2013.03.21 05:20:21.432,0.99359,0.99377,1.50,4.13
2013.03.21 05:20:22.742,0.99358,0.99376,3.00,1.50
2013.03.21 05:20:28.705,0.99359,0.99376,1.50,2.63
2013.03.21 05:20:30.279,0.99358,0.99375,1.50,3.75
2013.03.21 05:20:30.832,0.99354,0.99372,1.88,2.25
2013.03.21 05:20:31.191,0.99352,0.99368,2.25,1.50
2013.03.21 05:20:31.967,0.99353,0.99368,1.50,1.50
2013.03.21 05:20:38.313,0.99356,0.99368,1.50,1.50
2013.03.21 05:20:38.448,0.99357,0.99373,2.25,2.44
2013.03.21 05:20:38.513,0.99358,0.99373,1.50,1.50
2013.03.21 05:20:39.035,0.99358,0.99372,1.50,1.88
2013.03.21 05:20:40.912,0.99358,0.99373,1.50,1.13
2013.03.21 05:20:43.232,0.99359,0.99375,3.75,1.13
2013.03.21 05:20:43.292,0.99361,0.99375,1.50,1.13
2013.03.21 05:20:43.799,0.99361,0.99375,1.50,1.50
2013.03.21 05:20:44.342,0.99359,0.99374,1.50,1.50
2013.03.21 05:20:44.702,0.9936,0.99378,2.25,2.25
2013.03.21 05:20:48.472,0.99364,0.99378,1.50,1.50
2013.03.21 05:20:48.532,0.99364,0.99378,1.50,1.50
2013.03.21 05:20:49.053,0.9936,0.99378,1.50,4.50
2013.03.21 05:20:51.451,0.99361,0.99378,1.50,2.25
2013.03.21 05:20:58.571,0.99362,0.99378,1.50,1.50
2013.03.21 05:20:58.693,0.99362,0.9938,3.00,2.25
2013.03.21 05:20:59.345,0.99363,0.9938,1.50,1.50
2013.03.21 05:21:04.963,0.99365,0.99381,1.50,2.63
2013.03.21 05:21:05.153,0.99366,0.99383,3.00,1.50
2013.03.21 05:21:05.582,0.99368,0.99385,2.25,2.63
2013.03.21 05:21:06.123,0.99368,0.99384,2.25,1.50
2013.03.21 05:21:06.663,0.99366,0.99381,3.00,1.50
2013.03.21 05:21:06.842,0.99366,0.99381,3.00,1.50
2013.03.21 05:21:10.214,0.99364,0.99381,2.25,2.25
2013.03.21 05:21:10.403,0.99364,0.9938,1.50,3.75
2013.03.21 05:21:15.146,0.99365,0.9938,2.44,1.50
2013.03.21 05:21:15.218,0.99366,0.99383,1.69,1.50
2013.03.21 05:21:16.392,0.99366,0.99382,1.69,1.50
2013.03.21 05:21:19.724,0.99367,0.99385,1.69,1.50
2013.03.21 05:21:19.972,0.99365,0.99382,1.50,1.50
2013.03.21 05:21:20.524,0.99363,0.99381,3.75,1.50
2013.03.21 05:21:21.025,0.99363,0.99381,1.69,3.75
2013.03.21 05:21:22.123,0.99364,0.99381,1.50,2.25
2013.03.21 05:21:22.852,0.99365,0.99382,1.69,4.50
2013.03.21 05:21:24.632,0.99365,0.99382,1.50,2.25
2013.03.21 05:21:24.933,0.9937,0.99385,1.50,1.50
2013.03.21 05:21:25.473,0.99371,0.99388,1.50,2.25
2013.03.21 05:21:27.273,0.9937,0.99386,1.50,1.50
2013.03.21 05:21:27.344,0.99368,0.99384,4.13,1.50
2013.03.21 05:21:27.472,0.99368,0.99384,1.50,1.50
2013.03.21 05:21:27.773,0.99365,0.99383,2.25,2.25
2013.03.21 05:21:27.833,0.99365,0.99381,2.25,2.25
2013.03.21 05:21:28.082,0.99362,0.99376,2.25,2.25
2013.03.21 05:21:28.869,0.9936,0.99376,1.88,3.00
2013.03.21 05:21:29.293,0.99361,0.99379,1.69,3.00
2013.03.21 05:21:29.482,0.9936,0.99378,1.69,1.50
2013.03.21 05:21:29.835,0.99362,0.99378,2.07,1.50
2013.03.21 05:21:29.905,0.99365,0.99381,2.25,1.50
2013.03.21 05:21:29.973,0.99365,0.99383,2.25,3.00
2013.03.21 05:21:30.032,0.99365,0.99383,2.44,3.00
2013.03.21 05:21:30.383,0.99367,0.99384,1.69,1.50
2013.03.21 05:21:31.203,0.99367,0.99384,1.69,1.50
2013.03.21 05:21:31.463,0.99368,0.99386,2.82,2.25
2013.03.21 05:21:32.137,0.99371,0.99388,1.50,1.50
2013.03.21 05:21:32.443,0.99369,0.99385,2.63,1.50
2013.03.21 05:21:32.938,0.99368,0.99385,1.88,2.25
2013.03.21 05:21:33.004,0.99369,0.99385,1.32,1.50
2013.03.21 05:21:33.313,0.99378,0.99389,1.50,1.50
2013.03.21 05:21:33.495,0.99381,0.99394,1.50,1.50
2013.03.21 05:21:33.684,0.99381,0.99397,3.75,1.13
2013.03.21 05:21:33.754,0.99381,0.99399,4.32,1.50
2013.03.21 05:21:34.192,0.99382,0.99397,1.69,2.25
2013.03.21 05:21:34.551,0.99381,0.99396,1.13,3.00
2013.03.21 05:21:34.673,0.99379,0.99393,1.50,1.50
2013.03.21 05:21:34.804,0.99377,0.99392,1.88,2.25
2013.03.21 05:21:35.352,0.99376,0.99391,1.50,2.25
2013.03.21 05:21:36.134,0.99377,0.99391,1.50,1.50
2013.03.21 05:21:36.382,0.99377,0.99391,1.50,1.50
2013.03.21 05:21:38.093,0.99378,0.99393,1.50,1.50
2013.03.21 05:21:41.512,0.99378,0.99393,1.50,1.50
2013.03.21 05:21:43.122,0.99378,0.99394,1.50,1.50
2013.03.21 05:21:43.192,0.99381,0.99394,2.25,1.50
2013.03.21 05:21:43.509,0.99383,0.99399,1.50,1.50
2013.03.21 05:21:43.693,0.99381,0.99399,3.94,2.25
2013.03.21 05:21:44.589,0.99381,0.99399,2.44,2.25
2013.03.21 05:21:45.202,0.99383,0.99399,1.50,2.25
2013.03.21 05:21:45.503,0.99383,0.99399,2.25,1.50
2013.03.21 05:21:46.302,0.99383,0.99401,3.94,3.00
2013.03.21 05:21:46.433,0.99386,0.99403,2.07,1.50
2013.03.21 05:21:46.563,0.99388,0.99405,1.69,3.75
2013.03.21 05:21:46.935,0.99389,0.99405,1.69,1.50
2013.03.21 05:21:47.183,0.99386,0.99402,1.13,1.50
2013.03.21 05:21:47.732,0.99386,0.99401,1.50,1.50
2013.03.21 05:21:48.771,0.99386,0.99402,1.32,1.50
2013.03.21 05:21:49.360,0.99386,0.99402,1.50,1.50
2013.03.21 05:21:49.861,0.99386,0.99402,2.07,1.50
2013.03.21 05:21:50.222,0.99386,0.99403,3.57,1.50
2013.03.21 05:21:50.731,0.99388,0.99405,2.44,1.50
2013.03.21 05:21:51.256,0.99388,0.99405,2.44,1.50
2013.03.21 05:21:51.795,0.99389,0.99407,1.69,3.98
2013.03.21 05:21:52.671,0.99392,0.99407,1.50,3.23
2013.03.21 05:21:52.793,0.99393,0.99407,1.50,2.48
2013.03.21 05:21:53.103,0.99392,0.99401,1.50,1.50
2013.03.21 05:21:53.414,0.99386,0.99399,1.50,1.50
2013.03.21 05:21:53.485,0.99385,0.99399,1.50,1.50
2013.03.21 05:21:53.794,0.99387,0.99399,1.50,1.50
2013.03.21 05:21:53.933,0.99388,0.99402,1.50,3.00
2013.03.21 05:21:54.062,0.99388,0.99406,1.88,3.75
2013.03.21 05:21:55.433,0.9939,0.99406,1.88,3.75
2013.03.21 05:21:57.363,0.99389,0.99404,1.13,1.50
2013.03.21 05:21:57.912,0.9939,0.99405,1.13,3.00
2013.03.21 05:22:03.922,0.9939,0.99406,1.50,3.23
2013.03.21 05:22:04.473,0.99391,0.99408,3.00,1.73
2013.03.21 05:22:05.012,0.99391,0.99408,3.94,1.73
2013.03.21 05:22:05.522,0.99391,0.99408,3.94,1.73
2013.03.21 05:22:06.042,0.99391,0.99407,3.19,1.73
2013.03.21 05:22:06.922,0.99391,0.99409,3.00,2.48
2013.03.21 05:22:08.443,0.99391,0.99407,3.19,2.48
2013.03.21 05:22:08.571,0.99391,0.99406,3.00,1.50
2013.03.21 05:22:08.974,0.99391,0.99407,3.75,2.48
2013.03.21 05:22:09.282,0.99395,0.9941,1.50,1.73
2013.03.21 05:22:09.581,0.99396,0.99413,1.88,1.73
2013.03.21 05:22:09.702,0.99397,0.99414,1.13,2.25
2013.03.21 05:22:10.004,0.99398,0.99415,1.50,1.50
2013.03.21 05:22:11.043,0.99397,0.99414,1.13,2.25
2013.03.21 05:22:11.163,0.99397,0.99411,1.13,1.50
2013.03.21 05:22:13.442,0.99397,0.99413,1.13,1.50
2013.03.21 05:22:13.984,0.99399,0.99414,1.13,2.25
2013.03.21 05:22:14.294,0.99395,0.99409,1.50,1.50
2013.03.21 05:22:14.792,0.99395,0.99411,3.00,1.50
2013.03.21 05:22:15.092,0.99397,0.99411,2.25,1.50
2013.03.21 05:22:15.395,0.99395,0.99407,2.25,3.00
2013.03.21 05:22:15.462,0.99395,0.99407,1.50,3.00
2013.03.21 05:22:15.821,0.99395,0.99409,1.50,3.00
2013.03.21 05:22:16.064,0.99396,0.99409,1.50,1.50
2013.03.21 05:22:16.924,0.99396,0.99409,1.50,1.50
2013.03.21 05:22:16.995,0.99394,0.99407,1.13,3.00
2013.03.21 05:22:17.502,0.99394,0.99407,1.88,3.00
2013.03.21 05:22:18.314,0.99394,0.99407,1.88,3.00
2013.03.21 05:22:19.431,0.99394,0.99406,1.13,1.50
2013.03.21 05:22:20.213,0.99394,0.99408,1.88,3.00
2013.03.21 05:22:20.274,0.99395,0.9941,1.13,2.25
2013.03.21 05:22:20.462,0.99396,0.99413,1.50,1.50
2013.03.21 05:22:21.064,0.99396,0.99413,2.25,1.50
2013.03.21 05:22:24.492,0.99396,0.99412,2.25,1.50
2013.03.21 05:22:25.553,0.99399,0.99412,1.50,1.50
2013.03.21 05:22:25.872,0.99403,0.99412,1.50,1.50
2013.03.21 05:22:26.213,0.99403,0.99417,1.50,3.00
2013.03.21 05:22:26.942,0.99403,0.99414,1.50,1.50
2013.03.21 05:22:27.663,0.99402,0.99414,1.50,1.50
2013.03.21 05:22:28.223,0.99401,0.99416,1.50,2.25
2013.03.21 05:22:28.593,0.99403,0.99416,1.69,1.50
2013.03.21 05:22:29.386,0.99403,0.99416,1.69,1.50
2013.03.21 05:22:29.633,0.994,0.99416,3.57,1.50
2013.03.21 05:22:29.702,0.994,0.99416,3.57,1.50
2013.03.21 05:22:30.814,0.99403,0.99417,1.50,1.50
2013.03.21 05:22:32.762,0.99404,0.99422,1.50,3.00
2013.03.21 05:22:33.123,0.99398,0.99411,3.19,1.50
2013.03.21 05:22:33.183,0.99398,0.99411,3.00,1.50
2013.03.21 05:22:33.735,0.99396,0.99413,1.50,1.50
2013.03.21 05:22:33.983,0.99396,0.99413,1.69,1.50
2013.03.21 05:22:34.683,0.99398,0.99414,2.44,2.25
2013.03.21 05:22:37.121,0.99396,0.99414,3.19,2.25
2013.03.21 05:22:39.041,0.99396,0.99414,2.44,3.00
2013.03.21 05:22:40.313,0.99396,0.99414,2.44,3.00
2013.03.21 05:22:41.018,0.99396,0.99414,2.44,3.00
2013.03.21 05:22:41.464,0.99395,0.9941,2.25,2.25
2013.03.21 05:22:43.018,0.99395,0.9941,1.50,3.00
2013.03.21 05:22:43.563,0.99394,0.99409,1.13,1.50
2013.03.21 05:22:45.072,0.99393,0.99409,3.19,2.25
2013.03.21 05:22:48.252,0.99393,0.99408,1.50,2.25
2013.03.21 05:22:48.373,0.9939,0.99407,2.25,1.50
2013.03.21 05:22:48.942,0.99391,0.99407,1.50,3.00
2013.03.21 05:22:49.472,0.99391,0.99407,2.25,3.00
2013.03.21 05:22:50.445,0.99391,0.99406,2.25,2.25
2013.03.21 05:22:50.993,0.99391,0.99406,2.25,2.25
2013.03.21 05:22:51.484,0.99389,0.99406,1.13,1.50
2013.03.21 05:22:51.551,0.99388,0.99406,3.94,2.25
2013.03.21 05:22:51.612,0.99388,0.99406,2.44,3.75
2013.03.21 05:22:52.193,0.99388,0.99403,1.13,3.00
2013.03.21 05:22:55.643,0.99387,0.99402,1.50,1.50
2013.03.21 05:22:56.143,0.99386,0.99401,1.50,2.25
2013.03.21 05:22:56.562,0.99384,0.99402,3.00,1.50
2013.03.21 05:22:57.383,0.99385,0.994,1.50,2.25
2013.03.21 05:22:58.144,0.99385,0.994,1.50,2.25
2013.03.21 05:22:58.272,0.99385,0.99402,1.50,4.50
2013.03.21 05:22:58.692,0.99384,0.994,2.25,1.50
2013.03.21 05:22:59.254,0.99383,0.994,1.50,2.25
2013.03.21 05:22:59.624,0.99383,0.99398,1.50,1.50
2013.03.21 05:22:59.933,0.99377,0.9939,2.25,1.50
2013.03.21 05:23:00.351,0.99377,0.99391,1.50,2.25
2013.03.21 05:23:00.833,0.99377,0.99393,1.50,1.50
2013.03.21 05:23:01.023,0.99377,0.99394,2.63,1.88
2013.03.21 05:23:02.494,0.99377,0.99394,4.50,1.50
2013.03.21 05:23:03.157,0.99378,0.99395,2.25,2.63
2013.03.21 05:23:04.022,0.99378,0.99395,2.25,2.63
2013.03.21 05:23:04.273,0.99379,0.99397,3.38,1.50
2013.03.21 05:23:04.453,0.99381,0.99398,1.50,2.25
2013.03.21 05:23:04.825,0.9938,0.99395,2.25,1.50
2013.03.21 05:23:05.172,0.99382,0.99397,1.50,2.25
2013.03.21 05:23:08.659,0.99382,0.99397,1.13,1.13
2013.03.21 05:23:10.474,0.99381,0.99395,1.13,2.25
2013.03.21 05:23:11.532,0.9938,0.99393,1.13,1.50
2013.03.21 05:23:12.073,0.9938,0.99391,1.13,1.50
2013.03.21 05:23:12.131,0.99375,0.99391,2.63,1.50
2013.03.21 05:23:12.312,0.99375,0.99392,1.88,2.25
2013.03.21 05:23:12.912,0.99375,0.99391,1.88,2.25
2013.03.21 05:23:13.099,0.99376,0.99393,1.50,1.50
2013.03.21 05:23:14.213,0.99376,0.99391,1.50,2.25
2013.03.21 05:23:14.273,0.99375,0.99391,1.50,3.00
2013.03.21 05:23:14.925,0.99374,0.99389,1.50,1.50
2013.03.21 05:23:17.682,0.99374,0.9939,1.50,1.50
2013.03.21 05:23:18.222,0.99375,0.99389,1.13,1.50
2013.03.21 05:23:18.543,0.99375,0.99391,1.88,1.50
2013.03.21 05:23:18.962,0.99376,0.99395,3.00,4.50
2013.03.21 05:23:19.402,0.99379,0.99395,2.25,2.25
2013.03.21 05:23:20.197,0.9938,0.99398,2.63,1.50
2013.03.21 05:23:22.312,0.99381,0.99398,1.50,1.50
2013.03.21 05:23:22.826,0.99382,0.99399,1.50,2.25
2013.03.21 05:23:23.619,0.99381,0.99399,2.25,3.00
2013.03.21 05:23:23.982,0.9938,0.99395,2.44,2.25
2013.03.21 05:23:24.602,0.99381,0.99395,1.50,2.25
2013.03.21 05:23:27.961,0.99381,0.99399,1.50,2.25
2013.03.21 05:23:28.082,0.99384,0.994,1.50,2.25
2013.03.21 05:23:28.503,0.99385,0.99403,3.94,4.50
2013.03.21 05:23:29.012,0.99386,0.99403,1.88,2.25
2013.03.21 05:23:29.502,0.99386,0.994,2.07,2.25
2013.03.21 05:23:31.473,0.99386,0.99403,1.13,1.50
2013.03.21 05:23:34.563,0.99386,0.99402,1.88,1.50
2013.03.21 05:23:34.682,0.99385,0.99402,2.44,2.25
2013.03.21 05:23:35.226,0.99384,0.994,2.63,1.50
2013.03.21 05:23:35.612,0.99384,0.99402,2.07,3.00
2013.03.21 05:23:35.823,0.99386,0.99403,1.69,2.25
2013.03.21 05:23:36.392,0.99385,0.99403,2.07,2.25
2013.03.21 05:23:36.894,0.99385,0.99402,1.32,1.50
2013.03.21 05:23:39.042,0.99386,0.99403,2.07,3.00
2013.03.21 05:23:43.263,0.99387,0.99404,1.88,3.00
2013.03.21 05:23:43.452,0.99387,0.99404,1.88,3.00
2013.03.21 05:23:48.072,0.99388,0.99403,1.50,2.25
2013.03.21 05:23:48.432,0.99386,0.99404,3.19,3.00
2013.03.21 05:23:48.992,0.99386,0.99404,3.19,3.00
2013.03.21 05:23:50.943,0.99388,0.99404,1.13,3.00
2013.03.21 05:23:52.163,0.99388,0.99404,1.13,2.25
2013.03.21 05:23:52.778,0.99388,0.99404,1.13,2.25
2013.03.21 05:23:55.734,0.99388,0.99402,1.13,2.25
2013.03.21 05:23:57.173,0.99387,0.99402,2.63,2.25
2013.03.21 05:23:57.602,0.99386,0.99401,1.50,1.50
2013.03.21 05:23:59.224,0.99385,0.994,1.88,1.50
2013.03.21 05:23:59.806,0.99385,0.99399,1.88,1.50
2013.03.21 05:24:03.092,0.99385,0.994,1.13,1.50
2013.03.21 05:24:03.963,0.99387,0.99401,1.50,2.63
2013.03.21 05:24:04.022,0.99388,0.99401,1.50,1.50
2013.03.21 05:24:04.204,0.99388,0.99405,3.19,1.50
2013.03.21 05:24:04.513,0.99387,0.99403,2.63,2.25
2013.03.21 05:24:04.814,0.99387,0.99399,1.13,1.50
2013.03.21 05:24:04.883,0.99388,0.99401,1.50,1.50
2013.03.21 05:24:05.253,0.99389,0.99402,1.13,1.50
2013.03.21 05:24:06.534,0.99389,0.99402,1.13,1.50
2013.03.21 05:24:07.172,0.99389,0.99402,1.13,1.50
2013.03.21 05:24:12.932,0.99388,0.99404,1.32,1.50
2013.03.21 05:24:13.171,0.99388,0.99404,2.82,1.50
2013.03.21 05:24:13.744,0.99388,0.99404,2.44,1.50
2013.03.21 05:24:24.362,0.99388,0.99404,2.63,1.50
2013.03.21 05:24:27.274,0.99388,0.99405,3.00,1.32
2013.03.21 05:24:30.153,0.99387,0.99404,3.19,2.25
2013.03.21 05:24:30.452,0.99386,0.99404,1.13,2.25
2013.03.21 05:24:32.053,0.99386,0.99403,1.13,2.25
2013.03.21 05:24:33.292,0.99385,0.99401,2.07,3.00
2013.03.21 05:24:33.601,0.99385,0.99401,2.07,1.50
2013.03.21 05:24:33.721,0.99385,0.99401,1.32,3.00
2013.03.21 05:24:34.023,0.99384,0.99399,2.25,1.50
2013.03.21 05:24:34.083,0.99384,0.99399,2.25,3.75
2013.03.21 05:24:34.322,0.99384,0.99399,1.13,2.25
2013.03.21 05:24:34.962,0.99384,0.994,1.13,2.25
2013.03.21 05:24:35.472,0.99383,0.994,1.50,1.50
2013.03.21 05:24:37.012,0.99384,0.99401,2.25,2.25
2013.03.21 05:24:37.673,0.99384,0.99401,2.25,2.25
2013.03.21 05:24:37.733,0.99382,0.994,2.25,3.00
2013.03.21 05:24:37.805,0.99382,0.99399,2.25,1.50
2013.03.21 05:24:38.053,0.99382,0.994,2.25,2.25
2013.03.21 05:24:39.253,0.99382,0.99399,1.50,1.50
2013.03.21 05:24:39.793,0.99382,0.994,2.25,1.50
2013.03.21 05:24:40.582,0.9938,0.99399,3.75,1.50
2013.03.21 05:24:41.118,0.9938,0.99398,3.00,1.50
2013.03.21 05:24:45.964,0.99381,0.99398,1.50,1.50
2013.03.21 05:24:46.472,0.99383,0.99399,2.44,1.50
2013.03.21 05:24:48.432,0.99382,0.99399,2.25,1.50
2013.03.21 05:24:50.282,0.99382,0.99399,1.50,2.25
2013.03.21 05:24:58.356,0.99382,0.99399,1.50,2.25
2013.03.21 05:25:03.618,0.99381,0.99399,1.50,1.50
2013.03.21 05:25:03.741,0.99382,0.994,1.50,3.00
2013.03.21 05:25:06.263,0.99382,0.994,1.50,3.00
2013.03.21 05:25:09.042,0.99382,0.994,1.50,3.75
2013.03.21 05:25:09.102,0.99381,0.994,1.50,6.00
2013.03.21 05:25:09.906,0.99381,0.99397,1.50,3.00
2013.03.21 05:25:10.103,0.99378,0.99397,1.88,5.25
2013.03.21 05:25:10.224,0.99378,0.99394,1.88,1.50
2013.03.21 05:25:10.342,0.99373,0.9939,1.50,1.50
2013.03.21 05:25:10.462,0.99373,0.9939,2.25,1.50
2013.03.21 05:25:11.012,0.99373,0.99391,3.00,2.25
2013.03.21 05:25:11.324,0.99375,0.99391,2.44,1.50
2013.03.21 05:25:11.933,0.99376,0.99392,1.50,1.50
2013.03.21 05:25:12.162,0.99376,0.99392,1.50,2.25
2013.03.21 05:25:13.052,0.99376,0.99392,1.50,1.50
2013.03.21 05:25:13.172,0.99376,0.99393,2.44,1.50
2013.03.21 05:25:13.292,0.99378,0.99396,1.69,2.25
2013.03.21 05:25:13.472,0.9938,0.99397,1.50,1.50
2013.03.21 05:25:13.983,0.9938,0.99397,1.50,2.25
2013.03.21 05:25:14.407,0.99377,0.99393,1.69,1.50
2013.03.21 05:25:15.053,0.99377,0.99394,1.50,3.00
2013.03.21 05:25:15.372,0.99375,0.99394,1.69,5.25
2013.03.21 05:25:16.673,0.99375,0.99389,1.50,1.50
2013.03.21 05:25:16.972,0.99372,0.99389,1.50,2.25
2013.03.21 05:25:17.872,0.99373,0.99389,1.50,1.50
2013.03.21 05:25:18.372,0.99373,0.99389,2.44,2.25
2013.03.21 05:25:18.491,0.99373,0.99391,3.94,2.25
2013.03.21 05:25:18.552,0.99373,0.99389,1.69,1.50
2013.03.21 05:25:18.732,0.99372,0.9939,1.88,1.50
2013.03.21 05:25:18.792,0.99372,0.99391,3.57,3.75
2013.03.21 05:25:18.912,0.99372,0.9939,2.07,1.50
2013.03.21 05:25:19.603,0.99373,0.9939,2.25,1.50
2013.03.21 05:25:19.902,0.9937,0.99389,2.25,3.00
2013.03.21 05:25:20.116,0.9937,0.99389,1.50,2.25
2013.03.21 05:25:20.653,0.9937,0.99389,2.25,2.25
2013.03.21 05:25:21.174,0.9937,0.99389,1.50,2.25
2013.03.21 05:25:22.672,0.99371,0.99389,1.50,2.25
2013.03.21 05:25:23.073,0.99371,0.99389,1.50,1.50
2013.03.21 05:25:24.367,0.99371,0.99389,1.50,2.25
2013.03.21 05:25:24.672,0.99368,0.99384,1.50,2.25
2013.03.21 05:25:24.732,0.99366,0.99384,2.44,3.00
2013.03.21 05:25:24.793,0.99366,0.99384,1.69,3.00
2013.03.21 05:25:25.742,0.99366,0.99383,1.69,2.25
2013.03.21 05:25:25.864,0.99368,0.99384,1.69,1.50
2013.03.21 05:25:25.933,0.99369,0.99387,1.50,2.63
2013.03.21 05:25:26.823,0.99369,0.99386,1.50,1.50
2013.03.21 05:25:27.433,0.99368,0.99386,2.25,2.25
2013.03.21 05:25:27.743,0.99368,0.99384,1.50,1.50
2013.03.21 05:25:28.142,0.99365,0.99383,1.69,1.50
2013.03.21 05:25:28.981,0.99365,0.99381,1.50,1.50
2013.03.21 05:25:29.299,0.99362,0.99378,3.19,2.25
2013.03.21 05:25:29.955,0.99362,0.99378,1.69,1.50
2013.03.21 05:25:30.462,0.99361,0.99377,1.13,2.25
2013.03.21 05:25:30.642,0.9936,0.99374,3.38,1.50
2013.03.21 05:25:31.183,0.9936,0.99376,2.63,3.75
2013.03.21 05:25:31.937,0.99358,0.99376,3.19,3.75
2013.03.21 05:25:32.342,0.99359,0.99376,1.69,2.25
2013.03.21 05:25:32.709,0.99358,0.99372,1.50,3.00
2013.03.21 05:25:33.033,0.99355,0.9937,1.50,2.25
2013.03.21 05:25:33.096,0.99355,0.99371,1.50,3.00
2013.03.21 05:25:34.923,0.99356,0.99371,1.50,1.50
2013.03.21 05:25:35.113,0.99359,0.99374,1.69,2.25
2013.03.21 05:25:35.234,0.9936,0.99374,1.69,1.50
2013.03.21 05:25:35.303,0.9936,0.99378,1.69,3.75
2013.03.21 05:25:36.183,0.99359,0.99377,2.44,3.00
2013.03.21 05:25:36.732,0.99359,0.99376,2.44,1.50
2013.03.21 05:25:37.253,0.99359,0.99377,3.94,3.00
2013.03.21 05:25:38.782,0.99359,0.99377,3.94,3.00
2013.03.21 05:25:38.902,0.99359,0.99374,1.50,2.25
2013.03.21 05:25:39.805,0.99359,0.99374,1.50,2.25
2013.03.21 05:25:40.693,0.99358,0.99375,1.13,3.00
2013.03.21 05:25:41.114,0.99357,0.99373,1.50,2.25
2013.03.21 05:25:41.303,0.99355,0.99371,1.50,3.00
2013.03.21 05:25:41.825,0.99353,0.9937,3.75,1.50
2013.03.21 05:25:42.132,0.99353,0.9937,1.50,2.25
2013.03.21 05:25:42.432,0.99353,0.99369,2.25,3.00
2013.03.21 05:25:42.492,0.99351,0.99369,2.07,3.00
2013.03.21 05:25:43.467,0.99351,0.99367,2.07,1.50
2013.03.21 05:25:43.535,0.99351,0.99366,1.13,1.50
2013.03.21 05:25:44.469,0.99351,0.99366,1.50,1.50
2013.03.21 05:25:44.545,0.99352,0.99368,2.25,1.50
2013.03.21 05:25:44.813,0.99353,0.9937,2.25,1.13
2013.03.21 05:25:45.232,0.99354,0.99368,1.50,1.50
2013.03.21 05:25:46.564,0.99353,0.99371,3.19,3.38
2013.03.21 05:25:46.874,0.99356,0.99373,1.50,4.13
2013.03.21 05:25:47.123,0.99354,0.99372,2.44,1.50
2013.03.21 05:25:47.312,0.99355,0.9937,1.50,2.25
2013.03.21 05:25:48.583,0.99354,0.9937,1.50,2.25
2013.03.21 05:25:48.854,0.99355,0.99372,1.50,1.50
2013.03.21 05:25:49.044,0.99355,0.99369,2.25,2.25
2013.03.21 05:25:49.114,0.99356,0.99372,1.50,2.25
2013.03.21 05:25:50.492,0.99355,0.99372,2.25,2.25
2013.03.21 05:25:50.672,0.99354,0.99371,1.88,1.50
2013.03.21 05:25:51.223,0.99352,0.99368,1.50,1.50
2013.03.21 05:25:52.298,0.99351,0.99368,2.44,1.50
2013.03.21 05:25:52.837,0.99351,0.99368,1.69,1.50
2013.03.21 05:25:53.393,0.99351,0.99368,1.69,1.50
2013.03.21 05:25:54.222,0.9935,0.99368,3.00,2.25
2013.03.21 05:25:58.691,0.9935,0.99368,3.19,2.25
2013.03.21 05:25:59.392,0.99352,0.99368,1.69,2.25
2013.03.21 05:26:00.174,0.99351,0.99368,3.19,1.50
2013.03.21 05:26:00.543,0.99352,0.99368,1.50,2.25
2013.03.21 05:26:00.781,0.9935,0.99365,3.38,1.50
2013.03.21 05:26:01.152,0.99349,0.99365,1.50,4.50
2013.03.21 05:26:01.213,0.99347,0.99363,1.32,1.50
2013.03.21 05:26:01.633,0.99345,0.99361,1.69,1.50
2013.03.21 05:26:01.754,0.99344,0.99361,3.19,1.50
2013.03.21 05:26:02.184,0.99343,0.99361,1.69,1.50
2013.03.21 05:26:02.881,0.99345,0.99362,1.69,1.50
2013.03.21 05:26:03.724,0.99347,0.99364,2.44,1.50
2013.03.21 05:26:04.231,0.99347,0.99363,1.50,1.50
2013.03.21 05:26:05.212,0.99347,0.99364,1.69,1.50
2013.03.21 05:26:05.273,0.99347,0.99362,1.69,1.50
2013.03.21 05:26:05.332,0.99347,0.99364,1.69,2.25
2013.03.21 05:26:05.841,0.99346,0.99363,3.94,1.50
2013.03.21 05:26:06.407,0.99346,0.99364,3.75,2.25
2013.03.21 05:26:06.474,0.99346,0.99364,3.00,3.75
2013.03.21 05:26:07.175,0.99346,0.99363,1.69,1.50
2013.03.21 05:26:11.632,0.99346,0.99363,2.44,2.25
2013.03.21 05:26:11.692,0.99346,0.99363,4.69,1.50
2013.03.21 05:26:12.482,0.99346,0.99363,4.69,1.50
2013.03.21 05:26:12.943,0.99346,0.99363,3.75,1.50
2013.03.21 05:26:13.303,0.99344,0.99358,1.50,2.25
2013.03.21 05:26:13.543,0.99346,0.99362,1.50,1.50
2013.03.21 05:26:14.093,0.99346,0.99362,1.50,2.25
2013.03.21 05:26:14.633,0.99343,0.99361,2.25,1.50
2013.03.21 05:26:14.992,0.99344,0.99359,1.50,2.25
2013.03.21 05:26:16.432,0.99343,0.99356,2.25,2.25
2013.03.21 05:26:18.973,0.99345,0.99353,1.50,1.50
2013.03.21 05:26:19.153,0.99345,0.99357,1.50,3.00
2013.03.21 05:26:21.473,0.99343,0.99356,2.25,2.25
2013.03.21 05:26:21.602,0.99343,0.99357,2.25,1.50
2013.03.21 05:26:21.962,0.99343,0.99356,1.50,2.25
2013.03.21 05:26:22.082,0.99345,0.99357,1.50,1.50
2013.03.21 05:26:22.782,0.99342,0.99356,1.50,2.25
2013.03.21 05:26:23.143,0.99342,0.99356,1.50,2.25
2013.03.21 05:26:24.212,0.99342,0.99356,1.50,2.25
2013.03.21 05:26:24.473,0.99346,0.99356,1.50,2.25
2013.03.21 05:26:24.544,0.99346,0.99361,1.50,2.48
2013.03.21 05:26:24.734,0.99345,0.99359,1.50,2.25
2013.03.21 05:26:24.809,0.99345,0.99359,1.50,1.50
2013.03.21 05:26:24.999,0.99347,0.99362,1.69,1.50
2013.03.21 05:26:25.242,0.99344,0.99362,2.25,2.25
2013.03.21 05:26:25.362,0.99344,0.9936,1.50,1.50
2013.03.21 05:26:25.902,0.99345,0.9936,2.25,2.25
2013.03.21 05:26:26.262,0.99345,0.99362,2.25,1.50
2013.03.21 05:26:26.935,0.99345,0.99364,3.00,3.38
2013.03.21 05:26:27.542,0.99348,0.99364,1.50,1.88
2013.03.21 05:26:28.432,0.99348,0.99364,1.50,1.13
2013.03.21 05:26:28.942,0.99348,0.99364,1.50,1.13
2013.03.21 05:26:29.313,0.9935,0.99367,3.00,2.25
2013.03.21 05:26:32.053,0.99351,0.99367,2.25,2.25
2013.03.21 05:26:32.173,0.99353,0.9937,1.69,1.50
2013.03.21 05:26:32.773,0.99352,0.99368,1.50,1.50
2013.03.21 05:26:33.094,0.99351,0.99369,2.44,2.25
2013.03.21 05:26:35.736,0.99353,0.99365,2.25,1.50
2013.03.21 05:26:36.043,0.99359,0.99369,1.50,3.00
2013.03.21 05:26:36.173,0.99359,0.9937,1.50,1.50
2013.03.21 05:26:36.294,0.99359,0.99373,1.50,2.07
2013.03.21 05:26:36.423,0.99359,0.9937,1.50,2.25
2013.03.21 05:26:36.679,0.9936,0.99373,1.50,1.32
2013.03.21 05:26:36.805,0.9936,0.99375,3.00,3.00
2013.03.21 05:26:37.363,0.99362,0.99375,1.50,2.25
2013.03.21 05:26:39.240,0.9936,0.99371,1.50,2.25
2013.03.21 05:26:39.773,0.9936,0.99372,1.50,2.25
2013.03.21 05:26:42.773,0.99359,0.99372,2.25,2.25
2013.03.21 05:26:43.723,0.99359,0.9937,2.25,2.25
2013.03.21 05:26:46.476,0.99359,0.99371,2.25,2.25
2013.03.21 05:26:47.252,0.9936,0.99371,1.50,2.25
2013.03.21 05:26:47.433,0.9936,0.99373,1.50,3.00
2013.03.21 05:26:47.563,0.99364,0.99376,1.50,2.25
2013.03.21 05:26:47.693,0.99364,0.99375,1.50,2.25
2013.03.21 05:26:47.812,0.99363,0.99375,1.50,2.25
2013.03.21 05:26:48.335,0.99362,0.99375,2.25,2.25
2013.03.21 05:26:48.913,0.99362,0.99375,3.00,2.25
2013.03.21 05:26:49.464,0.99363,0.99375,2.25,1.50
2013.03.21 05:26:50.674,0.99363,0.99375,2.25,2.25
2013.03.21 05:26:53.823,0.99362,0.99375,1.50,3.00
2013.03.21 05:26:54.323,0.99362,0.99378,2.25,2.25
2013.03.21 05:26:54.505,0.99362,0.99375,3.00,2.25
2013.03.21 05:26:57.470,0.99362,0.9938,1.50,4.50
2013.03.21 05:26:57.592,0.99362,0.9938,2.44,1.50
2013.03.21 05:26:57.652,0.99363,0.99381,1.69,3.00
2013.03.21 05:26:58.935,0.99362,0.9938,3.19,1.50
2013.03.21 05:26:59.248,0.99362,0.9938,1.50,2.25
2013.03.21 05:26:59.323,0.99362,0.9938,2.25,1.50
2013.03.21 05:27:00.553,0.99361,0.9938,2.25,3.00
2013.03.21 05:27:00.683,0.9936,0.99376,1.69,1.50
2013.03.21 05:27:00.965,0.9936,0.99378,3.19,2.25
2013.03.21 05:27:01.566,0.99362,0.99379,2.44,1.50
2013.03.21 05:27:02.383,0.99362,0.9938,2.25,2.25
2013.03.21 05:27:02.524,0.99363,0.99381,2.25,1.50
2013.03.21 05:27:02.898,0.99364,0.99382,3.00,1.88
2013.03.21 05:27:03.505,0.99366,0.99383,1.50,1.13
2013.03.21 05:27:03.702,0.99366,0.99384,1.50,2.25
2013.03.21 05:27:04.905,0.99366,0.99384,3.75,2.25
2013.03.21 05:27:05.213,0.99373,0.99387,1.50,1.50
2013.03.21 05:27:05.392,0.99373,0.99389,1.50,1.50
2013.03.21 05:27:05.907,0.99373,0.99389,1.50,3.00
2013.03.21 05:27:06.443,0.99371,0.99388,2.25,2.25
2013.03.21 05:27:06.742,0.99373,0.9939,1.50,3.38
2013.03.21 05:27:07.083,0.9937,0.99387,2.25,1.50
2013.03.21 05:27:08.174,0.9937,0.99386,2.25,2.25
2013.03.21 05:27:08.303,0.9937,0.99386,2.25,2.25
2013.03.21 05:27:11.063,0.99369,0.99388,3.57,3.75
2013.03.21 05:27:11.242,0.9937,0.99388,1.50,3.75
2013.03.21 05:27:12.335,0.99372,0.99389,2.25,1.50
2013.03.21 05:27:12.462,0.99372,0.99389,2.25,2.25
2013.03.21 05:27:13.455,0.99372,0.99388,2.25,1.88
2013.03.21 05:27:15.109,0.99372,0.99389,2.25,3.00
2013.03.21 05:27:18.835,0.99372,0.99388,2.25,1.50
2013.03.21 05:27:19.439,0.99372,0.99388,2.25,2.25
2013.03.21 05:27:24.734,0.99371,0.99387,1.50,1.50
2013.03.21 05:27:25.065,0.99368,0.99384,2.63,2.25
2013.03.21 05:27:25.382,0.99363,0.99382,2.25,2.25
2013.03.21 05:27:26.087,0.99363,0.99382,2.25,2.25
2013.03.21 05:27:28.453,0.99363,0.9938,1.50,2.25
2013.03.21 05:27:28.574,0.99362,0.9938,2.82,1.50
2013.03.21 05:27:28.704,0.99365,0.99382,1.50,3.38
2013.03.21 05:27:28.894,0.99364,0.99378,2.44,2.25
2013.03.21 05:27:29.083,0.99361,0.99377,1.50,1.50
2013.03.21 05:27:29.384,0.99365,0.99381,1.50,1.50
2013.03.21 05:27:30.226,0.99365,0.99382,1.50,2.63
2013.03.21 05:27:32.234,0.99365,0.99381,1.50,1.50
2013.03.21 05:27:32.846,0.99363,0.99379,2.25,1.50
2013.03.21 05:27:39.473,0.99363,0.99381,3.00,1.50
2013.03.21 05:27:39.535,0.99364,0.99382,1.50,1.50
2013.03.21 05:27:39.863,0.99364,0.99378,2.25,2.25
2013.03.21 05:27:40.044,0.99365,0.99381,1.50,2.25
2013.03.21 05:27:43.892,0.99365,0.99383,2.25,2.25
2013.03.21 05:27:44.013,0.99365,0.99382,2.25,2.25
2013.03.21 05:27:44.314,0.9937,0.99384,1.69,1.13
2013.03.21 05:27:44.803,0.9937,0.99386,2.25,2.25
2013.03.21 05:27:46.233,0.99371,0.99388,1.50,3.38
2013.03.21 05:27:46.413,0.9937,0.99388,2.25,3.38
2013.03.21 05:27:46.473,0.9937,0.99386,1.50,1.50
2013.03.21 05:27:46.732,0.9937,0.99388,2.25,3.38
2013.03.21 05:27:47.567,0.9937,0.99388,3.00,4.13
2013.03.21 05:27:48.290,0.9937,0.99385,1.50,2.25
2013.03.21 05:27:52.463,0.9937,0.99387,3.00,1.50
2013.03.21 05:27:54.692,0.9937,0.99386,3.00,3.00
2013.03.21 05:28:02.424,0.99369,0.99385,1.50,1.50
2013.03.21 05:28:02.553,0.99369,0.99383,1.50,3.00
2013.03.21 05:28:02.793,0.99367,0.9938,1.50,1.50
2013.03.21 05:28:03.233,0.99367,0.99381,3.19,2.25
2013.03.21 05:28:03.293,0.99367,0.99385,5.44,1.50
2013.03.21 05:28:03.532,0.99368,0.99386,1.69,2.25
2013.03.21 05:28:04.128,0.99368,0.99386,2.44,1.50
2013.03.21 05:28:04.798,0.99369,0.99387,3.19,2.25
2013.03.21 05:28:12.342,0.99369,0.99387,2.07,2.25
2013.03.21 05:28:17.071,0.99369,0.99387,2.07,2.25
2013.03.21 05:28:19.374,0.9937,0.99387,1.69,2.25
2013.03.21 05:28:20.292,0.99371,0.99387,1.69,1.50
2013.03.21 05:28:25.332,0.9937,0.99387,2.25,2.25
2013.03.21 05:28:26.092,0.9937,0.99387,2.25,2.25
2013.03.21 05:28:30.924,0.99369,0.99387,2.07,2.25
2013.03.21 05:28:39.072,0.99368,0.99386,3.19,2.25
2013.03.21 05:28:40.278,0.99368,0.99386,3.19,2.25
2013.03.21 05:28:41.038,0.99368,0.99386,3.19,2.25
2013.03.21 05:28:41.862,0.99368,0.99386,3.19,2.25
2013.03.21 05:28:43.683,0.99369,0.99386,1.50,2.25
2013.03.21 05:28:43.803,0.99372,0.99389,1.50,1.50
2013.03.21 05:28:44.379,0.99372,0.99389,1.50,1.50
2013.03.21 05:28:48.508,0.99372,0.99389,3.00,1.50
2013.03.21 05:28:48.693,0.99373,0.99392,3.19,1.50
2013.03.21 05:28:48.763,0.99375,0.99392,2.44,1.50
2013.03.21 05:28:48.883,0.99376,0.99394,3.00,3.38
2013.03.21 05:28:49.422,0.99378,0.99395,1.50,1.50
2013.03.21 05:28:54.655,0.99379,0.99395,2.25,1.50
2013.03.21 05:28:55.375,0.99379,0.99397,3.94,1.13
2013.03.21 05:28:58.562,0.99381,0.99398,1.88,1.50
2013.03.21 05:29:00.472,0.99382,0.99399,1.50,2.25
2013.03.21 05:29:01.453,0.99383,0.99399,1.50,1.50
2013.03.21 05:29:02.702,0.99383,0.99399,2.25,1.50
2013.03.21 05:29:03.272,0.99383,0.99399,2.25,1.50
2013.03.21 05:29:03.933,0.99383,0.99399,2.25,1.50
2013.03.21 05:29:05.484,0.99383,0.99399,1.50,2.25
2013.03.21 05:29:05.673,0.99385,0.99401,3.00,2.25
2013.03.21 05:29:06.212,0.99384,0.99401,1.50,3.75
2013.03.21 05:29:06.342,0.99384,0.994,1.50,3.00
2013.03.21 05:29:06.583,0.99382,0.99396,2.25,1.50
2013.03.21 05:29:06.703,0.9938,0.99395,1.50,1.65
2013.03.21 05:29:06.763,0.99376,0.99389,1.50,2.25
2013.03.21 05:29:07.003,0.99374,0.99389,1.69,2.25
2013.03.21 05:29:07.062,0.99374,0.99391,1.69,1.50
2013.03.21 05:29:11.162,0.99375,0.99392,2.25,2.25
2013.03.21 05:29:11.342,0.99376,0.99393,1.50,2.25
2013.03.21 05:29:12.029,0.99375,0.99392,3.00,1.50
2013.03.21 05:29:12.564,0.99377,0.99394,3.00,2.25
2013.03.21 05:29:13.233,0.9938,0.99395,1.50,1.50
2013.03.21 05:29:13.784,0.9938,0.99396,1.50,1.50
2013.03.21 05:29:16.863,0.9938,0.99397,1.88,2.25
2013.03.21 05:29:18.922,0.9938,0.99397,2.25,1.50
2013.03.21 05:29:19.223,0.99384,0.99398,1.50,1.50
2013.03.21 05:29:19.854,0.99384,0.994,1.50,2.25
2013.03.21 05:29:21.923,0.99385,0.99401,2.25,1.50
2013.03.21 05:29:24.882,0.99385,0.99402,2.25,1.50
2013.03.21 05:29:29.623,0.99385,0.99402,1.88,1.50
2013.03.21 05:29:32.642,0.99386,0.99401,1.50,1.50
2013.03.21 05:29:33.924,0.99387,0.99403,1.13,1.50
2013.03.21 05:29:33.993,0.99386,0.99403,1.50,1.50
2013.03.21 05:29:34.703,0.99386,0.99401,1.50,1.50
2013.03.21 05:29:35.232,0.99386,0.99402,1.50,1.50
2013.03.21 05:29:38.864,0.99386,0.99401,1.50,1.50
2013.03.21 05:29:39.112,0.99384,0.99401,2.44,2.25
2013.03.21 05:29:39.652,0.99382,0.994,3.00,2.25
2013.03.21 05:29:40.181,0.99382,0.994,1.50,2.25
2013.03.21 05:29:46.152,0.99382,0.994,1.50,2.25
2013.03.21 05:29:52.063,0.99382,0.994,1.50,2.63
2013.03.21 05:29:53.310,0.99382,0.994,2.25,2.63
2013.03.21 05:29:53.613,0.99385,0.994,1.50,1.88
2013.03.21 05:29:53.974,0.99383,0.99399,1.88,1.50
2013.03.21 05:29:55.812,0.99383,0.99399,1.88,1.50
2013.03.21 05:29:56.956,0.99383,0.99399,1.13,2.25
2013.03.21 05:29:57.315,0.99382,0.99396,2.63,3.00
2013.03.21 05:29:58.983,0.99383,0.99395,1.13,1.50
2013.03.21 05:29:59.223,0.99383,0.99399,1.88,2.25
2013.03.21 05:29:59.838,0.99383,0.99399,1.88,1.50
2013.03.21 05:30:00.842,0.99384,0.994,1.50,2.25
2013.03.21 05:30:04.193,0.99382,0.99399,1.50,1.50
2013.03.21 05:30:04.313,0.99382,0.99399,1.50,1.50
2013.03.21 05:30:06.063,0.99382,0.99399,2.25,1.50
2013.03.21 05:30:06.772,0.99383,0.994,2.25,2.25
2013.03.21 05:30:08.973,0.99383,0.994,2.25,3.00
2013.03.21 05:30:09.374,0.99384,0.99401,1.50,2.25
2013.03.21 05:30:09.553,0.99386,0.99404,2.07,1.50
2013.03.21 05:30:09.795,0.99388,0.99405,2.25,1.50
2013.03.21 05:30:09.923,0.99388,0.99405,1.50,3.00
2013.03.21 05:30:10.115,0.99386,0.99404,2.63,1.50
2013.03.21 05:30:10.603,0.99386,0.99402,1.13,1.50
2013.03.21 05:30:11.602,0.99386,0.99399,1.13,1.50
2013.03.21 05:30:12.142,0.99384,0.99401,3.19,1.50
2013.03.21 05:30:12.382,0.99384,0.99399,3.19,1.50
2013.03.21 05:30:17.604,0.99383,0.99397,1.50,2.25
2013.03.21 05:30:17.733,0.99383,0.99399,2.25,1.50
2013.03.21 05:30:18.262,0.99383,0.99398,1.50,1.50
2013.03.21 05:30:19.763,0.99383,0.99397,1.50,1.50
2013.03.21 05:30:22.299,0.9938,0.99397,3.00,1.50
2013.03.21 05:30:22.603,0.9938,0.99395,2.63,1.50
2013.03.21 05:30:23.138,0.9938,0.99395,2.63,2.25
2013.03.21 05:30:26.453,0.9938,0.99395,1.88,2.25
2013.03.21 05:30:27.108,0.99379,0.99394,1.13,1.50
2013.03.21 05:30:27.824,0.99379,0.99393,1.13,2.25
2013.03.21 05:30:28.643,0.99377,0.99392,1.13,1.50
2013.03.21 05:30:36.775,0.99378,0.99396,2.25,3.00
2013.03.21 05:30:37.353,0.99379,0.99396,3.00,1.50
2013.03.21 05:30:44.072,0.99379,0.99396,1.13,2.25
2013.03.21 05:30:44.869,0.99378,0.99396,3.94,3.00
2013.03.21 05:30:49.164,0.99378,0.99395,2.44,3.75
2013.03.21 05:30:49.962,0.99377,0.99393,1.32,1.50
2013.03.21 05:30:50.263,0.99379,0.99394,2.44,1.50
2013.03.21 05:30:50.812,0.99379,0.99394,2.25,1.50
2013.03.21 05:30:51.172,0.99378,0.99394,3.19,2.25
2013.03.21 05:30:52.142,0.9938,0.99394,1.50,1.50
2013.03.21 05:30:52.203,0.99381,0.99398,1.50,1.50
2013.03.21 05:30:52.263,0.99384,0.99398,1.69,1.50
2013.03.21 05:30:52.742,0.9938,0.99396,3.00,1.50
2013.03.21 05:30:53.304,0.99379,0.99395,1.50,1.50
2013.03.21 05:30:54.033,0.99379,0.99397,2.25,2.25
2013.03.21 05:30:54.584,0.99379,0.99395,1.69,1.50
2013.03.21 05:30:55.023,0.99378,0.99393,4.32,1.50
2013.03.21 05:30:55.892,0.9938,0.99395,1.50,1.50
2013.03.21 05:30:58.252,0.99376,0.99394,3.57,1.50
2013.03.21 05:30:58.454,0.99376,0.99394,3.57,2.25
2013.03.21 05:31:03.915,0.99377,0.99394,1.69,1.50
2013.03.21 05:31:04.233,0.99379,0.99395,2.44,1.50
2013.03.21 05:31:06.165,0.99379,0.99395,2.25,1.50
2013.03.21 05:31:06.475,0.99376,0.99391,3.19,1.50
2013.03.21 05:31:06.783,0.99368,0.99384,3.75,1.50
2013.03.21 05:31:07.164,0.99365,0.99383,4.32,1.50
2013.03.21 05:31:07.714,0.99366,0.99384,1.69,1.50
2013.03.21 05:31:11.068,0.99367,0.99385,1.69,1.50
2013.03.21 05:31:15.153,0.99368,0.99386,3.00,2.63
2013.03.21 05:31:15.701,0.99368,0.99386,3.19,1.88
2013.03.21 05:31:21.504,0.99368,0.99386,4.69,1.13
2013.03.21 05:31:23.420,0.99371,0.99387,1.50,2.25
2013.03.21 05:31:25.755,0.9937,0.99387,2.25,2.25
2013.03.21 05:31:26.412,0.9937,0.99388,2.25,2.25
2013.03.21 05:31:27.235,0.9937,0.99388,2.25,2.25
2013.03.21 05:31:27.543,0.99377,0.9939,2.25,1.13
2013.03.21 05:31:27.965,0.99378,0.99391,1.50,2.25
2013.03.21 05:31:28.094,0.99379,0.99395,1.50,1.13
2013.03.21 05:31:28.273,0.99381,0.99397,1.50,1.88
2013.03.21 05:31:28.825,0.99379,0.99396,1.50,1.50
2013.03.21 05:31:28.893,0.99378,0.99394,1.50,1.50
2013.03.21 05:31:29.074,0.99375,0.99393,1.50,1.50
2013.03.21 05:31:29.384,0.99377,0.99393,3.00,1.88
2013.03.21 05:31:30.000,0.99377,0.99395,3.75,1.50
2013.03.21 05:31:30.333,0.99378,0.99396,2.25,3.00
2013.03.21 05:31:30.394,0.99378,0.99395,1.50,3.75
2013.03.21 05:31:30.591,0.99376,0.99391,1.50,1.13
2013.03.21 05:31:30.655,0.99375,0.99388,1.50,2.25
2013.03.21 05:31:30.724,0.99371,0.99389,1.50,1.50
2013.03.21 05:31:31.033,0.99372,0.99388,1.50,2.25
2013.03.21 05:31:31.154,0.99374,0.99391,1.50,1.88
2013.03.21 05:31:31.224,0.99374,0.9939,1.50,1.50
2013.03.21 05:31:31.774,0.99374,0.99391,1.50,1.88
2013.03.21 05:31:31.893,0.99374,0.99391,1.50,1.13
2013.03.21 05:31:35.173,0.99374,0.99388,1.50,1.50
2013.03.21 05:31:35.413,0.99372,0.99387,1.50,1.50
2013.03.21 05:31:36.307,0.9937,0.99387,1.50,1.50
2013.03.21 05:31:36.385,0.99367,0.99385,1.69,1.50
2013.03.21 05:31:36.453,0.99367,0.99386,1.69,2.25
2013.03.21 05:31:36.956,0.99369,0.99386,1.69,1.50
2013.03.21 05:31:38.523,0.9937,0.99387,2.44,1.50
2013.03.21 05:31:39.073,0.99371,0.9939,1.69,2.63
2013.03.21 05:31:42.515,0.99374,0.9939,1.50,3.00
2013.03.21 05:31:42.823,0.99376,0.99392,1.69,1.50
2013.03.21 05:31:42.943,0.99376,0.99393,2.44,1.50
2013.03.21 05:31:49.042,0.99376,0.99392,1.69,1.50
2013.03.21 05:31:55.764,0.99376,0.99395,2.82,4.50
2013.03.21 05:31:55.825,0.99377,0.99395,2.44,3.00
2013.03.21 05:31:56.439,0.9938,0.99396,1.69,1.50
2013.03.21 05:31:57.224,0.9938,0.99396,1.69,1.50
2013.03.21 05:31:58.853,0.9938,0.99397,1.69,1.50
2013.03.21 05:31:59.033,0.99378,0.99397,1.50,4.50
2013.03.21 05:31:59.695,0.99377,0.99397,2.07,5.25
2013.03.21 05:32:04.223,0.99377,0.99394,1.32,3.00
2013.03.21 05:32:04.645,0.99375,0.99392,1.50,3.00
2013.03.21 05:32:05.360,0.99375,0.99393,1.50,2.25
2013.03.21 05:32:09.152,0.99375,0.99393,1.50,2.25
2013.03.21 05:32:09.709,0.99374,0.99392,1.50,3.00
2013.03.21 05:32:15.084,0.99374,0.99392,1.50,3.00
2013.03.21 05:32:33.413,0.99374,0.99392,1.50,3.00
2013.03.21 05:32:36.293,0.99374,0.99392,2.25,3.00
2013.03.21 05:32:36.353,0.99375,0.99392,1.50,2.25
2013.03.21 05:32:47.934,0.99377,0.99392,1.50,2.25
2013.03.21 05:32:57.974,0.99379,0.99397,3.75,1.50
2013.03.21 05:32:58.035,0.99382,0.99398,1.50,2.25
2013.03.21 05:32:58.458,0.99384,0.99398,1.50,1.50
2013.03.21 05:32:58.524,0.99386,0.99402,1.50,1.13
2013.03.21 05:32:58.644,0.99386,0.994,1.50,2.25
2013.03.21 05:32:58.834,0.99386,0.99403,1.50,1.50
2013.03.21 05:32:58.954,0.99385,0.99401,1.50,1.50
2013.03.21 05:32:59.139,0.99386,0.99406,1.50,3.00
2013.03.21 05:32:59.384,0.99384,0.99401,2.25,2.25
2013.03.21 05:32:59.873,0.99386,0.99405,1.88,4.50
2013.03.21 05:32:59.994,0.99387,0.99405,1.50,2.25
2013.03.21 05:33:00.885,0.99386,0.99404,1.13,1.50
2013.03.21 05:33:01.015,0.99385,0.99398,1.88,2.25
2013.03.21 05:33:01.143,0.99382,0.99398,1.13,3.00
2013.03.21 05:33:01.756,0.99382,0.99398,1.13,3.00
2013.03.21 05:33:02.415,0.99382,0.99399,1.13,2.25
2013.03.21 05:33:02.564,0.99382,0.99397,1.13,2.25
2013.03.21 05:33:03.004,0.99382,0.99397,2.63,2.25
2013.03.21 05:33:03.135,0.99382,0.99399,2.63,1.50
2013.03.21 05:33:05.265,0.99384,0.99401,1.88,2.25
2013.03.21 05:33:05.333,0.99386,0.99402,1.50,1.50
2013.03.21 05:33:05.513,0.99387,0.99404,1.69,2.25
2013.03.21 05:33:05.770,0.99388,0.99403,1.50,2.25
2013.03.21 05:33:05.907,0.99388,0.99403,1.50,1.50
2013.03.21 05:33:06.333,0.99386,0.994,1.50,1.50
2013.03.21 05:33:06.953,0.99388,0.994,1.50,1.50
2013.03.21 05:33:07.504,0.99387,0.994,1.50,1.50
2013.03.21 05:33:07.864,0.99388,0.99403,2.25,2.25
2013.03.21 05:33:08.273,0.99388,0.99403,2.25,2.25
2013.03.21 05:33:09.524,0.99388,0.99405,1.69,1.50
2013.03.21 05:33:09.893,0.99388,0.99406,1.69,1.50
2013.03.21 05:33:10.013,0.9939,0.9941,3.94,1.13
2013.03.21 05:33:10.573,0.99393,0.99412,1.50,2.63
2013.03.21 05:33:11.673,0.99391,0.9941,2.44,1.13
2013.03.21 05:33:13.014,0.99391,0.99409,2.25,1.50
2013.03.21 05:33:13.085,0.99391,0.99408,1.50,1.50
2013.03.21 05:33:13.332,0.99389,0.99406,1.50,2.25
2013.03.21 05:33:13.903,0.99387,0.99405,1.32,3.00
2013.03.21 05:33:14.583,0.99388,0.99407,1.69,2.25
2013.03.21 05:33:17.184,0.99388,0.99407,2.44,1.88
2013.03.21 05:33:17.878,0.99391,0.99407,1.50,1.13
2013.03.21 05:33:18.383,0.99392,0.99408,1.50,1.50
2013.03.21 05:33:18.684,0.99395,0.9941,1.50,1.50
2013.03.21 05:33:18.816,0.99395,0.99413,1.50,2.63
2013.03.21 05:33:19.244,0.99395,0.99414,3.94,1.50
2013.03.21 05:33:19.554,0.99395,0.99412,1.50,1.50
2013.03.21 05:33:22.405,0.99397,0.99413,1.50,2.63
2013.03.21 05:33:22.476,0.99395,0.99413,2.25,1.88
2013.03.21 05:33:22.543,0.99395,0.99413,3.19,1.88
2013.03.21 05:33:22.904,0.99398,0.99417,2.44,1.50
2013.03.21 05:33:23.143,0.99397,0.99416,4.50,2.25
2013.03.21 05:33:23.393,0.99397,0.99414,2.25,3.00
2013.03.21 05:33:23.513,0.99395,0.99411,1.88,1.50
2013.03.21 05:33:23.873,0.99394,0.99411,1.50,1.50
2013.03.21 05:33:24.174,0.99391,0.99409,1.50,1.50
2013.03.21 05:33:24.713,0.9939,0.9941,2.07,2.25
2013.03.21 05:33:25.523,0.9939,0.99409,1.50,3.00
2013.03.21 05:33:25.584,0.99388,0.99407,1.88,2.25
2013.03.21 05:33:26.123,0.99387,0.99406,1.50,3.75
2013.03.21 05:33:26.423,0.99389,0.99408,1.50,2.25
2013.03.21 05:33:26.858,0.9939,0.99408,1.50,1.50
2013.03.21 05:33:27.520,0.99389,0.99408,1.69,2.25
2013.03.21 05:33:28.034,0.99389,0.99407,1.69,1.50
2013.03.21 05:33:28.364,0.99385,0.99399,1.50,1.50
2013.03.21 05:33:28.424,0.99385,0.99399,1.50,1.50
2013.03.21 05:33:29.036,0.99381,0.99395,1.13,2.25
2013.03.21 05:33:29.115,0.9938,0.99395,1.50,1.50
2013.03.21 05:33:29.246,0.99384,0.99396,1.50,1.13
2013.03.21 05:33:29.625,0.99382,0.99398,1.50,1.50
2013.03.21 05:33:30.143,0.99382,0.99399,1.50,2.25
2013.03.21 05:33:30.263,0.99383,0.99399,2.25,1.50
2013.03.21 05:33:30.323,0.99382,0.99399,2.25,1.50
2013.03.21 05:33:31.593,0.99382,0.99397,2.25,1.50
2013.03.21 05:33:32.044,0.99382,0.994,2.25,2.25
2013.03.21 05:33:32.933,0.99382,0.99401,3.94,1.50
2013.03.21 05:33:37.484,0.99385,0.994,2.25,1.50
2013.03.21 05:33:37.723,0.99386,0.99405,3.75,3.00
2013.03.21 05:33:37.974,0.99386,0.99402,2.25,2.25
2013.03.21 05:33:38.094,0.99386,0.99404,2.44,2.25
2013.03.21 05:33:38.343,0.99388,0.99405,1.50,2.25
2013.03.21 05:33:38.703,0.99386,0.99403,3.00,2.25
2013.03.21 05:33:38.883,0.99385,0.99405,2.25,3.00
2013.03.21 05:33:38.953,0.99385,0.99403,3.00,1.50
2013.03.21 05:33:39.653,0.99386,0.99403,1.50,1.50
2013.03.21 05:33:40.393,0.99385,0.99403,3.94,1.50
2013.03.21 05:33:40.933,0.99385,0.99401,1.69,1.50
2013.03.21 05:33:41.053,0.99385,0.99401,1.50,3.00
2013.03.21 05:33:41.543,0.99383,0.99397,1.50,1.50
2013.03.21 05:33:41.724,0.99384,0.994,1.50,1.50
2013.03.21 05:33:42.413,0.99383,0.99399,1.50,1.50
2013.03.21 05:33:43.224,0.99382,0.99399,1.13,1.50
2013.03.21 05:33:43.783,0.99383,0.99401,1.50,1.50
2013.03.21 05:33:44.143,0.99382,0.99396,1.50,3.00
2013.03.21 05:33:44.204,0.99382,0.99396,1.50,3.00
2013.03.21 05:33:44.333,0.99382,0.99399,2.25,1.50
2013.03.21 05:33:44.574,0.99382,0.99398,1.50,1.50
2013.03.21 05:33:44.813,0.99382,0.99399,1.69,1.50
2013.03.21 05:33:45.134,0.99382,0.99398,1.50,2.25
2013.03.21 05:33:45.493,0.99385,0.99402,1.50,2.25
2013.03.21 05:33:48.424,0.99383,0.99402,1.13,1.50
2013.03.21 05:33:48.733,0.99383,0.99399,1.13,2.25
2013.03.21 05:33:48.923,0.99383,0.994,1.13,1.50
2013.03.21 05:33:48.983,0.99383,0.994,1.13,3.75
2013.03.21 05:33:49.284,0.99383,0.99397,1.13,3.00
2013.03.21 05:33:49.925,0.99382,0.994,2.25,3.00
2013.03.21 05:33:50.393,0.99382,0.99401,1.50,1.50
2013.03.21 05:33:50.944,0.99384,0.99402,2.82,2.25
2013.03.21 05:33:51.134,0.99384,0.99403,4.32,2.25
2013.03.21 05:33:51.623,0.99385,0.994,1.69,3.00
2013.03.21 05:33:52.115,0.99383,0.994,1.50,1.50
2013.03.21 05:33:52.603,0.99382,0.99399,1.69,2.25
2013.03.21 05:33:52.723,0.99382,0.99399,2.44,1.50
2013.03.21 05:33:53.503,0.99382,0.99399,1.69,2.25
2013.03.21 05:33:53.574,0.99383,0.99399,1.50,1.50
2013.03.21 05:33:56.523,0.99383,0.994,1.50,3.00
2013.03.21 05:33:57.074,0.99383,0.994,1.50,1.50
2013.03.21 05:34:09.453,0.99383,0.994,1.50,2.25
2013.03.21 05:34:09.755,0.99382,0.994,1.88,2.25
2013.03.21 05:34:10.253,0.99382,0.99395,1.13,2.25
2013.03.21 05:34:10.433,0.99382,0.99397,1.13,2.25
2013.03.21 05:34:10.493,0.99382,0.99395,1.13,2.25
2013.03.21 05:34:11.054,0.99379,0.99396,2.25,3.75
2013.03.21 05:34:11.412,0.99382,0.99397,1.50,2.25
2013.03.21 05:34:12.389,0.99382,0.99396,1.50,2.25
2013.03.21 05:34:13.385,0.99382,0.99398,1.50,3.00
2013.03.21 05:34:13.754,0.99382,0.99395,1.50,2.25
2013.03.21 05:34:15.243,0.9938,0.99397,1.50,3.00
2013.03.21 05:34:15.364,0.99383,0.99398,2.25,2.25
2013.03.21 05:34:15.724,0.99383,0.99396,1.50,2.25
2013.03.21 05:34:16.747,0.99382,0.99394,1.50,1.50
2013.03.21 05:34:17.263,0.99381,0.99394,1.50,1.50
2013.03.21 05:34:19.032,0.99379,0.99394,2.25,2.25
2013.03.21 05:34:19.743,0.99379,0.99392,1.50,1.50
2013.03.21 05:34:19.933,0.99379,0.99391,1.50,2.25
2013.03.21 05:34:24.044,0.99379,0.99393,1.50,3.00
2013.03.21 05:34:26.374,0.99378,0.99394,1.50,1.50
2013.03.21 05:34:26.564,0.99381,0.99395,1.50,1.13
2013.03.21 05:34:26.623,0.99381,0.99398,1.50,2.25
2013.03.21 05:34:26.744,0.99383,0.99397,1.50,1.50
2013.03.21 05:34:27.437,0.99383,0.99399,1.50,1.50
2013.03.21 05:34:27.765,0.99383,0.99397,1.50,2.25
2013.03.21 05:34:28.744,0.9938,0.99396,1.50,1.50
2013.03.21 05:34:29.107,0.99379,0.99393,2.25,2.25
2013.03.21 05:34:29.174,0.99379,0.99394,2.25,1.50
2013.03.21 05:34:29.294,0.99379,0.99394,2.25,1.50
2013.03.21 05:34:29.833,0.9938,0.99397,1.13,3.38
2013.03.21 05:34:33.343,0.99382,0.99394,1.50,1.50
2013.03.21 05:34:33.933,0.99378,0.99394,3.75,2.25
2013.03.21 05:34:34.933,0.99378,0.99395,2.25,1.50
2013.03.21 05:34:40.312,0.99381,0.99397,1.88,1.50
2013.03.21 05:34:40.992,0.99381,0.99397,2.07,1.50
2013.03.21 05:34:41.642,0.99381,0.99397,1.32,2.25
2013.03.21 05:34:42.533,0.99381,0.99395,1.32,3.00
2013.03.21 05:34:42.663,0.99381,0.99397,1.32,2.25
2013.03.21 05:34:42.723,0.99381,0.99396,1.32,1.50
2013.03.21 05:34:50.523,0.99379,0.99394,1.50,1.50
2013.03.21 05:34:58.203,0.9938,0.99394,1.50,3.00
2013.03.21 05:34:58.724,0.9938,0.99394,1.50,3.00
2013.03.21 05:34:58.795,0.9938,0.99396,1.50,1.50
2013.03.21 05:34:59.463,0.99378,0.99395,3.00,1.50
2013.03.21 05:34:59.945,0.99378,0.99394,2.25,3.00
2013.03.21 05:35:00.555,0.99379,0.99394,1.50,3.00
2013.03.21 05:35:01.815,0.99378,0.99395,2.25,3.75
2013.03.21 05:35:13.883,0.99378,0.99394,5.63,1.50
2013.03.21 05:35:14.193,0.99379,0.99393,1.50,1.50
2013.03.21 05:35:14.444,0.99376,0.99393,6.00,1.50
2013.03.21 05:35:15.003,0.99378,0.99394,1.50,1.50
2013.03.21 05:35:19.735,0.99376,0.99389,4.50,1.50
2013.03.21 05:35:20.893,0.99376,0.99389,4.50,2.25
2013.03.21 05:35:21.433,0.99376,0.9939,4.50,2.25
2013.03.21 05:35:21.996,0.99376,0.99389,4.50,2.25
2013.03.21 05:35:24.964,0.99372,0.99385,1.50,1.50
2013.03.21 05:35:25.024,0.99372,0.99385,1.50,2.25
2013.03.21 05:35:25.083,0.9937,0.99385,1.50,3.75
2013.03.21 05:35:25.203,0.99367,0.99383,4.13,3.75
2013.03.21 05:35:25.563,0.99364,0.99379,1.50,3.00
2013.03.21 05:35:25.688,0.99364,0.99379,1.50,3.00
2013.03.21 05:35:25.814,0.9936,0.99378,1.50,3.75
2013.03.21 05:35:25.943,0.99359,0.99377,1.50,2.25
2013.03.21 05:35:26.003,0.99358,0.99376,1.88,1.50
2013.03.21 05:35:26.194,0.99359,0.99376,2.25,2.25
2013.03.21 05:35:26.609,0.99363,0.99377,1.50,1.50
2013.03.21 05:35:30.024,0.99363,0.99378,1.50,1.50
2013.03.21 05:35:30.614,0.99364,0.99379,1.50,1.50
2013.03.21 05:35:30.675,0.99364,0.99379,2.44,1.50
2013.03.21 05:35:31.286,0.99363,0.99379,2.82,1.50
2013.03.21 05:35:32.174,0.99363,0.99379,2.82,1.50
2013.03.21 05:35:35.203,0.99363,0.99379,2.44,1.50
2013.03.21 05:35:36.088,0.99363,0.99378,1.69,1.50
2013.03.21 05:35:37.338,0.99362,0.99379,1.69,1.50
2013.03.21 05:35:38.934,0.99359,0.99376,4.13,1.50
2013.03.21 05:35:39.234,0.99359,0.99376,3.00,1.50
2013.03.21 05:35:40.743,0.99359,0.99375,2.25,1.50
2013.03.21 05:35:42.685,0.99358,0.99375,2.07,1.50
2013.03.21 05:35:44.963,0.99358,0.99374,1.32,1.50
2013.03.21 05:35:45.512,0.99355,0.99372,1.69,1.50
2013.03.21 05:35:45.813,0.99354,0.99372,5.07,2.25
2013.03.21 05:35:46.422,0.99356,0.99373,1.50,2.25
2013.03.21 05:35:46.973,0.99356,0.99373,1.69,2.25
2013.03.21 05:35:47.512,0.99358,0.99373,1.50,2.25
2013.03.21 05:35:48.164,0.99359,0.99373,3.75,2.25
2013.03.21 05:35:48.413,0.99362,0.99376,1.50,1.50
2013.03.21 05:35:48.473,0.99362,0.99374,1.50,1.50
2013.03.21 05:35:48.773,0.9936,0.99374,1.50,1.50
2013.03.21 05:35:48.855,0.9936,0.99374,1.50,2.25
2013.03.21 05:35:49.394,0.9936,0.99373,1.50,2.25
2013.03.21 05:35:50.382,0.9936,0.99374,1.50,2.25
2013.03.21 05:35:50.754,0.99359,0.99376,3.94,1.50
2013.03.21 05:35:50.873,0.99361,0.99376,1.50,1.50
2013.03.21 05:35:50.934,0.99361,0.99376,1.50,2.25
2013.03.21 05:35:51.003,0.99361,0.99373,2.25,1.50
2013.03.21 05:35:51.063,0.99361,0.99373,1.50,1.50
2013.03.21 05:35:51.184,0.99361,0.99376,1.50,1.50
2013.03.21 05:35:51.893,0.99363,0.99376,2.25,2.25
2013.03.21 05:35:52.233,0.99361,0.99373,1.50,1.50
2013.03.21 05:35:52.413,0.9936,0.99373,1.50,1.50
2013.03.21 05:35:52.473,0.99359,0.99376,4.50,1.50
2013.03.21 05:35:52.593,0.99361,0.99376,1.50,2.25
2013.03.21 05:35:53.095,0.99362,0.99376,1.50,2.25
2013.03.21 05:35:53.717,0.99362,0.99376,1.50,2.25
2013.03.21 05:35:54.850,0.99362,0.99376,1.50,2.25
2013.03.21 05:35:55.154,0.9936,0.99373,1.50,2.25
2013.03.21 05:35:55.213,0.9936,0.99375,1.50,1.50
2013.03.21 05:35:55.274,0.9936,0.99376,1.50,1.50
2013.03.21 05:35:55.613,0.99362,0.99376,1.50,1.50
2013.03.21 05:35:56.304,0.99362,0.99376,1.50,1.50
2013.03.21 05:35:56.544,0.99359,0.99376,2.44,2.25
2013.03.21 05:35:56.903,0.9936,0.99376,1.50,2.25
2013.03.21 05:35:57.204,0.99362,0.99376,1.50,1.50
2013.03.21 05:35:57.563,0.99363,0.99378,1.50,1.50
2013.03.21 05:36:01.543,0.99363,0.99378,1.69,1.50
2013.03.21 05:36:01.723,0.99363,0.99379,1.69,1.50
2013.03.21 05:36:02.254,0.99365,0.99379,1.13,1.50
2013.03.21 05:36:02.780,0.99365,0.99378,1.69,1.50
2013.03.21 05:36:04.903,0.99365,0.99378,1.13,1.50
2013.03.21 05:36:05.425,0.99365,0.99378,1.50,1.50
2013.03.21 05:36:07.964,0.99361,0.99379,2.82,2.25
2013.03.21 05:36:08.504,0.99361,0.99379,2.82,3.00
2013.03.21 05:36:12.413,0.99361,0.99378,2.07,2.25
2013.03.21 05:36:12.474,0.99361,0.99377,1.32,3.75
2013.03.21 05:36:12.653,0.9936,0.99377,1.88,3.75
2013.03.21 05:36:13.346,0.99361,0.99377,1.13,3.00
2013.03.21 05:36:13.654,0.99365,0.9938,1.54,1.50
2013.03.21 05:36:14.406,0.99365,0.99381,1.69,2.25
2013.03.21 05:36:15.333,0.99366,0.99381,2.07,1.50
2013.03.21 05:36:15.453,0.99367,0.99382,1.50,1.50
2013.03.21 05:36:15.965,0.99367,0.99382,2.44,1.50
2013.03.21 05:36:16.753,0.99367,0.99382,2.44,1.50
2013.03.21 05:36:17.763,0.99367,0.99382,2.63,1.50
2013.03.21 05:36:17.944,0.99367,0.99381,1.50,2.25
2013.03.21 05:36:18.636,0.99365,0.99381,3.19,2.25
2013.03.21 05:36:20.913,0.99365,0.99379,3.19,1.50
2013.03.21 05:36:21.538,0.99365,0.99377,2.44,1.50
2013.03.21 05:36:22.273,0.99365,0.9938,2.44,3.00
2013.03.21 05:36:24.503,0.99363,0.99378,1.69,2.25
2013.03.21 05:36:24.863,0.99361,0.99375,1.69,1.50
2013.03.21 05:36:25.162,0.99358,0.99373,2.63,1.50
2013.03.21 05:36:25.284,0.99358,0.99372,1.69,3.00
2013.03.21 05:36:25.642,0.99357,0.99371,1.69,1.50
2013.03.21 05:36:26.200,0.99358,0.99372,2.44,1.13
2013.03.21 05:36:26.703,0.99357,0.99373,1.69,1.50
2013.03.21 05:36:26.943,0.99357,0.99373,1.69,1.50
2013.03.21 05:36:27.063,0.99359,0.99373,1.69,1.50
2013.03.21 05:36:27.697,0.99359,0.99373,3.94,1.50
2013.03.21 05:36:28.824,0.99356,0.99371,1.32,1.50
2013.03.21 05:36:29.369,0.99355,0.9937,1.69,1.50
2013.03.21 05:36:30.293,0.99354,0.99371,3.19,2.25
2013.03.21 05:36:30.709,0.99356,0.99371,2.44,1.50
2013.03.21 05:36:32.654,0.99356,0.99371,1.69,1.50
2013.03.21 05:36:34.424,0.99357,0.99372,1.69,1.50
2013.03.21 05:36:35.410,0.99359,0.99373,2.44,1.50
2013.03.21 05:36:43.967,0.99359,0.99373,1.50,1.50
2013.03.21 05:36:44.120,0.99359,0.99373,1.69,1.50
2013.03.21 05:36:44.323,0.99359,0.99375,1.69,1.50
2013.03.21 05:36:46.464,0.99359,0.99375,2.25,1.50
2013.03.21 05:36:46.584,0.9936,0.99375,2.25,1.50
2013.03.21 05:36:47.627,0.99362,0.99375,1.13,1.50
2013.03.21 05:36:49.673,0.9936,0.99375,2.44,1.50
2013.03.21 05:36:50.369,0.99361,0.99376,2.44,3.00
2013.03.21 05:36:52.323,0.9936,0.99376,2.44,3.00
2013.03.21 05:36:56.513,0.9936,0.99375,2.44,2.25
2013.03.21 05:36:56.815,0.99361,0.99373,2.25,1.50
2013.03.21 05:36:56.883,0.99357,0.99373,1.69,1.50
2013.03.21 05:36:57.003,0.99357,0.99373,2.44,1.50
2013.03.21 05:36:57.123,0.99359,0.99377,2.44,1.50
2013.03.21 05:36:57.364,0.99366,0.99382,1.69,3.00
2013.03.21 05:36:57.423,0.99366,0.99382,1.50,3.00
2013.03.21 05:36:57.674,0.99364,0.99379,1.69,2.25
2013.03.21 05:36:57.854,0.99362,0.99378,2.63,1.50
2013.03.21 05:36:58.385,0.99362,0.9938,3.00,2.25
2013.03.21 05:36:58.543,0.99362,0.9938,2.25,3.00
2013.03.21 05:36:59.226,0.99362,0.9938,1.69,2.25
2013.03.21 05:37:01.323,0.99362,0.99379,1.69,1.50
2013.03.21 05:37:06.043,0.99362,0.9938,1.50,3.75
2013.03.21 05:37:08.984,0.99362,0.99379,1.50,1.50
2013.03.21 05:37:09.792,0.99362,0.9938,2.25,3.75
2013.03.21 05:37:11.583,0.99362,0.9938,1.69,3.75
2013.03.21 05:37:12.093,0.9936,0.99377,1.50,1.50
2013.03.21 05:37:12.955,0.99359,0.99377,1.69,1.50
2013.03.21 05:37:13.544,0.99359,0.99375,1.50,1.50
2013.03.21 05:37:14.023,0.99358,0.99374,1.88,2.25
2013.03.21 05:37:14.635,0.99358,0.99374,1.69,2.25
2013.03.21 05:37:14.955,0.99362,0.99378,1.88,2.25
2013.03.21 05:37:15.405,0.9936,0.99376,1.69,1.50
2013.03.21 05:37:15.953,0.99359,0.99375,3.19,1.50
2013.03.21 05:37:16.480,0.99359,0.99376,3.19,3.00
2013.03.21 05:37:17.013,0.9936,0.99377,3.00,1.50
2013.03.21 05:37:19.824,0.99361,0.99378,1.69,1.50
2013.03.21 05:37:19.944,0.99363,0.99379,1.69,1.50
2013.03.21 05:37:21.246,0.99363,0.99379,2.44,1.50
2013.03.21 05:37:24.764,0.99362,0.99378,1.69,1.50
2013.03.21 05:37:25.013,0.9936,0.99376,1.69,1.50
2013.03.21 05:37:25.194,0.99365,0.99378,1.50,1.50
2013.03.21 05:37:25.254,0.99365,0.99379,1.50,1.88
2013.03.21 05:37:25.315,0.99365,0.99378,2.44,1.50
2013.03.21 05:37:25.563,0.99363,0.99378,1.88,2.85
2013.03.21 05:37:26.063,0.99361,0.99378,1.50,3.60
2013.03.21 05:37:28.024,0.99361,0.99378,1.50,2.85
2013.03.21 05:37:28.323,0.99361,0.99376,1.69,1.50
2013.03.21 05:37:28.464,0.99362,0.99378,1.50,3.60
2013.03.21 05:37:29.500,0.99364,0.99378,1.50,2.25
2013.03.21 05:37:29.807,0.99365,0.99382,1.69,3.75
2013.03.21 05:37:35.154,0.99365,0.99382,1.69,2.25
2013.03.21 05:37:36.453,0.99365,0.99381,1.69,1.13
2013.03.21 05:37:37.004,0.99363,0.9938,1.69,2.25
2013.03.21 05:37:38.155,0.99363,0.9938,1.69,2.25
2013.03.21 05:37:38.654,0.99363,0.99379,1.69,2.25
2013.03.21 05:37:39.064,0.9936,0.99376,2.07,1.50
2013.03.21 05:37:39.243,0.99361,0.99376,1.69,1.50
2013.03.21 05:37:40.685,0.99366,0.99379,1.50,2.25
2013.03.21 05:37:41.004,0.99364,0.99381,1.69,1.50
2013.03.21 05:37:41.064,0.99364,0.99381,1.88,1.50
2013.03.21 05:37:41.605,0.99364,0.99381,1.69,1.50
2013.03.21 05:37:42.935,0.99364,0.99381,1.69,1.50
2013.03.21 05:37:45.673,0.99364,0.99381,3.19,1.50
2013.03.21 05:37:45.734,0.99365,0.99382,1.50,3.75
2013.03.21 05:37:45.793,0.99366,0.99382,2.25,1.50
2013.03.21 05:37:46.597,0.99365,0.99382,5.44,1.50
2013.03.21 05:37:46.670,0.99364,0.99381,1.69,1.50
2013.03.21 05:37:47.173,0.99364,0.99381,1.50,2.25
2013.03.21 05:37:47.237,0.99364,0.99378,1.50,1.50
2013.03.21 05:37:48.868,0.99363,0.99378,1.50,1.50
2013.03.21 05:37:49.186,0.99362,0.99378,1.50,1.50
2013.03.21 05:37:49.816,0.9936,0.99378,1.69,3.00
2013.03.21 05:37:55.804,0.9936,0.99378,1.50,3.00
2013.03.21 05:37:56.375,0.99361,0.99378,1.69,1.50
2013.03.21 05:37:58.744,0.99363,0.99379,3.19,2.25
2013.03.21 05:37:59.623,0.99363,0.99379,3.94,1.50
2013.03.21 05:38:00.723,0.99363,0.99379,1.69,2.25
2013.03.21 05:38:01.204,0.99363,0.99379,1.88,3.00
2013.03.21 05:38:03.003,0.99361,0.99379,3.94,2.25
2013.03.21 05:38:03.671,0.99362,0.99379,2.44,1.50
2013.03.21 05:38:11.173,0.99362,0.99379,1.88,2.25
2013.03.21 05:38:11.756,0.99362,0.99377,1.13,1.50
2013.03.21 05:38:12.404,0.99359,0.99376,1.69,2.25
2013.03.21 05:38:16.762,0.99358,0.99375,1.69,2.63
2013.03.21 05:38:16.978,0.99355,0.99373,2.44,3.00
2013.03.21 05:38:17.188,0.99355,0.99372,1.69,1.50
2013.03.21 05:38:17.315,0.99354,0.9937,1.69,1.50
2013.03.21 05:38:17.563,0.99356,0.99373,1.69,2.25
2013.03.21 05:38:17.865,0.99356,0.99373,1.69,1.50
2013.03.21 05:38:19.366,0.99357,0.99373,1.69,2.25
2013.03.21 05:38:19.894,0.99356,0.99373,2.44,1.50
2013.03.21 05:38:26.093,0.99357,0.99373,1.50,2.25
2013.03.21 05:38:29.386,0.99357,0.99373,1.13,3.75
2013.03.21 05:38:30.234,0.99357,0.99373,1.50,2.25
2013.03.21 05:38:30.424,0.9936,0.99374,1.50,3.00
2013.03.21 05:38:30.554,0.9936,0.99377,1.50,1.50
2013.03.21 05:38:31.033,0.99359,0.99373,1.50,2.25
2013.03.21 05:38:31.093,0.99359,0.99373,1.50,2.25
2013.03.21 05:38:32.243,0.99359,0.99376,1.69,2.25
2013.03.21 05:38:32.485,0.99359,0.99376,2.44,2.25
2013.03.21 05:38:32.553,0.99359,0.99377,2.44,1.50
2013.03.21 05:38:35.964,0.99361,0.99377,1.50,1.50
2013.03.21 05:38:36.334,0.99359,0.99376,1.50,1.50
2013.03.21 05:38:36.643,0.99357,0.99373,2.82,1.50
2013.03.21 05:38:37.156,0.99355,0.99374,3.19,1.50
2013.03.21 05:38:37.696,0.99356,0.99373,1.69,1.50
2013.03.21 05:38:39.409,0.99354,0.99372,3.19,2.25
2013.03.21 05:38:40.059,0.99354,0.99372,1.69,3.00
2013.03.21 05:38:40.706,0.99355,0.99372,1.69,2.25
2013.03.21 05:38:40.893,0.99356,0.99373,1.69,1.50
2013.03.21 05:38:41.590,0.99356,0.99373,1.50,1.50
2013.03.21 05:38:41.834,0.99356,0.99374,2.44,2.25
2013.03.21 05:38:42.444,0.99356,0.99373,2.44,1.50
2013.03.21 05:38:43.049,0.99356,0.99373,1.69,1.50
2013.03.21 05:38:48.073,0.99355,0.99371,1.69,2.25
2013.03.21 05:38:51.606,0.99355,0.99371,1.69,2.25
2013.03.21 05:38:51.733,0.99355,0.99371,1.69,1.50
2013.03.21 05:38:53.274,0.99355,0.99371,1.50,2.25
2013.03.21 05:38:53.785,0.99355,0.99371,3.00,2.25
2013.03.21 05:38:54.154,0.99356,0.99371,1.69,1.50
2013.03.21 05:38:54.214,0.99357,0.99371,1.69,1.50
2013.03.21 05:38:54.573,0.99358,0.99375,1.69,1.50
2013.03.21 05:38:55.376,0.99358,0.99375,1.69,1.50
2013.03.21 05:39:03.814,0.99358,0.99376,2.44,2.63
2013.03.21 05:39:07.003,0.99357,0.99373,2.44,2.25
2013.03.21 05:39:07.303,0.99356,0.99373,1.50,2.25
2013.03.21 05:39:10.413,0.99356,0.99373,2.25,1.50
2013.03.21 05:39:10.534,0.99357,0.99375,3.00,3.00
2013.03.21 05:39:10.655,0.99359,0.99375,1.50,1.50
2013.03.21 05:39:10.844,0.99362,0.99379,1.50,2.25
2013.03.21 05:39:10.964,0.99362,0.9938,2.44,3.00
2013.03.21 05:39:11.264,0.99365,0.99381,1.50,1.13
2013.03.21 05:39:11.870,0.99365,0.99382,1.69,1.13
2013.03.21 05:39:11.933,0.99365,0.99382,1.69,1.13
2013.03.21 05:39:12.539,0.99365,0.99383,1.69,2.63
2013.03.21 05:39:13.514,0.99365,0.99382,1.50,1.13
2013.03.21 05:39:15.115,0.99364,0.99382,1.50,1.50
2013.03.21 05:39:15.364,0.99368,0.99385,1.50,1.50
2013.03.21 05:39:15.905,0.99368,0.99385,3.00,1.50
2013.03.21 05:39:19.423,0.99369,0.99385,1.50,1.50
2013.03.21 05:39:23.607,0.99368,0.99383,1.50,1.50
2013.03.21 05:39:26.625,0.99366,0.99383,1.50,1.50
2013.03.21 05:39:27.315,0.99366,0.99382,1.50,1.50
2013.03.21 05:39:29.055,0.99367,0.99383,1.50,1.50
2013.03.21 05:39:29.114,0.9937,0.99384,2.25,1.50
2013.03.21 05:39:29.174,0.9937,0.99386,2.25,1.50
2013.03.21 05:39:29.353,0.9937,0.99386,2.44,1.50
2013.03.21 05:39:29.414,0.9937,0.99386,3.19,1.50
2013.03.21 05:39:30.024,0.99374,0.99386,1.50,2.25
2013.03.21 05:39:30.383,0.99368,0.9938,1.50,3.00
2013.03.21 05:39:32.735,0.99368,0.99381,2.25,1.50
2013.03.21 05:39:40.324,0.99367,0.99381,1.50,1.50
2013.03.21 05:39:40.928,0.99367,0.99381,3.00,1.50
2013.03.21 05:39:41.596,0.99367,0.9938,3.00,1.50
2013.03.21 05:39:41.664,0.99365,0.9938,3.00,1.50
2013.03.21 05:39:42.286,0.99365,0.99381,3.00,1.50
2013.03.21 05:39:45.752,0.99365,0.99381,2.25,2.25
2013.03.21 05:39:50.663,0.99365,0.99381,3.00,1.50
2013.03.21 05:39:51.914,0.99365,0.99381,2.44,1.50
2013.03.21 05:39:51.976,0.99367,0.99384,1.50,2.25
2013.03.21 05:39:52.104,0.99365,0.99384,3.00,4.50
2013.03.21 05:39:52.294,0.99368,0.99384,3.00,2.25
2013.03.21 05:39:53.024,0.9937,0.99384,1.50,1.50
2013.03.21 05:39:53.325,0.99372,0.99387,1.50,1.50
2013.03.21 05:39:53.634,0.99374,0.9939,1.50,1.50
2013.03.21 05:39:53.933,0.99374,0.99389,1.50,3.00
2013.03.21 05:39:54.235,0.9937,0.99385,2.25,2.25
2013.03.21 05:39:54.553,0.99368,0.99381,3.00,1.50
2013.03.21 05:39:55.623,0.99367,0.99381,3.00,1.50
2013.03.21 05:39:57.185,0.99367,0.99382,3.00,1.50
2013.03.21 05:39:57.685,0.99367,0.99382,2.63,1.50
2013.03.21 05:39:58.026,0.9937,0.99384,1.50,1.50
2013.03.21 05:39:58.094,0.99371,0.99385,1.50,1.50
2013.03.21 05:39:58.345,0.99372,0.99389,3.94,1.88
2013.03.21 05:39:58.774,0.99373,0.99386,3.00,1.50
2013.03.21 05:39:58.843,0.99371,0.99386,2.44,1.50
2013.03.21 05:39:58.904,0.99371,0.99385,2.44,2.25
2013.03.21 05:39:59.145,0.99368,0.99381,1.50,1.50
2013.03.21 05:39:59.453,0.99365,0.99379,1.50,2.25
2013.03.21 05:39:59.515,0.99364,0.99378,3.75,1.50
2013.03.21 05:40:04.923,0.99363,0.99378,1.50,1.50
2013.03.21 05:40:05.334,0.9936,0.99377,1.69,1.50
2013.03.21 05:40:05.393,0.99359,0.99376,2.44,3.00
2013.03.21 05:40:05.814,0.99359,0.99377,1.50,3.00
2013.03.21 05:40:06.833,0.99359,0.99377,2.25,2.25
2013.03.21 05:40:07.391,0.9936,0.99378,1.50,3.00
2013.03.21 05:40:07.946,0.99361,0.99378,3.00,2.25
2013.03.21 05:40:08.194,0.99365,0.99379,2.25,1.13
2013.03.21 05:40:08.314,0.99365,0.99383,3.00,1.50
2013.03.21 05:40:09.835,0.99365,0.99382,2.25,1.50
2013.03.21 05:40:10.208,0.99365,0.99383,3.00,3.00
2013.03.21 05:40:10.276,0.99365,0.99383,3.75,1.50
2013.03.21 05:40:10.584,0.99369,0.99387,2.25,2.25
2013.03.21 05:40:10.884,0.99371,0.99389,2.25,1.88
2013.03.21 05:40:11.004,0.99373,0.99389,2.25,1.88
2013.03.21 05:40:11.655,0.99372,0.99389,1.50,1.88
2013.03.21 05:40:11.714,0.99371,0.99388,3.19,2.25
2013.03.21 05:40:11.833,0.99369,0.99388,1.50,2.25
2013.03.21 05:40:12.015,0.99368,0.99385,1.88,1.50
2013.03.21 05:40:12.317,0.99369,0.99388,1.50,3.00
2013.03.21 05:40:13.463,0.99369,0.99387,1.50,1.88
2013.03.21 05:40:13.525,0.99368,0.99386,2.25,1.50
2013.03.21 05:40:15.834,0.9937,0.99388,1.50,2.25
2013.03.21 05:40:16.394,0.99372,0.99389,1.50,1.50
2013.03.21 05:40:16.903,0.99369,0.99387,1.50,2.25
2013.03.21 05:40:17.215,0.99362,0.99378,6.00,1.50
2013.03.21 05:40:17.547,0.99361,0.99376,1.13,1.50
2013.03.21 05:40:18.074,0.9936,0.99375,2.82,1.50
2013.03.21 05:40:19.553,0.9936,0.99375,2.44,1.50
2013.03.21 05:40:19.856,0.99357,0.99374,2.44,1.50
2013.03.21 05:40:19.985,0.99356,0.99372,1.32,1.50
2013.03.21 05:40:20.689,0.99354,0.99372,1.69,3.75
2013.03.21 05:40:20.761,0.99357,0.99372,3.00,1.50
2013.03.21 05:40:21.350,0.99357,0.99373,3.19,1.50
2013.03.21 05:40:21.806,0.99355,0.99374,2.25,1.50
2013.03.21 05:40:24.514,0.99356,0.99374,1.69,1.50
2013.03.21 05:40:24.574,0.99358,0.99375,1.69,2.63
2013.03.21 05:40:24.994,0.99362,0.99377,2.25,1.88
2013.03.21 05:40:25.173,0.99361,0.99378,3.00,1.50
2013.03.21 05:40:34.944,0.99361,0.99379,3.75,1.50
2013.03.21 05:40:35.469,0.99362,0.9938,2.25,3.00
2013.03.21 05:40:37.184,0.99362,0.9938,3.75,2.25
2013.03.21 05:40:37.374,0.99363,0.99382,3.00,3.00
2013.03.21 05:40:38.303,0.99363,0.99381,1.69,1.50
2013.03.21 05:40:40.164,0.99363,0.99381,1.50,2.25
2013.03.21 05:40:43.677,0.99362,0.9938,2.25,2.25
2013.03.21 05:40:43.744,0.99361,0.99379,2.82,1.50
2013.03.21 05:40:46.543,0.99361,0.99379,2.25,2.25
2013.03.21 05:40:49.712,0.99361,0.99379,1.50,2.25
2013.03.21 05:40:55.345,0.99361,0.99379,2.25,2.25
2013.03.21 05:40:55.654,0.99365,0.99379,1.50,2.25
2013.03.21 05:41:02.793,0.99365,0.99382,1.69,2.25
2013.03.21 05:41:06.254,0.99365,0.99382,2.44,1.50
2013.03.21 05:41:27.984,0.99365,0.99382,3.19,1.50
2013.03.21 05:41:31.715,0.99365,0.99382,3.00,1.50
2013.03.21 05:41:33.225,0.99365,0.99382,2.25,2.25
2013.03.21 05:41:34.836,0.99364,0.99382,1.69,2.25
2013.03.21 05:41:35.034,0.99365,0.99382,1.50,1.50
2013.03.21 05:41:37.016,0.99367,0.99383,3.00,1.50
2013.03.21 05:41:37.085,0.99366,0.99383,1.50,3.00
2013.03.21 05:41:37.634,0.99366,0.99382,1.50,2.25
2013.03.21 05:41:38.278,0.99364,0.99381,1.69,1.50
2013.03.21 05:41:38.765,0.99365,0.99382,1.50,3.75
2013.03.21 05:41:39.958,0.99368,0.99386,1.50,4.50
2013.03.21 05:41:40.025,0.99367,0.99385,2.63,1.50
2013.03.21 05:41:40.334,0.99367,0.99383,1.50,3.00
2013.03.21 05:41:40.453,0.99366,0.99383,1.50,3.75
2013.03.21 05:41:40.705,0.9937,0.99383,1.50,3.00
2013.03.21 05:41:41.076,0.99368,0.99384,1.13,2.25
2013.03.21 05:41:41.204,0.99368,0.99384,1.88,1.50
2013.03.21 05:41:41.393,0.99367,0.99384,2.25,2.25
2013.03.21 05:41:41.694,0.99366,0.99383,2.44,2.25
2013.03.21 05:41:43.393,0.99366,0.99383,1.69,1.50
2013.03.21 05:41:43.911,0.99365,0.99382,3.19,1.50
2013.03.21 05:41:46.804,0.99366,0.99384,1.69,2.25
2013.03.21 05:41:47.124,0.99367,0.99384,2.25,1.50
2013.03.21 05:41:47.663,0.99368,0.99384,2.25,1.50
2013.03.21 05:41:47.724,0.99368,0.99384,2.25,2.25
2013.03.21 05:41:48.517,0.99368,0.99384,2.25,3.75
2013.03.21 05:41:49.215,0.99368,0.99384,2.25,3.75
2013.03.21 05:41:49.365,0.99368,0.99384,2.25,1.50
2013.03.21 05:41:49.823,0.99368,0.99383,1.50,1.50
2013.03.21 05:41:50.438,0.99368,0.99385,1.50,5.25
2013.03.21 05:41:51.699,0.99368,0.99383,1.50,2.25
2013.03.21 05:41:51.768,0.99368,0.99384,1.50,2.25
2013.03.21 05:41:51.903,0.99368,0.99384,1.50,3.00
2013.03.21 05:41:59.323,0.99368,0.99384,2.25,2.25
2013.03.21 05:42:01.585,0.99368,0.99384,1.50,2.85
2013.03.21 05:42:01.944,0.99365,0.99382,1.32,1.65
2013.03.21 05:42:02.314,0.99365,0.99382,1.32,1.65
2013.03.21 05:42:02.495,0.99365,0.99382,1.13,1.65
2013.03.21 05:42:02.613,0.99365,0.99382,1.13,1.50
2013.03.21 05:42:02.903,0.99365,0.99382,1.13,1.65
2013.03.21 05:42:03.590,0.99365,0.99382,1.13,1.80
2013.03.21 05:42:03.713,0.99365,0.99382,1.13,2.40
2013.03.21 05:42:04.633,0.99365,0.99382,1.13,2.25
2013.03.21 05:42:05.194,0.99364,0.99382,2.82,2.25
2013.03.21 05:42:06.374,0.99364,0.99382,1.50,2.25
2013.03.21 05:42:08.644,0.99364,0.99381,1.50,1.05
2013.03.21 05:42:08.703,0.99363,0.99382,3.19,3.15
2013.03.21 05:42:09.436,0.99364,0.99382,1.50,3.00
2013.03.21 05:42:15.394,0.99364,0.99382,1.50,2.25
2013.03.21 05:42:21.134,0.99369,0.99382,2.25,2.25
2013.03.21 05:42:21.253,0.99368,0.99383,2.44,1.50
2013.03.21 05:42:21.435,0.99368,0.99385,3.00,3.00
2013.03.21 05:42:21.744,0.99369,0.99385,2.25,3.00
2013.03.21 05:42:21.803,0.99367,0.99385,2.25,3.00
2013.03.21 05:42:22.103,0.9937,0.99386,1.50,3.38
2013.03.21 05:42:22.404,0.99368,0.99384,1.69,1.50
2013.03.21 05:42:22.584,0.99367,0.99384,2.44,3.00
2013.03.21 05:42:23.624,0.99368,0.99385,1.13,3.00
2013.03.21 05:42:24.798,0.99367,0.99384,2.44,1.50
2013.03.21 05:42:25.283,0.99365,0.99383,3.57,1.50
2013.03.21 05:42:27.893,0.99365,0.99383,3.19,3.00
2013.03.21 05:42:33.684,0.99365,0.99381,1.50,2.25
2013.03.21 05:42:34.104,0.99362,0.99379,3.38,1.50
2013.03.21 05:42:36.444,0.99362,0.99379,1.50,2.25
2013.03.21 05:42:36.510,0.9936,0.99376,3.00,1.50
2013.03.21 05:42:37.075,0.99359,0.99376,2.25,1.50
2013.03.21 05:42:39.607,0.99359,0.99376,1.50,1.50
2013.03.21 05:42:41.215,0.99358,0.99376,2.63,2.25
2013.03.21 05:42:41.777,0.99357,0.99375,2.25,3.75
2013.03.21 05:42:41.845,0.99355,0.9937,1.88,2.25
2013.03.21 05:42:41.919,0.99355,0.99369,1.13,1.50
2013.03.21 05:42:42.294,0.99354,0.99367,1.50,3.00
2013.03.21 05:42:42.866,0.99351,0.99367,1.88,1.50
2013.03.21 05:42:44.513,0.99351,0.99367,2.25,1.50
2013.03.21 05:42:45.535,0.99351,0.99367,2.25,1.50
2013.03.21 05:42:46.744,0.99351,0.99367,2.25,1.50
2013.03.21 05:42:53.053,0.99351,0.99367,2.25,1.50
2013.03.21 05:42:53.593,0.99353,0.99369,1.50,1.50
2013.03.21 05:42:53.783,0.99353,0.99369,1.50,1.50
2013.03.21 05:42:54.153,0.99353,0.99369,1.50,1.50
2013.03.21 05:42:54.213,0.99353,0.99368,1.50,2.25
2013.03.21 05:42:55.985,0.99351,0.99367,1.50,3.00
2013.03.21 05:42:56.484,0.99352,0.99369,1.50,2.25
2013.03.21 05:42:56.604,0.99352,0.9937,3.00,1.50
2013.03.21 05:42:56.666,0.99352,0.99369,3.00,1.50
2013.03.21 05:42:56.976,0.99345,0.99359,1.20,2.25
2013.03.21 05:42:57.045,0.99344,0.99359,1.13,2.25
2013.03.21 05:42:57.834,0.99346,0.99361,1.50,2.63
2013.03.21 05:42:58.073,0.99346,0.99362,2.25,1.50
2013.03.21 05:42:59.997,0.99346,0.99362,1.50,1.88
2013.03.21 05:43:01.404,0.99346,0.99363,1.69,2.63
2013.03.21 05:43:01.644,0.99348,0.99363,2.44,1.50
2013.03.21 05:43:03.214,0.99349,0.99364,1.69,1.50
2013.03.21 05:43:03.754,0.99351,0.99368,3.19,2.25
2013.03.21 05:43:04.323,0.99353,0.99369,1.50,1.50
2013.03.21 05:43:05.265,0.9935,0.99366,1.69,2.25
2013.03.21 05:43:05.576,0.99346,0.99361,1.13,1.50
2013.03.21 05:43:05.884,0.99342,0.99358,1.50,3.00
2013.03.21 05:43:06.905,0.99342,0.9936,2.25,4.88
2013.03.21 05:43:06.987,0.99342,0.99358,1.50,1.50
2013.03.21 05:43:07.514,0.99342,0.99359,3.00,2.25
2013.03.21 05:43:08.110,0.99345,0.99359,1.50,1.50
2013.03.21 05:43:10.435,0.99347,0.99361,2.25,2.25
2013.03.21 05:43:10.504,0.99347,0.99362,2.25,1.50
2013.03.21 05:43:10.865,0.99349,0.99362,1.50,1.50
2013.03.21 05:43:11.113,0.99349,0.99365,2.25,1.50
2013.03.21 05:43:11.475,0.99349,0.99364,1.50,3.75
2013.03.21 05:43:12.223,0.99349,0.99364,1.50,2.25
2013.03.21 05:43:12.985,0.99349,0.99364,1.50,2.25
2013.03.21 05:43:14.284,0.99349,0.99364,2.25,1.50
2013.03.21 05:43:14.826,0.99349,0.99363,2.25,1.50
2013.03.21 05:43:15.194,0.99345,0.99363,3.19,1.50
2013.03.21 05:43:15.495,0.99345,0.99362,1.69,3.75
2013.03.21 05:43:15.984,0.99346,0.99362,1.50,1.50
2013.03.21 05:43:19.155,0.99345,0.99361,1.50,1.50
2013.03.21 05:43:19.783,0.99345,0.99361,1.50,1.50
2013.03.21 05:43:19.904,0.99345,0.99361,2.25,1.50
2013.03.21 05:43:20.635,0.99346,0.99362,1.50,2.25
2013.03.21 05:43:20.814,0.99344,0.9936,2.44,1.50
2013.03.21 05:43:21.330,0.99344,0.9936,2.44,1.50
2013.03.21 05:43:22.204,0.99344,0.99359,1.69,1.50
2013.03.21 05:43:23.249,0.99344,0.99356,1.50,1.50
2013.03.21 05:43:23.576,0.99336,0.99351,2.25,2.25
2013.03.21 05:43:23.766,0.99339,0.99352,1.50,1.50
2013.03.21 05:43:24.074,0.9934,0.99356,1.50,4.13
2013.03.21 05:43:24.795,0.99339,0.99352,1.50,3.00
2013.03.21 05:43:25.514,0.99339,0.99352,1.50,2.25
2013.03.21 05:43:28.128,0.99338,0.99352,1.50,3.00
2013.03.21 05:43:31.414,0.99337,0.99351,1.50,2.25
2013.03.21 05:43:31.775,0.99336,0.99346,1.50,2.25
2013.03.21 05:43:32.075,0.99336,0.9935,1.50,1.50
2013.03.21 05:43:32.314,0.99336,0.99351,1.50,2.25
2013.03.21 05:43:32.493,0.99336,0.99351,1.50,1.50
2013.03.21 05:43:33.034,0.99339,0.99353,1.50,1.50
2013.03.21 05:43:33.768,0.99339,0.99353,1.50,1.50
2013.03.21 05:43:35.599,0.99339,0.99353,2.25,1.50
2013.03.21 05:43:35.725,0.9934,0.99357,2.25,1.88
2013.03.21 05:43:36.318,0.99341,0.99357,2.44,1.88
2013.03.21 05:43:36.854,0.99339,0.99355,1.50,1.50
2013.03.21 05:43:39.958,0.99338,0.99354,1.50,2.25
2013.03.21 05:43:40.514,0.99338,0.99351,2.25,2.25
2013.03.21 05:43:42.424,0.99338,0.99351,2.25,1.50
2013.03.21 05:43:42.664,0.99341,0.99359,1.50,2.63
2013.03.21 05:43:42.843,0.99342,0.99359,4.50,1.13
2013.03.21 05:43:43.213,0.99342,0.99359,3.00,1.88
2013.03.21 05:43:43.644,0.9934,0.99358,3.19,1.50
2013.03.21 05:43:43.706,0.9934,0.99355,1.69,1.50
2013.03.21 05:43:44.235,0.99339,0.99355,1.50,1.50
2013.03.21 05:43:44.544,0.99341,0.99359,2.25,3.00
2013.03.21 05:43:44.844,0.99343,0.99359,1.50,1.50
2013.03.21 05:43:45.025,0.99344,0.9936,2.25,1.13
2013.03.21 05:43:45.214,0.99346,0.99361,2.25,1.13
2013.03.21 05:43:45.574,0.99348,0.99364,1.50,2.25
2013.03.21 05:43:46.083,0.99349,0.99365,2.25,1.50
2013.03.21 05:43:46.435,0.99351,0.99368,2.25,1.50
2013.03.21 05:43:47.206,0.99351,0.99368,2.44,1.50
2013.03.21 05:43:47.277,0.99352,0.9937,2.44,1.50
2013.03.21 05:43:48.395,0.99351,0.99369,3.19,2.25
2013.03.21 05:43:48.514,0.99351,0.99366,1.50,3.00
2013.03.21 05:43:48.644,0.99348,0.99365,1.88,1.50
2013.03.21 05:43:49.201,0.99347,0.99365,1.50,2.25
2013.03.21 05:43:49.264,0.99347,0.99365,1.50,3.00
2013.03.21 05:43:49.845,0.99346,0.99364,2.25,1.50
2013.03.21 05:43:49.904,0.99346,0.99364,2.25,1.50
2013.03.21 05:43:50.263,0.99349,0.99367,3.00,3.00
2013.03.21 05:43:50.623,0.99351,0.99365,1.50,1.50
2013.03.21 05:43:50.984,0.99353,0.99369,1.50,3.00
2013.03.21 05:43:51.225,0.99355,0.9937,1.50,1.88
2013.03.21 05:43:51.584,0.99358,0.99374,2.25,1.50
2013.03.21 05:43:51.644,0.99358,0.99374,2.25,1.50
2013.03.21 05:43:51.945,0.99354,0.99369,1.50,1.50
2013.03.21 05:43:52.135,0.99353,0.99369,3.00,3.38
2013.03.21 05:43:52.314,0.99353,0.99369,3.00,2.63
2013.03.21 05:43:52.675,0.99354,0.99369,1.50,2.63
2013.03.21 05:43:52.865,0.99357,0.99373,2.25,3.00
2013.03.21 05:43:52.924,0.99359,0.99373,1.50,1.50
2013.03.21 05:43:53.044,0.9936,0.99376,2.25,1.88
2013.03.21 05:43:53.104,0.99358,0.99375,1.50,3.75
2013.03.21 05:43:53.234,0.9936,0.99376,1.50,1.13
2013.03.21 05:43:53.775,0.99361,0.99376,1.50,1.88
2013.03.21 05:43:54.085,0.99354,0.99367,1.69,1.50
2013.03.21 05:43:54.215,0.99354,0.99365,1.50,2.25
2013.03.21 05:43:54.284,0.99354,0.99363,1.50,2.25
2013.03.21 05:43:54.406,0.99348,0.99362,1.50,1.50
2013.03.21 05:43:54.547,0.99348,0.99362,1.50,2.10
2013.03.21 05:43:54.615,0.99343,0.9936,3.00,1.50
2013.03.21 05:43:54.974,0.99346,0.99361,1.50,1.50
2013.03.21 05:43:55.404,0.99348,0.99362,1.50,2.10
2013.03.21 05:43:55.705,0.9935,0.99365,2.25,1.50
2013.03.21 05:43:55.834,0.99351,0.99367,3.75,1.50
2013.03.21 05:43:56.374,0.99352,0.99366,2.25,3.00
2013.03.21 05:43:56.494,0.99352,0.99368,2.25,1.35
2013.03.21 05:43:56.914,0.99352,0.99367,1.50,3.00
2013.03.21 05:43:57.095,0.99352,0.99368,1.50,2.10
2013.03.21 05:43:57.794,0.99352,0.99368,1.50,1.35
2013.03.21 05:43:58.414,0.99353,0.99368,1.50,2.85
2013.03.21 05:43:58.475,0.99349,0.99366,1.50,2.25
2013.03.21 05:43:58.655,0.99348,0.99363,1.50,2.25
2013.03.21 05:43:58.954,0.99347,0.99364,1.50,1.50
2013.03.21 05:43:59.015,0.99347,0.99364,1.50,3.00
2013.03.21 05:44:00.684,0.99348,0.99363,1.50,1.35
2013.03.21 05:44:03.085,0.9935,0.99364,1.50,3.00
2013.03.21 05:44:03.144,0.9935,0.99367,1.50,3.19
2013.03.21 05:44:03.211,0.9935,0.99367,1.50,3.00
2013.03.21 05:44:03.354,0.99349,0.99367,1.50,3.75
2013.03.21 05:44:03.634,0.99349,0.99367,3.75,3.00
2013.03.21 05:44:03.974,0.99349,0.99363,4.50,2.25
2013.03.21 05:44:05.526,0.99354,0.99363,1.50,2.25
2013.03.21 05:44:05.594,0.99354,0.99366,1.50,1.50
2013.03.21 05:44:05.715,0.99357,0.9937,1.50,1.50
2013.03.21 05:44:05.785,0.99358,0.9937,1.50,1.50
2013.03.21 05:44:06.094,0.99361,0.99373,1.50,1.50
2013.03.21 05:44:06.155,0.99361,0.99376,1.50,1.50
2013.03.21 05:44:06.455,0.9936,0.99374,1.50,2.25
2013.03.21 05:44:06.695,0.99358,0.99374,1.50,2.25
2013.03.21 05:44:07.496,0.99358,0.99374,2.25,2.25
2013.03.21 05:44:07.866,0.99356,0.9937,1.13,1.50
2013.03.21 05:44:08.174,0.9935,0.99366,1.50,3.19
2013.03.21 05:44:08.306,0.99348,0.99366,2.25,3.75
2013.03.21 05:44:08.374,0.99348,0.99364,2.25,1.50
2013.03.21 05:44:08.438,0.99348,0.99366,2.25,3.75
2013.03.21 05:44:08.625,0.9935,0.99367,1.50,1.88
2013.03.21 05:44:08.803,0.99351,0.99367,1.50,1.88
2013.03.21 05:44:09.044,0.99349,0.99366,2.25,2.25
2013.03.21 05:44:09.163,0.99349,0.99366,2.25,2.25
2013.03.21 05:44:10.073,0.9935,0.99366,1.50,1.50
2013.03.21 05:44:10.624,0.99349,0.99367,1.50,3.38
2013.03.21 05:44:11.415,0.99349,0.99366,1.50,1.50
2013.03.21 05:44:11.544,0.99348,0.99364,2.25,2.25
2013.03.21 05:44:12.154,0.99348,0.99364,2.25,2.25
2013.03.21 05:44:13.130,0.99348,0.99365,1.50,3.75
2013.03.21 05:44:14.744,0.99348,0.99364,1.50,2.25
2013.03.21 05:44:16.564,0.99348,0.99364,1.50,2.25
2013.03.21 05:44:22.454,0.99348,0.99366,2.25,3.75
2013.03.21 05:44:23.027,0.99351,0.99367,1.50,2.63
2013.03.21 05:44:26.194,0.9935,0.99367,1.50,3.00
2013.03.21 05:44:28.545,0.9935,0.99367,1.50,3.75
2013.03.21 05:44:28.614,0.99349,0.99366,1.50,2.25
2013.03.21 05:44:28.974,0.99347,0.99363,1.50,2.25
2013.03.21 05:44:29.093,0.99347,0.99363,2.25,1.50
2013.03.21 05:44:29.303,0.99347,0.99363,2.25,1.50
2013.03.21 05:44:30.343,0.99348,0.99366,2.25,3.75
2013.03.21 05:44:30.863,0.99349,0.99366,1.50,3.00
2013.03.21 05:44:31.045,0.99347,0.99364,1.50,1.50
2013.03.21 05:44:31.404,0.99346,0.99362,1.50,3.00
2013.03.21 05:44:31.525,0.99346,0.99362,1.50,1.50
2013.03.21 05:44:31.584,0.99345,0.99363,1.50,2.25
2013.03.21 05:44:31.704,0.99345,0.99361,1.50,2.25
2013.03.21 05:44:32.300,0.99346,0.99363,1.50,1.50
2013.03.21 05:44:37.234,0.99345,0.99361,1.88,3.00
2013.03.21 05:44:37.808,0.99345,0.99361,1.13,3.75
2013.03.21 05:44:40.025,0.99345,0.9936,2.25,1.50
2013.03.21 05:44:49.764,0.99343,0.9936,2.25,1.50
2013.03.21 05:44:50.349,0.99343,0.9936,2.25,1.50
2013.03.21 05:44:58.944,0.99345,0.9936,1.50,1.50
2013.03.21 05:45:06.645,0.99345,0.99361,1.50,3.00
2013.03.21 05:45:13.683,0.99346,0.99363,1.50,1.50
2013.03.21 05:45:15.128,0.99345,0.9936,1.50,1.50
2013.03.21 05:45:15.640,0.99345,0.99361,1.50,2.25
2013.03.21 05:45:15.976,0.99344,0.99359,1.50,2.25
2013.03.21 05:45:16.284,0.99342,0.99358,1.50,1.50
2013.03.21 05:45:17.534,0.99344,0.99359,1.50,2.25
2013.03.21 05:45:18.508,0.99343,0.9936,2.25,1.50
2013.03.21 05:45:19.054,0.99344,0.99361,2.25,1.35
2013.03.21 05:45:19.594,0.99346,0.99361,1.50,1.35
2013.03.21 05:45:20.366,0.99346,0.9936,1.50,1.50
2013.03.21 05:45:24.094,0.99346,0.99361,1.50,1.35
2013.03.21 05:45:25.594,0.99345,0.9936,1.50,1.50
2013.03.21 05:45:26.126,0.99346,0.99361,1.50,1.35
2013.03.21 05:45:26.789,0.99346,0.99361,1.50,1.35
2013.03.21 05:45:27.304,0.99346,0.99361,1.50,1.35
2013.03.21 05:45:27.424,0.99345,0.9936,1.50,3.00
2013.03.21 05:45:27.665,0.99342,0.9936,1.50,3.75
2013.03.21 05:45:28.597,0.99342,0.9936,1.50,3.75
2013.03.21 05:45:29.614,0.99344,0.9936,1.50,3.00
2013.03.21 05:45:29.687,0.99347,0.99361,1.50,1.35
2013.03.21 05:45:30.864,0.99344,0.99361,1.50,2.10
2013.03.21 05:45:31.384,0.99346,0.99361,1.50,1.35
2013.03.21 05:45:32.674,0.99344,0.99361,1.50,2.85
2013.03.21 05:45:33.144,0.99342,0.99359,1.50,1.32
2013.03.21 05:45:33.203,0.9934,0.99355,1.50,1.50
2013.03.21 05:45:33.396,0.99338,0.99355,1.50,1.50
2013.03.21 05:45:33.945,0.9934,0.99356,2.25,1.50
2013.03.21 05:45:34.276,0.99342,0.99358,1.50,1.50
2013.03.21 05:45:36.535,0.99341,0.99357,1.50,2.25
2013.03.21 05:45:37.074,0.99338,0.99355,1.50,2.25
2013.03.21 05:45:37.554,0.99341,0.99355,1.50,2.25
2013.03.21 05:45:42.635,0.9934,0.99357,2.25,1.50
2013.03.21 05:45:43.376,0.99341,0.99358,1.50,1.50
2013.03.21 05:45:43.445,0.99341,0.99358,1.50,1.50
2013.03.21 05:45:43.995,0.99342,0.99359,2.25,1.13
2013.03.21 05:45:45.624,0.99343,0.9936,1.50,1.50
2013.03.21 05:45:45.744,0.99344,0.9936,1.50,1.50
2013.03.21 05:45:47.515,0.99345,0.99362,4.50,1.13
2013.03.21 05:45:47.574,0.99345,0.99362,1.50,1.13
2013.03.21 05:45:54.577,0.99344,0.9936,1.50,1.88
2013.03.21 05:45:56.284,0.99343,0.9936,2.25,1.50
2013.03.21 05:45:58.774,0.99343,0.9936,1.50,2.25
2013.03.21 05:45:59.084,0.99343,0.9936,1.50,2.25
2013.03.21 05:46:10.835,0.99343,0.9936,1.50,1.50
2013.03.21 05:46:25.809,0.99344,0.9936,1.50,3.00
2013.03.21 05:46:25.994,0.99342,0.99358,2.25,1.50
2013.03.21 05:46:26.293,0.99342,0.99358,2.25,1.50
2013.03.21 05:46:29.765,0.99342,0.99359,1.50,3.00
2013.03.21 05:46:35.184,0.99343,0.99359,1.50,1.50
2013.03.21 05:46:35.384,0.99343,0.99359,1.50,1.50
2013.03.21 05:46:35.715,0.99347,0.99359,1.50,2.25
2013.03.21 05:46:35.844,0.99347,0.99362,1.50,1.50
2013.03.21 05:46:35.904,0.99347,0.99362,1.50,1.50
2013.03.21 05:46:36.315,0.99346,0.99364,1.50,2.63
2013.03.21 05:46:37.091,0.99346,0.99364,1.50,2.25
2013.03.21 05:46:37.696,0.99344,0.99361,1.50,2.25
2013.03.21 05:46:42.385,0.99342,0.9936,1.50,2.25
2013.03.21 05:46:42.694,0.99341,0.99359,2.25,1.50
2013.03.21 05:46:43.266,0.99343,0.99359,1.50,1.50
2013.03.21 05:46:45.255,0.99341,0.99359,1.50,1.50
2013.03.21 05:46:45.315,0.9934,0.99358,1.50,2.25
2013.03.21 05:46:45.616,0.99337,0.99356,2.25,3.75
2013.03.21 05:46:47.465,0.99338,0.99356,2.25,2.25
2013.03.21 05:46:47.998,0.99339,0.99357,2.25,1.50
2013.03.21 05:46:48.476,0.99338,0.99355,2.25,2.25
2013.03.21 05:46:48.806,0.99335,0.9935,1.50,1.50
2013.03.21 05:46:49.323,0.99335,0.99351,1.50,2.25
2013.03.21 05:46:49.515,0.99335,0.99351,1.50,1.50
2013.03.21 05:46:50.056,0.99335,0.99351,1.50,1.50
2013.03.21 05:46:50.458,0.99334,0.99351,1.50,3.00
2013.03.21 05:46:51.025,0.99335,0.99351,2.25,2.25
2013.03.21 05:46:51.083,0.99335,0.99352,2.25,1.50
2013.03.21 05:46:56.174,0.99337,0.99353,1.50,1.50
2013.03.21 05:46:56.787,0.99337,0.99354,1.50,2.25
2013.03.21 05:47:00.026,0.99338,0.99354,1.50,2.25
2013.03.21 05:47:00.734,0.99338,0.99356,1.50,3.75
2013.03.21 05:47:01.298,0.9934,0.99356,1.50,2.25
2013.03.21 05:47:08.114,0.99337,0.99355,2.25,1.50
2013.03.21 05:47:11.014,0.99337,0.99354,1.50,2.25
2013.03.21 05:47:11.315,0.99334,0.99351,1.50,4.50
2013.03.21 05:47:11.654,0.99332,0.99351,2.63,5.25
2013.03.21 05:47:11.713,0.99332,0.99351,2.63,5.25
2013.03.21 05:47:13.475,0.99332,0.99347,1.88,1.50
2013.03.21 05:47:13.535,0.9933,0.99346,1.50,3.75
2013.03.21 05:47:13.845,0.99329,0.99344,1.13,1.50
2013.03.21 05:47:14.236,0.99329,0.99346,1.88,3.75
2013.03.21 05:47:14.544,0.99326,0.99342,3.00,2.25
2013.03.21 05:47:14.604,0.99325,0.99342,2.25,3.75
2013.03.21 05:47:15.246,0.99324,0.99341,1.50,1.50
2013.03.21 05:47:17.576,0.99327,0.99341,1.50,1.50
2013.03.21 05:47:17.824,0.99327,0.99344,2.25,1.13
2013.03.21 05:47:18.295,0.99328,0.99346,2.25,5.25
2013.03.21 05:47:18.425,0.99328,0.99346,2.25,4.50
2013.03.21 05:47:18.624,0.99328,0.99346,2.25,4.50
2013.03.21 05:47:18.865,0.99325,0.99345,3.00,3.00
2013.03.21 05:47:19.951,0.99325,0.99343,2.25,3.00
2013.03.21 05:47:20.495,0.99326,0.99342,1.88,3.75
2013.03.21 05:47:20.804,0.99329,0.99344,1.50,3.00
2013.03.21 05:47:22.756,0.99329,0.99345,2.63,1.50
2013.03.21 05:47:23.474,0.99329,0.99346,2.63,1.50
2013.03.21 05:47:24.278,0.99331,0.99348,1.50,2.25
2013.03.21 05:47:25.865,0.99331,0.99348,1.13,3.00
2013.03.21 05:47:25.936,0.9933,0.99347,1.50,3.75
2013.03.21 05:47:26.744,0.99327,0.99345,1.50,1.50
2013.03.21 05:47:27.342,0.99327,0.99345,1.50,3.75
2013.03.21 05:47:30.468,0.99329,0.99346,1.50,2.25
2013.03.21 05:47:31.004,0.99331,0.99347,2.25,1.50
2013.03.21 05:47:31.518,0.99331,0.99348,2.25,1.50
2013.03.21 05:47:33.220,0.99331,0.99349,2.25,2.25
2013.03.21 05:47:33.465,0.99333,0.99348,2.25,1.50
2013.03.21 05:47:33.775,0.99331,0.99345,1.13,1.50
2013.03.21 05:47:34.595,0.9933,0.99345,1.50,1.50
2013.03.21 05:47:34.975,0.99333,0.99348,1.50,2.25
2013.03.21 05:47:35.035,0.99333,0.99348,1.50,1.50
2013.03.21 05:47:35.215,0.99335,0.99351,1.88,1.50
2013.03.21 05:47:35.276,0.99335,0.99353,2.25,3.00
2013.03.21 05:47:35.706,0.99338,0.99353,3.00,1.50
2013.03.21 05:47:36.024,0.9934,0.99357,1.50,2.63
2013.03.21 05:47:36.754,0.99339,0.99356,1.50,1.50
2013.03.21 05:47:36.814,0.99337,0.99355,2.07,1.50
2013.03.21 05:47:36.874,0.99337,0.99355,2.07,2.25
2013.03.21 05:47:37.465,0.99337,0.99353,1.13,2.25
2013.03.21 05:47:40.459,0.99337,0.99354,2.25,2.25
2013.03.21 05:47:40.715,0.99337,0.99354,2.44,3.75
2013.03.21 05:47:40.785,0.99337,0.99354,2.44,3.00
2013.03.21 05:47:41.097,0.99339,0.99353,1.50,1.69
2013.03.21 05:47:41.226,0.99334,0.99345,1.50,2.25
2013.03.21 05:47:41.354,0.99328,0.99344,4.88,1.50
2013.03.21 05:47:41.745,0.99327,0.99344,1.50,1.50
2013.03.21 05:47:42.287,0.99327,0.99344,1.50,1.50
2013.03.21 05:47:43.186,0.99329,0.99344,1.50,1.50
2013.03.21 05:47:43.375,0.99331,0.99347,1.50,3.00
2013.03.21 05:47:44.706,0.99329,0.99345,2.25,2.25
2013.03.21 05:47:44.774,0.99328,0.99344,2.25,2.44
2013.03.21 05:47:45.372,0.99328,0.99344,1.50,2.44
2013.03.21 05:47:45.554,0.99329,0.99345,1.50,1.50
2013.03.21 05:47:45.977,0.99328,0.99344,2.25,1.13
2013.03.21 05:47:46.729,0.99326,0.99343,1.50,1.69
2013.03.21 05:47:47.042,0.99326,0.99344,1.50,3.19
2013.03.21 05:47:47.506,0.99324,0.99336,2.25,2.25
2013.03.21 05:47:47.576,0.99324,0.99333,1.50,1.50
2013.03.21 05:47:47.835,0.99321,0.99331,1.50,1.50
2013.03.21 05:47:47.895,0.99317,0.9933,1.13,1.50
2013.03.21 05:47:48.430,0.99314,0.99331,3.00,2.25
2013.03.21 05:47:48.906,0.99314,0.9933,1.50,3.75
2013.03.21 05:47:49.215,0.9931,0.99327,1.69,1.50
2013.03.21 05:47:49.759,0.99311,0.99328,2.25,1.50
2013.03.21 05:47:50.225,0.99313,0.9933,3.00,2.25
2013.03.21 05:47:50.565,0.99322,0.99334,2.25,1.50
2013.03.21 05:47:50.628,0.99324,0.99335,1.50,1.50
2013.03.21 05:47:50.946,0.99325,0.99341,1.50,2.25
2013.03.21 05:47:51.645,0.99323,0.99341,1.50,2.25
2013.03.21 05:47:52.123,0.99325,0.99341,1.50,2.25
2013.03.21 05:47:52.424,0.99317,0.99331,2.25,1.50
2013.03.21 05:47:52.484,0.99315,0.99328,1.50,1.50
2013.03.21 05:47:52.544,0.99313,0.99328,1.50,1.50
2013.03.21 05:47:53.535,0.99312,0.99328,1.50,1.50
2013.03.21 05:47:53.956,0.99315,0.99331,1.50,3.19
2013.03.21 05:47:54.146,0.99318,0.99335,1.50,1.88
2013.03.21 05:47:54.214,0.99318,0.99335,1.50,2.63
2013.03.21 05:47:54.994,0.99316,0.99333,1.50,1.50
2013.03.21 05:47:55.114,0.99316,0.99333,1.50,1.50
2013.03.21 05:47:55.234,0.99315,0.99331,1.50,1.50
2013.03.21 05:47:56.927,0.99315,0.99331,1.50,2.25
2013.03.21 05:47:57.514,0.99315,0.99331,2.25,1.50
2013.03.21 05:47:58.935,0.99315,0.99331,2.25,2.25
2013.03.21 05:47:59.685,0.99315,0.99331,2.25,2.25
2013.03.21 05:48:00.115,0.99318,0.99334,1.50,3.75
2013.03.21 05:48:00.655,0.99319,0.99334,1.50,1.50
2013.03.21 05:48:01.215,0.9932,0.99336,1.50,2.25
2013.03.21 05:48:01.941,0.9932,0.99336,1.50,2.25
2013.03.21 05:48:02.426,0.99322,0.99337,2.25,1.88
2013.03.21 05:48:03.856,0.99322,0.99337,2.25,1.88
2013.03.21 05:48:03.986,0.99323,0.99337,3.75,1.50
2013.03.21 05:48:04.296,0.99325,0.99339,3.00,2.25
2013.03.21 05:48:04.367,0.99328,0.99343,1.50,1.50
2013.03.21 05:48:04.436,0.99327,0.99343,3.75,1.50
2013.03.21 05:48:04.495,0.99327,0.99345,2.25,3.00
2013.03.21 05:48:04.674,0.99328,0.99346,1.50,3.00
2013.03.21 05:48:05.375,0.99331,0.99346,1.50,1.50
2013.03.21 05:48:05.943,0.99333,0.99348,1.50,1.50
2013.03.21 05:48:06.457,0.99332,0.99348,2.25,1.50
2013.03.21 05:48:06.767,0.99331,0.99347,1.50,2.25
2013.03.21 05:48:07.084,0.9933,0.99341,1.50,1.50
2013.03.21 05:48:07.607,0.9933,0.99345,1.50,2.25
2013.03.21 05:48:08.793,0.99327,0.99344,3.00,2.25
2013.03.21 05:48:09.826,0.99327,0.99339,3.00,2.25
2013.03.21 05:48:10.493,0.99324,0.99338,3.00,1.50
2013.03.21 05:48:10.856,0.99329,0.99344,1.50,2.25
2013.03.21 05:48:11.045,0.99329,0.99344,1.50,2.25
2013.03.21 05:48:12.766,0.9933,0.99344,1.50,1.50
2013.03.21 05:48:13.436,0.99327,0.99344,1.50,1.50
2013.03.21 05:48:13.993,0.99328,0.99344,1.50,1.50
2013.03.21 05:48:15.735,0.99328,0.99344,1.50,1.50
2013.03.21 05:48:16.205,0.99328,0.99345,1.50,3.75
2013.03.21 05:48:16.506,0.9933,0.99347,1.50,1.50
2013.03.21 05:48:16.635,0.99332,0.99348,1.50,1.50
2013.03.21 05:48:17.054,0.99334,0.99349,1.50,1.88
2013.03.21 05:48:17.176,0.99334,0.99349,1.50,1.13
2013.03.21 05:48:17.246,0.99334,0.99349,1.50,2.63
2013.03.21 05:48:17.556,0.9934,0.99355,1.50,1.50
2013.03.21 05:48:17.625,0.99339,0.99355,1.50,1.50
2013.03.21 05:48:17.696,0.9934,0.99355,1.50,1.50
2013.03.21 05:48:18.465,0.9934,0.99356,1.50,1.50
2013.03.21 05:48:18.988,0.99341,0.99357,1.50,1.50
2013.03.21 05:48:19.535,0.99342,0.99357,2.25,1.50
2013.03.21 05:48:19.595,0.99342,0.99357,1.50,1.50
2013.03.21 05:48:20.145,0.99341,0.99358,2.25,1.50
2013.03.21 05:48:23.374,0.9934,0.99357,1.50,1.50
2013.03.21 05:48:24.696,0.99339,0.99355,1.69,1.50
2013.03.21 05:48:25.007,0.99337,0.99351,1.13,1.50
2013.03.21 05:48:25.316,0.99331,0.99344,1.50,1.50
2013.03.21 05:48:25.517,0.99329,0.99344,1.13,1.50
2013.03.21 05:48:25.765,0.99328,0.99344,1.69,2.25
2013.03.21 05:48:26.006,0.99327,0.99343,4.69,1.50
2013.03.21 05:48:26.315,0.99325,0.9934,1.50,1.50
2013.03.21 05:48:26.973,0.99326,0.99341,1.50,1.50
2013.03.21 05:48:27.275,0.99328,0.99345,1.69,1.50
2013.03.21 05:48:27.804,0.99329,0.99346,1.69,2.25
2013.03.21 05:48:28.375,0.99328,0.99345,2.25,2.25
2013.03.21 05:48:28.955,0.9933,0.99345,1.50,1.50
2013.03.21 05:48:29.015,0.9933,0.99349,2.25,4.50
2013.03.21 05:48:29.944,0.9933,0.99347,3.00,1.50
2013.03.21 05:48:30.185,0.99331,0.99348,2.25,1.50
2013.03.21 05:48:30.724,0.99331,0.99348,1.50,2.25
2013.03.21 05:48:31.426,0.99332,0.99349,1.50,1.13
2013.03.21 05:48:33.114,0.99332,0.9935,1.50,1.50
2013.03.21 05:48:33.475,0.99333,0.99347,1.50,2.25
2013.03.21 05:48:33.776,0.99331,0.99349,1.50,2.25
2013.03.21 05:48:34.024,0.99328,0.99344,2.07,1.50
2013.03.21 05:48:34.204,0.99328,0.99344,1.13,1.50
2013.03.21 05:48:34.504,0.99326,0.99342,2.25,3.00
2013.03.21 05:48:35.255,0.99326,0.99339,2.25,2.25
2013.03.21 05:48:35.785,0.99326,0.9934,2.25,2.25
2013.03.21 05:48:36.295,0.99326,0.9934,2.25,2.25
2013.03.21 05:48:36.826,0.99324,0.9934,1.50,2.25
2013.03.21 05:48:37.316,0.99324,0.99343,1.50,3.00
2013.03.21 05:48:37.445,0.99325,0.99343,3.94,2.25
2013.03.21 05:48:37.745,0.99326,0.99343,1.50,1.50
2013.03.21 05:48:40.285,0.99327,0.99343,3.19,1.13
2013.03.21 05:48:40.606,0.99325,0.99343,2.25,1.13
2013.03.21 05:48:46.294,0.99325,0.99343,3.00,1.88
2013.03.21 05:48:46.894,0.99325,0.99343,2.25,1.50
2013.03.21 05:48:47.589,0.99325,0.99344,2.25,4.13
2013.03.21 05:48:48.426,0.99324,0.99341,1.50,1.50
2013.03.21 05:48:48.675,0.99323,0.99339,1.69,2.25
2013.03.21 05:48:50.037,0.99325,0.99339,2.25,1.50
2013.03.21 05:48:50.406,0.99327,0.99342,2.25,2.25
2013.03.21 05:48:50.615,0.99328,0.99344,1.50,1.13
2013.03.21 05:48:51.066,0.99331,0.99344,1.50,1.13
2013.03.21 05:48:51.405,0.9933,0.99345,1.50,3.75
2013.03.21 05:48:51.933,0.9933,0.99345,1.50,4.35
2013.03.21 05:48:52.598,0.9933,0.99345,1.50,2.85
2013.03.21 05:48:54.566,0.99333,0.99346,1.50,3.57
2013.03.21 05:48:54.635,0.99333,0.99347,1.50,1.88
2013.03.21 05:48:54.694,0.99335,0.99347,1.50,1.13
2013.03.21 05:48:55.174,0.99336,0.9935,1.50,1.50
2013.03.21 05:48:55.235,0.99336,0.99353,1.50,1.50
2013.03.21 05:48:55.714,0.99336,0.99353,1.50,1.50
2013.03.21 05:48:56.024,0.99336,0.99352,1.50,2.25
2013.03.21 05:48:56.641,0.99338,0.99352,2.25,2.25
2013.03.21 05:48:57.483,0.99337,0.99352,2.25,2.25
2013.03.21 05:48:59.244,0.99337,0.99354,2.25,1.88
2013.03.21 05:48:59.425,0.99338,0.99355,1.50,1.69
2013.03.21 05:48:59.947,0.99338,0.99356,1.50,4.92
2013.03.21 05:49:00.574,0.99337,0.99355,1.50,1.50
2013.03.21 05:49:01.464,0.99338,0.99356,1.50,4.92
2013.03.21 05:49:02.974,0.99343,0.99356,2.25,1.69
2013.03.21 05:49:03.035,0.99343,0.99358,3.19,1.88
2013.03.21 05:49:03.215,0.99342,0.99359,2.25,3.00
2013.03.21 05:49:03.335,0.9934,0.99358,2.63,1.50
2013.03.21 05:49:03.893,0.99341,0.99358,1.50,1.50
2013.03.21 05:49:06.574,0.99341,0.99357,1.50,1.50
2013.03.21 05:49:06.876,0.99339,0.99356,3.00,1.50
2013.03.21 05:49:07.580,0.99339,0.99357,3.00,1.50
2013.03.21 05:49:08.196,0.99339,0.99357,3.00,1.50
2013.03.21 05:49:09.555,0.99339,0.99357,3.00,1.50
2013.03.21 05:49:10.835,0.99339,0.99357,3.00,1.50
2013.03.21 05:49:11.135,0.9934,0.99359,2.25,3.00
2013.03.21 05:49:11.318,0.99344,0.9936,2.25,2.25
2013.03.21 05:49:11.864,0.99344,0.99361,2.25,1.50
2013.03.21 05:49:12.045,0.99347,0.99364,3.00,1.13
2013.03.21 05:49:12.414,0.99347,0.99364,3.00,1.13
2013.03.21 05:49:14.356,0.99347,0.99365,3.75,1.50
2013.03.21 05:49:14.484,0.99351,0.99365,1.50,1.50
2013.03.21 05:49:14.727,0.99349,0.99366,2.25,1.50
2013.03.21 05:49:15.246,0.99349,0.99367,1.50,2.25
2013.03.21 05:49:15.549,0.99346,0.99364,1.50,1.50
2013.03.21 05:49:15.616,0.99346,0.99364,1.50,1.50
2013.03.21 05:49:15.915,0.99344,0.9936,1.50,3.00
2013.03.21 05:49:15.974,0.99344,0.9936,1.50,3.00
2013.03.21 05:49:16.035,0.99342,0.9936,1.50,1.50
2013.03.21 05:49:16.275,0.99342,0.9936,1.50,2.25
2013.03.21 05:49:17.100,0.99342,0.9936,1.50,1.50
2013.03.21 05:49:17.924,0.99342,0.9936,1.50,2.25
2013.03.21 05:49:18.458,0.99342,0.9936,1.50,1.50
2013.03.21 05:49:18.765,0.99342,0.99361,1.50,2.25
2013.03.21 05:49:19.391,0.99342,0.99361,1.50,1.50
2013.03.21 05:49:20.915,0.99344,0.99361,1.50,1.50
2013.03.21 05:49:21.235,0.99347,0.99362,1.50,3.75
2013.03.21 05:49:21.534,0.99344,0.99361,2.25,2.25
2013.03.21 05:49:22.245,0.99344,0.99361,1.50,2.25
2013.03.21 05:49:22.305,0.99344,0.9936,1.50,3.00
2013.03.21 05:49:22.485,0.99344,0.99361,1.50,1.50
2013.03.21 05:49:23.029,0.99344,0.99361,1.50,1.50
2013.03.21 05:49:23.985,0.99344,0.99361,1.50,1.50
2013.03.21 05:49:24.814,0.99342,0.9936,2.25,1.50
2013.03.21 05:49:25.595,0.99342,0.9936,2.25,1.50
2013.03.21 05:49:26.186,0.99343,0.9936,1.50,2.25
2013.03.21 05:49:26.998,0.99345,0.99361,1.50,1.50
2013.03.21 05:49:27.515,0.99345,0.99359,1.50,1.50
2013.03.21 05:49:28.045,0.99346,0.99361,1.50,1.50
2013.03.21 05:49:33.065,0.99345,0.99361,1.50,1.50
2013.03.21 05:49:35.005,0.99345,0.99362,1.50,3.00
2013.03.21 05:49:35.386,0.99344,0.99359,2.25,1.50
2013.03.21 05:49:35.456,0.99341,0.99353,1.88,1.50
2013.03.21 05:49:35.586,0.9934,0.99353,3.38,1.50
2013.03.21 05:49:37.085,0.99341,0.99356,2.25,3.75
2013.03.21 05:49:37.205,0.99343,0.99356,1.50,2.25
2013.03.21 05:49:37.786,0.99343,0.99356,1.50,1.50
2013.03.21 05:49:37.844,0.99341,0.99356,2.25,1.50
2013.03.21 05:49:38.650,0.99341,0.99356,2.25,1.50
2013.03.21 05:49:39.936,0.99341,0.99359,2.25,3.00
2013.03.21 05:49:40.010,0.99342,0.99359,3.00,2.25
2013.03.21 05:49:40.494,0.99343,0.9936,1.50,2.25
2013.03.21 05:49:41.554,0.99342,0.99357,1.50,2.25
2013.03.21 05:49:42.390,0.99342,0.99357,1.50,1.50
2013.03.21 05:49:45.004,0.99344,0.99358,1.50,2.25
2013.03.21 05:49:45.526,0.99344,0.99357,1.50,1.50
2013.03.21 05:49:46.343,0.99347,0.99361,1.50,1.50
2013.03.21 05:49:47.505,0.99347,0.9936,1.50,2.25
2013.03.21 05:49:47.565,0.99344,0.9936,1.50,3.00
2013.03.21 05:49:48.816,0.99346,0.9936,1.50,3.00
2013.03.21 05:49:49.370,0.99344,0.99359,1.50,1.50
2013.03.21 05:49:49.498,0.99344,0.99361,1.50,1.50
2013.03.21 05:49:50.095,0.99344,0.99361,1.50,2.25
2013.03.21 05:49:50.354,0.99344,0.99361,1.50,2.25
2013.03.21 05:49:50.535,0.99345,0.99362,3.00,1.50
2013.03.21 05:49:50.875,0.99345,0.9936,3.75,1.88
2013.03.21 05:49:50.936,0.99345,0.99359,1.50,1.50
2013.03.21 05:49:51.666,0.99345,0.99359,1.50,2.25
2013.03.21 05:49:51.736,0.99346,0.99359,1.50,1.50
2013.03.21 05:49:51.925,0.99349,0.99363,1.50,1.50
2013.03.21 05:49:52.165,0.9935,0.99364,1.50,1.88
2013.03.21 05:49:52.765,0.99348,0.99364,2.25,1.88
2013.03.21 05:49:52.905,0.99348,0.99364,2.25,1.88
2013.03.21 05:49:54.386,0.99344,0.99362,7.13,2.25
2013.03.21 05:49:54.932,0.99342,0.99359,1.50,2.25
2013.03.21 05:49:55.465,0.99344,0.9936,1.50,2.25
2013.03.21 05:49:55.988,0.99344,0.9936,3.19,1.50
2013.03.21 05:49:57.075,0.99344,0.9936,3.19,1.50
2013.03.21 05:49:57.376,0.99341,0.99354,1.50,1.50
2013.03.21 05:49:57.855,0.99339,0.99354,1.69,1.50
2013.03.21 05:49:58.255,0.99339,0.99354,1.69,1.50
2013.03.21 05:49:58.785,0.99341,0.99354,1.50,1.50
2013.03.21 05:49:59.409,0.9934,0.99354,2.25,1.50
2013.03.21 05:50:04.255,0.9934,0.99356,2.25,3.00
2013.03.21 05:50:04.315,0.9934,0.99356,2.25,2.25
2013.03.21 05:50:05.018,0.9934,0.99356,3.19,1.50
2013.03.21 05:50:07.015,0.99338,0.99356,3.00,1.50
2013.03.21 05:50:07.075,0.99338,0.99356,2.25,1.50
2013.03.21 05:50:07.737,0.99337,0.99356,1.50,3.38
2013.03.21 05:50:09.545,0.99338,0.99356,1.50,2.63
2013.03.21 05:50:10.485,0.99336,0.99355,4.50,2.25
2013.03.21 05:50:10.546,0.99336,0.99353,3.00,1.50
2013.03.21 05:50:10.785,0.99337,0.99356,3.00,2.63
2013.03.21 05:50:10.844,0.99339,0.99356,1.50,1.88
2013.03.21 05:50:10.904,0.99338,0.99356,1.50,1.88
2013.03.21 05:50:11.114,0.99339,0.99356,1.50,2.63
2013.03.21 05:50:11.295,0.99344,0.99358,1.50,1.50
2013.03.21 05:50:11.415,0.99344,0.9936,1.50,1.13
2013.03.21 05:50:11.475,0.99342,0.9936,1.50,1.88
2013.03.21 05:50:11.835,0.99341,0.99357,1.50,1.50
2013.03.21 05:50:11.963,0.9934,0.99357,2.25,1.50
2013.03.21 05:50:12.719,0.9934,0.99357,2.25,1.50
2013.03.21 05:50:16.486,0.99339,0.99357,1.50,2.07
2013.03.21 05:50:17.016,0.99339,0.99356,1.50,1.69
2013.03.21 05:50:22.865,0.99337,0.99355,2.25,3.19
2013.03.21 05:50:22.925,0.99336,0.99355,1.50,3.19
2013.03.21 05:50:22.985,0.99337,0.99355,1.50,1.69
2013.03.21 05:50:23.345,0.99336,0.99352,1.50,1.13
2013.03.21 05:50:23.704,0.99337,0.99352,1.50,1.32
2013.03.21 05:50:24.804,0.99338,0.99355,1.50,2.07
2013.03.21 05:50:28.495,0.99336,0.99353,1.50,1.69
2013.03.21 05:50:28.794,0.99336,0.99353,1.50,1.69
2013.03.21 05:50:30.224,0.99336,0.99352,1.50,1.50
2013.03.21 05:50:33.956,0.99335,0.99348,1.50,1.13
2013.03.21 05:50:34.195,0.99331,0.99348,2.25,1.13
2013.03.21 05:50:34.615,0.99333,0.99348,1.50,1.88
2013.03.21 05:50:34.976,0.99336,0.99353,2.25,1.69
2013.03.21 05:50:36.464,0.99337,0.99353,1.50,1.50
2013.03.21 05:50:37.185,0.99337,0.99354,1.50,1.50
2013.03.21 05:50:38.914,0.99336,0.99352,2.25,1.50
2013.03.21 05:50:39.755,0.99337,0.99355,2.25,1.69
2013.03.21 05:50:39.816,0.99338,0.99355,1.50,1.69
2013.03.21 05:50:40.187,0.99338,0.99356,3.75,2.82
2013.03.21 05:50:40.255,0.9934,0.99356,1.50,1.32
2013.03.21 05:50:41.505,0.99341,0.99357,1.50,2.25
2013.03.21 05:50:41.805,0.99343,0.99359,1.50,2.07
2013.03.21 05:50:42.105,0.99344,0.9936,1.50,1.50
2013.03.21 05:50:42.606,0.99341,0.9936,3.00,1.50
2013.03.21 05:50:43.240,0.99341,0.9936,3.00,1.50
2013.03.21 05:50:44.784,0.99341,0.99359,3.00,1.50
2013.03.21 05:50:45.325,0.99341,0.99358,1.50,2.25
2013.03.21 05:50:45.959,0.9934,0.99358,2.25,2.25
2013.03.21 05:50:52.446,0.9934,0.99358,3.00,2.25
2013.03.21 05:51:05.238,0.9934,0.99358,3.75,1.50
2013.03.21 05:51:08.016,0.99342,0.9936,1.50,1.65
2013.03.21 05:51:10.985,0.99342,0.99359,1.50,1.50
2013.03.21 05:51:13.136,0.99342,0.9936,1.88,1.50
2013.03.21 05:51:16.915,0.99344,0.99361,1.50,1.13
2013.03.21 05:51:17.256,0.99346,0.99363,1.50,4.69
2013.03.21 05:51:17.624,0.99343,0.99361,1.50,1.13
2013.03.21 05:51:18.004,0.99342,0.99361,3.00,3.38
2013.03.21 05:51:18.544,0.99342,0.99361,3.00,3.00
2013.03.21 05:51:19.516,0.99344,0.99362,1.50,3.75
2013.03.21 05:51:23.085,0.99345,0.99362,1.50,2.25
2013.03.21 05:51:23.585,0.99344,0.99362,2.25,2.25
2013.03.21 05:51:25.635,0.99343,0.99359,1.88,1.50
2013.03.21 05:51:27.514,0.99341,0.99358,2.25,1.69
2013.03.21 05:51:27.635,0.99338,0.99356,4.88,3.00
2013.03.21 05:51:27.935,0.99337,0.99353,1.13,1.50
2013.03.21 05:51:28.415,0.99337,0.99356,1.88,1.88
2013.03.21 05:51:28.535,0.99337,0.99355,1.88,2.25
2013.03.21 05:51:29.465,0.99337,0.99354,1.13,1.50
2013.03.21 05:51:29.715,0.99337,0.99355,3.75,1.50
2013.03.21 05:51:30.134,0.99339,0.99357,2.25,1.50
2013.03.21 05:51:30.195,0.99339,0.99358,3.00,3.00
2013.03.21 05:51:30.258,0.99342,0.99358,1.50,3.00
2013.03.21 05:51:30.565,0.99343,0.99358,2.25,1.13
2013.03.21 05:51:33.005,0.99343,0.99361,2.25,2.63
2013.03.21 05:51:33.611,0.99343,0.99361,2.25,2.78
2013.03.21 05:51:36.795,0.99343,0.9936,1.50,1.28
2013.03.21 05:51:37.167,0.99343,0.99361,1.50,2.25
2013.03.21 05:51:44.757,0.99343,0.99361,1.50,1.88
2013.03.21 05:51:49.346,0.99346,0.99362,1.50,1.13
2013.03.21 05:51:49.406,0.99347,0.99363,1.50,1.50
2013.03.21 05:51:49.585,0.99347,0.99364,1.50,1.13
2013.03.21 05:51:50.126,0.9935,0.99364,1.50,1.13
2013.03.21 05:51:50.465,0.9935,0.99364,1.50,1.13
2013.03.21 05:51:53.514,0.99348,0.99364,1.50,1.50
2013.03.21 05:51:55.585,0.9935,0.99366,1.50,2.25
2013.03.21 05:51:55.707,0.9935,0.99366,1.50,2.25
2013.03.21 05:51:56.036,0.99344,0.9936,1.50,1.50
2013.03.21 05:51:56.345,0.9934,0.99358,1.88,3.94
2013.03.21 05:51:56.405,0.9934,0.99357,1.88,1.69
2013.03.21 05:51:56.525,0.9934,0.99357,1.88,1.69
2013.03.21 05:51:56.765,0.9934,0.99355,1.88,2.25
2013.03.21 05:51:57.066,0.99339,0.99354,1.50,1.50
2013.03.21 05:51:57.485,0.99336,0.99352,1.50,1.50
2013.03.21 05:51:58.035,0.99336,0.99352,2.63,1.50
2013.03.21 05:51:59.927,0.99338,0.99355,1.50,1.50
2013.03.21 05:51:59.997,0.99339,0.99356,1.50,1.50
2013.03.21 05:52:00.248,0.99341,0.99357,3.00,1.50
2013.03.21 05:52:00.376,0.99341,0.99357,3.00,1.50
2013.03.21 05:52:01.235,0.99341,0.99357,2.25,2.25
2013.03.21 05:52:01.354,0.99339,0.99355,1.50,1.50
2013.03.21 05:52:01.894,0.99339,0.99356,2.25,1.50
2013.03.21 05:52:02.145,0.99338,0.99355,1.50,3.00
2013.03.21 05:52:02.833,0.99336,0.99353,1.50,1.50
2013.03.21 05:52:02.955,0.99336,0.99353,1.50,1.50
2013.03.21 05:52:03.549,0.99335,0.99353,1.88,1.50
2013.03.21 05:52:04.317,0.99335,0.99353,2.25,1.13
2013.03.21 05:52:11.336,0.99336,0.99353,1.50,2.25
2013.03.21 05:52:11.874,0.99336,0.99353,1.50,1.50
2013.03.21 05:52:14.257,0.99336,0.99353,1.50,2.25
2013.03.21 05:52:15.326,0.99335,0.99352,1.50,1.50
2013.03.21 05:52:15.635,0.99334,0.99351,1.50,1.50
2013.03.21 05:52:20.764,0.99335,0.99352,1.50,2.63
2013.03.21 05:52:21.789,0.99335,0.99352,1.50,1.88
2013.03.21 05:52:26.977,0.99336,0.99353,1.50,2.25
2013.03.21 05:52:29.385,0.99334,0.99353,1.50,5.25
2013.03.21 05:52:49.266,0.99334,0.99353,2.25,3.38
2013.03.21 05:52:50.725,0.99337,0.99353,3.75,1.13
2013.03.21 05:52:52.146,0.99337,0.99353,2.25,1.88
2013.03.21 05:52:54.717,0.99337,0.9935,1.50,1.50
2013.03.21 05:52:54.905,0.99333,0.9935,1.50,2.25
2013.03.21 05:52:55.386,0.99331,0.99348,1.50,1.50
2013.03.21 05:52:55.456,0.9933,0.99348,2.63,2.25
2013.03.21 05:52:55.765,0.9933,0.99348,2.63,1.50
2013.03.21 05:52:57.377,0.99332,0.99349,1.50,2.25
2013.03.21 05:52:57.506,0.99334,0.99349,1.50,2.25
2013.03.21 05:52:57.817,0.99337,0.99351,3.00,2.25
2013.03.21 05:52:58.126,0.99338,0.99355,1.50,2.44
2013.03.21 05:52:58.665,0.99337,0.99354,1.50,2.44
2013.03.21 05:52:59.207,0.99336,0.99353,1.88,2.44
2013.03.21 05:52:59.291,0.99336,0.99352,1.88,1.50
2013.03.21 05:53:00.378,0.99335,0.99351,1.88,1.50
2013.03.21 05:53:01.609,0.99334,0.99351,1.88,1.50
2013.03.21 05:53:03.165,0.99332,0.9935,1.50,2.44
2013.03.21 05:53:03.225,0.99331,0.99349,3.38,2.82
2013.03.21 05:53:03.534,0.99331,0.99349,2.63,4.32
2013.03.21 05:53:06.070,0.99331,0.99349,1.50,4.13
2013.03.21 05:53:06.376,0.99336,0.99351,1.50,1.69
2013.03.21 05:53:06.925,0.99336,0.99353,1.50,1.50
2013.03.21 05:53:08.066,0.99335,0.99352,1.50,2.44
2013.03.21 05:53:09.509,0.99334,0.99351,1.50,2.25
2013.03.21 05:53:09.755,0.99332,0.9935,1.50,3.00
2013.03.21 05:53:09.817,0.99331,0.99349,3.00,1.50
2013.03.21 05:53:10.126,0.99332,0.99349,1.50,1.50
2013.03.21 05:53:10.425,0.99335,0.99351,1.50,3.19
2013.03.21 05:53:19.165,0.99335,0.99352,1.50,3.57
2013.03.21 05:53:19.676,0.99332,0.99349,1.13,1.50
2013.03.21 05:53:20.274,0.99331,0.99349,2.25,2.25
2013.03.21 05:53:20.575,0.99329,0.99347,1.50,3.19
2013.03.21 05:53:20.758,0.99329,0.99347,3.00,1.50
2013.03.21 05:53:21.276,0.9933,0.99347,3.00,1.50
2013.03.21 05:53:23.023,0.9933,0.99347,1.50,1.50
2013.03.21 05:53:23.701,0.9933,0.99347,1.50,1.50
2013.03.21 05:53:24.336,0.99331,0.99348,1.50,2.25
2013.03.21 05:53:25.112,0.9933,0.99346,2.25,1.50
2013.03.21 05:53:26.385,0.99331,0.99346,1.50,1.50
2013.03.21 05:53:29.195,0.99332,0.99348,2.25,1.50
2013.03.21 05:53:32.565,0.99331,0.99347,1.50,1.50
2013.03.21 05:53:32.746,0.99327,0.99345,3.00,1.50
2013.03.21 05:53:33.094,0.99326,0.99341,1.50,1.50
2013.03.21 05:53:33.626,0.99325,0.99341,1.50,1.50
2013.03.21 05:53:34.065,0.99325,0.99343,2.25,1.50
2013.03.21 05:53:34.287,0.99325,0.99343,2.25,1.50
2013.03.21 05:53:34.484,0.99328,0.99344,3.00,1.13
2013.03.21 05:53:34.619,0.9933,0.99347,1.50,2.07
2013.03.21 05:53:34.968,0.99335,0.9935,1.50,2.25
2013.03.21 05:53:35.096,0.99335,0.99352,2.25,1.13
2013.03.21 05:53:35.286,0.99338,0.99353,1.50,1.32
2013.03.21 05:53:35.406,0.9934,0.99356,1.50,3.94
2013.03.21 05:53:38.296,0.99341,0.99356,1.50,1.50
2013.03.21 05:53:44.234,0.99341,0.99356,1.50,1.50
2013.03.21 05:53:44.585,0.99342,0.99359,1.50,1.13
2013.03.21 05:53:46.384,0.99344,0.99359,1.50,1.13
2013.03.21 05:53:46.505,0.99346,0.99361,1.50,3.00
2013.03.21 05:53:46.985,0.99344,0.99361,1.50,1.50
2013.03.21 05:53:47.537,0.99346,0.99362,2.25,2.25
2013.03.21 05:53:47.726,0.99345,0.99361,1.50,2.25
2013.03.21 05:53:48.155,0.99342,0.99361,2.25,3.00
2013.03.21 05:53:50.145,0.99342,0.99361,2.25,3.00
2013.03.21 05:53:50.747,0.99343,0.9936,2.25,1.50
2013.03.21 05:53:51.326,0.99343,0.9936,1.50,1.50
2013.03.21 05:53:52.663,0.99343,0.99361,2.25,2.25
2013.03.21 05:53:53.825,0.99343,0.9936,2.25,1.13
2013.03.21 05:53:56.231,0.99342,0.99359,2.25,1.50
2013.03.21 05:53:56.736,0.99341,0.99358,1.50,2.25
2013.03.21 05:53:57.926,0.99341,0.99358,1.50,1.50
2013.03.21 05:53:58.435,0.99342,0.99359,2.25,1.50
2013.03.21 05:53:58.915,0.99346,0.99362,1.50,2.25
2013.03.21 05:53:59.255,0.99345,0.9936,1.50,1.50
2013.03.21 05:53:59.553,0.99345,0.9936,1.50,1.50
2013.03.21 05:54:00.064,0.99345,0.9936,1.50,1.50
2013.03.21 05:54:01.182,0.99345,0.9936,1.50,1.50
2013.03.21 05:54:04.879,0.99345,0.9936,1.50,1.50
2013.03.21 05:54:04.945,0.99344,0.9936,1.50,4.50
2013.03.21 05:54:05.306,0.99342,0.9936,2.25,4.50
2013.03.21 05:54:06.058,0.99343,0.9936,1.50,2.25
2013.03.21 05:54:06.804,0.99341,0.9936,2.25,4.50
2013.03.21 05:54:07.606,0.99346,0.9936,1.50,1.50
2013.03.21 05:54:08.026,0.99348,0.99364,1.50,1.50
2013.03.21 05:54:08.265,0.99346,0.99364,1.50,3.75
2013.03.21 05:54:08.795,0.99344,0.99361,1.50,1.88
2013.03.21 05:54:12.223,0.99344,0.99361,1.50,1.88
2013.03.21 05:54:12.525,0.99342,0.9936,2.25,5.07
2013.03.21 05:54:12.825,0.99341,0.99359,2.25,3.00
2013.03.21 05:54:14.285,0.99342,0.99359,1.50,2.25
2013.03.21 05:54:14.345,0.99343,0.99359,1.50,2.25
2013.03.21 05:54:14.886,0.99344,0.9936,2.25,1.13
2013.03.21 05:54:17.445,0.99344,0.9936,2.25,2.25
2013.03.21 05:54:17.505,0.99344,0.9936,1.50,2.44
2013.03.21 05:54:18.015,0.99344,0.9936,1.50,2.25
2013.03.21 05:54:18.625,0.99345,0.99361,1.50,1.50
2013.03.21 05:54:23.027,0.99343,0.99357,1.50,1.50
2013.03.21 05:54:23.095,0.99342,0.99357,1.50,1.50
2013.03.21 05:54:24.185,0.9934,0.99357,1.50,1.50
2013.03.21 05:54:24.779,0.99341,0.99357,1.50,1.50
2013.03.21 05:54:25.984,0.99341,0.99357,1.50,1.50
2013.03.21 05:54:32.775,0.99341,0.99357,1.50,1.50
2013.03.21 05:54:33.320,0.99343,0.99359,1.50,1.50
2013.03.21 05:54:37.175,0.99344,0.99361,2.25,2.25
2013.03.21 05:54:38.675,0.99343,0.99357,1.50,2.25
2013.03.21 05:54:38.735,0.99343,0.99358,1.50,3.00
2013.03.21 05:54:39.285,0.99343,0.99359,1.50,1.69
2013.03.21 05:54:39.946,0.99344,0.9936,1.50,1.13
2013.03.21 05:54:40.846,0.99342,0.99358,1.50,2.25
2013.03.21 05:54:43.626,0.9934,0.99358,1.50,1.50
2013.03.21 05:54:43.865,0.9934,0.99356,1.50,1.88
2013.03.21 05:54:46.485,0.9934,0.99356,1.50,1.88
2013.03.21 05:54:50.315,0.99338,0.99354,3.00,1.50
2013.03.21 05:54:50.375,0.99337,0.99354,1.50,2.25
2013.03.21 05:54:58.500,0.99335,0.99353,3.00,2.25
2013.03.21 05:54:58.566,0.99335,0.99352,3.00,1.50
2013.03.21 05:54:59.101,0.99335,0.99352,1.50,1.50
2013.03.21 05:54:59.673,0.99333,0.9935,1.50,1.50
2013.03.21 05:54:59.736,0.99333,0.9935,1.50,1.50
2013.03.21 05:54:59.915,0.99333,0.9935,1.50,1.50
2013.03.21 05:55:04.878,0.99333,0.9935,2.25,1.50
2013.03.21 05:55:04.946,0.99335,0.99351,1.50,2.25
2013.03.21 05:55:05.125,0.99335,0.99352,2.25,1.50
2013.03.21 05:55:05.305,0.99337,0.99353,1.50,2.63
2013.03.21 05:55:06.676,0.99337,0.99353,1.50,1.88
2013.03.21 05:55:06.986,0.99342,0.99356,1.50,2.82
2013.03.21 05:55:07.345,0.99345,0.99356,1.50,1.50
2013.03.21 05:55:07.408,0.99345,0.9936,1.50,2.25
2013.03.21 05:55:08.016,0.99344,0.9936,1.50,1.50
2013.03.21 05:55:16.995,0.99346,0.9936,1.50,1.50
2013.03.21 05:55:17.175,0.99346,0.99362,1.50,2.44
2013.03.21 05:55:17.746,0.99346,0.99364,1.50,2.25
2013.03.21 05:55:24.397,0.99346,0.99364,1.50,1.50
2013.03.21 05:55:26.046,0.99346,0.99364,1.50,1.50
2013.03.21 05:55:26.354,0.99348,0.99365,1.50,3.94
2013.03.21 05:55:26.488,0.99345,0.99362,2.63,1.50
2013.03.21 05:55:27.066,0.99345,0.99361,1.88,1.69
2013.03.21 05:55:29.723,0.99345,0.99361,1.50,1.69
2013.03.21 05:55:35.727,0.99344,0.9936,1.50,2.44
2013.03.21 05:55:36.297,0.99343,0.9936,2.25,1.69
2013.03.21 05:55:38.285,0.99343,0.9936,3.00,1.69
2013.03.21 05:55:38.831,0.99344,0.9936,1.13,1.50
2013.03.21 05:55:40.457,0.99346,0.99361,1.50,1.50
2013.03.21 05:55:40.586,0.99346,0.99361,1.50,1.50
2013.03.21 05:55:40.887,0.99346,0.99361,1.50,1.50
2013.03.21 05:55:42.835,0.99346,0.99361,1.50,1.50
2013.03.21 05:55:43.796,0.99344,0.9936,1.13,2.25
2013.03.21 05:55:43.855,0.99343,0.9936,2.25,2.25
2013.03.21 05:55:44.815,0.99343,0.9936,2.25,2.44
2013.03.21 05:55:45.422,0.99342,0.99359,2.25,1.69
2013.03.21 05:55:45.547,0.99342,0.99359,1.50,1.69
2013.03.21 05:55:46.216,0.99342,0.99359,1.50,1.69
2013.03.21 05:55:46.902,0.99342,0.99359,1.50,1.69
2013.03.21 05:55:47.205,0.99339,0.99357,1.88,2.25
2013.03.21 05:55:47.336,0.9934,0.99357,1.50,1.50
2013.03.21 05:55:47.396,0.99341,0.99359,1.50,2.44
2013.03.21 05:55:47.645,0.99342,0.99358,1.50,2.44
2013.03.21 05:55:48.517,0.99342,0.99358,1.50,2.44
2013.03.21 05:55:53.226,0.99342,0.99356,1.50,1.50
2013.03.21 05:55:53.346,0.9934,0.99355,1.50,1.69
2013.03.21 05:55:53.645,0.99338,0.99353,1.50,2.44
2013.03.21 05:55:59.215,0.99338,0.99354,1.50,3.94
2013.03.21 05:55:59.736,0.99336,0.99352,1.50,1.69
2013.03.21 05:56:00.485,0.99336,0.99352,1.50,1.69
2013.03.21 05:56:03.055,0.99336,0.99353,1.50,2.25
2013.03.21 05:56:06.505,0.99337,0.99355,2.25,3.19
2013.03.21 05:56:06.865,0.9934,0.99356,1.50,3.00
2013.03.21 05:56:06.925,0.9934,0.99356,1.50,3.00
2013.03.21 05:56:07.482,0.9934,0.99357,2.25,2.25
2013.03.21 05:56:10.105,0.9934,0.99355,1.50,1.50
2013.03.21 05:56:10.165,0.9934,0.99355,1.50,1.69
2013.03.21 05:56:10.285,0.99338,0.99353,1.50,1.50
2013.03.21 05:56:10.345,0.99338,0.99356,1.50,3.19
2013.03.21 05:56:11.006,0.99339,0.99356,2.25,1.69
2013.03.21 05:56:11.809,0.9934,0.99357,1.50,2.44
2013.03.21 05:56:12.915,0.9934,0.99356,1.50,1.50
2013.03.21 05:56:13.098,0.99338,0.99355,1.50,1.69
2013.03.21 05:56:14.131,0.99339,0.99355,1.50,2.44
2013.03.21 05:56:16.645,0.9934,0.99355,1.50,1.69
2013.03.21 05:56:17.451,0.9934,0.99356,1.50,3.94
2013.03.21 05:56:19.824,0.9934,0.99356,1.50,1.69
2013.03.21 05:56:20.186,0.9934,0.99355,1.50,1.50
2013.03.21 05:56:21.516,0.9934,0.99357,1.50,3.75
2013.03.21 05:56:22.096,0.99338,0.99353,1.50,1.69
2013.03.21 05:56:23.605,0.9934,0.99354,1.50,1.69
2013.03.21 05:56:24.141,0.99341,0.99355,1.50,1.69
2013.03.21 05:56:25.988,0.99339,0.99356,2.25,1.50
2013.03.21 05:56:26.056,0.99339,0.99356,1.50,3.75
2013.03.21 05:56:27.357,0.99339,0.99354,1.50,1.50
2013.03.21 05:56:28.372,0.9934,0.99354,1.50,1.50
2013.03.21 05:56:34.495,0.9934,0.99356,1.50,2.25
2013.03.21 05:56:37.609,0.99339,0.99355,4.88,1.50
2013.03.21 05:56:38.321,0.99338,0.99354,7.13,1.50
2013.03.21 05:56:38.747,0.99339,0.99352,5.63,1.50
2013.03.21 05:56:39.922,0.99339,0.99353,5.25,1.50
2013.03.21 05:56:40.176,0.99339,0.99355,1.69,1.50
2013.03.21 05:56:40.777,0.99339,0.99353,1.69,1.50
2013.03.21 05:56:41.085,0.99338,0.99356,3.19,1.88
2013.03.21 05:56:41.385,0.99338,0.99356,3.19,1.88
2013.03.21 05:56:49.065,0.99339,0.99354,2.25,1.50
2013.03.21 05:56:49.752,0.99337,0.99354,2.07,2.25
2013.03.21 05:56:50.536,0.99337,0.99354,1.69,2.25
2013.03.21 05:56:50.926,0.99337,0.99351,1.50,1.50
2013.03.21 05:56:50.996,0.99336,0.99351,1.50,2.25
2013.03.21 05:56:51.116,0.99336,0.99349,1.50,1.50
2013.03.21 05:56:51.356,0.99333,0.99349,1.50,3.00
2013.03.21 05:56:52.054,0.99332,0.99349,1.50,3.00
2013.03.21 05:56:52.115,0.99332,0.99349,1.50,1.50
2013.03.21 05:56:54.166,0.99331,0.99349,1.50,1.50
2013.03.21 05:56:54.288,0.9933,0.99347,1.50,1.50
2013.03.21 05:56:54.595,0.9933,0.99348,3.75,1.50
2013.03.21 05:56:54.655,0.9933,0.99348,3.75,1.50
2013.03.21 05:56:55.427,0.99332,0.99348,1.69,1.50
2013.03.21 05:56:55.734,0.99334,0.99352,3.19,3.00
2013.03.21 05:56:56.279,0.99335,0.99352,1.69,2.25
2013.03.21 05:57:00.413,0.99336,0.99352,1.69,2.25
2013.03.21 05:57:07.237,0.99336,0.99352,1.69,3.00
2013.03.21 05:57:09.600,0.99337,0.99354,1.69,2.25
2013.03.21 05:57:10.125,0.99337,0.99354,1.50,2.25
2013.03.21 05:57:15.725,0.99336,0.99354,1.50,3.00
2013.03.21 05:57:16.838,0.99337,0.99354,1.50,2.25
2013.03.21 05:57:20.095,0.99337,0.99355,1.50,2.25
2013.03.21 05:57:20.455,0.99337,0.99355,1.50,2.25
2013.03.21 05:57:24.746,0.99339,0.99355,1.50,2.25
2013.03.21 05:57:25.087,0.99344,0.99359,1.50,1.50
2013.03.21 05:57:25.156,0.99344,0.99359,1.50,1.50
2013.03.21 05:57:25.276,0.99345,0.9936,2.25,1.50
2013.03.21 05:57:25.575,0.99345,0.99361,2.44,1.13
2013.03.21 05:57:26.715,0.99345,0.99361,2.44,1.13
2013.03.21 05:57:27.455,0.99345,0.99361,2.25,1.13
2013.03.21 05:57:27.847,0.99345,0.9936,1.50,2.25
2013.03.21 05:57:28.435,0.99342,0.99357,1.13,1.50
2013.03.21 05:57:29.550,0.99339,0.99357,2.25,2.25
2013.03.21 05:57:36.916,0.99341,0.99357,2.25,1.50
2013.03.21 05:57:36.977,0.99343,0.99358,1.50,1.50
2013.03.21 05:57:37.629,0.99343,0.99359,1.50,2.25
2013.03.21 05:57:39.916,0.99343,0.99359,1.50,1.50
2013.03.21 05:57:40.766,0.99344,0.9936,1.69,1.88
2013.03.21 05:57:43.365,0.99344,0.9936,2.44,2.25
2013.03.21 05:57:44.155,0.99344,0.9936,2.44,1.13
2013.03.21 05:57:48.555,0.99343,0.9936,2.44,1.13
2013.03.21 05:57:57.096,0.99343,0.9936,1.69,1.13
2013.03.21 05:57:58.645,0.99342,0.9936,3.94,1.13
2013.03.21 05:57:59.008,0.9934,0.99355,1.50,3.00
2013.03.21 05:57:59.076,0.99338,0.99355,2.25,3.00
2013.03.21 05:57:59.956,0.99337,0.99354,2.44,1.50
2013.03.21 05:58:00.094,0.99337,0.99354,3.19,1.50
2013.03.21 05:58:00.677,0.99337,0.99355,1.69,3.00
2013.03.21 05:58:01.220,0.99338,0.99355,1.50,3.00
2013.03.21 05:58:03.037,0.99337,0.99355,2.44,3.38
2013.03.21 05:58:05.187,0.99338,0.99355,1.50,1.88
2013.03.21 05:58:06.507,0.99338,0.99356,3.75,1.50
2013.03.21 05:58:06.716,0.99338,0.99352,3.00,1.50
2013.03.21 05:58:07.077,0.99335,0.99353,2.25,3.00
2013.03.21 05:58:07.147,0.99337,0.99353,1.50,1.50
2013.03.21 05:58:07.726,0.99337,0.99353,2.25,1.50
2013.03.21 05:58:08.526,0.99338,0.99354,1.50,4.50
2013.03.21 05:58:08.946,0.99335,0.99351,1.69,1.50
2013.03.21 05:58:09.307,0.99335,0.99349,1.50,1.50
2013.03.21 05:58:09.666,0.99331,0.99348,1.50,3.75
2013.03.21 05:58:10.929,0.99329,0.99346,1.50,3.38
2013.03.21 05:58:11.476,0.99332,0.99347,2.25,1.88
2013.03.21 05:58:12.127,0.99332,0.99347,1.50,2.63
2013.03.21 05:58:12.665,0.99332,0.99349,1.50,1.50
2013.03.21 05:58:13.395,0.99334,0.9935,1.50,1.88
2013.03.21 05:58:14.195,0.99335,0.99352,1.50,2.25
2013.03.21 05:58:14.881,0.99334,0.99352,3.00,1.50
2013.03.21 05:58:16.635,0.99334,0.99352,3.00,1.50
2013.03.21 05:58:19.058,0.99334,0.99352,3.00,1.88
2013.03.21 05:58:20.707,0.99334,0.99351,3.00,1.13
2013.03.21 05:58:21.367,0.99334,0.99351,3.00,1.13
2013.03.21 05:58:24.476,0.99334,0.99351,2.25,1.13
2013.03.21 05:58:25.026,0.99332,0.9935,1.50,1.50
2013.03.21 05:58:25.386,0.99332,0.99346,1.50,1.50
2013.03.21 05:58:29.975,0.99332,0.99347,1.50,1.50
2013.03.21 05:58:30.855,0.99332,0.99346,1.50,1.50
2013.03.21 05:58:31.645,0.99332,0.99346,1.50,1.50
2013.03.21 05:58:32.696,0.99332,0.99345,1.50,2.25
2013.03.21 05:58:33.215,0.99331,0.99344,1.50,1.50
2013.03.21 05:58:33.276,0.99328,0.99344,1.50,1.50
2013.03.21 05:58:33.396,0.99328,0.9934,1.50,1.50
2013.03.21 05:58:33.697,0.99324,0.99339,2.63,1.50
2013.03.21 05:58:33.886,0.99324,0.99336,1.88,1.50
2013.03.21 05:58:34.020,0.99324,0.99338,1.13,2.25
2013.03.21 05:58:34.289,0.99322,0.99336,2.25,1.50
2013.03.21 05:58:34.727,0.99325,0.99341,1.50,1.88
2013.03.21 05:58:35.266,0.99327,0.99344,1.69,2.63
2013.03.21 05:58:35.748,0.99326,0.99344,3.19,2.63
2013.03.21 05:58:36.295,0.99327,0.99344,1.50,1.50
2013.03.21 05:58:36.836,0.99328,0.99346,1.50,3.75
2013.03.21 05:58:38.217,0.99328,0.99345,2.44,1.13
2013.03.21 05:58:38.286,0.9933,0.99346,2.10,3.00
2013.03.21 05:58:38.825,0.9933,0.99346,3.79,2.63
2013.03.21 05:58:39.675,0.9933,0.99346,3.79,1.88
2013.03.21 05:58:40.366,0.9933,0.99346,3.04,1.88
2013.03.21 05:58:40.551,0.99328,0.99344,2.25,2.44
2013.03.21 05:58:40.877,0.99323,0.99341,1.50,3.00
2013.03.21 05:58:42.956,0.99325,0.99341,1.50,2.63
2013.03.21 05:58:43.356,0.99326,0.99341,1.50,1.88
2013.03.21 05:58:43.536,0.99328,0.99344,1.50,1.50
2013.03.21 05:58:43.846,0.99328,0.99343,1.50,1.50
2013.03.21 05:58:43.906,0.99326,0.99343,1.50,1.50
2013.03.21 05:58:44.087,0.99326,0.99342,1.50,3.00
2013.03.21 05:58:44.325,0.99324,0.9934,1.50,1.50
2013.03.21 05:58:44.387,0.99324,0.9934,1.50,1.50
2013.03.21 05:58:45.186,0.99324,0.99339,1.50,2.25
2013.03.21 05:58:45.591,0.99322,0.99338,1.50,1.50
2013.03.21 05:58:45.656,0.99321,0.99338,1.50,1.50
2013.03.21 05:58:47.155,0.9932,0.99337,2.25,1.50
2013.03.21 05:58:47.275,0.99319,0.99335,1.50,1.50
2013.03.21 05:58:47.818,0.99318,0.99335,2.25,1.50
2013.03.21 05:58:49.476,0.99318,0.99335,1.88,1.50
2013.03.21 05:58:50.455,0.99318,0.99335,1.13,1.50
2013.03.21 05:58:50.636,0.99321,0.99337,1.50,1.13
2013.03.21 05:58:51.185,0.9932,0.99337,1.50,1.88
2013.03.21 05:58:51.939,0.9932,0.99339,2.25,1.88
2013.03.21 05:58:52.125,0.99322,0.99339,1.50,1.13
2013.03.21 05:58:52.746,0.99323,0.99339,2.25,1.13
2013.03.21 05:58:53.567,0.99324,0.9934,2.25,3.00
2013.03.21 05:58:54.635,0.99324,0.9934,1.50,1.88
2013.03.21 05:58:57.696,0.99322,0.9934,1.50,2.78
2013.03.21 05:58:57.997,0.99321,0.99335,2.25,1.50
2013.03.21 05:58:58.056,0.99321,0.99335,2.25,1.50
2013.03.21 05:58:58.288,0.99321,0.99335,2.25,1.50
2013.03.21 05:58:58.508,0.99321,0.99335,1.50,1.50
2013.03.21 05:58:59.026,0.99321,0.99334,1.50,1.50
2013.03.21 05:59:01.606,0.99321,0.99334,2.25,1.50
2013.03.21 05:59:01.669,0.99323,0.99338,1.50,2.25
2013.03.21 05:59:01.797,0.99324,0.99339,2.25,1.88
2013.03.21 05:59:02.418,0.99324,0.9934,1.50,3.00
2013.03.21 05:59:03.989,0.99322,0.99336,1.50,2.25
2013.03.21 05:59:04.415,0.9932,0.99335,1.50,1.50
2013.03.21 05:59:04.986,0.9932,0.99334,1.50,2.25
2013.03.21 05:59:06.005,0.99317,0.99335,3.94,1.50
2013.03.21 05:59:07.095,0.9932,0.99338,1.50,2.63
2013.03.21 05:59:07.285,0.9932,0.99338,2.25,1.50
2013.03.21 05:59:07.346,0.9932,0.99338,2.25,1.50
2013.03.21 05:59:07.855,0.99322,0.99338,1.50,1.50
2013.03.21 05:59:09.066,0.99321,0.99338,1.50,3.00
2013.03.21 05:59:09.425,0.99318,0.99333,3.38,1.50
2013.03.21 05:59:09.946,0.99318,0.99333,3.38,1.50
2013.03.21 05:59:13.745,0.99318,0.99332,3.00,3.00
2013.03.21 05:59:14.246,0.99318,0.99335,3.60,1.50
2013.03.21 05:59:14.317,0.99319,0.99335,2.25,1.50
2013.03.21 05:59:14.376,0.9932,0.99336,1.50,1.13
2013.03.21 05:59:15.030,0.9932,0.99337,1.50,1.88
2013.03.21 05:59:16.265,0.99318,0.99336,4.35,1.13
2013.03.21 05:59:21.925,0.99318,0.99336,3.75,1.88
2013.03.21 05:59:22.685,0.99321,0.99336,1.50,1.13
2013.03.21 05:59:23.207,0.9932,0.99336,2.85,1.13
2013.03.21 05:59:23.641,0.99321,0.99336,1.50,1.13
2013.03.21 05:59:23.965,0.99323,0.99338,1.50,1.13
2013.03.21 05:59:24.660,0.99323,0.99338,1.50,1.88
2013.03.21 05:59:25.190,0.99323,0.99338,1.50,1.13
2013.03.21 05:59:25.999,0.99323,0.99338,1.50,1.13
2013.03.21 05:59:27.656,0.99321,0.99336,1.50,2.25
2013.03.21 05:59:28.645,0.9932,0.99335,1.50,2.25
2013.03.21 05:59:29.635,0.9932,0.99335,2.25,2.25
2013.03.21 05:59:30.176,0.99323,0.99334,1.50,1.50
2013.03.21 05:59:30.805,0.99323,0.99335,1.50,2.25
2013.03.21 05:59:31.675,0.99323,0.99334,1.50,2.25
2013.03.21 05:59:31.735,0.99323,0.99335,1.50,1.50
2013.03.21 05:59:32.526,0.99323,0.99339,1.50,3.94
2013.03.21 05:59:33.077,0.99323,0.99339,1.50,4.50
2013.03.21 05:59:33.680,0.99323,0.99339,1.50,4.50
2013.03.21 05:59:34.187,0.99323,0.99339,1.50,3.38
2013.03.21 05:59:37.495,0.99323,0.99339,1.50,1.88
2013.03.21 05:59:40.825,0.99323,0.99341,1.50,3.15
2013.03.21 05:59:41.366,0.99322,0.99339,1.50,1.13
2013.03.21 05:59:49.438,0.99327,0.99342,1.50,1.50
2013.03.21 05:59:52.395,0.99326,0.99344,1.50,3.75
2013.03.21 05:59:52.756,0.99325,0.99342,1.50,3.00
2013.03.21 05:59:52.816,0.99327,0.99344,1.50,3.00
2013.03.21 05:59:53.007,0.99328,0.99344,3.75,1.50
2013.03.21 05:59:53.195,0.99328,0.99344,2.25,1.50
2013.03.21 05:59:53.496,0.9933,0.99344,1.50,1.50
2013.03.21 05:59:53.675,0.99331,0.99349,2.25,3.75
2013.03.21 05:59:53.875,0.99334,0.9935,1.50,1.50
2013.03.21 05:59:54.576,0.99334,0.99353,1.50,1.50
2013.03.21 05:59:54.767,0.99334,0.99352,1.50,2.25
2013.03.21 05:59:54.945,0.9933,0.99348,1.50,2.25
2013.03.21 05:59:55.376,0.99329,0.99348,1.50,2.25
2013.03.21 05:59:57.275,0.99329,0.99347,2.25,2.25
2013.03.21 05:59:57.902,0.9933,0.99348,2.25,2.25
2013.03.21 05:59:58.226,0.99331,0.99347,1.50,1.50
2013.03.21 05:59:58.346,0.99332,0.99349,1.50,1.50
2013.03.21 05:59:58.585,0.99332,0.99349,1.50,3.00
2013.03.21 05:59:58.646,0.99332,0.9935,2.25,1.88
2013.03.21 05:59:58.766,0.99331,0.99347,1.50,1.50
2013.03.21 05:59:59.366,0.99331,0.99349,1.50,3.00
