2017.07.31 08:00:02.632,0.88215,0.88224,1.00,2.81
2017.07.31 08:00:02.684,0.88217,0.88224,1.00,4.31
2017.07.31 08:00:03.520,0.88217,0.88225,1.00,5.29
2017.07.31 08:00:05.036,0.88218,0.88224,1.00,1.69
2017.07.31 08:00:05.471,0.88216,0.88223,1.00,1.19
2017.07.31 08:00:07.330,0.88217,0.88223,1.00,1.69
2017.07.31 08:00:07.381,0.88217,0.88223,1.00,1.25
2017.07.31 08:00:07.988,0.88216,0.88222,1.00,1.00
2017.07.31 08:00:08.397,0.88218,0.88222,1.00,1.00
2017.07.31 08:00:08.523,0.88216,0.88222,1.00,1.00
2017.07.31 08:00:09.046,0.88217,0.88222,1.00,1.00
2017.07.31 08:00:09.577,0.88218,0.88222,1.00,1.00
2017.07.31 08:00:10.080,0.88217,0.88221,1.00,1.00
2017.07.31 08:00:10.379,0.88217,0.88223,1.00,1.25
2017.07.31 08:00:10.711,0.88217,0.88221,1.00,1.00
2017.07.31 08:00:11.327,0.88217,0.88223,1.00,1.69
2017.07.31 08:00:12.247,0.88217,0.88222,1.00,1.00
2017.07.31 08:00:12.786,0.88218,0.88222,1.00,1.00
2017.07.31 08:00:13.099,0.88217,0.88221,1.00,1.00
2017.07.31 08:00:13.150,0.88214,0.8822,1.00,1.00
2017.07.31 08:00:13.254,0.8821,0.88217,1.75,1.37
2017.07.31 08:00:13.357,0.88211,0.88217,1.00,1.12
2017.07.31 08:00:13.511,0.88214,0.88219,1.00,3.00
2017.07.31 08:00:13.689,0.88215,0.8822,1.00,1.50
2017.07.31 08:00:13.809,0.88217,0.88221,1.00,1.00
2017.07.31 08:00:14.327,0.88217,0.88221,1.00,1.50
2017.07.31 08:00:14.582,0.88218,0.88223,1.00,1.25
2017.07.31 08:00:15.613,0.88218,0.88222,1.00,1.00
2017.07.31 08:00:16.139,0.88218,0.88223,1.00,1.25
2017.07.31 08:00:19.542,0.88216,0.88223,1.00,1.25
2017.07.31 08:00:19.896,0.88215,0.88221,1.00,1.00
2017.07.31 08:00:20.049,0.88213,0.8822,1.12,1.00
2017.07.31 08:00:20.597,0.88212,0.88219,1.00,1.25
2017.07.31 08:00:21.123,0.88213,0.88219,1.00,1.25
2017.07.31 08:00:23.974,0.88213,0.8822,1.37,1.50
2017.07.31 08:00:24.534,0.88213,0.8822,1.12,1.00
2017.07.31 08:00:25.294,0.88213,0.88219,1.00,1.00
2017.07.31 08:00:25.527,0.8821,0.88217,1.12,1.00
2017.07.31 08:00:25.629,0.88209,0.88216,1.00,1.19
2017.07.31 08:00:25.938,0.88217,0.88222,1.00,1.00
2017.07.31 08:00:26.266,0.88213,0.88221,1.00,1.69
2017.07.31 08:00:26.811,0.88214,0.88221,1.00,1.69
2017.07.31 08:00:27.321,0.88213,0.8822,1.00,1.19
2017.07.31 08:00:27.621,0.88213,0.8822,1.00,1.69
2017.07.31 08:00:28.209,0.88213,0.88218,1.00,1.25
2017.07.31 08:00:28.537,0.88211,0.88217,1.00,1.19
2017.07.31 08:00:28.743,0.88211,0.88218,1.00,1.25
2017.07.31 08:00:29.255,0.88212,0.88218,1.00,1.25
2017.07.31 08:00:29.863,0.88211,0.88218,1.12,1.25
2017.07.31 08:00:30.384,0.88212,0.88218,1.00,1.25
2017.07.31 08:00:34.471,0.88213,0.8822,1.00,1.69
2017.07.31 08:00:36.711,0.88213,0.88221,1.12,1.69
2017.07.31 08:00:42.922,0.88214,0.88221,1.00,1.69
2017.07.31 08:00:44.191,0.88212,0.88221,1.00,1.69
2017.07.31 08:00:44.345,0.8821,0.88218,1.12,1.00
2017.07.31 08:00:45.032,0.88211,0.88219,1.00,1.00
2017.07.31 08:00:45.135,0.88213,0.8822,1.00,1.00
2017.07.31 08:00:45.669,0.88214,0.88221,1.00,1.25
2017.07.31 08:00:46.527,0.88214,0.88222,1.00,1.00
2017.07.31 08:00:47.303,0.88214,0.88218,1.00,1.00
2017.07.31 08:00:47.456,0.88212,0.88218,1.00,1.00
2017.07.31 08:00:47.966,0.88211,0.88217,1.00,1.00
2017.07.31 08:00:48.715,0.88211,0.88218,1.00,1.25
2017.07.31 08:00:48.827,0.88211,0.88216,1.00,1.00
2017.07.31 08:00:50.294,0.88212,0.88219,1.00,1.19
2017.07.31 08:00:50.805,0.88212,0.88219,1.00,1.25
2017.07.31 08:00:53.941,0.88214,0.88219,1.00,1.25
2017.07.31 08:00:54.044,0.88215,0.88221,1.00,1.25
2017.07.31 08:00:54.197,0.88215,0.88223,1.00,1.31
2017.07.31 08:00:54.741,0.88215,0.88224,1.00,1.25
2017.07.31 08:00:55.374,0.88215,0.88223,1.00,1.00
2017.07.31 08:00:56.211,0.88215,0.88224,1.00,1.25
2017.07.31 08:00:56.263,0.88218,0.88225,1.00,1.69
2017.07.31 08:00:58.298,0.88216,0.88221,1.50,1.00
2017.07.31 08:00:58.463,0.88212,0.8822,1.00,1.12
2017.07.31 08:00:58.976,0.88211,0.8822,1.00,1.50
2017.07.31 08:00:59.028,0.88211,0.88218,1.00,1.00
2017.07.31 08:00:59.871,0.88211,0.88219,1.00,1.50
2017.07.31 08:01:00.381,0.88212,0.88219,1.00,1.00
2017.07.31 08:01:00.963,0.88211,0.88218,1.00,1.69
2017.07.31 08:01:01.498,0.88211,0.88217,1.00,1.00
2017.07.31 08:01:02.425,0.88211,0.88218,1.00,2.44
2017.07.31 08:01:02.791,0.88211,0.88216,1.00,1.00
2017.07.31 08:01:02.997,0.88211,0.88218,1.00,2.44
2017.07.31 08:01:03.254,0.88212,0.8822,1.00,1.25
2017.07.31 08:01:03.512,0.88209,0.88218,1.12,1.69
2017.07.31 08:01:03.564,0.88208,0.88216,1.00,1.50
2017.07.31 08:01:03.869,0.88207,0.88212,1.00,1.00
2017.07.31 08:01:04.392,0.88208,0.88215,1.00,1.19
2017.07.31 08:01:04.595,0.88207,0.88216,1.00,3.94
2017.07.31 08:01:05.483,0.88209,0.88216,1.00,1.25
2017.07.31 08:01:05.951,0.88207,0.88215,1.12,1.50
2017.07.31 08:01:06.517,0.88207,0.88213,1.00,1.00
2017.07.31 08:01:06.941,0.88207,0.88215,1.00,1.00
2017.07.31 08:01:07.299,0.88209,0.88216,1.00,1.25
2017.07.31 08:01:07.453,0.8821,0.88218,1.00,1.00
2017.07.31 08:01:08.636,0.88212,0.8822,1.00,2.44
2017.07.31 08:01:09.213,0.88211,0.8822,1.00,2.44
2017.07.31 08:01:10.346,0.88212,0.8822,1.50,1.94
2017.07.31 08:01:10.448,0.88213,0.88222,1.00,2.25
2017.07.31 08:01:10.601,0.88215,0.88222,1.00,1.00
2017.07.31 08:01:11.356,0.88214,0.88222,1.50,1.19
2017.07.31 08:01:11.662,0.88214,0.88221,1.00,1.69
2017.07.31 08:01:12.557,0.88214,0.88222,1.00,2.06
2017.07.31 08:01:13.096,0.88213,0.88221,1.50,1.25
2017.07.31 08:01:13.529,0.88215,0.88221,1.00,1.00
2017.07.31 08:01:14.040,0.88215,0.88223,1.00,1.31
2017.07.31 08:01:14.295,0.88212,0.88223,1.00,3.56
2017.07.31 08:01:14.397,0.8821,0.88218,1.00,1.25
2017.07.31 08:01:14.702,0.88209,0.88217,1.00,1.87
2017.07.31 08:01:15.223,0.88209,0.88219,1.00,2.06
2017.07.31 08:01:15.714,0.88209,0.88219,1.00,2.06
2017.07.31 08:01:16.221,0.88209,0.88219,1.50,3.56
2017.07.31 08:01:17.562,0.88209,0.88219,1.50,1.31
2017.07.31 08:01:17.685,0.88209,0.88218,1.00,1.69
2017.07.31 08:01:18.449,0.88209,0.88219,1.50,1.69
2017.07.31 08:01:19.054,0.8821,0.8822,1.00,2.44
2017.07.31 08:01:19.440,0.88212,0.8822,1.00,2.44
2017.07.31 08:01:20.207,0.8821,0.8822,1.50,2.44
2017.07.31 08:01:20.479,0.88215,0.88222,1.00,1.25
2017.07.31 08:01:20.633,0.88216,0.88225,1.00,1.25
2017.07.31 08:01:21.143,0.88217,0.88226,1.12,1.19
2017.07.31 08:01:24.448,0.88217,0.88226,1.12,1.25
2017.07.31 08:01:27.316,0.88218,0.88226,1.00,1.25
2017.07.31 08:01:35.267,0.8822,0.88227,1.00,1.50
2017.07.31 08:01:35.420,0.88217,0.88226,1.00,1.12
2017.07.31 08:01:35.472,0.88216,0.88224,1.12,1.37
2017.07.31 08:01:35.569,0.88214,0.88223,1.25,1.00
2017.07.31 08:01:35.774,0.88217,0.88223,1.00,1.12
2017.07.31 08:01:36.285,0.88216,0.88223,1.50,1.00
2017.07.31 08:01:36.763,0.88216,0.88225,1.50,2.62
2017.07.31 08:01:37.396,0.88217,0.88225,1.00,1.50
2017.07.31 08:01:38.284,0.88217,0.88224,1.00,1.00
2017.07.31 08:01:38.489,0.88217,0.88226,1.00,1.00
2017.07.31 08:01:38.541,0.88219,0.88226,1.00,1.00
2017.07.31 08:01:38.874,0.88223,0.8823,1.00,1.31
2017.07.31 08:01:39.180,0.88225,0.88231,1.00,1.00
2017.07.31 08:01:41.237,0.88227,0.88231,1.00,1.00
2017.07.31 08:01:41.902,0.88225,0.88231,1.12,1.00
2017.07.31 08:01:42.004,0.88223,0.88231,1.12,1.00
2017.07.31 08:01:42.572,0.88224,0.8823,1.00,1.00
2017.07.31 08:01:44.017,0.88224,0.88229,1.00,1.00
2017.07.31 08:01:44.068,0.88222,0.88229,1.50,1.00
2017.07.31 08:01:44.583,0.88223,0.8823,1.00,1.25
2017.07.31 08:01:44.969,0.88221,0.88228,1.12,1.25
2017.07.31 08:01:45.175,0.88214,0.88224,1.00,2.06
2017.07.31 08:01:45.752,0.88213,0.88223,1.87,1.31
2017.07.31 08:01:46.549,0.88215,0.88224,1.00,1.69
2017.07.31 08:01:46.854,0.88217,0.88225,1.00,1.69
2017.07.31 08:01:46.957,0.88217,0.88226,1.50,1.19
2017.07.31 08:01:47.008,0.8822,0.88227,1.00,1.19
2017.07.31 08:01:47.059,0.8822,0.88228,1.50,1.87
2017.07.31 08:01:47.212,0.8822,0.8823,1.50,5.06
2017.07.31 08:01:47.730,0.8822,0.88228,1.00,1.00
2017.07.31 08:01:48.286,0.8822,0.88227,1.00,1.00
2017.07.31 08:01:49.240,0.88217,0.88223,1.12,1.00
2017.07.31 08:01:49.749,0.88218,0.88224,1.00,1.00
2017.07.31 08:01:50.005,0.88216,0.88223,1.00,1.00
2017.07.31 08:01:50.380,0.88214,0.88223,1.50,1.00
2017.07.31 08:01:51.117,0.88213,0.88223,1.00,1.12
2017.07.31 08:01:51.219,0.88212,0.88221,1.50,1.00
2017.07.31 08:01:51.556,0.88214,0.88222,1.00,1.25
2017.07.31 08:01:53.045,0.88215,0.88222,1.00,1.25
2017.07.31 08:01:53.504,0.88214,0.88224,1.50,2.44
2017.07.31 08:01:54.032,0.88214,0.88223,1.50,1.00
2017.07.31 08:01:54.196,0.88216,0.88223,1.50,1.00
2017.07.31 08:01:54.303,0.88216,0.88225,2.25,1.00
2017.07.31 08:01:54.558,0.88218,0.88225,1.00,1.00
2017.07.31 08:01:55.106,0.88217,0.88227,2.25,3.19
2017.07.31 08:01:55.909,0.88218,0.88226,1.00,1.25
2017.07.31 08:01:56.411,0.88217,0.88227,2.25,2.44
2017.07.31 08:01:58.149,0.88218,0.88226,1.00,1.69
2017.07.31 08:01:58.686,0.88218,0.88228,1.00,2.06
2017.07.31 08:01:58.998,0.88213,0.88223,1.50,1.62
2017.07.31 08:01:59.541,0.88214,0.88223,1.87,1.69
2017.07.31 08:01:59.859,0.88216,0.88223,1.00,1.25
2017.07.31 08:02:00.063,0.88213,0.88224,1.50,1.19
2017.07.31 08:02:00.593,0.88212,0.88224,1.87,2.81
2017.07.31 08:02:01.140,0.88213,0.88224,1.00,3.56
2017.07.31 08:02:01.776,0.88212,0.88224,3.37,2.44
2017.07.31 08:02:02.277,0.88213,0.88224,1.00,2.06
2017.07.31 08:02:03.584,0.88212,0.88223,2.62,1.69
2017.07.31 08:02:04.591,0.88213,0.88223,1.00,1.69
2017.07.31 08:02:05.016,0.88213,0.88221,1.00,1.00
2017.07.31 08:02:05.798,0.88213,0.88223,1.50,1.69
2017.07.31 08:02:06.104,0.88215,0.88223,1.00,1.25
2017.07.31 08:02:06.863,0.88216,0.88224,1.00,1.69
2017.07.31 08:02:07.016,0.88216,0.88225,1.12,1.00
2017.07.31 08:02:07.067,0.88218,0.88225,1.00,1.00
2017.07.31 08:02:07.119,0.88218,0.88227,1.00,2.25
2017.07.31 08:02:07.271,0.88219,0.88225,1.00,1.00
2017.07.31 08:02:07.578,0.88217,0.88223,1.00,1.25
2017.07.31 08:02:08.436,0.88215,0.88224,1.00,1.69
2017.07.31 08:02:09.567,0.88216,0.88224,1.00,1.69
2017.07.31 08:02:09.928,0.88217,0.88224,3.37,1.00
2017.07.31 08:02:10.031,0.88219,0.88229,1.12,1.69
2017.07.31 08:02:10.083,0.88219,0.88229,1.50,1.31
2017.07.31 08:02:10.656,0.8822,0.88229,1.12,1.00
2017.07.31 08:02:10.963,0.88218,0.88227,1.50,2.25
2017.07.31 08:02:11.423,0.8822,0.88229,1.00,1.50
2017.07.31 08:02:11.954,0.8822,0.8823,1.00,1.69
2017.07.31 08:02:12.159,0.88219,0.88225,1.12,1.12
2017.07.31 08:02:12.365,0.88213,0.88221,1.00,1.00
2017.07.31 08:02:13.173,0.88214,0.88222,1.00,1.00
2017.07.31 08:02:13.750,0.88214,0.88224,1.00,2.81
2017.07.31 08:02:13.801,0.88214,0.88222,1.00,1.00
2017.07.31 08:02:15.060,0.88214,0.88224,1.00,2.44
2017.07.31 08:02:17.131,0.88216,0.88224,1.00,1.25
2017.07.31 08:02:19.649,0.88218,0.88227,1.50,1.25
2017.07.31 08:02:19.700,0.8822,0.88227,1.00,1.25
2017.07.31 08:02:20.261,0.88217,0.88226,1.00,1.00
2017.07.31 08:02:20.393,0.88217,0.88225,1.00,1.19
2017.07.31 08:02:20.837,0.88217,0.88227,1.12,1.00
2017.07.31 08:02:21.296,0.8822,0.88228,1.00,1.69
2017.07.31 08:02:25.239,0.8822,0.88227,1.00,1.00
2017.07.31 08:02:26.240,0.8822,0.88229,1.50,1.19
2017.07.31 08:02:26.590,0.88219,0.88225,1.12,1.00
2017.07.31 08:02:26.692,0.88216,0.88223,1.00,1.00
2017.07.31 08:02:26.744,0.88213,0.88223,4.50,1.00
2017.07.31 08:02:26.948,0.88215,0.88225,1.00,3.00
2017.07.31 08:02:28.198,0.88214,0.88224,1.12,1.00
2017.07.31 08:02:29.209,0.88213,0.88224,2.62,1.12
2017.07.31 08:02:30.190,0.88214,0.88224,1.00,1.87
2017.07.31 08:02:30.849,0.88215,0.88224,1.00,1.87
2017.07.31 08:02:32.447,0.88216,0.88224,1.00,1.50
2017.07.31 08:02:33.878,0.88216,0.88226,1.00,1.00
2017.07.31 08:02:34.373,0.88218,0.88227,1.00,3.00
2017.07.31 08:02:35.498,0.88219,0.88227,1.00,1.12
2017.07.31 08:02:38.546,0.88219,0.88229,1.00,2.06
2017.07.31 08:02:39.055,0.88218,0.88228,1.50,1.69
2017.07.31 08:02:43.517,0.88219,0.88229,1.00,1.00
2017.07.31 08:02:46.108,0.88218,0.88229,1.50,1.00
2017.07.31 08:02:46.412,0.88218,0.88227,1.50,1.12
2017.07.31 08:02:47.071,0.88218,0.88229,1.00,1.50
2017.07.31 08:02:48.206,0.88219,0.88229,1.00,1.50
2017.07.31 08:02:48.867,0.8822,0.88228,1.00,1.00
2017.07.31 08:02:49.834,0.88219,0.88228,1.50,1.00
2017.07.31 08:02:50.519,0.88219,0.88229,1.50,1.69
2017.07.31 08:02:51.413,0.8822,0.88229,1.00,1.31
2017.07.31 08:02:52.177,0.88219,0.88229,1.50,1.31
2017.07.31 08:02:52.948,0.8822,0.88229,1.00,1.31
2017.07.31 08:02:55.770,0.8822,0.88228,1.00,1.00
2017.07.31 08:02:57.681,0.8822,0.8823,1.00,3.37
2017.07.31 08:02:59.287,0.88219,0.8823,1.87,3.37
2017.07.31 08:03:00.573,0.88219,0.88228,1.12,1.00
2017.07.31 08:03:01.407,0.88221,0.88229,1.00,1.00
2017.07.31 08:03:01.715,0.88224,0.8823,1.00,1.50
2017.07.31 08:03:02.678,0.88223,0.8823,1.00,1.00
2017.07.31 08:03:03.948,0.88223,0.88231,1.50,1.00
2017.07.31 08:03:04.254,0.88222,0.88229,1.00,1.00
2017.07.31 08:03:04.770,0.88221,0.88229,1.00,1.00
2017.07.31 08:03:05.629,0.88221,0.88227,1.00,1.00
2017.07.31 08:03:06.139,0.8822,0.88227,1.00,1.00
2017.07.31 08:03:06.681,0.88219,0.88227,1.00,1.00
2017.07.31 08:03:07.229,0.88219,0.88228,1.00,1.00
2017.07.31 08:03:07.814,0.8822,0.88228,1.00,1.00
2017.07.31 08:03:08.150,0.88223,0.8823,1.00,1.12
2017.07.31 08:03:08.894,0.88221,0.8823,2.62,1.00
2017.07.31 08:03:08.996,0.88223,0.8823,1.00,1.00
2017.07.31 08:03:09.256,0.88221,0.8823,2.62,1.00
2017.07.31 08:03:09.358,0.88224,0.8823,1.00,1.00
2017.07.31 08:03:09.537,0.88225,0.88232,1.00,1.00
2017.07.31 08:03:10.099,0.88226,0.88232,1.00,1.00
2017.07.31 08:03:10.155,0.88226,0.88236,1.00,3.19
2017.07.31 08:03:10.878,0.88226,0.88236,1.50,1.50
2017.07.31 08:03:16.863,0.88226,0.88235,1.50,1.00
2017.07.31 08:03:20.372,0.88226,0.88234,1.12,1.00
2017.07.31 08:03:21.426,0.88226,0.88233,1.00,1.00
2017.07.31 08:03:26.210,0.88225,0.88233,1.00,1.50
2017.07.31 08:03:26.809,0.88226,0.88233,1.00,1.00
2017.07.31 08:03:29.164,0.88226,0.88234,1.00,1.12
2017.07.31 08:03:30.384,0.88227,0.88235,1.50,1.37
2017.07.31 08:03:31.012,0.88228,0.88235,1.00,1.00
2017.07.31 08:03:31.627,0.88228,0.88236,1.00,1.00
2017.07.31 08:03:32.227,0.88227,0.88236,1.50,1.00
2017.07.31 08:03:32.278,0.88232,0.8824,1.00,5.62
2017.07.31 08:03:32.403,0.88231,0.88239,1.87,1.12
2017.07.31 08:03:32.455,0.88231,0.88237,1.37,1.50
2017.07.31 08:03:32.610,0.88229,0.88236,1.00,1.12
2017.07.31 08:03:33.390,0.88228,0.88236,1.00,1.87
2017.07.31 08:03:34.384,0.88226,0.88235,3.00,1.00
2017.07.31 08:03:34.486,0.88226,0.88233,1.00,1.00
2017.07.31 08:03:34.792,0.88225,0.88231,1.00,1.00
2017.07.31 08:03:38.189,0.88224,0.88232,1.00,1.50
2017.07.31 08:03:39.178,0.88223,0.88232,1.00,1.50
2017.07.31 08:03:39.733,0.88224,0.88232,1.00,1.00
2017.07.31 08:03:46.650,0.88224,0.88233,1.00,1.25
2017.07.31 08:03:47.160,0.88225,0.88233,1.00,1.00
2017.07.31 08:03:47.474,0.88228,0.88236,1.00,1.00
2017.07.31 08:03:47.783,0.88231,0.8824,3.00,1.00
2017.07.31 08:03:48.088,0.88234,0.88242,1.12,1.00
2017.07.31 08:03:49.950,0.88235,0.88244,1.00,1.00
2017.07.31 08:03:50.594,0.88234,0.88243,1.00,1.00
2017.07.31 08:03:50.646,0.88233,0.88241,1.00,1.00
2017.07.31 08:03:50.699,0.88233,0.88243,1.50,1.87
2017.07.31 08:03:50.751,0.88234,0.88243,1.19,1.50
2017.07.31 08:03:51.951,0.88235,0.88243,2.06,1.00
2017.07.31 08:03:52.995,0.88235,0.88244,2.81,1.00
2017.07.31 08:03:54.939,0.88235,0.88243,1.19,1.00
2017.07.31 08:03:55.246,0.88232,0.88241,1.19,1.00
2017.07.31 08:03:55.762,0.88232,0.8824,1.69,1.00
2017.07.31 08:03:56.327,0.88232,0.8824,1.19,1.00
2017.07.31 08:04:02.830,0.88231,0.88239,1.19,1.00
2017.07.31 08:04:03.162,0.8823,0.88237,1.19,1.00
2017.07.31 08:04:03.671,0.8823,0.88237,1.19,1.00
2017.07.31 08:04:06.622,0.88227,0.88236,3.19,1.50
2017.07.31 08:04:06.726,0.88227,0.88234,1.69,1.00
2017.07.31 08:04:07.278,0.88226,0.88234,1.19,1.00
2017.07.31 08:04:12.367,0.88225,0.88235,1.19,3.00
2017.07.31 08:04:13.173,0.88225,0.88234,1.19,1.00
2017.07.31 08:04:15.789,0.88225,0.88232,1.19,1.12
2017.07.31 08:04:15.840,0.88224,0.88231,1.25,1.00
2017.07.31 08:04:17.368,0.88222,0.88231,2.81,1.50
2017.07.31 08:04:21.714,0.88223,0.88232,1.25,1.50
2017.07.31 08:04:21.999,0.88223,0.88232,1.69,1.50
2017.07.31 08:04:22.051,0.88225,0.88234,1.50,1.12
2017.07.31 08:04:22.590,0.88226,0.88235,1.25,1.00
2017.07.31 08:04:23.288,0.88227,0.88235,1.00,1.00
2017.07.31 08:04:25.161,0.88228,0.88235,1.00,1.00
2017.07.31 08:04:25.955,0.88228,0.88235,2.44,1.00
2017.07.31 08:04:26.498,0.88229,0.88236,1.19,1.00
2017.07.31 08:04:27.030,0.88231,0.88236,1.00,1.00
2017.07.31 08:04:27.234,0.88231,0.88238,1.00,1.00
2017.07.31 08:04:28.090,0.88232,0.88238,1.00,1.00
2017.07.31 08:04:28.142,0.88233,0.8824,1.00,1.50
2017.07.31 08:04:28.794,0.88234,0.88241,1.00,1.50
2017.07.31 08:04:29.578,0.88233,0.88241,1.00,1.50
2017.07.31 08:04:30.984,0.88234,0.88241,1.00,1.50
2017.07.31 08:04:33.246,0.88233,0.88241,1.12,1.50
2017.07.31 08:04:33.771,0.88232,0.8824,2.81,1.00
2017.07.31 08:04:35.226,0.88233,0.8824,1.19,1.00
2017.07.31 08:04:36.781,0.88231,0.88239,1.69,1.50
2017.07.31 08:04:37.101,0.88231,0.88237,1.19,1.00
2017.07.31 08:04:37.153,0.88229,0.88237,2.06,1.00
2017.07.31 08:04:37.634,0.88228,0.88237,1.69,1.00
2017.07.31 08:04:38.145,0.8823,0.88236,1.25,1.00
2017.07.31 08:04:38.751,0.88228,0.88235,1.69,1.00
2017.07.31 08:04:39.297,0.88228,0.88235,1.19,1.00
2017.07.31 08:04:40.326,0.88227,0.88235,2.44,1.00
2017.07.31 08:04:43.417,0.88227,0.88235,1.19,1.00
2017.07.31 08:04:43.929,0.88229,0.88235,1.19,1.00
2017.07.31 08:04:45.524,0.8823,0.88236,1.25,1.00
2017.07.31 08:04:46.118,0.8823,0.88237,1.25,1.00
2017.07.31 08:04:47.061,0.88229,0.88236,1.19,1.00
2017.07.31 08:04:49.058,0.88229,0.88237,1.19,1.00
2017.07.31 08:04:55.064,0.88229,0.88235,1.19,1.00
2017.07.31 08:04:58.892,0.88231,0.88236,1.19,1.00
2017.07.31 08:04:59.447,0.88231,0.88237,1.19,1.00
2017.07.31 08:05:00.252,0.88231,0.8824,1.19,2.62
2017.07.31 08:05:00.730,0.88234,0.8824,1.19,1.00
2017.07.31 08:05:00.986,0.8823,0.88239,1.00,1.00
2017.07.31 08:05:01.500,0.88229,0.88239,1.31,1.00
2017.07.31 08:05:02.111,0.88229,0.88238,1.25,1.00
2017.07.31 08:05:02.446,0.88231,0.88237,1.00,1.00
2017.07.31 08:05:02.781,0.88229,0.88237,1.25,1.00
2017.07.31 08:05:03.395,0.88229,0.88238,1.25,1.00
2017.07.31 08:05:04.366,0.88228,0.88237,1.31,1.00
2017.07.31 08:05:04.897,0.88228,0.88238,1.31,1.00
2017.07.31 08:05:05.687,0.88228,0.88239,2.06,3.75
2017.07.31 08:05:05.789,0.88229,0.88239,1.69,1.50
2017.07.31 08:05:06.550,0.8823,0.88236,1.00,1.00
2017.07.31 08:05:06.653,0.88224,0.88234,1.25,3.37
2017.07.31 08:05:06.808,0.88224,0.88232,1.25,1.00
2017.07.31 08:05:08.192,0.88223,0.88233,1.19,1.87
2017.07.31 08:05:11.932,0.88223,0.88232,1.69,1.00
2017.07.31 08:05:12.441,0.88221,0.88231,1.69,1.00
2017.07.31 08:05:12.595,0.88221,0.8823,1.25,2.25
2017.07.31 08:05:12.925,0.88221,0.88227,1.25,1.00
2017.07.31 08:05:16.349,0.88222,0.88229,1.00,1.12
2017.07.31 08:05:23.077,0.88222,0.8823,1.00,1.12
2017.07.31 08:05:26.751,0.88221,0.8823,1.25,2.62
2017.07.31 08:05:26.802,0.88221,0.88228,1.00,1.12
2017.07.31 08:05:27.108,0.88216,0.88225,1.25,1.00
2017.07.31 08:05:28.955,0.88218,0.88226,1.50,1.12
2017.07.31 08:05:29.006,0.88219,0.88229,1.00,3.00
2017.07.31 08:05:29.207,0.8822,0.8823,1.50,2.62
2017.07.31 08:05:30.072,0.8822,0.88229,1.00,1.00
2017.07.31 08:05:30.327,0.88222,0.8823,1.00,1.50
2017.07.31 08:05:30.983,0.88221,0.8823,2.44,2.25
2017.07.31 08:05:32.398,0.88223,0.88231,1.50,1.87
2017.07.31 08:05:32.704,0.88228,0.88235,1.00,1.50
2017.07.31 08:05:33.251,0.88228,0.88238,1.50,1.50
2017.07.31 08:05:33.782,0.88228,0.88239,2.25,3.75
2017.07.31 08:05:34.333,0.88229,0.88239,1.00,3.75
2017.07.31 08:05:34.478,0.88229,0.88237,1.00,1.00
2017.07.31 08:05:35.018,0.88229,0.88238,1.00,1.00
2017.07.31 08:05:35.859,0.88229,0.88239,1.00,3.75
2017.07.31 08:05:36.564,0.88229,0.88237,1.00,1.00
2017.07.31 08:05:37.101,0.88228,0.88237,1.00,2.25
2017.07.31 08:05:38.332,0.88228,0.88235,1.00,1.00
2017.07.31 08:05:39.525,0.88228,0.88234,1.00,1.00
2017.07.31 08:05:40.090,0.88227,0.88234,1.00,1.00
2017.07.31 08:05:40.621,0.88227,0.88235,1.00,1.87
2017.07.31 08:05:41.652,0.88227,0.88236,1.00,1.50
2017.07.31 08:05:43.825,0.88227,0.88235,1.00,1.00
2017.07.31 08:05:44.512,0.88228,0.88236,1.00,2.25
2017.07.31 08:05:47.025,0.88226,0.88233,1.00,1.00
2017.07.31 08:05:47.127,0.88223,0.88233,2.06,1.00
2017.07.31 08:05:47.993,0.88224,0.88232,1.25,1.00
2017.07.31 08:05:48.731,0.88225,0.88232,1.00,1.00
2017.07.31 08:05:49.015,0.88226,0.88234,1.00,1.50
2017.07.31 08:05:49.670,0.88226,0.88235,1.00,1.30
2017.07.31 08:05:50.633,0.88227,0.88235,1.00,1.30
2017.07.31 08:05:50.788,0.88228,0.88237,1.50,1.00
2017.07.31 08:05:50.891,0.88231,0.88239,1.00,1.50
2017.07.31 08:05:51.576,0.88231,0.8824,1.00,1.12
2017.07.31 08:05:52.105,0.88231,0.88239,1.50,1.00
2017.07.31 08:05:52.606,0.8823,0.88239,1.50,1.00
2017.07.31 08:05:55.566,0.88232,0.8824,1.50,1.12
2017.07.31 08:05:55.872,0.88238,0.88247,1.19,3.00
2017.07.31 08:05:56.177,0.88237,0.88245,1.00,1.00
2017.07.31 08:05:56.487,0.88236,0.88242,1.31,1.00
2017.07.31 08:05:57.154,0.88236,0.88243,1.31,1.00
2017.07.31 08:06:02.909,0.88235,0.88245,1.56,1.00
2017.07.31 08:06:03.375,0.88235,0.88242,1.56,1.00
2017.07.31 08:06:06.069,0.88233,0.88243,5.81,1.00
2017.07.31 08:06:07.291,0.88233,0.88242,1.69,1.50
2017.07.31 08:06:09.487,0.88233,0.8824,1.69,1.00
2017.07.31 08:06:10.003,0.88233,0.88241,1.69,1.00
2017.07.31 08:06:16.316,0.88235,0.88241,1.00,1.00
2017.07.31 08:06:16.418,0.88236,0.88244,1.19,1.00
2017.07.31 08:06:17.474,0.88236,0.88244,1.00,1.00
2017.07.31 08:06:17.628,0.88236,0.88241,1.00,1.00
2017.07.31 08:06:17.844,0.88234,0.88241,1.00,1.00
2017.07.31 08:06:18.304,0.88235,0.88243,1.50,1.00
2017.07.31 08:06:18.355,0.88235,0.88246,1.50,2.62
2017.07.31 08:06:20.355,0.88235,0.88245,3.56,1.00
2017.07.31 08:06:21.021,0.88235,0.88243,2.06,1.00
2017.07.31 08:06:21.625,0.88236,0.88243,1.00,1.00
2017.07.31 08:06:22.584,0.88235,0.88243,1.00,1.00
2017.07.31 08:06:22.737,0.88238,0.88247,1.00,1.50
2017.07.31 08:06:23.039,0.88236,0.88244,1.00,1.00
2017.07.31 08:06:24.324,0.88237,0.88244,1.12,1.00
2017.07.31 08:06:24.676,0.88238,0.88246,1.00,1.50
2017.07.31 08:06:27.517,0.88236,0.88246,1.69,1.50
2017.07.31 08:06:27.630,0.88236,0.88244,1.69,1.00
2017.07.31 08:06:30.153,0.88235,0.88244,3.56,1.00
2017.07.31 08:06:31.372,0.88235,0.88244,3.56,1.00
2017.07.31 08:06:31.813,0.88238,0.88248,1.00,1.00
2017.07.31 08:06:32.690,0.88238,0.88248,1.50,1.00
2017.07.31 08:06:33.989,0.88237,0.88246,1.31,1.00
2017.07.31 08:06:34.294,0.88238,0.88242,1.00,1.00
2017.07.31 08:06:35.264,0.88238,0.88247,1.50,1.00
2017.07.31 08:06:35.366,0.88238,0.88247,1.50,1.00
2017.07.31 08:06:35.984,0.88238,0.88247,1.37,1.00
2017.07.31 08:06:39.396,0.88236,0.88245,1.75,1.00
2017.07.31 08:06:39.702,0.88236,0.88242,2.25,1.00
2017.07.31 08:06:44.002,0.88236,0.88242,1.00,1.00
2017.07.31 08:06:44.725,0.88235,0.88243,1.31,1.00
2017.07.31 08:06:45.771,0.88233,0.88243,3.19,1.00
2017.07.31 08:06:45.873,0.88233,0.8824,3.19,1.00
2017.07.31 08:06:47.166,0.88232,0.8824,2.44,1.00
2017.07.31 08:06:47.850,0.88234,0.8824,1.00,1.00
2017.07.31 08:06:48.367,0.88232,0.8824,1.00,1.00
2017.07.31 08:06:48.916,0.88231,0.8824,2.44,1.00
2017.07.31 08:06:50.243,0.88232,0.8824,1.00,1.00
2017.07.31 08:06:52.662,0.88231,0.8824,2.06,1.00
2017.07.31 08:06:54.670,0.8823,0.8824,3.19,1.00
2017.07.31 08:06:55.336,0.8823,0.88241,2.81,2.25
2017.07.31 08:06:56.064,0.8823,0.88239,2.62,1.00
2017.07.31 08:06:57.343,0.88231,0.8824,1.00,1.00
2017.07.31 08:06:57.655,0.88233,0.88241,1.69,1.50
2017.07.31 08:06:57.964,0.88237,0.88242,1.00,1.00
2017.07.31 08:06:58.486,0.88237,0.88243,1.00,1.00
2017.07.31 08:06:59.216,0.88238,0.88243,1.00,1.00
2017.07.31 08:06:59.471,0.88239,0.88249,1.25,1.50
2017.07.31 08:07:00.250,0.88239,0.88244,1.25,1.00
2017.07.31 08:07:01.667,0.88238,0.88244,1.25,1.00
2017.07.31 08:07:02.200,0.88238,0.88243,1.50,1.00
2017.07.31 08:07:02.638,0.8824,0.88244,1.00,1.00
2017.07.31 08:07:03.155,0.88238,0.88243,1.87,1.00
2017.07.31 08:07:04.620,0.88236,0.88243,2.44,1.00
2017.07.31 08:07:05.010,0.88234,0.88242,1.25,1.00
2017.07.31 08:07:05.638,0.88233,0.88242,1.00,1.00
2017.07.31 08:07:06.169,0.88231,0.88241,1.69,1.00
2017.07.31 08:07:06.946,0.88231,0.88241,1.00,1.00
2017.07.31 08:07:08.555,0.88231,0.88242,1.00,1.50
2017.07.31 08:07:08.659,0.88233,0.88242,1.00,1.00
2017.07.31 08:07:09.289,0.88233,0.88241,1.00,1.00
2017.07.31 08:07:11.734,0.88234,0.88241,1.00,1.00
2017.07.31 08:07:12.258,0.88233,0.88241,1.25,1.00
2017.07.31 08:07:13.804,0.88235,0.88241,1.00,1.00
2017.07.31 08:07:14.337,0.88234,0.88241,1.00,1.00
2017.07.31 08:07:17.041,0.88235,0.88241,1.00,1.00
2017.07.31 08:07:18.431,0.88237,0.88243,1.00,1.00
2017.07.31 08:07:18.636,0.88245,0.88253,1.00,3.00
2017.07.31 08:07:18.944,0.88245,0.88256,1.12,2.25
2017.07.31 08:07:20.172,0.88247,0.88255,1.00,1.00
2017.07.31 08:07:20.629,0.88245,0.88254,1.12,1.50
2017.07.31 08:07:20.936,0.88246,0.88256,1.50,1.50
2017.07.31 08:07:24.252,0.88246,0.88256,1.00,1.50
2017.07.31 08:07:25.011,0.88246,0.88254,1.00,1.00
2017.07.31 08:07:25.063,0.88244,0.88254,1.69,1.00
2017.07.31 08:07:27.763,0.88244,0.88253,1.25,1.00
2017.07.31 08:07:29.584,0.88244,0.88251,1.00,1.12
2017.07.31 08:07:29.686,0.8824,0.8825,1.12,1.00
2017.07.31 08:07:29.993,0.8824,0.88248,1.00,1.00
2017.07.31 08:07:30.540,0.88239,0.88248,1.50,1.00
2017.07.31 08:07:31.127,0.88242,0.88248,1.00,1.00
2017.07.31 08:07:32.874,0.88239,0.88248,1.87,1.00
2017.07.31 08:07:33.854,0.88239,0.88251,1.87,1.69
2017.07.31 08:07:35.847,0.88239,0.8825,1.50,2.44
2017.07.31 08:07:36.903,0.8824,0.88251,1.00,3.19
2017.07.31 08:07:37.006,0.88243,0.88251,1.00,2.44
2017.07.31 08:07:37.530,0.88243,0.88251,1.00,2.44
2017.07.31 08:07:37.689,0.88241,0.88251,1.00,1.69
2017.07.31 08:07:39.218,0.88243,0.88253,1.00,1.69
2017.07.31 08:07:39.449,0.88243,0.88253,1.37,1.69
2017.07.31 08:07:39.501,0.88243,0.88252,1.37,1.00
2017.07.31 08:07:39.552,0.88243,0.88252,1.00,1.12
2017.07.31 08:07:40.063,0.88242,0.88252,1.00,3.19
2017.07.31 08:07:41.109,0.8824,0.88251,1.00,1.87
2017.07.31 08:07:42.861,0.88244,0.88253,1.00,2.44
2017.07.31 08:07:43.165,0.88245,0.88254,2.25,1.19
2017.07.31 08:07:43.268,0.88243,0.88251,1.00,1.12
2017.07.31 08:07:43.370,0.8824,0.8825,1.00,1.25
2017.07.31 08:07:44.362,0.88239,0.8825,1.50,2.06
2017.07.31 08:07:45.134,0.88239,0.88249,1.00,1.00
2017.07.31 08:07:46.111,0.88238,0.88249,1.00,1.12
2017.07.31 08:07:46.650,0.88238,0.88248,1.00,1.00
2017.07.31 08:07:48.245,0.88238,0.88247,1.12,1.00
2017.07.31 08:07:49.246,0.88239,0.88247,1.00,1.00
2017.07.31 08:07:49.748,0.88239,0.88248,1.00,1.50
2017.07.31 08:07:50.583,0.8824,0.88248,1.00,1.00
2017.07.31 08:07:51.311,0.88238,0.88248,1.12,1.00
2017.07.31 08:07:51.911,0.88239,0.88248,1.00,1.00
2017.07.31 08:07:52.539,0.88238,0.88247,1.12,1.00
2017.07.31 08:07:53.377,0.88238,0.88248,1.12,1.25
2017.07.31 08:07:55.731,0.88239,0.88248,1.00,1.25
2017.07.31 08:07:57.849,0.88238,0.88248,1.12,1.25
2017.07.31 08:07:58.789,0.88238,0.88247,1.12,1.31
2017.07.31 08:08:00.184,0.88237,0.88245,1.37,1.00
2017.07.31 08:08:00.286,0.88236,0.88247,2.25,2.06
2017.07.31 08:08:01.331,0.88236,0.88246,1.50,2.81
2017.07.31 08:08:01.434,0.88234,0.88243,1.12,1.19
2017.07.31 08:08:01.689,0.88235,0.88245,1.00,2.81
2017.07.31 08:08:02.336,0.88235,0.88245,1.87,1.25
2017.07.31 08:08:02.884,0.88236,0.88245,1.00,1.25
2017.07.31 08:08:04.135,0.88235,0.88245,1.12,1.25
2017.07.31 08:08:04.186,0.88237,0.88245,1.00,1.69
2017.07.31 08:08:05.581,0.88236,0.88245,1.50,1.69
2017.07.31 08:08:06.094,0.88235,0.88244,1.50,1.00
2017.07.31 08:08:06.672,0.88236,0.88245,1.00,1.25
2017.07.31 08:08:07.194,0.88236,0.88245,1.00,1.19
2017.07.31 08:08:08.351,0.88236,0.88245,1.50,1.00
2017.07.31 08:08:09.171,0.88237,0.88245,1.00,1.25
2017.07.31 08:08:09.774,0.88236,0.88245,1.00,1.25
2017.07.31 08:08:10.434,0.88235,0.88245,1.00,2.06
2017.07.31 08:08:11.040,0.88236,0.88245,1.00,1.19
2017.07.31 08:08:11.568,0.88236,0.88246,1.00,4.69
2017.07.31 08:08:12.091,0.88237,0.88246,1.00,2.81
2017.07.31 08:08:14.055,0.88236,0.88245,2.25,1.25
2017.07.31 08:08:15.925,0.88234,0.88243,1.50,1.00
2017.07.31 08:08:16.441,0.88234,0.88244,1.00,1.69
2017.07.31 08:08:17.654,0.88234,0.88242,1.00,1.00
2017.07.31 08:08:18.176,0.88235,0.88242,1.00,1.00
2017.07.31 08:08:18.698,0.88235,0.88243,1.00,1.00
2017.07.31 08:08:19.439,0.88234,0.88243,1.00,1.00
2017.07.31 08:08:19.746,0.88232,0.88241,1.50,1.00
2017.07.31 08:08:20.080,0.8823,0.88239,1.87,1.00
2017.07.31 08:08:20.489,0.88232,0.88239,1.00,1.00
2017.07.31 08:08:21.131,0.88231,0.88239,1.00,1.00
2017.07.31 08:08:21.647,0.88232,0.88239,1.00,1.00
2017.07.31 08:08:22.583,0.88232,0.88238,1.00,1.00
2017.07.31 08:08:22.686,0.88229,0.88238,1.00,1.25
2017.07.31 08:08:23.202,0.88228,0.88238,1.50,1.69
2017.07.31 08:08:23.714,0.88229,0.88237,1.00,1.50
2017.07.31 08:08:24.215,0.88228,0.88237,1.50,1.50
2017.07.31 08:08:24.963,0.88228,0.88236,1.50,1.00
2017.07.31 08:08:25.735,0.88227,0.88236,1.50,1.00
2017.07.31 08:08:25.954,0.88229,0.88237,1.00,1.00
2017.07.31 08:08:26.468,0.88228,0.88237,1.00,1.00
2017.07.31 08:08:27.148,0.88229,0.88237,1.00,1.00
2017.07.31 08:08:27.870,0.8823,0.88237,1.00,1.50
2017.07.31 08:08:28.390,0.88229,0.88237,1.00,1.50
2017.07.31 08:08:28.937,0.88228,0.88236,1.12,1.12
2017.07.31 08:08:29.263,0.88231,0.88237,1.00,1.50
2017.07.31 08:08:29.315,0.88228,0.88236,1.12,1.12
2017.07.31 08:08:29.969,0.88228,0.88235,1.12,1.00
2017.07.31 08:08:30.512,0.88228,0.88237,1.12,1.50
2017.07.31 08:08:33.136,0.88228,0.88235,1.00,1.00
2017.07.31 08:08:33.865,0.88228,0.88236,1.00,1.12
2017.07.31 08:08:36.202,0.88227,0.88236,1.50,1.12
2017.07.31 08:08:36.536,0.88229,0.88236,1.00,1.12
2017.07.31 08:08:39.289,0.88229,0.88237,1.00,1.00
2017.07.31 08:08:39.943,0.88229,0.88238,1.00,1.87
2017.07.31 08:08:40.512,0.8823,0.88238,1.00,1.50
2017.07.31 08:08:41.015,0.88229,0.88237,2.25,1.00
2017.07.31 08:08:42.326,0.88229,0.88239,2.25,1.25
2017.07.31 08:08:43.172,0.8823,0.88239,1.12,1.25
2017.07.31 08:08:43.927,0.8823,0.88239,1.12,1.19
2017.07.31 08:08:44.760,0.8823,0.88239,1.12,1.00
2017.07.31 08:08:45.644,0.8823,0.88237,1.12,1.00
2017.07.31 08:08:48.435,0.8823,0.88239,1.12,1.00
2017.07.31 08:08:48.977,0.8823,0.88238,1.87,1.00
2017.07.31 08:08:49.590,0.8823,0.88239,1.87,1.00
2017.07.31 08:08:50.957,0.88231,0.88239,1.00,1.00
2017.07.31 08:08:53.059,0.8823,0.8824,1.50,1.50
2017.07.31 08:08:54.204,0.8823,0.8824,1.50,1.50
2017.07.31 08:08:56.077,0.8823,0.88238,1.50,1.00
2017.07.31 08:08:58.478,0.88231,0.88238,1.00,1.00
2017.07.31 08:08:59.181,0.8823,0.88238,1.50,1.00
2017.07.31 08:08:59.728,0.8823,0.88239,1.50,1.12
2017.07.31 08:09:00.236,0.88231,0.88239,1.00,1.12
2017.07.31 08:09:00.772,0.8823,0.88239,1.50,1.12
2017.07.31 08:09:01.330,0.8823,0.88238,1.00,1.00
2017.07.31 08:09:02.154,0.8823,0.8824,1.00,1.37
2017.07.31 08:09:06.583,0.88231,0.8824,1.00,1.37
2017.07.31 08:09:07.127,0.88231,0.8824,1.00,1.00
2017.07.31 08:09:07.850,0.8823,0.88242,3.00,1.87
2017.07.31 08:09:10.577,0.8823,0.88241,2.25,1.00
2017.07.31 08:09:11.606,0.8823,0.8824,1.50,1.00
2017.07.31 08:09:13.988,0.88231,0.8824,1.00,1.00
2017.07.31 08:09:15.205,0.8823,0.88242,2.25,1.87
2017.07.31 08:09:16.055,0.88231,0.88241,1.50,1.00
2017.07.31 08:09:16.725,0.8823,0.8824,1.37,1.00
2017.07.31 08:09:18.317,0.8823,0.88241,1.87,1.87
2017.07.31 08:09:18.828,0.8823,0.88241,2.25,1.87
2017.07.31 08:09:19.383,0.8823,0.88241,2.62,1.12
2017.07.31 08:09:22.303,0.88231,0.88239,1.00,1.00
2017.07.31 08:09:23.237,0.8823,0.88239,1.50,1.00
2017.07.31 08:09:23.955,0.88231,0.8824,1.00,1.00
2017.07.31 08:09:24.108,0.88232,0.88242,1.00,1.00
2017.07.31 08:09:24.262,0.88234,0.88243,1.00,2.62
2017.07.31 08:09:24.605,0.88231,0.88242,2.25,1.50
2017.07.31 08:09:25.729,0.88233,0.88243,1.00,1.12
2017.07.31 08:09:25.831,0.88233,0.88244,3.00,1.00
2017.07.31 08:09:26.522,0.88234,0.88244,1.50,1.50
2017.07.31 08:09:27.135,0.88234,0.88244,1.50,1.50
2017.07.31 08:09:28.820,0.88235,0.88245,1.12,2.10
2017.07.31 08:09:29.322,0.88234,0.88244,2.25,1.50
2017.07.31 08:09:29.527,0.88232,0.88242,1.50,1.00
2017.07.31 08:09:30.908,0.88231,0.88242,2.25,1.00
2017.07.31 08:09:31.010,0.88231,0.8824,2.25,1.00
2017.07.31 08:09:31.586,0.88232,0.88241,1.00,1.00
2017.07.31 08:09:31.971,0.88232,0.88243,2.25,3.37
2017.07.31 08:09:32.531,0.88234,0.88242,1.00,1.50
2017.07.31 08:09:33.167,0.88232,0.88242,2.25,1.50
2017.07.31 08:09:33.322,0.88232,0.88244,2.25,1.35
2017.07.31 08:09:34.165,0.88232,0.88243,2.25,1.00
2017.07.31 08:09:35.214,0.88233,0.88244,1.12,1.35
2017.07.31 08:09:35.737,0.88232,0.88243,1.50,1.50
2017.07.31 08:09:36.286,0.88233,0.88243,1.50,1.00
2017.07.31 08:09:36.795,0.88234,0.88245,1.00,2.62
2017.07.31 08:09:37.738,0.88234,0.88243,1.00,1.00
2017.07.31 08:09:38.870,0.88235,0.88243,1.00,1.00
2017.07.31 08:09:39.382,0.88234,0.88244,1.00,1.25
2017.07.31 08:09:39.891,0.88234,0.88243,1.00,1.00
2017.07.31 08:09:39.942,0.88234,0.88241,1.00,1.00
2017.07.31 08:09:40.044,0.88232,0.88241,1.87,1.00
2017.07.31 08:09:41.227,0.88232,0.88242,1.12,1.00
2017.07.31 08:09:42.754,0.88232,0.88243,1.12,2.81
2017.07.31 08:09:43.278,0.88232,0.88242,1.12,1.00
2017.07.31 08:09:44.231,0.8823,0.88238,2.25,1.12
2017.07.31 08:09:44.397,0.8823,0.88237,1.00,1.12
2017.07.31 08:09:44.448,0.88226,0.88235,2.62,1.00
2017.07.31 08:09:46.088,0.88229,0.88239,1.00,1.75
2017.07.31 08:09:46.242,0.88231,0.8824,1.50,1.12
2017.07.31 08:09:46.840,0.88232,0.8824,1.00,1.00
2017.07.31 08:09:47.074,0.88231,0.88242,2.62,1.25
2017.07.31 08:09:47.611,0.88232,0.88243,1.50,3.19
2017.07.31 08:09:48.559,0.88233,0.88243,1.00,3.19
2017.07.31 08:09:50.007,0.88234,0.88242,1.00,1.25
2017.07.31 08:09:54.576,0.88232,0.88242,1.87,1.25
2017.07.31 08:09:55.072,0.8823,0.8824,3.00,1.00
2017.07.31 08:09:55.631,0.8823,0.8824,1.50,1.25
2017.07.31 08:09:56.194,0.88229,0.88239,1.37,1.00
2017.07.31 08:09:56.296,0.88228,0.88239,3.37,1.00
2017.07.31 08:09:56.843,0.88229,0.8824,1.87,1.31
2017.07.31 08:09:57.985,0.88229,0.88239,1.87,1.00
2017.07.31 08:09:59.005,0.88229,0.88238,1.12,1.00
2017.07.31 08:09:59.506,0.88229,0.88239,1.87,1.00
2017.07.31 08:09:59.709,0.88227,0.88236,3.00,1.00
2017.07.31 08:10:00.224,0.88224,0.88234,1.50,1.00
2017.07.31 08:10:01.400,0.88224,0.88235,3.00,1.12
2017.07.31 08:10:01.915,0.88224,0.88234,2.25,1.00
2017.07.31 08:10:03.030,0.88223,0.88232,1.00,1.00
2017.07.31 08:10:03.337,0.88222,0.8823,1.00,1.00
2017.07.31 08:10:03.662,0.8822,0.88229,1.50,1.00
2017.07.31 08:10:03.713,0.8822,0.88226,1.12,1.50
2017.07.31 08:10:03.816,0.88216,0.88224,1.37,1.00
2017.07.31 08:10:03.918,0.88215,0.88224,1.00,1.12
2017.07.31 08:10:04.075,0.88212,0.88223,3.94,1.00
2017.07.31 08:10:04.948,0.88212,0.88222,1.62,1.00
2017.07.31 08:10:05.986,0.88213,0.88223,1.00,1.87
2017.07.31 08:10:06.982,0.88214,0.88223,1.00,1.87
2017.07.31 08:10:07.619,0.88213,0.88223,1.00,1.87
2017.07.31 08:10:07.908,0.88213,0.88224,2.06,1.50
2017.07.31 08:10:08.676,0.88214,0.88223,2.06,1.00
2017.07.31 08:10:09.351,0.88213,0.88222,1.00,1.50
2017.07.31 08:10:09.925,0.88213,0.88223,1.12,1.50
2017.07.31 08:10:10.636,0.88214,0.88223,1.12,1.00
2017.07.31 08:10:11.148,0.88213,0.88224,1.87,1.50
2017.07.31 08:10:11.649,0.88215,0.88224,1.00,1.50
2017.07.31 08:10:12.273,0.88214,0.88224,1.12,1.50
2017.07.31 08:10:12.785,0.88215,0.88224,1.00,1.50
2017.07.31 08:10:15.110,0.88215,0.88225,1.87,1.00
2017.07.31 08:10:15.631,0.88217,0.88227,1.00,1.00
2017.07.31 08:10:16.002,0.88219,0.88229,1.00,1.31
2017.07.31 08:10:16.530,0.8822,0.8823,2.25,1.00
2017.07.31 08:10:17.279,0.88221,0.8823,1.00,1.00
2017.07.31 08:10:17.688,0.88221,0.88232,1.50,1.00
2017.07.31 08:10:18.650,0.88223,0.88232,1.00,3.00
2017.07.31 08:10:18.803,0.88223,0.8823,1.00,1.00
2017.07.31 08:10:18.957,0.88221,0.8823,1.12,1.50
2017.07.31 08:10:19.111,0.88221,0.88228,1.00,1.00
2017.07.31 08:10:19.408,0.88224,0.88232,1.50,2.25
2017.07.31 08:10:19.561,0.88224,0.88233,1.87,2.25
2017.07.31 08:10:20.576,0.88223,0.88231,2.25,1.00
2017.07.31 08:10:21.028,0.88222,0.88231,2.25,1.00
2017.07.31 08:10:21.079,0.88219,0.88227,2.62,1.00
2017.07.31 08:10:21.233,0.88218,0.88224,1.00,1.00
2017.07.31 08:10:21.285,0.88216,0.88222,1.12,1.00
2017.07.31 08:10:21.438,0.88213,0.8822,1.12,1.00
2017.07.31 08:10:21.644,0.88213,0.88218,1.00,1.50
2017.07.31 08:10:21.696,0.88211,0.88217,1.00,1.25
2017.07.31 08:10:21.747,0.88209,0.88217,1.00,1.25
2017.07.31 08:10:22.254,0.88208,0.88217,1.00,1.25
2017.07.31 08:10:23.610,0.88209,0.88217,1.00,1.25
2017.07.31 08:10:23.909,0.88207,0.88217,3.75,1.25
2017.07.31 08:10:25.734,0.88207,0.88219,3.37,2.06
2017.07.31 08:10:25.836,0.88212,0.88222,1.00,5.06
2017.07.31 08:10:26.040,0.88216,0.88224,1.00,1.00
2017.07.31 08:10:26.579,0.88213,0.88224,2.62,2.06
2017.07.31 08:10:27.082,0.88214,0.88224,1.00,2.44
2017.07.31 08:10:27.457,0.88217,0.88225,1.00,1.50
2017.07.31 08:10:27.787,0.88215,0.88225,1.12,1.00
2017.07.31 08:10:29.069,0.88216,0.88225,1.00,1.50
2017.07.31 08:10:29.718,0.88217,0.88226,1.00,1.50
2017.07.31 08:10:30.108,0.88215,0.88226,3.00,1.50
2017.07.31 08:10:30.639,0.88215,0.88225,1.50,1.00
2017.07.31 08:10:32.958,0.88215,0.88224,1.00,1.00
2017.07.31 08:10:35.077,0.88213,0.88224,1.12,1.87
2017.07.31 08:10:35.953,0.88213,0.8822,1.12,1.00
2017.07.31 08:10:36.106,0.8821,0.88219,1.00,1.00
2017.07.31 08:10:36.362,0.88208,0.88219,1.00,1.87
2017.07.31 08:10:36.909,0.88208,0.88218,1.00,1.00
2017.07.31 08:10:37.437,0.88209,0.88219,2.62,1.00
2017.07.31 08:10:37.568,0.88211,0.88219,1.00,1.00
2017.07.31 08:10:37.874,0.88215,0.88219,1.00,1.00
2017.07.31 08:10:38.133,0.88213,0.88219,1.00,1.00
2017.07.31 08:10:38.797,0.88212,0.88219,1.00,1.00
2017.07.31 08:10:39.333,0.88209,0.88219,1.12,1.50
2017.07.31 08:10:39.930,0.88209,0.88219,2.25,1.00
2017.07.31 08:10:40.979,0.88209,0.88219,1.50,1.00
2017.07.31 08:10:41.502,0.8821,0.88219,1.00,1.00
2017.07.31 08:10:42.584,0.88211,0.8822,1.00,1.00
2017.07.31 08:10:43.074,0.88213,0.88222,1.00,1.37
2017.07.31 08:10:43.380,0.88215,0.88224,1.00,1.62
2017.07.31 08:10:43.924,0.88216,0.88224,1.00,1.37
2017.07.31 08:10:44.583,0.88214,0.88224,1.00,2.62
2017.07.31 08:10:44.686,0.88213,0.88219,1.00,1.00
2017.07.31 08:10:45.677,0.88213,0.8822,1.00,1.00
2017.07.31 08:10:46.251,0.88213,0.88221,1.00,1.50
2017.07.31 08:10:46.788,0.88213,0.88222,1.00,1.12
2017.07.31 08:10:47.118,0.88211,0.88218,1.00,1.31
2017.07.31 08:10:47.221,0.88209,0.88218,1.00,1.31
2017.07.31 08:10:47.324,0.88213,0.88219,1.00,3.37
2017.07.31 08:10:47.427,0.88214,0.88221,1.00,3.37
2017.07.31 08:10:47.530,0.88214,0.88221,1.00,1.00
2017.07.31 08:10:47.899,0.88212,0.8822,1.50,1.00
2017.07.31 08:10:48.053,0.88212,0.88218,1.00,1.00
2017.07.31 08:10:48.104,0.88213,0.8822,1.00,1.00
2017.07.31 08:10:50.903,0.88211,0.88218,1.50,1.00
2017.07.31 08:10:51.446,0.88212,0.88218,1.00,1.00
2017.07.31 08:10:52.917,0.88212,0.8822,1.00,1.00
2017.07.31 08:10:54.937,0.88212,0.88221,1.50,1.69
2017.07.31 08:10:55.451,0.88211,0.8822,2.25,1.00
2017.07.31 08:10:56.069,0.88212,0.8822,1.00,1.00
2017.07.31 08:11:00.271,0.88211,0.8822,2.25,1.00
2017.07.31 08:11:00.804,0.88213,0.88221,1.00,1.00
2017.07.31 08:11:02.229,0.88213,0.8822,1.00,1.50
2017.07.31 08:11:02.281,0.88211,0.8822,1.12,1.50
2017.07.31 08:11:02.967,0.88211,0.88222,2.25,2.06
2017.07.31 08:11:03.274,0.88213,0.88222,1.00,1.69
2017.07.31 08:11:05.458,0.88214,0.88223,1.50,1.31
2017.07.31 08:11:05.665,0.88215,0.88225,1.50,1.12
2017.07.31 08:11:06.202,0.88217,0.88225,1.00,1.00
2017.07.31 08:11:06.916,0.88216,0.88225,1.00,1.00
2017.07.31 08:11:07.635,0.88215,0.88225,2.25,1.00
2017.07.31 08:11:07.970,0.88217,0.88225,1.00,1.00
2017.07.31 08:11:08.655,0.88218,0.88225,1.00,1.00
2017.07.31 08:11:10.113,0.88216,0.88225,1.00,1.00
2017.07.31 08:11:10.440,0.88218,0.88227,1.00,1.00
2017.07.31 08:11:11.010,0.88219,0.88228,1.00,1.69
2017.07.31 08:11:11.518,0.88218,0.88227,1.00,1.00
2017.07.31 08:11:11.917,0.88218,0.88225,1.00,1.00
2017.07.31 08:11:12.431,0.88217,0.88225,1.00,1.00
2017.07.31 08:11:14.011,0.88218,0.88225,1.00,1.00
2017.07.31 08:11:14.382,0.88216,0.88225,1.00,1.50
2017.07.31 08:11:15.008,0.88215,0.88225,1.12,1.50
2017.07.31 08:11:20.744,0.88216,0.88225,1.00,1.50
2017.07.31 08:11:21.348,0.88215,0.88225,1.87,1.50
2017.07.31 08:11:22.317,0.88216,0.88224,1.00,1.00
2017.07.31 08:11:22.806,0.88217,0.88226,1.00,1.87
2017.07.31 08:11:22.858,0.88217,0.88224,1.00,1.00
2017.07.31 08:11:23.062,0.88214,0.88223,1.50,1.00
2017.07.31 08:11:26.402,0.88216,0.88223,1.00,1.00
2017.07.31 08:11:27.804,0.88217,0.88224,1.00,1.00
2017.07.31 08:11:27.856,0.88218,0.88226,1.12,1.00
2017.07.31 08:11:27.958,0.8822,0.88229,2.25,1.00
2017.07.31 08:11:28.264,0.88223,0.8823,1.87,1.00
2017.07.31 08:11:29.188,0.88224,0.8823,1.00,1.00
2017.07.31 08:11:30.181,0.88224,0.88231,1.00,1.00
2017.07.31 08:11:30.550,0.88219,0.88228,1.50,1.50
2017.07.31 08:11:33.263,0.8822,0.88228,1.00,1.00
2017.07.31 08:11:33.781,0.8822,0.88228,1.50,1.00
2017.07.31 08:11:35.233,0.88222,0.88228,1.00,1.00
2017.07.31 08:11:35.834,0.8822,0.88228,2.62,1.00
2017.07.31 08:11:37.097,0.88222,0.88229,1.00,1.00
2017.07.31 08:11:38.484,0.88222,0.8823,1.00,1.00
2017.07.31 08:11:39.193,0.88221,0.8823,1.87,1.00
2017.07.31 08:11:39.734,0.88222,0.8823,1.00,1.00
2017.07.31 08:11:40.435,0.88222,0.88229,1.00,1.00
2017.07.31 08:11:40.970,0.88223,0.88229,1.00,1.00
2017.07.31 08:11:41.226,0.88223,0.88231,1.50,1.00
2017.07.31 08:11:41.757,0.88223,0.88232,2.25,1.00
2017.07.31 08:11:43.514,0.88225,0.88232,1.00,1.12
2017.07.31 08:11:43.715,0.88223,0.88232,2.62,1.12
2017.07.31 08:11:44.324,0.88224,0.88232,1.00,1.12
2017.07.31 08:11:46.386,0.88225,0.88232,1.00,1.12
2017.07.31 08:11:48.027,0.88225,0.88233,1.00,1.50
2017.07.31 08:11:48.751,0.88226,0.88233,1.00,1.00
2017.07.31 08:11:49.302,0.88226,0.88234,1.00,1.00
2017.07.31 08:11:49.909,0.88225,0.88234,1.87,1.00
2017.07.31 08:11:50.148,0.88227,0.88233,1.00,1.00
2017.07.31 08:11:50.463,0.88222,0.88229,1.25,1.00
2017.07.31 08:11:50.619,0.8822,0.8823,3.37,1.12
2017.07.31 08:11:50.824,0.8822,0.88228,1.87,1.00
2017.07.31 08:11:51.319,0.88218,0.88227,1.00,1.00
2017.07.31 08:11:51.727,0.88218,0.88225,1.00,1.00
2017.07.31 08:11:53.166,0.88216,0.88225,3.19,1.50
2017.07.31 08:11:54.509,0.88217,0.88225,1.31,1.00
2017.07.31 08:11:58.053,0.88218,0.88226,1.25,1.00
2017.07.31 08:11:58.557,0.8822,0.88226,1.00,1.50
2017.07.31 08:11:59.658,0.88218,0.88226,1.31,1.50
2017.07.31 08:12:00.538,0.88219,0.88226,1.00,1.00
2017.07.31 08:12:01.089,0.88217,0.88226,2.06,1.00
2017.07.31 08:12:01.988,0.88217,0.88225,1.31,1.00
2017.07.31 08:12:03.832,0.88216,0.88224,1.00,1.00
2017.07.31 08:12:03.935,0.88214,0.88223,1.12,1.00
2017.07.31 08:12:04.444,0.88215,0.88224,2.62,1.50
2017.07.31 08:12:05.402,0.88215,0.88224,4.50,1.00
2017.07.31 08:12:06.418,0.88215,0.88225,4.87,1.00
2017.07.31 08:12:06.945,0.88218,0.88226,1.12,1.00
2017.07.31 08:12:11.078,0.88215,0.88222,2.25,1.12
2017.07.31 08:12:11.283,0.88209,0.88217,1.00,1.00
2017.07.31 08:12:11.825,0.88209,0.88216,1.00,1.00
2017.07.31 08:12:12.133,0.88207,0.88216,1.50,1.00
2017.07.31 08:12:12.184,0.88209,0.88216,1.00,1.00
2017.07.31 08:12:13.516,0.88209,0.88217,1.00,1.00
2017.07.31 08:12:14.313,0.8821,0.88219,1.00,1.50
2017.07.31 08:12:14.868,0.8821,0.88218,1.50,1.00
2017.07.31 08:12:14.971,0.88208,0.88217,3.37,1.00
2017.07.31 08:12:18.849,0.88208,0.88216,1.50,1.00
2017.07.31 08:12:22.561,0.88208,0.88216,1.19,1.00
2017.07.31 08:12:23.098,0.88209,0.88217,1.00,1.00
2017.07.31 08:12:23.329,0.88214,0.88219,1.00,1.12
2017.07.31 08:12:23.381,0.88215,0.88223,1.00,2.25
2017.07.31 08:12:23.484,0.88215,0.88223,1.50,1.50
2017.07.31 08:12:23.990,0.88216,0.88224,1.87,1.50
2017.07.31 08:12:26.111,0.88214,0.88224,1.87,1.00
2017.07.31 08:12:26.746,0.88214,0.88223,1.12,1.50
2017.07.31 08:12:28.501,0.88215,0.88223,1.00,1.00
2017.07.31 08:12:29.654,0.88214,0.88223,1.87,1.00
2017.07.31 08:12:33.156,0.88215,0.88223,1.00,1.00
2017.07.31 08:12:33.705,0.88214,0.88223,2.62,1.00
2017.07.31 08:12:35.257,0.88215,0.88223,1.00,1.00
2017.07.31 08:12:36.295,0.88216,0.88223,1.00,1.00
2017.07.31 08:12:37.259,0.88215,0.88223,1.00,1.00
2017.07.31 08:12:38.649,0.88215,0.88222,1.50,1.00
2017.07.31 08:12:38.751,0.88215,0.88224,2.62,1.00
2017.07.31 08:12:38.854,0.88217,0.88226,1.00,1.50
2017.07.31 08:12:39.520,0.88217,0.88225,1.00,1.00
2017.07.31 08:12:40.056,0.88216,0.88224,1.37,1.00
2017.07.31 08:12:41.090,0.88215,0.88224,1.50,1.50
2017.07.31 08:12:42.678,0.88214,0.88222,1.12,1.00
2017.07.31 08:12:42.832,0.88216,0.88225,1.00,1.50
2017.07.31 08:12:43.161,0.88214,0.88224,1.50,1.50
2017.07.31 08:12:43.327,0.88213,0.88222,1.00,1.00
2017.07.31 08:12:44.974,0.88214,0.88222,1.00,1.00
2017.07.31 08:12:45.514,0.88215,0.88222,1.00,1.00
2017.07.31 08:12:46.821,0.88214,0.88222,1.00,1.00
2017.07.31 08:12:51.710,0.88216,0.88222,1.00,1.00
2017.07.31 08:12:51.762,0.88215,0.88224,1.12,1.50
2017.07.31 08:12:52.802,0.88216,0.88224,1.00,1.00
2017.07.31 08:12:54.558,0.88217,0.88224,1.00,1.00
2017.07.31 08:12:54.661,0.8822,0.88226,1.00,1.37
2017.07.31 08:12:54.763,0.8822,0.88227,1.00,1.50
2017.07.31 08:12:55.069,0.88218,0.88227,1.00,1.50
2017.07.31 08:12:55.583,0.88217,0.88227,2.62,1.50
2017.07.31 08:12:57.377,0.88217,0.88226,1.87,1.00
2017.07.31 08:12:57.891,0.88218,0.88226,1.50,1.00
2017.07.31 08:12:58.464,0.88219,0.88226,1.00,1.00
2017.07.31 08:12:58.516,0.8822,0.88228,1.00,1.50
2017.07.31 08:12:59.036,0.8822,0.88229,1.00,1.50
2017.07.31 08:12:59.688,0.88221,0.88231,1.00,1.50
2017.07.31 08:12:59.943,0.8822,0.8823,1.00,2.25
2017.07.31 08:13:00.476,0.88219,0.8823,1.69,2.25
2017.07.31 08:13:00.999,0.8822,0.8823,1.50,2.25
2017.07.31 08:13:01.051,0.8822,0.8823,1.50,1.87
2017.07.31 08:13:05.801,0.88222,0.8823,1.00,1.00
2017.07.31 08:13:05.853,0.8822,0.8823,2.25,1.00
2017.07.31 08:13:06.673,0.88221,0.8823,1.00,1.50
2017.07.31 08:13:07.986,0.88224,0.88231,1.00,1.00
2017.07.31 08:13:08.089,0.88223,0.88233,1.19,1.50
2017.07.31 08:13:08.631,0.88225,0.88234,1.00,1.87
2017.07.31 08:13:10.294,0.88227,0.88234,1.00,1.12
2017.07.31 08:13:10.837,0.88227,0.88236,1.00,1.87
2017.07.31 08:13:11.425,0.88229,0.88236,1.00,1.87
2017.07.31 08:13:14.704,0.88232,0.88239,1.00,3.37
2017.07.31 08:13:14.755,0.88234,0.8824,1.00,1.31
2017.07.31 08:13:15.064,0.88236,0.88241,1.00,1.00
2017.07.31 08:13:15.269,0.88237,0.88243,1.00,1.00
2017.07.31 08:13:15.966,0.88237,0.88242,1.00,1.00
2017.07.31 08:13:16.285,0.88237,0.88244,1.00,1.00
2017.07.31 08:13:16.824,0.88237,0.88245,1.00,1.50
2017.07.31 08:13:17.358,0.88241,0.88245,1.00,1.00
2017.07.31 08:13:17.460,0.88241,0.88246,1.00,1.00
2017.07.31 08:13:17.512,0.88239,0.88246,1.00,1.00
2017.07.31 08:13:17.615,0.88238,0.88242,1.00,1.00
2017.07.31 08:13:17.667,0.88237,0.88242,1.50,1.00
2017.07.31 08:13:18.906,0.88237,0.88243,1.00,1.50
2017.07.31 08:13:19.424,0.88238,0.88245,1.00,1.50
2017.07.31 08:13:21.930,0.88238,0.88243,1.00,1.00
2017.07.31 08:13:24.111,0.88236,0.88244,1.00,1.12
2017.07.31 08:13:24.621,0.88237,0.88244,1.00,1.12
2017.07.31 08:13:26.227,0.88236,0.88244,1.00,1.12
2017.07.31 08:13:27.163,0.88236,0.88242,1.00,1.00
2017.07.31 08:13:27.216,0.88234,0.88242,1.00,1.00
2017.07.31 08:13:27.998,0.88234,0.88243,1.00,1.12
2017.07.31 08:13:30.577,0.88234,0.88244,1.00,2.25
2017.07.31 08:13:30.730,0.88235,0.88244,1.00,1.31
2017.07.31 08:13:31.399,0.88235,0.88243,1.00,1.00
2017.07.31 08:13:31.451,0.88233,0.88242,1.00,1.00
2017.07.31 08:13:32.940,0.88235,0.88242,1.00,1.00
2017.07.31 08:13:34.041,0.88237,0.88245,1.00,1.75
2017.07.31 08:13:34.093,0.88237,0.88246,1.00,2.25
2017.07.31 08:13:34.297,0.88239,0.88247,1.00,1.00
2017.07.31 08:13:35.141,0.88238,0.88248,1.00,3.00
2017.07.31 08:13:35.974,0.88238,0.88248,1.00,1.00
2017.07.31 08:13:36.028,0.88238,0.8825,1.00,2.25
2017.07.31 08:13:36.132,0.88241,0.88252,1.00,4.12
2017.07.31 08:13:36.642,0.88242,0.8825,1.00,1.00
2017.07.31 08:13:36.949,0.8824,0.8825,1.87,1.00
2017.07.31 08:13:37.487,0.8824,0.88249,1.00,1.00
2017.07.31 08:13:39.605,0.88242,0.8825,1.00,1.12
2017.07.31 08:13:40.123,0.8824,0.8825,1.00,1.12
2017.07.31 08:13:40.562,0.88238,0.88247,2.25,1.00
2017.07.31 08:13:43.084,0.88238,0.88246,1.50,1.00
2017.07.31 08:13:43.627,0.88238,0.88246,2.25,1.00
2017.07.31 08:13:43.678,0.88239,0.88248,1.37,1.00
2017.07.31 08:13:45.494,0.88239,0.88246,1.37,1.00
2017.07.31 08:13:45.546,0.88238,0.88246,1.12,1.00
2017.07.31 08:13:47.741,0.88237,0.88246,1.50,1.00
2017.07.31 08:13:50.496,0.88237,0.88245,1.12,1.00
2017.07.31 08:13:52.218,0.88236,0.88245,1.50,1.00
2017.07.31 08:13:52.926,0.88237,0.88245,1.00,1.00
2017.07.31 08:13:53.884,0.88236,0.88245,1.50,1.00
2017.07.31 08:13:54.979,0.88238,0.88245,1.00,1.00
2017.07.31 08:13:55.133,0.8824,0.88249,1.12,1.00
2017.07.31 08:13:55.287,0.88238,0.88248,2.25,1.00
2017.07.31 08:13:55.828,0.88238,0.88246,1.50,1.00
2017.07.31 08:13:56.384,0.88239,0.88246,1.00,1.00
2017.07.31 08:13:57.293,0.88239,0.88247,1.00,1.00
2017.07.31 08:13:57.345,0.88237,0.88247,3.37,1.00
2017.07.31 08:13:58.121,0.88237,0.88246,3.37,1.00
2017.07.31 08:13:59.026,0.88238,0.88246,1.00,1.00
2017.07.31 08:13:59.684,0.88239,0.88247,1.00,1.00
2017.07.31 08:14:00.231,0.8824,0.88248,1.00,1.00
2017.07.31 08:14:00.741,0.88239,0.88249,1.00,1.50
2017.07.31 08:14:00.945,0.88237,0.88249,2.62,1.87
2017.07.31 08:14:01.466,0.88237,0.88246,2.25,1.00
2017.07.31 08:14:01.775,0.88236,0.88244,1.50,1.00
2017.07.31 08:14:02.796,0.88236,0.88245,1.50,1.31
2017.07.31 08:14:03.337,0.88236,0.88244,1.00,1.00
2017.07.31 08:14:03.858,0.88236,0.88244,1.50,1.00
2017.07.31 08:14:04.394,0.88236,0.88245,1.50,1.00
2017.07.31 08:14:05.345,0.88235,0.88244,1.12,1.00
2017.07.31 08:14:05.707,0.88235,0.88242,1.00,1.00
2017.07.31 08:14:06.903,0.88235,0.88241,1.00,1.00
2017.07.31 08:14:08.328,0.88235,0.88243,1.00,1.50
2017.07.31 08:14:12.101,0.88232,0.8824,4.12,1.00
2017.07.31 08:14:12.409,0.88229,0.88236,1.50,1.00
2017.07.31 08:14:12.934,0.88228,0.88236,1.12,1.00
2017.07.31 08:14:13.213,0.88226,0.88236,1.12,1.00
2017.07.31 08:14:13.728,0.88226,0.88235,1.00,1.31
2017.07.31 08:14:14.215,0.88224,0.88235,1.87,1.31
2017.07.31 08:14:15.176,0.88225,0.88234,1.00,1.12
2017.07.31 08:14:16.182,0.88223,0.88235,1.50,2.44
2017.07.31 08:14:16.285,0.88223,0.88232,1.50,1.00
2017.07.31 08:14:16.793,0.88224,0.88233,1.00,1.00
2017.07.31 08:14:17.331,0.88224,0.88234,1.00,2.25
2017.07.31 08:14:17.980,0.88225,0.88234,1.00,1.87
2017.07.31 08:14:18.525,0.88226,0.88235,1.00,2.06
2017.07.31 08:14:19.134,0.88226,0.88237,2.25,5.06
2017.07.31 08:14:19.453,0.88228,0.88238,1.87,1.31
2017.07.31 08:14:20.143,0.88229,0.88237,1.00,1.00
2017.07.31 08:14:20.194,0.88229,0.88239,1.50,1.25
2017.07.31 08:14:20.552,0.88229,0.88237,1.12,1.00
2017.07.31 08:14:20.952,0.88227,0.88237,1.50,1.50
2017.07.31 08:14:21.054,0.88224,0.88232,1.50,1.25
2017.07.31 08:14:21.309,0.88219,0.8823,4.87,1.12
2017.07.31 08:14:21.514,0.88222,0.88233,1.00,3.19
2017.07.31 08:14:21.567,0.88222,0.88233,1.12,1.25
2017.07.31 08:14:21.836,0.8822,0.88231,3.00,1.50
2017.07.31 08:14:23.054,0.88219,0.88231,2.62,2.44
2017.07.31 08:14:24.785,0.88224,0.88231,1.87,1.25
2017.07.31 08:14:24.837,0.88225,0.88236,2.25,2.44
2017.07.31 08:14:24.939,0.88226,0.88237,2.25,1.12
2017.07.31 08:14:25.449,0.88228,0.88238,1.12,1.69
2017.07.31 08:14:26.655,0.88227,0.88237,2.25,1.00
2017.07.31 08:14:28.384,0.88227,0.88239,2.62,4.31
2017.07.31 08:14:30.900,0.88228,0.88239,2.62,1.12
2017.07.31 08:14:31.207,0.88232,0.88241,1.37,1.12
2017.07.31 08:14:31.974,0.88232,0.88242,1.37,1.69
2017.07.31 08:14:32.488,0.88232,0.88241,1.00,1.00
2017.07.31 08:14:33.058,0.88231,0.8824,1.00,1.00
2017.07.31 08:14:34.124,0.88231,0.88238,1.00,1.00
2017.07.31 08:14:34.176,0.88229,0.88239,2.25,1.50
2017.07.31 08:14:34.735,0.8823,0.88239,1.00,1.50
2017.07.31 08:14:36.757,0.8823,0.88238,1.00,1.00
2017.07.31 08:14:37.205,0.88231,0.8824,1.00,1.00
2017.07.31 08:14:37.735,0.88232,0.88241,1.00,1.50
2017.07.31 08:14:38.242,0.88233,0.88241,1.00,1.00
2017.07.31 08:14:39.030,0.88233,0.88242,1.00,1.25
2017.07.31 08:14:48.896,0.88233,0.8824,1.00,1.00
2017.07.31 08:14:49.864,0.88234,0.88242,1.00,1.25
2017.07.31 08:14:49.916,0.88232,0.88242,1.00,2.44
2017.07.31 08:14:50.076,0.88232,0.8824,1.00,1.00
2017.07.31 08:14:50.178,0.8823,0.8824,1.87,1.69
2017.07.31 08:14:50.681,0.88231,0.8824,1.00,1.00
2017.07.31 08:14:51.495,0.8823,0.8824,1.12,1.00
2017.07.31 08:14:54.030,0.8823,0.88238,1.12,1.00
2017.07.31 08:14:55.015,0.88229,0.88238,1.00,1.25
2017.07.31 08:14:56.015,0.8823,0.88239,2.62,1.00
2017.07.31 08:14:56.321,0.88233,0.88242,1.00,1.25
2017.07.31 08:14:58.840,0.88234,0.88243,1.50,1.00
2017.07.31 08:14:59.167,0.88236,0.88246,1.00,3.94
2017.07.31 08:14:59.269,0.88234,0.88246,3.75,3.94
2017.07.31 08:14:59.851,0.88234,0.88244,2.25,1.00
2017.07.31 08:15:00.226,0.88236,0.88244,1.00,1.00
2017.07.31 08:15:00.770,0.88235,0.88243,1.00,1.00
2017.07.31 08:15:01.723,0.88234,0.88243,1.00,1.00
2017.07.31 08:15:02.230,0.88233,0.88243,1.12,1.00
2017.07.31 08:15:02.747,0.88232,0.88243,1.00,2.06
2017.07.31 08:15:03.427,0.88232,0.88241,1.12,1.00
2017.07.31 08:15:03.977,0.88231,0.88241,1.87,1.00
2017.07.31 08:15:05.000,0.88231,0.8824,1.87,1.00
2017.07.31 08:15:05.732,0.88229,0.8824,2.25,2.06
2017.07.31 08:15:05.836,0.88229,0.88238,1.12,1.00
2017.07.31 08:15:06.725,0.88228,0.88237,1.50,1.00
2017.07.31 08:15:06.776,0.88229,0.88239,1.00,1.00
2017.07.31 08:15:07.082,0.88231,0.8824,1.00,1.25
2017.07.31 08:15:09.433,0.88231,0.88241,1.50,1.69
2017.07.31 08:15:10.914,0.88231,0.8824,1.50,1.00
2017.07.31 08:15:11.221,0.88229,0.8824,1.87,1.00
2017.07.31 08:15:12.008,0.88231,0.8824,1.00,1.00
2017.07.31 08:15:12.972,0.88229,0.8824,1.87,1.00
2017.07.31 08:15:13.349,0.88228,0.88237,3.00,1.00
2017.07.31 08:15:13.502,0.88225,0.88235,1.00,1.00
2017.07.31 08:15:13.859,0.88227,0.88237,1.50,2.00
2017.07.31 08:15:14.012,0.88228,0.88239,1.87,2.62
2017.07.31 08:15:14.650,0.88229,0.88239,1.00,1.87
2017.07.31 08:15:15.198,0.8823,0.88239,1.00,1.00
2017.07.31 08:15:15.710,0.8823,0.8824,1.50,1.00
2017.07.31 08:15:16.128,0.88228,0.88239,1.87,1.50
2017.07.31 08:15:16.436,0.88229,0.8824,1.87,1.12
2017.07.31 08:15:17.110,0.8823,0.88237,1.12,1.00
2017.07.31 08:15:17.627,0.88229,0.88238,1.50,1.00
2017.07.31 08:15:17.944,0.88231,0.8824,1.00,1.25
2017.07.31 08:15:19.950,0.8823,0.88239,1.12,1.00
2017.07.31 08:15:21.245,0.88228,0.88238,2.25,1.00
2017.07.31 08:15:21.347,0.88228,0.88237,3.37,1.00
2017.07.31 08:15:21.908,0.88227,0.88237,1.00,1.50
2017.07.31 08:15:22.431,0.88227,0.88236,1.00,1.00
2017.07.31 08:15:22.838,0.88225,0.88232,1.00,1.00
2017.07.31 08:15:22.940,0.88223,0.88232,1.00,1.00
2017.07.31 08:15:23.450,0.88223,0.88231,1.00,1.12
2017.07.31 08:15:24.209,0.88222,0.88231,1.00,1.87
2017.07.31 08:15:25.249,0.88221,0.88231,1.00,1.12
2017.07.31 08:15:26.175,0.88221,0.8823,1.00,1.87
2017.07.31 08:15:28.136,0.88221,0.88229,1.00,1.00
2017.07.31 08:15:28.646,0.88221,0.8823,1.50,1.00
2017.07.31 08:15:29.871,0.8822,0.8823,1.00,1.00
2017.07.31 08:15:30.507,0.88221,0.8823,1.00,1.00
2017.07.31 08:15:34.069,0.8822,0.8823,1.50,1.00
2017.07.31 08:15:40.214,0.8822,0.88229,1.00,2.25
2017.07.31 08:15:40.521,0.88217,0.88228,3.00,1.69
2017.07.31 08:15:41.059,0.88218,0.88229,1.50,3.19
2017.07.31 08:15:41.561,0.8822,0.88228,1.00,1.50
2017.07.31 08:15:42.517,0.8822,0.88229,1.00,2.44
2017.07.31 08:15:45.351,0.8822,0.88229,1.00,3.19
2017.07.31 08:15:45.781,0.88222,0.88228,1.00,1.69
2017.07.31 08:15:45.927,0.88222,0.88229,1.00,1.25
2017.07.31 08:15:46.904,0.88222,0.88228,1.00,1.00
2017.07.31 08:15:48.862,0.88218,0.88223,1.87,1.00
2017.07.31 08:15:48.914,0.88216,0.88223,2.44,1.00
2017.07.31 08:15:49.078,0.88214,0.88222,1.00,1.12
2017.07.31 08:15:49.129,0.88216,0.88222,1.00,1.12
2017.07.31 08:15:49.434,0.88218,0.88223,1.00,1.37
2017.07.31 08:15:49.967,0.88218,0.88223,1.00,1.12
2017.07.31 08:15:50.621,0.88218,0.88223,1.00,1.37
2017.07.31 08:15:50.724,0.88216,0.88222,1.00,1.50
2017.07.31 08:15:56.379,0.88217,0.88222,1.00,1.50
2017.07.31 08:15:57.253,0.88218,0.88222,1.00,1.00
2017.07.31 08:15:57.386,0.8822,0.88225,1.00,3.00
2017.07.31 08:15:57.438,0.88221,0.88226,1.00,1.00
2017.07.31 08:15:57.947,0.8822,0.88226,1.00,1.00
2017.07.31 08:15:58.523,0.8822,0.88225,1.00,1.00
2017.07.31 08:15:59.026,0.8822,0.88227,1.00,1.50
2017.07.31 08:16:00.139,0.88224,0.88228,1.00,1.00
2017.07.31 08:16:00.242,0.88226,0.8823,1.00,1.12
2017.07.31 08:16:02.721,0.88224,0.8823,1.00,1.00
2017.07.31 08:16:04.227,0.88224,0.88231,1.00,1.12
2017.07.31 08:16:05.730,0.88224,0.88229,1.00,1.00
2017.07.31 08:16:07.832,0.88226,0.8823,1.00,1.00
2017.07.31 08:16:08.266,0.88226,0.88231,1.00,1.12
2017.07.31 08:16:08.805,0.88225,0.88231,1.00,1.12
2017.07.31 08:16:09.706,0.88225,0.8823,1.00,1.00
2017.07.31 08:16:15.373,0.88227,0.88231,1.00,1.12
2017.07.31 08:16:16.016,0.88225,0.88231,1.00,1.12
2017.07.31 08:16:17.678,0.88225,0.88232,1.00,1.00
2017.07.31 08:16:18.248,0.88226,0.88232,1.00,1.00
2017.07.31 08:16:19.980,0.88225,0.88231,1.00,1.00
2017.07.31 08:16:20.788,0.88225,0.8823,1.00,1.00
2017.07.31 08:16:21.398,0.88224,0.8823,1.00,1.00
2017.07.31 08:16:23.064,0.88224,0.88229,1.00,1.00
2017.07.31 08:16:23.694,0.88223,0.88229,1.00,1.00
2017.07.31 08:16:27.201,0.88225,0.88229,1.00,1.00
2017.07.31 08:16:27.507,0.88227,0.88233,1.00,2.62
2017.07.31 08:16:28.921,0.88225,0.88231,1.00,1.00
2017.07.31 08:16:29.462,0.88225,0.8823,1.00,1.00
2017.07.31 08:16:30.162,0.88223,0.88229,1.00,1.00
2017.07.31 08:16:30.965,0.88223,0.8823,1.00,1.00
2017.07.31 08:16:31.666,0.88224,0.8823,1.00,1.00
2017.07.31 08:16:32.185,0.88225,0.8823,1.00,1.00
2017.07.31 08:16:33.947,0.88224,0.88228,1.00,1.00
2017.07.31 08:16:34.083,0.88225,0.8823,1.00,1.50
2017.07.31 08:16:35.332,0.88225,0.88229,1.00,1.00
2017.07.31 08:16:38.722,0.88226,0.88231,1.00,1.50
2017.07.31 08:16:38.875,0.88226,0.88233,1.00,4.50
2017.07.31 08:16:39.080,0.88228,0.88232,1.00,1.12
2017.07.31 08:16:39.655,0.88228,0.88233,1.00,1.00
2017.07.31 08:16:40.346,0.88228,0.88232,1.00,1.00
2017.07.31 08:16:41.088,0.88228,0.88233,1.00,1.50
2017.07.31 08:16:43.785,0.88229,0.88234,1.00,1.87
2017.07.31 08:16:43.887,0.88228,0.88232,1.00,1.00
2017.07.31 08:16:43.939,0.88227,0.88231,1.00,1.00
2017.07.31 08:16:44.866,0.88227,0.88233,1.00,1.00
2017.07.31 08:16:46.105,0.88228,0.88233,1.00,1.00
2017.07.31 08:16:47.043,0.88228,0.88232,1.00,1.00
2017.07.31 08:16:49.367,0.88228,0.88234,1.00,1.50
2017.07.31 08:16:49.418,0.8823,0.88234,1.00,1.50
2017.07.31 08:16:49.720,0.88234,0.88238,1.00,1.00
2017.07.31 08:16:49.772,0.88232,0.88238,1.00,1.00
2017.07.31 08:16:50.283,0.88232,0.88237,1.00,1.00
2017.07.31 08:16:51.574,0.88232,0.88237,1.00,1.37
2017.07.31 08:16:53.068,0.88232,0.88237,1.00,1.00
2017.07.31 08:16:53.277,0.88231,0.88237,1.00,1.37
2017.07.31 08:16:53.329,0.8823,0.88237,1.00,1.75
2017.07.31 08:16:54.275,0.8823,0.88236,1.00,1.12
2017.07.31 08:16:54.823,0.88231,0.88238,1.00,2.25
2017.07.31 08:16:55.888,0.88231,0.88238,1.00,1.87
2017.07.31 08:16:56.510,0.88231,0.88236,1.00,1.00
2017.07.31 08:16:57.160,0.88231,0.88235,1.00,1.00
2017.07.31 08:16:57.314,0.88232,0.88238,1.00,1.37
2017.07.31 08:16:57.917,0.88232,0.88238,1.00,1.00
2017.07.31 08:16:58.453,0.88232,0.88237,1.00,1.12
2017.07.31 08:16:59.960,0.88232,0.88236,1.00,1.00
2017.07.31 08:17:00.012,0.8823,0.88236,1.00,1.50
2017.07.31 08:17:00.620,0.88232,0.88237,1.00,1.00
2017.07.31 08:17:00.875,0.8823,0.88237,1.00,1.00
2017.07.31 08:17:01.130,0.88233,0.88237,1.00,1.00
2017.07.31 08:17:01.232,0.88235,0.8824,1.00,1.50
2017.07.31 08:17:01.746,0.88234,0.8824,1.50,1.50
2017.07.31 08:17:02.931,0.88236,0.88242,1.00,2.25
2017.07.31 08:17:03.034,0.8824,0.88244,1.00,1.00
2017.07.31 08:17:03.546,0.88239,0.88244,1.00,1.12
2017.07.31 08:17:05.718,0.88237,0.88242,1.00,1.00
2017.07.31 08:17:06.068,0.88236,0.8824,1.00,1.00
2017.07.31 08:17:06.844,0.88236,0.88241,1.00,1.00
2017.07.31 08:17:07.361,0.88236,0.88242,1.00,1.00
2017.07.31 08:17:07.668,0.88234,0.88241,1.00,3.37
2017.07.31 08:17:07.771,0.88236,0.88241,1.00,1.12
2017.07.31 08:17:08.289,0.88237,0.88242,1.00,1.50
2017.07.31 08:17:08.340,0.88233,0.88238,1.00,1.00
2017.07.31 08:17:08.391,0.88232,0.88236,1.50,1.00
2017.07.31 08:17:08.668,0.88231,0.88236,1.00,1.00
2017.07.31 08:17:09.198,0.88232,0.88236,1.00,1.00
2017.07.31 08:17:09.257,0.88232,0.88238,1.00,1.12
2017.07.31 08:17:10.150,0.88232,0.88236,1.00,1.00
2017.07.31 08:17:10.987,0.8823,0.88237,1.00,1.50
2017.07.31 08:17:11.316,0.88232,0.88238,1.00,1.87
2017.07.31 08:17:12.848,0.88233,0.8824,1.00,2.62
2017.07.31 08:17:13.486,0.88233,0.88241,1.00,1.50
2017.07.31 08:17:15.111,0.88233,0.88238,1.00,1.00
2017.07.31 08:17:15.809,0.88233,0.88238,1.00,1.50
2017.07.31 08:17:17.721,0.88233,0.88238,1.00,1.00
2017.07.31 08:17:18.230,0.88234,0.88239,1.00,1.00
2017.07.31 08:17:20.208,0.88234,0.88238,1.00,1.00
2017.07.31 08:17:20.714,0.88232,0.88236,1.00,1.00
2017.07.31 08:17:20.766,0.88229,0.88234,1.00,1.00
2017.07.31 08:17:20.970,0.88228,0.88234,1.00,1.75
2017.07.31 08:17:21.250,0.88227,0.88234,1.00,1.75
2017.07.31 08:17:21.771,0.88228,0.88234,1.00,1.75
2017.07.31 08:17:22.509,0.88227,0.88233,1.00,2.25
2017.07.31 08:17:22.957,0.88226,0.88232,1.00,1.75
2017.07.31 08:17:23.162,0.88226,0.88232,1.00,1.00
2017.07.31 08:17:23.214,0.88225,0.88229,1.00,1.00
2017.07.31 08:17:23.267,0.88223,0.88228,1.00,1.00
2017.07.31 08:17:23.473,0.88223,0.8823,1.00,1.00
2017.07.31 08:17:23.575,0.88223,0.88229,1.00,1.37
2017.07.31 08:17:24.055,0.88222,0.88228,1.00,1.50
2017.07.31 08:17:28.593,0.88224,0.88228,1.00,1.00
2017.07.31 08:17:28.644,0.88224,0.88231,1.00,2.25
2017.07.31 08:17:28.695,0.88226,0.88233,1.00,4.87
2017.07.31 08:17:28.950,0.8823,0.88235,1.00,1.50
2017.07.31 08:17:29.135,0.88229,0.88234,1.00,1.12
2017.07.31 08:17:29.288,0.88228,0.88234,1.00,1.50
2017.07.31 08:17:30.687,0.88229,0.88233,1.00,1.00
2017.07.31 08:17:31.031,0.88232,0.88238,1.00,1.37
2017.07.31 08:17:31.082,0.88232,0.88238,1.00,1.00
2017.07.31 08:17:31.627,0.88233,0.88238,1.00,1.12
2017.07.31 08:17:32.064,0.88232,0.88236,1.00,1.00
2017.07.31 08:17:32.372,0.88229,0.88236,1.00,1.75
2017.07.31 08:17:33.156,0.88231,0.88235,1.00,1.00
2017.07.31 08:17:34.005,0.8823,0.88234,1.00,1.00
2017.07.31 08:17:34.901,0.88231,0.88235,1.00,1.00
2017.07.31 08:17:35.477,0.88229,0.88235,1.00,1.00
2017.07.31 08:17:35.993,0.88229,0.88234,1.00,1.00
2017.07.31 08:17:36.250,0.88228,0.88232,1.00,1.00
2017.07.31 08:17:36.353,0.8823,0.88235,1.00,1.00
2017.07.31 08:17:36.407,0.88232,0.88237,1.00,1.50
2017.07.31 08:17:36.458,0.88233,0.88238,1.00,2.62
2017.07.31 08:17:37.037,0.88233,0.88239,1.00,1.12
2017.07.31 08:17:37.627,0.88233,0.88238,1.00,1.00
2017.07.31 08:17:40.082,0.8823,0.88235,1.00,1.00
2017.07.31 08:17:41.730,0.88229,0.88235,1.00,1.00
2017.07.31 08:17:44.159,0.8823,0.88235,1.00,1.00
2017.07.31 08:17:45.488,0.8823,0.88236,1.00,1.12
2017.07.31 08:17:45.805,0.8823,0.88234,1.00,1.00
2017.07.31 08:17:45.975,0.88228,0.88233,1.00,1.00
2017.07.31 08:17:46.933,0.88227,0.88232,1.00,1.00
2017.07.31 08:17:47.481,0.88226,0.8823,1.00,1.00
2017.07.31 08:17:47.993,0.88226,0.88231,1.00,1.12
2017.07.31 08:17:48.400,0.88228,0.88233,1.00,1.37
2017.07.31 08:17:49.815,0.88227,0.88233,1.00,1.37
2017.07.31 08:17:50.327,0.88226,0.88233,1.00,1.37
2017.07.31 08:17:51.012,0.88226,0.88233,1.00,1.12
2017.07.31 08:17:53.069,0.88226,0.88232,1.00,1.50
2017.07.31 08:17:54.198,0.88228,0.88232,1.00,1.50
2017.07.31 08:17:54.301,0.88229,0.88236,1.00,1.87
2017.07.31 08:17:54.825,0.88229,0.88236,1.00,1.00
2017.07.31 08:17:57.507,0.88229,0.88234,1.00,1.00
2017.07.31 08:17:58.182,0.88228,0.88234,1.00,1.12
2017.07.31 08:17:58.685,0.88229,0.88234,1.00,1.00
2017.07.31 08:17:59.262,0.88228,0.88234,1.00,1.00
2017.07.31 08:17:59.915,0.88228,0.88234,1.00,2.10
2017.07.31 08:18:00.540,0.88228,0.88234,1.00,1.50
2017.07.31 08:18:01.051,0.88227,0.88234,1.00,1.50
2017.07.31 08:18:03.293,0.88225,0.88232,1.00,1.50
2017.07.31 08:18:03.882,0.88225,0.88234,1.00,1.50
2017.07.31 08:18:10.455,0.88226,0.88233,1.00,1.12
2017.07.31 08:18:11.027,0.88226,0.88234,1.00,1.50
2017.07.31 08:18:12.565,0.88224,0.88233,1.50,1.37
2017.07.31 08:18:13.241,0.88224,0.88231,1.00,1.00
2017.07.31 08:18:13.790,0.88223,0.88231,2.25,1.00
2017.07.31 08:18:15.359,0.88223,0.8823,2.25,1.00
2017.07.31 08:18:15.899,0.88223,0.88231,2.25,1.00
2017.07.31 08:18:16.428,0.88223,0.8823,2.25,1.00
2017.07.31 08:18:16.989,0.88223,0.88231,2.25,1.00
2017.07.31 08:18:17.040,0.88226,0.88232,1.00,1.12
2017.07.31 08:18:17.569,0.88227,0.88233,1.00,1.00
2017.07.31 08:18:18.780,0.88227,0.88232,1.00,1.00
2017.07.31 08:18:19.424,0.88226,0.88232,1.00,1.00
2017.07.31 08:18:19.767,0.88229,0.88236,1.00,1.75
2017.07.31 08:18:19.869,0.88231,0.88238,1.00,1.12
2017.07.31 08:18:20.397,0.88231,0.88239,2.25,1.00
2017.07.31 08:18:21.007,0.88232,0.88239,2.25,1.00
2017.07.31 08:18:22.184,0.88233,0.88239,1.00,1.00
2017.07.31 08:18:22.735,0.88233,0.8824,1.00,1.00
2017.07.31 08:18:23.013,0.88231,0.88238,1.50,1.50
2017.07.31 08:18:23.349,0.88228,0.88235,1.50,1.00
2017.07.31 08:18:24.322,0.88228,0.88234,1.50,1.00
2017.07.31 08:18:24.942,0.88229,0.88234,1.50,1.00
2017.07.31 08:18:25.664,0.88229,0.88233,1.50,1.00
2017.07.31 08:18:26.312,0.88229,0.88234,1.50,1.00
2017.07.31 08:18:27.135,0.88226,0.88234,1.00,1.00
2017.07.31 08:18:27.694,0.88226,0.88235,1.00,1.00
2017.07.31 08:18:28.424,0.88225,0.88233,1.50,1.00
2017.07.31 08:18:29.427,0.88227,0.88233,1.00,1.00
2017.07.31 08:18:31.288,0.88227,0.88234,1.00,1.00
2017.07.31 08:18:32.360,0.88228,0.88234,1.50,1.00
2017.07.31 08:18:34.116,0.88227,0.88234,2.25,1.00
2017.07.31 08:18:34.627,0.88227,0.88233,1.00,1.00
2017.07.31 08:18:36.724,0.88226,0.88233,1.00,1.00
2017.07.31 08:18:37.657,0.88225,0.88231,1.00,1.00
2017.07.31 08:18:37.913,0.88222,0.88229,1.50,1.00
2017.07.31 08:18:38.908,0.88221,0.88229,1.00,1.00
2017.07.31 08:18:39.319,0.88218,0.88226,1.00,1.00
2017.07.31 08:18:39.627,0.88217,0.88224,1.00,1.12
2017.07.31 08:18:40.378,0.88216,0.88224,1.25,1.12
2017.07.31 08:18:40.965,0.88215,0.88224,1.00,1.12
2017.07.31 08:18:41.272,0.88218,0.88225,1.50,1.00
2017.07.31 08:18:41.811,0.88217,0.88226,1.50,2.25
2017.07.31 08:18:42.119,0.88217,0.88224,1.50,1.00
2017.07.31 08:18:42.752,0.88215,0.88224,1.19,1.50
2017.07.31 08:18:43.276,0.88217,0.88224,1.00,1.00
2017.07.31 08:18:43.848,0.88218,0.88225,1.00,1.00
2017.07.31 08:18:44.379,0.88218,0.88226,1.25,1.00
2017.07.31 08:18:44.727,0.88218,0.88224,1.00,1.00
2017.07.31 08:18:45.240,0.88217,0.88224,1.00,1.00
2017.07.31 08:18:46.342,0.88216,0.88224,1.00,1.12
2017.07.31 08:18:46.868,0.88214,0.88222,1.25,1.50
2017.07.31 08:18:47.867,0.88212,0.88223,3.87,1.87
2017.07.31 08:18:48.531,0.88212,0.88223,3.12,1.50
2017.07.31 08:18:49.559,0.88213,0.88223,1.00,1.50
2017.07.31 08:18:50.417,0.88213,0.88223,1.00,1.87
2017.07.31 08:18:50.723,0.88213,0.88219,1.00,1.00
2017.07.31 08:18:50.929,0.88213,0.88221,2.37,1.50
2017.07.31 08:18:51.439,0.88212,0.88223,4.50,2.62
2017.07.31 08:18:51.957,0.88213,0.88223,1.00,2.62
2017.07.31 08:18:52.486,0.88212,0.88222,1.00,1.87
2017.07.31 08:18:58.028,0.88214,0.88223,1.00,3.75
2017.07.31 08:18:58.079,0.88214,0.88223,1.00,3.37
2017.07.31 08:18:58.639,0.88214,0.88224,1.50,1.00
2017.07.31 08:18:59.159,0.88215,0.88224,1.00,1.00
2017.07.31 08:19:00.240,0.88219,0.88227,1.00,3.00
2017.07.31 08:19:00.548,0.88221,0.88227,1.00,1.00
2017.07.31 08:19:01.362,0.88218,0.88227,1.00,1.12
2017.07.31 08:19:01.566,0.88222,0.88227,1.00,1.12
2017.07.31 08:19:01.719,0.88221,0.88229,1.50,1.12
2017.07.31 08:19:01.974,0.88223,0.8823,1.00,2.25
2017.07.31 08:19:02.992,0.88222,0.8823,1.50,1.00
2017.07.31 08:19:03.502,0.88221,0.8823,1.00,1.50
2017.07.31 08:19:04.033,0.88222,0.88229,1.00,1.12
2017.07.31 08:19:04.673,0.88223,0.88229,1.00,1.12
2017.07.31 08:19:04.725,0.88219,0.88226,1.87,1.00
2017.07.31 08:19:04.776,0.88221,0.88228,1.00,1.12
2017.07.31 08:19:05.296,0.88221,0.8823,1.00,1.37
2017.07.31 08:19:05.886,0.88219,0.88224,1.00,1.00
2017.07.31 08:19:05.988,0.88217,0.88224,1.00,1.00
2017.07.31 08:19:06.039,0.88215,0.88224,1.50,1.00
2017.07.31 08:19:06.854,0.88215,0.88223,1.00,1.00
2017.07.31 08:19:07.728,0.88216,0.88223,1.00,1.00
2017.07.31 08:19:07.950,0.88213,0.88222,1.00,1.00
2017.07.31 08:19:08.002,0.88212,0.8822,1.00,1.00
2017.07.31 08:19:08.938,0.88213,0.88222,1.50,2.62
2017.07.31 08:19:09.450,0.88213,0.88223,6.09,1.00
2017.07.31 08:19:09.876,0.88213,0.88221,1.50,1.00
2017.07.31 08:19:10.556,0.88214,0.88221,1.00,1.00
2017.07.31 08:19:10.804,0.88212,0.88222,1.00,1.12
2017.07.31 08:19:11.781,0.88212,0.8822,1.50,1.00
2017.07.31 08:19:12.441,0.88213,0.8822,1.00,1.00
2017.07.31 08:19:12.749,0.88213,0.88223,1.50,1.87
2017.07.31 08:19:12.800,0.88215,0.88223,1.87,1.50
2017.07.31 08:19:12.903,0.88216,0.88225,1.00,1.12
2017.07.31 08:19:13.930,0.88216,0.88224,1.00,1.00
2017.07.31 08:19:14.134,0.88214,0.88222,1.12,1.00
2017.07.31 08:19:14.289,0.88215,0.88224,1.00,1.50
2017.07.31 08:19:14.567,0.88217,0.88225,1.00,1.50
2017.07.31 08:19:15.597,0.88215,0.88224,1.87,1.00
2017.07.31 08:19:15.701,0.88215,0.88222,1.00,1.00
2017.07.31 08:19:16.057,0.88213,0.88222,1.00,1.00
2017.07.31 08:19:16.644,0.88213,0.8822,1.00,1.00
2017.07.31 08:19:17.025,0.88213,0.88222,1.00,1.00
2017.07.31 08:19:18.158,0.88213,0.8822,1.00,1.00
2017.07.31 08:19:19.144,0.88213,0.88222,1.00,1.12
2017.07.31 08:19:19.195,0.88216,0.88224,1.00,2.62
2017.07.31 08:19:19.297,0.88216,0.88226,1.50,2.25
2017.07.31 08:19:19.451,0.88218,0.88226,1.00,1.00
2017.07.31 08:19:19.809,0.88219,0.88228,1.00,2.25
2017.07.31 08:19:20.546,0.88219,0.88227,1.00,1.50
2017.07.31 08:19:21.090,0.88218,0.88228,1.50,2.25
2017.07.31 08:19:21.141,0.8822,0.88228,1.00,2.25
2017.07.31 08:19:21.672,0.8822,0.88227,1.00,1.50
2017.07.31 08:19:22.221,0.88219,0.88227,1.00,1.00
2017.07.31 08:19:23.445,0.88218,0.88228,1.00,1.00
2017.07.31 08:19:24.427,0.88219,0.88228,1.00,1.00
2017.07.31 08:19:25.752,0.88219,0.88226,1.00,1.00
2017.07.31 08:19:26.095,0.88219,0.88228,1.00,1.00
2017.07.31 08:19:29.417,0.88219,0.88227,1.00,1.00
2017.07.31 08:19:29.570,0.88219,0.88229,1.50,1.25
2017.07.31 08:19:29.723,0.88221,0.8823,1.00,3.94
2017.07.31 08:19:30.182,0.88221,0.8823,1.00,1.50
2017.07.31 08:19:30.759,0.88221,0.88229,1.00,1.00
2017.07.31 08:19:32.022,0.88221,0.8823,1.00,1.50
2017.07.31 08:19:32.354,0.88221,0.88228,1.00,1.00
2017.07.31 08:19:33.378,0.8822,0.88228,1.50,1.00
2017.07.31 08:19:34.171,0.88219,0.88228,1.00,1.00
2017.07.31 08:19:35.070,0.8822,0.88228,1.12,1.00
2017.07.31 08:19:35.579,0.88221,0.88229,1.87,1.00
2017.07.31 08:19:38.580,0.88219,0.88226,4.50,1.00
2017.07.31 08:19:38.632,0.88218,0.88226,1.50,1.00
2017.07.31 08:19:38.760,0.88217,0.88225,1.50,1.12
2017.07.31 08:19:39.299,0.88216,0.88225,2.25,1.00
2017.07.31 08:19:40.021,0.88217,0.88223,1.50,1.00
2017.07.31 08:19:41.823,0.88215,0.88223,1.87,1.00
2017.07.31 08:19:42.865,0.88215,0.88222,1.00,1.00
2017.07.31 08:19:43.422,0.88215,0.88223,1.50,1.00
2017.07.31 08:19:44.256,0.88215,0.88223,1.07,1.00
2017.07.31 08:19:44.760,0.88215,0.88225,1.82,1.50
2017.07.31 08:19:45.287,0.88216,0.88223,1.00,1.00
2017.07.31 08:19:45.803,0.88216,0.88225,1.00,1.50
2017.07.31 08:19:46.313,0.88216,0.88225,1.00,1.12
2017.07.31 08:19:47.423,0.88216,0.88223,1.07,1.00
2017.07.31 08:19:49.269,0.88216,0.88225,1.50,1.50
2017.07.31 08:19:49.473,0.88217,0.88226,2.57,1.12
2017.07.31 08:19:50.691,0.88217,0.88227,1.50,1.12
2017.07.31 08:19:51.263,0.88217,0.88226,1.00,1.00
2017.07.31 08:19:52.070,0.88217,0.88224,1.00,1.00
2017.07.31 08:19:52.188,0.88217,0.88226,1.00,1.50
2017.07.31 08:19:52.711,0.88217,0.88225,1.00,1.50
2017.07.31 08:19:53.324,0.88217,0.88226,1.00,1.12
2017.07.31 08:19:54.781,0.88218,0.88227,1.87,1.50
2017.07.31 08:19:54.884,0.88219,0.88228,1.12,1.87
2017.07.31 08:19:56.177,0.88218,0.88227,2.25,1.00
2017.07.31 08:19:56.705,0.88218,0.88228,2.25,1.87
2017.07.31 08:19:57.242,0.88218,0.88227,2.25,1.00
2017.07.31 08:19:57.395,0.8822,0.88228,2.25,1.87
2017.07.31 08:19:57.904,0.8822,0.88228,2.25,1.12
2017.07.31 08:19:58.882,0.8822,0.88228,1.87,1.12
2017.07.31 08:20:00.677,0.88218,0.88226,1.50,1.00
2017.07.31 08:20:01.303,0.88218,0.88226,1.00,1.00
2017.07.31 08:20:02.072,0.88217,0.88225,1.50,1.00
2017.07.31 08:20:05.602,0.88219,0.88226,1.00,1.12
2017.07.31 08:20:05.755,0.88222,0.8823,1.00,2.25
2017.07.31 08:20:06.295,0.88222,0.88229,1.00,1.50
2017.07.31 08:20:06.809,0.88222,0.8823,1.00,1.50
2017.07.31 08:20:07.368,0.88221,0.88229,1.00,1.00
2017.07.31 08:20:07.908,0.88222,0.8823,1.00,1.25
2017.07.31 08:20:08.943,0.8822,0.8823,1.50,1.25
2017.07.31 08:20:09.868,0.88221,0.8823,1.00,1.69
2017.07.31 08:20:10.572,0.88223,0.88231,1.00,3.94
2017.07.31 08:20:11.084,0.88224,0.88231,1.00,1.50
2017.07.31 08:20:11.390,0.88218,0.88226,3.37,1.00
2017.07.31 08:20:11.442,0.88218,0.88226,1.50,1.00
2017.07.31 08:20:11.545,0.88216,0.88226,3.75,1.50
2017.07.31 08:20:12.064,0.88217,0.88226,1.50,1.00
2017.07.31 08:20:12.993,0.88217,0.88227,2.25,1.50
2017.07.31 08:20:15.486,0.88217,0.88226,1.50,1.00
2017.07.31 08:20:16.153,0.88216,0.88226,2.25,1.50
2017.07.31 08:20:16.528,0.88216,0.88225,1.00,1.37
2017.07.31 08:20:24.690,0.88215,0.88224,1.50,1.12
2017.07.31 08:20:25.207,0.88216,0.88224,1.00,1.12
2017.07.31 08:20:26.365,0.88216,0.88224,1.50,1.12
2017.07.31 08:20:31.097,0.88216,0.88224,2.25,1.00
2017.07.31 08:20:32.509,0.88216,0.88224,1.00,1.00
2017.07.31 08:20:33.047,0.88216,0.88225,1.00,1.50
2017.07.31 08:20:37.084,0.88217,0.88225,1.00,1.00
2017.07.31 08:20:37.761,0.88218,0.88225,1.50,1.00
2017.07.31 08:20:39.997,0.88218,0.88226,1.00,1.00
2017.07.31 08:20:40.172,0.88221,0.88228,1.00,1.50
2017.07.31 08:20:40.378,0.88224,0.88231,1.00,1.50
2017.07.31 08:20:40.885,0.88224,0.88232,1.50,1.00
2017.07.31 08:20:41.423,0.88224,0.88233,1.00,1.50
2017.07.31 08:20:41.868,0.88227,0.88233,1.50,1.00
2017.07.31 08:20:41.920,0.88228,0.88236,1.50,1.50
2017.07.31 08:20:42.607,0.88228,0.88237,1.50,1.19
2017.07.31 08:20:43.130,0.88226,0.88236,3.37,1.19
2017.07.31 08:20:43.743,0.88226,0.88234,1.12,1.00
2017.07.31 08:20:44.351,0.88225,0.88236,3.75,1.69
2017.07.31 08:20:45.352,0.88226,0.88234,1.00,1.00
2017.07.31 08:20:46.354,0.88226,0.88235,1.00,1.25
2017.07.31 08:20:49.801,0.88225,0.88234,2.25,1.00
2017.07.31 08:20:50.322,0.88225,0.88234,1.50,1.00
2017.07.31 08:20:50.903,0.88225,0.88233,1.12,1.00
2017.07.31 08:20:51.544,0.88223,0.88234,2.62,1.00
2017.07.31 08:20:53.035,0.88224,0.88235,1.50,3.37
2017.07.31 08:20:56.623,0.88226,0.88236,1.12,1.50
2017.07.31 08:20:57.529,0.88227,0.88236,1.00,1.00
2017.07.31 08:20:57.631,0.88228,0.88238,1.00,1.50
2017.07.31 08:20:58.283,0.88229,0.88239,1.00,1.12
2017.07.31 08:20:58.639,0.88231,0.8824,1.00,1.50
2017.07.31 08:21:00.224,0.88229,0.88239,1.00,1.69
2017.07.31 08:21:00.750,0.88228,0.88239,1.50,2.81
2017.07.31 08:21:03.663,0.88228,0.88236,1.00,1.00
2017.07.31 08:21:04.253,0.88227,0.88236,1.50,1.00
2017.07.31 08:21:04.946,0.88227,0.88237,3.00,2.62
2017.07.31 08:21:05.732,0.88227,0.88236,1.00,1.00
2017.07.31 08:21:06.329,0.88226,0.88236,1.00,1.00
2017.07.31 08:21:06.735,0.88228,0.88237,1.50,1.87
2017.07.31 08:21:06.941,0.88233,0.88243,1.50,1.25
2017.07.31 08:21:07.474,0.88234,0.88244,1.00,2.06
2017.07.31 08:21:10.241,0.88231,0.88239,1.00,1.12
2017.07.31 08:21:10.547,0.88228,0.88237,1.00,1.12
2017.07.31 08:21:11.087,0.88227,0.88237,2.44,1.12
2017.07.31 08:21:11.456,0.88229,0.88237,1.00,1.12
2017.07.31 08:21:11.882,0.88231,0.88241,3.37,5.81
2017.07.31 08:21:11.985,0.88233,0.88241,1.00,1.00
2017.07.31 08:21:12.497,0.88233,0.88242,1.50,1.00
2017.07.31 08:21:13.004,0.88232,0.88241,1.00,2.25
2017.07.31 08:21:13.807,0.88232,0.8824,1.00,1.00
2017.07.31 08:21:14.335,0.88232,0.88241,1.00,1.00
2017.07.31 08:21:14.695,0.8823,0.88236,1.50,1.00
2017.07.31 08:21:14.797,0.88228,0.88236,1.00,1.00
2017.07.31 08:21:15.829,0.88228,0.88235,1.50,1.00
2017.07.31 08:21:16.436,0.88227,0.88236,1.50,1.00
2017.07.31 08:21:17.651,0.88228,0.88237,1.00,2.25
2017.07.31 08:21:17.957,0.88226,0.88236,1.00,1.50
2017.07.31 08:21:18.008,0.88224,0.88233,3.00,1.00
2017.07.31 08:21:18.651,0.88227,0.88234,1.00,1.00
2017.07.31 08:21:19.163,0.88227,0.88235,1.00,1.00
2017.07.31 08:21:19.951,0.88226,0.88235,1.00,1.00
2017.07.31 08:21:20.530,0.88227,0.88236,1.00,1.12
2017.07.31 08:21:21.050,0.88226,0.88237,1.00,3.94
2017.07.31 08:21:21.623,0.88227,0.88237,1.00,1.50
2017.07.31 08:21:22.179,0.88228,0.88238,1.00,1.12
2017.07.31 08:21:22.728,0.88227,0.88237,2.25,1.00
2017.07.31 08:21:23.822,0.88226,0.88237,2.25,1.00
2017.07.31 08:21:24.127,0.88229,0.88238,1.00,1.50
2017.07.31 08:21:24.532,0.88227,0.88237,1.00,1.25
2017.07.31 08:21:25.397,0.88227,0.88237,2.25,1.62
2017.07.31 08:21:25.868,0.88228,0.88238,1.00,1.87
2017.07.31 08:21:34.564,0.8823,0.88238,1.00,1.00
2017.07.31 08:21:35.261,0.88229,0.88238,1.00,1.00
2017.07.31 08:21:36.980,0.88227,0.88233,1.00,1.00
2017.07.31 08:21:37.082,0.88224,0.88233,1.00,1.00
2017.07.31 08:21:37.942,0.88223,0.88232,2.25,1.00
2017.07.31 08:21:38.651,0.88223,0.88231,2.25,1.00
2017.07.31 08:21:39.302,0.88224,0.88231,1.50,1.00
2017.07.31 08:21:39.354,0.88225,0.88233,1.00,1.12
2017.07.31 08:21:39.900,0.88226,0.88234,1.00,1.12
2017.07.31 08:21:43.222,0.88228,0.88235,1.00,1.12
2017.07.31 08:21:43.489,0.88226,0.88235,1.50,1.12
2017.07.31 08:21:44.043,0.88228,0.88237,1.00,2.25
2017.07.31 08:21:44.145,0.8823,0.88238,1.00,1.00
2017.07.31 08:21:44.767,0.88233,0.8824,1.00,1.50
2017.07.31 08:21:44.819,0.88233,0.88241,1.00,1.31
2017.07.31 08:21:45.321,0.88233,0.88242,1.50,1.00
2017.07.31 08:21:45.373,0.88236,0.88243,1.00,1.00
2017.07.31 08:21:45.577,0.88239,0.88249,1.00,1.50
2017.07.31 08:21:46.552,0.88239,0.88249,1.00,3.19
2017.07.31 08:21:46.654,0.88239,0.88247,1.00,1.12
2017.07.31 08:21:47.582,0.8824,0.88248,1.00,1.50
2017.07.31 08:21:48.063,0.88241,0.88251,1.00,2.25
2017.07.31 08:21:48.166,0.88243,0.8825,1.00,1.00
2017.07.31 08:21:48.217,0.88238,0.88249,2.25,1.12
2017.07.31 08:21:48.269,0.88241,0.88249,1.00,1.12
2017.07.31 08:21:48.422,0.88239,0.88248,1.00,1.00
2017.07.31 08:21:49.097,0.88238,0.88248,1.00,1.50
2017.07.31 08:21:50.159,0.88238,0.88248,1.00,3.00
2017.07.31 08:21:58.048,0.88238,0.88246,1.00,2.25
2017.07.31 08:22:13.443,0.88235,0.88243,1.00,1.00
2017.07.31 08:22:13.972,0.88236,0.88243,1.00,1.12
2017.07.31 08:22:14.616,0.88236,0.88242,1.00,1.00
2017.07.31 08:22:15.128,0.88235,0.88242,1.00,1.00
2017.07.31 08:22:15.631,0.88234,0.88242,1.50,1.00
2017.07.31 08:22:16.151,0.88234,0.88243,1.00,1.12
2017.07.31 08:22:17.133,0.88235,0.88243,1.00,1.12
2017.07.31 08:22:17.580,0.88234,0.8824,1.00,1.00
2017.07.31 08:22:17.707,0.88234,0.88242,1.00,1.12
2017.07.31 08:22:18.689,0.88234,0.88243,1.00,1.50
2017.07.31 08:22:19.295,0.88234,0.88242,1.00,1.00
2017.07.31 08:22:20.814,0.88234,0.88243,1.00,2.25
2017.07.31 08:22:21.902,0.88235,0.88243,1.00,2.25
2017.07.31 08:22:22.518,0.88234,0.88243,1.00,2.25
2017.07.31 08:22:23.662,0.88238,0.88244,1.00,2.25
2017.07.31 08:22:23.917,0.8824,0.88249,1.00,3.75
2017.07.31 08:22:24.071,0.88239,0.88249,1.12,3.00
2017.07.31 08:22:24.682,0.8824,0.88249,1.00,3.00
2017.07.31 08:22:25.233,0.88239,0.88249,1.50,3.00
2017.07.31 08:22:25.775,0.8824,0.88248,1.50,2.62
2017.07.31 08:22:27.715,0.8824,0.88248,1.50,3.00
2017.07.31 08:22:28.468,0.88239,0.88247,1.12,1.00
2017.07.31 08:22:28.853,0.88239,0.88249,1.12,2.62
2017.07.31 08:22:29.161,0.88241,0.88249,1.00,1.12
2017.07.31 08:22:29.986,0.88243,0.88251,1.50,1.00
2017.07.31 08:22:30.525,0.88244,0.88254,1.00,1.69
2017.07.31 08:22:31.066,0.88244,0.88253,1.00,1.12
2017.07.31 08:22:31.580,0.88243,0.88252,1.00,1.50
2017.07.31 08:22:32.396,0.88243,0.88252,1.00,1.69
2017.07.31 08:22:33.881,0.88243,0.8825,1.00,1.00
2017.07.31 08:22:33.934,0.88241,0.8825,1.00,1.25
2017.07.31 08:22:34.529,0.88242,0.8825,1.00,1.69
2017.07.31 08:22:36.681,0.88242,0.8825,1.00,2.44
2017.07.31 08:22:37.038,0.88239,0.88248,1.12,1.12
2017.07.31 08:22:37.931,0.88238,0.88248,1.87,1.12
2017.07.31 08:22:38.295,0.88242,0.88249,1.00,1.31
2017.07.31 08:22:39.589,0.88242,0.8825,1.12,3.19
2017.07.31 08:22:40.225,0.88243,0.8825,1.00,1.00
2017.07.31 08:22:45.017,0.88244,0.8825,1.00,1.00
2017.07.31 08:22:45.120,0.88245,0.88252,1.00,1.25
2017.07.31 08:22:45.702,0.88244,0.88253,1.00,1.87
2017.07.31 08:22:46.664,0.88244,0.88252,1.00,1.00
2017.07.31 08:22:47.091,0.88244,0.88251,1.00,1.37
2017.07.31 08:22:47.664,0.88243,0.88251,1.00,1.50
2017.07.31 08:22:48.284,0.88241,0.88249,1.50,1.50
2017.07.31 08:22:48.716,0.8824,0.88247,1.12,1.00
2017.07.31 08:22:49.217,0.88239,0.88246,1.00,1.00
2017.07.31 08:22:51.871,0.88241,0.88248,1.00,2.25
2017.07.31 08:22:51.974,0.88244,0.88251,1.00,1.87
2017.07.31 08:22:52.025,0.88244,0.88252,1.00,2.25
2017.07.31 08:22:52.531,0.88245,0.88253,1.00,1.50
2017.07.31 08:22:53.065,0.88245,0.88254,1.00,3.00
2017.07.31 08:22:53.575,0.88246,0.88254,1.50,1.00
2017.07.31 08:22:54.119,0.88246,0.88253,1.00,1.00
2017.07.31 08:22:54.325,0.88252,0.88257,1.00,3.00
2017.07.31 08:22:54.427,0.88252,0.88258,1.50,1.50
2017.07.31 08:22:54.479,0.88251,0.88258,1.00,1.25
2017.07.31 08:22:54.734,0.88252,0.88259,1.00,3.37
2017.07.31 08:22:54.836,0.88252,0.8826,1.00,1.00
2017.07.31 08:22:55.349,0.88253,0.88262,1.00,4.31
2017.07.31 08:22:57.253,0.88253,0.88262,1.12,4.31
2017.07.31 08:22:57.723,0.88255,0.88262,1.00,4.12
2017.07.31 08:22:58.232,0.88254,0.88263,1.00,1.00
2017.07.31 08:22:59.463,0.88254,0.88263,1.37,1.25
2017.07.31 08:23:00.020,0.88254,0.88263,1.00,1.25
2017.07.31 08:23:00.336,0.88256,0.88263,1.00,1.25
2017.07.31 08:23:01.847,0.88254,0.88262,1.75,1.50
2017.07.31 08:23:01.899,0.88254,0.88262,1.00,1.50
2017.07.31 08:23:02.001,0.88252,0.88261,1.00,1.25
2017.07.31 08:23:02.053,0.88252,0.88257,1.00,1.00
2017.07.31 08:23:02.104,0.88249,0.88257,1.00,1.50
2017.07.31 08:23:02.625,0.88248,0.88256,1.00,2.25
2017.07.31 08:23:04.200,0.88246,0.88255,1.12,1.00
2017.07.31 08:23:08.976,0.88248,0.88256,1.00,1.00
2017.07.31 08:23:09.523,0.88249,0.88256,1.00,1.00
2017.07.31 08:23:09.837,0.88254,0.88262,1.00,1.50
2017.07.31 08:23:10.378,0.88253,0.88261,1.87,1.00
2017.07.31 08:23:12.603,0.88253,0.88261,1.75,1.00
2017.07.31 08:23:13.391,0.88252,0.88259,1.00,1.00
2017.07.31 08:23:13.443,0.8825,0.88257,1.00,1.00
2017.07.31 08:23:13.965,0.88249,0.88257,1.00,1.87
2017.07.31 08:23:15.955,0.8825,0.88256,1.00,1.00
2017.07.31 08:23:16.527,0.8825,0.88258,1.00,1.87
2017.07.31 08:23:21.881,0.88254,0.8826,1.12,2.25
2017.07.31 08:23:22.089,0.88255,0.88264,2.25,1.50
2017.07.31 08:23:27.260,0.88254,0.88262,1.00,1.25
2017.07.31 08:23:27.364,0.8825,0.88259,1.87,1.00
2017.07.31 08:23:27.416,0.88248,0.88257,1.37,1.00
2017.07.31 08:23:27.519,0.88249,0.88256,1.12,2.25
2017.07.31 08:23:28.074,0.88248,0.88256,1.00,2.25
2017.07.31 08:23:29.015,0.88248,0.88257,1.00,4.69
2017.07.31 08:23:31.065,0.88247,0.88256,1.00,2.25
2017.07.31 08:23:32.832,0.88246,0.88256,1.12,3.00
2017.07.31 08:23:34.409,0.88246,0.88256,1.50,3.00
2017.07.31 08:23:35.918,0.88246,0.88256,1.12,2.25
2017.07.31 08:23:37.009,0.88244,0.88255,1.87,1.37
2017.07.31 08:23:39.505,0.88243,0.88253,2.62,1.00
2017.07.31 08:23:39.607,0.88243,0.88249,1.12,1.00
2017.07.31 08:23:39.659,0.8824,0.88249,2.62,1.00
2017.07.31 08:23:39.710,0.88238,0.88247,1.75,1.00
2017.07.31 08:23:39.952,0.88241,0.8825,1.00,3.75
2017.07.31 08:23:40.462,0.88241,0.8825,1.00,1.12
2017.07.31 08:23:40.833,0.88243,0.88251,1.00,2.44
2017.07.31 08:23:41.058,0.88243,0.88254,1.50,5.81
2017.07.31 08:23:41.110,0.88243,0.88252,1.00,1.00
2017.07.31 08:23:41.355,0.88243,0.88254,1.00,5.06
2017.07.31 08:23:41.559,0.88243,0.88251,1.00,1.00
2017.07.31 08:23:41.712,0.88241,0.88251,1.50,1.00
2017.07.31 08:23:41.763,0.88243,0.88251,1.00,1.50
2017.07.31 08:23:42.355,0.88243,0.88253,1.00,2.06
2017.07.31 08:23:42.661,0.88247,0.88256,1.00,4.31
2017.07.31 08:23:44.575,0.88245,0.88255,1.00,2.81
2017.07.31 08:23:45.097,0.88245,0.88255,1.00,2.44
2017.07.31 08:23:45.523,0.88247,0.88255,1.00,1.69
2017.07.31 08:23:46.556,0.88247,0.88255,1.00,1.25
2017.07.31 08:23:49.038,0.88247,0.88255,1.00,2.06
2017.07.31 08:23:49.293,0.88249,0.88258,1.00,3.94
2017.07.31 08:23:49.612,0.88251,0.88258,1.00,1.50
2017.07.31 08:23:49.663,0.88252,0.88259,1.00,1.00
2017.07.31 08:23:50.178,0.88252,0.8826,1.00,2.81
2017.07.31 08:23:53.682,0.88254,0.88262,1.00,2.06
2017.07.31 08:23:54.123,0.88251,0.8826,1.00,1.31
2017.07.31 08:23:54.783,0.88253,0.88259,1.00,1.00
2017.07.31 08:23:58.665,0.88252,0.88261,1.00,2.62
2017.07.31 08:23:58.767,0.8825,0.88259,1.50,1.25
2017.07.31 08:23:58.869,0.8825,0.88258,1.00,1.31
2017.07.31 08:23:59.192,0.8825,0.88259,1.00,1.00
2017.07.31 08:23:59.295,0.88249,0.88257,1.00,1.87
2017.07.31 08:23:59.448,0.88245,0.88254,1.12,1.25
2017.07.31 08:23:59.499,0.88245,0.88254,1.00,1.69
2017.07.31 08:24:01.227,0.88247,0.88255,1.00,1.75
2017.07.31 08:24:01.329,0.88247,0.88257,1.00,5.06
2017.07.31 08:24:02.440,0.88247,0.88255,1.00,1.50
2017.07.31 08:24:02.491,0.88245,0.88254,1.00,1.37
2017.07.31 08:24:03.971,0.88246,0.88254,1.00,1.37
2017.07.31 08:24:04.907,0.88246,0.88255,1.00,2.81
2017.07.31 08:24:05.010,0.88246,0.88255,1.00,1.62
2017.07.31 08:24:05.586,0.88247,0.88255,1.00,1.37
2017.07.31 08:24:08.598,0.88246,0.88255,1.00,1.56
2017.07.31 08:24:15.358,0.88246,0.88254,1.00,1.69
2017.07.31 08:24:16.198,0.88249,0.88255,1.00,1.94
2017.07.31 08:24:20.776,0.88248,0.88255,1.00,2.44
2017.07.31 08:24:21.319,0.88248,0.88254,1.00,1.25
2017.07.31 08:24:21.870,0.88249,0.88254,1.00,1.25
2017.07.31 08:24:25.718,0.88247,0.88254,1.00,1.25
2017.07.31 08:24:26.332,0.88248,0.88254,1.00,1.25
2017.07.31 08:24:30.437,0.88249,0.88255,1.00,1.00
2017.07.31 08:24:33.239,0.8825,0.88256,1.00,1.31
2017.07.31 08:24:33.342,0.88248,0.88256,1.00,1.31
2017.07.31 08:24:33.711,0.88249,0.88254,1.00,1.00
2017.07.31 08:24:33.919,0.88247,0.88254,1.00,1.50
2017.07.31 08:24:34.425,0.88246,0.88253,1.00,1.12
2017.07.31 08:24:34.977,0.88246,0.88253,1.00,1.87
2017.07.31 08:24:38.757,0.88246,0.88254,1.00,1.87
2017.07.31 08:24:38.860,0.88249,0.88255,1.00,1.37
2017.07.31 08:24:38.912,0.88249,0.88256,1.00,2.81
2017.07.31 08:24:39.494,0.8825,0.88256,1.00,1.31
2017.07.31 08:24:41.292,0.88249,0.88255,1.00,1.00
2017.07.31 08:24:41.343,0.88247,0.88254,1.00,1.00
2017.07.31 08:24:41.854,0.88246,0.88253,1.00,1.12
2017.07.31 08:24:45.150,0.88244,0.88249,1.00,1.00
2017.07.31 08:24:45.726,0.88244,0.88248,1.00,1.00
2017.07.31 08:24:46.332,0.88244,0.8825,1.00,1.12
2017.07.31 08:24:48.121,0.88244,0.88249,1.00,1.00
2017.07.31 08:24:48.173,0.88241,0.88248,1.00,1.12
2017.07.31 08:24:48.275,0.88241,0.88246,1.00,1.00
2017.07.31 08:24:48.479,0.88242,0.88249,1.00,1.50
2017.07.31 08:24:50.171,0.88241,0.88249,1.00,1.37
2017.07.31 08:24:50.670,0.88239,0.88247,1.00,1.25
2017.07.31 08:24:51.243,0.88239,0.88246,1.00,1.87
2017.07.31 08:24:53.244,0.8824,0.88246,1.00,1.00
2017.07.31 08:24:53.979,0.88241,0.88246,1.00,1.00
2017.07.31 08:24:54.522,0.8824,0.88247,1.00,1.12
2017.07.31 08:24:55.024,0.88241,0.88248,1.00,1.69
2017.07.31 08:24:55.228,0.88238,0.88248,1.00,3.19
2017.07.31 08:24:56.440,0.88239,0.88248,1.00,1.69
2017.07.31 08:24:57.263,0.88241,0.88248,1.00,1.69
2017.07.31 08:24:57.416,0.88244,0.88252,1.00,1.25
2017.07.31 08:24:57.467,0.88246,0.88253,1.00,2.06
2017.07.31 08:24:57.947,0.88244,0.88253,1.00,2.06
2017.07.31 08:24:58.305,0.88242,0.88249,1.50,1.12
2017.07.31 08:24:58.809,0.88241,0.88249,1.00,2.81
2017.07.31 08:24:59.599,0.8824,0.88248,1.00,1.87
2017.07.31 08:24:59.904,0.8824,0.88246,1.00,1.00
2017.07.31 08:25:00.476,0.8824,0.88247,1.00,1.00
2017.07.31 08:25:01.000,0.8824,0.88248,1.00,1.87
2017.07.31 08:25:06.885,0.8824,0.88248,1.00,2.62
2017.07.31 08:25:07.450,0.8824,0.88248,1.00,3.00
2017.07.31 08:25:07.775,0.88238,0.88247,1.00,3.19
2017.07.31 08:25:08.117,0.88239,0.88247,1.00,1.75
2017.07.31 08:25:08.270,0.8824,0.88246,1.00,1.00
2017.07.31 08:25:08.780,0.88239,0.88246,1.00,1.00
2017.07.31 08:25:09.562,0.88241,0.88247,1.00,1.00
2017.07.31 08:25:12.912,0.88239,0.88247,1.00,1.00
2017.07.31 08:25:13.948,0.88239,0.88248,1.00,2.25
2017.07.31 08:25:14.153,0.88237,0.88245,1.00,1.00
2017.07.31 08:25:20.391,0.88238,0.88246,1.00,1.31
2017.07.31 08:25:20.995,0.88239,0.88246,1.00,1.25
2017.07.31 08:25:21.121,0.88237,0.88246,1.00,1.25
2017.07.31 08:25:21.789,0.88238,0.88247,1.00,2.06
2017.07.31 08:25:22.298,0.88239,0.88247,1.00,1.69
2017.07.31 08:25:22.350,0.88238,0.88248,1.50,1.25
2017.07.31 08:25:23.082,0.88239,0.88248,1.00,1.69
2017.07.31 08:25:23.800,0.88239,0.88248,1.00,1.69
2017.07.31 08:25:24.342,0.88239,0.88248,1.50,1.25
2017.07.31 08:25:26.201,0.88239,0.88248,1.50,1.69
2017.07.31 08:25:30.191,0.88238,0.88247,1.00,3.56
2017.07.31 08:25:31.422,0.88238,0.88244,1.00,1.00
2017.07.31 08:25:32.150,0.88238,0.88246,1.00,1.50
2017.07.31 08:25:33.489,0.88237,0.88246,1.00,1.50
2017.07.31 08:25:34.222,0.88237,0.88245,1.00,1.00
2017.07.31 08:25:35.997,0.88237,0.88247,1.00,3.37
2017.07.31 08:25:36.218,0.88237,0.88245,1.00,1.00
2017.07.31 08:25:36.979,0.88235,0.88245,1.12,1.00
2017.07.31 08:25:38.890,0.88235,0.88246,1.87,1.50
2017.07.31 08:25:41.158,0.88235,0.88245,1.87,1.00
2017.07.31 08:25:41.209,0.88237,0.88246,1.00,1.00
2017.07.31 08:25:41.516,0.88241,0.8825,1.00,1.12
2017.07.31 08:25:41.947,0.88239,0.8825,1.50,1.31
2017.07.31 08:25:42.480,0.88239,0.88249,1.00,1.00
2017.07.31 08:25:43.787,0.88239,0.88248,1.00,1.00
2017.07.31 08:25:44.313,0.88239,0.88249,1.00,3.00
2017.07.31 08:25:44.824,0.88238,0.88249,1.00,3.00
2017.07.31 08:25:45.352,0.88238,0.88248,1.00,1.00
2017.07.31 08:25:45.857,0.88238,0.88247,1.00,1.00
2017.07.31 08:25:47.042,0.88237,0.88248,1.00,1.50
2017.07.31 08:25:48.080,0.88237,0.88247,1.00,1.00
2017.07.31 08:25:48.779,0.88237,0.88248,1.00,2.25
2017.07.31 08:25:51.476,0.88236,0.88247,1.50,1.00
2017.07.31 08:25:52.342,0.88236,0.88247,1.50,1.50
2017.07.31 08:25:52.880,0.88236,0.88246,1.00,2.06
2017.07.31 08:25:54.107,0.88239,0.88247,1.00,1.62
2017.07.31 08:25:54.158,0.88239,0.88247,1.00,1.31
2017.07.31 08:25:54.826,0.88239,0.88248,1.00,1.31
2017.07.31 08:25:55.530,0.88239,0.88249,1.12,1.69
2017.07.31 08:25:56.080,0.8824,0.88249,1.00,1.31
2017.07.31 08:25:56.535,0.88238,0.88249,1.50,2.06
2017.07.31 08:25:57.410,0.88239,0.88249,1.00,1.31
2017.07.31 08:25:58.380,0.88238,0.88249,1.50,2.06
2017.07.31 08:26:00.391,0.88238,0.88247,1.50,1.00
2017.07.31 08:26:00.952,0.88238,0.88248,1.00,2.25
2017.07.31 08:26:01.476,0.88238,0.88249,1.00,2.81
2017.07.31 08:26:01.939,0.88238,0.88247,1.50,1.00
2017.07.31 08:26:06.078,0.88236,0.88247,1.50,1.25
2017.07.31 08:26:06.783,0.88239,0.88248,1.00,2.06
2017.07.31 08:26:13.852,0.88238,0.88247,1.00,1.00
2017.07.31 08:26:15.535,0.88238,0.88248,1.50,1.31
2017.07.31 08:26:15.944,0.88237,0.88246,1.00,1.00
2017.07.31 08:26:17.565,0.88237,0.88248,1.00,3.37
2017.07.31 08:26:18.074,0.88236,0.88247,2.25,1.00
2017.07.31 08:26:18.620,0.88236,0.88247,1.87,1.12
2017.07.31 08:26:19.732,0.88236,0.88246,1.00,1.00
2017.07.31 08:26:21.026,0.88235,0.88246,1.50,1.00
2017.07.31 08:26:25.998,0.88237,0.88247,1.00,1.50
2017.07.31 08:26:26.507,0.88238,0.88247,1.00,1.50
2017.07.31 08:26:28.412,0.88243,0.8825,1.50,2.25
2017.07.31 08:26:28.566,0.88245,0.88256,1.50,2.44
2017.07.31 08:26:29.417,0.88244,0.88255,1.50,1.31
2017.07.31 08:26:30.142,0.88244,0.88255,1.00,2.81
2017.07.31 08:26:30.843,0.88243,0.88253,2.62,1.00
2017.07.31 08:26:31.995,0.88243,0.88254,1.50,1.31
2017.07.31 08:26:32.423,0.88242,0.88252,1.00,1.25
2017.07.31 08:26:32.972,0.88241,0.88251,1.00,2.44
2017.07.31 08:26:33.678,0.8824,0.8825,2.25,1.00
2017.07.31 08:26:33.985,0.88242,0.8825,1.00,1.00
2017.07.31 08:26:34.487,0.88241,0.88251,1.00,1.69
2017.07.31 08:26:37.039,0.88241,0.8825,1.12,1.00
2017.07.31 08:26:38.141,0.8824,0.8825,2.62,1.00
2017.07.31 08:26:38.687,0.88239,0.88249,2.25,1.69
2017.07.31 08:26:39.271,0.88239,0.88248,1.00,1.00
2017.07.31 08:26:39.810,0.8824,0.88248,1.00,1.00
2017.07.31 08:26:40.345,0.88239,0.88249,1.00,1.25
2017.07.31 08:26:40.914,0.8824,0.88249,1.00,1.25
2017.07.31 08:26:44.068,0.88239,0.88249,1.00,1.69
2017.07.31 08:26:46.840,0.88239,0.88248,2.25,1.00
2017.07.31 08:26:47.577,0.88239,0.88249,2.62,1.69
2017.07.31 08:26:49.180,0.88239,0.88249,3.00,1.25
2017.07.31 08:26:52.484,0.88241,0.8825,1.00,1.31
2017.07.31 08:26:53.086,0.88241,0.8825,1.50,1.31
2017.07.31 08:26:54.888,0.88241,0.88251,1.00,1.87
2017.07.31 08:26:55.601,0.88241,0.8825,1.00,1.00
2017.07.31 08:26:55.907,0.8824,0.88248,1.12,1.00
2017.07.31 08:26:56.676,0.88239,0.8825,2.25,1.00
2017.07.31 08:26:57.468,0.8824,0.8825,1.00,1.00
2017.07.31 08:26:57.996,0.88241,0.88249,1.00,1.00
2017.07.31 08:26:58.526,0.8824,0.88249,1.50,1.00
2017.07.31 08:27:00.114,0.88241,0.88249,1.00,1.00
2017.07.31 08:27:01.784,0.88241,0.8825,1.00,1.12
2017.07.31 08:27:03.976,0.88239,0.8825,2.25,1.12
2017.07.31 08:27:05.243,0.88239,0.88249,2.25,1.00
2017.07.31 08:27:05.818,0.8824,0.8825,1.50,1.12
2017.07.31 08:27:06.325,0.88241,0.8825,1.00,1.00
2017.07.31 08:27:06.826,0.88241,0.88249,1.00,1.00
2017.07.31 08:27:07.728,0.88241,0.8825,1.00,1.12
2017.07.31 08:27:09.441,0.88241,0.88249,1.00,1.00
2017.07.31 08:27:09.966,0.88241,0.8825,1.00,1.50
2017.07.31 08:27:10.338,0.8824,0.88247,1.00,1.00
2017.07.31 08:27:10.491,0.88238,0.88247,1.25,1.00
2017.07.31 08:27:11.022,0.88239,0.8825,1.00,2.25
2017.07.31 08:27:11.124,0.8824,0.8825,1.00,2.25
2017.07.31 08:27:12.083,0.88239,0.8825,1.50,2.62
2017.07.31 08:27:12.338,0.88238,0.88249,1.25,2.62
2017.07.31 08:27:12.697,0.88238,0.88247,1.00,1.50
2017.07.31 08:27:14.617,0.88238,0.88247,1.00,1.37
2017.07.31 08:27:15.622,0.88239,0.88249,1.00,3.75
2017.07.31 08:27:15.726,0.88239,0.8825,1.50,3.37
2017.07.31 08:27:16.102,0.88238,0.88247,1.00,1.50
2017.07.31 08:27:16.619,0.88238,0.88247,1.37,1.50
2017.07.31 08:27:17.154,0.88238,0.88247,1.50,1.50
2017.07.31 08:27:17.663,0.88239,0.88247,1.00,1.50
2017.07.31 08:27:18.603,0.88241,0.88249,1.87,2.62
2017.07.31 08:27:18.808,0.88245,0.88252,1.37,1.50
2017.07.31 08:27:19.336,0.88246,0.88255,1.12,1.50
2017.07.31 08:27:21.628,0.88245,0.88255,1.87,1.87
2017.07.31 08:27:24.119,0.88244,0.88255,3.75,1.87
2017.07.31 08:27:24.680,0.88244,0.88254,3.75,1.00
2017.07.31 08:27:27.046,0.88244,0.88253,3.37,1.00
2017.07.31 08:27:28.708,0.88245,0.88254,1.12,1.00
2017.07.31 08:27:28.759,0.88245,0.88252,1.12,1.00
2017.07.31 08:27:31.662,0.88246,0.88252,1.00,1.00
2017.07.31 08:27:32.664,0.88245,0.88252,1.12,1.00
2017.07.31 08:27:33.714,0.88246,0.88252,1.00,1.00
2017.07.31 08:27:34.432,0.88246,0.88251,1.00,1.00
2017.07.31 08:27:35.350,0.88247,0.88253,1.00,1.00
2017.07.31 08:27:35.657,0.88249,0.88253,1.00,1.00
2017.07.31 08:27:36.194,0.88249,0.88253,1.00,1.00
2017.07.31 08:27:36.298,0.88247,0.88252,1.00,1.00
2017.07.31 08:27:36.822,0.88248,0.88252,1.00,1.00
2017.07.31 08:27:37.438,0.88249,0.88254,1.00,1.00
2017.07.31 08:27:37.539,0.88251,0.88255,1.00,1.00
2017.07.31 08:27:37.846,0.88248,0.88252,1.00,1.00
2017.07.31 08:27:38.573,0.88247,0.88252,1.00,1.00
2017.07.31 08:27:39.119,0.88246,0.88252,1.12,1.00
2017.07.31 08:27:40.626,0.88247,0.88253,1.00,1.00
2017.07.31 08:27:41.325,0.88248,0.88253,1.00,1.00
2017.07.31 08:27:41.988,0.88248,0.88252,1.00,1.00
2017.07.31 08:27:42.434,0.88249,0.88254,1.00,1.00
2017.07.31 08:27:45.135,0.88249,0.88256,1.00,1.00
2017.07.31 08:27:45.688,0.88249,0.88255,1.00,1.00
2017.07.31 08:27:46.196,0.88248,0.88254,1.87,1.00
2017.07.31 08:27:46.247,0.8825,0.88254,1.00,1.00
2017.07.31 08:27:47.034,0.88249,0.88254,1.00,1.00
2017.07.31 08:27:47.631,0.88249,0.88255,1.00,1.00
2017.07.31 08:27:48.139,0.88247,0.88254,1.12,1.00
2017.07.31 08:27:51.305,0.88246,0.88253,1.87,1.00
2017.07.31 08:27:51.458,0.88248,0.88253,1.00,1.00
2017.07.31 08:27:51.985,0.88247,0.88253,1.00,1.00
2017.07.31 08:27:52.529,0.88247,0.88252,1.00,1.00
2017.07.31 08:27:52.976,0.88245,0.8825,1.00,1.00
2017.07.31 08:27:54.910,0.88246,0.88252,1.00,1.00
2017.07.31 08:27:55.013,0.88248,0.88252,1.00,1.00
2017.07.31 08:27:55.387,0.88246,0.88251,1.50,1.00
2017.07.31 08:27:56.262,0.88245,0.88251,1.50,1.00
2017.07.31 08:27:58.935,0.88244,0.88251,1.00,1.00
2017.07.31 08:28:00.342,0.88244,0.88249,1.00,1.00
2017.07.31 08:28:00.866,0.88243,0.88249,1.08,1.00
2017.07.31 08:28:01.400,0.88244,0.8825,1.00,1.00
2017.07.31 08:28:01.669,0.88245,0.88252,1.00,1.00
2017.07.31 08:28:02.031,0.88247,0.88252,1.00,1.00
2017.07.31 08:28:02.535,0.88247,0.88253,1.50,1.00
2017.07.31 08:28:02.841,0.88249,0.88254,1.00,1.00
2017.07.31 08:28:03.665,0.88248,0.88254,1.00,1.00
2017.07.31 08:28:07.290,0.88249,0.88254,1.00,1.00
2017.07.31 08:28:07.792,0.88249,0.88255,1.50,1.00
2017.07.31 08:28:08.270,0.88249,0.88253,1.50,1.00
2017.07.31 08:28:09.125,0.88249,0.88255,1.50,1.00
2017.07.31 08:28:09.639,0.88249,0.88253,1.50,1.00
2017.07.31 08:28:10.154,0.88248,0.88254,2.25,1.00
2017.07.31 08:28:10.769,0.88247,0.88254,3.00,1.00
2017.07.31 08:28:11.453,0.88247,0.88253,3.00,1.00
2017.07.31 08:28:13.604,0.88247,0.88252,1.00,1.00
2017.07.31 08:28:14.133,0.88247,0.88253,1.00,1.00
2017.07.31 08:28:14.439,0.88246,0.88251,1.00,1.00
2017.07.31 08:28:14.950,0.88245,0.88251,1.87,1.00
2017.07.31 08:28:15.466,0.88245,0.8825,1.87,1.00
2017.07.31 08:28:16.051,0.88245,0.88251,1.12,1.00
2017.07.31 08:28:16.759,0.88245,0.8825,1.87,1.00
2017.07.31 08:28:17.014,0.88248,0.88254,1.00,1.00
2017.07.31 08:28:17.523,0.88249,0.88254,1.00,1.00
2017.07.31 08:28:18.061,0.88248,0.88253,1.00,1.00
2017.07.31 08:28:18.367,0.88247,0.88251,1.00,1.00
2017.07.31 08:28:18.520,0.88245,0.88251,2.25,1.00
2017.07.31 08:28:19.019,0.88247,0.88252,1.00,1.00
2017.07.31 08:28:19.539,0.88247,0.88251,1.00,1.00
2017.07.31 08:28:20.773,0.88247,0.88253,1.50,1.00
2017.07.31 08:28:23.013,0.88247,0.88252,1.00,1.00
2017.07.31 08:28:23.962,0.88245,0.88252,1.50,1.00
2017.07.31 08:28:24.268,0.88247,0.88253,1.50,1.00
2017.07.31 08:28:24.319,0.88247,0.88255,1.87,1.00
2017.07.31 08:28:24.472,0.8825,0.88255,1.00,1.00
2017.07.31 08:28:25.014,0.8825,0.88254,1.00,1.00
2017.07.31 08:28:25.933,0.88249,0.88254,1.00,1.00
2017.07.31 08:28:26.035,0.88249,0.88256,1.00,1.00
2017.07.31 08:28:26.491,0.88249,0.88256,2.25,1.00
2017.07.31 08:28:26.793,0.88253,0.88257,1.00,1.00
2017.07.31 08:28:26.845,0.88251,0.88257,1.00,1.00
2017.07.31 08:28:27.522,0.88249,0.88253,1.00,1.00
2017.07.31 08:28:27.676,0.88243,0.88249,2.62,1.00
2017.07.31 08:28:27.881,0.88245,0.88251,1.00,1.12
2017.07.31 08:28:28.767,0.88245,0.88252,1.00,1.00
2017.07.31 08:28:29.329,0.88244,0.88252,1.87,1.00
2017.07.31 08:28:30.917,0.88244,0.88251,1.00,1.00
2017.07.31 08:28:33.395,0.88245,0.88251,1.00,1.00
2017.07.31 08:28:34.574,0.88244,0.88251,1.50,1.00
2017.07.31 08:28:34.719,0.88245,0.88253,1.69,1.00
2017.07.31 08:28:35.260,0.88246,0.88253,1.12,1.00
2017.07.31 08:28:37.381,0.88246,0.88252,1.12,1.00
2017.07.31 08:28:37.893,0.88245,0.88252,1.00,1.00
2017.07.31 08:28:39.115,0.88244,0.88252,1.87,1.00
2017.07.31 08:28:40.627,0.88246,0.88252,1.00,1.00
2017.07.31 08:28:41.261,0.88246,0.88253,1.31,1.00
2017.07.31 08:28:41.770,0.88246,0.88254,2.06,1.00
2017.07.31 08:28:42.647,0.88247,0.88254,1.00,1.00
2017.07.31 08:28:43.371,0.88246,0.88254,2.06,1.00
2017.07.31 08:28:44.359,0.88246,0.88252,1.25,1.00
2017.07.31 08:28:44.878,0.88245,0.88251,1.00,1.00
2017.07.31 08:28:45.762,0.88244,0.88251,1.00,1.00
2017.07.31 08:28:46.297,0.88245,0.88252,1.00,1.00
2017.07.31 08:28:46.806,0.88244,0.88251,1.00,1.00
2017.07.31 08:28:47.319,0.88242,0.88251,2.62,1.00
2017.07.31 08:28:47.897,0.88242,0.88251,1.50,1.00
2017.07.31 08:28:48.434,0.88243,0.88251,1.00,1.00
2017.07.31 08:28:49.382,0.88244,0.88251,1.00,1.00
2017.07.31 08:28:52.338,0.88245,0.88251,1.00,1.00
2017.07.31 08:28:52.799,0.88246,0.88253,1.50,1.00
2017.07.31 08:28:52.902,0.88248,0.88254,1.00,1.00
2017.07.31 08:28:53.273,0.88246,0.88253,1.00,1.00
2017.07.31 08:28:54.200,0.88246,0.88252,1.00,1.00
2017.07.31 08:28:54.251,0.88244,0.88252,1.00,1.00
2017.07.31 08:29:02.133,0.88247,0.88253,1.00,1.00
2017.07.31 08:29:02.235,0.88249,0.88256,1.00,1.12
2017.07.31 08:29:05.204,0.8825,0.88256,1.00,1.00
2017.07.31 08:29:07.231,0.88249,0.88256,1.00,1.00
2017.07.31 08:29:08.052,0.88249,0.88257,2.25,1.00
2017.07.31 08:29:08.178,0.88251,0.88257,1.00,1.00
2017.07.31 08:29:09.388,0.88252,0.88257,1.00,1.00
2017.07.31 08:29:10.386,0.88251,0.88257,2.25,1.00
2017.07.31 08:29:10.796,0.88251,0.88257,3.75,1.00
2017.07.31 08:29:11.056,0.88255,0.88262,1.12,1.00
2017.07.31 08:29:11.579,0.88256,0.88263,1.00,1.00
2017.07.31 08:29:11.732,0.88255,0.88261,2.62,1.00
2017.07.31 08:29:11.987,0.88254,0.88261,1.12,1.00
2017.07.31 08:29:12.497,0.88254,0.88262,1.00,1.00
2017.07.31 08:29:14.626,0.88254,0.88261,1.00,1.00
2017.07.31 08:29:15.011,0.88252,0.88259,1.50,1.00
2017.07.31 08:29:15.324,0.88252,0.88257,1.37,1.00
2017.07.31 08:29:16.181,0.88252,0.88257,1.00,1.00
2017.07.31 08:29:16.857,0.88251,0.88257,1.87,1.00
2017.07.31 08:29:19.227,0.8825,0.88257,1.50,1.00
2017.07.31 08:29:20.778,0.88249,0.88257,1.87,1.00
2017.07.31 08:29:21.292,0.88249,0.88255,1.12,1.00
2017.07.31 08:29:25.620,0.88249,0.88255,1.50,1.00
2017.07.31 08:29:26.135,0.88249,0.88255,1.00,1.00
2017.07.31 08:29:29.245,0.88248,0.88254,1.00,1.00
2017.07.31 08:29:29.347,0.88246,0.88253,2.25,1.00
2017.07.31 08:29:29.629,0.88245,0.88251,2.25,1.00
2017.07.31 08:29:36.874,0.88245,0.88253,1.50,1.00
2017.07.31 08:29:37.575,0.88246,0.88253,1.00,1.00
2017.07.31 08:29:38.184,0.88246,0.88254,1.87,1.00
2017.07.31 08:29:38.711,0.88246,0.88254,3.00,1.00
2017.07.31 08:29:39.056,0.88244,0.88253,4.50,1.00
2017.07.31 08:29:39.705,0.88244,0.88252,3.75,1.00
2017.07.31 08:29:40.954,0.88246,0.88252,1.00,1.00
2017.07.31 08:29:41.612,0.88246,0.88253,1.00,1.00
2017.07.31 08:29:42.137,0.88247,0.88253,1.00,1.00
2017.07.31 08:29:42.788,0.88249,0.88254,1.00,1.00
2017.07.31 08:29:42.941,0.88247,0.88254,1.12,1.00
2017.07.31 08:29:43.043,0.88246,0.88252,2.25,1.00
2017.07.31 08:29:43.551,0.88246,0.88253,1.50,1.00
2017.07.31 08:29:44.180,0.88245,0.88253,1.00,1.00
2017.07.31 08:29:46.771,0.88246,0.88253,1.00,1.00
2017.07.31 08:29:47.287,0.88247,0.88253,1.00,1.00
2017.07.31 08:29:47.805,0.88249,0.88255,1.00,1.00
2017.07.31 08:29:48.317,0.88247,0.88256,1.00,1.00
2017.07.31 08:29:48.368,0.88248,0.88254,1.00,1.00
2017.07.31 08:29:48.748,0.88249,0.88255,1.50,1.00
2017.07.31 08:29:48.800,0.88249,0.88254,1.00,1.00
2017.07.31 08:29:49.976,0.88249,0.88256,1.50,1.00
2017.07.31 08:29:50.506,0.8825,0.88255,1.00,1.00
2017.07.31 08:29:50.784,0.88248,0.88255,1.00,1.00
2017.07.31 08:29:51.383,0.88249,0.88255,1.00,1.00
2017.07.31 08:29:52.547,0.88248,0.88255,1.00,1.00
2017.07.31 08:29:53.062,0.88249,0.88255,1.00,1.00
2017.07.31 08:29:53.623,0.88248,0.88256,1.50,1.00
2017.07.31 08:29:57.287,0.88248,0.88255,1.00,1.00
2017.07.31 08:29:58.093,0.88248,0.88256,1.00,1.00
2017.07.31 08:30:09.417,0.88249,0.88256,1.00,1.00
2017.07.31 08:30:10.116,0.8825,0.88256,1.00,1.00
2017.07.31 08:30:11.328,0.88251,0.88256,1.00,1.00
2017.07.31 08:30:11.379,0.88251,0.88258,1.00,1.00
2017.07.31 08:30:11.956,0.8825,0.88257,1.12,1.00
2017.07.31 08:30:12.008,0.88247,0.88255,6.00,1.00
2017.07.31 08:30:12.163,0.88245,0.88253,1.87,1.00
2017.07.31 08:30:12.527,0.88242,0.8825,1.50,1.00
2017.07.31 08:30:12.886,0.88243,0.88253,1.87,1.87
2017.07.31 08:30:13.396,0.88244,0.88252,1.12,1.00
2017.07.31 08:30:13.942,0.88244,0.8825,1.00,1.00
2017.07.31 08:30:14.353,0.88242,0.8825,2.25,1.00
2017.07.31 08:30:14.738,0.88242,0.88248,1.00,1.00
2017.07.31 08:30:15.251,0.88241,0.88248,1.00,1.00
2017.07.31 08:30:16.027,0.8824,0.88248,2.25,1.00
2017.07.31 08:30:20.405,0.8824,0.88249,1.00,1.00
2017.07.31 08:30:21.037,0.8824,0.88248,1.00,1.00
2017.07.31 08:30:21.974,0.88241,0.88248,1.00,1.00
2017.07.31 08:30:22.591,0.88242,0.88248,1.00,1.00
2017.07.31 08:30:22.773,0.8824,0.88248,1.12,1.00
2017.07.31 08:30:23.579,0.88241,0.88248,1.00,1.00
2017.07.31 08:30:24.532,0.8824,0.88248,1.87,1.00
2017.07.31 08:30:24.584,0.88242,0.88248,1.00,1.00
2017.07.31 08:30:24.954,0.8824,0.88248,1.50,1.00
2017.07.31 08:30:25.086,0.88242,0.88248,1.00,1.00
2017.07.31 08:30:25.523,0.8824,0.88248,2.25,1.00
2017.07.31 08:30:26.053,0.88242,0.88248,1.00,1.00
2017.07.31 08:30:26.579,0.8824,0.88248,2.25,1.00
2017.07.31 08:30:27.399,0.8824,0.8825,2.62,1.00
2017.07.31 08:30:30.034,0.8824,0.8825,2.81,1.00
2017.07.31 08:30:35.172,0.8824,0.8825,1.37,1.87
2017.07.31 08:30:35.328,0.88239,0.88249,1.25,1.12
2017.07.31 08:30:36.055,0.88238,0.88248,2.44,1.00
2017.07.31 08:30:36.585,0.88238,0.88248,2.44,1.00
2017.07.31 08:30:36.636,0.8824,0.88248,1.00,1.00
2017.07.31 08:30:37.586,0.88239,0.88248,1.00,1.00
2017.07.31 08:30:38.990,0.8824,0.88248,1.00,1.00
2017.07.31 08:30:41.482,0.88239,0.88248,1.00,1.00
2017.07.31 08:30:43.015,0.8824,0.88248,1.00,1.00
2017.07.31 08:30:45.918,0.88238,0.88248,1.31,1.00
2017.07.31 08:30:46.447,0.88237,0.88247,1.50,1.50
2017.07.31 08:30:46.498,0.88237,0.88245,1.00,1.00
2017.07.31 08:30:47.046,0.88236,0.88245,1.87,1.00
2017.07.31 08:30:48.376,0.88235,0.88245,1.69,1.00
2017.07.31 08:30:48.953,0.88235,0.88243,1.25,1.00
2017.07.31 08:30:49.465,0.88236,0.88243,1.00,1.00
2017.07.31 08:30:50.204,0.88235,0.88243,1.31,1.00
2017.07.31 08:30:50.994,0.88236,0.88243,1.00,1.00
2017.07.31 08:30:51.887,0.88235,0.88243,1.31,1.00
2017.07.31 08:30:52.191,0.88237,0.88243,1.00,1.00
2017.07.31 08:30:52.770,0.88236,0.88244,1.00,1.00
2017.07.31 08:30:53.624,0.88235,0.88244,1.31,1.00
2017.07.31 08:30:54.237,0.88234,0.88244,3.94,1.00
2017.07.31 08:30:54.779,0.88234,0.88244,1.69,1.00
2017.07.31 08:30:55.846,0.88234,0.88244,1.50,1.00
2017.07.31 08:30:57.821,0.88234,0.88243,1.50,1.00
2017.07.31 08:31:01.401,0.88235,0.88246,1.69,1.00
2017.07.31 08:31:01.936,0.88237,0.88247,1.00,1.00
2017.07.31 08:31:02.447,0.88238,0.88248,1.00,1.00
2017.07.31 08:31:03.921,0.88238,0.88247,1.50,1.00
2017.07.31 08:31:04.150,0.8824,0.88249,1.00,2.25
2017.07.31 08:31:08.854,0.88239,0.88249,1.25,1.87
2017.07.31 08:31:14.582,0.88241,0.88249,1.00,1.00
2017.07.31 08:31:15.608,0.88241,0.8825,1.00,1.12
2017.07.31 08:31:16.316,0.88241,0.88249,1.00,1.00
2017.07.31 08:31:17.466,0.8824,0.88249,1.50,1.00
2017.07.31 08:31:18.059,0.88242,0.8825,1.00,1.12
2017.07.31 08:31:18.799,0.88243,0.88251,1.00,1.50
2017.07.31 08:31:18.901,0.88243,0.88253,1.50,1.87
2017.07.31 08:31:18.953,0.88245,0.88253,1.50,1.00
2017.07.31 08:31:19.478,0.88245,0.88254,1.50,1.12
2017.07.31 08:31:21.571,0.88246,0.88254,1.00,1.12
2017.07.31 08:31:22.093,0.88245,0.88253,1.00,1.00
2017.07.31 08:31:23.544,0.88244,0.88253,1.25,1.00
2017.07.31 08:31:23.851,0.88243,0.88251,1.00,1.00
2017.07.31 08:31:26.008,0.88242,0.88251,1.00,1.00
2017.07.31 08:31:27.627,0.88241,0.88251,1.69,1.50
2017.07.31 08:31:29.151,0.88243,0.88251,1.00,1.50
2017.07.31 08:31:29.731,0.88241,0.88251,1.50,1.50
2017.07.31 08:31:30.280,0.88242,0.88251,1.00,1.50
2017.07.31 08:31:31.027,0.88242,0.8825,1.00,1.00
2017.07.31 08:31:31.129,0.88242,0.88252,1.00,1.87
2017.07.31 08:31:31.231,0.88242,0.8825,1.00,1.00
2017.07.31 08:31:34.485,0.88242,0.88249,1.00,1.00
2017.07.31 08:31:35.495,0.88242,0.8825,1.00,1.00
2017.07.31 08:31:36.244,0.88241,0.8825,1.00,1.00
2017.07.31 08:31:41.401,0.88241,0.88251,1.50,1.00
2017.07.31 08:31:42.580,0.88241,0.88252,1.50,1.12
2017.07.31 08:31:43.373,0.88241,0.88251,1.00,1.00
2017.07.31 08:31:45.461,0.88243,0.88251,1.00,1.50
2017.07.31 08:31:46.413,0.88241,0.88251,1.50,1.00
2017.07.31 08:31:49.389,0.88242,0.8825,1.00,1.00
2017.07.31 08:31:50.382,0.88242,0.88251,1.00,1.50
2017.07.31 08:31:50.932,0.88241,0.88251,1.50,1.50
2017.07.31 08:31:51.738,0.8824,0.8825,1.25,1.50
2017.07.31 08:31:51.945,0.88239,0.88249,1.12,1.87
2017.07.31 08:31:52.252,0.88241,0.88249,1.00,1.00
2017.07.31 08:31:53.432,0.88241,0.8825,1.00,1.87
2017.07.31 08:31:54.775,0.88241,0.88249,1.00,1.00
2017.07.31 08:32:01.907,0.88242,0.8825,1.00,1.12
2017.07.31 08:32:02.462,0.88241,0.8825,1.12,1.12
2017.07.31 08:32:02.878,0.88243,0.8825,1.00,1.12
2017.07.31 08:32:04.569,0.88241,0.8825,1.12,1.12
2017.07.31 08:32:05.854,0.88241,0.88249,1.00,1.00
2017.07.31 08:32:06.864,0.88241,0.8825,1.00,1.87
2017.07.31 08:32:07.071,0.88243,0.88252,1.00,1.37
2017.07.31 08:32:07.125,0.88242,0.88252,2.25,1.00
2017.07.31 08:32:07.432,0.8824,0.88251,3.00,1.00
2017.07.31 08:32:08.641,0.8824,0.88251,3.00,1.50
2017.07.31 08:32:09.130,0.88242,0.88251,1.00,1.12
2017.07.31 08:32:09.507,0.88245,0.88253,1.00,2.25
2017.07.31 08:32:09.611,0.88245,0.88253,1.00,1.50
2017.07.31 08:32:10.232,0.88245,0.88255,1.00,1.87
2017.07.31 08:32:10.461,0.88248,0.88257,1.00,4.12
2017.07.31 08:32:10.513,0.88248,0.88256,1.00,1.12
2017.07.31 08:32:11.022,0.88248,0.88258,1.00,3.00
2017.07.31 08:32:11.175,0.88248,0.88258,1.00,5.62
2017.07.31 08:32:11.226,0.88246,0.88255,2.62,1.00
2017.07.31 08:32:11.277,0.88248,0.88255,1.00,1.00
2017.07.31 08:32:11.791,0.88247,0.88255,1.00,1.00
2017.07.31 08:32:12.777,0.88246,0.88255,1.12,1.00
2017.07.31 08:32:15.555,0.8825,0.88255,1.00,1.00
2017.07.31 08:32:15.708,0.88253,0.8826,1.00,2.62
2017.07.31 08:32:15.810,0.88256,0.8826,1.00,1.00
2017.07.31 08:32:15.963,0.88256,0.88265,1.00,1.50
2017.07.31 08:32:16.854,0.88257,0.88266,1.00,1.50
2017.07.31 08:32:17.386,0.88256,0.88266,1.00,1.50
2017.07.31 08:32:17.540,0.88256,0.88265,1.00,1.37
2017.07.31 08:32:18.808,0.88258,0.88267,1.50,6.22
2017.07.31 08:32:18.860,0.88258,0.88267,1.50,2.25
2017.07.31 08:32:19.509,0.88259,0.88267,1.00,1.50
2017.07.31 08:32:19.968,0.88259,0.8827,1.00,2.62
2017.07.31 08:32:20.433,0.88257,0.88268,1.50,1.37
2017.07.31 08:32:21.004,0.88258,0.88268,1.00,1.50
2017.07.31 08:32:22.286,0.88257,0.88269,2.25,1.75
2017.07.31 08:32:22.490,0.88259,0.88269,1.00,2.25
2017.07.31 08:32:23.755,0.88259,0.88269,1.00,3.00
2017.07.31 08:32:26.315,0.88259,0.88269,1.00,1.87
2017.07.31 08:32:28.456,0.88263,0.88271,1.12,1.87
2017.07.31 08:32:28.609,0.88264,0.88274,1.00,1.00
2017.07.31 08:32:29.160,0.88265,0.88274,1.00,1.00
2017.07.31 08:32:29.796,0.88266,0.88274,1.00,1.00
2017.07.31 08:32:30.356,0.88266,0.88275,1.00,1.00
2017.07.31 08:32:31.083,0.88267,0.88275,1.12,1.00
2017.07.31 08:32:31.188,0.88269,0.88275,1.00,1.00
2017.07.31 08:32:31.729,0.88268,0.88277,1.00,1.37
2017.07.31 08:32:32.599,0.88267,0.88277,1.50,1.37
2017.07.31 08:32:33.103,0.88268,0.88277,1.00,1.37
2017.07.31 08:32:34.502,0.88267,0.88277,1.50,1.37
2017.07.31 08:32:35.169,0.88267,0.88277,1.00,1.12
2017.07.31 08:32:36.119,0.88267,0.88278,1.69,1.37
2017.07.31 08:32:36.398,0.8827,0.8828,1.69,1.00
2017.07.31 08:32:36.450,0.88272,0.88281,1.00,1.00
2017.07.31 08:32:38.015,0.88271,0.88281,2.81,1.00
2017.07.31 08:32:38.526,0.88271,0.8828,2.81,1.00
2017.07.31 08:32:39.215,0.8827,0.8828,1.00,1.50
2017.07.31 08:32:39.717,0.8827,0.88279,1.00,1.00
2017.07.31 08:32:40.023,0.88268,0.88276,1.00,1.00
2017.07.31 08:32:40.126,0.88266,0.88277,1.87,1.35
2017.07.31 08:32:40.272,0.88268,0.88278,1.12,1.00
2017.07.31 08:32:40.992,0.8827,0.88278,1.00,1.00
2017.07.31 08:32:41.593,0.8827,0.88279,1.00,1.12
2017.07.31 08:32:43.030,0.8827,0.8828,1.00,1.87
2017.07.31 08:32:44.102,0.88268,0.8828,3.75,1.87
2017.07.31 08:32:44.206,0.88268,0.88276,1.00,1.12
2017.07.31 08:32:44.385,0.88262,0.88273,3.19,1.50
2017.07.31 08:32:44.488,0.88262,0.88273,2.25,1.50
2017.07.31 08:32:44.692,0.88262,0.88271,2.25,1.00
2017.07.31 08:32:44.896,0.88262,0.88273,2.25,1.50
2017.07.31 08:32:44.949,0.88264,0.88271,1.00,1.00
2017.07.31 08:32:45.154,0.8826,0.88268,1.00,1.00
2017.07.31 08:32:45.735,0.8826,0.88269,1.00,1.00
2017.07.31 08:32:45.838,0.88259,0.88267,3.56,1.00
2017.07.31 08:32:46.703,0.88257,0.88267,1.31,1.00
2017.07.31 08:32:50.118,0.88259,0.88267,1.00,1.00
2017.07.31 08:32:50.698,0.88257,0.88268,1.31,1.12
2017.07.31 08:32:52.512,0.88256,0.88267,1.31,1.00
2017.07.31 08:32:53.036,0.88256,0.88267,1.19,1.37
2017.07.31 08:32:55.757,0.88255,0.88266,1.69,1.12
2017.07.31 08:32:55.808,0.88255,0.88264,1.69,1.00
2017.07.31 08:32:56.113,0.88256,0.88264,1.19,1.00
2017.07.31 08:32:56.657,0.88256,0.88266,1.69,1.50
2017.07.31 08:32:58.381,0.88256,0.88265,1.00,1.12
2017.07.31 08:32:58.683,0.88258,0.88267,1.00,2.25
2017.07.31 08:32:59.336,0.88257,0.88267,1.50,1.75
2017.07.31 08:33:01.224,0.88257,0.88268,3.00,1.75
2017.07.31 08:33:01.276,0.88259,0.88269,2.25,1.87
2017.07.31 08:33:01.328,0.8826,0.8827,1.00,1.00
2017.07.31 08:33:02.339,0.88259,0.88269,1.00,1.00
2017.07.31 08:33:02.901,0.88258,0.88268,1.12,1.00
2017.07.31 08:33:03.293,0.88258,0.88267,1.12,1.37
2017.07.31 08:33:03.801,0.88257,0.88267,1.50,1.37
2017.07.31 08:33:04.106,0.88259,0.88269,1.00,2.25
2017.07.31 08:33:04.634,0.8826,0.8827,1.00,1.12
2017.07.31 08:33:05.199,0.8826,0.88269,1.00,1.12
2017.07.31 08:33:05.744,0.88259,0.88269,1.50,1.12
2017.07.31 08:33:06.295,0.8826,0.88269,1.00,1.12
2017.07.31 08:33:07.113,0.8826,0.8827,1.00,2.25
2017.07.31 08:33:07.215,0.8826,0.8827,1.00,1.50
2017.07.31 08:33:07.773,0.88259,0.8827,1.00,3.00
2017.07.31 08:33:08.118,0.88259,0.88269,1.00,1.75
2017.07.31 08:33:08.222,0.88259,0.8827,1.00,3.00
2017.07.31 08:33:13.132,0.88257,0.88267,3.00,1.00
2017.07.31 08:33:14.249,0.88257,0.88268,2.25,1.50
2017.07.31 08:33:14.865,0.88257,0.88269,2.25,2.25
2017.07.31 08:33:15.900,0.88259,0.88269,1.00,2.25
2017.07.31 08:33:16.456,0.88258,0.88269,1.00,1.50
2017.07.31 08:33:17.020,0.88257,0.88269,2.25,2.25
2017.07.31 08:33:17.633,0.88257,0.88268,1.50,1.00
2017.07.31 08:33:18.194,0.88258,0.88268,1.00,1.00
2017.07.31 08:33:18.805,0.88258,0.88268,1.00,1.37
2017.07.31 08:33:19.332,0.88257,0.88268,1.50,1.50
2017.07.31 08:33:19.856,0.88258,0.88267,1.00,2.62
2017.07.31 08:33:20.166,0.88251,0.8826,1.62,1.00
2017.07.31 08:33:20.269,0.8825,0.8826,1.56,1.87
2017.07.31 08:33:20.798,0.8825,0.8826,1.00,3.00
2017.07.31 08:33:21.411,0.88247,0.88259,3.56,2.25
2017.07.31 08:33:21.513,0.88247,0.88258,1.87,1.37
2017.07.31 08:33:22.018,0.88246,0.88257,1.00,1.00
2017.07.31 08:33:23.160,0.88246,0.88257,1.00,1.37
2017.07.31 08:33:23.466,0.88246,0.88254,1.00,1.00
2017.07.31 08:33:26.389,0.88247,0.88254,1.00,1.00
2017.07.31 08:33:26.739,0.88248,0.88256,1.00,1.00
2017.07.31 08:33:27.279,0.88248,0.88257,1.00,1.00
2017.07.31 08:33:28.281,0.88249,0.88257,1.00,1.00
2017.07.31 08:33:28.798,0.88248,0.88257,1.00,1.00
2017.07.31 08:33:29.279,0.88248,0.88259,1.00,1.50
2017.07.31 08:33:30.305,0.88248,0.88259,1.12,1.37
2017.07.31 08:33:31.186,0.88247,0.88257,2.25,1.00
2017.07.31 08:33:31.692,0.88248,0.88257,1.00,1.00
2017.07.31 08:33:32.225,0.88249,0.88258,1.00,1.12
2017.07.31 08:33:32.773,0.8825,0.88259,1.12,1.00
2017.07.31 08:33:33.278,0.88252,0.88261,1.00,1.00
2017.07.31 08:33:33.584,0.88256,0.88264,1.12,1.50
2017.07.31 08:33:34.987,0.88254,0.88265,1.50,3.00
2017.07.31 08:33:35.089,0.88254,0.88264,1.12,1.50
2017.07.31 08:33:35.569,0.88252,0.88262,4.12,1.00
2017.07.31 08:33:36.434,0.8825,0.88258,2.25,1.00
2017.07.31 08:33:36.486,0.8825,0.88258,1.00,1.50
2017.07.31 08:33:36.589,0.88246,0.88258,3.56,2.62
2017.07.31 08:33:37.833,0.88247,0.88257,1.00,1.12
2017.07.31 08:33:39.281,0.88248,0.88257,1.00,1.12
2017.07.31 08:33:39.981,0.88247,0.88257,1.00,1.12
2017.07.31 08:33:40.184,0.88249,0.88257,1.00,1.12
2017.07.31 08:33:40.490,0.8825,0.88261,1.00,3.00
2017.07.31 08:33:41.000,0.88249,0.88259,1.00,2.25
2017.07.31 08:33:43.179,0.88247,0.88259,1.50,3.00
2017.07.31 08:33:46.402,0.88247,0.88257,1.25,1.00
2017.07.31 08:33:47.210,0.88249,0.88259,1.00,2.25
2017.07.31 08:33:47.515,0.88251,0.88259,1.00,1.00
2017.07.31 08:33:48.506,0.88248,0.88259,1.00,1.50
2017.07.31 08:33:49.045,0.88248,0.88258,1.00,1.50
2017.07.31 08:33:49.258,0.88248,0.88256,1.00,1.00
2017.07.31 08:33:52.780,0.88247,0.88256,1.31,1.00
2017.07.31 08:33:53.795,0.88248,0.88257,1.00,1.00
2017.07.31 08:33:54.405,0.88248,0.88258,1.00,1.87
2017.07.31 08:33:55.225,0.88248,0.88257,1.00,1.00
2017.07.31 08:33:55.632,0.88246,0.88257,1.50,1.87
2017.07.31 08:33:55.734,0.88246,0.88257,1.00,2.25
2017.07.31 08:33:56.314,0.88247,0.88258,1.00,2.25
2017.07.31 08:34:02.441,0.88246,0.88256,1.00,1.12
2017.07.31 08:34:06.489,0.88247,0.88258,1.00,1.50
2017.07.31 08:34:06.611,0.88249,0.88259,1.00,4.50
2017.07.31 08:34:07.041,0.88249,0.8826,1.50,2.62
2017.07.31 08:34:07.092,0.88249,0.8826,1.50,1.50
2017.07.31 08:34:07.194,0.88251,0.88261,1.00,3.00
2017.07.31 08:34:07.297,0.88252,0.88262,1.00,2.25
2017.07.31 08:34:07.828,0.88253,0.88262,1.00,1.00
2017.07.31 08:34:08.402,0.88253,0.88263,1.00,1.00
2017.07.31 08:34:09.627,0.88254,0.88264,1.00,5.10
2017.07.31 08:34:10.130,0.88255,0.88263,1.00,1.50
2017.07.31 08:34:11.583,0.88255,0.88264,1.00,1.00
2017.07.31 08:34:12.138,0.88255,0.88265,1.00,1.00
2017.07.31 08:34:12.931,0.88255,0.88266,1.50,1.12
2017.07.31 08:34:14.399,0.88255,0.88265,1.00,1.00
2017.07.31 08:34:17.759,0.88254,0.88265,1.00,1.87
2017.07.31 08:34:22.665,0.88253,0.88264,1.87,1.25
2017.07.31 08:34:23.907,0.88254,0.88263,1.00,1.00
2017.07.31 08:34:27.901,0.88254,0.88265,1.00,2.06
2017.07.31 08:34:28.582,0.88255,0.88264,1.00,1.00
2017.07.31 08:34:28.633,0.88253,0.88264,1.87,1.00
2017.07.31 08:34:29.321,0.88254,0.88265,1.00,2.06
2017.07.31 08:34:29.980,0.88254,0.88264,1.00,1.00
2017.07.31 08:34:30.537,0.88253,0.88264,1.87,1.50
2017.07.31 08:34:31.636,0.88253,0.88265,2.25,2.06
2017.07.31 08:34:32.377,0.88253,0.88264,2.25,1.00
2017.07.31 08:34:33.428,0.88254,0.88265,1.00,2.06
2017.07.31 08:34:34.739,0.88253,0.88264,2.25,1.00
2017.07.31 08:34:35.710,0.88254,0.88265,1.12,2.06
2017.07.31 08:34:36.678,0.88255,0.88264,1.00,1.00
2017.07.31 08:34:37.283,0.88254,0.88265,1.87,1.31
2017.07.31 08:34:37.945,0.88253,0.88264,2.25,1.00
2017.07.31 08:34:39.167,0.88254,0.88264,1.00,1.00
2017.07.31 08:34:40.160,0.88253,0.88264,2.25,1.00
2017.07.31 08:34:42.631,0.88254,0.88264,1.00,1.00
2017.07.31 08:34:43.669,0.88254,0.88265,1.00,2.44
2017.07.31 08:34:47.154,0.88253,0.88264,1.50,1.00
2017.07.31 08:34:47.706,0.88254,0.88264,1.00,1.50
2017.07.31 08:34:48.416,0.88254,0.88262,1.50,1.00
2017.07.31 08:34:48.671,0.88252,0.88263,1.12,3.00
2017.07.31 08:34:49.128,0.88254,0.88264,1.00,4.50
2017.07.31 08:34:49.552,0.88254,0.88263,1.00,1.87
2017.07.31 08:34:50.053,0.88253,0.88262,1.50,1.12
2017.07.31 08:34:50.850,0.88253,0.88261,1.00,1.00
2017.07.31 08:34:51.113,0.88251,0.88261,1.50,1.50
2017.07.31 08:34:51.636,0.88251,0.88261,1.00,1.87
2017.07.31 08:34:53.878,0.88251,0.88259,1.00,1.00
2017.07.31 08:34:58.068,0.88251,0.8826,1.00,1.00
2017.07.31 08:34:58.609,0.88251,0.88261,1.00,1.50
2017.07.31 08:34:59.126,0.88251,0.88261,1.00,2.25
2017.07.31 08:35:02.971,0.8825,0.88261,1.00,2.25
2017.07.31 08:35:03.022,0.88254,0.88262,1.00,2.25
2017.07.31 08:35:03.176,0.88253,0.88263,1.50,2.62
2017.07.31 08:35:03.680,0.88252,0.88262,1.87,1.00
2017.07.31 08:35:06.840,0.88252,0.88261,1.12,1.00
2017.07.31 08:35:07.348,0.88252,0.88262,1.12,1.00
2017.07.31 08:35:07.981,0.88252,0.88263,1.50,1.12
2017.07.31 08:35:11.888,0.88252,0.88261,1.50,1.00
2017.07.31 08:35:13.359,0.88252,0.88262,1.50,1.00
2017.07.31 08:35:15.882,0.88252,0.88263,1.50,2.25
2017.07.31 08:35:16.713,0.88254,0.88263,1.00,2.25
2017.07.31 08:35:17.217,0.88254,0.88262,1.50,1.00
2017.07.31 08:35:20.913,0.88253,0.88262,1.00,1.00
2017.07.31 08:35:22.916,0.88251,0.88261,1.87,1.00
2017.07.31 08:35:24.034,0.88252,0.8826,1.00,1.00
2017.07.31 08:35:24.441,0.8825,0.88259,1.50,1.00
2017.07.31 08:35:24.993,0.8825,0.88258,1.00,1.00
2017.07.31 08:35:25.949,0.88251,0.88259,1.00,1.50
2017.07.31 08:35:30.084,0.88251,0.8826,1.00,1.50
2017.07.31 08:35:31.733,0.88251,0.88259,1.00,1.00
2017.07.31 08:35:32.727,0.88251,0.8826,1.00,1.00
2017.07.31 08:35:33.230,0.8825,0.8826,2.25,1.50
2017.07.31 08:35:34.003,0.88251,0.8826,1.00,1.50
2017.07.31 08:35:37.943,0.88251,0.88261,1.50,2.62
2017.07.31 08:35:43.847,0.88251,0.88262,1.50,2.44
2017.07.31 08:35:44.273,0.88253,0.88261,1.00,1.00
2017.07.31 08:35:44.677,0.88253,0.88263,1.50,2.25
2017.07.31 08:35:46.156,0.88254,0.88263,1.00,1.12
2017.07.31 08:35:46.684,0.88254,0.88263,1.00,1.50
2017.07.31 08:35:47.653,0.88253,0.88263,2.25,1.50
2017.07.31 08:35:50.009,0.88253,0.88263,1.50,1.87
2017.07.31 08:35:50.530,0.88254,0.88263,1.00,1.12
2017.07.31 08:35:50.938,0.88256,0.88264,1.50,1.87
2017.07.31 08:35:51.488,0.88257,0.88264,1.00,1.69
2017.07.31 08:35:59.132,0.88255,0.88264,1.50,2.06
2017.07.31 08:36:04.880,0.88255,0.88264,1.00,3.19
2017.07.31 08:36:09.496,0.88255,0.88264,1.00,1.31
2017.07.31 08:36:10.288,0.88256,0.88264,1.00,1.31
2017.07.31 08:36:11.312,0.88256,0.88264,1.00,1.69
2017.07.31 08:36:12.835,0.88256,0.88264,1.00,1.25
2017.07.31 08:36:12.886,0.88258,0.88265,1.00,2.81
2017.07.31 08:36:13.552,0.88258,0.88266,1.00,3.79
2017.07.31 08:36:14.711,0.88257,0.88264,1.00,1.00
2017.07.31 08:36:15.018,0.8826,0.88265,1.00,1.31
2017.07.31 08:36:15.538,0.88259,0.88266,1.00,1.50
2017.07.31 08:36:16.138,0.88259,0.88266,1.00,1.12
2017.07.31 08:36:16.671,0.8826,0.88267,1.00,1.25
2017.07.31 08:36:17.525,0.88262,0.88268,1.00,2.44
2017.07.31 08:36:23.444,0.8826,0.88264,1.00,1.00
2017.07.31 08:36:23.546,0.88257,0.88266,1.00,2.06
2017.07.31 08:36:23.598,0.88259,0.88264,1.00,1.00
2017.07.31 08:36:24.128,0.88258,0.88265,1.00,1.75
2017.07.31 08:36:25.775,0.88257,0.88265,1.00,1.75
2017.07.31 08:36:26.471,0.88258,0.88263,1.00,1.12
2017.07.31 08:36:26.947,0.88259,0.88265,1.00,1.00
2017.07.31 08:36:27.460,0.88258,0.88266,1.00,1.00
2017.07.31 08:36:28.061,0.8826,0.88267,1.00,1.37
2017.07.31 08:36:28.367,0.88262,0.8827,1.00,1.87
2017.07.31 08:36:28.774,0.88264,0.8827,1.00,1.87
2017.07.31 08:36:30.566,0.88264,0.8827,1.00,1.50
2017.07.31 08:36:31.094,0.88264,0.88269,1.00,1.00
2017.07.31 08:36:31.572,0.88262,0.88269,1.00,1.00
2017.07.31 08:36:32.496,0.88261,0.88267,1.00,1.00
2017.07.31 08:36:32.673,0.88259,0.88266,1.00,1.00
2017.07.31 08:36:32.981,0.88261,0.88267,1.00,1.87
2017.07.31 08:36:34.444,0.88259,0.88266,1.00,1.12
2017.07.31 08:36:34.771,0.88258,0.88264,1.00,1.00
2017.07.31 08:36:35.856,0.88258,0.88265,1.00,1.31
2017.07.31 08:36:38.017,0.88258,0.88265,1.00,1.50
2017.07.31 08:36:38.518,0.88258,0.88265,1.00,1.00
2017.07.31 08:36:38.824,0.88264,0.88271,1.00,3.19
2017.07.31 08:36:41.265,0.88265,0.88271,1.00,1.12
2017.07.31 08:36:42.593,0.88265,0.88272,1.00,2.81
2017.07.31 08:36:45.601,0.88265,0.88273,1.00,4.31
2017.07.31 08:36:46.848,0.88265,0.88273,1.00,3.56
2017.07.31 08:36:48.582,0.88265,0.88271,1.00,1.12
2017.07.31 08:36:49.091,0.88265,0.88271,1.00,2.06
2017.07.31 08:36:49.575,0.88263,0.8827,1.00,1.25
2017.07.31 08:36:50.340,0.88263,0.8827,1.00,1.19
2017.07.31 08:36:50.606,0.88264,0.88271,1.00,1.31
2017.07.31 08:36:51.165,0.88266,0.88272,1.00,1.50
2017.07.31 08:36:51.732,0.88266,0.88273,1.00,4.54
2017.07.31 08:36:52.389,0.88266,0.88272,1.00,1.00
2017.07.31 08:36:52.696,0.88261,0.88266,1.00,1.87
2017.07.31 08:36:53.207,0.8826,0.88266,1.00,1.12
2017.07.31 08:36:53.513,0.88262,0.88269,1.00,1.00
2017.07.31 08:36:54.040,0.88263,0.88271,1.00,2.06
2017.07.31 08:36:54.092,0.88266,0.88272,1.00,2.44
2017.07.31 08:36:54.860,0.88265,0.88272,1.00,1.69
2017.07.31 08:36:55.431,0.88265,0.8827,1.00,1.00
2017.07.31 08:36:55.635,0.88265,0.88272,1.00,1.25
2017.07.31 08:36:56.063,0.88267,0.88272,1.00,1.25
2017.07.31 08:36:57.468,0.88267,0.88271,1.00,1.12
2017.07.31 08:36:58.351,0.88265,0.88271,1.00,1.12
2017.07.31 08:36:58.878,0.88264,0.88271,1.00,1.31
2017.07.31 08:37:00.635,0.88265,0.88271,1.00,1.12
2017.07.31 08:37:02.541,0.88265,0.88273,1.00,1.00
2017.07.31 08:37:04.277,0.88265,0.88272,1.00,1.00
2017.07.31 08:37:04.328,0.88262,0.8827,1.12,1.00
2017.07.31 08:37:04.430,0.8826,0.8827,1.12,1.12
2017.07.31 08:37:05.003,0.8826,0.88269,1.00,1.00
2017.07.31 08:37:05.703,0.88259,0.88269,1.00,1.87
2017.07.31 08:37:06.208,0.88259,0.88269,1.00,2.62
2017.07.31 08:37:07.229,0.88258,0.88265,1.50,1.00
2017.07.31 08:37:07.484,0.88256,0.88264,1.00,1.00
2017.07.31 08:37:08.091,0.88257,0.88264,1.00,1.00
2017.07.31 08:37:10.061,0.88256,0.88264,1.00,1.12
2017.07.31 08:37:10.518,0.88258,0.88266,1.00,3.19
2017.07.31 08:37:10.824,0.8826,0.88269,1.00,2.06
2017.07.31 08:37:11.418,0.88261,0.88269,1.00,2.44
2017.07.31 08:37:11.926,0.88262,0.88269,1.00,1.87
2017.07.31 08:37:14.445,0.88261,0.88269,1.00,1.87
2017.07.31 08:37:14.497,0.88259,0.8827,1.50,3.94
2017.07.31 08:37:16.268,0.8826,0.88269,1.00,1.12
2017.07.31 08:37:22.382,0.88258,0.88269,2.62,1.50
2017.07.31 08:37:22.790,0.88258,0.88267,1.50,1.00
2017.07.31 08:37:23.343,0.88258,0.88269,1.50,2.25
2017.07.31 08:37:26.863,0.88255,0.88264,1.12,1.50
2017.07.31 08:37:26.965,0.88252,0.88263,2.81,1.50
2017.07.31 08:37:28.162,0.88252,0.8826,2.25,1.00
2017.07.31 08:37:28.469,0.8825,0.88258,1.87,1.00
2017.07.31 08:37:29.317,0.88249,0.88258,1.50,1.00
2017.07.31 08:37:30.633,0.88251,0.88258,1.00,1.00
2017.07.31 08:37:30.787,0.88251,0.8826,1.00,1.50
2017.07.31 08:37:30.992,0.8825,0.8826,1.50,1.37
2017.07.31 08:37:31.095,0.8825,0.8826,1.50,1.12
2017.07.31 08:37:31.401,0.8825,0.88258,1.00,1.00
2017.07.31 08:37:31.981,0.8825,0.88259,1.00,1.00
2017.07.31 08:37:32.620,0.8825,0.88258,1.00,1.00
2017.07.31 08:37:33.657,0.8825,0.88259,1.00,2.25
2017.07.31 08:37:34.531,0.8825,0.8826,2.25,2.25
2017.07.31 08:37:36.322,0.8825,0.88259,1.50,1.00
2017.07.31 08:37:37.098,0.8825,0.88257,1.50,1.00
2017.07.31 08:37:37.522,0.8825,0.88259,1.00,2.62
2017.07.31 08:37:37.625,0.88252,0.8826,1.00,1.50
2017.07.31 08:37:37.772,0.88252,0.88261,1.50,1.50
2017.07.31 08:37:39.244,0.88253,0.88261,1.00,2.25
2017.07.31 08:37:40.051,0.88252,0.88261,1.00,2.25
2017.07.31 08:37:41.343,0.88251,0.8826,1.00,1.00
2017.07.31 08:37:42.971,0.8825,0.88259,1.50,1.50
2017.07.31 08:37:44.080,0.8825,0.88258,1.00,1.00
2017.07.31 08:37:44.677,0.8825,0.88257,1.00,1.00
2017.07.31 08:37:44.728,0.88247,0.88255,2.25,1.00
2017.07.31 08:37:55.612,0.88246,0.88255,1.00,1.00
2017.07.31 08:37:56.155,0.88246,0.88254,1.00,1.00
2017.07.31 08:37:59.866,0.88246,0.88252,1.00,1.00
2017.07.31 08:38:05.473,0.88246,0.88254,1.50,1.12
2017.07.31 08:38:05.985,0.88246,0.88252,1.50,1.00
2017.07.31 08:38:06.256,0.88248,0.88255,1.00,1.00
2017.07.31 08:38:06.409,0.88246,0.88255,2.25,1.12
2017.07.31 08:38:06.943,0.88246,0.88256,2.25,1.12
2017.07.31 08:38:07.261,0.88246,0.88254,1.50,1.00
2017.07.31 08:38:07.806,0.88246,0.88253,1.50,1.00
2017.07.31 08:38:08.879,0.88244,0.88253,1.50,1.00
2017.07.31 08:38:09.906,0.88245,0.88253,1.00,1.50
2017.07.31 08:38:11.533,0.88245,0.88254,1.12,1.12
2017.07.31 08:38:11.635,0.88243,0.88253,1.50,1.87
2017.07.31 08:38:11.687,0.88242,0.88251,1.00,1.00
2017.07.31 08:38:11.993,0.88242,0.88251,1.00,1.75
2017.07.31 08:38:12.526,0.88243,0.88253,1.00,5.25
2017.07.31 08:38:12.679,0.88243,0.88253,1.00,2.62
2017.07.31 08:38:12.882,0.88245,0.88252,1.00,1.00
2017.07.31 08:38:13.191,0.88248,0.88254,1.00,1.37
2017.07.31 08:38:13.938,0.88247,0.88254,1.00,1.37
2017.07.31 08:38:14.091,0.88245,0.88255,1.00,1.87
2017.07.31 08:38:17.026,0.88245,0.88254,1.50,1.50
2017.07.31 08:38:21.038,0.88244,0.88255,1.00,1.50
2017.07.31 08:38:22.000,0.88244,0.88254,1.00,1.50
2017.07.31 08:38:23.857,0.88246,0.88254,1.00,1.37
2017.07.31 08:38:24.188,0.88244,0.88253,1.00,1.00
2017.07.31 08:38:24.931,0.88245,0.88253,1.00,1.50
2017.07.31 08:38:25.948,0.88247,0.88253,1.00,1.00
2017.07.31 08:38:26.359,0.88245,0.88255,1.50,1.50
2017.07.31 08:38:28.115,0.88245,0.88255,1.50,1.00
2017.07.31 08:38:28.767,0.88246,0.88255,1.00,1.00
2017.07.31 08:38:29.294,0.88246,0.88255,1.00,1.87
2017.07.31 08:38:29.811,0.88246,0.88253,1.00,1.00
2017.07.31 08:38:32.128,0.88244,0.88253,1.50,1.00
2017.07.31 08:38:32.179,0.88246,0.88253,1.00,1.00
2017.07.31 08:38:33.560,0.88245,0.88253,1.00,1.00
2017.07.31 08:38:36.931,0.88246,0.88253,1.00,1.00
2017.07.31 08:38:37.985,0.88245,0.88253,1.00,1.00
2017.07.31 08:38:38.531,0.88246,0.88253,1.00,1.12
2017.07.31 08:38:38.761,0.88243,0.88253,2.06,1.87
2017.07.31 08:38:39.281,0.88243,0.88252,1.50,1.00
2017.07.31 08:38:41.643,0.88242,0.88248,1.00,1.00
2017.07.31 08:38:41.840,0.8824,0.88249,1.50,1.12
2017.07.31 08:38:41.891,0.8824,0.88247,1.50,1.00
2017.07.31 08:38:42.438,0.8824,0.88248,1.00,1.12
2017.07.31 08:38:45.882,0.88239,0.88247,1.00,1.00
2017.07.31 08:38:46.384,0.88238,0.88246,1.12,1.00
2017.07.31 08:38:46.977,0.88239,0.88247,1.12,1.00
2017.07.31 08:38:47.544,0.88238,0.88246,1.69,1.00
2017.07.31 08:38:47.921,0.88235,0.88242,1.87,1.00
2017.07.31 08:38:48.424,0.88236,0.88243,1.00,1.12
2017.07.31 08:38:50.425,0.88235,0.88243,1.00,1.12
2017.07.31 08:38:50.929,0.88234,0.88242,1.00,1.00
2017.07.31 08:38:50.980,0.88231,0.88241,3.00,1.00
2017.07.31 08:38:51.765,0.88234,0.88241,1.00,1.00
2017.07.31 08:38:54.503,0.88232,0.88241,1.12,1.00
2017.07.31 08:38:55.172,0.88232,0.8824,1.00,1.00
2017.07.31 08:38:56.566,0.88232,0.88239,1.00,1.00
2017.07.31 08:38:58.146,0.88232,0.88239,1.00,1.37
2017.07.31 08:39:00.661,0.88233,0.8824,1.00,1.50
2017.07.31 08:39:00.715,0.88235,0.88241,1.00,1.50
2017.07.31 08:39:01.225,0.88234,0.88241,1.00,1.00
2017.07.31 08:39:01.763,0.88235,0.88241,1.00,1.00
2017.07.31 08:39:03.637,0.88233,0.88241,1.00,1.00
2017.07.31 08:39:05.474,0.88235,0.88241,1.00,1.00
2017.07.31 08:39:06.059,0.88234,0.88242,1.00,1.50
2017.07.31 08:39:06.590,0.88233,0.88242,1.00,1.50
2017.07.31 08:39:06.787,0.8823,0.8824,1.00,1.00
2017.07.31 08:39:06.991,0.88232,0.8824,1.00,1.00
2017.07.31 08:39:07.299,0.88231,0.88237,1.00,1.00
2017.07.31 08:39:07.667,0.88229,0.88237,1.00,1.50
2017.07.31 08:39:08.724,0.8823,0.88237,1.00,1.00
2017.07.31 08:39:11.132,0.88229,0.88237,1.00,1.00
2017.07.31 08:39:12.175,0.88228,0.88237,1.50,1.50
2017.07.31 08:39:12.688,0.88228,0.88236,1.00,1.12
2017.07.31 08:39:13.156,0.88232,0.88238,1.00,1.12
2017.07.31 08:39:13.208,0.8823,0.88238,1.00,1.12
2017.07.31 08:39:14.181,0.88232,0.88238,1.00,1.12
2017.07.31 08:39:14.640,0.88234,0.88239,1.00,1.00
2017.07.31 08:39:15.215,0.88234,0.88238,1.00,1.00
2017.07.31 08:39:15.267,0.88232,0.88238,1.00,1.00
2017.07.31 08:39:16.633,0.88231,0.88238,1.00,1.00
2017.07.31 08:39:17.185,0.8823,0.88238,1.50,1.00
2017.07.31 08:39:18.602,0.88231,0.88238,1.00,1.00
2017.07.31 08:39:20.494,0.88233,0.88238,1.00,1.00
2017.07.31 08:39:21.530,0.88232,0.88238,1.00,1.00
2017.07.31 08:39:23.014,0.88232,0.8824,1.50,1.00
2017.07.31 08:39:26.065,0.88234,0.88241,1.00,1.50
2017.07.31 08:39:26.371,0.88237,0.88242,1.00,1.00
2017.07.31 08:39:26.931,0.88237,0.88244,1.50,1.00
2017.07.31 08:39:29.182,0.88235,0.88244,1.50,1.50
2017.07.31 08:39:29.307,0.88235,0.88242,1.00,1.00
2017.07.31 08:39:30.197,0.88236,0.88242,1.00,1.00
2017.07.31 08:39:30.720,0.88237,0.88243,1.00,1.00
2017.07.31 08:39:33.818,0.88238,0.88243,1.00,1.00
2017.07.31 08:39:33.920,0.88238,0.88245,1.00,1.12
2017.07.31 08:39:35.299,0.88238,0.88244,1.00,1.00
2017.07.31 08:39:35.610,0.8824,0.88246,1.00,1.00
2017.07.31 08:39:35.946,0.88244,0.88249,1.00,1.00
2017.07.31 08:39:36.750,0.88245,0.88249,1.00,1.00
2017.07.31 08:39:37.084,0.88243,0.88249,1.00,1.00
2017.07.31 08:39:38.026,0.88244,0.88249,1.00,1.00
2017.07.31 08:39:38.609,0.88243,0.88248,1.00,1.00
2017.07.31 08:39:39.011,0.88243,0.8825,1.00,1.00
2017.07.31 08:39:39.114,0.88243,0.88248,1.50,1.00
2017.07.31 08:39:40.688,0.88242,0.88248,1.50,1.00
2017.07.31 08:39:43.104,0.88241,0.88248,1.87,1.00
2017.07.31 08:39:43.513,0.8824,0.88246,1.00,1.00
2017.07.31 08:39:47.950,0.88239,0.88246,1.00,1.00
2017.07.31 08:39:49.290,0.88237,0.88245,2.25,1.00
2017.07.31 08:39:51.045,0.88238,0.88245,1.00,1.00
2017.07.31 08:39:51.299,0.88238,0.88243,1.00,1.00
2017.07.31 08:39:52.801,0.88237,0.88243,1.00,1.00
2017.07.31 08:39:53.208,0.88236,0.88241,1.00,1.00
2017.07.31 08:39:53.726,0.88231,0.88239,1.12,1.00
2017.07.31 08:39:53.777,0.8823,0.88236,1.00,1.00
2017.07.31 08:39:53.829,0.88227,0.88234,2.25,1.00
2017.07.31 08:39:54.035,0.88224,0.88233,1.00,1.00
2017.07.31 08:39:54.551,0.88224,0.88232,1.50,1.00
2017.07.31 08:39:55.084,0.88224,0.88233,1.00,1.00
2017.07.31 08:39:56.000,0.88225,0.88233,1.00,1.00
2017.07.31 08:40:02.592,0.88227,0.88233,1.00,1.00
2017.07.31 08:40:06.849,0.88226,0.88233,1.00,1.00
2017.07.31 08:40:07.315,0.88224,0.88233,1.50,1.00
2017.07.31 08:40:07.521,0.88224,0.88231,1.00,1.00
2017.07.31 08:40:07.624,0.88226,0.88234,1.00,1.12
2017.07.31 08:40:07.829,0.88224,0.88233,1.00,1.00
2017.07.31 08:40:07.880,0.88222,0.88231,3.00,1.50
2017.07.31 08:40:08.187,0.88219,0.88226,1.00,1.00
2017.07.31 08:40:08.522,0.88222,0.88228,1.12,1.00
2017.07.31 08:40:09.260,0.88219,0.88227,4.12,1.00
2017.07.31 08:40:09.311,0.88219,0.88227,1.50,1.00
2017.07.31 08:40:09.515,0.88218,0.88225,1.12,1.00
2017.07.31 08:40:11.633,0.8822,0.88226,1.00,1.00
2017.07.31 08:40:12.625,0.88221,0.88226,1.00,1.00
2017.07.31 08:40:14.406,0.88219,0.88225,1.50,1.00
2017.07.31 08:40:14.458,0.88219,0.88227,1.00,1.00
2017.07.31 08:40:14.999,0.8822,0.88227,1.00,1.00
2017.07.31 08:40:15.642,0.8822,0.88228,1.00,1.00
2017.07.31 08:40:16.091,0.88223,0.88227,1.00,1.00
2017.07.31 08:40:16.144,0.88223,0.88231,1.00,1.12
2017.07.31 08:40:16.650,0.88222,0.8823,1.37,1.00
2017.07.31 08:40:16.803,0.88221,0.8823,1.87,1.00
2017.07.31 08:40:20.034,0.88222,0.8823,1.00,1.00
2017.07.31 08:40:20.137,0.88224,0.8823,1.00,1.00
2017.07.31 08:40:20.291,0.88225,0.88232,1.00,1.00
2017.07.31 08:40:21.056,0.88224,0.88232,1.50,1.00
2017.07.31 08:40:21.361,0.88227,0.88234,1.00,1.00
2017.07.31 08:40:23.039,0.88227,0.88235,1.12,1.00
2017.07.31 08:40:23.784,0.88227,0.88234,1.12,1.00
2017.07.31 08:40:24.295,0.88227,0.88235,1.50,1.00
2017.07.31 08:40:25.279,0.88227,0.88234,1.50,1.00
2017.07.31 08:40:25.780,0.88227,0.88235,1.50,1.00
2017.07.31 08:40:26.853,0.88227,0.88234,1.50,1.00
2017.07.31 08:40:27.498,0.88228,0.88235,1.50,1.00
2017.07.31 08:40:28.573,0.88228,0.88233,1.00,1.50
2017.07.31 08:40:28.675,0.88223,0.8823,1.00,1.00
2017.07.31 08:40:29.481,0.88223,0.88229,1.00,1.00
2017.07.31 08:40:29.986,0.88222,0.88229,1.00,1.00
2017.07.31 08:40:30.628,0.88223,0.88229,1.00,1.00
2017.07.31 08:40:34.126,0.88221,0.88229,1.12,1.00
2017.07.31 08:40:35.126,0.88223,0.88229,1.00,1.00
2017.07.31 08:40:35.368,0.88225,0.88232,1.00,1.00
2017.07.31 08:40:36.162,0.88226,0.88232,1.00,1.00
2017.07.31 08:40:36.514,0.88225,0.8823,1.00,1.00
2017.07.31 08:40:37.148,0.88225,0.88232,1.00,1.00
2017.07.31 08:40:37.201,0.88227,0.88232,1.00,1.00
2017.07.31 08:40:37.354,0.88225,0.88231,1.12,1.00
2017.07.31 08:40:37.508,0.88225,0.88233,1.50,1.00
2017.07.31 08:40:38.018,0.88223,0.88231,2.25,1.00
2017.07.31 08:40:38.171,0.8822,0.88227,1.50,1.00
2017.07.31 08:40:39.148,0.88219,0.88227,2.25,1.00
2017.07.31 08:40:40.178,0.88219,0.88226,1.12,1.00
2017.07.31 08:40:43.281,0.88219,0.88225,1.12,1.00
2017.07.31 08:40:44.573,0.8822,0.88225,1.12,1.00
2017.07.31 08:40:45.097,0.88221,0.88225,1.00,1.00
2017.07.31 08:40:46.506,0.8822,0.88225,1.00,1.00
2017.07.31 08:40:47.015,0.88219,0.88225,1.50,1.00
2017.07.31 08:40:47.951,0.88219,0.88226,1.00,1.00
2017.07.31 08:40:50.649,0.88218,0.88225,1.12,1.00
2017.07.31 08:40:51.641,0.88218,0.88223,1.00,1.00
2017.07.31 08:40:52.181,0.88217,0.88223,1.12,1.00
2017.07.31 08:41:00.499,0.88218,0.88223,1.00,1.00
2017.07.31 08:41:01.054,0.88217,0.88223,1.00,1.00
2017.07.31 08:41:03.474,0.88215,0.88222,1.00,1.00
2017.07.31 08:41:04.050,0.88214,0.88222,1.00,1.00
2017.07.31 08:41:11.471,0.88213,0.88222,1.87,1.00
2017.07.31 08:41:11.523,0.88213,0.8822,1.50,1.00
2017.07.31 08:41:12.033,0.88213,0.88219,1.00,1.00
2017.07.31 08:41:12.646,0.88212,0.88219,1.00,1.00
2017.07.31 08:41:14.127,0.88211,0.88219,1.12,1.00
2017.07.31 08:41:14.638,0.88212,0.88219,1.00,1.00
2017.07.31 08:41:15.147,0.88213,0.8822,1.00,1.00
2017.07.31 08:41:15.529,0.88211,0.8822,1.50,1.00
2017.07.31 08:41:15.735,0.88211,0.88218,1.00,1.00
2017.07.31 08:41:15.837,0.88212,0.88221,1.50,2.25
2017.07.31 08:41:15.940,0.88213,0.88222,1.00,1.87
2017.07.31 08:41:16.475,0.88215,0.88222,1.00,1.12
2017.07.31 08:41:17.032,0.88215,0.88223,1.00,1.00
2017.07.31 08:41:17.538,0.88216,0.88224,1.00,1.12
2017.07.31 08:41:17.866,0.88216,0.88221,1.00,1.00
2017.07.31 08:41:18.250,0.88214,0.88221,1.00,1.00
2017.07.31 08:41:20.048,0.88213,0.88221,1.50,1.00
2017.07.31 08:41:20.580,0.88212,0.88221,1.00,1.00
2017.07.31 08:41:20.682,0.8821,0.88221,5.81,1.00
2017.07.31 08:41:20.981,0.8821,0.88219,4.87,1.00
2017.07.31 08:41:21.631,0.88209,0.88219,2.06,1.00
2017.07.31 08:41:22.133,0.88209,0.88218,1.69,1.00
2017.07.31 08:41:23.240,0.8821,0.88218,1.00,1.00
2017.07.31 08:41:24.455,0.8821,0.88217,1.00,1.00
2017.07.31 08:41:25.516,0.8821,0.88219,1.00,1.00
2017.07.31 08:41:26.155,0.88209,0.88219,2.81,1.00
2017.07.31 08:41:26.703,0.88209,0.88218,2.06,1.00
2017.07.31 08:41:27.482,0.8821,0.88218,1.00,1.00
2017.07.31 08:41:27.534,0.88208,0.88218,2.25,1.00
2017.07.31 08:41:27.586,0.88208,0.88216,2.25,1.00
2017.07.31 08:41:28.498,0.88209,0.88216,1.00,1.00
2017.07.31 08:41:29.023,0.88208,0.88216,1.00,1.00
2017.07.31 08:41:31.840,0.88207,0.88216,1.00,1.00
2017.07.31 08:41:32.353,0.88207,0.88215,1.00,1.00
2017.07.31 08:41:32.660,0.88204,0.88212,1.00,1.00
2017.07.31 08:41:33.174,0.88203,0.88211,1.00,1.00
2017.07.31 08:41:33.522,0.88201,0.88209,1.00,1.00
2017.07.31 08:41:33.830,0.88199,0.88207,1.00,1.12
2017.07.31 08:41:34.186,0.88198,0.88206,1.00,1.37
2017.07.31 08:41:34.683,0.88196,0.88205,1.50,1.12
2017.07.31 08:41:35.269,0.88196,0.88205,1.50,1.50
2017.07.31 08:41:37.180,0.88198,0.88206,1.00,1.75
2017.07.31 08:41:37.282,0.88199,0.88206,1.00,1.12
2017.07.31 08:41:38.000,0.88199,0.88207,1.00,1.12
2017.07.31 08:41:39.956,0.88198,0.88209,1.87,2.25
2017.07.31 08:41:40.484,0.88198,0.88209,1.12,2.25
2017.07.31 08:41:41.593,0.88198,0.88209,3.37,1.50
2017.07.31 08:41:42.184,0.88199,0.88209,1.00,1.50
2017.07.31 08:41:45.882,0.88198,0.88206,1.00,1.00
2017.07.31 08:41:45.986,0.88196,0.88205,1.12,1.00
2017.07.31 08:41:46.578,0.88196,0.88204,1.00,1.00
2017.07.31 08:41:46.884,0.88194,0.88204,1.00,1.00
2017.07.31 08:41:47.742,0.88194,0.88203,1.00,1.00
2017.07.31 08:41:49.060,0.88194,0.88203,1.00,1.50
2017.07.31 08:41:50.294,0.88194,0.88204,1.00,1.50
2017.07.31 08:41:50.797,0.88194,0.88204,1.00,1.00
2017.07.31 08:41:51.992,0.88194,0.88206,1.50,1.12
2017.07.31 08:41:52.531,0.88195,0.88207,1.50,4.12
2017.07.31 08:41:53.254,0.88195,0.88205,1.50,1.00
2017.07.31 08:41:53.822,0.88196,0.88205,1.00,1.00
2017.07.31 08:41:56.253,0.88196,0.88206,1.00,1.87
2017.07.31 08:41:56.956,0.88197,0.88206,1.50,1.87
2017.07.31 08:41:57.008,0.88199,0.88206,1.00,1.12
2017.07.31 08:41:57.265,0.88198,0.88208,1.00,2.62
2017.07.31 08:41:57.446,0.88197,0.88206,1.87,1.00
2017.07.31 08:41:58.063,0.88198,0.88206,1.00,1.00
2017.07.31 08:41:58.601,0.88197,0.88206,1.00,1.00
2017.07.31 08:41:59.337,0.88196,0.88205,1.50,1.19
2017.07.31 08:42:00.050,0.88196,0.88205,1.50,1.00
2017.07.31 08:42:00.570,0.88196,0.88206,1.12,1.25
2017.07.31 08:42:00.908,0.88191,0.88199,1.37,1.31
2017.07.31 08:42:01.256,0.88189,0.88199,1.00,2.81
2017.07.31 08:42:04.321,0.88189,0.88198,1.00,2.81
2017.07.31 08:42:04.372,0.88187,0.88198,1.87,3.19
2017.07.31 08:42:05.895,0.88189,0.88196,1.00,1.00
2017.07.31 08:42:06.595,0.88189,0.88198,1.00,3.00
2017.07.31 08:42:07.146,0.8819,0.88198,1.00,1.00
2017.07.31 08:42:09.333,0.88189,0.88198,1.00,1.00
2017.07.31 08:42:09.871,0.88189,0.88198,1.00,1.50
2017.07.31 08:42:10.129,0.8819,0.88199,1.00,1.25
2017.07.31 08:42:11.107,0.88192,0.882,1.00,1.69
2017.07.31 08:42:12.005,0.88192,0.882,1.00,1.00
2017.07.31 08:42:12.514,0.88192,0.88201,1.00,1.31
2017.07.31 08:42:12.867,0.88194,0.88203,1.50,1.69
2017.07.31 08:42:13.033,0.88197,0.88207,1.00,2.44
2017.07.31 08:42:13.403,0.88199,0.88207,1.00,2.06
2017.07.31 08:42:14.935,0.88199,0.88208,1.00,2.44
2017.07.31 08:42:16.533,0.88199,0.88208,1.00,2.06
2017.07.31 08:42:17.071,0.88199,0.88207,1.00,1.50
2017.07.31 08:42:19.079,0.88199,0.88208,1.00,1.69
2017.07.31 08:42:19.981,0.88198,0.88209,1.50,2.81
2017.07.31 08:42:20.509,0.88199,0.88206,1.00,1.00
2017.07.31 08:42:20.746,0.88197,0.88207,1.00,1.12
2017.07.31 08:42:21.162,0.88197,0.88207,1.00,1.31
2017.07.31 08:42:21.713,0.88196,0.88207,1.50,3.94
2017.07.31 08:42:23.215,0.88198,0.88207,1.00,3.19
2017.07.31 08:42:25.588,0.88198,0.88208,1.12,1.25
2017.07.31 08:42:27.004,0.88197,0.88208,1.50,1.69
2017.07.31 08:42:27.820,0.882,0.88208,1.00,1.69
2017.07.31 08:42:28.784,0.88199,0.88208,1.12,1.69
2017.07.31 08:42:29.884,0.88198,0.88207,1.37,1.00
2017.07.31 08:42:30.719,0.88198,0.88207,1.00,1.00
2017.07.31 08:42:32.613,0.88198,0.88208,1.00,1.25
2017.07.31 08:42:33.297,0.88199,0.88208,1.00,1.25
2017.07.31 08:42:34.502,0.882,0.88208,1.00,1.25
2017.07.31 08:42:35.049,0.88199,0.88208,1.12,1.25
2017.07.31 08:42:35.633,0.88199,0.88208,1.12,1.19
2017.07.31 08:42:37.199,0.88201,0.88209,1.00,1.69
2017.07.31 08:42:37.791,0.882,0.88209,1.00,1.69
2017.07.31 08:42:38.368,0.88201,0.88209,1.00,1.69
2017.07.31 08:42:39.018,0.882,0.88209,1.00,1.69
2017.07.31 08:42:39.818,0.88198,0.88208,1.87,1.19
2017.07.31 08:42:39.869,0.88197,0.88206,1.87,1.00
2017.07.31 08:42:41.010,0.88198,0.88206,1.00,1.00
2017.07.31 08:42:41.293,0.88198,0.88208,1.12,1.31
2017.07.31 08:42:41.843,0.88198,0.88207,1.12,1.00
2017.07.31 08:42:43.762,0.88199,0.88207,1.00,1.00
2017.07.31 08:42:45.357,0.88198,0.88207,1.12,1.00
2017.07.31 08:42:45.869,0.88199,0.88207,1.00,1.87
2017.07.31 08:42:46.431,0.88197,0.88207,1.00,1.50
2017.07.31 08:42:47.009,0.88198,0.88207,1.00,1.31
2017.07.31 08:42:47.536,0.88198,0.88207,1.00,1.62
2017.07.31 08:42:48.493,0.88197,0.88207,1.00,1.62
2017.07.31 08:42:49.004,0.88197,0.88207,1.00,2.81
2017.07.31 08:42:49.532,0.88198,0.88207,1.00,2.81
2017.07.31 08:42:51.119,0.88197,0.88207,1.50,1.69
2017.07.31 08:42:52.653,0.88197,0.88207,1.00,3.19
2017.07.31 08:42:53.191,0.88197,0.88205,1.00,1.50
2017.07.31 08:42:53.242,0.88195,0.88205,1.50,1.50
2017.07.31 08:42:53.793,0.88195,0.88205,1.00,1.87
2017.07.31 08:43:00.950,0.88196,0.88204,1.00,1.87
2017.07.31 08:43:01.153,0.88196,0.88202,1.00,1.00
2017.07.31 08:43:01.358,0.88196,0.88204,1.00,1.12
2017.07.31 08:43:01.410,0.88193,0.882,1.12,1.00
2017.07.31 08:43:01.642,0.88189,0.88198,1.00,1.50
2017.07.31 08:43:01.694,0.88189,0.88198,1.00,1.50
2017.07.31 08:43:03.127,0.8819,0.88196,1.00,1.12
2017.07.31 08:43:03.653,0.88189,0.88196,1.00,1.12
2017.07.31 08:43:06.098,0.8819,0.88196,1.00,1.00
2017.07.31 08:43:06.667,0.88189,0.88196,1.00,1.00
2017.07.31 08:43:08.507,0.8819,0.88196,1.00,1.00
2017.07.31 08:43:08.865,0.88189,0.88198,1.00,1.12
2017.07.31 08:43:10.735,0.88189,0.88198,1.00,1.37
2017.07.31 08:43:11.252,0.8819,0.88197,1.00,1.12
2017.07.31 08:43:11.599,0.88188,0.88197,1.50,1.00
2017.07.31 08:43:12.130,0.88189,0.88196,1.00,1.00
2017.07.31 08:43:12.335,0.8819,0.88198,1.00,1.31
2017.07.31 08:43:13.346,0.8819,0.88198,1.00,1.31
2017.07.31 08:43:14.491,0.88189,0.88198,1.00,1.31
2017.07.31 08:43:15.106,0.8819,0.88196,1.00,1.00
2017.07.31 08:43:16.304,0.88189,0.88196,1.50,1.00
2017.07.31 08:43:20.004,0.88191,0.88196,1.00,1.00
2017.07.31 08:43:22.042,0.88191,0.88198,1.00,1.19
2017.07.31 08:43:22.715,0.88191,0.88198,1.00,1.00
2017.07.31 08:43:29.083,0.88192,0.88198,1.00,1.12
2017.07.31 08:43:29.997,0.88192,0.88197,1.00,1.00
2017.07.31 08:43:30.049,0.8819,0.88197,1.00,1.00
2017.07.31 08:43:30.676,0.88189,0.88197,1.00,1.00
2017.07.31 08:43:31.209,0.8819,0.88197,1.00,1.00
2017.07.31 08:43:31.788,0.88189,0.88197,1.50,1.00
2017.07.31 08:43:32.174,0.88191,0.88198,1.00,1.12
2017.07.31 08:43:32.701,0.8819,0.88198,1.00,1.00
2017.07.31 08:43:33.232,0.88191,0.88197,1.00,1.00
2017.07.31 08:43:33.850,0.8819,0.88197,1.00,1.00
2017.07.31 08:43:34.448,0.88189,0.88197,1.00,1.00
2017.07.31 08:43:34.987,0.88188,0.88197,1.50,1.00
2017.07.31 08:43:46.238,0.88188,0.88198,1.00,1.87
2017.07.31 08:43:46.596,0.8819,0.88198,1.00,1.87
2017.07.31 08:43:47.130,0.8819,0.88198,1.00,1.87
2017.07.31 08:43:52.021,0.88193,0.88199,1.00,1.12
2017.07.31 08:43:52.124,0.88193,0.882,1.00,2.06
2017.07.31 08:43:52.634,0.88193,0.882,1.00,1.25
2017.07.31 08:43:54.239,0.88193,0.88201,1.00,1.94
2017.07.31 08:43:54.758,0.88193,0.88201,1.00,1.69
2017.07.31 08:43:55.804,0.88193,0.88201,1.50,1.00
2017.07.31 08:43:56.326,0.88193,0.88202,1.00,1.69
2017.07.31 08:43:56.836,0.88193,0.88201,1.00,1.25
2017.07.31 08:43:58.213,0.88193,0.88202,1.00,1.12
2017.07.31 08:43:58.740,0.88192,0.88201,1.00,1.25
2017.07.31 08:44:00.166,0.88192,0.88201,1.00,1.87
2017.07.31 08:44:01.469,0.88191,0.88199,1.00,1.00
2017.07.31 08:44:01.774,0.88192,0.88201,1.00,1.12
2017.07.31 08:44:03.372,0.88192,0.882,1.00,1.00
2017.07.31 08:44:03.797,0.88192,0.88202,1.00,1.31
2017.07.31 08:44:04.334,0.88192,0.88201,1.00,1.00
2017.07.31 08:44:07.619,0.88192,0.88202,1.00,1.12
2017.07.31 08:44:08.761,0.88193,0.88202,1.00,1.12
2017.07.31 08:44:09.850,0.88193,0.88201,1.00,1.00
2017.07.31 08:44:11.141,0.88193,0.882,1.00,1.00
2017.07.31 08:44:11.733,0.88193,0.88202,1.00,1.69
2017.07.31 08:44:14.406,0.88192,0.88201,1.50,1.12
2017.07.31 08:44:16.388,0.88193,0.88202,1.00,3.94
2017.07.31 08:44:20.671,0.88194,0.88202,1.00,2.06
2017.07.31 08:44:25.440,0.88195,0.88203,1.00,2.81
2017.07.31 08:44:25.492,0.88197,0.88202,1.00,1.87
2017.07.31 08:44:25.594,0.88197,0.88205,1.00,2.06
2017.07.31 08:44:32.184,0.88198,0.88206,1.00,2.81
2017.07.31 08:44:32.578,0.882,0.88206,1.00,2.06
2017.07.31 08:44:32.888,0.882,0.88204,1.00,1.00
2017.07.31 08:44:32.941,0.88198,0.88204,1.00,1.12
2017.07.31 08:44:33.045,0.88196,0.88204,1.00,1.69
2017.07.31 08:44:35.547,0.88196,0.88203,1.00,1.19
2017.07.31 08:44:35.956,0.88196,0.88203,1.00,1.69
2017.07.31 08:44:36.664,0.88196,0.88203,1.00,1.69
2017.07.31 08:44:36.901,0.88198,0.88203,1.00,1.50
2017.07.31 08:44:46.880,0.88198,0.88202,1.00,1.00
2017.07.31 08:44:54.491,0.88198,0.88203,1.00,1.25
2017.07.31 08:44:54.996,0.88198,0.88204,1.00,1.00
2017.07.31 08:44:55.339,0.882,0.88204,1.00,1.00
2017.07.31 08:44:55.604,0.882,0.88206,1.00,1.31
2017.07.31 08:44:58.485,0.88201,0.88206,1.00,1.31
2017.07.31 08:44:59.844,0.88204,0.88209,1.00,3.94
2017.07.31 08:44:59.896,0.88204,0.8821,1.00,1.69
2017.07.31 08:44:59.948,0.88205,0.8821,1.00,1.31
2017.07.31 08:45:00.052,0.88203,0.88209,1.00,1.00
2017.07.31 08:45:02.165,0.88205,0.88211,1.00,2.44
2017.07.31 08:45:03.095,0.88203,0.8821,1.00,1.50
2017.07.31 08:45:03.803,0.88204,0.88211,1.00,2.06
2017.07.31 08:45:04.311,0.88203,0.88211,1.00,2.06
2017.07.31 08:45:07.132,0.88203,0.88211,1.00,2.06
2017.07.31 08:45:07.738,0.88203,0.88209,1.00,1.00
2017.07.31 08:45:10.151,0.88204,0.88209,1.50,1.00
2017.07.31 08:45:10.269,0.88207,0.88214,1.00,3.56
2017.07.31 08:45:10.320,0.88207,0.88213,1.00,1.25
2017.07.31 08:45:10.782,0.88204,0.88213,1.00,1.00
2017.07.31 08:45:11.304,0.88204,0.88212,1.00,1.00
2017.07.31 08:45:13.576,0.88203,0.88212,1.50,1.12
2017.07.31 08:45:14.331,0.88203,0.8821,1.50,1.00
2017.07.31 08:45:18.829,0.88201,0.8821,1.00,1.00
2017.07.31 08:45:21.653,0.88202,0.8821,1.00,1.00
2017.07.31 08:45:22.165,0.88202,0.88211,1.00,1.12
2017.07.31 08:45:23.923,0.88201,0.88211,1.50,1.12
2017.07.31 08:45:24.784,0.88205,0.88213,1.00,2.81
2017.07.31 08:45:24.886,0.88207,0.88214,1.00,1.31
2017.07.31 08:45:25.437,0.88207,0.88215,1.00,1.00
2017.07.31 08:45:25.746,0.88205,0.88215,3.00,1.00
2017.07.31 08:45:26.366,0.88206,0.88215,1.50,1.12
2017.07.31 08:45:28.233,0.88206,0.88213,1.00,1.00
2017.07.31 08:45:28.335,0.88204,0.88213,1.00,1.69
2017.07.31 08:45:28.438,0.88202,0.88212,1.87,1.50
2017.07.31 08:45:29.275,0.88201,0.88211,1.37,1.00
2017.07.31 08:45:29.961,0.88201,0.88209,1.87,1.00
2017.07.31 08:45:30.840,0.882,0.88209,1.50,1.00
2017.07.31 08:45:31.537,0.88198,0.88207,1.50,1.00
2017.07.31 08:45:32.456,0.88198,0.88206,1.00,1.00
2017.07.31 08:45:32.997,0.88198,0.88207,1.00,1.00
2017.07.31 08:45:33.658,0.882,0.88207,1.00,1.00
2017.07.31 08:45:34.523,0.88198,0.88207,1.00,1.00
2017.07.31 08:45:35.158,0.88197,0.88205,1.87,1.50
2017.07.31 08:45:35.701,0.88198,0.88205,1.00,1.00
2017.07.31 08:45:36.268,0.88196,0.88206,1.37,1.50
2017.07.31 08:45:37.051,0.88196,0.88206,1.12,1.50
2017.07.31 08:45:39.567,0.88197,0.88205,1.00,1.00
2017.07.31 08:45:39.618,0.88197,0.88207,1.00,2.62
2017.07.31 08:45:40.201,0.88198,0.88208,1.00,1.12
2017.07.31 08:45:42.870,0.88197,0.88207,1.00,1.00
2017.07.31 08:45:43.150,0.88196,0.88204,1.12,1.00
2017.07.31 08:45:43.304,0.88194,0.88204,1.50,1.50
2017.07.31 08:45:43.510,0.88194,0.88202,1.00,1.00
2017.07.31 08:45:43.784,0.88191,0.88202,3.00,1.25
2017.07.31 08:45:44.347,0.88192,0.88202,1.00,1.69
2017.07.31 08:45:44.398,0.88196,0.88203,1.00,1.19
2017.07.31 08:45:44.501,0.88196,0.88204,1.00,1.00
2017.07.31 08:45:44.706,0.882,0.88207,1.00,2.81
2017.07.31 08:45:44.911,0.88202,0.88212,1.12,2.44
2017.07.31 08:45:45.479,0.88203,0.88213,1.12,1.00
2017.07.31 08:45:46.014,0.88204,0.88214,1.00,2.06
2017.07.31 08:45:46.281,0.88204,0.88212,1.00,1.00
2017.07.31 08:45:46.588,0.88202,0.88212,1.00,2.44
2017.07.31 08:45:47.117,0.88203,0.88211,1.00,1.19
2017.07.31 08:45:47.825,0.88202,0.88211,1.00,1.69
2017.07.31 08:45:48.344,0.88202,0.88211,1.00,2.44
2017.07.31 08:45:48.395,0.882,0.88208,1.00,1.69
2017.07.31 08:45:48.498,0.88198,0.88207,1.12,1.25
2017.07.31 08:45:49.039,0.88197,0.88207,1.50,3.19
2017.07.31 08:45:49.476,0.88197,0.88205,1.00,1.00
2017.07.31 08:45:52.802,0.88196,0.88205,1.12,1.00
2017.07.31 08:45:53.107,0.88194,0.88203,1.12,1.00
2017.07.31 08:45:53.625,0.88194,0.88202,1.00,1.00
2017.07.31 08:45:55.460,0.88192,0.88201,1.37,1.69
2017.07.31 08:45:55.664,0.88191,0.882,1.00,1.00
2017.07.31 08:45:56.123,0.88193,0.882,1.00,1.00
2017.07.31 08:45:56.186,0.88193,0.88202,1.00,1.00
2017.07.31 08:45:56.525,0.88195,0.88202,1.00,1.00
2017.07.31 08:45:57.075,0.88195,0.88203,1.00,1.00
2017.07.31 08:45:58.519,0.88195,0.88204,1.00,1.00
2017.07.31 08:45:58.827,0.88198,0.88206,1.00,1.00
2017.07.31 08:45:59.149,0.882,0.88208,1.00,1.50
2017.07.31 08:45:59.720,0.88201,0.88208,1.00,1.00
2017.07.31 08:46:00.560,0.88201,0.88209,1.00,1.50
2017.07.31 08:46:01.184,0.88201,0.88208,1.00,1.00
2017.07.31 08:46:03.594,0.88204,0.8821,1.00,1.00
2017.07.31 08:46:04.187,0.88204,0.88211,1.00,1.00
2017.07.31 08:46:04.733,0.88203,0.88211,1.00,1.00
2017.07.31 08:46:05.300,0.88203,0.88212,1.00,1.50
2017.07.31 08:46:06.521,0.88202,0.88211,1.50,1.00
2017.07.31 08:46:07.091,0.88203,0.88211,1.00,1.50
2017.07.31 08:46:08.553,0.88203,0.8821,1.00,1.00
2017.07.31 08:46:09.379,0.88201,0.8821,1.00,1.00
2017.07.31 08:46:10.180,0.88203,0.8821,1.00,1.00
2017.07.31 08:46:11.919,0.88203,0.88211,1.00,1.00
2017.07.31 08:46:12.693,0.88202,0.88211,1.00,1.50
2017.07.31 08:46:13.231,0.88203,0.88211,1.00,1.00
2017.07.31 08:46:14.344,0.88206,0.88214,1.00,1.50
2017.07.31 08:46:16.001,0.88207,0.88214,1.00,1.00
2017.07.31 08:46:16.573,0.88206,0.88214,1.00,1.00
2017.07.31 08:46:16.678,0.88207,0.88216,1.00,1.12
2017.07.31 08:46:17.605,0.88209,0.88217,1.00,1.87
2017.07.31 08:46:18.181,0.88209,0.88216,1.00,1.00
2017.07.31 08:46:18.824,0.88209,0.88217,1.00,1.00
2017.07.31 08:46:19.264,0.88208,0.88215,1.00,1.00
2017.07.31 08:46:19.774,0.88207,0.88215,1.00,1.87
2017.07.31 08:46:19.876,0.88205,0.88215,1.50,1.00
2017.07.31 08:46:20.030,0.88207,0.88215,1.00,1.87
2017.07.31 08:46:20.081,0.88204,0.88214,1.00,1.00
2017.07.31 08:46:20.535,0.88203,0.88212,1.00,1.00
2017.07.31 08:46:21.427,0.88205,0.88212,1.00,1.00
2017.07.31 08:46:22.883,0.88203,0.88212,1.00,1.00
2017.07.31 08:46:24.384,0.88205,0.88212,1.00,1.00
2017.07.31 08:46:25.948,0.88204,0.88212,1.00,1.50
2017.07.31 08:46:27.676,0.88204,0.88211,1.00,1.00
2017.07.31 08:46:29.207,0.88201,0.88211,1.00,1.00
2017.07.31 08:46:30.210,0.88202,0.88211,1.00,1.00
2017.07.31 08:46:31.026,0.88203,0.88211,1.00,1.00
2017.07.31 08:46:32.379,0.88205,0.88212,1.00,1.50
2017.07.31 08:46:32.934,0.88204,0.88213,1.00,1.00
2017.07.31 08:46:33.527,0.88204,0.88212,1.00,1.00
2017.07.31 08:46:35.409,0.88204,0.88213,1.00,1.00
2017.07.31 08:46:35.745,0.88205,0.88215,1.00,1.50
2017.07.31 08:46:36.262,0.88205,0.88214,1.00,1.00
2017.07.31 08:46:37.681,0.88206,0.88214,1.00,1.00
2017.07.31 08:46:38.387,0.88205,0.88214,1.00,1.50
2017.07.31 08:46:39.395,0.88204,0.88214,1.00,1.50
2017.07.31 08:46:39.852,0.88205,0.88211,1.00,1.50
2017.07.31 08:46:40.432,0.88204,0.88211,1.00,1.50
2017.07.31 08:46:43.032,0.88202,0.88211,1.87,1.50
2017.07.31 08:46:44.086,0.88201,0.88211,1.50,1.87
2017.07.31 08:46:44.137,0.88201,0.88209,1.50,1.00
2017.07.31 08:46:44.673,0.88199,0.88209,1.87,1.00
2017.07.31 08:46:45.337,0.88198,0.88208,1.00,1.50
2017.07.31 08:46:45.491,0.88197,0.88206,1.69,1.00
2017.07.31 08:46:45.797,0.88199,0.88208,1.00,2.25
2017.07.31 08:46:46.344,0.88199,0.88207,1.00,3.00
2017.07.31 08:46:46.854,0.88198,0.88207,1.00,1.00
2017.07.31 08:46:47.670,0.88199,0.88207,1.00,1.50
2017.07.31 08:46:48.973,0.88198,0.88207,1.00,1.50
2017.07.31 08:46:52.508,0.88199,0.88207,1.00,1.50
2017.07.31 08:46:53.635,0.882,0.88208,1.00,1.50
2017.07.31 08:46:53.839,0.88203,0.88212,1.00,1.00
2017.07.31 08:46:54.361,0.88202,0.88212,1.12,1.50
2017.07.31 08:46:54.874,0.88202,0.88211,1.12,1.00
2017.07.31 08:46:55.408,0.88202,0.8821,1.00,1.50
2017.07.31 08:46:57.557,0.88201,0.88209,1.50,1.00
2017.07.31 08:46:58.096,0.88202,0.8821,1.00,1.00
2017.07.31 08:46:59.004,0.88201,0.8821,1.00,1.00
2017.07.31 08:46:59.585,0.882,0.88209,1.00,1.50
2017.07.31 08:47:04.099,0.882,0.88208,1.00,1.00
2017.07.31 08:47:04.636,0.88201,0.88208,1.00,1.00
2017.07.31 08:47:06.282,0.88201,0.8821,1.00,1.50
2017.07.31 08:47:07.809,0.88203,0.88211,1.00,1.87
2017.07.31 08:47:08.361,0.88203,0.88212,1.00,3.75
2017.07.31 08:47:09.584,0.88202,0.88211,1.00,1.00
2017.07.31 08:47:11.463,0.88202,0.88211,1.00,1.37
2017.07.31 08:47:11.778,0.88207,0.88213,1.00,1.00
2017.07.31 08:47:11.881,0.88208,0.88216,1.50,2.25
2017.07.31 08:47:12.035,0.8821,0.88218,1.50,1.50
2017.07.31 08:47:12.797,0.8821,0.8822,1.00,2.62
2017.07.31 08:47:13.840,0.8821,0.88219,1.00,1.00
2017.07.31 08:47:14.598,0.88211,0.88219,1.50,1.50
2017.07.31 08:47:14.650,0.88213,0.88221,1.00,1.00
2017.07.31 08:47:15.007,0.88217,0.88222,1.00,1.50
2017.07.31 08:47:15.111,0.88216,0.88222,1.00,1.00
2017.07.31 08:47:15.299,0.88218,0.88222,1.00,1.00
2017.07.31 08:47:15.402,0.88219,0.88226,1.00,1.00
2017.07.31 08:47:15.918,0.88219,0.88227,1.00,1.50
2017.07.31 08:47:16.453,0.88219,0.88226,1.00,1.00
2017.07.31 08:47:18.558,0.8822,0.88228,1.00,2.25
2017.07.31 08:47:19.070,0.88219,0.88227,1.00,1.50
2017.07.31 08:47:20.068,0.88219,0.88228,1.00,3.00
2017.07.31 08:47:20.492,0.88217,0.88224,1.00,1.00
2017.07.31 08:47:20.798,0.88215,0.88221,1.00,1.12
2017.07.31 08:47:21.238,0.88213,0.88221,1.00,1.12
2017.07.31 08:47:21.746,0.88214,0.88222,1.00,1.50
2017.07.31 08:47:21.798,0.88214,0.88223,1.00,1.87
2017.07.31 08:47:22.773,0.88214,0.88222,1.00,1.00
2017.07.31 08:47:23.274,0.88214,0.88223,1.00,3.00
2017.07.31 08:47:23.806,0.88214,0.88221,1.00,1.00
2017.07.31 08:47:26.121,0.88214,0.88223,1.00,2.25
2017.07.31 08:47:27.898,0.88214,0.88223,1.00,1.50
2017.07.31 08:47:30.025,0.88214,0.88221,1.00,1.00
2017.07.31 08:47:30.731,0.88213,0.88222,1.50,1.00
2017.07.31 08:47:30.884,0.88213,0.88224,1.50,3.00
2017.07.31 08:47:31.431,0.88214,0.88224,1.00,3.00
2017.07.31 08:47:31.981,0.88214,0.88223,1.00,1.12
2017.07.31 08:47:32.515,0.88214,0.88222,1.00,1.00
2017.07.31 08:47:35.231,0.88214,0.88224,1.50,3.37
2017.07.31 08:47:35.644,0.88213,0.8822,1.00,1.00
2017.07.31 08:47:35.899,0.88213,0.88222,1.00,1.00
2017.07.31 08:47:36.167,0.88217,0.88225,1.00,1.00
2017.07.31 08:47:36.975,0.88218,0.88225,1.00,1.00
2017.07.31 08:47:37.281,0.88213,0.8822,1.00,1.00
2017.07.31 08:47:38.126,0.88213,0.88219,1.00,1.00
2017.07.31 08:47:38.178,0.88213,0.88221,1.00,1.12
2017.07.31 08:47:39.310,0.88213,0.8822,1.00,1.00
2017.07.31 08:47:39.824,0.88213,0.88221,1.00,1.50
2017.07.31 08:47:40.779,0.88213,0.88219,1.00,1.00
2017.07.31 08:47:48.630,0.88212,0.88219,1.00,1.12
2017.07.31 08:47:49.280,0.88213,0.88221,1.00,1.00
2017.07.31 08:47:50.027,0.88215,0.88221,1.00,1.00
2017.07.31 08:47:50.563,0.88215,0.88222,1.00,1.00
2017.07.31 08:47:52.933,0.88215,0.88224,1.00,1.50
2017.07.31 08:47:53.474,0.88215,0.88222,1.00,1.00
2017.07.31 08:47:53.987,0.88214,0.88222,1.50,1.00
2017.07.31 08:47:54.509,0.88215,0.88223,1.00,1.00
2017.07.31 08:47:55.049,0.88216,0.88223,1.00,1.00
2017.07.31 08:47:55.101,0.88216,0.88225,1.00,1.00
2017.07.31 08:47:56.007,0.88216,0.88224,1.25,1.00
2017.07.31 08:47:56.375,0.88217,0.88227,1.00,1.50
2017.07.31 08:47:56.936,0.88216,0.88226,1.50,1.12
2017.07.31 08:47:57.367,0.88217,0.88224,1.00,1.00
2017.07.31 08:47:57.470,0.88217,0.88226,1.00,1.12
2017.07.31 08:47:57.572,0.88219,0.88227,1.00,1.37
2017.07.31 08:47:58.279,0.88219,0.88227,1.00,1.00
2017.07.31 08:47:58.827,0.88219,0.88228,1.00,1.00
2017.07.31 08:47:59.163,0.88225,0.88232,1.00,1.00
2017.07.31 08:47:59.693,0.88224,0.88232,1.00,1.00
2017.07.31 08:48:01.605,0.88225,0.88233,1.00,1.00
2017.07.31 08:48:01.912,0.88228,0.88235,1.00,1.00
2017.07.31 08:48:02.626,0.88228,0.88236,1.00,1.00
2017.07.31 08:48:03.406,0.88226,0.88234,1.00,1.00
2017.07.31 08:48:03.716,0.88224,0.88232,1.00,1.00
2017.07.31 08:48:04.405,0.88224,0.88233,1.00,1.00
2017.07.31 08:48:04.813,0.88226,0.88234,1.00,1.00
2017.07.31 08:48:05.136,0.88226,0.88232,1.00,1.00
2017.07.31 08:48:05.681,0.88226,0.88233,1.00,1.00
2017.07.31 08:48:06.483,0.88226,0.88232,1.00,1.00
2017.07.31 08:48:07.000,0.88226,0.88233,1.00,1.00
2017.07.31 08:48:07.218,0.88224,0.88233,1.12,1.00
2017.07.31 08:48:07.800,0.88224,0.88234,1.12,1.00
2017.07.31 08:48:08.211,0.88224,0.88232,1.87,1.00
2017.07.31 08:48:08.760,0.88224,0.88234,1.12,1.50
2017.07.31 08:48:08.966,0.88224,0.88232,1.00,1.00
2017.07.31 08:48:09.221,0.88224,0.88234,1.00,1.00
2017.07.31 08:48:09.432,0.88224,0.88232,1.50,1.00
2017.07.31 08:48:09.982,0.88224,0.88233,1.00,1.00
2017.07.31 08:48:10.495,0.88222,0.88233,1.31,2.62
2017.07.31 08:48:11.732,0.88222,0.88232,2.06,1.00
2017.07.31 08:48:13.200,0.88223,0.88231,1.25,1.00
2017.07.31 08:48:13.905,0.88222,0.88231,1.31,1.00
2017.07.31 08:48:15.137,0.88221,0.88229,2.06,1.00
2017.07.31 08:48:22.171,0.88221,0.88228,1.50,1.00
2017.07.31 08:48:24.198,0.88223,0.88231,1.00,1.00
2017.07.31 08:48:24.249,0.88222,0.88229,1.87,1.00
2017.07.31 08:48:24.795,0.88222,0.88229,1.37,1.00
2017.07.31 08:48:25.479,0.88222,0.88229,1.00,1.00
2017.07.31 08:48:26.462,0.88221,0.88229,1.25,1.00
2017.07.31 08:48:27.344,0.8822,0.88229,2.25,1.00
2017.07.31 08:48:27.843,0.88226,0.8823,1.00,1.00
2017.07.31 08:48:27.897,0.88226,0.88234,1.12,1.50
2017.07.31 08:48:28.184,0.88226,0.88231,1.12,1.00
2017.07.31 08:48:28.592,0.88223,0.8823,1.00,1.00
2017.07.31 08:48:29.105,0.88221,0.8823,1.87,1.00
2017.07.31 08:48:30.972,0.88221,0.8823,2.25,1.00
2017.07.31 08:48:33.351,0.88221,0.88229,1.00,1.00
2017.07.31 08:48:35.185,0.88222,0.88229,1.00,1.00
2017.07.31 08:48:35.699,0.88221,0.88228,1.00,1.00
2017.07.31 08:48:36.686,0.88219,0.88228,2.62,1.00
2017.07.31 08:48:37.274,0.88219,0.88228,1.50,1.00
2017.07.31 08:48:37.593,0.88219,0.88226,1.00,1.00
2017.07.31 08:48:38.216,0.8822,0.88228,1.00,1.00
2017.07.31 08:48:38.749,0.88221,0.88228,1.00,1.00
2017.07.31 08:48:42.808,0.88218,0.88227,2.62,1.00
2017.07.31 08:48:42.911,0.88217,0.88227,1.37,3.19
2017.07.31 08:48:42.962,0.88217,0.88225,1.37,1.00
2017.07.31 08:48:43.290,0.88217,0.88223,1.00,1.00
2017.07.31 08:48:43.806,0.88216,0.88223,1.00,1.00
2017.07.31 08:48:44.364,0.88215,0.88223,1.12,1.00
2017.07.31 08:48:44.898,0.88214,0.88222,1.00,1.00
2017.07.31 08:48:45.208,0.88216,0.88222,1.00,1.00
2017.07.31 08:48:46.586,0.88214,0.88222,1.00,1.00
2017.07.31 08:48:49.314,0.88216,0.88222,1.00,1.00
2017.07.31 08:48:53.528,0.88216,0.88223,1.00,1.00
2017.07.31 08:48:55.669,0.88215,0.88223,1.00,1.50
2017.07.31 08:49:00.591,0.88217,0.88223,1.00,1.00
2017.07.31 08:49:00.953,0.88215,0.88224,1.00,1.31
2017.07.31 08:49:01.906,0.88214,0.88224,1.00,2.06
2017.07.31 08:49:05.888,0.88214,0.88222,1.00,1.00
2017.07.31 08:49:08.786,0.88214,0.88223,1.50,1.25
2017.07.31 08:49:13.712,0.88214,0.88223,1.50,1.31
2017.07.31 08:49:16.589,0.88216,0.88223,1.00,1.19
2017.07.31 08:49:18.048,0.88215,0.88223,1.00,1.19
2017.07.31 08:49:21.207,0.88214,0.88223,2.25,1.19
2017.07.31 08:49:22.235,0.88215,0.88223,1.00,1.19
2017.07.31 08:49:23.157,0.88214,0.88223,1.50,1.19
2017.07.31 08:49:23.728,0.88215,0.88223,1.00,1.19
2017.07.31 08:49:24.737,0.88214,0.88223,1.50,1.19
2017.07.31 08:49:25.665,0.88216,0.88223,1.00,1.19
2017.07.31 08:49:28.680,0.88215,0.88223,2.25,1.19
2017.07.31 08:49:30.062,0.88216,0.88223,1.00,1.19
2017.07.31 08:49:30.674,0.88215,0.88223,2.25,1.19
2017.07.31 08:49:31.497,0.88215,0.88224,2.25,2.44
2017.07.31 08:49:34.303,0.88216,0.88224,1.00,1.19
2017.07.31 08:49:36.481,0.88217,0.88224,1.00,1.31
2017.07.31 08:49:37.836,0.88217,0.88225,1.00,1.19
2017.07.31 08:49:38.206,0.88217,0.88224,1.00,1.19
2017.07.31 08:49:38.712,0.88216,0.88225,1.00,1.31
2017.07.31 08:49:39.819,0.88215,0.88225,1.50,2.06
2017.07.31 08:49:40.316,0.88216,0.88227,2.25,3.56
2017.07.31 08:49:40.924,0.88218,0.88227,1.00,3.14
2017.07.31 08:49:41.601,0.88217,0.88227,1.00,3.14
2017.07.31 08:49:41.984,0.88219,0.88227,1.00,1.31
2017.07.31 08:49:42.137,0.88219,0.88228,1.50,1.31
2017.07.31 08:49:46.419,0.88221,0.8823,1.00,3.56
2017.07.31 08:49:49.875,0.88221,0.88228,3.00,1.31
2017.07.31 08:49:52.384,0.8822,0.88228,1.00,2.06
2017.07.31 08:49:52.435,0.88218,0.88226,1.00,1.69
2017.07.31 08:49:52.960,0.88219,0.88225,1.00,1.31
2017.07.31 08:49:54.417,0.88217,0.88225,1.00,1.19
2017.07.31 08:49:55.788,0.88217,0.88227,1.00,2.81
2017.07.31 08:49:57.714,0.88218,0.88227,1.00,2.81
2017.07.31 08:50:00.129,0.88217,0.88227,1.00,2.81
2017.07.31 08:50:00.831,0.88217,0.88226,1.00,2.06
2017.07.31 08:50:00.933,0.88215,0.88225,1.12,1.12
2017.07.31 08:50:02.019,0.88215,0.88223,1.12,1.00
2017.07.31 08:50:02.070,0.88216,0.88225,1.00,1.12
2017.07.31 08:50:03.002,0.88215,0.88225,1.12,1.87
2017.07.31 08:50:04.156,0.88216,0.88226,1.00,2.81
2017.07.31 08:50:05.566,0.88216,0.88226,1.00,2.06
2017.07.31 08:50:06.995,0.88217,0.88227,1.00,1.69
2017.07.31 08:50:07.518,0.88217,0.88228,1.00,2.81
2017.07.31 08:50:10.983,0.88217,0.88227,1.00,2.44
2017.07.31 08:50:11.799,0.88217,0.88227,1.50,1.31
2017.07.31 08:50:12.790,0.88218,0.88228,1.00,4.31
2017.07.31 08:50:13.317,0.88217,0.88227,1.00,1.31
2017.07.31 08:50:13.832,0.88218,0.88228,1.00,4.31
2017.07.31 08:50:17.875,0.88219,0.88228,1.00,2.44
2017.07.31 08:50:23.496,0.88219,0.88228,1.50,1.69
2017.07.31 08:50:28.573,0.8822,0.88228,1.00,1.69
2017.07.31 08:50:28.726,0.88223,0.88229,2.25,1.00
2017.07.31 08:50:29.235,0.88223,0.88228,2.25,1.00
2017.07.31 08:50:29.781,0.88223,0.88229,2.25,1.00
2017.07.31 08:50:30.846,0.8822,0.88229,1.00,1.00
2017.07.31 08:50:32.321,0.8822,0.88229,1.00,1.37
2017.07.31 08:50:32.921,0.88219,0.8823,4.50,2.44
2017.07.31 08:50:35.767,0.8822,0.88229,1.00,1.87
2017.07.31 08:50:36.954,0.88221,0.88229,1.00,2.62
2017.07.31 08:50:37.607,0.8822,0.88229,1.00,1.50
2017.07.31 08:50:39.551,0.88221,0.88229,1.00,1.50
2017.07.31 08:50:40.060,0.8822,0.88229,1.00,1.50
2017.07.31 08:50:40.729,0.88219,0.88229,2.25,1.87
2017.07.31 08:50:44.694,0.8822,0.88229,1.00,3.75
2017.07.31 08:50:46.676,0.8822,0.88229,1.12,1.00
2017.07.31 08:50:47.849,0.8822,0.88228,1.00,1.00
2017.07.31 08:50:48.532,0.8822,0.8823,1.00,2.44
2017.07.31 08:50:48.806,0.88217,0.88227,2.25,1.25
2017.07.31 08:50:48.857,0.88217,0.88226,1.00,1.19
2017.07.31 08:50:49.059,0.88215,0.88225,2.25,2.06
2017.07.31 08:50:49.846,0.88214,0.88224,1.00,2.06
2017.07.31 08:50:50.678,0.88213,0.88224,1.87,1.69
2017.07.31 08:50:51.232,0.88214,0.88224,1.12,2.06
2017.07.31 08:50:51.743,0.88215,0.88224,1.00,2.06
2017.07.31 08:50:52.573,0.88216,0.88224,1.00,2.06
2017.07.31 08:50:53.255,0.88213,0.88221,1.00,1.00
2017.07.31 08:50:53.561,0.88209,0.88218,1.50,1.12
2017.07.31 08:50:55.683,0.88209,0.88217,1.00,1.00
2017.07.31 08:50:56.373,0.88209,0.88216,1.00,1.00
2017.07.31 08:51:00.430,0.88207,0.88215,1.12,1.00
2017.07.31 08:51:00.939,0.88206,0.88215,1.00,1.00
2017.07.31 08:51:03.320,0.88204,0.88215,2.62,3.00
2017.07.31 08:51:03.423,0.88204,0.88212,1.87,1.00
2017.07.31 08:51:04.295,0.88203,0.88212,1.00,1.25
2017.07.31 08:51:04.840,0.88203,0.88211,1.12,1.00
2017.07.31 08:51:05.501,0.88203,0.88213,1.12,2.44
2017.07.31 08:51:06.977,0.88204,0.88212,1.00,1.25
2017.07.31 08:51:07.878,0.88203,0.88211,1.87,1.00
2017.07.31 08:51:08.998,0.88203,0.88212,1.87,1.25
2017.07.31 08:51:09.304,0.88198,0.88207,3.00,1.00
2017.07.31 08:51:09.457,0.88194,0.88205,4.50,1.87
2017.07.31 08:51:09.509,0.88194,0.88204,2.25,1.19
2017.07.31 08:51:10.320,0.88193,0.88203,1.00,1.31
2017.07.31 08:51:11.575,0.88193,0.88202,1.00,1.00
2017.07.31 08:51:11.884,0.88192,0.88199,1.12,1.00
2017.07.31 08:51:12.457,0.8819,0.88199,1.00,1.00
2017.07.31 08:51:13.978,0.88191,0.88199,1.00,1.12
2017.07.31 08:51:15.315,0.8819,0.88199,1.00,1.12
2017.07.31 08:51:18.035,0.88191,0.88199,1.00,1.12
2017.07.31 08:51:18.765,0.8819,0.88199,1.50,1.12
2017.07.31 08:51:19.531,0.88191,0.88199,1.00,1.87
2017.07.31 08:51:20.082,0.8819,0.88199,1.00,1.87
2017.07.31 08:51:21.418,0.88194,0.88198,1.00,1.00
2017.07.31 08:51:21.571,0.88195,0.88203,1.00,1.50
2017.07.31 08:51:22.208,0.88195,0.88204,1.00,1.50
2017.07.31 08:51:22.918,0.88194,0.88204,1.12,1.00
2017.07.31 08:51:23.836,0.88194,0.88204,1.87,1.00
2017.07.31 08:51:23.938,0.88199,0.88206,1.00,1.37
2017.07.31 08:51:24.109,0.88199,0.88207,1.00,1.12
2017.07.31 08:51:24.784,0.88199,0.88209,1.00,1.87
2017.07.31 08:51:26.014,0.882,0.88209,1.00,1.50
2017.07.31 08:51:26.732,0.88198,0.88209,3.00,1.50
2017.07.31 08:51:27.239,0.88198,0.88209,1.87,1.50
2017.07.31 08:51:27.794,0.88198,0.88207,1.12,1.00
2017.07.31 08:51:28.062,0.88198,0.88209,1.87,1.50
2017.07.31 08:51:28.589,0.88198,0.88208,1.87,1.00
2017.07.31 08:51:29.337,0.88198,0.88209,1.87,1.50
2017.07.31 08:51:29.771,0.882,0.88209,1.00,1.00
2017.07.31 08:51:30.194,0.88202,0.88212,1.12,2.62
2017.07.31 08:51:30.500,0.88204,0.88213,1.00,1.69
2017.07.31 08:51:34.371,0.88203,0.88212,1.50,1.00
2017.07.31 08:51:35.127,0.88203,0.88214,1.50,1.37
2017.07.31 08:51:35.637,0.88204,0.88214,1.12,1.00
2017.07.31 08:51:36.209,0.88205,0.88215,2.25,1.50
2017.07.31 08:51:36.548,0.8821,0.88221,2.62,2.06
2017.07.31 08:51:37.095,0.8821,0.8822,1.50,2.25
2017.07.31 08:51:39.771,0.8821,0.88219,2.25,1.00
2017.07.31 08:51:40.729,0.8821,0.8822,2.25,3.00
2017.07.31 08:51:43.349,0.88209,0.88219,2.25,1.19
2017.07.31 08:51:43.401,0.88209,0.88219,1.50,1.19
2017.07.31 08:51:44.843,0.8821,0.88218,1.00,1.25
2017.07.31 08:51:45.380,0.8821,0.8822,1.87,1.19
2017.07.31 08:51:48.545,0.88212,0.8822,1.00,2.44
2017.07.31 08:51:49.100,0.88212,0.8822,1.00,1.50
2017.07.31 08:51:49.746,0.88211,0.88222,1.50,2.44
2017.07.31 08:51:51.289,0.88211,0.88219,1.00,1.19
2017.07.31 08:51:53.227,0.88209,0.88219,1.72,1.19
2017.07.31 08:51:54.537,0.8821,0.88219,1.00,2.06
2017.07.31 08:51:55.182,0.88209,0.88217,1.30,1.19
2017.07.31 08:51:57.273,0.8821,0.88217,1.00,1.19
2017.07.31 08:51:58.199,0.88208,0.88217,2.62,1.19
2017.07.31 08:52:00.109,0.8821,0.8822,1.00,1.69
2017.07.31 08:52:03.097,0.88209,0.88219,1.12,1.69
2017.07.31 08:52:04.335,0.88209,0.88217,1.12,1.00
2017.07.31 08:52:04.862,0.88208,0.88217,1.12,1.00
2017.07.31 08:52:05.017,0.88211,0.88218,1.00,1.69
2017.07.31 08:52:05.222,0.88211,0.8822,1.00,1.87
2017.07.31 08:52:06.880,0.88211,0.88219,1.00,1.00
2017.07.31 08:52:07.483,0.88211,0.8822,1.00,1.00
2017.07.31 08:52:08.322,0.88211,0.8822,1.00,1.50
2017.07.31 08:52:09.009,0.88211,0.88221,1.00,1.87
2017.07.31 08:52:12.915,0.88213,0.88221,1.00,2.25
2017.07.31 08:52:13.936,0.88213,0.88221,1.00,1.87
2017.07.31 08:52:15.218,0.88212,0.88221,1.00,1.12
2017.07.31 08:52:19.634,0.88211,0.88221,1.00,1.00
2017.07.31 08:52:20.373,0.88213,0.88221,1.00,1.00
2017.07.31 08:52:20.895,0.88212,0.88221,1.00,1.00
2017.07.31 08:52:22.034,0.88212,0.88222,1.00,2.06
2017.07.31 08:52:23.545,0.88212,0.88222,1.00,2.81
2017.07.31 08:52:24.075,0.88211,0.88221,1.00,1.25
2017.07.31 08:52:27.428,0.88211,0.88221,1.00,1.19
2017.07.31 08:52:27.956,0.88211,0.88221,1.00,1.25
2017.07.31 08:52:28.955,0.8821,0.8822,3.00,1.50
2017.07.31 08:52:29.261,0.88208,0.88216,1.12,1.00
2017.07.31 08:52:31.864,0.88207,0.88217,1.87,1.00
2017.07.31 08:52:32.933,0.88207,0.88218,1.12,1.87
2017.07.31 08:52:33.444,0.88207,0.88217,1.12,1.00
2017.07.31 08:52:34.397,0.88207,0.88216,1.12,1.00
2017.07.31 08:52:39.955,0.88207,0.88217,1.31,1.00
2017.07.31 08:52:40.799,0.88207,0.88218,2.06,1.87
2017.07.31 08:52:44.458,0.88209,0.88218,2.06,1.00
2017.07.31 08:52:44.561,0.8821,0.8822,1.50,1.00
2017.07.31 08:52:45.093,0.8821,0.88221,1.12,1.50
2017.07.31 08:52:45.733,0.88211,0.8822,1.00,1.00
2017.07.31 08:52:46.927,0.8821,0.88217,1.12,1.37
2017.07.31 08:52:47.131,0.88206,0.88215,1.00,1.00
2017.07.31 08:52:47.335,0.88207,0.88217,1.00,1.50
2017.07.31 08:52:47.437,0.8821,0.88218,1.00,1.50
2017.07.31 08:52:47.889,0.88207,0.88217,1.00,1.12
2017.07.31 08:52:47.940,0.88207,0.88217,1.00,1.50
2017.07.31 08:52:48.305,0.88207,0.88217,1.00,1.00
2017.07.31 08:52:48.837,0.88207,0.88216,1.00,1.00
2017.07.31 08:52:49.365,0.88208,0.88216,1.00,1.12
2017.07.31 08:52:49.875,0.88208,0.88217,1.00,1.50
2017.07.31 08:52:50.377,0.88208,0.88216,1.00,1.00
2017.07.31 08:52:50.906,0.88207,0.88216,1.00,1.00
2017.07.31 08:52:54.522,0.88209,0.88215,1.00,1.00
2017.07.31 08:52:54.624,0.8821,0.88218,1.00,1.87
2017.07.31 08:52:54.776,0.8821,0.88219,1.00,1.00
2017.07.31 08:52:55.022,0.88208,0.88217,1.87,1.00
2017.07.31 08:52:55.074,0.88207,0.88216,1.00,1.00
2017.07.31 08:52:55.330,0.88206,0.88214,1.69,1.00
2017.07.31 08:52:55.661,0.88206,0.88216,1.69,1.00
2017.07.31 08:52:56.185,0.88206,0.88217,1.25,3.00
2017.07.31 08:52:56.427,0.88206,0.88214,1.31,1.00
2017.07.31 08:52:56.479,0.88206,0.88216,2.06,1.00
2017.07.31 08:52:57.005,0.88207,0.88216,1.12,1.00
2017.07.31 08:52:57.518,0.88208,0.88217,1.00,1.12
2017.07.31 08:52:57.798,0.8821,0.88218,1.00,1.62
2017.07.31 08:52:58.417,0.8821,0.88218,1.00,1.25
2017.07.31 08:52:59.598,0.8821,0.88219,1.00,1.87
2017.07.31 08:53:00.104,0.88208,0.88217,1.12,1.00
2017.07.31 08:53:00.724,0.88209,0.88217,1.50,1.00
2017.07.31 08:53:01.257,0.88209,0.88216,1.00,1.00
2017.07.31 08:53:01.392,0.88209,0.88218,1.00,1.00
2017.07.31 08:53:01.903,0.88209,0.88219,1.50,1.50
2017.07.31 08:53:02.413,0.88209,0.88216,1.00,1.00
2017.07.31 08:53:02.974,0.88208,0.88216,1.00,1.00
2017.07.31 08:53:03.357,0.88209,0.88218,1.00,1.50
2017.07.31 08:53:04.306,0.88208,0.88218,1.50,1.00
2017.07.31 08:53:05.322,0.88209,0.88218,1.00,1.00
2017.07.31 08:53:05.780,0.88207,0.88217,2.25,1.00
2017.07.31 08:53:05.890,0.88206,0.88214,1.00,1.50
2017.07.31 08:53:06.430,0.88205,0.88215,1.00,1.25
2017.07.31 08:53:09.559,0.88207,0.88215,1.00,1.50
2017.07.31 08:53:10.176,0.88205,0.88215,1.00,1.50
2017.07.31 08:53:11.225,0.88205,0.88214,1.00,1.00
2017.07.31 08:53:12.039,0.88205,0.88213,2.25,1.00
2017.07.31 08:53:17.075,0.88205,0.88214,1.00,1.00
2017.07.31 08:53:18.073,0.88206,0.88214,1.00,1.00
2017.07.31 08:53:19.121,0.88205,0.88214,1.50,1.00
2017.07.31 08:53:28.813,0.88207,0.88214,1.00,1.00
2017.07.31 08:53:29.018,0.88211,0.88219,1.12,1.12
2017.07.31 08:53:29.528,0.88212,0.8822,1.00,1.00
2017.07.31 08:53:30.083,0.88211,0.8822,1.12,1.00
2017.07.31 08:53:32.106,0.88211,0.88221,2.25,1.00
2017.07.31 08:53:32.643,0.88212,0.88222,4.87,1.00
2017.07.31 08:53:36.785,0.88212,0.8822,1.00,1.00
2017.07.31 08:53:37.769,0.88211,0.8822,1.00,1.50
2017.07.31 08:53:38.278,0.8821,0.88218,1.87,1.50
2017.07.31 08:53:38.638,0.88208,0.88217,1.50,1.50
2017.07.31 08:53:39.180,0.88208,0.88216,1.00,1.00
2017.07.31 08:53:39.634,0.88211,0.88218,1.50,1.00
2017.07.31 08:53:39.953,0.88218,0.88227,1.19,1.75
2017.07.31 08:53:40.055,0.88221,0.88228,1.25,1.50
2017.07.31 08:53:40.463,0.8822,0.88229,1.12,1.00
2017.07.31 08:53:40.643,0.88219,0.88229,1.50,1.87
2017.07.31 08:53:41.168,0.8822,0.88229,1.50,1.50
2017.07.31 08:53:41.696,0.88221,0.88229,1.50,1.12
2017.07.31 08:53:42.245,0.88219,0.88228,1.87,1.00
2017.07.31 08:53:45.599,0.88218,0.88227,3.00,1.00
2017.07.31 08:53:46.268,0.88219,0.88226,1.00,1.00
2017.07.31 08:53:46.319,0.88221,0.88228,1.00,1.50
2017.07.31 08:53:46.422,0.88221,0.88229,1.00,1.50
2017.07.31 08:53:46.930,0.88221,0.88229,1.00,1.87
2017.07.31 08:53:47.150,0.88218,0.88227,1.50,1.00
2017.07.31 08:53:48.440,0.88218,0.88225,1.50,1.00
2017.07.31 08:53:49.022,0.88217,0.88225,2.25,1.00
2017.07.31 08:53:50.245,0.88218,0.88226,1.12,1.00
2017.07.31 08:53:50.554,0.8822,0.88227,1.00,1.00
2017.07.31 08:53:51.139,0.88218,0.88227,1.12,1.00
2017.07.31 08:53:51.292,0.88216,0.88227,2.62,2.62
2017.07.31 08:53:51.802,0.88216,0.88225,1.12,1.37
2017.07.31 08:53:52.053,0.8822,0.88229,1.00,2.25
2017.07.31 08:53:52.584,0.8822,0.88229,1.87,1.00
2017.07.31 08:53:52.635,0.8822,0.88231,1.37,2.25
2017.07.31 08:53:53.136,0.8822,0.8823,1.37,1.00
2017.07.31 08:53:53.638,0.8822,0.88229,1.00,1.00
2017.07.31 08:53:54.717,0.8822,0.8823,2.25,1.00
2017.07.31 08:53:55.367,0.8822,0.88231,2.25,1.87
2017.07.31 08:53:56.112,0.8822,0.8823,3.00,1.00
2017.07.31 08:53:56.625,0.8822,0.88229,1.50,1.00
2017.07.31 08:54:00.485,0.8822,0.8823,1.50,1.50
2017.07.31 08:54:01.202,0.88218,0.88227,1.50,1.00
2017.07.31 08:54:01.367,0.88216,0.88225,1.50,1.00
2017.07.31 08:54:01.727,0.88216,0.88223,1.50,1.00
2017.07.31 08:54:02.034,0.88216,0.88226,1.50,1.00
2017.07.31 08:54:02.933,0.88216,0.88227,2.25,2.25
2017.07.31 08:54:03.257,0.88218,0.88226,1.00,1.00
2017.07.31 08:54:04.231,0.88218,0.88227,1.50,1.50
2017.07.31 08:54:05.477,0.88218,0.88226,1.00,1.00
2017.07.31 08:54:06.131,0.88217,0.88226,1.00,1.00
2017.07.31 08:54:07.186,0.88216,0.88226,3.37,1.00
2017.07.31 08:54:07.491,0.88214,0.88224,2.25,1.00
2017.07.31 08:54:07.851,0.88214,0.88224,2.25,2.25
2017.07.31 08:54:10.343,0.88216,0.88224,1.00,1.87
2017.07.31 08:54:10.564,0.88217,0.88226,1.00,1.87
2017.07.31 08:54:12.277,0.88216,0.88226,1.87,1.00
2017.07.31 08:54:12.822,0.88217,0.88225,1.00,1.12
2017.07.31 08:54:13.098,0.88215,0.88225,1.00,1.12
2017.07.31 08:54:14.048,0.88215,0.88224,1.00,1.00
2017.07.31 08:54:14.746,0.88216,0.88226,1.00,3.00
2017.07.31 08:54:14.848,0.88218,0.88227,1.00,2.62
2017.07.31 08:54:14.900,0.88218,0.88227,1.00,1.87
2017.07.31 08:54:15.747,0.88217,0.88227,1.50,2.25
2017.07.31 08:54:17.912,0.88217,0.88226,1.00,1.00
2017.07.31 08:54:19.464,0.88216,0.88224,1.00,1.00
2017.07.31 08:54:19.515,0.88214,0.88224,1.87,2.25
2017.07.31 08:54:20.042,0.88213,0.88223,1.50,1.00
2017.07.31 08:54:20.592,0.88214,0.88224,1.37,1.50
2017.07.31 08:54:21.167,0.88215,0.88223,1.12,1.00
2017.07.31 08:54:22.800,0.88214,0.88224,1.37,1.50
2017.07.31 08:54:23.345,0.88215,0.88224,2.62,1.50
2017.07.31 08:54:24.292,0.88215,0.88224,2.62,1.00
2017.07.31 08:54:26.855,0.88216,0.88224,1.00,1.50
2017.07.31 08:54:28.377,0.88215,0.88224,1.12,2.25
2017.07.31 08:54:31.357,0.88215,0.88225,1.00,1.50
2017.07.31 08:54:31.439,0.88218,0.88225,1.00,1.00
2017.07.31 08:54:31.542,0.88219,0.88228,1.12,1.50
2017.07.31 08:54:33.473,0.8822,0.88228,1.00,1.50
2017.07.31 08:54:35.266,0.88215,0.88225,3.94,1.00
2017.07.31 08:54:35.368,0.88215,0.88225,1.12,1.50
2017.07.31 08:54:35.930,0.88215,0.88225,1.00,2.25
2017.07.31 08:54:37.402,0.88214,0.88224,1.00,1.12
2017.07.31 08:54:37.453,0.88213,0.88222,1.00,1.00
2017.07.31 08:54:38.999,0.88215,0.88222,1.00,1.12
2017.07.31 08:54:40.989,0.88216,0.88225,1.00,1.87
2017.07.31 08:54:41.497,0.88215,0.88224,1.00,1.00
2017.07.31 08:54:41.549,0.88215,0.88222,1.00,1.00
2017.07.31 08:54:42.069,0.88214,0.88222,1.00,1.00
2017.07.31 08:54:42.172,0.88216,0.88225,1.00,1.50
2017.07.31 08:54:42.478,0.88218,0.88227,1.00,3.37
2017.07.31 08:54:43.108,0.88218,0.88227,1.00,3.00
2017.07.31 08:54:44.353,0.88219,0.88227,1.00,1.50
2017.07.31 08:54:44.897,0.88219,0.88229,1.00,1.87
2017.07.31 08:54:45.217,0.88222,0.88228,1.00,1.12
2017.07.31 08:54:45.320,0.8822,0.88228,1.00,1.00
2017.07.31 08:54:46.206,0.8822,0.88229,1.00,1.50
2017.07.31 08:54:47.781,0.8822,0.8823,1.00,3.37
2017.07.31 08:54:50.039,0.88222,0.8823,1.00,1.87
2017.07.31 08:54:50.548,0.88221,0.8823,1.12,1.00
2017.07.31 08:54:51.118,0.88221,0.88231,1.12,3.56
2017.07.31 08:54:51.535,0.88223,0.8823,1.00,2.25
2017.07.31 08:54:51.868,0.88222,0.88229,1.00,2.25
2017.07.31 08:54:52.199,0.88222,0.88229,1.00,2.25
2017.07.31 08:54:52.724,0.88222,0.8823,1.00,1.87
2017.07.31 08:54:55.218,0.88222,0.8823,1.00,1.87
2017.07.31 08:54:57.204,0.88222,0.88231,1.00,2.25
2017.07.31 08:54:57.721,0.88222,0.88229,1.50,1.00
2017.07.31 08:54:57.823,0.88224,0.88231,1.00,1.50
2017.07.31 08:54:58.234,0.88221,0.8823,1.50,2.25
2017.07.31 08:54:58.800,0.88222,0.8823,1.00,1.75
2017.07.31 08:55:01.159,0.88222,0.88229,1.00,1.00
2017.07.31 08:55:01.697,0.88223,0.88231,1.00,2.00
2017.07.31 08:55:02.448,0.88222,0.8823,1.00,1.50
2017.07.31 08:55:03.215,0.88221,0.8823,1.00,1.50
2017.07.31 08:55:04.418,0.8822,0.8823,1.00,2.25
2017.07.31 08:55:04.887,0.88222,0.88229,1.00,1.00
2017.07.31 08:55:05.210,0.88224,0.88232,1.00,2.25
2017.07.31 08:55:05.831,0.88224,0.88232,1.00,1.37
2017.07.31 08:55:10.498,0.88225,0.88232,1.00,1.50
2017.07.31 08:55:11.610,0.88224,0.88232,1.00,1.50
2017.07.31 08:55:13.268,0.88225,0.88232,1.00,1.37
2017.07.31 08:55:14.653,0.88225,0.88232,1.00,1.00
2017.07.31 08:55:15.452,0.88226,0.88234,1.00,2.06
2017.07.31 08:55:16.296,0.88226,0.88234,1.00,2.06
2017.07.31 08:55:17.220,0.88226,0.88233,1.00,1.00
2017.07.31 08:55:17.583,0.88224,0.88232,1.00,1.00
2017.07.31 08:55:17.634,0.88226,0.88232,1.00,1.00
2017.07.31 08:55:18.214,0.88226,0.88233,1.00,1.00
2017.07.31 08:55:18.816,0.88225,0.88233,1.00,1.00
2017.07.31 08:55:19.352,0.88224,0.88233,1.00,1.50
2017.07.31 08:55:19.990,0.88225,0.88233,1.00,1.50
2017.07.31 08:55:21.218,0.88226,0.88233,1.00,1.50
2017.07.31 08:55:21.672,0.88228,0.88233,1.00,1.00
2017.07.31 08:55:21.723,0.88228,0.88235,1.00,1.50
2017.07.31 08:55:21.775,0.8823,0.88235,1.00,1.00
2017.07.31 08:55:22.172,0.88227,0.88235,1.50,1.00
2017.07.31 08:55:22.687,0.88226,0.88234,1.00,1.00
2017.07.31 08:55:24.162,0.88226,0.88235,1.00,1.12
2017.07.31 08:55:24.710,0.88227,0.88235,1.00,1.00
2017.07.31 08:55:27.304,0.88226,0.88235,1.00,1.12
2017.07.31 08:55:27.851,0.88229,0.88235,1.00,1.12
2017.07.31 08:55:28.532,0.88229,0.88236,1.00,1.00
2017.07.31 08:55:30.768,0.88228,0.88236,1.00,1.00
2017.07.31 08:55:33.014,0.88229,0.88236,1.00,1.00
2017.07.31 08:55:36.925,0.88228,0.88236,1.00,1.00
2017.07.31 08:55:37.257,0.88227,0.88234,1.00,1.00
2017.07.31 08:55:37.803,0.88227,0.88234,1.00,1.37
2017.07.31 08:55:39.442,0.88225,0.88233,1.00,1.12
2017.07.31 08:55:39.991,0.88224,0.88232,1.00,1.12
2017.07.31 08:55:41.901,0.88225,0.88232,1.00,1.12
2017.07.31 08:55:42.117,0.88227,0.88233,1.00,1.00
2017.07.31 08:55:45.496,0.88226,0.88233,1.00,1.00
2017.07.31 08:55:48.600,0.88227,0.88233,1.00,1.00
2017.07.31 08:55:48.939,0.88225,0.88234,1.00,1.12
2017.07.31 08:55:49.041,0.88225,0.88231,1.00,1.00
2017.07.31 08:55:50.015,0.88228,0.88234,1.00,1.37
2017.07.31 08:55:50.453,0.88229,0.88235,1.00,1.00
2017.07.31 08:55:50.962,0.8823,0.88236,1.00,1.50
2017.07.31 08:55:51.871,0.88229,0.88236,1.00,1.50
2017.07.31 08:55:53.251,0.88229,0.88234,1.00,1.00
2017.07.31 08:55:53.762,0.88229,0.88235,1.00,1.00
2017.07.31 08:55:59.699,0.88228,0.88236,1.00,1.00
2017.07.31 08:56:00.004,0.8823,0.88236,1.00,1.00
2017.07.31 08:56:00.716,0.88228,0.88236,1.00,1.00
2017.07.31 08:56:00.768,0.8823,0.88236,1.00,1.00
2017.07.31 08:56:01.648,0.88228,0.88236,1.00,1.00
2017.07.31 08:56:02.174,0.88227,0.88236,1.00,1.00
2017.07.31 08:56:02.277,0.88229,0.88236,1.00,1.00
2017.07.31 08:56:02.607,0.88227,0.88236,1.00,1.00
2017.07.31 08:56:03.724,0.88226,0.88236,1.12,1.00
2017.07.31 08:56:03.828,0.88228,0.88236,1.00,1.50
2017.07.31 08:56:04.810,0.88226,0.88236,1.12,1.00
2017.07.31 08:56:05.700,0.88225,0.88236,3.00,1.50
2017.07.31 08:56:06.226,0.88226,0.88236,1.87,1.00
2017.07.31 08:56:06.902,0.88227,0.88236,1.00,1.00
2017.07.31 08:56:07.597,0.88228,0.88236,1.00,1.50
2017.07.31 08:56:07.964,0.88226,0.88236,1.12,1.00
2017.07.31 08:56:08.501,0.88227,0.88236,1.00,1.00
2017.07.31 08:56:09.675,0.88226,0.88236,1.12,1.00
2017.07.31 08:56:10.278,0.88227,0.88236,1.00,2.25
2017.07.31 08:56:10.494,0.88225,0.88235,1.00,1.00
2017.07.31 08:56:10.901,0.88224,0.88234,1.00,1.87
2017.07.31 08:56:11.543,0.88223,0.88233,1.00,1.87
2017.07.31 08:56:12.101,0.88224,0.88233,1.00,1.12
2017.07.31 08:56:12.962,0.88223,0.88233,1.00,1.12
2017.07.31 08:56:13.483,0.88224,0.88233,1.00,1.12
2017.07.31 08:56:15.086,0.88223,0.88233,1.00,1.50
2017.07.31 08:56:15.587,0.88226,0.88235,1.00,1.12
2017.07.31 08:56:15.740,0.88225,0.88236,1.50,1.37
2017.07.31 08:56:16.534,0.88225,0.88236,1.50,1.31
2017.07.31 08:56:16.586,0.88224,0.88235,1.87,1.69
2017.07.31 08:56:17.096,0.88224,0.88232,2.25,1.00
2017.07.31 08:56:17.742,0.88223,0.88232,3.37,1.37
2017.07.31 08:56:17.848,0.88223,0.88233,3.37,1.00
2017.07.31 08:56:17.969,0.88225,0.88237,1.00,4.31
2017.07.31 08:56:18.020,0.88226,0.88236,1.12,1.12
2017.07.31 08:56:18.174,0.88226,0.88238,1.87,1.50
2017.07.31 08:56:18.484,0.88228,0.88238,1.00,1.50
2017.07.31 08:56:21.980,0.88227,0.88239,1.50,2.44
2017.07.31 08:56:22.817,0.88228,0.88237,1.00,1.00
2017.07.31 08:56:23.123,0.88228,0.88237,1.00,3.00
2017.07.31 08:56:23.645,0.88227,0.88237,1.50,3.00
2017.07.31 08:56:24.842,0.88227,0.88236,1.50,1.00
2017.07.31 08:56:25.430,0.88227,0.88237,1.00,1.12
2017.07.31 08:56:26.096,0.88226,0.88237,2.25,1.12
2017.07.31 08:56:28.505,0.88226,0.88236,2.44,1.00
2017.07.31 08:56:32.344,0.88227,0.88236,1.00,1.50
2017.07.31 08:56:34.839,0.88226,0.88236,1.25,1.00
2017.07.31 08:56:37.391,0.88228,0.88238,1.00,1.50
2017.07.31 08:56:37.737,0.8823,0.88239,1.00,2.25
2017.07.31 08:56:37.789,0.88229,0.88239,1.00,1.50
2017.07.31 08:56:38.362,0.88227,0.88239,2.62,1.50
2017.07.31 08:56:38.698,0.88227,0.88236,2.25,1.00
2017.07.31 08:56:39.219,0.88226,0.88237,1.31,1.00
2017.07.31 08:56:41.046,0.88227,0.88238,1.00,1.50
2017.07.31 08:56:41.554,0.88228,0.88238,1.00,1.00
2017.07.31 08:56:42.056,0.88227,0.88238,1.87,1.00
2017.07.31 08:56:42.718,0.88229,0.8824,1.00,2.06
2017.07.31 08:56:42.889,0.88227,0.8824,3.37,2.81
2017.07.31 08:56:44.201,0.8823,0.8824,1.00,2.06
2017.07.31 08:56:44.497,0.88231,0.88242,1.00,2.25
2017.07.31 08:56:46.818,0.88231,0.8824,1.00,1.00
2017.07.31 08:56:48.163,0.88231,0.88241,1.00,1.12
2017.07.31 08:56:48.867,0.8823,0.88241,1.50,1.12
2017.07.31 08:56:52.347,0.8823,0.88239,1.00,1.00
2017.07.31 08:56:52.566,0.88227,0.88238,1.00,2.25
2017.07.31 08:56:53.311,0.88228,0.88238,1.00,2.25
2017.07.31 08:56:53.362,0.88226,0.88238,2.06,3.00
2017.07.31 08:56:53.927,0.88228,0.88238,2.25,2.62
2017.07.31 08:56:54.077,0.88226,0.88238,3.94,2.62
2017.07.31 08:56:54.334,0.88229,0.88238,1.00,1.00
2017.07.31 08:56:54.437,0.88229,0.8824,1.50,1.87
2017.07.31 08:56:54.973,0.88229,0.88239,1.87,1.00
2017.07.31 08:56:56.622,0.88229,0.88239,2.06,1.00
2017.07.31 08:56:56.898,0.88229,0.88241,1.31,1.50
2017.07.31 08:56:57.635,0.88229,0.88241,1.12,2.81
2017.07.31 08:56:59.431,0.88228,0.88239,4.12,1.00
2017.07.31 08:57:00.163,0.88228,0.88241,3.75,2.81
2017.07.31 08:57:00.814,0.8823,0.88239,1.00,1.00
2017.07.31 08:57:02.766,0.88231,0.88239,1.00,1.00
2017.07.31 08:57:03.032,0.88229,0.8824,1.50,1.50
2017.07.31 08:57:06.405,0.88227,0.88238,2.62,1.00
2017.07.31 08:57:06.764,0.88227,0.88237,1.12,1.00
2017.07.31 08:57:07.019,0.88225,0.88235,3.37,1.00
2017.07.31 08:57:07.538,0.88225,0.88234,1.87,1.00
2017.07.31 08:57:08.451,0.88225,0.88234,1.50,1.00
2017.07.31 08:57:12.138,0.88225,0.88235,1.00,1.00
2017.07.31 08:57:12.826,0.88225,0.88234,1.00,1.00
2017.07.31 08:57:13.933,0.88225,0.88236,1.00,1.00
2017.07.31 08:57:14.855,0.88226,0.88236,1.50,1.50
2017.07.31 08:57:15.848,0.88225,0.88237,1.50,1.50
2017.07.31 08:57:25.682,0.88225,0.88236,1.50,1.00
2017.07.31 08:57:27.091,0.88225,0.88236,2.25,1.00
2017.07.31 08:57:28.759,0.88225,0.88235,1.37,1.00
2017.07.31 08:57:30.021,0.88224,0.88233,1.50,1.00
2017.07.31 08:57:33.220,0.88225,0.88236,1.00,1.50
2017.07.31 08:57:34.180,0.88224,0.88235,1.50,1.00
2017.07.31 08:57:35.351,0.88224,0.88233,1.50,1.00
2017.07.31 08:57:36.197,0.88225,0.88233,1.00,1.00
2017.07.31 08:57:37.048,0.88224,0.88233,1.50,1.00
2017.07.31 08:57:46.224,0.88224,0.88233,1.50,1.00
2017.07.31 08:57:47.147,0.88224,0.88233,1.12,1.00
2017.07.31 08:57:49.373,0.88221,0.88231,2.25,1.00
2017.07.31 08:57:49.498,0.88218,0.88227,1.12,1.00
2017.07.31 08:57:50.344,0.88217,0.88227,1.00,1.00
2017.07.31 08:57:51.444,0.88218,0.88227,1.00,1.50
2017.07.31 08:58:01.517,0.88217,0.88227,1.50,1.00
2017.07.31 08:58:03.707,0.88216,0.88227,3.75,1.00
2017.07.31 08:58:04.646,0.88216,0.88227,2.81,1.00
2017.07.31 08:58:06.505,0.88217,0.88227,1.50,1.00
2017.07.31 08:58:09.245,0.88219,0.88227,1.00,1.00
2017.07.31 08:58:11.691,0.88218,0.88227,1.00,1.00
2017.07.31 08:58:12.099,0.88216,0.88227,1.31,1.50
2017.07.31 08:58:12.216,0.88213,0.88222,2.62,1.00
2017.07.31 08:58:12.319,0.88211,0.88221,1.37,1.00
2017.07.31 08:58:12.866,0.88208,0.88221,4.69,1.87
2017.07.31 08:58:13.422,0.88208,0.88221,3.94,1.87
2017.07.31 08:58:13.473,0.88208,0.88221,3.75,1.87
2017.07.31 08:58:13.525,0.88208,0.88219,2.25,1.00
2017.07.31 08:58:13.845,0.88207,0.88217,2.25,1.00
2017.07.31 08:58:14.385,0.88207,0.88217,1.12,1.87
2017.07.31 08:58:15.058,0.88207,0.88218,1.31,1.50
2017.07.31 08:58:15.622,0.88208,0.88218,1.00,1.00
2017.07.31 08:58:16.473,0.88206,0.88215,3.37,1.00
2017.07.31 08:58:16.646,0.88205,0.88217,1.31,1.87
2017.07.31 08:58:16.876,0.88206,0.88217,1.37,1.87
2017.07.31 08:58:18.781,0.88205,0.88215,1.00,1.50
2017.07.31 08:58:19.086,0.88207,0.88218,2.25,1.50
2017.07.31 08:58:20.064,0.88208,0.88218,1.00,1.50
2017.07.31 08:58:20.217,0.88208,0.88218,1.00,1.00
2017.07.31 08:58:20.744,0.88207,0.88218,1.50,1.50
2017.07.31 08:58:21.005,0.88207,0.88216,1.00,1.00
2017.07.31 08:58:21.621,0.88206,0.88217,1.12,1.00
2017.07.31 08:58:22.562,0.88207,0.88218,1.00,1.50
2017.07.31 08:58:23.060,0.88204,0.88216,1.25,1.00
2017.07.31 08:58:23.819,0.88204,0.88216,1.12,3.00
2017.07.31 08:58:25.035,0.88204,0.88216,2.25,1.12
2017.07.31 08:58:25.396,0.88204,0.88214,1.12,1.00
2017.07.31 08:58:25.963,0.88203,0.88215,1.37,1.87
2017.07.31 08:58:26.313,0.88201,0.88213,1.87,1.50
2017.07.31 08:58:26.831,0.88201,0.88212,1.12,1.12
2017.07.31 08:58:28.864,0.88202,0.88212,1.00,1.50
2017.07.31 08:58:29.281,0.88199,0.88209,2.25,1.00
2017.07.31 08:58:29.333,0.88199,0.88211,1.75,1.87
2017.07.31 08:58:29.385,0.88198,0.88211,3.00,2.62
2017.07.31 08:58:29.889,0.88198,0.88209,1.00,1.00
2017.07.31 08:58:30.233,0.88198,0.88211,1.00,3.37
2017.07.31 08:58:30.744,0.88199,0.88211,1.00,1.50
2017.07.31 08:58:31.189,0.88201,0.88211,1.00,2.25
2017.07.31 08:58:31.767,0.88199,0.8821,3.00,1.00
2017.07.31 08:58:32.073,0.88199,0.88209,1.50,1.00
2017.07.31 08:58:32.629,0.882,0.88209,1.12,1.00
2017.07.31 08:58:33.178,0.88199,0.88209,1.00,1.00
2017.07.31 08:58:33.716,0.88197,0.88209,2.06,1.50
2017.07.31 08:58:34.593,0.88199,0.88209,1.25,1.50
2017.07.31 08:58:35.103,0.88199,0.88209,1.62,1.00
2017.07.31 08:58:35.544,0.88198,0.88207,1.00,1.00
2017.07.31 08:58:35.595,0.88198,0.88209,1.00,1.00
2017.07.31 08:58:35.749,0.88197,0.88207,1.50,1.00
2017.07.31 08:58:35.903,0.88196,0.88206,1.50,1.00
2017.07.31 08:58:36.415,0.88197,0.88207,1.50,1.00
2017.07.31 08:58:36.885,0.88199,0.88209,1.00,1.12
2017.07.31 08:58:37.205,0.882,0.8821,2.25,1.00
2017.07.31 08:58:37.844,0.882,0.88211,2.25,1.00
2017.07.31 08:58:38.684,0.882,0.88212,2.25,1.25
2017.07.31 08:58:39.230,0.882,0.88211,1.50,1.50
2017.07.31 08:58:39.837,0.882,0.88211,1.12,1.50
2017.07.31 08:58:40.670,0.88199,0.8821,3.00,1.25
2017.07.31 08:58:40.978,0.88199,0.88208,1.00,1.12
2017.07.31 08:58:41.080,0.88197,0.88208,1.00,1.12
2017.07.31 08:58:41.284,0.88195,0.88205,3.75,1.00
2017.07.31 08:58:41.824,0.88195,0.88206,2.25,1.00
2017.07.31 08:58:42.337,0.88197,0.88207,1.00,1.00
2017.07.31 08:58:43.225,0.88197,0.88208,1.00,1.50
2017.07.31 08:58:44.017,0.88197,0.88208,1.37,1.50
2017.07.31 08:58:44.272,0.882,0.88211,1.50,1.00
2017.07.31 08:58:44.799,0.882,0.8821,1.00,1.00
2017.07.31 08:58:45.385,0.88199,0.88208,1.37,1.00
2017.07.31 08:58:46.804,0.88199,0.88209,1.37,1.00
2017.07.31 08:58:48.417,0.88196,0.88206,2.62,1.00
2017.07.31 08:58:48.521,0.88196,0.88206,1.50,1.50
2017.07.31 08:58:48.828,0.88198,0.88206,1.00,1.00
2017.07.31 08:58:49.337,0.88198,0.88207,1.00,1.00
2017.07.31 08:58:50.595,0.88198,0.88208,1.00,1.00
2017.07.31 08:58:52.504,0.88198,0.88207,1.12,1.00
2017.07.31 08:58:53.047,0.88197,0.88207,1.50,1.00
2017.07.31 08:58:53.570,0.88197,0.88206,1.00,1.00
2017.07.31 08:58:53.798,0.88195,0.88206,1.00,1.00
2017.07.31 08:58:54.311,0.88195,0.88207,1.00,1.12
2017.07.31 08:58:54.795,0.88197,0.88207,1.00,1.00
2017.07.31 08:58:55.348,0.88197,0.88207,1.00,1.50
2017.07.31 08:58:56.203,0.88196,0.88207,1.00,2.25
2017.07.31 08:58:57.270,0.88193,0.88206,3.00,1.12
2017.07.31 08:58:59.126,0.88195,0.88206,1.12,3.37
2017.07.31 08:59:00.376,0.88194,0.88205,1.00,1.87
2017.07.31 08:59:00.951,0.88196,0.88206,1.00,3.00
2017.07.31 08:59:01.464,0.88196,0.88206,1.50,1.50
2017.07.31 08:59:01.791,0.88201,0.88206,1.00,1.00
2017.07.31 08:59:01.843,0.88201,0.88211,1.87,2.62
2017.07.31 08:59:01.947,0.88201,0.88213,1.87,4.69
2017.07.31 08:59:03.503,0.88202,0.88213,1.00,3.56
2017.07.31 08:59:04.052,0.88201,0.88213,1.87,2.81
2017.07.31 08:59:04.370,0.88199,0.8821,1.12,1.12
2017.07.31 08:59:05.637,0.882,0.8821,1.00,1.00
2017.07.31 08:59:05.842,0.88202,0.88212,1.00,1.12
2017.07.31 08:59:06.421,0.88202,0.88214,1.12,2.62
2017.07.31 08:59:06.979,0.88202,0.88214,1.87,1.87
2017.07.31 08:59:07.550,0.88202,0.88214,3.00,2.25
2017.07.31 08:59:08.367,0.88203,0.88213,1.12,1.00
2017.07.31 08:59:08.900,0.88204,0.88213,1.00,1.00
2017.07.31 08:59:09.418,0.88204,0.88214,1.00,1.50
2017.07.31 08:59:09.930,0.88205,0.88214,1.00,1.00
2017.07.31 08:59:13.885,0.88203,0.88213,1.00,1.00
2017.07.31 08:59:14.405,0.88202,0.88213,2.62,1.00
2017.07.31 08:59:14.928,0.88202,0.88212,1.12,1.00
2017.07.31 08:59:15.459,0.88204,0.88214,1.00,1.00
2017.07.31 08:59:16.042,0.88203,0.88213,1.87,1.00
2017.07.31 08:59:18.789,0.88203,0.88214,1.12,1.25
2017.07.31 08:59:19.749,0.88203,0.88212,1.87,1.00
2017.07.31 08:59:19.851,0.88204,0.88214,1.00,1.69
2017.07.31 08:59:20.490,0.88204,0.88216,1.50,2.62
2017.07.31 08:59:20.541,0.88204,0.88214,1.00,1.00
2017.07.31 08:59:21.048,0.88205,0.88215,1.00,1.12
2017.07.31 08:59:22.531,0.88205,0.88215,1.00,1.31
2017.07.31 08:59:23.226,0.88204,0.88215,1.50,1.69
2017.07.31 08:59:23.762,0.88205,0.88215,1.00,1.00
2017.07.31 08:59:27.971,0.88203,0.88215,3.00,1.00
2017.07.31 08:59:28.514,0.88204,0.88216,1.50,3.19
2017.07.31 08:59:30.121,0.88203,0.88212,1.12,1.37
2017.07.31 08:59:30.325,0.88197,0.88207,1.37,1.50
2017.07.31 08:59:30.836,0.88196,0.88206,2.25,1.50
2017.07.31 08:59:32.096,0.88196,0.88205,3.00,1.00
2017.07.31 08:59:32.597,0.88197,0.88206,1.00,1.00
2017.07.31 08:59:32.650,0.88199,0.88207,1.00,1.00
2017.07.31 08:59:32.702,0.88199,0.88209,1.50,1.87
2017.07.31 08:59:33.849,0.88199,0.88207,1.50,1.00
2017.07.31 08:59:34.480,0.88199,0.88208,1.00,1.00
2017.07.31 08:59:35.008,0.88198,0.88208,1.00,1.00
2017.07.31 08:59:35.314,0.88197,0.88206,1.50,1.00
2017.07.31 08:59:35.824,0.88197,0.88205,1.00,1.00
2017.07.31 08:59:36.081,0.88195,0.88204,1.12,1.00
2017.07.31 08:59:36.590,0.88195,0.88203,1.00,1.00
2017.07.31 08:59:37.072,0.88194,0.88201,1.12,1.00
2017.07.31 08:59:37.290,0.88194,0.88204,1.12,1.00
2017.07.31 08:59:37.393,0.88194,0.88202,1.12,1.00
2017.07.31 08:59:38.381,0.88193,0.88201,1.37,1.00
2017.07.31 08:59:38.688,0.88193,0.88203,1.37,1.00
2017.07.31 08:59:39.580,0.88194,0.88204,1.00,1.50
2017.07.31 08:59:39.896,0.88194,0.88202,1.50,1.00
2017.07.31 08:59:41.024,0.88194,0.88203,1.50,1.50
2017.07.31 08:59:41.657,0.88192,0.88201,1.37,1.50
2017.07.31 08:59:41.861,0.88191,0.88201,2.25,1.50
2017.07.31 08:59:42.393,0.88191,0.882,1.00,1.00
2017.07.31 08:59:42.557,0.88189,0.88199,1.00,1.12
2017.07.31 08:59:43.068,0.88188,0.88199,1.50,2.62
2017.07.31 08:59:44.052,0.8819,0.88199,1.00,2.62
2017.07.31 08:59:44.593,0.88191,0.88199,1.00,1.87
2017.07.31 08:59:45.113,0.88191,0.88198,1.00,1.12
2017.07.31 08:59:45.830,0.88191,0.882,1.00,1.50
2017.07.31 08:59:46.444,0.88191,0.882,1.00,1.12
2017.07.31 08:59:47.266,0.88191,0.88199,1.00,1.00
2017.07.31 08:59:48.003,0.88189,0.88199,1.12,1.12
2017.07.31 08:59:48.055,0.88188,0.88197,1.12,1.00
2017.07.31 08:59:48.566,0.88189,0.88199,1.12,1.37
2017.07.31 08:59:51.050,0.88189,0.88199,1.00,1.12
2017.07.31 08:59:51.354,0.88191,0.88201,1.00,2.25
2017.07.31 08:59:51.863,0.88191,0.88198,1.00,1.00
2017.07.31 08:59:52.171,0.88192,0.882,1.00,1.00
2017.07.31 08:59:52.680,0.88191,0.88201,1.00,1.12
2017.07.31 08:59:53.237,0.88192,0.88202,1.00,1.37
2017.07.31 08:59:53.796,0.88193,0.88202,1.00,1.00
2017.07.31 08:59:57.330,0.88197,0.88204,1.00,1.12
2017.07.31 08:59:57.483,0.882,0.8821,1.00,2.06
2017.07.31 08:59:57.586,0.88201,0.88213,1.00,1.87
2017.07.31 08:59:58.126,0.88201,0.88213,1.00,2.57
2017.07.31 08:59:58.331,0.882,0.88213,1.37,1.00
2017.07.31 08:59:58.971,0.88201,0.88213,1.12,1.82
2017.07.31 08:59:59.266,0.88205,0.88215,1.00,1.50
2017.07.31 08:59:59.575,0.88203,0.88214,1.00,1.37
