2015.06.16 08:00:00.044,0.95542,0.95555,2.25,1.00
2015.06.16 08:00:00.375,0.95547,0.9556,1.87,1.50
2015.06.16 08:00:00.883,0.95547,0.9556,1.57,1.50
2015.06.16 08:00:01.087,0.95546,0.95558,1.10,1.00
2015.06.16 08:00:01.424,0.95545,0.95556,1.10,1.00
2015.06.16 08:00:01.838,0.95543,0.95557,1.00,1.00
2015.06.16 08:00:02.311,0.95545,0.95557,1.00,1.50
2015.06.16 08:00:02.830,0.95544,0.95557,1.50,1.50
2015.06.16 08:00:03.134,0.95546,0.95555,3.97,1.00
2015.06.16 08:00:03.185,0.9555,0.9556,1.12,2.25
2015.06.16 08:00:03.287,0.9555,0.9556,1.12,1.00
2015.06.16 08:00:03.527,0.95547,0.95559,1.72,1.00
2015.06.16 08:00:04.034,0.95547,0.95559,1.00,1.00
2015.06.16 08:00:04.085,0.95545,0.95559,1.50,1.87
2015.06.16 08:00:04.187,0.95543,0.95557,1.42,1.00
2015.06.16 08:00:04.238,0.95542,0.95553,2.85,1.00
2015.06.16 08:00:04.441,0.95543,0.95557,1.35,1.00
2015.06.16 08:00:05.114,0.95543,0.95554,1.00,1.00
2015.06.16 08:00:05.166,0.95539,0.95553,1.97,1.00
2015.06.16 08:00:05.217,0.95544,0.95553,1.00,1.00
2015.06.16 08:00:05.268,0.95545,0.95555,1.00,1.00
2015.06.16 08:00:05.369,0.95542,0.95555,1.50,1.50
2015.06.16 08:00:05.939,0.95542,0.95556,1.00,1.00
2015.06.16 08:00:06.874,0.95543,0.95557,1.00,1.00
2015.06.16 08:00:07.077,0.95545,0.95558,1.00,1.12
2015.06.16 08:00:07.648,0.95544,0.95557,1.00,1.00
2015.06.16 08:00:08.961,0.95545,0.95559,1.00,1.57
2015.06.16 08:00:09.293,0.95548,0.95561,1.00,1.00
2015.06.16 08:00:09.597,0.95546,0.9556,1.00,1.00
2015.06.16 08:00:10.117,0.95547,0.95561,1.50,1.87
2015.06.16 08:00:10.652,0.95548,0.95561,1.50,1.87
2015.06.16 08:00:11.804,0.95548,0.95561,1.50,1.87
2015.06.16 08:00:11.957,0.95545,0.95559,1.87,1.87
2015.06.16 08:00:14.307,0.95548,0.9556,1.00,1.37
2015.06.16 08:00:14.717,0.95546,0.9556,1.12,1.72
2015.06.16 08:00:14.925,0.95546,0.9556,1.37,1.72
2015.06.16 08:00:15.199,0.95546,0.9556,1.37,1.00
2015.06.16 08:00:15.454,0.95549,0.95563,1.87,1.87
2015.06.16 08:00:15.960,0.95549,0.95563,1.37,1.12
2015.06.16 08:00:16.213,0.95552,0.95564,1.00,1.12
2015.06.16 08:00:16.545,0.95554,0.95567,1.37,1.37
2015.06.16 08:00:16.849,0.95557,0.95568,1.00,1.37
2015.06.16 08:00:17.002,0.95555,0.95568,1.87,1.37
2015.06.16 08:00:17.137,0.95558,0.95568,1.00,1.37
2015.06.16 08:00:17.238,0.95558,0.95568,1.00,1.12
2015.06.16 08:00:17.441,0.95558,0.9557,1.00,1.12
2015.06.16 08:00:17.656,0.95558,0.9557,1.00,1.37
2015.06.16 08:00:18.143,0.95558,0.95572,1.35,1.12
2015.06.16 08:00:18.295,0.95563,0.95574,1.00,1.00
2015.06.16 08:00:18.346,0.95563,0.95577,1.12,1.12
2015.06.16 08:00:18.398,0.95565,0.95577,1.00,1.12
2015.06.16 08:00:18.732,0.95562,0.95575,1.47,1.00
2015.06.16 08:00:18.834,0.95563,0.95577,2.62,1.50
2015.06.16 08:00:19.191,0.95562,0.95574,1.50,1.00
2015.06.16 08:00:19.394,0.95561,0.95574,1.57,1.00
2015.06.16 08:00:19.626,0.95564,0.95574,1.00,1.00
2015.06.16 08:00:19.678,0.95566,0.95578,1.00,1.57
2015.06.16 08:00:19.830,0.95568,0.9558,1.50,1.87
2015.06.16 08:00:19.882,0.95568,0.95582,1.50,1.87
2015.06.16 08:00:19.933,0.95568,0.95582,1.87,1.50
2015.06.16 08:00:20.137,0.9557,0.95584,1.12,1.00
2015.06.16 08:00:20.822,0.95574,0.95585,1.00,1.95
2015.06.16 08:00:21.330,0.95573,0.95585,1.50,1.12
2015.06.16 08:00:22.627,0.95572,0.95583,1.37,1.00
2015.06.16 08:00:23.036,0.95572,0.95581,1.00,1.50
2015.06.16 08:00:23.665,0.95572,0.95582,1.00,1.00
2015.06.16 08:00:23.970,0.95576,0.95588,3.22,1.20
2015.06.16 08:00:24.073,0.95578,0.9559,1.12,1.00
2015.06.16 08:00:24.176,0.95577,0.95586,1.87,1.00
2015.06.16 08:00:24.432,0.95569,0.95581,1.12,1.50
2015.06.16 08:00:24.879,0.95572,0.95582,1.00,1.00
2015.06.16 08:00:25.398,0.95571,0.95582,1.00,1.00
2015.06.16 08:00:26.053,0.95572,0.95582,1.00,1.00
2015.06.16 08:00:27.072,0.95571,0.95583,2.32,1.00
2015.06.16 08:00:28.183,0.95571,0.95583,1.95,1.50
2015.06.16 08:00:28.385,0.95571,0.95585,2.70,1.00
2015.06.16 08:00:28.589,0.95571,0.95584,1.20,1.00
2015.06.16 08:00:29.051,0.95572,0.95584,1.37,1.50
2015.06.16 08:00:29.604,0.9557,0.95583,2.32,1.00
2015.06.16 08:00:29.769,0.95571,0.95583,1.47,1.00
2015.06.16 08:00:30.466,0.95571,0.95579,1.47,1.00
2015.06.16 08:00:30.517,0.9557,0.95578,1.00,1.00
2015.06.16 08:00:30.568,0.95568,0.95578,1.00,1.00
2015.06.16 08:00:31.093,0.95566,0.95578,1.00,1.00
2015.06.16 08:00:31.297,0.95568,0.95579,1.00,1.00
2015.06.16 08:00:31.399,0.95569,0.95581,1.50,1.00
2015.06.16 08:00:31.804,0.95567,0.95579,1.00,1.50
2015.06.16 08:00:32.151,0.95565,0.95576,1.37,1.00
2015.06.16 08:00:32.405,0.95567,0.95579,1.00,1.00
2015.06.16 08:00:32.942,0.95567,0.95578,1.50,1.00
2015.06.16 08:00:33.443,0.95566,0.95578,1.00,1.00
2015.06.16 08:00:33.982,0.95567,0.95578,1.37,1.00
2015.06.16 08:00:34.490,0.95567,0.95578,1.50,1.00
2015.06.16 08:00:36.187,0.95566,0.95577,1.00,1.00
2015.06.16 08:00:38.167,0.95565,0.95577,1.00,1.50
2015.06.16 08:00:38.504,0.95565,0.95577,1.87,1.50
2015.06.16 08:00:39.919,0.95565,0.95575,1.87,1.00
2015.06.16 08:00:41.222,0.95564,0.95575,1.00,1.50
2015.06.16 08:00:41.873,0.95566,0.95575,1.00,1.00
2015.06.16 08:00:42.417,0.95565,0.95574,1.00,1.00
2015.06.16 08:00:43.676,0.95565,0.95576,1.00,1.50
2015.06.16 08:00:44.189,0.95564,0.95576,1.87,1.50
2015.06.16 08:00:44.902,0.95564,0.95576,1.00,1.87
2015.06.16 08:00:45.432,0.95563,0.95576,1.87,1.87
2015.06.16 08:00:46.217,0.95563,0.95575,1.37,1.00
2015.06.16 08:00:46.723,0.95564,0.95576,1.87,1.00
2015.06.16 08:00:47.280,0.95563,0.95575,1.95,1.00
2015.06.16 08:00:47.483,0.95563,0.95577,4.05,1.87
2015.06.16 08:00:47.585,0.95566,0.95577,1.00,1.50
2015.06.16 08:00:47.737,0.95566,0.95579,1.37,1.12
2015.06.16 08:00:48.594,0.95567,0.95578,1.12,1.00
2015.06.16 08:00:48.848,0.95567,0.9558,1.12,1.50
2015.06.16 08:00:49.401,0.95567,0.95579,1.12,1.00
2015.06.16 08:00:50.151,0.95566,0.95579,1.12,1.50
2015.06.16 08:00:50.252,0.95564,0.95577,3.30,1.00
2015.06.16 08:00:50.586,0.95564,0.95575,2.55,1.00
2015.06.16 08:00:50.854,0.95564,0.95575,1.80,1.00
2015.06.16 08:00:51.355,0.95565,0.95575,1.50,1.00
2015.06.16 08:00:51.893,0.95562,0.95571,1.20,1.00
2015.06.16 08:00:52.401,0.9556,0.95572,1.60,1.00
2015.06.16 08:00:52.553,0.95559,0.95571,1.00,1.12
2015.06.16 08:00:53.087,0.95559,0.9557,1.00,1.00
2015.06.16 08:00:53.448,0.95559,0.9557,1.00,1.37
2015.06.16 08:00:53.651,0.95555,0.95566,1.00,1.12
2015.06.16 08:00:53.753,0.95553,0.95564,1.50,1.12
2015.06.16 08:00:54.303,0.95552,0.95563,1.00,1.50
2015.06.16 08:00:54.354,0.9555,0.95564,1.50,1.50
2015.06.16 08:00:54.864,0.9555,0.95563,2.25,1.50
2015.06.16 08:00:55.402,0.9555,0.95564,1.87,1.00
2015.06.16 08:00:55.758,0.95553,0.95567,1.00,1.37
2015.06.16 08:00:56.266,0.95553,0.95565,1.00,1.12
2015.06.16 08:00:56.616,0.95551,0.9556,1.00,1.00
2015.06.16 08:00:56.768,0.95549,0.95561,1.50,1.00
2015.06.16 08:00:57.072,0.95552,0.95561,2.10,1.00
2015.06.16 08:00:57.174,0.95553,0.95564,1.97,1.00
2015.06.16 08:00:57.275,0.95553,0.95566,1.97,1.50
2015.06.16 08:00:57.444,0.95553,0.95564,1.97,1.00
2015.06.16 08:00:57.605,0.95551,0.95563,1.00,1.50
2015.06.16 08:00:57.962,0.95547,0.9556,1.12,1.50
2015.06.16 08:00:58.266,0.95543,0.95557,1.50,1.50
2015.06.16 08:00:58.318,0.95543,0.95555,1.50,1.00
2015.06.16 08:00:58.658,0.95539,0.95551,2.32,1.00
2015.06.16 08:00:58.710,0.95541,0.95553,1.37,1.00
2015.06.16 08:00:59.168,0.95544,0.95554,1.00,1.00
2015.06.16 08:00:59.688,0.95543,0.95556,1.35,1.50
2015.06.16 08:00:59.790,0.95545,0.95556,1.00,1.00
2015.06.16 08:01:00.268,0.95547,0.95556,1.00,1.00
2015.06.16 08:01:00.470,0.95548,0.9556,1.00,1.00
2015.06.16 08:01:00.903,0.95545,0.95559,1.87,1.87
2015.06.16 08:01:01.462,0.95546,0.9556,1.87,1.50
2015.06.16 08:01:02.012,0.95545,0.95558,1.87,1.00
2015.06.16 08:01:02.543,0.95544,0.95557,1.50,1.00
2015.06.16 08:01:03.074,0.95545,0.95557,1.00,1.00
2015.06.16 08:01:03.578,0.95545,0.95556,1.00,1.00
2015.06.16 08:01:04.196,0.95544,0.95557,1.37,1.00
2015.06.16 08:01:04.601,0.95544,0.95555,1.12,1.00
2015.06.16 08:01:05.119,0.95544,0.95556,1.37,1.00
2015.06.16 08:01:06.579,0.95544,0.95557,1.87,2.25
2015.06.16 08:01:08.607,0.95544,0.95556,1.87,1.00
2015.06.16 08:01:08.861,0.95543,0.95557,1.95,1.50
2015.06.16 08:01:09.486,0.95545,0.95557,1.00,1.50
2015.06.16 08:01:09.831,0.95542,0.95554,2.77,1.97
2015.06.16 08:01:09.983,0.95539,0.95552,1.00,1.50
2015.06.16 08:01:10.503,0.95537,0.95549,1.00,2.25
2015.06.16 08:01:10.555,0.95535,0.95549,2.25,3.75
2015.06.16 08:01:10.707,0.95533,0.95546,1.10,1.37
2015.06.16 08:01:10.859,0.9553,0.95544,1.95,1.12
2015.06.16 08:01:11.318,0.9553,0.95542,1.57,1.00
2015.06.16 08:01:11.621,0.95528,0.9554,1.20,1.50
2015.06.16 08:01:12.077,0.95525,0.95539,2.02,1.50
2015.06.16 08:01:12.230,0.95524,0.95536,1.95,1.00
2015.06.16 08:01:12.534,0.95524,0.95534,1.57,1.00
2015.06.16 08:01:13.474,0.95525,0.95534,1.00,1.00
2015.06.16 08:01:14.105,0.95525,0.95537,1.00,1.00
2015.06.16 08:01:15.343,0.95525,0.95536,1.00,1.00
2015.06.16 08:01:15.881,0.95522,0.95535,2.25,1.00
2015.06.16 08:01:15.932,0.95522,0.95535,1.20,1.50
2015.06.16 08:01:16.503,0.95523,0.95535,1.00,1.00
2015.06.16 08:01:18.511,0.95522,0.95535,1.20,1.00
2015.06.16 08:01:19.537,0.9552,0.95533,3.07,1.50
2015.06.16 08:01:21.104,0.9552,0.95531,1.00,1.00
2015.06.16 08:01:21.154,0.95518,0.95531,1.50,1.50
2015.06.16 08:01:21.768,0.95518,0.95531,1.87,1.87
2015.06.16 08:01:22.837,0.95522,0.95533,1.00,1.37
2015.06.16 08:01:23.011,0.95522,0.95533,1.00,1.12
2015.06.16 08:01:26.255,0.95519,0.95531,1.37,1.00
2015.06.16 08:01:26.763,0.95519,0.95531,1.37,1.12
2015.06.16 08:01:30.323,0.95519,0.95531,1.00,1.12
2015.06.16 08:01:30.627,0.95517,0.95529,1.37,1.00
2015.06.16 08:01:31.576,0.95516,0.95528,1.47,1.00
2015.06.16 08:01:32.127,0.95515,0.95528,1.87,1.00
2015.06.16 08:01:33.653,0.95515,0.95528,1.87,1.00
2015.06.16 08:01:33.955,0.95516,0.95526,1.37,1.00
2015.06.16 08:01:34.127,0.95516,0.95526,1.12,1.00
2015.06.16 08:01:34.483,0.95512,0.95528,1.95,1.37
2015.06.16 08:01:35.010,0.9551,0.95526,1.37,2.25
2015.06.16 08:01:35.061,0.9551,0.95524,1.37,1.00
2015.06.16 08:01:35.366,0.95509,0.95523,1.12,1.75
2015.06.16 08:01:35.874,0.95511,0.95523,1.00,1.75
2015.06.16 08:01:36.525,0.95506,0.95523,1.37,2.25
2015.06.16 08:01:38.111,0.95505,0.95522,1.37,2.25
2015.06.16 08:01:39.052,0.95505,0.95521,1.37,1.75
2015.06.16 08:01:40.877,0.95504,0.95522,1.37,2.25
2015.06.16 08:01:41.184,0.95505,0.95522,1.50,2.25
2015.06.16 08:01:41.305,0.95505,0.95522,1.37,1.75
2015.06.16 08:01:41.407,0.95506,0.95522,1.37,1.75
2015.06.16 08:01:41.713,0.95504,0.9552,1.75,1.50
2015.06.16 08:01:41.865,0.95504,0.95518,1.37,1.00
2015.06.16 08:01:42.371,0.95506,0.9552,1.00,1.75
2015.06.16 08:01:42.925,0.95507,0.9552,1.12,1.75
2015.06.16 08:01:43.269,0.95509,0.95521,1.00,2.25
2015.06.16 08:01:43.866,0.9551,0.95521,1.00,2.25
2015.06.16 08:01:44.397,0.9551,0.95521,1.00,2.25
2015.06.16 08:01:46.545,0.9551,0.95519,1.00,1.37
2015.06.16 08:01:47.127,0.9551,0.95521,1.00,1.37
2015.06.16 08:01:47.681,0.9551,0.95521,1.00,1.37
2015.06.16 08:01:48.217,0.95509,0.95521,1.00,1.37
2015.06.16 08:01:48.889,0.95511,0.95522,1.00,1.50
2015.06.16 08:01:49.395,0.9551,0.95524,1.00,3.37
2015.06.16 08:01:49.992,0.95512,0.95524,1.00,1.75
2015.06.16 08:01:50.043,0.95512,0.95524,1.00,1.37
2015.06.16 08:01:50.347,0.95512,0.95524,1.00,1.87
2015.06.16 08:01:50.705,0.95516,0.95525,1.00,1.37
2015.06.16 08:01:51.451,0.95516,0.95525,1.00,1.37
2015.06.16 08:01:52.166,0.95516,0.95525,1.00,1.37
2015.06.16 08:01:53.664,0.95514,0.95525,1.00,1.37
2015.06.16 08:01:54.346,0.95514,0.95525,1.00,1.75
2015.06.16 08:01:54.498,0.95512,0.95524,1.00,1.75
2015.06.16 08:01:54.752,0.95512,0.95521,1.00,1.37
2015.06.16 08:01:55.294,0.95511,0.9552,1.00,1.00
2015.06.16 08:01:55.802,0.95511,0.95521,1.00,1.75
2015.06.16 08:01:56.316,0.9551,0.95522,1.00,1.75
2015.06.16 08:01:57.763,0.95511,0.95522,1.00,1.75
2015.06.16 08:01:58.169,0.95512,0.95524,1.00,3.00
2015.06.16 08:01:58.220,0.95514,0.95524,1.00,2.25
2015.06.16 08:01:58.373,0.95513,0.95526,1.00,1.47
2015.06.16 08:01:58.424,0.95511,0.95526,1.00,1.47
2015.06.16 08:01:58.952,0.95511,0.95527,1.00,1.50
2015.06.16 08:01:59.460,0.95511,0.95527,1.00,1.37
2015.06.16 08:01:59.562,0.95513,0.95529,1.00,1.47
2015.06.16 08:01:59.866,0.95519,0.95527,1.00,1.87
2015.06.16 08:02:00.071,0.95514,0.9553,1.87,1.37
2015.06.16 08:02:00.590,0.95515,0.95532,1.47,1.87
2015.06.16 08:02:01.139,0.95515,0.95532,1.12,2.62
2015.06.16 08:02:01.640,0.95515,0.95531,1.00,2.47
2015.06.16 08:02:03.632,0.95513,0.95531,1.12,3.22
2015.06.16 08:02:03.683,0.95513,0.95531,1.37,3.22
2015.06.16 08:02:04.189,0.95513,0.95529,1.50,2.25
2015.06.16 08:02:04.744,0.95511,0.95529,1.37,3.00
2015.06.16 08:02:05.203,0.95511,0.95529,4.12,1.87
2015.06.16 08:02:05.304,0.95511,0.95529,4.12,1.37
2015.06.16 08:02:05.457,0.95513,0.9553,3.75,1.37
2015.06.16 08:02:06.003,0.95513,0.9553,2.62,1.37
2015.06.16 08:02:06.307,0.95513,0.9553,1.37,1.37
2015.06.16 08:02:06.886,0.95515,0.95531,1.87,2.47
2015.06.16 08:02:07.407,0.95517,0.95531,1.12,1.72
2015.06.16 08:02:07.509,0.95517,0.95531,1.37,1.00
2015.06.16 08:02:07.560,0.95517,0.95534,1.87,1.87
2015.06.16 08:02:07.813,0.95519,0.95536,1.72,1.95
2015.06.16 08:02:08.295,0.9552,0.95538,3.45,1.87
2015.06.16 08:02:08.815,0.95523,0.95538,1.07,1.37
2015.06.16 08:02:09.370,0.95523,0.95538,1.07,1.37
2015.06.16 08:02:09.987,0.95522,0.95536,1.12,1.37
2015.06.16 08:02:10.038,0.9552,0.95536,1.87,1.37
2015.06.16 08:02:10.397,0.95519,0.95533,2.05,1.37
2015.06.16 08:02:10.588,0.95517,0.95532,3.60,1.37
2015.06.16 08:02:10.640,0.95517,0.95529,1.12,1.00
2015.06.16 08:02:10.691,0.95517,0.95529,1.00,1.37
2015.06.16 08:02:10.894,0.95512,0.95527,1.75,1.37
2015.06.16 08:02:10.997,0.95515,0.95527,1.37,1.00
2015.06.16 08:02:11.149,0.95516,0.95531,1.50,1.12
2015.06.16 08:02:11.940,0.95514,0.95531,1.12,1.00
2015.06.16 08:02:12.684,0.95514,0.95531,1.50,1.37
2015.06.16 08:02:13.580,0.95514,0.95531,1.50,1.37
2015.06.16 08:02:14.016,0.95514,0.95531,1.12,3.00
2015.06.16 08:02:14.118,0.95514,0.95528,1.12,1.37
2015.06.16 08:02:14.220,0.95511,0.95528,3.37,1.37
2015.06.16 08:02:14.321,0.95511,0.95528,3.37,1.37
2015.06.16 08:02:14.995,0.95512,0.95528,1.50,1.37
2015.06.16 08:02:15.501,0.95512,0.95527,1.57,1.37
2015.06.16 08:02:16.598,0.95514,0.95529,1.37,1.37
2015.06.16 08:02:17.400,0.95514,0.95529,1.47,1.37
2015.06.16 08:02:17.905,0.95515,0.95529,1.87,1.12
2015.06.16 08:02:19.216,0.95515,0.95529,1.12,1.12
2015.06.16 08:02:19.767,0.95515,0.95529,1.12,1.37
2015.06.16 08:02:20.341,0.95514,0.95529,1.47,1.37
2015.06.16 08:02:20.392,0.95514,0.95529,1.20,1.37
2015.06.16 08:02:20.443,0.95514,0.95529,1.57,1.12
2015.06.16 08:02:20.817,0.95518,0.95529,1.00,1.00
2015.06.16 08:02:22.067,0.9552,0.95529,1.00,1.00
2015.06.16 08:02:22.270,0.95518,0.9553,1.00,1.00
2015.06.16 08:02:22.623,0.95518,0.95532,1.00,1.12
2015.06.16 08:02:23.577,0.95517,0.95529,1.12,1.00
2015.06.16 08:02:25.228,0.95516,0.95529,1.95,1.87
2015.06.16 08:02:25.433,0.95516,0.95529,1.50,1.50
2015.06.16 08:02:25.687,0.95516,0.95527,1.00,1.00
2015.06.16 08:02:25.738,0.95513,0.95527,1.87,1.00
2015.06.16 08:02:25.890,0.95515,0.95529,1.00,2.62
2015.06.16 08:02:26.271,0.95514,0.95527,1.12,1.00
2015.06.16 08:02:26.615,0.95516,0.95529,1.87,1.50
2015.06.16 08:02:26.920,0.95521,0.95532,1.37,1.00
2015.06.16 08:02:27.452,0.95522,0.95534,1.37,1.37
2015.06.16 08:02:28.417,0.95519,0.95531,2.85,1.00
2015.06.16 08:02:28.468,0.9552,0.95531,1.37,1.00
2015.06.16 08:02:30.086,0.95516,0.95526,1.47,1.00
2015.06.16 08:02:30.238,0.95513,0.95525,1.87,1.00
2015.06.16 08:02:30.391,0.95513,0.95524,1.12,1.00
2015.06.16 08:02:31.090,0.95512,0.95525,2.77,1.00
2015.06.16 08:02:31.293,0.95515,0.95526,1.00,1.00
2015.06.16 08:02:31.463,0.95514,0.95528,2.70,2.25
2015.06.16 08:02:31.817,0.95516,0.95528,2.25,1.50
2015.06.16 08:02:31.919,0.9552,0.9553,1.37,1.00
2015.06.16 08:02:31.970,0.9552,0.95533,1.87,1.87
2015.06.16 08:02:32.224,0.95518,0.95531,1.47,1.87
2015.06.16 08:02:32.906,0.95517,0.95531,2.62,1.87
2015.06.16 08:02:33.445,0.95518,0.95529,1.12,1.00
2015.06.16 08:02:33.951,0.95518,0.9553,1.87,1.12
2015.06.16 08:02:34.312,0.9552,0.95532,1.37,1.37
2015.06.16 08:02:34.617,0.95522,0.95534,1.12,2.25
2015.06.16 08:02:35.316,0.95521,0.95533,1.50,1.00
2015.06.16 08:02:36.436,0.95521,0.95535,1.50,1.87
2015.06.16 08:02:36.638,0.95523,0.95537,1.87,1.87
2015.06.16 08:02:37.156,0.95522,0.95534,1.37,1.00
2015.06.16 08:02:39.826,0.95522,0.95533,1.37,1.00
2015.06.16 08:02:40.361,0.95522,0.95533,1.12,1.00
2015.06.16 08:02:40.867,0.95522,0.95532,1.00,1.00
2015.06.16 08:02:41.414,0.95522,0.95534,1.12,1.00
2015.06.16 08:02:41.617,0.95522,0.95531,1.12,1.00
2015.06.16 08:02:42.123,0.95522,0.9553,1.00,1.00
2015.06.16 08:02:42.542,0.95521,0.95532,1.12,1.00
2015.06.16 08:02:43.047,0.95519,0.95533,3.07,1.87
2015.06.16 08:02:43.553,0.95521,0.95533,1.00,1.87
2015.06.16 08:02:44.084,0.95521,0.95533,1.50,1.00
2015.06.16 08:02:44.761,0.95521,0.95534,2.25,1.12
2015.06.16 08:02:44.941,0.95522,0.95535,1.50,1.00
2015.06.16 08:02:45.294,0.95526,0.95537,1.00,1.00
2015.06.16 08:02:45.597,0.95532,0.95541,1.00,1.00
2015.06.16 08:02:45.855,0.95532,0.95545,1.00,1.37
2015.06.16 08:02:46.294,0.95534,0.95546,1.00,1.87
2015.06.16 08:02:46.345,0.95535,0.95546,1.00,1.50
2015.06.16 08:02:47.641,0.95533,0.95546,1.12,1.37
2015.06.16 08:02:47.945,0.9553,0.95544,1.50,3.75
2015.06.16 08:02:48.047,0.95526,0.95539,1.20,1.12
2015.06.16 08:02:48.865,0.95527,0.95538,1.00,1.00
2015.06.16 08:02:49.841,0.95527,0.95539,1.00,1.00
2015.06.16 08:02:50.737,0.95527,0.9554,1.12,1.00
2015.06.16 08:02:51.281,0.95528,0.95541,1.50,1.00
2015.06.16 08:02:51.695,0.9553,0.95541,1.00,1.12
2015.06.16 08:02:51.999,0.95534,0.95544,1.00,1.00
2015.06.16 08:02:52.540,0.95534,0.95545,1.00,1.00
2015.06.16 08:02:56.506,0.95534,0.95545,1.00,1.37
2015.06.16 08:02:57.160,0.95533,0.95545,1.00,1.87
2015.06.16 08:02:57.211,0.95531,0.95545,1.12,1.87
2015.06.16 08:02:58.111,0.95531,0.95545,1.00,1.87
2015.06.16 08:02:58.612,0.9553,0.95544,1.12,1.37
2015.06.16 08:03:02.220,0.9553,0.95544,1.00,1.37
2015.06.16 08:03:02.426,0.9553,0.95543,1.00,1.97
2015.06.16 08:03:02.528,0.95528,0.95542,1.00,1.72
2015.06.16 08:03:03.032,0.95528,0.95542,1.00,2.10
2015.06.16 08:03:03.935,0.95528,0.95542,1.37,2.10
2015.06.16 08:03:04.119,0.95531,0.95544,1.12,2.62
2015.06.16 08:03:04.170,0.95531,0.95544,1.37,1.87
2015.06.16 08:03:04.323,0.95533,0.95545,1.00,1.12
2015.06.16 08:03:05.205,0.95531,0.95544,1.37,1.00
2015.06.16 08:03:10.505,0.95531,0.95545,1.37,2.62
2015.06.16 08:03:13.254,0.95533,0.95545,1.00,1.87
2015.06.16 08:03:13.769,0.95534,0.95545,1.00,1.00
2015.06.16 08:03:14.307,0.95534,0.95545,1.37,1.00
2015.06.16 08:03:14.862,0.95534,0.95547,1.37,1.50
2015.06.16 08:03:15.216,0.95536,0.95547,1.37,1.00
2015.06.16 08:03:15.523,0.95536,0.95549,1.37,1.00
2015.06.16 08:03:16.039,0.95539,0.95551,1.00,1.00
2015.06.16 08:03:16.246,0.95543,0.95554,1.12,1.00
2015.06.16 08:03:16.298,0.95544,0.95557,1.00,2.32
2015.06.16 08:03:16.867,0.95544,0.95557,1.12,1.50
2015.06.16 08:03:21.885,0.95545,0.95557,1.00,1.50
2015.06.16 08:03:23.642,0.95543,0.95557,3.37,1.50
2015.06.16 08:03:23.693,0.95543,0.95555,2.62,1.00
2015.06.16 08:03:24.337,0.95545,0.95556,1.00,1.00
2015.06.16 08:03:25.624,0.95545,0.95558,2.25,1.87
2015.06.16 08:03:25.675,0.95548,0.95558,1.12,1.00
2015.06.16 08:03:25.829,0.95549,0.95562,1.47,1.00
2015.06.16 08:03:26.084,0.9555,0.95564,2.32,2.25
2015.06.16 08:03:26.135,0.9555,0.95564,3.07,1.50
2015.06.16 08:03:26.287,0.95553,0.95566,2.62,1.87
2015.06.16 08:03:26.528,0.95558,0.95568,1.00,1.00
2015.06.16 08:03:27.757,0.95558,0.95568,1.00,1.37
2015.06.16 08:03:27.808,0.95556,0.95566,1.00,1.12
2015.06.16 08:03:27.910,0.95553,0.95566,1.87,1.12
2015.06.16 08:03:28.011,0.95552,0.95564,1.37,1.00
2015.06.16 08:03:28.062,0.9555,0.95564,2.62,1.87
2015.06.16 08:03:28.611,0.95551,0.95563,1.00,1.12
2015.06.16 08:03:29.031,0.95549,0.9556,1.87,1.00
2015.06.16 08:03:29.087,0.95547,0.9556,2.32,1.00
2015.06.16 08:03:29.189,0.95547,0.9556,1.47,1.37
2015.06.16 08:03:29.393,0.95547,0.9556,1.37,1.12
2015.06.16 08:03:29.445,0.95547,0.95558,1.37,1.00
2015.06.16 08:03:30.075,0.95547,0.95558,1.87,1.00
2015.06.16 08:03:30.128,0.95547,0.9556,1.87,1.00
2015.06.16 08:03:30.584,0.95548,0.95561,1.37,1.00
2015.06.16 08:03:31.130,0.95549,0.95562,1.37,1.12
2015.06.16 08:03:32.405,0.95549,0.95562,1.37,1.00
2015.06.16 08:03:34.586,0.9555,0.95562,1.37,1.12
2015.06.16 08:03:34.688,0.95548,0.95562,1.37,1.00
2015.06.16 08:03:35.245,0.95548,0.95561,1.37,1.00
2015.06.16 08:03:35.776,0.95548,0.95562,1.37,1.00
2015.06.16 08:03:36.973,0.95549,0.9556,1.12,1.00
2015.06.16 08:03:41.205,0.95549,0.95561,1.12,1.00
2015.06.16 08:03:42.583,0.95547,0.9556,2.62,1.00
2015.06.16 08:03:51.484,0.95547,0.9556,1.87,1.00
2015.06.16 08:03:51.998,0.95547,0.9556,1.87,1.12
2015.06.16 08:03:52.915,0.95548,0.95562,1.37,1.50
2015.06.16 08:03:53.443,0.95548,0.95561,1.37,1.00
2015.06.16 08:03:58.240,0.95548,0.95562,1.37,1.50
2015.06.16 08:03:58.753,0.95548,0.95561,1.37,1.00
2015.06.16 08:04:00.659,0.95548,0.95562,1.37,1.87
2015.06.16 08:04:01.185,0.95548,0.95562,1.37,1.50
2015.06.16 08:04:01.337,0.95548,0.95561,1.12,1.00
2015.06.16 08:04:02.445,0.95547,0.9556,1.37,1.00
2015.06.16 08:04:02.995,0.95549,0.95561,1.00,1.12
2015.06.16 08:04:04.464,0.95548,0.95562,1.10,1.87
2015.06.16 08:04:04.974,0.95548,0.95562,1.20,1.50
2015.06.16 08:04:06.076,0.95549,0.95562,1.00,1.00
2015.06.16 08:04:07.665,0.95548,0.95562,1.20,1.50
2015.06.16 08:04:08.301,0.9555,0.95562,1.00,1.50
2015.06.16 08:04:08.757,0.95551,0.95564,1.00,1.12
2015.06.16 08:04:09.181,0.95551,0.95562,1.00,1.00
2015.06.16 08:04:10.008,0.95552,0.95564,1.00,1.37
2015.06.16 08:04:10.223,0.95552,0.95564,1.00,1.12
2015.06.16 08:04:10.423,0.95553,0.95566,1.12,1.00
2015.06.16 08:04:10.476,0.95554,0.95568,1.00,1.87
2015.06.16 08:04:10.527,0.95554,0.95568,1.12,1.87
2015.06.16 08:04:11.956,0.95554,0.95568,1.72,1.12
2015.06.16 08:04:12.058,0.95555,0.95568,1.37,1.00
2015.06.16 08:04:12.313,0.95559,0.95571,1.87,1.12
2015.06.16 08:04:12.364,0.9556,0.95571,1.37,1.00
2015.06.16 08:04:12.415,0.95562,0.95573,1.00,1.00
2015.06.16 08:04:12.941,0.95559,0.95572,1.12,2.62
2015.06.16 08:04:13.493,0.9556,0.95574,1.00,1.37
2015.06.16 08:04:13.646,0.9556,0.95574,1.87,1.12
2015.06.16 08:04:13.747,0.95562,0.95574,1.00,1.12
2015.06.16 08:04:13.950,0.9556,0.95573,1.87,1.87
2015.06.16 08:04:14.052,0.95562,0.95573,1.00,1.12
2015.06.16 08:04:14.154,0.95561,0.95575,1.12,1.12
2015.06.16 08:04:15.343,0.95561,0.95572,1.37,1.00
2015.06.16 08:04:15.862,0.95562,0.95573,1.12,1.00
2015.06.16 08:04:15.964,0.9556,0.95574,1.95,1.00
2015.06.16 08:04:16.066,0.95561,0.95573,1.00,1.37
2015.06.16 08:04:16.168,0.95557,0.95571,1.95,1.00
2015.06.16 08:04:18.973,0.95559,0.95572,1.87,1.50
2015.06.16 08:04:19.175,0.95558,0.9557,1.12,1.00
2015.06.16 08:04:19.692,0.95558,0.95571,1.12,1.00
2015.06.16 08:04:19.997,0.95557,0.95568,1.12,1.00
2015.06.16 08:04:20.200,0.95552,0.95566,1.95,1.12
2015.06.16 08:04:20.485,0.95552,0.95564,1.12,1.50
2015.06.16 08:04:22.102,0.95553,0.95567,1.00,1.37
2015.06.16 08:04:22.609,0.95551,0.95565,1.87,1.12
2015.06.16 08:04:22.877,0.95551,0.95563,1.87,1.00
2015.06.16 08:04:23.420,0.95552,0.95566,1.87,1.87
2015.06.16 08:04:23.928,0.95553,0.95567,2.62,1.00
2015.06.16 08:04:24.262,0.95553,0.95566,2.62,1.00
2015.06.16 08:04:24.676,0.95556,0.95569,1.00,1.00
2015.06.16 08:04:26.493,0.95556,0.9557,1.12,2.62
2015.06.16 08:04:28.890,0.95556,0.9557,1.87,2.62
2015.06.16 08:04:29.992,0.95556,0.9557,1.87,2.62
2015.06.16 08:04:30.316,0.9556,0.95571,1.00,1.87
2015.06.16 08:04:30.520,0.9556,0.95574,1.37,1.37
2015.06.16 08:04:30.723,0.95562,0.95575,1.37,1.00
2015.06.16 08:04:31.029,0.95565,0.95577,1.50,1.00
2015.06.16 08:04:31.457,0.95566,0.95579,1.50,1.00
2015.06.16 08:04:31.509,0.95566,0.95579,1.87,1.00
2015.06.16 08:04:31.611,0.95569,0.95581,1.00,1.00
2015.06.16 08:04:31.765,0.95572,0.95583,1.00,1.00
2015.06.16 08:04:32.301,0.95572,0.95584,1.00,1.00
2015.06.16 08:04:32.625,0.95571,0.95583,1.00,1.87
2015.06.16 08:04:33.158,0.9557,0.95583,1.00,1.87
2015.06.16 08:04:33.505,0.95569,0.9558,1.00,1.00
2015.06.16 08:04:33.971,0.95566,0.95578,1.87,1.00
2015.06.16 08:04:34.578,0.95566,0.95579,1.87,1.00
2015.06.16 08:04:35.083,0.95567,0.95579,1.50,1.00
2015.06.16 08:04:35.624,0.95565,0.95579,2.62,1.50
2015.06.16 08:04:36.256,0.95567,0.95579,1.37,1.00
2015.06.16 08:04:36.459,0.95567,0.95579,1.12,1.00
2015.06.16 08:04:36.919,0.95568,0.9558,1.87,1.00
2015.06.16 08:04:36.970,0.95569,0.95582,1.12,1.50
2015.06.16 08:04:37.516,0.9557,0.95583,1.12,1.50
2015.06.16 08:04:38.421,0.95572,0.95583,1.00,1.50
2015.06.16 08:04:38.880,0.9557,0.95583,1.00,1.87
2015.06.16 08:04:38.982,0.95568,0.95581,1.87,1.00
2015.06.16 08:04:39.288,0.95568,0.95578,1.87,1.00
2015.06.16 08:04:39.830,0.95567,0.95578,1.00,1.50
2015.06.16 08:04:41.452,0.95565,0.95578,2.62,1.50
2015.06.16 08:04:41.753,0.95565,0.95576,3.37,1.00
2015.06.16 08:04:42.296,0.95565,0.95578,1.87,1.50
2015.06.16 08:04:42.814,0.95566,0.95578,1.50,1.00
2015.06.16 08:04:44.664,0.95567,0.95578,1.00,1.00
2015.06.16 08:04:44.752,0.95567,0.95578,1.37,1.00
2015.06.16 08:04:44.905,0.95567,0.95578,1.12,1.00
2015.06.16 08:04:45.210,0.95565,0.95578,1.50,1.50
2015.06.16 08:04:45.464,0.95565,0.95578,1.87,1.50
2015.06.16 08:04:46.043,0.95565,0.95577,1.87,1.00
2015.06.16 08:04:46.197,0.95563,0.95576,3.07,1.00
2015.06.16 08:04:46.756,0.95563,0.95576,1.87,1.37
2015.06.16 08:04:48.694,0.95563,0.95576,1.87,1.00
2015.06.16 08:04:48.746,0.95564,0.95574,1.12,1.50
2015.06.16 08:04:49.355,0.95562,0.95574,1.37,1.00
2015.06.16 08:04:49.731,0.9556,0.95571,1.20,1.00
2015.06.16 08:04:50.375,0.95562,0.95571,1.00,1.00
2015.06.16 08:04:50.578,0.95563,0.95575,1.00,1.87
2015.06.16 08:04:50.720,0.95561,0.95575,1.50,1.87
2015.06.16 08:04:51.482,0.95561,0.95575,1.87,1.87
2015.06.16 08:04:51.685,0.95563,0.95576,1.87,1.87
2015.06.16 08:04:52.231,0.95565,0.95577,1.00,1.87
2015.06.16 08:04:54.276,0.95565,0.95579,1.12,2.62
2015.06.16 08:04:54.878,0.95565,0.95579,2.25,1.50
2015.06.16 08:04:55.186,0.9557,0.95579,1.50,1.50
2015.06.16 08:04:57.592,0.95572,0.9558,1.37,2.32
2015.06.16 08:04:58.995,0.95572,0.95579,1.50,1.50
2015.06.16 08:05:01.504,0.95572,0.95579,1.37,1.50
2015.06.16 08:05:03.323,0.95572,0.95579,1.37,1.50
2015.06.16 08:05:03.425,0.95572,0.95579,1.00,1.50
2015.06.16 08:05:04.021,0.95572,0.95579,1.37,1.50
2015.06.16 08:05:04.680,0.95572,0.95579,1.00,1.50
2015.06.16 08:05:10.267,0.9557,0.95579,1.37,1.50
2015.06.16 08:05:11.175,0.9557,0.95579,1.37,1.50
2015.06.16 08:05:11.246,0.9557,0.95579,1.37,1.50
2015.06.16 08:05:14.401,0.95574,0.95579,1.00,1.00
2015.06.16 08:05:14.915,0.95572,0.95579,1.37,1.00
2015.06.16 08:05:15.228,0.95574,0.95579,1.37,1.00
2015.06.16 08:05:15.615,0.95574,0.95579,1.87,1.00
2015.06.16 08:05:17.018,0.95577,0.95582,1.37,1.50
2015.06.16 08:05:19.125,0.95575,0.95579,1.12,1.00
2015.06.16 08:05:20.442,0.95574,0.9558,1.87,1.50
2015.06.16 08:05:24.360,0.95574,0.95579,3.00,1.00
2015.06.16 08:05:24.462,0.95574,0.9558,2.62,1.50
2015.06.16 08:05:25.770,0.95574,0.95579,1.00,1.00
2015.06.16 08:05:26.024,0.95568,0.95579,1.00,1.12
2015.06.16 08:05:26.428,0.95566,0.95579,1.00,1.00
2015.06.16 08:05:27.933,0.95571,0.95579,1.00,1.00
2015.06.16 08:05:28.035,0.95567,0.95579,1.00,1.00
2015.06.16 08:05:28.402,0.95571,0.95579,1.00,1.00
2015.06.16 08:05:28.504,0.95566,0.95579,1.50,1.00
2015.06.16 08:05:29.103,0.95566,0.95579,1.37,1.37
2015.06.16 08:05:30.556,0.95566,0.95579,1.37,1.12
2015.06.16 08:05:44.138,0.95566,0.95579,1.87,1.00
2015.06.16 08:05:47.230,0.95567,0.95579,1.87,1.00
2015.06.16 08:05:50.174,0.95567,0.95579,1.37,1.00
2015.06.16 08:05:50.754,0.95567,0.95579,1.87,1.00
2015.06.16 08:05:51.276,0.95571,0.95579,1.00,1.00
2015.06.16 08:05:51.428,0.95577,0.95581,1.00,1.00
2015.06.16 08:05:51.530,0.95577,0.95585,1.50,1.87
2015.06.16 08:05:51.785,0.95569,0.95583,1.87,1.87
2015.06.16 08:05:51.836,0.95575,0.95583,1.00,1.37
2015.06.16 08:05:52.139,0.95574,0.95578,1.00,1.00
2015.06.16 08:05:52.191,0.95567,0.95578,1.87,1.00
2015.06.16 08:05:52.242,0.95569,0.9558,1.37,1.00
2015.06.16 08:05:52.293,0.95569,0.95583,1.87,1.87
2015.06.16 08:05:55.155,0.95568,0.9558,1.37,1.00
2015.06.16 08:05:55.459,0.95568,0.9558,1.00,1.37
2015.06.16 08:05:55.562,0.95566,0.9558,1.12,1.37
2015.06.16 08:05:55.988,0.95563,0.95576,2.62,1.00
2015.06.16 08:05:56.039,0.95563,0.95574,1.12,1.00
2015.06.16 08:05:56.693,0.95562,0.95573,1.00,1.37
2015.06.16 08:05:56.746,0.9556,0.95571,1.00,1.12
2015.06.16 08:05:56.796,0.9556,0.95571,1.00,1.87
2015.06.16 08:05:56.847,0.95556,0.95569,1.37,1.12
2015.06.16 08:05:57.051,0.95554,0.95567,1.12,1.50
2015.06.16 08:05:57.297,0.95554,0.95567,1.12,2.62
2015.06.16 08:05:59.067,0.95552,0.95566,1.37,1.00
2015.06.16 08:05:59.417,0.95555,0.95566,1.00,1.00
2015.06.16 08:06:01.840,0.95555,0.95567,1.50,1.12
2015.06.16 08:06:02.194,0.95557,0.95568,1.00,1.00
2015.06.16 08:06:02.657,0.95559,0.9557,1.00,1.87
2015.06.16 08:06:03.183,0.9556,0.95569,1.00,1.12
2015.06.16 08:06:03.336,0.95561,0.95571,1.00,1.00
2015.06.16 08:06:03.689,0.95562,0.95574,1.87,1.00
2015.06.16 08:06:03.740,0.95564,0.95574,1.00,1.00
2015.06.16 08:06:03.842,0.95565,0.95576,1.50,1.00
2015.06.16 08:06:04.396,0.95565,0.95575,1.50,1.00
2015.06.16 08:06:05.432,0.95565,0.95577,1.00,1.12
2015.06.16 08:06:05.533,0.95565,0.95577,1.00,1.87
2015.06.16 08:06:05.716,0.95565,0.95577,1.00,1.87
2015.06.16 08:06:06.266,0.95565,0.95576,1.00,1.00
2015.06.16 08:06:07.944,0.95565,0.95577,1.00,1.12
2015.06.16 08:06:08.493,0.95565,0.95576,1.00,1.50
2015.06.16 08:06:09.043,0.95565,0.95575,1.00,1.00
2015.06.16 08:06:10.001,0.95565,0.95576,1.00,1.50
2015.06.16 08:06:11.553,0.95565,0.95575,1.00,1.00
2015.06.16 08:06:11.655,0.95564,0.95569,1.00,1.00
2015.06.16 08:06:11.797,0.9556,0.95571,1.50,1.50
2015.06.16 08:06:12.304,0.95561,0.95571,1.00,1.00
2015.06.16 08:06:12.822,0.95561,0.95572,1.00,1.12
2015.06.16 08:06:12.974,0.95559,0.95572,1.12,1.87
2015.06.16 08:06:13.968,0.9556,0.95574,1.00,2.62
2015.06.16 08:06:14.071,0.95562,0.95573,1.00,1.00
2015.06.16 08:06:14.375,0.95561,0.95569,1.00,1.12
2015.06.16 08:06:14.477,0.95559,0.95569,1.00,1.12
2015.06.16 08:06:14.681,0.95559,0.95571,1.37,1.50
2015.06.16 08:06:14.865,0.9556,0.95574,1.12,1.12
2015.06.16 08:06:15.589,0.95561,0.95575,1.12,2.62
2015.06.16 08:06:15.690,0.95564,0.95575,1.00,1.87
2015.06.16 08:06:16.196,0.95564,0.95575,1.00,1.00
2015.06.16 08:06:16.349,0.95564,0.95577,1.00,1.12
2015.06.16 08:06:16.893,0.95565,0.95577,1.00,1.12
2015.06.16 08:06:17.436,0.95565,0.95577,1.00,1.37
2015.06.16 08:06:19.011,0.95565,0.95575,1.00,1.00
2015.06.16 08:06:20.663,0.95565,0.95574,1.00,1.00
2015.06.16 08:06:20.714,0.9556,0.95572,1.20,1.12
2015.06.16 08:06:21.226,0.9556,0.95573,1.47,1.12
2015.06.16 08:06:21.549,0.95562,0.95574,1.87,1.00
2015.06.16 08:06:22.011,0.95562,0.95574,1.50,1.12
2015.06.16 08:06:22.551,0.95563,0.95576,1.87,2.62
2015.06.16 08:06:23.325,0.95563,0.95575,1.87,1.00
2015.06.16 08:06:24.027,0.95562,0.95575,1.10,2.62
2015.06.16 08:06:24.130,0.95561,0.95574,1.00,1.37
2015.06.16 08:06:24.435,0.95556,0.95568,1.57,2.62
2015.06.16 08:06:24.486,0.95556,0.95566,1.57,1.00
2015.06.16 08:06:25.017,0.95556,0.95565,1.50,1.00
2015.06.16 08:06:25.384,0.95558,0.95565,1.00,1.00
2015.06.16 08:06:25.536,0.95558,0.95568,1.00,1.37
2015.06.16 08:06:33.636,0.95558,0.95566,1.00,1.00
2015.06.16 08:06:33.742,0.95555,0.95566,1.50,1.00
2015.06.16 08:06:34.246,0.95555,0.95567,1.50,1.12
2015.06.16 08:06:35.469,0.95557,0.95567,1.00,1.12
2015.06.16 08:06:35.974,0.95557,0.95568,1.00,1.12
2015.06.16 08:06:36.561,0.95555,0.95568,1.00,1.12
2015.06.16 08:06:39.355,0.95556,0.95568,1.00,1.12
2015.06.16 08:06:39.709,0.95556,0.95568,1.00,1.37
2015.06.16 08:06:39.967,0.95554,0.95565,1.00,1.00
2015.06.16 08:06:42.536,0.95554,0.95566,1.00,1.12
2015.06.16 08:06:44.213,0.95554,0.95567,1.00,1.12
2015.06.16 08:06:50.502,0.95554,0.95566,1.50,1.00
2015.06.16 08:06:50.554,0.95552,0.95566,1.00,1.87
2015.06.16 08:06:51.081,0.95553,0.95566,1.50,1.50
2015.06.16 08:06:51.595,0.95554,0.95568,1.87,1.87
2015.06.16 08:06:53.383,0.95555,0.95566,1.00,1.12
2015.06.16 08:06:53.870,0.95553,0.95564,1.87,1.00
2015.06.16 08:06:53.974,0.95552,0.95564,2.47,1.00
2015.06.16 08:06:58.388,0.95552,0.95565,2.47,1.00
2015.06.16 08:07:01.522,0.95552,0.95564,1.87,1.00
2015.06.16 08:07:02.042,0.95551,0.95563,1.00,1.00
2015.06.16 08:07:05.323,0.95552,0.95564,1.00,1.00
2015.06.16 08:07:05.832,0.95552,0.95565,1.12,1.00
2015.06.16 08:07:06.376,0.95552,0.95565,1.37,1.37
2015.06.16 08:07:06.884,0.95551,0.95563,1.72,1.00
2015.06.16 08:07:11.834,0.95551,0.95563,1.12,1.00
2015.06.16 08:07:11.935,0.9555,0.95562,1.00,1.37
2015.06.16 08:07:12.037,0.95548,0.95562,1.87,1.95
2015.06.16 08:07:12.572,0.95547,0.9556,1.50,1.87
2015.06.16 08:07:13.098,0.95546,0.95558,1.37,1.00
2015.06.16 08:07:15.048,0.95548,0.95562,1.12,1.47
2015.06.16 08:07:15.252,0.9555,0.95563,1.37,1.87
2015.06.16 08:07:15.764,0.9555,0.95563,1.37,1.00
2015.06.16 08:07:16.267,0.95551,0.95564,1.37,1.87
2015.06.16 08:07:16.807,0.95553,0.95565,1.12,1.50
2015.06.16 08:07:18.869,0.95551,0.95564,1.87,1.12
2015.06.16 08:07:20.258,0.95551,0.95564,1.00,1.50
2015.06.16 08:07:20.309,0.95548,0.95558,1.57,1.00
2015.06.16 08:07:20.412,0.95545,0.95555,1.87,1.00
2015.06.16 08:07:20.514,0.95543,0.95555,1.00,1.00
2015.06.16 08:07:20.694,0.95541,0.95552,1.95,1.00
2015.06.16 08:07:21.202,0.95541,0.95552,1.12,1.00
2015.06.16 08:07:21.768,0.95541,0.95553,1.12,1.00
2015.06.16 08:07:22.577,0.95542,0.95555,1.00,2.62
2015.06.16 08:07:23.878,0.9554,0.95552,1.50,1.00
2015.06.16 08:07:23.929,0.95542,0.95555,1.00,1.12
2015.06.16 08:07:24.366,0.95542,0.95548,1.00,1.00
2015.06.16 08:07:24.621,0.95542,0.95555,1.00,1.87
2015.06.16 08:07:25.058,0.95543,0.95555,1.37,1.00
2015.06.16 08:07:25.110,0.95544,0.95557,1.12,1.12
2015.06.16 08:07:25.211,0.95547,0.95558,1.00,1.00
2015.06.16 08:07:25.313,0.95547,0.9556,1.00,2.62
2015.06.16 08:07:25.415,0.95549,0.9556,1.00,1.12
2015.06.16 08:07:26.838,0.9555,0.95562,1.00,1.87
2015.06.16 08:07:26.889,0.9555,0.95562,1.00,1.12
2015.06.16 08:07:27.455,0.95551,0.95563,1.00,1.37
2015.06.16 08:07:27.962,0.95548,0.95562,2.25,1.50
2015.06.16 08:07:28.013,0.95547,0.9556,1.57,1.00
2015.06.16 08:07:28.115,0.95546,0.95558,2.32,1.00
2015.06.16 08:07:28.622,0.95545,0.95557,1.00,1.00
2015.06.16 08:07:29.080,0.95543,0.95557,2.25,1.87
2015.06.16 08:07:31.687,0.95543,0.95555,1.50,1.00
2015.06.16 08:07:31.857,0.95548,0.95559,1.12,1.00
2015.06.16 08:07:31.909,0.95548,0.95561,1.12,1.00
2015.06.16 08:07:32.314,0.95548,0.95561,1.37,1.00
2015.06.16 08:07:32.416,0.9555,0.95563,1.37,1.00
2015.06.16 08:07:33.525,0.9555,0.95562,1.37,1.00
2015.06.16 08:07:34.656,0.9555,0.95557,1.37,1.00
2015.06.16 08:07:34.757,0.95548,0.95557,2.25,1.00
2015.06.16 08:07:35.194,0.95548,0.95556,1.47,1.00
2015.06.16 08:07:35.295,0.95548,0.95556,1.20,1.00
2015.06.16 08:07:35.827,0.95549,0.95556,1.00,1.00
2015.06.16 08:07:37.962,0.95548,0.95556,1.00,1.00
2015.06.16 08:07:38.013,0.95546,0.95556,1.20,1.00
2015.06.16 08:07:38.064,0.95545,0.95553,1.87,1.00
2015.06.16 08:07:38.115,0.95543,0.95553,2.62,1.12
2015.06.16 08:07:38.345,0.9554,0.95551,1.87,1.00
2015.06.16 08:07:39.058,0.95541,0.95551,1.00,1.00
2015.06.16 08:07:43.244,0.95539,0.95551,1.00,1.12
2015.06.16 08:07:43.745,0.95538,0.95551,1.72,1.12
2015.06.16 08:07:44.315,0.95538,0.95552,1.35,2.62
2015.06.16 08:07:47.222,0.95538,0.95551,2.47,1.12
2015.06.16 08:07:49.279,0.95538,0.95551,1.30,2.62
2015.06.16 08:07:49.684,0.95538,0.95551,1.37,1.12
2015.06.16 08:07:52.592,0.95539,0.95549,1.00,1.00
2015.06.16 08:07:52.795,0.95539,0.95551,1.00,1.50
2015.06.16 08:07:53.586,0.95537,0.95551,1.50,1.87
2015.06.16 08:07:54.043,0.95535,0.95548,1.87,2.47
2015.06.16 08:07:54.640,0.95535,0.95548,1.87,1.87
2015.06.16 08:07:54.692,0.95535,0.95548,1.87,1.87
2015.06.16 08:07:56.808,0.95535,0.95548,1.87,1.87
2015.06.16 08:07:57.011,0.95535,0.95548,1.87,1.87
2015.06.16 08:07:57.533,0.95536,0.95547,1.12,1.00
2015.06.16 08:07:57.900,0.95536,0.9555,1.37,1.12
2015.06.16 08:07:58.619,0.95536,0.9555,1.75,1.00
2015.06.16 08:07:59.153,0.95536,0.95549,1.75,1.00
2015.06.16 08:08:06.874,0.95536,0.95546,1.37,1.00
2015.06.16 08:08:07.129,0.9553,0.95543,2.62,1.50
2015.06.16 08:08:07.181,0.9553,0.95543,1.87,1.87
2015.06.16 08:08:07.283,0.95528,0.95538,1.50,1.00
2015.06.16 08:08:07.385,0.95526,0.95538,2.25,1.12
2015.06.16 08:08:07.538,0.95526,0.95535,1.37,1.00
2015.06.16 08:08:07.751,0.95525,0.95535,1.30,1.00
2015.06.16 08:08:09.654,0.95525,0.95537,1.30,2.25
2015.06.16 08:08:10.480,0.95524,0.95537,2.47,1.50
2015.06.16 08:08:11.778,0.95525,0.95538,1.72,1.87
2015.06.16 08:08:12.378,0.95525,0.95538,1.72,1.50
2015.06.16 08:08:14.415,0.95526,0.95538,1.37,1.00
2015.06.16 08:08:18.750,0.95526,0.95538,1.12,1.12
2015.06.16 08:08:18.975,0.95523,0.95537,1.20,1.37
2015.06.16 08:08:19.026,0.95523,0.95536,1.10,1.37
2015.06.16 08:08:19.540,0.95524,0.95534,1.00,1.12
2015.06.16 08:08:21.500,0.95524,0.95532,1.00,1.37
2015.06.16 08:08:21.551,0.95519,0.95532,1.12,1.87
2015.06.16 08:08:21.754,0.95517,0.9553,1.87,1.12
2015.06.16 08:08:23.027,0.95515,0.95527,2.70,1.00
2015.06.16 08:08:24.495,0.95515,0.95528,2.70,1.50
2015.06.16 08:08:25.061,0.95518,0.95529,2.10,1.00
2015.06.16 08:08:25.163,0.9552,0.95531,1.72,1.00
2015.06.16 08:08:25.214,0.9552,0.95533,1.72,1.10
2015.06.16 08:08:26.783,0.9552,0.95533,1.72,1.00
2015.06.16 08:08:27.823,0.9552,0.95532,1.72,1.00
2015.06.16 08:08:28.844,0.9552,0.95533,1.72,1.00
2015.06.16 08:08:30.826,0.9552,0.95532,1.12,1.12
2015.06.16 08:08:31.029,0.9552,0.95532,1.00,1.37
2015.06.16 08:08:31.181,0.95516,0.95528,1.00,1.60
2015.06.16 08:08:31.283,0.95514,0.95526,1.00,1.00
2015.06.16 08:08:31.577,0.95511,0.95524,2.62,1.00
2015.06.16 08:08:31.883,0.95515,0.95528,1.37,2.62
2015.06.16 08:08:34.313,0.95513,0.95527,3.00,1.00
2015.06.16 08:08:34.857,0.95513,0.95527,1.87,1.87
2015.06.16 08:08:34.960,0.95512,0.95523,1.10,1.00
2015.06.16 08:08:35.565,0.95512,0.95523,1.10,1.37
2015.06.16 08:08:40.350,0.95512,0.95523,1.12,1.12
2015.06.16 08:08:40.452,0.95512,0.95525,1.12,1.87
2015.06.16 08:08:40.504,0.95512,0.95523,1.12,1.00
2015.06.16 08:08:42.608,0.95512,0.95523,1.12,1.00
2015.06.16 08:08:43.301,0.95512,0.95523,1.00,1.00
2015.06.16 08:08:44.717,0.95511,0.95521,1.12,1.00
2015.06.16 08:08:44.818,0.95512,0.95523,1.12,1.12
2015.06.16 08:08:45.604,0.95512,0.95523,1.00,1.37
2015.06.16 08:08:48.506,0.95512,0.95523,1.00,1.00
2015.06.16 08:08:49.887,0.95512,0.95523,1.37,1.12
2015.06.16 08:08:53.492,0.95512,0.95523,1.50,1.37
2015.06.16 08:08:54.044,0.95511,0.95524,1.00,2.62
2015.06.16 08:08:54.601,0.95512,0.95524,1.37,1.00
2015.06.16 08:08:54.703,0.95514,0.95526,1.37,1.00
2015.06.16 08:08:55.896,0.95518,0.95528,1.00,1.37
2015.06.16 08:08:55.948,0.95518,0.95531,1.50,1.87
2015.06.16 08:08:56.050,0.95516,0.95529,1.00,1.87
2015.06.16 08:08:56.204,0.95511,0.95522,1.12,1.12
2015.06.16 08:08:56.558,0.95508,0.9552,1.37,1.00
2015.06.16 08:08:57.032,0.95508,0.9552,1.37,1.00
2015.06.16 08:08:58.020,0.9551,0.95523,1.00,1.37
2015.06.16 08:08:59.428,0.9551,0.95523,1.37,1.37
2015.06.16 08:09:00.934,0.9551,0.95523,1.12,1.37
2015.06.16 08:09:01.560,0.9551,0.95523,1.00,1.87
2015.06.16 08:09:01.763,0.95506,0.9552,1.60,1.37
2015.06.16 08:09:01.994,0.95505,0.95518,1.87,1.87
2015.06.16 08:09:04.342,0.95506,0.9552,1.00,1.37
2015.06.16 08:09:04.393,0.95506,0.9552,1.37,1.00
2015.06.16 08:09:04.698,0.95511,0.95523,1.00,1.37
2015.06.16 08:09:06.514,0.95511,0.95524,1.12,1.87
2015.06.16 08:09:07.317,0.9551,0.95524,1.50,2.62
2015.06.16 08:09:07.543,0.95508,0.95522,1.12,1.37
2015.06.16 08:09:07.645,0.9551,0.95523,1.00,1.87
2015.06.16 08:09:07.949,0.95508,0.95521,1.87,1.87
2015.06.16 08:09:08.384,0.95508,0.95521,1.87,1.87
2015.06.16 08:09:08.915,0.95506,0.9552,2.62,1.12
2015.06.16 08:09:09.423,0.95507,0.95519,1.12,1.00
2015.06.16 08:09:09.938,0.95508,0.95519,1.00,1.00
2015.06.16 08:09:10.439,0.95507,0.95521,1.12,1.37
2015.06.16 08:09:10.720,0.95507,0.95519,1.00,1.87
2015.06.16 08:09:10.873,0.95501,0.95515,2.62,1.87
2015.06.16 08:09:11.403,0.95503,0.95516,2.25,1.87
2015.06.16 08:09:11.938,0.95505,0.95516,1.12,1.37
2015.06.16 08:09:12.475,0.95503,0.95516,2.10,1.87
2015.06.16 08:09:14.952,0.95504,0.95518,1.12,1.87
2015.06.16 08:09:15.055,0.95504,0.95516,1.37,1.12
2015.06.16 08:09:15.422,0.95501,0.95512,1.00,1.87
2015.06.16 08:09:15.474,0.95499,0.95511,1.00,1.37
2015.06.16 08:09:15.576,0.95497,0.95505,1.12,1.00
2015.06.16 08:09:15.677,0.95494,0.95504,1.12,1.00
2015.06.16 08:09:15.931,0.95493,0.95505,1.50,1.00
2015.06.16 08:09:16.032,0.95496,0.95508,1.37,1.87
2015.06.16 08:09:17.767,0.95497,0.9551,1.00,1.87
2015.06.16 08:09:17.869,0.95501,0.9551,1.00,1.37
2015.06.16 08:09:18.174,0.955,0.95512,1.00,1.12
2015.06.16 08:09:18.336,0.955,0.95512,1.00,1.87
2015.06.16 08:09:18.387,0.95497,0.95511,1.12,1.37
2015.06.16 08:09:18.968,0.95497,0.95511,1.37,1.87
2015.06.16 08:09:19.172,0.95495,0.95509,3.37,1.87
2015.06.16 08:09:19.273,0.95495,0.95507,1.87,1.37
2015.06.16 08:09:19.476,0.95495,0.95508,1.87,1.00
2015.06.16 08:09:19.649,0.95498,0.95511,1.00,1.20
2015.06.16 08:09:20.158,0.95499,0.95512,1.00,1.00
2015.06.16 08:09:21.858,0.95499,0.95512,1.00,1.37
2015.06.16 08:09:22.486,0.95498,0.95512,1.50,1.87
2015.06.16 08:09:22.992,0.95497,0.95509,1.50,1.12
2015.06.16 08:09:24.412,0.95496,0.95508,1.00,1.00
2015.06.16 08:09:24.993,0.95497,0.95509,1.00,1.12
2015.06.16 08:09:25.611,0.95496,0.95505,1.00,1.00
2015.06.16 08:09:25.662,0.95494,0.95505,1.00,1.00
2015.06.16 08:09:25.713,0.95491,0.95502,2.32,1.00
2015.06.16 08:09:26.238,0.95488,0.95501,2.25,1.87
2015.06.16 08:09:27.311,0.9549,0.95504,1.87,1.37
2015.06.16 08:09:28.004,0.9549,0.95504,1.37,1.00
2015.06.16 08:09:30.633,0.95493,0.95503,1.00,1.12
2015.06.16 08:09:30.935,0.95489,0.955,1.12,1.00
2015.06.16 08:09:31.674,0.95488,0.95501,3.45,1.00
2015.06.16 08:09:32.629,0.9549,0.95503,1.87,2.62
2015.06.16 08:09:33.552,0.95492,0.95503,1.00,1.12
2015.06.16 08:09:35.249,0.9549,0.95503,1.87,2.62
2015.06.16 08:09:35.574,0.95493,0.95503,1.35,1.50
2015.06.16 08:09:35.676,0.95493,0.95505,2.10,1.00
2015.06.16 08:09:35.726,0.95495,0.95507,1.00,1.12
2015.06.16 08:09:36.052,0.95495,0.95509,1.37,1.00
2015.06.16 08:09:36.254,0.95498,0.95511,1.12,1.87
2015.06.16 08:09:36.558,0.955,0.95512,1.12,1.50
2015.06.16 08:09:36.947,0.955,0.95514,1.00,1.12
2015.06.16 08:09:38.885,0.955,0.95512,1.00,1.12
2015.06.16 08:09:38.936,0.95498,0.95511,1.00,1.00
2015.06.16 08:09:39.089,0.95496,0.95509,1.37,1.00
2015.06.16 08:09:39.242,0.95495,0.95508,1.00,1.00
2015.06.16 08:09:39.336,0.95494,0.95505,1.12,1.00
2015.06.16 08:09:39.490,0.95491,0.95503,1.12,1.00
2015.06.16 08:09:41.274,0.95492,0.95503,1.00,1.00
2015.06.16 08:09:41.326,0.95494,0.95505,1.00,1.37
2015.06.16 08:09:43.988,0.95494,0.95505,1.00,1.12
2015.06.16 08:09:46.489,0.95495,0.95507,1.00,1.00
2015.06.16 08:09:46.696,0.95495,0.95507,1.87,1.00
2015.06.16 08:09:46.747,0.95496,0.9551,1.37,1.00
2015.06.16 08:09:46.798,0.95499,0.9551,1.00,1.00
2015.06.16 08:09:47.001,0.95501,0.95513,1.00,1.12
2015.06.16 08:09:47.179,0.95499,0.95513,1.00,1.12
2015.06.16 08:09:47.281,0.95499,0.95511,1.12,1.12
2015.06.16 08:09:47.788,0.95498,0.9551,1.12,1.00
2015.06.16 08:09:47.890,0.95499,0.95513,1.50,1.37
2015.06.16 08:09:47.992,0.95501,0.95513,1.00,1.87
2015.06.16 08:09:48.093,0.95499,0.95513,1.87,1.00
2015.06.16 08:09:48.274,0.955,0.95514,1.00,1.87
2015.06.16 08:09:48.478,0.95501,0.95514,1.00,1.12
2015.06.16 08:09:48.986,0.955,0.95514,1.00,1.87
2015.06.16 08:09:50.183,0.95499,0.95511,1.50,1.12
2015.06.16 08:09:50.284,0.95497,0.9551,1.12,1.00
2015.06.16 08:09:50.589,0.95498,0.95512,1.87,1.50
2015.06.16 08:09:51.017,0.95502,0.95515,1.00,1.97
2015.06.16 08:09:51.221,0.95503,0.95515,1.00,1.00
2015.06.16 08:09:51.323,0.95505,0.95517,1.00,1.12
2015.06.16 08:09:51.425,0.95505,0.95519,1.00,2.25
2015.06.16 08:09:54.001,0.95503,0.95514,1.00,1.12
2015.06.16 08:09:54.307,0.95503,0.95512,1.00,1.00
2015.06.16 08:09:54.441,0.95503,0.95514,1.00,1.12
2015.06.16 08:09:57.721,0.95503,0.95513,1.00,1.00
2015.06.16 08:09:58.276,0.95503,0.95514,1.00,1.12
2015.06.16 08:09:59.104,0.95503,0.95512,1.50,1.72
2015.06.16 08:09:59.256,0.95497,0.95511,1.12,1.37
2015.06.16 08:10:01.865,0.95497,0.95511,1.50,1.87
2015.06.16 08:10:01.916,0.955,0.95511,1.00,1.87
2015.06.16 08:10:02.017,0.955,0.95512,1.00,1.50
2015.06.16 08:10:02.558,0.95501,0.95514,1.00,1.95
2015.06.16 08:10:15.350,0.95503,0.95514,1.00,1.95
2015.06.16 08:10:15.553,0.95505,0.95518,1.00,1.95
2015.06.16 08:10:15.705,0.95507,0.95518,1.00,1.20
2015.06.16 08:10:16.110,0.95504,0.95516,1.75,1.00
2015.06.16 08:10:16.242,0.95506,0.95519,1.87,2.70
2015.06.16 08:10:17.829,0.95506,0.95517,1.87,1.00
2015.06.16 08:10:20.705,0.95504,0.95518,1.75,1.87
2015.06.16 08:10:20.975,0.95506,0.95518,2.10,1.50
2015.06.16 08:10:21.633,0.95506,0.95518,1.50,1.50
2015.06.16 08:10:22.966,0.95506,0.95518,1.50,1.00
2015.06.16 08:10:23.422,0.95504,0.95518,3.00,1.50
2015.06.16 08:10:24.400,0.95507,0.95519,1.87,1.00
2015.06.16 08:10:25.580,0.95508,0.9552,1.75,1.00
2015.06.16 08:10:26.180,0.95509,0.9552,1.00,1.00
2015.06.16 08:10:26.527,0.95509,0.95522,2.25,1.50
2015.06.16 08:10:27.012,0.9551,0.95524,1.12,1.10
2015.06.16 08:10:30.996,0.95509,0.95521,1.12,1.00
2015.06.16 08:10:31.233,0.9551,0.95524,1.50,3.30
2015.06.16 08:10:31.739,0.95511,0.95523,1.00,1.12
2015.06.16 08:10:32.257,0.9551,0.95522,1.00,1.00
2015.06.16 08:10:32.765,0.95509,0.95523,1.12,1.00
2015.06.16 08:10:33.495,0.9551,0.95524,1.00,3.60
2015.06.16 08:10:33.804,0.9551,0.95521,1.50,1.00
2015.06.16 08:10:34.306,0.95508,0.95521,1.37,1.50
2015.06.16 08:10:35.335,0.95507,0.9552,1.87,1.00
2015.06.16 08:10:35.862,0.95508,0.9552,1.12,1.00
2015.06.16 08:10:36.873,0.95508,0.9552,1.37,1.00
2015.06.16 08:10:36.976,0.95509,0.95522,1.37,1.87
2015.06.16 08:10:37.115,0.95509,0.9552,1.37,1.00
2015.06.16 08:10:37.419,0.95508,0.95518,1.37,1.00
2015.06.16 08:10:37.470,0.95507,0.95518,1.37,1.00
2015.06.16 08:10:37.572,0.95505,0.95518,1.00,1.00
2015.06.16 08:10:37.757,0.95504,0.95515,1.95,1.00
2015.06.16 08:10:38.069,0.95503,0.95513,1.00,1.00
2015.06.16 08:10:41.032,0.95504,0.95516,1.00,1.00
2015.06.16 08:10:41.184,0.95504,0.95516,1.87,1.00
2015.06.16 08:10:43.441,0.95506,0.95518,2.10,1.50
2015.06.16 08:10:43.492,0.95506,0.95518,2.10,1.00
2015.06.16 08:10:43.795,0.95507,0.9552,1.87,1.00
2015.06.16 08:10:44.552,0.95508,0.9552,1.37,1.00
2015.06.16 08:10:44.981,0.95508,0.9552,1.37,1.00
2015.06.16 08:10:45.487,0.9551,0.95521,1.87,1.00
2015.06.16 08:10:46.466,0.95507,0.9552,1.87,1.00
2015.06.16 08:10:47.029,0.95507,0.95519,1.37,1.00
2015.06.16 08:10:47.331,0.95506,0.95517,1.37,1.00
2015.06.16 08:10:47.383,0.95506,0.95517,1.37,1.00
2015.06.16 08:10:47.789,0.95505,0.95517,1.12,1.00
2015.06.16 08:10:47.992,0.95505,0.95517,1.37,1.00
2015.06.16 08:10:48.377,0.95505,0.95517,1.12,1.00
2015.06.16 08:10:49.561,0.95507,0.95517,1.00,1.00
2015.06.16 08:10:50.250,0.95507,0.95518,1.12,1.00
2015.06.16 08:10:50.763,0.95507,0.95519,1.12,1.50
2015.06.16 08:10:51.196,0.95506,0.95517,1.12,1.00
2015.06.16 08:10:52.510,0.95504,0.95518,1.37,1.50
2015.06.16 08:10:54.685,0.95507,0.95518,1.00,1.50
2015.06.16 08:10:56.119,0.95507,0.95518,1.00,1.95
2015.06.16 08:10:56.273,0.95503,0.95515,1.37,1.00
2015.06.16 08:10:57.123,0.95502,0.95515,1.12,1.50
2015.06.16 08:10:57.489,0.95501,0.95512,1.37,1.00
2015.06.16 08:10:59.173,0.95502,0.95514,1.35,1.00
2015.06.16 08:10:59.275,0.95504,0.95515,1.00,1.00
2015.06.16 08:10:59.705,0.95504,0.95515,1.37,1.00
2015.06.16 08:10:59.756,0.95504,0.95517,1.87,1.00
2015.06.16 08:11:00.263,0.95506,0.95518,1.37,1.50
2015.06.16 08:11:03.117,0.95506,0.95518,1.12,1.50
2015.06.16 08:11:03.978,0.95505,0.95517,1.12,1.00
2015.06.16 08:11:04.232,0.95503,0.95516,1.87,1.50
2015.06.16 08:11:05.603,0.95505,0.95519,1.87,1.00
2015.06.16 08:11:05.814,0.95506,0.9552,1.37,1.50
2015.06.16 08:11:06.320,0.9551,0.9552,1.00,1.00
2015.06.16 08:11:06.871,0.95508,0.9552,1.37,1.00
2015.06.16 08:11:07.253,0.95508,0.95518,1.37,1.00
2015.06.16 08:11:07.406,0.95505,0.95516,1.37,1.00
2015.06.16 08:11:07.609,0.95505,0.95516,2.25,1.00
2015.06.16 08:11:07.711,0.95505,0.95518,3.00,1.00
2015.06.16 08:11:08.255,0.95507,0.95518,1.37,1.00
2015.06.16 08:11:08.610,0.95508,0.95522,1.50,3.07
2015.06.16 08:11:09.204,0.95508,0.9552,1.37,1.00
2015.06.16 08:11:09.508,0.95509,0.95522,1.37,1.50
2015.06.16 08:11:10.014,0.95508,0.95522,1.37,1.87
2015.06.16 08:11:10.115,0.95507,0.95521,1.87,1.87
2015.06.16 08:11:10.323,0.95507,0.95521,1.87,1.87
2015.06.16 08:11:10.527,0.95505,0.95518,1.50,2.62
2015.06.16 08:11:10.730,0.95502,0.95516,1.57,1.12
2015.06.16 08:11:11.239,0.95502,0.95516,1.37,1.37
2015.06.16 08:11:11.559,0.95501,0.95515,1.37,1.87
2015.06.16 08:11:13.373,0.955,0.95512,1.37,1.00
2015.06.16 08:11:13.967,0.955,0.95511,1.37,1.00
2015.06.16 08:11:14.475,0.955,0.95511,1.37,1.00
2015.06.16 08:11:15.841,0.95501,0.95514,1.12,1.37
2015.06.16 08:11:16.380,0.95501,0.95514,1.12,1.37
2015.06.16 08:11:16.953,0.95501,0.95514,1.12,1.12
2015.06.16 08:11:18.249,0.95501,0.95514,1.37,1.12
2015.06.16 08:11:20.929,0.955,0.95512,1.37,1.00
2015.06.16 08:11:25.371,0.95498,0.95511,1.47,1.00
2015.06.16 08:11:25.902,0.95501,0.95512,1.72,1.00
2015.06.16 08:11:25.953,0.95502,0.95514,1.12,1.12
2015.06.16 08:11:26.035,0.95504,0.95514,1.00,1.12
2015.06.16 08:11:26.138,0.95504,0.95517,1.87,3.37
2015.06.16 08:11:28.168,0.95504,0.95517,1.87,3.37
2015.06.16 08:11:28.992,0.95504,0.95517,1.87,3.37
2015.06.16 08:11:31.263,0.95504,0.95517,1.87,1.37
2015.06.16 08:11:32.186,0.95505,0.95516,1.00,1.12
2015.06.16 08:11:33.490,0.95505,0.95516,1.37,1.00
2015.06.16 08:11:33.592,0.95507,0.95518,1.00,1.50
2015.06.16 08:11:34.122,0.95508,0.95519,1.00,1.00
2015.06.16 08:11:36.657,0.95507,0.95519,1.00,1.87
2015.06.16 08:11:36.708,0.95505,0.95518,2.10,1.12
2015.06.16 08:11:36.759,0.95505,0.95513,1.00,1.00
2015.06.16 08:11:36.810,0.955,0.95513,3.00,1.12
2015.06.16 08:11:37.064,0.95504,0.95515,1.00,1.37
2015.06.16 08:11:37.576,0.95504,0.95515,1.72,1.00
2015.06.16 08:11:38.747,0.95504,0.95513,1.00,1.00
2015.06.16 08:11:38.950,0.95504,0.95515,1.00,1.00
2015.06.16 08:11:39.377,0.95506,0.95516,1.00,1.12
2015.06.16 08:11:39.904,0.95506,0.95517,1.00,1.00
2015.06.16 08:11:41.781,0.95504,0.95516,1.00,1.37
2015.06.16 08:11:41.882,0.95502,0.95516,1.87,2.25
2015.06.16 08:11:42.034,0.95505,0.95517,1.00,1.37
2015.06.16 08:11:42.492,0.95506,0.95518,1.50,1.50
2015.06.16 08:11:42.593,0.95503,0.95515,1.00,1.37
2015.06.16 08:11:43.125,0.95502,0.95514,1.00,1.37
2015.06.16 08:11:44.206,0.95502,0.95514,1.12,1.12
2015.06.16 08:11:44.806,0.95502,0.95514,1.37,1.12
2015.06.16 08:11:47.020,0.95504,0.95515,1.00,1.87
2015.06.16 08:11:47.122,0.95501,0.95515,1.87,1.87
2015.06.16 08:11:47.684,0.95501,0.95513,1.12,1.00
2015.06.16 08:11:48.422,0.95499,0.95513,1.87,1.00
2015.06.16 08:11:49.237,0.95499,0.95513,1.87,1.00
2015.06.16 08:11:49.338,0.95499,0.95513,1.87,1.00
2015.06.16 08:11:50.546,0.955,0.95513,1.00,1.50
2015.06.16 08:11:51.035,0.95499,0.9551,1.37,1.87
2015.06.16 08:11:51.086,0.95498,0.95509,1.50,1.37
2015.06.16 08:11:51.138,0.95496,0.95507,1.50,1.87
2015.06.16 08:11:51.189,0.95494,0.95505,1.00,1.00
2015.06.16 08:11:51.240,0.95491,0.95505,1.87,1.00
2015.06.16 08:11:51.392,0.9549,0.95501,1.50,1.35
2015.06.16 08:11:51.494,0.95488,0.95501,1.87,1.72
2015.06.16 08:11:52.291,0.95489,0.955,1.00,1.12
2015.06.16 08:11:56.018,0.95488,0.95501,1.12,1.37
2015.06.16 08:11:56.524,0.95487,0.955,1.87,1.37
2015.06.16 08:11:57.021,0.95486,0.955,2.62,1.37
2015.06.16 08:11:57.326,0.95483,0.95491,1.00,2.10
2015.06.16 08:11:57.428,0.95479,0.95491,1.50,2.85
2015.06.16 08:11:57.555,0.95482,0.95491,1.00,1.00
2015.06.16 08:11:57.708,0.95476,0.95489,1.20,1.50
2015.06.16 08:11:57.759,0.95476,0.95486,1.20,1.35
2015.06.16 08:11:57.860,0.95477,0.95489,1.00,1.00
2015.06.16 08:11:58.013,0.9548,0.95492,1.00,1.35
2015.06.16 08:11:58.522,0.95482,0.95493,1.00,1.12
2015.06.16 08:11:59.031,0.95482,0.95495,1.00,1.37
2015.06.16 08:11:59.751,0.95482,0.95494,1.50,2.47
2015.06.16 08:12:00.169,0.95482,0.95494,1.00,3.22
2015.06.16 08:12:00.220,0.9548,0.95494,1.00,3.97
2015.06.16 08:12:00.727,0.9548,0.95493,1.00,1.97
2015.06.16 08:12:01.230,0.95479,0.95492,1.87,1.30
2015.06.16 08:12:01.635,0.95479,0.95489,1.00,1.00
2015.06.16 08:12:01.940,0.95479,0.95491,1.00,1.12
2015.06.16 08:12:02.445,0.95479,0.95491,1.00,1.37
2015.06.16 08:12:02.993,0.95478,0.95491,1.00,1.37
2015.06.16 08:12:03.630,0.95478,0.95491,1.00,1.12
2015.06.16 08:12:04.174,0.95477,0.95489,1.50,1.37
2015.06.16 08:12:04.225,0.95475,0.95488,1.87,1.12
2015.06.16 08:12:04.753,0.95476,0.95487,1.00,1.00
2015.06.16 08:12:05.260,0.95476,0.95488,1.00,1.12
2015.06.16 08:12:06.059,0.95477,0.95489,1.00,1.37
2015.06.16 08:12:09.691,0.95476,0.95489,2.25,1.37
2015.06.16 08:12:10.231,0.95475,0.95489,1.87,1.37
2015.06.16 08:12:13.722,0.95476,0.95489,1.00,1.37
2015.06.16 08:12:14.287,0.95477,0.9549,1.00,1.37
2015.06.16 08:12:14.907,0.95477,0.9549,1.12,1.12
2015.06.16 08:12:15.616,0.95478,0.9549,1.12,1.12
2015.06.16 08:12:17.746,0.95479,0.9549,1.00,1.12
2015.06.16 08:12:18.101,0.95481,0.95493,1.00,2.32
2015.06.16 08:12:19.966,0.95482,0.95494,1.00,2.62
2015.06.16 08:12:20.771,0.95483,0.95494,1.00,1.12
2015.06.16 08:12:22.800,0.95484,0.95497,1.00,4.50
2015.06.16 08:12:22.952,0.9548,0.95493,3.00,1.87
2015.06.16 08:12:23.477,0.95483,0.95495,1.00,1.87
2015.06.16 08:12:23.798,0.95484,0.95496,1.50,1.00
2015.06.16 08:12:24.317,0.95482,0.95492,1.47,1.00
2015.06.16 08:12:24.420,0.95482,0.95492,1.00,1.00
2015.06.16 08:12:24.471,0.95482,0.9549,1.00,1.00
2015.06.16 08:12:24.624,0.95479,0.9549,1.50,1.00
2015.06.16 08:12:24.949,0.95476,0.9549,1.00,1.10
2015.06.16 08:12:25.489,0.95478,0.95489,1.00,1.00
2015.06.16 08:12:26.028,0.95478,0.95492,1.50,3.45
2015.06.16 08:12:26.540,0.95478,0.9549,1.87,1.20
2015.06.16 08:12:27.047,0.95479,0.95491,1.12,1.00
2015.06.16 08:12:27.301,0.95481,0.95495,1.12,1.87
2015.06.16 08:12:27.827,0.95482,0.95496,1.12,1.37
2015.06.16 08:12:28.397,0.95482,0.95496,1.00,1.37
2015.06.16 08:12:28.859,0.95479,0.95486,1.57,2.47
2015.06.16 08:12:29.012,0.95473,0.95483,1.00,1.35
2015.06.16 08:12:29.164,0.95471,0.95482,1.00,1.00
2015.06.16 08:12:29.215,0.95469,0.95483,1.50,1.00
2015.06.16 08:12:29.317,0.95472,0.95483,1.00,1.60
2015.06.16 08:12:29.570,0.95463,0.95473,1.00,1.50
2015.06.16 08:12:29.621,0.95463,0.95477,1.50,2.10
2015.06.16 08:12:29.672,0.9547,0.95481,1.00,1.10
2015.06.16 08:12:29.774,0.95467,0.95483,1.00,1.87
2015.06.16 08:12:29.960,0.95466,0.95478,1.95,1.00
2015.06.16 08:12:30.267,0.95463,0.95477,1.00,2.32
2015.06.16 08:12:30.319,0.95464,0.95469,1.00,1.00
2015.06.16 08:12:30.522,0.95462,0.95469,2.25,1.00
2015.06.16 08:12:30.877,0.95463,0.95468,1.00,1.00
2015.06.16 08:12:31.424,0.95463,0.95467,1.00,1.00
2015.06.16 08:12:31.847,0.95463,0.95467,1.00,1.00
2015.06.16 08:12:32.267,0.95462,0.95467,1.00,1.00
2015.06.16 08:12:32.706,0.95464,0.95468,1.00,1.00
2015.06.16 08:12:32.757,0.95464,0.9547,1.50,1.00
2015.06.16 08:12:33.887,0.95467,0.95471,1.00,1.00
2015.06.16 08:12:34.192,0.95469,0.95473,1.00,1.00
2015.06.16 08:12:34.294,0.95469,0.95474,1.50,1.00
2015.06.16 08:12:34.396,0.9547,0.95475,1.00,1.00
2015.06.16 08:12:34.654,0.95472,0.95476,1.00,1.00
2015.06.16 08:12:35.898,0.95471,0.95476,1.00,1.00
2015.06.16 08:12:36.431,0.95469,0.95475,2.25,1.00
2015.06.16 08:12:37.227,0.95469,0.95476,1.50,1.00
2015.06.16 08:12:37.740,0.95469,0.95477,1.00,1.00
2015.06.16 08:12:38.233,0.95465,0.95477,1.12,1.50
2015.06.16 08:12:38.285,0.95466,0.95477,1.12,1.50
2015.06.16 08:12:38.610,0.9546,0.9547,1.37,1.00
2015.06.16 08:12:38.661,0.95459,0.95474,1.97,2.25
2015.06.16 08:12:38.916,0.95459,0.95476,3.37,1.00
2015.06.16 08:12:39.484,0.95461,0.95477,1.37,1.95
2015.06.16 08:12:39.712,0.95461,0.95477,1.37,1.95
2015.06.16 08:12:43.500,0.95459,0.95476,3.37,1.37
2015.06.16 08:12:43.650,0.95459,0.95476,3.37,1.37
2015.06.16 08:12:44.187,0.95459,0.95476,3.37,1.57
2015.06.16 08:12:46.416,0.95459,0.95476,2.62,1.57
2015.06.16 08:12:47.095,0.95459,0.95476,2.62,1.57
2015.06.16 08:12:48.037,0.95459,0.95476,2.62,3.07
2015.06.16 08:12:48.413,0.95465,0.95477,1.72,1.10
2015.06.16 08:12:48.465,0.95466,0.9548,1.87,1.00
2015.06.16 08:12:48.567,0.95466,0.95477,2.70,1.00
2015.06.16 08:12:48.618,0.95466,0.95477,1.95,1.00
2015.06.16 08:12:48.771,0.95465,0.95479,1.72,1.12
2015.06.16 08:12:49.127,0.95466,0.95476,1.00,1.00
2015.06.16 08:12:50.859,0.95466,0.95475,1.00,1.00
2015.06.16 08:12:51.627,0.95466,0.95474,1.00,1.00
2015.06.16 08:12:53.083,0.95465,0.95474,1.00,1.00
2015.06.16 08:12:53.760,0.95465,0.95476,1.00,1.00
2015.06.16 08:12:54.394,0.95466,0.95476,1.50,1.00
2015.06.16 08:12:55.316,0.95466,0.95476,1.87,1.00
2015.06.16 08:12:55.418,0.95466,0.9548,1.87,1.50
2015.06.16 08:12:56.070,0.95469,0.9548,1.00,1.00
2015.06.16 08:12:56.519,0.9547,0.95482,1.00,1.12
2015.06.16 08:12:56.621,0.9547,0.95484,1.37,2.62
2015.06.16 08:12:56.723,0.95472,0.95484,1.12,3.37
2015.06.16 08:12:57.878,0.95473,0.95485,1.00,1.37
2015.06.16 08:12:58.131,0.95475,0.95486,1.00,1.37
2015.06.16 08:12:58.234,0.95475,0.95488,1.00,1.95
2015.06.16 08:12:58.437,0.95475,0.95488,1.50,1.37
2015.06.16 08:12:59.142,0.95475,0.95489,1.50,3.37
2015.06.16 08:12:59.446,0.95476,0.95489,1.00,2.25
2015.06.16 08:12:59.598,0.95478,0.95489,1.00,1.50
2015.06.16 08:12:59.957,0.95475,0.95489,1.50,2.25
2015.06.16 08:13:00.313,0.95475,0.95488,1.00,1.37
2015.06.16 08:13:00.415,0.95475,0.95489,1.12,3.37
2015.06.16 08:13:01.186,0.95475,0.95487,1.12,1.00
2015.06.16 08:13:01.700,0.95475,0.95488,1.50,1.37
2015.06.16 08:13:02.202,0.95474,0.95488,1.87,1.87
2015.06.16 08:13:02.889,0.95476,0.95488,1.00,1.37
2015.06.16 08:13:04.793,0.95475,0.95487,1.00,1.37
2015.06.16 08:13:05.386,0.95474,0.95487,1.12,1.87
2015.06.16 08:13:05.826,0.95478,0.95487,1.00,1.87
2015.06.16 08:13:06.370,0.95478,0.95489,1.00,1.37
2015.06.16 08:13:07.056,0.95477,0.95489,1.00,1.37
2015.06.16 08:13:07.592,0.95477,0.95482,1.50,1.00
2015.06.16 08:13:07.745,0.95474,0.95483,1.50,1.00
2015.06.16 08:13:07.998,0.95475,0.95489,1.50,1.95
2015.06.16 08:13:08.252,0.95477,0.95489,1.00,1.37
2015.06.16 08:13:08.588,0.9548,0.95493,1.00,2.32
2015.06.16 08:13:09.095,0.9548,0.95493,1.12,1.75
2015.06.16 08:13:09.298,0.9548,0.95493,1.87,1.37
2015.06.16 08:13:09.881,0.9548,0.95493,1.37,1.87
2015.06.16 08:13:10.387,0.9548,0.95492,1.12,1.37
2015.06.16 08:13:13.288,0.95477,0.9549,1.87,1.37
2015.06.16 08:13:13.838,0.95478,0.9549,1.37,1.37
2015.06.16 08:13:15.027,0.95478,0.95491,1.00,1.37
2015.06.16 08:13:16.234,0.95477,0.95491,3.37,1.37
2015.06.16 08:13:16.336,0.95479,0.95491,1.00,1.87
2015.06.16 08:13:16.438,0.95477,0.95491,3.37,1.12
2015.06.16 08:13:16.954,0.95478,0.95492,1.50,1.37
2015.06.16 08:13:18.471,0.95479,0.9549,1.00,1.00
2015.06.16 08:13:19.460,0.95479,0.95491,1.00,1.12
2015.06.16 08:13:19.949,0.9548,0.95494,1.00,1.87
2015.06.16 08:13:20.050,0.9548,0.95493,1.00,1.37
2015.06.16 08:13:20.353,0.95481,0.95494,1.00,1.87
2015.06.16 08:13:20.708,0.95482,0.95496,2.25,1.87
2015.06.16 08:13:20.759,0.95484,0.95496,1.00,1.12
2015.06.16 08:13:21.487,0.95483,0.95497,1.50,1.87
2015.06.16 08:13:24.853,0.95484,0.95498,1.00,1.37
2015.06.16 08:13:26.176,0.95485,0.95498,1.00,1.37
2015.06.16 08:13:26.379,0.95485,0.95498,1.12,1.00
2015.06.16 08:13:26.532,0.95488,0.95499,1.00,1.00
2015.06.16 08:13:27.113,0.95488,0.955,1.00,1.12
2015.06.16 08:13:27.570,0.95488,0.95502,1.00,1.37
2015.06.16 08:13:28.224,0.95487,0.955,1.00,1.37
2015.06.16 08:13:28.771,0.95487,0.955,1.00,1.37
2015.06.16 08:13:29.984,0.95487,0.955,1.00,1.37
2015.06.16 08:13:31.191,0.95486,0.955,2.25,1.87
2015.06.16 08:13:31.492,0.95488,0.95502,1.00,1.37
2015.06.16 08:13:33.896,0.95489,0.955,1.00,1.37
2015.06.16 08:13:34.714,0.95489,0.955,1.00,1.37
2015.06.16 08:13:34.816,0.95489,0.95502,1.87,1.87
2015.06.16 08:13:34.918,0.95492,0.95504,1.00,2.70
2015.06.16 08:13:35.020,0.95492,0.95504,1.00,1.95
2015.06.16 08:13:36.840,0.95491,0.95504,1.87,1.95
2015.06.16 08:13:39.628,0.95492,0.95505,1.37,1.87
2015.06.16 08:13:41.574,0.95494,0.95507,1.00,2.62
2015.06.16 08:13:42.183,0.95492,0.95506,1.50,1.37
2015.06.16 08:13:42.386,0.95494,0.95507,1.00,1.87
2015.06.16 08:13:42.698,0.95496,0.95507,1.00,1.37
2015.06.16 08:13:43.700,0.95494,0.95507,1.00,1.37
2015.06.16 08:13:45.037,0.95494,0.95507,1.00,1.87
2015.06.16 08:13:45.799,0.95493,0.95505,1.00,1.37
2015.06.16 08:13:46.454,0.95493,0.95505,1.00,1.87
2015.06.16 08:13:46.763,0.95488,0.95499,1.37,1.87
2015.06.16 08:13:48.557,0.95488,0.95499,1.37,1.87
2015.06.16 08:13:48.660,0.95491,0.955,1.50,1.00
2015.06.16 08:13:48.761,0.95495,0.955,1.00,1.00
2015.06.16 08:13:48.914,0.95495,0.95503,1.00,1.00
2015.06.16 08:13:49.168,0.95492,0.95503,1.37,1.00
2015.06.16 08:13:49.664,0.95492,0.95503,1.37,1.37
2015.06.16 08:13:49.717,0.95491,0.95501,1.00,1.37
2015.06.16 08:13:50.237,0.95488,0.95498,1.87,1.00
2015.06.16 08:13:50.618,0.95492,0.95502,1.00,1.87
2015.06.16 08:13:50.891,0.9549,0.95503,1.75,2.25
2015.06.16 08:13:51.199,0.95489,0.95503,1.87,1.37
2015.06.16 08:13:51.773,0.95489,0.95503,1.37,1.87
2015.06.16 08:14:00.294,0.95488,0.955,2.62,1.12
2015.06.16 08:14:00.852,0.95488,0.95498,1.87,1.00
2015.06.16 08:14:01.358,0.95488,0.95499,1.87,1.87
2015.06.16 08:14:01.861,0.95488,0.955,2.25,1.00
2015.06.16 08:14:02.368,0.95488,0.95501,2.62,1.00
2015.06.16 08:14:02.671,0.95491,0.95501,1.37,1.00
2015.06.16 08:14:02.722,0.95491,0.95503,1.37,1.50
2015.06.16 08:14:04.094,0.95491,0.95503,1.37,1.87
2015.06.16 08:14:04.246,0.95489,0.95501,1.50,1.00
2015.06.16 08:14:05.330,0.95489,0.95502,1.87,1.00
2015.06.16 08:14:05.837,0.95489,0.95501,1.12,1.50
2015.06.16 08:14:09.785,0.95488,0.955,2.62,1.00
2015.06.16 08:14:10.316,0.95488,0.95501,2.62,1.00
2015.06.16 08:14:11.881,0.9549,0.95501,1.00,1.00
2015.06.16 08:14:12.428,0.95489,0.955,2.62,1.00
2015.06.16 08:14:13.509,0.95491,0.955,1.00,1.00
2015.06.16 08:14:13.813,0.95491,0.95502,1.37,1.00
2015.06.16 08:14:14.016,0.95492,0.95504,1.37,1.12
2015.06.16 08:14:16.814,0.95493,0.95507,3.00,1.50
2015.06.16 08:14:17.409,0.95493,0.95506,2.25,1.00
2015.06.16 08:14:19.929,0.95494,0.95508,2.25,1.00
2015.06.16 08:14:20.514,0.95494,0.95507,2.25,1.00
2015.06.16 08:14:20.717,0.95494,0.95508,3.00,1.00
2015.06.16 08:14:21.221,0.95498,0.95509,1.00,1.00
2015.06.16 08:14:23.136,0.95495,0.95509,1.87,1.50
2015.06.16 08:14:23.769,0.95495,0.95509,1.87,1.87
2015.06.16 08:14:24.938,0.95495,0.95509,1.87,1.87
2015.06.16 08:14:25.534,0.95495,0.95509,1.12,1.37
2015.06.16 08:14:26.851,0.95495,0.95507,1.12,1.00
2015.06.16 08:14:27.409,0.95495,0.95507,1.12,1.37
2015.06.16 08:14:27.955,0.95495,0.95507,1.00,1.12
2015.06.16 08:14:28.462,0.95495,0.95507,1.37,1.00
2015.06.16 08:14:28.969,0.95494,0.95506,1.37,1.00
2015.06.16 08:14:29.589,0.95493,0.95506,1.87,1.00
2015.06.16 08:14:30.095,0.95496,0.95507,1.12,1.12
2015.06.16 08:14:30.625,0.95496,0.95508,1.12,1.50
2015.06.16 08:14:31.056,0.95496,0.95506,1.12,1.00
2015.06.16 08:14:31.566,0.95496,0.95507,1.00,1.00
2015.06.16 08:14:32.960,0.95496,0.95508,1.00,1.50
2015.06.16 08:14:33.284,0.95496,0.95506,1.00,1.00
2015.06.16 08:14:33.861,0.95495,0.95506,1.00,1.00
2015.06.16 08:14:36.416,0.95494,0.95506,1.12,1.00
2015.06.16 08:14:38.377,0.95495,0.95507,1.37,1.00
2015.06.16 08:14:38.796,0.95493,0.95507,1.87,1.37
2015.06.16 08:14:39.101,0.95488,0.95499,1.87,1.00
2015.06.16 08:14:39.605,0.95489,0.95501,1.00,1.20
2015.06.16 08:14:39.910,0.9549,0.95503,1.50,2.70
2015.06.16 08:14:40.115,0.9549,0.955,1.00,1.50
2015.06.16 08:14:40.650,0.95489,0.95499,1.00,1.10
2015.06.16 08:14:41.185,0.95488,0.95498,1.00,1.00
2015.06.16 08:14:41.388,0.95485,0.95496,1.87,1.00
2015.06.16 08:14:41.591,0.95485,0.95498,1.87,1.10
2015.06.16 08:14:41.832,0.95485,0.95496,1.87,1.00
2015.06.16 08:14:41.933,0.95485,0.95498,1.87,1.10
2015.06.16 08:14:43.320,0.95485,0.95498,2.62,1.10
2015.06.16 08:14:44.530,0.95487,0.95499,1.00,1.12
2015.06.16 08:14:45.568,0.95489,0.955,1.00,1.00
2015.06.16 08:14:46.636,0.95488,0.955,1.12,1.00
2015.06.16 08:14:47.047,0.95488,0.95502,2.62,1.50
2015.06.16 08:14:47.403,0.95491,0.95502,1.00,1.00
2015.06.16 08:14:48.064,0.95489,0.95502,1.87,1.00
2015.06.16 08:14:48.944,0.95489,0.955,1.50,1.00
2015.06.16 08:14:49.248,0.95489,0.95502,1.37,1.00
2015.06.16 08:14:49.754,0.95489,0.95501,1.37,1.50
2015.06.16 08:14:49.805,0.95489,0.95501,1.12,1.50
2015.06.16 08:14:50.345,0.95489,0.955,1.50,1.00
2015.06.16 08:14:50.851,0.95488,0.95499,1.00,1.00
2015.06.16 08:14:51.384,0.95487,0.95499,1.87,1.00
2015.06.16 08:14:51.905,0.95487,0.955,1.87,1.00
2015.06.16 08:14:52.445,0.95489,0.95501,1.00,1.00
2015.06.16 08:14:52.951,0.9549,0.95502,1.00,1.00
2015.06.16 08:14:54.166,0.9549,0.95499,1.00,1.00
2015.06.16 08:14:54.734,0.95489,0.95499,1.12,1.00
2015.06.16 08:14:56.240,0.95489,0.95503,1.50,1.12
2015.06.16 08:14:56.445,0.95489,0.95502,1.50,1.37
2015.06.16 08:14:56.648,0.95489,0.95503,1.50,1.87
2015.06.16 08:14:57.156,0.9549,0.95504,1.12,1.37
2015.06.16 08:14:59.157,0.95492,0.95503,1.00,1.37
2015.06.16 08:15:01.330,0.95492,0.95505,1.12,1.87
2015.06.16 08:15:01.839,0.95492,0.95505,1.37,1.87
2015.06.16 08:15:02.353,0.95493,0.95506,1.00,1.75
2015.06.16 08:15:02.505,0.95488,0.95501,2.25,1.87
2015.06.16 08:15:02.860,0.95488,0.95501,1.50,1.37
2015.06.16 08:15:03.368,0.95489,0.95502,1.50,1.87
2015.06.16 08:15:05.277,0.95489,0.95501,1.00,1.37
2015.06.16 08:15:05.778,0.95487,0.955,3.37,1.87
2015.06.16 08:15:06.279,0.95487,0.955,1.50,1.12
2015.06.16 08:15:06.583,0.95489,0.955,1.37,1.00
2015.06.16 08:15:06.685,0.95488,0.95502,2.62,1.12
2015.06.16 08:15:07.231,0.95488,0.95502,2.62,1.12
2015.06.16 08:15:07.282,0.95491,0.95504,1.00,1.37
2015.06.16 08:15:07.601,0.9549,0.95504,1.50,1.87
2015.06.16 08:15:07.855,0.9549,0.95504,1.50,1.87
2015.06.16 08:15:08.467,0.9549,0.95504,1.50,1.87
2015.06.16 08:15:08.991,0.9549,0.95504,1.50,2.62
2015.06.16 08:15:09.480,0.9549,0.95502,1.00,1.37
2015.06.16 08:15:10.000,0.9549,0.95502,1.00,1.37
2015.06.16 08:15:11.099,0.95488,0.95501,2.25,1.12
2015.06.16 08:15:11.600,0.95489,0.95502,1.50,1.87
2015.06.16 08:15:12.885,0.95488,0.95501,1.00,1.37
2015.06.16 08:15:12.936,0.9549,0.95501,1.00,1.37
2015.06.16 08:15:13.242,0.95504,0.95512,2.47,1.00
2015.06.16 08:15:13.293,0.95505,0.95518,1.60,2.62
2015.06.16 08:15:13.394,0.95504,0.95517,1.00,1.50
2015.06.16 08:15:13.562,0.955,0.95514,1.00,1.37
2015.06.16 08:15:13.715,0.95502,0.95514,1.00,1.37
2015.06.16 08:15:13.918,0.955,0.95512,1.00,1.12
2015.06.16 08:15:14.458,0.955,0.95512,1.00,1.37
2015.06.16 08:15:14.988,0.95499,0.9551,1.00,1.00
2015.06.16 08:15:15.292,0.95498,0.9551,1.00,1.37
2015.06.16 08:15:15.495,0.95494,0.95507,1.87,1.87
2015.06.16 08:15:15.597,0.95497,0.95507,1.12,1.50
2015.06.16 08:15:15.749,0.95498,0.9551,1.12,1.87
2015.06.16 08:15:15.800,0.95498,0.9551,1.37,1.37
2015.06.16 08:15:17.181,0.95502,0.95511,1.00,1.37
2015.06.16 08:15:17.335,0.95506,0.95515,1.00,1.00
2015.06.16 08:15:17.386,0.95506,0.95518,1.00,1.50
2015.06.16 08:15:17.539,0.95508,0.95518,1.00,1.50
2015.06.16 08:15:17.641,0.95508,0.95521,1.72,1.87
2015.06.16 08:15:17.693,0.95508,0.95521,2.85,1.00
2015.06.16 08:15:17.794,0.9551,0.95521,1.37,1.50
2015.06.16 08:15:19.311,0.95508,0.95522,2.40,1.12
2015.06.16 08:15:20.643,0.95511,0.95523,1.12,2.25
2015.06.16 08:15:20.896,0.95511,0.95523,1.12,1.87
2015.06.16 08:15:24.544,0.95511,0.95524,1.87,1.37
2015.06.16 08:15:25.323,0.95511,0.95524,1.50,1.37
2015.06.16 08:15:25.703,0.95508,0.9552,1.12,1.00
2015.06.16 08:15:25.755,0.95509,0.95523,3.37,1.87
2015.06.16 08:15:25.856,0.95511,0.95524,1.00,1.50
2015.06.16 08:15:26.160,0.95509,0.95522,1.10,1.00
2015.06.16 08:15:26.469,0.95509,0.9552,1.10,1.00
2015.06.16 08:15:27.647,0.95509,0.9552,1.00,1.87
2015.06.16 08:15:28.176,0.95509,0.95518,1.00,1.00
2015.06.16 08:15:29.073,0.95507,0.95518,1.57,1.00
2015.06.16 08:15:29.175,0.95508,0.9552,1.87,1.00
2015.06.16 08:15:29.771,0.95509,0.95521,1.20,1.00
2015.06.16 08:15:30.688,0.9551,0.95521,1.00,1.12
2015.06.16 08:15:30.901,0.95507,0.9552,1.12,1.12
2015.06.16 08:15:31.484,0.95507,0.9552,1.50,1.37
2015.06.16 08:15:31.990,0.95507,0.95521,2.25,1.37
2015.06.16 08:15:32.041,0.9551,0.95521,1.00,1.37
2015.06.16 08:15:32.395,0.9551,0.95522,1.00,1.00
2015.06.16 08:15:32.983,0.9551,0.95521,1.00,1.12
2015.06.16 08:15:34.882,0.9551,0.95522,1.00,1.87
2015.06.16 08:15:35.434,0.9551,0.95522,1.00,1.12
2015.06.16 08:15:35.944,0.95511,0.95523,1.50,1.37
2015.06.16 08:15:36.923,0.95511,0.95523,1.87,1.00
2015.06.16 08:15:37.025,0.95514,0.95526,1.00,1.37
2015.06.16 08:15:37.328,0.95514,0.95526,1.00,1.37
2015.06.16 08:15:37.858,0.95513,0.95525,1.00,1.37
2015.06.16 08:15:39.023,0.95513,0.95523,1.00,1.00
2015.06.16 08:15:39.547,0.95512,0.95523,1.12,1.00
2015.06.16 08:15:40.060,0.95512,0.95524,1.12,1.12
2015.06.16 08:15:42.726,0.95513,0.95525,1.00,1.37
2015.06.16 08:15:43.315,0.95514,0.95526,1.00,1.37
2015.06.16 08:15:43.626,0.95517,0.95528,1.50,1.37
2015.06.16 08:15:43.880,0.95517,0.95528,1.50,1.12
2015.06.16 08:15:46.088,0.95519,0.95528,1.00,1.00
2015.06.16 08:15:46.139,0.95519,0.9553,1.00,1.87
2015.06.16 08:15:46.281,0.95522,0.95531,1.12,1.00
2015.06.16 08:15:46.383,0.95524,0.95534,1.00,1.12
2015.06.16 08:15:46.484,0.95522,0.95535,1.12,1.37
2015.06.16 08:15:46.891,0.95524,0.95536,1.00,1.87
2015.06.16 08:15:49.640,0.95524,0.95536,1.00,1.87
2015.06.16 08:15:50.164,0.95524,0.95535,1.00,1.12
2015.06.16 08:15:55.477,0.95524,0.95534,1.50,1.50
2015.06.16 08:15:55.629,0.95517,0.95528,1.00,1.30
2015.06.16 08:15:55.681,0.95517,0.95528,1.00,1.80
2015.06.16 08:15:55.782,0.95514,0.95527,1.50,1.37
2015.06.16 08:15:55.884,0.95514,0.95527,1.50,1.87
2015.06.16 08:15:57.265,0.95516,0.95528,1.00,2.70
2015.06.16 08:15:57.316,0.95516,0.95528,1.00,2.32
2015.06.16 08:15:57.468,0.95514,0.95528,1.50,2.32
2015.06.16 08:15:57.974,0.95514,0.95525,1.00,1.37
2015.06.16 08:16:00.184,0.95514,0.95525,1.00,1.00
2015.06.16 08:16:00.440,0.95516,0.95528,1.00,1.57
2015.06.16 08:16:00.745,0.95517,0.95528,1.00,1.12
2015.06.16 08:16:00.897,0.95518,0.9553,1.87,1.00
2015.06.16 08:16:00.999,0.95519,0.95532,2.25,1.20
2015.06.16 08:16:01.417,0.95522,0.95531,1.00,1.50
2015.06.16 08:16:01.570,0.95523,0.95533,1.00,1.12
2015.06.16 08:16:01.876,0.95523,0.95535,1.50,1.00
2015.06.16 08:16:02.028,0.95523,0.95534,1.00,1.50
2015.06.16 08:16:02.080,0.95521,0.95532,1.00,1.05
2015.06.16 08:16:02.131,0.95517,0.9553,1.50,1.72
2015.06.16 08:16:02.661,0.95516,0.95526,1.00,1.50
2015.06.16 08:16:03.249,0.95516,0.95527,1.00,1.00
2015.06.16 08:16:04.222,0.95516,0.95527,1.00,1.37
2015.06.16 08:16:08.884,0.95516,0.95525,1.00,1.00
2015.06.16 08:16:09.430,0.95516,0.95526,1.00,1.12
2015.06.16 08:16:10.969,0.95516,0.95527,1.00,1.12
2015.06.16 08:16:13.765,0.95516,0.95528,1.50,1.37
2015.06.16 08:16:15.449,0.95519,0.95528,1.00,1.00
2015.06.16 08:16:15.500,0.95519,0.9553,1.50,1.12
2015.06.16 08:16:15.760,0.9552,0.9553,1.00,1.37
2015.06.16 08:16:16.268,0.95519,0.95528,1.00,1.37
2015.06.16 08:16:17.956,0.95516,0.95527,1.00,1.12
2015.06.16 08:16:21.910,0.95516,0.95526,1.00,1.00
2015.06.16 08:16:22.354,0.95518,0.95528,1.12,1.00
2015.06.16 08:16:22.457,0.95519,0.95531,1.00,1.00
2015.06.16 08:16:22.660,0.95521,0.95531,1.00,1.00
2015.06.16 08:16:25.473,0.95523,0.95531,1.00,1.00
2015.06.16 08:16:27.993,0.95525,0.95534,1.00,1.00
2015.06.16 08:16:28.146,0.95527,0.95535,1.00,1.00
2015.06.16 08:16:28.197,0.95527,0.95537,1.00,1.00
2015.06.16 08:16:28.248,0.95531,0.95537,1.00,1.00
2015.06.16 08:16:28.350,0.95529,0.95538,1.00,1.00
2015.06.16 08:16:28.401,0.95529,0.95542,1.00,2.25
2015.06.16 08:16:28.503,0.95529,0.95542,1.57,1.50
2015.06.16 08:16:29.110,0.95531,0.95543,1.10,1.87
2015.06.16 08:16:29.506,0.95529,0.95543,1.50,1.87
2015.06.16 08:16:30.118,0.95531,0.95541,1.00,1.37
2015.06.16 08:16:30.690,0.95531,0.95541,1.00,1.37
2015.06.16 08:16:31.262,0.95531,0.95541,1.00,1.37
2015.06.16 08:16:31.313,0.95531,0.95541,1.00,1.12
2015.06.16 08:16:32.024,0.95531,0.9554,1.00,1.00
2015.06.16 08:16:32.126,0.95531,0.95543,1.00,1.87
2015.06.16 08:16:32.379,0.95532,0.95544,1.00,1.87
2015.06.16 08:16:32.914,0.95532,0.95544,1.00,1.87
2015.06.16 08:16:36.400,0.95532,0.95544,1.00,3.00
2015.06.16 08:16:36.993,0.95531,0.95539,1.00,1.37
2015.06.16 08:16:37.247,0.95531,0.95541,1.00,1.00
2015.06.16 08:16:37.298,0.95533,0.95541,1.00,1.00
2015.06.16 08:16:39.080,0.95532,0.95541,1.50,1.00
2015.06.16 08:16:39.335,0.95532,0.95543,1.50,1.12
2015.06.16 08:16:40.315,0.95532,0.95541,1.50,1.00
2015.06.16 08:16:40.518,0.95533,0.95544,1.00,1.87
2015.06.16 08:16:41.024,0.95532,0.95543,1.00,1.00
2015.06.16 08:16:42.449,0.95533,0.95543,1.00,1.00
2015.06.16 08:16:42.552,0.95535,0.95542,1.00,1.00
2015.06.16 08:16:42.603,0.95535,0.95545,1.00,1.87
2015.06.16 08:16:42.807,0.95535,0.95545,1.00,1.87
2015.06.16 08:16:43.389,0.95532,0.95545,1.00,2.62
2015.06.16 08:16:43.901,0.95532,0.95541,1.00,1.50
2015.06.16 08:16:43.952,0.95532,0.9554,1.00,1.37
2015.06.16 08:16:44.003,0.9553,0.9554,1.00,1.87
2015.06.16 08:16:44.105,0.95527,0.95538,1.10,1.12
2015.06.16 08:16:45.050,0.95527,0.95537,1.00,1.00
2015.06.16 08:16:45.203,0.95529,0.95536,1.00,1.00
2015.06.16 08:16:46.129,0.95526,0.95536,1.50,1.00
2015.06.16 08:16:46.180,0.95526,0.95534,1.50,1.00
2015.06.16 08:16:46.434,0.95524,0.95536,1.10,1.00
2015.06.16 08:16:46.485,0.95523,0.95532,1.20,1.00
2015.06.16 08:16:46.790,0.95527,0.95533,1.00,1.00
2015.06.16 08:16:47.288,0.95527,0.95535,1.00,1.00
2015.06.16 08:16:47.798,0.95527,0.95537,1.00,1.37
2015.06.16 08:16:48.634,0.95527,0.95535,1.00,1.00
2015.06.16 08:16:48.685,0.95527,0.95533,1.00,1.00
2015.06.16 08:16:49.001,0.9552,0.95525,1.10,1.00
2015.06.16 08:16:49.509,0.95519,0.95524,1.50,1.00
2015.06.16 08:16:50.874,0.95519,0.95523,1.50,1.00
2015.06.16 08:16:51.179,0.95517,0.95521,1.00,1.00
2015.06.16 08:16:51.722,0.95516,0.95521,1.35,1.00
2015.06.16 08:16:52.070,0.95516,0.95523,1.72,1.00
2015.06.16 08:16:52.581,0.95518,0.95523,1.00,1.00
2015.06.16 08:16:53.632,0.95518,0.95524,1.00,1.00
2015.06.16 08:16:54.154,0.95517,0.95524,1.00,1.00
2015.06.16 08:16:54.698,0.95516,0.95525,2.47,1.00
2015.06.16 08:16:55.002,0.95514,0.95525,1.12,1.00
2015.06.16 08:16:55.299,0.95512,0.95524,1.50,2.62
2015.06.16 08:16:55.400,0.95512,0.95522,1.50,1.00
2015.06.16 08:16:55.881,0.95512,0.95524,1.50,1.50
2015.06.16 08:16:56.398,0.95512,0.95524,1.50,1.87
2015.06.16 08:16:57.698,0.95513,0.95525,1.00,1.37
2015.06.16 08:16:57.800,0.95513,0.95525,1.50,1.12
2015.06.16 08:16:59.484,0.95514,0.95525,1.00,1.12
2015.06.16 08:16:59.636,0.95514,0.95527,2.25,1.12
2015.06.16 08:16:59.737,0.95515,0.95529,2.25,1.87
2015.06.16 08:16:59.789,0.95517,0.95529,1.00,1.87
2015.06.16 08:17:00.307,0.95516,0.95529,1.00,1.12
2015.06.16 08:17:00.813,0.95516,0.95528,1.00,1.12
2015.06.16 08:17:01.336,0.95515,0.95529,2.25,2.62
2015.06.16 08:17:01.748,0.95516,0.95528,1.00,1.37
2015.06.16 08:17:02.255,0.95515,0.95526,1.50,1.12
2015.06.16 08:17:03.047,0.95515,0.95526,1.00,1.37
2015.06.16 08:17:03.201,0.95513,0.95525,1.00,1.87
2015.06.16 08:17:03.454,0.95515,0.95526,1.50,1.00
2015.06.16 08:17:03.759,0.95517,0.95527,1.00,1.00
2015.06.16 08:17:04.105,0.95519,0.95529,1.00,1.12
2015.06.16 08:17:04.751,0.9552,0.95529,1.00,1.12
2015.06.16 08:17:05.270,0.95521,0.95529,1.00,1.12
2015.06.16 08:17:06.102,0.95517,0.95529,1.50,1.12
2015.06.16 08:17:07.574,0.95518,0.95529,1.50,1.12
2015.06.16 08:17:10.339,0.9552,0.9553,1.50,1.37
2015.06.16 08:17:10.869,0.95518,0.9553,1.50,1.37
2015.06.16 08:17:12.740,0.9552,0.95529,1.00,1.12
2015.06.16 08:17:17.017,0.9552,0.95528,1.00,1.00
2015.06.16 08:17:17.452,0.9552,0.9553,1.00,1.12
2015.06.16 08:17:19.566,0.9552,0.95531,1.00,1.37
2015.06.16 08:17:19.718,0.95522,0.95529,1.00,1.00
2015.06.16 08:17:20.256,0.95521,0.95529,1.00,1.00
2015.06.16 08:17:21.084,0.95521,0.95534,1.12,1.87
2015.06.16 08:17:21.186,0.95524,0.95534,1.00,1.37
2015.06.16 08:17:21.237,0.95524,0.95535,1.00,1.37
2015.06.16 08:17:21.389,0.95526,0.95536,1.00,1.87
2015.06.16 08:17:21.923,0.95526,0.95536,1.00,1.37
2015.06.16 08:17:22.329,0.95529,0.95536,1.00,1.00
2015.06.16 08:17:22.430,0.95531,0.9554,1.00,1.00
2015.06.16 08:17:22.532,0.95531,0.95544,1.00,1.37
2015.06.16 08:17:23.128,0.9553,0.95541,1.00,1.00
2015.06.16 08:17:25.754,0.9553,0.95541,1.00,1.37
2015.06.16 08:17:29.863,0.9553,0.95541,1.60,1.37
2015.06.16 08:17:29.965,0.95532,0.95543,1.00,1.37
2015.06.16 08:17:30.067,0.95535,0.95546,1.00,1.37
2015.06.16 08:17:30.422,0.95538,0.95547,1.00,1.37
2015.06.16 08:17:32.016,0.95538,0.95548,1.00,1.95
2015.06.16 08:17:32.416,0.95536,0.95546,1.50,1.12
2015.06.16 08:17:33.295,0.95536,0.95546,1.50,1.37
2015.06.16 08:17:33.913,0.95536,0.95546,1.50,1.37
2015.06.16 08:17:34.250,0.95532,0.95543,2.25,1.00
2015.06.16 08:17:37.474,0.95532,0.95544,1.50,1.87
2015.06.16 08:17:39.333,0.95533,0.95546,1.12,1.12
2015.06.16 08:17:39.435,0.95537,0.95547,1.00,1.37
2015.06.16 08:17:39.587,0.95535,0.95549,1.50,1.87
2015.06.16 08:17:39.809,0.95537,0.95549,1.00,2.62
2015.06.16 08:17:40.351,0.95538,0.95547,1.00,1.00
2015.06.16 08:17:40.869,0.95538,0.95549,1.00,1.37
2015.06.16 08:17:41.446,0.95538,0.95549,1.00,1.87
2015.06.16 08:17:42.972,0.95538,0.95551,1.50,3.37
2015.06.16 08:17:43.482,0.95538,0.95551,2.25,2.62
2015.06.16 08:17:44.081,0.95538,0.95551,2.25,2.62
2015.06.16 08:17:45.503,0.95538,0.9555,1.50,1.87
2015.06.16 08:17:45.807,0.95539,0.9555,1.00,1.37
2015.06.16 08:17:45.909,0.95539,0.9555,1.00,1.00
2015.06.16 08:17:46.415,0.9554,0.95551,1.00,1.12
2015.06.16 08:17:46.719,0.9554,0.95549,1.00,1.00
2015.06.16 08:17:47.257,0.9554,0.9555,1.00,1.87
2015.06.16 08:17:48.213,0.9554,0.9555,1.00,1.37
2015.06.16 08:17:49.331,0.9554,0.9555,1.00,1.37
2015.06.16 08:17:50.090,0.9554,0.95549,1.00,1.37
2015.06.16 08:17:53.009,0.9554,0.95549,1.00,1.00
2015.06.16 08:17:53.516,0.9554,0.95549,1.00,1.37
2015.06.16 08:17:55.139,0.9554,0.95549,1.00,1.12
2015.06.16 08:17:55.968,0.9554,0.95553,1.00,1.87
2015.06.16 08:17:57.088,0.9554,0.95551,1.00,1.37
2015.06.16 08:17:57.190,0.95538,0.95548,1.87,1.12
2015.06.16 08:17:57.697,0.95538,0.95547,2.62,1.12
2015.06.16 08:17:58.830,0.95538,0.95548,2.62,1.00
2015.06.16 08:17:59.271,0.95539,0.95552,1.00,1.57
2015.06.16 08:18:00.993,0.95539,0.95552,1.50,1.57
2015.06.16 08:18:01.196,0.95539,0.95551,1.50,1.37
2015.06.16 08:18:01.298,0.95539,0.95549,1.00,1.37
2015.06.16 08:18:01.804,0.95538,0.95547,1.00,1.37
2015.06.16 08:18:02.794,0.95538,0.95548,1.00,1.37
2015.06.16 08:18:02.976,0.95539,0.95548,1.60,1.37
2015.06.16 08:18:03.129,0.95539,0.9555,2.10,1.12
2015.06.16 08:18:03.231,0.95538,0.9555,2.62,1.37
2015.06.16 08:18:03.767,0.95538,0.9555,1.00,1.37
2015.06.16 08:18:04.745,0.95538,0.95548,1.00,1.37
2015.06.16 08:18:08.607,0.95538,0.95548,1.00,1.37
2015.06.16 08:18:08.810,0.95536,0.95547,1.00,1.87
2015.06.16 08:18:09.316,0.95536,0.95546,1.00,1.12
2015.06.16 08:18:10.083,0.95538,0.95548,1.00,1.50
2015.06.16 08:18:10.250,0.95536,0.95548,1.00,1.47
2015.06.16 08:18:18.186,0.95535,0.95546,1.50,1.12
2015.06.16 08:18:29.776,0.95535,0.95547,1.12,1.00
2015.06.16 08:18:29.879,0.95534,0.95548,1.87,1.37
2015.06.16 08:18:30.278,0.95534,0.95547,1.50,1.37
2015.06.16 08:18:32.132,0.95534,0.95547,1.00,1.37
2015.06.16 08:18:32.687,0.95535,0.95547,1.00,1.37
2015.06.16 08:18:34.808,0.95534,0.95547,1.00,1.37
2015.06.16 08:18:35.340,0.95534,0.95547,1.00,1.87
2015.06.16 08:18:35.696,0.95527,0.95538,1.00,2.10
2015.06.16 08:18:35.951,0.9552,0.95533,1.50,1.00
2015.06.16 08:18:36.254,0.95521,0.95535,1.00,1.00
2015.06.16 08:18:36.457,0.95521,0.95532,1.50,1.00
2015.06.16 08:18:36.766,0.95521,0.95532,1.50,1.37
2015.06.16 08:18:37.075,0.95519,0.95527,1.00,1.00
2015.06.16 08:18:37.355,0.95516,0.95527,1.50,1.37
2015.06.16 08:18:38.624,0.95516,0.95527,2.25,1.12
2015.06.16 08:18:39.162,0.95516,0.95527,2.62,1.00
2015.06.16 08:18:39.921,0.95517,0.95526,1.00,1.00
2015.06.16 08:18:41.364,0.95517,0.95525,1.00,1.00
2015.06.16 08:18:41.915,0.95517,0.95526,1.00,1.00
2015.06.16 08:18:43.134,0.95517,0.95525,1.00,1.00
2015.06.16 08:18:43.973,0.95517,0.95526,1.00,1.50
2015.06.16 08:18:46.135,0.95516,0.95526,1.00,1.12
2015.06.16 08:18:46.390,0.95516,0.95526,1.00,1.87
2015.06.16 08:18:46.949,0.95515,0.95526,1.00,1.87
2015.06.16 08:18:47.715,0.95516,0.95526,1.00,1.87
2015.06.16 08:18:53.372,0.95516,0.95523,1.00,1.87
2015.06.16 08:18:53.423,0.95514,0.95523,1.00,1.87
2015.06.16 08:18:53.524,0.95509,0.95521,1.50,1.12
2015.06.16 08:18:53.879,0.95507,0.9552,2.62,1.37
2015.06.16 08:18:56.076,0.95504,0.95516,1.10,1.37
2015.06.16 08:18:56.178,0.95502,0.95515,1.00,1.12
2015.06.16 08:18:56.229,0.95502,0.95512,1.00,1.37
2015.06.16 08:18:56.280,0.95499,0.95509,1.10,1.00
2015.06.16 08:18:56.331,0.95499,0.95509,1.47,1.00
2015.06.16 08:18:56.585,0.95502,0.95512,1.00,1.00
2015.06.16 08:18:56.687,0.95502,0.95515,1.00,1.50
2015.06.16 08:18:56.789,0.95501,0.95512,1.50,1.00
2015.06.16 08:18:57.300,0.955,0.95512,1.50,1.50
2015.06.16 08:18:57.604,0.955,0.95512,2.62,1.00
2015.06.16 08:18:57.909,0.95501,0.95515,1.87,2.62
2015.06.16 08:19:02.015,0.95505,0.95519,1.50,2.25
2015.06.16 08:19:02.521,0.95505,0.95519,1.00,1.37
2015.06.16 08:19:02.724,0.95505,0.95519,1.87,1.50
2015.06.16 08:19:03.508,0.95506,0.95519,1.00,1.00
2015.06.16 08:19:04.209,0.95506,0.9552,1.50,4.20
2015.06.16 08:19:04.747,0.95506,0.9552,1.87,3.45
2015.06.16 08:19:06.438,0.95507,0.9552,1.00,2.70
2015.06.16 08:19:06.539,0.95506,0.95517,1.12,1.00
2015.06.16 08:19:07.026,0.95505,0.95519,1.37,1.87
2015.06.16 08:19:07.128,0.95505,0.95517,1.37,1.00
2015.06.16 08:19:07.636,0.95505,0.95518,1.37,1.00
2015.06.16 08:19:08.180,0.95505,0.95517,1.37,1.00
2015.06.16 08:19:08.835,0.95504,0.95515,1.37,1.00
2015.06.16 08:19:08.936,0.95504,0.95517,1.37,1.00
2015.06.16 08:19:09.379,0.95503,0.95516,1.50,1.87
2015.06.16 08:19:09.430,0.95502,0.95511,1.00,1.00
2015.06.16 08:19:09.582,0.955,0.95511,1.00,1.00
2015.06.16 08:19:09.633,0.955,0.95508,1.00,1.00
2015.06.16 08:19:09.786,0.95496,0.95508,1.20,1.00
2015.06.16 08:19:10.455,0.95496,0.95508,1.37,1.00
2015.06.16 08:19:10.558,0.95496,0.95506,1.37,1.00
2015.06.16 08:19:11.201,0.95496,0.95506,1.37,1.00
2015.06.16 08:19:11.353,0.95496,0.95509,2.10,1.50
2015.06.16 08:19:11.505,0.95497,0.95509,1.72,1.00
2015.06.16 08:19:11.607,0.95498,0.95511,1.37,1.50
2015.06.16 08:19:11.708,0.95498,0.95511,1.12,1.50
2015.06.16 08:19:13.094,0.95498,0.95511,1.50,1.00
2015.06.16 08:19:13.347,0.955,0.95513,1.37,1.87
2015.06.16 08:19:13.923,0.955,0.95513,1.12,1.00
2015.06.16 08:19:14.347,0.95499,0.95511,1.87,1.00
2015.06.16 08:19:15.292,0.95498,0.95509,2.25,1.00
2015.06.16 08:19:15.394,0.95498,0.95512,3.00,1.00
2015.06.16 08:19:15.445,0.95498,0.9551,3.00,1.00
2015.06.16 08:19:15.767,0.95499,0.95507,1.37,1.00
2015.06.16 08:19:15.942,0.95499,0.95509,1.00,1.00
2015.06.16 08:19:15.993,0.95499,0.95511,1.12,1.50
2015.06.16 08:19:16.720,0.95498,0.95511,1.50,1.50
2015.06.16 08:19:16.771,0.955,0.95513,1.12,1.12
2015.06.16 08:19:17.454,0.955,0.95513,1.37,1.12
2015.06.16 08:19:19.178,0.955,0.95514,1.87,1.50
2015.06.16 08:19:19.382,0.95501,0.95512,1.00,1.00
2015.06.16 08:19:19.585,0.95502,0.95516,1.12,1.95
2015.06.16 08:19:19.636,0.95502,0.95516,1.12,1.57
2015.06.16 08:19:20.041,0.95504,0.95516,1.37,1.00
2015.06.16 08:19:20.092,0.95506,0.95518,1.00,1.00
2015.06.16 08:19:20.205,0.95507,0.9552,1.37,1.57
2015.06.16 08:19:20.511,0.95511,0.95522,1.12,1.00
2015.06.16 08:19:20.613,0.95511,0.95524,1.00,1.12
2015.06.16 08:19:20.664,0.95511,0.95522,1.00,1.00
2015.06.16 08:19:21.196,0.95511,0.95521,1.00,1.00
2015.06.16 08:19:21.700,0.95508,0.95521,1.12,1.87
2015.06.16 08:19:22.548,0.95507,0.9552,1.37,1.00
2015.06.16 08:19:22.599,0.95507,0.95518,1.37,1.00
2015.06.16 08:19:22.823,0.95505,0.95519,1.00,1.12
2015.06.16 08:19:22.874,0.95505,0.95514,1.00,1.00
2015.06.16 08:19:23.178,0.955,0.95512,1.37,1.00
2015.06.16 08:19:23.280,0.95501,0.95514,1.37,1.50
2015.06.16 08:19:23.843,0.95503,0.95515,1.87,1.00
2015.06.16 08:19:24.458,0.95503,0.95515,1.87,1.00
2015.06.16 08:19:24.711,0.95506,0.95518,1.00,1.00
2015.06.16 08:19:24.813,0.95507,0.9552,1.50,1.50
2015.06.16 08:19:25.361,0.95507,0.9552,1.87,2.25
2015.06.16 08:19:27.868,0.95507,0.9552,1.00,1.50
2015.06.16 08:19:28.979,0.95507,0.9552,1.37,1.50
2015.06.16 08:19:30.651,0.95507,0.95519,1.12,1.00
2015.06.16 08:19:30.904,0.95505,0.95517,1.87,1.00
2015.06.16 08:19:31.309,0.95506,0.95519,1.37,1.12
2015.06.16 08:19:31.823,0.95505,0.95519,1.37,1.50
2015.06.16 08:19:32.094,0.95506,0.95518,1.00,1.00
2015.06.16 08:19:32.644,0.95506,0.95519,1.00,1.50
2015.06.16 08:19:33.410,0.95505,0.95516,1.75,1.00
2015.06.16 08:19:40.114,0.95506,0.95518,1.37,1.12
2015.06.16 08:19:40.808,0.95507,0.9552,1.12,2.62
2015.06.16 08:19:41.377,0.95507,0.9552,1.87,1.12
2015.06.16 08:19:42.405,0.95508,0.9552,1.00,1.12
2015.06.16 08:19:42.933,0.95505,0.95519,1.75,1.00
2015.06.16 08:19:44.098,0.95506,0.95519,1.50,1.00
2015.06.16 08:19:44.616,0.95508,0.9552,1.00,1.12
2015.06.16 08:19:45.073,0.95507,0.95521,1.87,1.87
2015.06.16 08:19:45.377,0.95506,0.95518,1.50,1.00
2015.06.16 08:19:45.428,0.95506,0.95518,1.50,1.50
2015.06.16 08:19:46.740,0.95508,0.9552,1.12,1.00
2015.06.16 08:19:49.041,0.9551,0.95521,1.00,1.50
2015.06.16 08:19:49.345,0.9551,0.95521,1.37,1.00
2015.06.16 08:19:50.344,0.9551,0.95521,1.37,1.00
2015.06.16 08:19:51.663,0.95507,0.95521,3.52,1.50
2015.06.16 08:19:51.764,0.95508,0.95519,1.12,1.00
2015.06.16 08:19:51.866,0.95509,0.95521,1.12,1.00
2015.06.16 08:19:51.968,0.95507,0.95519,1.87,1.00
2015.06.16 08:19:52.069,0.95507,0.95521,2.62,1.50
2015.06.16 08:19:55.079,0.95509,0.95522,1.87,1.50
2015.06.16 08:19:55.182,0.95509,0.95522,1.87,1.50
2015.06.16 08:19:55.481,0.95512,0.95525,1.50,1.00
2015.06.16 08:19:55.785,0.95514,0.95527,1.87,1.00
2015.06.16 08:19:55.887,0.95519,0.95531,1.12,1.50
2015.06.16 08:19:55.989,0.95519,0.95532,1.12,1.12
2015.06.16 08:19:56.091,0.95519,0.95532,1.00,1.37
2015.06.16 08:19:56.192,0.95517,0.95531,3.15,1.50
2015.06.16 08:19:56.243,0.95521,0.95531,1.00,1.00
2015.06.16 08:19:56.590,0.95522,0.95535,1.00,1.50
2015.06.16 08:19:57.103,0.95521,0.95535,1.12,1.87
2015.06.16 08:19:57.407,0.95521,0.95535,1.37,1.50
2015.06.16 08:19:57.947,0.95523,0.95535,1.00,1.00
2015.06.16 08:19:59.075,0.95522,0.95535,1.87,2.62
2015.06.16 08:19:59.180,0.95522,0.95535,1.50,2.62
2015.06.16 08:19:59.715,0.95521,0.95534,1.50,1.50
2015.06.16 08:20:01.116,0.95521,0.95534,1.00,1.87
2015.06.16 08:20:01.371,0.95523,0.95534,1.00,1.00
2015.06.16 08:20:01.473,0.95525,0.95535,1.00,1.12
2015.06.16 08:20:01.626,0.95525,0.95538,1.50,2.70
2015.06.16 08:20:02.150,0.95526,0.95538,1.00,1.20
2015.06.16 08:20:02.252,0.95525,0.95538,1.00,1.47
2015.06.16 08:20:02.556,0.95529,0.95538,1.50,1.10
2015.06.16 08:20:02.607,0.9553,0.9554,1.00,1.87
2015.06.16 08:20:03.263,0.95528,0.95541,1.50,4.20
2015.06.16 08:20:03.944,0.95528,0.95541,1.50,4.20
2015.06.16 08:20:05.170,0.95526,0.95538,1.00,1.12
2015.06.16 08:20:05.271,0.95526,0.9554,1.00,1.12
2015.06.16 08:20:05.534,0.95528,0.9554,1.00,1.12
2015.06.16 08:20:06.431,0.95527,0.9554,1.00,1.12
2015.06.16 08:20:06.939,0.95527,0.95539,1.00,1.00
2015.06.16 08:20:10.142,0.95527,0.95539,1.00,1.95
2015.06.16 08:20:10.645,0.95527,0.95539,1.87,1.27
2015.06.16 08:20:11.156,0.95528,0.95541,1.00,1.50
2015.06.16 08:20:11.460,0.95531,0.95542,1.00,3.07
2015.06.16 08:20:11.685,0.95529,0.95541,1.50,1.12
2015.06.16 08:20:11.838,0.95527,0.95541,2.25,1.87
2015.06.16 08:20:13.955,0.95527,0.95541,3.00,1.87
2015.06.16 08:20:14.790,0.95528,0.95542,1.00,2.02
2015.06.16 08:20:15.334,0.95529,0.95542,1.00,1.57
2015.06.16 08:20:15.385,0.95533,0.95542,1.00,1.27
2015.06.16 08:20:15.912,0.95532,0.95543,1.00,1.87
2015.06.16 08:20:16.469,0.95534,0.95544,1.00,1.75
2015.06.16 08:20:16.570,0.95535,0.95544,1.00,1.00
2015.06.16 08:20:16.772,0.95533,0.95546,1.00,1.87
2015.06.16 08:20:17.406,0.95532,0.95546,1.00,1.50
2015.06.16 08:20:17.609,0.95534,0.95546,1.00,1.00
2015.06.16 08:20:18.118,0.95534,0.95545,1.00,1.00
2015.06.16 08:20:18.658,0.95534,0.95545,1.50,1.37
2015.06.16 08:20:19.710,0.95531,0.95545,1.50,4.12
2015.06.16 08:20:20.229,0.9553,0.95544,1.00,2.62
2015.06.16 08:20:20.775,0.95529,0.95542,1.50,1.12
2015.06.16 08:20:21.238,0.95528,0.9554,1.50,1.00
2015.06.16 08:20:22.382,0.95528,0.95538,1.00,1.00
2015.06.16 08:20:22.888,0.95527,0.95537,1.00,1.00
2015.06.16 08:20:23.389,0.95526,0.95537,1.12,1.00
2015.06.16 08:20:24.036,0.95526,0.95539,1.12,1.12
2015.06.16 08:20:24.912,0.95526,0.9554,1.50,1.12
2015.06.16 08:20:27.296,0.95526,0.95534,1.50,1.00
2015.06.16 08:20:27.448,0.95522,0.95534,3.45,1.00
2015.06.16 08:20:27.651,0.95521,0.95534,1.37,1.60
2015.06.16 08:20:27.752,0.95518,0.95531,1.50,1.37
2015.06.16 08:20:27.915,0.95515,0.95526,1.87,1.00
2015.06.16 08:20:28.220,0.95516,0.95527,1.37,1.00
2015.06.16 08:20:28.323,0.95518,0.9553,1.12,1.12
2015.06.16 08:20:28.426,0.95521,0.95531,1.00,1.50
2015.06.16 08:20:28.945,0.95519,0.95531,1.12,1.00
2015.06.16 08:20:29.155,0.95521,0.95532,1.00,1.00
2015.06.16 08:20:29.307,0.95519,0.95532,1.12,2.62
2015.06.16 08:20:29.408,0.95521,0.95531,1.00,1.12
2015.06.16 08:20:29.940,0.95516,0.95529,1.87,1.87
2015.06.16 08:20:30.145,0.95512,0.95526,1.50,1.37
2015.06.16 08:20:30.500,0.95509,0.95523,1.87,1.37
2015.06.16 08:20:30.551,0.95511,0.95522,1.00,1.00
2015.06.16 08:20:30.753,0.95509,0.95523,1.87,1.12
2015.06.16 08:20:30.956,0.95511,0.95523,1.00,1.12
2015.06.16 08:20:31.177,0.95509,0.95523,1.87,1.87
2015.06.16 08:20:31.581,0.95512,0.95523,1.00,1.87
2015.06.16 08:20:31.940,0.95511,0.95522,1.00,1.87
2015.06.16 08:20:32.422,0.95512,0.95523,1.00,3.00
2015.06.16 08:20:32.954,0.95513,0.95523,1.00,1.37
2015.06.16 08:20:33.496,0.95512,0.95523,1.00,1.37
2015.06.16 08:20:34.348,0.95512,0.95523,1.00,1.00
2015.06.16 08:20:34.855,0.95511,0.95523,1.00,1.12
2015.06.16 08:20:37.047,0.95513,0.95523,1.00,1.00
2015.06.16 08:20:37.562,0.95514,0.95524,1.00,1.50
2015.06.16 08:20:38.149,0.95514,0.95523,1.00,1.00
2015.06.16 08:20:38.251,0.95513,0.95525,1.00,1.00
2015.06.16 08:20:38.766,0.95514,0.95524,1.00,1.00
2015.06.16 08:20:40.076,0.95514,0.95526,1.12,1.87
2015.06.16 08:20:41.006,0.95514,0.95525,1.12,1.00
2015.06.16 08:20:41.246,0.95512,0.95525,1.12,1.00
2015.06.16 08:20:41.760,0.95513,0.95525,1.00,1.00
2015.06.16 08:20:42.301,0.95512,0.95525,1.12,1.00
2015.06.16 08:20:42.818,0.95514,0.95526,1.00,1.87
2015.06.16 08:20:46.582,0.95512,0.95526,3.37,1.50
2015.06.16 08:20:47.385,0.95512,0.95526,3.37,1.87
2015.06.16 08:20:48.181,0.95512,0.95526,3.00,1.87
2015.06.16 08:20:48.541,0.95514,0.95526,1.00,1.87
2015.06.16 08:20:49.004,0.95512,0.95525,1.00,1.12
2015.06.16 08:20:49.482,0.95511,0.95522,1.10,1.37
2015.06.16 08:20:49.584,0.95509,0.95519,1.57,1.12
2015.06.16 08:20:49.736,0.95505,0.95519,1.50,1.12
2015.06.16 08:20:49.888,0.95506,0.95517,1.00,1.00
2015.06.16 08:20:50.371,0.95507,0.9552,1.50,1.10
2015.06.16 08:20:50.422,0.95512,0.95521,1.00,1.00
2015.06.16 08:20:50.575,0.95512,0.95523,1.00,2.25
2015.06.16 08:20:51.094,0.95513,0.95523,1.00,1.50
2015.06.16 08:20:51.695,0.95512,0.95523,1.00,1.50
2015.06.16 08:20:52.058,0.95512,0.95519,1.00,1.00
2015.06.16 08:20:52.485,0.95507,0.95519,2.25,1.00
2015.06.16 08:20:52.998,0.95507,0.95518,1.37,1.50
2015.06.16 08:20:53.208,0.95506,0.95515,1.37,1.00
2015.06.16 08:20:53.412,0.95506,0.95515,1.00,1.87
2015.06.16 08:20:53.892,0.95505,0.95516,1.50,1.50
2015.06.16 08:20:54.252,0.95507,0.95516,1.00,1.00
2015.06.16 08:20:54.759,0.95506,0.95517,1.37,1.00
2015.06.16 08:20:56.270,0.95506,0.95515,1.37,1.00
2015.06.16 08:20:56.390,0.95506,0.95515,1.12,1.00
2015.06.16 08:20:56.694,0.95507,0.95517,1.12,2.62
2015.06.16 08:20:56.795,0.95506,0.95515,1.37,1.00
2015.06.16 08:21:01.078,0.95507,0.95514,1.00,1.00
2015.06.16 08:21:01.180,0.95505,0.95514,1.12,1.00
2015.06.16 08:21:01.693,0.95506,0.95514,1.00,1.00
2015.06.16 08:21:02.194,0.95504,0.95514,1.37,1.00
2015.06.16 08:21:02.735,0.95504,0.95515,1.37,1.87
2015.06.16 08:21:06.363,0.95508,0.95515,1.00,1.50
2015.06.16 08:21:06.693,0.95506,0.95515,1.12,1.00
2015.06.16 08:21:06.998,0.95504,0.95517,2.25,1.00
2015.06.16 08:21:07.049,0.95504,0.95517,1.50,1.37
2015.06.16 08:21:07.444,0.95501,0.95509,1.00,1.00
2015.06.16 08:21:07.496,0.95498,0.95509,1.65,1.00
2015.06.16 08:21:07.598,0.95498,0.95507,1.12,1.00
2015.06.16 08:21:08.112,0.95498,0.95507,1.37,1.00
2015.06.16 08:21:08.214,0.95501,0.9551,1.00,1.00
2015.06.16 08:21:09.549,0.95501,0.95511,1.12,1.00
2015.06.16 08:21:10.128,0.95501,0.95512,1.87,1.00
2015.06.16 08:21:10.330,0.95501,0.95512,1.67,1.00
2015.06.16 08:21:10.432,0.95504,0.95515,1.00,1.95
2015.06.16 08:21:10.534,0.95505,0.95515,1.37,1.87
2015.06.16 08:21:10.888,0.95505,0.95517,1.87,1.50
2015.06.16 08:21:11.799,0.95504,0.95517,1.12,1.12
2015.06.16 08:21:12.254,0.95504,0.95517,1.00,1.37
2015.06.16 08:21:12.605,0.955,0.95507,1.00,1.00
2015.06.16 08:21:12.758,0.955,0.95509,1.00,2.25
2015.06.16 08:21:13.011,0.955,0.95511,1.00,1.87
2015.06.16 08:21:13.590,0.955,0.9551,1.00,1.50
2015.06.16 08:21:14.353,0.955,0.95511,1.00,1.12
2015.06.16 08:21:14.404,0.955,0.95508,1.00,1.00
2015.06.16 08:21:16.398,0.955,0.9551,1.00,1.12
2015.06.16 08:21:20.191,0.95501,0.95512,1.00,1.47
2015.06.16 08:21:20.881,0.955,0.95512,1.12,1.47
2015.06.16 08:21:21.881,0.95501,0.95512,1.00,1.00
2015.06.16 08:21:22.760,0.95503,0.95512,1.00,1.00
2015.06.16 08:21:23.299,0.95502,0.95514,1.00,1.87
2015.06.16 08:21:23.818,0.95502,0.95512,1.00,1.00
2015.06.16 08:21:24.364,0.95502,0.95513,1.00,1.50
2015.06.16 08:21:24.913,0.95502,0.95512,1.00,1.00
2015.06.16 08:21:25.470,0.95501,0.95512,1.00,1.00
2015.06.16 08:21:25.979,0.95502,0.95513,1.00,1.00
2015.06.16 08:21:26.908,0.95503,0.95513,1.00,1.12
2015.06.16 08:21:27.374,0.955,0.95512,1.50,1.00
2015.06.16 08:21:27.425,0.955,0.9551,1.50,1.00
2015.06.16 08:21:27.952,0.955,0.95513,1.50,1.87
2015.06.16 08:21:28.459,0.95502,0.95514,1.12,1.37
2015.06.16 08:21:30.985,0.95502,0.95514,1.12,1.00
2015.06.16 08:21:32.340,0.95501,0.95514,1.12,1.00
2015.06.16 08:21:32.543,0.955,0.95511,2.25,1.00
2015.06.16 08:21:33.063,0.955,0.95512,2.25,1.00
2015.06.16 08:21:33.265,0.95501,0.95514,1.87,1.87
2015.06.16 08:21:33.685,0.95501,0.95513,2.25,1.37
2015.06.16 08:21:33.989,0.95498,0.95509,1.00,1.37
2015.06.16 08:21:34.294,0.95498,0.95507,1.37,1.00
2015.06.16 08:21:34.345,0.95498,0.95513,4.12,2.25
2015.06.16 08:21:34.449,0.95503,0.9551,1.37,1.00
2015.06.16 08:21:34.630,0.95504,0.95513,1.37,1.50
2015.06.16 08:21:36.967,0.95504,0.95511,1.37,1.00
2015.06.16 08:21:39.661,0.95504,0.95511,1.00,1.00
2015.06.16 08:21:39.813,0.95501,0.95511,1.00,1.00
2015.06.16 08:21:39.967,0.95499,0.95511,1.00,1.12
2015.06.16 08:21:40.069,0.95503,0.95513,1.00,2.70
2015.06.16 08:21:40.171,0.95501,0.95512,1.00,1.37
2015.06.16 08:21:41.528,0.95501,0.95512,1.00,1.12
2015.06.16 08:21:42.036,0.95499,0.95511,1.00,1.00
2015.06.16 08:21:43.486,0.95498,0.9551,2.62,1.00
2015.06.16 08:21:44.405,0.95498,0.9551,2.25,1.00
2015.06.16 08:21:45.785,0.95498,0.95512,2.25,1.37
2015.06.16 08:21:47.144,0.95498,0.95512,2.62,1.37
2015.06.16 08:21:47.490,0.95502,0.95513,1.00,2.02
2015.06.16 08:21:51.981,0.95502,0.95513,1.00,2.02
2015.06.16 08:21:53.054,0.95502,0.95513,1.00,2.02
2015.06.16 08:21:53.105,0.95499,0.95513,1.50,2.77
2015.06.16 08:21:56.167,0.95499,0.9551,1.00,1.00
2015.06.16 08:21:56.693,0.95498,0.9551,1.50,1.50
2015.06.16 08:21:59.113,0.95499,0.95513,1.00,2.02
2015.06.16 08:22:00.399,0.95501,0.95514,1.00,1.12
2015.06.16 08:22:00.703,0.95503,0.95517,1.50,1.47
2015.06.16 08:22:01.245,0.95504,0.95516,1.00,1.12
2015.06.16 08:22:01.784,0.95503,0.95517,2.25,1.47
2015.06.16 08:22:02.297,0.95503,0.95517,2.62,1.95
2015.06.16 08:22:02.633,0.95503,0.95516,1.00,1.37
2015.06.16 08:22:02.836,0.95501,0.95515,1.87,1.37
2015.06.16 08:22:04.048,0.95502,0.95515,1.00,1.37
2015.06.16 08:22:04.201,0.95503,0.95516,1.12,1.27
2015.06.16 08:22:05.076,0.95502,0.95516,1.12,1.12
2015.06.16 08:22:05.611,0.95501,0.95515,1.87,1.00
2015.06.16 08:22:07.183,0.95502,0.95515,1.37,1.00
2015.06.16 08:22:07.694,0.95503,0.95516,1.12,1.00
2015.06.16 08:22:08.498,0.95503,0.95516,1.37,1.00
2015.06.16 08:22:14.091,0.95503,0.95516,1.87,1.50
2015.06.16 08:22:14.642,0.95504,0.95518,1.37,1.87
2015.06.16 08:22:15.994,0.95504,0.95518,1.37,1.87
2015.06.16 08:22:16.924,0.95507,0.95518,1.00,1.87
2015.06.16 08:22:17.440,0.95505,0.95518,1.37,1.87
2015.06.16 08:22:18.582,0.95507,0.95518,1.00,1.87
2015.06.16 08:22:18.633,0.95509,0.95518,1.00,1.12
2015.06.16 08:22:18.937,0.95513,0.95523,1.00,1.87
2015.06.16 08:22:18.988,0.95513,0.95524,1.50,1.47
2015.06.16 08:22:19.191,0.95513,0.95526,1.50,1.57
2015.06.16 08:22:20.693,0.95514,0.95526,1.00,2.32
2015.06.16 08:22:21.196,0.95515,0.95526,1.00,1.12
2015.06.16 08:22:21.622,0.95513,0.95525,1.00,1.00
2015.06.16 08:22:25.438,0.95513,0.95526,1.12,1.12
2015.06.16 08:22:30.151,0.95512,0.95525,1.87,1.12
2015.06.16 08:22:30.253,0.95512,0.95522,1.87,1.00
2015.06.16 08:22:30.761,0.95513,0.95523,1.00,1.00
2015.06.16 08:22:30.921,0.9551,0.95522,1.12,1.00
2015.06.16 08:22:31.055,0.9551,0.9552,1.12,1.00
2015.06.16 08:22:32.058,0.95507,0.95519,1.47,1.00
2015.06.16 08:22:32.110,0.95507,0.95519,1.10,1.00
2015.06.16 08:22:32.162,0.95506,0.95517,1.00,1.00
2015.06.16 08:22:32.469,0.95504,0.95516,1.10,1.00
2015.06.16 08:22:32.957,0.95502,0.95513,2.32,1.00
2015.06.16 08:22:33.369,0.95504,0.95515,1.12,1.00
2015.06.16 08:22:33.572,0.95504,0.95518,1.37,1.87
2015.06.16 08:22:34.098,0.95506,0.95519,1.00,1.37
2015.06.16 08:22:34.656,0.95506,0.95519,1.12,1.12
2015.06.16 08:22:35.199,0.95507,0.95519,1.00,1.50
2015.06.16 08:22:35.964,0.95509,0.9552,1.00,1.50
2015.06.16 08:22:36.156,0.95509,0.95522,1.12,1.00
2015.06.16 08:22:36.361,0.95511,0.95523,1.00,1.00
2015.06.16 08:22:36.984,0.95511,0.95523,1.37,1.00
2015.06.16 08:22:37.524,0.95512,0.95524,1.12,1.12
2015.06.16 08:22:37.878,0.95514,0.95526,1.00,1.87
2015.06.16 08:22:38.186,0.95514,0.9552,1.00,1.00
2015.06.16 08:22:38.516,0.95514,0.95518,1.00,1.00
2015.06.16 08:22:38.567,0.95514,0.95524,1.00,1.87
2015.06.16 08:22:40.450,0.95514,0.95521,1.00,1.00
2015.06.16 08:22:40.751,0.95512,0.95521,1.00,1.00
2015.06.16 08:22:41.261,0.95512,0.95523,1.00,1.00
2015.06.16 08:22:41.834,0.95512,0.95518,1.00,1.00
2015.06.16 08:22:41.935,0.95509,0.95518,1.50,1.00
2015.06.16 08:22:42.087,0.95508,0.95516,1.87,1.00
2015.06.16 08:22:42.414,0.95506,0.95518,1.00,1.30
2015.06.16 08:22:42.961,0.95504,0.95517,2.62,1.50
2015.06.16 08:22:43.164,0.95508,0.95517,1.00,1.50
2015.06.16 08:22:43.697,0.95508,0.95518,1.50,1.00
2015.06.16 08:22:45.998,0.95509,0.95518,1.00,1.00
2015.06.16 08:22:49.553,0.95508,0.95519,2.62,1.00
2015.06.16 08:22:49.858,0.95504,0.95517,1.00,1.87
2015.06.16 08:22:50.388,0.95503,0.95517,2.25,1.47
2015.06.16 08:22:50.895,0.95503,0.95515,1.00,1.12
2015.06.16 08:22:51.225,0.95504,0.95516,1.87,1.12
2015.06.16 08:22:51.744,0.95506,0.95516,1.00,1.12
2015.06.16 08:22:52.421,0.95506,0.95518,1.00,1.37
2015.06.16 08:22:52.931,0.95505,0.95518,1.12,1.37
2015.06.16 08:22:53.502,0.95505,0.95518,1.00,1.37
2015.06.16 08:22:54.419,0.95505,0.95516,1.00,1.37
2015.06.16 08:22:54.731,0.95507,0.95516,1.00,1.87
2015.06.16 08:22:55.313,0.95507,0.95516,1.00,1.50
2015.06.16 08:22:55.816,0.95507,0.95518,1.00,1.87
2015.06.16 08:22:58.437,0.95507,0.95518,1.00,1.87
2015.06.16 08:22:58.946,0.95508,0.95519,1.00,1.00
2015.06.16 08:22:59.049,0.95506,0.95518,1.12,1.00
2015.06.16 08:22:59.561,0.95506,0.95517,1.00,1.87
2015.06.16 08:23:00.842,0.95507,0.9552,1.00,2.62
2015.06.16 08:23:01.197,0.95503,0.95514,2.25,1.00
2015.06.16 08:23:01.505,0.95501,0.95509,1.37,1.00
2015.06.16 08:23:02.139,0.95501,0.95509,1.37,1.00
2015.06.16 08:23:02.241,0.95497,0.95509,3.00,1.00
2015.06.16 08:23:04.023,0.95499,0.95511,1.50,1.00
2015.06.16 08:23:04.552,0.95497,0.95511,3.75,1.37
2015.06.16 08:23:04.922,0.955,0.95513,3.75,1.10
2015.06.16 08:23:05.075,0.95502,0.95515,1.37,1.87
2015.06.16 08:23:05.736,0.95503,0.95514,1.37,1.00
2015.06.16 08:23:06.072,0.95503,0.95517,1.87,2.62
2015.06.16 08:23:09.041,0.95503,0.95517,1.50,2.62
2015.06.16 08:23:09.244,0.95503,0.95517,1.50,2.62
2015.06.16 08:23:09.746,0.95504,0.95517,2.25,1.37
2015.06.16 08:23:10.551,0.95502,0.95514,2.25,1.00
2015.06.16 08:23:10.602,0.95502,0.95514,2.25,1.00
2015.06.16 08:23:10.767,0.95502,0.95511,2.25,1.00
2015.06.16 08:23:11.073,0.95502,0.95513,1.50,1.50
2015.06.16 08:23:11.629,0.95503,0.95516,1.00,1.37
2015.06.16 08:23:12.164,0.95503,0.95516,1.50,1.37
2015.06.16 08:23:12.356,0.95504,0.95516,1.50,1.00
2015.06.16 08:23:12.457,0.95506,0.9552,2.25,1.87
2015.06.16 08:23:12.660,0.95506,0.9552,3.00,1.87
2015.06.16 08:23:12.864,0.95508,0.95521,1.37,1.00
2015.06.16 08:23:13.169,0.95509,0.95521,1.75,1.00
2015.06.16 08:23:13.682,0.95514,0.95521,1.37,1.00
2015.06.16 08:23:16.071,0.95509,0.95521,1.00,1.37
2015.06.16 08:23:16.122,0.95508,0.95518,1.87,1.00
2015.06.16 08:23:16.173,0.95506,0.95518,3.00,1.50
2015.06.16 08:23:16.658,0.95504,0.95517,1.87,1.50
2015.06.16 08:23:16.760,0.95504,0.95517,1.50,1.87
2015.06.16 08:23:17.284,0.95501,0.95514,2.25,1.12
2015.06.16 08:23:18.692,0.95503,0.95513,1.00,1.00
2015.06.16 08:23:19.241,0.95503,0.95515,1.00,1.37
2015.06.16 08:23:19.494,0.95504,0.95517,1.87,4.50
2015.06.16 08:23:19.697,0.95504,0.95517,2.25,1.87
2015.06.16 08:23:20.002,0.9551,0.95521,1.00,1.00
2015.06.16 08:23:20.104,0.9551,0.95523,1.50,1.95
2015.06.16 08:23:20.197,0.9551,0.95521,1.50,1.00
2015.06.16 08:23:20.502,0.95514,0.95522,1.37,1.00
2015.06.16 08:23:20.809,0.95513,0.95522,1.00,1.00
2015.06.16 08:23:20.911,0.9551,0.95522,1.12,1.12
2015.06.16 08:23:21.606,0.9551,0.95522,1.37,1.12
2015.06.16 08:23:22.142,0.95513,0.95521,1.37,1.00
2015.06.16 08:23:22.905,0.95513,0.95522,1.37,1.12
2015.06.16 08:23:23.685,0.95514,0.9552,1.37,1.00
2015.06.16 08:23:23.787,0.95514,0.95523,1.37,1.00
2015.06.16 08:23:24.296,0.95514,0.95522,1.37,1.00
2015.06.16 08:23:24.829,0.95514,0.95522,1.37,1.12
2015.06.16 08:23:25.858,0.95512,0.95522,1.00,1.12
2015.06.16 08:23:26.162,0.9551,0.95521,1.00,1.12
2015.06.16 08:23:26.314,0.95507,0.95518,1.20,1.00
2015.06.16 08:23:26.941,0.95505,0.95516,1.00,1.37
2015.06.16 08:23:27.246,0.95502,0.95511,1.37,1.00
2015.06.16 08:23:30.370,0.95501,0.95511,2.47,1.00
2015.06.16 08:23:30.472,0.95502,0.95515,3.60,1.87
2015.06.16 08:23:31.899,0.95503,0.95515,1.75,1.50
2015.06.16 08:23:34.121,0.95502,0.95515,3.60,1.50
2015.06.16 08:23:34.223,0.95502,0.95515,3.60,1.87
2015.06.16 08:23:35.586,0.95502,0.95515,3.97,1.50
2015.06.16 08:23:35.688,0.95502,0.95515,1.37,1.37
2015.06.16 08:23:37.829,0.95501,0.95514,2.62,1.00
2015.06.16 08:23:38.336,0.95501,0.95515,4.35,1.12
2015.06.16 08:23:38.871,0.95501,0.95515,4.35,1.00
2015.06.16 08:23:39.516,0.95502,0.95514,2.62,1.00
2015.06.16 08:23:39.820,0.95505,0.95517,2.62,1.00
2015.06.16 08:23:39.995,0.95507,0.95519,1.37,1.00
2015.06.16 08:23:40.251,0.95507,0.95517,1.12,1.00
2015.06.16 08:23:40.404,0.95505,0.95517,1.50,1.37
2015.06.16 08:23:40.506,0.95504,0.95515,1.75,1.00
2015.06.16 08:23:40.609,0.95505,0.95515,1.00,1.00
2015.06.16 08:23:42.019,0.95503,0.95515,1.87,1.00
2015.06.16 08:23:42.553,0.95505,0.95516,1.00,1.50
2015.06.16 08:23:43.910,0.95505,0.95519,1.50,1.37
2015.06.16 08:23:44.433,0.95505,0.95516,1.00,1.00
2015.06.16 08:23:44.725,0.95506,0.95519,1.37,1.12
2015.06.16 08:23:45.740,0.95506,0.9552,2.62,1.87
2015.06.16 08:23:46.216,0.95508,0.9552,1.00,1.37
2015.06.16 08:23:46.766,0.95509,0.95522,1.00,2.47
2015.06.16 08:23:47.954,0.95509,0.95521,1.00,1.37
2015.06.16 08:23:48.269,0.95507,0.95521,1.00,1.87
2015.06.16 08:23:48.390,0.95511,0.95522,1.87,2.25
2015.06.16 08:23:48.647,0.95504,0.95515,1.00,1.00
2015.06.16 08:23:48.749,0.95499,0.95512,1.12,1.12
2015.06.16 08:23:48.952,0.955,0.95514,1.50,1.12
2015.06.16 08:23:49.069,0.955,0.95511,1.50,1.00
2015.06.16 08:23:50.343,0.955,0.95512,1.87,1.12
2015.06.16 08:23:50.844,0.955,0.95511,1.87,1.00
2015.06.16 08:23:51.678,0.955,0.95511,1.00,1.37
2015.06.16 08:23:54.274,0.95499,0.9551,2.62,1.12
2015.06.16 08:23:54.983,0.955,0.95512,1.00,1.12
2015.06.16 08:23:55.523,0.95501,0.95513,1.87,1.00
2015.06.16 08:23:56.084,0.95505,0.95515,1.50,1.37
2015.06.16 08:23:56.750,0.95504,0.95516,1.00,1.87
2015.06.16 08:23:56.851,0.95501,0.95512,1.00,1.00
2015.06.16 08:23:56.953,0.95499,0.95511,1.00,1.37
2015.06.16 08:23:57.055,0.955,0.95512,1.00,1.35
2015.06.16 08:23:57.156,0.95503,0.95514,1.00,1.87
2015.06.16 08:23:57.664,0.95503,0.95517,1.12,1.87
2015.06.16 08:23:57.850,0.95506,0.95519,1.50,3.37
2015.06.16 08:23:58.408,0.95507,0.9552,1.00,1.37
2015.06.16 08:23:58.510,0.95504,0.95518,1.37,1.12
2015.06.16 08:24:00.697,0.95503,0.95516,1.50,1.50
2015.06.16 08:24:02.808,0.95505,0.95517,1.87,1.12
2015.06.16 08:24:06.711,0.95505,0.95516,1.37,1.37
2015.06.16 08:24:07.015,0.95499,0.95511,1.50,1.50
2015.06.16 08:24:08.808,0.95499,0.95512,2.25,1.12
2015.06.16 08:24:10.187,0.95499,0.95511,1.50,1.00
2015.06.16 08:24:12.023,0.955,0.95513,1.37,1.37
2015.06.16 08:24:12.610,0.955,0.95513,1.37,1.00
2015.06.16 08:24:15.379,0.955,0.95513,1.37,1.00
2015.06.16 08:24:15.895,0.95503,0.95514,1.37,1.47
2015.06.16 08:24:15.997,0.95503,0.95515,1.37,2.32
2015.06.16 08:24:17.791,0.95503,0.95515,1.37,1.87
2015.06.16 08:24:19.188,0.95499,0.95511,2.32,1.00
2015.06.16 08:24:21.400,0.95499,0.95512,1.85,1.00
2015.06.16 08:24:21.553,0.95502,0.95515,1.87,1.87
2015.06.16 08:24:22.814,0.95502,0.95515,2.25,1.50
2015.06.16 08:24:23.363,0.95504,0.95517,1.00,1.37
2015.06.16 08:24:23.414,0.95505,0.95517,1.37,1.00
2015.06.16 08:24:24.805,0.95503,0.95517,3.00,1.87
2015.06.16 08:24:24.856,0.95503,0.95517,3.00,1.87
2015.06.16 08:24:24.907,0.95503,0.95514,1.37,1.00
2015.06.16 08:24:25.162,0.95502,0.95514,1.37,1.50
2015.06.16 08:24:25.264,0.95502,0.95516,1.87,1.12
2015.06.16 08:24:25.594,0.95502,0.95516,2.25,1.37
2015.06.16 08:24:26.162,0.955,0.95513,1.12,1.00
2015.06.16 08:24:26.314,0.95498,0.95511,1.75,1.12
2015.06.16 08:24:27.009,0.95497,0.95509,2.25,1.00
2015.06.16 08:24:27.560,0.95497,0.95509,2.85,1.00
2015.06.16 08:24:27.611,0.95497,0.95511,2.85,1.50
2015.06.16 08:24:27.814,0.95501,0.95513,1.37,1.00
2015.06.16 08:24:27.966,0.95502,0.95516,1.37,1.57
2015.06.16 08:24:29.528,0.95504,0.95516,1.12,1.00
2015.06.16 08:24:30.138,0.95503,0.95516,3.00,1.00
2015.06.16 08:24:30.470,0.95503,0.95516,2.62,1.37
2015.06.16 08:24:30.993,0.95501,0.95513,2.25,1.00
2015.06.16 08:24:31.350,0.95503,0.95515,1.00,1.00
2015.06.16 08:24:32.658,0.95501,0.95515,3.00,1.00
2015.06.16 08:24:33.423,0.95501,0.95515,3.00,1.12
2015.06.16 08:24:34.163,0.95501,0.95515,1.87,1.37
2015.06.16 08:24:34.215,0.95501,0.95512,1.87,1.00
2015.06.16 08:24:34.418,0.95501,0.95513,1.37,1.12
2015.06.16 08:24:34.757,0.95501,0.95511,1.37,1.00
2015.06.16 08:24:35.305,0.95499,0.9551,1.50,1.00
2015.06.16 08:24:35.890,0.95499,0.95511,2.25,1.00
2015.06.16 08:24:38.717,0.955,0.95511,1.37,1.00
2015.06.16 08:24:39.261,0.955,0.95512,2.25,1.00
2015.06.16 08:24:40.238,0.95504,0.95517,1.00,1.95
2015.06.16 08:24:40.290,0.95504,0.95517,1.50,1.47
2015.06.16 08:24:40.341,0.95506,0.95519,1.37,2.62
2015.06.16 08:24:40.442,0.95509,0.9552,1.87,1.12
2015.06.16 08:24:41.024,0.95508,0.9552,1.12,1.00
2015.06.16 08:24:41.525,0.95508,0.95521,1.12,1.87
2015.06.16 08:24:42.188,0.95508,0.95521,1.37,1.87
2015.06.16 08:24:44.912,0.95508,0.95519,1.12,1.12
2015.06.16 08:24:45.691,0.95508,0.9552,1.87,1.12
2015.06.16 08:24:46.006,0.9551,0.95521,1.00,1.37
2015.06.16 08:24:47.876,0.95508,0.95521,1.12,1.37
2015.06.16 08:24:47.977,0.95505,0.95518,1.37,1.37
2015.06.16 08:24:48.382,0.95502,0.95515,2.25,1.00
2015.06.16 08:24:48.726,0.95502,0.95513,1.37,1.00
2015.06.16 08:24:50.663,0.95502,0.95515,1.37,1.12
2015.06.16 08:24:50.894,0.95502,0.95515,1.37,1.12
2015.06.16 08:24:51.178,0.95505,0.95517,1.00,1.20
2015.06.16 08:24:51.704,0.95503,0.95517,1.50,1.12
2015.06.16 08:24:52.206,0.95503,0.95516,1.12,1.37
2015.06.16 08:24:52.688,0.95503,0.95516,1.37,1.37
2015.06.16 08:24:53.216,0.95503,0.95516,1.00,1.37
2015.06.16 08:24:59.455,0.955,0.95512,2.25,1.00
2015.06.16 08:25:00.006,0.95499,0.95512,1.50,1.37
2015.06.16 08:25:02.479,0.95499,0.95512,1.37,1.50
2015.06.16 08:25:03.049,0.95501,0.95511,1.12,1.00
2015.06.16 08:25:03.556,0.95501,0.9551,1.12,1.00
2015.06.16 08:25:04.076,0.95501,0.9551,1.12,1.37
2015.06.16 08:25:04.604,0.95501,0.9551,1.12,1.00
2015.06.16 08:25:04.908,0.95499,0.95512,2.25,1.12
2015.06.16 08:25:06.184,0.955,0.95514,2.25,1.12
2015.06.16 08:25:06.387,0.95502,0.95515,2.25,1.57
2015.06.16 08:25:06.717,0.95505,0.95517,1.50,1.65
2015.06.16 08:25:06.870,0.95507,0.95519,1.50,1.00
2015.06.16 08:25:06.920,0.95507,0.95519,1.12,1.37
2015.06.16 08:25:07.225,0.95504,0.95513,1.37,1.50
2015.06.16 08:25:07.614,0.95503,0.95513,1.37,1.50
2015.06.16 08:25:07.769,0.95503,0.95516,1.50,1.12
2015.06.16 08:25:09.584,0.95504,0.95516,1.37,1.12
2015.06.16 08:25:11.202,0.95507,0.95519,1.87,1.87
2015.06.16 08:25:11.354,0.95507,0.95521,2.85,2.70
2015.06.16 08:25:11.872,0.95512,0.95521,1.12,1.50
2015.06.16 08:25:12.075,0.95513,0.95524,1.37,1.50
2015.06.16 08:25:12.277,0.95514,0.95526,2.25,1.00
2015.06.16 08:25:12.582,0.95514,0.95527,1.50,1.00
2015.06.16 08:25:12.930,0.95516,0.95529,2.25,1.00
2015.06.16 08:25:13.436,0.95516,0.95528,1.37,1.12
2015.06.16 08:25:14.432,0.95514,0.95527,1.37,1.37
2015.06.16 08:25:14.736,0.95509,0.9552,2.25,1.00
2015.06.16 08:25:14.888,0.95509,0.9552,1.50,1.00
2015.06.16 08:25:16.038,0.95508,0.9552,2.25,1.37
2015.06.16 08:25:16.943,0.95507,0.9552,1.50,1.87
2015.06.16 08:25:17.463,0.95509,0.95521,1.75,1.00
2015.06.16 08:25:17.616,0.95511,0.95523,1.37,1.12
2015.06.16 08:25:18.143,0.95509,0.95523,1.75,1.00
2015.06.16 08:25:18.397,0.95509,0.95523,1.75,1.50
2015.06.16 08:25:18.600,0.95509,0.95523,1.12,1.87
2015.06.16 08:25:19.114,0.95508,0.95521,1.00,1.87
2015.06.16 08:25:19.208,0.95508,0.95519,1.00,1.00
2015.06.16 08:25:21.538,0.95508,0.95521,1.00,1.87
2015.06.16 08:25:22.235,0.95507,0.95521,3.00,1.87
2015.06.16 08:25:22.710,0.95507,0.95521,2.25,1.87
2015.06.16 08:25:23.216,0.95506,0.9552,2.10,1.00
2015.06.16 08:25:24.247,0.95508,0.95521,2.25,1.87
2015.06.16 08:25:25.238,0.95508,0.95521,2.25,1.87
2015.06.16 08:25:26.430,0.95508,0.95521,2.25,1.87
2015.06.16 08:25:26.861,0.95508,0.95521,2.25,1.87
2015.06.16 08:25:28.748,0.95508,0.95521,2.25,1.87
2015.06.16 08:25:31.947,0.95508,0.95521,2.25,1.87
2015.06.16 08:25:33.360,0.95508,0.95521,2.25,1.87
2015.06.16 08:25:33.617,0.95507,0.95519,1.37,1.12
2015.06.16 08:25:34.124,0.95508,0.9552,1.00,1.87
2015.06.16 08:25:34.530,0.95509,0.95523,1.12,1.00
2015.06.16 08:25:34.913,0.9551,0.95523,1.37,1.00
2015.06.16 08:25:35.168,0.95511,0.95525,1.50,1.00
2015.06.16 08:25:35.273,0.95511,0.95525,1.50,1.87
2015.06.16 08:25:35.578,0.95516,0.95526,1.50,1.30
2015.06.16 08:25:35.629,0.95514,0.95526,1.00,1.30
2015.06.16 08:25:35.680,0.95514,0.95527,1.00,1.97
2015.06.16 08:25:35.731,0.95511,0.95523,1.37,1.00
2015.06.16 08:25:35.782,0.95509,0.95523,2.25,1.37
2015.06.16 08:25:38.329,0.95508,0.95522,2.25,1.37
2015.06.16 08:25:41.417,0.95507,0.9552,1.37,1.12
2015.06.16 08:25:41.569,0.95507,0.95519,1.50,1.00
2015.06.16 08:25:41.926,0.95506,0.95519,1.00,1.50
2015.06.16 08:25:42.027,0.95509,0.95519,1.00,1.00
2015.06.16 08:25:42.079,0.9551,0.95522,1.00,1.35
2015.06.16 08:25:42.562,0.95509,0.9552,1.37,1.00
2015.06.16 08:25:42.866,0.95511,0.95522,1.37,1.00
2015.06.16 08:25:43.606,0.95511,0.95522,1.12,1.00
2015.06.16 08:25:43.822,0.95507,0.95521,2.25,2.25
2015.06.16 08:25:43.873,0.95507,0.95519,1.50,1.00
2015.06.16 08:25:44.251,0.95506,0.95517,1.75,1.00
2015.06.16 08:25:44.605,0.95505,0.95517,1.87,1.00
2015.06.16 08:25:44.758,0.9551,0.9552,1.00,2.25
2015.06.16 08:25:45.041,0.95509,0.95522,1.75,1.50
2015.06.16 08:25:45.446,0.95509,0.9552,1.75,1.00
2015.06.16 08:25:45.649,0.9551,0.95522,1.75,1.00
2015.06.16 08:25:46.173,0.9551,0.95523,1.75,1.50
2015.06.16 08:25:47.104,0.9551,0.95523,1.75,1.12
2015.06.16 08:25:49.745,0.9551,0.95523,2.25,1.00
2015.06.16 08:25:50.366,0.9551,0.95522,1.75,1.00
2015.06.16 08:25:50.900,0.95513,0.95522,1.00,1.00
2015.06.16 08:25:51.002,0.95511,0.95524,1.75,1.00
2015.06.16 08:25:51.407,0.95511,0.95523,1.50,1.00
2015.06.16 08:25:51.712,0.9551,0.95523,1.75,1.00
2015.06.16 08:25:51.863,0.9551,0.95523,1.50,1.00
2015.06.16 08:25:52.881,0.9551,0.95524,1.75,1.12
2015.06.16 08:25:52.983,0.95511,0.95522,1.37,1.00
2015.06.16 08:25:53.300,0.95508,0.9552,1.75,1.00
2015.06.16 08:25:54.431,0.95508,0.9552,1.00,1.00
2015.06.16 08:25:54.996,0.95506,0.95519,3.00,1.50
2015.06.16 08:25:56.312,0.95506,0.95516,1.50,1.00
2015.06.16 08:25:57.196,0.95507,0.95518,1.12,1.00
2015.06.16 08:25:57.298,0.95507,0.95512,1.12,1.00
2015.06.16 08:25:57.497,0.95507,0.95514,1.00,1.00
2015.06.16 08:25:57.548,0.95507,0.95516,1.00,1.50
2015.06.16 08:25:57.599,0.95504,0.95516,2.62,1.00
2015.06.16 08:25:57.752,0.95506,0.95518,1.75,1.00
2015.06.16 08:25:58.624,0.95506,0.95519,2.25,1.00
2015.06.16 08:25:59.131,0.95506,0.95519,1.75,1.50
2015.06.16 08:26:00.131,0.95508,0.9552,1.37,1.50
2015.06.16 08:26:00.638,0.9551,0.95522,1.00,1.95
2015.06.16 08:26:00.740,0.9551,0.95523,1.50,1.20
2015.06.16 08:26:00.842,0.9551,0.95522,1.00,1.50
2015.06.16 08:26:01.045,0.95506,0.95519,1.50,1.00
2015.06.16 08:26:01.096,0.95506,0.95519,1.12,1.00
2015.06.16 08:26:01.238,0.95505,0.95517,1.50,1.00
2015.06.16 08:26:02.193,0.95505,0.95517,1.00,1.00
2015.06.16 08:26:02.996,0.95505,0.95517,1.37,1.12
2015.06.16 08:26:06.628,0.95505,0.95517,1.12,1.00
2015.06.16 08:26:07.267,0.95505,0.95517,1.37,1.00
2015.06.16 08:26:07.787,0.95505,0.95517,1.12,1.12
2015.06.16 08:26:08.091,0.95507,0.95519,1.00,1.12
2015.06.16 08:26:08.648,0.95508,0.9552,1.00,1.37
2015.06.16 08:26:09.166,0.95508,0.9552,1.12,1.00
2015.06.16 08:26:09.715,0.95509,0.95522,1.87,1.37
2015.06.16 08:26:10.223,0.95509,0.95521,1.50,1.37
2015.06.16 08:26:10.785,0.95508,0.9552,1.00,1.37
2015.06.16 08:26:11.292,0.95508,0.9552,1.00,1.12
2015.06.16 08:26:11.839,0.95508,0.9552,1.00,1.37
2015.06.16 08:26:12.381,0.95508,0.9552,1.00,1.00
2015.06.16 08:26:12.926,0.95508,0.95521,1.87,1.20
2015.06.16 08:26:14.896,0.95508,0.95521,1.00,1.37
2015.06.16 08:26:16.598,0.95509,0.9552,1.00,1.00
2015.06.16 08:26:17.146,0.95509,0.95521,1.50,1.00
2015.06.16 08:26:23.410,0.95509,0.95521,1.87,1.12
2015.06.16 08:26:23.596,0.95512,0.95525,1.12,2.32
2015.06.16 08:26:24.118,0.95513,0.95527,1.00,2.25
2015.06.16 08:26:24.636,0.95513,0.95525,1.00,1.07
2015.06.16 08:26:27.222,0.95512,0.95526,1.00,1.87
2015.06.16 08:26:28.928,0.95513,0.95526,1.00,1.47
2015.06.16 08:26:29.462,0.95513,0.95527,1.87,2.25
2015.06.16 08:26:30.065,0.95513,0.95527,1.87,1.87
2015.06.16 08:26:30.248,0.95516,0.95528,1.00,1.50
2015.06.16 08:26:32.186,0.95514,0.95527,1.87,1.50
2015.06.16 08:26:32.848,0.95514,0.95527,2.25,1.50
2015.06.16 08:26:33.000,0.95515,0.95528,1.37,1.10
2015.06.16 08:26:33.305,0.95518,0.9553,1.12,1.00
2015.06.16 08:26:33.406,0.95518,0.9553,1.37,1.00
2015.06.16 08:26:33.938,0.95518,0.95531,1.37,1.00
2015.06.16 08:26:34.268,0.95518,0.95531,1.37,1.00
2015.06.16 08:26:34.774,0.95518,0.95532,1.87,2.25
2015.06.16 08:26:35.083,0.95518,0.95532,1.87,1.00
2015.06.16 08:26:35.732,0.95517,0.95528,1.87,2.10
2015.06.16 08:26:35.783,0.95517,0.95528,1.87,2.10
2015.06.16 08:26:35.965,0.95517,0.95528,1.87,2.10
2015.06.16 08:26:36.207,0.95517,0.95528,1.87,2.10
2015.06.16 08:26:37.068,0.95517,0.95528,1.87,2.10
2015.06.16 08:26:37.619,0.95517,0.95528,1.37,2.10
2015.06.16 08:26:38.155,0.95517,0.95528,1.37,2.10
2015.06.16 08:26:38.697,0.95516,0.95528,1.12,2.85
2015.06.16 08:26:38.997,0.95514,0.95528,1.00,3.97
2015.06.16 08:26:39.050,0.95512,0.95521,1.20,1.00
2015.06.16 08:26:40.048,0.9551,0.95521,1.37,1.00
2015.06.16 08:26:42.407,0.9551,0.95521,1.37,1.00
2015.06.16 08:26:42.936,0.9551,0.95522,1.37,1.50
2015.06.16 08:26:44.322,0.9551,0.95522,1.87,1.00
2015.06.16 08:26:45.329,0.9551,0.95522,1.37,1.00
2015.06.16 08:26:45.430,0.9551,0.95522,1.37,1.00
2015.06.16 08:26:47.697,0.9551,0.95522,1.75,1.00
2015.06.16 08:26:55.372,0.95512,0.95524,1.12,1.00
2015.06.16 08:26:55.637,0.95512,0.95524,1.37,1.00
2015.06.16 08:26:55.840,0.95512,0.95524,1.12,1.00
2015.06.16 08:26:55.941,0.95512,0.95524,1.37,1.00
2015.06.16 08:26:56.264,0.95516,0.95527,1.37,1.10
2015.06.16 08:26:56.368,0.95517,0.9553,1.87,1.50
2015.06.16 08:26:56.571,0.95518,0.95532,1.00,2.32
2015.06.16 08:26:56.622,0.95518,0.95532,1.37,2.32
2015.06.16 08:26:56.926,0.95517,0.9553,1.87,1.00
2015.06.16 08:26:59.294,0.95517,0.9553,3.00,1.00
2015.06.16 08:26:59.700,0.95518,0.9553,1.50,1.00
2015.06.16 08:26:59.802,0.95518,0.95532,3.00,1.00
2015.06.16 08:27:00.180,0.9552,0.95534,1.37,1.00
2015.06.16 08:27:01.903,0.9552,0.95533,1.37,1.00
2015.06.16 08:27:02.157,0.9552,0.95533,1.50,2.25
2015.06.16 08:27:02.310,0.9552,0.95531,1.50,1.00
2015.06.16 08:27:02.636,0.9552,0.95533,1.87,2.25
2015.06.16 08:27:04.231,0.9552,0.95533,1.87,2.25
2015.06.16 08:27:04.383,0.95518,0.95531,1.50,1.00
2015.06.16 08:27:08.582,0.95517,0.95531,1.87,1.00
2015.06.16 08:27:09.189,0.95517,0.95531,1.87,1.00
2015.06.16 08:27:10.597,0.95519,0.95532,1.00,2.25
2015.06.16 08:27:11.898,0.95518,0.9553,1.00,1.00
2015.06.16 08:27:12.202,0.95514,0.95527,3.00,1.50
2015.06.16 08:27:12.608,0.95514,0.95524,1.00,1.00
2015.06.16 08:27:12.758,0.95515,0.95526,1.00,1.00
2015.06.16 08:27:13.267,0.95514,0.95526,1.50,1.00
2015.06.16 08:27:13.369,0.95514,0.95524,1.87,1.00
2015.06.16 08:27:13.872,0.95514,0.95523,1.00,1.00
2015.06.16 08:27:14.177,0.95511,0.95523,1.50,1.00
2015.06.16 08:27:14.718,0.95511,0.95525,2.25,1.00
2015.06.16 08:27:15.520,0.95511,0.95523,1.50,1.00
2015.06.16 08:27:16.068,0.95512,0.95522,1.00,1.00
2015.06.16 08:27:16.307,0.95509,0.95522,1.87,1.00
2015.06.16 08:27:16.409,0.95509,0.95519,1.37,1.50
2015.06.16 08:27:16.510,0.95509,0.95521,1.87,1.00
2015.06.16 08:27:18.109,0.95509,0.95521,1.87,1.00
2015.06.16 08:27:18.619,0.95509,0.95521,1.87,1.00
2015.06.16 08:27:18.822,0.95509,0.95523,1.87,1.00
2015.06.16 08:27:19.346,0.95511,0.95522,1.37,1.00
2015.06.16 08:27:19.884,0.9551,0.95523,2.32,1.50
2015.06.16 08:27:20.319,0.95509,0.9552,1.75,1.00
2015.06.16 08:27:20.522,0.95509,0.95522,3.00,1.00
2015.06.16 08:27:21.622,0.95511,0.95522,1.75,1.00
2015.06.16 08:27:22.204,0.95513,0.95522,1.50,1.00
2015.06.16 08:27:22.256,0.95513,0.95525,1.50,1.00
2015.06.16 08:27:22.801,0.95513,0.95526,1.50,1.50
2015.06.16 08:27:23.339,0.95515,0.95526,1.00,1.00
2015.06.16 08:27:23.946,0.95515,0.95527,1.00,1.50
2015.06.16 08:27:24.556,0.95515,0.95524,1.00,1.00
2015.06.16 08:27:25.064,0.95514,0.95524,1.00,1.00
2015.06.16 08:27:25.895,0.95514,0.95524,1.37,1.00
2015.06.16 08:27:26.047,0.95517,0.95529,1.37,1.50
2015.06.16 08:27:26.149,0.95517,0.9553,1.50,1.00
2015.06.16 08:27:26.200,0.95517,0.9553,2.25,1.00
2015.06.16 08:27:26.402,0.95518,0.95532,2.25,2.10
2015.06.16 08:27:28.179,0.95518,0.95531,1.50,1.00
2015.06.16 08:27:28.701,0.95519,0.95531,1.00,1.00
2015.06.16 08:27:30.064,0.95517,0.95528,1.75,1.00
2015.06.16 08:27:30.166,0.95518,0.95529,1.00,1.00
2015.06.16 08:27:30.541,0.95518,0.95531,1.00,1.10
2015.06.16 08:27:30.795,0.95518,0.95529,1.00,1.00
2015.06.16 08:27:31.301,0.95518,0.9553,1.50,1.00
2015.06.16 08:27:32.208,0.95516,0.95527,1.12,1.00
2015.06.16 08:27:32.718,0.95515,0.95528,1.37,1.00
2015.06.16 08:27:32.870,0.95516,0.9553,1.12,2.17
2015.06.16 08:27:32.921,0.95518,0.9553,1.12,2.17
2015.06.16 08:27:33.469,0.95519,0.95531,1.12,1.60
2015.06.16 08:27:34.132,0.9552,0.95531,1.00,1.60
2015.06.16 08:27:34.681,0.95519,0.95531,1.12,1.60
2015.06.16 08:27:35.846,0.95519,0.95531,2.25,1.60
2015.06.16 08:27:36.202,0.95518,0.95528,1.37,1.00
2015.06.16 08:27:36.708,0.95518,0.95529,1.87,1.00
2015.06.16 08:27:37.219,0.95515,0.95528,3.07,1.00
2015.06.16 08:27:37.321,0.95516,0.9553,1.87,2.10
2015.06.16 08:27:37.372,0.95516,0.95527,1.00,1.00
2015.06.16 08:27:37.878,0.95514,0.95526,3.00,1.00
2015.06.16 08:27:38.016,0.95518,0.9553,1.37,1.00
2015.06.16 08:27:38.118,0.95518,0.9553,2.47,1.50
2015.06.16 08:27:38.321,0.9552,0.95532,1.37,1.10
2015.06.16 08:27:38.524,0.95521,0.95532,1.37,1.00
2015.06.16 08:27:38.626,0.95522,0.95534,1.37,1.00
2015.06.16 08:27:39.159,0.95523,0.95535,1.37,1.00
2015.06.16 08:27:39.726,0.95523,0.95535,1.37,1.00
2015.06.16 08:27:39.879,0.95523,0.95534,1.00,1.50
2015.06.16 08:27:40.383,0.95522,0.95533,1.00,1.10
2015.06.16 08:27:41.134,0.95521,0.95533,1.00,1.10
2015.06.16 08:27:41.185,0.95519,0.95533,1.12,1.57
2015.06.16 08:27:41.236,0.95518,0.95529,1.87,1.00
2015.06.16 08:27:41.541,0.95516,0.95524,1.37,1.00
2015.06.16 08:27:41.618,0.95516,0.95524,1.12,1.00
2015.06.16 08:27:44.016,0.95513,0.95524,1.37,1.00
2015.06.16 08:27:44.553,0.95513,0.95524,1.00,1.00
2015.06.16 08:27:44.925,0.95514,0.95522,1.00,1.00
2015.06.16 08:27:45.077,0.95512,0.95521,1.00,1.00
2015.06.16 08:27:45.179,0.95512,0.95523,1.00,2.25
2015.06.16 08:27:45.230,0.95512,0.95523,1.00,3.07
2015.06.16 08:27:45.524,0.95512,0.95523,1.00,2.25
2015.06.16 08:27:46.043,0.95511,0.95524,1.00,1.50
2015.06.16 08:27:46.196,0.95509,0.95523,3.00,1.50
2015.06.16 08:27:46.298,0.95509,0.95521,2.25,1.00
2015.06.16 08:27:46.842,0.95508,0.9552,1.00,1.00
2015.06.16 08:27:47.387,0.95509,0.9552,1.00,1.00
2015.06.16 08:27:48.622,0.9551,0.95522,1.00,1.00
2015.06.16 08:27:48.776,0.95508,0.95521,2.25,1.50
2015.06.16 08:27:49.027,0.95508,0.95519,1.50,1.00
2015.06.16 08:27:49.860,0.9551,0.95519,1.00,1.00
2015.06.16 08:27:49.962,0.95508,0.95519,1.00,1.00
2015.06.16 08:27:50.237,0.95508,0.95521,1.50,1.00
2015.06.16 08:27:50.763,0.95508,0.9552,1.00,1.50
2015.06.16 08:27:51.262,0.95508,0.9552,1.87,1.50
2015.06.16 08:27:51.364,0.95508,0.9552,1.00,1.50
2015.06.16 08:27:51.487,0.95508,0.9552,1.37,1.50
2015.06.16 08:27:51.707,0.95508,0.9552,1.87,1.50
2015.06.16 08:27:53.099,0.95506,0.9552,4.57,1.50
2015.06.16 08:27:53.151,0.95506,0.95515,3.82,1.00
2015.06.16 08:27:53.408,0.95504,0.95514,1.00,1.50
2015.06.16 08:27:53.459,0.95502,0.95514,1.00,1.50
2015.06.16 08:27:53.713,0.955,0.95513,1.95,1.00
2015.06.16 08:27:53.865,0.955,0.95509,1.00,1.00
2015.06.16 08:27:54.083,0.95498,0.95508,1.00,1.00
2015.06.16 08:27:54.438,0.95498,0.9551,1.37,1.50
2015.06.16 08:27:54.744,0.955,0.95513,1.10,1.00
2015.06.16 08:27:55.449,0.955,0.95512,1.00,1.00
2015.06.16 08:27:55.957,0.955,0.95513,1.87,1.00
2015.06.16 08:27:56.899,0.95501,0.95513,1.00,1.00
2015.06.16 08:27:57.941,0.955,0.95513,1.87,1.00
2015.06.16 08:27:58.600,0.95501,0.95513,1.00,1.00
2015.06.16 08:27:59.106,0.955,0.95513,2.62,1.00
2015.06.16 08:28:00.918,0.955,0.95513,1.87,1.00
2015.06.16 08:28:01.437,0.955,0.95513,1.87,1.00
2015.06.16 08:28:03.670,0.95501,0.95514,1.00,1.00
2015.06.16 08:28:04.177,0.955,0.95512,2.62,1.00
2015.06.16 08:28:04.535,0.955,0.95514,2.62,1.50
2015.06.16 08:28:04.888,0.955,0.95512,1.87,1.00
2015.06.16 08:28:05.438,0.955,0.95511,1.12,1.00
2015.06.16 08:28:06.994,0.95499,0.9551,1.12,1.00
2015.06.16 08:28:07.523,0.95498,0.9551,1.12,1.00
2015.06.16 08:28:09.681,0.95498,0.9551,1.50,1.00
2015.06.16 08:28:10.198,0.95499,0.95511,1.00,1.00
2015.06.16 08:28:11.822,0.95499,0.95512,1.12,1.10
2015.06.16 08:28:12.126,0.95505,0.95515,1.00,1.00
2015.06.16 08:28:12.634,0.95503,0.95515,1.50,1.00
2015.06.16 08:28:14.348,0.95507,0.95517,1.00,1.00
2015.06.16 08:28:14.571,0.95505,0.95519,2.85,1.50
2015.06.16 08:28:15.080,0.95505,0.95519,1.87,1.50
2015.06.16 08:28:15.210,0.95505,0.95517,1.37,1.00
2015.06.16 08:28:16.729,0.95507,0.9552,1.37,1.20
2015.06.16 08:28:16.957,0.95509,0.95523,1.12,1.57
2015.06.16 08:28:17.009,0.95509,0.95523,1.37,1.20
2015.06.16 08:28:17.111,0.95509,0.95523,1.12,1.20
2015.06.16 08:28:17.212,0.95509,0.95523,1.37,1.12
2015.06.16 08:28:17.534,0.95513,0.95524,1.00,1.57
2015.06.16 08:28:18.090,0.9551,0.95524,2.25,2.32
2015.06.16 08:28:19.986,0.95509,0.95523,1.75,1.12
2015.06.16 08:28:20.141,0.95509,0.95523,1.37,1.50
2015.06.16 08:28:20.648,0.95508,0.95522,1.37,1.57
2015.06.16 08:28:21.192,0.95508,0.95522,1.37,2.70
2015.06.16 08:28:22.024,0.95506,0.9552,1.12,1.00
2015.06.16 08:28:23.926,0.95507,0.95521,1.00,1.00
2015.06.16 08:28:24.179,0.95506,0.95518,1.00,1.00
2015.06.16 08:28:24.797,0.95506,0.95519,1.12,1.50
2015.06.16 08:28:25.476,0.95507,0.95519,1.00,1.00
2015.06.16 08:28:27.236,0.95506,0.95519,1.87,1.00
2015.06.16 08:28:27.813,0.95507,0.95519,1.50,1.00
2015.06.16 08:28:28.270,0.95505,0.95517,1.00,1.00
2015.06.16 08:28:28.666,0.95503,0.95517,2.62,1.00
2015.06.16 08:28:28.869,0.95502,0.95515,3.30,1.00
2015.06.16 08:28:31.878,0.95502,0.95515,1.30,1.00
2015.06.16 08:28:34.086,0.95502,0.95512,1.30,1.00
2015.06.16 08:28:34.188,0.95501,0.95514,1.47,1.50
2015.06.16 08:28:34.289,0.955,0.95512,1.37,1.00
2015.06.16 08:28:34.607,0.955,0.95512,1.12,1.00
2015.06.16 08:28:35.108,0.95501,0.95512,1.12,1.00
2015.06.16 08:28:35.210,0.95502,0.95514,1.00,1.00
2015.06.16 08:28:36.861,0.95502,0.95515,1.00,1.50
2015.06.16 08:28:38.847,0.95502,0.95514,1.00,1.00
2015.06.16 08:28:39.958,0.95501,0.95513,1.87,1.00
2015.06.16 08:28:41.544,0.95501,0.95513,1.50,1.00
2015.06.16 08:28:42.079,0.95502,0.95514,1.75,1.00
2015.06.16 08:28:42.130,0.95502,0.95514,1.37,1.00
2015.06.16 08:28:42.581,0.95501,0.95512,1.50,1.00
2015.06.16 08:28:46.905,0.95501,0.95512,1.00,1.00
2015.06.16 08:28:47.867,0.95501,0.95514,1.50,2.25
2015.06.16 08:28:49.392,0.95501,0.95514,1.50,1.00
2015.06.16 08:28:49.921,0.95501,0.95514,1.50,1.00
2015.06.16 08:28:52.987,0.95501,0.95514,1.50,1.00
2015.06.16 08:28:54.249,0.95501,0.95513,1.50,1.00
2015.06.16 08:28:55.255,0.95501,0.95514,1.50,1.00
2015.06.16 08:28:56.797,0.95501,0.95514,1.12,1.00
2015.06.16 08:28:59.353,0.95501,0.95513,1.12,1.00
2015.06.16 08:28:59.859,0.95501,0.95513,1.37,1.00
2015.06.16 08:29:00.713,0.955,0.95513,1.75,1.00
2015.06.16 08:29:01.115,0.95501,0.95513,1.00,1.00
2015.06.16 08:29:02.512,0.955,0.9551,1.37,1.00
2015.06.16 08:29:02.969,0.95499,0.9551,1.72,1.00
2015.06.16 08:29:03.496,0.95498,0.95511,1.37,1.00
2015.06.16 08:29:04.043,0.95498,0.95511,2.62,1.00
2015.06.16 08:29:04.144,0.95498,0.95509,1.87,1.00
2015.06.16 08:29:08.475,0.95497,0.95509,1.37,1.00
2015.06.16 08:29:08.780,0.95496,0.95507,2.47,1.00
2015.06.16 08:29:10.624,0.95496,0.95508,1.30,1.00
2015.06.16 08:29:12.637,0.95496,0.9551,2.47,2.25
2015.06.16 08:29:12.738,0.95496,0.95508,1.30,1.00
2015.06.16 08:29:13.413,0.95494,0.95507,1.97,1.87
2015.06.16 08:29:13.550,0.95494,0.95507,1.00,1.87
2015.06.16 08:29:13.602,0.95493,0.95505,1.00,1.12
2015.06.16 08:29:14.108,0.9549,0.95504,3.22,1.50
2015.06.16 08:29:14.894,0.9549,0.95504,3.97,1.50
2015.06.16 08:29:15.208,0.95493,0.95505,1.37,1.00
2015.06.16 08:29:15.361,0.95496,0.95509,1.37,1.00
2015.06.16 08:29:15.412,0.95496,0.95509,1.12,1.00
2015.06.16 08:29:15.565,0.95499,0.9551,1.00,1.10
2015.06.16 08:29:16.098,0.95498,0.95509,1.37,1.00
2015.06.16 08:29:16.433,0.95498,0.95511,1.87,2.62
2015.06.16 08:29:18.311,0.95498,0.95511,1.87,2.62
2015.06.16 08:29:19.116,0.95498,0.9551,1.12,1.00
2015.06.16 08:29:19.167,0.95496,0.95508,1.12,1.00
2015.06.16 08:29:19.472,0.95499,0.95512,1.37,1.00
2015.06.16 08:29:19.938,0.95499,0.95513,1.87,1.50
2015.06.16 08:29:20.440,0.95499,0.95513,2.62,1.50
2015.06.16 08:29:21.996,0.955,0.95513,1.37,1.50
2015.06.16 08:29:23.171,0.95498,0.95512,2.62,1.00
2015.06.16 08:29:23.375,0.95498,0.95511,1.87,1.00
2015.06.16 08:29:23.479,0.95501,0.95513,1.00,1.00
2015.06.16 08:29:23.682,0.95499,0.95512,1.87,1.50
2015.06.16 08:29:23.784,0.95498,0.9551,1.87,1.00
2015.06.16 08:29:23.905,0.955,0.95514,1.87,3.22
2015.06.16 08:29:24.461,0.95501,0.95514,1.00,1.72
2015.06.16 08:29:25.038,0.955,0.95513,1.12,1.00
2015.06.16 08:29:26.678,0.955,0.95514,1.12,2.55
2015.06.16 08:29:26.780,0.95502,0.95514,1.00,2.55
2015.06.16 08:29:27.119,0.95502,0.95514,1.00,3.30
2015.06.16 08:29:27.271,0.95499,0.95512,1.12,1.37
2015.06.16 08:29:27.661,0.955,0.95511,1.37,1.00
2015.06.16 08:29:27.763,0.95502,0.95514,1.12,1.00
2015.06.16 08:29:27.864,0.95502,0.95516,1.87,2.02
2015.06.16 08:29:28.388,0.95502,0.95516,1.87,1.87
2015.06.16 08:29:29.528,0.95502,0.95516,1.87,1.50
2015.06.16 08:29:29.629,0.95503,0.95516,1.12,1.00
2015.06.16 08:29:30.148,0.95503,0.95515,1.12,1.00
2015.06.16 08:29:30.251,0.95501,0.95513,1.37,1.50
2015.06.16 08:29:30.772,0.95501,0.95513,1.37,1.50
2015.06.16 08:29:31.127,0.95499,0.95511,1.87,1.00
2015.06.16 08:29:31.178,0.95498,0.9551,1.00,1.00
2015.06.16 08:29:31.340,0.95497,0.95508,1.50,1.00
2015.06.16 08:29:31.644,0.95495,0.95506,1.37,1.00
2015.06.16 08:29:31.695,0.95495,0.95508,1.37,1.00
2015.06.16 08:29:31.797,0.95496,0.9551,1.87,1.00
2015.06.16 08:29:32.101,0.95496,0.95508,1.37,1.00
2015.06.16 08:29:34.166,0.95497,0.95509,1.37,1.00
2015.06.16 08:29:34.679,0.95495,0.95508,1.87,1.00
2015.06.16 08:29:35.185,0.95493,0.95506,1.12,1.37
2015.06.16 08:29:35.691,0.95489,0.95503,1.95,1.00
2015.06.16 08:29:36.501,0.95489,0.95503,1.00,1.87
2015.06.16 08:29:36.552,0.95489,0.955,1.00,1.00
2015.06.16 08:29:37.061,0.95486,0.95499,1.87,1.00
2015.06.16 08:29:38.236,0.95486,0.95499,1.87,1.00
2015.06.16 08:29:38.739,0.95487,0.955,1.87,1.00
2015.06.16 08:29:39.247,0.95487,0.95499,1.37,1.00
2015.06.16 08:29:40.112,0.95486,0.95496,1.37,1.00
2015.06.16 08:29:40.163,0.95486,0.95496,1.00,1.00
2015.06.16 08:29:40.214,0.95486,0.955,1.50,1.50
2015.06.16 08:29:40.717,0.95487,0.95501,1.12,1.50
2015.06.16 08:29:41.408,0.95488,0.95501,1.00,1.00
2015.06.16 08:29:44.164,0.95488,0.95502,1.00,1.00
2015.06.16 08:29:45.388,0.95489,0.95503,1.00,2.25
2015.06.16 08:29:45.490,0.95492,0.95504,1.00,1.57
2015.06.16 08:29:45.837,0.95497,0.9551,1.50,2.70
2015.06.16 08:29:46.141,0.95499,0.9551,1.00,1.57
2015.06.16 08:29:47.343,0.95499,0.95509,1.00,1.00
2015.06.16 08:29:49.227,0.95498,0.95509,1.00,1.00
2015.06.16 08:29:49.328,0.95496,0.95509,1.00,1.57
2015.06.16 08:29:49.480,0.95499,0.95509,1.00,1.10
2015.06.16 08:29:50.006,0.95499,0.9551,1.50,1.00
2015.06.16 08:29:50.304,0.955,0.95512,1.00,1.10
2015.06.16 08:29:50.615,0.955,0.95509,1.00,1.00
2015.06.16 08:29:50.768,0.95496,0.95509,1.00,1.00
2015.06.16 08:29:50.819,0.95495,0.95507,1.00,1.00
2015.06.16 08:29:51.224,0.95493,0.95505,1.00,1.00
2015.06.16 08:29:51.275,0.95491,0.95505,1.00,1.00
2015.06.16 08:29:51.428,0.9549,0.95501,1.00,1.00
2015.06.16 08:29:51.732,0.95487,0.95499,1.12,1.00
2015.06.16 08:29:51.957,0.95486,0.95499,1.65,1.00
2015.06.16 08:29:52.109,0.95488,0.955,1.00,1.50
2015.06.16 08:29:52.413,0.95485,0.95496,1.50,1.50
2015.06.16 08:29:52.963,0.95484,0.95494,1.50,1.00
2015.06.16 08:29:53.116,0.95485,0.95498,1.00,1.00
2015.06.16 08:29:53.521,0.95484,0.955,1.50,1.00
2015.06.16 08:29:54.098,0.95484,0.95498,1.00,1.00
2015.06.16 08:29:54.372,0.95484,0.955,1.00,1.00
2015.06.16 08:29:54.526,0.95483,0.95498,1.00,1.00
2015.06.16 08:29:55.123,0.95484,0.95498,1.00,1.00
2015.06.16 08:29:55.774,0.95483,0.95498,1.00,1.00
2015.06.16 08:29:55.876,0.95484,0.95501,1.00,1.10
2015.06.16 08:29:56.908,0.95484,0.955,1.00,1.00
2015.06.16 08:29:57.429,0.95484,0.95501,1.00,1.57
2015.06.16 08:29:57.954,0.95484,0.955,1.00,1.00
2015.06.16 08:29:58.164,0.95487,0.955,1.00,1.00
2015.06.16 08:29:58.677,0.95486,0.95499,1.00,1.00
2015.06.16 08:29:59.195,0.95486,0.955,1.00,2.25
2015.06.16 08:29:59.728,0.95487,0.955,1.00,2.25
2015.06.16 08:30:00.108,0.95494,0.95505,1.00,1.00
2015.06.16 08:30:00.415,0.95496,0.95504,1.00,1.00
2015.06.16 08:30:00.567,0.95494,0.95504,1.50,1.00
2015.06.16 08:30:00.771,0.95493,0.95501,1.00,1.00
2015.06.16 08:30:00.822,0.9549,0.95501,1.50,1.00
2015.06.16 08:30:00.974,0.95487,0.95496,1.87,1.00
2015.06.16 08:30:01.177,0.95488,0.95501,1.50,1.50
2015.06.16 08:30:01.380,0.9549,0.95501,1.00,1.00
2015.06.16 08:30:01.483,0.95488,0.95502,1.50,2.25
2015.06.16 08:30:01.958,0.95491,0.95502,1.00,1.50
2015.06.16 08:30:02.214,0.95493,0.95506,1.50,1.50
2015.06.16 08:30:02.729,0.95494,0.95507,1.00,1.00
2015.06.16 08:30:02.831,0.95492,0.95506,1.10,1.00
2015.06.16 08:30:02.882,0.95494,0.95507,1.00,1.50
2015.06.16 08:30:03.384,0.95494,0.95508,1.00,1.00
2015.06.16 08:30:04.715,0.95497,0.95508,1.00,1.00
2015.06.16 08:30:04.869,0.95496,0.9551,1.50,1.50
2015.06.16 08:30:05.073,0.95498,0.95511,1.00,1.00
2015.06.16 08:30:05.378,0.95493,0.95506,1.10,1.00
2015.06.16 08:30:05.762,0.95495,0.95506,1.00,1.00
2015.06.16 08:30:06.705,0.95493,0.95507,2.25,1.00
2015.06.16 08:30:07.242,0.95494,0.95507,1.00,1.00
2015.06.16 08:30:07.886,0.95493,0.95506,1.50,1.00
2015.06.16 08:30:08.187,0.95492,0.95503,1.50,1.00
2015.06.16 08:30:08.491,0.95488,0.955,1.00,1.00
2015.06.16 08:30:08.542,0.95486,0.955,1.50,1.00
2015.06.16 08:30:09.467,0.95486,0.95498,1.50,1.00
2015.06.16 08:30:09.569,0.95484,0.95497,1.57,1.00
2015.06.16 08:30:10.104,0.95486,0.95499,1.00,1.00
2015.06.16 08:30:10.308,0.95488,0.95502,1.00,1.12
2015.06.16 08:30:10.410,0.9549,0.95502,1.00,1.00
2015.06.16 08:30:10.723,0.95493,0.95503,1.00,1.00
2015.06.16 08:30:12.539,0.95493,0.95502,1.00,1.00
2015.06.16 08:30:12.691,0.95491,0.95502,1.00,1.60
2015.06.16 08:30:12.742,0.95489,0.95502,1.00,1.60
2015.06.16 08:30:13.146,0.9549,0.95502,1.37,1.60
2015.06.16 08:30:13.349,0.95487,0.955,1.37,1.00
2015.06.16 08:30:13.856,0.95488,0.95502,1.37,2.85
2015.06.16 08:30:13.908,0.95488,0.95499,1.37,1.00
2015.06.16 08:30:14.260,0.95485,0.95492,1.37,1.00
2015.06.16 08:30:14.465,0.95484,0.95496,1.87,1.50
2015.06.16 08:30:14.517,0.95484,0.95496,2.62,1.00
2015.06.16 08:30:14.568,0.95485,0.95498,2.25,1.00
2015.06.16 08:30:14.619,0.95487,0.955,1.87,1.50
2015.06.16 08:30:14.721,0.95486,0.95499,1.87,1.50
2015.06.16 08:30:14.925,0.95484,0.95498,1.37,1.00
2015.06.16 08:30:15.028,0.95483,0.95495,2.62,1.00
2015.06.16 08:30:15.129,0.95483,0.95494,1.37,1.12
2015.06.16 08:30:15.300,0.9548,0.95493,1.87,1.50
2015.06.16 08:30:15.402,0.95479,0.95491,2.62,1.00
2015.06.16 08:30:15.708,0.95476,0.95489,1.50,1.00
2015.06.16 08:30:17.226,0.95475,0.95488,2.32,1.00
2015.06.16 08:30:18.968,0.95478,0.95488,1.50,1.00
2015.06.16 08:30:19.019,0.95478,0.95491,1.50,1.50
2015.06.16 08:30:19.121,0.95482,0.95492,1.00,1.00
2015.06.16 08:30:19.323,0.9548,0.95494,1.50,1.00
2015.06.16 08:30:19.835,0.9548,0.95493,1.50,1.10
2015.06.16 08:30:20.364,0.95479,0.95492,2.10,1.00
2015.06.16 08:30:20.465,0.9548,0.95492,1.00,1.10
2015.06.16 08:30:20.989,0.95481,0.95493,1.12,1.20
2015.06.16 08:30:21.242,0.95479,0.9549,1.12,1.00
2015.06.16 08:30:21.550,0.95482,0.95492,1.00,1.00
2015.06.16 08:30:21.875,0.95479,0.9549,1.00,1.00
2015.06.16 08:30:22.230,0.95479,0.95492,1.00,1.00
2015.06.16 08:30:22.737,0.95479,0.95491,1.00,1.00
2015.06.16 08:30:23.284,0.95478,0.95491,1.87,1.00
2015.06.16 08:30:23.643,0.9548,0.95492,1.00,1.00
2015.06.16 08:30:24.187,0.9548,0.95491,1.00,1.00
2015.06.16 08:30:25.156,0.95477,0.95489,1.37,1.00
2015.06.16 08:30:25.208,0.95476,0.95489,1.87,1.00
2015.06.16 08:30:25.310,0.95476,0.95487,1.12,1.00
2015.06.16 08:30:25.826,0.95475,0.95487,1.12,1.00
2015.06.16 08:30:26.353,0.95475,0.95486,1.12,1.35
2015.06.16 08:30:26.657,0.95472,0.95483,1.37,1.00
2015.06.16 08:30:26.962,0.95472,0.95485,1.37,1.00
2015.06.16 08:30:27.521,0.95471,0.95484,2.62,1.00
2015.06.16 08:30:28.063,0.95471,0.95483,1.87,1.00
2015.06.16 08:30:28.114,0.95471,0.95483,1.87,1.00
2015.06.16 08:30:28.165,0.95471,0.95485,1.37,1.00
2015.06.16 08:30:28.701,0.95473,0.95485,1.37,1.00
2015.06.16 08:30:29.208,0.95474,0.95486,1.37,1.50
2015.06.16 08:30:29.462,0.95474,0.95488,1.37,1.50
2015.06.16 08:30:29.842,0.95474,0.95487,1.50,1.50
2015.06.16 08:30:29.892,0.95474,0.95485,1.00,1.00
2015.06.16 08:30:30.197,0.95472,0.95485,1.00,1.00
2015.06.16 08:30:30.251,0.95471,0.95482,1.50,1.00
2015.06.16 08:30:30.789,0.95469,0.95482,1.37,1.00
2015.06.16 08:30:31.094,0.95466,0.95479,1.37,1.00
2015.06.16 08:30:31.196,0.95467,0.95481,1.12,1.50
2015.06.16 08:30:31.247,0.95466,0.95478,2.62,1.00
2015.06.16 08:30:31.594,0.95469,0.9548,1.87,1.00
2015.06.16 08:30:31.645,0.95469,0.95482,1.87,1.50
2015.06.16 08:30:32.170,0.95471,0.95482,1.87,1.00
2015.06.16 08:30:32.373,0.95473,0.95482,1.00,1.00
2015.06.16 08:30:32.525,0.95471,0.95485,2.62,2.25
2015.06.16 08:30:32.920,0.95474,0.95484,1.12,1.00
2015.06.16 08:30:33.224,0.95476,0.95488,1.37,1.20
2015.06.16 08:30:33.377,0.95473,0.95486,1.50,1.00
2015.06.16 08:30:33.704,0.95473,0.95486,1.50,1.00
2015.06.16 08:30:33.755,0.95472,0.95484,3.00,1.00
2015.06.16 08:30:34.009,0.95474,0.95487,1.50,1.00
2015.06.16 08:30:34.111,0.95474,0.95488,1.50,1.00
2015.06.16 08:30:34.365,0.95477,0.9549,1.37,1.57
2015.06.16 08:30:34.908,0.95478,0.9549,1.37,1.00
2015.06.16 08:30:35.161,0.95476,0.95488,1.00,1.12
2015.06.16 08:30:35.263,0.95473,0.95483,1.37,1.00
2015.06.16 08:30:35.466,0.95472,0.95483,1.37,1.00
2015.06.16 08:30:35.967,0.95473,0.95485,1.12,1.50
2015.06.16 08:30:36.070,0.95473,0.95484,1.37,1.00
2015.06.16 08:30:36.172,0.95473,0.95486,1.12,1.50
2015.06.16 08:30:36.274,0.95473,0.95486,1.12,1.87
2015.06.16 08:30:36.325,0.95473,0.95486,1.37,1.87
2015.06.16 08:30:36.579,0.95471,0.95483,1.87,1.00
2015.06.16 08:30:37.130,0.95471,0.95483,1.37,1.87
2015.06.16 08:30:37.678,0.9547,0.95482,1.37,1.00
2015.06.16 08:30:38.279,0.95471,0.95483,1.37,1.00
2015.06.16 08:30:40.006,0.95473,0.95484,1.87,1.00
2015.06.16 08:30:40.556,0.95472,0.95485,1.00,1.37
2015.06.16 08:30:40.861,0.95472,0.95486,1.50,2.62
2015.06.16 08:30:41.919,0.95474,0.95485,1.37,1.00
2015.06.16 08:30:42.423,0.95474,0.95486,1.37,1.00
2015.06.16 08:30:42.731,0.95477,0.95489,1.37,1.50
2015.06.16 08:30:43.036,0.95481,0.95485,1.00,1.00
2015.06.16 08:30:43.215,0.95479,0.95489,1.00,1.00
2015.06.16 08:30:43.317,0.95477,0.95485,1.00,1.00
2015.06.16 08:30:43.419,0.95474,0.95485,1.00,1.00
2015.06.16 08:30:43.936,0.95473,0.95485,1.50,1.00
2015.06.16 08:30:44.038,0.95475,0.95485,1.00,1.00
2015.06.16 08:30:44.355,0.95477,0.95485,1.00,1.00
2015.06.16 08:30:44.754,0.95477,0.95487,1.00,1.00
2015.06.16 08:30:45.748,0.95477,0.95486,1.00,1.00
2015.06.16 08:30:45.850,0.95474,0.95486,1.37,1.00
2015.06.16 08:30:46.053,0.95471,0.95484,1.50,1.00
2015.06.16 08:30:46.378,0.9547,0.95482,1.75,1.00
2015.06.16 08:30:46.733,0.95471,0.95484,1.50,1.00
2015.06.16 08:30:46.936,0.95472,0.95485,1.50,1.00
2015.06.16 08:30:47.038,0.95474,0.95486,1.00,1.50
2015.06.16 08:30:47.637,0.95474,0.95485,1.00,1.00
2015.06.16 08:30:48.167,0.95471,0.95485,1.75,1.00
2015.06.16 08:30:48.712,0.95474,0.95486,1.00,1.87
2015.06.16 08:30:48.814,0.95474,0.95484,1.00,1.00
2015.06.16 08:30:49.320,0.9547,0.95484,1.75,1.87
2015.06.16 08:30:49.498,0.95471,0.95483,1.00,1.00
2015.06.16 08:30:49.651,0.95471,0.9548,1.00,1.00
2015.06.16 08:30:49.956,0.95467,0.95478,1.00,1.00
2015.06.16 08:30:50.057,0.95467,0.95476,1.00,1.00
2015.06.16 08:30:51.256,0.95465,0.95479,2.62,1.00
2015.06.16 08:30:51.587,0.95465,0.95479,1.87,1.00
2015.06.16 08:30:52.565,0.95465,0.95478,1.87,1.00
2015.06.16 08:30:53.122,0.95465,0.95476,1.87,1.00
2015.06.16 08:30:53.534,0.95463,0.95477,1.12,1.50
2015.06.16 08:30:54.065,0.95462,0.95476,2.62,2.25
2015.06.16 08:30:55.764,0.95462,0.95472,1.87,1.00
2015.06.16 08:30:55.968,0.95456,0.95467,1.50,2.25
2015.06.16 08:30:56.019,0.95456,0.95464,1.00,1.00
2015.06.16 08:30:56.153,0.95447,0.95457,1.50,1.00
2015.06.16 08:30:56.358,0.95441,0.95455,1.50,1.50
2015.06.16 08:30:56.460,0.95441,0.95452,1.00,1.00
2015.06.16 08:30:56.765,0.95443,0.95454,1.00,1.00
2015.06.16 08:30:57.107,0.95439,0.95447,1.00,1.00
2015.06.16 08:30:57.259,0.95438,0.9545,1.00,1.00
2015.06.16 08:30:57.767,0.95438,0.95449,1.00,1.00
2015.06.16 08:30:58.345,0.95438,0.9545,1.00,2.25
2015.06.16 08:30:58.864,0.95438,0.9545,1.00,1.87
2015.06.16 08:30:59.382,0.95439,0.9545,1.00,1.87
2015.06.16 08:30:59.700,0.95438,0.95452,1.87,3.30
2015.06.16 08:30:59.802,0.95444,0.95452,1.00,1.35
2015.06.16 08:31:00.252,0.95441,0.95452,1.50,1.35
2015.06.16 08:31:00.353,0.95445,0.95452,1.00,1.35
2015.06.16 08:31:00.404,0.95445,0.95454,1.00,1.87
2015.06.16 08:31:00.506,0.95441,0.95454,1.50,1.50
2015.06.16 08:31:00.709,0.95442,0.95452,1.00,1.00
2015.06.16 08:31:00.968,0.95444,0.95455,1.00,1.50
2015.06.16 08:31:01.120,0.95445,0.95458,1.00,1.10
2015.06.16 08:31:01.586,0.95444,0.95453,1.00,1.00
2015.06.16 08:31:01.862,0.95442,0.95453,1.00,1.00
2015.06.16 08:31:02.372,0.95441,0.95453,1.20,1.00
2015.06.16 08:31:02.676,0.95442,0.95455,1.50,1.50
2015.06.16 08:31:03.102,0.95443,0.95457,1.00,1.50
2015.06.16 08:31:03.204,0.95446,0.95458,1.00,1.50
2015.06.16 08:31:03.255,0.95446,0.9546,1.50,1.50
2015.06.16 08:31:03.510,0.95448,0.95462,1.00,1.50
2015.06.16 08:31:03.815,0.95452,0.95466,1.00,1.87
2015.06.16 08:31:04.226,0.95453,0.95463,1.00,1.00
2015.06.16 08:31:04.277,0.9545,0.95463,1.47,1.00
2015.06.16 08:31:04.379,0.95452,0.95466,1.00,1.00
2015.06.16 08:31:04.917,0.95452,0.95463,1.00,1.00
2015.06.16 08:31:05.604,0.9545,0.95462,1.00,1.00
2015.06.16 08:31:05.924,0.95447,0.95458,1.95,1.00
2015.06.16 08:31:06.076,0.95446,0.95459,1.20,1.50
2015.06.16 08:31:06.431,0.95447,0.95461,1.00,1.87
2015.06.16 08:31:06.533,0.9545,0.95461,1.00,1.87
2015.06.16 08:31:06.668,0.95448,0.9546,1.00,1.00
2015.06.16 08:31:07.124,0.95446,0.95458,1.00,1.00
2015.06.16 08:31:07.378,0.95447,0.9546,1.50,1.50
2015.06.16 08:31:08.028,0.95446,0.95459,1.50,1.00
2015.06.16 08:31:08.129,0.95448,0.9546,1.00,1.00
2015.06.16 08:31:08.434,0.95452,0.95464,1.00,1.00
2015.06.16 08:31:09.007,0.95452,0.95466,1.00,1.50
2015.06.16 08:31:09.109,0.95456,0.95467,1.00,1.50
2015.06.16 08:31:09.212,0.95456,0.95469,1.00,1.00
2015.06.16 08:31:09.735,0.95458,0.9547,1.00,1.00
2015.06.16 08:31:10.040,0.9546,0.95472,1.00,1.00
2015.06.16 08:31:10.563,0.9546,0.95474,1.50,1.50
2015.06.16 08:31:10.759,0.9546,0.95472,2.25,1.00
2015.06.16 08:31:10.962,0.95458,0.95471,1.95,1.50
2015.06.16 08:31:11.217,0.9546,0.95471,1.00,1.00
2015.06.16 08:31:11.371,0.95455,0.95469,1.20,1.00
2015.06.16 08:31:11.564,0.95454,0.95468,1.10,1.00
2015.06.16 08:31:11.717,0.95457,0.95467,1.00,1.00
2015.06.16 08:31:11.768,0.95457,0.9547,1.00,1.00
2015.06.16 08:31:12.314,0.95456,0.9547,1.00,1.12
2015.06.16 08:31:12.825,0.95458,0.9547,1.00,1.00
2015.06.16 08:31:13.130,0.95459,0.95472,1.37,1.00
2015.06.16 08:31:13.434,0.95464,0.95475,1.00,1.00
2015.06.16 08:31:14.025,0.95464,0.95477,1.00,1.50
2015.06.16 08:31:14.126,0.95463,0.95473,1.10,1.00
2015.06.16 08:31:14.537,0.95457,0.95471,2.25,1.00
2015.06.16 08:31:14.740,0.95455,0.95469,1.95,1.00
2015.06.16 08:31:15.096,0.95458,0.9547,1.00,1.00
2015.06.16 08:31:15.147,0.95459,0.95472,1.00,1.00
2015.06.16 08:31:15.199,0.95461,0.95472,1.00,1.00
2015.06.16 08:31:15.253,0.95462,0.95475,1.00,1.95
2015.06.16 08:31:15.790,0.95463,0.95475,1.00,1.00
2015.06.16 08:31:15.841,0.95461,0.95475,1.50,1.00
2015.06.16 08:31:16.044,0.95459,0.95473,2.62,1.00
2015.06.16 08:31:16.580,0.95459,0.95473,1.00,1.50
2015.06.16 08:31:16.887,0.95459,0.95471,1.00,1.00
2015.06.16 08:31:17.203,0.95456,0.9547,2.25,1.00
2015.06.16 08:31:17.254,0.95458,0.95471,1.00,1.50
2015.06.16 08:31:17.559,0.95461,0.95471,1.00,1.00
2015.06.16 08:31:17.610,0.95461,0.95473,1.00,1.00
2015.06.16 08:31:17.762,0.95459,0.9547,1.12,1.00
2015.06.16 08:31:17.865,0.95461,0.95475,1.00,1.57
2015.06.16 08:31:17.968,0.95463,0.95475,1.00,1.57
2015.06.16 08:31:18.411,0.95462,0.95473,1.00,1.00
2015.06.16 08:31:18.614,0.95462,0.95475,1.50,2.32
2015.06.16 08:31:19.515,0.95463,0.95474,1.00,1.00
2015.06.16 08:31:20.019,0.95462,0.95475,1.00,1.10
2015.06.16 08:31:20.789,0.95462,0.95474,1.00,1.00
2015.06.16 08:31:21.919,0.9546,0.95474,1.87,1.00
2015.06.16 08:31:22.296,0.95463,0.95475,1.00,1.10
2015.06.16 08:31:23.313,0.95464,0.95475,1.00,1.10
2015.06.16 08:31:24.217,0.95461,0.95475,2.62,1.57
2015.06.16 08:31:24.532,0.95463,0.95475,1.00,1.10
2015.06.16 08:31:24.870,0.95465,0.95477,1.00,1.95
2015.06.16 08:31:24.972,0.95465,0.95477,1.00,1.20
2015.06.16 08:31:25.939,0.95466,0.95477,1.00,1.00
2015.06.16 08:31:26.244,0.95464,0.95476,1.00,1.72
2015.06.16 08:31:26.548,0.95462,0.95476,1.12,1.72
2015.06.16 08:31:27.072,0.95462,0.95476,1.00,1.72
2015.06.16 08:31:27.622,0.95461,0.95475,1.00,1.12
2015.06.16 08:31:27.825,0.95464,0.95476,1.00,1.72
2015.06.16 08:31:28.129,0.95465,0.95475,1.00,2.10
2015.06.16 08:31:28.231,0.95463,0.95473,1.50,1.30
2015.06.16 08:31:28.282,0.95463,0.95472,1.50,2.47
2015.06.16 08:31:28.386,0.95461,0.95474,1.00,1.87
2015.06.16 08:31:28.644,0.95461,0.95475,1.00,1.00
2015.06.16 08:31:29.230,0.9546,0.95473,1.87,1.00
2015.06.16 08:31:29.637,0.95461,0.95474,1.37,1.50
2015.06.16 08:31:30.427,0.95463,0.95474,1.00,1.00
2015.06.16 08:31:30.580,0.95462,0.95476,1.12,1.12
2015.06.16 08:31:30.936,0.95462,0.95473,1.00,1.00
2015.06.16 08:31:31.558,0.95462,0.95475,1.87,1.50
2015.06.16 08:31:31.660,0.95462,0.95475,1.87,1.00
2015.06.16 08:31:31.812,0.95463,0.95477,1.37,1.12
2015.06.16 08:31:32.313,0.95464,0.95476,1.12,1.00
2015.06.16 08:31:32.678,0.95461,0.95473,3.82,1.00
2015.06.16 08:31:33.160,0.95463,0.95475,1.12,1.00
2015.06.16 08:31:33.702,0.95462,0.95474,1.12,1.00
2015.06.16 08:31:34.239,0.95461,0.95474,1.87,1.87
2015.06.16 08:31:36.833,0.9546,0.95474,2.62,1.50
2015.06.16 08:31:37.188,0.95464,0.95474,1.00,1.00
2015.06.16 08:31:37.239,0.95464,0.95476,1.00,1.00
2015.06.16 08:31:37.576,0.95463,0.95474,1.00,1.12
2015.06.16 08:31:37.627,0.9546,0.95474,1.87,1.12
2015.06.16 08:31:38.189,0.9546,0.95474,1.87,1.00
2015.06.16 08:31:39.395,0.9546,0.95474,2.25,1.00
2015.06.16 08:31:39.497,0.9546,0.95472,1.50,1.00
2015.06.16 08:31:40.394,0.95458,0.95472,2.62,1.00
2015.06.16 08:31:40.881,0.95462,0.95473,1.00,1.00
2015.06.16 08:31:41.210,0.9546,0.95473,1.50,1.00
2015.06.16 08:31:41.600,0.95461,0.95475,1.00,3.37
2015.06.16 08:31:41.701,0.95463,0.95475,1.00,1.50
2015.06.16 08:31:42.299,0.95463,0.95477,1.50,3.37
2015.06.16 08:31:42.403,0.95462,0.95475,1.00,1.00
2015.06.16 08:31:42.990,0.9546,0.95474,1.00,1.87
2015.06.16 08:31:43.345,0.95459,0.95473,1.50,1.87
2015.06.16 08:31:43.548,0.95459,0.95473,1.87,2.62
2015.06.16 08:31:44.081,0.9546,0.95474,1.50,1.50
2015.06.16 08:31:44.133,0.9546,0.95474,2.62,1.50
2015.06.16 08:31:48.925,0.95464,0.95474,1.00,1.00
2015.06.16 08:31:49.427,0.95464,0.95475,1.00,1.00
2015.06.16 08:31:49.940,0.95466,0.95476,1.00,1.00
2015.06.16 08:31:50.456,0.95466,0.95478,1.00,1.37
2015.06.16 08:31:50.956,0.95463,0.95476,1.00,1.00
2015.06.16 08:31:53.453,0.95463,0.95477,1.12,1.00
2015.06.16 08:31:54.036,0.95464,0.95477,1.00,1.00
2015.06.16 08:31:55.047,0.95464,0.95476,1.00,1.00
2015.06.16 08:31:56.233,0.95464,0.95477,1.00,1.50
2015.06.16 08:31:56.741,0.95464,0.95476,1.00,1.50
2015.06.16 08:31:58.061,0.95464,0.95477,1.00,1.00
2015.06.16 08:31:58.943,0.95464,0.95476,1.00,1.00
2015.06.16 08:31:59.549,0.95465,0.95477,1.00,1.00
2015.06.16 08:32:00.096,0.95465,0.95479,1.50,2.70
2015.06.16 08:32:00.147,0.95466,0.95477,1.00,1.00
2015.06.16 08:32:00.985,0.95468,0.95479,1.00,1.20
2015.06.16 08:32:01.573,0.95464,0.95478,1.87,1.00
2015.06.16 08:32:02.281,0.95465,0.95479,1.37,1.10
2015.06.16 08:32:02.585,0.9547,0.95482,1.87,1.12
2015.06.16 08:32:03.093,0.95471,0.95482,1.00,1.87
2015.06.16 08:32:03.238,0.95468,0.95482,1.00,4.72
2015.06.16 08:32:03.795,0.95469,0.95481,1.00,1.87
2015.06.16 08:32:03.897,0.95469,0.95481,1.37,1.87
2015.06.16 08:32:04.100,0.95471,0.95482,1.87,1.87
2015.06.16 08:32:04.587,0.95468,0.95482,1.50,3.60
2015.06.16 08:32:04.689,0.95465,0.95476,1.00,1.87
2015.06.16 08:32:05.236,0.95465,0.95477,1.87,1.72
2015.06.16 08:32:06.045,0.95465,0.95477,1.50,2.10
2015.06.16 08:32:06.298,0.95462,0.95473,1.00,1.37
2015.06.16 08:32:07.054,0.9546,0.95473,1.87,1.37
2015.06.16 08:32:07.566,0.95461,0.9547,1.00,1.00
2015.06.16 08:32:07.667,0.95457,0.95471,3.37,1.12
2015.06.16 08:32:07.870,0.95457,0.95469,2.62,1.00
2015.06.16 08:32:08.391,0.95458,0.95471,1.50,1.87
2015.06.16 08:32:08.902,0.95457,0.9547,1.00,1.37
2015.06.16 08:32:09.727,0.95457,0.9547,1.37,1.37
2015.06.16 08:32:10.240,0.95457,0.95471,1.12,1.37
2015.06.16 08:32:11.400,0.95458,0.9547,1.00,1.37
2015.06.16 08:32:12.521,0.95458,0.95471,1.12,1.37
2015.06.16 08:32:13.013,0.95459,0.95472,1.87,1.87
2015.06.16 08:32:13.536,0.9546,0.95472,1.00,1.87
2015.06.16 08:32:14.043,0.9546,0.95471,1.00,1.00
2015.06.16 08:32:14.909,0.9546,0.95471,1.00,1.37
2015.06.16 08:32:17.037,0.9546,0.95474,2.25,2.32
2015.06.16 08:32:17.341,0.9546,0.95472,1.00,1.37
2015.06.16 08:32:18.256,0.95459,0.95472,1.12,1.37
2015.06.16 08:32:19.429,0.95459,0.95472,1.00,1.37
2015.06.16 08:32:20.306,0.95459,0.95469,1.00,1.00
2015.06.16 08:32:20.458,0.95459,0.95471,1.87,1.12
2015.06.16 08:32:22.562,0.95459,0.95472,1.87,1.37
2015.06.16 08:32:22.663,0.95461,0.95472,1.87,1.00
2015.06.16 08:32:22.867,0.95466,0.9548,1.72,1.37
2015.06.16 08:32:23.171,0.95467,0.95481,2.25,1.50
2015.06.16 08:32:23.222,0.95468,0.95479,1.00,1.00
2015.06.16 08:32:23.525,0.95466,0.95477,1.00,1.60
2015.06.16 08:32:24.318,0.95464,0.95475,1.12,1.30
2015.06.16 08:32:24.777,0.95463,0.95475,1.00,1.72
2015.06.16 08:32:25.194,0.95461,0.95473,1.50,1.37
2015.06.16 08:32:25.773,0.95461,0.95472,1.00,1.37
2015.06.16 08:32:26.601,0.95462,0.95472,1.00,1.12
2015.06.16 08:32:27.255,0.95461,0.95474,1.00,1.37
2015.06.16 08:32:27.357,0.95463,0.95475,1.00,2.55
2015.06.16 08:32:27.613,0.95465,0.95475,1.50,1.30
2015.06.16 08:32:27.664,0.95463,0.95475,1.50,1.30
2015.06.16 08:32:29.665,0.95463,0.95476,1.00,2.47
2015.06.16 08:32:30.195,0.95463,0.95472,1.00,1.12
2015.06.16 08:32:33.974,0.95463,0.95471,1.00,1.00
2015.06.16 08:32:34.685,0.95461,0.95467,1.00,1.37
2015.06.16 08:32:34.736,0.95457,0.95466,1.00,1.12
2015.06.16 08:32:34.990,0.95454,0.95467,1.00,1.37
2015.06.16 08:32:35.041,0.95454,0.95464,1.00,1.00
2015.06.16 08:32:35.751,0.95454,0.95463,1.00,1.00
2015.06.16 08:32:36.268,0.95454,0.95464,1.00,1.00
2015.06.16 08:32:36.774,0.95454,0.95466,1.00,1.37
2015.06.16 08:32:37.288,0.95454,0.95466,1.12,1.12
2015.06.16 08:32:37.593,0.9546,0.95472,1.00,1.37
2015.06.16 08:32:37.846,0.95457,0.95468,1.50,1.12
2015.06.16 08:32:37.948,0.95459,0.95469,1.00,1.87
2015.06.16 08:32:38.754,0.95459,0.9547,1.00,1.00
2015.06.16 08:32:39.280,0.95459,0.95471,1.50,1.12
2015.06.16 08:32:39.804,0.9546,0.95471,1.00,1.12
2015.06.16 08:32:40.936,0.95461,0.95471,1.00,1.00
2015.06.16 08:32:41.587,0.95461,0.95472,1.00,1.12
2015.06.16 08:32:42.690,0.95461,0.95471,1.00,1.00
2015.06.16 08:32:43.032,0.95457,0.95471,2.62,1.37
2015.06.16 08:32:43.236,0.95456,0.95468,1.65,1.00
2015.06.16 08:32:43.287,0.95456,0.95466,1.57,1.00
2015.06.16 08:32:43.626,0.95456,0.95464,1.00,1.00
2015.06.16 08:32:43.677,0.95456,0.95466,1.00,1.00
2015.06.16 08:32:43.981,0.95456,0.95464,1.00,1.00
2015.06.16 08:32:44.522,0.95456,0.95464,1.00,1.37
2015.06.16 08:32:45.151,0.95456,0.95464,1.00,1.00
2015.06.16 08:32:46.055,0.95456,0.95464,1.00,1.37
2015.06.16 08:32:46.156,0.95452,0.95464,1.50,1.37
2015.06.16 08:32:46.460,0.95451,0.95464,1.00,1.37
2015.06.16 08:32:46.633,0.95451,0.95462,1.00,1.12
2015.06.16 08:32:47.144,0.95449,0.95462,1.37,1.37
2015.06.16 08:32:49.883,0.95449,0.95463,1.37,3.22
2015.06.16 08:32:50.091,0.95448,0.95461,1.00,2.47
2015.06.16 08:32:50.623,0.95447,0.95459,1.50,1.12
2015.06.16 08:32:51.145,0.95447,0.95459,1.50,1.37
2015.06.16 08:32:51.571,0.95447,0.95456,1.00,1.00
2015.06.16 08:32:51.673,0.95445,0.95458,1.00,1.72
2015.06.16 08:32:51.977,0.95446,0.95458,1.00,1.72
2015.06.16 08:32:52.526,0.95448,0.95458,1.00,1.30
2015.06.16 08:32:53.483,0.95448,0.9546,1.00,3.22
2015.06.16 08:32:53.686,0.95446,0.95457,1.00,1.12
2015.06.16 08:32:53.787,0.95444,0.95456,1.50,1.12
2015.06.16 08:32:53.990,0.95445,0.95458,1.50,1.95
2015.06.16 08:32:54.295,0.95445,0.95458,2.25,1.95
2015.06.16 08:32:54.830,0.95445,0.95456,1.00,1.87
2015.06.16 08:32:55.375,0.95445,0.95456,1.00,1.12
2015.06.16 08:32:55.711,0.95446,0.9546,1.50,3.37
2015.06.16 08:32:56.236,0.95446,0.9546,1.87,1.57
2015.06.16 08:32:57.802,0.95447,0.9546,1.87,1.07
2015.06.16 08:32:58.323,0.95449,0.95461,1.12,1.57
2015.06.16 08:33:00.492,0.95449,0.95459,1.00,1.00
2015.06.16 08:33:01.219,0.95449,0.95458,1.12,1.00
2015.06.16 08:33:01.736,0.95448,0.95459,1.12,1.87
2015.06.16 08:33:02.243,0.95448,0.95459,1.37,1.37
2015.06.16 08:33:02.446,0.95448,0.95462,2.25,1.47
2015.06.16 08:33:02.650,0.95448,0.95455,1.37,1.00
2015.06.16 08:33:03.168,0.95448,0.95457,1.37,1.00
2015.06.16 08:33:03.370,0.95449,0.95459,1.87,1.12
2015.06.16 08:33:04.812,0.95449,0.9546,1.87,1.50
2015.06.16 08:33:05.397,0.95449,0.95463,3.37,2.32
2015.06.16 08:33:05.934,0.9545,0.95464,2.25,2.70
2015.06.16 08:33:06.440,0.95452,0.95463,1.00,1.95
2015.06.16 08:33:06.947,0.95452,0.95459,1.00,1.37
2015.06.16 08:33:07.286,0.95447,0.95456,1.37,1.87
2015.06.16 08:33:07.388,0.95449,0.95459,1.37,1.87
2015.06.16 08:33:07.592,0.95451,0.95459,1.37,1.12
2015.06.16 08:33:07.873,0.9545,0.95456,3.00,1.12
2015.06.16 08:33:07.976,0.9545,0.95455,1.00,1.00
2015.06.16 08:33:08.332,0.95452,0.95456,1.00,1.00
2015.06.16 08:33:08.610,0.9545,0.95458,1.37,1.00
2015.06.16 08:33:08.916,0.95455,0.9546,1.00,1.00
2015.06.16 08:33:09.070,0.95453,0.95461,1.00,1.50
2015.06.16 08:33:09.317,0.95453,0.95459,1.00,1.00
2015.06.16 08:33:09.368,0.95451,0.95459,1.12,1.00
2015.06.16 08:33:09.776,0.95451,0.95457,1.12,1.00
2015.06.16 08:33:10.311,0.95452,0.95458,1.00,1.00
2015.06.16 08:33:11.005,0.95449,0.95458,1.37,1.00
2015.06.16 08:33:11.265,0.95449,0.95458,1.00,1.95
2015.06.16 08:33:11.367,0.95446,0.95453,1.00,1.00
2015.06.16 08:33:11.418,0.95446,0.95451,1.00,1.00
2015.06.16 08:33:11.519,0.95446,0.95453,1.00,1.00
2015.06.16 08:33:11.672,0.95448,0.95454,1.00,1.00
2015.06.16 08:33:11.723,0.95448,0.95456,1.00,1.00
2015.06.16 08:33:11.902,0.9545,0.95458,1.00,1.00
2015.06.16 08:33:12.105,0.9545,0.95461,1.10,1.00
2015.06.16 08:33:12.308,0.95448,0.95459,1.87,1.00
2015.06.16 08:33:12.656,0.9545,0.95459,1.37,1.00
2015.06.16 08:33:13.164,0.95451,0.95458,1.37,1.00
2015.06.16 08:33:13.406,0.95448,0.9546,1.00,1.00
2015.06.16 08:33:13.458,0.95452,0.9546,1.00,1.00
2015.06.16 08:33:13.763,0.95448,0.9546,1.00,1.00
2015.06.16 08:33:14.299,0.95449,0.95459,1.00,1.00
2015.06.16 08:33:14.608,0.95449,0.95457,1.00,1.00
2015.06.16 08:33:14.659,0.95447,0.95457,1.00,1.00
2015.06.16 08:33:14.812,0.95447,0.95455,1.00,1.00
2015.06.16 08:33:14.924,0.95447,0.95457,1.00,1.00
2015.06.16 08:33:15.659,0.95446,0.95457,1.00,1.00
2015.06.16 08:33:15.833,0.95446,0.95457,1.37,1.00
2015.06.16 08:33:16.229,0.95446,0.95454,1.37,1.00
2015.06.16 08:33:16.535,0.95448,0.95458,1.37,1.00
2015.06.16 08:33:16.637,0.95448,0.95458,1.00,1.00
2015.06.16 08:33:16.841,0.95446,0.9546,1.37,3.22
2015.06.16 08:33:17.179,0.95443,0.95454,1.00,1.00
2015.06.16 08:33:17.333,0.95441,0.95453,1.50,1.50
2015.06.16 08:33:17.435,0.95442,0.95453,1.00,1.87
2015.06.16 08:33:17.538,0.95439,0.95452,1.00,1.00
2015.06.16 08:33:17.844,0.95441,0.95454,1.00,1.87
2015.06.16 08:33:18.024,0.95438,0.95451,1.12,1.12
2015.06.16 08:33:19.267,0.95439,0.95451,1.00,1.00
2015.06.16 08:33:19.816,0.95439,0.95451,1.87,1.00
2015.06.16 08:33:20.233,0.95439,0.95453,2.62,1.50
2015.06.16 08:33:20.334,0.95439,0.95451,1.87,1.00
2015.06.16 08:33:20.958,0.95441,0.95451,1.00,1.00
2015.06.16 08:33:21.010,0.95441,0.95453,1.00,1.50
2015.06.16 08:33:21.155,0.95444,0.95453,1.37,1.00
2015.06.16 08:33:21.206,0.95444,0.95455,1.37,1.50
2015.06.16 08:33:21.561,0.95443,0.95455,1.87,1.00
2015.06.16 08:33:22.133,0.95443,0.95455,1.50,1.37
2015.06.16 08:33:22.659,0.95443,0.95457,1.50,1.12
2015.06.16 08:33:22.929,0.95444,0.95455,1.00,1.00
2015.06.16 08:33:23.763,0.95444,0.95455,1.87,1.00
2015.06.16 08:33:24.127,0.95452,0.95465,1.37,1.12
2015.06.16 08:33:24.178,0.95452,0.95465,1.50,1.37
2015.06.16 08:33:24.685,0.95452,0.95463,1.00,1.37
2015.06.16 08:33:24.786,0.9545,0.95464,1.12,1.37
2015.06.16 08:33:25.176,0.95449,0.95463,1.37,1.00
2015.06.16 08:33:25.481,0.95458,0.95471,3.00,1.50
2015.06.16 08:33:25.533,0.95461,0.95471,1.00,1.00
2015.06.16 08:33:25.585,0.95461,0.95475,1.00,1.57
2015.06.16 08:33:25.959,0.95459,0.95472,1.50,1.50
2015.06.16 08:33:26.263,0.95457,0.9547,1.00,1.50
2015.06.16 08:33:26.567,0.95459,0.95468,1.00,1.00
2015.06.16 08:33:26.891,0.95456,0.95468,1.00,1.37
2015.06.16 08:33:27.045,0.95455,0.95465,1.00,1.00
2015.06.16 08:33:27.096,0.95453,0.95465,1.00,1.87
2015.06.16 08:33:27.147,0.95453,0.95463,1.00,1.00
2015.06.16 08:33:27.300,0.95453,0.95465,1.00,1.00
2015.06.16 08:33:27.351,0.95452,0.95462,1.12,1.00
2015.06.16 08:33:27.402,0.95448,0.95462,2.70,1.00
2015.06.16 08:33:27.454,0.95447,0.9546,3.00,1.00
2015.06.16 08:33:27.556,0.95449,0.95462,1.50,1.50
2015.06.16 08:33:27.744,0.95447,0.95459,1.65,1.00
2015.06.16 08:33:28.253,0.95446,0.95458,1.10,1.50
2015.06.16 08:33:28.559,0.95446,0.9546,1.00,1.00
2015.06.16 08:33:29.093,0.95445,0.95459,3.75,1.00
2015.06.16 08:33:29.550,0.95447,0.95461,1.00,1.87
2015.06.16 08:33:30.100,0.95448,0.95462,1.87,1.87
2015.06.16 08:33:30.684,0.95449,0.95461,1.00,1.00
2015.06.16 08:33:31.482,0.95448,0.9546,1.12,1.00
2015.06.16 08:33:31.846,0.95446,0.95457,1.87,1.00
2015.06.16 08:33:31.948,0.95446,0.95459,1.12,1.50
2015.06.16 08:33:32.453,0.95445,0.95459,3.00,1.00
2015.06.16 08:33:32.707,0.95445,0.95458,1.50,1.00
2015.06.16 08:33:33.257,0.95445,0.95458,1.12,1.37
2015.06.16 08:33:33.409,0.95443,0.95456,1.00,1.00
2015.06.16 08:33:33.952,0.95442,0.95456,1.12,1.00
2015.06.16 08:33:34.155,0.9544,0.95453,4.12,1.00
2015.06.16 08:33:34.913,0.9544,0.95454,1.87,1.87
2015.06.16 08:33:35.340,0.95439,0.95453,1.87,1.00
2015.06.16 08:33:35.392,0.95439,0.95452,1.00,1.37
2015.06.16 08:33:35.696,0.95439,0.95449,1.00,1.00
2015.06.16 08:33:35.848,0.95437,0.95449,1.00,1.00
2015.06.16 08:33:35.951,0.95437,0.95447,1.00,1.00
2015.06.16 08:33:36.491,0.95437,0.95451,1.50,1.37
2015.06.16 08:33:37.912,0.95437,0.9545,1.87,1.12
2015.06.16 08:33:38.514,0.95437,0.9545,1.50,1.37
2015.06.16 08:33:38.710,0.95434,0.95446,1.57,1.12
2015.06.16 08:33:39.218,0.95433,0.95445,1.37,1.00
2015.06.16 08:33:39.320,0.95438,0.95448,1.00,1.00
2015.06.16 08:33:39.600,0.95438,0.9545,1.00,1.00
2015.06.16 08:33:40.135,0.95438,0.95451,1.00,1.50
2015.06.16 08:33:40.611,0.95436,0.9545,1.00,1.00
2015.06.16 08:33:40.879,0.95438,0.9545,1.00,1.00
2015.06.16 08:33:42.305,0.95436,0.9545,1.50,1.50
2015.06.16 08:33:42.457,0.95436,0.9545,1.87,1.87
2015.06.16 08:33:42.966,0.95436,0.9545,2.62,1.87
2015.06.16 08:33:43.508,0.95438,0.95452,1.87,3.22
2015.06.16 08:33:44.298,0.95437,0.9545,1.37,1.00
2015.06.16 08:33:44.656,0.95439,0.95453,1.37,1.37
2015.06.16 08:33:44.776,0.9544,0.95454,1.87,1.10
2015.06.16 08:33:44.827,0.95446,0.95456,1.50,2.25
2015.06.16 08:33:44.929,0.95444,0.95456,1.00,1.50
2015.06.16 08:33:45.032,0.95445,0.95457,1.37,1.50
2015.06.16 08:33:45.338,0.95449,0.95457,1.00,1.87
2015.06.16 08:33:45.390,0.95447,0.95455,1.00,1.12
2015.06.16 08:33:45.442,0.95442,0.95455,1.10,1.37
2015.06.16 08:33:45.493,0.95441,0.95452,1.00,1.00
2015.06.16 08:33:45.823,0.95439,0.95452,1.37,1.50
2015.06.16 08:33:45.925,0.95439,0.95452,1.37,1.50
2015.06.16 08:33:46.026,0.95438,0.9545,2.25,1.00
2015.06.16 08:33:46.332,0.95439,0.95451,1.37,1.00
2015.06.16 08:33:47.849,0.9544,0.95451,1.37,1.00
2015.06.16 08:33:47.901,0.9544,0.95454,2.62,1.12
2015.06.16 08:33:48.104,0.9544,0.95452,1.87,1.00
2015.06.16 08:33:48.510,0.95441,0.95455,1.87,2.62
2015.06.16 08:33:49.011,0.95443,0.95455,1.00,1.87
2015.06.16 08:33:51.164,0.95443,0.95455,1.50,1.00
2015.06.16 08:33:51.215,0.95446,0.95455,1.00,1.00
2015.06.16 08:33:51.420,0.95448,0.95459,1.87,1.12
2015.06.16 08:33:51.472,0.95448,0.95461,1.87,1.12
2015.06.16 08:33:51.524,0.95451,0.95461,1.00,1.12
2015.06.16 08:33:51.575,0.95451,0.95463,1.00,3.37
2015.06.16 08:33:51.778,0.95452,0.95466,1.00,1.20
2015.06.16 08:33:52.032,0.95453,0.95467,1.00,2.25
2015.06.16 08:33:52.133,0.95453,0.95465,1.00,1.00
2015.06.16 08:33:52.352,0.95449,0.95462,1.00,1.00
2015.06.16 08:33:52.605,0.95448,0.9546,1.00,1.00
2015.06.16 08:33:53.115,0.95447,0.95459,1.00,1.00
2015.06.16 08:33:54.053,0.95447,0.95459,1.12,1.37
2015.06.16 08:33:54.359,0.95443,0.95453,1.00,1.00
2015.06.16 08:33:54.759,0.95438,0.95452,2.25,1.50
2015.06.16 08:33:54.811,0.95439,0.9545,1.00,1.00
2015.06.16 08:33:55.014,0.95439,0.95452,1.50,2.17
2015.06.16 08:33:55.318,0.95442,0.95454,1.00,2.32
2015.06.16 08:33:55.750,0.9544,0.95453,1.00,1.00
2015.06.16 08:33:56.004,0.95439,0.95451,1.50,1.00
2015.06.16 08:33:56.513,0.9544,0.95453,1.00,1.37
2015.06.16 08:33:56.668,0.9544,0.95454,1.50,1.95
2015.06.16 08:33:57.214,0.95442,0.95454,1.00,1.00
2015.06.16 08:33:57.417,0.95442,0.95456,1.12,1.50
2015.06.16 08:33:57.746,0.95444,0.95456,1.00,1.50
2015.06.16 08:33:57.951,0.95441,0.95454,1.00,1.00
2015.06.16 08:33:58.459,0.95441,0.95452,1.12,1.00
2015.06.16 08:33:58.844,0.95437,0.95451,3.82,1.00
2015.06.16 08:33:59.314,0.9544,0.95451,1.37,1.00
2015.06.16 08:33:59.415,0.9544,0.95453,1.37,2.25
2015.06.16 08:33:59.567,0.95441,0.95455,1.50,2.25
2015.06.16 08:33:59.722,0.95445,0.95456,1.00,1.12
2015.06.16 08:33:59.824,0.95445,0.95459,1.00,1.50
2015.06.16 08:34:00.129,0.95447,0.95459,1.00,2.25
2015.06.16 08:34:00.233,0.95445,0.95458,1.00,1.00
2015.06.16 08:34:00.386,0.95445,0.95457,1.00,1.37
2015.06.16 08:34:00.690,0.9544,0.95451,1.37,1.00
2015.06.16 08:34:00.864,0.95441,0.95453,1.37,1.00
2015.06.16 08:34:00.966,0.95444,0.95457,1.87,1.00
2015.06.16 08:34:01.220,0.95444,0.95455,1.87,1.00
2015.06.16 08:34:01.626,0.95441,0.95453,2.25,1.00
2015.06.16 08:34:02.001,0.95441,0.95452,1.37,1.87
2015.06.16 08:34:02.154,0.95435,0.95447,1.12,1.50
2015.06.16 08:34:02.409,0.95437,0.9545,1.37,1.10
2015.06.16 08:34:02.939,0.9544,0.9545,1.00,1.00
2015.06.16 08:34:02.990,0.95438,0.9545,2.62,1.00
2015.06.16 08:34:03.498,0.95439,0.9545,1.00,1.00
2015.06.16 08:34:03.549,0.95439,0.95453,1.50,3.37
2015.06.16 08:34:03.702,0.95438,0.9545,1.87,1.00
2015.06.16 08:34:03.975,0.95437,0.9545,1.00,1.50
2015.06.16 08:34:04.026,0.95436,0.95448,1.87,1.00
2015.06.16 08:34:04.534,0.95436,0.95449,1.00,1.50
2015.06.16 08:34:05.145,0.95437,0.95449,1.00,1.00
2015.06.16 08:34:05.652,0.95436,0.95449,1.00,1.00
2015.06.16 08:34:06.166,0.95436,0.95449,1.37,1.00
2015.06.16 08:34:08.341,0.95437,0.9545,1.12,2.25
2015.06.16 08:34:09.646,0.95439,0.9545,1.00,1.00
2015.06.16 08:34:10.319,0.95438,0.95451,1.00,1.00
2015.06.16 08:34:10.624,0.95435,0.95447,1.37,1.00
2015.06.16 08:34:11.131,0.95437,0.95448,1.12,1.50
2015.06.16 08:34:11.641,0.95438,0.95448,1.00,1.00
2015.06.16 08:34:12.180,0.95438,0.95449,1.50,1.00
2015.06.16 08:34:12.484,0.95437,0.95451,1.50,1.50
2015.06.16 08:34:12.605,0.95437,0.95449,1.87,2.25
2015.06.16 08:34:12.910,0.95441,0.95452,1.00,1.12
2015.06.16 08:34:12.961,0.9544,0.9545,1.50,1.00
2015.06.16 08:34:13.164,0.95438,0.95449,1.50,1.00
2015.06.16 08:34:13.932,0.95436,0.9545,1.87,3.37
2015.06.16 08:34:14.438,0.95437,0.95448,1.00,1.00
2015.06.16 08:34:14.972,0.95437,0.95447,1.00,1.50
2015.06.16 08:34:15.488,0.95436,0.95447,1.00,1.87
2015.06.16 08:34:16.026,0.95436,0.95448,1.00,1.00
2015.06.16 08:34:16.540,0.95436,0.95449,1.00,1.87
2015.06.16 08:34:16.692,0.95438,0.95449,1.00,1.50
2015.06.16 08:34:16.996,0.95436,0.95448,1.00,1.00
2015.06.16 08:34:17.166,0.95435,0.95446,2.25,1.00
2015.06.16 08:34:18.374,0.95435,0.95448,1.50,1.87
2015.06.16 08:34:20.151,0.95435,0.95447,1.87,1.00
2015.06.16 08:34:20.505,0.95438,0.95448,1.00,1.00
2015.06.16 08:34:21.042,0.95438,0.95449,1.00,1.00
2015.06.16 08:34:21.696,0.95437,0.95449,1.12,1.00
2015.06.16 08:34:22.051,0.95438,0.95451,1.00,1.50
2015.06.16 08:34:22.595,0.95439,0.95451,1.00,1.00
2015.06.16 08:34:23.386,0.95441,0.95452,1.50,1.30
2015.06.16 08:34:24.251,0.95441,0.95453,1.00,1.12
2015.06.16 08:34:24.907,0.9544,0.95453,1.00,1.87
2015.06.16 08:34:25.212,0.95437,0.95449,1.00,1.35
2015.06.16 08:34:25.517,0.9544,0.95449,1.12,1.50
2015.06.16 08:34:25.719,0.95438,0.95448,1.00,1.00
2015.06.16 08:34:25.872,0.95436,0.95448,1.50,1.00
2015.06.16 08:34:27.091,0.95436,0.95449,1.50,1.50
2015.06.16 08:34:27.465,0.95436,0.95449,1.50,1.87
2015.06.16 08:34:27.792,0.95438,0.95451,1.00,1.12
2015.06.16 08:34:28.097,0.9544,0.9545,1.00,1.00
2015.06.16 08:34:29.098,0.9544,0.95452,1.00,1.37
2015.06.16 08:34:29.402,0.95441,0.95455,1.87,1.37
2015.06.16 08:34:29.722,0.95446,0.95455,1.00,1.12
2015.06.16 08:34:30.228,0.95445,0.95455,1.00,1.12
2015.06.16 08:34:30.531,0.95442,0.95452,1.00,1.12
2015.06.16 08:34:30.913,0.95445,0.95454,1.00,1.87
2015.06.16 08:34:31.116,0.95446,0.95456,1.00,2.62
2015.06.16 08:34:31.422,0.95443,0.95457,3.00,1.87
2015.06.16 08:34:31.938,0.95443,0.95455,1.87,1.37
2015.06.16 08:34:32.445,0.95443,0.95455,1.87,1.00
2015.06.16 08:34:35.896,0.95442,0.95455,1.12,1.00
2015.06.16 08:34:36.496,0.95442,0.95454,1.12,1.50
2015.06.16 08:34:38.833,0.95442,0.95455,1.12,1.00
2015.06.16 08:34:39.358,0.95442,0.95455,1.37,1.00
2015.06.16 08:34:40.550,0.95443,0.95456,1.12,1.10
2015.06.16 08:34:42.393,0.95443,0.95456,1.87,1.00
2015.06.16 08:34:42.648,0.95449,0.95461,1.50,1.00
2015.06.16 08:34:43.174,0.9545,0.9546,1.00,1.00
2015.06.16 08:34:43.327,0.95448,0.95459,1.12,1.00
2015.06.16 08:34:43.920,0.95448,0.95459,1.37,1.00
2015.06.16 08:34:44.123,0.95447,0.95458,1.12,1.00
2015.06.16 08:34:44.530,0.95447,0.9546,1.50,1.12
2015.06.16 08:34:44.581,0.9545,0.9546,1.00,1.12
2015.06.16 08:34:45.059,0.9545,0.95458,1.00,1.00
2015.06.16 08:34:46.552,0.9545,0.95459,1.00,1.00
2015.06.16 08:34:46.755,0.9545,0.95461,1.12,1.50
2015.06.16 08:34:47.287,0.95451,0.95461,1.50,1.00
2015.06.16 08:34:47.819,0.9545,0.9546,2.62,1.00
2015.06.16 08:34:48.342,0.9545,0.95461,2.62,1.00
2015.06.16 08:34:48.554,0.95452,0.95463,1.87,1.00
2015.06.16 08:34:48.860,0.95453,0.95463,1.87,1.00
2015.06.16 08:34:49.221,0.95455,0.95465,1.00,1.00
2015.06.16 08:34:49.748,0.95454,0.95464,1.00,1.12
2015.06.16 08:34:50.002,0.95451,0.95463,2.62,1.12
2015.06.16 08:34:54.657,0.9545,0.95464,1.50,1.87
2015.06.16 08:34:56.703,0.9545,0.95464,1.12,1.87
2015.06.16 08:34:56.805,0.9545,0.95461,1.12,1.00
2015.06.16 08:34:57.347,0.95451,0.95461,1.00,1.00
2015.06.16 08:34:57.499,0.95451,0.95464,3.00,1.50
2015.06.16 08:34:57.550,0.95455,0.95464,1.00,1.00
2015.06.16 08:34:57.601,0.95455,0.95466,1.00,2.10
2015.06.16 08:34:57.856,0.95457,0.95466,1.00,1.35
2015.06.16 08:34:58.083,0.95453,0.95464,1.87,1.00
2015.06.16 08:34:58.337,0.95454,0.95462,1.00,1.00
2015.06.16 08:34:58.439,0.95454,0.95464,1.00,1.00
2015.06.16 08:34:58.846,0.95456,0.95464,1.00,1.00
2015.06.16 08:34:59.446,0.95455,0.95464,1.00,1.00
2015.06.16 08:34:59.750,0.95454,0.95462,1.00,1.00
2015.06.16 08:35:00.244,0.95451,0.95463,1.12,1.50
2015.06.16 08:35:01.268,0.95451,0.95462,1.87,1.00
2015.06.16 08:35:02.105,0.95451,0.95461,1.87,1.00
2015.06.16 08:35:02.612,0.95448,0.9546,3.00,1.00
2015.06.16 08:35:03.533,0.95448,0.9546,2.25,1.00
2015.06.16 08:35:04.422,0.95448,0.95459,2.25,1.00
2015.06.16 08:35:04.625,0.95448,0.95457,1.37,1.00
2015.06.16 08:35:05.131,0.95447,0.95458,1.87,1.00
2015.06.16 08:35:05.444,0.95448,0.95458,1.87,1.00
2015.06.16 08:35:05.496,0.95448,0.95461,2.62,2.62
2015.06.16 08:35:06.003,0.95448,0.9546,2.62,1.00
2015.06.16 08:35:06.516,0.95448,0.95461,2.62,1.87
2015.06.16 08:35:07.950,0.95451,0.95462,1.12,1.00
2015.06.16 08:35:08.052,0.95451,0.9546,1.12,1.00
2015.06.16 08:35:09.773,0.95452,0.9546,1.00,1.00
2015.06.16 08:35:10.275,0.95452,0.95461,1.00,1.00
2015.06.16 08:35:10.789,0.95449,0.95461,1.87,1.00
2015.06.16 08:35:11.661,0.9545,0.95462,1.12,1.12
2015.06.16 08:35:12.381,0.95452,0.95462,1.00,1.12
2015.06.16 08:35:13.013,0.95449,0.95458,1.37,1.00
2015.06.16 08:35:13.115,0.95449,0.95458,1.12,1.00
2015.06.16 08:35:13.621,0.95449,0.95455,1.12,1.00
2015.06.16 08:35:14.644,0.95447,0.95455,1.00,1.00
2015.06.16 08:35:15.147,0.95443,0.95454,1.12,1.00
2015.06.16 08:35:15.677,0.95439,0.95453,2.25,1.00
2015.06.16 08:35:17.848,0.95442,0.95454,1.00,1.50
2015.06.16 08:35:18.361,0.95442,0.95454,1.12,1.37
2015.06.16 08:35:19.113,0.95442,0.95454,1.12,1.12
2015.06.16 08:35:19.647,0.95442,0.95453,1.12,1.00
2015.06.16 08:35:22.177,0.95439,0.95453,1.37,1.87
2015.06.16 08:35:23.018,0.95441,0.95455,1.37,2.62
2015.06.16 08:35:23.271,0.95445,0.95457,1.00,2.62
2015.06.16 08:35:23.575,0.95447,0.95457,1.50,1.12
2015.06.16 08:35:25.129,0.95448,0.95459,1.00,1.37
2015.06.16 08:35:25.677,0.95448,0.95459,1.00,1.37
2015.06.16 08:35:26.070,0.9545,0.95461,1.00,1.87
2015.06.16 08:35:26.584,0.95449,0.95461,1.00,1.37
2015.06.16 08:35:27.177,0.95446,0.95458,1.00,1.37
2015.06.16 08:35:27.517,0.95446,0.95457,1.00,1.37
2015.06.16 08:35:29.270,0.95446,0.95457,1.00,1.37
2015.06.16 08:35:31.373,0.95446,0.95457,1.00,1.37
2015.06.16 08:35:31.678,0.95438,0.95451,2.62,1.87
2015.06.16 08:35:32.046,0.95436,0.9545,1.50,2.77
2015.06.16 08:35:32.147,0.95436,0.95447,1.50,1.12
2015.06.16 08:35:32.654,0.95436,0.95447,1.00,1.87
2015.06.16 08:35:33.160,0.95436,0.95445,1.00,1.00
2015.06.16 08:35:34.220,0.95436,0.95447,1.00,1.87
2015.06.16 08:35:34.372,0.95438,0.95447,1.00,1.00
2015.06.16 08:35:34.473,0.95438,0.95449,1.37,1.00
2015.06.16 08:35:34.992,0.95438,0.9545,1.37,1.00
2015.06.16 08:35:35.238,0.95438,0.95452,1.37,1.12
2015.06.16 08:35:36.715,0.95438,0.95452,1.00,2.47
2015.06.16 08:35:37.026,0.95436,0.95445,1.00,1.00
2015.06.16 08:35:39.173,0.95435,0.95445,1.87,1.00
2015.06.16 08:35:39.478,0.9543,0.95441,2.32,1.00
2015.06.16 08:35:39.576,0.9543,0.9544,1.57,1.00
2015.06.16 08:35:39.627,0.95426,0.9544,1.00,3.00
2015.06.16 08:35:39.678,0.95425,0.95438,2.25,2.25
2015.06.16 08:35:39.984,0.95425,0.95432,1.00,1.50
2015.06.16 08:35:40.086,0.95426,0.95438,1.50,1.50
2015.06.16 08:35:40.188,0.95426,0.95438,1.50,1.10
2015.06.16 08:35:40.716,0.95427,0.95439,1.00,1.00
2015.06.16 08:35:40.818,0.95425,0.95438,1.12,2.25
2015.06.16 08:35:41.274,0.95426,0.95439,2.62,2.25
2015.06.16 08:35:41.793,0.95426,0.95439,3.00,2.25
2015.06.16 08:35:42.098,0.95429,0.95439,1.00,1.00
2015.06.16 08:35:42.200,0.95427,0.95438,1.00,1.00
2015.06.16 08:35:42.711,0.95426,0.95439,3.00,1.00
2015.06.16 08:35:43.251,0.95427,0.95439,1.00,1.50
2015.06.16 08:35:44.310,0.95427,0.95435,1.00,1.00
2015.06.16 08:35:44.564,0.95426,0.95437,1.37,1.00
2015.06.16 08:35:45.096,0.95426,0.95437,1.37,1.37
2015.06.16 08:35:45.475,0.95424,0.95436,1.12,1.50
2015.06.16 08:35:45.577,0.95422,0.95436,3.45,1.00
2015.06.16 08:35:45.898,0.95421,0.95434,4.20,1.00
2015.06.16 08:35:46.406,0.95424,0.95435,1.37,1.00
2015.06.16 08:35:46.933,0.95424,0.95435,1.37,1.00
2015.06.16 08:35:47.475,0.95422,0.95434,2.62,1.87
2015.06.16 08:35:48.047,0.95422,0.95433,2.62,1.00
2015.06.16 08:35:49.579,0.95424,0.95435,1.50,1.37
2015.06.16 08:35:51.086,0.95424,0.95437,1.50,1.87
2015.06.16 08:35:51.627,0.95423,0.95436,2.25,1.50
2015.06.16 08:35:51.729,0.95423,0.95435,1.12,1.00
2015.06.16 08:35:51.881,0.9542,0.95434,1.50,1.87
2015.06.16 08:35:52.185,0.9542,0.95433,1.50,1.37
2015.06.16 08:35:52.690,0.9542,0.95431,2.25,1.00
2015.06.16 08:35:54.662,0.9542,0.95428,1.00,1.00
2015.06.16 08:35:54.915,0.95418,0.9543,1.50,1.87
2015.06.16 08:35:54.966,0.95421,0.9543,1.00,1.12
2015.06.16 08:35:55.237,0.95424,0.95435,1.30,1.00
2015.06.16 08:35:55.288,0.95424,0.95437,1.30,2.25
2015.06.16 08:35:55.390,0.95428,0.95438,1.50,1.00
2015.06.16 08:35:55.643,0.95429,0.9544,1.00,1.00
2015.06.16 08:35:55.745,0.95427,0.9544,1.50,1.00
2015.06.16 08:35:56.357,0.9543,0.95441,1.00,1.00
2015.06.16 08:35:56.908,0.9543,0.95442,1.00,1.12
2015.06.16 08:35:57.656,0.9543,0.95443,1.00,1.12
2015.06.16 08:35:58.164,0.95431,0.95445,1.12,1.37
2015.06.16 08:35:58.474,0.95434,0.95445,1.00,1.12
2015.06.16 08:35:59.348,0.95434,0.95445,1.37,1.00
2015.06.16 08:35:59.675,0.95435,0.95447,1.37,1.87
2015.06.16 08:35:59.904,0.95435,0.95449,1.75,1.12
2015.06.16 08:36:00.390,0.95434,0.95447,2.25,1.00
2015.06.16 08:36:00.643,0.95435,0.95446,1.00,1.37
2015.06.16 08:36:00.694,0.95433,0.95445,1.50,1.12
2015.06.16 08:36:01.198,0.95434,0.95446,1.12,1.00
2015.06.16 08:36:01.452,0.95433,0.95446,1.00,1.87
2015.06.16 08:36:01.972,0.95433,0.95445,1.50,1.37
2015.06.16 08:36:02.664,0.95433,0.95445,1.50,1.00
2015.06.16 08:36:03.253,0.95433,0.95445,1.12,1.00
2015.06.16 08:36:03.764,0.95434,0.95446,1.00,1.00
2015.06.16 08:36:04.142,0.95433,0.95444,1.00,1.00
2015.06.16 08:36:04.509,0.95432,0.95442,1.00,1.00
2015.06.16 08:36:05.044,0.95431,0.95441,1.12,1.00
2015.06.16 08:36:05.198,0.95431,0.95445,1.87,1.12
2015.06.16 08:36:05.975,0.95432,0.95446,1.00,1.87
2015.06.16 08:36:06.128,0.95432,0.95446,2.25,1.87
2015.06.16 08:36:06.570,0.95434,0.95446,1.50,1.87
2015.06.16 08:36:08.989,0.95435,0.95446,1.00,1.50
2015.06.16 08:36:09.690,0.95434,0.95445,1.00,1.00
2015.06.16 08:36:09.741,0.95431,0.95445,2.62,1.50
2015.06.16 08:36:10.796,0.95431,0.95444,2.62,1.00
2015.06.16 08:36:11.152,0.95429,0.95443,2.62,1.12
2015.06.16 08:36:11.585,0.95428,0.95438,1.87,1.00
2015.06.16 08:36:11.636,0.95429,0.9544,1.72,1.00
2015.06.16 08:36:11.789,0.95426,0.95438,2.32,1.00
2015.06.16 08:36:12.195,0.95427,0.95438,1.72,1.00
2015.06.16 08:36:12.296,0.95428,0.9544,1.37,1.87
2015.06.16 08:36:12.809,0.95426,0.95436,1.00,1.00
2015.06.16 08:36:12.861,0.95424,0.95436,1.57,1.00
2015.06.16 08:36:13.116,0.95424,0.95435,1.37,1.00
2015.06.16 08:36:13.218,0.95424,0.95437,1.87,1.50
2015.06.16 08:36:13.726,0.95426,0.95439,1.12,1.37
2015.06.16 08:36:15.386,0.95425,0.95437,1.00,1.00
2015.06.16 08:36:15.538,0.95426,0.95439,1.00,1.50
2015.06.16 08:36:15.738,0.95416,0.95425,1.12,1.00
2015.06.16 08:36:15.941,0.95414,0.95425,1.00,1.10
2015.06.16 08:36:16.043,0.95414,0.95422,1.00,1.00
2015.06.16 08:36:16.197,0.95405,0.95414,1.50,1.00
2015.06.16 08:36:16.725,0.95406,0.95414,1.00,1.00
2015.06.16 08:36:17.029,0.95404,0.95418,1.87,3.00
2015.06.16 08:36:17.131,0.9541,0.95418,1.00,1.00
2015.06.16 08:36:17.232,0.95411,0.9542,1.50,1.00
2015.06.16 08:36:17.435,0.95412,0.95423,1.00,1.00
2015.06.16 08:36:17.487,0.95414,0.95423,1.00,1.00
2015.06.16 08:36:17.611,0.95411,0.95424,1.00,1.00
2015.06.16 08:36:17.713,0.95413,0.95426,1.00,1.50
2015.06.16 08:36:18.224,0.95414,0.95427,1.00,1.50
2015.06.16 08:36:19.428,0.95413,0.95427,1.00,2.25
2015.06.16 08:36:19.740,0.95413,0.95425,1.00,1.00
2015.06.16 08:36:20.045,0.95416,0.95425,1.00,1.00
2015.06.16 08:36:20.553,0.95415,0.95425,1.00,1.00
2015.06.16 08:36:20.848,0.95418,0.95431,1.50,1.50
2015.06.16 08:36:21.205,0.95417,0.95429,1.00,1.00
2015.06.16 08:36:21.256,0.95415,0.95429,2.25,1.50
2015.06.16 08:36:21.811,0.95413,0.95424,1.00,1.00
2015.06.16 08:36:22.521,0.95412,0.95424,1.00,1.00
2015.06.16 08:36:23.073,0.95411,0.95424,1.12,1.00
2015.06.16 08:36:23.579,0.95412,0.95423,1.00,1.00
2015.06.16 08:36:24.931,0.95411,0.95421,1.00,1.00
2015.06.16 08:36:25.135,0.9541,0.95424,1.12,1.00
2015.06.16 08:36:26.825,0.95409,0.95422,1.87,1.00
2015.06.16 08:36:27.342,0.95409,0.95422,1.50,1.50
2015.06.16 08:36:27.912,0.9541,0.95422,1.37,1.00
2015.06.16 08:36:27.963,0.9541,0.95424,1.87,1.50
2015.06.16 08:36:28.487,0.95412,0.95425,1.00,1.00
2015.06.16 08:36:29.142,0.95412,0.95426,1.12,1.50
2015.06.16 08:36:29.395,0.95412,0.95424,1.87,1.00
2015.06.16 08:36:29.610,0.95412,0.95426,1.50,1.50
2015.06.16 08:36:30.428,0.95413,0.95427,1.00,2.25
2015.06.16 08:36:30.630,0.95412,0.95424,1.12,1.00
2015.06.16 08:36:31.213,0.95411,0.95424,3.00,1.50
2015.06.16 08:36:33.691,0.95411,0.95424,1.50,1.00
2015.06.16 08:36:34.024,0.95412,0.95426,1.37,1.00
2015.06.16 08:36:34.552,0.95414,0.95426,1.00,1.12
2015.06.16 08:36:37.730,0.95414,0.95424,1.00,1.00
2015.06.16 08:36:37.781,0.9541,0.95424,2.02,1.37
2015.06.16 08:36:38.360,0.9541,0.95422,1.87,1.50
2015.06.16 08:36:38.870,0.95411,0.95423,1.87,1.12
2015.06.16 08:36:39.660,0.95411,0.95423,1.87,1.00
2015.06.16 08:36:39.762,0.95411,0.95425,2.62,2.25
2015.06.16 08:36:40.570,0.95411,0.95425,1.87,2.62
2015.06.16 08:36:40.672,0.9541,0.95423,2.25,1.12
2015.06.16 08:36:40.765,0.95411,0.95424,1.37,1.50
2015.06.16 08:36:40.971,0.95416,0.95428,1.00,1.50
2015.06.16 08:36:41.276,0.95415,0.95427,1.00,1.35
2015.06.16 08:36:41.378,0.95413,0.95426,1.00,1.50
2015.06.16 08:36:41.883,0.95412,0.95424,1.00,1.00
2015.06.16 08:36:44.386,0.95412,0.95424,1.00,1.37
2015.06.16 08:36:44.488,0.9541,0.95421,1.87,1.00
2015.06.16 08:36:44.962,0.9541,0.95424,1.87,1.37
2015.06.16 08:36:45.283,0.95411,0.95425,1.87,1.87
2015.06.16 08:36:45.428,0.95413,0.95426,1.00,2.25
2015.06.16 08:36:45.968,0.95414,0.95426,1.50,1.12
2015.06.16 08:36:46.500,0.95413,0.95425,1.00,1.87
2015.06.16 08:36:47.119,0.95413,0.95425,1.57,1.50
2015.06.16 08:36:47.425,0.95412,0.95425,1.37,1.87
2015.06.16 08:36:47.476,0.95411,0.95423,2.70,1.12
2015.06.16 08:36:47.986,0.95412,0.95424,1.00,1.37
2015.06.16 08:36:48.138,0.95411,0.95424,1.12,1.12
2015.06.16 08:36:49.259,0.95411,0.95425,2.62,1.12
2015.06.16 08:36:50.638,0.95411,0.95425,2.25,1.37
2015.06.16 08:36:52.539,0.95411,0.95425,2.62,1.12
2015.06.16 08:36:52.590,0.95414,0.95425,1.00,1.12
2015.06.16 08:36:52.995,0.95417,0.95429,1.00,1.75
2015.06.16 08:36:53.434,0.95417,0.95428,1.00,1.00
2015.06.16 08:36:54.395,0.95415,0.95428,1.00,1.00
2015.06.16 08:36:54.598,0.95417,0.95428,1.00,1.00
2015.06.16 08:36:55.147,0.95416,0.95428,1.00,1.50
2015.06.16 08:36:58.112,0.95416,0.95428,1.00,2.10
2015.06.16 08:36:58.214,0.95416,0.95428,1.00,1.00
2015.06.16 08:36:58.317,0.95418,0.9543,1.00,1.50
2015.06.16 08:36:58.419,0.95416,0.95428,1.12,1.00
2015.06.16 08:36:58.471,0.95419,0.95429,1.00,1.00
2015.06.16 08:36:59.010,0.95419,0.9543,1.00,1.12
2015.06.16 08:36:59.517,0.9542,0.95433,1.87,1.47
2015.06.16 08:36:59.972,0.95422,0.95433,1.00,1.87
2015.06.16 08:37:00.297,0.9542,0.95433,1.12,1.37
2015.06.16 08:37:01.803,0.9542,0.95431,1.37,1.00
2015.06.16 08:37:02.372,0.95418,0.95431,1.87,1.87
2015.06.16 08:37:03.328,0.95418,0.95432,3.37,1.00
2015.06.16 08:37:03.480,0.95423,0.95433,1.00,1.00
2015.06.16 08:37:04.422,0.95423,0.95433,1.37,1.00
2015.06.16 08:37:04.523,0.95423,0.95435,1.37,1.50
2015.06.16 08:37:06.676,0.95422,0.95435,3.00,1.00
2015.06.16 08:37:08.731,0.95422,0.95435,1.87,1.00
2015.06.16 08:37:10.139,0.95421,0.95432,3.75,1.00
2015.06.16 08:37:10.469,0.95421,0.9543,1.50,1.00
2015.06.16 08:37:10.622,0.95421,0.95434,1.50,1.00
2015.06.16 08:37:11.377,0.95421,0.95434,1.75,1.00
2015.06.16 08:37:11.515,0.95422,0.95436,2.25,2.32
2015.06.16 08:37:11.567,0.95425,0.95436,1.37,1.50
2015.06.16 08:37:11.771,0.95425,0.95437,1.87,1.00
2015.06.16 08:37:14.341,0.95426,0.95437,1.00,1.00
2015.06.16 08:37:14.825,0.95424,0.95435,1.37,1.00
2015.06.16 08:37:15.230,0.95423,0.95435,1.12,1.00
2015.06.16 08:37:15.356,0.95421,0.95434,1.87,1.37
2015.06.16 08:37:15.880,0.95421,0.95434,2.25,1.37
2015.06.16 08:37:17.700,0.95421,0.95434,2.25,1.00
2015.06.16 08:37:17.903,0.95425,0.95437,1.00,1.87
2015.06.16 08:37:17.979,0.95423,0.95437,2.25,1.87
2015.06.16 08:37:18.081,0.95423,0.95437,2.25,1.87
2015.06.16 08:37:18.233,0.95423,0.95435,2.25,1.37
2015.06.16 08:37:19.142,0.95423,0.95435,2.25,1.37
2015.06.16 08:37:20.240,0.95423,0.95433,1.37,1.00
2015.06.16 08:37:21.003,0.95422,0.95434,3.00,1.00
2015.06.16 08:37:21.520,0.95422,0.95433,3.00,1.00
2015.06.16 08:37:21.876,0.95423,0.95435,1.75,1.00
2015.06.16 08:37:22.180,0.95424,0.95436,1.87,1.37
2015.06.16 08:37:22.832,0.95424,0.95433,1.12,1.00
2015.06.16 08:37:23.381,0.95424,0.95435,1.12,1.12
2015.06.16 08:37:24.058,0.95424,0.95434,1.12,1.00
2015.06.16 08:37:24.564,0.95424,0.95435,1.12,1.87
2015.06.16 08:37:25.441,0.95425,0.95435,1.00,1.00
2015.06.16 08:37:26.352,0.95425,0.95436,1.00,1.00
2015.06.16 08:37:26.901,0.95427,0.95438,1.00,1.50
2015.06.16 08:37:27.055,0.95428,0.95439,1.00,1.50
2015.06.16 08:37:27.260,0.95426,0.95439,3.00,1.12
2015.06.16 08:37:27.845,0.95423,0.95434,2.25,1.00
2015.06.16 08:37:28.346,0.95423,0.95434,1.50,1.00
2015.06.16 08:37:29.077,0.95425,0.95434,1.00,1.00
2015.06.16 08:37:29.650,0.95427,0.95436,1.00,1.50
2015.06.16 08:37:29.903,0.95428,0.95438,1.12,1.00
2015.06.16 08:37:29.954,0.95431,0.95438,1.00,1.00
2015.06.16 08:37:30.309,0.95431,0.95441,1.00,1.12
2015.06.16 08:37:30.919,0.9543,0.95441,1.50,1.50
2015.06.16 08:37:31.561,0.9543,0.95441,1.00,2.25
2015.06.16 08:37:32.169,0.95428,0.95439,1.00,1.00
2015.06.16 08:37:32.373,0.95428,0.95437,1.00,1.00
2015.06.16 08:37:32.904,0.95431,0.95439,1.00,1.00
2015.06.16 08:37:33.309,0.95431,0.95441,1.00,1.00
2015.06.16 08:37:33.824,0.9543,0.95443,1.50,2.10
2015.06.16 08:37:33.875,0.95432,0.95443,1.00,1.35
2015.06.16 08:37:33.977,0.9543,0.95443,2.25,1.35
2015.06.16 08:37:35.013,0.9543,0.95442,1.50,1.12
2015.06.16 08:37:39.127,0.9543,0.95442,1.00,1.87
2015.06.16 08:37:39.479,0.9543,0.95439,1.00,1.00
2015.06.16 08:37:39.988,0.95431,0.95438,1.00,1.00
2015.06.16 08:37:40.089,0.95429,0.95438,1.00,1.00
2015.06.16 08:37:40.604,0.9543,0.95438,1.00,1.00
2015.06.16 08:37:40.779,0.9543,0.9544,1.00,1.50
2015.06.16 08:37:41.282,0.9543,0.95439,1.12,1.00
2015.06.16 08:37:41.435,0.9543,0.9544,1.37,1.00
2015.06.16 08:37:41.740,0.95439,0.95446,1.12,1.00
2015.06.16 08:37:41.791,0.95439,0.95448,1.12,1.12
2015.06.16 08:37:42.022,0.95438,0.95446,1.00,1.00
2015.06.16 08:37:42.073,0.95436,0.95446,1.50,1.00
2015.06.16 08:37:42.124,0.95436,0.95444,1.50,1.00
2015.06.16 08:37:42.327,0.95434,0.95444,1.00,1.00
2015.06.16 08:37:42.479,0.95432,0.95443,1.00,1.00
2015.06.16 08:37:42.531,0.95431,0.95441,1.00,1.00
2015.06.16 08:37:42.837,0.95432,0.95443,1.00,1.00
2015.06.16 08:37:42.889,0.95432,0.95438,1.00,1.00
2015.06.16 08:37:43.023,0.95431,0.9544,1.00,1.00
2015.06.16 08:37:44.700,0.95431,0.95438,1.00,1.00
2015.06.16 08:37:44.853,0.95431,0.9544,1.00,1.00
2015.06.16 08:37:45.083,0.95432,0.95442,1.37,1.00
2015.06.16 08:37:45.135,0.95433,0.95445,1.12,1.00
2015.06.16 08:37:45.651,0.95434,0.95446,1.87,1.00
2015.06.16 08:37:46.006,0.95434,0.95444,1.12,1.00
2015.06.16 08:37:46.208,0.95434,0.95447,1.87,1.12
2015.06.16 08:37:46.663,0.95434,0.95447,1.50,1.37
2015.06.16 08:37:46.815,0.95434,0.95444,1.50,1.00
2015.06.16 08:37:47.466,0.95434,0.95444,1.00,1.37
2015.06.16 08:37:47.770,0.95433,0.95441,1.00,1.00
2015.06.16 08:37:47.872,0.9543,0.95441,1.87,1.00
2015.06.16 08:37:48.125,0.9543,0.95439,1.12,1.00
2015.06.16 08:37:48.582,0.95428,0.95438,1.12,1.00
2015.06.16 08:37:51.262,0.95428,0.95438,1.37,1.00
2015.06.16 08:37:51.415,0.95429,0.95443,2.62,1.50
2015.06.16 08:37:51.518,0.95431,0.95443,1.37,1.00
2015.06.16 08:37:51.620,0.9543,0.95443,1.00,1.12
2015.06.16 08:37:51.722,0.9543,0.95441,1.00,1.00
2015.06.16 08:37:51.772,0.95428,0.9544,1.95,1.00
2015.06.16 08:37:51.824,0.95428,0.95438,1.57,1.00
2015.06.16 08:37:53.118,0.95428,0.95439,1.37,1.72
2015.06.16 08:37:53.442,0.95425,0.95438,1.87,1.35
2015.06.16 08:37:53.749,0.95425,0.95438,1.87,1.00
2015.06.16 08:37:54.257,0.95428,0.95438,1.00,1.00
2015.06.16 08:37:55.429,0.9543,0.95438,1.00,1.00
2015.06.16 08:37:55.581,0.95429,0.9544,1.00,1.12
2015.06.16 08:37:55.708,0.95431,0.9544,1.00,1.12
2015.06.16 08:37:56.013,0.95421,0.95432,1.00,1.50
2015.06.16 08:37:56.521,0.9542,0.95431,1.00,1.37
2015.06.16 08:37:57.339,0.9542,0.95431,1.00,1.50
2015.06.16 08:37:58.465,0.95419,0.95431,1.00,2.25
2015.06.16 08:37:59.759,0.9542,0.95431,1.00,2.25
2015.06.16 08:38:00.132,0.95419,0.95428,1.00,1.00
2015.06.16 08:38:00.440,0.95422,0.95429,1.00,1.00
2015.06.16 08:38:00.720,0.9542,0.95429,1.00,1.00
2015.06.16 08:38:01.260,0.9542,0.9543,1.37,1.00
2015.06.16 08:38:01.767,0.9542,0.9543,1.00,1.00
2015.06.16 08:38:02.064,0.9542,0.95428,1.00,1.00
2015.06.16 08:38:02.166,0.95422,0.95433,1.00,1.12
2015.06.16 08:38:02.268,0.9542,0.95432,1.12,1.50
2015.06.16 08:38:02.880,0.9542,0.95432,1.00,1.87
2015.06.16 08:38:03.468,0.9542,0.95432,1.00,1.12
2015.06.16 08:38:04.092,0.9542,0.95431,1.00,1.00
2015.06.16 08:38:04.364,0.9542,0.95429,1.50,1.00
2015.06.16 08:38:04.465,0.9542,0.95431,1.87,1.00
2015.06.16 08:38:04.668,0.9542,0.95433,1.87,1.00
2015.06.16 08:38:04.946,0.95421,0.95433,1.37,1.37
2015.06.16 08:38:05.453,0.95421,0.95433,1.00,1.37
2015.06.16 08:38:05.962,0.95422,0.95433,1.00,1.37
2015.06.16 08:38:06.845,0.95422,0.9543,1.00,1.50
2015.06.16 08:38:07.151,0.95424,0.95432,1.00,1.37
2015.06.16 08:38:07.833,0.95423,0.95432,1.00,1.37
2015.06.16 08:38:08.041,0.95424,0.95432,1.00,1.12
2015.06.16 08:38:08.346,0.95425,0.95435,1.00,1.12
2015.06.16 08:38:08.498,0.95428,0.95435,1.00,1.12
2015.06.16 08:38:08.700,0.95426,0.95435,1.12,1.12
2015.06.16 08:38:08.802,0.95426,0.95437,1.12,1.12
2015.06.16 08:38:09.111,0.95428,0.95437,1.00,1.12
2015.06.16 08:38:09.793,0.95427,0.95437,1.00,1.12
2015.06.16 08:38:10.329,0.95427,0.95438,1.00,1.72
2015.06.16 08:38:10.583,0.95427,0.95438,1.00,1.72
2015.06.16 08:38:11.670,0.95426,0.95437,1.00,1.37
2015.06.16 08:38:12.199,0.95426,0.95437,1.00,1.87
2015.06.16 08:38:12.879,0.95426,0.95437,1.00,1.87
2015.06.16 08:38:13.667,0.95426,0.95437,1.00,1.87
2015.06.16 08:38:13.971,0.95424,0.95434,1.87,1.12
2015.06.16 08:38:14.544,0.95423,0.95433,2.25,1.00
2015.06.16 08:38:14.949,0.9542,0.95431,1.37,1.00
2015.06.16 08:38:15.482,0.9542,0.9543,1.50,1.00
2015.06.16 08:38:15.989,0.9542,0.95431,1.50,1.12
2015.06.16 08:38:16.527,0.95419,0.95431,1.50,1.12
2015.06.16 08:38:17.159,0.95419,0.9543,1.00,1.00
2015.06.16 08:38:17.635,0.95417,0.95428,3.37,1.00
2015.06.16 08:38:17.939,0.95418,0.95426,1.87,1.00
2015.06.16 08:38:18.891,0.95415,0.95425,1.37,1.00
2015.06.16 08:38:19.397,0.95415,0.95425,1.37,1.00
2015.06.16 08:38:20.219,0.95415,0.95425,1.00,1.00
2015.06.16 08:38:20.422,0.95412,0.95424,2.40,1.00
2015.06.16 08:38:21.495,0.95411,0.95421,2.25,1.00
2015.06.16 08:38:22.037,0.95411,0.9542,1.50,1.00
2015.06.16 08:38:22.590,0.95411,0.95421,1.50,1.00
2015.06.16 08:38:23.795,0.9541,0.95421,3.67,1.00
2015.06.16 08:38:24.867,0.9541,0.95421,2.10,1.00
2015.06.16 08:38:25.937,0.9541,0.95421,1.67,1.00
2015.06.16 08:38:26.463,0.9541,0.95422,2.10,1.00
2015.06.16 08:38:26.778,0.95415,0.95425,1.87,1.00
2015.06.16 08:38:27.119,0.95414,0.95424,2.25,1.00
2015.06.16 08:38:27.221,0.95414,0.95427,2.25,1.87
2015.06.16 08:38:27.322,0.95414,0.95426,3.00,1.00
2015.06.16 08:38:29.382,0.95414,0.95427,3.00,1.50
2015.06.16 08:38:31.862,0.95416,0.95427,2.25,1.50
2015.06.16 08:38:31.913,0.95417,0.95429,1.12,1.50
2015.06.16 08:38:32.485,0.95417,0.95429,1.37,1.50
2015.06.16 08:38:33.066,0.95417,0.95429,1.87,1.50
2015.06.16 08:38:33.547,0.95417,0.95425,1.50,1.50
2015.06.16 08:38:34.073,0.95416,0.95426,1.50,1.00
2015.06.16 08:38:34.628,0.95417,0.95426,1.37,1.00
2015.06.16 08:38:34.851,0.95417,0.95428,1.37,1.00
2015.06.16 08:38:36.647,0.95417,0.95428,1.37,1.00
2015.06.16 08:38:37.165,0.95416,0.95429,2.25,1.50
2015.06.16 08:38:37.700,0.95418,0.95429,1.50,1.00
2015.06.16 08:38:38.386,0.95417,0.95429,1.75,1.00
2015.06.16 08:38:39.508,0.95418,0.95429,1.00,1.00
2015.06.16 08:38:39.763,0.95417,0.95429,1.75,1.00
2015.06.16 08:38:39.864,0.95417,0.95431,2.25,1.87
2015.06.16 08:38:40.457,0.95417,0.9543,2.25,1.50
2015.06.16 08:38:41.269,0.95418,0.95432,2.25,2.62
2015.06.16 08:38:41.421,0.95418,0.95429,1.50,1.00
2015.06.16 08:38:42.529,0.95418,0.95432,2.25,2.62
2015.06.16 08:38:42.682,0.95417,0.9543,1.37,1.50
2015.06.16 08:38:43.216,0.95415,0.95429,3.00,1.00
2015.06.16 08:38:45.442,0.95416,0.9543,1.50,1.00
2015.06.16 08:38:45.958,0.95417,0.95429,1.00,1.00
2015.06.16 08:38:46.507,0.95417,0.9543,1.00,1.50
2015.06.16 08:38:47.058,0.95417,0.9543,1.00,1.87
2015.06.16 08:38:47.609,0.95417,0.95428,1.00,1.00
2015.06.16 08:38:47.862,0.95414,0.95426,1.35,1.50
2015.06.16 08:38:48.482,0.95415,0.95427,1.75,1.50
2015.06.16 08:38:48.785,0.95417,0.95429,1.00,1.12
2015.06.16 08:38:48.886,0.95417,0.95427,1.00,1.00
2015.06.16 08:38:49.556,0.95417,0.95429,1.50,1.87
2015.06.16 08:38:50.358,0.95417,0.95429,1.50,1.12
2015.06.16 08:38:50.920,0.95417,0.9543,1.75,1.00
2015.06.16 08:38:51.752,0.95417,0.9543,1.37,1.37
2015.06.16 08:38:52.056,0.95414,0.95425,1.75,1.00
2015.06.16 08:38:52.513,0.95417,0.95428,1.00,1.00
2015.06.16 08:38:53.219,0.95415,0.95429,2.25,1.87
2015.06.16 08:38:53.574,0.95416,0.95429,2.25,1.87
2015.06.16 08:38:53.777,0.95417,0.95431,3.00,1.00
2015.06.16 08:38:53.878,0.95418,0.95431,1.75,1.00
2015.06.16 08:38:54.460,0.95418,0.95431,1.75,1.00
2015.06.16 08:38:55.036,0.95419,0.95431,1.50,1.00
2015.06.16 08:38:57.094,0.95419,0.95432,1.75,1.12
2015.06.16 08:38:57.398,0.95419,0.9543,2.25,1.00
2015.06.16 08:38:57.904,0.95418,0.95431,1.50,1.12
2015.06.16 08:38:58.418,0.95418,0.9543,1.50,1.00
2015.06.16 08:38:58.952,0.95418,0.95431,1.50,2.62
2015.06.16 08:38:59.408,0.95418,0.95431,1.87,1.87
2015.06.16 08:38:59.510,0.95418,0.95431,2.25,1.50
2015.06.16 08:39:00.107,0.95418,0.9543,1.75,1.00
2015.06.16 08:39:03.371,0.95418,0.9543,1.75,1.50
2015.06.16 08:39:04.210,0.95422,0.95432,1.00,1.00
2015.06.16 08:39:05.151,0.95419,0.95431,1.75,1.00
2015.06.16 08:39:06.632,0.95419,0.95429,1.75,1.00
2015.06.16 08:39:08.773,0.95421,0.9543,1.50,1.00
2015.06.16 08:39:08.824,0.95421,0.95432,1.50,1.50
2015.06.16 08:39:09.260,0.95421,0.9543,1.50,1.00
2015.06.16 08:39:09.471,0.95421,0.95432,1.50,2.25
2015.06.16 08:39:10.057,0.95421,0.95431,1.50,1.50
2015.06.16 08:39:10.452,0.95421,0.95434,2.25,1.50
2015.06.16 08:39:10.553,0.95424,0.95434,1.87,1.00
2015.06.16 08:39:10.858,0.95432,0.95442,1.30,1.50
2015.06.16 08:39:11.061,0.95432,0.95444,1.37,1.00
2015.06.16 08:39:11.354,0.95432,0.95443,1.00,1.37
2015.06.16 08:39:11.709,0.9543,0.9544,1.37,1.00
2015.06.16 08:39:12.249,0.9543,0.95442,1.37,1.00
2015.06.16 08:39:12.546,0.95432,0.95446,1.87,2.62
2015.06.16 08:39:12.647,0.95432,0.95444,2.25,1.00
2015.06.16 08:39:14.140,0.95433,0.95445,1.75,1.00
2015.06.16 08:39:14.716,0.95433,0.95446,1.75,1.50
2015.06.16 08:39:17.890,0.95435,0.95446,1.37,1.00
2015.06.16 08:39:19.548,0.95437,0.95448,1.00,1.00
2015.06.16 08:39:19.701,0.95439,0.95448,1.00,1.00
2015.06.16 08:39:21.096,0.95437,0.95448,1.37,1.00
2015.06.16 08:39:25.710,0.95436,0.95446,1.37,1.00
2015.06.16 08:39:26.217,0.95436,0.95447,1.37,1.00
2015.06.16 08:39:33.906,0.95435,0.95447,1.87,1.00
2015.06.16 08:39:34.426,0.95435,0.95446,1.87,1.00
2015.06.16 08:39:34.959,0.95435,0.95446,1.87,1.00
2015.06.16 08:39:35.678,0.95435,0.95447,1.87,1.00
2015.06.16 08:39:36.203,0.95435,0.95447,1.87,1.00
2015.06.16 08:39:38.108,0.95435,0.95447,1.87,1.00
2015.06.16 08:39:40.142,0.95436,0.95447,1.37,1.00
2015.06.16 08:39:42.277,0.95435,0.95447,1.37,1.00
2015.06.16 08:39:42.818,0.95442,0.95447,1.00,1.00
2015.06.16 08:39:42.869,0.95442,0.95449,1.00,1.00
2015.06.16 08:39:42.971,0.95443,0.95451,1.00,1.00
2015.06.16 08:39:43.021,0.95445,0.95451,1.00,1.00
2015.06.16 08:39:44.306,0.95444,0.95451,1.00,1.00
2015.06.16 08:39:44.540,0.95442,0.95451,1.00,1.00
2015.06.16 08:39:46.040,0.95442,0.95448,1.12,1.00
2015.06.16 08:39:46.141,0.9544,0.9545,1.87,1.00
2015.06.16 08:39:46.244,0.95438,0.95451,2.25,1.00
2015.06.16 08:39:46.396,0.9544,0.95451,1.37,1.00
2015.06.16 08:39:46.926,0.9544,0.95453,1.87,2.62
2015.06.16 08:39:47.331,0.95442,0.95453,1.00,1.87
2015.06.16 08:39:47.876,0.95442,0.95454,1.00,1.12
2015.06.16 08:39:48.537,0.95443,0.95454,1.00,1.00
2015.06.16 08:39:49.048,0.95443,0.95455,1.00,1.12
2015.06.16 08:39:49.371,0.95442,0.95452,2.25,1.00
2015.06.16 08:39:49.523,0.95439,0.95451,1.87,1.12
2015.06.16 08:39:49.574,0.95439,0.95447,1.87,1.00
2015.06.16 08:39:49.675,0.95438,0.9545,1.37,1.00
2015.06.16 08:39:49.777,0.95438,0.95452,2.62,1.87
2015.06.16 08:39:50.296,0.95442,0.95453,1.87,1.00
2015.06.16 08:39:51.664,0.95443,0.95453,1.00,1.00
2015.06.16 08:39:51.765,0.95443,0.95455,1.00,1.87
2015.06.16 08:39:53.824,0.95443,0.95455,1.12,1.37
2015.06.16 08:39:53.977,0.95439,0.95451,1.87,1.37
2015.06.16 08:39:54.079,0.95441,0.95453,1.00,1.37
2015.06.16 08:39:56.188,0.9544,0.95453,1.00,1.87
2015.06.16 08:39:58.089,0.9544,0.95453,1.12,1.12
2015.06.16 08:39:58.596,0.95441,0.95453,1.00,1.87
2015.06.16 08:39:59.190,0.9544,0.95453,1.12,1.12
2015.06.16 08:39:59.843,0.95441,0.95452,1.00,1.00
2015.06.16 08:40:01.483,0.95441,0.95452,1.00,1.37
2015.06.16 08:40:01.537,0.95439,0.95451,1.50,1.12
2015.06.16 08:40:02.505,0.95439,0.95451,1.00,1.37
2015.06.16 08:40:02.657,0.95435,0.95448,3.75,1.50
2015.06.16 08:40:03.164,0.95435,0.95448,1.87,1.87
2015.06.16 08:40:04.394,0.95435,0.95448,1.50,1.87
2015.06.16 08:40:06.721,0.95437,0.95448,1.00,1.37
2015.06.16 08:40:07.242,0.95437,0.95451,1.00,1.87
2015.06.16 08:40:08.525,0.95437,0.95451,1.00,1.87
2015.06.16 08:40:09.339,0.95436,0.9545,1.87,1.37
2015.06.16 08:40:09.845,0.95439,0.95451,1.00,1.37
2015.06.16 08:40:11.923,0.95437,0.95449,1.00,1.12
2015.06.16 08:40:12.127,0.95436,0.95448,1.12,1.37
2015.06.16 08:40:14.280,0.95434,0.95446,1.75,1.00
2015.06.16 08:40:15.052,0.95434,0.95446,1.37,1.12
2015.06.16 08:40:15.599,0.95433,0.95445,1.50,1.00
2015.06.16 08:40:15.903,0.95432,0.95442,1.75,1.00
2015.06.16 08:40:16.308,0.95432,0.95444,1.75,1.50
2015.06.16 08:40:16.410,0.95432,0.95444,1.75,1.00
2015.06.16 08:40:16.578,0.95433,0.95444,1.00,1.00
2015.06.16 08:40:17.791,0.95431,0.95443,1.37,1.00
2015.06.16 08:40:17.890,0.95431,0.95439,1.37,1.00
2015.06.16 08:40:17.943,0.95431,0.95439,1.12,1.00
2015.06.16 08:40:17.994,0.95425,0.95436,2.62,1.00
2015.06.16 08:40:18.045,0.95426,0.95436,1.37,1.50
2015.06.16 08:40:18.248,0.95425,0.95436,1.50,1.00
2015.06.16 08:40:18.767,0.95423,0.95435,2.25,1.00
2015.06.16 08:40:18.994,0.95422,0.95433,1.75,1.00
2015.06.16 08:40:19.604,0.95421,0.95435,3.00,1.87
2015.06.16 08:40:20.287,0.95421,0.95435,3.00,1.00
2015.06.16 08:40:22.444,0.95424,0.95437,1.87,1.87
2015.06.16 08:40:22.979,0.95424,0.95438,1.87,1.50
2015.06.16 08:40:23.030,0.95424,0.95435,1.87,1.00
2015.06.16 08:40:23.577,0.95424,0.95435,1.12,1.00
2015.06.16 08:40:23.880,0.95422,0.95434,1.37,1.00
2015.06.16 08:40:24.100,0.95422,0.95434,1.12,1.00
2015.06.16 08:40:24.202,0.95422,0.95435,1.37,1.00
2015.06.16 08:40:24.558,0.95421,0.95432,2.25,1.50
2015.06.16 08:40:25.287,0.95422,0.95434,1.50,1.00
2015.06.16 08:40:25.391,0.95422,0.95434,1.12,1.00
2015.06.16 08:40:26.102,0.95422,0.95434,1.50,1.00
2015.06.16 08:40:26.799,0.95423,0.95434,2.47,1.00
2015.06.16 08:40:26.850,0.95425,0.95436,1.30,1.00
2015.06.16 08:40:26.952,0.95425,0.95438,1.35,1.50
2015.06.16 08:40:27.084,0.95427,0.95439,1.00,1.00
2015.06.16 08:40:27.548,0.95426,0.95436,1.12,1.00
2015.06.16 08:40:27.650,0.95427,0.95439,1.00,1.00
2015.06.16 08:40:28.168,0.95428,0.95439,1.00,1.00
2015.06.16 08:40:28.454,0.95428,0.95437,1.00,1.00
2015.06.16 08:40:29.415,0.95429,0.95437,1.00,1.00
2015.06.16 08:40:30.407,0.95429,0.95439,1.00,1.87
2015.06.16 08:40:31.550,0.95429,0.95438,1.00,1.00
2015.06.16 08:40:32.072,0.95429,0.95438,1.00,1.87
2015.06.16 08:40:32.482,0.95423,0.95435,1.37,1.37
2015.06.16 08:40:32.685,0.95422,0.95433,1.37,1.00
2015.06.16 08:40:32.957,0.95422,0.95432,1.87,1.37
2015.06.16 08:40:33.469,0.95424,0.95434,1.37,1.12
2015.06.16 08:40:34.031,0.95423,0.95433,1.37,1.00
2015.06.16 08:40:34.537,0.95423,0.95434,1.37,1.12
2015.06.16 08:40:35.066,0.95423,0.95433,1.37,1.12
2015.06.16 08:40:35.475,0.95424,0.95431,1.37,1.00
2015.06.16 08:40:35.996,0.95424,0.9543,1.37,1.00
2015.06.16 08:40:36.253,0.95424,0.95432,1.37,1.50
2015.06.16 08:40:36.356,0.95424,0.9543,1.37,1.60
2015.06.16 08:40:36.458,0.95416,0.95427,1.87,1.00
2015.06.16 08:40:36.509,0.95414,0.95427,1.87,1.87
2015.06.16 08:40:36.611,0.95416,0.95426,1.00,1.12
2015.06.16 08:40:37.150,0.95417,0.95427,1.00,1.00
2015.06.16 08:40:39.609,0.95417,0.95427,1.75,1.00
2015.06.16 08:40:39.710,0.9542,0.9543,1.12,1.57
2015.06.16 08:40:40.038,0.95418,0.95427,1.37,1.00
2015.06.16 08:40:42.025,0.9542,0.95428,1.12,1.00
2015.06.16 08:40:42.671,0.9542,0.95427,1.12,1.00
2015.06.16 08:40:43.979,0.9542,0.95429,1.12,1.50
2015.06.16 08:40:44.030,0.9542,0.95427,1.12,1.00
2015.06.16 08:40:44.615,0.9542,0.95426,1.12,1.00
2015.06.16 08:40:45.166,0.9542,0.95427,1.12,1.00
2015.06.16 08:40:45.744,0.9542,0.95428,1.12,1.00
2015.06.16 08:40:47.385,0.95417,0.95428,1.50,1.50
2015.06.16 08:40:47.588,0.95417,0.95428,2.25,1.50
2015.06.16 08:40:47.690,0.95418,0.9543,1.37,1.00
2015.06.16 08:40:48.278,0.95418,0.9543,1.37,1.00
2015.06.16 08:40:48.685,0.95419,0.9543,1.50,1.00
2015.06.16 08:40:48.838,0.95422,0.95434,2.62,1.00
2015.06.16 08:40:48.889,0.95425,0.95436,1.72,1.00
2015.06.16 08:40:48.991,0.95423,0.95436,1.00,1.12
2015.06.16 08:40:49.093,0.95423,0.95436,1.37,1.37
2015.06.16 08:40:49.380,0.95422,0.95431,1.00,1.50
2015.06.16 08:40:49.584,0.95419,0.95429,1.00,1.00
2015.06.16 08:40:50.489,0.95419,0.95429,1.37,1.00
2015.06.16 08:40:50.692,0.9542,0.95431,1.37,1.00
2015.06.16 08:40:50.794,0.95421,0.95435,1.37,1.12
2015.06.16 08:40:51.176,0.95421,0.95435,1.37,1.00
2015.06.16 08:40:51.376,0.95425,0.95438,1.00,2.25
2015.06.16 08:40:53.804,0.95426,0.95438,1.37,1.00
2015.06.16 08:40:54.362,0.95426,0.95438,1.75,1.00
2015.06.16 08:40:55.118,0.95429,0.95438,1.37,1.00
2015.06.16 08:40:55.645,0.95429,0.95438,1.00,1.00
2015.06.16 08:40:56.161,0.9543,0.95438,1.00,1.00
2015.06.16 08:40:56.697,0.9543,0.95439,1.00,1.00
2015.06.16 08:40:58.702,0.95427,0.95439,1.00,1.00
2015.06.16 08:40:58.753,0.95426,0.95437,1.87,1.00
2015.06.16 08:40:58.855,0.95425,0.95437,1.50,1.00
2015.06.16 08:40:59.489,0.95424,0.95438,2.70,3.37
2015.06.16 08:40:59.541,0.95424,0.95436,2.32,1.60
2015.06.16 08:40:59.695,0.9542,0.95433,2.62,1.00
2015.06.16 08:40:59.899,0.95424,0.95432,1.00,1.00
2015.06.16 08:41:00.103,0.95424,0.95434,1.00,1.50
2015.06.16 08:41:00.353,0.95422,0.95434,1.00,1.50
2015.06.16 08:41:00.556,0.9542,0.95433,1.37,1.60
2015.06.16 08:41:00.658,0.9542,0.95432,1.00,1.30
2015.06.16 08:41:00.760,0.9542,0.9543,1.00,1.00
2015.06.16 08:41:00.812,0.95417,0.9543,2.70,1.50
2015.06.16 08:41:00.864,0.95417,0.9543,1.47,1.50
2015.06.16 08:41:01.196,0.95414,0.95427,2.02,1.00
2015.06.16 08:41:01.501,0.95412,0.95426,3.37,1.00
2015.06.16 08:41:01.654,0.95413,0.95425,1.87,1.00
2015.06.16 08:41:02.166,0.95413,0.95425,3.00,1.00
2015.06.16 08:41:02.712,0.95414,0.95425,1.50,1.00
2015.06.16 08:41:02.813,0.95412,0.95425,1.75,1.00
2015.06.16 08:41:02.915,0.95414,0.95426,1.50,1.00
2015.06.16 08:41:03.287,0.95413,0.95424,1.12,1.00
2015.06.16 08:41:03.338,0.95411,0.95423,1.47,1.00
2015.06.16 08:41:03.541,0.9541,0.95421,2.25,1.00
2015.06.16 08:41:03.643,0.9541,0.95423,1.67,1.00
2015.06.16 08:41:03.694,0.9541,0.95422,1.35,1.00
2015.06.16 08:41:03.871,0.95413,0.95422,1.12,1.00
2015.06.16 08:41:03.922,0.95414,0.95425,1.12,1.00
2015.06.16 08:41:03.973,0.95415,0.95427,1.00,1.00
2015.06.16 08:41:04.075,0.95417,0.95429,1.00,1.57
2015.06.16 08:41:04.381,0.95414,0.95426,1.37,1.00
2015.06.16 08:41:04.433,0.95414,0.95427,1.37,1.00
2015.06.16 08:41:05.229,0.95416,0.95427,1.00,1.00
2015.06.16 08:41:05.331,0.95416,0.95429,1.50,1.00
2015.06.16 08:41:05.433,0.95416,0.9543,1.87,2.32
2015.06.16 08:41:05.637,0.95419,0.95432,1.00,1.00
2015.06.16 08:41:05.843,0.95419,0.9543,1.00,1.50
2015.06.16 08:41:06.149,0.95422,0.95431,1.00,1.00
2015.06.16 08:41:06.535,0.95419,0.9543,1.00,1.00
2015.06.16 08:41:06.839,0.95416,0.95426,1.87,1.00
2015.06.16 08:41:06.942,0.95416,0.95428,1.00,1.00
2015.06.16 08:41:07.167,0.95416,0.95425,1.00,1.00
2015.06.16 08:41:07.320,0.9541,0.95424,1.12,1.12
2015.06.16 08:41:07.624,0.95413,0.95425,1.00,1.00
2015.06.16 08:41:07.828,0.95414,0.95428,1.00,2.40
2015.06.16 08:41:07.929,0.95416,0.95426,1.00,1.00
2015.06.16 08:41:08.250,0.95418,0.95428,1.00,1.00
2015.06.16 08:41:08.352,0.95415,0.95428,1.37,1.00
2015.06.16 08:41:08.937,0.95417,0.95428,1.00,1.50
2015.06.16 08:41:09.039,0.95418,0.9543,1.00,1.50
2015.06.16 08:41:09.141,0.95418,0.95431,1.37,1.57
2015.06.16 08:41:09.496,0.95417,0.95428,2.32,1.00
2015.06.16 08:41:09.649,0.95414,0.95426,1.50,1.00
2015.06.16 08:41:10.153,0.95414,0.95427,1.37,1.00
2015.06.16 08:41:10.204,0.95414,0.95425,1.37,1.00
2015.06.16 08:41:10.720,0.95412,0.95426,1.37,1.00
2015.06.16 08:41:11.455,0.95414,0.95428,1.37,1.50
2015.06.16 08:41:11.895,0.95414,0.95426,1.12,1.00
2015.06.16 08:41:12.410,0.95414,0.95425,1.12,1.00
2015.06.16 08:41:12.922,0.9541,0.95424,2.10,1.50
2015.06.16 08:41:13.239,0.9541,0.95422,2.10,1.00
2015.06.16 08:41:14.459,0.9541,0.95422,1.30,1.00
2015.06.16 08:41:14.828,0.95409,0.9542,1.50,1.00
2015.06.16 08:41:15.132,0.95411,0.95423,1.37,1.10
2015.06.16 08:41:15.676,0.95411,0.95424,1.87,1.00
2015.06.16 08:41:16.182,0.95412,0.95424,1.37,1.00
2015.06.16 08:41:16.836,0.95412,0.95426,3.00,1.00
2015.06.16 08:41:17.041,0.95416,0.95428,1.72,1.00
2015.06.16 08:41:17.396,0.95417,0.95428,3.97,1.00
2015.06.16 08:41:17.550,0.95421,0.95433,1.12,1.00
2015.06.16 08:41:17.601,0.95421,0.95433,1.37,1.00
2015.06.16 08:41:18.403,0.95421,0.95433,1.75,1.00
2015.06.16 08:41:19.190,0.9542,0.95432,1.12,1.00
2015.06.16 08:41:19.393,0.95419,0.95432,1.42,1.00
2015.06.16 08:41:19.495,0.95419,0.95429,1.42,1.00
2015.06.16 08:41:19.874,0.9542,0.95429,1.00,1.00
2015.06.16 08:41:20.381,0.95417,0.9543,1.57,1.00
2015.06.16 08:41:20.584,0.95417,0.95428,1.37,1.00
2015.06.16 08:41:21.137,0.95416,0.95428,1.95,1.00
2015.06.16 08:41:21.290,0.95419,0.95431,1.12,1.12
2015.06.16 08:41:21.393,0.9542,0.95432,1.50,1.12
2015.06.16 08:41:21.799,0.9542,0.95432,1.50,1.00
2015.06.16 08:41:22.265,0.9542,0.95434,1.50,1.50
2015.06.16 08:41:22.621,0.95421,0.95434,1.50,2.25
2015.06.16 08:41:22.722,0.95421,0.95434,1.37,2.25
2015.06.16 08:41:23.379,0.95422,0.95434,1.87,1.87
2015.06.16 08:41:23.900,0.95419,0.95431,2.25,1.00
2015.06.16 08:41:24.104,0.95421,0.95433,1.00,2.25
2015.06.16 08:41:24.206,0.95421,0.95431,1.00,1.00
2015.06.16 08:41:24.975,0.95421,0.95433,1.00,1.50
2015.06.16 08:41:25.686,0.95421,0.95432,1.12,1.00
2015.06.16 08:41:26.180,0.95419,0.9543,1.37,1.00
2015.06.16 08:41:26.282,0.95418,0.9543,1.30,1.00
2015.06.16 08:41:26.384,0.95416,0.95428,1.75,1.00
2015.06.16 08:41:26.486,0.95416,0.9543,1.75,2.25
2015.06.16 08:41:27.026,0.95418,0.95429,1.00,1.00
2015.06.16 08:41:27.330,0.95418,0.95431,1.00,1.50
2015.06.16 08:41:27.381,0.95418,0.95431,1.50,1.00
2015.06.16 08:41:27.533,0.95419,0.95433,2.10,1.00
2015.06.16 08:41:27.585,0.95419,0.95431,1.35,1.00
2015.06.16 08:41:27.910,0.95425,0.95438,1.50,1.00
2015.06.16 08:41:28.417,0.95428,0.95439,1.37,1.00
2015.06.16 08:41:28.822,0.95427,0.95441,1.75,3.00
2015.06.16 08:41:29.342,0.95427,0.95441,2.25,3.00
2015.06.16 08:41:30.647,0.95431,0.95442,1.00,3.00
2015.06.16 08:41:30.999,0.95431,0.9544,1.00,1.00
2015.06.16 08:41:32.453,0.95428,0.9544,1.75,1.00
2015.06.16 08:41:33.975,0.95428,0.9544,1.75,1.00
2015.06.16 08:41:34.128,0.95426,0.95438,1.37,1.00
2015.06.16 08:41:34.689,0.95424,0.95437,1.75,1.00
2015.06.16 08:41:38.619,0.95425,0.95437,1.12,1.00
2015.06.16 08:41:38.670,0.95425,0.95437,1.37,1.00
2015.06.16 08:41:38.872,0.95425,0.95437,1.12,1.00
2015.06.16 08:41:39.078,0.95427,0.95437,1.00,1.00
2015.06.16 08:41:39.525,0.95427,0.9544,1.00,1.12
2015.06.16 08:41:39.677,0.95427,0.95441,1.87,1.00
2015.06.16 08:41:39.830,0.95431,0.95445,1.87,2.62
2015.06.16 08:41:39.881,0.95431,0.95445,1.87,2.25
2015.06.16 08:41:40.301,0.95432,0.95441,1.00,1.00
2015.06.16 08:41:40.609,0.95426,0.95436,1.57,1.00
2015.06.16 08:41:40.660,0.95426,0.95436,1.10,1.00
2015.06.16 08:41:41.170,0.95424,0.95436,1.37,1.00
2015.06.16 08:41:41.706,0.95424,0.95437,1.87,1.00
2015.06.16 08:41:42.369,0.95426,0.95437,1.00,1.00
2015.06.16 08:41:43.029,0.95426,0.95438,1.12,1.00
2015.06.16 08:41:43.535,0.95426,0.95438,1.37,1.00
2015.06.16 08:41:44.070,0.95428,0.95439,1.00,1.00
2015.06.16 08:41:44.425,0.95428,0.95442,1.12,2.10
2015.06.16 08:41:44.527,0.95431,0.95445,1.87,2.02
2015.06.16 08:41:45.057,0.95432,0.95446,2.62,1.87
2015.06.16 08:41:45.640,0.95434,0.95447,1.00,1.50
2015.06.16 08:41:45.908,0.95435,0.95449,1.12,1.00
2015.06.16 08:41:46.061,0.95436,0.95448,1.37,1.50
2015.06.16 08:41:46.569,0.95437,0.95449,1.00,1.50
2015.06.16 08:41:47.120,0.95438,0.95449,1.00,1.50
2015.06.16 08:41:47.752,0.95438,0.9545,1.00,1.00
2015.06.16 08:41:48.057,0.95438,0.9545,1.87,1.00
2015.06.16 08:41:48.365,0.9544,0.95451,1.75,1.00
2015.06.16 08:41:48.720,0.95439,0.9545,1.37,1.00
2015.06.16 08:41:49.274,0.9544,0.95451,1.00,1.00
2015.06.16 08:41:49.793,0.9544,0.95452,1.00,1.00
2015.06.16 08:41:50.564,0.9544,0.95451,1.00,1.00
2015.06.16 08:41:52.171,0.9544,0.9545,1.00,1.00
2015.06.16 08:41:52.673,0.95439,0.95449,1.12,1.00
2015.06.16 08:41:53.180,0.95439,0.95449,1.37,1.00
2015.06.16 08:41:53.690,0.95439,0.9545,1.37,1.50
2015.06.16 08:41:54.484,0.95439,0.95451,1.37,1.12
2015.06.16 08:41:55.850,0.95439,0.95452,2.10,1.37
2015.06.16 08:41:55.967,0.9544,0.95453,2.10,1.00
2015.06.16 08:41:56.069,0.95444,0.95455,1.00,1.12
2015.06.16 08:41:56.599,0.95445,0.95456,1.00,1.00
2015.06.16 08:41:57.118,0.95443,0.95456,3.75,1.50
2015.06.16 08:41:57.169,0.95445,0.95457,1.00,1.00
2015.06.16 08:41:57.464,0.95446,0.9546,1.87,1.87
2015.06.16 08:41:57.566,0.95446,0.95458,1.12,1.00
2015.06.16 08:41:58.068,0.95447,0.95457,1.00,1.00
2015.06.16 08:41:58.372,0.95447,0.9546,1.37,1.12
2015.06.16 08:41:58.495,0.95445,0.95458,1.87,1.00
2015.06.16 08:41:58.799,0.95443,0.95455,1.47,1.00
2015.06.16 08:41:59.104,0.95443,0.95453,1.00,1.00
2015.06.16 08:42:00.209,0.95442,0.95453,1.00,1.00
2015.06.16 08:42:00.569,0.95445,0.95456,1.37,1.00
2015.06.16 08:42:01.415,0.95447,0.9546,1.00,1.12
2015.06.16 08:42:01.617,0.95446,0.9546,1.37,1.00
2015.06.16 08:42:02.256,0.95446,0.95459,1.47,1.00
2015.06.16 08:42:02.307,0.95446,0.95457,1.47,1.00
2015.06.16 08:42:02.408,0.95446,0.9546,1.95,1.87
2015.06.16 08:42:03.191,0.95445,0.95459,3.82,1.50
2015.06.16 08:42:03.365,0.95445,0.95457,3.07,1.00
2015.06.16 08:42:03.887,0.95445,0.95456,1.87,1.00
2015.06.16 08:42:04.190,0.95446,0.95458,1.37,1.00
2015.06.16 08:42:04.721,0.95445,0.95457,3.37,1.00
2015.06.16 08:42:05.184,0.95447,0.95458,1.37,1.50
2015.06.16 08:42:05.337,0.95449,0.9546,1.12,1.00
2015.06.16 08:42:05.871,0.95448,0.9546,1.00,1.50
2015.06.16 08:42:07.758,0.95447,0.95459,1.12,1.00
2015.06.16 08:42:07.811,0.95446,0.95457,1.20,1.00
2015.06.16 08:42:08.116,0.95448,0.95462,1.37,1.50
2015.06.16 08:42:08.167,0.95448,0.9546,1.37,1.00
2015.06.16 08:42:08.471,0.95447,0.95458,3.45,1.00
2015.06.16 08:42:08.860,0.95449,0.95461,1.12,1.00
2015.06.16 08:42:08.912,0.95451,0.95461,1.00,1.00
2015.06.16 08:42:09.624,0.95451,0.95459,1.00,1.00
2015.06.16 08:42:09.675,0.95449,0.95459,1.10,1.00
2015.06.16 08:42:10.207,0.95447,0.95459,2.55,1.50
2015.06.16 08:42:10.462,0.95445,0.95457,2.32,1.00
2015.06.16 08:42:10.995,0.95445,0.95458,2.62,1.50
2015.06.16 08:42:11.528,0.95447,0.95459,1.37,1.00
2015.06.16 08:42:11.630,0.95447,0.95461,1.87,1.12
2015.06.16 08:42:11.833,0.95447,0.95458,1.37,1.00
2015.06.16 08:42:11.936,0.95448,0.95462,1.87,2.62
2015.06.16 08:42:12.469,0.95447,0.9546,2.62,1.50
2015.06.16 08:42:13.883,0.95448,0.95461,1.12,1.00
2015.06.16 08:42:14.035,0.95447,0.95459,2.70,1.00
2015.06.16 08:42:14.137,0.95447,0.95461,2.70,1.50
2015.06.16 08:42:14.703,0.95447,0.9546,1.47,1.00
2015.06.16 08:42:15.161,0.95448,0.95462,1.12,1.00
2015.06.16 08:42:15.719,0.95448,0.95459,1.87,1.00
2015.06.16 08:42:16.281,0.95449,0.95459,1.12,1.00
2015.06.16 08:42:16.383,0.95449,0.95461,1.87,1.00
2015.06.16 08:42:17.871,0.95449,0.95462,1.00,1.12
2015.06.16 08:42:20.175,0.9545,0.95461,1.00,1.00
2015.06.16 08:42:21.160,0.95449,0.95462,1.00,1.00
2015.06.16 08:42:21.784,0.9545,0.95461,1.00,1.00
2015.06.16 08:42:21.945,0.95449,0.95463,1.50,1.00
2015.06.16 08:42:22.529,0.95449,0.95462,1.50,1.00
2015.06.16 08:42:22.681,0.9545,0.9546,1.00,1.00
2015.06.16 08:42:23.218,0.95448,0.9546,1.87,1.00
2015.06.16 08:42:23.872,0.95448,0.9546,1.00,1.37
2015.06.16 08:42:24.376,0.95446,0.95458,1.37,1.00
2015.06.16 08:42:24.906,0.95445,0.95458,1.87,1.00
2015.06.16 08:42:29.601,0.95446,0.95458,1.37,1.00
2015.06.16 08:42:29.785,0.95447,0.95461,1.87,1.50
2015.06.16 08:42:30.308,0.95447,0.95461,1.87,1.00
2015.06.16 08:42:30.747,0.95446,0.95459,1.37,1.00
2015.06.16 08:42:32.226,0.95445,0.95458,3.37,1.00
2015.06.16 08:42:32.909,0.95445,0.95458,1.37,1.00
2015.06.16 08:42:33.448,0.95444,0.95457,1.37,1.00
2015.06.16 08:42:33.965,0.95444,0.95458,1.75,1.12
2015.06.16 08:42:34.804,0.95444,0.95458,2.25,1.00
2015.06.16 08:42:35.405,0.95449,0.95457,1.00,1.00
2015.06.16 08:42:36.519,0.95449,0.95458,1.00,2.62
2015.06.16 08:42:37.776,0.95449,0.95457,1.00,1.00
2015.06.16 08:42:38.360,0.95449,0.95456,1.00,1.00
2015.06.16 08:42:38.411,0.95449,0.95458,1.00,1.50
2015.06.16 08:42:38.513,0.9545,0.9546,1.00,1.10
2015.06.16 08:42:39.851,0.9545,0.95459,1.00,1.50
2015.06.16 08:42:40.673,0.95449,0.95459,1.00,1.00
2015.06.16 08:42:41.252,0.9545,0.95459,1.00,1.00
2015.06.16 08:42:41.354,0.9545,0.95461,1.00,2.62
2015.06.16 08:42:41.911,0.95451,0.95461,1.00,1.00
2015.06.16 08:42:42.416,0.95451,0.95461,1.37,1.00
2015.06.16 08:42:43.333,0.95451,0.95462,1.75,1.50
2015.06.16 08:42:46.260,0.95451,0.95464,2.25,1.12
2015.06.16 08:42:47.308,0.95451,0.95463,1.50,1.00
2015.06.16 08:42:47.460,0.9545,0.95461,2.25,1.00
2015.06.16 08:42:47.714,0.9545,0.95461,2.25,1.00
2015.06.16 08:42:47.942,0.9545,0.95463,1.50,1.00
2015.06.16 08:42:48.059,0.9545,0.95462,1.50,1.00
2015.06.16 08:42:49.767,0.9545,0.95462,1.50,1.00
2015.06.16 08:42:50.270,0.9545,0.95462,1.50,1.00
2015.06.16 08:42:52.387,0.9545,0.95462,1.75,1.00
2015.06.16 08:42:52.894,0.95455,0.95462,1.00,1.00
2015.06.16 08:42:54.172,0.95455,0.95463,1.00,1.50
2015.06.16 08:43:01.307,0.95455,0.95462,1.00,1.50
2015.06.16 08:43:01.659,0.95455,0.9546,1.00,1.50
2015.06.16 08:43:02.220,0.95455,0.95462,1.00,1.00
2015.06.16 08:43:03.596,0.95455,0.95464,1.00,1.65
2015.06.16 08:43:04.298,0.95455,0.95463,1.00,1.00
2015.06.16 08:43:05.696,0.95455,0.95464,1.00,1.12
2015.06.16 08:43:07.584,0.95455,0.95464,1.00,1.37
2015.06.16 08:43:07.635,0.95452,0.95461,1.12,1.00
2015.06.16 08:43:08.171,0.95452,0.9546,1.12,1.00
2015.06.16 08:43:13.095,0.95452,0.95459,1.12,1.00
2015.06.16 08:43:14.009,0.95452,0.95461,1.12,1.50
2015.06.16 08:43:19.046,0.95452,0.95461,1.50,1.00
2015.06.16 08:43:19.586,0.95452,0.95461,3.22,1.00
2015.06.16 08:43:20.656,0.95452,0.95462,3.60,1.00
2015.06.16 08:43:21.640,0.95451,0.95462,1.37,1.00
2015.06.16 08:43:22.162,0.95451,0.95462,1.37,1.00
2015.06.16 08:43:22.696,0.9545,0.95463,2.85,1.00
2015.06.16 08:43:25.464,0.9545,0.95462,2.10,1.00
2015.06.16 08:43:26.044,0.9545,0.95462,2.10,1.00
2015.06.16 08:43:26.359,0.95452,0.95462,2.85,1.00
2015.06.16 08:43:26.461,0.95454,0.95464,1.35,1.00
2015.06.16 08:43:26.613,0.95452,0.95464,1.87,1.00
2015.06.16 08:43:26.664,0.95451,0.95462,1.50,1.00
2015.06.16 08:43:27.009,0.95449,0.9546,1.35,1.00
2015.06.16 08:43:27.669,0.95448,0.95457,2.47,1.00
2015.06.16 08:43:27.771,0.95445,0.95459,2.92,1.00
2015.06.16 08:43:28.304,0.95446,0.95459,1.75,1.00
2015.06.16 08:43:29.884,0.95446,0.95457,1.50,1.00
2015.06.16 08:43:29.935,0.95446,0.95457,1.50,1.00
2015.06.16 08:43:30.595,0.95446,0.95456,1.00,1.00
2015.06.16 08:43:33.012,0.95446,0.95457,1.35,1.00
2015.06.16 08:43:34.090,0.95446,0.95457,1.67,1.00
2015.06.16 08:43:34.625,0.95446,0.95457,1.35,1.00
2015.06.16 08:43:35.149,0.95446,0.95457,1.67,1.00
2015.06.16 08:43:36.226,0.95446,0.95458,1.67,1.50
2015.06.16 08:43:36.772,0.95446,0.95457,2.10,1.00
2015.06.16 08:43:37.796,0.95446,0.95456,1.67,1.00
2015.06.16 08:43:39.220,0.95447,0.95459,1.50,1.00
2015.06.16 08:43:39.770,0.95447,0.95459,1.50,1.00
2015.06.16 08:43:42.028,0.95448,0.9546,1.37,1.87
2015.06.16 08:43:42.180,0.95451,0.9546,1.00,1.87
2015.06.16 08:43:42.706,0.95451,0.95459,1.00,1.00
2015.06.16 08:43:45.855,0.95451,0.9546,1.00,1.00
2015.06.16 08:43:46.395,0.95451,0.95461,1.00,1.50
2015.06.16 08:43:48.217,0.95451,0.9546,1.00,1.00
2015.06.16 08:43:48.532,0.95451,0.95458,1.00,1.00
2015.06.16 08:43:49.053,0.95451,0.95459,1.00,1.00
2015.06.16 08:43:50.549,0.95451,0.95461,1.00,1.12
2015.06.16 08:43:51.589,0.95453,0.95461,1.00,1.00
2015.06.16 08:43:51.856,0.95451,0.95461,1.00,1.00
2015.06.16 08:43:52.380,0.95451,0.9546,1.00,1.00
2015.06.16 08:43:53.172,0.95451,0.95462,1.00,1.12
2015.06.16 08:43:55.584,0.95451,0.95462,1.00,1.37
2015.06.16 08:43:57.585,0.95451,0.95461,1.37,1.00
2015.06.16 08:43:58.114,0.95451,0.95462,1.37,1.50
2015.06.16 08:43:58.689,0.95451,0.95462,1.35,1.50
2015.06.16 08:43:58.741,0.95453,0.95463,1.00,1.00
2015.06.16 08:43:59.270,0.95453,0.95464,1.00,1.12
2015.06.16 08:43:59.891,0.95453,0.95464,1.00,1.37
2015.06.16 08:44:00.695,0.95453,0.95464,1.00,1.00
2015.06.16 08:44:01.221,0.95455,0.95464,1.00,1.00
2015.06.16 08:44:01.747,0.95455,0.95463,1.00,1.87
2015.06.16 08:44:02.772,0.95452,0.95464,1.12,1.37
2015.06.16 08:44:02.874,0.95451,0.95463,1.00,1.37
2015.06.16 08:44:02.977,0.95449,0.95462,1.00,1.87
2015.06.16 08:44:03.028,0.95449,0.95458,1.00,1.00
2015.06.16 08:44:03.484,0.95449,0.95462,1.00,1.37
2015.06.16 08:44:05.113,0.95449,0.95461,1.87,1.12
2015.06.16 08:44:06.299,0.95449,0.95461,1.87,1.12
2015.06.16 08:44:06.451,0.95449,0.95459,1.37,1.00
2015.06.16 08:44:06.753,0.95447,0.95457,1.37,1.00
2015.06.16 08:44:07.007,0.95446,0.95457,1.00,1.87
2015.06.16 08:44:07.964,0.95444,0.95454,1.12,1.00
2015.06.16 08:44:08.470,0.95445,0.95455,1.00,1.00
2015.06.16 08:44:09.018,0.95446,0.95454,1.12,1.00
2015.06.16 08:44:09.071,0.95446,0.95456,1.87,1.00
2015.06.16 08:44:09.173,0.95446,0.95458,1.37,2.25
2015.06.16 08:44:09.679,0.95446,0.95457,1.12,1.00
2015.06.16 08:44:10.219,0.95446,0.95456,1.37,1.00
2015.06.16 08:44:10.270,0.95446,0.95459,1.87,1.12
2015.06.16 08:44:10.372,0.95446,0.95456,1.37,1.00
2015.06.16 08:44:10.880,0.95446,0.95457,1.37,1.50
2015.06.16 08:44:11.452,0.95446,0.95457,1.12,1.00
2015.06.16 08:44:11.988,0.95446,0.95456,1.37,1.00
2015.06.16 08:44:12.522,0.95446,0.95457,2.62,1.12
2015.06.16 08:44:12.675,0.95445,0.95456,1.00,1.12
2015.06.16 08:44:12.777,0.95445,0.95454,1.12,1.00
2015.06.16 08:44:12.879,0.95446,0.95458,1.12,2.62
2015.06.16 08:44:13.541,0.95446,0.95458,1.00,2.62
2015.06.16 08:44:14.078,0.95445,0.95458,1.12,1.87
2015.06.16 08:44:14.129,0.95445,0.95458,1.00,1.87
2015.06.16 08:44:14.600,0.95445,0.95454,1.00,1.00
2015.06.16 08:44:15.228,0.95443,0.95454,1.37,1.00
2015.06.16 08:44:15.735,0.95443,0.95453,1.12,1.50
2015.06.16 08:44:18.183,0.95441,0.95453,1.37,1.00
2015.06.16 08:44:18.488,0.95441,0.95452,1.12,1.37
2015.06.16 08:44:19.015,0.95444,0.95453,1.00,1.00
2015.06.16 08:44:19.214,0.95445,0.95455,1.50,1.00
2015.06.16 08:44:19.721,0.95445,0.95457,1.87,1.37
2015.06.16 08:44:20.223,0.95445,0.95457,1.87,1.12
2015.06.16 08:44:20.712,0.95447,0.95458,1.00,1.37
2015.06.16 08:44:20.967,0.95446,0.95459,3.60,1.87
2015.06.16 08:44:21.496,0.95447,0.95458,1.50,1.12
2015.06.16 08:44:22.027,0.95447,0.95457,1.75,1.00
2015.06.16 08:44:24.436,0.95448,0.95457,1.00,1.00
2015.06.16 08:44:25.283,0.95447,0.95456,1.37,1.00
2015.06.16 08:44:25.385,0.95446,0.95453,1.00,1.00
2015.06.16 08:44:25.956,0.95445,0.95452,1.00,1.00
2015.06.16 08:44:26.525,0.95442,0.95454,1.00,1.12
2015.06.16 08:44:27.003,0.95444,0.95454,1.00,1.12
2015.06.16 08:44:28.526,0.95444,0.95456,1.12,1.00
2015.06.16 08:44:28.577,0.95447,0.95456,1.00,1.00
2015.06.16 08:44:28.891,0.95448,0.95458,1.00,1.87
2015.06.16 08:44:34.083,0.95449,0.95458,1.00,1.12
2015.06.16 08:44:36.984,0.9545,0.95458,1.00,1.00
2015.06.16 08:44:37.136,0.9545,0.9546,1.00,1.50
2015.06.16 08:44:37.238,0.95453,0.9546,1.00,1.50
2015.06.16 08:44:40.734,0.95453,0.95462,1.00,1.12
2015.06.16 08:44:40.835,0.95453,0.95464,1.00,1.87
2015.06.16 08:44:41.493,0.95453,0.95463,1.00,1.00
2015.06.16 08:44:42.020,0.95453,0.95462,1.00,1.00
2015.06.16 08:44:42.554,0.95453,0.95461,1.00,1.12
2015.06.16 08:44:42.859,0.95453,0.95459,1.00,1.00
2015.06.16 08:44:43.372,0.95453,0.9546,1.00,1.00
2015.06.16 08:44:43.923,0.95453,0.95461,1.00,1.87
2015.06.16 08:44:44.558,0.95453,0.9546,1.00,1.50
2015.06.16 08:44:48.587,0.95453,0.9546,1.00,2.62
2015.06.16 08:44:49.112,0.95453,0.9546,1.00,2.25
2015.06.16 08:44:49.598,0.9545,0.9546,1.00,2.25
2015.06.16 08:44:51.192,0.9545,0.9546,1.00,1.87
2015.06.16 08:44:52.369,0.9545,0.95459,1.00,1.37
2015.06.16 08:44:52.916,0.9545,0.95459,1.00,1.00
2015.06.16 08:44:53.548,0.9545,0.9546,1.00,1.50
2015.06.16 08:44:54.109,0.9545,0.9546,1.00,1.37
2015.06.16 08:44:54.648,0.9545,0.9546,1.12,1.00
2015.06.16 08:44:55.689,0.9545,0.95461,1.37,1.50
2015.06.16 08:44:59.021,0.95451,0.95461,1.00,1.50
2015.06.16 08:45:00.576,0.95451,0.95459,1.00,1.00
2015.06.16 08:45:01.118,0.95451,0.9546,1.00,1.00
2015.06.16 08:45:02.584,0.95451,0.95459,1.12,1.00
2015.06.16 08:45:02.890,0.95446,0.95456,1.12,1.50
2015.06.16 08:45:04.549,0.95446,0.9545,1.00,1.00
2015.06.16 08:45:04.659,0.95446,0.95453,1.00,1.00
2015.06.16 08:45:04.965,0.95446,0.95456,1.00,1.00
2015.06.16 08:45:05.551,0.95446,0.95457,1.00,1.50
2015.06.16 08:45:06.477,0.95446,0.95455,1.00,1.00
2015.06.16 08:45:07.462,0.95446,0.95456,1.00,1.00
2015.06.16 08:45:08.009,0.95444,0.95457,2.85,1.50
2015.06.16 08:45:08.539,0.95448,0.95457,1.12,1.50
2015.06.16 08:45:09.403,0.95448,0.95458,1.12,1.50
2015.06.16 08:45:09.578,0.95448,0.9546,1.12,3.37
2015.06.16 08:45:10.410,0.95446,0.95458,3.00,1.00
2015.06.16 08:45:10.562,0.95446,0.95458,1.00,1.12
2015.06.16 08:45:10.614,0.95446,0.95456,1.00,1.00
2015.06.16 08:45:10.930,0.95446,0.95454,1.00,1.00
2015.06.16 08:45:11.430,0.95446,0.95457,1.00,1.00
2015.06.16 08:45:12.181,0.95446,0.95458,1.12,1.00
2015.06.16 08:45:12.586,0.95445,0.95456,1.12,1.00
2015.06.16 08:45:12.903,0.95445,0.95454,1.12,1.50
2015.06.16 08:45:13.506,0.95446,0.95456,1.00,1.50
2015.06.16 08:45:14.015,0.95446,0.95457,1.37,1.00
2015.06.16 08:45:14.557,0.95446,0.95458,1.87,1.00
2015.06.16 08:45:17.624,0.95446,0.95457,1.50,1.00
2015.06.16 08:45:18.167,0.95446,0.95456,1.12,1.00
2015.06.16 08:45:18.681,0.95446,0.95457,1.50,1.00
2015.06.16 08:45:19.146,0.95444,0.95455,2.25,1.00
2015.06.16 08:45:20.235,0.95445,0.95457,1.50,1.00
2015.06.16 08:45:21.220,0.95445,0.95456,1.50,1.00
2015.06.16 08:45:21.727,0.95445,0.95455,1.50,1.00
2015.06.16 08:45:22.865,0.95445,0.95455,1.12,1.00
2015.06.16 08:45:25.204,0.95445,0.95457,1.12,1.12
2015.06.16 08:45:25.255,0.95445,0.95457,1.37,1.00
2015.06.16 08:45:25.560,0.95445,0.95458,1.87,1.00
2015.06.16 08:45:25.958,0.95445,0.95458,1.87,1.00
2015.06.16 08:45:26.276,0.95445,0.95457,1.12,1.00
2015.06.16 08:45:26.812,0.95445,0.95458,1.87,1.12
2015.06.16 08:45:28.565,0.95445,0.95458,2.25,1.00
2015.06.16 08:45:28.877,0.95445,0.95458,2.25,1.00
2015.06.16 08:45:30.189,0.95445,0.95458,2.25,1.50
2015.06.16 08:45:30.342,0.95445,0.95456,1.50,1.00
2015.06.16 08:45:30.797,0.95445,0.95456,1.50,1.00
2015.06.16 08:45:31.677,0.95445,0.95456,2.25,1.00
2015.06.16 08:45:31.728,0.95445,0.95458,3.00,1.50
2015.06.16 08:45:31.880,0.95448,0.95461,1.37,1.00
2015.06.16 08:45:32.387,0.95449,0.95462,2.25,1.00
2015.06.16 08:45:38.526,0.95449,0.95461,1.87,1.00
2015.06.16 08:45:38.679,0.95449,0.95461,1.37,1.00
2015.06.16 08:45:39.200,0.95449,0.95462,1.12,1.37
2015.06.16 08:45:40.207,0.95449,0.95462,1.12,1.50
2015.06.16 08:45:40.736,0.95449,0.95461,1.87,1.00
2015.06.16 08:45:41.244,0.95449,0.95463,2.25,1.87
2015.06.16 08:45:41.750,0.95451,0.95464,1.50,1.00
2015.06.16 08:45:42.262,0.95451,0.95465,1.87,1.00
2015.06.16 08:45:42.863,0.95451,0.95463,1.00,1.00
2015.06.16 08:45:44.574,0.95452,0.95463,1.00,1.00
2015.06.16 08:45:45.075,0.95452,0.95464,1.00,1.00
2015.06.16 08:45:46.239,0.95452,0.95465,1.00,1.12
2015.06.16 08:45:46.777,0.95453,0.95465,1.00,1.00
2015.06.16 08:45:47.734,0.95455,0.95465,1.00,1.00
2015.06.16 08:45:49.340,0.95453,0.95465,1.12,1.00
2015.06.16 08:45:49.543,0.95455,0.95466,1.00,1.12
2015.06.16 08:45:50.348,0.95455,0.95467,1.50,1.00
2015.06.16 08:45:50.894,0.95455,0.95466,1.00,1.00
2015.06.16 08:45:53.157,0.95456,0.95466,1.00,1.00
2015.06.16 08:45:53.671,0.95458,0.95471,1.00,2.77
2015.06.16 08:45:53.722,0.95458,0.95472,1.87,1.57
2015.06.16 08:45:54.179,0.95461,0.95473,1.12,1.00
2015.06.16 08:45:54.530,0.95463,0.95476,1.00,1.37
2015.06.16 08:45:55.877,0.95463,0.95476,1.00,1.00
2015.06.16 08:45:56.418,0.95463,0.95476,1.00,1.37
2015.06.16 08:45:56.980,0.95463,0.95477,1.37,2.70
2015.06.16 08:45:57.285,0.95466,0.95479,1.00,1.87
2015.06.16 08:45:59.389,0.95465,0.95479,2.25,1.87
2015.06.16 08:46:01.167,0.95465,0.95479,1.87,1.37
2015.06.16 08:46:01.218,0.95465,0.95476,1.37,1.00
2015.06.16 08:46:03.201,0.95465,0.95477,1.37,1.00
2015.06.16 08:46:03.722,0.95462,0.95476,1.87,1.00
2015.06.16 08:46:04.254,0.95462,0.95476,1.87,1.00
2015.06.16 08:46:07.954,0.95462,0.95476,1.37,1.00
2015.06.16 08:46:10.694,0.95462,0.95476,1.12,1.37
2015.06.16 08:46:11.039,0.95455,0.95465,2.25,1.00
2015.06.16 08:46:11.396,0.95453,0.95465,2.25,1.12
2015.06.16 08:46:11.599,0.95453,0.95465,1.00,1.12
2015.06.16 08:46:11.939,0.95451,0.95464,3.37,1.50
2015.06.16 08:46:13.558,0.95451,0.95463,1.50,1.00
2015.06.16 08:46:14.105,0.95451,0.95462,1.00,1.00
2015.06.16 08:46:15.263,0.95451,0.95465,1.50,1.37
2015.06.16 08:46:18.969,0.95451,0.95463,1.00,1.00
2015.06.16 08:46:19.521,0.95451,0.95464,1.37,1.37
2015.06.16 08:46:20.449,0.95451,0.95464,1.37,1.87
2015.06.16 08:46:20.500,0.95451,0.95462,1.37,1.00
2015.06.16 08:46:20.985,0.9545,0.95464,1.37,1.00
2015.06.16 08:46:21.137,0.95453,0.95466,1.12,1.12
2015.06.16 08:46:22.181,0.95454,0.95465,1.00,1.00
2015.06.16 08:46:22.693,0.95452,0.95464,1.72,1.00
2015.06.16 08:46:23.208,0.95453,0.95465,1.12,1.00
2015.06.16 08:46:24.547,0.95454,0.95466,1.37,1.00
2015.06.16 08:46:24.750,0.95455,0.95469,1.37,1.87
2015.06.16 08:46:25.305,0.95457,0.9547,1.12,2.62
2015.06.16 08:46:25.889,0.95457,0.9547,1.72,1.87
2015.06.16 08:46:25.940,0.95457,0.9547,1.97,1.00
2015.06.16 08:46:26.042,0.95458,0.9547,1.30,1.37
2015.06.16 08:46:28.021,0.95458,0.9547,1.37,1.00
2015.06.16 08:46:28.574,0.95458,0.9547,1.12,1.00
2015.06.16 08:46:29.904,0.95458,0.95472,1.87,1.37
2015.06.16 08:46:29.955,0.95458,0.95472,2.62,1.12
2015.06.16 08:46:30.259,0.95461,0.95472,1.37,1.12
2015.06.16 08:46:30.787,0.95459,0.95473,2.62,2.25
2015.06.16 08:46:31.090,0.95459,0.95471,1.37,1.00
2015.06.16 08:46:31.617,0.95457,0.9547,3.22,1.12
2015.06.16 08:46:31.955,0.95458,0.95472,2.62,1.50
2015.06.16 08:46:32.107,0.95458,0.95469,1.87,1.00
2015.06.16 08:46:32.759,0.95458,0.95469,1.12,1.00
2015.06.16 08:46:33.357,0.95458,0.95469,1.37,1.00
2015.06.16 08:46:33.989,0.95458,0.95472,1.37,1.12
2015.06.16 08:46:34.090,0.95457,0.9547,3.22,1.00
2015.06.16 08:46:35.294,0.95457,0.9547,3.97,1.12
2015.06.16 08:46:36.708,0.95457,0.9547,3.22,1.12
2015.06.16 08:46:37.012,0.95458,0.95471,1.37,1.00
2015.06.16 08:46:37.491,0.95458,0.9547,1.87,1.00
2015.06.16 08:46:38.473,0.95458,0.9547,1.12,1.87
2015.06.16 08:46:38.997,0.95457,0.9547,2.47,1.50
2015.06.16 08:46:39.175,0.95457,0.95469,1.30,1.87
2015.06.16 08:46:41.608,0.95457,0.95469,1.30,1.50
2015.06.16 08:46:42.131,0.95457,0.9547,2.47,1.87
2015.06.16 08:46:45.623,0.95457,0.95469,1.12,1.37
2015.06.16 08:46:46.166,0.95455,0.95467,1.37,1.87
2015.06.16 08:46:46.483,0.95455,0.95467,1.00,1.87
2015.06.16 08:46:49.290,0.95455,0.95467,1.00,1.87
2015.06.16 08:46:49.834,0.95454,0.95466,2.10,1.87
2015.06.16 08:46:57.569,0.95452,0.95464,1.57,1.37
2015.06.16 08:46:58.086,0.95452,0.95464,1.27,1.37
2015.06.16 08:46:58.188,0.95452,0.95464,1.27,1.12
2015.06.16 08:46:59.064,0.95451,0.95465,1.50,3.37
2015.06.16 08:46:59.469,0.95449,0.95461,1.12,1.00
2015.06.16 08:46:59.981,0.95448,0.9546,1.37,1.12
2015.06.16 08:47:01.616,0.95447,0.95461,1.12,1.37
2015.06.16 08:47:02.088,0.95449,0.95461,2.85,1.00
2015.06.16 08:47:02.395,0.95451,0.95463,2.47,1.00
2015.06.16 08:47:03.503,0.95449,0.95461,2.55,1.00
2015.06.16 08:47:04.067,0.95449,0.95461,2.55,1.00
2015.06.16 08:47:05.118,0.95451,0.95462,1.00,1.00
2015.06.16 08:47:07.544,0.95451,0.95462,1.37,1.00
2015.06.16 08:47:08.119,0.95451,0.95462,1.75,1.00
2015.06.16 08:47:08.221,0.95453,0.95466,1.67,1.12
2015.06.16 08:47:08.272,0.95453,0.95466,1.35,1.12
2015.06.16 08:47:08.672,0.95453,0.95465,1.87,1.00
2015.06.16 08:47:10.245,0.95453,0.95465,1.87,1.00
2015.06.16 08:47:11.523,0.95451,0.95464,3.75,1.00
2015.06.16 08:47:11.624,0.95451,0.95461,1.50,1.00
2015.06.16 08:47:11.929,0.9545,0.95458,1.47,1.00
2015.06.16 08:47:12.131,0.9545,0.95461,1.47,1.50
2015.06.16 08:47:12.659,0.9545,0.9546,1.47,1.00
2015.06.16 08:47:14.283,0.9545,0.9546,1.10,1.50
2015.06.16 08:47:17.941,0.9545,0.95458,1.00,1.00
2015.06.16 08:47:19.344,0.9545,0.95459,1.00,1.00
2015.06.16 08:47:19.917,0.9545,0.9546,1.00,1.50
2015.06.16 08:47:20.454,0.9545,0.95461,1.12,1.00
2015.06.16 08:47:21.350,0.9545,0.95458,1.12,1.00
2015.06.16 08:47:21.975,0.9545,0.95461,1.12,1.00
2015.06.16 08:47:23.349,0.9545,0.95459,1.12,1.00
2015.06.16 08:47:24.185,0.9545,0.95461,1.12,1.00
2015.06.16 08:47:24.691,0.95448,0.9546,1.47,1.00
2015.06.16 08:47:26.472,0.95448,0.95461,1.50,1.12
2015.06.16 08:47:27.041,0.9545,0.95462,1.12,1.00
2015.06.16 08:47:32.041,0.9545,0.95462,1.37,1.00
2015.06.16 08:47:32.622,0.9545,0.95462,1.95,1.00
2015.06.16 08:47:34.082,0.9545,0.95462,1.95,1.00
2015.06.16 08:47:34.707,0.9545,0.95463,3.45,1.50
2015.06.16 08:47:37.419,0.9545,0.95462,2.70,1.00
2015.06.16 08:47:38.028,0.9545,0.95461,2.70,1.00
2015.06.16 08:47:40.664,0.9545,0.95461,1.95,1.00
2015.06.16 08:47:46.919,0.9545,0.9546,1.85,1.00
2015.06.16 08:47:47.426,0.9545,0.95461,1.85,1.00
2015.06.16 08:47:48.436,0.9545,0.9546,1.57,1.00
2015.06.16 08:47:48.975,0.9545,0.95461,1.57,1.00
2015.06.16 08:47:49.034,0.9545,0.95459,1.57,1.00
2015.06.16 08:47:49.262,0.9545,0.95461,1.85,1.00
2015.06.16 08:47:50.637,0.9545,0.95461,1.85,1.00
2015.06.16 08:47:51.193,0.9545,0.9546,1.85,1.00
2015.06.16 08:47:52.949,0.9545,0.95461,1.85,1.00
2015.06.16 08:47:55.657,0.95449,0.95461,2.55,1.00
2015.06.16 08:47:56.159,0.95449,0.9546,3.30,1.00
2015.06.16 08:47:56.932,0.95449,0.95461,2.55,1.00
2015.06.16 08:47:57.627,0.95449,0.95462,3.30,1.50
2015.06.16 08:47:58.886,0.95449,0.95463,4.05,1.00
2015.06.16 08:47:59.412,0.9545,0.95461,1.57,1.00
2015.06.16 08:48:00.066,0.9545,0.95461,1.50,1.00
2015.06.16 08:48:01.214,0.9545,0.95463,1.12,1.12
2015.06.16 08:48:02.339,0.95451,0.95463,1.00,1.12
2015.06.16 08:48:03.239,0.95452,0.95464,1.00,1.87
2015.06.16 08:48:03.761,0.95452,0.95464,1.37,1.00
2015.06.16 08:48:04.380,0.95452,0.95464,1.37,1.37
2015.06.16 08:48:05.571,0.95452,0.95464,1.37,1.12
2015.06.16 08:48:06.079,0.95452,0.95463,1.00,1.12
2015.06.16 08:48:09.064,0.95451,0.95465,1.37,1.37
2015.06.16 08:48:12.089,0.95452,0.95464,1.12,1.37
2015.06.16 08:48:14.030,0.95452,0.95463,1.12,1.12
2015.06.16 08:48:14.804,0.95449,0.95462,2.17,1.50
2015.06.16 08:48:16.186,0.9545,0.95463,1.37,1.12
2015.06.16 08:48:16.723,0.95451,0.95464,1.87,1.87
2015.06.16 08:48:19.201,0.95451,0.95464,1.87,1.87
2015.06.16 08:48:22.854,0.95453,0.95464,1.12,1.00
2015.06.16 08:48:26.679,0.95452,0.95463,1.87,1.00
2015.06.16 08:48:27.373,0.9545,0.95462,2.62,1.00
2015.06.16 08:48:27.875,0.9545,0.95462,1.87,1.00
2015.06.16 08:48:29.110,0.9545,0.95462,1.87,1.00
2015.06.16 08:48:31.339,0.95449,0.95462,3.60,1.12
2015.06.16 08:48:31.883,0.95449,0.9546,2.10,1.00
2015.06.16 08:48:34.359,0.95449,0.9546,2.10,1.50
2015.06.16 08:48:35.252,0.95449,0.95461,2.10,1.00
2015.06.16 08:48:35.799,0.95449,0.95461,2.85,1.00
2015.06.16 08:48:44.590,0.9545,0.95461,1.50,1.00
2015.06.16 08:48:49.266,0.9545,0.95461,1.00,1.00
2015.06.16 08:48:50.712,0.95449,0.95461,2.10,1.00
2015.06.16 08:48:51.471,0.95449,0.95461,2.10,1.00
2015.06.16 08:48:51.775,0.95449,0.95458,1.72,1.00
2015.06.16 08:48:52.232,0.95451,0.9546,1.12,1.00
2015.06.16 08:48:52.428,0.95451,0.95464,1.50,1.50
2015.06.16 08:48:52.480,0.95451,0.95462,1.50,1.00
2015.06.16 08:48:52.988,0.9545,0.95461,1.00,1.00
2015.06.16 08:48:53.831,0.9545,0.95459,1.00,1.00
2015.06.16 08:48:54.380,0.95449,0.95459,1.00,1.00
2015.06.16 08:48:54.901,0.95448,0.95459,1.00,1.50
2015.06.16 08:48:55.462,0.95447,0.95458,1.00,1.00
2015.06.16 08:48:56.014,0.95448,0.95458,1.00,1.00
2015.06.16 08:48:58.150,0.95448,0.95458,1.37,1.00
2015.06.16 08:48:58.544,0.95448,0.95461,1.37,1.37
2015.06.16 08:49:02.662,0.95448,0.95459,1.37,1.00
2015.06.16 08:49:03.059,0.95448,0.95459,1.00,1.00
2015.06.16 08:49:03.388,0.95447,0.95457,1.12,1.00
2015.06.16 08:49:03.540,0.95445,0.95456,1.00,1.00
2015.06.16 08:49:04.118,0.95443,0.95456,1.37,1.00
2015.06.16 08:49:04.620,0.95443,0.95456,1.12,1.00
2015.06.16 08:49:07.351,0.95442,0.95456,1.50,1.37
2015.06.16 08:49:07.949,0.95441,0.95454,1.12,1.00
2015.06.16 08:49:08.152,0.9544,0.95454,1.87,1.87
2015.06.16 08:49:08.472,0.95442,0.95455,1.12,1.87
2015.06.16 08:49:08.695,0.95442,0.95456,1.37,1.12
2015.06.16 08:49:09.227,0.95444,0.95457,1.87,1.00
2015.06.16 08:49:17.443,0.95446,0.95457,1.00,1.00
2015.06.16 08:49:17.953,0.95445,0.95458,1.12,1.12
2015.06.16 08:49:18.495,0.95445,0.95457,1.12,1.50
2015.06.16 08:49:19.165,0.95445,0.95458,1.50,1.12
2015.06.16 08:49:19.701,0.95446,0.9546,1.87,1.37
2015.06.16 08:49:20.754,0.95446,0.9546,1.87,1.00
2015.06.16 08:49:21.058,0.95446,0.95458,1.87,1.00
2015.06.16 08:49:21.477,0.95446,0.9546,1.87,1.00
2015.06.16 08:49:22.761,0.95446,0.9546,2.62,1.37
2015.06.16 08:49:23.303,0.95446,0.95458,1.12,1.12
2015.06.16 08:49:28.491,0.95446,0.95457,1.87,1.00
2015.06.16 08:49:28.643,0.95446,0.9546,1.87,1.37
2015.06.16 08:49:29.169,0.95446,0.9546,1.87,1.12
2015.06.16 08:49:29.702,0.95448,0.95461,1.12,2.70
2015.06.16 08:49:34.294,0.95446,0.9546,1.87,1.12
2015.06.16 08:49:34.833,0.95445,0.95459,2.62,1.00
2015.06.16 08:49:34.934,0.95445,0.95457,2.62,1.00
2015.06.16 08:49:35.139,0.95445,0.95459,2.62,1.00
2015.06.16 08:49:35.669,0.95446,0.9546,1.12,1.12
2015.06.16 08:49:36.023,0.95446,0.95459,1.50,1.37
2015.06.16 08:49:37.148,0.95447,0.95459,1.00,1.37
2015.06.16 08:49:37.352,0.95445,0.95457,2.62,1.30
2015.06.16 08:49:37.403,0.95445,0.95455,1.00,1.50
2015.06.16 08:49:37.606,0.95443,0.95455,1.00,1.37
2015.06.16 08:49:37.657,0.95441,0.95454,1.00,1.37
2015.06.16 08:49:37.860,0.95441,0.95454,1.00,1.50
2015.06.16 08:49:38.865,0.95441,0.95452,1.12,1.37
2015.06.16 08:49:39.563,0.95441,0.95452,1.37,1.87
2015.06.16 08:49:39.665,0.95438,0.95452,1.87,3.37
2015.06.16 08:49:39.767,0.95436,0.95449,1.50,1.87
2015.06.16 08:49:40.763,0.95435,0.95448,2.25,1.12
2015.06.16 08:49:41.689,0.95436,0.95449,1.00,1.37
2015.06.16 08:49:42.229,0.95436,0.95447,1.12,1.12
2015.06.16 08:49:42.756,0.95436,0.95448,1.50,1.00
2015.06.16 08:49:44.772,0.95437,0.95448,1.00,1.87
2015.06.16 08:49:45.278,0.95436,0.95448,1.00,1.12
2015.06.16 08:49:47.422,0.95436,0.95448,1.00,1.37
2015.06.16 08:49:47.473,0.95434,0.95446,1.00,1.87
2015.06.16 08:49:47.878,0.95431,0.95443,2.25,1.00
2015.06.16 08:49:48.070,0.95433,0.95446,1.75,1.00
2015.06.16 08:49:48.602,0.95434,0.95445,1.37,1.12
2015.06.16 08:49:49.501,0.95435,0.95446,1.12,1.12
2015.06.16 08:49:54.213,0.95435,0.95445,1.00,1.12
2015.06.16 08:49:54.719,0.95434,0.95446,1.87,1.87
2015.06.16 08:49:55.498,0.95434,0.95446,1.50,1.50
2015.06.16 08:49:55.599,0.95434,0.9544,1.87,1.00
2015.06.16 08:49:55.701,0.95433,0.95446,1.87,2.62
2015.06.16 08:49:55.752,0.95433,0.9544,1.87,1.00
2015.06.16 08:49:56.056,0.9543,0.95435,1.37,1.00
2015.06.16 08:49:56.157,0.95429,0.95435,2.25,1.00
2015.06.16 08:49:56.411,0.95426,0.95438,2.25,1.00
2015.06.16 08:49:59.689,0.95432,0.95438,1.00,1.00
2015.06.16 08:49:59.842,0.95432,0.95438,1.37,1.00
2015.06.16 08:50:00.400,0.95427,0.95436,3.00,1.00
2015.06.16 08:50:00.634,0.95425,0.95435,2.10,1.00
2015.06.16 08:50:01.141,0.95423,0.95435,1.75,1.00
2015.06.16 08:50:01.670,0.95423,0.95436,1.75,1.00
2015.06.16 08:50:02.649,0.95423,0.95437,1.75,1.00
2015.06.16 08:50:03.105,0.95423,0.95435,1.75,1.00
2015.06.16 08:50:03.156,0.95423,0.95435,1.50,1.00
2015.06.16 08:50:03.603,0.95424,0.95437,1.67,1.50
2015.06.16 08:50:04.403,0.95424,0.95437,1.67,1.50
2015.06.16 08:50:04.749,0.95424,0.95434,1.67,1.00
2015.06.16 08:50:07.482,0.95425,0.95432,1.00,1.00
2015.06.16 08:50:07.536,0.95425,0.95434,1.00,1.50
2015.06.16 08:50:08.632,0.95421,0.95433,1.75,1.00
2015.06.16 08:50:08.734,0.95422,0.95432,1.00,1.00
2015.06.16 08:50:09.851,0.95419,0.95433,3.00,1.87
2015.06.16 08:50:10.156,0.95419,0.95431,2.25,1.00
2015.06.16 08:50:11.443,0.95419,0.95431,1.75,1.00
2015.06.16 08:50:11.962,0.9542,0.95431,1.00,1.12
2015.06.16 08:50:12.367,0.95418,0.95432,1.75,1.00
2015.06.16 08:50:12.885,0.9542,0.95433,1.50,1.87
2015.06.16 08:50:13.584,0.95422,0.95432,1.00,1.87
2015.06.16 08:50:15.668,0.95422,0.95433,1.00,1.50
2015.06.16 08:50:16.171,0.95421,0.95433,1.00,1.00
2015.06.16 08:50:16.490,0.9542,0.95433,2.25,1.00
2015.06.16 08:50:17.028,0.95422,0.95434,1.87,1.00
2015.06.16 08:50:17.580,0.95422,0.95434,2.47,1.00
2015.06.16 08:50:17.784,0.95427,0.95437,1.00,1.00
2015.06.16 08:50:17.887,0.95426,0.95437,1.00,1.37
2015.06.16 08:50:18.396,0.9542,0.95434,3.37,1.00
2015.06.16 08:50:18.448,0.95421,0.95435,1.50,2.62
2015.06.16 08:50:18.550,0.95421,0.95433,1.50,1.00
2015.06.16 08:50:21.075,0.95422,0.95435,1.50,1.12
2015.06.16 08:50:22.447,0.95421,0.95434,1.75,1.00
2015.06.16 08:50:22.498,0.9542,0.95432,1.37,1.00
2015.06.16 08:50:24.207,0.95419,0.95433,1.37,1.50
2015.06.16 08:50:24.547,0.9542,0.95434,3.22,1.50
2015.06.16 08:50:28.224,0.9542,0.95432,2.47,1.00
2015.06.16 08:50:28.924,0.95421,0.95433,1.37,1.00
2015.06.16 08:50:28.975,0.95421,0.95435,1.87,1.00
2015.06.16 08:50:30.463,0.95422,0.95436,1.37,1.50
2015.06.16 08:50:32.044,0.95424,0.95435,1.12,1.12
2015.06.16 08:50:32.570,0.95425,0.95435,1.00,1.12
2015.06.16 08:50:33.990,0.95424,0.95435,1.00,1.12
2015.06.16 08:50:34.643,0.95423,0.95435,1.00,1.12
2015.06.16 08:50:35.300,0.95423,0.95435,1.00,1.37
2015.06.16 08:50:36.083,0.95423,0.95435,1.00,1.00
2015.06.16 08:50:36.600,0.95421,0.95434,1.37,1.50
2015.06.16 08:50:37.870,0.95422,0.95433,1.12,1.00
2015.06.16 08:50:38.264,0.95422,0.95433,3.22,1.00
2015.06.16 08:50:38.416,0.95424,0.95437,1.87,1.50
2015.06.16 08:50:38.518,0.95424,0.95437,1.87,1.50
2015.06.16 08:50:39.025,0.95427,0.95437,1.00,1.50
2015.06.16 08:50:39.598,0.95425,0.95436,1.37,1.00
2015.06.16 08:50:40.919,0.95425,0.95436,1.37,1.00
2015.06.16 08:50:41.434,0.95424,0.95435,1.37,1.00
2015.06.16 08:50:41.958,0.95423,0.95435,1.37,1.00
2015.06.16 08:50:44.017,0.95421,0.95434,1.50,1.00
2015.06.16 08:50:47.036,0.95422,0.95435,1.37,1.50
2015.06.16 08:50:47.738,0.95422,0.95436,1.87,2.25
2015.06.16 08:50:48.377,0.95422,0.95435,1.87,1.00
2015.06.16 08:50:49.007,0.95422,0.95434,1.87,1.00
2015.06.16 08:50:49.513,0.95422,0.95435,1.87,1.00
2015.06.16 08:50:49.768,0.95422,0.95434,1.87,1.00
2015.06.16 08:50:51.497,0.95421,0.95434,1.37,2.25
2015.06.16 08:50:52.592,0.9542,0.95432,3.00,1.00
2015.06.16 08:50:53.411,0.9542,0.95431,2.25,1.00
2015.06.16 08:50:53.716,0.9542,0.95431,2.25,1.00
2015.06.16 08:50:55.416,0.9542,0.95431,1.75,1.00
2015.06.16 08:50:55.704,0.9542,0.95433,1.75,1.00
2015.06.16 08:50:56.239,0.9542,0.95432,1.75,1.00
2015.06.16 08:50:57.628,0.95421,0.95434,1.75,1.00
2015.06.16 08:50:58.050,0.95422,0.95434,1.00,1.00
2015.06.16 08:51:00.298,0.9542,0.95434,1.75,1.37
2015.06.16 08:51:01.213,0.95422,0.95434,1.00,1.87
2015.06.16 08:51:02.590,0.95422,0.95433,1.00,1.00
2015.06.16 08:51:04.627,0.9542,0.95431,1.67,1.00
2015.06.16 08:51:04.729,0.9542,0.95433,1.35,1.50
2015.06.16 08:51:05.306,0.9542,0.95433,1.67,1.50
2015.06.16 08:51:05.797,0.9542,0.95431,1.67,1.00
2015.06.16 08:51:06.313,0.9542,0.95431,2.10,1.50
2015.06.16 08:51:07.224,0.95421,0.95431,1.00,1.00
2015.06.16 08:51:11.016,0.95419,0.9543,1.97,1.00
2015.06.16 08:51:26.741,0.95416,0.9543,3.37,1.00
2015.06.16 08:51:26.965,0.95418,0.95432,1.00,1.50
2015.06.16 08:51:27.269,0.95422,0.95432,1.00,1.50
2015.06.16 08:51:27.772,0.95422,0.95431,1.00,1.00
2015.06.16 08:51:28.330,0.95421,0.95431,1.00,1.00
2015.06.16 08:51:28.968,0.95423,0.95431,1.00,1.00
2015.06.16 08:51:29.512,0.95422,0.95431,1.00,1.00
2015.06.16 08:51:31.722,0.95423,0.95431,1.00,1.00
2015.06.16 08:51:34.800,0.95424,0.95431,1.00,1.00
2015.06.16 08:51:35.358,0.95423,0.9543,1.00,1.00
2015.06.16 08:51:36.240,0.95422,0.95431,1.00,1.00
2015.06.16 08:51:36.342,0.95419,0.9543,1.00,1.00
2015.06.16 08:51:36.393,0.9542,0.95432,1.00,1.00
2015.06.16 08:51:36.444,0.95423,0.95433,1.00,1.00
2015.06.16 08:51:36.698,0.95425,0.95436,1.00,1.00
2015.06.16 08:51:37.196,0.95426,0.95438,1.00,1.50
2015.06.16 08:51:37.705,0.95427,0.95438,1.00,1.00
2015.06.16 08:51:37.807,0.95426,0.95436,1.00,1.00
2015.06.16 08:51:38.299,0.95426,0.95432,1.00,1.00
2015.06.16 08:51:38.493,0.95423,0.95432,1.00,1.00
2015.06.16 08:51:38.544,0.95423,0.95429,1.00,1.00
2015.06.16 08:51:38.698,0.95419,0.95427,1.00,1.00
2015.06.16 08:51:38.852,0.95419,0.95425,1.00,1.00
2015.06.16 08:51:39.158,0.95419,0.95427,1.00,1.00
2015.06.16 08:51:39.209,0.95421,0.95427,1.00,1.00
2015.06.16 08:51:39.362,0.95422,0.95429,1.00,1.00
2015.06.16 08:51:39.461,0.95422,0.95426,1.00,1.00
2015.06.16 08:51:39.973,0.95423,0.95427,1.00,1.00
2015.06.16 08:51:40.393,0.95422,0.95429,1.00,1.00
2015.06.16 08:51:41.196,0.95421,0.95429,1.00,1.00
2015.06.16 08:51:41.502,0.95423,0.95429,1.00,1.00
2015.06.16 08:51:42.157,0.9542,0.95429,1.00,1.00
2015.06.16 08:51:42.259,0.9542,0.95427,1.00,1.00
2015.06.16 08:51:42.563,0.95417,0.95424,1.00,1.50
2015.06.16 08:51:42.614,0.95415,0.95424,1.00,1.00
2015.06.16 08:51:42.931,0.95417,0.95424,1.00,1.00
2015.06.16 08:51:45.598,0.95416,0.95424,1.00,1.50
2015.06.16 08:51:46.570,0.95417,0.95424,1.00,1.00
2015.06.16 08:51:47.365,0.95419,0.95424,1.00,1.00
2015.06.16 08:51:47.468,0.95418,0.95426,1.00,1.00
2015.06.16 08:51:47.570,0.9542,0.95426,1.00,1.00
2015.06.16 08:51:48.104,0.95419,0.95426,1.00,1.00
2015.06.16 08:51:48.206,0.95417,0.95426,1.00,1.00
2015.06.16 08:51:50.412,0.95419,0.95426,1.00,1.00
2015.06.16 08:51:50.716,0.9542,0.9543,1.00,1.00
2015.06.16 08:51:50.767,0.95422,0.9543,1.00,1.00
2015.06.16 08:51:51.389,0.95422,0.95431,1.00,1.00
2015.06.16 08:51:51.693,0.95425,0.95431,1.00,1.00
2015.06.16 08:51:52.970,0.95423,0.95431,1.00,1.00
2015.06.16 08:51:58.308,0.95424,0.95431,1.00,1.00
2015.06.16 08:51:58.360,0.95424,0.95433,1.00,1.00
2015.06.16 08:52:00.105,0.95423,0.95433,1.00,1.50
2015.06.16 08:52:00.855,0.95424,0.95434,1.00,1.50
2015.06.16 08:52:02.960,0.95425,0.95434,1.00,1.00
2015.06.16 08:52:03.238,0.95425,0.95436,1.00,1.50
2015.06.16 08:52:03.775,0.95424,0.95436,1.00,1.50
2015.06.16 08:52:04.325,0.95424,0.95436,2.10,1.50
2015.06.16 08:52:04.376,0.95428,0.95436,1.00,1.50
2015.06.16 08:52:04.530,0.95428,0.95439,1.00,1.00
2015.06.16 08:52:04.631,0.9543,0.95439,1.00,1.00
2015.06.16 08:52:04.733,0.95431,0.95441,1.00,1.00
2015.06.16 08:52:04.834,0.95434,0.95443,1.00,1.00
2015.06.16 08:52:07.352,0.95433,0.95443,2.25,1.00
2015.06.16 08:52:08.009,0.95434,0.95443,1.00,1.00
2015.06.16 08:52:08.514,0.95434,0.95444,1.87,1.00
2015.06.16 08:52:09.129,0.95435,0.95444,1.00,1.00
2015.06.16 08:52:10.679,0.95433,0.95444,1.00,1.00
2015.06.16 08:52:11.202,0.95434,0.95444,1.00,1.50
2015.06.16 08:52:11.743,0.95434,0.95443,1.00,1.00
2015.06.16 08:52:12.194,0.95434,0.95447,1.00,1.50
2015.06.16 08:52:12.351,0.95438,0.95447,2.10,1.50
2015.06.16 08:52:12.637,0.95445,0.95454,1.00,1.00
2015.06.16 08:52:12.688,0.95445,0.95458,1.50,2.25
2015.06.16 08:52:13.193,0.95446,0.95458,1.00,1.50
2015.06.16 08:52:13.548,0.95449,0.95459,1.00,1.00
2015.06.16 08:52:14.081,0.95448,0.95459,1.00,1.00
2015.06.16 08:52:14.385,0.9545,0.95459,1.00,1.00
2015.06.16 08:52:14.798,0.9545,0.95461,1.00,1.50
2015.06.16 08:52:15.189,0.95452,0.95464,1.72,1.57
2015.06.16 08:52:15.291,0.95455,0.95464,1.00,1.87
2015.06.16 08:52:15.830,0.95455,0.95464,1.00,1.50
2015.06.16 08:52:16.381,0.95455,0.95463,1.00,1.00
2015.06.16 08:52:16.588,0.95453,0.95463,1.00,1.00
2015.06.16 08:52:16.966,0.95453,0.95461,1.00,1.00
2015.06.16 08:52:17.474,0.95452,0.95461,1.12,1.00
2015.06.16 08:52:18.799,0.95453,0.95461,1.00,1.00
2015.06.16 08:52:19.104,0.95453,0.95464,1.37,1.50
2015.06.16 08:52:19.155,0.95457,0.95464,1.00,1.50
2015.06.16 08:52:19.685,0.95458,0.95464,1.00,1.00
2015.06.16 08:52:19.990,0.95458,0.95466,1.00,1.50
2015.06.16 08:52:20.883,0.95457,0.95465,1.00,1.00
2015.06.16 08:52:20.985,0.95452,0.95462,1.00,1.00
2015.06.16 08:52:21.498,0.95451,0.95461,1.00,1.00
2015.06.16 08:52:21.600,0.95449,0.9546,1.00,1.00
2015.06.16 08:52:21.651,0.95447,0.9546,2.25,1.00
2015.06.16 08:52:21.702,0.9545,0.9546,1.00,1.00
2015.06.16 08:52:21.911,0.95446,0.95458,2.62,1.50
2015.06.16 08:52:22.417,0.95448,0.95459,1.00,1.00
2015.06.16 08:52:22.671,0.95448,0.95462,2.10,1.00
2015.06.16 08:52:22.722,0.95448,0.9546,1.35,1.00
2015.06.16 08:52:22.875,0.95449,0.95462,1.00,1.50
2015.06.16 08:52:23.100,0.95451,0.95462,1.00,1.50
2015.06.16 08:52:26.288,0.95451,0.95462,2.85,1.00
2015.06.16 08:52:26.441,0.95453,0.95467,1.35,1.95
2015.06.16 08:52:26.492,0.95455,0.95467,1.00,1.50
2015.06.16 08:52:26.593,0.95455,0.95467,1.00,1.10
2015.06.16 08:52:26.644,0.95455,0.95462,1.00,1.00
2015.06.16 08:52:26.746,0.95452,0.95463,1.50,1.00
2015.06.16 08:52:26.848,0.9545,0.95462,1.00,1.00
2015.06.16 08:52:27.592,0.95451,0.95462,1.00,1.00
2015.06.16 08:52:29.492,0.95452,0.95462,1.50,1.00
2015.06.16 08:52:29.544,0.95456,0.95465,2.25,1.50
2015.06.16 08:52:29.748,0.95468,0.95478,1.12,1.00
2015.06.16 08:52:30.255,0.95468,0.95479,1.12,1.50
2015.06.16 08:52:32.146,0.95467,0.95478,1.37,1.00
2015.06.16 08:52:33.630,0.95469,0.95481,1.00,1.00
2015.06.16 08:52:33.884,0.95471,0.95483,1.00,1.00
2015.06.16 08:52:33.935,0.95472,0.95485,1.00,1.50
2015.06.16 08:52:34.544,0.95472,0.95484,1.35,1.00
2015.06.16 08:52:34.777,0.9547,0.95484,3.00,1.00
2015.06.16 08:52:35.283,0.95471,0.95485,1.50,1.50
2015.06.16 08:52:35.536,0.95473,0.95485,1.00,1.00
2015.06.16 08:52:35.587,0.95473,0.95487,1.00,1.00
2015.06.16 08:52:36.138,0.95472,0.95486,2.25,1.50
2015.06.16 08:52:36.314,0.95474,0.95486,1.00,1.50
2015.06.16 08:52:36.517,0.95474,0.95488,1.00,2.32
2015.06.16 08:52:37.038,0.95476,0.95488,1.00,1.00
2015.06.16 08:52:37.190,0.95478,0.95492,1.00,1.87
2015.06.16 08:52:37.467,0.9548,0.95493,1.00,1.00
2015.06.16 08:52:37.772,0.95479,0.95485,1.00,1.00
2015.06.16 08:52:37.823,0.95474,0.95485,1.57,1.00
2015.06.16 08:52:38.329,0.95474,0.95484,1.00,1.00
2015.06.16 08:52:39.597,0.95477,0.95484,1.00,1.00
2015.06.16 08:52:39.649,0.95477,0.95487,1.00,1.00
2015.06.16 08:52:39.751,0.95477,0.95485,1.00,1.00
2015.06.16 08:52:39.852,0.95478,0.95491,2.25,1.87
2015.06.16 08:52:39.954,0.9548,0.95492,1.00,1.50
2015.06.16 08:52:40.298,0.95478,0.95488,1.00,1.00
2015.06.16 08:52:40.675,0.95478,0.95486,1.00,1.00
2015.06.16 08:52:41.199,0.95477,0.95486,1.00,1.00
2015.06.16 08:52:41.310,0.95474,0.95484,1.00,1.00
2015.06.16 08:52:41.817,0.95473,0.95484,1.00,1.50
2015.06.16 08:52:41.868,0.95472,0.95482,1.00,1.00
2015.06.16 08:52:42.408,0.95472,0.95481,1.00,1.00
2015.06.16 08:52:44.529,0.95471,0.95481,1.00,1.00
2015.06.16 08:52:44.736,0.9547,0.95484,1.50,1.00
2015.06.16 08:52:44.939,0.95472,0.95486,1.00,1.12
2015.06.16 08:52:45.262,0.95475,0.95486,1.00,1.00
2015.06.16 08:52:45.566,0.95477,0.9549,1.35,1.87
2015.06.16 08:52:45.617,0.95477,0.9549,1.35,1.57
2015.06.16 08:52:45.668,0.9548,0.9549,1.00,1.57
2015.06.16 08:52:45.770,0.95478,0.9549,1.00,1.57
2015.06.16 08:52:47.075,0.95477,0.9549,2.10,1.50
2015.06.16 08:52:51.198,0.95477,0.9549,2.47,1.50
2015.06.16 08:52:53.096,0.95477,0.9549,1.72,1.50
2015.06.16 08:52:55.162,0.95478,0.9549,1.00,1.50
2015.06.16 08:52:55.421,0.95478,0.9549,1.37,1.50
2015.06.16 08:52:57.253,0.95479,0.9549,1.87,1.00
2015.06.16 08:52:58.916,0.95479,0.9549,1.87,1.00
2015.06.16 08:52:59.438,0.95479,0.9549,1.87,1.00
2015.06.16 08:53:07.276,0.9548,0.95491,1.12,1.00
2015.06.16 08:53:07.901,0.95482,0.95491,1.00,1.50
2015.06.16 08:53:08.438,0.95481,0.95491,1.00,1.50
2015.06.16 08:53:09.757,0.95483,0.95491,1.00,1.00
2015.06.16 08:53:10.008,0.95483,0.95493,1.00,1.50
2015.06.16 08:53:10.763,0.95483,0.95492,1.00,1.00
2015.06.16 08:53:10.865,0.95486,0.95492,1.00,1.00
2015.06.16 08:53:12.849,0.95486,0.95494,1.00,1.50
2015.06.16 08:53:12.950,0.95484,0.95492,1.00,1.00
2015.06.16 08:53:13.309,0.95487,0.95493,1.00,1.00
2015.06.16 08:53:13.512,0.95485,0.95493,1.00,1.50
2015.06.16 08:53:13.968,0.95485,0.9549,1.00,1.00
2015.06.16 08:53:14.979,0.95485,0.95489,1.00,1.00
2015.06.16 08:53:16.032,0.95485,0.9549,1.00,1.50
2015.06.16 08:53:18.364,0.95483,0.9549,1.00,1.50
2015.06.16 08:53:19.889,0.95488,0.95492,1.00,4.50
2015.06.16 08:53:19.990,0.95487,0.95496,1.35,1.10
2015.06.16 08:53:20.093,0.95487,0.95498,1.00,1.00
2015.06.16 08:53:20.194,0.95484,0.95498,3.75,1.00
2015.06.16 08:53:20.508,0.95486,0.955,1.50,1.50
2015.06.16 08:53:20.817,0.95486,0.95497,1.50,1.00
2015.06.16 08:53:22.188,0.95485,0.95494,1.00,1.00
2015.06.16 08:53:22.699,0.95484,0.95494,1.00,1.00
2015.06.16 08:53:23.499,0.95484,0.95495,1.00,1.00
2015.06.16 08:53:27.758,0.95486,0.95496,1.00,1.00
2015.06.16 08:53:28.274,0.95486,0.95497,1.00,1.00
2015.06.16 08:53:29.296,0.95487,0.95501,1.50,1.50
2015.06.16 08:53:29.830,0.95488,0.95501,1.00,1.00
2015.06.16 08:53:30.560,0.95489,0.95501,1.00,1.00
2015.06.16 08:53:31.116,0.95488,0.95502,1.50,1.00
2015.06.16 08:53:31.978,0.9549,0.95503,1.00,1.50
2015.06.16 08:53:32.569,0.95491,0.95502,1.00,1.00
2015.06.16 08:53:32.721,0.95489,0.95501,1.00,1.50
2015.06.16 08:53:33.481,0.95488,0.95501,3.00,1.00
2015.06.16 08:53:34.056,0.95489,0.95501,1.00,1.00
2015.06.16 08:53:35.226,0.95489,0.95502,1.00,1.50
2015.06.16 08:53:36.299,0.95488,0.95502,3.75,1.50
2015.06.16 08:53:37.283,0.95488,0.95501,1.00,1.00
2015.06.16 08:53:37.839,0.95488,0.95502,1.50,1.50
2015.06.16 08:53:39.737,0.95489,0.95502,1.00,1.50
2015.06.16 08:53:41.598,0.9549,0.95502,1.00,1.00
2015.06.16 08:53:42.625,0.9549,0.95503,1.50,1.00
2015.06.16 08:53:43.927,0.9549,0.95502,1.00,1.00
2015.06.16 08:53:44.029,0.95488,0.955,3.00,1.00
2015.06.16 08:53:44.332,0.9549,0.955,1.00,1.00
2015.06.16 08:53:45.152,0.95491,0.955,1.00,1.00
2015.06.16 08:53:47.027,0.95491,0.95499,1.00,1.00
2015.06.16 08:53:47.078,0.95488,0.95499,1.00,1.00
2015.06.16 08:53:47.601,0.95487,0.95499,1.00,1.00
2015.06.16 08:53:48.287,0.95489,0.95499,1.00,1.00
2015.06.16 08:53:48.439,0.9549,0.95503,1.00,1.87
2015.06.16 08:53:48.993,0.95491,0.95503,1.00,1.87
2015.06.16 08:53:51.995,0.95493,0.95502,1.00,1.12
2015.06.16 08:53:52.046,0.95493,0.95504,1.00,1.50
2015.06.16 08:53:52.198,0.9549,0.95504,2.25,1.50
2015.06.16 08:53:52.300,0.9549,0.95498,1.10,1.00
2015.06.16 08:53:52.644,0.95495,0.955,1.00,1.50
2015.06.16 08:53:52.796,0.95494,0.95499,1.00,1.50
2015.06.16 08:53:53.447,0.95491,0.95499,1.00,1.50
2015.06.16 08:53:58.168,0.9549,0.95499,1.00,1.00
2015.06.16 08:53:58.371,0.95488,0.95499,1.00,1.00
2015.06.16 08:53:58.422,0.95488,0.95497,1.00,1.00
2015.06.16 08:53:58.474,0.95484,0.95496,1.50,1.00
2015.06.16 08:53:58.525,0.95484,0.95491,1.00,1.00
2015.06.16 08:53:58.577,0.95482,0.95491,1.10,1.00
2015.06.16 08:53:58.629,0.95482,0.95487,1.10,1.00
2015.06.16 08:53:59.138,0.95483,0.95487,1.00,1.00
2015.06.16 08:53:59.239,0.95483,0.9549,1.00,1.00
2015.06.16 08:53:59.341,0.95483,0.95493,1.00,1.00
2015.06.16 08:53:59.392,0.95489,0.95494,1.00,1.00
2015.06.16 08:53:59.494,0.95487,0.95495,1.00,1.00
2015.06.16 08:54:00.235,0.95487,0.95497,1.00,1.50
2015.06.16 08:54:00.286,0.95489,0.95497,1.00,1.50
2015.06.16 08:54:00.592,0.95491,0.95498,1.00,1.00
2015.06.16 08:54:01.903,0.9549,0.95498,1.00,1.00
2015.06.16 08:54:02.251,0.9549,0.95501,1.00,1.00
2015.06.16 08:54:04.742,0.9549,0.95502,1.00,1.50
2015.06.16 08:54:05.280,0.9549,0.95501,1.00,1.00
2015.06.16 08:54:06.447,0.95492,0.95503,1.50,1.00
2015.06.16 08:54:06.752,0.95496,0.95507,1.00,1.00
2015.06.16 08:54:06.803,0.95496,0.95509,1.00,1.50
2015.06.16 08:54:06.955,0.95502,0.95509,1.00,1.50
2015.06.16 08:54:08.254,0.95502,0.95508,1.00,1.50
2015.06.16 08:54:10.367,0.95501,0.95508,1.00,1.00
2015.06.16 08:54:12.376,0.95499,0.95508,1.00,1.00
2015.06.16 08:54:12.478,0.95497,0.95506,1.50,1.00
2015.06.16 08:54:13.017,0.95498,0.95506,1.00,1.00
2015.06.16 08:54:14.679,0.95498,0.95508,1.00,1.00
2015.06.16 08:54:15.185,0.95497,0.95508,1.50,1.00
2015.06.16 08:54:15.286,0.95497,0.9551,1.50,1.50
2015.06.16 08:54:16.574,0.95497,0.95511,3.00,1.50
2015.06.16 08:54:16.676,0.95498,0.95509,1.00,1.00
2015.06.16 08:54:16.793,0.95498,0.95511,1.00,1.50
2015.06.16 08:54:18.165,0.95498,0.95508,1.00,1.00
2015.06.16 08:54:21.915,0.95499,0.9551,1.00,1.00
2015.06.16 08:54:28.416,0.95499,0.95512,1.50,1.00
2015.06.16 08:54:28.646,0.95502,0.95512,1.00,1.00
2015.06.16 08:54:29.101,0.955,0.95512,1.50,1.00
2015.06.16 08:54:32.908,0.95502,0.95512,1.00,1.00
2015.06.16 08:54:33.010,0.95504,0.95515,1.00,1.00
2015.06.16 08:54:33.061,0.95504,0.95515,1.37,1.00
2015.06.16 08:54:33.162,0.95507,0.95517,1.12,1.00
2015.06.16 08:54:33.213,0.95507,0.95519,1.87,1.00
2015.06.16 08:54:33.741,0.95508,0.9552,1.00,1.00
2015.06.16 08:54:33.893,0.95506,0.95517,1.00,1.00
2015.06.16 08:54:37.634,0.95506,0.9552,1.00,1.10
2015.06.16 08:54:38.140,0.95507,0.95521,1.00,1.12
2015.06.16 08:54:38.803,0.95507,0.95519,1.00,1.00
2015.06.16 08:54:39.198,0.95506,0.95517,1.00,1.00
2015.06.16 08:54:39.503,0.95501,0.9551,1.00,1.00
2015.06.16 08:54:40.014,0.95502,0.95511,1.00,1.50
2015.06.16 08:54:40.511,0.95502,0.95509,1.00,1.00
2015.06.16 08:54:41.020,0.95502,0.9551,1.00,1.00
2015.06.16 08:54:42.640,0.95502,0.95511,1.00,1.00
2015.06.16 08:54:44.219,0.95502,0.95513,1.00,1.00
2015.06.16 08:54:44.270,0.95502,0.95515,1.00,1.00
2015.06.16 08:54:46.176,0.95503,0.95515,1.00,1.00
2015.06.16 08:54:48.853,0.95503,0.95516,1.00,1.10
2015.06.16 08:54:49.029,0.95505,0.95518,1.50,2.70
2015.06.16 08:54:49.334,0.95507,0.95516,1.00,1.00
2015.06.16 08:54:49.637,0.95506,0.95514,1.00,1.00
2015.06.16 08:54:49.992,0.95503,0.95515,1.00,1.00
2015.06.16 08:54:50.652,0.95503,0.95514,1.00,1.00
2015.06.16 08:54:51.358,0.95503,0.95513,1.00,1.00
2015.06.16 08:54:51.895,0.95502,0.95513,1.00,1.50
2015.06.16 08:54:52.398,0.95502,0.95512,1.00,1.50
2015.06.16 08:54:53.075,0.95501,0.95512,1.50,1.50
2015.06.16 08:54:53.601,0.95501,0.95511,1.50,1.00
2015.06.16 08:54:54.136,0.95501,0.9551,1.50,1.00
2015.06.16 08:54:54.825,0.95503,0.9551,1.00,1.00
2015.06.16 08:54:54.927,0.95502,0.95513,1.00,1.10
2015.06.16 08:54:55.052,0.95501,0.9551,1.50,1.00
2015.06.16 08:54:55.154,0.95501,0.95512,1.00,1.50
2015.06.16 08:54:55.670,0.95501,0.95511,1.00,1.00
2015.06.16 08:54:58.982,0.95499,0.95511,1.00,1.00
2015.06.16 08:54:59.569,0.95499,0.95512,1.00,1.00
2015.06.16 08:55:00.073,0.95499,0.95511,1.00,1.00
2015.06.16 08:55:06.437,0.95499,0.95509,1.00,1.00
2015.06.16 08:55:06.488,0.95495,0.95508,1.00,1.00
2015.06.16 08:55:06.641,0.95495,0.95504,1.00,1.00
2015.06.16 08:55:06.692,0.95492,0.95504,1.87,1.50
2015.06.16 08:55:06.794,0.95494,0.95508,1.00,1.50
2015.06.16 08:55:06.946,0.95496,0.95508,1.00,1.00
2015.06.16 08:55:07.453,0.95496,0.95509,1.50,1.50
2015.06.16 08:55:08.903,0.95495,0.95509,1.50,1.00
2015.06.16 08:55:09.227,0.95493,0.95506,1.20,1.00
2015.06.16 08:55:09.530,0.95489,0.95502,1.00,1.00
2015.06.16 08:55:09.963,0.95491,0.95503,1.00,1.00
2015.06.16 08:55:10.371,0.9549,0.95501,1.00,1.00
2015.06.16 08:55:10.473,0.9549,0.95503,1.00,1.00
2015.06.16 08:55:11.565,0.95488,0.95499,1.00,1.50
2015.06.16 08:55:12.112,0.95488,0.95502,1.00,1.50
2015.06.16 08:55:12.568,0.95487,0.955,1.00,1.12
2015.06.16 08:55:13.086,0.95488,0.95502,1.00,1.95
2015.06.16 08:55:13.592,0.95487,0.955,1.00,1.12
2015.06.16 08:55:13.895,0.95485,0.95498,1.00,1.00
2015.06.16 08:55:14.303,0.95487,0.955,1.00,1.87
2015.06.16 08:55:15.294,0.95486,0.95498,1.00,1.00
2015.06.16 08:55:16.101,0.95492,0.95501,1.00,1.20
2015.06.16 08:55:16.356,0.95494,0.95505,1.00,1.00
2015.06.16 08:55:16.407,0.95496,0.95505,1.00,1.00
2015.06.16 08:55:16.509,0.95494,0.95505,1.00,1.50
2015.06.16 08:55:16.610,0.95489,0.955,1.87,1.00
2015.06.16 08:55:16.661,0.95489,0.955,1.00,1.12
2015.06.16 08:55:16.712,0.95487,0.95499,1.00,1.00
2015.06.16 08:55:16.814,0.95485,0.95499,1.00,1.00
2015.06.16 08:55:17.785,0.95484,0.95498,1.00,1.00
2015.06.16 08:55:18.090,0.95483,0.95496,3.00,1.50
2015.06.16 08:55:18.710,0.95484,0.95498,1.00,1.00
2015.06.16 08:55:19.014,0.95486,0.95498,1.00,1.50
2015.06.16 08:55:19.116,0.95484,0.95498,1.50,1.50
2015.06.16 08:55:20.526,0.95484,0.95498,2.10,1.50
2015.06.16 08:55:20.830,0.9549,0.95501,1.50,1.00
2015.06.16 08:55:20.931,0.95491,0.95504,1.00,1.20
2015.06.16 08:55:20.982,0.95493,0.95504,1.00,1.12
2015.06.16 08:55:21.215,0.95493,0.95507,1.50,1.10
2015.06.16 08:55:21.317,0.95495,0.95507,1.00,1.10
2015.06.16 08:55:22.327,0.95494,0.95506,1.00,1.00
2015.06.16 08:55:23.205,0.95496,0.95506,1.00,1.00
2015.06.16 08:55:23.755,0.95497,0.95506,1.00,1.00
2015.06.16 08:55:24.309,0.95497,0.95508,1.00,1.00
2015.06.16 08:55:25.867,0.95495,0.95508,1.00,1.00
2015.06.16 08:55:26.416,0.95496,0.95508,1.00,1.00
2015.06.16 08:55:27.493,0.95495,0.95507,1.00,1.00
2015.06.16 08:55:30.129,0.95499,0.95511,1.00,1.10
2015.06.16 08:55:30.433,0.955,0.95514,1.00,1.87
2015.06.16 08:55:30.636,0.95498,0.95511,1.10,1.00
2015.06.16 08:55:32.087,0.95498,0.95511,2.17,1.00
2015.06.16 08:55:32.240,0.95501,0.95514,1.00,1.00
2015.06.16 08:55:32.342,0.95503,0.95516,1.50,1.57
2015.06.16 08:55:32.887,0.95504,0.95517,1.00,1.50
2015.06.16 08:55:33.742,0.95503,0.95514,1.87,1.00
2015.06.16 08:55:33.930,0.95501,0.95512,1.00,1.00
2015.06.16 08:55:34.032,0.955,0.9551,2.25,1.00
2015.06.16 08:55:34.538,0.955,0.95511,1.50,1.00
2015.06.16 08:55:34.846,0.95503,0.9551,2.10,1.00
2015.06.16 08:55:34.949,0.95504,0.95516,1.60,1.10
2015.06.16 08:55:35.050,0.95504,0.95514,1.00,1.00
2015.06.16 08:55:35.596,0.95503,0.95514,1.00,1.00
2015.06.16 08:55:36.399,0.95501,0.95514,1.50,1.00
2015.06.16 08:55:39.664,0.95502,0.95515,1.50,1.50
2015.06.16 08:55:41.416,0.95503,0.95515,1.00,1.50
2015.06.16 08:55:42.568,0.95501,0.95514,1.00,1.50
2015.06.16 08:55:43.524,0.95501,0.95513,1.00,1.00
2015.06.16 08:55:46.176,0.95501,0.95512,2.25,1.00
2015.06.16 08:55:46.278,0.95501,0.95514,1.00,1.00
2015.06.16 08:55:47.625,0.95502,0.95514,1.00,1.00
2015.06.16 08:55:47.967,0.95502,0.95512,1.00,1.00
2015.06.16 08:55:50.485,0.955,0.95512,1.50,1.00
2015.06.16 08:55:51.044,0.95499,0.95512,1.00,1.50
2015.06.16 08:55:51.921,0.955,0.95512,1.00,1.50
2015.06.16 08:55:52.094,0.95501,0.95514,1.12,1.00
2015.06.16 08:55:52.601,0.95501,0.95512,1.00,1.00
2015.06.16 08:55:53.244,0.95501,0.95513,1.00,1.50
2015.06.16 08:55:54.103,0.95501,0.95514,1.50,1.50
2015.06.16 08:55:54.406,0.95504,0.95516,2.25,1.00
2015.06.16 08:55:54.508,0.95504,0.95518,3.00,1.50
2015.06.16 08:55:54.711,0.95505,0.95516,1.00,1.00
2015.06.16 08:55:55.121,0.95506,0.95518,1.00,1.00
2015.06.16 08:55:55.277,0.95506,0.9552,1.00,1.57
2015.06.16 08:56:00.934,0.95507,0.9552,1.00,1.00
2015.06.16 08:56:01.589,0.95511,0.9552,1.00,1.00
2015.06.16 08:56:01.742,0.95511,0.95522,1.00,1.10
2015.06.16 08:56:01.996,0.95511,0.95524,1.00,1.00
2015.06.16 08:56:02.047,0.95511,0.95522,1.00,1.00
2015.06.16 08:56:02.250,0.95511,0.95524,1.50,1.00
2015.06.16 08:56:05.887,0.95512,0.95524,1.00,1.00
2015.06.16 08:56:08.242,0.95512,0.95522,1.50,1.00
2015.06.16 08:56:08.967,0.95514,0.95524,1.00,1.00
2015.06.16 08:56:09.069,0.95512,0.95526,1.50,1.10
2015.06.16 08:56:09.170,0.95513,0.95523,1.00,1.00
2015.06.16 08:56:09.704,0.95513,0.95522,1.00,1.00
2015.06.16 08:56:11.042,0.95513,0.95524,1.00,1.00
2015.06.16 08:56:11.548,0.95514,0.95525,1.00,1.00
2015.06.16 08:56:12.050,0.95514,0.95526,1.00,1.00
2015.06.16 08:56:13.477,0.95514,0.95527,1.50,1.50
2015.06.16 08:56:13.778,0.95514,0.95524,1.50,1.00
2015.06.16 08:56:14.487,0.95514,0.95521,1.00,1.00
2015.06.16 08:56:14.800,0.95512,0.95521,1.00,1.00
2015.06.16 08:56:21.295,0.95512,0.9552,1.00,1.00
2015.06.16 08:56:21.396,0.95509,0.9552,1.00,1.00
2015.06.16 08:56:21.701,0.95509,0.95522,1.00,1.50
2015.06.16 08:56:21.905,0.95512,0.95522,1.00,1.00
2015.06.16 08:56:22.220,0.9552,0.95529,1.00,1.00
2015.06.16 08:56:22.322,0.9552,0.95532,1.00,1.50
2015.06.16 08:56:22.373,0.95518,0.95532,2.62,1.50
2015.06.16 08:56:23.059,0.95518,0.9553,2.25,1.00
2015.06.16 08:56:23.393,0.95512,0.95523,1.00,1.00
2015.06.16 08:56:24.041,0.9551,0.95523,2.62,1.00
2015.06.16 08:56:25.706,0.9551,0.95523,2.62,1.00
2015.06.16 08:56:26.217,0.9551,0.95522,2.62,1.00
2015.06.16 08:56:26.575,0.9551,0.95522,2.62,1.00
2015.06.16 08:56:26.677,0.9551,0.95524,3.37,2.25
2015.06.16 08:56:27.186,0.95512,0.95525,1.87,1.50
2015.06.16 08:56:27.714,0.95513,0.95525,1.00,1.50
2015.06.16 08:56:27.967,0.95513,0.95523,1.00,1.50
2015.06.16 08:56:28.499,0.95513,0.95522,1.00,1.50
2015.06.16 08:56:33.566,0.95513,0.95521,1.00,1.00
2015.06.16 08:56:33.617,0.95511,0.95521,1.00,1.00
2015.06.16 08:56:34.143,0.95511,0.95522,1.00,2.25
2015.06.16 08:56:34.397,0.95509,0.9552,1.00,1.00
2015.06.16 08:56:34.700,0.95513,0.95521,1.00,1.00
2015.06.16 08:56:34.802,0.95513,0.95524,1.00,1.00
2015.06.16 08:56:39.208,0.95513,0.95525,1.00,1.00
2015.06.16 08:56:39.706,0.95511,0.95524,2.25,1.00
2015.06.16 08:56:40.241,0.95511,0.95523,2.25,1.00
2015.06.16 08:56:43.272,0.95513,0.95523,1.00,1.00
2015.06.16 08:56:44.606,0.95513,0.95521,1.00,1.00
2015.06.16 08:56:45.121,0.95513,0.95522,1.00,1.00
2015.06.16 08:56:45.294,0.95513,0.95524,1.00,1.50
2015.06.16 08:56:47.106,0.95513,0.95523,1.00,1.00
2015.06.16 08:56:48.229,0.95513,0.95524,1.50,1.50
2015.06.16 08:56:48.802,0.95513,0.95523,1.50,1.00
2015.06.16 08:56:51.671,0.95513,0.95522,1.50,1.00
2015.06.16 08:56:52.272,0.95513,0.95523,1.00,1.00
2015.06.16 08:56:53.195,0.9551,0.95523,1.00,1.50
2015.06.16 08:56:53.740,0.95508,0.95522,1.87,1.00
2015.06.16 08:56:54.258,0.95508,0.95521,1.87,1.00
2015.06.16 08:56:56.615,0.95508,0.9552,1.00,1.50
2015.06.16 08:56:58.761,0.95508,0.95519,1.00,1.00
2015.06.16 08:56:58.863,0.95508,0.95521,1.00,2.25
2015.06.16 08:57:00.414,0.95508,0.95518,1.00,1.00
2015.06.16 08:57:00.518,0.95506,0.95518,1.35,1.00
2015.06.16 08:57:00.569,0.95505,0.95516,1.00,1.00
2015.06.16 08:57:00.721,0.95502,0.95514,1.50,1.00
2015.06.16 08:57:01.324,0.95503,0.95514,1.00,1.00
2015.06.16 08:57:01.628,0.95502,0.95516,1.00,1.50
2015.06.16 08:57:02.192,0.95503,0.95516,1.00,1.00
2015.06.16 08:57:02.934,0.95503,0.95515,1.50,1.00
2015.06.16 08:57:03.289,0.95506,0.95517,1.00,1.50
2015.06.16 08:57:03.390,0.95504,0.95516,1.50,1.50
2015.06.16 08:57:04.303,0.95504,0.95515,1.00,1.50
2015.06.16 08:57:04.822,0.95503,0.95515,1.00,1.00
2015.06.16 08:57:05.243,0.95505,0.95516,1.00,1.00
2015.06.16 08:57:05.518,0.95503,0.95516,1.00,1.50
2015.06.16 08:57:06.288,0.95502,0.95516,1.50,1.50
2015.06.16 08:57:08.463,0.95504,0.95516,1.00,1.50
2015.06.16 08:57:10.349,0.95503,0.95516,1.00,1.00
2015.06.16 08:57:11.332,0.95503,0.95515,1.00,1.00
2015.06.16 08:57:13.175,0.95504,0.95516,1.50,1.00
2015.06.16 08:57:13.535,0.95509,0.95522,1.00,1.00
2015.06.16 08:57:13.839,0.95509,0.9552,1.50,1.00
2015.06.16 08:57:14.144,0.95506,0.95517,1.50,1.00
2015.06.16 08:57:18.074,0.95504,0.95517,2.25,1.00
2015.06.16 08:57:18.775,0.95504,0.95516,1.50,1.00
2015.06.16 08:57:20.901,0.95504,0.95515,1.00,2.25
2015.06.16 08:57:21.104,0.95503,0.95512,1.00,1.00
2015.06.16 08:57:21.155,0.95501,0.95512,1.00,1.00
2015.06.16 08:57:22.368,0.95501,0.9551,1.00,1.00
2015.06.16 08:57:29.911,0.95501,0.95511,1.50,1.50
2015.06.16 08:57:30.449,0.95501,0.9551,1.00,1.00
2015.06.16 08:57:32.719,0.95501,0.95509,1.00,1.50
2015.06.16 08:57:33.241,0.95501,0.95511,1.00,1.50
2015.06.16 08:57:39.651,0.95498,0.95509,1.00,1.00
2015.06.16 08:57:40.058,0.955,0.95509,1.00,1.50
2015.06.16 08:57:42.762,0.955,0.95508,1.00,1.00
2015.06.16 08:57:42.813,0.95498,0.95507,1.50,1.00
2015.06.16 08:57:46.766,0.95498,0.95509,1.50,1.00
2015.06.16 08:57:47.344,0.95499,0.95509,1.00,1.00
2015.06.16 08:57:50.238,0.95498,0.95509,1.50,1.00
2015.06.16 08:57:50.643,0.95498,0.95507,1.50,1.00
2015.06.16 08:57:52.841,0.95498,0.95508,1.50,1.00
2015.06.16 08:57:53.145,0.955,0.9551,1.00,1.00
2015.06.16 08:57:54.253,0.955,0.95509,1.00,1.00
2015.06.16 08:57:56.144,0.955,0.95507,1.00,1.00
2015.06.16 08:58:01.287,0.955,0.95509,1.00,1.00
2015.06.16 08:58:01.949,0.955,0.9551,1.00,2.25
2015.06.16 08:58:04.924,0.95501,0.9551,1.00,1.00
2015.06.16 08:58:04.975,0.95503,0.9551,1.00,1.00
2015.06.16 08:58:05.320,0.95505,0.9551,1.00,1.00
2015.06.16 08:58:05.421,0.95505,0.95515,1.00,1.00
2015.06.16 08:58:05.827,0.95506,0.9552,1.00,2.25
2015.06.16 08:58:05.928,0.95506,0.95517,1.00,1.00
2015.06.16 08:58:06.435,0.95507,0.95517,1.00,1.00
2015.06.16 08:58:06.614,0.95507,0.95519,1.50,1.00
2015.06.16 08:58:06.994,0.95509,0.9552,1.00,1.00
2015.06.16 08:58:08.729,0.95508,0.95519,1.00,1.00
2015.06.16 08:58:09.252,0.95508,0.9552,1.00,2.25
2015.06.16 08:58:09.602,0.95508,0.95518,1.00,1.00
2015.06.16 08:58:10.105,0.95508,0.95517,1.00,1.00
2015.06.16 08:58:10.759,0.95506,0.95517,2.25,1.00
2015.06.16 08:58:11.263,0.95505,0.95518,2.25,1.00
2015.06.16 08:58:12.926,0.95505,0.95517,2.25,1.00
2015.06.16 08:58:13.511,0.95505,0.95518,2.25,1.00
2015.06.16 08:58:14.885,0.95505,0.95517,2.25,1.00
2015.06.16 08:58:15.645,0.95507,0.95517,1.00,1.00
2015.06.16 08:58:17.638,0.95507,0.95518,1.00,1.00
2015.06.16 08:58:19.246,0.95509,0.95518,1.00,1.00
2015.06.16 08:58:19.398,0.95509,0.9552,1.00,1.00
2015.06.16 08:58:19.551,0.95511,0.95521,1.00,1.00
2015.06.16 08:58:20.096,0.95511,0.95522,1.00,1.00
2015.06.16 08:58:21.198,0.95511,0.95521,1.00,1.00
2015.06.16 08:58:21.328,0.95509,0.95521,1.50,1.00
2015.06.16 08:58:21.444,0.95511,0.95521,1.00,1.00
2015.06.16 08:58:21.950,0.9551,0.95521,1.00,1.00
2015.06.16 08:58:22.654,0.95509,0.95521,2.25,1.00
2015.06.16 08:58:24.476,0.95509,0.9552,1.00,1.00
2015.06.16 08:58:24.629,0.95506,0.9552,1.50,1.50
2015.06.16 08:58:25.134,0.95507,0.95519,1.00,1.00
2015.06.16 08:58:26.565,0.95506,0.95519,1.50,1.50
2015.06.16 08:58:30.221,0.95506,0.95518,1.00,1.00
2015.06.16 08:58:30.478,0.95508,0.95518,1.00,1.00
2015.06.16 08:58:30.529,0.95508,0.9552,1.00,1.00
2015.06.16 08:58:30.631,0.95508,0.95518,1.00,1.00
2015.06.16 08:58:30.834,0.95508,0.9552,1.00,1.00
2015.06.16 08:58:31.188,0.95508,0.95518,2.25,1.00
2015.06.16 08:58:31.718,0.95506,0.95518,1.50,1.00
2015.06.16 08:58:32.225,0.95507,0.95519,1.50,1.50
2015.06.16 08:58:32.276,0.95508,0.95521,1.00,1.00
2015.06.16 08:58:32.791,0.95509,0.95522,1.00,1.00
2015.06.16 08:58:33.289,0.95509,0.9552,1.00,1.00
2015.06.16 08:58:35.059,0.95509,0.9552,1.00,1.60
2015.06.16 08:58:35.363,0.95507,0.9552,1.50,2.85
2015.06.16 08:58:35.900,0.95506,0.95519,2.25,1.35
2015.06.16 08:58:36.809,0.95506,0.95517,2.25,1.00
2015.06.16 08:58:39.115,0.95506,0.95518,1.50,1.00
2015.06.16 08:58:39.419,0.95506,0.95516,1.50,1.00
2015.06.16 08:58:40.231,0.95506,0.95517,1.50,1.00
2015.06.16 08:58:41.688,0.95506,0.95518,1.50,1.00
2015.06.16 08:58:42.322,0.95506,0.95517,1.50,1.00
2015.06.16 08:58:43.100,0.95507,0.95517,1.00,1.00
2015.06.16 08:58:45.352,0.95507,0.95518,1.00,1.00
2015.06.16 08:58:49.334,0.95508,0.95518,1.00,1.00
2015.06.16 08:58:53.178,0.95508,0.95519,1.00,1.00
2015.06.16 08:58:53.280,0.95509,0.95522,1.00,1.50
2015.06.16 08:58:53.331,0.95512,0.95523,1.00,2.70
2015.06.16 08:58:53.483,0.95513,0.95527,1.50,2.70
2015.06.16 08:58:53.534,0.95513,0.95522,1.00,1.00
2015.06.16 08:58:54.036,0.95512,0.95522,1.00,1.00
2015.06.16 08:58:54.239,0.9551,0.95521,1.00,1.00
2015.06.16 08:58:54.493,0.9551,0.95523,1.87,1.50
2015.06.16 08:58:55.106,0.9551,0.95523,2.62,1.00
2015.06.16 08:58:55.429,0.95511,0.95521,1.00,1.00
2015.06.16 08:58:55.480,0.95509,0.95521,1.50,1.00
2015.06.16 08:58:55.632,0.95509,0.9552,1.00,1.60
2015.06.16 08:58:56.170,0.95508,0.95518,1.00,1.35
2015.06.16 08:58:56.708,0.95509,0.95518,1.00,1.35
2015.06.16 08:58:59.113,0.95509,0.9552,1.00,1.00
2015.06.16 08:58:59.628,0.9551,0.9552,1.00,1.00
2015.06.16 08:59:02.444,0.95507,0.9552,2.25,1.00
2015.06.16 08:59:02.602,0.95509,0.9552,1.00,1.00
2015.06.16 08:59:03.968,0.95509,0.95521,1.00,1.50
2015.06.16 08:59:04.272,0.95513,0.95522,1.00,1.50
2015.06.16 08:59:05.898,0.95512,0.95522,1.00,1.00
2015.06.16 08:59:06.202,0.95511,0.95519,1.00,1.00
2015.06.16 08:59:06.715,0.95507,0.95518,1.37,1.00
2015.06.16 08:59:07.237,0.95507,0.95518,1.37,1.00
2015.06.16 08:59:07.440,0.95506,0.95516,1.12,1.00
2015.06.16 08:59:07.542,0.95508,0.95517,1.00,2.25
2015.06.16 08:59:07.866,0.95508,0.95515,1.00,1.00
2015.06.16 08:59:08.019,0.95508,0.95517,1.00,1.00
2015.06.16 08:59:08.538,0.95508,0.95518,1.00,1.00
2015.06.16 08:59:12.491,0.95508,0.95517,1.00,1.50
2015.06.16 08:59:15.352,0.95504,0.95513,1.50,1.00
2015.06.16 08:59:15.403,0.95502,0.95513,1.00,1.50
2015.06.16 08:59:15.935,0.95502,0.95511,1.00,1.00
2015.06.16 08:59:17.005,0.95502,0.95512,1.00,2.25
2015.06.16 08:59:18.442,0.95502,0.95511,1.00,1.00
2015.06.16 08:59:18.964,0.95502,0.95512,1.00,1.50
2015.06.16 08:59:19.513,0.95501,0.95511,1.00,1.00
2015.06.16 08:59:20.101,0.95502,0.9551,1.00,1.00
2015.06.16 08:59:26.142,0.95502,0.95509,1.00,1.00
2015.06.16 08:59:27.535,0.95499,0.95509,1.00,1.00
2015.06.16 08:59:28.108,0.95499,0.95507,1.00,1.00
2015.06.16 08:59:28.209,0.95497,0.95506,1.00,1.00
2015.06.16 08:59:28.311,0.95497,0.95504,1.00,1.00
2015.06.16 08:59:28.414,0.95491,0.95504,1.00,1.50
2015.06.16 08:59:28.566,0.9549,0.95501,1.00,1.00
2015.06.16 08:59:28.819,0.95488,0.95501,1.50,1.00
2015.06.16 08:59:29.331,0.95489,0.955,1.00,1.00
2015.06.16 08:59:32.734,0.95489,0.95499,1.00,1.00
2015.06.16 08:59:34.063,0.95489,0.95501,1.00,1.00
2015.06.16 08:59:34.166,0.95491,0.95501,1.00,1.00
2015.06.16 08:59:34.268,0.95487,0.95501,3.00,2.25
2015.06.16 08:59:34.545,0.95486,0.95499,1.00,1.00
2015.06.16 08:59:35.022,0.95489,0.95499,1.00,1.00
2015.06.16 08:59:35.551,0.95489,0.955,1.00,1.50
2015.06.16 08:59:36.231,0.9549,0.955,1.00,1.00
2015.06.16 08:59:36.793,0.9549,0.95499,1.00,1.00
2015.06.16 08:59:38.817,0.9549,0.95501,1.00,1.00
2015.06.16 08:59:39.441,0.95491,0.95501,1.00,1.00
2015.06.16 08:59:39.897,0.95491,0.95503,1.00,1.57
2015.06.16 08:59:40.150,0.95489,0.95502,1.50,1.00
2015.06.16 08:59:40.681,0.9549,0.95501,1.00,1.00
2015.06.16 08:59:42.292,0.9549,0.955,1.00,1.00
2015.06.16 08:59:42.829,0.9549,0.95501,1.00,1.00
2015.06.16 08:59:43.143,0.95493,0.95502,1.00,1.00
2015.06.16 08:59:43.609,0.95491,0.95503,1.00,1.00
2015.06.16 08:59:43.660,0.95493,0.95504,1.00,2.25
2015.06.16 08:59:43.963,0.95495,0.95507,1.00,1.50
2015.06.16 08:59:44.512,0.95496,0.95508,1.00,1.10
2015.06.16 08:59:44.665,0.95498,0.95508,1.00,1.10
2015.06.16 08:59:45.300,0.95497,0.95508,1.00,1.00
2015.06.16 08:59:45.929,0.95497,0.95506,1.00,1.00
2015.06.16 08:59:46.081,0.95489,0.955,1.10,1.00
2015.06.16 08:59:46.621,0.95488,0.955,1.50,1.00
2015.06.16 08:59:47.954,0.95488,0.95501,2.25,2.25
2015.06.16 08:59:48.156,0.95488,0.95499,2.25,1.00
2015.06.16 08:59:48.418,0.95489,0.95501,1.00,1.00
2015.06.16 08:59:48.930,0.95488,0.95501,1.50,1.00
2015.06.16 08:59:49.757,0.95488,0.95502,2.25,2.25
2015.06.16 08:59:50.283,0.95489,0.95502,1.00,2.25
2015.06.16 08:59:51.029,0.95489,0.95501,1.50,1.00
2015.06.16 08:59:51.690,0.95491,0.95502,1.00,1.50
2015.06.16 08:59:51.994,0.95496,0.95507,1.00,1.87
2015.06.16 08:59:52.045,0.95496,0.95507,1.00,1.50
2015.06.16 08:59:52.502,0.95497,0.95508,1.00,1.10
2015.06.16 08:59:53.564,0.95495,0.95509,2.25,2.70
2015.06.16 08:59:54.110,0.95496,0.95509,1.00,1.95
2015.06.16 08:59:54.611,0.95495,0.95507,1.50,1.00
2015.06.16 08:59:55.166,0.95495,0.95508,1.50,1.10
2015.06.16 08:59:56.972,0.95497,0.95509,1.00,1.95
2015.06.16 08:59:57.480,0.95496,0.95508,1.50,1.00
2015.06.16 08:59:58.811,0.95496,0.95507,1.00,1.00
2015.06.16 08:59:59.065,0.95491,0.95503,2.25,1.00
2015.06.16 08:59:59.166,0.95493,0.95503,1.00,1.00
2015.06.16 08:59:59.366,0.95492,0.95505,1.00,1.10
2015.06.16 08:59:59.880,0.9549,0.95503,1.00,1.00
