2017.08.09 07:00:00.412,0.86763,0.8677,1.00,1.00
2017.08.09 07:00:00.805,0.86763,0.86767,1.00,1.00
2017.08.09 07:00:00.857,0.86761,0.86767,1.00,1.00
2017.08.09 07:00:00.910,0.86759,0.86767,2.62,1.00
2017.08.09 07:00:01.067,0.86758,0.86764,1.00,1.00
2017.08.09 07:00:01.374,0.86756,0.86767,3.00,1.37
2017.08.09 07:00:01.573,0.86759,0.86767,1.00,1.00
2017.08.09 07:00:01.624,0.86759,0.86769,1.00,1.12
2017.08.09 07:00:01.881,0.86764,0.86771,1.87,1.00
2017.08.09 07:00:01.934,0.86763,0.86773,1.12,1.75
2017.08.09 07:00:01.987,0.86765,0.86775,1.00,5.06
2017.08.09 07:00:02.039,0.86764,0.86775,1.12,2.81
2017.08.09 07:00:02.196,0.86764,0.86774,1.12,1.19
2017.08.09 07:00:02.248,0.86764,0.86775,1.12,1.50
2017.08.09 07:00:02.559,0.86763,0.86772,1.37,1.00
2017.08.09 07:00:02.957,0.8676,0.86771,1.50,1.75
2017.08.09 07:00:03.059,0.8676,0.86771,2.62,1.00
2017.08.09 07:00:03.163,0.86759,0.86769,1.37,1.00
2017.08.09 07:00:03.317,0.8676,0.86771,1.00,2.25
2017.08.09 07:00:03.420,0.8676,0.86769,2.62,1.00
2017.08.09 07:00:03.772,0.8676,0.86771,2.62,1.50
2017.08.09 07:00:04.292,0.86762,0.86771,1.00,1.00
2017.08.09 07:00:04.839,0.8676,0.86769,1.87,1.00
2017.08.09 07:00:04.892,0.8676,0.86772,1.87,1.87
2017.08.09 07:00:04.996,0.86762,0.86773,1.50,1.75
2017.08.09 07:00:05.098,0.86762,0.86773,1.87,1.00
2017.08.09 07:00:05.150,0.86765,0.86774,1.00,1.00
2017.08.09 07:00:05.202,0.86765,0.86776,1.00,2.25
2017.08.09 07:00:05.342,0.86768,0.86777,1.00,1.12
2017.08.09 07:00:05.549,0.86768,0.86779,2.25,1.50
2017.08.09 07:00:06.059,0.86768,0.86778,1.00,1.87
2017.08.09 07:00:06.260,0.86768,0.86776,1.00,1.00
2017.08.09 07:00:06.803,0.86768,0.86777,1.00,1.00
2017.08.09 07:00:07.319,0.86768,0.86778,1.00,1.00
2017.08.09 07:00:08.613,0.8677,0.86781,1.00,1.12
2017.08.09 07:00:08.818,0.86771,0.86779,1.00,1.00
2017.08.09 07:00:08.869,0.86769,0.86779,1.12,1.00
2017.08.09 07:00:08.923,0.86769,0.86779,1.00,1.87
2017.08.09 07:00:09.724,0.86769,0.86776,1.00,1.00
2017.08.09 07:00:09.981,0.86766,0.86777,2.25,1.00
2017.08.09 07:00:10.555,0.86766,0.86775,1.50,1.00
2017.08.09 07:00:11.073,0.86766,0.86776,1.87,1.50
2017.08.09 07:00:11.379,0.86772,0.86779,1.12,1.00
2017.08.09 07:00:11.583,0.86772,0.86781,1.12,1.00
2017.08.09 07:00:12.109,0.86771,0.86781,1.00,1.12
2017.08.09 07:00:12.212,0.8677,0.86779,1.12,1.00
2017.08.09 07:00:12.569,0.86772,0.86778,1.00,1.00
2017.08.09 07:00:12.673,0.86772,0.86782,1.50,1.87
2017.08.09 07:00:12.820,0.8677,0.86782,1.12,1.87
2017.08.09 07:00:12.879,0.8677,0.8678,1.12,1.12
2017.08.09 07:00:13.249,0.86768,0.8678,1.87,1.12
2017.08.09 07:00:13.352,0.86768,0.8678,1.87,3.75
2017.08.09 07:00:13.873,0.86767,0.86777,1.50,1.12
2017.08.09 07:00:14.417,0.86765,0.86777,4.12,1.87
2017.08.09 07:00:14.896,0.86765,0.86775,3.37,1.50
2017.08.09 07:00:14.948,0.86763,0.86774,1.00,1.00
2017.08.09 07:00:15.001,0.86766,0.86775,1.00,1.50
2017.08.09 07:00:15.105,0.86766,0.86777,1.50,1.00
2017.08.09 07:00:15.157,0.86768,0.86779,1.00,1.75
2017.08.09 07:00:15.413,0.86769,0.8678,1.12,1.87
2017.08.09 07:00:16.151,0.86768,0.8678,1.00,3.00
2017.08.09 07:00:16.485,0.8677,0.86779,1.00,1.50
2017.08.09 07:00:16.878,0.86768,0.86777,1.00,1.00
2017.08.09 07:00:16.933,0.86766,0.86775,1.00,1.00
2017.08.09 07:00:17.245,0.86769,0.86777,1.00,1.00
2017.08.09 07:00:18.017,0.8677,0.8678,1.00,4.12
2017.08.09 07:00:18.121,0.8677,0.86781,1.00,3.75
2017.08.09 07:00:18.522,0.86768,0.86777,1.00,1.00
2017.08.09 07:00:19.176,0.86768,0.86779,1.50,2.25
2017.08.09 07:00:19.691,0.86769,0.86779,1.00,1.50
2017.08.09 07:00:20.001,0.86771,0.86779,1.00,1.50
2017.08.09 07:00:20.251,0.86771,0.86781,1.00,1.50
2017.08.09 07:00:20.356,0.86772,0.86779,1.00,1.00
2017.08.09 07:00:20.884,0.86773,0.8678,1.00,1.00
2017.08.09 07:00:21.934,0.86772,0.86777,1.00,1.50
2017.08.09 07:00:21.986,0.86769,0.86777,1.00,3.00
2017.08.09 07:00:22.037,0.86768,0.86773,1.00,1.00
2017.08.09 07:00:22.392,0.86766,0.86773,1.00,1.50
2017.08.09 07:00:22.905,0.86764,0.86773,1.37,1.00
2017.08.09 07:00:23.058,0.86766,0.86775,1.00,1.00
2017.08.09 07:00:23.110,0.86768,0.86777,1.00,1.50
2017.08.09 07:00:23.653,0.86769,0.86777,1.00,1.00
2017.08.09 07:00:24.208,0.86769,0.86778,1.00,1.00
2017.08.09 07:00:24.311,0.86769,0.8678,1.00,1.00
2017.08.09 07:00:25.069,0.86769,0.86779,1.00,1.00
2017.08.09 07:00:25.223,0.86767,0.86779,1.50,1.12
2017.08.09 07:00:25.735,0.86768,0.86775,1.12,1.37
2017.08.09 07:00:25.992,0.86762,0.8677,1.00,1.00
2017.08.09 07:00:26.196,0.86761,0.86768,1.00,1.00
2017.08.09 07:00:26.736,0.86759,0.86768,1.50,1.00
2017.08.09 07:00:27.144,0.86759,0.86766,1.00,1.00
2017.08.09 07:00:27.414,0.86753,0.86763,2.81,1.00
2017.08.09 07:00:28.127,0.86753,0.86765,1.87,1.12
2017.08.09 07:00:28.996,0.86753,0.86763,1.50,1.00
2017.08.09 07:00:31.065,0.86752,0.86762,1.12,1.00
2017.08.09 07:00:31.371,0.8675,0.8676,3.00,1.00
2017.08.09 07:00:31.892,0.8675,0.86761,2.25,1.12
2017.08.09 07:00:32.579,0.86751,0.8676,1.50,1.00
2017.08.09 07:00:33.016,0.86749,0.86759,1.00,1.00
2017.08.09 07:00:34.053,0.86748,0.86758,3.75,1.00
2017.08.09 07:00:34.206,0.86748,0.86758,2.25,1.00
2017.08.09 07:00:35.361,0.86753,0.86763,1.12,2.25
2017.08.09 07:00:35.464,0.86754,0.86765,2.25,1.50
2017.08.09 07:00:35.516,0.86755,0.86766,1.00,1.12
2017.08.09 07:00:35.723,0.86755,0.86767,3.00,1.00
2017.08.09 07:00:37.375,0.86758,0.86768,1.00,1.50
2017.08.09 07:00:37.882,0.86758,0.86767,1.00,1.00
2017.08.09 07:00:38.342,0.86756,0.86766,1.50,1.12
2017.08.09 07:00:38.872,0.86756,0.86766,1.87,1.00
2017.08.09 07:00:39.676,0.86757,0.86767,1.12,1.12
2017.08.09 07:00:39.779,0.86757,0.86766,1.87,1.37
2017.08.09 07:00:40.380,0.86757,0.86761,1.12,1.00
2017.08.09 07:00:40.432,0.86757,0.86764,1.12,1.12
2017.08.09 07:00:40.534,0.86753,0.86764,1.00,1.50
2017.08.09 07:00:41.056,0.86753,0.86763,1.00,1.00
2017.08.09 07:00:42.115,0.86753,0.86763,1.87,1.00
2017.08.09 07:00:42.270,0.86754,0.86765,1.50,1.25
2017.08.09 07:00:42.475,0.86753,0.86765,1.12,1.25
2017.08.09 07:00:43.052,0.86752,0.86762,3.00,1.00
2017.08.09 07:00:43.548,0.86751,0.86762,1.50,1.12
2017.08.09 07:00:44.447,0.86752,0.86762,1.00,1.00
2017.08.09 07:00:44.500,0.86753,0.86765,1.87,2.25
2017.08.09 07:00:45.107,0.86753,0.86764,2.25,1.00
2017.08.09 07:00:45.873,0.86753,0.86762,1.37,1.00
2017.08.09 07:00:46.379,0.86753,0.86762,1.00,1.00
2017.08.09 07:00:46.938,0.86752,0.86762,1.87,1.50
2017.08.09 07:00:48.473,0.86752,0.86761,1.50,1.00
2017.08.09 07:00:48.982,0.86752,0.86762,1.50,1.50
2017.08.09 07:00:51.768,0.86752,0.8676,1.37,1.00
2017.08.09 07:00:52.221,0.86752,0.86762,1.00,1.00
2017.08.09 07:00:52.928,0.86753,0.86762,1.00,1.00
2017.08.09 07:00:53.081,0.86753,0.8676,1.00,1.00
2017.08.09 07:00:53.600,0.86753,0.86761,1.00,1.00
2017.08.09 07:00:54.229,0.86751,0.86758,1.00,1.00
2017.08.09 07:00:54.449,0.86749,0.86758,1.12,1.00
2017.08.09 07:00:54.501,0.8675,0.86758,1.37,1.00
2017.08.09 07:00:54.604,0.8675,0.8676,1.12,1.00
2017.08.09 07:00:54.859,0.86752,0.86762,1.00,1.00
2017.08.09 07:00:55.162,0.8675,0.8676,1.00,1.25
2017.08.09 07:00:55.573,0.86751,0.86763,1.50,2.01
2017.08.09 07:00:56.132,0.86752,0.86763,1.12,1.19
2017.08.09 07:00:56.754,0.86752,0.86764,1.50,2.06
2017.08.09 07:00:57.259,0.86752,0.86762,1.50,1.50
2017.08.09 07:00:58.188,0.8675,0.86761,2.62,1.25
2017.08.09 07:00:58.495,0.86752,0.86763,1.00,1.56
2017.08.09 07:00:59.368,0.8675,0.86762,3.37,1.25
2017.08.09 07:00:59.889,0.8675,0.86761,2.62,1.00
2017.08.09 07:01:00.408,0.86749,0.86761,2.25,1.19
2017.08.09 07:01:00.922,0.86749,0.86759,1.00,1.00
2017.08.09 07:01:02.499,0.86748,0.86759,1.12,1.50
2017.08.09 07:01:02.603,0.86748,0.86757,1.12,1.00
2017.08.09 07:01:03.188,0.86751,0.8676,1.00,2.06
2017.08.09 07:01:04.625,0.86751,0.86759,1.00,1.00
2017.08.09 07:01:05.532,0.86751,0.86758,1.00,1.00
2017.08.09 07:01:06.668,0.8675,0.86758,1.00,1.00
2017.08.09 07:01:08.209,0.86752,0.86758,1.00,1.00
2017.08.09 07:01:08.642,0.8675,0.86758,1.00,1.50
2017.08.09 07:01:08.948,0.86752,0.86758,1.00,1.00
2017.08.09 07:01:09.508,0.86752,0.86759,1.00,1.00
2017.08.09 07:01:10.027,0.86752,0.86759,1.00,1.50
2017.08.09 07:01:10.130,0.8675,0.86759,1.00,1.50
2017.08.09 07:01:10.510,0.8675,0.8676,1.00,1.31
2017.08.09 07:01:11.032,0.8675,0.86758,1.00,1.00
2017.08.09 07:01:11.546,0.8675,0.8676,1.00,2.81
2017.08.09 07:01:12.086,0.8675,0.8676,1.00,1.31
2017.08.09 07:01:12.713,0.8675,0.86759,1.00,1.12
2017.08.09 07:01:13.430,0.8675,0.86758,1.00,1.00
2017.08.09 07:01:17.249,0.8675,0.86759,1.00,1.12
2017.08.09 07:01:17.975,0.86751,0.8676,1.00,1.19
2017.08.09 07:01:18.321,0.86749,0.86756,1.12,1.00
2017.08.09 07:01:18.860,0.86748,0.86757,1.00,1.25
2017.08.09 07:01:19.741,0.86749,0.86758,1.50,2.44
2017.08.09 07:01:20.149,0.86749,0.8676,1.00,3.19
2017.08.09 07:01:20.668,0.8675,0.8676,1.00,1.69
2017.08.09 07:01:23.369,0.86752,0.8676,1.00,1.69
2017.08.09 07:01:23.727,0.86753,0.86761,1.00,1.31
2017.08.09 07:01:25.693,0.86753,0.86762,1.00,2.06
2017.08.09 07:01:26.223,0.86752,0.8676,1.00,1.19
2017.08.09 07:01:26.699,0.86753,0.86761,1.00,1.25
2017.08.09 07:01:28.042,0.86753,0.8676,1.00,1.00
2017.08.09 07:01:28.565,0.86752,0.8676,1.00,1.00
2017.08.09 07:01:29.095,0.86749,0.86759,3.00,1.19
2017.08.09 07:01:29.647,0.86749,0.86757,1.00,1.00
2017.08.09 07:01:30.334,0.86749,0.86759,1.87,1.25
2017.08.09 07:01:30.647,0.86755,0.86762,1.00,1.94
2017.08.09 07:01:30.826,0.86755,0.86765,1.50,1.00
2017.08.09 07:01:30.878,0.86757,0.86766,1.00,1.00
2017.08.09 07:01:31.184,0.86756,0.86765,1.12,1.69
2017.08.09 07:01:31.731,0.86756,0.86765,1.12,1.00
2017.08.09 07:01:32.635,0.86755,0.86762,1.00,1.00
2017.08.09 07:01:32.788,0.86751,0.86759,1.50,1.00
2017.08.09 07:01:32.992,0.86747,0.86758,3.75,1.00
2017.08.09 07:01:33.842,0.86748,0.86758,1.00,1.00
2017.08.09 07:01:34.345,0.86748,0.86758,1.37,1.00
2017.08.09 07:01:34.654,0.86753,0.8676,1.00,1.12
2017.08.09 07:01:35.145,0.86748,0.86756,1.00,1.31
2017.08.09 07:01:35.662,0.86747,0.86756,1.50,1.31
2017.08.09 07:01:36.201,0.86747,0.86756,1.00,1.31
2017.08.09 07:01:37.160,0.86746,0.86756,1.00,2.44
2017.08.09 07:01:37.670,0.86747,0.86756,1.00,1.19
2017.08.09 07:01:37.926,0.86751,0.86761,1.00,4.69
2017.08.09 07:01:38.267,0.86752,0.8676,1.00,1.00
2017.08.09 07:01:38.319,0.8675,0.86758,1.87,1.19
2017.08.09 07:01:38.679,0.86749,0.86758,1.00,1.25
2017.08.09 07:01:39.180,0.8675,0.8676,1.00,1.31
2017.08.09 07:01:39.816,0.86749,0.8676,1.00,1.31
2017.08.09 07:01:40.277,0.86751,0.8676,1.00,1.69
2017.08.09 07:01:40.637,0.86749,0.86759,1.50,1.19
2017.08.09 07:01:41.257,0.8675,0.8676,1.50,1.19
2017.08.09 07:01:41.832,0.8675,0.86761,1.00,2.81
2017.08.09 07:01:42.221,0.8675,0.86757,1.00,1.25
2017.08.09 07:01:42.429,0.86751,0.8676,1.00,1.00
2017.08.09 07:01:43.014,0.86751,0.86761,1.00,1.69
2017.08.09 07:01:43.528,0.8675,0.8676,1.00,1.00
2017.08.09 07:01:43.937,0.86752,0.86762,1.00,2.06
2017.08.09 07:01:44.144,0.86749,0.8676,1.50,1.19
2017.08.09 07:01:44.399,0.86751,0.86761,1.00,1.94
2017.08.09 07:01:44.554,0.86749,0.86759,1.00,1.12
2017.08.09 07:01:45.072,0.8675,0.86761,1.00,1.69
2017.08.09 07:01:46.303,0.86749,0.86761,1.50,2.06
2017.08.09 07:01:47.023,0.8675,0.86761,1.00,1.56
2017.08.09 07:01:47.228,0.86752,0.86763,1.00,1.62
2017.08.09 07:01:47.279,0.86754,0.86764,1.00,1.69
2017.08.09 07:01:47.477,0.86754,0.86765,1.00,2.44
2017.08.09 07:01:48.115,0.86754,0.86764,1.00,1.00
2017.08.09 07:01:48.217,0.86752,0.86758,1.50,1.00
2017.08.09 07:01:48.772,0.86751,0.8676,1.00,1.19
2017.08.09 07:01:49.294,0.86752,0.86761,1.00,1.31
2017.08.09 07:01:53.602,0.86751,0.86761,1.12,1.31
2017.08.09 07:01:54.774,0.86752,0.86761,1.00,2.06
2017.08.09 07:01:54.825,0.86752,0.86761,1.00,1.00
2017.08.09 07:01:55.377,0.86752,0.86762,1.00,2.06
2017.08.09 07:01:56.755,0.8675,0.86758,1.12,1.00
2017.08.09 07:01:57.062,0.86752,0.8676,1.00,1.50
2017.08.09 07:01:57.826,0.8675,0.8676,1.00,1.69
2017.08.09 07:01:58.337,0.86751,0.86762,1.50,7.31
2017.08.09 07:01:58.879,0.8675,0.8676,1.00,1.69
2017.08.09 07:01:59.084,0.86751,0.8676,1.00,1.69
2017.08.09 07:01:59.655,0.86752,0.8676,1.00,1.69
2017.08.09 07:02:00.714,0.8675,0.86759,1.12,1.25
2017.08.09 07:02:00.919,0.86749,0.86759,1.87,1.69
2017.08.09 07:02:01.227,0.86749,0.86757,1.00,1.19
2017.08.09 07:02:01.331,0.86749,0.86758,1.00,1.31
2017.08.09 07:02:01.912,0.86748,0.86758,1.12,1.31
2017.08.09 07:02:03.620,0.86747,0.86758,1.12,1.31
2017.08.09 07:02:03.934,0.86749,0.86759,1.00,3.19
2017.08.09 07:02:04.455,0.86749,0.8676,1.00,1.19
2017.08.09 07:02:05.062,0.86748,0.8676,2.25,1.19
2017.08.09 07:02:05.569,0.86747,0.86758,1.50,2.06
2017.08.09 07:02:06.097,0.86746,0.86757,1.87,1.25
2017.08.09 07:02:06.646,0.86745,0.86757,1.87,1.19
2017.08.09 07:02:07.201,0.86746,0.86755,1.12,1.00
2017.08.09 07:02:08.175,0.86746,0.86753,1.00,1.00
2017.08.09 07:02:08.484,0.86743,0.86747,1.00,1.00
2017.08.09 07:02:08.587,0.86737,0.86746,1.87,1.00
2017.08.09 07:02:08.638,0.86736,0.86744,1.50,1.00
2017.08.09 07:02:08.942,0.86739,0.86745,1.12,1.00
2017.08.09 07:02:09.409,0.86737,0.86745,1.00,1.00
2017.08.09 07:02:09.931,0.86738,0.86745,1.00,1.00
2017.08.09 07:02:11.490,0.86737,0.86746,1.50,1.00
2017.08.09 07:02:12.005,0.86736,0.86745,1.87,1.00
2017.08.09 07:02:12.534,0.86736,0.86744,1.50,1.00
2017.08.09 07:02:12.950,0.86735,0.86742,1.00,1.50
2017.08.09 07:02:13.105,0.86732,0.86741,1.87,1.00
2017.08.09 07:02:13.513,0.86732,0.86743,3.00,1.00
2017.08.09 07:02:13.666,0.86734,0.86743,1.37,1.00
2017.08.09 07:02:14.102,0.86733,0.8674,1.37,1.00
2017.08.09 07:02:14.155,0.86732,0.8674,2.25,1.00
2017.08.09 07:02:14.673,0.86733,0.86741,1.00,1.00
2017.08.09 07:02:15.282,0.86733,0.86742,1.00,1.00
2017.08.09 07:02:15.621,0.86732,0.8674,1.00,1.00
2017.08.09 07:02:15.928,0.86734,0.8674,1.00,1.00
2017.08.09 07:02:16.439,0.86734,0.86741,1.00,1.00
2017.08.09 07:02:16.909,0.86734,0.86743,1.00,1.00
2017.08.09 07:02:17.601,0.86734,0.86742,1.00,1.00
2017.08.09 07:02:17.948,0.86736,0.86743,1.00,1.00
2017.08.09 07:02:19.116,0.86735,0.86743,1.12,1.00
2017.08.09 07:02:19.644,0.86735,0.86742,1.12,1.00
2017.08.09 07:02:19.991,0.86732,0.86739,1.75,1.00
2017.08.09 07:02:20.145,0.86732,0.86739,1.00,1.00
2017.08.09 07:02:20.403,0.86733,0.86741,1.00,1.00
2017.08.09 07:02:20.676,0.86732,0.86739,1.00,1.00
2017.08.09 07:02:21.183,0.86733,0.8674,1.12,1.00
2017.08.09 07:02:21.799,0.86731,0.86739,1.50,1.00
2017.08.09 07:02:21.902,0.86731,0.86739,1.00,1.00
2017.08.09 07:02:21.954,0.86733,0.8674,1.00,1.00
2017.08.09 07:02:22.579,0.86733,0.86739,1.00,1.00
2017.08.09 07:02:22.930,0.8673,0.86737,1.50,1.00
2017.08.09 07:02:23.236,0.86725,0.86733,1.37,1.00
2017.08.09 07:02:23.287,0.86723,0.86732,1.87,1.00
2017.08.09 07:02:23.943,0.86724,0.86732,1.00,1.00
2017.08.09 07:02:24.461,0.86723,0.86732,1.87,1.00
2017.08.09 07:02:24.974,0.86723,0.86731,1.50,1.00
2017.08.09 07:02:25.753,0.86722,0.8673,1.50,1.00
2017.08.09 07:02:25.907,0.8672,0.8673,3.00,1.00
2017.08.09 07:02:26.112,0.86719,0.86727,3.75,1.00
2017.08.09 07:02:26.318,0.86717,0.86726,1.12,1.00
2017.08.09 07:02:26.369,0.86715,0.86724,1.37,1.00
2017.08.09 07:02:26.523,0.86712,0.8672,1.87,1.00
2017.08.09 07:02:26.574,0.86712,0.86718,1.12,1.00
2017.08.09 07:02:26.881,0.86712,0.86716,1.00,1.00
2017.08.09 07:02:27.086,0.8671,0.86716,1.00,1.00
2017.08.09 07:02:27.137,0.8671,0.86718,1.00,1.00
2017.08.09 07:02:28.335,0.86711,0.86718,1.00,1.00
2017.08.09 07:02:28.805,0.86708,0.86718,2.25,1.00
2017.08.09 07:02:28.857,0.86708,0.86718,3.00,1.00
2017.08.09 07:02:29.367,0.8671,0.86718,1.87,1.00
2017.08.09 07:02:29.418,0.86709,0.86717,1.50,1.00
2017.08.09 07:02:29.677,0.86709,0.86719,2.25,1.25
2017.08.09 07:02:30.208,0.8671,0.86718,1.00,1.00
2017.08.09 07:02:30.514,0.8671,0.8672,3.00,1.00
2017.08.09 07:02:31.024,0.86712,0.86719,1.00,1.00
2017.08.09 07:02:31.774,0.86711,0.8672,1.00,1.25
2017.08.09 07:02:32.329,0.86712,0.8672,1.00,1.25
2017.08.09 07:02:32.617,0.8671,0.86719,1.12,1.00
2017.08.09 07:02:32.721,0.8671,0.86716,1.00,1.00
2017.08.09 07:02:32.978,0.86709,0.86719,1.50,1.19
2017.08.09 07:02:33.080,0.86711,0.86719,1.00,1.19
2017.08.09 07:02:33.607,0.86711,0.86719,1.12,1.00
2017.08.09 07:02:34.306,0.86708,0.86718,3.75,1.00
2017.08.09 07:02:34.409,0.86709,0.86719,1.37,1.56
2017.08.09 07:02:34.511,0.86709,0.86719,1.00,1.31
2017.08.09 07:02:35.062,0.86708,0.86718,1.50,1.25
2017.08.09 07:02:35.267,0.8671,0.86718,1.00,1.12
2017.08.09 07:02:35.822,0.86711,0.86718,1.00,1.00
2017.08.09 07:02:36.350,0.86709,0.86718,1.50,1.00
2017.08.09 07:02:36.752,0.86711,0.8672,1.00,1.25
2017.08.09 07:02:37.059,0.8671,0.86722,3.75,1.12
2017.08.09 07:02:37.614,0.86712,0.86721,1.00,1.00
2017.08.09 07:02:38.330,0.86713,0.86721,1.00,1.00
2017.08.09 07:02:38.383,0.86711,0.86721,2.25,1.00
2017.08.09 07:02:39.046,0.86712,0.86722,1.12,1.25
2017.08.09 07:02:39.676,0.86713,0.86722,1.50,1.25
2017.08.09 07:02:40.371,0.86712,0.86723,1.50,2.06
2017.08.09 07:02:40.883,0.86711,0.86721,1.12,1.00
2017.08.09 07:02:41.425,0.86711,0.86722,3.37,1.19
2017.08.09 07:02:42.078,0.86712,0.86723,1.00,2.44
2017.08.09 07:02:42.672,0.86711,0.86723,1.12,2.44
2017.08.09 07:02:42.894,0.86718,0.86726,1.12,1.37
2017.08.09 07:02:42.997,0.8672,0.86729,1.12,2.06
2017.08.09 07:02:43.099,0.8672,0.86731,1.50,1.00
2017.08.09 07:02:43.201,0.86722,0.86731,1.00,1.00
2017.08.09 07:02:43.728,0.86722,0.86732,1.00,1.25
2017.08.09 07:02:44.255,0.86721,0.86732,1.87,1.25
2017.08.09 07:02:45.146,0.86721,0.86732,1.87,1.25
2017.08.09 07:02:45.711,0.86723,0.86732,1.00,1.25
2017.08.09 07:02:46.576,0.86721,0.86732,1.50,1.25
2017.08.09 07:02:47.622,0.86722,0.86732,1.00,1.31
2017.08.09 07:02:49.304,0.86722,0.86732,1.00,1.31
2017.08.09 07:02:49.459,0.86725,0.86734,1.00,1.69
2017.08.09 07:02:49.766,0.86727,0.86734,1.00,1.19
2017.08.09 07:02:50.000,0.86727,0.86734,1.00,1.25
2017.08.09 07:02:50.598,0.86727,0.86733,1.00,1.00
2017.08.09 07:02:51.201,0.86727,0.86734,1.00,1.00
2017.08.09 07:02:51.356,0.86727,0.86736,1.00,2.06
2017.08.09 07:02:51.945,0.86728,0.86736,1.00,1.69
2017.08.09 07:02:52.474,0.86728,0.86735,1.00,1.00
2017.08.09 07:02:53.023,0.86728,0.86735,1.00,1.62
2017.08.09 07:02:53.223,0.86725,0.86734,1.00,1.12
2017.08.09 07:02:53.325,0.86727,0.86733,1.00,1.00
2017.08.09 07:02:53.427,0.86725,0.86733,1.00,1.25
2017.08.09 07:02:54.014,0.86726,0.86734,1.00,1.69
2017.08.09 07:02:54.557,0.86725,0.86734,1.00,1.19
2017.08.09 07:02:55.184,0.86725,0.86732,1.00,1.00
2017.08.09 07:02:55.687,0.86725,0.86733,1.00,1.25
2017.08.09 07:02:59.429,0.86726,0.86735,1.00,1.69
2017.08.09 07:03:00.640,0.86725,0.86732,1.00,1.25
2017.08.09 07:03:00.692,0.86723,0.86732,1.00,1.25
2017.08.09 07:03:01.787,0.86722,0.86732,1.12,1.00
2017.08.09 07:03:04.457,0.86723,0.86732,1.00,1.50
2017.08.09 07:03:05.566,0.86723,0.8673,1.00,1.00
2017.08.09 07:03:08.465,0.86722,0.8673,1.00,1.00
2017.08.09 07:03:08.978,0.86722,0.86729,1.00,1.00
2017.08.09 07:03:10.119,0.86721,0.8673,1.50,1.00
2017.08.09 07:03:10.427,0.86722,0.86728,1.00,1.00
2017.08.09 07:03:10.582,0.86727,0.86734,1.00,1.12
2017.08.09 07:03:10.685,0.86729,0.86738,1.00,3.37
2017.08.09 07:03:10.789,0.86731,0.86739,1.00,1.19
2017.08.09 07:03:11.922,0.86732,0.86741,1.00,1.19
2017.08.09 07:03:12.273,0.86732,0.86738,1.00,1.19
2017.08.09 07:03:12.325,0.86731,0.86739,1.00,1.25
2017.08.09 07:03:12.836,0.86732,0.86739,1.00,1.25
2017.08.09 07:03:13.339,0.86733,0.86741,1.00,2.44
2017.08.09 07:03:14.346,0.86733,0.86738,1.00,1.25
2017.08.09 07:03:14.398,0.86728,0.86734,2.25,1.19
2017.08.09 07:03:14.604,0.86725,0.86735,1.00,1.31
2017.08.09 07:03:14.706,0.86725,0.86735,1.75,1.31
2017.08.09 07:03:15.291,0.86726,0.86735,1.00,1.12
2017.08.09 07:03:16.382,0.86727,0.86735,1.00,1.12
2017.08.09 07:03:18.718,0.86727,0.86736,1.00,1.00
2017.08.09 07:03:19.020,0.86737,0.86745,1.00,2.81
2017.08.09 07:03:19.174,0.86739,0.86747,1.00,2.06
2017.08.09 07:03:19.278,0.86739,0.86747,1.50,1.31
2017.08.09 07:03:19.687,0.86739,0.86745,1.00,1.50
2017.08.09 07:03:20.021,0.86739,0.86745,1.00,2.25
2017.08.09 07:03:20.717,0.86737,0.86745,1.00,2.44
2017.08.09 07:03:21.286,0.86738,0.86745,1.00,1.69
2017.08.09 07:03:22.042,0.86736,0.86745,1.00,1.75
2017.08.09 07:03:22.408,0.86738,0.86747,1.00,2.44
2017.08.09 07:03:22.510,0.86738,0.86746,1.00,1.31
2017.08.09 07:03:22.613,0.8674,0.86746,1.00,1.31
2017.08.09 07:03:23.054,0.86738,0.86746,1.00,1.31
2017.08.09 07:03:23.106,0.86739,0.86744,1.00,1.00
2017.08.09 07:03:23.362,0.86737,0.86745,1.00,1.12
2017.08.09 07:03:23.869,0.86737,0.86746,1.00,1.31
2017.08.09 07:03:24.496,0.86737,0.86745,1.00,1.25
2017.08.09 07:03:25.315,0.86737,0.86745,1.00,1.69
2017.08.09 07:03:26.876,0.86736,0.86744,1.00,1.19
2017.08.09 07:03:28.796,0.86737,0.86745,1.00,1.19
2017.08.09 07:03:29.683,0.86738,0.86746,1.00,1.31
2017.08.09 07:03:30.194,0.86737,0.86745,1.00,1.19
2017.08.09 07:03:30.700,0.86738,0.86745,1.00,1.69
2017.08.09 07:03:31.253,0.86735,0.86741,1.00,1.00
2017.08.09 07:03:31.953,0.86734,0.86741,1.00,1.25
2017.08.09 07:03:32.110,0.86734,0.86739,1.00,1.00
2017.08.09 07:03:32.424,0.86736,0.8674,1.00,1.00
2017.08.09 07:03:32.581,0.8674,0.86748,1.87,1.12
2017.08.09 07:03:32.632,0.86742,0.86748,1.00,1.69
2017.08.09 07:03:32.684,0.86741,0.86748,2.25,1.00
2017.08.09 07:03:33.294,0.86743,0.86749,1.50,1.00
2017.08.09 07:03:33.651,0.86741,0.86748,1.50,1.00
2017.08.09 07:03:34.172,0.86742,0.86748,1.00,1.00
2017.08.09 07:03:35.181,0.86742,0.86749,1.50,1.00
2017.08.09 07:03:35.496,0.86746,0.86751,1.00,1.00
2017.08.09 07:03:35.958,0.86744,0.8675,1.50,1.00
2017.08.09 07:03:36.491,0.86743,0.86749,1.50,1.00
2017.08.09 07:03:36.786,0.86744,0.86751,1.00,1.00
2017.08.09 07:03:37.208,0.86744,0.86749,1.00,1.00
2017.08.09 07:03:37.310,0.86742,0.86749,1.00,1.25
2017.08.09 07:03:37.508,0.86742,0.86746,1.00,1.00
2017.08.09 07:03:38.043,0.86741,0.86746,1.12,1.00
2017.08.09 07:03:39.091,0.8674,0.86746,1.00,1.00
2017.08.09 07:03:39.617,0.8674,0.86747,1.00,1.25
2017.08.09 07:03:40.281,0.86739,0.86747,1.00,1.00
2017.08.09 07:03:41.274,0.8674,0.86747,1.00,1.25
2017.08.09 07:03:41.849,0.86738,0.86747,1.00,1.25
2017.08.09 07:03:41.954,0.86738,0.86746,1.00,1.19
2017.08.09 07:03:42.469,0.86737,0.86746,1.00,1.31
2017.08.09 07:03:43.358,0.86737,0.86743,1.00,1.00
2017.08.09 07:03:43.880,0.86736,0.86743,1.00,1.00
2017.08.09 07:03:44.466,0.86736,0.86745,1.00,1.19
2017.08.09 07:03:45.397,0.86736,0.86745,1.00,1.25
2017.08.09 07:03:45.991,0.86737,0.86745,1.00,1.25
2017.08.09 07:03:47.446,0.86737,0.86742,1.00,1.00
2017.08.09 07:03:47.599,0.86735,0.86743,1.00,1.00
2017.08.09 07:03:48.664,0.86735,0.86742,1.00,1.00
2017.08.09 07:03:49.208,0.86734,0.86741,1.00,1.00
2017.08.09 07:03:49.618,0.86735,0.86743,1.00,1.00
2017.08.09 07:03:50.204,0.86735,0.86741,1.00,1.00
2017.08.09 07:03:50.786,0.86736,0.86741,1.00,1.00
2017.08.09 07:03:50.999,0.86734,0.86741,1.50,1.00
2017.08.09 07:03:51.805,0.86736,0.86743,1.00,1.00
2017.08.09 07:03:51.856,0.86736,0.86745,1.00,1.00
2017.08.09 07:03:51.960,0.86738,0.86746,1.00,1.00
2017.08.09 07:03:52.409,0.86737,0.86744,1.50,1.00
2017.08.09 07:03:54.164,0.86736,0.86744,1.12,1.50
2017.08.09 07:03:54.472,0.86734,0.86742,1.00,1.25
2017.08.09 07:03:54.824,0.86736,0.86745,1.50,1.50
2017.08.09 07:03:55.485,0.86737,0.86744,1.12,1.00
2017.08.09 07:03:56.115,0.86736,0.86744,1.00,1.25
2017.08.09 07:03:57.990,0.86737,0.86746,1.00,1.69
2017.08.09 07:03:58.506,0.86736,0.86744,1.12,1.25
2017.08.09 07:04:00.249,0.86737,0.86744,1.00,1.25
2017.08.09 07:04:00.764,0.86737,0.86745,1.12,1.19
2017.08.09 07:04:01.574,0.86737,0.86745,1.12,1.25
2017.08.09 07:04:02.216,0.86738,0.86745,1.00,1.25
2017.08.09 07:04:02.764,0.86739,0.86746,1.00,1.19
2017.08.09 07:04:03.029,0.86737,0.86746,1.12,1.19
2017.08.09 07:04:03.385,0.86739,0.86746,1.00,1.25
2017.08.09 07:04:03.794,0.86741,0.86749,1.00,1.69
2017.08.09 07:04:03.896,0.86738,0.86747,1.87,1.25
2017.08.09 07:04:04.361,0.86737,0.86747,1.50,1.19
2017.08.09 07:04:06.750,0.86737,0.86745,1.00,1.25
2017.08.09 07:04:07.166,0.86739,0.86747,1.00,1.19
2017.08.09 07:04:07.683,0.86739,0.86748,1.00,1.19
2017.08.09 07:04:08.471,0.86741,0.86748,1.00,1.19
2017.08.09 07:04:08.943,0.86742,0.86751,1.12,1.19
2017.08.09 07:04:09.250,0.86741,0.86747,1.50,1.00
2017.08.09 07:04:09.302,0.86739,0.86747,1.87,1.00
2017.08.09 07:04:09.840,0.86739,0.86746,1.00,1.19
2017.08.09 07:04:10.099,0.86739,0.86747,1.00,1.25
2017.08.09 07:04:10.708,0.8674,0.86747,1.00,1.25
2017.08.09 07:04:11.031,0.86741,0.86749,1.00,1.25
2017.08.09 07:04:11.600,0.86742,0.86749,1.50,1.00
2017.08.09 07:04:11.822,0.86742,0.86751,1.50,1.25
2017.08.09 07:04:12.348,0.86742,0.8675,1.00,1.00
2017.08.09 07:04:12.607,0.86741,0.86748,1.50,1.00
2017.08.09 07:04:12.658,0.86742,0.8675,1.00,1.25
2017.08.09 07:04:13.116,0.86741,0.86749,1.00,1.56
2017.08.09 07:04:13.339,0.86735,0.86743,1.00,1.00
2017.08.09 07:04:14.039,0.86736,0.86743,1.00,1.00
2017.08.09 07:04:14.490,0.86736,0.86745,1.50,1.00
2017.08.09 07:04:14.592,0.86739,0.86748,1.00,2.81
2017.08.09 07:04:14.901,0.86742,0.8675,1.00,1.12
2017.08.09 07:04:15.003,0.8674,0.8675,1.00,1.12
2017.08.09 07:04:16.210,0.8674,0.8675,1.00,1.50
2017.08.09 07:04:17.424,0.8674,0.86749,1.87,1.00
2017.08.09 07:04:17.610,0.86741,0.86751,1.00,1.25
2017.08.09 07:04:18.017,0.86744,0.86751,1.00,1.25
2017.08.09 07:04:18.477,0.86743,0.86754,1.50,2.44
2017.08.09 07:04:18.529,0.86745,0.86754,1.00,2.06
2017.08.09 07:04:19.053,0.86746,0.86753,1.00,1.00
2017.08.09 07:04:19.445,0.86745,0.86752,1.00,2.62
2017.08.09 07:04:19.548,0.86743,0.86749,1.00,1.00
2017.08.09 07:04:19.650,0.8674,0.86747,1.00,1.00
2017.08.09 07:04:20.184,0.86739,0.86747,1.00,1.00
2017.08.09 07:04:20.495,0.86739,0.86747,1.00,2.62
2017.08.09 07:04:22.273,0.86739,0.86748,1.12,1.12
2017.08.09 07:04:22.782,0.8674,0.86748,1.00,1.00
2017.08.09 07:04:22.935,0.8674,0.86746,1.00,1.00
2017.08.09 07:04:23.038,0.86738,0.86746,1.12,1.00
2017.08.09 07:04:23.192,0.86739,0.86746,1.87,1.00
2017.08.09 07:04:23.397,0.86742,0.86749,1.00,1.12
2017.08.09 07:04:23.888,0.86743,0.86751,1.00,1.00
2017.08.09 07:04:23.940,0.86742,0.86748,1.00,1.00
2017.08.09 07:04:24.146,0.86738,0.86745,1.12,1.00
2017.08.09 07:04:24.248,0.86738,0.86745,1.87,1.00
2017.08.09 07:04:24.403,0.86739,0.86748,3.00,1.25
2017.08.09 07:04:24.912,0.86741,0.86748,1.50,1.00
2017.08.09 07:04:27.048,0.86743,0.86748,1.00,1.00
2017.08.09 07:04:28.797,0.86744,0.86748,1.00,1.00
2017.08.09 07:04:29.306,0.86742,0.86749,1.50,1.00
2017.08.09 07:04:33.934,0.86742,0.8675,2.25,1.00
2017.08.09 07:04:35.217,0.86743,0.86751,1.87,1.00
2017.08.09 07:04:36.004,0.86744,0.86751,1.00,1.00
2017.08.09 07:04:37.450,0.86744,0.86748,1.00,1.00
2017.08.09 07:04:37.552,0.86739,0.86747,1.37,1.00
2017.08.09 07:04:37.603,0.86739,0.86745,1.37,1.00
2017.08.09 07:04:37.749,0.86739,0.86745,1.00,1.00
2017.08.09 07:04:37.852,0.86737,0.86745,1.50,1.00
2017.08.09 07:04:38.453,0.86738,0.86745,1.00,1.00
2017.08.09 07:04:39.210,0.86737,0.86745,1.00,1.00
2017.08.09 07:04:39.413,0.86737,0.86747,1.87,1.00
2017.08.09 07:04:39.465,0.8674,0.86747,1.50,1.00
2017.08.09 07:04:40.006,0.8674,0.86748,1.50,1.00
2017.08.09 07:04:41.659,0.86741,0.86748,1.00,1.00
2017.08.09 07:04:41.846,0.86739,0.86748,1.50,1.00
2017.08.09 07:04:43.036,0.86741,0.86748,1.00,1.00
2017.08.09 07:04:44.129,0.86742,0.86748,1.12,1.00
2017.08.09 07:04:44.436,0.86742,0.86751,1.12,1.00
2017.08.09 07:04:45.047,0.86743,0.86751,1.00,1.00
2017.08.09 07:04:45.597,0.86744,0.86751,1.00,1.00
2017.08.09 07:04:46.117,0.86744,0.86752,1.50,1.00
2017.08.09 07:04:46.674,0.86745,0.86752,1.00,1.00
2017.08.09 07:04:47.325,0.86744,0.86752,1.50,1.00
2017.08.09 07:04:48.796,0.86745,0.86752,1.00,1.00
2017.08.09 07:04:49.000,0.86745,0.86754,1.00,1.25
2017.08.09 07:04:49.513,0.86746,0.86754,1.00,1.25
2017.08.09 07:04:50.023,0.86747,0.86754,1.00,1.25
2017.08.09 07:04:51.499,0.86746,0.86756,1.12,1.69
2017.08.09 07:04:52.061,0.86747,0.86756,1.50,1.25
2017.08.09 07:04:53.039,0.86748,0.86757,1.00,1.19
2017.08.09 07:04:55.855,0.86749,0.86757,1.00,1.19
2017.08.09 07:04:56.245,0.86747,0.86756,1.50,1.25
2017.08.09 07:04:58.678,0.86748,0.86756,1.00,1.25
2017.08.09 07:04:58.988,0.86746,0.86755,1.00,1.00
2017.08.09 07:04:59.531,0.86747,0.86755,1.00,1.00
2017.08.09 07:05:00.121,0.86746,0.86755,1.50,1.00
2017.08.09 07:05:00.653,0.86746,0.86757,1.00,2.81
2017.08.09 07:05:02.142,0.86747,0.86755,1.00,1.00
2017.08.09 07:05:02.681,0.86747,0.86757,1.00,1.69
2017.08.09 07:05:03.332,0.86746,0.86757,1.50,2.44
2017.08.09 07:05:03.841,0.86747,0.86757,2.25,1.69
2017.08.09 07:05:04.138,0.86747,0.86757,2.25,2.81
2017.08.09 07:05:04.706,0.86746,0.86757,2.25,2.44
2017.08.09 07:05:05.423,0.86747,0.86757,1.00,1.69
2017.08.09 07:05:06.809,0.86746,0.86755,1.50,1.19
2017.08.09 07:05:08.144,0.86748,0.86755,1.00,1.19
2017.08.09 07:05:08.659,0.86747,0.86755,1.50,1.19
2017.08.09 07:05:09.329,0.86747,0.86755,1.00,1.00
2017.08.09 07:05:09.857,0.86748,0.86755,1.00,1.00
2017.08.09 07:05:10.418,0.86748,0.86756,1.00,1.25
2017.08.09 07:05:10.927,0.86747,0.86756,1.87,1.25
2017.08.09 07:05:11.579,0.86747,0.86756,2.25,1.25
2017.08.09 07:05:12.249,0.86748,0.86755,1.12,1.00
2017.08.09 07:05:12.755,0.86747,0.86754,1.00,1.19
2017.08.09 07:05:12.807,0.86744,0.86753,1.87,1.19
2017.08.09 07:05:13.317,0.86743,0.86751,1.12,1.25
2017.08.09 07:05:18.209,0.86745,0.86752,1.00,1.19
2017.08.09 07:05:18.434,0.86745,0.86753,1.00,1.25
2017.08.09 07:05:18.792,0.86743,0.86752,1.12,1.69
2017.08.09 07:05:19.832,0.86743,0.86751,1.12,1.00
2017.08.09 07:05:20.427,0.86744,0.86751,1.00,1.00
2017.08.09 07:05:20.985,0.86744,0.86752,1.00,1.69
2017.08.09 07:05:21.507,0.86743,0.86752,1.87,1.69
2017.08.09 07:05:21.913,0.86741,0.8675,1.50,1.00
2017.08.09 07:05:22.015,0.86741,0.86748,1.50,1.00
2017.08.09 07:05:22.067,0.86741,0.8675,1.50,1.00
2017.08.09 07:05:22.118,0.86743,0.86748,1.00,1.00
2017.08.09 07:05:22.221,0.86741,0.86748,1.00,1.00
2017.08.09 07:05:22.391,0.86737,0.86745,2.25,1.00
2017.08.09 07:05:22.597,0.86735,0.86744,1.12,1.69
2017.08.09 07:05:23.135,0.86735,0.86742,1.00,1.00
2017.08.09 07:05:23.289,0.86737,0.86745,1.00,1.19
2017.08.09 07:05:23.603,0.86746,0.86751,1.00,1.19
2017.08.09 07:05:23.720,0.86746,0.86753,1.12,1.19
2017.08.09 07:05:23.774,0.86746,0.86754,1.12,1.31
2017.08.09 07:05:24.441,0.86744,0.86755,1.87,1.69
2017.08.09 07:05:24.615,0.86745,0.86754,1.00,1.69
2017.08.09 07:05:24.769,0.86742,0.8675,1.00,1.00
2017.08.09 07:05:24.821,0.8674,0.8675,1.00,1.69
2017.08.09 07:05:25.029,0.86742,0.86751,1.00,2.81
2017.08.09 07:05:25.923,0.86741,0.86749,1.37,1.00
2017.08.09 07:05:26.026,0.8674,0.86749,1.50,2.25
2017.08.09 07:05:26.283,0.86741,0.8675,1.00,1.00
2017.08.09 07:05:26.589,0.86743,0.86753,1.00,3.94
2017.08.09 07:05:26.745,0.86744,0.86754,1.87,1.31
2017.08.09 07:05:26.899,0.86746,0.86754,1.00,1.19
2017.08.09 07:05:27.231,0.86748,0.86757,1.50,1.69
2017.08.09 07:05:27.284,0.86748,0.86758,1.00,2.06
2017.08.09 07:05:27.335,0.86746,0.86758,1.87,1.69
2017.08.09 07:05:27.848,0.86745,0.86757,2.62,2.44
2017.08.09 07:05:28.131,0.86747,0.86756,1.00,1.25
2017.08.09 07:05:28.663,0.86748,0.86758,1.00,1.19
2017.08.09 07:05:29.189,0.86747,0.86757,1.87,1.00
2017.08.09 07:05:29.845,0.86747,0.86756,1.00,1.00
2017.08.09 07:05:30.583,0.86747,0.86757,1.00,1.50
2017.08.09 07:05:31.128,0.86747,0.86756,1.00,1.00
2017.08.09 07:05:31.535,0.86748,0.86758,1.00,1.87
2017.08.09 07:05:32.722,0.86749,0.86758,1.00,1.00
2017.08.09 07:05:33.541,0.86747,0.86757,1.87,1.12
2017.08.09 07:05:34.059,0.86749,0.86755,1.00,1.00
2017.08.09 07:05:34.636,0.8675,0.86755,1.00,1.00
2017.08.09 07:05:35.860,0.86752,0.86759,1.00,1.37
2017.08.09 07:05:36.066,0.86761,0.86768,1.00,1.12
2017.08.09 07:05:36.118,0.86763,0.86768,1.00,1.12
2017.08.09 07:05:36.170,0.86764,0.86771,1.00,1.25
2017.08.09 07:05:36.329,0.86766,0.86771,1.00,1.00
2017.08.09 07:05:36.381,0.86764,0.86774,1.00,1.19
2017.08.09 07:05:36.892,0.86765,0.86774,1.00,2.44
2017.08.09 07:05:37.681,0.86766,0.86773,1.00,1.00
2017.08.09 07:05:37.989,0.86768,0.86775,1.00,1.00
2017.08.09 07:05:38.041,0.86769,0.86777,1.00,1.12
2017.08.09 07:05:38.312,0.86769,0.86779,1.00,3.00
2017.08.09 07:05:38.825,0.86768,0.86778,1.00,1.25
2017.08.09 07:05:39.359,0.86768,0.86777,1.00,1.00
2017.08.09 07:05:40.068,0.8677,0.86779,1.00,2.44
2017.08.09 07:05:40.681,0.8677,0.86777,1.00,1.00
2017.08.09 07:05:41.117,0.86768,0.86777,1.87,1.00
2017.08.09 07:05:41.640,0.86769,0.86778,1.00,1.12
2017.08.09 07:05:42.146,0.86769,0.86779,1.12,1.00
2017.08.09 07:05:42.350,0.86768,0.86776,2.25,1.00
2017.08.09 07:05:42.554,0.86764,0.86773,1.12,1.00
2017.08.09 07:05:42.607,0.86764,0.86768,1.00,1.00
2017.08.09 07:05:42.759,0.86759,0.86766,1.00,1.50
2017.08.09 07:05:42.862,0.86757,0.86764,1.00,1.00
2017.08.09 07:05:42.914,0.86757,0.86766,1.00,1.00
2017.08.09 07:05:43.373,0.86757,0.86767,1.50,1.00
2017.08.09 07:05:43.575,0.86757,0.86768,1.12,1.25
2017.08.09 07:05:44.086,0.86758,0.86767,1.00,1.00
2017.08.09 07:05:44.555,0.86755,0.86766,2.25,1.50
2017.08.09 07:05:45.222,0.86757,0.86766,1.00,1.25
2017.08.09 07:05:46.176,0.86758,0.86766,1.00,1.25
2017.08.09 07:05:46.691,0.86756,0.86762,1.00,1.87
2017.08.09 07:05:46.744,0.86751,0.86758,2.62,1.69
2017.08.09 07:05:46.898,0.86747,0.86756,1.12,1.25
2017.08.09 07:05:47.362,0.86745,0.86755,1.00,1.50
2017.08.09 07:05:48.260,0.86745,0.86754,1.00,1.00
2017.08.09 07:05:48.566,0.86743,0.86752,1.37,1.69
2017.08.09 07:05:49.098,0.86742,0.86752,1.67,1.69
2017.08.09 07:05:49.476,0.86741,0.86748,1.00,1.00
2017.08.09 07:05:49.862,0.86743,0.86751,1.45,1.00
2017.08.09 07:05:50.190,0.86741,0.86749,1.87,1.00
2017.08.09 07:05:50.345,0.8674,0.86748,1.50,1.25
2017.08.09 07:05:50.752,0.86738,0.86745,1.00,1.25
2017.08.09 07:05:51.008,0.86729,0.86737,1.50,1.00
2017.08.09 07:05:51.527,0.8673,0.86737,1.00,1.00
2017.08.09 07:05:51.578,0.86733,0.86741,1.00,1.87
2017.08.09 07:05:51.681,0.86735,0.86745,1.00,1.56
2017.08.09 07:05:51.783,0.86736,0.86746,1.50,1.25
2017.08.09 07:05:52.320,0.86737,0.86747,1.00,1.19
2017.08.09 07:05:52.726,0.86737,0.86741,1.00,1.00
2017.08.09 07:05:52.780,0.86734,0.86743,1.00,1.69
2017.08.09 07:05:53.291,0.86732,0.86741,1.00,1.25
2017.08.09 07:05:53.715,0.86734,0.86743,1.12,1.19
2017.08.09 07:05:53.970,0.86734,0.86743,1.12,1.31
2017.08.09 07:05:54.024,0.86734,0.86743,1.12,1.31
2017.08.09 07:05:54.578,0.86734,0.86743,1.87,1.19
2017.08.09 07:05:54.865,0.86733,0.86742,2.62,1.19
2017.08.09 07:05:55.172,0.86732,0.86738,1.12,1.69
2017.08.09 07:05:55.429,0.86723,0.86731,1.50,1.00
2017.08.09 07:05:55.968,0.86723,0.86733,2.25,1.19
2017.08.09 07:05:57.383,0.86724,0.86734,1.00,1.31
2017.08.09 07:05:57.817,0.86726,0.86735,1.00,1.69
2017.08.09 07:05:58.515,0.86729,0.86735,1.00,1.19
2017.08.09 07:05:58.569,0.86729,0.86735,1.00,1.25
2017.08.09 07:05:58.621,0.86726,0.86732,1.50,1.19
2017.08.09 07:05:59.203,0.86727,0.86733,1.00,1.19
2017.08.09 07:05:59.305,0.8673,0.86736,1.00,1.25
2017.08.09 07:06:00.877,0.86731,0.86738,1.00,1.69
2017.08.09 07:06:00.930,0.86729,0.86737,1.00,1.25
2017.08.09 07:06:00.981,0.86731,0.86738,1.00,1.19
2017.08.09 07:06:01.493,0.86732,0.86738,1.00,1.19
2017.08.09 07:06:01.754,0.8673,0.86738,1.00,1.19
2017.08.09 07:06:02.114,0.8673,0.86737,1.00,1.19
2017.08.09 07:06:02.616,0.86728,0.86736,1.00,1.69
2017.08.09 07:06:03.179,0.8673,0.86734,1.00,1.25
2017.08.09 07:06:03.688,0.8673,0.86737,1.00,1.19
2017.08.09 07:06:04.238,0.86731,0.86738,1.00,1.69
2017.08.09 07:06:04.545,0.86734,0.86739,1.00,1.19
2017.08.09 07:06:05.435,0.86733,0.8674,1.00,2.06
2017.08.09 07:06:06.184,0.86733,0.8674,1.00,2.44
2017.08.09 07:06:06.709,0.86733,0.8674,1.00,1.50
2017.08.09 07:06:07.598,0.86736,0.8674,1.00,1.00
2017.08.09 07:06:07.702,0.86736,0.86741,1.00,1.00
2017.08.09 07:06:07.753,0.86734,0.86741,1.00,1.00
2017.08.09 07:06:07.906,0.86734,0.86741,1.00,2.25
2017.08.09 07:06:08.479,0.86736,0.8674,1.00,1.12
2017.08.09 07:06:08.635,0.86738,0.86743,1.00,1.00
2017.08.09 07:06:09.361,0.86739,0.86743,1.00,1.00
2017.08.09 07:06:09.908,0.86739,0.86745,1.00,1.00
2017.08.09 07:06:10.062,0.86741,0.86746,1.00,1.87
2017.08.09 07:06:10.114,0.86739,0.86745,1.00,1.00
2017.08.09 07:06:11.155,0.86739,0.86746,1.00,1.12
2017.08.09 07:06:11.206,0.86741,0.86746,1.00,1.12
2017.08.09 07:06:11.643,0.86738,0.86742,1.00,1.00
2017.08.09 07:06:11.695,0.86736,0.86742,1.00,1.00
2017.08.09 07:06:11.848,0.86738,0.86743,1.00,1.50
2017.08.09 07:06:12.241,0.86738,0.86745,1.00,1.50
2017.08.09 07:06:12.654,0.86734,0.86739,1.00,1.00
2017.08.09 07:06:12.961,0.86729,0.86734,1.00,1.00
2017.08.09 07:06:14.271,0.8673,0.86736,1.00,1.50
2017.08.09 07:06:14.323,0.8673,0.86734,1.00,1.00
2017.08.09 07:06:14.651,0.8673,0.86736,1.00,1.00
2017.08.09 07:06:14.703,0.86732,0.86736,1.00,1.00
2017.08.09 07:06:15.020,0.86736,0.8674,1.00,1.00
2017.08.09 07:06:15.073,0.86736,0.8674,1.00,1.00
2017.08.09 07:06:15.364,0.86737,0.86742,1.00,1.00
2017.08.09 07:06:15.474,0.86736,0.8674,1.00,1.00
2017.08.09 07:06:15.986,0.86737,0.86741,1.00,1.00
2017.08.09 07:06:16.250,0.86734,0.86739,1.00,1.50
2017.08.09 07:06:16.406,0.86733,0.86737,1.00,1.00
2017.08.09 07:06:17.169,0.86734,0.86739,1.00,1.00
2017.08.09 07:06:17.328,0.86732,0.86736,1.00,1.00
2017.08.09 07:06:17.380,0.86735,0.86739,1.00,1.00
2017.08.09 07:06:17.890,0.86736,0.8674,1.00,1.00
2017.08.09 07:06:18.518,0.86735,0.8674,1.00,1.00
2017.08.09 07:06:18.678,0.86737,0.86741,1.00,1.50
2017.08.09 07:06:19.460,0.86737,0.86741,1.00,1.00
2017.08.09 07:06:19.988,0.86733,0.86741,1.00,1.00
2017.08.09 07:06:20.040,0.86735,0.86739,1.00,1.00
2017.08.09 07:06:20.094,0.86733,0.86739,1.00,1.00
2017.08.09 07:06:20.403,0.86735,0.86739,1.00,1.50
2017.08.09 07:06:20.506,0.86733,0.86739,1.00,1.50
2017.08.09 07:06:20.655,0.86729,0.86736,1.00,1.82
2017.08.09 07:06:20.706,0.86728,0.86732,1.00,1.00
2017.08.09 07:06:21.015,0.86724,0.86728,1.00,1.00
2017.08.09 07:06:21.526,0.86725,0.86729,1.00,1.00
2017.08.09 07:06:22.658,0.86727,0.86731,1.00,1.00
2017.08.09 07:06:22.760,0.86725,0.8673,1.00,1.00
2017.08.09 07:06:23.016,0.86727,0.86731,1.00,1.00
2017.08.09 07:06:23.888,0.86726,0.8673,1.00,1.00
2017.08.09 07:06:24.560,0.86727,0.86731,1.00,1.50
2017.08.09 07:06:25.075,0.86728,0.86732,1.00,1.50
2017.08.09 07:06:25.606,0.86727,0.86731,1.00,1.00
2017.08.09 07:06:26.155,0.86727,0.86732,1.00,1.50
2017.08.09 07:06:26.521,0.86729,0.86733,1.00,1.50
2017.08.09 07:06:27.032,0.86729,0.86734,1.00,1.00
2017.08.09 07:06:27.376,0.86732,0.86737,1.00,1.00
2017.08.09 07:06:27.684,0.8673,0.86734,1.00,1.00
2017.08.09 07:06:28.472,0.8673,0.86736,1.00,1.00
2017.08.09 07:06:28.840,0.8673,0.86734,1.00,1.00
2017.08.09 07:06:29.506,0.86732,0.86736,1.00,1.00
2017.08.09 07:06:29.917,0.86733,0.86737,1.00,1.42
2017.08.09 07:06:30.522,0.86732,0.86737,1.00,1.42
2017.08.09 07:06:31.641,0.86732,0.86738,1.00,1.42
2017.08.09 07:06:32.153,0.86733,0.86739,1.00,1.67
2017.08.09 07:06:32.676,0.86732,0.86737,1.00,1.42
2017.08.09 07:06:33.033,0.86733,0.86739,1.00,1.00
2017.08.09 07:06:33.084,0.86735,0.86739,1.00,1.00
2017.08.09 07:06:33.339,0.86739,0.86744,1.00,1.00
2017.08.09 07:06:33.544,0.86738,0.86746,1.00,1.80
2017.08.09 07:06:33.646,0.86741,0.86746,1.00,1.42
2017.08.09 07:06:34.292,0.86742,0.86748,1.00,1.67
2017.08.09 07:06:34.343,0.86742,0.86748,1.00,1.00
2017.08.09 07:06:34.757,0.86745,0.86749,1.00,1.05
2017.08.09 07:06:34.809,0.86743,0.86749,1.00,1.05
2017.08.09 07:06:34.924,0.86746,0.8675,1.00,1.42
2017.08.09 07:06:34.975,0.86747,0.86755,1.00,2.36
2017.08.09 07:06:35.485,0.86747,0.86755,1.00,1.67
2017.08.09 07:06:35.537,0.86747,0.86756,1.00,2.36
2017.08.09 07:06:36.255,0.86747,0.86754,1.00,1.80
2017.08.09 07:06:37.056,0.86746,0.86752,1.00,1.05
2017.08.09 07:06:37.312,0.86746,0.86752,1.00,1.05
2017.08.09 07:06:38.200,0.86746,0.86752,1.00,1.05
2017.08.09 07:06:38.812,0.86746,0.86752,1.00,1.05
2017.08.09 07:06:40.023,0.86746,0.86753,1.00,1.98
2017.08.09 07:06:41.094,0.86746,0.86753,1.00,1.15
2017.08.09 07:06:41.549,0.86748,0.86753,1.00,1.15
2017.08.09 07:06:42.887,0.86748,0.86754,1.00,1.87
2017.08.09 07:06:43.413,0.86749,0.86755,1.00,2.17
2017.08.09 07:06:44.092,0.86749,0.86755,1.00,2.17
2017.08.09 07:06:44.603,0.86749,0.86755,1.00,2.17
2017.08.09 07:06:45.172,0.86749,0.86755,1.00,2.17
2017.08.09 07:06:45.787,0.86749,0.86755,1.00,2.17
2017.08.09 07:06:45.962,0.86749,0.86755,1.00,2.17
2017.08.09 07:06:46.013,0.86749,0.86753,1.00,1.00
2017.08.09 07:06:46.522,0.86744,0.86753,1.00,1.98
2017.08.09 07:06:46.675,0.86743,0.86751,1.00,1.67
2017.08.09 07:06:46.980,0.86742,0.8675,1.00,1.80
2017.08.09 07:06:47.598,0.86741,0.8675,1.00,1.80
2017.08.09 07:06:47.983,0.86743,0.8675,1.00,1.80
2017.08.09 07:06:48.856,0.86742,0.8675,1.00,1.80
2017.08.09 07:06:49.153,0.86743,0.8675,1.00,1.80
2017.08.09 07:06:49.696,0.86743,0.86747,1.00,1.00
2017.08.09 07:06:50.741,0.86744,0.86748,1.00,1.00
2017.08.09 07:06:51.048,0.86741,0.86745,1.00,1.00
2017.08.09 07:06:51.443,0.86743,0.86747,1.00,1.00
2017.08.09 07:06:51.843,0.86745,0.86749,1.00,1.00
2017.08.09 07:06:51.946,0.86745,0.8675,1.00,1.00
2017.08.09 07:06:52.049,0.86747,0.86751,1.00,1.00
2017.08.09 07:06:52.356,0.86749,0.86753,1.00,1.00
2017.08.09 07:06:52.861,0.86748,0.86752,1.00,1.00
2017.08.09 07:06:53.269,0.86748,0.86754,1.00,1.00
2017.08.09 07:06:53.783,0.86749,0.86753,1.00,1.00
2017.08.09 07:06:53.835,0.86747,0.86753,1.00,1.00
2017.08.09 07:06:53.889,0.86743,0.86746,1.50,1.00
2017.08.09 07:06:53.993,0.86741,0.86746,1.00,1.00
2017.08.09 07:06:54.580,0.86742,0.86746,1.00,1.00
2017.08.09 07:06:54.993,0.86742,0.86748,1.00,1.00
2017.08.09 07:06:56.372,0.86745,0.86749,1.00,1.00
2017.08.09 07:06:56.424,0.86745,0.86753,1.00,2.06
2017.08.09 07:06:56.577,0.86748,0.86753,1.00,1.00
2017.08.09 07:06:56.904,0.8675,0.86755,1.00,1.00
2017.08.09 07:06:57.409,0.8675,0.86756,1.00,1.00
2017.08.09 07:06:58.086,0.8675,0.86757,1.00,1.25
2017.08.09 07:06:58.595,0.8675,0.86756,1.00,1.00
2017.08.09 07:06:59.202,0.8675,0.86757,1.00,1.25
2017.08.09 07:06:59.420,0.86748,0.86757,1.00,1.25
2017.08.09 07:06:59.471,0.86747,0.86752,1.00,1.00
2017.08.09 07:06:59.706,0.86744,0.86752,1.50,1.00
2017.08.09 07:06:59.757,0.86744,0.8675,1.00,1.00
2017.08.09 07:06:59.910,0.86745,0.86752,1.00,1.00
2017.08.09 07:07:00.064,0.86747,0.86752,1.00,1.00
2017.08.09 07:07:00.115,0.86744,0.86751,1.00,1.00
2017.08.09 07:07:00.320,0.86744,0.86753,1.50,1.00
2017.08.09 07:07:00.671,0.86743,0.86751,1.00,1.00
2017.08.09 07:07:00.824,0.86744,0.86753,1.00,1.12
2017.08.09 07:07:01.183,0.86742,0.86751,1.00,1.00
2017.08.09 07:07:01.557,0.8674,0.86748,1.00,1.00
2017.08.09 07:07:01.659,0.86738,0.86748,1.87,1.00
2017.08.09 07:07:02.179,0.86738,0.86749,1.00,1.00
2017.08.09 07:07:02.958,0.8674,0.86749,1.00,1.00
2017.08.09 07:07:03.162,0.86738,0.86749,1.87,1.00
2017.08.09 07:07:03.703,0.86739,0.86749,1.00,1.00
2017.08.09 07:07:04.122,0.8674,0.86747,1.00,1.00
2017.08.09 07:07:04.638,0.86739,0.86747,1.00,1.00
2017.08.09 07:07:05.197,0.86738,0.86747,1.00,1.12
2017.08.09 07:07:05.701,0.86738,0.86749,3.00,2.25
2017.08.09 07:07:05.753,0.86738,0.86749,4.12,1.50
2017.08.09 07:07:05.804,0.86738,0.86747,1.87,1.00
2017.08.09 07:07:06.161,0.86738,0.86745,1.00,1.00
2017.08.09 07:07:06.264,0.86739,0.8675,1.37,1.31
2017.08.09 07:07:06.789,0.86741,0.8675,1.12,1.00
2017.08.09 07:07:06.840,0.86741,0.86753,1.12,1.69
2017.08.09 07:07:06.891,0.86743,0.86753,1.00,1.50
2017.08.09 07:07:07.095,0.86741,0.86752,1.00,1.12
2017.08.09 07:07:07.248,0.8674,0.86749,1.12,1.12
2017.08.09 07:07:07.750,0.86739,0.86748,1.00,1.00
2017.08.09 07:07:08.349,0.86738,0.86748,3.75,1.00
2017.08.09 07:07:10.293,0.8674,0.86748,1.00,1.00
2017.08.09 07:07:10.680,0.86739,0.86746,1.00,1.00
2017.08.09 07:07:10.784,0.86736,0.86745,1.00,1.37
2017.08.09 07:07:10.887,0.86738,0.86745,1.00,1.37
2017.08.09 07:07:12.689,0.86736,0.86744,1.00,1.12
2017.08.09 07:07:13.719,0.86737,0.86744,1.00,1.12
2017.08.09 07:07:14.442,0.86736,0.86744,1.00,1.00
2017.08.09 07:07:14.874,0.86738,0.86745,1.00,1.00
2017.08.09 07:07:15.491,0.86739,0.86745,1.00,1.00
2017.08.09 07:07:18.652,0.86739,0.86744,1.00,1.00
2017.08.09 07:07:18.909,0.86737,0.86743,1.00,1.00
2017.08.09 07:07:19.905,0.86738,0.86743,1.00,1.00
2017.08.09 07:07:20.475,0.86737,0.86743,1.00,1.00
2017.08.09 07:07:21.910,0.86736,0.86743,1.00,1.00
2017.08.09 07:07:22.114,0.86739,0.86746,1.00,1.00
2017.08.09 07:07:22.672,0.86738,0.86745,2.25,1.00
2017.08.09 07:07:24.216,0.86738,0.86744,1.12,1.00
2017.08.09 07:07:24.523,0.86734,0.86742,1.00,1.00
2017.08.09 07:07:24.738,0.86732,0.8674,1.00,1.00
2017.08.09 07:07:25.260,0.86733,0.8674,1.00,1.00
2017.08.09 07:07:26.096,0.86734,0.86742,1.00,2.06
2017.08.09 07:07:27.019,0.86732,0.86742,1.87,1.69
2017.08.09 07:07:27.122,0.86736,0.86744,1.00,2.44
2017.08.09 07:07:27.174,0.86733,0.86742,1.00,1.19
2017.08.09 07:07:27.472,0.86732,0.86739,1.00,1.00
2017.08.09 07:07:27.982,0.86731,0.8674,1.00,2.62
2017.08.09 07:07:28.238,0.86731,0.86741,1.00,1.00
2017.08.09 07:07:28.341,0.86733,0.86741,1.00,1.00
2017.08.09 07:07:28.867,0.86733,0.86744,1.50,2.81
2017.08.09 07:07:29.414,0.86734,0.86744,1.00,2.81
2017.08.09 07:07:29.834,0.86733,0.86742,1.50,1.69
2017.08.09 07:07:30.349,0.86732,0.86741,1.87,1.19
2017.08.09 07:07:30.878,0.86732,0.86741,1.87,1.25
2017.08.09 07:07:31.134,0.86727,0.86737,1.00,1.31
2017.08.09 07:07:31.185,0.8673,0.86738,1.00,2.06
2017.08.09 07:07:31.554,0.86733,0.86738,1.00,1.00
2017.08.09 07:07:31.656,0.86734,0.86741,1.00,3.19
2017.08.09 07:07:32.850,0.86732,0.86741,1.00,3.94
2017.08.09 07:07:33.668,0.8673,0.86734,1.00,1.69
2017.08.09 07:07:33.721,0.86725,0.86733,1.50,1.56
2017.08.09 07:07:33.773,0.86725,0.86731,1.12,1.19
2017.08.09 07:07:33.947,0.86721,0.86728,1.00,1.00
2017.08.09 07:07:34.103,0.86718,0.86728,3.00,1.00
2017.08.09 07:07:34.644,0.86718,0.86729,2.25,1.12
2017.08.09 07:07:34.925,0.86718,0.86727,2.25,1.00
2017.08.09 07:07:35.922,0.86718,0.86728,2.62,1.00
2017.08.09 07:07:36.353,0.86717,0.86727,2.25,1.19
2017.08.09 07:07:36.507,0.86714,0.86724,2.25,1.25
2017.08.09 07:07:36.956,0.86716,0.86727,1.87,1.31
2017.08.09 07:07:37.262,0.86718,0.86728,1.87,1.19
2017.08.09 07:07:37.569,0.8672,0.86731,1.50,2.44
2017.08.09 07:07:37.822,0.86718,0.86729,2.25,1.31
2017.08.09 07:07:38.399,0.86717,0.86729,2.62,2.06
2017.08.09 07:07:38.938,0.86717,0.86727,1.00,1.25
2017.08.09 07:07:40.016,0.86722,0.86729,1.00,1.69
2017.08.09 07:07:40.133,0.86723,0.86731,1.00,1.12
2017.08.09 07:07:40.184,0.86726,0.86737,1.00,3.94
2017.08.09 07:07:40.338,0.86728,0.86737,1.00,1.69
2017.08.09 07:07:40.696,0.86728,0.86737,1.50,1.25
2017.08.09 07:07:40.747,0.86728,0.86737,1.12,1.69
2017.08.09 07:07:40.849,0.86725,0.86734,1.37,1.00
2017.08.09 07:07:41.337,0.86724,0.86734,1.87,1.25
2017.08.09 07:07:41.389,0.86724,0.86732,1.50,1.00
2017.08.09 07:07:41.748,0.86722,0.86732,1.50,1.31
2017.08.09 07:07:42.156,0.8672,0.86731,1.87,1.00
2017.08.09 07:07:43.311,0.8672,0.86731,1.50,1.19
2017.08.09 07:07:43.563,0.8672,0.86729,1.00,1.69
2017.08.09 07:07:43.665,0.86718,0.86728,2.25,2.06
2017.08.09 07:07:44.224,0.86717,0.86726,1.87,1.19
2017.08.09 07:07:44.576,0.8671,0.86715,1.00,1.00
2017.08.09 07:07:44.732,0.86707,0.86715,1.00,1.25
2017.08.09 07:07:45.040,0.86709,0.86716,1.00,1.19
2017.08.09 07:07:45.249,0.86711,0.8672,1.12,2.06
2017.08.09 07:07:45.791,0.8671,0.8672,1.87,1.69
2017.08.09 07:07:45.843,0.86715,0.86722,1.00,1.69
2017.08.09 07:07:45.895,0.86715,0.86724,1.12,3.94
2017.08.09 07:07:45.997,0.86715,0.86726,1.50,2.44
2017.08.09 07:07:46.100,0.86716,0.86726,1.50,1.69
2017.08.09 07:07:46.820,0.86716,0.86726,1.50,1.19
2017.08.09 07:07:47.166,0.86713,0.86722,1.50,1.31
2017.08.09 07:07:47.371,0.8671,0.86721,1.50,1.56
2017.08.09 07:07:47.579,0.86708,0.86719,1.87,1.19
2017.08.09 07:07:47.891,0.8671,0.8672,1.50,2.06
2017.08.09 07:07:48.197,0.86708,0.86717,1.00,1.19
2017.08.09 07:07:49.564,0.86708,0.86719,1.87,1.31
2017.08.09 07:07:49.691,0.8671,0.86719,1.00,1.00
2017.08.09 07:07:50.165,0.8671,0.86721,3.00,1.00
2017.08.09 07:07:51.118,0.86711,0.86722,1.00,1.69
2017.08.09 07:07:51.669,0.86712,0.86722,1.00,1.69
2017.08.09 07:07:52.492,0.86713,0.86721,1.00,1.00
2017.08.09 07:07:53.010,0.86712,0.86722,1.00,2.06
2017.08.09 07:07:53.565,0.86712,0.8672,1.00,1.00
2017.08.09 07:07:53.920,0.8671,0.86719,1.12,1.00
2017.08.09 07:07:53.972,0.86711,0.86721,1.12,1.50
2017.08.09 07:07:54.074,0.86713,0.86721,1.00,1.00
2017.08.09 07:07:54.228,0.86714,0.86724,1.00,2.81
2017.08.09 07:07:54.746,0.86714,0.86724,1.00,1.50
2017.08.09 07:07:55.221,0.86719,0.86723,1.00,1.00
2017.08.09 07:07:55.277,0.86718,0.86729,1.50,1.50
2017.08.09 07:07:55.328,0.86721,0.86731,1.00,1.31
2017.08.09 07:07:55.636,0.86723,0.86731,1.00,1.31
2017.08.09 07:07:56.184,0.86722,0.86731,1.00,1.31
2017.08.09 07:07:56.376,0.8672,0.86729,1.87,1.00
2017.08.09 07:08:00.012,0.86719,0.8673,3.00,1.25
2017.08.09 07:08:00.543,0.86721,0.8673,1.12,1.25
2017.08.09 07:08:01.649,0.86722,0.8673,1.00,1.25
2017.08.09 07:08:03.236,0.86722,0.86728,1.00,1.00
2017.08.09 07:08:03.361,0.86718,0.86728,1.00,1.12
2017.08.09 07:08:03.515,0.86719,0.86727,1.00,1.87
2017.08.09 07:08:03.566,0.86717,0.86727,1.50,1.87
2017.08.09 07:08:04.148,0.86716,0.86726,1.00,1.12
2017.08.09 07:08:04.953,0.86716,0.86727,1.00,1.87
2017.08.09 07:08:05.005,0.86718,0.86729,1.00,3.00
2017.08.09 07:08:05.663,0.86719,0.86729,3.00,1.00
2017.08.09 07:08:05.993,0.86721,0.86729,1.00,1.00
2017.08.09 07:08:06.547,0.8672,0.86731,1.12,2.06
2017.08.09 07:08:06.854,0.86722,0.86729,1.00,2.44
2017.08.09 07:08:06.957,0.86718,0.86729,1.50,4.69
2017.08.09 07:08:08.798,0.86716,0.86725,1.50,1.00
2017.08.09 07:08:08.851,0.86715,0.86724,1.00,1.87
2017.08.09 07:08:09.007,0.86712,0.86721,1.00,1.12
2017.08.09 07:08:09.516,0.86711,0.86721,1.00,2.62
2017.08.09 07:08:10.131,0.8671,0.8672,1.87,1.00
2017.08.09 07:08:10.670,0.86711,0.86721,1.50,1.00
2017.08.09 07:08:11.067,0.86713,0.86722,1.00,1.50
2017.08.09 07:08:11.626,0.86714,0.86722,1.00,1.00
2017.08.09 07:08:12.292,0.86714,0.86723,1.00,1.00
2017.08.09 07:08:12.693,0.86717,0.86724,1.12,1.00
2017.08.09 07:08:12.796,0.86713,0.86723,1.50,1.69
2017.08.09 07:08:12.899,0.86711,0.86722,2.25,1.31
2017.08.09 07:08:13.448,0.86712,0.86722,1.00,1.69
2017.08.09 07:08:13.962,0.86711,0.86722,1.50,1.69
2017.08.09 07:08:16.265,0.86712,0.86723,1.00,3.19
2017.08.09 07:08:16.418,0.86715,0.86723,1.00,1.50
2017.08.09 07:08:16.728,0.8672,0.86727,1.00,1.00
2017.08.09 07:08:17.353,0.86719,0.86727,1.50,1.19
2017.08.09 07:08:17.660,0.86719,0.86723,1.00,2.25
2017.08.09 07:08:17.909,0.86708,0.86717,1.12,1.25
2017.08.09 07:08:17.961,0.86708,0.86713,1.12,1.69
2017.08.09 07:08:18.013,0.86704,0.86712,1.50,1.00
2017.08.09 07:08:18.064,0.86704,0.86711,1.50,2.44
2017.08.09 07:08:18.115,0.86701,0.86709,1.00,1.00
2017.08.09 07:08:18.167,0.86701,0.86707,1.00,1.00
2017.08.09 07:08:18.269,0.86699,0.86707,1.00,1.00
2017.08.09 07:08:18.798,0.86698,0.86709,1.00,1.69
2017.08.09 07:08:19.315,0.86699,0.86707,1.00,1.00
2017.08.09 07:08:19.521,0.867,0.86708,1.87,1.00
2017.08.09 07:08:19.573,0.86702,0.86711,1.87,1.69
2017.08.09 07:08:19.931,0.86702,0.86711,1.00,1.19
2017.08.09 07:08:20.337,0.86702,0.86711,1.00,1.25
2017.08.09 07:08:21.012,0.86703,0.86712,1.00,1.19
2017.08.09 07:08:21.890,0.86703,0.86712,1.00,1.69
2017.08.09 07:08:21.994,0.86702,0.86713,2.25,2.06
2017.08.09 07:08:22.045,0.86704,0.86713,1.37,2.06
2017.08.09 07:08:22.252,0.86705,0.86715,1.87,1.69
2017.08.09 07:08:23.034,0.86706,0.86716,1.00,1.19
2017.08.09 07:08:24.315,0.86706,0.86717,1.87,2.44
2017.08.09 07:08:24.904,0.86707,0.86716,1.12,1.00
2017.08.09 07:08:25.413,0.86708,0.86717,1.50,1.31
2017.08.09 07:08:27.765,0.86708,0.86715,1.00,1.19
2017.08.09 07:08:28.005,0.86699,0.86708,1.50,1.69
2017.08.09 07:08:30.325,0.86699,0.86708,1.00,1.25
2017.08.09 07:08:30.531,0.86702,0.8671,1.00,2.06
2017.08.09 07:08:30.634,0.86702,0.86711,1.12,1.69
2017.08.09 07:08:31.388,0.86702,0.86709,1.12,1.00
2017.08.09 07:08:32.672,0.86702,0.8671,1.12,1.00
2017.08.09 07:08:33.972,0.867,0.8671,1.87,1.50
2017.08.09 07:08:34.076,0.86699,0.86708,2.25,1.00
2017.08.09 07:08:34.589,0.86699,0.86707,1.12,1.00
2017.08.09 07:08:35.235,0.86702,0.86707,1.00,1.00
2017.08.09 07:08:35.288,0.86702,0.86709,1.00,1.00
2017.08.09 07:08:35.812,0.86702,0.8671,1.00,1.00
2017.08.09 07:08:36.342,0.86701,0.86709,1.00,1.69
2017.08.09 07:08:36.961,0.86699,0.86709,2.25,1.19
2017.08.09 07:08:37.857,0.867,0.86707,1.00,1.00
2017.08.09 07:08:38.317,0.86704,0.86708,1.12,1.12
2017.08.09 07:08:38.420,0.86706,0.86711,1.12,1.00
2017.08.09 07:08:38.472,0.86705,0.86715,2.62,1.19
2017.08.09 07:08:38.575,0.86708,0.86715,1.00,1.19
2017.08.09 07:08:38.728,0.86708,0.86715,3.00,1.00
2017.08.09 07:08:39.311,0.86709,0.86717,1.00,1.69
2017.08.09 07:08:40.143,0.8671,0.86717,1.00,1.19
2017.08.09 07:08:40.195,0.8671,0.86718,1.00,1.50
2017.08.09 07:08:40.655,0.86712,0.86721,1.00,3.19
2017.08.09 07:08:40.757,0.8671,0.86721,3.37,3.19
2017.08.09 07:08:40.860,0.8671,0.86718,3.37,1.00
2017.08.09 07:08:41.385,0.86711,0.86719,1.00,1.25
2017.08.09 07:08:41.939,0.8671,0.86719,2.25,1.69
2017.08.09 07:08:42.452,0.86711,0.8672,1.00,1.31
2017.08.09 07:08:42.758,0.8671,0.86716,1.87,1.00
2017.08.09 07:08:43.738,0.86709,0.86718,1.50,1.50
2017.08.09 07:08:44.963,0.86709,0.8672,1.50,1.69
2017.08.09 07:08:45.606,0.86713,0.86719,1.00,1.00
2017.08.09 07:08:45.657,0.86713,0.86722,1.50,2.06
2017.08.09 07:08:45.760,0.86711,0.86719,1.00,1.37
2017.08.09 07:08:45.914,0.86705,0.86716,1.50,1.50
2017.08.09 07:08:46.067,0.86705,0.86712,1.00,1.00
2017.08.09 07:08:46.735,0.86705,0.86713,1.00,1.00
2017.08.09 07:08:46.909,0.86703,0.86713,1.25,1.00
2017.08.09 07:08:47.449,0.86703,0.86714,1.25,2.25
2017.08.09 07:08:48.843,0.86703,0.86713,1.25,1.00
2017.08.09 07:08:49.637,0.86704,0.86713,1.00,1.00
2017.08.09 07:08:49.841,0.86705,0.86715,1.00,1.00
2017.08.09 07:08:50.783,0.86705,0.86714,1.00,1.50
2017.08.09 07:08:51.317,0.86705,0.86713,1.00,1.00
2017.08.09 07:08:51.522,0.86706,0.86715,1.00,2.25
2017.08.09 07:08:52.056,0.86706,0.86714,1.87,1.00
2017.08.09 07:08:52.614,0.86706,0.86715,1.12,1.00
2017.08.09 07:08:54.239,0.86706,0.86716,1.50,1.19
2017.08.09 07:08:54.342,0.86703,0.86712,1.50,1.00
2017.08.09 07:08:54.394,0.86703,0.8671,1.00,1.00
2017.08.09 07:08:54.445,0.86701,0.8671,1.00,1.00
2017.08.09 07:08:55.207,0.86701,0.86711,2.25,1.00
2017.08.09 07:08:55.310,0.86704,0.86711,1.00,1.00
2017.08.09 07:08:56.299,0.86702,0.86711,1.50,1.00
2017.08.09 07:08:56.672,0.86702,0.86709,1.00,1.00
2017.08.09 07:08:57.181,0.86702,0.86709,1.37,1.00
2017.08.09 07:08:58.055,0.86702,0.86709,1.00,1.50
2017.08.09 07:08:58.573,0.867,0.86709,2.25,1.50
2017.08.09 07:09:00.854,0.867,0.86709,1.00,1.00
2017.08.09 07:09:01.394,0.86701,0.86709,1.00,1.00
2017.08.09 07:09:01.886,0.86704,0.86709,1.00,1.00
2017.08.09 07:09:01.938,0.86702,0.8671,1.12,1.00
2017.08.09 07:09:01.989,0.86701,0.86709,1.75,1.37
2017.08.09 07:09:02.041,0.86697,0.86706,1.00,3.37
2017.08.09 07:09:02.092,0.86695,0.86702,1.50,1.12
2017.08.09 07:09:02.144,0.86693,0.86702,1.12,1.50
2017.08.09 07:09:02.348,0.86693,0.86699,1.00,1.00
2017.08.09 07:09:02.598,0.86693,0.86701,1.00,1.87
2017.08.09 07:09:03.127,0.86692,0.86701,1.00,1.12
2017.08.09 07:09:03.669,0.86693,0.86702,1.00,2.25
2017.08.09 07:09:05.262,0.86691,0.86701,1.50,1.00
2017.08.09 07:09:06.032,0.86693,0.86701,1.00,1.25
2017.08.09 07:09:06.814,0.86691,0.86701,1.00,1.31
2017.08.09 07:09:07.342,0.86692,0.86702,1.00,1.19
2017.08.09 07:09:09.798,0.86694,0.86702,1.50,1.00
2017.08.09 07:09:09.850,0.86695,0.86705,1.00,2.81
2017.08.09 07:09:10.142,0.86697,0.86705,1.00,1.12
2017.08.09 07:09:10.680,0.86697,0.86707,1.00,2.06
2017.08.09 07:09:11.530,0.86697,0.86706,1.00,1.69
2017.08.09 07:09:12.018,0.867,0.86708,1.50,2.00
2017.08.09 07:09:12.171,0.86702,0.86712,1.12,1.69
2017.08.09 07:09:12.375,0.86703,0.86709,1.00,1.00
2017.08.09 07:09:12.592,0.86703,0.86711,1.00,1.00
2017.08.09 07:09:13.121,0.86703,0.86712,1.00,1.00
2017.08.09 07:09:13.655,0.86703,0.86711,1.00,1.00
2017.08.09 07:09:14.198,0.86703,0.86712,1.00,1.00
2017.08.09 07:09:14.546,0.86703,0.8671,1.00,1.00
2017.08.09 07:09:14.599,0.86701,0.86709,1.87,1.00
2017.08.09 07:09:15.171,0.867,0.8671,1.12,1.00
2017.08.09 07:09:15.673,0.86701,0.8671,1.00,1.00
2017.08.09 07:09:16.915,0.867,0.8671,1.12,1.00
2017.08.09 07:09:17.508,0.867,0.86709,1.12,1.50
2017.08.09 07:09:18.033,0.86699,0.86708,1.00,1.25
2017.08.09 07:09:18.640,0.86697,0.86707,1.87,1.31
2017.08.09 07:09:20.267,0.86697,0.86701,1.12,1.00
2017.08.09 07:09:20.320,0.86694,0.867,1.00,1.00
2017.08.09 07:09:20.372,0.86691,0.867,1.12,1.12
2017.08.09 07:09:20.423,0.86689,0.86698,1.87,1.00
2017.08.09 07:09:20.475,0.86688,0.86697,1.00,1.00
2017.08.09 07:09:21.040,0.86687,0.86697,1.00,1.00
2017.08.09 07:09:21.355,0.86692,0.86697,1.87,1.00
2017.08.09 07:09:21.503,0.86697,0.86703,1.00,1.00
2017.08.09 07:09:21.658,0.86697,0.86706,1.00,1.50
2017.08.09 07:09:23.379,0.86697,0.86705,1.00,1.00
2017.08.09 07:09:23.430,0.86693,0.86698,1.75,1.00
2017.08.09 07:09:23.482,0.86691,0.86697,2.25,1.00
2017.08.09 07:09:23.586,0.86685,0.86692,2.25,1.00
2017.08.09 07:09:23.688,0.86682,0.8669,1.37,1.00
2017.08.09 07:09:23.790,0.86681,0.86689,1.50,1.00
2017.08.09 07:09:24.100,0.86681,0.86687,1.00,1.00
2017.08.09 07:09:24.612,0.8668,0.86687,1.50,1.00
2017.08.09 07:09:24.920,0.86682,0.86688,1.00,1.25
2017.08.09 07:09:25.124,0.86682,0.8669,1.00,1.00
2017.08.09 07:09:25.227,0.86684,0.86692,1.00,1.12
2017.08.09 07:09:25.667,0.86684,0.8669,1.00,1.00
2017.08.09 07:09:25.770,0.86684,0.86692,1.00,1.00
2017.08.09 07:09:26.313,0.86683,0.86692,1.00,1.00
2017.08.09 07:09:27.744,0.86683,0.86691,2.25,1.00
2017.08.09 07:09:27.897,0.86682,0.86689,1.00,1.00
2017.08.09 07:09:28.206,0.86681,0.86687,1.12,1.00
2017.08.09 07:09:29.116,0.86681,0.86689,1.12,1.00
2017.08.09 07:09:29.707,0.86682,0.8669,1.00,1.00
2017.08.09 07:09:30.045,0.86679,0.86687,3.75,1.00
2017.08.09 07:09:30.193,0.86679,0.86689,1.37,1.00
2017.08.09 07:09:30.244,0.86679,0.86687,1.00,1.00
2017.08.09 07:09:31.512,0.86678,0.86687,1.00,1.00
2017.08.09 07:09:31.820,0.86675,0.86684,1.00,1.00
2017.08.09 07:09:32.127,0.86676,0.86685,1.37,1.00
2017.08.09 07:09:32.974,0.86678,0.86688,1.00,1.00
2017.08.09 07:09:33.529,0.86679,0.86689,1.00,1.00
2017.08.09 07:09:33.646,0.86679,0.86687,1.00,1.00
2017.08.09 07:09:34.209,0.8668,0.86687,1.00,1.00
2017.08.09 07:09:34.805,0.86681,0.86689,1.00,1.00
2017.08.09 07:09:35.532,0.8668,0.86689,1.12,1.00
2017.08.09 07:09:36.177,0.8668,0.86689,1.37,1.00
2017.08.09 07:09:37.542,0.86679,0.86688,1.87,1.00
2017.08.09 07:09:37.644,0.86678,0.86686,1.50,1.00
2017.08.09 07:09:39.021,0.86678,0.86685,1.00,1.00
2017.08.09 07:09:40.137,0.86677,0.86685,1.12,1.00
2017.08.09 07:09:41.033,0.86678,0.86685,1.00,1.00
2017.08.09 07:09:41.869,0.86678,0.86684,1.00,1.00
2017.08.09 07:09:42.527,0.86677,0.86684,1.12,1.00
2017.08.09 07:09:45.626,0.86675,0.86682,1.12,1.69
2017.08.09 07:09:45.678,0.86674,0.86682,1.50,1.69
2017.08.09 07:09:45.780,0.86672,0.86681,1.12,1.25
2017.08.09 07:09:46.542,0.86673,0.86682,1.00,1.00
2017.08.09 07:09:46.748,0.86675,0.86682,1.12,1.00
2017.08.09 07:09:47.055,0.86676,0.86684,1.00,1.25
2017.08.09 07:09:48.387,0.86677,0.86684,1.12,1.00
2017.08.09 07:09:48.824,0.86675,0.86684,1.50,1.00
2017.08.09 07:09:49.715,0.86675,0.86682,1.12,1.19
2017.08.09 07:09:49.970,0.86672,0.8668,1.12,1.19
2017.08.09 07:09:50.278,0.86671,0.86679,1.00,1.19
2017.08.09 07:09:50.482,0.86666,0.86676,1.50,1.19
2017.08.09 07:09:51.403,0.86668,0.86676,1.00,1.00
2017.08.09 07:09:51.455,0.86668,0.86678,1.87,1.25
2017.08.09 07:09:51.914,0.86673,0.8668,1.00,1.00
2017.08.09 07:09:52.223,0.86673,0.86682,1.00,1.25
2017.08.09 07:09:53.916,0.86674,0.86683,1.00,1.69
2017.08.09 07:09:54.463,0.86672,0.86682,2.62,1.69
2017.08.09 07:09:54.566,0.86671,0.86681,1.50,1.69
2017.08.09 07:09:54.744,0.86668,0.86679,2.25,1.25
2017.08.09 07:09:55.101,0.86668,0.86677,1.00,1.25
2017.08.09 07:09:55.682,0.86667,0.86677,1.00,1.25
2017.08.09 07:09:56.220,0.86666,0.86677,2.25,1.25
2017.08.09 07:09:56.882,0.86668,0.86677,1.00,1.69
2017.08.09 07:09:57.198,0.86672,0.86681,1.00,1.50
2017.08.09 07:09:57.897,0.86673,0.86682,1.00,1.25
2017.08.09 07:09:59.276,0.86673,0.86684,1.87,1.31
2017.08.09 07:09:59.461,0.86674,0.86686,1.50,2.44
2017.08.09 07:09:59.972,0.86675,0.86686,1.00,1.69
2017.08.09 07:10:00.492,0.86675,0.86686,1.00,1.69
2017.08.09 07:10:01.575,0.86675,0.86685,1.12,1.25
2017.08.09 07:10:02.209,0.86676,0.86682,1.00,1.00
2017.08.09 07:10:02.584,0.86674,0.86681,1.87,1.00
2017.08.09 07:10:03.891,0.86672,0.86681,1.12,1.00
2017.08.09 07:10:04.991,0.86672,0.86682,2.62,1.19
2017.08.09 07:10:05.182,0.86674,0.86682,1.00,1.19
2017.08.09 07:10:05.691,0.86674,0.86682,1.00,1.19
2017.08.09 07:10:06.059,0.86675,0.86684,1.00,2.81
2017.08.09 07:10:06.161,0.86675,0.86681,1.00,1.00
2017.08.09 07:10:06.862,0.86675,0.86682,1.00,1.31
2017.08.09 07:10:07.118,0.86682,0.8669,1.12,1.12
2017.08.09 07:10:07.170,0.86684,0.86692,1.00,2.06
2017.08.09 07:10:07.222,0.86684,0.86692,1.00,1.25
2017.08.09 07:10:08.026,0.86685,0.86692,1.00,1.25
2017.08.09 07:10:08.180,0.86683,0.86691,1.00,1.25
2017.08.09 07:10:08.672,0.8668,0.8669,1.12,1.00
2017.08.09 07:10:08.723,0.8668,0.86689,1.12,1.19
2017.08.09 07:10:10.179,0.86681,0.86689,1.00,1.19
2017.08.09 07:10:10.686,0.8668,0.86689,1.00,1.19
2017.08.09 07:10:11.138,0.8668,0.8669,1.00,1.00
2017.08.09 07:10:11.450,0.8668,0.86688,1.00,1.00
2017.08.09 07:10:11.982,0.86681,0.86687,1.00,1.00
2017.08.09 07:10:12.034,0.86681,0.86689,1.12,1.00
2017.08.09 07:10:13.251,0.86683,0.86689,1.00,1.00
2017.08.09 07:10:13.862,0.86682,0.86689,1.00,1.00
2017.08.09 07:10:14.300,0.86679,0.86683,1.00,1.00
2017.08.09 07:10:14.352,0.86679,0.86683,1.00,1.00
2017.08.09 07:10:14.455,0.86677,0.86682,1.00,1.00
2017.08.09 07:10:15.401,0.86675,0.86683,3.00,1.00
2017.08.09 07:10:15.505,0.86679,0.86686,1.00,1.00
2017.08.09 07:10:15.557,0.86679,0.86688,1.87,1.00
2017.08.09 07:10:15.612,0.8668,0.86688,1.87,1.00
2017.08.09 07:10:16.021,0.86682,0.86687,1.00,1.19
2017.08.09 07:10:16.170,0.86673,0.86682,2.25,1.00
2017.08.09 07:10:16.374,0.86675,0.86685,1.00,1.19
2017.08.09 07:10:16.925,0.86673,0.86683,1.12,1.50
2017.08.09 07:10:17.528,0.86675,0.86683,1.00,1.50
2017.08.09 07:10:17.838,0.86676,0.86686,1.37,2.06
2017.08.09 07:10:18.043,0.86674,0.86683,1.12,1.00
2017.08.09 07:10:18.946,0.86674,0.86681,1.50,1.00
2017.08.09 07:10:19.152,0.86674,0.86683,1.12,1.00
2017.08.09 07:10:19.305,0.86676,0.86683,1.00,1.00
2017.08.09 07:10:19.408,0.86677,0.86685,1.00,2.81
2017.08.09 07:10:19.917,0.86676,0.86685,1.00,2.44
2017.08.09 07:10:20.071,0.86676,0.86685,1.00,1.50
2017.08.09 07:10:20.914,0.86676,0.86684,1.00,1.00
2017.08.09 07:10:21.923,0.86676,0.86686,1.00,2.06
2017.08.09 07:10:22.695,0.86677,0.86686,1.00,2.06
2017.08.09 07:10:22.900,0.86676,0.86682,1.00,1.25
2017.08.09 07:10:22.951,0.86674,0.86682,1.00,1.12
2017.08.09 07:10:23.500,0.86673,0.86683,1.00,3.19
2017.08.09 07:10:23.756,0.86675,0.86683,1.00,2.25
2017.08.09 07:10:23.859,0.86676,0.86684,1.00,2.81
2017.08.09 07:10:25.200,0.86675,0.86684,1.00,1.19
2017.08.09 07:10:25.606,0.86674,0.86681,1.00,1.00
2017.08.09 07:10:25.963,0.86671,0.8668,1.00,1.12
2017.08.09 07:10:26.570,0.8667,0.8668,1.00,3.19
2017.08.09 07:10:27.071,0.86669,0.86679,1.00,2.06
2017.08.09 07:10:28.579,0.8667,0.86678,1.00,2.81
2017.08.09 07:10:28.630,0.86667,0.86676,1.50,1.00
2017.08.09 07:10:29.246,0.86667,0.86678,1.00,3.19
2017.08.09 07:10:30.137,0.86669,0.86677,1.00,1.25
2017.08.09 07:10:30.292,0.86664,0.86673,1.50,1.00
2017.08.09 07:10:30.805,0.86664,0.86674,1.00,1.69
2017.08.09 07:10:30.947,0.86668,0.86675,1.00,1.94
2017.08.09 07:10:31.102,0.86666,0.86674,1.00,1.50
2017.08.09 07:10:31.646,0.86668,0.86675,1.00,1.50
2017.08.09 07:10:32.287,0.86668,0.86674,1.00,1.00
2017.08.09 07:10:32.340,0.86666,0.86673,1.00,1.00
2017.08.09 07:10:32.391,0.86664,0.86672,1.50,1.50
2017.08.09 07:10:32.545,0.86663,0.86671,1.00,2.25
2017.08.09 07:10:33.088,0.86662,0.86671,1.00,1.50
2017.08.09 07:10:33.395,0.86661,0.86668,1.00,1.00
2017.08.09 07:10:33.669,0.86662,0.86671,1.00,2.81
2017.08.09 07:10:34.190,0.86662,0.86671,1.00,1.69
2017.08.09 07:10:35.186,0.86665,0.86673,1.00,3.19
2017.08.09 07:10:35.747,0.86664,0.86673,1.00,1.25
2017.08.09 07:10:37.131,0.86663,0.8667,1.12,1.19
2017.08.09 07:10:37.638,0.86662,0.86669,1.00,1.25
2017.08.09 07:10:38.614,0.86663,0.86669,1.00,1.00
2017.08.09 07:10:38.667,0.86663,0.86671,1.00,1.00
2017.08.09 07:10:38.769,0.86665,0.86671,1.00,1.00
2017.08.09 07:10:38.974,0.86664,0.86674,1.00,1.31
2017.08.09 07:10:40.151,0.86665,0.86674,1.00,1.25
2017.08.09 07:10:40.660,0.86665,0.86673,1.00,1.31
2017.08.09 07:10:41.398,0.86665,0.86672,1.00,1.00
2017.08.09 07:10:41.931,0.86665,0.86673,1.00,1.25
2017.08.09 07:10:42.190,0.86663,0.8667,1.00,1.00
2017.08.09 07:10:42.415,0.86658,0.86668,1.00,1.87
2017.08.09 07:10:42.619,0.86659,0.86665,1.00,1.00
2017.08.09 07:10:42.773,0.86657,0.86665,1.00,1.00
2017.08.09 07:10:43.429,0.86657,0.86666,1.00,1.00
2017.08.09 07:10:44.411,0.86657,0.86665,1.00,1.00
2017.08.09 07:10:46.195,0.86658,0.86667,1.00,1.50
2017.08.09 07:10:46.348,0.8666,0.86668,1.00,1.37
2017.08.09 07:10:46.655,0.86665,0.86672,1.00,1.00
2017.08.09 07:10:47.000,0.86662,0.86669,1.00,1.00
2017.08.09 07:10:47.569,0.86661,0.86668,1.00,1.00
2017.08.09 07:10:48.179,0.86659,0.86668,1.00,1.00
2017.08.09 07:10:48.230,0.86659,0.86665,1.00,1.00
2017.08.09 07:10:48.667,0.8666,0.86668,1.00,1.12
2017.08.09 07:10:49.334,0.86659,0.86668,1.00,1.00
2017.08.09 07:10:50.768,0.8666,0.86669,1.00,1.12
2017.08.09 07:10:50.921,0.86663,0.8667,1.00,1.00
2017.08.09 07:10:52.505,0.86663,0.86672,1.00,1.87
2017.08.09 07:10:52.811,0.86665,0.86672,1.00,1.00
2017.08.09 07:10:53.383,0.86665,0.86673,1.00,1.25
2017.08.09 07:10:53.934,0.86666,0.86673,1.00,1.25
2017.08.09 07:10:54.445,0.86665,0.86674,1.00,1.19
2017.08.09 07:10:56.531,0.86665,0.86674,1.00,1.69
2017.08.09 07:10:56.837,0.8667,0.8668,1.00,1.69
2017.08.09 07:10:57.166,0.86668,0.86676,1.12,1.00
2017.08.09 07:10:57.473,0.86667,0.86674,1.12,1.00
2017.08.09 07:10:57.978,0.86667,0.86676,1.00,1.25
2017.08.09 07:11:01.284,0.86668,0.86676,1.00,1.00
2017.08.09 07:11:01.605,0.86668,0.86674,1.00,1.00
2017.08.09 07:11:01.784,0.86668,0.86677,1.00,1.12
2017.08.09 07:11:02.244,0.86669,0.86678,1.00,1.69
2017.08.09 07:11:02.449,0.86664,0.86673,1.00,1.12
2017.08.09 07:11:03.054,0.86664,0.86672,1.00,1.00
2017.08.09 07:11:03.238,0.86664,0.8667,1.00,1.00
2017.08.09 07:11:03.581,0.86662,0.8667,1.00,1.00
2017.08.09 07:11:04.393,0.86661,0.86669,1.00,1.00
2017.08.09 07:11:04.889,0.86661,0.86672,1.50,2.06
2017.08.09 07:11:04.940,0.86661,0.86669,1.00,1.00
2017.08.09 07:11:05.497,0.8666,0.86669,3.00,1.00
2017.08.09 07:11:05.803,0.86662,0.86669,1.00,1.00
2017.08.09 07:11:06.359,0.8666,0.86669,3.00,1.00
2017.08.09 07:11:08.725,0.86661,0.86669,1.00,1.00
2017.08.09 07:11:09.343,0.86661,0.8667,1.00,1.50
2017.08.09 07:11:09.853,0.86661,0.86671,1.00,1.50
2017.08.09 07:11:10.415,0.8666,0.8667,1.87,1.00
2017.08.09 07:11:11.080,0.86662,0.8667,1.00,1.00
2017.08.09 07:11:11.658,0.86662,0.86669,1.00,1.00
2017.08.09 07:11:12.330,0.86662,0.8667,1.00,1.00
2017.08.09 07:11:13.700,0.86662,0.86669,1.00,1.00
2017.08.09 07:11:14.680,0.86662,0.86671,1.00,1.00
2017.08.09 07:11:15.365,0.86663,0.86672,1.00,1.31
2017.08.09 07:11:15.518,0.86664,0.8667,1.00,1.00
2017.08.09 07:11:17.566,0.8666,0.8667,2.62,1.50
2017.08.09 07:11:18.466,0.8666,0.86668,2.25,1.00
2017.08.09 07:11:18.772,0.86663,0.8667,1.00,1.00
2017.08.09 07:11:19.121,0.86666,0.86673,1.00,1.00
2017.08.09 07:11:19.939,0.86666,0.86675,1.00,1.25
2017.08.09 07:11:20.093,0.86666,0.86672,1.50,1.00
2017.08.09 07:11:20.197,0.86666,0.86674,1.50,1.00
2017.08.09 07:11:20.703,0.86666,0.86675,1.00,1.00
2017.08.09 07:11:21.889,0.86668,0.86676,1.00,1.25
2017.08.09 07:11:22.042,0.86666,0.86675,1.00,1.00
2017.08.09 07:11:23.537,0.86668,0.86676,1.00,1.31
2017.08.09 07:11:23.640,0.86666,0.86676,1.00,1.31
2017.08.09 07:11:23.794,0.86666,0.86672,1.00,1.00
2017.08.09 07:11:23.897,0.86663,0.86671,1.00,1.00
2017.08.09 07:11:24.400,0.86663,0.86671,1.00,1.19
2017.08.09 07:11:26.235,0.86661,0.86668,1.00,1.00
2017.08.09 07:11:26.541,0.86659,0.86666,1.00,1.00
2017.08.09 07:11:26.906,0.8666,0.86669,1.00,1.50
2017.08.09 07:11:27.437,0.86661,0.8667,1.00,1.31
2017.08.09 07:11:28.122,0.86659,0.8667,1.50,2.06
2017.08.09 07:11:28.333,0.86659,0.86668,1.50,1.00
2017.08.09 07:11:29.428,0.86659,0.86666,1.00,1.00
2017.08.09 07:11:29.756,0.86655,0.86665,1.50,1.00
2017.08.09 07:11:31.046,0.86655,0.86664,1.50,1.50
2017.08.09 07:11:31.097,0.86655,0.86664,1.50,1.50
2017.08.09 07:11:31.986,0.86658,0.86665,1.00,1.00
2017.08.09 07:11:32.528,0.86659,0.86666,1.00,1.12
2017.08.09 07:11:32.962,0.8666,0.86669,1.00,1.31
2017.08.09 07:11:33.015,0.86662,0.86669,1.00,1.31
2017.08.09 07:11:39.521,0.86661,0.86668,1.00,1.31
2017.08.09 07:11:39.828,0.8666,0.86665,1.00,1.00
2017.08.09 07:11:40.386,0.8666,0.86667,1.00,1.25
2017.08.09 07:11:41.135,0.86658,0.86664,1.00,1.00
2017.08.09 07:11:41.340,0.8666,0.86667,1.00,1.00
2017.08.09 07:11:41.495,0.86662,0.86667,1.00,1.00
2017.08.09 07:11:41.548,0.86662,0.8667,1.00,1.12
2017.08.09 07:11:41.752,0.86661,0.86668,1.00,1.00
2017.08.09 07:11:41.956,0.86661,0.8667,1.00,1.31
2017.08.09 07:11:42.007,0.86661,0.86668,1.00,1.00
2017.08.09 07:11:42.059,0.86662,0.8667,1.00,1.31
2017.08.09 07:11:42.288,0.86662,0.86668,1.00,1.00
2017.08.09 07:11:42.596,0.86664,0.86671,1.00,1.00
2017.08.09 07:11:42.648,0.86665,0.86674,1.00,2.81
2017.08.09 07:11:44.036,0.86665,0.86673,1.00,1.19
2017.08.09 07:11:44.538,0.86665,0.86673,1.00,1.25
2017.08.09 07:11:44.793,0.86667,0.86674,1.00,1.00
2017.08.09 07:11:45.986,0.86667,0.86675,1.00,1.00
2017.08.09 07:11:46.293,0.86662,0.86668,1.12,1.00
2017.08.09 07:11:46.801,0.86662,0.86669,1.00,1.00
2017.08.09 07:11:47.463,0.86662,0.8667,1.00,1.50
2017.08.09 07:11:49.664,0.86663,0.8667,1.00,1.00
2017.08.09 07:11:50.377,0.86667,0.86672,1.00,1.00
2017.08.09 07:11:50.479,0.86668,0.86676,1.00,1.12
2017.08.09 07:11:51.006,0.86669,0.86678,1.00,1.31
2017.08.09 07:11:51.109,0.86672,0.86679,1.00,1.00
2017.08.09 07:11:51.418,0.86676,0.86683,1.00,1.12
2017.08.09 07:11:51.939,0.86675,0.86683,1.00,1.12
2017.08.09 07:11:52.487,0.86675,0.86684,1.00,1.69
2017.08.09 07:11:53.225,0.86676,0.86684,1.00,1.50
2017.08.09 07:11:53.735,0.86677,0.86683,1.00,1.00
2017.08.09 07:11:54.327,0.86676,0.86683,1.00,1.00
2017.08.09 07:11:54.939,0.86677,0.86683,1.00,1.00
2017.08.09 07:11:55.845,0.86675,0.86683,1.00,1.50
2017.08.09 07:11:55.896,0.86674,0.86681,1.00,1.00
2017.08.09 07:11:56.937,0.86674,0.86682,1.00,1.00
2017.08.09 07:11:57.805,0.86674,0.86683,1.00,1.12
2017.08.09 07:11:58.111,0.86674,0.86681,1.00,1.50
2017.08.09 07:11:58.636,0.86674,0.86682,1.00,1.00
2017.08.09 07:11:58.941,0.86674,0.8668,1.00,1.00
2017.08.09 07:11:59.395,0.86674,0.86682,1.00,1.00
2017.08.09 07:11:59.932,0.86674,0.86683,1.00,1.50
2017.08.09 07:12:00.518,0.86675,0.86683,1.00,1.00
2017.08.09 07:12:01.785,0.86675,0.86684,1.00,1.12
2017.08.09 07:12:02.031,0.86678,0.86685,1.00,3.37
2017.08.09 07:12:02.677,0.86677,0.86685,1.00,1.87
2017.08.09 07:12:03.228,0.86678,0.86686,1.00,1.87
2017.08.09 07:12:03.756,0.86679,0.86686,1.00,1.87
2017.08.09 07:12:06.854,0.86679,0.86685,1.00,1.00
2017.08.09 07:12:07.359,0.86679,0.86687,1.00,1.69
2017.08.09 07:12:07.489,0.86679,0.86685,1.00,1.00
2017.08.09 07:12:08.589,0.86679,0.86687,1.00,1.69
2017.08.09 07:12:09.148,0.86679,0.86686,1.00,1.00
2017.08.09 07:12:12.117,0.86679,0.86687,1.00,1.69
2017.08.09 07:12:12.626,0.86679,0.86686,1.00,1.00
2017.08.09 07:12:13.161,0.86679,0.86687,1.00,1.69
2017.08.09 07:12:13.676,0.86679,0.86686,1.00,1.00
2017.08.09 07:12:16.333,0.86679,0.86686,1.00,2.44
2017.08.09 07:12:16.385,0.86677,0.86686,1.00,2.81
2017.08.09 07:12:16.489,0.86674,0.86682,1.50,1.00
2017.08.09 07:12:17.050,0.86673,0.86682,1.50,1.00
2017.08.09 07:12:19.485,0.86675,0.86682,1.00,1.00
2017.08.09 07:12:19.537,0.86673,0.86682,2.25,1.00
2017.08.09 07:12:19.807,0.86675,0.86682,1.00,1.00
2017.08.09 07:12:20.345,0.86675,0.86683,1.00,1.12
2017.08.09 07:12:20.890,0.86674,0.86683,1.00,1.00
2017.08.09 07:12:22.066,0.86673,0.86683,2.25,1.12
2017.08.09 07:12:22.803,0.86673,0.86681,2.25,1.00
2017.08.09 07:12:23.108,0.86675,0.86683,1.00,1.00
2017.08.09 07:12:23.553,0.86678,0.86686,1.00,1.37
2017.08.09 07:12:23.658,0.86677,0.86687,1.12,1.87
2017.08.09 07:12:24.190,0.86678,0.86689,1.50,2.44
2017.08.09 07:12:25.046,0.86678,0.86689,1.00,2.81
2017.08.09 07:12:25.560,0.86677,0.86686,1.00,1.00
2017.08.09 07:12:26.064,0.86677,0.86687,1.00,1.12
2017.08.09 07:12:27.041,0.86677,0.86687,1.00,1.31
2017.08.09 07:12:27.592,0.86678,0.86687,1.00,1.19
2017.08.09 07:12:29.523,0.86679,0.86688,1.00,3.94
2017.08.09 07:12:30.730,0.86679,0.86689,1.50,1.69
2017.08.09 07:12:31.342,0.86679,0.86689,1.50,1.56
2017.08.09 07:12:36.685,0.86681,0.86689,1.00,1.50
2017.08.09 07:12:36.787,0.86684,0.86693,1.00,2.06
2017.08.09 07:12:36.981,0.86689,0.86695,1.00,1.00
2017.08.09 07:12:37.083,0.86689,0.86699,1.00,1.69
2017.08.09 07:12:37.973,0.86688,0.86699,2.25,1.69
2017.08.09 07:12:42.680,0.86689,0.867,1.00,2.81
2017.08.09 07:12:43.379,0.86688,0.86694,1.50,1.00
2017.08.09 07:12:43.485,0.86684,0.86693,1.50,1.50
2017.08.09 07:12:43.692,0.86685,0.86693,1.50,1.00
2017.08.09 07:12:44.063,0.86688,0.86696,1.87,1.00
2017.08.09 07:12:44.115,0.86688,0.86696,1.50,1.00
2017.08.09 07:12:46.430,0.86688,0.86697,1.00,1.50
2017.08.09 07:12:46.586,0.86688,0.86695,1.00,1.00
2017.08.09 07:12:46.900,0.86686,0.86694,1.50,1.50
2017.08.09 07:12:50.049,0.86686,0.86693,1.12,1.00
2017.08.09 07:12:50.202,0.86684,0.86693,1.50,2.25
2017.08.09 07:12:50.713,0.86685,0.86693,1.00,1.00
2017.08.09 07:12:51.687,0.86684,0.86693,2.25,1.00
2017.08.09 07:12:58.686,0.86685,0.86693,1.12,1.00
2017.08.09 07:12:58.738,0.86689,0.86695,1.50,1.00
2017.08.09 07:12:58.791,0.8669,0.867,2.25,1.12
2017.08.09 07:12:58.944,0.86692,0.86702,1.12,1.69
2017.08.09 07:12:59.529,0.86692,0.86701,1.37,1.00
2017.08.09 07:12:59.848,0.86692,0.86703,1.87,2.44
2017.08.09 07:13:00.538,0.86692,0.86702,1.87,1.00
2017.08.09 07:13:01.088,0.86691,0.867,1.87,1.00
2017.08.09 07:13:01.139,0.8669,0.867,3.00,1.50
2017.08.09 07:13:01.241,0.86688,0.86698,2.25,1.00
2017.08.09 07:13:01.343,0.86688,0.86698,1.50,1.00
2017.08.09 07:13:04.286,0.86691,0.86699,1.00,1.00
2017.08.09 07:13:04.389,0.86693,0.86702,1.00,1.50
2017.08.09 07:13:05.056,0.86692,0.86702,1.87,1.19
2017.08.09 07:13:05.463,0.86692,0.86703,1.50,2.44
2017.08.09 07:13:06.161,0.86692,0.86703,3.00,2.44
2017.08.09 07:13:06.671,0.86691,0.86701,2.62,1.25
2017.08.09 07:13:10.363,0.86691,0.86702,1.87,3.19
2017.08.09 07:13:10.670,0.86695,0.86702,1.00,1.69
2017.08.09 07:13:11.125,0.86693,0.86701,1.00,1.00
2017.08.09 07:13:11.752,0.86694,0.86701,1.00,1.00
2017.08.09 07:13:13.231,0.86695,0.86701,1.00,1.50
2017.08.09 07:13:13.796,0.86685,0.8669,1.00,1.00
2017.08.09 07:13:14.059,0.86685,0.86692,1.00,1.00
2017.08.09 07:13:14.643,0.86685,0.86691,1.00,1.00
2017.08.09 07:13:15.607,0.86685,0.86692,1.00,1.00
2017.08.09 07:13:16.788,0.86685,0.86693,1.00,1.50
2017.08.09 07:13:16.839,0.86684,0.86689,1.00,1.00
2017.08.09 07:13:16.993,0.86678,0.86686,1.00,1.00
2017.08.09 07:13:17.587,0.86677,0.86685,1.00,1.87
2017.08.09 07:13:18.080,0.86679,0.86686,1.00,1.12
2017.08.09 07:13:18.589,0.86679,0.86687,1.00,1.00
2017.08.09 07:13:21.018,0.86679,0.86686,1.00,1.00
2017.08.09 07:13:22.190,0.86679,0.86685,1.00,1.00
2017.08.09 07:13:24.999,0.86679,0.86686,1.00,1.25
2017.08.09 07:13:25.343,0.86682,0.8669,1.00,1.25
2017.08.09 07:13:26.174,0.86684,0.8669,1.00,1.00
2017.08.09 07:13:26.508,0.86674,0.86681,1.00,1.00
2017.08.09 07:13:27.038,0.86675,0.86681,1.00,1.12
2017.08.09 07:13:27.142,0.86673,0.86681,1.00,1.12
2017.08.09 07:13:27.295,0.86673,0.86679,1.00,1.00
2017.08.09 07:13:27.600,0.86674,0.86681,1.00,1.12
2017.08.09 07:13:27.773,0.86678,0.86685,1.00,1.12
2017.08.09 07:13:28.080,0.8668,0.86687,1.00,1.00
2017.08.09 07:13:33.124,0.86679,0.86687,1.00,1.00
2017.08.09 07:13:33.520,0.86677,0.86686,1.12,1.00
2017.08.09 07:13:33.622,0.86677,0.86684,1.00,1.00
2017.08.09 07:13:34.752,0.86679,0.86686,1.00,1.00
2017.08.09 07:13:37.725,0.86679,0.86687,1.00,1.00
2017.08.09 07:13:38.521,0.86677,0.86687,1.00,1.00
2017.08.09 07:13:39.038,0.86675,0.86685,1.50,1.00
2017.08.09 07:13:39.603,0.86675,0.86683,1.00,1.00
2017.08.09 07:13:40.501,0.86676,0.86683,1.00,1.00
2017.08.09 07:13:41.839,0.86676,0.86684,1.00,1.00
2017.08.09 07:13:45.531,0.86676,0.86683,1.00,1.00
2017.08.09 07:13:45.583,0.86678,0.86687,1.50,1.00
2017.08.09 07:13:46.178,0.8668,0.86687,1.00,1.00
2017.08.09 07:13:46.717,0.8668,0.86688,1.00,1.00
2017.08.09 07:13:47.758,0.86681,0.86688,1.00,1.00
2017.08.09 07:13:48.749,0.86681,0.8669,1.00,1.12
2017.08.09 07:13:48.803,0.86683,0.86691,1.00,1.37
2017.08.09 07:13:48.856,0.86683,0.86692,1.00,1.87
2017.08.09 07:13:49.009,0.86686,0.86693,1.00,1.00
2017.08.09 07:13:49.317,0.86691,0.86697,1.00,1.00
2017.08.09 07:13:49.492,0.86691,0.867,1.00,1.50
2017.08.09 07:13:50.025,0.86691,0.86699,1.00,1.00
2017.08.09 07:13:50.533,0.8669,0.86698,1.00,1.25
2017.08.09 07:13:51.083,0.8669,0.86697,1.00,1.00
2017.08.09 07:13:51.617,0.86689,0.86697,1.00,1.00
2017.08.09 07:13:52.742,0.86689,0.86696,1.00,1.00
2017.08.09 07:13:55.224,0.86689,0.86697,1.00,1.00
2017.08.09 07:14:01.110,0.86689,0.86696,1.00,1.00
2017.08.09 07:14:02.645,0.86689,0.86697,1.12,1.00
2017.08.09 07:14:03.171,0.8669,0.86697,1.12,1.00
2017.08.09 07:14:03.609,0.8669,0.86699,1.00,1.00
2017.08.09 07:14:04.234,0.86691,0.86698,1.00,1.00
2017.08.09 07:14:07.772,0.86691,0.86699,1.00,1.00
2017.08.09 07:14:09.096,0.86689,0.86698,1.12,1.25
2017.08.09 07:14:09.626,0.86689,0.86697,1.00,1.00
2017.08.09 07:14:09.677,0.86694,0.86701,1.00,2.25
2017.08.09 07:14:09.729,0.86693,0.86702,1.00,1.00
2017.08.09 07:14:09.831,0.86697,0.86705,1.00,1.00
2017.08.09 07:14:11.470,0.86697,0.86704,1.00,1.00
2017.08.09 07:14:13.138,0.86697,0.86703,1.00,1.00
2017.08.09 07:14:14.324,0.86695,0.86702,1.00,1.00
2017.08.09 07:14:14.609,0.86695,0.86705,1.50,1.12
2017.08.09 07:14:14.660,0.86697,0.86705,1.00,1.00
2017.08.09 07:14:15.599,0.86697,0.86706,1.00,1.00
2017.08.09 07:14:16.138,0.86696,0.86703,1.00,1.00
2017.08.09 07:14:16.803,0.86695,0.86703,1.00,1.00
2017.08.09 07:14:17.118,0.86696,0.86705,1.00,1.25
2017.08.09 07:14:18.935,0.86696,0.86704,1.00,1.00
2017.08.09 07:14:19.549,0.86697,0.86704,1.00,1.00
2017.08.09 07:14:20.074,0.86697,0.86703,1.00,1.00
2017.08.09 07:14:22.321,0.86697,0.86701,1.00,1.00
2017.08.09 07:14:22.656,0.86697,0.86703,1.00,1.00
2017.08.09 07:14:23.665,0.86697,0.86701,1.00,1.00
2017.08.09 07:14:24.175,0.86697,0.86702,1.00,1.00
2017.08.09 07:14:26.308,0.86697,0.86705,1.00,1.00
2017.08.09 07:14:26.838,0.86696,0.86705,1.00,1.00
2017.08.09 07:14:28.093,0.86696,0.86704,1.00,1.00
2017.08.09 07:14:29.164,0.86695,0.86704,1.00,1.00
2017.08.09 07:14:29.674,0.86695,0.86704,1.37,1.00
2017.08.09 07:14:29.776,0.86694,0.86702,1.12,1.00
2017.08.09 07:14:30.414,0.86694,0.86703,1.00,1.00
2017.08.09 07:14:30.734,0.86696,0.86704,1.00,1.50
2017.08.09 07:14:33.904,0.86692,0.86701,1.87,1.00
2017.08.09 07:14:35.010,0.86694,0.86701,1.00,1.00
2017.08.09 07:14:36.806,0.86693,0.86701,1.00,1.00
2017.08.09 07:14:38.693,0.86693,0.86702,1.00,1.00
2017.08.09 07:14:39.001,0.86697,0.86704,1.00,1.69
2017.08.09 07:14:39.534,0.86696,0.86705,1.00,1.25
2017.08.09 07:14:39.790,0.86692,0.86701,2.25,1.00
2017.08.09 07:14:39.892,0.86692,0.86701,1.00,1.25
2017.08.09 07:14:40.438,0.86691,0.86701,1.50,2.06
2017.08.09 07:14:40.591,0.86691,0.86696,1.00,1.00
2017.08.09 07:14:40.849,0.86684,0.86692,1.00,1.00
2017.08.09 07:14:41.671,0.86684,0.86693,1.00,1.25
2017.08.09 07:14:42.279,0.86684,0.86692,1.00,1.00
2017.08.09 07:14:43.048,0.86684,0.86693,1.00,1.25
2017.08.09 07:14:43.476,0.86684,0.86691,1.00,1.00
2017.08.09 07:14:44.088,0.86683,0.86691,1.50,1.00
2017.08.09 07:14:45.761,0.86683,0.86693,1.50,1.00
2017.08.09 07:14:45.812,0.86686,0.86694,1.00,1.00
2017.08.09 07:14:46.018,0.86687,0.86698,1.50,1.69
2017.08.09 07:14:46.171,0.86689,0.86698,1.00,1.25
2017.08.09 07:14:47.097,0.86688,0.86696,1.00,1.00
2017.08.09 07:14:47.353,0.86686,0.86696,2.25,1.31
2017.08.09 07:14:47.892,0.86686,0.86692,1.00,1.00
2017.08.09 07:14:48.203,0.86681,0.86686,1.00,1.00
2017.08.09 07:14:48.256,0.86679,0.86685,1.50,1.00
2017.08.09 07:14:48.557,0.86677,0.86685,1.87,1.00
2017.08.09 07:14:48.711,0.86677,0.86681,1.00,1.00
2017.08.09 07:14:48.814,0.86673,0.8668,1.00,1.00
2017.08.09 07:14:48.917,0.86671,0.86677,1.87,1.00
2017.08.09 07:14:49.372,0.86671,0.86679,1.50,1.00
2017.08.09 07:14:50.373,0.86672,0.86679,1.00,1.00
2017.08.09 07:14:51.618,0.8667,0.86679,1.50,1.00
2017.08.09 07:14:52.346,0.8667,0.86678,1.50,1.00
2017.08.09 07:15:00.192,0.86671,0.86678,1.00,1.00
2017.08.09 07:15:00.829,0.86669,0.86678,3.00,1.00
2017.08.09 07:15:03.242,0.86669,0.86677,3.19,1.00
2017.08.09 07:15:03.396,0.86669,0.86675,1.50,1.00
2017.08.09 07:15:03.498,0.86667,0.86674,1.87,1.00
2017.08.09 07:15:05.485,0.86667,0.86673,1.00,1.00
2017.08.09 07:15:06.284,0.86666,0.86673,1.12,1.00
2017.08.09 07:15:06.811,0.86665,0.86672,1.50,1.00
2017.08.09 07:15:06.913,0.86662,0.86669,1.50,1.00
2017.08.09 07:15:07.016,0.86659,0.86669,2.44,1.00
2017.08.09 07:15:07.068,0.86659,0.86667,2.44,1.00
2017.08.09 07:15:10.953,0.86661,0.86667,1.25,1.00
2017.08.09 07:15:11.005,0.86662,0.86669,1.00,1.00
2017.08.09 07:15:11.516,0.86661,0.86668,1.00,1.00
2017.08.09 07:15:12.031,0.8666,0.86668,1.00,1.00
2017.08.09 07:15:13.793,0.8666,0.8667,1.00,1.00
2017.08.09 07:15:15.207,0.86659,0.8667,2.81,1.00
2017.08.09 07:15:15.719,0.8666,0.86669,1.00,1.00
2017.08.09 07:15:16.512,0.86659,0.86669,3.19,1.00
2017.08.09 07:15:17.834,0.86659,0.86671,3.94,1.50
2017.08.09 07:15:17.885,0.86662,0.86671,1.00,1.50
2017.08.09 07:15:18.278,0.86662,0.86669,1.00,1.00
2017.08.09 07:15:18.798,0.86663,0.86669,1.00,1.00
2017.08.09 07:15:20.447,0.86663,0.86671,1.00,1.00
2017.08.09 07:15:20.550,0.86659,0.86666,1.87,1.00
2017.08.09 07:15:20.703,0.86657,0.86667,2.62,1.50
2017.08.09 07:15:22.055,0.86657,0.86668,1.87,1.50
2017.08.09 07:15:23.257,0.86657,0.86668,2.25,1.50
2017.08.09 07:15:23.914,0.86658,0.86669,1.50,2.25
2017.08.09 07:15:24.017,0.86659,0.86669,1.37,1.00
2017.08.09 07:15:24.492,0.86659,0.86667,1.87,1.00
2017.08.09 07:15:25.068,0.86659,0.86667,1.50,1.00
2017.08.09 07:15:26.700,0.86658,0.86668,2.25,1.50
2017.08.09 07:15:27.215,0.86658,0.86667,1.87,1.00
2017.08.09 07:15:29.815,0.86659,0.86667,1.00,1.00
2017.08.09 07:15:32.253,0.86659,0.86668,1.00,1.87
2017.08.09 07:15:32.562,0.86658,0.86666,1.50,1.00
2017.08.09 07:15:34.653,0.86658,0.86665,1.00,1.00
2017.08.09 07:15:35.182,0.86657,0.86665,1.50,1.69
2017.08.09 07:15:35.733,0.86657,0.86665,1.00,2.44
2017.08.09 07:15:36.238,0.86657,0.86665,1.00,1.69
2017.08.09 07:15:36.948,0.86656,0.86665,1.50,1.25
2017.08.09 07:15:41.112,0.86657,0.86665,1.00,1.25
2017.08.09 07:15:41.756,0.86656,0.86664,1.00,1.00
2017.08.09 07:15:42.382,0.86656,0.86664,1.37,1.69
2017.08.09 07:15:44.001,0.86659,0.86667,1.87,2.06
2017.08.09 07:15:44.560,0.8666,0.86667,2.25,1.00
2017.08.09 07:15:45.089,0.8666,0.86668,3.75,1.00
2017.08.09 07:15:45.616,0.86661,0.86667,2.25,1.00
2017.08.09 07:15:46.275,0.8666,0.86666,1.00,1.00
2017.08.09 07:15:46.326,0.86656,0.86664,1.50,2.06
2017.08.09 07:15:46.481,0.86658,0.86663,1.12,1.00
2017.08.09 07:15:46.685,0.8666,0.86666,1.12,1.00
2017.08.09 07:15:47.295,0.86659,0.86667,1.37,1.00
2017.08.09 07:15:47.810,0.8666,0.86668,1.37,1.00
2017.08.09 07:15:48.130,0.8666,0.86667,1.50,1.00
2017.08.09 07:15:48.334,0.86658,0.86666,2.25,1.00
2017.08.09 07:15:48.489,0.86657,0.86662,1.50,1.00
2017.08.09 07:15:48.542,0.86655,0.86661,1.00,1.00
2017.08.09 07:15:48.594,0.86652,0.86657,1.37,1.00
2017.08.09 07:15:48.645,0.86651,0.86657,2.25,1.00
2017.08.09 07:15:49.192,0.8665,0.86656,1.00,1.00
2017.08.09 07:15:49.697,0.86649,0.86656,1.50,1.00
2017.08.09 07:15:50.235,0.86649,0.86656,1.50,1.00
2017.08.09 07:15:50.755,0.86649,0.86656,1.00,1.00
2017.08.09 07:15:51.285,0.86649,0.86654,1.00,1.00
2017.08.09 07:15:51.563,0.86647,0.86654,1.00,1.00
2017.08.09 07:15:51.819,0.86643,0.86651,2.25,1.00
2017.08.09 07:15:52.380,0.86643,0.86651,1.00,1.00
2017.08.09 07:15:52.885,0.86643,0.86652,1.00,1.00
2017.08.09 07:15:53.563,0.86643,0.86649,1.12,1.00
2017.08.09 07:15:54.105,0.86644,0.8665,1.00,1.00
2017.08.09 07:15:54.454,0.86641,0.8665,1.87,1.00
2017.08.09 07:15:54.505,0.86641,0.86648,1.12,1.00
2017.08.09 07:15:54.813,0.86636,0.86643,1.37,1.00
2017.08.09 07:15:55.122,0.86638,0.86644,1.87,1.00
2017.08.09 07:15:55.428,0.86638,0.86645,1.87,1.00
2017.08.09 07:15:56.477,0.86638,0.86646,1.87,1.00
2017.08.09 07:15:56.943,0.86637,0.86646,1.37,1.00
2017.08.09 07:15:57.046,0.86636,0.86644,1.50,1.00
2017.08.09 07:16:00.615,0.86637,0.86645,1.50,1.00
2017.08.09 07:16:00.922,0.86638,0.86647,1.50,2.44
2017.08.09 07:16:01.067,0.86637,0.86646,1.00,1.31
2017.08.09 07:16:01.169,0.86636,0.86645,1.12,1.19
2017.08.09 07:16:02.420,0.86635,0.86645,2.25,1.19
2017.08.09 07:16:02.941,0.86636,0.86645,1.00,1.19
2017.08.09 07:16:03.542,0.86638,0.86645,1.00,1.00
2017.08.09 07:16:03.872,0.8664,0.86648,1.12,1.19
2017.08.09 07:16:04.421,0.86639,0.86648,1.00,1.69
2017.08.09 07:16:04.887,0.86639,0.8665,1.50,3.94
2017.08.09 07:16:04.990,0.86638,0.86648,1.37,1.31
2017.08.09 07:16:05.658,0.86638,0.86648,1.37,2.06
2017.08.09 07:16:05.972,0.86642,0.86651,1.37,3.56
2017.08.09 07:16:06.075,0.86641,0.86652,1.37,3.56
2017.08.09 07:16:06.980,0.86643,0.86653,1.37,1.25
2017.08.09 07:16:07.395,0.86643,0.86652,1.00,1.19
2017.08.09 07:16:07.446,0.8664,0.8665,1.50,1.00
2017.08.09 07:16:07.498,0.86639,0.86648,3.00,1.12
2017.08.09 07:16:07.600,0.86636,0.86646,2.25,1.25
2017.08.09 07:16:07.960,0.86638,0.86646,1.00,1.25
2017.08.09 07:16:08.845,0.86638,0.86645,1.00,1.00
2017.08.09 07:16:08.948,0.86636,0.86645,1.12,1.00
2017.08.09 07:16:09.000,0.86635,0.86642,1.12,1.00
2017.08.09 07:16:10.388,0.86634,0.86642,1.12,1.12
2017.08.09 07:16:14.233,0.86632,0.86644,4.50,2.44
2017.08.09 07:16:14.450,0.86632,0.86644,3.00,2.44
2017.08.09 07:16:14.502,0.86632,0.86644,2.25,2.06
2017.08.09 07:16:14.949,0.86632,0.86642,1.50,1.31
2017.08.09 07:16:15.684,0.86631,0.86642,2.25,1.50
2017.08.09 07:16:15.992,0.86636,0.86645,1.00,1.19
2017.08.09 07:16:16.407,0.86634,0.86642,1.00,1.00
2017.08.09 07:16:17.650,0.86637,0.86644,1.00,1.25
2017.08.09 07:16:17.855,0.86637,0.86646,1.00,2.06
2017.08.09 07:16:18.213,0.86636,0.86644,1.37,1.12
2017.08.09 07:16:18.468,0.86635,0.86644,1.00,1.12
2017.08.09 07:16:18.975,0.86636,0.86644,1.00,2.06
2017.08.09 07:16:20.437,0.86636,0.86644,1.00,1.25
2017.08.09 07:16:20.770,0.86639,0.86647,1.00,1.69
2017.08.09 07:16:20.923,0.8664,0.8665,1.12,1.69
2017.08.09 07:16:21.075,0.86642,0.8665,1.00,1.69
2017.08.09 07:16:21.378,0.8664,0.8665,1.00,1.69
2017.08.09 07:16:24.085,0.86637,0.86644,1.37,1.00
2017.08.09 07:16:24.137,0.86635,0.86644,1.12,1.25
2017.08.09 07:16:24.646,0.86636,0.86645,1.00,1.25
2017.08.09 07:16:25.371,0.86636,0.86644,1.00,1.00
2017.08.09 07:16:25.625,0.8664,0.86648,1.00,2.44
2017.08.09 07:16:25.931,0.86644,0.8665,1.00,1.00
2017.08.09 07:16:26.600,0.86644,0.86651,1.00,1.25
2017.08.09 07:16:28.839,0.86645,0.86654,1.00,1.69
2017.08.09 07:16:32.025,0.86645,0.86651,1.00,1.00
2017.08.09 07:16:32.128,0.86642,0.86649,1.00,1.00
2017.08.09 07:16:32.181,0.8664,0.86646,1.00,1.00
2017.08.09 07:16:32.344,0.86637,0.86645,1.00,1.00
2017.08.09 07:16:34.081,0.8664,0.86647,2.25,1.50
2017.08.09 07:16:34.132,0.86642,0.86648,1.12,1.00
2017.08.09 07:16:34.183,0.86642,0.8665,1.12,1.25
2017.08.09 07:16:34.388,0.86644,0.86651,1.00,2.44
2017.08.09 07:16:34.928,0.86646,0.86655,1.00,1.69
2017.08.09 07:16:37.050,0.86645,0.86652,1.00,1.00
2017.08.09 07:16:37.258,0.86642,0.8665,1.00,1.00
2017.08.09 07:16:37.888,0.86641,0.8665,1.00,1.00
2017.08.09 07:16:38.269,0.86645,0.86653,1.87,1.00
2017.08.09 07:16:38.422,0.86647,0.86656,1.00,1.25
2017.08.09 07:16:38.525,0.86646,0.86653,1.00,1.00
2017.08.09 07:16:38.577,0.86644,0.86652,1.00,1.00
2017.08.09 07:16:38.629,0.86642,0.8665,1.37,1.00
2017.08.09 07:16:38.936,0.8664,0.86648,1.00,1.00
2017.08.09 07:16:39.446,0.8664,0.86647,1.00,1.00
2017.08.09 07:16:39.498,0.86638,0.86647,1.00,1.00
2017.08.09 07:16:40.104,0.86637,0.86647,1.00,1.69
2017.08.09 07:16:41.767,0.86638,0.86646,1.00,1.00
2017.08.09 07:16:41.870,0.86639,0.86648,1.50,1.25
2017.08.09 07:16:42.022,0.8664,0.86651,1.50,2.06
2017.08.09 07:16:42.349,0.86642,0.8665,1.00,1.19
2017.08.09 07:16:42.656,0.86644,0.86654,1.50,2.44
2017.08.09 07:16:42.911,0.86646,0.86657,1.50,3.19
2017.08.09 07:16:43.064,0.86648,0.86657,1.00,2.81
2017.08.09 07:16:44.152,0.86648,0.86657,1.00,1.87
2017.08.09 07:16:44.696,0.86647,0.86657,1.50,1.31
2017.08.09 07:16:45.207,0.86647,0.86656,1.00,1.00
2017.08.09 07:16:45.770,0.86647,0.86657,1.50,2.06
2017.08.09 07:16:47.154,0.86647,0.86656,1.00,1.00
2017.08.09 07:16:47.256,0.86644,0.86651,1.00,1.50
2017.08.09 07:16:47.359,0.86641,0.86649,1.87,1.00
2017.08.09 07:16:48.611,0.8664,0.8665,1.00,1.25
2017.08.09 07:16:49.230,0.8664,0.86649,1.00,1.00
2017.08.09 07:16:49.384,0.86638,0.86648,1.50,1.00
2017.08.09 07:16:49.588,0.86638,0.86643,1.00,1.00
2017.08.09 07:16:50.202,0.86637,0.86643,1.00,1.00
2017.08.09 07:16:50.389,0.86638,0.86645,1.00,1.00
2017.08.09 07:16:50.440,0.86638,0.86643,1.00,1.00
2017.08.09 07:16:50.899,0.86636,0.86642,1.00,1.00
2017.08.09 07:16:51.636,0.86634,0.86642,2.25,1.00
2017.08.09 07:16:51.790,0.86633,0.8664,1.50,1.00
2017.08.09 07:16:52.345,0.86634,0.8664,1.00,1.00
2017.08.09 07:16:52.879,0.86635,0.8664,1.00,1.00
2017.08.09 07:16:53.905,0.86635,0.86642,1.00,1.00
2017.08.09 07:16:54.525,0.86634,0.86642,1.00,1.00
2017.08.09 07:16:55.123,0.86634,0.86641,1.00,1.00
2017.08.09 07:16:55.637,0.86634,0.8664,1.00,1.00
2017.08.09 07:16:56.184,0.86632,0.86639,1.00,1.00
2017.08.09 07:16:56.715,0.86631,0.86639,1.00,1.00
2017.08.09 07:16:57.356,0.8663,0.86638,1.12,1.00
2017.08.09 07:16:57.967,0.86631,0.86638,1.00,1.00
2017.08.09 07:16:58.546,0.86632,0.86639,1.12,1.00
2017.08.09 07:16:59.047,0.8663,0.86638,3.00,1.00
2017.08.09 07:17:00.314,0.8663,0.86638,1.87,1.00
2017.08.09 07:17:00.936,0.86631,0.86638,1.00,1.00
2017.08.09 07:17:01.519,0.8663,0.86638,1.12,1.00
2017.08.09 07:17:04.023,0.86629,0.86638,3.00,1.00
2017.08.09 07:17:06.064,0.86628,0.86638,1.50,1.00
2017.08.09 07:17:06.115,0.86627,0.86636,3.75,1.00
2017.08.09 07:17:06.423,0.86628,0.86637,3.00,1.00
2017.08.09 07:17:06.951,0.86629,0.86635,1.00,1.00
2017.08.09 07:17:08.132,0.86628,0.86633,1.00,1.50
2017.08.09 07:17:08.184,0.86624,0.86632,1.00,1.50
2017.08.09 07:17:08.237,0.86621,0.8663,1.50,1.50
2017.08.09 07:17:08.288,0.86619,0.86629,2.62,1.00
2017.08.09 07:17:08.827,0.86619,0.86628,1.50,1.00
2017.08.09 07:17:09.081,0.86621,0.8663,1.12,1.00
2017.08.09 07:17:09.217,0.86623,0.8663,1.00,1.00
2017.08.09 07:17:09.773,0.86622,0.86631,1.00,1.00
2017.08.09 07:17:11.038,0.86623,0.86631,1.00,1.00
2017.08.09 07:17:12.462,0.86621,0.86629,1.00,1.12
2017.08.09 07:17:12.666,0.86614,0.86624,1.87,1.12
2017.08.09 07:17:13.189,0.86614,0.86623,1.00,1.12
2017.08.09 07:17:13.718,0.86613,0.86623,1.00,1.12
2017.08.09 07:17:14.659,0.86616,0.86624,1.00,1.50
2017.08.09 07:17:14.867,0.86617,0.86626,1.00,1.00
2017.08.09 07:17:15.021,0.86618,0.86628,1.00,2.25
2017.08.09 07:17:15.531,0.86619,0.86627,1.00,1.00
2017.08.09 07:17:16.275,0.86619,0.86629,1.25,1.12
2017.08.09 07:17:16.326,0.86622,0.8663,1.00,1.00
2017.08.09 07:17:16.633,0.86631,0.86639,1.00,1.50
2017.08.09 07:17:17.353,0.86633,0.86642,1.00,1.87
2017.08.09 07:17:17.558,0.86638,0.86647,1.00,1.00
2017.08.09 07:17:17.660,0.86638,0.86645,1.00,1.00
2017.08.09 07:17:18.177,0.86636,0.86644,1.00,1.00
2017.08.09 07:17:18.231,0.86635,0.86642,1.12,1.00
2017.08.09 07:17:18.384,0.86633,0.86641,1.50,1.00
2017.08.09 07:17:18.929,0.86633,0.86642,1.00,1.00
2017.08.09 07:17:19.653,0.86632,0.86642,1.50,1.00
2017.08.09 07:17:20.216,0.86632,0.86641,1.00,1.00
2017.08.09 07:17:20.806,0.86632,0.8664,1.00,1.00
2017.08.09 07:17:21.791,0.86632,0.86639,1.00,1.00
2017.08.09 07:17:22.376,0.86631,0.86639,1.00,1.00
2017.08.09 07:17:22.847,0.86629,0.86637,1.50,1.00
2017.08.09 07:17:22.998,0.86627,0.86636,1.00,1.00
2017.08.09 07:17:23.846,0.86629,0.86636,1.00,1.00
2017.08.09 07:17:25.682,0.86629,0.86637,1.12,1.69
2017.08.09 07:17:26.919,0.86631,0.86637,1.00,1.25
2017.08.09 07:17:26.970,0.86632,0.86639,1.00,1.00
2017.08.09 07:17:27.022,0.86637,0.86643,1.00,2.25
2017.08.09 07:17:27.124,0.86636,0.86645,1.87,1.00
2017.08.09 07:17:27.175,0.8664,0.86644,1.00,1.00
2017.08.09 07:17:27.707,0.8664,0.86645,1.00,1.00
2017.08.09 07:17:28.202,0.86638,0.86645,1.50,1.00
2017.08.09 07:17:28.742,0.86639,0.86645,1.00,1.00
2017.08.09 07:17:28.844,0.86637,0.86642,1.00,1.00
2017.08.09 07:17:28.948,0.86632,0.86641,2.25,1.00
2017.08.09 07:17:29.000,0.86632,0.86639,1.12,1.00
2017.08.09 07:17:29.052,0.86631,0.86641,1.87,1.50
2017.08.09 07:17:29.589,0.86631,0.86642,2.25,1.00
2017.08.09 07:17:29.822,0.86634,0.86642,1.00,1.00
2017.08.09 07:17:29.983,0.86631,0.86642,2.62,1.50
2017.08.09 07:17:30.841,0.86633,0.86642,1.00,1.50
2017.08.09 07:17:31.775,0.86632,0.86642,1.12,1.50
2017.08.09 07:17:31.979,0.86631,0.86641,1.00,1.31
2017.08.09 07:17:32.519,0.86629,0.86639,1.00,1.00
2017.08.09 07:17:32.570,0.86627,0.86631,1.50,1.00
2017.08.09 07:17:32.672,0.86623,0.86632,1.00,1.50
2017.08.09 07:17:32.775,0.86623,0.8663,1.00,1.00
2017.08.09 07:17:32.826,0.86621,0.8663,2.25,1.50
2017.08.09 07:17:33.285,0.86619,0.8663,1.12,2.25
2017.08.09 07:17:33.810,0.86619,0.86629,1.00,1.00
2017.08.09 07:17:34.015,0.86618,0.86627,1.00,1.00
2017.08.09 07:17:34.372,0.86618,0.86629,1.12,1.12
2017.08.09 07:17:34.908,0.86618,0.86628,1.12,1.00
2017.08.09 07:17:35.322,0.86621,0.86629,1.50,1.12
2017.08.09 07:17:35.476,0.86623,0.86633,1.00,1.31
2017.08.09 07:17:36.140,0.86623,0.86633,1.87,1.25
2017.08.09 07:17:36.924,0.86624,0.86634,1.00,1.00
2017.08.09 07:17:37.461,0.86623,0.86634,1.50,1.00
2017.08.09 07:17:38.037,0.86623,0.86633,1.00,1.25
2017.08.09 07:17:38.548,0.86624,0.86633,1.00,1.25
2017.08.09 07:17:38.829,0.86621,0.86627,1.12,1.12
2017.08.09 07:17:38.932,0.86619,0.86626,1.00,2.62
2017.08.09 07:17:38.983,0.86615,0.86626,2.25,1.87
2017.08.09 07:17:39.137,0.86617,0.86626,1.00,2.25
2017.08.09 07:17:39.496,0.86615,0.86622,1.50,1.00
2017.08.09 07:17:39.743,0.86615,0.86625,1.00,1.69
2017.08.09 07:17:39.845,0.86616,0.86626,1.50,1.87
2017.08.09 07:17:40.151,0.86618,0.86628,1.00,2.25
2017.08.09 07:17:40.459,0.86615,0.86623,1.00,1.00
2017.08.09 07:17:40.998,0.86615,0.86624,1.50,1.25
2017.08.09 07:17:41.286,0.86617,0.86627,1.00,1.31
2017.08.09 07:17:41.389,0.86617,0.86625,1.00,1.00
2017.08.09 07:17:41.848,0.86617,0.86622,1.00,1.00
2017.08.09 07:17:42.351,0.86616,0.86622,1.00,1.00
2017.08.09 07:17:42.504,0.86619,0.86628,1.00,2.62
2017.08.09 07:17:42.556,0.8662,0.86628,1.00,1.00
2017.08.09 07:17:43.100,0.86621,0.86628,1.00,1.00
2017.08.09 07:17:43.626,0.8662,0.86628,1.00,1.50
2017.08.09 07:17:44.138,0.86619,0.86627,1.00,1.25
2017.08.09 07:17:44.189,0.86619,0.86627,1.00,1.69
2017.08.09 07:17:44.445,0.86617,0.86624,1.00,1.00
2017.08.09 07:17:44.811,0.86616,0.86623,1.00,1.31
2017.08.09 07:17:45.665,0.86617,0.86623,1.00,1.69
2017.08.09 07:17:45.716,0.86618,0.86625,1.00,2.81
2017.08.09 07:17:45.942,0.86619,0.86627,1.50,1.69
2017.08.09 07:17:46.459,0.86619,0.86627,1.00,1.19
2017.08.09 07:17:47.210,0.86618,0.86626,1.00,1.69
2017.08.09 07:17:47.738,0.86619,0.86626,1.00,2.06
2017.08.09 07:17:48.251,0.86619,0.86628,1.00,1.12
2017.08.09 07:17:48.996,0.8662,0.86628,1.00,1.12
2017.08.09 07:17:50.237,0.86623,0.86631,1.00,2.62
2017.08.09 07:17:50.340,0.86625,0.86634,1.00,3.19
2017.08.09 07:17:51.501,0.86624,0.86633,1.00,1.69
2017.08.09 07:17:53.750,0.86624,0.86632,1.00,1.00
2017.08.09 07:17:54.340,0.86623,0.86632,1.00,1.00
2017.08.09 07:17:56.953,0.86622,0.86632,1.00,1.25
2017.08.09 07:17:57.106,0.86621,0.86631,1.50,2.06
2017.08.09 07:17:57.361,0.86621,0.86632,1.50,1.50
2017.08.09 07:17:57.712,0.86623,0.86632,1.00,1.00
2017.08.09 07:17:58.140,0.86625,0.86633,1.00,1.00
2017.08.09 07:17:58.447,0.86627,0.86636,1.00,1.12
2017.08.09 07:17:58.550,0.8663,0.8664,1.50,4.31
2017.08.09 07:17:58.653,0.8663,0.8664,1.00,1.19
2017.08.09 07:17:58.937,0.86628,0.86638,1.50,1.00
2017.08.09 07:17:58.989,0.86631,0.86639,1.00,1.00
2017.08.09 07:17:59.538,0.86631,0.86641,1.00,2.44
2017.08.09 07:17:59.742,0.8663,0.86639,1.50,1.12
2017.08.09 07:18:00.255,0.8663,0.8664,1.00,1.25
2017.08.09 07:18:01.489,0.86633,0.8664,1.00,1.25
2017.08.09 07:18:04.223,0.86632,0.8664,1.50,1.00
2017.08.09 07:18:05.129,0.8663,0.86639,1.00,1.25
2017.08.09 07:18:05.270,0.8663,0.86637,1.00,1.00
2017.08.09 07:18:05.794,0.86629,0.86637,1.50,1.00
2017.08.09 07:18:05.845,0.8663,0.86639,1.00,1.25
2017.08.09 07:18:06.359,0.86629,0.86638,1.00,1.00
2017.08.09 07:18:07.502,0.86629,0.86637,1.00,1.00
2017.08.09 07:18:08.011,0.86629,0.86636,1.00,1.69
2017.08.09 07:18:10.538,0.86626,0.86636,1.50,1.25
2017.08.09 07:18:10.749,0.86626,0.86634,1.00,1.00
2017.08.09 07:18:10.800,0.86624,0.86634,1.50,1.25
2017.08.09 07:18:10.853,0.86624,0.86632,1.50,1.00
2017.08.09 07:18:11.360,0.86625,0.86632,1.00,1.00
2017.08.09 07:18:12.365,0.86623,0.86632,1.50,1.25
2017.08.09 07:18:12.882,0.86623,0.86632,1.00,1.00
2017.08.09 07:18:13.391,0.86624,0.86632,1.00,1.00
2017.08.09 07:18:13.826,0.86625,0.86635,1.00,2.44
2017.08.09 07:18:14.730,0.86625,0.86634,1.00,1.00
2017.08.09 07:18:15.275,0.86624,0.86634,1.00,1.50
2017.08.09 07:18:16.031,0.86626,0.86635,1.12,1.50
2017.08.09 07:18:16.338,0.86634,0.86641,1.00,1.00
2017.08.09 07:18:16.779,0.86634,0.86643,1.12,1.87
2017.08.09 07:18:19.559,0.86635,0.86643,1.00,1.00
2017.08.09 07:18:20.647,0.86635,0.86645,1.50,1.20
2017.08.09 07:18:20.699,0.86635,0.86643,1.50,1.00
2017.08.09 07:18:20.750,0.86635,0.86645,1.50,1.20
2017.08.09 07:18:21.568,0.86635,0.86644,1.00,1.00
2017.08.09 07:18:22.299,0.86634,0.86644,1.50,1.00
2017.08.09 07:18:22.942,0.86634,0.86642,1.00,1.00
2017.08.09 07:18:23.146,0.86632,0.86642,1.87,1.00
2017.08.09 07:18:23.353,0.86632,0.8664,1.50,1.00
2017.08.09 07:18:24.076,0.86632,0.86641,1.00,1.50
2017.08.09 07:18:24.609,0.86631,0.8664,1.12,2.25
2017.08.09 07:18:25.495,0.86632,0.86642,1.00,2.25
2017.08.09 07:18:26.243,0.86635,0.86643,1.00,1.50
2017.08.09 07:18:26.913,0.86635,0.86644,1.00,1.50
2017.08.09 07:18:27.267,0.86637,0.86644,1.00,1.00
2017.08.09 07:18:27.319,0.86633,0.86642,2.06,1.00
2017.08.09 07:18:27.626,0.86635,0.86645,1.00,1.50
2017.08.09 07:18:27.677,0.86635,0.86643,1.00,1.00
2017.08.09 07:18:28.513,0.86634,0.86644,1.12,1.50
2017.08.09 07:18:28.842,0.86633,0.86642,1.00,1.00
2017.08.09 07:18:29.149,0.86637,0.86646,1.50,1.00
2017.08.09 07:18:29.479,0.86638,0.86648,1.00,1.50
2017.08.09 07:18:29.810,0.86637,0.86646,2.62,1.00
2017.08.09 07:18:29.918,0.86634,0.86644,1.00,1.87
2017.08.09 07:18:30.425,0.86632,0.86643,2.25,1.00
2017.08.09 07:18:30.837,0.86634,0.86645,1.12,2.25
2017.08.09 07:18:31.349,0.86635,0.86645,1.00,2.25
2017.08.09 07:18:31.401,0.86634,0.86643,1.12,1.00
2017.08.09 07:18:31.737,0.86636,0.86644,1.00,1.87
2017.08.09 07:18:32.371,0.86636,0.86645,1.00,2.25
2017.08.09 07:18:33.008,0.86636,0.86647,1.50,1.50
2017.08.09 07:18:33.231,0.8664,0.86648,1.00,1.50
2017.08.09 07:18:33.486,0.86643,0.86651,1.00,1.00
2017.08.09 07:18:33.897,0.86643,0.86653,1.50,1.12
2017.08.09 07:18:34.424,0.86643,0.86651,1.50,1.00
2017.08.09 07:18:34.658,0.86644,0.86653,1.00,1.12
2017.08.09 07:18:35.267,0.86645,0.86653,1.00,1.00
2017.08.09 07:18:35.472,0.86647,0.86655,1.00,1.00
2017.08.09 07:18:36.258,0.86647,0.86654,1.00,1.00
2017.08.09 07:18:36.567,0.86647,0.86656,1.00,1.00
2017.08.09 07:18:36.790,0.86644,0.86652,1.50,1.00
2017.08.09 07:18:37.522,0.86644,0.86651,1.00,1.00
2017.08.09 07:18:37.624,0.86642,0.86651,1.00,1.00
2017.08.09 07:18:38.089,0.86642,0.86649,1.00,1.00
2017.08.09 07:18:38.808,0.86643,0.86649,1.00,1.00
2017.08.09 07:18:39.957,0.86643,0.86651,1.00,1.00
2017.08.09 07:18:41.708,0.86643,0.86652,1.00,1.00
2017.08.09 07:18:42.100,0.86644,0.86654,1.00,2.25
2017.08.09 07:18:42.254,0.86646,0.86655,1.00,1.87
2017.08.09 07:18:42.799,0.86645,0.86652,1.00,1.00
2017.08.09 07:18:42.850,0.86643,0.86652,1.00,1.50
2017.08.09 07:18:43.004,0.86643,0.8665,1.00,1.00
2017.08.09 07:18:43.658,0.86643,0.86652,1.00,1.00
2017.08.09 07:18:44.200,0.86643,0.86653,1.50,1.50
2017.08.09 07:18:44.353,0.86643,0.86651,1.50,1.00
2017.08.09 07:18:44.863,0.86639,0.86649,1.50,1.87
2017.08.09 07:18:44.967,0.86637,0.86647,1.00,1.00
2017.08.09 07:18:45.019,0.86637,0.86645,1.00,1.00
2017.08.09 07:18:48.843,0.86638,0.86648,2.25,1.12
2017.08.09 07:18:48.998,0.86641,0.8665,1.00,1.00
2017.08.09 07:18:49.540,0.86642,0.8665,1.00,1.00
2017.08.09 07:18:49.694,0.8664,0.86649,1.12,1.00
2017.08.09 07:18:50.224,0.8664,0.8665,1.50,1.00
2017.08.09 07:18:50.771,0.8664,0.86649,1.50,1.00
2017.08.09 07:18:51.607,0.86639,0.86649,1.00,1.50
2017.08.09 07:18:52.213,0.86639,0.86648,1.00,1.00
2017.08.09 07:18:52.316,0.86642,0.86649,1.00,1.00
2017.08.09 07:18:52.418,0.86642,0.86651,1.00,2.06
2017.08.09 07:18:53.254,0.86642,0.86652,1.00,1.50
2017.08.09 07:18:53.768,0.86643,0.86652,1.00,1.50
2017.08.09 07:18:54.523,0.86644,0.86652,1.00,1.50
2017.08.09 07:18:55.787,0.86643,0.86652,1.50,1.00
2017.08.09 07:18:56.337,0.86643,0.86653,1.50,1.25
2017.08.09 07:18:56.389,0.86643,0.86653,1.50,1.69
2017.08.09 07:18:56.987,0.86643,0.86653,1.50,1.25
2017.08.09 07:18:57.469,0.86646,0.86655,1.00,2.81
2017.08.09 07:18:57.522,0.86646,0.86655,1.00,1.87
2017.08.09 07:18:58.493,0.86645,0.86654,1.00,1.00
2017.08.09 07:18:59.006,0.86641,0.86652,1.69,1.87
2017.08.09 07:19:00.182,0.86641,0.86651,1.00,1.00
2017.08.09 07:19:00.858,0.86641,0.86651,1.19,1.00
2017.08.09 07:19:00.911,0.86649,0.86654,1.00,2.25
2017.08.09 07:19:01.167,0.86654,0.86662,1.00,1.87
2017.08.09 07:19:01.689,0.86655,0.86662,1.00,1.50
2017.08.09 07:19:02.312,0.86655,0.86662,1.00,1.00
2017.08.09 07:19:02.778,0.86657,0.86664,1.00,1.37
2017.08.09 07:19:02.830,0.86657,0.86665,1.00,3.00
2017.08.09 07:19:03.035,0.86659,0.86666,1.00,1.87
2017.08.09 07:19:03.448,0.86657,0.86663,1.00,1.00
2017.08.09 07:19:03.983,0.86657,0.86662,1.00,1.00
2017.08.09 07:19:04.566,0.86656,0.86663,1.00,1.00
2017.08.09 07:19:05.090,0.86656,0.86664,1.00,1.12
2017.08.09 07:19:05.396,0.86658,0.86663,1.00,1.00
2017.08.09 07:19:06.079,0.86658,0.86664,1.00,1.00
2017.08.09 07:19:07.100,0.86658,0.86665,1.00,1.00
2017.08.09 07:19:07.609,0.86657,0.86665,1.00,1.12
2017.08.09 07:19:08.147,0.86658,0.86664,1.00,1.00
2017.08.09 07:19:08.703,0.86658,0.86663,1.00,1.00
2017.08.09 07:19:08.881,0.86656,0.86664,1.00,1.50
2017.08.09 07:19:09.189,0.86658,0.86665,1.00,1.50
2017.08.09 07:19:09.732,0.86657,0.86665,1.00,1.87
2017.08.09 07:19:10.685,0.86656,0.86664,1.00,1.12
2017.08.09 07:19:11.238,0.86657,0.86663,1.00,1.00
2017.08.09 07:19:11.289,0.86655,0.86663,1.00,1.50
2017.08.09 07:19:11.341,0.86655,0.86661,1.00,1.00
2017.08.09 07:19:11.443,0.86653,0.8666,1.00,1.00
2017.08.09 07:19:12.470,0.86653,0.86659,1.00,1.00
2017.08.09 07:19:13.953,0.86653,0.8666,1.00,1.00
2017.08.09 07:19:14.549,0.86652,0.86659,1.00,1.12
2017.08.09 07:19:15.375,0.86652,0.8666,1.00,1.12
2017.08.09 07:19:16.227,0.86654,0.8666,1.00,1.12
2017.08.09 07:19:20.669,0.86652,0.8666,1.00,1.25
2017.08.09 07:19:20.721,0.86651,0.86657,1.00,1.50
2017.08.09 07:19:21.027,0.86656,0.86661,1.00,1.50
2017.08.09 07:19:21.078,0.86656,0.86663,1.00,3.56
2017.08.09 07:19:21.173,0.86657,0.86663,1.00,1.25
2017.08.09 07:19:21.225,0.86659,0.86666,1.00,1.37
2017.08.09 07:19:21.276,0.8666,0.86667,1.00,1.50
2017.08.09 07:19:21.790,0.86659,0.86667,1.00,2.25
2017.08.09 07:19:22.162,0.86657,0.86663,1.00,1.00
2017.08.09 07:19:22.696,0.86657,0.86662,1.00,1.00
2017.08.09 07:19:23.399,0.86657,0.86663,1.00,1.00
2017.08.09 07:19:24.386,0.86657,0.86664,1.00,1.00
2017.08.09 07:19:25.389,0.86657,0.86662,1.00,1.00
2017.08.09 07:19:26.373,0.86656,0.86661,1.00,1.00
2017.08.09 07:19:27.161,0.86657,0.86662,1.00,1.00
2017.08.09 07:19:27.707,0.86657,0.86661,1.00,1.00
2017.08.09 07:19:27.874,0.86655,0.86661,1.00,1.00
2017.08.09 07:19:28.121,0.86653,0.86658,1.00,1.00
2017.08.09 07:19:28.644,0.86651,0.86657,1.00,1.00
2017.08.09 07:19:29.260,0.86651,0.86658,1.00,1.00
2017.08.09 07:19:30.210,0.86651,0.86657,1.00,1.00
2017.08.09 07:19:36.269,0.86651,0.86659,1.00,1.50
2017.08.09 07:19:37.854,0.86651,0.86658,1.00,1.00
2017.08.09 07:19:39.380,0.86651,0.86659,1.00,1.50
2017.08.09 07:19:40.352,0.86648,0.86659,1.31,2.25
2017.08.09 07:19:40.677,0.86653,0.86659,1.00,1.50
2017.08.09 07:19:40.983,0.86651,0.86657,1.00,1.50
2017.08.09 07:19:41.534,0.86648,0.86656,1.12,1.00
2017.08.09 07:19:41.895,0.86646,0.86655,1.00,2.25
2017.08.09 07:19:41.998,0.86642,0.86651,1.12,2.62
2017.08.09 07:19:42.305,0.86635,0.86644,1.00,1.00
2017.08.09 07:19:42.459,0.86631,0.86642,3.75,1.50
2017.08.09 07:19:42.562,0.86629,0.86638,2.25,1.00
2017.08.09 07:19:42.613,0.86628,0.86637,1.00,1.00
2017.08.09 07:19:42.808,0.86627,0.86635,1.00,1.00
2017.08.09 07:19:43.394,0.86627,0.86636,1.50,1.00
2017.08.09 07:19:43.921,0.86627,0.86638,1.69,1.50
2017.08.09 07:19:44.227,0.86629,0.86639,1.00,2.62
2017.08.09 07:19:45.507,0.86628,0.86636,1.00,1.00
2017.08.09 07:19:45.814,0.86626,0.86635,1.00,1.00
2017.08.09 07:19:46.121,0.86628,0.86637,1.00,1.00
2017.08.09 07:19:46.426,0.8663,0.86638,1.00,1.50
2017.08.09 07:19:46.837,0.86628,0.86638,1.50,1.50
2017.08.09 07:19:47.645,0.86628,0.86636,1.00,1.00
2017.08.09 07:19:47.934,0.86622,0.86631,1.50,1.00
2017.08.09 07:19:48.598,0.86623,0.86631,1.00,1.00
2017.08.09 07:19:48.701,0.86623,0.86633,1.12,1.87
2017.08.09 07:19:49.227,0.86622,0.86632,1.00,1.00
2017.08.09 07:19:49.278,0.86624,0.86632,1.00,1.00
2017.08.09 07:19:49.586,0.8662,0.86627,1.00,1.50
2017.08.09 07:19:49.910,0.86618,0.86627,1.00,1.12
2017.08.09 07:19:50.441,0.86619,0.86628,1.00,1.37
2017.08.09 07:19:51.079,0.8662,0.86627,1.00,1.00
2017.08.09 07:19:51.183,0.86621,0.86629,1.00,1.00
2017.08.09 07:19:51.338,0.86619,0.8663,1.50,1.69
2017.08.09 07:19:51.749,0.86619,0.86626,1.00,1.00
2017.08.09 07:19:52.258,0.86618,0.86626,1.00,1.00
2017.08.09 07:19:53.218,0.86618,0.86625,1.00,1.00
2017.08.09 07:19:53.721,0.86618,0.86626,1.00,1.00
2017.08.09 07:19:54.063,0.86619,0.86627,1.87,1.00
2017.08.09 07:19:54.371,0.86624,0.86632,1.12,1.50
2017.08.09 07:19:54.683,0.8662,0.86629,1.37,1.12
2017.08.09 07:19:54.735,0.86618,0.86627,1.37,1.25
2017.08.09 07:19:55.044,0.86617,0.86625,1.12,1.00
2017.08.09 07:19:55.147,0.86617,0.86627,1.00,1.50
2017.08.09 07:19:55.454,0.86621,0.86629,1.00,2.06
2017.08.09 07:19:56.028,0.86621,0.8663,1.00,1.00
2017.08.09 07:19:56.336,0.86624,0.86631,1.00,1.00
2017.08.09 07:19:56.875,0.86624,0.86632,1.00,1.69
2017.08.09 07:19:57.398,0.86623,0.86633,1.00,1.19
2017.08.09 07:19:57.998,0.86624,0.86632,1.00,1.69
2017.08.09 07:19:58.100,0.86622,0.86632,1.12,1.69
2017.08.09 07:19:58.948,0.86622,0.8663,1.00,1.00
2017.08.09 07:19:59.102,0.86619,0.86628,3.00,1.00
2017.08.09 07:19:59.408,0.86622,0.86631,1.00,1.25
2017.08.09 07:19:59.693,0.86621,0.8663,1.00,1.19
2017.08.09 07:20:00.234,0.86621,0.8663,1.00,1.19
2017.08.09 07:20:00.753,0.8662,0.8663,1.00,1.19
2017.08.09 07:20:01.149,0.86619,0.86627,1.00,1.31
2017.08.09 07:20:01.407,0.86616,0.86624,1.12,1.00
2017.08.09 07:20:01.612,0.86618,0.86624,1.00,1.00
2017.08.09 07:20:02.203,0.86618,0.86627,1.87,2.81
2017.08.09 07:20:02.565,0.86621,0.86627,1.00,1.00
2017.08.09 07:20:03.205,0.86621,0.86626,1.00,1.00
2017.08.09 07:20:04.376,0.86618,0.86626,1.50,1.00
2017.08.09 07:20:04.682,0.86616,0.86624,1.87,1.00
2017.08.09 07:20:06.969,0.86617,0.86627,1.50,1.50
2017.08.09 07:20:07.439,0.86618,0.86624,1.12,1.00
2017.08.09 07:20:07.542,0.86616,0.86626,2.25,1.00
2017.08.09 07:20:07.746,0.86616,0.86624,1.00,1.00
2017.08.09 07:20:08.136,0.86616,0.86624,1.37,1.00
2017.08.09 07:20:08.622,0.86617,0.86626,1.37,1.00
2017.08.09 07:20:09.149,0.8662,0.86629,1.12,2.06
2017.08.09 07:20:09.356,0.86618,0.86626,1.87,1.00
2017.08.09 07:20:09.714,0.86616,0.86624,1.37,1.00
2017.08.09 07:20:10.035,0.86614,0.86624,1.50,1.00
2017.08.09 07:20:11.849,0.86614,0.86623,1.50,1.50
2017.08.09 07:20:14.741,0.86618,0.86626,1.12,1.50
2017.08.09 07:20:15.252,0.86616,0.86625,1.37,1.50
2017.08.09 07:20:21.350,0.86616,0.86626,1.50,1.50
2017.08.09 07:20:21.655,0.86618,0.86627,1.87,1.00
2017.08.09 07:20:22.167,0.86617,0.86626,1.37,1.00
2017.08.09 07:20:22.679,0.86617,0.86625,1.37,1.00
2017.08.09 07:20:23.758,0.86615,0.86624,2.81,1.00
2017.08.09 07:20:24.166,0.86614,0.86622,2.81,1.00
2017.08.09 07:20:25.009,0.86615,0.86623,1.12,1.00
2017.08.09 07:20:25.543,0.86616,0.86622,1.00,1.00
2017.08.09 07:20:26.695,0.86612,0.86622,4.12,1.00
2017.08.09 07:20:27.161,0.86616,0.86621,1.00,1.00
2017.08.09 07:20:27.467,0.86613,0.86619,1.00,1.00
2017.08.09 07:20:27.970,0.86615,0.86623,1.00,1.50
2017.08.09 07:20:28.327,0.86613,0.8662,1.12,1.00
2017.08.09 07:20:28.848,0.86611,0.8662,3.56,1.00
2017.08.09 07:20:29.104,0.8661,0.86621,1.50,1.50
2017.08.09 07:20:29.267,0.86612,0.86622,1.00,1.69
2017.08.09 07:20:29.573,0.8661,0.8662,1.50,1.50
2017.08.09 07:20:29.880,0.86609,0.86617,1.00,1.50
2017.08.09 07:20:30.391,0.8661,0.86618,1.12,1.00
2017.08.09 07:20:30.545,0.8661,0.8662,1.12,1.00
2017.08.09 07:20:30.597,0.86609,0.86617,1.87,1.00
2017.08.09 07:20:30.700,0.86605,0.86614,1.00,1.00
2017.08.09 07:20:30.802,0.86603,0.86613,1.00,1.50
2017.08.09 07:20:30.955,0.86602,0.86611,1.50,1.50
2017.08.09 07:20:31.351,0.86601,0.86609,1.00,1.00
2017.08.09 07:20:31.882,0.866,0.86609,1.00,1.00
2017.08.09 07:20:32.675,0.86602,0.86609,1.00,1.50
2017.08.09 07:20:34.236,0.86602,0.86608,1.00,1.00
2017.08.09 07:20:35.525,0.86601,0.86608,1.00,1.00
2017.08.09 07:20:36.198,0.86602,0.86608,1.00,1.00
2017.08.09 07:20:36.787,0.86603,0.86609,1.00,1.00
2017.08.09 07:20:36.839,0.86605,0.86613,1.00,2.44
2017.08.09 07:20:36.890,0.86608,0.86613,1.00,1.25
2017.08.09 07:20:36.992,0.86609,0.86617,1.00,1.50
2017.08.09 07:20:37.113,0.86611,0.86617,1.00,1.00
2017.08.09 07:20:37.900,0.86611,0.86618,1.00,1.00
2017.08.09 07:20:38.207,0.86613,0.86619,1.00,1.00
2017.08.09 07:20:39.092,0.86613,0.8662,1.00,1.12
2017.08.09 07:20:39.828,0.86614,0.8662,1.00,1.00
2017.08.09 07:20:41.513,0.86614,0.86621,1.00,1.00
2017.08.09 07:20:41.819,0.86617,0.86623,1.00,1.00
2017.08.09 07:20:42.205,0.86617,0.86623,1.87,1.00
2017.08.09 07:20:42.257,0.86619,0.86629,1.50,5.06
2017.08.09 07:20:42.309,0.86624,0.86629,1.00,2.25
2017.08.09 07:20:42.411,0.86628,0.86636,1.87,1.37
2017.08.09 07:20:42.514,0.8663,0.86638,1.87,1.25
2017.08.09 07:20:43.134,0.8663,0.86639,1.87,1.50
2017.08.09 07:20:43.413,0.8663,0.86637,1.87,1.00
2017.08.09 07:20:43.928,0.8663,0.86638,1.12,1.00
2017.08.09 07:20:44.468,0.86629,0.86635,1.50,1.00
2017.08.09 07:20:45.113,0.86627,0.86635,1.50,1.00
2017.08.09 07:20:45.870,0.86628,0.86636,1.00,1.00
2017.08.09 07:20:47.559,0.86629,0.86636,1.00,1.00
2017.08.09 07:20:47.855,0.8663,0.86638,1.50,1.00
2017.08.09 07:20:48.372,0.86629,0.86638,1.00,1.00
2017.08.09 07:20:48.811,0.86628,0.86636,1.50,1.00
2017.08.09 07:20:49.331,0.86631,0.86639,1.00,1.00
2017.08.09 07:20:49.842,0.86631,0.8664,1.00,1.50
2017.08.09 07:20:50.324,0.86631,0.86638,1.00,1.00
2017.08.09 07:20:50.836,0.8663,0.86638,1.00,1.00
2017.08.09 07:20:51.548,0.86629,0.86638,2.25,1.00
2017.08.09 07:20:52.233,0.8663,0.86638,1.00,1.00
2017.08.09 07:20:52.635,0.86636,0.86644,1.00,4.31
2017.08.09 07:20:52.738,0.86638,0.86647,2.25,1.19
2017.08.09 07:20:52.791,0.86639,0.86648,1.50,1.25
2017.08.09 07:20:53.339,0.8664,0.86649,1.00,1.50
2017.08.09 07:20:53.858,0.86639,0.86649,1.00,1.00
2017.08.09 07:20:54.908,0.86639,0.86648,1.00,1.00
2017.08.09 07:20:55.419,0.86639,0.86647,1.00,1.00
2017.08.09 07:20:57.884,0.8664,0.86649,1.00,1.25
2017.08.09 07:20:59.494,0.86642,0.86649,1.00,1.25
2017.08.09 07:21:00.138,0.86642,0.86648,1.00,1.00
2017.08.09 07:21:00.948,0.86642,0.86647,1.00,1.00
2017.08.09 07:21:01.462,0.86642,0.86648,1.00,1.50
2017.08.09 07:21:01.988,0.86642,0.86649,1.00,1.00
2017.08.09 07:21:03.005,0.8664,0.86649,1.50,1.25
2017.08.09 07:21:03.056,0.86641,0.86647,1.00,1.00
2017.08.09 07:21:03.464,0.86641,0.86649,1.00,1.00
2017.08.09 07:21:05.814,0.86642,0.86649,1.00,1.69
2017.08.09 07:21:05.866,0.8664,0.86647,1.12,1.00
2017.08.09 07:21:06.020,0.86638,0.86646,1.00,1.00
2017.08.09 07:21:06.840,0.86639,0.86647,1.87,1.00
2017.08.09 07:21:07.351,0.86639,0.86647,1.00,1.00
2017.08.09 07:21:07.879,0.86637,0.86647,1.87,1.50
2017.08.09 07:21:08.753,0.86638,0.86646,1.00,1.00
2017.08.09 07:21:09.661,0.86636,0.86646,2.25,1.00
2017.08.09 07:21:09.815,0.86635,0.86644,1.37,1.00
2017.08.09 07:21:10.070,0.86638,0.86647,1.00,1.31
2017.08.09 07:21:10.620,0.86639,0.86649,1.12,1.19
2017.08.09 07:21:11.205,0.86639,0.8665,1.12,2.44
2017.08.09 07:21:11.740,0.8664,0.86649,1.00,1.00
2017.08.09 07:21:12.255,0.86641,0.8665,1.12,1.19
2017.08.09 07:21:13.155,0.8664,0.8665,1.50,2.44
2017.08.09 07:21:13.421,0.86642,0.8665,1.00,1.69
2017.08.09 07:21:13.944,0.86642,0.86651,1.00,1.50
2017.08.09 07:21:14.493,0.86642,0.86648,1.00,1.00
2017.08.09 07:21:15.179,0.86642,0.86649,1.50,1.00
2017.08.09 07:21:16.761,0.86641,0.86649,1.12,1.00
2017.08.09 07:21:17.474,0.86642,0.86649,1.00,1.50
2017.08.09 07:21:17.679,0.8664,0.86649,1.12,1.50
2017.08.09 07:21:17.730,0.8664,0.86647,1.00,1.00
2017.08.09 07:21:18.372,0.86636,0.86643,1.50,1.00
2017.08.09 07:21:18.551,0.86635,0.86642,1.00,1.00
2017.08.09 07:21:18.756,0.86633,0.86641,1.50,1.00
2017.08.09 07:21:19.417,0.86633,0.86642,1.50,1.00
2017.08.09 07:21:20.795,0.86633,0.86641,1.12,1.00
2017.08.09 07:21:20.898,0.86632,0.86639,1.87,1.00
2017.08.09 07:21:21.464,0.86631,0.86638,1.12,1.00
2017.08.09 07:21:21.979,0.86631,0.86637,1.12,1.00
2017.08.09 07:21:24.583,0.8663,0.86637,1.00,1.00
2017.08.09 07:21:25.099,0.86629,0.86637,2.25,1.00
2017.08.09 07:21:25.975,0.86627,0.86635,1.87,1.00
2017.08.09 07:21:26.317,0.86625,0.86633,1.87,1.00
2017.08.09 07:21:26.535,0.86624,0.86633,1.12,1.00
2017.08.09 07:21:26.792,0.86625,0.86631,1.12,1.00
2017.08.09 07:21:26.946,0.86626,0.86634,1.50,1.00
2017.08.09 07:21:27.471,0.86629,0.86633,1.00,1.00
2017.08.09 07:21:27.523,0.86629,0.86635,1.00,1.00
2017.08.09 07:21:28.035,0.86629,0.86636,1.12,1.00
2017.08.09 07:21:29.798,0.86626,0.86634,1.00,1.00
2017.08.09 07:21:29.850,0.86626,0.86632,1.00,1.00
2017.08.09 07:21:30.370,0.86625,0.86632,1.00,1.00
2017.08.09 07:21:30.421,0.86625,0.86634,1.50,1.00
2017.08.09 07:21:30.956,0.86625,0.86633,1.12,1.00
2017.08.09 07:21:32.871,0.86626,0.86633,1.00,1.00
2017.08.09 07:21:33.493,0.86624,0.86631,1.00,1.00
2017.08.09 07:21:33.804,0.86619,0.86625,1.37,1.00
2017.08.09 07:21:34.112,0.86617,0.86625,3.37,1.00
2017.08.09 07:21:34.682,0.86617,0.86624,3.00,1.00
2017.08.09 07:21:34.901,0.86618,0.86626,1.87,1.00
2017.08.09 07:21:35.415,0.86619,0.86627,1.00,1.00
2017.08.09 07:21:37.613,0.8662,0.86627,1.00,1.00
2017.08.09 07:21:38.226,0.8662,0.86626,1.00,1.00
2017.08.09 07:21:38.810,0.86619,0.86626,1.00,1.00
2017.08.09 07:21:39.400,0.86618,0.86626,1.00,1.00
2017.08.09 07:21:39.913,0.86617,0.86626,1.50,1.00
2017.08.09 07:21:40.800,0.86618,0.86624,1.00,1.00
2017.08.09 07:21:40.851,0.86618,0.86626,1.00,1.00
2017.08.09 07:21:41.158,0.8662,0.86629,1.00,1.00
2017.08.09 07:21:41.529,0.86622,0.8663,1.00,1.00
2017.08.09 07:21:41.836,0.86618,0.86626,1.00,1.00
2017.08.09 07:21:42.041,0.86615,0.86624,1.12,1.00
2017.08.09 07:21:42.144,0.86614,0.86621,1.12,1.00
2017.08.09 07:21:42.350,0.86611,0.86619,1.00,1.00
2017.08.09 07:21:42.403,0.86609,0.86617,1.37,1.00
2017.08.09 07:21:43.118,0.86608,0.86617,1.00,1.00
2017.08.09 07:21:43.787,0.8661,0.86617,1.00,1.00
2017.08.09 07:21:43.947,0.86608,0.86617,1.87,1.12
2017.08.09 07:21:43.999,0.86609,0.86617,1.37,1.12
2017.08.09 07:21:44.102,0.8661,0.8662,1.12,1.19
2017.08.09 07:21:49.150,0.86609,0.86617,1.37,1.00
2017.08.09 07:21:51.711,0.86611,0.86617,1.00,1.00
2017.08.09 07:21:52.529,0.86611,0.86619,1.00,1.00
2017.08.09 07:21:53.093,0.86612,0.86619,1.00,1.00
2017.08.09 07:21:53.549,0.86612,0.86621,1.00,1.00
2017.08.09 07:21:54.124,0.86611,0.8662,1.00,1.00
2017.08.09 07:21:54.697,0.86611,0.86621,1.12,1.00
2017.08.09 07:21:55.054,0.8661,0.8662,1.12,3.00
2017.08.09 07:21:55.618,0.86609,0.86618,1.50,1.00
2017.08.09 07:21:59.945,0.86609,0.86618,1.12,1.00
2017.08.09 07:22:00.783,0.86609,0.86617,1.12,1.00
2017.08.09 07:22:01.137,0.86611,0.86617,1.00,1.00
2017.08.09 07:22:01.565,0.86611,0.86619,1.00,1.00
2017.08.09 07:22:05.296,0.86613,0.86619,1.00,1.00
2017.08.09 07:22:05.450,0.86614,0.86621,1.00,1.00
2017.08.09 07:22:06.218,0.86613,0.8662,1.00,1.00
2017.08.09 07:22:07.086,0.86613,0.86621,1.00,1.00
2017.08.09 07:22:08.454,0.86615,0.86622,1.00,1.00
2017.08.09 07:22:08.761,0.86613,0.8662,1.87,1.00
2017.08.09 07:22:08.863,0.86612,0.8662,1.12,1.00
2017.08.09 07:22:09.376,0.86612,0.86619,1.50,1.00
2017.08.09 07:22:09.898,0.86612,0.86621,1.50,1.00
2017.08.09 07:22:10.614,0.86614,0.86621,1.00,1.00
2017.08.09 07:22:11.201,0.86615,0.86621,1.00,1.00
2017.08.09 07:22:11.825,0.86613,0.86622,1.50,1.25
2017.08.09 07:22:12.535,0.86613,0.8662,1.50,1.00
2017.08.09 07:22:14.017,0.86614,0.86622,1.00,1.25
2017.08.09 07:22:14.831,0.86613,0.86622,1.00,1.25
2017.08.09 07:22:17.584,0.86612,0.86622,1.12,1.69
2017.08.09 07:22:17.842,0.86612,0.8662,1.12,1.00
2017.08.09 07:22:17.893,0.86612,0.86622,1.12,1.69
2017.08.09 07:22:18.439,0.86611,0.86621,1.50,1.00
2017.08.09 07:22:18.899,0.8661,0.86618,1.00,1.00
2017.08.09 07:22:18.951,0.86608,0.86617,1.50,1.00
2017.08.09 07:22:19.055,0.86608,0.86615,1.00,1.87
2017.08.09 07:22:19.157,0.86604,0.86612,1.25,1.00
2017.08.09 07:22:19.765,0.86604,0.86612,1.00,1.37
2017.08.09 07:22:20.279,0.86603,0.86612,1.25,1.37
2017.08.09 07:22:21.057,0.86604,0.86612,1.00,1.37
2017.08.09 07:22:21.263,0.86604,0.86613,1.00,1.12
2017.08.09 07:22:21.828,0.86605,0.86614,1.00,1.00
2017.08.09 07:22:22.379,0.86605,0.86615,1.00,1.50
2017.08.09 07:22:23.111,0.86606,0.86614,1.00,1.00
2017.08.09 07:22:23.613,0.86608,0.86617,1.00,1.87
2017.08.09 07:22:23.715,0.86611,0.86619,1.00,3.19
2017.08.09 07:22:23.868,0.86614,0.86622,1.00,1.69
2017.08.09 07:22:24.279,0.86616,0.86622,1.00,1.25
2017.08.09 07:22:24.483,0.86614,0.86622,1.50,1.25
2017.08.09 07:22:24.769,0.86614,0.86624,1.00,1.25
2017.08.09 07:22:29.519,0.86615,0.86625,1.50,2.44
2017.08.09 07:22:29.885,0.86617,0.86626,1.00,1.56
2017.08.09 07:22:30.015,0.86622,0.86632,1.00,1.56
2017.08.09 07:22:31.131,0.86622,0.86631,1.87,1.69
2017.08.09 07:22:31.322,0.86623,0.86633,1.00,2.44
2017.08.09 07:22:32.366,0.86622,0.86633,1.87,2.06
2017.08.09 07:22:33.030,0.86622,0.86631,1.00,1.00
2017.08.09 07:22:33.081,0.8662,0.86631,2.25,1.87
2017.08.09 07:22:33.625,0.86621,0.86631,1.00,1.87
2017.08.09 07:22:33.730,0.86619,0.86629,2.62,1.00
2017.08.09 07:22:34.068,0.86618,0.86627,1.87,1.00
2017.08.09 07:22:34.663,0.86616,0.86625,1.87,1.00
2017.08.09 07:22:34.997,0.8662,0.86628,1.12,1.75
2017.08.09 07:22:35.100,0.86621,0.8663,1.00,1.50
2017.08.09 07:22:35.203,0.86622,0.86633,1.00,2.44
2017.08.09 07:22:35.749,0.86624,0.86632,1.00,1.00
2017.08.09 07:22:37.132,0.86624,0.86633,1.00,1.69
2017.08.09 07:22:38.301,0.86623,0.86634,1.87,1.56
2017.08.09 07:22:38.658,0.86627,0.86635,1.00,1.00
2017.08.09 07:22:38.966,0.86631,0.8664,1.12,1.87
2017.08.09 07:22:40.039,0.86631,0.86641,1.00,1.50
2017.08.09 07:22:40.449,0.86629,0.86639,1.87,1.00
2017.08.09 07:22:40.993,0.8663,0.8664,1.00,2.44
2017.08.09 07:22:41.250,0.86622,0.86633,1.00,1.50
2017.08.09 07:22:41.853,0.86621,0.86632,1.25,1.50
2017.08.09 07:22:42.410,0.86622,0.86632,1.00,1.00
2017.08.09 07:22:42.923,0.8662,0.86629,1.12,1.00
2017.08.09 07:22:43.985,0.86619,0.86628,1.50,1.00
2017.08.09 07:22:44.140,0.86617,0.86627,1.87,1.00
2017.08.09 07:22:44.396,0.86619,0.86627,1.00,1.00
2017.08.09 07:22:44.540,0.8662,0.8663,1.12,1.50
2017.08.09 07:22:44.592,0.86622,0.8663,1.00,1.00
2017.08.09 07:22:44.645,0.86622,0.86632,1.50,1.00
2017.08.09 07:22:46.586,0.86623,0.86632,1.00,1.00
2017.08.09 07:22:46.638,0.86621,0.86632,1.87,1.50
2017.08.09 07:22:46.893,0.86617,0.86628,3.56,1.50
2017.08.09 07:22:47.081,0.86616,0.86627,1.50,1.50
2017.08.09 07:22:47.681,0.86616,0.86626,1.50,1.00
2017.08.09 07:22:49.800,0.86616,0.86625,1.00,1.00
2017.08.09 07:22:50.339,0.86615,0.86624,1.50,1.00
2017.08.09 07:22:50.693,0.86611,0.86623,1.50,2.25
2017.08.09 07:22:50.745,0.86611,0.8662,1.12,1.00
2017.08.09 07:22:51.103,0.86613,0.8662,1.00,1.00
2017.08.09 07:22:51.308,0.86615,0.86624,1.00,1.00
2017.08.09 07:22:51.737,0.86616,0.86626,1.00,1.50
2017.08.09 07:22:52.043,0.86617,0.86627,1.37,1.00
2017.08.09 07:22:52.544,0.86617,0.86627,1.00,1.00
2017.08.09 07:22:53.426,0.86617,0.86626,1.00,1.00
2017.08.09 07:22:54.112,0.86617,0.86627,1.87,1.00
2017.08.09 07:22:54.215,0.86618,0.86629,1.00,2.25
2017.08.09 07:22:54.766,0.86619,0.86629,1.00,1.50
2017.08.09 07:22:56.115,0.86621,0.8663,1.00,1.00
2017.08.09 07:22:56.168,0.86622,0.86632,1.12,1.50
2017.08.09 07:22:56.716,0.86621,0.86632,1.50,1.50
2017.08.09 07:22:57.223,0.86622,0.86632,1.00,1.50
2017.08.09 07:22:58.326,0.86623,0.86632,1.00,1.00
2017.08.09 07:22:58.825,0.86623,0.86634,1.00,1.00
2017.08.09 07:22:59.333,0.86624,0.86634,1.00,1.00
2017.08.09 07:23:00.312,0.86624,0.86632,1.00,1.00
2017.08.09 07:23:00.614,0.86624,0.86634,1.00,1.00
2017.08.09 07:23:01.138,0.86623,0.86634,1.00,1.00
2017.08.09 07:23:01.829,0.86624,0.86634,1.00,1.00
2017.08.09 07:23:02.361,0.86624,0.86633,1.00,1.00
2017.08.09 07:23:04.245,0.86623,0.86633,1.69,1.00
2017.08.09 07:23:04.450,0.86622,0.8663,1.00,1.00
2017.08.09 07:23:05.085,0.86622,0.86633,1.12,2.25
2017.08.09 07:23:05.187,0.8662,0.8663,1.50,1.00
2017.08.09 07:23:05.340,0.86622,0.8663,1.12,1.00
2017.08.09 07:23:05.392,0.86622,0.86632,1.50,1.00
2017.08.09 07:23:05.949,0.86622,0.86632,2.06,1.00
2017.08.09 07:23:06.515,0.86622,0.86632,1.31,1.00
2017.08.09 07:23:07.092,0.86623,0.86631,1.12,1.00
2017.08.09 07:23:07.598,0.86624,0.86632,1.12,1.00
2017.08.09 07:23:08.477,0.86623,0.86634,1.87,1.00
2017.08.09 07:23:09.416,0.86624,0.86632,1.12,1.00
2017.08.09 07:23:09.927,0.86623,0.86632,1.50,1.00
2017.08.09 07:23:10.515,0.86623,0.86633,1.50,1.00
2017.08.09 07:23:12.046,0.86623,0.86631,1.50,1.00
2017.08.09 07:23:12.976,0.86623,0.86633,1.00,1.00
2017.08.09 07:23:14.492,0.86623,0.86632,1.00,1.00
2017.08.09 07:23:15.073,0.86622,0.86632,1.25,1.00
2017.08.09 07:23:15.782,0.86622,0.86633,1.25,1.00
2017.08.09 07:23:16.388,0.86623,0.86633,1.00,1.00
2017.08.09 07:23:16.928,0.86624,0.86633,1.00,1.00
2017.08.09 07:23:19.624,0.86625,0.86633,1.00,1.00
2017.08.09 07:23:21.284,0.86625,0.86635,1.00,1.00
2017.08.09 07:23:22.076,0.86625,0.86635,1.50,1.00
2017.08.09 07:23:22.280,0.86628,0.86636,1.00,1.00
2017.08.09 07:23:22.591,0.86634,0.86644,1.00,3.00
2017.08.09 07:23:22.643,0.86636,0.86644,1.00,1.12
2017.08.09 07:23:23.151,0.86637,0.86646,1.00,2.06
2017.08.09 07:23:24.103,0.86636,0.86645,1.00,1.25
2017.08.09 07:23:24.895,0.86635,0.86646,1.00,1.12
2017.08.09 07:23:25.227,0.86638,0.86647,1.00,1.00
2017.08.09 07:23:25.589,0.86637,0.86645,1.00,1.00
2017.08.09 07:23:26.310,0.86634,0.86644,1.50,1.00
2017.08.09 07:23:26.859,0.86633,0.86644,3.19,1.00
2017.08.09 07:23:27.205,0.86638,0.86645,1.00,1.00
2017.08.09 07:23:27.741,0.86638,0.86644,1.00,1.00
2017.08.09 07:23:28.264,0.86638,0.86645,1.00,1.00
2017.08.09 07:23:28.769,0.86639,0.86647,1.00,1.00
2017.08.09 07:23:28.821,0.86641,0.86648,1.00,1.00
2017.08.09 07:23:29.396,0.86638,0.86644,1.00,1.00
2017.08.09 07:23:29.602,0.86635,0.86642,1.00,1.00
2017.08.09 07:23:29.755,0.86637,0.86643,1.00,1.00
2017.08.09 07:23:30.281,0.86636,0.86643,1.00,1.00
2017.08.09 07:23:30.776,0.86638,0.86644,1.00,1.00
2017.08.09 07:23:30.828,0.86638,0.86647,1.00,2.44
2017.08.09 07:23:31.364,0.86638,0.86647,1.00,1.87
2017.08.09 07:23:31.871,0.86638,0.86646,1.00,1.00
2017.08.09 07:23:35.097,0.86638,0.86647,1.00,1.00
2017.08.09 07:23:35.149,0.8664,0.86647,1.00,1.00
2017.08.09 07:23:36.561,0.8664,0.86648,1.00,1.00
2017.08.09 07:23:37.170,0.8664,0.86645,1.00,1.00
2017.08.09 07:23:37.273,0.86638,0.86645,1.00,1.00
2017.08.09 07:23:38.782,0.86638,0.86646,1.00,1.50
2017.08.09 07:23:39.824,0.86639,0.86646,1.00,1.00
2017.08.09 07:23:40.555,0.86638,0.86646,1.00,1.00
2017.08.09 07:23:41.079,0.86638,0.86647,1.00,1.25
2017.08.09 07:23:41.285,0.86638,0.86645,1.00,1.00
2017.08.09 07:23:42.396,0.86638,0.86647,1.00,1.31
2017.08.09 07:23:42.975,0.86638,0.86646,1.00,1.00
2017.08.09 07:23:44.075,0.86637,0.86646,1.00,1.00
2017.08.09 07:23:45.122,0.86637,0.86645,1.00,1.00
2017.08.09 07:23:46.097,0.86637,0.86647,1.00,1.31
2017.08.09 07:23:47.950,0.86638,0.86648,1.00,1.69
2017.08.09 07:23:48.913,0.86638,0.86646,1.00,1.00
2017.08.09 07:23:49.167,0.8664,0.86649,1.00,2.25
2017.08.09 07:23:49.270,0.8664,0.8665,1.87,1.62
2017.08.09 07:23:49.423,0.8664,0.86651,1.50,1.87
2017.08.09 07:23:49.526,0.8664,0.86649,1.00,1.00
2017.08.09 07:23:49.680,0.8664,0.86651,1.50,1.31
2017.08.09 07:23:49.834,0.86644,0.86654,1.00,3.00
2017.08.09 07:23:49.938,0.86645,0.86655,1.50,1.12
2017.08.09 07:23:50.114,0.86647,0.86657,1.00,1.12
2017.08.09 07:23:50.956,0.86647,0.86655,1.00,1.00
2017.08.09 07:23:51.263,0.86643,0.8665,1.00,1.00
2017.08.09 07:23:51.848,0.86643,0.86651,1.00,1.00
2017.08.09 07:23:52.384,0.86644,0.86653,1.00,1.12
2017.08.09 07:23:53.644,0.86645,0.86653,1.00,1.12
2017.08.09 07:23:53.941,0.86645,0.86655,1.00,1.87
2017.08.09 07:23:54.729,0.86645,0.86654,1.00,1.00
2017.08.09 07:23:56.649,0.86644,0.86651,1.00,1.00
2017.08.09 07:23:57.058,0.86642,0.86651,1.00,2.06
2017.08.09 07:23:59.902,0.86642,0.8665,1.00,1.00
2017.08.09 07:24:00.703,0.86642,0.86649,1.00,1.00
2017.08.09 07:24:01.242,0.86641,0.86649,1.00,1.50
2017.08.09 07:24:02.449,0.8664,0.86647,1.00,1.00
2017.08.09 07:24:02.991,0.8664,0.86648,1.00,1.00
2017.08.09 07:24:03.911,0.86643,0.86651,1.50,3.00
2017.08.09 07:24:04.015,0.86641,0.8665,1.00,1.12
2017.08.09 07:24:04.068,0.86642,0.8665,1.00,2.06
2017.08.09 07:24:04.120,0.8664,0.86651,1.50,1.37
2017.08.09 07:24:04.174,0.86641,0.86648,1.00,1.00
2017.08.09 07:24:04.721,0.8664,0.86647,1.00,1.50
2017.08.09 07:24:07.563,0.8664,0.86648,1.00,1.12
2017.08.09 07:24:07.894,0.86642,0.86649,1.00,1.50
2017.08.09 07:24:10.294,0.86642,0.8665,1.00,1.12
2017.08.09 07:24:11.226,0.86642,0.86651,1.50,1.12
2017.08.09 07:24:11.735,0.86643,0.86652,1.00,1.50
2017.08.09 07:24:12.323,0.86643,0.86652,1.00,1.87
2017.08.09 07:24:12.848,0.86642,0.86651,1.87,1.12
2017.08.09 07:24:14.312,0.86645,0.86651,1.00,1.12
2017.08.09 07:24:14.569,0.86647,0.86655,1.50,1.37
2017.08.09 07:24:15.004,0.86646,0.86656,1.25,1.87
2017.08.09 07:24:15.485,0.86646,0.86654,1.25,1.00
2017.08.09 07:24:15.995,0.86645,0.86655,1.00,1.87
2017.08.09 07:24:16.344,0.86646,0.86653,1.00,1.00
2017.08.09 07:24:17.004,0.86646,0.86654,1.00,1.00
2017.08.09 07:24:18.991,0.86646,0.86655,1.50,1.12
2017.08.09 07:24:19.453,0.86646,0.86653,1.50,1.00
2017.08.09 07:24:19.760,0.86646,0.86656,1.25,1.00
2017.08.09 07:24:21.416,0.86648,0.86657,1.00,1.00
2017.08.09 07:24:21.519,0.86649,0.86659,1.00,1.12
2017.08.09 07:24:21.623,0.86651,0.8666,1.50,1.00
2017.08.09 07:24:22.112,0.86652,0.86662,1.50,1.12
2017.08.09 07:24:22.217,0.86652,0.8666,1.00,1.50
2017.08.09 07:24:22.269,0.8665,0.8666,1.50,1.87
2017.08.09 07:24:22.373,0.86649,0.86657,1.50,1.00
2017.08.09 07:24:22.940,0.86648,0.86657,1.00,1.00
2017.08.09 07:24:23.589,0.86648,0.86658,1.50,1.12
2017.08.09 07:24:24.157,0.86648,0.86656,1.00,1.00
2017.08.09 07:24:24.677,0.86646,0.86657,1.31,1.87
2017.08.09 07:24:25.185,0.86644,0.86655,3.19,2.25
2017.08.09 07:24:25.237,0.86644,0.86653,1.12,1.00
2017.08.09 07:24:25.339,0.8664,0.86649,2.81,1.00
2017.08.09 07:24:25.546,0.86633,0.86643,1.74,1.12
2017.08.09 07:24:25.597,0.86632,0.86641,1.80,1.00
2017.08.09 07:24:26.110,0.86631,0.86641,1.19,1.00
2017.08.09 07:24:26.615,0.86632,0.86642,1.19,1.50
2017.08.09 07:24:27.273,0.86633,0.86642,1.00,1.87
2017.08.09 07:24:29.102,0.86631,0.8664,1.37,1.00
2017.08.09 07:24:29.782,0.8663,0.86639,1.31,1.50
2017.08.09 07:24:30.295,0.86631,0.86638,1.50,1.00
2017.08.09 07:24:30.914,0.8663,0.86638,1.00,1.87
2017.08.09 07:24:30.966,0.86628,0.86635,1.00,1.12
2017.08.09 07:24:31.155,0.86626,0.86635,1.00,1.12
2017.08.09 07:24:31.258,0.86628,0.86636,1.50,1.50
2017.08.09 07:24:31.566,0.86631,0.86639,2.25,1.00
2017.08.09 07:24:32.080,0.86631,0.8664,1.12,1.50
2017.08.09 07:24:32.635,0.8663,0.86641,1.62,1.50
2017.08.09 07:24:33.444,0.86631,0.86639,1.12,1.00
2017.08.09 07:24:34.139,0.86629,0.86637,1.12,1.00
2017.08.09 07:24:34.242,0.86627,0.86637,1.87,1.00
2017.08.09 07:24:34.294,0.86627,0.86637,1.50,1.50
2017.08.09 07:24:34.396,0.8663,0.8664,1.12,2.25
2017.08.09 07:24:35.384,0.86631,0.86639,1.00,1.00
2017.08.09 07:24:36.816,0.8663,0.86639,1.87,1.00
2017.08.09 07:24:37.486,0.8663,0.86637,1.37,1.00
2017.08.09 07:24:37.588,0.8663,0.86639,1.37,1.00
2017.08.09 07:24:37.795,0.86629,0.86637,1.50,1.00
2017.08.09 07:24:38.043,0.86629,0.86637,1.50,1.00
2017.08.09 07:24:38.553,0.8663,0.86638,1.12,1.00
2017.08.09 07:24:39.110,0.8663,0.86639,1.12,1.50
2017.08.09 07:24:40.819,0.86628,0.86637,1.31,1.00
2017.08.09 07:24:40.973,0.8663,0.86639,1.50,1.12
2017.08.09 07:24:41.229,0.86634,0.86639,1.12,1.00
2017.08.09 07:24:41.411,0.86633,0.86642,1.37,1.00
2017.08.09 07:24:42.505,0.86632,0.86642,1.37,1.50
2017.08.09 07:24:42.870,0.86632,0.86637,1.00,1.00
2017.08.09 07:24:42.921,0.8663,0.86637,1.12,1.00
2017.08.09 07:24:43.177,0.8663,0.86639,1.12,1.50
2017.08.09 07:24:45.085,0.86628,0.86636,2.25,1.00
2017.08.09 07:24:45.391,0.86629,0.86639,2.62,1.37
2017.08.09 07:24:46.306,0.86629,0.86641,2.62,2.62
2017.08.09 07:24:47.108,0.8663,0.86641,1.12,3.37
2017.08.09 07:24:47.160,0.86629,0.86637,1.50,1.00
2017.08.09 07:24:47.516,0.86629,0.86641,1.87,2.25
2017.08.09 07:24:49.095,0.8663,0.86639,1.12,1.00
2017.08.09 07:24:50.474,0.8663,0.8664,1.12,1.87
2017.08.09 07:24:51.125,0.86632,0.8664,1.37,1.50
2017.08.09 07:24:51.577,0.86636,0.86644,1.00,1.75
2017.08.09 07:24:51.786,0.86643,0.86652,1.00,1.69
2017.08.09 07:24:51.839,0.86643,0.86652,1.00,1.31
2017.08.09 07:24:51.891,0.86641,0.86652,3.37,1.00
2017.08.09 07:24:52.045,0.86643,0.86652,1.25,1.12
2017.08.09 07:24:53.198,0.86641,0.86651,1.31,1.00
2017.08.09 07:24:53.759,0.8664,0.8665,2.44,1.50
2017.08.09 07:24:56.229,0.86642,0.86651,1.62,1.00
2017.08.09 07:24:56.434,0.86642,0.86653,2.81,2.25
2017.08.09 07:24:56.536,0.86643,0.86651,1.31,1.00
2017.08.09 07:24:57.314,0.86641,0.86653,3.56,1.50
2017.08.09 07:24:57.870,0.86641,0.86651,3.56,1.00
2017.08.09 07:24:58.894,0.86641,0.8665,1.50,1.00
2017.08.09 07:24:59.047,0.86639,0.86649,3.19,1.00
2017.08.09 07:24:59.303,0.86639,0.86651,5.06,1.50
2017.08.09 07:25:01.145,0.86642,0.86652,1.37,1.12
2017.08.09 07:25:01.814,0.86648,0.86652,1.00,1.12
2017.08.09 07:25:01.918,0.86648,0.86655,1.12,1.00
2017.08.09 07:25:01.970,0.86649,0.86657,1.00,1.50
2017.08.09 07:25:02.498,0.86649,0.86658,1.00,1.87
2017.08.09 07:25:02.766,0.86646,0.86655,1.69,1.00
2017.08.09 07:25:02.959,0.86643,0.86653,1.12,2.62
2017.08.09 07:25:03.527,0.86643,0.86652,1.00,1.00
2017.08.09 07:25:04.080,0.86642,0.86652,1.69,1.00
2017.08.09 07:25:06.008,0.86641,0.86651,3.56,1.00
2017.08.09 07:25:06.266,0.8664,0.8665,1.50,1.00
2017.08.09 07:25:06.629,0.8664,0.86648,1.37,1.50
2017.08.09 07:25:06.680,0.86638,0.86649,1.00,1.87
2017.08.09 07:25:07.189,0.8664,0.86649,1.00,2.62
2017.08.09 07:25:07.802,0.8664,0.86649,1.00,1.00
2017.08.09 07:25:08.160,0.86641,0.86649,1.37,1.00
2017.08.09 07:25:08.700,0.8664,0.8665,1.87,1.12
2017.08.09 07:25:10.540,0.8664,0.86649,1.87,1.00
2017.08.09 07:25:10.961,0.86639,0.86649,2.62,1.50
2017.08.09 07:25:11.478,0.8664,0.8665,1.12,1.87
2017.08.09 07:25:11.719,0.86642,0.86651,1.00,1.50
2017.08.09 07:25:11.770,0.86642,0.86651,1.12,1.12
2017.08.09 07:25:12.433,0.86642,0.86652,1.12,1.12
2017.08.09 07:25:12.951,0.86641,0.86651,3.00,1.00
2017.08.09 07:25:15.711,0.86641,0.86651,1.50,1.50
2017.08.09 07:25:15.814,0.86639,0.86649,1.12,1.00
2017.08.09 07:25:16.121,0.86641,0.86651,1.00,1.87
2017.08.09 07:25:16.428,0.8664,0.86649,2.62,1.00
2017.08.09 07:25:16.826,0.8664,0.86651,2.06,1.12
2017.08.09 07:25:17.335,0.86642,0.86651,1.62,1.00
2017.08.09 07:25:17.749,0.86648,0.86654,1.00,1.00
2017.08.09 07:25:17.854,0.8665,0.8666,1.12,4.69
2017.08.09 07:25:17.905,0.8665,0.8666,1.87,1.50
2017.08.09 07:25:18.254,0.86651,0.86662,2.44,1.00
2017.08.09 07:25:18.685,0.86653,0.86663,1.00,1.50
2017.08.09 07:25:19.726,0.86652,0.86663,1.50,1.50
2017.08.09 07:25:21.063,0.86653,0.86663,1.00,1.50
2017.08.09 07:25:22.319,0.86654,0.86664,1.00,1.50
2017.08.09 07:25:22.631,0.86653,0.86662,1.50,1.00
2017.08.09 07:25:23.115,0.86652,0.86659,1.50,1.00
2017.08.09 07:25:23.436,0.86649,0.86658,2.06,1.50
2017.08.09 07:25:23.591,0.86646,0.86657,1.31,2.25
2017.08.09 07:25:24.094,0.86645,0.86656,2.06,1.50
2017.08.09 07:25:26.420,0.86647,0.86656,1.00,1.00
2017.08.09 07:25:26.955,0.86646,0.86655,1.25,1.00
2017.08.09 07:25:27.724,0.86646,0.86656,1.25,1.00
2017.08.09 07:25:27.929,0.86646,0.86653,1.00,1.00
2017.08.09 07:25:28.031,0.86644,0.86653,1.25,1.00
2017.08.09 07:25:29.234,0.86644,0.86655,1.69,1.50
2017.08.09 07:25:29.337,0.86646,0.86654,1.00,1.00
2017.08.09 07:25:29.930,0.86646,0.86654,1.19,1.00
2017.08.09 07:25:30.481,0.86644,0.86653,1.19,1.00
2017.08.09 07:25:30.533,0.86643,0.86653,2.44,1.00
2017.08.09 07:25:32.338,0.86644,0.86653,1.00,1.00
2017.08.09 07:25:33.005,0.86646,0.86654,1.00,1.00
2017.08.09 07:25:33.809,0.86646,0.86655,1.00,1.00
2017.08.09 07:25:36.061,0.86646,0.86656,1.00,2.62
2017.08.09 07:25:37.649,0.86646,0.86654,1.50,1.00
2017.08.09 07:25:38.837,0.86645,0.86655,1.12,1.00
2017.08.09 07:25:39.143,0.86647,0.86654,1.00,1.00
2017.08.09 07:25:40.323,0.86647,0.86656,1.00,1.00
2017.08.09 07:25:40.850,0.86647,0.86655,1.00,1.00
2017.08.09 07:25:41.022,0.86648,0.86656,1.69,1.00
2017.08.09 07:25:41.167,0.86648,0.86658,1.69,2.62
2017.08.09 07:25:41.666,0.86651,0.86658,1.50,1.00
2017.08.09 07:25:41.870,0.86654,0.86662,1.00,1.00
2017.08.09 07:25:42.392,0.86654,0.86663,1.00,1.87
2017.08.09 07:25:42.541,0.86651,0.86657,1.19,1.00
2017.08.09 07:25:42.745,0.86648,0.86654,1.00,1.00
2017.08.09 07:25:42.848,0.8665,0.86657,1.00,3.37
2017.08.09 07:25:42.951,0.86651,0.8666,1.00,2.25
2017.08.09 07:25:43.459,0.86651,0.8666,1.00,2.62
2017.08.09 07:25:44.291,0.86651,0.8666,1.00,2.62
2017.08.09 07:25:45.009,0.8665,0.86657,1.00,1.00
2017.08.09 07:25:45.112,0.86648,0.86657,1.25,1.37
2017.08.09 07:25:45.367,0.86649,0.86658,1.00,1.12
2017.08.09 07:25:45.984,0.86649,0.86657,1.00,1.00
2017.08.09 07:25:46.496,0.86649,0.86656,1.00,1.00
2017.08.09 07:25:46.650,0.8665,0.86658,1.00,1.12
2017.08.09 07:25:47.155,0.86649,0.86658,1.25,1.12
2017.08.09 07:25:47.411,0.86649,0.86657,1.00,1.50
2017.08.09 07:25:47.716,0.86649,0.86654,1.00,1.00
2017.08.09 07:25:47.767,0.86647,0.86654,1.00,1.00
2017.08.09 07:25:48.391,0.86646,0.86653,1.25,1.00
2017.08.09 07:25:48.908,0.86645,0.86654,1.00,2.25
2017.08.09 07:25:48.960,0.86645,0.86654,1.00,3.00
2017.08.09 07:25:49.329,0.86646,0.86654,1.00,1.12
2017.08.09 07:25:49.728,0.86646,0.86656,1.00,1.50
2017.08.09 07:25:50.372,0.86647,0.86656,1.00,1.50
2017.08.09 07:25:50.423,0.86646,0.86654,1.00,1.12
2017.08.09 07:25:52.382,0.86647,0.86655,1.00,1.87
2017.08.09 07:25:52.487,0.86645,0.86654,1.00,1.87
2017.08.09 07:25:52.539,0.86644,0.86653,1.25,1.37
2017.08.09 07:25:54.467,0.86644,0.86652,1.00,1.50
2017.08.09 07:25:55.046,0.86644,0.86652,1.00,1.12
2017.08.09 07:25:55.569,0.86644,0.8665,1.00,1.00
2017.08.09 07:25:56.136,0.86644,0.86651,1.00,1.00
2017.08.09 07:25:56.732,0.86643,0.8665,1.00,1.00
2017.08.09 07:25:57.294,0.86644,0.86652,1.00,1.50
2017.08.09 07:25:58.181,0.86643,0.86649,1.00,1.00
2017.08.09 07:25:58.283,0.86643,0.86651,1.00,1.00
2017.08.09 07:25:58.477,0.86644,0.86654,1.50,1.87
2017.08.09 07:25:58.529,0.86647,0.86654,1.00,1.12
2017.08.09 07:25:58.581,0.86647,0.86656,1.00,1.87
2017.08.09 07:25:59.424,0.86647,0.86654,1.00,1.00
2017.08.09 07:25:59.661,0.86647,0.86657,1.25,1.87
2017.08.09 07:26:00.439,0.86648,0.86657,1.00,1.87
2017.08.09 07:26:00.968,0.86648,0.86657,1.00,1.00
2017.08.09 07:26:01.504,0.86649,0.86658,1.00,1.12
2017.08.09 07:26:02.538,0.86649,0.86657,1.00,1.00
2017.08.09 07:26:02.794,0.86647,0.86656,1.00,1.00
2017.08.09 07:26:03.886,0.86646,0.86654,1.25,1.00
2017.08.09 07:26:05.131,0.86647,0.86655,1.00,1.00
2017.08.09 07:26:05.648,0.86647,0.86656,1.00,1.00
2017.08.09 07:26:06.261,0.86648,0.86657,1.00,1.00
2017.08.09 07:26:06.829,0.86649,0.86657,1.00,1.00
2017.08.09 07:26:07.397,0.86651,0.86659,1.00,1.37
2017.08.09 07:26:07.448,0.86651,0.8666,1.00,1.87
2017.08.09 07:26:08.002,0.86652,0.86661,1.00,1.50
2017.08.09 07:26:08.503,0.86652,0.8666,1.00,1.00
2017.08.09 07:26:09.164,0.86652,0.86661,1.00,1.50
2017.08.09 07:26:09.367,0.86653,0.86661,1.19,1.00
2017.08.09 07:26:12.794,0.86651,0.8666,1.31,1.00
2017.08.09 07:26:15.153,0.86651,0.86659,1.19,1.00
2017.08.09 07:26:18.529,0.86651,0.86657,1.19,1.00
2017.08.09 07:26:19.322,0.86651,0.86658,1.19,1.00
2017.08.09 07:26:19.590,0.8665,0.86659,1.00,1.00
2017.08.09 07:26:19.693,0.86652,0.86659,1.19,1.00
2017.08.09 07:26:20.592,0.86651,0.8666,1.19,1.00
2017.08.09 07:26:21.491,0.86651,0.86661,1.19,1.87
2017.08.09 07:26:21.799,0.86646,0.86654,1.19,1.00
2017.08.09 07:26:23.872,0.86646,0.86652,1.19,1.00
2017.08.09 07:26:23.975,0.86646,0.86654,1.19,1.00
2017.08.09 07:26:24.026,0.86644,0.86654,1.62,1.00
2017.08.09 07:26:24.457,0.86646,0.86655,1.19,1.87
2017.08.09 07:26:24.969,0.86647,0.86654,1.19,1.00
2017.08.09 07:26:25.474,0.86647,0.86654,1.19,1.00
2017.08.09 07:26:25.870,0.86647,0.86656,1.19,1.50
2017.08.09 07:26:26.648,0.86648,0.86657,1.25,1.12
2017.08.09 07:26:26.700,0.86654,0.86661,1.00,3.00
2017.08.09 07:26:26.855,0.86658,0.86666,1.00,1.00
2017.08.09 07:26:27.008,0.86658,0.86664,1.00,1.00
2017.08.09 07:26:27.404,0.86658,0.86662,1.00,1.00
2017.08.09 07:26:27.635,0.86655,0.86663,2.06,1.00
2017.08.09 07:26:27.740,0.86654,0.86661,2.44,1.00
2017.08.09 07:26:27.873,0.86651,0.8666,2.81,1.00
2017.08.09 07:26:28.374,0.86651,0.86659,1.31,1.00
2017.08.09 07:26:29.640,0.86649,0.86658,1.25,1.00
2017.08.09 07:26:29.836,0.86648,0.86656,1.50,1.00
2017.08.09 07:26:30.143,0.86644,0.86653,2.06,1.00
2017.08.09 07:26:30.745,0.86646,0.86654,1.19,1.00
2017.08.09 07:26:35.815,0.86644,0.86654,2.06,1.00
2017.08.09 07:26:36.258,0.86644,0.86654,2.06,1.00
2017.08.09 07:26:36.809,0.86643,0.86654,2.44,1.00
2017.08.09 07:26:36.861,0.86643,0.86652,2.44,1.00
2017.08.09 07:26:37.349,0.86644,0.86654,1.19,1.00
2017.08.09 07:26:37.906,0.86644,0.86655,1.19,1.50
2017.08.09 07:26:38.110,0.86646,0.86656,2.06,1.00
2017.08.09 07:26:38.789,0.86647,0.86657,1.69,1.00
2017.08.09 07:26:40.862,0.86647,0.86657,1.25,1.50
2017.08.09 07:26:41.372,0.86645,0.86656,1.69,1.87
2017.08.09 07:26:42.426,0.86647,0.86656,1.00,1.12
2017.08.09 07:26:42.943,0.86649,0.86657,1.69,1.00
2017.08.09 07:26:43.046,0.86654,0.86663,1.25,1.00
2017.08.09 07:26:43.148,0.86654,0.86665,1.69,1.00
2017.08.09 07:26:43.458,0.86657,0.86667,1.69,1.00
2017.08.09 07:26:43.974,0.86657,0.86666,1.69,1.00
2017.08.09 07:26:44.128,0.86657,0.86668,1.69,1.00
2017.08.09 07:26:44.655,0.86658,0.86668,1.00,1.00
2017.08.09 07:26:45.209,0.86659,0.86668,1.00,1.00
2017.08.09 07:26:48.810,0.86661,0.86669,1.00,1.00
2017.08.09 07:26:49.117,0.86663,0.8667,1.00,1.00
2017.08.09 07:26:49.936,0.86661,0.8667,1.25,1.00
2017.08.09 07:26:50.374,0.86663,0.8667,1.00,1.00
2017.08.09 07:26:50.790,0.86664,0.86672,1.31,1.00
2017.08.09 07:26:50.945,0.86666,0.86675,2.25,1.12
2017.08.09 07:26:51.455,0.86667,0.86674,1.00,1.00
2017.08.09 07:26:52.155,0.86666,0.86674,1.69,1.00
2017.08.09 07:26:52.726,0.86667,0.86674,1.00,1.00
2017.08.09 07:26:53.423,0.86665,0.86674,2.81,1.00
2017.08.09 07:26:53.899,0.86663,0.86674,3.56,1.00
2017.08.09 07:26:53.951,0.86664,0.86672,1.31,1.00
2017.08.09 07:26:54.310,0.86667,0.86675,1.69,1.00
2017.08.09 07:26:54.815,0.86667,0.86676,2.44,1.00
2017.08.09 07:26:56.255,0.86669,0.86678,1.00,1.00
2017.08.09 07:26:56.357,0.86667,0.86676,1.31,1.00
2017.08.09 07:26:56.461,0.86668,0.86678,1.00,1.00
2017.08.09 07:26:56.665,0.86668,0.86676,1.00,1.00
2017.08.09 07:26:56.960,0.86669,0.86678,1.00,1.00
2017.08.09 07:26:57.581,0.86668,0.86678,1.00,1.12
2017.08.09 07:26:58.323,0.86669,0.86678,1.00,1.50
2017.08.09 07:26:59.047,0.86668,0.86678,1.00,1.87
2017.08.09 07:26:59.149,0.86668,0.86678,1.00,1.87
2017.08.09 07:26:59.742,0.86669,0.86678,1.00,1.00
2017.08.09 07:27:01.303,0.86667,0.86676,1.00,1.00
2017.08.09 07:27:01.814,0.86668,0.86677,1.00,1.50
2017.08.09 07:27:04.950,0.86669,0.86677,1.00,1.00
2017.08.09 07:27:05.001,0.86669,0.86679,1.50,1.50
2017.08.09 07:27:05.103,0.86671,0.86679,1.00,1.50
2017.08.09 07:27:05.668,0.86672,0.86682,1.00,3.75
2017.08.09 07:27:06.549,0.86672,0.86681,1.00,1.00
2017.08.09 07:27:07.088,0.86672,0.8668,1.00,1.00
2017.08.09 07:27:09.976,0.86672,0.86682,1.19,1.00
2017.08.09 07:27:10.078,0.86675,0.86684,1.00,1.37
2017.08.09 07:27:10.129,0.86675,0.86685,1.12,1.50
2017.08.09 07:27:10.232,0.86677,0.86685,1.00,1.50
2017.08.09 07:27:10.335,0.86678,0.86687,1.00,1.12
2017.08.09 07:27:10.438,0.86678,0.8669,1.00,1.87
2017.08.09 07:27:10.605,0.86678,0.86688,1.00,1.00
2017.08.09 07:27:11.675,0.86679,0.86688,1.00,1.00
2017.08.09 07:27:12.002,0.86683,0.86692,1.50,1.00
2017.08.09 07:27:12.104,0.86685,0.86695,1.50,1.00
2017.08.09 07:27:12.258,0.86685,0.86697,1.12,1.50
2017.08.09 07:27:12.567,0.86685,0.86695,2.25,1.00
2017.08.09 07:27:13.141,0.86686,0.86696,1.00,1.00
2017.08.09 07:27:14.424,0.86686,0.86695,1.50,1.00
2017.08.09 07:27:15.211,0.86684,0.86695,2.06,1.12
2017.08.09 07:27:15.523,0.86684,0.86693,1.19,1.50
2017.08.09 07:27:15.575,0.86683,0.86695,1.69,3.75
2017.08.09 07:27:16.303,0.86683,0.86694,2.44,1.00
2017.08.09 07:27:17.239,0.86685,0.86695,1.69,1.00
2017.08.09 07:27:17.392,0.86687,0.86696,1.19,1.50
2017.08.09 07:27:18.604,0.86687,0.86696,1.69,1.50
2017.08.09 07:27:19.179,0.86687,0.86696,1.25,1.50
2017.08.09 07:27:20.177,0.86691,0.86699,1.00,2.25
2017.08.09 07:27:20.229,0.86688,0.86697,1.87,1.00
2017.08.09 07:27:20.280,0.8669,0.86699,1.00,1.00
2017.08.09 07:27:20.848,0.86689,0.86698,1.00,1.50
2017.08.09 07:27:21.508,0.86689,0.86697,1.00,1.00
2017.08.09 07:27:22.046,0.86689,0.86698,1.00,1.50
2017.08.09 07:27:22.828,0.86688,0.86698,1.00,1.50
2017.08.09 07:27:26.096,0.86687,0.86695,1.00,1.50
2017.08.09 07:27:26.506,0.86688,0.86698,1.00,1.50
2017.08.09 07:27:27.169,0.86689,0.86699,1.00,1.87
2017.08.09 07:27:27.878,0.86688,0.86699,1.00,1.50
2017.08.09 07:27:28.857,0.8669,0.86698,1.00,1.00
2017.08.09 07:27:29.026,0.86688,0.86699,1.00,2.25
2017.08.09 07:27:29.830,0.86687,0.86699,3.19,2.25
2017.08.09 07:27:29.936,0.86689,0.86699,1.00,2.25
2017.08.09 07:27:30.074,0.86687,0.86699,3.19,2.25
2017.08.09 07:27:30.227,0.86687,0.86699,5.44,1.00
2017.08.09 07:27:30.815,0.8669,0.867,1.50,1.50
2017.08.09 07:27:30.868,0.8669,0.86702,1.00,2.62
2017.08.09 07:27:31.022,0.86691,0.86702,1.87,1.12
2017.08.09 07:27:31.343,0.86695,0.86704,1.00,1.00
2017.08.09 07:27:31.858,0.86695,0.86705,1.25,1.00
2017.08.09 07:27:32.563,0.86693,0.86704,1.69,1.00
2017.08.09 07:27:33.160,0.86692,0.86703,1.12,1.12
2017.08.09 07:27:33.747,0.86692,0.86702,1.12,1.12
2017.08.09 07:27:34.258,0.86691,0.86702,1.87,1.12
2017.08.09 07:27:34.789,0.86689,0.86701,5.44,1.50
2017.08.09 07:27:34.942,0.86688,0.86699,3.19,1.00
2017.08.09 07:27:35.192,0.86688,0.86699,1.00,1.00
2017.08.09 07:27:35.742,0.86689,0.86699,1.00,1.50
2017.08.09 07:27:36.082,0.86687,0.86699,1.31,1.00
2017.08.09 07:27:36.630,0.86687,0.86698,1.69,1.00
2017.08.09 07:27:37.159,0.86688,0.86698,1.00,1.50
2017.08.09 07:27:37.814,0.86687,0.86698,1.12,1.50
2017.08.09 07:27:38.642,0.86686,0.86698,1.50,1.50
2017.08.09 07:27:39.544,0.86687,0.86698,1.00,1.50
2017.08.09 07:27:40.747,0.86685,0.86694,1.31,1.00
2017.08.09 07:27:41.249,0.86684,0.86694,1.00,1.00
2017.08.09 07:27:41.769,0.86683,0.86694,1.87,1.50
2017.08.09 07:27:42.275,0.86683,0.86693,1.00,1.50
2017.08.09 07:27:43.023,0.86684,0.86693,1.00,1.00
2017.08.09 07:27:45.345,0.86681,0.86691,3.75,1.00
2017.08.09 07:27:45.693,0.8668,0.86689,1.12,1.00
2017.08.09 07:27:46.000,0.86679,0.86687,1.00,1.50
2017.08.09 07:27:46.052,0.86676,0.86687,1.87,1.50
2017.08.09 07:27:47.590,0.86676,0.86686,1.12,1.00
2017.08.09 07:27:48.675,0.86676,0.86687,1.12,1.12
2017.08.09 07:27:53.846,0.86676,0.86686,1.00,2.25
2017.08.09 07:27:54.491,0.86675,0.86686,1.00,1.50
2017.08.09 07:27:55.165,0.86675,0.86685,1.00,1.00
2017.08.09 07:27:56.640,0.86674,0.86683,1.12,1.50
2017.08.09 07:27:57.273,0.86673,0.86683,2.44,1.50
2017.08.09 07:27:58.525,0.86673,0.86683,2.81,1.50
2017.08.09 07:27:58.576,0.86675,0.86686,1.12,1.37
2017.08.09 07:27:58.678,0.86675,0.86687,1.50,2.25
2017.08.09 07:27:59.524,0.86675,0.86686,1.00,1.00
2017.08.09 07:28:00.495,0.86675,0.86685,1.00,1.00
2017.08.09 07:28:02.287,0.86673,0.86684,4.69,1.00
2017.08.09 07:28:02.801,0.86673,0.86684,1.50,1.12
2017.08.09 07:28:03.448,0.86674,0.86684,1.00,2.25
2017.08.09 07:28:03.967,0.86674,0.86683,1.00,1.00
2017.08.09 07:28:04.019,0.86672,0.86683,1.50,1.50
2017.08.09 07:28:04.561,0.86673,0.86682,1.00,1.00
2017.08.09 07:28:06.686,0.86672,0.86682,1.25,1.00
2017.08.09 07:28:08.712,0.86672,0.86683,1.31,1.00
2017.08.09 07:28:09.398,0.86673,0.86684,1.25,1.87
2017.08.09 07:28:09.947,0.86674,0.86685,1.12,1.12
2017.08.09 07:28:10.493,0.86674,0.86686,2.25,1.87
2017.08.09 07:28:11.129,0.86676,0.86685,1.00,1.00
2017.08.09 07:28:12.725,0.86674,0.86685,2.25,1.00
2017.08.09 07:28:13.531,0.86675,0.86686,1.00,1.00
2017.08.09 07:28:14.113,0.86676,0.86686,1.00,1.50
2017.08.09 07:28:14.648,0.86676,0.86685,1.00,1.00
2017.08.09 07:28:18.595,0.86677,0.86685,1.00,1.00
2017.08.09 07:28:23.787,0.86676,0.86686,1.00,1.87
2017.08.09 07:28:24.469,0.86676,0.86686,1.00,1.87
2017.08.09 07:28:26.187,0.86677,0.86686,1.00,1.87
2017.08.09 07:28:31.085,0.86678,0.86686,1.00,1.12
2017.08.09 07:28:32.315,0.86678,0.86685,1.00,1.00
2017.08.09 07:28:33.593,0.86676,0.86685,1.00,1.00
2017.08.09 07:28:33.696,0.86674,0.86685,1.12,1.00
2017.08.09 07:28:34.201,0.86675,0.86685,1.00,1.00
2017.08.09 07:28:34.804,0.86674,0.86685,1.50,1.00
2017.08.09 07:28:35.461,0.86675,0.86686,1.00,1.12
2017.08.09 07:28:35.638,0.86675,0.86684,1.00,1.00
2017.08.09 07:28:35.740,0.86675,0.86686,1.00,1.12
2017.08.09 07:28:36.962,0.86674,0.86685,1.12,1.00
2017.08.09 07:28:37.014,0.86674,0.86683,1.12,1.00
2017.08.09 07:28:37.220,0.86674,0.86685,1.87,1.00
2017.08.09 07:28:37.770,0.86675,0.86686,1.00,1.50
2017.08.09 07:28:38.240,0.86675,0.86681,1.00,1.00
2017.08.09 07:28:39.438,0.86675,0.86682,1.00,1.00
2017.08.09 07:28:39.943,0.86676,0.86682,1.00,1.00
2017.08.09 07:28:42.157,0.86676,0.86683,1.37,1.00
2017.08.09 07:28:42.787,0.86676,0.86683,1.75,1.00
2017.08.09 07:28:42.979,0.86676,0.86683,1.50,1.00
2017.08.09 07:28:43.658,0.86677,0.86683,1.00,1.00
2017.08.09 07:28:44.293,0.86678,0.86683,1.00,1.00
2017.08.09 07:28:44.684,0.86676,0.86682,1.50,1.00
2017.08.09 07:28:44.786,0.86674,0.8668,1.50,1.00
2017.08.09 07:28:44.888,0.86672,0.86679,1.00,1.00
2017.08.09 07:28:45.042,0.86676,0.86684,1.00,1.12
2017.08.09 07:28:45.094,0.86679,0.86685,1.00,1.50
2017.08.09 07:28:45.421,0.86673,0.86679,1.69,1.00
2017.08.09 07:28:45.523,0.86672,0.86678,1.31,1.00
2017.08.09 07:28:45.730,0.86669,0.86678,3.37,1.50
2017.08.09 07:28:45.987,0.86668,0.86674,2.44,1.00
2017.08.09 07:28:46.111,0.86668,0.86675,1.25,1.00
2017.08.09 07:28:46.372,0.86667,0.86673,1.19,1.00
2017.08.09 07:28:46.525,0.86666,0.86673,1.00,1.00
2017.08.09 07:28:47.049,0.86665,0.86673,1.87,1.00
2017.08.09 07:28:49.215,0.86667,0.86673,1.00,1.00
2017.08.09 07:28:52.574,0.86667,0.86675,1.50,1.00
2017.08.09 07:28:54.482,0.86667,0.86674,1.00,1.00
2017.08.09 07:28:57.623,0.86666,0.86673,1.00,1.00
2017.08.09 07:28:57.878,0.86668,0.86675,1.50,1.00
2017.08.09 07:28:58.290,0.86667,0.86673,1.00,1.00
2017.08.09 07:28:58.795,0.86667,0.86674,1.50,1.00
2017.08.09 07:28:59.051,0.86665,0.86673,1.00,1.00
2017.08.09 07:28:59.570,0.86665,0.86672,1.00,1.00
2017.08.09 07:29:00.743,0.86666,0.86672,1.00,1.00
2017.08.09 07:29:02.870,0.86664,0.86671,1.50,1.00
2017.08.09 07:29:05.457,0.86663,0.8667,1.00,1.00
2017.08.09 07:29:06.100,0.86664,0.8667,1.00,1.00
2017.08.09 07:29:06.584,0.86662,0.86669,1.12,1.00
2017.08.09 07:29:06.688,0.86661,0.86666,1.12,1.00
2017.08.09 07:29:06.970,0.86656,0.86662,1.00,1.00
2017.08.09 07:29:07.021,0.86654,0.8666,1.50,1.00
2017.08.09 07:29:07.276,0.86652,0.86659,1.00,1.00
2017.08.09 07:29:07.378,0.8665,0.86657,2.62,1.00
2017.08.09 07:29:07.532,0.86645,0.86654,1.87,1.00
2017.08.09 07:29:07.746,0.86649,0.86655,1.00,1.00
2017.08.09 07:29:08.291,0.86648,0.86655,1.00,1.00
2017.08.09 07:29:08.835,0.86646,0.86654,1.87,1.00
2017.08.09 07:29:11.076,0.86647,0.86654,1.00,1.00
2017.08.09 07:29:11.129,0.86647,0.86656,2.25,1.00
2017.08.09 07:29:11.232,0.8665,0.86656,1.00,1.00
2017.08.09 07:29:11.794,0.86651,0.86657,1.00,1.00
2017.08.09 07:29:12.136,0.86653,0.86657,1.00,1.00
2017.08.09 07:29:12.313,0.86653,0.86657,1.00,1.00
2017.08.09 07:29:13.010,0.86651,0.86656,1.00,1.00
2017.08.09 07:29:13.533,0.86651,0.86655,1.00,1.00
2017.08.09 07:29:14.060,0.8665,0.86655,1.00,1.00
2017.08.09 07:29:15.209,0.86648,0.86655,1.50,1.00
2017.08.09 07:29:15.261,0.86648,0.86653,1.50,1.00
2017.08.09 07:29:15.735,0.8665,0.86654,1.00,1.00
2017.08.09 07:29:17.603,0.86649,0.86653,1.00,1.00
2017.08.09 07:29:18.539,0.86649,0.86655,1.00,1.00
2017.08.09 07:29:19.075,0.86649,0.86654,1.00,1.00
2017.08.09 07:29:19.330,0.86648,0.86652,1.00,1.00
2017.08.09 07:29:19.458,0.86646,0.86652,1.87,1.00
2017.08.09 07:29:19.871,0.86648,0.86653,1.00,1.00
2017.08.09 07:29:20.218,0.86649,0.86655,1.00,1.00
2017.08.09 07:29:20.725,0.8665,0.86655,1.00,1.00
2017.08.09 07:29:21.274,0.86648,0.86655,1.00,1.00
2017.08.09 07:29:21.792,0.86648,0.86654,1.00,1.00
2017.08.09 07:29:22.260,0.86646,0.86653,2.25,1.00
2017.08.09 07:29:22.726,0.86649,0.86653,1.00,1.00
2017.08.09 07:29:23.229,0.86645,0.86651,1.00,1.00
2017.08.09 07:29:23.873,0.86645,0.86652,1.00,1.00
2017.08.09 07:29:24.509,0.86646,0.86652,1.00,1.00
2017.08.09 07:29:25.124,0.86645,0.86652,1.00,1.00
2017.08.09 07:29:27.633,0.86644,0.8665,1.00,1.00
2017.08.09 07:29:27.927,0.86641,0.86648,1.87,1.00
2017.08.09 07:29:28.438,0.86642,0.86648,1.00,1.00
2017.08.09 07:29:30.441,0.86646,0.8665,1.00,1.00
2017.08.09 07:29:30.699,0.86648,0.86652,1.00,1.00
2017.08.09 07:29:30.904,0.86645,0.86651,1.50,1.00
2017.08.09 07:29:31.303,0.86643,0.8665,1.50,1.00
2017.08.09 07:29:31.822,0.86642,0.86649,2.25,1.00
2017.08.09 07:29:32.485,0.86643,0.86649,1.00,1.00
2017.08.09 07:29:33.205,0.86642,0.86649,2.25,1.00
2017.08.09 07:29:33.875,0.86643,0.86649,1.00,1.00
2017.08.09 07:29:34.487,0.86642,0.86649,2.25,1.00
2017.08.09 07:29:34.889,0.86642,0.86646,1.00,1.00
2017.08.09 07:29:34.941,0.8664,0.86646,1.50,1.00
2017.08.09 07:29:35.695,0.86639,0.86646,1.00,1.00
2017.08.09 07:29:36.224,0.86638,0.86645,1.50,1.00
2017.08.09 07:29:38.553,0.86638,0.86644,1.00,1.00
2017.08.09 07:29:40.109,0.86637,0.86644,1.50,1.00
2017.08.09 07:29:41.115,0.86638,0.86644,1.00,1.00
2017.08.09 07:29:43.848,0.8664,0.86644,1.00,1.00
2017.08.09 07:29:44.196,0.86638,0.86644,1.50,1.00
2017.08.09 07:29:46.088,0.86639,0.86644,1.00,1.00
2017.08.09 07:29:48.658,0.86642,0.86647,1.00,1.00
2017.08.09 07:29:48.812,0.86643,0.8665,1.00,1.25
2017.08.09 07:29:50.227,0.86642,0.8665,1.00,1.00
2017.08.09 07:29:51.691,0.86644,0.8665,1.00,1.00
2017.08.09 07:29:52.035,0.86643,0.86648,1.00,1.00
2017.08.09 07:29:53.184,0.86641,0.86648,1.00,1.00
2017.08.09 07:29:53.990,0.86641,0.86647,1.50,1.00
2017.08.09 07:29:54.504,0.86642,0.86647,1.50,1.00
2017.08.09 07:29:55.147,0.86641,0.86647,1.50,1.00
2017.08.09 07:29:58.995,0.86641,0.8665,1.00,1.00
2017.08.09 07:30:00.151,0.8664,0.86648,3.00,1.00
2017.08.09 07:30:00.542,0.86638,0.86647,1.50,1.25
2017.08.09 07:30:00.991,0.86637,0.86645,1.00,1.00
2017.08.09 07:30:01.840,0.86635,0.86645,1.87,1.00
2017.08.09 07:30:02.200,0.86635,0.86643,1.00,1.00
2017.08.09 07:30:02.672,0.86634,0.86641,1.00,1.00
2017.08.09 07:30:03.084,0.86634,0.86639,1.00,1.00
2017.08.09 07:30:03.325,0.86632,0.86639,1.50,1.00
2017.08.09 07:30:04.833,0.86633,0.86639,1.00,1.00
2017.08.09 07:30:06.310,0.86631,0.86639,1.00,1.00
2017.08.09 07:30:07.036,0.8663,0.86639,1.00,1.00
2017.08.09 07:30:07.757,0.8663,0.86638,1.00,1.00
2017.08.09 07:30:07.809,0.8663,0.8664,1.50,1.12
2017.08.09 07:30:08.414,0.86631,0.8664,1.00,1.00
2017.08.09 07:30:08.466,0.86635,0.86643,1.87,1.00
2017.08.09 07:30:08.568,0.86637,0.86645,1.00,1.50
2017.08.09 07:30:08.773,0.86638,0.86647,1.50,1.00
2017.08.09 07:30:08.877,0.8664,0.86647,1.00,1.00
2017.08.09 07:30:09.428,0.8664,0.86648,1.50,1.00
2017.08.09 07:30:10.368,0.86642,0.86648,1.00,1.00
2017.08.09 07:30:11.411,0.86641,0.86648,1.00,1.00
2017.08.09 07:30:11.945,0.86641,0.86647,1.00,1.00
2017.08.09 07:30:12.495,0.8664,0.86647,1.00,1.00
2017.08.09 07:30:13.159,0.8664,0.86648,1.00,1.25
2017.08.09 07:30:13.606,0.86638,0.86647,1.12,1.25
2017.08.09 07:30:13.658,0.86638,0.86645,1.00,1.00
2017.08.09 07:30:13.709,0.86636,0.86646,3.37,1.00
2017.08.09 07:30:14.584,0.86637,0.86646,1.00,1.00
2017.08.09 07:30:14.636,0.86639,0.86646,1.00,1.00
2017.08.09 07:30:15.186,0.86639,0.86647,1.00,1.31
2017.08.09 07:30:15.658,0.86637,0.86647,2.25,1.31
2017.08.09 07:30:17.147,0.86637,0.86647,1.00,1.69
2017.08.09 07:30:17.250,0.86635,0.86643,1.00,1.00
2017.08.09 07:30:17.404,0.8663,0.8664,1.12,1.25
2017.08.09 07:30:17.867,0.8663,0.86637,1.00,1.00
2017.08.09 07:30:18.389,0.86629,0.86637,1.12,1.00
2017.08.09 07:30:21.564,0.8663,0.86637,1.00,1.00
2017.08.09 07:30:26.249,0.8663,0.86638,1.00,1.00
2017.08.09 07:30:26.557,0.86633,0.86641,1.00,1.00
2017.08.09 07:30:27.393,0.86634,0.86641,1.00,1.00
2017.08.09 07:30:28.026,0.86634,0.86642,1.00,1.00
2017.08.09 07:30:29.158,0.86633,0.86642,1.00,1.00
2017.08.09 07:30:29.653,0.86635,0.86642,1.00,1.00
2017.08.09 07:30:29.806,0.86633,0.86642,1.50,1.00
2017.08.09 07:30:30.373,0.86632,0.86641,1.12,1.00
2017.08.09 07:30:31.429,0.86633,0.86641,1.00,1.00
2017.08.09 07:30:32.036,0.86632,0.86641,1.12,1.00
2017.08.09 07:30:37.772,0.86631,0.86638,1.50,1.00
2017.08.09 07:30:37.926,0.8663,0.86639,1.50,1.50
2017.08.09 07:30:38.595,0.8663,0.86638,1.50,1.00
2017.08.09 07:30:39.255,0.86631,0.86639,1.00,1.00
2017.08.09 07:30:39.307,0.86631,0.86637,1.00,1.00
2017.08.09 07:30:39.694,0.86631,0.86639,1.00,1.50
2017.08.09 07:30:39.798,0.86629,0.86637,1.50,1.00
2017.08.09 07:30:40.361,0.86628,0.86636,1.87,1.00
2017.08.09 07:30:41.377,0.86629,0.86636,1.00,1.00
2017.08.09 07:30:41.796,0.86631,0.86638,1.00,1.00
2017.08.09 07:30:41.898,0.86631,0.86641,1.12,1.00
2017.08.09 07:30:41.949,0.86634,0.86641,1.00,1.00
2017.08.09 07:30:42.494,0.86634,0.86642,1.00,1.00
2017.08.09 07:30:43.007,0.86633,0.86642,1.50,1.00
2017.08.09 07:30:43.638,0.86633,0.86641,1.12,1.00
2017.08.09 07:30:45.976,0.86634,0.86641,1.00,1.00
2017.08.09 07:30:53.864,0.86635,0.86643,1.00,1.19
2017.08.09 07:30:54.371,0.86635,0.86643,1.00,1.00
2017.08.09 07:30:55.091,0.86636,0.86643,1.00,1.00
2017.08.09 07:30:55.835,0.86635,0.86643,1.00,1.00
2017.08.09 07:30:56.366,0.86633,0.86641,1.12,1.00
2017.08.09 07:30:56.685,0.86636,0.86645,1.00,2.62
2017.08.09 07:30:56.788,0.86637,0.86646,1.12,1.50
2017.08.09 07:30:56.840,0.86639,0.86648,1.00,1.87
2017.08.09 07:30:57.146,0.86642,0.8665,1.00,1.00
2017.08.09 07:30:57.351,0.86642,0.86652,1.00,1.00
2017.08.09 07:30:57.799,0.86644,0.86652,1.00,1.00
2017.08.09 07:30:59.489,0.86642,0.86652,1.50,1.00
2017.08.09 07:31:00.000,0.86641,0.86651,1.00,1.87
2017.08.09 07:31:01.598,0.86641,0.8665,1.00,1.00
2017.08.09 07:31:02.587,0.86641,0.86649,1.00,1.00
2017.08.09 07:31:04.955,0.8664,0.86649,1.00,1.00
2017.08.09 07:31:05.529,0.86641,0.86649,1.00,1.00
2017.08.09 07:31:05.962,0.86641,0.86651,1.87,1.50
2017.08.09 07:31:06.652,0.86642,0.86651,1.00,1.00
2017.08.09 07:31:07.309,0.86641,0.86651,1.12,1.00
2017.08.09 07:31:08.302,0.86642,0.86651,1.00,1.00
2017.08.09 07:31:09.348,0.86643,0.86651,1.00,1.00
2017.08.09 07:31:09.808,0.86641,0.8665,2.25,1.00
2017.08.09 07:31:10.616,0.86641,0.86651,2.25,1.00
2017.08.09 07:31:11.152,0.86642,0.86651,1.00,1.00
2017.08.09 07:31:11.682,0.86641,0.86651,2.62,1.00
2017.08.09 07:31:12.264,0.86642,0.86651,1.00,1.00
2017.08.09 07:31:13.721,0.86641,0.86651,2.62,1.00
2017.08.09 07:31:14.591,0.86642,0.86651,1.00,1.00
2017.08.09 07:31:15.193,0.86643,0.86651,1.00,1.00
2017.08.09 07:31:17.566,0.86644,0.86651,1.00,1.00
2017.08.09 07:31:18.625,0.86644,0.86652,1.00,1.00
2017.08.09 07:31:20.651,0.86643,0.86653,1.00,1.69
2017.08.09 07:31:23.351,0.86643,0.86652,1.50,1.00
2017.08.09 07:31:23.963,0.86644,0.86652,1.00,1.00
2017.08.09 07:31:25.909,0.86644,0.86653,1.00,1.31
2017.08.09 07:31:26.412,0.86643,0.86652,1.00,1.12
2017.08.09 07:31:27.155,0.86645,0.86652,1.00,1.12
2017.08.09 07:31:27.713,0.86645,0.86653,1.00,1.50
2017.08.09 07:31:28.254,0.86644,0.86653,1.00,1.50
2017.08.09 07:31:29.107,0.86642,0.86652,1.87,1.00
2017.08.09 07:31:29.499,0.86641,0.86649,2.25,1.00
2017.08.09 07:31:29.654,0.86639,0.86648,1.12,1.00
2017.08.09 07:31:30.194,0.8664,0.86648,1.12,1.00
2017.08.09 07:31:30.741,0.86641,0.86648,1.00,1.00
2017.08.09 07:31:31.255,0.86641,0.86651,1.50,1.50
2017.08.09 07:31:31.788,0.86641,0.8665,1.00,1.50
2017.08.09 07:31:32.333,0.8664,0.8665,1.00,1.50
2017.08.09 07:31:33.931,0.86641,0.8665,1.00,1.00
2017.08.09 07:31:35.619,0.86641,0.86648,1.00,1.00
2017.08.09 07:31:36.820,0.8664,0.86648,1.00,1.00
2017.08.09 07:31:38.936,0.86641,0.86649,1.00,1.00
2017.08.09 07:31:39.210,0.86639,0.86649,1.00,1.87
2017.08.09 07:31:39.724,0.86638,0.86648,1.87,1.00
2017.08.09 07:31:40.386,0.86639,0.86649,1.00,1.87
2017.08.09 07:31:40.771,0.86641,0.86649,1.00,1.87
2017.08.09 07:31:41.880,0.86639,0.86649,1.12,1.50
2017.08.09 07:31:42.280,0.86641,0.86649,1.00,1.50
2017.08.09 07:31:42.723,0.86639,0.86649,1.12,1.50
2017.08.09 07:31:42.891,0.86637,0.86647,1.00,1.50
2017.08.09 07:31:43.198,0.86636,0.86644,1.00,1.50
2017.08.09 07:31:43.504,0.86632,0.86642,1.12,1.50
2017.08.09 07:31:43.556,0.86631,0.86641,2.62,1.00
2017.08.09 07:31:43.658,0.8663,0.8664,1.87,1.50
2017.08.09 07:31:43.977,0.8663,0.86638,1.00,1.00
2017.08.09 07:31:44.488,0.8663,0.86639,1.87,1.00
2017.08.09 07:31:44.540,0.8663,0.86641,1.87,1.87
2017.08.09 07:31:45.474,0.8663,0.8664,1.87,1.00
2017.08.09 07:31:45.679,0.86628,0.86638,2.62,1.50
2017.08.09 07:31:46.198,0.86628,0.86639,1.00,2.44
2017.08.09 07:31:46.886,0.86628,0.86638,1.50,1.00
2017.08.09 07:31:47.193,0.8663,0.86639,1.00,1.12
2017.08.09 07:31:47.705,0.8663,0.8664,1.50,1.00
2017.08.09 07:31:48.221,0.86631,0.8664,1.00,1.00
2017.08.09 07:31:48.723,0.86632,0.8664,1.00,1.00
2017.08.09 07:31:49.446,0.86632,0.86642,1.00,2.25
2017.08.09 07:31:49.877,0.86632,0.8664,1.00,1.00
2017.08.09 07:31:50.596,0.8663,0.86641,2.25,1.00
2017.08.09 07:31:51.276,0.8663,0.8664,2.25,1.50
2017.08.09 07:31:53.013,0.8663,0.8664,1.00,1.50
2017.08.09 07:31:53.687,0.86629,0.8664,2.25,1.50
2017.08.09 07:31:54.224,0.8663,0.8664,1.00,1.50
2017.08.09 07:31:56.376,0.86633,0.8664,1.00,1.00
2017.08.09 07:31:59.191,0.86632,0.8664,1.00,1.00
2017.08.09 07:31:59.243,0.8663,0.8664,1.00,1.00
2017.08.09 07:31:59.388,0.8663,0.86638,1.00,1.00
2017.08.09 07:31:59.862,0.86629,0.8664,1.87,1.00
2017.08.09 07:32:00.374,0.8663,0.86639,1.50,1.00
2017.08.09 07:32:00.891,0.86631,0.86639,1.00,1.00
2017.08.09 07:32:02.587,0.8663,0.86637,1.00,1.00
2017.08.09 07:32:02.768,0.86627,0.86637,3.56,1.00
2017.08.09 07:32:03.302,0.86628,0.86636,1.12,1.00
2017.08.09 07:32:03.353,0.86629,0.86638,1.87,1.00
2017.08.09 07:32:03.903,0.8663,0.86638,1.00,1.00
2017.08.09 07:32:04.530,0.86631,0.86638,1.00,1.00
2017.08.09 07:32:05.177,0.8663,0.86638,1.12,1.00
2017.08.09 07:32:06.886,0.86629,0.86637,2.25,1.00
2017.08.09 07:32:07.039,0.86627,0.86635,1.87,1.00
2017.08.09 07:32:07.550,0.86627,0.86635,1.50,1.00
2017.08.09 07:32:09.732,0.86627,0.86636,1.12,1.00
2017.08.09 07:32:10.039,0.86629,0.86637,1.00,1.00
2017.08.09 07:32:10.560,0.8663,0.86637,1.00,1.00
2017.08.09 07:32:11.152,0.86629,0.86637,1.00,1.00
2017.08.09 07:32:13.251,0.8663,0.86637,1.00,1.00
2017.08.09 07:32:13.427,0.8663,0.86639,1.00,1.00
2017.08.09 07:32:15.770,0.8663,0.86638,1.12,1.00
2017.08.09 07:32:16.683,0.86627,0.86637,4.50,1.00
2017.08.09 07:32:16.734,0.86627,0.86634,1.50,1.00
2017.08.09 07:32:16.836,0.86626,0.86634,3.00,1.00
2017.08.09 07:32:17.040,0.86627,0.86636,1.12,1.00
2017.08.09 07:32:18.019,0.86628,0.86636,1.00,1.00
2017.08.09 07:32:18.527,0.86629,0.86636,1.37,1.00
2017.08.09 07:32:18.919,0.86629,0.86638,1.37,1.00
2017.08.09 07:32:21.048,0.86629,0.86638,1.50,1.00
2017.08.09 07:32:21.559,0.8663,0.86638,1.00,1.00
2017.08.09 07:32:22.073,0.86629,0.86637,1.00,1.00
2017.08.09 07:32:22.280,0.86628,0.86635,1.00,1.00
2017.08.09 07:32:22.793,0.86627,0.86635,1.87,1.00
2017.08.09 07:32:26.356,0.86626,0.86635,3.00,1.00
2017.08.09 07:32:29.204,0.86628,0.86635,1.00,1.00
2017.08.09 07:32:32.214,0.86626,0.86635,2.44,1.50
2017.08.09 07:32:32.734,0.86626,0.86634,1.00,1.00
2017.08.09 07:32:39.921,0.86628,0.86634,1.00,1.00
2017.08.09 07:32:41.841,0.86626,0.86634,2.25,1.00
2017.08.09 07:32:42.367,0.86628,0.86634,1.00,1.00
2017.08.09 07:32:43.135,0.86628,0.86635,1.00,1.00
2017.08.09 07:32:44.613,0.86629,0.86635,1.00,1.00
2017.08.09 07:32:45.117,0.86628,0.86635,1.00,1.00
2017.08.09 07:32:47.706,0.8663,0.86637,1.00,1.00
2017.08.09 07:32:53.277,0.86631,0.86637,1.00,1.00
2017.08.09 07:32:55.069,0.86629,0.86637,1.12,1.00
2017.08.09 07:32:58.995,0.86631,0.86638,1.00,1.00
2017.08.09 07:32:59.941,0.86633,0.86638,1.00,1.00
2017.08.09 07:32:59.993,0.86633,0.86641,1.00,1.00
2017.08.09 07:33:00.522,0.86634,0.86641,1.00,1.00
2017.08.09 07:33:01.008,0.86632,0.86641,1.50,1.00
2017.08.09 07:33:01.518,0.86632,0.8664,1.50,1.00
2017.08.09 07:33:01.916,0.86633,0.86642,1.87,1.00
2017.08.09 07:33:02.488,0.86634,0.86642,1.00,1.00
2017.08.09 07:33:04.367,0.86634,0.86643,1.00,1.00
2017.08.09 07:33:04.978,0.86636,0.86644,1.00,1.00
2017.08.09 07:33:05.293,0.86632,0.8664,1.00,1.00
2017.08.09 07:33:05.806,0.86632,0.86639,1.00,1.00
2017.08.09 07:33:06.011,0.8663,0.86639,2.25,1.00
2017.08.09 07:33:06.516,0.8663,0.86638,1.12,1.00
2017.08.09 07:33:07.051,0.86631,0.86639,1.12,1.00
2017.08.09 07:33:08.600,0.8663,0.86636,1.87,1.00
2017.08.09 07:33:08.938,0.86628,0.86636,1.12,1.00
2017.08.09 07:33:09.471,0.86628,0.86635,1.00,1.00
2017.08.09 07:33:10.112,0.86627,0.86635,1.12,1.00
2017.08.09 07:33:11.084,0.86628,0.86635,1.00,1.00
2017.08.09 07:33:11.595,0.86629,0.86636,1.00,1.00
2017.08.09 07:33:12.057,0.86631,0.86639,1.00,1.00
2017.08.09 07:33:12.160,0.86629,0.86638,1.12,1.50
2017.08.09 07:33:12.263,0.86629,0.86636,1.50,1.00
2017.08.09 07:33:12.776,0.86629,0.86635,1.00,1.00
2017.08.09 07:33:13.520,0.86628,0.86635,1.12,1.00
2017.08.09 07:33:14.765,0.86631,0.8664,1.00,1.75
2017.08.09 07:33:14.919,0.86631,0.86641,1.12,1.00
2017.08.09 07:33:15.022,0.86633,0.86642,1.00,1.50
2017.08.09 07:33:15.348,0.86631,0.8664,1.12,1.00
2017.08.09 07:33:15.655,0.86634,0.8664,1.00,1.00
2017.08.09 07:33:16.249,0.86634,0.86641,1.00,1.00
2017.08.09 07:33:18.164,0.86634,0.86642,1.00,1.00
2017.08.09 07:33:19.154,0.86638,0.86645,1.00,1.37
2017.08.09 07:33:19.576,0.86636,0.86644,1.00,1.00
2017.08.09 07:33:19.628,0.86636,0.86642,1.00,1.00
2017.08.09 07:33:19.681,0.86636,0.86644,1.00,1.00
2017.08.09 07:33:19.784,0.86635,0.86642,1.12,1.00
2017.08.09 07:33:20.300,0.86635,0.86643,1.12,1.00
2017.08.09 07:33:20.931,0.86636,0.86643,1.00,1.00
2017.08.09 07:33:21.085,0.8664,0.86648,1.00,1.50
2017.08.09 07:33:21.239,0.86641,0.8665,1.00,1.12
2017.08.09 07:33:21.342,0.86639,0.86647,1.00,1.00
2017.08.09 07:33:21.859,0.86639,0.86646,1.00,1.00
2017.08.09 07:33:22.014,0.8664,0.86649,1.12,1.50
2017.08.09 07:33:22.536,0.86639,0.86648,1.00,1.00
2017.08.09 07:33:22.689,0.86639,0.86646,1.00,1.00
2017.08.09 07:33:23.562,0.86638,0.86646,1.00,1.00
2017.08.09 07:33:24.108,0.86638,0.86647,1.00,1.00
2017.08.09 07:33:24.414,0.86641,0.86648,1.00,1.00
2017.08.09 07:33:26.026,0.8664,0.86648,1.00,1.00
2017.08.09 07:33:26.801,0.86638,0.86648,1.69,1.00
2017.08.09 07:33:27.373,0.86639,0.86647,1.00,1.00
2017.08.09 07:33:28.417,0.86637,0.86648,3.56,1.87
2017.08.09 07:33:28.734,0.86637,0.86646,2.44,1.00
2017.08.09 07:33:29.980,0.86637,0.86646,1.69,1.00
2017.08.09 07:33:36.721,0.86638,0.86646,1.00,1.00
2017.08.09 07:33:36.961,0.86642,0.86651,1.00,1.00
2017.08.09 07:33:37.166,0.8664,0.8665,1.00,1.50
2017.08.09 07:33:37.371,0.86639,0.86648,1.00,1.00
2017.08.09 07:33:37.897,0.86638,0.86648,1.50,1.50
2017.08.09 07:33:38.204,0.86638,0.86646,1.50,1.00
2017.08.09 07:33:39.624,0.86639,0.86648,1.00,1.00
2017.08.09 07:33:39.680,0.8664,0.8665,1.12,1.00
2017.08.09 07:33:39.783,0.86642,0.86651,1.12,1.00
2017.08.09 07:33:40.295,0.86642,0.8665,1.50,1.00
2017.08.09 07:33:42.100,0.8664,0.86649,1.37,1.00
2017.08.09 07:33:42.254,0.86637,0.86648,2.25,1.50
2017.08.09 07:33:42.935,0.86638,0.86647,1.00,1.00
2017.08.09 07:33:45.002,0.86638,0.86646,1.00,1.00
2017.08.09 07:33:45.643,0.86638,0.86647,1.37,1.00
2017.08.09 07:33:46.440,0.86639,0.86648,1.50,1.50
2017.08.09 07:33:46.990,0.86638,0.86647,1.69,1.50
2017.08.09 07:33:47.475,0.86638,0.86647,2.44,1.00
2017.08.09 07:33:48.736,0.8664,0.86648,1.12,1.00
2017.08.09 07:33:49.126,0.86638,0.86648,2.06,1.50
2017.08.09 07:33:49.177,0.86638,0.86646,1.31,1.00
2017.08.09 07:33:51.178,0.86636,0.86646,2.25,1.00
2017.08.09 07:33:51.229,0.86636,0.86644,2.25,1.00
2017.08.09 07:33:52.624,0.86638,0.86644,1.00,1.00
2017.08.09 07:33:53.169,0.86637,0.86645,1.00,1.00
2017.08.09 07:33:53.673,0.86637,0.86645,1.50,1.00
2017.08.09 07:33:54.296,0.86639,0.86646,1.12,1.00
2017.08.09 07:33:54.868,0.86639,0.86647,1.12,1.00
2017.08.09 07:33:57.620,0.86636,0.86646,3.37,1.00
2017.08.09 07:33:57.722,0.86637,0.86646,1.00,1.00
2017.08.09 07:33:58.028,0.86636,0.86644,1.37,1.00
2017.08.09 07:33:58.962,0.86637,0.86645,1.12,1.00
2017.08.09 07:34:00.920,0.86636,0.86645,1.12,1.00
2017.08.09 07:34:01.175,0.86637,0.86647,1.12,1.12
2017.08.09 07:34:01.379,0.8664,0.86647,1.00,1.12
2017.08.09 07:34:01.602,0.86643,0.86651,1.00,1.00
2017.08.09 07:34:01.756,0.86644,0.86653,1.00,1.00
2017.08.09 07:34:01.909,0.86644,0.86651,1.00,1.00
2017.08.09 07:34:02.420,0.86643,0.86651,1.12,1.00
2017.08.09 07:34:02.924,0.86643,0.86651,1.12,1.37
2017.08.09 07:34:03.077,0.86641,0.8665,1.00,2.62
2017.08.09 07:34:03.180,0.86639,0.86649,1.00,1.12
2017.08.09 07:34:03.776,0.8664,0.86648,1.00,1.87
2017.08.09 07:34:06.251,0.86639,0.86647,1.00,1.00
2017.08.09 07:34:11.126,0.8664,0.86648,1.00,1.00
2017.08.09 07:34:11.279,0.86641,0.8665,1.00,1.00
2017.08.09 07:34:13.175,0.86641,0.86652,1.50,2.06
2017.08.09 07:34:16.806,0.8664,0.86648,2.62,1.00
2017.08.09 07:34:17.344,0.8664,0.86649,1.12,1.50
2017.08.09 07:34:17.908,0.86639,0.86649,1.50,1.50
2017.08.09 07:34:18.252,0.86637,0.86645,1.00,1.50
2017.08.09 07:34:18.758,0.86637,0.86644,1.00,1.00
2017.08.09 07:34:19.069,0.86638,0.86646,1.00,1.50
2017.08.09 07:34:19.582,0.86637,0.86646,1.00,1.00
2017.08.09 07:34:19.813,0.86639,0.86648,1.00,1.87
2017.08.09 07:34:20.274,0.86642,0.86649,1.00,1.00
2017.08.09 07:34:20.911,0.86639,0.86648,2.62,1.00
2017.08.09 07:34:21.423,0.86639,0.86648,1.00,1.00
2017.08.09 07:34:22.091,0.86638,0.86648,1.87,1.00
2017.08.09 07:34:22.705,0.86637,0.86647,2.25,1.50
2017.08.09 07:34:22.756,0.86637,0.86645,1.50,1.00
2017.08.09 07:34:23.063,0.86639,0.86647,1.00,1.50
2017.08.09 07:34:24.229,0.86639,0.86646,1.00,1.00
2017.08.09 07:34:25.242,0.86637,0.86646,1.50,1.00
2017.08.09 07:34:25.541,0.86637,0.86648,1.50,1.50
2017.08.09 07:34:26.291,0.86637,0.86647,1.50,1.00
2017.08.09 07:34:26.394,0.86639,0.86649,1.00,1.00
2017.08.09 07:34:26.702,0.86644,0.86653,1.00,1.31
2017.08.09 07:34:27.219,0.86643,0.86652,1.00,1.50
2017.08.09 07:34:27.746,0.86643,0.86653,1.00,1.00
2017.08.09 07:34:28.297,0.86643,0.86652,1.00,1.00
2017.08.09 07:34:28.542,0.86644,0.86654,1.12,1.87
2017.08.09 07:34:28.594,0.86646,0.86656,1.00,3.00
2017.08.09 07:34:28.645,0.86647,0.86656,1.00,1.00
2017.08.09 07:34:29.190,0.86648,0.86657,1.00,1.00
2017.08.09 07:34:29.829,0.86648,0.86658,1.00,1.50
2017.08.09 07:34:30.429,0.86648,0.86657,1.00,1.00
2017.08.09 07:34:30.685,0.86646,0.86656,1.00,1.37
2017.08.09 07:34:30.787,0.86643,0.86654,2.25,1.00
2017.08.09 07:34:30.839,0.86643,0.86652,1.50,1.00
2017.08.09 07:34:31.430,0.86643,0.86651,1.00,1.00
2017.08.09 07:34:32.162,0.86642,0.86651,1.00,1.00
2017.08.09 07:34:34.850,0.86644,0.86652,1.00,1.00
2017.08.09 07:34:34.955,0.86645,0.86654,1.00,1.00
2017.08.09 07:34:35.518,0.86644,0.86652,1.00,1.00
2017.08.09 07:34:36.157,0.86642,0.86652,2.25,1.00
2017.08.09 07:34:38.726,0.86642,0.86653,2.25,1.00
2017.08.09 07:34:41.023,0.86643,0.86654,1.12,2.25
2017.08.09 07:34:41.644,0.86644,0.86652,1.00,1.00
2017.08.09 07:34:43.692,0.86643,0.86652,1.12,1.00
2017.08.09 07:34:45.262,0.86643,0.86651,1.12,1.00
2017.08.09 07:34:47.316,0.86643,0.86653,1.12,1.00
2017.08.09 07:34:50.194,0.86642,0.86652,1.12,1.00
2017.08.09 07:34:50.501,0.86641,0.8665,2.25,1.00
2017.08.09 07:34:50.960,0.86639,0.86649,1.12,1.00
2017.08.09 07:34:51.600,0.86638,0.86647,1.00,1.00
2017.08.09 07:34:51.703,0.86636,0.86647,1.50,1.50
2017.08.09 07:34:52.898,0.86636,0.86646,1.50,1.00
2017.08.09 07:34:53.154,0.86638,0.86646,1.00,1.50
2017.08.09 07:34:54.446,0.86636,0.86646,1.12,1.00
2017.08.09 07:34:54.745,0.86639,0.86649,1.00,1.50
2017.08.09 07:34:55.054,0.86642,0.8665,1.00,1.12
2017.08.09 07:34:55.158,0.86639,0.86649,1.87,1.50
2017.08.09 07:34:55.261,0.86638,0.86647,1.00,1.12
2017.08.09 07:34:55.568,0.86635,0.86647,2.62,1.87
2017.08.09 07:34:56.366,0.86637,0.86646,1.00,1.00
2017.08.09 07:34:57.011,0.86641,0.8665,1.00,1.87
2017.08.09 07:34:57.064,0.86643,0.86653,1.12,2.25
2017.08.09 07:34:57.643,0.86643,0.8665,1.00,1.50
2017.08.09 07:34:57.899,0.86637,0.86646,1.87,1.00
2017.08.09 07:34:58.427,0.86638,0.86645,1.00,1.00
2017.08.09 07:34:58.952,0.86636,0.86644,1.25,1.00
2017.08.09 07:34:59.828,0.86637,0.86644,1.00,1.00
2017.08.09 07:35:00.540,0.86636,0.86644,1.00,1.00
2017.08.09 07:35:01.047,0.86635,0.86644,1.50,1.00
2017.08.09 07:35:01.597,0.86636,0.86644,1.00,1.00
2017.08.09 07:35:02.387,0.86635,0.86644,1.50,1.00
2017.08.09 07:35:02.581,0.86637,0.86644,1.00,1.00
2017.08.09 07:35:03.832,0.86637,0.86645,1.00,1.50
2017.08.09 07:35:04.353,0.86637,0.86646,1.50,1.00
2017.08.09 07:35:04.855,0.86637,0.86645,1.87,1.00
2017.08.09 07:35:05.405,0.86637,0.86646,1.37,1.00
2017.08.09 07:35:05.985,0.86637,0.86647,1.37,1.00
2017.08.09 07:35:06.490,0.86637,0.86648,1.37,1.00
2017.08.09 07:35:07.836,0.8664,0.86648,1.00,1.00
2017.08.09 07:35:10.291,0.86638,0.86649,1.12,1.00
2017.08.09 07:35:10.818,0.86639,0.8665,1.00,1.87
2017.08.09 07:35:11.415,0.8664,0.8665,2.62,1.87
2017.08.09 07:35:13.711,0.8664,0.86649,1.50,1.00
2017.08.09 07:35:16.389,0.86641,0.8665,1.00,1.50
2017.08.09 07:35:17.573,0.8664,0.8665,1.00,1.50
2017.08.09 07:35:17.678,0.8664,0.86648,1.00,1.00
2017.08.09 07:35:17.730,0.86638,0.86648,1.87,1.00
2017.08.09 07:35:18.654,0.86639,0.86648,1.00,1.00
2017.08.09 07:35:19.183,0.86638,0.86647,1.00,1.00
2017.08.09 07:35:19.757,0.86637,0.86645,3.00,1.00
2017.08.09 07:35:20.761,0.86636,0.86646,1.50,1.00
2017.08.09 07:35:21.473,0.86636,0.86645,1.50,1.00
2017.08.09 07:35:22.747,0.86635,0.86645,2.25,1.00
2017.08.09 07:35:24.360,0.86636,0.86645,1.00,1.00
2017.08.09 07:35:26.742,0.86636,0.86647,1.00,1.87
2017.08.09 07:35:26.793,0.86636,0.86645,1.00,1.37
2017.08.09 07:35:27.434,0.86637,0.86644,1.00,1.00
2017.08.09 07:35:27.831,0.86635,0.86644,1.00,1.00
2017.08.09 07:35:27.954,0.86635,0.86646,1.87,1.00
2017.08.09 07:35:28.465,0.86636,0.86646,1.00,1.00
2017.08.09 07:35:29.040,0.86635,0.86646,1.87,1.00
2017.08.09 07:35:29.205,0.86637,0.86646,1.00,1.50
2017.08.09 07:35:31.378,0.86636,0.86646,1.00,1.50
2017.08.09 07:35:32.303,0.86635,0.86645,1.12,1.50
2017.08.09 07:35:32.646,0.86639,0.86648,1.00,3.00
2017.08.09 07:35:33.156,0.86639,0.86648,1.00,2.62
2017.08.09 07:35:33.686,0.8664,0.86648,1.00,1.00
2017.08.09 07:35:34.238,0.86639,0.86648,1.00,1.00
2017.08.09 07:35:35.171,0.86641,0.8665,1.00,1.50
2017.08.09 07:35:36.124,0.86643,0.8665,1.00,1.12
2017.08.09 07:35:36.290,0.8664,0.86649,1.00,1.37
2017.08.09 07:35:36.343,0.86638,0.86647,1.87,1.37
2017.08.09 07:35:36.398,0.86638,0.86647,1.87,1.87
2017.08.09 07:35:36.502,0.86635,0.86646,2.25,2.25
2017.08.09 07:35:36.885,0.86634,0.86643,1.00,1.00
2017.08.09 07:35:37.317,0.86632,0.8664,1.87,1.00
2017.08.09 07:35:37.868,0.86632,0.8664,1.00,1.00
2017.08.09 07:35:38.529,0.86632,0.86641,1.00,1.50
2017.08.09 07:35:39.241,0.8663,0.86641,1.50,1.87
2017.08.09 07:35:40.377,0.86633,0.86641,1.00,1.87
2017.08.09 07:35:44.323,0.86632,0.86642,1.00,1.87
2017.08.09 07:35:45.133,0.86632,0.86642,1.00,1.00
2017.08.09 07:35:49.307,0.86632,0.86641,1.00,1.00
2017.08.09 07:35:49.755,0.8663,0.86641,1.50,1.87
2017.08.09 07:35:50.391,0.8663,0.86639,1.50,1.00
2017.08.09 07:35:50.909,0.86631,0.86639,1.00,1.00
2017.08.09 07:35:51.289,0.86629,0.86639,1.50,1.50
2017.08.09 07:35:51.827,0.8663,0.86639,1.00,1.00
2017.08.09 07:35:52.161,0.86629,0.86637,1.00,1.00
2017.08.09 07:35:52.264,0.86627,0.86637,1.50,1.00
2017.08.09 07:35:52.521,0.86629,0.86637,1.00,1.00
2017.08.09 07:35:52.686,0.86632,0.86642,1.50,2.25
2017.08.09 07:35:53.151,0.86632,0.86641,1.00,1.37
2017.08.09 07:35:53.610,0.8663,0.86639,1.00,1.37
2017.08.09 07:35:53.989,0.86629,0.8664,1.00,1.50
2017.08.09 07:35:55.045,0.86629,0.86639,1.12,1.00
2017.08.09 07:35:55.305,0.86629,0.86637,1.12,1.00
2017.08.09 07:36:01.333,0.86627,0.86636,1.12,1.00
2017.08.09 07:36:01.435,0.86627,0.86638,1.75,1.87
2017.08.09 07:36:02.502,0.8663,0.86638,1.00,1.87
2017.08.09 07:36:03.575,0.86629,0.86638,1.50,1.12
2017.08.09 07:36:04.102,0.86627,0.86638,1.87,1.50
2017.08.09 07:36:04.557,0.86628,0.86636,1.12,1.00
2017.08.09 07:36:07.792,0.86626,0.86637,3.00,1.00
2017.08.09 07:36:07.945,0.86627,0.86637,1.37,1.00
2017.08.09 07:36:12.440,0.86626,0.86636,3.00,1.00
2017.08.09 07:36:13.474,0.86627,0.86636,1.00,1.00
2017.08.09 07:36:13.981,0.86627,0.86635,1.00,1.00
2017.08.09 07:36:14.520,0.86626,0.86634,1.12,1.00
2017.08.09 07:36:14.982,0.86626,0.86636,1.12,1.12
2017.08.09 07:36:19.725,0.86625,0.86635,2.25,1.00
2017.08.09 07:36:20.313,0.86626,0.86636,1.87,1.87
2017.08.09 07:36:20.364,0.86628,0.86636,1.00,1.12
2017.08.09 07:36:20.673,0.8663,0.86637,1.00,1.00
2017.08.09 07:36:23.941,0.86629,0.86638,1.00,1.50
2017.08.09 07:36:24.743,0.86629,0.86638,1.00,1.12
2017.08.09 07:36:25.321,0.86631,0.86639,1.00,1.50
2017.08.09 07:36:25.423,0.86629,0.86639,1.00,1.50
2017.08.09 07:36:25.697,0.86633,0.8664,1.00,1.00
2017.08.09 07:36:25.750,0.86633,0.86643,2.25,2.25
2017.08.09 07:36:25.853,0.86635,0.86644,1.50,1.00
2017.08.09 07:36:27.490,0.86635,0.86645,1.12,1.50
2017.08.09 07:36:29.142,0.86636,0.86645,1.00,1.50
2017.08.09 07:36:29.244,0.86637,0.86647,1.00,1.50
2017.08.09 07:36:29.296,0.86639,0.86649,1.00,2.62
2017.08.09 07:36:29.449,0.8664,0.8665,1.00,1.50
2017.08.09 07:36:30.008,0.86639,0.86649,1.00,1.12
2017.08.09 07:36:30.164,0.86636,0.86645,2.25,1.00
2017.08.09 07:36:30.318,0.86636,0.86645,1.50,1.00
2017.08.09 07:36:31.116,0.86636,0.86646,1.50,1.00
2017.08.09 07:36:31.627,0.86636,0.86645,1.50,1.00
2017.08.09 07:36:31.679,0.86639,0.86648,1.00,1.00
2017.08.09 07:36:31.834,0.8664,0.8665,1.00,1.87
2017.08.09 07:36:31.886,0.8664,0.86648,1.00,1.00
2017.08.09 07:36:31.937,0.86638,0.86648,1.00,1.00
2017.08.09 07:36:32.642,0.86638,0.86647,1.00,1.00
2017.08.09 07:36:33.164,0.86637,0.86647,2.25,1.50
2017.08.09 07:36:34.133,0.86637,0.86645,1.50,1.00
2017.08.09 07:36:34.287,0.86641,0.8665,1.00,1.00
2017.08.09 07:36:34.340,0.86638,0.86649,2.44,1.12
2017.08.09 07:36:34.865,0.86637,0.86648,2.06,1.87
2017.08.09 07:36:35.394,0.86637,0.86646,1.19,1.50
2017.08.09 07:36:36.173,0.86637,0.86647,1.25,1.12
2017.08.09 07:36:37.129,0.86637,0.86646,1.25,1.00
2017.08.09 07:36:38.135,0.86636,0.86647,1.69,1.87
2017.08.09 07:36:38.680,0.86638,0.86647,1.12,1.00
2017.08.09 07:36:39.583,0.86639,0.86648,1.00,1.00
2017.08.09 07:36:40.238,0.86637,0.86648,2.44,1.00
2017.08.09 07:36:40.775,0.86636,0.86647,1.69,1.00
2017.08.09 07:36:41.226,0.86636,0.86647,1.31,2.62
2017.08.09 07:36:41.805,0.86636,0.86646,1.69,1.00
2017.08.09 07:36:42.408,0.86636,0.86647,2.44,1.00
2017.08.09 07:36:43.328,0.86636,0.86646,2.44,1.00
2017.08.09 07:36:43.579,0.86636,0.86646,1.31,1.50
2017.08.09 07:36:43.786,0.86634,0.86643,1.69,1.00
2017.08.09 07:36:43.888,0.86635,0.86645,1.25,1.00
2017.08.09 07:36:44.429,0.86635,0.86646,1.25,1.87
2017.08.09 07:36:45.088,0.86636,0.86646,1.00,1.87
2017.08.09 07:36:46.985,0.86636,0.86645,1.00,1.00
2017.08.09 07:36:47.562,0.86635,0.86644,1.00,1.00
2017.08.09 07:36:47.868,0.86633,0.86643,1.00,1.50
2017.08.09 07:36:48.184,0.86634,0.86645,1.50,2.62
2017.08.09 07:36:49.987,0.86636,0.86645,1.00,1.00
2017.08.09 07:36:50.499,0.86635,0.86644,1.50,1.00
2017.08.09 07:36:51.036,0.86634,0.86644,2.81,1.00
2017.08.09 07:36:51.609,0.86634,0.86646,2.44,2.62
2017.08.09 07:36:52.647,0.86634,0.86645,1.00,2.25
2017.08.09 07:36:53.475,0.86634,0.86645,1.87,1.12
2017.08.09 07:36:55.743,0.86637,0.86647,1.37,2.25
2017.08.09 07:36:55.998,0.8664,0.86649,1.00,1.50
2017.08.09 07:36:56.861,0.8664,0.86648,1.00,1.00
2017.08.09 07:36:56.913,0.86638,0.86647,1.00,1.50
2017.08.09 07:36:57.118,0.86636,0.86647,1.12,1.87
2017.08.09 07:36:57.649,0.86635,0.86646,3.19,1.00
2017.08.09 07:36:58.863,0.86635,0.86646,2.06,1.00
2017.08.09 07:36:59.410,0.86636,0.86646,1.00,1.87
2017.08.09 07:37:00.438,0.86635,0.86646,1.31,1.87
2017.08.09 07:37:00.970,0.86636,0.86645,1.00,1.12
2017.08.09 07:37:02.143,0.86636,0.86646,1.00,1.12
2017.08.09 07:37:02.698,0.86637,0.86647,1.00,1.50
2017.08.09 07:37:03.771,0.86637,0.86646,1.00,1.00
2017.08.09 07:37:06.688,0.86636,0.86645,1.00,1.00
2017.08.09 07:37:06.841,0.86636,0.86647,1.00,2.25
2017.08.09 07:37:07.445,0.86636,0.86646,1.25,1.00
2017.08.09 07:37:07.708,0.86638,0.86646,1.00,1.00
2017.08.09 07:37:08.233,0.86638,0.86647,1.12,1.00
2017.08.09 07:37:08.635,0.86635,0.86644,1.37,1.00
2017.08.09 07:37:09.430,0.86635,0.86644,1.00,1.00
2017.08.09 07:37:09.751,0.86637,0.86644,1.00,1.00
2017.08.09 07:37:10.472,0.86636,0.86644,1.00,1.00
2017.08.09 07:37:12.459,0.86636,0.86645,1.00,1.00
2017.08.09 07:37:12.934,0.86638,0.86648,1.00,1.75
2017.08.09 07:37:13.037,0.86639,0.86648,1.12,1.87
2017.08.09 07:37:13.191,0.86636,0.86646,1.12,1.00
2017.08.09 07:37:14.647,0.86637,0.86646,1.00,1.12
2017.08.09 07:37:15.185,0.86637,0.86645,1.00,1.00
2017.08.09 07:37:15.355,0.86634,0.86644,1.00,1.00
2017.08.09 07:37:15.715,0.86636,0.86644,1.00,1.12
2017.08.09 07:37:16.229,0.86635,0.86643,1.00,1.00
2017.08.09 07:37:18.385,0.86634,0.86644,1.00,1.00
2017.08.09 07:37:18.692,0.86636,0.86645,1.00,1.00
2017.08.09 07:37:19.433,0.86636,0.86646,1.00,1.12
2017.08.09 07:37:20.064,0.86637,0.86648,1.25,2.62
2017.08.09 07:37:20.611,0.86636,0.86646,1.69,1.00
2017.08.09 07:37:21.167,0.86636,0.86647,1.00,2.62
2017.08.09 07:37:21.509,0.86635,0.86643,1.12,1.00
2017.08.09 07:37:22.022,0.86635,0.86642,1.00,1.00
2017.08.09 07:37:22.244,0.86633,0.86642,1.00,1.00
2017.08.09 07:37:24.448,0.86633,0.86644,1.12,1.87
2017.08.09 07:37:25.081,0.86634,0.86643,1.00,1.00
2017.08.09 07:37:26.334,0.86632,0.86643,1.50,1.87
2017.08.09 07:37:26.887,0.86632,0.86643,1.50,1.87
2017.08.09 07:37:27.886,0.86632,0.86643,1.12,1.87
2017.08.09 07:37:29.920,0.86632,0.86643,1.50,1.87
2017.08.09 07:37:31.086,0.86634,0.86643,1.00,1.12
2017.08.09 07:37:31.995,0.86634,0.86642,1.00,1.00
2017.08.09 07:37:32.098,0.86635,0.86644,1.00,1.87
2017.08.09 07:37:32.150,0.86637,0.86646,1.00,1.37
2017.08.09 07:37:32.202,0.86636,0.86646,1.87,1.00
2017.08.09 07:37:33.409,0.86636,0.86646,1.12,1.00
2017.08.09 07:37:38.769,0.86637,0.86645,1.00,1.00
2017.08.09 07:37:39.209,0.86634,0.86644,2.06,1.00
2017.08.09 07:37:39.710,0.86635,0.86643,1.00,1.00
2017.08.09 07:37:40.166,0.86634,0.86645,2.25,2.62
2017.08.09 07:37:41.482,0.86635,0.86645,1.00,1.12
2017.08.09 07:37:41.635,0.86634,0.86643,1.50,1.00
2017.08.09 07:37:42.148,0.86633,0.86643,1.50,1.00
2017.08.09 07:37:43.016,0.86634,0.86643,1.00,1.00
2017.08.09 07:37:51.741,0.86634,0.86644,1.50,1.00
2017.08.09 07:37:52.120,0.86638,0.86647,1.00,2.25
2017.08.09 07:37:52.275,0.86638,0.86648,1.00,1.12
2017.08.09 07:37:52.377,0.86639,0.8665,2.25,1.87
2017.08.09 07:37:52.430,0.86643,0.8665,1.00,1.00
2017.08.09 07:37:53.025,0.86643,0.86651,1.00,1.00
2017.08.09 07:37:53.725,0.86642,0.86653,1.00,2.62
2017.08.09 07:37:54.073,0.86644,0.86652,1.00,1.00
2017.08.09 07:37:54.567,0.86646,0.86654,1.00,1.12
2017.08.09 07:37:54.619,0.86647,0.86656,1.00,1.87
2017.08.09 07:37:55.132,0.86646,0.86655,1.00,1.12
2017.08.09 07:37:55.273,0.86645,0.86655,1.00,4.12
2017.08.09 07:37:55.887,0.86644,0.86653,2.25,1.12
2017.08.09 07:38:02.257,0.86643,0.86653,1.00,1.12
2017.08.09 07:38:04.066,0.86644,0.86653,1.00,1.12
2017.08.09 07:38:05.603,0.86644,0.86652,1.12,1.12
2017.08.09 07:38:06.266,0.86643,0.86652,1.50,1.12
2017.08.09 07:38:07.132,0.86643,0.86653,1.50,2.25
2017.08.09 07:38:09.560,0.86645,0.86653,1.00,2.25
2017.08.09 07:38:10.179,0.86645,0.86654,1.00,1.12
2017.08.09 07:38:10.682,0.86646,0.86654,1.00,1.87
2017.08.09 07:38:11.845,0.86646,0.86653,1.00,1.00
2017.08.09 07:38:12.509,0.86646,0.86655,1.00,2.62
2017.08.09 07:38:12.855,0.86645,0.86654,1.00,1.12
2017.08.09 07:38:14.224,0.86646,0.86654,1.00,1.00
2017.08.09 07:38:14.327,0.8665,0.86656,1.00,1.00
2017.08.09 07:38:14.429,0.8665,0.86659,1.00,1.87
2017.08.09 07:38:16.069,0.86648,0.86659,1.87,1.37
2017.08.09 07:38:17.338,0.86649,0.86659,1.00,1.87
2017.08.09 07:38:21.637,0.8665,0.86659,1.00,2.62
2017.08.09 07:38:21.841,0.86648,0.86658,1.12,2.25
2017.08.09 07:38:21.893,0.86647,0.86656,1.50,1.00
2017.08.09 07:38:22.261,0.86643,0.86652,1.00,1.37
2017.08.09 07:38:22.364,0.86639,0.8665,3.00,1.50
2017.08.09 07:38:22.467,0.86638,0.86647,1.12,1.00
2017.08.09 07:38:23.210,0.86638,0.86648,1.87,1.12
2017.08.09 07:38:23.722,0.86638,0.86648,1.87,1.12
2017.08.09 07:38:25.093,0.86638,0.86648,1.00,1.12
2017.08.09 07:38:25.713,0.86638,0.86647,1.00,1.00
2017.08.09 07:38:27.252,0.86637,0.86646,1.50,1.00
2017.08.09 07:38:27.759,0.86637,0.86647,1.50,1.00
2017.08.09 07:38:28.368,0.86639,0.86648,1.00,1.00
2017.08.09 07:38:28.421,0.8664,0.8665,1.00,3.00
2017.08.09 07:38:28.954,0.86641,0.86651,2.25,1.37
2017.08.09 07:38:30.846,0.86642,0.8665,1.00,1.00
2017.08.09 07:38:31.476,0.86642,0.86651,1.00,1.50
2017.08.09 07:38:31.528,0.86641,0.86649,1.00,1.00
2017.08.09 07:38:31.681,0.86639,0.86649,1.00,1.12
2017.08.09 07:38:32.382,0.86638,0.86649,1.50,1.12
2017.08.09 07:38:39.208,0.86638,0.86647,1.12,1.00
2017.08.09 07:38:40.896,0.86638,0.86649,1.12,1.87
2017.08.09 07:38:42.991,0.86638,0.86648,1.12,1.37
2017.08.09 07:38:43.297,0.86637,0.86646,1.00,1.87
2017.08.09 07:38:43.840,0.86636,0.86645,1.12,1.12
2017.08.09 07:38:44.377,0.86637,0.86646,1.00,2.62
2017.08.09 07:38:47.367,0.86635,0.86646,1.75,1.00
2017.08.09 07:38:47.795,0.86635,0.86644,1.50,1.00
2017.08.09 07:38:48.146,0.86633,0.86642,2.25,1.50
2017.08.09 07:38:48.197,0.86633,0.86641,1.12,1.00
2017.08.09 07:38:48.729,0.86632,0.86641,1.87,1.00
2017.08.09 07:38:50.811,0.86633,0.86641,1.00,1.00
2017.08.09 07:38:51.323,0.86632,0.86641,2.62,1.00
2017.08.09 07:38:53.707,0.86634,0.86641,1.37,1.00
2017.08.09 07:38:53.759,0.86636,0.86643,1.12,1.00
2017.08.09 07:38:54.298,0.86637,0.86644,1.12,1.00
2017.08.09 07:38:56.048,0.86636,0.86644,4.31,1.00
2017.08.09 07:38:56.100,0.86639,0.86647,1.37,1.00
2017.08.09 07:38:56.602,0.8664,0.86648,1.50,1.00
2017.08.09 07:39:00.329,0.86643,0.8665,1.19,1.00
2017.08.09 07:39:00.651,0.86642,0.86652,4.12,1.00
2017.08.09 07:39:00.806,0.86643,0.8665,2.25,1.00
2017.08.09 07:39:01.928,0.86644,0.86652,1.50,1.00
2017.08.09 07:39:02.081,0.86645,0.86652,3.00,1.00
2017.08.09 07:39:02.708,0.86645,0.86651,1.00,1.00
2017.08.09 07:39:03.231,0.86643,0.86651,1.12,1.00
2017.08.09 07:39:03.421,0.86642,0.86649,3.75,1.00
2017.08.09 07:39:03.472,0.86642,0.86649,1.87,1.00
2017.08.09 07:39:03.575,0.86641,0.86648,1.37,1.00
2017.08.09 07:39:04.112,0.86641,0.86648,1.12,1.00
2017.08.09 07:39:04.894,0.86641,0.86649,1.37,1.00
2017.08.09 07:39:05.213,0.86644,0.86649,1.00,1.00
2017.08.09 07:39:05.264,0.86643,0.86651,1.75,1.00
2017.08.09 07:39:05.630,0.86642,0.86649,2.00,1.00
2017.08.09 07:39:05.783,0.86641,0.86649,1.25,1.00
2017.08.09 07:39:05.937,0.86641,0.86649,1.37,1.00
2017.08.09 07:39:06.244,0.86641,0.86649,4.50,1.00
2017.08.09 07:39:06.425,0.86641,0.86649,1.50,1.00
2017.08.09 07:39:06.991,0.86641,0.86649,1.62,1.00
2017.08.09 07:39:07.706,0.8664,0.86649,1.37,1.00
2017.08.09 07:39:07.809,0.86639,0.86647,1.12,1.00
2017.08.09 07:39:08.417,0.86638,0.86646,1.12,1.00
2017.08.09 07:39:09.750,0.86638,0.86646,1.50,1.00
2017.08.09 07:39:10.292,0.86638,0.86646,1.12,1.00
2017.08.09 07:39:11.471,0.86639,0.86646,1.00,1.00
2017.08.09 07:39:13.118,0.86638,0.86646,1.00,1.00
2017.08.09 07:39:13.645,0.86636,0.86645,2.44,1.00
2017.08.09 07:39:14.155,0.86636,0.86645,2.25,1.00
2017.08.09 07:39:14.887,0.86636,0.86645,2.25,1.00
2017.08.09 07:39:15.640,0.86636,0.86645,1.87,1.00
2017.08.09 07:39:19.477,0.86636,0.86643,1.87,1.00
2017.08.09 07:39:19.786,0.86634,0.86641,1.37,1.00
2017.08.09 07:39:20.912,0.86633,0.86641,1.12,1.00
2017.08.09 07:39:21.310,0.86632,0.86639,1.12,1.00
2017.08.09 07:39:22.496,0.86632,0.86639,1.37,1.00
2017.08.09 07:39:23.041,0.86633,0.8664,1.50,1.00
2017.08.09 07:39:26.233,0.86632,0.8664,1.12,1.00
2017.08.09 07:39:31.616,0.86633,0.8664,1.00,1.00
2017.08.09 07:39:33.804,0.86632,0.8664,1.50,1.00
2017.08.09 07:39:34.326,0.86632,0.86639,1.50,1.00
2017.08.09 07:39:40.629,0.86632,0.86641,1.12,1.00
2017.08.09 07:39:41.978,0.86631,0.86639,1.37,1.00
2017.08.09 07:39:42.080,0.8663,0.86639,1.31,1.00
2017.08.09 07:39:42.591,0.86629,0.86639,1.50,1.00
2017.08.09 07:39:44.802,0.8663,0.8664,1.31,1.00
2017.08.09 07:39:44.905,0.8663,0.8664,1.69,1.00
2017.08.09 07:39:45.168,0.8663,0.8664,1.31,1.00
2017.08.09 07:39:50.743,0.86635,0.86642,1.00,2.62
2017.08.09 07:39:58.716,0.86635,0.8664,1.00,1.00
2017.08.09 07:39:59.242,0.86635,0.86642,1.00,1.37
2017.08.09 07:39:59.777,0.86634,0.8664,1.00,1.12
2017.08.09 07:39:59.828,0.86631,0.8664,1.12,1.12
2017.08.09 07:39:59.881,0.86631,0.86636,1.00,1.00
2017.08.09 07:40:00.222,0.86628,0.86633,1.00,1.00
2017.08.09 07:40:01.400,0.86627,0.86633,1.00,1.00
2017.08.09 07:40:02.185,0.86627,0.86634,1.00,1.12
2017.08.09 07:40:03.139,0.86627,0.86635,1.00,1.87
2017.08.09 07:40:03.436,0.86624,0.86633,1.00,1.00
2017.08.09 07:40:03.745,0.86624,0.86631,1.00,1.00
2017.08.09 07:40:04.786,0.86624,0.8663,1.00,1.00
2017.08.09 07:40:05.319,0.86623,0.86629,1.00,1.12
2017.08.09 07:40:05.625,0.86621,0.86627,1.00,1.00
2017.08.09 07:40:06.121,0.86621,0.86629,1.37,1.12
2017.08.09 07:40:06.275,0.86625,0.86632,1.00,3.00
2017.08.09 07:40:06.583,0.86627,0.86632,1.00,1.00
2017.08.09 07:40:07.102,0.86625,0.86631,1.00,1.00
2017.08.09 07:40:08.364,0.86625,0.86633,1.00,1.50
2017.08.09 07:40:08.517,0.86625,0.86629,1.00,1.00
2017.08.09 07:40:09.081,0.86624,0.86629,1.00,1.00
2017.08.09 07:40:09.133,0.86624,0.86632,1.00,2.62
2017.08.09 07:40:09.681,0.86623,0.86631,1.00,1.12
2017.08.09 07:40:10.192,0.86623,0.8663,1.00,1.12
2017.08.09 07:40:11.373,0.86623,0.86629,1.00,1.00
2017.08.09 07:40:11.914,0.86623,0.86628,1.00,1.00
2017.08.09 07:40:12.174,0.86621,0.86628,1.00,1.00
2017.08.09 07:40:12.697,0.86622,0.86629,1.00,1.00
2017.08.09 07:40:13.256,0.86622,0.86629,1.00,1.87
2017.08.09 07:40:13.527,0.8662,0.86627,1.00,1.00
2017.08.09 07:40:16.321,0.86621,0.86627,1.00,1.00
2017.08.09 07:40:16.424,0.86619,0.86626,1.00,1.00
2017.08.09 07:40:16.475,0.86619,0.86624,1.00,1.00
2017.08.09 07:40:16.527,0.86617,0.86623,1.00,1.00
2017.08.09 07:40:16.681,0.86619,0.86623,1.00,1.00
2017.08.09 07:40:16.892,0.86618,0.86625,1.00,1.00
2017.08.09 07:40:17.253,0.8662,0.86625,1.00,1.00
2017.08.09 07:40:17.541,0.86621,0.86629,1.00,2.25
2017.08.09 07:40:17.643,0.86623,0.86629,1.00,1.87
2017.08.09 07:40:19.685,0.86621,0.86629,1.00,1.00
2017.08.09 07:40:20.205,0.86621,0.86628,1.00,1.00
2017.08.09 07:40:22.486,0.8662,0.86628,1.00,1.00
2017.08.09 07:40:23.038,0.8662,0.86627,1.00,1.00
2017.08.09 07:40:24.917,0.8662,0.86628,1.00,1.00
2017.08.09 07:40:25.952,0.86621,0.86628,1.00,1.00
2017.08.09 07:40:29.963,0.8662,0.86626,1.00,1.00
2017.08.09 07:40:31.578,0.8662,0.86628,1.00,1.00
2017.08.09 07:40:32.129,0.8662,0.86628,1.00,1.19
2017.08.09 07:40:32.633,0.8662,0.86628,1.00,1.25
2017.08.09 07:40:34.876,0.8662,0.86626,1.00,1.00
2017.08.09 07:40:35.424,0.86619,0.86626,1.00,1.00
2017.08.09 07:40:35.776,0.86619,0.86624,1.00,1.00
2017.08.09 07:40:36.299,0.86618,0.86624,1.00,1.00
2017.08.09 07:40:37.005,0.86619,0.86625,1.00,1.00
2017.08.09 07:40:40.880,0.8662,0.86627,1.12,1.25
2017.08.09 07:40:40.983,0.86623,0.86628,1.00,1.00
2017.08.09 07:40:41.085,0.86624,0.8663,1.00,1.00
2017.08.09 07:40:41.995,0.86624,0.86629,1.00,1.00
2017.08.09 07:40:42.098,0.86622,0.86629,1.00,1.00
2017.08.09 07:40:43.245,0.86621,0.86625,1.00,1.00
2017.08.09 07:40:43.299,0.86619,0.86625,1.00,1.00
2017.08.09 07:40:48.030,0.86619,0.86625,1.00,1.37
2017.08.09 07:40:48.445,0.86621,0.86625,1.00,1.00
2017.08.09 07:40:48.549,0.8662,0.86628,1.00,1.12
2017.08.09 07:40:48.845,0.86622,0.86628,1.00,1.00
2017.08.09 07:40:49.100,0.86623,0.8663,1.00,1.00
2017.08.09 07:40:50.779,0.86623,0.86629,1.00,1.00
2017.08.09 07:40:50.912,0.86621,0.86626,1.00,1.12
2017.08.09 07:40:51.218,0.86619,0.86623,1.00,1.00
2017.08.09 07:40:54.167,0.86618,0.86623,1.00,1.50
2017.08.09 07:40:56.014,0.86617,0.86623,1.00,1.50
2017.08.09 07:41:00.968,0.86614,0.86622,1.00,1.00
2017.08.09 07:41:01.693,0.86615,0.86623,1.00,1.12
2017.08.09 07:41:02.214,0.86616,0.86624,1.00,1.50
2017.08.09 07:41:02.722,0.86616,0.86623,1.00,1.00
2017.08.09 07:41:03.752,0.86613,0.86621,1.00,1.00
2017.08.09 07:41:03.804,0.86613,0.86619,1.00,1.00
2017.08.09 07:41:04.060,0.86606,0.86614,1.00,1.12
2017.08.09 07:41:04.884,0.86606,0.86614,1.00,1.87
2017.08.09 07:41:07.063,0.86605,0.86613,1.00,1.00
2017.08.09 07:41:07.577,0.86605,0.86612,1.00,1.00
2017.08.09 07:41:08.341,0.86605,0.86613,1.00,1.00
2017.08.09 07:41:08.932,0.86605,0.86612,1.00,1.00
2017.08.09 07:41:09.597,0.86604,0.86612,1.00,1.00
2017.08.09 07:41:10.125,0.86604,0.86611,1.00,1.00
2017.08.09 07:41:10.496,0.86606,0.86611,1.00,1.00
2017.08.09 07:41:11.013,0.86606,0.86612,1.00,1.12
2017.08.09 07:41:14.086,0.86608,0.86616,1.00,4.69
2017.08.09 07:41:14.138,0.86608,0.86616,1.00,1.37
2017.08.09 07:41:14.349,0.86609,0.86617,1.00,1.50
2017.08.09 07:41:15.170,0.86609,0.86616,1.00,1.00
2017.08.09 07:41:16.458,0.8661,0.86618,1.00,1.50
2017.08.09 07:41:16.561,0.8661,0.86619,1.00,1.00
2017.08.09 07:41:16.869,0.86613,0.86621,1.00,1.75
2017.08.09 07:41:16.921,0.86614,0.86621,1.00,1.00
2017.08.09 07:41:17.227,0.86613,0.86619,1.00,1.00
2017.08.09 07:41:17.811,0.86612,0.86618,1.00,1.00
2017.08.09 07:41:20.031,0.8661,0.86618,1.00,1.00
2017.08.09 07:41:23.819,0.86611,0.86618,1.00,1.00
2017.08.09 07:41:24.354,0.86611,0.86619,1.00,1.50
2017.08.09 07:41:25.300,0.86613,0.86622,1.12,2.25
2017.08.09 07:41:25.404,0.86619,0.86627,1.00,1.00
2017.08.09 07:41:25.456,0.86621,0.86628,1.00,1.12
2017.08.09 07:41:26.218,0.86621,0.86629,1.00,1.00
2017.08.09 07:41:26.970,0.86621,0.86627,1.00,1.00
2017.08.09 07:41:27.125,0.86619,0.86628,1.00,1.12
2017.08.09 07:41:28.160,0.86619,0.86628,1.00,1.37
2017.08.09 07:41:29.556,0.86619,0.86625,1.00,1.00
2017.08.09 07:41:30.068,0.86617,0.86625,1.00,1.50
2017.08.09 07:41:30.607,0.86617,0.86624,1.00,1.00
2017.08.09 07:41:30.659,0.86615,0.86622,1.00,1.00
2017.08.09 07:41:33.154,0.86615,0.86624,1.00,1.12
2017.08.09 07:41:33.206,0.86615,0.86622,1.00,1.00
2017.08.09 07:41:33.707,0.86613,0.86621,1.00,1.00
2017.08.09 07:41:34.015,0.86612,0.86619,1.00,1.00
2017.08.09 07:41:34.549,0.86611,0.86619,1.00,1.00
2017.08.09 07:41:34.807,0.86608,0.86617,1.00,1.00
2017.08.09 07:41:35.371,0.86608,0.86616,1.00,1.00
2017.08.09 07:41:36.043,0.86608,0.86614,1.00,1.00
2017.08.09 07:41:36.202,0.86603,0.86613,3.00,1.00
2017.08.09 07:41:36.358,0.86602,0.86612,1.50,1.00
2017.08.09 07:41:37.243,0.86602,0.86613,1.50,2.06
2017.08.09 07:41:39.154,0.86601,0.86611,1.00,1.12
2017.08.09 07:41:39.729,0.866,0.86611,1.87,1.87
2017.08.09 07:41:40.075,0.86603,0.86614,1.12,2.62
2017.08.09 07:41:40.435,0.86604,0.86614,3.37,1.12
2017.08.09 07:41:40.941,0.86606,0.86615,1.00,1.00
2017.08.09 07:41:41.627,0.86605,0.86615,1.12,1.50
2017.08.09 07:41:46.013,0.86606,0.86616,1.00,1.12
2017.08.09 07:41:46.409,0.86606,0.86614,1.50,1.00
2017.08.09 07:41:48.025,0.86606,0.86616,1.00,1.12
2017.08.09 07:41:49.391,0.86606,0.86614,1.00,1.00
2017.08.09 07:41:49.896,0.86603,0.86613,1.12,1.87
2017.08.09 07:41:49.948,0.86602,0.8661,1.50,1.00
2017.08.09 07:41:50.896,0.86601,0.8661,1.00,1.00
2017.08.09 07:41:52.124,0.86602,0.86608,1.00,1.50
2017.08.09 07:41:52.186,0.86601,0.86611,1.00,1.00
2017.08.09 07:41:52.637,0.86599,0.86607,1.50,1.00
2017.08.09 07:41:53.161,0.86598,0.86607,1.00,2.25
2017.08.09 07:41:54.034,0.86599,0.86607,1.00,2.44
2017.08.09 07:41:54.628,0.86601,0.86609,1.00,2.44
2017.08.09 07:41:54.732,0.86602,0.86609,1.00,1.12
2017.08.09 07:41:54.784,0.86602,0.86612,1.50,1.00
2017.08.09 07:41:54.888,0.86604,0.86613,1.00,1.12
2017.08.09 07:41:55.081,0.86605,0.86615,1.00,1.69
2017.08.09 07:41:55.132,0.86609,0.86618,1.00,1.50
2017.08.09 07:41:55.185,0.8661,0.86618,1.00,1.00
2017.08.09 07:41:55.596,0.8661,0.86621,1.00,3.37
2017.08.09 07:41:56.456,0.86609,0.8662,1.00,1.00
2017.08.09 07:41:56.982,0.86609,0.86619,1.00,1.00
2017.08.09 07:41:57.135,0.86608,0.86617,1.00,1.00
2017.08.09 07:41:57.391,0.86606,0.86617,1.00,1.12
2017.08.09 07:41:58.305,0.86607,0.86617,1.00,1.12
2017.08.09 07:41:58.619,0.86609,0.86619,1.00,1.00
2017.08.09 07:41:59.143,0.86608,0.86619,1.00,2.25
2017.08.09 07:41:59.478,0.8661,0.86618,1.00,1.00
2017.08.09 07:41:59.529,0.86608,0.86618,1.00,1.00
2017.08.09 07:42:00.068,0.86609,0.86618,1.00,1.50
2017.08.09 07:42:00.710,0.8661,0.86618,1.00,1.00
2017.08.09 07:42:01.213,0.8661,0.86619,1.00,1.87
2017.08.09 07:42:01.727,0.8661,0.86618,1.00,1.00
2017.08.09 07:42:02.860,0.86609,0.86618,1.50,1.00
2017.08.09 07:42:03.660,0.86608,0.86618,1.00,1.00
2017.08.09 07:42:04.167,0.86608,0.86618,1.00,1.87
2017.08.09 07:42:04.372,0.86606,0.86617,1.50,1.50
2017.08.09 07:42:05.447,0.86608,0.86617,1.00,1.50
2017.08.09 07:42:06.041,0.86608,0.86617,1.00,1.00
2017.08.09 07:42:07.549,0.86608,0.86616,1.00,1.00
2017.08.09 07:42:09.003,0.86609,0.86616,1.00,1.00
2017.08.09 07:42:09.510,0.86608,0.86616,1.00,1.00
2017.08.09 07:42:10.069,0.86608,0.86615,1.00,1.00
2017.08.09 07:42:10.132,0.86606,0.86615,1.12,1.00
2017.08.09 07:42:10.764,0.86607,0.86616,1.00,1.00
2017.08.09 07:42:11.287,0.86607,0.86617,1.87,1.12
2017.08.09 07:42:11.806,0.86608,0.86618,1.00,1.50
2017.08.09 07:42:12.314,0.86609,0.86618,1.00,1.00
2017.08.09 07:42:12.718,0.86608,0.86616,1.00,1.00
2017.08.09 07:42:13.268,0.86607,0.86616,1.87,1.00
2017.08.09 07:42:13.320,0.86607,0.86618,1.87,1.50
2017.08.09 07:42:13.803,0.86609,0.86618,1.00,1.00
2017.08.09 07:42:14.313,0.86609,0.86617,1.50,1.00
2017.08.09 07:42:14.958,0.8661,0.86618,1.00,1.00
2017.08.09 07:42:17.264,0.8661,0.8662,1.00,1.50
2017.08.09 07:42:17.758,0.86612,0.86621,1.00,1.00
2017.08.09 07:42:18.788,0.86612,0.86622,1.00,1.00
2017.08.09 07:42:19.236,0.86614,0.86621,1.00,1.00
2017.08.09 07:42:19.523,0.86614,0.86623,1.50,1.00
2017.08.09 07:42:19.830,0.86612,0.86623,1.00,1.50
2017.08.09 07:42:20.459,0.86612,0.86622,1.00,1.00
2017.08.09 07:42:20.972,0.86612,0.86621,1.00,1.50
2017.08.09 07:42:21.455,0.86609,0.86614,1.87,1.00
2017.08.09 07:42:21.507,0.86606,0.86614,1.12,1.00
2017.08.09 07:42:21.815,0.86604,0.86614,1.50,1.37
2017.08.09 07:42:22.479,0.86604,0.86612,1.50,1.00
2017.08.09 07:42:25.449,0.86604,0.86614,1.50,1.87
2017.08.09 07:42:27.891,0.86605,0.86615,1.00,1.00
2017.08.09 07:42:27.994,0.86611,0.86619,1.00,3.37
2017.08.09 07:42:28.147,0.86612,0.86622,1.00,2.62
2017.08.09 07:42:28.302,0.86614,0.86622,1.00,1.50
2017.08.09 07:42:28.882,0.86612,0.86622,1.12,1.25
2017.08.09 07:42:31.747,0.86612,0.86621,1.00,1.00
2017.08.09 07:42:32.294,0.86612,0.8662,1.50,1.00
2017.08.09 07:42:33.323,0.86612,0.86621,1.50,1.00
2017.08.09 07:42:34.299,0.86612,0.86622,1.50,1.00
2017.08.09 07:42:34.811,0.86613,0.86623,1.50,1.00
2017.08.09 07:42:35.455,0.86614,0.86624,1.00,1.69
2017.08.09 07:42:35.558,0.86614,0.86622,1.00,1.00
2017.08.09 07:42:36.119,0.86611,0.8662,1.00,1.00
2017.08.09 07:42:36.171,0.86611,0.86618,1.00,1.00
2017.08.09 07:42:36.222,0.86609,0.86617,1.50,1.00
2017.08.09 07:42:36.999,0.86607,0.86616,1.50,1.00
2017.08.09 07:42:37.050,0.86606,0.86614,1.50,1.00
2017.08.09 07:42:37.153,0.86604,0.86614,1.50,1.00
2017.08.09 07:42:37.656,0.86604,0.86614,1.00,2.25
2017.08.09 07:42:38.085,0.86606,0.86614,1.00,1.50
2017.08.09 07:42:38.241,0.86609,0.8662,1.00,1.25
2017.08.09 07:42:38.293,0.86611,0.86621,1.50,2.25
2017.08.09 07:42:38.699,0.86613,0.86622,1.00,1.00
2017.08.09 07:42:39.007,0.86616,0.86624,1.00,1.00
2017.08.09 07:42:39.110,0.86616,0.86626,1.00,1.50
2017.08.09 07:42:39.162,0.86618,0.86626,1.00,1.50
2017.08.09 07:42:39.367,0.86616,0.86626,1.12,1.00
2017.08.09 07:42:40.014,0.86617,0.86627,2.62,1.00
2017.08.09 07:42:40.706,0.86617,0.86626,1.00,1.00
2017.08.09 07:42:41.334,0.86617,0.86625,1.00,1.00
2017.08.09 07:42:42.282,0.86617,0.86627,1.00,2.25
2017.08.09 07:42:43.544,0.86617,0.86628,1.50,1.00
2017.08.09 07:42:43.596,0.8662,0.86627,1.00,1.00
2017.08.09 07:42:47.214,0.86619,0.86627,1.00,1.50
2017.08.09 07:42:47.525,0.86619,0.86625,1.00,1.00
2017.08.09 07:42:48.036,0.86619,0.86626,1.00,1.00
2017.08.09 07:42:48.650,0.86619,0.86627,1.00,1.00
2017.08.09 07:42:49.136,0.86618,0.86625,1.00,1.00
2017.08.09 07:42:49.368,0.86612,0.86621,1.00,1.87
2017.08.09 07:42:49.471,0.8661,0.86621,1.50,1.87
2017.08.09 07:42:49.575,0.8661,0.86619,1.50,1.00
2017.08.09 07:42:50.353,0.8661,0.8662,1.00,1.87
2017.08.09 07:42:52.849,0.86611,0.8662,1.00,1.87
2017.08.09 07:42:53.833,0.8661,0.86619,1.00,1.00
2017.08.09 07:42:54.234,0.8661,0.86617,1.00,1.00
2017.08.09 07:42:54.285,0.8661,0.86619,1.00,1.50
2017.08.09 07:42:54.823,0.86609,0.86619,1.50,1.50
2017.08.09 07:42:55.417,0.86609,0.86618,1.00,1.00
2017.08.09 07:42:55.941,0.86609,0.86619,1.00,1.12
2017.08.09 07:42:56.485,0.8661,0.86619,1.00,1.00
2017.08.09 07:42:57.106,0.8661,0.86618,1.00,1.50
2017.08.09 07:42:58.808,0.8661,0.86621,1.00,1.50
2017.08.09 07:42:59.230,0.86609,0.86618,1.50,1.00
2017.08.09 07:42:59.931,0.86608,0.86617,1.50,1.00
2017.08.09 07:43:00.401,0.86605,0.86616,3.00,1.50
2017.08.09 07:43:00.911,0.86605,0.86617,3.00,1.50
2017.08.09 07:43:01.152,0.8661,0.86617,1.00,1.00
2017.08.09 07:43:01.308,0.86612,0.8662,1.00,1.00
2017.08.09 07:43:01.413,0.8661,0.86619,1.12,1.00
2017.08.09 07:43:01.929,0.86611,0.86618,1.00,1.00
2017.08.09 07:43:02.487,0.86611,0.86619,1.00,1.00
2017.08.09 07:43:03.020,0.8661,0.86619,1.00,1.00
2017.08.09 07:43:03.684,0.86609,0.86618,1.00,1.00
2017.08.09 07:43:04.222,0.8661,0.86618,1.00,1.00
2017.08.09 07:43:04.992,0.86608,0.86617,1.12,1.00
2017.08.09 07:43:05.517,0.86607,0.86616,1.12,1.00
2017.08.09 07:43:05.950,0.86607,0.86614,1.00,1.00
2017.08.09 07:43:06.547,0.86606,0.86614,1.12,1.00
2017.08.09 07:43:07.559,0.86608,0.86614,1.00,1.00
2017.08.09 07:43:08.069,0.86607,0.86615,1.00,1.50
2017.08.09 07:43:08.486,0.86605,0.86615,1.12,1.50
2017.08.09 07:43:09.116,0.86605,0.86614,1.12,1.00
2017.08.09 07:43:09.665,0.86604,0.86613,1.12,1.00
2017.08.09 07:43:09.928,0.86606,0.86613,1.00,1.00
2017.08.09 07:43:10.184,0.86604,0.86613,1.12,1.00
2017.08.09 07:43:10.877,0.86605,0.86612,1.00,1.00
2017.08.09 07:43:11.199,0.86607,0.86613,1.00,1.00
2017.08.09 07:43:11.466,0.86607,0.86615,1.00,1.00
2017.08.09 07:43:13.561,0.86607,0.86617,1.00,2.62
2017.08.09 07:43:13.613,0.86609,0.86617,1.00,1.00
2017.08.09 07:43:14.516,0.86609,0.86619,1.50,1.00
2017.08.09 07:43:15.707,0.86609,0.86618,1.00,1.00
2017.08.09 07:43:16.280,0.86608,0.86618,1.50,1.00
2017.08.09 07:43:16.750,0.86608,0.86615,1.00,1.00
2017.08.09 07:43:16.955,0.86606,0.86615,1.50,1.00
2017.08.09 07:43:17.483,0.86605,0.86615,1.50,1.00
2017.08.09 07:43:17.680,0.86608,0.86616,1.00,1.50
2017.08.09 07:43:23.053,0.86606,0.86616,1.87,1.50
2017.08.09 07:43:23.587,0.86607,0.86615,1.00,1.00
2017.08.09 07:43:23.741,0.86607,0.86617,1.00,1.50
2017.08.09 07:43:24.249,0.86608,0.86617,1.00,1.50
2017.08.09 07:43:24.755,0.86608,0.86616,1.00,1.00
2017.08.09 07:43:25.858,0.86606,0.86616,1.00,1.87
2017.08.09 07:43:26.780,0.86606,0.86615,1.00,1.00
2017.08.09 07:43:27.446,0.86604,0.86613,1.25,1.00
2017.08.09 07:43:28.437,0.86606,0.86613,1.00,1.00
2017.08.09 07:43:29.881,0.86606,0.86614,1.00,1.00
2017.08.09 07:43:29.984,0.86603,0.86613,1.50,1.00
2017.08.09 07:43:30.727,0.86602,0.86612,2.25,1.00
2017.08.09 07:43:30.881,0.86604,0.86613,1.00,1.12
2017.08.09 07:43:31.517,0.86603,0.86613,1.00,1.12
2017.08.09 07:43:32.099,0.86603,0.86612,1.00,1.00
2017.08.09 07:43:33.344,0.86602,0.86612,1.50,1.00
2017.08.09 07:43:34.361,0.86601,0.86611,1.87,1.00
2017.08.09 07:43:35.070,0.86602,0.86612,1.00,1.00
2017.08.09 07:43:38.015,0.86603,0.86612,1.00,1.00
2017.08.09 07:43:38.542,0.86604,0.86614,1.00,1.50
2017.08.09 07:43:38.848,0.86606,0.86614,1.00,1.00
2017.08.09 07:43:39.327,0.86604,0.86615,1.50,1.12
2017.08.09 07:43:41.111,0.86605,0.86615,1.00,1.12
2017.08.09 07:43:41.632,0.86605,0.86614,1.00,1.00
2017.08.09 07:43:42.833,0.86605,0.86613,1.50,1.00
2017.08.09 07:43:44.204,0.86603,0.86612,1.12,1.00
2017.08.09 07:43:44.984,0.86603,0.86613,1.12,1.50
2017.08.09 07:43:45.086,0.86602,0.86611,1.12,1.00
2017.08.09 07:43:45.392,0.866,0.86609,1.00,1.87
2017.08.09 07:43:46.235,0.866,0.86608,1.00,1.00
2017.08.09 07:43:46.743,0.86601,0.86609,1.00,1.00
2017.08.09 07:43:47.665,0.86599,0.8661,1.00,1.87
2017.08.09 07:43:49.851,0.86601,0.8661,1.00,1.87
2017.08.09 07:43:50.389,0.866,0.8661,1.00,1.50
2017.08.09 07:43:52.792,0.866,0.86609,1.00,1.00
2017.08.09 07:43:53.373,0.866,0.86608,1.00,1.50
2017.08.09 07:43:53.475,0.86598,0.86607,1.12,1.00
2017.08.09 07:43:53.527,0.86598,0.86605,1.12,1.00
2017.08.09 07:43:55.913,0.86597,0.86606,1.87,1.00
2017.08.09 07:43:57.204,0.86597,0.86606,1.00,1.00
2017.08.09 07:43:58.165,0.86596,0.86606,1.87,1.00
2017.08.09 07:43:58.969,0.86596,0.86604,1.12,1.00
2017.08.09 07:43:59.479,0.86596,0.86605,1.00,1.00
2017.08.09 07:43:59.957,0.86594,0.86603,1.12,1.00
2017.08.09 07:44:00.110,0.86592,0.86603,3.37,1.87
2017.08.09 07:44:00.925,0.86594,0.86602,1.00,1.12
2017.08.09 07:44:02.731,0.86593,0.86604,1.50,1.50
2017.08.09 07:44:03.255,0.86593,0.86604,1.50,1.50
2017.08.09 07:44:03.910,0.86594,0.86602,1.00,1.00
2017.08.09 07:44:04.411,0.86595,0.86602,1.00,1.00
2017.08.09 07:44:04.462,0.86595,0.86604,1.00,1.12
2017.08.09 07:44:05.019,0.86594,0.86604,1.00,1.12
2017.08.09 07:44:08.140,0.86596,0.86604,1.00,1.12
2017.08.09 07:44:08.539,0.86594,0.86602,1.00,1.12
2017.08.09 07:44:09.049,0.86594,0.86603,1.00,1.12
2017.08.09 07:44:10.271,0.86594,0.86604,1.00,2.25
2017.08.09 07:44:10.783,0.86594,0.86603,1.00,1.12
2017.08.09 07:44:11.442,0.86594,0.86602,1.00,1.00
2017.08.09 07:44:12.071,0.86594,0.86603,1.00,1.12
2017.08.09 07:44:12.478,0.86592,0.86603,1.00,1.00
2017.08.09 07:44:12.529,0.86594,0.86603,1.00,1.12
2017.08.09 07:44:13.094,0.86594,0.86604,1.00,1.87
2017.08.09 07:44:13.784,0.86594,0.86603,1.50,1.00
2017.08.09 07:44:14.312,0.86592,0.86602,1.00,1.37
2017.08.09 07:44:14.415,0.8659,0.866,1.50,1.00
2017.08.09 07:44:14.568,0.86592,0.86602,1.00,3.00
2017.08.09 07:44:14.620,0.86593,0.86602,1.00,1.12
2017.08.09 07:44:15.152,0.86593,0.86603,1.00,1.00
2017.08.09 07:44:16.078,0.86592,0.86603,1.00,1.00
2017.08.09 07:44:16.927,0.86592,0.86604,1.50,2.62
2017.08.09 07:44:17.439,0.86593,0.86603,1.00,1.00
2017.08.09 07:44:17.491,0.86595,0.86604,1.50,1.00
2017.08.09 07:44:17.594,0.86596,0.86606,1.00,1.00
2017.08.09 07:44:17.699,0.86596,0.86605,1.00,1.37
2017.08.09 07:44:17.906,0.8659,0.86601,1.00,1.37
2017.08.09 07:44:18.073,0.86589,0.86598,1.00,1.00
2017.08.09 07:44:18.278,0.86586,0.86596,1.00,1.87
2017.08.09 07:44:19.449,0.86587,0.86596,1.00,1.87
2017.08.09 07:44:19.990,0.86587,0.86595,1.00,1.00
2017.08.09 07:44:20.916,0.86586,0.86595,1.00,1.12
2017.08.09 07:44:22.388,0.86585,0.86595,1.12,2.06
2017.08.09 07:44:23.515,0.86585,0.86594,1.12,1.00
2017.08.09 07:44:24.269,0.86585,0.86595,1.87,1.31
2017.08.09 07:44:24.981,0.86586,0.86595,1.00,1.00
2017.08.09 07:44:25.820,0.86589,0.86599,1.87,2.25
2017.08.09 07:44:25.924,0.86588,0.86598,1.50,1.37
2017.08.09 07:44:26.281,0.86587,0.86597,1.00,1.12
2017.08.09 07:44:26.590,0.86587,0.86597,1.00,1.50
2017.08.09 07:44:27.257,0.86587,0.86597,1.00,1.37
2017.08.09 07:44:29.620,0.86587,0.86597,1.00,1.12
2017.08.09 07:44:30.221,0.86586,0.86594,1.12,1.50
2017.08.09 07:44:30.527,0.86582,0.8659,1.50,1.00
2017.08.09 07:44:30.705,0.8658,0.8659,2.25,1.00
2017.08.09 07:44:31.240,0.8658,0.86589,1.50,1.00
2017.08.09 07:44:31.789,0.86581,0.86589,1.00,1.00
2017.08.09 07:44:32.399,0.86581,0.8659,1.00,1.00
2017.08.09 07:44:33.088,0.86581,0.86591,1.12,1.00
2017.08.09 07:44:33.644,0.8658,0.86589,1.37,1.00
2017.08.09 07:44:33.962,0.86583,0.86593,1.50,1.87
2017.08.09 07:44:34.013,0.86583,0.86591,1.12,1.00
2017.08.09 07:44:34.523,0.86584,0.86592,1.12,1.12
2017.08.09 07:44:34.674,0.86586,0.86595,1.12,1.00
2017.08.09 07:44:35.210,0.86587,0.86595,1.12,1.00
2017.08.09 07:44:35.261,0.86584,0.86593,1.50,1.00
2017.08.09 07:44:35.811,0.86584,0.86593,1.87,1.00
2017.08.09 07:44:36.991,0.86585,0.86593,1.00,1.00
2017.08.09 07:44:37.197,0.86582,0.86592,1.87,1.00
2017.08.09 07:44:37.460,0.86584,0.86595,1.50,1.87
2017.08.09 07:44:38.076,0.86585,0.86595,1.00,1.87
2017.08.09 07:44:39.316,0.86586,0.86595,1.00,1.50
2017.08.09 07:44:39.830,0.86586,0.86596,1.00,2.62
2017.08.09 07:44:40.380,0.86586,0.86596,1.00,3.37
2017.08.09 07:44:40.432,0.86583,0.86591,1.50,1.00
2017.08.09 07:44:40.840,0.86582,0.8659,1.00,1.00
2017.08.09 07:44:41.797,0.86581,0.86591,1.50,1.00
2017.08.09 07:44:43.563,0.86581,0.86591,1.00,1.50
2017.08.09 07:44:44.205,0.8658,0.8659,1.50,1.00
2017.08.09 07:44:44.803,0.86579,0.86589,1.50,1.50
2017.08.09 07:44:44.908,0.86579,0.86586,1.00,1.00
2017.08.09 07:44:45.012,0.86577,0.86586,1.00,1.00
2017.08.09 07:44:45.694,0.86578,0.86586,1.00,1.00
2017.08.09 07:44:46.200,0.86577,0.86585,1.00,1.00
2017.08.09 07:44:47.321,0.86579,0.86583,1.00,1.00
2017.08.09 07:44:47.374,0.86577,0.86583,1.00,1.00
2017.08.09 07:44:47.886,0.86576,0.86582,1.00,1.00
2017.08.09 07:44:48.479,0.86577,0.86583,1.00,1.00
2017.08.09 07:44:49.017,0.86577,0.86582,1.00,1.00
2017.08.09 07:44:49.550,0.86578,0.86584,1.00,1.87
2017.08.09 07:44:49.767,0.86581,0.86585,1.00,1.00
2017.08.09 07:44:49.821,0.86581,0.86589,1.00,1.50
2017.08.09 07:44:49.925,0.86582,0.8659,1.00,1.50
2017.08.09 07:44:50.813,0.8658,0.86587,1.00,1.00
2017.08.09 07:44:51.299,0.86579,0.86586,1.00,1.37
2017.08.09 07:44:51.831,0.8658,0.86586,1.00,1.37
2017.08.09 07:44:51.987,0.86577,0.86584,1.00,1.12
2017.08.09 07:44:52.140,0.86576,0.86582,1.00,1.00
2017.08.09 07:44:52.649,0.86577,0.86581,1.00,1.12
2017.08.09 07:44:52.925,0.8657,0.86577,1.87,1.00
2017.08.09 07:44:55.337,0.86576,0.86581,1.00,1.00
2017.08.09 07:44:55.493,0.86576,0.86583,1.00,1.00
2017.08.09 07:44:55.596,0.86576,0.86581,1.00,1.00
2017.08.09 07:44:56.294,0.86575,0.86581,1.12,1.00
2017.08.09 07:44:56.904,0.86575,0.86583,1.00,1.00
2017.08.09 07:44:57.211,0.86577,0.86585,1.00,1.00
2017.08.09 07:44:57.552,0.86579,0.86588,1.50,1.00
2017.08.09 07:44:58.833,0.8658,0.86587,1.12,1.00
2017.08.09 07:44:59.579,0.8658,0.86585,1.00,1.00
2017.08.09 07:44:59.954,0.86578,0.86585,1.00,1.00
2017.08.09 07:45:00.313,0.86578,0.86583,1.00,1.00
2017.08.09 07:45:00.415,0.86577,0.86586,1.12,1.00
2017.08.09 07:45:00.788,0.86576,0.86584,1.12,1.00
2017.08.09 07:45:01.301,0.86577,0.86585,1.12,1.00
2017.08.09 07:45:02.733,0.86578,0.86585,1.00,1.00
2017.08.09 07:45:03.281,0.86578,0.86586,1.87,1.00
2017.08.09 07:45:03.861,0.86579,0.86586,1.00,1.00
2017.08.09 07:45:04.659,0.86579,0.86587,1.00,1.00
2017.08.09 07:45:05.461,0.86578,0.86587,1.12,1.00
2017.08.09 07:45:05.770,0.86577,0.86585,1.87,1.00
2017.08.09 07:45:07.346,0.86579,0.86587,1.00,1.00
2017.08.09 07:45:08.258,0.86578,0.86587,1.50,1.00
2017.08.09 07:45:09.964,0.8658,0.86587,1.00,1.00
2017.08.09 07:45:10.269,0.86578,0.86587,2.25,1.00
2017.08.09 07:45:11.116,0.86579,0.86588,1.12,1.00
2017.08.09 07:45:11.170,0.86581,0.86589,1.00,1.00
2017.08.09 07:45:11.478,0.86577,0.86583,1.00,1.00
2017.08.09 07:45:12.007,0.86576,0.86584,1.50,1.00
2017.08.09 07:45:12.637,0.86578,0.86584,1.00,1.00
2017.08.09 07:45:13.055,0.86576,0.86584,1.50,1.00
2017.08.09 07:45:13.652,0.86575,0.86583,1.12,1.00
2017.08.09 07:45:15.145,0.86577,0.86583,1.00,1.00
2017.08.09 07:45:18.740,0.86576,0.86586,1.50,1.50
2017.08.09 07:45:19.258,0.86576,0.86586,1.50,1.00
2017.08.09 07:45:21.049,0.86578,0.86587,1.00,1.00
2017.08.09 07:45:23.404,0.8658,0.86587,1.00,1.00
2017.08.09 07:45:23.951,0.86579,0.86588,1.00,1.12
2017.08.09 07:45:26.205,0.86577,0.86585,1.00,1.00
2017.08.09 07:45:26.615,0.86575,0.86585,1.12,1.00
2017.08.09 07:45:29.153,0.86576,0.86585,1.00,1.12
2017.08.09 07:45:29.350,0.86578,0.86587,1.00,1.12
2017.08.09 07:45:30.116,0.86582,0.8659,1.00,1.50
2017.08.09 07:45:30.422,0.86587,0.86594,1.00,1.00
2017.08.09 07:45:31.038,0.86588,0.86595,1.00,1.00
2017.08.09 07:45:31.461,0.86588,0.86593,1.00,1.00
2017.08.09 07:45:31.614,0.86583,0.8659,1.12,1.00
2017.08.09 07:45:31.923,0.86584,0.86593,1.00,1.00
2017.08.09 07:45:32.025,0.86586,0.86593,1.00,1.00
2017.08.09 07:45:32.235,0.86583,0.86593,1.12,1.00
2017.08.09 07:45:32.789,0.86584,0.86592,1.00,1.00
2017.08.09 07:45:33.044,0.86586,0.86592,1.00,1.00
2017.08.09 07:45:33.721,0.86586,0.86593,1.00,1.00
2017.08.09 07:45:34.049,0.86586,0.86591,1.00,1.00
2017.08.09 07:45:34.696,0.86586,0.86593,1.00,1.00
2017.08.09 07:45:35.247,0.86587,0.86594,1.00,1.00
2017.08.09 07:45:35.777,0.86587,0.86595,1.00,1.00
2017.08.09 07:45:40.190,0.86589,0.86597,1.00,3.00
2017.08.09 07:45:40.703,0.8659,0.86598,1.00,1.00
2017.08.09 07:45:41.215,0.86589,0.86598,1.00,1.00
2017.08.09 07:45:41.738,0.86589,0.86597,1.00,1.00
2017.08.09 07:45:41.943,0.86587,0.86596,1.50,1.00
2017.08.09 07:45:42.472,0.86588,0.86597,1.00,1.00
2017.08.09 07:45:43.021,0.86588,0.86596,1.00,1.00
2017.08.09 07:45:43.723,0.86587,0.86595,1.12,1.00
2017.08.09 07:45:43.977,0.86584,0.86595,2.62,1.00
2017.08.09 07:45:44.029,0.86587,0.86596,1.00,1.00
2017.08.09 07:45:44.538,0.86587,0.86595,1.00,1.00
2017.08.09 07:45:46.478,0.86588,0.86597,1.00,1.87
2017.08.09 07:45:46.581,0.86589,0.86598,1.00,1.12
2017.08.09 07:45:47.092,0.8659,0.86598,1.00,1.00
2017.08.09 07:45:47.636,0.86591,0.86599,1.00,1.00
2017.08.09 07:45:48.309,0.86591,0.86598,1.00,1.00
2017.08.09 07:45:48.933,0.8659,0.86598,1.00,1.00
2017.08.09 07:45:49.468,0.86591,0.86598,1.00,1.00
2017.08.09 07:45:50.001,0.86591,0.86599,1.00,1.00
2017.08.09 07:45:52.528,0.86589,0.86598,1.12,1.00
2017.08.09 07:45:52.579,0.86589,0.86596,1.00,1.00
2017.08.09 07:45:52.681,0.86589,0.86598,1.00,1.00
2017.08.09 07:45:54.288,0.86588,0.86598,1.12,1.00
2017.08.09 07:45:55.683,0.86589,0.86598,1.00,1.00
2017.08.09 07:45:56.186,0.86589,0.86597,1.00,1.00
2017.08.09 07:45:56.936,0.86587,0.86597,3.00,1.00
2017.08.09 07:45:57.451,0.86587,0.86597,1.87,1.00
2017.08.09 07:45:58.469,0.86585,0.86596,3.56,1.50
2017.08.09 07:45:58.573,0.86585,0.86595,2.62,1.00
2017.08.09 07:45:59.233,0.86585,0.86594,1.87,1.00
2017.08.09 07:46:00.331,0.86586,0.86594,1.00,1.00
2017.08.09 07:46:01.284,0.86585,0.86594,2.25,1.00
2017.08.09 07:46:01.945,0.86585,0.86594,3.00,1.00
2017.08.09 07:46:02.789,0.86586,0.86595,2.25,1.00
2017.08.09 07:46:03.407,0.86586,0.86594,1.50,1.00
2017.08.09 07:46:03.910,0.86584,0.86591,1.00,1.00
2017.08.09 07:46:05.009,0.86584,0.86593,1.00,2.25
2017.08.09 07:46:06.053,0.86582,0.86592,1.87,1.00
2017.08.09 07:46:06.418,0.86586,0.86595,1.00,2.62
2017.08.09 07:46:06.951,0.86586,0.86595,1.00,1.50
2017.08.09 07:46:07.271,0.86584,0.86592,1.87,1.00
2017.08.09 07:46:07.672,0.86581,0.86588,2.25,1.00
2017.08.09 07:46:07.724,0.86581,0.86589,1.00,1.00
2017.08.09 07:46:08.244,0.86578,0.86588,1.50,1.00
2017.08.09 07:46:08.297,0.86578,0.86588,1.12,1.00
2017.08.09 07:46:08.954,0.86578,0.86588,1.50,1.00
2017.08.09 07:46:09.879,0.8658,0.86588,1.37,1.00
2017.08.09 07:46:10.631,0.8658,0.86589,1.50,1.00
2017.08.09 07:46:11.344,0.86581,0.86591,1.12,1.00
2017.08.09 07:46:12.323,0.86581,0.86592,2.25,1.50
2017.08.09 07:46:12.530,0.86582,0.86592,2.62,1.00
2017.08.09 07:46:13.536,0.86583,0.86593,1.12,1.00
2017.08.09 07:46:13.843,0.86585,0.86593,1.50,1.00
2017.08.09 07:46:15.267,0.86585,0.86595,1.00,1.50
2017.08.09 07:46:15.822,0.86586,0.86595,1.87,1.00
2017.08.09 07:46:16.368,0.86585,0.86595,1.00,1.00
2017.08.09 07:46:16.883,0.86585,0.86596,1.87,1.00
2017.08.09 07:46:17.246,0.86586,0.86594,1.12,1.00
2017.08.09 07:46:18.197,0.86584,0.86593,2.25,1.00
2017.08.09 07:46:18.700,0.86583,0.86592,1.50,1.00
2017.08.09 07:46:19.147,0.86585,0.86593,1.00,1.00
2017.08.09 07:46:19.888,0.86584,0.86592,2.62,1.00
2017.08.09 07:46:20.209,0.86586,0.86595,1.00,1.12
2017.08.09 07:46:20.465,0.86584,0.86595,1.50,1.12
2017.08.09 07:46:21.133,0.86584,0.86594,1.00,1.00
2017.08.09 07:46:21.669,0.86585,0.86594,1.00,1.00
2017.08.09 07:46:22.354,0.86585,0.86595,1.00,1.00
2017.08.09 07:46:24.418,0.86585,0.86596,1.50,2.25
2017.08.09 07:46:24.927,0.86586,0.86596,1.00,1.12
2017.08.09 07:46:25.454,0.86587,0.86595,1.00,1.00
2017.08.09 07:46:25.625,0.86584,0.86594,1.37,1.00
2017.08.09 07:46:26.165,0.86584,0.86594,1.00,1.12
2017.08.09 07:46:26.745,0.86584,0.86594,1.00,1.37
2017.08.09 07:46:27.351,0.86583,0.86593,2.06,1.87
2017.08.09 07:46:27.961,0.86583,0.86592,2.06,1.00
2017.08.09 07:46:30.522,0.86582,0.86591,1.87,1.12
2017.08.09 07:46:30.731,0.8658,0.8659,1.12,1.00
2017.08.09 07:46:32.160,0.86579,0.86589,1.37,1.00
2017.08.09 07:46:32.698,0.86579,0.86589,1.50,1.00
2017.08.09 07:46:33.552,0.86578,0.86588,1.50,1.00
2017.08.09 07:46:33.858,0.86578,0.86586,1.00,1.00
2017.08.09 07:46:37.050,0.86582,0.86591,1.00,1.12
2017.08.09 07:46:37.461,0.86584,0.86593,1.00,1.50
2017.08.09 07:46:38.009,0.86583,0.86592,1.00,1.00
2017.08.09 07:46:38.323,0.8658,0.86589,1.50,1.00
2017.08.09 07:46:39.051,0.86578,0.86588,4.31,1.00
2017.08.09 07:46:39.358,0.86577,0.86585,1.00,1.00
2017.08.09 07:46:40.162,0.86576,0.86585,1.50,1.00
2017.08.09 07:46:40.711,0.86577,0.86585,1.00,1.00
2017.08.09 07:46:42.690,0.86576,0.86585,2.25,1.00
2017.08.09 07:46:43.254,0.86575,0.86583,1.50,1.00
2017.08.09 07:46:43.408,0.86575,0.86585,1.00,1.00
2017.08.09 07:46:43.948,0.86575,0.86584,1.87,1.00
2017.08.09 07:46:44.485,0.86576,0.86586,1.12,1.50
2017.08.09 07:46:45.583,0.86577,0.86586,1.00,1.50
2017.08.09 07:46:46.980,0.86576,0.86585,3.37,1.00
2017.08.09 07:46:47.589,0.86577,0.86586,1.00,1.00
2017.08.09 07:46:48.108,0.86576,0.86585,2.62,1.00
2017.08.09 07:46:48.636,0.86577,0.86585,1.00,1.00
2017.08.09 07:46:49.780,0.86577,0.86586,1.00,1.50
2017.08.09 07:46:50.756,0.86576,0.86586,1.50,1.00
2017.08.09 07:46:51.292,0.86577,0.86585,1.00,1.00
2017.08.09 07:46:51.844,0.86577,0.86586,1.00,1.50
2017.08.09 07:46:52.655,0.86578,0.86588,1.00,1.50
2017.08.09 07:46:54.254,0.86578,0.86586,1.00,1.00
2017.08.09 07:46:54.926,0.86576,0.86587,2.44,1.50
2017.08.09 07:46:55.731,0.86576,0.86586,3.37,1.00
2017.08.09 07:46:56.037,0.8658,0.86586,1.00,1.00
2017.08.09 07:46:56.704,0.8658,0.86588,1.00,1.12
2017.08.09 07:46:57.822,0.86582,0.86588,1.00,1.12
2017.08.09 07:46:59.320,0.86582,0.8659,1.00,1.12
2017.08.09 07:46:59.831,0.86582,0.86589,1.00,1.00
2017.08.09 07:47:00.653,0.86582,0.8659,1.00,1.12
2017.08.09 07:47:00.806,0.86587,0.86594,1.00,3.37
2017.08.09 07:47:00.909,0.86587,0.86594,1.00,1.87
2017.08.09 07:47:01.675,0.86587,0.86593,1.00,1.00
2017.08.09 07:47:01.970,0.86588,0.86595,1.00,1.00
2017.08.09 07:47:02.073,0.86586,0.86593,1.00,1.00
2017.08.09 07:47:02.584,0.86587,0.86592,1.00,1.00
2017.08.09 07:47:03.231,0.86583,0.86592,1.00,1.00
2017.08.09 07:47:03.732,0.86582,0.86592,1.87,1.00
2017.08.09 07:47:04.310,0.86581,0.86592,3.37,1.00
2017.08.09 07:47:04.458,0.86583,0.86593,1.00,1.00
2017.08.09 07:47:04.991,0.86584,0.86594,1.12,1.00
2017.08.09 07:47:05.575,0.86584,0.86595,1.12,1.50
2017.08.09 07:47:07.364,0.86584,0.86592,1.12,1.00
2017.08.09 07:47:10.284,0.86585,0.86592,1.00,1.00
2017.08.09 07:47:11.757,0.86584,0.86592,1.12,1.12
2017.08.09 07:47:12.069,0.86586,0.86594,1.50,1.50
2017.08.09 07:47:12.323,0.86584,0.86591,1.00,1.00
2017.08.09 07:47:12.835,0.86583,0.86591,1.00,1.00
2017.08.09 07:47:13.352,0.86583,0.8659,1.00,1.00
2017.08.09 07:47:13.405,0.86581,0.8659,2.25,1.00
2017.08.09 07:47:14.809,0.86582,0.8659,1.00,1.00
2017.08.09 07:47:14.912,0.8658,0.86589,1.87,1.00
2017.08.09 07:47:15.452,0.86578,0.86587,4.12,1.00
2017.08.09 07:47:15.988,0.86578,0.86587,3.00,1.00
2017.08.09 07:47:18.514,0.86579,0.86587,1.00,1.00
2017.08.09 07:47:19.426,0.86578,0.86586,1.12,1.00
2017.08.09 07:47:20.912,0.86576,0.86584,1.87,1.00
2017.08.09 07:47:21.461,0.86576,0.86585,1.87,1.00
2017.08.09 07:47:21.917,0.86576,0.86583,1.12,1.00
2017.08.09 07:47:22.451,0.86576,0.86584,1.00,1.00
2017.08.09 07:47:24.792,0.86576,0.86585,1.00,1.00
2017.08.09 07:47:25.102,0.86575,0.86583,1.00,1.00
2017.08.09 07:47:25.608,0.86575,0.86584,2.25,1.00
2017.08.09 07:47:27.692,0.86579,0.86584,1.00,1.00
2017.08.09 07:47:27.744,0.86579,0.86586,1.00,1.00
2017.08.09 07:47:28.692,0.86577,0.86586,2.62,1.00
2017.08.09 07:47:29.475,0.86578,0.86586,1.00,1.00
2017.08.09 07:47:30.584,0.86577,0.86586,2.62,1.00
2017.08.09 07:47:31.117,0.86577,0.86585,1.87,1.00
2017.08.09 07:47:31.791,0.86576,0.86583,1.00,1.00
2017.08.09 07:47:32.009,0.86578,0.86586,1.00,1.12
2017.08.09 07:47:33.553,0.86577,0.86587,1.50,1.00
2017.08.09 07:47:33.655,0.86577,0.86585,1.50,1.00
2017.08.09 07:47:34.165,0.86577,0.86586,1.50,1.00
2017.08.09 07:47:35.235,0.86578,0.86586,1.00,1.00
2017.08.09 07:47:35.717,0.86577,0.86584,1.00,1.00
2017.08.09 07:47:36.554,0.86579,0.86584,1.00,1.00
2017.08.09 07:47:36.606,0.86579,0.86586,1.00,1.00
2017.08.09 07:47:36.811,0.86579,0.86588,1.12,1.50
2017.08.09 07:47:37.460,0.86579,0.86587,1.12,1.00
2017.08.09 07:47:38.153,0.86578,0.86587,1.12,1.00
2017.08.09 07:47:38.442,0.86578,0.86585,1.12,1.00
2017.08.09 07:47:38.970,0.86579,0.86586,1.00,1.00
2017.08.09 07:47:39.637,0.86578,0.86586,1.12,1.00
2017.08.09 07:47:41.255,0.86578,0.86588,1.12,1.00
2017.08.09 07:47:41.441,0.86578,0.86588,1.87,1.00
2017.08.09 07:47:42.806,0.86581,0.86589,1.12,1.00
2017.08.09 07:47:43.113,0.86583,0.86593,1.87,1.12
2017.08.09 07:47:44.807,0.86586,0.86594,1.00,1.00
2017.08.09 07:47:45.321,0.86585,0.86593,1.12,1.50
2017.08.09 07:47:45.932,0.86584,0.86593,1.12,1.50
2017.08.09 07:47:47.250,0.86586,0.86593,1.00,1.00
2017.08.09 07:47:51.105,0.86586,0.86594,1.00,1.00
2017.08.09 07:47:52.044,0.86585,0.86593,1.50,1.00
2017.08.09 07:47:52.994,0.86585,0.86592,1.37,1.00
2017.08.09 07:47:53.045,0.86583,0.86592,1.50,1.00
2017.08.09 07:47:53.861,0.86584,0.86592,1.00,1.00
2017.08.09 07:47:55.008,0.86582,0.8659,1.87,1.00
2017.08.09 07:47:55.574,0.86582,0.86589,1.12,1.00
2017.08.09 07:47:56.426,0.86581,0.8659,1.87,1.50
2017.08.09 07:47:59.199,0.86584,0.86594,1.50,1.50
2017.08.09 07:47:59.250,0.86585,0.86594,1.37,1.50
2017.08.09 07:47:59.302,0.86584,0.86594,1.50,1.12
2017.08.09 07:47:59.353,0.86582,0.86591,3.37,1.50
2017.08.09 07:47:59.509,0.86581,0.86591,2.25,1.00
2017.08.09 07:47:59.560,0.86581,0.86589,2.25,1.00
2017.08.09 07:47:59.718,0.86581,0.86591,2.25,1.00
2017.08.09 07:48:00.223,0.86581,0.8659,1.87,1.00
2017.08.09 07:48:00.393,0.86582,0.86592,1.12,1.25
2017.08.09 07:48:00.905,0.86581,0.86592,1.87,1.31
2017.08.09 07:48:01.430,0.86581,0.86591,1.00,1.87
2017.08.09 07:48:01.481,0.86581,0.86589,1.00,1.00
2017.08.09 07:48:01.984,0.8658,0.8659,1.87,1.50
2017.08.09 07:48:03.482,0.86582,0.8659,1.00,1.00
2017.08.09 07:48:03.985,0.86581,0.86592,1.50,1.25
2017.08.09 07:48:04.603,0.86582,0.86593,1.87,1.69
2017.08.09 07:48:05.290,0.86583,0.86591,1.00,1.00
2017.08.09 07:48:07.173,0.86582,0.86593,1.87,1.69
2017.08.09 07:48:07.697,0.86582,0.86593,2.62,1.69
2017.08.09 07:48:08.272,0.86582,0.86592,2.25,1.00
2017.08.09 07:48:09.167,0.86584,0.86592,1.50,1.00
2017.08.09 07:48:13.224,0.86582,0.8659,1.50,1.00
2017.08.09 07:48:13.629,0.86582,0.86592,1.50,1.25
2017.08.09 07:48:14.136,0.86582,0.86591,1.00,1.00
2017.08.09 07:48:16.018,0.86582,0.8659,1.00,1.00
2017.08.09 07:48:16.120,0.86584,0.86592,1.50,1.87
2017.08.09 07:48:16.348,0.86588,0.86597,1.50,1.00
2017.08.09 07:48:16.760,0.86584,0.86594,4.12,1.12
2017.08.09 07:48:17.017,0.86582,0.86591,1.00,1.00
2017.08.09 07:48:17.223,0.8658,0.86591,1.87,2.25
2017.08.09 07:48:17.886,0.8658,0.8659,1.50,1.00
2017.08.09 07:48:19.197,0.86579,0.86589,1.37,1.00
2017.08.09 07:48:19.922,0.86579,0.86588,1.37,1.50
2017.08.09 07:48:22.715,0.86578,0.86589,3.00,1.00
2017.08.09 07:48:23.217,0.86579,0.8659,2.44,1.00
2017.08.09 07:48:24.119,0.86579,0.86591,3.94,1.00
2017.08.09 07:48:24.630,0.8658,0.86592,1.69,2.25
2017.08.09 07:48:25.358,0.8658,0.86588,1.00,1.00
2017.08.09 07:48:25.564,0.86578,0.86588,1.00,1.00
2017.08.09 07:48:26.082,0.86579,0.86589,1.00,1.50
2017.08.09 07:48:28.149,0.86579,0.8659,1.00,1.00
2017.08.09 07:48:28.252,0.86579,0.8659,1.37,1.00
2017.08.09 07:48:30.085,0.86582,0.86591,1.00,1.00
2017.08.09 07:48:30.602,0.8658,0.8659,2.25,1.00
2017.08.09 07:48:31.105,0.8658,0.8659,1.00,1.00
2017.08.09 07:48:31.660,0.86579,0.86589,2.25,1.00
2017.08.09 07:48:32.000,0.86579,0.86587,1.00,1.00
2017.08.09 07:48:32.307,0.86574,0.86584,1.50,1.00
2017.08.09 07:48:32.359,0.86574,0.86584,1.50,1.00
2017.08.09 07:48:32.801,0.86576,0.86584,1.00,1.00
2017.08.09 07:48:34.069,0.86576,0.86583,1.00,1.00
2017.08.09 07:48:34.701,0.86574,0.86582,1.00,1.00
2017.08.09 07:48:36.191,0.86572,0.86583,2.62,1.50
2017.08.09 07:48:36.716,0.86572,0.86582,2.62,1.00
2017.08.09 07:48:38.726,0.86574,0.86582,1.87,1.00
2017.08.09 07:48:38.779,0.86575,0.86584,1.87,1.00
2017.08.09 07:48:39.129,0.86578,0.86586,1.37,1.00
2017.08.09 07:48:39.180,0.86578,0.86588,1.37,1.50
2017.08.09 07:48:39.691,0.86578,0.86587,1.50,1.00
2017.08.09 07:48:40.050,0.86578,0.86585,1.37,1.00
2017.08.09 07:48:40.508,0.86575,0.86585,3.00,1.00
2017.08.09 07:48:41.152,0.86576,0.86584,1.00,1.50
2017.08.09 07:48:43.344,0.86574,0.86583,1.75,1.00
2017.08.09 07:49:00.554,0.86574,0.86582,1.75,1.00
2017.08.09 07:49:00.606,0.86574,0.86582,1.00,1.00
2017.08.09 07:49:03.565,0.86574,0.86581,1.00,1.00
2017.08.09 07:49:04.661,0.86572,0.86579,1.12,1.00
2017.08.09 07:49:04.918,0.86572,0.86582,1.00,1.00
2017.08.09 07:49:05.022,0.86573,0.8658,1.00,1.00
2017.08.09 07:49:05.304,0.86573,0.86582,1.00,1.00
2017.08.09 07:49:05.355,0.86572,0.8658,1.12,1.00
2017.08.09 07:49:05.644,0.86572,0.86582,1.12,1.50
2017.08.09 07:49:06.321,0.86572,0.86582,2.62,1.00
2017.08.09 07:49:07.483,0.86573,0.86581,1.00,1.00
2017.08.09 07:49:07.988,0.86572,0.86582,1.87,1.00
2017.08.09 07:49:08.150,0.86572,0.8658,1.37,1.00
2017.08.09 07:49:09.719,0.86572,0.86578,1.00,1.00
2017.08.09 07:49:10.035,0.86572,0.8658,1.00,1.00
2017.08.09 07:49:10.137,0.86571,0.86581,3.19,1.00
2017.08.09 07:49:11.090,0.86573,0.86582,1.87,1.00
2017.08.09 07:49:11.243,0.86575,0.86585,1.37,1.00
2017.08.09 07:49:11.346,0.86576,0.86586,1.75,1.00
2017.08.09 07:49:12.671,0.86577,0.86585,1.37,1.00
2017.08.09 07:49:13.267,0.86577,0.86586,1.50,1.00
2017.08.09 07:49:13.766,0.86577,0.86584,1.00,1.00
2017.08.09 07:49:13.921,0.86575,0.86584,3.00,1.00
2017.08.09 07:49:19.120,0.86576,0.86584,1.00,1.00
2017.08.09 07:49:19.171,0.86578,0.86586,1.00,1.00
2017.08.09 07:49:19.223,0.8658,0.86589,1.12,1.00
2017.08.09 07:49:19.376,0.86581,0.8659,1.50,1.00
2017.08.09 07:49:19.685,0.86584,0.86593,1.87,1.50
2017.08.09 07:49:20.235,0.86584,0.86593,2.62,1.00
2017.08.09 07:49:20.627,0.86584,0.86592,1.37,1.00
2017.08.09 07:49:21.226,0.86584,0.86593,1.37,1.00
2017.08.09 07:49:22.435,0.86584,0.86592,1.87,1.00
2017.08.09 07:49:22.965,0.86584,0.86593,1.37,1.00
2017.08.09 07:49:25.149,0.86584,0.86593,1.50,1.00
2017.08.09 07:49:26.054,0.86584,0.86592,1.12,1.00
2017.08.09 07:49:26.930,0.86583,0.86592,1.50,1.00
2017.08.09 07:49:27.442,0.86582,0.86591,1.50,1.00
2017.08.09 07:49:27.648,0.86584,0.86591,1.00,1.00
2017.08.09 07:49:28.188,0.86583,0.86591,1.00,1.00
2017.08.09 07:49:28.444,0.86581,0.8659,1.50,1.00
2017.08.09 07:49:28.650,0.86583,0.86591,1.00,1.00
2017.08.09 07:49:30.252,0.86583,0.86592,1.00,1.00
2017.08.09 07:49:30.990,0.86581,0.86588,1.12,1.00
2017.08.09 07:49:31.041,0.8658,0.86591,1.50,1.00
2017.08.09 07:49:31.093,0.86579,0.86589,2.62,1.00
2017.08.09 07:49:31.195,0.86577,0.86589,1.31,1.50
2017.08.09 07:49:32.073,0.86577,0.86588,2.06,1.00
2017.08.09 07:49:32.683,0.86578,0.86588,1.62,1.00
2017.08.09 07:49:33.176,0.86578,0.8659,1.62,1.87
2017.08.09 07:49:35.369,0.86578,0.86589,1.62,1.00
2017.08.09 07:49:35.925,0.86581,0.86591,1.00,1.50
2017.08.09 07:49:35.978,0.86581,0.86592,1.37,1.87
2017.08.09 07:49:36.579,0.86582,0.86593,1.00,1.50
2017.08.09 07:49:37.118,0.86582,0.86592,1.00,1.00
2017.08.09 07:49:38.589,0.86582,0.86592,1.12,1.00
2017.08.09 07:49:39.219,0.86582,0.86591,1.87,1.00
2017.08.09 07:49:41.583,0.86582,0.86592,1.00,1.00
2017.08.09 07:49:42.255,0.86583,0.86592,1.00,1.00
2017.08.09 07:49:45.846,0.86582,0.86592,1.00,1.00
2017.08.09 07:49:46.471,0.86582,0.86592,2.25,1.00
2017.08.09 07:49:47.030,0.86581,0.86592,2.25,1.00
2017.08.09 07:49:47.996,0.8658,0.86589,1.75,1.00
2017.08.09 07:49:48.048,0.8658,0.86589,1.12,1.00
2017.08.09 07:49:48.150,0.8658,0.86591,1.50,1.50
2017.08.09 07:49:48.304,0.86583,0.86591,1.12,1.00
2017.08.09 07:49:48.637,0.86583,0.86592,1.37,1.00
2017.08.09 07:49:49.740,0.86583,0.86591,1.37,1.00
2017.08.09 07:49:49.791,0.86583,0.86591,1.00,1.00
2017.08.09 07:49:50.392,0.86582,0.86591,1.00,1.00
2017.08.09 07:49:50.930,0.86582,0.86592,1.00,1.00
2017.08.09 07:49:52.168,0.86579,0.86588,3.37,1.00
2017.08.09 07:49:52.219,0.86579,0.8659,3.37,1.50
2017.08.09 07:49:52.321,0.86577,0.86589,3.00,1.12
2017.08.09 07:49:52.864,0.86578,0.86588,1.12,1.00
2017.08.09 07:49:54.395,0.86578,0.8659,1.12,1.50
2017.08.09 07:49:55.114,0.86578,0.8659,1.87,1.50
2017.08.09 07:49:56.610,0.86582,0.86592,1.00,1.00
2017.08.09 07:49:56.916,0.86582,0.86593,1.75,1.00
2017.08.09 07:49:58.271,0.86583,0.86593,1.00,1.00
2017.08.09 07:49:58.774,0.86584,0.86593,1.00,1.00
2017.08.09 07:49:59.316,0.86584,0.86592,1.00,1.00
2017.08.09 07:49:59.840,0.86585,0.86592,1.00,1.00
2017.08.09 07:50:00.168,0.86583,0.86592,1.00,1.00
2017.08.09 07:50:00.220,0.86583,0.86594,1.19,2.25
2017.08.09 07:50:00.271,0.86581,0.86591,2.62,1.00
2017.08.09 07:50:00.432,0.86583,0.86591,1.19,1.00
2017.08.09 07:50:00.484,0.86585,0.86594,1.62,1.12
2017.08.09 07:50:00.587,0.86583,0.86595,3.37,1.00
2017.08.09 07:50:01.404,0.86584,0.86594,1.00,1.00
2017.08.09 07:50:01.920,0.86582,0.86595,3.56,1.87
2017.08.09 07:50:03.073,0.86583,0.86594,2.62,1.00
2017.08.09 07:50:03.877,0.86582,0.86593,2.44,1.00
2017.08.09 07:50:04.397,0.86581,0.86592,1.87,1.12
2017.08.09 07:50:05.454,0.86581,0.8659,1.00,1.00
2017.08.09 07:50:05.651,0.86578,0.8659,2.25,1.00
2017.08.09 07:50:06.197,0.86579,0.86591,1.00,2.62
2017.08.09 07:50:06.819,0.86579,0.8659,1.50,1.00
2017.08.09 07:50:06.996,0.86581,0.86591,1.00,1.12
2017.08.09 07:50:07.578,0.86582,0.86591,1.00,1.12
2017.08.09 07:50:08.141,0.86581,0.86591,1.00,1.87
2017.08.09 07:50:08.950,0.86582,0.86591,1.00,1.87
2017.08.09 07:50:09.532,0.86582,0.86593,1.00,1.87
2017.08.09 07:50:10.035,0.86583,0.86593,1.00,1.87
2017.08.09 07:50:11.023,0.86582,0.86591,1.00,1.12
2017.08.09 07:50:11.333,0.86585,0.86595,1.00,1.75
2017.08.09 07:50:11.487,0.86588,0.86597,1.00,1.50
2017.08.09 07:50:12.004,0.86588,0.86598,1.00,1.87
2017.08.09 07:50:12.209,0.86588,0.86596,1.00,1.00
2017.08.09 07:50:13.876,0.86586,0.86596,1.00,1.00
2017.08.09 07:50:14.500,0.86586,0.86597,1.00,1.00
2017.08.09 07:50:15.482,0.86585,0.86597,2.06,1.12
2017.08.09 07:50:16.352,0.86585,0.86595,1.69,1.00
2017.08.09 07:50:17.353,0.86585,0.86596,1.69,1.00
2017.08.09 07:50:18.049,0.86585,0.86594,1.69,1.00
2017.08.09 07:50:18.576,0.86586,0.86597,1.12,1.00
2017.08.09 07:50:19.130,0.86587,0.86597,1.00,1.00
2017.08.09 07:50:20.284,0.86587,0.86598,1.12,1.87
2017.08.09 07:50:20.388,0.86586,0.86596,1.37,1.00
2017.08.09 07:50:20.926,0.86585,0.86596,1.69,1.00
2017.08.09 07:50:21.440,0.86585,0.86596,2.06,1.00
2017.08.09 07:50:21.749,0.86581,0.8659,1.00,1.00
2017.08.09 07:50:22.057,0.86579,0.86588,1.50,1.00
2017.08.09 07:50:22.160,0.86578,0.86587,1.00,1.00
2017.08.09 07:50:23.766,0.86576,0.86587,1.50,1.00
2017.08.09 07:50:24.516,0.86576,0.86585,2.25,1.00
2017.08.09 07:50:24.846,0.86583,0.8659,1.12,1.00
2017.08.09 07:50:25.155,0.8658,0.86586,1.00,1.00
2017.08.09 07:50:25.206,0.86578,0.86586,1.25,1.00
2017.08.09 07:50:25.627,0.86576,0.86583,1.12,1.00
2017.08.09 07:50:25.787,0.86574,0.86582,1.00,1.00
2017.08.09 07:50:25.840,0.86574,0.8658,1.00,1.00
2017.08.09 07:50:26.616,0.86572,0.8658,3.56,1.00
2017.08.09 07:50:27.777,0.86572,0.86581,4.31,1.00
2017.08.09 07:50:29.745,0.86572,0.86581,3.19,1.00
2017.08.09 07:50:30.510,0.86575,0.86581,1.00,1.00
2017.08.09 07:50:31.019,0.86576,0.86582,1.00,1.00
2017.08.09 07:50:32.046,0.86578,0.86586,1.12,1.00
2017.08.09 07:50:32.097,0.86581,0.86587,1.00,1.12
2017.08.09 07:50:32.150,0.86579,0.86588,1.00,1.12
2017.08.09 07:50:32.666,0.86579,0.86589,1.50,1.00
2017.08.09 07:50:33.224,0.8658,0.86589,1.00,1.00
2017.08.09 07:50:33.430,0.8658,0.86591,1.00,1.50
2017.08.09 07:50:33.964,0.86581,0.86591,1.00,1.50
2017.08.09 07:50:35.295,0.86579,0.86588,1.12,1.50
2017.08.09 07:50:35.397,0.86577,0.86586,1.00,1.87
2017.08.09 07:50:35.931,0.86576,0.86586,1.00,1.87
2017.08.09 07:50:36.805,0.86578,0.86586,1.00,1.00
2017.08.09 07:50:36.958,0.86578,0.86589,1.00,2.25
2017.08.09 07:50:37.481,0.86577,0.86587,2.25,1.12
2017.08.09 07:50:37.944,0.86575,0.86586,1.50,1.12
2017.08.09 07:50:38.927,0.86576,0.86585,1.00,1.00
2017.08.09 07:50:39.729,0.86575,0.86586,1.00,1.50
2017.08.09 07:50:41.492,0.86576,0.86586,1.00,1.87
2017.08.09 07:50:42.003,0.86576,0.86585,1.50,1.00
2017.08.09 07:50:42.518,0.86575,0.86585,1.87,1.00
2017.08.09 07:50:42.876,0.86577,0.86585,1.00,1.00
2017.08.09 07:50:42.979,0.86578,0.86588,1.00,1.50
2017.08.09 07:50:43.176,0.86579,0.86589,1.00,1.00
2017.08.09 07:50:43.688,0.86578,0.86589,1.50,2.62
2017.08.09 07:50:44.298,0.86578,0.86588,1.00,1.50
2017.08.09 07:50:45.235,0.86579,0.86589,1.00,2.25
2017.08.09 07:50:45.440,0.86579,0.86591,1.00,2.25
2017.08.09 07:50:46.003,0.86579,0.8659,1.00,1.00
2017.08.09 07:50:46.506,0.86579,0.8659,1.37,1.00
2017.08.09 07:50:47.271,0.86579,0.86589,1.37,1.00
2017.08.09 07:50:47.880,0.86579,0.8659,2.25,1.00
2017.08.09 07:50:48.395,0.8658,0.86591,1.12,1.50
2017.08.09 07:50:48.989,0.8658,0.8659,1.00,1.00
2017.08.09 07:50:49.693,0.8658,0.86589,1.50,1.00
2017.08.09 07:50:50.586,0.8658,0.86591,1.50,2.25
2017.08.09 07:50:50.638,0.86582,0.86591,1.00,1.12
2017.08.09 07:50:51.500,0.86581,0.86591,1.12,1.87
2017.08.09 07:50:51.806,0.86583,0.86591,1.00,1.87
2017.08.09 07:50:52.882,0.86582,0.8659,1.00,1.00
2017.08.09 07:50:53.492,0.86581,0.8659,1.00,1.12
2017.08.09 07:50:54.271,0.86581,0.86589,1.00,1.00
2017.08.09 07:50:54.773,0.8658,0.86589,1.00,1.00
2017.08.09 07:50:55.500,0.8658,0.86588,1.00,1.00
2017.08.09 07:50:56.262,0.8658,0.86587,1.00,1.00
2017.08.09 07:50:57.306,0.86579,0.86586,1.00,1.00
2017.08.09 07:50:58.397,0.86579,0.86585,1.00,1.00
2017.08.09 07:50:58.705,0.86577,0.86585,1.00,1.00
2017.08.09 07:51:00.012,0.86575,0.86585,1.00,1.00
2017.08.09 07:51:03.741,0.86575,0.86584,1.00,1.00
2017.08.09 07:51:04.442,0.86575,0.86585,1.00,2.25
2017.08.09 07:51:05.482,0.86578,0.86587,1.50,1.12
2017.08.09 07:51:05.637,0.86581,0.86592,1.50,1.87
2017.08.09 07:51:06.457,0.86583,0.86592,1.00,1.12
2017.08.09 07:51:06.559,0.86581,0.8659,3.00,1.00
2017.08.09 07:51:06.765,0.86576,0.86586,1.25,1.12
2017.08.09 07:51:07.277,0.86576,0.86585,1.00,1.12
2017.08.09 07:51:07.790,0.86575,0.86585,1.00,1.87
2017.08.09 07:51:08.308,0.86574,0.86584,1.25,1.00
2017.08.09 07:51:08.360,0.86574,0.86586,3.19,1.00
2017.08.09 07:51:08.862,0.86576,0.86587,2.44,1.00
2017.08.09 07:51:09.402,0.86576,0.86588,2.44,1.87
2017.08.09 07:51:10.280,0.86579,0.86587,1.00,1.00
2017.08.09 07:51:10.596,0.8658,0.86589,1.00,1.12
2017.08.09 07:51:10.851,0.86581,0.86591,1.12,1.00
2017.08.09 07:51:11.054,0.86585,0.86592,1.00,1.00
2017.08.09 07:51:11.158,0.86585,0.86595,1.00,1.12
2017.08.09 07:51:11.932,0.86584,0.86594,1.00,1.00
2017.08.09 07:51:13.710,0.86583,0.86594,1.87,1.00
2017.08.09 07:51:14.838,0.86584,0.86594,1.00,1.12
2017.08.09 07:51:15.368,0.86583,0.86593,1.31,1.00
2017.08.09 07:51:16.160,0.86583,0.86594,1.19,1.50
2017.08.09 07:51:16.759,0.86585,0.86593,1.00,1.00
2017.08.09 07:51:17.220,0.86583,0.86591,1.69,1.00
2017.08.09 07:51:17.599,0.86583,0.86593,1.69,1.00
2017.08.09 07:51:18.660,0.86583,0.86592,1.19,1.00
2017.08.09 07:51:18.868,0.86581,0.86591,2.44,1.50
2017.08.09 07:51:19.311,0.8658,0.86589,1.69,1.00
2017.08.09 07:51:19.362,0.86579,0.86589,1.19,1.87
2017.08.09 07:51:21.068,0.8658,0.8659,1.25,1.87
2017.08.09 07:51:22.001,0.8658,0.86589,1.25,1.00
2017.08.09 07:51:22.555,0.86581,0.8659,1.00,1.12
2017.08.09 07:51:23.346,0.86582,0.8659,1.00,1.00
2017.08.09 07:51:23.747,0.86584,0.86592,1.00,1.00
2017.08.09 07:51:23.799,0.86585,0.86595,1.00,1.87
2017.08.09 07:51:23.904,0.86587,0.86595,1.00,1.00
2017.08.09 07:51:24.381,0.86584,0.86593,1.00,1.87
2017.08.09 07:51:24.923,0.86585,0.86593,1.25,1.00
2017.08.09 07:51:25.466,0.86583,0.86591,1.00,1.00
2017.08.09 07:51:25.977,0.86583,0.86592,1.50,1.12
2017.08.09 07:51:26.131,0.86584,0.86594,1.00,1.00
2017.08.09 07:51:26.303,0.86586,0.86594,1.00,1.00
2017.08.09 07:51:26.633,0.86585,0.86592,1.00,1.00
2017.08.09 07:51:27.175,0.86583,0.86592,2.06,1.00
2017.08.09 07:51:28.424,0.86582,0.8659,2.06,1.00
2017.08.09 07:51:28.476,0.8658,0.86589,3.19,1.00
2017.08.09 07:51:28.580,0.8658,0.86588,1.00,1.00
2017.08.09 07:51:30.852,0.86579,0.86587,1.12,1.00
2017.08.09 07:51:31.051,0.86576,0.86586,2.06,1.00
2017.08.09 07:51:31.103,0.86576,0.86584,1.69,1.00
2017.08.09 07:51:31.257,0.86574,0.86584,1.69,1.50
2017.08.09 07:51:31.781,0.86575,0.86584,1.00,1.00
2017.08.09 07:51:31.938,0.86575,0.86586,2.25,1.50
2017.08.09 07:51:32.144,0.86576,0.86588,2.44,1.12
2017.08.09 07:51:32.401,0.86579,0.8659,1.56,1.50
2017.08.09 07:51:32.921,0.86581,0.8659,1.25,1.00
2017.08.09 07:51:33.219,0.86581,0.86592,1.25,2.62
2017.08.09 07:51:33.775,0.86581,0.86592,1.25,2.25
2017.08.09 07:51:34.552,0.8658,0.86591,1.00,1.50
2017.08.09 07:51:34.819,0.86581,0.86589,1.00,1.00
2017.08.09 07:51:35.330,0.8658,0.86588,1.00,1.00
2017.08.09 07:51:35.888,0.86579,0.86588,1.00,1.00
2017.08.09 07:51:38.535,0.86579,0.86589,1.00,1.00
2017.08.09 07:51:39.036,0.86579,0.86588,1.00,1.00
2017.08.09 07:51:39.664,0.86579,0.86586,1.00,1.00
2017.08.09 07:51:40.721,0.86579,0.86588,1.00,1.00
2017.08.09 07:51:41.227,0.86579,0.86589,1.25,1.00
2017.08.09 07:51:41.400,0.86579,0.86587,1.25,1.00
2017.08.09 07:51:41.914,0.86578,0.86587,1.50,1.00
2017.08.09 07:51:42.068,0.86578,0.86589,1.50,1.12
2017.08.09 07:51:43.358,0.86579,0.86589,1.00,1.12
2017.08.09 07:51:43.902,0.86577,0.86588,2.44,1.00
2017.08.09 07:51:45.451,0.86577,0.86586,1.50,1.00
2017.08.09 07:51:46.270,0.86577,0.86585,1.00,1.00
2017.08.09 07:51:46.778,0.86575,0.86581,1.00,1.00
2017.08.09 07:51:46.978,0.86571,0.86581,1.12,1.37
2017.08.09 07:51:47.234,0.8657,0.86582,1.87,3.00
2017.08.09 07:51:47.286,0.8657,0.8658,1.00,1.00
2017.08.09 07:51:47.388,0.8657,0.86582,1.00,3.37
2017.08.09 07:51:47.676,0.8657,0.8658,1.50,1.00
2017.08.09 07:51:48.225,0.86571,0.86581,1.00,1.50
2017.08.09 07:51:48.801,0.8657,0.8658,1.87,1.00
2017.08.09 07:51:49.637,0.8657,0.8658,1.37,1.50
2017.08.09 07:51:49.961,0.8657,0.8658,1.00,1.50
2017.08.09 07:51:50.162,0.86571,0.86583,2.25,1.37
2017.08.09 07:51:50.796,0.86572,0.86583,1.00,1.87
2017.08.09 07:51:51.800,0.8657,0.86582,2.62,1.12
2017.08.09 07:51:51.903,0.86569,0.8658,3.00,1.00
2017.08.09 07:51:52.226,0.8657,0.86582,2.44,2.25
2017.08.09 07:51:52.743,0.8657,0.86582,1.12,2.62
2017.08.09 07:51:53.463,0.8657,0.86581,2.25,1.12
2017.08.09 07:51:54.614,0.86572,0.86582,1.12,1.12
2017.08.09 07:51:55.258,0.86572,0.86582,2.06,1.00
2017.08.09 07:51:55.566,0.86575,0.86585,1.37,1.87
2017.08.09 07:51:55.618,0.86573,0.86584,1.69,1.00
2017.08.09 07:51:56.188,0.86573,0.86584,1.25,1.50
2017.08.09 07:51:56.828,0.86573,0.86584,1.25,1.87
2017.08.09 07:51:57.965,0.86572,0.86583,3.56,1.87
2017.08.09 07:52:00.074,0.86573,0.86583,1.31,1.12
2017.08.09 07:52:00.533,0.86572,0.86583,1.12,1.50
2017.08.09 07:52:00.586,0.86572,0.86582,3.56,1.00
2017.08.09 07:52:00.994,0.86574,0.86584,1.00,1.87
2017.08.09 07:52:01.594,0.86573,0.86583,1.69,1.00
2017.08.09 07:52:02.915,0.86573,0.86581,1.25,1.00
2017.08.09 07:52:03.492,0.86574,0.86581,1.00,1.00
2017.08.09 07:52:03.965,0.86576,0.86583,1.00,1.00
2017.08.09 07:52:04.475,0.86575,0.86584,1.00,1.00
2017.08.09 07:52:04.872,0.86576,0.86586,1.00,1.00
2017.08.09 07:52:05.394,0.86576,0.86586,1.50,1.37
2017.08.09 07:52:05.519,0.86578,0.86587,1.00,2.62
2017.08.09 07:52:06.039,0.86579,0.86586,1.00,1.00
2017.08.09 07:52:06.552,0.86578,0.86587,1.12,1.00
2017.08.09 07:52:07.062,0.86577,0.86586,2.62,1.00
2017.08.09 07:52:07.619,0.86577,0.86585,1.37,1.00
2017.08.09 07:52:07.768,0.86576,0.86585,1.00,1.00
2017.08.09 07:52:08.334,0.86575,0.86585,1.12,1.00
2017.08.09 07:52:08.846,0.86575,0.86584,1.37,1.00
2017.08.09 07:52:10.280,0.86575,0.86583,1.37,1.00
2017.08.09 07:52:10.332,0.86575,0.86585,1.37,1.00
2017.08.09 07:52:10.915,0.86575,0.86583,1.37,1.00
2017.08.09 07:52:10.966,0.86575,0.86586,1.50,1.00
2017.08.09 07:52:11.623,0.86577,0.86586,1.00,1.00
2017.08.09 07:52:12.257,0.86577,0.86585,1.50,1.00
2017.08.09 07:52:12.796,0.86576,0.86584,1.12,1.00
2017.08.09 07:52:13.341,0.86575,0.86585,1.87,1.00
2017.08.09 07:52:13.892,0.86576,0.86586,1.00,1.00
2017.08.09 07:52:15.050,0.86575,0.86585,2.25,1.00
2017.08.09 07:52:16.916,0.86575,0.86584,1.12,1.00
2017.08.09 07:52:18.480,0.86575,0.86585,1.12,1.00
2017.08.09 07:52:18.778,0.86573,0.86581,2.25,1.00
2017.08.09 07:52:18.880,0.86571,0.86581,2.62,1.00
2017.08.09 07:52:19.752,0.86571,0.86583,1.00,2.25
2017.08.09 07:52:19.856,0.86569,0.8658,4.12,1.00
2017.08.09 07:52:20.575,0.86569,0.86579,1.12,2.25
2017.08.09 07:52:21.698,0.86569,0.86579,1.00,3.00
2017.08.09 07:52:22.288,0.86569,0.86577,1.50,1.00
2017.08.09 07:52:22.945,0.86568,0.86577,1.00,1.00
2017.08.09 07:52:23.178,0.86565,0.86575,1.87,1.50
2017.08.09 07:52:23.231,0.86567,0.86577,1.00,1.87
2017.08.09 07:52:23.538,0.86567,0.86575,1.00,1.00
2017.08.09 07:52:24.319,0.86566,0.86575,1.87,1.00
2017.08.09 07:52:24.905,0.86566,0.86576,1.87,1.00
2017.08.09 07:52:25.511,0.86566,0.86577,1.87,1.00
2017.08.09 07:52:26.019,0.86565,0.86578,3.19,1.87
2017.08.09 07:52:26.566,0.86566,0.86578,1.37,1.87
2017.08.09 07:52:28.388,0.86567,0.86579,2.06,1.00
2017.08.09 07:52:28.695,0.86571,0.8658,1.12,1.00
2017.08.09 07:52:29.245,0.86571,0.86581,1.00,1.00
2017.08.09 07:52:30.626,0.8657,0.86581,1.00,1.00
2017.08.09 07:52:31.145,0.86569,0.86581,2.62,1.50
2017.08.09 07:52:31.463,0.86571,0.8658,1.00,1.00
2017.08.09 07:52:31.964,0.8657,0.86581,1.00,1.50
2017.08.09 07:52:32.602,0.86569,0.8658,2.25,1.00
2017.08.09 07:52:32.929,0.86569,0.86578,1.00,1.00
2017.08.09 07:52:33.572,0.8657,0.86578,1.00,1.00
2017.08.09 07:52:34.419,0.8657,0.86579,1.00,1.00
2017.08.09 07:52:34.935,0.86569,0.86578,2.25,1.00
2017.08.09 07:52:35.468,0.8657,0.86578,1.00,1.00
2017.08.09 07:52:36.414,0.8657,0.86581,1.00,2.25
2017.08.09 07:52:37.107,0.86571,0.86579,1.00,1.00
2017.08.09 07:52:38.023,0.86572,0.8658,1.00,1.00
2017.08.09 07:52:38.126,0.86572,0.86582,1.50,1.50
2017.08.09 07:52:40.898,0.86572,0.86581,1.00,1.50
2017.08.09 07:52:41.206,0.86573,0.86583,1.12,1.50
2017.08.09 07:52:44.196,0.86571,0.86581,3.00,1.00
2017.08.09 07:52:44.847,0.86571,0.86581,3.00,1.00
2017.08.09 07:52:45.355,0.86571,0.86582,3.00,1.00
2017.08.09 07:52:45.871,0.86571,0.86581,1.37,1.00
2017.08.09 07:52:46.502,0.86569,0.86579,1.87,1.00
2017.08.09 07:52:47.143,0.8657,0.8658,1.00,1.50
2017.08.09 07:52:48.542,0.86567,0.86575,1.00,1.00
2017.08.09 07:52:50.237,0.86565,0.86574,1.00,1.00
2017.08.09 07:52:50.443,0.86566,0.86577,1.00,3.00
2017.08.09 07:52:50.976,0.86567,0.86577,1.12,1.00
2017.08.09 07:52:51.491,0.86566,0.86576,1.12,1.00
2017.08.09 07:52:52.219,0.86565,0.86576,1.50,1.00
2017.08.09 07:52:52.270,0.86568,0.86576,1.00,1.00
2017.08.09 07:52:52.910,0.86568,0.86577,1.00,1.50
2017.08.09 07:52:53.482,0.86568,0.86576,1.00,1.00
2017.08.09 07:52:56.040,0.8657,0.86578,1.00,1.37
2017.08.09 07:52:56.092,0.8657,0.8658,1.00,1.00
2017.08.09 07:52:56.246,0.86571,0.86583,2.25,3.75
2017.08.09 07:52:56.298,0.86572,0.86583,1.12,3.00
2017.08.09 07:52:56.350,0.86571,0.86583,1.50,2.62
2017.08.09 07:52:56.607,0.86571,0.86581,2.25,1.00
2017.08.09 07:52:56.761,0.86572,0.86583,1.12,1.50
2017.08.09 07:52:56.864,0.86573,0.86585,1.12,1.50
2017.08.09 07:52:57.066,0.86574,0.86586,1.50,3.00
2017.08.09 07:52:57.374,0.86573,0.86584,1.50,1.00
2017.08.09 07:52:57.894,0.86573,0.86584,1.00,1.00
2017.08.09 07:52:58.567,0.86572,0.86583,2.25,1.00
2017.08.09 07:52:58.873,0.86572,0.86581,1.50,1.00
2017.08.09 07:53:00.257,0.86571,0.86581,1.87,1.50
2017.08.09 07:53:00.594,0.86569,0.86581,3.00,1.00
2017.08.09 07:53:00.697,0.86569,0.86579,2.25,1.00
2017.08.09 07:53:01.495,0.86572,0.86579,1.00,1.00
2017.08.09 07:53:02.008,0.86573,0.86581,1.00,1.12
2017.08.09 07:53:03.945,0.86573,0.86579,1.00,1.00
2017.08.09 07:53:04.597,0.86573,0.86581,1.00,1.00
2017.08.09 07:53:04.812,0.86574,0.86583,1.00,1.00
2017.08.09 07:53:04.966,0.86574,0.86581,1.00,1.00
2017.08.09 07:53:05.597,0.86573,0.86581,1.00,1.00
2017.08.09 07:53:06.146,0.86572,0.86581,1.00,1.00
2017.08.09 07:53:06.465,0.86568,0.86576,1.75,1.00
2017.08.09 07:53:06.773,0.86567,0.86572,1.00,1.00
2017.08.09 07:53:08.054,0.86567,0.86573,1.00,1.00
2017.08.09 07:53:09.655,0.86564,0.86569,1.00,1.00
2017.08.09 07:53:09.758,0.86561,0.86569,1.00,1.37
2017.08.09 07:53:09.809,0.86559,0.86568,1.00,1.12
2017.08.09 07:53:09.862,0.86557,0.86568,2.62,1.87
2017.08.09 07:53:10.848,0.86558,0.86565,1.00,1.00
2017.08.09 07:53:11.720,0.86556,0.86566,1.00,1.37
2017.08.09 07:53:12.154,0.86558,0.86564,1.00,1.00
2017.08.09 07:53:12.321,0.86556,0.86564,1.00,1.00
2017.08.09 07:53:13.441,0.86556,0.86565,1.00,1.00
2017.08.09 07:53:13.492,0.86555,0.86563,1.00,1.00
2017.08.09 07:53:14.011,0.86555,0.86563,1.00,1.50
2017.08.09 07:53:15.125,0.86554,0.86564,1.50,1.75
2017.08.09 07:53:15.176,0.86554,0.86564,1.50,1.25
2017.08.09 07:53:15.694,0.86555,0.86565,1.00,2.44
2017.08.09 07:53:16.231,0.86556,0.86564,1.00,1.12
2017.08.09 07:53:18.432,0.86555,0.86564,1.00,1.00
2017.08.09 07:53:18.934,0.86554,0.86563,1.00,1.00
2017.08.09 07:53:19.646,0.86554,0.86564,1.00,1.00
2017.08.09 07:53:21.810,0.86555,0.86566,1.00,4.31
2017.08.09 07:53:22.017,0.86556,0.86566,1.87,1.00
2017.08.09 07:53:22.556,0.86557,0.86568,1.50,3.56
2017.08.09 07:53:23.059,0.86556,0.86566,1.00,1.87
2017.08.09 07:53:23.605,0.86555,0.86566,1.50,1.87
2017.08.09 07:53:24.029,0.86555,0.86563,1.00,1.00
2017.08.09 07:53:24.566,0.86555,0.86562,1.00,1.00
2017.08.09 07:53:25.114,0.86553,0.86561,1.00,1.00
2017.08.09 07:53:25.407,0.86553,0.86563,1.00,1.12
2017.08.09 07:53:26.985,0.86554,0.86563,1.00,1.12
2017.08.09 07:53:27.362,0.86554,0.86565,1.00,1.50
2017.08.09 07:53:27.870,0.86556,0.86566,1.00,1.00
2017.08.09 07:53:28.176,0.86559,0.86566,1.00,1.00
2017.08.09 07:53:28.485,0.86565,0.86572,1.00,1.37
2017.08.09 07:53:28.633,0.86566,0.86573,1.00,1.25
2017.08.09 07:53:29.014,0.86565,0.86571,1.00,1.00
2017.08.09 07:53:29.593,0.86565,0.86573,1.00,2.06
2017.08.09 07:53:29.697,0.86567,0.86574,1.00,1.12
2017.08.09 07:53:31.641,0.86567,0.86575,1.00,1.69
2017.08.09 07:53:32.173,0.86568,0.86575,1.00,1.00
2017.08.09 07:53:33.103,0.86568,0.86574,1.00,1.00
2017.08.09 07:53:34.977,0.86568,0.86576,1.00,1.00
2017.08.09 07:53:35.355,0.86571,0.86576,1.00,1.00
2017.08.09 07:53:35.508,0.86571,0.86578,1.00,1.00
2017.08.09 07:53:36.332,0.86573,0.86579,1.00,1.00
2017.08.09 07:53:36.998,0.86572,0.86579,1.00,1.00
2017.08.09 07:53:37.662,0.86573,0.86579,1.00,1.00
2017.08.09 07:53:38.909,0.86572,0.86578,1.00,1.00
2017.08.09 07:53:39.362,0.86571,0.86576,1.00,1.00
2017.08.09 07:53:39.969,0.8657,0.86576,1.00,1.00
2017.08.09 07:53:40.276,0.86573,0.86579,1.00,1.00
2017.08.09 07:53:40.584,0.86575,0.86582,1.00,1.56
2017.08.09 07:53:40.901,0.86577,0.86583,1.00,1.25
2017.08.09 07:53:41.507,0.86576,0.86583,1.00,1.00
2017.08.09 07:53:42.186,0.86576,0.86584,1.00,1.25
2017.08.09 07:53:42.708,0.86576,0.86583,1.00,1.00
2017.08.09 07:53:45.701,0.86576,0.86585,1.00,1.87
2017.08.09 07:53:46.210,0.86577,0.86585,1.00,1.12
2017.08.09 07:53:46.761,0.86579,0.86587,1.00,1.00
2017.08.09 07:53:47.313,0.86579,0.86586,1.00,1.00
2017.08.09 07:53:48.663,0.8658,0.86586,1.00,1.00
2017.08.09 07:53:49.142,0.86581,0.86588,1.00,1.00
2017.08.09 07:53:49.791,0.86582,0.86589,1.00,1.12
2017.08.09 07:53:51.408,0.8658,0.86586,1.00,1.00
2017.08.09 07:53:51.929,0.86579,0.86587,1.00,1.12
2017.08.09 07:53:54.124,0.86579,0.86586,1.00,1.00
2017.08.09 07:53:54.544,0.86581,0.86588,1.00,1.12
2017.08.09 07:53:54.705,0.86585,0.86593,1.00,1.00
2017.08.09 07:53:54.859,0.86585,0.86591,1.00,1.37
2017.08.09 07:53:55.439,0.86584,0.86593,1.00,1.87
2017.08.09 07:53:55.961,0.86585,0.86592,1.00,1.12
2017.08.09 07:53:56.479,0.86586,0.86594,1.00,1.00
2017.08.09 07:53:56.532,0.86588,0.86595,1.00,1.37
2017.08.09 07:53:56.689,0.86585,0.86592,1.00,1.50
2017.08.09 07:53:56.793,0.86587,0.86593,1.00,1.50
2017.08.09 07:53:56.998,0.86584,0.86592,1.00,1.12
2017.08.09 07:53:57.050,0.86583,0.8659,1.00,1.00
2017.08.09 07:53:58.918,0.86583,0.86589,1.00,1.00
2017.08.09 07:53:59.531,0.86581,0.86589,1.00,1.50
2017.08.09 07:54:00.039,0.86582,0.86589,1.00,1.00
2017.08.09 07:54:00.142,0.8658,0.86588,1.00,1.12
2017.08.09 07:54:00.193,0.86583,0.8659,1.00,1.00
2017.08.09 07:54:00.501,0.86586,0.86593,1.00,1.00
2017.08.09 07:54:01.026,0.86586,0.86594,1.00,1.12
2017.08.09 07:54:01.535,0.86587,0.86593,1.00,1.00
2017.08.09 07:54:02.152,0.86587,0.86595,1.00,2.25
2017.08.09 07:54:02.728,0.86587,0.86595,1.00,1.00
2017.08.09 07:54:03.095,0.8659,0.86597,1.00,1.00
2017.08.09 07:54:03.592,0.86588,0.86597,1.00,1.12
2017.08.09 07:54:03.983,0.86588,0.86595,1.00,1.00
2017.08.09 07:54:04.487,0.86587,0.86595,1.00,1.00
2017.08.09 07:54:05.260,0.8659,0.86596,1.00,1.00
2017.08.09 07:54:05.538,0.86591,0.86599,1.00,1.50
2017.08.09 07:54:06.651,0.86591,0.86598,1.00,2.25
2017.08.09 07:54:07.901,0.86591,0.86595,1.00,1.00
2017.08.09 07:54:09.624,0.86589,0.86595,1.00,1.00
2017.08.09 07:54:10.266,0.86588,0.86595,1.00,1.00
2017.08.09 07:54:11.226,0.86588,0.86597,1.00,1.87
2017.08.09 07:54:11.279,0.86588,0.86595,1.00,1.00
2017.08.09 07:54:12.595,0.86588,0.86596,1.00,1.12
2017.08.09 07:54:13.173,0.86588,0.86595,1.00,1.50
2017.08.09 07:54:13.482,0.86585,0.86592,1.00,1.00
2017.08.09 07:54:14.939,0.86587,0.86593,1.00,1.00
2017.08.09 07:54:15.452,0.86587,0.86594,1.00,1.87
2017.08.09 07:54:16.492,0.86585,0.86593,1.00,1.12
2017.08.09 07:54:17.032,0.86586,0.86593,1.00,1.12
2017.08.09 07:54:18.441,0.86586,0.86592,1.00,1.00
2017.08.09 07:54:19.554,0.86586,0.86594,1.00,1.50
2017.08.09 07:54:20.151,0.86587,0.86595,1.00,1.87
2017.08.09 07:54:20.734,0.86588,0.86594,1.00,1.50
2017.08.09 07:54:20.787,0.86588,0.86595,1.00,1.00
2017.08.09 07:54:21.159,0.8659,0.86596,1.00,1.00
2017.08.09 07:54:21.702,0.8659,0.86597,1.00,1.12
2017.08.09 07:54:22.246,0.86591,0.86599,1.00,2.25
2017.08.09 07:54:22.401,0.86591,0.866,1.00,1.12
2017.08.09 07:54:23.196,0.86591,0.86599,1.00,1.00
2017.08.09 07:54:23.702,0.8659,0.86598,1.00,1.00
2017.08.09 07:54:24.674,0.8659,0.86597,1.00,1.00
2017.08.09 07:54:26.373,0.8659,0.86598,1.00,1.50
2017.08.09 07:54:26.884,0.86589,0.86598,1.00,2.62
2017.08.09 07:54:27.714,0.8659,0.86598,1.00,1.37
2017.08.09 07:54:28.306,0.8659,0.86599,1.00,1.87
2017.08.09 07:54:35.215,0.8659,0.86597,1.00,1.00
2017.08.09 07:54:35.997,0.8659,0.86598,1.00,1.50
2017.08.09 07:54:36.100,0.8659,0.86596,1.00,1.50
2017.08.09 07:54:36.202,0.86588,0.86595,1.00,1.00
2017.08.09 07:54:36.662,0.86589,0.86597,1.00,1.50
2017.08.09 07:54:43.063,0.86591,0.86597,1.00,1.00
2017.08.09 07:54:43.591,0.8659,0.86597,1.00,1.00
2017.08.09 07:54:44.384,0.86588,0.86594,1.00,1.00
2017.08.09 07:54:48.380,0.86587,0.86594,1.12,1.00
2017.08.09 07:54:50.152,0.86588,0.86594,1.00,1.00
2017.08.09 07:54:50.720,0.86587,0.86594,1.00,1.00
2017.08.09 07:54:51.638,0.86587,0.86596,1.00,1.00
2017.08.09 07:54:52.175,0.86588,0.86596,1.00,1.00
2017.08.09 07:54:57.177,0.86588,0.86596,2.25,1.00
2017.08.09 07:54:57.788,0.86588,0.86596,1.50,1.00
2017.08.09 07:55:01.928,0.86586,0.86595,1.12,1.00
2017.08.09 07:55:02.740,0.86585,0.86593,1.37,1.00
2017.08.09 07:55:03.265,0.86584,0.86593,2.25,1.50
2017.08.09 07:55:03.316,0.86584,0.86595,2.25,1.87
2017.08.09 07:55:03.777,0.86584,0.86594,2.25,1.50
2017.08.09 07:55:03.880,0.86584,0.86593,1.37,1.00
2017.08.09 07:55:04.287,0.86587,0.86594,1.00,1.00
2017.08.09 07:55:05.378,0.86587,0.86596,1.50,2.62
2017.08.09 07:55:05.902,0.86588,0.86596,1.00,1.12
2017.08.09 07:55:06.429,0.86589,0.86597,1.00,2.06
2017.08.09 07:55:07.920,0.86589,0.86597,1.00,2.00
2017.08.09 07:55:08.422,0.86589,0.86598,1.00,2.06
2017.08.09 07:55:09.079,0.86589,0.86598,1.00,1.19
2017.08.09 07:55:09.131,0.86587,0.86598,2.62,1.19
2017.08.09 07:55:09.368,0.86588,0.86599,1.00,1.25
2017.08.09 07:55:10.071,0.86588,0.86599,3.00,1.25
2017.08.09 07:55:10.779,0.86588,0.86598,3.00,1.00
2017.08.09 07:55:11.183,0.86588,0.866,3.00,2.44
2017.08.09 07:55:13.869,0.86588,0.866,2.25,1.69
2017.08.09 07:55:14.044,0.86591,0.86601,1.00,2.44
2017.08.09 07:55:14.392,0.86588,0.86599,2.25,2.81
2017.08.09 07:55:14.994,0.86588,0.86598,2.25,1.31
2017.08.09 07:55:15.516,0.86588,0.86598,1.50,1.87
2017.08.09 07:55:16.089,0.86588,0.86598,1.50,2.25
2017.08.09 07:55:16.528,0.86586,0.86597,2.62,1.12
2017.08.09 07:55:17.042,0.86586,0.86596,1.50,1.00
2017.08.09 07:55:17.607,0.86586,0.86597,2.25,1.00
2017.08.09 07:55:17.990,0.8659,0.86599,1.00,2.25
2017.08.09 07:55:18.497,0.86591,0.866,1.00,1.12
2017.08.09 07:55:19.225,0.86589,0.866,1.50,1.87
2017.08.09 07:55:20.645,0.86589,0.86598,1.00,1.00
2017.08.09 07:55:21.919,0.86587,0.86598,2.25,1.00
2017.08.09 07:55:23.438,0.86587,0.86597,1.50,1.00
2017.08.09 07:55:24.130,0.86589,0.86598,1.00,1.87
2017.08.09 07:55:24.554,0.86587,0.86595,1.00,1.00
2017.08.09 07:55:25.085,0.86586,0.86595,1.12,1.00
2017.08.09 07:55:25.671,0.86586,0.86596,1.87,1.00
2017.08.09 07:55:26.816,0.86586,0.86595,1.12,1.12
2017.08.09 07:55:29.127,0.86586,0.86597,1.12,1.50
2017.08.09 07:55:29.724,0.86588,0.86597,1.00,1.50
2017.08.09 07:55:30.259,0.86587,0.86597,1.00,1.50
2017.08.09 07:55:33.729,0.86587,0.86597,1.00,2.62
2017.08.09 07:55:34.260,0.86585,0.86597,2.81,2.62
2017.08.09 07:55:35.035,0.86586,0.86598,1.25,1.50
2017.08.09 07:55:35.214,0.86585,0.86595,1.50,1.50
2017.08.09 07:55:36.228,0.86586,0.86595,1.00,1.00
2017.08.09 07:55:37.220,0.86585,0.86596,1.12,2.25
2017.08.09 07:55:37.841,0.86585,0.86595,1.12,1.50
2017.08.09 07:55:38.238,0.86585,0.86593,1.12,1.00
2017.08.09 07:55:43.503,0.86585,0.86595,1.00,1.50
2017.08.09 07:55:51.990,0.86585,0.86593,1.00,1.00
2017.08.09 07:55:56.219,0.86585,0.86594,1.50,1.00
2017.08.09 07:55:56.756,0.86585,0.86595,1.00,1.50
2017.08.09 07:55:57.538,0.86585,0.86596,3.37,1.00
2017.08.09 07:55:58.149,0.86585,0.86597,3.75,2.25
2017.08.09 07:55:59.953,0.86586,0.86597,1.50,1.50
2017.08.09 07:56:00.710,0.86586,0.86597,2.25,1.00
2017.08.09 07:56:01.370,0.86586,0.86596,1.87,1.00
2017.08.09 07:56:02.462,0.86586,0.86595,1.12,1.00
2017.08.09 07:56:02.937,0.86587,0.86597,1.00,1.00
2017.08.09 07:56:03.469,0.86586,0.86597,1.50,1.87
2017.08.09 07:56:04.061,0.86585,0.86596,3.00,1.00
2017.08.09 07:56:04.634,0.86585,0.86595,2.25,1.00
2017.08.09 07:56:05.173,0.86586,0.86596,1.00,1.00
2017.08.09 07:56:05.689,0.86585,0.86595,1.00,1.00
2017.08.09 07:56:06.239,0.86584,0.86595,2.44,1.00
2017.08.09 07:56:07.056,0.86584,0.86594,2.06,1.00
2017.08.09 07:56:07.622,0.86584,0.86595,2.81,1.00
2017.08.09 07:56:08.126,0.86584,0.86594,1.69,1.50
2017.08.09 07:56:10.168,0.86583,0.86593,1.87,1.00
2017.08.09 07:56:10.942,0.86583,0.86594,2.62,1.00
2017.08.09 07:56:14.712,0.86584,0.86594,1.00,1.00
2017.08.09 07:56:15.712,0.86585,0.86595,2.44,1.00
2017.08.09 07:56:16.252,0.86586,0.86595,1.12,1.00
2017.08.09 07:56:17.089,0.86586,0.86596,1.50,1.50
2017.08.09 07:56:20.089,0.8659,0.86596,1.00,1.00
2017.08.09 07:56:20.591,0.86589,0.86597,1.00,1.00
2017.08.09 07:56:21.138,0.86589,0.86596,1.00,1.00
2017.08.09 07:56:21.771,0.86589,0.86595,1.00,1.00
2017.08.09 07:56:22.303,0.86589,0.86596,1.00,1.00
2017.08.09 07:56:22.983,0.86589,0.86597,1.00,1.12
2017.08.09 07:56:25.218,0.86589,0.86596,1.00,1.00
2017.08.09 07:56:26.051,0.86588,0.86594,1.00,1.00
2017.08.09 07:56:26.705,0.86588,0.86593,1.00,1.00
2017.08.09 07:56:27.730,0.8659,0.86595,1.00,1.00
2017.08.09 07:56:27.782,0.8659,0.86597,1.00,1.00
2017.08.09 07:56:28.781,0.8659,0.86598,1.00,1.00
2017.08.09 07:56:34.403,0.8659,0.86596,1.00,1.00
2017.08.09 07:56:34.800,0.86588,0.86596,1.00,1.00
2017.08.09 07:56:34.851,0.86587,0.86594,1.00,1.00
2017.08.09 07:56:35.388,0.86586,0.86593,1.00,1.12
2017.08.09 07:56:38.377,0.86585,0.86594,1.00,1.00
2017.08.09 07:56:39.183,0.86585,0.86593,1.00,1.00
2017.08.09 07:56:39.700,0.86585,0.86594,1.00,1.12
2017.08.09 07:56:40.185,0.86585,0.86592,1.00,1.00
2017.08.09 07:56:40.984,0.86586,0.86594,1.00,2.25
2017.08.09 07:56:41.522,0.86587,0.86594,1.00,1.00
2017.08.09 07:56:42.292,0.86587,0.86595,1.00,1.12
2017.08.09 07:56:45.528,0.86587,0.86594,1.00,1.00
2017.08.09 07:56:47.290,0.86586,0.86594,1.00,1.12
2017.08.09 07:56:48.334,0.86586,0.86592,1.00,1.00
2017.08.09 07:56:48.977,0.86586,0.86593,1.00,1.00
2017.08.09 07:56:51.061,0.86586,0.86594,1.00,1.50
2017.08.09 07:56:52.722,0.86584,0.86592,1.00,1.00
2017.08.09 07:56:53.592,0.86583,0.86592,1.00,1.00
2017.08.09 07:56:54.258,0.86583,0.86591,1.00,1.00
2017.08.09 07:56:54.791,0.86582,0.86591,1.00,1.50
2017.08.09 07:56:55.127,0.86579,0.86588,1.87,1.00
2017.08.09 07:56:55.538,0.8658,0.8659,1.12,1.00
2017.08.09 07:56:55.796,0.86582,0.86589,1.00,1.00
2017.08.09 07:56:56.294,0.8658,0.86587,1.12,1.00
2017.08.09 07:56:56.651,0.86578,0.86586,1.31,1.00
2017.08.09 07:56:56.702,0.8658,0.86588,1.00,1.00
2017.08.09 07:56:56.952,0.86577,0.86586,2.81,1.00
2017.08.09 07:56:57.004,0.86579,0.86589,1.00,1.00
2017.08.09 07:56:57.529,0.8658,0.86588,3.37,1.00
2017.08.09 07:56:58.448,0.86581,0.86588,1.00,1.00
2017.08.09 07:56:59.439,0.8658,0.86588,3.37,1.00
2017.08.09 07:56:59.625,0.86581,0.8659,1.00,1.00
2017.08.09 07:57:00.429,0.86581,0.8659,1.87,1.00
2017.08.09 07:57:00.960,0.86581,0.86591,2.62,1.00
2017.08.09 07:57:01.400,0.86581,0.86589,1.00,1.00
2017.08.09 07:57:01.709,0.86583,0.8659,1.00,1.00
2017.08.09 07:57:01.762,0.86583,0.86592,1.00,1.00
2017.08.09 07:57:02.459,0.86583,0.86592,2.62,1.00
2017.08.09 07:57:02.511,0.86583,0.86594,3.56,1.00
2017.08.09 07:57:03.055,0.86586,0.86595,1.00,1.00
2017.08.09 07:57:03.591,0.86586,0.86594,1.00,1.00
2017.08.09 07:57:04.811,0.86585,0.86594,1.50,1.00
2017.08.09 07:57:05.327,0.86586,0.86594,1.00,1.00
2017.08.09 07:57:05.738,0.86589,0.86596,1.00,1.00
2017.08.09 07:57:05.791,0.86589,0.86598,1.87,1.00
2017.08.09 07:57:06.150,0.86591,0.86598,1.00,1.00
2017.08.09 07:57:06.461,0.86591,0.86596,1.00,1.00
2017.08.09 07:57:06.667,0.86589,0.86596,1.00,1.00
2017.08.09 07:57:07.170,0.86588,0.86596,1.50,1.00
2017.08.09 07:57:09.319,0.86588,0.86595,1.50,1.00
2017.08.09 07:57:09.575,0.86586,0.86594,1.12,1.00
2017.08.09 07:57:10.084,0.86585,0.86594,2.62,1.00
2017.08.09 07:57:11.886,0.86585,0.86593,2.62,1.00
2017.08.09 07:57:12.951,0.86586,0.86593,1.00,1.00
2017.08.09 07:57:14.499,0.86587,0.86593,1.00,1.00
2017.08.09 07:57:15.040,0.86586,0.86593,1.00,1.00
2017.08.09 07:57:21.183,0.86583,0.8659,1.50,1.00
2017.08.09 07:57:21.336,0.86581,0.86589,1.12,1.00
2017.08.09 07:57:21.841,0.86581,0.86588,1.12,1.00
2017.08.09 07:57:25.011,0.86582,0.86588,1.00,1.00
2017.08.09 07:57:25.165,0.86581,0.86586,1.12,1.00
2017.08.09 07:57:25.853,0.86581,0.86587,1.12,1.50
2017.08.09 07:57:26.941,0.8658,0.86587,1.00,1.50
2017.08.09 07:57:27.247,0.86579,0.86585,1.87,1.00
2017.08.09 07:57:30.155,0.86576,0.86582,1.75,1.00
2017.08.09 07:57:30.309,0.86572,0.86579,1.12,1.00
2017.08.09 07:57:30.736,0.86573,0.86577,1.00,1.00
2017.08.09 07:57:31.391,0.86573,0.86578,1.00,1.00
2017.08.09 07:57:32.013,0.86573,0.86577,1.00,1.00
2017.08.09 07:57:32.064,0.86571,0.86577,1.12,1.00
2017.08.09 07:57:32.525,0.86571,0.86575,1.00,1.00
2017.08.09 07:57:33.030,0.86572,0.86576,1.00,1.00
2017.08.09 07:57:34.079,0.86572,0.86577,1.00,1.00
2017.08.09 07:57:34.396,0.86573,0.8658,1.00,1.00
2017.08.09 07:57:34.448,0.86575,0.86581,1.12,1.00
2017.08.09 07:57:34.551,0.86576,0.86586,1.87,1.87
2017.08.09 07:57:34.603,0.86579,0.86587,1.00,2.44
2017.08.09 07:57:34.947,0.86579,0.86583,1.00,1.00
2017.08.09 07:57:35.308,0.86577,0.86581,1.50,1.00
2017.08.09 07:57:35.360,0.86575,0.86581,2.25,1.00
2017.08.09 07:57:35.846,0.86575,0.86579,1.12,1.00
2017.08.09 07:57:36.154,0.86578,0.86582,1.50,1.00
2017.08.09 07:57:36.699,0.8658,0.86584,1.00,1.00
2017.08.09 07:57:38.349,0.86578,0.86583,1.12,1.00
2017.08.09 07:57:38.402,0.86577,0.86583,1.50,1.00
2017.08.09 07:57:38.453,0.86581,0.86585,1.00,1.00
2017.08.09 07:57:38.643,0.86579,0.86583,1.00,1.00
2017.08.09 07:57:38.695,0.86577,0.86581,1.00,1.00
2017.08.09 07:57:38.850,0.86576,0.8658,1.00,1.00
2017.08.09 07:57:38.901,0.86574,0.86579,1.50,1.00
2017.08.09 07:57:39.413,0.86575,0.86579,1.00,1.00
2017.08.09 07:57:39.941,0.86574,0.86579,2.25,1.00
2017.08.09 07:57:40.468,0.86573,0.86578,1.12,1.00
2017.08.09 07:57:40.812,0.86573,0.86578,1.00,1.00
2017.08.09 07:57:40.914,0.86575,0.86579,1.00,1.00
2017.08.09 07:57:40.966,0.86573,0.86578,1.00,1.00
2017.08.09 07:57:41.018,0.86575,0.86579,1.00,1.00
2017.08.09 07:57:42.230,0.86572,0.86577,1.00,1.00
2017.08.09 07:57:42.537,0.86573,0.86577,1.00,1.00
2017.08.09 07:57:42.998,0.86569,0.86574,1.87,1.00
2017.08.09 07:57:44.075,0.86571,0.86575,1.00,1.00
2017.08.09 07:57:44.699,0.8657,0.86574,1.00,1.00
2017.08.09 07:57:45.380,0.86571,0.86575,1.00,1.00
2017.08.09 07:57:47.849,0.86573,0.86577,1.00,1.00
2017.08.09 07:57:48.350,0.86571,0.86575,1.00,1.00
2017.08.09 07:57:48.856,0.86571,0.86576,1.50,1.00
2017.08.09 07:57:49.912,0.86573,0.86578,1.00,1.00
2017.08.09 07:57:50.167,0.86573,0.86577,1.00,1.00
2017.08.09 07:57:51.155,0.86572,0.86579,1.00,1.12
2017.08.09 07:57:51.257,0.86571,0.86575,1.00,1.00
2017.08.09 07:57:52.533,0.86572,0.86576,1.00,1.00
2017.08.09 07:57:52.752,0.86568,0.86573,1.00,1.00
2017.08.09 07:57:52.906,0.8657,0.86574,1.00,1.00
2017.08.09 07:57:54.121,0.86568,0.86573,1.00,1.00
2017.08.09 07:57:54.630,0.86567,0.86573,1.12,1.00
2017.08.09 07:57:56.980,0.8657,0.86574,1.00,1.00
2017.08.09 07:57:57.742,0.86567,0.86573,1.00,1.00
2017.08.09 07:57:58.353,0.86566,0.86573,21.00,1.00
2017.08.09 07:57:59.066,0.8657,0.86574,1.00,1.00
2017.08.09 07:58:00.190,0.86573,0.86577,1.00,1.00
2017.08.09 07:58:00.502,0.86573,0.86577,1.00,1.00
2017.08.09 07:58:01.926,0.86572,0.86576,1.00,1.00
2017.08.09 07:58:02.501,0.86573,0.86577,1.00,1.00
2017.08.09 07:58:02.693,0.86572,0.86577,1.00,1.00
2017.08.09 07:58:03.257,0.86572,0.86576,1.00,1.00
2017.08.09 07:58:03.876,0.86571,0.86575,1.00,1.00
2017.08.09 07:58:04.622,0.86572,0.86576,1.00,1.00
2017.08.09 07:58:08.066,0.86573,0.86577,1.00,1.00
2017.08.09 07:58:08.623,0.86572,0.86577,1.00,1.00
2017.08.09 07:58:09.150,0.86574,0.86578,1.00,1.00
2017.08.09 07:58:09.657,0.86574,0.86579,1.00,1.50
2017.08.09 07:58:11.019,0.86574,0.8658,1.00,1.50
2017.08.09 07:58:11.586,0.86574,0.86579,1.00,1.00
2017.08.09 07:58:12.129,0.86574,0.8658,1.00,1.50
2017.08.09 07:58:16.449,0.86574,0.86579,1.00,1.00
2017.08.09 07:58:17.122,0.86573,0.86579,1.00,1.50
2017.08.09 07:58:19.782,0.86573,0.86578,1.00,1.00
2017.08.09 07:58:19.884,0.86573,0.8658,1.00,1.00
2017.08.09 07:58:20.395,0.86575,0.8658,1.00,1.00
2017.08.09 07:58:20.447,0.86573,0.86581,1.50,1.12
2017.08.09 07:58:20.549,0.86574,0.86579,1.00,1.00
2017.08.09 07:58:21.084,0.86575,0.86579,1.00,1.00
2017.08.09 07:58:21.719,0.86575,0.86581,1.00,1.00
2017.08.09 07:58:22.290,0.86575,0.8658,1.00,1.00
2017.08.09 07:58:22.865,0.86575,0.86581,1.00,1.00
2017.08.09 07:58:23.071,0.86574,0.86579,1.00,1.00
2017.08.09 07:58:23.741,0.86574,0.8658,1.00,1.00
2017.08.09 07:58:24.504,0.86574,0.86582,1.00,1.50
2017.08.09 07:58:25.112,0.86574,0.86581,1.00,1.00
2017.08.09 07:58:25.676,0.86574,0.8658,1.00,1.00
2017.08.09 07:58:25.728,0.86577,0.86581,1.00,1.00
2017.08.09 07:58:25.881,0.86575,0.8658,1.00,1.00
2017.08.09 07:58:26.035,0.86575,0.86582,1.00,1.00
2017.08.09 07:58:26.241,0.86572,0.86577,1.00,1.00
2017.08.09 07:58:26.764,0.86571,0.86576,1.00,1.00
2017.08.09 07:58:27.078,0.8657,0.86574,1.00,1.00
2017.08.09 07:58:27.384,0.8657,0.86576,1.00,1.00
2017.08.09 07:58:29.021,0.8657,0.86575,1.00,1.00
2017.08.09 07:58:29.556,0.86571,0.86575,1.00,1.00
2017.08.09 07:58:30.312,0.8657,0.86575,1.00,1.00
2017.08.09 07:58:30.671,0.86573,0.86577,1.00,1.00
2017.08.09 07:58:30.723,0.86571,0.86576,1.00,1.00
2017.08.09 07:58:30.775,0.86573,0.86577,1.00,1.00
2017.08.09 07:58:30.827,0.86571,0.86576,1.00,1.00
2017.08.09 07:58:31.350,0.8657,0.86579,1.00,1.87
2017.08.09 07:58:32.019,0.86569,0.86578,1.00,2.25
2017.08.09 07:58:32.174,0.86569,0.86577,1.00,1.75
2017.08.09 07:58:32.348,0.86565,0.86572,1.00,1.00
2017.08.09 07:58:32.553,0.86565,0.86569,1.00,1.00
2017.08.09 07:58:33.310,0.86566,0.86573,1.00,1.00
2017.08.09 07:58:33.362,0.86564,0.86573,1.00,1.00
2017.08.09 07:58:33.414,0.86564,0.8657,1.00,1.00
2017.08.09 07:58:33.618,0.86564,0.86573,1.12,1.00
2017.08.09 07:58:33.670,0.86568,0.86574,1.00,1.00
2017.08.09 07:58:33.977,0.86571,0.86576,1.00,1.00
2017.08.09 07:58:34.182,0.86572,0.86578,1.00,1.00
2017.08.09 07:58:34.474,0.86574,0.86578,1.00,1.00
2017.08.09 07:58:35.016,0.86573,0.86577,1.00,1.00
2017.08.09 07:58:35.149,0.86574,0.86579,1.00,1.00
2017.08.09 07:58:35.668,0.86574,0.86578,1.00,1.00
2017.08.09 07:58:36.215,0.86574,0.86579,1.00,1.00
2017.08.09 07:58:36.267,0.86573,0.86577,1.00,1.00
2017.08.09 07:58:36.469,0.86574,0.86579,1.00,1.00
2017.08.09 07:58:36.823,0.86572,0.86578,1.00,1.00
2017.08.09 07:58:37.699,0.86571,0.86577,1.00,1.00
2017.08.09 07:58:38.244,0.8657,0.86577,1.00,1.00
2017.08.09 07:58:39.357,0.8657,0.86576,1.00,1.00
2017.08.09 07:58:39.880,0.86571,0.86577,1.00,1.50
2017.08.09 07:58:40.451,0.86572,0.86577,1.00,1.00
2017.08.09 07:58:43.852,0.86572,0.86579,1.00,1.50
2017.08.09 07:58:43.956,0.8657,0.86578,2.25,1.00
2017.08.09 07:58:44.499,0.8657,0.86577,1.00,1.50
2017.08.09 07:58:45.180,0.86569,0.86575,1.00,1.00
2017.08.09 07:58:45.751,0.86568,0.86574,1.00,1.00
2017.08.09 07:58:46.209,0.8657,0.86575,1.00,1.00
2017.08.09 07:58:46.594,0.8657,0.86577,1.00,1.50
2017.08.09 07:58:47.314,0.8657,0.86576,1.00,1.00
2017.08.09 07:58:47.890,0.8657,0.86575,1.00,1.00
2017.08.09 07:58:48.459,0.8657,0.86576,1.00,1.50
2017.08.09 07:58:49.163,0.8657,0.86577,1.00,1.00
2017.08.09 07:58:49.700,0.8657,0.86579,1.00,1.00
2017.08.09 07:58:50.201,0.8657,0.86578,1.00,1.00
2017.08.09 07:58:50.456,0.86568,0.86576,1.00,1.00
2017.08.09 07:58:50.787,0.8657,0.86577,1.00,1.00
2017.08.09 07:58:52.723,0.8657,0.86579,1.00,1.00
2017.08.09 07:58:52.895,0.8657,0.86577,1.00,1.00
2017.08.09 07:58:54.316,0.8657,0.86578,1.00,1.50
2017.08.09 07:58:55.997,0.86569,0.86578,1.00,1.50
2017.08.09 07:58:56.505,0.8657,0.86577,1.00,1.00
2017.08.09 07:58:57.235,0.8657,0.86576,1.00,1.00
2017.08.09 07:58:58.124,0.86568,0.86576,1.00,1.50
2017.08.09 07:58:59.400,0.8657,0.86576,1.00,1.00
2017.08.09 07:59:00.311,0.86568,0.86575,1.00,1.00
2017.08.09 07:59:00.459,0.86566,0.86573,1.00,1.12
2017.08.09 07:59:00.766,0.86567,0.86572,1.00,1.87
2017.08.09 07:59:00.821,0.86565,0.86572,1.00,1.12
2017.08.09 07:59:01.404,0.86564,0.86571,1.00,1.00
2017.08.09 07:59:01.607,0.86564,0.86573,1.00,1.87
2017.08.09 07:59:02.153,0.86565,0.86573,1.00,1.50
2017.08.09 07:59:02.632,0.86562,0.86572,1.87,1.50
2017.08.09 07:59:02.974,0.86564,0.86571,1.00,1.12
2017.08.09 07:59:03.342,0.86564,0.86569,1.00,1.00
2017.08.09 07:59:04.036,0.86564,0.86571,1.12,1.00
2017.08.09 07:59:04.088,0.86567,0.86571,1.00,1.00
2017.08.09 07:59:04.140,0.86565,0.86573,1.50,1.12
2017.08.09 07:59:04.242,0.86568,0.86573,1.00,1.00
2017.08.09 07:59:04.746,0.86567,0.86572,1.00,1.00
2017.08.09 07:59:05.262,0.86564,0.86573,1.50,1.12
2017.08.09 07:59:05.544,0.86567,0.86571,1.50,1.00
2017.08.09 07:59:05.648,0.86568,0.86573,1.00,1.00
2017.08.09 07:59:05.752,0.8657,0.86578,1.00,1.50
2017.08.09 07:59:05.906,0.86572,0.86581,1.00,2.25
2017.08.09 07:59:06.112,0.86573,0.86581,1.00,1.50
2017.08.09 07:59:08.443,0.86573,0.8658,1.00,1.00
2017.08.09 07:59:08.648,0.86573,0.86578,1.00,1.00
2017.08.09 07:59:08.701,0.86571,0.86578,1.00,1.00
2017.08.09 07:59:09.367,0.8657,0.86578,1.50,1.00
2017.08.09 07:59:10.028,0.8657,0.86577,1.00,1.00
2017.08.09 07:59:10.710,0.86571,0.86577,1.00,1.00
2017.08.09 07:59:11.629,0.8657,0.86576,1.00,1.00
2017.08.09 07:59:11.681,0.8657,0.86578,1.00,1.50
2017.08.09 07:59:12.171,0.8657,0.86576,1.00,1.00
2017.08.09 07:59:12.678,0.8657,0.86577,1.00,1.50
2017.08.09 07:59:13.254,0.86571,0.8658,1.00,1.87
2017.08.09 07:59:13.305,0.86573,0.86581,1.00,2.25
2017.08.09 07:59:14.116,0.86573,0.86579,1.00,1.00
2017.08.09 07:59:14.477,0.86569,0.86576,1.00,1.00
2017.08.09 07:59:14.630,0.86569,0.86578,1.00,1.87
2017.08.09 07:59:15.134,0.86569,0.86576,1.00,1.00
2017.08.09 07:59:15.346,0.86569,0.86578,1.00,1.12
2017.08.09 07:59:15.875,0.86569,0.86577,1.00,1.00
2017.08.09 07:59:16.442,0.86569,0.86578,1.00,1.50
2017.08.09 07:59:16.765,0.86569,0.86576,1.00,1.50
2017.08.09 07:59:17.291,0.86568,0.86577,1.00,1.00
2017.08.09 07:59:20.567,0.86574,0.8658,1.00,1.37
2017.08.09 07:59:20.622,0.86574,0.86581,1.00,1.00
2017.08.09 07:59:21.486,0.86574,0.86582,1.00,1.50
2017.08.09 07:59:22.055,0.86574,0.86581,1.00,1.00
2017.08.09 07:59:22.157,0.86574,0.86579,1.00,1.00
2017.08.09 07:59:24.548,0.86573,0.86579,1.00,1.00
2017.08.09 07:59:25.158,0.86573,0.8658,1.00,1.00
2017.08.09 07:59:25.692,0.86572,0.86581,1.00,1.50
2017.08.09 07:59:26.531,0.86572,0.86582,1.00,2.62
2017.08.09 07:59:27.102,0.86573,0.86582,1.00,3.00
2017.08.09 07:59:29.406,0.86573,0.86581,1.00,1.00
2017.08.09 07:59:29.991,0.86571,0.86581,1.50,1.50
2017.08.09 07:59:32.066,0.86571,0.86579,1.00,1.50
2017.08.09 07:59:33.386,0.86571,0.86577,1.00,1.00
2017.08.09 07:59:33.939,0.8657,0.86577,1.00,1.00
2017.08.09 07:59:34.471,0.8657,0.86576,1.00,1.00
2017.08.09 07:59:35.441,0.86569,0.86576,1.00,1.00
2017.08.09 07:59:35.544,0.86566,0.86574,1.00,1.00
2017.08.09 07:59:36.181,0.86565,0.86575,1.00,3.37
2017.08.09 07:59:36.887,0.86565,0.86574,1.50,1.00
2017.08.09 07:59:37.539,0.86565,0.86575,1.00,1.00
2017.08.09 07:59:38.602,0.86565,0.86573,1.00,1.00
2017.08.09 07:59:39.578,0.86565,0.86574,1.00,1.00
2017.08.09 07:59:41.316,0.86565,0.86575,1.00,1.50
2017.08.09 07:59:41.622,0.86566,0.86576,1.37,1.50
2017.08.09 07:59:41.977,0.86566,0.86577,1.37,1.12
2017.08.09 07:59:42.508,0.86568,0.86577,1.00,1.12
2017.08.09 07:59:44.874,0.86568,0.86576,1.00,1.00
2017.08.09 07:59:47.286,0.86568,0.86577,1.12,1.12
2017.08.09 07:59:47.439,0.8657,0.86578,1.00,2.25
2017.08.09 07:59:47.593,0.86572,0.8658,1.00,1.12
2017.08.09 07:59:48.154,0.86572,0.86579,1.00,1.00
2017.08.09 07:59:48.462,0.86572,0.86581,1.00,3.00
2017.08.09 07:59:48.820,0.86569,0.8658,1.00,1.12
2017.08.09 07:59:49.164,0.86569,0.86579,1.00,2.62
2017.08.09 07:59:49.674,0.86569,0.86579,1.00,1.50
2017.08.09 07:59:50.397,0.86571,0.86579,1.00,1.12
2017.08.09 07:59:50.934,0.8657,0.86579,1.00,2.25
2017.08.09 07:59:51.494,0.8657,0.86578,1.00,1.00
2017.08.09 07:59:52.486,0.8657,0.86578,1.00,1.87
2017.08.09 07:59:52.538,0.86568,0.86578,1.00,1.37
2017.08.09 07:59:52.743,0.86563,0.86574,6.00,1.37
2017.08.09 07:59:52.924,0.86564,0.86572,1.00,1.50
2017.08.09 07:59:53.130,0.86562,0.86572,1.12,1.00
2017.08.09 07:59:53.283,0.86562,0.86574,1.12,1.50
2017.08.09 07:59:53.335,0.86566,0.86574,1.00,1.50
2017.08.09 07:59:53.641,0.86569,0.86579,1.00,1.12
2017.08.09 07:59:53.951,0.86569,0.86577,1.00,1.00
2017.08.09 07:59:54.268,0.86569,0.86579,1.00,1.00
2017.08.09 07:59:54.626,0.86569,0.86577,1.00,1.00
2017.08.09 07:59:55.288,0.8657,0.86578,1.00,1.00
2017.08.09 07:59:56.120,0.86568,0.86578,1.00,1.12
2017.08.09 07:59:56.433,0.86567,0.86575,1.00,1.00
2017.08.09 07:59:56.958,0.86568,0.86577,1.00,2.62
2017.08.09 07:59:57.289,0.8657,0.86576,1.00,1.00
2017.08.09 07:59:57.392,0.8657,0.86579,1.00,1.50
2017.08.09 07:59:57.718,0.86572,0.86579,1.00,1.00
2017.08.09 07:59:58.464,0.86572,0.86581,1.00,1.00
2017.08.09 07:59:59.697,0.86573,0.86582,1.00,1.50
